BVP,start_time_unix,sampling_rate
-0.0,1625449482.0,64.0
-0.0,1625449482.0,64.0
-0.0,1625449482.0,64.0
-0.0,1625449482.0,64.0
-0.0,1625449482.0,64.0
-0.0,1625449482.0,64.0
-0.0,1625449482.0,64.0
-0.0,1625449482.0,64.0
-0.0,1625449482.0,64.0
-0.0,1625449482.0,64.0
0.0,1625449482.0,64.0
0.01,1625449482.0,64.0
0.01,1625449482.0,64.0
-0.0,1625449482.0,64.0
-0.03,1625449482.0,64.0
-0.05,1625449482.0,64.0
-0.05,1625449482.0,64.0
0.0,1625449482.0,64.0
0.13,1625449482.0,64.0
0.36,1625449482.0,64.0
0.66,1625449482.0,64.0
1.01,1625449482.0,64.0
1.37,1625449482.0,64.0
1.72,1625449482.0,64.0
2.06,1625449482.0,64.0
2.4,1625449482.0,64.0
2.79,1625449482.0,64.0
3.24,1625449482.0,64.0
3.8,1625449482.0,64.0
4.42,1625449482.0,64.0
5.06,1625449482.0,64.0
5.66,1625449482.0,64.0
6.2,1625449482.0,64.0
6.68,1625449482.0,64.0
7.15,1625449482.0,64.0
7.68,1625449482.0,64.0
8.31,1625449482.0,64.0
9.14,1625449482.0,64.0
10.09,1625449482.0,64.0
11.04,1625449482.0,64.0
11.88,1625449482.0,64.0
12.56,1625449482.0,64.0
13.14,1625449482.0,64.0
13.76,1625449482.0,64.0
14.65,1625449482.0,64.0
15.96,1625449482.0,64.0
17.91,1625449482.0,64.0
20.32,1625449482.0,64.0
22.9,1625449482.0,64.0
25.38,1625449482.0,64.0
27.58,1625449482.0,64.0
29.57,1625449482.0,64.0
31.68,1625449482.0,64.0
34.32,1625449482.0,64.0
37.81,1625449482.0,64.0
42.54,1625449482.0,64.0
48.15,1625449482.0,64.0
54.1,1625449482.0,64.0
59.83,1625449482.0,64.0
64.97,1625449482.0,64.0
69.58,1625449482.0,64.0
74.14,1625449482.0,64.0
79.34,1625449482.0,64.0
85.71,1625449482.0,64.0
93.76,1625449482.0,64.0
103.0,1625449482.0,64.0
112.62,1625449482.0,64.0
121.73,1625449482.0,64.0
129.77,1625449482.0,64.0
136.75,1625449482.0,64.0
143.3,1625449482.0,64.0
150.75,1625449482.0,64.0
157.77,1625449482.0,64.0
166.64,1625449482.0,64.0
177.95,1625449482.0,64.0
191.79,1625449482.0,64.0
206.97,1625449482.0,64.0
220.57,1625449482.0,64.0
228.25,1625449482.0,64.0
225.36,1625449482.0,64.0
208.53,1625449482.0,64.0
176.87,1625449482.0,64.0
132.76,1625449482.0,64.0
80.05,1625449482.0,64.0
23.07,1625449482.0,64.0
-34.94,1625449482.0,64.0
-92.44,1625449482.0,64.0
-149.16,1625449482.0,64.0
-205.23,1625449482.0,64.0
-260.37,1625449482.0,64.0
-313.74,1625449482.0,64.0
-363.87,1625449482.0,64.0
-409.83,1625449482.0,64.0
-450.91,1625449482.0,64.0
-486.5,1625449482.0,64.0
-515.74,1625449482.0,64.0
-537.23,1625449482.0,64.0
-549.22,1625449482.0,64.0
-549.96,1625449482.0,64.0
-538.37,1625449482.0,64.0
-514.21,1625449482.0,64.0
-478.67,1625449482.0,64.0
-433.88,1625449482.0,64.0
-382.45,1625449482.0,64.0
-327.02,1625449482.0,64.0
-269.84,1625449482.0,64.0
-212.63,1625449482.0,64.0
-156.66,1625449482.0,64.0
-102.95,1625449482.0,64.0
-52.37,1625449482.0,64.0
-5.9,1625449482.0,64.0
35.58,1625449482.0,64.0
71.43,1625449482.0,64.0
101.35,1625449482.0,64.0
125.5,1625449482.0,64.0
144.38,1625449482.0,64.0
158.69,1625449482.0,64.0
169.15,1625449482.0,64.0
176.37,1625449482.0,64.0
180.75,1625449482.0,64.0
182.57,1625449482.0,64.0
182.07,1625449482.0,64.0
179.51,1625449482.0,64.0
175.23,1625449482.0,64.0
169.65,1625449482.0,64.0
163.18,1625449482.0,64.0
156.15,1625449482.0,64.0
148.81,1625449482.0,64.0
141.3,1625449482.0,64.0
133.69,1625449482.0,64.0
126.02,1625449482.0,64.0
118.33,1625449482.0,64.0
110.69,1625449482.0,64.0
103.16,1625449482.0,64.0
95.8,1625449482.0,64.0
88.68,1625449482.0,64.0
81.83,1625449482.0,64.0
75.25,1625449482.0,64.0
68.95,1625449482.0,64.0
62.95,1625449482.0,64.0
57.25,1625449482.0,64.0
51.86,1625449482.0,64.0
46.78,1625449482.0,64.0
42.03,1625449482.0,64.0
37.59,1625449482.0,64.0
33.45,1625449482.0,64.0
29.61,1625449482.0,64.0
26.07,1625449482.0,64.0
22.81,1625449482.0,64.0
19.83,1625449482.0,64.0
17.11,1625449482.0,64.0
14.67,1625449482.0,64.0
12.48,1625449482.0,64.0
10.54,1625449482.0,64.0
8.83,1625449482.0,64.0
7.35,1625449482.0,64.0
6.07,1625449482.0,64.0
4.97,1625449482.0,64.0
4.05,1625449482.0,64.0
3.27,1625449482.0,64.0
2.62,1625449482.0,64.0
2.09,1625449482.0,64.0
1.65,1625449482.0,64.0
1.3,1625449482.0,64.0
1.01,1625449482.0,64.0
0.79,1625449482.0,64.0
0.61,1625449482.0,64.0
0.48,1625449482.0,64.0
0.37,1625449482.0,64.0
0.29,1625449482.0,64.0
0.22,1625449482.0,64.0
0.18,1625449482.0,64.0
0.14,1625449482.0,64.0
0.11,1625449482.0,64.0
0.09,1625449482.0,64.0
0.08,1625449482.0,64.0
0.07,1625449482.0,64.0
0.06,1625449482.0,64.0
0.05,1625449482.0,64.0
0.05,1625449482.0,64.0
0.04,1625449482.0,64.0
0.04,1625449482.0,64.0
0.04,1625449482.0,64.0
0.03,1625449482.0,64.0
0.03,1625449482.0,64.0
0.03,1625449482.0,64.0
0.03,1625449482.0,64.0
0.03,1625449482.0,64.0
0.04,1625449482.0,64.0
0.04,1625449482.0,64.0
0.05,1625449482.0,64.0
0.06,1625449482.0,64.0
0.08,1625449482.0,64.0
0.1,1625449482.0,64.0
0.13,1625449482.0,64.0
0.15,1625449482.0,64.0
0.19,1625449482.0,64.0
0.22,1625449482.0,64.0
0.26,1625449482.0,64.0
0.3,1625449482.0,64.0
0.34,1625449482.0,64.0
0.38,1625449482.0,64.0
0.43,1625449482.0,64.0
0.48,1625449482.0,64.0
0.53,1625449482.0,64.0
0.57,1625449482.0,64.0
0.63,1625449482.0,64.0
0.69,1625449482.0,64.0
0.75,1625449482.0,64.0
0.81,1625449482.0,64.0
0.89,1625449482.0,64.0
0.97,1625449482.0,64.0
1.05,1625449482.0,64.0
1.15,1625449482.0,64.0
1.26,1625449482.0,64.0
1.38,1625449482.0,64.0
1.51,1625449482.0,64.0
1.66,1625449482.0,64.0
1.83,1625449482.0,64.0
2.02,1625449482.0,64.0
2.23,1625449482.0,64.0
2.46,1625449482.0,64.0
2.71,1625449482.0,64.0
2.99,1625449482.0,64.0
3.3,1625449482.0,64.0
3.64,1625449482.0,64.0
4.01,1625449482.0,64.0
4.41,1625449482.0,64.0
4.85,1625449482.0,64.0
5.32,1625449482.0,64.0
5.83,1625449482.0,64.0
6.37,1625449482.0,64.0
6.96,1625449482.0,64.0
7.59,1625449482.0,64.0
8.25,1625449482.0,64.0
8.96,1625449482.0,64.0
9.71,1625449482.0,64.0
10.52,1625449482.0,64.0
11.38,1625449482.0,64.0
12.28,1625449482.0,64.0
13.21,1625449482.0,64.0
14.17,1625449482.0,64.0
15.14,1625449482.0,64.0
16.12,1625449482.0,64.0
17.13,1625449482.0,64.0
18.2,1625449482.0,64.0
19.3,1625449482.0,64.0
20.41,1625449482.0,64.0
21.42,1625449482.0,64.0
22.23,1625449482.0,64.0
22.68,1625449482.0,64.0
22.64,1625449482.0,64.0
22.01,1625449482.0,64.0
20.75,1625449482.0,64.0
18.85,1625449482.0,64.0
16.36,1625449482.0,64.0
13.34,1625449482.0,64.0
9.8,1625449482.0,64.0
5.86,1625449482.0,64.0
1.61,1625449482.0,64.0
-2.81,1625449482.0,64.0
-7.19,1625449482.0,64.0
-11.26,1625449482.0,64.0
-14.82,1625449482.0,64.0
-17.66,1625449482.0,64.0
-19.73,1625449482.0,64.0
-21.12,1625449482.0,64.0
-22.02,1625449482.0,64.0
-22.65,1625449482.0,64.0
-23.21,1625449482.0,64.0
-23.74,1625449482.0,64.0
-24.12,1625449482.0,64.0
-24.14,1625449482.0,64.0
-23.63,1625449482.0,64.0
-22.53,1625449482.0,64.0
-21.06,1625449482.0,64.0
-19.56,1625449482.0,64.0
-18.48,1625449482.0,64.0
-18.07,1625449482.0,64.0
-18.32,1625449482.0,64.0
-18.87,1625449482.0,64.0
-19.21,1625449482.0,64.0
-18.88,1625449482.0,64.0
-17.78,1625449482.0,64.0
-16.23,1625449482.0,64.0
-14.89,1625449482.0,64.0
-14.46,1625449482.0,64.0
-15.39,1625449482.0,64.0
-17.51,1625449482.0,64.0
-20.16,1625449482.0,64.0
-22.48,1625449482.0,64.0
-23.68,1625449482.0,64.0
-23.54,1625449482.0,64.0
-22.4,1625449482.0,64.0
-21.03,1625449482.0,64.0
-20.37,1625449482.0,64.0
-21.16,1625449482.0,64.0
-23.78,1625449482.0,64.0
-28.21,1625449482.0,64.0
-33.81,1625449482.0,64.0
-39.22,1625449482.0,64.0
-42.35,1625449482.0,64.0
-40.75,1625449482.0,64.0
-32.46,1625449482.0,64.0
-17.18,1625449482.0,64.0
3.43,1625449482.0,64.0
25.88,1625449482.0,64.0
46.11,1625449482.0,64.0
60.9,1625449482.0,64.0
69.12,1625449482.0,64.0
71.73,1625449482.0,64.0
70.93,1625449482.0,64.0
68.77,1625449482.0,64.0
66.13,1625449482.0,64.0
62.89,1625449482.0,64.0
58.79,1625449482.0,64.0
54.45,1625449482.0,64.0
51.73,1625449482.0,64.0
53.15,1625449482.0,64.0
60.51,1625449482.0,64.0
73.9,1625449482.0,64.0
91.84,1625449482.0,64.0
110.73,1625449482.0,64.0
126.68,1625449482.0,64.0
137.14,1625449482.0,64.0
141.81,1625449482.0,64.0
142.26,1625449482.0,64.0
140.78,1625449482.0,64.0
138.97,1625449482.0,64.0
137.24,1625449482.0,64.0
135.15,1625449482.0,64.0
132.26,1625449482.0,64.0
128.87,1625449482.0,64.0
125.7,1625449482.0,64.0
122.92,1625449482.0,64.0
119.31,1625449482.0,64.0
112.09,1625449482.0,64.0
97.97,1625449482.0,64.0
74.59,1625449482.0,64.0
41.54,1625449482.0,64.0
0.18,1625449482.0,64.0
-47.18,1625449482.0,64.0
-98.38,1625449482.0,64.0
-151.75,1625449482.0,64.0
-205.25,1625449482.0,64.0
-255.34,1625449482.0,64.0
-296.45,1625449482.0,64.0
-322.08,1625449482.0,64.0
-327.07,1625449482.0,64.0
-310.22,1625449482.0,64.0
-275.37,1625449482.0,64.0
-230.58,1625449482.0,64.0
-185.46,1625449482.0,64.0
-148.08,1625449482.0,64.0
-122.75,1625449482.0,64.0
-109.66,1625449482.0,64.0
-106.14,1625449482.0,64.0
-108.59,1625449482.0,64.0
-113.65,1625449482.0,64.0
-118.51,1625449482.0,64.0
-120.37,1625449482.0,64.0
-116.21,1625449482.0,64.0
-103.42,1625449482.0,64.0
-81.15,1625449482.0,64.0
-51.67,1625449482.0,64.0
-20.58,1625449482.0,64.0
4.63,1625449482.0,64.0
17.32,1625449482.0,64.0
14.52,1625449482.0,64.0
-1.49,1625449482.0,64.0
-23.59,1625449482.0,64.0
-42.16,1625449482.0,64.0
-48.21,1625449482.0,64.0
-36.3,1625449482.0,64.0
-6.1,1625449482.0,64.0
37.81,1625449482.0,64.0
87.59,1625449482.0,64.0
134.5,1625449482.0,64.0
171.22,1625449482.0,64.0
193.3,1625449482.0,64.0
199.43,1625449482.0,64.0
190.83,1625449482.0,64.0
170.3,1625449482.0,64.0
141.31,1625449482.0,64.0
107.7,1625449482.0,64.0
73.38,1625449482.0,64.0
41.95,1625449482.0,64.0
15.99,1625449482.0,64.0
-3.79,1625449482.0,64.0
-19.05,1625449482.0,64.0
-33.32,1625449482.0,64.0
-50.73,1625449482.0,64.0
-74.36,1625449482.0,64.0
-104.86,1625449482.0,64.0
-140.18,1625449482.0,64.0
-176.31,1625449482.0,64.0
-208.43,1625449482.0,64.0
-232.13,1625449482.0,64.0
-244.2,1625449482.0,64.0
-242.87,1625449482.0,64.0
-228.11,1625449482.0,64.0
-201.73,1625449482.0,64.0
-167.38,1625449482.0,64.0
-130.01,1625449482.0,64.0
-94.77,1625449482.0,64.0
-65.61,1625449482.0,64.0
-44.24,1625449482.0,64.0
-30.05,1625449482.0,64.0
-20.85,1625449482.0,64.0
-14.24,1625449482.0,64.0
-8.51,1625449482.0,64.0
-2.9,1625449482.0,64.0
2.92,1625449482.0,64.0
9.51,1625449482.0,64.0
17.84,1625449482.0,64.0
28.88,1625449482.0,64.0
42.67,1625449482.0,64.0
57.88,1625449482.0,64.0
71.92,1625449482.0,64.0
81.99,1625449482.0,64.0
86.25,1625449482.0,64.0
84.69,1625449482.0,64.0
79.08,1625449482.0,64.0
72.23,1625449482.0,64.0
66.81,1625449482.0,64.0
64.43,1625449482.0,64.0
65.26,1625449482.0,64.0
68.26,1625449482.0,64.0
71.88,1625449482.0,64.0
74.75,1625449482.0,64.0
76.06,1625449482.0,64.0
75.62,1625449482.0,64.0
73.6,1625449482.0,64.0
70.2,1625449482.0,64.0
65.48,1625449482.0,64.0
59.39,1625449482.0,64.0
51.91,1625449482.0,64.0
43.26,1625449482.0,64.0
33.96,1625449482.0,64.0
24.75,1625449482.0,64.0
16.42,1625449482.0,64.0
9.56,1625449482.0,64.0
4.31,1625449482.0,64.0
0.35,1625449482.0,64.0
-2.99,1625449482.0,64.0
-6.5,1625449482.0,64.0
-10.9,1625449482.0,64.0
-16.55,1625449482.0,64.0
-23.51,1625449482.0,64.0
-31.49,1625449482.0,64.0
-39.9,1625449482.0,64.0
-47.9,1625449482.0,64.0
-54.45,1625449482.0,64.0
-58.56,1625449482.0,64.0
-59.51,1625449482.0,64.0
-57.09,1625449482.0,64.0
-51.69,1625449482.0,64.0
-44.1,1625449482.0,64.0
-35.12,1625449482.0,64.0
-25.35,1625449482.0,64.0
-15.0,1625449482.0,64.0
-4.12,1625449482.0,64.0
7.17,1625449482.0,64.0
18.41,1625449482.0,64.0
28.88,1625449482.0,64.0
37.83,1625449482.0,64.0
44.71,1625449482.0,64.0
49.39,1625449482.0,64.0
52.18,1625449482.0,64.0
53.59,1625449482.0,64.0
54.17,1625449482.0,64.0
54.38,1625449482.0,64.0
54.49,1625449482.0,64.0
54.69,1625449482.0,64.0
55.0,1625449482.0,64.0
55.31,1625449482.0,64.0
55.37,1625449482.0,64.0
54.88,1625449482.0,64.0
53.56,1625449482.0,64.0
51.27,1625449482.0,64.0
48.04,1625449482.0,64.0
43.93,1625449482.0,64.0
39.01,1625449482.0,64.0
33.38,1625449482.0,64.0
27.23,1625449482.0,64.0
20.92,1625449482.0,64.0
14.93,1625449482.0,64.0
9.65,1625449482.0,64.0
5.2,1625449482.0,64.0
1.36,1625449482.0,64.0
-2.33,1625449482.0,64.0
-6.31,1625449482.0,64.0
-10.82,1625449482.0,64.0
-15.93,1625449482.0,64.0
-21.62,1625449482.0,64.0
-27.88,1625449482.0,64.0
-34.7,1625449482.0,64.0
-41.84,1625449482.0,64.0
-48.74,1625449482.0,64.0
-54.5,1625449482.0,64.0
-58.2,1625449482.0,64.0
-59.15,1625449482.0,64.0
-57.2,1625449482.0,64.0
-52.63,1625449482.0,64.0
-45.94,1625449482.0,64.0
-37.71,1625449482.0,64.0
-28.41,1625449482.0,64.0
-18.54,1625449482.0,64.0
-8.7,1625449482.0,64.0
0.39,1625449482.0,64.0
8.03,1625449482.0,64.0
13.67,1625449482.0,64.0
17.21,1625449482.0,64.0
18.97,1625449482.0,64.0
19.62,1625449482.0,64.0
19.85,1625449482.0,64.0
20.13,1625449482.0,64.0
20.45,1625449482.0,64.0
20.44,1625449482.0,64.0
19.58,1625449482.0,64.0
17.57,1625449482.0,64.0
14.53,1625449482.0,64.0
11.0,1625449482.0,64.0
7.76,1625449482.0,64.0
5.53,1625449482.0,64.0
4.61,1625449482.0,64.0
4.84,1625449482.0,64.0
5.62,1625449482.0,64.0
6.08,1625449482.0,64.0
5.26,1625449482.0,64.0
2.26,1625449482.0,64.0
-3.37,1625449482.0,64.0
-11.41,1625449482.0,64.0
-20.72,1625449482.0,64.0
-29.45,1625449482.0,64.0
-35.62,1625449482.0,64.0
-38.02,1625449482.0,64.0
-36.85,1625449482.0,64.0
-33.93,1625449482.0,64.0
-31.85,1625449482.0,64.0
-32.89,1625449482.0,64.0
-37.87,1625449482.0,64.0
-45.76,1625449482.0,64.0
-54.17,1625449482.0,64.0
-60.59,1625449482.0,64.0
-63.65,1625449482.0,64.0
-63.63,1625449482.0,64.0
-62.0,1625449482.0,64.0
-60.02,1625449482.0,64.0
-57.34,1625449482.0,64.0
-51.37,1625449482.0,64.0
-37.9,1625449482.0,64.0
-12.89,1625449482.0,64.0
25.39,1625449482.0,64.0
74.97,1625449482.0,64.0
130.18,1625449482.0,64.0
183.15,1625449482.0,64.0
226.1,1625449482.0,64.0
253.24,1625449482.0,64.0
261.87,1625449482.0,64.0
252.42,1625449482.0,64.0
227.91,1625449482.0,64.0
193.38,1625449482.0,64.0
155.23,1625449482.0,64.0
120.5,1625449482.0,64.0
95.46,1625449482.0,64.0
83.98,1625449482.0,64.0
86.3,1625449482.0,64.0
98.88,1625449482.0,64.0
115.7,1625449482.0,64.0
130.36,1625449482.0,64.0
138.07,1625449482.0,64.0
136.62,1625449482.0,64.0
126.12,1625449482.0,64.0
107.92,1625449482.0,64.0
83.81,1625449482.0,64.0
55.6,1625449482.0,64.0
25.23,1625449482.0,64.0
-5.0,1625449482.0,64.0
-32.57,1625449482.0,64.0
-55.07,1625449482.0,64.0
-70.44,1625449482.0,64.0
-77.05,1625449482.0,64.0
-73.84,1625449482.0,64.0
-60.36,1625449482.0,64.0
-37.43,1625449482.0,64.0
-7.53,1625449482.0,64.0
25.24,1625449482.0,64.0
55.97,1625449482.0,64.0
80.33,1625449482.0,64.0
95.76,1625449482.0,64.0
101.93,1625449482.0,64.0
100.23,1625449482.0,64.0
92.74,1625449482.0,64.0
81.3,1625449482.0,64.0
67.14,1625449482.0,64.0
51.19,1625449482.0,64.0
34.48,1625449482.0,64.0
18.28,1625449482.0,64.0
3.8,1625449482.0,64.0
-8.24,1625449482.0,64.0
-17.94,1625449482.0,64.0
-25.98,1625449482.0,64.0
-33.13,1625449482.0,64.0
-39.81,1625449482.0,64.0
-45.76,1625449482.0,64.0
-50.43,1625449482.0,64.0
-53.27,1625449482.0,64.0
-54.17,1625449482.0,64.0
-53.57,1625449482.0,64.0
-52.3,1625449482.0,64.0
-51.34,1625449482.0,64.0
-51.39,1625449482.0,64.0
-52.75,1625449482.0,64.0
-55.1,1625449482.0,64.0
-57.77,1625449482.0,64.0
-59.88,1625449482.0,64.0
-60.71,1625449482.0,64.0
-59.99,1625449482.0,64.0
-57.9,1625449482.0,64.0
-55.08,1625449482.0,64.0
-52.26,1625449482.0,64.0
-50.1,1625449482.0,64.0
-48.92,1625449482.0,64.0
-48.71,1625449482.0,64.0
-49.26,1625449482.0,64.0
-50.27,1625449482.0,64.0
-51.5,1625449482.0,64.0
-52.79,1625449482.0,64.0
-54.05,1625449482.0,64.0
-55.22,1625449482.0,64.0
-56.24,1625449482.0,64.0
-57.06,1625449482.0,64.0
-57.59,1625449482.0,64.0
-57.75,1625449482.0,64.0
-57.47,1625449482.0,64.0
-56.9,1625449482.0,64.0
-56.39,1625449482.0,64.0
-56.42,1625449482.0,64.0
-57.45,1625449482.0,64.0
-59.57,1625449482.0,64.0
-62.43,1625449482.0,64.0
-65.3,1625449482.0,64.0
-67.36,1625449482.0,64.0
-68.01,1625449482.0,64.0
-67.13,1625449482.0,64.0
-64.91,1625449482.0,64.0
-61.6,1625449482.0,64.0
-57.25,1625449482.0,64.0
-51.55,1625449482.0,64.0
-43.97,1625449482.0,64.0
-34.17,1625449482.0,64.0
-22.23,1625449482.0,64.0
-8.9,1625449482.0,64.0
4.52,1625449482.0,64.0
16.5,1625449482.0,64.0
25.76,1625449482.0,64.0
31.78,1625449482.0,64.0
34.92,1625449482.0,64.0
36.43,1625449482.0,64.0
37.84,1625449482.0,64.0
40.44,1625449482.0,64.0
44.7,1625449482.0,64.0
50.13,1625449482.0,64.0
55.67,1625449482.0,64.0
59.93,1625449482.0,64.0
61.69,1625449482.0,64.0
60.02,1625449482.0,64.0
54.33,1625449482.0,64.0
45.01,1625449482.0,64.0
34.23,1625449482.0,64.0
26.39,1625449482.0,64.0
27.31,1625449482.0,64.0
42.17,1625449482.0,64.0
72.8,1625449482.0,64.0
116.01,1625449482.0,64.0
164.06,1625449482.0,64.0
207.4,1625449482.0,64.0
238.29,1625449482.0,64.0
253.34,1625449482.0,64.0
253.73,1625449482.0,64.0
243.28,1625449482.0,64.0
225.84,1625449482.0,64.0
203.61,1625449482.0,64.0
177.16,1625449482.0,64.0
146.58,1625449482.0,64.0
112.72,1625449482.0,64.0
77.26,1625449482.0,64.0
42.07,1625449482.0,64.0
8.26,1625449482.0,64.0
-24.14,1625449482.0,64.0
-55.52,1625449482.0,64.0
-85.93,1625449482.0,64.0
-114.43,1625449482.0,64.0
-139.24,1625449482.0,64.0
-158.46,1625449482.0,64.0
-170.65,1625449482.0,64.0
-175.46,1625449482.0,64.0
-173.61,1625449482.0,64.0
-166.66,1625449482.0,64.0
-156.62,1625449482.0,64.0
-145.57,1625449482.0,64.0
-135.21,1625449482.0,64.0
-126.57,1625449482.0,64.0
-119.79,1625449482.0,64.0
-114.2,1625449482.0,64.0
-108.74,1625449482.0,64.0
-102.33,1625449482.0,64.0
-94.37,1625449482.0,64.0
-84.89,1625449482.0,64.0
-74.53,1625449482.0,64.0
-64.21,1625449482.0,64.0
-54.8,1625449482.0,64.0
-46.84,1625449482.0,64.0
-40.39,1625449482.0,64.0
-35.11,1625449482.0,64.0
-30.39,1625449482.0,64.0
-25.71,1625449482.0,64.0
-20.72,1625449482.0,64.0
-15.44,1625449482.0,64.0
-10.19,1625449482.0,64.0
-5.44,1625449482.0,64.0
-1.63,1625449482.0,64.0
1.0,1625449482.0,64.0
2.36,1625449482.0,64.0
2.61,1625449482.0,64.0
1.93,1625449482.0,64.0
0.54,1625449482.0,64.0
-1.33,1625449482.0,64.0
-3.51,1625449482.0,64.0
-5.87,1625449482.0,64.0
-8.36,1625449482.0,64.0
-11.04,1625449482.0,64.0
-14.06,1625449482.0,64.0
-17.61,1625449482.0,64.0
-21.85,1625449482.0,64.0
-26.71,1625449482.0,64.0
-31.84,1625449482.0,64.0
-36.59,1625449482.0,64.0
-40.15,1625449482.0,64.0
-41.8,1625449482.0,64.0
-41.15,1625449482.0,64.0
-38.28,1625449482.0,64.0
-33.64,1625449482.0,64.0
-27.87,1625449482.0,64.0
-21.53,1625449482.0,64.0
-14.88,1625449482.0,64.0
-8.03,1625449482.0,64.0
-1.01,1625449482.0,64.0
5.94,1625449482.0,64.0
12.37,1625449482.0,64.0
17.7,1625449482.0,64.0
21.49,1625449482.0,64.0
23.67,1625449482.0,64.0
24.6,1625449482.0,64.0
24.91,1625449482.0,64.0
25.25,1625449482.0,64.0
26.02,1625449482.0,64.0
27.24,1625449482.0,64.0
28.6,1625449482.0,64.0
29.59,1625449482.0,64.0
29.8,1625449482.0,64.0
28.98,1625449482.0,64.0
27.19,1625449482.0,64.0
24.75,1625449482.0,64.0
22.08,1625449482.0,64.0
19.61,1625449482.0,64.0
17.61,1625449482.0,64.0
16.12,1625449482.0,64.0
15.02,1625449482.0,64.0
14.01,1625449482.0,64.0
12.8,1625449482.0,64.0
11.16,1625449482.0,64.0
9.06,1625449482.0,64.0
6.57,1625449482.0,64.0
3.83,1625449482.0,64.0
0.95,1625449482.0,64.0
-2.09,1625449482.0,64.0
-5.46,1625449482.0,64.0
-9.4,1625449482.0,64.0
-14.23,1625449482.0,64.0
-20.25,1625449482.0,64.0
-27.54,1625449482.0,64.0
-35.79,1625449482.0,64.0
-44.18,1625449482.0,64.0
-51.41,1625449482.0,64.0
-56.04,1625449482.0,64.0
-56.88,1625449482.0,64.0
-53.53,1625449482.0,64.0
-46.5,1625449482.0,64.0
-37.08,1625449482.0,64.0
-26.84,1625449482.0,64.0
-17.15,1625449482.0,64.0
-8.77,1625449482.0,64.0
-1.84,1625449482.0,64.0
3.86,1625449482.0,64.0
8.61,1625449482.0,64.0
12.57,1625449482.0,64.0
15.75,1625449482.0,64.0
18.23,1625449482.0,64.0
20.24,1625449482.0,64.0
22.2,1625449482.0,64.0
24.53,1625449482.0,64.0
27.48,1625449482.0,64.0
30.98,1625449482.0,64.0
34.62,1625449482.0,64.0
37.82,1625449482.0,64.0
40.02,1625449482.0,64.0
40.83,1625449482.0,64.0
40.12,1625449482.0,64.0
37.95,1625449482.0,64.0
34.61,1625449482.0,64.0
30.53,1625449482.0,64.0
26.32,1625449482.0,64.0
22.69,1625449482.0,64.0
20.3,1625449482.0,64.0
19.54,1625449482.0,64.0
20.36,1625449482.0,64.0
22.15,1625449482.0,64.0
24.0,1625449482.0,64.0
24.9,1625449482.0,64.0
24.12,1625449482.0,64.0
21.41,1625449482.0,64.0
16.99,1625449482.0,64.0
11.38,1625449482.0,64.0
5.19,1625449482.0,64.0
-1.11,1625449482.0,64.0
-7.31,1625449482.0,64.0
-13.42,1625449482.0,64.0
-19.55,1625449482.0,64.0
-25.82,1625449482.0,64.0
-32.13,1625449482.0,64.0
-38.07,1625449482.0,64.0
-42.88,1625449482.0,64.0
-45.65,1625449482.0,64.0
-45.56,1625449482.0,64.0
-42.18,1625449482.0,64.0
-35.64,1625449482.0,64.0
-26.67,1625449482.0,64.0
-16.33,1625449482.0,64.0
-5.72,1625449482.0,64.0
4.29,1625449482.0,64.0
13.18,1625449482.0,64.0
20.72,1625449482.0,64.0
26.81,1625449482.0,64.0
31.36,1625449482.0,64.0
34.31,1625449482.0,64.0
35.69,1625449482.0,64.0
35.69,1625449482.0,64.0
34.7,1625449482.0,64.0
33.23,1625449482.0,64.0
31.78,1625449482.0,64.0
30.71,1625449482.0,64.0
30.2,1625449482.0,64.0
30.23,1625449482.0,64.0
30.67,1625449482.0,64.0
31.37,1625449482.0,64.0
32.18,1625449482.0,64.0
32.99,1625449482.0,64.0
33.67,1625449482.0,64.0
34.04,1625449482.0,64.0
33.88,1625449482.0,64.0
33.01,1625449482.0,64.0
31.27,1625449482.0,64.0
28.62,1625449482.0,64.0
25.11,1625449482.0,64.0
20.91,1625449482.0,64.0
16.27,1625449482.0,64.0
11.41,1625449482.0,64.0
6.55,1625449482.0,64.0
1.79,1625449482.0,64.0
-2.81,1625449482.0,64.0
-7.3,1625449482.0,64.0
-11.69,1625449482.0,64.0
-15.97,1625449482.0,64.0
-20.14,1625449482.0,64.0
-24.23,1625449482.0,64.0
-28.29,1625449482.0,64.0
-32.33,1625449482.0,64.0
-36.25,1625449482.0,64.0
-39.7,1625449482.0,64.0
-42.11,1625449482.0,64.0
-42.83,1625449482.0,64.0
-41.37,1625449482.0,64.0
-37.64,1625449482.0,64.0
-31.99,1625449482.0,64.0
-25.16,1625449482.0,64.0
-17.95,1625449482.0,64.0
-11.02,1625449482.0,64.0
-4.7,1625449482.0,64.0
0.95,1625449482.0,64.0
5.94,1625449482.0,64.0
10.25,1625449482.0,64.0
13.71,1625449482.0,64.0
16.11,1625449482.0,64.0
17.34,1625449482.0,64.0
17.58,1625449482.0,64.0
17.19,1625449482.0,64.0
16.68,1625449482.0,64.0
16.49,1625449482.0,64.0
16.81,1625449482.0,64.0
17.58,1625449482.0,64.0
18.55,1625449482.0,64.0
19.47,1625449482.0,64.0
20.15,1625449482.0,64.0
20.56,1625449482.0,64.0
20.76,1625449482.0,64.0
20.87,1625449482.0,64.0
20.93,1625449482.0,64.0
20.93,1625449482.0,64.0
20.77,1625449482.0,64.0
20.24,1625449482.0,64.0
19.16,1625449482.0,64.0
17.37,1625449482.0,64.0
14.83,1625449482.0,64.0
11.56,1625449482.0,64.0
7.72,1625449482.0,64.0
3.48,1625449482.0,64.0
-1.01,1625449482.0,64.0
-5.62,1625449482.0,64.0
-10.24,1625449482.0,64.0
-14.77,1625449482.0,64.0
-19.11,1625449482.0,64.0
-23.19,1625449482.0,64.0
-27.04,1625449482.0,64.0
-30.77,1625449482.0,64.0
-34.54,1625449482.0,64.0
-38.43,1625449482.0,64.0
-42.31,1625449482.0,64.0
-45.71,1625449482.0,64.0
-47.93,1625449482.0,64.0
-48.24,1625449482.0,64.0
-46.12,1625449482.0,64.0
-41.6,1625449482.0,64.0
-35.15,1625449482.0,64.0
-27.56,1625449482.0,64.0
-19.59,1625449482.0,64.0
-11.72,1625449482.0,64.0
-4.07,1625449482.0,64.0
3.42,1625449482.0,64.0
10.71,1625449482.0,64.0
17.47,1625449482.0,64.0
23.14,1625449482.0,64.0
27.21,1625449482.0,64.0
29.45,1625449482.0,64.0
30.17,1625449482.0,64.0
30.06,1625449482.0,64.0
29.84,1625449482.0,64.0
29.98,1625449482.0,64.0
30.48,1625449482.0,64.0
31.03,1625449482.0,64.0
31.2,1625449482.0,64.0
30.73,1625449482.0,64.0
29.61,1625449482.0,64.0
28.0,1625449482.0,64.0
26.11,1625449482.0,64.0
24.09,1625449482.0,64.0
22.0,1625449482.0,64.0
19.87,1625449482.0,64.0
17.73,1625449482.0,64.0
15.6,1625449482.0,64.0
13.42,1625449482.0,64.0
11.07,1625449482.0,64.0
8.4,1625449482.0,64.0
5.37,1625449482.0,64.0
2.05,1625449482.0,64.0
-1.36,1625449482.0,64.0
-4.6,1625449482.0,64.0
-7.56,1625449482.0,64.0
-10.27,1625449482.0,64.0
-12.95,1625449482.0,64.0
-15.81,1625449482.0,64.0
-19.08,1625449482.0,64.0
-22.84,1625449482.0,64.0
-27.1,1625449482.0,64.0
-31.67,1625449482.0,64.0
-36.21,1625449482.0,64.0
-40.15,1625449482.0,64.0
-42.75,1625449482.0,64.0
-43.31,1625449482.0,64.0
-41.38,1625449482.0,64.0
-37.0,1625449482.0,64.0
-30.71,1625449482.0,64.0
-23.42,1625449482.0,64.0
-16.05,1625449482.0,64.0
-9.23,1625449482.0,64.0
-3.24,1625449482.0,64.0
1.99,1625449482.0,64.0
6.57,1625449482.0,64.0
10.53,1625449482.0,64.0
13.68,1625449482.0,64.0
15.85,1625449482.0,64.0
17.05,1625449482.0,64.0
17.56,1625449482.0,64.0
17.84,1625449482.0,64.0
18.37,1625449482.0,64.0
19.33,1625449482.0,64.0
20.53,1625449482.0,64.0
21.54,1625449482.0,64.0
21.88,1625449482.0,64.0
21.32,1625449482.0,64.0
19.93,1625449482.0,64.0
18.04,1625449482.0,64.0
16.04,1625449482.0,64.0
14.14,1625449482.0,64.0
12.37,1625449482.0,64.0
10.63,1625449482.0,64.0
8.8,1625449482.0,64.0
6.85,1625449482.0,64.0
4.88,1625449482.0,64.0
3.03,1625449482.0,64.0
1.35,1625449482.0,64.0
-0.2,1625449482.0,64.0
-1.77,1625449482.0,64.0
-3.56,1625449482.0,64.0
-5.74,1625449482.0,64.0
-8.39,1625449482.0,64.0
-11.48,1625449482.0,64.0
-14.98,1625449482.0,64.0
-18.8,1625449482.0,64.0
-22.82,1625449482.0,64.0
-26.85,1625449482.0,64.0
-30.59,1625449482.0,64.0
-33.59,1625449482.0,64.0
-35.38,1625449482.0,64.0
-35.55,1625449482.0,64.0
-33.89,1625449482.0,64.0
-30.53,1625449482.0,64.0
-25.79,1625449482.0,64.0
-20.16,1625449482.0,64.0
-14.06,1625449482.0,64.0
-7.74,1625449482.0,64.0
-1.31,1625449482.0,64.0
5.16,1625449482.0,64.0
11.42,1625449482.0,64.0
17.07,1625449482.0,64.0
21.57,1625449482.0,64.0
24.53,1625449482.0,64.0
25.82,1625449482.0,64.0
25.73,1625449482.0,64.0
24.83,1625449482.0,64.0
23.74,1625449482.0,64.0
22.96,1625449482.0,64.0
22.71,1625449482.0,64.0
22.91,1625449482.0,64.0
23.26,1625449482.0,64.0
23.43,1625449482.0,64.0
23.13,1625449482.0,64.0
22.21,1625449482.0,64.0
20.72,1625449482.0,64.0
18.77,1625449482.0,64.0
16.61,1625449482.0,64.0
14.42,1625449482.0,64.0
12.3,1625449482.0,64.0
10.26,1625449482.0,64.0
8.24,1625449482.0,64.0
6.13,1625449482.0,64.0
3.88,1625449482.0,64.0
1.47,1625449482.0,64.0
-1.08,1625449482.0,64.0
-3.81,1625449482.0,64.0
-6.78,1625449482.0,64.0
-10.03,1625449482.0,64.0
-13.61,1625449482.0,64.0
-17.47,1625449482.0,64.0
-21.57,1625449482.0,64.0
-25.86,1625449482.0,64.0
-30.33,1625449482.0,64.0
-34.9,1625449482.0,64.0
-39.4,1625449482.0,64.0
-43.44,1625449482.0,64.0
-46.47,1625449482.0,64.0
-47.86,1625449482.0,64.0
-47.19,1625449482.0,64.0
-44.32,1625449482.0,64.0
-39.59,1625449482.0,64.0
-33.59,1625449482.0,64.0
-26.96,1625449482.0,64.0
-20.16,1625449482.0,64.0
-13.34,1625449482.0,64.0
-6.45,1625449482.0,64.0
0.56,1625449482.0,64.0
7.49,1625449482.0,64.0
13.88,1625449482.0,64.0
19.15,1625449482.0,64.0
22.87,1625449482.0,64.0
25.07,1625449482.0,64.0
26.16,1625449482.0,64.0
26.82,1625449482.0,64.0
27.57,1625449482.0,64.0
28.6,1625449482.0,64.0
29.65,1625449482.0,64.0
30.29,1625449482.0,64.0
30.13,1625449482.0,64.0
29.11,1625449482.0,64.0
27.46,1625449482.0,64.0
25.56,1625449482.0,64.0
23.75,1625449482.0,64.0
22.12,1625449482.0,64.0
20.58,1625449482.0,64.0
18.88,1625449482.0,64.0
16.76,1625449482.0,64.0
14.08,1625449482.0,64.0
10.85,1625449482.0,64.0
7.23,1625449482.0,64.0
3.47,1625449482.0,64.0
-0.14,1625449482.0,64.0
-3.4,1625449482.0,64.0
-6.24,1625449482.0,64.0
-8.78,1625449482.0,64.0
-11.28,1625449482.0,64.0
-14.03,1625449482.0,64.0
-17.24,1625449482.0,64.0
-21.05,1625449482.0,64.0
-25.47,1625449482.0,64.0
-30.46,1625449482.0,64.0
-35.87,1625449482.0,64.0
-41.34,1625449482.0,64.0
-46.29,1625449482.0,64.0
-49.97,1625449482.0,64.0
-51.59,1625449482.0,64.0
-50.64,1625449482.0,64.0
-47.07,1625449482.0,64.0
-41.4,1625449482.0,64.0
-34.45,1625449482.0,64.0
-27.07,1625449482.0,64.0
-19.81,1625449482.0,64.0
-12.77,1625449482.0,64.0
-5.81,1625449482.0,64.0
1.22,1625449482.0,64.0
8.17,1625449482.0,64.0
14.59,1625449482.0,64.0
19.87,1625449482.0,64.0
23.57,1625449482.0,64.0
25.62,1625449482.0,64.0
26.35,1625449482.0,64.0
26.32,1625449482.0,64.0
26.1,1625449482.0,64.0
25.99,1625449482.0,64.0
26.04,1625449482.0,64.0
26.14,1625449482.0,64.0
26.1,1625449482.0,64.0
25.82,1625449482.0,64.0
25.21,1625449482.0,64.0
24.25,1625449482.0,64.0
22.89,1625449482.0,64.0
21.16,1625449482.0,64.0
19.07,1625449482.0,64.0
16.76,1625449482.0,64.0
14.35,1625449482.0,64.0
11.94,1625449482.0,64.0
9.54,1625449482.0,64.0
7.05,1625449482.0,64.0
4.38,1625449482.0,64.0
1.49,1625449482.0,64.0
-1.53,1625449482.0,64.0
-4.52,1625449482.0,64.0
-7.27,1625449482.0,64.0
-9.68,1625449482.0,64.0
-11.8,1625449482.0,64.0
-13.91,1625449482.0,64.0
-16.34,1625449482.0,64.0
-19.39,1625449482.0,64.0
-23.22,1625449482.0,64.0
-27.73,1625449482.0,64.0
-32.67,1625449482.0,64.0
-37.63,1625449482.0,64.0
-42.09,1625449482.0,64.0
-45.5,1625449482.0,64.0
-47.26,1625449482.0,64.0
-46.88,1625449482.0,64.0
-44.11,1625449482.0,64.0
-39.11,1625449482.0,64.0
-32.36,1625449482.0,64.0
-24.62,1625449482.0,64.0
-16.58,1625449482.0,64.0
-8.72,1625449482.0,64.0
-1.22,1625449482.0,64.0
5.86,1625449482.0,64.0
12.45,1625449482.0,64.0
18.27,1625449482.0,64.0
22.96,1625449482.0,64.0
26.22,1625449482.0,64.0
28.01,1625449482.0,64.0
28.64,1625449482.0,64.0
28.59,1625449482.0,64.0
28.37,1625449482.0,64.0
28.25,1625449482.0,64.0
28.27,1625449482.0,64.0
28.32,1625449482.0,64.0
28.21,1625449482.0,64.0
27.83,1625449482.0,64.0
27.15,1625449482.0,64.0
26.18,1625449482.0,64.0
24.93,1625449482.0,64.0
23.38,1625449482.0,64.0
21.51,1625449482.0,64.0
19.3,1625449482.0,64.0
16.8,1625449482.0,64.0
14.07,1625449482.0,64.0
11.2,1625449482.0,64.0
8.24,1625449482.0,64.0
5.24,1625449482.0,64.0
2.28,1625449482.0,64.0
-0.59,1625449482.0,64.0
-3.32,1625449482.0,64.0
-5.91,1625449482.0,64.0
-8.42,1625449482.0,64.0
-11.0,1625449482.0,64.0
-13.73,1625449482.0,64.0
-16.68,1625449482.0,64.0
-19.89,1625449482.0,64.0
-23.37,1625449482.0,64.0
-27.18,1625449482.0,64.0
-31.36,1625449482.0,64.0
-35.88,1625449482.0,64.0
-40.39,1625449482.0,64.0
-44.32,1625449482.0,64.0
-46.87,1625449482.0,64.0
-47.29,1625449482.0,64.0
-45.22,1625449482.0,64.0
-40.78,1625449482.0,64.0
-34.62,1625449482.0,64.0
-27.6,1625449482.0,64.0
-20.49,1625449482.0,64.0
-13.69,1625449482.0,64.0
-7.23,1625449482.0,64.0
-0.93,1625449482.0,64.0
5.32,1625449482.0,64.0
11.36,1625449482.0,64.0
16.76,1625449482.0,64.0
20.99,1625449482.0,64.0
23.75,1625449482.0,64.0
25.11,1625449482.0,64.0
25.52,1625449482.0,64.0
25.56,1625449482.0,64.0
25.73,1625449482.0,64.0
26.2,1625449482.0,64.0
26.79,1625449482.0,64.0
27.19,1625449482.0,64.0
27.13,1625449482.0,64.0
26.59,1625449482.0,64.0
25.7,1625449482.0,64.0
24.66,1625449482.0,64.0
23.57,1625449482.0,64.0
22.34,1625449482.0,64.0
20.78,1625449482.0,64.0
18.71,1625449482.0,64.0
16.14,1625449482.0,64.0
13.26,1625449482.0,64.0
10.38,1625449482.0,64.0
7.78,1625449482.0,64.0
5.54,1625449482.0,64.0
3.58,1625449482.0,64.0
1.64,1625449482.0,64.0
-0.5,1625449482.0,64.0
-3.02,1625449482.0,64.0
-5.91,1625449482.0,64.0
-9.07,1625449482.0,64.0
-12.4,1625449482.0,64.0
-15.81,1625449482.0,64.0
-19.29,1625449482.0,64.0
-22.91,1625449482.0,64.0
-26.75,1625449482.0,64.0
-30.86,1625449482.0,64.0
-35.19,1625449482.0,64.0
-39.49,1625449482.0,64.0
-43.32,1625449482.0,64.0
-46.12,1625449482.0,64.0
-47.3,1625449482.0,64.0
-46.45,1625449482.0,64.0
-43.46,1625449482.0,64.0
-38.56,1625449482.0,64.0
-32.27,1625449482.0,64.0
-25.18,1625449482.0,64.0
-17.85,1625449482.0,64.0
-10.63,1625449482.0,64.0
-3.72,1625449482.0,64.0
2.75,1625449482.0,64.0
8.64,1625449482.0,64.0
13.69,1625449482.0,64.0
17.67,1625449482.0,64.0
20.44,1625449482.0,64.0
22.08,1625449482.0,64.0
22.92,1625449482.0,64.0
23.4,1625449482.0,64.0
23.9,1625449482.0,64.0
24.59,1625449482.0,64.0
25.42,1625449482.0,64.0
26.18,1625449482.0,64.0
26.65,1625449482.0,64.0
26.66,1625449482.0,64.0
26.21,1625449482.0,64.0
25.34,1625449482.0,64.0
24.17,1625449482.0,64.0
22.8,1625449482.0,64.0
21.33,1625449482.0,64.0
19.82,1625449482.0,64.0
18.28,1625449482.0,64.0
16.67,1625449482.0,64.0
14.91,1625449482.0,64.0
12.95,1625449482.0,64.0
10.78,1625449482.0,64.0
8.47,1625449482.0,64.0
6.07,1625449482.0,64.0
3.62,1625449482.0,64.0
1.06,1625449482.0,64.0
-1.67,1625449482.0,64.0
-4.59,1625449482.0,64.0
-7.62,1625449482.0,64.0
-10.57,1625449482.0,64.0
-13.35,1625449482.0,64.0
-16.03,1625449482.0,64.0
-18.83,1625449482.0,64.0
-22.12,1625449482.0,64.0
-26.04,1625449482.0,64.0
-30.4,1625449482.0,64.0
-34.52,1625449482.0,64.0
-37.45,1625449482.0,64.0
-38.27,1625449482.0,64.0
-36.51,1625449482.0,64.0
-32.29,1625449482.0,64.0
-26.3,1625449482.0,64.0
-19.48,1625449482.0,64.0
-12.64,1625449482.0,64.0
-6.22,1625449482.0,64.0
-0.31,1625449482.0,64.0
5.13,1625449482.0,64.0
9.98,1625449482.0,64.0
13.97,1625449482.0,64.0
16.7,1625449482.0,64.0
18.01,1625449482.0,64.0
18.05,1625449482.0,64.0
17.35,1625449482.0,64.0
16.63,1625449482.0,64.0
16.44,1625449482.0,64.0
17.01,1625449482.0,64.0
18.1,1625449482.0,64.0
19.24,1625449482.0,64.0
19.9,1625449482.0,64.0
19.76,1625449482.0,64.0
18.84,1625449482.0,64.0
17.38,1625449482.0,64.0
15.73,1625449482.0,64.0
14.15,1625449482.0,64.0
12.66,1625449482.0,64.0
11.12,1625449482.0,64.0
9.3,1625449482.0,64.0
7.07,1625449482.0,64.0
4.51,1625449482.0,64.0
1.81,1625449482.0,64.0
-0.75,1625449482.0,64.0
-3.0,1625449482.0,64.0
-4.91,1625449482.0,64.0
-6.58,1625449482.0,64.0
-8.21,1625449482.0,64.0
-9.98,1625449482.0,64.0
-12.03,1625449482.0,64.0
-14.45,1625449482.0,64.0
-17.28,1625449482.0,64.0
-20.55,1625449482.0,64.0
-24.17,1625449482.0,64.0
-28.07,1625449482.0,64.0
-32.06,1625449482.0,64.0
-35.87,1625449482.0,64.0
-39.08,1625449482.0,64.0
-41.22,1625449482.0,64.0
-41.77,1625449482.0,64.0
-40.37,1625449482.0,64.0
-36.94,1625449482.0,64.0
-31.74,1625449482.0,64.0
-25.33,1625449482.0,64.0
-18.36,1625449482.0,64.0
-11.43,1625449482.0,64.0
-4.86,1625449482.0,64.0
1.19,1625449482.0,64.0
6.69,1625449482.0,64.0
11.55,1625449482.0,64.0
15.58,1625449482.0,64.0
18.52,1625449482.0,64.0
20.22,1625449482.0,64.0
20.77,1625449482.0,64.0
20.55,1625449482.0,64.0
20.06,1625449482.0,64.0
19.8,1625449482.0,64.0
19.97,1625449482.0,64.0
20.51,1625449482.0,64.0
21.08,1625449482.0,64.0
21.32,1625449482.0,64.0
21.06,1625449482.0,64.0
20.34,1625449482.0,64.0
19.38,1625449482.0,64.0
18.4,1625449482.0,64.0
17.47,1625449482.0,64.0
16.51,1625449482.0,64.0
15.31,1625449482.0,64.0
13.66,1625449482.0,64.0
11.45,1625449482.0,64.0
8.73,1625449482.0,64.0
5.65,1625449482.0,64.0
2.43,1625449482.0,64.0
-0.68,1625449482.0,64.0
-3.52,1625449482.0,64.0
-6.02,1625449482.0,64.0
-8.28,1625449482.0,64.0
-10.5,1625449482.0,64.0
-12.97,1625449482.0,64.0
-15.91,1625449482.0,64.0
-19.45,1625449482.0,64.0
-23.58,1625449482.0,64.0
-28.18,1625449482.0,64.0
-32.96,1625449482.0,64.0
-37.51,1625449482.0,64.0
-41.23,1625449482.0,64.0
-43.46,1625449482.0,64.0
-43.63,1625449482.0,64.0
-41.44,1625449482.0,64.0
-37.06,1625449482.0,64.0
-31.03,1625449482.0,64.0
-24.11,1625449482.0,64.0
-17.01,1625449482.0,64.0
-10.12,1625449482.0,64.0
-3.56,1625449482.0,64.0
2.73,1625449482.0,64.0
8.73,1625449482.0,64.0
14.23,1625449482.0,64.0
18.86,1625449482.0,64.0
22.26,1625449482.0,64.0
24.32,1625449482.0,64.0
25.19,1625449482.0,64.0
25.33,1625449482.0,64.0
25.23,1625449482.0,64.0
25.25,1625449482.0,64.0
25.51,1625449482.0,64.0
25.86,1625449482.0,64.0
26.04,1625449482.0,64.0
25.78,1625449482.0,64.0
24.93,1625449482.0,64.0
23.51,1625449482.0,64.0
21.66,1625449482.0,64.0
19.61,1625449482.0,64.0
17.59,1625449482.0,64.0
15.73,1625449482.0,64.0
14.02,1625449482.0,64.0
12.28,1625449482.0,64.0
10.26,1625449482.0,64.0
7.79,1625449482.0,64.0
4.85,1625449482.0,64.0
1.64,1625449482.0,64.0
-1.56,1625449482.0,64.0
-4.49,1625449482.0,64.0
-7.09,1625449482.0,64.0
-9.51,1625449482.0,64.0
-12.02,1625449482.0,64.0
-14.89,1625449482.0,64.0
-18.27,1625449482.0,64.0
-22.23,1625449482.0,64.0
-26.69,1625449482.0,64.0
-31.51,1625449482.0,64.0
-36.43,1625449482.0,64.0
-40.99,1625449482.0,64.0
-44.53,1625449482.0,64.0
-46.3,1625449482.0,64.0
-45.71,1625449482.0,64.0
-42.52,1625449482.0,64.0
-37.03,1625449482.0,64.0
-29.94,1625449482.0,64.0
-22.1,1625449482.0,64.0
-14.23,1625449482.0,64.0
-6.75,1625449482.0,64.0
0.23,1625449482.0,64.0
6.69,1625449482.0,64.0
12.58,1625449482.0,64.0
17.65,1625449482.0,64.0
21.62,1625449482.0,64.0
24.32,1625449482.0,64.0
25.8,1625449482.0,64.0
26.41,1625449482.0,64.0
26.66,1625449482.0,64.0
26.99,1625449482.0,64.0
27.58,1625449482.0,64.0
28.34,1625449482.0,64.0
29.0,1625449482.0,64.0
29.24,1625449482.0,64.0
28.92,1625449482.0,64.0
28.12,1625449482.0,64.0
27.08,1625449482.0,64.0
26.01,1625449482.0,64.0
25.01,1625449482.0,64.0
23.94,1625449482.0,64.0
22.55,1625449482.0,64.0
20.58,1625449482.0,64.0
17.9,1625449482.0,64.0
14.58,1625449482.0,64.0
10.83,1625449482.0,64.0
6.95,1625449482.0,64.0
3.19,1625449482.0,64.0
-0.23,1625449482.0,64.0
-3.22,1625449482.0,64.0
-5.8,1625449482.0,64.0
-8.16,1625449482.0,64.0
-10.52,1625449482.0,64.0
-13.11,1625449482.0,64.0
-16.07,1625449482.0,64.0
-19.4,1625449482.0,64.0
-23.11,1625449482.0,64.0
-27.21,1625449482.0,64.0
-31.71,1625449482.0,64.0
-36.55,1625449482.0,64.0
-41.39,1625449482.0,64.0
-45.55,1625449482.0,64.0
-48.17,1625449482.0,64.0
-48.47,1625449482.0,64.0
-46.15,1625449482.0,64.0
-41.51,1625449482.0,64.0
-35.36,1625449482.0,64.0
-28.58,1625449482.0,64.0
-21.75,1625449482.0,64.0
-14.97,1625449482.0,64.0
-8.03,1625449482.0,64.0
-0.72,1625449482.0,64.0
6.81,1625449482.0,64.0
14.01,1625449482.0,64.0
20.08,1625449482.0,64.0
24.4,1625449482.0,64.0
26.82,1625449482.0,64.0
27.75,1625449482.0,64.0
27.89,1625449482.0,64.0
28.0,1625449482.0,64.0
28.51,1625449482.0,64.0
29.42,1625449482.0,64.0
30.44,1625449482.0,64.0
31.19,1625449482.0,64.0
31.46,1625449482.0,64.0
31.23,1625449482.0,64.0
30.66,1625449482.0,64.0
29.91,1625449482.0,64.0
29.01,1625449482.0,64.0
27.88,1625449482.0,64.0
26.36,1625449482.0,64.0
24.34,1625449482.0,64.0
21.86,1625449482.0,64.0
19.1,1625449482.0,64.0
16.29,1625449482.0,64.0
13.6,1625449482.0,64.0
11.08,1625449482.0,64.0
8.65,1625449482.0,64.0
6.18,1625449482.0,64.0
3.55,1625449482.0,64.0
0.74,1625449482.0,64.0
-2.16,1625449482.0,64.0
-5.02,1625449482.0,64.0
-7.75,1625449482.0,64.0
-10.39,1625449482.0,64.0
-13.09,1625449482.0,64.0
-16.15,1625449482.0,64.0
-19.82,1625449482.0,64.0
-24.3,1625449482.0,64.0
-29.52,1625449482.0,64.0
-35.12,1625449482.0,64.0
-40.48,1625449482.0,64.0
-44.79,1625449482.0,64.0
-47.28,1625449482.0,64.0
-47.43,1625449482.0,64.0
-45.18,1625449482.0,64.0
-40.87,1625449482.0,64.0
-35.14,1625449482.0,64.0
-28.7,1625449482.0,64.0
-22.04,1625449482.0,64.0
-15.42,1625449482.0,64.0
-8.87,1625449482.0,64.0
-2.34,1625449482.0,64.0
4.05,1625449482.0,64.0
10.04,1625449482.0,64.0
15.23,1625449482.0,64.0
19.25,1625449482.0,64.0
21.93,1625449482.0,64.0
23.38,1625449482.0,64.0
23.98,1625449482.0,64.0
24.25,1625449482.0,64.0
24.62,1625449482.0,64.0
25.36,1625449482.0,64.0
26.45,1625449482.0,64.0
27.64,1625449482.0,64.0
28.64,1625449482.0,64.0
29.18,1625449482.0,64.0
29.14,1625449482.0,64.0
28.51,1625449482.0,64.0
27.35,1625449482.0,64.0
25.76,1625449482.0,64.0
23.85,1625449482.0,64.0
21.82,1625449482.0,64.0
19.88,1625449482.0,64.0
18.33,1625449482.0,64.0
17.33,1625449482.0,64.0
16.87,1625449482.0,64.0
16.71,1625449482.0,64.0
16.52,1625449482.0,64.0
15.88,1625449482.0,64.0
14.5,1625449482.0,64.0
12.27,1625449482.0,64.0
9.24,1625449482.0,64.0
5.6,1625449482.0,64.0
1.59,1625449482.0,64.0
-2.56,1625449482.0,64.0
-6.68,1625449482.0,64.0
-10.73,1625449482.0,64.0
-14.75,1625449482.0,64.0
-18.9,1625449482.0,64.0
-23.35,1625449482.0,64.0
-28.2,1625449482.0,64.0
-33.36,1625449482.0,64.0
-38.46,1625449482.0,64.0
-42.89,1625449482.0,64.0
-45.89,1625449482.0,64.0
-46.8,1625449482.0,64.0
-45.27,1625449482.0,64.0
-41.44,1625449482.0,64.0
-35.86,1625449482.0,64.0
-29.32,1625449482.0,64.0
-22.63,1625449482.0,64.0
-16.28,1625449482.0,64.0
-10.35,1625449482.0,64.0
-4.68,1625449482.0,64.0
0.93,1625449482.0,64.0
6.49,1625449482.0,64.0
11.74,1625449482.0,64.0
16.26,1625449482.0,64.0
19.73,1625449482.0,64.0
22.07,1625449482.0,64.0
23.49,1625449482.0,64.0
24.31,1625449482.0,64.0
24.87,1625449482.0,64.0
25.31,1625449482.0,64.0
25.7,1625449482.0,64.0
25.97,1625449482.0,64.0
26.06,1625449482.0,64.0
25.97,1625449482.0,64.0
25.66,1625449482.0,64.0
25.17,1625449482.0,64.0
24.48,1625449482.0,64.0
23.58,1625449482.0,64.0
22.48,1625449482.0,64.0
21.13,1625449482.0,64.0
19.53,1625449482.0,64.0
17.65,1625449482.0,64.0
15.53,1625449482.0,64.0
13.24,1625449482.0,64.0
10.93,1625449482.0,64.0
8.66,1625449482.0,64.0
6.42,1625449482.0,64.0
4.12,1625449482.0,64.0
1.61,1625449482.0,64.0
-1.17,1625449482.0,64.0
-4.16,1625449482.0,64.0
-7.17,1625449482.0,64.0
-10.01,1625449482.0,64.0
-12.59,1625449482.0,64.0
-15.01,1625449482.0,64.0
-17.5,1625449482.0,64.0
-20.41,1625449482.0,64.0
-24.01,1625449482.0,64.0
-28.4,1625449482.0,64.0
-33.42,1625449482.0,64.0
-38.6,1625449482.0,64.0
-43.21,1625449482.0,64.0
-46.43,1625449482.0,64.0
-47.58,1625449482.0,64.0
-46.3,1625449482.0,64.0
-42.68,1625449482.0,64.0
-37.25,1625449482.0,64.0
-30.74,1625449482.0,64.0
-23.88,1625449482.0,64.0
-17.14,1625449482.0,64.0
-10.64,1625449482.0,64.0
-4.37,1625449482.0,64.0
1.71,1625449482.0,64.0
7.46,1625449482.0,64.0
12.54,1625449482.0,64.0
16.53,1625449482.0,64.0
19.26,1625449482.0,64.0
20.84,1625449482.0,64.0
21.66,1625449482.0,64.0
22.24,1625449482.0,64.0
22.92,1625449482.0,64.0
23.81,1625449482.0,64.0
24.74,1625449482.0,64.0
25.46,1625449482.0,64.0
25.79,1625449482.0,64.0
25.69,1625449482.0,64.0
25.3,1625449482.0,64.0
24.75,1625449482.0,64.0
24.15,1625449482.0,64.0
23.5,1625449482.0,64.0
22.7,1625449482.0,64.0
21.65,1625449482.0,64.0
20.28,1625449482.0,64.0
18.59,1625449482.0,64.0
16.63,1625449482.0,64.0
14.49,1625449482.0,64.0
12.26,1625449482.0,64.0
10.0,1625449482.0,64.0
7.71,1625449482.0,64.0
5.36,1625449482.0,64.0
2.9,1625449482.0,64.0
0.27,1625449482.0,64.0
-2.49,1625449482.0,64.0
-5.32,1625449482.0,64.0
-8.11,1625449482.0,64.0
-10.79,1625449482.0,64.0
-13.4,1625449482.0,64.0
-16.15,1625449482.0,64.0
-19.32,1625449482.0,64.0
-23.17,1625449482.0,64.0
-27.72,1625449482.0,64.0
-32.62,1625449482.0,64.0
-37.2,1625449482.0,64.0
-40.58,1625449482.0,64.0
-41.99,1625449482.0,64.0
-41.04,1625449482.0,64.0
-37.82,1625449482.0,64.0
-32.82,1625449482.0,64.0
-26.76,1625449482.0,64.0
-20.32,1625449482.0,64.0
-13.95,1625449482.0,64.0
-7.85,1625449482.0,64.0
-2.11,1625449482.0,64.0
3.17,1625449482.0,64.0
7.8,1625449482.0,64.0
11.5,1625449482.0,64.0
14.07,1625449482.0,64.0
15.51,1625449482.0,64.0
16.11,1625449482.0,64.0
16.36,1625449482.0,64.0
16.71,1625449482.0,64.0
17.44,1625449482.0,64.0
18.49,1625449482.0,64.0
19.57,1625449482.0,64.0
20.35,1625449482.0,64.0
20.6,1625449482.0,64.0
20.36,1625449482.0,64.0
19.83,1625449482.0,64.0
19.27,1625449482.0,64.0
18.78,1625449482.0,64.0
18.27,1625449482.0,64.0
17.51,1625449482.0,64.0
16.27,1625449482.0,64.0
14.47,1625449482.0,64.0
12.18,1625449482.0,64.0
9.61,1625449482.0,64.0
6.97,1625449482.0,64.0
4.38,1625449482.0,64.0
1.86,1625449482.0,64.0
-0.64,1625449482.0,64.0
-3.1,1625449482.0,64.0
-5.49,1625449482.0,64.0
-7.75,1625449482.0,64.0
-9.88,1625449482.0,64.0
-11.98,1625449482.0,64.0
-14.26,1625449482.0,64.0
-16.98,1625449482.0,64.0
-20.36,1625449482.0,64.0
-24.46,1625449482.0,64.0
-29.15,1625449482.0,64.0
-34.1,1625449482.0,64.0
-38.8,1625449482.0,64.0
-42.56,1625449482.0,64.0
-44.67,1625449482.0,64.0
-44.55,1625449482.0,64.0
-41.93,1625449482.0,64.0
-37.03,1625449482.0,64.0
-30.55,1625449482.0,64.0
-23.4,1625449482.0,64.0
-16.41,1625449482.0,64.0
-10.07,1625449482.0,64.0
-4.48,1625449482.0,64.0
0.54,1625449482.0,64.0
5.13,1625449482.0,64.0
9.25,1625449482.0,64.0
12.63,1625449482.0,64.0
15.02,1625449482.0,64.0
16.4,1625449482.0,64.0
17.04,1625449482.0,64.0
17.46,1625449482.0,64.0
18.15,1625449482.0,64.0
19.29,1625449482.0,64.0
20.76,1625449482.0,64.0
22.17,1625449482.0,64.0
23.12,1625449482.0,64.0
23.37,1625449482.0,64.0
22.94,1625449482.0,64.0
21.97,1625449482.0,64.0
20.68,1625449482.0,64.0
19.21,1625449482.0,64.0
17.54,1625449482.0,64.0
15.67,1625449482.0,64.0
13.54,1625449482.0,64.0
11.2,1625449482.0,64.0
8.76,1625449482.0,64.0
6.32,1625449482.0,64.0
3.88,1625449482.0,64.0
1.4,1625449482.0,64.0
-1.23,1625449482.0,64.0
-4.08,1625449482.0,64.0
-7.14,1625449482.0,64.0
-10.34,1625449482.0,64.0
-13.54,1625449482.0,64.0
-16.71,1625449482.0,64.0
-19.97,1625449482.0,64.0
-23.55,1625449482.0,64.0
-27.76,1625449482.0,64.0
-32.75,1625449482.0,64.0
-38.4,1625449482.0,64.0
-44.14,1625449482.0,64.0
-49.15,1625449482.0,64.0
-52.46,1625449482.0,64.0
-53.3,1625449482.0,64.0
-51.37,1625449482.0,64.0
-46.93,1625449482.0,64.0
-40.7,1625449482.0,64.0
-33.58,1625449482.0,64.0
-26.35,1625449482.0,64.0
-19.34,1625449482.0,64.0
-12.55,1625449482.0,64.0
-5.78,1625449482.0,64.0
1.03,1625449482.0,64.0
7.7,1625449482.0,64.0
13.76,1625449482.0,64.0
18.73,1625449482.0,64.0
22.33,1625449482.0,64.0
24.6,1625449482.0,64.0
25.94,1625449482.0,64.0
26.83,1625449482.0,64.0
27.68,1625449482.0,64.0
28.67,1625449482.0,64.0
29.71,1625449482.0,64.0
30.58,1625449482.0,64.0
31.07,1625449482.0,64.0
31.05,1625449482.0,64.0
30.52,1625449482.0,64.0
29.59,1625449482.0,64.0
28.37,1625449482.0,64.0
26.95,1625449482.0,64.0
25.38,1625449482.0,64.0
23.55,1625449482.0,64.0
21.36,1625449482.0,64.0
18.71,1625449482.0,64.0
15.64,1625449482.0,64.0
12.29,1625449482.0,64.0
8.9,1625449482.0,64.0
5.62,1625449482.0,64.0
2.48,1625449482.0,64.0
-0.67,1625449482.0,64.0
-4.03,1625449482.0,64.0
-7.74,1625449482.0,64.0
-11.79,1625449482.0,64.0
-16.1,1625449482.0,64.0
-20.64,1625449482.0,64.0
-25.46,1625449482.0,64.0
-30.77,1625449482.0,64.0
-36.69,1625449482.0,64.0
-43.01,1625449482.0,64.0
-49.1,1625449482.0,64.0
-53.98,1625449482.0,64.0
-56.64,1625449482.0,64.0
-56.42,1625449482.0,64.0
-53.27,1625449482.0,64.0
-47.76,1625449482.0,64.0
-40.8,1625449482.0,64.0
-33.22,1625449482.0,64.0
-25.57,1625449482.0,64.0
-17.95,1625449482.0,64.0
-10.25,1625449482.0,64.0
-2.37,1625449482.0,64.0
5.5,1625449482.0,64.0
12.9,1625449482.0,64.0
19.22,1625449482.0,64.0
24.08,1625449482.0,64.0
27.43,1625449482.0,64.0
29.63,1625449482.0,64.0
31.26,1625449482.0,64.0
32.83,1625449482.0,64.0
34.56,1625449482.0,64.0
36.31,1625449482.0,64.0
37.74,1625449482.0,64.0
38.55,1625449482.0,64.0
38.61,1625449482.0,64.0
38.05,1625449482.0,64.0
37.14,1625449482.0,64.0
36.11,1625449482.0,64.0
35.06,1625449482.0,64.0
33.85,1625449482.0,64.0
32.27,1625449482.0,64.0
30.18,1625449482.0,64.0
27.54,1625449482.0,64.0
24.5,1625449482.0,64.0
21.26,1625449482.0,64.0
17.94,1625449482.0,64.0
14.56,1625449482.0,64.0
10.99,1625449482.0,64.0
7.11,1625449482.0,64.0
2.89,1625449482.0,64.0
-1.56,1625449482.0,64.0
-6.04,1625449482.0,64.0
-10.35,1625449482.0,64.0
-14.37,1625449482.0,64.0
-18.12,1625449482.0,64.0
-21.74,1625449482.0,64.0
-25.47,1625449482.0,64.0
-29.53,1625449482.0,64.0
-33.95,1625449482.0,64.0
-38.55,1625449482.0,64.0
-42.82,1625449482.0,64.0
-46.07,1625449482.0,64.0
-47.54,1625449482.0,64.0
-46.75,1625449482.0,64.0
-43.6,1625449482.0,64.0
-38.41,1625449482.0,64.0
-31.79,1625449482.0,64.0
-24.34,1625449482.0,64.0
-16.47,1625449482.0,64.0
-8.36,1625449482.0,64.0
-0.05,1625449482.0,64.0
8.29,1625449482.0,64.0
16.23,1625449482.0,64.0
23.18,1625449482.0,64.0
28.6,1625449482.0,64.0
32.23,1625449482.0,64.0
34.34,1625449482.0,64.0
35.51,1625449482.0,64.0
36.41,1625449482.0,64.0
37.5,1625449482.0,64.0
38.88,1625449482.0,64.0
40.32,1625449482.0,64.0
41.53,1625449482.0,64.0
42.27,1625449482.0,64.0
42.51,1625449482.0,64.0
42.31,1625449482.0,64.0
41.7,1625449482.0,64.0
40.6,1625449482.0,64.0
38.9,1625449482.0,64.0
36.58,1625449482.0,64.0
33.81,1625449482.0,64.0
30.88,1625449482.0,64.0
28.07,1625449482.0,64.0
25.49,1625449482.0,64.0
22.97,1625449482.0,64.0
20.22,1625449482.0,64.0
16.95,1625449482.0,64.0
13.11,1625449482.0,64.0
8.83,1625449482.0,64.0
4.39,1625449482.0,64.0
0.06,1625449482.0,64.0
-4.06,1625449482.0,64.0
-8.01,1625449482.0,64.0
-11.92,1625449482.0,64.0
-15.94,1625449482.0,64.0
-20.18,1625449482.0,64.0
-24.77,1625449482.0,64.0
-29.87,1625449482.0,64.0
-35.6,1625449482.0,64.0
-41.89,1625449482.0,64.0
-48.31,1625449482.0,64.0
-54.04,1625449482.0,64.0
-58.02,1625449482.0,64.0
-59.32,1625449482.0,64.0
-57.49,1625449482.0,64.0
-52.74,1625449482.0,64.0
-45.87,1625449482.0,64.0
-37.84,1625449482.0,64.0
-29.48,1625449482.0,64.0
-21.19,1625449482.0,64.0
-12.98,1625449482.0,64.0
-4.74,1625449482.0,64.0
3.5,1625449482.0,64.0
11.44,1625449482.0,64.0
18.54,1625449482.0,64.0
24.28,1625449482.0,64.0
28.4,1625449482.0,64.0
31.04,1625449482.0,64.0
32.61,1625449482.0,64.0
33.68,1625449482.0,64.0
34.68,1625449482.0,64.0
35.82,1625449482.0,64.0
37.03,1625449482.0,64.0
38.06,1625449482.0,64.0
38.7,1625449482.0,64.0
38.81,1625449482.0,64.0
38.39,1625449482.0,64.0
37.52,1625449482.0,64.0
36.31,1625449482.0,64.0
34.8,1625449482.0,64.0
33.0,1625449482.0,64.0
30.91,1625449482.0,64.0
28.57,1625449482.0,64.0
26.04,1625449482.0,64.0
23.43,1625449482.0,64.0
20.81,1625449482.0,64.0
18.12,1625449482.0,64.0
15.26,1625449482.0,64.0
12.1,1625449482.0,64.0
8.58,1625449482.0,64.0
4.75,1625449482.0,64.0
0.8,1625449482.0,64.0
-3.08,1625449482.0,64.0
-6.78,1625449482.0,64.0
-10.35,1625449482.0,64.0
-13.98,1625449482.0,64.0
-17.91,1625449482.0,64.0
-22.3,1625449482.0,64.0
-27.2,1625449482.0,64.0
-32.5,1625449482.0,64.0
-37.95,1625449482.0,64.0
-43.15,1625449482.0,64.0
-47.58,1625449482.0,64.0
-50.63,1625449482.0,64.0
-51.71,1625449482.0,64.0
-50.42,1625449482.0,64.0
-46.73,1625449482.0,64.0
-40.96,1625449482.0,64.0
-33.76,1625449482.0,64.0
-25.83,1625449482.0,64.0
-17.76,1625449482.0,64.0
-9.88,1625449482.0,64.0
-2.28,1625449482.0,64.0
5.01,1625449482.0,64.0
11.85,1625449482.0,64.0
17.98,1625449482.0,64.0
23.09,1625449482.0,64.0
26.98,1625449482.0,64.0
29.66,1625449482.0,64.0
31.41,1625449482.0,64.0
32.63,1625449482.0,64.0
33.64,1625449482.0,64.0
34.6,1625449482.0,64.0
35.47,1625449482.0,64.0
36.07,1625449482.0,64.0
36.21,1625449482.0,64.0
35.82,1625449482.0,64.0
34.95,1625449482.0,64.0
33.77,1625449482.0,64.0
32.45,1625449482.0,64.0
31.06,1625449482.0,64.0
29.6,1625449482.0,64.0
27.96,1625449482.0,64.0
26.04,1625449482.0,64.0
23.76,1625449482.0,64.0
21.14,1625449482.0,64.0
18.24,1625449482.0,64.0
15.14,1625449482.0,64.0
11.89,1625449482.0,64.0
8.5,1625449482.0,64.0
4.97,1625449482.0,64.0
1.3,1625449482.0,64.0
-2.42,1625449482.0,64.0
-6.09,1625449482.0,64.0
-9.57,1625449482.0,64.0
-12.83,1625449482.0,64.0
-15.99,1625449482.0,64.0
-19.35,1625449482.0,64.0
-23.26,1625449482.0,64.0
-27.92,1625449482.0,64.0
-33.23,1625449482.0,64.0
-38.69,1625449482.0,64.0
-43.47,1625449482.0,64.0
-46.64,1625449482.0,64.0
-47.5,1625449482.0,64.0
-45.8,1625449482.0,64.0
-41.83,1625449482.0,64.0
-36.23,1625449482.0,64.0
-29.75,1625449482.0,64.0
-22.97,1625449482.0,64.0
-16.19,1625449482.0,64.0
-9.47,1625449482.0,64.0
-2.89,1625449482.0,64.0
3.36,1625449482.0,64.0
8.88,1625449482.0,64.0
13.31,1625449482.0,64.0
16.44,1625449482.0,64.0
18.41,1625449482.0,64.0
19.64,1625449482.0,64.0
20.63,1625449482.0,64.0
21.75,1625449482.0,64.0
23.06,1625449482.0,64.0
24.37,1625449482.0,64.0
25.37,1625449482.0,64.0
25.86,1625449482.0,64.0
25.75,1625449482.0,64.0
25.13,1625449482.0,64.0
24.15,1625449482.0,64.0
22.94,1625449482.0,64.0
21.59,1625449482.0,64.0
20.14,1625449482.0,64.0
18.58,1625449482.0,64.0
16.86,1625449482.0,64.0
14.9,1625449482.0,64.0
12.61,1625449482.0,64.0
9.96,1625449482.0,64.0
6.98,1625449482.0,64.0
3.71,1625449482.0,64.0
0.21,1625449482.0,64.0
-3.49,1625449482.0,64.0
-7.34,1625449482.0,64.0
-11.31,1625449482.0,64.0
-15.26,1625449482.0,64.0
-19.06,1625449482.0,64.0
-22.67,1625449482.0,64.0
-26.18,1625449482.0,64.0
-29.83,1625449482.0,64.0
-33.87,1625449482.0,64.0
-38.35,1625449482.0,64.0
-42.97,1625449482.0,64.0
-47.04,1625449482.0,64.0
-49.65,1625449482.0,64.0
-50.04,1625449482.0,64.0
-47.85,1625449482.0,64.0
-43.3,1625449482.0,64.0
-37.06,1625449482.0,64.0
-29.93,1625449482.0,64.0
-22.55,1625449482.0,64.0
-15.26,1625449482.0,64.0
-8.1,1625449482.0,64.0
-1.05,1625449482.0,64.0
5.75,1625449482.0,64.0
11.95,1625449482.0,64.0
17.17,1625449482.0,64.0
21.11,1625449482.0,64.0
23.8,1625449482.0,64.0
25.58,1625449482.0,64.0
26.93,1625449482.0,64.0
28.22,1625449482.0,64.0
29.51,1625449482.0,64.0
30.54,1625449482.0,64.0
30.92,1625449482.0,64.0
30.42,1625449482.0,64.0
29.12,1625449482.0,64.0
27.4,1625449482.0,64.0
25.71,1625449482.0,64.0
24.33,1625449482.0,64.0
23.24,1625449482.0,64.0
22.04,1625449482.0,64.0
20.3,1625449482.0,64.0
17.73,1625449482.0,64.0
14.3,1625449482.0,64.0
10.3,1625449482.0,64.0
6.13,1625449482.0,64.0
2.18,1625449482.0,64.0
-1.39,1625449482.0,64.0
-4.61,1625449482.0,64.0
-7.67,1625449482.0,64.0
-10.82,1625449482.0,64.0
-14.25,1625449482.0,64.0
-18.03,1625449482.0,64.0
-22.17,1625449482.0,64.0
-26.6,1625449482.0,64.0
-31.26,1625449482.0,64.0
-36.06,1625449482.0,64.0
-40.78,1625449482.0,64.0
-45.02,1625449482.0,64.0
-48.17,1625449482.0,64.0
-49.53,1625449482.0,64.0
-48.58,1625449482.0,64.0
-45.25,1625449482.0,64.0
-39.99,1625449482.0,64.0
-33.58,1625449482.0,64.0
-26.84,1625449482.0,64.0
-20.26,1625449482.0,64.0
-13.91,1625449482.0,64.0
-7.59,1625449482.0,64.0
-1.18,1625449482.0,64.0
5.13,1625449482.0,64.0
10.84,1625449482.0,64.0
15.39,1625449482.0,64.0
18.5,1625449482.0,64.0
20.38,1625449482.0,64.0
21.62,1625449482.0,64.0
22.91,1625449482.0,64.0
24.62,1625449482.0,64.0
26.71,1625449482.0,64.0
28.75,1625449482.0,64.0
30.25,1625449482.0,64.0
30.89,1625449482.0,64.0
30.67,1625449482.0,64.0
29.85,1625449482.0,64.0
28.68,1625449482.0,64.0
27.31,1625449482.0,64.0
25.68,1625449482.0,64.0
23.56,1625449482.0,64.0
20.76,1625449482.0,64.0
17.19,1625449482.0,64.0
13.0,1625449482.0,64.0
8.54,1625449482.0,64.0
4.25,1625449482.0,64.0
0.53,1625449482.0,64.0
-2.43,1625449482.0,64.0
-4.74,1625449482.0,64.0
-6.73,1625449482.0,64.0
-8.85,1625449482.0,64.0
-11.43,1625449482.0,64.0
-14.59,1625449482.0,64.0
-18.24,1625449482.0,64.0
-22.17,1625449482.0,64.0
-26.25,1625449482.0,64.0
-30.41,1625449482.0,64.0
-34.55,1625449482.0,64.0
-38.42,1625449482.0,64.0
-41.55,1625449482.0,64.0
-43.3,1625449482.0,64.0
-43.12,1625449482.0,64.0
-40.81,1625449482.0,64.0
-36.49,1625449482.0,64.0
-30.7,1625449482.0,64.0
-24.06,1625449482.0,64.0
-17.06,1625449482.0,64.0
-9.97,1625449482.0,64.0
-2.83,1625449482.0,64.0
4.24,1625449482.0,64.0
11.0,1625449482.0,64.0
16.96,1625449482.0,64.0
21.55,1625449482.0,64.0
24.46,1625449482.0,64.0
25.8,1625449482.0,64.0
26.14,1625449482.0,64.0
26.3,1625449482.0,64.0
26.95,1625449482.0,64.0
28.31,1625449482.0,64.0
30.1,1625449482.0,64.0
31.63,1625449482.0,64.0
32.28,1625449482.0,64.0
31.72,1625449482.0,64.0
30.04,1625449482.0,64.0
27.68,1625449482.0,64.0
25.1,1625449482.0,64.0
22.64,1625449482.0,64.0
20.31,1625449482.0,64.0
17.99,1625449482.0,64.0
15.5,1625449482.0,64.0
12.79,1625449482.0,64.0
10.01,1625449482.0,64.0
7.39,1625449482.0,64.0
5.16,1625449482.0,64.0
3.33,1625449482.0,64.0
1.72,1625449482.0,64.0
-0.03,1625449482.0,64.0
-2.33,1625449482.0,64.0
-5.44,1625449482.0,64.0
-9.48,1625449482.0,64.0
-14.35,1625449482.0,64.0
-19.92,1625449482.0,64.0
-25.99,1625449482.0,64.0
-32.33,1625449482.0,64.0
-38.63,1625449482.0,64.0
-44.31,1625449482.0,64.0
-48.65,1625449482.0,64.0
-50.94,1625449482.0,64.0
-50.71,1625449482.0,64.0
-47.9,1625449482.0,64.0
-42.94,1625449482.0,64.0
-36.49,1625449482.0,64.0
-29.24,1625449482.0,64.0
-21.69,1625449482.0,64.0
-14.0,1625449482.0,64.0
-6.24,1625449482.0,64.0
1.5,1625449482.0,64.0
8.91,1625449482.0,64.0
15.52,1625449482.0,64.0
20.88,1625449482.0,64.0
24.75,1625449482.0,64.0
27.25,1625449482.0,64.0
28.82,1625449482.0,64.0
30.01,1625449482.0,64.0
31.18,1625449482.0,64.0
32.37,1625449482.0,64.0
33.32,1625449482.0,64.0
33.66,1625449482.0,64.0
33.11,1625449482.0,64.0
31.63,1625449482.0,64.0
29.47,1625449482.0,64.0
26.94,1625449482.0,64.0
24.33,1625449482.0,64.0
21.73,1625449482.0,64.0
19.11,1625449482.0,64.0
16.32,1625449482.0,64.0
13.26,1625449482.0,64.0
9.93,1625449482.0,64.0
6.39,1625449482.0,64.0
2.71,1625449482.0,64.0
-1.11,1625449482.0,64.0
-5.14,1625449482.0,64.0
-9.49,1625449482.0,64.0
-14.23,1625449482.0,64.0
-19.28,1625449482.0,64.0
-24.46,1625449482.0,64.0
-29.53,1625449482.0,64.0
-34.41,1625449482.0,64.0
-39.22,1625449482.0,64.0
-44.34,1625449482.0,64.0
-50.14,1625449482.0,64.0
-56.77,1625449482.0,64.0
-63.84,1625449482.0,64.0
-70.43,1625449482.0,64.0
-75.27,1625449482.0,64.0
-77.2,1625449482.0,64.0
-75.62,1625449482.0,64.0
-70.82,1625449482.0,64.0
-64.03,1625449482.0,64.0
-56.91,1625449482.0,64.0
-51.11,1625449482.0,64.0
-47.64,1625449482.0,64.0
-46.75,1625449482.0,64.0
-47.93,1625449482.0,64.0
-50.17,1625449482.0,64.0
-52.51,1625449482.0,64.0
-54.44,1625449482.0,64.0
-56.18,1625449482.0,64.0
-58.59,1625449482.0,64.0
-63.02,1625449482.0,64.0
-71.13,1625449482.0,64.0
-84.32,1625449482.0,64.0
-102.88,1625449482.0,64.0
-125.04,1625449482.0,64.0
-146.75,1625449482.0,64.0
-162.33,1625449482.0,64.0
-166.31,1625449482.0,64.0
-155.63,1625449482.0,64.0
-131.09,1625449482.0,64.0
-97.4,1625449482.0,64.0
-61.48,1625449482.0,64.0
-29.84,1625449482.0,64.0
-6.18,1625449482.0,64.0
9.36,1625449482.0,64.0
19.47,1625449482.0,64.0
28.23,1625449482.0,64.0
40.39,1625449482.0,64.0
60.64,1625449482.0,64.0
92.21,1625449482.0,64.0
135.14,1625449482.0,64.0
185.42,1625449482.0,64.0
235.66,1625449482.0,64.0
277.08,1625449482.0,64.0
302.61,1625449482.0,64.0
309.66,1625449482.0,64.0
301.78,1625449482.0,64.0
287.54,1625449482.0,64.0
276.39,1625449482.0,64.0
274.24,1625449482.0,64.0
282.1,1625449482.0,64.0
297.29,1625449482.0,64.0
315.31,1625449482.0,64.0
331.34,1625449482.0,64.0
341.24,1625449482.0,64.0
342.87,1625449482.0,64.0
337.08,1625449482.0,64.0
326.25,1625449482.0,64.0
312.0,1625449482.0,64.0
295.24,1625449482.0,64.0
276.36,1625449482.0,64.0
254.98,1625449482.0,64.0
229.09,1625449482.0,64.0
195.1,1625449482.0,64.0
149.32,1625449482.0,64.0
90.91,1625449482.0,64.0
22.12,1625449482.0,64.0
-53.17,1625449482.0,64.0
-128.28,1625449482.0,64.0
-194.17,1625449482.0,64.0
-237.69,1625449482.0,64.0
-245.66,1625449482.0,64.0
-219.81,1625449482.0,64.0
-180.94,1625449482.0,64.0
-152.32,1625449482.0,64.0
-144.92,1625449482.0,64.0
-156.05,1625449482.0,64.0
-177.89,1625449482.0,64.0
-199.05,1625449482.0,64.0
-212.71,1625449482.0,64.0
-218.96,1625449482.0,64.0
-222.52,1625449482.0,64.0
-229.77,1625449482.0,64.0
-243.25,1625449482.0,64.0
-254.02,1625449482.0,64.0
-257.06,1625449482.0,64.0
-250.36,1625449482.0,64.0
-234.75,1625449482.0,64.0
-213.28,1625449482.0,64.0
-190.95,1625449482.0,64.0
-160.87,1625449482.0,64.0
-120.94,1625449482.0,64.0
-72.85,1625449482.0,64.0
-21.07,1625449482.0,64.0
28.69,1625449482.0,64.0
73.06,1625449482.0,64.0
107.7,1625449482.0,64.0
133.84,1625449482.0,64.0
151.0,1625449482.0,64.0
158.24,1625449482.0,64.0
154.38,1625449482.0,64.0
141.2,1625449482.0,64.0
124.36,1625449482.0,64.0
107.93,1625449482.0,64.0
94.25,1625449482.0,64.0
83.33,1625449482.0,64.0
73.55,1625449482.0,64.0
61.74,1625449482.0,64.0
45.34,1625449482.0,64.0
22.41,1625449482.0,64.0
-5.99,1625449482.0,64.0
-36.57,1625449482.0,64.0
-66.35,1625449482.0,64.0
-93.37,1625449482.0,64.0
-117.49,1625449482.0,64.0
-139.92,1625449482.0,64.0
-163.25,1625449482.0,64.0
-190.05,1625449482.0,64.0
-223.18,1625449482.0,64.0
-264.24,1625449482.0,64.0
-313.05,1625449482.0,64.0
-367.6,1625449482.0,64.0
-423.05,1625449482.0,64.0
-472.19,1625449482.0,64.0
-506.69,1625449482.0,64.0
-520.16,1625449482.0,64.0
-510.02,1625449482.0,64.0
-478.92,1625449482.0,64.0
-432.93,1625449482.0,64.0
-378.8,1625449482.0,64.0
-321.89,1625449482.0,64.0
-265.16,1625449482.0,64.0
-210.26,1625449482.0,64.0
-158.75,1625449482.0,64.0
-113.12,1625449482.0,64.0
-75.69,1625449482.0,64.0
-47.02,1625449482.0,64.0
-24.57,1625449482.0,64.0
-3.01,1625449482.0,64.0
24.01,1625449482.0,64.0
61.6,1625449482.0,64.0
111.75,1625449482.0,64.0
172.58,1625449482.0,64.0
238.24,1625449482.0,64.0
299.92,1625449482.0,64.0
347.59,1625449482.0,64.0
372.19,1625449482.0,64.0
368.1,1625449482.0,64.0
335.01,1625449482.0,64.0
278.44,1625449482.0,64.0
208.43,1625449482.0,64.0
136.94,1625449482.0,64.0
75.05,1625449482.0,64.0
30.87,1625449482.0,64.0
8.81,1625449482.0,64.0
9.41,1625449482.0,64.0
29.67,1625449482.0,64.0
63.66,1625449482.0,64.0
103.49,1625449482.0,64.0
140.91,1625449482.0,64.0
169.4,1625449482.0,64.0
185.81,1625449482.0,64.0
190.82,1625449482.0,64.0
187.69,1625449482.0,64.0
180.15,1625449482.0,64.0
170.74,1625449482.0,64.0
160.07,1625449482.0,64.0
147.63,1625449482.0,64.0
133.02,1625449482.0,64.0
116.91,1625449482.0,64.0
100.91,1625449482.0,64.0
86.62,1625449482.0,64.0
74.73,1625449482.0,64.0
64.8,1625449482.0,64.0
56.03,1625449482.0,64.0
48.21,1625449482.0,64.0
42.2,1625449482.0,64.0
39.23,1625449482.0,64.0
39.69,1625449482.0,64.0
42.01,1625449482.0,64.0
42.73,1625449482.0,64.0
37.9,1625449482.0,64.0
24.91,1625449482.0,64.0
3.75,1625449482.0,64.0
-22.99,1625449482.0,64.0
-51.17,1625449482.0,64.0
-76.51,1625449482.0,64.0
-95.52,1625449482.0,64.0
-105.7,1625449482.0,64.0
-105.23,1625449482.0,64.0
-92.8,1625449482.0,64.0
-68.13,1625449482.0,64.0
-32.81,1625449482.0,64.0
8.9,1625449482.0,64.0
50.57,1625449482.0,64.0
84.9,1625449482.0,64.0
106.12,1625449482.0,64.0
111.97,1625449482.0,64.0
104.61,1625449482.0,64.0
89.86,1625449482.0,64.0
75.0,1625449482.0,64.0
66.2,1625449482.0,64.0
66.21,1625449482.0,64.0
73.7,1625449482.0,64.0
83.98,1625449482.0,64.0
91.05,1625449482.0,64.0
89.86,1625449482.0,64.0
77.99,1625449482.0,64.0
56.24,1625449482.0,64.0
27.96,1625449482.0,64.0
-2.32,1625449482.0,64.0
-30.21,1625449482.0,64.0
-52.36,1625449482.0,64.0
-66.66,1625449482.0,64.0
-72.04,1625449482.0,64.0
-68.17,1625449482.0,64.0
-55.58,1625449482.0,64.0
-35.83,1625449482.0,64.0
-11.72,1625449482.0,64.0
13.02,1625449482.0,64.0
34.44,1625449482.0,64.0
49.52,1625449482.0,64.0
56.95,1625449482.0,64.0
57.37,1625449482.0,64.0
52.79,1625449482.0,64.0
45.52,1625449482.0,64.0
37.25,1625449482.0,64.0
28.5,1625449482.0,64.0
18.94,1625449482.0,64.0
7.98,1625449482.0,64.0
-4.43,1625449482.0,64.0
-17.42,1625449482.0,64.0
-29.37,1625449482.0,64.0
-38.46,1625449482.0,64.0
-43.3,1625449482.0,64.0
-43.36,1625449482.0,64.0
-39.05,1625449482.0,64.0
-31.41,1625449482.0,64.0
-21.64,1625449482.0,64.0
-10.78,1625449482.0,64.0
0.46,1625449482.0,64.0
11.52,1625449482.0,64.0
21.83,1625449482.0,64.0
30.68,1625449482.0,64.0
37.33,1625449482.0,64.0
41.33,1625449482.0,64.0
42.75,1625449482.0,64.0
42.27,1625449482.0,64.0
41.0,1625449482.0,64.0
39.98,1625449482.0,64.0
39.89,1625449482.0,64.0
40.88,1625449482.0,64.0
42.74,1625449482.0,64.0
45.19,1625449482.0,64.0
48.1,1625449482.0,64.0
51.31,1625449482.0,64.0
54.48,1625449482.0,64.0
56.88,1625449482.0,64.0
57.59,1625449482.0,64.0
55.88,1625449482.0,64.0
51.66,1625449482.0,64.0
45.59,1625449482.0,64.0
38.79,1625449482.0,64.0
32.21,1625449482.0,64.0
26.16,1625449482.0,64.0
20.12,1625449482.0,64.0
13.05,1625449482.0,64.0
3.9,1625449482.0,64.0
-8.02,1625449482.0,64.0
-22.81,1625449482.0,64.0
-40.05,1625449482.0,64.0
-58.84,1625449482.0,64.0
-77.84,1625449482.0,64.0
-95.22,1625449482.0,64.0
-108.81,1625449482.0,64.0
-116.53,1625449482.0,64.0
-116.96,1625449482.0,64.0
-109.88,1625449482.0,64.0
-96.44,1625449482.0,64.0
-78.88,1625449482.0,64.0
-59.88,1625449482.0,64.0
-41.95,1625449482.0,64.0
-26.9,1625449482.0,64.0
-15.75,1625449482.0,64.0
-8.81,1625449482.0,64.0
-5.85,1625449482.0,64.0
-6.23,1625449482.0,64.0
-9.02,1625449482.0,64.0
-13.02,1625449482.0,64.0
-16.93,1625449482.0,64.0
-19.7,1625449482.0,64.0
-20.75,1625449482.0,64.0
-20.28,1625449482.0,64.0
-19.06,1625449482.0,64.0
-18.12,1625449482.0,64.0
-18.11,1625449482.0,64.0
-19.0,1625449482.0,64.0
-19.98,1625449482.0,64.0
-19.98,1625449482.0,64.0
-18.32,1625449482.0,64.0
-15.24,1625449482.0,64.0
-11.9,1625449482.0,64.0
-9.88,1625449482.0,64.0
-10.37,1625449482.0,64.0
-13.57,1625449482.0,64.0
-18.55,1625449482.0,64.0
-23.76,1625449482.0,64.0
-27.75,1625449482.0,64.0
-29.91,1625449482.0,64.0
-30.57,1625449482.0,64.0
-30.77,1625449482.0,64.0
-31.59,1625449482.0,64.0
-33.65,1625449482.0,64.0
-36.85,1625449482.0,64.0
-40.48,1625449482.0,64.0
-43.54,1625449482.0,64.0
-45.09,1625449482.0,64.0
-44.52,1625449482.0,64.0
-41.57,1625449482.0,64.0
-36.39,1625449482.0,64.0
-29.38,1625449482.0,64.0
-21.11,1625449482.0,64.0
-12.13,1625449482.0,64.0
-2.89,1625449482.0,64.0
6.31,1625449482.0,64.0
15.3,1625449482.0,64.0
23.87,1625449482.0,64.0
31.72,1625449482.0,64.0
38.51,1625449482.0,64.0
43.94,1625449482.0,64.0
47.86,1625449482.0,64.0
50.33,1625449482.0,64.0
51.58,1625449482.0,64.0
51.84,1625449482.0,64.0
51.29,1625449482.0,64.0
50.07,1625449482.0,64.0
48.32,1625449482.0,64.0
46.2,1625449482.0,64.0
43.89,1625449482.0,64.0
41.6,1625449482.0,64.0
39.43,1625449482.0,64.0
37.48,1625449482.0,64.0
35.71,1625449482.0,64.0
33.96,1625449482.0,64.0
31.88,1625449482.0,64.0
28.96,1625449482.0,64.0
24.79,1625449482.0,64.0
19.23,1625449482.0,64.0
12.66,1625449482.0,64.0
5.86,1625449482.0,64.0
-0.2,1625449482.0,64.0
-4.83,1625449482.0,64.0
-7.95,1625449482.0,64.0
-10.09,1625449482.0,64.0
-12.19,1625449482.0,64.0
-15.17,1625449482.0,64.0
-19.63,1625449482.0,64.0
-25.65,1625449482.0,64.0
-32.97,1625449482.0,64.0
-40.99,1625449482.0,64.0
-48.95,1625449482.0,64.0
-55.87,1625449482.0,64.0
-60.68,1625449482.0,64.0
-62.4,1625449482.0,64.0
-60.45,1625449482.0,64.0
-54.93,1625449482.0,64.0
-46.6,1625449482.0,64.0
-36.65,1625449482.0,64.0
-26.27,1625449482.0,64.0
-16.26,1625449482.0,64.0
-6.89,1625449482.0,64.0
1.83,1625449482.0,64.0
9.87,1625449482.0,64.0
16.9,1625449482.0,64.0
22.36,1625449482.0,64.0
25.74,1625449482.0,64.0
26.95,1625449482.0,64.0
26.45,1625449482.0,64.0
25.1,1625449482.0,64.0
23.84,1625449482.0,64.0
23.24,1625449482.0,64.0
23.4,1625449482.0,64.0
23.98,1625449482.0,64.0
24.51,1625449482.0,64.0
24.69,1625449482.0,64.0
24.47,1625449482.0,64.0
24.03,1625449482.0,64.0
23.52,1625449482.0,64.0
22.99,1625449482.0,64.0
22.21,1625449482.0,64.0
20.89,1625449482.0,64.0
18.74,1625449482.0,64.0
15.72,1625449482.0,64.0
12.0,1625449482.0,64.0
8.01,1625449482.0,64.0
4.21,1625449482.0,64.0
0.98,1625449482.0,64.0
-1.57,1625449482.0,64.0
-3.64,1625449482.0,64.0
-5.71,1625449482.0,64.0
-8.35,1625449482.0,64.0
-12.07,1625449482.0,64.0
-17.07,1625449482.0,64.0
-23.22,1625449482.0,64.0
-30.06,1625449482.0,64.0
-36.88,1625449482.0,64.0
-42.83,1625449482.0,64.0
-47.01,1625449482.0,64.0
-48.68,1625449482.0,64.0
-47.39,1625449482.0,64.0
-43.17,1625449482.0,64.0
-36.58,1625449482.0,64.0
-28.55,1625449482.0,64.0
-20.04,1625449482.0,64.0
-11.7,1625449482.0,64.0
-3.61,1625449482.0,64.0
4.51,1625449482.0,64.0
13.0,1625449482.0,64.0
21.76,1625449482.0,64.0
30.15,1625449482.0,64.0
37.19,1625449482.0,64.0
42.05,1625449482.0,64.0
44.53,1625449482.0,64.0
45.17,1625449482.0,64.0
44.97,1625449482.0,64.0
44.9,1625449482.0,64.0
45.42,1625449482.0,64.0
46.36,1625449482.0,64.0
47.09,1625449482.0,64.0
46.99,1625449482.0,64.0
45.79,1625449482.0,64.0
43.67,1625449482.0,64.0
41.07,1625449482.0,64.0
38.38,1625449482.0,64.0
35.71,1625449482.0,64.0
32.8,1625449482.0,64.0
29.26,1625449482.0,64.0
24.73,1625449482.0,64.0
19.17,1625449482.0,64.0
12.88,1625449482.0,64.0
6.4,1625449482.0,64.0
0.31,1625449482.0,64.0
-5.03,1625449482.0,64.0
-9.59,1625449482.0,64.0
-13.72,1625449482.0,64.0
-17.97,1625449482.0,64.0
-22.85,1625449482.0,64.0
-28.66,1625449482.0,64.0
-35.43,1625449482.0,64.0
-42.88,1625449482.0,64.0
-50.63,1625449482.0,64.0
-58.13,1625449482.0,64.0
-64.72,1625449482.0,64.0
-69.61,1625449482.0,64.0
-71.94,1625449482.0,64.0
-71.0,1625449482.0,64.0
-66.49,1625449482.0,64.0
-58.69,1625449482.0,64.0
-48.41,1625449482.0,64.0
-36.7,1625449482.0,64.0
-24.49,1625449482.0,64.0
-12.3,1625449482.0,64.0
-0.27,1625449482.0,64.0
11.56,1625449482.0,64.0
22.87,1625449482.0,64.0
32.99,1625449482.0,64.0
40.97,1625449482.0,64.0
46.13,1625449482.0,64.0
48.38,1625449482.0,64.0
48.3,1625449482.0,64.0
46.98,1625449482.0,64.0
45.47,1625449482.0,64.0
44.47,1625449482.0,64.0
44.14,1625449482.0,64.0
44.17,1625449482.0,64.0
44.08,1625449482.0,64.0
43.45,1625449482.0,64.0
42.05,1625449482.0,64.0
39.82,1625449482.0,64.0
36.89,1625449482.0,64.0
33.4,1625449482.0,64.0
29.49,1625449482.0,64.0
25.23,1625449482.0,64.0
20.61,1625449482.0,64.0
15.61,1625449482.0,64.0
10.27,1625449482.0,64.0
4.79,1625449482.0,64.0
-0.54,1625449482.0,64.0
-5.46,1625449482.0,64.0
-9.93,1625449482.0,64.0
-14.25,1625449482.0,64.0
-18.91,1625449482.0,64.0
-24.42,1625449482.0,64.0
-30.97,1625449482.0,64.0
-38.41,1625449482.0,64.0
-46.36,1625449482.0,64.0
-54.31,1625449482.0,64.0
-61.83,1625449482.0,64.0
-68.41,1625449482.0,64.0
-73.4,1625449482.0,64.0
-75.97,1625449482.0,64.0
-75.36,1625449482.0,64.0
-71.15,1625449482.0,64.0
-63.5,1625449482.0,64.0
-53.16,1625449482.0,64.0
-41.16,1625449482.0,64.0
-28.44,1625449482.0,64.0
-15.58,1625449482.0,64.0
-2.87,1625449482.0,64.0
9.43,1625449482.0,64.0
20.85,1625449482.0,64.0
30.7,1625449482.0,64.0
38.25,1625449482.0,64.0
43.2,1625449482.0,64.0
45.8,1625449482.0,64.0
46.83,1625449482.0,64.0
47.29,1625449482.0,64.0
48.02,1625449482.0,64.0
49.35,1625449482.0,64.0
51.11,1625449482.0,64.0
52.74,1625449482.0,64.0
53.63,1625449482.0,64.0
53.28,1625449482.0,64.0
51.53,1625449482.0,64.0
48.45,1625449482.0,64.0
44.25,1625449482.0,64.0
39.14,1625449482.0,64.0
33.26,1625449482.0,64.0
26.75,1625449482.0,64.0
19.86,1625449482.0,64.0
12.95,1625449482.0,64.0
6.49,1625449482.0,64.0
0.86,1625449482.0,64.0
-3.85,1625449482.0,64.0
-7.85,1625449482.0,64.0
-11.67,1625449482.0,64.0
-15.91,1625449482.0,64.0
-21.08,1625449482.0,64.0
-27.44,1625449482.0,64.0
-35.05,1625449482.0,64.0
-43.78,1625449482.0,64.0
-53.29,1625449482.0,64.0
-63.05,1625449482.0,64.0
-72.12,1625449482.0,64.0
-79.27,1625449482.0,64.0
-83.17,1625449482.0,64.0
-82.74,1625449482.0,64.0
-77.68,1625449482.0,64.0
-68.47,1625449482.0,64.0
-56.29,1625449482.0,64.0
-42.51,1625449482.0,64.0
-28.2,1625449482.0,64.0
-13.93,1625449482.0,64.0
0.13,1625449482.0,64.0
13.85,1625449482.0,64.0
26.82,1625449482.0,64.0
38.22,1625449482.0,64.0
47.17,1625449482.0,64.0
53.06,1625449482.0,64.0
55.88,1625449482.0,64.0
56.27,1625449482.0,64.0
55.15,1625449482.0,64.0
53.35,1625449482.0,64.0
51.28,1625449482.0,64.0
48.95,1625449482.0,64.0
46.13,1625449482.0,64.0
42.71,1625449482.0,64.0
38.77,1625449482.0,64.0
34.56,1625449482.0,64.0
30.33,1625449482.0,64.0
26.16,1625449482.0,64.0
21.9,1625449482.0,64.0
17.2,1625449482.0,64.0
11.75,1625449482.0,64.0
5.39,1625449482.0,64.0
-1.74,1625449482.0,64.0
-9.25,1625449482.0,64.0
-16.59,1625449482.0,64.0
-23.2,1625449482.0,64.0
-28.74,1625449482.0,64.0
-33.12,1625449482.0,64.0
-36.58,1625449482.0,64.0
-39.6,1625449482.0,64.0
-42.69,1625449482.0,64.0
-46.29,1625449482.0,64.0
-50.54,1625449482.0,64.0
-55.29,1625449482.0,64.0
-59.94,1625449482.0,64.0
-63.67,1625449482.0,64.0
-65.5,1625449482.0,64.0
-64.62,1625449482.0,64.0
-60.66,1625449482.0,64.0
-53.81,1625449482.0,64.0
-44.88,1625449482.0,64.0
-34.96,1625449482.0,64.0
-25.17,1625449482.0,64.0
-16.23,1625449482.0,64.0
-8.33,1625449482.0,64.0
-1.22,1625449482.0,64.0
5.47,1625449482.0,64.0
11.87,1625449482.0,64.0
17.73,1625449482.0,64.0
22.48,1625449482.0,64.0
25.54,1625449482.0,64.0
26.63,1625449482.0,64.0
26.08,1625449482.0,64.0
24.62,1625449482.0,64.0
23.18,1625449482.0,64.0
22.36,1625449482.0,64.0
22.28,1625449482.0,64.0
22.61,1625449482.0,64.0
22.86,1625449482.0,64.0
22.77,1625449482.0,64.0
22.47,1625449482.0,64.0
22.38,1625449482.0,64.0
22.9,1625449482.0,64.0
24.12,1625449482.0,64.0
25.61,1625449482.0,64.0
26.61,1625449482.0,64.0
26.3,1625449482.0,64.0
24.17,1625449482.0,64.0
20.23,1625449482.0,64.0
14.98,1625449482.0,64.0
9.13,1625449482.0,64.0
3.36,1625449482.0,64.0
-2.03,1625449482.0,64.0
-7.14,1625449482.0,64.0
-12.34,1625449482.0,64.0
-18.08,1625449482.0,64.0
-24.65,1625449482.0,64.0
-32.05,1625449482.0,64.0
-39.96,1625449482.0,64.0
-47.79,1625449482.0,64.0
-54.8,1625449482.0,64.0
-60.14,1625449482.0,64.0
-63.03,1625449482.0,64.0
-62.89,1625449482.0,64.0
-59.49,1625449482.0,64.0
-53.07,1625449482.0,64.0
-44.26,1625449482.0,64.0
-33.85,1625449482.0,64.0
-22.64,1625449482.0,64.0
-11.14,1625449482.0,64.0
0.35,1625449482.0,64.0
11.63,1625449482.0,64.0
22.37,1625449482.0,64.0
32.01,1625449482.0,64.0
39.86,1625449482.0,64.0
45.33,1625449482.0,64.0
48.15,1625449482.0,64.0
48.6,1625449482.0,64.0
47.46,1625449482.0,64.0
45.69,1625449482.0,64.0
44.14,1625449482.0,64.0
43.26,1625449482.0,64.0
42.94,1625449482.0,64.0
42.73,1625449482.0,64.0
42.07,1625449482.0,64.0
40.6,1625449482.0,64.0
38.27,1625449482.0,64.0
35.36,1625449482.0,64.0
32.23,1625449482.0,64.0
29.09,1625449482.0,64.0
25.95,1625449482.0,64.0
22.57,1625449482.0,64.0
18.68,1625449482.0,64.0
14.14,1625449482.0,64.0
9.09,1625449482.0,64.0
3.88,1625449482.0,64.0
-1.08,1625449482.0,64.0
-5.58,1625449482.0,64.0
-9.65,1625449482.0,64.0
-13.6,1625449482.0,64.0
-17.88,1625449482.0,64.0
-22.89,1625449482.0,64.0
-28.86,1625449482.0,64.0
-35.76,1625449482.0,64.0
-43.33,1625449482.0,64.0
-51.14,1625449482.0,64.0
-58.58,1625449482.0,64.0
-64.92,1625449482.0,64.0
-69.31,1625449482.0,64.0
-70.94,1625449482.0,64.0
-69.18,1625449482.0,64.0
-63.86,1625449482.0,64.0
-55.31,1625449482.0,64.0
-44.38,1625449482.0,64.0
-32.15,1625449482.0,64.0
-19.59,1625449482.0,64.0
-7.39,1625449482.0,64.0
4.15,1625449482.0,64.0
14.95,1625449482.0,64.0
24.87,1625449482.0,64.0
33.59,1625449482.0,64.0
40.59,1625449482.0,64.0
45.48,1625449482.0,64.0
48.18,1625449482.0,64.0
49.14,1625449482.0,64.0
49.18,1625449482.0,64.0
49.16,1625449482.0,64.0
49.62,1625449482.0,64.0
50.58,1625449482.0,64.0
51.57,1625449482.0,64.0
51.93,1625449482.0,64.0
51.2,1625449482.0,64.0
49.31,1625449482.0,64.0
46.55,1625449482.0,64.0
43.44,1625449482.0,64.0
40.38,1625449482.0,64.0
37.53,1625449482.0,64.0
34.79,1625449482.0,64.0
31.9,1625449482.0,64.0
28.58,1625449482.0,64.0
24.72,1625449482.0,64.0
20.39,1625449482.0,64.0
15.78,1625449482.0,64.0
11.12,1625449482.0,64.0
6.56,1625449482.0,64.0
2.07,1625449482.0,64.0
-2.52,1625449482.0,64.0
-7.45,1625449482.0,64.0
-12.96,1625449482.0,64.0
-19.18,1625449482.0,64.0
-26.14,1625449482.0,64.0
-33.74,1625449482.0,64.0
-41.82,1625449482.0,64.0
-50.09,1625449482.0,64.0
-57.97,1625449482.0,64.0
-64.63,1625449482.0,64.0
-68.98,1625449482.0,64.0
-69.97,1625449482.0,64.0
-66.97,1625449482.0,64.0
-60.01,1625449482.0,64.0
-49.84,1625449482.0,64.0
-37.7,1625449482.0,64.0
-24.85,1625449482.0,64.0
-12.22,1625449482.0,64.0
-0.31,1625449482.0,64.0
10.69,1625449482.0,64.0
20.63,1625449482.0,64.0
29.22,1625449482.0,64.0
36.05,1625449482.0,64.0
40.75,1625449482.0,64.0
43.29,1625449482.0,64.0
43.98,1625449482.0,64.0
43.46,1625449482.0,64.0
42.41,1625449482.0,64.0
41.31,1625449482.0,64.0
40.31,1625449482.0,64.0
39.26,1625449482.0,64.0
37.96,1625449482.0,64.0
36.24,1625449482.0,64.0
34.15,1625449482.0,64.0
31.91,1625449482.0,64.0
29.77,1625449482.0,64.0
27.85,1625449482.0,64.0
26.12,1625449482.0,64.0
24.4,1625449482.0,64.0
22.49,1625449482.0,64.0
20.26,1625449482.0,64.0
17.68,1625449482.0,64.0
14.81,1625449482.0,64.0
11.73,1625449482.0,64.0
8.45,1625449482.0,64.0
4.89,1625449482.0,64.0
0.94,1625449482.0,64.0
-3.52,1625449482.0,64.0
-8.54,1625449482.0,64.0
-14.0,1625449482.0,64.0
-19.71,1625449482.0,64.0
-25.36,1625449482.0,64.0
-30.75,1625449482.0,64.0
-35.8,1625449482.0,64.0
-40.69,1625449482.0,64.0
-45.72,1625449482.0,64.0
-50.97,1625449482.0,64.0
-56.19,1625449482.0,64.0
-60.6,1625449482.0,64.0
-63.08,1625449482.0,64.0
-62.6,1625449482.0,64.0
-58.65,1625449482.0,64.0
-51.5,1625449482.0,64.0
-42.12,1625449482.0,64.0
-31.8,1625449482.0,64.0
-21.63,1625449482.0,64.0
-12.16,1625449482.0,64.0
-3.36,1625449482.0,64.0
5.04,1625449482.0,64.0
13.15,1625449482.0,64.0
20.69,1625449482.0,64.0
27.03,1625449482.0,64.0
31.59,1625449482.0,64.0
34.14,1625449482.0,64.0
35.03,1625449482.0,64.0
35.06,1625449482.0,64.0
35.01,1625449482.0,64.0
35.4,1625449482.0,64.0
36.25,1625449482.0,64.0
37.18,1625449482.0,64.0
37.66,1625449482.0,64.0
37.33,1625449482.0,64.0
36.11,1625449482.0,64.0
34.15,1625449482.0,64.0
31.71,1625449482.0,64.0
28.95,1625449482.0,64.0
25.95,1625449482.0,64.0
22.62,1625449482.0,64.0
18.92,1625449482.0,64.0
14.89,1625449482.0,64.0
10.73,1625449482.0,64.0
6.69,1625449482.0,64.0
2.98,1625449482.0,64.0
-0.3,1625449482.0,64.0
-3.23,1625449482.0,64.0
-6.0,1625449482.0,64.0
-8.75,1625449482.0,64.0
-11.58,1625449482.0,64.0
-14.47,1625449482.0,64.0
-17.43,1625449482.0,64.0
-20.5,1625449482.0,64.0
-23.9,1625449482.0,64.0
-27.86,1625449482.0,64.0
-32.57,1625449482.0,64.0
-38.0,1625449482.0,64.0
-43.78,1625449482.0,64.0
-49.21,1625449482.0,64.0
-53.3,1625449482.0,64.0
-55.1,1625449482.0,64.0
-53.93,1625449482.0,64.0
-49.65,1625449482.0,64.0
-42.74,1625449482.0,64.0
-34.08,1625449482.0,64.0
-24.73,1625449482.0,64.0
-15.49,1625449482.0,64.0
-6.81,1625449482.0,64.0
1.24,1625449482.0,64.0
8.71,1625449482.0,64.0
15.51,1625449482.0,64.0
21.32,1625449482.0,64.0
25.72,1625449482.0,64.0
28.42,1625449482.0,64.0
29.48,1625449482.0,64.0
29.34,1625449482.0,64.0
28.66,1625449482.0,64.0
28.06,1625449482.0,64.0
27.9,1625449482.0,64.0
28.15,1625449482.0,64.0
28.53,1625449482.0,64.0
28.65,1625449482.0,64.0
28.24,1625449482.0,64.0
27.15,1625449482.0,64.0
25.46,1625449482.0,64.0
23.28,1625449482.0,64.0
20.74,1625449482.0,64.0
17.89,1625449482.0,64.0
14.76,1625449482.0,64.0
11.44,1625449482.0,64.0
8.02,1625449482.0,64.0
4.64,1625449482.0,64.0
1.38,1625449482.0,64.0
-1.73,1625449482.0,64.0
-4.76,1625449482.0,64.0
-7.82,1625449482.0,64.0
-11.02,1625449482.0,64.0
-14.48,1625449482.0,64.0
-18.22,1625449482.0,64.0
-22.28,1625449482.0,64.0
-26.64,1625449482.0,64.0
-31.32,1625449482.0,64.0
-36.28,1625449482.0,64.0
-41.46,1625449482.0,64.0
-46.68,1625449482.0,64.0
-51.54,1625449482.0,64.0
-55.42,1625449482.0,64.0
-57.51,1625449482.0,64.0
-57.11,1625449482.0,64.0
-53.81,1625449482.0,64.0
-47.79,1625449482.0,64.0
-39.75,1625449482.0,64.0
-30.66,1625449482.0,64.0
-21.42,1625449482.0,64.0
-12.47,1625449482.0,64.0
-3.87,1625449482.0,64.0
4.53,1625449482.0,64.0
12.69,1625449482.0,64.0
20.24,1625449482.0,64.0
26.46,1625449482.0,64.0
30.67,1625449482.0,64.0
32.61,1625449482.0,64.0
32.63,1625449482.0,64.0
31.58,1625449482.0,64.0
30.38,1625449482.0,64.0
29.65,1625449482.0,64.0
29.52,1625449482.0,64.0
29.67,1625449482.0,64.0
29.62,1625449482.0,64.0
28.96,1625449482.0,64.0
27.56,1625449482.0,64.0
25.49,1625449482.0,64.0
22.97,1625449482.0,64.0
20.23,1625449482.0,64.0
17.45,1625449482.0,64.0
14.71,1625449482.0,64.0
11.99,1625449482.0,64.0
9.21,1625449482.0,64.0
6.2,1625449482.0,64.0
2.81,1625449482.0,64.0
-0.99,1625449482.0,64.0
-5.09,1625449482.0,64.0
-9.21,1625449482.0,64.0
-13.13,1625449482.0,64.0
-16.7,1625449482.0,64.0
-20.0,1625449482.0,64.0
-23.22,1625449482.0,64.0
-26.65,1625449482.0,64.0
-30.5,1625449482.0,64.0
-34.92,1625449482.0,64.0
-39.89,1625449482.0,64.0
-45.27,1625449482.0,64.0
-50.69,1625449482.0,64.0
-55.5,1625449482.0,64.0
-58.87,1625449482.0,64.0
-59.89,1625449482.0,64.0
-57.87,1625449482.0,64.0
-52.62,1625449482.0,64.0
-44.49,1625449482.0,64.0
-34.35,1625449482.0,64.0
-23.28,1625449482.0,64.0
-12.27,1625449482.0,64.0
-1.93,1625449482.0,64.0
7.43,1625449482.0,64.0
15.76,1625449482.0,64.0
23.03,1625449482.0,64.0
29.06,1625449482.0,64.0
33.57,1625449482.0,64.0
36.32,1625449482.0,64.0
37.3,1625449482.0,64.0
36.87,1625449482.0,64.0
35.72,1625449482.0,64.0
34.56,1625449482.0,64.0
33.85,1625449482.0,64.0
33.6,1625449482.0,64.0
33.38,1625449482.0,64.0
32.63,1625449482.0,64.0
30.92,1625449482.0,64.0
28.25,1625449482.0,64.0
24.97,1625449482.0,64.0
21.62,1625449482.0,64.0
18.65,1625449482.0,64.0
16.25,1625449482.0,64.0
14.31,1625449482.0,64.0
12.5,1625449482.0,64.0
10.45,1625449482.0,64.0
7.83,1625449482.0,64.0
4.52,1625449482.0,64.0
0.58,1625449482.0,64.0
-3.66,1625449482.0,64.0
-7.74,1625449482.0,64.0
-11.31,1625449482.0,64.0
-14.2,1625449482.0,64.0
-16.62,1625449482.0,64.0
-19.0,1625449482.0,64.0
-21.85,1625449482.0,64.0
-25.5,1625449482.0,64.0
-30.04,1625449482.0,64.0
-35.35,1625449482.0,64.0
-41.13,1625449482.0,64.0
-47.01,1625449482.0,64.0
-52.41,1625449482.0,64.0
-56.52,1625449482.0,64.0
-58.37,1625449482.0,64.0
-57.15,1625449482.0,64.0
-52.57,1625449482.0,64.0
-45.09,1625449482.0,64.0
-35.83,1625449482.0,64.0
-26.09,1625449482.0,64.0
-16.87,1625449482.0,64.0
-8.49,1625449482.0,64.0
-0.74,1625449482.0,64.0
6.81,1625449482.0,64.0
14.33,1625449482.0,64.0
21.53,1625449482.0,64.0
27.75,1625449482.0,64.0
32.35,1625449482.0,64.0
35.06,1625449482.0,64.0
36.12,1625449482.0,64.0
36.12,1625449482.0,64.0
35.76,1625449482.0,64.0
35.48,1625449482.0,64.0
35.4,1625449482.0,64.0
35.29,1625449482.0,64.0
34.81,1625449482.0,64.0
33.71,1625449482.0,64.0
31.92,1625449482.0,64.0
29.58,1625449482.0,64.0
26.98,1625449482.0,64.0
24.34,1625449482.0,64.0
21.81,1625449482.0,64.0
19.39,1625449482.0,64.0
16.94,1625449482.0,64.0
14.27,1625449482.0,64.0
11.21,1625449482.0,64.0
7.64,1625449482.0,64.0
3.57,1625449482.0,64.0
-0.86,1625449482.0,64.0
-5.34,1625449482.0,64.0
-9.54,1625449482.0,64.0
-13.26,1625449482.0,64.0
-16.48,1625449482.0,64.0
-19.42,1625449482.0,64.0
-22.46,1625449482.0,64.0
-26.01,1625449482.0,64.0
-30.36,1625449482.0,64.0
-35.57,1625449482.0,64.0
-41.49,1625449482.0,64.0
-47.71,1625449482.0,64.0
-53.57,1625449482.0,64.0
-58.14,1625449482.0,64.0
-60.4,1625449482.0,64.0
-59.45,1625449482.0,64.0
-54.82,1625449482.0,64.0
-46.72,1625449482.0,64.0
-36.06,1625449482.0,64.0
-24.19,1625449482.0,64.0
-12.48,1625449482.0,64.0
-1.88,1625449482.0,64.0
7.29,1625449482.0,64.0
15.2,1625449482.0,64.0
22.2,1625449482.0,64.0
28.44,1625449482.0,64.0
33.73,1625449482.0,64.0
37.53,1625449482.0,64.0
39.34,1625449482.0,64.0
38.98,1625449482.0,64.0
36.73,1625449482.0,64.0
33.29,1625449482.0,64.0
29.47,1625449482.0,64.0
25.91,1625449482.0,64.0
22.86,1625449482.0,64.0
20.18,1625449482.0,64.0
17.55,1625449482.0,64.0
14.66,1625449482.0,64.0
11.5,1625449482.0,64.0
8.23,1625449482.0,64.0
5.23,1625449482.0,64.0
2.86,1625449482.0,64.0
1.39,1625449482.0,64.0
0.91,1625449482.0,64.0
1.4,1625449482.0,64.0
2.77,1625449482.0,64.0
4.82,1625449482.0,64.0
7.34,1625449482.0,64.0
10.05,1625449482.0,64.0
12.62,1625449482.0,64.0
14.69,1625449482.0,64.0
15.89,1625449482.0,64.0
15.91,1625449482.0,64.0
14.43,1625449482.0,64.0
11.26,1625449482.0,64.0
6.3,1625449482.0,64.0
-0.38,1625449482.0,64.0
-8.55,1625449482.0,64.0
-17.79,1625449482.0,64.0
-27.52,1625449482.0,64.0
-36.97,1625449482.0,64.0
-45.21,1625449482.0,64.0
-51.36,1625449482.0,64.0
-54.71,1625449482.0,64.0
-54.95,1625449482.0,64.0
-52.28,1625449482.0,64.0
-47.35,1625449482.0,64.0
-41.03,1625449482.0,64.0
-34.09,1625449482.0,64.0
-27.04,1625449482.0,64.0
-20.09,1625449482.0,64.0
-13.27,1625449482.0,64.0
-6.64,1625449482.0,64.0
-0.36,1625449482.0,64.0
5.34,1625449482.0,64.0
10.35,1625449482.0,64.0
14.74,1625449482.0,64.0
18.8,1625449482.0,64.0
22.85,1625449482.0,64.0
27.13,1625449482.0,64.0
31.62,1625449482.0,64.0
36.09,1625449482.0,64.0
40.18,1625449482.0,64.0
43.51,1625449482.0,64.0
45.73,1625449482.0,64.0
46.61,1625449482.0,64.0
46.05,1625449482.0,64.0
44.05,1625449482.0,64.0
40.7,1625449482.0,64.0
36.2,1625449482.0,64.0
30.77,1625449482.0,64.0
24.65,1625449482.0,64.0
18.04,1625449482.0,64.0
11.14,1625449482.0,64.0
4.17,1625449482.0,64.0
-2.57,1625449482.0,64.0
-8.71,1625449482.0,64.0
-13.92,1625449482.0,64.0
-18.05,1625449482.0,64.0
-21.17,1625449482.0,64.0
-23.58,1625449482.0,64.0
-25.66,1625449482.0,64.0
-27.79,1625449482.0,64.0
-30.2,1625449482.0,64.0
-32.92,1625449482.0,64.0
-35.86,1625449482.0,64.0
-38.8,1625449482.0,64.0
-41.4,1625449482.0,64.0
-43.21,1625449482.0,64.0
-43.68,1625449482.0,64.0
-42.28,1625449482.0,64.0
-38.7,1625449482.0,64.0
-32.99,1625449482.0,64.0
-25.68,1625449482.0,64.0
-17.54,1625449482.0,64.0
-9.43,1625449482.0,64.0
-1.95,1625449482.0,64.0
4.59,1625449482.0,64.0
10.14,1625449482.0,64.0
14.7,1625449482.0,64.0
18.22,1625449482.0,64.0
20.61,1625449482.0,64.0
21.87,1625449482.0,64.0
22.22,1625449482.0,64.0
22.13,1625449482.0,64.0
22.16,1625449482.0,64.0
22.7,1625449482.0,64.0
23.78,1625449482.0,64.0
25.1,1625449482.0,64.0
26.19,1625449482.0,64.0
26.77,1625449482.0,64.0
26.84,1625449482.0,64.0
26.76,1625449482.0,64.0
26.92,1625449482.0,64.0
27.53,1625449482.0,64.0
28.42,1625449482.0,64.0
29.09,1625449482.0,64.0
28.91,1625449482.0,64.0
27.33,1625449482.0,64.0
24.11,1625449482.0,64.0
19.32,1625449482.0,64.0
13.31,1625449482.0,64.0
6.6,1625449482.0,64.0
-0.3,1625449482.0,64.0
-6.98,1625449482.0,64.0
-13.2,1625449482.0,64.0
-18.95,1625449482.0,64.0
-24.42,1625449482.0,64.0
-29.83,1625449482.0,64.0
-35.38,1625449482.0,64.0
-41.08,1625449482.0,64.0
-46.75,1625449482.0,64.0
-51.91,1625449482.0,64.0
-55.94,1625449482.0,64.0
-58.08,1625449482.0,64.0
-57.68,1625449482.0,64.0
-54.37,1625449482.0,64.0
-48.27,1625449482.0,64.0
-40.01,1625449482.0,64.0
-30.55,1625449482.0,64.0
-20.88,1625449482.0,64.0
-11.64,1625449482.0,64.0
-3.02,1625449482.0,64.0
5.14,1625449482.0,64.0
13.03,1625449482.0,64.0
20.56,1625449482.0,64.0
27.25,1625449482.0,64.0
32.41,1625449482.0,64.0
35.5,1625449482.0,64.0
36.49,1625449482.0,64.0
35.84,1625449482.0,64.0
34.47,1625449482.0,64.0
33.24,1625449482.0,64.0
32.66,1625449482.0,64.0
32.7,1625449482.0,64.0
32.89,1625449482.0,64.0
32.67,1625449482.0,64.0
31.65,1625449482.0,64.0
29.88,1625449482.0,64.0
27.69,1625449482.0,64.0
25.51,1625449482.0,64.0
23.58,1625449482.0,64.0
21.79,1625449482.0,64.0
19.77,1625449482.0,64.0
17.12,1625449482.0,64.0
13.63,1625449482.0,64.0
9.44,1625449482.0,64.0
4.94,1625449482.0,64.0
0.55,1625449482.0,64.0
-3.44,1625449482.0,64.0
-7.03,1625449482.0,64.0
-10.44,1625449482.0,64.0
-13.99,1625449482.0,64.0
-17.95,1625449482.0,64.0
-22.44,1625449482.0,64.0
-27.46,1625449482.0,64.0
-32.85,1625449482.0,64.0
-38.43,1625449482.0,64.0
-43.84,1625449482.0,64.0
-48.58,1625449482.0,64.0
-51.97,1625449482.0,64.0
-53.24,1625449482.0,64.0
-51.84,1625449482.0,64.0
-47.61,1625449482.0,64.0
-40.94,1625449482.0,64.0
-32.64,1625449482.0,64.0
-23.65,1625449482.0,64.0
-14.74,1625449482.0,64.0
-6.26,1625449482.0,64.0
1.76,1625449482.0,64.0
9.45,1625449482.0,64.0
16.72,1625449482.0,64.0
23.21,1625449482.0,64.0
28.4,1625449482.0,64.0
31.88,1625449482.0,64.0
33.71,1625449482.0,64.0
34.34,1625449482.0,64.0
34.53,1625449482.0,64.0
34.87,1625449482.0,64.0
35.56,1625449482.0,64.0
36.33,1625449482.0,64.0
36.67,1625449482.0,64.0
36.09,1625449482.0,64.0
34.45,1625449482.0,64.0
31.98,1625449482.0,64.0
29.15,1625449482.0,64.0
26.43,1625449482.0,64.0
23.99,1625449482.0,64.0
21.73,1625449482.0,64.0
19.28,1625449482.0,64.0
16.27,1625449482.0,64.0
12.55,1625449482.0,64.0
8.31,1625449482.0,64.0
3.98,1625449482.0,64.0
0.04,1625449482.0,64.0
-3.23,1625449482.0,64.0
-5.91,1625449482.0,64.0
-8.46,1625449482.0,64.0
-11.42,1625449482.0,64.0
-15.23,1625449482.0,64.0
-20.04,1625449482.0,64.0
-25.68,1625449482.0,64.0
-31.78,1625449482.0,64.0
-37.95,1625449482.0,64.0
-43.8,1625449482.0,64.0
-48.91,1625449482.0,64.0
-52.73,1625449482.0,64.0
-54.64,1625449482.0,64.0
-54.03,1625449482.0,64.0
-50.6,1625449482.0,64.0
-44.53,1625449482.0,64.0
-36.49,1625449482.0,64.0
-27.44,1625449482.0,64.0
-18.22,1625449482.0,64.0
-9.31,1625449482.0,64.0
-0.81,1625449482.0,64.0
7.37,1625449482.0,64.0
15.22,1625449482.0,64.0
22.41,1625449482.0,64.0
28.35,1625449482.0,64.0
32.51,1625449482.0,64.0
34.78,1625449482.0,64.0
35.51,1625449482.0,64.0
35.44,1625449482.0,64.0
35.31,1625449482.0,64.0
35.52,1625449482.0,64.0
36.03,1625449482.0,64.0
36.42,1625449482.0,64.0
36.29,1625449482.0,64.0
35.39,1625449482.0,64.0
33.79,1625449482.0,64.0
31.77,1625449482.0,64.0
29.6,1625449482.0,64.0
27.4,1625449482.0,64.0
25.16,1625449482.0,64.0
22.71,1625449482.0,64.0
19.91,1625449482.0,64.0
16.66,1625449482.0,64.0
13.0,1625449482.0,64.0
9.04,1625449482.0,64.0
4.93,1625449482.0,64.0
0.86,1625449482.0,64.0
-3.08,1625449482.0,64.0
-6.84,1625449482.0,64.0
-10.47,1625449482.0,64.0
-14.05,1625449482.0,64.0
-17.7,1625449482.0,64.0
-21.6,1625449482.0,64.0
-25.92,1625449482.0,64.0
-30.85,1625449482.0,64.0
-36.45,1625449482.0,64.0
-42.54,1625449482.0,64.0
-48.56,1625449482.0,64.0
-53.62,1625449482.0,64.0
-56.72,1625449482.0,64.0
-56.99,1625449482.0,64.0
-54.13,1625449482.0,64.0
-48.42,1625449482.0,64.0
-40.66,1625449482.0,64.0
-31.83,1625449482.0,64.0
-22.76,1625449482.0,64.0
-13.86,1625449482.0,64.0
-5.22,1625449482.0,64.0
3.18,1625449482.0,64.0
11.23,1625449482.0,64.0
18.5,1625449482.0,64.0
24.46,1625449482.0,64.0
28.68,1625449482.0,64.0
31.11,1625449482.0,64.0
32.2,1625449482.0,64.0
32.61,1625449482.0,64.0
33.03,1625449482.0,64.0
33.82,1625449482.0,64.0
34.92,1625449482.0,64.0
35.97,1625449482.0,64.0
36.5,1625449482.0,64.0
36.21,1625449482.0,64.0
34.99,1625449482.0,64.0
33.03,1625449482.0,64.0
30.59,1625449482.0,64.0
27.94,1625449482.0,64.0
25.27,1625449482.0,64.0
22.62,1625449482.0,64.0
19.95,1625449482.0,64.0
17.13,1625449482.0,64.0
14.04,1625449482.0,64.0
10.58,1625449482.0,64.0
6.77,1625449482.0,64.0
2.76,1625449482.0,64.0
-1.28,1625449482.0,64.0
-5.15,1625449482.0,64.0
-8.76,1625449482.0,64.0
-12.1,1625449482.0,64.0
-15.26,1625449482.0,64.0
-18.39,1625449482.0,64.0
-21.67,1625449482.0,64.0
-25.33,1625449482.0,64.0
-29.63,1625449482.0,64.0
-34.73,1625449482.0,64.0
-40.56,1625449482.0,64.0
-46.67,1625449482.0,64.0
-52.19,1625449482.0,64.0
-56.02,1625449482.0,64.0
-57.11,1625449482.0,64.0
-54.91,1625449482.0,64.0
-49.48,1625449482.0,64.0
-41.6,1625449482.0,64.0
-32.37,1625449482.0,64.0
-22.87,1625449482.0,64.0
-13.83,1625449482.0,64.0
-5.52,1625449482.0,64.0
2.14,1625449482.0,64.0
9.28,1625449482.0,64.0
15.88,1625449482.0,64.0
21.7,1625449482.0,64.0
26.44,1625449482.0,64.0
29.85,1625449482.0,64.0
31.94,1625449482.0,64.0
33.01,1625449482.0,64.0
33.51,1625449482.0,64.0
33.87,1625449482.0,64.0
34.29,1625449482.0,64.0
34.69,1625449482.0,64.0
34.81,1625449482.0,64.0
34.34,1625449482.0,64.0
33.16,1625449482.0,64.0
31.41,1625449482.0,64.0
29.36,1625449482.0,64.0
27.3,1625449482.0,64.0
25.34,1625449482.0,64.0
23.37,1625449482.0,64.0
21.15,1625449482.0,64.0
18.39,1625449482.0,64.0
15.03,1625449482.0,64.0
11.23,1625449482.0,64.0
7.3,1625449482.0,64.0
3.54,1625449482.0,64.0
0.1,1625449482.0,64.0
-3.12,1625449482.0,64.0
-6.37,1625449482.0,64.0
-9.82,1625449482.0,64.0
-13.55,1625449482.0,64.0
-17.44,1625449482.0,64.0
-21.34,1625449482.0,64.0
-25.19,1625449482.0,64.0
-29.1,1625449482.0,64.0
-33.28,1625449482.0,64.0
-37.78,1625449482.0,64.0
-42.39,1625449482.0,64.0
-46.45,1625449482.0,64.0
-49.14,1625449482.0,64.0
-49.69,1625449482.0,64.0
-47.72,1625449482.0,64.0
-43.38,1625449482.0,64.0
-37.26,1625449482.0,64.0
-30.15,1625449482.0,64.0
-22.68,1625449482.0,64.0
-15.19,1625449482.0,64.0
-7.69,1625449482.0,64.0
-0.09,1625449482.0,64.0
7.57,1625449482.0,64.0
15.02,1625449482.0,64.0
21.68,1625449482.0,64.0
27.0,1625449482.0,64.0
30.58,1625449482.0,64.0
32.45,1625449482.0,64.0
33.01,1625449482.0,64.0
32.89,1625449482.0,64.0
32.71,1625449482.0,64.0
32.8,1625449482.0,64.0
33.17,1625449482.0,64.0
33.54,1625449482.0,64.0
33.55,1625449482.0,64.0
32.94,1625449482.0,64.0
31.68,1625449482.0,64.0
29.95,1625449482.0,64.0
27.99,1625449482.0,64.0
26.02,1625449482.0,64.0
24.05,1625449482.0,64.0
21.98,1625449482.0,64.0
19.67,1625449482.0,64.0
16.98,1625449482.0,64.0
13.9,1625449482.0,64.0
10.48,1625449482.0,64.0
6.85,1625449482.0,64.0
3.12,1625449482.0,64.0
-0.59,1625449482.0,64.0
-4.22,1625449482.0,64.0
-7.74,1625449482.0,64.0
-11.22,1625449482.0,64.0
-14.82,1625449482.0,64.0
-18.73,1625449482.0,64.0
-23.1,1625449482.0,64.0
-28.0,1625449482.0,64.0
-33.33,1625449482.0,64.0
-38.8,1625449482.0,64.0
-43.95,1625449482.0,64.0
-48.15,1625449482.0,64.0
-50.72,1625449482.0,64.0
-51.09,1625449482.0,64.0
-48.91,1625449482.0,64.0
-44.27,1625449482.0,64.0
-37.57,1625449482.0,64.0
-29.52,1625449482.0,64.0
-20.84,1625449482.0,64.0
-12.08,1625449482.0,64.0
-3.56,1625449482.0,64.0
4.5,1625449482.0,64.0
11.89,1625449482.0,64.0
18.27,1625449482.0,64.0
23.26,1625449482.0,64.0
26.57,1625449482.0,64.0
28.22,1625449482.0,64.0
28.62,1625449482.0,64.0
28.43,1625449482.0,64.0
28.29,1625449482.0,64.0
28.57,1625449482.0,64.0
29.23,1625449482.0,64.0
29.88,1625449482.0,64.0
30.01,1625449482.0,64.0
29.28,1625449482.0,64.0
27.7,1625449482.0,64.0
25.57,1625449482.0,64.0
23.28,1625449482.0,64.0
21.1,1625449482.0,64.0
19.02,1625449482.0,64.0
16.79,1625449482.0,64.0
14.1,1625449482.0,64.0
10.79,1625449482.0,64.0
6.96,1625449482.0,64.0
2.96,1625449482.0,64.0
-0.81,1625449482.0,64.0
-4.12,1625449482.0,64.0
-6.95,1625449482.0,64.0
-9.52,1625449482.0,64.0
-12.13,1625449482.0,64.0
-15.07,1625449482.0,64.0
-18.54,1625449482.0,64.0
-22.6,1625449482.0,64.0
-27.27,1625449482.0,64.0
-32.48,1625449482.0,64.0
-37.98,1625449482.0,64.0
-43.3,1625449482.0,64.0
-47.75,1625449482.0,64.0
-50.5,1625449482.0,64.0
-50.91,1625449482.0,64.0
-48.66,1625449482.0,64.0
-43.92,1625449482.0,64.0
-37.31,1625449482.0,64.0
-29.6,1625449482.0,64.0
-21.49,1625449482.0,64.0
-13.41,1625449482.0,64.0
-5.55,1625449482.0,64.0
1.98,1625449482.0,64.0
8.93,1625449482.0,64.0
14.9,1625449482.0,64.0
19.46,1625449482.0,64.0
22.39,1625449482.0,64.0
23.89,1625449482.0,64.0
24.58,1625449482.0,64.0
25.24,1625449482.0,64.0
26.41,1625449482.0,64.0
28.16,1625449482.0,64.0
30.06,1625449482.0,64.0
31.42,1625449482.0,64.0
31.72,1625449482.0,64.0
30.81,1625449482.0,64.0
28.98,1625449482.0,64.0
26.72,1625449482.0,64.0
24.47,1625449482.0,64.0
22.34,1625449482.0,64.0
20.17,1625449482.0,64.0
17.61,1625449482.0,64.0
14.38,1625449482.0,64.0
10.43,1625449482.0,64.0
5.94,1625449482.0,64.0
1.31,1625449482.0,64.0
-3.08,1625449482.0,64.0
-7.02,1625449482.0,64.0
-10.55,1625449482.0,64.0
-13.93,1625449482.0,64.0
-17.56,1625449482.0,64.0
-21.76,1625449482.0,64.0
-26.72,1625449482.0,64.0
-32.4,1625449482.0,64.0
-38.51,1625449482.0,64.0
-44.64,1625449482.0,64.0
-50.2,1625449482.0,64.0
-54.47,1625449482.0,64.0
-56.73,1625449482.0,64.0
-56.41,1625449482.0,64.0
-53.26,1625449482.0,64.0
-47.52,1625449482.0,64.0
-39.89,1625449482.0,64.0
-31.28,1625449482.0,64.0
-22.51,1625449482.0,64.0
-14.04,1625449482.0,64.0
-5.93,1625449482.0,64.0
1.97,1625449482.0,64.0
9.7,1625449482.0,64.0
16.94,1625449482.0,64.0
23.15,1625449482.0,64.0
27.76,1625449482.0,64.0
30.49,1625449482.0,64.0
31.6,1625449482.0,64.0
31.71,1625449482.0,64.0
31.57,1625449482.0,64.0
31.68,1625449482.0,64.0
32.09,1625449482.0,64.0
32.44,1625449482.0,64.0
32.27,1625449482.0,64.0
31.32,1625449482.0,64.0
29.69,1625449482.0,64.0
27.7,1625449482.0,64.0
25.66,1625449482.0,64.0
23.61,1625449482.0,64.0
21.28,1625449482.0,64.0
18.26,1625449482.0,64.0
14.3,1625449482.0,64.0
9.54,1625449482.0,64.0
4.48,1625449482.0,64.0
-0.18,1625449482.0,64.0
-3.91,1625449482.0,64.0
-6.6,1625449482.0,64.0
-8.68,1625449482.0,64.0
-10.91,1625449482.0,64.0
-14.09,1625449482.0,64.0
-18.72,1625449482.0,64.0
-24.8,1625449482.0,64.0
-31.81,1625449482.0,64.0
-38.9,1625449482.0,64.0
-45.11,1625449482.0,64.0
-49.64,1625449482.0,64.0
-51.93,1625449482.0,64.0
-51.74,1625449482.0,64.0
-49.11,1625449482.0,64.0
-44.25,1625449482.0,64.0
-37.57,1625449482.0,64.0
-29.54,1625449482.0,64.0
-20.69,1625449482.0,64.0
-11.45,1625449482.0,64.0
-2.25,1625449482.0,64.0
6.58,1625449482.0,64.0
14.7,1625449482.0,64.0
21.76,1625449482.0,64.0
27.39,1625449482.0,64.0
31.33,1625449482.0,64.0
33.53,1625449482.0,64.0
34.2,1625449482.0,64.0
33.86,1625449482.0,64.0
33.09,1625449482.0,64.0
32.43,1625449482.0,64.0
32.2,1625449482.0,64.0
32.43,1625449482.0,64.0
32.94,1625449482.0,64.0
33.41,1625449482.0,64.0
33.57,1625449482.0,64.0
33.26,1625449482.0,64.0
32.41,1625449482.0,64.0
31.04,1625449482.0,64.0
29.15,1625449482.0,64.0
26.73,1625449482.0,64.0
23.76,1625449482.0,64.0
20.29,1625449482.0,64.0
16.46,1625449482.0,64.0
12.54,1625449482.0,64.0
8.74,1625449482.0,64.0
5.15,1625449482.0,64.0
1.62,1625449482.0,64.0
-2.19,1625449482.0,64.0
-6.71,1625449482.0,64.0
-12.25,1625449482.0,64.0
-18.95,1625449482.0,64.0
-26.64,1625449482.0,64.0
-34.97,1625449482.0,64.0
-43.45,1625449482.0,64.0
-51.45,1625449482.0,64.0
-58.25,1625449482.0,64.0
-63.05,1625449482.0,64.0
-65.11,1625449482.0,64.0
-63.96,1625449482.0,64.0
-59.59,1625449482.0,64.0
-52.5,1625449482.0,64.0
-43.49,1625449482.0,64.0
-33.41,1625449482.0,64.0
-22.9,1625449482.0,64.0
-12.23,1625449482.0,64.0
-1.54,1625449482.0,64.0
9.04,1625449482.0,64.0
19.05,1625449482.0,64.0
27.8,1625449482.0,64.0
34.55,1625449482.0,64.0
38.83,1625449482.0,64.0
40.77,1625449482.0,64.0
41.0,1625449482.0,64.0
40.5,1625449482.0,64.0
40.07,1625449482.0,64.0
40.1,1625449482.0,64.0
40.44,1625449482.0,64.0
40.61,1625449482.0,64.0
40.2,1625449482.0,64.0
39.07,1625449482.0,64.0
37.47,1625449482.0,64.0
35.78,1625449482.0,64.0
34.23,1625449482.0,64.0
32.72,1625449482.0,64.0
30.82,1625449482.0,64.0
28.07,1625449482.0,64.0
24.22,1625449482.0,64.0
19.39,1625449482.0,64.0
14.0,1625449482.0,64.0
8.63,1625449482.0,64.0
3.71,1625449482.0,64.0
-0.63,1625449482.0,64.0
-4.52,1625449482.0,64.0
-8.37,1625449482.0,64.0
-12.63,1625449482.0,64.0
-17.68,1625449482.0,64.0
-23.69,1625449482.0,64.0
-30.57,1625449482.0,64.0
-38.05,1625449482.0,64.0
-45.64,1625449482.0,64.0
-52.75,1625449482.0,64.0
-58.73,1625449482.0,64.0
-62.89,1625449482.0,64.0
-64.57,1625449482.0,64.0
-63.33,1625449482.0,64.0
-58.98,1625449482.0,64.0
-51.68,1625449482.0,64.0
-41.94,1625449482.0,64.0
-30.43,1625449482.0,64.0
-17.86,1625449482.0,64.0
-4.8,1625449482.0,64.0
8.23,1625449482.0,64.0
20.83,1625449482.0,64.0
32.43,1625449482.0,64.0
42.46,1625449482.0,64.0
50.34,1625449482.0,64.0
55.65,1625449482.0,64.0
58.37,1625449482.0,64.0
58.89,1625449482.0,64.0
57.89,1625449482.0,64.0
56.11,1625449482.0,64.0
54.1,1625449482.0,64.0
51.95,1625449482.0,64.0
49.46,1625449482.0,64.0
46.25,1625449482.0,64.0
42.12,1625449482.0,64.0
37.2,1625449482.0,64.0
31.96,1625449482.0,64.0
26.94,1625449482.0,64.0
22.51,1625449482.0,64.0
18.71,1625449482.0,64.0
15.26,1625449482.0,64.0
11.8,1625449482.0,64.0
8.11,1625449482.0,64.0
4.29,1625449482.0,64.0
0.67,1625449482.0,64.0
-2.34,1625449482.0,64.0
-4.57,1625449482.0,64.0
-6.17,1625449482.0,64.0
-7.56,1625449482.0,64.0
-9.3,1625449482.0,64.0
-11.81,1625449482.0,64.0
-15.29,1625449482.0,64.0
-19.72,1625449482.0,64.0
-24.96,1625449482.0,64.0
-30.82,1625449482.0,64.0
-37.08,1625449482.0,64.0
-43.38,1625449482.0,64.0
-49.15,1625449482.0,64.0
-53.57,1625449482.0,64.0
-55.81,1625449482.0,64.0
-55.26,1625449482.0,64.0
-51.8,1625449482.0,64.0
-45.83,1625449482.0,64.0
-38.15,1625449482.0,64.0
-29.63,1625449482.0,64.0
-20.87,1625449482.0,64.0
-12.11,1625449482.0,64.0
-3.34,1625449482.0,64.0
5.42,1625449482.0,64.0
13.93,1625449482.0,64.0
21.61,1625449482.0,64.0
27.83,1625449482.0,64.0
32.2,1625449482.0,64.0
34.79,1625449482.0,64.0
36.2,1625449482.0,64.0
37.23,1625449482.0,64.0
38.53,1625449482.0,64.0
40.26,1625449482.0,64.0
42.08,1625449482.0,64.0
43.33,1625449482.0,64.0
43.46,1625449482.0,64.0
42.24,1625449482.0,64.0
39.89,1625449482.0,64.0
36.87,1625449482.0,64.0
33.66,1625449482.0,64.0
30.49,1625449482.0,64.0
27.34,1625449482.0,64.0
23.99,1625449482.0,64.0
20.2,1625449482.0,64.0
15.89,1625449482.0,64.0
11.22,1625449482.0,64.0
6.48,1625449482.0,64.0
2.03,1625449482.0,64.0
-1.88,1625449482.0,64.0
-5.27,1625449482.0,64.0
-8.36,1625449482.0,64.0
-11.56,1625449482.0,64.0
-15.31,1625449482.0,64.0
-19.9,1625449482.0,64.0
-25.43,1625449482.0,64.0
-31.73,1625449482.0,64.0
-38.47,1625449482.0,64.0
-45.16,1625449482.0,64.0
-51.18,1625449482.0,64.0
-55.8,1625449482.0,64.0
-58.31,1625449482.0,64.0
-58.18,1625449482.0,64.0
-55.18,1625449482.0,64.0
-49.57,1625449482.0,64.0
-41.95,1625449482.0,64.0
-33.14,1625449482.0,64.0
-23.85,1625449482.0,64.0
-14.55,1625449482.0,64.0
-5.49,1625449482.0,64.0
3.21,1625449482.0,64.0
11.32,1625449482.0,64.0
18.48,1625449482.0,64.0
24.32,1625449482.0,64.0
28.65,1625449482.0,64.0
31.59,1625449482.0,64.0
33.55,1625449482.0,64.0
34.94,1625449482.0,64.0
36.08,1625449482.0,64.0
37.02,1625449482.0,64.0
37.64,1625449482.0,64.0
37.77,1625449482.0,64.0
37.32,1625449482.0,64.0
36.25,1625449482.0,64.0
34.61,1625449482.0,64.0
32.41,1625449482.0,64.0
29.73,1625449482.0,64.0
26.71,1625449482.0,64.0
23.61,1625449482.0,64.0
20.67,1625449482.0,64.0
18.02,1625449482.0,64.0
15.59,1625449482.0,64.0
13.2,1625449482.0,64.0
10.58,1625449482.0,64.0
7.63,1625449482.0,64.0
4.37,1625449482.0,64.0
0.95,1625449482.0,64.0
-2.5,1625449482.0,64.0
-5.96,1625449482.0,64.0
-9.56,1625449482.0,64.0
-13.48,1625449482.0,64.0
-17.92,1625449482.0,64.0
-23.0,1625449482.0,64.0
-28.76,1625449482.0,64.0
-35.06,1625449482.0,64.0
-41.55,1625449482.0,64.0
-47.62,1625449482.0,64.0
-52.51,1625449482.0,64.0
-55.43,1625449482.0,64.0
-55.79,1625449482.0,64.0
-53.34,1625449482.0,64.0
-48.22,1625449482.0,64.0
-40.88,1625449482.0,64.0
-31.96,1625449482.0,64.0
-22.09,1625449482.0,64.0
-11.8,1625449482.0,64.0
-1.57,1625449482.0,64.0
8.14,1625449482.0,64.0
16.92,1625449482.0,64.0
24.31,1625449482.0,64.0
30.02,1625449482.0,64.0
33.97,1625449482.0,64.0
36.34,1625449482.0,64.0
37.57,1625449482.0,64.0
38.21,1625449482.0,64.0
38.75,1625449482.0,64.0
39.41,1625449482.0,64.0
40.11,1625449482.0,64.0
40.53,1625449482.0,64.0
40.28,1625449482.0,64.0
39.11,1625449482.0,64.0
37.05,1625449482.0,64.0
34.37,1625449482.0,64.0
31.48,1625449482.0,64.0
28.68,1625449482.0,64.0
26.1,1625449482.0,64.0
23.61,1625449482.0,64.0
20.97,1625449482.0,64.0
17.92,1625449482.0,64.0
14.37,1625449482.0,64.0
10.39,1625449482.0,64.0
6.26,1625449482.0,64.0
2.27,1625449482.0,64.0
-1.39,1625449482.0,64.0
-4.71,1625449482.0,64.0
-7.86,1625449482.0,64.0
-11.17,1625449482.0,64.0
-14.94,1625449482.0,64.0
-19.4,1625449482.0,64.0
-24.56,1625449482.0,64.0
-30.32,1625449482.0,64.0
-36.37,1625449482.0,64.0
-42.26,1625449482.0,64.0
-47.35,1625449482.0,64.0
-50.86,1625449482.0,64.0
-52.1,1625449482.0,64.0
-50.59,1625449482.0,64.0
-46.33,1625449482.0,64.0
-39.81,1625449482.0,64.0
-31.81,1625449482.0,64.0
-23.18,1625449482.0,64.0
-14.53,1625449482.0,64.0
-6.22,1625449482.0,64.0
1.63,1625449482.0,64.0
8.86,1625449482.0,64.0
15.18,1625449482.0,64.0
20.25,1625449482.0,64.0
23.75,1625449482.0,64.0
25.72,1625449482.0,64.0
26.48,1625449482.0,64.0
26.65,1625449482.0,64.0
26.8,1625449482.0,64.0
27.24,1625449482.0,64.0
27.89,1625449482.0,64.0
28.42,1625449482.0,64.0
28.5,1625449482.0,64.0
27.93,1625449482.0,64.0
26.81,1625449482.0,64.0
25.35,1625449482.0,64.0
23.8,1625449482.0,64.0
22.16,1625449482.0,64.0
20.25,1625449482.0,64.0
17.77,1625449482.0,64.0
14.48,1625449482.0,64.0
10.42,1625449482.0,64.0
5.8,1625449482.0,64.0
1.06,1625449482.0,64.0
-3.4,1625449482.0,64.0
-7.35,1625449482.0,64.0
-10.79,1625449482.0,64.0
-13.99,1625449482.0,64.0
-17.3,1625449482.0,64.0
-21.08,1625449482.0,64.0
-25.55,1625449482.0,64.0
-30.79,1625449482.0,64.0
-36.61,1625449482.0,64.0
-42.55,1625449482.0,64.0
-47.97,1625449482.0,64.0
-52.06,1625449482.0,64.0
-54.09,1625449482.0,64.0
-53.54,1625449482.0,64.0
-50.38,1625449482.0,64.0
-45.01,1625449482.0,64.0
-38.13,1625449482.0,64.0
-30.47,1625449482.0,64.0
-22.58,1625449482.0,64.0
-14.64,1625449482.0,64.0
-6.66,1625449482.0,64.0
1.36,1625449482.0,64.0
9.16,1625449482.0,64.0
16.21,1625449482.0,64.0
21.91,1625449482.0,64.0
25.86,1625449482.0,64.0
28.05,1625449482.0,64.0
28.93,1625449482.0,64.0
29.15,1625449482.0,64.0
29.26,1625449482.0,64.0
29.51,1625449482.0,64.0
29.79,1625449482.0,64.0
29.8,1625449482.0,64.0
29.24,1625449482.0,64.0
28.1,1625449482.0,64.0
26.51,1625449482.0,64.0
24.75,1625449482.0,64.0
22.93,1625449482.0,64.0
20.99,1625449482.0,64.0
18.64,1625449482.0,64.0
15.62,1625449482.0,64.0
11.82,1625449482.0,64.0
7.4,1625449482.0,64.0
2.72,1625449482.0,64.0
-1.84,1625449482.0,64.0
-5.92,1625449482.0,64.0
-9.42,1625449482.0,64.0
-12.47,1625449482.0,64.0
-15.37,1625449482.0,64.0
-18.49,1625449482.0,64.0
-22.2,1625449482.0,64.0
-26.75,1625449482.0,64.0
-32.19,1625449482.0,64.0
-38.39,1625449482.0,64.0
-44.84,1625449482.0,64.0
-50.81,1625449482.0,64.0
-55.34,1625449482.0,64.0
-57.51,1625449482.0,64.0
-56.72,1625449482.0,64.0
-52.87,1625449482.0,64.0
-46.47,1625449482.0,64.0
-38.42,1625449482.0,64.0
-29.77,1625449482.0,64.0
-21.26,1625449482.0,64.0
-13.23,1625449482.0,64.0
-5.63,1625449482.0,64.0
1.74,1625449482.0,64.0
8.88,1625449482.0,64.0
15.45,1625449482.0,64.0
20.91,1625449482.0,64.0
24.81,1625449482.0,64.0
27.05,1625449482.0,64.0
28.03,1625449482.0,64.0
28.47,1625449482.0,64.0
29.06,1625449482.0,64.0
30.13,1625449482.0,64.0
31.57,1625449482.0,64.0
32.91,1625449482.0,64.0
33.62,1625449482.0,64.0
33.44,1625449482.0,64.0
32.43,1625449482.0,64.0
30.9,1625449482.0,64.0
29.18,1625449482.0,64.0
27.36,1625449482.0,64.0
25.25,1625449482.0,64.0
22.47,1625449482.0,64.0
18.78,1625449482.0,64.0
14.17,1625449482.0,64.0
8.98,1625449482.0,64.0
3.81,1625449482.0,64.0
-0.84,1625449482.0,64.0
-4.74,1625449482.0,64.0
-8.02,1625449482.0,64.0
-11.12,1625449482.0,64.0
-14.5,1625449482.0,64.0
-18.53,1625449482.0,64.0
-23.33,1625449482.0,64.0
-28.84,1625449482.0,64.0
-34.83,1625449482.0,64.0
-40.99,1625449482.0,64.0
-46.9,1625449482.0,64.0
-51.9,1625449482.0,64.0
-55.21,1625449482.0,64.0
-56.1,1625449482.0,64.0
-54.17,1625449482.0,64.0
-49.52,1625449482.0,64.0
-42.76,1625449482.0,64.0
-34.78,1625449482.0,64.0
-26.38,1625449482.0,64.0
-18.0,1625449482.0,64.0
-9.69,1625449482.0,64.0
-1.31,1625449482.0,64.0
7.16,1625449482.0,64.0
15.4,1625449482.0,64.0
22.73,1625449482.0,64.0
28.41,1625449482.0,64.0
32.05,1625449482.0,64.0
33.75,1625449482.0,64.0
34.15,1625449482.0,64.0
34.13,1625449482.0,64.0
34.36,1625449482.0,64.0
35.06,1625449482.0,64.0
35.9,1625449482.0,64.0
36.31,1625449482.0,64.0
35.76,1625449482.0,64.0
34.14,1625449482.0,64.0
31.79,1625449482.0,64.0
29.3,1625449482.0,64.0
27.14,1625449482.0,64.0
25.4,1625449482.0,64.0
23.76,1625449482.0,64.0
21.62,1625449482.0,64.0
18.55,1625449482.0,64.0
14.42,1625449482.0,64.0
9.57,1625449482.0,64.0
4.57,1625449482.0,64.0
-0.03,1625449482.0,64.0
-3.95,1625449482.0,64.0
-7.33,1625449482.0,64.0
-10.62,1625449482.0,64.0
-14.33,1625449482.0,64.0
-18.85,1625449482.0,64.0
-24.3,1625449482.0,64.0
-30.52,1625449482.0,64.0
-37.15,1625449482.0,64.0
-43.74,1625449482.0,64.0
-49.72,1625449482.0,64.0
-54.48,1625449482.0,64.0
-57.38,1625449482.0,64.0
-57.87,1625449482.0,64.0
-55.72,1625449482.0,64.0
-51.02,1625449482.0,64.0
-44.31,1625449482.0,64.0
-36.32,1625449482.0,64.0
-27.74,1625449482.0,64.0
-19.01,1625449482.0,64.0
-10.28,1625449482.0,64.0
-1.59,1625449482.0,64.0
6.9,1625449482.0,64.0
14.77,1625449482.0,64.0
21.45,1625449482.0,64.0
26.41,1625449482.0,64.0
29.51,1625449482.0,64.0
31.1,1625449482.0,64.0
31.91,1625449482.0,64.0
32.72,1625449482.0,64.0
33.99,1625449482.0,64.0
35.67,1625449482.0,64.0
37.22,1625449482.0,64.0
37.99,1625449482.0,64.0
37.48,1625449482.0,64.0
35.64,1625449482.0,64.0
32.84,1625449482.0,64.0
29.74,1625449482.0,64.0
26.92,1625449482.0,64.0
24.62,1625449482.0,64.0
22.67,1625449482.0,64.0
20.62,1625449482.0,64.0
17.97,1625449482.0,64.0
14.43,1625449482.0,64.0
10.1,1625449482.0,64.0
5.36,1625449482.0,64.0
0.71,1625449482.0,64.0
-3.48,1625449482.0,64.0
-7.16,1625449482.0,64.0
-10.57,1625449482.0,64.0
-14.16,1625449482.0,64.0
-18.33,1625449482.0,64.0
-23.29,1625449482.0,64.0
-29.0,1625449482.0,64.0
-35.25,1625449482.0,64.0
-41.7,1625449482.0,64.0
-47.92,1625449482.0,64.0
-53.38,1625449482.0,64.0
-57.43,1625449482.0,64.0
-59.38,1625449482.0,64.0
-58.68,1625449482.0,64.0
-55.13,1625449482.0,64.0
-49.03,1625449482.0,64.0
-41.07,1625449482.0,64.0
-32.13,1625449482.0,64.0
-22.94,1625449482.0,64.0
-13.91,1625449482.0,64.0
-5.15,1625449482.0,64.0
3.3,1625449482.0,64.0
11.3,1625449482.0,64.0
18.49,1625449482.0,64.0
24.4,1625449482.0,64.0
28.72,1625449482.0,64.0
31.45,1625449482.0,64.0
33.03,1625449482.0,64.0
34.13,1625449482.0,64.0
35.34,1625449482.0,64.0
36.89,1625449482.0,64.0
38.53,1625449482.0,64.0
39.69,1625449482.0,64.0
39.81,1625449482.0,64.0
38.6,1625449482.0,64.0
36.23,1625449482.0,64.0
33.19,1625449482.0,64.0
30.07,1625449482.0,64.0
27.29,1625449482.0,64.0
24.96,1625449482.0,64.0
22.86,1625449482.0,64.0
20.61,1625449482.0,64.0
17.89,1625449482.0,64.0
14.55,1625449482.0,64.0
10.7,1625449482.0,64.0
6.61,1625449482.0,64.0
2.54,1625449482.0,64.0
-1.33,1625449482.0,64.0
-5.05,1625449482.0,64.0
-8.84,1625449482.0,64.0
-12.93,1625449482.0,64.0
-17.48,1625449482.0,64.0
-22.49,1625449482.0,64.0
-27.86,1625449482.0,64.0
-33.48,1625449482.0,64.0
-39.25,1625449482.0,64.0
-45.05,1625449482.0,64.0
-50.51,1625449482.0,64.0
-55.01,1625449482.0,64.0
-57.74,1625449482.0,64.0
-57.98,1625449482.0,64.0
-55.32,1625449482.0,64.0
-49.86,1625449482.0,64.0
-42.18,1625449482.0,64.0
-33.0,1625449482.0,64.0
-23.1,1625449482.0,64.0
-13.04,1625449482.0,64.0
-3.21,1625449482.0,64.0
6.06,1625449482.0,64.0
14.46,1625449482.0,64.0
21.62,1625449482.0,64.0
27.24,1625449482.0,64.0
31.18,1625449482.0,64.0
33.56,1625449482.0,64.0
34.75,1625449482.0,64.0
35.26,1625449482.0,64.0
35.58,1625449482.0,64.0
36.03,1625449482.0,64.0
36.65,1625449482.0,64.0
37.18,1625449482.0,64.0
37.29,1625449482.0,64.0
36.7,1625449482.0,64.0
35.32,1625449482.0,64.0
33.32,1625449482.0,64.0
30.94,1625449482.0,64.0
28.41,1625449482.0,64.0
25.8,1625449482.0,64.0
23.05,1625449482.0,64.0
20.0,1625449482.0,64.0
16.55,1625449482.0,64.0
12.68,1625449482.0,64.0
8.5,1625449482.0,64.0
4.12,1625449482.0,64.0
-0.32,1625449482.0,64.0
-4.76,1625449482.0,64.0
-9.2,1625449482.0,64.0
-13.67,1625449482.0,64.0
-18.33,1625449482.0,64.0
-23.33,1625449482.0,64.0
-28.84,1625449482.0,64.0
-34.95,1625449482.0,64.0
-41.52,1625449482.0,64.0
-48.15,1625449482.0,64.0
-54.18,1625449482.0,64.0
-58.81,1625449482.0,64.0
-61.3,1625449482.0,64.0
-61.19,1625449482.0,64.0
-58.36,1625449482.0,64.0
-53.08,1625449482.0,64.0
-45.82,1625449482.0,64.0
-37.19,1625449482.0,64.0
-27.78,1625449482.0,64.0
-18.18,1625449482.0,64.0
-8.92,1625449482.0,64.0
-0.55,1625449482.0,64.0
6.44,1625449482.0,64.0
11.73,1625449482.0,64.0
15.19,1625449482.0,64.0
17.03,1625449482.0,64.0
17.68,1625449482.0,64.0
17.67,1625449482.0,64.0
17.47,1625449482.0,64.0
17.28,1625449482.0,64.0
17.05,1625449482.0,64.0
16.53,1625449482.0,64.0
15.47,1625449482.0,64.0
13.74,1625449482.0,64.0
11.44,1625449482.0,64.0
8.85,1625449482.0,64.0
6.27,1625449482.0,64.0
3.95,1625449482.0,64.0
1.96,1625449482.0,64.0
0.23,1625449482.0,64.0
-1.47,1625449482.0,64.0
-3.42,1625449482.0,64.0
-5.83,1625449482.0,64.0
-8.85,1625449482.0,64.0
-12.44,1625449482.0,64.0
-16.49,1625449482.0,64.0
-20.8,1625449482.0,64.0
-25.24,1625449482.0,64.0
-29.68,1625449482.0,64.0
-34.11,1625449482.0,64.0
-38.54,1625449482.0,64.0
-42.93,1625449482.0,64.0
-47.14,1625449482.0,64.0
-50.87,1625449482.0,64.0
-53.65,1625449482.0,64.0
-54.92,1625449482.0,64.0
-54.1,1625449482.0,64.0
-50.83,1625449482.0,64.0
-45.06,1625449482.0,64.0
-37.19,1625449482.0,64.0
-27.94,1625449482.0,64.0
-18.13,1625449482.0,64.0
-8.44,1625449482.0,64.0
0.75,1625449482.0,64.0
9.35,1625449482.0,64.0
17.29,1625449482.0,64.0
24.38,1625449482.0,64.0
30.29,1625449482.0,64.0
34.69,1625449482.0,64.0
37.52,1625449482.0,64.0
39.15,1625449482.0,64.0
40.34,1625449482.0,64.0
41.92,1625449482.0,64.0
44.49,1625449482.0,64.0
48.19,1625449482.0,64.0
52.72,1625449482.0,64.0
57.54,1625449482.0,64.0
62.18,1625449482.0,64.0
66.27,1625449482.0,64.0
69.59,1625449482.0,64.0
71.85,1625449482.0,64.0
72.7,1625449482.0,64.0
71.72,1625449482.0,64.0
68.63,1625449482.0,64.0
63.42,1625449482.0,64.0
56.38,1625449482.0,64.0
48.13,1625449482.0,64.0
39.41,1625449482.0,64.0
31.01,1625449482.0,64.0
23.53,1625449482.0,64.0
17.34,1625449482.0,64.0
12.48,1625449482.0,64.0
8.69,1625449482.0,64.0
5.5,1625449482.0,64.0
2.28,1625449482.0,64.0
-1.55,1625449482.0,64.0
-6.46,1625449482.0,64.0
-12.68,1625449482.0,64.0
-20.14,1625449482.0,64.0
-28.49,1625449482.0,64.0
-37.09,1625449482.0,64.0
-44.99,1625449482.0,64.0
-51.08,1625449482.0,64.0
-54.4,1625449482.0,64.0
-54.38,1625449482.0,64.0
-51.03,1625449482.0,64.0
-45.03,1625449482.0,64.0
-37.29,1625449482.0,64.0
-28.72,1625449482.0,64.0
-19.89,1625449482.0,64.0
-11.03,1625449482.0,64.0
-2.17,1625449482.0,64.0
6.53,1625449482.0,64.0
14.65,1625449482.0,64.0
21.55,1625449482.0,64.0
26.7,1625449482.0,64.0
29.92,1625449482.0,64.0
31.52,1625449482.0,64.0
32.24,1625449482.0,64.0
32.9,1625449482.0,64.0
34.13,1625449482.0,64.0
36.05,1625449482.0,64.0
38.38,1625449482.0,64.0
40.53,1625449482.0,64.0
41.92,1625449482.0,64.0
42.26,1625449482.0,64.0
41.56,1625449482.0,64.0
40.16,1625449482.0,64.0
38.47,1625449482.0,64.0
36.79,1625449482.0,64.0
35.15,1625449482.0,64.0
33.36,1625449482.0,64.0
31.05,1625449482.0,64.0
27.92,1625449482.0,64.0
23.88,1625449482.0,64.0
19.09,1625449482.0,64.0
13.85,1625449482.0,64.0
8.5,1625449482.0,64.0
3.19,1625449482.0,64.0
-2.12,1625449482.0,64.0
-7.57,1625449482.0,64.0
-13.32,1625449482.0,64.0
-19.46,1625449482.0,64.0
-25.97,1625449482.0,64.0
-32.83,1625449482.0,64.0
-39.96,1625449482.0,64.0
-47.27,1625449482.0,64.0
-54.45,1625449482.0,64.0
-60.89,1625449482.0,64.0
-65.74,1625449482.0,64.0
-68.03,1625449482.0,64.0
-67.04,1625449482.0,64.0
-62.61,1625449482.0,64.0
-55.18,1625449482.0,64.0
-45.68,1625449482.0,64.0
-35.1,1625449482.0,64.0
-24.19,1625449482.0,64.0
-13.32,1625449482.0,64.0
-2.55,1625449482.0,64.0
8.07,1625449482.0,64.0
18.28,1625449482.0,64.0
27.55,1625449482.0,64.0
35.28,1625449482.0,64.0
41.04,1625449482.0,64.0
44.82,1625449482.0,64.0
47.03,1625449482.0,64.0
48.31,1625449482.0,64.0
49.26,1625449482.0,64.0
50.17,1625449482.0,64.0
51.02,1625449482.0,64.0
51.53,1625449482.0,64.0
51.36,1625449482.0,64.0
50.3,1625449482.0,64.0
48.31,1625449482.0,64.0
45.5,1625449482.0,64.0
42.02,1625449482.0,64.0
38.01,1625449482.0,64.0
33.6,1625449482.0,64.0
28.85,1625449482.0,64.0
23.88,1625449482.0,64.0
18.75,1625449482.0,64.0
13.61,1625449482.0,64.0
8.61,1625449482.0,64.0
3.91,1625449482.0,64.0
-0.38,1625449482.0,64.0
-4.26,1625449482.0,64.0
-7.81,1625449482.0,64.0
-11.23,1625449482.0,64.0
-14.76,1625449482.0,64.0
-18.61,1625449482.0,64.0
-22.94,1625449482.0,64.0
-27.85,1625449482.0,64.0
-33.36,1625449482.0,64.0
-39.43,1625449482.0,64.0
-45.85,1625449482.0,64.0
-52.15,1625449482.0,64.0
-57.62,1625449482.0,64.0
-61.39,1625449482.0,64.0
-62.67,1625449482.0,64.0
-61.06,1625449482.0,64.0
-56.64,1625449482.0,64.0
-50.0,1625449482.0,64.0
-41.92,1625449482.0,64.0
-33.05,1625449482.0,64.0
-23.7,1625449482.0,64.0
-13.82,1625449482.0,64.0
-3.31,1625449482.0,64.0
7.68,1625449482.0,64.0
18.52,1625449482.0,64.0
28.23,1625449482.0,64.0
35.82,1625449482.0,64.0
40.72,1625449482.0,64.0
43.1,1625449482.0,64.0
43.84,1625449482.0,64.0
44.26,1625449482.0,64.0
45.58,1625449482.0,64.0
48.44,1625449482.0,64.0
52.59,1625449482.0,64.0
57.1,1625449482.0,64.0
60.72,1625449482.0,64.0
62.52,1625449482.0,64.0
62.42,1625449482.0,64.0
61.23,1625449482.0,64.0
60.42,1625449482.0,64.0
61.31,1625449482.0,64.0
64.54,1625449482.0,64.0
69.62,1625449482.0,64.0
75.01,1625449482.0,64.0
78.48,1625449482.0,64.0
77.99,1625449482.0,64.0
72.58,1625449482.0,64.0
62.98,1625449482.0,64.0
51.53,1625449482.0,64.0
41.37,1625449482.0,64.0
35.37,1625449482.0,64.0
35.22,1625449482.0,64.0
40.91,1625449482.0,64.0
50.87,1625449482.0,64.0
62.55,1625449482.0,64.0
73.04,1625449482.0,64.0
79.67,1625449482.0,64.0
80.31,1625449482.0,64.0
73.68,1625449482.0,64.0
60.26,1625449482.0,64.0
42.55,1625449482.0,64.0
24.6,1625449482.0,64.0
10.59,1625449482.0,64.0
2.86,1625449482.0,64.0
0.9,1625449482.0,64.0
1.72,1625449482.0,64.0
1.84,1625449482.0,64.0
-0.81,1625449482.0,64.0
-4.99,1625449482.0,64.0
-6.62,1625449482.0,64.0
-1.59,1625449482.0,64.0
10.77,1625449482.0,64.0
26.08,1625449482.0,64.0
36.42,1625449482.0,64.0
34.12,1625449482.0,64.0
15.65,1625449482.0,64.0
-17.56,1625449482.0,64.0
-58.72,1625449482.0,64.0
-98.3,1625449482.0,64.0
-128.55,1625449482.0,64.0
-147.13,1625449482.0,64.0
-157.75,1625449482.0,64.0
-167.02,1625449482.0,64.0
-180.29,1625449482.0,64.0
-198.83,1625449482.0,64.0
-221.6,1625449482.0,64.0
-244.79,1625449482.0,64.0
-263.15,1625449482.0,64.0
-272.0,1625449482.0,64.0
-268.92,1625449482.0,64.0
-254.14,1625449482.0,64.0
-229.43,1625449482.0,64.0
-197.3,1625449482.0,64.0
-161.15,1625449482.0,64.0
-128.02,1625449482.0,64.0
-105.21,1625449482.0,64.0
-97.25,1625449482.0,64.0
-104.62,1625449482.0,64.0
-124.46,1625449482.0,64.0
-152.58,1625449482.0,64.0
-184.38,1625449482.0,64.0
-215.62,1625449482.0,64.0
-227.1,1625449482.0,64.0
-207.2,1625449482.0,64.0
-159.64,1625449482.0,64.0
-100.55,1625449482.0,64.0
-45.43,1625449482.0,64.0
-1.61,1625449482.0,64.0
29.26,1625449482.0,64.0
47.62,1625449482.0,64.0
54.28,1625449482.0,64.0
50.1,1625449482.0,64.0
34.15,1625449482.0,64.0
7.14,1625449482.0,64.0
-26.16,1625449482.0,64.0
-57.76,1625449482.0,64.0
-79.28,1625449482.0,64.0
-85.81,1625449482.0,64.0
-77.49,1625449482.0,64.0
-58.91,1625449482.0,64.0
-37.07,1625449482.0,64.0
-20.35,1625449482.0,64.0
-13.74,1625449482.0,64.0
-16.4,1625449482.0,64.0
-26.08,1625449482.0,64.0
-38.32,1625449482.0,64.0
-49.64,1625449482.0,64.0
-58.54,1625449482.0,64.0
-64.99,1625449482.0,64.0
-69.3,1625449482.0,64.0
-72.48,1625449482.0,64.0
-74.67,1625449482.0,64.0
-74.95,1625449482.0,64.0
-72.27,1625449482.0,64.0
-66.27,1625449482.0,64.0
-58.18,1625449482.0,64.0
-50.23,1625449482.0,64.0
-44.23,1625449482.0,64.0
-40.84,1625449482.0,64.0
-40.12,1625449482.0,64.0
-41.3,1625449482.0,64.0
-43.09,1625449482.0,64.0
-44.4,1625449482.0,64.0
-44.55,1625449482.0,64.0
-43.88,1625449482.0,64.0
-43.31,1625449482.0,64.0
-43.62,1625449482.0,64.0
-45.04,1625449482.0,64.0
-47.39,1625449482.0,64.0
-50.06,1625449482.0,64.0
-52.23,1625449482.0,64.0
-53.29,1625449482.0,64.0
-52.82,1625449482.0,64.0
-51.02,1625449482.0,64.0
-48.47,1625449482.0,64.0
-45.81,1625449482.0,64.0
-43.4,1625449482.0,64.0
-41.21,1625449482.0,64.0
-38.78,1625449482.0,64.0
-35.45,1625449482.0,64.0
-30.56,1625449482.0,64.0
-23.65,1625449482.0,64.0
-14.71,1625449482.0,64.0
-4.25,1625449482.0,64.0
6.85,1625449482.0,64.0
17.71,1625449482.0,64.0
27.73,1625449482.0,64.0
36.86,1625449482.0,64.0
45.55,1625449482.0,64.0
54.61,1625449482.0,64.0
64.75,1625449482.0,64.0
76.24,1625449482.0,64.0
88.75,1625449482.0,64.0
101.49,1625449482.0,64.0
113.58,1625449482.0,64.0
124.47,1625449482.0,64.0
134.2,1625449482.0,64.0
143.4,1625449482.0,64.0
153.47,1625449482.0,64.0
165.86,1625449482.0,64.0
181.74,1625449482.0,64.0
201.96,1625449482.0,64.0
226.73,1625449482.0,64.0
254.91,1625449482.0,64.0
283.73,1625449482.0,64.0
308.48,1625449482.0,64.0
323.42,1625449482.0,64.0
324.18,1625449482.0,64.0
308.99,1625449482.0,64.0
279.29,1625449482.0,64.0
239.18,1625449482.0,64.0
193.86,1625449482.0,64.0
147.82,1625449482.0,64.0
104.13,1625449482.0,64.0
64.19,1625449482.0,64.0
28.54,1625449482.0,64.0
-1.16,1625449482.0,64.0
-23.22,1625449482.0,64.0
-36.85,1625449482.0,64.0
-42.71,1625449482.0,64.0
-42.81,1625449482.0,64.0
-40.17,1625449482.0,64.0
-37.1,1625449482.0,64.0
-35.28,1625449482.0,64.0
-35.35,1625449482.0,64.0
-33.91,1625449482.0,64.0
-27.67,1625449482.0,64.0
-15.46,1625449482.0,64.0
1.37,1625449482.0,64.0
20.24,1625449482.0,64.0
37.77,1625449482.0,64.0
52.93,1625449482.0,64.0
65.11,1625449482.0,64.0
73.99,1625449482.0,64.0
85.73,1625449482.0,64.0
104.99,1625449482.0,64.0
132.12,1625449482.0,64.0
163.42,1625449482.0,64.0
194.38,1625449482.0,64.0
220.25,1625449482.0,64.0
241.62,1625449482.0,64.0
259.35,1625449482.0,64.0
273.74,1625449482.0,64.0
294.38,1625449482.0,64.0
328.12,1625449482.0,64.0
375.02,1625449482.0,64.0
428.99,1625449482.0,64.0
483.28,1625449482.0,64.0
531.61,1625449482.0,64.0
577.16,1625449482.0,64.0
624.24,1625449482.0,64.0
675.41,1625449482.0,64.0
742.66,1625449482.0,64.0
830.34,1625449482.0,64.0
930.18,1625449482.0,64.0
1024.24,1625449482.0,64.0
1095.26,1625449482.0,64.0
1130.57,1625449482.0,64.0
1134.52,1625449482.0,64.0
1116.6,1625449482.0,64.0
1009.64,1625449482.0,64.0
786.9,1625449482.0,64.0
475.06,1625449482.0,64.0
142.17,1625449482.0,64.0
-148.53,1625449482.0,64.0
-342.05,1625449482.0,64.0
-463.97,1625449482.0,64.0
-540.72,1625449482.0,64.0
-592.14,1625449482.0,64.0
-632.37,1625449482.0,64.0
-660.84,1625449482.0,64.0
-673.48,1625449482.0,64.0
-671.98,1625449482.0,64.0
-663.61,1625449482.0,64.0
-654.38,1625449482.0,64.0
-648.9,1625449482.0,64.0
-640.81,1625449482.0,64.0
-625.73,1625449482.0,64.0
-605.26,1625449482.0,64.0
-576.63,1625449482.0,64.0
-542.14,1625449482.0,64.0
-509.6,1625449482.0,64.0
-488.47,1625449482.0,64.0
-483.52,1625449482.0,64.0
-495.64,1625449482.0,64.0
-516.32,1625449482.0,64.0
-539.0,1625449482.0,64.0
-562.28,1625449482.0,64.0
-582.71,1625449482.0,64.0
-599.21,1625449482.0,64.0
-612.86,1625449482.0,64.0
-624.54,1625449482.0,64.0
-632.09,1625449482.0,64.0
-632.36,1625449482.0,64.0
-618.83,1625449482.0,64.0
-588.83,1625449482.0,64.0
-545.0,1625449482.0,64.0
-490.14,1625449482.0,64.0
-427.59,1625449482.0,64.0
-360.86,1625449482.0,64.0
-293.15,1625449482.0,64.0
-227.13,1625449482.0,64.0
-166.35,1625449482.0,64.0
-112.96,1625449482.0,64.0
-68.94,1625449482.0,64.0
-34.94,1625449482.0,64.0
-7.74,1625449482.0,64.0
18.08,1625449482.0,64.0
48.25,1625449482.0,64.0
86.7,1625449482.0,64.0
134.42,1625449482.0,64.0
188.18,1625449482.0,64.0
241.26,1625449482.0,64.0
283.98,1625449482.0,64.0
306.39,1625449482.0,64.0
302.34,1625449482.0,64.0
272.76,1625449482.0,64.0
226.13,1625449482.0,64.0
175.61,1625449482.0,64.0
133.94,1625449482.0,64.0
108.32,1625449482.0,64.0
98.37,1625449482.0,64.0
97.67,1625449482.0,64.0
98.04,1625449482.0,64.0
94.12,1625449482.0,64.0
85.67,1625449482.0,64.0
76.58,1625449482.0,64.0
71.73,1625449482.0,64.0
73.75,1625449482.0,64.0
81.51,1625449482.0,64.0
91.36,1625449482.0,64.0
98.93,1625449482.0,64.0
101.22,1625449482.0,64.0
97.56,1625449482.0,64.0
89.24,1625449482.0,64.0
78.11,1625449482.0,64.0
65.35,1625449482.0,64.0
50.93,1625449482.0,64.0
34.39,1625449482.0,64.0
16.69,1625449482.0,64.0
-0.02,1625449482.0,64.0
-13.07,1625449482.0,64.0
-20.57,1625449482.0,64.0
-22.55,1625449482.0,64.0
-21.39,1625449482.0,64.0
-20.82,1625449482.0,64.0
-24.09,1625449482.0,64.0
-31.86,1625449482.0,64.0
-39.94,1625449482.0,64.0
-42.41,1625449482.0,64.0
-34.46,1625449482.0,64.0
-14.53,1625449482.0,64.0
15.4,1625449482.0,64.0
51.01,1625449482.0,64.0
87.52,1625449482.0,64.0
121.36,1625449482.0,64.0
151.17,1625449482.0,64.0
180.17,1625449482.0,64.0
212.06,1625449482.0,64.0
249.46,1625449482.0,64.0
293.13,1625449482.0,64.0
342.09,1625449482.0,64.0
393.7,1625449482.0,64.0
442.94,1625449482.0,64.0
482.5,1625449482.0,64.0
504.57,1625449482.0,64.0
506.81,1625449482.0,64.0
490.15,1625449482.0,64.0
458.61,1625449482.0,64.0
417.86,1625449482.0,64.0
373.76,1625449482.0,64.0
331.28,1625449482.0,64.0
293.16,1625449482.0,64.0
259.85,1625449482.0,64.0
211.31,1625449482.0,64.0
140.55,1625449482.0,64.0
55.13,1625449482.0,64.0
-27.24,1625449482.0,64.0
-91.62,1625449482.0,64.0
-133.87,1625449482.0,64.0
-157.84,1625449482.0,64.0
-170.13,1625449482.0,64.0
-176.59,1625449482.0,64.0
-180.85,1625449482.0,64.0
-181.08,1625449482.0,64.0
-176.12,1625449482.0,64.0
-166.06,1625449482.0,64.0
-153.03,1625449482.0,64.0
-140.52,1625449482.0,64.0
-131.12,1625449482.0,64.0
-126.39,1625449482.0,64.0
-127.0,1625449482.0,64.0
-133.0,1625449482.0,64.0
-141.71,1625449482.0,64.0
-151.79,1625449482.0,64.0
-164.58,1625449482.0,64.0
-179.2,1625449482.0,64.0
-196.26,1625449482.0,64.0
-214.47,1625449482.0,64.0
-230.48,1625449482.0,64.0
-240.29,1625449482.0,64.0
-241.53,1625449482.0,64.0
-233.93,1625449482.0,64.0
-221.94,1625449482.0,64.0
-212.84,1625449482.0,64.0
-213.0,1625449482.0,64.0
-224.25,1625449482.0,64.0
-241.46,1625449482.0,64.0
-254.88,1625449482.0,64.0
-254.82,1625449482.0,64.0
-235.81,1625449482.0,64.0
-197.66,1625449482.0,64.0
-145.21,1625449482.0,64.0
-85.69,1625449482.0,64.0
-26.17,1625449482.0,64.0
27.21,1625449482.0,64.0
69.67,1625449482.0,64.0
97.12,1625449482.0,64.0
106.27,1625449482.0,64.0
96.05,1625449482.0,64.0
69.28,1625449482.0,64.0
32.57,1625449482.0,64.0
-5.48,1625449482.0,64.0
-37.16,1625449482.0,64.0
-58.66,1625449482.0,64.0
-70.55,1625449482.0,64.0
-76.84,1625449482.0,64.0
-82.63,1625449482.0,64.0
-91.59,1625449482.0,64.0
-104.66,1625449482.0,64.0
-120.2,1625449482.0,64.0
-135.31,1625449482.0,64.0
-147.28,1625449482.0,64.0
-154.67,1625449482.0,64.0
-157.16,1625449482.0,64.0
-155.04,1625449482.0,64.0
-148.7,1625449482.0,64.0
-138.44,1625449482.0,64.0
-124.65,1625449482.0,64.0
-108.09,1625449482.0,64.0
-89.98,1625449482.0,64.0
-71.69,1625449482.0,64.0
-54.42,1625449482.0,64.0
-38.74,1625449482.0,64.0
-24.62,1625449482.0,64.0
-11.63,1625449482.0,64.0
0.68,1625449482.0,64.0
12.51,1625449482.0,64.0
23.69,1625449482.0,64.0
33.78,1625449482.0,64.0
42.28,1625449482.0,64.0
48.88,1625449482.0,64.0
53.59,1625449482.0,64.0
56.77,1625449482.0,64.0
58.95,1625449482.0,64.0
60.61,1625449482.0,64.0
62.03,1625449482.0,64.0
63.24,1625449482.0,64.0
64.1,1625449482.0,64.0
64.42,1625449482.0,64.0
64.08,1625449482.0,64.0
63.05,1625449482.0,64.0
61.36,1625449482.0,64.0
59.06,1625449482.0,64.0
56.2,1625449482.0,64.0
52.81,1625449482.0,64.0
48.94,1625449482.0,64.0
44.61,1625449482.0,64.0
39.88,1625449482.0,64.0
34.86,1625449482.0,64.0
29.71,1625449482.0,64.0
24.6,1625449482.0,64.0
19.71,1625449482.0,64.0
15.13,1625449482.0,64.0
10.76,1625449482.0,64.0
6.43,1625449482.0,64.0
1.87,1625449482.0,64.0
-2.98,1625449482.0,64.0
-7.92,1625449482.0,64.0
-12.36,1625449482.0,64.0
-15.57,1625449482.0,64.0
-16.9,1625449482.0,64.0
-16.07,1625449482.0,64.0
-13.29,1625449482.0,64.0
-9.13,1625449482.0,64.0
-4.32,1625449482.0,64.0
0.58,1625449482.0,64.0
5.28,1625449482.0,64.0
9.78,1625449482.0,64.0
14.16,1625449482.0,64.0
18.4,1625449482.0,64.0
22.24,1625449482.0,64.0
25.25,1625449482.0,64.0
27.05,1625449482.0,64.0
27.57,1625449482.0,64.0
27.15,1625449482.0,64.0
26.4,1625449482.0,64.0
25.9,1625449482.0,64.0
25.91,1625449482.0,64.0
26.26,1625449482.0,64.0
26.58,1625449482.0,64.0
26.74,1625449482.0,64.0
27.15,1625449482.0,64.0
28.67,1625449482.0,64.0
32.17,1625449482.0,64.0
37.9,1625449482.0,64.0
45.16,1625449482.0,64.0
52.47,1625449482.0,64.0
58.22,1625449482.0,64.0
61.41,1625449482.0,64.0
62.02,1625449482.0,64.0
60.93,1625449482.0,64.0
59.21,1625449482.0,64.0
57.61,1625449482.0,64.0
56.14,1625449482.0,64.0
54.26,1625449482.0,64.0
51.36,1625449482.0,64.0
47.15,1625449482.0,64.0
41.77,1625449482.0,64.0
35.54,1625449482.0,64.0
28.72,1625449482.0,64.0
21.33,1625449482.0,64.0
13.36,1625449482.0,64.0
5.14,1625449482.0,64.0
-2.61,1625449482.0,64.0
-8.75,1625449482.0,64.0
-12.24,1625449482.0,64.0
-12.55,1625449482.0,64.0
-10.0,1625449482.0,64.0
-5.62,1625449482.0,64.0
-0.72,1625449482.0,64.0
3.66,1625449482.0,64.0
7.06,1625449482.0,64.0
9.6,1625449482.0,64.0
11.65,1625449482.0,64.0
13.51,1625449482.0,64.0
15.24,1625449482.0,64.0
16.69,1625449482.0,64.0
17.71,1625449482.0,64.0
18.32,1625449482.0,64.0
18.8,1625449482.0,64.0
19.55,1625449482.0,64.0
20.82,1625449482.0,64.0
22.57,1625449482.0,64.0
24.29,1625449482.0,64.0
25.29,1625449482.0,64.0
24.96,1625449482.0,64.0
23.19,1625449482.0,64.0
20.31,1625449482.0,64.0
16.99,1625449482.0,64.0
13.65,1625449482.0,64.0
10.24,1625449482.0,64.0
6.34,1625449482.0,64.0
1.42,1625449482.0,64.0
-4.6,1625449482.0,64.0
-11.19,1625449482.0,64.0
-17.45,1625449482.0,64.0
-22.69,1625449482.0,64.0
-26.96,1625449482.0,64.0
-31.1,1625449482.0,64.0
-36.27,1625449482.0,64.0
-43.19,1625449482.0,64.0
-51.51,1625449482.0,64.0
-59.83,1625449482.0,64.0
-66.18,1625449482.0,64.0
-68.89,1625449482.0,64.0
-67.18,1625449482.0,64.0
-61.38,1625449482.0,64.0
-52.57,1625449482.0,64.0
-42.02,1625449482.0,64.0
-30.71,1625449482.0,64.0
-19.12,1625449482.0,64.0
-7.34,1625449482.0,64.0
4.61,1625449482.0,64.0
16.49,1625449482.0,64.0
27.74,1625449482.0,64.0
37.68,1625449482.0,64.0
45.77,1625449482.0,64.0
51.94,1625449482.0,64.0
56.5,1625449482.0,64.0
59.91,1625449482.0,64.0
62.26,1625449482.0,64.0
62.97,1625449482.0,64.0
61.04,1625449482.0,64.0
55.43,1625449482.0,64.0
45.87,1625449482.0,64.0
33.27,1625449482.0,64.0
19.58,1625449482.0,64.0
7.1,1625449482.0,64.0
-2.48,1625449482.0,64.0
-8.68,1625449482.0,64.0
-12.29,1625449482.0,64.0
-14.68,1625449482.0,64.0
-17.02,1625449482.0,64.0
-19.73,1625449482.0,64.0
-22.54,1625449482.0,64.0
-25.05,1625449482.0,64.0
-27.1,1625449482.0,64.0
-28.95,1625449482.0,64.0
-30.87,1625449482.0,64.0
-32.79,1625449482.0,64.0
-34.16,1625449482.0,64.0
-34.37,1625449482.0,64.0
-33.26,1625449482.0,64.0
-31.45,1625449482.0,64.0
-30.08,1625449482.0,64.0
-30.03,1625449482.0,64.0
-31.22,1625449482.0,64.0
-32.38,1625449482.0,64.0
-31.64,1625449482.0,64.0
-27.54,1625449482.0,64.0
-19.81,1625449482.0,64.0
-9.65,1625449482.0,64.0
0.96,1625449482.0,64.0
10.06,1625449482.0,64.0
16.51,1625449482.0,64.0
20.23,1625449482.0,64.0
21.9,1625449482.0,64.0
22.52,1625449482.0,64.0
23.06,1625449482.0,64.0
24.25,1625449482.0,64.0
26.66,1625449482.0,64.0
30.72,1625449482.0,64.0
36.54,1625449482.0,64.0
43.92,1625449482.0,64.0
52.12,1625449482.0,64.0
60.15,1625449482.0,64.0
67.08,1625449482.0,64.0
72.5,1625449482.0,64.0
76.61,1625449482.0,64.0
80.12,1625449482.0,64.0
83.79,1625449482.0,64.0
87.95,1625449482.0,64.0
92.38,1625449482.0,64.0
96.33,1625449482.0,64.0
98.97,1625449482.0,64.0
99.67,1625449482.0,64.0
98.18,1625449482.0,64.0
94.56,1625449482.0,64.0
88.91,1625449482.0,64.0
81.26,1625449482.0,64.0
71.46,1625449482.0,64.0
59.37,1625449482.0,64.0
44.82,1625449482.0,64.0
27.62,1625449482.0,64.0
7.61,1625449482.0,64.0
-15.19,1625449482.0,64.0
-40.25,1625449482.0,64.0
-66.25,1625449482.0,64.0
-91.09,1625449482.0,64.0
-112.28,1625449482.0,64.0
-127.68,1625449482.0,64.0
-136.06,1625449482.0,64.0
-137.46,1625449482.0,64.0
-132.82,1625449482.0,64.0
-123.42,1625449482.0,64.0
-110.26,1625449482.0,64.0
-93.69,1625449482.0,64.0
-73.66,1625449482.0,64.0
-50.17,1625449482.0,64.0
-23.78,1625449482.0,64.0
4.2,1625449482.0,64.0
31.89,1625449482.0,64.0
57.44,1625449482.0,64.0
79.56,1625449482.0,64.0
97.84,1625449482.0,64.0
112.65,1625449482.0,64.0
124.7,1625449482.0,64.0
134.55,1625449482.0,64.0
142.23,1625449482.0,64.0
147.31,1625449482.0,64.0
149.13,1625449482.0,64.0
147.26,1625449482.0,64.0
141.63,1625449482.0,64.0
132.48,1625449482.0,64.0
120.18,1625449482.0,64.0
104.94,1625449482.0,64.0
86.93,1625449482.0,64.0
66.34,1625449482.0,64.0
43.57,1625449482.0,64.0
19.24,1625449482.0,64.0
-5.95,1625449482.0,64.0
-31.41,1625449482.0,64.0
-56.68,1625449482.0,64.0
-81.28,1625449482.0,64.0
-104.62,1625449482.0,64.0
-125.81,1625449482.0,64.0
-143.87,1625449482.0,64.0
-157.95,1625449482.0,64.0
-167.67,1625449482.0,64.0
-173.2,1625449482.0,64.0
-175.06,1625449482.0,64.0
-173.89,1625449482.0,64.0
-170.06,1625449482.0,64.0
-163.71,1625449482.0,64.0
-154.9,1625449482.0,64.0
-143.9,1625449482.0,64.0
-131.39,1625449482.0,64.0
-118.38,1625449482.0,64.0
-105.84,1625449482.0,64.0
-94.25,1625449482.0,64.0
-83.49,1625449482.0,64.0
-72.84,1625449482.0,64.0
-61.49,1625449482.0,64.0
-49.11,1625449482.0,64.0
-36.07,1625449482.0,64.0
-23.38,1625449482.0,64.0
-12.21,1625449482.0,64.0
-3.37,1625449482.0,64.0
3.11,1625449482.0,64.0
7.85,1625449482.0,64.0
11.83,1625449482.0,64.0
15.85,1625449482.0,64.0
20.3,1625449482.0,64.0
25.03,1625449482.0,64.0
29.65,1625449482.0,64.0
33.73,1625449482.0,64.0
37.0,1625449482.0,64.0
39.38,1625449482.0,64.0
40.78,1625449482.0,64.0
41.15,1625449482.0,64.0
40.35,1625449482.0,64.0
38.19,1625449482.0,64.0
34.68,1625449482.0,64.0
30.0,1625449482.0,64.0
24.57,1625449482.0,64.0
18.96,1625449482.0,64.0
13.69,1625449482.0,64.0
9.08,1625449482.0,64.0
5.11,1625449482.0,64.0
1.48,1625449482.0,64.0
-2.26,1625449482.0,64.0
-6.5,1625449482.0,64.0
-11.39,1625449482.0,64.0
-16.71,1625449482.0,64.0
-21.95,1625449482.0,64.0
-26.42,1625449482.0,64.0
-29.46,1625449482.0,64.0
-30.65,1625449482.0,64.0
-29.87,1625449482.0,64.0
-27.4,1625449482.0,64.0
-23.7,1625449482.0,64.0
-19.29,1625449482.0,64.0
-14.54,1625449482.0,64.0
-9.55,1625449482.0,64.0
-4.22,1625449482.0,64.0
1.62,1625449482.0,64.0
7.99,1625449482.0,64.0
14.64,1625449482.0,64.0
21.05,1625449482.0,64.0
26.61,1625449482.0,64.0
30.82,1625449482.0,64.0
33.53,1625449482.0,64.0
34.93,1625449482.0,64.0
35.46,1625449482.0,64.0
35.61,1625449482.0,64.0
35.74,1625449482.0,64.0
36.0,1625449482.0,64.0
36.34,1625449482.0,64.0
36.63,1625449482.0,64.0
36.75,1625449482.0,64.0
36.63,1625449482.0,64.0
36.31,1625449482.0,64.0
35.78,1625449482.0,64.0
34.94,1625449482.0,64.0
33.58,1625449482.0,64.0
31.4,1625449482.0,64.0
28.15,1625449482.0,64.0
23.79,1625449482.0,64.0
18.57,1625449482.0,64.0
13.03,1625449482.0,64.0
7.79,1625449482.0,64.0
3.35,1625449482.0,64.0
-0.06,1625449482.0,64.0
-2.67,1625449482.0,64.0
-4.98,1625449482.0,64.0
-7.61,1625449482.0,64.0
-11.06,1625449482.0,64.0
-15.51,1625449482.0,64.0
-20.85,1625449482.0,64.0
-26.68,1625449482.0,64.0
-32.49,1625449482.0,64.0
-37.71,1625449482.0,64.0
-41.85,1625449482.0,64.0
-44.5,1625449482.0,64.0
-45.37,1625449482.0,64.0
-44.31,1625449482.0,64.0
-41.34,1625449482.0,64.0
-36.67,1625449482.0,64.0
-30.69,1625449482.0,64.0
-23.86,1625449482.0,64.0
-16.62,1625449482.0,64.0
-9.3,1625449482.0,64.0
-2.13,1625449482.0,64.0
4.76,1625449482.0,64.0
11.17,1625449482.0,64.0
16.83,1625449482.0,64.0
21.36,1625449482.0,64.0
24.49,1625449482.0,64.0
26.18,1625449482.0,64.0
26.69,1625449482.0,64.0
26.55,1625449482.0,64.0
26.34,1625449482.0,64.0
26.43,1625449482.0,64.0
26.86,1625449482.0,64.0
27.44,1625449482.0,64.0
27.8,1625449482.0,64.0
27.7,1625449482.0,64.0
27.08,1625449482.0,64.0
26.02,1625449482.0,64.0
24.63,1625449482.0,64.0
22.89,1625449482.0,64.0
20.7,1625449482.0,64.0
17.91,1625449482.0,64.0
14.52,1625449482.0,64.0
10.7,1625449482.0,64.0
6.8,1625449482.0,64.0
3.2,1625449482.0,64.0
0.14,1625449482.0,64.0
-2.3,1625449482.0,64.0
-4.34,1625449482.0,64.0
-6.27,1625449482.0,64.0
-8.42,1625449482.0,64.0
-11.02,1625449482.0,64.0
-14.14,1625449482.0,64.0
-17.73,1625449482.0,64.0
-21.67,1625449482.0,64.0
-25.74,1625449482.0,64.0
-29.69,1625449482.0,64.0
-33.14,1625449482.0,64.0
-35.69,1625449482.0,64.0
-36.95,1625449482.0,64.0
-36.7,1625449482.0,64.0
-34.97,1625449482.0,64.0
-32.01,1625449482.0,64.0
-28.16,1625449482.0,64.0
-23.66,1625449482.0,64.0
-18.56,1625449482.0,64.0
-12.73,1625449482.0,64.0
-6.17,1625449482.0,64.0
0.89,1625449482.0,64.0
7.86,1625449482.0,64.0
14.05,1625449482.0,64.0
18.84,1625449482.0,64.0
22.04,1625449482.0,64.0
23.86,1625449482.0,64.0
24.85,1625449482.0,64.0
25.6,1625449482.0,64.0
26.44,1625449482.0,64.0
27.44,1625449482.0,64.0
28.36,1625449482.0,64.0
28.94,1625449482.0,64.0
28.97,1625449482.0,64.0
28.46,1625449482.0,64.0
27.56,1625449482.0,64.0
26.45,1625449482.0,64.0
25.22,1625449482.0,64.0
23.76,1625449482.0,64.0
21.86,1625449482.0,64.0
19.28,1625449482.0,64.0
15.87,1625449482.0,64.0
11.74,1625449482.0,64.0
7.21,1625449482.0,64.0
2.77,1625449482.0,64.0
-1.19,1625449482.0,64.0
-4.5,1625449482.0,64.0
-7.32,1625449482.0,64.0
-10.06,1625449482.0,64.0
-13.23,1625449482.0,64.0
-17.26,1625449482.0,64.0
-22.24,1625449482.0,64.0
-27.98,1625449482.0,64.0
-34.01,1625449482.0,64.0
-39.84,1625449482.0,64.0
-45.03,1625449482.0,64.0
-49.3,1625449482.0,64.0
-52.51,1625449482.0,64.0
-54.62,1625449482.0,64.0
-55.63,1625449482.0,64.0
-55.59,1625449482.0,64.0
-54.58,1625449482.0,64.0
-52.59,1625449482.0,64.0
-49.43,1625449482.0,64.0
-44.58,1625449482.0,64.0
-37.22,1625449482.0,64.0
-26.51,1625449482.0,64.0
-11.99,1625449482.0,64.0
5.86,1625449482.0,64.0
25.64,1625449482.0,64.0
45.24,1625449482.0,64.0
62.57,1625449482.0,64.0
76.27,1625449482.0,64.0
86.13,1625449482.0,64.0
92.81,1625449482.0,64.0
97.33,1625449482.0,64.0
100.36,1625449482.0,64.0
101.83,1625449482.0,64.0
101.14,1625449482.0,64.0
97.56,1625449482.0,64.0
90.92,1625449482.0,64.0
81.82,1625449482.0,64.0
71.52,1625449482.0,64.0
61.45,1625449482.0,64.0
52.65,1625449482.0,64.0
45.47,1625449482.0,64.0
39.5,1625449482.0,64.0
33.97,1625449482.0,64.0
28.15,1625449482.0,64.0
21.75,1625449482.0,64.0
14.98,1625449482.0,64.0
8.42,1625449482.0,64.0
2.6,1625449482.0,64.0
-2.26,1625449482.0,64.0
-6.27,1625449482.0,64.0
-9.86,1625449482.0,64.0
-13.37,1625449482.0,64.0
-16.91,1625449482.0,64.0
-20.43,1625449482.0,64.0
-23.85,1625449482.0,64.0
-27.39,1625449482.0,64.0
-31.51,1625449482.0,64.0
-36.66,1625449482.0,64.0
-42.79,1625449482.0,64.0
-49.04,1625449482.0,64.0
-53.94,1625449482.0,64.0
-55.99,1625449482.0,64.0
-54.46,1625449482.0,64.0
-49.81,1625449482.0,64.0
-43.44,1625449482.0,64.0
-37.0,1625449482.0,64.0
-31.49,1625449482.0,64.0
-26.92,1625449482.0,64.0
-22.63,1625449482.0,64.0
-17.93,1625449482.0,64.0
-12.82,1625449482.0,64.0
-8.0,1625449482.0,64.0
-4.43,1625449482.0,64.0
-2.65,1625449482.0,64.0
-2.35,1625449482.0,64.0
-2.59,1625449482.0,64.0
-2.37,1625449482.0,64.0
-1.19,1625449482.0,64.0
0.76,1625449482.0,64.0
2.87,1625449482.0,64.0
4.56,1625449482.0,64.0
5.69,1625449482.0,64.0
6.46,1625449482.0,64.0
7.18,1625449482.0,64.0
8.02,1625449482.0,64.0
8.75,1625449482.0,64.0
8.98,1625449482.0,64.0
8.27,1625449482.0,64.0
6.49,1625449482.0,64.0
3.8,1625449482.0,64.0
0.67,1625449482.0,64.0
-2.33,1625449482.0,64.0
-4.75,1625449482.0,64.0
-6.34,1625449482.0,64.0
-7.2,1625449482.0,64.0
-7.73,1625449482.0,64.0
-8.49,1625449482.0,64.0
-9.98,1625449482.0,64.0
-12.43,1625449482.0,64.0
-15.78,1625449482.0,64.0
-19.64,1625449482.0,64.0
-23.59,1625449482.0,64.0
-27.3,1625449482.0,64.0
-30.66,1625449482.0,64.0
-33.6,1625449482.0,64.0
-36.02,1625449482.0,64.0
-37.66,1625449482.0,64.0
-38.18,1625449482.0,64.0
-37.4,1625449482.0,64.0
-35.33,1625449482.0,64.0
-32.31,1625449482.0,64.0
-28.71,1625449482.0,64.0
-24.79,1625449482.0,64.0
-20.53,1625449482.0,64.0
-15.68,1625449482.0,64.0
-10.08,1625449482.0,64.0
-3.79,1625449482.0,64.0
2.73,1625449482.0,64.0
8.83,1625449482.0,64.0
13.86,1625449482.0,64.0
17.51,1625449482.0,64.0
19.92,1625449482.0,64.0
21.51,1625449482.0,64.0
22.79,1625449482.0,64.0
24.07,1625449482.0,64.0
25.38,1625449482.0,64.0
26.47,1625449482.0,64.0
26.98,1625449482.0,64.0
26.62,1625449482.0,64.0
25.28,1625449482.0,64.0
23.09,1625449482.0,64.0
20.29,1625449482.0,64.0
17.15,1625449482.0,64.0
13.92,1625449482.0,64.0
10.76,1625449482.0,64.0
7.79,1625449482.0,64.0
5.09,1625449482.0,64.0
2.71,1625449482.0,64.0
0.64,1625449482.0,64.0
-1.2,1625449482.0,64.0
-2.91,1625449482.0,64.0
-4.65,1625449482.0,64.0
-6.6,1625449482.0,64.0
-8.86,1625449482.0,64.0
-11.56,1625449482.0,64.0
-14.75,1625449482.0,64.0
-18.47,1625449482.0,64.0
-22.73,1625449482.0,64.0
-27.39,1625449482.0,64.0
-32.2,1625449482.0,64.0
-36.7,1625449482.0,64.0
-40.31,1625449482.0,64.0
-42.47,1625449482.0,64.0
-42.85,1625449482.0,64.0
-41.43,1625449482.0,64.0
-38.51,1625449482.0,64.0
-34.51,1625449482.0,64.0
-29.77,1625449482.0,64.0
-24.46,1625449482.0,64.0
-18.57,1625449482.0,64.0
-12.12,1625449482.0,64.0
-5.29,1625449482.0,64.0
1.49,1625449482.0,64.0
7.64,1625449482.0,64.0
12.66,1625449482.0,64.0
16.3,1625449482.0,64.0
18.64,1625449482.0,64.0
20.01,1625449482.0,64.0
20.82,1625449482.0,64.0
21.4,1625449482.0,64.0
21.9,1625449482.0,64.0
22.37,1625449482.0,64.0
22.75,1625449482.0,64.0
23.0,1625449482.0,64.0
23.07,1625449482.0,64.0
22.94,1625449482.0,64.0
22.59,1625449482.0,64.0
21.97,1625449482.0,64.0
21.01,1625449482.0,64.0
19.64,1625449482.0,64.0
17.85,1625449482.0,64.0
15.69,1625449482.0,64.0
13.28,1625449482.0,64.0
10.82,1625449482.0,64.0
8.51,1625449482.0,64.0
6.42,1625449482.0,64.0
4.45,1625449482.0,64.0
2.3,1625449482.0,64.0
-0.45,1625449482.0,64.0
-4.11,1625449482.0,64.0
-8.76,1625449482.0,64.0
-14.15,1625449482.0,64.0
-19.83,1625449482.0,64.0
-25.29,1625449482.0,64.0
-30.14,1625449482.0,64.0
-34.19,1625449482.0,64.0
-37.38,1625449482.0,64.0
-39.66,1625449482.0,64.0
-40.88,1625449482.0,64.0
-40.84,1625449482.0,64.0
-39.34,1625449482.0,64.0
-36.37,1625449482.0,64.0
-32.1,1625449482.0,64.0
-26.87,1625449482.0,64.0
-21.08,1625449482.0,64.0
-15.01,1625449482.0,64.0
-8.86,1625449482.0,64.0
-2.75,1625449482.0,64.0
3.14,1625449482.0,64.0
8.51,1625449482.0,64.0
13.01,1625449482.0,64.0
16.33,1625449482.0,64.0
18.37,1625449482.0,64.0
19.3,1625449482.0,64.0
19.51,1625449482.0,64.0
19.45,1625449482.0,64.0
19.55,1625449482.0,64.0
20.07,1625449482.0,64.0
21.14,1625449482.0,64.0
22.81,1625449482.0,64.0
25.1,1625449482.0,64.0
27.99,1625449482.0,64.0
31.34,1625449482.0,64.0
34.73,1625449482.0,64.0
37.55,1625449482.0,64.0
39.05,1625449482.0,64.0
38.73,1625449482.0,64.0
36.45,1625449482.0,64.0
32.55,1625449482.0,64.0
27.71,1625449482.0,64.0
22.63,1625449482.0,64.0
17.82,1625449482.0,64.0
13.45,1625449482.0,64.0
9.42,1625449482.0,64.0
5.4,1625449482.0,64.0
1.09,1625449482.0,64.0
-3.75,1625449482.0,64.0
-9.23,1625449482.0,64.0
-15.28,1625449482.0,64.0
-21.64,1625449482.0,64.0
-27.81,1625449482.0,64.0
-33.13,1625449482.0,64.0
-36.96,1625449482.0,64.0
-38.87,1625449482.0,64.0
-38.77,1625449482.0,64.0
-36.93,1625449482.0,64.0
-33.81,1625449482.0,64.0
-29.88,1625449482.0,64.0
-25.49,1625449482.0,64.0
-20.83,1625449482.0,64.0
-16.03,1625449482.0,64.0
-11.26,1625449482.0,64.0
-6.73,1625449482.0,64.0
-2.69,1625449482.0,64.0
0.69,1625449482.0,64.0
3.34,1625449482.0,64.0
5.41,1625449482.0,64.0
7.13,1625449482.0,64.0
8.76,1625449482.0,64.0
10.47,1625449482.0,64.0
12.23,1625449482.0,64.0
13.87,1625449482.0,64.0
15.16,1625449482.0,64.0
15.97,1625449482.0,64.0
16.36,1625449482.0,64.0
16.55,1625449482.0,64.0
16.81,1625449482.0,64.0
17.25,1625449482.0,64.0
17.71,1625449482.0,64.0
17.82,1625449482.0,64.0
17.16,1625449482.0,64.0
15.47,1625449482.0,64.0
12.75,1625449482.0,64.0
9.26,1625449482.0,64.0
5.37,1625449482.0,64.0
1.39,1625449482.0,64.0
-2.44,1625449482.0,64.0
-5.93,1625449482.0,64.0
-8.97,1625449482.0,64.0
-11.43,1625449482.0,64.0
-13.34,1625449482.0,64.0
-14.87,1625449482.0,64.0
-16.32,1625449482.0,64.0
-17.99,1625449482.0,64.0
-20.01,1625449482.0,64.0
-22.29,1625449482.0,64.0
-24.5,1625449482.0,64.0
-26.26,1625449482.0,64.0
-27.27,1625449482.0,64.0
-27.41,1625449482.0,64.0
-26.71,1625449482.0,64.0
-25.29,1625449482.0,64.0
-23.23,1625449482.0,64.0
-20.47,1625449482.0,64.0
-16.87,1625449482.0,64.0
-12.3,1625449482.0,64.0
-6.8,1625449482.0,64.0
-0.66,1625449482.0,64.0
5.56,1625449482.0,64.0
11.23,1625449482.0,64.0
15.83,1625449482.0,64.0
19.17,1625449482.0,64.0
21.42,1625449482.0,64.0
23.02,1625449482.0,64.0
24.38,1625449482.0,64.0
25.72,1625449482.0,64.0
26.97,1625449482.0,64.0
27.84,1625449482.0,64.0
28.01,1625449482.0,64.0
27.31,1625449482.0,64.0
25.79,1625449482.0,64.0
23.66,1625449482.0,64.0
21.13,1625449482.0,64.0
18.39,1625449482.0,64.0
15.49,1625449482.0,64.0
12.39,1625449482.0,64.0
9.01,1625449482.0,64.0
5.35,1625449482.0,64.0
1.48,1625449482.0,64.0
-2.38,1625449482.0,64.0
-5.92,1625449482.0,64.0
-8.8,1625449482.0,64.0
-10.83,1625449482.0,64.0
-12.07,1625449482.0,64.0
-12.86,1625449482.0,64.0
-13.67,1625449482.0,64.0
-14.95,1625449482.0,64.0
-16.9,1625449482.0,64.0
-19.37,1625449482.0,64.0
-21.92,1625449482.0,64.0
-23.97,1625449482.0,64.0
-25.01,1625449482.0,64.0
-24.77,1625449482.0,64.0
-23.27,1625449482.0,64.0
-20.77,1625449482.0,64.0
-17.64,1625449482.0,64.0
-14.24,1625449482.0,64.0
-10.85,1625449482.0,64.0
-7.64,1625449482.0,64.0
-4.73,1625449482.0,64.0
-2.2,1625449482.0,64.0
-0.05,1625449482.0,64.0
1.69,1625449482.0,64.0
3.06,1625449482.0,64.0
4.08,1625449482.0,64.0
4.79,1625449482.0,64.0
5.36,1625449482.0,64.0
6.11,1625449482.0,64.0
7.44,1625449482.0,64.0
9.8,1625449482.0,64.0
13.38,1625449482.0,64.0
17.93,1625449482.0,64.0
22.79,1625449482.0,64.0
27.13,1625449482.0,64.0
30.28,1625449482.0,64.0
32.02,1625449482.0,64.0
32.6,1625449482.0,64.0
32.45,1625449482.0,64.0
31.83,1625449482.0,64.0
30.69,1625449482.0,64.0
28.65,1625449482.0,64.0
25.38,1625449482.0,64.0
20.79,1625449482.0,64.0
15.07,1625449482.0,64.0
8.56,1625449482.0,64.0
1.48,1625449482.0,64.0
-6.14,1625449482.0,64.0
-14.24,1625449482.0,64.0
-22.57,1625449482.0,64.0
-30.53,1625449482.0,64.0
-37.38,1625449482.0,64.0
-42.66,1625449482.0,64.0
-46.42,1625449482.0,64.0
-49.19,1625449482.0,64.0
-51.56,1625449482.0,64.0
-53.67,1625449482.0,64.0
-54.97,1625449482.0,64.0
-54.5,1625449482.0,64.0
-51.47,1625449482.0,64.0
-45.78,1625449482.0,64.0
-38.13,1625449482.0,64.0
-29.65,1625449482.0,64.0
-21.29,1625449482.0,64.0
-13.45,1625449482.0,64.0
-6.02,1625449482.0,64.0
1.2,1625449482.0,64.0
8.12,1625449482.0,64.0
14.1,1625449482.0,64.0
18.34,1625449482.0,64.0
20.32,1625449482.0,64.0
20.16,1625449482.0,64.0
18.67,1625449482.0,64.0
17.02,1625449482.0,64.0
16.16,1625449482.0,64.0
16.52,1625449482.0,64.0
17.87,1625449482.0,64.0
19.58,1625449482.0,64.0
20.96,1625449482.0,64.0
21.63,1625449482.0,64.0
21.57,1625449482.0,64.0
21.1,1625449482.0,64.0
20.56,1625449482.0,64.0
20.18,1625449482.0,64.0
19.9,1625449482.0,64.0
19.52,1625449482.0,64.0
18.81,1625449482.0,64.0
17.72,1625449482.0,64.0
16.33,1625449482.0,64.0
14.8,1625449482.0,64.0
13.22,1625449482.0,64.0
11.46,1625449482.0,64.0
9.29,1625449482.0,64.0
6.4,1625449482.0,64.0
2.64,1625449482.0,64.0
-1.94,1625449482.0,64.0
-7.09,1625449482.0,64.0
-12.45,1625449482.0,64.0
-17.63,1625449482.0,64.0
-22.3,1625449482.0,64.0
-26.16,1625449482.0,64.0
-28.94,1625449482.0,64.0
-30.42,1625449482.0,64.0
-30.45,1625449482.0,64.0
-28.98,1625449482.0,64.0
-26.12,1625449482.0,64.0
-22.03,1625449482.0,64.0
-16.97,1625449482.0,64.0
-11.23,1625449482.0,64.0
-5.11,1625449482.0,64.0
1.0,1625449482.0,64.0
6.66,1625449482.0,64.0
11.43,1625449482.0,64.0
14.98,1625449482.0,64.0
17.19,1625449482.0,64.0
18.2,1625449482.0,64.0
18.4,1625449482.0,64.0
18.24,1625449482.0,64.0
18.15,1625449482.0,64.0
18.42,1625449482.0,64.0
19.2,1625449482.0,64.0
20.5,1625449482.0,64.0
22.25,1625449482.0,64.0
24.23,1625449482.0,64.0
26.19,1625449482.0,64.0
27.78,1625449482.0,64.0
28.74,1625449482.0,64.0
28.95,1625449482.0,64.0
28.46,1625449482.0,64.0
27.47,1625449482.0,64.0
26.2,1625449482.0,64.0
24.83,1625449482.0,64.0
23.45,1625449482.0,64.0
22.05,1625449482.0,64.0
20.61,1625449482.0,64.0
19.08,1625449482.0,64.0
17.39,1625449482.0,64.0
15.43,1625449482.0,64.0
13.12,1625449482.0,64.0
10.4,1625449482.0,64.0
7.31,1625449482.0,64.0
3.97,1625449482.0,64.0
0.66,1625449482.0,64.0
-2.29,1625449482.0,64.0
-4.51,1625449482.0,64.0
-5.67,1625449482.0,64.0
-5.62,1625449482.0,64.0
-4.44,1625449482.0,64.0
-2.4,1625449482.0,64.0
0.11,1625449482.0,64.0
2.76,1625449482.0,64.0
5.37,1625449482.0,64.0
7.98,1625449482.0,64.0
10.67,1625449482.0,64.0
13.39,1625449482.0,64.0
15.92,1625449482.0,64.0
17.91,1625449482.0,64.0
19.06,1625449482.0,64.0
19.34,1625449482.0,64.0
19.0,1625449482.0,64.0
18.45,1625449482.0,64.0
18.08,1625449482.0,64.0
18.06,1625449482.0,64.0
18.3,1625449482.0,64.0
18.56,1625449482.0,64.0
18.57,1625449482.0,64.0
18.14,1625449482.0,64.0
17.23,1625449482.0,64.0
15.84,1625449482.0,64.0
14.03,1625449482.0,64.0
11.82,1625449482.0,64.0
9.24,1625449482.0,64.0
6.42,1625449482.0,64.0
3.55,1625449482.0,64.0
0.87,1625449482.0,64.0
-1.4,1625449482.0,64.0
-3.18,1625449482.0,64.0
-4.61,1625449482.0,64.0
-5.99,1625449482.0,64.0
-7.72,1625449482.0,64.0
-10.17,1625449482.0,64.0
-13.59,1625449482.0,64.0
-18.05,1625449482.0,64.0
-23.38,1625449482.0,64.0
-29.18,1625449482.0,64.0
-34.86,1625449482.0,64.0
-39.69,1625449482.0,64.0
-43.01,1625449482.0,64.0
-44.36,1625449482.0,64.0
-43.7,1625449482.0,64.0
-41.36,1625449482.0,64.0
-38.0,1625449482.0,64.0
-34.3,1625449482.0,64.0
-30.8,1625449482.0,64.0
-27.72,1625449482.0,64.0
-25.03,1625449482.0,64.0
-22.53,1625449482.0,64.0
-19.99,1625449482.0,64.0
-17.23,1625449482.0,64.0
-14.05,1625449482.0,64.0
-10.27,1625449482.0,64.0
-5.77,1625449482.0,64.0
-0.54,1625449482.0,64.0
5.18,1625449482.0,64.0
10.95,1625449482.0,64.0
16.2,1625449482.0,64.0
20.38,1625449482.0,64.0
23.17,1625449482.0,64.0
24.47,1625449482.0,64.0
24.42,1625449482.0,64.0
23.2,1625449482.0,64.0
21.02,1625449482.0,64.0
18.05,1625449482.0,64.0
14.47,1625449482.0,64.0
10.55,1625449482.0,64.0
6.61,1625449482.0,64.0
2.95,1625449482.0,64.0
-0.31,1625449482.0,64.0
-3.27,1625449482.0,64.0
-6.24,1625449482.0,64.0
-9.62,1625449482.0,64.0
-13.69,1625449482.0,64.0
-18.49,1625449482.0,64.0
-23.73,1625449482.0,64.0
-28.93,1625449482.0,64.0
-33.5,1625449482.0,64.0
-36.97,1625449482.0,64.0
-39.04,1625449482.0,64.0
-39.58,1625449482.0,64.0
-38.68,1625449482.0,64.0
-36.55,1625449482.0,64.0
-33.5,1625449482.0,64.0
-29.91,1625449482.0,64.0
-26.09,1625449482.0,64.0
-22.25,1625449482.0,64.0
-18.49,1625449482.0,64.0
-14.77,1625449482.0,64.0
-11.09,1625449482.0,64.0
-7.43,1625449482.0,64.0
-3.88,1625449482.0,64.0
-0.59,1625449482.0,64.0
2.34,1625449482.0,64.0
4.92,1625449482.0,64.0
7.24,1625449482.0,64.0
9.37,1625449482.0,64.0
11.37,1625449482.0,64.0
13.16,1625449482.0,64.0
14.62,1625449482.0,64.0
15.64,1625449482.0,64.0
16.12,1625449482.0,64.0
16.07,1625449482.0,64.0
15.5,1625449482.0,64.0
14.49,1625449482.0,64.0
13.14,1625449482.0,64.0
11.52,1625449482.0,64.0
9.69,1625449482.0,64.0
7.58,1625449482.0,64.0
5.07,1625449482.0,64.0
1.99,1625449482.0,64.0
-1.76,1625449482.0,64.0
-6.12,1625449482.0,64.0
-10.88,1625449482.0,64.0
-15.8,1625449482.0,64.0
-20.66,1625449482.0,64.0
-25.36,1625449482.0,64.0
-29.75,1625449482.0,64.0
-33.54,1625449482.0,64.0
-36.31,1625449482.0,64.0
-37.54,1625449482.0,64.0
-36.88,1625449482.0,64.0
-34.29,1625449482.0,64.0
-30.04,1625449482.0,64.0
-24.63,1625449482.0,64.0
-18.5,1625449482.0,64.0
-12.01,1625449482.0,64.0
-5.4,1625449482.0,64.0
1.05,1625449482.0,64.0
6.95,1625449482.0,64.0
11.85,1625449482.0,64.0
15.35,1625449482.0,64.0
17.32,1625449482.0,64.0
17.95,1625449482.0,64.0
17.7,1625449482.0,64.0
17.16,1625449482.0,64.0
16.89,1625449482.0,64.0
17.32,1625449482.0,64.0
18.55,1625449482.0,64.0
20.48,1625449482.0,64.0
22.72,1625449482.0,64.0
24.81,1625449482.0,64.0
26.3,1625449482.0,64.0
26.89,1625449482.0,64.0
26.42,1625449482.0,64.0
24.8,1625449482.0,64.0
22.03,1625449482.0,64.0
18.11,1625449482.0,64.0
13.13,1625449482.0,64.0
7.39,1625449482.0,64.0
1.35,1625449482.0,64.0
-4.49,1625449482.0,64.0
-9.72,1625449482.0,64.0
-14.21,1625449482.0,64.0
-18.1,1625449482.0,64.0
-21.58,1625449482.0,64.0
-24.81,1625449482.0,64.0
-27.64,1625449482.0,64.0
-29.73,1625449482.0,64.0
-30.67,1625449482.0,64.0
-30.12,1625449482.0,64.0
-28.02,1625449482.0,64.0
-24.54,1625449482.0,64.0
-20.07,1625449482.0,64.0
-14.98,1625449482.0,64.0
-9.61,1625449482.0,64.0
-4.13,1625449482.0,64.0
1.39,1625449482.0,64.0
6.83,1625449482.0,64.0
12.01,1625449482.0,64.0
16.5,1625449482.0,64.0
19.86,1625449482.0,64.0
21.72,1625449482.0,64.0
22.05,1625449482.0,64.0
21.14,1625449482.0,64.0
19.6,1625449482.0,64.0
18.06,1625449482.0,64.0
16.93,1625449482.0,64.0
16.32,1625449482.0,64.0
16.05,1625449482.0,64.0
15.81,1625449482.0,64.0
15.27,1625449482.0,64.0
14.22,1625449482.0,64.0
12.58,1625449482.0,64.0
10.42,1625449482.0,64.0
7.86,1625449482.0,64.0
5.13,1625449482.0,64.0
2.48,1625449482.0,64.0
0.07,1625449482.0,64.0
-1.99,1625449482.0,64.0
-3.79,1625449482.0,64.0
-5.48,1625449482.0,64.0
-7.26,1625449482.0,64.0
-9.21,1625449482.0,64.0
-11.39,1625449482.0,64.0
-13.82,1625449482.0,64.0
-16.57,1625449482.0,64.0
-19.65,1625449482.0,64.0
-22.93,1625449482.0,64.0
-26.0,1625449482.0,64.0
-28.15,1625449482.0,64.0
-28.65,1625449482.0,64.0
-27.01,1625449482.0,64.0
-23.23,1625449482.0,64.0
-17.87,1625449482.0,64.0
-11.83,1625449482.0,64.0
-5.97,1625449482.0,64.0
-0.77,1625449482.0,64.0
3.69,1625449482.0,64.0
7.62,1625449482.0,64.0
11.21,1625449482.0,64.0
14.45,1625449482.0,64.0
17.14,1625449482.0,64.0
19.09,1625449482.0,64.0
20.26,1625449482.0,64.0
20.91,1625449482.0,64.0
21.48,1625449482.0,64.0
22.32,1625449482.0,64.0
23.56,1625449482.0,64.0
25.0,1625449482.0,64.0
26.26,1625449482.0,64.0
26.92,1625449482.0,64.0
26.77,1625449482.0,64.0
25.84,1625449482.0,64.0
24.35,1625449482.0,64.0
22.58,1625449482.0,64.0
20.76,1625449482.0,64.0
19.02,1625449482.0,64.0
17.37,1625449482.0,64.0
15.76,1625449482.0,64.0
14.08,1625449482.0,64.0
12.26,1625449482.0,64.0
10.19,1625449482.0,64.0
7.86,1625449482.0,64.0
5.27,1625449482.0,64.0
2.44,1625449482.0,64.0
-0.59,1625449482.0,64.0
-3.77,1625449482.0,64.0
-6.97,1625449482.0,64.0
-9.95,1625449482.0,64.0
-12.32,1625449482.0,64.0
-13.68,1625449482.0,64.0
-13.71,1625449482.0,64.0
-12.36,1625449482.0,64.0
-9.82,1625449482.0,64.0
-6.51,1625449482.0,64.0
-2.83,1625449482.0,64.0
0.91,1625449482.0,64.0
4.64,1625449482.0,64.0
8.4,1625449482.0,64.0
12.15,1625449482.0,64.0
15.7,1625449482.0,64.0
18.67,1625449482.0,64.0
20.66,1625449482.0,64.0
21.47,1625449482.0,64.0
21.21,1625449482.0,64.0
20.3,1625449482.0,64.0
19.27,1625449482.0,64.0
18.56,1625449482.0,64.0
18.25,1625449482.0,64.0
18.15,1625449482.0,64.0
17.88,1625449482.0,64.0
17.14,1625449482.0,64.0
15.85,1625449482.0,64.0
14.12,1625449482.0,64.0
12.16,1625449482.0,64.0
10.07,1625449482.0,64.0
7.82,1625449482.0,64.0
5.25,1625449482.0,64.0
2.28,1625449482.0,64.0
-1.02,1625449482.0,64.0
-4.37,1625449482.0,64.0
-7.45,1625449482.0,64.0
-10.06,1625449482.0,64.0
-12.21,1625449482.0,64.0
-14.2,1625449482.0,64.0
-16.41,1625449482.0,64.0
-19.16,1625449482.0,64.0
-22.54,1625449482.0,64.0
-26.31,1625449482.0,64.0
-29.95,1625449482.0,64.0
-32.77,1625449482.0,64.0
-34.15,1625449482.0,64.0
-33.69,1625449482.0,64.0
-31.38,1625449482.0,64.0
-27.56,1625449482.0,64.0
-22.81,1625449482.0,64.0
-17.73,1625449482.0,64.0
-12.72,1625449482.0,64.0
-7.9,1625449482.0,64.0
-3.17,1625449482.0,64.0
1.56,1625449482.0,64.0
6.23,1625449482.0,64.0
10.51,1625449482.0,64.0
13.98,1625449482.0,64.0
16.28,1625449482.0,64.0
17.38,1625449482.0,64.0
17.62,1625449482.0,64.0
17.55,1625449482.0,64.0
17.71,1625449482.0,64.0
18.36,1625449482.0,64.0
19.36,1625449482.0,64.0
20.32,1625449482.0,64.0
20.8,1625449482.0,64.0
20.55,1625449482.0,64.0
19.59,1625449482.0,64.0
18.22,1625449482.0,64.0
16.72,1625449482.0,64.0
15.26,1625449482.0,64.0
13.76,1625449482.0,64.0
11.96,1625449482.0,64.0
9.61,1625449482.0,64.0
6.68,1625449482.0,64.0
3.36,1625449482.0,64.0
0.01,1625449482.0,64.0
-3.0,1625449482.0,64.0
-5.53,1625449482.0,64.0
-7.7,1625449482.0,64.0
-9.84,1625449482.0,64.0
-12.29,1625449482.0,64.0
-15.28,1625449482.0,64.0
-18.88,1625449482.0,64.0
-22.9,1625449482.0,64.0
-27.0,1625449482.0,64.0
-30.78,1625449482.0,64.0
-33.81,1625449482.0,64.0
-35.7,1625449482.0,64.0
-36.2,1625449482.0,64.0
-35.22,1625449482.0,64.0
-32.87,1625449482.0,64.0
-29.42,1625449482.0,64.0
-25.2,1625449482.0,64.0
-20.56,1625449482.0,64.0
-15.7,1625449482.0,64.0
-10.71,1625449482.0,64.0
-5.61,1625449482.0,64.0
-0.36,1625449482.0,64.0
4.95,1625449482.0,64.0
10.09,1625449482.0,64.0
14.69,1625449482.0,64.0
18.39,1625449482.0,64.0
20.93,1625449482.0,64.0
22.34,1625449482.0,64.0
22.91,1625449482.0,64.0
23.07,1625449482.0,64.0
23.26,1625449482.0,64.0
23.7,1625449482.0,64.0
24.36,1625449482.0,64.0
24.98,1625449482.0,64.0
25.33,1625449482.0,64.0
25.25,1625449482.0,64.0
24.75,1625449482.0,64.0
23.96,1625449482.0,64.0
22.95,1625449482.0,64.0
21.71,1625449482.0,64.0
20.13,1625449482.0,64.0
18.12,1625449482.0,64.0
15.69,1625449482.0,64.0
12.97,1625449482.0,64.0
10.18,1625449482.0,64.0
7.44,1625449482.0,64.0
4.77,1625449482.0,64.0
2.07,1625449482.0,64.0
-0.78,1625449482.0,64.0
-3.76,1625449482.0,64.0
-6.75,1625449482.0,64.0
-9.54,1625449482.0,64.0
-11.97,1625449482.0,64.0
-14.07,1625449482.0,64.0
-16.03,1625449482.0,64.0
-18.14,1625449482.0,64.0
-20.7,1625449482.0,64.0
-23.84,1625449482.0,64.0
-27.51,1625449482.0,64.0
-31.49,1625449482.0,64.0
-35.42,1625449482.0,64.0
-38.82,1625449482.0,64.0
-41.19,1625449482.0,64.0
-42.14,1625449482.0,64.0
-41.38,1625449482.0,64.0
-38.99,1625449482.0,64.0
-35.25,1625449482.0,64.0
-30.67,1625449482.0,64.0
-25.76,1625449482.0,64.0
-20.8,1625449482.0,64.0
-15.75,1625449482.0,64.0
-10.4,1625449482.0,64.0
-4.57,1625449482.0,64.0
1.66,1625449482.0,64.0
7.81,1625449482.0,64.0
13.19,1625449482.0,64.0
17.23,1625449482.0,64.0
19.7,1625449482.0,64.0
20.94,1625449482.0,64.0
21.57,1625449482.0,64.0
22.26,1625449482.0,64.0
23.36,1625449482.0,64.0
24.82,1625449482.0,64.0
26.26,1625449482.0,64.0
27.3,1625449482.0,64.0
27.74,1625449482.0,64.0
27.62,1625449482.0,64.0
27.12,1625449482.0,64.0
26.37,1625449482.0,64.0
25.35,1625449482.0,64.0
23.93,1625449482.0,64.0
22.02,1625449482.0,64.0
19.67,1625449482.0,64.0
17.13,1625449482.0,64.0
14.75,1625449482.0,64.0
12.78,1625449482.0,64.0
11.28,1625449482.0,64.0
10.06,1625449482.0,64.0
8.82,1625449482.0,64.0
7.28,1625449482.0,64.0
5.27,1625449482.0,64.0
2.83,1625449482.0,64.0
0.12,1625449482.0,64.0
-2.63,1625449482.0,64.0
-5.26,1625449482.0,64.0
-7.67,1625449482.0,64.0
-9.91,1625449482.0,64.0
-12.07,1625449482.0,64.0
-14.31,1625449482.0,64.0
-16.77,1625449482.0,64.0
-19.53,1625449482.0,64.0
-22.64,1625449482.0,64.0
-26.04,1625449482.0,64.0
-29.61,1625449482.0,64.0
-33.18,1625449482.0,64.0
-36.51,1625449482.0,64.0
-39.35,1625449482.0,64.0
-41.43,1625449482.0,64.0
-42.46,1625449482.0,64.0
-42.23,1625449482.0,64.0
-40.64,1625449482.0,64.0
-37.76,1625449482.0,64.0
-33.85,1625449482.0,64.0
-29.25,1625449482.0,64.0
-24.27,1625449482.0,64.0
-19.11,1625449482.0,64.0
-13.8,1625449482.0,64.0
-8.33,1625449482.0,64.0
-2.82,1625449482.0,64.0
2.45,1625449482.0,64.0
7.02,1625449482.0,64.0
10.45,1625449482.0,64.0
12.56,1625449482.0,64.0
13.52,1625449482.0,64.0
13.76,1625449482.0,64.0
13.77,1625449482.0,64.0
13.9,1625449482.0,64.0
14.21,1625449482.0,64.0
14.56,1625449482.0,64.0
14.75,1625449482.0,64.0
14.64,1625449482.0,64.0
14.2,1625449482.0,64.0
13.52,1625449482.0,64.0
12.66,1625449482.0,64.0
11.64,1625449482.0,64.0
10.39,1625449482.0,64.0
8.85,1625449482.0,64.0
6.92,1625449482.0,64.0
4.61,1625449482.0,64.0
1.99,1625449482.0,64.0
-0.69,1625449482.0,64.0
-3.09,1625449482.0,64.0
-4.91,1625449482.0,64.0
-5.96,1625449482.0,64.0
-6.23,1625449482.0,64.0
-5.83,1625449482.0,64.0
-4.88,1625449482.0,64.0
-3.42,1625449482.0,64.0
-1.43,1625449482.0,64.0
1.05,1625449482.0,64.0
3.78,1625449482.0,64.0
6.29,1625449482.0,64.0
8.01,1625449482.0,64.0
8.52,1625449482.0,64.0
7.68,1625449482.0,64.0
5.69,1625449482.0,64.0
2.93,1625449482.0,64.0
-0.24,1625449482.0,64.0
-3.55,1625449482.0,64.0
-6.75,1625449482.0,64.0
-9.54,1625449482.0,64.0
-11.45,1625449482.0,64.0
-11.94,1625449482.0,64.0
-10.66,1625449482.0,64.0
-7.58,1625449482.0,64.0
-3.08,1625449482.0,64.0
2.19,1625449482.0,64.0
7.54,1625449482.0,64.0
12.42,1625449482.0,64.0
16.62,1625449482.0,64.0
20.16,1625449482.0,64.0
23.18,1625449482.0,64.0
25.71,1625449482.0,64.0
27.67,1625449482.0,64.0
28.83,1625449482.0,64.0
29.04,1625449482.0,64.0
28.27,1625449482.0,64.0
26.74,1625449482.0,64.0
24.83,1625449482.0,64.0
22.95,1625449482.0,64.0
21.4,1625449482.0,64.0
20.27,1625449482.0,64.0
19.4,1625449482.0,64.0
18.54,1625449482.0,64.0
17.35,1625449482.0,64.0
15.66,1625449482.0,64.0
13.42,1625449482.0,64.0
10.75,1625449482.0,64.0
7.92,1625449482.0,64.0
5.25,1625449482.0,64.0
2.96,1625449482.0,64.0
1.03,1625449482.0,64.0
-0.81,1625449482.0,64.0
-3.07,1625449482.0,64.0
-6.22,1625449482.0,64.0
-10.44,1625449482.0,64.0
-15.47,1625449482.0,64.0
-20.75,1625449482.0,64.0
-25.65,1625449482.0,64.0
-29.74,1625449482.0,64.0
-32.96,1625449482.0,64.0
-35.5,1625449482.0,64.0
-37.59,1625449482.0,64.0
-39.36,1625449482.0,64.0
-40.87,1625449482.0,64.0
-42.16,1625449482.0,64.0
-43.36,1625449482.0,64.0
-44.63,1625449482.0,64.0
-45.88,1625449482.0,64.0
-46.7,1625449482.0,64.0
-46.48,1625449482.0,64.0
-44.8,1625449482.0,64.0
-41.75,1625449482.0,64.0
-37.97,1625449482.0,64.0
-34.32,1625449482.0,64.0
-31.13,1625449482.0,64.0
-27.95,1625449482.0,64.0
-23.62,1625449482.0,64.0
-17.01,1625449482.0,64.0
-7.9,1625449482.0,64.0
2.54,1625449482.0,64.0
12.09,1625449482.0,64.0
18.48,1625449482.0,64.0
20.55,1625449482.0,64.0
19.03,1625449482.0,64.0
16.27,1625449482.0,64.0
15.2,1625449482.0,64.0
17.87,1625449482.0,64.0
24.38,1625449482.0,64.0
32.73,1625449482.0,64.0
39.81,1625449482.0,64.0
42.87,1625449482.0,64.0
40.9,1625449482.0,64.0
35.27,1625449482.0,64.0
28.95,1625449482.0,64.0
25.31,1625449482.0,64.0
26.75,1625449482.0,64.0
34.06,1625449482.0,64.0
46.49,1625449482.0,64.0
62.11,1625449482.0,64.0
77.83,1625449482.0,64.0
89.21,1625449482.0,64.0
90.99,1625449482.0,64.0
78.66,1625449482.0,64.0
51.26,1625449482.0,64.0
13.65,1625449482.0,64.0
-23.81,1625449482.0,64.0
-48.83,1625449482.0,64.0
-52.9,1625449482.0,64.0
-35.88,1625449482.0,64.0
-6.63,1625449482.0,64.0
21.02,1625449482.0,64.0
34.97,1625449482.0,64.0
30.4,1625449482.0,64.0
11.07,1625449482.0,64.0
-13.9,1625449482.0,64.0
-35.33,1625449482.0,64.0
-48.24,1625449482.0,64.0
-52.68,1625449482.0,64.0
-51.66,1625449482.0,64.0
-48.06,1625449482.0,64.0
-42.94,1625449482.0,64.0
-35.74,1625449482.0,64.0
-26.02,1625449482.0,64.0
-14.79,1625449482.0,64.0
-4.53,1625449482.0,64.0
1.89,1625449482.0,64.0
2.8,1625449482.0,64.0
-1.28,1625449482.0,64.0
-7.86,1625449482.0,64.0
-13.6,1625449482.0,64.0
-15.71,1625449482.0,64.0
-13.09,1625449482.0,64.0
-6.58,1625449482.0,64.0
1.59,1625449482.0,64.0
8.78,1625449482.0,64.0
13.05,1625449482.0,64.0
13.69,1625449482.0,64.0
11.36,1625449482.0,64.0
7.5,1625449482.0,64.0
3.72,1625449482.0,64.0
1.2,1625449482.0,64.0
0.42,1625449482.0,64.0
1.09,1625449482.0,64.0
2.33,1625449482.0,64.0
3.05,1625449482.0,64.0
2.37,1625449482.0,64.0
-0.03,1625449482.0,64.0
-3.75,1625449482.0,64.0
-7.86,1625449482.0,64.0
-11.35,1625449482.0,64.0
-13.6,1625449482.0,64.0
-14.62,1625449482.0,64.0
-14.93,1625449482.0,64.0
-15.19,1625449482.0,64.0
-15.83,1625449482.0,64.0
-16.83,1625449482.0,64.0
-17.88,1625449482.0,64.0
-18.64,1625449482.0,64.0
-19.02,1625449482.0,64.0
-19.23,1625449482.0,64.0
-19.68,1625449482.0,64.0
-20.81,1625449482.0,64.0
-22.93,1625449482.0,64.0
-26.08,1625449482.0,64.0
-30.0,1625449482.0,64.0
-34.15,1625449482.0,64.0
-37.74,1625449482.0,64.0
-39.88,1625449482.0,64.0
-39.9,1625449482.0,64.0
-37.56,1625449482.0,64.0
-33.21,1625449482.0,64.0
-27.64,1625449482.0,64.0
-21.79,1625449482.0,64.0
-16.34,1625449482.0,64.0
-11.53,1625449482.0,64.0
-7.2,1625449482.0,64.0
-3.07,1625449482.0,64.0
0.98,1625449482.0,64.0
4.77,1625449482.0,64.0
7.97,1625449482.0,64.0
10.33,1625449482.0,64.0
11.91,1625449482.0,64.0
13.05,1625449482.0,64.0
14.24,1625449482.0,64.0
15.79,1625449482.0,64.0
17.71,1625449482.0,64.0
19.68,1625449482.0,64.0
21.24,1625449482.0,64.0
22.02,1625449482.0,64.0
21.89,1625449482.0,64.0
21.0,1625449482.0,64.0
19.69,1625449482.0,64.0
18.29,1625449482.0,64.0
17.04,1625449482.0,64.0
15.99,1625449482.0,64.0
15.09,1625449482.0,64.0
14.2,1625449482.0,64.0
13.16,1625449482.0,64.0
11.81,1625449482.0,64.0
10.07,1625449482.0,64.0
7.9,1625449482.0,64.0
5.35,1625449482.0,64.0
2.55,1625449482.0,64.0
-0.35,1625449482.0,64.0
-3.17,1625449482.0,64.0
-5.74,1625449482.0,64.0
-8.01,1625449482.0,64.0
-10.03,1625449482.0,64.0
-11.94,1625449482.0,64.0
-13.94,1625449482.0,64.0
-16.2,1625449482.0,64.0
-18.83,1625449482.0,64.0
-21.74,1625449482.0,64.0
-24.68,1625449482.0,64.0
-27.19,1625449482.0,64.0
-28.8,1625449482.0,64.0
-29.08,1625449482.0,64.0
-27.92,1625449482.0,64.0
-25.46,1625449482.0,64.0
-22.15,1625449482.0,64.0
-18.48,1625449482.0,64.0
-14.77,1625449482.0,64.0
-11.08,1625449482.0,64.0
-7.19,1625449482.0,64.0
-2.87,1625449482.0,64.0
1.95,1625449482.0,64.0
7.0,1625449482.0,64.0
11.76,1625449482.0,64.0
15.65,1625449482.0,64.0
18.28,1625449482.0,64.0
19.58,1625449482.0,64.0
19.8,1625449482.0,64.0
19.35,1625449482.0,64.0
18.64,1625449482.0,64.0
18.0,1625449482.0,64.0
17.53,1625449482.0,64.0
17.23,1625449482.0,64.0
16.94,1625449482.0,64.0
16.47,1625449482.0,64.0
15.64,1625449482.0,64.0
14.34,1625449482.0,64.0
12.63,1625449482.0,64.0
10.68,1625449482.0,64.0
8.76,1625449482.0,64.0
7.19,1625449482.0,64.0
6.15,1625449482.0,64.0
5.68,1625449482.0,64.0
5.62,1625449482.0,64.0
5.7,1625449482.0,64.0
5.65,1625449482.0,64.0
5.34,1625449482.0,64.0
4.7,1625449482.0,64.0
3.84,1625449482.0,64.0
2.78,1625449482.0,64.0
1.45,1625449482.0,64.0
-0.32,1625449482.0,64.0
-2.71,1625449482.0,64.0
-5.78,1625449482.0,64.0
-9.46,1625449482.0,64.0
-13.53,1625449482.0,64.0
-17.79,1625449482.0,64.0
-22.01,1625449482.0,64.0
-25.97,1625449482.0,64.0
-29.32,1625449482.0,64.0
-31.58,1625449482.0,64.0
-32.25,1625449482.0,64.0
-31.02,1625449482.0,64.0
-27.93,1625449482.0,64.0
-23.42,1625449482.0,64.0
-18.12,1625449482.0,64.0
-12.63,1625449482.0,64.0
-7.23,1625449482.0,64.0
-2.05,1625449482.0,64.0
2.91,1625449482.0,64.0
7.48,1625449482.0,64.0
11.34,1625449482.0,64.0
14.19,1625449482.0,64.0
15.93,1625449482.0,64.0
16.88,1625449482.0,64.0
17.57,1625449482.0,64.0
18.55,1625449482.0,64.0
20.02,1625449482.0,64.0
21.79,1625449482.0,64.0
23.36,1625449482.0,64.0
24.21,1625449482.0,64.0
24.03,1625449482.0,64.0
22.89,1625449482.0,64.0
21.06,1625449482.0,64.0
18.85,1625449482.0,64.0
16.51,1625449482.0,64.0
14.16,1625449482.0,64.0
11.88,1625449482.0,64.0
9.71,1625449482.0,64.0
7.66,1625449482.0,64.0
5.77,1625449482.0,64.0
4.06,1625449482.0,64.0
2.63,1625449482.0,64.0
1.62,1625449482.0,64.0
1.16,1625449482.0,64.0
1.25,1625449482.0,64.0
1.6,1625449482.0,64.0
1.62,1625449482.0,64.0
0.66,1625449482.0,64.0
-1.71,1625449482.0,64.0
-5.47,1625449482.0,64.0
-10.04,1625449482.0,64.0
-14.62,1625449482.0,64.0
-18.47,1625449482.0,64.0
-21.21,1625449482.0,64.0
-22.88,1625449482.0,64.0
-23.7,1625449482.0,64.0
-23.86,1625449482.0,64.0
-23.32,1625449482.0,64.0
-21.92,1625449482.0,64.0
-19.51,1625449482.0,64.0
-16.16,1625449482.0,64.0
-12.14,1625449482.0,64.0
-7.74,1625449482.0,64.0
-3.18,1625449482.0,64.0
1.51,1625449482.0,64.0
6.3,1625449482.0,64.0
11.07,1625449482.0,64.0
15.44,1625449482.0,64.0
18.9,1625449482.0,64.0
21.07,1625449482.0,64.0
21.9,1625449482.0,64.0
21.78,1625449482.0,64.0
21.31,1625449482.0,64.0
21.09,1625449482.0,64.0
21.42,1625449482.0,64.0
22.22,1625449482.0,64.0
23.09,1625449482.0,64.0
23.58,1625449482.0,64.0
23.31,1625449482.0,64.0
22.14,1625449482.0,64.0
20.15,1625449482.0,64.0
17.56,1625449482.0,64.0
14.72,1625449482.0,64.0
11.88,1625449482.0,64.0
9.2,1625449482.0,64.0
6.78,1625449482.0,64.0
4.61,1625449482.0,64.0
2.69,1625449482.0,64.0
1.03,1625449482.0,64.0
-0.38,1625449482.0,64.0
-1.63,1625449482.0,64.0
-2.91,1625449482.0,64.0
-4.47,1625449482.0,64.0
-6.57,1625449482.0,64.0
-9.34,1625449482.0,64.0
-12.74,1625449482.0,64.0
-16.55,1625449482.0,64.0
-20.49,1625449482.0,64.0
-24.28,1625449482.0,64.0
-27.77,1625449482.0,64.0
-30.83,1625449482.0,64.0
-33.3,1625449482.0,64.0
-34.92,1625449482.0,64.0
-35.35,1625449482.0,64.0
-34.31,1625449482.0,64.0
-31.72,1625449482.0,64.0
-27.8,1625449482.0,64.0
-23.01,1625449482.0,64.0
-17.84,1625449482.0,64.0
-12.71,1625449482.0,64.0
-7.77,1625449482.0,64.0
-3.08,1625449482.0,64.0
1.37,1625449482.0,64.0
5.45,1625449482.0,64.0
8.97,1625449482.0,64.0
11.77,1625449482.0,64.0
13.83,1625449482.0,64.0
15.4,1625449482.0,64.0
16.77,1625449482.0,64.0
18.2,1625449482.0,64.0
19.7,1625449482.0,64.0
21.04,1625449482.0,64.0
21.88,1625449482.0,64.0
21.96,1625449482.0,64.0
21.24,1625449482.0,64.0
19.96,1625449482.0,64.0
18.51,1625449482.0,64.0
17.3,1625449482.0,64.0
16.51,1625449482.0,64.0
16.03,1625449482.0,64.0
15.52,1625449482.0,64.0
14.5,1625449482.0,64.0
12.66,1625449482.0,64.0
9.94,1625449482.0,64.0
6.61,1625449482.0,64.0
3.15,1625449482.0,64.0
-0.03,1625449482.0,64.0
-2.7,1625449482.0,64.0
-4.93,1625449482.0,64.0
-6.99,1625449482.0,64.0
-9.15,1625449482.0,64.0
-11.54,1625449482.0,64.0
-14.14,1625449482.0,64.0
-16.81,1625449482.0,64.0
-19.44,1625449482.0,64.0
-21.99,1625449482.0,64.0
-24.38,1625449482.0,64.0
-26.4,1625449482.0,64.0
-27.69,1625449482.0,64.0
-27.8,1625449482.0,64.0
-26.43,1625449482.0,64.0
-23.56,1625449482.0,64.0
-19.48,1625449482.0,64.0
-14.71,1625449482.0,64.0
-9.81,1625449482.0,64.0
-5.13,1625449482.0,64.0
-0.8,1625449482.0,64.0
3.19,1625449482.0,64.0
6.89,1625449482.0,64.0
10.25,1625449482.0,64.0
13.1,1625449482.0,64.0
15.29,1625449482.0,64.0
16.76,1625449482.0,64.0
17.63,1625449482.0,64.0
18.19,1625449482.0,64.0
18.81,1625449482.0,64.0
19.72,1625449482.0,64.0
20.98,1625449482.0,64.0
22.43,1625449482.0,64.0
23.78,1625449482.0,64.0
24.77,1625449482.0,64.0
25.22,1625449482.0,64.0
25.13,1625449482.0,64.0
24.6,1625449482.0,64.0
23.71,1625449482.0,64.0
22.48,1625449482.0,64.0
20.81,1625449482.0,64.0
18.63,1625449482.0,64.0
15.94,1625449482.0,64.0
12.9,1625449482.0,64.0
9.8,1625449482.0,64.0
6.96,1625449482.0,64.0
4.59,1625449482.0,64.0
2.78,1625449482.0,64.0
1.44,1625449482.0,64.0
0.41,1625449482.0,64.0
-0.49,1625449482.0,64.0
-1.43,1625449482.0,64.0
-2.53,1625449482.0,64.0
-3.92,1625449482.0,64.0
-5.68,1625449482.0,64.0
-7.79,1625449482.0,64.0
-10.06,1625449482.0,64.0
-12.07,1625449482.0,64.0
-13.3,1625449482.0,64.0
-13.31,1625449482.0,64.0
-11.97,1625449482.0,64.0
-9.53,1625449482.0,64.0
-6.51,1625449482.0,64.0
-3.44,1625449482.0,64.0
-0.58,1625449482.0,64.0
2.12,1625449482.0,64.0
4.93,1625449482.0,64.0
8.05,1625449482.0,64.0
11.41,1625449482.0,64.0
14.57,1625449482.0,64.0
16.99,1625449482.0,64.0
18.31,1625449482.0,64.0
18.57,1625449482.0,64.0
18.26,1625449482.0,64.0
18.07,1625449482.0,64.0
18.52,1625449482.0,64.0
19.75,1625449482.0,64.0
21.46,1625449482.0,64.0
23.05,1625449482.0,64.0
23.96,1625449482.0,64.0
23.89,1625449482.0,64.0
22.89,1625449482.0,64.0
21.27,1625449482.0,64.0
19.37,1625449482.0,64.0
17.39,1625449482.0,64.0
15.27,1625449482.0,64.0
12.8,1625449482.0,64.0
9.8,1625449482.0,64.0
6.27,1625449482.0,64.0
2.46,1625449482.0,64.0
-1.25,1625449482.0,64.0
-4.46,1625449482.0,64.0
-6.97,1625449482.0,64.0
-8.8,1625449482.0,64.0
-10.24,1625449482.0,64.0
-11.64,1625449482.0,64.0
-13.31,1625449482.0,64.0
-15.42,1625449482.0,64.0
-17.94,1625449482.0,64.0
-20.74,1625449482.0,64.0
-23.61,1625449482.0,64.0
-26.28,1625449482.0,64.0
-28.46,1625449482.0,64.0
-29.82,1625449482.0,64.0
-30.01,1625449482.0,64.0
-28.78,1625449482.0,64.0
-26.06,1625449482.0,64.0
-22.04,1625449482.0,64.0
-17.17,1625449482.0,64.0
-12.0,1625449482.0,64.0
-7.05,1625449482.0,64.0
-2.67,1625449482.0,64.0
0.94,1625449482.0,64.0
3.72,1625449482.0,64.0
5.68,1625449482.0,64.0
6.95,1625449482.0,64.0
7.78,1625449482.0,64.0
8.53,1625449482.0,64.0
9.56,1625449482.0,64.0
11.12,1625449482.0,64.0
13.17,1625449482.0,64.0
15.43,1625449482.0,64.0
17.44,1625449482.0,64.0
18.8,1625449482.0,64.0
19.24,1625449482.0,64.0
18.77,1625449482.0,64.0
17.54,1625449482.0,64.0
15.71,1625449482.0,64.0
13.41,1625449482.0,64.0
10.71,1625449482.0,64.0
7.74,1625449482.0,64.0
4.69,1625449482.0,64.0
1.79,1625449482.0,64.0
-0.75,1625449482.0,64.0
-2.8,1625449482.0,64.0
-4.42,1625449482.0,64.0
-5.78,1625449482.0,64.0
-7.16,1625449482.0,64.0
-8.84,1625449482.0,64.0
-11.05,1625449482.0,64.0
-13.95,1625449482.0,64.0
-17.51,1625449482.0,64.0
-21.53,1625449482.0,64.0
-25.56,1625449482.0,64.0
-29.04,1625449482.0,64.0
-31.38,1625449482.0,64.0
-32.18,1625449482.0,64.0
-31.31,1625449482.0,64.0
-28.96,1625449482.0,64.0
-25.52,1625449482.0,64.0
-21.35,1625449482.0,64.0
-16.72,1625449482.0,64.0
-11.69,1625449482.0,64.0
-6.25,1625449482.0,64.0
-0.49,1625449482.0,64.0
5.27,1625449482.0,64.0
10.49,1625449482.0,64.0
14.67,1625449482.0,64.0
17.47,1625449482.0,64.0
18.94,1625449482.0,64.0
19.5,1625449482.0,64.0
19.77,1625449482.0,64.0
20.25,1625449482.0,64.0
21.17,1625449482.0,64.0
22.41,1625449482.0,64.0
23.58,1625449482.0,64.0
24.27,1625449482.0,64.0
24.16,1625449482.0,64.0
23.21,1625449482.0,64.0
21.58,1625449482.0,64.0
19.5,1625449482.0,64.0
17.19,1625449482.0,64.0
14.74,1625449482.0,64.0
12.11,1625449482.0,64.0
9.24,1625449482.0,64.0
6.09,1625449482.0,64.0
2.74,1625449482.0,64.0
-0.6,1625449482.0,64.0
-3.73,1625449482.0,64.0
-6.56,1625449482.0,64.0
-9.12,1625449482.0,64.0
-11.63,1625449482.0,64.0
-14.36,1625449482.0,64.0
-17.53,1625449482.0,64.0
-21.17,1625449482.0,64.0
-25.12,1625449482.0,64.0
-29.02,1625449482.0,64.0
-32.4,1625449482.0,64.0
-34.87,1625449482.0,64.0
-36.17,1625449482.0,64.0
-36.29,1625449482.0,64.0
-35.41,1625449482.0,64.0
-33.79,1625449482.0,64.0
-31.57,1625449482.0,64.0
-28.65,1625449482.0,64.0
-24.75,1625449482.0,64.0
-19.57,1625449482.0,64.0
-13.07,1625449482.0,64.0
-5.62,1625449482.0,64.0
1.99,1625449482.0,64.0
8.86,1625449482.0,64.0
14.22,1625449482.0,64.0
17.72,1625449482.0,64.0
19.45,1625449482.0,64.0
19.8,1625449482.0,64.0
19.3,1625449482.0,64.0
18.35,1625449482.0,64.0
17.25,1625449482.0,64.0
16.17,1625449482.0,64.0
15.26,1625449482.0,64.0
14.62,1625449482.0,64.0
14.3,1625449482.0,64.0
14.23,1625449482.0,64.0
14.21,1625449482.0,64.0
13.94,1625449482.0,64.0
13.12,1625449482.0,64.0
11.59,1625449482.0,64.0
9.34,1625449482.0,64.0
6.58,1625449482.0,64.0
3.7,1625449482.0,64.0
1.12,1625449482.0,64.0
-0.73,1625449482.0,64.0
-1.64,1625449482.0,64.0
-1.68,1625449482.0,64.0
-1.24,1625449482.0,64.0
-0.96,1625449482.0,64.0
-1.47,1625449482.0,64.0
-3.31,1625449482.0,64.0
-6.75,1625449482.0,64.0
-11.66,1625449482.0,64.0
-17.61,1625449482.0,64.0
-23.81,1625449482.0,64.0
-29.3,1625449482.0,64.0
-33.09,1625449482.0,64.0
-34.4,1625449482.0,64.0
-32.96,1625449482.0,64.0
-29.12,1625449482.0,64.0
-23.75,1625449482.0,64.0
-17.92,1625449482.0,64.0
-12.47,1625449482.0,64.0
-7.69,1625449482.0,64.0
-3.28,1625449482.0,64.0
1.35,1625449482.0,64.0
6.57,1625449482.0,64.0
12.26,1625449482.0,64.0
17.82,1625449482.0,64.0
22.48,1625449482.0,64.0
25.69,1625449482.0,64.0
27.4,1625449482.0,64.0
28.05,1625449482.0,64.0
28.24,1625449482.0,64.0
28.42,1625449482.0,64.0
28.7,1625449482.0,64.0
28.91,1625449482.0,64.0
28.77,1625449482.0,64.0
28.22,1625449482.0,64.0
27.38,1625449482.0,64.0
26.52,1625449482.0,64.0
25.78,1625449482.0,64.0
25.09,1625449482.0,64.0
24.11,1625449482.0,64.0
22.41,1625449482.0,64.0
19.69,1625449482.0,64.0
15.91,1625449482.0,64.0
11.35,1625449482.0,64.0
6.46,1625449482.0,64.0
1.72,1625449482.0,64.0
-2.54,1625449482.0,64.0
-6.21,1625449482.0,64.0
-9.36,1625449482.0,64.0
-12.19,1625449482.0,64.0
-14.94,1625449482.0,64.0
-17.83,1625449482.0,64.0
-21.04,1625449482.0,64.0
-24.67,1625449482.0,64.0
-28.75,1625449482.0,64.0
-33.16,1625449482.0,64.0
-37.58,1625449482.0,64.0
-41.55,1625449482.0,64.0
-44.54,1625449482.0,64.0
-46.06,1625449482.0,64.0
-45.82,1625449482.0,64.0
-43.84,1625449482.0,64.0
-40.4,1625449482.0,64.0
-35.93,1625449482.0,64.0
-30.88,1625449482.0,64.0
-25.53,1625449482.0,64.0
-19.9,1625449482.0,64.0
-13.89,1625449482.0,64.0
-7.34,1625449482.0,64.0
-0.28,1625449482.0,64.0
6.95,1625449482.0,64.0
13.81,1625449482.0,64.0
19.67,1625449482.0,64.0
24.16,1625449482.0,64.0
27.31,1625449482.0,64.0
29.5,1625449482.0,64.0
31.29,1625449482.0,64.0
33.08,1625449482.0,64.0
34.94,1625449482.0,64.0
36.6,1625449482.0,64.0
37.64,1625449482.0,64.0
37.79,1625449482.0,64.0
37.06,1625449482.0,64.0
35.68,1625449482.0,64.0
33.93,1625449482.0,64.0
31.89,1625449482.0,64.0
29.45,1625449482.0,64.0
26.42,1625449482.0,64.0
22.8,1625449482.0,64.0
18.88,1625449482.0,64.0
15.13,1625449482.0,64.0
11.98,1625449482.0,64.0
9.63,1625449482.0,64.0
7.91,1625449482.0,64.0
6.54,1625449482.0,64.0
5.26,1625449482.0,64.0
4.06,1625449482.0,64.0
3.07,1625449482.0,64.0
2.34,1625449482.0,64.0
1.71,1625449482.0,64.0
0.8,1625449482.0,64.0
-0.78,1625449482.0,64.0
-3.22,1625449482.0,64.0
-6.4,1625449482.0,64.0
-9.98,1625449482.0,64.0
-13.68,1625449482.0,64.0
-17.42,1625449482.0,64.0
-21.32,1625449482.0,64.0
-25.45,1625449482.0,64.0
-29.69,1625449482.0,64.0
-33.56,1625449482.0,64.0
-36.44,1625449482.0,64.0
-37.82,1625449482.0,64.0
-37.5,1625449482.0,64.0
-35.65,1625449482.0,64.0
-32.58,1625449482.0,64.0
-28.58,1625449482.0,64.0
-23.79,1625449482.0,64.0
-18.27,1625449482.0,64.0
-12.1,1625449482.0,64.0
-5.55,1625449482.0,64.0
0.99,1625449482.0,64.0
7.06,1625449482.0,64.0
12.33,1625449482.0,64.0
16.67,1625449482.0,64.0
20.04,1625449482.0,64.0
22.5,1625449482.0,64.0
24.09,1625449482.0,64.0
24.94,1625449482.0,64.0
25.33,1625449482.0,64.0
25.58,1625449482.0,64.0
26.0,1625449482.0,64.0
26.66,1625449482.0,64.0
27.44,1625449482.0,64.0
28.11,1625449482.0,64.0
28.51,1625449482.0,64.0
28.7,1625449482.0,64.0
28.9,1625449482.0,64.0
29.3,1625449482.0,64.0
29.76,1625449482.0,64.0
29.87,1625449482.0,64.0
29.03,1625449482.0,64.0
26.87,1625449482.0,64.0
23.51,1625449482.0,64.0
19.54,1625449482.0,64.0
15.77,1625449482.0,64.0
12.72,1625449482.0,64.0
10.45,1625449482.0,64.0
8.45,1625449482.0,64.0
6.07,1625449482.0,64.0
2.9,1625449482.0,64.0
-0.9,1625449482.0,64.0
-4.64,1625449482.0,64.0
-7.44,1625449482.0,64.0
-8.76,1625449482.0,64.0
-8.76,1625449482.0,64.0
-8.22,1625449482.0,64.0
-8.27,1625449482.0,64.0
-9.83,1625449482.0,64.0
-13.21,1625449482.0,64.0
-18.03,1625449482.0,64.0
-23.46,1625449482.0,64.0
-28.55,1625449482.0,64.0
-32.63,1625449482.0,64.0
-35.42,1625449482.0,64.0
-36.97,1625449482.0,64.0
-37.54,1625449482.0,64.0
-37.37,1625449482.0,64.0
-36.58,1625449482.0,64.0
-35.16,1625449482.0,64.0
-33.06,1625449482.0,64.0
-30.29,1625449482.0,64.0
-26.88,1625449482.0,64.0
-22.94,1625449482.0,64.0
-18.56,1625449482.0,64.0
-13.77,1625449482.0,64.0
-8.66,1625449482.0,64.0
-3.4,1625449482.0,64.0
1.64,1625449482.0,64.0
6.03,1625449482.0,64.0
9.41,1625449482.0,64.0
11.76,1625449482.0,64.0
13.4,1625449482.0,64.0
14.85,1625449482.0,64.0
16.55,1625449482.0,64.0
18.64,1625449482.0,64.0
20.85,1625449482.0,64.0
22.75,1625449482.0,64.0
24.03,1625449482.0,64.0
24.6,1625449482.0,64.0
24.68,1625449482.0,64.0
24.55,1625449482.0,64.0
24.35,1625449482.0,64.0
24.02,1625449482.0,64.0
23.39,1625449482.0,64.0
22.3,1625449482.0,64.0
20.74,1625449482.0,64.0
18.9,1625449482.0,64.0
16.96,1625449482.0,64.0
15.09,1625449482.0,64.0
13.23,1625449482.0,64.0
11.21,1625449482.0,64.0
8.76,1625449482.0,64.0
5.75,1625449482.0,64.0
2.21,1625449482.0,64.0
-1.61,1625449482.0,64.0
-5.37,1625449482.0,64.0
-8.75,1625449482.0,64.0
-11.66,1625449482.0,64.0
-14.17,1625449482.0,64.0
-16.5,1625449482.0,64.0
-18.86,1625449482.0,64.0
-21.38,1625449482.0,64.0
-24.03,1625449482.0,64.0
-26.71,1625449482.0,64.0
-29.25,1625449482.0,64.0
-31.45,1625449482.0,64.0
-33.06,1625449482.0,64.0
-33.79,1625449482.0,64.0
-33.38,1625449482.0,64.0
-31.69,1625449482.0,64.0
-28.85,1625449482.0,64.0
-25.27,1625449482.0,64.0
-21.44,1625449482.0,64.0
-17.76,1625449482.0,64.0
-14.33,1625449482.0,64.0
-10.97,1625449482.0,64.0
-7.36,1625449482.0,64.0
-3.35,1625449482.0,64.0
0.98,1625449482.0,64.0
5.28,1625449482.0,64.0
9.11,1625449482.0,64.0
12.2,1625449482.0,64.0
14.54,1625449482.0,64.0
16.38,1625449482.0,64.0
18.02,1625449482.0,64.0
19.64,1625449482.0,64.0
21.22,1625449482.0,64.0
22.55,1625449482.0,64.0
23.44,1625449482.0,64.0
23.75,1625449482.0,64.0
23.5,1625449482.0,64.0
22.78,1625449482.0,64.0
21.72,1625449482.0,64.0
20.35,1625449482.0,64.0
18.6,1625449482.0,64.0
16.41,1625449482.0,64.0
13.77,1625449482.0,64.0
10.84,1625449482.0,64.0
7.87,1625449482.0,64.0
5.14,1625449482.0,64.0
2.8,1625449482.0,64.0
0.81,1625449482.0,64.0
-1.02,1625449482.0,64.0
-2.92,1625449482.0,64.0
-4.99,1625449482.0,64.0
-7.22,1625449482.0,64.0
-9.42,1625449482.0,64.0
-11.42,1625449482.0,64.0
-13.16,1625449482.0,64.0
-14.77,1625449482.0,64.0
-16.46,1625449482.0,64.0
-18.47,1625449482.0,64.0
-20.89,1625449482.0,64.0
-23.7,1625449482.0,64.0
-26.75,1625449482.0,64.0
-29.87,1625449482.0,64.0
-32.85,1625449482.0,64.0
-35.35,1625449482.0,64.0
-36.96,1625449482.0,64.0
-37.27,1625449482.0,64.0
-36.0,1625449482.0,64.0
-33.22,1625449482.0,64.0
-29.32,1625449482.0,64.0
-24.88,1625449482.0,64.0
-20.34,1625449482.0,64.0
-15.88,1625449482.0,64.0
-11.33,1625449482.0,64.0
-6.41,1625449482.0,64.0
-1.02,1625449482.0,64.0
4.59,1625449482.0,64.0
9.89,1625449482.0,64.0
14.37,1625449482.0,64.0
17.8,1625449482.0,64.0
20.41,1625449482.0,64.0
22.71,1625449482.0,64.0
25.24,1625449482.0,64.0
28.21,1625449482.0,64.0
31.37,1625449482.0,64.0
34.2,1625449482.0,64.0
36.16,1625449482.0,64.0
36.98,1625449482.0,64.0
36.76,1625449482.0,64.0
35.87,1625449482.0,64.0
34.67,1625449482.0,64.0
33.38,1625449482.0,64.0
32.02,1625449482.0,64.0
30.44,1625449482.0,64.0
28.5,1625449482.0,64.0
26.13,1625449482.0,64.0
23.34,1625449482.0,64.0
20.17,1625449482.0,64.0
16.73,1625449482.0,64.0
13.16,1625449482.0,64.0
9.64,1625449482.0,64.0
6.39,1625449482.0,64.0
3.52,1625449482.0,64.0
1.08,1625449482.0,64.0
-1.05,1625449482.0,64.0
-3.01,1625449482.0,64.0
-4.99,1625449482.0,64.0
-7.18,1625449482.0,64.0
-9.77,1625449482.0,64.0
-12.95,1625449482.0,64.0
-16.78,1625449482.0,64.0
-21.13,1625449482.0,64.0
-25.55,1625449482.0,64.0
-29.4,1625449482.0,64.0
-32.04,1625449482.0,64.0
-33.08,1625449482.0,64.0
-32.56,1625449482.0,64.0
-30.9,1625449482.0,64.0
-28.7,1625449482.0,64.0
-26.38,1625449482.0,64.0
-24.02,1625449482.0,64.0
-21.38,1625449482.0,64.0
-18.14,1625449482.0,64.0
-14.15,1625449482.0,64.0
-9.56,1625449482.0,64.0
-4.8,1625449482.0,64.0
-0.27,1625449482.0,64.0
3.81,1625449482.0,64.0
7.53,1625449482.0,64.0
11.1,1625449482.0,64.0
14.71,1625449482.0,64.0
18.25,1625449482.0,64.0
21.4,1625449482.0,64.0
23.75,1625449482.0,64.0
25.01,1625449482.0,64.0
25.19,1625449482.0,64.0
24.48,1625449482.0,64.0
23.19,1625449482.0,64.0
21.54,1625449482.0,64.0
19.59,1625449482.0,64.0
17.27,1625449482.0,64.0
14.46,1625449482.0,64.0
11.08,1625449482.0,64.0
7.21,1625449482.0,64.0
3.08,1625449482.0,64.0
-0.95,1625449482.0,64.0
-4.54,1625449482.0,64.0
-7.49,1625449482.0,64.0
-9.84,1625449482.0,64.0
-11.84,1625449482.0,64.0
-13.88,1625449482.0,64.0
-16.22,1625449482.0,64.0
-18.94,1625449482.0,64.0
-21.88,1625449482.0,64.0
-24.72,1625449482.0,64.0
-27.15,1625449482.0,64.0
-28.96,1625449482.0,64.0
-30.04,1625449482.0,64.0
-30.41,1625449482.0,64.0
-30.15,1625449482.0,64.0
-29.32,1625449482.0,64.0
-28.04,1625449482.0,64.0
-26.36,1625449482.0,64.0
-24.25,1625449482.0,64.0
-21.65,1625449482.0,64.0
-18.43,1625449482.0,64.0
-14.55,1625449482.0,64.0
-10.12,1625449482.0,64.0
-5.45,1625449482.0,64.0
-0.92,1625449482.0,64.0
3.11,1625449482.0,64.0
6.46,1625449482.0,64.0
9.23,1625449482.0,64.0
11.65,1625449482.0,64.0
13.96,1625449482.0,64.0
16.21,1625449482.0,64.0
18.24,1625449482.0,64.0
19.72,1625449482.0,64.0
20.35,1625449482.0,64.0
20.01,1625449482.0,64.0
18.87,1625449482.0,64.0
17.29,1625449482.0,64.0
15.67,1625449482.0,64.0
14.27,1625449482.0,64.0
13.14,1625449482.0,64.0
12.11,1625449482.0,64.0
10.95,1625449482.0,64.0
9.42,1625449482.0,64.0
7.47,1625449482.0,64.0
5.18,1625449482.0,64.0
2.7,1625449482.0,64.0
0.25,1625449482.0,64.0
-2.02,1625449482.0,64.0
-4.09,1625449482.0,64.0
-5.99,1625449482.0,64.0
-7.85,1625449482.0,64.0
-9.84,1625449482.0,64.0
-12.12,1625449482.0,64.0
-14.8,1625449482.0,64.0
-17.89,1625449482.0,64.0
-21.16,1625449482.0,64.0
-24.23,1625449482.0,64.0
-26.55,1625449482.0,64.0
-27.67,1625449482.0,64.0
-27.3,1625449482.0,64.0
-25.46,1625449482.0,64.0
-22.45,1625449482.0,64.0
-18.69,1625449482.0,64.0
-14.56,1625449482.0,64.0
-10.25,1625449482.0,64.0
-5.84,1625449482.0,64.0
-1.32,1625449482.0,64.0
3.2,1625449482.0,64.0
7.43,1625449482.0,64.0
11.0,1625449482.0,64.0
13.6,1625449482.0,64.0
15.19,1625449482.0,64.0
16.04,1625449482.0,64.0
16.68,1625449482.0,64.0
17.59,1625449482.0,64.0
19.01,1625449482.0,64.0
20.79,1625449482.0,64.0
22.5,1625449482.0,64.0
23.63,1625449482.0,64.0
23.92,1625449482.0,64.0
23.4,1625449482.0,64.0
22.38,1625449482.0,64.0
21.18,1625449482.0,64.0
20.0,1625449482.0,64.0
18.8,1625449482.0,64.0
17.42,1625449482.0,64.0
15.72,1625449482.0,64.0
13.76,1625449482.0,64.0
11.74,1625449482.0,64.0
9.96,1625449482.0,64.0
8.63,1625449482.0,64.0
7.83,1625449482.0,64.0
7.4,1625449482.0,64.0
7.13,1625449482.0,64.0
6.71,1625449482.0,64.0
5.93,1625449482.0,64.0
4.69,1625449482.0,64.0
3.04,1625449482.0,64.0
1.16,1625449482.0,64.0
-0.73,1625449482.0,64.0
-2.41,1625449482.0,64.0
-3.85,1625449482.0,64.0
-5.12,1625449482.0,64.0
-6.44,1625449482.0,64.0
-8.06,1625449482.0,64.0
-10.15,1625449482.0,64.0
-12.77,1625449482.0,64.0
-15.9,1625449482.0,64.0
-19.48,1625449482.0,64.0
-23.35,1625449482.0,64.0
-27.31,1625449482.0,64.0
-30.99,1625449482.0,64.0
-33.94,1625449482.0,64.0
-35.66,1625449482.0,64.0
-35.83,1625449482.0,64.0
-34.39,1625449482.0,64.0
-31.63,1625449482.0,64.0
-28.07,1625449482.0,64.0
-24.18,1625449482.0,64.0
-20.21,1625449482.0,64.0
-16.13,1625449482.0,64.0
-11.7,1625449482.0,64.0
-6.75,1625449482.0,64.0
-1.4,1625449482.0,64.0
3.9,1625449482.0,64.0
8.5,1625449482.0,64.0
11.82,1625449482.0,64.0
13.63,1625449482.0,64.0
14.19,1625449482.0,64.0
14.06,1625449482.0,64.0
13.92,1625449482.0,64.0
14.23,1625449482.0,64.0
15.12,1625449482.0,64.0
16.36,1625449482.0,64.0
17.56,1625449482.0,64.0
18.36,1625449482.0,64.0
18.55,1625449482.0,64.0
18.07,1625449482.0,64.0
17.06,1625449482.0,64.0
15.74,1625449482.0,64.0
14.39,1625449482.0,64.0
13.28,1625449482.0,64.0
12.66,1625449482.0,64.0
12.58,1625449482.0,64.0
12.87,1625449482.0,64.0
13.22,1625449482.0,64.0
13.23,1625449482.0,64.0
12.58,1625449482.0,64.0
11.13,1625449482.0,64.0
8.86,1625449482.0,64.0
5.81,1625449482.0,64.0
2.03,1625449482.0,64.0
-2.46,1625449482.0,64.0
-7.6,1625449482.0,64.0
-13.23,1625449482.0,64.0
-19.1,1625449482.0,64.0
-24.87,1625449482.0,64.0
-30.24,1625449482.0,64.0
-34.89,1625449482.0,64.0
-38.54,1625449482.0,64.0
-40.9,1625449482.0,64.0
-41.65,1625449482.0,64.0
-40.6,1625449482.0,64.0
-37.72,1625449482.0,64.0
-33.25,1625449482.0,64.0
-27.63,1625449482.0,64.0
-21.33,1625449482.0,64.0
-14.75,1625449482.0,64.0
-8.15,1625449482.0,64.0
-1.7,1625449482.0,64.0
4.37,1625449482.0,64.0
9.85,1625449482.0,64.0
14.46,1625449482.0,64.0
18.11,1625449482.0,64.0
20.89,1625449482.0,64.0
23.15,1625449482.0,64.0
25.23,1625449482.0,64.0
27.38,1625449482.0,64.0
29.58,1625449482.0,64.0
31.55,1625449482.0,64.0
32.83,1625449482.0,64.0
32.98,1625449482.0,64.0
31.75,1625449482.0,64.0
29.12,1625449482.0,64.0
25.32,1625449482.0,64.0
20.84,1625449482.0,64.0
16.31,1625449482.0,64.0
12.39,1625449482.0,64.0
9.6,1625449482.0,64.0
8.18,1625449482.0,64.0
8.02,1625449482.0,64.0
8.67,1625449482.0,64.0
9.53,1625449482.0,64.0
10.07,1625449482.0,64.0
10.0,1625449482.0,64.0
9.3,1625449482.0,64.0
8.18,1625449482.0,64.0
6.82,1625449482.0,64.0
5.3,1625449482.0,64.0
3.46,1625449482.0,64.0
1.01,1625449482.0,64.0
-2.35,1625449482.0,64.0
-6.81,1625449482.0,64.0
-12.27,1625449482.0,64.0
-18.47,1625449482.0,64.0
-24.98,1625449482.0,64.0
-31.34,1625449482.0,64.0
-37.06,1625449482.0,64.0
-41.65,1625449482.0,64.0
-44.63,1625449482.0,64.0
-45.57,1625449482.0,64.0
-44.23,1625449482.0,64.0
-40.71,1625449482.0,64.0
-35.53,1625449482.0,64.0
-29.49,1625449482.0,64.0
-23.39,1625449482.0,64.0
-17.75,1625449482.0,64.0
-12.63,1625449482.0,64.0
-7.69,1625449482.0,64.0
-2.53,1625449482.0,64.0
2.95,1625449482.0,64.0
8.47,1625449482.0,64.0
13.38,1625449482.0,64.0
17.07,1625449482.0,64.0
19.28,1625449482.0,64.0
20.23,1625449482.0,64.0
20.51,1625449482.0,64.0
20.74,1625449482.0,64.0
21.29,1625449482.0,64.0
22.15,1625449482.0,64.0
23.04,1625449482.0,64.0
23.63,1625449482.0,64.0
23.78,1625449482.0,64.0
23.52,1625449482.0,64.0
23.01,1625449482.0,64.0
22.38,1625449482.0,64.0
21.62,1625449482.0,64.0
20.65,1625449482.0,64.0
19.44,1625449482.0,64.0
18.02,1625449482.0,64.0
16.52,1625449482.0,64.0
15.08,1625449482.0,64.0
13.72,1625449482.0,64.0
12.32,1625449482.0,64.0
10.7,1625449482.0,64.0
8.72,1625449482.0,64.0
6.4,1625449482.0,64.0
3.86,1625449482.0,64.0
1.29,1625449482.0,64.0
-1.2,1625449482.0,64.0
-3.6,1625449482.0,64.0
-5.98,1625449482.0,64.0
-8.4,1625449482.0,64.0
-10.82,1625449482.0,64.0
-13.23,1625449482.0,64.0
-15.69,1625449482.0,64.0
-18.39,1625449482.0,64.0
-21.58,1625449482.0,64.0
-25.34,1625449482.0,64.0
-29.45,1625449482.0,64.0
-33.29,1625449482.0,64.0
-36.08,1625449482.0,64.0
-37.08,1625449482.0,64.0
-36.01,1625449482.0,64.0
-33.06,1625449482.0,64.0
-28.83,1625449482.0,64.0
-24.01,1625449482.0,64.0
-19.07,1625449482.0,64.0
-14.12,1625449482.0,64.0
-9.0,1625449482.0,64.0
-3.53,1625449482.0,64.0
2.27,1625449482.0,64.0
8.04,1625449482.0,64.0
13.2,1625449482.0,64.0
17.26,1625449482.0,64.0
20.0,1625449482.0,64.0
21.68,1625449482.0,64.0
22.86,1625449482.0,64.0
24.15,1625449482.0,64.0
25.83,1625449482.0,64.0
27.79,1625449482.0,64.0
29.59,1625449482.0,64.0
30.8,1625449482.0,64.0
31.28,1625449482.0,64.0
31.25,1625449482.0,64.0
31.08,1625449482.0,64.0
30.96,1625449482.0,64.0
30.63,1625449482.0,64.0
29.45,1625449482.0,64.0
26.73,1625449482.0,64.0
22.13,1625449482.0,64.0
16.01,1625449482.0,64.0
9.39,1625449482.0,64.0
3.51,1625449482.0,64.0
-0.64,1625449482.0,64.0
-2.68,1625449482.0,64.0
-2.94,1625449482.0,64.0
-2.13,1625449482.0,64.0
-1.05,1625449482.0,64.0
-0.17,1625449482.0,64.0
0.35,1625449482.0,64.0
0.61,1625449482.0,64.0
0.71,1625449482.0,64.0
0.66,1625449482.0,64.0
0.35,1625449482.0,64.0
-0.37,1625449482.0,64.0
-1.57,1625449482.0,64.0
-3.28,1625449482.0,64.0
-5.51,1625449482.0,64.0
-8.31,1625449482.0,64.0
-11.76,1625449482.0,64.0
-15.88,1625449482.0,64.0
-20.49,1625449482.0,64.0
-25.17,1625449482.0,64.0
-29.34,1625449482.0,64.0
-32.36,1625449482.0,64.0
-33.77,1625449482.0,64.0
-33.37,1625449482.0,64.0
-31.26,1625449482.0,64.0
-27.82,1625449482.0,64.0
-23.58,1625449482.0,64.0
-19.08,1625449482.0,64.0
-14.8,1625449482.0,64.0
-11.08,1625449482.0,64.0
-8.07,1625449482.0,64.0
-5.75,1625449482.0,64.0
-3.94,1625449482.0,64.0
-2.36,1625449482.0,64.0
-0.78,1625449482.0,64.0
1.0,1625449482.0,64.0
3.02,1625449482.0,64.0
5.18,1625449482.0,64.0
7.28,1625449482.0,64.0
9.07,1625449482.0,64.0
10.37,1625449482.0,64.0
11.12,1625449482.0,64.0
11.36,1625449482.0,64.0
11.21,1625449482.0,64.0
10.82,1625449482.0,64.0
10.24,1625449482.0,64.0
9.45,1625449482.0,64.0
8.39,1625449482.0,64.0
7.05,1625449482.0,64.0
5.47,1625449482.0,64.0
3.76,1625449482.0,64.0
2.04,1625449482.0,64.0
0.35,1625449482.0,64.0
-1.37,1625449482.0,64.0
-3.27,1625449482.0,64.0
-5.54,1625449482.0,64.0
-8.36,1625449482.0,64.0
-11.93,1625449482.0,64.0
-16.34,1625449482.0,64.0
-21.43,1625449482.0,64.0
-26.65,1625449482.0,64.0
-31.02,1625449482.0,64.0
-33.27,1625449482.0,64.0
-32.21,1625449482.0,64.0
-27.24,1625449482.0,64.0
-18.57,1625449482.0,64.0
-7.25,1625449482.0,64.0
5.24,1625449482.0,64.0
17.54,1625449482.0,64.0
28.9,1625449482.0,64.0
39.27,1625449482.0,64.0
49.03,1625449482.0,64.0
58.54,1625449482.0,64.0
67.72,1625449482.0,64.0
76.02,1625449482.0,64.0
82.7,1625449482.0,64.0
87.23,1625449482.0,64.0
89.64,1625449482.0,64.0
90.56,1625449482.0,64.0
90.84,1625449482.0,64.0
91.07,1625449482.0,64.0
91.17,1625449482.0,64.0
90.41,1625449482.0,64.0
87.91,1625449482.0,64.0
83.3,1625449482.0,64.0
77.08,1625449482.0,64.0
70.63,1625449482.0,64.0
65.59,1625449482.0,64.0
63.04,1625449482.0,64.0
63.0,1625449482.0,64.0
64.38,1625449482.0,64.0
65.52,1625449482.0,64.0
65.01,1625449482.0,64.0
62.3,1625449482.0,64.0
57.83,1625449482.0,64.0
52.64,1625449482.0,64.0
47.65,1625449482.0,64.0
43.15,1625449482.0,64.0
38.59,1625449482.0,64.0
32.93,1625449482.0,64.0
25.0,1625449482.0,64.0
14.01,1625449482.0,64.0
-0.21,1625449482.0,64.0
-17.18,1625449482.0,64.0
-35.69,1625449482.0,64.0
-53.91,1625449482.0,64.0
-69.63,1625449482.0,64.0
-80.69,1625449482.0,64.0
-85.66,1625449482.0,64.0
-84.51,1625449482.0,64.0
-78.76,1625449482.0,64.0
-71.28,1625449482.0,64.0
-65.33,1625449482.0,64.0
-63.56,1625449482.0,64.0
-67.11,1625449482.0,64.0
-75.47,1625449482.0,64.0
-86.85,1625449482.0,64.0
-99.02,1625449482.0,64.0
-110.11,1625449482.0,64.0
-118.96,1625449482.0,64.0
-125.2,1625449482.0,64.0
-128.9,1625449482.0,64.0
-130.23,1625449482.0,64.0
-129.2,1625449482.0,64.0
-125.7,1625449482.0,64.0
-119.57,1625449482.0,64.0
-111.0,1625449482.0,64.0
-100.59,1625449482.0,64.0
-89.38,1625449482.0,64.0
-78.6,1625449482.0,64.0
-69.32,1625449482.0,64.0
-62.0,1625449482.0,64.0
-56.34,1625449482.0,64.0
-51.38,1625449482.0,64.0
-45.93,1625449482.0,64.0
-39.28,1625449482.0,64.0
-31.57,1625449482.0,64.0
-23.87,1625449482.0,64.0
-17.55,1625449482.0,64.0
-13.49,1625449482.0,64.0
-11.48,1625449482.0,64.0
-10.36,1625449482.0,64.0
-8.67,1625449482.0,64.0
-5.41,1625449482.0,64.0
-0.44,1625449482.0,64.0
5.75,1625449482.0,64.0
12.62,1625449482.0,64.0
20.06,1625449482.0,64.0
28.21,1625449482.0,64.0
36.96,1625449482.0,64.0
45.56,1625449482.0,64.0
52.88,1625449482.0,64.0
58.25,1625449482.0,64.0
62.16,1625449482.0,64.0
66.26,1625449482.0,64.0
72.32,1625449482.0,64.0
80.87,1625449482.0,64.0
90.48,1625449482.0,64.0
98.35,1625449482.0,64.0
101.72,1625449482.0,64.0
99.45,1625449482.0,64.0
92.48,1625449482.0,64.0
83.19,1625449482.0,64.0
73.91,1625449482.0,64.0
65.77,1625449482.0,64.0
58.53,1625449482.0,64.0
51.16,1625449482.0,64.0
42.84,1625449482.0,64.0
33.52,1625449482.0,64.0
23.86,1625449482.0,64.0
14.71,1625449482.0,64.0
6.65,1625449482.0,64.0
-0.23,1625449482.0,64.0
-6.13,1625449482.0,64.0
-11.29,1625449482.0,64.0
-15.83,1625449482.0,64.0
-19.74,1625449482.0,64.0
-22.83,1625449482.0,64.0
-24.87,1625449482.0,64.0
-25.67,1625449482.0,64.0
-25.18,1625449482.0,64.0
-23.53,1625449482.0,64.0
-21.09,1625449482.0,64.0
-18.33,1625449482.0,64.0
-15.67,1625449482.0,64.0
-13.36,1625449482.0,64.0
-11.45,1625449482.0,64.0
-9.92,1625449482.0,64.0
-8.82,1625449482.0,64.0
-8.35,1625449482.0,64.0
-8.84,1625449482.0,64.0
-10.55,1625449482.0,64.0
-13.41,1625449482.0,64.0
-16.9,1625449482.0,64.0
-20.1,1625449482.0,64.0
-21.86,1625449482.0,64.0
-21.21,1625449482.0,64.0
-17.71,1625449482.0,64.0
-11.64,1625449482.0,64.0
-4.0,1625449482.0,64.0
3.81,1625449482.0,64.0
10.33,1625449482.0,64.0
14.45,1625449482.0,64.0
15.58,1625449482.0,64.0
13.74,1625449482.0,64.0
9.49,1625449482.0,64.0
3.84,1625449482.0,64.0
-2.02,1625449482.0,64.0
-7.01,1625449482.0,64.0
-10.45,1625449482.0,64.0
-12.26,1625449482.0,64.0
-12.89,1625449482.0,64.0
-13.01,1625449482.0,64.0
-13.21,1625449482.0,64.0
-13.74,1625449482.0,64.0
-14.55,1625449482.0,64.0
-15.46,1625449482.0,64.0
-16.44,1625449482.0,64.0
-17.52,1625449482.0,64.0
-18.65,1625449482.0,64.0
-19.57,1625449482.0,64.0
-19.78,1625449482.0,64.0
-18.73,1625449482.0,64.0
-16.27,1625449482.0,64.0
-12.71,1625449482.0,64.0
-8.76,1625449482.0,64.0
-5.27,1625449482.0,64.0
-2.82,1625449482.0,64.0
-1.55,1625449482.0,64.0
-1.18,1625449482.0,64.0
-1.11,1625449482.0,64.0
-0.76,1625449482.0,64.0
0.22,1625449482.0,64.0
1.79,1625449482.0,64.0
3.46,1625449482.0,64.0
4.5,1625449482.0,64.0
4.33,1625449482.0,64.0
2.76,1625449482.0,64.0
0.18,1625449482.0,64.0
-2.58,1625449482.0,64.0
-4.75,1625449482.0,64.0
-5.93,1625449482.0,64.0
-6.28,1625449482.0,64.0
-6.32,1625449482.0,64.0
-6.5,1625449482.0,64.0
-6.82,1625449482.0,64.0
-6.73,1625449482.0,64.0
-5.4,1625449482.0,64.0
-2.07,1625449482.0,64.0
3.4,1625449482.0,64.0
10.39,1625449482.0,64.0
17.51,1625449482.0,64.0
23.0,1625449482.0,64.0
25.35,1625449482.0,64.0
23.89,1625449482.0,64.0
19.12,1625449482.0,64.0
12.53,1625449482.0,64.0
6.04,1625449482.0,64.0
1.19,1625449482.0,64.0
-1.48,1625449482.0,64.0
-2.4,1625449482.0,64.0
-2.63,1625449482.0,64.0
-3.13,1625449482.0,64.0
-4.36,1625449482.0,64.0
-6.12,1625449482.0,64.0
-7.95,1625449482.0,64.0
-9.52,1625449482.0,64.0
-10.84,1625449482.0,64.0
-12.13,1625449482.0,64.0
-13.49,1625449482.0,64.0
-14.73,1625449482.0,64.0
-15.28,1625449482.0,64.0
-14.58,1625449482.0,64.0
-12.42,1625449482.0,64.0
-9.03,1625449482.0,64.0
-5.06,1625449482.0,64.0
-1.23,1625449482.0,64.0
2.01,1625449482.0,64.0
4.64,1625449482.0,64.0
6.95,1625449482.0,64.0
9.34,1625449482.0,64.0
12.08,1625449482.0,64.0
15.19,1625449482.0,64.0
18.48,1625449482.0,64.0
21.65,1625449482.0,64.0
24.34,1625449482.0,64.0
26.1,1625449482.0,64.0
26.43,1625449482.0,64.0
24.89,1625449482.0,64.0
21.31,1625449482.0,64.0
16.05,1625449482.0,64.0
9.99,1625449482.0,64.0
4.39,1625449482.0,64.0
0.39,1625449482.0,64.0
-1.45,1625449482.0,64.0
-1.45,1625449482.0,64.0
-0.58,1625449482.0,64.0
-0.08,1625449482.0,64.0
-0.92,1625449482.0,64.0
-3.3,1625449482.0,64.0
-6.7,1625449482.0,64.0
-10.15,1625449482.0,64.0
-12.77,1625449482.0,64.0
-14.25,1625449482.0,64.0
-15.0,1625449482.0,64.0
-15.88,1625449482.0,64.0
-17.68,1625449482.0,64.0
-20.68,1625449482.0,64.0
-24.48,1625449482.0,64.0
-28.35,1625449482.0,64.0
-31.61,1625449482.0,64.0
-34.09,1625449482.0,64.0
-36.09,1625449482.0,64.0
-38.15,1625449482.0,64.0
-40.49,1625449482.0,64.0
-42.8,1625449482.0,64.0
-44.33,1625449482.0,64.0
-44.25,1625449482.0,64.0
-42.16,1625449482.0,64.0
-38.18,1625449482.0,64.0
-32.85,1625449482.0,64.0
-26.8,1625449482.0,64.0
-20.54,1625449482.0,64.0
-14.54,1625449482.0,64.0
-9.33,1625449482.0,64.0
-5.61,1625449482.0,64.0
-4.02,1625449482.0,64.0
-4.86,1625449482.0,64.0
-7.76,1625449482.0,64.0
-11.78,1625449482.0,64.0
-15.71,1625449482.0,64.0
-18.62,1625449482.0,64.0
-20.14,1625449482.0,64.0
-20.41,1625449482.0,64.0
-19.74,1625449482.0,64.0
-18.2,1625449482.0,64.0
-15.53,1625449482.0,64.0
-11.31,1625449482.0,64.0
-5.42,1625449482.0,64.0
1.69,1625449482.0,64.0
9.06,1625449482.0,64.0
15.54,1625449482.0,64.0
20.34,1625449482.0,64.0
23.31,1625449482.0,64.0
24.95,1625449482.0,64.0
26.11,1625449482.0,64.0
27.53,1625449482.0,64.0
29.48,1625449482.0,64.0
31.6,1625449482.0,64.0
33.06,1625449482.0,64.0
32.86,1625449482.0,64.0
30.34,1625449482.0,64.0
25.53,1625449482.0,64.0
19.16,1625449482.0,64.0
12.42,1625449482.0,64.0
6.45,1625449482.0,64.0
1.96,1625449482.0,64.0
-1.02,1625449482.0,64.0
-2.87,1625449482.0,64.0
-4.11,1625449482.0,64.0
-5.04,1625449482.0,64.0
-5.6,1625449482.0,64.0
-5.57,1625449482.0,64.0
-4.71,1625449482.0,64.0
-2.92,1625449482.0,64.0
-0.26,1625449482.0,64.0
3.2,1625449482.0,64.0
7.37,1625449482.0,64.0
12.12,1625449482.0,64.0
17.11,1625449482.0,64.0
21.77,1625449482.0,64.0
25.47,1625449482.0,64.0
27.77,1625449482.0,64.0
28.61,1625449482.0,64.0
28.34,1625449482.0,64.0
27.44,1625449482.0,64.0
26.29,1625449482.0,64.0
24.94,1625449482.0,64.0
23.19,1625449482.0,64.0
20.86,1625449482.0,64.0
17.99,1625449482.0,64.0
14.97,1625449482.0,64.0
12.25,1625449482.0,64.0
10.19,1625449482.0,64.0
8.77,1625449482.0,64.0
7.7,1625449482.0,64.0
6.6,1625449482.0,64.0
5.26,1625449482.0,64.0
3.74,1625449482.0,64.0
2.28,1625449482.0,64.0
1.17,1625449482.0,64.0
0.57,1625449482.0,64.0
0.44,1625449482.0,64.0
0.61,1625449482.0,64.0
0.87,1625449482.0,64.0
1.03,1625449482.0,64.0
0.9,1625449482.0,64.0
0.36,1625449482.0,64.0
-0.74,1625449482.0,64.0
-2.41,1625449482.0,64.0
-4.59,1625449482.0,64.0
-6.97,1625449482.0,64.0
-9.09,1625449482.0,64.0
-10.42,1625449482.0,64.0
-10.56,1625449482.0,64.0
-9.38,1625449482.0,64.0
-7.11,1625449482.0,64.0
-4.3,1625449482.0,64.0
-1.52,1625449482.0,64.0
0.95,1625449482.0,64.0
3.29,1625449482.0,64.0
6.06,1625449482.0,64.0
9.86,1625449482.0,64.0
14.88,1625449482.0,64.0
20.77,1625449482.0,64.0
26.67,1625449482.0,64.0
31.69,1625449482.0,64.0
35.35,1625449482.0,64.0
37.77,1625449482.0,64.0
39.58,1625449482.0,64.0
41.55,1625449482.0,64.0
44.27,1625449482.0,64.0
47.97,1625449482.0,64.0
52.55,1625449482.0,64.0
57.67,1625449482.0,64.0
62.75,1625449482.0,64.0
66.93,1625449482.0,64.0
69.19,1625449482.0,64.0
68.51,1625449482.0,64.0
64.26,1625449482.0,64.0
56.48,1625449482.0,64.0
45.88,1625449482.0,64.0
33.63,1625449482.0,64.0
21.0,1625449482.0,64.0
9.16,1625449482.0,64.0
-0.99,1625449482.0,64.0
-8.59,1625449482.0,64.0
-12.89,1625449482.0,64.0
-13.38,1625449482.0,64.0
-10.05,1625449482.0,64.0
-3.68,1625449482.0,64.0
4.25,1625449482.0,64.0
11.95,1625449482.0,64.0
17.85,1625449482.0,64.0
20.93,1625449482.0,64.0
20.9,1625449482.0,64.0
17.88,1625449482.0,64.0
12.41,1625449482.0,64.0
5.37,1625449482.0,64.0
-1.83,1625449482.0,64.0
-7.42,1625449482.0,64.0
-9.7,1625449482.0,64.0
-7.81,1625449482.0,64.0
-2.4,1625449482.0,64.0
4.34,1625449482.0,64.0
9.32,1625449482.0,64.0
9.79,1625449482.0,64.0
4.28,1625449482.0,64.0
-6.85,1625449482.0,64.0
-21.8,1625449482.0,64.0
-38.12,1625449482.0,64.0
-53.5,1625449482.0,64.0
-66.18,1625449482.0,64.0
-74.97,1625449482.0,64.0
-79.05,1625449482.0,64.0
-77.97,1625449482.0,64.0
-72.04,1625449482.0,64.0
-62.64,1625449482.0,64.0
-52.29,1625449482.0,64.0
-44.15,1625449482.0,64.0
-40.99,1625449482.0,64.0
-44.15,1625449482.0,64.0
-53.02,1625449482.0,64.0
-65.35,1625449482.0,64.0
-78.27,1625449482.0,64.0
-89.32,1625449482.0,64.0
-97.37,1625449482.0,64.0
-102.53,1625449482.0,64.0
-105.66,1625449482.0,64.0
-107.47,1625449482.0,64.0
-108.02,1625449482.0,64.0
-106.64,1625449482.0,64.0
-102.36,1625449482.0,64.0
-94.49,1625449482.0,64.0
-83.03,1625449482.0,64.0
-68.77,1625449482.0,64.0
-52.93,1625449482.0,64.0
-36.75,1625449482.0,64.0
-21.15,1625449482.0,64.0
-6.62,1625449482.0,64.0
6.63,1625449482.0,64.0
18.32,1625449482.0,64.0
27.9,1625449482.0,64.0
34.69,1625449482.0,64.0
38.06,1625449482.0,64.0
37.91,1625449482.0,64.0
34.85,1625449482.0,64.0
30.07,1625449482.0,64.0
25.02,1625449482.0,64.0
21.06,1625449482.0,64.0
19.12,1625449482.0,64.0
19.58,1625449482.0,64.0
22.24,1625449482.0,64.0
26.28,1625449482.0,64.0
30.25,1625449482.0,64.0
32.25,1625449482.0,64.0
30.27,1625449482.0,64.0
22.93,1625449482.0,64.0
10.03,1625449482.0,64.0
-7.08,1625449482.0,64.0
-25.77,1625449482.0,64.0
-42.82,1625449482.0,64.0
-55.41,1625449482.0,64.0
-61.86,1625449482.0,64.0
-61.94,1625449482.0,64.0
-56.74,1625449482.0,64.0
-48.14,1625449482.0,64.0
-38.28,1625449482.0,64.0
-29.09,1625449482.0,64.0
-22.03,1625449482.0,64.0
-18.0,1625449482.0,64.0
-17.41,1625449482.0,64.0
-20.16,1625449482.0,64.0
-25.65,1625449482.0,64.0
-32.81,1625449482.0,64.0
-40.05,1625449482.0,64.0
-45.55,1625449482.0,64.0
-47.58,1625449482.0,64.0
-45.01,1625449482.0,64.0
-37.74,1625449482.0,64.0
-26.91,1625449482.0,64.0
-14.48,1625449482.0,64.0
-2.59,1625449482.0,64.0
7.13,1625449482.0,64.0
14.13,1625449482.0,64.0
18.82,1625449482.0,64.0
22.23,1625449482.0,64.0
25.47,1625449482.0,64.0
29.33,1625449482.0,64.0
34.12,1625449482.0,64.0
39.82,1625449482.0,64.0
46.06,1625449482.0,64.0
52.28,1625449482.0,64.0
57.84,1625449482.0,64.0
62.2,1625449482.0,64.0
65.16,1625449482.0,64.0
67.01,1625449482.0,64.0
68.39,1625449482.0,64.0
69.99,1625449482.0,64.0
72.07,1625449482.0,64.0
74.36,1625449482.0,64.0
76.13,1625449482.0,64.0
76.71,1625449482.0,64.0
75.88,1625449482.0,64.0
73.98,1625449482.0,64.0
71.71,1625449482.0,64.0
69.65,1625449482.0,64.0
67.93,1625449482.0,64.0
66.14,1625449482.0,64.0
63.64,1625449482.0,64.0
59.97,1625449482.0,64.0
55.13,1625449482.0,64.0
49.5,1625449482.0,64.0
43.54,1625449482.0,64.0
37.61,1625449482.0,64.0
31.81,1625449482.0,64.0
26.16,1625449482.0,64.0
20.78,1625449482.0,64.0
16.0,1625449482.0,64.0
12.15,1625449482.0,64.0
9.29,1625449482.0,64.0
7.01,1625449482.0,64.0
4.48,1625449482.0,64.0
0.85,1625449482.0,64.0
-4.39,1625449482.0,64.0
-11.18,1625449482.0,64.0
-19.0,1625449482.0,64.0
-27.17,1625449482.0,64.0
-35.14,1625449482.0,64.0
-42.59,1625449482.0,64.0
-49.28,1625449482.0,64.0
-54.9,1625449482.0,64.0
-58.96,1625449482.0,64.0
-60.93,1625449482.0,64.0
-60.48,1625449482.0,64.0
-57.64,1625449482.0,64.0
-52.82,1625449482.0,64.0
-46.74,1625449482.0,64.0
-40.2,1625449482.0,64.0
-33.78,1625449482.0,64.0
-27.76,1625449482.0,64.0
-21.94,1625449482.0,64.0
-15.72,1625449482.0,64.0
-8.27,1625449482.0,64.0
1.1,1625449482.0,64.0
12.45,1625449482.0,64.0
24.97,1625449482.0,64.0
36.87,1625449482.0,64.0
45.79,1625449482.0,64.0
49.52,1625449482.0,64.0
46.81,1625449482.0,64.0
38.13,1625449482.0,64.0
25.81,1625449482.0,64.0
13.56,1625449482.0,64.0
5.37,1625449482.0,64.0
4.15,1625449482.0,64.0
10.83,1625449482.0,64.0
24.02,1625449482.0,64.0
40.61,1625449482.0,64.0
56.88,1625449482.0,64.0
69.66,1625449482.0,64.0
77.08,1625449482.0,64.0
78.78,1625449482.0,64.0
75.51,1625449482.0,64.0
68.61,1625449482.0,64.0
59.51,1625449482.0,64.0
49.52,1625449482.0,64.0
39.77,1625449482.0,64.0
31.19,1625449482.0,64.0
24.42,1625449482.0,64.0
19.68,1625449482.0,64.0
16.64,1625449482.0,64.0
14.41,1625449482.0,64.0
11.87,1625449482.0,64.0
8.08,1625449482.0,64.0
2.68,1625449482.0,64.0
-3.83,1625449482.0,64.0
-10.37,1625449482.0,64.0
-15.69,1625449482.0,64.0
-19.06,1625449482.0,64.0
-20.56,1625449482.0,64.0
-20.9,1625449482.0,64.0
-21.02,1625449482.0,64.0
-21.46,1625449482.0,64.0
-22.08,1625449482.0,64.0
-22.19,1625449482.0,64.0
-21.04,1625449482.0,64.0
-18.3,1625449482.0,64.0
-14.33,1625449482.0,64.0
-10.0,1625449482.0,64.0
-6.28,1625449482.0,64.0
-3.72,1625449482.0,64.0
-2.14,1625449482.0,64.0
-0.81,1625449482.0,64.0
1.09,1625449482.0,64.0
3.9,1625449482.0,64.0
7.22,1625449482.0,64.0
9.92,1625449482.0,64.0
10.78,1625449482.0,64.0
9.04,1625449482.0,64.0
4.82,1625449482.0,64.0
-0.92,1625449482.0,64.0
-6.89,1625449482.0,64.0
-12.0,1625449482.0,64.0
-15.8,1625449482.0,64.0
-18.45,1625449482.0,64.0
-20.42,1625449482.0,64.0
-22.11,1625449482.0,64.0
-23.64,1625449482.0,64.0
-24.83,1625449482.0,64.0
-25.34,1625449482.0,64.0
-24.93,1625449482.0,64.0
-23.6,1625449482.0,64.0
-21.62,1625449482.0,64.0
-19.42,1625449482.0,64.0
-17.41,1625449482.0,64.0
-15.76,1625449482.0,64.0
-14.33,1625449482.0,64.0
-12.6,1625449482.0,64.0
-9.92,1625449482.0,64.0
-5.7,1625449482.0,64.0
0.21,1625449482.0,64.0
7.44,1625449482.0,64.0
15.1,1625449482.0,64.0
22.08,1625449482.0,64.0
27.36,1625449482.0,64.0
30.34,1625449482.0,64.0
30.91,1625449482.0,64.0
29.38,1625449482.0,64.0
26.29,1625449482.0,64.0
22.24,1625449482.0,64.0
17.88,1625449482.0,64.0
13.89,1625449482.0,64.0
11.04,1625449482.0,64.0
10.02,1625449482.0,64.0
11.24,1625449482.0,64.0
14.58,1625449482.0,64.0
19.35,1625449482.0,64.0
24.57,1625449482.0,64.0
29.33,1625449482.0,64.0
33.18,1625449482.0,64.0
36.06,1625449482.0,64.0
38.23,1625449482.0,64.0
39.83,1625449482.0,64.0
40.82,1625449482.0,64.0
41.06,1625449482.0,64.0
40.62,1625449482.0,64.0
39.87,1625449482.0,64.0
39.3,1625449482.0,64.0
39.3,1625449482.0,64.0
39.75,1625449482.0,64.0
40.11,1625449482.0,64.0
39.6,1625449482.0,64.0
37.66,1625449482.0,64.0
34.16,1625449482.0,64.0
29.36,1625449482.0,64.0
23.67,1625449482.0,64.0
17.34,1625449482.0,64.0
10.44,1625449482.0,64.0
2.86,1625449482.0,64.0
-5.48,1625449482.0,64.0
-14.48,1625449482.0,64.0
-23.82,1625449482.0,64.0
-33.07,1625449482.0,64.0
-41.76,1625449482.0,64.0
-49.4,1625449482.0,64.0
-55.64,1625449482.0,64.0
-60.33,1625449482.0,64.0
-63.62,1625449482.0,64.0
-65.96,1625449482.0,64.0
-67.93,1625449482.0,64.0
-70.08,1625449482.0,64.0
-72.69,1625449482.0,64.0
-75.71,1625449482.0,64.0
-78.73,1625449482.0,64.0
-81.22,1625449482.0,64.0
-82.59,1625449482.0,64.0
-82.4,1625449482.0,64.0
-80.41,1625449482.0,64.0
-76.64,1625449482.0,64.0
-71.43,1625449482.0,64.0
-65.27,1625449482.0,64.0
-58.77,1625449482.0,64.0
-52.35,1625449482.0,64.0
-46.14,1625449482.0,64.0
-39.93,1625449482.0,64.0
-33.42,1625449482.0,64.0
-26.43,1625449482.0,64.0
-19.16,1625449482.0,64.0
-12.23,1625449482.0,64.0
-6.33,1625449482.0,64.0
-1.97,1625449482.0,64.0
0.9,1625449482.0,64.0
2.88,1625449482.0,64.0
4.77,1625449482.0,64.0
7.23,1625449482.0,64.0
10.41,1625449482.0,64.0
13.87,1625449482.0,64.0
16.92,1625449482.0,64.0
19.0,1625449482.0,64.0
20.03,1625449482.0,64.0
20.37,1625449482.0,64.0
20.6,1625449482.0,64.0
21.05,1625449482.0,64.0
21.63,1625449482.0,64.0
21.86,1625449482.0,64.0
21.23,1625449482.0,64.0
19.51,1625449482.0,64.0
16.94,1625449482.0,64.0
14.14,1625449482.0,64.0
11.73,1625449482.0,64.0
10.1,1625449482.0,64.0
9.19,1625449482.0,64.0
8.67,1625449482.0,64.0
8.07,1625449482.0,64.0
7.1,1625449482.0,64.0
5.71,1625449482.0,64.0
4.03,1625449482.0,64.0
2.2,1625449482.0,64.0
0.19,1625449482.0,64.0
-2.08,1625449482.0,64.0
-4.66,1625449482.0,64.0
-7.41,1625449482.0,64.0
-9.91,1625449482.0,64.0
-11.64,1625449482.0,64.0
-12.17,1625449482.0,64.0
-11.43,1625449482.0,64.0
-9.74,1625449482.0,64.0
-7.64,1625449482.0,64.0
-5.58,1625449482.0,64.0
-3.69,1625449482.0,64.0
-1.79,1625449482.0,64.0
0.42,1625449482.0,64.0
3.03,1625449482.0,64.0
5.78,1625449482.0,64.0
8.08,1625449482.0,64.0
9.35,1625449482.0,64.0
9.42,1625449482.0,64.0
8.68,1625449482.0,64.0
7.95,1625449482.0,64.0
8.1,1625449482.0,64.0
9.57,1625449482.0,64.0
12.1,1625449482.0,64.0
14.9,1625449482.0,64.0
17.02,1625449482.0,64.0
17.85,1625449482.0,64.0
17.42,1625449482.0,64.0
16.3,1625449482.0,64.0
15.26,1625449482.0,64.0
14.78,1625449482.0,64.0
14.87,1625449482.0,64.0
15.04,1625449482.0,64.0
14.75,1625449482.0,64.0
13.64,1625449482.0,64.0
11.76,1625449482.0,64.0
9.49,1625449482.0,64.0
7.26,1625449482.0,64.0
5.38,1625449482.0,64.0
3.86,1625449482.0,64.0
2.57,1625449482.0,64.0
1.22,1625449482.0,64.0
-0.42,1625449482.0,64.0
-2.48,1625449482.0,64.0
-5.0,1625449482.0,64.0
-7.85,1625449482.0,64.0
-10.85,1625449482.0,64.0
-13.69,1625449482.0,64.0
-16.04,1625449482.0,64.0
-17.62,1625449482.0,64.0
-18.25,1625449482.0,64.0
-17.9,1625449482.0,64.0
-16.6,1625449482.0,64.0
-14.43,1625449482.0,64.0
-11.53,1625449482.0,64.0
-8.09,1625449482.0,64.0
-4.39,1625449482.0,64.0
-0.76,1625449482.0,64.0
2.58,1625449482.0,64.0
5.51,1625449482.0,64.0
8.07,1625449482.0,64.0
10.4,1625449482.0,64.0
12.58,1625449482.0,64.0
14.58,1625449482.0,64.0
16.29,1625449482.0,64.0
17.65,1625449482.0,64.0
18.67,1625449482.0,64.0
19.49,1625449482.0,64.0
20.3,1625449482.0,64.0
21.23,1625449482.0,64.0
22.27,1625449482.0,64.0
23.18,1625449482.0,64.0
23.68,1625449482.0,64.0
23.49,1625449482.0,64.0
22.56,1625449482.0,64.0
21.02,1625449482.0,64.0
19.22,1625449482.0,64.0
17.43,1625449482.0,64.0
15.79,1625449482.0,64.0
14.2,1625449482.0,64.0
12.34,1625449482.0,64.0
9.92,1625449482.0,64.0
6.87,1625449482.0,64.0
3.4,1625449482.0,64.0
-0.02,1625449482.0,64.0
-2.88,1625449482.0,64.0
-4.9,1625449482.0,64.0
-6.17,1625449482.0,64.0
-7.06,1625449482.0,64.0
-8.06,1625449482.0,64.0
-9.57,1625449482.0,64.0
-11.74,1625449482.0,64.0
-14.48,1625449482.0,64.0
-17.5,1625449482.0,64.0
-20.38,1625449482.0,64.0
-22.68,1625449482.0,64.0
-23.95,1625449482.0,64.0
-23.81,1625449482.0,64.0
-22.17,1625449482.0,64.0
-19.16,1625449482.0,64.0
-15.24,1625449482.0,64.0
-11.0,1625449482.0,64.0
-6.97,1625449482.0,64.0
-3.43,1625449482.0,64.0
-0.4,1625449482.0,64.0
2.27,1625449482.0,64.0
4.73,1625449482.0,64.0
6.96,1625449482.0,64.0
8.82,1625449482.0,64.0
10.09,1625449482.0,64.0
10.66,1625449482.0,64.0
10.61,1625449482.0,64.0
10.17,1625449482.0,64.0
9.67,1625449482.0,64.0
9.38,1625449482.0,64.0
9.5,1625449482.0,64.0
10.11,1625449482.0,64.0
11.11,1625449482.0,64.0
12.3,1625449482.0,64.0
13.4,1625449482.0,64.0
14.16,1625449482.0,64.0
14.4,1625449482.0,64.0
14.09,1625449482.0,64.0
13.31,1625449482.0,64.0
12.24,1625449482.0,64.0
11.03,1625449482.0,64.0
9.78,1625449482.0,64.0
8.5,1625449482.0,64.0
7.14,1625449482.0,64.0
5.63,1625449482.0,64.0
3.92,1625449482.0,64.0
2.05,1625449482.0,64.0
0.11,1625449482.0,64.0
-1.75,1625449482.0,64.0
-3.34,1625449482.0,64.0
-4.54,1625449482.0,64.0
-5.37,1625449482.0,64.0
-6.1,1625449482.0,64.0
-7.14,1625449482.0,64.0
-8.85,1625449482.0,64.0
-11.43,1625449482.0,64.0
-14.71,1625449482.0,64.0
-18.2,1625449482.0,64.0
-21.23,1625449482.0,64.0
-23.19,1625449482.0,64.0
-23.65,1625449482.0,64.0
-22.48,1625449482.0,64.0
-19.87,1625449482.0,64.0
-16.27,1625449482.0,64.0
-12.31,1625449482.0,64.0
-8.61,1625449482.0,64.0
-5.55,1625449482.0,64.0
-3.15,1625449482.0,64.0
-1.14,1625449482.0,64.0
0.94,1625449482.0,64.0
3.33,1625449482.0,64.0
5.97,1625449482.0,64.0
8.48,1625449482.0,64.0
10.4,1625449482.0,64.0
11.56,1625449482.0,64.0
12.18,1625449482.0,64.0
12.79,1625449482.0,64.0
13.88,1625449482.0,64.0
15.57,1625449482.0,64.0
17.55,1625449482.0,64.0
19.19,1625449482.0,64.0
19.99,1625449482.0,64.0
19.73,1625449482.0,64.0
18.69,1625449482.0,64.0
17.33,1625449482.0,64.0
16.09,1625449482.0,64.0
15.17,1625449482.0,64.0
14.53,1625449482.0,64.0
14.0,1625449482.0,64.0
13.41,1625449482.0,64.0
12.67,1625449482.0,64.0
11.72,1625449482.0,64.0
10.47,1625449482.0,64.0
8.8,1625449482.0,64.0
6.64,1625449482.0,64.0
4.08,1625449482.0,64.0
1.36,1625449482.0,64.0
-1.23,1625449482.0,64.0
-3.52,1625449482.0,64.0
-5.52,1625449482.0,64.0
-7.46,1625449482.0,64.0
-9.63,1625449482.0,64.0
-12.22,1625449482.0,64.0
-15.25,1625449482.0,64.0
-18.61,1625449482.0,64.0
-22.1,1625449482.0,64.0
-25.45,1625449482.0,64.0
-28.26,1625449482.0,64.0
-29.99,1625449482.0,64.0
-30.07,1625449482.0,64.0
-28.12,1625449482.0,64.0
-24.25,1625449482.0,64.0
-19.14,1625449482.0,64.0
-13.84,1625449482.0,64.0
-9.3,1625449482.0,64.0
-5.96,1625449482.0,64.0
-3.49,1625449482.0,64.0
-1.08,1625449482.0,64.0
2.09,1625449482.0,64.0
6.3,1625449482.0,64.0
11.06,1625449482.0,64.0
15.28,1625449482.0,64.0
17.82,1625449482.0,64.0
18.03,1625449482.0,64.0
16.05,1625449482.0,64.0
12.72,1625449482.0,64.0
9.12,1625449482.0,64.0
6.17,1625449482.0,64.0
4.18,1625449482.0,64.0
2.99,1625449482.0,64.0
2.07,1625449482.0,64.0
0.98,1625449482.0,64.0
-0.45,1625449482.0,64.0
-2.06,1625449482.0,64.0
-3.55,1625449482.0,64.0
-4.72,1625449482.0,64.0
-5.66,1625449482.0,64.0
-6.75,1625449482.0,64.0
-8.43,1625449482.0,64.0
-11.02,1625449482.0,64.0
-14.48,1625449482.0,64.0
-18.44,1625449482.0,64.0
-22.27,1625449482.0,64.0
-25.29,1625449482.0,64.0
-26.9,1625449482.0,64.0
-26.76,1625449482.0,64.0
-24.81,1625449482.0,64.0
-21.31,1625449482.0,64.0
-16.73,1625449482.0,64.0
-11.66,1625449482.0,64.0
-6.62,1625449482.0,64.0
-1.91,1625449482.0,64.0
2.45,1625449482.0,64.0
6.59,1625449482.0,64.0
10.73,1625449482.0,64.0
14.94,1625449482.0,64.0
19.1,1625449482.0,64.0
23.0,1625449482.0,64.0
26.36,1625449482.0,64.0
28.93,1625449482.0,64.0
30.47,1625449482.0,64.0
30.74,1625449482.0,64.0
29.49,1625449482.0,64.0
26.58,1625449482.0,64.0
22.12,1625449482.0,64.0
16.58,1625449482.0,64.0
10.72,1625449482.0,64.0
5.4,1625449482.0,64.0
1.29,1625449482.0,64.0
-1.42,1625449482.0,64.0
-2.98,1625449482.0,64.0
-3.99,1625449482.0,64.0
-5.04,1625449482.0,64.0
-6.45,1625449482.0,64.0
-8.11,1625449482.0,64.0
-9.54,1625449482.0,64.0
-10.21,1625449482.0,64.0
-9.74,1625449482.0,64.0
-8.21,1625449482.0,64.0
-6.15,1625449482.0,64.0
-4.4,1625449482.0,64.0
-3.74,1625449482.0,64.0
-4.45,1625449482.0,64.0
-6.07,1625449482.0,64.0
-7.46,1625449482.0,64.0
-7.16,1625449482.0,64.0
-4.02,1625449482.0,64.0
2.26,1625449482.0,64.0
10.94,1625449482.0,64.0
20.53,1625449482.0,64.0
29.36,1625449482.0,64.0
36.19,1625449482.0,64.0
40.49,1625449482.0,64.0
42.3,1625449482.0,64.0
41.86,1625449482.0,64.0
39.29,1625449482.0,64.0
34.61,1625449482.0,64.0
28.09,1625449482.0,64.0
20.48,1625449482.0,64.0
13.04,1625449482.0,64.0
7.16,1625449482.0,64.0
3.77,1625449482.0,64.0
2.93,1625449482.0,64.0
3.82,1625449482.0,64.0
5.08,1625449482.0,64.0
5.3,1625449482.0,64.0
3.64,1625449482.0,64.0
-0.06,1625449482.0,64.0
-5.34,1625449482.0,64.0
-11.36,1625449482.0,64.0
-17.3,1625449482.0,64.0
-22.61,1625449482.0,64.0
-27.07,1625449482.0,64.0
-30.68,1625449482.0,64.0
-33.38,1625449482.0,64.0
-34.9,1625449482.0,64.0
-34.7,1625449482.0,64.0
-32.23,1625449482.0,64.0
-27.29,1625449482.0,64.0
-20.38,1625449482.0,64.0
-12.68,1625449482.0,64.0
-5.78,1625449482.0,64.0
-1.08,1625449482.0,64.0
0.67,1625449482.0,64.0
-0.41,1625449482.0,64.0
-3.52,1625449482.0,64.0
-7.57,1625449482.0,64.0
-11.54,1625449482.0,64.0
-14.82,1625449482.0,64.0
-17.13,1625449482.0,64.0
-18.51,1625449482.0,64.0
-19.12,1625449482.0,64.0
-19.13,1625449482.0,64.0
-18.66,1625449482.0,64.0
-17.76,1625449482.0,64.0
-16.42,1625449482.0,64.0
-14.55,1625449482.0,64.0
-12.13,1625449482.0,64.0
-9.2,1625449482.0,64.0
-5.93,1625449482.0,64.0
-2.62,1625449482.0,64.0
0.37,1625449482.0,64.0
2.75,1625449482.0,64.0
4.32,1625449482.0,64.0
5.04,1625449482.0,64.0
4.96,1625449482.0,64.0
4.25,1625449482.0,64.0
3.1,1625449482.0,64.0
1.71,1625449482.0,64.0
0.27,1625449482.0,64.0
-1.11,1625449482.0,64.0
-2.42,1625449482.0,64.0
-3.8,1625449482.0,64.0
-5.5,1625449482.0,64.0
-7.78,1625449482.0,64.0
-10.73,1625449482.0,64.0
-14.15,1625449482.0,64.0
-17.53,1625449482.0,64.0
-20.24,1625449482.0,64.0
-21.7,1625449482.0,64.0
-21.63,1625449482.0,64.0
-20.15,1625449482.0,64.0
-17.66,1625449482.0,64.0
-14.66,1625449482.0,64.0
-11.54,1625449482.0,64.0
-8.5,1625449482.0,64.0
-5.56,1625449482.0,64.0
-2.75,1625449482.0,64.0
-0.18,1625449482.0,64.0
1.95,1625449482.0,64.0
3.49,1625449482.0,64.0
4.5,1625449482.0,64.0
5.3,1625449482.0,64.0
6.33,1625449482.0,64.0
7.98,1625449482.0,64.0
10.38,1625449482.0,64.0
13.29,1625449482.0,64.0
16.21,1625449482.0,64.0
18.6,1625449482.0,64.0
20.11,1625449482.0,64.0
20.67,1625449482.0,64.0
20.45,1625449482.0,64.0
19.62,1625449482.0,64.0
18.27,1625449482.0,64.0
16.41,1625449482.0,64.0
14.03,1625449482.0,64.0
11.2,1625449482.0,64.0
8.14,1625449482.0,64.0
5.12,1625449482.0,64.0
2.41,1625449482.0,64.0
0.15,1625449482.0,64.0
-1.57,1625449482.0,64.0
-2.79,1625449482.0,64.0
-3.57,1625449482.0,64.0
-4.06,1625449482.0,64.0
-4.46,1625449482.0,64.0
-5.03,1625449482.0,64.0
-6.04,1625449482.0,64.0
-7.67,1625449482.0,64.0
-9.93,1625449482.0,64.0
-12.66,1625449482.0,64.0
-15.55,1625449482.0,64.0
-18.25,1625449482.0,64.0
-20.34,1625449482.0,64.0
-21.51,1625449482.0,64.0
-21.51,1625449482.0,64.0
-20.29,1625449482.0,64.0
-18.03,1625449482.0,64.0
-15.12,1625449482.0,64.0
-12.02,1625449482.0,64.0
-9.08,1625449482.0,64.0
-6.4,1625449482.0,64.0
-3.8,1625449482.0,64.0
-1.07,1625449482.0,64.0
1.87,1625449482.0,64.0
4.85,1625449482.0,64.0
7.5,1625449482.0,64.0
9.43,1625449482.0,64.0
10.47,1625449482.0,64.0
10.84,1625449482.0,64.0
10.98,1625449482.0,64.0
11.44,1625449482.0,64.0
12.49,1625449482.0,64.0
14.02,1625449482.0,64.0
15.6,1625449482.0,64.0
16.68,1625449482.0,64.0
16.9,1625449482.0,64.0
16.33,1625449482.0,64.0
15.37,1625449482.0,64.0
14.59,1625449482.0,64.0
14.37,1625449482.0,64.0
14.71,1625449482.0,64.0
15.25,1625449482.0,64.0
15.45,1625449482.0,64.0
14.88,1625449482.0,64.0
13.47,1625449482.0,64.0
11.55,1625449482.0,64.0
9.6,1625449482.0,64.0
8.02,1625449482.0,64.0
6.93,1625449482.0,64.0
6.09,1625449482.0,64.0
5.06,1625449482.0,64.0
3.45,1625449482.0,64.0
1.07,1625449482.0,64.0
-1.93,1625449482.0,64.0
-5.2,1625449482.0,64.0
-8.3,1625449482.0,64.0
-10.89,1625449482.0,64.0
-12.75,1625449482.0,64.0
-13.86,1625449482.0,64.0
-14.25,1625449482.0,64.0
-13.97,1625449482.0,64.0
-13.12,1625449482.0,64.0
-11.85,1625449482.0,64.0
-10.29,1625449482.0,64.0
-8.4,1625449482.0,64.0
-5.96,1625449482.0,64.0
-2.5,1625449482.0,64.0
2.45,1625449482.0,64.0
9.03,1625449482.0,64.0
16.8,1625449482.0,64.0
24.73,1625449482.0,64.0
31.48,1625449482.0,64.0
35.94,1625449482.0,64.0
37.69,1625449482.0,64.0
37.09,1625449482.0,64.0
35.03,1625449482.0,64.0
32.36,1625449482.0,64.0
29.37,1625449482.0,64.0
25.73,1625449482.0,64.0
20.77,1625449482.0,64.0
13.99,1625449482.0,64.0
5.57,1625449482.0,64.0
-3.59,1625449482.0,64.0
-12.13,1625449482.0,64.0
-18.75,1625449482.0,64.0
-22.59,1625449482.0,64.0
-23.42,1625449482.0,64.0
-21.56,1625449482.0,64.0
-17.67,1625449482.0,64.0
-12.57,1625449482.0,64.0
-7.16,1625449482.0,64.0
-2.37,1625449482.0,64.0
0.94,1625449482.0,64.0
2.08,1625449482.0,64.0
0.71,1625449482.0,64.0
-3.08,1625449482.0,64.0
-8.85,1625449482.0,64.0
-15.86,1625449482.0,64.0
-23.31,1625449482.0,64.0
-30.48,1625449482.0,64.0
-36.87,1625449482.0,64.0
-42.31,1625449482.0,64.0
-46.9,1625449482.0,64.0
-50.83,1625449482.0,64.0
-54.25,1625449482.0,64.0
-56.93,1625449482.0,64.0
-58.35,1625449482.0,64.0
-57.79,1625449482.0,64.0
-54.65,1625449482.0,64.0
-48.86,1625449482.0,64.0
-40.95,1625449482.0,64.0
-32.02,1625449482.0,64.0
-23.38,1625449482.0,64.0
-16.17,1625449482.0,64.0
-11.09,1625449482.0,64.0
-8.31,1625449482.0,64.0
-7.63,1625449482.0,64.0
-8.63,1625449482.0,64.0
-10.85,1625449482.0,64.0
-13.76,1625449482.0,64.0
-16.85,1625449482.0,64.0
-19.64,1625449482.0,64.0
-21.8,1625449482.0,64.0
-23.33,1625449482.0,64.0
-24.54,1625449482.0,64.0
-25.95,1625449482.0,64.0
-27.7,1625449482.0,64.0
-29.07,1625449482.0,64.0
-28.17,1625449482.0,64.0
-22.3,1625449482.0,64.0
-9.04,1625449482.0,64.0
12.57,1625449482.0,64.0
41.15,1625449482.0,64.0
73.05,1625449482.0,64.0
103.48,1625449482.0,64.0
128.01,1625449482.0,64.0
143.91,1625449482.0,64.0
150.62,1625449482.0,64.0
149.34,1625449482.0,64.0
142.03,1625449482.0,64.0
130.51,1625449482.0,64.0
116.05,1625449482.0,64.0
99.45,1625449482.0,64.0
81.42,1625449482.0,64.0
62.76,1625449482.0,64.0
44.29,1625449482.0,64.0
26.6,1625449482.0,64.0
9.94,1625449482.0,64.0
-5.77,1625449482.0,64.0
-20.6,1625449482.0,64.0
-34.31,1625449482.0,64.0
-46.21,1625449482.0,64.0
-55.33,1625449482.0,64.0
-60.76,1625449482.0,64.0
-62.01,1625449482.0,64.0
-59.22,1625449482.0,64.0
-53.15,1625449482.0,64.0
-44.99,1625449482.0,64.0
-36.0,1625449482.0,64.0
-27.31,1625449482.0,64.0
-19.65,1625449482.0,64.0
-13.25,1625449482.0,64.0
-7.83,1625449482.0,64.0
-2.77,1625449482.0,64.0
2.61,1625449482.0,64.0
8.71,1625449482.0,64.0
15.37,1625449482.0,64.0
21.87,1625449482.0,64.0
27.18,1625449482.0,64.0
30.32,1625449482.0,64.0
30.86,1625449482.0,64.0
28.93,1625449482.0,64.0
25.23,1625449482.0,64.0
20.72,1625449482.0,64.0
16.26,1625449482.0,64.0
12.47,1625449482.0,64.0
9.64,1625449482.0,64.0
7.85,1625449482.0,64.0
7.08,1625449482.0,64.0
7.38,1625449482.0,64.0
8.9,1625449482.0,64.0
11.86,1625449482.0,64.0
16.32,1625449482.0,64.0
22.0,1625449482.0,64.0
28.12,1625449482.0,64.0
33.52,1625449482.0,64.0
37.04,1625449482.0,64.0
37.83,1625449482.0,64.0
35.72,1625449482.0,64.0
31.12,1625449482.0,64.0
24.83,1625449482.0,64.0
17.63,1625449482.0,64.0
10.05,1625449482.0,64.0
2.35,1625449482.0,64.0
-5.28,1625449482.0,64.0
-12.58,1625449482.0,64.0
-19.24,1625449482.0,64.0
-25.1,1625449482.0,64.0
-30.33,1625449482.0,64.0
-35.5,1625449482.0,64.0
-41.19,1625449482.0,64.0
-47.59,1625449482.0,64.0
-54.16,1625449482.0,64.0
-59.58,1625449482.0,64.0
-62.17,1625449482.0,64.0
-60.56,1625449482.0,64.0
-54.23,1625449482.0,64.0
-43.8,1625449482.0,64.0
-30.82,1625449482.0,64.0
-17.22,1625449482.0,64.0
-4.81,1625449482.0,64.0
5.2,1625449482.0,64.0
12.24,1625449482.0,64.0
16.28,1625449482.0,64.0
17.62,1625449482.0,64.0
16.69,1625449482.0,64.0
14.09,1625449482.0,64.0
10.45,1625449482.0,64.0
6.46,1625449482.0,64.0
2.7,1625449482.0,64.0
-0.46,1625449482.0,64.0
-2.93,1625449482.0,64.0
-4.78,1625449482.0,64.0
-6.12,1625449482.0,64.0
-6.93,1625449482.0,64.0
-6.99,1625449482.0,64.0
-6.03,1625449482.0,64.0
-3.79,1625449482.0,64.0
-0.23,1625449482.0,64.0
4.47,1625449482.0,64.0
9.88,1625449482.0,64.0
15.39,1625449482.0,64.0
20.26,1625449482.0,64.0
23.76,1625449482.0,64.0
25.29,1625449482.0,64.0
24.59,1625449482.0,64.0
21.86,1625449482.0,64.0
17.73,1625449482.0,64.0
13.07,1625449482.0,64.0
8.65,1625449482.0,64.0
4.87,1625449482.0,64.0
1.72,1625449482.0,64.0
-1.17,1625449482.0,64.0
-4.24,1625449482.0,64.0
-7.78,1625449482.0,64.0
-11.78,1625449482.0,64.0
-15.97,1625449482.0,64.0
-19.99,1625449482.0,64.0
-23.53,1625449482.0,64.0
-26.49,1625449482.0,64.0
-28.82,1625449482.0,64.0
-30.51,1625449482.0,64.0
-31.47,1625449482.0,64.0
-31.52,1625449482.0,64.0
-30.52,1625449482.0,64.0
-28.54,1625449482.0,64.0
-25.9,1625449482.0,64.0
-23.17,1625449482.0,64.0
-20.83,1625449482.0,64.0
-19.09,1625449482.0,64.0
-17.75,1625449482.0,64.0
-16.25,1625449482.0,64.0
-13.98,1625449482.0,64.0
-10.61,1625449482.0,64.0
-6.3,1625449482.0,64.0
-1.61,1625449482.0,64.0
2.76,1625449482.0,64.0
6.26,1625449482.0,64.0
8.71,1625449482.0,64.0
10.3,1625449482.0,64.0
11.4,1625449482.0,64.0
12.32,1625449482.0,64.0
13.16,1625449482.0,64.0
13.87,1625449482.0,64.0
14.34,1625449482.0,64.0
14.54,1625449482.0,64.0
14.56,1625449482.0,64.0
14.5,1625449482.0,64.0
14.29,1625449482.0,64.0
13.7,1625449482.0,64.0
12.43,1625449482.0,64.0
10.32,1625449482.0,64.0
7.61,1625449482.0,64.0
4.93,1625449482.0,64.0
3.04,1625449482.0,64.0
2.44,1625449482.0,64.0
3.23,1625449482.0,64.0
4.95,1625449482.0,64.0
6.9,1625449482.0,64.0
8.45,1625449482.0,64.0
9.27,1625449482.0,64.0
9.44,1625449482.0,64.0
9.19,1625449482.0,64.0
8.78,1625449482.0,64.0
8.3,1625449482.0,64.0
7.81,1625449482.0,64.0
7.34,1625449482.0,64.0
6.93,1625449482.0,64.0
6.48,1625449482.0,64.0
5.64,1625449482.0,64.0
3.77,1625449482.0,64.0
0.19,1625449482.0,64.0
-5.38,1625449482.0,64.0
-12.52,1625449482.0,64.0
-20.02,1625449482.0,64.0
-26.22,1625449482.0,64.0
-29.6,1625449482.0,64.0
-29.34,1625449482.0,64.0
-25.69,1625449482.0,64.0
-19.8,1625449482.0,64.0
-13.36,1625449482.0,64.0
-8.15,1625449482.0,64.0
-5.55,1625449482.0,64.0
-6.32,1625449482.0,64.0
-10.53,1625449482.0,64.0
-17.56,1625449482.0,64.0
-26.23,1625449482.0,64.0
-35.08,1625449482.0,64.0
-42.54,1625449482.0,64.0
-47.24,1625449482.0,64.0
-48.26,1625449482.0,64.0
-45.15,1625449482.0,64.0
-38.14,1625449482.0,64.0
-28.03,1625449482.0,64.0
-16.11,1625449482.0,64.0
-3.86,1625449482.0,64.0
7.28,1625449482.0,64.0
16.27,1625449482.0,64.0
22.65,1625449482.0,64.0
26.54,1625449482.0,64.0
28.53,1625449482.0,64.0
29.43,1625449482.0,64.0
30.05,1625449482.0,64.0
31.05,1625449482.0,64.0
32.78,1625449482.0,64.0
35.17,1625449482.0,64.0
37.76,1625449482.0,64.0
39.81,1625449482.0,64.0
40.54,1625449482.0,64.0
39.46,1625449482.0,64.0
36.58,1625449482.0,64.0
32.31,1625449482.0,64.0
27.33,1625449482.0,64.0
22.15,1625449482.0,64.0
16.98,1625449482.0,64.0
11.61,1625449482.0,64.0
5.65,1625449482.0,64.0
-1.18,1625449482.0,64.0
-8.84,1625449482.0,64.0
-16.88,1625449482.0,64.0
-24.57,1625449482.0,64.0
-31.12,1625449482.0,64.0
-35.88,1625449482.0,64.0
-38.53,1625449482.0,64.0
-39.12,1625449482.0,64.0
-37.97,1625449482.0,64.0
-35.52,1625449482.0,64.0
-32.18,1625449482.0,64.0
-28.22,1625449482.0,64.0
-23.8,1625449482.0,64.0
-19.04,1625449482.0,64.0
-14.22,1625449482.0,64.0
-9.73,1625449482.0,64.0
-6.03,1625449482.0,64.0
-3.41,1625449482.0,64.0
-1.84,1625449482.0,64.0
-0.89,1625449482.0,64.0
0.09,1625449482.0,64.0
1.69,1625449482.0,64.0
4.25,1625449482.0,64.0
7.65,1625449482.0,64.0
11.37,1625449482.0,64.0
14.7,1625449482.0,64.0
16.97,1625449482.0,64.0
17.84,1625449482.0,64.0
17.33,1625449482.0,64.0
15.79,1625449482.0,64.0
13.71,1625449482.0,64.0
11.56,1625449482.0,64.0
9.62,1625449482.0,64.0
8.0,1625449482.0,64.0
6.66,1625449482.0,64.0
5.53,1625449482.0,64.0
4.56,1625449482.0,64.0
3.74,1625449482.0,64.0
3.03,1625449482.0,64.0
2.32,1625449482.0,64.0
1.42,1625449482.0,64.0
0.12,1625449482.0,64.0
-1.72,1625449482.0,64.0
-4.07,1625449482.0,64.0
-6.75,1625449482.0,64.0
-9.54,1625449482.0,64.0
-12.22,1625449482.0,64.0
-14.66,1625449482.0,64.0
-16.8,1625449482.0,64.0
-18.49,1625449482.0,64.0
-19.54,1625449482.0,64.0
-19.7,1625449482.0,64.0
-18.76,1625449482.0,64.0
-16.73,1625449482.0,64.0
-13.89,1625449482.0,64.0
-10.7,1625449482.0,64.0
-7.62,1625449482.0,64.0
-4.89,1625449482.0,64.0
-2.43,1625449482.0,64.0
0.05,1625449482.0,64.0
2.88,1625449482.0,64.0
6.15,1625449482.0,64.0
9.56,1625449482.0,64.0
12.64,1625449482.0,64.0
14.93,1625449482.0,64.0
16.29,1625449482.0,64.0
16.94,1625449482.0,64.0
17.46,1625449482.0,64.0
18.37,1625449482.0,64.0
20.02,1625449482.0,64.0
22.31,1625449482.0,64.0
24.81,1625449482.0,64.0
26.92,1625449482.0,64.0
28.12,1625449482.0,64.0
28.17,1625449482.0,64.0
27.13,1625449482.0,64.0
25.27,1625449482.0,64.0
23.03,1625449482.0,64.0
20.78,1625449482.0,64.0
18.8,1625449482.0,64.0
17.1,1625449482.0,64.0
15.54,1625449482.0,64.0
13.87,1625449482.0,64.0
11.87,1625449482.0,64.0
9.53,1625449482.0,64.0
7.07,1625449482.0,64.0
4.8,1625449482.0,64.0
3.03,1625449482.0,64.0
1.79,1625449482.0,64.0
0.91,1625449482.0,64.0
0.02,1625449482.0,64.0
-1.17,1625449482.0,64.0
-2.78,1625449482.0,64.0
-4.66,1625449482.0,64.0
-6.56,1625449482.0,64.0
-8.36,1625449482.0,64.0
-10.13,1625449482.0,64.0
-12.16,1625449482.0,64.0
-14.71,1625449482.0,64.0
-17.74,1625449482.0,64.0
-20.78,1625449482.0,64.0
-23.08,1625449482.0,64.0
-23.9,1625449482.0,64.0
-22.92,1625449482.0,64.0
-20.38,1625449482.0,64.0
-16.92,1625449482.0,64.0
-13.27,1625449482.0,64.0
-9.82,1625449482.0,64.0
-6.6,1625449482.0,64.0
-3.41,1625449482.0,64.0
-0.12,1625449482.0,64.0
3.09,1625449482.0,64.0
5.8,1625449482.0,64.0
7.62,1625449482.0,64.0
8.44,1625449482.0,64.0
8.56,1625449482.0,64.0
8.54,1625449482.0,64.0
8.92,1625449482.0,64.0
9.99,1625449482.0,64.0
11.7,1625449482.0,64.0
13.77,1625449482.0,64.0
15.8,1625449482.0,64.0
17.41,1625449482.0,64.0
18.42,1625449482.0,64.0
18.8,1625449482.0,64.0
18.72,1625449482.0,64.0
18.51,1625449482.0,64.0
18.45,1625449482.0,64.0
18.65,1625449482.0,64.0
18.96,1625449482.0,64.0
19.05,1625449482.0,64.0
18.5,1625449482.0,64.0
17.03,1625449482.0,64.0
14.56,1625449482.0,64.0
11.18,1625449482.0,64.0
7.12,1625449482.0,64.0
2.69,1625449482.0,64.0
-1.76,1625449482.0,64.0
-5.91,1625449482.0,64.0
-9.56,1625449482.0,64.0
-12.75,1625449482.0,64.0
-15.77,1625449482.0,64.0
-19.09,1625449482.0,64.0
-23.15,1625449482.0,64.0
-28.09,1625449482.0,64.0
-33.7,1625449482.0,64.0
-39.43,1625449482.0,64.0
-44.59,1625449482.0,64.0
-48.53,1625449482.0,64.0
-50.68,1625449482.0,64.0
-50.61,1625449482.0,64.0
-48.0,1625449482.0,64.0
-42.8,1625449482.0,64.0
-35.24,1625449482.0,64.0
-25.99,1625449482.0,64.0
-15.99,1625449482.0,64.0
-6.3,1625449482.0,64.0
2.24,1625449482.0,64.0
9.11,1625449482.0,64.0
14.08,1625449482.0,64.0
17.14,1625449482.0,64.0
18.36,1625449482.0,64.0
17.95,1625449482.0,64.0
16.22,1625449482.0,64.0
13.73,1625449482.0,64.0
11.14,1625449482.0,64.0
9.06,1625449482.0,64.0
7.81,1625449482.0,64.0
7.37,1625449482.0,64.0
7.4,1625449482.0,64.0
7.54,1625449482.0,64.0
7.66,1625449482.0,64.0
7.86,1625449482.0,64.0
8.46,1625449482.0,64.0
9.68,1625449482.0,64.0
11.5,1625449482.0,64.0
13.6,1625449482.0,64.0
15.44,1625449482.0,64.0
16.5,1625449482.0,64.0
16.42,1625449482.0,64.0
15.07,1625449482.0,64.0
12.65,1625449482.0,64.0
9.59,1625449482.0,64.0
6.47,1625449482.0,64.0
3.87,1625449482.0,64.0
2.22,1625449482.0,64.0
1.54,1625449482.0,64.0
1.52,1625449482.0,64.0
1.51,1625449482.0,64.0
0.85,1625449482.0,64.0
-0.93,1625449482.0,64.0
-3.95,1625449482.0,64.0
-7.95,1625449482.0,64.0
-12.46,1625449482.0,64.0
-17.0,1625449482.0,64.0
-21.24,1625449482.0,64.0
-25.0,1625449482.0,64.0
-28.19,1625449482.0,64.0
-30.71,1625449482.0,64.0
-32.36,1625449482.0,64.0
-32.94,1625449482.0,64.0
-32.31,1625449482.0,64.0
-30.53,1625449482.0,64.0
-27.82,1625449482.0,64.0
-24.45,1625449482.0,64.0
-20.51,1625449482.0,64.0
-15.84,1625449482.0,64.0
-10.11,1625449482.0,64.0
-3.12,1625449482.0,64.0
4.83,1625449482.0,64.0
12.83,1625449482.0,64.0
19.62,1625449482.0,64.0
24.05,1625449482.0,64.0
25.62,1625449482.0,64.0
24.72,1625449482.0,64.0
22.39,1625449482.0,64.0
19.79,1625449482.0,64.0
17.7,1625449482.0,64.0
16.27,1625449482.0,64.0
15.2,1625449482.0,64.0
14.04,1625449482.0,64.0
12.6,1625449482.0,64.0
11.03,1625449482.0,64.0
9.69,1625449482.0,64.0
8.84,1625449482.0,64.0
8.53,1625449482.0,64.0
8.58,1625449482.0,64.0
8.73,1625449482.0,64.0
8.82,1625449482.0,64.0
8.83,1625449482.0,64.0
8.84,1625449482.0,64.0
8.92,1625449482.0,64.0
9.0,1625449482.0,64.0
8.89,1625449482.0,64.0
8.31,1625449482.0,64.0
7.08,1625449482.0,64.0
5.16,1625449482.0,64.0
2.67,1625449482.0,64.0
-0.2,1625449482.0,64.0
-3.25,1625449482.0,64.0
-6.42,1625449482.0,64.0
-9.78,1625449482.0,64.0
-13.42,1625449482.0,64.0
-17.32,1625449482.0,64.0
-21.19,1625449482.0,64.0
-24.48,1625449482.0,64.0
-26.43,1625449482.0,64.0
-26.41,1625449482.0,64.0
-24.14,1625449482.0,64.0
-19.9,1625449482.0,64.0
-14.43,1625449482.0,64.0
-8.71,1625449482.0,64.0
-3.58,1625449482.0,64.0
0.48,1625449482.0,64.0
3.4,1625449482.0,64.0
5.37,1625449482.0,64.0
6.6,1625449482.0,64.0
7.17,1625449482.0,64.0
7.07,1625449482.0,64.0
6.3,1625449482.0,64.0
5.02,1625449482.0,64.0
3.56,1625449482.0,64.0
2.4,1625449482.0,64.0
1.97,1625449482.0,64.0
2.51,1625449482.0,64.0
4.01,1625449482.0,64.0
6.22,1625449482.0,64.0
8.76,1625449482.0,64.0
11.16,1625449482.0,64.0
13.05,1625449482.0,64.0
14.17,1625449482.0,64.0
14.49,1625449482.0,64.0
14.08,1625449482.0,64.0
13.1,1625449482.0,64.0
11.63,1625449482.0,64.0
9.66,1625449482.0,64.0
7.17,1625449482.0,64.0
4.23,1625449482.0,64.0
1.06,1625449482.0,64.0
-2.01,1625449482.0,64.0
-4.72,1625449482.0,64.0
-7.0,1625449482.0,64.0
-8.98,1625449482.0,64.0
-10.89,1625449482.0,64.0
-12.92,1625449482.0,64.0
-15.07,1625449482.0,64.0
-17.23,1625449482.0,64.0
-19.22,1625449482.0,64.0
-20.91,1625449482.0,64.0
-22.22,1625449482.0,64.0
-23.13,1625449482.0,64.0
-23.6,1625449482.0,64.0
-23.62,1625449482.0,64.0
-23.25,1625449482.0,64.0
-22.59,1625449482.0,64.0
-21.78,1625449482.0,64.0
-20.88,1625449482.0,64.0
-19.83,1625449482.0,64.0
-18.56,1625449482.0,64.0
-16.97,1625449482.0,64.0
-15.08,1625449482.0,64.0
-12.97,1625449482.0,64.0
-10.7,1625449482.0,64.0
-8.25,1625449482.0,64.0
-5.55,1625449482.0,64.0
-2.65,1625449482.0,64.0
0.22,1625449482.0,64.0
2.64,1625449482.0,64.0
4.15,1625449482.0,64.0
4.58,1625449482.0,64.0
4.12,1625449482.0,64.0
3.39,1625449482.0,64.0
3.09,1625449482.0,64.0
3.69,1625449482.0,64.0
5.21,1625449482.0,64.0
7.2,1625449482.0,64.0
9.09,1625449482.0,64.0
10.4,1625449482.0,64.0
11.03,1625449482.0,64.0
11.21,1625449482.0,64.0
11.26,1625449482.0,64.0
11.39,1625449482.0,64.0
11.56,1625449482.0,64.0
11.56,1625449482.0,64.0
11.16,1625449482.0,64.0
10.22,1625449482.0,64.0
8.8,1625449482.0,64.0
7.11,1625449482.0,64.0
5.38,1625449482.0,64.0
3.8,1625449482.0,64.0
2.44,1625449482.0,64.0
1.21,1625449482.0,64.0
-0.05,1625449482.0,64.0
-1.6,1625449482.0,64.0
-3.57,1625449482.0,64.0
-5.94,1625449482.0,64.0
-8.46,1625449482.0,64.0
-10.81,1625449482.0,64.0
-12.74,1625449482.0,64.0
-14.23,1625449482.0,64.0
-15.44,1625449482.0,64.0
-16.54,1625449482.0,64.0
-17.54,1625449482.0,64.0
-18.17,1625449482.0,64.0
-18.03,1625449482.0,64.0
-16.88,1625449482.0,64.0
-14.78,1625449482.0,64.0
-12.1,1625449482.0,64.0
-9.27,1625449482.0,64.0
-6.54,1625449482.0,64.0
-3.89,1625449482.0,64.0
-1.1,1625449482.0,64.0
1.93,1625449482.0,64.0
5.02,1625449482.0,64.0
7.73,1625449482.0,64.0
9.6,1625449482.0,64.0
10.38,1625449482.0,64.0
10.34,1625449482.0,64.0
10.1,1625449482.0,64.0
10.37,1625449482.0,64.0
11.56,1625449482.0,64.0
13.63,1625449482.0,64.0
16.02,1625449482.0,64.0
17.99,1625449482.0,64.0
18.97,1625449482.0,64.0
18.74,1625449482.0,64.0
17.55,1625449482.0,64.0
15.89,1625449482.0,64.0
14.23,1625449482.0,64.0
12.85,1625449482.0,64.0
11.8,1625449482.0,64.0
10.92,1625449482.0,64.0
9.99,1625449482.0,64.0
8.88,1625449482.0,64.0
7.51,1625449482.0,64.0
5.86,1625449482.0,64.0
3.99,1625449482.0,64.0
2.02,1625449482.0,64.0
0.11,1625449482.0,64.0
-1.6,1625449482.0,64.0
-3.06,1625449482.0,64.0
-4.42,1625449482.0,64.0
-5.95,1625449482.0,64.0
-7.97,1625449482.0,64.0
-10.62,1625449482.0,64.0
-13.75,1625449482.0,64.0
-16.94,1625449482.0,64.0
-19.58,1625449482.0,64.0
-21.16,1625449482.0,64.0
-21.36,1625449482.0,64.0
-20.2,1625449482.0,64.0
-17.96,1625449482.0,64.0
-15.09,1625449482.0,64.0
-12.02,1625449482.0,64.0
-9.01,1625449482.0,64.0
-6.14,1625449482.0,64.0
-3.31,1625449482.0,64.0
-0.37,1625449482.0,64.0
2.67,1625449482.0,64.0
5.65,1625449482.0,64.0
8.24,1625449482.0,64.0
10.14,1625449482.0,64.0
11.24,1625449482.0,64.0
11.73,1625449482.0,64.0
12.03,1625449482.0,64.0
12.57,1625449482.0,64.0
13.53,1625449482.0,64.0
14.79,1625449482.0,64.0
15.97,1625449482.0,64.0
16.72,1625449482.0,64.0
16.89,1625449482.0,64.0
16.57,1625449482.0,64.0
16.06,1625449482.0,64.0
15.6,1625449482.0,64.0
15.25,1625449482.0,64.0
14.87,1625449482.0,64.0
14.27,1625449482.0,64.0
13.33,1625449482.0,64.0
12.09,1625449482.0,64.0
10.71,1625449482.0,64.0
9.33,1625449482.0,64.0
7.97,1625449482.0,64.0
6.51,1625449482.0,64.0
4.8,1625449482.0,64.0
2.75,1625449482.0,64.0
0.43,1625449482.0,64.0
-1.98,1625449482.0,64.0
-4.3,1625449482.0,64.0
-6.47,1625449482.0,64.0
-8.59,1625449482.0,64.0
-10.78,1625449482.0,64.0
-13.07,1625449482.0,64.0
-15.25,1625449482.0,64.0
-16.99,1625449482.0,64.0
-17.93,1625449482.0,64.0
-17.9,1625449482.0,64.0
-17.04,1625449482.0,64.0
-15.64,1625449482.0,64.0
-14.01,1625449482.0,64.0
-12.29,1625449482.0,64.0
-10.39,1625449482.0,64.0
-8.05,1625449482.0,64.0
-5.06,1625449482.0,64.0
-1.37,1625449482.0,64.0
2.75,1625449482.0,64.0
6.78,1625449482.0,64.0
10.11,1625449482.0,64.0
12.22,1625449482.0,64.0
12.94,1625449482.0,64.0
12.53,1625449482.0,64.0
11.63,1625449482.0,64.0
10.99,1625449482.0,64.0
11.11,1625449482.0,64.0
12.04,1625449482.0,64.0
13.38,1625449482.0,64.0
14.51,1625449482.0,64.0
14.98,1625449482.0,64.0
14.69,1625449482.0,64.0
13.9,1625449482.0,64.0
13.08,1625449482.0,64.0
12.59,1625449482.0,64.0
12.55,1625449482.0,64.0
12.83,1625449482.0,64.0
13.2,1625449482.0,64.0
13.43,1625449482.0,64.0
13.37,1625449482.0,64.0
12.91,1625449482.0,64.0
11.97,1625449482.0,64.0
10.43,1625449482.0,64.0
8.23,1625449482.0,64.0
5.41,1625449482.0,64.0
2.16,1625449482.0,64.0
-1.27,1625449482.0,64.0
-4.66,1625449482.0,64.0
-7.95,1625449482.0,64.0
-11.19,1625449482.0,64.0
-14.48,1625449482.0,64.0
-17.89,1625449482.0,64.0
-21.25,1625449482.0,64.0
-24.3,1625449482.0,64.0
-26.64,1625449482.0,64.0
-27.96,1625449482.0,64.0
-28.16,1625449482.0,64.0
-27.33,1625449482.0,64.0
-25.73,1625449482.0,64.0
-23.66,1625449482.0,64.0
-21.35,1625449482.0,64.0
-18.93,1625449482.0,64.0
-16.41,1625449482.0,64.0
-13.8,1625449482.0,64.0
-11.06,1625449482.0,64.0
-8.17,1625449482.0,64.0
-5.11,1625449482.0,64.0
-1.87,1625449482.0,64.0
1.56,1625449482.0,64.0
5.11,1625449482.0,64.0
8.69,1625449482.0,64.0
12.12,1625449482.0,64.0
15.21,1625449482.0,64.0
17.84,1625449482.0,64.0
19.93,1625449482.0,64.0
21.48,1625449482.0,64.0
22.48,1625449482.0,64.0
22.95,1625449482.0,64.0
22.85,1625449482.0,64.0
22.15,1625449482.0,64.0
20.87,1625449482.0,64.0
19.08,1625449482.0,64.0
16.93,1625449482.0,64.0
14.61,1625449482.0,64.0
12.36,1625449482.0,64.0
10.43,1625449482.0,64.0
9.04,1625449482.0,64.0
8.32,1625449482.0,64.0
8.22,1625449482.0,64.0
8.49,1625449482.0,64.0
8.74,1625449482.0,64.0
8.55,1625449482.0,64.0
7.64,1625449482.0,64.0
5.97,1625449482.0,64.0
3.72,1625449482.0,64.0
1.15,1625449482.0,64.0
-1.49,1625449482.0,64.0
-4.1,1625449482.0,64.0
-6.7,1625449482.0,64.0
-9.36,1625449482.0,64.0
-12.06,1625449482.0,64.0
-14.74,1625449482.0,64.0
-17.24,1625449482.0,64.0
-19.38,1625449482.0,64.0
-21.01,1625449482.0,64.0
-21.98,1625449482.0,64.0
-22.14,1625449482.0,64.0
-21.37,1625449482.0,64.0
-19.63,1625449482.0,64.0
-17.01,1625449482.0,64.0
-13.69,1625449482.0,64.0
-9.89,1625449482.0,64.0
-5.75,1625449482.0,64.0
-1.33,1625449482.0,64.0
3.31,1625449482.0,64.0
7.99,1625449482.0,64.0
12.28,1625449482.0,64.0
15.66,1625449482.0,64.0
17.67,1625449482.0,64.0
18.15,1625449482.0,64.0
17.33,1625449482.0,64.0
15.78,1625449482.0,64.0
14.12,1625449482.0,64.0
12.87,1625449482.0,64.0
12.22,1625449482.0,64.0
12.07,1625449482.0,64.0
12.11,1625449482.0,64.0
11.92,1625449482.0,64.0
11.2,1625449482.0,64.0
9.79,1625449482.0,64.0
7.76,1625449482.0,64.0
5.33,1625449482.0,64.0
2.76,1625449482.0,64.0
0.28,1625449482.0,64.0
-2.02,1625449482.0,64.0
-4.17,1625449482.0,64.0
-6.28,1625449482.0,64.0
-8.36,1625449482.0,64.0
-10.33,1625449482.0,64.0
-11.96,1625449482.0,64.0
-13.02,1625449482.0,64.0
-13.4,1625449482.0,64.0
-13.2,1625449482.0,64.0
-12.74,1625449482.0,64.0
-12.45,1625449482.0,64.0
-12.74,1625449482.0,64.0
-13.77,1625449482.0,64.0
-15.49,1625449482.0,64.0
-17.61,1625449482.0,64.0
-19.8,1625449482.0,64.0
-21.83,1625449482.0,64.0
-23.56,1625449482.0,64.0
-24.93,1625449482.0,64.0
-25.82,1625449482.0,64.0
-26.05,1625449482.0,64.0
-25.43,1625449482.0,64.0
-23.91,1625449482.0,64.0
-21.69,1625449482.0,64.0
-19.15,1625449482.0,64.0
-16.72,1625449482.0,64.0
-14.66,1625449482.0,64.0
-12.96,1625449482.0,64.0
-11.37,1625449482.0,64.0
-9.62,1625449482.0,64.0
-7.58,1625449482.0,64.0
-5.3,1625449482.0,64.0
-2.87,1625449482.0,64.0
-0.22,1625449482.0,64.0
2.9,1625449482.0,64.0
6.79,1625449482.0,64.0
11.56,1625449482.0,64.0
16.95,1625449482.0,64.0
22.33,1625449482.0,64.0
26.88,1625449482.0,64.0
29.87,1625449482.0,64.0
30.95,1625449482.0,64.0
30.12,1625449482.0,64.0
27.73,1625449482.0,64.0
24.3,1625449482.0,64.0
20.35,1625449482.0,64.0
16.37,1625449482.0,64.0
12.68,1625449482.0,64.0
9.38,1625449482.0,64.0
6.37,1625449482.0,64.0
3.38,1625449482.0,64.0
0.22,1625449482.0,64.0
-3.09,1625449482.0,64.0
-6.25,1625449482.0,64.0
-8.79,1625449482.0,64.0
-10.26,1625449482.0,64.0
-10.42,1625449482.0,64.0
-9.37,1625449482.0,64.0
-7.52,1625449482.0,64.0
-5.5,1625449482.0,64.0
-3.96,1625449482.0,64.0
-3.51,1625449482.0,64.0
-4.52,1625449482.0,64.0
-7.09,1625449482.0,64.0
-10.98,1625449482.0,64.0
-15.59,1625449482.0,64.0
-20.14,1625449482.0,64.0
-23.77,1625449482.0,64.0
-25.83,1625449482.0,64.0
-26.01,1625449482.0,64.0
-24.44,1625449482.0,64.0
-21.58,1625449482.0,64.0
-18.06,1625449482.0,64.0
-14.42,1625449482.0,64.0
-10.99,1625449482.0,64.0
-7.81,1625449482.0,64.0
-4.79,1625449482.0,64.0
-1.85,1625449482.0,64.0
0.97,1625449482.0,64.0
3.5,1625449482.0,64.0
5.57,1625449482.0,64.0
7.17,1625449482.0,64.0
8.48,1625449482.0,64.0
9.79,1625449482.0,64.0
11.37,1625449482.0,64.0
13.28,1625449482.0,64.0
15.37,1625449482.0,64.0
17.34,1625449482.0,64.0
18.87,1625449482.0,64.0
19.78,1625449482.0,64.0
20.01,1625449482.0,64.0
19.64,1625449482.0,64.0
18.8,1625449482.0,64.0
17.63,1625449482.0,64.0
16.25,1625449482.0,64.0
14.77,1625449482.0,64.0
13.32,1625449482.0,64.0
11.97,1625449482.0,64.0
10.75,1625449482.0,64.0
9.66,1625449482.0,64.0
8.59,1625449482.0,64.0
7.43,1625449482.0,64.0
6.06,1625449482.0,64.0
4.43,1625449482.0,64.0
2.57,1625449482.0,64.0
0.51,1625449482.0,64.0
-1.76,1625449482.0,64.0
-4.23,1625449482.0,64.0
-6.96,1625449482.0,64.0
-9.89,1625449482.0,64.0
-12.9,1625449482.0,64.0
-15.78,1625449482.0,64.0
-18.28,1625449482.0,64.0
-20.18,1625449482.0,64.0
-21.27,1625449482.0,64.0
-21.46,1625449482.0,64.0
-20.75,1625449482.0,64.0
-19.28,1625449482.0,64.0
-17.25,1625449482.0,64.0
-14.95,1625449482.0,64.0
-12.52,1625449482.0,64.0
-9.97,1625449482.0,64.0
-7.11,1625449482.0,64.0
-3.71,1625449482.0,64.0
0.23,1625449482.0,64.0
4.49,1625449482.0,64.0
8.5,1625449482.0,64.0
11.73,1625449482.0,64.0
13.81,1625449482.0,64.0
14.78,1625449482.0,64.0
15.02,1625449482.0,64.0
15.07,1625449482.0,64.0
15.39,1625449482.0,64.0
16.2,1625449482.0,64.0
17.46,1625449482.0,64.0
18.91,1625449482.0,64.0
20.17,1625449482.0,64.0
20.91,1625449482.0,64.0
20.94,1625449482.0,64.0
20.24,1625449482.0,64.0
18.95,1625449482.0,64.0
17.29,1625449482.0,64.0
15.44,1625449482.0,64.0
13.48,1625449482.0,64.0
11.38,1625449482.0,64.0
9.15,1625449482.0,64.0
6.85,1625449482.0,64.0
4.64,1625449482.0,64.0
2.65,1625449482.0,64.0
0.92,1625449482.0,64.0
-0.7,1625449482.0,64.0
-2.34,1625449482.0,64.0
-4.1,1625449482.0,64.0
-5.84,1625449482.0,64.0
-7.37,1625449482.0,64.0
-8.62,1625449482.0,64.0
-9.67,1625449482.0,64.0
-10.83,1625449482.0,64.0
-12.41,1625449482.0,64.0
-14.52,1625449482.0,64.0
-16.96,1625449482.0,64.0
-19.29,1625449482.0,64.0
-20.99,1625449482.0,64.0
-21.65,1625449482.0,64.0
-21.06,1625449482.0,64.0
-19.32,1625449482.0,64.0
-16.73,1625449482.0,64.0
-13.72,1625449482.0,64.0
-10.72,1625449482.0,64.0
-7.97,1625449482.0,64.0
-5.47,1625449482.0,64.0
-2.94,1625449482.0,64.0
-0.04,1625449482.0,64.0
3.42,1625449482.0,64.0
7.25,1625449482.0,64.0
10.96,1625449482.0,64.0
13.99,1625449482.0,64.0
16.01,1625449482.0,64.0
17.09,1625449482.0,64.0
17.64,1625449482.0,64.0
18.17,1625449482.0,64.0
18.96,1625449482.0,64.0
20.0,1625449482.0,64.0
21.04,1625449482.0,64.0
21.8,1625449482.0,64.0
22.16,1625449482.0,64.0
22.2,1625449482.0,64.0
22.06,1625449482.0,64.0
21.83,1625449482.0,64.0
21.43,1625449482.0,64.0
20.67,1625449482.0,64.0
19.37,1625449482.0,64.0
17.56,1625449482.0,64.0
15.47,1625449482.0,64.0
13.46,1625449482.0,64.0
11.83,1625449482.0,64.0
10.75,1625449482.0,64.0
10.03,1625449482.0,64.0
9.3,1625449482.0,64.0
8.08,1625449482.0,64.0
6.0,1625449482.0,64.0
2.9,1625449482.0,64.0
-1.07,1625449482.0,64.0
-5.58,1625449482.0,64.0
-10.23,1625449482.0,64.0
-14.63,1625449482.0,64.0
-18.57,1625449482.0,64.0
-21.95,1625449482.0,64.0
-24.76,1625449482.0,64.0
-27.04,1625449482.0,64.0
-28.82,1625449482.0,64.0
-30.08,1625449482.0,64.0
-30.7,1625449482.0,64.0
-30.5,1625449482.0,64.0
-29.27,1625449482.0,64.0
-26.85,1625449482.0,64.0
-23.3,1625449482.0,64.0
-18.91,1625449482.0,64.0
-14.25,1625449482.0,64.0
-9.88,1625449482.0,64.0
-6.18,1625449482.0,64.0
-3.09,1625449482.0,64.0
-0.25,1625449482.0,64.0
2.86,1625449482.0,64.0
6.52,1625449482.0,64.0
10.6,1625449482.0,64.0
14.58,1625449482.0,64.0
17.76,1625449482.0,64.0
19.6,1625449482.0,64.0
19.92,1625449482.0,64.0
18.92,1625449482.0,64.0
17.01,1625449482.0,64.0
14.66,1625449482.0,64.0
12.29,1625449482.0,64.0
10.27,1625449482.0,64.0
8.96,1625449482.0,64.0
8.63,1625449482.0,64.0
9.39,1625449482.0,64.0
11.05,1625449482.0,64.0
13.11,1625449482.0,64.0
14.92,1625449482.0,64.0
15.91,1625449482.0,64.0
15.8,1625449482.0,64.0
14.57,1625449482.0,64.0
12.51,1625449482.0,64.0
10.0,1625449482.0,64.0
7.35,1625449482.0,64.0
4.84,1625449482.0,64.0
2.63,1625449482.0,64.0
0.84,1625449482.0,64.0
-0.51,1625449482.0,64.0
-1.49,1625449482.0,64.0
-2.3,1625449482.0,64.0
-3.29,1625449482.0,64.0
-4.81,1625449482.0,64.0
-7.16,1625449482.0,64.0
-10.42,1625449482.0,64.0
-14.41,1625449482.0,64.0
-18.67,1625449482.0,64.0
-22.63,1625449482.0,64.0
-25.74,1625449482.0,64.0
-27.64,1625449482.0,64.0
-28.21,1625449482.0,64.0
-27.63,1625449482.0,64.0
-26.2,1625449482.0,64.0
-24.25,1625449482.0,64.0
-21.98,1625449482.0,64.0
-19.55,1625449482.0,64.0
-16.98,1625449482.0,64.0
-14.31,1625449482.0,64.0
-11.52,1625449482.0,64.0
-8.6,1625449482.0,64.0
-5.59,1625449482.0,64.0
-2.66,1625449482.0,64.0
-0.06,1625449482.0,64.0
1.89,1625449482.0,64.0
3.0,1625449482.0,64.0
3.38,1625449482.0,64.0
3.45,1625449482.0,64.0
3.82,1625449482.0,64.0
4.98,1625449482.0,64.0
7.03,1625449482.0,64.0
9.56,1625449482.0,64.0
11.86,1625449482.0,64.0
13.26,1625449482.0,64.0
13.51,1625449482.0,64.0
12.91,1625449482.0,64.0
12.06,1625449482.0,64.0
11.52,1625449482.0,64.0
11.54,1625449482.0,64.0
11.93,1625449482.0,64.0
12.25,1625449482.0,64.0
12.11,1625449482.0,64.0
11.34,1625449482.0,64.0
10.0,1625449482.0,64.0
8.39,1625449482.0,64.0
6.8,1625449482.0,64.0
5.42,1625449482.0,64.0
4.26,1625449482.0,64.0
3.26,1625449482.0,64.0
2.26,1625449482.0,64.0
1.14,1625449482.0,64.0
-0.18,1625449482.0,64.0
-1.74,1625449482.0,64.0
-3.47,1625449482.0,64.0
-5.34,1625449482.0,64.0
-7.34,1625449482.0,64.0
-9.48,1625449482.0,64.0
-11.74,1625449482.0,64.0
-13.96,1625449482.0,64.0
-15.76,1625449482.0,64.0
-16.71,1625449482.0,64.0
-16.5,1625449482.0,64.0
-15.1,1625449482.0,64.0
-12.79,1625449482.0,64.0
-10.03,1625449482.0,64.0
-7.18,1625449482.0,64.0
-4.39,1625449482.0,64.0
-1.56,1625449482.0,64.0
1.38,1625449482.0,64.0
4.38,1625449482.0,64.0
7.13,1625449482.0,64.0
9.24,1625449482.0,64.0
10.45,1625449482.0,64.0
10.86,1625449482.0,64.0
10.81,1625449482.0,64.0
10.8,1625449482.0,64.0
11.15,1625449482.0,64.0
11.88,1625449482.0,64.0
12.78,1625449482.0,64.0
13.5,1625449482.0,64.0
13.77,1625449482.0,64.0
13.51,1625449482.0,64.0
12.83,1625449482.0,64.0
11.91,1625449482.0,64.0
10.97,1625449482.0,64.0
10.16,1625449482.0,64.0
9.44,1625449482.0,64.0
8.6,1625449482.0,64.0
7.31,1625449482.0,64.0
5.23,1625449482.0,64.0
2.25,1625449482.0,64.0
-1.41,1625449482.0,64.0
-5.21,1625449482.0,64.0
-8.51,1625449482.0,64.0
-10.83,1625449482.0,64.0
-12.13,1625449482.0,64.0
-12.71,1625449482.0,64.0
-13.02,1625449482.0,64.0
-13.35,1625449482.0,64.0
-13.71,1625449482.0,64.0
-13.89,1625449482.0,64.0
-13.69,1625449482.0,64.0
-13.17,1625449482.0,64.0
-12.68,1625449482.0,64.0
-12.62,1625449482.0,64.0
-13.18,1625449482.0,64.0
-14.13,1625449482.0,64.0
-14.96,1625449482.0,64.0
-15.15,1625449482.0,64.0
-14.49,1625449482.0,64.0
-13.23,1625449482.0,64.0
-11.87,1625449482.0,64.0
-10.87,1625449482.0,64.0
-10.31,1625449482.0,64.0
-9.92,1625449482.0,64.0
-9.24,1625449482.0,64.0
-8.01,1625449482.0,64.0
-6.35,1625449482.0,64.0
-4.7,1625449482.0,64.0
-3.51,1625449482.0,64.0
-2.92,1625449482.0,64.0
-2.67,1625449482.0,64.0
-2.25,1625449482.0,64.0
-1.23,1625449482.0,64.0
0.47,1625449482.0,64.0
2.61,1625449482.0,64.0
4.72,1625449482.0,64.0
6.43,1625449482.0,64.0
7.57,1625449482.0,64.0
8.25,1625449482.0,64.0
8.66,1625449482.0,64.0
8.94,1625449482.0,64.0
9.1,1625449482.0,64.0
9.06,1625449482.0,64.0
8.66,1625449482.0,64.0
7.85,1625449482.0,64.0
6.68,1625449482.0,64.0
5.24,1625449482.0,64.0
3.63,1625449482.0,64.0
1.82,1625449482.0,64.0
-0.47,1625449482.0,64.0
-3.57,1625449482.0,64.0
-7.78,1625449482.0,64.0
-13.08,1625449482.0,64.0
-19.06,1625449482.0,64.0
-24.95,1625449482.0,64.0
-29.92,1625449482.0,64.0
-33.33,1625449482.0,64.0
-34.9,1625449482.0,64.0
-34.66,1625449482.0,64.0
-32.81,1625449482.0,64.0
-29.63,1625449482.0,64.0
-25.41,1625449482.0,64.0
-20.53,1625449482.0,64.0
-15.42,1625449482.0,64.0
-10.53,1625449482.0,64.0
-6.05,1625449482.0,64.0
-1.8,1625449482.0,64.0
2.6,1625449482.0,64.0
7.55,1625449482.0,64.0
12.99,1625449482.0,64.0
18.36,1625449482.0,64.0
22.73,1625449482.0,64.0
25.3,1625449482.0,64.0
25.79,1625449482.0,64.0
24.55,1625449482.0,64.0
22.32,1625449482.0,64.0
19.83,1625449482.0,64.0
17.53,1625449482.0,64.0
15.48,1625449482.0,64.0
13.6,1625449482.0,64.0
11.88,1625449482.0,64.0
10.5,1625449482.0,64.0
9.74,1625449482.0,64.0
9.84,1625449482.0,64.0
10.75,1625449482.0,64.0
12.12,1625449482.0,64.0
13.4,1625449482.0,64.0
14.04,1625449482.0,64.0
13.73,1625449482.0,64.0
12.47,1625449482.0,64.0
10.54,1625449482.0,64.0
8.45,1625449482.0,64.0
6.69,1625449482.0,64.0
5.6,1625449482.0,64.0
5.22,1625449482.0,64.0
5.35,1625449482.0,64.0
5.58,1625449482.0,64.0
5.49,1625449482.0,64.0
4.7,1625449482.0,64.0
2.9,1625449482.0,64.0
-0.03,1625449482.0,64.0
-4.01,1625449482.0,64.0
-8.6,1625449482.0,64.0
-13.05,1625449482.0,64.0
-16.47,1625449482.0,64.0
-18.14,1625449482.0,64.0
-17.86,1625449482.0,64.0
-15.91,1625449482.0,64.0
-12.95,1625449482.0,64.0
-9.59,1625449482.0,64.0
-6.18,1625449482.0,64.0
-2.8,1625449482.0,64.0
0.57,1625449482.0,64.0
3.79,1625449482.0,64.0
6.53,1625449482.0,64.0
8.39,1625449482.0,64.0
9.2,1625449482.0,64.0
9.15,1625449482.0,64.0
8.78,1625449482.0,64.0
8.68,1625449482.0,64.0
9.21,1625449482.0,64.0
10.35,1625449482.0,64.0
11.76,1625449482.0,64.0
12.98,1625449482.0,64.0
13.65,1625449482.0,64.0
13.65,1625449482.0,64.0
13.05,1625449482.0,64.0
12.04,1625449482.0,64.0
10.83,1625449482.0,64.0
9.59,1625449482.0,64.0
8.42,1625449482.0,64.0
7.33,1625449482.0,64.0
6.28,1625449482.0,64.0
5.17,1625449482.0,64.0
3.88,1625449482.0,64.0
2.35,1625449482.0,64.0
0.56,1625449482.0,64.0
-1.45,1625449482.0,64.0
-3.63,1625449482.0,64.0
-5.96,1625449482.0,64.0
-8.42,1625449482.0,64.0
-11.02,1625449482.0,64.0
-13.7,1625449482.0,64.0
-16.36,1625449482.0,64.0
-18.84,1625449482.0,64.0
-20.97,1625449482.0,64.0
-22.6,1625449482.0,64.0
-23.62,1625449482.0,64.0
-23.98,1625449482.0,64.0
-23.63,1625449482.0,64.0
-22.56,1625449482.0,64.0
-20.8,1625449482.0,64.0
-18.44,1625449482.0,64.0
-15.55,1625449482.0,64.0
-12.19,1625449482.0,64.0
-8.38,1625449482.0,64.0
-4.12,1625449482.0,64.0
0.49,1625449482.0,64.0
5.18,1625449482.0,64.0
9.45,1625449482.0,64.0
12.8,1625449482.0,64.0
14.89,1625449482.0,64.0
15.78,1625449482.0,64.0
15.89,1625449482.0,64.0
15.88,1625449482.0,64.0
16.33,1625449482.0,64.0
17.52,1625449482.0,64.0
19.33,1625449482.0,64.0
21.33,1625449482.0,64.0
23.05,1625449482.0,64.0
24.11,1625449482.0,64.0
24.37,1625449482.0,64.0
23.86,1625449482.0,64.0
22.7,1625449482.0,64.0
20.97,1625449482.0,64.0
18.66,1625449482.0,64.0
15.64,1625449482.0,64.0
11.75,1625449482.0,64.0
6.92,1625449482.0,64.0
1.34,1625449482.0,64.0
-4.53,1625449482.0,64.0
-10.01,1625449482.0,64.0
-14.38,1625449482.0,64.0
-17.19,1625449482.0,64.0
-18.36,1625449482.0,64.0
-18.22,1625449482.0,64.0
-17.3,1625449482.0,64.0
-16.08,1625449482.0,64.0
-14.91,1625449482.0,64.0
-13.91,1625449482.0,64.0
-13.11,1625449482.0,64.0
-12.51,1625449482.0,64.0
-12.1,1625449482.0,64.0
-11.81,1625449482.0,64.0
-11.5,1625449482.0,64.0
-10.96,1625449482.0,64.0
-10.02,1625449482.0,64.0
-8.62,1625449482.0,64.0
-6.9,1625449482.0,64.0
-5.12,1625449482.0,64.0
-3.57,1625449482.0,64.0
-2.37,1625449482.0,64.0
-1.37,1625449482.0,64.0
-0.18,1625449482.0,64.0
1.57,1625449482.0,64.0
4.14,1625449482.0,64.0
7.34,1625449482.0,64.0
10.64,1625449482.0,64.0
13.37,1625449482.0,64.0
14.96,1625449482.0,64.0
15.22,1625449482.0,64.0
14.45,1625449482.0,64.0
13.32,1625449482.0,64.0
12.57,1625449482.0,64.0
12.85,1625449482.0,64.0
14.48,1625449482.0,64.0
17.45,1625449482.0,64.0
21.44,1625449482.0,64.0
25.85,1625449482.0,64.0
29.92,1625449482.0,64.0
32.77,1625449482.0,64.0
33.59,1625449482.0,64.0
31.92,1625449482.0,64.0
27.84,1625449482.0,64.0
21.99,1625449482.0,64.0
15.43,1625449482.0,64.0
9.29,1625449482.0,64.0
4.37,1625449482.0,64.0
0.84,1625449482.0,64.0
-1.75,1625449482.0,64.0
-4.28,1625449482.0,64.0
-7.73,1625449482.0,64.0
-12.8,1625449482.0,64.0
-19.73,1625449482.0,64.0
-28.11,1625449482.0,64.0
-36.97,1625449482.0,64.0
-44.91,1625449482.0,64.0
-50.33,1625449482.0,64.0
-51.92,1625449482.0,64.0
-49.05,1625449482.0,64.0
-42.09,1625449482.0,64.0
-32.36,1625449482.0,64.0
-21.75,1625449482.0,64.0
-12.14,1625449482.0,64.0
-4.84,1625449482.0,64.0
-0.31,1625449482.0,64.0
1.75,1625449482.0,64.0
2.03,1625449482.0,64.0
1.25,1625449482.0,64.0
-0.06,1625449482.0,64.0
-1.65,1625449482.0,64.0
-3.38,1625449482.0,64.0
-5.14,1625449482.0,64.0
-6.74,1625449482.0,64.0
-7.93,1625449482.0,64.0
-8.51,1625449482.0,64.0
-8.29,1625449482.0,64.0
-7.18,1625449482.0,64.0
-5.08,1625449482.0,64.0
-1.94,1625449482.0,64.0
2.27,1625449482.0,64.0
7.49,1625449482.0,64.0
13.45,1625449482.0,64.0
19.66,1625449482.0,64.0
25.4,1625449482.0,64.0
29.87,1625449482.0,64.0
32.4,1625449482.0,64.0
32.63,1625449482.0,64.0
30.64,1625449482.0,64.0
26.94,1625449482.0,64.0
22.31,1625449482.0,64.0
17.51,1625449482.0,64.0
13.1,1625449482.0,64.0
9.32,1625449482.0,64.0
6.19,1625449482.0,64.0
3.63,1625449482.0,64.0
1.54,1625449482.0,64.0
-0.14,1625449482.0,64.0
-1.62,1625449482.0,64.0
-3.16,1625449482.0,64.0
-5.15,1625449482.0,64.0
-7.82,1625449482.0,64.0
-11.19,1625449482.0,64.0
-14.97,1625449482.0,64.0
-18.65,1625449482.0,64.0
-21.66,1625449482.0,64.0
-23.59,1625449482.0,64.0
-24.2,1625449482.0,64.0
-23.45,1625449482.0,64.0
-21.44,1625449482.0,64.0
-18.3,1625449482.0,64.0
-14.24,1625449482.0,64.0
-9.56,1625449482.0,64.0
-4.62,1625449482.0,64.0
0.21,1625449482.0,64.0
4.67,1625449482.0,64.0
8.63,1625449482.0,64.0
12.08,1625449482.0,64.0
15.04,1625449482.0,64.0
17.47,1625449482.0,64.0
19.22,1625449482.0,64.0
20.04,1625449482.0,64.0
19.73,1625449482.0,64.0
18.25,1625449482.0,64.0
15.78,1625449482.0,64.0
12.8,1625449482.0,64.0
9.93,1625449482.0,64.0
7.82,1625449482.0,64.0
6.94,1625449482.0,64.0
7.42,1625449482.0,64.0
9.02,1625449482.0,64.0
11.26,1625449482.0,64.0
13.51,1625449482.0,64.0
15.32,1625449482.0,64.0
16.48,1625449482.0,64.0
17.0,1625449482.0,64.0
17.05,1625449482.0,64.0
16.72,1625449482.0,64.0
15.96,1625449482.0,64.0
14.61,1625449482.0,64.0
12.54,1625449482.0,64.0
9.79,1625449482.0,64.0
6.65,1625449482.0,64.0
3.49,1625449482.0,64.0
0.57,1625449482.0,64.0
-2.09,1625449482.0,64.0
-4.68,1625449482.0,64.0
-7.44,1625449482.0,64.0
-10.39,1625449482.0,64.0
-13.35,1625449482.0,64.0
-15.88,1625449482.0,64.0
-17.63,1625449482.0,64.0
-18.46,1625449482.0,64.0
-18.49,1625449482.0,64.0
-17.98,1625449482.0,64.0
-17.17,1625449482.0,64.0
-16.09,1625449482.0,64.0
-14.69,1625449482.0,64.0
-12.99,1625449482.0,64.0
-11.12,1625449482.0,64.0
-9.33,1625449482.0,64.0
-7.78,1625449482.0,64.0
-6.47,1625449482.0,64.0
-5.19,1625449482.0,64.0
-3.74,1625449482.0,64.0
-1.99,1625449482.0,64.0
0.02,1625449482.0,64.0
2.15,1625449482.0,64.0
4.31,1625449482.0,64.0
6.34,1625449482.0,64.0
8.04,1625449482.0,64.0
9.09,1625449482.0,64.0
9.19,1625449482.0,64.0
8.26,1625449482.0,64.0
6.6,1625449482.0,64.0
4.91,1625449482.0,64.0
3.91,1625449482.0,64.0
4.06,1625449482.0,64.0
5.22,1625449482.0,64.0
6.87,1625449482.0,64.0
8.28,1625449482.0,64.0
8.97,1625449482.0,64.0
8.79,1625449482.0,64.0
7.92,1625449482.0,64.0
6.67,1625449482.0,64.0
5.3,1625449482.0,64.0
3.93,1625449482.0,64.0
2.59,1625449482.0,64.0
1.27,1625449482.0,64.0
-0.04,1625449482.0,64.0
-1.35,1625449482.0,64.0
-2.61,1625449482.0,64.0
-3.76,1625449482.0,64.0
-4.69,1625449482.0,64.0
-5.36,1625449482.0,64.0
-5.88,1625449482.0,64.0
-6.46,1625449482.0,64.0
-7.39,1625449482.0,64.0
-8.78,1625449482.0,64.0
-10.58,1625449482.0,64.0
-12.52,1625449482.0,64.0
-14.22,1625449482.0,64.0
-15.38,1625449482.0,64.0
-15.84,1625449482.0,64.0
-15.66,1625449482.0,64.0
-14.93,1625449482.0,64.0
-13.83,1625449482.0,64.0
-12.4,1625449482.0,64.0
-10.72,1625449482.0,64.0
-8.85,1625449482.0,64.0
-6.86,1625449482.0,64.0
-4.84,1625449482.0,64.0
-2.79,1625449482.0,64.0
-0.64,1625449482.0,64.0
1.65,1625449482.0,64.0
3.97,1625449482.0,64.0
6.09,1625449482.0,64.0
7.61,1625449482.0,64.0
8.24,1625449482.0,64.0
7.92,1625449482.0,64.0
6.94,1625449482.0,64.0
5.79,1625449482.0,64.0
4.93,1625449482.0,64.0
4.64,1625449482.0,64.0
4.84,1625449482.0,64.0
5.3,1625449482.0,64.0
5.78,1625449482.0,64.0
6.16,1625449482.0,64.0
6.45,1625449482.0,64.0
6.69,1625449482.0,64.0
6.85,1625449482.0,64.0
6.73,1625449482.0,64.0
6.07,1625449482.0,64.0
4.73,1625449482.0,64.0
2.77,1625449482.0,64.0
0.55,1625449482.0,64.0
-1.47,1625449482.0,64.0
-2.84,1625449482.0,64.0
-3.36,1625449482.0,64.0
-3.15,1625449482.0,64.0
-2.61,1625449482.0,64.0
-2.18,1625449482.0,64.0
-2.2,1625449482.0,64.0
-2.8,1625449482.0,64.0
-3.91,1625449482.0,64.0
-5.37,1625449482.0,64.0
-7.06,1625449482.0,64.0
-8.9,1625449482.0,64.0
-10.8,1625449482.0,64.0
-12.68,1625449482.0,64.0
-14.31,1625449482.0,64.0
-15.46,1625449482.0,64.0
-15.95,1625449482.0,64.0
-15.7,1625449482.0,64.0
-14.81,1625449482.0,64.0
-13.46,1625449482.0,64.0
-11.87,1625449482.0,64.0
-10.22,1625449482.0,64.0
-8.61,1625449482.0,64.0
-7.01,1625449482.0,64.0
-5.33,1625449482.0,64.0
-3.49,1625449482.0,64.0
-1.49,1625449482.0,64.0
0.47,1625449482.0,64.0
2.13,1625449482.0,64.0
3.14,1625449482.0,64.0
3.36,1625449482.0,64.0
2.92,1625449482.0,64.0
2.21,1625449482.0,64.0
1.78,1625449482.0,64.0
2.05,1625449482.0,64.0
3.16,1625449482.0,64.0
4.86,1625449482.0,64.0
6.7,1625449482.0,64.0
8.31,1625449482.0,64.0
9.62,1625449482.0,64.0
10.85,1625449482.0,64.0
12.36,1625449482.0,64.0
14.36,1625449482.0,64.0
16.73,1625449482.0,64.0
19.15,1625449482.0,64.0
21.18,1625449482.0,64.0
22.57,1625449482.0,64.0
23.18,1625449482.0,64.0
22.97,1625449482.0,64.0
21.92,1625449482.0,64.0
20.01,1625449482.0,64.0
17.3,1625449482.0,64.0
13.97,1625449482.0,64.0
10.16,1625449482.0,64.0
5.79,1625449482.0,64.0
0.44,1625449482.0,64.0
-6.58,1625449482.0,64.0
-15.86,1625449482.0,64.0
-27.47,1625449482.0,64.0
-40.89,1625449482.0,64.0
-54.97,1625449482.0,64.0
-68.22,1625449482.0,64.0
-79.08,1625449482.0,64.0
-85.96,1625449482.0,64.0
-87.38,1625449482.0,64.0
-82.22,1625449482.0,64.0
-70.16,1625449482.0,64.0
-52.09,1625449482.0,64.0
-30.29,1625449482.0,64.0
-7.97,1625449482.0,64.0
11.59,1625449482.0,64.0
26.02,1625449482.0,64.0
34.53,1625449482.0,64.0
37.8,1625449482.0,64.0
37.39,1625449482.0,64.0
34.85,1625449482.0,64.0
31.18,1625449482.0,64.0
26.75,1625449482.0,64.0
21.76,1625449482.0,64.0
16.68,1625449482.0,64.0
12.41,1625449482.0,64.0
10.02,1625449482.0,64.0
10.21,1625449482.0,64.0
12.87,1625449482.0,64.0
17.09,1625449482.0,64.0
21.54,1625449482.0,64.0
25.06,1625449482.0,64.0
27.02,1625449482.0,64.0
27.41,1625449482.0,64.0
26.5,1625449482.0,64.0
24.57,1625449482.0,64.0
21.72,1625449482.0,64.0
18.0,1625449482.0,64.0
13.52,1625449482.0,64.0
8.59,1625449482.0,64.0
3.66,1625449482.0,64.0
-0.83,1625449482.0,64.0
-4.51,1625449482.0,64.0
-7.24,1625449482.0,64.0
-9.02,1625449482.0,64.0
-9.94,1625449482.0,64.0
-10.13,1625449482.0,64.0
-9.74,1625449482.0,64.0
-8.96,1625449482.0,64.0
-7.96,1625449482.0,64.0
-6.97,1625449482.0,64.0
-6.19,1625449482.0,64.0
-5.87,1625449482.0,64.0
-6.23,1625449482.0,64.0
-7.38,1625449482.0,64.0
-9.25,1625449482.0,64.0
-11.48,1625449482.0,64.0
-13.47,1625449482.0,64.0
-14.53,1625449482.0,64.0
-14.18,1625449482.0,64.0
-12.35,1625449482.0,64.0
-9.5,1625449482.0,64.0
-6.49,1625449482.0,64.0
-4.26,1625449482.0,64.0
-3.38,1625449482.0,64.0
-3.84,1625449482.0,64.0
-5.09,1625449482.0,64.0
-6.3,1625449482.0,64.0
-6.9,1625449482.0,64.0
-6.73,1625449482.0,64.0
-6.02,1625449482.0,64.0
-5.13,1625449482.0,64.0
-4.2,1625449482.0,64.0
-3.11,1625449482.0,64.0
-1.52,1625449482.0,64.0
0.71,1625449482.0,64.0
3.41,1625449482.0,64.0
6.05,1625449482.0,64.0
8.05,1625449482.0,64.0
9.09,1625449482.0,64.0
9.25,1625449482.0,64.0
9.0,1625449482.0,64.0
8.89,1625449482.0,64.0
9.33,1625449482.0,64.0
10.3,1625449482.0,64.0
11.46,1625449482.0,64.0
12.27,1625449482.0,64.0
12.24,1625449482.0,64.0
11.19,1625449482.0,64.0
9.26,1625449482.0,64.0
6.85,1625449482.0,64.0
4.36,1625449482.0,64.0
2.05,1625449482.0,64.0
-0.04,1625449482.0,64.0
-2.02,1625449482.0,64.0
-3.94,1625449482.0,64.0
-5.65,1625449482.0,64.0
-6.86,1625449482.0,64.0
-7.33,1625449482.0,64.0
-7.08,1625449482.0,64.0
-6.52,1625449482.0,64.0
-6.23,1625449482.0,64.0
-6.66,1625449482.0,64.0
-7.76,1625449482.0,64.0
-9.03,1625449482.0,64.0
-9.7,1625449482.0,64.0
-9.21,1625449482.0,64.0
-7.49,1625449482.0,64.0
-5.02,1625449482.0,64.0
-2.55,1625449482.0,64.0
-0.64,1625449482.0,64.0
0.62,1625449482.0,64.0
1.55,1625449482.0,64.0
2.66,1625449482.0,64.0
4.23,1625449482.0,64.0
6.12,1625449482.0,64.0
7.91,1625449482.0,64.0
9.14,1625449482.0,64.0
9.65,1625449482.0,64.0
9.6,1625449482.0,64.0
9.39,1625449482.0,64.0
9.36,1625449482.0,64.0
9.57,1625449482.0,64.0
9.77,1625449482.0,64.0
9.61,1625449482.0,64.0
8.83,1625449482.0,64.0
7.42,1625449482.0,64.0
5.65,1625449482.0,64.0
3.9,1625449482.0,64.0
2.47,1625449482.0,64.0
1.39,1625449482.0,64.0
0.46,1625449482.0,64.0
-0.65,1625449482.0,64.0
-2.18,1625449482.0,64.0
-4.1,1625449482.0,64.0
-6.15,1625449482.0,64.0
-7.92,1625449482.0,64.0
-9.09,1625449482.0,64.0
-9.59,1625449482.0,64.0
-9.67,1625449482.0,64.0
-9.71,1625449482.0,64.0
-10.01,1625449482.0,64.0
-10.66,1625449482.0,64.0
-11.48,1625449482.0,64.0
-12.26,1625449482.0,64.0
-12.86,1625449482.0,64.0
-13.38,1625449482.0,64.0
-13.91,1625449482.0,64.0
-14.43,1625449482.0,64.0
-14.66,1625449482.0,64.0
-14.2,1625449482.0,64.0
-12.77,1625449482.0,64.0
-10.41,1625449482.0,64.0
-7.52,1625449482.0,64.0
-4.61,1625449482.0,64.0
-2.04,1625449482.0,64.0
0.22,1625449482.0,64.0
2.44,1625449482.0,64.0
4.92,1625449482.0,64.0
7.59,1625449482.0,64.0
10.07,1625449482.0,64.0
11.78,1625449482.0,64.0
12.33,1625449482.0,64.0
11.76,1625449482.0,64.0
10.46,1625449482.0,64.0
8.96,1625449482.0,64.0
7.58,1625449482.0,64.0
6.33,1625449482.0,64.0
5.04,1625449482.0,64.0
3.51,1625449482.0,64.0
1.81,1625449482.0,64.0
0.23,1625449482.0,64.0
-0.86,1625449482.0,64.0
-1.18,1625449482.0,64.0
-0.68,1625449482.0,64.0
0.45,1625449482.0,64.0
1.9,1625449482.0,64.0
3.32,1625449482.0,64.0
4.43,1625449482.0,64.0
5.05,1625449482.0,64.0
5.09,1625449482.0,64.0
4.6,1625449482.0,64.0
3.7,1625449482.0,64.0
2.58,1625449482.0,64.0
1.42,1625449482.0,64.0
0.33,1625449482.0,64.0
-0.66,1625449482.0,64.0
-1.61,1625449482.0,64.0
-2.65,1625449482.0,64.0
-3.94,1625449482.0,64.0
-5.59,1625449482.0,64.0
-7.58,1625449482.0,64.0
-9.69,1625449482.0,64.0
-11.5,1625449482.0,64.0
-12.55,1625449482.0,64.0
-12.46,1625449482.0,64.0
-11.14,1625449482.0,64.0
-8.79,1625449482.0,64.0
-5.79,1625449482.0,64.0
-2.54,1625449482.0,64.0
0.72,1625449482.0,64.0
3.87,1625449482.0,64.0
6.9,1625449482.0,64.0
9.74,1625449482.0,64.0
12.22,1625449482.0,64.0
14.14,1625449482.0,64.0
15.4,1625449482.0,64.0
16.09,1625449482.0,64.0
16.41,1625449482.0,64.0
16.58,1625449482.0,64.0
16.68,1625449482.0,64.0
16.57,1625449482.0,64.0
16.01,1625449482.0,64.0
14.82,1625449482.0,64.0
13.05,1625449482.0,64.0
10.93,1625449482.0,64.0
8.88,1625449482.0,64.0
7.2,1625449482.0,64.0
6.04,1625449482.0,64.0
5.27,1625449482.0,64.0
4.58,1625449482.0,64.0
3.56,1625449482.0,64.0
1.85,1625449482.0,64.0
-0.78,1625449482.0,64.0
-4.28,1625449482.0,64.0
-8.31,1625449482.0,64.0
-12.38,1625449482.0,64.0
-15.96,1625449482.0,64.0
-18.76,1625449482.0,64.0
-20.82,1625449482.0,64.0
-22.46,1625449482.0,64.0
-24.05,1625449482.0,64.0
-25.81,1625449482.0,64.0
-27.6,1625449482.0,64.0
-29.04,1625449482.0,64.0
-29.6,1625449482.0,64.0
-28.94,1625449482.0,64.0
-27.0,1625449482.0,64.0
-23.97,1625449482.0,64.0
-20.17,1625449482.0,64.0
-15.93,1625449482.0,64.0
-11.48,1625449482.0,64.0
-6.97,1625449482.0,64.0
-2.59,1625449482.0,64.0
1.41,1625449482.0,64.0
4.72,1625449482.0,64.0
7.07,1625449482.0,64.0
8.25,1625449482.0,64.0
8.28,1625449482.0,64.0
7.44,1625449482.0,64.0
6.25,1625449482.0,64.0
5.39,1625449482.0,64.0
5.47,1625449482.0,64.0
6.8,1625449482.0,64.0
9.2,1625449482.0,64.0
12.07,1625449482.0,64.0
14.57,1625449482.0,64.0
16.03,1625449482.0,64.0
16.21,1625449482.0,64.0
15.32,1625449482.0,64.0
13.91,1625449482.0,64.0
12.44,1625449482.0,64.0
11.12,1625449482.0,64.0
9.86,1625449482.0,64.0
8.43,1625449482.0,64.0
6.72,1625449482.0,64.0
4.8,1625449482.0,64.0
2.89,1625449482.0,64.0
1.17,1625449482.0,64.0
-0.3,1625449482.0,64.0
-1.57,1625449482.0,64.0
-2.75,1625449482.0,64.0
-3.92,1625449482.0,64.0
-5.15,1625449482.0,64.0
-6.56,1625449482.0,64.0
-8.29,1625449482.0,64.0
-10.47,1625449482.0,64.0
-13.14,1625449482.0,64.0
-16.03,1625449482.0,64.0
-18.75,1625449482.0,64.0
-20.8,1625449482.0,64.0
-21.81,1625449482.0,64.0
-21.7,1625449482.0,64.0
-20.68,1625449482.0,64.0
-19.15,1625449482.0,64.0
-17.47,1625449482.0,64.0
-15.86,1625449482.0,64.0
-14.27,1625449482.0,64.0
-12.52,1625449482.0,64.0
-10.41,1625449482.0,64.0
-7.92,1625449482.0,64.0
-5.33,1625449482.0,64.0
-3.08,1625449482.0,64.0
-1.62,1625449482.0,64.0
-1.14,1625449482.0,64.0
-1.46,1625449482.0,64.0
-2.09,1625449482.0,64.0
-2.47,1625449482.0,64.0
-2.2,1625449482.0,64.0
-1.24,1625449482.0,64.0
-0.01,1625449482.0,64.0
0.8,1625449482.0,64.0
0.44,1625449482.0,64.0
-1.55,1625449482.0,64.0
-5.06,1625449482.0,64.0
-9.28,1625449482.0,64.0
-12.93,1625449482.0,64.0
-14.75,1625449482.0,64.0
-14.14,1625449482.0,64.0
-11.56,1625449482.0,64.0
-8.38,1625449482.0,64.0
-6.31,1625449482.0,64.0
-6.59,1625449482.0,64.0
-9.36,1625449482.0,64.0
-13.75,1625449482.0,64.0
-18.39,1625449482.0,64.0
-22.1,1625449482.0,64.0
-24.41,1625449482.0,64.0
-25.49,1625449482.0,64.0
-25.88,1625449482.0,64.0
-26.13,1625449482.0,64.0
-26.68,1625449482.0,64.0
-27.81,1625449482.0,64.0
-29.59,1625449482.0,64.0
-31.66,1625449482.0,64.0
-32.92,1625449482.0,64.0
-31.57,1625449482.0,64.0
-25.63,1625449482.0,64.0
-13.78,1625449482.0,64.0
3.86,1625449482.0,64.0
25.5,1625449482.0,64.0
48.33,1625449482.0,64.0
69.54,1625449482.0,64.0
87.41,1625449482.0,64.0
101.66,1625449482.0,64.0
113.17,1625449482.0,64.0
123.11,1625449482.0,64.0
132.11,1625449482.0,64.0
140.01,1625449482.0,64.0
146.04,1625449482.0,64.0
149.47,1625449482.0,64.0
150.2,1625449482.0,64.0
148.97,1625449482.0,64.0
146.99,1625449482.0,64.0
145.42,1625449482.0,64.0
144.78,1625449482.0,64.0
144.84,1625449482.0,64.0
144.81,1625449482.0,64.0
143.91,1625449482.0,64.0
141.79,1625449482.0,64.0
138.75,1625449482.0,64.0
135.52,1625449482.0,64.0
132.85,1625449482.0,64.0
131.08,1625449482.0,64.0
130.05,1625449482.0,64.0
129.26,1625449482.0,64.0
128.26,1625449482.0,64.0
126.93,1625449482.0,64.0
125.66,1625449482.0,64.0
124.99,1625449482.0,64.0
125.2,1625449482.0,64.0
125.95,1625449482.0,64.0
126.09,1625449482.0,64.0
123.97,1625449482.0,64.0
117.94,1625449482.0,64.0
107.02,1625449482.0,64.0
91.23,1625449482.0,64.0
71.72,1625449482.0,64.0
50.5,1625449482.0,64.0
29.86,1625449482.0,64.0
11.83,1625449482.0,64.0
-2.5,1625449482.0,64.0
-13.23,1625449482.0,64.0
-21.42,1625449482.0,64.0
-28.54,1625449482.0,64.0
-35.74,1625449482.0,64.0
-43.39,1625449482.0,64.0
-51.18,1625449482.0,64.0
-58.73,1625449482.0,64.0
-66.22,1625449482.0,64.0
-74.6,1625449482.0,64.0
-85.23,1625449482.0,64.0
-98.99,1625449482.0,64.0
-115.7,1625449482.0,64.0
-134.23,1625449482.0,64.0
-153.29,1625449482.0,64.0
-172.24,1625449482.0,64.0
-191.42,1625449482.0,64.0
-211.85,1625449482.0,64.0
-234.78,1625449482.0,64.0
-261.52,1625449482.0,64.0
-293.22,1625449482.0,64.0
-330.39,1625449482.0,64.0
-371.95,1625449482.0,64.0
-414.21,1625449482.0,64.0
-450.71,1625449482.0,64.0
-473.59,1625449482.0,64.0
-476.18,1625449482.0,64.0
-455.51,1625449482.0,64.0
-413.63,1625449482.0,64.0
-356.81,1625449482.0,64.0
-293.39,1625449482.0,64.0
-231.33,1625449482.0,64.0
-176.91,1625449482.0,64.0
-134.47,1625449482.0,64.0
-106.7,1625449482.0,64.0
-94.46,1625449482.0,64.0
-96.23,1625449482.0,64.0
-107.97,1625449482.0,64.0
-123.99,1625449482.0,64.0
-138.75,1625449482.0,64.0
-148.7,1625449482.0,64.0
-153.06,1625449482.0,64.0
-153.56,1625449482.0,64.0
-153.03,1625449482.0,64.0
-154.1,1625449482.0,64.0
-158.04,1625449482.0,64.0
-164.41,1625449482.0,64.0
-171.18,1625449482.0,64.0
-175.26,1625449482.0,64.0
-173.29,1625449482.0,64.0
-162.72,1625449482.0,64.0
-142.77,1625449482.0,64.0
-114.84,1625449482.0,64.0
-82.17,1625449482.0,64.0
-48.69,1625449482.0,64.0
-17.74,1625449482.0,64.0
9.0,1625449482.0,64.0
31.58,1625449482.0,64.0
51.17,1625449482.0,64.0
69.21,1625449482.0,64.0
86.85,1625449482.0,64.0
104.54,1625449482.0,64.0
122.23,1625449482.0,64.0
139.44,1625449482.0,64.0
155.5,1625449482.0,64.0
169.94,1625449482.0,64.0
182.79,1625449482.0,64.0
194.73,1625449482.0,64.0
207.22,1625449482.0,64.0
222.38,1625449482.0,64.0
242.32,1625449482.0,64.0
268.36,1625449482.0,64.0
300.16,1625449482.0,64.0
335.39,1625449482.0,64.0
370.09,1625449482.0,64.0
399.7,1625449482.0,64.0
420.47,1625449482.0,64.0
430.7,1625449482.0,64.0
431.45,1625449482.0,64.0
426.31,1625449482.0,64.0
420.29,1625449482.0,64.0
418.06,1625449482.0,64.0
422.23,1625449482.0,64.0
432.29,1625449482.0,64.0
444.8,1625449482.0,64.0
454.77,1625449482.0,64.0
457.75,1625449482.0,64.0
451.51,1625449482.0,64.0
436.73,1625449482.0,64.0
416.3,1625449482.0,64.0
393.71,1625449482.0,64.0
371.58,1625449482.0,64.0
350.94,1625449482.0,64.0
331.56,1625449482.0,64.0
312.95,1625449482.0,64.0
295.1,1625449482.0,64.0
278.52,1625449482.0,64.0
263.64,1625449482.0,64.0
250.27,1625449482.0,64.0
237.37,1625449482.0,64.0
223.41,1625449482.0,64.0
207.13,1625449482.0,64.0
188.07,1625449482.0,64.0
166.78,1625449482.0,64.0
144.47,1625449482.0,64.0
122.45,1625449482.0,64.0
101.55,1625449482.0,64.0
81.8,1625449482.0,64.0
62.55,1625449482.0,64.0
42.79,1625449482.0,64.0
21.61,1625449482.0,64.0
-1.36,1625449482.0,64.0
-25.8,1625449482.0,64.0
-50.85,1625449482.0,64.0
-75.43,1625449482.0,64.0
-98.53,1625449482.0,64.0
-119.53,1625449482.0,64.0
-138.36,1625449482.0,64.0
-155.46,1625449482.0,64.0
-171.63,1625449482.0,64.0
-187.72,1625449482.0,64.0
-204.34,1625449482.0,64.0
-221.54,1625449482.0,64.0
-238.75,1625449482.0,64.0
-254.9,1625449482.0,64.0
-268.79,1625449482.0,64.0
-279.49,1625449482.0,64.0
-286.71,1625449482.0,64.0
-290.9,1625449482.0,64.0
-293.03,1625449482.0,64.0
-294.28,1625449482.0,64.0
-295.59,1625449482.0,64.0
-297.36,1625449482.0,64.0
-299.21,1625449482.0,64.0
-299.82,1625449482.0,64.0
-297.03,1625449482.0,64.0
-288.29,1625449482.0,64.0
-271.44,1625449482.0,64.0
-245.75,1625449482.0,64.0
-212.66,1625449482.0,64.0
-175.84,1625449482.0,64.0
-140.38,1625449482.0,64.0
-111.35,1625449482.0,64.0
-92.23,1625449482.0,64.0
-83.91,1625449482.0,64.0
-84.72,1625449482.0,64.0
-91.23,1625449482.0,64.0
-99.63,1625449482.0,64.0
-106.82,1625449482.0,64.0
-111.03,1625449482.0,64.0
-111.74,1625449482.0,64.0
-109.23,1625449482.0,64.0
-104.08,1625449482.0,64.0
-96.97,1625449482.0,64.0
-88.72,1625449482.0,64.0
-80.48,1625449482.0,64.0
-73.72,1625449482.0,64.0
-69.94,1625449482.0,64.0
-70.16,1625449482.0,64.0
-74.24,1625449482.0,64.0
-80.72,1625449482.0,64.0
-87.13,1625449482.0,64.0
-90.91,1625449482.0,64.0
-90.35,1625449482.0,64.0
-85.25,1625449482.0,64.0
-76.8,1625449482.0,64.0
-66.97,1625449482.0,64.0
-57.44,1625449482.0,64.0
-48.94,1625449482.0,64.0
-41.16,1625449482.0,64.0
-32.99,1625449482.0,64.0
-23.07,1625449482.0,64.0
-10.22,1625449482.0,64.0
6.28,1625449482.0,64.0
26.42,1625449482.0,64.0
49.28,1625449482.0,64.0
73.09,1625449482.0,64.0
95.55,1625449482.0,64.0
114.55,1625449482.0,64.0
129.11,1625449482.0,64.0
139.84,1625449482.0,64.0
148.8,1625449482.0,64.0
158.67,1625449482.0,64.0
171.22,1625449482.0,64.0
186.3,1625449482.0,64.0
201.43,1625449482.0,64.0
212.48,1625449482.0,64.0
215.13,1625449482.0,64.0
206.79,1625449482.0,64.0
188.14,1625449482.0,64.0
163.4,1625449482.0,64.0
139.1,1625449482.0,64.0
121.42,1625449482.0,64.0
113.59,1625449482.0,64.0
114.39,1625449482.0,64.0
118.97,1625449482.0,64.0
121.38,1625449482.0,64.0
117.61,1625449482.0,64.0
107.12,1625449482.0,64.0
92.35,1625449482.0,64.0
76.47,1625449482.0,64.0
61.09,1625449482.0,64.0
45.42,1625449482.0,64.0
27.3,1625449482.0,64.0
5.32,1625449482.0,64.0
-19.93,1625449482.0,64.0
-45.78,1625449482.0,64.0
-69.3,1625449482.0,64.0
-89.27,1625449482.0,64.0
-107.22,1625449482.0,64.0
-126.95,1625449482.0,64.0
-153.19,1625449482.0,64.0
-189.95,1625449482.0,64.0
-239.19,1625449482.0,64.0
-299.74,1625449482.0,64.0
-367.03,1625449482.0,64.0
-433.52,1625449482.0,64.0
-490.17,1625449482.0,64.0
-528.91,1625449482.0,64.0
-545.09,1625449482.0,64.0
-538.89,1625449482.0,64.0
-514.83,1625449482.0,64.0
-479.57,1625449482.0,64.0
-439.04,1625449482.0,64.0
-396.53,1625449482.0,64.0
-352.64,1625449482.0,64.0
-306.56,1625449482.0,64.0
-257.97,1625449482.0,64.0
-207.81,1625449482.0,64.0
-157.78,1625449482.0,64.0
-108.97,1625449482.0,64.0
-60.59,1625449482.0,64.0
-9.76,1625449482.0,64.0
47.57,1625449482.0,64.0
114.84,1625449482.0,64.0
193.21,1625449482.0,64.0
280.47,1625449482.0,64.0
370.86,1625449482.0,64.0
456.31,1625449482.0,64.0
528.53,1625449482.0,64.0
581.35,1625449482.0,64.0
612.48,1625449482.0,64.0
623.87,1625449482.0,64.0
620.44,1625449482.0,64.0
608.03,1625449482.0,64.0
591.22,1625449482.0,64.0
572.37,1625449482.0,64.0
551.9,1625449482.0,64.0
529.4,1625449482.0,64.0
504.79,1625449482.0,64.0
478.68,1625449482.0,64.0
451.94,1625449482.0,64.0
424.95,1625449482.0,64.0
397.12,1625449482.0,64.0
367.12,1625449482.0,64.0
333.69,1625449482.0,64.0
296.47,1625449482.0,64.0
256.42,1625449482.0,64.0
215.61,1625449482.0,64.0
176.15,1625449482.0,64.0
139.45,1625449482.0,64.0
105.56,1625449482.0,64.0
73.35,1625449482.0,64.0
41.17,1625449482.0,64.0
7.83,1625449482.0,64.0
-26.8,1625449482.0,64.0
-61.75,1625449482.0,64.0
-95.46,1625449482.0,64.0
-126.72,1625449482.0,64.0
-155.28,1625449482.0,64.0
-182.07,1625449482.0,64.0
-208.65,1625449482.0,64.0
-236.31,1625449482.0,64.0
-265.24,1625449482.0,64.0
-294.3,1625449482.0,64.0
-321.51,1625449482.0,64.0
-345.03,1625449482.0,64.0
-364.14,1625449482.0,64.0
-379.46,1625449482.0,64.0
-392.46,1625449482.0,64.0
-404.42,1625449482.0,64.0
-415.68,1625449482.0,64.0
-425.39,1625449482.0,64.0
-431.8,1625449482.0,64.0
-432.5,1625449482.0,64.0
-424.41,1625449482.0,64.0
-403.77,1625449482.0,64.0
-366.72,1625449482.0,64.0
-310.97,1625449482.0,64.0
-237.74,1625449482.0,64.0
-153.83,1625449482.0,64.0
-69.52,1625449482.0,64.0
4.69,1625449482.0,64.0
61.62,1625449482.0,64.0
99.3,1625449482.0,64.0
120.54,1625449482.0,64.0
130.68,1625449482.0,64.0
134.46,1625449482.0,64.0
134.2,1625449482.0,64.0
129.03,1625449482.0,64.0
117.99,1625449482.0,64.0
102.13,1625449482.0,64.0
84.67,1625449482.0,64.0
69.2,1625449482.0,64.0
57.53,1625449482.0,64.0
48.76,1625449482.0,64.0
40.02,1625449482.0,64.0
27.89,1625449482.0,64.0
7.71,1625449482.0,64.0
-22.69,1625449482.0,64.0
-61.79,1625449482.0,64.0
-105.07,1625449482.0,64.0
-146.69,1625449482.0,64.0
-180.51,1625449482.0,64.0
-200.55,1625449482.0,64.0
-202.0,1625449482.0,64.0
-183.05,1625449482.0,64.0
-151.97,1625449482.0,64.0
-118.86,1625449482.0,64.0
-90.84,1625449482.0,64.0
-70.76,1625449482.0,64.0
-59.3,1625449482.0,64.0
-56.33,1625449482.0,64.0
-60.68,1625449482.0,64.0
-70.22,1625449482.0,64.0
-82.77,1625449482.0,64.0
-108.52,1625449482.0,64.0
-153.33,1625449482.0,64.0
-212.47,1625449482.0,64.0
-273.45,1625449482.0,64.0
-325.69,1625449482.0,64.0
-365.88,1625449482.0,64.0
-396.97,1625449482.0,64.0
-424.47,1625449482.0,64.0
-453.19,1625449482.0,64.0
-503.39,1625449482.0,64.0
-582.39,1625449482.0,64.0
-675.94,1625449482.0,64.0
-756.12,1625449482.0,64.0
-801.03,1625449482.0,64.0
-805.68,1625449482.0,64.0
-779.66,1625449482.0,64.0
-739.32,1625449482.0,64.0
-700.11,1625449482.0,64.0
-696.94,1625449482.0,64.0
-748.51,1625449482.0,64.0
-847.11,1625449482.0,64.0
-967.71,1625449482.0,64.0
-1089.41,1625449482.0,64.0
-1204.84,1625449482.0,64.0
-1315.2,1625449482.0,64.0
-1422.81,1625449482.0,64.0
-1369.77,1625449482.0,64.0
-1085.0,1625449482.0,64.0
-628.06,1625449482.0,64.0
-141.19,1625449482.0,64.0
266.97,1625449482.0,64.0
562.3,1625449482.0,64.0
757.05,1625449482.0,64.0
877.67,1625449482.0,64.0
949.31,1625449482.0,64.0
990.86,1625449482.0,64.0
990.23,1625449482.0,64.0
941.27,1625449482.0,64.0
858.0,1625449482.0,64.0
770.64,1625449482.0,64.0
705.41,1625449482.0,64.0
673.39,1625449482.0,64.0
672.21,1625449482.0,64.0
691.87,1625449482.0,64.0
720.16,1625449482.0,64.0
727.78,1625449482.0,64.0
697.67,1625449482.0,64.0
635.11,1625449482.0,64.0
561.44,1625449482.0,64.0
496.4,1625449482.0,64.0
448.66,1625449482.0,64.0
417.67,1625449482.0,64.0
399.18,1625449482.0,64.0
389.21,1625449482.0,64.0
373.05,1625449482.0,64.0
343.07,1625449482.0,64.0
302.5,1625449482.0,64.0
261.53,1625449482.0,64.0
227.98,1625449482.0,64.0
203.42,1625449482.0,64.0
185.36,1625449482.0,64.0
171.0,1625449482.0,64.0
158.72,1625449482.0,64.0
142.32,1625449482.0,64.0
118.44,1625449482.0,64.0
88.97,1625449482.0,64.0
58.96,1625449482.0,64.0
32.19,1625449482.0,64.0
9.35,1625449482.0,64.0
-10.64,1625449482.0,64.0
-28.94,1625449482.0,64.0
-45.98,1625449482.0,64.0
-63.7,1625449482.0,64.0
-83.1,1625449482.0,64.0
-103.08,1625449482.0,64.0
-121.69,1625449482.0,64.0
-137.49,1625449482.0,64.0
-150.1,1625449482.0,64.0
-159.45,1625449482.0,64.0
-165.11,1625449482.0,64.0
-166.01,1625449482.0,64.0
-160.3,1625449482.0,64.0
-149.8,1625449482.0,64.0
-135.41,1625449482.0,64.0
-118.31,1625449482.0,64.0
-99.75,1625449482.0,64.0
-80.76,1625449482.0,64.0
-61.87,1625449482.0,64.0
-43.16,1625449482.0,64.0
-24.46,1625449482.0,64.0
-5.81,1625449482.0,64.0
12.36,1625449482.0,64.0
29.63,1625449482.0,64.0
45.39,1625449482.0,64.0
59.25,1625449482.0,64.0
71.4,1625449482.0,64.0
82.77,1625449482.0,64.0
94.62,1625449482.0,64.0
108.08,1625449482.0,64.0
123.5,1625449482.0,64.0
140.14,1625449482.0,64.0
156.77,1625449482.0,64.0
171.85,1625449482.0,64.0
184.22,1625449482.0,64.0
193.59,1625449482.0,64.0
200.62,1625449482.0,64.0
206.5,1625449482.0,64.0
212.47,1625449482.0,64.0
219.54,1625449482.0,64.0
228.46,1625449482.0,64.0
240.0,1625449482.0,64.0
254.23,1625449482.0,64.0
269.83,1625449482.0,64.0
283.8,1625449482.0,64.0
292.04,1625449482.0,64.0
290.93,1625449482.0,64.0
279.16,1625449482.0,64.0
258.96,1625449482.0,64.0
235.49,1625449482.0,64.0
215.11,1625449482.0,64.0
202.71,1625449482.0,64.0
200.19,1625449482.0,64.0
206.48,1625449482.0,64.0
219.03,1625449482.0,64.0
235.51,1625449482.0,64.0
254.73,1625449482.0,64.0
276.16,1625449482.0,64.0
298.65,1625449482.0,64.0
319.42,1625449482.0,64.0
334.05,1625449482.0,64.0
337.8,1625449482.0,64.0
327.42,1625449482.0,64.0
302.61,1625449482.0,64.0
266.22,1625449482.0,64.0
223.3,1625449482.0,64.0
179.23,1625449482.0,64.0
137.89,1625449482.0,64.0
100.63,1625449482.0,64.0
66.56,1625449482.0,64.0
33.65,1625449482.0,64.0
0.23,1625449482.0,64.0
-34.16,1625449482.0,64.0
-68.81,1625449482.0,64.0
-102.71,1625449482.0,64.0
-135.66,1625449482.0,64.0
-168.63,1625449482.0,64.0
-203.37,1625449482.0,64.0
-241.14,1625449482.0,64.0
-281.65,1625449482.0,64.0
-322.55,1625449482.0,64.0
-360.11,1625449482.0,64.0
-390.39,1625449482.0,64.0
-410.52,1625449482.0,64.0
-419.28,1625449482.0,64.0
-417.02,1625449482.0,64.0
-404.97,1625449482.0,64.0
-384.62,1625449482.0,64.0
-357.56,1625449482.0,64.0
-325.6,1625449482.0,64.0
-291.0,1625449482.0,64.0
-256.43,1625449482.0,64.0
-224.45,1625449482.0,64.0
-196.82,1625449482.0,64.0
-174.09,1625449482.0,64.0
-155.59,1625449482.0,64.0
-139.99,1625449482.0,64.0
-126.01,1625449482.0,64.0
-112.95,1625449482.0,64.0
-100.81,1625449482.0,64.0
-90.04,1625449482.0,64.0
-81.06,1625449482.0,64.0
-73.98,1625449482.0,64.0
-68.61,1625449482.0,64.0
-64.61,1625449482.0,64.0
-61.73,1625449482.0,64.0
-59.74,1625449482.0,64.0
-58.26,1625449482.0,64.0
-56.51,1625449482.0,64.0
-53.25,1625449482.0,64.0
-47.0,1625449482.0,64.0
-36.64,1625449482.0,64.0
-21.89,1625449482.0,64.0
-3.67,1625449482.0,64.0
16.13,1625449482.0,64.0
35.24,1625449482.0,64.0
51.7,1625449482.0,64.0
64.43,1625449482.0,64.0
73.3,1625449482.0,64.0
78.87,1625449482.0,64.0
81.97,1625449482.0,64.0
83.38,1625449482.0,64.0
83.75,1625449482.0,64.0
83.72,1625449482.0,64.0
83.98,1625449482.0,64.0
85.33,1625449482.0,64.0
88.42,1625449482.0,64.0
93.68,1625449482.0,64.0
101.17,1625449482.0,64.0
110.63,1625449482.0,64.0
121.52,1625449482.0,64.0
132.99,1625449482.0,64.0
143.72,1625449482.0,64.0
152.02,1625449482.0,64.0
156.09,1625449482.0,64.0
154.69,1625449482.0,64.0
147.73,1625449482.0,64.0
136.58,1625449482.0,64.0
123.84,1625449482.0,64.0
112.39,1625449482.0,64.0
104.51,1625449482.0,64.0
101.1,1625449482.0,64.0
101.52,1625449482.0,64.0
103.97,1625449482.0,64.0
106.26,1625449482.0,64.0
106.45,1625449482.0,64.0
103.28,1625449482.0,64.0
96.43,1625449482.0,64.0
86.34,1625449482.0,64.0
74.04,1625449482.0,64.0
60.94,1625449482.0,64.0
48.52,1625449482.0,64.0
38.04,1625449482.0,64.0
30.26,1625449482.0,64.0
25.17,1625449482.0,64.0
21.89,1625449482.0,64.0
18.76,1625449482.0,64.0
13.82,1625449482.0,64.0
5.49,1625449482.0,64.0
-6.75,1625449482.0,64.0
-21.85,1625449482.0,64.0
-37.49,1625449482.0,64.0
-50.98,1625449482.0,64.0
-60.39,1625449482.0,64.0
-65.47,1625449482.0,64.0
-67.77,1625449482.0,64.0
-69.85,1625449482.0,64.0
-73.99,1625449482.0,64.0
-81.11,1625449482.0,64.0
-90.48,1625449482.0,64.0
-100.31,1625449482.0,64.0
-108.74,1625449482.0,64.0
-114.81,1625449482.0,64.0
-118.55,1625449482.0,64.0
-120.58,1625449482.0,64.0
-121.13,1625449482.0,64.0
-119.41,1625449482.0,64.0
-113.52,1625449482.0,64.0
-101.28,1625449482.0,64.0
-81.45,1625449482.0,64.0
-54.78,1625449482.0,64.0
-24.42,1625449482.0,64.0
4.84,1625449482.0,64.0
28.07,1625449482.0,64.0
41.7,1625449482.0,64.0
44.66,1625449482.0,64.0
38.57,1625449482.0,64.0
27.03,1625449482.0,64.0
14.8,1625449482.0,64.0
6.77,1625449482.0,64.0
7.04,1625449482.0,64.0
18.01,1625449482.0,64.0
39.57,1625449482.0,64.0
68.57,1625449482.0,64.0
99.2,1625449482.0,64.0
124.48,1625449482.0,64.0
138.59,1625449482.0,64.0
138.85,1625449482.0,64.0
126.75,1625449482.0,64.0
107.01,1625449482.0,64.0
85.56,1625449482.0,64.0
67.01,1625449482.0,64.0
53.1,1625449482.0,64.0
42.48,1625449482.0,64.0
31.98,1625449482.0,64.0
18.4,1625449482.0,64.0
-0.03,1625449482.0,64.0
-22.88,1625449482.0,64.0
-47.79,1625449482.0,64.0
-71.19,1625449482.0,64.0
-89.27,1625449482.0,64.0
-98.71,1625449482.0,64.0
-97.06,1625449482.0,64.0
-82.9,1625449482.0,64.0
-55.67,1625449482.0,64.0
-15.68,1625449482.0,64.0
35.74,1625449482.0,64.0
95.67,1625449482.0,64.0
159.21,1625449482.0,64.0
219.44,1625449482.0,64.0
268.57,1625449482.0,64.0
299.92,1625449482.0,64.0
310.06,1625449482.0,64.0
300.12,1625449482.0,64.0
275.32,1625449482.0,64.0
242.71,1625449482.0,64.0
208.34,1625449482.0,64.0
175.08,1625449482.0,64.0
142.37,1625449482.0,64.0
107.87,1625449482.0,64.0
69.8,1625449482.0,64.0
28.76,1625449482.0,64.0
-12.09,1625449482.0,64.0
-48.38,1625449482.0,64.0
-76.57,1625449482.0,64.0
-95.44,1625449482.0,64.0
-106.36,1625449482.0,64.0
-112.55,1625449482.0,64.0
-117.79,1625449482.0,64.0
-125.26,1625449482.0,64.0
-136.85,1625449482.0,64.0
-152.89,1625449482.0,64.0
-172.22,1625449482.0,64.0
-192.46,1625449482.0,64.0
-210.34,1625449482.0,64.0
-222.28,1625449482.0,64.0
-225.06,1625449482.0,64.0
-216.41,1625449482.0,64.0
-195.47,1625449482.0,64.0
-162.93,1625449482.0,64.0
-121.13,1625449482.0,64.0
-73.8,1625449482.0,64.0
-25.79,1625449482.0,64.0
17.66,1625449482.0,64.0
51.79,1625449482.0,64.0
73.41,1625449482.0,64.0
81.77,1625449482.0,64.0
78.71,1625449482.0,64.0
67.94,1625449482.0,64.0
53.75,1625449482.0,64.0
39.5,1625449482.0,64.0
26.79,1625449482.0,64.0
15.34,1625449482.0,64.0
3.88,1625449482.0,64.0
-8.81,1625449482.0,64.0
-22.93,1625449482.0,64.0
-37.47,1625449482.0,64.0
-50.69,1625449482.0,64.0
-60.96,1625449482.0,64.0
-67.58,1625449482.0,64.0
-71.09,1625449482.0,64.0
-72.93,1625449482.0,64.0
-74.65,1625449482.0,64.0
-77.11,1625449482.0,64.0
-80.02,1625449482.0,64.0
-82.19,1625449482.0,64.0
-82.12,1625449482.0,64.0
-78.81,1625449482.0,64.0
-72.26,1625449482.0,64.0
-63.41,1625449482.0,64.0
-53.6,1625449482.0,64.0
-43.97,1625449482.0,64.0
-35.07,1625449482.0,64.0
-26.94,1625449482.0,64.0
-19.54,1625449482.0,64.0
-13.14,1625449482.0,64.0
-8.54,1625449482.0,64.0
-6.7,1625449482.0,64.0
-8.23,1625449482.0,64.0
-12.95,1625449482.0,64.0
-19.69,1625449482.0,64.0
-26.65,1625449482.0,64.0
-31.81,1625449482.0,64.0
-33.59,1625449482.0,64.0
-31.21,1625449482.0,64.0
-24.85,1625449482.0,64.0
-15.47,1625449482.0,64.0
-4.54,1625449482.0,64.0
6.35,1625449482.0,64.0
15.85,1625449482.0,64.0
23.1,1625449482.0,64.0
27.79,1625449482.0,64.0
30.04,1625449482.0,64.0
30.19,1625449482.0,64.0
28.53,1625449482.0,64.0
25.33,1625449482.0,64.0
20.82,1625449482.0,64.0
15.32,1625449482.0,64.0
9.22,1625449482.0,64.0
2.85,1625449482.0,64.0
-3.57,1625449482.0,64.0
-9.86,1625449482.0,64.0
-15.64,1625449482.0,64.0
-19.96,1625449482.0,64.0
-21.21,1625449482.0,64.0
-17.24,1625449482.0,64.0
-5.98,1625449482.0,64.0
13.83,1625449482.0,64.0
41.82,1625449482.0,64.0
75.57,1625449482.0,64.0
110.82,1625449482.0,64.0
142.18,1625449482.0,64.0
164.42,1625449482.0,64.0
173.89,1625449482.0,64.0
169.64,1625449482.0,64.0
153.83,1625449482.0,64.0
131.22,1625449482.0,64.0
107.79,1625449482.0,64.0
89.01,1625449482.0,64.0
78.2,1625449482.0,64.0
75.63,1625449482.0,64.0
78.58,1625449482.0,64.0
82.24,1625449482.0,64.0
81.4,1625449482.0,64.0
72.18,1625449482.0,64.0
53.4,1625449482.0,64.0
26.99,1625449482.0,64.0
-2.66,1625449482.0,64.0
-30.21,1625449482.0,64.0
-51.25,1625449482.0,64.0
-63.61,1625449482.0,64.0
-67.75,1625449482.0,64.0
-66.03,1625449482.0,64.0
-61.24,1625449482.0,64.0
-55.24,1625449482.0,64.0
-48.18,1625449482.0,64.0
-38.81,1625449482.0,64.0
-25.5,1625449482.0,64.0
-7.43,1625449482.0,64.0
14.64,1625449482.0,64.0
38.33,1625449482.0,64.0
60.29,1625449482.0,64.0
77.2,1625449482.0,64.0
86.75,1625449482.0,64.0
88.23,1625449482.0,64.0
82.6,1625449482.0,64.0
72.15,1625449482.0,64.0
59.69,1625449482.0,64.0
47.77,1625449482.0,64.0
37.94,1625449482.0,64.0
30.4,1625449482.0,64.0
24.15,1625449482.0,64.0
17.62,1625449482.0,64.0
9.55,1625449482.0,64.0
-0.4,1625449482.0,64.0
-11.52,1625449482.0,64.0
-22.51,1625449482.0,64.0
-32.3,1625449482.0,64.0
-40.64,1625449482.0,64.0
-48.28,1625449482.0,64.0
-56.48,1625449482.0,64.0
-66.26,1625449482.0,64.0
-77.86,1625449482.0,64.0
-90.47,1625449482.0,64.0
-102.54,1625449482.0,64.0
-112.16,1625449482.0,64.0
-117.68,1625449482.0,64.0
-117.99,1625449482.0,64.0
-112.79,1625449482.0,64.0
-102.57,1625449482.0,64.0
-88.43,1625449482.0,64.0
-71.87,1625449482.0,64.0
-54.43,1625449482.0,64.0
-37.46,1625449482.0,64.0
-21.91,1625449482.0,64.0
-8.39,1625449482.0,64.0
2.83,1625449482.0,64.0
11.66,1625449482.0,64.0
18.11,1625449482.0,64.0
22.24,1625449482.0,64.0
24.09,1625449482.0,64.0
23.66,1625449482.0,64.0
20.93,1625449482.0,64.0
15.96,1625449482.0,64.0
9.04,1625449482.0,64.0
0.85,1625449482.0,64.0
-7.65,1625449482.0,64.0
-15.42,1625449482.0,64.0
-21.7,1625449482.0,64.0
-26.3,1625449482.0,64.0
-29.56,1625449482.0,64.0
-32.16,1625449482.0,64.0
-34.78,1625449482.0,64.0
-37.81,1625449482.0,64.0
-41.3,1625449482.0,64.0
-45.02,1625449482.0,64.0
-48.71,1625449482.0,64.0
-52.22,1625449482.0,64.0
-55.52,1625449482.0,64.0
-58.5,1625449482.0,64.0
-60.76,1625449482.0,64.0
-61.45,1625449482.0,64.0
-59.45,1625449482.0,64.0
-53.83,1625449482.0,64.0
-44.36,1625449482.0,64.0
-31.88,1625449482.0,64.0
-18.15,1625449482.0,64.0
-5.42,1625449482.0,64.0
4.38,1625449482.0,64.0
10.26,1625449482.0,64.0
12.36,1625449482.0,64.0
11.78,1625449482.0,64.0
10.07,1625449482.0,64.0
8.73,1625449482.0,64.0
9.05,1625449482.0,64.0
12.01,1625449482.0,64.0
18.28,1625449482.0,64.0
28.02,1625449482.0,64.0
40.54,1625449482.0,64.0
54.1,1625449482.0,64.0
66.08,1625449482.0,64.0
73.72,1625449482.0,64.0
75.14,1625449482.0,64.0
70.29,1625449482.0,64.0
61.37,1625449482.0,64.0
52.21,1625449482.0,64.0
46.92,1625449482.0,64.0
48.02,1625449482.0,64.0
55.2,1625449482.0,64.0
65.03,1625449482.0,64.0
72.13,1625449482.0,64.0
71.21,1625449482.0,64.0
59.3,1625449482.0,64.0
37.05,1625449482.0,64.0
8.63,1625449482.0,64.0
-19.84,1625449482.0,64.0
-42.52,1625449482.0,64.0
-55.82,1625449482.0,64.0
-59.22,1625449482.0,64.0
-54.86,1625449482.0,64.0
-46.23,1625449482.0,64.0
-36.75,1625449482.0,64.0
-28.95,1625449482.0,64.0
-24.23,1625449482.0,64.0
-23.17,1625449482.0,64.0
-25.9,1625449482.0,64.0
-32.11,1625449482.0,64.0
-40.86,1625449482.0,64.0
-50.38,1625449482.0,64.0
-58.12,1625449482.0,64.0
-61.37,1625449482.0,64.0
-58.08,1625449482.0,64.0
-47.72,1625449482.0,64.0
-31.58,1625449482.0,64.0
-12.51,1625449482.0,64.0
6.02,1625449482.0,64.0
20.99,1625449482.0,64.0
30.64,1625449482.0,64.0
34.75,1625449482.0,64.0
34.41,1625449482.0,64.0
31.39,1625449482.0,64.0
27.61,1625449482.0,64.0
24.81,1625449482.0,64.0
24.35,1625449482.0,64.0
27.19,1625449482.0,64.0
33.54,1625449482.0,64.0
42.65,1625449482.0,64.0
52.73,1625449482.0,64.0
61.27,1625449482.0,64.0
65.82,1625449482.0,64.0
64.8,1625449482.0,64.0
58.2,1625449482.0,64.0
47.61,1625449482.0,64.0
35.69,1625449482.0,64.0
25.22,1625449482.0,64.0
18.21,1625449482.0,64.0
15.29,1625449482.0,64.0
15.65,1625449482.0,64.0
17.39,1625449482.0,64.0
18.3,1625449482.0,64.0
16.52,1625449482.0,64.0
11.13,1625449482.0,64.0
2.36,1625449482.0,64.0
-8.6,1625449482.0,64.0
-20.05,1625449482.0,64.0
-30.4,1625449482.0,64.0
-38.62,1625449482.0,64.0
-44.51,1625449482.0,64.0
-48.45,1625449482.0,64.0
-51.05,1625449482.0,64.0
-52.56,1625449482.0,64.0
-52.78,1625449482.0,64.0
-51.12,1625449482.0,64.0
-46.99,1625449482.0,64.0
-40.19,1625449482.0,64.0
-31.2,1625449482.0,64.0
-20.99,1625449482.0,64.0
-10.84,1625449482.0,64.0
-1.99,1625449482.0,64.0
4.68,1625449482.0,64.0
8.74,1625449482.0,64.0
10.33,1625449482.0,64.0
10.11,1625449482.0,64.0
9.16,1625449482.0,64.0
8.77,1625449482.0,64.0
10.03,1625449482.0,64.0
13.52,1625449482.0,64.0
19.04,1625449482.0,64.0
25.67,1625449482.0,64.0
32.17,1625449482.0,64.0
37.49,1625449482.0,64.0
41.26,1625449482.0,64.0
43.92,1625449482.0,64.0
46.5,1625449482.0,64.0
50.21,1625449482.0,64.0
55.88,1625449482.0,64.0
63.58,1625449482.0,64.0
72.49,1625449482.0,64.0
81.16,1625449482.0,64.0
87.87,1625449482.0,64.0
91.26,1625449482.0,64.0
90.7,1625449482.0,64.0
86.46,1625449482.0,64.0
79.53,1625449482.0,64.0
71.21,1625449482.0,64.0
62.71,1625449482.0,64.0
54.81,1625449482.0,64.0
47.8,1625449482.0,64.0
41.6,1625449482.0,64.0
35.92,1625449482.0,64.0
30.36,1625449482.0,64.0
24.45,1625449482.0,64.0
17.61,1625449482.0,64.0
9.22,1625449482.0,64.0
-1.07,1625449482.0,64.0
-13.18,1625449482.0,64.0
-26.33,1625449482.0,64.0
-39.23,1625449482.0,64.0
-50.45,1625449482.0,64.0
-59.0,1625449482.0,64.0
-64.75,1625449482.0,64.0
-68.52,1625449482.0,64.0
-71.77,1625449482.0,64.0
-75.94,1625449482.0,64.0
-81.91,1625449482.0,64.0
-89.55,1625449482.0,64.0
-97.85,1625449482.0,64.0
-105.17,1625449482.0,64.0
-109.8,1625449482.0,64.0
-110.42,1625449482.0,64.0
-106.35,1625449482.0,64.0
-97.71,1625449482.0,64.0
-85.36,1625449482.0,64.0
-70.73,1625449482.0,64.0
-55.58,1625449482.0,64.0
-41.57,1625449482.0,64.0
-29.86,1625449482.0,64.0
-20.75,1625449482.0,64.0
-13.63,1625449482.0,64.0
-7.42,1625449482.0,64.0
-1.11,1625449482.0,64.0
5.66,1625449482.0,64.0
12.4,1625449482.0,64.0
18.06,1625449482.0,64.0
21.6,1625449482.0,64.0
22.55,1625449482.0,64.0
21.35,1625449482.0,64.0
19.12,1625449482.0,64.0
17.18,1625449482.0,64.0
16.55,1625449482.0,64.0
17.53,1625449482.0,64.0
19.75,1625449482.0,64.0
22.37,1625449482.0,64.0
24.52,1625449482.0,64.0
25.69,1625449482.0,64.0
25.9,1625449482.0,64.0
25.7,1625449482.0,64.0
25.96,1625449482.0,64.0
27.51,1625449482.0,64.0
30.84,1625449482.0,64.0
35.75,1625449482.0,64.0
41.33,1625449482.0,64.0
46.04,1625449482.0,64.0
48.13,1625449482.0,64.0
46.2,1625449482.0,64.0
39.69,1625449482.0,64.0
29.13,1625449482.0,64.0
15.99,1625449482.0,64.0
2.2,1625449482.0,64.0
-10.51,1625449482.0,64.0
-21.02,1625449482.0,64.0
-28.91,1625449482.0,64.0
-34.24,1625449482.0,64.0
-37.19,1625449482.0,64.0
-37.85,1625449482.0,64.0
-36.32,1625449482.0,64.0
-32.89,1625449482.0,64.0
-28.23,1625449482.0,64.0
-23.37,1625449482.0,64.0
-19.4,1625449482.0,64.0
-17.11,1625449482.0,64.0
-16.68,1625449482.0,64.0
-17.66,1625449482.0,64.0
-19.14,1625449482.0,64.0
-20.14,1625449482.0,64.0
-19.95,1625449482.0,64.0
-18.38,1625449482.0,64.0
-15.81,1625449482.0,64.0
-13.07,1625449482.0,64.0
-11.01,1625449482.0,64.0
-10.25,1625449482.0,64.0
-10.85,1625449482.0,64.0
-12.38,1625449482.0,64.0
-14.16,1625449482.0,64.0
-15.57,1625449482.0,64.0
-16.35,1625449482.0,64.0
-16.55,1625449482.0,64.0
-16.32,1625449482.0,64.0
-15.66,1625449482.0,64.0
-14.31,1625449482.0,64.0
-11.88,1625449482.0,64.0
-8.1,1625449482.0,64.0
-3.09,1625449482.0,64.0
2.52,1625449482.0,64.0
7.77,1625449482.0,64.0
11.65,1625449482.0,64.0
13.51,1625449482.0,64.0
13.27,1625449482.0,64.0
11.42,1625449482.0,64.0
8.8,1625449482.0,64.0
6.22,1625449482.0,64.0
4.14,1625449482.0,64.0
2.51,1625449482.0,64.0
0.77,1625449482.0,64.0
-1.82,1625449482.0,64.0
-5.91,1625449482.0,64.0
-11.7,1625449482.0,64.0
-18.9,1625449482.0,64.0
-26.77,1625449482.0,64.0
-34.29,1625449482.0,64.0
-40.48,1625449482.0,64.0
-44.61,1625449482.0,64.0
-46.39,1625449482.0,64.0
-46.0,1625449482.0,64.0
-43.91,1625449482.0,64.0
-40.7,1625449482.0,64.0
-36.9,1625449482.0,64.0
-32.91,1625449482.0,64.0
-29.12,1625449482.0,64.0
-25.91,1625449482.0,64.0
-23.6,1625449482.0,64.0
-22.25,1625449482.0,64.0
-21.49,1625449482.0,64.0
-20.45,1625449482.0,64.0
-18.17,1625449482.0,64.0
-14.11,1625449482.0,64.0
-8.47,1625449482.0,64.0
-2.25,1625449482.0,64.0
3.21,1625449482.0,64.0
6.92,1625449482.0,64.0
8.7,1625449482.0,64.0
9.26,1625449482.0,64.0
9.7,1625449482.0,64.0
10.92,1625449482.0,64.0
13.06,1625449482.0,64.0
15.54,1625449482.0,64.0
17.41,1625449482.0,64.0
17.86,1625449482.0,64.0
16.68,1625449482.0,64.0
14.15,1625449482.0,64.0
10.85,1625449482.0,64.0
7.15,1625449482.0,64.0
3.2,1625449482.0,64.0
-1.11,1625449482.0,64.0
-5.83,1625449482.0,64.0
-10.83,1625449482.0,64.0
-15.73,1625449482.0,64.0
-20.11,1625449482.0,64.0
-23.59,1625449482.0,64.0
-26.02,1625449482.0,64.0
-27.46,1625449482.0,64.0
-28.01,1625449482.0,64.0
-27.72,1625449482.0,64.0
-26.35,1625449482.0,64.0
-23.49,1625449482.0,64.0
-18.67,1625449482.0,64.0
-11.63,1625449482.0,64.0
-2.61,1625449482.0,64.0
7.51,1625449482.0,64.0
17.37,1625449482.0,64.0
25.47,1625449482.0,64.0
30.73,1625449482.0,64.0
32.81,1625449482.0,64.0
32.16,1625449482.0,64.0
29.66,1625449482.0,64.0
26.24,1625449482.0,64.0
22.55,1625449482.0,64.0
19.03,1625449482.0,64.0
16.11,1625449482.0,64.0
14.34,1625449482.0,64.0
14.19,1625449482.0,64.0
15.84,1625449482.0,64.0
18.88,1625449482.0,64.0
22.39,1625449482.0,64.0
25.4,1625449482.0,64.0
27.3,1625449482.0,64.0
28.16,1625449482.0,64.0
28.49,1625449482.0,64.0
28.82,1625449482.0,64.0
29.28,1625449482.0,64.0
29.57,1625449482.0,64.0
29.44,1625449482.0,64.0
29.29,1625449482.0,64.0
30.51,1625449482.0,64.0
35.0,1625449482.0,64.0
44.21,1625449482.0,64.0
58.01,1625449482.0,64.0
74.19,1625449482.0,64.0
88.87,1625449482.0,64.0
97.8,1625449482.0,64.0
98.09,1625449482.0,64.0
89.33,1625449482.0,64.0
73.91,1625449482.0,64.0
55.99,1625449482.0,64.0
39.8,1625449482.0,64.0
27.91,1625449482.0,64.0
20.31,1625449482.0,64.0
14.7,1625449482.0,64.0
7.75,1625449482.0,64.0
-3.05,1625449482.0,64.0
-18.12,1625449482.0,64.0
-35.43,1625449482.0,64.0
-51.24,1625449482.0,64.0
-61.71,1625449482.0,64.0
-64.44,1625449482.0,64.0
-59.35,1625449482.0,64.0
-48.43,1625449482.0,64.0
-34.68,1625449482.0,64.0
-20.84,1625449482.0,64.0
-8.49,1625449482.0,64.0
2.08,1625449482.0,64.0
11.38,1625449482.0,64.0
20.05,1625449482.0,64.0
28.5,1625449482.0,64.0
36.87,1625449482.0,64.0
45.27,1625449482.0,64.0
53.84,1625449482.0,64.0
62.57,1625449482.0,64.0
70.93,1625449482.0,64.0
77.64,1625449482.0,64.0
80.94,1625449482.0,64.0
79.31,1625449482.0,64.0
72.22,1625449482.0,64.0
60.63,1625449482.0,64.0
46.74,1625449482.0,64.0
33.19,1625449482.0,64.0
22.08,1625449482.0,64.0
14.22,1625449482.0,64.0
8.84,1625449482.0,64.0
4.15,1625449482.0,64.0
-2.0,1625449482.0,64.0
-11.1,1625449482.0,64.0
-23.45,1625449482.0,64.0
-38.01,1625449482.0,64.0
-52.86,1625449482.0,64.0
-65.97,1625449482.0,64.0
-75.97,1625449482.0,64.0
-82.6,1625449482.0,64.0
-86.53,1625449482.0,64.0
-88.92,1625449482.0,64.0
-90.81,1625449482.0,64.0
-92.83,1625449482.0,64.0
-95.2,1625449482.0,64.0
-97.92,1625449482.0,64.0
-100.98,1625449482.0,64.0
-104.24,1625449482.0,64.0
-107.3,1625449482.0,64.0
-109.33,1625449482.0,64.0
-109.22,1625449482.0,64.0
-105.88,1625449482.0,64.0
-98.69,1625449482.0,64.0
-87.75,1625449482.0,64.0
-73.89,1625449482.0,64.0
-58.36,1625449482.0,64.0
-42.53,1625449482.0,64.0
-27.56,1625449482.0,64.0
-14.28,1625449482.0,64.0
-3.19,1625449482.0,64.0
5.56,1625449482.0,64.0
12.18,1625449482.0,64.0
17.19,1625449482.0,64.0
21.29,1625449482.0,64.0
25.09,1625449482.0,64.0
28.8,1625449482.0,64.0
32.17,1625449482.0,64.0
34.6,1625449482.0,64.0
35.58,1625449482.0,64.0
35.1,1625449482.0,64.0
33.8,1625449482.0,64.0
32.66,1625449482.0,64.0
32.49,1625449482.0,64.0
33.31,1625449482.0,64.0
34.29,1625449482.0,64.0
34.14,1625449482.0,64.0
31.82,1625449482.0,64.0
27.24,1625449482.0,64.0
21.37,1625449482.0,64.0
15.85,1625449482.0,64.0
12.18,1625449482.0,64.0
11.08,1625449482.0,64.0
12.26,1625449482.0,64.0
14.65,1625449482.0,64.0
16.97,1625449482.0,64.0
18.16,1625449482.0,64.0
17.62,1625449482.0,64.0
15.22,1625449482.0,64.0
11.07,1625449482.0,64.0
5.38,1625449482.0,64.0
-1.46,1625449482.0,64.0
-8.88,1625449482.0,64.0
-16.01,1625449482.0,64.0
-21.78,1625449482.0,64.0
-25.29,1625449482.0,64.0
-26.06,1625449482.0,64.0
-24.27,1625449482.0,64.0
-20.71,1625449482.0,64.0
-16.37,1625449482.0,64.0
-12.11,1625449482.0,64.0
-8.33,1625449482.0,64.0
-4.96,1625449482.0,64.0
-1.61,1625449482.0,64.0
2.1,1625449482.0,64.0
6.27,1625449482.0,64.0
10.67,1625449482.0,64.0
14.87,1625449482.0,64.0
18.49,1625449482.0,64.0
21.41,1625449482.0,64.0
23.75,1625449482.0,64.0
25.78,1625449482.0,64.0
27.61,1625449482.0,64.0
29.13,1625449482.0,64.0
30.0,1625449482.0,64.0
30.0,1625449482.0,64.0
29.19,1625449482.0,64.0
28.07,1625449482.0,64.0
27.29,1625449482.0,64.0
27.3,1625449482.0,64.0
27.96,1625449482.0,64.0
28.5,1625449482.0,64.0
27.78,1625449482.0,64.0
24.87,1625449482.0,64.0
19.53,1625449482.0,64.0
12.44,1625449482.0,64.0
4.98,1625449482.0,64.0
-1.43,1625449482.0,64.0
-5.85,1625449482.0,64.0
-8.3,1625449482.0,64.0
-9.68,1625449482.0,64.0
-11.35,1625449482.0,64.0
-14.49,1625449482.0,64.0
-19.52,1625449482.0,64.0
-25.92,1625449482.0,64.0
-32.5,1625449482.0,64.0
-37.98,1625449482.0,64.0
-41.47,1625449482.0,64.0
-42.83,1625449482.0,64.0
-42.51,1625449482.0,64.0
-41.18,1625449482.0,64.0
-39.36,1625449482.0,64.0
-37.25,1625449482.0,64.0
-34.77,1625449482.0,64.0
-31.7,1625449482.0,64.0
-27.88,1625449482.0,64.0
-23.2,1625449482.0,64.0
-17.63,1625449482.0,64.0
-11.2,1625449482.0,64.0
-4.09,1625449482.0,64.0
3.27,1625449482.0,64.0
10.22,1625449482.0,64.0
16.01,1625449482.0,64.0
20.08,1625449482.0,64.0
22.27,1625449482.0,64.0
22.92,1625449482.0,64.0
22.62,1625449482.0,64.0
21.95,1625449482.0,64.0
21.22,1625449482.0,64.0
20.44,1625449482.0,64.0
19.46,1625449482.0,64.0
18.29,1625449482.0,64.0
17.24,1625449482.0,64.0
16.86,1625449482.0,64.0
17.61,1625449482.0,64.0
19.55,1625449482.0,64.0
22.13,1625449482.0,64.0
24.36,1625449482.0,64.0
25.18,1625449482.0,64.0
23.97,1625449482.0,64.0
20.77,1625449482.0,64.0
16.26,1625449482.0,64.0
11.39,1625449482.0,64.0
6.99,1625449482.0,64.0
3.51,1625449482.0,64.0
0.99,1625449482.0,64.0
-0.81,1625449482.0,64.0
-2.24,1625449482.0,64.0
-3.68,1625449482.0,64.0
-5.54,1625449482.0,64.0
-8.26,1625449482.0,64.0
-12.15,1625449482.0,64.0
-17.27,1625449482.0,64.0
-23.3,1625449482.0,64.0
-29.55,1625449482.0,64.0
-35.15,1625449482.0,64.0
-39.36,1625449482.0,64.0
-41.78,1625449482.0,64.0
-42.39,1625449482.0,64.0
-41.52,1625449482.0,64.0
-39.68,1625449482.0,64.0
-37.3,1625449482.0,64.0
-34.68,1625449482.0,64.0
-31.91,1625449482.0,64.0
-28.86,1625449482.0,64.0
-25.28,1625449482.0,64.0
-20.99,1625449482.0,64.0
-15.94,1625449482.0,64.0
-10.38,1625449482.0,64.0
-4.73,1625449482.0,64.0
0.51,1625449482.0,64.0
4.98,1625449482.0,64.0
8.6,1625449482.0,64.0
11.5,1625449482.0,64.0
13.91,1625449482.0,64.0
15.99,1625449482.0,64.0
17.79,1625449482.0,64.0
19.36,1625449482.0,64.0
20.89,1625449482.0,64.0
22.7,1625449482.0,64.0
25.2,1625449482.0,64.0
28.53,1625449482.0,64.0
32.37,1625449482.0,64.0
35.9,1625449482.0,64.0
38.03,1625449482.0,64.0
37.9,1625449482.0,64.0
35.28,1625449482.0,64.0
30.74,1625449482.0,64.0
25.44,1625449482.0,64.0
20.63,1625449482.0,64.0
17.16,1625449482.0,64.0
15.1,1625449482.0,64.0
13.87,1625449482.0,64.0
12.54,1625449482.0,64.0
10.43,1625449482.0,64.0
7.31,1625449482.0,64.0
3.53,1625449482.0,64.0
-0.26,1625449482.0,64.0
-3.47,1625449482.0,64.0
-5.84,1625449482.0,64.0
-7.55,1625449482.0,64.0
-9.05,1625449482.0,64.0
-10.89,1625449482.0,64.0
-13.48,1625449482.0,64.0
-17.0,1625449482.0,64.0
-21.37,1625449482.0,64.0
-26.21,1625449482.0,64.0
-31.03,1625449482.0,64.0
-35.26,1625449482.0,64.0
-38.43,1625449482.0,64.0
-40.29,1625449482.0,64.0
-40.88,1625449482.0,64.0
-40.49,1625449482.0,64.0
-39.49,1625449482.0,64.0
-38.05,1625449482.0,64.0
-35.94,1625449482.0,64.0
-32.49,1625449482.0,64.0
-26.82,1625449482.0,64.0
-18.31,1625449482.0,64.0
-6.98,1625449482.0,64.0
6.26,1625449482.0,64.0
19.85,1625449482.0,64.0
32.14,1625449482.0,64.0
41.9,1625449482.0,64.0
48.82,1625449482.0,64.0
53.39,1625449482.0,64.0
56.42,1625449482.0,64.0
58.49,1625449482.0,64.0
59.43,1625449482.0,64.0
58.33,1625449482.0,64.0
54.02,1625449482.0,64.0
45.82,1625449482.0,64.0
34.22,1625449482.0,64.0
21.23,1625449482.0,64.0
9.99,1625449482.0,64.0
3.8,1625449482.0,64.0
4.88,1625449482.0,64.0
13.32,1625449482.0,64.0
26.89,1625449482.0,64.0
41.76,1625449482.0,64.0
54.01,1625449482.0,64.0
61.23,1625449482.0,64.0
63.55,1625449482.0,64.0
63.5,1625449482.0,64.0
64.77,1625449482.0,64.0
70.48,1625449482.0,64.0
81.64,1625449482.0,64.0
96.55,1625449482.0,64.0
111.34,1625449482.0,64.0
121.28,1625449482.0,64.0
122.41,1625449482.0,64.0
112.77,1625449482.0,64.0
92.96,1625449482.0,64.0
65.83,1625449482.0,64.0
35.65,1625449482.0,64.0
6.96,1625449482.0,64.0
-16.5,1625449482.0,64.0
-32.62,1625449482.0,64.0
-41.27,1625449482.0,64.0
-44.13,1625449482.0,64.0
-44.14,1625449482.0,64.0
-44.55,1625449482.0,64.0
-47.91,1625449482.0,64.0
-55.33,1625449482.0,64.0
-66.18,1625449482.0,64.0
-78.35,1625449482.0,64.0
-88.98,1625449482.0,64.0
-95.43,1625449482.0,64.0
-96.08,1625449482.0,64.0
-90.87,1625449482.0,64.0
-81.26,1625449482.0,64.0
-69.69,1625449482.0,64.0
-58.8,1625449482.0,64.0
-50.69,1625449482.0,64.0
-46.35,1625449482.0,64.0
-45.64,1625449482.0,64.0
-47.6,1625449482.0,64.0
-50.93,1625449482.0,64.0
-54.44,1625449482.0,64.0
-57.29,1625449482.0,64.0
-58.96,1625449482.0,64.0
-59.23,1625449482.0,64.0
-58.11,1625449482.0,64.0
-55.83,1625449482.0,64.0
-52.87,1625449482.0,64.0
-49.67,1625449482.0,64.0
-46.33,1625449482.0,64.0
-42.4,1625449482.0,64.0
-36.86,1625449482.0,64.0
-28.68,1625449482.0,64.0
-17.45,1625449482.0,64.0
-3.85,1625449482.0,64.0
10.37,1625449482.0,64.0
23.05,1625449482.0,64.0
32.48,1625449482.0,64.0
38.1,1625449482.0,64.0
40.64,1625449482.0,64.0
41.54,1625449482.0,64.0
42.19,1625449482.0,64.0
43.19,1625449482.0,64.0
44.29,1625449482.0,64.0
44.68,1625449482.0,64.0
43.62,1625449482.0,64.0
40.82,1625449482.0,64.0
36.62,1625449482.0,64.0
31.67,1625449482.0,64.0
26.57,1625449482.0,64.0
21.66,1625449482.0,64.0
16.95,1625449482.0,64.0
12.35,1625449482.0,64.0
7.83,1625449482.0,64.0
3.59,1625449482.0,64.0
-0.04,1625449482.0,64.0
-2.8,1625449482.0,64.0
-4.59,1625449482.0,64.0
-5.53,1625449482.0,64.0
-5.89,1625449482.0,64.0
-6.03,1625449482.0,64.0
-6.26,1625449482.0,64.0
-6.85,1625449482.0,64.0
-8.0,1625449482.0,64.0
-9.72,1625449482.0,64.0
-11.87,1625449482.0,64.0
-14.2,1625449482.0,64.0
-16.41,1625449482.0,64.0
-18.33,1625449482.0,64.0
-19.95,1625449482.0,64.0
-21.38,1625449482.0,64.0
-22.74,1625449482.0,64.0
-24.04,1625449482.0,64.0
-25.12,1625449482.0,64.0
-25.75,1625449482.0,64.0
-25.67,1625449482.0,64.0
-24.8,1625449482.0,64.0
-23.17,1625449482.0,64.0
-20.86,1625449482.0,64.0
-18.03,1625449482.0,64.0
-14.85,1625449482.0,64.0
-11.61,1625449482.0,64.0
-8.63,1625449482.0,64.0
-6.24,1625449482.0,64.0
-4.42,1625449482.0,64.0
-2.68,1625449482.0,64.0
-0.09,1625449482.0,64.0
4.32,1625449482.0,64.0
10.88,1625449482.0,64.0
18.78,1625449482.0,64.0
25.96,1625449482.0,64.0
29.81,1625449482.0,64.0
28.18,1625449482.0,64.0
20.7,1625449482.0,64.0
9.26,1625449482.0,64.0
-2.46,1625449482.0,64.0
-10.19,1625449482.0,64.0
-10.86,1625449482.0,64.0
-3.7,1625449482.0,64.0
9.49,1625449482.0,64.0
25.07,1625449482.0,64.0
38.91,1625449482.0,64.0
47.78,1625449482.0,64.0
50.19,1625449482.0,64.0
46.58,1625449482.0,64.0
39.01,1625449482.0,64.0
30.37,1625449482.0,64.0
23.6,1625449482.0,64.0
20.86,1625449482.0,64.0
22.9,1625449482.0,64.0
28.73,1625449482.0,64.0
35.72,1625449482.0,64.0
40.29,1625449482.0,64.0
38.96,1625449482.0,64.0
29.57,1625449482.0,64.0
11.93,1625449482.0,64.0
-12.14,1625449482.0,64.0
-39.59,1625449482.0,64.0
-67.21,1625449482.0,64.0
-92.46,1625449482.0,64.0
-113.72,1625449482.0,64.0
-130.02,1625449482.0,64.0
-140.44,1625449482.0,64.0
-143.81,1625449482.0,64.0
-139.16,1625449482.0,64.0
-126.31,1625449482.0,64.0
-106.61,1625449482.0,64.0
-82.89,1625449482.0,64.0
-58.61,1625449482.0,64.0
-36.51,1625449482.0,64.0
-17.56,1625449482.0,64.0
-0.73,1625449482.0,64.0
16.18,1625449482.0,64.0
35.16,1625449482.0,64.0
56.87,1625449482.0,64.0
80.18,1625449482.0,64.0
102.73,1625449482.0,64.0
121.9,1625449482.0,64.0
135.67,1625449482.0,64.0
143.06,1625449482.0,64.0
144.09,1625449482.0,64.0
139.42,1625449482.0,64.0
130.11,1625449482.0,64.0
117.48,1625449482.0,64.0
102.88,1625449482.0,64.0
87.49,1625449482.0,64.0
72.02,1625449482.0,64.0
56.43,1625449482.0,64.0
40.1,1625449482.0,64.0
22.22,1625449482.0,64.0
2.47,1625449482.0,64.0
-18.53,1625449482.0,64.0
-39.04,1625449482.0,64.0
-56.55,1625449482.0,64.0
-68.51,1625449482.0,64.0
-73.14,1625449482.0,64.0
-70.18,1625449482.0,64.0
-61.05,1625449482.0,64.0
-48.55,1625449482.0,64.0
-35.9,1625449482.0,64.0
-25.6,1625449482.0,64.0
-18.68,1625449482.0,64.0
-14.55,1625449482.0,64.0
-11.62,1625449482.0,64.0
-8.27,1625449482.0,64.0
-3.82,1625449482.0,64.0
1.15,1625449482.0,64.0
5.1,1625449482.0,64.0
6.36,1625449482.0,64.0
3.99,1625449482.0,64.0
-1.8,1625449482.0,64.0
-9.7,1625449482.0,64.0
-17.94,1625449482.0,64.0
-25.08,1625449482.0,64.0
-30.55,1625449482.0,64.0
-34.77,1625449482.0,64.0
-38.65,1625449482.0,64.0
-43.0,1625449482.0,64.0
-47.89,1625449482.0,64.0
-52.54,1625449482.0,64.0
-55.58,1625449482.0,64.0
-55.79,1625449482.0,64.0
-52.57,1625449482.0,64.0
-46.26,1625449482.0,64.0
-37.76,1625449482.0,64.0
-28.11,1625449482.0,64.0
-17.88,1625449482.0,64.0
-7.08,1625449482.0,64.0
4.59,1625449482.0,64.0
17.18,1625449482.0,64.0
30.06,1625449482.0,64.0
41.84,1625449482.0,64.0
50.73,1625449482.0,64.0
55.15,1625449482.0,64.0
54.43,1625449482.0,64.0
49.05,1625449482.0,64.0
40.35,1625449482.0,64.0
30.02,1625449482.0,64.0
19.49,1625449482.0,64.0
9.6,1625449482.0,64.0
0.69,1625449482.0,64.0
-7.17,1625449482.0,64.0
-13.89,1625449482.0,64.0
-19.33,1625449482.0,64.0
-23.46,1625449482.0,64.0
-26.52,1625449482.0,64.0
-29.07,1625449482.0,64.0
-31.76,1625449482.0,64.0
-35.05,1625449482.0,64.0
-39.0,1625449482.0,64.0
-43.29,1625449482.0,64.0
-47.4,1625449482.0,64.0
-50.78,1625449482.0,64.0
-52.94,1625449482.0,64.0
-53.31,1625449482.0,64.0
-51.25,1625449482.0,64.0
-46.24,1625449482.0,64.0
-38.27,1625449482.0,64.0
-28.2,1625449482.0,64.0
-17.77,1625449482.0,64.0
-9.07,1625449482.0,64.0
-3.77,1625449482.0,64.0
-2.34,1625449482.0,64.0
-3.87,1625449482.0,64.0
-6.54,1625449482.0,64.0
-8.48,1625449482.0,64.0
-8.62,1625449482.0,64.0
-6.87,1625449482.0,64.0
-3.84,1625449482.0,64.0
-0.13,1625449482.0,64.0
4.03,1625449482.0,64.0
8.79,1625449482.0,64.0
14.29,1625449482.0,64.0
20.32,1625449482.0,64.0
26.26,1625449482.0,64.0
31.47,1625449482.0,64.0
35.64,1625449482.0,64.0
39.0,1625449482.0,64.0
42.06,1625449482.0,64.0
45.17,1625449482.0,64.0
48.11,1625449482.0,64.0
50.15,1625449482.0,64.0
50.33,1625449482.0,64.0
47.98,1625449482.0,64.0
43.04,1625449482.0,64.0
36.12,1625449482.0,64.0
28.22,1625449482.0,64.0
20.38,1625449482.0,64.0
13.42,1625449482.0,64.0
7.72,1625449482.0,64.0
3.27,1625449482.0,64.0
-0.25,1625449482.0,64.0
-3.27,1625449482.0,64.0
-6.14,1625449482.0,64.0
-9.03,1625449482.0,64.0
-11.91,1625449482.0,64.0
-14.59,1625449482.0,64.0
-16.88,1625449482.0,64.0
-18.69,1625449482.0,64.0
-19.96,1625449482.0,64.0
-20.6,1625449482.0,64.0
-20.4,1625449482.0,64.0
-19.06,1625449482.0,64.0
-16.31,1625449482.0,64.0
-12.13,1625449482.0,64.0
-6.77,1625449482.0,64.0
-0.78,1625449482.0,64.0
5.18,1625449482.0,64.0
10.56,1625449482.0,64.0
14.99,1625449482.0,64.0
18.28,1625449482.0,64.0
20.32,1625449482.0,64.0
21.03,1625449482.0,64.0
20.39,1625449482.0,64.0
18.58,1625449482.0,64.0
16.21,1625449482.0,64.0
14.17,1625449482.0,64.0
13.42,1625449482.0,64.0
14.45,1625449482.0,64.0
16.96,1625449482.0,64.0
19.88,1625449482.0,64.0
21.8,1625449482.0,64.0
21.58,1625449482.0,64.0
18.85,1625449482.0,64.0
14.15,1625449482.0,64.0
8.58,1625449482.0,64.0
3.36,1625449482.0,64.0
-0.6,1625449482.0,64.0
-2.72,1625449482.0,64.0
-2.77,1625449482.0,64.0
-0.73,1625449482.0,64.0
3.21,1625449482.0,64.0
8.54,1625449482.0,64.0
14.45,1625449482.0,64.0
19.96,1625449482.0,64.0
24.36,1625449482.0,64.0
27.37,1625449482.0,64.0
29.21,1625449482.0,64.0
30.25,1625449482.0,64.0
30.67,1625449482.0,64.0
30.34,1625449482.0,64.0
29.08,1625449482.0,64.0
27.02,1625449482.0,64.0
24.89,1625449482.0,64.0
23.78,1625449482.0,64.0
24.65,1625449482.0,64.0
27.75,1625449482.0,64.0
32.46,1625449482.0,64.0
37.57,1625449482.0,64.0
42.0,1625449482.0,64.0
45.22,1625449482.0,64.0
47.39,1625449482.0,64.0
48.63,1625449482.0,64.0
48.55,1625449482.0,64.0
46.04,1625449482.0,64.0
39.97,1625449482.0,64.0
30.39,1625449482.0,64.0
18.95,1625449482.0,64.0
8.49,1625449482.0,64.0
1.5,1625449482.0,64.0
-1.4,1625449482.0,64.0
-1.9,1625449482.0,64.0
-3.2,1625449482.0,64.0
-8.38,1625449482.0,64.0
-19.12,1625449482.0,64.0
-35.67,1625449482.0,64.0
-58.02,1625449482.0,64.0
-87.23,1625449482.0,64.0
-125.34,1625449482.0,64.0
-173.81,1625449482.0,64.0
-230.98,1625449482.0,64.0
-290.83,1625449482.0,64.0
-344.03,1625449482.0,64.0
-381.28,1625449482.0,64.0
-397.21,1625449482.0,64.0
-392.61,1625449482.0,64.0
-373.72,1625449482.0,64.0
-349.14,1625449482.0,64.0
-326.1,1625449482.0,64.0
-308.01,1625449482.0,64.0
-294.5,1625449482.0,64.0
-283.07,1625449482.0,64.0
-271.56,1625449482.0,64.0
-259.31,1625449482.0,64.0
-247.16,1625449482.0,64.0
-236.13,1625449482.0,64.0
-226.38,1625449482.0,64.0
-216.98,1625449482.0,64.0
-206.54,1625449482.0,64.0
-194.38,1625449482.0,64.0
-181.2,1625449482.0,64.0
-168.97,1625449482.0,64.0
-160.12,1625449482.0,64.0
-156.28,1625449482.0,64.0
-157.39,1625449482.0,64.0
-161.51,1625449482.0,64.0
-165.46,1625449482.0,64.0
-165.96,1625449482.0,64.0
-160.78,1625449482.0,64.0
-149.33,1625449482.0,64.0
-132.59,1625449482.0,64.0
-112.27,1625449482.0,64.0
-89.74,1625449482.0,64.0
-65.31,1625449482.0,64.0
-38.09,1625449482.0,64.0
-6.58,1625449482.0,64.0
30.37,1625449482.0,64.0
72.74,1625449482.0,64.0
119.08,1625449482.0,64.0
166.88,1625449482.0,64.0
213.5,1625449482.0,64.0
257.21,1625449482.0,64.0
297.67,1625449482.0,64.0
335.86,1625449482.0,64.0
373.69,1625449482.0,64.0
413.61,1625449482.0,64.0
458.05,1625449482.0,64.0
508.68,1625449482.0,64.0
565.3,1625449482.0,64.0
624.8,1625449482.0,64.0
681.0,1625449482.0,64.0
725.69,1625449482.0,64.0
750.97,1625449482.0,64.0
752.08,1625449482.0,64.0
729.24,1625449482.0,64.0
687.63,1625449482.0,64.0
635.27,1625449482.0,64.0
579.85,1625449482.0,64.0
526.56,1625449482.0,64.0
477.41,1625449482.0,64.0
432.31,1625449482.0,64.0
390.59,1625449482.0,64.0
352.25,1625449482.0,64.0
318.09,1625449482.0,64.0
288.93,1625449482.0,64.0
264.73,1625449482.0,64.0
243.88,1625449482.0,64.0
224.12,1625449482.0,64.0
203.55,1625449482.0,64.0
181.61,1625449482.0,64.0
158.76,1625449482.0,64.0
136.39,1625449482.0,64.0
116.08,1625449482.0,64.0
99.04,1625449482.0,64.0
85.51,1625449482.0,64.0
73.93,1625449482.0,64.0
62.15,1625449482.0,64.0
48.24,1625449482.0,64.0
31.71,1625449482.0,64.0
12.44,1625449482.0,64.0
-8.81,1625449482.0,64.0
-30.92,1625449482.0,64.0
-52.67,1625449482.0,64.0
-73.26,1625449482.0,64.0
-93.86,1625449482.0,64.0
-115.96,1625449482.0,64.0
-140.92,1625449482.0,64.0
-168.68,1625449482.0,64.0
-200.18,1625449482.0,64.0
-236.88,1625449482.0,64.0
-280.5,1625449482.0,64.0
-331.43,1625449482.0,64.0
-387.47,1625449482.0,64.0
-444.47,1625449482.0,64.0
-495.29,1625449482.0,64.0
-531.94,1625449482.0,64.0
-547.2,1625449482.0,64.0
-539.86,1625449482.0,64.0
-514.13,1625449482.0,64.0
-477.71,1625449482.0,64.0
-438.22,1625449482.0,64.0
-391.77,1625449482.0,64.0
-337.27,1625449482.0,64.0
-277.02,1625449482.0,64.0
-224.1,1625449482.0,64.0
-180.14,1625449482.0,64.0
-142.33,1625449482.0,64.0
-103.16,1625449482.0,64.0
-57.4,1625449482.0,64.0
-2.82,1625449482.0,64.0
57.64,1625449482.0,64.0
114.37,1625449482.0,64.0
154.8,1625449482.0,64.0
167.77,1625449482.0,64.0
148.91,1625449482.0,64.0
99.29,1625449482.0,64.0
25.41,1625449482.0,64.0
-64.25,1625449482.0,64.0
-161.0,1625449482.0,64.0
-256.93,1625449482.0,64.0
-340.01,1625449482.0,64.0
-394.99,1625449482.0,64.0
-411.23,1625449482.0,64.0
-388.88,1625449482.0,64.0
-341.29,1625449482.0,64.0
-286.14,1625449482.0,64.0
-238.09,1625449482.0,64.0
-204.05,1625449482.0,64.0
-183.32,1625449482.0,64.0
-171.05,1625449482.0,64.0
-162.06,1625449482.0,64.0
-154.02,1625449482.0,64.0
-144.12,1625449482.0,64.0
-131.14,1625449482.0,64.0
-113.44,1625449482.0,64.0
-89.96,1625449482.0,64.0
-60.34,1625449482.0,64.0
-25.22,1625449482.0,64.0
13.83,1625449482.0,64.0
54.97,1625449482.0,64.0
96.67,1625449482.0,64.0
139.97,1625449482.0,64.0
182.63,1625449482.0,64.0
226.02,1625449482.0,64.0
272.74,1625449482.0,64.0
324.75,1625449482.0,64.0
381.24,1625449482.0,64.0
437.3,1625449482.0,64.0
484.23,1625449482.0,64.0
512.24,1625449482.0,64.0
514.5,1625449482.0,64.0
489.72,1625449482.0,64.0
443.32,1625449482.0,64.0
384.09,1625449482.0,64.0
320.04,1625449482.0,64.0
255.54,1625449482.0,64.0
191.44,1625449482.0,64.0
127.67,1625449482.0,64.0
66.41,1625449482.0,64.0
13.43,1625449482.0,64.0
-24.17,1625449482.0,64.0
-41.18,1625449482.0,64.0
-38.32,1625449482.0,64.0
-22.36,1625449482.0,64.0
-2.84,1625449482.0,64.0
12.52,1625449482.0,64.0
20.87,1625449482.0,64.0
24.09,1625449482.0,64.0
26.17,1625449482.0,64.0
29.72,1625449482.0,64.0
34.52,1625449482.0,64.0
37.77,1625449482.0,64.0
36.26,1625449482.0,64.0
28.73,1625449482.0,64.0
16.58,1625449482.0,64.0
2.98,1625449482.0,64.0
-8.82,1625449482.0,64.0
-16.85,1625449482.0,64.0
-20.71,1625449482.0,64.0
-20.67,1625449482.0,64.0
-17.26,1625449482.0,64.0
-10.9,1625449482.0,64.0
-2.28,1625449482.0,64.0
7.22,1625449482.0,64.0
15.47,1625449482.0,64.0
20.73,1625449482.0,64.0
23.15,1625449482.0,64.0
25.6,1625449482.0,64.0
32.91,1625449482.0,64.0
49.14,1625449482.0,64.0
74.59,1625449482.0,64.0
104.4,1625449482.0,64.0
129.78,1625449482.0,64.0
141.76,1625449482.0,64.0
135.32,1625449482.0,64.0
111.64,1625449482.0,64.0
77.09,1625449482.0,64.0
39.94,1625449482.0,64.0
6.68,1625449482.0,64.0
-19.94,1625449482.0,64.0
-40.38,1625449482.0,64.0
-56.02,1625449482.0,64.0
-66.92,1625449482.0,64.0
-71.22,1625449482.0,64.0
-66.48,1625449482.0,64.0
-52.07,1625449482.0,64.0
-30.87,1625449482.0,64.0
-8.88,1625449482.0,64.0
7.07,1625449482.0,64.0
12.17,1625449482.0,64.0
5.41,1625449482.0,64.0
-10.38,1625449482.0,64.0
-29.96,1625449482.0,64.0
-47.49,1625449482.0,64.0
-57.87,1625449482.0,64.0
-57.53,1625449482.0,64.0
-44.98,1625449482.0,64.0
-21.3,1625449482.0,64.0
9.61,1625449482.0,64.0
41.78,1625449482.0,64.0
68.83,1625449482.0,64.0
86.15,1625449482.0,64.0
92.31,1625449482.0,64.0
89.0,1625449482.0,64.0
79.4,1625449482.0,64.0
66.06,1625449482.0,64.0
49.86,1625449482.0,64.0
30.68,1625449482.0,64.0
9.11,1625449482.0,64.0
-12.73,1625449482.0,64.0
-31.43,1625449482.0,64.0
-44.3,1625449482.0,64.0
-51.13,1625449482.0,64.0
-54.68,1625449482.0,64.0
-59.89,1625449482.0,64.0
-72.47,1625449482.0,64.0
-97.03,1625449482.0,64.0
-135.75,1625449482.0,64.0
-187.48,1625449482.0,64.0
-247.56,1625449482.0,64.0
-308.47,1625449482.0,64.0
-361.43,1625449482.0,64.0
-398.6,1625449482.0,64.0
-415.64,1625449482.0,64.0
-413.44,1625449482.0,64.0
-397.23,1625449482.0,64.0
-373.87,1625449482.0,64.0
-348.85,1625449482.0,64.0
-324.68,1625449482.0,64.0
-301.24,1625449482.0,64.0
-277.52,1625449482.0,64.0
-253.14,1625449482.0,64.0
-229.27,1625449482.0,64.0
-208.47,1625449482.0,64.0
-192.53,1625449482.0,64.0
-180.65,1625449482.0,64.0
-168.94,1625449482.0,64.0
-151.76,1625449482.0,64.0
-123.79,1625449482.0,64.0
-81.82,1625449482.0,64.0
-25.81,1625449482.0,64.0
40.16,1625449482.0,64.0
107.29,1625449482.0,64.0
164.5,1625449482.0,64.0
202.1,1625449482.0,64.0
215.39,1625449482.0,64.0
206.05,1625449482.0,64.0
181.15,1625449482.0,64.0
150.25,1625449482.0,64.0
121.91,1625449482.0,64.0
106.71,1625449482.0,64.0
110.05,1625449482.0,64.0
130.08,1625449482.0,64.0
158.42,1625449482.0,64.0
185.98,1625449482.0,64.0
208.03,1625449482.0,64.0
224.34,1625449482.0,64.0
236.3,1625449482.0,64.0
244.47,1625449482.0,64.0
247.97,1625449482.0,64.0
244.35,1625449482.0,64.0
231.09,1625449482.0,64.0
207.32,1625449482.0,64.0
174.66,1625449482.0,64.0
136.06,1625449482.0,64.0
94.35,1625449482.0,64.0
51.09,1625449482.0,64.0
6.3,1625449482.0,64.0
-37.98,1625449482.0,64.0
-81.5,1625449482.0,64.0
-124.63,1625449482.0,64.0
-167.86,1625449482.0,64.0
-211.9,1625449482.0,64.0
-258.02,1625449482.0,64.0
-307.85,1625449482.0,64.0
-362.04,1625449482.0,64.0
-418.39,1625449482.0,64.0
-470.9,1625449482.0,64.0
-511.73,1625449482.0,64.0
-533.18,1625449482.0,64.0
-530.49,1625449482.0,64.0
-503.83,1625449482.0,64.0
-458.43,1625449482.0,64.0
-402.7,1625449482.0,64.0
-344.97,1625449482.0,64.0
-290.98,1625449482.0,64.0
-242.92,1625449482.0,64.0
-201.09,1625449482.0,64.0
-165.24,1625449482.0,64.0
-135.53,1625449482.0,64.0
-112.49,1625449482.0,64.0
-96.01,1625449482.0,64.0
-84.69,1625449482.0,64.0
-75.68,1625449482.0,64.0
-65.68,1625449482.0,64.0
-52.22,1625449482.0,64.0
-35.05,1625449482.0,64.0
-15.82,1625449482.0,64.0
2.69,1625449482.0,64.0
18.11,1625449482.0,64.0
29.65,1625449482.0,64.0
38.47,1625449482.0,64.0
47.17,1625449482.0,64.0
58.74,1625449482.0,64.0
75.37,1625449482.0,64.0
97.72,1625449482.0,64.0
124.91,1625449482.0,64.0
154.94,1625449482.0,64.0
185.19,1625449482.0,64.0
212.75,1625449482.0,64.0
234.7,1625449482.0,64.0
248.52,1625449482.0,64.0
252.77,1625449482.0,64.0
247.8,1625449482.0,64.0
236.07,1625449482.0,64.0
221.63,1625449482.0,64.0
208.91,1625449482.0,64.0
201.2,1625449482.0,64.0
199.8,1625449482.0,64.0
204.06,1625449482.0,64.0
212.36,1625449482.0,64.0
223.32,1625449482.0,64.0
236.46,1625449482.0,64.0
252.04,1625449482.0,64.0
270.2,1625449482.0,64.0
290.18,1625449482.0,64.0
310.01,1625449482.0,64.0
326.97,1625449482.0,64.0
338.46,1625449482.0,64.0
342.8,1625449482.0,64.0
339.71,1625449482.0,64.0
330.05,1625449482.0,64.0
315.25,1625449482.0,64.0
296.6,1625449482.0,64.0
274.8,1625449482.0,64.0
249.98,1625449482.0,64.0
222.08,1625449482.0,64.0
191.58,1625449482.0,64.0
160.0,1625449482.0,64.0
129.88,1625449482.0,64.0
104.19,1625449482.0,64.0
85.28,1625449482.0,64.0
73.93,1625449482.0,64.0
69.05,1625449482.0,64.0
68.2,1625449482.0,64.0
68.65,1625449482.0,64.0
68.49,1625449482.0,64.0
67.14,1625449482.0,64.0
65.12,1625449482.0,64.0
63.17,1625449482.0,64.0
61.43,1625449482.0,64.0
59.16,1625449482.0,64.0
55.09,1625449482.0,64.0
48.27,1625449482.0,64.0
38.77,1625449482.0,64.0
27.79,1625449482.0,64.0
17.06,1625449482.0,64.0
7.98,1625449482.0,64.0
0.88,1625449482.0,64.0
-5.06,1625449482.0,64.0
-11.3,1625449482.0,64.0
-19.09,1625449482.0,64.0
-28.9,1625449482.0,64.0
-40.33,1625449482.0,64.0
-52.52,1625449482.0,64.0
-64.58,1625449482.0,64.0
-75.83,1625449482.0,64.0
-85.76,1625449482.0,64.0
-93.78,1625449482.0,64.0
-99.18,1625449482.0,64.0
-101.29,1625449482.0,64.0
-99.76,1625449482.0,64.0
-94.7,1625449482.0,64.0
-86.69,1625449482.0,64.0
-76.55,1625449482.0,64.0
-65.12,1625449482.0,64.0
-53.22,1625449482.0,64.0
-41.81,1625449482.0,64.0
-32.1,1625449482.0,64.0
-25.49,1625449482.0,64.0
-23.05,1625449482.0,64.0
-25.02,1625449482.0,64.0
-30.38,1625449482.0,64.0
-37.0,1625449482.0,64.0
-42.11,1625449482.0,64.0
-43.31,1625449482.0,64.0
-39.3,1625449482.0,64.0
-30.4,1625449482.0,64.0
-18.49,1625449482.0,64.0
-6.37,1625449482.0,64.0
3.29,1625449482.0,64.0
8.76,1625449482.0,64.0
9.79,1625449482.0,64.0
7.41,1625449482.0,64.0
3.34,1625449482.0,64.0
-0.69,1625449482.0,64.0
-3.41,1625449482.0,64.0
-4.11,1625449482.0,64.0
-2.43,1625449482.0,64.0
1.8,1625449482.0,64.0
8.45,1625449482.0,64.0
16.91,1625449482.0,64.0
25.85,1625449482.0,64.0
33.39,1625449482.0,64.0
37.64,1625449482.0,64.0
37.52,1625449482.0,64.0
33.31,1625449482.0,64.0
26.67,1625449482.0,64.0
20.16,1625449482.0,64.0
16.32,1625449482.0,64.0
16.79,1625449482.0,64.0
21.83,1625449482.0,64.0
30.1,1625449482.0,64.0
39.2,1625449482.0,64.0
46.36,1625449482.0,64.0
49.41,1625449482.0,64.0
47.56,1625449482.0,64.0
41.81,1625449482.0,64.0
34.73,1625449482.0,64.0
29.64,1625449482.0,64.0
29.47,1625449482.0,64.0
35.69,1625449482.0,64.0
47.63,1625449482.0,64.0
62.41,1625449482.0,64.0
75.59,1625449482.0,64.0
82.2,1625449482.0,64.0
77.99,1625449482.0,64.0
60.8,1625449482.0,64.0
31.54,1625449482.0,64.0
-5.41,1625449482.0,64.0
-42.81,1625449482.0,64.0
-72.18,1625449482.0,64.0
-85.99,1625449482.0,64.0
-79.73,1625449482.0,64.0
-53.04,1625449482.0,64.0
-9.5,1625449482.0,64.0
44.84,1625449482.0,64.0
103.24,1625449482.0,64.0
159.71,1625449482.0,64.0
209.44,1625449482.0,64.0
248.64,1625449482.0,64.0
274.19,1625449482.0,64.0
283.76,1625449482.0,64.0
276.59,1625449482.0,64.0
254.17,1625449482.0,64.0
220.55,1625449482.0,64.0
181.58,1625449482.0,64.0
143.16,1625449482.0,64.0
109.63,1625449482.0,64.0
82.72,1625449482.0,64.0
61.83,1625449482.0,64.0
45.01,1625449482.0,64.0
30.51,1625449482.0,64.0
17.72,1625449482.0,64.0
7.16,1625449482.0,64.0
-0.17,1625449482.0,64.0
-3.92,1625449482.0,64.0
-5.02,1625449482.0,64.0
-5.6,1625449482.0,64.0
-8.33,1625449482.0,64.0
-15.44,1625449482.0,64.0
-27.86,1625449482.0,64.0
-45.02,1625449482.0,64.0
-65.28,1625449482.0,64.0
-86.75,1625449482.0,64.0
-108.12,1625449482.0,64.0
-129.19,1625449482.0,64.0
-150.73,1625449482.0,64.0
-174.19,1625449482.0,64.0
-201.26,1625449482.0,64.0
-233.56,1625449482.0,64.0
-272.14,1625449482.0,64.0
-316.84,1625449482.0,64.0
-365.44,1625449482.0,64.0
-413.26,1625449482.0,64.0
-453.72,1625449482.0,64.0
-479.91,1625449482.0,64.0
-487.02,1625449482.0,64.0
-474.03,1625449482.0,64.0
-444.22,1625449482.0,64.0
-403.91,1625449482.0,64.0
-360.16,1625449482.0,64.0
-318.53,1625449482.0,64.0
-282.09,1625449482.0,64.0
-251.59,1625449482.0,64.0
-226.42,1625449482.0,64.0
-205.67,1625449482.0,64.0
-188.48,1625449482.0,64.0
-173.89,1625449482.0,64.0
-160.64,1625449482.0,64.0
-147.29,1625449482.0,64.0
-132.61,1625449482.0,64.0
-116.26,1625449482.0,64.0
-98.98,1625449482.0,64.0
-82.46,1625449482.0,64.0
-68.69,1625449482.0,64.0
-59.22,1625449482.0,64.0
-54.52,1625449482.0,64.0
-53.85,1625449482.0,64.0
-55.53,1625449482.0,64.0
-57.56,1625449482.0,64.0
-58.26,1625449482.0,64.0
-56.83,1625449482.0,64.0
-53.4,1625449482.0,64.0
-48.89,1625449482.0,64.0
-44.49,1625449482.0,64.0
-41.26,1625449482.0,64.0
-39.75,1625449482.0,64.0
-40.01,1625449482.0,64.0
-41.75,1625449482.0,64.0
-44.54,1625449482.0,64.0
-47.98,1625449482.0,64.0
-51.72,1625449482.0,64.0
-55.36,1625449482.0,64.0
-58.31,1625449482.0,64.0
-59.76,1625449482.0,64.0
-58.78,1625449482.0,64.0
-54.57,1625449482.0,64.0
-46.65,1625449482.0,64.0
-35.09,1625449482.0,64.0
-20.5,1625449482.0,64.0
-3.93,1625449482.0,64.0
13.32,1625449482.0,64.0
29.79,1625449482.0,64.0
44.25,1625449482.0,64.0
55.78,1625449482.0,64.0
64.04,1625449482.0,64.0
69.36,1625449482.0,64.0
72.6,1625449482.0,64.0
74.9,1625449482.0,64.0
77.31,1625449482.0,64.0
80.52,1625449482.0,64.0
84.7,1625449482.0,64.0
89.62,1625449482.0,64.0
94.73,1625449482.0,64.0
99.49,1625449482.0,64.0
103.47,1625449482.0,64.0
106.37,1625449482.0,64.0
107.99,1625449482.0,64.0
108.22,1625449482.0,64.0
106.97,1625449482.0,64.0
104.18,1625449482.0,64.0
99.9,1625449482.0,64.0
94.24,1625449482.0,64.0
87.48,1625449482.0,64.0
80.01,1625449482.0,64.0
72.25,1625449482.0,64.0
64.63,1625449482.0,64.0
57.5,1625449482.0,64.0
51.04,1625449482.0,64.0
45.23,1625449482.0,64.0
39.87,1625449482.0,64.0
34.64,1625449482.0,64.0
29.22,1625449482.0,64.0
23.35,1625449482.0,64.0
16.9,1625449482.0,64.0
9.99,1625449482.0,64.0
2.91,1625449482.0,64.0
-3.78,1625449482.0,64.0
-9.36,1625449482.0,64.0
-13.07,1625449482.0,64.0
-14.29,1625449482.0,64.0
-12.72,1625449482.0,64.0
-8.47,1625449482.0,64.0
-1.98,1625449482.0,64.0
6.1,1625449482.0,64.0
15.17,1625449482.0,64.0
24.67,1625449482.0,64.0
34.27,1625449482.0,64.0
43.62,1625449482.0,64.0
52.39,1625449482.0,64.0
60.14,1625449482.0,64.0
66.44,1625449482.0,64.0
70.97,1625449482.0,64.0
73.72,1625449482.0,64.0
75.06,1625449482.0,64.0
75.62,1625449482.0,64.0
76.13,1625449482.0,64.0
77.07,1625449482.0,64.0
78.51,1625449482.0,64.0
80.11,1625449482.0,64.0
81.3,1625449482.0,64.0
81.59,1625449482.0,64.0
80.72,1625449482.0,64.0
78.78,1625449482.0,64.0
76.07,1625449482.0,64.0
72.91,1625449482.0,64.0
69.53,1625449482.0,64.0
66.03,1625449482.0,64.0
62.44,1625449482.0,64.0
58.76,1625449482.0,64.0
55.04,1625449482.0,64.0
51.28,1625449482.0,64.0
47.39,1625449482.0,64.0
43.15,1625449482.0,64.0
38.23,1625449482.0,64.0
32.23,1625449482.0,64.0
24.87,1625449482.0,64.0
16.1,1625449482.0,64.0
6.16,1625449482.0,64.0
-4.46,1625449482.0,64.0
-15.03,1625449482.0,64.0
-24.74,1625449482.0,64.0
-32.82,1625449482.0,64.0
-38.58,1625449482.0,64.0
-41.63,1625449482.0,64.0
-41.88,1625449482.0,64.0
-39.67,1625449482.0,64.0
-35.57,1625449482.0,64.0
-30.27,1625449482.0,64.0
-24.33,1625449482.0,64.0
-18.09,1625449482.0,64.0
-11.66,1625449482.0,64.0
-5.05,1625449482.0,64.0
1.63,1625449482.0,64.0
8.17,1625449482.0,64.0
14.35,1625449482.0,64.0
20.07,1625449482.0,64.0
25.49,1625449482.0,64.0
30.89,1625449482.0,64.0
36.47,1625449482.0,64.0
42.19,1625449482.0,64.0
47.59,1625449482.0,64.0
52.02,1625449482.0,64.0
54.89,1625449482.0,64.0
55.95,1625449482.0,64.0
55.36,1625449482.0,64.0
53.62,1625449482.0,64.0
51.31,1625449482.0,64.0
48.94,1625449482.0,64.0
46.74,1625449482.0,64.0
44.81,1625449482.0,64.0
43.07,1625449482.0,64.0
41.35,1625449482.0,64.0
39.39,1625449482.0,64.0
36.84,1625449482.0,64.0
33.34,1625449482.0,64.0
28.62,1625449482.0,64.0
22.68,1625449482.0,64.0
15.81,1625449482.0,64.0
8.45,1625449482.0,64.0
1.08,1625449482.0,64.0
-6.0,1625449482.0,64.0
-12.65,1625449482.0,64.0
-18.82,1625449482.0,64.0
-24.46,1625449482.0,64.0
-29.44,1625449482.0,64.0
-33.59,1625449482.0,64.0
-36.78,1625449482.0,64.0
-38.96,1625449482.0,64.0
-40.17,1625449482.0,64.0
-40.49,1625449482.0,64.0
-40.04,1625449482.0,64.0
-38.85,1625449482.0,64.0
-36.95,1625449482.0,64.0
-34.27,1625449482.0,64.0
-30.65,1625449482.0,64.0
-25.85,1625449482.0,64.0
-19.66,1625449482.0,64.0
-11.99,1625449482.0,64.0
-3.07,1625449482.0,64.0
6.51,1625449482.0,64.0
15.9,1625449482.0,64.0
24.22,1625449482.0,64.0
30.9,1625449482.0,64.0
35.83,1625449482.0,64.0
39.32,1625449482.0,64.0
41.88,1625449482.0,64.0
43.95,1625449482.0,64.0
45.69,1625449482.0,64.0
47.04,1625449482.0,64.0
47.91,1625449482.0,64.0
48.29,1625449482.0,64.0
48.4,1625449482.0,64.0
48.49,1625449482.0,64.0
48.68,1625449482.0,64.0
48.8,1625449482.0,64.0
48.46,1625449482.0,64.0
47.2,1625449482.0,64.0
44.8,1625449482.0,64.0
41.37,1625449482.0,64.0
37.28,1625449482.0,64.0
32.99,1625449482.0,64.0
28.79,1625449482.0,64.0
24.7,1625449482.0,64.0
20.5,1625449482.0,64.0
15.89,1625449482.0,64.0
10.59,1625449482.0,64.0
4.48,1625449482.0,64.0
-2.38,1625449482.0,64.0
-9.86,1625449482.0,64.0
-17.72,1625449482.0,64.0
-25.66,1625449482.0,64.0
-33.28,1625449482.0,64.0
-40.03,1625449482.0,64.0
-45.31,1625449482.0,64.0
-48.6,1625449482.0,64.0
-49.6,1625449482.0,64.0
-48.32,1625449482.0,64.0
-45.05,1625449482.0,64.0
-40.28,1625449482.0,64.0
-34.44,1625449482.0,64.0
-27.79,1625449482.0,64.0
-20.43,1625449482.0,64.0
-12.36,1625449482.0,64.0
-3.7,1625449482.0,64.0
5.22,1625449482.0,64.0
13.85,1625449482.0,64.0
21.55,1625449482.0,64.0
27.82,1625449482.0,64.0
32.46,1625449482.0,64.0
35.57,1625449482.0,64.0
37.51,1625449482.0,64.0
38.7,1625449482.0,64.0
39.45,1625449482.0,64.0
39.88,1625449482.0,64.0
39.93,1625449482.0,64.0
39.5,1625449482.0,64.0
38.54,1625449482.0,64.0
37.17,1625449482.0,64.0
35.56,1625449482.0,64.0
33.95,1625449482.0,64.0
32.45,1625449482.0,64.0
30.99,1625449482.0,64.0
29.37,1625449482.0,64.0
27.29,1625449482.0,64.0
24.5,1625449482.0,64.0
20.93,1625449482.0,64.0
16.72,1625449482.0,64.0
12.16,1625449482.0,64.0
7.57,1625449482.0,64.0
3.16,1625449482.0,64.0
-1.06,1625449482.0,64.0
-5.28,1625449482.0,64.0
-9.76,1625449482.0,64.0
-14.7,1625449482.0,64.0
-20.15,1625449482.0,64.0
-26.06,1625449482.0,64.0
-32.28,1625449482.0,64.0
-38.65,1625449482.0,64.0
-45.01,1625449482.0,64.0
-51.03,1625449482.0,64.0
-56.26,1625449482.0,64.0
-60.13,1625449482.0,64.0
-62.18,1625449482.0,64.0
-62.19,1625449482.0,64.0
-60.27,1625449482.0,64.0
-56.74,1625449482.0,64.0
-51.96,1625449482.0,64.0
-46.14,1625449482.0,64.0
-39.28,1625449482.0,64.0
-31.31,1625449482.0,64.0
-22.3,1625449482.0,64.0
-12.64,1625449482.0,64.0
-2.97,1625449482.0,64.0
6.0,1625449482.0,64.0
13.7,1625449482.0,64.0
19.9,1625449482.0,64.0
24.66,1625449482.0,64.0
28.24,1625449482.0,64.0
30.98,1625449482.0,64.0
33.13,1625449482.0,64.0
34.9,1625449482.0,64.0
36.39,1625449482.0,64.0
37.62,1625449482.0,64.0
38.57,1625449482.0,64.0
39.16,1625449482.0,64.0
39.34,1625449482.0,64.0
39.09,1625449482.0,64.0
38.45,1625449482.0,64.0
37.4,1625449482.0,64.0
35.88,1625449482.0,64.0
33.65,1625449482.0,64.0
30.38,1625449482.0,64.0
25.79,1625449482.0,64.0
19.83,1625449482.0,64.0
12.76,1625449482.0,64.0
5.13,1625449482.0,64.0
-2.32,1625449482.0,64.0
-8.89,1625449482.0,64.0
-14.1,1625449482.0,64.0
-17.86,1625449482.0,64.0
-20.39,1625449482.0,64.0
-22.21,1625449482.0,64.0
-23.88,1625449482.0,64.0
-25.94,1625449482.0,64.0
-28.69,1625449482.0,64.0
-32.2,1625449482.0,64.0
-36.34,1625449482.0,64.0
-40.74,1625449482.0,64.0
-44.94,1625449482.0,64.0
-48.32,1625449482.0,64.0
-50.25,1625449482.0,64.0
-50.2,1625449482.0,64.0
-47.87,1625449482.0,64.0
-43.32,1625449482.0,64.0
-36.92,1625449482.0,64.0
-29.25,1625449482.0,64.0
-20.89,1625449482.0,64.0
-12.29,1625449482.0,64.0
-3.73,1625449482.0,64.0
4.52,1625449482.0,64.0
12.13,1625449482.0,64.0
18.7,1625449482.0,64.0
23.83,1625449482.0,64.0
27.36,1625449482.0,64.0
29.43,1625449482.0,64.0
30.53,1625449482.0,64.0
31.25,1625449482.0,64.0
32.05,1625449482.0,64.0
33.03,1625449482.0,64.0
34.0,1625449482.0,64.0
34.55,1625449482.0,64.0
34.36,1625449482.0,64.0
33.36,1625449482.0,64.0
31.72,1625449482.0,64.0
29.8,1625449482.0,64.0
27.86,1625449482.0,64.0
26.0,1625449482.0,64.0
24.11,1625449482.0,64.0
21.97,1625449482.0,64.0
19.4,1625449482.0,64.0
16.34,1625449482.0,64.0
12.89,1625449482.0,64.0
9.26,1625449482.0,64.0
5.69,1625449482.0,64.0
2.34,1625449482.0,64.0
-0.76,1625449482.0,64.0
-3.69,1625449482.0,64.0
-6.58,1625449482.0,64.0
-9.6,1625449482.0,64.0
-12.87,1625449482.0,64.0
-16.48,1625449482.0,64.0
-20.44,1625449482.0,64.0
-24.76,1625449482.0,64.0
-29.31,1625449482.0,64.0
-33.86,1625449482.0,64.0
-38.05,1625449482.0,64.0
-41.35,1625449482.0,64.0
-43.28,1625449482.0,64.0
-43.46,1625449482.0,64.0
-41.81,1625449482.0,64.0
-38.55,1625449482.0,64.0
-34.11,1625449482.0,64.0
-28.94,1625449482.0,64.0
-23.42,1625449482.0,64.0
-17.76,1625449482.0,64.0
-12.05,1625449482.0,64.0
-6.4,1625449482.0,64.0
-1.01,1625449482.0,64.0
3.85,1625449482.0,64.0
7.87,1625449482.0,64.0
10.87,1625449482.0,64.0
12.86,1625449482.0,64.0
14.12,1625449482.0,64.0
15.06,1625449482.0,64.0
16.06,1625449482.0,64.0
17.36,1625449482.0,64.0
18.89,1625449482.0,64.0
20.34,1625449482.0,64.0
21.34,1625449482.0,64.0
21.64,1625449482.0,64.0
21.21,1625449482.0,64.0
20.23,1625449482.0,64.0
18.95,1625449482.0,64.0
17.53,1625449482.0,64.0
15.94,1625449482.0,64.0
14.05,1625449482.0,64.0
11.72,1625449482.0,64.0
8.93,1625449482.0,64.0
5.83,1625449482.0,64.0
2.63,1625449482.0,64.0
-0.49,1625449482.0,64.0
-3.48,1625449482.0,64.0
-6.44,1625449482.0,64.0
-9.51,1625449482.0,64.0
-12.81,1625449482.0,64.0
-16.36,1625449482.0,64.0
-20.02,1625449482.0,64.0
-23.65,1625449482.0,64.0
-27.11,1625449482.0,64.0
-30.35,1625449482.0,64.0
-33.39,1625449482.0,64.0
-36.24,1625449482.0,64.0
-38.74,1625449482.0,64.0
-40.57,1625449482.0,64.0
-41.28,1625449482.0,64.0
-40.47,1625449482.0,64.0
-37.98,1625449482.0,64.0
-33.95,1625449482.0,64.0
-28.8,1625449482.0,64.0
-23.08,1625449482.0,64.0
-17.25,1625449482.0,64.0
-11.58,1625449482.0,64.0
-6.23,1625449482.0,64.0
-1.31,1625449482.0,64.0
2.99,1625449482.0,64.0
6.43,1625449482.0,64.0
8.92,1625449482.0,64.0
10.57,1625449482.0,64.0
11.73,1625449482.0,64.0
12.86,1625449482.0,64.0
14.3,1625449482.0,64.0
16.09,1625449482.0,64.0
17.95,1625449482.0,64.0
19.45,1625449482.0,64.0
20.2,1625449482.0,64.0
20.06,1625449482.0,64.0
19.15,1625449482.0,64.0
17.81,1625449482.0,64.0
16.39,1625449482.0,64.0
15.06,1625449482.0,64.0
13.79,1625449482.0,64.0
12.36,1625449482.0,64.0
10.49,1625449482.0,64.0
8.02,1625449482.0,64.0
4.99,1625449482.0,64.0
1.64,1625449482.0,64.0
-1.69,1625449482.0,64.0
-4.72,1625449482.0,64.0
-7.37,1625449482.0,64.0
-9.79,1625449482.0,64.0
-12.25,1625449482.0,64.0
-15.04,1625449482.0,64.0
-18.31,1625449482.0,64.0
-22.05,1625449482.0,64.0
-26.14,1625449482.0,64.0
-30.4,1625449482.0,64.0
-34.59,1625449482.0,64.0
-38.43,1625449482.0,64.0
-41.56,1625449482.0,64.0
-43.58,1625449482.0,64.0
-44.13,1625449482.0,64.0
-42.97,1625449482.0,64.0
-40.12,1625449482.0,64.0
-35.84,1625449482.0,64.0
-30.58,1625449482.0,64.0
-24.83,1625449482.0,64.0
-18.99,1625449482.0,64.0
-13.28,1625449482.0,64.0
-7.75,1625449482.0,64.0
-2.39,1625449482.0,64.0
2.77,1625449482.0,64.0
7.56,1625449482.0,64.0
11.74,1625449482.0,64.0
15.07,1625449482.0,64.0
17.48,1625449482.0,64.0
19.12,1625449482.0,64.0
20.29,1625449482.0,64.0
21.29,1625449482.0,64.0
22.27,1625449482.0,64.0
23.09,1625449482.0,64.0
23.5,1625449482.0,64.0
23.29,1625449482.0,64.0
22.41,1625449482.0,64.0
21.06,1625449482.0,64.0
19.53,1625449482.0,64.0
17.99,1625449482.0,64.0
16.47,1625449482.0,64.0
14.78,1625449482.0,64.0
12.69,1625449482.0,64.0
10.11,1625449482.0,64.0
7.14,1625449482.0,64.0
4.08,1625449482.0,64.0
1.25,1625449482.0,64.0
-1.19,1625449482.0,64.0
-3.33,1625449482.0,64.0
-5.45,1625449482.0,64.0
-7.92,1625449482.0,64.0
-11.01,1625449482.0,64.0
-14.78,1625449482.0,64.0
-19.07,1625449482.0,64.0
-23.56,1625449482.0,64.0
-27.85,1625449482.0,64.0
-31.55,1625449482.0,64.0
-34.35,1625449482.0,64.0
-36.02,1625449482.0,64.0
-36.46,1625449482.0,64.0
-35.66,1625449482.0,64.0
-33.79,1625449482.0,64.0
-31.01,1625449482.0,64.0
-27.49,1625449482.0,64.0
-23.31,1625449482.0,64.0
-18.5,1625449482.0,64.0
-13.13,1625449482.0,64.0
-7.42,1625449482.0,64.0
-1.67,1625449482.0,64.0
3.68,1625449482.0,64.0
8.27,1625449482.0,64.0
11.9,1625449482.0,64.0
14.54,1625449482.0,64.0
16.35,1625449482.0,64.0
17.54,1625449482.0,64.0
18.28,1625449482.0,64.0
18.73,1625449482.0,64.0
18.94,1625449482.0,64.0
18.96,1625449482.0,64.0
18.8,1625449482.0,64.0
18.42,1625449482.0,64.0
17.75,1625449482.0,64.0
16.69,1625449482.0,64.0
15.15,1625449482.0,64.0
13.15,1625449482.0,64.0
10.78,1625449482.0,64.0
8.25,1625449482.0,64.0
5.77,1625449482.0,64.0
3.43,1625449482.0,64.0
1.18,1625449482.0,64.0
-1.15,1625449482.0,64.0
-3.77,1625449482.0,64.0
-6.74,1625449482.0,64.0
-9.96,1625449482.0,64.0
-13.19,1625449482.0,64.0
-16.22,1625449482.0,64.0
-19.03,1625449482.0,64.0
-21.84,1625449482.0,64.0
-24.92,1625449482.0,64.0
-28.42,1625449482.0,64.0
-32.16,1625449482.0,64.0
-35.58,1625449482.0,64.0
-37.93,1625449482.0,64.0
-38.51,1625449482.0,64.0
-36.99,1625449482.0,64.0
-33.53,1625449482.0,64.0
-28.78,1625449482.0,64.0
-23.64,1625449482.0,64.0
-18.98,1625449482.0,64.0
-15.36,1625449482.0,64.0
-12.9,1625449482.0,64.0
-11.24,1625449482.0,64.0
-9.82,1625449482.0,64.0
-8.16,1625449482.0,64.0
-6.11,1625449482.0,64.0
-4.04,1625449482.0,64.0
-2.62,1625449482.0,64.0
-2.52,1625449482.0,64.0
-4.11,1625449482.0,64.0
-7.13,1625449482.0,64.0
-10.93,1625449482.0,64.0
-14.54,1625449482.0,64.0
-17.18,1625449482.0,64.0
-18.15,1625449482.0,64.0
-16.85,1625449482.0,64.0
-13.04,1625449482.0,64.0
-7.17,1625449482.0,64.0
-1.17,1625449482.0,64.0
1.53,1625449482.0,64.0
-3.07,1625449482.0,64.0
-17.8,1625449482.0,64.0
-42.72,1625449482.0,64.0
-74.5,1625449482.0,64.0
-107.55,1625449482.0,64.0
-135.96,1625449482.0,64.0
-155.45,1625449482.0,64.0
-164.24,1625449482.0,64.0
-162.69,1625449482.0,64.0
-152.28,1625449482.0,64.0
-134.79,1625449482.0,64.0
-111.99,1625449482.0,64.0
-85.72,1625449482.0,64.0
-58.0,1625449482.0,64.0
-30.85,1625449482.0,64.0
-5.79,1625449482.0,64.0
16.42,1625449482.0,64.0
35.85,1625449482.0,64.0
52.84,1625449482.0,64.0
67.44,1625449482.0,64.0
79.31,1625449482.0,64.0
87.75,1625449482.0,64.0
92.22,1625449482.0,64.0
92.41,1625449482.0,64.0
88.58,1625449482.0,64.0
81.29,1625449482.0,64.0
71.81,1625449482.0,64.0
62.26,1625449482.0,64.0
55.43,1625449482.0,64.0
54.3,1625449482.0,64.0
60.9,1625449482.0,64.0
75.19,1625449482.0,64.0
94.45,1625449482.0,64.0
113.8,1625449482.0,64.0
127.63,1625449482.0,64.0
131.79,1625449482.0,64.0
125.16,1625449482.0,64.0
110.08,1625449482.0,64.0
91.17,1625449482.0,64.0
73.24,1625449482.0,64.0
59.3,1625449482.0,64.0
49.85,1625449482.0,64.0
43.55,1625449482.0,64.0
38.47,1625449482.0,64.0
33.37,1625449482.0,64.0
28.05,1625449482.0,64.0
23.0,1625449482.0,64.0
18.66,1625449482.0,64.0
14.98,1625449482.0,64.0
11.46,1625449482.0,64.0
7.64,1625449482.0,64.0
3.45,1625449482.0,64.0
-0.63,1625449482.0,64.0
-4.0,1625449482.0,64.0
-6.47,1625449482.0,64.0
-8.43,1625449482.0,64.0
-10.7,1625449482.0,64.0
-14.06,1625449482.0,64.0
-18.7,1625449482.0,64.0
-24.06,1625449482.0,64.0
-29.06,1625449482.0,64.0
-32.67,1625449482.0,64.0
-34.3,1625449482.0,64.0
-34.09,1625449482.0,64.0
-32.6,1625449482.0,64.0
-30.53,1625449482.0,64.0
-28.38,1625449482.0,64.0
-26.29,1625449482.0,64.0
-24.18,1625449482.0,64.0
-21.97,1625449482.0,64.0
-19.78,1625449482.0,64.0
-17.86,1625449482.0,64.0
-16.56,1625449482.0,64.0
-16.07,1625449482.0,64.0
-16.44,1625449482.0,64.0
-17.76,1625449482.0,64.0
-20.4,1625449482.0,64.0
-24.97,1625449482.0,64.0
-31.66,1625449482.0,64.0
-39.55,1625449482.0,64.0
-46.13,1625449482.0,64.0
-48.1,1625449482.0,64.0
-42.96,1625449482.0,64.0
-30.87,1625449482.0,64.0
-15.42,1625449482.0,64.0
-2.39,1625449482.0,64.0
2.71,1625449482.0,64.0
-2.72,1625449482.0,64.0
-17.04,1625449482.0,64.0
-35.28,1625449482.0,64.0
-51.32,1625449482.0,64.0
-60.37,1625449482.0,64.0
-60.32,1625449482.0,64.0
-51.61,1625449482.0,64.0
-36.15,1625449482.0,64.0
-15.99,1625449482.0,64.0
7.11,1625449482.0,64.0
31.85,1625449482.0,64.0
57.21,1625449482.0,64.0
82.43,1625449482.0,64.0
107.55,1625449482.0,64.0
133.86,1625449482.0,64.0
164.12,1625449482.0,64.0
201.84,1625449482.0,64.0
249.61,1625449482.0,64.0
307.0,1625449482.0,64.0
369.34,1625449482.0,64.0
428.1,1625449482.0,64.0
473.28,1625449482.0,64.0
496.94,1625449482.0,64.0
496.3,1625449482.0,64.0
474.62,1625449482.0,64.0
439.57,1625449482.0,64.0
399.85,1625449482.0,64.0
361.99,1625449482.0,64.0
328.71,1625449482.0,64.0
299.48,1625449482.0,64.0
272.31,1625449482.0,64.0
245.61,1625449482.0,64.0
218.84,1625449482.0,64.0
192.14,1625449482.0,64.0
165.55,1625449482.0,64.0
138.53,1625449482.0,64.0
110.18,1625449482.0,64.0
79.85,1625449482.0,64.0
47.65,1625449482.0,64.0
14.4,1625449482.0,64.0
-18.6,1625449482.0,64.0
-50.45,1625449482.0,64.0
-81.25,1625449482.0,64.0
-112.18,1625449482.0,64.0
-144.97,1625449482.0,64.0
-180.72,1625449482.0,64.0
-218.82,1625449482.0,64.0
-256.5,1625449482.0,64.0
-289.4,1625449482.0,64.0
-313.13,1625449482.0,64.0
-325.06,1625449482.0,64.0
-325.27,1625449482.0,64.0
-316.44,1625449482.0,64.0
-302.58,1625449482.0,64.0
-287.39,1625449482.0,64.0
-273.11,1625449482.0,64.0
-260.33,1625449482.0,64.0
-248.6,1625449482.0,64.0
-237.32,1625449482.0,64.0
-226.4,1625449482.0,64.0
-216.2,1625449482.0,64.0
-207.09,1625449482.0,64.0
-199.06,1625449482.0,64.0
-191.54,1625449482.0,64.0
-183.63,1625449482.0,64.0
-174.48,1625449482.0,64.0
-163.57,1625449482.0,64.0
-150.76,1625449482.0,64.0
-136.15,1625449482.0,64.0
-119.94,1625449482.0,64.0
-102.37,1625449482.0,64.0
-83.9,1625449482.0,64.0
-65.38,1625449482.0,64.0
-48.07,1625449482.0,64.0
-33.4,1625449482.0,64.0
-22.55,1625449482.0,64.0
-15.92,1625449482.0,64.0
-12.98,1625449482.0,64.0
-12.39,1625449482.0,64.0
-12.57,1625449482.0,64.0
-12.23,1625449482.0,64.0
-10.71,1625449482.0,64.0
-8.08,1625449482.0,64.0
-4.82,1625449482.0,64.0
-1.48,1625449482.0,64.0
1.54,1625449482.0,64.0
4.09,1625449482.0,64.0
6.17,1625449482.0,64.0
7.74,1625449482.0,64.0
8.7,1625449482.0,64.0
8.89,1625449482.0,64.0
8.28,1625449482.0,64.0
7.0,1625449482.0,64.0
5.37,1625449482.0,64.0
3.72,1625449482.0,64.0
2.24,1625449482.0,64.0
0.9,1625449482.0,64.0
-0.48,1625449482.0,64.0
-2.15,1625449482.0,64.0
-4.22,1625449482.0,64.0
-6.66,1625449482.0,64.0
-9.31,1625449482.0,64.0
-12.02,1625449482.0,64.0
-14.71,1625449482.0,64.0
-17.46,1625449482.0,64.0
-20.35,1625449482.0,64.0
-23.43,1625449482.0,64.0
-26.57,1625449482.0,64.0
-29.47,1625449482.0,64.0
-31.67,1625449482.0,64.0
-32.76,1625449482.0,64.0
-32.38,1625449482.0,64.0
-30.42,1625449482.0,64.0
-27.03,1625449482.0,64.0
-22.57,1625449482.0,64.0
-17.53,1625449482.0,64.0
-12.36,1625449482.0,64.0
-7.47,1625449482.0,64.0
-3.1,1625449482.0,64.0
0.56,1625449482.0,64.0
3.46,1625449482.0,64.0
5.59,1625449482.0,64.0
7.08,1625449482.0,64.0
8.16,1625449482.0,64.0
9.11,1625449482.0,64.0
10.2,1625449482.0,64.0
11.56,1625449482.0,64.0
13.17,1625449482.0,64.0
14.8,1625449482.0,64.0
16.19,1625449482.0,64.0
17.1,1625449482.0,64.0
17.44,1625449482.0,64.0
17.25,1625449482.0,64.0
16.66,1625449482.0,64.0
15.79,1625449482.0,64.0
14.73,1625449482.0,64.0
13.47,1625449482.0,64.0
11.94,1625449482.0,64.0
10.09,1625449482.0,64.0
7.85,1625449482.0,64.0
5.29,1625449482.0,64.0
2.53,1625449482.0,64.0
-0.26,1625449482.0,64.0
-2.9,1625449482.0,64.0
-5.3,1625449482.0,64.0
-7.56,1625449482.0,64.0
-9.91,1625449482.0,64.0
-12.67,1625449482.0,64.0
-16.1,1625449482.0,64.0
-20.27,1625449482.0,64.0
-24.94,1625449482.0,64.0
-29.64,1625449482.0,64.0
-33.76,1625449482.0,64.0
-36.72,1625449482.0,64.0
-38.11,1625449482.0,64.0
-37.78,1625449482.0,64.0
-35.85,1625449482.0,64.0
-32.6,1625449482.0,64.0
-28.44,1625449482.0,64.0
-23.76,1625449482.0,64.0
-18.84,1625449482.0,64.0
-13.81,1625449482.0,64.0
-8.68,1625449482.0,64.0
-3.4,1625449482.0,64.0
1.96,1625449482.0,64.0
7.19,1625449482.0,64.0
11.94,1625449482.0,64.0
15.85,1625449482.0,64.0
18.72,1625449482.0,64.0
20.56,1625449482.0,64.0
21.65,1625449482.0,64.0
22.39,1625449482.0,64.0
23.17,1625449482.0,64.0
24.25,1625449482.0,64.0
25.68,1625449482.0,64.0
27.32,1625449482.0,64.0
28.87,1625449482.0,64.0
30.02,1625449482.0,64.0
30.47,1625449482.0,64.0
30.05,1625449482.0,64.0
28.82,1625449482.0,64.0
27.1,1625449482.0,64.0
25.41,1625449482.0,64.0
24.3,1625449482.0,64.0
24.13,1625449482.0,64.0
24.79,1625449482.0,64.0
25.74,1625449482.0,64.0
26.18,1625449482.0,64.0
25.49,1625449482.0,64.0
23.59,1625449482.0,64.0
21.04,1625449482.0,64.0
18.87,1625449482.0,64.0
18.08,1625449482.0,64.0
19.06,1625449482.0,64.0
21.32,1625449482.0,64.0
23.58,1625449482.0,64.0
24.36,1625449482.0,64.0
22.73,1625449482.0,64.0
18.88,1625449482.0,64.0
14.27,1625449482.0,64.0
11.12,1625449482.0,64.0
11.61,1625449482.0,64.0
17.02,1625449482.0,64.0
27.48,1625449482.0,64.0
41.93,1625449482.0,64.0
58.52,1625449482.0,64.0
74.85,1625449482.0,64.0
88.12,1625449482.0,64.0
95.3,1625449482.0,64.0
93.77,1625449482.0,64.0
82.08,1625449482.0,64.0
60.69,1625449482.0,64.0
32.01,1625449482.0,64.0
-0.65,1625449482.0,64.0
-34.85,1625449482.0,64.0
-70.46,1625449482.0,64.0
-109.9,1625449482.0,64.0
-156.31,1625449482.0,64.0
-210.77,1625449482.0,64.0
-270.13,1625449482.0,64.0
-327.07,1625449482.0,64.0
-372.75,1625449482.0,64.0
-400.59,1625449482.0,64.0
-409.12,1625449482.0,64.0
-402.16,1625449482.0,64.0
-386.31,1625449482.0,64.0
-367.28,1625449482.0,64.0
-347.37,1625449482.0,64.0
-325.24,1625449482.0,64.0
-298.08,1625449482.0,64.0
-264.27,1625449482.0,64.0
-225.08,1625449482.0,64.0
-184.25,1625449482.0,64.0
-145.86,1625449482.0,64.0
-112.32,1625449482.0,64.0
-83.21,1625449482.0,64.0
-55.89,1625449482.0,64.0
-27.15,1625449482.0,64.0
5.21,1625449482.0,64.0
41.84,1625449482.0,64.0
82.13,1625449482.0,64.0
125.08,1625449482.0,64.0
169.73,1625449482.0,64.0
214.79,1625449482.0,64.0
258.05,1625449482.0,64.0
295.89,1625449482.0,64.0
323.84,1625449482.0,64.0
337.91,1625449482.0,64.0
336.04,1625449482.0,64.0
318.93,1625449482.0,64.0
289.65,1625449482.0,64.0
252.34,1625449482.0,64.0
210.93,1625449482.0,64.0
168.23,1625449482.0,64.0
126.23,1625449482.0,64.0
86.7,1625449482.0,64.0
51.68,1625449482.0,64.0
23.31,1625449482.0,64.0
3.17,1625449482.0,64.0
-8.56,1625449482.0,64.0
-13.56,1625449482.0,64.0
-15.24,1625449482.0,64.0
-17.96,1625449482.0,64.0
-25.78,1625449482.0,64.0
-41.06,1625449482.0,64.0
-63.46,1625449482.0,64.0
-89.85,1625449482.0,64.0
-115.32,1625449482.0,64.0
-135.0,1625449482.0,64.0
-145.81,1625449482.0,64.0
-147.52,1625449482.0,64.0
-142.29,1625449482.0,64.0
-133.19,1625449482.0,64.0
-122.59,1625449482.0,64.0
-111.26,1625449482.0,64.0
-98.56,1625449482.0,64.0
-83.48,1625449482.0,64.0
-65.48,1625449482.0,64.0
-44.69,1625449482.0,64.0
-21.32,1625449482.0,64.0
4.86,1625449482.0,64.0
34.47,1625449482.0,64.0
67.8,1625449482.0,64.0
104.01,1625449482.0,64.0
141.05,1625449482.0,64.0
176.16,1625449482.0,64.0
206.96,1625449482.0,64.0
232.31,1625449482.0,64.0
252.3,1625449482.0,64.0
267.71,1625449482.0,64.0
279.35,1625449482.0,64.0
287.7,1625449482.0,64.0
293.11,1625449482.0,64.0
296.23,1625449482.0,64.0
298.13,1625449482.0,64.0
299.96,1625449482.0,64.0
302.52,1625449482.0,64.0
305.83,1625449482.0,64.0
309.39,1625449482.0,64.0
312.7,1625449482.0,64.0
315.77,1625449482.0,64.0
319.17,1625449482.0,64.0
323.48,1625449482.0,64.0
328.52,1625449482.0,64.0
332.95,1625449482.0,64.0
334.33,1625449482.0,64.0
329.87,1625449482.0,64.0
317.49,1625449482.0,64.0
296.74,1625449482.0,64.0
269.07,1625449482.0,64.0
237.35,1625449482.0,64.0
204.82,1625449482.0,64.0
173.97,1625449482.0,64.0
145.87,1625449482.0,64.0
120.21,1625449482.0,64.0
95.88,1625449482.0,64.0
71.83,1625449482.0,64.0
47.64,1625449482.0,64.0
23.56,1625449482.0,64.0
0.19,1625449482.0,64.0
-22.0,1625449482.0,64.0
-43.05,1625449482.0,64.0
-63.55,1625449482.0,64.0
-84.45,1625449482.0,64.0
-106.78,1625449482.0,64.0
-131.53,1625449482.0,64.0
-159.47,1625449482.0,64.0
-190.87,1625449482.0,64.0
-225.01,1625449482.0,64.0
-259.87,1625449482.0,64.0
-292.1,1625449482.0,64.0
-317.8,1625449482.0,64.0
-333.7,1625449482.0,64.0
-338.38,1625449482.0,64.0
-332.81,1625449482.0,64.0
-319.92,1625449482.0,64.0
-303.45,1625449482.0,64.0
-286.63,1625449482.0,64.0
-271.24,1625449482.0,64.0
-257.58,1625449482.0,64.0
-244.99,1625449482.0,64.0
-232.65,1625449482.0,64.0
-220.03,1625449482.0,64.0
-206.93,1625449482.0,64.0
-193.21,1625449482.0,64.0
-178.63,1625449482.0,64.0
-163.0,1625449482.0,64.0
-146.4,1625449482.0,64.0
-129.29,1625449482.0,64.0
-112.49,1625449482.0,64.0
-97.07,1625449482.0,64.0
-83.95,1625449482.0,64.0
-73.67,1625449482.0,64.0
-66.12,1625449482.0,64.0
-60.64,1625449482.0,64.0
-56.37,1625449482.0,64.0
-52.34,1625449482.0,64.0
-47.75,1625449482.0,64.0
-42.14,1625449482.0,64.0
-35.53,1625449482.0,64.0
-28.41,1625449482.0,64.0
-21.57,1625449482.0,64.0
-15.7,1625449482.0,64.0
-11.16,1625449482.0,64.0
-8.46,1625449482.0,64.0
-7.68,1625449482.0,64.0
-8.47,1625449482.0,64.0
-10.13,1625449482.0,64.0
-11.98,1625449482.0,64.0
-13.67,1625449482.0,64.0
-15.25,1625449482.0,64.0
-16.95,1625449482.0,64.0
-19.02,1625449482.0,64.0
-22.64,1625449482.0,64.0
-28.55,1625449482.0,64.0
-36.48,1625449482.0,64.0
-45.03,1625449482.0,64.0
-52.35,1625449482.0,64.0
-57.03,1625449482.0,64.0
-58.75,1625449482.0,64.0
-58.17,1625449482.0,64.0
-56.66,1625449482.0,64.0
-57.66,1625449482.0,64.0
-64.02,1625449482.0,64.0
-76.63,1625449482.0,64.0
-93.79,1625449482.0,64.0
-111.8,1625449482.0,64.0
-126.63,1625449482.0,64.0
-135.14,1625449482.0,64.0
-135.62,1625449482.0,64.0
-128.02,1625449482.0,64.0
-116.14,1625449482.0,64.0
-104.54,1625449482.0,64.0
-96.83,1625449482.0,64.0
-94.7,1625449482.0,64.0
-98.02,1625449482.0,64.0
-105.84,1625449482.0,64.0
-116.88,1625449482.0,64.0
-129.25,1625449482.0,64.0
-125.85,1625449482.0,64.0
-94.76,1625449482.0,64.0
-33.86,1625449482.0,64.0
46.68,1625449482.0,64.0
130.78,1625449482.0,64.0
206.01,1625449482.0,64.0
266.9,1625449482.0,64.0
313.15,1625449482.0,64.0
347.12,1625449482.0,64.0
371.69,1625449482.0,64.0
386.89,1625449482.0,64.0
392.54,1625449482.0,64.0
389.64,1625449482.0,64.0
380.24,1625449482.0,64.0
367.59,1625449482.0,64.0
354.89,1625449482.0,64.0
343.1,1625449482.0,64.0
332.31,1625449482.0,64.0
322.22,1625449482.0,64.0
310.72,1625449482.0,64.0
296.31,1625449482.0,64.0
278.98,1625449482.0,64.0
259.48,1625449482.0,64.0
239.73,1625449482.0,64.0
221.37,1625449482.0,64.0
205.12,1625449482.0,64.0
190.92,1625449482.0,64.0
178.09,1625449482.0,64.0
164.02,1625449482.0,64.0
145.06,1625449482.0,64.0
124.05,1625449482.0,64.0
101.59,1625449482.0,64.0
78.11,1625449482.0,64.0
53.74,1625449482.0,64.0
28.46,1625449482.0,64.0
2.69,1625449482.0,64.0
-22.7,1625449482.0,64.0
-47.06,1625449482.0,64.0
-69.85,1625449482.0,64.0
-90.75,1625449482.0,64.0
-110.79,1625449482.0,64.0
-131.08,1625449482.0,64.0
-152.7,1625449482.0,64.0
-176.3,1625449482.0,64.0
-201.58,1625449482.0,64.0
-227.22,1625449482.0,64.0
-251.46,1625449482.0,64.0
-272.6,1625449482.0,64.0
-289.55,1625449482.0,64.0
-303.18,1625449482.0,64.0
-315.78,1625449482.0,64.0
-330.88,1625449482.0,64.0
-352.5,1625449482.0,64.0
-383.23,1625449482.0,64.0
-422.17,1625449482.0,64.0
-463.74,1625449482.0,64.0
-498.04,1625449482.0,64.0
-513.05,1625449482.0,64.0
-498.67,1625449482.0,64.0
-449.94,1625449482.0,64.0
-369.59,1625449482.0,64.0
-268.05,1625449482.0,64.0
-160.82,1625449482.0,64.0
-64.29,1625449482.0,64.0
8.77,1625449482.0,64.0
52.25,1625449482.0,64.0
67.24,1625449482.0,64.0
60.24,1625449482.0,64.0
39.99,1625449482.0,64.0
14.18,1625449482.0,64.0
-12.57,1625449482.0,64.0
-38.96,1625449482.0,64.0
-66.18,1625449482.0,64.0
-96.56,1625449482.0,64.0
-132.47,1625449482.0,64.0
-175.2,1625449482.0,64.0
-224.04,1625449482.0,64.0
-275.7,1625449482.0,64.0
-324.43,1625449482.0,64.0
-362.93,1625449482.0,64.0
-384.39,1625449482.0,64.0
-384.91,1625449482.0,64.0
-365.06,1625449482.0,64.0
-329.57,1625449482.0,64.0
-285.5,1625449482.0,64.0
-238.81,1625449482.0,64.0
-193.61,1625449482.0,64.0
-152.05,1625449482.0,64.0
-115.09,1625449482.0,64.0
-83.07,1625449482.0,64.0
-55.8,1625449482.0,64.0
-32.48,1625449482.0,64.0
-11.55,1625449482.0,64.0
8.96,1625449482.0,64.0
32.49,1625449482.0,64.0
60.96,1625449482.0,64.0
93.63,1625449482.0,64.0
127.51,1625449482.0,64.0
159.0,1625449482.0,64.0
185.7,1625449482.0,64.0
207.19,1625449482.0,64.0
224.7,1625449482.0,64.0
240.27,1625449482.0,64.0
258.59,1625449482.0,64.0
282.63,1625449482.0,64.0
312.17,1625449482.0,64.0
344.06,1625449482.0,64.0
374.26,1625449482.0,64.0
399.94,1625449482.0,64.0
420.19,1625449482.0,64.0
435.64,1625449482.0,64.0
447.67,1625449482.0,64.0
461.22,1625449482.0,64.0
479.48,1625449482.0,64.0
502.14,1625449482.0,64.0
525.54,1625449482.0,64.0
544.89,1625449482.0,64.0
556.7,1625449482.0,64.0
559.51,1625449482.0,64.0
553.33,1625449482.0,64.0
516.55,1625449482.0,64.0
439.46,1625449482.0,64.0
328.33,1625449482.0,64.0
203.09,1625449482.0,64.0
84.52,1625449482.0,64.0
-15.7,1625449482.0,64.0
-95.08,1625449482.0,64.0
-155.97,1625449482.0,64.0
-202.27,1625449482.0,64.0
-237.67,1625449482.0,64.0
-261.53,1625449482.0,64.0
-273.6,1625449482.0,64.0
-275.77,1625449482.0,64.0
-272.03,1625449482.0,64.0
-266.73,1625449482.0,64.0
-262.69,1625449482.0,64.0
-260.63,1625449482.0,64.0
-260.13,1625449482.0,64.0
-260.34,1625449482.0,64.0
-257.63,1625449482.0,64.0
-249.54,1625449482.0,64.0
-236.46,1625449482.0,64.0
-220.12,1625449482.0,64.0
-203.25,1625449482.0,64.0
-187.94,1625449482.0,64.0
-174.9,1625449482.0,64.0
-164.34,1625449482.0,64.0
-156.24,1625449482.0,64.0
-148.87,1625449482.0,64.0
-141.08,1625449482.0,64.0
-133.08,1625449482.0,64.0
-126.19,1625449482.0,64.0
-122.17,1625449482.0,64.0
-122.08,1625449482.0,64.0
-125.76,1625449482.0,64.0
-132.61,1625449482.0,64.0
-141.82,1625449482.0,64.0
-151.72,1625449482.0,64.0
-160.78,1625449482.0,64.0
-167.97,1625449482.0,64.0
-172.6,1625449482.0,64.0
-173.9,1625449482.0,64.0
-173.54,1625449482.0,64.0
-171.57,1625449482.0,64.0
-167.84,1625449482.0,64.0
-162.21,1625449482.0,64.0
-154.32,1625449482.0,64.0
-143.92,1625449482.0,64.0
-130.91,1625449482.0,64.0
-115.32,1625449482.0,64.0
-97.36,1625449482.0,64.0
-77.39,1625449482.0,64.0
-55.64,1625449482.0,64.0
-32.79,1625449482.0,64.0
-9.9,1625449482.0,64.0
11.95,1625449482.0,64.0
32.0,1625449482.0,64.0
50.03,1625449482.0,64.0
66.44,1625449482.0,64.0
81.9,1625449482.0,64.0
97.06,1625449482.0,64.0
112.54,1625449482.0,64.0
128.27,1625449482.0,64.0
143.83,1625449482.0,64.0
158.64,1625449482.0,64.0
172.38,1625449482.0,64.0
185.23,1625449482.0,64.0
197.83,1625449482.0,64.0
211.07,1625449482.0,64.0
225.95,1625449482.0,64.0
243.7,1625449482.0,64.0
265.28,1625449482.0,64.0
290.8,1625449482.0,64.0
318.9,1625449482.0,64.0
346.46,1625449482.0,64.0
368.89,1625449482.0,64.0
381.46,1625449482.0,64.0
380.94,1625449482.0,64.0
366.85,1625449482.0,64.0
341.76,1625449482.0,64.0
310.13,1625449482.0,64.0
276.57,1625449482.0,64.0
244.37,1625449482.0,64.0
214.92,1625449482.0,64.0
188.15,1625449482.0,64.0
163.45,1625449482.0,64.0
140.48,1625449482.0,64.0
119.33,1625449482.0,64.0
100.25,1625449482.0,64.0
83.17,1625449482.0,64.0
67.55,1625449482.0,64.0
52.58,1625449482.0,64.0
37.7,1625449482.0,64.0
22.84,1625449482.0,64.0
8.56,1625449482.0,64.0
-4.17,1625449482.0,64.0
-14.42,1625449482.0,64.0
-21.72,1625449482.0,64.0
-26.23,1625449482.0,64.0
-28.7,1625449482.0,64.0
-30.1,1625449482.0,64.0
-31.26,1625449482.0,64.0
-32.48,1625449482.0,64.0
-33.61,1625449482.0,64.0
-34.2,1625449482.0,64.0
-33.93,1625449482.0,64.0
-32.79,1625449482.0,64.0
-31.12,1625449482.0,64.0
-29.48,1625449482.0,64.0
-28.31,1625449482.0,64.0
-27.79,1625449482.0,64.0
-27.82,1625449482.0,64.0
-28.08,1625449482.0,64.0
-28.2,1625449482.0,64.0
-27.86,1625449482.0,64.0
-26.87,1625449482.0,64.0
-25.24,1625449482.0,64.0
-23.16,1625449482.0,64.0
-20.97,1625449482.0,64.0
-19.07,1625449482.0,64.0
-17.76,1625449482.0,64.0
-17.12,1625449482.0,64.0
-17.0,1625449482.0,64.0
-17.09,1625449482.0,64.0
-17.13,1625449482.0,64.0
-17.06,1625449482.0,64.0
-17.02,1625449482.0,64.0
-17.25,1625449482.0,64.0
-17.96,1625449482.0,64.0
-19.16,1625449482.0,64.0
-20.67,1625449482.0,64.0
-22.22,1625449482.0,64.0
-23.55,1625449482.0,64.0
-24.53,1625449482.0,64.0
-25.17,1625449482.0,64.0
-25.59,1625449482.0,64.0
-25.97,1625449482.0,64.0
-26.46,1625449482.0,64.0
-27.19,1625449482.0,64.0
-28.26,1625449482.0,64.0
-29.72,1625449482.0,64.0
-31.55,1625449482.0,64.0
-33.6,1625449482.0,64.0
-35.62,1625449482.0,64.0
-37.18,1625449482.0,64.0
-37.82,1625449482.0,64.0
-37.15,1625449482.0,64.0
-34.96,1625449482.0,64.0
-31.33,1625449482.0,64.0
-26.62,1625449482.0,64.0
-21.37,1625449482.0,64.0
-16.11,1625449482.0,64.0
-11.25,1625449482.0,64.0
-7.03,1625449482.0,64.0
-3.58,1625449482.0,64.0
-0.88,1625449482.0,64.0
1.07,1625449482.0,64.0
2.32,1625449482.0,64.0
2.98,1625449482.0,64.0
3.22,1625449482.0,64.0
3.3,1625449482.0,64.0
3.44,1625449482.0,64.0
3.77,1625449482.0,64.0
4.29,1625449482.0,64.0
4.86,1625449482.0,64.0
5.32,1625449482.0,64.0
5.54,1625449482.0,64.0
5.49,1625449482.0,64.0
5.16,1625449482.0,64.0
4.56,1625449482.0,64.0
3.69,1625449482.0,64.0
2.55,1625449482.0,64.0
1.23,1625449482.0,64.0
-0.14,1625449482.0,64.0
-1.39,1625449482.0,64.0
-2.42,1625449482.0,64.0
-3.23,1625449482.0,64.0
-3.95,1625449482.0,64.0
-4.76,1625449482.0,64.0
-5.94,1625449482.0,64.0
-7.66,1625449482.0,64.0
-9.99,1625449482.0,64.0
-12.8,1625449482.0,64.0
-15.82,1625449482.0,64.0
-18.64,1625449482.0,64.0
-20.92,1625449482.0,64.0
-22.56,1625449482.0,64.0
-23.8,1625449482.0,64.0
-25.19,1625449482.0,64.0
-27.21,1625449482.0,64.0
-30.07,1625449482.0,64.0
-33.44,1625449482.0,64.0
-36.49,1625449482.0,64.0
-38.26,1625449482.0,64.0
-38.01,1625449482.0,64.0
-35.67,1625449482.0,64.0
-31.74,1625449482.0,64.0
-27.15,1625449482.0,64.0
-22.79,1625449482.0,64.0
-19.21,1625449482.0,64.0
-16.53,1625449482.0,64.0
-14.55,1625449482.0,64.0
-12.86,1625449482.0,64.0
-10.88,1625449482.0,64.0
-7.8,1625449482.0,64.0
-2.7,1625449482.0,64.0
5.13,1625449482.0,64.0
15.63,1625449482.0,64.0
27.68,1625449482.0,64.0
39.29,1625449482.0,64.0
48.45,1625449482.0,64.0
53.95,1625449482.0,64.0
55.97,1625449482.0,64.0
55.88,1625449482.0,64.0
55.3,1625449482.0,64.0
55.23,1625449482.0,64.0
55.57,1625449482.0,64.0
55.37,1625449482.0,64.0
53.64,1625449482.0,64.0
50.02,1625449482.0,64.0
44.93,1625449482.0,64.0
39.21,1625449482.0,64.0
33.49,1625449482.0,64.0
27.82,1625449482.0,64.0
21.68,1625449482.0,64.0
14.47,1625449482.0,64.0
6.06,1625449482.0,64.0
-2.93,1625449482.0,64.0
-11.24,1625449482.0,64.0
-17.45,1625449482.0,64.0
-20.61,1625449482.0,64.0
-20.72,1625449482.0,64.0
-18.73,1625449482.0,64.0
-16.33,1625449482.0,64.0
-15.22,1625449482.0,64.0
-16.52,1625449482.0,64.0
-20.54,1625449482.0,64.0
-26.68,1625449482.0,64.0
-33.68,1625449482.0,64.0
-39.75,1625449482.0,64.0
-42.92,1625449482.0,64.0
-41.66,1625449482.0,64.0
-35.61,1625449482.0,64.0
-26.08,1625449482.0,64.0
-15.87,1625449482.0,64.0
-8.38,1625449482.0,64.0
-6.23,1625449482.0,64.0
-10.21,1625449482.0,64.0
-18.97,1625449482.0,64.0
-29.74,1625449482.0,64.0
-39.35,1625449482.0,64.0
-45.32,1625449482.0,64.0
-46.29,1625449482.0,64.0
-42.17,1625449482.0,64.0
-33.88,1625449482.0,64.0
-23.16,1625449482.0,64.0
-12.23,1625449482.0,64.0
-3.17,1625449482.0,64.0
2.7,1625449482.0,64.0
5.31,1625449482.0,64.0
5.8,1625449482.0,64.0
5.86,1625449482.0,64.0
6.77,1625449482.0,64.0
8.77,1625449482.0,64.0
11.33,1625449482.0,64.0
13.45,1625449482.0,64.0
14.22,1625449482.0,64.0
13.04,1625449482.0,64.0
9.39,1625449482.0,64.0
3.12,1625449482.0,64.0
-5.08,1625449482.0,64.0
-12.87,1625449482.0,64.0
-16.26,1625449482.0,64.0
-11.05,1625449482.0,64.0
4.73,1625449482.0,64.0
28.91,1625449482.0,64.0
55.06,1625449482.0,64.0
74.61,1625449482.0,64.0
80.53,1625449482.0,64.0
70.33,1625449482.0,64.0
46.95,1625449482.0,64.0
17.04,1625449482.0,64.0
-12.25,1625449482.0,64.0
-35.9,1625449482.0,64.0
-51.94,1625449482.0,64.0
-60.64,1625449482.0,64.0
-63.1,1625449482.0,64.0
-60.29,1625449482.0,64.0
-53.33,1625449482.0,64.0
-43.94,1625449482.0,64.0
-34.49,1625449482.0,64.0
-27.33,1625449482.0,64.0
-23.56,1625449482.0,64.0
-22.23,1625449482.0,64.0
-20.58,1625449482.0,64.0
-15.31,1625449482.0,64.0
-4.22,1625449482.0,64.0
12.28,1625449482.0,64.0
30.94,1625449482.0,64.0
46.73,1625449482.0,64.0
54.73,1625449482.0,64.0
52.36,1625449482.0,64.0
40.55,1625449482.0,64.0
23.54,1625449482.0,64.0
7.22,1625449482.0,64.0
-3.36,1625449482.0,64.0
-6.02,1625449482.0,64.0
-2.14,1625449482.0,64.0
4.3,1625449482.0,64.0
8.8,1625449482.0,64.0
8.37,1625449482.0,64.0
2.34,1625449482.0,64.0
-7.84,1625449482.0,64.0
-19.74,1625449482.0,64.0
-31.14,1625449482.0,64.0
-40.44,1625449482.0,64.0
-46.4,1625449482.0,64.0
-47.68,1625449482.0,64.0
-42.88,1625449482.0,64.0
-31.12,1625449482.0,64.0
-13.27,1625449482.0,64.0
7.51,1625449482.0,64.0
26.37,1625449482.0,64.0
38.27,1625449482.0,64.0
39.94,1625449482.0,64.0
30.98,1625449482.0,64.0
13.77,1625449482.0,64.0
-7.72,1625449482.0,64.0
-29.46,1625449482.0,64.0
-48.46,1625449482.0,64.0
-62.82,1625449482.0,64.0
-71.32,1625449482.0,64.0
-73.15,1625449482.0,64.0
-68.14,1625449482.0,64.0
-57.5,1625449482.0,64.0
-44.21,1625449482.0,64.0
-32.7,1625449482.0,64.0
-27.29,1625449482.0,64.0
-30.24,1625449482.0,64.0
-40.22,1625449482.0,64.0
-52.06,1625449482.0,64.0
-58.06,1625449482.0,64.0
-50.31,1625449482.0,64.0
-23.79,1625449482.0,64.0
21.25,1625449482.0,64.0
78.26,1625449482.0,64.0
136.0,1625449482.0,64.0
181.96,1625449482.0,64.0
206.81,1625449482.0,64.0
208.05,1625449482.0,64.0
190.74,1625449482.0,64.0
165.0,1625449482.0,64.0
141.14,1625449482.0,64.0
125.36,1625449482.0,64.0
118.01,1625449482.0,64.0
115.07,1625449482.0,64.0
111.44,1625449482.0,64.0
103.58,1625449482.0,64.0
90.52,1625449482.0,64.0
73.51,1625449482.0,64.0
55.24,1625449482.0,64.0
39.43,1625449482.0,64.0
30.4,1625449482.0,64.0
32.02,1625449482.0,64.0
45.65,1625449482.0,64.0
68.29,1625449482.0,64.0
92.51,1625449482.0,64.0
108.94,1625449482.0,64.0
110.21,1625449482.0,64.0
94.14,1625449482.0,64.0
64.27,1625449482.0,64.0
27.3,1625449482.0,64.0
-10.43,1625449482.0,64.0
-45.36,1625449482.0,64.0
-76.67,1625449482.0,64.0
-104.15,1625449482.0,64.0
-126.39,1625449482.0,64.0
-140.87,1625449482.0,64.0
-145.32,1625449482.0,64.0
-139.63,1625449482.0,64.0
-126.58,1625449482.0,64.0
-110.84,1625449482.0,64.0
-97.18,1625449482.0,64.0
-88.47,1625449482.0,64.0
-84.92,1625449482.0,64.0
-84.39,1625449482.0,64.0
-83.85,1625449482.0,64.0
-80.79,1625449482.0,64.0
-74.32,1625449482.0,64.0
-65.31,1625449482.0,64.0
-55.81,1625449482.0,64.0
-47.97,1625449482.0,64.0
-43.01,1625449482.0,64.0
-40.78,1625449482.0,64.0
-40.04,1625449482.0,64.0
-39.2,1625449482.0,64.0
-37.03,1625449482.0,64.0
-33.26,1625449482.0,64.0
-28.52,1625449482.0,64.0
-23.99,1625449482.0,64.0
-20.78,1625449482.0,64.0
-19.45,1625449482.0,64.0
-19.87,1625449482.0,64.0
-21.27,1625449482.0,64.0
-22.76,1625449482.0,64.0
-23.57,1625449482.0,64.0
-23.45,1625449482.0,64.0
-22.57,1625449482.0,64.0
-21.47,1625449482.0,64.0
-20.71,1625449482.0,64.0
-20.67,1625449482.0,64.0
-21.44,1625449482.0,64.0
-22.82,1625449482.0,64.0
-24.5,1625449482.0,64.0
-26.13,1625449482.0,64.0
-27.46,1625449482.0,64.0
-28.3,1625449482.0,64.0
-28.55,1625449482.0,64.0
-28.12,1625449482.0,64.0
-26.94,1625449482.0,64.0
-25.01,1625449482.0,64.0
-22.31,1625449482.0,64.0
-18.94,1625449482.0,64.0
-14.96,1625449482.0,64.0
-10.51,1625449482.0,64.0
-5.71,1625449482.0,64.0
-0.82,1625449482.0,64.0
3.84,1625449482.0,64.0
7.93,1625449482.0,64.0
11.15,1625449482.0,64.0
13.42,1625449482.0,64.0
14.85,1625449482.0,64.0
15.76,1625449482.0,64.0
16.47,1625449482.0,64.0
17.21,1625449482.0,64.0
18.07,1625449482.0,64.0
18.93,1625449482.0,64.0
19.66,1625449482.0,64.0
20.13,1625449482.0,64.0
20.26,1625449482.0,64.0
20.03,1625449482.0,64.0
19.44,1625449482.0,64.0
18.5,1625449482.0,64.0
17.21,1625449482.0,64.0
15.62,1625449482.0,64.0
13.84,1625449482.0,64.0
12.03,1625449482.0,64.0
10.32,1625449482.0,64.0
8.76,1625449482.0,64.0
7.33,1625449482.0,64.0
5.92,1625449482.0,64.0
4.42,1625449482.0,64.0
2.78,1625449482.0,64.0
1.06,1625449482.0,64.0
-0.65,1625449482.0,64.0
-2.28,1625449482.0,64.0
-3.85,1625449482.0,64.0
-5.47,1625449482.0,64.0
-7.28,1625449482.0,64.0
-9.4,1625449482.0,64.0
-11.85,1625449482.0,64.0
-14.54,1625449482.0,64.0
-17.35,1625449482.0,64.0
-20.09,1625449482.0,64.0
-22.56,1625449482.0,64.0
-24.51,1625449482.0,64.0
-25.65,1625449482.0,64.0
-25.69,1625449482.0,64.0
-24.44,1625449482.0,64.0
-21.82,1625449482.0,64.0
-17.99,1625449482.0,64.0
-13.3,1625449482.0,64.0
-8.18,1625449482.0,64.0
-3.06,1625449482.0,64.0
1.75,1625449482.0,64.0
6.11,1625449482.0,64.0
9.94,1625449482.0,64.0
13.22,1625449482.0,64.0
15.87,1625449482.0,64.0
17.82,1625449482.0,64.0
19.01,1625449482.0,64.0
19.53,1625449482.0,64.0
19.6,1625449482.0,64.0
19.49,1625449482.0,64.0
19.45,1625449482.0,64.0
19.57,1625449482.0,64.0
19.76,1625449482.0,64.0
19.85,1625449482.0,64.0
19.71,1625449482.0,64.0
19.33,1625449482.0,64.0
18.84,1625449482.0,64.0
18.37,1625449482.0,64.0
17.96,1625449482.0,64.0
17.53,1625449482.0,64.0
16.96,1625449482.0,64.0
16.14,1625449482.0,64.0
15.06,1625449482.0,64.0
13.81,1625449482.0,64.0
12.45,1625449482.0,64.0
11.06,1625449482.0,64.0
9.59,1625449482.0,64.0
7.96,1625449482.0,64.0
6.12,1625449482.0,64.0
4.06,1625449482.0,64.0
1.84,1625449482.0,64.0
-0.45,1625449482.0,64.0
-2.7,1625449482.0,64.0
-4.87,1625449482.0,64.0
-6.94,1625449482.0,64.0
-8.93,1625449482.0,64.0
-10.9,1625449482.0,64.0
-12.9,1625449482.0,64.0
-15.02,1625449482.0,64.0
-17.26,1625449482.0,64.0
-19.59,1625449482.0,64.0
-21.8,1625449482.0,64.0
-23.63,1625449482.0,64.0
-24.73,1625449482.0,64.0
-24.82,1625449482.0,64.0
-23.74,1625449482.0,64.0
-21.51,1625449482.0,64.0
-18.35,1625449482.0,64.0
-14.57,1625449482.0,64.0
-10.46,1625449482.0,64.0
-6.26,1625449482.0,64.0
-2.08,1625449482.0,64.0
2.03,1625449482.0,64.0
5.99,1625449482.0,64.0
9.67,1625449482.0,64.0
12.89,1625449482.0,64.0
15.47,1625449482.0,64.0
17.3,1625449482.0,64.0
18.42,1625449482.0,64.0
19.01,1625449482.0,64.0
19.33,1625449482.0,64.0
19.63,1625449482.0,64.0
20.01,1625449482.0,64.0
20.44,1625449482.0,64.0
20.8,1625449482.0,64.0
20.93,1625449482.0,64.0
20.75,1625449482.0,64.0
20.2,1625449482.0,64.0
19.35,1625449482.0,64.0
18.24,1625449482.0,64.0
16.94,1625449482.0,64.0
15.51,1625449482.0,64.0
14.04,1625449482.0,64.0
12.56,1625449482.0,64.0
11.13,1625449482.0,64.0
9.74,1625449482.0,64.0
8.39,1625449482.0,64.0
7.03,1625449482.0,64.0
5.65,1625449482.0,64.0
4.26,1625449482.0,64.0
2.87,1625449482.0,64.0
1.47,1625449482.0,64.0
-0.01,1625449482.0,64.0
-1.62,1625449482.0,64.0
-3.36,1625449482.0,64.0
-5.18,1625449482.0,64.0
-7.02,1625449482.0,64.0
-8.83,1625449482.0,64.0
-10.65,1625449482.0,64.0
-12.62,1625449482.0,64.0
-14.83,1625449482.0,64.0
-17.3,1625449482.0,64.0
-19.82,1625449482.0,64.0
-22.02,1625449482.0,64.0
-23.44,1625449482.0,64.0
-23.71,1625449482.0,64.0
-22.66,1625449482.0,64.0
-20.37,1625449482.0,64.0
-17.14,1625449482.0,64.0
-13.34,1625449482.0,64.0
-9.35,1625449482.0,64.0
-5.42,1625449482.0,64.0
-1.74,1625449482.0,64.0
1.57,1625449482.0,64.0
4.41,1625449482.0,64.0
6.72,1625449482.0,64.0
8.47,1625449482.0,64.0
9.66,1625449482.0,64.0
10.41,1625449482.0,64.0
10.88,1625449482.0,64.0
11.22,1625449482.0,64.0
11.56,1625449482.0,64.0
11.92,1625449482.0,64.0
12.24,1625449482.0,64.0
12.44,1625449482.0,64.0
12.46,1625449482.0,64.0
12.29,1625449482.0,64.0
11.92,1625449482.0,64.0
11.34,1625449482.0,64.0
10.48,1625449482.0,64.0
9.27,1625449482.0,64.0
7.73,1625449482.0,64.0
6.0,1625449482.0,64.0
4.39,1625449482.0,64.0
3.24,1625449482.0,64.0
2.72,1625449482.0,64.0
2.74,1625449482.0,64.0
2.88,1625449482.0,64.0
2.59,1625449482.0,64.0
1.44,1625449482.0,64.0
-0.64,1625449482.0,64.0
-3.27,1625449482.0,64.0
-5.81,1625449482.0,64.0
-7.7,1625449482.0,64.0
-8.8,1625449482.0,64.0
-9.54,1625449482.0,64.0
-10.74,1625449482.0,64.0
-13.2,1625449482.0,64.0
-17.28,1625449482.0,64.0
-22.57,1625449482.0,64.0
-28.05,1625449482.0,64.0
-32.47,1625449482.0,64.0
-34.89,1625449482.0,64.0
-35.04,1625449482.0,64.0
-33.43,1625449482.0,64.0
-31.04,1625449482.0,64.0
-29.1,1625449482.0,64.0
-28.6,1625449482.0,64.0
-30.02,1625449482.0,64.0
-33.06,1625449482.0,64.0
-36.25,1625449482.0,64.0
-37.02,1625449482.0,64.0
-32.19,1625449482.0,64.0
-19.08,1625449482.0,64.0
3.04,1625449482.0,64.0
32.03,1625449482.0,64.0
62.91,1625449482.0,64.0
89.35,1625449482.0,64.0
105.95,1625449482.0,64.0
110.24,1625449482.0,64.0
103.6,1625449482.0,64.0
90.25,1625449482.0,64.0
75.44,1625449482.0,64.0
63.37,1625449482.0,64.0
56.03,1625449482.0,64.0
53.13,1625449482.0,64.0
52.75,1625449482.0,64.0
52.34,1625449482.0,64.0
49.57,1625449482.0,64.0
42.96,1625449482.0,64.0
32.16,1625449482.0,64.0
18.02,1625449482.0,64.0
2.3,1625449482.0,64.0
-12.82,1625449482.0,64.0
-25.43,1625449482.0,64.0
-34.39,1625449482.0,64.0
-39.48,1625449482.0,64.0
-41.14,1625449482.0,64.0
-40.14,1625449482.0,64.0
-37.33,1625449482.0,64.0
-33.59,1625449482.0,64.0
-29.94,1625449482.0,64.0
-27.4,1625449482.0,64.0
-26.76,1625449482.0,64.0
-28.18,1625449482.0,64.0
-31.1,1625449482.0,64.0
-34.49,1625449482.0,64.0
-37.31,1625449482.0,64.0
-38.92,1625449482.0,64.0
-39.15,1625449482.0,64.0
-38.29,1625449482.0,64.0
-36.8,1625449482.0,64.0
-35.11,1625449482.0,64.0
-33.4,1625449482.0,64.0
-31.69,1625449482.0,64.0
-29.8,1625449482.0,64.0
-27.44,1625449482.0,64.0
-24.34,1625449482.0,64.0
-20.33,1625449482.0,64.0
-15.49,1625449482.0,64.0
-10.19,1625449482.0,64.0
-5.02,1625449482.0,64.0
-0.65,1625449482.0,64.0
2.47,1625449482.0,64.0
4.25,1625449482.0,64.0
5.02,1625449482.0,64.0
5.36,1625449482.0,64.0
5.85,1625449482.0,64.0
6.83,1625449482.0,64.0
8.29,1625449482.0,64.0
9.94,1625449482.0,64.0
11.38,1625449482.0,64.0
12.31,1625449482.0,64.0
12.57,1625449482.0,64.0
12.25,1625449482.0,64.0
11.54,1625449482.0,64.0
10.7,1625449482.0,64.0
9.94,1625449482.0,64.0
9.35,1625449482.0,64.0
8.87,1625449482.0,64.0
8.35,1625449482.0,64.0
7.6,1625449482.0,64.0
6.46,1625449482.0,64.0
4.93,1625449482.0,64.0
3.16,1625449482.0,64.0
1.38,1625449482.0,64.0
-0.23,1625449482.0,64.0
-1.64,1625449482.0,64.0
-2.96,1625449482.0,64.0
-4.43,1625449482.0,64.0
-6.25,1625449482.0,64.0
-8.47,1625449482.0,64.0
-11.03,1625449482.0,64.0
-13.76,1625449482.0,64.0
-16.46,1625449482.0,64.0
-18.94,1625449482.0,64.0
-21.0,1625449482.0,64.0
-22.41,1625449482.0,64.0
-22.99,1625449482.0,64.0
-22.6,1625449482.0,64.0
-21.24,1625449482.0,64.0
-19.06,1625449482.0,64.0
-16.36,1625449482.0,64.0
-13.41,1625449482.0,64.0
-10.38,1625449482.0,64.0
-7.31,1625449482.0,64.0
-4.12,1625449482.0,64.0
-0.79,1625449482.0,64.0
2.58,1625449482.0,64.0
5.72,1625449482.0,64.0
8.28,1625449482.0,64.0
10.0,1625449482.0,64.0
10.84,1625449482.0,64.0
11.0,1625449482.0,64.0
10.87,1625449482.0,64.0
10.83,1625449482.0,64.0
11.1,1625449482.0,64.0
11.69,1625449482.0,64.0
12.38,1625449482.0,64.0
12.91,1625449482.0,64.0
13.11,1625449482.0,64.0
12.94,1625449482.0,64.0
12.5,1625449482.0,64.0
11.9,1625449482.0,64.0
11.23,1625449482.0,64.0
10.47,1625449482.0,64.0
9.54,1625449482.0,64.0
8.36,1625449482.0,64.0
6.94,1625449482.0,64.0
5.38,1625449482.0,64.0
3.78,1625449482.0,64.0
2.22,1625449482.0,64.0
0.69,1625449482.0,64.0
-0.88,1625449482.0,64.0
-2.54,1625449482.0,64.0
-4.29,1625449482.0,64.0
-6.09,1625449482.0,64.0
-7.85,1625449482.0,64.0
-9.56,1625449482.0,64.0
-11.28,1625449482.0,64.0
-13.06,1625449482.0,64.0
-14.93,1625449482.0,64.0
-16.77,1625449482.0,64.0
-18.38,1625449482.0,64.0
-19.51,1625449482.0,64.0
-19.95,1625449482.0,64.0
-19.59,1625449482.0,64.0
-18.42,1625449482.0,64.0
-16.47,1625449482.0,64.0
-13.84,1625449482.0,64.0
-10.65,1625449482.0,64.0
-7.03,1625449482.0,64.0
-3.21,1625449482.0,64.0
0.58,1625449482.0,64.0
4.03,1625449482.0,64.0
6.84,1625449482.0,64.0
8.8,1625449482.0,64.0
9.85,1625449482.0,64.0
10.12,1625449482.0,64.0
9.88,1625449482.0,64.0
9.53,1625449482.0,64.0
9.42,1625449482.0,64.0
9.71,1625449482.0,64.0
10.34,1625449482.0,64.0
11.06,1625449482.0,64.0
11.6,1625449482.0,64.0
11.76,1625449482.0,64.0
11.55,1625449482.0,64.0
11.1,1625449482.0,64.0
10.57,1625449482.0,64.0
10.05,1625449482.0,64.0
9.55,1625449482.0,64.0
8.96,1625449482.0,64.0
8.21,1625449482.0,64.0
7.21,1625449482.0,64.0
5.99,1625449482.0,64.0
4.54,1625449482.0,64.0
2.92,1625449482.0,64.0
1.18,1625449482.0,64.0
-0.59,1625449482.0,64.0
-2.36,1625449482.0,64.0
-4.09,1625449482.0,64.0
-5.83,1625449482.0,64.0
-7.66,1625449482.0,64.0
-9.62,1625449482.0,64.0
-11.73,1625449482.0,64.0
-13.9,1625449482.0,64.0
-16.03,1625449482.0,64.0
-18.0,1625449482.0,64.0
-19.68,1625449482.0,64.0
-20.91,1625449482.0,64.0
-21.5,1625449482.0,64.0
-21.25,1625449482.0,64.0
-20.05,1625449482.0,64.0
-17.97,1625449482.0,64.0
-15.2,1625449482.0,64.0
-12.05,1625449482.0,64.0
-8.8,1625449482.0,64.0
-5.63,1625449482.0,64.0
-2.65,1625449482.0,64.0
0.09,1625449482.0,64.0
2.49,1625449482.0,64.0
4.48,1625449482.0,64.0
5.96,1625449482.0,64.0
6.93,1625449482.0,64.0
7.53,1625449482.0,64.0
7.99,1625449482.0,64.0
8.52,1625449482.0,64.0
9.24,1625449482.0,64.0
10.16,1625449482.0,64.0
11.13,1625449482.0,64.0
11.97,1625449482.0,64.0
12.55,1625449482.0,64.0
12.81,1625449482.0,64.0
12.81,1625449482.0,64.0
12.65,1625449482.0,64.0
12.42,1625449482.0,64.0
12.21,1625449482.0,64.0
11.96,1625449482.0,64.0
11.56,1625449482.0,64.0
10.86,1625449482.0,64.0
9.75,1625449482.0,64.0
8.25,1625449482.0,64.0
6.5,1625449482.0,64.0
4.7,1625449482.0,64.0
3.06,1625449482.0,64.0
1.63,1625449482.0,64.0
0.36,1625449482.0,64.0
-0.95,1625449482.0,64.0
-2.48,1625449482.0,64.0
-4.33,1625449482.0,64.0
-6.47,1625449482.0,64.0
-8.76,1625449482.0,64.0
-11.04,1625449482.0,64.0
-13.14,1625449482.0,64.0
-14.88,1625449482.0,64.0
-16.1,1625449482.0,64.0
-16.66,1625449482.0,64.0
-16.43,1625449482.0,64.0
-15.34,1625449482.0,64.0
-13.37,1625449482.0,64.0
-10.58,1625449482.0,64.0
-7.14,1625449482.0,64.0
-3.3,1625449482.0,64.0
0.6,1625449482.0,64.0
4.19,1625449482.0,64.0
7.12,1625449482.0,64.0
9.23,1625449482.0,64.0
10.5,1625449482.0,64.0
11.14,1625449482.0,64.0
11.41,1625449482.0,64.0
11.59,1625449482.0,64.0
11.83,1625449482.0,64.0
12.17,1625449482.0,64.0
12.53,1625449482.0,64.0
12.81,1625449482.0,64.0
12.98,1625449482.0,64.0
12.99,1625449482.0,64.0
12.89,1625449482.0,64.0
12.69,1625449482.0,64.0
12.36,1625449482.0,64.0
11.83,1625449482.0,64.0
11.01,1625449482.0,64.0
9.84,1625449482.0,64.0
8.38,1625449482.0,64.0
6.76,1625449482.0,64.0
5.14,1625449482.0,64.0
3.69,1625449482.0,64.0
2.46,1625449482.0,64.0
1.38,1625449482.0,64.0
0.33,1625449482.0,64.0
-0.85,1625449482.0,64.0
-2.24,1625449482.0,64.0
-3.82,1625449482.0,64.0
-5.51,1625449482.0,64.0
-7.22,1625449482.0,64.0
-8.97,1625449482.0,64.0
-10.8,1625449482.0,64.0
-12.75,1625449482.0,64.0
-14.75,1625449482.0,64.0
-16.57,1625449482.0,64.0
-17.82,1625449482.0,64.0
-18.14,1625449482.0,64.0
-17.33,1625449482.0,64.0
-15.45,1625449482.0,64.0
-12.83,1625449482.0,64.0
-9.92,1625449482.0,64.0
-7.05,1625449482.0,64.0
-4.31,1625449482.0,64.0
-1.59,1625449482.0,64.0
1.28,1625449482.0,64.0
4.3,1625449482.0,64.0
7.28,1625449482.0,64.0
9.86,1625449482.0,64.0
11.77,1625449482.0,64.0
12.97,1625449482.0,64.0
13.65,1625449482.0,64.0
14.14,1625449482.0,64.0
14.66,1625449482.0,64.0
15.2,1625449482.0,64.0
15.58,1625449482.0,64.0
15.54,1625449482.0,64.0
15.03,1625449482.0,64.0
14.14,1625449482.0,64.0
13.15,1625449482.0,64.0
12.31,1625449482.0,64.0
11.72,1625449482.0,64.0
11.32,1625449482.0,64.0
10.95,1625449482.0,64.0
10.41,1625449482.0,64.0
9.57,1625449482.0,64.0
8.39,1625449482.0,64.0
6.94,1625449482.0,64.0
5.36,1625449482.0,64.0
3.81,1625449482.0,64.0
2.38,1625449482.0,64.0
1.07,1625449482.0,64.0
-0.21,1625449482.0,64.0
-1.61,1625449482.0,64.0
-3.25,1625449482.0,64.0
-5.19,1625449482.0,64.0
-7.41,1625449482.0,64.0
-9.86,1625449482.0,64.0
-12.45,1625449482.0,64.0
-15.08,1625449482.0,64.0
-17.54,1625449482.0,64.0
-19.51,1625449482.0,64.0
-20.63,1625449482.0,64.0
-20.64,1625449482.0,64.0
-19.49,1625449482.0,64.0
-17.35,1625449482.0,64.0
-14.59,1625449482.0,64.0
-11.53,1625449482.0,64.0
-8.44,1625449482.0,64.0
-5.36,1625449482.0,64.0
-2.28,1625449482.0,64.0
0.79,1625449482.0,64.0
3.76,1625449482.0,64.0
6.41,1625449482.0,64.0
8.54,1625449482.0,64.0
9.98,1625449482.0,64.0
10.76,1625449482.0,64.0
11.04,1625449482.0,64.0
11.07,1625449482.0,64.0
11.07,1625449482.0,64.0
11.16,1625449482.0,64.0
11.34,1625449482.0,64.0
11.48,1625449482.0,64.0
11.42,1625449482.0,64.0
11.06,1625449482.0,64.0
10.4,1625449482.0,64.0
9.57,1625449482.0,64.0
8.75,1625449482.0,64.0
8.1,1625449482.0,64.0
7.67,1625449482.0,64.0
7.35,1625449482.0,64.0
6.93,1625449482.0,64.0
6.18,1625449482.0,64.0
4.97,1625449482.0,64.0
3.36,1625449482.0,64.0
1.57,1625449482.0,64.0
-0.14,1625449482.0,64.0
-1.57,1625449482.0,64.0
-2.73,1625449482.0,64.0
-3.76,1625449482.0,64.0
-4.87,1625449482.0,64.0
-6.21,1625449482.0,64.0
-7.82,1625449482.0,64.0
-9.66,1625449482.0,64.0
-11.65,1625449482.0,64.0
-13.75,1625449482.0,64.0
-15.93,1625449482.0,64.0
-18.1,1625449482.0,64.0
-20.04,1625449482.0,64.0
-21.43,1625449482.0,64.0
-21.87,1625449482.0,64.0
-21.13,1625449482.0,64.0
-19.24,1625449482.0,64.0
-16.49,1625449482.0,64.0
-13.3,1625449482.0,64.0
-10.09,1625449482.0,64.0
-7.04,1625449482.0,64.0
-4.15,1625449482.0,64.0
-1.31,1625449482.0,64.0
1.56,1625449482.0,64.0
4.37,1625449482.0,64.0
6.94,1625449482.0,64.0
9.0,1625449482.0,64.0
10.42,1625449482.0,64.0
11.18,1625449482.0,64.0
11.46,1625449482.0,64.0
11.5,1625449482.0,64.0
11.51,1625449482.0,64.0
11.62,1625449482.0,64.0
11.83,1625449482.0,64.0
12.1,1625449482.0,64.0
12.37,1625449482.0,64.0
12.57,1625449482.0,64.0
12.68,1625449482.0,64.0
12.65,1625449482.0,64.0
12.43,1625449482.0,64.0
11.97,1625449482.0,64.0
11.25,1625449482.0,64.0
10.28,1625449482.0,64.0
9.12,1625449482.0,64.0
7.85,1625449482.0,64.0
6.58,1625449482.0,64.0
5.37,1625449482.0,64.0
4.24,1625449482.0,64.0
3.23,1625449482.0,64.0
2.33,1625449482.0,64.0
1.53,1625449482.0,64.0
0.77,1625449482.0,64.0
-0.04,1625449482.0,64.0
-1.02,1625449482.0,64.0
-2.3,1625449482.0,64.0
-3.92,1625449482.0,64.0
-5.88,1625449482.0,64.0
-8.14,1625449482.0,64.0
-10.7,1625449482.0,64.0
-13.53,1625449482.0,64.0
-16.62,1625449482.0,64.0
-19.8,1625449482.0,64.0
-22.79,1625449482.0,64.0
-25.17,1625449482.0,64.0
-26.57,1625449482.0,64.0
-26.76,1625449482.0,64.0
-25.75,1625449482.0,64.0
-23.74,1625449482.0,64.0
-21.0,1625449482.0,64.0
-17.72,1625449482.0,64.0
-14.03,1625449482.0,64.0
-9.97,1625449482.0,64.0
-5.68,1625449482.0,64.0
-1.36,1625449482.0,64.0
2.67,1625449482.0,64.0
6.1,1625449482.0,64.0
8.72,1625449482.0,64.0
10.49,1625449482.0,64.0
11.5,1625449482.0,64.0
11.93,1625449482.0,64.0
12.0,1625449482.0,64.0
11.94,1625449482.0,64.0
11.89,1625449482.0,64.0
11.97,1625449482.0,64.0
12.23,1625449482.0,64.0
12.64,1625449482.0,64.0
13.13,1625449482.0,64.0
13.59,1625449482.0,64.0
13.88,1625449482.0,64.0
13.89,1625449482.0,64.0
13.5,1625449482.0,64.0
12.65,1625449482.0,64.0
11.37,1625449482.0,64.0
9.79,1625449482.0,64.0
8.16,1625449482.0,64.0
6.72,1625449482.0,64.0
5.58,1625449482.0,64.0
4.71,1625449482.0,64.0
3.96,1625449482.0,64.0
3.07,1625449482.0,64.0
1.91,1625449482.0,64.0
0.48,1625449482.0,64.0
-1.13,1625449482.0,64.0
-2.79,1625449482.0,64.0
-4.4,1625449482.0,64.0
-5.92,1625449482.0,64.0
-7.36,1625449482.0,64.0
-8.75,1625449482.0,64.0
-10.14,1625449482.0,64.0
-11.58,1625449482.0,64.0
-13.13,1625449482.0,64.0
-14.83,1625449482.0,64.0
-16.63,1625449482.0,64.0
-18.38,1625449482.0,64.0
-19.82,1625449482.0,64.0
-20.72,1625449482.0,64.0
-20.86,1625449482.0,64.0
-20.19,1625449482.0,64.0
-18.75,1625449482.0,64.0
-16.67,1625449482.0,64.0
-14.14,1625449482.0,64.0
-11.36,1625449482.0,64.0
-8.48,1625449482.0,64.0
-5.65,1625449482.0,64.0
-2.94,1625449482.0,64.0
-0.45,1625449482.0,64.0
1.77,1625449482.0,64.0
3.64,1625449482.0,64.0
5.13,1625449482.0,64.0
6.28,1625449482.0,64.0
7.24,1625449482.0,64.0
8.15,1625449482.0,64.0
9.13,1625449482.0,64.0
10.19,1625449482.0,64.0
11.22,1625449482.0,64.0
12.04,1625449482.0,64.0
12.51,1625449482.0,64.0
12.57,1625449482.0,64.0
12.26,1625449482.0,64.0
11.72,1625449482.0,64.0
11.03,1625449482.0,64.0
10.24,1625449482.0,64.0
9.34,1625449482.0,64.0
8.3,1625449482.0,64.0
7.15,1625449482.0,64.0
5.93,1625449482.0,64.0
4.71,1625449482.0,64.0
3.56,1625449482.0,64.0
2.51,1625449482.0,64.0
1.57,1625449482.0,64.0
0.69,1625449482.0,64.0
-0.17,1625449482.0,64.0
-1.08,1625449482.0,64.0
-2.05,1625449482.0,64.0
-3.1,1625449482.0,64.0
-4.16,1625449482.0,64.0
-5.19,1625449482.0,64.0
-6.13,1625449482.0,64.0
-6.97,1625449482.0,64.0
-7.8,1625449482.0,64.0
-8.72,1625449482.0,64.0
-9.86,1625449482.0,64.0
-11.26,1625449482.0,64.0
-12.87,1625449482.0,64.0
-14.51,1625449482.0,64.0
-15.87,1625449482.0,64.0
-16.6,1625449482.0,64.0
-16.37,1625449482.0,64.0
-15.05,1625449482.0,64.0
-12.73,1625449482.0,64.0
-9.71,1625449482.0,64.0
-6.37,1625449482.0,64.0
-3.03,1625449482.0,64.0
0.18,1625449482.0,64.0
3.24,1625449482.0,64.0
6.17,1625449482.0,64.0
8.85,1625449482.0,64.0
11.01,1625449482.0,64.0
12.37,1625449482.0,64.0
12.74,1625449482.0,64.0
12.24,1625449482.0,64.0
11.23,1625449482.0,64.0
10.2,1625449482.0,64.0
9.57,1625449482.0,64.0
9.49,1625449482.0,64.0
9.83,1625449482.0,64.0
10.29,1625449482.0,64.0
10.47,1625449482.0,64.0
10.12,1625449482.0,64.0
9.14,1625449482.0,64.0
7.63,1625449482.0,64.0
5.8,1625449482.0,64.0
3.94,1625449482.0,64.0
2.29,1625449482.0,64.0
0.97,1625449482.0,64.0
-0.02,1625449482.0,64.0
-0.81,1625449482.0,64.0
-1.56,1625449482.0,64.0
-2.37,1625449482.0,64.0
-3.19,1625449482.0,64.0
-3.88,1625449482.0,64.0
-4.31,1625449482.0,64.0
-4.46,1625449482.0,64.0
-4.51,1625449482.0,64.0
-4.71,1625449482.0,64.0
-5.29,1625449482.0,64.0
-6.3,1625449482.0,64.0
-7.68,1625449482.0,64.0
-9.26,1625449482.0,64.0
-10.9,1625449482.0,64.0
-12.54,1625449482.0,64.0
-14.11,1625449482.0,64.0
-15.51,1625449482.0,64.0
-16.49,1625449482.0,64.0
-16.77,1625449482.0,64.0
-16.13,1625449482.0,64.0
-14.55,1625449482.0,64.0
-12.21,1625449482.0,64.0
-9.45,1625449482.0,64.0
-6.53,1625449482.0,64.0
-3.62,1625449482.0,64.0
-0.78,1625449482.0,64.0
2.02,1625449482.0,64.0
4.67,1625449482.0,64.0
6.98,1625449482.0,64.0
8.68,1625449482.0,64.0
9.6,1625449482.0,64.0
9.72,1625449482.0,64.0
9.29,1625449482.0,64.0
8.71,1625449482.0,64.0
8.35,1625449482.0,64.0
8.46,1625449482.0,64.0
9.04,1625449482.0,64.0
9.92,1625449482.0,64.0
10.81,1625449482.0,64.0
11.45,1625449482.0,64.0
11.73,1625449482.0,64.0
11.68,1625449482.0,64.0
11.41,1625449482.0,64.0
11.06,1625449482.0,64.0
10.67,1625449482.0,64.0
10.19,1625449482.0,64.0
9.5,1625449482.0,64.0
8.49,1625449482.0,64.0
7.16,1625449482.0,64.0
5.6,1625449482.0,64.0
3.97,1625449482.0,64.0
2.42,1625449482.0,64.0
0.99,1625449482.0,64.0
-0.35,1625449482.0,64.0
-1.69,1625449482.0,64.0
-3.11,1625449482.0,64.0
-4.63,1625449482.0,64.0
-6.24,1625449482.0,64.0
-7.91,1625449482.0,64.0
-9.68,1625449482.0,64.0
-11.58,1625449482.0,64.0
-13.66,1625449482.0,64.0
-15.79,1625449482.0,64.0
-17.75,1625449482.0,64.0
-19.19,1625449482.0,64.0
-19.77,1625449482.0,64.0
-19.32,1625449482.0,64.0
-17.84,1625449482.0,64.0
-15.55,1625449482.0,64.0
-12.76,1625449482.0,64.0
-9.77,1625449482.0,64.0
-6.79,1625449482.0,64.0
-3.94,1625449482.0,64.0
-1.33,1625449482.0,64.0
0.94,1625449482.0,64.0
2.76,1625449482.0,64.0
4.07,1625449482.0,64.0
4.91,1625449482.0,64.0
5.45,1625449482.0,64.0
5.9,1625449482.0,64.0
6.42,1625449482.0,64.0
7.09,1625449482.0,64.0
7.88,1625449482.0,64.0
8.69,1625449482.0,64.0
9.44,1625449482.0,64.0
10.1,1625449482.0,64.0
10.66,1625449482.0,64.0
11.1,1625449482.0,64.0
11.39,1625449482.0,64.0
11.48,1625449482.0,64.0
11.36,1625449482.0,64.0
11.02,1625449482.0,64.0
10.5,1625449482.0,64.0
9.84,1625449482.0,64.0
9.06,1625449482.0,64.0
8.13,1625449482.0,64.0
7.05,1625449482.0,64.0
5.85,1625449482.0,64.0
4.6,1625449482.0,64.0
3.37,1625449482.0,64.0
2.22,1625449482.0,64.0
1.09,1625449482.0,64.0
-0.13,1625449482.0,64.0
-1.56,1625449482.0,64.0
-3.28,1625449482.0,64.0
-5.3,1625449482.0,64.0
-7.55,1625449482.0,64.0
-9.97,1625449482.0,64.0
-12.51,1625449482.0,64.0
-15.1,1625449482.0,64.0
-17.62,1625449482.0,64.0
-19.82,1625449482.0,64.0
-21.4,1625449482.0,64.0
-22.06,1625449482.0,64.0
-21.62,1625449482.0,64.0
-20.12,1625449482.0,64.0
-17.8,1625449482.0,64.0
-14.97,1625449482.0,64.0
-11.94,1625449482.0,64.0
-8.89,1625449482.0,64.0
-5.88,1625449482.0,64.0
-2.91,1625449482.0,64.0
0.02,1625449482.0,64.0
2.84,1625449482.0,64.0
5.43,1625449482.0,64.0
7.64,1625449482.0,64.0
9.39,1625449482.0,64.0
10.68,1625449482.0,64.0
11.51,1625449482.0,64.0
11.98,1625449482.0,64.0
12.17,1625449482.0,64.0
12.12,1625449482.0,64.0
11.88,1625449482.0,64.0
11.52,1625449482.0,64.0
11.05,1625449482.0,64.0
10.49,1625449482.0,64.0
9.82,1625449482.0,64.0
9.01,1625449482.0,64.0
8.0,1625449482.0,64.0
6.82,1625449482.0,64.0
5.54,1625449482.0,64.0
4.28,1625449482.0,64.0
3.19,1625449482.0,64.0
2.38,1625449482.0,64.0
1.83,1625449482.0,64.0
1.46,1625449482.0,64.0
1.07,1625449482.0,64.0
0.54,1625449482.0,64.0
-0.21,1625449482.0,64.0
-1.14,1625449482.0,64.0
-2.16,1625449482.0,64.0
-3.21,1625449482.0,64.0
-4.3,1625449482.0,64.0
-5.53,1625449482.0,64.0
-7.04,1625449482.0,64.0
-8.9,1625449482.0,64.0
-11.09,1625449482.0,64.0
-13.46,1625449482.0,64.0
-15.79,1625449482.0,64.0
-17.82,1625449482.0,64.0
-19.28,1625449482.0,64.0
-19.96,1625449482.0,64.0
-19.71,1625449482.0,64.0
-18.53,1625449482.0,64.0
-16.54,1625449482.0,64.0
-13.99,1625449482.0,64.0
-11.17,1625449482.0,64.0
-8.28,1625449482.0,64.0
-5.42,1625449482.0,64.0
-2.53,1625449482.0,64.0
0.44,1625449482.0,64.0
3.45,1625449482.0,64.0
6.31,1625449482.0,64.0
8.72,1625449482.0,64.0
10.41,1625449482.0,64.0
11.3,1625449482.0,64.0
11.52,1625449482.0,64.0
11.4,1625449482.0,64.0
11.29,1625449482.0,64.0
11.36,1625449482.0,64.0
11.63,1625449482.0,64.0
11.91,1625449482.0,64.0
12.0,1625449482.0,64.0
11.77,1625449482.0,64.0
11.23,1625449482.0,64.0
10.51,1625449482.0,64.0
9.7,1625449482.0,64.0
8.86,1625449482.0,64.0
7.97,1625449482.0,64.0
6.94,1625449482.0,64.0
5.71,1625449482.0,64.0
4.28,1625449482.0,64.0
2.72,1625449482.0,64.0
1.13,1625449482.0,64.0
-0.44,1625449482.0,64.0
-1.93,1625449482.0,64.0
-3.34,1625449482.0,64.0
-4.67,1625449482.0,64.0
-5.89,1625449482.0,64.0
-6.96,1625449482.0,64.0
-7.9,1625449482.0,64.0
-8.79,1625449482.0,64.0
-9.74,1625449482.0,64.0
-10.92,1625449482.0,64.0
-12.42,1625449482.0,64.0
-14.24,1625449482.0,64.0
-16.23,1625449482.0,64.0
-18.12,1625449482.0,64.0
-19.6,1625449482.0,64.0
-20.34,1625449482.0,64.0
-20.14,1625449482.0,64.0
-18.98,1625449482.0,64.0
-16.99,1625449482.0,64.0
-14.46,1625449482.0,64.0
-11.68,1625449482.0,64.0
-8.85,1625449482.0,64.0
-6.05,1625449482.0,64.0
-3.29,1625449482.0,64.0
-0.57,1625449482.0,64.0
2.03,1625449482.0,64.0
4.36,1625449482.0,64.0
6.26,1625449482.0,64.0
7.66,1625449482.0,64.0
8.57,1625449482.0,64.0
9.15,1625449482.0,64.0
9.56,1625449482.0,64.0
9.96,1625449482.0,64.0
10.41,1625449482.0,64.0
10.89,1625449482.0,64.0
11.29,1625449482.0,64.0
11.52,1625449482.0,64.0
11.48,1625449482.0,64.0
11.12,1625449482.0,64.0
10.46,1625449482.0,64.0
9.57,1625449482.0,64.0
8.57,1625449482.0,64.0
7.54,1625449482.0,64.0
6.53,1625449482.0,64.0
5.57,1625449482.0,64.0
4.6,1625449482.0,64.0
3.58,1625449482.0,64.0
2.51,1625449482.0,64.0
1.4,1625449482.0,64.0
0.28,1625449482.0,64.0
-0.8,1625449482.0,64.0
-1.82,1625449482.0,64.0
-2.8,1625449482.0,64.0
-3.81,1625449482.0,64.0
-4.98,1625449482.0,64.0
-6.39,1625449482.0,64.0
-8.11,1625449482.0,64.0
-10.1,1625449482.0,64.0
-12.27,1625449482.0,64.0
-14.44,1625449482.0,64.0
-16.43,1625449482.0,64.0
-18.02,1625449482.0,64.0
-19.03,1625449482.0,64.0
-19.3,1625449482.0,64.0
-18.8,1625449482.0,64.0
-17.54,1625449482.0,64.0
-15.66,1625449482.0,64.0
-13.33,1625449482.0,64.0
-10.73,1625449482.0,64.0
-7.96,1625449482.0,64.0
-5.12,1625449482.0,64.0
-2.23,1625449482.0,64.0
0.61,1625449482.0,64.0
3.3,1625449482.0,64.0
5.62,1625449482.0,64.0
7.41,1625449482.0,64.0
8.58,1625449482.0,64.0
9.16,1625449482.0,64.0
9.36,1625449482.0,64.0
9.43,1625449482.0,64.0
9.64,1625449482.0,64.0
10.13,1625449482.0,64.0
10.89,1625449482.0,64.0
11.8,1625449482.0,64.0
12.67,1625449482.0,64.0
13.3,1625449482.0,64.0
13.59,1625449482.0,64.0
13.54,1625449482.0,64.0
13.18,1625449482.0,64.0
12.58,1625449482.0,64.0
11.79,1625449482.0,64.0
10.82,1625449482.0,64.0
9.7,1625449482.0,64.0
8.44,1625449482.0,64.0
7.07,1625449482.0,64.0
5.65,1625449482.0,64.0
4.23,1625449482.0,64.0
2.91,1625449482.0,64.0
1.76,1625449482.0,64.0
0.78,1625449482.0,64.0
-0.11,1625449482.0,64.0
-1.03,1625449482.0,64.0
-2.14,1625449482.0,64.0
-3.54,1625449482.0,64.0
-5.27,1625449482.0,64.0
-7.24,1625449482.0,64.0
-9.26,1625449482.0,64.0
-11.18,1625449482.0,64.0
-12.84,1625449482.0,64.0
-14.14,1625449482.0,64.0
-15.02,1625449482.0,64.0
-15.42,1625449482.0,64.0
-15.27,1625449482.0,64.0
-14.49,1625449482.0,64.0
-13.07,1625449482.0,64.0
-11.03,1625449482.0,64.0
-8.51,1625449482.0,64.0
-5.67,1625449482.0,64.0
-2.69,1625449482.0,64.0
0.25,1625449482.0,64.0
3.01,1625449482.0,64.0
5.43,1625449482.0,64.0
7.38,1625449482.0,64.0
8.76,1625449482.0,64.0
9.55,1625449482.0,64.0
9.84,1625449482.0,64.0
9.81,1625449482.0,64.0
9.72,1625449482.0,64.0
9.78,1625449482.0,64.0
10.13,1625449482.0,64.0
10.71,1625449482.0,64.0
11.36,1625449482.0,64.0
11.87,1625449482.0,64.0
12.09,1625449482.0,64.0
12.01,1625449482.0,64.0
11.73,1625449482.0,64.0
11.43,1625449482.0,64.0
11.18,1625449482.0,64.0
10.97,1625449482.0,64.0
10.65,1625449482.0,64.0
10.05,1625449482.0,64.0
9.05,1625449482.0,64.0
7.69,1625449482.0,64.0
6.14,1625449482.0,64.0
4.62,1625449482.0,64.0
3.3,1625449482.0,64.0
2.24,1625449482.0,64.0
1.37,1625449482.0,64.0
0.52,1625449482.0,64.0
-0.47,1625449482.0,64.0
-1.73,1625449482.0,64.0
-3.32,1625449482.0,64.0
-5.23,1625449482.0,64.0
-7.38,1625449482.0,64.0
-9.59,1625449482.0,64.0
-11.62,1625449482.0,64.0
-13.17,1625449482.0,64.0
-13.91,1625449482.0,64.0
-13.62,1625449482.0,64.0
-12.28,1625449482.0,64.0
-10.08,1625449482.0,64.0
-7.36,1625449482.0,64.0
-4.46,1625449482.0,64.0
-1.62,1625449482.0,64.0
1.06,1625449482.0,64.0
3.5,1625449482.0,64.0
5.63,1625449482.0,64.0
7.3,1625449482.0,64.0
8.37,1625449482.0,64.0
8.84,1625449482.0,64.0
8.88,1625449482.0,64.0
8.78,1625449482.0,64.0
8.84,1625449482.0,64.0
9.2,1625449482.0,64.0
9.81,1625449482.0,64.0
10.42,1625449482.0,64.0
10.82,1625449482.0,64.0
10.89,1625449482.0,64.0
10.72,1625449482.0,64.0
10.47,1625449482.0,64.0
10.35,1625449482.0,64.0
10.4,1625449482.0,64.0
10.5,1625449482.0,64.0
10.42,1625449482.0,64.0
9.93,1625449482.0,64.0
8.9,1625449482.0,64.0
7.43,1625449482.0,64.0
5.7,1625449482.0,64.0
3.98,1625449482.0,64.0
2.45,1625449482.0,64.0
1.12,1625449482.0,64.0
-0.14,1625449482.0,64.0
-1.51,1625449482.0,64.0
-3.16,1625449482.0,64.0
-5.1,1625449482.0,64.0
-7.26,1625449482.0,64.0
-9.51,1625449482.0,64.0
-11.74,1625449482.0,64.0
-13.85,1625449482.0,64.0
-15.78,1625449482.0,64.0
-17.38,1625449482.0,64.0
-18.42,1625449482.0,64.0
-18.63,1625449482.0,64.0
-17.78,1625449482.0,64.0
-15.83,1625449482.0,64.0
-12.96,1625449482.0,64.0
-9.54,1625449482.0,64.0
-5.99,1625449482.0,64.0
-2.58,1625449482.0,64.0
0.52,1625449482.0,64.0
3.34,1625449482.0,64.0
5.89,1625449482.0,64.0
8.15,1625449482.0,64.0
9.97,1625449482.0,64.0
11.22,1625449482.0,64.0
11.84,1625449482.0,64.0
11.92,1625449482.0,64.0
11.69,1625449482.0,64.0
11.4,1625449482.0,64.0
11.23,1625449482.0,64.0
11.23,1625449482.0,64.0
11.3,1625449482.0,64.0
11.29,1625449482.0,64.0
11.08,1625449482.0,64.0
10.59,1625449482.0,64.0
9.85,1625449482.0,64.0
8.95,1625449482.0,64.0
8.0,1625449482.0,64.0
7.03,1625449482.0,64.0
6.03,1625449482.0,64.0
4.97,1625449482.0,64.0
3.79,1625449482.0,64.0
2.51,1625449482.0,64.0
1.16,1625449482.0,64.0
-0.19,1625449482.0,64.0
-1.54,1625449482.0,64.0
-2.92,1625449482.0,64.0
-4.46,1625449482.0,64.0
-6.25,1625449482.0,64.0
-8.35,1625449482.0,64.0
-10.65,1625449482.0,64.0
-13.0,1625449482.0,64.0
-15.16,1625449482.0,64.0
-16.94,1625449482.0,64.0
-18.22,1625449482.0,64.0
-18.91,1625449482.0,64.0
-18.97,1625449482.0,64.0
-18.33,1625449482.0,64.0
-16.92,1625449482.0,64.0
-14.76,1625449482.0,64.0
-11.94,1625449482.0,64.0
-8.65,1625449482.0,64.0
-5.14,1625449482.0,64.0
-1.58,1625449482.0,64.0
1.94,1625449482.0,64.0
5.41,1625449482.0,64.0
8.79,1625449482.0,64.0
11.97,1625449482.0,64.0
14.7,1625449482.0,64.0
16.72,1625449482.0,64.0
17.85,1625449482.0,64.0
18.13,1625449482.0,64.0
17.8,1625449482.0,64.0
17.24,1625449482.0,64.0
16.8,1625449482.0,64.0
16.76,1625449482.0,64.0
17.23,1625449482.0,64.0
18.17,1625449482.0,64.0
19.42,1625449482.0,64.0
20.73,1625449482.0,64.0
21.82,1625449482.0,64.0
22.41,1625449482.0,64.0
22.39,1625449482.0,64.0
21.78,1625449482.0,64.0
20.85,1625449482.0,64.0
19.98,1625449482.0,64.0
19.5,1625449482.0,64.0
19.54,1625449482.0,64.0
19.99,1625449482.0,64.0
20.55,1625449482.0,64.0
20.93,1625449482.0,64.0
20.96,1625449482.0,64.0
20.81,1625449482.0,64.0
20.88,1625449482.0,64.0
21.67,1625449482.0,64.0
23.5,1625449482.0,64.0
26.4,1625449482.0,64.0
30.08,1625449482.0,64.0
34.01,1625449482.0,64.0
37.64,1625449482.0,64.0
40.55,1625449482.0,64.0
42.49,1625449482.0,64.0
43.41,1625449482.0,64.0
43.55,1625449482.0,64.0
43.65,1625449482.0,64.0
45.02,1625449482.0,64.0
49.37,1625449482.0,64.0
58.16,1625449482.0,64.0
71.74,1625449482.0,64.0
88.79,1625449482.0,64.0
106.61,1625449482.0,64.0
122.19,1625449482.0,64.0
133.5,1625449482.0,64.0
140.19,1625449482.0,64.0
143.27,1625449482.0,64.0
143.81,1625449482.0,64.0
141.65,1625449482.0,64.0
135.08,1625449482.0,64.0
121.65,1625449482.0,64.0
99.77,1625449482.0,64.0
69.9,1625449482.0,64.0
34.52,1625449482.0,64.0
-3.07,1625449482.0,64.0
-40.34,1625449482.0,64.0
-76.17,1625449482.0,64.0
-110.48,1625449482.0,64.0
-143.19,1625449482.0,64.0
-173.48,1625449482.0,64.0
-199.89,1625449482.0,64.0
-221.2,1625449482.0,64.0
-237.35,1625449482.0,64.0
-249.48,1625449482.0,64.0
-259.35,1625449482.0,64.0
-267.86,1625449482.0,64.0
-274.49,1625449482.0,64.0
-277.63,1625449482.0,64.0
-275.86,1625449482.0,64.0
-269.16,1625449482.0,64.0
-259.38,1625449482.0,64.0
-249.56,1625449482.0,64.0
-242.59,1625449482.0,64.0
-239.87,1625449482.0,64.0
-240.6,1625449482.0,64.0
-241.97,1625449482.0,64.0
-240.08,1625449482.0,64.0
-231.06,1625449482.0,64.0
-212.17,1625449482.0,64.0
-182.46,1625449482.0,64.0
-142.62,1625449482.0,64.0
-94.38,1625449482.0,64.0
-39.91,1625449482.0,64.0
18.3,1625449482.0,64.0
77.04,1625449482.0,64.0
132.05,1625449482.0,64.0
178.26,1625449482.0,64.0
211.08,1625449482.0,64.0
228.4,1625449482.0,64.0
231.87,1625449482.0,64.0
226.97,1625449482.0,64.0
220.82,1625449482.0,64.0
219.16,1625449482.0,64.0
223.69,1625449482.0,64.0
231.48,1625449482.0,64.0
236.92,1625449482.0,64.0
234.46,1625449482.0,64.0
221.33,1625449482.0,64.0
198.43,1625449482.0,64.0
169.45,1625449482.0,64.0
138.94,1625449482.0,64.0
110.66,1625449482.0,64.0
86.84,1625449482.0,64.0
68.52,1625449482.0,64.0
56.15,1625449482.0,64.0
49.95,1625449482.0,64.0
49.78,1625449482.0,64.0
54.55,1625449482.0,64.0
61.87,1625449482.0,64.0
68.27,1625449482.0,64.0
70.21,1625449482.0,64.0
65.54,1625449482.0,64.0
54.39,1625449482.0,64.0
39.3,1625449482.0,64.0
24.13,1625449482.0,64.0
12.42,1625449482.0,64.0
5.93,1625449482.0,64.0
4.24,1625449482.0,64.0
5.15,1625449482.0,64.0
5.8,1625449482.0,64.0
3.98,1625449482.0,64.0
-1.33,1625449482.0,64.0
-9.7,1625449482.0,64.0
-19.72,1625449482.0,64.0
-29.63,1625449482.0,64.0
-37.8,1625449482.0,64.0
-43.01,1625449482.0,64.0
-44.83,1625449482.0,64.0
-43.74,1625449482.0,64.0
-41.02,1625449482.0,64.0
-38.57,1625449482.0,64.0
-38.13,1625449482.0,64.0
-40.67,1625449482.0,64.0
-46.44,1625449482.0,64.0
-54.51,1625449482.0,64.0
-63.08,1625449482.0,64.0
-70.19,1625449482.0,64.0
-74.5,1625449482.0,64.0
-75.56,1625449482.0,64.0
-74.22,1625449482.0,64.0
-71.81,1625449482.0,64.0
-69.51,1625449482.0,64.0
-68.77,1625449482.0,64.0
-70.12,1625449482.0,64.0
-73.11,1625449482.0,64.0
-76.59,1625449482.0,64.0
-79.39,1625449482.0,64.0
-80.32,1625449482.0,64.0
-79.38,1625449482.0,64.0
-77.0,1625449482.0,64.0
-73.77,1625449482.0,64.0
-71.83,1625449482.0,64.0
-72.86,1625449482.0,64.0
-77.45,1625449482.0,64.0
-84.98,1625449482.0,64.0
-94.15,1625449482.0,64.0
-103.04,1625449482.0,64.0
-111.28,1625449482.0,64.0
-119.31,1625449482.0,64.0
-128.07,1625449482.0,64.0
-140.43,1625449482.0,64.0
-158.07,1625449482.0,64.0
-179.99,1625449482.0,64.0
-202.43,1625449482.0,64.0
-220.24,1625449482.0,64.0
-228.28,1625449482.0,64.0
-225.2,1625449482.0,64.0
-212.82,1625449482.0,64.0
-183.51,1625449482.0,64.0
-136.17,1625449482.0,64.0
-75.47,1625449482.0,64.0
-10.03,1625449482.0,64.0
52.14,1625449482.0,64.0
102.05,1625449482.0,64.0
143.77,1625449482.0,64.0
182.34,1625449482.0,64.0
220.76,1625449482.0,64.0
259.49,1625449482.0,64.0
294.93,1625449482.0,64.0
321.21,1625449482.0,64.0
332.94,1625449482.0,64.0
327.3,1625449482.0,64.0
305.13,1625449482.0,64.0
271.55,1625449482.0,64.0
232.54,1625449482.0,64.0
194.18,1625449482.0,64.0
161.03,1625449482.0,64.0
133.64,1625449482.0,64.0
110.65,1625449482.0,64.0
90.6,1625449482.0,64.0
72.99,1625449482.0,64.0
58.18,1625449482.0,64.0
47.16,1625449482.0,64.0
39.24,1625449482.0,64.0
32.87,1625449482.0,64.0
26.58,1625449482.0,64.0
18.73,1625449482.0,64.0
9.05,1625449482.0,64.0
-1.2,1625449482.0,64.0
-9.87,1625449482.0,64.0
-15.12,1625449482.0,64.0
-16.01,1625449482.0,64.0
-13.6,1625449482.0,64.0
-9.88,1625449482.0,64.0
-6.78,1625449482.0,64.0
-5.94,1625449482.0,64.0
-7.89,1625449482.0,64.0
-12.0,1625449482.0,64.0
-16.84,1625449482.0,64.0
-21.03,1625449482.0,64.0
-23.51,1625449482.0,64.0
-24.28,1625449482.0,64.0
-23.95,1625449482.0,64.0
-23.32,1625449482.0,64.0
-23.19,1625449482.0,64.0
-23.98,1625449482.0,64.0
-25.54,1625449482.0,64.0
-27.31,1625449482.0,64.0
-28.61,1625449482.0,64.0
-28.86,1625449482.0,64.0
-27.94,1625449482.0,64.0
-26.0,1625449482.0,64.0
-23.36,1625449482.0,64.0
-20.27,1625449482.0,64.0
-16.93,1625449482.0,64.0
-13.37,1625449482.0,64.0
-9.67,1625449482.0,64.0
-5.91,1625449482.0,64.0
-2.25,1625449482.0,64.0
1.19,1625449482.0,64.0
4.32,1625449482.0,64.0
7.11,1625449482.0,64.0
9.52,1625449482.0,64.0
11.48,1625449482.0,64.0
12.88,1625449482.0,64.0
13.59,1625449482.0,64.0
13.56,1625449482.0,64.0
12.8,1625449482.0,64.0
11.48,1625449482.0,64.0
9.83,1625449482.0,64.0
8.15,1625449482.0,64.0
6.78,1625449482.0,64.0
5.94,1625449482.0,64.0
5.67,1625449482.0,64.0
5.73,1625449482.0,64.0
5.72,1625449482.0,64.0
5.24,1625449482.0,64.0
4.07,1625449482.0,64.0
2.34,1625449482.0,64.0
0.45,1625449482.0,64.0
-1.17,1625449482.0,64.0
-2.28,1625449482.0,64.0
-2.9,1625449482.0,64.0
-3.17,1625449482.0,64.0
-3.2,1625449482.0,64.0
-2.92,1625449482.0,64.0
-2.19,1625449482.0,64.0
-1.04,1625449482.0,64.0
0.15,1625449482.0,64.0
0.7,1625449482.0,64.0
-0.1,1625449482.0,64.0
-2.58,1625449482.0,64.0
-6.44,1625449482.0,64.0
-10.9,1625449482.0,64.0
-15.08,1625449482.0,64.0
-18.43,1625449482.0,64.0
-20.83,1625449482.0,64.0
-22.3,1625449482.0,64.0
-22.7,1625449482.0,64.0
-21.37,1625449482.0,64.0
-17.34,1625449482.0,64.0
-9.82,1625449482.0,64.0
1.19,1625449482.0,64.0
14.6,1625449482.0,64.0
28.54,1625449482.0,64.0
40.96,1625449482.0,64.0
50.43,1625449482.0,64.0
56.54,1625449482.0,64.0
59.91,1625449482.0,64.0
61.66,1625449482.0,64.0
62.86,1625449482.0,64.0
64.16,1625449482.0,64.0
65.74,1625449482.0,64.0
67.54,1625449482.0,64.0
69.53,1625449482.0,64.0
71.85,1625449482.0,64.0
74.62,1625449482.0,64.0
77.77,1625449482.0,64.0
80.84,1625449482.0,64.0
83.11,1625449482.0,64.0
84.11,1625449482.0,64.0
84.03,1625449482.0,64.0
83.77,1625449482.0,64.0
84.32,1625449482.0,64.0
85.77,1625449482.0,64.0
86.42,1625449482.0,64.0
82.91,1625449482.0,64.0
71.44,1625449482.0,64.0
49.74,1625449482.0,64.0
18.57,1625449482.0,64.0
-18.14,1625449482.0,64.0
-54.6,1625449482.0,64.0
-85.46,1625449482.0,64.0
-107.79,1625449482.0,64.0
-122.02,1625449482.0,64.0
-131.33,1625449482.0,64.0
-140.43,1625449482.0,64.0
-154.06,1625449482.0,64.0
-175.78,1625449482.0,64.0
-206.84,1625449482.0,64.0
-245.14,1625449482.0,64.0
-284.85,1625449482.0,64.0
-317.03,1625449482.0,64.0
-331.93,1625449482.0,64.0
-321.81,1625449482.0,64.0
-283.87,1625449482.0,64.0
-221.87,1625449482.0,64.0
-145.81,1625449482.0,64.0
-69.94,1625449482.0,64.0
-9.51,1625449482.0,64.0
23.07,1625449482.0,64.0
21.67,1625449482.0,64.0
-12.05,1625449482.0,64.0
-68.51,1625449482.0,64.0
-133.23,1625449482.0,64.0
-191.01,1625449482.0,64.0
-230.33,1625449482.0,64.0
-246.04,1625449482.0,64.0
-239.3,1625449482.0,64.0
-214.76,1625449482.0,64.0
-176.85,1625449482.0,64.0
-128.53,1625449482.0,64.0
-71.49,1625449482.0,64.0
-8.66,1625449482.0,64.0
53.99,1625449482.0,64.0
107.91,1625449482.0,64.0
144.82,1625449482.0,64.0
160.29,1625449482.0,64.0
156.03,1625449482.0,64.0
143.12,1625449482.0,64.0
133.91,1625449482.0,64.0
138.42,1625449482.0,64.0
159.16,1625449482.0,64.0
189.73,1625449482.0,64.0
219.49,1625449482.0,64.0
240.13,1625449482.0,64.0
249.15,1625449482.0,64.0
249.13,1625449482.0,64.0
244.37,1625449482.0,64.0
237.07,1625449482.0,64.0
226.22,1625449482.0,64.0
208.79,1625449482.0,64.0
182.24,1625449482.0,64.0
146.33,1625449482.0,64.0
102.98,1625449482.0,64.0
54.83,1625449482.0,64.0
3.16,1625449482.0,64.0
-49.43,1625449482.0,64.0
-101.89,1625449482.0,64.0
-152.39,1625449482.0,64.0
-197.51,1625449482.0,64.0
-232.52,1625449482.0,64.0
-252.99,1625449482.0,64.0
-256.39,1625449482.0,64.0
-243.13,1625449482.0,64.0
-216.4,1625449482.0,64.0
-180.95,1625449482.0,64.0
-143.1,1625449482.0,64.0
-109.85,1625449482.0,64.0
-88.56,1625449482.0,64.0
-85.83,1625449482.0,64.0
-104.97,1625449482.0,64.0
-143.6,1625449482.0,64.0
-192.92,1625449482.0,64.0
-239.83,1625449482.0,64.0
-271.42,1625449482.0,64.0
-280.32,1625449482.0,64.0
-266.85,1625449482.0,64.0
-238.03,1625449482.0,64.0
-203.67,1625449482.0,64.0
-171.87,1625449482.0,64.0
-146.46,1625449482.0,64.0
-127.02,1625449482.0,64.0
-110.94,1625449482.0,64.0
-95.73,1625449482.0,64.0
-80.62,1625449482.0,64.0
-66.0,1625449482.0,64.0
-52.02,1625449482.0,64.0
-37.5,1625449482.0,64.0
-20.01,1625449482.0,64.0
3.31,1625449482.0,64.0
34.53,1625449482.0,64.0
73.88,1625449482.0,64.0
119.58,1625449482.0,64.0
167.65,1625449482.0,64.0
212.91,1625449482.0,64.0
250.16,1625449482.0,64.0
275.37,1625449482.0,64.0
286.98,1625449482.0,64.0
286.42,1625449482.0,64.0
277.49,1625449482.0,64.0
264.64,1625449482.0,64.0
251.06,1625449482.0,64.0
237.52,1625449482.0,64.0
222.87,1625449482.0,64.0
206.06,1625449482.0,64.0
187.12,1625449482.0,64.0
167.6,1625449482.0,64.0
149.8,1625449482.0,64.0
135.54,1625449482.0,64.0
125.34,1625449482.0,64.0
118.41,1625449482.0,64.0
113.38,1625449482.0,64.0
109.18,1625449482.0,64.0
106.34,1625449482.0,64.0
105.39,1625449482.0,64.0
106.36,1625449482.0,64.0
108.51,1625449482.0,64.0
110.87,1625449482.0,64.0
112.76,1625449482.0,64.0
113.88,1625449482.0,64.0
113.92,1625449482.0,64.0
112.29,1625449482.0,64.0
109.86,1625449482.0,64.0
107.44,1625449482.0,64.0
106.0,1625449482.0,64.0
106.68,1625449482.0,64.0
110.75,1625449482.0,64.0
119.28,1625449482.0,64.0
132.81,1625449482.0,64.0
150.76,1625449482.0,64.0
171.43,1625449482.0,64.0
194.31,1625449482.0,64.0
217.56,1625449482.0,64.0
238.42,1625449482.0,64.0
253.74,1625449482.0,64.0
261.33,1625449482.0,64.0
260.91,1625449482.0,64.0
254.24,1625449482.0,64.0
244.22,1625449482.0,64.0
220.85,1625449482.0,64.0
180.04,1625449482.0,64.0
123.54,1625449482.0,64.0
59.68,1625449482.0,64.0
-0.82,1625449482.0,64.0
-49.76,1625449482.0,64.0
-83.66,1625449482.0,64.0
-103.25,1625449482.0,64.0
-112.25,1625449482.0,64.0
-115.86,1625449482.0,64.0
-116.98,1625449482.0,64.0
-118.21,1625449482.0,64.0
-120.58,1625449482.0,64.0
-123.95,1625449482.0,64.0
-126.98,1625449482.0,64.0
-129.12,1625449482.0,64.0
-130.37,1625449482.0,64.0
-131.95,1625449482.0,64.0
-136.11,1625449482.0,64.0
-143.79,1625449482.0,64.0
-156.92,1625449482.0,64.0
-176.63,1625449482.0,64.0
-202.67,1625449482.0,64.0
-232.64,1625449482.0,64.0
-261.76,1625449482.0,64.0
-283.65,1625449482.0,64.0
-292.52,1625449482.0,64.0
-285.62,1625449482.0,64.0
-258.31,1625449482.0,64.0
-214.69,1625449482.0,64.0
-165.28,1625449482.0,64.0
-123.97,1625449482.0,64.0
-102.98,1625449482.0,64.0
-108.13,1625449482.0,64.0
-136.35,1625449482.0,64.0
-176.92,1625449482.0,64.0
-215.58,1625449482.0,64.0
-239.14,1625449482.0,64.0
-240.85,1625449482.0,64.0
-220.32,1625449482.0,64.0
-181.47,1625449482.0,64.0
-129.67,1625449482.0,64.0
-69.84,1625449482.0,64.0
-6.77,1625449482.0,64.0
53.16,1625449482.0,64.0
101.39,1625449482.0,64.0
129.6,1625449482.0,64.0
132.84,1625449482.0,64.0
113.62,1625449482.0,64.0
81.81,1625449482.0,64.0
50.66,1625449482.0,64.0
31.07,1625449482.0,64.0
27.17,1625449482.0,64.0
35.49,1625449482.0,64.0
47.86,1625449482.0,64.0
55.85,1625449482.0,64.0
53.64,1625449482.0,64.0
39.51,1625449482.0,64.0
14.87,1625449482.0,64.0
-16.94,1625449482.0,64.0
-51.34,1625449482.0,64.0
-82.66,1625449482.0,64.0
-104.86,1625449482.0,64.0
-113.13,1625449482.0,64.0
-105.67,1625449482.0,64.0
-84.68,1625449482.0,64.0
-55.28,1625449482.0,64.0
-23.62,1625449482.0,64.0
4.87,1625449482.0,64.0
26.5,1625449482.0,64.0
39.58,1625449482.0,64.0
44.14,1625449482.0,64.0
41.68,1625449482.0,64.0
34.84,1625449482.0,64.0
26.78,1625449482.0,64.0
20.82,1625449482.0,64.0
19.6,1625449482.0,64.0
24.35,1625449482.0,64.0
34.6,1625449482.0,64.0
48.41,1625449482.0,64.0
63.02,1625449482.0,64.0
75.77,1625449482.0,64.0
84.95,1625449482.0,64.0
90.15,1625449482.0,64.0
92.36,1625449482.0,64.0
93.54,1625449482.0,64.0
95.72,1625449482.0,64.0
100.06,1625449482.0,64.0
106.2,1625449482.0,64.0
112.23,1625449482.0,64.0
115.49,1625449482.0,64.0
113.92,1625449482.0,64.0
107.18,1625449482.0,64.0
97.06,1625449482.0,64.0
87.08,1625449482.0,64.0
81.29,1625449482.0,64.0
82.84,1625449482.0,64.0
92.91,1625449482.0,64.0
110.25,1625449482.0,64.0
131.74,1625449482.0,64.0
153.32,1625449482.0,64.0
171.17,1625449482.0,64.0
182.44,1625449482.0,64.0
185.57,1625449482.0,64.0
180.28,1625449482.0,64.0
167.45,1625449482.0,64.0
148.93,1625449482.0,64.0
127.22,1625449482.0,64.0
104.94,1625449482.0,64.0
83.87,1625449482.0,64.0
64.34,1625449482.0,64.0
45.22,1625449482.0,64.0
24.8,1625449482.0,64.0
2.41,1625449482.0,64.0
-20.17,1625449482.0,64.0
-38.43,1625449482.0,64.0
-46.61,1625449482.0,64.0
-40.42,1625449482.0,64.0
-19.58,1625449482.0,64.0
11.37,1625449482.0,64.0
44.47,1625449482.0,64.0
71.58,1625449482.0,64.0
87.47,1625449482.0,64.0
91.45,1625449482.0,64.0
86.57,1625449482.0,64.0
77.34,1625449482.0,64.0
67.39,1625449482.0,64.0
58.37,1625449482.0,64.0
50.44,1625449482.0,64.0
43.65,1625449482.0,64.0
38.84,1625449482.0,64.0
37.55,1625449482.0,64.0
40.74,1625449482.0,64.0
47.7,1625449482.0,64.0
55.8,1625449482.0,64.0
61.38,1625449482.0,64.0
61.51,1625449482.0,64.0
55.29,1625449482.0,64.0
44.15,1625449482.0,64.0
30.91,1625449482.0,64.0
18.26,1625449482.0,64.0
7.09,1625449482.0,64.0
-4.05,1625449482.0,64.0
-18.28,1625449482.0,64.0
-39.19,1625449482.0,64.0
-69.55,1625449482.0,64.0
-110.42,1625449482.0,64.0
-160.71,1625449482.0,64.0
-217.33,1625449482.0,64.0
-275.32,1625449482.0,64.0
-328.73,1625449482.0,64.0
-372.13,1625449482.0,64.0
-402.45,1625449482.0,64.0
-420.33,1625449482.0,64.0
-429.9,1625449482.0,64.0
-436.8,1625449482.0,64.0
-444.7,1625449482.0,64.0
-452.94,1625449482.0,64.0
-456.2,1625449482.0,64.0
-447.34,1625449482.0,64.0
-421.11,1625449482.0,64.0
-376.9,1625449482.0,64.0
-319.0,1625449482.0,64.0
-255.13,1625449482.0,64.0
-193.49,1625449482.0,64.0
-140.15,1625449482.0,64.0
-97.98,1625449482.0,64.0
-66.39,1625449482.0,64.0
-42.62,1625449482.0,64.0
-23.01,1625449482.0,64.0
-3.99,1625449482.0,64.0
17.2,1625449482.0,64.0
41.59,1625449482.0,64.0
68.33,1625449482.0,64.0
95.31,1625449482.0,64.0
120.15,1625449482.0,64.0
141.56,1625449482.0,64.0
158.96,1625449482.0,64.0
171.39,1625449482.0,64.0
176.85,1625449482.0,64.0
174.52,1625449482.0,64.0
165.67,1625449482.0,64.0
153.2,1625449482.0,64.0
141.98,1625449482.0,64.0
134.42,1625449482.0,64.0
132.12,1625449482.0,64.0
135.88,1625449482.0,64.0
145.84,1625449482.0,64.0
160.81,1625449482.0,64.0
180.36,1625449482.0,64.0
204.4,1625449482.0,64.0
232.85,1625449482.0,64.0
265.33,1625449482.0,64.0
300.65,1625449482.0,64.0
337.34,1625449482.0,64.0
373.21,1625449482.0,64.0
405.45,1625449482.0,64.0
430.67,1625449482.0,64.0
445.37,1625449482.0,64.0
446.07,1625449482.0,64.0
430.16,1625449482.0,64.0
397.15,1625449482.0,64.0
349.26,1625449482.0,64.0
291.81,1625449482.0,64.0
231.67,1625449482.0,64.0
175.24,1625449482.0,64.0
126.86,1625449482.0,64.0
87.94,1625449482.0,64.0
56.94,1625449482.0,64.0
30.48,1625449482.0,64.0
4.55,1625449482.0,64.0
-24.56,1625449482.0,64.0
-59.58,1625449482.0,64.0
-101.9,1625449482.0,64.0
-150.72,1625449482.0,64.0
-202.0,1625449482.0,64.0
-248.34,1625449482.0,64.0
-280.27,1625449482.0,64.0
-289.09,1625449482.0,64.0
-270.16,1625449482.0,64.0
-225.37,1625449482.0,64.0
-163.03,1625449482.0,64.0
-95.54,1625449482.0,64.0
-35.42,1625449482.0,64.0
8.35,1625449482.0,64.0
32.06,1625449482.0,64.0
36.7,1625449482.0,64.0
25.72,1625449482.0,64.0
2.76,1625449482.0,64.0
-29.44,1625449482.0,64.0
-68.46,1625449482.0,64.0
-110.91,1625449482.0,64.0
-151.58,1625449482.0,64.0
-183.88,1625449482.0,64.0
-202.03,1625449482.0,64.0
-203.6,1625449482.0,64.0
-191.36,1625449482.0,64.0
-173.2,1625449482.0,64.0
-159.83,1625449482.0,64.0
-161.45,1625449482.0,64.0
-184.34,1625449482.0,64.0
-228.5,1625449482.0,64.0
-287.51,1625449482.0,64.0
-350.46,1625449482.0,64.0
-405.31,1625449482.0,64.0
-442.65,1625449482.0,64.0
-457.99,1625449482.0,64.0
-452.32,1625449482.0,64.0
-430.76,1625449482.0,64.0
-400.06,1625449482.0,64.0
-365.87,1625449482.0,64.0
-331.13,1625449482.0,64.0
-296.26,1625449482.0,64.0
-260.61,1625449482.0,64.0
-224.27,1625449482.0,64.0
-188.34,1625449482.0,64.0
-154.46,1625449482.0,64.0
-123.63,1625449482.0,64.0
-95.76,1625449482.0,64.0
-69.53,1625449482.0,64.0
-43.24,1625449482.0,64.0
-15.96,1625449482.0,64.0
11.79,1625449482.0,64.0
38.0,1625449482.0,64.0
60.28,1625449482.0,64.0
76.85,1625449482.0,64.0
87.13,1625449482.0,64.0
91.53,1625449482.0,64.0
91.35,1625449482.0,64.0
88.46,1625449482.0,64.0
84.63,1625449482.0,64.0
82.68,1625449482.0,64.0
82.95,1625449482.0,64.0
84.25,1625449482.0,64.0
84.31,1625449482.0,64.0
83.0,1625449482.0,64.0
81.22,1625449482.0,64.0
80.44,1625449482.0,64.0
82.59,1625449482.0,64.0
89.79,1625449482.0,64.0
103.79,1625449482.0,64.0
125.5,1625449482.0,64.0
155.5,1625449482.0,64.0
194.27,1625449482.0,64.0
241.98,1625449482.0,64.0
297.22,1625449482.0,64.0
356.33,1625449482.0,64.0
412.77,1625449482.0,64.0
457.9,1625449482.0,64.0
483.1,1625449482.0,64.0
482.51,1625449482.0,64.0
455.4,1625449482.0,64.0
406.21,1625449482.0,64.0
342.59,1625449482.0,64.0
272.2,1625449482.0,64.0
201.14,1625449482.0,64.0
133.0,1625449482.0,64.0
69.59,1625449482.0,64.0
12.2,1625449482.0,64.0
-37.35,1625449482.0,64.0
-76.4,1625449482.0,64.0
-102.53,1625449482.0,64.0
-114.97,1625449482.0,64.0
-115.61,1625449482.0,64.0
-107.89,1625449482.0,64.0
-95.93,1625449482.0,64.0
-83.07,1625449482.0,64.0
-70.96,1625449482.0,64.0
-59.46,1625449482.0,64.0
-47.53,1625449482.0,64.0
-34.7,1625449482.0,64.0
-21.93,1625449482.0,64.0
-11.38,1625449482.0,64.0
-4.22,1625449482.0,64.0
0.04,1625449482.0,64.0
3.6,1625449482.0,64.0
9.36,1625449482.0,64.0
19.32,1625449482.0,64.0
33.61,1625449482.0,64.0
50.25,1625449482.0,64.0
66.07,1625449482.0,64.0
72.42,1625449482.0,64.0
63.41,1625449482.0,64.0
38.3,1625449482.0,64.0
2.02,1625449482.0,64.0
-37.92,1625449482.0,64.0
-75.46,1625449482.0,64.0
-107.58,1625449482.0,64.0
-133.85,1625449482.0,64.0
-154.86,1625449482.0,64.0
-171.49,1625449482.0,64.0
-183.52,1625449482.0,64.0
-190.43,1625449482.0,64.0
-192.18,1625449482.0,64.0
-189.66,1625449482.0,64.0
-184.47,1625449482.0,64.0
-178.22,1625449482.0,64.0
-172.03,1625449482.0,64.0
-166.12,1625449482.0,64.0
-159.55,1625449482.0,64.0
-150.7,1625449482.0,64.0
-138.49,1625449482.0,64.0
-122.99,1625449482.0,64.0
-105.55,1625449482.0,64.0
-88.27,1625449482.0,64.0
-72.96,1625449482.0,64.0
-60.64,1625449482.0,64.0
-50.63,1625449482.0,64.0
-41.63,1625449482.0,64.0
-31.92,1625449482.0,64.0
-20.17,1625449482.0,64.0
-6.0,1625449482.0,64.0
10.3,1625449482.0,64.0
28.24,1625449482.0,64.0
48.2,1625449482.0,64.0
67.86,1625449482.0,64.0
87.28,1625449482.0,64.0
107.37,1625449482.0,64.0
129.57,1625449482.0,64.0
155.35,1625449482.0,64.0
185.66,1625449482.0,64.0
220.17,1625449482.0,64.0
256.66,1625449482.0,64.0
290.84,1625449482.0,64.0
317.06,1625449482.0,64.0
330.42,1625449482.0,64.0
328.07,1625449482.0,64.0
310.47,1625449482.0,64.0
281.46,1625449482.0,64.0
246.8,1625449482.0,64.0
212.0,1625449482.0,64.0
180.62,1625449482.0,64.0
153.72,1625449482.0,64.0
130.47,1625449482.0,64.0
109.88,1625449482.0,64.0
91.29,1625449482.0,64.0
74.68,1625449482.0,64.0
60.31,1625449482.0,64.0
48.13,1625449482.0,64.0
37.53,1625449482.0,64.0
27.6,1625449482.0,64.0
17.64,1625449482.0,64.0
7.54,1625449482.0,64.0
-1.91,1625449482.0,64.0
-9.71,1625449482.0,64.0
-15.22,1625449482.0,64.0
-18.61,1625449482.0,64.0
-20.78,1625449482.0,64.0
-22.97,1625449482.0,64.0
-26.17,1625449482.0,64.0
-30.66,1625449482.0,64.0
-35.95,1625449482.0,64.0
-41.01,1625449482.0,64.0
-44.96,1625449482.0,64.0
-47.51,1625449482.0,64.0
-49.05,1625449482.0,64.0
-50.39,1625449482.0,64.0
-52.32,1625449482.0,64.0
-55.18,1625449482.0,64.0
-58.76,1625449482.0,64.0
-62.44,1625449482.0,64.0
-65.43,1625449482.0,64.0
-67.16,1625449482.0,64.0
-67.47,1625449482.0,64.0
-66.58,1625449482.0,64.0
-64.95,1625449482.0,64.0
-63.11,1625449482.0,64.0
-61.44,1625449482.0,64.0
-60.09,1625449482.0,64.0
-58.82,1625449482.0,64.0
-57.13,1625449482.0,64.0
-54.34,1625449482.0,64.0
-49.88,1625449482.0,64.0
-43.51,1625449482.0,64.0
-35.46,1625449482.0,64.0
-26.47,1625449482.0,64.0
-17.46,1625449482.0,64.0
-9.32,1625449482.0,64.0
-2.62,1625449482.0,64.0
2.52,1625449482.0,64.0
6.32,1625449482.0,64.0
9.02,1625449482.0,64.0
10.77,1625449482.0,64.0
11.58,1625449482.0,64.0
11.32,1625449482.0,64.0
9.87,1625449482.0,64.0
7.2,1625449482.0,64.0
3.49,1625449482.0,64.0
-0.8,1625449482.0,64.0
-4.93,1625449482.0,64.0
-8.25,1625449482.0,64.0
-10.39,1625449482.0,64.0
-11.49,1625449482.0,64.0
-12.21,1625449482.0,64.0
-13.46,1625449482.0,64.0
-15.97,1625449482.0,64.0
-19.89,1625449482.0,64.0
-24.68,1625449482.0,64.0
-29.25,1625449482.0,64.0
-32.6,1625449482.0,64.0
-34.08,1625449482.0,64.0
-33.66,1625449482.0,64.0
-31.78,1625449482.0,64.0
-29.17,1625449482.0,64.0
-26.46,1625449482.0,64.0
-24.06,1625449482.0,64.0
-22.1,1625449482.0,64.0
-20.56,1625449482.0,64.0
-19.79,1625449482.0,64.0
-20.23,1625449482.0,64.0
-22.22,1625449482.0,64.0
-25.61,1625449482.0,64.0
-29.71,1625449482.0,64.0
-33.29,1625449482.0,64.0
-34.97,1625449482.0,64.0
-33.57,1625449482.0,64.0
-28.54,1625449482.0,64.0
-21.05,1625449482.0,64.0
-12.88,1625449482.0,64.0
-5.77,1625449482.0,64.0
-0.54,1625449482.0,64.0
3.08,1625449482.0,64.0
6.04,1625449482.0,64.0
9.42,1625449482.0,64.0
14.02,1625449482.0,64.0
20.31,1625449482.0,64.0
27.23,1625449482.0,64.0
33.55,1625449482.0,64.0
38.35,1625449482.0,64.0
41.02,1625449482.0,64.0
40.91,1625449482.0,64.0
36.73,1625449482.0,64.0
26.74,1625449482.0,64.0
9.58,1625449482.0,64.0
-14.86,1625449482.0,64.0
-46.72,1625449482.0,64.0
-84.87,1625449482.0,64.0
-126.97,1625449482.0,64.0
-169.86,1625449482.0,64.0
-210.31,1625449482.0,64.0
-245.91,1625449482.0,64.0
-275.32,1625449482.0,64.0
-298.07,1625449482.0,64.0
-304.02,1625449482.0,64.0
-286.15,1625449482.0,64.0
-243.18,1625449482.0,64.0
-181.77,1625449482.0,64.0
-113.38,1625449482.0,64.0
-48.4,1625449482.0,64.0
7.24,1625449482.0,64.0
51.93,1625449482.0,64.0
86.73,1625449482.0,64.0
113.71,1625449482.0,64.0
133.28,1625449482.0,64.0
145.47,1625449482.0,64.0
150.57,1625449482.0,64.0
149.85,1625449482.0,64.0
145.41,1625449482.0,64.0
139.52,1625449482.0,64.0
133.91,1625449482.0,64.0
129.74,1625449482.0,64.0
127.66,1625449482.0,64.0
126.61,1625449482.0,64.0
125.23,1625449482.0,64.0
122.45,1625449482.0,64.0
118.09,1625449482.0,64.0
112.74,1625449482.0,64.0
107.26,1625449482.0,64.0
102.07,1625449482.0,64.0
97.43,1625449482.0,64.0
93.41,1625449482.0,64.0
89.09,1625449482.0,64.0
83.3,1625449482.0,64.0
75.1,1625449482.0,64.0
64.0,1625449482.0,64.0
50.25,1625449482.0,64.0
34.67,1625449482.0,64.0
17.93,1625449482.0,64.0
1.11,1625449482.0,64.0
-14.54,1625449482.0,64.0
-28.38,1625449482.0,64.0
-40.28,1625449482.0,64.0
-50.61,1625449482.0,64.0
-59.97,1625449482.0,64.0
-68.87,1625449482.0,64.0
-77.49,1625449482.0,64.0
-86.32,1625449482.0,64.0
-95.07,1625449482.0,64.0
-103.19,1625449482.0,64.0
-110.32,1625449482.0,64.0
-116.48,1625449482.0,64.0
-122.26,1625449482.0,64.0
-128.46,1625449482.0,64.0
-135.93,1625449482.0,64.0
-145.6,1625449482.0,64.0
-159.42,1625449482.0,64.0
-178.6,1625449482.0,64.0
-202.99,1625449482.0,64.0
-230.48,1625449482.0,64.0
-257.09,1625449482.0,64.0
-278.09,1625449482.0,64.0
-289.74,1625449482.0,64.0
-290.91,1625449482.0,64.0
-277.52,1625449482.0,64.0
-251.7,1625449482.0,64.0
-218.11,1625449482.0,64.0
-181.64,1625449482.0,64.0
-145.78,1625449482.0,64.0
-112.07,1625449482.0,64.0
-80.52,1625449482.0,64.0
-50.55,1625449482.0,64.0
-21.81,1625449482.0,64.0
5.6,1625449482.0,64.0
30.33,1625449482.0,64.0
51.48,1625449482.0,64.0
68.68,1625449482.0,64.0
81.96,1625449482.0,64.0
91.52,1625449482.0,64.0
97.55,1625449482.0,64.0
100.32,1625449482.0,64.0
100.14,1625449482.0,64.0
97.83,1625449482.0,64.0
94.48,1625449482.0,64.0
92.49,1625449482.0,64.0
95.07,1625449482.0,64.0
105.22,1625449482.0,64.0
124.13,1625449482.0,64.0
150.18,1625449482.0,64.0
179.14,1625449482.0,64.0
205.59,1625449482.0,64.0
225.14,1625449482.0,64.0
235.57,1625449482.0,64.0
237.71,1625449482.0,64.0
234.19,1625449482.0,64.0
227.76,1625449482.0,64.0
219.91,1625449482.0,64.0
210.8,1625449482.0,64.0
200.15,1625449482.0,64.0
188.35,1625449482.0,64.0
176.87,1625449482.0,64.0
167.58,1625449482.0,64.0
161.97,1625449482.0,64.0
160.41,1625449482.0,64.0
162.15,1625449482.0,64.0
166.01,1625449482.0,64.0
171.17,1625449482.0,64.0
177.47,1625449482.0,64.0
184.86,1625449482.0,64.0
192.6,1625449482.0,64.0
198.7,1625449482.0,64.0
200.4,1625449482.0,64.0
195.18,1625449482.0,64.0
181.72,1625449482.0,64.0
160.44,1625449482.0,64.0
133.37,1625449482.0,64.0
103.51,1625449482.0,64.0
74.0,1625449482.0,64.0
47.76,1625449482.0,64.0
27.05,1625449482.0,64.0
13.0,1625449482.0,64.0
5.36,1625449482.0,64.0
2.01,1625449482.0,64.0
-0.8,1625449482.0,64.0
-7.53,1625449482.0,64.0
-21.98,1625449482.0,64.0
-45.86,1625449482.0,64.0
-77.92,1625449482.0,64.0
-114.19,1625449482.0,64.0
-148.78,1625449482.0,64.0
-175.17,1625449482.0,64.0
-187.78,1625449482.0,64.0
-183.58,1625449482.0,64.0
-163.46,1625449482.0,64.0
-132.58,1625449482.0,64.0
-99.15,1625449482.0,64.0
-71.43,1625449482.0,64.0
-54.51,1625449482.0,64.0
-48.46,1625449482.0,64.0
-48.76,1625449482.0,64.0
-49.24,1625449482.0,64.0
-45.52,1625449482.0,64.0
-37.11,1625449482.0,64.0
-26.96,1625449482.0,64.0
-19.25,1625449482.0,64.0
-16.73,1625449482.0,64.0
-19.39,1625449482.0,64.0
-25.24,1625449482.0,64.0
-31.86,1625449482.0,64.0
-37.95,1625449482.0,64.0
-43.63,1625449482.0,64.0
-49.84,1625449482.0,64.0
-57.2,1625449482.0,64.0
-65.5,1625449482.0,64.0
-74.0,1625449482.0,64.0
-82.14,1625449482.0,64.0
-90.1,1625449482.0,64.0
-98.61,1625449482.0,64.0
-108.0,1625449482.0,64.0
-117.04,1625449482.0,64.0
-122.82,1625449482.0,64.0
-121.9,1625449482.0,64.0
-112.4,1625449482.0,64.0
-95.78,1625449482.0,64.0
-77.08,1625449482.0,64.0
-63.04,1625449482.0,64.0
-59.14,1625449482.0,64.0
-67.17,1625449482.0,64.0
-84.75,1625449482.0,64.0
-107.27,1625449482.0,64.0
-130.32,1625449482.0,64.0
-151.21,1625449482.0,64.0
-168.56,1625449482.0,64.0
-180.86,1625449482.0,64.0
-185.54,1625449482.0,64.0
-179.78,1625449482.0,64.0
-162.65,1625449482.0,64.0
-136.78,1625449482.0,64.0
-108.37,1625449482.0,64.0
-85.02,1625449482.0,64.0
-72.29,1625449482.0,64.0
-71.15,1625449482.0,64.0
-77.8,1625449482.0,64.0
-85.77,1625449482.0,64.0
-89.19,1625449482.0,64.0
-85.17,1625449482.0,64.0
-74.46,1625449482.0,64.0
-60.0,1625449482.0,64.0
-44.88,1625449482.0,64.0
-30.63,1625449482.0,64.0
-16.82,1625449482.0,64.0
-1.96,1625449482.0,64.0
15.11,1625449482.0,64.0
33.97,1625449482.0,64.0
52.47,1625449482.0,64.0
67.6,1625449482.0,64.0
77.11,1625449482.0,64.0
80.52,1625449482.0,64.0
79.06,1625449482.0,64.0
74.83,1625449482.0,64.0
69.51,1625449482.0,64.0
64.08,1625449482.0,64.0
59.3,1625449482.0,64.0
56.57,1625449482.0,64.0
58.13,1625449482.0,64.0
66.02,1625449482.0,64.0
81.08,1625449482.0,64.0
101.71,1625449482.0,64.0
124.45,1625449482.0,64.0
145.24,1625449482.0,64.0
160.77,1625449482.0,64.0
168.66,1625449482.0,64.0
166.78,1625449482.0,64.0
152.98,1625449482.0,64.0
125.95,1625449482.0,64.0
87.15,1625449482.0,64.0
41.76,1625449482.0,64.0
-2.14,1625449482.0,64.0
-36.45,1625449482.0,64.0
-56.46,1625449482.0,64.0
-62.55,1625449482.0,64.0
-59.18,1625449482.0,64.0
-51.81,1625449482.0,64.0
-43.97,1625449482.0,64.0
-35.94,1625449482.0,64.0
-25.9,1625449482.0,64.0
-11.95,1625449482.0,64.0
6.27,1625449482.0,64.0
27.37,1625449482.0,64.0
49.08,1625449482.0,64.0
68.99,1625449482.0,64.0
84.82,1625449482.0,64.0
94.16,1625449482.0,64.0
94.91,1625449482.0,64.0
86.34,1625449482.0,64.0
70.59,1625449482.0,64.0
52.76,1625449482.0,64.0
39.24,1625449482.0,64.0
34.9,1625449482.0,64.0
40.38,1625449482.0,64.0
51.5,1625449482.0,64.0
61.0,1625449482.0,64.0
62.29,1625449482.0,64.0
52.62,1625449482.0,64.0
34.28,1625449482.0,64.0
12.79,1625449482.0,64.0
-6.43,1625449482.0,64.0
-20.7,1625449482.0,64.0
-30.66,1625449482.0,64.0
-38.39,1625449482.0,64.0
-44.91,1625449482.0,64.0
-48.84,1625449482.0,64.0
-47.18,1625449482.0,64.0
-37.56,1625449482.0,64.0
-20.1,1625449482.0,64.0
2.35,1625449482.0,64.0
25.53,1625449482.0,64.0
45.58,1625449482.0,64.0
60.58,1625449482.0,64.0
70.78,1625449482.0,64.0
77.76,1625449482.0,64.0
83.34,1625449482.0,64.0
88.56,1625449482.0,64.0
93.5,1625449482.0,64.0
97.53,1625449482.0,64.0
99.72,1625449482.0,64.0
99.21,1625449482.0,64.0
95.82,1625449482.0,64.0
90.28,1625449482.0,64.0
83.99,1625449482.0,64.0
78.41,1625449482.0,64.0
74.25,1625449482.0,64.0
71.01,1625449482.0,64.0
67.76,1625449482.0,64.0
63.47,1625449482.0,64.0
57.66,1625449482.0,64.0
50.83,1625449482.0,64.0
44.36,1625449482.0,64.0
39.66,1625449482.0,64.0
37.43,1625449482.0,64.0
36.95,1625449482.0,64.0
36.48,1625449482.0,64.0
35.38,1625449482.0,64.0
33.63,1625449482.0,64.0
31.78,1625449482.0,64.0
30.15,1625449482.0,64.0
28.4,1625449482.0,64.0
25.6,1625449482.0,64.0
20.75,1625449482.0,64.0
13.69,1625449482.0,64.0
5.79,1625449482.0,64.0
1.39,1625449482.0,64.0
4.24,1625449482.0,64.0
15.12,1625449482.0,64.0
30.88,1625449482.0,64.0
46.21,1625449482.0,64.0
56.56,1625449482.0,64.0
60.3,1625449482.0,64.0
58.97,1625449482.0,64.0
55.94,1625449482.0,64.0
56.63,1625449482.0,64.0
64.49,1625449482.0,64.0
80.0,1625449482.0,64.0
101.23,1625449482.0,64.0
125.7,1625449482.0,64.0
151.71,1625449482.0,64.0
178.14,1625449482.0,64.0
203.44,1625449482.0,64.0
210.15,1625449482.0,64.0
186.31,1625449482.0,64.0
130.41,1625449482.0,64.0
53.68,1625449482.0,64.0
-27.06,1625449482.0,64.0
-98.66,1625449482.0,64.0
-155.31,1625449482.0,64.0
-197.03,1625449482.0,64.0
-226.59,1625449482.0,64.0
-246.61,1625449482.0,64.0
-256.77,1625449482.0,64.0
-256.19,1625449482.0,64.0
-245.02,1625449482.0,64.0
-225.57,1625449482.0,64.0
-201.11,1625449482.0,64.0
-174.4,1625449482.0,64.0
-146.56,1625449482.0,64.0
-117.08,1625449482.0,64.0
-84.67,1625449482.0,64.0
-47.78,1625449482.0,64.0
-7.93,1625449482.0,64.0
29.59,1625449482.0,64.0
57.36,1625449482.0,64.0
68.72,1625449482.0,64.0
60.52,1625449482.0,64.0
33.81,1625449482.0,64.0
-10.01,1625449482.0,64.0
-64.82,1625449482.0,64.0
-121.68,1625449482.0,64.0
-171.07,1625449482.0,64.0
-204.21,1625449482.0,64.0
-214.27,1625449482.0,64.0
-198.04,1625449482.0,64.0
-157.05,1625449482.0,64.0
-97.86,1625449482.0,64.0
-30.8,1625449482.0,64.0
33.16,1625449482.0,64.0
84.98,1625449482.0,64.0
119.82,1625449482.0,64.0
137.98,1625449482.0,64.0
144.45,1625449482.0,64.0
145.93,1625449482.0,64.0
148.44,1625449482.0,64.0
155.03,1625449482.0,64.0
165.19,1625449482.0,64.0
175.66,1625449482.0,64.0
181.45,1625449482.0,64.0
178.75,1625449482.0,64.0
167.04,1625449482.0,64.0
150.07,1625449482.0,64.0
132.45,1625449482.0,64.0
117.56,1625449482.0,64.0
105.81,1625449482.0,64.0
95.27,1625449482.0,64.0
83.21,1625449482.0,64.0
66.94,1625449482.0,64.0
45.57,1625449482.0,64.0
20.5,1625449482.0,64.0
-4.47,1625449482.0,64.0
-26.55,1625449482.0,64.0
-44.65,1625449482.0,64.0
-59.29,1625449482.0,64.0
-71.2,1625449482.0,64.0
-76.27,1625449482.0,64.0
-70.72,1625449482.0,64.0
-53.21,1625449482.0,64.0
-32.7,1625449482.0,64.0
-13.97,1625449482.0,64.0
-0.57,1625449482.0,64.0
7.25,1625449482.0,64.0
8.34,1625449482.0,64.0
2.55,1625449482.0,64.0
-9.06,1625449482.0,64.0
-25.45,1625449482.0,64.0
-45.7,1625449482.0,64.0
-69.54,1625449482.0,64.0
-96.63,1625449482.0,64.0
-128.25,1625449482.0,64.0
-165.94,1625449482.0,64.0
-210.1,1625449482.0,64.0
-257.91,1625449482.0,64.0
-303.42,1625449482.0,64.0
-339.42,1625449482.0,64.0
-359.3,1625449482.0,64.0
-359.07,1625449482.0,64.0
-337.75,1625449482.0,64.0
-298.86,1625449482.0,64.0
-248.83,1625449482.0,64.0
-195.2,1625449482.0,64.0
-144.34,1625449482.0,64.0
-100.6,1625449482.0,64.0
-66.43,1625449482.0,64.0
-42.21,1625449482.0,64.0
-26.61,1625449482.0,64.0
-16.4,1625449482.0,64.0
-8.32,1625449482.0,64.0
0.25,1625449482.0,64.0
10.56,1625449482.0,64.0
22.62,1625449482.0,64.0
35.38,1625449482.0,64.0
47.27,1625449482.0,64.0
56.88,1625449482.0,64.0
63.44,1625449482.0,64.0
67.09,1625449482.0,64.0
67.94,1625449482.0,64.0
65.99,1625449482.0,64.0
61.16,1625449482.0,64.0
53.93,1625449482.0,64.0
45.52,1625449482.0,64.0
37.7,1625449482.0,64.0
32.24,1625449482.0,64.0
30.06,1625449482.0,64.0
30.82,1625449482.0,64.0
33.02,1625449482.0,64.0
34.78,1625449482.0,64.0
34.84,1625449482.0,64.0
33.18,1625449482.0,64.0
30.86,1625449482.0,64.0
29.22,1625449482.0,64.0
29.02,1625449482.0,64.0
29.93,1625449482.0,64.0
30.67,1625449482.0,64.0
29.63,1625449482.0,64.0
25.67,1625449482.0,64.0
18.75,1625449482.0,64.0
10.0,1625449482.0,64.0
1.51,1625449482.0,64.0
-4.51,1625449482.0,64.0
-6.68,1625449482.0,64.0
-5.03,1625449482.0,64.0
-1.04,1625449482.0,64.0
3.06,1625449482.0,64.0
5.36,1625449482.0,64.0
5.11,1625449482.0,64.0
3.05,1625449482.0,64.0
0.95,1625449482.0,64.0
0.77,1625449482.0,64.0
3.78,1625449482.0,64.0
10.09,1625449482.0,64.0
18.73,1625449482.0,64.0
28.15,1625449482.0,64.0
36.86,1625449482.0,64.0
43.95,1625449482.0,64.0
49.34,1625449482.0,64.0
53.5,1625449482.0,64.0
56.98,1625449482.0,64.0
59.95,1625449482.0,64.0
62.06,1625449482.0,64.0
62.67,1625449482.0,64.0
61.44,1625449482.0,64.0
58.73,1625449482.0,64.0
55.45,1625449482.0,64.0
52.53,1625449482.0,64.0
50.24,1625449482.0,64.0
47.97,1625449482.0,64.0
44.59,1625449482.0,64.0
39.24,1625449482.0,64.0
31.91,1625449482.0,64.0
23.54,1625449482.0,64.0
15.54,1625449482.0,64.0
9.07,1625449482.0,64.0
4.62,1625449482.0,64.0
1.98,1625449482.0,64.0
0.57,1625449482.0,64.0
-0.26,1625449482.0,64.0
-1.1,1625449482.0,64.0
-2.5,1625449482.0,64.0
-4.85,1625449482.0,64.0
-8.2,1625449482.0,64.0
-12.2,1625449482.0,64.0
-16.32,1625449482.0,64.0
-20.22,1625449482.0,64.0
-24.06,1625449482.0,64.0
-28.26,1625449482.0,64.0
-32.88,1625449482.0,64.0
-36.99,1625449482.0,64.0
-38.84,1625449482.0,64.0
-36.71,1625449482.0,64.0
-30.15,1625449482.0,64.0
-20.63,1625449482.0,64.0
-11.05,1625449482.0,64.0
-4.3,1625449482.0,64.0
-1.74,1625449482.0,64.0
-2.57,1625449482.0,64.0
-4.45,1625449482.0,64.0
-5.07,1625449482.0,64.0
-3.45,1625449482.0,64.0
-0.29,1625449482.0,64.0
2.81,1625449482.0,64.0
4.59,1625449482.0,64.0
4.96,1625449482.0,64.0
4.94,1625449482.0,64.0
5.9,1625449482.0,64.0
8.63,1625449482.0,64.0
12.81,1625449482.0,64.0
17.29,1625449482.0,64.0
20.62,1625449482.0,64.0
21.92,1625449482.0,64.0
21.13,1625449482.0,64.0
19.06,1625449482.0,64.0
16.89,1625449482.0,64.0
15.57,1625449482.0,64.0
15.46,1625449482.0,64.0
16.32,1625449482.0,64.0
17.5,1625449482.0,64.0
18.47,1625449482.0,64.0
19.05,1625449482.0,64.0
19.39,1625449482.0,64.0
19.65,1625449482.0,64.0
19.62,1625449482.0,64.0
18.56,1625449482.0,64.0
15.4,1625449482.0,64.0
9.18,1625449482.0,64.0
-0.3,1625449482.0,64.0
-12.08,1625449482.0,64.0
-24.24,1625449482.0,64.0
-34.28,1625449482.0,64.0
-40.0,1625449482.0,64.0
-40.27,1625449482.0,64.0
-35.35,1625449482.0,64.0
-26.73,1625449482.0,64.0
-16.56,1625449482.0,64.0
-6.76,1625449482.0,64.0
1.6,1625449482.0,64.0
8.52,1625449482.0,64.0
14.79,1625449482.0,64.0
21.37,1625449482.0,64.0
28.77,1625449482.0,64.0
36.58,1625449482.0,64.0
43.69,1625449482.0,64.0
48.77,1625449482.0,64.0
50.89,1625449482.0,64.0
50.14,1625449482.0,64.0
47.47,1625449482.0,64.0
44.47,1625449482.0,64.0
42.63,1625449482.0,64.0
42.76,1625449482.0,64.0
44.74,1625449482.0,64.0
47.68,1625449482.0,64.0
50.39,1625449482.0,64.0
51.82,1625449482.0,64.0
51.47,1625449482.0,64.0
49.29,1625449482.0,64.0
45.57,1625449482.0,64.0
40.69,1625449482.0,64.0
34.88,1625449482.0,64.0
28.2,1625449482.0,64.0
20.75,1625449482.0,64.0
13.0,1625449482.0,64.0
5.74,1625449482.0,64.0
0.15,1625449482.0,64.0
-2.75,1625449482.0,64.0
-2.78,1625449482.0,64.0
-0.95,1625449482.0,64.0
0.56,1625449482.0,64.0
-0.74,1625449482.0,64.0
-6.53,1625449482.0,64.0
-16.81,1625449482.0,64.0
-30.03,1625449482.0,64.0
-44.29,1625449482.0,64.0
-58.78,1625449482.0,64.0
-74.6,1625449482.0,64.0
-94.05,1625449482.0,64.0
-118.61,1625449482.0,64.0
-147.11,1625449482.0,64.0
-175.3,1625449482.0,64.0
-197.33,1625449482.0,64.0
-208.34,1625449482.0,64.0
-206.84,1625449482.0,64.0
-195.28,1625449482.0,64.0
-178.55,1625449482.0,64.0
-161.45,1625449482.0,64.0
-146.38,1625449482.0,64.0
-132.48,1625449482.0,64.0
-116.62,1625449482.0,64.0
-94.94,1625449482.0,64.0
-64.41,1625449482.0,64.0
-23.58,1625449482.0,64.0
26.74,1625449482.0,64.0
83.26,1625449482.0,64.0
140.17,1625449482.0,64.0
190.07,1625449482.0,64.0
226.2,1625449482.0,64.0
244.64,1625449482.0,64.0
245.68,1625449482.0,64.0
233.61,1625449482.0,64.0
215.24,1625449482.0,64.0
197.93,1625449482.0,64.0
187.96,1625449482.0,64.0
189.69,1625449482.0,64.0
204.83,1625449482.0,64.0
232.09,1625449482.0,64.0
267.13,1625449482.0,64.0
303.24,1625449482.0,64.0
332.97,1625449482.0,64.0
350.56,1625449482.0,64.0
353.75,1625449482.0,64.0
344.27,1625449482.0,64.0
326.41,1625449482.0,64.0
304.74,1625449482.0,64.0
282.28,1625449482.0,64.0
260.03,1625449482.0,64.0
237.87,1625449482.0,64.0
215.79,1625449482.0,64.0
194.35,1625449482.0,64.0
174.44,1625449482.0,64.0
156.65,1625449482.0,64.0
141.01,1625449482.0,64.0
127.21,1625449482.0,64.0
115.04,1625449482.0,64.0
104.72,1625449482.0,64.0
96.97,1625449482.0,64.0
92.62,1625449482.0,64.0
92.04,1625449482.0,64.0
94.91,1625449482.0,64.0
100.12,1625449482.0,64.0
106.09,1625449482.0,64.0
111.12,1625449482.0,64.0
113.97,1625449482.0,64.0
114.11,1625449482.0,64.0
111.72,1625449482.0,64.0
107.53,1625449482.0,64.0
102.39,1625449482.0,64.0
96.96,1625449482.0,64.0
91.49,1625449482.0,64.0
85.82,1625449482.0,64.0
79.52,1625449482.0,64.0
72.11,1625449482.0,64.0
63.33,1625449482.0,64.0
53.33,1625449482.0,64.0
42.67,1625449482.0,64.0
31.93,1625449482.0,64.0
22.22,1625449482.0,64.0
14.13,1625449482.0,64.0
7.7,1625449482.0,64.0
2.34,1625449482.0,64.0
-3.01,1625449482.0,64.0
-9.59,1625449482.0,64.0
-18.3,1625449482.0,64.0
-29.42,1625449482.0,64.0
-42.7,1625449482.0,64.0
-56.85,1625449482.0,64.0
-70.78,1625449482.0,64.0
-83.92,1625449482.0,64.0
-96.63,1625449482.0,64.0
-110.11,1625449482.0,64.0
-126.01,1625449482.0,64.0
-145.68,1625449482.0,64.0
-169.56,1625449482.0,64.0
-197.45,1625449482.0,64.0
-227.22,1625449482.0,64.0
-257.11,1625449482.0,64.0
-285.91,1625449482.0,64.0
-313.4,1625449482.0,64.0
-340.45,1625449482.0,64.0
-368.71,1625449482.0,64.0
-400.39,1625449482.0,64.0
-437.88,1625449482.0,64.0
-484.94,1625449482.0,64.0
-540.55,1625449482.0,64.0
-602.77,1625449482.0,64.0
-666.11,1625449482.0,64.0
-722.12,1625449482.0,64.0
-761.81,1625449482.0,64.0
-778.73,1625449482.0,64.0
-771.49,1625449482.0,64.0
-744.19,1625449482.0,64.0
-707.88,1625449482.0,64.0
-666.94,1625449482.0,64.0
-626.96,1625449482.0,64.0
-589.85,1625449482.0,64.0
-554.74,1625449482.0,64.0
-520.24,1625449482.0,64.0
-485.98,1625449482.0,64.0
-452.74,1625449482.0,64.0
-421.4,1625449482.0,64.0
-397.29,1625449482.0,64.0
-373.42,1625449482.0,64.0
-347.8,1625449482.0,64.0
-318.64,1625449482.0,64.0
-285.09,1625449482.0,64.0
-248.49,1625449482.0,64.0
-211.71,1625449482.0,64.0
-177.86,1625449482.0,64.0
-149.03,1625449482.0,64.0
-132.83,1625449482.0,64.0
-121.49,1625449482.0,64.0
-113.95,1625449482.0,64.0
-108.86,1625449482.0,64.0
-104.87,1625449482.0,64.0
-102.78,1625449482.0,64.0
-104.55,1625449482.0,64.0
-112.15,1625449482.0,64.0
-81.68,1625449482.0,64.0
-68.27,1625449482.0,64.0
-61.33,1625449482.0,64.0
-57.43,1625449482.0,64.0
-52.5,1625449482.0,64.0
-41.79,1625449482.0,64.0
-23.09,1625449482.0,64.0
4.06,1625449482.0,64.0
38.58,1625449482.0,64.0
78.26,1625449482.0,64.0
112.33,1625449482.0,64.0
142.13,1625449482.0,64.0
162.44,1625449482.0,64.0
171.29,1625449482.0,64.0
171.9,1625449482.0,64.0
168.08,1625449482.0,64.0
163.48,1625449482.0,64.0
159.85,1625449482.0,64.0
156.84,1625449482.0,64.0
157.7,1625449482.0,64.0
168.94,1625449482.0,64.0
185.89,1625449482.0,64.0
193.55,1625449482.0,64.0
192.82,1625449482.0,64.0
188.25,1625449482.0,64.0
185.64,1625449482.0,64.0
186.28,1625449482.0,64.0
189.69,1625449482.0,64.0
191.55,1625449482.0,64.0
193.41,1625449482.0,64.0
194.63,1625449482.0,64.0
195.98,1625449482.0,64.0
200.32,1625449482.0,64.0
207.74,1625449482.0,64.0
216.77,1625449482.0,64.0
225.02,1625449482.0,64.0
230.65,1625449482.0,64.0
231.17,1625449482.0,64.0
227.35,1625449482.0,64.0
219.92,1625449482.0,64.0
210.96,1625449482.0,64.0
203.99,1625449482.0,64.0
200.18,1625449482.0,64.0
198.93,1625449482.0,64.0
198.45,1625449482.0,64.0
197.2,1625449482.0,64.0
193.97,1625449482.0,64.0
189.21,1625449482.0,64.0
184.31,1625449482.0,64.0
181.65,1625449482.0,64.0
184.36,1625449482.0,64.0
193.85,1625449482.0,64.0
210.61,1625449482.0,64.0
235.15,1625449482.0,64.0
268.6,1625449482.0,64.0
311.91,1625449482.0,64.0
363.63,1625449482.0,64.0
419.19,1625449482.0,64.0
470.76,1625449482.0,64.0
509.41,1625449482.0,64.0
527.35,1625449482.0,64.0
520.98,1625449482.0,64.0
491.76,1625449482.0,64.0
445.04,1625449482.0,64.0
387.36,1625449482.0,64.0
324.28,1625449482.0,64.0
260.52,1625449482.0,64.0
201.18,1625449482.0,64.0
152.97,1625449482.0,64.0
122.89,1625449482.0,64.0
115.55,1625449482.0,64.0
129.86,1625449482.0,64.0
157.85,1625449482.0,64.0
186.66,1625449482.0,64.0
203.27,1625449482.0,64.0
199.44,1625449482.0,64.0
174.22,1625449482.0,64.0
132.86,1625449482.0,64.0
83.28,1625449482.0,64.0
32.04,1625449482.0,64.0
-17.65,1625449482.0,64.0
-65.21,1625449482.0,64.0
-110.49,1625449482.0,64.0
-151.8,1625449482.0,64.0
-185.64,1625449482.0,64.0
-208.28,1625449482.0,64.0
-217.86,1625449482.0,64.0
-215.57,1625449482.0,64.0
-205.4,1625449482.0,64.0
-192.22,1625449482.0,64.0
-179.99,1625449482.0,64.0
-170.55,1625449482.0,64.0
-163.76,1625449482.0,64.0
-158.32,1625449482.0,64.0
-153.01,1625449482.0,64.0
-147.38,1625449482.0,64.0
-141.88,1625449482.0,64.0
-137.34,1625449482.0,64.0
-134.42,1625449482.0,64.0
-133.17,1625449482.0,64.0
-132.93,1625449482.0,64.0
-132.61,1625449482.0,64.0
-131.13,1625449482.0,64.0
-127.83,1625449482.0,64.0
-122.61,1625449482.0,64.0
-115.91,1625449482.0,64.0
-108.4,1625449482.0,64.0
-100.61,1625449482.0,64.0
-92.8,1625449482.0,64.0
-84.88,1625449482.0,64.0
-76.61,1625449482.0,64.0
-67.73,1625449482.0,64.0
-58.19,1625449482.0,64.0
-48.15,1625449482.0,64.0
-38.02,1625449482.0,64.0
-28.37,1625449482.0,64.0
-19.78,1625449482.0,64.0
-12.67,1625449482.0,64.0
-7.11,1625449482.0,64.0
-2.8,1625449482.0,64.0
0.87,1625449482.0,64.0
4.61,1625449482.0,64.0
8.94,1625449482.0,64.0
14.09,1625449482.0,64.0
19.86,1625449482.0,64.0
25.78,1625449482.0,64.0
31.24,1625449482.0,64.0
35.78,1625449482.0,64.0
39.09,1625449482.0,64.0
41.15,1625449482.0,64.0
42.1,1625449482.0,64.0
42.06,1625449482.0,64.0
41.13,1625449482.0,64.0
39.27,1625449482.0,64.0
36.43,1625449482.0,64.0
32.63,1625449482.0,64.0
28.02,1625449482.0,64.0
22.97,1625449482.0,64.0
18.02,1625449482.0,64.0
13.69,1625449482.0,64.0
10.38,1625449482.0,64.0
8.15,1625449482.0,64.0
6.73,1625449482.0,64.0
5.67,1625449482.0,64.0
4.44,1625449482.0,64.0
2.66,1625449482.0,64.0
0.13,1625449482.0,64.0
-3.19,1625449482.0,64.0
-7.31,1625449482.0,64.0
-12.22,1625449482.0,64.0
-17.8,1625449482.0,64.0
-23.73,1625449482.0,64.0
-29.41,1625449482.0,64.0
-34.12,1625449482.0,64.0
-37.19,1625449482.0,64.0
-38.28,1625449482.0,64.0
-37.44,1625449482.0,64.0
-35.05,1625449482.0,64.0
-31.62,1625449482.0,64.0
-27.53,1625449482.0,64.0
-23.08,1625449482.0,64.0
-18.41,1625449482.0,64.0
-13.62,1625449482.0,64.0
-8.81,1625449482.0,64.0
-4.13,1625449482.0,64.0
0.23,1625449482.0,64.0
4.05,1625449482.0,64.0
7.1,1625449482.0,64.0
9.22,1625449482.0,64.0
10.39,1625449482.0,64.0
10.83,1625449482.0,64.0
10.95,1625449482.0,64.0
11.28,1625449482.0,64.0
12.16,1625449482.0,64.0
13.69,1625449482.0,64.0
15.6,1625449482.0,64.0
17.42,1625449482.0,64.0
18.72,1625449482.0,64.0
19.22,1625449482.0,64.0
18.91,1625449482.0,64.0
17.88,1625449482.0,64.0
16.27,1625449482.0,64.0
14.18,1625449482.0,64.0
11.67,1625449482.0,64.0
8.94,1625449482.0,64.0
6.26,1625449482.0,64.0
3.96,1625449482.0,64.0
2.2,1625449482.0,64.0
0.91,1625449482.0,64.0
-0.24,1625449482.0,64.0
-1.67,1625449482.0,64.0
-3.62,1625449482.0,64.0
-6.02,1625449482.0,64.0
-8.59,1625449482.0,64.0
-11.01,1625449482.0,64.0
-13.15,1625449482.0,64.0
-15.18,1625449482.0,64.0
-17.42,1625449482.0,64.0
-20.16,1625449482.0,64.0
-23.38,1625449482.0,64.0
-26.7,1625449482.0,64.0
-29.56,1625449482.0,64.0
-31.36,1625449482.0,64.0
-31.69,1625449482.0,64.0
-30.36,1625449482.0,64.0
-27.44,1625449482.0,64.0
-23.19,1625449482.0,64.0
-17.93,1625449482.0,64.0
-12.12,1625449482.0,64.0
-6.23,1625449482.0,64.0
-0.74,1625449482.0,64.0
3.95,1625449482.0,64.0
7.59,1625449482.0,64.0
10.11,1625449482.0,64.0
11.66,1625449482.0,64.0
12.49,1625449482.0,64.0
12.94,1625449482.0,64.0
13.29,1625449482.0,64.0
13.73,1625449482.0,64.0
14.3,1625449482.0,64.0
14.85,1625449482.0,64.0
15.18,1625449482.0,64.0
15.06,1625449482.0,64.0
14.39,1625449482.0,64.0
13.21,1625449482.0,64.0
11.76,1625449482.0,64.0
10.26,1625449482.0,64.0
8.88,1625449482.0,64.0
7.65,1625449482.0,64.0
6.41,1625449482.0,64.0
5.06,1625449482.0,64.0
3.49,1625449482.0,64.0
1.79,1625449482.0,64.0
0.1,1625449482.0,64.0
-1.43,1625449482.0,64.0
-2.8,1625449482.0,64.0
-4.08,1625449482.0,64.0
-5.35,1625449482.0,64.0
-6.64,1625449482.0,64.0
-7.88,1625449482.0,64.0
-9.04,1625449482.0,64.0
-10.2,1625449482.0,64.0
-11.64,1625449482.0,64.0
-13.76,1625449482.0,64.0
-16.85,1625449482.0,64.0
-20.92,1625449482.0,64.0
-25.53,1625449482.0,64.0
-29.91,1625449482.0,64.0
-33.13,1625449482.0,64.0
-34.4,1625449482.0,64.0
-33.27,1625449482.0,64.0
-29.72,1625449482.0,64.0
-24.17,1625449482.0,64.0
-17.27,1625449482.0,64.0
-9.73,1625449482.0,64.0
-2.27,1625449482.0,64.0
4.58,1625449482.0,64.0
10.39,1625449482.0,64.0
14.87,1625449482.0,64.0
17.84,1625449482.0,64.0
19.33,1625449482.0,64.0
19.49,1625449482.0,64.0
18.68,1625449482.0,64.0
17.29,1625449482.0,64.0
15.7,1625449482.0,64.0
14.17,1625449482.0,64.0
12.83,1625449482.0,64.0
11.69,1625449482.0,64.0
10.68,1625449482.0,64.0
9.68,1625449482.0,64.0
8.54,1625449482.0,64.0
7.14,1625449482.0,64.0
5.42,1625449482.0,64.0
3.51,1625449482.0,64.0
1.68,1625449482.0,64.0
0.3,1625449482.0,64.0
-0.3,1625449482.0,64.0
-0.04,1625449482.0,64.0
0.84,1625449482.0,64.0
1.86,1625449482.0,64.0
2.43,1625449482.0,64.0
2.09,1625449482.0,64.0
0.63,1625449482.0,64.0
-1.9,1625449482.0,64.0
-5.31,1625449482.0,64.0
-9.41,1625449482.0,64.0
-14.03,1625449482.0,64.0
-19.12,1625449482.0,64.0
-24.61,1625449482.0,64.0
-30.29,1625449482.0,64.0
-35.74,1625449482.0,64.0
-40.3,1625449482.0,64.0
-43.21,1625449482.0,64.0
-43.81,1625449482.0,64.0
-41.82,1625449482.0,64.0
-37.46,1625449482.0,64.0
-31.37,1625449482.0,64.0
-24.42,1625449482.0,64.0
-17.47,1625449482.0,64.0
-11.1,1625449482.0,64.0
-5.64,1625449482.0,64.0
-1.18,1625449482.0,64.0
2.24,1625449482.0,64.0
4.58,1625449482.0,64.0
5.85,1625449482.0,64.0
6.14,1625449482.0,64.0
5.75,1625449482.0,64.0
5.16,1625449482.0,64.0
4.83,1625449482.0,64.0
5.12,1625449482.0,64.0
6.11,1625449482.0,64.0
7.65,1625449482.0,64.0
9.37,1625449482.0,64.0
10.88,1625449482.0,64.0
11.85,1625449482.0,64.0
12.21,1625449482.0,64.0
12.04,1625449482.0,64.0
11.6,1625449482.0,64.0
11.19,1625449482.0,64.0
10.95,1625449482.0,64.0
10.81,1625449482.0,64.0
10.54,1625449482.0,64.0
9.82,1625449482.0,64.0
8.38,1625449482.0,64.0
6.14,1625449482.0,64.0
3.18,1625449482.0,64.0
-0.28,1625449482.0,64.0
-3.94,1625449482.0,64.0
-7.55,1625449482.0,64.0
-10.98,1625449482.0,64.0
-14.27,1625449482.0,64.0
-17.64,1625449482.0,64.0
-21.35,1625449482.0,64.0
-25.52,1625449482.0,64.0
-29.98,1625449482.0,64.0
-34.14,1625449482.0,64.0
-37.18,1625449482.0,64.0
-38.29,1625449482.0,64.0
-37.09,1625449482.0,64.0
-33.74,1625449482.0,64.0
-29.0,1625449482.0,64.0
-23.91,1625449482.0,64.0
-19.47,1625449482.0,64.0
-16.4,1625449482.0,64.0
-15.04,1625449482.0,64.0
-15.18,1625449482.0,64.0
-16.01,1625449482.0,64.0
-16.0,1625449482.0,64.0
-13.17,1625449482.0,64.0
-5.74,1625449482.0,64.0
7.11,1625449482.0,64.0
24.55,1625449482.0,64.0
44.12,1625449482.0,64.0
62.48,1625449482.0,64.0
76.58,1625449482.0,64.0
84.53,1625449482.0,64.0
85.99,1625449482.0,64.0
81.72,1625449482.0,64.0
72.89,1625449482.0,64.0
60.48,1625449482.0,64.0
45.34,1625449482.0,64.0
28.43,1625449482.0,64.0
11.18,1625449482.0,64.0
-4.6,1625449482.0,64.0
-17.28,1625449482.0,64.0
-25.92,1625449482.0,64.0
-30.62,1625449482.0,64.0
-32.32,1625449482.0,64.0
-32.31,1625449482.0,64.0
-31.65,1625449482.0,64.0
-30.9,1625449482.0,64.0
-30.11,1625449482.0,64.0
-29.09,1625449482.0,64.0
-27.73,1625449482.0,64.0
-26.22,1625449482.0,64.0
-25.06,1625449482.0,64.0
-24.85,1625449482.0,64.0
-26.07,1625449482.0,64.0
-28.8,1625449482.0,64.0
-32.54,1625449482.0,64.0
-36.38,1625449482.0,64.0
-39.18,1625449482.0,64.0
-40.02,1625449482.0,64.0
-38.44,1625449482.0,64.0
-34.58,1625449482.0,64.0
-29.07,1625449482.0,64.0
-22.71,1625449482.0,64.0
-16.14,1625449482.0,64.0
-9.77,1625449482.0,64.0
-3.74,1625449482.0,64.0
1.88,1625449482.0,64.0
6.98,1625449482.0,64.0
11.38,1625449482.0,64.0
15.0,1625449482.0,64.0
17.96,1625449482.0,64.0
20.55,1625449482.0,64.0
23.08,1625449482.0,64.0
25.67,1625449482.0,64.0
28.1,1625449482.0,64.0
29.92,1625449482.0,64.0
30.65,1625449482.0,64.0
30.04,1625449482.0,64.0
28.19,1625449482.0,64.0
25.47,1625449482.0,64.0
22.33,1625449482.0,64.0
19.12,1625449482.0,64.0
16.05,1625449482.0,64.0
13.23,1625449482.0,64.0
10.77,1625449482.0,64.0
8.79,1625449482.0,64.0
7.41,1625449482.0,64.0
6.61,1625449482.0,64.0
6.17,1625449482.0,64.0
5.71,1625449482.0,64.0
4.77,1625449482.0,64.0
3.03,1625449482.0,64.0
0.37,1625449482.0,64.0
-3.02,1625449482.0,64.0
-6.8,1625449482.0,64.0
-10.61,1625449482.0,64.0
-14.25,1625449482.0,64.0
-17.71,1625449482.0,64.0
-21.1,1625449482.0,64.0
-24.46,1625449482.0,64.0
-27.6,1625449482.0,64.0
-30.05,1625449482.0,64.0
-31.24,1625449482.0,64.0
-30.66,1625449482.0,64.0
-28.14,1625449482.0,64.0
-23.85,1625449482.0,64.0
-18.27,1625449482.0,64.0
-11.95,1625449482.0,64.0
-5.34,1625449482.0,64.0
1.24,1625449482.0,64.0
7.67,1625449482.0,64.0
13.79,1625449482.0,64.0
19.41,1625449482.0,64.0
24.2,1625449482.0,64.0
27.78,1625449482.0,64.0
29.84,1625449482.0,64.0
30.28,1625449482.0,64.0
29.33,1625449482.0,64.0
27.6,1625449482.0,64.0
25.9,1625449482.0,64.0
25.03,1625449482.0,64.0
25.53,1625449482.0,64.0
27.43,1625449482.0,64.0
30.16,1625449482.0,64.0
32.72,1625449482.0,64.0
34.01,1625449482.0,64.0
33.31,1625449482.0,64.0
30.68,1625449482.0,64.0
26.94,1625449482.0,64.0
23.42,1625449482.0,64.0
21.44,1625449482.0,64.0
21.76,1625449482.0,64.0
24.27,1625449482.0,64.0
28.07,1625449482.0,64.0
31.72,1625449482.0,64.0
33.91,1625449482.0,64.0
33.92,1625449482.0,64.0
31.82,1625449482.0,64.0
28.83,1625449482.0,64.0
27.53,1625449482.0,64.0
31.66,1625449482.0,64.0
45.36,1625449482.0,64.0
71.65,1625449482.0,64.0
110.6,1625449482.0,64.0
158.09,1625449482.0,64.0
206.2,1625449482.0,64.0
245.02,1625449482.0,64.0
266.32,1625449482.0,64.0
266.48,1625449482.0,64.0
247.62,1625449482.0,64.0
215.92,1625449482.0,64.0
178.22,1625449482.0,64.0
139.1,1625449482.0,64.0
99.78,1625449482.0,64.0
58.92,1625449482.0,64.0
14.24,1625449482.0,64.0
-34.89,1625449482.0,64.0
-86.41,1625449482.0,64.0
-136.38,1625449482.0,64.0
-181.01,1625449482.0,64.0
-218.28,1625449482.0,64.0
-248.08,1625449482.0,64.0
-271.19,1625449482.0,64.0
-288.1,1625449482.0,64.0
-299.56,1625449482.0,64.0
-306.11,1625449482.0,64.0
-308.2,1625449482.0,64.0
-306.16,1625449482.0,64.0
-300.29,1625449482.0,64.0
-290.73,1625449482.0,64.0
-276.84,1625449482.0,64.0
-256.96,1625449482.0,64.0
-229.45,1625449482.0,64.0
-195.58,1625449482.0,64.0
-159.71,1625449482.0,64.0
-127.85,1625449482.0,64.0
-105.44,1625449482.0,64.0
-95.75,1625449482.0,64.0
-99.13,1625449482.0,64.0
-113.03,1625449482.0,64.0
-132.79,1625449482.0,64.0
-144.4,1625449482.0,64.0
-136.37,1625449482.0,64.0
-104.73,1625449482.0,64.0
-55.38,1625449482.0,64.0
0.54,1625449482.0,64.0
53.16,1625449482.0,64.0
97.02,1625449482.0,64.0
130.35,1625449482.0,64.0
152.94,1625449482.0,64.0
164.59,1625449482.0,64.0
163.19,1625449482.0,64.0
147.05,1625449482.0,64.0
117.0,1625449482.0,64.0
78.09,1625449482.0,64.0
38.81,1625449482.0,64.0
8.33,1625449482.0,64.0
-6.36,1625449482.0,64.0
-2.7,1625449482.0,64.0
16.75,1625449482.0,64.0
46.85,1625449482.0,64.0
76.46,1625449482.0,64.0
96.01,1625449482.0,64.0
102.55,1625449482.0,64.0
100.32,1625449482.0,64.0
95.69,1625449482.0,64.0
93.43,1625449482.0,64.0
95.83,1625449482.0,64.0
103.53,1625449482.0,64.0
116.51,1625449482.0,64.0
135.7,1625449482.0,64.0
162.91,1625449482.0,64.0
200.3,1625449482.0,64.0
247.17,1625449482.0,64.0
297.87,1625449482.0,64.0
342.81,1625449482.0,64.0
371.47,1625449482.0,64.0
376.69,1625449482.0,64.0
357.16,1625449482.0,64.0
317.72,1625449482.0,64.0
267.77,1625449482.0,64.0
217.35,1625449482.0,64.0
173.14,1625449482.0,64.0
136.63,1625449482.0,64.0
105.34,1625449482.0,64.0
75.38,1625449482.0,64.0
43.85,1625449482.0,64.0
9.72,1625449482.0,64.0
-26.61,1625449482.0,64.0
-63.62,1625449482.0,64.0
-99.72,1625449482.0,64.0
-133.88,1625449482.0,64.0
-165.98,1625449482.0,64.0
-196.49,1625449482.0,64.0
-226.27,1625449482.0,64.0
-256.17,1625449482.0,64.0
-286.91,1625449482.0,64.0
-318.93,1625449482.0,64.0
-351.8,1625449482.0,64.0
-384.08,1625449482.0,64.0
-413.17,1625449482.0,64.0
-435.44,1625449482.0,64.0
-446.79,1625449482.0,64.0
-443.81,1625449482.0,64.0
-425.17,1625449482.0,64.0
-392.69,1625449482.0,64.0
-351.26,1625449482.0,64.0
-307.01,1625449482.0,64.0
-265.22,1625449482.0,64.0
-228.17,1625449482.0,64.0
-194.63,1625449482.0,64.0
-160.75,1625449482.0,64.0
-122.33,1625449482.0,64.0
-77.29,1625449482.0,64.0
-27.37,1625449482.0,64.0
22.06,1625449482.0,64.0
63.97,1625449482.0,64.0
92.61,1625449482.0,64.0
106.09,1625449482.0,64.0
106.97,1625449482.0,64.0
100.96,1625449482.0,64.0
94.43,1625449482.0,64.0
91.56,1625449482.0,64.0
93.29,1625449482.0,64.0
98.04,1625449482.0,64.0
104.03,1625449482.0,64.0
111.36,1625449482.0,64.0
122.26,1625449482.0,64.0
139.13,1625449482.0,64.0
162.0,1625449482.0,64.0
187.59,1625449482.0,64.0
210.48,1625449482.0,64.0
226.08,1625449482.0,64.0
232.84,1625449482.0,64.0
232.79,1625449482.0,64.0
229.99,1625449482.0,64.0
227.62,1625449482.0,64.0
225.49,1625449482.0,64.0
220.38,1625449482.0,64.0
209.08,1625449482.0,64.0
190.97,1625449482.0,64.0
169.17,1625449482.0,64.0
148.15,1625449482.0,64.0
131.1,1625449482.0,64.0
118.66,1625449482.0,64.0
110.05,1625449482.0,64.0
104.79,1625449482.0,64.0
104.21,1625449482.0,64.0
111.22,1625449482.0,64.0
127.33,1625449482.0,64.0
149.3,1625449482.0,64.0
167.08,1625449482.0,64.0
166.89,1625449482.0,64.0
138.22,1625449482.0,64.0
79.85,1625449482.0,64.0
1.37,1625449482.0,64.0
-80.55,1625449482.0,64.0
-148.79,1625449482.0,64.0
-192.56,1625449482.0,64.0
-207.38,1625449482.0,64.0
-196.65,1625449482.0,64.0
-172.31,1625449482.0,64.0
-148.86,1625449482.0,64.0
-134.67,1625449482.0,64.0
-129.05,1625449482.0,64.0
-126.67,1625449482.0,64.0
-123.33,1625449482.0,64.0
-118.81,1625449482.0,64.0
-115.64,1625449482.0,64.0
-117.13,1625449482.0,64.0
-124.41,1625449482.0,64.0
-134.98,1625449482.0,64.0
-144.09,1625449482.0,64.0
-147.61,1625449482.0,64.0
-144.43,1625449482.0,64.0
-136.42,1625449482.0,64.0
-127.27,1625449482.0,64.0
-120.04,1625449482.0,64.0
-116.59,1625449482.0,64.0
-116.75,1625449482.0,64.0
-118.16,1625449482.0,64.0
-117.76,1625449482.0,64.0
-112.46,1625449482.0,64.0
-101.4,1625449482.0,64.0
-85.88,1625449482.0,64.0
-68.51,1625449482.0,64.0
-51.53,1625449482.0,64.0
-36.79,1625449482.0,64.0
-25.18,1625449482.0,64.0
-16.29,1625449482.0,64.0
-8.85,1625449482.0,64.0
-1.49,1625449482.0,64.0
6.35,1625449482.0,64.0
14.47,1625449482.0,64.0
22.21,1625449482.0,64.0
29.32,1625449482.0,64.0
35.5,1625449482.0,64.0
40.72,1625449482.0,64.0
45.46,1625449482.0,64.0
50.83,1625449482.0,64.0
58.32,1625449482.0,64.0
69.5,1625449482.0,64.0
86.12,1625449482.0,64.0
106.52,1625449482.0,64.0
130.5,1625449482.0,64.0
158.0,1625449482.0,64.0
188.69,1625449482.0,64.0
221.38,1625449482.0,64.0
253.6,1625449482.0,64.0
281.57,1625449482.0,64.0
300.99,1625449482.0,64.0
308.38,1625449482.0,64.0
302.16,1625449482.0,64.0
283.77,1625449482.0,64.0
256.53,1625449482.0,64.0
224.43,1625449482.0,64.0
190.98,1625449482.0,64.0
158.4,1625449482.0,64.0
127.83,1625449482.0,64.0
99.96,1625449482.0,64.0
75.65,1625449482.0,64.0
55.84,1625449482.0,64.0
41.59,1625449482.0,64.0
33.03,1625449482.0,64.0
29.01,1625449482.0,64.0
27.22,1625449482.0,64.0
24.67,1625449482.0,64.0
18.52,1625449482.0,64.0
6.93,1625449482.0,64.0
-10.44,1625449482.0,64.0
-32.86,1625449482.0,64.0
-58.51,1625449482.0,64.0
-85.4,1625449482.0,64.0
-111.72,1625449482.0,64.0
-136.08,1625449482.0,64.0
-157.54,1625449482.0,64.0
-175.42,1625449482.0,64.0
-189.01,1625449482.0,64.0
-195.61,1625449482.0,64.0
-192.68,1625449482.0,64.0
-179.16,1625449482.0,64.0
-156.55,1625449482.0,64.0
-128.48,1625449482.0,64.0
-99.08,1625449482.0,64.0
-71.53,1625449482.0,64.0
-47.48,1625449482.0,64.0
-27.13,1625449482.0,64.0
-9.92,1625449482.0,64.0
4.68,1625449482.0,64.0
16.95,1625449482.0,64.0
26.91,1625449482.0,64.0
34.53,1625449482.0,64.0
40.0,1625449482.0,64.0
43.67,1625449482.0,64.0
46.0,1625449482.0,64.0
47.48,1625449482.0,64.0
48.59,1625449482.0,64.0
49.33,1625449482.0,64.0
49.37,1625449482.0,64.0
48.19,1625449482.0,64.0
45.33,1625449482.0,64.0
40.76,1625449482.0,64.0
34.79,1625449482.0,64.0
27.42,1625449482.0,64.0
18.67,1625449482.0,64.0
8.5,1625449482.0,64.0
-3.51,1625449482.0,64.0
-17.74,1625449482.0,64.0
-34.21,1625449482.0,64.0
-52.34,1625449482.0,64.0
-70.69,1625449482.0,64.0
-87.73,1625449482.0,64.0
-102.88,1625449482.0,64.0
-117.04,1625449482.0,64.0
-132.44,1625449482.0,64.0
-151.21,1625449482.0,64.0
-173.51,1625449482.0,64.0
-196.03,1625449482.0,64.0
-212.27,1625449482.0,64.0
-214.32,1625449482.0,64.0
-196.27,1625449482.0,64.0
-156.86,1625449482.0,64.0
-99.87,1625449482.0,64.0
-32.88,1625449482.0,64.0
35.1,1625449482.0,64.0
96.09,1625449482.0,64.0
143.63,1625449482.0,64.0
170.96,1625449482.0,64.0
173.06,1625449482.0,64.0
147.97,1625449482.0,64.0
98.65,1625449482.0,64.0
34.1,1625449482.0,64.0
-31.74,1625449482.0,64.0
-84.07,1625449482.0,64.0
-112.49,1625449482.0,64.0
-115.23,1625449482.0,64.0
-99.41,1625449482.0,64.0
-76.64,1625449482.0,64.0
-57.24,1625449482.0,64.0
-45.56,1625449482.0,64.0
-39.16,1625449482.0,64.0
-32.3,1625449482.0,64.0
-21.14,1625449482.0,64.0
-7.07,1625449482.0,64.0
3.88,1625449482.0,64.0
5.29,1625449482.0,64.0
-4.53,1625449482.0,64.0
-20.66,1625449482.0,64.0
-33.92,1625449482.0,64.0
-35.79,1625449482.0,64.0
-23.02,1625449482.0,64.0
1.24,1625449482.0,64.0
30.06,1625449482.0,64.0
56.78,1625449482.0,64.0
78.49,1625449482.0,64.0
96.36,1625449482.0,64.0
112.62,1625449482.0,64.0
127.19,1625449482.0,64.0
136.08,1625449482.0,64.0
133.17,1625449482.0,64.0
114.33,1625449482.0,64.0
81.13,1625449482.0,64.0
41.66,1625449482.0,64.0
7.5,1625449482.0,64.0
-11.73,1625449482.0,64.0
-13.32,1625449482.0,64.0
-2.61,1625449482.0,64.0
10.06,1625449482.0,64.0
15.01,1625449482.0,64.0
8.19,1625449482.0,64.0
-7.13,1625449482.0,64.0
-23.01,1625449482.0,64.0
-31.71,1625449482.0,64.0
-30.1,1625449482.0,64.0
-21.09,1625449482.0,64.0
-11.4,1625449482.0,64.0
-7.38,1625449482.0,64.0
-11.53,1625449482.0,64.0
-21.32,1625449482.0,64.0
-31.13,1625449482.0,64.0
-35.8,1625449482.0,64.0
-33.42,1625449482.0,64.0
-26.17,1625449482.0,64.0
-18.51,1625449482.0,64.0
-14.09,1625449482.0,64.0
-13.58,1625449482.0,64.0
-14.41,1625449482.0,64.0
-12.57,1625449482.0,64.0
-5.38,1625449482.0,64.0
6.7,1625449482.0,64.0
20.3,1625449482.0,64.0
31.08,1625449482.0,64.0
36.34,1625449482.0,64.0
36.25,1625449482.0,64.0
33.59,1625449482.0,64.0
31.82,1625449482.0,64.0
33.07,1625449482.0,64.0
37.03,1625449482.0,64.0
41.43,1625449482.0,64.0
43.63,1625449482.0,64.0
42.24,1625449482.0,64.0
37.85,1625449482.0,64.0
32.5,1625449482.0,64.0
28.48,1625449482.0,64.0
27.09,1625449482.0,64.0
28.23,1625449482.0,64.0
30.64,1625449482.0,64.0
32.66,1625449482.0,64.0
32.99,1625449482.0,64.0
30.91,1625449482.0,64.0
26.27,1625449482.0,64.0
19.36,1625449482.0,64.0
10.85,1625449482.0,64.0
1.76,1625449482.0,64.0
-6.6,1625449482.0,64.0
-12.98,1625449482.0,64.0
-16.69,1625449482.0,64.0
-17.9,1625449482.0,64.0
-17.62,1625449482.0,64.0
-17.22,1625449482.0,64.0
-17.77,1625449482.0,64.0
-19.66,1625449482.0,64.0
-22.51,1625449482.0,64.0
-25.56,1625449482.0,64.0
-28.05,1625449482.0,64.0
-29.56,1625449482.0,64.0
-29.99,1625449482.0,64.0
-29.41,1625449482.0,64.0
-27.88,1625449482.0,64.0
-25.35,1625449482.0,64.0
-21.69,1625449482.0,64.0
-16.83,1625449482.0,64.0
-10.9,1625449482.0,64.0
-4.31,1625449482.0,64.0
2.31,1625449482.0,64.0
8.38,1625449482.0,64.0
13.53,1625449482.0,64.0
17.74,1625449482.0,64.0
21.26,1625449482.0,64.0
24.37,1625449482.0,64.0
27.12,1625449482.0,64.0
29.28,1625449482.0,64.0
30.37,1625449482.0,64.0
30.07,1625449482.0,64.0
28.35,1625449482.0,64.0
25.61,1625449482.0,64.0
22.5,1625449482.0,64.0
19.66,1625449482.0,64.0
17.4,1625449482.0,64.0
15.58,1625449482.0,64.0
13.77,1625449482.0,64.0
11.53,1625449482.0,64.0
8.61,1625449482.0,64.0
5.15,1625449482.0,64.0
1.56,1625449482.0,64.0
-1.56,1625449482.0,64.0
-3.56,1625449482.0,64.0
-3.78,1625449482.0,64.0
-1.66,1625449482.0,64.0
3.03,1625449482.0,64.0
9.87,1625449482.0,64.0
17.65,1625449482.0,64.0
24.49,1625449482.0,64.0
28.52,1625449482.0,64.0
28.8,1625449482.0,64.0
25.89,1625449482.0,64.0
21.79,1625449482.0,64.0
18.98,1625449482.0,64.0
19.26,1625449482.0,64.0
22.81,1625449482.0,64.0
28.2,1625449482.0,64.0
33.33,1625449482.0,64.0
36.72,1625449482.0,64.0
38.45,1625449482.0,64.0
40.16,1625449482.0,64.0
44.2,1625449482.0,64.0
52.3,1625449482.0,64.0
64.7,1625449482.0,64.0
79.83,1625449482.0,64.0
94.84,1625449482.0,64.0
106.54,1625449482.0,64.0
112.41,1625449482.0,64.0
111.33,1625449482.0,64.0
103.97,1625449482.0,64.0
92.56,1625449482.0,64.0
80.36,1625449482.0,64.0
70.7,1625449482.0,64.0
66.04,1625449482.0,64.0
67.34,1625449482.0,64.0
73.96,1625449482.0,64.0
84.13,1625449482.0,64.0
95.64,1625449482.0,64.0
106.41,1625449482.0,64.0
114.97,1625449482.0,64.0
120.44,1625449482.0,64.0
122.54,1625449482.0,64.0
121.45,1625449482.0,64.0
117.94,1625449482.0,64.0
113.25,1625449482.0,64.0
108.63,1625449482.0,64.0
104.75,1625449482.0,64.0
101.23,1625449482.0,64.0
97.09,1625449482.0,64.0
91.54,1625449482.0,64.0
84.9,1625449482.0,64.0
78.61,1625449482.0,64.0
74.6,1625449482.0,64.0
74.02,1625449482.0,64.0
76.22,1625449482.0,64.0
78.81,1625449482.0,64.0
78.68,1625449482.0,64.0
73.76,1625449482.0,64.0
64.02,1625449482.0,64.0
51.38,1625449482.0,64.0
38.23,1625449482.0,64.0
26.45,1625449482.0,64.0
16.49,1625449482.0,64.0
7.32,1625449482.0,64.0
-2.95,1625449482.0,64.0
-16.49,1625449482.0,64.0
-35.31,1625449482.0,64.0
-60.78,1625449482.0,64.0
-92.7,1625449482.0,64.0
-129.17,1625449482.0,64.0
-165.26,1625449482.0,64.0
-194.1,1625449482.0,64.0
-209.74,1625449482.0,64.0
-210.68,1625449482.0,64.0
-201.87,1625449482.0,64.0
-192.93,1625449482.0,64.0
-193.93,1625449482.0,64.0
-210.6,1625449482.0,64.0
-243.75,1625449482.0,64.0
-287.91,1625449482.0,64.0
-334.32,1625449482.0,64.0
-374.66,1625449482.0,64.0
-403.58,1625449482.0,64.0
-418.96,1625449482.0,64.0
-420.77,1625449482.0,64.0
-410.46,1625449482.0,64.0
-391.4,1625449482.0,64.0
-372.13,1625449482.0,64.0
-361.49,1625449482.0,64.0
-364.49,1625449482.0,64.0
-379.19,1625449482.0,64.0
-397.0,1625449482.0,64.0
-406.46,1625449482.0,64.0
-397.97,1625449482.0,64.0
-368.04,1625449482.0,64.0
-320.76,1625449482.0,64.0
-269.37,1625449482.0,64.0
-227.18,1625449482.0,64.0
-201.86,1625449482.0,64.0
-193.25,1625449482.0,64.0
-195.84,1625449482.0,64.0
-202.89,1625449482.0,64.0
-209.4,1625449482.0,64.0
-213.39,1625449482.0,64.0
-192.8,1625449482.0,64.0
-138.29,1625449482.0,64.0
-55.47,1625449482.0,64.0
38.03,1625449482.0,64.0
124.36,1625449482.0,64.0
193.96,1625449482.0,64.0
244.93,1625449482.0,64.0
278.93,1625449482.0,64.0
298.35,1625449482.0,64.0
305.93,1625449482.0,64.0
301.52,1625449482.0,64.0
286.77,1625449482.0,64.0
265.67,1625449482.0,64.0
243.46,1625449482.0,64.0
224.23,1625449482.0,64.0
209.26,1625449482.0,64.0
197.44,1625449482.0,64.0
186.95,1625449482.0,64.0
176.65,1625449482.0,64.0
163.72,1625449482.0,64.0
147.04,1625449482.0,64.0
127.53,1625449482.0,64.0
107.56,1625449482.0,64.0
89.35,1625449482.0,64.0
74.06,1625449482.0,64.0
61.76,1625449482.0,64.0
52.35,1625449482.0,64.0
46.1,1625449482.0,64.0
41.86,1625449482.0,64.0
38.84,1625449482.0,64.0
36.94,1625449482.0,64.0
36.37,1625449482.0,64.0
38.23,1625449482.0,64.0
43.42,1625449482.0,64.0
52.39,1625449482.0,64.0
65.46,1625449482.0,64.0
82.87,1625449482.0,64.0
103.91,1625449482.0,64.0
127.96,1625449482.0,64.0
154.59,1625449482.0,64.0
183.11,1625449482.0,64.0
209.5,1625449482.0,64.0
229.27,1625449482.0,64.0
236.87,1625449482.0,64.0
227.95,1625449482.0,64.0
201.75,1625449482.0,64.0
162.12,1625449482.0,64.0
116.92,1625449482.0,64.0
75.16,1625449482.0,64.0
43.57,1625449482.0,64.0
24.41,1625449482.0,64.0
15.77,1625449482.0,64.0
13.36,1625449482.0,64.0
13.42,1625449482.0,64.0
14.26,1625449482.0,64.0
16.02,1625449482.0,64.0
19.21,1625449482.0,64.0
23.5,1625449482.0,64.0
27.43,1625449482.0,64.0
29.31,1625449482.0,64.0
28.44,1625449482.0,64.0
25.39,1625449482.0,64.0
21.83,1625449482.0,64.0
19.62,1625449482.0,64.0
19.81,1625449482.0,64.0
21.98,1625449482.0,64.0
24.39,1625449482.0,64.0
24.81,1625449482.0,64.0
21.42,1625449482.0,64.0
13.96,1625449482.0,64.0
3.28,1625449482.0,64.0
-8.55,1625449482.0,64.0
-19.19,1625449482.0,64.0
-27.03,1625449482.0,64.0
-31.77,1625449482.0,64.0
-34.44,1625449482.0,64.0
-36.81,1625449482.0,64.0
-40.44,1625449482.0,64.0
-45.77,1625449482.0,64.0
-51.98,1625449482.0,64.0
-57.13,1625449482.0,64.0
-59.14,1625449482.0,64.0
-56.81,1625449482.0,64.0
-50.57,1625449482.0,64.0
-42.42,1625449482.0,64.0
-35.25,1625449482.0,64.0
-31.6,1625449482.0,64.0
-32.55,1625449482.0,64.0
-37.15,1625449482.0,64.0
-42.83,1625449482.0,64.0
-46.68,1625449482.0,64.0
-46.65,1625449482.0,64.0
-42.66,1625449482.0,64.0
-36.69,1625449482.0,64.0
-31.83,1625449482.0,64.0
-31.12,1625449482.0,64.0
-36.48,1625449482.0,64.0
-47.9,1625449482.0,64.0
-63.39,1625449482.0,64.0
-79.35,1625449482.0,64.0
-90.9,1625449482.0,64.0
-93.08,1625449482.0,64.0
-82.22,1625449482.0,64.0
-57.74,1625449482.0,64.0
-23.32,1625449482.0,64.0
13.31,1625449482.0,64.0
42.54,1625449482.0,64.0
56.48,1625449482.0,64.0
52.27,1625449482.0,64.0
33.51,1625449482.0,64.0
8.8,1625449482.0,64.0
-11.93,1625449482.0,64.0
-22.0,1625449482.0,64.0
-20.5,1625449482.0,64.0
-12.14,1625449482.0,64.0
-4.57,1625449482.0,64.0
-4.67,1625449482.0,64.0
-15.65,1625449482.0,64.0
-35.7,1625449482.0,64.0
-59.71,1625449482.0,64.0
-80.8,1625449482.0,64.0
-93.25,1625449482.0,64.0
-94.75,1625449482.0,64.0
-86.63,1625449482.0,64.0
-72.24,1625449482.0,64.0
-54.75,1625449482.0,64.0
-35.65,1625449482.0,64.0
-14.8,1625449482.0,64.0
8.06,1625449482.0,64.0
31.94,1625449482.0,64.0
54.13,1625449482.0,64.0
71.13,1625449482.0,64.0
80.58,1625449482.0,64.0
82.5,1625449482.0,64.0
79.07,1625449482.0,64.0
73.35,1625449482.0,64.0
67.65,1625449482.0,64.0
62.67,1625449482.0,64.0
57.53,1625449482.0,64.0
50.43,1625449482.0,64.0
39.41,1625449482.0,64.0
23.05,1625449482.0,64.0
1.33,1625449482.0,64.0
-23.83,1625449482.0,64.0
-48.58,1625449482.0,64.0
-67.69,1625449482.0,64.0
-76.18,1625449482.0,64.0
-71.08,1625449482.0,64.0
-52.48,1625449482.0,64.0
-23.36,1625449482.0,64.0
11.78,1625449482.0,64.0
48.44,1625449482.0,64.0
82.98,1625449482.0,64.0
112.6,1625449482.0,64.0
134.85,1625449482.0,64.0
147.58,1625449482.0,64.0
149.68,1625449482.0,64.0
141.92,1625449482.0,64.0
127.08,1625449482.0,64.0
109.05,1625449482.0,64.0
91.0,1625449482.0,64.0
73.94,1625449482.0,64.0
56.73,1625449482.0,64.0
37.29,1625449482.0,64.0
14.65,1625449482.0,64.0
-9.79,1625449482.0,64.0
-32.55,1625449482.0,64.0
-49.74,1625449482.0,64.0
-59.03,1625449482.0,64.0
-60.54,1625449482.0,64.0
-56.32,1625449482.0,64.0
-48.82,1625449482.0,64.0
-39.47,1625449482.0,64.0
-28.49,1625449482.0,64.0
-15.92,1625449482.0,64.0
-2.9,1625449482.0,64.0
7.6,1625449482.0,64.0
11.54,1625449482.0,64.0
5.77,1625449482.0,64.0
-10.15,1625449482.0,64.0
-33.17,1625449482.0,64.0
-57.79,1625449482.0,64.0
-78.34,1625449482.0,64.0
-91.22,1625449482.0,64.0
-96.13,1625449482.0,64.0
-95.19,1625449482.0,64.0
-91.22,1625449482.0,64.0
-85.83,1625449482.0,64.0
-78.93,1625449482.0,64.0
-69.51,1625449482.0,64.0
-57.21,1625449482.0,64.0
-43.11,1625449482.0,64.0
-29.55,1625449482.0,64.0
-18.53,1625449482.0,64.0
-10.33,1625449482.0,64.0
-3.15,1625449482.0,64.0
5.7,1625449482.0,64.0
17.88,1625449482.0,64.0
32.77,1625449482.0,64.0
47.79,1625449482.0,64.0
60.42,1625449482.0,64.0
69.88,1625449482.0,64.0
77.54,1625449482.0,64.0
85.54,1625449482.0,64.0
94.53,1625449482.0,64.0
102.4,1625449482.0,64.0
104.87,1625449482.0,64.0
98.09,1625449482.0,64.0
81.23,1625449482.0,64.0
57.54,1625449482.0,64.0
33.03,1625449482.0,64.0
13.56,1625449482.0,64.0
2.2,1625449482.0,64.0
-1.88,1625449482.0,64.0
-2.24,1625449482.0,64.0
-2.8,1625449482.0,64.0
-5.74,1625449482.0,64.0
-10.73,1625449482.0,64.0
-15.83,1625449482.0,64.0
-19.18,1625449482.0,64.0
-20.38,1625449482.0,64.0
-20.61,1625449482.0,64.0
-21.88,1625449482.0,64.0
-25.65,1625449482.0,64.0
-31.99,1625449482.0,64.0
-39.36,1625449482.0,64.0
-45.49,1625449482.0,64.0
-48.42,1625449482.0,64.0
-47.41,1625449482.0,64.0
-43.15,1625449482.0,64.0
-37.42,1625449482.0,64.0
-32.4,1625449482.0,64.0
-29.8,1625449482.0,64.0
-30.38,1625449482.0,64.0
-33.97,1625449482.0,64.0
-39.39,1625449482.0,64.0
-44.76,1625449482.0,64.0
-48.1,1625449482.0,64.0
-48.07,1625449482.0,64.0
-44.53,1625449482.0,64.0
-38.55,1625449482.0,64.0
-31.8,1625449482.0,64.0
-25.49,1625449482.0,64.0
-19.88,1625449482.0,64.0
-14.31,1625449482.0,64.0
-7.99,1625449482.0,64.0
-0.92,1625449482.0,64.0
6.04,1625449482.0,64.0
11.52,1625449482.0,64.0
14.62,1625449482.0,64.0
15.62,1625449482.0,64.0
15.85,1625449482.0,64.0
16.99,1625449482.0,64.0
20.07,1625449482.0,64.0
24.94,1625449482.0,64.0
30.37,1625449482.0,64.0
34.91,1625449482.0,64.0
37.5,1625449482.0,64.0
37.85,1625449482.0,64.0
36.3,1625449482.0,64.0
33.46,1625449482.0,64.0
30.16,1625449482.0,64.0
27.33,1625449482.0,64.0
25.87,1625449482.0,64.0
26.25,1625449482.0,64.0
28.12,1625449482.0,64.0
29.97,1625449482.0,64.0
29.56,1625449482.0,64.0
24.97,1625449482.0,64.0
15.57,1625449482.0,64.0
2.62,1625449482.0,64.0
-11.16,1625449482.0,64.0
-22.42,1625449482.0,64.0
-28.66,1625449482.0,64.0
-28.95,1625449482.0,64.0
-24.07,1625449482.0,64.0
-16.14,1625449482.0,64.0
-7.78,1625449482.0,64.0
-1.36,1625449482.0,64.0
1.6,1625449482.0,64.0
0.63,1625449482.0,64.0
-3.53,1625449482.0,64.0
-9.25,1625449482.0,64.0
-14.62,1625449482.0,64.0
-18.14,1625449482.0,64.0
-19.17,1625449482.0,64.0
-18.11,1625449482.0,64.0
-15.83,1625449482.0,64.0
-13.0,1625449482.0,64.0
-9.71,1625449482.0,64.0
-5.6,1625449482.0,64.0
-0.36,1625449482.0,64.0
5.78,1625449482.0,64.0
11.97,1625449482.0,64.0
17.08,1625449482.0,64.0
20.34,1625449482.0,64.0
21.71,1625449482.0,64.0
21.89,1625449482.0,64.0
21.89,1625449482.0,64.0
22.52,1625449482.0,64.0
23.96,1625449482.0,64.0
25.73,1625449482.0,64.0
27.15,1625449482.0,64.0
27.57,1625449482.0,64.0
26.91,1625449482.0,64.0
25.53,1625449482.0,64.0
24.09,1625449482.0,64.0
23.47,1625449482.0,64.0
24.47,1625449482.0,64.0
27.48,1625449482.0,64.0
32.35,1625449482.0,64.0
38.11,1625449482.0,64.0
43.14,1625449482.0,64.0
45.52,1625449482.0,64.0
43.64,1625449482.0,64.0
36.54,1625449482.0,64.0
24.24,1625449482.0,64.0
7.88,1625449482.0,64.0
-10.51,1625449482.0,64.0
-28.15,1625449482.0,64.0
-41.96,1625449482.0,64.0
-49.25,1625449482.0,64.0
-48.52,1625449482.0,64.0
-40.37,1625449482.0,64.0
-27.67,1625449482.0,64.0
-14.99,1625449482.0,64.0
-7.08,1625449482.0,64.0
-6.89,1625449482.0,64.0
-14.13,1625449482.0,64.0
-25.34,1625449482.0,64.0
-35.48,1625449482.0,64.0
-40.14,1625449482.0,64.0
-37.46,1625449482.0,64.0
-28.63,1625449482.0,64.0
-16.73,1625449482.0,64.0
-4.92,1625449482.0,64.0
4.96,1625449482.0,64.0
12.8,1625449482.0,64.0
19.35,1625449482.0,64.0
25.08,1625449482.0,64.0
29.61,1625449482.0,64.0
31.96,1625449482.0,64.0
31.54,1625449482.0,64.0
28.83,1625449482.0,64.0
25.31,1625449482.0,64.0
22.43,1625449482.0,64.0
20.57,1625449482.0,64.0
18.51,1625449482.0,64.0
14.03,1625449482.0,64.0
5.19,1625449482.0,64.0
-8.39,1625449482.0,64.0
-25.13,1625449482.0,64.0
-41.94,1625449482.0,64.0
-55.56,1625449482.0,64.0
-63.88,1625449482.0,64.0
-66.67,1625449482.0,64.0
-65.46,1625449482.0,64.0
-62.54,1625449482.0,64.0
-59.75,1625449482.0,64.0
-57.73,1625449482.0,64.0
-55.87,1625449482.0,64.0
-52.97,1625449482.0,64.0
-48.38,1625449482.0,64.0
-42.48,1625449482.0,64.0
-36.61,1625449482.0,64.0
-32.36,1625449482.0,64.0
-30.53,1625449482.0,64.0
-30.67,1625449482.0,64.0
-31.41,1625449482.0,64.0
-31.3,1625449482.0,64.0
-29.48,1625449482.0,64.0
-26.08,1625449482.0,64.0
-21.81,1625449482.0,64.0
-17.34,1625449482.0,64.0
-13.02,1625449482.0,64.0
-8.91,1625449482.0,64.0
-5.06,1625449482.0,64.0
-1.69,1625449482.0,64.0
1.02,1625449482.0,64.0
3.22,1625449482.0,64.0
5.45,1625449482.0,64.0
8.38,1625449482.0,64.0
12.43,1625449482.0,64.0
17.35,1625449482.0,64.0
22.36,1625449482.0,64.0
26.61,1625449482.0,64.0
29.62,1625449482.0,64.0
31.61,1625449482.0,64.0
33.3,1625449482.0,64.0
35.4,1625449482.0,64.0
38.07,1625449482.0,64.0
40.36,1625449482.0,64.0
40.35,1625449482.0,64.0
35.72,1625449482.0,64.0
24.59,1625449482.0,64.0
6.61,1625449482.0,64.0
-16.53,1625449482.0,64.0
-41.1,1625449482.0,64.0
-62.23,1625449482.0,64.0
-75.05,1625449482.0,64.0
-76.18,1625449482.0,64.0
-64.84,1625449482.0,64.0
-43.22,1625449482.0,64.0
-15.86,1625449482.0,64.0
11.62,1625449482.0,64.0
34.1,1625449482.0,64.0
48.41,1625449482.0,64.0
54.01,1625449482.0,64.0
52.63,1625449482.0,64.0
47.13,1625449482.0,64.0
40.18,1625449482.0,64.0
33.27,1625449482.0,64.0
26.54,1625449482.0,64.0
19.41,1625449482.0,64.0
11.49,1625449482.0,64.0
3.1,1625449482.0,64.0
-4.65,1625449482.0,64.0
-10.39,1625449482.0,64.0
-13.07,1625449482.0,64.0
-12.52,1625449482.0,64.0
-9.47,1625449482.0,64.0
-5.41,1625449482.0,64.0
-1.9,1625449482.0,64.0
-0.03,1625449482.0,64.0
0.23,1625449482.0,64.0
0.13,1625449482.0,64.0
1.68,1625449482.0,64.0
6.73,1625449482.0,64.0
15.88,1625449482.0,64.0
28.1,1625449482.0,64.0
40.91,1625449482.0,64.0
51.46,1625449482.0,64.0
57.83,1625449482.0,64.0
59.87,1625449482.0,64.0
58.82,1625449482.0,64.0
56.55,1625449482.0,64.0
54.51,1625449482.0,64.0
52.98,1625449482.0,64.0
51.3,1625449482.0,64.0
48.6,1625449482.0,64.0
44.46,1625449482.0,64.0
39.18,1625449482.0,64.0
33.64,1625449482.0,64.0
28.69,1625449482.0,64.0
24.55,1625449482.0,64.0
20.74,1625449482.0,64.0
16.23,1625449482.0,64.0
10.03,1625449482.0,64.0
1.59,1625449482.0,64.0
-8.94,1625449482.0,64.0
-20.68,1625449482.0,64.0
-32.19,1625449482.0,64.0
-41.83,1625449482.0,64.0
-48.21,1625449482.0,64.0
-50.71,1625449482.0,64.0
-49.87,1625449482.0,64.0
-47.44,1625449482.0,64.0
-45.83,1625449482.0,64.0
-47.24,1625449482.0,64.0
-52.54,1625449482.0,64.0
-60.84,1625449482.0,64.0
-69.66,1625449482.0,64.0
-75.84,1625449482.0,64.0
-76.88,1625449482.0,64.0
-71.85,1625449482.0,64.0
-61.72,1625449482.0,64.0
-48.88,1625449482.0,64.0
-36.56,1625449482.0,64.0
-28.06,1625449482.0,64.0
-26.01,1625449482.0,64.0
-31.65,1625449482.0,64.0
-44.12,1625449482.0,64.0
-60.17,1625449482.0,64.0
-74.57,1625449482.0,64.0
-81.99,1625449482.0,64.0
-79.66,1625449482.0,64.0
-69.63,1625449482.0,64.0
-58.58,1625449482.0,64.0
-55.13,1625449482.0,64.0
-65.34,1625449482.0,64.0
-88.75,1625449482.0,64.0
-117.91,1625449482.0,64.0
-141.44,1625449482.0,64.0
-149.12,1625449482.0,64.0
-136.26,1625449482.0,64.0
-105.46,1625449482.0,64.0
-65.0,1625449482.0,64.0
-25.35,1625449482.0,64.0
4.55,1625449482.0,64.0
19.94,1625449482.0,64.0
21.0,1625449482.0,64.0
12.26,1625449482.0,64.0
0.96,1625449482.0,64.0
-4.9,1625449482.0,64.0
1.13,1625449482.0,64.0
21.95,1625449482.0,64.0
55.51,1625449482.0,64.0
95.2,1625449482.0,64.0
132.6,1625449482.0,64.0
161.0,1625449482.0,64.0
178.31,1625449482.0,64.0
187.23,1625449482.0,64.0
192.75,1625449482.0,64.0
198.04,1625449482.0,64.0
201.74,1625449482.0,64.0
198.19,1625449482.0,64.0
181.24,1625449482.0,64.0
149.1,1625449482.0,64.0
106.98,1625449482.0,64.0
66.17,1625449482.0,64.0
38.64,1625449482.0,64.0
30.91,1625449482.0,64.0
40.78,1625449482.0,64.0
58.79,1625449482.0,64.0
73.64,1625449482.0,64.0
78.05,1625449482.0,64.0
71.71,1625449482.0,64.0
60.0,1625449482.0,64.0
49.95,1625449482.0,64.0
46.03,1625449482.0,64.0
48.19,1625449482.0,64.0
52.94,1625449482.0,64.0
55.98,1625449482.0,64.0
54.75,1625449482.0,64.0
49.62,1625449482.0,64.0
43.08,1625449482.0,64.0
38.01,1625449482.0,64.0
36.09,1625449482.0,64.0
36.83,1625449482.0,64.0
37.97,1625449482.0,64.0
36.63,1625449482.0,64.0
30.83,1625449482.0,64.0
20.45,1625449482.0,64.0
7.43,1625449482.0,64.0
-5.15,1625449482.0,64.0
-14.53,1625449482.0,64.0
-19.42,1625449482.0,64.0
-20.52,1625449482.0,64.0
-19.99,1625449482.0,64.0
-20.29,1625449482.0,64.0
-23.09,1625449482.0,64.0
-28.65,1625449482.0,64.0
-35.96,1625449482.0,64.0
-43.3,1625449482.0,64.0
-49.0,1625449482.0,64.0
-52.04,1625449482.0,64.0
-52.29,1625449482.0,64.0
-50.51,1625449482.0,64.0
-47.93,1625449482.0,64.0
-45.85,1625449482.0,64.0
-45.17,1625449482.0,64.0
-45.87,1625449482.0,64.0
-47.09,1625449482.0,64.0
-47.26,1625449482.0,64.0
-44.75,1625449482.0,64.0
-38.63,1625449482.0,64.0
-29.08,1625449482.0,64.0
-17.38,1625449482.0,64.0
-5.41,1625449482.0,64.0
5.02,1625449482.0,64.0
12.82,1625449482.0,64.0
18.16,1625449482.0,64.0
22.32,1625449482.0,64.0
27.22,1625449482.0,64.0
34.56,1625449482.0,64.0
44.97,1625449482.0,64.0
57.64,1625449482.0,64.0
70.67,1625449482.0,64.0
81.95,1625449482.0,64.0
90.24,1625449482.0,64.0
95.72,1625449482.0,64.0
99.86,1625449482.0,64.0
104.72,1625449482.0,64.0
112.0,1625449482.0,64.0
122.46,1625449482.0,64.0
136.01,1625449482.0,64.0
151.84,1625449482.0,64.0
168.63,1625449482.0,64.0
184.35,1625449482.0,64.0
196.2,1625449482.0,64.0
200.93,1625449482.0,64.0
195.91,1625449482.0,64.0
180.1,1625449482.0,64.0
154.75,1625449482.0,64.0
122.94,1625449482.0,64.0
88.55,1625449482.0,64.0
54.72,1625449482.0,64.0
22.87,1625449482.0,64.0
-7.4,1625449482.0,64.0
-37.78,1625449482.0,64.0
-70.0,1625449482.0,64.0
-105.93,1625449482.0,64.0
-147.1,1625449482.0,64.0
-194.04,1625449482.0,64.0
-245.14,1625449482.0,64.0
-296.04,1625449482.0,64.0
-339.95,1625449482.0,64.0
-369.4,1625449482.0,64.0
-378.77,1625449482.0,64.0
-365.25,1625449482.0,64.0
-330.67,1625449482.0,64.0
-280.27,1625449482.0,64.0
-220.83,1625449482.0,64.0
-159.06,1625449482.0,64.0
-101.1,1625449482.0,64.0
-52.84,1625449482.0,64.0
-19.72,1625449482.0,64.0
-5.27,1625449482.0,64.0
-7.27,1625449482.0,64.0
-18.76,1625449482.0,64.0
-29.2,1625449482.0,64.0
-28.27,1625449482.0,64.0
-9.37,1625449482.0,64.0
28.5,1625449482.0,64.0
81.34,1625449482.0,64.0
142.06,1625449482.0,64.0
202.35,1625449482.0,64.0
256.07,1625449482.0,64.0
297.19,1625449482.0,64.0
320.53,1625449482.0,64.0
323.17,1625449482.0,64.0
306.71,1625449482.0,64.0
277.72,1625449482.0,64.0
245.77,1625449482.0,64.0
219.4,1625449482.0,64.0
188.53,1625449482.0,64.0
144.45,1625449482.0,64.0
81.43,1625449482.0,64.0
1.57,1625449482.0,64.0
-85.74,1625449482.0,64.0
-168.4,1625449482.0,64.0
-237.42,1625449482.0,64.0
-289.27,1625449482.0,64.0
-325.23,1625449482.0,64.0
-348.97,1625449482.0,64.0
-361.68,1625449482.0,64.0
-364.1,1625449482.0,64.0
-356.06,1625449482.0,64.0
-338.08,1625449482.0,64.0
-311.52,1625449482.0,64.0
-278.98,1625449482.0,64.0
-243.51,1625449482.0,64.0
-207.6,1625449482.0,64.0
-172.79,1625449482.0,64.0
-137.71,1625449482.0,64.0
-100.48,1625449482.0,64.0
-58.92,1625449482.0,64.0
-15.73,1625449482.0,64.0
26.52,1625449482.0,64.0
65.19,1625449482.0,64.0
98.27,1625449482.0,64.0
124.85,1625449482.0,64.0
145.39,1625449482.0,64.0
162.8,1625449482.0,64.0
180.43,1625449482.0,64.0
200.83,1625449482.0,64.0
224.04,1625449482.0,64.0
247.63,1625449482.0,64.0
266.7,1625449482.0,64.0
275.74,1625449482.0,64.0
270.93,1625449482.0,64.0
251.73,1625449482.0,64.0
221.64,1625449482.0,64.0
186.21,1625449482.0,64.0
150.84,1625449482.0,64.0
118.85,1625449482.0,64.0
91.51,1625449482.0,64.0
68.38,1625449482.0,64.0
48.61,1625449482.0,64.0
31.9,1625449482.0,64.0
18.37,1625449482.0,64.0
8.17,1625449482.0,64.0
0.63,1625449482.0,64.0
-5.68,1625449482.0,64.0
-12.47,1625449482.0,64.0
-20.5,1625449482.0,64.0
-29.49,1625449482.0,64.0
-38.25,1625449482.0,64.0
-45.33,1625449482.0,64.0
-49.77,1625449482.0,64.0
-51.55,1625449482.0,64.0
-51.51,1625449482.0,64.0
-50.95,1625449482.0,64.0
-51.08,1625449482.0,64.0
-52.44,1625449482.0,64.0
-54.95,1625449482.0,64.0
-58.18,1625449482.0,64.0
-61.64,1625449482.0,64.0
-65.23,1625449482.0,64.0
-69.35,1625449482.0,64.0
-74.73,1625449482.0,64.0
-81.93,1625449482.0,64.0
-90.77,1625449482.0,64.0
-99.85,1625449482.0,64.0
-106.69,1625449482.0,64.0
-108.37,1625449482.0,64.0
-102.53,1625449482.0,64.0
-88.38,1625449482.0,64.0
-66.92,1625449482.0,64.0
-40.61,1625449482.0,64.0
-12.38,1625449482.0,64.0
15.32,1625449482.0,64.0
40.97,1625449482.0,64.0
63.92,1625449482.0,64.0
83.76,1625449482.0,64.0
99.83,1625449482.0,64.0
111.03,1625449482.0,64.0
116.14,1625449482.0,64.0
114.34,1625449482.0,64.0
105.7,1625449482.0,64.0
91.28,1625449482.0,64.0
72.92,1625449482.0,64.0
52.83,1625449482.0,64.0
33.15,1625449482.0,64.0
15.55,1625449482.0,64.0
1.09,1625449482.0,64.0
-9.82,1625449482.0,64.0
-17.35,1625449482.0,64.0
-22.07,1625449482.0,64.0
-24.71,1625449482.0,64.0
-26.05,1625449482.0,64.0
-26.84,1625449482.0,64.0
-27.78,1625449482.0,64.0
-29.42,1625449482.0,64.0
-32.07,1625449482.0,64.0
-35.56,1625449482.0,64.0
-39.2,1625449482.0,64.0
-41.96,1625449482.0,64.0
-42.84,1625449482.0,64.0
-41.34,1625449482.0,64.0
-37.7,1625449482.0,64.0
-32.9,1625449482.0,64.0
-28.32,1625449482.0,64.0
-25.23,1625449482.0,64.0
-24.42,1625449482.0,64.0
-26.07,1625449482.0,64.0
-29.85,1625449482.0,64.0
-35.12,1625449482.0,64.0
-41.05,1625449482.0,64.0
-46.66,1625449482.0,64.0
-50.86,1625449482.0,64.0
-52.58,1625449482.0,64.0
-51.05,1625449482.0,64.0
-46.15,1625449482.0,64.0
-38.5,1625449482.0,64.0
-29.34,1625449482.0,64.0
-20.12,1625449482.0,64.0
-12.14,1625449482.0,64.0
-6.19,1625449482.0,64.0
-2.56,1625449482.0,64.0
-1.17,1625449482.0,64.0
-1.62,1625449482.0,64.0
-3.22,1625449482.0,64.0
-5.02,1625449482.0,64.0
-5.81,1625449482.0,64.0
-4.52,1625449482.0,64.0
-0.52,1625449482.0,64.0
6.01,1625449482.0,64.0
14.07,1625449482.0,64.0
22.17,1625449482.0,64.0
28.67,1625449482.0,64.0
32.31,1625449482.0,64.0
32.5,1625449482.0,64.0
29.29,1625449482.0,64.0
23.4,1625449482.0,64.0
16.07,1625449482.0,64.0
8.75,1625449482.0,64.0
2.9,1625449482.0,64.0
-0.39,1625449482.0,64.0
-0.7,1625449482.0,64.0
1.65,1625449482.0,64.0
5.75,1625449482.0,64.0
10.36,1625449482.0,64.0
14.28,1625449482.0,64.0
16.46,1625449482.0,64.0
16.18,1625449482.0,64.0
13.03,1625449482.0,64.0
7.04,1625449482.0,64.0
-1.18,1625449482.0,64.0
-10.57,1625449482.0,64.0
-19.7,1625449482.0,64.0
-27.16,1625449482.0,64.0
-31.96,1625449482.0,64.0
-33.79,1625449482.0,64.0
-32.98,1625449482.0,64.0
-30.3,1625449482.0,64.0
-26.51,1625449482.0,64.0
-22.27,1625449482.0,64.0
-18.11,1625449482.0,64.0
-14.51,1625449482.0,64.0
-12.02,1625449482.0,64.0
-11.04,1625449482.0,64.0
-11.65,1625449482.0,64.0
-13.37,1625449482.0,64.0
-15.24,1625449482.0,64.0
-16.13,1625449482.0,64.0
-15.17,1625449482.0,64.0
-12.18,1625449482.0,64.0
-7.57,1625449482.0,64.0
-2.18,1625449482.0,64.0
3.26,1625449482.0,64.0
8.33,1625449482.0,64.0
12.97,1625449482.0,64.0
17.21,1625449482.0,64.0
20.95,1625449482.0,64.0
23.93,1625449482.0,64.0
25.75,1625449482.0,64.0
26.27,1625449482.0,64.0
25.63,1625449482.0,64.0
24.29,1625449482.0,64.0
22.84,1625449482.0,64.0
21.74,1625449482.0,64.0
21.18,1625449482.0,64.0
21.02,1625449482.0,64.0
20.97,1625449482.0,64.0
20.67,1625449482.0,64.0
19.88,1625449482.0,64.0
18.5,1625449482.0,64.0
16.6,1625449482.0,64.0
14.39,1625449482.0,64.0
12.11,1625449482.0,64.0
10.02,1625449482.0,64.0
8.22,1625449482.0,64.0
6.68,1625449482.0,64.0
5.14,1625449482.0,64.0
3.28,1625449482.0,64.0
0.81,1625449482.0,64.0
-2.29,1625449482.0,64.0
-5.85,1625449482.0,64.0
-9.5,1625449482.0,64.0
-12.89,1625449482.0,64.0
-15.79,1625449482.0,64.0
-18.1,1625449482.0,64.0
-19.83,1625449482.0,64.0
-20.99,1625449482.0,64.0
-21.55,1625449482.0,64.0
-21.5,1625449482.0,64.0
-20.87,1625449482.0,64.0
-19.74,1625449482.0,64.0
-18.15,1625449482.0,64.0
-16.09,1625449482.0,64.0
-13.44,1625449482.0,64.0
-10.02,1625449482.0,64.0
-5.81,1625449482.0,64.0
-1.01,1625449482.0,64.0
3.94,1625449482.0,64.0
8.43,1625449482.0,64.0
11.95,1625449482.0,64.0
14.26,1625449482.0,64.0
15.44,1625449482.0,64.0
15.86,1625449482.0,64.0
15.95,1625449482.0,64.0
16.1,1625449482.0,64.0
16.46,1625449482.0,64.0
17.01,1625449482.0,64.0
17.58,1625449482.0,64.0
17.91,1625449482.0,64.0
17.86,1625449482.0,64.0
17.39,1625449482.0,64.0
16.62,1625449482.0,64.0
15.7,1625449482.0,64.0
14.8,1625449482.0,64.0
13.99,1625449482.0,64.0
13.16,1625449482.0,64.0
12.18,1625449482.0,64.0
10.88,1625449482.0,64.0
9.18,1625449482.0,64.0
7.2,1625449482.0,64.0
5.13,1625449482.0,64.0
3.14,1625449482.0,64.0
1.31,1625449482.0,64.0
-0.45,1625449482.0,64.0
-2.32,1625449482.0,64.0
-4.46,1625449482.0,64.0
-6.95,1625449482.0,64.0
-9.71,1625449482.0,64.0
-12.59,1625449482.0,64.0
-15.43,1625449482.0,64.0
-18.05,1625449482.0,64.0
-20.3,1625449482.0,64.0
-22.03,1625449482.0,64.0
-23.13,1625449482.0,64.0
-23.51,1625449482.0,64.0
-23.24,1625449482.0,64.0
-22.44,1625449482.0,64.0
-21.27,1625449482.0,64.0
-19.82,1625449482.0,64.0
-18.06,1625449482.0,64.0
-15.84,1625449482.0,64.0
-12.95,1625449482.0,64.0
-9.3,1625449482.0,64.0
-4.96,1625449482.0,64.0
-0.32,1625449482.0,64.0
4.06,1625449482.0,64.0
7.62,1625449482.0,64.0
10.03,1625449482.0,64.0
11.36,1625449482.0,64.0
12.03,1625449482.0,64.0
12.63,1625449482.0,64.0
13.58,1625449482.0,64.0
14.91,1625449482.0,64.0
16.31,1625449482.0,64.0
17.21,1625449482.0,64.0
17.22,1625449482.0,64.0
16.26,1625449482.0,64.0
14.68,1625449482.0,64.0
13.04,1625449482.0,64.0
11.8,1625449482.0,64.0
11.14,1625449482.0,64.0
10.89,1625449482.0,64.0
10.66,1625449482.0,64.0
10.09,1625449482.0,64.0
9.04,1625449482.0,64.0
7.6,1625449482.0,64.0
6.01,1625449482.0,64.0
4.48,1625449482.0,64.0
3.08,1625449482.0,64.0
1.71,1625449482.0,64.0
0.18,1625449482.0,64.0
-1.68,1625449482.0,64.0
-3.91,1625449482.0,64.0
-6.46,1625449482.0,64.0
-9.22,1625449482.0,64.0
-12.05,1625449482.0,64.0
-14.85,1625449482.0,64.0
-17.56,1625449482.0,64.0
-20.02,1625449482.0,64.0
-22.03,1625449482.0,64.0
-23.3,1625449482.0,64.0
-23.53,1625449482.0,64.0
-22.62,1625449482.0,64.0
-20.68,1625449482.0,64.0
-18.08,1625449482.0,64.0
-15.32,1625449482.0,64.0
-12.83,1625449482.0,64.0
-10.79,1625449482.0,64.0
-9.09,1625449482.0,64.0
-7.42,1625449482.0,64.0
-5.45,1625449482.0,64.0
-3.04,1625449482.0,64.0
-0.35,1625449482.0,64.0
2.34,1625449482.0,64.0
4.74,1625449482.0,64.0
6.76,1625449482.0,64.0
8.51,1625449482.0,64.0
10.17,1625449482.0,64.0
11.88,1625449482.0,64.0
13.58,1625449482.0,64.0
15.04,1625449482.0,64.0
15.96,1625449482.0,64.0
16.11,1625449482.0,64.0
15.42,1625449482.0,64.0
14.03,1625449482.0,64.0
12.23,1625449482.0,64.0
10.36,1625449482.0,64.0
8.72,1625449482.0,64.0
7.49,1625449482.0,64.0
6.72,1625449482.0,64.0
6.25,1625449482.0,64.0
5.83,1625449482.0,64.0
5.19,1625449482.0,64.0
4.13,1625449482.0,64.0
2.7,1625449482.0,64.0
1.09,1625449482.0,64.0
-0.46,1625449482.0,64.0
-1.82,1625449482.0,64.0
-3.06,1625449482.0,64.0
-4.44,1625449482.0,64.0
-6.21,1625449482.0,64.0
-8.46,1625449482.0,64.0
-11.07,1625449482.0,64.0
-13.73,1625449482.0,64.0
-16.2,1625449482.0,64.0
-18.35,1625449482.0,64.0
-20.26,1625449482.0,64.0
-22.03,1625449482.0,64.0
-23.61,1625449482.0,64.0
-24.78,1625449482.0,64.0
-25.17,1625449482.0,64.0
-24.51,1625449482.0,64.0
-22.73,1625449482.0,64.0
-20.04,1625449482.0,64.0
-16.8,1625449482.0,64.0
-13.34,1625449482.0,64.0
-9.89,1625449482.0,64.0
-6.58,1625449482.0,64.0
-3.54,1625449482.0,64.0
-0.92,1625449482.0,64.0
1.13,1625449482.0,64.0
2.54,1625449482.0,64.0
3.41,1625449482.0,64.0
3.98,1625449482.0,64.0
4.56,1625449482.0,64.0
5.34,1625449482.0,64.0
6.31,1625449482.0,64.0
7.31,1625449482.0,64.0
8.1,1625449482.0,64.0
8.49,1625449482.0,64.0
8.45,1625449482.0,64.0
8.08,1625449482.0,64.0
7.52,1625449482.0,64.0
6.86,1625449482.0,64.0
6.15,1625449482.0,64.0
5.37,1625449482.0,64.0
4.57,1625449482.0,64.0
3.8,1625449482.0,64.0
3.19,1625449482.0,64.0
2.88,1625449482.0,64.0
2.95,1625449482.0,64.0
3.4,1625449482.0,64.0
4.13,1625449482.0,64.0
4.93,1625449482.0,64.0
5.54,1625449482.0,64.0
5.7,1625449482.0,64.0
5.2,1625449482.0,64.0
3.97,1625449482.0,64.0
2.1,1625449482.0,64.0
-0.24,1625449482.0,64.0
-2.74,1625449482.0,64.0
-5.12,1625449482.0,64.0
-7.13,1625449482.0,64.0
-8.59,1625449482.0,64.0
-9.36,1625449482.0,64.0
-9.39,1625449482.0,64.0
-8.67,1625449482.0,64.0
-7.3,1625449482.0,64.0
-5.42,1625449482.0,64.0
-3.23,1625449482.0,64.0
-0.9,1625449482.0,64.0
1.45,1625449482.0,64.0
3.68,1625449482.0,64.0
5.69,1625449482.0,64.0
7.35,1625449482.0,64.0
8.62,1625449482.0,64.0
9.58,1625449482.0,64.0
10.47,1625449482.0,64.0
11.52,1625449482.0,64.0
12.89,1625449482.0,64.0
14.48,1625449482.0,64.0
15.97,1625449482.0,64.0
16.99,1625449482.0,64.0
17.31,1625449482.0,64.0
16.97,1625449482.0,64.0
16.28,1625449482.0,64.0
15.51,1625449482.0,64.0
14.78,1625449482.0,64.0
13.92,1625449482.0,64.0
12.62,1625449482.0,64.0
10.66,1625449482.0,64.0
8.12,1625449482.0,64.0
5.36,1625449482.0,64.0
2.81,1625449482.0,64.0
0.79,1625449482.0,64.0
-0.72,1625449482.0,64.0
-2.02,1625449482.0,64.0
-3.45,1625449482.0,64.0
-5.24,1625449482.0,64.0
-7.39,1625449482.0,64.0
-9.71,1625449482.0,64.0
-12.05,1625449482.0,64.0
-14.33,1625449482.0,64.0
-16.58,1625449482.0,64.0
-18.81,1625449482.0,64.0
-20.89,1625449482.0,64.0
-22.52,1625449482.0,64.0
-23.37,1625449482.0,64.0
-23.18,1625449482.0,64.0
-21.9,1625449482.0,64.0
-19.7,1625449482.0,64.0
-16.86,1625449482.0,64.0
-13.61,1625449482.0,64.0
-10.09,1625449482.0,64.0
-6.41,1625449482.0,64.0
-2.67,1625449482.0,64.0
0.9,1625449482.0,64.0
4.02,1625449482.0,64.0
6.43,1625449482.0,64.0
8.08,1625449482.0,64.0
9.11,1625449482.0,64.0
9.84,1625449482.0,64.0
10.58,1625449482.0,64.0
11.54,1625449482.0,64.0
12.67,1625449482.0,64.0
13.75,1625449482.0,64.0
14.53,1625449482.0,64.0
14.78,1625449482.0,64.0
14.46,1625449482.0,64.0
13.64,1625449482.0,64.0
12.51,1625449482.0,64.0
11.2,1625449482.0,64.0
9.82,1625449482.0,64.0
8.38,1625449482.0,64.0
6.87,1625449482.0,64.0
5.27,1625449482.0,64.0
3.59,1625449482.0,64.0
1.86,1625449482.0,64.0
0.08,1625449482.0,64.0
-1.73,1625449482.0,64.0
-3.66,1625449482.0,64.0
-5.81,1625449482.0,64.0
-8.31,1625449482.0,64.0
-11.23,1625449482.0,64.0
-14.5,1625449482.0,64.0
-17.86,1625449482.0,64.0
-20.89,1625449482.0,64.0
-23.17,1625449482.0,64.0
-24.39,1625449482.0,64.0
-24.46,1625449482.0,64.0
-23.57,1625449482.0,64.0
-22.03,1625449482.0,64.0
-20.14,1625449482.0,64.0
-17.99,1625449482.0,64.0
-15.46,1625449482.0,64.0
-12.31,1625449482.0,64.0
-8.42,1625449482.0,64.0
-3.9,1625449482.0,64.0
0.8,1625449482.0,64.0
5.09,1625449482.0,64.0
8.55,1625449482.0,64.0
11.05,1625449482.0,64.0
12.83,1625449482.0,64.0
14.3,1625449482.0,64.0
15.78,1625449482.0,64.0
17.33,1625449482.0,64.0
18.71,1625449482.0,64.0
19.61,1625449482.0,64.0
19.81,1625449482.0,64.0
19.34,1625449482.0,64.0
18.45,1625449482.0,64.0
17.48,1625449482.0,64.0
16.64,1625449482.0,64.0
15.93,1625449482.0,64.0
15.13,1625449482.0,64.0
14.03,1625449482.0,64.0
12.5,1625449482.0,64.0
10.59,1625449482.0,64.0
8.55,1625449482.0,64.0
6.59,1625449482.0,64.0
4.88,1625449482.0,64.0
3.37,1625449482.0,64.0
1.88,1625449482.0,64.0
0.14,1625449482.0,64.0
-2.06,1625449482.0,64.0
-4.75,1625449482.0,64.0
-7.81,1625449482.0,64.0
-10.98,1625449482.0,64.0
-13.96,1625449482.0,64.0
-16.51,1625449482.0,64.0
-18.43,1625449482.0,64.0
-19.63,1625449482.0,64.0
-20.08,1625449482.0,64.0
-19.78,1625449482.0,64.0
-18.8,1625449482.0,64.0
-17.2,1625449482.0,64.0
-15.07,1625449482.0,64.0
-12.48,1625449482.0,64.0
-9.48,1625449482.0,64.0
-6.15,1625449482.0,64.0
-2.66,1625449482.0,64.0
0.75,1625449482.0,64.0
3.76,1625449482.0,64.0
6.08,1625449482.0,64.0
7.56,1625449482.0,64.0
8.33,1625449482.0,64.0
8.67,1625449482.0,64.0
8.97,1625449482.0,64.0
9.53,1625449482.0,64.0
10.47,1625449482.0,64.0
11.7,1625449482.0,64.0
13.06,1625449482.0,64.0
14.36,1625449482.0,64.0
15.48,1625449482.0,64.0
16.39,1625449482.0,64.0
17.12,1625449482.0,64.0
17.71,1625449482.0,64.0
18.19,1625449482.0,64.0
18.53,1625449482.0,64.0
18.61,1625449482.0,64.0
18.28,1625449482.0,64.0
17.38,1625449482.0,64.0
15.84,1625449482.0,64.0
13.74,1625449482.0,64.0
11.29,1625449482.0,64.0
8.77,1625449482.0,64.0
6.37,1625449482.0,64.0
4.14,1625449482.0,64.0
1.95,1625449482.0,64.0
-0.41,1625449482.0,64.0
-3.08,1625449482.0,64.0
-6.12,1625449482.0,64.0
-9.43,1625449482.0,64.0
-12.84,1625449482.0,64.0
-16.1,1625449482.0,64.0
-18.94,1625449482.0,64.0
-21.17,1625449482.0,64.0
-22.68,1625449482.0,64.0
-23.54,1625449482.0,64.0
-23.91,1625449482.0,64.0
-23.98,1625449482.0,64.0
-23.8,1625449482.0,64.0
-23.21,1625449482.0,64.0
-21.89,1625449482.0,64.0
-19.53,1625449482.0,64.0
-15.98,1625449482.0,64.0
-11.34,1625449482.0,64.0
-5.95,1625449482.0,64.0
-0.19,1625449482.0,64.0
5.61,1625449482.0,64.0
11.19,1625449482.0,64.0
16.38,1625449482.0,64.0
20.98,1625449482.0,64.0
24.77,1625449482.0,64.0
27.56,1625449482.0,64.0
29.28,1625449482.0,64.0
29.94,1625449482.0,64.0
29.68,1625449482.0,64.0
28.7,1625449482.0,64.0
27.16,1625449482.0,64.0
25.25,1625449482.0,64.0
23.08,1625449482.0,64.0
20.75,1625449482.0,64.0
18.3,1625449482.0,64.0
15.78,1625449482.0,64.0
13.14,1625449482.0,64.0
10.37,1625449482.0,64.0
7.46,1625449482.0,64.0
4.42,1625449482.0,64.0
1.39,1625449482.0,64.0
-1.44,1625449482.0,64.0
-3.8,1625449482.0,64.0
-5.45,1625449482.0,64.0
-6.25,1625449482.0,64.0
-6.24,1625449482.0,64.0
-5.67,1625449482.0,64.0
-4.92,1625449482.0,64.0
-4.4,1625449482.0,64.0
-4.46,1625449482.0,64.0
-5.26,1625449482.0,64.0
-6.84,1625449482.0,64.0
-9.08,1625449482.0,64.0
-11.8,1625449482.0,64.0
-14.67,1625449482.0,64.0
-17.37,1625449482.0,64.0
-19.55,1625449482.0,64.0
-20.95,1625449482.0,64.0
-21.45,1625449482.0,64.0
-21.07,1625449482.0,64.0
-19.85,1625449482.0,64.0
-17.8,1625449482.0,64.0
-14.9,1625449482.0,64.0
-11.08,1625449482.0,64.0
-6.49,1625449482.0,64.0
-1.45,1625449482.0,64.0
3.46,1625449482.0,64.0
7.67,1625449482.0,64.0
10.82,1625449482.0,64.0
12.91,1625449482.0,64.0
14.29,1625449482.0,64.0
15.45,1625449482.0,64.0
16.8,1625449482.0,64.0
18.46,1625449482.0,64.0
20.27,1625449482.0,64.0
21.8,1625449482.0,64.0
22.64,1625449482.0,64.0
22.53,1625449482.0,64.0
21.42,1625449482.0,64.0
19.56,1625449482.0,64.0
17.31,1625449482.0,64.0
15.05,1625449482.0,64.0
13.03,1625449482.0,64.0
11.31,1625449482.0,64.0
9.82,1625449482.0,64.0
8.39,1625449482.0,64.0
6.92,1625449482.0,64.0
5.43,1625449482.0,64.0
4.11,1625449482.0,64.0
3.12,1625449482.0,64.0
2.52,1625449482.0,64.0
2.12,1625449482.0,64.0
1.57,1625449482.0,64.0
0.45,1625449482.0,64.0
-1.42,1625449482.0,64.0
-3.88,1625449482.0,64.0
-6.44,1625449482.0,64.0
-8.44,1625449482.0,64.0
-9.46,1625449482.0,64.0
-9.51,1625449482.0,64.0
-9.13,1625449482.0,64.0
-9.22,1625449482.0,64.0
-10.6,1625449482.0,64.0
-13.6,1625449482.0,64.0
-17.77,1625449482.0,64.0
-21.97,1625449482.0,64.0
-24.76,1625449482.0,64.0
-24.99,1625449482.0,64.0
-22.33,1625449482.0,64.0
-17.46,1625449482.0,64.0
-11.82,1625449482.0,64.0
-6.98,1625449482.0,64.0
-3.94,1625449482.0,64.0
-2.62,1625449482.0,64.0
-1.94,1625449482.0,64.0
-0.37,1625449482.0,64.0
3.42,1625449482.0,64.0
9.74,1625449482.0,64.0
17.88,1625449482.0,64.0
26.36,1625449482.0,64.0
33.56,1625449482.0,64.0
38.19,1625449482.0,64.0
39.61,1625449482.0,64.0
37.92,1625449482.0,64.0
34.25,1625449482.0,64.0
30.88,1625449482.0,64.0
30.99,1625449482.0,64.0
37.63,1625449482.0,64.0
52.07,1625449482.0,64.0
72.26,1625449482.0,64.0
92.35,1625449482.0,64.0
104.11,1625449482.0,64.0
100.04,1625449482.0,64.0
76.69,1625449482.0,64.0
36.59,1625449482.0,64.0
-12.24,1625449482.0,64.0
-59.03,1625449482.0,64.0
-94.1,1625449482.0,64.0
-111.65,1625449482.0,64.0
-110.85,1625449482.0,64.0
-94.99,1625449482.0,64.0
-69.67,1625449482.0,64.0
-41.09,1625449482.0,64.0
-14.7,1625449482.0,64.0
5.44,1625449482.0,64.0
17.12,1625449482.0,64.0
20.05,1625449482.0,64.0
15.55,1625449482.0,64.0
6.26,1625449482.0,64.0
-4.87,1625449482.0,64.0
-15.21,1625449482.0,64.0
-23.04,1625449482.0,64.0
-27.71,1625449482.0,64.0
-29.48,1625449482.0,64.0
-29.17,1625449482.0,64.0
-27.95,1625449482.0,64.0
-26.92,1625449482.0,64.0
-26.84,1625449482.0,64.0
-27.82,1625449482.0,64.0
-29.27,1625449482.0,64.0
-30.03,1625449482.0,64.0
-28.89,1625449482.0,64.0
-25.12,1625449482.0,64.0
-18.87,1625449482.0,64.0
-11.22,1625449482.0,64.0
-3.74,1625449482.0,64.0
1.94,1625449482.0,64.0
4.76,1625449482.0,64.0
4.55,1625449482.0,64.0
2.0,1625449482.0,64.0
-1.58,1625449482.0,64.0
-4.75,1625449482.0,64.0
-6.39,1625449482.0,64.0
-6.06,1625449482.0,64.0
-3.98,1625449482.0,64.0
-0.89,1625449482.0,64.0
2.36,1625449482.0,64.0
5.1,1625449482.0,64.0
7.07,1625449482.0,64.0
8.36,1625449482.0,64.0
9.22,1625449482.0,64.0
9.86,1625449482.0,64.0
10.26,1625449482.0,64.0
10.26,1625449482.0,64.0
9.62,1625449482.0,64.0
8.23,1625449482.0,64.0
6.25,1625449482.0,64.0
4.05,1625449482.0,64.0
2.11,1625449482.0,64.0
0.7,1625449482.0,64.0
-0.2,1625449482.0,64.0
-0.92,1625449482.0,64.0
-1.96,1625449482.0,64.0
-3.72,1625449482.0,64.0
-6.35,1625449482.0,64.0
-9.65,1625449482.0,64.0
-13.22,1625449482.0,64.0
-16.56,1625449482.0,64.0
-19.31,1625449482.0,64.0
-21.28,1625449482.0,64.0
-22.45,1625449482.0,64.0
-22.92,1625449482.0,64.0
-22.82,1625449482.0,64.0
-22.24,1625449482.0,64.0
-21.23,1625449482.0,64.0
-19.73,1625449482.0,64.0
-17.61,1625449482.0,64.0
-14.76,1625449482.0,64.0
-11.16,1625449482.0,64.0
-6.96,1625449482.0,64.0
-2.55,1625449482.0,64.0
1.58,1625449482.0,64.0
4.99,1625449482.0,64.0
7.45,1625449482.0,64.0
8.97,1625449482.0,64.0
9.8,1625449482.0,64.0
10.23,1625449482.0,64.0
10.53,1625449482.0,64.0
10.84,1625449482.0,64.0
11.18,1625449482.0,64.0
11.57,1625449482.0,64.0
12.02,1625449482.0,64.0
12.53,1625449482.0,64.0
13.1,1625449482.0,64.0
13.65,1625449482.0,64.0
14.02,1625449482.0,64.0
14.04,1625449482.0,64.0
13.56,1625449482.0,64.0
12.57,1625449482.0,64.0
11.23,1625449482.0,64.0
9.8,1625449482.0,64.0
8.56,1625449482.0,64.0
7.66,1625449482.0,64.0
6.96,1625449482.0,64.0
6.13,1625449482.0,64.0
4.71,1625449482.0,64.0
2.42,1625449482.0,64.0
-0.7,1625449482.0,64.0
-4.27,1625449482.0,64.0
-7.71,1625449482.0,64.0
-10.56,1625449482.0,64.0
-12.64,1625449482.0,64.0
-14.11,1625449482.0,64.0
-15.28,1625449482.0,64.0
-16.35,1625449482.0,64.0
-17.28,1625449482.0,64.0
-17.84,1625449482.0,64.0
-17.77,1625449482.0,64.0
-17.04,1625449482.0,64.0
-15.79,1625449482.0,64.0
-14.26,1625449482.0,64.0
-12.6,1625449482.0,64.0
-10.74,1625449482.0,64.0
-8.48,1625449482.0,64.0
-5.66,1625449482.0,64.0
-2.36,1625449482.0,64.0
1.12,1625449482.0,64.0
4.36,1625449482.0,64.0
7.0,1625449482.0,64.0
8.93,1625449482.0,64.0
10.3,1625449482.0,64.0
11.38,1625449482.0,64.0
12.46,1625449482.0,64.0
13.68,1625449482.0,64.0
15.0,1625449482.0,64.0
16.2,1625449482.0,64.0
17.06,1625449482.0,64.0
17.36,1625449482.0,64.0
17.04,1625449482.0,64.0
16.2,1625449482.0,64.0
15.08,1625449482.0,64.0
13.91,1625449482.0,64.0
12.9,1625449482.0,64.0
12.09,1625449482.0,64.0
11.37,1625449482.0,64.0
10.55,1625449482.0,64.0
9.41,1625449482.0,64.0
7.87,1625449482.0,64.0
6.02,1625449482.0,64.0
4.06,1625449482.0,64.0
2.22,1625449482.0,64.0
0.59,1625449482.0,64.0
-0.88,1625449482.0,64.0
-2.39,1625449482.0,64.0
-4.11,1625449482.0,64.0
-6.06,1625449482.0,64.0
-8.12,1625449482.0,64.0
-10.07,1625449482.0,64.0
-11.77,1625449482.0,64.0
-13.23,1625449482.0,64.0
-14.56,1625449482.0,64.0
-15.86,1625449482.0,64.0
-17.08,1625449482.0,64.0
-18.0,1625449482.0,64.0
-18.33,1625449482.0,64.0
-17.92,1625449482.0,64.0
-16.79,1625449482.0,64.0
-15.1,1625449482.0,64.0
-12.98,1625449482.0,64.0
-10.5,1625449482.0,64.0
-7.62,1625449482.0,64.0
-4.37,1625449482.0,64.0
-0.93,1625449482.0,64.0
2.33,1625449482.0,64.0
5.04,1625449482.0,64.0
7.0,1625449482.0,64.0
8.24,1625449482.0,64.0
9.03,1625449482.0,64.0
9.68,1625449482.0,64.0
10.42,1625449482.0,64.0
11.25,1625449482.0,64.0
12.02,1625449482.0,64.0
12.54,1625449482.0,64.0
12.66,1625449482.0,64.0
12.32,1625449482.0,64.0
11.58,1625449482.0,64.0
10.55,1625449482.0,64.0
9.36,1625449482.0,64.0
8.19,1625449482.0,64.0
7.16,1625449482.0,64.0
6.33,1625449482.0,64.0
5.69,1625449482.0,64.0
5.08,1625449482.0,64.0
4.36,1625449482.0,64.0
3.4,1625449482.0,64.0
2.22,1625449482.0,64.0
0.95,1625449482.0,64.0
-0.22,1625449482.0,64.0
-1.17,1625449482.0,64.0
-1.93,1625449482.0,64.0
-2.65,1625449482.0,64.0
-3.58,1625449482.0,64.0
-4.89,1625449482.0,64.0
-6.64,1625449482.0,64.0
-8.73,1625449482.0,64.0
-10.99,1625449482.0,64.0
-13.18,1625449482.0,64.0
-15.06,1625449482.0,64.0
-16.44,1625449482.0,64.0
-17.19,1625449482.0,64.0
-17.27,1625449482.0,64.0
-16.77,1625449482.0,64.0
-15.82,1625449482.0,64.0
-14.54,1625449482.0,64.0
-12.93,1625449482.0,64.0
-10.9,1625449482.0,64.0
-8.29,1625449482.0,64.0
-5.09,1625449482.0,64.0
-1.6,1625449482.0,64.0
1.66,1625449482.0,64.0
4.06,1625449482.0,64.0
5.27,1625449482.0,64.0
5.45,1625449482.0,64.0
5.31,1625449482.0,64.0
5.73,1625449482.0,64.0
7.36,1625449482.0,64.0
10.21,1625449482.0,64.0
13.59,1625449482.0,64.0
16.44,1625449482.0,64.0
17.82,1625449482.0,64.0
17.49,1625449482.0,64.0
16.04,1625449482.0,64.0
14.7,1625449482.0,64.0
14.79,1625449482.0,64.0
17.05,1625449482.0,64.0
21.2,1625449482.0,64.0
26.06,1625449482.0,64.0
30.03,1625449482.0,64.0
31.82,1625449482.0,64.0
31.08,1625449482.0,64.0
28.5,1625449482.0,64.0
25.54,1625449482.0,64.0
23.76,1625449482.0,64.0
24.33,1625449482.0,64.0
27.77,1625449482.0,64.0
33.93,1625449482.0,64.0
42.09,1625449482.0,64.0
50.75,1625449482.0,64.0
57.69,1625449482.0,64.0
60.33,1625449482.0,64.0
56.52,1625449482.0,64.0
45.71,1625449482.0,64.0
29.54,1625449482.0,64.0
11.67,1625449482.0,64.0
-3.77,1625449482.0,64.0
-13.93,1625449482.0,64.0
-18.61,1625449482.0,64.0
-20.02,1625449482.0,64.0
-21.39,1625449482.0,64.0
-25.19,1625449482.0,64.0
-32.05,1625449482.0,64.0
-40.83,1625449482.0,64.0
-49.74,1625449482.0,64.0
-57.46,1625449482.0,64.0
-63.6,1625449482.0,64.0
-68.41,1625449482.0,64.0
-72.34,1625449482.0,64.0
-75.52,1625449482.0,64.0
-77.67,1625449482.0,64.0
-78.13,1625449482.0,64.0
-76.1,1625449482.0,64.0
-70.92,1625449482.0,64.0
-62.53,1625449482.0,64.0
-51.78,1625449482.0,64.0
-40.53,1625449482.0,64.0
-31.27,1625449482.0,64.0
-26.24,1625449482.0,64.0
-26.34,1625449482.0,64.0
-30.64,1625449482.0,64.0
-36.99,1625449482.0,64.0
-43.09,1625449482.0,64.0
-47.61,1625449482.0,64.0
-50.84,1625449482.0,64.0
-54.03,1625449482.0,64.0
-58.19,1625449482.0,64.0
-63.08,1625449482.0,64.0
-66.83,1625449482.0,64.0
-66.72,1625449482.0,64.0
-60.46,1625449482.0,64.0
-47.22,1625449482.0,64.0
-27.98,1625449482.0,64.0
-5.23,1625449482.0,64.0
17.93,1625449482.0,64.0
38.89,1625449482.0,64.0
56.02,1625449482.0,64.0
68.87,1625449482.0,64.0
77.86,1625449482.0,64.0
83.8,1625449482.0,64.0
87.5,1625449482.0,64.0
89.58,1625449482.0,64.0
90.47,1625449482.0,64.0
90.49,1625449482.0,64.0
89.89,1625449482.0,64.0
88.66,1625449482.0,64.0
86.56,1625449482.0,64.0
82.98,1625449482.0,64.0
76.82,1625449482.0,64.0
66.61,1625449482.0,64.0
50.83,1625449482.0,64.0
28.72,1625449482.0,64.0
1.19,1625449482.0,64.0
-28.77,1625449482.0,64.0
-56.52,1625449482.0,64.0
-76.83,1625449482.0,64.0
-85.95,1625449482.0,64.0
-83.08,1625449482.0,64.0
-70.89,1625449482.0,64.0
-54.65,1625449482.0,64.0
-40.21,1625449482.0,64.0
-31.95,1625449482.0,64.0
-31.52,1625449482.0,64.0
-37.67,1625449482.0,64.0
-46.97,1625449482.0,64.0
-55.15,1625449482.0,64.0
-58.18,1625449482.0,64.0
-53.16,1625449482.0,64.0
-38.96,1625449482.0,64.0
-16.56,1625449482.0,64.0
11.13,1625449482.0,64.0
39.92,1625449482.0,64.0
65.54,1625449482.0,64.0
84.59,1625449482.0,64.0
95.22,1625449482.0,64.0
97.04,1625449482.0,64.0
90.93,1625449482.0,64.0
78.4,1625449482.0,64.0
61.48,1625449482.0,64.0
42.59,1625449482.0,64.0
24.19,1625449482.0,64.0
8.36,1625449482.0,64.0
-3.71,1625449482.0,64.0
-11.97,1625449482.0,64.0
-17.33,1625449482.0,64.0
-20.92,1625449482.0,64.0
-23.67,1625449482.0,64.0
-25.95,1625449482.0,64.0
-27.62,1625449482.0,64.0
-28.39,1625449482.0,64.0
-28.11,1625449482.0,64.0
-26.82,1625449482.0,64.0
-24.66,1625449482.0,64.0
-21.89,1625449482.0,64.0
-18.71,1625449482.0,64.0
-15.4,1625449482.0,64.0
-12.11,1625449482.0,64.0
-8.88,1625449482.0,64.0
-5.78,1625449482.0,64.0
-3.11,1625449482.0,64.0
-1.23,1625449482.0,64.0
-0.41,1625449482.0,64.0
-0.54,1625449482.0,64.0
-0.77,1625449482.0,64.0
0.5,1625449482.0,64.0
5.51,1625449482.0,64.0
16.64,1625449482.0,64.0
35.45,1625449482.0,64.0
61.5,1625449482.0,64.0
91.92,1625449482.0,64.0
121.64,1625449482.0,64.0
144.74,1625449482.0,64.0
156.44,1625449482.0,64.0
154.5,1625449482.0,64.0
139.46,1625449482.0,64.0
113.35,1625449482.0,64.0
78.03,1625449482.0,64.0
34.65,1625449482.0,64.0
-15.46,1625449482.0,64.0
-69.05,1625449482.0,64.0
-119.93,1625449482.0,64.0
-159.82,1625449482.0,64.0
-181.42,1625449482.0,64.0
-181.53,1625449482.0,64.0
-162.42,1625449482.0,64.0
-130.26,1625449482.0,64.0
-91.72,1625449482.0,64.0
-51.3,1625449482.0,64.0
-11.13,1625449482.0,64.0
27.2,1625449482.0,64.0
60.27,1625449482.0,64.0
82.23,1625449482.0,64.0
87.15,1625449482.0,64.0
72.44,1625449482.0,64.0
41.38,1625449482.0,64.0
2.55,1625449482.0,64.0
-33.63,1625449482.0,64.0
-59.13,1625449482.0,64.0
-71.02,1625449482.0,64.0
-71.28,1625449482.0,64.0
-64.54,1625449482.0,64.0
-54.97,1625449482.0,64.0
-44.61,1625449482.0,64.0
-33.56,1625449482.0,64.0
-21.31,1625449482.0,64.0
-8.13,1625449482.0,64.0
4.58,1625449482.0,64.0
15.0,1625449482.0,64.0
21.93,1625449482.0,64.0
25.34,1625449482.0,64.0
26.3,1625449482.0,64.0
26.32,1625449482.0,64.0
26.44,1625449482.0,64.0
26.85,1625449482.0,64.0
26.97,1625449482.0,64.0
25.92,1625449482.0,64.0
23.15,1625449482.0,64.0
18.83,1625449482.0,64.0
13.89,1625449482.0,64.0
9.8,1625449482.0,64.0
7.88,1625449482.0,64.0
8.82,1625449482.0,64.0
12.34,1625449482.0,64.0
17.27,1625449482.0,64.0
22.02,1625449482.0,64.0
25.06,1625449482.0,64.0
25.55,1625449482.0,64.0
23.45,1625449482.0,64.0
19.51,1625449482.0,64.0
14.83,1625449482.0,64.0
10.46,1625449482.0,64.0
7.04,1625449482.0,64.0
4.76,1625449482.0,64.0
3.39,1625449482.0,64.0
2.5,1625449482.0,64.0
1.69,1625449482.0,64.0
0.69,1625449482.0,64.0
-0.63,1625449482.0,64.0
-2.26,1625449482.0,64.0
-4.13,1625449482.0,64.0
-6.12,1625449482.0,64.0
-8.03,1625449482.0,64.0
-9.65,1625449482.0,64.0
-10.76,1625449482.0,64.0
-11.2,1625449482.0,64.0
-10.9,1625449482.0,64.0
-9.95,1625449482.0,64.0
-8.51,1625449482.0,64.0
-6.8,1625449482.0,64.0
-5.0,1625449482.0,64.0
-3.18,1625449482.0,64.0
-1.35,1625449482.0,64.0
0.54,1625449482.0,64.0
2.48,1625449482.0,64.0
4.36,1625449482.0,64.0
5.99,1625449482.0,64.0
7.19,1625449482.0,64.0
7.82,1625449482.0,64.0
7.96,1625449482.0,64.0
7.82,1625449482.0,64.0
7.68,1625449482.0,64.0
7.76,1625449482.0,64.0
8.09,1625449482.0,64.0
8.47,1625449482.0,64.0
8.6,1625449482.0,64.0
8.24,1625449482.0,64.0
7.27,1625449482.0,64.0
5.83,1625449482.0,64.0
4.17,1625449482.0,64.0
2.55,1625449482.0,64.0
1.14,1625449482.0,64.0
-0.04,1625449482.0,64.0
-1.01,1625449482.0,64.0
-1.83,1625449482.0,64.0
-2.49,1625449482.0,64.0
-3.06,1625449482.0,64.0
-3.62,1625449482.0,64.0
-4.35,1625449482.0,64.0
-5.5,1625449482.0,64.0
-7.24,1625449482.0,64.0
-9.62,1625449482.0,64.0
-12.51,1625449482.0,64.0
-15.61,1625449482.0,64.0
-18.55,1625449482.0,64.0
-20.94,1625449482.0,64.0
-22.4,1625449482.0,64.0
-22.66,1625449482.0,64.0
-21.6,1625449482.0,64.0
-19.31,1625449482.0,64.0
-16.07,1625449482.0,64.0
-12.29,1625449482.0,64.0
-8.41,1625449482.0,64.0
-4.76,1625449482.0,64.0
-1.56,1625449482.0,64.0
1.07,1625449482.0,64.0
3.05,1625449482.0,64.0
4.31,1625449482.0,64.0
4.88,1625449482.0,64.0
4.85,1625449482.0,64.0
4.51,1625449482.0,64.0
4.16,1625449482.0,64.0
4.09,1625449482.0,64.0
4.32,1625449482.0,64.0
4.65,1625449482.0,64.0
4.66,1625449482.0,64.0
4.0,1625449482.0,64.0
2.53,1625449482.0,64.0
0.46,1625449482.0,64.0
-1.73,1625449482.0,64.0
-3.41,1625449482.0,64.0
-4.09,1625449482.0,64.0
-3.51,1625449482.0,64.0
-1.81,1625449482.0,64.0
0.61,1625449482.0,64.0
3.18,1625449482.0,64.0
5.31,1625449482.0,64.0
6.63,1625449482.0,64.0
7.01,1625449482.0,64.0
6.62,1625449482.0,64.0
5.76,1625449482.0,64.0
4.8,1625449482.0,64.0
3.98,1625449482.0,64.0
3.35,1625449482.0,64.0
2.73,1625449482.0,64.0
1.84,1625449482.0,64.0
0.38,1625449482.0,64.0
-1.79,1625449482.0,64.0
-4.57,1625449482.0,64.0
-7.65,1625449482.0,64.0
-10.57,1625449482.0,64.0
-12.91,1625449482.0,64.0
-14.45,1625449482.0,64.0
-15.22,1625449482.0,64.0
-15.39,1625449482.0,64.0
-15.07,1625449482.0,64.0
-14.16,1625449482.0,64.0
-12.4,1625449482.0,64.0
-9.59,1625449482.0,64.0
-5.8,1625449482.0,64.0
-1.58,1625449482.0,64.0
2.26,1625449482.0,64.0
4.94,1625449482.0,64.0
6.15,1625449482.0,64.0
6.15,1625449482.0,64.0
5.63,1625449482.0,64.0
5.33,1625449482.0,64.0
5.6,1625449482.0,64.0
6.25,1625449482.0,64.0
6.64,1625449482.0,64.0
6.04,1625449482.0,64.0
4.1,1625449482.0,64.0
1.11,1625449482.0,64.0
-2.09,1625449482.0,64.0
-4.35,1625449482.0,64.0
-4.75,1625449482.0,64.0
-3.07,1625449482.0,64.0
0.2,1625449482.0,64.0
3.95,1625449482.0,64.0
6.99,1625449482.0,64.0
8.42,1625449482.0,64.0
7.93,1625449482.0,64.0
5.72,1625449482.0,64.0
2.2,1625449482.0,64.0
-2.2,1625449482.0,64.0
-7.11,1625449482.0,64.0
-12.05,1625449482.0,64.0
-16.38,1625449482.0,64.0
-19.27,1625449482.0,64.0
-20.02,1625449482.0,64.0
-18.4,1625449482.0,64.0
-14.89,1625449482.0,64.0
-10.59,1625449482.0,64.0
-6.82,1625449482.0,64.0
-4.6,1625449482.0,64.0
-4.29,1625449482.0,64.0
-5.57,1625449482.0,64.0
-7.68,1625449482.0,64.0
-9.73,1625449482.0,64.0
-11.06,1625449482.0,64.0
-11.28,1625449482.0,64.0
-10.3,1625449482.0,64.0
-8.17,1625449482.0,64.0
-4.99,1625449482.0,64.0
-0.96,1625449482.0,64.0
3.64,1625449482.0,64.0
8.4,1625449482.0,64.0
12.79,1625449482.0,64.0
16.27,1625449482.0,64.0
18.34,1625449482.0,64.0
18.71,1625449482.0,64.0
17.36,1625449482.0,64.0
14.56,1625449482.0,64.0
10.82,1625449482.0,64.0
6.8,1625449482.0,64.0
3.25,1625449482.0,64.0
0.83,1625449482.0,64.0
-0.03,1625449482.0,64.0
0.77,1625449482.0,64.0
2.93,1625449482.0,64.0
5.78,1625449482.0,64.0
8.48,1625449482.0,64.0
10.16,1625449482.0,64.0
10.21,1625449482.0,64.0
8.36,1625449482.0,64.0
4.78,1625449482.0,64.0
-0.03,1625449482.0,64.0
-5.43,1625449482.0,64.0
-10.72,1625449482.0,64.0
-15.33,1625449482.0,64.0
-18.77,1625449482.0,64.0
-20.75,1625449482.0,64.0
-21.09,1625449482.0,64.0
-19.91,1625449482.0,64.0
-17.47,1625449482.0,64.0
-14.24,1625449482.0,64.0
-10.77,1625449482.0,64.0
-7.64,1625449482.0,64.0
-5.31,1625449482.0,64.0
-3.97,1625449482.0,64.0
-3.53,1625449482.0,64.0
-3.61,1625449482.0,64.0
-3.76,1625449482.0,64.0
-3.66,1625449482.0,64.0
-3.14,1625449482.0,64.0
-2.25,1625449482.0,64.0
-0.99,1625449482.0,64.0
0.68,1625449482.0,64.0
2.93,1625449482.0,64.0
5.86,1625449482.0,64.0
9.3,1625449482.0,64.0
12.76,1625449482.0,64.0
15.53,1625449482.0,64.0
17.01,1625449482.0,64.0
16.92,1625449482.0,64.0
15.52,1625449482.0,64.0
13.39,1625449482.0,64.0
11.24,1625449482.0,64.0
9.57,1625449482.0,64.0
8.52,1625449482.0,64.0
7.91,1625449482.0,64.0
7.4,1625449482.0,64.0
6.64,1625449482.0,64.0
5.32,1625449482.0,64.0
3.34,1625449482.0,64.0
0.66,1625449482.0,64.0
-2.57,1625449482.0,64.0
-6.05,1625449482.0,64.0
-9.39,1625449482.0,64.0
-12.17,1625449482.0,64.0
-14.11,1625449482.0,64.0
-15.12,1625449482.0,64.0
-15.36,1625449482.0,64.0
-15.14,1625449482.0,64.0
-14.85,1625449482.0,64.0
-14.75,1625449482.0,64.0
-14.94,1625449482.0,64.0
-15.37,1625449482.0,64.0
-15.84,1625449482.0,64.0
-16.1,1625449482.0,64.0
-15.87,1625449482.0,64.0
-14.9,1625449482.0,64.0
-12.99,1625449482.0,64.0
-10.16,1625449482.0,64.0
-6.62,1625449482.0,64.0
-2.81,1625449482.0,64.0
0.82,1625449482.0,64.0
3.98,1625449482.0,64.0
6.64,1625449482.0,64.0
8.98,1625449482.0,64.0
11.19,1625449482.0,64.0
13.35,1625449482.0,64.0
15.31,1625449482.0,64.0
16.78,1625449482.0,64.0
17.57,1625449482.0,64.0
17.6,1625449482.0,64.0
17.03,1625449482.0,64.0
16.08,1625449482.0,64.0
14.91,1625449482.0,64.0
13.58,1625449482.0,64.0
12.02,1625449482.0,64.0
10.23,1625449482.0,64.0
8.28,1625449482.0,64.0
6.36,1625449482.0,64.0
4.61,1625449482.0,64.0
3.09,1625449482.0,64.0
1.62,1625449482.0,64.0
-0.07,1625449482.0,64.0
-2.24,1625449482.0,64.0
-4.95,1625449482.0,64.0
-8.03,1625449482.0,64.0
-11.09,1625449482.0,64.0
-13.72,1625449482.0,64.0
-15.6,1625449482.0,64.0
-16.64,1625449482.0,64.0
-16.91,1625449482.0,64.0
-16.64,1625449482.0,64.0
-16.11,1625449482.0,64.0
-15.56,1625449482.0,64.0
-15.19,1625449482.0,64.0
-15.02,1625449482.0,64.0
-14.91,1625449482.0,64.0
-14.56,1625449482.0,64.0
-13.57,1625449482.0,64.0
-11.68,1625449482.0,64.0
-8.9,1625449482.0,64.0
-5.51,1625449482.0,64.0
-1.99,1625449482.0,64.0
1.24,1625449482.0,64.0
4.0,1625449482.0,64.0
6.4,1625449482.0,64.0
8.68,1625449482.0,64.0
11.02,1625449482.0,64.0
13.43,1625449482.0,64.0
15.67,1625449482.0,64.0
17.46,1625449482.0,64.0
18.6,1625449482.0,64.0
19.05,1625449482.0,64.0
18.94,1625449482.0,64.0
18.45,1625449482.0,64.0
17.71,1625449482.0,64.0
16.76,1625449482.0,64.0
15.58,1625449482.0,64.0
14.13,1625449482.0,64.0
12.44,1625449482.0,64.0
10.57,1625449482.0,64.0
8.64,1625449482.0,64.0
6.8,1625449482.0,64.0
5.12,1625449482.0,64.0
3.65,1625449482.0,64.0
2.33,1625449482.0,64.0
1.05,1625449482.0,64.0
-0.34,1625449482.0,64.0
-2.0,1625449482.0,64.0
-4.0,1625449482.0,64.0
-6.3,1625449482.0,64.0
-8.75,1625449482.0,64.0
-11.14,1625449482.0,64.0
-13.25,1625449482.0,64.0
-14.94,1625449482.0,64.0
-16.17,1625449482.0,64.0
-17.04,1625449482.0,64.0
-17.7,1625449482.0,64.0
-18.27,1625449482.0,64.0
-18.81,1625449482.0,64.0
-19.16,1625449482.0,64.0
-19.03,1625449482.0,64.0
-18.08,1625449482.0,64.0
-16.03,1625449482.0,64.0
-12.87,1625449482.0,64.0
-8.84,1625449482.0,64.0
-4.45,1625449482.0,64.0
-0.21,1625449482.0,64.0
3.46,1625449482.0,64.0
6.47,1625449482.0,64.0
9.04,1625449482.0,64.0
11.5,1625449482.0,64.0
14.13,1625449482.0,64.0
16.93,1625449482.0,64.0
19.62,1625449482.0,64.0
21.73,1625449482.0,64.0
22.87,1625449482.0,64.0
22.88,1625449482.0,64.0
21.94,1625449482.0,64.0
20.43,1625449482.0,64.0
18.78,1625449482.0,64.0
17.28,1625449482.0,64.0
16.02,1625449482.0,64.0
14.92,1625449482.0,64.0
13.82,1625449482.0,64.0
12.66,1625449482.0,64.0
11.44,1625449482.0,64.0
10.23,1625449482.0,64.0
9.14,1625449482.0,64.0
8.21,1625449482.0,64.0
7.44,1625449482.0,64.0
6.79,1625449482.0,64.0
6.16,1625449482.0,64.0
5.48,1625449482.0,64.0
4.65,1625449482.0,64.0
3.55,1625449482.0,64.0
2.1,1625449482.0,64.0
0.27,1625449482.0,64.0
-1.93,1625449482.0,64.0
-4.38,1625449482.0,64.0
-6.91,1625449482.0,64.0
-9.35,1625449482.0,64.0
-11.54,1625449482.0,64.0
-13.4,1625449482.0,64.0
-14.89,1625449482.0,64.0
-15.98,1625449482.0,64.0
-16.61,1625449482.0,64.0
-16.72,1625449482.0,64.0
-16.25,1625449482.0,64.0
-15.17,1625449482.0,64.0
-13.5,1625449482.0,64.0
-11.26,1625449482.0,64.0
-8.51,1625449482.0,64.0
-5.31,1625449482.0,64.0
-1.84,1625449482.0,64.0
1.66,1625449482.0,64.0
4.9,1625449482.0,64.0
7.61,1625449482.0,64.0
9.73,1625449482.0,64.0
11.3,1625449482.0,64.0
12.54,1625449482.0,64.0
13.61,1625449482.0,64.0
14.61,1625449482.0,64.0
15.45,1625449482.0,64.0
16.0,1625449482.0,64.0
16.14,1625449482.0,64.0
15.87,1625449482.0,64.0
15.36,1625449482.0,64.0
14.88,1625449482.0,64.0
14.63,1625449482.0,64.0
14.7,1625449482.0,64.0
14.94,1625449482.0,64.0
15.11,1625449482.0,64.0
14.94,1625449482.0,64.0
14.3,1625449482.0,64.0
13.24,1625449482.0,64.0
11.94,1625449482.0,64.0
10.55,1625449482.0,64.0
9.15,1625449482.0,64.0
7.69,1625449482.0,64.0
6.11,1625449482.0,64.0
4.38,1625449482.0,64.0
2.6,1625449482.0,64.0
0.96,1625449482.0,64.0
-0.39,1625449482.0,64.0
-1.42,1625449482.0,64.0
-2.27,1625449482.0,64.0
-3.2,1625449482.0,64.0
-4.41,1625449482.0,64.0
-6.0,1625449482.0,64.0
-7.9,1625449482.0,64.0
-9.98,1625449482.0,64.0
-12.07,1625449482.0,64.0
-14.08,1625449482.0,64.0
-15.9,1625449482.0,64.0
-17.41,1625449482.0,64.0
-18.49,1625449482.0,64.0
-19.06,1625449482.0,64.0
-19.13,1625449482.0,64.0
-18.82,1625449482.0,64.0
-18.3,1625449482.0,64.0
-17.64,1625449482.0,64.0
-16.7,1625449482.0,64.0
-15.14,1625449482.0,64.0
-12.61,1625449482.0,64.0
-8.97,1625449482.0,64.0
-4.41,1625449482.0,64.0
0.58,1625449482.0,64.0
5.35,1625449482.0,64.0
9.36,1625449482.0,64.0
12.36,1625449482.0,64.0
14.36,1625449482.0,64.0
15.56,1625449482.0,64.0
16.2,1625449482.0,64.0
16.46,1625449482.0,64.0
16.44,1625449482.0,64.0
16.16,1625449482.0,64.0
15.72,1625449482.0,64.0
15.21,1625449482.0,64.0
14.79,1625449482.0,64.0
14.53,1625449482.0,64.0
14.41,1625449482.0,64.0
14.32,1625449482.0,64.0
14.05,1625449482.0,64.0
13.49,1625449482.0,64.0
12.62,1625449482.0,64.0
11.6,1625449482.0,64.0
10.58,1625449482.0,64.0
9.7,1625449482.0,64.0
8.92,1625449482.0,64.0
8.11,1625449482.0,64.0
7.14,1625449482.0,64.0
5.97,1625449482.0,64.0
4.66,1625449482.0,64.0
3.34,1625449482.0,64.0
2.1,1625449482.0,64.0
0.91,1625449482.0,64.0
-0.34,1625449482.0,64.0
-1.81,1625449482.0,64.0
-3.64,1625449482.0,64.0
-5.83,1625449482.0,64.0
-8.31,1625449482.0,64.0
-10.88,1625449482.0,64.0
-13.33,1625449482.0,64.0
-15.45,1625449482.0,64.0
-17.07,1625449482.0,64.0
-18.13,1625449482.0,64.0
-18.65,1625449482.0,64.0
-18.77,1625449482.0,64.0
-18.66,1625449482.0,64.0
-18.53,1625449482.0,64.0
-18.48,1625449482.0,64.0
-18.51,1625449482.0,64.0
-18.41,1625449482.0,64.0
-17.86,1625449482.0,64.0
-16.52,1625449482.0,64.0
-14.2,1625449482.0,64.0
-10.93,1625449482.0,64.0
-7.01,1625449482.0,64.0
-2.94,1625449482.0,64.0
0.84,1625449482.0,64.0
4.0,1625449482.0,64.0
6.49,1625449482.0,64.0
8.41,1625449482.0,64.0
10.0,1625449482.0,64.0
11.4,1625449482.0,64.0
12.69,1625449482.0,64.0
13.82,1625449482.0,64.0
14.69,1625449482.0,64.0
15.19,1625449482.0,64.0
15.3,1625449482.0,64.0
15.03,1625449482.0,64.0
14.47,1625449482.0,64.0
13.65,1625449482.0,64.0
12.65,1625449482.0,64.0
11.49,1625449482.0,64.0
10.29,1625449482.0,64.0
9.2,1625449482.0,64.0
8.47,1625449482.0,64.0
8.25,1625449482.0,64.0
8.47,1625449482.0,64.0
8.84,1625449482.0,64.0
8.85,1625449482.0,64.0
8.07,1625449482.0,64.0
6.23,1625449482.0,64.0
3.39,1625449482.0,64.0
-0.1,1625449482.0,64.0
-3.79,1625449482.0,64.0
-7.13,1625449482.0,64.0
-9.62,1625449482.0,64.0
-10.81,1625449482.0,64.0
-10.4,1625449482.0,64.0
-8.39,1625449482.0,64.0
-5.19,1625449482.0,64.0
-1.67,1625449482.0,64.0
1.05,1625449482.0,64.0
2.06,1625449482.0,64.0
1.02,1625449482.0,64.0
-1.67,1625449482.0,64.0
-5.05,1625449482.0,64.0
-8.12,1625449482.0,64.0
-10.22,1625449482.0,64.0
-11.23,1625449482.0,64.0
-11.39,1625449482.0,64.0
-11.02,1625449482.0,64.0
-10.29,1625449482.0,64.0
-9.2,1625449482.0,64.0
-7.77,1625449482.0,64.0
-6.21,1625449482.0,64.0
-4.88,1625449482.0,64.0
-4.16,1625449482.0,64.0
-4.22,1625449482.0,64.0
-4.83,1625449482.0,64.0
-5.47,1625449482.0,64.0
-5.49,1625449482.0,64.0
-4.33,1625449482.0,64.0
-1.79,1625449482.0,64.0
1.96,1625449482.0,64.0
6.43,1625449482.0,64.0
10.9,1625449482.0,64.0
14.67,1625449482.0,64.0
17.25,1625449482.0,64.0
18.55,1625449482.0,64.0
18.84,1625449482.0,64.0
18.59,1625449482.0,64.0
18.2,1625449482.0,64.0
17.86,1625449482.0,64.0
17.5,1625449482.0,64.0
16.91,1625449482.0,64.0
15.89,1625449482.0,64.0
14.29,1625449482.0,64.0
12.08,1625449482.0,64.0
9.27,1625449482.0,64.0
5.99,1625449482.0,64.0
2.5,1625449482.0,64.0
-0.79,1625449482.0,64.0
-3.45,1625449482.0,64.0
-5.17,1625449482.0,64.0
-6.02,1625449482.0,64.0
-6.35,1625449482.0,64.0
-6.72,1625449482.0,64.0
-7.53,1625449482.0,64.0
-8.89,1625449482.0,64.0
-10.54,1625449482.0,64.0
-12.07,1625449482.0,64.0
-13.19,1625449482.0,64.0
-13.89,1625449482.0,64.0
-14.4,1625449482.0,64.0
-14.99,1625449482.0,64.0
-15.81,1625449482.0,64.0
-16.71,1625449482.0,64.0
-17.38,1625449482.0,64.0
-17.45,1625449482.0,64.0
-16.7,1625449482.0,64.0
-15.09,1625449482.0,64.0
-12.79,1625449482.0,64.0
-10.08,1625449482.0,64.0
-7.3,1625449482.0,64.0
-4.8,1625449482.0,64.0
-2.83,1625449482.0,64.0
-1.51,1625449482.0,64.0
-0.65,1625449482.0,64.0
0.21,1625449482.0,64.0
1.69,1625449482.0,64.0
4.27,1625449482.0,64.0
7.98,1625449482.0,64.0
12.25,1625449482.0,64.0
16.12,1625449482.0,64.0
18.6,1625449482.0,64.0
19.2,1625449482.0,64.0
18.26,1625449482.0,64.0
16.72,1625449482.0,64.0
15.73,1625449482.0,64.0
15.93,1625449482.0,64.0
17.1,1625449482.0,64.0
18.22,1625449482.0,64.0
18.05,1625449482.0,64.0
15.82,1625449482.0,64.0
11.66,1625449482.0,64.0
6.69,1625449482.0,64.0
2.37,1625449482.0,64.0
-0.18,1625449482.0,64.0
-0.48,1625449482.0,64.0
1.15,1625449482.0,64.0
3.91,1625449482.0,64.0
6.87,1625449482.0,64.0
8.85,1625449482.0,64.0
8.46,1625449482.0,64.0
4.19,1625449482.0,64.0
-4.94,1625449482.0,64.0
-18.47,1625449482.0,64.0
-34.04,1625449482.0,64.0
-47.87,1625449482.0,64.0
-56.06,1625449482.0,64.0
-56.54,1625449482.0,64.0
-49.85,1625449482.0,64.0
-38.84,1625449482.0,64.0
-27.05,1625449482.0,64.0
-16.95,1625449482.0,64.0
-8.91,1625449482.0,64.0
-1.93,1625449482.0,64.0
4.83,1625449482.0,64.0
10.76,1625449482.0,64.0
13.67,1625449482.0,64.0
11.41,1625449482.0,64.0
3.66,1625449482.0,64.0
-6.98,1625449482.0,64.0
-15.67,1625449482.0,64.0
-17.43,1625449482.0,64.0
-9.54,1625449482.0,64.0
6.8,1625449482.0,64.0
27.14,1625449482.0,64.0
45.53,1625449482.0,64.0
56.82,1625449482.0,64.0
58.54,1625449482.0,64.0
51.02,1625449482.0,64.0
36.55,1625449482.0,64.0
18.34,1625449482.0,64.0
-0.35,1625449482.0,64.0
-16.37,1625449482.0,64.0
-27.04,1625449482.0,64.0
-30.69,1625449482.0,64.0
-27.24,1625449482.0,64.0
-18.35,1625449482.0,64.0
-6.78,1625449482.0,64.0
5.09,1625449482.0,64.0
16.07,1625449482.0,64.0
26.36,1625449482.0,64.0
36.7,1625449482.0,64.0
47.07,1625449482.0,64.0
56.05,1625449482.0,64.0
61.58,1625449482.0,64.0
62.17,1625449482.0,64.0
58.5,1625449482.0,64.0
53.52,1625449482.0,64.0
51.37,1625449482.0,64.0
55.63,1625449482.0,64.0
67.57,1625449482.0,64.0
85.65,1625449482.0,64.0
105.93,1625449482.0,64.0
123.23,1625449482.0,64.0
132.44,1625449482.0,64.0
129.65,1625449482.0,64.0
113.23,1625449482.0,64.0
84.56,1625449482.0,64.0
47.88,1625449482.0,64.0
9.3,1625449482.0,64.0
-24.99,1625449482.0,64.0
-50.56,1625449482.0,64.0
-65.85,1625449482.0,64.0
-71.93,1625449482.0,64.0
-71.33,1625449482.0,64.0
-66.72,1625449482.0,64.0
-60.05,1625449482.0,64.0
-52.46,1625449482.0,64.0
-44.78,1625449482.0,64.0
-38.07,1625449482.0,64.0
-33.47,1625449482.0,64.0
-31.82,1625449482.0,64.0
-33.09,1625449482.0,64.0
-36.28,1625449482.0,64.0
-39.91,1625449482.0,64.0
-42.79,1625449482.0,64.0
-44.46,1625449482.0,64.0
-45.23,1625449482.0,64.0
-45.57,1625449482.0,64.0
-45.75,1625449482.0,64.0
-45.65,1625449482.0,64.0
-45.04,1625449482.0,64.0
-44.05,1625449482.0,64.0
-43.33,1625449482.0,64.0
-43.89,1625449482.0,64.0
-46.52,1625449482.0,64.0
-51.31,1625449482.0,64.0
-57.48,1625449482.0,64.0
-63.56,1625449482.0,64.0
-68.06,1625449482.0,64.0
-70.08,1625449482.0,64.0
-69.69,1625449482.0,64.0
-67.92,1625449482.0,64.0
-66.5,1625449482.0,64.0
-67.4,1625449482.0,64.0
-72.28,1625449482.0,64.0
-81.73,1625449482.0,64.0
-94.63,1625449482.0,64.0
-107.62,1625449482.0,64.0
-115.54,1625449482.0,64.0
-112.25,1625449482.0,64.0
-92.56,1625449482.0,64.0
-54.61,1625449482.0,64.0
-1.65,1625449482.0,64.0
57.81,1625449482.0,64.0
111.97,1625449482.0,64.0
149.56,1625449482.0,64.0
164.12,1625449482.0,64.0
155.95,1625449482.0,64.0
131.8,1625449482.0,64.0
100.97,1625449482.0,64.0
70.52,1625449482.0,64.0
42.44,1625449482.0,64.0
14.36,1625449482.0,64.0
-16.57,1625449482.0,64.0
-50.0,1625449482.0,64.0
-81.14,1625449482.0,64.0
-103.4,1625449482.0,64.0
-112.0,1625449482.0,64.0
-106.8,1625449482.0,64.0
-91.73,1625449482.0,64.0
-71.54,1625449482.0,64.0
-48.33,1625449482.0,64.0
-20.86,1625449482.0,64.0
13.32,1625449482.0,64.0
53.64,1625449482.0,64.0
93.66,1625449482.0,64.0
123.66,1625449482.0,64.0
135.39,1625449482.0,64.0
125.94,1625449482.0,64.0
99.3,1625449482.0,64.0
64.11,1625449482.0,64.0
29.55,1625449482.0,64.0
2.41,1625449482.0,64.0
-15.0,1625449482.0,64.0
-25.45,1625449482.0,64.0
-32.43,1625449482.0,64.0
-37.59,1625449482.0,64.0
-41.13,1625449482.0,64.0
-42.14,1625449482.0,64.0
-39.98,1625449482.0,64.0
-34.65,1625449482.0,64.0
-25.55,1625449482.0,64.0
-12.55,1625449482.0,64.0
1.48,1625449482.0,64.0
13.66,1625449482.0,64.0
22.51,1625449482.0,64.0
26.54,1625449482.0,64.0
25.18,1625449482.0,64.0
19.59,1625449482.0,64.0
13.08,1625449482.0,64.0
12.06,1625449482.0,64.0
22.58,1625449482.0,64.0
44.93,1625449482.0,64.0
76.74,1625449482.0,64.0
114.71,1625449482.0,64.0
154.23,1625449482.0,64.0
191.27,1625449482.0,64.0
223.66,1625449482.0,64.0
240.57,1625449482.0,64.0
235.62,1625449482.0,64.0
226.27,1625449482.0,64.0
223.57,1625449482.0,64.0
226.23,1625449482.0,64.0
233.83,1625449482.0,64.0
244.23,1625449482.0,64.0
253.64,1625449482.0,64.0
257.32,1625449482.0,64.0
251.12,1625449482.0,64.0
234.79,1625449482.0,64.0
210.83,1625449482.0,64.0
180.48,1625449482.0,64.0
146.21,1625449482.0,64.0
111.61,1625449482.0,64.0
78.51,1625449482.0,64.0
47.28,1625449482.0,64.0
17.85,1625449482.0,64.0
-9.13,1625449482.0,64.0
-30.68,1625449482.0,64.0
-43.39,1625449482.0,64.0
-47.27,1625449482.0,64.0
-43.7,1625449482.0,64.0
-34.4,1625449482.0,64.0
-22.69,1625449482.0,64.0
-12.53,1625449482.0,64.0
-7.51,1625449482.0,64.0
-10.09,1625449482.0,64.0
-21.09,1625449482.0,64.0
-40.84,1625449482.0,64.0
-70.87,1625449482.0,64.0
-111.29,1625449482.0,64.0
-158.34,1625449482.0,64.0
-204.33,1625449482.0,64.0
-238.37,1625449482.0,64.0
-249.64,1625449482.0,64.0
-231.75,1625449482.0,64.0
-185.39,1625449482.0,64.0
-118.78,1625449482.0,64.0
-45.34,1625449482.0,64.0
22.0,1625449482.0,64.0
74.98,1625449482.0,64.0
110.47,1625449482.0,64.0
129.08,1625449482.0,64.0
132.83,1625449482.0,64.0
123.57,1625449482.0,64.0
103.19,1625449482.0,64.0
74.41,1625449482.0,64.0
40.77,1625449482.0,64.0
6.14,1625449482.0,64.0
-26.77,1625449482.0,64.0
-57.61,1625449482.0,64.0
-87.75,1625449482.0,64.0
-118.47,1625449482.0,64.0
-149.23,1625449482.0,64.0
-177.04,1625449482.0,64.0
-197.54,1625449482.0,64.0
-207.12,1625449482.0,64.0
-204.66,1625449482.0,64.0
-191.91,1625449482.0,64.0
-173.0,1625449482.0,64.0
-152.82,1625449482.0,64.0
-135.25,1625449482.0,64.0
-122.46,1625449482.0,64.0
-114.79,1625449482.0,64.0
-111.37,1625449482.0,64.0
-110.81,1625449482.0,64.0
-111.68,1625449482.0,64.0
-112.72,1625449482.0,64.0
-112.85,1625449482.0,64.0
-111.25,1625449482.0,64.0
-107.5,1625449482.0,64.0
-101.73,1625449482.0,64.0
-94.6,1625449482.0,64.0
-87.09,1625449482.0,64.0
-80.24,1625449482.0,64.0
-74.76,1625449482.0,64.0
-70.72,1625449482.0,64.0
-67.65,1625449482.0,64.0
-64.67,1625449482.0,64.0
-60.79,1625449482.0,64.0
-55.4,1625449482.0,64.0
-48.39,1625449482.0,64.0
-40.2,1625449482.0,64.0
-31.65,1625449482.0,64.0
-23.65,1625449482.0,64.0
-16.91,1625449482.0,64.0
-11.81,1625449482.0,64.0
-8.3,1625449482.0,64.0
-5.98,1625449482.0,64.0
-4.22,1625449482.0,64.0
-2.4,1625449482.0,64.0
-0.08,1625449482.0,64.0
2.81,1625449482.0,64.0
6.02,1625449482.0,64.0
9.05,1625449482.0,64.0
11.41,1625449482.0,64.0
12.81,1625449482.0,64.0
13.29,1625449482.0,64.0
13.08,1625449482.0,64.0
12.48,1625449482.0,64.0
11.67,1625449482.0,64.0
10.72,1625449482.0,64.0
9.66,1625449482.0,64.0
8.55,1625449482.0,64.0
7.57,1625449482.0,64.0
6.92,1625449482.0,64.0
6.68,1625449482.0,64.0
6.7,1625449482.0,64.0
6.71,1625449482.0,64.0
6.41,1625449482.0,64.0
5.61,1625449482.0,64.0
4.3,1625449482.0,64.0
2.58,1625449482.0,64.0
0.62,1625449482.0,64.0
-1.5,1625449482.0,64.0
-3.69,1625449482.0,64.0
-5.91,1625449482.0,64.0
-8.05,1625449482.0,64.0
-10.0,1625449482.0,64.0
-11.61,1625449482.0,64.0
-12.74,1625449482.0,64.0
-13.3,1625449482.0,64.0
-13.18,1625449482.0,64.0
-12.32,1625449482.0,64.0
-10.7,1625449482.0,64.0
-8.37,1625449482.0,64.0
-5.51,1625449482.0,64.0
-2.41,1625449482.0,64.0
0.64,1625449482.0,64.0
3.34,1625449482.0,64.0
5.49,1625449482.0,64.0
7.0,1625449482.0,64.0
7.91,1625449482.0,64.0
8.37,1625449482.0,64.0
8.61,1625449482.0,64.0
8.88,1625449482.0,64.0
9.35,1625449482.0,64.0
10.08,1625449482.0,64.0
11.0,1625449482.0,64.0
11.95,1625449482.0,64.0
12.75,1625449482.0,64.0
13.24,1625449482.0,64.0
13.37,1625449482.0,64.0
13.11,1625449482.0,64.0
12.5,1625449482.0,64.0
11.6,1625449482.0,64.0
10.48,1625449482.0,64.0
9.17,1625449482.0,64.0
7.78,1625449482.0,64.0
6.37,1625449482.0,64.0
5.07,1625449482.0,64.0
3.95,1625449482.0,64.0
3.0,1625449482.0,64.0
2.15,1625449482.0,64.0
1.2,1625449482.0,64.0
-0.04,1625449482.0,64.0
-1.75,1625449482.0,64.0
-3.96,1625449482.0,64.0
-6.61,1625449482.0,64.0
-9.54,1625449482.0,64.0
-12.53,1625449482.0,64.0
-15.31,1625449482.0,64.0
-17.61,1625449482.0,64.0
-19.15,1625449482.0,64.0
-19.68,1625449482.0,64.0
-19.12,1625449482.0,64.0
-17.53,1625449482.0,64.0
-15.2,1625449482.0,64.0
-12.5,1625449482.0,64.0
-9.77,1625449482.0,64.0
-7.21,1625449482.0,64.0
-4.77,1625449482.0,64.0
-2.32,1625449482.0,64.0
0.29,1625449482.0,64.0
3.04,1625449482.0,64.0
5.76,1625449482.0,64.0
8.16,1625449482.0,64.0
10.03,1625449482.0,64.0
11.35,1625449482.0,64.0
12.26,1625449482.0,64.0
13.06,1625449482.0,64.0
13.91,1625449482.0,64.0
14.87,1625449482.0,64.0
15.75,1625449482.0,64.0
16.33,1625449482.0,64.0
16.41,1625449482.0,64.0
15.99,1625449482.0,64.0
15.18,1625449482.0,64.0
14.17,1625449482.0,64.0
13.08,1625449482.0,64.0
11.98,1625449482.0,64.0
10.84,1625449482.0,64.0
9.64,1625449482.0,64.0
8.34,1625449482.0,64.0
6.94,1625449482.0,64.0
5.49,1625449482.0,64.0
4.04,1625449482.0,64.0
2.61,1625449482.0,64.0
1.21,1625449482.0,64.0
-0.24,1625449482.0,64.0
-1.86,1625449482.0,64.0
-3.77,1625449482.0,64.0
-6.03,1625449482.0,64.0
-8.6,1625449482.0,64.0
-11.28,1625449482.0,64.0
-13.82,1625449482.0,64.0
-15.93,1625449482.0,64.0
-17.41,1625449482.0,64.0
-18.14,1625449482.0,64.0
-18.09,1625449482.0,64.0
-17.31,1625449482.0,64.0
-15.91,1625449482.0,64.0
-13.98,1625449482.0,64.0
-11.59,1625449482.0,64.0
-8.77,1625449482.0,64.0
-5.58,1625449482.0,64.0
-2.14,1625449482.0,64.0
1.33,1625449482.0,64.0
4.54,1625449482.0,64.0
7.21,1625449482.0,64.0
9.16,1625449482.0,64.0
10.41,1625449482.0,64.0
11.13,1625449482.0,64.0
11.57,1625449482.0,64.0
11.91,1625449482.0,64.0
12.26,1625449482.0,64.0
12.61,1625449482.0,64.0
12.89,1625449482.0,64.0
13.04,1625449482.0,64.0
12.98,1625449482.0,64.0
12.64,1625449482.0,64.0
11.95,1625449482.0,64.0
10.83,1625449482.0,64.0
9.27,1625449482.0,64.0
7.37,1625449482.0,64.0
5.29,1625449482.0,64.0
3.25,1625449482.0,64.0
1.35,1625449482.0,64.0
-0.47,1625449482.0,64.0
-2.46,1625449482.0,64.0
-4.95,1625449482.0,64.0
-8.17,1625449482.0,64.0
-12.1,1625449482.0,64.0
-16.43,1625449482.0,64.0
-20.73,1625449482.0,64.0
-24.6,1625449482.0,64.0
-27.95,1625449482.0,64.0
-31.02,1625449482.0,64.0
-34.2,1625449482.0,64.0
-37.76,1625449482.0,64.0
-41.58,1625449482.0,64.0
-45.06,1625449482.0,64.0
-47.4,1625449482.0,64.0
-47.93,1625449482.0,64.0
-46.56,1625449482.0,64.0
-43.89,1625449482.0,64.0
-41.02,1625449482.0,64.0
-39.01,1625449482.0,64.0
-38.3,1625449482.0,64.0
-38.66,1625449482.0,64.0
-39.31,1625449482.0,64.0
-39.75,1625449482.0,64.0
-40.27,1625449482.0,64.0
-41.82,1625449482.0,64.0
-45.05,1625449482.0,64.0
-49.29,1625449482.0,64.0
-52.16,1625449482.0,64.0
-50.34,1625449482.0,64.0
-41.17,1625449482.0,64.0
-23.93,1625449482.0,64.0
0.07,1625449482.0,64.0
28.72,1625449482.0,64.0
60.55,1625449482.0,64.0
95.03,1625449482.0,64.0
131.46,1625449482.0,64.0
167.07,1625449482.0,64.0
196.41,1625449482.0,64.0
212.89,1625449482.0,64.0
212.04,1625449482.0,64.0
194.65,1625449482.0,64.0
167.53,1625449482.0,64.0
141.1,1625449482.0,64.0
124.93,1625449482.0,64.0
123.66,1625449482.0,64.0
135.59,1625449482.0,64.0
154.27,1625449482.0,64.0
171.98,1625449482.0,64.0
183.18,1625449482.0,64.0
185.91,1625449482.0,64.0
181.25,1625449482.0,64.0
171.56,1625449482.0,64.0
158.51,1625449482.0,64.0
142.41,1625449482.0,64.0
122.66,1625449482.0,64.0
98.71,1625449482.0,64.0
70.8,1625449482.0,64.0
40.27,1625449482.0,64.0
9.1,1625449482.0,64.0
-20.58,1625449482.0,64.0
-46.59,1625449482.0,64.0
-66.51,1625449482.0,64.0
-77.5,1625449482.0,64.0
-76.7,1625449482.0,64.0
-62.3,1625449482.0,64.0
-34.82,1625449482.0,64.0
2.21,1625449482.0,64.0
42.69,1625449482.0,64.0
79.48,1625449482.0,64.0
106.37,1625449482.0,64.0
119.51,1625449482.0,64.0
117.95,1625449482.0,64.0
103.21,1625449482.0,64.0
78.5,1625449482.0,64.0
48.02,1625449482.0,64.0
16.28,1625449482.0,64.0
-12.49,1625449482.0,64.0
-35.09,1625449482.0,64.0
-50.03,1625449482.0,64.0
-57.67,1625449482.0,64.0
-59.83,1625449482.0,64.0
-58.85,1625449482.0,64.0
-56.78,1625449482.0,64.0
-54.8,1625449482.0,64.0
-53.29,1625449482.0,64.0
-52.16,1625449482.0,64.0
-51.24,1625449482.0,64.0
-50.37,1625449482.0,64.0
-49.46,1625449482.0,64.0
-48.4,1625449482.0,64.0
-47.06,1625449482.0,64.0
-45.36,1625449482.0,64.0
-43.29,1625449482.0,64.0
-40.92,1625449482.0,64.0
-38.25,1625449482.0,64.0
-35.3,1625449482.0,64.0
-32.1,1625449482.0,64.0
-28.82,1625449482.0,64.0
-25.74,1625449482.0,64.0
-23.07,1625449482.0,64.0
-20.79,1625449482.0,64.0
-18.5,1625449482.0,64.0
-15.7,1625449482.0,64.0
-11.98,1625449482.0,64.0
-7.37,1625449482.0,64.0
-2.28,1625449482.0,64.0
2.64,1625449482.0,64.0
6.89,1625449482.0,64.0
10.28,1625449482.0,64.0
13.01,1625449482.0,64.0
15.52,1625449482.0,64.0
18.36,1625449482.0,64.0
21.9,1625449482.0,64.0
26.34,1625449482.0,64.0
31.56,1625449482.0,64.0
37.26,1625449482.0,64.0
43.06,1625449482.0,64.0
48.79,1625449482.0,64.0
54.56,1625449482.0,64.0
60.67,1625449482.0,64.0
67.2,1625449482.0,64.0
73.46,1625449482.0,64.0
77.7,1625449482.0,64.0
77.4,1625449482.0,64.0
70.03,1625449482.0,64.0
53.91,1625449482.0,64.0
28.78,1625449482.0,64.0
-4.19,1625449482.0,64.0
-42.77,1625449482.0,64.0
-84.03,1625449482.0,64.0
-124.27,1625449482.0,64.0
-158.95,1625449482.0,64.0
-182.86,1625449482.0,64.0
-191.22,1625449482.0,64.0
-181.4,1625449482.0,64.0
-154.6,1625449482.0,64.0
-116.33,1625449482.0,64.0
-75.38,1625449482.0,64.0
-41.31,1625449482.0,64.0
-21.71,1625449482.0,64.0
-20.42,1625449482.0,64.0
-37.39,1625449482.0,64.0
-69.9,1625449482.0,64.0
-114.11,1625449482.0,64.0
-166.03,1625449482.0,64.0
-221.5,1625449482.0,64.0
-275.57,1625449482.0,64.0
-322.37,1625449482.0,64.0
-355.87,1625449482.0,64.0
-371.56,1625449482.0,64.0
-368.03,1625449482.0,64.0
-347.69,1625449482.0,64.0
-315.92,1625449482.0,64.0
-279.13,1625449482.0,64.0
-242.74,1625449482.0,64.0
-209.84,1625449482.0,64.0
-181.14,1625449482.0,64.0
-155.79,1625449482.0,64.0
-132.57,1625449482.0,64.0
-110.48,1625449482.0,64.0
-88.8,1625449482.0,64.0
-66.68,1625449482.0,64.0
-42.7,1625449482.0,64.0
-14.77,1625449482.0,64.0
19.52,1625449482.0,64.0
62.06,1625449482.0,64.0
112.88,1625449482.0,64.0
169.18,1625449482.0,64.0
225.12,1625449482.0,64.0
272.99,1625449482.0,64.0
305.49,1625449482.0,64.0
318.32,1625449482.0,64.0
311.74,1625449482.0,64.0
290.39,1625449482.0,64.0
261.38,1625449482.0,64.0
231.5,1625449482.0,64.0
205.13,1625449482.0,64.0
183.5,1625449482.0,64.0
165.5,1625449482.0,64.0
149.25,1625449482.0,64.0
133.41,1625449482.0,64.0
117.64,1625449482.0,64.0
102.21,1625449482.0,64.0
87.4,1625449482.0,64.0
73.0,1625449482.0,64.0
58.47,1625449482.0,64.0
43.27,1625449482.0,64.0
27.25,1625449482.0,64.0
10.91,1625449482.0,64.0
-4.73,1625449482.0,64.0
-18.59,1625449482.0,64.0
-29.98,1625449482.0,64.0
-39.01,1625449482.0,64.0
-46.4,1625449482.0,64.0
-53.08,1625449482.0,64.0
-59.41,1625449482.0,64.0
-64.81,1625449482.0,64.0
-67.84,1625449482.0,64.0
-66.96,1625449482.0,64.0
-61.54,1625449482.0,64.0
-52.52,1625449482.0,64.0
-42.29,1625449482.0,64.0
-33.72,1625449482.0,64.0
-28.73,1625449482.0,64.0
-27.44,1625449482.0,64.0
-28.05,1625449482.0,64.0
-28.04,1625449482.0,64.0
-25.72,1625449482.0,64.0
-21.28,1625449482.0,64.0
-16.66,1625449482.0,64.0
-14.23,1625449482.0,64.0
-15.15,1625449482.0,64.0
-18.31,1625449482.0,64.0
-20.67,1625449482.0,64.0
-18.58,1625449482.0,64.0
-9.56,1625449482.0,64.0
6.55,1625449482.0,64.0
27.51,1625449482.0,64.0
49.57,1625449482.0,64.0
68.77,1625449482.0,64.0
82.07,1625449482.0,64.0
87.97,1625449482.0,64.0
86.6,1625449482.0,64.0
79.6,1625449482.0,64.0
69.7,1625449482.0,64.0
60.11,1625449482.0,64.0
53.63,1625449482.0,64.0
51.88,1625449482.0,64.0
54.87,1625449482.0,64.0
61.11,1625449482.0,64.0
68.29,1625449482.0,64.0
74.28,1625449482.0,64.0
77.86,1625449482.0,64.0
79.2,1625449482.0,64.0
79.71,1625449482.0,64.0
81.29,1625449482.0,64.0
85.26,1625449482.0,64.0
91.49,1625449482.0,64.0
98.28,1625449482.0,64.0
102.97,1625449482.0,64.0
103.04,1625449482.0,64.0
97.15,1625449482.0,64.0
85.48,1625449482.0,64.0
69.34,1625449482.0,64.0
50.36,1625449482.0,64.0
29.78,1625449482.0,64.0
8.44,1625449482.0,64.0
-12.9,1625449482.0,64.0
-33.0,1625449482.0,64.0
-50.19,1625449482.0,64.0
-62.82,1625449482.0,64.0
-70.11,1625449482.0,64.0
-72.61,1625449482.0,64.0
-71.96,1625449482.0,64.0
-70.08,1625449482.0,64.0
-68.38,1625449482.0,64.0
-67.18,1625449482.0,64.0
-65.94,1625449482.0,64.0
-63.86,1625449482.0,64.0
-60.48,1625449482.0,64.0
-56.03,1625449482.0,64.0
-51.35,1625449482.0,64.0
-47.45,1625449482.0,64.0
-44.94,1625449482.0,64.0
-43.81,1625449482.0,64.0
-43.37,1625449482.0,64.0
-42.68,1625449482.0,64.0
-41.05,1625449482.0,64.0
-38.3,1625449482.0,64.0
-34.96,1625449482.0,64.0
-32.05,1625449482.0,64.0
-30.75,1625449482.0,64.0
-31.91,1625449482.0,64.0
-35.64,1625449482.0,64.0
-40.91,1625449482.0,64.0
-45.41,1625449482.0,64.0
-46.08,1625449482.0,64.0
-39.9,1625449482.0,64.0
-25.2,1625449482.0,64.0
-2.39,1625449482.0,64.0
25.96,1625449482.0,64.0
55.99,1625449482.0,64.0
83.91,1625449482.0,64.0
107.23,1625449482.0,64.0
125.13,1625449482.0,64.0
138.05,1625449482.0,64.0
146.77,1625449482.0,64.0
151.66,1625449482.0,64.0
152.48,1625449482.0,64.0
148.89,1625449482.0,64.0
141.16,1625449482.0,64.0
130.7,1625449482.0,64.0
120.0,1625449482.0,64.0
111.68,1625449482.0,64.0
107.38,1625449482.0,64.0
106.69,1625449482.0,64.0
107.04,1625449482.0,64.0
104.54,1625449482.0,64.0
95.53,1625449482.0,64.0
78.19,1625449482.0,64.0
53.3,1625449482.0,64.0
23.72,1625449482.0,64.0
-6.97,1625449482.0,64.0
-36.01,1625449482.0,64.0
-62.37,1625449482.0,64.0
-86.66,1625449482.0,64.0
-110.4,1625449482.0,64.0
-135.44,1625449482.0,64.0
-163.92,1625449482.0,64.0
-198.39,1625449482.0,64.0
-241.29,1625449482.0,64.0
-293.51,1625449482.0,64.0
-352.57,1625449482.0,64.0
-411.74,1625449482.0,64.0
-461.16,1625449482.0,64.0
-491.04,1625449482.0,64.0
-495.24,1625449482.0,64.0
-473.5,1625449482.0,64.0
-431.04,1625449482.0,64.0
-375.99,1625449482.0,64.0
-316.36,1625449482.0,64.0
-258.38,1625449482.0,64.0
-206.49,1625449482.0,64.0
-164.18,1625449482.0,64.0
-134.28,1625449482.0,64.0
-118.05,1625449482.0,64.0
-113.81,1625449482.0,64.0
-116.34,1625449482.0,64.0
-118.23,1625449482.0,64.0
-112.61,1625449482.0,64.0
-95.65,1625449482.0,64.0
-67.62,1625449482.0,64.0
-31.62,1625449482.0,64.0
8.86,1625449482.0,64.0
51.9,1625449482.0,64.0
97.42,1625449482.0,64.0
145.5,1625449482.0,64.0
194.19,1625449482.0,64.0
238.35,1625449482.0,64.0
270.64,1625449482.0,64.0
284.02,1625449482.0,64.0
274.77,1625449482.0,64.0
244.45,1625449482.0,64.0
199.87,1625449482.0,64.0
151.08,1625449482.0,64.0
108.33,1625449482.0,64.0
79.29,1625449482.0,64.0
67.62,1625449482.0,64.0
73.47,1625449482.0,64.0
95.19,1625449482.0,64.0
131.03,1625449482.0,64.0
179.49,1625449482.0,64.0
238.09,1625449482.0,64.0
301.59,1625449482.0,64.0
361.25,1625449482.0,64.0
406.12,1625449482.0,64.0
426.49,1625449482.0,64.0
417.76,1625449482.0,64.0
382.69,1625449482.0,64.0
330.62,1625449482.0,64.0
273.82,1625449482.0,64.0
222.63,1625449482.0,64.0
182.08,1625449482.0,64.0
151.19,1625449482.0,64.0
124.75,1625449482.0,64.0
96.27,1625449482.0,64.0
60.41,1625449482.0,64.0
14.25,1625449482.0,64.0
-42.1,1625449482.0,64.0
-105.44,1625449482.0,64.0
-169.57,1625449482.0,64.0
-226.09,1625449482.0,64.0
-266.16,1625449482.0,64.0
-282.92,1625449482.0,64.0
-273.7,1625449482.0,64.0
-241.15,1625449482.0,64.0
-192.74,1625449482.0,64.0
-138.59,1625449482.0,64.0
-88.66,1625449482.0,64.0
-50.19,1625449482.0,64.0
-26.31,1625449482.0,64.0
-16.1,1625449482.0,64.0
-15.88,1625449482.0,64.0
-20.94,1625449482.0,64.0
-27.16,1625449482.0,64.0
-31.98,1625449482.0,64.0
-34.34,1625449482.0,64.0
-34.09,1625449482.0,64.0
-31.23,1625449482.0,64.0
-25.45,1625449482.0,64.0
-16.47,1625449482.0,64.0
-4.71,1625449482.0,64.0
8.43,1625449482.0,64.0
20.87,1625449482.0,64.0
30.76,1625449482.0,64.0
37.5,1625449482.0,64.0
42.15,1625449482.0,64.0
46.59,1625449482.0,64.0
52.49,1625449482.0,64.0
59.77,1625449482.0,64.0
66.08,1625449482.0,64.0
67.58,1625449482.0,64.0
60.15,1625449482.0,64.0
40.87,1625449482.0,64.0
8.58,1625449482.0,64.0
-36.07,1625449482.0,64.0
-90.79,1625449482.0,64.0
-151.58,1625449482.0,64.0
-212.71,1625449482.0,64.0
-267.0,1625449482.0,64.0
-307.1,1625449482.0,64.0
-327.56,1625449482.0,64.0
-326.83,1625449482.0,64.0
-307.95,1625449482.0,64.0
-277.51,1625449482.0,64.0
-243.17,1625449482.0,64.0
-210.89,1625449482.0,64.0
-183.52,1625449482.0,64.0
-160.94,1625449482.0,64.0
-141.32,1625449482.0,64.0
-122.6,1625449482.0,64.0
-103.09,1625449482.0,64.0
-81.09,1625449482.0,64.0
-54.16,1625449482.0,64.0
-19.3,1625449482.0,64.0
25.61,1625449482.0,64.0
79.73,1625449482.0,64.0
137.95,1625449482.0,64.0
191.66,1625449482.0,64.0
231.32,1625449482.0,64.0
250.29,1625449482.0,64.0
247.48,1625449482.0,64.0
227.59,1625449482.0,64.0
198.77,1625449482.0,64.0
169.06,1625449482.0,64.0
143.5,1625449482.0,64.0
123.3,1625449482.0,64.0
107.12,1625449482.0,64.0
93.12,1625449482.0,64.0
80.54,1625449482.0,64.0
69.82,1625449482.0,64.0
61.68,1625449482.0,64.0
56.11,1625449482.0,64.0
52.07,1625449482.0,64.0
48.05,1625449482.0,64.0
42.92,1625449482.0,64.0
36.51,1625449482.0,64.0
29.48,1625449482.0,64.0
22.97,1625449482.0,64.0
17.99,1625449482.0,64.0
14.88,1625449482.0,64.0
13.22,1625449482.0,64.0
12.09,1625449482.0,64.0
10.47,1625449482.0,64.0
7.71,1625449482.0,64.0
3.73,1625449482.0,64.0
-0.95,1625449482.0,64.0
-5.54,1625449482.0,64.0
-9.42,1625449482.0,64.0
-12.43,1625449482.0,64.0
-14.88,1625449482.0,64.0
-17.36,1625449482.0,64.0
-20.32,1625449482.0,64.0
-23.8,1625449482.0,64.0
-27.35,1625449482.0,64.0
-30.18,1625449482.0,64.0
-31.51,1625449482.0,64.0
-30.87,1625449482.0,64.0
-28.25,1625449482.0,64.0
-24.06,1625449482.0,64.0
-18.92,1625449482.0,64.0
-13.44,1625449482.0,64.0
-8.09,1625449482.0,64.0
-3.17,1625449482.0,64.0
1.12,1625449482.0,64.0
4.69,1625449482.0,64.0
7.47,1625449482.0,64.0
9.52,1625449482.0,64.0
11.05,1625449482.0,64.0
12.35,1625449482.0,64.0
13.71,1625449482.0,64.0
15.28,1625449482.0,64.0
16.99,1625449482.0,64.0
18.66,1625449482.0,64.0
20.01,1625449482.0,64.0
20.9,1625449482.0,64.0
21.28,1625449482.0,64.0
21.24,1625449482.0,64.0
20.9,1625449482.0,64.0
20.29,1625449482.0,64.0
19.43,1625449482.0,64.0
18.26,1625449482.0,64.0
16.78,1625449482.0,64.0
15.0,1625449482.0,64.0
13.01,1625449482.0,64.0
10.95,1625449482.0,64.0
8.9,1625449482.0,64.0
6.92,1625449482.0,64.0
5.02,1625449482.0,64.0
3.1,1625449482.0,64.0
1.05,1625449482.0,64.0
-1.23,1625449482.0,64.0
-3.8,1625449482.0,64.0
-6.69,1625449482.0,64.0
-9.84,1625449482.0,64.0
-13.14,1625449482.0,64.0
-16.37,1625449482.0,64.0
-19.22,1625449482.0,64.0
-21.29,1625449482.0,64.0
-22.18,1625449482.0,64.0
-21.58,1625449482.0,64.0
-19.43,1625449482.0,64.0
-15.9,1625449482.0,64.0
-11.39,1625449482.0,64.0
-6.31,1625449482.0,64.0
-1.1,1625449482.0,64.0
3.93,1625449482.0,64.0
8.58,1625449482.0,64.0
12.66,1625449482.0,64.0
16.07,1625449482.0,64.0
18.75,1625449482.0,64.0
20.77,1625449482.0,64.0
22.32,1625449482.0,64.0
23.65,1625449482.0,64.0
24.93,1625449482.0,64.0
26.23,1625449482.0,64.0
27.46,1625449482.0,64.0
28.45,1625449482.0,64.0
29.04,1625449482.0,64.0
29.15,1625449482.0,64.0
28.8,1625449482.0,64.0
28.07,1625449482.0,64.0
27.08,1625449482.0,64.0
25.91,1625449482.0,64.0
24.63,1625449482.0,64.0
23.25,1625449482.0,64.0
21.72,1625449482.0,64.0
19.96,1625449482.0,64.0
17.91,1625449482.0,64.0
15.52,1625449482.0,64.0
12.86,1625449482.0,64.0
10.08,1625449482.0,64.0
7.33,1625449482.0,64.0
4.73,1625449482.0,64.0
2.25,1625449482.0,64.0
-0.28,1625449482.0,64.0
-3.07,1625449482.0,64.0
-6.27,1625449482.0,64.0
-9.87,1625449482.0,64.0
-13.61,1625449482.0,64.0
-17.06,1625449482.0,64.0
-19.8,1625449482.0,64.0
-21.49,1625449482.0,64.0
-22.03,1625449482.0,64.0
-21.49,1625449482.0,64.0
-20.09,1625449482.0,64.0
-18.0,1625449482.0,64.0
-15.35,1625449482.0,64.0
-12.18,1625449482.0,64.0
-8.55,1625449482.0,64.0
-4.62,1625449482.0,64.0
-0.73,1625449482.0,64.0
2.7,1625449482.0,64.0
5.26,1625449482.0,64.0
6.79,1625449482.0,64.0
7.47,1625449482.0,64.0
7.77,1625449482.0,64.0
8.25,1625449482.0,64.0
9.29,1625449482.0,64.0
10.91,1625449482.0,64.0
12.71,1625449482.0,64.0
14.09,1625449482.0,64.0
14.48,1625449482.0,64.0
13.66,1625449482.0,64.0
11.84,1625449482.0,64.0
9.56,1625449482.0,64.0
7.43,1625449482.0,64.0
5.84,1625449482.0,64.0
4.79,1625449482.0,64.0
3.84,1625449482.0,64.0
2.33,1625449482.0,64.0
-0.31,1625449482.0,64.0
-4.28,1625449482.0,64.0
-9.24,1625449482.0,64.0
-14.36,1625449482.0,64.0
-18.69,1625449482.0,64.0
-21.59,1625449482.0,64.0
-23.1,1625449482.0,64.0
-24.05,1625449482.0,64.0
-25.82,1625449482.0,64.0
-29.69,1625449482.0,64.0
-36.17,1625449482.0,64.0
-44.59,1625449482.0,64.0
-53.18,1625449482.0,64.0
-59.75,1625449482.0,64.0
-62.51,1625449482.0,64.0
-61.0,1625449482.0,64.0
-56.39,1625449482.0,64.0
-51.07,1625449482.0,64.0
-47.8,1625449482.0,64.0
-48.52,1625449482.0,64.0
-53.55,1625449482.0,64.0
-61.41,1625449482.0,64.0
-69.2,1625449482.0,64.0
-73.3,1625449482.0,64.0
-70.14,1625449482.0,64.0
-56.98,1625449482.0,64.0
-32.77,1625449482.0,64.0
1.11,1625449482.0,64.0
40.51,1625449482.0,64.0
79.08,1625449482.0,64.0
109.82,1625449482.0,64.0
127.33,1625449482.0,64.0
129.7,1625449482.0,64.0
119.17,1625449482.0,64.0
101.04,1625449482.0,64.0
81.4,1625449482.0,64.0
64.58,1625449482.0,64.0
51.82,1625449482.0,64.0
41.74,1625449482.0,64.0
31.92,1625449482.0,64.0
20.86,1625449482.0,64.0
8.95,1625449482.0,64.0
-1.95,1625449482.0,64.0
-10.25,1625449482.0,64.0
-16.42,1625449482.0,64.0
-23.66,1625449482.0,64.0
-36.44,1625449482.0,64.0
-57.85,1625449482.0,64.0
-86.87,1625449482.0,64.0
-117.36,1625449482.0,64.0
-139.82,1625449482.0,64.0
-145.01,1625449482.0,64.0
-127.36,1625449482.0,64.0
-86.79,1625449482.0,64.0
-28.34,1625449482.0,64.0
39.94,1625449482.0,64.0
109.26,1625449482.0,64.0
171.72,1625449482.0,64.0
221.19,1625449482.0,64.0
253.63,1625449482.0,64.0
267.39,1625449482.0,64.0
263.5,1625449482.0,64.0
245.48,1625449482.0,64.0
218.51,1625449482.0,64.0
188.04,1625449482.0,64.0
158.36,1625449482.0,64.0
131.88,1625449482.0,64.0
109.36,1625449482.0,64.0
90.39,1625449482.0,64.0
73.99,1625449482.0,64.0
59.17,1625449482.0,64.0
45.22,1625449482.0,64.0
31.87,1625449482.0,64.0
19.38,1625449482.0,64.0
8.42,1625449482.0,64.0
-0.35,1625449482.0,64.0
-6.6,1625449482.0,64.0
-10.55,1625449482.0,64.0
-12.68,1625449482.0,64.0
-13.6,1625449482.0,64.0
-13.91,1625449482.0,64.0
-14.23,1625449482.0,64.0
-15.15,1625449482.0,64.0
-17.12,1625449482.0,64.0
-20.21,1625449482.0,64.0
-23.99,1625449482.0,64.0
-27.66,1625449482.0,64.0
-30.36,1625449482.0,64.0
-31.63,1625449482.0,64.0
-31.55,1625449482.0,64.0
-30.68,1625449482.0,64.0
-29.7,1625449482.0,64.0
-29.1,1625449482.0,64.0
-28.93,1625449482.0,64.0
-28.85,1625449482.0,64.0
-28.33,1625449482.0,64.0
-26.88,1625449482.0,64.0
-24.35,1625449482.0,64.0
-20.9,1625449482.0,64.0
-17.01,1625449482.0,64.0
-13.22,1625449482.0,64.0
-9.96,1625449482.0,64.0
-7.38,1625449482.0,64.0
-5.33,1625449482.0,64.0
-3.48,1625449482.0,64.0
-1.5,1625449482.0,64.0
0.77,1625449482.0,64.0
3.33,1625449482.0,64.0
5.96,1625449482.0,64.0
8.41,1625449482.0,64.0
10.49,1625449482.0,64.0
12.07,1625449482.0,64.0
13.18,1625449482.0,64.0
13.94,1625449482.0,64.0
14.51,1625449482.0,64.0
15.04,1625449482.0,64.0
15.59,1625449482.0,64.0
16.11,1625449482.0,64.0
16.43,1625449482.0,64.0
16.35,1625449482.0,64.0
15.75,1625449482.0,64.0
14.67,1625449482.0,64.0
13.34,1625449482.0,64.0
12.08,1625449482.0,64.0
11.2,1625449482.0,64.0
10.83,1625449482.0,64.0
10.89,1625449482.0,64.0
11.07,1625449482.0,64.0
10.88,1625449482.0,64.0
9.81,1625449482.0,64.0
7.37,1625449482.0,64.0
3.22,1625449482.0,64.0
-2.71,1625449482.0,64.0
-10.25,1625449482.0,64.0
-19.01,1625449482.0,64.0
-28.43,1625449482.0,64.0
-37.93,1625449482.0,64.0
-47.01,1625449482.0,64.0
-55.29,1625449482.0,64.0
-62.55,1625449482.0,64.0
-68.73,1625449482.0,64.0
-73.81,1625449482.0,64.0
-77.81,1625449482.0,64.0
-80.71,1625449482.0,64.0
-82.39,1625449482.0,64.0
-82.74,1625449482.0,64.0
-81.64,1625449482.0,64.0
-79.1,1625449482.0,64.0
-75.29,1625449482.0,64.0
-70.53,1625449482.0,64.0
-65.24,1625449482.0,64.0
-59.82,1625449482.0,64.0
-54.56,1625449482.0,64.0
-49.63,1625449482.0,64.0
-45.14,1625449482.0,64.0
-41.12,1625449482.0,64.0
-37.64,1625449482.0,64.0
-34.7,1625449482.0,64.0
-32.29,1625449482.0,64.0
-30.32,1625449482.0,64.0
-28.62,1625449482.0,64.0
-27.02,1625449482.0,64.0
-25.35,1625449482.0,64.0
-23.57,1625449482.0,64.0
-21.72,1625449482.0,64.0
-19.98,1625449482.0,64.0
-18.56,1625449482.0,64.0
-17.68,1625449482.0,64.0
-17.46,1625449482.0,64.0
-17.84,1625449482.0,64.0
-18.6,1625449482.0,64.0
-19.46,1625449482.0,64.0
-20.16,1625449482.0,64.0
-20.63,1625449482.0,64.0
-21.0,1625449482.0,64.0
-21.58,1625449482.0,64.0
-22.66,1625449482.0,64.0
-24.39,1625449482.0,64.0
-26.74,1625449482.0,64.0
-29.47,1625449482.0,64.0
-32.26,1625449482.0,64.0
-34.74,1625449482.0,64.0
-36.62,1625449482.0,64.0
-37.63,1625449482.0,64.0
-37.62,1625449482.0,64.0
-36.48,1625449482.0,64.0
-34.25,1625449482.0,64.0
-30.99,1625449482.0,64.0
-26.85,1625449482.0,64.0
-21.94,1625449482.0,64.0
-16.39,1625449482.0,64.0
-10.31,1625449482.0,64.0
-3.91,1625449482.0,64.0
2.45,1625449482.0,64.0
8.25,1625449482.0,64.0
12.95,1625449482.0,64.0
16.19,1625449482.0,64.0
17.98,1625449482.0,64.0
18.75,1625449482.0,64.0
19.25,1625449482.0,64.0
20.22,1625449482.0,64.0
22.03,1625449482.0,64.0
24.47,1625449482.0,64.0
26.82,1625449482.0,64.0
28.17,1625449482.0,64.0
27.89,1625449482.0,64.0
26.03,1625449482.0,64.0
23.34,1625449482.0,64.0
20.96,1625449482.0,64.0
19.89,1625449482.0,64.0
20.45,1625449482.0,64.0
22.11,1625449482.0,64.0
23.69,1625449482.0,64.0
23.93,1625449482.0,64.0
22.13,1625449482.0,64.0
18.52,1625449482.0,64.0
14.19,1625449482.0,64.0
10.65,1625449482.0,64.0
9.17,1625449482.0,64.0
10.22,1625449482.0,64.0
13.32,1625449482.0,64.0
17.19,1625449482.0,64.0
20.07,1625449482.0,64.0
20.13,1625449482.0,64.0
16.03,1625449482.0,64.0
7.39,1625449482.0,64.0
-4.48,1625449482.0,64.0
-16.26,1625449482.0,64.0
-23.02,1625449482.0,64.0
-19.65,1625449482.0,64.0
-2.84,1625449482.0,64.0
27.27,1625449482.0,64.0
66.54,1625449482.0,64.0
107.85,1625449482.0,64.0
143.24,1625449482.0,64.0
166.29,1625449482.0,64.0
173.78,1625449482.0,64.0
166.07,1625449482.0,64.0
146.27,1625449482.0,64.0
118.91,1625449482.0,64.0
88.56,1625449482.0,64.0
59.01,1625449482.0,64.0
32.93,1625449482.0,64.0
11.85,1625449482.0,64.0
-3.59,1625449482.0,64.0
-13.35,1625449482.0,64.0
-17.82,1625449482.0,64.0
-17.74,1625449482.0,64.0
-14.18,1625449482.0,64.0
-8.46,1625449482.0,64.0
-2.04,1625449482.0,64.0
3.86,1625449482.0,64.0
8.5,1625449482.0,64.0
11.8,1625449482.0,64.0
14.01,1625449482.0,64.0
15.43,1625449482.0,64.0
16.25,1625449482.0,64.0
16.45,1625449482.0,64.0
16.01,1625449482.0,64.0
15.04,1625449482.0,64.0
13.83,1625449482.0,64.0
12.73,1625449482.0,64.0
11.97,1625449482.0,64.0
11.58,1625449482.0,64.0
11.37,1625449482.0,64.0
11.06,1625449482.0,64.0
10.32,1625449482.0,64.0
8.97,1625449482.0,64.0
7.03,1625449482.0,64.0
4.77,1625449482.0,64.0
2.64,1625449482.0,64.0
1.07,1625449482.0,64.0
0.04,1625449482.0,64.0
-1.08,1625449482.0,64.0
-3.36,1625449482.0,64.0
-7.76,1625449482.0,64.0
-14.4,1625449482.0,64.0
-22.05,1625449482.0,64.0
-28.3,1625449482.0,64.0
-30.53,1625449482.0,64.0
-27.04,1625449482.0,64.0
-18.04,1625449482.0,64.0
-5.54,1625449482.0,64.0
7.47,1625449482.0,64.0
18.31,1625449482.0,64.0
25.64,1625449482.0,64.0
29.7,1625449482.0,64.0
31.83,1625449482.0,64.0
33.66,1625449482.0,64.0
36.59,1625449482.0,64.0
41.61,1625449482.0,64.0
49.22,1625449482.0,64.0
59.18,1625449482.0,64.0
69.98,1625449482.0,64.0
78.56,1625449482.0,64.0
81.0,1625449482.0,64.0
74.06,1625449482.0,64.0
57.15,1625449482.0,64.0
33.24,1625449482.0,64.0
7.9,1625449482.0,64.0
-13.22,1625449482.0,64.0
-27.12,1625449482.0,64.0
-34.74,1625449482.0,64.0
-39.95,1625449482.0,64.0
-46.97,1625449482.0,64.0
-57.88,1625449482.0,64.0
-71.59,1625449482.0,64.0
-85.01,1625449482.0,64.0
-95.24,1625449482.0,64.0
-101.3,1625449482.0,64.0
-104.39,1625449482.0,64.0
-106.62,1625449482.0,64.0
-109.39,1625449482.0,64.0
-112.52,1625449482.0,64.0
-114.54,1625449482.0,64.0
-113.92,1625449482.0,64.0
-110.15,1625449482.0,64.0
-104.12,1625449482.0,64.0
-97.6,1625449482.0,64.0
-92.31,1625449482.0,64.0
-89.13,1625449482.0,64.0
-87.84,1625449482.0,64.0
-87.35,1625449482.0,64.0
-86.46,1625449482.0,64.0
-84.39,1625449482.0,64.0
-81.19,1625449482.0,64.0
-77.66,1625449482.0,64.0
-74.81,1625449482.0,64.0
-73.33,1625449482.0,64.0
-73.1,1625449482.0,64.0
-73.26,1625449482.0,64.0
-72.5,1625449482.0,64.0
-69.7,1625449482.0,64.0
-64.37,1625449482.0,64.0
-56.86,1625449482.0,64.0
-48.13,1625449482.0,64.0
-39.28,1625449482.0,64.0
-31.16,1625449482.0,64.0
-24.07,1625449482.0,64.0
-17.91,1625449482.0,64.0
-12.37,1625449482.0,64.0
-7.22,1625449482.0,64.0
-2.46,1625449482.0,64.0
1.73,1625449482.0,64.0
5.19,1625449482.0,64.0
7.89,1625449482.0,64.0
10.02,1625449482.0,64.0
11.85,1625449482.0,64.0
13.62,1625449482.0,64.0
15.42,1625449482.0,64.0
17.16,1625449482.0,64.0
18.67,1625449482.0,64.0
19.79,1625449482.0,64.0
20.45,1625449482.0,64.0
20.74,1625449482.0,64.0
20.75,1625449482.0,64.0
20.63,1625449482.0,64.0
20.4,1625449482.0,64.0
20.04,1625449482.0,64.0
19.45,1625449482.0,64.0
18.52,1625449482.0,64.0
17.17,1625449482.0,64.0
15.41,1625449482.0,64.0
13.31,1625449482.0,64.0
11.02,1625449482.0,64.0
8.69,1625449482.0,64.0
6.41,1625449482.0,64.0
4.24,1625449482.0,64.0
2.11,1625449482.0,64.0
-0.05,1625449482.0,64.0
-2.34,1625449482.0,64.0
-4.8,1625449482.0,64.0
-7.48,1625449482.0,64.0
-10.35,1625449482.0,64.0
-13.41,1625449482.0,64.0
-16.59,1625449482.0,64.0
-19.7,1625449482.0,64.0
-22.43,1625449482.0,64.0
-24.34,1625449482.0,64.0
-25.0,1625449482.0,64.0
-24.13,1625449482.0,64.0
-21.68,1625449482.0,64.0
-17.9,1625449482.0,64.0
-13.26,1625449482.0,64.0
-8.25,1625449482.0,64.0
-3.31,1625449482.0,64.0
1.34,1625449482.0,64.0
5.61,1625449482.0,64.0
9.5,1625449482.0,64.0
12.96,1625449482.0,64.0
15.91,1625449482.0,64.0
18.27,1625449482.0,64.0
20.07,1625449482.0,64.0
21.44,1625449482.0,64.0
22.62,1625449482.0,64.0
23.83,1625449482.0,64.0
25.12,1625449482.0,64.0
26.39,1625449482.0,64.0
27.4,1625449482.0,64.0
27.88,1625449482.0,64.0
27.73,1625449482.0,64.0
26.99,1625449482.0,64.0
25.87,1625449482.0,64.0
24.62,1625449482.0,64.0
23.38,1625449482.0,64.0
22.2,1625449482.0,64.0
21.0,1625449482.0,64.0
19.71,1625449482.0,64.0
18.26,1625449482.0,64.0
16.65,1625449482.0,64.0
14.95,1625449482.0,64.0
13.17,1625449482.0,64.0
11.35,1625449482.0,64.0
9.46,1625449482.0,64.0
7.46,1625449482.0,64.0
5.3,1625449482.0,64.0
2.99,1625449482.0,64.0
0.57,1625449482.0,64.0
-1.85,1625449482.0,64.0
-4.18,1625449482.0,64.0
-6.41,1625449482.0,64.0
-8.59,1625449482.0,64.0
-10.86,1625449482.0,64.0
-13.34,1625449482.0,64.0
-16.01,1625449482.0,64.0
-18.59,1625449482.0,64.0
-20.62,1625449482.0,64.0
-21.54,1625449482.0,64.0
-20.95,1625449482.0,64.0
-18.77,1625449482.0,64.0
-15.27,1625449482.0,64.0
-10.99,1625449482.0,64.0
-6.5,1625449482.0,64.0
-2.25,1625449482.0,64.0
1.53,1625449482.0,64.0
4.82,1625449482.0,64.0
7.65,1625449482.0,64.0
10.1,1625449482.0,64.0
12.23,1625449482.0,64.0
14.08,1625449482.0,64.0
15.74,1625449482.0,64.0
17.23,1625449482.0,64.0
18.5,1625449482.0,64.0
19.4,1625449482.0,64.0
19.79,1625449482.0,64.0
19.71,1625449482.0,64.0
19.42,1625449482.0,64.0
19.28,1625449482.0,64.0
19.62,1625449482.0,64.0
20.6,1625449482.0,64.0
21.96,1625449482.0,64.0
22.95,1625449482.0,64.0
22.71,1625449482.0,64.0
20.72,1625449482.0,64.0
17.14,1625449482.0,64.0
12.91,1625449482.0,64.0
9.3,1625449482.0,64.0
7.36,1625449482.0,64.0
7.61,1625449482.0,64.0
9.52,1625449482.0,64.0
11.55,1625449482.0,64.0
11.87,1625449482.0,64.0
9.4,1625449482.0,64.0
4.35,1625449482.0,64.0
-1.74,1625449482.0,64.0
-6.87,1625449482.0,64.0
-9.57,1625449482.0,64.0
-9.11,1625449482.0,64.0
-6.1,1625449482.0,64.0
-2.3,1625449482.0,64.0
0.27,1625449482.0,64.0
0.24,1625449482.0,64.0
-2.77,1625449482.0,64.0
-8.06,1625449482.0,64.0
-13.75,1625449482.0,64.0
-16.64,1625449482.0,64.0
-11.65,1625449482.0,64.0
6.11,1625449482.0,64.0
38.75,1625449482.0,64.0
83.52,1625449482.0,64.0
132.65,1625449482.0,64.0
175.36,1625449482.0,64.0
202.26,1625449482.0,64.0
209.03,1625449482.0,64.0
193.89,1625449482.0,64.0
162.03,1625449482.0,64.0
123.22,1625449482.0,64.0
87.46,1625449482.0,64.0
60.35,1625449482.0,64.0
41.82,1625449482.0,64.0
28.02,1625449482.0,64.0
15.95,1625449482.0,64.0
5.34,1625449482.0,64.0
-2.19,1625449482.0,64.0
-4.59,1625449482.0,64.0
-1.72,1625449482.0,64.0
4.1,1625449482.0,64.0
9.2,1625449482.0,64.0
10.35,1625449482.0,64.0
5.21,1625449482.0,64.0
-5.91,1625449482.0,64.0
-20.82,1625449482.0,64.0
-36.76,1625449482.0,64.0
-51.01,1625449482.0,64.0
-62.26,1625449482.0,64.0
-71.15,1625449482.0,64.0
-79.69,1625449482.0,64.0
-90.09,1625449482.0,64.0
-105.01,1625449482.0,64.0
-125.81,1625449482.0,64.0
-152.88,1625449482.0,64.0
-185.86,1625449482.0,64.0
-223.12,1625449482.0,64.0
-261.64,1625449482.0,64.0
-297.03,1625449482.0,64.0
-324.27,1625449482.0,64.0
-331.15,1625449482.0,64.0
-312.66,1625449482.0,64.0
-271.63,1625449482.0,64.0
-217.95,1625449482.0,64.0
-164.2,1625449482.0,64.0
-120.02,1625449482.0,64.0
-89.02,1625449482.0,64.0
-69.15,1625449482.0,64.0
-55.75,1625449482.0,64.0
-44.09,1625449482.0,64.0
-33.3,1625449482.0,64.0
-24.09,1625449482.0,64.0
-17.17,1625449482.0,64.0
-11.7,1625449482.0,64.0
-5.29,1625449482.0,64.0
4.95,1625449482.0,64.0
21.2,1625449482.0,64.0
44.53,1625449482.0,64.0
73.34,1625449482.0,64.0
104.8,1625449482.0,64.0
136.53,1625449482.0,64.0
166.47,1625449482.0,64.0
192.69,1625449482.0,64.0
213.04,1625449482.0,64.0
225.45,1625449482.0,64.0
228.59,1625449482.0,64.0
222.63,1625449482.0,64.0
209.43,1625449482.0,64.0
191.47,1625449482.0,64.0
171.44,1625449482.0,64.0
151.39,1625449482.0,64.0
132.39,1625449482.0,64.0
114.81,1625449482.0,64.0
98.91,1625449482.0,64.0
85.2,1625449482.0,64.0
74.23,1625449482.0,64.0
66.17,1625449482.0,64.0
60.2,1625449482.0,64.0
54.78,1625449482.0,64.0
48.15,1625449482.0,64.0
39.09,1625449482.0,64.0
27.5,1625449482.0,64.0
14.59,1625449482.0,64.0
2.5,1625449482.0,64.0
-6.59,1625449482.0,64.0
-11.41,1625449482.0,64.0
-12.19,1625449482.0,64.0
-10.51,1625449482.0,64.0
-8.51,1625449482.0,64.0
-7.83,1625449482.0,64.0
-8.96,1625449482.0,64.0
-11.38,1625449482.0,64.0
-14.28,1625449482.0,64.0
-17.41,1625449482.0,64.0
-21.36,1625449482.0,64.0
-26.98,1625449482.0,64.0
-34.43,1625449482.0,64.0
-42.64,1625449482.0,64.0
-49.81,1625449482.0,64.0
-54.65,1625449482.0,64.0
-57.31,1625449482.0,64.0
-59.33,1625449482.0,64.0
-62.23,1625449482.0,64.0
-65.73,1625449482.0,64.0
-67.05,1625449482.0,64.0
-61.95,1625449482.0,64.0
-47.32,1625449482.0,64.0
-23.49,1625449482.0,64.0
5.11,1625449482.0,64.0
31.91,1625449482.0,64.0
51.56,1625449482.0,64.0
62.77,1625449482.0,64.0
68.76,1625449482.0,64.0
74.91,1625449482.0,64.0
85.07,1625449482.0,64.0
98.93,1625449482.0,64.0
112.1,1625449482.0,64.0
119.03,1625449482.0,64.0
116.58,1625449482.0,64.0
106.14,1625449482.0,64.0
92.54,1625449482.0,64.0
80.93,1625449482.0,64.0
73.38,1625449482.0,64.0
67.58,1625449482.0,64.0
58.83,1625449482.0,64.0
43.45,1625449482.0,64.0
21.23,1625449482.0,64.0
-4.51,1625449482.0,64.0
-29.18,1625449482.0,64.0
-48.97,1625449482.0,64.0
-61.83,1625449482.0,64.0
-67.26,1625449482.0,64.0
-65.4,1625449482.0,64.0
-57.4,1625449482.0,64.0
-46.56,1625449482.0,64.0
-38.96,1625449482.0,64.0
-42.05,1625449482.0,64.0
-61.06,1625449482.0,64.0
-95.48,1625449482.0,64.0
-137.8,1625449482.0,64.0
-176.3,1625449482.0,64.0
-200.12,1625449482.0,64.0
-203.85,1625449482.0,64.0
-188.99,1625449482.0,64.0
-161.62,1625449482.0,64.0
-128.23,1625449482.0,64.0
-92.5,1625449482.0,64.0
-54.74,1625449482.0,64.0
-13.44,1625449482.0,64.0
32.74,1625449482.0,64.0
83.68,1625449482.0,64.0
137.62,1625449482.0,64.0
191.14,1625449482.0,64.0
239.32,1625449482.0,64.0
276.44,1625449482.0,64.0
296.92,1625449482.0,64.0
297.44,1625449482.0,64.0
278.62,1625449482.0,64.0
245.38,1625449482.0,64.0
205.38,1625449482.0,64.0
165.84,1625449482.0,64.0
130.95,1625449482.0,64.0
101.12,1625449482.0,64.0
74.21,1625449482.0,64.0
48.21,1625449482.0,64.0
23.12,1625449482.0,64.0
0.88,1625449482.0,64.0
-16.18,1625449482.0,64.0
-27.35,1625449482.0,64.0
-34.2,1625449482.0,64.0
-39.79,1625449482.0,64.0
-46.81,1625449482.0,64.0
-56.09,1625449482.0,64.0
-66.45,1625449482.0,64.0
-75.73,1625449482.0,64.0
-82.45,1625449482.0,64.0
-86.81,1625449482.0,64.0
-90.66,1625449482.0,64.0
-96.22,1625449482.0,64.0
-102.99,1625449482.0,64.0
-108.16,1625449482.0,64.0
-107.35,1625449482.0,64.0
-97.11,1625449482.0,64.0
-76.83,1625449482.0,64.0
-49.05,1625449482.0,64.0
-17.63,1625449482.0,64.0
13.89,1625449482.0,64.0
43.08,1625449482.0,64.0
68.16,1625449482.0,64.0
87.8,1625449482.0,64.0
101.02,1625449482.0,64.0
107.3,1625449482.0,64.0
106.85,1625449482.0,64.0
100.39,1625449482.0,64.0
90.02,1625449482.0,64.0
79.18,1625449482.0,64.0
71.81,1625449482.0,64.0
70.59,1625449482.0,64.0
75.72,1625449482.0,64.0
84.68,1625449482.0,64.0
93.15,1625449482.0,64.0
96.87,1625449482.0,64.0
92.11,1625449482.0,64.0
78.26,1625449482.0,64.0
57.61,1625449482.0,64.0
35.84,1625449482.0,64.0
17.16,1625449482.0,64.0
3.05,1625449482.0,64.0
-7.81,1625449482.0,64.0
-18.31,1625449482.0,64.0
-31.0,1625449482.0,64.0
-48.96,1625449482.0,64.0
-72.72,1625449482.0,64.0
-100.39,1625449482.0,64.0
-128.59,1625449482.0,64.0
-154.96,1625449482.0,64.0
-178.9,1625449482.0,64.0
-201.49,1625449482.0,64.0
-224.56,1625449482.0,64.0
-250.05,1625449482.0,64.0
-282.71,1625449482.0,64.0
-326.11,1625449482.0,64.0
-380.81,1625449482.0,64.0
-443.08,1625449482.0,64.0
-505.88,1625449482.0,64.0
-560.39,1625449482.0,64.0
-598.13,1625449482.0,64.0
-613.74,1625449482.0,64.0
-589.19,1625449482.0,64.0
-520.98,1625449482.0,64.0
-420.82,1625449482.0,64.0
-310.61,1625449482.0,64.0
-210.77,1625449482.0,64.0
-132.01,1625449482.0,64.0
-74.85,1625449482.0,64.0
-34.33,1625449482.0,64.0
-5.03,1625449482.0,64.0
16.66,1625449482.0,64.0
30.04,1625449482.0,64.0
34.57,1625449482.0,64.0
31.35,1625449482.0,64.0
25.18,1625449482.0,64.0
20.81,1625449482.0,64.0
21.02,1625449482.0,64.0
26.77,1625449482.0,64.0
37.69,1625449482.0,64.0
52.59,1625449482.0,64.0
67.78,1625449482.0,64.0
79.58,1625449482.0,64.0
86.68,1625449482.0,64.0
90.53,1625449482.0,64.0
94.38,1625449482.0,64.0
98.82,1625449482.0,64.0
104.73,1625449482.0,64.0
113.24,1625449482.0,64.0
124.48,1625449482.0,64.0
136.02,1625449482.0,64.0
143.36,1625449482.0,64.0
143.95,1625449482.0,64.0
138.01,1625449482.0,64.0
128.5,1625449482.0,64.0
119.37,1625449482.0,64.0
115.04,1625449482.0,64.0
120.74,1625449482.0,64.0
140.36,1625449482.0,64.0
175.5,1625449482.0,64.0
223.23,1625449482.0,64.0
280.01,1625449482.0,64.0
340.73,1625449482.0,64.0
398.29,1625449482.0,64.0
442.91,1625449482.0,64.0
465.52,1625449482.0,64.0
463.37,1625449482.0,64.0
440.67,1625449482.0,64.0
408.03,1625449482.0,64.0
375.19,1625449482.0,64.0
351.48,1625449482.0,64.0
341.68,1625449482.0,64.0
345.36,1625449482.0,64.0
357.33,1625449482.0,64.0
359.74,1625449482.0,64.0
341.88,1625449482.0,64.0
301.95,1625449482.0,64.0
264.41,1625449482.0,64.0
237.1,1625449482.0,64.0
217.63,1625449482.0,64.0
191.99,1625449482.0,64.0
152.1,1625449482.0,64.0
96.49,1625449482.0,64.0
31.0,1625449482.0,64.0
-31.95,1625449482.0,64.0
-84.22,1625449482.0,64.0
-118.29,1625449482.0,64.0
-135.11,1625449482.0,64.0
-139.47,1625449482.0,64.0
-137.95,1625449482.0,64.0
-134.86,1625449482.0,64.0
-132.0,1625449482.0,64.0
-128.57,1625449482.0,64.0
-121.46,1625449482.0,64.0
-109.06,1625449482.0,64.0
-91.46,1625449482.0,64.0
-73.44,1625449482.0,64.0
-59.2,1625449482.0,64.0
-50.76,1625449482.0,64.0
-47.4,1625449482.0,64.0
-47.34,1625449482.0,64.0
-48.51,1625449482.0,64.0
-48.32,1625449482.0,64.0
-45.48,1625449482.0,64.0
-39.45,1625449482.0,64.0
-32.66,1625449482.0,64.0
-28.02,1625449482.0,64.0
-27.57,1625449482.0,64.0
-32.03,1625449482.0,64.0
-41.9,1625449482.0,64.0
-57.89,1625449482.0,64.0
-77.97,1625449482.0,64.0
-100.63,1625449482.0,64.0
-124.24,1625449482.0,64.0
-148.29,1625449482.0,64.0
-173.3,1625449482.0,64.0
-199.29,1625449482.0,64.0
-225.65,1625449482.0,64.0
-251.93,1625449482.0,64.0
-278.39,1625449482.0,64.0
-306.04,1625449482.0,64.0
-336.69,1625449482.0,64.0
-371.19,1625449482.0,64.0
-408.39,1625449482.0,64.0
-444.86,1625449482.0,64.0
-473.53,1625449482.0,64.0
-486.05,1625449482.0,64.0
-476.63,1625449482.0,64.0
-444.98,1625449482.0,64.0
-396.71,1625449482.0,64.0
-341.46,1625449482.0,64.0
-288.73,1625449482.0,64.0
-236.06,1625449482.0,64.0
-183.77,1625449482.0,64.0
-133.14,1625449482.0,64.0
-86.49,1625449482.0,64.0
-46.75,1625449482.0,64.0
-16.58,1625449482.0,64.0
2.77,1625449482.0,64.0
12.08,1625449482.0,64.0
14.37,1625449482.0,64.0
13.32,1625449482.0,64.0
12.3,1625449482.0,64.0
13.77,1625449482.0,64.0
18.63,1625449482.0,64.0
26.09,1625449482.0,64.0
34.57,1625449482.0,64.0
42.61,1625449482.0,64.0
49.8,1625449482.0,64.0
57.5,1625449482.0,64.0
66.88,1625449482.0,64.0
78.87,1625449482.0,64.0
94.67,1625449482.0,64.0
115.2,1625449482.0,64.0
140.71,1625449482.0,64.0
170.49,1625449482.0,64.0
202.61,1625449482.0,64.0
233.73,1625449482.0,64.0
259.46,1625449482.0,64.0
275.13,1625449482.0,64.0
276.91,1625449482.0,64.0
263.92,1625449482.0,64.0
238.74,1625449482.0,64.0
206.59,1625449482.0,64.0
173.58,1625449482.0,64.0
145.02,1625449482.0,64.0
124.29,1625449482.0,64.0
112.95,1625449482.0,64.0
111.29,1625449482.0,64.0
118.84,1625449482.0,64.0
134.99,1625449482.0,64.0
158.91,1625449482.0,64.0
189.32,1625449482.0,64.0
224.54,1625449482.0,64.0
262.34,1625449482.0,64.0
299.73,1625449482.0,64.0
332.49,1625449482.0,64.0
355.23,1625449482.0,64.0
362.58,1625449482.0,64.0
351.22,1625449482.0,64.0
321.19,1625449482.0,64.0
276.02,1625449482.0,64.0
221.85,1625449482.0,64.0
165.58,1625449482.0,64.0
112.98,1625449482.0,64.0
67.59,1625449482.0,64.0
30.5,1625449482.0,64.0
0.98,1625449482.0,64.0
-22.56,1625449482.0,64.0
-42.4,1625449482.0,64.0
-61.84,1625449482.0,64.0
-84.66,1625449482.0,64.0
-114.07,1625449482.0,64.0
-151.36,1625449482.0,64.0
-194.71,1625449482.0,64.0
-238.41,1625449482.0,64.0
-273.03,1625449482.0,64.0
-286.87,1625449482.0,64.0
-270.64,1625449482.0,64.0
-222.28,1625449482.0,64.0
-149.37,1625449482.0,64.0
-67.4,1625449482.0,64.0
5.69,1625449482.0,64.0
56.09,1625449482.0,64.0
78.86,1625449482.0,64.0
74.89,1625449482.0,64.0
52.86,1625449482.0,64.0
25.91,1625449482.0,64.0
5.25,1625449482.0,64.0
-5.15,1625449482.0,64.0
-8.16,1625449482.0,64.0
-8.59,1625449482.0,64.0
-8.54,1625449482.0,64.0
-6.75,1625449482.0,64.0
-0.43,1625449482.0,64.0
11.98,1625449482.0,64.0
29.31,1625449482.0,64.0
47.5,1625449482.0,64.0
61.56,1625449482.0,64.0
68.14,1625449482.0,64.0
66.96,1625449482.0,64.0
60.66,1625449482.0,64.0
53.18,1625449482.0,64.0
48.19,1625449482.0,64.0
46.91,1625449482.0,64.0
48.06,1625449482.0,64.0
48.38,1625449482.0,64.0
43.55,1625449482.0,64.0
30.47,1625449482.0,64.0
8.7,1625449482.0,64.0
-19.69,1625449482.0,64.0
-51.24,1625449482.0,64.0
-82.53,1625449482.0,64.0
-111.39,1625449482.0,64.0
-136.09,1625449482.0,64.0
-155.57,1625449482.0,64.0
-169.74,1625449482.0,64.0
-179.79,1625449482.0,64.0
-188.87,1625449482.0,64.0
-202.35,1625449482.0,64.0
-226.85,1625449482.0,64.0
-261.82,1625449482.0,64.0
-305.49,1625449482.0,64.0
-351.14,1625449482.0,64.0
-388.51,1625449482.0,64.0
-407.6,1625449482.0,64.0
-402.88,1625449482.0,64.0
-375.56,1625449482.0,64.0
-332.76,1625449482.0,64.0
-283.93,1625449482.0,64.0
-236.81,1625449482.0,64.0
-195.91,1625449482.0,64.0
-161.51,1625449482.0,64.0
-132.17,1625449482.0,64.0
-106.99,1625449482.0,64.0
-86.64,1625449482.0,64.0
-72.44,1625449482.0,64.0
-65.22,1625449482.0,64.0
-63.78,1625449482.0,64.0
-65.05,1625449482.0,64.0
-65.98,1625449482.0,64.0
-63.95,1625449482.0,64.0
-58.2,1625449482.0,64.0
-49.84,1625449482.0,64.0
-41.16,1625449482.0,64.0
-34.21,1625449482.0,64.0
-29.61,1625449482.0,64.0
-25.95,1625449482.0,64.0
-20.42,1625449482.0,64.0
-10.35,1625449482.0,64.0
6.15,1625449482.0,64.0
29.34,1625449482.0,64.0
58.17,1625449482.0,64.0
91.42,1625449482.0,64.0
128.67,1625449482.0,64.0
170.22,1625449482.0,64.0
215.88,1625449482.0,64.0
263.49,1625449482.0,64.0
308.13,1625449482.0,64.0
343.32,1625449482.0,64.0
363.18,1625449482.0,64.0
364.55,1625449482.0,64.0
347.68,1625449482.0,64.0
315.36,1625449482.0,64.0
271.08,1625449482.0,64.0
217.76,1625449482.0,64.0
157.98,1625449482.0,64.0
95.3,1625449482.0,64.0
35.25,1625449482.0,64.0
-15.18,1625449482.0,64.0
-49.87,1625449482.0,64.0
-66.21,1625449482.0,64.0
-66.39,1625449482.0,64.0
-56.35,1625449482.0,64.0
-42.91,1625449482.0,64.0
-31.02,1625449482.0,64.0
-22.32,1625449482.0,64.0
-15.88,1625449482.0,64.0
-9.85,1625449482.0,64.0
-3.12,1625449482.0,64.0
4.22,1625449482.0,64.0
11.44,1625449482.0,64.0
18.35,1625449482.0,64.0
25.83,1625449482.0,64.0
35.54,1625449482.0,64.0
48.85,1625449482.0,64.0
65.88,1625449482.0,64.0
85.08,1625449482.0,64.0
103.54,1625449482.0,64.0
118.01,1625449482.0,64.0
126.01,1625449482.0,64.0
126.58,1625449482.0,64.0
120.48,1625449482.0,64.0
109.55,1625449482.0,64.0
95.91,1625449482.0,64.0
81.37,1625449482.0,64.0
67.17,1625449482.0,64.0
54.23,1625449482.0,64.0
43.42,1625449482.0,64.0
35.58,1625449482.0,64.0
31.19,1625449482.0,64.0
29.98,1625449482.0,64.0
30.71,1625449482.0,64.0
31.6,1625449482.0,64.0
31.03,1625449482.0,64.0
28.12,1625449482.0,64.0
22.9,1625449482.0,64.0
15.77,1625449482.0,64.0
7.0,1625449482.0,64.0
-3.46,1625449482.0,64.0
-15.59,1625449482.0,64.0
-28.71,1625449482.0,64.0
-41.18,1625449482.0,64.0
-50.71,1625449482.0,64.0
-55.34,1625449482.0,64.0
-54.37,1625449482.0,64.0
-48.67,1625449482.0,64.0
-40.32,1625449482.0,64.0
-31.64,1625449482.0,64.0
-24.27,1625449482.0,64.0
-18.64,1625449482.0,64.0
-14.1,1625449482.0,64.0
-9.51,1625449482.0,64.0
-4.04,1625449482.0,64.0
2.45,1625449482.0,64.0
9.27,1625449482.0,64.0
15.27,1625449482.0,64.0
19.47,1625449482.0,64.0
21.59,1625449482.0,64.0
22.18,1625449482.0,64.0
22.42,1625449482.0,64.0
23.42,1625449482.0,64.0
25.51,1625449482.0,64.0
28.12,1625449482.0,64.0
30.03,1625449482.0,64.0
30.17,1625449482.0,64.0
28.23,1625449482.0,64.0
24.64,1625449482.0,64.0
20.15,1625449482.0,64.0
15.16,1625449482.0,64.0
9.53,1625449482.0,64.0
2.86,1625449482.0,64.0
-4.9,1625449482.0,64.0
-13.04,1625449482.0,64.0
-20.29,1625449482.0,64.0
-25.39,1625449482.0,64.0
-27.72,1625449482.0,64.0
-27.55,1625449482.0,64.0
-25.73,1625449482.0,64.0
-23.22,1625449482.0,64.0
-20.68,1625449482.0,64.0
-18.44,1625449482.0,64.0
-16.69,1625449482.0,64.0
-15.7,1625449482.0,64.0
-15.75,1625449482.0,64.0
-16.9,1625449482.0,64.0
-18.8,1625449482.0,64.0
-20.72,1625449482.0,64.0
-21.86,1625449482.0,64.0
-21.62,1625449482.0,64.0
-19.8,1625449482.0,64.0
-16.58,1625449482.0,64.0
-12.37,1625449482.0,64.0
-7.67,1625449482.0,64.0
-2.98,1625449482.0,64.0
1.2,1625449482.0,64.0
4.51,1625449482.0,64.0
6.8,1625449482.0,64.0
8.13,1625449482.0,64.0
8.81,1625449482.0,64.0
9.14,1625449482.0,64.0
9.31,1625449482.0,64.0
9.3,1625449482.0,64.0
9.02,1625449482.0,64.0
8.39,1625449482.0,64.0
7.5,1625449482.0,64.0
6.56,1625449482.0,64.0
5.83,1625449482.0,64.0
5.44,1625449482.0,64.0
5.35,1625449482.0,64.0
5.36,1625449482.0,64.0
5.29,1625449482.0,64.0
5.08,1625449482.0,64.0
4.82,1625449482.0,64.0
4.68,1625449482.0,64.0
4.75,1625449482.0,64.0
4.9,1625449482.0,64.0
4.8,1625449482.0,64.0
4.12,1625449482.0,64.0
2.8,1625449482.0,64.0
1.19,1625449482.0,64.0
-0.11,1625449482.0,64.0
-0.67,1625449482.0,64.0
-0.48,1625449482.0,64.0
-0.14,1625449482.0,64.0
-0.5,1625449482.0,64.0
-2.27,1625449482.0,64.0
-5.58,1625449482.0,64.0
-9.9,1625449482.0,64.0
-14.22,1625449482.0,64.0
-17.51,1625449482.0,64.0
-19.02,1625449482.0,64.0
-18.53,1625449482.0,64.0
-16.23,1625449482.0,64.0
-12.58,1625449482.0,64.0
-8.14,1625449482.0,64.0
-3.45,1625449482.0,64.0
1.03,1625449482.0,64.0
4.98,1625449482.0,64.0
8.3,1625449482.0,64.0
10.94,1625449482.0,64.0
13.06,1625449482.0,64.0
14.73,1625449482.0,64.0
16.07,1625449482.0,64.0
17.09,1625449482.0,64.0
17.8,1625449482.0,64.0
18.14,1625449482.0,64.0
17.99,1625449482.0,64.0
17.25,1625449482.0,64.0
15.81,1625449482.0,64.0
13.65,1625449482.0,64.0
10.85,1625449482.0,64.0
7.56,1625449482.0,64.0
3.85,1625449482.0,64.0
-0.27,1625449482.0,64.0
-4.85,1625449482.0,64.0
-9.87,1625449482.0,64.0
-15.09,1625449482.0,64.0
-20.03,1625449482.0,64.0
-24.12,1625449482.0,64.0
-26.99,1625449482.0,64.0
-28.66,1625449482.0,64.0
-29.55,1625449482.0,64.0
-30.23,1625449482.0,64.0
-31.12,1625449482.0,64.0
-32.24,1625449482.0,64.0
-33.26,1625449482.0,64.0
-33.81,1625449482.0,64.0
-33.86,1625449482.0,64.0
-33.77,1625449482.0,64.0
-34.07,1625449482.0,64.0
-34.98,1625449482.0,64.0
-36.08,1625449482.0,64.0
-36.32,1625449482.0,64.0
-34.5,1625449482.0,64.0
-29.87,1625449482.0,64.0
-22.65,1625449482.0,64.0
-13.92,1625449482.0,64.0
-5.17,1625449482.0,64.0
2.36,1625449482.0,64.0
8.24,1625449482.0,64.0
12.95,1625449482.0,64.0
17.49,1625449482.0,64.0
22.77,1625449482.0,64.0
29.11,1625449482.0,64.0
36.06,1625449482.0,64.0
42.75,1625449482.0,64.0
48.34,1625449482.0,64.0
52.44,1625449482.0,64.0
55.31,1625449482.0,64.0
57.72,1625449482.0,64.0
60.51,1625449482.0,64.0
64.17,1625449482.0,64.0
68.69,1625449482.0,64.0
73.63,1625449482.0,64.0
78.41,1625449482.0,64.0
82.68,1625449482.0,64.0
86.45,1625449482.0,64.0
90.02,1625449482.0,64.0
93.79,1625449482.0,64.0
97.96,1625449482.0,64.0
102.54,1625449482.0,64.0
107.4,1625449482.0,64.0
112.46,1625449482.0,64.0
117.73,1625449482.0,64.0
123.37,1625449482.0,64.0
129.56,1625449482.0,64.0
136.36,1625449482.0,64.0
143.77,1625449482.0,64.0
151.77,1625449482.0,64.0
160.41,1625449482.0,64.0
169.75,1625449482.0,64.0
179.8,1625449482.0,64.0
190.52,1625449482.0,64.0
201.9,1625449482.0,64.0
214.02,1625449482.0,64.0
227.06,1625449482.0,64.0
240.93,1625449482.0,64.0
254.91,1625449482.0,64.0
267.38,1625449482.0,64.0
276.03,1625449482.0,64.0
278.53,1625449482.0,64.0
273.46,1625449482.0,64.0
260.91,1625449482.0,64.0
242.55,1625449482.0,64.0
221.03,1625449482.0,64.0
199.14,1625449482.0,64.0
178.86,1625449482.0,64.0
160.96,1625449482.0,64.0
145.07,1625449482.0,64.0
130.04,1625449482.0,64.0
114.43,1625449482.0,64.0
96.86,1625449482.0,64.0
76.37,1625449482.0,64.0
52.52,1625449482.0,64.0
25.52,1625449482.0,64.0
-3.99,1625449482.0,64.0
-35.15,1625449482.0,64.0
-67.32,1625449482.0,64.0
-100.25,1625449482.0,64.0
-134.08,1625449482.0,64.0
-169.19,1625449482.0,64.0
-205.89,1625449482.0,64.0
-244.24,1625449482.0,64.0
-284.05,1625449482.0,64.0
-324.86,1625449482.0,64.0
-365.81,1625449482.0,64.0
-405.5,1625449482.0,64.0
-441.86,1625449482.0,64.0
-472.84,1625449482.0,64.0
-497.38,1625449482.0,64.0
-516.43,1625449482.0,64.0
-532.83,1625449482.0,64.0
-550.06,1625449482.0,64.0
-570.19,1625449482.0,64.0
-592.16,1625449482.0,64.0
-611.73,1625449482.0,64.0
-622.99,1625449482.0,64.0
-621.0,1625449482.0,64.0
-603.93,1625449482.0,64.0
-573.53,1625449482.0,64.0
-534.07,1625449482.0,64.0
-490.23,1625449482.0,64.0
-445.5,1625449482.0,64.0
-401.68,1625449482.0,64.0
-359.45,1625449482.0,64.0
-319.31,1625449482.0,64.0
-282.11,1625449482.0,64.0
-248.91,1625449482.0,64.0
-220.23,1625449482.0,64.0
-195.74,1625449482.0,64.0
-174.17,1625449482.0,64.0
-153.74,1625449482.0,64.0
-132.92,1625449482.0,64.0
-111.0,1625449482.0,64.0
-88.39,1625449482.0,64.0
-66.43,1625449482.0,64.0
-46.77,1625449482.0,64.0
-30.63,1625449482.0,64.0
-18.3,1625449482.0,64.0
-9.03,1625449482.0,64.0
-1.38,1625449482.0,64.0
6.05,1625449482.0,64.0
14.0,1625449482.0,64.0
22.13,1625449482.0,64.0
29.19,1625449482.0,64.0
33.63,1625449482.0,64.0
34.3,1625449482.0,64.0
31.11,1625449482.0,64.0
25.2,1625449482.0,64.0
18.67,1625449482.0,64.0
13.82,1625449482.0,64.0
12.42,1625449482.0,64.0
15.16,1625449482.0,64.0
21.7,1625449482.0,64.0
31.15,1625449482.0,64.0
42.68,1625449482.0,64.0
56.09,1625449482.0,64.0
71.92,1625449482.0,64.0
91.17,1625449482.0,64.0
114.89,1625449482.0,64.0
143.86,1625449482.0,64.0
178.57,1625449482.0,64.0
219.01,1625449482.0,64.0
264.23,1625449482.0,64.0
311.59,1625449482.0,64.0
356.53,1625449482.0,64.0
393.18,1625449482.0,64.0
416.11,1625449482.0,64.0
422.42,1625449482.0,64.0
413.17,1625449482.0,64.0
393.0,1625449482.0,64.0
368.21,1625449482.0,64.0
344.01,1625449482.0,64.0
322.62,1625449482.0,64.0
303.01,1625449482.0,64.0
282.5,1625449482.0,64.0
258.88,1625449482.0,64.0
231.96,1625449482.0,64.0
203.57,1625449482.0,64.0
176.46,1625449482.0,64.0
152.82,1625449482.0,64.0
133.46,1625449482.0,64.0
117.98,1625449482.0,64.0
105.62,1625449482.0,64.0
95.88,1625449482.0,64.0
88.69,1625449482.0,64.0
84.08,1625449482.0,64.0
81.47,1625449482.0,64.0
79.47,1625449482.0,64.0
76.18,1625449482.0,64.0
70.0,1625449482.0,64.0
60.42,1625449482.0,64.0
48.36,1625449482.0,64.0
35.78,1625449482.0,64.0
24.78,1625449482.0,64.0
16.71,1625449482.0,64.0
11.65,1625449482.0,64.0
8.63,1625449482.0,64.0
6.27,1625449482.0,64.0
3.55,1625449482.0,64.0
0.08,1625449482.0,64.0
-3.85,1625449482.0,64.0
-7.82,1625449482.0,64.0
-11.79,1625449482.0,64.0
-16.23,1625449482.0,64.0
-21.97,1625449482.0,64.0
-29.51,1625449482.0,64.0
-38.37,1625449482.0,64.0
-46.66,1625449482.0,64.0
-51.31,1625449482.0,64.0
-48.97,1625449482.0,64.0
-37.38,1625449482.0,64.0
-16.75,1625449482.0,64.0
10.07,1625449482.0,64.0
38.05,1625449482.0,64.0
61.79,1625449482.0,64.0
77.64,1625449482.0,64.0
84.69,1625449482.0,64.0
84.76,1625449482.0,64.0
81.06,1625449482.0,64.0
76.67,1625449482.0,64.0
73.58,1625449482.0,64.0
72.4,1625449482.0,64.0
72.42,1625449482.0,64.0
71.86,1625449482.0,64.0
68.07,1625449482.0,64.0
58.34,1625449482.0,64.0
41.12,1625449482.0,64.0
17.31,1625449482.0,64.0
-9.25,1625449482.0,64.0
-32.86,1625449482.0,64.0
-48.39,1625449482.0,64.0
-53.78,1625449482.0,64.0
-51.12,1625449482.0,64.0
-45.5,1625449482.0,64.0
-42.23,1625449482.0,64.0
-43.97,1625449482.0,64.0
-49.65,1625449482.0,64.0
-55.52,1625449482.0,64.0
-57.75,1625449482.0,64.0
-54.7,1625449482.0,64.0
-47.66,1625449482.0,64.0
-39.77,1625449482.0,64.0
-34.23,1625449482.0,64.0
-32.88,1625449482.0,64.0
-35.42,1625449482.0,64.0
-40.06,1625449482.0,64.0
-44.3,1625449482.0,64.0
-45.39,1625449482.0,64.0
-40.66,1625449482.0,64.0
-27.75,1625449482.0,64.0
-5.68,1625449482.0,64.0
23.73,1625449482.0,64.0
55.06,1625449482.0,64.0
80.24,1625449482.0,64.0
91.6,1625449482.0,64.0
85.77,1625449482.0,64.0
66.19,1625449482.0,64.0
42.44,1625449482.0,64.0
26.18,1625449482.0,64.0
25.82,1625449482.0,64.0
42.58,1625449482.0,64.0
70.26,1625449482.0,64.0
98.68,1625449482.0,64.0
118.55,1625449482.0,64.0
125.24,1625449482.0,64.0
119.54,1625449482.0,64.0
105.64,1625449482.0,64.0
88.05,1625449482.0,64.0
69.41,1625449482.0,64.0
50.29,1625449482.0,64.0
30.37,1625449482.0,64.0
10.05,1625449482.0,64.0
-8.96,1625449482.0,64.0
-24.08,1625449482.0,64.0
-33.48,1625449482.0,64.0
-37.22,1625449482.0,64.0
-37.67,1625449482.0,64.0
-38.63,1625449482.0,64.0
-43.4,1625449482.0,64.0
-53.16,1625449482.0,64.0
-66.27,1625449482.0,64.0
-78.99,1625449482.0,64.0
-87.3,1625449482.0,64.0
-88.69,1625449482.0,64.0
-83.25,1625449482.0,64.0
-73.33,1625449482.0,64.0
-62.33,1625449482.0,64.0
-53.19,1625449482.0,64.0
-47.41,1625449482.0,64.0
-44.92,1625449482.0,64.0
-44.59,1625449482.0,64.0
-45.06,1625449482.0,64.0
-45.34,1625449482.0,64.0
-45.05,1625449482.0,64.0
-44.32,1625449482.0,64.0
-43.57,1625449482.0,64.0
-43.17,1625449482.0,64.0
-43.28,1625449482.0,64.0
-43.75,1625449482.0,64.0
-44.15,1625449482.0,64.0
-43.95,1625449482.0,64.0
-42.7,1625449482.0,64.0
-40.25,1625449482.0,64.0
-36.77,1625449482.0,64.0
-32.73,1625449482.0,64.0
-28.72,1625449482.0,64.0
-25.24,1625449482.0,64.0
-22.58,1625449482.0,64.0
-20.69,1625449482.0,64.0
-19.24,1625449482.0,64.0
-17.78,1625449482.0,64.0
-15.96,1625449482.0,64.0
-13.73,1625449482.0,64.0
-11.41,1625449482.0,64.0
-9.58,1625449482.0,64.0
-8.83,1625449482.0,64.0
-9.46,1625449482.0,64.0
-11.32,1625449482.0,64.0
-13.86,1625449482.0,64.0
-16.24,1625449482.0,64.0
-17.69,1625449482.0,64.0
-17.66,1625449482.0,64.0
-16.09,1625449482.0,64.0
-13.31,1625449482.0,64.0
-10.03,1625449482.0,64.0
-7.08,1625449482.0,64.0
-5.2,1625449482.0,64.0
-4.74,1625449482.0,64.0
-5.57,1625449482.0,64.0
-7.11,1625449482.0,64.0
-8.65,1625449482.0,64.0
-9.62,1625449482.0,64.0
-9.81,1625449482.0,64.0
-9.38,1625449482.0,64.0
-8.68,1625449482.0,64.0
-8.0,1625449482.0,64.0
-7.51,1625449482.0,64.0
-7.22,1625449482.0,64.0
-7.17,1625449482.0,64.0
-7.44,1625449482.0,64.0
-8.15,1625449482.0,64.0
-9.33,1625449482.0,64.0
-10.85,1625449482.0,64.0
-12.36,1625449482.0,64.0
-13.51,1625449482.0,64.0
-14.06,1625449482.0,64.0
-14.02,1625449482.0,64.0
-13.52,1625449482.0,64.0
-12.69,1625449482.0,64.0
-11.54,1625449482.0,64.0
-9.92,1625449482.0,64.0
-7.76,1625449482.0,64.0
-5.14,1625449482.0,64.0
-2.39,1625449482.0,64.0
0.01,1625449482.0,64.0
1.73,1625449482.0,64.0
2.76,1625449482.0,64.0
3.43,1625449482.0,64.0
4.29,1625449482.0,64.0
5.66,1625449482.0,64.0
7.5,1625449482.0,64.0
9.28,1625449482.0,64.0
10.35,1625449482.0,64.0
10.14,1625449482.0,64.0
8.56,1625449482.0,64.0
5.98,1625449482.0,64.0
3.09,1625449482.0,64.0
0.58,1625449482.0,64.0
-1.11,1625449482.0,64.0
-1.84,1625449482.0,64.0
-1.86,1625449482.0,64.0
-1.55,1625449482.0,64.0
-1.34,1625449482.0,64.0
-1.55,1625449482.0,64.0
-2.25,1625449482.0,64.0
-3.3,1625449482.0,64.0
-4.41,1625449482.0,64.0
-5.22,1625449482.0,64.0
-5.57,1625449482.0,64.0
-5.55,1625449482.0,64.0
-5.47,1625449482.0,64.0
-5.65,1625449482.0,64.0
-6.23,1625449482.0,64.0
-7.01,1625449482.0,64.0
-7.61,1625449482.0,64.0
-7.7,1625449482.0,64.0
-7.24,1625449482.0,64.0
-6.51,1625449482.0,64.0
-5.98,1625449482.0,64.0
-6.01,1625449482.0,64.0
-6.66,1625449482.0,64.0
-7.68,1625449482.0,64.0
-8.68,1625449482.0,64.0
-9.31,1625449482.0,64.0
-9.43,1625449482.0,64.0
-9.04,1625449482.0,64.0
-8.23,1625449482.0,64.0
-7.02,1625449482.0,64.0
-5.42,1625449482.0,64.0
-3.42,1625449482.0,64.0
-1.08,1625449482.0,64.0
1.47,1625449482.0,64.0
4.02,1625449482.0,64.0
6.32,1625449482.0,64.0
8.14,1625449482.0,64.0
9.27,1625449482.0,64.0
9.59,1625449482.0,64.0
9.16,1625449482.0,64.0
8.19,1625449482.0,64.0
7.0,1625449482.0,64.0
5.92,1625449482.0,64.0
5.18,1625449482.0,64.0
4.8,1625449482.0,64.0
4.63,1625449482.0,64.0
4.48,1625449482.0,64.0
4.19,1625449482.0,64.0
3.74,1625449482.0,64.0
3.29,1625449482.0,64.0
3.05,1625449482.0,64.0
3.21,1625449482.0,64.0
3.81,1625449482.0,64.0
4.73,1625449482.0,64.0
5.73,1625449482.0,64.0
6.55,1625449482.0,64.0
7.04,1625449482.0,64.0
7.2,1625449482.0,64.0
7.18,1625449482.0,64.0
7.2,1625449482.0,64.0
7.44,1625449482.0,64.0
7.92,1625449482.0,64.0
8.58,1625449482.0,64.0
9.31,1625449482.0,64.0
10.03,1625449482.0,64.0
10.77,1625449482.0,64.0
11.57,1625449482.0,64.0
12.39,1625449482.0,64.0
13.1,1625449482.0,64.0
13.5,1625449482.0,64.0
13.47,1625449482.0,64.0
13.01,1625449482.0,64.0
12.13,1625449482.0,64.0
10.62,1625449482.0,64.0
7.81,1625449482.0,64.0
2.7,1625449482.0,64.0
-5.66,1625449482.0,64.0
-17.42,1625449482.0,64.0
-31.48,1625449482.0,64.0
-45.43,1625449482.0,64.0
-56.26,1625449482.0,64.0
-61.43,1625449482.0,64.0
-59.87,1625449482.0,64.0
-52.32,1625449482.0,64.0
-41.03,1625449482.0,64.0
-28.63,1625449482.0,64.0
-17.2,1625449482.0,64.0
-7.64,1625449482.0,64.0
0.14,1625449482.0,64.0
6.68,1625449482.0,64.0
12.27,1625449482.0,64.0
16.67,1625449482.0,64.0
19.37,1625449482.0,64.0
20.07,1625449482.0,64.0
19.05,1625449482.0,64.0
17.14,1625449482.0,64.0
15.31,1625449482.0,64.0
14.16,1625449482.0,64.0
13.6,1625449482.0,64.0
12.98,1625449482.0,64.0
11.56,1625449482.0,64.0
9.04,1625449482.0,64.0
5.77,1625449482.0,64.0
2.62,1625449482.0,64.0
0.44,1625449482.0,64.0
-0.51,1625449482.0,64.0
-0.82,1625449482.0,64.0
-1.85,1625449482.0,64.0
-5.12,1625449482.0,64.0
-11.54,1625449482.0,64.0
-20.79,1625449482.0,64.0
-31.27,1625449482.0,64.0
-40.57,1625449482.0,64.0
-46.43,1625449482.0,64.0
-47.72,1625449482.0,64.0
-44.79,1625449482.0,64.0
-39.4,1625449482.0,64.0
-33.81,1625449482.0,64.0
-29.94,1625449482.0,64.0
-28.5,1625449482.0,64.0
-28.93,1625449482.0,64.0
-29.64,1625449482.0,64.0
-28.76,1625449482.0,64.0
-24.87,1625449482.0,64.0
-17.54,1625449482.0,64.0
-7.59,1625449482.0,64.0
3.12,1625449482.0,64.0
12.21,1625449482.0,64.0
17.56,1625449482.0,64.0
17.95,1625449482.0,64.0
13.54,1625449482.0,64.0
5.87,1625449482.0,64.0
-2.54,1625449482.0,64.0
-8.95,1625449482.0,64.0
-11.28,1625449482.0,64.0
-9.18,1625449482.0,64.0
-4.87,1625449482.0,64.0
-2.96,1625449482.0,64.0
-8.97,1625449482.0,64.0
-26.83,1625449482.0,64.0
-56.5,1625449482.0,64.0
-92.95,1625449482.0,64.0
-127.66,1625449482.0,64.0
-151.87,1625449482.0,64.0
-160.32,1625449482.0,64.0
-153.45,1625449482.0,64.0
-137.09,1625449482.0,64.0
-120.1,1625449482.0,64.0
-111.11,1625449482.0,64.0
-115.78,1625449482.0,64.0
-135.36,1625449482.0,64.0
-166.6,1625449482.0,64.0
-202.77,1625449482.0,64.0
-235.57,1625449482.0,64.0
-257.43,1625449482.0,64.0
-263.67,1625449482.0,64.0
-253.83,1625449482.0,64.0
-231.46,1625449482.0,64.0
-202.5,1625449482.0,64.0
-172.8,1625449482.0,64.0
-146.19,1625449482.0,64.0
-123.92,1625449482.0,64.0
-105.15,1625449482.0,64.0
-88.15,1625449482.0,64.0
-71.05,1625449482.0,64.0
-52.12,1625449482.0,64.0
-29.49,1625449482.0,64.0
-1.09,1625449482.0,64.0
34.84,1625449482.0,64.0
78.81,1625449482.0,64.0
129.39,1625449482.0,64.0
182.95,1625449482.0,64.0
234.36,1625449482.0,64.0
278.34,1625449482.0,64.0
311.21,1625449482.0,64.0
332.14,1625449482.0,64.0
343.33,1625449482.0,64.0
348.72,1625449482.0,64.0
352.03,1625449482.0,64.0
355.1,1625449482.0,64.0
357.74,1625449482.0,64.0
358.99,1625449482.0,64.0
358.66,1625449482.0,64.0
358.16,1625449482.0,64.0
359.59,1625449482.0,64.0
364.1,1625449482.0,64.0
370.62,1625449482.0,64.0
376.05,1625449482.0,64.0
377.0,1625449482.0,64.0
371.82,1625449482.0,64.0
361.5,1625449482.0,64.0
348.89,1625449482.0,64.0
336.92,1625449482.0,64.0
327.02,1625449482.0,64.0
318.96,1625449482.0,64.0
311.76,1625449482.0,64.0
304.91,1625449482.0,64.0
298.69,1625449482.0,64.0
293.45,1625449482.0,64.0
288.47,1625449482.0,64.0
281.35,1625449482.0,64.0
268.59,1625449482.0,64.0
246.9,1625449482.0,64.0
214.59,1625449482.0,64.0
172.22,1625449482.0,64.0
122.27,1625449482.0,64.0
68.15,1625449482.0,64.0
13.07,1625449482.0,64.0
-40.65,1625449482.0,64.0
-91.77,1625449482.0,64.0
-139.89,1625449482.0,64.0
-185.17,1625449482.0,64.0
-228.13,1625449482.0,64.0
-269.53,1625449482.0,64.0
-310.16,1625449482.0,64.0
-350.51,1625449482.0,64.0
-390.21,1625449482.0,64.0
-427.54,1625449482.0,64.0
-459.32,1625449482.0,64.0
-481.61,1625449482.0,64.0
-490.94,1625449482.0,64.0
-485.85,1625449482.0,64.0
-467.73,1625449482.0,64.0
-440.56,1625449482.0,64.0
-409.61,1625449482.0,64.0
-379.65,1625449482.0,64.0
-353.49,1625449482.0,64.0
-331.61,1625449482.0,64.0
-312.86,1625449482.0,64.0
-295.5,1625449482.0,64.0
-278.19,1625449482.0,64.0
-260.33,1625449482.0,64.0
-241.76,1625449482.0,64.0
-222.43,1625449482.0,64.0
-202.23,1625449482.0,64.0
-181.25,1625449482.0,64.0
-160.01,1625449482.0,64.0
-139.65,1625449482.0,64.0
-121.67,1625449482.0,64.0
-107.42,1625449482.0,64.0
-97.54,1625449482.0,64.0
-91.83,1625449482.0,64.0
-89.2,1625449482.0,64.0
-88.03,1625449482.0,64.0
-86.4,1625449482.0,64.0
-82.38,1625449482.0,64.0
-74.44,1625449482.0,64.0
-61.79,1625449482.0,64.0
-44.82,1625449482.0,64.0
-25.32,1625449482.0,64.0
-6.02,1625449482.0,64.0
10.16,1625449482.0,64.0
21.21,1625449482.0,64.0
26.7,1625449482.0,64.0
27.62,1625449482.0,64.0
25.57,1625449482.0,64.0
21.72,1625449482.0,64.0
16.17,1625449482.0,64.0
8.08,1625449482.0,64.0
-3.57,1625449482.0,64.0
-19.07,1625449482.0,64.0
-37.44,1625449482.0,64.0
-56.31,1625449482.0,64.0
-72.46,1625449482.0,64.0
-82.78,1625449482.0,64.0
-85.3,1625449482.0,64.0
-80.09,1625449482.0,64.0
-69.48,1625449482.0,64.0
-57.29,1625449482.0,64.0
-47.22,1625449482.0,64.0
-41.2,1625449482.0,64.0
-38.59,1625449482.0,64.0
-36.73,1625449482.0,64.0
-32.86,1625449482.0,64.0
-25.71,1625449482.0,64.0
-16.02,1625449482.0,64.0
-5.62,1625449482.0,64.0
4.34,1625449482.0,64.0
14.3,1625449482.0,64.0
25.61,1625449482.0,64.0
38.75,1625449482.0,64.0
51.95,1625449482.0,64.0
61.52,1625449482.0,64.0
64.26,1625449482.0,64.0
60.46,1625449482.0,64.0
55.3,1625449482.0,64.0
57.54,1625449482.0,64.0
75.53,1625449482.0,64.0
113.02,1625449482.0,64.0
166.76,1625449482.0,64.0
227.58,1625449482.0,64.0
283.71,1625449482.0,64.0
324.92,1625449482.0,64.0
345.16,1625449482.0,64.0
342.65,1625449482.0,64.0
318.41,1625449482.0,64.0
274.37,1625449482.0,64.0
213.12,1625449482.0,64.0
139.03,1625449482.0,64.0
59.89,1625449482.0,64.0
-12.9,1625449482.0,64.0
-66.84,1625449482.0,64.0
-92.9,1625449482.0,64.0
-90.12,1625449482.0,64.0
-66.66,1625449482.0,64.0
-37.19,1625449482.0,64.0
-16.8,1625449482.0,64.0
-15.18,1625449482.0,64.0
-34.03,1625449482.0,64.0
-68.6,1625449482.0,64.0
-111.73,1625449482.0,64.0
-157.76,1625449482.0,64.0
-203.58,1625449482.0,64.0
-246.95,1625449482.0,64.0
-284.17,1625449482.0,64.0
-309.31,1625449482.0,64.0
-316.07,1625449482.0,64.0
-300.96,1625449482.0,64.0
-265.38,1625449482.0,64.0
-215.13,1625449482.0,64.0
-157.93,1625449482.0,64.0
-100.38,1625449482.0,64.0
-46.35,1625449482.0,64.0
2.3,1625449482.0,64.0
43.99,1625449482.0,64.0
76.37,1625449482.0,64.0
96.82,1625449482.0,64.0
104.05,1625449482.0,64.0
99.49,1625449482.0,64.0
87.4,1625449482.0,64.0
73.53,1625449482.0,64.0
63.31,1625449482.0,64.0
59.73,1625449482.0,64.0
62.71,1625449482.0,64.0
69.91,1625449482.0,64.0
78.29,1625449482.0,64.0
85.64,1625449482.0,64.0
91.35,1625449482.0,64.0
95.86,1625449482.0,64.0
100.1,1625449482.0,64.0
105.47,1625449482.0,64.0
113.01,1625449482.0,64.0
123.14,1625449482.0,64.0
135.18,1625449482.0,64.0
147.45,1625449482.0,64.0
157.12,1625449482.0,64.0
160.97,1625449482.0,64.0
156.58,1625449482.0,64.0
143.92,1625449482.0,64.0
127.18,1625449482.0,64.0
112.56,1625449482.0,64.0
105.78,1625449482.0,64.0
108.86,1625449482.0,64.0
119.09,1625449482.0,64.0
130.08,1625449482.0,64.0
134.69,1625449482.0,64.0
128.18,1625449482.0,64.0
110.29,1625449482.0,64.0
87.21,1625449482.0,64.0
67.97,1625449482.0,64.0
60.99,1625449482.0,64.0
70.35,1625449482.0,64.0
94.67,1625449482.0,64.0
128.51,1625449482.0,64.0
164.89,1625449482.0,64.0
197.79,1625449482.0,64.0
213.18,1625449482.0,64.0
201.73,1625449482.0,64.0
161.27,1625449482.0,64.0
98.79,1625449482.0,64.0
25.42,1625449482.0,64.0
-49.21,1625449482.0,64.0
-119.52,1625449482.0,64.0
-182.52,1625449482.0,64.0
-235.95,1625449482.0,64.0
-277.95,1625449482.0,64.0
-304.77,1625449482.0,64.0
-316.48,1625449482.0,64.0
-315.19,1625449482.0,64.0
-305.57,1625449482.0,64.0
-293.12,1625449482.0,64.0
-282.13,1625449482.0,64.0
-274.01,1625449482.0,64.0
-267.37,1625449482.0,64.0
-259.04,1625449482.0,64.0
-244.23,1625449482.0,64.0
-221.12,1625449482.0,64.0
-189.85,1625449482.0,64.0
-153.4,1625449482.0,64.0
-116.11,1625449482.0,64.0
-81.66,1625449482.0,64.0
-51.61,1625449482.0,64.0
-25.06,1625449482.0,64.0
0.34,1625449482.0,64.0
27.95,1625449482.0,64.0
59.94,1625449482.0,64.0
97.15,1625449482.0,64.0
138.26,1625449482.0,64.0
180.42,1625449482.0,64.0
220.17,1625449482.0,64.0
254.01,1625449482.0,64.0
278.81,1625449482.0,64.0
292.22,1625449482.0,64.0
293.74,1625449482.0,64.0
284.84,1625449482.0,64.0
269.12,1625449482.0,64.0
250.82,1625449482.0,64.0
233.2,1625449482.0,64.0
217.12,1625449482.0,64.0
200.65,1625449482.0,64.0
180.2,1625449482.0,64.0
152.66,1625449482.0,64.0
117.79,1625449482.0,64.0
78.95,1625449482.0,64.0
42.18,1625449482.0,64.0
13.43,1625449482.0,64.0
-4.06,1625449482.0,64.0
-11.05,1625449482.0,64.0
-11.58,1625449482.0,64.0
-10.75,1625449482.0,64.0
-12.28,1625449482.0,64.0
-16.99,1625449482.0,64.0
-23.15,1625449482.0,64.0
-28.15,1625449482.0,64.0
-30.34,1625449482.0,64.0
-30.05,1625449482.0,64.0
-29.0,1625449482.0,64.0
-29.12,1625449482.0,64.0
-31.12,1625449482.0,64.0
-34.19,1625449482.0,64.0
-36.77,1625449482.0,64.0
-37.7,1625449482.0,64.0
-37.18,1625449482.0,64.0
-36.7,1625449482.0,64.0
-37.96,1625449482.0,64.0
-41.72,1625449482.0,64.0
-46.95,1625449482.0,64.0
-51.1,1625449482.0,64.0
-51.22,1625449482.0,64.0
-45.18,1625449482.0,64.0
-32.75,1625449482.0,64.0
-15.85,1625449482.0,64.0
1.88,1625449482.0,64.0
16.43,1625449482.0,64.0
24.64,1625449482.0,64.0
25.43,1625449482.0,64.0
20.16,1625449482.0,64.0
12.04,1625449482.0,64.0
5.02,1625449482.0,64.0
2.38,1625449482.0,64.0
5.43,1625449482.0,64.0
12.91,1625449482.0,64.0
21.45,1625449482.0,64.0
26.63,1625449482.0,64.0
24.54,1625449482.0,64.0
13.27,1625449482.0,64.0
-6.15,1625449482.0,64.0
-29.47,1625449482.0,64.0
-49.98,1625449482.0,64.0
-61.06,1625449482.0,64.0
-58.72,1625449482.0,64.0
-43.3,1625449482.0,64.0
-19.4,1625449482.0,64.0
5.79,1625449482.0,64.0
25.3,1625449482.0,64.0
34.38,1625449482.0,64.0
32.0,1625449482.0,64.0
20.91,1625449482.0,64.0
5.35,1625449482.0,64.0
-10.12,1625449482.0,64.0
-21.35,1625449482.0,64.0
-25.04,1625449482.0,64.0
-19.23,1625449482.0,64.0
-3.93,1625449482.0,64.0
17.89,1625449482.0,64.0
41.86,1625449482.0,64.0
64.44,1625449482.0,64.0
83.09,1625449482.0,64.0
97.3,1625449482.0,64.0
108.4,1625449482.0,64.0
118.52,1625449482.0,64.0
129.49,1625449482.0,64.0
142.0,1625449482.0,64.0
154.86,1625449482.0,64.0
167.36,1625449482.0,64.0
180.77,1625449482.0,64.0
196.47,1625449482.0,64.0
215.45,1625449482.0,64.0
237.71,1625449482.0,64.0
262.21,1625449482.0,64.0
287.64,1625449482.0,64.0
312.81,1625449482.0,64.0
335.98,1625449482.0,64.0
345.95,1625449482.0,64.0
335.35,1625449482.0,64.0
300.74,1625449482.0,64.0
244.65,1625449482.0,64.0
175.27,1625449482.0,64.0
103.56,1625449482.0,64.0
39.67,1625449482.0,64.0
-4.57,1625449482.0,64.0
-31.13,1625449482.0,64.0
-46.88,1625449482.0,64.0
-59.36,1625449482.0,64.0
-76.37,1625449482.0,64.0
-103.56,1625449482.0,64.0
-142.7,1625449482.0,64.0
-192.32,1625449482.0,64.0
-245.57,1625449482.0,64.0
-293.81,1625449482.0,64.0
-331.17,1625449482.0,64.0
-354.92,1625449482.0,64.0
-365.4,1625449482.0,64.0
-365.9,1625449482.0,64.0
-360.16,1625449482.0,64.0
-350.9,1625449482.0,64.0
-339.62,1625449482.0,64.0
-327.38,1625449482.0,64.0
-316.02,1625449482.0,64.0
-308.48,1625449482.0,64.0
-305.7,1625449482.0,64.0
-304.99,1625449482.0,64.0
-300.84,1625449482.0,64.0
-286.36,1625449482.0,64.0
-256.09,1625449482.0,64.0
-208.64,1625449482.0,64.0
-147.33,1625449482.0,64.0
-79.11,1625449482.0,64.0
-12.03,1625449482.0,64.0
48.73,1625449482.0,64.0
102.27,1625449482.0,64.0
150.49,1625449482.0,64.0
195.75,1625449482.0,64.0
238.56,1625449482.0,64.0
277.06,1625449482.0,64.0
308.28,1625449482.0,64.0
329.96,1625449482.0,64.0
341.63,1625449482.0,64.0
344.74,1625449482.0,64.0
341.17,1625449482.0,64.0
331.4,1625449482.0,64.0
314.15,1625449482.0,64.0
287.39,1625449482.0,64.0
250.27,1625449482.0,64.0
204.64,1625449482.0,64.0
154.96,1625449482.0,64.0
106.82,1625449482.0,64.0
65.05,1625449482.0,64.0
32.0,1625449482.0,64.0
7.13,1625449482.0,64.0
-12.14,1625449482.0,64.0
-29.0,1625449482.0,64.0
-45.81,1625449482.0,64.0
-63.2,1625449482.0,64.0
-80.12,1625449482.0,64.0
-94.49,1625449482.0,64.0
-104.46,1625449482.0,64.0
-109.47,1625449482.0,64.0
-110.87,1625449482.0,64.0
-111.48,1625449482.0,64.0
-114.32,1625449482.0,64.0
-121.3,1625449482.0,64.0
-132.47,1625449482.0,64.0
-146.23,1625449482.0,64.0
-160.27,1625449482.0,64.0
-172.76,1625449482.0,64.0
-182.92,1625449482.0,64.0
-190.89,1625449482.0,64.0
-197.06,1625449482.0,64.0
-201.3,1625449482.0,64.0
-202.68,1625449482.0,64.0
-199.9,1625449482.0,64.0
-192.02,1625449482.0,64.0
-179.17,1625449482.0,64.0
-162.62,1625449482.0,64.0
-144.37,1625449482.0,64.0
-126.3,1625449482.0,64.0
-109.48,1625449482.0,64.0
-93.87,1625449482.0,64.0
-78.72,1625449482.0,64.0
-63.17,1625449482.0,64.0
-46.85,1625449482.0,64.0
-30.14,1625449482.0,64.0
-14.05,1625449482.0,64.0
0.26,1625449482.0,64.0
12.0,1625449482.0,64.0
20.99,1625449482.0,64.0
27.67,1625449482.0,64.0
32.8,1625449482.0,64.0
37.21,1625449482.0,64.0
41.39,1625449482.0,64.0
45.5,1625449482.0,64.0
49.32,1625449482.0,64.0
52.49,1625449482.0,64.0
54.67,1625449482.0,64.0
55.68,1625449482.0,64.0
55.61,1625449482.0,64.0
54.69,1625449482.0,64.0
53.27,1625449482.0,64.0
51.61,1625449482.0,64.0
49.88,1625449482.0,64.0
48.06,1625449482.0,64.0
46.07,1625449482.0,64.0
43.78,1625449482.0,64.0
41.14,1625449482.0,64.0
38.13,1625449482.0,64.0
34.81,1625449482.0,64.0
31.27,1625449482.0,64.0
27.6,1625449482.0,64.0
23.88,1625449482.0,64.0
20.16,1625449482.0,64.0
16.42,1625449482.0,64.0
12.59,1625449482.0,64.0
8.53,1625449482.0,64.0
4.1,1625449482.0,64.0
-0.77,1625449482.0,64.0
-6.03,1625449482.0,64.0
-11.46,1625449482.0,64.0
-16.67,1625449482.0,64.0
-21.23,1625449482.0,64.0
-24.69,1625449482.0,64.0
-26.7,1625449482.0,64.0
-27.06,1625449482.0,64.0
-25.73,1625449482.0,64.0
-22.77,1625449482.0,64.0
-18.37,1625449482.0,64.0
-12.76,1625449482.0,64.0
-6.24,1625449482.0,64.0
0.81,1625449482.0,64.0
7.97,1625449482.0,64.0
14.78,1625449482.0,64.0
20.8,1625449482.0,64.0
25.76,1625449482.0,64.0
29.53,1625449482.0,64.0
32.22,1625449482.0,64.0
34.05,1625449482.0,64.0
35.31,1625449482.0,64.0
36.26,1625449482.0,64.0
37.03,1625449482.0,64.0
37.65,1625449482.0,64.0
37.99,1625449482.0,64.0
37.92,1625449482.0,64.0
37.31,1625449482.0,64.0
36.14,1625449482.0,64.0
34.5,1625449482.0,64.0
32.56,1625449482.0,64.0
30.44,1625449482.0,64.0
28.18,1625449482.0,64.0
25.67,1625449482.0,64.0
22.75,1625449482.0,64.0
19.32,1625449482.0,64.0
15.48,1625449482.0,64.0
11.54,1625449482.0,64.0
7.91,1625449482.0,64.0
4.84,1625449482.0,64.0
2.25,1625449482.0,64.0
-0.25,1625449482.0,64.0
-3.23,1625449482.0,64.0
-7.06,1625449482.0,64.0
-11.76,1625449482.0,64.0
-16.9,1625449482.0,64.0
-21.87,1625449482.0,64.0
-26.21,1625449482.0,64.0
-29.77,1625449482.0,64.0
-32.75,1625449482.0,64.0
-35.46,1625449482.0,64.0
-38.01,1625449482.0,64.0
-40.19,1625449482.0,64.0
-41.54,1625449482.0,64.0
-41.64,1625449482.0,64.0
-40.3,1625449482.0,64.0
-37.56,1625449482.0,64.0
-33.38,1625449482.0,64.0
-27.46,1625449482.0,64.0
-19.27,1625449482.0,64.0
-8.44,1625449482.0,64.0
4.65,1625449482.0,64.0
18.68,1625449482.0,64.0
31.67,1625449482.0,64.0
41.85,1625449482.0,64.0
48.47,1625449482.0,64.0
52.25,1625449482.0,64.0
54.94,1625449482.0,64.0
58.44,1625449482.0,64.0
63.76,1625449482.0,64.0
70.67,1625449482.0,64.0
77.79,1625449482.0,64.0
83.33,1625449482.0,64.0
85.75,1625449482.0,64.0
84.12,1625449482.0,64.0
78.26,1625449482.0,64.0
68.69,1625449482.0,64.0
56.66,1625449482.0,64.0
43.98,1625449482.0,64.0
32.83,1625449482.0,64.0
25.14,1625449482.0,64.0
21.87,1625449482.0,64.0
22.34,1625449482.0,64.0
24.08,1625449482.0,64.0
23.32,1625449482.0,64.0
16.22,1625449482.0,64.0
0.21,1625449482.0,64.0
-24.9,1625449482.0,64.0
-56.47,1625449482.0,64.0
-89.45,1625449482.0,64.0
-117.43,1625449482.0,64.0
-134.35,1625449482.0,64.0
-136.26,1625449482.0,64.0
-122.54,1625449482.0,64.0
-96.1,1625449482.0,64.0
-62.33,1625449482.0,64.0
-27.25,1625449482.0,64.0
4.47,1625449482.0,64.0
30.52,1625449482.0,64.0
50.89,1625449482.0,64.0
66.61,1625449482.0,64.0
78.3,1625449482.0,64.0
85.17,1625449482.0,64.0
85.06,1625449482.0,64.0
75.51,1625449482.0,64.0
55.3,1625449482.0,64.0
25.67,1625449482.0,64.0
-9.27,1625449482.0,64.0
-43.29,1625449482.0,64.0
-69.61,1625449482.0,64.0
-82.79,1625449482.0,64.0
-80.33,1625449482.0,64.0
-63.28,1625449482.0,64.0
-35.79,1625449482.0,64.0
-3.45,1625449482.0,64.0
28.44,1625449482.0,64.0
56.21,1625449482.0,64.0
78.11,1625449482.0,64.0
93.53,1625449482.0,64.0
101.72,1625449482.0,64.0
100.99,1625449482.0,64.0
89.0,1625449482.0,64.0
64.06,1625449482.0,64.0
27.02,1625449482.0,64.0
-17.49,1625449482.0,64.0
-61.29,1625449482.0,64.0
-94.61,1625449482.0,64.0
-109.33,1625449482.0,64.0
-102.19,1625449482.0,64.0
-76.04,1625449482.0,64.0
-38.92,1625449482.0,64.0
-0.77,1625449482.0,64.0
30.3,1625449482.0,64.0
50.71,1625449482.0,64.0
61.49,1625449482.0,64.0
66.07,1625449482.0,64.0
66.99,1625449482.0,64.0
63.72,1625449482.0,64.0
52.74,1625449482.0,64.0
30.01,1625449482.0,64.0
-5.67,1625449482.0,64.0
-50.19,1625449482.0,64.0
-94.31,1625449482.0,64.0
-126.49,1625449482.0,64.0
-137.32,1625449482.0,64.0
-123.39,1625449482.0,64.0
-88.56,1625449482.0,64.0
-42.42,1625449482.0,64.0
3.8,1625449482.0,64.0
41.39,1625449482.0,64.0
66.87,1625449482.0,64.0
81.86,1625449482.0,64.0
90.51,1625449482.0,64.0
96.03,1625449482.0,64.0
98.38,1625449482.0,64.0
94.32,1625449482.0,64.0
79.68,1625449482.0,64.0
52.54,1625449482.0,64.0
15.32,1625449482.0,64.0
-25.31,1625449482.0,64.0
-60.99,1625449482.0,64.0
-85.01,1625449482.0,64.0
-94.97,1625449482.0,64.0
-93.03,1625449482.0,64.0
-84.31,1625449482.0,64.0
-74.1,1625449482.0,64.0
-65.62,1625449482.0,64.0
-59.34,1625449482.0,64.0
-53.93,1625449482.0,64.0
-47.95,1625449482.0,64.0
-41.24,1625449482.0,64.0
-35.12,1625449482.0,64.0
-31.61,1625449482.0,64.0
-32.2,1625449482.0,64.0
-36.87,1625449482.0,64.0
-44.02,1625449482.0,64.0
-51.01,1625449482.0,64.0
-55.23,1625449482.0,64.0
-55.09,1625449482.0,64.0
-50.59,1625449482.0,64.0
-43.02,1625449482.0,64.0
-34.35,1625449482.0,64.0
-26.28,1625449482.0,64.0
-19.57,1625449482.0,64.0
-13.94,1625449482.0,64.0
-8.41,1625449482.0,64.0
-1.99,1625449482.0,64.0
5.68,1625449482.0,64.0
14.11,1625449482.0,64.0
22.18,1625449482.0,64.0
28.68,1625449482.0,64.0
32.86,1625449482.0,64.0
34.71,1625449482.0,64.0
34.95,1625449482.0,64.0
34.57,1625449482.0,64.0
34.4,1625449482.0,64.0
34.79,1625449482.0,64.0
35.61,1625449482.0,64.0
36.41,1625449482.0,64.0
36.72,1625449482.0,64.0
36.25,1625449482.0,64.0
35.01,1625449482.0,64.0
33.12,1625449482.0,64.0
30.81,1625449482.0,64.0
28.19,1625449482.0,64.0
25.29,1625449482.0,64.0
22.05,1625449482.0,64.0
18.48,1625449482.0,64.0
14.66,1625449482.0,64.0
10.76,1625449482.0,64.0
6.95,1625449482.0,64.0
3.32,1625449482.0,64.0
-0.19,1625449482.0,64.0
-3.73,1625449482.0,64.0
-7.53,1625449482.0,64.0
-11.76,1625449482.0,64.0
-16.45,1625449482.0,64.0
-21.42,1625449482.0,64.0
-26.31,1625449482.0,64.0
-30.63,1625449482.0,64.0
-33.86,1625449482.0,64.0
-35.6,1625449482.0,64.0
-35.58,1625449482.0,64.0
-33.77,1625449482.0,64.0
-30.36,1625449482.0,64.0
-25.62,1625449482.0,64.0
-19.88,1625449482.0,64.0
-13.41,1625449482.0,64.0
-6.46,1625449482.0,64.0
0.75,1625449482.0,64.0
7.91,1625449482.0,64.0
14.66,1625449482.0,64.0
20.57,1625449482.0,64.0
25.34,1625449482.0,64.0
28.82,1625449482.0,64.0
31.12,1625449482.0,64.0
32.51,1625449482.0,64.0
33.34,1625449482.0,64.0
33.89,1625449482.0,64.0
34.27,1625449482.0,64.0
34.44,1625449482.0,64.0
34.26,1625449482.0,64.0
33.65,1625449482.0,64.0
32.62,1625449482.0,64.0
31.28,1625449482.0,64.0
29.78,1625449482.0,64.0
28.15,1625449482.0,64.0
26.29,1625449482.0,64.0
24.05,1625449482.0,64.0
21.32,1625449482.0,64.0
18.13,1625449482.0,64.0
14.71,1625449482.0,64.0
11.29,1625449482.0,64.0
8.04,1625449482.0,64.0
4.96,1625449482.0,64.0
1.9,1625449482.0,64.0
-1.32,1625449482.0,64.0
-4.81,1625449482.0,64.0
-8.58,1625449482.0,64.0
-12.58,1625449482.0,64.0
-16.82,1625449482.0,64.0
-21.33,1625449482.0,64.0
-26.09,1625449482.0,64.0
-30.94,1625449482.0,64.0
-35.46,1625449482.0,64.0
-39.03,1625449482.0,64.0
-41.07,1625449482.0,64.0
-41.17,1625449482.0,64.0
-39.32,1625449482.0,64.0
-35.79,1625449482.0,64.0
-31.01,1625449482.0,64.0
-25.39,1625449482.0,64.0
-19.14,1625449482.0,64.0
-12.33,1625449482.0,64.0
-5.01,1625449482.0,64.0
2.64,1625449482.0,64.0
10.18,1625449482.0,64.0
17.07,1625449482.0,64.0
22.76,1625449482.0,64.0
26.95,1625449482.0,64.0
29.65,1625449482.0,64.0
31.15,1625449482.0,64.0
31.89,1625449482.0,64.0
32.25,1625449482.0,64.0
32.41,1625449482.0,64.0
32.4,1625449482.0,64.0
32.12,1625449482.0,64.0
31.49,1625449482.0,64.0
30.55,1625449482.0,64.0
29.4,1625449482.0,64.0
28.16,1625449482.0,64.0
26.87,1625449482.0,64.0
25.46,1625449482.0,64.0
23.76,1625449482.0,64.0
21.57,1625449482.0,64.0
18.79,1625449482.0,64.0
15.47,1625449482.0,64.0
11.8,1625449482.0,64.0
8.06,1625449482.0,64.0
4.49,1625449482.0,64.0
1.2,1625449482.0,64.0
-1.83,1625449482.0,64.0
-4.73,1625449482.0,64.0
-7.66,1625449482.0,64.0
-10.68,1625449482.0,64.0
-13.84,1625449482.0,64.0
-17.19,1625449482.0,64.0
-20.78,1625449482.0,64.0
-24.68,1625449482.0,64.0
-28.82,1625449482.0,64.0
-32.92,1625449482.0,64.0
-36.48,1625449482.0,64.0
-38.88,1625449482.0,64.0
-39.6,1625449482.0,64.0
-38.43,1625449482.0,64.0
-35.5,1625449482.0,64.0
-31.24,1625449482.0,64.0
-26.16,1625449482.0,64.0
-20.67,1625449482.0,64.0
-14.96,1625449482.0,64.0
-9.1,1625449482.0,64.0
-3.09,1625449482.0,64.0
2.93,1625449482.0,64.0
8.63,1625449482.0,64.0
13.6,1625449482.0,64.0
17.42,1625449482.0,64.0
19.88,1625449482.0,64.0
21.1,1625449482.0,64.0
21.51,1625449482.0,64.0
21.63,1625449482.0,64.0
21.89,1625449482.0,64.0
22.44,1625449482.0,64.0
23.12,1625449482.0,64.0
23.62,1625449482.0,64.0
23.66,1625449482.0,64.0
23.19,1625449482.0,64.0
22.35,1625449482.0,64.0
21.38,1625449482.0,64.0
20.44,1625449482.0,64.0
19.49,1625449482.0,64.0
18.32,1625449482.0,64.0
16.67,1625449482.0,64.0
14.39,1625449482.0,64.0
11.55,1625449482.0,64.0
8.37,1625449482.0,64.0
5.15,1625449482.0,64.0
2.1,1625449482.0,64.0
-0.71,1625449482.0,64.0
-3.35,1625449482.0,64.0
-6.02,1625449482.0,64.0
-8.88,1625449482.0,64.0
-11.97,1625449482.0,64.0
-15.22,1625449482.0,64.0
-18.48,1625449482.0,64.0
-21.63,1625449482.0,64.0
-24.71,1625449482.0,64.0
-27.86,1625449482.0,64.0
-31.26,1625449482.0,64.0
-34.88,1625449482.0,64.0
-38.36,1625449482.0,64.0
-40.99,1625449482.0,64.0
-41.97,1625449482.0,64.0
-40.69,1625449482.0,64.0
-37.08,1625449482.0,64.0
-31.72,1625449482.0,64.0
-25.6,1625449482.0,64.0
-19.79,1625449482.0,64.0
-15.02,1625449482.0,64.0
-11.39,1625449482.0,64.0
-8.4,1625449482.0,64.0
-5.24,1625449482.0,64.0
-1.22,1625449482.0,64.0
3.85,1625449482.0,64.0
9.45,1625449482.0,64.0
14.48,1625449482.0,64.0
17.67,1625449482.0,64.0
18.15,1625449482.0,64.0
15.94,1625449482.0,64.0
12.13,1625449482.0,64.0
8.64,1625449482.0,64.0
7.63,1625449482.0,64.0
10.69,1625449482.0,64.0
18.34,1625449482.0,64.0
29.82,1625449482.0,64.0
43.41,1625449482.0,64.0
57.12,1625449482.0,64.0
69.27,1625449482.0,64.0
78.91,1625449482.0,64.0
85.79,1625449482.0,64.0
90.04,1625449482.0,64.0
91.78,1625449482.0,64.0
91.05,1625449482.0,64.0
87.92,1625449482.0,64.0
82.37,1625449482.0,64.0
74.24,1625449482.0,64.0
62.68,1625449482.0,64.0
45.98,1625449482.0,64.0
22.21,1625449482.0,64.0
-9.28,1625449482.0,64.0
-46.12,1625449482.0,64.0
-82.25,1625449482.0,64.0
-109.21,1625449482.0,64.0
-119.17,1625449482.0,64.0
-108.45,1625449482.0,64.0
-79.55,1625449482.0,64.0
-40.34,1625449482.0,64.0
-0.86,1625449482.0,64.0
30.65,1625449482.0,64.0
50.32,1625449482.0,64.0
58.43,1625449482.0,64.0
57.0,1625449482.0,64.0
47.23,1625449482.0,64.0
28.8,1625449482.0,64.0
1.56,1625449482.0,64.0
-31.85,1625449482.0,64.0
-64.65,1625449482.0,64.0
-87.54,1625449482.0,64.0
-92.57,1625449482.0,64.0
-77.09,1625449482.0,64.0
-45.37,1625449482.0,64.0
-6.79,1625449482.0,64.0
28.61,1625449482.0,64.0
54.22,1625449482.0,64.0
68.89,1625449482.0,64.0
75.75,1625449482.0,64.0
78.84,1625449482.0,64.0
79.92,1625449482.0,64.0
77.14,1625449482.0,64.0
66.21,1625449482.0,64.0
43.31,1625449482.0,64.0
8.03,1625449482.0,64.0
-35.23,1625449482.0,64.0
-78.0,1625449482.0,64.0
-110.41,1625449482.0,64.0
-124.6,1625449482.0,64.0
-117.57,1625449482.0,64.0
-92.17,1625449482.0,64.0
-55.83,1625449482.0,64.0
-17.54,1625449482.0,64.0
15.39,1625449482.0,64.0
39.37,1625449482.0,64.0
54.24,1625449482.0,64.0
61.37,1625449482.0,64.0
61.36,1625449482.0,64.0
53.21,1625449482.0,64.0
35.3,1625449482.0,64.0
7.56,1625449482.0,64.0
-26.88,1625449482.0,64.0
-61.77,1625449482.0,64.0
-89.87,1625449482.0,64.0
-105.91,1625449482.0,64.0
-108.71,1625449482.0,64.0
-101.46,1625449482.0,64.0
-89.71,1625449482.0,64.0
-78.64,1625449482.0,64.0
-70.94,1625449482.0,64.0
-66.26,1625449482.0,64.0
-62.43,1625449482.0,64.0
-57.25,1625449482.0,64.0
-49.82,1625449482.0,64.0
-40.85,1625449482.0,64.0
-31.93,1625449482.0,64.0
-24.52,1625449482.0,64.0
-19.13,1625449482.0,64.0
-15.26,1625449482.0,64.0
-11.85,1625449482.0,64.0
-7.97,1625449482.0,64.0
-3.39,1625449482.0,64.0
1.37,1625449482.0,64.0
5.4,1625449482.0,64.0
7.96,1625449482.0,64.0
8.88,1625449482.0,64.0
8.67,1625449482.0,64.0
8.23,1625449482.0,64.0
8.39,1625449482.0,64.0
9.53,1625449482.0,64.0
11.44,1625449482.0,64.0
13.52,1625449482.0,64.0
15.07,1625449482.0,64.0
15.59,1625449482.0,64.0
15.02,1625449482.0,64.0
13.61,1625449482.0,64.0
11.81,1625449482.0,64.0
9.99,1625449482.0,64.0
8.34,1625449482.0,64.0
6.81,1625449482.0,64.0
5.25,1625449482.0,64.0
3.5,1625449482.0,64.0
1.56,1625449482.0,64.0
-0.44,1625449482.0,64.0
-2.3,1625449482.0,64.0
-3.87,1625449482.0,64.0
-5.17,1625449482.0,64.0
-6.39,1625449482.0,64.0
-7.82,1625449482.0,64.0
-9.69,1625449482.0,64.0
-12.13,1625449482.0,64.0
-15.06,1625449482.0,64.0
-18.23,1625449482.0,64.0
-21.29,1625449482.0,64.0
-23.9,1625449482.0,64.0
-25.76,1625449482.0,64.0
-26.58,1625449482.0,64.0
-26.22,1625449482.0,64.0
-24.62,1625449482.0,64.0
-21.84,1625449482.0,64.0
-18.1,1625449482.0,64.0
-13.7,1625449482.0,64.0
-8.94,1625449482.0,64.0
-4.08,1625449482.0,64.0
0.68,1625449482.0,64.0
5.14,1625449482.0,64.0
9.12,1625449482.0,64.0
12.39,1625449482.0,64.0
14.8,1625449482.0,64.0
16.35,1625449482.0,64.0
17.19,1625449482.0,64.0
17.61,1625449482.0,64.0
17.94,1625449482.0,64.0
18.36,1625449482.0,64.0
18.9,1625449482.0,64.0
19.44,1625449482.0,64.0
19.81,1625449482.0,64.0
19.86,1625449482.0,64.0
19.57,1625449482.0,64.0
19.0,1625449482.0,64.0
18.23,1625449482.0,64.0
17.36,1625449482.0,64.0
16.37,1625449482.0,64.0
15.22,1625449482.0,64.0
13.82,1625449482.0,64.0
12.1,1625449482.0,64.0
10.06,1625449482.0,64.0
7.77,1625449482.0,64.0
5.38,1625449482.0,64.0
3.02,1625449482.0,64.0
0.8,1625449482.0,64.0
-1.3,1625449482.0,64.0
-3.39,1625449482.0,64.0
-5.64,1625449482.0,64.0
-8.22,1625449482.0,64.0
-11.23,1625449482.0,64.0
-14.63,1625449482.0,64.0
-18.27,1625449482.0,64.0
-21.91,1625449482.0,64.0
-25.19,1625449482.0,64.0
-27.73,1625449482.0,64.0
-29.13,1625449482.0,64.0
-29.15,1625449482.0,64.0
-27.72,1625449482.0,64.0
-25.03,1625449482.0,64.0
-21.43,1625449482.0,64.0
-17.37,1625449482.0,64.0
-13.2,1625449482.0,64.0
-9.08,1625449482.0,64.0
-5.09,1625449482.0,64.0
-1.22,1625449482.0,64.0
2.43,1625449482.0,64.0
5.68,1625449482.0,64.0
8.3,1625449482.0,64.0
10.2,1625449482.0,64.0
11.43,1625449482.0,64.0
12.2,1625449482.0,64.0
12.78,1625449482.0,64.0
13.35,1625449482.0,64.0
13.93,1625449482.0,64.0
14.4,1625449482.0,64.0
14.65,1625449482.0,64.0
14.63,1625449482.0,64.0
14.41,1625449482.0,64.0
14.1,1625449482.0,64.0
13.77,1625449482.0,64.0
13.38,1625449482.0,64.0
12.78,1625449482.0,64.0
11.76,1625449482.0,64.0
10.23,1625449482.0,64.0
8.21,1625449482.0,64.0
5.87,1625449482.0,64.0
3.45,1625449482.0,64.0
1.13,1625449482.0,64.0
-0.99,1625449482.0,64.0
-2.97,1625449482.0,64.0
-4.93,1625449482.0,64.0
-7.0,1625449482.0,64.0
-9.28,1625449482.0,64.0
-11.81,1625449482.0,64.0
-14.58,1625449482.0,64.0
-17.56,1625449482.0,64.0
-20.71,1625449482.0,64.0
-23.86,1625449482.0,64.0
-26.75,1625449482.0,64.0
-29.01,1625449482.0,64.0
-30.2,1625449482.0,64.0
-29.98,1625449482.0,64.0
-28.22,1625449482.0,64.0
-25.06,1625449482.0,64.0
-20.87,1625449482.0,64.0
-16.18,1625449482.0,64.0
-11.47,1625449482.0,64.0
-7.08,1625449482.0,64.0
-3.14,1625449482.0,64.0
0.38,1625449482.0,64.0
3.51,1625449482.0,64.0
6.27,1625449482.0,64.0
8.64,1625449482.0,64.0
10.55,1625449482.0,64.0
12.03,1625449482.0,64.0
13.19,1625449482.0,64.0
14.19,1625449482.0,64.0
15.17,1625449482.0,64.0
16.12,1625449482.0,64.0
16.87,1625449482.0,64.0
17.18,1625449482.0,64.0
16.85,1625449482.0,64.0
15.86,1625449482.0,64.0
14.36,1625449482.0,64.0
12.62,1625449482.0,64.0
10.89,1625449482.0,64.0
9.29,1625449482.0,64.0
7.79,1625449482.0,64.0
6.29,1625449482.0,64.0
4.71,1625449482.0,64.0
3.02,1625449482.0,64.0
1.25,1625449482.0,64.0
-0.59,1625449482.0,64.0
-2.53,1625449482.0,64.0
-4.62,1625449482.0,64.0
-6.92,1625449482.0,64.0
-9.41,1625449482.0,64.0
-12.03,1625449482.0,64.0
-14.68,1625449482.0,64.0
-17.37,1625449482.0,64.0
-20.16,1625449482.0,64.0
-23.07,1625449482.0,64.0
-26.03,1625449482.0,64.0
-28.69,1625449482.0,64.0
-30.51,1625449482.0,64.0
-30.93,1625449482.0,64.0
-29.68,1625449482.0,64.0
-26.85,1625449482.0,64.0
-22.96,1625449482.0,64.0
-18.74,1625449482.0,64.0
-14.82,1625449482.0,64.0
-11.48,1625449482.0,64.0
-8.59,1625449482.0,64.0
-5.78,1625449482.0,64.0
-2.65,1625449482.0,64.0
0.91,1625449482.0,64.0
4.66,1625449482.0,64.0
8.01,1625449482.0,64.0
10.24,1625449482.0,64.0
10.81,1625449482.0,64.0
9.61,1625449482.0,64.0
7.12,1625449482.0,64.0
4.37,1625449482.0,64.0
2.58,1625449482.0,64.0
2.66,1625449482.0,64.0
4.73,1625449482.0,64.0
7.91,1625449482.0,64.0
10.54,1625449482.0,64.0
10.8,1625449482.0,64.0
7.54,1625449482.0,64.0
0.91,1625449482.0,64.0
-7.52,1625449482.0,64.0
-15.27,1625449482.0,64.0
-19.88,1625449482.0,64.0
-20.04,1625449482.0,64.0
-16.42,1625449482.0,64.0
-11.67,1625449482.0,64.0
-9.63,1625449482.0,64.0
-13.77,1625449482.0,64.0
-25.41,1625449482.0,64.0
-42.53,1625449482.0,64.0
-59.96,1625449482.0,64.0
-70.72,1625449482.0,64.0
-68.13,1625449482.0,64.0
-47.96,1625449482.0,64.0
-9.99,1625449482.0,64.0
41.36,1625449482.0,64.0
97.44,1625449482.0,64.0
146.83,1625449482.0,64.0
178.04,1625449482.0,64.0
183.01,1625449482.0,64.0
160.13,1625449482.0,64.0
115.51,1625449482.0,64.0
61.31,1625449482.0,64.0
11.58,1625449482.0,64.0
-22.68,1625449482.0,64.0
-37.02,1625449482.0,64.0
-33.9,1625449482.0,64.0
-20.3,1625449482.0,64.0
-3.92,1625449482.0,64.0
9.86,1625449482.0,64.0
19.0,1625449482.0,64.0
23.9,1625449482.0,64.0
25.87,1625449482.0,64.0
26.01,1625449482.0,64.0
25.02,1625449482.0,64.0
23.62,1625449482.0,64.0
22.84,1625449482.0,64.0
23.92,1625449482.0,64.0
27.9,1625449482.0,64.0
34.94,1625449482.0,64.0
44.08,1625449482.0,64.0
53.48,1625449482.0,64.0
60.83,1625449482.0,64.0
64.16,1625449482.0,64.0
62.67,1625449482.0,64.0
57.01,1625449482.0,64.0
49.27,1625449482.0,64.0
42.22,1625449482.0,64.0
38.34,1625449482.0,64.0
38.85,1625449482.0,64.0
43.27,1625449482.0,64.0
49.64,1625449482.0,64.0
55.18,1625449482.0,64.0
57.46,1625449482.0,64.0
55.46,1625449482.0,64.0
50.24,1625449482.0,64.0
44.78,1625449482.0,64.0
42.88,1625449482.0,64.0
47.63,1625449482.0,64.0
60.11,1625449482.0,64.0
78.77,1625449482.0,64.0
100.01,1625449482.0,64.0
119.33,1625449482.0,64.0
132.55,1625449482.0,64.0
136.75,1625449482.0,64.0
130.38,1625449482.0,64.0
112.99,1625449482.0,64.0
85.05,1625449482.0,64.0
47.96,1625449482.0,64.0
4.16,1625449482.0,64.0
-42.9,1625449482.0,64.0
-89.09,1625449482.0,64.0
-130.21,1625449482.0,64.0
-162.62,1625449482.0,64.0
-183.72,1625449482.0,64.0
-192.34,1625449482.0,64.0
-188.88,1625449482.0,64.0
-175.46,1625449482.0,64.0
-155.58,1625449482.0,64.0
-133.42,1625449482.0,64.0
-112.72,1625449482.0,64.0
-95.85,1625449482.0,64.0
-83.3,1625449482.0,64.0
-74.08,1625449482.0,64.0
-66.52,1625449482.0,64.0
-59.34,1625449482.0,64.0
-52.24,1625449482.0,64.0
-45.72,1625449482.0,64.0
-40.55,1625449482.0,64.0
-37.08,1625449482.0,64.0
-34.96,1625449482.0,64.0
-33.38,1625449482.0,64.0
-31.6,1625449482.0,64.0
-29.31,1625449482.0,64.0
-26.67,1625449482.0,64.0
-24.23,1625449482.0,64.0
-22.47,1625449482.0,64.0
-21.57,1625449482.0,64.0
-21.39,1625449482.0,64.0
-21.63,1625449482.0,64.0
-22.07,1625449482.0,64.0
-22.72,1625449482.0,64.0
-23.74,1625449482.0,64.0
-25.29,1625449482.0,64.0
-27.25,1625449482.0,64.0
-29.13,1625449482.0,64.0
-30.23,1625449482.0,64.0
-29.88,1625449482.0,64.0
-27.78,1625449482.0,64.0
-24.11,1625449482.0,64.0
-19.39,1625449482.0,64.0
-14.27,1625449482.0,64.0
-9.26,1625449482.0,64.0
-4.6,1625449482.0,64.0
-0.37,1625449482.0,64.0
3.43,1625449482.0,64.0
6.76,1625449482.0,64.0
9.54,1625449482.0,64.0
11.69,1625449482.0,64.0
13.25,1625449482.0,64.0
14.39,1625449482.0,64.0
15.35,1625449482.0,64.0
16.29,1625449482.0,64.0
17.3,1625449482.0,64.0
18.35,1625449482.0,64.0
19.29,1625449482.0,64.0
19.94,1625449482.0,64.0
20.13,1625449482.0,64.0
19.7,1625449482.0,64.0
18.59,1625449482.0,64.0
16.86,1625449482.0,64.0
14.69,1625449482.0,64.0
12.33,1625449482.0,64.0
10.06,1625449482.0,64.0
8.1,1625449482.0,64.0
6.56,1625449482.0,64.0
5.42,1625449482.0,64.0
4.53,1625449482.0,64.0
3.71,1625449482.0,64.0
2.79,1625449482.0,64.0
1.68,1625449482.0,64.0
0.34,1625449482.0,64.0
-1.2,1625449482.0,64.0
-2.92,1625449482.0,64.0
-4.82,1625449482.0,64.0
-6.96,1625449482.0,64.0
-9.38,1625449482.0,64.0
-11.99,1625449482.0,64.0
-14.54,1625449482.0,64.0
-16.65,1625449482.0,64.0
-17.88,1625449482.0,64.0
-17.93,1625449482.0,64.0
-16.7,1625449482.0,64.0
-14.31,1625449482.0,64.0
-11.08,1625449482.0,64.0
-7.35,1625449482.0,64.0
-3.44,1625449482.0,64.0
0.4,1625449482.0,64.0
3.99,1625449482.0,64.0
7.12,1625449482.0,64.0
9.62,1625449482.0,64.0
11.39,1625449482.0,64.0
12.46,1625449482.0,64.0
13.02,1625449482.0,64.0
13.35,1625449482.0,64.0
13.7,1625449482.0,64.0
14.23,1625449482.0,64.0
14.96,1625449482.0,64.0
15.79,1625449482.0,64.0
16.58,1625449482.0,64.0
17.2,1625449482.0,64.0
17.54,1625449482.0,64.0
17.53,1625449482.0,64.0
17.13,1625449482.0,64.0
16.32,1625449482.0,64.0
15.13,1625449482.0,64.0
13.6,1625449482.0,64.0
11.83,1625449482.0,64.0
9.9,1625449482.0,64.0
7.87,1625449482.0,64.0
5.78,1625449482.0,64.0
3.65,1625449482.0,64.0
1.55,1625449482.0,64.0
-0.46,1625449482.0,64.0
-2.34,1625449482.0,64.0
-4.1,1625449482.0,64.0
-5.89,1625449482.0,64.0
-7.87,1625449482.0,64.0
-10.21,1625449482.0,64.0
-12.95,1625449482.0,64.0
-15.97,1625449482.0,64.0
-18.95,1625449482.0,64.0
-21.48,1625449482.0,64.0
-23.15,1625449482.0,64.0
-23.71,1625449482.0,64.0
-23.05,1625449482.0,64.0
-21.25,1625449482.0,64.0
-18.53,1625449482.0,64.0
-15.15,1625449482.0,64.0
-11.36,1625449482.0,64.0
-7.36,1625449482.0,64.0
-3.31,1625449482.0,64.0
0.64,1625449482.0,64.0
4.32,1625449482.0,64.0
7.55,1625449482.0,64.0
10.17,1625449482.0,64.0
12.12,1625449482.0,64.0
13.48,1625449482.0,64.0
14.45,1625449482.0,64.0
15.23,1625449482.0,64.0
15.98,1625449482.0,64.0
16.69,1625449482.0,64.0
17.23,1625449482.0,64.0
17.45,1625449482.0,64.0
17.23,1625449482.0,64.0
16.6,1625449482.0,64.0
15.7,1625449482.0,64.0
14.75,1625449482.0,64.0
13.88,1625449482.0,64.0
13.14,1625449482.0,64.0
12.47,1625449482.0,64.0
11.71,1625449482.0,64.0
10.71,1625449482.0,64.0
9.36,1625449482.0,64.0
7.66,1625449482.0,64.0
5.67,1625449482.0,64.0
3.53,1625449482.0,64.0
1.39,1625449482.0,64.0
-0.64,1625449482.0,64.0
-2.54,1625449482.0,64.0
-4.36,1625449482.0,64.0
-6.26,1625449482.0,64.0
-8.41,1625449482.0,64.0
-10.91,1625449482.0,64.0
-13.72,1625449482.0,64.0
-16.61,1625449482.0,64.0
-19.14,1625449482.0,64.0
-20.83,1625449482.0,64.0
-21.26,1625449482.0,64.0
-20.28,1625449482.0,64.0
-18.02,1625449482.0,64.0
-14.85,1625449482.0,64.0
-11.18,1625449482.0,64.0
-7.4,1625449482.0,64.0
-3.74,1625449482.0,64.0
-0.32,1625449482.0,64.0
2.78,1625449482.0,64.0
5.44,1625449482.0,64.0
7.54,1625449482.0,64.0
9.0,1625449482.0,64.0
9.85,1625449482.0,64.0
10.23,1625449482.0,64.0
10.36,1625449482.0,64.0
10.41,1625449482.0,64.0
10.49,1625449482.0,64.0
10.63,1625449482.0,64.0
10.78,1625449482.0,64.0
10.89,1625449482.0,64.0
10.87,1625449482.0,64.0
10.61,1625449482.0,64.0
10.05,1625449482.0,64.0
9.14,1625449482.0,64.0
7.96,1625449482.0,64.0
6.6,1625449482.0,64.0
5.17,1625449482.0,64.0
3.71,1625449482.0,64.0
2.2,1625449482.0,64.0
0.58,1625449482.0,64.0
-1.21,1625449482.0,64.0
-3.14,1625449482.0,64.0
-5.17,1625449482.0,64.0
-7.25,1625449482.0,64.0
-9.44,1625449482.0,64.0
-11.84,1625449482.0,64.0
-14.54,1625449482.0,64.0
-17.52,1625449482.0,64.0
-20.58,1625449482.0,64.0
-23.37,1625449482.0,64.0
-25.51,1625449482.0,64.0
-26.69,1625449482.0,64.0
-26.75,1625449482.0,64.0
-25.7,1625449482.0,64.0
-23.64,1625449482.0,64.0
-20.74,1625449482.0,64.0
-17.14,1625449482.0,64.0
-13.03,1625449482.0,64.0
-8.62,1625449482.0,64.0
-4.16,1625449482.0,64.0
0.08,1625449482.0,64.0
3.83,1625449482.0,64.0
6.95,1625449482.0,64.0
9.39,1625449482.0,64.0
11.23,1625449482.0,64.0
12.57,1625449482.0,64.0
13.56,1625449482.0,64.0
14.36,1625449482.0,64.0
15.09,1625449482.0,64.0
15.81,1625449482.0,64.0
16.51,1625449482.0,64.0
17.13,1625449482.0,64.0
17.52,1625449482.0,64.0
17.56,1625449482.0,64.0
17.13,1625449482.0,64.0
16.21,1625449482.0,64.0
14.84,1625449482.0,64.0
13.12,1625449482.0,64.0
11.16,1625449482.0,64.0
9.1,1625449482.0,64.0
7.03,1625449482.0,64.0
5.0,1625449482.0,64.0
3.05,1625449482.0,64.0
1.18,1625449482.0,64.0
-0.64,1625449482.0,64.0
-2.46,1625449482.0,64.0
-4.37,1625449482.0,64.0
-6.51,1625449482.0,64.0
-9.02,1625449482.0,64.0
-11.97,1625449482.0,64.0
-15.28,1625449482.0,64.0
-18.64,1625449482.0,64.0
-21.57,1625449482.0,64.0
-23.55,1625449482.0,64.0
-24.24,1625449482.0,64.0
-23.54,1625449482.0,64.0
-21.7,1625449482.0,64.0
-19.1,1625449482.0,64.0
-16.07,1625449482.0,64.0
-12.79,1625449482.0,64.0
-9.24,1625449482.0,64.0
-5.33,1625449482.0,64.0
-1.1,1625449482.0,64.0
3.23,1625449482.0,64.0
7.26,1625449482.0,64.0
10.56,1625449482.0,64.0
12.89,1625449482.0,64.0
14.26,1625449482.0,64.0
14.94,1625449482.0,64.0
15.32,1625449482.0,64.0
15.74,1625449482.0,64.0
16.32,1625449482.0,64.0
17.01,1625449482.0,64.0
17.61,1625449482.0,64.0
17.95,1625449482.0,64.0
17.92,1625449482.0,64.0
17.56,1625449482.0,64.0
16.93,1625449482.0,64.0
16.13,1625449482.0,64.0
15.14,1625449482.0,64.0
13.93,1625449482.0,64.0
12.43,1625449482.0,64.0
10.62,1625449482.0,64.0
8.57,1625449482.0,64.0
6.43,1625449482.0,64.0
4.35,1625449482.0,64.0
2.44,1625449482.0,64.0
0.7,1625449482.0,64.0
-0.93,1625449482.0,64.0
-2.63,1625449482.0,64.0
-4.54,1625449482.0,64.0
-6.81,1625449482.0,64.0
-9.53,1625449482.0,64.0
-12.66,1625449482.0,64.0
-16.04,1625449482.0,64.0
-19.36,1625449482.0,64.0
-22.2,1625449482.0,64.0
-24.15,1625449482.0,64.0
-24.87,1625449482.0,64.0
-24.27,1625449482.0,64.0
-22.45,1625449482.0,64.0
-19.7,1625449482.0,64.0
-16.35,1625449482.0,64.0
-12.65,1625449482.0,64.0
-8.7,1625449482.0,64.0
-4.52,1625449482.0,64.0
-0.15,1625449482.0,64.0
4.27,1625449482.0,64.0
8.4,1625449482.0,64.0
11.87,1625449482.0,64.0
14.43,1625449482.0,64.0
16.05,1625449482.0,64.0
16.95,1625449482.0,64.0
17.51,1625449482.0,64.0
18.1,1625449482.0,64.0
18.87,1625449482.0,64.0
19.77,1625449482.0,64.0
20.58,1625449482.0,64.0
21.05,1625449482.0,64.0
21.09,1625449482.0,64.0
20.76,1625449482.0,64.0
20.26,1625449482.0,64.0
19.77,1625449482.0,64.0
19.33,1625449482.0,64.0
18.83,1625449482.0,64.0
18.1,1625449482.0,64.0
16.98,1625449482.0,64.0
15.48,1625449482.0,64.0
13.72,1625449482.0,64.0
11.89,1625449482.0,64.0
10.12,1625449482.0,64.0
8.42,1625449482.0,64.0
6.69,1625449482.0,64.0
4.82,1625449482.0,64.0
2.75,1625449482.0,64.0
0.53,1625449482.0,64.0
-1.74,1625449482.0,64.0
-4.02,1625449482.0,64.0
-6.36,1625449482.0,64.0
-8.89,1625449482.0,64.0
-11.73,1625449482.0,64.0
-14.83,1625449482.0,64.0
-17.95,1625449482.0,64.0
-20.64,1625449482.0,64.0
-22.42,1625449482.0,64.0
-22.94,1625449482.0,64.0
-22.12,1625449482.0,64.0
-20.1,1625449482.0,64.0
-17.22,1625449482.0,64.0
-13.81,1625449482.0,64.0
-10.1,1625449482.0,64.0
-6.22,1625449482.0,64.0
-2.27,1625449482.0,64.0
1.61,1625449482.0,64.0
5.16,1625449482.0,64.0
8.12,1625449482.0,64.0
10.25,1625449482.0,64.0
11.58,1625449482.0,64.0
12.34,1625449482.0,64.0
12.89,1625449482.0,64.0
13.58,1625449482.0,64.0
14.57,1625449482.0,64.0
15.82,1625449482.0,64.0
17.13,1625449482.0,64.0
18.22,1625449482.0,64.0
18.87,1625449482.0,64.0
18.99,1625449482.0,64.0
18.55,1625449482.0,64.0
17.66,1625449482.0,64.0
16.47,1625449482.0,64.0
15.18,1625449482.0,64.0
13.94,1625449482.0,64.0
12.83,1625449482.0,64.0
11.79,1625449482.0,64.0
10.69,1625449482.0,64.0
9.37,1625449482.0,64.0
7.74,1625449482.0,64.0
5.85,1625449482.0,64.0
3.89,1625449482.0,64.0
2.07,1625449482.0,64.0
0.54,1625449482.0,64.0
-0.67,1625449482.0,64.0
-1.73,1625449482.0,64.0
-2.86,1625449482.0,64.0
-4.24,1625449482.0,64.0
-6.01,1625449482.0,64.0
-8.18,1625449482.0,64.0
-10.7,1625449482.0,64.0
-13.47,1625449482.0,64.0
-16.3,1625449482.0,64.0
-18.96,1625449482.0,64.0
-21.13,1625449482.0,64.0
-22.47,1625449482.0,64.0
-22.7,1625449482.0,64.0
-21.72,1625449482.0,64.0
-19.63,1625449482.0,64.0
-16.73,1625449482.0,64.0
-13.41,1625449482.0,64.0
-10.0,1625449482.0,64.0
-6.69,1625449482.0,64.0
-3.58,1625449482.0,64.0
-0.65,1625449482.0,64.0
2.05,1625449482.0,64.0
4.49,1625449482.0,64.0
6.59,1625449482.0,64.0
8.28,1625449482.0,64.0
9.59,1625449482.0,64.0
10.61,1625449482.0,64.0
11.47,1625449482.0,64.0
12.27,1625449482.0,64.0
13.03,1625449482.0,64.0
13.66,1625449482.0,64.0
14.03,1625449482.0,64.0
14.07,1625449482.0,64.0
13.78,1625449482.0,64.0
13.27,1625449482.0,64.0
12.68,1625449482.0,64.0
12.11,1625449482.0,64.0
11.54,1625449482.0,64.0
10.93,1625449482.0,64.0
10.16,1625449482.0,64.0
9.16,1625449482.0,64.0
7.93,1625449482.0,64.0
6.53,1625449482.0,64.0
5.02,1625449482.0,64.0
3.47,1625449482.0,64.0
1.94,1625449482.0,64.0
0.48,1625449482.0,64.0
-0.88,1625449482.0,64.0
-2.16,1625449482.0,64.0
-3.41,1625449482.0,64.0
-4.75,1625449482.0,64.0
-6.3,1625449482.0,64.0
-8.15,1625449482.0,64.0
-10.33,1625449482.0,64.0
-12.78,1625449482.0,64.0
-15.35,1625449482.0,64.0
-17.83,1625449482.0,64.0
-19.93,1625449482.0,64.0
-21.38,1625449482.0,64.0
-21.95,1625449482.0,64.0
-21.57,1625449482.0,64.0
-20.27,1625449482.0,64.0
-18.24,1625449482.0,64.0
-15.7,1625449482.0,64.0
-12.85,1625449482.0,64.0
-9.85,1625449482.0,64.0
-6.76,1625449482.0,64.0
-3.68,1625449482.0,64.0
-0.71,1625449482.0,64.0
1.98,1625449482.0,64.0
4.28,1625449482.0,64.0
6.09,1625449482.0,64.0
7.42,1625449482.0,64.0
8.34,1625449482.0,64.0
8.95,1625449482.0,64.0
9.41,1625449482.0,64.0
9.86,1625449482.0,64.0
10.42,1625449482.0,64.0
11.06,1625449482.0,64.0
11.69,1625449482.0,64.0
12.12,1625449482.0,64.0
12.2,1625449482.0,64.0
11.91,1625449482.0,64.0
11.34,1625449482.0,64.0
10.71,1625449482.0,64.0
10.16,1625449482.0,64.0
9.76,1625449482.0,64.0
9.4,1625449482.0,64.0
8.88,1625449482.0,64.0
8.04,1625449482.0,64.0
6.79,1625449482.0,64.0
5.19,1625449482.0,64.0
3.37,1625449482.0,64.0
1.45,1625449482.0,64.0
-0.46,1625449482.0,64.0
-2.31,1625449482.0,64.0
-4.06,1625449482.0,64.0
-5.73,1625449482.0,64.0
-7.34,1625449482.0,64.0
-8.95,1625449482.0,64.0
-10.66,1625449482.0,64.0
-12.59,1625449482.0,64.0
-14.79,1625449482.0,64.0
-17.21,1625449482.0,64.0
-19.61,1625449482.0,64.0
-21.6,1625449482.0,64.0
-22.76,1625449482.0,64.0
-22.77,1625449482.0,64.0
-21.56,1625449482.0,64.0
-19.35,1625449482.0,64.0
-16.55,1625449482.0,64.0
-13.59,1625449482.0,64.0
-10.73,1625449482.0,64.0
-8.03,1625449482.0,64.0
-5.37,1625449482.0,64.0
-2.65,1625449482.0,64.0
0.12,1625449482.0,64.0
2.77,1625449482.0,64.0
5.06,1625449482.0,64.0
6.79,1625449482.0,64.0
7.92,1625449482.0,64.0
8.61,1625449482.0,64.0
9.07,1625449482.0,64.0
9.54,1625449482.0,64.0
10.09,1625449482.0,64.0
10.72,1625449482.0,64.0
11.31,1625449482.0,64.0
11.73,1625449482.0,64.0
11.9,1625449482.0,64.0
11.78,1625449482.0,64.0
11.43,1625449482.0,64.0
10.9,1625449482.0,64.0
10.26,1625449482.0,64.0
9.56,1625449482.0,64.0
8.84,1625449482.0,64.0
8.1,1625449482.0,64.0
7.29,1625449482.0,64.0
6.38,1625449482.0,64.0
5.29,1625449482.0,64.0
4.03,1625449482.0,64.0
2.64,1625449482.0,64.0
1.18,1625449482.0,64.0
-0.25,1625449482.0,64.0
-1.66,1625449482.0,64.0
-3.09,1625449482.0,64.0
-4.66,1625449482.0,64.0
-6.44,1625449482.0,64.0
-8.47,1625449482.0,64.0
-10.71,1625449482.0,64.0
-13.05,1625449482.0,64.0
-15.34,1625449482.0,64.0
-17.38,1625449482.0,64.0
-18.95,1625449482.0,64.0
-19.79,1625449482.0,64.0
-19.7,1625449482.0,64.0
-18.57,1625449482.0,64.0
-16.48,1625449482.0,64.0
-13.66,1625449482.0,64.0
-10.43,1625449482.0,64.0
-7.09,1625449482.0,64.0
-3.85,1625449482.0,64.0
-0.87,1625449482.0,64.0
1.81,1625449482.0,64.0
4.08,1625449482.0,64.0
5.87,1625449482.0,64.0
7.16,1625449482.0,64.0
8.0,1625449482.0,64.0
8.58,1625449482.0,64.0
9.13,1625449482.0,64.0
9.86,1625449482.0,64.0
10.79,1625449482.0,64.0
11.83,1625449482.0,64.0
12.71,1625449482.0,64.0
13.23,1625449482.0,64.0
13.29,1625449482.0,64.0
12.93,1625449482.0,64.0
12.34,1625449482.0,64.0
11.71,1625449482.0,64.0
11.12,1625449482.0,64.0
10.58,1625449482.0,64.0
9.99,1625449482.0,64.0
9.22,1625449482.0,64.0
8.22,1625449482.0,64.0
7.03,1625449482.0,64.0
5.75,1625449482.0,64.0
4.52,1625449482.0,64.0
3.38,1625449482.0,64.0
2.31,1625449482.0,64.0
1.19,1625449482.0,64.0
-0.11,1625449482.0,64.0
-1.74,1625449482.0,64.0
-3.74,1625449482.0,64.0
-6.1,1625449482.0,64.0
-8.72,1625449482.0,64.0
-11.42,1625449482.0,64.0
-13.98,1625449482.0,64.0
-16.1,1625449482.0,64.0
-17.47,1625449482.0,64.0
-17.84,1625449482.0,64.0
-17.12,1625449482.0,64.0
-15.43,1625449482.0,64.0
-13.07,1625449482.0,64.0
-10.38,1625449482.0,64.0
-7.68,1625449482.0,64.0
-5.14,1625449482.0,64.0
-2.82,1625449482.0,64.0
-0.73,1625449482.0,64.0
1.1,1625449482.0,64.0
2.6,1625449482.0,64.0
3.76,1625449482.0,64.0
4.64,1625449482.0,64.0
5.39,1625449482.0,64.0
6.21,1625449482.0,64.0
7.23,1625449482.0,64.0
8.41,1625449482.0,64.0
9.57,1625449482.0,64.0
10.44,1625449482.0,64.0
10.78,1625449482.0,64.0
10.55,1625449482.0,64.0
9.82,1625449482.0,64.0
8.83,1625449482.0,64.0
7.79,1625449482.0,64.0
6.8,1625449482.0,64.0
5.85,1625449482.0,64.0
4.79,1625449482.0,64.0
3.51,1625449482.0,64.0
1.98,1625449482.0,64.0
0.33,1625449482.0,64.0
-1.28,1625449482.0,64.0
-2.69,1625449482.0,64.0
-3.86,1625449482.0,64.0
-4.87,1625449482.0,64.0
-5.9,1625449482.0,64.0
-7.12,1625449482.0,64.0
-8.63,1625449482.0,64.0
-10.49,1625449482.0,64.0
-12.68,1625449482.0,64.0
-15.12,1625449482.0,64.0
-17.62,1625449482.0,64.0
-19.91,1625449482.0,64.0
-21.58,1625449482.0,64.0
-22.27,1625449482.0,64.0
-21.77,1625449482.0,64.0
-20.09,1625449482.0,64.0
-17.45,1625449482.0,64.0
-14.21,1625449482.0,64.0
-10.71,1625449482.0,64.0
-7.17,1625449482.0,64.0
-3.69,1625449482.0,64.0
-0.3,1625449482.0,64.0
2.93,1625449482.0,64.0
5.84,1625449482.0,64.0
8.23,1625449482.0,64.0
9.87,1625449482.0,64.0
10.69,1625449482.0,64.0
10.77,1625449482.0,64.0
10.4,1625449482.0,64.0
9.94,1625449482.0,64.0
9.68,1625449482.0,64.0
9.76,1625449482.0,64.0
10.07,1625449482.0,64.0
10.42,1625449482.0,64.0
10.58,1625449482.0,64.0
10.47,1625449482.0,64.0
10.08,1625449482.0,64.0
9.52,1625449482.0,64.0
8.85,1625449482.0,64.0
8.08,1625449482.0,64.0
7.16,1625449482.0,64.0
6.04,1625449482.0,64.0
4.77,1625449482.0,64.0
3.47,1625449482.0,64.0
2.25,1625449482.0,64.0
1.13,1625449482.0,64.0
0.04,1625449482.0,64.0
-1.22,1625449482.0,64.0
-2.78,1625449482.0,64.0
-4.73,1625449482.0,64.0
-6.99,1625449482.0,64.0
-9.44,1625449482.0,64.0
-11.93,1625449482.0,64.0
-14.32,1625449482.0,64.0
-16.46,1625449482.0,64.0
-18.14,1625449482.0,64.0
-19.13,1625449482.0,64.0
-19.24,1625449482.0,64.0
-18.38,1625449482.0,64.0
-16.69,1625449482.0,64.0
-14.5,1625449482.0,64.0
-12.13,1625449482.0,64.0
-9.79,1625449482.0,64.0
-7.44,1625449482.0,64.0
-4.92,1625449482.0,64.0
-2.06,1625449482.0,64.0
1.09,1625449482.0,64.0
4.28,1625449482.0,64.0
7.13,1625449482.0,64.0
9.3,1625449482.0,64.0
10.68,1625449482.0,64.0
11.39,1625449482.0,64.0
11.68,1625449482.0,64.0
11.84,1625449482.0,64.0
12.0,1625449482.0,64.0
12.14,1625449482.0,64.0
12.16,1625449482.0,64.0
11.99,1625449482.0,64.0
11.62,1625449482.0,64.0
11.17,1625449482.0,64.0
10.77,1625449482.0,64.0
10.5,1625449482.0,64.0
10.37,1625449482.0,64.0
10.24,1625449482.0,64.0
9.9,1625449482.0,64.0
9.14,1625449482.0,64.0
7.86,1625449482.0,64.0
6.1,1625449482.0,64.0
4.06,1625449482.0,64.0
1.98,1625449482.0,64.0
0.11,1625449482.0,64.0
-1.45,1625449482.0,64.0
-2.72,1625449482.0,64.0
-3.87,1625449482.0,64.0
-5.1,1625449482.0,64.0
-6.62,1625449482.0,64.0
-8.57,1625449482.0,64.0
-10.96,1625449482.0,64.0
-13.64,1625449482.0,64.0
-16.33,1625449482.0,64.0
-18.62,1625449482.0,64.0
-20.12,1625449482.0,64.0
-20.54,1625449482.0,64.0
-19.82,1625449482.0,64.0
-18.06,1625449482.0,64.0
-15.53,1625449482.0,64.0
-12.5,1625449482.0,64.0
-9.27,1625449482.0,64.0
-6.0,1625449482.0,64.0
-2.86,1625449482.0,64.0
-0.01,1625449482.0,64.0
2.45,1625449482.0,64.0
4.44,1625449482.0,64.0
5.94,1625449482.0,64.0
7.05,1625449482.0,64.0
7.94,1625449482.0,64.0
8.78,1625449482.0,64.0
9.69,1625449482.0,64.0
10.71,1625449482.0,64.0
11.74,1625449482.0,64.0
12.67,1625449482.0,64.0
13.33,1625449482.0,64.0
13.59,1625449482.0,64.0
13.42,1625449482.0,64.0
12.89,1625449482.0,64.0
12.16,1625449482.0,64.0
11.39,1625449482.0,64.0
10.68,1625449482.0,64.0
10.0,1625449482.0,64.0
9.26,1625449482.0,64.0
8.33,1625449482.0,64.0
7.13,1625449482.0,64.0
5.72,1625449482.0,64.0
4.22,1625449482.0,64.0
2.81,1625449482.0,64.0
1.59,1625449482.0,64.0
0.57,1625449482.0,64.0
-0.41,1625449482.0,64.0
-1.52,1625449482.0,64.0
-2.93,1625449482.0,64.0
-4.74,1625449482.0,64.0
-6.95,1625449482.0,64.0
-9.5,1625449482.0,64.0
-12.26,1625449482.0,64.0
-14.98,1625449482.0,64.0
-17.3,1625449482.0,64.0
-18.8,1625449482.0,64.0
-19.14,1625449482.0,64.0
-18.2,1625449482.0,64.0
-16.12,1625449482.0,64.0
-13.3,1625449482.0,64.0
-10.17,1625449482.0,64.0
-7.07,1625449482.0,64.0
-4.13,1625449482.0,64.0
-1.31,1625449482.0,64.0
1.41,1625449482.0,64.0
3.98,1625449482.0,64.0
6.22,1625449482.0,64.0
7.98,1625449482.0,64.0
9.23,1625449482.0,64.0
10.11,1625449482.0,64.0
10.84,1625449482.0,64.0
11.62,1625449482.0,64.0
12.46,1625449482.0,64.0
13.24,1625449482.0,64.0
13.78,1625449482.0,64.0
13.94,1625449482.0,64.0
13.68,1625449482.0,64.0
13.09,1625449482.0,64.0
12.29,1625449482.0,64.0
11.36,1625449482.0,64.0
10.32,1625449482.0,64.0
9.16,1625449482.0,64.0
7.81,1625449482.0,64.0
6.27,1625449482.0,64.0
4.56,1625449482.0,64.0
2.74,1625449482.0,64.0
0.96,1625449482.0,64.0
-0.64,1625449482.0,64.0
-1.92,1625449482.0,64.0
-2.85,1625449482.0,64.0
-3.53,1625449482.0,64.0
-4.16,1625449482.0,64.0
-5.01,1625449482.0,64.0
-6.29,1625449482.0,64.0
-8.07,1625449482.0,64.0
-10.31,1625449482.0,64.0
-12.8,1625449482.0,64.0
-15.34,1625449482.0,64.0
-17.65,1625449482.0,64.0
-19.49,1625449482.0,64.0
-20.68,1625449482.0,64.0
-21.03,1625449482.0,64.0
-20.46,1625449482.0,64.0
-19.02,1625449482.0,64.0
-16.81,1625449482.0,64.0
-14.03,1625449482.0,64.0
-10.87,1625449482.0,64.0
-7.48,1625449482.0,64.0
-4.02,1625449482.0,64.0
-0.68,1625449482.0,64.0
2.35,1625449482.0,64.0
4.82,1625449482.0,64.0
6.61,1625449482.0,64.0
7.74,1625449482.0,64.0
8.42,1625449482.0,64.0
8.95,1625449482.0,64.0
9.6,1625449482.0,64.0
10.49,1625449482.0,64.0
11.54,1625449482.0,64.0
12.52,1625449482.0,64.0
13.21,1625449482.0,64.0
13.49,1625449482.0,64.0
13.39,1625449482.0,64.0
13.04,1625449482.0,64.0
12.52,1625449482.0,64.0
11.88,1625449482.0,64.0
11.05,1625449482.0,64.0
9.93,1625449482.0,64.0
8.51,1625449482.0,64.0
6.85,1625449482.0,64.0
5.12,1625449482.0,64.0
3.46,1625449482.0,64.0
2.0,1625449482.0,64.0
0.77,1625449482.0,64.0
-0.31,1625449482.0,64.0
-1.33,1625449482.0,64.0
-2.42,1625449482.0,64.0
-3.68,1625449482.0,64.0
-5.2,1625449482.0,64.0
-7.0,1625449482.0,64.0
-9.1,1625449482.0,64.0
-11.41,1625449482.0,64.0
-13.83,1625449482.0,64.0
-16.16,1625449482.0,64.0
-18.17,1625449482.0,64.0
-19.63,1625449482.0,64.0
-20.27,1625449482.0,64.0
-19.91,1625449482.0,64.0
-18.45,1625449482.0,64.0
-15.98,1625449482.0,64.0
-12.75,1625449482.0,64.0
-9.21,1625449482.0,64.0
-5.87,1625449482.0,64.0
-3.15,1625449482.0,64.0
-1.24,1625449482.0,64.0
-0.01,1625449482.0,64.0
0.89,1625449482.0,64.0
1.93,1625449482.0,64.0
3.39,1625449482.0,64.0
5.27,1625449482.0,64.0
7.18,1625449482.0,64.0
8.54,1625449482.0,64.0
8.83,1625449482.0,64.0
7.92,1625449482.0,64.0
6.17,1625449482.0,64.0
4.45,1625449482.0,64.0
3.72,1625449482.0,64.0
4.6,1625449482.0,64.0
6.99,1625449482.0,64.0
9.92,1625449482.0,64.0
11.89,1625449482.0,64.0
11.5,1625449482.0,64.0
8.15,1625449482.0,64.0
2.5,1625449482.0,64.0
-3.63,1625449482.0,64.0
-7.93,1625449482.0,64.0
-8.58,1625449482.0,64.0
-5.17,1625449482.0,64.0
0.94,1625449482.0,64.0
6.96,1625449482.0,64.0
9.65,1625449482.0,64.0
6.67,1625449482.0,64.0
-2.28,1625449482.0,64.0
-14.88,1625449482.0,64.0
-26.64,1625449482.0,64.0
-31.98,1625449482.0,64.0
-25.75,1625449482.0,64.0
-4.78,1625449482.0,64.0
31.05,1625449482.0,64.0
78.38,1625449482.0,64.0
130.71,1625449482.0,64.0
179.8,1625449482.0,64.0
217.89,1625449482.0,64.0
240.23,1625449482.0,64.0
246.69,1625449482.0,64.0
241.34,1625449482.0,64.0
230.35,1625449482.0,64.0
218.65,1625449482.0,64.0
207.75,1625449482.0,64.0
195.6,1625449482.0,64.0
178.47,1625449482.0,64.0
153.58,1625449482.0,64.0
120.85,1625449482.0,64.0
83.23,1625449482.0,64.0
45.56,1625449482.0,64.0
12.71,1625449482.0,64.0
-12.01,1625449482.0,64.0
-27.64,1625449482.0,64.0
-35.7,1625449482.0,64.0
-39.45,1625449482.0,64.0
-42.82,1625449482.0,64.0
-49.01,1625449482.0,64.0
-59.44,1625449482.0,64.0
-73.41,1625449482.0,64.0
-88.75,1625449482.0,64.0
-103.24,1625449482.0,64.0
-115.73,1625449482.0,64.0
-126.34,1625449482.0,64.0
-135.58,1625449482.0,64.0
-143.14,1625449482.0,64.0
-147.54,1625449482.0,64.0
-146.8,1625449482.0,64.0
-139.97,1625449482.0,64.0
-128.07,1625449482.0,64.0
-114.04,1625449482.0,64.0
-101.43,1625449482.0,64.0
-92.88,1625449482.0,64.0
-89.19,1625449482.0,64.0
-89.08,1625449482.0,64.0
-90.08,1625449482.0,64.0
-89.75,1625449482.0,64.0
-86.66,1625449482.0,64.0
-80.82,1625449482.0,64.0
-73.39,1625449482.0,64.0
-65.91,1625449482.0,64.0
-59.52,1625449482.0,64.0
-54.46,1625449482.0,64.0
-50.1,1625449482.0,64.0
-45.43,1625449482.0,64.0
-39.68,1625449482.0,64.0
-32.64,1625449482.0,64.0
-24.79,1625449482.0,64.0
-17.01,1625449482.0,64.0
-10.2,1625449482.0,64.0
-4.94,1625449482.0,64.0
-1.33,1625449482.0,64.0
1.02,1625449482.0,64.0
2.73,1625449482.0,64.0
4.38,1625449482.0,64.0
6.28,1625449482.0,64.0
8.39,1625449482.0,64.0
10.4,1625449482.0,64.0
11.92,1625449482.0,64.0
12.67,1625449482.0,64.0
12.64,1625449482.0,64.0
12.07,1625449482.0,64.0
11.3,1625449482.0,64.0
10.61,1625449482.0,64.0
10.08,1625449482.0,64.0
9.59,1625449482.0,64.0
8.91,1625449482.0,64.0
7.87,1625449482.0,64.0
6.43,1625449482.0,64.0
4.74,1625449482.0,64.0
3.02,1625449482.0,64.0
1.48,1625449482.0,64.0
0.19,1625449482.0,64.0
-0.89,1625449482.0,64.0
-1.92,1625449482.0,64.0
-3.07,1625449482.0,64.0
-4.45,1625449482.0,64.0
-6.15,1625449482.0,64.0
-8.23,1625449482.0,64.0
-10.67,1625449482.0,64.0
-13.34,1625449482.0,64.0
-15.97,1625449482.0,64.0
-18.15,1625449482.0,64.0
-19.49,1625449482.0,64.0
-19.78,1625449482.0,64.0
-19.03,1625449482.0,64.0
-17.47,1625449482.0,64.0
-15.35,1625449482.0,64.0
-12.83,1625449482.0,64.0
-9.89,1625449482.0,64.0
-6.45,1625449482.0,64.0
-2.54,1625449482.0,64.0
1.53,1625449482.0,64.0
5.21,1625449482.0,64.0
7.99,1625449482.0,64.0
9.57,1625449482.0,64.0
10.06,1625449482.0,64.0
9.94,1625449482.0,64.0
9.77,1625449482.0,64.0
9.92,1625449482.0,64.0
10.48,1625449482.0,64.0
11.27,1625449482.0,64.0
12.0,1625449482.0,64.0
12.49,1625449482.0,64.0
12.7,1625449482.0,64.0
12.71,1625449482.0,64.0
12.59,1625449482.0,64.0
12.32,1625449482.0,64.0
11.8,1625449482.0,64.0
10.97,1625449482.0,64.0
9.78,1625449482.0,64.0
8.34,1625449482.0,64.0
6.81,1625449482.0,64.0
5.31,1625449482.0,64.0
3.91,1625449482.0,64.0
2.58,1625449482.0,64.0
1.3,1625449482.0,64.0
0.06,1625449482.0,64.0
-1.13,1625449482.0,64.0
-2.3,1625449482.0,64.0
-3.58,1625449482.0,64.0
-5.15,1625449482.0,64.0
-7.21,1625449482.0,64.0
-9.81,1625449482.0,64.0
-12.81,1625449482.0,64.0
-15.86,1625449482.0,64.0
-18.44,1625449482.0,64.0
-20.1,1625449482.0,64.0
-20.51,1625449482.0,64.0
-19.63,1625449482.0,64.0
-17.63,1625449482.0,64.0
-14.83,1625449482.0,64.0
-11.53,1625449482.0,64.0
-7.99,1625449482.0,64.0
-4.38,1625449482.0,64.0
-0.82,1625449482.0,64.0
2.58,1625449482.0,64.0
5.65,1625449482.0,64.0
8.13,1625449482.0,64.0
9.84,1625449482.0,64.0
10.73,1625449482.0,64.0
10.96,1625449482.0,64.0
10.84,1625449482.0,64.0
10.72,1625449482.0,64.0
10.84,1625449482.0,64.0
11.18,1625449482.0,64.0
11.56,1625449482.0,64.0
11.75,1625449482.0,64.0
11.61,1625449482.0,64.0
11.19,1625449482.0,64.0
10.7,1625449482.0,64.0
10.3,1625449482.0,64.0
10.06,1625449482.0,64.0
9.84,1625449482.0,64.0
9.43,1625449482.0,64.0
8.63,1625449482.0,64.0
7.43,1625449482.0,64.0
5.93,1625449482.0,64.0
4.36,1625449482.0,64.0
2.89,1625449482.0,64.0
1.6,1625449482.0,64.0
0.47,1625449482.0,64.0
-0.62,1625449482.0,64.0
-1.8,1625449482.0,64.0
-3.17,1625449482.0,64.0
-4.8,1625449482.0,64.0
-6.73,1625449482.0,64.0
-8.92,1625449482.0,64.0
-11.24,1625449482.0,64.0
-13.43,1625449482.0,64.0
-15.11,1625449482.0,64.0
-15.92,1625449482.0,64.0
-15.66,1625449482.0,64.0
-14.31,1625449482.0,64.0
-12.07,1625449482.0,64.0
-9.2,1625449482.0,64.0
-5.96,1625449482.0,64.0
-2.45,1625449482.0,64.0
1.27,1625449482.0,64.0
5.11,1625449482.0,64.0
8.81,1625449482.0,64.0
12.02,1625449482.0,64.0
14.38,1625449482.0,64.0
15.7,1625449482.0,64.0
16.07,1625449482.0,64.0
15.84,1625449482.0,64.0
15.48,1625449482.0,64.0
15.38,1625449482.0,64.0
15.69,1625449482.0,64.0
16.31,1625449482.0,64.0
17.0,1625449482.0,64.0
17.55,1625449482.0,64.0
17.87,1625449482.0,64.0
18.07,1625449482.0,64.0
18.28,1625449482.0,64.0
18.62,1625449482.0,64.0
19.03,1625449482.0,64.0
19.35,1625449482.0,64.0
19.36,1625449482.0,64.0
18.96,1625449482.0,64.0
18.19,1625449482.0,64.0
17.28,1625449482.0,64.0
16.52,1625449482.0,64.0
16.21,1625449482.0,64.0
16.51,1625449482.0,64.0
17.42,1625449482.0,64.0
18.71,1625449482.0,64.0
19.99,1625449482.0,64.0
20.78,1625449482.0,64.0
20.75,1625449482.0,64.0
19.97,1625449482.0,64.0
19.0,1625449482.0,64.0
18.77,1625449482.0,64.0
20.18,1625449482.0,64.0
23.7,1625449482.0,64.0
29.03,1625449482.0,64.0
35.29,1625449482.0,64.0
41.43,1625449482.0,64.0
46.87,1625449482.0,64.0
51.71,1625449482.0,64.0
56.83,1625449482.0,64.0
63.18,1625449482.0,64.0
71.38,1625449482.0,64.0
81.29,1625449482.0,64.0
92.12,1625449482.0,64.0
102.7,1625449482.0,64.0
111.77,1625449482.0,64.0
118.18,1625449482.0,64.0
121.2,1625449482.0,64.0
120.86,1625449482.0,64.0
118.27,1625449482.0,64.0
115.45,1625449482.0,64.0
114.34,1625449482.0,64.0
115.66,1625449482.0,64.0
118.0,1625449482.0,64.0
117.93,1625449482.0,64.0
111.34,1625449482.0,64.0
95.25,1625449482.0,64.0
69.19,1625449482.0,64.0
35.32,1625449482.0,64.0
-2.28,1625449482.0,64.0
-38.91,1625449482.0,64.0
-70.01,1625449482.0,64.0
-91.71,1625449482.0,64.0
-101.56,1625449482.0,64.0
-99.05,1625449482.0,64.0
-86.44,1625449482.0,64.0
-68.59,1625449482.0,64.0
-51.7,1625449482.0,64.0
-41.03,1625449482.0,64.0
-38.53,1625449482.0,64.0
-42.22,1625449482.0,64.0
-47.57,1625449482.0,64.0
-50.71,1625449482.0,64.0
-50.87,1625449482.0,64.0
-50.86,1625449482.0,64.0
-54.94,1625449482.0,64.0
-65.54,1625449482.0,64.0
-81.1,1625449482.0,64.0
-96.41,1625449482.0,64.0
-105.7,1625449482.0,64.0
-105.92,1625449482.0,64.0
-98.7,1625449482.0,64.0
-89.38,1625449482.0,64.0
-84.12,1625449482.0,64.0
-86.94,1625449482.0,64.0
-98.48,1625449482.0,64.0
-117.16,1625449482.0,64.0
-141.11,1625449482.0,64.0
-169.37,1625449482.0,64.0
-200.81,1625449482.0,64.0
-232.29,1625449482.0,64.0
-257.43,1625449482.0,64.0
-267.73,1625449482.0,64.0
-255.58,1625449482.0,64.0
-217.62,1625449482.0,64.0
-156.97,1625449482.0,64.0
-82.86,1625449482.0,64.0
-8.25,1625449482.0,64.0
54.12,1625449482.0,64.0
95.29,1625449482.0,64.0
112.23,1625449482.0,64.0
108.11,1625449482.0,64.0
90.48,1625449482.0,64.0
68.22,1625449482.0,64.0
48.35,1625449482.0,64.0
33.9,1625449482.0,64.0
23.97,1625449482.0,64.0
15.67,1625449482.0,64.0
6.98,1625449482.0,64.0
-1.15,1625449482.0,64.0
-4.9,1625449482.0,64.0
-0.06,1625449482.0,64.0
15.09,1625449482.0,64.0
38.2,1625449482.0,64.0
63.54,1625449482.0,64.0
84.69,1625449482.0,64.0
97.22,1625449482.0,64.0
100.01,1625449482.0,64.0
94.71,1625449482.0,64.0
83.9,1625449482.0,64.0
69.23,1625449482.0,64.0
51.12,1625449482.0,64.0
29.5,1625449482.0,64.0
5.29,1625449482.0,64.0
-18.64,1625449482.0,64.0
-38.06,1625449482.0,64.0
-48.97,1625449482.0,64.0
-49.51,1625449482.0,64.0
-40.95,1625449482.0,64.0
-27.37,1625449482.0,64.0
-14.02,1625449482.0,64.0
-5.26,1625449482.0,64.0
-3.15,1625449482.0,64.0
-7.0,1625449482.0,64.0
-14.0,1625449482.0,64.0
-20.73,1625449482.0,64.0
-24.66,1625449482.0,64.0
-25.31,1625449482.0,64.0
-24.01,1625449482.0,64.0
-23.02,1625449482.0,64.0
-24.25,1625449482.0,64.0
-28.17,1625449482.0,64.0
-33.58,1625449482.0,64.0
-38.37,1625449482.0,64.0
-40.69,1625449482.0,64.0
-39.61,1625449482.0,64.0
-35.27,1625449482.0,64.0
-28.41,1625449482.0,64.0
-19.78,1625449482.0,64.0
-9.89,1625449482.0,64.0
0.57,1625449482.0,64.0
10.24,1625449482.0,64.0
16.87,1625449482.0,64.0
18.09,1625449482.0,64.0
12.62,1625449482.0,64.0
1.27,1625449482.0,64.0
-12.98,1625449482.0,64.0
-26.15,1625449482.0,64.0
-34.99,1625449482.0,64.0
-38.32,1625449482.0,64.0
-37.1,1625449482.0,64.0
-33.55,1625449482.0,64.0
-29.74,1625449482.0,64.0
-26.68,1625449482.0,64.0
-24.22,1625449482.0,64.0
-21.77,1625449482.0,64.0
-19.03,1625449482.0,64.0
-16.32,1625449482.0,64.0
-14.27,1625449482.0,64.0
-13.48,1625449482.0,64.0
-13.95,1625449482.0,64.0
-14.94,1625449482.0,64.0
-15.5,1625449482.0,64.0
-14.89,1625449482.0,64.0
-12.95,1625449482.0,64.0
-10.14,1625449482.0,64.0
-7.34,1625449482.0,64.0
-5.33,1625449482.0,64.0
-4.43,1625449482.0,64.0
-4.33,1625449482.0,64.0
-4.35,1625449482.0,64.0
-3.89,1625449482.0,64.0
-2.78,1625449482.0,64.0
-1.39,1625449482.0,64.0
-0.35,1625449482.0,64.0
-0.01,1625449482.0,64.0
-0.3,1625449482.0,64.0
-0.93,1625449482.0,64.0
-1.83,1625449482.0,64.0
-3.54,1625449482.0,64.0
-6.92,1625449482.0,64.0
-12.26,1625449482.0,64.0
-18.61,1625449482.0,64.0
-23.73,1625449482.0,64.0
-25.03,1625449482.0,64.0
-20.78,1625449482.0,64.0
-10.83,1625449482.0,64.0
3.62,1625449482.0,64.0
21.03,1625449482.0,64.0
40.47,1625449482.0,64.0
61.67,1625449482.0,64.0
84.1,1625449482.0,64.0
105.96,1625449482.0,64.0
123.89,1625449482.0,64.0
134.0,1625449482.0,64.0
133.75,1625449482.0,64.0
123.35,1625449482.0,64.0
105.79,1625449482.0,64.0
85.53,1625449482.0,64.0
66.5,1625449482.0,64.0
50.78,1625449482.0,64.0
38.34,1625449482.0,64.0
28.12,1625449482.0,64.0
19.12,1625449482.0,64.0
11.13,1625449482.0,64.0
4.64,1625449482.0,64.0
0.28,1625449482.0,64.0
-1.88,1625449482.0,64.0
-2.5,1625449482.0,64.0
-2.71,1625449482.0,64.0
-3.53,1625449482.0,64.0
-5.33,1625449482.0,64.0
-7.65,1625449482.0,64.0
-9.47,1625449482.0,64.0
-9.69,1625449482.0,64.0
-7.85,1625449482.0,64.0
-4.36,1625449482.0,64.0
-0.52,1625449482.0,64.0
2.05,1625449482.0,64.0
2.14,1625449482.0,64.0
-0.45,1625449482.0,64.0
-4.87,1625449482.0,64.0
-9.59,1625449482.0,64.0
-13.1,1625449482.0,64.0
-14.63,1625449482.0,64.0
-14.28,1625449482.0,64.0
-12.9,1625449482.0,64.0
-11.53,1625449482.0,64.0
-10.91,1625449482.0,64.0
-11.16,1625449482.0,64.0
-11.93,1625449482.0,64.0
-12.67,1625449482.0,64.0
-12.97,1625449482.0,64.0
-12.82,1625449482.0,64.0
-12.52,1625449482.0,64.0
-12.52,1625449482.0,64.0
-13.14,1625449482.0,64.0
-14.43,1625449482.0,64.0
-16.11,1625449482.0,64.0
-17.78,1625449482.0,64.0
-19.08,1625449482.0,64.0
-19.87,1625449482.0,64.0
-20.32,1625449482.0,64.0
-20.79,1625449482.0,64.0
-21.61,1625449482.0,64.0
-22.77,1625449482.0,64.0
-23.83,1625449482.0,64.0
-23.99,1625449482.0,64.0
-22.43,1625449482.0,64.0
-18.67,1625449482.0,64.0
-12.87,1625449482.0,64.0
-5.84,1625449482.0,64.0
1.29,1625449482.0,64.0
7.46,1625449482.0,64.0
12.13,1625449482.0,64.0
15.45,1625449482.0,64.0
18.02,1625449482.0,64.0
20.51,1625449482.0,64.0
23.23,1625449482.0,64.0
25.89,1625449482.0,64.0
27.87,1625449482.0,64.0
28.52,1625449482.0,64.0
27.68,1625449482.0,64.0
25.88,1625449482.0,64.0
24.15,1625449482.0,64.0
23.61,1625449482.0,64.0
24.98,1625449482.0,64.0
28.13,1625449482.0,64.0
32.07,1625449482.0,64.0
35.29,1625449482.0,64.0
36.31,1625449482.0,64.0
34.21,1625449482.0,64.0
28.99,1625449482.0,64.0
21.64,1625449482.0,64.0
13.73,1625449482.0,64.0
6.91,1625449482.0,64.0
2.4,1625449482.0,64.0
0.76,1625449482.0,64.0
1.87,1625449482.0,64.0
5.05,1625449482.0,64.0
9.28,1625449482.0,64.0
13.23,1625449482.0,64.0
15.48,1625449482.0,64.0
14.74,1625449482.0,64.0
10.41,1625449482.0,64.0
2.98,1625449482.0,64.0
-5.79,1625449482.0,64.0
-13.43,1625449482.0,64.0
-17.81,1625449482.0,64.0
-18.13,1625449482.0,64.0
-15.45,1625449482.0,64.0
-12.15,1625449482.0,64.0
-10.58,1625449482.0,64.0
-11.8,1625449482.0,64.0
-15.02,1625449482.0,64.0
-18.13,1625449482.0,64.0
-19.01,1625449482.0,64.0
-16.77,1625449482.0,64.0
-12.16,1625449482.0,64.0
-6.99,1625449482.0,64.0
-2.99,1625449482.0,64.0
-0.79,1625449482.0,64.0
0.33,1625449482.0,64.0
1.67,1625449482.0,64.0
4.21,1625449482.0,64.0
7.96,1625449482.0,64.0
12.0,1625449482.0,64.0
15.15,1625449482.0,64.0
16.75,1625449482.0,64.0
16.97,1625449482.0,64.0
16.75,1625449482.0,64.0
17.05,1625449482.0,64.0
18.33,1625449482.0,64.0
20.23,1625449482.0,64.0
21.75,1625449482.0,64.0
21.81,1625449482.0,64.0
19.75,1625449482.0,64.0
15.73,1625449482.0,64.0
10.6,1625449482.0,64.0
5.57,1625449482.0,64.0
1.72,1625449482.0,64.0
-0.5,1625449482.0,64.0
-1.34,1625449482.0,64.0
-1.64,1625449482.0,64.0
-2.43,1625449482.0,64.0
-4.39,1625449482.0,64.0
-7.61,1625449482.0,64.0
-11.54,1625449482.0,64.0
-15.34,1625449482.0,64.0
-18.24,1625449482.0,64.0
-19.9,1625449482.0,64.0
-20.47,1625449482.0,64.0
-20.37,1625449482.0,64.0
-20.16,1625449482.0,64.0
-20.2,1625449482.0,64.0
-20.68,1625449482.0,64.0
-21.52,1625449482.0,64.0
-22.51,1625449482.0,64.0
-23.31,1625449482.0,64.0
-23.56,1625449482.0,64.0
-22.93,1625449482.0,64.0
-21.22,1625449482.0,64.0
-18.43,1625449482.0,64.0
-14.76,1625449482.0,64.0
-10.5,1625449482.0,64.0
-5.96,1625449482.0,64.0
-1.42,1625449482.0,64.0
2.93,1625449482.0,64.0
6.89,1625449482.0,64.0
10.27,1625449482.0,64.0
12.89,1625449482.0,64.0
14.74,1625449482.0,64.0
15.91,1625449482.0,64.0
16.61,1625449482.0,64.0
17.04,1625449482.0,64.0
17.34,1625449482.0,64.0
17.51,1625449482.0,64.0
17.52,1625449482.0,64.0
17.38,1625449482.0,64.0
17.08,1625449482.0,64.0
16.62,1625449482.0,64.0
15.97,1625449482.0,64.0
15.07,1625449482.0,64.0
13.87,1625449482.0,64.0
12.39,1625449482.0,64.0
10.71,1625449482.0,64.0
8.95,1625449482.0,64.0
7.19,1625449482.0,64.0
5.45,1625449482.0,64.0
3.66,1625449482.0,64.0
1.73,1625449482.0,64.0
-0.33,1625449482.0,64.0
-2.34,1625449482.0,64.0
-4.02,1625449482.0,64.0
-5.08,1625449482.0,64.0
-5.43,1625449482.0,64.0
-5.26,1625449482.0,64.0
-4.98,1625449482.0,64.0
-5.13,1625449482.0,64.0
-6.1,1625449482.0,64.0
-7.98,1625449482.0,64.0
-10.43,1625449482.0,64.0
-12.76,1625449482.0,64.0
-14.24,1625449482.0,64.0
-14.37,1625449482.0,64.0
-13.03,1625449482.0,64.0
-10.56,1625449482.0,64.0
-7.47,1625449482.0,64.0
-4.21,1625449482.0,64.0
-1.0,1625449482.0,64.0
2.24,1625449482.0,64.0
5.66,1625449482.0,64.0
9.3,1625449482.0,64.0
12.95,1625449482.0,64.0
16.2,1625449482.0,64.0
18.61,1625449482.0,64.0
19.88,1625449482.0,64.0
20.02,1625449482.0,64.0
19.26,1625449482.0,64.0
17.96,1625449482.0,64.0
16.44,1625449482.0,64.0
14.9,1625449482.0,64.0
13.45,1625449482.0,64.0
12.11,1625449482.0,64.0
10.89,1625449482.0,64.0
9.75,1625449482.0,64.0
8.63,1625449482.0,64.0
7.45,1625449482.0,64.0
6.13,1625449482.0,64.0
4.64,1625449482.0,64.0
3.02,1625449482.0,64.0
1.38,1625449482.0,64.0
-0.17,1625449482.0,64.0
-1.52,1625449482.0,64.0
-2.62,1625449482.0,64.0
-3.49,1625449482.0,64.0
-4.19,1625449482.0,64.0
-4.77,1625449482.0,64.0
-5.26,1625449482.0,64.0
-5.61,1625449482.0,64.0
-5.76,1625449482.0,64.0
-5.81,1625449482.0,64.0
-5.96,1625449482.0,64.0
-6.56,1625449482.0,64.0
-7.91,1625449482.0,64.0
-9.97,1625449482.0,64.0
-12.3,1625449482.0,64.0
-14.07,1625449482.0,64.0
-14.35,1625449482.0,64.0
-12.55,1625449482.0,64.0
-8.79,1625449482.0,64.0
-3.93,1625449482.0,64.0
0.69,1625449482.0,64.0
3.76,1625449482.0,64.0
4.68,1625449482.0,64.0
3.85,1625449482.0,64.0
2.57,1625449482.0,64.0
2.43,1625449482.0,64.0
4.59,1625449482.0,64.0
9.21,1625449482.0,64.0
15.35,1625449482.0,64.0
21.35,1625449482.0,64.0
25.46,1625449482.0,64.0
26.53,1625449482.0,64.0
24.26,1625449482.0,64.0
19.32,1625449482.0,64.0
13.02,1625449482.0,64.0
7.08,1625449482.0,64.0
3.04,1625449482.0,64.0
1.87,1625449482.0,64.0
3.53,1625449482.0,64.0
6.86,1625449482.0,64.0
10.08,1625449482.0,64.0
11.43,1625449482.0,64.0
10.08,1625449482.0,64.0
6.49,1625449482.0,64.0
2.07,1625449482.0,64.0
-1.61,1625449482.0,64.0
-3.75,1625449482.0,64.0
-4.68,1625449482.0,64.0
-5.51,1625449482.0,64.0
-7.24,1625449482.0,64.0
-10.16,1625449482.0,64.0
-13.61,1625449482.0,64.0
-16.48,1625449482.0,64.0
-18.04,1625449482.0,64.0
-18.38,1625449482.0,64.0
-18.31,1625449482.0,64.0
-18.82,1625449482.0,64.0
-20.44,1625449482.0,64.0
-22.91,1625449482.0,64.0
-25.32,1625449482.0,64.0
-26.67,1625449482.0,64.0
-26.37,1625449482.0,64.0
-24.47,1625449482.0,64.0
-21.47,1625449482.0,64.0
-18.05,1625449482.0,64.0
-14.71,1625449482.0,64.0
-11.62,1625449482.0,64.0
-8.72,1625449482.0,64.0
-5.91,1625449482.0,64.0
-3.18,1625449482.0,64.0
-0.66,1625449482.0,64.0
1.47,1625449482.0,64.0
3.07,1625449482.0,64.0
4.08,1625449482.0,64.0
4.53,1625449482.0,64.0
4.52,1625449482.0,64.0
4.2,1625449482.0,64.0
3.79,1625449482.0,64.0
3.55,1625449482.0,64.0
3.67,1625449482.0,64.0
4.17,1625449482.0,64.0
4.79,1625449482.0,64.0
5.11,1625449482.0,64.0
4.74,1625449482.0,64.0
3.62,1625449482.0,64.0
2.1,1625449482.0,64.0
0.74,1625449482.0,64.0
0.1,1625449482.0,64.0
0.29,1625449482.0,64.0
0.93,1625449482.0,64.0
1.36,1625449482.0,64.0
1.01,1625449482.0,64.0
-0.3,1625449482.0,64.0
-2.32,1625449482.0,64.0
-4.55,1625449482.0,64.0
-6.56,1625449482.0,64.0
-8.16,1625449482.0,64.0
-9.47,1625449482.0,64.0
-10.76,1625449482.0,64.0
-12.18,1625449482.0,64.0
-13.77,1625449482.0,64.0
-15.4,1625449482.0,64.0
-16.88,1625449482.0,64.0
-18.04,1625449482.0,64.0
-18.74,1625449482.0,64.0
-18.89,1625449482.0,64.0
-18.49,1625449482.0,64.0
-17.71,1625449482.0,64.0
-16.84,1625449482.0,64.0
-16.3,1625449482.0,64.0
-16.29,1625449482.0,64.0
-16.63,1625449482.0,64.0
-16.63,1625449482.0,64.0
-15.17,1625449482.0,64.0
-11.15,1625449482.0,64.0
-3.97,1625449482.0,64.0
6.06,1625449482.0,64.0
17.72,1625449482.0,64.0
29.14,1625449482.0,64.0
38.38,1625449482.0,64.0
44.06,1625449482.0,64.0
45.72,1625449482.0,64.0
43.89,1625449482.0,64.0
39.84,1625449482.0,64.0
35.08,1625449482.0,64.0
30.98,1625449482.0,64.0
28.37,1625449482.0,64.0
27.41,1625449482.0,64.0
27.63,1625449482.0,64.0
28.16,1625449482.0,64.0
27.99,1625449482.0,64.0
26.37,1625449482.0,64.0
22.89,1625449482.0,64.0
17.66,1625449482.0,64.0
11.21,1625449482.0,64.0
4.24,1625449482.0,64.0
-2.57,1625449482.0,64.0
-8.76,1625449482.0,64.0
-14.14,1625449482.0,64.0
-18.67,1625449482.0,64.0
-22.42,1625449482.0,64.0
-25.62,1625449482.0,64.0
-28.52,1625449482.0,64.0
-31.38,1625449482.0,64.0
-34.34,1625449482.0,64.0
-37.23,1625449482.0,64.0
-39.52,1625449482.0,64.0
-40.49,1625449482.0,64.0
-39.7,1625449482.0,64.0
-37.22,1625449482.0,64.0
-33.73,1625449482.0,64.0
-30.21,1625449482.0,64.0
-27.4,1625449482.0,64.0
-25.33,1625449482.0,64.0
-23.35,1625449482.0,64.0
-20.41,1625449482.0,64.0
-15.73,1625449482.0,64.0
-9.39,1625449482.0,64.0
-2.31,1625449482.0,64.0
4.05,1625449482.0,64.0
8.41,1625449482.0,64.0
10.24,1625449482.0,64.0
9.99,1625449482.0,64.0
8.88,1625449482.0,64.0
8.36,1625449482.0,64.0
9.52,1625449482.0,64.0
12.69,1625449482.0,64.0
17.49,1625449482.0,64.0
22.89,1625449482.0,64.0
27.55,1625449482.0,64.0
30.37,1625449482.0,64.0
30.85,1625449482.0,64.0
29.51,1625449482.0,64.0
27.9,1625449482.0,64.0
28.25,1625449482.0,64.0
32.8,1625449482.0,64.0
42.94,1625449482.0,64.0
58.51,1625449482.0,64.0
77.32,1625449482.0,64.0
95.4,1625449482.0,64.0
107.91,1625449482.0,64.0
110.83,1625449482.0,64.0
102.89,1625449482.0,64.0
86.71,1625449482.0,64.0
68.41,1625449482.0,64.0
55.19,1625449482.0,64.0
52.11,1625449482.0,64.0
59.52,1625449482.0,64.0
72.86,1625449482.0,64.0
85.05,1625449482.0,64.0
90.16,1625449482.0,64.0
86.24,1625449482.0,64.0
75.73,1625449482.0,64.0
63.11,1625449482.0,64.0
51.89,1625449482.0,64.0
42.59,1625449482.0,64.0
33.23,1625449482.0,64.0
21.54,1625449482.0,64.0
7.09,1625449482.0,64.0
-7.91,1625449482.0,64.0
-20.03,1625449482.0,64.0
-26.7,1625449482.0,64.0
-27.71,1625449482.0,64.0
-25.19,1625449482.0,64.0
-22.25,1625449482.0,64.0
-21.31,1625449482.0,64.0
-23.2,1625449482.0,64.0
-27.15,1625449482.0,64.0
-31.56,1625449482.0,64.0
-34.95,1625449482.0,64.0
-36.55,1625449482.0,64.0
-36.49,1625449482.0,64.0
-35.6,1625449482.0,64.0
-34.98,1625449482.0,64.0
-35.52,1625449482.0,64.0
-37.57,1625449482.0,64.0
-40.69,1625449482.0,64.0
-43.87,1625449482.0,64.0
-46.04,1625449482.0,64.0
-46.47,1625449482.0,64.0
-45.25,1625449482.0,64.0
-43.11,1625449482.0,64.0
-41.09,1625449482.0,64.0
-39.93,1625449482.0,64.0
-39.79,1625449482.0,64.0
-40.17,1625449482.0,64.0
-40.28,1625449482.0,64.0
-39.44,1625449482.0,64.0
-37.4,1625449482.0,64.0
-34.47,1625449482.0,64.0
-31.33,1625449482.0,64.0
-28.86,1625449482.0,64.0
-27.83,1625449482.0,64.0
-28.62,1625449482.0,64.0
-31.09,1625449482.0,64.0
-34.52,1625449482.0,64.0
-37.7,1625449482.0,64.0
-39.35,1625449482.0,64.0
-38.5,1625449482.0,64.0
-34.87,1625449482.0,64.0
-28.89,1625449482.0,64.0
-21.53,1625449482.0,64.0
-13.99,1625449482.0,64.0
-7.34,1625449482.0,64.0
-2.24,1625449482.0,64.0
1.2,1625449482.0,64.0
3.43,1625449482.0,64.0
5.32,1625449482.0,64.0
7.93,1625449482.0,64.0
12.09,1625449482.0,64.0
17.94,1625449482.0,64.0
24.84,1625449482.0,64.0
31.36,1625449482.0,64.0
35.84,1625449482.0,64.0
37.07,1625449482.0,64.0
34.86,1625449482.0,64.0
30.08,1625449482.0,64.0
24.31,1625449482.0,64.0
19.07,1625449482.0,64.0
15.11,1625449482.0,64.0
12.25,1625449482.0,64.0
9.59,1625449482.0,64.0
6.18,1625449482.0,64.0
1.47,1625449482.0,64.0
-4.33,1625449482.0,64.0
-10.4,1625449482.0,64.0
-15.85,1625449482.0,64.0
-20.1,1625449482.0,64.0
-23.14,1625449482.0,64.0
-25.39,1625449482.0,64.0
-27.26,1625449482.0,64.0
-28.88,1625449482.0,64.0
-29.94,1625449482.0,64.0
-29.96,1625449482.0,64.0
-28.68,1625449482.0,64.0
-26.35,1625449482.0,64.0
-23.75,1625449482.0,64.0
-21.9,1625449482.0,64.0
-21.59,1625449482.0,64.0
-23.06,1625449482.0,64.0
-25.92,1625449482.0,64.0
-29.33,1625449482.0,64.0
-32.45,1625449482.0,64.0
-34.6,1625449482.0,64.0
-35.47,1625449482.0,64.0
-35.01,1625449482.0,64.0
-33.35,1625449482.0,64.0
-30.65,1625449482.0,64.0
-27.14,1625449482.0,64.0
-23.05,1625449482.0,64.0
-18.61,1625449482.0,64.0
-14.07,1625449482.0,64.0
-9.59,1625449482.0,64.0
-5.27,1625449482.0,64.0
-1.16,1625449482.0,64.0
2.68,1625449482.0,64.0
6.09,1625449482.0,64.0
8.89,1625449482.0,64.0
10.92,1625449482.0,64.0
12.17,1625449482.0,64.0
12.87,1625449482.0,64.0
13.42,1625449482.0,64.0
14.2,1625449482.0,64.0
15.36,1625449482.0,64.0
16.72,1625449482.0,64.0
17.81,1625449482.0,64.0
18.12,1625449482.0,64.0
17.41,1625449482.0,64.0
15.89,1625449482.0,64.0
14.1,1625449482.0,64.0
12.55,1625449482.0,64.0
11.51,1625449482.0,64.0
10.74,1625449482.0,64.0
9.71,1625449482.0,64.0
7.94,1625449482.0,64.0
5.26,1625449482.0,64.0
1.92,1625449482.0,64.0
-1.56,1625449482.0,64.0
-4.62,1625449482.0,64.0
-6.91,1625449482.0,64.0
-8.38,1625449482.0,64.0
-9.23,1625449482.0,64.0
-9.76,1625449482.0,64.0
-10.3,1625449482.0,64.0
-11.14,1625449482.0,64.0
-12.48,1625449482.0,64.0
-14.39,1625449482.0,64.0
-16.71,1625449482.0,64.0
-19.0,1625449482.0,64.0
-20.66,1625449482.0,64.0
-21.14,1625449482.0,64.0
-20.13,1625449482.0,64.0
-17.71,1625449482.0,64.0
-14.3,1625449482.0,64.0
-10.4,1625449482.0,64.0
-6.39,1625449482.0,64.0
-2.39,1625449482.0,64.0
1.72,1625449482.0,64.0
6.11,1625449482.0,64.0
10.78,1625449482.0,64.0
15.48,1625449482.0,64.0
19.77,1625449482.0,64.0
23.18,1625449482.0,64.0
25.42,1625449482.0,64.0
26.53,1625449482.0,64.0
26.73,1625449482.0,64.0
26.39,1625449482.0,64.0
25.9,1625449482.0,64.0
25.44,1625449482.0,64.0
25.08,1625449482.0,64.0
24.74,1625449482.0,64.0
24.33,1625449482.0,64.0
23.82,1625449482.0,64.0
23.19,1625449482.0,64.0
22.36,1625449482.0,64.0
21.11,1625449482.0,64.0
19.18,1625449482.0,64.0
16.31,1625449482.0,64.0
12.47,1625449482.0,64.0
8.05,1625449482.0,64.0
3.78,1625449482.0,64.0
0.46,1625449482.0,64.0
-1.25,1625449482.0,64.0
-1.19,1625449482.0,64.0
0.2,1625449482.0,64.0
2.0,1625449482.0,64.0
3.13,1625449482.0,64.0
2.72,1625449482.0,64.0
0.35,1625449482.0,64.0
-3.74,1625449482.0,64.0
-8.81,1625449482.0,64.0
-13.82,1625449482.0,64.0
-17.83,1625449482.0,64.0
-20.29,1625449482.0,64.0
-21.2,1625449482.0,64.0
-21.11,1625449482.0,64.0
-20.77,1625449482.0,64.0
-20.88,1625449482.0,64.0
-21.68,1625449482.0,64.0
-22.85,1625449482.0,64.0
-23.73,1625449482.0,64.0
-23.58,1625449482.0,64.0
-22.02,1625449482.0,64.0
-19.26,1625449482.0,64.0
-16.02,1625449482.0,64.0
-13.15,1625449482.0,64.0
-11.34,1625449482.0,64.0
-10.78,1625449482.0,64.0
-11.15,1625449482.0,64.0
-11.93,1625449482.0,64.0
-12.75,1625449482.0,64.0
-13.35,1625449482.0,64.0
-13.48,1625449482.0,64.0
-12.7,1625449482.0,64.0
-10.21,1625449482.0,64.0
-5.09,1625449482.0,64.0
3.11,1625449482.0,64.0
13.97,1625449482.0,64.0
26.08,1625449482.0,64.0
37.43,1625449482.0,64.0
46.08,1625449482.0,64.0
50.71,1625449482.0,64.0
51.01,1625449482.0,64.0
47.48,1625449482.0,64.0
41.13,1625449482.0,64.0
33.11,1625449482.0,64.0
24.59,1625449482.0,64.0
16.63,1625449482.0,64.0
10.11,1625449482.0,64.0
5.58,1625449482.0,64.0
2.97,1625449482.0,64.0
1.63,1625449482.0,64.0
0.46,1625449482.0,64.0
-1.62,1625449482.0,64.0
-5.34,1625449482.0,64.0
-10.73,1625449482.0,64.0
-17.27,1625449482.0,64.0
-23.99,1625449482.0,64.0
-29.82,1625449482.0,64.0
-33.82,1625449482.0,64.0
-35.33,1625449482.0,64.0
-34.11,1625449482.0,64.0
-30.36,1625449482.0,64.0
-24.74,1625449482.0,64.0
-18.15,1625449482.0,64.0
-11.58,1625449482.0,64.0
-5.82,1625449482.0,64.0
-1.35,1625449482.0,64.0
1.66,1625449482.0,64.0
3.25,1625449482.0,64.0
3.66,1625449482.0,64.0
3.24,1625449482.0,64.0
2.47,1625449482.0,64.0
2.01,1625449482.0,64.0
2.4,1625449482.0,64.0
4.0,1625449482.0,64.0
6.72,1625449482.0,64.0
10.01,1625449482.0,64.0
13.18,1625449482.0,64.0
15.7,1625449482.0,64.0
17.48,1625449482.0,64.0
18.91,1625449482.0,64.0
20.54,1625449482.0,64.0
22.74,1625449482.0,64.0
25.41,1625449482.0,64.0
27.94,1625449482.0,64.0
29.5,1625449482.0,64.0
29.44,1625449482.0,64.0
27.63,1625449482.0,64.0
24.56,1625449482.0,64.0
21.04,1625449482.0,64.0
17.89,1625449482.0,64.0
15.55,1625449482.0,64.0
14.02,1625449482.0,64.0
13.0,1625449482.0,64.0
12.11,1625449482.0,64.0
11.15,1625449482.0,64.0
10.04,1625449482.0,64.0
8.75,1625449482.0,64.0
7.21,1625449482.0,64.0
5.23,1625449482.0,64.0
2.57,1625449482.0,64.0
-0.78,1625449482.0,64.0
-4.57,1625449482.0,64.0
-8.26,1625449482.0,64.0
-11.26,1625449482.0,64.0
-13.23,1625449482.0,64.0
-14.33,1625449482.0,64.0
-15.12,1625449482.0,64.0
-16.36,1625449482.0,64.0
-18.53,1625449482.0,64.0
-21.48,1625449482.0,64.0
-24.44,1625449482.0,64.0
-26.32,1625449482.0,64.0
-26.24,1625449482.0,64.0
-24.03,1625449482.0,64.0
-20.33,1625449482.0,64.0
-16.27,1625449482.0,64.0
-12.89,1625449482.0,64.0
-10.62,1625449482.0,64.0
-9.03,1625449482.0,64.0
-7.16,1625449482.0,64.0
-4.1,1625449482.0,64.0
0.47,1625449482.0,64.0
5.97,1625449482.0,64.0
11.2,1625449482.0,64.0
14.86,1625449482.0,64.0
16.18,1625449482.0,64.0
15.2,1625449482.0,64.0
12.7,1625449482.0,64.0
9.92,1625449482.0,64.0
8.04,1625449482.0,64.0
7.94,1625449482.0,64.0
9.97,1625449482.0,64.0
14.01,1625449482.0,64.0
19.45,1625449482.0,64.0
25.29,1625449482.0,64.0
30.23,1625449482.0,64.0
33.01,1625449482.0,64.0
32.71,1625449482.0,64.0
29.25,1625449482.0,64.0
23.51,1625449482.0,64.0
17.11,1625449482.0,64.0
11.84,1625449482.0,64.0
8.92,1625449482.0,64.0
8.48,1625449482.0,64.0
9.51,1625449482.0,64.0
10.36,1625449482.0,64.0
9.51,1625449482.0,64.0
6.24,1625449482.0,64.0
0.9,1625449482.0,64.0
-5.3,1625449482.0,64.0
-11.03,1625449482.0,64.0
-15.43,1625449482.0,64.0
-18.43,1625449482.0,64.0
-20.63,1625449482.0,64.0
-22.82,1625449482.0,64.0
-25.53,1625449482.0,64.0
-28.89,1625449482.0,64.0
-32.59,1625449482.0,64.0
-36.18,1625449482.0,64.0
-39.27,1625449482.0,64.0
-41.49,1625449482.0,64.0
-42.53,1625449482.0,64.0
-42.06,1625449482.0,64.0
-39.89,1625449482.0,64.0
-36.02,1625449482.0,64.0
-30.83,1625449482.0,64.0
-24.93,1625449482.0,64.0
-19.02,1625449482.0,64.0
-13.63,1625449482.0,64.0
-9.01,1625449482.0,64.0
-5.07,1625449482.0,64.0
-1.54,1625449482.0,64.0
1.94,1625449482.0,64.0
5.65,1625449482.0,64.0
9.74,1625449482.0,64.0
14.14,1625449482.0,64.0
18.6,1625449482.0,64.0
22.67,1625449482.0,64.0
25.88,1625449482.0,64.0
27.82,1625449482.0,64.0
28.3,1625449482.0,64.0
27.41,1625449482.0,64.0
25.47,1625449482.0,64.0
22.9,1625449482.0,64.0
20.12,1625449482.0,64.0
17.41,1625449482.0,64.0
14.9,1625449482.0,64.0
12.64,1625449482.0,64.0
10.61,1625449482.0,64.0
8.82,1625449482.0,64.0
7.21,1625449482.0,64.0
5.65,1625449482.0,64.0
3.96,1625449482.0,64.0
1.96,1625449482.0,64.0
-0.41,1625449482.0,64.0
-3.04,1625449482.0,64.0
-5.58,1625449482.0,64.0
-7.67,1625449482.0,64.0
-9.02,1625449482.0,64.0
-9.62,1625449482.0,64.0
-9.82,1625449482.0,64.0
-10.13,1625449482.0,64.0
-11.04,1625449482.0,64.0
-12.79,1625449482.0,64.0
-15.21,1625449482.0,64.0
-17.8,1625449482.0,64.0
-19.85,1625449482.0,64.0
-20.75,1625449482.0,64.0
-20.2,1625449482.0,64.0
-18.38,1625449482.0,64.0
-15.82,1625449482.0,64.0
-13.14,1625449482.0,64.0
-10.76,1625449482.0,64.0
-8.69,1625449482.0,64.0
-6.56,1625449482.0,64.0
-3.96,1625449482.0,64.0
-0.64,1625449482.0,64.0
3.18,1625449482.0,64.0
6.97,1625449482.0,64.0
10.08,1625449482.0,64.0
12.12,1625449482.0,64.0
13.11,1625449482.0,64.0
13.42,1625449482.0,64.0
13.51,1625449482.0,64.0
13.68,1625449482.0,64.0
13.97,1625449482.0,64.0
14.13,1625449482.0,64.0
13.9,1625449482.0,64.0
13.15,1625449482.0,64.0
12.01,1625449482.0,64.0
10.76,1625449482.0,64.0
9.69,1625449482.0,64.0
8.96,1625449482.0,64.0
8.54,1625449482.0,64.0
8.28,1625449482.0,64.0
7.97,1625449482.0,64.0
7.37,1625449482.0,64.0
6.34,1625449482.0,64.0
4.81,1625449482.0,64.0
2.85,1625449482.0,64.0
0.7,1625449482.0,64.0
-1.25,1625449482.0,64.0
-2.59,1625449482.0,64.0
-3.16,1625449482.0,64.0
-3.2,1625449482.0,64.0
-3.47,1625449482.0,64.0
-5.0,1625449482.0,64.0
-8.68,1625449482.0,64.0
-14.68,1625449482.0,64.0
-22.27,1625449482.0,64.0
-29.86,1625449482.0,64.0
-35.51,1625449482.0,64.0
-37.58,1625449482.0,64.0
-35.2,1625449482.0,64.0
-28.56,1625449482.0,64.0
-18.75,1625449482.0,64.0
-7.55,1625449482.0,64.0
3.11,1625449482.0,64.0
11.51,1625449482.0,64.0
16.56,1625449482.0,64.0
18.14,1625449482.0,64.0
17.21,1625449482.0,64.0
15.55,1625449482.0,64.0
15.09,1625449482.0,64.0
17.15,1625449482.0,64.0
21.7,1625449482.0,64.0
27.26,1625449482.0,64.0
31.64,1625449482.0,64.0
32.87,1625449482.0,64.0
30.23,1625449482.0,64.0
24.62,1625449482.0,64.0
18.07,1625449482.0,64.0
12.63,1625449482.0,64.0
9.37,1625449482.0,64.0
7.95,1625449482.0,64.0
6.93,1625449482.0,64.0
4.78,1625449482.0,64.0
0.76,1625449482.0,64.0
-4.71,1625449482.0,64.0
-10.34,1625449482.0,64.0
-14.67,1625449482.0,64.0
-16.92,1625449482.0,64.0
-17.2,1625449482.0,64.0
-16.26,1625449482.0,64.0
-15.04,1625449482.0,64.0
-14.02,1625449482.0,64.0
-13.16,1625449482.0,64.0
-12.17,1625449482.0,64.0
-10.83,1625449482.0,64.0
-9.33,1625449482.0,64.0
-8.2,1625449482.0,64.0
-8.03,1625449482.0,64.0
-9.16,1625449482.0,64.0
-11.43,1625449482.0,64.0
-14.27,1625449482.0,64.0
-17.05,1625449482.0,64.0
-19.3,1625449482.0,64.0
-20.92,1625449482.0,64.0
-22.09,1625449482.0,64.0
-23.02,1625449482.0,64.0
-23.74,1625449482.0,64.0
-24.04,1625449482.0,64.0
-23.63,1625449482.0,64.0
-22.28,1625449482.0,64.0
-19.98,1625449482.0,64.0
-16.9,1625449482.0,64.0
-13.23,1625449482.0,64.0
-9.07,1625449482.0,64.0
-4.41,1625449482.0,64.0
0.7,1625449482.0,64.0
5.98,1625449482.0,64.0
10.89,1625449482.0,64.0
14.73,1625449482.0,64.0
16.96,1625449482.0,64.0
17.44,1625449482.0,64.0
16.57,1625449482.0,64.0
15.13,1625449482.0,64.0
13.95,1625449482.0,64.0
13.59,1625449482.0,64.0
14.17,1625449482.0,64.0
15.36,1625449482.0,64.0
16.58,1625449482.0,64.0
17.31,1625449482.0,64.0
17.29,1625449482.0,64.0
16.52,1625449482.0,64.0
15.24,1625449482.0,64.0
13.72,1625449482.0,64.0
12.15,1625449482.0,64.0
10.6,1625449482.0,64.0
9.04,1625449482.0,64.0
7.43,1625449482.0,64.0
5.76,1625449482.0,64.0
4.03,1625449482.0,64.0
2.25,1625449482.0,64.0
0.41,1625449482.0,64.0
-1.53,1625449482.0,64.0
-3.56,1625449482.0,64.0
-5.7,1625449482.0,64.0
-7.83,1625449482.0,64.0
-9.85,1625449482.0,64.0
-11.66,1625449482.0,64.0
-13.26,1625449482.0,64.0
-14.79,1625449482.0,64.0
-16.47,1625449482.0,64.0
-18.49,1625449482.0,64.0
-20.85,1625449482.0,64.0
-23.29,1625449482.0,64.0
-25.33,1625449482.0,64.0
-26.4,1625449482.0,64.0
-26.11,1625449482.0,64.0
-24.34,1625449482.0,64.0
-21.32,1625449482.0,64.0
-17.48,1625449482.0,64.0
-13.28,1625449482.0,64.0
-9.08,1625449482.0,64.0
-5.02,1625449482.0,64.0
-1.08,1625449482.0,64.0
2.82,1625449482.0,64.0
6.72,1625449482.0,64.0
10.45,1625449482.0,64.0
13.68,1625449482.0,64.0
16.0,1625449482.0,64.0
17.07,1625449482.0,64.0
16.79,1625449482.0,64.0
15.38,1625449482.0,64.0
13.24,1625449482.0,64.0
10.77,1625449482.0,64.0
8.21,1625449482.0,64.0
5.61,1625449482.0,64.0
2.96,1625449482.0,64.0
0.57,1625449482.0,64.0
-0.83,1625449482.0,64.0
-0.3,1625449482.0,64.0
2.98,1625449482.0,64.0
9.2,1625449482.0,64.0
17.59,1625449482.0,64.0
26.69,1625449482.0,64.0
34.73,1625449482.0,64.0
40.22,1625449482.0,64.0
42.26,1625449482.0,64.0
40.6,1625449482.0,64.0
35.45,1625449482.0,64.0
27.43,1625449482.0,64.0
17.53,1625449482.0,64.0
7.25,1625449482.0,64.0
-1.57,1625449482.0,64.0
-7.24,1625449482.0,64.0
-8.98,1625449482.0,64.0
-7.46,1625449482.0,64.0
-4.73,1625449482.0,64.0
-3.41,1625449482.0,64.0
-5.51,1625449482.0,64.0
-11.42,1625449482.0,64.0
-19.77,1625449482.0,64.0
-28.15,1625449482.0,64.0
-34.38,1625449482.0,64.0
-37.33,1625449482.0,64.0
-37.26,1625449482.0,64.0
-35.24,1625449482.0,64.0
-32.24,1625449482.0,64.0
-28.65,1625449482.0,64.0
-24.34,1625449482.0,64.0
-18.99,1625449482.0,64.0
-12.61,1625449482.0,64.0
-5.8,1625449482.0,64.0
0.59,1625449482.0,64.0
5.93,1625449482.0,64.0
9.96,1625449482.0,64.0
12.91,1625449482.0,64.0
15.21,1625449482.0,64.0
17.22,1625449482.0,64.0
19.04,1625449482.0,64.0
20.59,1625449482.0,64.0
21.67,1625449482.0,64.0
22.12,1625449482.0,64.0
21.82,1625449482.0,64.0
20.73,1625449482.0,64.0
18.94,1625449482.0,64.0
16.72,1625449482.0,64.0
14.46,1625449482.0,64.0
12.54,1625449482.0,64.0
11.21,1625449482.0,64.0
10.46,1625449482.0,64.0
10.07,1625449482.0,64.0
9.7,1625449482.0,64.0
9.07,1625449482.0,64.0
8.03,1625449482.0,64.0
6.59,1625449482.0,64.0
4.85,1625449482.0,64.0
2.92,1625449482.0,64.0
0.87,1625449482.0,64.0
-1.3,1625449482.0,64.0
-3.69,1625449482.0,64.0
-6.35,1625449482.0,64.0
-9.31,1625449482.0,64.0
-12.41,1625449482.0,64.0
-15.4,1625449482.0,64.0
-18.03,1625449482.0,64.0
-20.12,1625449482.0,64.0
-21.65,1625449482.0,64.0
-22.71,1625449482.0,64.0
-23.35,1625449482.0,64.0
-23.52,1625449482.0,64.0
-23.07,1625449482.0,64.0
-21.82,1625449482.0,64.0
-19.75,1625449482.0,64.0
-16.98,1625449482.0,64.0
-13.69,1625449482.0,64.0
-10.08,1625449482.0,64.0
-6.23,1625449482.0,64.0
-2.15,1625449482.0,64.0
2.12,1625449482.0,64.0
6.43,1625449482.0,64.0
10.48,1625449482.0,64.0
13.9,1625449482.0,64.0
16.37,1625449482.0,64.0
17.73,1625449482.0,64.0
18.03,1625449482.0,64.0
17.55,1625449482.0,64.0
16.72,1625449482.0,64.0
15.97,1625449482.0,64.0
15.56,1625449482.0,64.0
15.51,1625449482.0,64.0
15.59,1625449482.0,64.0
15.5,1625449482.0,64.0
14.99,1625449482.0,64.0
13.99,1625449482.0,64.0
12.66,1625449482.0,64.0
11.23,1625449482.0,64.0
9.88,1625449482.0,64.0
8.65,1625449482.0,64.0
7.4,1625449482.0,64.0
5.89,1625449482.0,64.0
3.95,1625449482.0,64.0
1.55,1625449482.0,64.0
-1.11,1625449482.0,64.0
-3.59,1625449482.0,64.0
-5.41,1625449482.0,64.0
-6.29,1625449482.0,64.0
-6.32,1625449482.0,64.0
-6.04,1625449482.0,64.0
-6.26,1625449482.0,64.0
-7.66,1625449482.0,64.0
-10.41,1625449482.0,64.0
-14.15,1625449482.0,64.0
-18.04,1625449482.0,64.0
-21.21,1625449482.0,64.0
-23.06,1625449482.0,64.0
-23.41,1625449482.0,64.0
-22.47,1625449482.0,64.0
-20.73,1625449482.0,64.0
-18.8,1625449482.0,64.0
-17.3,1625449482.0,64.0
-16.75,1625449482.0,64.0
-17.21,1625449482.0,64.0
-18.16,1625449482.0,64.0
-18.52,1625449482.0,64.0
-17.0,1625449482.0,64.0
-12.73,1625449482.0,64.0
-5.67,1625449482.0,64.0
3.26,1625449482.0,64.0
12.6,1625449482.0,64.0
20.84,1625449482.0,64.0
26.89,1625449482.0,64.0
30.09,1625449482.0,64.0
30.19,1625449482.0,64.0
27.22,1625449482.0,64.0
21.54,1625449482.0,64.0
14.16,1625449482.0,64.0
6.71,1625449482.0,64.0
1.03,1625449482.0,64.0
-1.49,1625449482.0,64.0
-0.7,1625449482.0,64.0
2.05,1625449482.0,64.0
4.33,1625449482.0,64.0
3.65,1625449482.0,64.0
-1.52,1625449482.0,64.0
-11.23,1625449482.0,64.0
-24.05,1625449482.0,64.0
-37.83,1625449482.0,64.0
-50.51,1625449482.0,64.0
-60.81,1625449482.0,64.0
-68.46,1625449482.0,64.0
-74.03,1625449482.0,64.0
-78.56,1625449482.0,64.0
-83.1,1625449482.0,64.0
-88.3,1625449482.0,64.0
-94.16,1625449482.0,64.0
-99.97,1625449482.0,64.0
-104.59,1625449482.0,64.0
-107.0,1625449482.0,64.0
-106.95,1625449482.0,64.0
-105.22,1625449482.0,64.0
-103.36,1625449482.0,64.0
-102.88,1625449482.0,64.0
-104.26,1625449482.0,64.0
-106.62,1625449482.0,64.0
-108.0,1625449482.0,64.0
-106.22,1625449482.0,64.0
-99.78,1625449482.0,64.0
-88.23,1625449482.0,64.0
-71.76,1625449482.0,64.0
-51.02,1625449482.0,64.0
-27.17,1625449482.0,64.0
-2.47,1625449482.0,64.0
19.38,1625449482.0,64.0
34.21,1625449482.0,64.0
39.43,1625449482.0,64.0
36.24,1625449482.0,64.0
30.33,1625449482.0,64.0
30.07,1625449482.0,64.0
42.63,1625449482.0,64.0
70.25,1625449482.0,64.0
108.78,1625449482.0,64.0
149.59,1625449482.0,64.0
183.72,1625449482.0,64.0
205.9,1625449482.0,64.0
216.06,1625449482.0,64.0
217.79,1625449482.0,64.0
214.99,1625449482.0,64.0
209.01,1625449482.0,64.0
198.2,1625449482.0,64.0
179.77,1625449482.0,64.0
152.62,1625449482.0,64.0
119.1,1625449482.0,64.0
84.51,1625449482.0,64.0
54.85,1625449482.0,64.0
34.15,1625449482.0,64.0
22.96,1625449482.0,64.0
18.63,1625449482.0,64.0
17.18,1625449482.0,64.0
15.41,1625449482.0,64.0
12.07,1625449482.0,64.0
7.83,1625449482.0,64.0
4.11,1625449482.0,64.0
1.76,1625449482.0,64.0
0.47,1625449482.0,64.0
-1.11,1625449482.0,64.0
-4.42,1625449482.0,64.0
-10.04,1625449482.0,64.0
-17.39,1625449482.0,64.0
-24.93,1625449482.0,64.0
-30.86,1625449482.0,64.0
-33.84,1625449482.0,64.0
-33.39,1625449482.0,64.0
-29.91,1625449482.0,64.0
-24.41,1625449482.0,64.0
-18.06,1625449482.0,64.0
-11.83,1625449482.0,64.0
-6.29,1625449482.0,64.0
-1.66,1625449482.0,64.0
2.02,1625449482.0,64.0
4.69,1625449482.0,64.0
6.19,1625449482.0,64.0
6.39,1625449482.0,64.0
5.36,1625449482.0,64.0
3.55,1625449482.0,64.0
1.76,1625449482.0,64.0
0.91,1625449482.0,64.0
1.64,1625449482.0,64.0
4.06,1625449482.0,64.0
7.58,1625449482.0,64.0
11.2,1625449482.0,64.0
13.82,1625449482.0,64.0
14.73,1625449482.0,64.0
13.78,1625449482.0,64.0
11.35,1625449482.0,64.0
8.07,1625449482.0,64.0
4.54,1625449482.0,64.0
1.16,1625449482.0,64.0
-1.85,1625449482.0,64.0
-4.39,1625449482.0,64.0
-6.29,1625449482.0,64.0
-7.4,1625449482.0,64.0
-7.66,1625449482.0,64.0
-7.25,1625449482.0,64.0
-6.7,1625449482.0,64.0
-6.68,1625449482.0,64.0
-7.76,1625449482.0,64.0
-10.07,1625449482.0,64.0
-13.15,1625449482.0,64.0
-16.16,1625449482.0,64.0
-18.25,1625449482.0,64.0
-19.04,1625449482.0,64.0
-18.78,1625449482.0,64.0
-18.19,1625449482.0,64.0
-18.02,1625449482.0,64.0
-18.58,1625449482.0,64.0
-19.52,1625449482.0,64.0
-19.96,1625449482.0,64.0
-18.93,1625449482.0,64.0
-15.85,1625449482.0,64.0
-10.78,1625449482.0,64.0
-4.35,1625449482.0,64.0
2.41,1625449482.0,64.0
8.51,1625449482.0,64.0
13.24,1625449482.0,64.0
16.3,1625449482.0,64.0
17.71,1625449482.0,64.0
17.79,1625449482.0,64.0
16.99,1625449482.0,64.0
15.86,1625449482.0,64.0
14.94,1625449482.0,64.0
14.65,1625449482.0,64.0
15.19,1625449482.0,64.0
16.4,1625449482.0,64.0
17.86,1625449482.0,64.0
18.95,1625449482.0,64.0
19.15,1625449482.0,64.0
18.26,1625449482.0,64.0
16.4,1625449482.0,64.0
14.02,1625449482.0,64.0
11.66,1625449482.0,64.0
9.71,1625449482.0,64.0
8.28,1625449482.0,64.0
7.18,1625449482.0,64.0
5.93,1625449482.0,64.0
3.98,1625449482.0,64.0
0.91,1625449482.0,64.0
-3.34,1625449482.0,64.0
-8.28,1625449482.0,64.0
-12.98,1625449482.0,64.0
-16.38,1625449482.0,64.0
-17.73,1625449482.0,64.0
-16.95,1625449482.0,64.0
-14.6,1625449482.0,64.0
-11.68,1625449482.0,64.0
-9.19,1625449482.0,64.0
-7.89,1625449482.0,64.0
-8.16,1625449482.0,64.0
-10.12,1625449482.0,64.0
-13.55,1625449482.0,64.0
-17.9,1625449482.0,64.0
-22.13,1625449482.0,64.0
-24.97,1625449482.0,64.0
-25.28,1625449482.0,64.0
-22.72,1625449482.0,64.0
-18.03,1625449482.0,64.0
-12.71,1625449482.0,64.0
-8.41,1625449482.0,64.0
-5.94,1625449482.0,64.0
-4.96,1625449482.0,64.0
-4.27,1625449482.0,64.0
-2.55,1625449482.0,64.0
0.77,1625449482.0,64.0
5.15,1625449482.0,64.0
9.21,1625449482.0,64.0
11.52,1625449482.0,64.0
11.31,1625449482.0,64.0
8.98,1625449482.0,64.0
5.78,1625449482.0,64.0
3.24,1625449482.0,64.0
2.52,1625449482.0,64.0
3.83,1625449482.0,64.0
6.58,1625449482.0,64.0
9.73,1625449482.0,64.0
12.32,1625449482.0,64.0
13.95,1625449482.0,64.0
14.75,1625449482.0,64.0
15.18,1625449482.0,64.0
15.7,1625449482.0,64.0
16.41,1625449482.0,64.0
17.08,1625449482.0,64.0
17.26,1625449482.0,64.0
16.55,1625449482.0,64.0
14.84,1625449482.0,64.0
12.25,1625449482.0,64.0
9.17,1625449482.0,64.0
5.99,1625449482.0,64.0
3.01,1625449482.0,64.0
0.3,1625449482.0,64.0
-2.28,1625449482.0,64.0
-4.91,1625449482.0,64.0
-7.64,1625449482.0,64.0
-10.28,1625449482.0,64.0
-12.49,1625449482.0,64.0
-14.02,1625449482.0,64.0
-14.9,1625449482.0,64.0
-15.54,1625449482.0,64.0
-16.48,1625449482.0,64.0
-18.09,1625449482.0,64.0
-20.17,1625449482.0,64.0
-22.0,1625449482.0,64.0
-22.61,1625449482.0,64.0
-21.3,1625449482.0,64.0
-18.07,1625449482.0,64.0
-13.61,1625449482.0,64.0
-9.0,1625449482.0,64.0
-5.09,1625449482.0,64.0
-2.18,1625449482.0,64.0
0.05,1625449482.0,64.0
2.18,1625449482.0,64.0
4.7,1625449482.0,64.0
7.64,1625449482.0,64.0
10.7,1625449482.0,64.0
13.38,1625449482.0,64.0
15.34,1625449482.0,64.0
16.51,1625449482.0,64.0
17.02,1625449482.0,64.0
17.08,1625449482.0,64.0
16.79,1625449482.0,64.0
16.14,1625449482.0,64.0
15.07,1625449482.0,64.0
13.59,1625449482.0,64.0
11.86,1625449482.0,64.0
10.23,1625449482.0,64.0
9.06,1625449482.0,64.0
8.6,1625449482.0,64.0
8.75,1625449482.0,64.0
9.05,1625449482.0,64.0
8.76,1625449482.0,64.0
7.07,1625449482.0,64.0
3.57,1625449482.0,64.0
-1.47,1625449482.0,64.0
-7.2,1625449482.0,64.0
-12.23,1625449482.0,64.0
-15.06,1625449482.0,64.0
-14.64,1625449482.0,64.0
-10.63,1625449482.0,64.0
-3.59,1625449482.0,64.0
5.12,1625449482.0,64.0
13.62,1625449482.0,64.0
19.99,1625449482.0,64.0
22.77,1625449482.0,64.0
21.32,1625449482.0,64.0
16.03,1625449482.0,64.0
8.25,1625449482.0,64.0
-0.11,1625449482.0,64.0
-7.07,1625449482.0,64.0
-11.26,1625449482.0,64.0
-12.27,1625449482.0,64.0
-10.76,1625449482.0,64.0
-8.19,1625449482.0,64.0
-6.08,1625449482.0,64.0
-5.38,1625449482.0,64.0
-6.13,1625449482.0,64.0
-7.52,1625449482.0,64.0
-8.45,1625449482.0,64.0
-8.16,1625449482.0,64.0
-6.69,1625449482.0,64.0
-4.83,1625449482.0,64.0
-3.56,1625449482.0,64.0
-3.46,1625449482.0,64.0
-4.48,1625449482.0,64.0
-5.97,1625449482.0,64.0
-7.08,1625449482.0,64.0
-7.42,1625449482.0,64.0
-7.07,1625449482.0,64.0
-6.38,1625449482.0,64.0
-5.69,1625449482.0,64.0
-5.03,1625449482.0,64.0
-4.08,1625449482.0,64.0
-2.4,1625449482.0,64.0
0.17,1625449482.0,64.0
3.45,1625449482.0,64.0
6.88,1625449482.0,64.0
9.77,1625449482.0,64.0
11.54,1625449482.0,64.0
11.87,1625449482.0,64.0
10.69,1625449482.0,64.0
8.23,1625449482.0,64.0
4.87,1625449482.0,64.0
1.13,1625449482.0,64.0
-2.45,1625449482.0,64.0
-5.45,1625449482.0,64.0
-7.68,1625449482.0,64.0
-9.23,1625449482.0,64.0
-10.42,1625449482.0,64.0
-11.62,1625449482.0,64.0
-13.1,1625449482.0,64.0
-14.91,1625449482.0,64.0
-16.92,1625449482.0,64.0
-18.82,1625449482.0,64.0
-20.37,1625449482.0,64.0
-21.35,1625449482.0,64.0
-21.63,1625449482.0,64.0
-21.18,1625449482.0,64.0
-19.99,1625449482.0,64.0
-18.18,1625449482.0,64.0
-15.93,1625449482.0,64.0
-13.44,1625449482.0,64.0
-10.87,1625449482.0,64.0
-8.27,1625449482.0,64.0
-5.53,1625449482.0,64.0
-2.59,1625449482.0,64.0
0.59,1625449482.0,64.0
3.86,1625449482.0,64.0
6.94,1625449482.0,64.0
9.5,1625449482.0,64.0
11.28,1625449482.0,64.0
12.17,1625449482.0,64.0
12.27,1625449482.0,64.0
11.92,1625449482.0,64.0
11.53,1625449482.0,64.0
11.55,1625449482.0,64.0
12.2,1625449482.0,64.0
13.42,1625449482.0,64.0
14.8,1625449482.0,64.0
15.71,1625449482.0,64.0
15.62,1625449482.0,64.0
14.32,1625449482.0,64.0
12.08,1625449482.0,64.0
9.47,1625449482.0,64.0
7.17,1625449482.0,64.0
5.54,1625449482.0,64.0
4.49,1625449482.0,64.0
3.59,1625449482.0,64.0
2.28,1625449482.0,64.0
0.25,1625449482.0,64.0
-2.45,1625449482.0,64.0
-5.42,1625449482.0,64.0
-8.13,1625449482.0,64.0
-10.18,1625449482.0,64.0
-11.46,1625449482.0,64.0
-12.16,1625449482.0,64.0
-12.64,1625449482.0,64.0
-13.28,1625449482.0,64.0
-14.29,1625449482.0,64.0
-15.76,1625449482.0,64.0
-17.61,1625449482.0,64.0
-19.68,1625449482.0,64.0
-21.68,1625449482.0,64.0
-23.18,1625449482.0,64.0
-23.68,1625449482.0,64.0
-22.73,1625449482.0,64.0
-20.13,1625449482.0,64.0
-16.09,1625449482.0,64.0
-11.3,1625449482.0,64.0
-6.69,1625449482.0,64.0
-3.17,1625449482.0,64.0
-1.29,1625449482.0,64.0
-0.98,1625449482.0,64.0
-1.66,1625449482.0,64.0
-2.35,1625449482.0,64.0
-1.98,1625449482.0,64.0
0.22,1625449482.0,64.0
4.46,1625449482.0,64.0
10.27,1625449482.0,64.0
16.65,1625449482.0,64.0
22.39,1625449482.0,64.0
26.49,1625449482.0,64.0
28.48,1625449482.0,64.0
28.46,1625449482.0,64.0
26.93,1625449482.0,64.0
24.46,1625449482.0,64.0
21.6,1625449482.0,64.0
18.74,1625449482.0,64.0
16.18,1625449482.0,64.0
14.15,1625449482.0,64.0
12.65,1625449482.0,64.0
11.39,1625449482.0,64.0
9.89,1625449482.0,64.0
7.79,1625449482.0,64.0
5.11,1625449482.0,64.0
2.39,1625449482.0,64.0
0.41,1625449482.0,64.0
-0.43,1625449482.0,64.0
-0.62,1625449482.0,64.0
-1.47,1625449482.0,64.0
-4.54,1625449482.0,64.0
-10.73,1625449482.0,64.0
-19.54,1625449482.0,64.0
-29.13,1625449482.0,64.0
-36.9,1625449482.0,64.0
-40.62,1625449482.0,64.0
-39.37,1625449482.0,64.0
-33.82,1625449482.0,64.0
-25.83,1625449482.0,64.0
-17.66,1625449482.0,64.0
-11.12,1625449482.0,64.0
-7.04,1625449482.0,64.0
-5.26,1625449482.0,64.0
-4.99,1625449482.0,64.0
-5.26,1625449482.0,64.0
-5.33,1625449482.0,64.0
-4.82,1625449482.0,64.0
-3.72,1625449482.0,64.0
-2.07,1625449482.0,64.0
0.06,1625449482.0,64.0
2.7,1625449482.0,64.0
5.84,1625449482.0,64.0
9.26,1625449482.0,64.0
12.43,1625449482.0,64.0
14.61,1625449482.0,64.0
15.2,1625449482.0,64.0
14.14,1625449482.0,64.0
12.06,1625449482.0,64.0
10.21,1625449482.0,64.0
9.83,1625449482.0,64.0
11.52,1625449482.0,64.0
14.85,1625449482.0,64.0
18.49,1625449482.0,64.0
20.78,1625449482.0,64.0
20.57,1625449482.0,64.0
17.7,1625449482.0,64.0
13.05,1625449482.0,64.0
8.07,1625449482.0,64.0
4.1,1625449482.0,64.0
1.76,1625449482.0,64.0
0.9,1625449482.0,64.0
0.81,1625449482.0,64.0
0.77,1625449482.0,64.0
0.36,1625449482.0,64.0
-0.36,1625449482.0,64.0
-1.1,1625449482.0,64.0
-1.63,1625449482.0,64.0
-2.07,1625449482.0,64.0
-2.77,1625449482.0,64.0
-4.21,1625449482.0,64.0
-6.58,1625449482.0,64.0
-9.71,1625449482.0,64.0
-13.08,1625449482.0,64.0
-16.1,1625449482.0,64.0
-18.41,1625449482.0,64.0
-20.0,1625449482.0,64.0
-21.11,1625449482.0,64.0
-21.96,1625449482.0,64.0
-22.56,1625449482.0,64.0
-22.66,1625449482.0,64.0
-21.85,1625449482.0,64.0
-19.84,1625449482.0,64.0
-16.58,1625449482.0,64.0
-12.35,1625449482.0,64.0
-7.61,1625449482.0,64.0
-2.91,1625449482.0,64.0
1.33,1625449482.0,64.0
4.85,1625449482.0,64.0
7.56,1625449482.0,64.0
9.48,1625449482.0,64.0
10.75,1625449482.0,64.0
11.53,1625449482.0,64.0
12.0,1625449482.0,64.0
12.3,1625449482.0,64.0
12.45,1625449482.0,64.0
12.39,1625449482.0,64.0
12.04,1625449482.0,64.0
11.43,1625449482.0,64.0
10.7,1625449482.0,64.0
10.16,1625449482.0,64.0
10.05,1625449482.0,64.0
10.45,1625449482.0,64.0
11.15,1625449482.0,64.0
11.71,1625449482.0,64.0
11.74,1625449482.0,64.0
10.99,1625449482.0,64.0
9.52,1625449482.0,64.0
7.59,1625449482.0,64.0
5.5,1625449482.0,64.0
3.5,1625449482.0,64.0
1.79,1625449482.0,64.0
0.52,1625449482.0,64.0
-0.2,1625449482.0,64.0
-0.39,1625449482.0,64.0
-0.44,1625449482.0,64.0
-1.11,1625449482.0,64.0
-3.38,1625449482.0,64.0
-7.95,1625449482.0,64.0
-14.69,1625449482.0,64.0
-22.39,1625449482.0,64.0
-28.94,1625449482.0,64.0
-32.05,1625449482.0,64.0
-30.25,1625449482.0,64.0
-23.49,1625449482.0,64.0
-13.26,1625449482.0,64.0
-2.04,1625449482.0,64.0
7.64,1625449482.0,64.0
14.03,1625449482.0,64.0
16.59,1625449482.0,64.0
15.89,1625449482.0,64.0
13.33,1625449482.0,64.0
10.7,1625449482.0,64.0
9.62,1625449482.0,64.0
11.24,1625449482.0,64.0
15.82,1625449482.0,64.0
22.49,1625449482.0,64.0
29.41,1625449482.0,64.0
34.34,1625449482.0,64.0
35.38,1625449482.0,64.0
31.91,1625449482.0,64.0
24.84,1625449482.0,64.0
16.19,1625449482.0,64.0
8.32,1625449482.0,64.0
2.86,1625449482.0,64.0
0.14,1625449482.0,64.0
-0.69,1625449482.0,64.0
-1.03,1625449482.0,64.0
-1.98,1625449482.0,64.0
-3.82,1625449482.0,64.0
-6.03,1625449482.0,64.0
-7.71,1625449482.0,64.0
-8.14,1625449482.0,64.0
-7.04,1625449482.0,64.0
-4.59,1625449482.0,64.0
-1.35,1625449482.0,64.0
2.0,1625449482.0,64.0
4.68,1625449482.0,64.0
5.8,1625449482.0,64.0
4.58,1625449482.0,64.0
0.58,1625449482.0,64.0
-5.84,1625449482.0,64.0
-13.5,1625449482.0,64.0
-20.69,1625449482.0,64.0
-25.75,1625449482.0,64.0
-27.86,1625449482.0,64.0
-27.27,1625449482.0,64.0
-25.17,1625449482.0,64.0
-23.03,1625449482.0,64.0
-21.86,1625449482.0,64.0
-21.84,1625449482.0,64.0
-22.47,1625449482.0,64.0
-22.99,1625449482.0,64.0
-22.78,1625449482.0,64.0
-21.68,1625449482.0,64.0
-19.86,1625449482.0,64.0
-17.55,1625449482.0,64.0
-14.82,1625449482.0,64.0
-11.6,1625449482.0,64.0
-7.75,1625449482.0,64.0
-3.38,1625449482.0,64.0
1.15,1625449482.0,64.0
5.31,1625449482.0,64.0
8.61,1625449482.0,64.0
10.81,1625449482.0,64.0
12.0,1625449482.0,64.0
12.52,1625449482.0,64.0
12.79,1625449482.0,64.0
13.12,1625449482.0,64.0
13.58,1625449482.0,64.0
14.07,1625449482.0,64.0
14.33,1625449482.0,64.0
14.11,1625449482.0,64.0
13.26,1625449482.0,64.0
11.81,1625449482.0,64.0
9.96,1625449482.0,64.0
7.99,1625449482.0,64.0
6.25,1625449482.0,64.0
4.96,1625449482.0,64.0
4.23,1625449482.0,64.0
4.0,1625449482.0,64.0
4.11,1625449482.0,64.0
4.35,1625449482.0,64.0
4.52,1625449482.0,64.0
4.45,1625449482.0,64.0
4.11,1625449482.0,64.0
3.51,1625449482.0,64.0
2.7,1625449482.0,64.0
1.71,1625449482.0,64.0
0.51,1625449482.0,64.0
-0.96,1625449482.0,64.0
-2.72,1625449482.0,64.0
-4.64,1625449482.0,64.0
-6.38,1625449482.0,64.0
-7.58,1625449482.0,64.0
-8.02,1625449482.0,64.0
-7.8,1625449482.0,64.0
-7.28,1625449482.0,64.0
-6.91,1625449482.0,64.0
-6.85,1625449482.0,64.0
-6.88,1625449482.0,64.0
-6.43,1625449482.0,64.0
-4.96,1625449482.0,64.0
-2.29,1625449482.0,64.0
1.2,1625449482.0,64.0
4.73,1625449482.0,64.0
7.55,1625449482.0,64.0
9.26,1625449482.0,64.0
9.93,1625449482.0,64.0
9.89,1625449482.0,64.0
9.34,1625449482.0,64.0
8.29,1625449482.0,64.0
6.66,1625449482.0,64.0
4.56,1625449482.0,64.0
2.48,1625449482.0,64.0
1.18,1625449482.0,64.0
1.23,1625449482.0,64.0
2.68,1625449482.0,64.0
4.88,1625449482.0,64.0
6.77,1625449482.0,64.0
7.49,1625449482.0,64.0
6.78,1625449482.0,64.0
5.09,1625449482.0,64.0
3.17,1625449482.0,64.0
1.67,1625449482.0,64.0
0.73,1625449482.0,64.0
0.09,1625449482.0,64.0
-0.7,1625449482.0,64.0
-1.98,1625449482.0,64.0
-3.8,1625449482.0,64.0
-6.13,1625449482.0,64.0
-9.02,1625449482.0,64.0
-12.63,1625449482.0,64.0
-17.03,1625449482.0,64.0
-21.78,1625449482.0,64.0
-25.89,1625449482.0,64.0
-28.0,1625449482.0,64.0
-27.03,1625449482.0,64.0
-22.76,1625449482.0,64.0
-16.03,1625449482.0,64.0
-8.42,1625449482.0,64.0
-1.54,1625449482.0,64.0
3.51,1625449482.0,64.0
6.43,1625449482.0,64.0
7.55,1625449482.0,64.0
7.45,1625449482.0,64.0
6.81,1625449482.0,64.0
6.37,1625449482.0,64.0
6.86,1625449482.0,64.0
8.86,1625449482.0,64.0
12.47,1625449482.0,64.0
17.01,1625449482.0,64.0
21.1,1625449482.0,64.0
23.21,1625449482.0,64.0
22.43,1625449482.0,64.0
18.97,1625449482.0,64.0
14.09,1625449482.0,64.0
9.32,1625449482.0,64.0
5.7,1625449482.0,64.0
3.31,1625449482.0,64.0
1.44,1625449482.0,64.0
-0.76,1625449482.0,64.0
-3.62,1625449482.0,64.0
-6.75,1625449482.0,64.0
-9.35,1625449482.0,64.0
-10.76,1625449482.0,64.0
-10.86,1625449482.0,64.0
-10.17,1625449482.0,64.0
-9.47,1625449482.0,64.0
-9.37,1625449482.0,64.0
-10.02,1625449482.0,64.0
-11.11,1625449482.0,64.0
-12.17,1625449482.0,64.0
-12.94,1625449482.0,64.0
-13.45,1625449482.0,64.0
-14.02,1625449482.0,64.0
-14.95,1625449482.0,64.0
-16.33,1625449482.0,64.0
-17.81,1625449482.0,64.0
-18.77,1625449482.0,64.0
-18.59,1625449482.0,64.0
-16.97,1625449482.0,64.0
-14.14,1625449482.0,64.0
-10.74,1625449482.0,64.0
-7.59,1625449482.0,64.0
-5.28,1625449482.0,64.0
-3.93,1625449482.0,64.0
-3.23,1625449482.0,64.0
-2.6,1625449482.0,64.0
-1.6,1625449482.0,64.0
-0.1,1625449482.0,64.0
1.67,1625449482.0,64.0
3.28,1625449482.0,64.0
4.41,1625449482.0,64.0
5.03,1625449482.0,64.0
5.45,1625449482.0,64.0
6.13,1625449482.0,64.0
7.37,1625449482.0,64.0
9.14,1625449482.0,64.0
10.97,1625449482.0,64.0
12.21,1625449482.0,64.0
12.31,1625449482.0,64.0
11.12,1625449482.0,64.0
8.95,1625449482.0,64.0
6.47,1625449482.0,64.0
4.36,1625449482.0,64.0
3.0,1625449482.0,64.0
2.33,1625449482.0,64.0
1.95,1625449482.0,64.0
1.36,1625449482.0,64.0
0.2,1625449482.0,64.0
-1.57,1625449482.0,64.0
-3.71,1625449482.0,64.0
-5.9,1625449482.0,64.0
-7.89,1625449482.0,64.0
-9.66,1625449482.0,64.0
-11.35,1625449482.0,64.0
-13.12,1625449482.0,64.0
-14.96,1625449482.0,64.0
-16.57,1625449482.0,64.0
-17.51,1625449482.0,64.0
-17.32,1625449482.0,64.0
-15.82,1625449482.0,64.0
-13.2,1625449482.0,64.0
-9.92,1625449482.0,64.0
-6.5,1625449482.0,64.0
-3.28,1625449482.0,64.0
-0.33,1625449482.0,64.0
2.48,1625449482.0,64.0
5.33,1625449482.0,64.0
8.24,1625449482.0,64.0
11.08,1625449482.0,64.0
13.65,1625449482.0,64.0
15.8,1625449482.0,64.0
17.51,1625449482.0,64.0
18.88,1625449482.0,64.0
19.94,1625449482.0,64.0
20.67,1625449482.0,64.0
20.88,1625449482.0,64.0
20.42,1625449482.0,64.0
19.26,1625449482.0,64.0
17.55,1625449482.0,64.0
15.58,1625449482.0,64.0
13.6,1625449482.0,64.0
11.69,1625449482.0,64.0
9.64,1625449482.0,64.0
7.13,1625449482.0,64.0
3.91,1625449482.0,64.0
0.09,1625449482.0,64.0
-3.82,1625449482.0,64.0
-7.01,1625449482.0,64.0
-8.74,1625449482.0,64.0
-8.64,1625449482.0,64.0
-6.95,1625449482.0,64.0
-4.44,1625449482.0,64.0
-2.17,1625449482.0,64.0
-1.1,1625449482.0,64.0
-1.82,1625449482.0,64.0
-4.39,1625449482.0,64.0
-8.34,1625449482.0,64.0
-12.84,1625449482.0,64.0
-16.81,1625449482.0,64.0
-19.25,1625449482.0,64.0
-19.41,1625449482.0,64.0
-17.12,1625449482.0,64.0
-12.87,1625449482.0,64.0
-7.72,1625449482.0,64.0
-2.96,1625449482.0,64.0
0.46,1625449482.0,64.0
2.3,1625449482.0,64.0
3.07,1625449482.0,64.0
3.7,1625449482.0,64.0
5.04,1625449482.0,64.0
7.3,1625449482.0,64.0
10.0,1625449482.0,64.0
12.26,1625449482.0,64.0
13.31,1625449482.0,64.0
12.98,1625449482.0,64.0
11.78,1625449482.0,64.0
10.58,1625449482.0,64.0
10.12,1625449482.0,64.0
10.66,1625449482.0,64.0
11.91,1625449482.0,64.0
13.26,1625449482.0,64.0
14.18,1625449482.0,64.0
14.45,1625449482.0,64.0
14.19,1625449482.0,64.0
13.68,1625449482.0,64.0
13.19,1625449482.0,64.0
12.74,1625449482.0,64.0
12.2,1625449482.0,64.0
11.32,1625449482.0,64.0
9.9,1625449482.0,64.0
7.9,1625449482.0,64.0
5.41,1625449482.0,64.0
2.68,1625449482.0,64.0
-0.03,1625449482.0,64.0
-2.47,1625449482.0,64.0
-4.48,1625449482.0,64.0
-6.03,1625449482.0,64.0
-7.32,1625449482.0,64.0
-8.6,1625449482.0,64.0
-10.18,1625449482.0,64.0
-12.18,1625449482.0,64.0
-14.59,1625449482.0,64.0
-17.18,1625449482.0,64.0
-19.63,1625449482.0,64.0
-21.62,1625449482.0,64.0
-22.92,1625449482.0,64.0
-23.4,1625449482.0,64.0
-22.98,1625449482.0,64.0
-21.66,1625449482.0,64.0
-19.48,1625449482.0,64.0
-16.54,1625449482.0,64.0
-12.98,1625449482.0,64.0
-8.98,1625449482.0,64.0
-4.69,1625449482.0,64.0
-0.25,1625449482.0,64.0
4.25,1625449482.0,64.0
8.65,1625449482.0,64.0
12.74,1625449482.0,64.0
16.24,1625449482.0,64.0
18.92,1625449482.0,64.0
20.68,1625449482.0,64.0
21.62,1625449482.0,64.0
22.02,1625449482.0,64.0
22.19,1625449482.0,64.0
22.36,1625449482.0,64.0
22.55,1625449482.0,64.0
22.61,1625449482.0,64.0
22.26,1625449482.0,64.0
21.28,1625449482.0,64.0
19.62,1625449482.0,64.0
17.4,1625449482.0,64.0
14.87,1625449482.0,64.0
12.34,1625449482.0,64.0
10.0,1625449482.0,64.0
7.92,1625449482.0,64.0
6.14,1625449482.0,64.0
4.66,1625449482.0,64.0
3.47,1625449482.0,64.0
2.56,1625449482.0,64.0
1.83,1625449482.0,64.0
1.13,1625449482.0,64.0
0.23,1625449482.0,64.0
-0.97,1625449482.0,64.0
-2.48,1625449482.0,64.0
-4.1,1625449482.0,64.0
-5.59,1625449482.0,64.0
-6.83,1625449482.0,64.0
-7.89,1625449482.0,64.0
-9.06,1625449482.0,64.0
-10.64,1625449482.0,64.0
-12.82,1625449482.0,64.0
-15.49,1625449482.0,64.0
-18.35,1625449482.0,64.0
-20.97,1625449482.0,64.0
-23.01,1625449482.0,64.0
-24.27,1625449482.0,64.0
-24.69,1625449482.0,64.0
-24.24,1625449482.0,64.0
-22.89,1625449482.0,64.0
-20.54,1625449482.0,64.0
-17.12,1625449482.0,64.0
-12.67,1625449482.0,64.0
-7.48,1625449482.0,64.0
-2.03,1625449482.0,64.0
2.98,1625449482.0,64.0
6.86,1625449482.0,64.0
9.07,1625449482.0,64.0
9.51,1625449482.0,64.0
8.66,1625449482.0,64.0
7.5,1625449482.0,64.0
7.25,1625449482.0,64.0
8.92,1625449482.0,64.0
12.93,1625449482.0,64.0
18.93,1625449482.0,64.0
25.9,1625449482.0,64.0
32.47,1625449482.0,64.0
37.27,1625449482.0,64.0
39.31,1625449482.0,64.0
38.2,1625449482.0,64.0
34.29,1625449482.0,64.0
28.7,1625449482.0,64.0
23.07,1625449482.0,64.0
19.06,1625449482.0,64.0
17.74,1625449482.0,64.0
19.11,1625449482.0,64.0
21.97,1625449482.0,64.0
24.39,1625449482.0,64.0
24.57,1625449482.0,64.0
21.57,1625449482.0,64.0
15.78,1625449482.0,64.0
8.56,1625449482.0,64.0
1.64,1625449482.0,64.0
-3.73,1625449482.0,64.0
-7.16,1625449482.0,64.0
-9.1,1625449482.0,64.0
-10.42,1625449482.0,64.0
-11.86,1625449482.0,64.0
-13.72,1625449482.0,64.0
-15.87,1625449482.0,64.0
-17.98,1625449482.0,64.0
-19.81,1625449482.0,64.0
-21.34,1625449482.0,64.0
-22.82,1625449482.0,64.0
-24.43,1625449482.0,64.0
-26.13,1625449482.0,64.0
-27.59,1625449482.0,64.0
-28.24,1625449482.0,64.0
-27.55,1625449482.0,64.0
-25.32,1625449482.0,64.0
-21.85,1625449482.0,64.0
-17.86,1625449482.0,64.0
-14.14,1625449482.0,64.0
-11.22,1625449482.0,64.0
-9.07,1625449482.0,64.0
-7.18,1625449482.0,64.0
-4.84,1625449482.0,64.0
-1.54,1625449482.0,64.0
2.73,1625449482.0,64.0
7.46,1625449482.0,64.0
11.87,1625449482.0,64.0
15.24,1625449482.0,64.0
17.21,1625449482.0,64.0
17.89,1625449482.0,64.0
17.74,1625449482.0,64.0
17.33,1625449482.0,64.0
17.14,1625449482.0,64.0
17.38,1625449482.0,64.0
17.96,1625449482.0,64.0
18.63,1625449482.0,64.0
19.03,1625449482.0,64.0
18.87,1625449482.0,64.0
18.0,1625449482.0,64.0
16.49,1625449482.0,64.0
14.53,1625449482.0,64.0
12.44,1625449482.0,64.0
10.49,1625449482.0,64.0
8.93,1625449482.0,64.0
7.79,1625449482.0,64.0
6.91,1625449482.0,64.0
5.94,1625449482.0,64.0
4.45,1625449482.0,64.0
2.1,1625449482.0,64.0
-1.16,1625449482.0,64.0
-5.08,1625449482.0,64.0
-9.17,1625449482.0,64.0
-12.85,1625449482.0,64.0
-15.77,1625449482.0,64.0
-17.86,1625449482.0,64.0
-19.35,1625449482.0,64.0
-20.61,1625449482.0,64.0
-21.99,1625449482.0,64.0
-23.61,1625449482.0,64.0
-25.31,1625449482.0,64.0
-26.74,1625449482.0,64.0
-27.44,1625449482.0,64.0
-27.02,1625449482.0,64.0
-25.3,1625449482.0,64.0
-22.35,1625449482.0,64.0
-18.49,1625449482.0,64.0
-14.26,1625449482.0,64.0
-10.17,1625449482.0,64.0
-6.62,1625449482.0,64.0
-3.78,1625449482.0,64.0
-1.55,1625449482.0,64.0
0.31,1625449482.0,64.0
2.13,1625449482.0,64.0
4.09,1625449482.0,64.0
6.24,1625449482.0,64.0
8.41,1625449482.0,64.0
10.31,1625449482.0,64.0
11.7,1625449482.0,64.0
12.44,1625449482.0,64.0
12.63,1625449482.0,64.0
12.52,1625449482.0,64.0
12.4,1625449482.0,64.0
12.45,1625449482.0,64.0
12.62,1625449482.0,64.0
12.7,1625449482.0,64.0
12.39,1625449482.0,64.0
11.51,1625449482.0,64.0
10.11,1625449482.0,64.0
8.44,1625449482.0,64.0
6.89,1625449482.0,64.0
5.75,1625449482.0,64.0
5.11,1625449482.0,64.0
4.78,1625449482.0,64.0
4.4,1625449482.0,64.0
3.55,1625449482.0,64.0
1.94,1625449482.0,64.0
-0.59,1625449482.0,64.0
-3.93,1625449482.0,64.0
-7.76,1625449482.0,64.0
-11.49,1625449482.0,64.0
-14.42,1625449482.0,64.0
-15.88,1625449482.0,64.0
-15.51,1625449482.0,64.0
-13.37,1625449482.0,64.0
-10.03,1625449482.0,64.0
-6.38,1625449482.0,64.0
-3.38,1625449482.0,64.0
-1.78,1625449482.0,64.0
-1.92,1625449482.0,64.0
-3.6,1625449482.0,64.0
-6.14,1625449482.0,64.0
-8.56,1625449482.0,64.0
-9.8,1625449482.0,64.0
-9.12,1625449482.0,64.0
-6.37,1625449482.0,64.0
-2.14,1625449482.0,64.0
2.41,1625449482.0,64.0
6.06,1625449482.0,64.0
7.95,1625449482.0,64.0
8.08,1625449482.0,64.0
7.14,1625449482.0,64.0
6.12,1625449482.0,64.0
5.78,1625449482.0,64.0
6.19,1625449482.0,64.0
6.87,1625449482.0,64.0
7.16,1625449482.0,64.0
6.7,1625449482.0,64.0
5.73,1625449482.0,64.0
4.84,1625449482.0,64.0
4.62,1625449482.0,64.0
5.18,1625449482.0,64.0
6.13,1625449482.0,64.0
6.85,1625449482.0,64.0
6.93,1625449482.0,64.0
6.51,1625449482.0,64.0
6.1,1625449482.0,64.0
6.26,1625449482.0,64.0
7.13,1625449482.0,64.0
8.21,1625449482.0,64.0
8.68,1625449482.0,64.0
7.81,1625449482.0,64.0
5.43,1625449482.0,64.0
2.0,1625449482.0,64.0
-1.63,1625449482.0,64.0
-4.63,1625449482.0,64.0
-6.65,1625449482.0,64.0
-7.79,1625449482.0,64.0
-8.5,1625449482.0,64.0
-9.28,1625449482.0,64.0
-10.44,1625449482.0,64.0
-12.12,1625449482.0,64.0
-14.29,1625449482.0,64.0
-16.89,1625449482.0,64.0
-19.77,1625449482.0,64.0
-22.65,1625449482.0,64.0
-25.04,1625449482.0,64.0
-26.37,1625449482.0,64.0
-26.17,1625449482.0,64.0
-24.29,1625449482.0,64.0
-21.04,1625449482.0,64.0
-17.05,1625449482.0,64.0
-12.98,1625449482.0,64.0
-9.28,1625449482.0,64.0
-6.0,1625449482.0,64.0
-2.88,1625449482.0,64.0
0.39,1625449482.0,64.0
3.91,1625449482.0,64.0
7.44,1625449482.0,64.0
10.51,1625449482.0,64.0
12.66,1625449482.0,64.0
13.76,1625449482.0,64.0
14.05,1625449482.0,64.0
14.11,1625449482.0,64.0
14.48,1625449482.0,64.0
15.4,1625449482.0,64.0
16.64,1625449482.0,64.0
17.65,1625449482.0,64.0
17.85,1625449482.0,64.0
16.95,1625449482.0,64.0
15.09,1625449482.0,64.0
12.66,1625449482.0,64.0
10.15,1625449482.0,64.0
7.83,1625449482.0,64.0
5.74,1625449482.0,64.0
3.7,1625449482.0,64.0
1.53,1625449482.0,64.0
-0.84,1625449482.0,64.0
-3.33,1625449482.0,64.0
-5.7,1625449482.0,64.0
-7.63,1625449482.0,64.0
-8.83,1625449482.0,64.0
-9.2,1625449482.0,64.0
-8.87,1625449482.0,64.0
-8.29,1625449482.0,64.0
-7.99,1625449482.0,64.0
-8.43,1625449482.0,64.0
-9.75,1625449482.0,64.0
-11.72,1625449482.0,64.0
-13.9,1625449482.0,64.0
-15.81,1625449482.0,64.0
-17.15,1625449482.0,64.0
-17.84,1625449482.0,64.0
-17.99,1625449482.0,64.0
-17.69,1625449482.0,64.0
-16.97,1625449482.0,64.0
-15.76,1625449482.0,64.0
-13.93,1625449482.0,64.0
-11.36,1625449482.0,64.0
-8.01,1625449482.0,64.0
-3.97,1625449482.0,64.0
0.54,1625449482.0,64.0
5.18,1625449482.0,64.0
9.47,1625449482.0,64.0
12.91,1625449482.0,64.0
15.07,1625449482.0,64.0
15.79,1625449482.0,64.0
15.32,1625449482.0,64.0
14.35,1625449482.0,64.0
13.79,1625449482.0,64.0
14.45,1625449482.0,64.0
16.56,1625449482.0,64.0
19.57,1625449482.0,64.0
22.3,1625449482.0,64.0
23.49,1625449482.0,64.0
22.47,1625449482.0,64.0
19.71,1625449482.0,64.0
16.63,1625449482.0,64.0
14.95,1625449482.0,64.0
15.75,1625449482.0,64.0
18.81,1625449482.0,64.0
22.59,1625449482.0,64.0
25.03,1625449482.0,64.0
24.69,1625449482.0,64.0
21.53,1625449482.0,64.0
17.1,1625449482.0,64.0
13.75,1625449482.0,64.0
13.57,1625449482.0,64.0
17.54,1625449482.0,64.0
25.37,1625449482.0,64.0
36.1,1625449482.0,64.0
48.83,1625449482.0,64.0
62.96,1625449482.0,64.0
77.83,1625449482.0,64.0
92.19,1625449482.0,64.0
104.04,1625449482.0,64.0
111.57,1625449482.0,64.0
114.32,1625449482.0,64.0
113.86,1625449482.0,64.0
113.05,1625449482.0,64.0
113.98,1625449482.0,64.0
115.82,1625449482.0,64.0
114.23,1625449482.0,64.0
103.36,1625449482.0,64.0
79.36,1625449482.0,64.0
43.73,1625449482.0,64.0
3.74,1625449482.0,64.0
-30.53,1625449482.0,64.0
-51.03,1625449482.0,64.0
-55.71,1625449482.0,64.0
-49.11,1625449482.0,64.0
-39.51,1625449482.0,64.0
-34.24,1625449482.0,64.0
-36.25,1625449482.0,64.0
-43.55,1625449482.0,64.0
-51.58,1625449482.0,64.0
-56.49,1625449482.0,64.0
-57.32,1625449482.0,64.0
-55.91,1625449482.0,64.0
-55.07,1625449482.0,64.0
-56.46,1625449482.0,64.0
-59.64,1625449482.0,64.0
-62.57,1625449482.0,64.0
-63.04,1625449482.0,64.0
-60.04,1625449482.0,64.0
-54.13,1625449482.0,64.0
-47.17,1625449482.0,64.0
-41.29,1625449482.0,64.0
-37.96,1625449482.0,64.0
-37.42,1625449482.0,64.0
-38.62,1625449482.0,64.0
-39.75,1625449482.0,64.0
-39.05,1625449482.0,64.0
-35.69,1625449482.0,64.0
-30.17,1625449482.0,64.0
-24.06,1625449482.0,64.0
-19.27,1625449482.0,64.0
-17.15,1625449482.0,64.0
-17.81,1625449482.0,64.0
-20.16,1625449482.0,64.0
-22.58,1625449482.0,64.0
-23.73,1625449482.0,64.0
-23.14,1625449482.0,64.0
-21.18,1625449482.0,64.0
-18.7,1625449482.0,64.0
-16.37,1625449482.0,64.0
-14.4,1625449482.0,64.0
-12.5,1625449482.0,64.0
-10.29,1625449482.0,64.0
-7.64,1625449482.0,64.0
-4.85,1625449482.0,64.0
-2.42,1625449482.0,64.0
-0.68,1625449482.0,64.0
0.3,1625449482.0,64.0
0.63,1625449482.0,64.0
0.41,1625449482.0,64.0
-0.51,1625449482.0,64.0
-2.31,1625449482.0,64.0
-4.98,1625449482.0,64.0
-8.03,1625449482.0,64.0
-10.55,1625449482.0,64.0
-11.48,1625449482.0,64.0
-10.1,1625449482.0,64.0
-6.25,1625449482.0,64.0
-0.43,1625449482.0,64.0
6.35,1625449482.0,64.0
12.86,1625449482.0,64.0
17.87,1625449482.0,64.0
20.46,1625449482.0,64.0
20.17,1625449482.0,64.0
17.27,1625449482.0,64.0
12.76,1625449482.0,64.0
8.21,1625449482.0,64.0
5.25,1625449482.0,64.0
4.91,1625449482.0,64.0
7.16,1625449482.0,64.0
10.92,1625449482.0,64.0
14.46,1625449482.0,64.0
16.03,1625449482.0,64.0
14.61,1625449482.0,64.0
10.22,1625449482.0,64.0
3.76,1625449482.0,64.0
-3.44,1625449482.0,64.0
-10.22,1625449482.0,64.0
-15.97,1625449482.0,64.0
-20.57,1625449482.0,64.0
-24.21,1625449482.0,64.0
-27.0,1625449482.0,64.0
-28.94,1625449482.0,64.0
-30.11,1625449482.0,64.0
-31.0,1625449482.0,64.0
-32.56,1625449482.0,64.0
-36.0,1625449482.0,64.0
-42.26,1625449482.0,64.0
-51.51,1625449482.0,64.0
-62.88,1625449482.0,64.0
-74.57,1625449482.0,64.0
-84.37,1625449482.0,64.0
-90.11,1625449482.0,64.0
-90.4,1625449482.0,64.0
-85.04,1625449482.0,64.0
-75.31,1625449482.0,64.0
-63.87,1625449482.0,64.0
-54.32,1625449482.0,64.0
-50.1,1625449482.0,64.0
-53.27,1625449482.0,64.0
-63.34,1625449482.0,64.0
-76.81,1625449482.0,64.0
-87.94,1625449482.0,64.0
-90.34,1625449482.0,64.0
-78.97,1625449482.0,64.0
-51.52,1625449482.0,64.0
-8.75,1625449482.0,64.0
46.12,1625449482.0,64.0
108.17,1625449482.0,64.0
171.7,1625449482.0,64.0
230.91,1625449482.0,64.0
280.77,1625449482.0,64.0
317.78,1625449482.0,64.0
340.77,1625449482.0,64.0
350.94,1625449482.0,64.0
350.99,1625449482.0,64.0
343.85,1625449482.0,64.0
331.35,1625449482.0,64.0
313.85,1625449482.0,64.0
290.87,1625449482.0,64.0
262.46,1625449482.0,64.0
230.29,1625449482.0,64.0
197.59,1625449482.0,64.0
168.09,1625449482.0,64.0
144.26,1625449482.0,64.0
126.29,1625449482.0,64.0
112.06,1625449482.0,64.0
98.17,1625449482.0,64.0
81.33,1625449482.0,64.0
59.5,1625449482.0,64.0
32.4,1625449482.0,64.0
1.36,1625449482.0,64.0
-31.53,1625449482.0,64.0
-64.24,1625449482.0,64.0
-95.3,1625449482.0,64.0
-123.74,1625449482.0,64.0
-148.79,1625449482.0,64.0
-169.29,1625449482.0,64.0
-183.78,1625449482.0,64.0
-191.08,1625449482.0,64.0
-191.24,1625449482.0,64.0
-186.17,1625449482.0,64.0
-179.44,1625449482.0,64.0
-174.95,1625449482.0,64.0
-175.37,1625449482.0,64.0
-180.92,1625449482.0,64.0
-189.16,1625449482.0,64.0
-196.03,1625449482.0,64.0
-197.38,1625449482.0,64.0
-190.53,1625449482.0,64.0
-175.32,1625449482.0,64.0
-154.45,1625449482.0,64.0
-133.11,1625449482.0,64.0
-117.83,1625449482.0,64.0
-114.68,1625449482.0,64.0
-126.92,1625449482.0,64.0
-153.38,1625449482.0,64.0
-188.24,1625449482.0,64.0
-222.88,1625449482.0,64.0
-249.09,1625449482.0,64.0
-262.09,1625449482.0,64.0
-261.93,1625449482.0,64.0
-252.43,1625449482.0,64.0
-238.29,1625449482.0,64.0
-222.43,1625449482.0,64.0
-204.76,1625449482.0,64.0
-182.77,1625449482.0,64.0
-153.55,1625449482.0,64.0
-115.61,1625449482.0,64.0
-69.26,1625449482.0,64.0
-16.26,1625449482.0,64.0
40.58,1625449482.0,64.0
97.16,1625449482.0,64.0
147.87,1625449482.0,64.0
186.34,1625449482.0,64.0
207.75,1625449482.0,64.0
211.91,1625449482.0,64.0
204.83,1625449482.0,64.0
197.24,1625449482.0,64.0
200.2,1625449482.0,64.0
219.64,1625449482.0,64.0
253.36,1625449482.0,64.0
291.94,1625449482.0,64.0
323.32,1625449482.0,64.0
338.17,1625449482.0,64.0
333.32,1625449482.0,64.0
311.52,1625449482.0,64.0
278.69,1625449482.0,64.0
240.79,1625449482.0,64.0
202.1,1625449482.0,64.0
165.23,1625449482.0,64.0
131.78,1625449482.0,64.0
102.74,1625449482.0,64.0
78.28,1625449482.0,64.0
57.79,1625449482.0,64.0
40.53,1625449482.0,64.0
26.59,1625449482.0,64.0
16.85,1625449482.0,64.0
12.47,1625449482.0,64.0
13.6,1625449482.0,64.0
18.46,1625449482.0,64.0
23.72,1625449482.0,64.0
25.8,1625449482.0,64.0
22.56,1625449482.0,64.0
13.92,1625449482.0,64.0
1.53,1625449482.0,64.0
-12.41,1625449482.0,64.0
-26.33,1625449482.0,64.0
-39.61,1625449482.0,64.0
-52.25,1625449482.0,64.0
-64.34,1625449482.0,64.0
-75.51,1625449482.0,64.0
-84.88,1625449482.0,64.0
-91.11,1625449482.0,64.0
-93.05,1625449482.0,64.0
-90.34,1625449482.0,64.0
-84.13,1625449482.0,64.0
-77.29,1625449482.0,64.0
-74.05,1625449482.0,64.0
-78.43,1625449482.0,64.0
-92.26,1625449482.0,64.0
-113.84,1625449482.0,64.0
-138.07,1625449482.0,64.0
-158.21,1625449482.0,64.0
-168.37,1625449482.0,64.0
-165.75,1625449482.0,64.0
-151.47,1625449482.0,64.0
-129.84,1625449482.0,64.0
-106.47,1625449482.0,64.0
-86.29,1625449482.0,64.0
-72.17,1625449482.0,64.0
-64.65,1625449482.0,64.0
-62.38,1625449482.0,64.0
-63.07,1625449482.0,64.0
-64.35,1625449482.0,64.0
-64.4,1625449482.0,64.0
-62.39,1625449482.0,64.0
-58.68,1625449482.0,64.0
-54.49,1625449482.0,64.0
-51.39,1625449482.0,64.0
-50.63,1625449482.0,64.0
-52.58,1625449482.0,64.0
-56.65,1625449482.0,64.0
-61.83,1625449482.0,64.0
-67.19,1625449482.0,64.0
-72.24,1625449482.0,64.0
-76.85,1625449482.0,64.0
-80.82,1625449482.0,64.0
-83.45,1625449482.0,64.0
-83.55,1625449482.0,64.0
-80.0,1625449482.0,64.0
-72.73,1625449482.0,64.0
-63.19,1625449482.0,64.0
-54.24,1625449482.0,64.0
-49.07,1625449482.0,64.0
-49.8,1625449482.0,64.0
-56.36,1625449482.0,64.0
-66.35,1625449482.0,64.0
-75.82,1625449482.0,64.0
-80.76,1625449482.0,64.0
-78.75,1625449482.0,64.0
-70.29,1625449482.0,64.0
-59.15,1625449482.0,64.0
-51.78,1625449482.0,64.0
-55.44,1625449482.0,64.0
-75.71,1625449482.0,64.0
-114.24,1625449482.0,64.0
-167.4,1625449482.0,64.0
-226.78,1625449482.0,64.0
-281.56,1625449482.0,64.0
-321.81,1625449482.0,64.0
-341.46,1625449482.0,64.0
-339.76,1625449482.0,64.0
-320.56,1625449482.0,64.0
-290.13,1625449482.0,64.0
-254.54,1625449482.0,64.0
-218.07,1625449482.0,64.0
-182.81,1625449482.0,64.0
-149.5,1625449482.0,64.0
-118.52,1625449482.0,64.0
-90.37,1625449482.0,64.0
-65.53,1625449482.0,64.0
-43.77,1625449482.0,64.0
-23.94,1625449482.0,64.0
-3.99,1625449482.0,64.0
18.22,1625449482.0,64.0
44.09,1625449482.0,64.0
73.89,1625449482.0,64.0
106.87,1625449482.0,64.0
141.68,1625449482.0,64.0
176.82,1625449482.0,64.0
210.93,1625449482.0,64.0
242.77,1625449482.0,64.0
271.22,1625449482.0,64.0
295.11,1625449482.0,64.0
313.24,1625449482.0,64.0
324.45,1625449482.0,64.0
327.71,1625449482.0,64.0
322.39,1625449482.0,64.0
308.63,1625449482.0,64.0
287.78,1625449482.0,64.0
262.39,1625449482.0,64.0
235.75,1625449482.0,64.0
210.96,1625449482.0,64.0
189.86,1625449482.0,64.0
172.53,1625449482.0,64.0
157.44,1625449482.0,64.0
142.41,1625449482.0,64.0
125.69,1625449482.0,64.0
106.7,1625449482.0,64.0
86.12,1625449482.0,64.0
65.43,1625449482.0,64.0
46.23,1625449482.0,64.0
29.83,1625449482.0,64.0
17.04,1625449482.0,64.0
8.23,1625449482.0,64.0
3.41,1625449482.0,64.0
2.21,1625449482.0,64.0
3.8,1625449482.0,64.0
6.96,1625449482.0,64.0
10.34,1625449482.0,64.0
12.84,1625449482.0,64.0
13.97,1625449482.0,64.0
13.84,1625449482.0,64.0
13.1,1625449482.0,64.0
12.58,1625449482.0,64.0
12.89,1625449482.0,64.0
14.26,1625449482.0,64.0
16.49,1625449482.0,64.0
19.07,1625449482.0,64.0
21.42,1625449482.0,64.0
22.99,1625449482.0,64.0
23.55,1625449482.0,64.0
23.18,1625449482.0,64.0
22.29,1625449482.0,64.0
21.49,1625449482.0,64.0
21.39,1625449482.0,64.0
22.34,1625449482.0,64.0
24.36,1625449482.0,64.0
27.07,1625449482.0,64.0
29.85,1625449482.0,64.0
31.92,1625449482.0,64.0
32.52,1625449482.0,64.0
31.12,1625449482.0,64.0
27.62,1625449482.0,64.0
22.51,1625449482.0,64.0
16.84,1625449482.0,64.0
11.89,1625449482.0,64.0
8.68,1625449482.0,64.0
7.5,1625449482.0,64.0
7.8,1625449482.0,64.0
8.47,1625449482.0,64.0
8.4,1625449482.0,64.0
7.06,1625449482.0,64.0
4.59,1625449482.0,64.0
1.6,1625449482.0,64.0
-1.26,1625449482.0,64.0
-3.68,1625449482.0,64.0
-5.71,1625449482.0,64.0
-7.6,1625449482.0,64.0
-9.52,1625449482.0,64.0
-11.52,1625449482.0,64.0
-13.51,1625449482.0,64.0
-15.41,1625449482.0,64.0
-17.17,1625449482.0,64.0
-18.65,1625449482.0,64.0
-19.52,1625449482.0,64.0
-19.37,1625449482.0,64.0
-17.7,1625449482.0,64.0
-14.29,1625449482.0,64.0
-9.28,1625449482.0,64.0
-3.17,1625449482.0,64.0
3.24,1625449482.0,64.0
9.1,1625449482.0,64.0
13.68,1625449482.0,64.0
16.55,1625449482.0,64.0
17.67,1625449482.0,64.0
17.4,1625449482.0,64.0
16.32,1625449482.0,64.0
15.05,1625449482.0,64.0
14.06,1625449482.0,64.0
13.47,1625449482.0,64.0
13.21,1625449482.0,64.0
13.15,1625449482.0,64.0
13.29,1625449482.0,64.0
13.75,1625449482.0,64.0
14.57,1625449482.0,64.0
15.61,1625449482.0,64.0
16.43,1625449482.0,64.0
16.53,1625449482.0,64.0
15.56,1625449482.0,64.0
13.58,1625449482.0,64.0
10.96,1625449482.0,64.0
8.15,1625449482.0,64.0
5.42,1625449482.0,64.0
2.8,1625449482.0,64.0
0.24,1625449482.0,64.0
-2.21,1625449482.0,64.0
-4.33,1625449482.0,64.0
-5.89,1625449482.0,64.0
-6.89,1625449482.0,64.0
-7.67,1625449482.0,64.0
-8.78,1625449482.0,64.0
-10.65,1625449482.0,64.0
-13.27,1625449482.0,64.0
-16.18,1625449482.0,64.0
-18.67,1625449482.0,64.0
-20.16,1625449482.0,64.0
-20.5,1625449482.0,64.0
-19.94,1625449482.0,64.0
-19.02,1625449482.0,64.0
-18.28,1625449482.0,64.0
-18.19,1625449482.0,64.0
-18.98,1625449482.0,64.0
-20.62,1625449482.0,64.0
-22.7,1625449482.0,64.0
-24.41,1625449482.0,64.0
-24.91,1625449482.0,64.0
-23.54,1625449482.0,64.0
-20.24,1625449482.0,64.0
-15.73,1625449482.0,64.0
-11.25,1625449482.0,64.0
-8.06,1625449482.0,64.0
-6.99,1625449482.0,64.0
-8.03,1625449482.0,64.0
-10.26,1625449482.0,64.0
-12.29,1625449482.0,64.0
-12.65,1625449482.0,64.0
-10.37,1625449482.0,64.0
-5.18,1625449482.0,64.0
2.25,1625449482.0,64.0
10.56,1625449482.0,64.0
17.99,1625449482.0,64.0
22.86,1625449482.0,64.0
24.06,1625449482.0,64.0
21.33,1625449482.0,64.0
15.41,1625449482.0,64.0
7.77,1625449482.0,64.0
0.28,1625449482.0,64.0
-5.36,1625449482.0,64.0
-8.02,1625449482.0,64.0
-7.61,1625449482.0,64.0
-4.97,1625449482.0,64.0
-1.56,1625449482.0,64.0
1.08,1625449482.0,64.0
1.98,1625449482.0,64.0
0.93,1625449482.0,64.0
-1.6,1625449482.0,64.0
-4.9,1625449482.0,64.0
-8.43,1625449482.0,64.0
-12.05,1625449482.0,64.0
-15.73,1625449482.0,64.0
-19.31,1625449482.0,64.0
-22.39,1625449482.0,64.0
-24.39,1625449482.0,64.0
-25.07,1625449482.0,64.0
-24.79,1625449482.0,64.0
-24.52,1625449482.0,64.0
-25.47,1625449482.0,64.0
-28.47,1625449482.0,64.0
-33.59,1625449482.0,64.0
-39.93,1625449482.0,64.0
-46.06,1625449482.0,64.0
-50.54,1625449482.0,64.0
-52.48,1625449482.0,64.0
-51.87,1625449482.0,64.0
-49.49,1625449482.0,64.0
-46.6,1625449482.0,64.0
-44.56,1625449482.0,64.0
-44.39,1625449482.0,64.0
-46.43,1625449482.0,64.0
-50.34,1625449482.0,64.0
-55.1,1625449482.0,64.0
-59.52,1625449482.0,64.0
-62.69,1625449482.0,64.0
-64.4,1625449482.0,64.0
-65.23,1625449482.0,64.0
-66.28,1625449482.0,64.0
-68.54,1625449482.0,64.0
-72.41,1625449482.0,64.0
-77.56,1625449482.0,64.0
-83.32,1625449482.0,64.0
-89.38,1625449482.0,64.0
-96.13,1625449482.0,64.0
-104.31,1625449482.0,64.0
-114.13,1625449482.0,64.0
-124.61,1625449482.0,64.0
-133.77,1625449482.0,64.0
-139.61,1625449482.0,64.0
-141.27,1625449482.0,64.0
-139.44,1625449482.0,64.0
-135.7,1625449482.0,64.0
-131.17,1625449482.0,64.0
-125.54,1625449482.0,64.0
-117.29,1625449482.0,64.0
-104.94,1625449482.0,64.0
-88.42,1625449482.0,64.0
-69.71,1625449482.0,64.0
-51.95,1625449482.0,64.0
-37.84,1625449482.0,64.0
-28.18,1625449482.0,64.0
-21.7,1625449482.0,64.0
-15.93,1625449482.0,64.0
-8.81,1625449482.0,64.0
0.4,1625449482.0,64.0
11.19,1625449482.0,64.0
22.5,1625449482.0,64.0
33.74,1625449482.0,64.0
45.29,1625449482.0,64.0
58.35,1625449482.0,64.0
74.64,1625449482.0,64.0
95.81,1625449482.0,64.0
123.12,1625449482.0,64.0
157.13,1625449482.0,64.0
197.21,1625449482.0,64.0
240.97,1625449482.0,64.0
284.18,1625449482.0,64.0
321.36,1625449482.0,64.0
347.21,1625449482.0,64.0
358.48,1625449482.0,64.0
355.18,1625449482.0,64.0
340.52,1625449482.0,64.0
319.54,1625449482.0,64.0
297.07,1625449482.0,64.0
276.07,1625449482.0,64.0
257.37,1625449482.0,64.0
240.43,1625449482.0,64.0
224.6,1625449482.0,64.0
209.91,1625449482.0,64.0
197.01,1625449482.0,64.0
186.55,1625449482.0,64.0
178.68,1625449482.0,64.0
173.13,1625449482.0,64.0
169.54,1625449482.0,64.0
167.83,1625449482.0,64.0
168.07,1625449482.0,64.0
170.03,1625449482.0,64.0
172.84,1625449482.0,64.0
174.99,1625449482.0,64.0
174.75,1625449482.0,64.0
170.85,1625449482.0,64.0
162.83,1625449482.0,64.0
151.03,1625449482.0,64.0
136.26,1625449482.0,64.0
119.48,1625449482.0,64.0
101.67,1625449482.0,64.0
83.91,1625449482.0,64.0
67.35,1625449482.0,64.0
52.97,1625449482.0,64.0
41.24,1625449482.0,64.0
32.01,1625449482.0,64.0
24.57,1625449482.0,64.0
18.08,1625449482.0,64.0
11.99,1625449482.0,64.0
6.25,1625449482.0,64.0
1.24,1625449482.0,64.0
-2.67,1625449482.0,64.0
-5.76,1625449482.0,64.0
-8.79,1625449482.0,64.0
-12.67,1625449482.0,64.0
-18.08,1625449482.0,64.0
-25.08,1625449482.0,64.0
-33.28,1625449482.0,64.0
-42.15,1625449482.0,64.0
-51.29,1625449482.0,64.0
-60.56,1625449482.0,64.0
-70.65,1625449482.0,64.0
-82.09,1625449482.0,64.0
-94.73,1625449482.0,64.0
-107.45,1625449482.0,64.0
-118.39,1625449482.0,64.0
-125.86,1625449482.0,64.0
-129.29,1625449482.0,64.0
-129.6,1625449482.0,64.0
-128.93,1625449482.0,64.0
-130.77,1625449482.0,64.0
-137.93,1625449482.0,64.0
-151.43,1625449482.0,64.0
-170.11,1625449482.0,64.0
-191.15,1625449482.0,64.0
-211.34,1625449482.0,64.0
-228.22,1625449482.0,64.0
-240.57,1625449482.0,64.0
-248.25,1625449482.0,64.0
-253.31,1625449482.0,64.0
-258.54,1625449482.0,64.0
-266.8,1625449482.0,64.0
-280.16,1625449482.0,64.0
-299.29,1625449482.0,64.0
-323.26,1625449482.0,64.0
-349.94,1625449482.0,64.0
-376.38,1625449482.0,64.0
-390.89,1625449482.0,64.0
-383.63,1625449482.0,64.0
-349.14,1625449482.0,64.0
-289.5,1625449482.0,64.0
-213.68,1625449482.0,64.0
-133.02,1625449482.0,64.0
-56.74,1625449482.0,64.0
9.93,1625449482.0,64.0
65.1,1625449482.0,64.0
108.98,1625449482.0,64.0
141.44,1625449482.0,64.0
162.8,1625449482.0,64.0
174.1,1625449482.0,64.0
177.31,1625449482.0,64.0
175.27,1625449482.0,64.0
170.85,1625449482.0,64.0
166.16,1625449482.0,64.0
162.32,1625449482.0,64.0
159.7,1625449482.0,64.0
157.35,1625449482.0,64.0
154.27,1625449482.0,64.0
149.86,1625449482.0,64.0
144.2,1625449482.0,64.0
137.91,1625449482.0,64.0
131.63,1625449482.0,64.0
125.61,1625449482.0,64.0
119.63,1625449482.0,64.0
113.38,1625449482.0,64.0
106.13,1625449482.0,64.0
97.47,1625449482.0,64.0
87.53,1625449482.0,64.0
76.19,1625449482.0,64.0
63.48,1625449482.0,64.0
49.31,1625449482.0,64.0
33.54,1625449482.0,64.0
16.13,1625449482.0,64.0
-2.36,1625449482.0,64.0
-20.96,1625449482.0,64.0
-38.33,1625449482.0,64.0
-53.23,1625449482.0,64.0
-64.93,1625449482.0,64.0
-73.41,1625449482.0,64.0
-79.33,1625449482.0,64.0
-83.55,1625449482.0,64.0
-87.26,1625449482.0,64.0
-91.58,1625449482.0,64.0
-97.52,1625449482.0,64.0
-105.49,1625449482.0,64.0
-114.35,1625449482.0,64.0
-121.01,1625449482.0,64.0
-120.94,1625449482.0,64.0
-109.84,1625449482.0,64.0
-85.5,1625449482.0,64.0
-49.83,1625449482.0,64.0
-8.79,1625449482.0,64.0
29.75,1625449482.0,64.0
58.86,1625449482.0,64.0
74.88,1625449482.0,64.0
78.16,1625449482.0,64.0
71.71,1625449482.0,64.0
58.1,1625449482.0,64.0
39.78,1625449482.0,64.0
18.23,1625449482.0,64.0
-5.69,1625449482.0,64.0
-30.69,1625449482.0,64.0
-54.51,1625449482.0,64.0
-74.44,1625449482.0,64.0
-88.6,1625449482.0,64.0
-97.15,1625449482.0,64.0
-102.47,1625449482.0,64.0
-107.82,1625449482.0,64.0
-115.74,1625449482.0,64.0
-126.1,1625449482.0,64.0
-135.68,1625449482.0,64.0
-139.24,1625449482.0,64.0
-131.93,1625449482.0,64.0
-111.65,1625449482.0,64.0
-79.9,1625449482.0,64.0
-41.11,1625449482.0,64.0
-0.83,1625449482.0,64.0
35.88,1625449482.0,64.0
65.53,1625449482.0,64.0
86.24,1625449482.0,64.0
97.32,1625449482.0,64.0
99.2,1625449482.0,64.0
93.49,1625449482.0,64.0
82.99,1625449482.0,64.0
71.36,1625449482.0,64.0
62.0,1625449482.0,64.0
56.5,1625449482.0,64.0
54.04,1625449482.0,64.0
51.98,1625449482.0,64.0
47.43,1625449482.0,64.0
38.79,1625449482.0,64.0
26.52,1625449482.0,64.0
12.57,1625449482.0,64.0
-0.95,1625449482.0,64.0
-12.91,1625449482.0,64.0
-23.46,1625449482.0,64.0
-33.4,1625449482.0,64.0
-43.06,1625449482.0,64.0
-51.88,1625449482.0,64.0
-58.51,1625449482.0,64.0
-61.75,1625449482.0,64.0
-61.4,1625449482.0,64.0
-58.45,1625449482.0,64.0
-54.39,1625449482.0,64.0
-50.26,1625449482.0,64.0
-46.09,1625449482.0,64.0
-41.02,1625449482.0,64.0
-34.29,1625449482.0,64.0
-25.97,1625449482.0,64.0
-17.13,1625449482.0,64.0
-9.29,1625449482.0,64.0
-3.29,1625449482.0,64.0
1.23,1625449482.0,64.0
5.63,1625449482.0,64.0
11.22,1625449482.0,64.0
18.25,1625449482.0,64.0
25.42,1625449482.0,64.0
30.55,1625449482.0,64.0
31.88,1625449482.0,64.0
29.04,1625449482.0,64.0
23.3,1625449482.0,64.0
16.8,1625449482.0,64.0
11.35,1625449482.0,64.0
7.66,1625449482.0,64.0
5.34,1625449482.0,64.0
3.6,1625449482.0,64.0
2.02,1625449482.0,64.0
0.79,1625449482.0,64.0
0.29,1625449482.0,64.0
0.5,1625449482.0,64.0
0.59,1625449482.0,64.0
-0.7,1625449482.0,64.0
-4.31,1625449482.0,64.0
-10.3,1625449482.0,64.0
-17.74,1625449482.0,64.0
-25.24,1625449482.0,64.0
-31.5,1625449482.0,64.0
-35.73,1625449482.0,64.0
-37.61,1625449482.0,64.0
-37.18,1625449482.0,64.0
-34.63,1625449482.0,64.0
-30.28,1625449482.0,64.0
-24.66,1625449482.0,64.0
-18.32,1625449482.0,64.0
-11.79,1625449482.0,64.0
-5.38,1625449482.0,64.0
0.85,1625449482.0,64.0
7.11,1625449482.0,64.0
13.73,1625449482.0,64.0
20.98,1625449482.0,64.0
28.96,1625449482.0,64.0
37.43,1625449482.0,64.0
45.81,1625449482.0,64.0
53.31,1625449482.0,64.0
59.22,1625449482.0,64.0
63.28,1625449482.0,64.0
65.87,1625449482.0,64.0
67.8,1625449482.0,64.0
69.68,1625449482.0,64.0
71.33,1625449482.0,64.0
71.57,1625449482.0,64.0
68.65,1625449482.0,64.0
61.26,1625449482.0,64.0
49.48,1625449482.0,64.0
35.11,1625449482.0,64.0
21.05,1625449482.0,64.0
10.14,1625449482.0,64.0
3.89,1625449482.0,64.0
1.94,1625449482.0,64.0
2.35,1625449482.0,64.0
2.71,1625449482.0,64.0
1.32,1625449482.0,64.0
-2.1,1625449482.0,64.0
-6.55,1625449482.0,64.0
-10.51,1625449482.0,64.0
-12.9,1625449482.0,64.0
-13.73,1625449482.0,64.0
-14.08,1625449482.0,64.0
-15.61,1625449482.0,64.0
-19.62,1625449482.0,64.0
-26.34,1625449482.0,64.0
-34.59,1625449482.0,64.0
-42.06,1625449482.0,64.0
-46.25,1625449482.0,64.0
-45.47,1625449482.0,64.0
-39.51,1625449482.0,64.0
-29.68,1625449482.0,64.0
-18.11,1625449482.0,64.0
-6.71,1625449482.0,64.0
3.64,1625449482.0,64.0
13.18,1625449482.0,64.0
22.77,1625449482.0,64.0
33.02,1625449482.0,64.0
43.74,1625449482.0,64.0
53.83,1625449482.0,64.0
61.77,1625449482.0,64.0
66.33,1625449482.0,64.0
67.16,1625449482.0,64.0
64.89,1625449482.0,64.0
60.89,1625449482.0,64.0
56.75,1625449482.0,64.0
53.65,1625449482.0,64.0
51.96,1625449482.0,64.0
51.17,1625449482.0,64.0
50.23,1625449482.0,64.0
48.12,1625449482.0,64.0
44.42,1625449482.0,64.0
39.43,1625449482.0,64.0
34.01,1625449482.0,64.0
29.09,1625449482.0,64.0
25.29,1625449482.0,64.0
22.65,1625449482.0,64.0
20.59,1625449482.0,64.0
18.25,1625449482.0,64.0
14.72,1625449482.0,64.0
9.39,1625449482.0,64.0
2.24,1625449482.0,64.0
-6.05,1625449482.0,64.0
-14.31,1625449482.0,64.0
-21.34,1625449482.0,64.0
-26.34,1625449482.0,64.0
-29.37,1625449482.0,64.0
-31.23,1625449482.0,64.0
-33.14,1625449482.0,64.0
-36.17,1625449482.0,64.0
-40.62,1625449482.0,64.0
-45.89,1625449482.0,64.0
-50.75,1625449482.0,64.0
-53.92,1625449482.0,64.0
-54.58,1625449482.0,64.0
-52.74,1625449482.0,64.0
-49.05,1625449482.0,64.0
-44.27,1625449482.0,64.0
-38.85,1625449482.0,64.0
-32.73,1625449482.0,64.0
-25.67,1625449482.0,64.0
-17.71,1625449482.0,64.0
-9.33,1625449482.0,64.0
-1.33,1625449482.0,64.0
5.57,1625449482.0,64.0
11.11,1625449482.0,64.0
15.44,1625449482.0,64.0
18.84,1625449482.0,64.0
21.38,1625449482.0,64.0
22.78,1625449482.0,64.0
22.75,1625449482.0,64.0
21.52,1625449482.0,64.0
20.03,1625449482.0,64.0
19.52,1625449482.0,64.0
20.92,1625449482.0,64.0
24.15,1625449482.0,64.0
28.07,1625449482.0,64.0
31.09,1625449482.0,64.0
32.03,1625449482.0,64.0
30.72,1625449482.0,64.0
27.99,1625449482.0,64.0
25.1,1625449482.0,64.0
23.06,1625449482.0,64.0
22.16,1625449482.0,64.0
21.96,1625449482.0,64.0
21.64,1625449482.0,64.0
20.51,1625449482.0,64.0
18.3,1625449482.0,64.0
15.25,1625449482.0,64.0
11.88,1625449482.0,64.0
8.64,1625449482.0,64.0
5.62,1625449482.0,64.0
2.5,1625449482.0,64.0
-1.26,1625449482.0,64.0
-6.01,1625449482.0,64.0
-11.61,1625449482.0,64.0
-17.46,1625449482.0,64.0
-22.73,1625449482.0,64.0
-26.79,1625449482.0,64.0
-29.36,1625449482.0,64.0
-30.4,1625449482.0,64.0
-29.8,1625449482.0,64.0
-27.26,1625449482.0,64.0
-22.4,1625449482.0,64.0
-15.16,1625449482.0,64.0
-6.16,1625449482.0,64.0
3.47,1625449482.0,64.0
12.45,1625449482.0,64.0
20.03,1625449482.0,64.0
26.29,1625449482.0,64.0
31.85,1625449482.0,64.0
37.3,1625449482.0,64.0
42.56,1625449482.0,64.0
46.89,1625449482.0,64.0
49.26,1625449482.0,64.0
49.07,1625449482.0,64.0
46.65,1625449482.0,64.0
43.35,1625449482.0,64.0
41.13,1625449482.0,64.0
41.73,1625449482.0,64.0
45.96,1625449482.0,64.0
53.18,1625449482.0,64.0
61.42,1625449482.0,64.0
68.07,1625449482.0,64.0
70.91,1625449482.0,64.0
69.03,1625449482.0,64.0
63.13,1625449482.0,64.0
55.21,1625449482.0,64.0
47.58,1625449482.0,64.0
41.83,1625449482.0,64.0
38.26,1625449482.0,64.0
35.93,1625449482.0,64.0
33.29,1625449482.0,64.0
29.15,1625449482.0,64.0
23.21,1625449482.0,64.0
16.17,1625449482.0,64.0
9.25,1625449482.0,64.0
3.48,1625449482.0,64.0
-0.83,1625449482.0,64.0
-4.16,1625449482.0,64.0
-7.39,1625449482.0,64.0
-11.19,1625449482.0,64.0
-15.51,1625449482.0,64.0
-19.57,1625449482.0,64.0
-22.39,1625449482.0,64.0
-23.4,1625449482.0,64.0
-22.94,1625449482.0,64.0
-22.06,1625449482.0,64.0
-21.87,1625449482.0,64.0
-22.8,1625449482.0,64.0
-24.32,1625449482.0,64.0
-25.15,1625449482.0,64.0
-24.09,1625449482.0,64.0
-20.67,1625449482.0,64.0
-15.36,1625449482.0,64.0
-9.39,1625449482.0,64.0
-4.09,1625449482.0,64.0
-0.4,1625449482.0,64.0
1.34,1625449482.0,64.0
1.42,1625449482.0,64.0
0.38,1625449482.0,64.0
-1.22,1625449482.0,64.0
-2.91,1625449482.0,64.0
-4.4,1625449482.0,64.0
-5.51,1625449482.0,64.0
-6.02,1625449482.0,64.0
-5.54,1625449482.0,64.0
-3.56,1625449482.0,64.0
0.29,1625449482.0,64.0
5.7,1625449482.0,64.0
11.41,1625449482.0,64.0
15.21,1625449482.0,64.0
14.74,1625449482.0,64.0
8.69,1625449482.0,64.0
-2.45,1625449482.0,64.0
-16.39,1625449482.0,64.0
-30.29,1625449482.0,64.0
-42.24,1625449482.0,64.0
-52.41,1625449482.0,64.0
-62.73,1625449482.0,64.0
-75.36,1625449482.0,64.0
-91.01,1625449482.0,64.0
-108.14,1625449482.0,64.0
-123.66,1625449482.0,64.0
-134.55,1625449482.0,64.0
-139.44,1625449482.0,64.0
-138.92,1625449482.0,64.0
-134.54,1625449482.0,64.0
-127.16,1625449482.0,64.0
-115.88,1625449482.0,64.0
-98.21,1625449482.0,64.0
-71.68,1625449482.0,64.0
-35.67,1625449482.0,64.0
7.63,1625449482.0,64.0
53.78,1625449482.0,64.0
97.58,1625449482.0,64.0
134.8,1625449482.0,64.0
162.97,1625449482.0,64.0
181.28,1625449482.0,64.0
189.83,1625449482.0,64.0
188.96,1625449482.0,64.0
179.09,1625449482.0,64.0
161.18,1625449482.0,64.0
136.92,1625449482.0,64.0
108.99,1625449482.0,64.0
80.62,1625449482.0,64.0
55.01,1625449482.0,64.0
34.59,1625449482.0,64.0
20.64,1625449482.0,64.0
13.18,1625449482.0,64.0
11.22,1625449482.0,64.0
13.0,1625449482.0,64.0
16.54,1625449482.0,64.0
19.98,1625449482.0,64.0
22.02,1625449482.0,64.0
21.98,1625449482.0,64.0
19.67,1625449482.0,64.0
15.27,1625449482.0,64.0
9.43,1625449482.0,64.0
3.36,1625449482.0,64.0
-1.18,1625449482.0,64.0
-2.48,1625449482.0,64.0
0.28,1625449482.0,64.0
6.13,1625449482.0,64.0
12.4,1625449482.0,64.0
15.63,1625449482.0,64.0
13.14,1625449482.0,64.0
4.42,1625449482.0,64.0
-8.23,1625449482.0,64.0
-20.41,1625449482.0,64.0
-27.04,1625449482.0,64.0
-24.13,1625449482.0,64.0
-10.33,1625449482.0,64.0
12.46,1625449482.0,64.0
39.41,1625449482.0,64.0
64.01,1625449482.0,64.0
80.08,1625449482.0,64.0
83.44,1625449482.0,64.0
73.2,1625449482.0,64.0
51.86,1625449482.0,64.0
24.41,1625449482.0,64.0
-3.18,1625449482.0,64.0
-25.36,1625449482.0,64.0
-38.1,1625449482.0,64.0
-39.54,1625449482.0,64.0
-30.24,1625449482.0,64.0
-13.31,1625449482.0,64.0
6.2,1625449482.0,64.0
22.5,1625449482.0,64.0
30.99,1625449482.0,64.0
29.97,1625449482.0,64.0
21.37,1625449482.0,64.0
9.75,1625449482.0,64.0
0.26,1625449482.0,64.0
-3.73,1625449482.0,64.0
-1.88,1625449482.0,64.0
3.49,1625449482.0,64.0
8.94,1625449482.0,64.0
11.71,1625449482.0,64.0
10.8,1625449482.0,64.0
6.96,1625449482.0,64.0
1.81,1625449482.0,64.0
-3.15,1625449482.0,64.0
-7.07,1625449482.0,64.0
-9.61,1625449482.0,64.0
-10.63,1625449482.0,64.0
-10.05,1625449482.0,64.0
-7.97,1625449482.0,64.0
-4.95,1625449482.0,64.0
-2.08,1625449482.0,64.0
-0.7,1625449482.0,64.0
-1.7,1625449482.0,64.0
-5.05,1625449482.0,64.0
-9.69,1625449482.0,64.0
-13.86,1625449482.0,64.0
-15.96,1625449482.0,64.0
-15.11,1625449482.0,64.0
-11.58,1625449482.0,64.0
-6.63,1625449482.0,64.0
-2.13,1625449482.0,64.0
-0.05,1625449482.0,64.0
-1.82,1625449482.0,64.0
-7.88,1625449482.0,64.0
-17.24,1625449482.0,64.0
-27.58,1625449482.0,64.0
-35.86,1625449482.0,64.0
-39.45,1625449482.0,64.0
-37.23,1625449482.0,64.0
-30.06,1625449482.0,64.0
-20.42,1625449482.0,64.0
-11.14,1625449482.0,64.0
-4.26,1625449482.0,64.0
-0.31,1625449482.0,64.0
1.56,1625449482.0,64.0
2.76,1625449482.0,64.0
4.41,1625449482.0,64.0
6.89,1625449482.0,64.0
9.91,1625449482.0,64.0
12.73,1625449482.0,64.0
14.44,1625449482.0,64.0
14.27,1625449482.0,64.0
11.82,1625449482.0,64.0
7.3,1625449482.0,64.0
1.62,1625449482.0,64.0
-3.93,1625449482.0,64.0
-8.32,1625449482.0,64.0
-11.36,1625449482.0,64.0
-13.77,1625449482.0,64.0
-16.78,1625449482.0,64.0
-21.24,1625449482.0,64.0
-27.15,1625449482.0,64.0
-33.68,1625449482.0,64.0
-39.76,1625449482.0,64.0
-44.83,1625449482.0,64.0
-49.11,1625449482.0,64.0
-53.27,1625449482.0,64.0
-57.86,1625449482.0,64.0
-62.89,1625449482.0,64.0
-67.88,1625449482.0,64.0
-72.36,1625449482.0,64.0
-76.19,1625449482.0,64.0
-79.83,1625449482.0,64.0
-83.93,1625449482.0,64.0
-89.04,1625449482.0,64.0
-95.25,1625449482.0,64.0
-102.08,1625449482.0,64.0
-108.69,1625449482.0,64.0
-113.95,1625449482.0,64.0
-116.78,1625449482.0,64.0
-116.52,1625449482.0,64.0
-113.23,1625449482.0,64.0
-107.68,1625449482.0,64.0
-101.27,1625449482.0,64.0
-95.51,1625449482.0,64.0
-91.48,1625449482.0,64.0
-89.59,1625449482.0,64.0
-89.74,1625449482.0,64.0
-91.63,1625449482.0,64.0
-95.14,1625449482.0,64.0
-99.94,1625449482.0,64.0
-104.89,1625449482.0,64.0
-107.47,1625449482.0,64.0
-104.23,1625449482.0,64.0
-92.19,1625449482.0,64.0
-70.39,1625449482.0,64.0
-40.84,1625449482.0,64.0
-7.86,1625449482.0,64.0
23.73,1625449482.0,64.0
50.36,1625449482.0,64.0
70.63,1625449482.0,64.0
84.51,1625449482.0,64.0
91.92,1625449482.0,64.0
91.88,1625449482.0,64.0
82.78,1625449482.0,64.0
63.85,1625449482.0,64.0
36.67,1625449482.0,64.0
5.5,1625449482.0,64.0
-23.88,1625449482.0,64.0
-46.45,1625449482.0,64.0
-59.65,1625449482.0,64.0
-63.73,1625449482.0,64.0
-61.01,1625449482.0,64.0
-54.27,1625449482.0,64.0
-45.55,1625449482.0,64.0
-35.69,1625449482.0,64.0
-24.77,1625449482.0,64.0
-12.7,1625449482.0,64.0
0.27,1625449482.0,64.0
13.37,1625449482.0,64.0
25.7,1625449482.0,64.0
36.45,1625449482.0,64.0
45.24,1625449482.0,64.0
51.93,1625449482.0,64.0
56.45,1625449482.0,64.0
58.41,1625449482.0,64.0
57.08,1625449482.0,64.0
51.61,1625449482.0,64.0
41.72,1625449482.0,64.0
28.21,1625449482.0,64.0
13.24,1625449482.0,64.0
0.19,1625449482.0,64.0
-7.03,1625449482.0,64.0
-4.94,1625449482.0,64.0
8.57,1625449482.0,64.0
33.64,1625449482.0,64.0
68.1,1625449482.0,64.0
107.51,1625449482.0,64.0
146.08,1625449482.0,64.0
177.73,1625449482.0,64.0
197.68,1625449482.0,64.0
203.8,1625449482.0,64.0
197.25,1625449482.0,64.0
181.98,1625449482.0,64.0
163.37,1625449482.0,64.0
146.38,1625449482.0,64.0
134.11,1625449482.0,64.0
127.05,1625449482.0,64.0
123.32,1625449482.0,64.0
119.76,1625449482.0,64.0
113.18,1625449482.0,64.0
101.62,1625449482.0,64.0
85.0,1625449482.0,64.0
65.06,1625449482.0,64.0
44.55,1625449482.0,64.0
26.14,1625449482.0,64.0
11.45,1625449482.0,64.0
0.56,1625449482.0,64.0
-7.53,1625449482.0,64.0
-14.16,1625449482.0,64.0
-20.2,1625449482.0,64.0
-25.72,1625449482.0,64.0
-30.45,1625449482.0,64.0
-34.2,1625449482.0,64.0
-37.28,1625449482.0,64.0
-40.24,1625449482.0,64.0
-43.42,1625449482.0,64.0
-46.46,1625449482.0,64.0
-48.24,1625449482.0,64.0
-47.43,1625449482.0,64.0
-43.16,1625449482.0,64.0
-35.65,1625449482.0,64.0
-26.22,1625449482.0,64.0
-16.93,1625449482.0,64.0
-9.76,1625449482.0,64.0
-6.0,1625449482.0,64.0
-5.72,1625449482.0,64.0
-7.92,1625449482.0,64.0
-10.84,1625449482.0,64.0
-12.71,1625449482.0,64.0
-12.34,1625449482.0,64.0
-9.52,1625449482.0,64.0
-5.06,1625449482.0,64.0
-0.31,1625449482.0,64.0
3.57,1625449482.0,64.0
6.24,1625449482.0,64.0
8.37,1625449482.0,64.0
11.28,1625449482.0,64.0
16.03,1625449482.0,64.0
22.74,1625449482.0,64.0
30.25,1625449482.0,64.0
36.64,1625449482.0,64.0
40.02,1625449482.0,64.0
39.33,1625449482.0,64.0
34.51,1625449482.0,64.0
26.46,1625449482.0,64.0
16.59,1625449482.0,64.0
6.83,1625449482.0,64.0
-0.6,1625449482.0,64.0
-3.55,1625449482.0,64.0
-0.73,1625449482.0,64.0
7.29,1625449482.0,64.0
17.68,1625449482.0,64.0
25.91,1625449482.0,64.0
27.62,1625449482.0,64.0
20.75,1625449482.0,64.0
6.88,1625449482.0,64.0
-9.22,1625449482.0,64.0
-21.79,1625449482.0,64.0
-26.78,1625449482.0,64.0
-23.5,1625449482.0,64.0
-14.61,1625449482.0,64.0
-4.27,1625449482.0,64.0
4.05,1625449482.0,64.0
9.03,1625449482.0,64.0
11.48,1625449482.0,64.0
13.12,1625449482.0,64.0
15.3,1625449482.0,64.0
18.18,1625449482.0,64.0
20.97,1625449482.0,64.0
22.71,1625449482.0,64.0
23.06,1625449482.0,64.0
22.41,1625449482.0,64.0
21.44,1625449482.0,64.0
20.36,1625449482.0,64.0
18.34,1625449482.0,64.0
13.6,1625449482.0,64.0
4.15,1625449482.0,64.0
-11.16,1625449482.0,64.0
-31.88,1625449482.0,64.0
-55.66,1625449482.0,64.0
-78.8,1625449482.0,64.0
-97.36,1625449482.0,64.0
-108.32,1625449482.0,64.0
-110.46,1625449482.0,64.0
-104.44,1625449482.0,64.0
-92.12,1625449482.0,64.0
-75.69,1625449482.0,64.0
-56.91,1625449482.0,64.0
-36.94,1625449482.0,64.0
-16.5,1625449482.0,64.0
3.83,1625449482.0,64.0
23.62,1625449482.0,64.0
42.67,1625449482.0,64.0
60.97,1625449482.0,64.0
78.5,1625449482.0,64.0
94.59,1625449482.0,64.0
107.63,1625449482.0,64.0
115.23,1625449482.0,64.0
115.16,1625449482.0,64.0
106.46,1625449482.0,64.0
90.29,1625449482.0,64.0
69.84,1625449482.0,64.0
49.31,1625449482.0,64.0
32.45,1625449482.0,64.0
21.41,1625449482.0,64.0
16.32,1625449482.0,64.0
15.85,1625449482.0,64.0
17.97,1625449482.0,64.0
21.0,1625449482.0,64.0
24.08,1625449482.0,64.0
27.12,1625449482.0,64.0
30.37,1625449482.0,64.0
33.83,1625449482.0,64.0
36.98,1625449482.0,64.0
38.95,1625449482.0,64.0
39.07,1625449482.0,64.0
37.29,1625449482.0,64.0
34.45,1625449482.0,64.0
31.8,1625449482.0,64.0
30.4,1625449482.0,64.0
30.51,1625449482.0,64.0
31.51,1625449482.0,64.0
32.37,1625449482.0,64.0
32.24,1625449482.0,64.0
30.97,1625449482.0,64.0
29.04,1625449482.0,64.0
27.15,1625449482.0,64.0
25.79,1625449482.0,64.0
25.09,1625449482.0,64.0
24.95,1625449482.0,64.0
25.26,1625449482.0,64.0
25.99,1625449482.0,64.0
27.05,1625449482.0,64.0
28.2,1625449482.0,64.0
29.03,1625449482.0,64.0
29.21,1625449482.0,64.0
28.62,1625449482.0,64.0
27.35,1625449482.0,64.0
25.55,1625449482.0,64.0
23.15,1625449482.0,64.0
19.81,1625449482.0,64.0
15.09,1625449482.0,64.0
8.86,1625449482.0,64.0
1.48,1625449482.0,64.0
-6.15,1625449482.0,64.0
-12.99,1625449482.0,64.0
-18.3,1625449482.0,64.0
-21.94,1625449482.0,64.0
-24.46,1625449482.0,64.0
-26.73,1625449482.0,64.0
-29.45,1625449482.0,64.0
-32.82,1625449482.0,64.0
-36.46,1625449482.0,64.0
-39.67,1625449482.0,64.0
-41.83,1625449482.0,64.0
-42.77,1625449482.0,64.0
-42.69,1625449482.0,64.0
-42.16,1625449482.0,64.0
-41.69,1625449482.0,64.0
-41.57,1625449482.0,64.0
-41.81,1625449482.0,64.0
-42.22,1625449482.0,64.0
-42.53,1625449482.0,64.0
-42.57,1625449482.0,64.0
-42.6,1625449482.0,64.0
-43.3,1625449482.0,64.0
-45.72,1625449482.0,64.0
-50.93,1625449482.0,64.0
-59.42,1625449482.0,64.0
-70.8,1625449482.0,64.0
-83.76,1625449482.0,64.0
-96.45,1625449482.0,64.0
-106.97,1625449482.0,64.0
-113.65,1625449482.0,64.0
-115.11,1625449482.0,64.0
-110.32,1625449482.0,64.0
-98.83,1625449482.0,64.0
-81.26,1625449482.0,64.0
-59.55,1625449482.0,64.0
-36.72,1625449482.0,64.0
-15.87,1625449482.0,64.0
1.11,1625449482.0,64.0
14.22,1625449482.0,64.0
25.07,1625449482.0,64.0
35.63,1625449482.0,64.0
46.89,1625449482.0,64.0
58.21,1625449482.0,64.0
67.67,1625449482.0,64.0
73.36,1625449482.0,64.0
74.21,1625449482.0,64.0
70.3,1625449482.0,64.0
62.28,1625449482.0,64.0
50.61,1625449482.0,64.0
35.23,1625449482.0,64.0
16.04,1625449482.0,64.0
-6.27,1625449482.0,64.0
-29.65,1625449482.0,64.0
-50.77,1625449482.0,64.0
-65.99,1625449482.0,64.0
-72.7,1625449482.0,64.0
-70.29,1625449482.0,64.0
-60.52,1625449482.0,64.0
-46.76,1625449482.0,64.0
-32.84,1625449482.0,64.0
-21.7,1625449482.0,64.0
-14.67,1625449482.0,64.0
-11.3,1625449482.0,64.0
-9.95,1625449482.0,64.0
-8.65,1625449482.0,64.0
-5.88,1625449482.0,64.0
-1.02,1625449482.0,64.0
5.53,1625449482.0,64.0
12.64,1625449482.0,64.0
18.82,1625449482.0,64.0
22.77,1625449482.0,64.0
23.8,1625449482.0,64.0
22.02,1625449482.0,64.0
18.36,1625449482.0,64.0
14.2,1625449482.0,64.0
10.91,1625449482.0,64.0
9.38,1625449482.0,64.0
9.71,1625449482.0,64.0
11.25,1625449482.0,64.0
12.87,1625449482.0,64.0
13.25,1625449482.0,64.0
11.31,1625449482.0,64.0
6.72,1625449482.0,64.0
0.1,1625449482.0,64.0
-6.95,1625449482.0,64.0
-12.06,1625449482.0,64.0
-12.85,1625449482.0,64.0
-7.72,1625449482.0,64.0
3.42,1625449482.0,64.0
18.83,1625449482.0,64.0
35.16,1625449482.0,64.0
48.16,1625449482.0,64.0
53.76,1625449482.0,64.0
49.21,1625449482.0,64.0
34.07,1625449482.0,64.0
10.65,1625449482.0,64.0
-16.38,1625449482.0,64.0
-40.94,1625449482.0,64.0
-57.35,1625449482.0,64.0
-62.11,1625449482.0,64.0
-55.03,1625449482.0,64.0
-39.25,1625449482.0,64.0
-19.94,1625449482.0,64.0
-2.36,1625449482.0,64.0
9.96,1625449482.0,64.0
15.97,1625449482.0,64.0
16.83,1625449482.0,64.0
14.75,1625449482.0,64.0
11.85,1625449482.0,64.0
9.44,1625449482.0,64.0
8.03,1625449482.0,64.0
7.73,1625449482.0,64.0
8.58,1625449482.0,64.0
10.51,1625449482.0,64.0
13.3,1625449482.0,64.0
16.32,1625449482.0,64.0
18.62,1625449482.0,64.0
19.37,1625449482.0,64.0
18.24,1625449482.0,64.0
15.59,1625449482.0,64.0
12.31,1625449482.0,64.0
9.36,1625449482.0,64.0
7.48,1625449482.0,64.0
6.9,1625449482.0,64.0
7.36,1625449482.0,64.0
8.29,1625449482.0,64.0
8.95,1625449482.0,64.0
8.66,1625449482.0,64.0
6.95,1625449482.0,64.0
3.72,1625449482.0,64.0
-0.78,1625449482.0,64.0
-5.99,1625449482.0,64.0
-11.21,1625449482.0,64.0
-15.78,1625449482.0,64.0
-19.34,1625449482.0,64.0
-21.92,1625449482.0,64.0
-23.92,1625449482.0,64.0
-25.87,1625449482.0,64.0
-28.2,1625449482.0,64.0
-31.02,1625449482.0,64.0
-34.06,1625449482.0,64.0
-36.89,1625449482.0,64.0
-39.15,1625449482.0,64.0
-40.72,1625449482.0,64.0
-41.63,1625449482.0,64.0
-41.8,1625449482.0,64.0
-40.81,1625449482.0,64.0
-38.1,1625449482.0,64.0
-33.48,1625449482.0,64.0
-27.71,1625449482.0,64.0
-22.56,1625449482.0,64.0
-20.03,1625449482.0,64.0
-21.12,1625449482.0,64.0
-24.95,1625449482.0,64.0
-28.8,1625449482.0,64.0
-29.37,1625449482.0,64.0
-24.44,1625449482.0,64.0
-14.01,1625449482.0,64.0
-0.23,1625449482.0,64.0
13.87,1625449482.0,64.0
25.81,1625449482.0,64.0
34.48,1625449482.0,64.0
40.02,1625449482.0,64.0
42.78,1625449482.0,64.0
42.57,1625449482.0,64.0
38.67,1625449482.0,64.0
30.62,1625449482.0,64.0
19.12,1625449482.0,64.0
6.29,1625449482.0,64.0
-5.0,1625449482.0,64.0
-12.48,1625449482.0,64.0
-15.48,1625449482.0,64.0
-15.13,1625449482.0,64.0
-13.6,1625449482.0,64.0
-12.87,1625449482.0,64.0
-13.88,1625449482.0,64.0
-16.33,1625449482.0,64.0
-19.26,1625449482.0,64.0
-21.89,1625449482.0,64.0
-24.08,1625449482.0,64.0
-26.25,1625449482.0,64.0
-28.82,1625449482.0,64.0
-31.64,1625449482.0,64.0
-33.87,1625449482.0,64.0
-34.32,1625449482.0,64.0
-32.08,1625449482.0,64.0
-27.1,1625449482.0,64.0
-20.07,1625449482.0,64.0
-12.15,1625449482.0,64.0
-4.28,1625449482.0,64.0
3.1,1625449482.0,64.0
9.95,1625449482.0,64.0
16.37,1625449482.0,64.0
22.21,1625449482.0,64.0
27.05,1625449482.0,64.0
30.45,1625449482.0,64.0
32.25,1625449482.0,64.0
32.67,1625449482.0,64.0
32.15,1625449482.0,64.0
31.02,1625449482.0,64.0
29.25,1625449482.0,64.0
26.58,1625449482.0,64.0
22.88,1625449482.0,64.0
18.48,1625449482.0,64.0
14.3,1625449482.0,64.0
11.44,1625449482.0,64.0
10.6,1625449482.0,64.0
11.51,1625449482.0,64.0
12.86,1625449482.0,64.0
12.69,1625449482.0,64.0
9.35,1625449482.0,64.0
2.51,1625449482.0,64.0
-6.47,1625449482.0,64.0
-14.79,1625449482.0,64.0
-19.24,1625449482.0,64.0
-17.6,1625449482.0,64.0
-9.45,1625449482.0,64.0
3.55,1625449482.0,64.0
18.24,1625449482.0,64.0
31.08,1625449482.0,64.0
39.06,1625449482.0,64.0
40.43,1625449482.0,64.0
34.79,1625449482.0,64.0
23.06,1625449482.0,64.0
7.28,1625449482.0,64.0
-9.64,1625449482.0,64.0
-24.36,1625449482.0,64.0
-33.73,1625449482.0,64.0
-35.79,1625449482.0,64.0
-30.32,1625449482.0,64.0
-19.13,1625449482.0,64.0
-5.48,1625449482.0,64.0
7.05,1625449482.0,64.0
15.7,1625449482.0,64.0
19.37,1625449482.0,64.0
18.77,1625449482.0,64.0
15.87,1625449482.0,64.0
12.93,1625449482.0,64.0
11.52,1625449482.0,64.0
11.97,1625449482.0,64.0
13.54,1625449482.0,64.0
14.89,1625449482.0,64.0
14.95,1625449482.0,64.0
13.51,1625449482.0,64.0
11.3,1625449482.0,64.0
9.59,1625449482.0,64.0
9.48,1625449482.0,64.0
11.27,1625449482.0,64.0
14.24,1625449482.0,64.0
17.05,1625449482.0,64.0
18.31,1625449482.0,64.0
17.38,1625449482.0,64.0
14.54,1625449482.0,64.0
10.74,1625449482.0,64.0
7.01,1625449482.0,64.0
3.85,1625449482.0,64.0
1.1,1625449482.0,64.0
-1.67,1625449482.0,64.0
-4.7,1625449482.0,64.0
-7.74,1625449482.0,64.0
-10.19,1625449482.0,64.0
-11.56,1625449482.0,64.0
-11.89,1625449482.0,64.0
-11.78,1625449482.0,64.0
-11.94,1625449482.0,64.0
-12.82,1625449482.0,64.0
-14.29,1625449482.0,64.0
-15.93,1625449482.0,64.0
-17.49,1625449482.0,64.0
-19.09,1625449482.0,64.0
-21.04,1625449482.0,64.0
-23.45,1625449482.0,64.0
-25.85,1625449482.0,64.0
-27.3,1625449482.0,64.0
-26.84,1625449482.0,64.0
-24.12,1625449482.0,64.0
-19.5,1625449482.0,64.0
-13.91,1625449482.0,64.0
-8.21,1625449482.0,64.0
-2.84,1625449482.0,64.0
2.33,1625449482.0,64.0
7.67,1625449482.0,64.0
13.41,1625449482.0,64.0
19.4,1625449482.0,64.0
24.96,1625449482.0,64.0
29.23,1625449482.0,64.0
31.34,1625449482.0,64.0
30.99,1625449482.0,64.0
28.62,1625449482.0,64.0
25.46,1625449482.0,64.0
23.1,1625449482.0,64.0
22.7,1625449482.0,64.0
24.34,1625449482.0,64.0
26.84,1625449482.0,64.0
28.22,1625449482.0,64.0
26.73,1625449482.0,64.0
21.65,1625449482.0,64.0
13.57,1625449482.0,64.0
3.9,1625449482.0,64.0
-5.99,1625449482.0,64.0
-15.42,1625449482.0,64.0
-24.43,1625449482.0,64.0
-33.11,1625449482.0,64.0
-41.22,1625449482.0,64.0
-48.04,1625449482.0,64.0
-52.97,1625449482.0,64.0
-56.11,1625449482.0,64.0
-58.5,1625449482.0,64.0
-61.55,1625449482.0,64.0
-66.14,1625449482.0,64.0
-72.01,1625449482.0,64.0
-77.79,1625449482.0,64.0
-81.82,1625449482.0,64.0
-83.12,1625449482.0,64.0
-81.71,1625449482.0,64.0
-78.37,1625449482.0,64.0
-73.87,1625449482.0,64.0
-68.47,1625449482.0,64.0
-61.86,1625449482.0,64.0
-53.66,1625449482.0,64.0
-43.93,1625449482.0,64.0
-33.35,1625449482.0,64.0
-22.9,1625449482.0,64.0
-13.27,1625449482.0,64.0
-4.59,1625449482.0,64.0
3.46,1625449482.0,64.0
11.2,1625449482.0,64.0
18.56,1625449482.0,64.0
24.92,1625449482.0,64.0
29.44,1625449482.0,64.0
31.46,1625449482.0,64.0
30.95,1625449482.0,64.0
28.6,1625449482.0,64.0
25.55,1625449482.0,64.0
23.15,1625449482.0,64.0
22.41,1625449482.0,64.0
23.64,1625449482.0,64.0
26.24,1625449482.0,64.0
28.74,1625449482.0,64.0
29.3,1625449482.0,64.0
26.35,1625449482.0,64.0
19.3,1625449482.0,64.0
9.0,1625449482.0,64.0
-2.34,1625449482.0,64.0
-11.78,1625449482.0,64.0
-16.67,1625449482.0,64.0
-15.6,1625449482.0,64.0
-8.71,1625449482.0,64.0
2.41,1625449482.0,64.0
15.38,1625449482.0,64.0
27.51,1625449482.0,64.0
36.05,1625449482.0,64.0
38.48,1625449482.0,64.0
32.89,1625449482.0,64.0
18.82,1625449482.0,64.0
-1.76,1625449482.0,64.0
-24.28,1625449482.0,64.0
-42.67,1625449482.0,64.0
-51.55,1625449482.0,64.0
-48.65,1625449482.0,64.0
-36.02,1625449482.0,64.0
-19.19,1625449482.0,64.0
-4.67,1625449482.0,64.0
3.02,1625449482.0,64.0
3.22,1625449482.0,64.0
-1.32,1625449482.0,64.0
-6.37,1625449482.0,64.0
-8.43,1625449482.0,64.0
-6.2,1625449482.0,64.0
-0.29,1625449482.0,64.0
8.16,1625449482.0,64.0
18.99,1625449482.0,64.0
33.15,1625449482.0,64.0
51.72,1625449482.0,64.0
74.19,1625449482.0,64.0
97.62,1625449482.0,64.0
117.45,1625449482.0,64.0
129.58,1625449482.0,64.0
132.49,1625449482.0,64.0
127.99,1625449482.0,64.0
119.79,1625449482.0,64.0
111.05,1625449482.0,64.0
102.45,1625449482.0,64.0
92.24,1625449482.0,64.0
78.22,1625449482.0,64.0
60.28,1625449482.0,64.0
41.76,1625449482.0,64.0
28.26,1625449482.0,64.0
24.61,1625449482.0,64.0
31.63,1625449482.0,64.0
45.1,1625449482.0,64.0
57.59,1625449482.0,64.0
62.07,1625449482.0,64.0
55.4,1625449482.0,64.0
39.47,1625449482.0,64.0
19.71,1625449482.0,64.0
2.12,1625449482.0,64.0
-9.28,1625449482.0,64.0
-13.73,1625449482.0,64.0
-12.78,1625449482.0,64.0
-8.63,1625449482.0,64.0
-3.01,1625449482.0,64.0
2.79,1625449482.0,64.0
7.33,1625449482.0,64.0
8.17,1625449482.0,64.0
2.49,1625449482.0,64.0
-11.54,1625449482.0,64.0
-33.48,1625449482.0,64.0
-60.24,1625449482.0,64.0
-87.16,1625449482.0,64.0
-110.0,1625449482.0,64.0
-126.45,1625449482.0,64.0
-136.35,1625449482.0,64.0
-141.14,1625449482.0,64.0
-142.69,1625449482.0,64.0
-142.16,1625449482.0,64.0
-139.83,1625449482.0,64.0
-135.44,1625449482.0,64.0
-128.74,1625449482.0,64.0
-119.95,1625449482.0,64.0
-109.75,1625449482.0,64.0
-99.08,1625449482.0,64.0
-88.89,1625449482.0,64.0
-79.98,1625449482.0,64.0
-73.03,1625449482.0,64.0
-68.48,1625449482.0,64.0
-66.37,1625449482.0,64.0
-66.24,1625449482.0,64.0
-67.17,1625449482.0,64.0
-67.89,1625449482.0,64.0
-67.15,1625449482.0,64.0
-64.08,1625449482.0,64.0
-58.49,1625449482.0,64.0
-50.97,1625449482.0,64.0
-42.78,1625449482.0,64.0
-35.22,1625449482.0,64.0
-29.06,1625449482.0,64.0
-24.17,1625449482.0,64.0
-19.61,1625449482.0,64.0
-14.18,1625449482.0,64.0
-7.06,1625449482.0,64.0
2.0,1625449482.0,64.0
12.53,1625449482.0,64.0
23.72,1625449482.0,64.0
34.8,1625449482.0,64.0
45.22,1625449482.0,64.0
54.65,1625449482.0,64.0
62.75,1625449482.0,64.0
69.02,1625449482.0,64.0
72.76,1625449482.0,64.0
73.53,1625449482.0,64.0
71.43,1625449482.0,64.0
67.35,1625449482.0,64.0
62.62,1625449482.0,64.0
58.47,1625449482.0,64.0
55.51,1625449482.0,64.0
53.51,1625449482.0,64.0
51.67,1625449482.0,64.0
49.07,1625449482.0,64.0
45.2,1625449482.0,64.0
40.25,1625449482.0,64.0
34.98,1625449482.0,64.0
30.36,1625449482.0,64.0
27.14,1625449482.0,64.0
25.49,1625449482.0,64.0
24.93,1625449482.0,64.0
24.65,1625449482.0,64.0
23.89,1625449482.0,64.0
22.34,1625449482.0,64.0
20.18,1625449482.0,64.0
17.83,1625449482.0,64.0
15.49,1625449482.0,64.0
12.85,1625449482.0,64.0
9.21,1625449482.0,64.0
3.9,1625449482.0,64.0
-3.23,1625449482.0,64.0
-11.54,1625449482.0,64.0
-19.77,1625449482.0,64.0
-26.56,1625449482.0,64.0
-31.01,1625449482.0,64.0
-32.97,1625449482.0,64.0
-32.99,1625449482.0,64.0
-32.03,1625449482.0,64.0
-31.15,1625449482.0,64.0
-31.12,1625449482.0,64.0
-32.23,1625449482.0,64.0
-34.29,1625449482.0,64.0
-36.63,1625449482.0,64.0
-38.39,1625449482.0,64.0
-38.89,1625449482.0,64.0
-37.79,1625449482.0,64.0
-35.13,1625449482.0,64.0
-31.09,1625449482.0,64.0
-25.71,1625449482.0,64.0
-18.81,1625449482.0,64.0
-10.22,1625449482.0,64.0
-0.13,1625449482.0,64.0
10.53,1625449482.0,64.0
20.24,1625449482.0,64.0
27.32,1625449482.0,64.0
30.4,1625449482.0,64.0
28.92,1625449482.0,64.0
23.25,1625449482.0,64.0
14.55,1625449482.0,64.0
4.71,1625449482.0,64.0
-3.97,1625449482.0,64.0
-9.06,1625449482.0,64.0
-8.54,1625449482.0,64.0
-1.49,1625449482.0,64.0
11.24,1625449482.0,64.0
26.75,1625449482.0,64.0
40.66,1625449482.0,64.0
48.34,1625449482.0,64.0
46.68,1625449482.0,64.0
35.54,1625449482.0,64.0
18.0,1625449482.0,64.0
-0.67,1625449482.0,64.0
-15.15,1625449482.0,64.0
-22.25,1625449482.0,64.0
-21.87,1625449482.0,64.0
-16.63,1625449482.0,64.0
-10.28,1625449482.0,64.0
-5.83,1625449482.0,64.0
-4.55,1625449482.0,64.0
-6.02,1625449482.0,64.0
-9.06,1625449482.0,64.0
-12.79,1625449482.0,64.0
-17.06,1625449482.0,64.0
-22.04,1625449482.0,64.0
-27.53,1625449482.0,64.0
-32.57,1625449482.0,64.0
-35.47,1625449482.0,64.0
-34.72,1625449482.0,64.0
-29.67,1625449482.0,64.0
-20.93,1625449482.0,64.0
-10.18,1625449482.0,64.0
0.45,1625449482.0,64.0
9.17,1625449482.0,64.0
15.14,1625449482.0,64.0
18.76,1625449482.0,64.0
21.55,1625449482.0,64.0
25.53,1625449482.0,64.0
32.3,1625449482.0,64.0
42.08,1625449482.0,64.0
53.23,1625449482.0,64.0
62.63,1625449482.0,64.0
66.99,1625449482.0,64.0
64.31,1625449482.0,64.0
55.1,1625449482.0,64.0
42.34,1625449482.0,64.0
30.24,1625449482.0,64.0
22.31,1625449482.0,64.0
19.84,1625449482.0,64.0
21.42,1625449482.0,64.0
24.02,1625449482.0,64.0
24.63,1625449482.0,64.0
21.72,1625449482.0,64.0
15.63,1625449482.0,64.0
7.91,1625449482.0,64.0
0.25,1625449482.0,64.0
-6.55,1625449482.0,64.0
-12.65,1625449482.0,64.0
-18.77,1625449482.0,64.0
-25.37,1625449482.0,64.0
-32.23,1625449482.0,64.0
-38.51,1625449482.0,64.0
-43.11,1625449482.0,64.0
-45.29,1625449482.0,64.0
-44.86,1625449482.0,64.0
-42.38,1625449482.0,64.0
-38.9,1625449482.0,64.0
-35.69,1625449482.0,64.0
-33.86,1625449482.0,64.0
-33.99,1625449482.0,64.0
-35.83,1625449482.0,64.0
-38.32,1625449482.0,64.0
-39.92,1625449482.0,64.0
-39.21,1625449482.0,64.0
-35.41,1625449482.0,64.0
-28.78,1625449482.0,64.0
-20.41,1625449482.0,64.0
-11.72,1625449482.0,64.0
-3.86,1625449482.0,64.0
2.68,1625449482.0,64.0
8.01,1625449482.0,64.0
12.53,1625449482.0,64.0
16.44,1625449482.0,64.0
19.5,1625449482.0,64.0
21.24,1625449482.0,64.0
21.37,1625449482.0,64.0
20.18,1625449482.0,64.0
18.75,1625449482.0,64.0
18.51,1625449482.0,64.0
20.53,1625449482.0,64.0
24.81,1625449482.0,64.0
30.05,1625449482.0,64.0
34.21,1625449482.0,64.0
35.48,1625449482.0,64.0
33.19,1625449482.0,64.0
28.23,1625449482.0,64.0
22.47,1625449482.0,64.0
17.81,1625449482.0,64.0
15.21,1625449482.0,64.0
14.29,1625449482.0,64.0
13.86,1625449482.0,64.0
12.72,1625449482.0,64.0
10.38,1625449482.0,64.0
7.25,1625449482.0,64.0
4.24,1625449482.0,64.0
2.06,1625449482.0,64.0
0.85,1625449482.0,64.0
0.23,1625449482.0,64.0
-0.35,1625449482.0,64.0
-1.19,1625449482.0,64.0
-2.33,1625449482.0,64.0
-3.67,1625449482.0,64.0
-5.28,1625449482.0,64.0
-7.46,1625449482.0,64.0
-10.47,1625449482.0,64.0
-14.18,1625449482.0,64.0
-17.97,1625449482.0,64.0
-20.78,1625449482.0,64.0
-21.7,1625449482.0,64.0
-20.37,1625449482.0,64.0
-17.21,1625449482.0,64.0
-13.29,1625449482.0,64.0
-9.86,1625449482.0,64.0
-7.82,1625449482.0,64.0
-7.41,1625449482.0,64.0
-8.14,1625449482.0,64.0
-9.07,1625449482.0,64.0
-9.22,1625449482.0,64.0
-8.07,1625449482.0,64.0
-5.83,1625449482.0,64.0
-3.5,1625449482.0,64.0
-2.52,1625449482.0,64.0
-4.05,1625449482.0,64.0
-8.36,1625449482.0,64.0
-14.55,1625449482.0,64.0
-20.83,1625449482.0,64.0
-25.33,1625449482.0,64.0
-26.99,1625449482.0,64.0
-26.08,1625449482.0,64.0
-23.96,1625449482.0,64.0
-22.39,1625449482.0,64.0
-22.64,1625449482.0,64.0
-24.94,1625449482.0,64.0
-28.54,1625449482.0,64.0
-32.27,1625449482.0,64.0
-35.19,1625449482.0,64.0
-36.99,1625449482.0,64.0
-37.91,1625449482.0,64.0
-38.38,1625449482.0,64.0
-38.69,1625449482.0,64.0
-38.98,1625449482.0,64.0
-39.28,1625449482.0,64.0
-40.01,1625449482.0,64.0
-41.87,1625449482.0,64.0
-45.59,1625449482.0,64.0
-51.49,1625449482.0,64.0
-59.07,1625449482.0,64.0
-67.01,1625449482.0,64.0
-73.5,1625449482.0,64.0
-76.77,1625449482.0,64.0
-75.52,1625449482.0,64.0
-69.25,1625449482.0,64.0
-58.25,1625449482.0,64.0
-43.55,1625449482.0,64.0
-26.77,1625449482.0,64.0
-9.69,1625449482.0,64.0
5.99,1625449482.0,64.0
18.99,1625449482.0,64.0
28.52,1625449482.0,64.0
34.09,1625449482.0,64.0
35.35,1625449482.0,64.0
32.2,1625449482.0,64.0
25.02,1625449482.0,64.0
15.04,1625449482.0,64.0
4.31,1625449482.0,64.0
-4.88,1625449482.0,64.0
-10.76,1625449482.0,64.0
-12.67,1625449482.0,64.0
-11.21,1625449482.0,64.0
-7.52,1625449482.0,64.0
-2.58,1625449482.0,64.0
3.28,1625449482.0,64.0
10.14,1625449482.0,64.0
18.33,1625449482.0,64.0
27.77,1625449482.0,64.0
38.16,1625449482.0,64.0
49.27,1625449482.0,64.0
61.03,1625449482.0,64.0
73.47,1625449482.0,64.0
86.37,1625449482.0,64.0
99.08,1625449482.0,64.0
110.73,1625449482.0,64.0
120.75,1625449482.0,64.0
129.21,1625449482.0,64.0
136.75,1625449482.0,64.0
143.95,1625449482.0,64.0
150.77,1625449482.0,64.0
156.31,1625449482.0,64.0
159.42,1625449482.0,64.0
159.36,1625449482.0,64.0
156.49,1625449482.0,64.0
152.02,1625449482.0,64.0
147.26,1625449482.0,64.0
142.65,1625449482.0,64.0
137.28,1625449482.0,64.0
129.51,1625449482.0,64.0
117.92,1625449482.0,64.0
102.13,1625449482.0,64.0
83.04,1625449482.0,64.0
62.31,1625449482.0,64.0
41.89,1625449482.0,64.0
23.6,1625449482.0,64.0
9.26,1625449482.0,64.0
0.71,1625449482.0,64.0
-0.75,1625449482.0,64.0
4.52,1625449482.0,64.0
13.52,1625449482.0,64.0
20.84,1625449482.0,64.0
20.54,1625449482.0,64.0
8.95,1625449482.0,64.0
-12.95,1625449482.0,64.0
-39.62,1625449482.0,64.0
-63.25,1625449482.0,64.0
-77.54,1625449482.0,64.0
-80.71,1625449482.0,64.0
-75.83,1625449482.0,64.0
-68.76,1625449482.0,64.0
-64.71,1625449482.0,64.0
-65.63,1625449482.0,64.0
-69.76,1625449482.0,64.0
-73.13,1625449482.0,64.0
-72.12,1625449482.0,64.0
-65.36,1625449482.0,64.0
-54.13,1625449482.0,64.0
-41.24,1625449482.0,64.0
-29.47,1625449482.0,64.0
-20.31,1625449482.0,64.0
-13.7,1625449482.0,64.0
-8.53,1625449482.0,64.0
-3.66,1625449482.0,64.0
1.32,1625449482.0,64.0
5.7,1625449482.0,64.0
8.19,1625449482.0,64.0
7.64,1625449482.0,64.0
3.87,1625449482.0,64.0
-2.03,1625449482.0,64.0
-8.2,1625449482.0,64.0
-12.94,1625449482.0,64.0
-15.65,1625449482.0,64.0
-17.09,1625449482.0,64.0
-18.83,1625449482.0,64.0
-22.26,1625449482.0,64.0
-27.64,1625449482.0,64.0
-33.96,1625449482.0,64.0
-39.35,1625449482.0,64.0
-42.04,1625449482.0,64.0
-41.21,1625449482.0,64.0
-37.24,1625449482.0,64.0
-31.42,1625449482.0,64.0
-25.31,1625449482.0,64.0
-20.14,1625449482.0,64.0
-16.41,1625449482.0,64.0
-13.93,1625449482.0,64.0
-12.02,1625449482.0,64.0
-9.84,1625449482.0,64.0
-6.85,1625449482.0,64.0
-3.16,1625449482.0,64.0
0.28,1625449482.0,64.0
1.94,1625449482.0,64.0
0.4,1625449482.0,64.0
-4.88,1625449482.0,64.0
-13.14,1625449482.0,64.0
-22.44,1625449482.0,64.0
-30.47,1625449482.0,64.0
-35.42,1625449482.0,64.0
-36.58,1625449482.0,64.0
-34.47,1625449482.0,64.0
-30.32,1625449482.0,64.0
-25.44,1625449482.0,64.0
-20.8,1625449482.0,64.0
-16.99,1625449482.0,64.0
-14.4,1625449482.0,64.0
-13.42,1625449482.0,64.0
-14.47,1625449482.0,64.0
-17.83,1625449482.0,64.0
-23.43,1625449482.0,64.0
-30.72,1625449482.0,64.0
-38.63,1625449482.0,64.0
-45.75,1625449482.0,64.0
-50.6,1625449482.0,64.0
-52.11,1625449482.0,64.0
-50.05,1625449482.0,64.0
-45.46,1625449482.0,64.0
-40.29,1625449482.0,64.0
-36.78,1625449482.0,64.0
-36.42,1625449482.0,64.0
-39.2,1625449482.0,64.0
-43.45,1625449482.0,64.0
-46.5,1625449482.0,64.0
-45.83,1625449482.0,64.0
-40.13,1625449482.0,64.0
-29.91,1625449482.0,64.0
-17.26,1625449482.0,64.0
-5.05,1625449482.0,64.0
4.15,1625449482.0,64.0
8.89,1625449482.0,64.0
9.23,1625449482.0,64.0
6.65,1625449482.0,64.0
3.56,1625449482.0,64.0
2.44,1625449482.0,64.0
5.15,1625449482.0,64.0
12.23,1625449482.0,64.0
22.75,1625449482.0,64.0
34.68,1625449482.0,64.0
45.59,1625449482.0,64.0
53.38,1625449482.0,64.0
56.82,1625449482.0,64.0
55.59,1625449482.0,64.0
50.14,1625449482.0,64.0
41.42,1625449482.0,64.0
30.86,1625449482.0,64.0
20.26,1625449482.0,64.0
11.55,1625449482.0,64.0
6.31,1625449482.0,64.0
4.99,1625449482.0,64.0
6.64,1625449482.0,64.0
9.14,1625449482.0,64.0
10.14,1625449482.0,64.0
8.25,1625449482.0,64.0
3.75,1625449482.0,64.0
-1.64,1625449482.0,64.0
-5.87,1625449482.0,64.0
-7.71,1625449482.0,64.0
-7.46,1625449482.0,64.0
-6.6,1625449482.0,64.0
-6.89,1625449482.0,64.0
-9.28,1625449482.0,64.0
-13.47,1625449482.0,64.0
-18.2,1625449482.0,64.0
-21.92,1625449482.0,64.0
-23.55,1625449482.0,64.0
-22.74,1625449482.0,64.0
-19.73,1625449482.0,64.0
-15.01,1625449482.0,64.0
-9.05,1625449482.0,64.0
-2.33,1625449482.0,64.0
4.63,1625449482.0,64.0
11.15,1625449482.0,64.0
16.54,1625449482.0,64.0
20.34,1625449482.0,64.0
22.46,1625449482.0,64.0
23.22,1625449482.0,64.0
23.13,1625449482.0,64.0
22.67,1625449482.0,64.0
22.08,1625449482.0,64.0
21.4,1625449482.0,64.0
20.45,1625449482.0,64.0
19.06,1625449482.0,64.0
17.09,1625449482.0,64.0
14.55,1625449482.0,64.0
11.56,1625449482.0,64.0
8.38,1625449482.0,64.0
5.34,1625449482.0,64.0
2.81,1625449482.0,64.0
1.05,1625449482.0,64.0
0.07,1625449482.0,64.0
-0.38,1625449482.0,64.0
-0.69,1625449482.0,64.0
-1.18,1625449482.0,64.0
-1.92,1625449482.0,64.0
-2.7,1625449482.0,64.0
-3.25,1625449482.0,64.0
-3.43,1625449482.0,64.0
-3.41,1625449482.0,64.0
-3.56,1625449482.0,64.0
-4.34,1625449482.0,64.0
-5.92,1625449482.0,64.0
-8.22,1625449482.0,64.0
-11.08,1625449482.0,64.0
-14.5,1625449482.0,64.0
-18.78,1625449482.0,64.0
-24.2,1625449482.0,64.0
-30.78,1625449482.0,64.0
-37.84,1625449482.0,64.0
-44.1,1625449482.0,64.0
-48.09,1625449482.0,64.0
-48.89,1625449482.0,64.0
-46.4,1625449482.0,64.0
-41.36,1625449482.0,64.0
-34.88,1625449482.0,64.0
-27.86,1625449482.0,64.0
-20.92,1625449482.0,64.0
-14.29,1625449482.0,64.0
-8.26,1625449482.0,64.0
-3.16,1625449482.0,64.0
0.72,1625449482.0,64.0
3.3,1625449482.0,64.0
4.75,1625449482.0,64.0
5.31,1625449482.0,64.0
4.97,1625449482.0,64.0
3.45,1625449482.0,64.0
0.5,1625449482.0,64.0
-3.64,1625449482.0,64.0
-7.96,1625449482.0,64.0
-10.99,1625449482.0,64.0
-11.46,1625449482.0,64.0
-9.05,1625449482.0,64.0
-4.73,1625449482.0,64.0
-0.3,1625449482.0,64.0
2.51,1625449482.0,64.0
2.94,1625449482.0,64.0
1.51,1625449482.0,64.0
-0.45,1625449482.0,64.0
-1.51,1625449482.0,64.0
-1.04,1625449482.0,64.0
0.48,1625449482.0,64.0
1.77,1625449482.0,64.0
1.62,1625449482.0,64.0
-0.45,1625449482.0,64.0
-3.8,1625449482.0,64.0
-7.01,1625449482.0,64.0
-8.72,1625449482.0,64.0
-8.4,1625449482.0,64.0
-6.74,1625449482.0,64.0
-5.27,1625449482.0,64.0
-5.61,1625449482.0,64.0
-8.61,1625449482.0,64.0
-13.91,1625449482.0,64.0
-20.15,1625449482.0,64.0
-25.45,1625449482.0,64.0
-28.17,1625449482.0,64.0
-27.45,1625449482.0,64.0
-23.51,1625449482.0,64.0
-17.51,1625449482.0,64.0
-11.25,1625449482.0,64.0
-6.58,1625449482.0,64.0
-4.84,1625449482.0,64.0
-6.34,1625449482.0,64.0
-10.09,1625449482.0,64.0
-14.06,1625449482.0,64.0
-15.62,1625449482.0,64.0
-12.31,1625449482.0,64.0
-2.53,1625449482.0,64.0
13.94,1625449482.0,64.0
35.71,1625449482.0,64.0
59.81,1625449482.0,64.0
82.2,1625449482.0,64.0
98.49,1625449482.0,64.0
105.08,1625449482.0,64.0
100.32,1625449482.0,64.0
85.31,1625449482.0,64.0
63.87,1625449482.0,64.0
41.63,1625449482.0,64.0
24.32,1625449482.0,64.0
15.95,1625449482.0,64.0
17.45,1625449482.0,64.0
26.51,1625449482.0,64.0
38.59,1625449482.0,64.0
48.8,1625449482.0,64.0
53.72,1625449482.0,64.0
52.3,1625449482.0,64.0
45.53,1625449482.0,64.0
35.26,1625449482.0,64.0
22.98,1625449482.0,64.0
9.45,1625449482.0,64.0
-4.77,1625449482.0,64.0
-18.48,1625449482.0,64.0
-29.59,1625449482.0,64.0
-35.78,1625449482.0,64.0
-35.84,1625449482.0,64.0
-30.71,1625449482.0,64.0
-23.25,1625449482.0,64.0
-16.82,1625449482.0,64.0
-13.36,1625449482.0,64.0
-12.25,1625449482.0,64.0
-10.77,1625449482.0,64.0
-5.98,1625449482.0,64.0
3.37,1625449482.0,64.0
15.92,1625449482.0,64.0
28.37,1625449482.0,64.0
37.26,1625449482.0,64.0
40.67,1625449482.0,64.0
38.76,1625449482.0,64.0
33.26,1625449482.0,64.0
26.38,1625449482.0,64.0
19.73,1625449482.0,64.0
14.05,1625449482.0,64.0
9.44,1625449482.0,64.0
5.85,1625449482.0,64.0
3.4,1625449482.0,64.0
2.35,1625449482.0,64.0
2.96,1625449482.0,64.0
5.21,1625449482.0,64.0
8.62,1625449482.0,64.0
12.24,1625449482.0,64.0
14.79,1625449482.0,64.0
15.14,1625449482.0,64.0
12.77,1625449482.0,64.0
8.23,1625449482.0,64.0
3.0,1625449482.0,64.0
-1.07,1625449482.0,64.0
-2.68,1625449482.0,64.0
-1.86,1625449482.0,64.0
0.03,1625449482.0,64.0
0.97,1625449482.0,64.0
-0.64,1625449482.0,64.0
-5.14,1625449482.0,64.0
-11.44,1625449482.0,64.0
-17.68,1625449482.0,64.0
-22.19,1625449482.0,64.0
-24.29,1625449482.0,64.0
-24.51,1625449482.0,64.0
-24.16,1625449482.0,64.0
-24.53,1625449482.0,64.0
-26.16,1625449482.0,64.0
-28.62,1625449482.0,64.0
-30.87,1625449482.0,64.0
-31.9,1625449482.0,64.0
-31.26,1625449482.0,64.0
-29.25,1625449482.0,64.0
-26.59,1625449482.0,64.0
-23.85,1625449482.0,64.0
-21.12,1625449482.0,64.0
-18.03,1625449482.0,64.0
-14.15,1625449482.0,64.0
-9.4,1625449482.0,64.0
-4.28,1625449482.0,64.0
0.33,1625449482.0,64.0
3.61,1625449482.0,64.0
5.2,1625449482.0,64.0
5.45,1625449482.0,64.0
5.17,1625449482.0,64.0
5.34,1625449482.0,64.0
6.57,1625449482.0,64.0
8.79,1625449482.0,64.0
11.17,1625449482.0,64.0
12.53,1625449482.0,64.0
11.81,1625449482.0,64.0
8.62,1625449482.0,64.0
3.54,1625449482.0,64.0
-2.14,1625449482.0,64.0
-6.93,1625449482.0,64.0
-9.64,1625449482.0,64.0
-9.68,1625449482.0,64.0
-7.17,1625449482.0,64.0
-2.97,1625449482.0,64.0
1.52,1625449482.0,64.0
4.76,1625449482.0,64.0
5.6,1625449482.0,64.0
3.84,1625449482.0,64.0
0.54,1625449482.0,64.0
-2.33,1625449482.0,64.0
-2.69,1625449482.0,64.0
0.51,1625449482.0,64.0
6.81,1625449482.0,64.0
14.33,1625449482.0,64.0
20.57,1625449482.0,64.0
23.45,1625449482.0,64.0
21.85,1625449482.0,64.0
15.75,1625449482.0,64.0
5.95,1625449482.0,64.0
-6.15,1625449482.0,64.0
-18.74,1625449482.0,64.0
-29.69,1625449482.0,64.0
-37.0,1625449482.0,64.0
-39.3,1625449482.0,64.0
-36.41,1625449482.0,64.0
-29.45,1625449482.0,64.0
-20.16,1625449482.0,64.0
-10.27,1625449482.0,64.0
-1.0,1625449482.0,64.0
7.21,1625449482.0,64.0
14.49,1625449482.0,64.0
21.1,1625449482.0,64.0
27.29,1625449482.0,64.0
33.19,1625449482.0,64.0
38.84,1625449482.0,64.0
44.27,1625449482.0,64.0
49.41,1625449482.0,64.0
54.18,1625449482.0,64.0
58.47,1625449482.0,64.0
62.32,1625449482.0,64.0
65.88,1625449482.0,64.0
69.29,1625449482.0,64.0
72.63,1625449482.0,64.0
75.92,1625449482.0,64.0
79.38,1625449482.0,64.0
83.47,1625449482.0,64.0
88.4,1625449482.0,64.0
93.34,1625449482.0,64.0
95.71,1625449482.0,64.0
91.58,1625449482.0,64.0
77.36,1625449482.0,64.0
52.08,1625449482.0,64.0
18.84,1625449482.0,64.0
-15.64,1625449482.0,64.0
-43.62,1625449482.0,64.0
-59.76,1625449482.0,64.0
-63.37,1625449482.0,64.0
-58.47,1625449482.0,64.0
-51.36,1625449482.0,64.0
-47.35,1625449482.0,64.0
-48.49,1625449482.0,64.0
-53.37,1625449482.0,64.0
-58.75,1625449482.0,64.0
-61.85,1625449482.0,64.0
-61.68,1625449482.0,64.0
-59.03,1625449482.0,64.0
-55.46,1625449482.0,64.0
-52.12,1625449482.0,64.0
-49.43,1625449482.0,64.0
-47.32,1625449482.0,64.0
-45.82,1625449482.0,64.0
-45.2,1625449482.0,64.0
-45.74,1625449482.0,64.0
-47.35,1625449482.0,64.0
-49.2,1625449482.0,64.0
-49.98,1625449482.0,64.0
-48.46,1625449482.0,64.0
-43.94,1625449482.0,64.0
-36.66,1625449482.0,64.0
-27.69,1625449482.0,64.0
-18.55,1625449482.0,64.0
-10.83,1625449482.0,64.0
-5.78,1625449482.0,64.0
-4.01,1625449482.0,64.0
-5.35,1625449482.0,64.0
-8.83,1625449482.0,64.0
-13.0,1625449482.0,64.0
-16.39,1625449482.0,64.0
-17.92,1625449482.0,64.0
-17.06,1625449482.0,64.0
-13.71,1625449482.0,64.0
-7.83,1625449482.0,64.0
0.56,1625449482.0,64.0
11.17,1625449482.0,64.0
23.09,1625449482.0,64.0
34.64,1625449482.0,64.0
43.68,1625449482.0,64.0
48.42,1625449482.0,64.0
48.04,1625449482.0,64.0
42.95,1625449482.0,64.0
34.44,1625449482.0,64.0
24.03,1625449482.0,64.0
12.87,1625449482.0,64.0
1.57,1625449482.0,64.0
-9.54,1625449482.0,64.0
-20.12,1625449482.0,64.0
-29.63,1625449482.0,64.0
-37.56,1625449482.0,64.0
-43.76,1625449482.0,64.0
-48.63,1625449482.0,64.0
-53.01,1625449482.0,64.0
-57.74,1625449482.0,64.0
-63.37,1625449482.0,64.0
-69.71,1625449482.0,64.0
-76.07,1625449482.0,64.0
-81.58,1625449482.0,64.0
-85.43,1625449482.0,64.0
-87.02,1625449482.0,64.0
-85.74,1625449482.0,64.0
-80.87,1625449482.0,64.0
-71.59,1625449482.0,64.0
-57.29,1625449482.0,64.0
-38.07,1625449482.0,64.0
-15.05,1625449482.0,64.0
9.68,1625449482.0,64.0
33.62,1625449482.0,64.0
54.56,1625449482.0,64.0
71.12,1625449482.0,64.0
82.79,1625449482.0,64.0
89.64,1625449482.0,64.0
91.86,1625449482.0,64.0
89.59,1625449482.0,64.0
82.98,1625449482.0,64.0
72.66,1625449482.0,64.0
59.94,1625449482.0,64.0
46.73,1625449482.0,64.0
35.06,1625449482.0,64.0
26.35,1625449482.0,64.0
21.03,1625449482.0,64.0
18.61,1625449482.0,64.0
18.16,1625449482.0,64.0
18.88,1625449482.0,64.0
20.42,1625449482.0,64.0
22.8,1625449482.0,64.0
25.92,1625449482.0,64.0
29.4,1625449482.0,64.0
32.66,1625449482.0,64.0
35.2,1625449482.0,64.0
36.93,1625449482.0,64.0
38.03,1625449482.0,64.0
38.67,1625449482.0,64.0
38.59,1625449482.0,64.0
37.08,1625449482.0,64.0
33.39,1625449482.0,64.0
27.31,1625449482.0,64.0
19.54,1625449482.0,64.0
11.59,1625449482.0,64.0
5.16,1625449482.0,64.0
1.47,1625449482.0,64.0
0.63,1625449482.0,64.0
1.66,1625449482.0,64.0
2.9,1625449482.0,64.0
2.59,1625449482.0,64.0
-0.47,1625449482.0,64.0
-6.56,1625449482.0,64.0
-14.8,1625449482.0,64.0
-23.39,1625449482.0,64.0
-30.11,1625449482.0,64.0
-33.16,1625449482.0,64.0
-31.89,1625449482.0,64.0
-27.16,1625449482.0,64.0
-21.07,1625449482.0,64.0
-16.09,1625449482.0,64.0
-13.98,1625449482.0,64.0
-14.9,1625449482.0,64.0
-17.37,1625449482.0,64.0
-18.84,1625449482.0,64.0
-16.72,1625449482.0,64.0
-9.4,1625449482.0,64.0
3.08,1625449482.0,64.0
19.15,1625449482.0,64.0
36.16,1625449482.0,64.0
51.06,1625449482.0,64.0
61.14,1625449482.0,64.0
64.62,1625449482.0,64.0
61.21,1625449482.0,64.0
52.28,1625449482.0,64.0
40.73,1625449482.0,64.0
30.18,1625449482.0,64.0
23.74,1625449482.0,64.0
22.94,1625449482.0,64.0
27.05,1625449482.0,64.0
33.49,1625449482.0,64.0
39.07,1625449482.0,64.0
41.44,1625449482.0,64.0
40.05,1625449482.0,64.0
36.11,1625449482.0,64.0
31.61,1625449482.0,64.0
28.15,1625449482.0,64.0
26.13,1625449482.0,64.0
24.88,1625449482.0,64.0
23.39,1625449482.0,64.0
21.11,1625449482.0,64.0
18.43,1625449482.0,64.0
16.32,1625449482.0,64.0
15.73,1625449482.0,64.0
17.05,1625449482.0,64.0
20.04,1625449482.0,64.0
24.29,1625449482.0,64.0
29.8,1625449482.0,64.0
37.0,1625449482.0,64.0
46.47,1625449482.0,64.0
58.23,1625449482.0,64.0
71.37,1625449482.0,64.0
84.23,1625449482.0,64.0
95.19,1625449482.0,64.0
103.45,1625449482.0,64.0
109.23,1625449482.0,64.0
113.16,1625449482.0,64.0
115.23,1625449482.0,64.0
114.1,1625449482.0,64.0
107.76,1625449482.0,64.0
94.84,1625449482.0,64.0
76.1,1625449482.0,64.0
54.56,1625449482.0,64.0
34.06,1625449482.0,64.0
17.11,1625449482.0,64.0
3.56,1625449482.0,64.0
-8.99,1625449482.0,64.0
-23.18,1625449482.0,64.0
-39.69,1625449482.0,64.0
-56.39,1625449482.0,64.0
-69.29,1625449482.0,64.0
-74.93,1625449482.0,64.0
-72.65,1625449482.0,64.0
-65.18,1625449482.0,64.0
-57.38,1625449482.0,64.0
-53.98,1625449482.0,64.0
-57.44,1625449482.0,64.0
-67.37,1625449482.0,64.0
-81.28,1625449482.0,64.0
-96.13,1625449482.0,64.0
-109.64,1625449482.0,64.0
-120.73,1625449482.0,64.0
-129.21,1625449482.0,64.0
-135.05,1625449482.0,64.0
-138.15,1625449482.0,64.0
-138.41,1625449482.0,64.0
-136.23,1625449482.0,64.0
-132.72,1625449482.0,64.0
-129.35,1625449482.0,64.0
-127.02,1625449482.0,64.0
-125.4,1625449482.0,64.0
-122.71,1625449482.0,64.0
-116.57,1625449482.0,64.0
-105.23,1625449482.0,64.0
-88.53,1625449482.0,64.0
-68.02,1625449482.0,64.0
-46.3,1625449482.0,64.0
-26.02,1625449482.0,64.0
-9.19,1625449482.0,64.0
2.99,1625449482.0,64.0
9.99,1625449482.0,64.0
11.65,1625449482.0,64.0
8.37,1625449482.0,64.0
1.37,1625449482.0,64.0
-7.24,1625449482.0,64.0
-14.85,1625449482.0,64.0
-19.18,1625449482.0,64.0
-19.3,1625449482.0,64.0
-16.08,1625449482.0,64.0
-11.74,1625449482.0,64.0
-8.83,1625449482.0,64.0
-8.94,1625449482.0,64.0
-12.0,1625449482.0,64.0
-16.54,1625449482.0,64.0
-20.82,1625449482.0,64.0
-23.92,1625449482.0,64.0
-26.25,1625449482.0,64.0
-29.05,1625449482.0,64.0
-33.41,1625449482.0,64.0
-39.46,1625449482.0,64.0
-46.24,1625449482.0,64.0
-52.53,1625449482.0,64.0
-57.87,1625449482.0,64.0
-62.86,1625449482.0,64.0
-68.41,1625449482.0,64.0
-74.8,1625449482.0,64.0
-80.64,1625449482.0,64.0
-83.16,1625449482.0,64.0
-79.54,1625449482.0,64.0
-68.69,1625449482.0,64.0
-52.21,1625449482.0,64.0
-33.96,1625449482.0,64.0
-18.32,1625449482.0,64.0
-8.33,1625449482.0,64.0
-4.48,1625449482.0,64.0
-4.76,1625449482.0,64.0
-5.96,1625449482.0,64.0
-5.09,1625449482.0,64.0
-0.27,1625449482.0,64.0
9.11,1625449482.0,64.0
22.85,1625449482.0,64.0
40.36,1625449482.0,64.0
60.63,1625449482.0,64.0
82.03,1625449482.0,64.0
102.16,1625449482.0,64.0
118.36,1625449482.0,64.0
128.49,1625449482.0,64.0
131.81,1625449482.0,64.0
129.11,1625449482.0,64.0
122.32,1625449482.0,64.0
113.57,1625449482.0,64.0
104.24,1625449482.0,64.0
94.75,1625449482.0,64.0
84.86,1625449482.0,64.0
74.12,1625449482.0,64.0
62.45,1625449482.0,64.0
50.57,1625449482.0,64.0
39.67,1625449482.0,64.0
31.11,1625449482.0,64.0
25.88,1625449482.0,64.0
24.13,1625449482.0,64.0
25.14,1625449482.0,64.0
27.43,1625449482.0,64.0
29.25,1625449482.0,64.0
29.22,1625449482.0,64.0
26.7,1625449482.0,64.0
22.02,1625449482.0,64.0
16.08,1625449482.0,64.0
9.98,1625449482.0,64.0
4.52,1625449482.0,64.0
-0.02,1625449482.0,64.0
-3.76,1625449482.0,64.0
-7.03,1625449482.0,64.0
-10.05,1625449482.0,64.0
-12.99,1625449482.0,64.0
-15.97,1625449482.0,64.0
-19.13,1625449482.0,64.0
-22.69,1625449482.0,64.0
-26.81,1625449482.0,64.0
-31.52,1625449482.0,64.0
-36.66,1625449482.0,64.0
-41.91,1625449482.0,64.0
-46.82,1625449482.0,64.0
-50.82,1625449482.0,64.0
-53.42,1625449482.0,64.0
-54.27,1625449482.0,64.0
-53.24,1625449482.0,64.0
-50.5,1625449482.0,64.0
-46.35,1625449482.0,64.0
-41.25,1625449482.0,64.0
-35.8,1625449482.0,64.0
-30.61,1625449482.0,64.0
-26.27,1625449482.0,64.0
-23.19,1625449482.0,64.0
-21.31,1625449482.0,64.0
-20.17,1625449482.0,64.0
-19.04,1625449482.0,64.0
-17.35,1625449482.0,64.0
-15.15,1625449482.0,64.0
-13.25,1625449482.0,64.0
-12.95,1625449482.0,64.0
-15.37,1625449482.0,64.0
-20.56,1625449482.0,64.0
-27.28,1625449482.0,64.0
-33.12,1625449482.0,64.0
-35.54,1625449482.0,64.0
-32.99,1625449482.0,64.0
-25.57,1625449482.0,64.0
-14.9,1625449482.0,64.0
-3.57,1625449482.0,64.0
6.09,1625449482.0,64.0
12.7,1625449482.0,64.0
15.71,1625449482.0,64.0
15.23,1625449482.0,64.0
11.61,1625449482.0,64.0
5.55,1625449482.0,64.0
-1.51,1625449482.0,64.0
-7.38,1625449482.0,64.0
-9.66,1625449482.0,64.0
-6.95,1625449482.0,64.0
0.12,1625449482.0,64.0
8.74,1625449482.0,64.0
15.04,1625449482.0,64.0
15.99,1625449482.0,64.0
10.86,1625449482.0,64.0
1.49,1625449482.0,64.0
-8.79,1625449482.0,64.0
-16.88,1625449482.0,64.0
-21.36,1625449482.0,64.0
-22.74,1625449482.0,64.0
-22.66,1625449482.0,64.0
-22.31,1625449482.0,64.0
-21.78,1625449482.0,64.0
-20.22,1625449482.0,64.0
-16.73,1625449482.0,64.0
-11.22,1625449482.0,64.0
-4.55,1625449482.0,64.0
1.81,1625449482.0,64.0
6.49,1625449482.0,64.0
8.86,1625449482.0,64.0
9.72,1625449482.0,64.0
10.42,1625449482.0,64.0
11.89,1625449482.0,64.0
13.99,1625449482.0,64.0
15.27,1625449482.0,64.0
13.93,1625449482.0,64.0
8.85,1625449482.0,64.0
0.43,1625449482.0,64.0
-9.38,1625449482.0,64.0
-17.05,1625449482.0,64.0
-18.85,1625449482.0,64.0
-12.48,1625449482.0,64.0
1.94,1625449482.0,64.0
21.94,1625449482.0,64.0
43.54,1625449482.0,64.0
62.61,1625449482.0,64.0
75.79,1625449482.0,64.0
81.23,1625449482.0,64.0
79.77,1625449482.0,64.0
74.46,1625449482.0,64.0
69.57,1625449482.0,64.0
69.38,1625449482.0,64.0
77.0,1625449482.0,64.0
93.59,1625449482.0,64.0
118.0,1625449482.0,64.0
146.93,1625449482.0,64.0
170.62,1625449482.0,64.0
180.14,1625449482.0,64.0
170.7,1625449482.0,64.0
143.9,1625449482.0,64.0
106.95,1625449482.0,64.0
68.42,1625449482.0,64.0
34.54,1625449482.0,64.0
8.03,1625449482.0,64.0
-11.35,1625449482.0,64.0
-23.72,1625449482.0,64.0
-29.88,1625449482.0,64.0
-29.7,1625449482.0,64.0
-23.08,1625449482.0,64.0
-10.1,1625449482.0,64.0
8.67,1625449482.0,64.0
32.85,1625449482.0,64.0
62.76,1625449482.0,64.0
98.92,1625449482.0,64.0
139.6,1625449482.0,64.0
182.7,1625449482.0,64.0
223.82,1625449482.0,64.0
255.94,1625449482.0,64.0
271.74,1625449482.0,64.0
266.31,1625449482.0,64.0
239.27,1625449482.0,64.0
195.23,1625449482.0,64.0
141.48,1625449482.0,64.0
85.6,1625449482.0,64.0
34.5,1625449482.0,64.0
-7.92,1625449482.0,64.0
-41.31,1625449482.0,64.0
-66.93,1625449482.0,64.0
-86.41,1625449482.0,64.0
-100.92,1625449482.0,64.0
-108.24,1625449482.0,64.0
-106.4,1625449482.0,64.0
-101.17,1625449482.0,64.0
-96.94,1625449482.0,64.0
-94.02,1625449482.0,64.0
-93.26,1625449482.0,64.0
-95.11,1625449482.0,64.0
-99.94,1625449482.0,64.0
-108.36,1625449482.0,64.0
-121.32,1625449482.0,64.0
-140.27,1625449482.0,64.0
-165.85,1625449482.0,64.0
-195.53,1625449482.0,64.0
-224.56,1625449482.0,64.0
-247.37,1625449482.0,64.0
-258.79,1625449482.0,64.0
-256.11,1625449482.0,64.0
-240.18,1625449482.0,64.0
-215.01,1625449482.0,64.0
-186.39,1625449482.0,64.0
-159.36,1625449482.0,64.0
-135.95,1625449482.0,64.0
-116.04,1625449482.0,64.0
-98.9,1625449482.0,64.0
-83.98,1625449482.0,64.0
-71.44,1625449482.0,64.0
-61.79,1625449482.0,64.0
-55.04,1625449482.0,64.0
-50.35,1625449482.0,64.0
-46.08,1625449482.0,64.0
-40.09,1625449482.0,64.0
-31.34,1625449482.0,64.0
-20.62,1625449482.0,64.0
-9.8,1625449482.0,64.0
-0.91,1625449482.0,64.0
4.93,1625449482.0,64.0
7.98,1625449482.0,64.0
9.55,1625449482.0,64.0
11.39,1625449482.0,64.0
14.98,1625449482.0,64.0
20.8,1625449482.0,64.0
28.05,1625449482.0,64.0
35.25,1625449482.0,64.0
41.02,1625449482.0,64.0
44.59,1625449482.0,64.0
46.05,1625449482.0,64.0
46.12,1625449482.0,64.0
45.64,1625449482.0,64.0
45.23,1625449482.0,64.0
45.03,1625449482.0,64.0
44.69,1625449482.0,64.0
43.73,1625449482.0,64.0
41.84,1625449482.0,64.0
38.86,1625449482.0,64.0
34.68,1625449482.0,64.0
29.25,1625449482.0,64.0
22.64,1625449482.0,64.0
15.19,1625449482.0,64.0
7.76,1625449482.0,64.0
1.65,1625449482.0,64.0
-1.87,1625449482.0,64.0
-2.08,1625449482.0,64.0
0.86,1625449482.0,64.0
5.83,1625449482.0,64.0
11.19,1625449482.0,64.0
15.31,1625449482.0,64.0
17.05,1625449482.0,64.0
15.99,1625449482.0,64.0
12.39,1625449482.0,64.0
6.99,1625449482.0,64.0
0.75,1625449482.0,64.0
-5.21,1625449482.0,64.0
-9.85,1625449482.0,64.0
-12.3,1625449482.0,64.0
-12.05,1625449482.0,64.0
-9.2,1625449482.0,64.0
-4.46,1625449482.0,64.0
1.06,1625449482.0,64.0
6.14,1625449482.0,64.0
9.9,1625449482.0,64.0
11.96,1625449482.0,64.0
12.56,1625449482.0,64.0
12.34,1625449482.0,64.0
12.01,1625449482.0,64.0
12.19,1625449482.0,64.0
13.14,1625449482.0,64.0
14.71,1625449482.0,64.0
16.48,1625449482.0,64.0
17.96,1625449482.0,64.0
18.73,1625449482.0,64.0
18.62,1625449482.0,64.0
17.87,1625449482.0,64.0
17.02,1625449482.0,64.0
16.61,1625449482.0,64.0
16.96,1625449482.0,64.0
18.01,1625449482.0,64.0
19.31,1625449482.0,64.0
20.26,1625449482.0,64.0
20.35,1625449482.0,64.0
19.37,1625449482.0,64.0
17.42,1625449482.0,64.0
14.77,1625449482.0,64.0
11.7,1625449482.0,64.0
8.4,1625449482.0,64.0
4.95,1625449482.0,64.0
1.42,1625449482.0,64.0
-2.01,1625449482.0,64.0
-5.07,1625449482.0,64.0
-7.53,1625449482.0,64.0
-9.36,1625449482.0,64.0
-10.78,1625449482.0,64.0
-12.16,1625449482.0,64.0
-13.88,1625449482.0,64.0
-16.1,1625449482.0,64.0
-18.8,1625449482.0,64.0
-21.71,1625449482.0,64.0
-24.41,1625449482.0,64.0
-26.38,1625449482.0,64.0
-27.18,1625449482.0,64.0
-26.52,1625449482.0,64.0
-24.4,1625449482.0,64.0
-21.13,1625449482.0,64.0
-17.27,1625449482.0,64.0
-13.39,1625449482.0,64.0
-9.79,1625449482.0,64.0
-6.39,1625449482.0,64.0
-2.82,1625449482.0,64.0
1.3,1625449482.0,64.0
6.0,1625449482.0,64.0
10.91,1625449482.0,64.0
15.35,1625449482.0,64.0
18.7,1625449482.0,64.0
20.69,1625449482.0,64.0
21.52,1625449482.0,64.0
21.62,1625449482.0,64.0
21.47,1625449482.0,64.0
21.23,1625449482.0,64.0
20.83,1625449482.0,64.0
20.0,1625449482.0,64.0
18.53,1625449482.0,64.0
16.47,1625449482.0,64.0
14.12,1625449482.0,64.0
11.99,1625449482.0,64.0
10.49,1625449482.0,64.0
9.7,1625449482.0,64.0
9.36,1625449482.0,64.0
8.89,1625449482.0,64.0
7.74,1625449482.0,64.0
5.62,1625449482.0,64.0
2.72,1625449482.0,64.0
-0.44,1625449482.0,64.0
-3.19,1625449482.0,64.0
-5.12,1625449482.0,64.0
-6.23,1625449482.0,64.0
-7.0,1625449482.0,64.0
-8.14,1625449482.0,64.0
-10.24,1625449482.0,64.0
-13.5,1625449482.0,64.0
-17.6,1625449482.0,64.0
-21.81,1625449482.0,64.0
-25.29,1625449482.0,64.0
-27.39,1625449482.0,64.0
-27.84,1625449482.0,64.0
-26.8,1625449482.0,64.0
-24.62,1625449482.0,64.0
-21.71,1625449482.0,64.0
-18.29,1625449482.0,64.0
-14.45,1625449482.0,64.0
-10.17,1625449482.0,64.0
-5.56,1625449482.0,64.0
-0.82,1625449482.0,64.0
3.71,1625449482.0,64.0
7.75,1625449482.0,64.0
11.14,1625449482.0,64.0
13.89,1625449482.0,64.0
16.09,1625449482.0,64.0
17.83,1625449482.0,64.0
19.14,1625449482.0,64.0
20.03,1625449482.0,64.0
20.49,1625449482.0,64.0
20.59,1625449482.0,64.0
20.47,1625449482.0,64.0
20.25,1625449482.0,64.0
20.01,1625449482.0,64.0
19.65,1625449482.0,64.0
18.97,1625449482.0,64.0
17.78,1625449482.0,64.0
16.03,1625449482.0,64.0
13.94,1625449482.0,64.0
11.81,1625449482.0,64.0
9.98,1625449482.0,64.0
8.58,1625449482.0,64.0
7.49,1625449482.0,64.0
6.38,1625449482.0,64.0
4.9,1625449482.0,64.0
2.79,1625449482.0,64.0
0.01,1625449482.0,64.0
-3.23,1625449482.0,64.0
-6.62,1625449482.0,64.0
-9.81,1625449482.0,64.0
-12.5,1625449482.0,64.0
-14.55,1625449482.0,64.0
-15.96,1625449482.0,64.0
-16.82,1625449482.0,64.0
-17.25,1625449482.0,64.0
-17.33,1625449482.0,64.0
-17.07,1625449482.0,64.0
-16.45,1625449482.0,64.0
-15.53,1625449482.0,64.0
-14.36,1625449482.0,64.0
-12.93,1625449482.0,64.0
-11.08,1625449482.0,64.0
-8.43,1625449482.0,64.0
-4.59,1625449482.0,64.0
0.63,1625449482.0,64.0
6.92,1625449482.0,64.0
13.48,1625449482.0,64.0
19.22,1625449482.0,64.0
23.21,1625449482.0,64.0
25.02,1625449482.0,64.0
24.94,1625449482.0,64.0
23.78,1625449482.0,64.0
22.54,1625449482.0,64.0
21.97,1625449482.0,64.0
22.25,1625449482.0,64.0
23.01,1625449482.0,64.0
23.59,1625449482.0,64.0
23.35,1625449482.0,64.0
22.01,1625449482.0,64.0
19.81,1625449482.0,64.0
17.34,1625449482.0,64.0
15.25,1625449482.0,64.0
14.01,1625449482.0,64.0
13.65,1625449482.0,64.0
13.86,1625449482.0,64.0
14.12,1625449482.0,64.0
13.93,1625449482.0,64.0
13.06,1625449482.0,64.0
11.58,1625449482.0,64.0
9.78,1625449482.0,64.0
7.9,1625449482.0,64.0
6.05,1625449482.0,64.0
4.05,1625449482.0,64.0
1.61,1625449482.0,64.0
-1.49,1625449482.0,64.0
-5.24,1625449482.0,64.0
-9.31,1625449482.0,64.0
-13.27,1625449482.0,64.0
-16.82,1625449482.0,64.0
-19.93,1625449482.0,64.0
-22.77,1625449482.0,64.0
-25.52,1625449482.0,64.0
-28.1,1625449482.0,64.0
-30.09,1625449482.0,64.0
-30.93,1625449482.0,64.0
-30.2,1625449482.0,64.0
-27.81,1625449482.0,64.0
-24.04,1625449482.0,64.0
-19.36,1625449482.0,64.0
-14.14,1625449482.0,64.0
-8.58,1625449482.0,64.0
-2.75,1625449482.0,64.0
3.22,1625449482.0,64.0
9.03,1625449482.0,64.0
14.13,1625449482.0,64.0
18.0,1625449482.0,64.0
20.29,1625449482.0,64.0
21.12,1625449482.0,64.0
20.95,1625449482.0,64.0
20.47,1625449482.0,64.0
20.2,1625449482.0,64.0
20.36,1625449482.0,64.0
20.76,1625449482.0,64.0
20.94,1625449482.0,64.0
20.52,1625449482.0,64.0
19.32,1625449482.0,64.0
17.45,1625449482.0,64.0
15.27,1625449482.0,64.0
13.15,1625449482.0,64.0
11.35,1625449482.0,64.0
9.94,1625449482.0,64.0
8.82,1625449482.0,64.0
7.81,1625449482.0,64.0
6.76,1625449482.0,64.0
5.53,1625449482.0,64.0
4.07,1625449482.0,64.0
2.39,1625449482.0,64.0
0.52,1625449482.0,64.0
-1.52,1625449482.0,64.0
-3.75,1625449482.0,64.0
-6.17,1625449482.0,64.0
-8.75,1625449482.0,64.0
-11.36,1625449482.0,64.0
-13.82,1625449482.0,64.0
-15.94,1625449482.0,64.0
-17.71,1625449482.0,64.0
-19.28,1625449482.0,64.0
-20.91,1625449482.0,64.0
-22.73,1625449482.0,64.0
-24.63,1625449482.0,64.0
-26.25,1625449482.0,64.0
-27.07,1625449482.0,64.0
-26.7,1625449482.0,64.0
-24.98,1625449482.0,64.0
-22.11,1625449482.0,64.0
-18.45,1625449482.0,64.0
-14.36,1625449482.0,64.0
-10.02,1625449482.0,64.0
-5.42,1625449482.0,64.0
-0.56,1625449482.0,64.0
4.51,1625449482.0,64.0
9.48,1625449482.0,64.0
13.87,1625449482.0,64.0
17.15,1625449482.0,64.0
19.01,1625449482.0,64.0
19.51,1625449482.0,64.0
19.11,1625449482.0,64.0
18.5,1625449482.0,64.0
18.24,1625449482.0,64.0
18.58,1625449482.0,64.0
19.28,1625449482.0,64.0
19.82,1625449482.0,64.0
19.69,1625449482.0,64.0
18.65,1625449482.0,64.0
16.96,1625449482.0,64.0
15.17,1625449482.0,64.0
13.89,1625449482.0,64.0
13.46,1625449482.0,64.0
13.8,1625449482.0,64.0
14.42,1625449482.0,64.0
14.64,1625449482.0,64.0
13.82,1625449482.0,64.0
11.55,1625449482.0,64.0
7.91,1625449482.0,64.0
3.36,1625449482.0,64.0
-1.34,1625449482.0,64.0
-5.27,1625449482.0,64.0
-7.74,1625449482.0,64.0
-8.42,1625449482.0,64.0
-7.53,1625449482.0,64.0
-5.7,1625449482.0,64.0
-3.84,1625449482.0,64.0
-2.83,1625449482.0,64.0
-3.28,1625449482.0,64.0
-5.44,1625449482.0,64.0
-9.06,1625449482.0,64.0
-13.55,1625449482.0,64.0
-17.95,1625449482.0,64.0
-21.29,1625449482.0,64.0
-22.73,1625449482.0,64.0
-21.87,1625449482.0,64.0
-18.92,1625449482.0,64.0
-14.72,1625449482.0,64.0
-10.41,1625449482.0,64.0
-6.96,1625449482.0,64.0
-4.82,1625449482.0,64.0
-3.73,1625449482.0,64.0
-2.94,1625449482.0,64.0
-1.61,1625449482.0,64.0
0.67,1625449482.0,64.0
3.62,1625449482.0,64.0
6.54,1625449482.0,64.0
8.63,1625449482.0,64.0
9.52,1625449482.0,64.0
9.39,1625449482.0,64.0
8.87,1625449482.0,64.0
8.66,1625449482.0,64.0
9.04,1625449482.0,64.0
9.95,1625449482.0,64.0
10.98,1625449482.0,64.0
11.81,1625449482.0,64.0
12.35,1625449482.0,64.0
12.78,1625449482.0,64.0
13.37,1625449482.0,64.0
14.26,1625449482.0,64.0
15.25,1625449482.0,64.0
15.89,1625449482.0,64.0
15.66,1625449482.0,64.0
14.14,1625449482.0,64.0
11.28,1625449482.0,64.0
7.35,1625449482.0,64.0
2.94,1625449482.0,64.0
-1.29,1625449482.0,64.0
-4.73,1625449482.0,64.0
-7.13,1625449482.0,64.0
-8.59,1625449482.0,64.0
-9.51,1625449482.0,64.0
-10.43,1625449482.0,64.0
-11.78,1625449482.0,64.0
-13.73,1625449482.0,64.0
-16.15,1625449482.0,64.0
-18.72,1625449482.0,64.0
-21.09,1625449482.0,64.0
-22.97,1625449482.0,64.0
-24.18,1625449482.0,64.0
-24.57,1625449482.0,64.0
-24.03,1625449482.0,64.0
-22.53,1625449482.0,64.0
-20.14,1625449482.0,64.0
-17.09,1625449482.0,64.0
-13.67,1625449482.0,64.0
-10.16,1625449482.0,64.0
-6.67,1625449482.0,64.0
-3.15,1625449482.0,64.0
0.5,1625449482.0,64.0
4.27,1625449482.0,64.0
7.91,1625449482.0,64.0
10.98,1625449482.0,64.0
13.1,1625449482.0,64.0
14.14,1625449482.0,64.0
14.34,1625449482.0,64.0
14.18,1625449482.0,64.0
14.13,1625449482.0,64.0
14.45,1625449482.0,64.0
15.03,1625449482.0,64.0
15.54,1625449482.0,64.0
15.59,1625449482.0,64.0
14.99,1625449482.0,64.0
13.82,1625449482.0,64.0
12.37,1625449482.0,64.0
10.99,1625449482.0,64.0
9.94,1625449482.0,64.0
9.29,1625449482.0,64.0
8.92,1625449482.0,64.0
8.49,1625449482.0,64.0
7.64,1625449482.0,64.0
6.15,1625449482.0,64.0
4.03,1625449482.0,64.0
1.59,1625449482.0,64.0
-0.67,1625449482.0,64.0
-2.36,1625449482.0,64.0
-3.43,1625449482.0,64.0
-4.12,1625449482.0,64.0
-4.92,1625449482.0,64.0
-6.25,1625449482.0,64.0
-8.21,1625449482.0,64.0
-10.62,1625449482.0,64.0
-13.11,1625449482.0,64.0
-15.35,1625449482.0,64.0
-17.28,1625449482.0,64.0
-19.02,1625449482.0,64.0
-20.72,1625449482.0,64.0
-22.42,1625449482.0,64.0
-23.86,1625449482.0,64.0
-24.53,1625449482.0,64.0
-23.83,1625449482.0,64.0
-21.31,1625449482.0,64.0
-16.83,1625449482.0,64.0
-10.58,1625449482.0,64.0
-3.08,1625449482.0,64.0
4.92,1625449482.0,64.0
12.58,1625449482.0,64.0
19.05,1625449482.0,64.0
23.58,1625449482.0,64.0
25.73,1625449482.0,64.0
25.58,1625449482.0,64.0
23.75,1625449482.0,64.0
21.34,1625449482.0,64.0
19.56,1625449482.0,64.0
19.21,1625449482.0,64.0
20.3,1625449482.0,64.0
22.03,1625449482.0,64.0
23.17,1625449482.0,64.0
22.58,1625449482.0,64.0
19.9,1625449482.0,64.0
15.74,1625449482.0,64.0
11.24,1625449482.0,64.0
7.6,1625449482.0,64.0
5.39,1625449482.0,64.0
4.31,1625449482.0,64.0
3.45,1625449482.0,64.0
1.86,1625449482.0,64.0
-0.95,1625449482.0,64.0
-4.73,1625449482.0,64.0
-8.7,1625449482.0,64.0
-12.02,1625449482.0,64.0
-14.11,1625449482.0,64.0
-14.88,1625449482.0,64.0
-14.7,1625449482.0,64.0
-14.05,1625449482.0,64.0
-13.38,1625449482.0,64.0
-13.01,1625449482.0,64.0
-13.13,1625449482.0,64.0
-13.8,1625449482.0,64.0
-14.95,1625449482.0,64.0
-16.41,1625449482.0,64.0
-17.89,1625449482.0,64.0
-19.1,1625449482.0,64.0
-19.9,1625449482.0,64.0
-20.23,1625449482.0,64.0
-20.17,1625449482.0,64.0
-19.77,1625449482.0,64.0
-18.96,1625449482.0,64.0
-17.57,1625449482.0,64.0
-15.4,1625449482.0,64.0
-12.36,1625449482.0,64.0
-8.59,1625449482.0,64.0
-4.49,1625449482.0,64.0
-0.72,1625449482.0,64.0
2.08,1625449482.0,64.0
3.54,1625449482.0,64.0
3.74,1625449482.0,64.0
3.18,1625449482.0,64.0
2.54,1625449482.0,64.0
2.25,1625449482.0,64.0
2.23,1625449482.0,64.0
2.06,1625449482.0,64.0
1.25,1625449482.0,64.0
-0.35,1625449482.0,64.0
-2.51,1625449482.0,64.0
-4.78,1625449482.0,64.0
-6.9,1625449482.0,64.0
-8.91,1625449482.0,64.0
-11.11,1625449482.0,64.0
-13.65,1625449482.0,64.0
-16.36,1625449482.0,64.0
-18.74,1625449482.0,64.0
-20.25,1625449482.0,64.0
-20.68,1625449482.0,64.0
-20.27,1625449482.0,64.0
-19.51,1625449482.0,64.0
-18.82,1625449482.0,64.0
-18.35,1625449482.0,64.0
-17.98,1625449482.0,64.0
-17.56,1625449482.0,64.0
-17.15,1625449482.0,64.0
-17.06,1625449482.0,64.0
-17.73,1625449482.0,64.0
-19.41,1625449482.0,64.0
-21.97,1625449482.0,64.0
-24.79,1625449482.0,64.0
-26.99,1625449482.0,64.0
-27.63,1625449482.0,64.0
-26.15,1625449482.0,64.0
-22.52,1625449482.0,64.0
-17.29,1625449482.0,64.0
-11.3,1625449482.0,64.0
-5.37,1625449482.0,64.0
0.09,1625449482.0,64.0
5.09,1625449482.0,64.0
10.0,1625449482.0,64.0
15.19,1625449482.0,64.0
20.74,1625449482.0,64.0
26.36,1625449482.0,64.0
31.42,1625449482.0,64.0
35.32,1625449482.0,64.0
37.8,1625449482.0,64.0
39.02,1625449482.0,64.0
39.54,1625449482.0,64.0
39.94,1625449482.0,64.0
40.59,1625449482.0,64.0
41.39,1625449482.0,64.0
41.94,1625449482.0,64.0
41.78,1625449482.0,64.0
40.72,1625449482.0,64.0
38.94,1625449482.0,64.0
36.86,1625449482.0,64.0
34.87,1625449482.0,64.0
33.11,1625449482.0,64.0
31.43,1625449482.0,64.0
29.5,1625449482.0,64.0
27.03,1625449482.0,64.0
23.96,1625449482.0,64.0
20.42,1625449482.0,64.0
16.7,1625449482.0,64.0
13.04,1625449482.0,64.0
9.61,1625449482.0,64.0
6.43,1625449482.0,64.0
3.46,1625449482.0,64.0
0.61,1625449482.0,64.0
-2.21,1625449482.0,64.0
-5.08,1625449482.0,64.0
-8.03,1625449482.0,64.0
-11.1,1625449482.0,64.0
-14.36,1625449482.0,64.0
-17.95,1625449482.0,64.0
-21.99,1625449482.0,64.0
-26.4,1625449482.0,64.0
-30.81,1625449482.0,64.0
-34.57,1625449482.0,64.0
-36.95,1625449482.0,64.0
-37.5,1625449482.0,64.0
-36.17,1625449482.0,64.0
-33.37,1625449482.0,64.0
-29.62,1625449482.0,64.0
-25.34,1625449482.0,64.0
-20.71,1625449482.0,64.0
-15.7,1625449482.0,64.0
-10.34,1625449482.0,64.0
-4.86,1625449482.0,64.0
0.36,1625449482.0,64.0
4.93,1625449482.0,64.0
8.6,1625449482.0,64.0
11.34,1625449482.0,64.0
13.24,1625449482.0,64.0
14.49,1625449482.0,64.0
15.19,1625449482.0,64.0
15.48,1625449482.0,64.0
15.48,1625449482.0,64.0
15.31,1625449482.0,64.0
15.01,1625449482.0,64.0
14.59,1625449482.0,64.0
14.03,1625449482.0,64.0
13.36,1625449482.0,64.0
12.53,1625449482.0,64.0
11.34,1625449482.0,64.0
9.42,1625449482.0,64.0
6.32,1625449482.0,64.0
1.77,1625449482.0,64.0
-3.91,1625449482.0,64.0
-9.69,1625449482.0,64.0
-14.1,1625449482.0,64.0
-15.77,1625449482.0,64.0
-14.05,1625449482.0,64.0
-9.26,1625449482.0,64.0
-2.6,1625449482.0,64.0
4.44,1625449482.0,64.0
10.5,1625449482.0,64.0
14.58,1625449482.0,64.0
16.15,1625449482.0,64.0
15.12,1625449482.0,64.0
11.89,1625449482.0,64.0
7.46,1625449482.0,64.0
3.25,1625449482.0,64.0
0.62,1625449482.0,64.0
0.22,1625449482.0,64.0
1.54,1625449482.0,64.0
3.13,1625449482.0,64.0
3.35,1625449482.0,64.0
1.32,1625449482.0,64.0
-2.59,1625449482.0,64.0
-7.03,1625449482.0,64.0
-10.46,1625449482.0,64.0
-12.1,1625449482.0,64.0
-12.07,1625449482.0,64.0
-11.12,1625449482.0,64.0
-9.88,1625449482.0,64.0
-8.33,1625449482.0,64.0
-5.92,1625449482.0,64.0
-2.06,1625449482.0,64.0
3.27,1625449482.0,64.0
9.35,1625449482.0,64.0
15.1,1625449482.0,64.0
19.59,1625449482.0,64.0
22.52,1625449482.0,64.0
24.23,1625449482.0,64.0
25.42,1625449482.0,64.0
26.66,1625449482.0,64.0
28.08,1625449482.0,64.0
29.41,1625449482.0,64.0
30.16,1625449482.0,64.0
29.89,1625449482.0,64.0
28.46,1625449482.0,64.0
25.98,1625449482.0,64.0
22.82,1625449482.0,64.0
19.38,1625449482.0,64.0
16.0,1625449482.0,64.0
12.87,1625449482.0,64.0
10.05,1625449482.0,64.0
7.52,1625449482.0,64.0
5.16,1625449482.0,64.0
2.87,1625449482.0,64.0
0.55,1625449482.0,64.0
-1.81,1625449482.0,64.0
-4.11,1625449482.0,64.0
-6.17,1625449482.0,64.0
-7.86,1625449482.0,64.0
-9.13,1625449482.0,64.0
-10.13,1625449482.0,64.0
-11.08,1625449482.0,64.0
-12.17,1625449482.0,64.0
-13.38,1625449482.0,64.0
-14.6,1625449482.0,64.0
-15.62,1625449482.0,64.0
-16.4,1625449482.0,64.0
-17.09,1625449482.0,64.0
-17.95,1625449482.0,64.0
-19.19,1625449482.0,64.0
-20.76,1625449482.0,64.0
-22.31,1625449482.0,64.0
-23.35,1625449482.0,64.0
-23.45,1625449482.0,64.0
-22.41,1625449482.0,64.0
-20.31,1625449482.0,64.0
-17.41,1625449482.0,64.0
-13.98,1625449482.0,64.0
-10.22,1625449482.0,64.0
-6.25,1625449482.0,64.0
-2.11,1625449482.0,64.0
2.1,1625449482.0,64.0
6.19,1625449482.0,64.0
9.88,1625449482.0,64.0
12.87,1625449482.0,64.0
14.89,1625449482.0,64.0
15.89,1625449482.0,64.0
15.99,1625449482.0,64.0
15.57,1625449482.0,64.0
15.1,1625449482.0,64.0
14.98,1625449482.0,64.0
15.34,1625449482.0,64.0
16.03,1625449482.0,64.0
16.68,1625449482.0,64.0
16.89,1625449482.0,64.0
16.42,1625449482.0,64.0
15.25,1625449482.0,64.0
13.59,1625449482.0,64.0
11.75,1625449482.0,64.0
10.06,1625449482.0,64.0
8.73,1625449482.0,64.0
7.82,1625449482.0,64.0
7.19,1625449482.0,64.0
6.46,1625449482.0,64.0
5.17,1625449482.0,64.0
2.91,1625449482.0,64.0
-0.41,1625449482.0,64.0
-4.41,1625449482.0,64.0
-8.31,1625449482.0,64.0
-11.2,1625449482.0,64.0
-12.41,1625449482.0,64.0
-11.75,1625449482.0,64.0
-9.56,1625449482.0,64.0
-6.53,1625449482.0,64.0
-3.48,1625449482.0,64.0
-1.21,1625449482.0,64.0
-0.42,1625449482.0,64.0
-1.64,1625449482.0,64.0
-5.04,1625449482.0,64.0
-10.28,1625449482.0,64.0
-16.37,1625449482.0,64.0
-21.85,1625449482.0,64.0
-25.3,1625449482.0,64.0
-25.9,1625449482.0,64.0
-23.83,1625449482.0,64.0
-20.15,1625449482.0,64.0
-16.31,1625449482.0,64.0
-13.42,1625449482.0,64.0
-11.84,1625449482.0,64.0
-11.01,1625449482.0,64.0
-9.99,1625449482.0,64.0
-7.95,1625449482.0,64.0
-4.67,1625449482.0,64.0
-0.63,1625449482.0,64.0
3.29,1625449482.0,64.0
6.29,1625449482.0,64.0
8.01,1625449482.0,64.0
8.63,1625449482.0,64.0
8.75,1625449482.0,64.0
8.99,1625449482.0,64.0
9.71,1625449482.0,64.0
10.96,1625449482.0,64.0
12.45,1625449482.0,64.0
13.87,1625449482.0,64.0
14.95,1625449482.0,64.0
15.63,1625449482.0,64.0
15.98,1625449482.0,64.0
16.1,1625449482.0,64.0
15.97,1625449482.0,64.0
15.47,1625449482.0,64.0
14.38,1625449482.0,64.0
12.44,1625449482.0,64.0
9.57,1625449482.0,64.0
5.95,1625449482.0,64.0
2.06,1625449482.0,64.0
-1.52,1625449482.0,64.0
-4.25,1625449482.0,64.0
-5.99,1625449482.0,64.0
-6.96,1625449482.0,64.0
-7.69,1625449482.0,64.0
-8.63,1625449482.0,64.0
-9.98,1625449482.0,64.0
-11.57,1625449482.0,64.0
-13.07,1625449482.0,64.0
-14.24,1625449482.0,64.0
-15.08,1625449482.0,64.0
-15.84,1625449482.0,64.0
-16.77,1625449482.0,64.0
-17.88,1625449482.0,64.0
-18.9,1625449482.0,64.0
-19.35,1625449482.0,64.0
-18.84,1625449482.0,64.0
-17.21,1625449482.0,64.0
-14.65,1625449482.0,64.0
-11.55,1625449482.0,64.0
-8.34,1625449482.0,64.0
-5.33,1625449482.0,64.0
-2.67,1625449482.0,64.0
-0.31,1625449482.0,64.0
1.86,1625449482.0,64.0
3.85,1625449482.0,64.0
5.54,1625449482.0,64.0
6.66,1625449482.0,64.0
6.95,1625449482.0,64.0
6.35,1625449482.0,64.0
5.15,1625449482.0,64.0
3.95,1625449482.0,64.0
3.41,1625449482.0,64.0
3.9,1625449482.0,64.0
5.3,1625449482.0,64.0
7.0,1625449482.0,64.0
8.27,1625449482.0,64.0
8.57,1625449482.0,64.0
7.86,1625449482.0,64.0
6.57,1625449482.0,64.0
5.31,1625449482.0,64.0
4.49,1625449482.0,64.0
4.12,1625449482.0,64.0
3.87,1625449482.0,64.0
3.28,1625449482.0,64.0
2.04,1625449482.0,64.0
0.19,1625449482.0,64.0
-1.93,1625449482.0,64.0
-3.87,1625449482.0,64.0
-5.25,1625449482.0,64.0
-5.96,1625449482.0,64.0
-6.16,1625449482.0,64.0
-6.2,1625449482.0,64.0
-6.44,1625449482.0,64.0
-7.1,1625449482.0,64.0
-8.33,1625449482.0,64.0
-10.15,1625449482.0,64.0
-12.6,1625449482.0,64.0
-15.62,1625449482.0,64.0
-19.01,1625449482.0,64.0
-22.33,1625449482.0,64.0
-24.96,1625449482.0,64.0
-26.33,1625449482.0,64.0
-26.1,1625449482.0,64.0
-24.39,1625449482.0,64.0
-21.66,1625449482.0,64.0
-18.48,1625449482.0,64.0
-15.26,1625449482.0,64.0
-12.09,1625449482.0,64.0
-8.77,1625449482.0,64.0
-5.06,1625449482.0,64.0
-0.89,1625449482.0,64.0
3.5,1625449482.0,64.0
7.56,1625449482.0,64.0
10.71,1625449482.0,64.0
12.57,1625449482.0,64.0
13.16,1625449482.0,64.0
12.89,1625449482.0,64.0
12.45,1625449482.0,64.0
12.46,1625449482.0,64.0
13.19,1625449482.0,64.0
14.38,1625449482.0,64.0
15.39,1625449482.0,64.0
15.51,1625449482.0,64.0
14.31,1625449482.0,64.0
11.92,1625449482.0,64.0
9.0,1625449482.0,64.0
6.43,1625449482.0,64.0
4.94,1625449482.0,64.0
4.83,1625449482.0,64.0
5.84,1625449482.0,64.0
7.39,1625449482.0,64.0
8.76,1625449482.0,64.0
9.37,1625449482.0,64.0
8.91,1625449482.0,64.0
7.3,1625449482.0,64.0
4.66,1625449482.0,64.0
1.29,1625449482.0,64.0
-2.42,1625449482.0,64.0
-5.96,1625449482.0,64.0
-8.85,1625449482.0,64.0
-10.82,1625449482.0,64.0
-11.96,1625449482.0,64.0
-12.68,1625449482.0,64.0
-13.58,1625449482.0,64.0
-15.14,1625449482.0,64.0
-17.48,1625449482.0,64.0
-20.26,1625449482.0,64.0
-22.89,1625449482.0,64.0
-24.73,1625449482.0,64.0
-25.43,1625449482.0,64.0
-24.97,1625449482.0,64.0
-23.56,1625449482.0,64.0
-21.43,1625449482.0,64.0
-18.7,1625449482.0,64.0
-15.36,1625449482.0,64.0
-11.35,1625449482.0,64.0
-6.69,1625449482.0,64.0
-1.5,1625449482.0,64.0
3.93,1625449482.0,64.0
9.22,1625449482.0,64.0
13.98,1625449482.0,64.0
17.86,1625449482.0,64.0
20.71,1625449482.0,64.0
22.57,1625449482.0,64.0
23.7,1625449482.0,64.0
24.46,1625449482.0,64.0
25.16,1625449482.0,64.0
25.86,1625449482.0,64.0
26.38,1625449482.0,64.0
26.4,1625449482.0,64.0
25.68,1625449482.0,64.0
24.24,1625449482.0,64.0
22.39,1625449482.0,64.0
20.56,1625449482.0,64.0
19.11,1625449482.0,64.0
18.13,1625449482.0,64.0
17.44,1625449482.0,64.0
16.72,1625449482.0,64.0
15.66,1625449482.0,64.0
14.19,1625449482.0,64.0
12.51,1625449482.0,64.0
10.97,1625449482.0,64.0
10.04,1625449482.0,64.0
9.96,1625449482.0,64.0
10.77,1625449482.0,64.0
12.27,1625449482.0,64.0
14.16,1625449482.0,64.0
16.18,1625449482.0,64.0
18.17,1625449482.0,64.0
20.11,1625449482.0,64.0
21.95,1625449482.0,64.0
23.65,1625449482.0,64.0
25.17,1625449482.0,64.0
26.64,1625449482.0,64.0
28.5,1625449482.0,64.0
31.45,1625449482.0,64.0
36.22,1625449482.0,64.0
43.26,1625449482.0,64.0
52.46,1625449482.0,64.0
63.13,1625449482.0,64.0
74.28,1625449482.0,64.0
84.99,1625449482.0,64.0
94.79,1625449482.0,64.0
103.75,1625449482.0,64.0
112.31,1625449482.0,64.0
120.96,1625449482.0,64.0
129.84,1625449482.0,64.0
138.68,1625449482.0,64.0
146.87,1625449482.0,64.0
153.84,1625449482.0,64.0
159.36,1625449482.0,64.0
163.72,1625449482.0,64.0
167.64,1625449482.0,64.0
171.98,1625449482.0,64.0
177.48,1625449482.0,64.0
184.47,1625449482.0,64.0
192.83,1625449482.0,64.0
202.13,1625449482.0,64.0
211.8,1625449482.0,64.0
221.19,1625449482.0,64.0
229.48,1625449482.0,64.0
235.62,1625449482.0,64.0
238.3,1625449482.0,64.0
236.23,1625449482.0,64.0
228.59,1625449482.0,64.0
215.53,1625449482.0,64.0
198.38,1625449482.0,64.0
179.34,1625449482.0,64.0
160.76,1625449482.0,64.0
144.29,1625449482.0,64.0
130.41,1625449482.0,64.0
118.44,1625449482.0,64.0
107.01,1625449482.0,64.0
94.85,1625449482.0,64.0
81.28,1625449482.0,64.0
66.22,1625449482.0,64.0
49.99,1625449482.0,64.0
32.98,1625449482.0,64.0
15.46,1625449482.0,64.0
-2.37,1625449482.0,64.0
-20.25,1625449482.0,64.0
-37.99,1625449482.0,64.0
-55.55,1625449482.0,64.0
-73.21,1625449482.0,64.0
-91.57,1625449482.0,64.0
-111.29,1625449482.0,64.0
-132.67,1625449482.0,64.0
-155.27,1625449482.0,64.0
-177.96,1625449482.0,64.0
-199.23,1625449482.0,64.0
-217.89,1625449482.0,64.0
-233.54,1625449482.0,64.0
-246.85,1625449482.0,64.0
-259.25,1625449482.0,64.0
-272.25,1625449482.0,64.0
-286.75,1625449482.0,64.0
-302.6,1625449482.0,64.0
-318.9,1625449482.0,64.0
-334.33,1625449482.0,64.0
-347.97,1625449482.0,64.0
-359.81,1625449482.0,64.0
-370.73,1625449482.0,64.0
-382.36,1625449482.0,64.0
-396.79,1625449482.0,64.0
-416.34,1625449482.0,64.0
-443.09,1625449482.0,64.0
-477.77,1625449482.0,64.0
-518.51,1625449482.0,64.0
-560.01,1625449482.0,64.0
-594.23,1625449482.0,64.0
-612.58,1625449482.0,64.0
-609.05,1625449482.0,64.0
-582.62,1625449482.0,64.0
-537.73,1625449482.0,64.0
-482.38,1625449482.0,64.0
-424.91,1625449482.0,64.0
-371.12,1625449482.0,64.0
-323.27,1625449482.0,64.0
-280.89,1625449482.0,64.0
-242.63,1625449482.0,64.0
-207.7,1625449482.0,64.0
-176.14,1625449482.0,64.0
-148.07,1625449482.0,64.0
-122.85,1625449482.0,64.0
-98.88,1625449482.0,64.0
-74.31,1625449482.0,64.0
-48.09,1625449482.0,64.0
-20.63,1625449482.0,64.0
6.33,1625449482.0,64.0
30.41,1625449482.0,64.0
49.85,1625449482.0,64.0
64.25,1625449482.0,64.0
74.82,1625449482.0,64.0
83.85,1625449482.0,64.0
93.84,1625449482.0,64.0
106.61,1625449482.0,64.0
122.96,1625449482.0,64.0
142.58,1625449482.0,64.0
164.63,1625449482.0,64.0
188.39,1625449482.0,64.0
213.61,1625449482.0,64.0
240.82,1625449482.0,64.0
271.21,1625449482.0,64.0
306.44,1625449482.0,64.0
348.0,1625449482.0,64.0
396.4,1625449482.0,64.0
450.25,1625449482.0,64.0
505.81,1625449482.0,64.0
557.42,1625449482.0,64.0
598.82,1625449482.0,64.0
625.03,1625449482.0,64.0
633.86,1625449482.0,64.0
626.42,1625449482.0,64.0
606.19,1625449482.0,64.0
577.51,1625449482.0,64.0
543.98,1625449482.0,64.0
507.6,1625449482.0,64.0
469.09,1625449482.0,64.0
428.58,1625449482.0,64.0
386.27,1625449482.0,64.0
342.64,1625449482.0,64.0
298.29,1625449482.0,64.0
253.74,1625449482.0,64.0
209.57,1625449482.0,64.0
166.77,1625449482.0,64.0
126.84,1625449482.0,64.0
91.49,1625449482.0,64.0
61.73,1625449482.0,64.0
37.12,1625449482.0,64.0
15.21,1625449482.0,64.0
-7.8,1625449482.0,64.0
-35.3,1625449482.0,64.0
-68.48,1625449482.0,64.0
-105.17,1625449482.0,64.0
-140.25,1625449482.0,64.0
-167.5,1625449482.0,64.0
-181.97,1625449482.0,64.0
-181.74,1625449482.0,64.0
-168.42,1625449482.0,64.0
-146.18,1625449482.0,64.0
-120.25,1625449482.0,64.0
-95.52,1625449482.0,64.0
-75.67,1625449482.0,64.0
-62.71,1625449482.0,64.0
-56.68,1625449482.0,64.0
-55.6,1625449482.0,64.0
-55.89,1625449482.0,64.0
-53.6,1625449482.0,64.0
-46.18,1625449482.0,64.0
-33.76,1625449482.0,64.0
-19.19,1625449482.0,64.0
-6.61,1625449482.0,64.0
0.68,1625449482.0,64.0
1.71,1625449482.0,64.0
-2.37,1625449482.0,64.0
-9.64,1625449482.0,64.0
-19.0,1625449482.0,64.0
-30.7,1625449482.0,64.0
-45.49,1625449482.0,64.0
-63.41,1625449482.0,64.0
-83.25,1625449482.0,64.0
-103.24,1625449482.0,64.0
-122.23,1625449482.0,64.0
-140.24,1625449482.0,64.0
-157.84,1625449482.0,64.0
-174.73,1625449482.0,64.0
-188.74,1625449482.0,64.0
-196.22,1625449482.0,64.0
-193.74,1625449482.0,64.0
-179.83,1625449482.0,64.0
-155.58,1625449482.0,64.0
-123.67,1625449482.0,64.0
-86.58,1625449482.0,64.0
-45.6,1625449482.0,64.0
-1.06,1625449482.0,64.0
46.35,1625449482.0,64.0
94.72,1625449482.0,64.0
141.08,1625449482.0,64.0
182.61,1625449482.0,64.0
217.67,1625449482.0,64.0
245.95,1625449482.0,64.0
267.51,1625449482.0,64.0
281.93,1625449482.0,64.0
288.03,1625449482.0,64.0
284.81,1625449482.0,64.0
272.68,1625449482.0,64.0
253.94,1625449482.0,64.0
232.3,1625449482.0,64.0
211.21,1625449482.0,64.0
192.51,1625449482.0,64.0
175.95,1625449482.0,64.0
159.94,1625449482.0,64.0
142.96,1625449482.0,64.0
124.58,1625449482.0,64.0
105.64,1625449482.0,64.0
87.64,1625449482.0,64.0
71.7,1625449482.0,64.0
57.81,1625449482.0,64.0
44.74,1625449482.0,64.0
30.52,1625449482.0,64.0
13.29,1625449482.0,64.0
-7.71,1625449482.0,64.0
-31.72,1625449482.0,64.0
-56.73,1625449482.0,64.0
-80.53,1625449482.0,64.0
-101.67,1625449482.0,64.0
-120.28,1625449482.0,64.0
-138.02,1625449482.0,64.0
-157.25,1625449482.0,64.0
-180.14,1625449482.0,64.0
-207.87,1625449482.0,64.0
-240.46,1625449482.0,64.0
-276.69,1625449482.0,64.0
-314.08,1625449482.0,64.0
-348.86,1625449482.0,64.0
-376.64,1625449482.0,64.0
-393.37,1625449482.0,64.0
-396.93,1625449482.0,64.0
-388.22,1625449482.0,64.0
-371.03,1625449482.0,64.0
-350.71,1625449482.0,64.0
-332.04,1625449482.0,64.0
-317.58,1625449482.0,64.0
-307.27,1625449482.0,64.0
-299.35,1625449482.0,64.0
-291.95,1625449482.0,64.0
-284.23,1625449482.0,64.0
-276.72,1625449482.0,64.0
-270.49,1625449482.0,64.0
-265.82,1625449482.0,64.0
-261.41,1625449482.0,64.0
-254.33,1625449482.0,64.0
-240.75,1625449482.0,64.0
-217.35,1625449482.0,64.0
-182.5,1625449482.0,64.0
-137.19,1625449482.0,64.0
-85.29,1625449482.0,64.0
-32.38,1625449482.0,64.0
15.95,1625449482.0,64.0
55.98,1625449482.0,64.0
87.09,1625449482.0,64.0
111.43,1625449482.0,64.0
132.02,1625449482.0,64.0
150.3,1625449482.0,64.0
164.59,1625449482.0,64.0
170.27,1625449482.0,64.0
161.93,1625449482.0,64.0
136.29,1625449482.0,64.0
94.9,1625449482.0,64.0
44.5,1625449482.0,64.0
-4.94,1625449482.0,64.0
-43.89,1625449482.0,64.0
-66.85,1625449482.0,64.0
-73.87,1625449482.0,64.0
-69.74,1625449482.0,64.0
-61.14,1625449482.0,64.0
-53.6,1625449482.0,64.0
-49.63,1625449482.0,64.0
-48.6,1625449482.0,64.0
-48.33,1625449482.0,64.0
-47.25,1625449482.0,64.0
-45.91,1625449482.0,64.0
-47.27,1625449482.0,64.0
-55.45,1625449482.0,64.0
-73.59,1625449482.0,64.0
-102.03,1625449482.0,64.0
-137.64,1625449482.0,64.0
-174.58,1625449482.0,64.0
-206.54,1625449482.0,64.0
-229.12,1625449482.0,64.0
-241.32,1625449482.0,64.0
-245.52,1625449482.0,64.0
-245.74,1625449482.0,64.0
-245.12,1625449482.0,64.0
-244.01,1625449482.0,64.0
-239.93,1625449482.0,64.0
-229.03,1625449482.0,64.0
-208.51,1625449482.0,64.0
-178.37,1625449482.0,64.0
-141.79,1625449482.0,64.0
-103.9,1625449482.0,64.0
-69.73,1625449482.0,64.0
-42.37,1625449482.0,64.0
-22.12,1625449482.0,64.0
-7.08,1625449482.0,64.0
5.65,1625449482.0,64.0
18.38,1625449482.0,64.0
31.94,1625449482.0,64.0
45.65,1625449482.0,64.0
58.07,1625449482.0,64.0
67.97,1625449482.0,64.0
74.98,1625449482.0,64.0
79.99,1625449482.0,64.0
84.44,1625449482.0,64.0
89.76,1625449482.0,64.0
96.66,1625449482.0,64.0
105.02,1625449482.0,64.0
114.57,1625449482.0,64.0
126.08,1625449482.0,64.0
142.4,1625449482.0,64.0
167.97,1625449482.0,64.0
206.99,1625449482.0,64.0
260.26,1625449482.0,64.0
323.06,1625449482.0,64.0
385.08,1625449482.0,64.0
433.17,1625449482.0,64.0
455.78,1625449482.0,64.0
447.09,1625449482.0,64.0
408.6,1625449482.0,64.0
347.98,1625449482.0,64.0
276.06,1625449482.0,64.0
203.56,1625449482.0,64.0
139.08,1625449482.0,64.0
88.71,1625449482.0,64.0
56.32,1625449482.0,64.0
43.58,1625449482.0,64.0
49.29,1625449482.0,64.0
68.64,1625449482.0,64.0
93.63,1625449482.0,64.0
115.35,1625449482.0,64.0
127.11,1625449482.0,64.0
127.01,1625449482.0,64.0
118.23,1625449482.0,64.0
106.88,1625449482.0,64.0
98.86,1625449482.0,64.0
97.12,1625449482.0,64.0
101.35,1625449482.0,64.0
109.61,1625449482.0,64.0
120.82,1625449482.0,64.0
136.24,1625449482.0,64.0
158.98,1625449482.0,64.0
191.74,1625449482.0,64.0
234.3,1625449482.0,64.0
282.46,1625449482.0,64.0
328.94,1625449482.0,64.0
366.1,1625449482.0,64.0
388.74,1625449482.0,64.0
395.59,1625449482.0,64.0
388.98,1625449482.0,64.0
373.28,1625449482.0,64.0
352.89,1625449482.0,64.0
330.77,1625449482.0,64.0
308.2,1625449482.0,64.0
285.25,1625449482.0,64.0
261.82,1625449482.0,64.0
238.31,1625449482.0,64.0
215.79,1625449482.0,64.0
195.41,1625449482.0,64.0
177.78,1625449482.0,64.0
162.36,1625449482.0,64.0
147.57,1625449482.0,64.0
131.58,1625449482.0,64.0
113.09,1625449482.0,64.0
92.05,1625449482.0,64.0
69.72,1625449482.0,64.0
48.18,1625449482.0,64.0
29.43,1625449482.0,64.0
14.59,1625449482.0,64.0
3.46,1625449482.0,64.0
-5.49,1625449482.0,64.0
-14.45,1625449482.0,64.0
-25.55,1625449482.0,64.0
-40.0,1625449482.0,64.0
-57.75,1625449482.0,64.0
-77.52,1625449482.0,64.0
-97.35,1625449482.0,64.0
-115.4,1625449482.0,64.0
-130.8,1625449482.0,64.0
-144.05,1625449482.0,64.0
-156.87,1625449482.0,64.0
-171.64,1625449482.0,64.0
-190.37,1625449482.0,64.0
-213.87,1625449482.0,64.0
-241.39,1625449482.0,64.0
-270.9,1625449482.0,64.0
-299.79,1625449482.0,64.0
-326.11,1625449482.0,64.0
-349.3,1625449482.0,64.0
-370.6,1625449482.0,64.0
-392.92,1625449482.0,64.0
-420.17,1625449482.0,64.0
-455.91,1625449482.0,64.0
-501.75,1625449482.0,64.0
-555.97,1625449482.0,64.0
-612.75,1625449482.0,64.0
-663.05,1625449482.0,64.0
-696.92,1625449482.0,64.0
-706.23,1625449482.0,64.0
-687.31,1625449482.0,64.0
-642.26,1625449482.0,64.0
-578.85,1625449482.0,64.0
-508.66,1625449482.0,64.0
-444.04,1625449482.0,64.0
-394.5,1625449482.0,64.0
-364.01,1625449482.0,64.0
-349.99,1625449482.0,64.0
-344.78,1625449482.0,64.0
-338.92,1625449482.0,64.0
-324.86,1625449482.0,64.0
-299.46,1625449482.0,64.0
-264.07,1625449482.0,64.0
-222.65,1625449482.0,64.0
-178.99,1625449482.0,64.0
-135.11,1625449482.0,64.0
-91.15,1625449482.0,64.0
-47.04,1625449482.0,64.0
-3.92,1625449482.0,64.0
35.69,1625449482.0,64.0
69.05,1625449482.0,64.0
95.03,1625449482.0,64.0
114.98,1625449482.0,64.0
132.08,1625449482.0,64.0
149.62,1625449482.0,64.0
169.16,1625449482.0,64.0
189.77,1625449482.0,64.0
208.34,1625449482.0,64.0
221.5,1625449482.0,64.0
227.28,1625449482.0,64.0
226.36,1625449482.0,64.0
221.99,1625449482.0,64.0
218.83,1625449482.0,64.0
221.56,1625449482.0,64.0
233.78,1625449482.0,64.0
257.59,1625449482.0,64.0
293.45,1625449482.0,64.0
339.99,1625449482.0,64.0
393.34,1625449482.0,64.0
447.16,1625449482.0,64.0
493.26,1625449482.0,64.0
523.59,1625449482.0,64.0
532.71,1625449482.0,64.0
519.31,1625449482.0,64.0
486.05,1625449482.0,64.0
437.81,1625449482.0,64.0
379.44,1625449482.0,64.0
314.61,1625449482.0,64.0
246.5,1625449482.0,64.0
179.08,1625449482.0,64.0
117.88,1625449482.0,64.0
68.93,1625449482.0,64.0
36.22,1625449482.0,64.0
19.31,1625449482.0,64.0
12.48,1625449482.0,64.0
6.61,1625449482.0,64.0
-6.96,1625449482.0,64.0
-32.56,1625449482.0,64.0
-68.35,1625449482.0,64.0
-107.07,1625449482.0,64.0
-138.88,1625449482.0,64.0
-155.35,1625449482.0,64.0
-152.04,1625449482.0,64.0
-129.55,1625449482.0,64.0
-92.75,1625449482.0,64.0
-49.45,1625449482.0,64.0
-8.43,1625449482.0,64.0
22.21,1625449482.0,64.0
36.94,1625449482.0,64.0
34.47,1625449482.0,64.0
18.68,1625449482.0,64.0
-1.82,1625449482.0,64.0
-16.08,1625449482.0,64.0
-14.62,1625449482.0,64.0
7.0,1625449482.0,64.0
46.01,1625449482.0,64.0
93.25,1625449482.0,64.0
136.5,1625449482.0,64.0
164.69,1625449482.0,64.0
171.12,1625449482.0,64.0
154.78,1625449482.0,64.0
119.48,1625449482.0,64.0
71.66,1625449482.0,64.0
18.09,1625449482.0,64.0
-35.95,1625449482.0,64.0
-87.34,1625449482.0,64.0
-135.31,1625449482.0,64.0
-181.07,1625449482.0,64.0
-227.32,1625449482.0,64.0
-277.24,1625449482.0,64.0
-333.29,1625449482.0,64.0
-395.55,1625449482.0,64.0
-460.49,1625449482.0,64.0
-521.34,1625449482.0,64.0
-569.86,1625449482.0,64.0
-599.25,1625449482.0,64.0
-606.55,1625449482.0,64.0
-593.78,1625449482.0,64.0
-566.6,1625449482.0,64.0
-531.91,1625449482.0,64.0
-495.27,1625449482.0,64.0
-459.7,1625449482.0,64.0
-426.01,1625449482.0,64.0
-394.03,1625449482.0,64.0
-363.73,1625449482.0,64.0
-335.32,1625449482.0,64.0
-308.8,1625449482.0,64.0
-283.39,1625449482.0,64.0
-257.77,1625449482.0,64.0
-230.8,1625449482.0,64.0
-202.27,1625449482.0,64.0
-173.12,1625449482.0,64.0
-144.84,1625449482.0,64.0
-118.68,1625449482.0,64.0
-94.99,1625449482.0,64.0
-73.04,1625449482.0,64.0
-51.54,1625449482.0,64.0
-29.18,1625449482.0,64.0
-5.38,1625449482.0,64.0
19.62,1625449482.0,64.0
44.9,1625449482.0,64.0
69.4,1625449482.0,64.0
92.38,1625449482.0,64.0
113.8,1625449482.0,64.0
134.19,1625449482.0,64.0
154.38,1625449482.0,64.0
175.05,1625449482.0,64.0
196.42,1625449482.0,64.0
218.15,1625449482.0,64.0
239.57,1625449482.0,64.0
260.06,1625449482.0,64.0
279.39,1625449482.0,64.0
298.15,1625449482.0,64.0
317.89,1625449482.0,64.0
340.63,1625449482.0,64.0
367.97,1625449482.0,64.0
399.84,1625449482.0,64.0
433.75,1625449482.0,64.0
464.93,1625449482.0,64.0
487.68,1625449482.0,64.0
497.19,1625449482.0,64.0
491.17,1625449482.0,64.0
470.44,1625449482.0,64.0
438.28,1625449482.0,64.0
399.16,1625449482.0,64.0
357.5,1625449482.0,64.0
316.94,1625449482.0,64.0
280.0,1625449482.0,64.0
248.02,1625449482.0,64.0
221.12,1625449482.0,64.0
198.42,1625449482.0,64.0
178.45,1625449482.0,64.0
159.77,1625449482.0,64.0
141.67,1625449482.0,64.0
124.3,1625449482.0,64.0
108.32,1625449482.0,64.0
94.28,1625449482.0,64.0
82.02,1625449482.0,64.0
70.74,1625449482.0,64.0
59.55,1625449482.0,64.0
48.03,1625449482.0,64.0
36.55,1625449482.0,64.0
26.26,1625449482.0,64.0
18.47,1625449482.0,64.0
14.03,1625449482.0,64.0
12.79,1625449482.0,64.0
13.47,1625449482.0,64.0
14.05,1625449482.0,64.0
12.62,1625449482.0,64.0
8.35,1625449482.0,64.0
2.06,1625449482.0,64.0
-3.92,1625449482.0,64.0
-6.88,1625449482.0,64.0
-5.3,1625449482.0,64.0
0.2,1625449482.0,64.0
7.06,1625449482.0,64.0
11.69,1625449482.0,64.0
10.82,1625449482.0,64.0
2.54,1625449482.0,64.0
-13.45,1625449482.0,64.0
-36.03,1625449482.0,64.0
-63.15,1625449482.0,64.0
-92.06,1625449482.0,64.0
-119.53,1625449482.0,64.0
-142.35,1625449482.0,64.0
-158.15,1625449482.0,64.0
-166.56,1625449482.0,64.0
-169.92,1625449482.0,64.0
-172.91,1625449482.0,64.0
-180.67,1625449482.0,64.0
-196.29,1625449482.0,64.0
-218.84,1625449482.0,64.0
-243.07,1625449482.0,64.0
-261.3,1625449482.0,64.0
-266.54,1625449482.0,64.0
-255.4,1625449482.0,64.0
-229.3,1625449482.0,64.0
-193.42,1625449482.0,64.0
-154.16,1625449482.0,64.0
-116.36,1625449482.0,64.0
-81.73,1625449482.0,64.0
-48.93,1625449482.0,64.0
-15.33,1625449482.0,64.0
21.08,1625449482.0,64.0
60.5,1625449482.0,64.0
101.22,1625449482.0,64.0
140.19,1625449482.0,64.0
174.18,1625449482.0,64.0
200.59,1625449482.0,64.0
217.8,1625449482.0,64.0
225.35,1625449482.0,64.0
223.71,1625449482.0,64.0
213.98,1625449482.0,64.0
197.77,1625449482.0,64.0
176.97,1625449482.0,64.0
153.91,1625449482.0,64.0
130.94,1625449482.0,64.0
110.1,1625449482.0,64.0
92.55,1625449482.0,64.0
78.28,1625449482.0,64.0
66.2,1625449482.0,64.0
54.73,1625449482.0,64.0
42.62,1625449482.0,64.0
29.59,1625449482.0,64.0
16.34,1625449482.0,64.0
4.17,1625449482.0,64.0
-5.7,1625449482.0,64.0
-12.65,1625449482.0,64.0
-16.92,1625449482.0,64.0
-19.3,1625449482.0,64.0
-20.81,1625449482.0,64.0
-22.38,1625449482.0,64.0
-24.62,1625449482.0,64.0
-27.6,1625449482.0,64.0
-30.76,1625449482.0,64.0
-33.13,1625449482.0,64.0
-33.46,1625449482.0,64.0
-31.05,1625449482.0,64.0
-26.0,1625449482.0,64.0
-19.41,1625449482.0,64.0
-12.8,1625449482.0,64.0
-7.37,1625449482.0,64.0
-3.42,1625449482.0,64.0
-0.37,1625449482.0,64.0
2.82,1625449482.0,64.0
7.05,1625449482.0,64.0
12.52,1625449482.0,64.0
18.85,1625449482.0,64.0
25.32,1625449482.0,64.0
31.34,1625449482.0,64.0
36.53,1625449482.0,64.0
40.69,1625449482.0,64.0
43.66,1625449482.0,64.0
45.27,1625449482.0,64.0
45.45,1625449482.0,64.0
44.36,1625449482.0,64.0
42.4,1625449482.0,64.0
40.13,1625449482.0,64.0
37.96,1625449482.0,64.0
36.07,1625449482.0,64.0
34.33,1625449482.0,64.0
32.35,1625449482.0,64.0
29.7,1625449482.0,64.0
26.09,1625449482.0,64.0
21.52,1625449482.0,64.0
16.38,1625449482.0,64.0
11.39,1625449482.0,64.0
7.25,1625449482.0,64.0
4.27,1625449482.0,64.0
2.15,1625449482.0,64.0
0.03,1625449482.0,64.0
-3.08,1625449482.0,64.0
-7.72,1625449482.0,64.0
-13.57,1625449482.0,64.0
-19.64,1625449482.0,64.0
-24.76,1625449482.0,64.0
-28.27,1625449482.0,64.0
-30.36,1625449482.0,64.0
-31.74,1625449482.0,64.0
-33.16,1625449482.0,64.0
-34.77,1625449482.0,64.0
-35.96,1625449482.0,64.0
-35.65,1625449482.0,64.0
-32.88,1625449482.0,64.0
-27.17,1625449482.0,64.0
-18.76,1625449482.0,64.0
-8.47,1625449482.0,64.0
2.41,1625449482.0,64.0
12.28,1625449482.0,64.0
19.44,1625449482.0,64.0
22.44,1625449482.0,64.0
20.57,1625449482.0,64.0
14.36,1625449482.0,64.0
5.68,1625449482.0,64.0
-2.65,1625449482.0,64.0
-7.73,1625449482.0,64.0
-7.51,1625449482.0,64.0
-1.5,1625449482.0,64.0
9.12,1625449482.0,64.0
22.03,1625449482.0,64.0
34.42,1625449482.0,64.0
43.92,1625449482.0,64.0
49.12,1625449482.0,64.0
49.67,1625449482.0,64.0
46.17,1625449482.0,64.0
39.79,1625449482.0,64.0
31.78,1625449482.0,64.0
23.28,1625449482.0,64.0
15.23,1625449482.0,64.0
8.34,1625449482.0,64.0
3.2,1625449482.0,64.0
0.16,1625449482.0,64.0
-0.81,1625449482.0,64.0
-0.31,1625449482.0,64.0
0.64,1625449482.0,64.0
0.71,1625449482.0,64.0
-1.09,1625449482.0,64.0
-5.11,1625449482.0,64.0
-10.82,1625449482.0,64.0
-16.98,1625449482.0,64.0
-22.2,1625449482.0,64.0
-25.58,1625449482.0,64.0
-27.2,1625449482.0,64.0
-27.95,1625449482.0,64.0
-29.05,1625449482.0,64.0
-31.33,1625449482.0,64.0
-34.82,1625449482.0,64.0
-38.86,1625449482.0,64.0
-42.36,1625449482.0,64.0
-44.39,1625449482.0,64.0
-44.38,1625449482.0,64.0
-42.19,1625449482.0,64.0
-38.04,1625449482.0,64.0
-32.33,1625449482.0,64.0
-25.58,1625449482.0,64.0
-18.33,1625449482.0,64.0
-11.08,1625449482.0,64.0
-4.14,1625449482.0,64.0
2.34,1625449482.0,64.0
8.41,1625449482.0,64.0
14.12,1625449482.0,64.0
19.42,1625449482.0,64.0
24.2,1625449482.0,64.0
28.35,1625449482.0,64.0
31.89,1625449482.0,64.0
34.91,1625449482.0,64.0
37.42,1625449482.0,64.0
39.14,1625449482.0,64.0
39.57,1625449482.0,64.0
38.25,1625449482.0,64.0
35.09,1625449482.0,64.0
30.51,1625449482.0,64.0
25.34,1625449482.0,64.0
20.39,1625449482.0,64.0
16.14,1625449482.0,64.0
12.61,1625449482.0,64.0
9.53,1625449482.0,64.0
6.66,1625449482.0,64.0
4.07,1625449482.0,64.0
2.05,1625449482.0,64.0
0.86,1625449482.0,64.0
0.32,1625449482.0,64.0
-0.2,1625449482.0,64.0
-1.42,1625449482.0,64.0
-3.74,1625449482.0,64.0
-6.88,1625449482.0,64.0
-10.12,1625449482.0,64.0
-12.75,1625449482.0,64.0
-14.57,1625449482.0,64.0
-16.02,1625449482.0,64.0
-17.84,1625449482.0,64.0
-20.51,1625449482.0,64.0
-23.96,1625449482.0,64.0
-27.66,1625449482.0,64.0
-30.95,1625449482.0,64.0
-33.43,1625449482.0,64.0
-34.96,1625449482.0,64.0
-35.45,1625449482.0,64.0
-34.68,1625449482.0,64.0
-32.36,1625449482.0,64.0
-28.45,1625449482.0,64.0
-23.45,1625449482.0,64.0
-18.3,1625449482.0,64.0
-13.93,1625449482.0,64.0
-10.81,1625449482.0,64.0
-8.61,1625449482.0,64.0
-6.47,1625449482.0,64.0
-3.43,1625449482.0,64.0
1.07,1625449482.0,64.0
6.97,1625449482.0,64.0
13.69,1625449482.0,64.0
20.44,1625449482.0,64.0
26.52,1625449482.0,64.0
31.44,1625449482.0,64.0
34.93,1625449482.0,64.0
36.89,1625449482.0,64.0
37.48,1625449482.0,64.0
36.99,1625449482.0,64.0
35.87,1625449482.0,64.0
34.5,1625449482.0,64.0
33.05,1625449482.0,64.0
31.44,1625449482.0,64.0
29.35,1625449482.0,64.0
26.48,1625449482.0,64.0
22.74,1625449482.0,64.0
18.42,1625449482.0,64.0
14.13,1625449482.0,64.0
10.56,1625449482.0,64.0
8.15,1625449482.0,64.0
6.88,1625449482.0,64.0
6.33,1625449482.0,64.0
5.88,1625449482.0,64.0
5.08,1625449482.0,64.0
3.82,1625449482.0,64.0
2.28,1625449482.0,64.0
0.67,1625449482.0,64.0
-1.01,1625449482.0,64.0
-2.98,1625449482.0,64.0
-5.5,1625449482.0,64.0
-8.55,1625449482.0,64.0
-11.7,1625449482.0,64.0
-14.34,1625449482.0,64.0
-16.0,1625449482.0,64.0
-16.79,1625449482.0,64.0
-17.3,1625449482.0,64.0
-18.28,1625449482.0,64.0
-20.01,1625449482.0,64.0
-22.12,1625449482.0,64.0
-23.56,1625449482.0,64.0
-23.27,1625449482.0,64.0
-20.74,1625449482.0,64.0
-16.37,1625449482.0,64.0
-11.24,1625449482.0,64.0
-6.63,1625449482.0,64.0
-3.28,1625449482.0,64.0
-1.11,1625449482.0,64.0
0.65,1625449482.0,64.0
3.02,1625449482.0,64.0
6.69,1625449482.0,64.0
11.61,1625449482.0,64.0
17.03,1625449482.0,64.0
21.85,1625449482.0,64.0
25.18,1625449482.0,64.0
26.69,1625449482.0,64.0
26.78,1625449482.0,64.0
26.24,1625449482.0,64.0
25.77,1625449482.0,64.0
25.6,1625449482.0,64.0
25.4,1625449482.0,64.0
24.61,1625449482.0,64.0
22.88,1625449482.0,64.0
20.43,1625449482.0,64.0
17.97,1625449482.0,64.0
16.22,1625449482.0,64.0
15.47,1625449482.0,64.0
15.24,1625449482.0,64.0
14.6,1625449482.0,64.0
12.75,1625449482.0,64.0
9.52,1625449482.0,64.0
5.52,1625449482.0,64.0
1.79,1625449482.0,64.0
-0.77,1625449482.0,64.0
-1.79,1625449482.0,64.0
-1.57,1625449482.0,64.0
-0.79,1625449482.0,64.0
-0.15,1625449482.0,64.0
-0.3,1625449482.0,64.0
-1.61,1625449482.0,64.0
-4.21,1625449482.0,64.0
-7.95,1625449482.0,64.0
-12.3,1625449482.0,64.0
-16.51,1625449482.0,64.0
-19.88,1625449482.0,64.0
-22.12,1625449482.0,64.0
-23.53,1625449482.0,64.0
-24.89,1625449482.0,64.0
-27.01,1625449482.0,64.0
-30.3,1625449482.0,64.0
-34.56,1625449482.0,64.0
-39.06,1625449482.0,64.0
-42.85,1625449482.0,64.0
-45.09,1625449482.0,64.0
-45.3,1625449482.0,64.0
-43.42,1625449482.0,64.0
-39.68,1625449482.0,64.0
-34.51,1625449482.0,64.0
-28.37,1625449482.0,64.0
-21.76,1625449482.0,64.0
-15.09,1625449482.0,64.0
-8.62,1625449482.0,64.0
-2.43,1625449482.0,64.0
3.54,1625449482.0,64.0
9.53,1625449482.0,64.0
15.66,1625449482.0,64.0
21.88,1625449482.0,64.0
27.81,1625449482.0,64.0
32.88,1625449482.0,64.0
36.5,1625449482.0,64.0
38.41,1625449482.0,64.0
38.85,1625449482.0,64.0
38.49,1625449482.0,64.0
38.13,1625449482.0,64.0
38.29,1625449482.0,64.0
38.99,1625449482.0,64.0
39.81,1625449482.0,64.0
40.17,1625449482.0,64.0
39.7,1625449482.0,64.0
38.31,1625449482.0,64.0
36.16,1625449482.0,64.0
33.5,1625449482.0,64.0
30.48,1625449482.0,64.0
27.31,1625449482.0,64.0
24.26,1625449482.0,64.0
21.68,1625449482.0,64.0
19.83,1625449482.0,64.0
18.72,1625449482.0,64.0
18.01,1625449482.0,64.0
17.11,1625449482.0,64.0
15.52,1625449482.0,64.0
13.09,1625449482.0,64.0
10.18,1625449482.0,64.0
7.51,1625449482.0,64.0
5.86,1625449482.0,64.0
5.77,1625449482.0,64.0
7.34,1625449482.0,64.0
10.23,1625449482.0,64.0
13.76,1625449482.0,64.0
17.13,1625449482.0,64.0
19.55,1625449482.0,64.0
20.53,1625449482.0,64.0
19.98,1625449482.0,64.0
18.36,1625449482.0,64.0
16.62,1625449482.0,64.0
15.92,1625449482.0,64.0
17.13,1625449482.0,64.0
20.55,1625449482.0,64.0
25.8,1625449482.0,64.0
32.01,1625449482.0,64.0
38.4,1625449482.0,64.0
44.62,1625449482.0,64.0
50.9,1625449482.0,64.0
57.85,1625449482.0,64.0
66.07,1625449482.0,64.0
75.78,1625449482.0,64.0
86.58,1625449482.0,64.0
97.6,1625449482.0,64.0
107.76,1625449482.0,64.0
116.3,1625449482.0,64.0
122.96,1625449482.0,64.0
127.79,1625449482.0,64.0
130.94,1625449482.0,64.0
132.27,1625449482.0,64.0
131.37,1625449482.0,64.0
127.9,1625449482.0,64.0
121.89,1625449482.0,64.0
113.94,1625449482.0,64.0
104.97,1625449482.0,64.0
95.83,1625449482.0,64.0
86.91,1625449482.0,64.0
78.1,1625449482.0,64.0
68.87,1625449482.0,64.0
58.58,1625449482.0,64.0
46.59,1625449482.0,64.0
32.39,1625449482.0,64.0
15.72,1625449482.0,64.0
-3.12,1625449482.0,64.0
-23.07,1625449482.0,64.0
-42.3,1625449482.0,64.0
-58.75,1625449482.0,64.0
-71.06,1625449482.0,64.0
-79.37,1625449482.0,64.0
-85.4,1625449482.0,64.0
-91.66,1625449482.0,64.0
-100.29,1625449482.0,64.0
-111.88,1625449482.0,64.0
-125.49,1625449482.0,64.0
-138.96,1625449482.0,64.0
-150.08,1625449482.0,64.0
-157.44,1625449482.0,64.0
-160.63,1625449482.0,64.0
-160.48,1625449482.0,64.0
-158.89,1625449482.0,64.0
-158.54,1625449482.0,64.0
-162.2,1625449482.0,64.0
-171.75,1625449482.0,64.0
-187.18,1625449482.0,64.0
-206.43,1625449482.0,64.0
-226.05,1625449482.0,64.0
-242.69,1625449482.0,64.0
-254.86,1625449482.0,64.0
-263.41,1625449482.0,64.0
-270.55,1625449482.0,64.0
-278.28,1625449482.0,64.0
-286.61,1625449482.0,64.0
-293.35,1625449482.0,64.0
-295.28,1625449482.0,64.0
-289.99,1625449482.0,64.0
-277.22,1625449482.0,64.0
-259.06,1625449482.0,64.0
-238.82,1625449482.0,64.0
-219.58,1625449482.0,64.0
-203.04,1625449482.0,64.0
-189.28,1625449482.0,64.0
-177.24,1625449482.0,64.0
-165.46,1625449482.0,64.0
-152.7,1625449482.0,64.0
-138.06,1625449482.0,64.0
-121.17,1625449482.0,64.0
-101.84,1625449482.0,64.0
-80.07,1625449482.0,64.0
-56.16,1625449482.0,64.0
-30.79,1625449482.0,64.0
-5.12,1625449482.0,64.0
19.41,1625449482.0,64.0
41.25,1625449482.0,64.0
59.05,1625449482.0,64.0
71.96,1625449482.0,64.0
79.71,1625449482.0,64.0
82.33,1625449482.0,64.0
79.8,1625449482.0,64.0
71.95,1625449482.0,64.0
58.43,1625449482.0,64.0
39.19,1625449482.0,64.0
15.13,1625449482.0,64.0
-11.67,1625449482.0,64.0
-37.93,1625449482.0,64.0
-59.75,1625449482.0,64.0
-73.59,1625449482.0,64.0
-77.24,1625449482.0,64.0
-70.34,1625449482.0,64.0
-54.47,1625449482.0,64.0
-32.5,1625449482.0,64.0
-7.64,1625449482.0,64.0
17.45,1625449482.0,64.0
41.21,1625449482.0,64.0
63.22,1625449482.0,64.0
83.82,1625449482.0,64.0
103.65,1625449482.0,64.0
123.3,1625449482.0,64.0
143.18,1625449482.0,64.0
163.49,1625449482.0,64.0
184.21,1625449482.0,64.0
205.27,1625449482.0,64.0
226.55,1625449482.0,64.0
248.19,1625449482.0,64.0
271.03,1625449482.0,64.0
296.76,1625449482.0,64.0
327.55,1625449482.0,64.0
364.91,1625449482.0,64.0
408.11,1625449482.0,64.0
453.26,1625449482.0,64.0
493.59,1625449482.0,64.0
521.31,1625449482.0,64.0
530.12,1625449482.0,64.0
517.58,1625449482.0,64.0
485.96,1625449482.0,64.0
441.39,1625449482.0,64.0
391.58,1625449482.0,64.0
343.1,1625449482.0,64.0
299.45,1625449482.0,64.0
260.54,1625449482.0,64.0
223.77,1625449482.0,64.0
186.05,1625449482.0,64.0
145.6,1625449482.0,64.0
102.71,1625449482.0,64.0
59.26,1625449482.0,64.0
17.76,1625449482.0,64.0
-19.77,1625449482.0,64.0
-51.89,1625449482.0,64.0
-77.69,1625449482.0,64.0
-96.56,1625449482.0,64.0
-108.48,1625449482.0,64.0
-114.83,1625449482.0,64.0
-119.26,1625449482.0,64.0
-127.23,1625449482.0,64.0
-143.95,1625449482.0,64.0
-171.5,1625449482.0,64.0
-206.88,1625449482.0,64.0
-242.66,1625449482.0,64.0
-270.34,1625449482.0,64.0
-284.72,1625449482.0,64.0
-286.34,1625449482.0,64.0
-280.6,1625449482.0,64.0
-273.97,1625449482.0,64.0
-269.61,1625449482.0,64.0
-265.63,1625449482.0,64.0
-256.79,1625449482.0,64.0
-238.81,1625449482.0,64.0
-212.18,1625449482.0,64.0
-182.89,1625449482.0,64.0
-159.14,1625449482.0,64.0
-146.34,1625449482.0,64.0
-143.53,1625449482.0,64.0
-143.8,1625449482.0,64.0
-138.48,1625449482.0,64.0
-122.17,1625449482.0,64.0
-95.6,1625449482.0,64.0
-64.51,1625449482.0,64.0
-35.75,1625449482.0,64.0
-13.39,1625449482.0,64.0
2.8,1625449482.0,64.0
16.12,1625449482.0,64.0
30.04,1625449482.0,64.0
45.86,1625449482.0,64.0
62.57,1625449482.0,64.0
78.3,1625449482.0,64.0
92.12,1625449482.0,64.0
104.67,1625449482.0,64.0
117.25,1625449482.0,64.0
130.3,1625449482.0,64.0
142.86,1625449482.0,64.0
153.2,1625449482.0,64.0
160.15,1625449482.0,64.0
164.34,1625449482.0,64.0
167.92,1625449482.0,64.0
173.24,1625449482.0,64.0
181.16,1625449482.0,64.0
190.5,1625449482.0,64.0
198.69,1625449482.0,64.0
203.22,1625449482.0,64.0
202.99,1625449482.0,64.0
198.47,1625449482.0,64.0
191.02,1625449482.0,64.0
181.93,1625449482.0,64.0
171.69,1625449482.0,64.0
160.36,1625449482.0,64.0
148.26,1625449482.0,64.0
136.51,1625449482.0,64.0
126.65,1625449482.0,64.0
119.67,1625449482.0,64.0
114.75,1625449482.0,64.0
108.68,1625449482.0,64.0
96.93,1625449482.0,64.0
75.87,1625449482.0,64.0
45.11,1625449482.0,64.0
8.47,1625449482.0,64.0
-27.44,1625449482.0,64.0
-56.37,1625449482.0,64.0
-75.87,1625449482.0,64.0
-88.53,1625449482.0,64.0
-100.32,1625449482.0,64.0
-116.69,1625449482.0,64.0
-138.8,1625449482.0,64.0
-162.43,1625449482.0,64.0
-180.5,1625449482.0,64.0
-187.69,1625449482.0,64.0
-184.21,1625449482.0,64.0
-176.15,1625449482.0,64.0
-171.96,1625449482.0,64.0
-177.4,1625449482.0,64.0
-192.0,1625449482.0,64.0
-209.55,1625449482.0,64.0
-221.91,1625449482.0,64.0
-223.88,1625449482.0,64.0
-215.71,1625449482.0,64.0
-202.16,1625449482.0,64.0
-189.02,1625449482.0,64.0
-179.19,1625449482.0,64.0
-171.44,1625449482.0,64.0
-161.88,1625449482.0,64.0
-147.41,1625449482.0,64.0
-128.37,1625449482.0,64.0
-108.87,1625449482.0,64.0
-94.79,1625449482.0,64.0
-90.34,1625449482.0,64.0
-95.74,1625449482.0,64.0
-106.96,1625449482.0,64.0
-117.6,1625449482.0,64.0
-121.92,1625449482.0,64.0
-117.22,1625449482.0,64.0
-104.75,1625449482.0,64.0
-88.66,1625449482.0,64.0
-74.13,1625449482.0,64.0
-65.17,1625449482.0,64.0
-63.4,1625449482.0,64.0
-67.81,1625449482.0,64.0
-75.53,1625449482.0,64.0
-83.12,1625449482.0,64.0
-87.94,1625449482.0,64.0
-89.03,1625449482.0,64.0
-87.27,1625449482.0,64.0
-84.92,1625449482.0,64.0
-84.41,1625449482.0,64.0
-87.3,1625449482.0,64.0
-93.7,1625449482.0,64.0
-102.31,1625449482.0,64.0
-110.82,1625449482.0,64.0
-116.72,1625449482.0,64.0
-117.79,1625449482.0,64.0
-112.4,1625449482.0,64.0
-99.73,1625449482.0,64.0
-79.82,1625449482.0,64.0
-53.82,1625449482.0,64.0
-24.04,1625449482.0,64.0
6.25,1625449482.0,64.0
33.56,1625449482.0,64.0
55.28,1625449482.0,64.0
70.77,1625449482.0,64.0
81.59,1625449482.0,64.0
91.03,1625449482.0,64.0
102.7,1625449482.0,64.0
118.8,1625449482.0,64.0
139.08,1625449482.0,64.0
160.69,1625449482.0,64.0
179.09,1625449482.0,64.0
189.54,1625449482.0,64.0
188.48,1625449482.0,64.0
174.33,1625449482.0,64.0
147.48,1625449482.0,64.0
109.92,1625449482.0,64.0
64.78,1625449482.0,64.0
16.12,1625449482.0,64.0
-31.37,1625449482.0,64.0
-72.98,1625449482.0,64.0
-104.64,1625449482.0,64.0
-123.84,1625449482.0,64.0
-129.81,1625449482.0,64.0
-123.21,1625449482.0,64.0
-105.53,1625449482.0,64.0
-78.59,1625449482.0,64.0
-44.5,1625449482.0,64.0
-5.97,1625449482.0,64.0
33.72,1625449482.0,64.0
71.23,1625449482.0,64.0
104.06,1625449482.0,64.0
131.5,1625449482.0,64.0
154.62,1625449482.0,64.0
175.59,1625449482.0,64.0
196.34,1625449482.0,64.0
217.44,1625449482.0,64.0
237.81,1625449482.0,64.0
255.22,1625449482.0,64.0
267.33,1625449482.0,64.0
272.41,1625449482.0,64.0
269.82,1625449482.0,64.0
259.85,1625449482.0,64.0
243.41,1625449482.0,64.0
221.87,1625449482.0,64.0
196.89,1625449482.0,64.0
170.16,1625449482.0,64.0
143.25,1625449482.0,64.0
117.21,1625449482.0,64.0
92.54,1625449482.0,64.0
69.35,1625449482.0,64.0
47.62,1625449482.0,64.0
27.47,1625449482.0,64.0
9.36,1625449482.0,64.0
-6.13,1625449482.0,64.0
-18.5,1625449482.0,64.0
-27.47,1625449482.0,64.0
-33.16,1625449482.0,64.0
-36.02,1625449482.0,64.0
-36.82,1625449482.0,64.0
-36.59,1625449482.0,64.0
-36.55,1625449482.0,64.0
-37.77,1625449482.0,64.0
-40.94,1625449482.0,64.0
-45.96,1625449482.0,64.0
-51.99,1625449482.0,64.0
-57.68,1625449482.0,64.0
-61.66,1625449482.0,64.0
-63.04,1625449482.0,64.0
-61.59,1625449482.0,64.0
-57.65,1625449482.0,64.0
-51.89,1625449482.0,64.0
-45.11,1625449482.0,64.0
-38.1,1625449482.0,64.0
-31.56,1625449482.0,64.0
-26.15,1625449482.0,64.0
-22.29,1625449482.0,64.0
-20.06,1625449482.0,64.0
-19.13,1625449482.0,64.0
-18.79,1625449482.0,64.0
-18.24,1625449482.0,64.0
-16.85,1625449482.0,64.0
-14.5,1625449482.0,64.0
-11.52,1625449482.0,64.0
-8.53,1625449482.0,64.0
-6.12,1625449482.0,64.0
-4.51,1625449482.0,64.0
-3.48,1625449482.0,64.0
-2.55,1625449482.0,64.0
-1.25,1625449482.0,64.0
0.6,1625449482.0,64.0
2.74,1625449482.0,64.0
4.66,1625449482.0,64.0
5.82,1625449482.0,64.0
5.96,1625449482.0,64.0
5.21,1625449482.0,64.0
3.95,1625449482.0,64.0
2.7,1625449482.0,64.0
1.74,1625449482.0,64.0
1.06,1625449482.0,64.0
0.35,1625449482.0,64.0
-0.79,1625449482.0,64.0
-2.64,1625449482.0,64.0
-5.15,1625449482.0,64.0
-7.98,1625449482.0,64.0
-10.63,1625449482.0,64.0
-12.68,1625449482.0,64.0
-14.03,1625449482.0,64.0
-14.88,1625449482.0,64.0
-15.72,1625449482.0,64.0
-17.11,1625449482.0,64.0
-19.35,1625449482.0,64.0
-22.37,1625449482.0,64.0
-25.65,1625449482.0,64.0
-28.31,1625449482.0,64.0
-29.32,1625449482.0,64.0
-27.88,1625449482.0,64.0
-23.74,1625449482.0,64.0
-17.34,1625449482.0,64.0
-9.72,1625449482.0,64.0
-2.18,1625449482.0,64.0
4.3,1625449482.0,64.0
9.42,1625449482.0,64.0
13.6,1625449482.0,64.0
17.81,1625449482.0,64.0
22.93,1625449482.0,64.0
29.32,1625449482.0,64.0
36.6,1625449482.0,64.0
43.77,1625449482.0,64.0
49.58,1625449482.0,64.0
53.15,1625449482.0,64.0
54.35,1625449482.0,64.0
54.05,1625449482.0,64.0
53.96,1625449482.0,64.0
56.34,1625449482.0,64.0
63.44,1625449482.0,64.0
76.6,1625449482.0,64.0
95.49,1625449482.0,64.0
117.48,1625449482.0,64.0
137.76,1625449482.0,64.0
150.26,1625449482.0,64.0
149.4,1625449482.0,64.0
132.13,1625449482.0,64.0
99.18,1625449482.0,64.0
55.12,1625449482.0,64.0
7.1,1625449482.0,64.0
-37.42,1625449482.0,64.0
-72.76,1625449482.0,64.0
-96.07,1625449482.0,64.0
-107.26,1625449482.0,64.0
-108.08,1625449482.0,64.0
-101.09,1625449482.0,64.0
-89.3,1625449482.0,64.0
-75.87,1625449482.0,64.0
-64.11,1625449482.0,64.0
-56.84,1625449482.0,64.0
-55.35,1625449482.0,64.0
-58.44,1625449482.0,64.0
-62.68,1625449482.0,64.0
-63.85,1625449482.0,64.0
-58.65,1625449482.0,64.0
-46.3,1625449482.0,64.0
-28.92,1625449482.0,64.0
-10.62,1625449482.0,64.0
3.94,1625449482.0,64.0
10.92,1625449482.0,64.0
8.02,1625449482.0,64.0
-5.17,1625449482.0,64.0
-26.94,1625449482.0,64.0
-53.29,1625449482.0,64.0
-78.37,1625449482.0,64.0
-95.6,1625449482.0,64.0
-99.61,1625449482.0,64.0
-88.45,1625449482.0,64.0
-64.45,1625449482.0,64.0
-33.63,1625449482.0,64.0
-3.39,1625449482.0,64.0
20.13,1625449482.0,64.0
34.07,1625449482.0,64.0
39.0,1625449482.0,64.0
37.82,1625449482.0,64.0
33.96,1625449482.0,64.0
30.09,1625449482.0,64.0
27.45,1625449482.0,64.0
26.13,1625449482.0,64.0
25.78,1625449482.0,64.0
26.21,1625449482.0,64.0
27.42,1625449482.0,64.0
29.28,1625449482.0,64.0
31.38,1625449482.0,64.0
33.05,1625449482.0,64.0
33.52,1625449482.0,64.0
32.56,1625449482.0,64.0
30.72,1625449482.0,64.0
29.19,1625449482.0,64.0
29.12,1625449482.0,64.0
30.95,1625449482.0,64.0
34.01,1625449482.0,64.0
36.68,1625449482.0,64.0
37.13,1625449482.0,64.0
34.25,1625449482.0,64.0
28.19,1625449482.0,64.0
20.38,1625449482.0,64.0
12.9,1625449482.0,64.0
7.67,1625449482.0,64.0
5.81,1625449482.0,64.0
7.4,1625449482.0,64.0
11.68,1625449482.0,64.0
17.4,1625449482.0,64.0
23.13,1625449482.0,64.0
27.5,1625449482.0,64.0
29.43,1625449482.0,64.0
28.45,1625449482.0,64.0
24.89,1625449482.0,64.0
19.83,1625449482.0,64.0
14.6,1625449482.0,64.0
10.06,1625449482.0,64.0
5.94,1625449482.0,64.0
0.81,1625449482.0,64.0
-7.04,1625449482.0,64.0
-18.56,1625449482.0,64.0
-33.0,1625449482.0,64.0
-47.98,1625449482.0,64.0
-60.5,1625449482.0,64.0
-68.32,1625449482.0,64.0
-70.97,1625449482.0,64.0
-69.74,1625449482.0,64.0
-66.66,1625449482.0,64.0
-63.28,1625449482.0,64.0
-59.99,1625449482.0,64.0
-56.19,1625449482.0,64.0
-51.12,1625449482.0,64.0
-44.73,1625449482.0,64.0
-37.95,1625449482.0,64.0
-32.15,1625449482.0,64.0
-28.41,1625449482.0,64.0
-26.87,1625449482.0,64.0
-26.82,1625449482.0,64.0
-27.2,1625449482.0,64.0
-27.22,1625449482.0,64.0
-26.82,1625449482.0,64.0
-26.46,1625449482.0,64.0
-26.69,1625449482.0,64.0
-27.69,1625449482.0,64.0
-29.13,1625449482.0,64.0
-30.61,1625449482.0,64.0
-32.15,1625449482.0,64.0
-34.48,1625449482.0,64.0
-38.66,1625449482.0,64.0
-45.27,1625449482.0,64.0
-53.83,1625449482.0,64.0
-62.61,1625449482.0,64.0
-69.36,1625449482.0,64.0
-72.33,1625449482.0,64.0
-71.25,1625449482.0,64.0
-67.56,1625449482.0,64.0
-63.72,1625449482.0,64.0
-62.19,1625449482.0,64.0
-64.3,1625449482.0,64.0
-69.77,1625449482.0,64.0
-76.93,1625449482.0,64.0
-83.46,1625449482.0,64.0
-87.25,1625449482.0,64.0
-87.12,1625449482.0,64.0
-83.18,1625449482.0,64.0
-76.78,1625449482.0,64.0
-69.97,1625449482.0,64.0
-64.69,1625449482.0,64.0
-62.02,1625449482.0,64.0
-61.71,1625449482.0,64.0
-62.33,1625449482.0,64.0
-61.78,1625449482.0,64.0
-58.04,1625449482.0,64.0
-49.9,1625449482.0,64.0
-37.15,1625449482.0,64.0
-20.64,1625449482.0,64.0
-2.07,1625449482.0,64.0
16.61,1625449482.0,64.0
33.56,1625449482.0,64.0
47.51,1625449482.0,64.0
57.93,1625449482.0,64.0
65.06,1625449482.0,64.0
69.61,1625449482.0,64.0
72.4,1625449482.0,64.0
73.99,1625449482.0,64.0
74.62,1625449482.0,64.0
74.32,1625449482.0,64.0
73.28,1625449482.0,64.0
71.87,1625449482.0,64.0
70.5,1625449482.0,64.0
69.3,1625449482.0,64.0
67.98,1625449482.0,64.0
65.97,1625449482.0,64.0
62.78,1625449482.0,64.0
58.3,1625449482.0,64.0
52.88,1625449482.0,64.0
47.12,1625449482.0,64.0
41.5,1625449482.0,64.0
36.24,1625449482.0,64.0
31.22,1625449482.0,64.0
26.23,1625449482.0,64.0
21.17,1625449482.0,64.0
16.1,1625449482.0,64.0
11.13,1625449482.0,64.0
6.3,1625449482.0,64.0
1.56,1625449482.0,64.0
-3.1,1625449482.0,64.0
-7.4,1625449482.0,64.0
-10.86,1625449482.0,64.0
-12.99,1625449482.0,64.0
-13.79,1625449482.0,64.0
-13.89,1625449482.0,64.0
-14.41,1625449482.0,64.0
-16.42,1625449482.0,64.0
-20.37,1625449482.0,64.0
-25.79,1625449482.0,64.0
-31.37,1625449482.0,64.0
-35.53,1625449482.0,64.0
-37.0,1625449482.0,64.0
-35.24,1625449482.0,64.0
-30.46,1625449482.0,64.0
-23.45,1625449482.0,64.0
-15.31,1625449482.0,64.0
-7.12,1625449482.0,64.0
0.13,1625449482.0,64.0
5.78,1625449482.0,64.0
9.56,1625449482.0,64.0
11.71,1625449482.0,64.0
12.72,1625449482.0,64.0
13.02,1625449482.0,64.0
12.68,1625449482.0,64.0
11.28,1625449482.0,64.0
8.3,1625449482.0,64.0
3.66,1625449482.0,64.0
-1.95,1625449482.0,64.0
-7.18,1625449482.0,64.0
-10.7,1625449482.0,64.0
-11.82,1625449482.0,64.0
-10.92,1625449482.0,64.0
-9.06,1625449482.0,64.0
-7.25,1625449482.0,64.0
-5.8,1625449482.0,64.0
-4.17,1625449482.0,64.0
-1.53,1625449482.0,64.0
2.47,1625449482.0,64.0
7.28,1625449482.0,64.0
11.51,1625449482.0,64.0
13.68,1625449482.0,64.0
13.03,1625449482.0,64.0
10.09,1625449482.0,64.0
6.59,1625449482.0,64.0
4.64,1625449482.0,64.0
5.81,1625449482.0,64.0
10.38,1625449482.0,64.0
17.08,1625449482.0,64.0
23.32,1625449482.0,64.0
26.04,1625449482.0,64.0
22.87,1625449482.0,64.0
13.09,1625449482.0,64.0
-1.78,1625449482.0,64.0
-18.16,1625449482.0,64.0
-31.56,1625449482.0,64.0
-38.16,1625449482.0,64.0
-36.22,1625449482.0,64.0
-26.71,1625449482.0,64.0
-12.59,1625449482.0,64.0
2.34,1625449482.0,64.0
14.77,1625449482.0,64.0
22.53,1625449482.0,64.0
24.44,1625449482.0,64.0
20.04,1625449482.0,64.0
9.65,1625449482.0,64.0
-5.22,1625449482.0,64.0
-21.34,1625449482.0,64.0
-34.07,1625449482.0,64.0
-38.9,1625449482.0,64.0
-33.59,1625449482.0,64.0
-19.54,1625449482.0,64.0
-1.57,1625449482.0,64.0
14.12,1625449482.0,64.0
22.84,1625449482.0,64.0
23.38,1625449482.0,64.0
18.23,1625449482.0,64.0
11.77,1625449482.0,64.0
7.78,1625449482.0,64.0
7.78,1625449482.0,64.0
10.8,1625449482.0,64.0
14.63,1625449482.0,64.0
17.37,1625449482.0,64.0
18.38,1625449482.0,64.0
18.23,1625449482.0,64.0
17.81,1625449482.0,64.0
17.52,1625449482.0,64.0
17.14,1625449482.0,64.0
16.26,1625449482.0,64.0
15.02,1625449482.0,64.0
14.4,1625449482.0,64.0
15.91,1625449482.0,64.0
20.81,1625449482.0,64.0
29.11,1625449482.0,64.0
39.33,1625449482.0,64.0
48.77,1625449482.0,64.0
54.78,1625449482.0,64.0
55.78,1625449482.0,64.0
51.95,1625449482.0,64.0
45.11,1625449482.0,64.0
37.83,1625449482.0,64.0
32.36,1625449482.0,64.0
29.87,1625449482.0,64.0
30.26,1625449482.0,64.0
32.41,1625449482.0,64.0
34.75,1625449482.0,64.0
35.62,1625449482.0,64.0
33.68,1625449482.0,64.0
28.15,1625449482.0,64.0
19.22,1625449482.0,64.0
8.18,1625449482.0,64.0
-2.67,1625449482.0,64.0
-10.78,1625449482.0,64.0
-14.43,1625449482.0,64.0
-13.47,1625449482.0,64.0
-9.4,1625449482.0,64.0
-4.63,1625449482.0,64.0
-1.21,1625449482.0,64.0
0.09,1625449482.0,64.0
-0.11,1625449482.0,64.0
-0.56,1625449482.0,64.0
-0.31,1625449482.0,64.0
0.65,1625449482.0,64.0
1.49,1625449482.0,64.0
1.31,1625449482.0,64.0
-0.14,1625449482.0,64.0
-2.4,1625449482.0,64.0
-4.53,1625449482.0,64.0
-5.75,1625449482.0,64.0
-5.96,1625449482.0,64.0
-5.69,1625449482.0,64.0
-5.74,1625449482.0,64.0
-6.66,1625449482.0,64.0
-8.65,1625449482.0,64.0
-11.51,1625449482.0,64.0
-14.99,1625449482.0,64.0
-18.69,1625449482.0,64.0
-22.14,1625449482.0,64.0
-24.74,1625449482.0,64.0
-25.62,1625449482.0,64.0
-24.03,1625449482.0,64.0
-19.8,1625449482.0,64.0
-13.74,1625449482.0,64.0
-7.56,1625449482.0,64.0
-3.42,1625449482.0,64.0
-3.19,1625449482.0,64.0
-7.69,1625449482.0,64.0
-16.4,1625449482.0,64.0
-27.66,1625449482.0,64.0
-39.05,1625449482.0,64.0
-47.86,1625449482.0,64.0
-51.59,1625449482.0,64.0
-48.44,1625449482.0,64.0
-37.85,1625449482.0,64.0
-20.87,1625449482.0,64.0
-0.46,1625449482.0,64.0
19.29,1625449482.0,64.0
34.56,1625449482.0,64.0
43.04,1625449482.0,64.0
44.86,1625449482.0,64.0
42.32,1625449482.0,64.0
38.69,1625449482.0,64.0
36.58,1625449482.0,64.0
37.0,1625449482.0,64.0
39.3,1625449482.0,64.0
41.98,1625449482.0,64.0
43.71,1625449482.0,64.0
43.71,1625449482.0,64.0
42.11,1625449482.0,64.0
39.43,1625449482.0,64.0
36.15,1625449482.0,64.0
32.54,1625449482.0,64.0
28.58,1625449482.0,64.0
23.97,1625449482.0,64.0
18.32,1625449482.0,64.0
11.56,1625449482.0,64.0
4.22,1625449482.0,64.0
-2.53,1625449482.0,64.0
-7.28,1625449482.0,64.0
-9.02,1625449482.0,64.0
-8.04,1625449482.0,64.0
-5.99,1625449482.0,64.0
-5.38,1625449482.0,64.0
-8.33,1625449482.0,64.0
-15.53,1625449482.0,64.0
-25.86,1625449482.0,64.0
-36.89,1625449482.0,64.0
-46.09,1625449482.0,64.0
-52.0,1625449482.0,64.0
-54.56,1625449482.0,64.0
-54.68,1625449482.0,64.0
-53.36,1625449482.0,64.0
-50.94,1625449482.0,64.0
-46.95,1625449482.0,64.0
-40.59,1625449482.0,64.0
-31.37,1625449482.0,64.0
-19.61,1625449482.0,64.0
-6.56,1625449482.0,64.0
6.02,1625449482.0,64.0
16.37,1625449482.0,64.0
23.33,1625449482.0,64.0
26.56,1625449482.0,64.0
26.58,1625449482.0,64.0
24.48,1625449482.0,64.0
21.57,1625449482.0,64.0
19.09,1625449482.0,64.0
17.89,1625449482.0,64.0
18.34,1625449482.0,64.0
20.36,1625449482.0,64.0
23.41,1625449482.0,64.0
26.69,1625449482.0,64.0
29.28,1625449482.0,64.0
30.37,1625449482.0,64.0
29.52,1625449482.0,64.0
26.77,1625449482.0,64.0
22.67,1625449482.0,64.0
18.11,1625449482.0,64.0
13.97,1625449482.0,64.0
10.84,1625449482.0,64.0
8.83,1625449482.0,64.0
7.66,1625449482.0,64.0
6.82,1625449482.0,64.0
5.81,1625449482.0,64.0
4.32,1625449482.0,64.0
2.35,1625449482.0,64.0
0.14,1625449482.0,64.0
-1.95,1625449482.0,64.0
-3.59,1625449482.0,64.0
-4.85,1625449482.0,64.0
-6.18,1625449482.0,64.0
-8.41,1625449482.0,64.0
-12.25,1625449482.0,64.0
-17.85,1625449482.0,64.0
-24.56,1625449482.0,64.0
-31.05,1625449482.0,64.0
-35.91,1625449482.0,64.0
-38.37,1625449482.0,64.0
-38.79,1625449482.0,64.0
-38.49,1625449482.0,64.0
-39.09,1625449482.0,64.0
-41.61,1625449482.0,64.0
-45.88,1625449482.0,64.0
-50.57,1625449482.0,64.0
-53.81,1625449482.0,64.0
-54.1,1625449482.0,64.0
-50.87,1625449482.0,64.0
-44.64,1625449482.0,64.0
-36.48,1625449482.0,64.0
-27.48,1625449482.0,64.0
-18.31,1625449482.0,64.0
-9.29,1625449482.0,64.0
-0.69,1625449482.0,64.0
6.82,1625449482.0,64.0
12.31,1625449482.0,64.0
14.95,1625449482.0,64.0
14.64,1625449482.0,64.0
12.31,1625449482.0,64.0
9.66,1625449482.0,64.0
8.35,1625449482.0,64.0
9.08,1625449482.0,64.0
11.19,1625449482.0,64.0
12.94,1625449482.0,64.0
12.47,1625449482.0,64.0
8.82,1625449482.0,64.0
2.48,1625449482.0,64.0
-4.86,1625449482.0,64.0
-11.19,1625449482.0,64.0
-15.1,1625449482.0,64.0
-16.39,1625449482.0,64.0
-15.9,1625449482.0,64.0
-14.93,1625449482.0,64.0
-14.53,1625449482.0,64.0
-15.17,1625449482.0,64.0
-16.81,1625449482.0,64.0
-19.19,1625449482.0,64.0
-22.16,1625449482.0,64.0
-25.76,1625449482.0,64.0
-30.09,1625449482.0,64.0
-35.23,1625449482.0,64.0
-41.02,1625449482.0,64.0
-47.19,1625449482.0,64.0
-53.3,1625449482.0,64.0
-58.88,1625449482.0,64.0
-63.5,1625449482.0,64.0
-66.78,1625449482.0,64.0
-68.52,1625449482.0,64.0
-68.72,1625449482.0,64.0
-67.42,1625449482.0,64.0
-64.47,1625449482.0,64.0
-59.4,1625449482.0,64.0
-51.55,1625449482.0,64.0
-40.47,1625449482.0,64.0
-26.52,1625449482.0,64.0
-11.16,1625449482.0,64.0
3.31,1625449482.0,64.0
14.61,1625449482.0,64.0
21.39,1625449482.0,64.0
24.04,1625449482.0,64.0
24.56,1625449482.0,64.0
25.9,1625449482.0,64.0
30.88,1625449482.0,64.0
41.22,1625449482.0,64.0
57.15,1625449482.0,64.0
77.34,1625449482.0,64.0
99.48,1625449482.0,64.0
121.0,1625449482.0,64.0
139.71,1625449482.0,64.0
154.39,1625449482.0,64.0
164.85,1625449482.0,64.0
171.68,1625449482.0,64.0
175.55,1625449482.0,64.0
176.6,1625449482.0,64.0
174.33,1625449482.0,64.0
168.07,1625449482.0,64.0
157.38,1625449482.0,64.0
142.3,1625449482.0,64.0
123.04,1625449482.0,64.0
99.51,1625449482.0,64.0
71.36,1625449482.0,64.0
38.56,1625449482.0,64.0
2.13,1625449482.0,64.0
-35.6,1625449482.0,64.0
-71.5,1625449482.0,64.0
-102.9,1625449482.0,64.0
-128.71,1625449482.0,64.0
-149.55,1625449482.0,64.0
-166.89,1625449482.0,64.0
-181.88,1625449482.0,64.0
-194.63,1625449482.0,64.0
-204.51,1625449482.0,64.0
-210.96,1625449482.0,64.0
-214.41,1625449482.0,64.0
-216.45,1625449482.0,64.0
-219.19,1625449482.0,64.0
-224.31,1625449482.0,64.0
-232.69,1625449482.0,64.0
-244.32,1625449482.0,64.0
-258.43,1625449482.0,64.0
-273.69,1625449482.0,64.0
-287.97,1625449482.0,64.0
-298.2,1625449482.0,64.0
-300.69,1625449482.0,64.0
-292.0,1625449482.0,64.0
-270.08,1625449482.0,64.0
-235.23,1625449482.0,64.0
-190.18,1625449482.0,64.0
-139.34,1625449482.0,64.0
-87.49,1625449482.0,64.0
-38.25,1625449482.0,64.0
6.75,1625449482.0,64.0
48.06,1625449482.0,64.0
87.56,1625449482.0,64.0
127.05,1625449482.0,64.0
166.96,1625449482.0,64.0
205.93,1625449482.0,64.0
241.19,1625449482.0,64.0
269.55,1625449482.0,64.0
288.66,1625449482.0,64.0
297.7,1625449482.0,64.0
297.43,1625449482.0,64.0
289.69,1625449482.0,64.0
276.73,1625449482.0,64.0
260.7,1625449482.0,64.0
243.48,1625449482.0,64.0
226.73,1625449482.0,64.0
211.83,1625449482.0,64.0
199.74,1625449482.0,64.0
190.65,1625449482.0,64.0
183.89,1625449482.0,64.0
178.27,1625449482.0,64.0
172.6,1625449482.0,64.0
166.23,1625449482.0,64.0
159.13,1625449482.0,64.0
151.43,1625449482.0,64.0
142.8,1625449482.0,64.0
132.28,1625449482.0,64.0
118.47,1625449482.0,64.0
100.46,1625449482.0,64.0
78.79,1625449482.0,64.0
55.71,1625449482.0,64.0
34.57,1625449482.0,64.0
18.43,1625449482.0,64.0
8.66,1625449482.0,64.0
4.27,1625449482.0,64.0
2.39,1625449482.0,64.0
-0.38,1625449482.0,64.0
-6.27,1625449482.0,64.0
-15.47,1625449482.0,64.0
-26.18,1625449482.0,64.0
-35.85,1625449482.0,64.0
-42.45,1625449482.0,64.0
-45.53,1625449482.0,64.0
-46.18,1625449482.0,64.0
-46.24,1625449482.0,64.0
-47.19,1625449482.0,64.0
-49.34,1625449482.0,64.0
-51.8,1625449482.0,64.0
-53.12,1625449482.0,64.0
-52.27,1625449482.0,64.0
-49.38,1625449482.0,64.0
-45.83,1625449482.0,64.0
-43.72,1625449482.0,64.0
-44.76,1625449482.0,64.0
-49.34,1625449482.0,64.0
-56.06,1625449482.0,64.0
-62.09,1625449482.0,64.0
-64.26,1625449482.0,64.0
-60.43,1625449482.0,64.0
-50.49,1625449482.0,64.0
-36.56,1625449482.0,64.0
-22.1,1625449482.0,64.0
-10.46,1625449482.0,64.0
-3.47,1625449482.0,64.0
-0.79,1625449482.0,64.0
-0.36,1625449482.0,64.0
0.39,1625449482.0,64.0
3.24,1625449482.0,64.0
8.42,1625449482.0,64.0
14.74,1625449482.0,64.0
20.37,1625449482.0,64.0
23.8,1625449482.0,64.0
24.52,1625449482.0,64.0
23.15,1625449482.0,64.0
20.98,1625449482.0,64.0
19.39,1625449482.0,64.0
19.33,1625449482.0,64.0
20.96,1625449482.0,64.0
23.74,1625449482.0,64.0
26.77,1625449482.0,64.0
29.19,1625449482.0,64.0
30.56,1625449482.0,64.0
30.99,1625449482.0,64.0
31.04,1625449482.0,64.0
31.39,1625449482.0,64.0
32.46,1625449482.0,64.0
34.13,1625449482.0,64.0
35.78,1625449482.0,64.0
36.49,1625449482.0,64.0
35.34,1625449482.0,64.0
31.65,1625449482.0,64.0
25.18,1625449482.0,64.0
16.23,1625449482.0,64.0
5.61,1625449482.0,64.0
-5.4,1625449482.0,64.0
-15.33,1625449482.0,64.0
-22.88,1625449482.0,64.0
-27.28,1625449482.0,64.0
-28.54,1625449482.0,64.0
-27.39,1625449482.0,64.0
-24.84,1625449482.0,64.0
-21.77,1625449482.0,64.0
-18.66,1625449482.0,64.0
-15.51,1625449482.0,64.0
-12.22,1625449482.0,64.0
-8.81,1625449482.0,64.0
-5.57,1625449482.0,64.0
-3.01,1625449482.0,64.0
-1.56,1625449482.0,64.0
-1.31,1625449482.0,64.0
-2.05,1625449482.0,64.0
-3.41,1625449482.0,64.0
-5.19,1625449482.0,64.0
-7.38,1625449482.0,64.0
-10.22,1625449482.0,64.0
-13.89,1625449482.0,64.0
-18.32,1625449482.0,64.0
-23.02,1625449482.0,64.0
-27.14,1625449482.0,64.0
-29.73,1625449482.0,64.0
-30.15,1625449482.0,64.0
-28.42,1625449482.0,64.0
-25.29,1625449482.0,64.0
-21.97,1625449482.0,64.0
-19.62,1625449482.0,64.0
-18.89,1625449482.0,64.0
-19.77,1625449482.0,64.0
-21.83,1625449482.0,64.0
-24.53,1625449482.0,64.0
-27.56,1625449482.0,64.0
-30.8,1625449482.0,64.0
-34.09,1625449482.0,64.0
-37.08,1625449482.0,64.0
-39.23,1625449482.0,64.0
-40.1,1625449482.0,64.0
-39.58,1625449482.0,64.0
-37.96,1625449482.0,64.0
-35.74,1625449482.0,64.0
-33.21,1625449482.0,64.0
-30.24,1625449482.0,64.0
-26.37,1625449482.0,64.0
-21.11,1625449482.0,64.0
-14.36,1625449482.0,64.0
-6.6,1625449482.0,64.0
1.33,1625449482.0,64.0
8.6,1625449482.0,64.0
14.76,1625449482.0,64.0
19.69,1625449482.0,64.0
23.56,1625449482.0,64.0
26.47,1625449482.0,64.0
28.21,1625449482.0,64.0
28.33,1625449482.0,64.0
26.33,1625449482.0,64.0
22.03,1625449482.0,64.0
15.74,1625449482.0,64.0
8.2,1625449482.0,64.0
0.35,1625449482.0,64.0
-6.96,1625449482.0,64.0
-13.12,1625449482.0,64.0
-17.88,1625449482.0,64.0
-21.18,1625449482.0,64.0
-23.23,1625449482.0,64.0
-24.37,1625449482.0,64.0
-25.09,1625449482.0,64.0
-25.8,1625449482.0,64.0
-26.64,1625449482.0,64.0
-27.39,1625449482.0,64.0
-27.56,1625449482.0,64.0
-26.7,1625449482.0,64.0
-24.66,1625449482.0,64.0
-21.72,1625449482.0,64.0
-18.48,1625449482.0,64.0
-15.43,1625449482.0,64.0
-12.72,1625449482.0,64.0
-10.05,1625449482.0,64.0
-6.96,1625449482.0,64.0
-3.19,1625449482.0,64.0
1.12,1625449482.0,64.0
5.45,1625449482.0,64.0
9.2,1625449482.0,64.0
12.0,1625449482.0,64.0
13.81,1625449482.0,64.0
14.91,1625449482.0,64.0
15.68,1625449482.0,64.0
16.42,1625449482.0,64.0
17.28,1625449482.0,64.0
18.32,1625449482.0,64.0
19.64,1625449482.0,64.0
21.28,1625449482.0,64.0
23.19,1625449482.0,64.0
25.12,1625449482.0,64.0
26.5,1625449482.0,64.0
26.78,1625449482.0,64.0
25.49,1625449482.0,64.0
22.62,1625449482.0,64.0
18.68,1625449482.0,64.0
14.52,1625449482.0,64.0
11.13,1625449482.0,64.0
9.27,1625449482.0,64.0
9.17,1625449482.0,64.0
10.46,1625449482.0,64.0
12.27,1625449482.0,64.0
13.52,1625449482.0,64.0
13.21,1625449482.0,64.0
10.82,1625449482.0,64.0
6.4,1625449482.0,64.0
0.63,1625449482.0,64.0
-5.41,1625449482.0,64.0
-10.53,1625449482.0,64.0
-13.85,1625449482.0,64.0
-14.99,1625449482.0,64.0
-14.14,1625449482.0,64.0
-11.87,1625449482.0,64.0
-8.88,1625449482.0,64.0
-5.79,1625449482.0,64.0
-2.93,1625449482.0,64.0
-0.36,1625449482.0,64.0
2.01,1625449482.0,64.0
4.24,1625449482.0,64.0
6.28,1625449482.0,64.0
8.05,1625449482.0,64.0
9.51,1625449482.0,64.0
10.82,1625449482.0,64.0
12.31,1625449482.0,64.0
14.25,1625449482.0,64.0
16.54,1625449482.0,64.0
18.55,1625449482.0,64.0
19.27,1625449482.0,64.0
17.74,1625449482.0,64.0
13.6,1625449482.0,64.0
7.4,1625449482.0,64.0
0.47,1625449482.0,64.0
-5.62,1625449482.0,64.0
-9.72,1625449482.0,64.0
-11.54,1625449482.0,64.0
-11.71,1625449482.0,64.0
-11.28,1625449482.0,64.0
-11.17,1625449482.0,64.0
-11.77,1625449482.0,64.0
-12.85,1625449482.0,64.0
-13.84,1625449482.0,64.0
-14.1,1625449482.0,64.0
-13.28,1625449482.0,64.0
-11.34,1625449482.0,64.0
-8.59,1625449482.0,64.0
-5.46,1625449482.0,64.0
-2.45,1625449482.0,64.0
0.07,1625449482.0,64.0
1.82,1625449482.0,64.0
2.68,1625449482.0,64.0
2.65,1625449482.0,64.0
1.78,1625449482.0,64.0
0.16,1625449482.0,64.0
-2.11,1625449482.0,64.0
-4.97,1625449482.0,64.0
-8.34,1625449482.0,64.0
-12.19,1625449482.0,64.0
-16.43,1625449482.0,64.0
-20.94,1625449482.0,64.0
-25.53,1625449482.0,64.0
-29.93,1625449482.0,64.0
-33.82,1625449482.0,64.0
-36.75,1625449482.0,64.0
-38.28,1625449482.0,64.0
-37.93,1625449482.0,64.0
-35.4,1625449482.0,64.0
-30.62,1625449482.0,64.0
-23.92,1625449482.0,64.0
-16.0,1625449482.0,64.0
-7.87,1625449482.0,64.0
-0.54,1625449482.0,64.0
5.29,1625449482.0,64.0
9.37,1625449482.0,64.0
11.93,1625449482.0,64.0
13.45,1625449482.0,64.0
14.42,1625449482.0,64.0
15.16,1625449482.0,64.0
15.74,1625449482.0,64.0
16.12,1625449482.0,64.0
16.32,1625449482.0,64.0
16.5,1625449482.0,64.0
16.9,1625449482.0,64.0
17.77,1625449482.0,64.0
19.17,1625449482.0,64.0
20.94,1625449482.0,64.0
22.71,1625449482.0,64.0
23.99,1625449482.0,64.0
24.36,1625449482.0,64.0
23.59,1625449482.0,64.0
21.71,1625449482.0,64.0
18.98,1625449482.0,64.0
15.84,1625449482.0,64.0
12.75,1625449482.0,64.0
10.04,1625449482.0,64.0
7.77,1625449482.0,64.0
5.79,1625449482.0,64.0
3.77,1625449482.0,64.0
1.48,1625449482.0,64.0
-1.18,1625449482.0,64.0
-4.16,1625449482.0,64.0
-7.36,1625449482.0,64.0
-10.74,1625449482.0,64.0
-14.28,1625449482.0,64.0
-17.89,1625449482.0,64.0
-21.27,1625449482.0,64.0
-23.89,1625449482.0,64.0
-25.15,1625449482.0,64.0
-24.68,1625449482.0,64.0
-22.57,1625449482.0,64.0
-19.42,1625449482.0,64.0
-16.14,1625449482.0,64.0
-13.6,1625449482.0,64.0
-12.2,1625449482.0,64.0
-11.86,1625449482.0,64.0
-12.09,1625449482.0,64.0
-12.27,1625449482.0,64.0
-11.92,1625449482.0,64.0
-10.8,1625449482.0,64.0
-8.86,1625449482.0,64.0
-6.16,1625449482.0,64.0
-2.83,1625449482.0,64.0
0.9,1625449482.0,64.0
4.55,1625449482.0,64.0
7.38,1625449482.0,64.0
8.65,1625449482.0,64.0
7.94,1625449482.0,64.0
5.4,1625449482.0,64.0
1.77,1625449482.0,64.0
-1.98,1625449482.0,64.0
-5.11,1625449482.0,64.0
-7.42,1625449482.0,64.0
-9.22,1625449482.0,64.0
-10.97,1625449482.0,64.0
-12.97,1625449482.0,64.0
-15.17,1625449482.0,64.0
-17.28,1625449482.0,64.0
-19.2,1625449482.0,64.0
-21.1,1625449482.0,64.0
-23.43,1625449482.0,64.0
-26.62,1625449482.0,64.0
-30.86,1625449482.0,64.0
-35.98,1625449482.0,64.0
-41.6,1625449482.0,64.0
-47.34,1625449482.0,64.0
-52.88,1625449482.0,64.0
-57.92,1625449482.0,64.0
-62.09,1625449482.0,64.0
-64.99,1625449482.0,64.0
-66.34,1625449482.0,64.0
-66.21,1625449482.0,64.0
-64.98,1625449482.0,64.0
-63.28,1625449482.0,64.0
-61.53,1625449482.0,64.0
-59.57,1625449482.0,64.0
-56.54,1625449482.0,64.0
-51.08,1625449482.0,64.0
-41.9,1625449482.0,64.0
-28.38,1625449482.0,64.0
-10.95,1625449482.0,64.0
8.99,1625449482.0,64.0
29.53,1625449482.0,64.0
48.89,1625449482.0,64.0
65.85,1625449482.0,64.0
80.01,1625449482.0,64.0
91.54,1625449482.0,64.0
100.97,1625449482.0,64.0
108.81,1625449482.0,64.0
115.58,1625449482.0,64.0
121.74,1625449482.0,64.0
127.77,1625449482.0,64.0
134.0,1625449482.0,64.0
140.37,1625449482.0,64.0
146.1,1625449482.0,64.0
149.78,1625449482.0,64.0
149.75,1625449482.0,64.0
144.75,1625449482.0,64.0
134.5,1625449482.0,64.0
120.04,1625449482.0,64.0
103.44,1625449482.0,64.0
87.13,1625449482.0,64.0
72.99,1625449482.0,64.0
61.77,1625449482.0,64.0
53.02,1625449482.0,64.0
45.54,1625449482.0,64.0
38.14,1625449482.0,64.0
30.3,1625449482.0,64.0
22.31,1625449482.0,64.0
14.86,1625449482.0,64.0
8.51,1625449482.0,64.0
3.26,1625449482.0,64.0
-1.44,1625449482.0,64.0
-6.37,1625449482.0,64.0
-11.97,1625449482.0,64.0
-18.16,1625449482.0,64.0
-24.34,1625449482.0,64.0
-29.77,1625449482.0,64.0
-33.92,1625449482.0,64.0
-36.75,1625449482.0,64.0
-38.62,1625449482.0,64.0
-40.11,1625449482.0,64.0
-41.84,1625449482.0,64.0
-44.26,1625449482.0,64.0
-47.57,1625449482.0,64.0
-51.65,1625449482.0,64.0
-56.05,1625449482.0,64.0
-60.05,1625449482.0,64.0
-62.82,1625449482.0,64.0
-63.78,1625449482.0,64.0
-62.73,1625449482.0,64.0
-59.94,1625449482.0,64.0
-55.85,1625449482.0,64.0
-50.85,1625449482.0,64.0
-45.03,1625449482.0,64.0
-38.38,1625449482.0,64.0
-30.99,1625449482.0,64.0
-23.36,1625449482.0,64.0
-16.26,1625449482.0,64.0
-10.44,1625449482.0,64.0
-6.18,1625449482.0,64.0
-3.17,1625449482.0,64.0
-0.7,1625449482.0,64.0
1.71,1625449482.0,64.0
3.94,1625449482.0,64.0
5.2,1625449482.0,64.0
4.63,1625449482.0,64.0
1.9,1625449482.0,64.0
-2.4,1625449482.0,64.0
-6.96,1625449482.0,64.0
-10.45,1625449482.0,64.0
-12.17,1625449482.0,64.0
-12.42,1625449482.0,64.0
-12.17,1625449482.0,64.0
-12.34,1625449482.0,64.0
-13.26,1625449482.0,64.0
-14.48,1625449482.0,64.0
-15.2,1625449482.0,64.0
-14.89,1625449482.0,64.0
-13.79,1625449482.0,64.0
-12.79,1625449482.0,64.0
-12.89,1625449482.0,64.0
-14.43,1625449482.0,64.0
-16.85,1625449482.0,64.0
-18.82,1625449482.0,64.0
-18.92,1625449482.0,64.0
-16.48,1625449482.0,64.0
-11.91,1625449482.0,64.0
-6.55,1625449482.0,64.0
-2.07,1625449482.0,64.0
0.22,1625449482.0,64.0
-0.19,1625449482.0,64.0
-3.05,1625449482.0,64.0
-7.71,1625449482.0,64.0
-13.42,1625449482.0,64.0
-19.46,1625449482.0,64.0
-24.93,1625449482.0,64.0
-28.69,1625449482.0,64.0
-29.42,1625449482.0,64.0
-26.07,1625449482.0,64.0
-18.54,1625449482.0,64.0
-8.03,1625449482.0,64.0
3.16,1625449482.0,64.0
12.42,1625449482.0,64.0
17.91,1625449482.0,64.0
19.31,1625449482.0,64.0
17.74,1625449482.0,64.0
15.1,1625449482.0,64.0
13.03,1625449482.0,64.0
12.22,1625449482.0,64.0
12.41,1625449482.0,64.0
12.85,1625449482.0,64.0
13.04,1625449482.0,64.0
13.06,1625449482.0,64.0
13.49,1625449482.0,64.0
14.78,1625449482.0,64.0
16.94,1625449482.0,64.0
19.35,1625449482.0,64.0
21.17,1625449482.0,64.0
21.83,1625449482.0,64.0
21.33,1625449482.0,64.0
20.18,1625449482.0,64.0
18.97,1625449482.0,64.0
17.96,1625449482.0,64.0
16.9,1625449482.0,64.0
15.17,1625449482.0,64.0
12.25,1625449482.0,64.0
8.0,1625449482.0,64.0
2.82,1625449482.0,64.0
-2.53,1625449482.0,64.0
-7.33,1625449482.0,64.0
-11.16,1625449482.0,64.0
-14.09,1625449482.0,64.0
-16.52,1625449482.0,64.0
-18.96,1625449482.0,64.0
-21.74,1625449482.0,64.0
-24.82,1625449482.0,64.0
-27.77,1625449482.0,64.0
-29.94,1625449482.0,64.0
-30.76,1625449482.0,64.0
-29.94,1625449482.0,64.0
-27.58,1625449482.0,64.0
-24.17,1625449482.0,64.0
-20.34,1625449482.0,64.0
-16.66,1625449482.0,64.0
-13.48,1625449482.0,64.0
-10.89,1625449482.0,64.0
-8.75,1625449482.0,64.0
-6.83,1625449482.0,64.0
-4.86,1625449482.0,64.0
-2.63,1625449482.0,64.0
-0.07,1625449482.0,64.0
2.73,1625449482.0,64.0
5.46,1625449482.0,64.0
7.73,1625449482.0,64.0
9.23,1625449482.0,64.0
9.77,1625449482.0,64.0
9.43,1625449482.0,64.0
8.48,1625449482.0,64.0
7.24,1625449482.0,64.0
6.0,1625449482.0,64.0
4.93,1625449482.0,64.0
4.07,1625449482.0,64.0
3.38,1625449482.0,64.0
2.77,1625449482.0,64.0
2.21,1625449482.0,64.0
1.68,1625449482.0,64.0
1.21,1625449482.0,64.0
0.78,1625449482.0,64.0
0.34,1625449482.0,64.0
-0.3,1625449482.0,64.0
-1.27,1625449482.0,64.0
-2.67,1625449482.0,64.0
-4.41,1625449482.0,64.0
-6.27,1625449482.0,64.0
-7.96,1625449482.0,64.0
-9.31,1625449482.0,64.0
-10.31,1625449482.0,64.0
-11.16,1625449482.0,64.0
-12.12,1625449482.0,64.0
-13.44,1625449482.0,64.0
-15.17,1625449482.0,64.0
-17.12,1625449482.0,64.0
-18.92,1625449482.0,64.0
-20.17,1625449482.0,64.0
-20.61,1625449482.0,64.0
-20.16,1625449482.0,64.0
-18.97,1625449482.0,64.0
-17.26,1625449482.0,64.0
-15.18,1625449482.0,64.0
-12.79,1625449482.0,64.0
-10.02,1625449482.0,64.0
-6.79,1625449482.0,64.0
-3.17,1625449482.0,64.0
0.61,1625449482.0,64.0
4.19,1625449482.0,64.0
7.21,1625449482.0,64.0
9.41,1625449482.0,64.0
10.73,1625449482.0,64.0
11.3,1625449482.0,64.0
11.38,1625449482.0,64.0
11.34,1625449482.0,64.0
11.58,1625449482.0,64.0
12.43,1625449482.0,64.0
14.11,1625449482.0,64.0
16.54,1625449482.0,64.0
19.38,1625449482.0,64.0
22.03,1625449482.0,64.0
23.85,1625449482.0,64.0
24.32,1625449482.0,64.0
23.21,1625449482.0,64.0
20.61,1625449482.0,64.0
16.83,1625449482.0,64.0
12.27,1625449482.0,64.0
7.33,1625449482.0,64.0
2.42,1625449482.0,64.0
-1.96,1625449482.0,64.0
-5.23,1625449482.0,64.0
-6.87,1625449482.0,64.0
-6.7,1625449482.0,64.0
-5.21,1625449482.0,64.0
-3.44,1625449482.0,64.0
-2.75,1625449482.0,64.0
-4.09,1625449482.0,64.0
-7.62,1625449482.0,64.0
-12.56,1625449482.0,64.0
-17.58,1625449482.0,64.0
-21.43,1625449482.0,64.0
-23.45,1625449482.0,64.0
-23.76,1625449482.0,64.0
-22.9,1625449482.0,64.0
-21.51,1625449482.0,64.0
-19.88,1625449482.0,64.0
-17.97,1625449482.0,64.0
-15.57,1625449482.0,64.0
-12.52,1625449482.0,64.0
-8.81,1625449482.0,64.0
-4.56,1625449482.0,64.0
0.11,1625449482.0,64.0
5.1,1625449482.0,64.0
10.27,1625449482.0,64.0
15.29,1625449482.0,64.0
19.7,1625449482.0,64.0
23.03,1625449482.0,64.0
25.09,1625449482.0,64.0
26.02,1625449482.0,64.0
26.33,1625449482.0,64.0
26.58,1625449482.0,64.0
27.17,1625449482.0,64.0
28.13,1625449482.0,64.0
29.2,1625449482.0,64.0
30.04,1625449482.0,64.0
30.4,1625449482.0,64.0
30.35,1625449482.0,64.0
30.06,1625449482.0,64.0
29.69,1625449482.0,64.0
29.13,1625449482.0,64.0
27.91,1625449482.0,64.0
25.42,1625449482.0,64.0
21.16,1625449482.0,64.0
15.01,1625449482.0,64.0
7.26,1625449482.0,64.0
-1.42,1625449482.0,64.0
-10.25,1625449482.0,64.0
-18.53,1625449482.0,64.0
-25.64,1625449482.0,64.0
-31.13,1625449482.0,64.0
-34.67,1625449482.0,64.0
-36.14,1625449482.0,64.0
-35.74,1625449482.0,64.0
-34.08,1625449482.0,64.0
-32.0,1625449482.0,64.0
-30.32,1625449482.0,64.0
-29.54,1625449482.0,64.0
-29.61,1625449482.0,64.0
-29.96,1625449482.0,64.0
-29.82,1625449482.0,64.0
-28.55,1625449482.0,64.0
-25.89,1625449482.0,64.0
-22.04,1625449482.0,64.0
-17.36,1625449482.0,64.0
-12.17,1625449482.0,64.0
-6.59,1625449482.0,64.0
-0.62,1625449482.0,64.0
5.67,1625449482.0,64.0
11.9,1625449482.0,64.0
17.35,1625449482.0,64.0
21.22,1625449482.0,64.0
22.97,1625449482.0,64.0
22.55,1625449482.0,64.0
20.49,1625449482.0,64.0
17.58,1625449482.0,64.0
14.47,1625449482.0,64.0
11.33,1625449482.0,64.0
7.88,1625449482.0,64.0
3.67,1625449482.0,64.0
-1.51,1625449482.0,64.0
-7.35,1625449482.0,64.0
-13.04,1625449482.0,64.0
-17.65,1625449482.0,64.0
-20.46,1625449482.0,64.0
-21.34,1625449482.0,64.0
-20.74,1625449482.0,64.0
-19.52,1625449482.0,64.0
-18.51,1625449482.0,64.0
-18.2,1625449482.0,64.0
-18.55,1625449482.0,64.0
-19.1,1625449482.0,64.0
-19.24,1625449482.0,64.0
-18.61,1625449482.0,64.0
-17.22,1625449482.0,64.0
-15.49,1625449482.0,64.0
-13.95,1625449482.0,64.0
-12.95,1625449482.0,64.0
-12.56,1625449482.0,64.0
-12.54,1625449482.0,64.0
-12.65,1625449482.0,64.0
-12.87,1625449482.0,64.0
-13.41,1625449482.0,64.0
-14.56,1625449482.0,64.0
-16.35,1625449482.0,64.0
-18.37,1625449482.0,64.0
-19.81,1625449482.0,64.0
-19.83,1625449482.0,64.0
-17.97,1625449482.0,64.0
-14.3,1625449482.0,64.0
-9.39,1625449482.0,64.0
-3.98,1625449482.0,64.0
1.37,1625449482.0,64.0
6.42,1625449482.0,64.0
11.2,1625449482.0,64.0
15.79,1625449482.0,64.0
20.1,1625449482.0,64.0
23.73,1625449482.0,64.0
26.21,1625449482.0,64.0
27.17,1625449482.0,64.0
26.67,1625449482.0,64.0
25.16,1625449482.0,64.0
23.38,1625449482.0,64.0
21.96,1625449482.0,64.0
21.01,1625449482.0,64.0
20.27,1625449482.0,64.0
19.23,1625449482.0,64.0
17.54,1625449482.0,64.0
15.45,1625449482.0,64.0
13.7,1625449482.0,64.0
13.18,1625449482.0,64.0
14.38,1625449482.0,64.0
17.08,1625449482.0,64.0
20.41,1625449482.0,64.0
23.24,1625449482.0,64.0
24.69,1625449482.0,64.0
24.34,1625449482.0,64.0
22.27,1625449482.0,64.0
18.78,1625449482.0,64.0
14.28,1625449482.0,64.0
9.24,1625449482.0,64.0
4.31,1625449482.0,64.0
0.26,1625449482.0,64.0
-2.23,1625449482.0,64.0
-2.93,1625449482.0,64.0
-2.37,1625449482.0,64.0
-1.75,1625449482.0,64.0
-2.49,1625449482.0,64.0
-5.49,1625449482.0,64.0
-10.75,1625449482.0,64.0
-17.23,1625449482.0,64.0
-23.33,1625449482.0,64.0
-27.52,1625449482.0,64.0
-28.93,1625449482.0,64.0
-27.55,1625449482.0,64.0
-24.1,1625449482.0,64.0
-19.66,1625449482.0,64.0
-15.17,1625449482.0,64.0
-11.15,1625449482.0,64.0
-7.76,1625449482.0,64.0
-4.75,1625449482.0,64.0
-1.8,1625449482.0,64.0
1.36,1625449482.0,64.0
4.89,1625449482.0,64.0
8.71,1625449482.0,64.0
12.53,1625449482.0,64.0
15.92,1625449482.0,64.0
18.48,1625449482.0,64.0
19.96,1625449482.0,64.0
20.4,1625449482.0,64.0
20.07,1625449482.0,64.0
19.29,1625449482.0,64.0
18.27,1625449482.0,64.0
17.04,1625449482.0,64.0
15.47,1625449482.0,64.0
13.58,1625449482.0,64.0
11.61,1625449482.0,64.0
9.94,1625449482.0,64.0
8.91,1625449482.0,64.0
8.48,1625449482.0,64.0
8.14,1625449482.0,64.0
7.16,1625449482.0,64.0
4.94,1625449482.0,64.0
1.33,1625449482.0,64.0
-3.26,1625449482.0,64.0
-8.09,1625449482.0,64.0
-12.48,1625449482.0,64.0
-16.06,1625449482.0,64.0
-18.89,1625449482.0,64.0
-21.29,1625449482.0,64.0
-23.61,1625449482.0,64.0
-26.06,1625449482.0,64.0
-28.57,1625449482.0,64.0
-30.78,1625449482.0,64.0
-32.14,1625449482.0,64.0
-31.99,1625449482.0,64.0
-29.78,1625449482.0,64.0
-25.42,1625449482.0,64.0
-19.36,1625449482.0,64.0
-12.66,1625449482.0,64.0
-6.56,1625449482.0,64.0
-1.96,1625449482.0,64.0
1.18,1625449482.0,64.0
3.93,1625449482.0,64.0
8.04,1625449482.0,64.0
15.1,1625449482.0,64.0
25.7,1625449482.0,64.0
39.03,1625449482.0,64.0
53.22,1625449482.0,64.0
66.04,1625449482.0,64.0
75.79,1625449482.0,64.0
81.72,1625449482.0,64.0
83.96,1625449482.0,64.0
83.03,1625449482.0,64.0
79.46,1625449482.0,64.0
73.57,1625449482.0,64.0
65.7,1625449482.0,64.0
56.4,1625449482.0,64.0
46.63,1625449482.0,64.0
37.58,1625449482.0,64.0
30.25,1625449482.0,64.0
25.04,1625449482.0,64.0
21.64,1625449482.0,64.0
19.07,1625449482.0,64.0
16.22,1625449482.0,64.0
12.18,1625449482.0,64.0
6.69,1625449482.0,64.0
0.16,1625449482.0,64.0
-6.54,1625449482.0,64.0
-12.5,1625449482.0,64.0
-17.19,1625449482.0,64.0
-20.64,1625449482.0,64.0
-23.27,1625449482.0,64.0
-25.63,1625449482.0,64.0
-28.02,1625449482.0,64.0
-30.42,1625449482.0,64.0
-32.6,1625449482.0,64.0
-34.3,1625449482.0,64.0
-35.46,1625449482.0,64.0
-36.22,1625449482.0,64.0
-36.74,1625449482.0,64.0
-37.04,1625449482.0,64.0
-36.98,1625449482.0,64.0
-36.27,1625449482.0,64.0
-34.7,1625449482.0,64.0
-32.23,1625449482.0,64.0
-29.03,1625449482.0,64.0
-25.39,1625449482.0,64.0
-21.6,1625449482.0,64.0
-17.78,1625449482.0,64.0
-13.94,1625449482.0,64.0
-10.0,1625449482.0,64.0
-5.96,1625449482.0,64.0
-1.97,1625449482.0,64.0
1.69,1625449482.0,64.0
4.73,1625449482.0,64.0
7.03,1625449482.0,64.0
8.69,1625449482.0,64.0
10.03,1625449482.0,64.0
11.36,1625449482.0,64.0
12.73,1625449482.0,64.0
13.91,1625449482.0,64.0
14.52,1625449482.0,64.0
14.19,1625449482.0,64.0
12.86,1625449482.0,64.0
10.74,1625449482.0,64.0
8.23,1625449482.0,64.0
5.74,1625449482.0,64.0
3.48,1625449482.0,64.0
1.54,1625449482.0,64.0
-0.13,1625449482.0,64.0
-1.54,1625449482.0,64.0
-2.71,1625449482.0,64.0
-3.63,1625449482.0,64.0
-4.41,1625449482.0,64.0
-5.19,1625449482.0,64.0
-6.13,1625449482.0,64.0
-7.27,1625449482.0,64.0
-8.54,1625449482.0,64.0
-9.68,1625449482.0,64.0
-10.5,1625449482.0,64.0
-10.97,1625449482.0,64.0
-11.36,1625449482.0,64.0
-12.19,1625449482.0,64.0
-14.01,1625449482.0,64.0
-17.11,1625449482.0,64.0
-21.25,1625449482.0,64.0
-25.63,1625449482.0,64.0
-29.23,1625449482.0,64.0
-31.22,1625449482.0,64.0
-31.37,1625449482.0,64.0
-30.19,1625449482.0,64.0
-28.51,1625449482.0,64.0
-27.02,1625449482.0,64.0
-25.79,1625449482.0,64.0
-24.35,1625449482.0,64.0
-21.97,1625449482.0,64.0
-18.26,1625449482.0,64.0
-13.45,1625449482.0,64.0
-8.33,1625449482.0,64.0
-3.83,1625449482.0,64.0
-0.62,1625449482.0,64.0
1.11,1625449482.0,64.0
1.61,1625449482.0,64.0
1.28,1625449482.0,64.0
0.59,1625449482.0,64.0
-0.09,1625449482.0,64.0
-0.43,1625449482.0,64.0
-0.17,1625449482.0,64.0
0.59,1625449482.0,64.0
1.33,1625449482.0,64.0
1.15,1625449482.0,64.0
-0.88,1625449482.0,64.0
-5.16,1625449482.0,64.0
-11.36,1625449482.0,64.0
-18.38,1625449482.0,64.0
-24.93,1625449482.0,64.0
-30.05,1625449482.0,64.0
-33.49,1625449482.0,64.0
-35.66,1625449482.0,64.0
-37.38,1625449482.0,64.0
-39.41,1625449482.0,64.0
-42.24,1625449482.0,64.0
-46.1,1625449482.0,64.0
-50.96,1625449482.0,64.0
-56.57,1625449482.0,64.0
-62.34,1625449482.0,64.0
-67.42,1625449482.0,64.0
-70.72,1625449482.0,64.0
-71.3,1625449482.0,64.0
-68.78,1625449482.0,64.0
-63.5,1625449482.0,64.0
-56.5,1625449482.0,64.0
-49.05,1625449482.0,64.0
-42.2,1625449482.0,64.0
-36.37,1625449482.0,64.0
-31.18,1625449482.0,64.0
-25.61,1625449482.0,64.0
-18.34,1625449482.0,64.0
-8.27,1625449482.0,64.0
5.08,1625449482.0,64.0
21.22,1625449482.0,64.0
38.9,1625449482.0,64.0
56.39,1625449482.0,64.0
72.06,1625449482.0,64.0
84.82,1625449482.0,64.0
94.33,1625449482.0,64.0
100.86,1625449482.0,64.0
104.94,1625449482.0,64.0
107.04,1625449482.0,64.0
107.46,1625449482.0,64.0
106.36,1625449482.0,64.0
103.98,1625449482.0,64.0
100.81,1625449482.0,64.0
97.43,1625449482.0,64.0
94.32,1625449482.0,64.0
91.56,1625449482.0,64.0
88.83,1625449482.0,64.0
85.6,1625449482.0,64.0
81.46,1625449482.0,64.0
76.51,1625449482.0,64.0
71.23,1625449482.0,64.0
66.37,1625449482.0,64.0
62.49,1625449482.0,64.0
59.64,1625449482.0,64.0
57.4,1625449482.0,64.0
55.15,1625449482.0,64.0
52.37,1625449482.0,64.0
48.8,1625449482.0,64.0
44.4,1625449482.0,64.0
39.14,1625449482.0,64.0
32.91,1625449482.0,64.0
25.76,1625449482.0,64.0
18.06,1625449482.0,64.0
10.67,1625449482.0,64.0
4.61,1625449482.0,64.0
0.58,1625449482.0,64.0
-1.46,1625449482.0,64.0
-2.36,1625449482.0,64.0
-3.35,1625449482.0,64.0
-5.42,1625449482.0,64.0
-8.75,1625449482.0,64.0
-12.71,1625449482.0,64.0
-16.18,1625449482.0,64.0
-18.16,1625449482.0,64.0
-18.08,1625449482.0,64.0
-15.93,1625449482.0,64.0
-11.97,1625449482.0,64.0
-6.56,1625449482.0,64.0
-0.2,1625449482.0,64.0
6.26,1625449482.0,64.0
11.53,1625449482.0,64.0
14.15,1625449482.0,64.0
13.02,1625449482.0,64.0
8.04,1625449482.0,64.0
0.33,1625449482.0,64.0
-8.05,1625449482.0,64.0
-14.93,1625449482.0,64.0
-18.86,1625449482.0,64.0
-19.57,1625449482.0,64.0
-17.96,1625449482.0,64.0
-15.48,1625449482.0,64.0
-13.44,1625449482.0,64.0
-12.57,1625449482.0,64.0
-12.93,1625449482.0,64.0
-14.17,1625449482.0,64.0
-15.82,1625449482.0,64.0
-17.5,1625449482.0,64.0
-18.9,1625449482.0,64.0
-19.76,1625449482.0,64.0
-19.85,1625449482.0,64.0
-19.09,1625449482.0,64.0
-17.61,1625449482.0,64.0
-15.88,1625449482.0,64.0
-14.51,1625449482.0,64.0
-14.11,1625449482.0,64.0
-14.95,1625449482.0,64.0
-16.85,1625449482.0,64.0
-19.2,1625449482.0,64.0
-21.24,1625449482.0,64.0
-22.37,1625449482.0,64.0
-22.42,1625449482.0,64.0
-21.66,1625449482.0,64.0
-20.7,1625449482.0,64.0
-20.2,1625449482.0,64.0
-20.58,1625449482.0,64.0
-21.96,1625449482.0,64.0
-24.15,1625449482.0,64.0
-26.77,1625449482.0,64.0
-29.32,1625449482.0,64.0
-31.35,1625449482.0,64.0
-32.48,1625449482.0,64.0
-32.48,1625449482.0,64.0
-31.35,1625449482.0,64.0
-29.36,1625449482.0,64.0
-26.98,1625449482.0,64.0
-24.81,1625449482.0,64.0
-23.39,1625449482.0,64.0
-22.97,1625449482.0,64.0
-23.42,1625449482.0,64.0
-24.26,1625449482.0,64.0
-24.78,1625449482.0,64.0
-24.37,1625449482.0,64.0
-22.73,1625449482.0,64.0
-20.06,1625449482.0,64.0
-17.02,1625449482.0,64.0
-14.46,1625449482.0,64.0
-13.16,1625449482.0,64.0
-13.5,1625449482.0,64.0
-15.39,1625449482.0,64.0
-18.37,1625449482.0,64.0
-21.81,1625449482.0,64.0
-25.18,1625449482.0,64.0
-28.22,1625449482.0,64.0
-30.96,1625449482.0,64.0
-33.66,1625449482.0,64.0
-36.75,1625449482.0,64.0
-40.71,1625449482.0,64.0
-45.82,1625449482.0,64.0
-51.88,1625449482.0,64.0
-57.99,1625449482.0,64.0
-62.51,1625449482.0,64.0
-63.45,1625449482.0,64.0
-59.04,1625449482.0,64.0
-48.47,1625449482.0,64.0
-32.14,1625449482.0,64.0
-11.46,1625449482.0,64.0
11.75,1625449482.0,64.0
35.96,1625449482.0,64.0
60.16,1625449482.0,64.0
83.72,1625449482.0,64.0
105.96,1625449482.0,64.0
125.86,1625449482.0,64.0
142.14,1625449482.0,64.0
153.65,1625449482.0,64.0
159.82,1625449482.0,64.0
160.74,1625449482.0,64.0
156.99,1625449482.0,64.0
149.27,1625449482.0,64.0
138.15,1625449482.0,64.0
124.1,1625449482.0,64.0
107.68,1625449482.0,64.0
89.77,1625449482.0,64.0
71.57,1625449482.0,64.0
54.5,1625449482.0,64.0
39.92,1625449482.0,64.0
28.8,1625449482.0,64.0
21.65,1625449482.0,64.0
18.31,1625449482.0,64.0
17.96,1625449482.0,64.0
19.07,1625449482.0,64.0
19.6,1625449482.0,64.0
17.38,1625449482.0,64.0
10.9,1625449482.0,64.0
0.1,1625449482.0,64.0
-13.31,1625449482.0,64.0
-26.21,1625449482.0,64.0
-35.13,1625449482.0,64.0
-37.64,1625449482.0,64.0
-33.23,1625449482.0,64.0
-23.5,1625449482.0,64.0
-11.47,1625449482.0,64.0
-0.43,1625449482.0,64.0
7.08,1625449482.0,64.0
9.84,1625449482.0,64.0
7.89,1625449482.0,64.0
2.15,1625449482.0,64.0
-5.95,1625449482.0,64.0
-14.73,1625449482.0,64.0
-22.4,1625449482.0,64.0
-27.45,1625449482.0,64.0
-28.93,1625449482.0,64.0
-26.87,1625449482.0,64.0
-22.19,1625449482.0,64.0
-16.35,1625449482.0,64.0
-10.89,1625449482.0,64.0
-6.88,1625449482.0,64.0
-4.88,1625449482.0,64.0
-4.93,1625449482.0,64.0
-6.84,1625449482.0,64.0
-10.44,1625449482.0,64.0
-15.72,1625449482.0,64.0
-22.78,1625449482.0,64.0
-31.74,1625449482.0,64.0
-42.46,1625449482.0,64.0
-54.41,1625449482.0,64.0
-66.51,1625449482.0,64.0
-77.25,1625449482.0,64.0
-85.04,1625449482.0,64.0
-88.7,1625449482.0,64.0
-88.05,1625449482.0,64.0
-84.05,1625449482.0,64.0
-78.63,1625449482.0,64.0
-73.92,1625449482.0,64.0
-71.46,1625449482.0,64.0
-71.61,1625449482.0,64.0
-73.51,1625449482.0,64.0
-75.62,1625449482.0,64.0
-76.55,1625449482.0,64.0
-75.68,1625449482.0,64.0
-73.26,1625449482.0,64.0
-69.96,1625449482.0,64.0
-66.19,1625449482.0,64.0
-61.73,1625449482.0,64.0
-55.82,1625449482.0,64.0
-47.85,1625449482.0,64.0
-38.2,1625449482.0,64.0
-28.65,1625449482.0,64.0
-21.87,1625449482.0,64.0
-20.19,1625449482.0,64.0
-24.28,1625449482.0,64.0
-32.28,1625449482.0,64.0
-40.25,1625449482.0,64.0
-43.72,1625449482.0,64.0
-39.55,1625449482.0,64.0
-27.2,1625449482.0,64.0
-8.62,1625449482.0,64.0
12.9,1625449482.0,64.0
34.39,1625449482.0,64.0
54.3,1625449482.0,64.0
72.66,1625449482.0,64.0
90.26,1625449482.0,64.0
107.65,1625449482.0,64.0
124.57,1625449482.0,64.0
140.08,1625449482.0,64.0
153.15,1625449482.0,64.0
163.18,1625449482.0,64.0
170.17,1625449482.0,64.0
174.43,1625449482.0,64.0
176.4,1625449482.0,64.0
176.58,1625449482.0,64.0
175.35,1625449482.0,64.0
173.24,1625449482.0,64.0
170.91,1625449482.0,64.0
168.64,1625449482.0,64.0
166.01,1625449482.0,64.0
161.99,1625449482.0,64.0
155.49,1625449482.0,64.0
146.37,1625449482.0,64.0
135.97,1625449482.0,64.0
127.11,1625449482.0,64.0
122.88,1625449482.0,64.0
125.06,1625449482.0,64.0
132.72,1625449482.0,64.0
142.23,1625449482.0,64.0
148.43,1625449482.0,64.0
146.8,1625449482.0,64.0
135.09,1625449482.0,64.0
113.83,1625449482.0,64.0
85.5,1625449482.0,64.0
53.13,1625449482.0,64.0
19.19,1625449482.0,64.0
-14.76,1625449482.0,64.0
-47.81,1625449482.0,64.0
-78.99,1625449482.0,64.0
-106.56,1625449482.0,64.0
-127.75,1625449482.0,64.0
-138.86,1625449482.0,64.0
-136.06,1625449482.0,64.0
-117.12,1625449482.0,64.0
-83.2,1625449482.0,64.0
-39.87,1625449482.0,64.0
3.68,1625449482.0,64.0
36.99,1625449482.0,64.0
51.77,1625449482.0,64.0
44.53,1625449482.0,64.0
17.22,1625449482.0,64.0
-24.08,1625449482.0,64.0
-71.55,1625449482.0,64.0
-117.85,1625449482.0,64.0
-157.56,1625449482.0,64.0
-187.96,1625449482.0,64.0
-209.31,1625449482.0,64.0
-224.77,1625449482.0,64.0
-239.21,1625449482.0,64.0
-257.0,1625449482.0,64.0
-279.47,1625449482.0,64.0
-303.54,1625449482.0,64.0
-322.47,1625449482.0,64.0
-328.79,1625449482.0,64.0
-317.88,1625449482.0,64.0
-290.14,1625449482.0,64.0
-250.29,1625449482.0,64.0
-204.63,1625449482.0,64.0
-158.08,1625449482.0,64.0
-113.19,1625449482.0,64.0
-71.39,1625449482.0,64.0
-35.29,1625449482.0,64.0
-9.99,1625449482.0,64.0
-1.8,1625449482.0,64.0
-15.18,1625449482.0,64.0
-50.06,1625449482.0,64.0
-100.81,1625449482.0,64.0
-158.24,1625449482.0,64.0
-213.04,1625449482.0,64.0
-258.76,1625449482.0,64.0
-292.73,1625449482.0,64.0
-314.87,1625449482.0,64.0
-325.59,1625449482.0,64.0
-324.21,1625449482.0,64.0
-309.23,1625449482.0,64.0
-279.69,1625449482.0,64.0
-236.61,1625449482.0,64.0
-183.24,1625449482.0,64.0
-124.15,1625449482.0,64.0
-63.9,1625449482.0,64.0
-6.21,1625449482.0,64.0
46.4,1625449482.0,64.0
92.59,1625449482.0,64.0
132.19,1625449482.0,64.0
166.37,1625449482.0,64.0
197.42,1625449482.0,64.0
227.88,1625449482.0,64.0
259.33,1625449482.0,64.0
291.35,1625449482.0,64.0
321.37,1625449482.0,64.0
345.7,1625449482.0,64.0
361.06,1625449482.0,64.0
365.8,1625449482.0,64.0
360.41,1625449482.0,64.0
346.93,1625449482.0,64.0
328.14,1625449482.0,64.0
306.65,1625449482.0,64.0
284.54,1625449482.0,64.0
263.22,1625449482.0,64.0
243.27,1625449482.0,64.0
224.31,1625449482.0,64.0
204.76,1625449482.0,64.0
182.11,1625449482.0,64.0
153.7,1625449482.0,64.0
117.96,1625449482.0,64.0
75.5,1625449482.0,64.0
29.5,1625449482.0,64.0
-15.08,1625449482.0,64.0
-53.16,1625449482.0,64.0
-81.4,1625449482.0,64.0
-99.27,1625449482.0,64.0
-108.67,1625449482.0,64.0
-112.46,1625449482.0,64.0
-112.73,1625449482.0,64.0
-109.97,1625449482.0,64.0
-103.3,1625449482.0,64.0
-91.76,1625449482.0,64.0
-75.45,1625449482.0,64.0
-55.86,1625449482.0,64.0
-35.16,1625449482.0,64.0
-15.09,1625449482.0,64.0
3.72,1625449482.0,64.0
21.46,1625449482.0,64.0
38.15,1625449482.0,64.0
52.66,1625449482.0,64.0
62.65,1625449482.0,64.0
65.29,1625449482.0,64.0
58.75,1625449482.0,64.0
43.18,1625449482.0,64.0
21.12,1625449482.0,64.0
-3.12,1625449482.0,64.0
-24.94,1625449482.0,64.0
-40.81,1625449482.0,64.0
-49.28,1625449482.0,64.0
-51.04,1625449482.0,64.0
-48.32,1625449482.0,64.0
-43.89,1625449482.0,64.0
-40.05,1625449482.0,64.0
-38.13,1625449482.0,64.0
-38.36,1625449482.0,64.0
-40.22,1625449482.0,64.0
-42.85,1625449482.0,64.0
-45.49,1625449482.0,64.0
-47.66,1625449482.0,64.0
-49.07,1625449482.0,64.0
-49.5,1625449482.0,64.0
-48.6,1625449482.0,64.0
-45.99,1625449482.0,64.0
-41.44,1625449482.0,64.0
-35.26,1625449482.0,64.0
-28.38,1625449482.0,64.0
-22.14,1625449482.0,64.0
-17.63,1625449482.0,64.0
-15.1,1625449482.0,64.0
-13.64,1625449482.0,64.0
-11.56,1625449482.0,64.0
-7.32,1625449482.0,64.0
-0.57,1625449482.0,64.0
7.51,1625449482.0,64.0
14.72,1625449482.0,64.0
19.04,1625449482.0,64.0
19.87,1625449482.0,64.0
18.46,1625449482.0,64.0
17.25,1625449482.0,64.0
18.49,1625449482.0,64.0
22.97,1625449482.0,64.0
29.65,1625449482.0,64.0
36.37,1625449482.0,64.0
41.23,1625449482.0,64.0
43.73,1625449482.0,64.0
44.87,1625449482.0,64.0
46.44,1625449482.0,64.0
49.85,1625449482.0,64.0
55.29,1625449482.0,64.0
61.88,1625449482.0,64.0
68.18,1625449482.0,64.0
73.22,1625449482.0,64.0
76.92,1625449482.0,64.0
80.03,1625449482.0,64.0
83.69,1625449482.0,64.0
89.03,1625449482.0,64.0
96.77,1625449482.0,64.0
107.23,1625449482.0,64.0
120.35,1625449482.0,64.0
135.83,1625449482.0,64.0
153.1,1625449482.0,64.0
171.36,1625449482.0,64.0
189.58,1625449482.0,64.0
206.61,1625449482.0,64.0
221.37,1625449482.0,64.0
233.19,1625449482.0,64.0
241.99,1625449482.0,64.0
248.51,1625449482.0,64.0
254.14,1625449482.0,64.0
260.47,1625449482.0,64.0
268.67,1625449482.0,64.0
278.94,1625449482.0,64.0
290.38,1625449482.0,64.0
301.2,1625449482.0,64.0
309.28,1625449482.0,64.0
312.69,1625449482.0,64.0
310.14,1625449482.0,64.0
301.17,1625449482.0,64.0
286.23,1625449482.0,64.0
266.51,1625449482.0,64.0
243.77,1625449482.0,64.0
219.93,1625449482.0,64.0
196.66,1625449482.0,64.0
175.01,1625449482.0,64.0
155.36,1625449482.0,64.0
137.48,1625449482.0,64.0
120.81,1625449482.0,64.0
104.78,1625449482.0,64.0
88.86,1625449482.0,64.0
72.6,1625449482.0,64.0
55.55,1625449482.0,64.0
37.34,1625449482.0,64.0
17.83,1625449482.0,64.0
-2.76,1625449482.0,64.0
-23.7,1625449482.0,64.0
-43.94,1625449482.0,64.0
-62.44,1625449482.0,64.0
-78.55,1625449482.0,64.0
-92.29,1625449482.0,64.0
-104.35,1625449482.0,64.0
-115.77,1625449482.0,64.0
-127.47,1625449482.0,64.0
-139.79,1625449482.0,64.0
-152.27,1625449482.0,64.0
-163.92,1625449482.0,64.0
-173.7,1625449482.0,64.0
-181.16,1625449482.0,64.0
-186.88,1625449482.0,64.0
-192.44,1625449482.0,64.0
-199.89,1625449482.0,64.0
-210.98,1625449482.0,64.0
-226.49,1625449482.0,64.0
-245.87,1625449482.0,64.0
-267.78,1625449482.0,64.0
-290.58,1625449482.0,64.0
-313.27,1625449482.0,64.0
-335.9,1625449482.0,64.0
-359.44,1625449482.0,64.0
-385.42,1625449482.0,64.0
-415.55,1625449482.0,64.0
-451.53,1625449482.0,64.0
-494.57,1625449482.0,64.0
-544.55,1625449482.0,64.0
-598.8,1625449482.0,64.0
-651.52,1625449482.0,64.0
-694.38,1625449482.0,64.0
-718.71,1625449482.0,64.0
-718.5,1625449482.0,64.0
-692.73,1625449482.0,64.0
-645.74,1625449482.0,64.0
-585.41,1625449482.0,64.0
-520.0,1625449482.0,64.0
-455.39,1625449482.0,64.0
-394.18,1625449482.0,64.0
-336.4,1625449482.0,64.0
-281.41,1625449482.0,64.0
-229.26,1625449482.0,64.0
-180.8,1625449482.0,64.0
-136.76,1625449482.0,64.0
-96.55,1625449482.0,64.0
-57.83,1625449482.0,64.0
-17.14,1625449482.0,64.0
28.55,1625449482.0,64.0
80.27,1625449482.0,64.0
135.9,1625449482.0,64.0
190.45,1625449482.0,64.0
237.78,1625449482.0,64.0
272.41,1625449482.0,64.0
291.36,1625449482.0,64.0
294.74,1625449482.0,64.0
285.08,1625449482.0,64.0
265.98,1625449482.0,64.0
240.74,1625449482.0,64.0
211.91,1625449482.0,64.0
181.51,1625449482.0,64.0
151.59,1625449482.0,64.0
124.37,1625449482.0,64.0
101.96,1625449482.0,64.0
85.63,1625449482.0,64.0
75.6,1625449482.0,64.0
71.05,1625449482.0,64.0
70.92,1625449482.0,64.0
74.43,1625449482.0,64.0
80.77,1625449482.0,64.0
88.78,1625449482.0,64.0
96.78,1625449482.0,64.0
103.19,1625449482.0,64.0
107.35,1625449482.0,64.0
110.33,1625449482.0,64.0
114.58,1625449482.0,64.0
122.67,1625449482.0,64.0
135.92,1625449482.0,64.0
153.35,1625449482.0,64.0
171.7,1625449482.0,64.0
186.64,1625449482.0,64.0
194.45,1625449482.0,64.0
192.87,1625449482.0,64.0
181.61,1625449482.0,64.0
162.43,1625449482.0,64.0
138.52,1625449482.0,64.0
113.69,1625449482.0,64.0
91.71,1625449482.0,64.0
75.34,1625449482.0,64.0
65.55,1625449482.0,64.0
61.27,1625449482.0,64.0
59.84,1625449482.0,64.0
58.27,1625449482.0,64.0
54.3,1625449482.0,64.0
47.15,1625449482.0,64.0
37.58,1625449482.0,64.0
27.48,1625449482.0,64.0
19.36,1625449482.0,64.0
15.42,1625449482.0,64.0
16.85,1625449482.0,64.0
23.56,1625449482.0,64.0
33.81,1625449482.0,64.0
44.74,1625449482.0,64.0
53.19,1625449482.0,64.0
56.49,1625449482.0,64.0
53.17,1625449482.0,64.0
43.13,1625449482.0,64.0
27.25,1625449482.0,64.0
7.03,1625449482.0,64.0
-15.77,1625449482.0,64.0
-39.13,1625449482.0,64.0
-60.85,1625449482.0,64.0
-79.03,1625449482.0,64.0
-92.35,1625449482.0,64.0
-100.38,1625449482.0,64.0
-103.82,1625449482.0,64.0
-104.01,1625449482.0,64.0
-102.18,1625449482.0,64.0
-99.03,1625449482.0,64.0
-94.61,1625449482.0,64.0
-88.59,1625449482.0,64.0
-80.82,1625449482.0,64.0
-71.7,1625449482.0,64.0
-62.12,1625449482.0,64.0
-53.12,1625449482.0,64.0
-45.36,1625449482.0,64.0
-38.87,1625449482.0,64.0
-33.01,1625449482.0,64.0
-26.93,1625449482.0,64.0
-20.07,1625449482.0,64.0
-12.48,1625449482.0,64.0
-4.91,1625449482.0,64.0
1.61,1625449482.0,64.0
6.24,1625449482.0,64.0
8.85,1625449482.0,64.0
10.03,1625449482.0,64.0
10.62,1625449482.0,64.0
11.08,1625449482.0,64.0
11.1,1625449482.0,64.0
9.71,1625449482.0,64.0
6.0,1625449482.0,64.0
-0.17,1625449482.0,64.0
-7.88,1625449482.0,64.0
-15.38,1625449482.0,64.0
-21.0,1625449482.0,64.0
-23.99,1625449482.0,64.0
-24.49,1625449482.0,64.0
-23.26,1625449482.0,64.0
-20.94,1625449482.0,64.0
-17.71,1625449482.0,64.0
-13.39,1625449482.0,64.0
-7.97,1625449482.0,64.0
-1.87,1625449482.0,64.0
4.0,1625449482.0,64.0
8.74,1625449482.0,64.0
12.07,1625449482.0,64.0
14.31,1625449482.0,64.0
16.09,1625449482.0,64.0
17.77,1625449482.0,64.0
19.23,1625449482.0,64.0
20.11,1625449482.0,64.0
20.18,1625449482.0,64.0
19.71,1625449482.0,64.0
19.29,1625449482.0,64.0
19.38,1625449482.0,64.0
20.03,1625449482.0,64.0
20.77,1625449482.0,64.0
21.09,1625449482.0,64.0
20.94,1625449482.0,64.0
21.02,1625449482.0,64.0
22.56,1625449482.0,64.0
26.61,1625449482.0,64.0
33.27,1625449482.0,64.0
41.37,1625449482.0,64.0
48.81,1625449482.0,64.0
53.54,1625449482.0,64.0
54.7,1625449482.0,64.0
52.97,1625449482.0,64.0
50.38,1625449482.0,64.0
49.23,1625449482.0,64.0
50.82,1625449482.0,64.0
54.74,1625449482.0,64.0
58.94,1625449482.0,64.0
60.68,1625449482.0,64.0
57.73,1625449482.0,64.0
49.38,1625449482.0,64.0
36.7,1625449482.0,64.0
22.04,1625449482.0,64.0
8.15,1625449482.0,64.0
-2.69,1625449482.0,64.0
-9.37,1625449482.0,64.0
-12.11,1625449482.0,64.0
-12.36,1625449482.0,64.0
-12.35,1625449482.0,64.0
-14.49,1625449482.0,64.0
-20.48,1625449482.0,64.0
-30.51,1625449482.0,64.0
-42.89,1625449482.0,64.0
-54.25,1625449482.0,64.0
-60.61,1625449482.0,64.0
-59.02,1625449482.0,64.0
-48.85,1625449482.0,64.0
-32.29,1625449482.0,64.0
-13.63,1625449482.0,64.0
2.71,1625449482.0,64.0
14.06,1625449482.0,64.0
20.38,1625449482.0,64.0
23.79,1625449482.0,64.0
26.67,1625449482.0,64.0
30.05,1625449482.0,64.0
32.85,1625449482.0,64.0
32.96,1625449482.0,64.0
29.0,1625449482.0,64.0
21.67,1625449482.0,64.0
13.92,1625449482.0,64.0
9.52,1625449482.0,64.0
11.12,1625449482.0,64.0
18.99,1625449482.0,64.0
31.03,1625449482.0,64.0
43.76,1625449482.0,64.0
53.87,1625449482.0,64.0
59.35,1625449482.0,64.0
59.92,1625449482.0,64.0
56.82,1625449482.0,64.0
52.09,1625449482.0,64.0
48.01,1625449482.0,64.0
46.12,1625449482.0,64.0
46.87,1625449482.0,64.0
49.49,1625449482.0,64.0
52.57,1625449482.0,64.0
54.76,1625449482.0,64.0
55.65,1625449482.0,64.0
55.91,1625449482.0,64.0
56.62,1625449482.0,64.0
58.01,1625449482.0,64.0
58.42,1625449482.0,64.0
54.61,1625449482.0,64.0
43.35,1625449482.0,64.0
23.8,1625449482.0,64.0
-1.29,1625449482.0,64.0
-26.38,1625449482.0,64.0
-45.93,1625449482.0,64.0
-57.53,1625449482.0,64.0
-63.34,1625449482.0,64.0
-69.13,1625449482.0,64.0
-80.95,1625449482.0,64.0
-101.64,1625449482.0,64.0
-129.22,1625449482.0,64.0
-157.89,1625449482.0,64.0
-180.97,1625449482.0,64.0
-194.09,1625449482.0,64.0
-196.81,1625449482.0,64.0
-192.1,1625449482.0,64.0
-183.98,1625449482.0,64.0
-175.29,1625449482.0,64.0
-166.42,1625449482.0,64.0
-155.59,1625449482.0,64.0
-139.92,1625449482.0,64.0
-117.0,1625449482.0,64.0
-86.06,1625449482.0,64.0
-48.56,1625449482.0,64.0
-7.74,1625449482.0,64.0
32.08,1625449482.0,64.0
66.47,1625449482.0,64.0
91.68,1625449482.0,64.0
105.13,1625449482.0,64.0
105.83,1625449482.0,64.0
94.62,1625449482.0,64.0
74.11,1625449482.0,64.0
48.17,1625449482.0,64.0
21.02,1625449482.0,64.0
-3.85,1625449482.0,64.0
-24.52,1625449482.0,64.0
-40.75,1625449482.0,64.0
-53.45,1625449482.0,64.0
-63.75,1625449482.0,64.0
-72.38,1625449482.0,64.0
-79.53,1625449482.0,64.0
-85.4,1625449482.0,64.0
-91.19,1625449482.0,64.0
-99.5,1625449482.0,64.0
-113.84,1625449482.0,64.0
-137.26,1625449482.0,64.0
-170.87,1625449482.0,64.0
-213.16,1625449482.0,64.0
-260.0,1625449482.0,64.0
-305.66,1625449482.0,64.0
-344.26,1625449482.0,64.0
-370.87,1625449482.0,64.0
-382.37,1625449482.0,64.0
-377.56,1625449482.0,64.0
-357.01,1625449482.0,64.0
-322.86,1625449482.0,64.0
-278.42,1625449482.0,64.0
-227.57,1625449482.0,64.0
-174.2,1625449482.0,64.0
-121.39,1625449482.0,64.0
-70.79,1625449482.0,64.0
-22.79,1625449482.0,64.0
22.73,1625449482.0,64.0
65.45,1625449482.0,64.0
104.06,1625449482.0,64.0
136.7,1625449482.0,64.0
161.97,1625449482.0,64.0
179.84,1625449482.0,64.0
191.71,1625449482.0,64.0
199.67,1625449482.0,64.0
204.92,1625449482.0,64.0
206.93,1625449482.0,64.0
203.96,1625449482.0,64.0
194.85,1625449482.0,64.0
180.8,1625449482.0,64.0
165.81,1625449482.0,64.0
154.94,1625449482.0,64.0
151.37,1625449482.0,64.0
154.21,1625449482.0,64.0
158.56,1625449482.0,64.0
157.97,1625449482.0,64.0
147.75,1625449482.0,64.0
127.21,1625449482.0,64.0
99.68,1625449482.0,64.0
70.42,1625449482.0,64.0
44.11,1625449482.0,64.0
23.3,1625449482.0,64.0
8.36,1625449482.0,64.0
-1.52,1625449482.0,64.0
-7.0,1625449482.0,64.0
-8.05,1625449482.0,64.0
-3.99,1625449482.0,64.0
6.12,1625449482.0,64.0
22.92,1625449482.0,64.0
46.57,1625449482.0,64.0
76.72,1625449482.0,64.0
112.53,1625449482.0,64.0
152.35,1625449482.0,64.0
193.3,1625449482.0,64.0
230.95,1625449482.0,64.0
259.18,1625449482.0,64.0
271.52,1625449482.0,64.0
263.4,1625449482.0,64.0
234.76,1625449482.0,64.0
191.59,1625449482.0,64.0
145.04,1625449482.0,64.0
107.96,1625449482.0,64.0
89.98,1625449482.0,64.0
93.71,1625449482.0,64.0
113.98,1625449482.0,64.0
141.03,1625449482.0,64.0
165.58,1625449482.0,64.0
183.1,1625449482.0,64.0
194.86,1625449482.0,64.0
205.32,1625449482.0,64.0
217.73,1625449482.0,64.0
230.94,1625449482.0,64.0
239.48,1625449482.0,64.0
236.76,1625449482.0,64.0
219.56,1625449482.0,64.0
190.5,1625449482.0,64.0
157.3,1625449482.0,64.0
128.88,1625449482.0,64.0
111.05,1625449482.0,64.0
103.9,1625449482.0,64.0
102.34,1625449482.0,64.0
99.18,1625449482.0,64.0
88.55,1625449482.0,64.0
68.25,1625449482.0,64.0
39.9,1625449482.0,64.0
7.73,1625449482.0,64.0
-22.87,1625449482.0,64.0
-46.99,1625449482.0,64.0
-61.15,1625449482.0,64.0
-64.14,1625449482.0,64.0
-57.49,1625449482.0,64.0
-45.33,1625449482.0,64.0
-33.23,1625449482.0,64.0
-26.18,1625449482.0,64.0
-26.36,1625449482.0,64.0
-32.1,1625449482.0,64.0
-38.81,1625449482.0,64.0
-41.22,1625449482.0,64.0
-35.97,1625449482.0,64.0
-23.27,1625449482.0,64.0
-6.51,1625449482.0,64.0
9.59,1625449482.0,64.0
21.07,1625449482.0,64.0
26.17,1625449482.0,64.0
25.1,1625449482.0,64.0
18.97,1625449482.0,64.0
8.79,1625449482.0,64.0
-4.96,1625449482.0,64.0
-21.84,1625449482.0,64.0
-40.59,1625449482.0,64.0
-58.8,1625449482.0,64.0
-73.46,1625449482.0,64.0
-82.08,1625449482.0,64.0
-83.91,1625449482.0,64.0
-80.47,1625449482.0,64.0
-75.04,1625449482.0,64.0
-71.4,1625449482.0,64.0
-72.25,1625449482.0,64.0
-78.23,1625449482.0,64.0
-87.67,1625449482.0,64.0
-97.25,1625449482.0,64.0
-103.3,1625449482.0,64.0
-103.14,1625449482.0,64.0
-95.92,1625449482.0,64.0
-82.72,1625449482.0,64.0
-65.82,1625449482.0,64.0
-47.83,1625449482.0,64.0
-30.78,1625449482.0,64.0
-15.75,1625449482.0,64.0
-3.05,1625449482.0,64.0
7.69,1625449482.0,64.0
17.15,1625449482.0,64.0
26.12,1625449482.0,64.0
35.25,1625449482.0,64.0
44.83,1625449482.0,64.0
54.48,1625449482.0,64.0
63.22,1625449482.0,64.0
69.89,1625449482.0,64.0
73.73,1625449482.0,64.0
74.74,1625449482.0,64.0
73.48,1625449482.0,64.0
70.69,1625449482.0,64.0
66.9,1625449482.0,64.0
62.39,1625449482.0,64.0
57.46,1625449482.0,64.0
52.86,1625449482.0,64.0
49.65,1625449482.0,64.0
48.48,1625449482.0,64.0
48.86,1625449482.0,64.0
48.92,1625449482.0,64.0
46.15,1625449482.0,64.0
38.66,1625449482.0,64.0
26.35,1625449482.0,64.0
11.04,1625449482.0,64.0
-4.64,1625449482.0,64.0
-18.82,1625449482.0,64.0
-31.48,1625449482.0,64.0
-44.24,1625449482.0,64.0
-59.1,1625449482.0,64.0
-76.87,1625449482.0,64.0
-96.25,1625449482.0,64.0
-114.42,1625449482.0,64.0
-128.41,1625449482.0,64.0
-136.46,1625449482.0,64.0
-138.74,1625449482.0,64.0
-136.91,1625449482.0,64.0
-132.84,1625449482.0,64.0
-127.66,1625449482.0,64.0
-121.44,1625449482.0,64.0
-113.78,1625449482.0,64.0
-104.74,1625449482.0,64.0
-95.51,1625449482.0,64.0
-88.33,1625449482.0,64.0
-85.59,1625449482.0,64.0
-88.71,1625449482.0,64.0
-97.5,1625449482.0,64.0
-110.0,1625449482.0,64.0
-123.07,1625449482.0,64.0
-133.49,1625449482.0,64.0
-138.47,1625449482.0,64.0
-136.0,1625449482.0,64.0
-125.42,1625449482.0,64.0
-107.68,1625449482.0,64.0
-85.47,1625449482.0,64.0
-62.77,1625449482.0,64.0
-43.65,1625449482.0,64.0
-30.69,1625449482.0,64.0
-23.89,1625449482.0,64.0
-20.75,1625449482.0,64.0
-17.87,1625449482.0,64.0
-12.92,1625449482.0,64.0
-5.82,1625449482.0,64.0
1.36,1625449482.0,64.0
5.66,1625449482.0,64.0
5.24,1625449482.0,64.0
0.15,1625449482.0,64.0
-8.15,1625449482.0,64.0
-17.59,1625449482.0,64.0
-26.4,1625449482.0,64.0
-33.38,1625449482.0,64.0
-37.82,1625449482.0,64.0
-39.69,1625449482.0,64.0
-40.12,1625449482.0,64.0
-41.72,1625449482.0,64.0
-48.07,1625449482.0,64.0
-61.93,1625449482.0,64.0
-83.31,1625449482.0,64.0
-108.71,1625449482.0,64.0
-131.74,1625449482.0,64.0
-145.53,1625449482.0,64.0
-145.83,1625449482.0,64.0
-132.26,1625449482.0,64.0
-107.91,1625449482.0,64.0
-77.36,1625449482.0,64.0
-44.47,1625449482.0,64.0
-10.87,1625449482.0,64.0
23.87,1625449482.0,64.0
61.39,1625449482.0,64.0
103.5,1625449482.0,64.0
151.37,1625449482.0,64.0
205.11,1625449482.0,64.0
263.13,1625449482.0,64.0
321.51,1625449482.0,64.0
374.21,1625449482.0,64.0
414.22,1625449482.0,64.0
435.28,1625449482.0,64.0
434.24,1625449482.0,64.0
412.29,1625449482.0,64.0
374.35,1625449482.0,64.0
327.29,1625449482.0,64.0
277.62,1625449482.0,64.0
229.86,1625449482.0,64.0
186.33,1625449482.0,64.0
147.94,1625449482.0,64.0
115.06,1625449482.0,64.0
88.01,1625449482.0,64.0
66.72,1625449482.0,64.0
50.21,1625449482.0,64.0
36.59,1625449482.0,64.0
23.64,1625449482.0,64.0
9.74,1625449482.0,64.0
-5.43,1625449482.0,64.0
-21.02,1625449482.0,64.0
-35.54,1625449482.0,64.0
-48.01,1625449482.0,64.0
-58.51,1625449482.0,64.0
-68.32,1625449482.0,64.0
-79.32,1625449482.0,64.0
-93.25,1625449482.0,64.0
-111.03,1625449482.0,64.0
-132.74,1625449482.0,64.0
-158.07,1625449482.0,64.0
-186.76,1625449482.0,64.0
-218.6,1625449482.0,64.0
-253.0,1625449482.0,64.0
-288.56,1625449482.0,64.0
-322.86,1625449482.0,64.0
-352.85,1625449482.0,64.0
-375.4,1625449482.0,64.0
-387.71,1625449482.0,64.0
-387.66,1625449482.0,64.0
-373.87,1625449482.0,64.0
-345.94,1625449482.0,64.0
-304.66,1625449482.0,64.0
-252.24,1625449482.0,64.0
-192.29,1625449482.0,64.0
-129.25,1625449482.0,64.0
-67.69,1625449482.0,64.0
-11.49,1625449482.0,64.0
36.7,1625449482.0,64.0
75.23,1625449482.0,64.0
102.68,1625449482.0,64.0
117.32,1625449482.0,64.0
117.02,1625449482.0,64.0
99.81,1625449482.0,64.0
64.97,1625449482.0,64.0
14.04,1625449482.0,64.0
-48.23,1625449482.0,64.0
-113.75,1625449482.0,64.0
-172.4,1625449482.0,64.0
-214.8,1625449482.0,64.0
-234.89,1625449482.0,64.0
-231.53,1625449482.0,64.0
-208.42,1625449482.0,64.0
-172.22,1625449482.0,64.0
-130.11,1625449482.0,64.0
-87.67,1625449482.0,64.0
-47.91,1625449482.0,64.0
-11.72,1625449482.0,64.0
20.65,1625449482.0,64.0
48.68,1625449482.0,64.0
71.53,1625449482.0,64.0
88.58,1625449482.0,64.0
100.01,1625449482.0,64.0
106.66,1625449482.0,64.0
108.26,1625449482.0,64.0
104.09,1625449482.0,64.0
94.03,1625449482.0,64.0
78.63,1625449482.0,64.0
58.95,1625449482.0,64.0
36.17,1625449482.0,64.0
11.82,1625449482.0,64.0
-12.24,1625449482.0,64.0
-34.11,1625449482.0,64.0
-51.97,1625449482.0,64.0
-65.14,1625449482.0,64.0
-73.55,1625449482.0,64.0
-78.01,1625449482.0,64.0
-79.81,1625449482.0,64.0
-80.09,1625449482.0,64.0
-79.19,1625449482.0,64.0
-76.63,1625449482.0,64.0
-71.35,1625449482.0,64.0
-62.06,1625449482.0,64.0
-49.24,1625449482.0,64.0
-33.47,1625449482.0,64.0
-15.75,1625449482.0,64.0
2.85,1625449482.0,64.0
21.66,1625449482.0,64.0
40.73,1625449482.0,64.0
60.61,1625449482.0,64.0
81.97,1625449482.0,64.0
105.08,1625449482.0,64.0
129.66,1625449482.0,64.0
155.12,1625449482.0,64.0
180.49,1625449482.0,64.0
204.81,1625449482.0,64.0
227.51,1625449482.0,64.0
248.65,1625449482.0,64.0
269.0,1625449482.0,64.0
289.91,1625449482.0,64.0
312.91,1625449482.0,64.0
338.96,1625449482.0,64.0
367.79,1625449482.0,64.0
396.98,1625449482.0,64.0
422.03,1625449482.0,64.0
437.33,1625449482.0,64.0
437.91,1625449482.0,64.0
421.15,1625449482.0,64.0
387.73,1625449482.0,64.0
341.39,1625449482.0,64.0
287.66,1625449482.0,64.0
232.36,1625449482.0,64.0
180.08,1625449482.0,64.0
133.69,1625449482.0,64.0
94.51,1625449482.0,64.0
62.81,1625449482.0,64.0
38.31,1625449482.0,64.0
20.36,1625449482.0,64.0
7.9,1625449482.0,64.0
-0.44,1625449482.0,64.0
-6.17,1625449482.0,64.0
-10.73,1625449482.0,64.0
-15.26,1625449482.0,64.0
-20.51,1625449482.0,64.0
-26.66,1625449482.0,64.0
-33.5,1625449482.0,64.0
-40.54,1625449482.0,64.0
-47.26,1625449482.0,64.0
-53.26,1625449482.0,64.0
-58.34,1625449482.0,64.0
-62.55,1625449482.0,64.0
-66.06,1625449482.0,64.0
-68.99,1625449482.0,64.0
-71.3,1625449482.0,64.0
-72.69,1625449482.0,64.0
-72.64,1625449482.0,64.0
-70.61,1625449482.0,64.0
-66.18,1625449482.0,64.0
-59.33,1625449482.0,64.0
-50.61,1625449482.0,64.0
-41.18,1625449482.0,64.0
-32.59,1625449482.0,64.0
-26.49,1625449482.0,64.0
-24.07,1625449482.0,64.0
-25.73,1625449482.0,64.0
-30.89,1625449482.0,64.0
-38.17,1625449482.0,64.0
-45.77,1625449482.0,64.0
-51.91,1625449482.0,64.0
-55.26,1625449482.0,64.0
-55.06,1625449482.0,64.0
-51.21,1625449482.0,64.0
-44.24,1625449482.0,64.0
-35.23,1625449482.0,64.0
-25.6,1625449482.0,64.0
-16.79,1625449482.0,64.0
-9.89,1625449482.0,64.0
-5.36,1625449482.0,64.0
-3.07,1625449482.0,64.0
-2.65,1625449482.0,64.0
-3.78,1625449482.0,64.0
-6.52,1625449482.0,64.0
-11.21,1625449482.0,64.0
-18.21,1625449482.0,64.0
-27.56,1625449482.0,64.0
-38.82,1625449482.0,64.0
-51.23,1625449482.0,64.0
-63.77,1625449482.0,64.0
-75.52,1625449482.0,64.0
-85.69,1625449482.0,64.0
-93.8,1625449482.0,64.0
-99.69,1625449482.0,64.0
-103.59,1625449482.0,64.0
-105.94,1625449482.0,64.0
-107.15,1625449482.0,64.0
-107.37,1625449482.0,64.0
-106.51,1625449482.0,64.0
-104.35,1625449482.0,64.0
-100.86,1625449482.0,64.0
-96.26,1625449482.0,64.0
-90.95,1625449482.0,64.0
-85.2,1625449482.0,64.0
-78.95,1625449482.0,64.0
-71.84,1625449482.0,64.0
-63.53,1625449482.0,64.0
-54.11,1625449482.0,64.0
-44.26,1625449482.0,64.0
-35.13,1625449482.0,64.0
-27.92,1625449482.0,64.0
-23.43,1625449482.0,64.0
-21.82,1625449482.0,64.0
-22.63,1625449482.0,64.0
-25.02,1625449482.0,64.0
-28.02,1625449482.0,64.0
-30.81,1625449482.0,64.0
-32.87,1625449482.0,64.0
-34.02,1625449482.0,64.0
-34.48,1625449482.0,64.0
-34.86,1625449482.0,64.0
-36.2,1625449482.0,64.0
-39.79,1625449482.0,64.0
-46.85,1625449482.0,64.0
-58.1,1625449482.0,64.0
-73.24,1625449482.0,64.0
-90.86,1625449482.0,64.0
-108.61,1625449482.0,64.0
-123.86,1625449482.0,64.0
-134.41,1625449482.0,64.0
-138.98,1625449482.0,64.0
-137.34,1625449482.0,64.0
-130.03,1625449482.0,64.0
-118.0,1625449482.0,64.0
-102.27,1625449482.0,64.0
-83.69,1625449482.0,64.0
-62.96,1625449482.0,64.0
-40.68,1625449482.0,64.0
-17.43,1625449482.0,64.0
6.23,1625449482.0,64.0
29.75,1625449482.0,64.0
52.65,1625449482.0,64.0
74.59,1625449482.0,64.0
95.26,1625449482.0,64.0
114.29,1625449482.0,64.0
130.9,1625449482.0,64.0
143.76,1625449482.0,64.0
151.09,1625449482.0,64.0
151.24,1625449482.0,64.0
143.48,1625449482.0,64.0
128.52,1625449482.0,64.0
108.62,1625449482.0,64.0
86.86,1625449482.0,64.0
66.21,1625449482.0,64.0
48.66,1625449482.0,64.0
35.08,1625449482.0,64.0
25.38,1625449482.0,64.0
19.02,1625449482.0,64.0
15.12,1625449482.0,64.0
12.42,1625449482.0,64.0
9.36,1625449482.0,64.0
4.37,1625449482.0,64.0
-3.35,1625449482.0,64.0
-13.38,1625449482.0,64.0
-24.1,1625449482.0,64.0
-33.48,1625449482.0,64.0
-40.16,1625449482.0,64.0
-44.14,1625449482.0,64.0
-46.72,1625449482.0,64.0
-49.59,1625449482.0,64.0
-53.82,1625449482.0,64.0
-59.38,1625449482.0,64.0
-65.27,1625449482.0,64.0
-70.33,1625449482.0,64.0
-73.95,1625449482.0,64.0
-76.28,1625449482.0,64.0
-77.92,1625449482.0,64.0
-79.38,1625449482.0,64.0
-80.6,1625449482.0,64.0
-80.93,1625449482.0,64.0
-79.48,1625449482.0,64.0
-75.44,1625449482.0,64.0
-68.45,1625449482.0,64.0
-58.68,1625449482.0,64.0
-46.83,1625449482.0,64.0
-34.05,1625449482.0,64.0
-21.8,1625449482.0,64.0
-11.55,1625449482.0,64.0
-4.38,1625449482.0,64.0
-0.64,1625449482.0,64.0
0.26,1625449482.0,64.0
-0.36,1625449482.0,64.0
-0.99,1625449482.0,64.0
-0.66,1625449482.0,64.0
0.61,1625449482.0,64.0
1.78,1625449482.0,64.0
1.42,1625449482.0,64.0
-1.5,1625449482.0,64.0
-6.96,1625449482.0,64.0
-13.84,1625449482.0,64.0
-20.44,1625449482.0,64.0
-25.25,1625449482.0,64.0
-27.47,1625449482.0,64.0
-27.16,1625449482.0,64.0
-24.86,1625449482.0,64.0
-21.47,1625449482.0,64.0
-18.22,1625449482.0,64.0
-16.92,1625449482.0,64.0
-19.8,1625449482.0,64.0
-28.79,1625449482.0,64.0
-44.08,1625449482.0,64.0
-63.01,1625449482.0,64.0
-80.21,1625449482.0,64.0
-89.53,1625449482.0,64.0
-86.82,1625449482.0,64.0
-71.94,1625449482.0,64.0
-48.82,1625449482.0,64.0
-22.93,1625449482.0,64.0
1.9,1625449482.0,64.0
25.59,1625449482.0,64.0
51.38,1625449482.0,64.0
83.17,1625449482.0,64.0
122.31,1625449482.0,64.0
166.09,1625449482.0,64.0
208.56,1625449482.0,64.0
243.27,1625449482.0,64.0
266.02,1625449482.0,64.0
276.01,1625449482.0,64.0
275.22,1625449482.0,64.0
266.56,1625449482.0,64.0
252.39,1625449482.0,64.0
234.02,1625449482.0,64.0
212.41,1625449482.0,64.0
189.14,1625449482.0,64.0
166.84,1625449482.0,64.0
148.65,1625449482.0,64.0
137.17,1625449482.0,64.0
133.1,1625449482.0,64.0
134.82,1625449482.0,64.0
138.77,1625449482.0,64.0
140.83,1625449482.0,64.0
137.91,1625449482.0,64.0
129.16,1625449482.0,64.0
116.06,1625449482.0,64.0
101.73,1625449482.0,64.0
89.49,1625449482.0,64.0
81.61,1625449482.0,64.0
78.71,1625449482.0,64.0
79.76,1625449482.0,64.0
82.84,1625449482.0,64.0
85.79,1625449482.0,64.0
86.87,1625449482.0,64.0
85.0,1625449482.0,64.0
79.76,1625449482.0,64.0
71.01,1625449482.0,64.0
58.68,1625449482.0,64.0
42.57,1625449482.0,64.0
22.4,1625449482.0,64.0
-1.8,1625449482.0,64.0
-29.3,1625449482.0,64.0
-58.52,1625449482.0,64.0
-87.26,1625449482.0,64.0
-113.32,1625449482.0,64.0
-135.09,1625449482.0,64.0
-151.89,1625449482.0,64.0
-163.93,1625449482.0,64.0
-171.82,1625449482.0,64.0
-176.2,1625449482.0,64.0
-177.52,1625449482.0,64.0
-176.05,1625449482.0,64.0
-172.1,1625449482.0,64.0
-166.13,1625449482.0,64.0
-158.75,1625449482.0,64.0
-150.55,1625449482.0,64.0
-141.94,1625449482.0,64.0
-133.05,1625449482.0,64.0
-123.83,1625449482.0,64.0
-114.0,1625449482.0,64.0
-103.3,1625449482.0,64.0
-91.58,1625449482.0,64.0
-79.03,1625449482.0,64.0
-66.19,1625449482.0,64.0
-53.92,1625449482.0,64.0
-43.08,1625449482.0,64.0
-34.24,1625449482.0,64.0
-27.46,1625449482.0,64.0
-22.36,1625449482.0,64.0
-18.32,1625449482.0,64.0
-14.78,1625449482.0,64.0
-11.46,1625449482.0,64.0
-8.35,1625449482.0,64.0
-5.58,1625449482.0,64.0
-3.24,1625449482.0,64.0
-1.27,1625449482.0,64.0
0.5,1625449482.0,64.0
2.25,1625449482.0,64.0
3.99,1625449482.0,64.0
5.5,1625449482.0,64.0
6.38,1625449482.0,64.0
6.23,1625449482.0,64.0
4.85,1625449482.0,64.0
2.41,1625449482.0,64.0
-0.52,1625449482.0,64.0
-3.28,1625449482.0,64.0
-5.3,1625449482.0,64.0
-6.39,1625449482.0,64.0
-6.72,1625449482.0,64.0
-6.7,1625449482.0,64.0
-6.78,1625449482.0,64.0
-7.26,1625449482.0,64.0
-8.33,1625449482.0,64.0
-10.06,1625449482.0,64.0
-12.5,1625449482.0,64.0
-15.58,1625449482.0,64.0
-19.0,1625449482.0,64.0
-22.23,1625449482.0,64.0
-24.59,1625449482.0,64.0
-25.46,1625449482.0,64.0
-24.61,1625449482.0,64.0
-22.21,1625449482.0,64.0
-18.82,1625449482.0,64.0
-15.15,1625449482.0,64.0
-11.79,1625449482.0,64.0
-9.01,1625449482.0,64.0
-6.75,1625449482.0,64.0
-4.75,1625449482.0,64.0
-2.78,1625449482.0,64.0
-0.7,1625449482.0,64.0
1.44,1625449482.0,64.0
3.47,1625449482.0,64.0
5.26,1625449482.0,64.0
6.84,1625449482.0,64.0
8.34,1625449482.0,64.0
9.91,1625449482.0,64.0
11.56,1625449482.0,64.0
13.07,1625449482.0,64.0
14.14,1625449482.0,64.0
14.56,1625449482.0,64.0
14.39,1625449482.0,64.0
13.93,1625449482.0,64.0
13.52,1625449482.0,64.0
13.29,1625449482.0,64.0
13.03,1625449482.0,64.0
12.3,1625449482.0,64.0
10.73,1625449482.0,64.0
8.28,1625449482.0,64.0
5.36,1625449482.0,64.0
2.68,1625449482.0,64.0
0.8,1625449482.0,64.0
-0.18,1625449482.0,64.0
-0.65,1625449482.0,64.0
-1.34,1625449482.0,64.0
-2.87,1625449482.0,64.0
-5.5,1625449482.0,64.0
-9.05,1625449482.0,64.0
-13.04,1625449482.0,64.0
-16.92,1625449482.0,64.0
-20.34,1625449482.0,64.0
-23.2,1625449482.0,64.0
-25.54,1625449482.0,64.0
-27.44,1625449482.0,64.0
-28.91,1625449482.0,64.0
-29.79,1625449482.0,64.0
-29.78,1625449482.0,64.0
-28.55,1625449482.0,64.0
-25.77,1625449482.0,64.0
-21.43,1625449482.0,64.0
-15.95,1625449482.0,64.0
-10.22,1625449482.0,64.0
-5.53,1625449482.0,64.0
-2.99,1625449482.0,64.0
-3.15,1625449482.0,64.0
-5.57,1625449482.0,64.0
-9.12,1625449482.0,64.0
-12.4,1625449482.0,64.0
-14.28,1625449482.0,64.0
-14.19,1625449482.0,64.0
-12.29,1625449482.0,64.0
-9.43,1625449482.0,64.0
-7.03,1625449482.0,64.0
-6.94,1625449482.0,64.0
-10.94,1625449482.0,64.0
-20.14,1625449482.0,64.0
-33.87,1625449482.0,64.0
-48.95,1625449482.0,64.0
-59.9,1625449482.0,64.0
-60.66,1625449482.0,64.0
-47.2,1625449482.0,64.0
-19.37,1625449482.0,64.0
18.74,1625449482.0,64.0
60.5,1625449482.0,64.0
99.05,1625449482.0,64.0
129.72,1625449482.0,64.0
150.98,1625449482.0,64.0
163.92,1625449482.0,64.0
170.53,1625449482.0,64.0
171.75,1625449482.0,64.0
167.48,1625449482.0,64.0
157.5,1625449482.0,64.0
143.3,1625449482.0,64.0
127.49,1625449482.0,64.0
113.34,1625449482.0,64.0
103.6,1625449482.0,64.0
99.78,1625449482.0,64.0
101.6,1625449482.0,64.0
106.4,1625449482.0,64.0
111.14,1625449482.0,64.0
113.88,1625449482.0,64.0
115.91,1625449482.0,64.0
118.87,1625449482.0,64.0
123.76,1625449482.0,64.0
129.82,1625449482.0,64.0
135.3,1625449482.0,64.0
137.91,1625449482.0,64.0
134.21,1625449482.0,64.0
121.67,1625449482.0,64.0
99.27,1625449482.0,64.0
69.69,1625449482.0,64.0
34.9,1625449482.0,64.0
-3.82,1625449482.0,64.0
-46.03,1625449482.0,64.0
-90.32,1625449482.0,64.0
-134.64,1625449482.0,64.0
-179.01,1625449482.0,64.0
-224.31,1625449482.0,64.0
-271.81,1625449482.0,64.0
-319.24,1625449482.0,64.0
-365.11,1625449482.0,64.0
-407.86,1625449482.0,64.0
-446.51,1625449482.0,64.0
-479.35,1625449482.0,64.0
-493.12,1625449482.0,64.0
-478.57,1625449482.0,64.0
-433.36,1625449482.0,64.0
-382.14,1625449482.0,64.0
-338.85,1625449482.0,64.0
-311.59,1625449482.0,64.0
-298.04,1625449482.0,64.0
-298.14,1625449482.0,64.0
-310.33,1625449482.0,64.0
-330.5,1625449482.0,64.0
-353.64,1625449482.0,64.0
-373.01,1625449482.0,64.0
-381.84,1625449482.0,64.0
-372.56,1625449482.0,64.0
-343.56,1625449482.0,64.0
-298.76,1625449482.0,64.0
-246.0,1625449482.0,64.0
-192.17,1625449482.0,64.0
-141.41,1625449482.0,64.0
-96.46,1625449482.0,64.0
-58.36,1625449482.0,64.0
-27.45,1625449482.0,64.0
-1.56,1625449482.0,64.0
20.28,1625449482.0,64.0
38.77,1625449482.0,64.0
54.48,1625449482.0,64.0
69.2,1625449482.0,64.0
84.85,1625449482.0,64.0
101.47,1625449482.0,64.0
117.63,1625449482.0,64.0
131.15,1625449482.0,64.0
141.65,1625449482.0,64.0
149.16,1625449482.0,64.0
154.77,1625449482.0,64.0
160.09,1625449482.0,64.0
167.39,1625449482.0,64.0
178.47,1625449482.0,64.0
193.25,1625449482.0,64.0
210.08,1625449482.0,64.0
226.45,1625449482.0,64.0
240.77,1625449482.0,64.0
252.18,1625449482.0,64.0
261.06,1625449482.0,64.0
268.75,1625449482.0,64.0
277.52,1625449482.0,64.0
289.72,1625449482.0,64.0
306.96,1625449482.0,64.0
329.57,1625449482.0,64.0
356.19,1625449482.0,64.0
383.93,1625449482.0,64.0
408.35,1625449482.0,64.0
424.6,1625449482.0,64.0
428.88,1625449482.0,64.0
420.0,1625449482.0,64.0
399.88,1625449482.0,64.0
372.82,1625449482.0,64.0
343.91,1625449482.0,64.0
317.14,1625449482.0,64.0
294.09,1625449482.0,64.0
273.81,1625449482.0,64.0
253.64,1625449482.0,64.0
230.59,1625449482.0,64.0
202.58,1625449482.0,64.0
169.13,1625449482.0,64.0
131.27,1625449482.0,64.0
90.92,1625449482.0,64.0
50.27,1625449482.0,64.0
11.27,1625449482.0,64.0
-24.54,1625449482.0,64.0
-55.94,1625449482.0,64.0
-81.89,1625449482.0,64.0
-101.6,1625449482.0,64.0
-114.86,1625449482.0,64.0
-122.33,1625449482.0,64.0
-125.59,1625449482.0,64.0
-126.86,1625449482.0,64.0
-128.23,1625449482.0,64.0
-130.92,1625449482.0,64.0
-134.9,1625449482.0,64.0
-139.01,1625449482.0,64.0
-141.63,1625449482.0,64.0
-141.36,1625449482.0,64.0
-137.62,1625449482.0,64.0
-130.78,1625449482.0,64.0
-121.92,1625449482.0,64.0
-112.42,1625449482.0,64.0
-103.42,1625449482.0,64.0
-95.58,1625449482.0,64.0
-88.95,1625449482.0,64.0
-83.18,1625449482.0,64.0
-77.92,1625449482.0,64.0
-73.04,1625449482.0,64.0
-68.7,1625449482.0,64.0
-65.24,1625449482.0,64.0
-62.88,1625449482.0,64.0
-61.53,1625449482.0,64.0
-60.76,1625449482.0,64.0
-59.98,1625449482.0,64.0
-58.78,1625449482.0,64.0
-57.09,1625449482.0,64.0
-55.24,1625449482.0,64.0
-53.85,1625449482.0,64.0
-53.56,1625449482.0,64.0
-54.69,1625449482.0,64.0
-57.08,1625449482.0,64.0
-59.96,1625449482.0,64.0
-62.18,1625449482.0,64.0
-62.54,1625449482.0,64.0
-60.23,1625449482.0,64.0
-55.17,1625449482.0,64.0
-48.02,1625449482.0,64.0
-39.91,1625449482.0,64.0
-31.94,1625449482.0,64.0
-24.71,1625449482.0,64.0
-18.08,1625449482.0,64.0
-11.41,1625449482.0,64.0
-3.82,1625449482.0,64.0
5.27,1625449482.0,64.0
15.79,1625449482.0,64.0
27.1,1625449482.0,64.0
38.1,1625449482.0,64.0
47.7,1625449482.0,64.0
55.18,1625449482.0,64.0
60.33,1625449482.0,64.0
63.32,1625449482.0,64.0
64.42,1625449482.0,64.0
63.7,1625449482.0,64.0
60.94,1625449482.0,64.0
55.76,1625449482.0,64.0
48.12,1625449482.0,64.0
38.54,1625449482.0,64.0
28.28,1625449482.0,64.0
18.89,1625449482.0,64.0
11.77,1625449482.0,64.0
7.65,1625449482.0,64.0
6.35,1625449482.0,64.0
7.01,1625449482.0,64.0
8.53,1625449482.0,64.0
9.94,1625449482.0,64.0
10.75,1625449482.0,64.0
10.84,1625449482.0,64.0
10.35,1625449482.0,64.0
9.44,1625449482.0,64.0
8.14,1625449482.0,64.0
6.38,1625449482.0,64.0
4.01,1625449482.0,64.0
0.96,1625449482.0,64.0
-2.68,1625449482.0,64.0
-6.72,1625449482.0,64.0
-10.91,1625449482.0,64.0
-15.06,1625449482.0,64.0
-19.14,1625449482.0,64.0
-23.25,1625449482.0,64.0
-27.51,1625449482.0,64.0
-31.92,1625449482.0,64.0
-36.1,1625449482.0,64.0
-39.41,1625449482.0,64.0
-41.06,1625449482.0,64.0
-40.39,1625449482.0,64.0
-37.08,1625449482.0,64.0
-31.27,1625449482.0,64.0
-23.4,1625449482.0,64.0
-14.12,1625449482.0,64.0
-4.03,1625449482.0,64.0
6.25,1625449482.0,64.0
16.15,1625449482.0,64.0
25.11,1625449482.0,64.0
32.62,1625449482.0,64.0
38.39,1625449482.0,64.0
42.41,1625449482.0,64.0
44.96,1625449482.0,64.0
46.49,1625449482.0,64.0
47.46,1625449482.0,64.0
48.18,1625449482.0,64.0
48.85,1625449482.0,64.0
49.56,1625449482.0,64.0
50.39,1625449482.0,64.0
51.41,1625449482.0,64.0
52.62,1625449482.0,64.0
53.9,1625449482.0,64.0
55.0,1625449482.0,64.0
55.63,1625449482.0,64.0
55.57,1625449482.0,64.0
54.76,1625449482.0,64.0
53.35,1625449482.0,64.0
51.63,1625449482.0,64.0
49.85,1625449482.0,64.0
48.18,1625449482.0,64.0
46.63,1625449482.0,64.0
45.03,1625449482.0,64.0
43.08,1625449482.0,64.0
40.29,1625449482.0,64.0
36.07,1625449482.0,64.0
29.92,1625449482.0,64.0
21.58,1625449482.0,64.0
11.31,1625449482.0,64.0
-0.15,1625449482.0,64.0
-11.78,1625449482.0,64.0
-22.67,1625449482.0,64.0
-32.27,1625449482.0,64.0
-40.53,1625449482.0,64.0
-47.66,1625449482.0,64.0
-53.82,1625449482.0,64.0
-58.84,1625449482.0,64.0
-62.24,1625449482.0,64.0
-63.46,1625449482.0,64.0
-62.19,1625449482.0,64.0
-58.53,1625449482.0,64.0
-52.92,1625449482.0,64.0
-45.98,1625449482.0,64.0
-38.22,1625449482.0,64.0
-29.91,1625449482.0,64.0
-21.15,1625449482.0,64.0
-11.96,1625449482.0,64.0
-2.47,1625449482.0,64.0
6.97,1625449482.0,64.0
15.85,1625449482.0,64.0
23.59,1625449482.0,64.0
29.73,1625449482.0,64.0
34.12,1625449482.0,64.0
36.96,1625449482.0,64.0
38.69,1625449482.0,64.0
39.84,1625449482.0,64.0
40.81,1625449482.0,64.0
41.74,1625449482.0,64.0
42.56,1625449482.0,64.0
43.08,1625449482.0,64.0
43.12,1625449482.0,64.0
42.67,1625449482.0,64.0
41.81,1625449482.0,64.0
40.67,1625449482.0,64.0
39.37,1625449482.0,64.0
37.88,1625449482.0,64.0
36.14,1625449482.0,64.0
34.04,1625449482.0,64.0
31.55,1625449482.0,64.0
28.7,1625449482.0,64.0
25.61,1625449482.0,64.0
22.41,1625449482.0,64.0
19.19,1625449482.0,64.0
16.0,1625449482.0,64.0
12.78,1625449482.0,64.0
9.47,1625449482.0,64.0
6.01,1625449482.0,64.0
2.38,1625449482.0,64.0
-1.37,1625449482.0,64.0
-5.12,1625449482.0,64.0
-8.8,1625449482.0,64.0
-12.38,1625449482.0,64.0
-15.9,1625449482.0,64.0
-19.48,1625449482.0,64.0
-23.27,1625449482.0,64.0
-27.4,1625449482.0,64.0
-31.98,1625449482.0,64.0
-37.02,1625449482.0,64.0
-42.31,1625449482.0,64.0
-47.45,1625449482.0,64.0
-51.88,1625449482.0,64.0
-54.92,1625449482.0,64.0
-56.07,1625449482.0,64.0
-55.08,1625449482.0,64.0
-52.08,1625449482.0,64.0
-47.46,1625449482.0,64.0
-41.59,1625449482.0,64.0
-34.75,1625449482.0,64.0
-27.08,1625449482.0,64.0
-18.68,1625449482.0,64.0
-9.77,1625449482.0,64.0
-0.73,1625449482.0,64.0
8.02,1625449482.0,64.0
16.12,1625449482.0,64.0
23.42,1625449482.0,64.0
29.88,1625449482.0,64.0
35.47,1625449482.0,64.0
40.05,1625449482.0,64.0
43.46,1625449482.0,64.0
45.59,1625449482.0,64.0
46.52,1625449482.0,64.0
46.48,1625449482.0,64.0
45.79,1625449482.0,64.0
44.72,1625449482.0,64.0
43.39,1625449482.0,64.0
41.78,1625449482.0,64.0
39.83,1625449482.0,64.0
37.45,1625449482.0,64.0
34.6,1625449482.0,64.0
31.23,1625449482.0,64.0
27.39,1625449482.0,64.0
23.24,1625449482.0,64.0
19.05,1625449482.0,64.0
15.1,1625449482.0,64.0
11.59,1625449482.0,64.0
8.48,1625449482.0,64.0
5.61,1625449482.0,64.0
2.74,1625449482.0,64.0
-0.22,1625449482.0,64.0
-3.16,1625449482.0,64.0
-5.85,1625449482.0,64.0
-8.1,1625449482.0,64.0
-9.91,1625449482.0,64.0
-11.5,1625449482.0,64.0
-13.22,1625449482.0,64.0
-15.38,1625449482.0,64.0
-18.18,1625449482.0,64.0
-21.64,1625449482.0,64.0
-25.71,1625449482.0,64.0
-30.25,1625449482.0,64.0
-35.1,1625449482.0,64.0
-39.99,1625449482.0,64.0
-44.48,1625449482.0,64.0
-48.02,1625449482.0,64.0
-50.03,1625449482.0,64.0
-50.08,1625449482.0,64.0
-48.05,1625449482.0,64.0
-44.1,1625449482.0,64.0
-38.64,1625449482.0,64.0
-32.16,1625449482.0,64.0
-25.11,1625449482.0,64.0
-17.84,1625449482.0,64.0
-10.65,1625449482.0,64.0
-3.81,1625449482.0,64.0
2.38,1625449482.0,64.0
7.67,1625449482.0,64.0
11.92,1625449482.0,64.0
15.13,1625449482.0,64.0
17.48,1625449482.0,64.0
19.23,1625449482.0,64.0
20.58,1625449482.0,64.0
21.68,1625449482.0,64.0
22.58,1625449482.0,64.0
23.27,1625449482.0,64.0
23.78,1625449482.0,64.0
24.13,1625449482.0,64.0
24.39,1625449482.0,64.0
24.52,1625449482.0,64.0
24.43,1625449482.0,64.0
23.98,1625449482.0,64.0
23.07,1625449482.0,64.0
21.68,1625449482.0,64.0
19.83,1625449482.0,64.0
17.65,1625449482.0,64.0
15.24,1625449482.0,64.0
12.68,1625449482.0,64.0
10.05,1625449482.0,64.0
7.42,1625449482.0,64.0
4.85,1625449482.0,64.0
2.37,1625449482.0,64.0
-0.07,1625449482.0,64.0
-2.56,1625449482.0,64.0
-5.15,1625449482.0,64.0
-7.86,1625449482.0,64.0
-10.62,1625449482.0,64.0
-13.34,1625449482.0,64.0
-16.01,1625449482.0,64.0
-18.75,1625449482.0,64.0
-21.77,1625449482.0,64.0
-25.29,1625449482.0,64.0
-29.38,1625449482.0,64.0
-33.9,1625449482.0,64.0
-38.44,1625449482.0,64.0
-42.4,1625449482.0,64.0
-45.09,1625449482.0,64.0
-45.98,1625449482.0,64.0
-44.79,1625449482.0,64.0
-41.65,1625449482.0,64.0
-36.98,1625449482.0,64.0
-31.39,1625449482.0,64.0
-25.44,1625449482.0,64.0
-19.48,1625449482.0,64.0
-13.61,1625449482.0,64.0
-7.76,1625449482.0,64.0
-1.89,1625449482.0,64.0
3.85,1625449482.0,64.0
9.11,1625449482.0,64.0
13.47,1625449482.0,64.0
16.6,1625449482.0,64.0
18.48,1625449482.0,64.0
19.36,1625449482.0,64.0
19.7,1625449482.0,64.0
19.94,1625449482.0,64.0
20.36,1625449482.0,64.0
21.03,1625449482.0,64.0
21.83,1625449482.0,64.0
22.58,1625449482.0,64.0
23.07,1625449482.0,64.0
23.15,1625449482.0,64.0
22.66,1625449482.0,64.0
21.53,1625449482.0,64.0
19.75,1625449482.0,64.0
17.48,1625449482.0,64.0
14.98,1625449482.0,64.0
12.56,1625449482.0,64.0
10.43,1625449482.0,64.0
8.65,1625449482.0,64.0
7.12,1625449482.0,64.0
5.62,1625449482.0,64.0
3.97,1625449482.0,64.0
2.0,1625449482.0,64.0
-0.37,1625449482.0,64.0
-3.12,1625449482.0,64.0
-6.22,1625449482.0,64.0
-9.51,1625449482.0,64.0
-12.82,1625449482.0,64.0
-16.01,1625449482.0,64.0
-18.99,1625449482.0,64.0
-21.83,1625449482.0,64.0
-24.67,1625449482.0,64.0
-27.67,1625449482.0,64.0
-30.94,1625449482.0,64.0
-34.42,1625449482.0,64.0
-37.86,1625449482.0,64.0
-40.83,1625449482.0,64.0
-42.83,1625449482.0,64.0
-43.38,1625449482.0,64.0
-42.14,1625449482.0,64.0
-39.03,1625449482.0,64.0
-34.25,1625449482.0,64.0
-28.3,1625449482.0,64.0
-21.79,1625449482.0,64.0
-15.28,1625449482.0,64.0
-9.19,1625449482.0,64.0
-3.68,1625449482.0,64.0
1.21,1625449482.0,64.0
5.5,1625449482.0,64.0
9.21,1625449482.0,64.0
12.32,1625449482.0,64.0
14.8,1625449482.0,64.0
16.7,1625449482.0,64.0
18.11,1625449482.0,64.0
19.16,1625449482.0,64.0
19.95,1625449482.0,64.0
20.58,1625449482.0,64.0
21.1,1625449482.0,64.0
21.53,1625449482.0,64.0
21.83,1625449482.0,64.0
21.89,1625449482.0,64.0
21.58,1625449482.0,64.0
20.79,1625449482.0,64.0
19.52,1625449482.0,64.0
17.9,1625449482.0,64.0
16.15,1625449482.0,64.0
14.42,1625449482.0,64.0
12.75,1625449482.0,64.0
10.98,1625449482.0,64.0
8.94,1625449482.0,64.0
6.54,1625449482.0,64.0
3.86,1625449482.0,64.0
1.11,1625449482.0,64.0
-1.46,1625449482.0,64.0
-3.74,1625449482.0,64.0
-5.82,1625449482.0,64.0
-7.93,1625449482.0,64.0
-10.32,1625449482.0,64.0
-13.18,1625449482.0,64.0
-16.53,1625449482.0,64.0
-20.28,1625449482.0,64.0
-24.26,1625449482.0,64.0
-28.29,1625449482.0,64.0
-32.09,1625449482.0,64.0
-35.34,1625449482.0,64.0
-37.68,1625449482.0,64.0
-38.74,1625449482.0,64.0
-38.26,1625449482.0,64.0
-36.19,1625449482.0,64.0
-32.71,1625449482.0,64.0
-28.17,1625449482.0,64.0
-23.01,1625449482.0,64.0
-17.59,1625449482.0,64.0
-12.17,1625449482.0,64.0
-6.87,1625449482.0,64.0
-1.8,1625449482.0,64.0
2.91,1625449482.0,64.0
7.09,1625449482.0,64.0
10.52,1625449482.0,64.0
13.08,1625449482.0,64.0
14.74,1625449482.0,64.0
15.64,1625449482.0,64.0
16.04,1625449482.0,64.0
16.27,1625449482.0,64.0
16.6,1625449482.0,64.0
17.21,1625449482.0,64.0
18.07,1625449482.0,64.0
18.98,1625449482.0,64.0
19.64,1625449482.0,64.0
19.8,1625449482.0,64.0
19.28,1625449482.0,64.0
18.12,1625449482.0,64.0
16.47,1625449482.0,64.0
14.57,1625449482.0,64.0
12.6,1625449482.0,64.0
10.7,1625449482.0,64.0
8.86,1625449482.0,64.0
7.04,1625449482.0,64.0
5.12,1625449482.0,64.0
3.04,1625449482.0,64.0
0.83,1625449482.0,64.0
-1.42,1625449482.0,64.0
-3.57,1625449482.0,64.0
-5.54,1625449482.0,64.0
-7.41,1625449482.0,64.0
-9.34,1625449482.0,64.0
-11.56,1625449482.0,64.0
-14.25,1625449482.0,64.0
-17.42,1625449482.0,64.0
-20.96,1625449482.0,64.0
-24.61,1625449482.0,64.0
-28.03,1625449482.0,64.0
-30.85,1625449482.0,64.0
-32.74,1625449482.0,64.0
-33.37,1625449482.0,64.0
-32.57,1625449482.0,64.0
-30.34,1625449482.0,64.0
-26.87,1625449482.0,64.0
-22.52,1625449482.0,64.0
-17.72,1625449482.0,64.0
-12.84,1625449482.0,64.0
-8.2,1625449482.0,64.0
-3.95,1625449482.0,64.0
-0.15,1625449482.0,64.0
3.18,1625449482.0,64.0
6.05,1625449482.0,64.0
8.48,1625449482.0,64.0
10.47,1625449482.0,64.0
12.04,1625449482.0,64.0
13.25,1625449482.0,64.0
14.18,1625449482.0,64.0
14.96,1625449482.0,64.0
15.7,1625449482.0,64.0
16.45,1625449482.0,64.0
17.16,1625449482.0,64.0
17.7,1625449482.0,64.0
17.89,1625449482.0,64.0
17.62,1625449482.0,64.0
16.9,1625449482.0,64.0
15.81,1625449482.0,64.0
14.51,1625449482.0,64.0
13.07,1625449482.0,64.0
11.43,1625449482.0,64.0
9.45,1625449482.0,64.0
7.04,1625449482.0,64.0
4.2,1625449482.0,64.0
1.12,1625449482.0,64.0
-1.92,1625449482.0,64.0
-4.7,1625449482.0,64.0
-7.18,1625449482.0,64.0
-9.53,1625449482.0,64.0
-12.01,1625449482.0,64.0
-14.87,1625449482.0,64.0
-18.21,1625449482.0,64.0
-21.93,1625449482.0,64.0
-25.71,1625449482.0,64.0
-29.18,1625449482.0,64.0
-31.93,1625449482.0,64.0
-33.61,1625449482.0,64.0
-33.97,1625449482.0,64.0
-32.9,1625449482.0,64.0
-30.46,1625449482.0,64.0
-26.87,1625449482.0,64.0
-22.42,1625449482.0,64.0
-17.45,1625449482.0,64.0
-12.26,1625449482.0,64.0
-7.08,1625449482.0,64.0
-2.12,1625449482.0,64.0
2.41,1625449482.0,64.0
6.33,1625449482.0,64.0
9.47,1625449482.0,64.0
11.76,1625449482.0,64.0
13.27,1625449482.0,64.0
14.21,1625449482.0,64.0
14.83,1625449482.0,64.0
15.43,1625449482.0,64.0
16.17,1625449482.0,64.0
17.11,1625449482.0,64.0
18.14,1625449482.0,64.0
19.07,1625449482.0,64.0
19.67,1625449482.0,64.0
19.78,1625449482.0,64.0
19.32,1625449482.0,64.0
18.28,1625449482.0,64.0
16.72,1625449482.0,64.0
14.75,1625449482.0,64.0
12.46,1625449482.0,64.0
9.96,1625449482.0,64.0
7.37,1625449482.0,64.0
4.79,1625449482.0,64.0
2.33,1625449482.0,64.0
0.06,1625449482.0,64.0
-2.07,1625449482.0,64.0
-4.2,1625449482.0,64.0
-6.57,1625449482.0,64.0
-9.38,1625449482.0,64.0
-12.78,1625449482.0,64.0
-16.71,1625449482.0,64.0
-20.91,1625449482.0,64.0
-24.99,1625449482.0,64.0
-28.46,1625449482.0,64.0
-30.89,1625449482.0,64.0
-31.95,1625449482.0,64.0
-31.48,1625449482.0,64.0
-29.5,1625449482.0,64.0
-26.23,1625449482.0,64.0
-21.97,1625449482.0,64.0
-17.11,1625449482.0,64.0
-11.99,1625449482.0,64.0
-6.89,1625449482.0,64.0
-2.0,1625449482.0,64.0
2.53,1625449482.0,64.0
6.57,1625449482.0,64.0
9.95,1625449482.0,64.0
12.56,1625449482.0,64.0
14.39,1625449482.0,64.0
15.54,1625449482.0,64.0
16.21,1625449482.0,64.0
16.67,1625449482.0,64.0
17.16,1625449482.0,64.0
17.77,1625449482.0,64.0
18.47,1625449482.0,64.0
19.09,1625449482.0,64.0
19.44,1625449482.0,64.0
19.39,1625449482.0,64.0
18.93,1625449482.0,64.0
18.1,1625449482.0,64.0
17.03,1625449482.0,64.0
15.75,1625449482.0,64.0
14.27,1625449482.0,64.0
12.51,1625449482.0,64.0
10.4,1625449482.0,64.0
7.94,1625449482.0,64.0
5.25,1625449482.0,64.0
2.54,1625449482.0,64.0
-0.03,1625449482.0,64.0
-2.42,1625449482.0,64.0
-4.74,1625449482.0,64.0
-7.26,1625449482.0,64.0
-10.25,1625449482.0,64.0
-13.84,1625449482.0,64.0
-17.96,1625449482.0,64.0
-22.28,1625449482.0,64.0
-26.36,1625449482.0,64.0
-29.72,1625449482.0,64.0
-31.96,1625449482.0,64.0
-32.84,1625449482.0,64.0
-32.26,1625449482.0,64.0
-30.24,1625449482.0,64.0
-26.92,1625449482.0,64.0
-22.48,1625449482.0,64.0
-17.18,1625449482.0,64.0
-11.35,1625449482.0,64.0
-5.37,1625449482.0,64.0
0.44,1625449482.0,64.0
5.73,1625449482.0,64.0
10.28,1625449482.0,64.0
13.9,1625449482.0,64.0
16.5,1625449482.0,64.0
18.13,1625449482.0,64.0
19.04,1625449482.0,64.0
19.61,1625449482.0,64.0
20.26,1625449482.0,64.0
21.27,1625449482.0,64.0
22.63,1625449482.0,64.0
24.04,1625449482.0,64.0
25.07,1625449482.0,64.0
25.4,1625449482.0,64.0
24.98,1625449482.0,64.0
24.08,1625449482.0,64.0
23.11,1625449482.0,64.0
22.36,1625449482.0,64.0
21.9,1625449482.0,64.0
21.5,1625449482.0,64.0
20.8,1625449482.0,64.0
19.42,1625449482.0,64.0
17.08,1625449482.0,64.0
13.69,1625449482.0,64.0
9.34,1625449482.0,64.0
4.35,1625449482.0,64.0
-0.79,1625449482.0,64.0
-5.56,1625449482.0,64.0
-9.53,1625449482.0,64.0
-12.59,1625449482.0,64.0
-14.9,1625449482.0,64.0
-16.83,1625449482.0,64.0
-18.79,1625449482.0,64.0
-21.09,1625449482.0,64.0
-23.83,1625449482.0,64.0
-26.98,1625449482.0,64.0
-30.34,1625449482.0,64.0
-33.62,1625449482.0,64.0
-36.35,1625449482.0,64.0
-38.0,1625449482.0,64.0
-38.05,1625449482.0,64.0
-36.24,1625449482.0,64.0
-32.63,1625449482.0,64.0
-27.63,1625449482.0,64.0
-21.8,1625449482.0,64.0
-15.63,1625449482.0,64.0
-9.47,1625449482.0,64.0
-3.47,1625449482.0,64.0
2.23,1625449482.0,64.0
7.49,1625449482.0,64.0
12.07,1625449482.0,64.0
15.8,1625449482.0,64.0
18.63,1625449482.0,64.0
20.71,1625449482.0,64.0
22.31,1625449482.0,64.0
23.65,1625449482.0,64.0
24.88,1625449482.0,64.0
25.94,1625449482.0,64.0
26.74,1625449482.0,64.0
27.19,1625449482.0,64.0
27.29,1625449482.0,64.0
27.08,1625449482.0,64.0
26.65,1625449482.0,64.0
26.05,1625449482.0,64.0
25.28,1625449482.0,64.0
24.3,1625449482.0,64.0
23.01,1625449482.0,64.0
21.34,1625449482.0,64.0
19.29,1625449482.0,64.0
16.94,1625449482.0,64.0
14.42,1625449482.0,64.0
11.9,1625449482.0,64.0
9.54,1625449482.0,64.0
7.4,1625449482.0,64.0
5.39,1625449482.0,64.0
3.34,1625449482.0,64.0
1.08,1625449482.0,64.0
-1.53,1625449482.0,64.0
-4.45,1625449482.0,64.0
-7.6,1625449482.0,64.0
-10.86,1625449482.0,64.0
-14.22,1625449482.0,64.0
-17.75,1625449482.0,64.0
-21.5,1625449482.0,64.0
-25.39,1625449482.0,64.0
-29.1,1625449482.0,64.0
-32.09,1625449482.0,64.0
-33.78,1625449482.0,64.0
-33.7,1625449482.0,64.0
-31.75,1625449482.0,64.0
-28.18,1625449482.0,64.0
-23.5,1625449482.0,64.0
-18.22,1625449482.0,64.0
-12.77,1625449482.0,64.0
-7.36,1625449482.0,64.0
-2.08,1625449482.0,64.0
2.99,1625449482.0,64.0
7.75,1625449482.0,64.0
12.02,1625449482.0,64.0
15.63,1625449482.0,64.0
18.43,1625449482.0,64.0
20.36,1625449482.0,64.0
21.46,1625449482.0,64.0
21.86,1625449482.0,64.0
21.81,1625449482.0,64.0
21.59,1625449482.0,64.0
21.41,1625449482.0,64.0
21.4,1625449482.0,64.0
21.49,1625449482.0,64.0
21.52,1625449482.0,64.0
21.3,1625449482.0,64.0
20.68,1625449482.0,64.0
19.66,1625449482.0,64.0
18.27,1625449482.0,64.0
16.62,1625449482.0,64.0
14.81,1625449482.0,64.0
12.93,1625449482.0,64.0
11.12,1625449482.0,64.0
9.46,1625449482.0,64.0
8.03,1625449482.0,64.0
6.74,1625449482.0,64.0
5.43,1625449482.0,64.0
3.83,1625449482.0,64.0
1.71,1625449482.0,64.0
-1.03,1625449482.0,64.0
-4.31,1625449482.0,64.0
-7.9,1625449482.0,64.0
-11.5,1625449482.0,64.0
-14.81,1625449482.0,64.0
-17.7,1625449482.0,64.0
-20.17,1625449482.0,64.0
-22.33,1625449482.0,64.0
-24.33,1625449482.0,64.0
-26.25,1625449482.0,64.0
-28.05,1625449482.0,64.0
-29.54,1625449482.0,64.0
-30.45,1625449482.0,64.0
-30.47,1625449482.0,64.0
-29.4,1625449482.0,64.0
-27.17,1625449482.0,64.0
-23.85,1625449482.0,64.0
-19.61,1625449482.0,64.0
-14.65,1625449482.0,64.0
-9.27,1625449482.0,64.0
-3.81,1625449482.0,64.0
1.31,1625449482.0,64.0
5.68,1625449482.0,64.0
8.99,1625449482.0,64.0
11.16,1625449482.0,64.0
12.37,1625449482.0,64.0
13.02,1625449482.0,64.0
13.56,1625449482.0,64.0
14.33,1625449482.0,64.0
15.46,1625449482.0,64.0
16.82,1625449482.0,64.0
18.18,1625449482.0,64.0
19.25,1625449482.0,64.0
19.82,1625449482.0,64.0
19.77,1625449482.0,64.0
19.11,1625449482.0,64.0
17.94,1625449482.0,64.0
16.45,1625449482.0,64.0
14.88,1625449482.0,64.0
13.41,1625449482.0,64.0
12.07,1625449482.0,64.0
10.73,1625449482.0,64.0
9.18,1625449482.0,64.0
7.26,1625449482.0,64.0
4.97,1625449482.0,64.0
2.48,1625449482.0,64.0
0.03,1625449482.0,64.0
-2.21,1625449482.0,64.0
-4.3,1625449482.0,64.0
-6.42,1625449482.0,64.0
-8.83,1625449482.0,64.0
-11.69,1625449482.0,64.0
-14.97,1625449482.0,64.0
-18.46,1625449482.0,64.0
-21.92,1625449482.0,64.0
-25.1,1625449482.0,64.0
-27.79,1625449482.0,64.0
-29.84,1625449482.0,64.0
-31.07,1625449482.0,64.0
-31.27,1625449482.0,64.0
-30.26,1625449482.0,64.0
-27.91,1625449482.0,64.0
-24.28,1625449482.0,64.0
-19.62,1625449482.0,64.0
-14.35,1625449482.0,64.0
-8.93,1625449482.0,64.0
-3.81,1625449482.0,64.0
0.7,1625449482.0,64.0
4.45,1625449482.0,64.0
7.41,1625449482.0,64.0
9.67,1625449482.0,64.0
11.36,1625449482.0,64.0
12.64,1625449482.0,64.0
13.66,1625449482.0,64.0
14.58,1625449482.0,64.0
15.48,1625449482.0,64.0
16.4,1625449482.0,64.0
17.25,1625449482.0,64.0
17.88,1625449482.0,64.0
18.1,1625449482.0,64.0
17.79,1625449482.0,64.0
16.96,1625449482.0,64.0
15.73,1625449482.0,64.0
14.32,1625449482.0,64.0
12.89,1625449482.0,64.0
11.55,1625449482.0,64.0
10.24,1625449482.0,64.0
8.85,1625449482.0,64.0
7.24,1625449482.0,64.0
5.39,1625449482.0,64.0
3.4,1625449482.0,64.0
1.47,1625449482.0,64.0
-0.21,1625449482.0,64.0
-1.59,1625449482.0,64.0
-2.79,1625449482.0,64.0
-4.08,1625449482.0,64.0
-5.79,1625449482.0,64.0
-8.19,1625449482.0,64.0
-11.44,1625449482.0,64.0
-15.46,1625449482.0,64.0
-20.02,1625449482.0,64.0
-24.72,1625449482.0,64.0
-29.06,1625449482.0,64.0
-32.49,1625449482.0,64.0
-34.53,1625449482.0,64.0
-34.87,1625449482.0,64.0
-33.45,1625449482.0,64.0
-30.48,1625449482.0,64.0
-26.42,1625449482.0,64.0
-21.78,1625449482.0,64.0
-17.01,1625449482.0,64.0
-12.33,1625449482.0,64.0
-7.75,1625449482.0,64.0
-3.22,1625449482.0,64.0
1.25,1625449482.0,64.0
5.5,1625449482.0,64.0
9.21,1625449482.0,64.0
12.15,1625449482.0,64.0
14.22,1625449482.0,64.0
15.62,1625449482.0,64.0
16.73,1625449482.0,64.0
17.84,1625449482.0,64.0
19.06,1625449482.0,64.0
20.17,1625449482.0,64.0
20.84,1625449482.0,64.0
20.77,1625449482.0,64.0
19.91,1625449482.0,64.0
18.46,1625449482.0,64.0
16.79,1625449482.0,64.0
15.24,1625449482.0,64.0
13.99,1625449482.0,64.0
12.99,1625449482.0,64.0
12.05,1625449482.0,64.0
10.92,1625449482.0,64.0
9.45,1625449482.0,64.0
7.62,1625449482.0,64.0
5.49,1625449482.0,64.0
3.23,1625449482.0,64.0
0.96,1625449482.0,64.0
-1.27,1625449482.0,64.0
-3.45,1625449482.0,64.0
-5.59,1625449482.0,64.0
-7.7,1625449482.0,64.0
-9.82,1625449482.0,64.0
-12.01,1625449482.0,64.0
-14.4,1625449482.0,64.0
-17.12,1625449482.0,64.0
-20.27,1625449482.0,64.0
-23.77,1625449482.0,64.0
-27.3,1625449482.0,64.0
-30.38,1625449482.0,64.0
-32.48,1625449482.0,64.0
-33.19,1625449482.0,64.0
-32.31,1625449482.0,64.0
-29.93,1625449482.0,64.0
-26.36,1625449482.0,64.0
-22.0,1625449482.0,64.0
-17.24,1625449482.0,64.0
-12.39,1625449482.0,64.0
-7.61,1625449482.0,64.0
-2.98,1625449482.0,64.0
1.43,1625449482.0,64.0
5.5,1625449482.0,64.0
9.09,1625449482.0,64.0
12.06,1625449482.0,64.0
14.4,1625449482.0,64.0
16.2,1625449482.0,64.0
17.67,1625449482.0,64.0
19.04,1625449482.0,64.0
20.45,1625449482.0,64.0
21.9,1625449482.0,64.0
23.24,1625449482.0,64.0
24.28,1625449482.0,64.0
24.86,1625449482.0,64.0
24.93,1625449482.0,64.0
24.56,1625449482.0,64.0
23.88,1625449482.0,64.0
23.03,1625449482.0,64.0
22.12,1625449482.0,64.0
21.11,1625449482.0,64.0
19.87,1625449482.0,64.0
18.26,1625449482.0,64.0
16.19,1625449482.0,64.0
13.67,1625449482.0,64.0
10.88,1625449482.0,64.0
8.07,1625449482.0,64.0
5.45,1625449482.0,64.0
3.08,1625449482.0,64.0
0.9,1625449482.0,64.0
-1.28,1625449482.0,64.0
-3.64,1625449482.0,64.0
-6.29,1625449482.0,64.0
-9.25,1625449482.0,64.0
-12.44,1625449482.0,64.0
-15.74,1625449482.0,64.0
-19.09,1625449482.0,64.0
-22.4,1625449482.0,64.0
-25.57,1625449482.0,64.0
-28.42,1625449482.0,64.0
-30.62,1625449482.0,64.0
-31.82,1625449482.0,64.0
-31.71,1625449482.0,64.0
-30.14,1625449482.0,64.0
-27.24,1625449482.0,64.0
-23.3,1625449482.0,64.0
-18.72,1625449482.0,64.0
-13.87,1625449482.0,64.0
-8.95,1625449482.0,64.0
-4.01,1625449482.0,64.0
0.93,1625449482.0,64.0
5.79,1625449482.0,64.0
10.32,1625449482.0,64.0
14.19,1625449482.0,64.0
17.11,1625449482.0,64.0
18.99,1625449482.0,64.0
19.99,1625449482.0,64.0
20.51,1625449482.0,64.0
20.97,1625449482.0,64.0
21.68,1625449482.0,64.0
22.65,1625449482.0,64.0
23.66,1625449482.0,64.0
24.38,1625449482.0,64.0
24.59,1625449482.0,64.0
24.22,1625449482.0,64.0
23.37,1625449482.0,64.0
22.23,1625449482.0,64.0
20.95,1625449482.0,64.0
19.55,1625449482.0,64.0
18.0,1625449482.0,64.0
16.27,1625449482.0,64.0
14.4,1625449482.0,64.0
12.52,1625449482.0,64.0
10.75,1625449482.0,64.0
9.11,1625449482.0,64.0
7.48,1625449482.0,64.0
5.69,1625449482.0,64.0
3.59,1625449482.0,64.0
1.2,1625449482.0,64.0
-1.34,1625449482.0,64.0
-3.8,1625449482.0,64.0
-6.06,1625449482.0,64.0
-8.12,1625449482.0,64.0
-10.12,1625449482.0,64.0
-12.25,1625449482.0,64.0
-14.61,1625449482.0,64.0
-17.26,1625449482.0,64.0
-20.12,1625449482.0,64.0
-23.06,1625449482.0,64.0
-25.88,1625449482.0,64.0
-28.3,1625449482.0,64.0
-29.96,1625449482.0,64.0
-30.45,1625449482.0,64.0
-29.52,1625449482.0,64.0
-27.16,1625449482.0,64.0
-23.66,1625449482.0,64.0
-19.47,1625449482.0,64.0
-15.07,1625449482.0,64.0
-10.71,1625449482.0,64.0
-6.51,1625449482.0,64.0
-2.46,1625449482.0,64.0
1.35,1625449482.0,64.0
4.73,1625449482.0,64.0
7.46,1625449482.0,64.0
9.45,1625449482.0,64.0
10.84,1625449482.0,64.0
11.96,1625449482.0,64.0
13.12,1625449482.0,64.0
14.46,1625449482.0,64.0
15.89,1625449482.0,64.0
17.22,1625449482.0,64.0
18.29,1625449482.0,64.0
19.11,1625449482.0,64.0
19.73,1625449482.0,64.0
20.12,1625449482.0,64.0
20.11,1625449482.0,64.0
19.47,1625449482.0,64.0
18.05,1625449482.0,64.0
15.98,1625449482.0,64.0
13.67,1625449482.0,64.0
11.59,1625449482.0,64.0
10.12,1625449482.0,64.0
9.32,1625449482.0,64.0
8.96,1625449482.0,64.0
8.68,1625449482.0,64.0
8.14,1625449482.0,64.0
7.18,1625449482.0,64.0
5.78,1625449482.0,64.0
4.01,1625449482.0,64.0
1.97,1625449482.0,64.0
-0.28,1625449482.0,64.0
-2.71,1625449482.0,64.0
-5.31,1625449482.0,64.0
-8.04,1625449482.0,64.0
-10.8,1625449482.0,64.0
-13.48,1625449482.0,64.0
-15.99,1625449482.0,64.0
-18.27,1625449482.0,64.0
-20.35,1625449482.0,64.0
-22.24,1625449482.0,64.0
-23.91,1625449482.0,64.0
-25.22,1625449482.0,64.0
-25.91,1625449482.0,64.0
-25.72,1625449482.0,64.0
-24.51,1625449482.0,64.0
-22.29,1625449482.0,64.0
-19.31,1625449482.0,64.0
-15.86,1625449482.0,64.0
-12.23,1625449482.0,64.0
-8.64,1625449482.0,64.0
-5.21,1625449482.0,64.0
-2.01,1625449482.0,64.0
0.88,1625449482.0,64.0
3.34,1625449482.0,64.0
5.31,1625449482.0,64.0
6.78,1625449482.0,64.0
7.84,1625449482.0,64.0
8.67,1625449482.0,64.0
9.48,1625449482.0,64.0
10.4,1625449482.0,64.0
11.46,1625449482.0,64.0
12.54,1625449482.0,64.0
13.45,1625449482.0,64.0
14.0,1625449482.0,64.0
14.11,1625449482.0,64.0
13.8,1625449482.0,64.0
13.22,1625449482.0,64.0
12.54,1625449482.0,64.0
11.89,1625449482.0,64.0
11.31,1625449482.0,64.0
10.7,1625449482.0,64.0
9.92,1625449482.0,64.0
8.81,1625449482.0,64.0
7.27,1625449482.0,64.0
5.35,1625449482.0,64.0
3.19,1625449482.0,64.0
1.03,1625449482.0,64.0
-0.92,1625449482.0,64.0
-2.55,1625449482.0,64.0
-3.91,1625449482.0,64.0
-5.21,1625449482.0,64.0
-6.71,1625449482.0,64.0
-8.64,1625449482.0,64.0
-11.06,1625449482.0,64.0
-13.89,1625449482.0,64.0
-16.94,1625449482.0,64.0
-20.02,1625449482.0,64.0
-22.95,1625449482.0,64.0
-25.59,1625449482.0,64.0
-27.75,1625449482.0,64.0
-29.15,1625449482.0,64.0
-29.53,1625449482.0,64.0
-28.66,1625449482.0,64.0
-26.55,1625449482.0,64.0
-23.45,1625449482.0,64.0
-19.77,1625449482.0,64.0
-15.93,1625449482.0,64.0
-12.2,1625449482.0,64.0
-8.61,1625449482.0,64.0
-5.08,1625449482.0,64.0
-1.51,1625449482.0,64.0
2.04,1625449482.0,64.0
5.37,1625449482.0,64.0
8.19,1625449482.0,64.0
10.29,1625449482.0,64.0
11.69,1625449482.0,64.0
12.56,1625449482.0,64.0
13.22,1625449482.0,64.0
13.9,1625449482.0,64.0
14.67,1625449482.0,64.0
15.43,1625449482.0,64.0
16.01,1625449482.0,64.0
16.25,1625449482.0,64.0
16.17,1625449482.0,64.0
15.88,1625449482.0,64.0
15.53,1625449482.0,64.0
15.22,1625449482.0,64.0
14.95,1625449482.0,64.0
14.58,1625449482.0,64.0
13.93,1625449482.0,64.0
12.87,1625449482.0,64.0
11.34,1625449482.0,64.0
9.4,1625449482.0,64.0
7.17,1625449482.0,64.0
4.88,1625449482.0,64.0
2.73,1625449482.0,64.0
0.88,1625449482.0,64.0
-0.62,1625449482.0,64.0
-1.9,1625449482.0,64.0
-3.22,1625449482.0,64.0
-4.86,1625449482.0,64.0
-7.02,1625449482.0,64.0
-9.71,1625449482.0,64.0
-12.78,1625449482.0,64.0
-16.04,1625449482.0,64.0
-19.29,1625449482.0,64.0
-22.37,1625449482.0,64.0
-25.09,1625449482.0,64.0
-27.19,1625449482.0,64.0
-28.37,1625449482.0,64.0
-28.33,1625449482.0,64.0
-27.0,1625449482.0,64.0
-24.45,1625449482.0,64.0
-20.98,1625449482.0,64.0
-16.9,1625449482.0,64.0
-12.49,1625449482.0,64.0
-7.96,1625449482.0,64.0
-3.54,1625449482.0,64.0
0.51,1625449482.0,64.0
3.89,1625449482.0,64.0
6.36,1625449482.0,64.0
7.89,1625449482.0,64.0
8.68,1625449482.0,64.0
9.1,1625449482.0,64.0
9.53,1625449482.0,64.0
10.21,1625449482.0,64.0
11.21,1625449482.0,64.0
12.4,1625449482.0,64.0
13.58,1625449482.0,64.0
14.54,1625449482.0,64.0
15.15,1625449482.0,64.0
15.35,1625449482.0,64.0
15.17,1625449482.0,64.0
14.65,1625449482.0,64.0
13.83,1625449482.0,64.0
12.76,1625449482.0,64.0
11.43,1625449482.0,64.0
9.86,1625449482.0,64.0
8.11,1625449482.0,64.0
6.27,1625449482.0,64.0
4.47,1625449482.0,64.0
2.83,1625449482.0,64.0
1.38,1625449482.0,64.0
0.06,1625449482.0,64.0
-1.28,1625449482.0,64.0
-2.82,1625449482.0,64.0
-4.73,1625449482.0,64.0
-7.03,1625449482.0,64.0
-9.67,1625449482.0,64.0
-12.48,1625449482.0,64.0
-15.28,1625449482.0,64.0
-17.85,1625449482.0,64.0
-20.01,1625449482.0,64.0
-21.61,1625449482.0,64.0
-22.53,1625449482.0,64.0
-22.7,1625449482.0,64.0
-22.07,1625449482.0,64.0
-20.65,1625449482.0,64.0
-18.49,1625449482.0,64.0
-15.7,1625449482.0,64.0
-12.42,1625449482.0,64.0
-8.82,1625449482.0,64.0
-5.13,1625449482.0,64.0
-1.57,1625449482.0,64.0
1.61,1625449482.0,64.0
4.25,1625449482.0,64.0
6.26,1625449482.0,64.0
7.73,1625449482.0,64.0
8.81,1625449482.0,64.0
9.7,1625449482.0,64.0
10.58,1625449482.0,64.0
11.53,1625449482.0,64.0
12.57,1625449482.0,64.0
13.58,1625449482.0,64.0
14.43,1625449482.0,64.0
14.95,1625449482.0,64.0
15.05,1625449482.0,64.0
14.66,1625449482.0,64.0
13.84,1625449482.0,64.0
12.68,1625449482.0,64.0
11.36,1625449482.0,64.0
9.99,1625449482.0,64.0
8.64,1625449482.0,64.0
7.32,1625449482.0,64.0
5.94,1625449482.0,64.0
4.42,1625449482.0,64.0
2.76,1625449482.0,64.0
0.97,1625449482.0,64.0
-0.89,1625449482.0,64.0
-2.81,1625449482.0,64.0
-4.86,1625449482.0,64.0
-7.21,1625449482.0,64.0
-9.99,1625449482.0,64.0
-13.26,1625449482.0,64.0
-16.91,1625449482.0,64.0
-20.6,1625449482.0,64.0
-23.87,1625449482.0,64.0
-26.23,1625449482.0,64.0
-27.34,1625449482.0,64.0
-27.1,1625449482.0,64.0
-25.66,1625449482.0,64.0
-23.33,1625449482.0,64.0
-20.41,1625449482.0,64.0
-17.14,1625449482.0,64.0
-13.6,1625449482.0,64.0
-9.81,1625449482.0,64.0
-5.79,1625449482.0,64.0
-1.66,1625449482.0,64.0
2.34,1625449482.0,64.0
5.95,1625449482.0,64.0
8.96,1625449482.0,64.0
11.27,1625449482.0,64.0
12.97,1625449482.0,64.0
14.24,1625449482.0,64.0
15.3,1625449482.0,64.0
16.32,1625449482.0,64.0
17.36,1625449482.0,64.0
18.36,1625449482.0,64.0
19.17,1625449482.0,64.0
19.63,1625449482.0,64.0
19.65,1625449482.0,64.0
19.23,1625449482.0,64.0
18.53,1625449482.0,64.0
17.66,1625449482.0,64.0
16.74,1625449482.0,64.0
15.72,1625449482.0,64.0
14.49,1625449482.0,64.0
12.88,1625449482.0,64.0
10.82,1625449482.0,64.0
8.33,1625449482.0,64.0
5.56,1625449482.0,64.0
2.66,1625449482.0,64.0
-0.24,1625449482.0,64.0
-3.09,1625449482.0,64.0
-5.93,1625449482.0,64.0
-8.8,1625449482.0,64.0
-11.75,1625449482.0,64.0
-14.75,1625449482.0,64.0
-17.72,1625449482.0,64.0
-20.55,1625449482.0,64.0
-23.12,1625449482.0,64.0
-25.29,1625449482.0,64.0
-26.92,1625449482.0,64.0
-27.84,1625449482.0,64.0
-27.86,1625449482.0,64.0
-26.82,1625449482.0,64.0
-24.66,1625449482.0,64.0
-21.47,1625449482.0,64.0
-17.47,1625449482.0,64.0
-13.01,1625449482.0,64.0
-8.42,1625449482.0,64.0
-3.99,1625449482.0,64.0
0.11,1625449482.0,64.0
3.77,1625449482.0,64.0
6.96,1625449482.0,64.0
9.66,1625449482.0,64.0
11.92,1625449482.0,64.0
13.85,1625449482.0,64.0
15.63,1625449482.0,64.0
17.4,1625449482.0,64.0
19.22,1625449482.0,64.0
20.96,1625449482.0,64.0
22.39,1625449482.0,64.0
23.24,1625449482.0,64.0
23.34,1625449482.0,64.0
22.71,1625449482.0,64.0
21.55,1625449482.0,64.0
20.16,1625449482.0,64.0
18.82,1625449482.0,64.0
17.72,1625449482.0,64.0
16.83,1625449482.0,64.0
16.02,1625449482.0,64.0
15.03,1625449482.0,64.0
13.63,1625449482.0,64.0
11.67,1625449482.0,64.0
9.18,1625449482.0,64.0
6.33,1625449482.0,64.0
3.37,1625449482.0,64.0
0.52,1625449482.0,64.0
-2.16,1625449482.0,64.0
-4.73,1625449482.0,64.0
-7.32,1625449482.0,64.0
-10.1,1625449482.0,64.0
-13.12,1625449482.0,64.0
-16.37,1625449482.0,64.0
-19.77,1625449482.0,64.0
-23.12,1625449482.0,64.0
-26.18,1625449482.0,64.0
-28.62,1625449482.0,64.0
-30.09,1625449482.0,64.0
-30.32,1625449482.0,64.0
-29.19,1625449482.0,64.0
-26.82,1625449482.0,64.0
-23.52,1625449482.0,64.0
-19.6,1625449482.0,64.0
-15.3,1625449482.0,64.0
-10.71,1625449482.0,64.0
-5.82,1625449482.0,64.0
-0.72,1625449482.0,64.0
4.4,1625449482.0,64.0
9.18,1625449482.0,64.0
13.31,1625449482.0,64.0
16.6,1625449482.0,64.0
19.12,1625449482.0,64.0
21.06,1625449482.0,64.0
22.63,1625449482.0,64.0
23.96,1625449482.0,64.0
25.0,1625449482.0,64.0
25.68,1625449482.0,64.0
25.91,1625449482.0,64.0
25.76,1625449482.0,64.0
25.37,1625449482.0,64.0
24.89,1625449482.0,64.0
24.39,1625449482.0,64.0
23.8,1625449482.0,64.0
22.97,1625449482.0,64.0
21.76,1625449482.0,64.0
20.13,1625449482.0,64.0
18.19,1625449482.0,64.0
16.1,1625449482.0,64.0
14.07,1625449482.0,64.0
12.2,1625449482.0,64.0
10.48,1625449482.0,64.0
8.76,1625449482.0,64.0
6.9,1625449482.0,64.0
4.78,1625449482.0,64.0
2.41,1625449482.0,64.0
-0.15,1625449482.0,64.0
-2.8,1625449482.0,64.0
-5.48,1625449482.0,64.0
-8.19,1625449482.0,64.0
-11.0,1625449482.0,64.0
-13.97,1625449482.0,64.0
-17.12,1625449482.0,64.0
-20.43,1625449482.0,64.0
-23.78,1625449482.0,64.0
-27.0,1625449482.0,64.0
-29.81,1625449482.0,64.0
-31.9,1625449482.0,64.0
-32.97,1625449482.0,64.0
-32.8,1625449482.0,64.0
-31.37,1625449482.0,64.0
-28.78,1625449482.0,64.0
-25.3,1625449482.0,64.0
-21.18,1625449482.0,64.0
-16.58,1625449482.0,64.0
-11.6,1625449482.0,64.0
-6.29,1625449482.0,64.0
-0.81,1625449482.0,64.0
4.52,1625449482.0,64.0
9.3,1625449482.0,64.0
13.16,1625449482.0,64.0
15.92,1625449482.0,64.0
17.72,1625449482.0,64.0
18.92,1625449482.0,64.0
20.0,1625449482.0,64.0
21.32,1625449482.0,64.0
22.98,1625449482.0,64.0
24.81,1625449482.0,64.0
26.46,1625449482.0,64.0
27.59,1625449482.0,64.0
27.99,1625449482.0,64.0
27.68,1625449482.0,64.0
26.77,1625449482.0,64.0
25.44,1625449482.0,64.0
23.84,1625449482.0,64.0
22.06,1625449482.0,64.0
20.18,1625449482.0,64.0
18.32,1625449482.0,64.0
16.57,1625449482.0,64.0
15.01,1625449482.0,64.0
13.65,1625449482.0,64.0
12.4,1625449482.0,64.0
11.09,1625449482.0,64.0
9.58,1625449482.0,64.0
7.78,1625449482.0,64.0
5.74,1625449482.0,64.0
3.55,1625449482.0,64.0
1.36,1625449482.0,64.0
-0.76,1625449482.0,64.0
-2.82,1625449482.0,64.0
-4.93,1625449482.0,64.0
-7.29,1625449482.0,64.0
-10.03,1625449482.0,64.0
-13.2,1625449482.0,64.0
-16.69,1625449482.0,64.0
-20.3,1625449482.0,64.0
-23.82,1625449482.0,64.0
-27.04,1625449482.0,64.0
-29.83,1625449482.0,64.0
-32.09,1625449482.0,64.0
-33.72,1625449482.0,64.0
-34.57,1625449482.0,64.0
-34.55,1625449482.0,64.0
-33.6,1625449482.0,64.0
-31.77,1625449482.0,64.0
-29.18,1625449482.0,64.0
-25.97,1625449482.0,64.0
-22.24,1625449482.0,64.0
-18.03,1625449482.0,64.0
-13.36,1625449482.0,64.0
-8.3,1625449482.0,64.0
-3.05,1625449482.0,64.0
2.11,1625449482.0,64.0
6.87,1625449482.0,64.0
10.98,1625449482.0,64.0
14.33,1625449482.0,64.0
16.98,1625449482.0,64.0
19.09,1625449482.0,64.0
20.87,1625449482.0,64.0
22.46,1625449482.0,64.0
23.84,1625449482.0,64.0
24.94,1625449482.0,64.0
25.6,1625449482.0,64.0
25.76,1625449482.0,64.0
25.43,1625449482.0,64.0
24.73,1625449482.0,64.0
23.78,1625449482.0,64.0
22.7,1625449482.0,64.0
21.51,1625449482.0,64.0
20.24,1625449482.0,64.0
18.88,1625449482.0,64.0
17.5,1625449482.0,64.0
16.15,1625449482.0,64.0
14.86,1625449482.0,64.0
13.6,1625449482.0,64.0
12.33,1625449482.0,64.0
10.98,1625449482.0,64.0
9.5,1625449482.0,64.0
7.86,1625449482.0,64.0
6.03,1625449482.0,64.0
4.01,1625449482.0,64.0
1.84,1625449482.0,64.0
-0.38,1625449482.0,64.0
-2.5,1625449482.0,64.0
-4.43,1625449482.0,64.0
-6.19,1625449482.0,64.0
-7.94,1625449482.0,64.0
-9.91,1625449482.0,64.0
-12.27,1625449482.0,64.0
-15.11,1625449482.0,64.0
-18.37,1625449482.0,64.0
-21.85,1625449482.0,64.0
-25.29,1625449482.0,64.0
-28.4,1625449482.0,64.0
-30.88,1625449482.0,64.0
-32.4,1625449482.0,64.0
-32.8,1625449482.0,64.0
-32.02,1625449482.0,64.0
-30.2,1625449482.0,64.0
-27.57,1625449482.0,64.0
-24.35,1625449482.0,64.0
-20.7,1625449482.0,64.0
-16.71,1625449482.0,64.0
-12.44,1625449482.0,64.0
-8.02,1625449482.0,64.0
-3.69,1625449482.0,64.0
0.3,1625449482.0,64.0
3.76,1625449482.0,64.0
6.66,1625449482.0,64.0
9.1,1625449482.0,64.0
11.26,1625449482.0,64.0
13.27,1625449482.0,64.0
15.19,1625449482.0,64.0
16.99,1625449482.0,64.0
18.58,1625449482.0,64.0
19.88,1625449482.0,64.0
20.82,1625449482.0,64.0
21.39,1625449482.0,64.0
21.6,1625449482.0,64.0
21.49,1625449482.0,64.0
21.15,1625449482.0,64.0
20.62,1625449482.0,64.0
19.92,1625449482.0,64.0
18.99,1625449482.0,64.0
17.79,1625449482.0,64.0
16.29,1625449482.0,64.0
14.54,1625449482.0,64.0
12.64,1625449482.0,64.0
10.69,1625449482.0,64.0
8.81,1625449482.0,64.0
7.04,1625449482.0,64.0
5.43,1625449482.0,64.0
3.99,1625449482.0,64.0
2.75,1625449482.0,64.0
1.7,1625449482.0,64.0
0.79,1625449482.0,64.0
-0.15,1625449482.0,64.0
-1.32,1625449482.0,64.0
-2.93,1625449482.0,64.0
-5.08,1625449482.0,64.0
-7.8,1625449482.0,64.0
-10.97,1625449482.0,64.0
-14.43,1625449482.0,64.0
-18.06,1625449482.0,64.0
-21.7,1625449482.0,64.0
-25.18,1625449482.0,64.0
-28.33,1625449482.0,64.0
-30.85,1625449482.0,64.0
-32.52,1625449482.0,64.0
-33.15,1625449482.0,64.0
-32.7,1625449482.0,64.0
-31.26,1625449482.0,64.0
-28.96,1625449482.0,64.0
-25.92,1625449482.0,64.0
-22.18,1625449482.0,64.0
-17.8,1625449482.0,64.0
-12.91,1625449482.0,64.0
-7.79,1625449482.0,64.0
-2.81,1625449482.0,64.0
1.57,1625449482.0,64.0
5.03,1625449482.0,64.0
7.46,1625449482.0,64.0
8.99,1625449482.0,64.0
9.9,1625449482.0,64.0
10.55,1625449482.0,64.0
11.2,1625449482.0,64.0
11.95,1625449482.0,64.0
12.78,1625449482.0,64.0
13.57,1625449482.0,64.0
14.18,1625449482.0,64.0
14.56,1625449482.0,64.0
14.69,1625449482.0,64.0
14.6,1625449482.0,64.0
14.29,1625449482.0,64.0
13.76,1625449482.0,64.0
13.04,1625449482.0,64.0
12.16,1625449482.0,64.0
11.19,1625449482.0,64.0
10.19,1625449482.0,64.0
9.15,1625449482.0,64.0
8.01,1625449482.0,64.0
6.71,1625449482.0,64.0
5.19,1625449482.0,64.0
3.5,1625449482.0,64.0
1.69,1625449482.0,64.0
-0.14,1625449482.0,64.0
-1.93,1625449482.0,64.0
-3.66,1625449482.0,64.0
-5.35,1625449482.0,64.0
-7.07,1625449482.0,64.0
-8.88,1625449482.0,64.0
-10.87,1625449482.0,64.0
-13.13,1625449482.0,64.0
-15.68,1625449482.0,64.0
-18.42,1625449482.0,64.0
-21.1,1625449482.0,64.0
-23.35,1625449482.0,64.0
-24.81,1625449482.0,64.0
-25.22,1625449482.0,64.0
-24.48,1625449482.0,64.0
-22.74,1625449482.0,64.0
-20.22,1625449482.0,64.0
-17.2,1625449482.0,64.0
-13.89,1625449482.0,64.0
-10.4,1625449482.0,64.0
-6.83,1625449482.0,64.0
-3.25,1625449482.0,64.0
0.2,1625449482.0,64.0
3.33,1625449482.0,64.0
5.98,1625449482.0,64.0
8.07,1625449482.0,64.0
9.63,1625449482.0,64.0
10.82,1625449482.0,64.0
11.85,1625449482.0,64.0
12.87,1625449482.0,64.0
13.94,1625449482.0,64.0
14.99,1625449482.0,64.0
15.87,1625449482.0,64.0
16.42,1625449482.0,64.0
16.54,1625449482.0,64.0
16.26,1625449482.0,64.0
15.68,1625449482.0,64.0
14.98,1625449482.0,64.0
14.27,1625449482.0,64.0
13.63,1625449482.0,64.0
12.99,1625449482.0,64.0
12.22,1625449482.0,64.0
11.15,1625449482.0,64.0
9.69,1625449482.0,64.0
7.86,1625449482.0,64.0
5.76,1625449482.0,64.0
3.61,1625449482.0,64.0
1.55,1625449482.0,64.0
-0.32,1625449482.0,64.0
-2.07,1625449482.0,64.0
-3.86,1625449482.0,64.0
-5.84,1625449482.0,64.0
-8.11,1625449482.0,64.0
-10.69,1625449482.0,64.0
-13.51,1625449482.0,64.0
-16.51,1625449482.0,64.0
-19.56,1625449482.0,64.0
-22.55,1625449482.0,64.0
-25.28,1625449482.0,64.0
-27.48,1625449482.0,64.0
-28.87,1625449482.0,64.0
-29.21,1625449482.0,64.0
-28.42,1625449482.0,64.0
-26.58,1625449482.0,64.0
-23.92,1625449482.0,64.0
-20.7,1625449482.0,64.0
-17.15,1625449482.0,64.0
-13.39,1625449482.0,64.0
-9.44,1625449482.0,64.0
-5.34,1625449482.0,64.0
-1.16,1625449482.0,64.0
2.92,1625449482.0,64.0
6.66,1625449482.0,64.0
9.8,1625449482.0,64.0
12.21,1625449482.0,64.0
13.94,1625449482.0,64.0
15.19,1625449482.0,64.0
16.25,1625449482.0,64.0
17.35,1625449482.0,64.0
18.65,1625449482.0,64.0
20.11,1625449482.0,64.0
21.52,1625449482.0,64.0
22.64,1625449482.0,64.0
23.18,1625449482.0,64.0
23.04,1625449482.0,64.0
22.27,1625449482.0,64.0
21.04,1625449482.0,64.0
19.6,1625449482.0,64.0
18.11,1625449482.0,64.0
16.6,1625449482.0,64.0
14.98,1625449482.0,64.0
13.14,1625449482.0,64.0
11.02,1625449482.0,64.0
8.7,1625449482.0,64.0
6.29,1625449482.0,64.0
3.88,1625449482.0,64.0
1.47,1625449482.0,64.0
-1.02,1625449482.0,64.0
-3.64,1625449482.0,64.0
-6.39,1625449482.0,64.0
-9.16,1625449482.0,64.0
-11.82,1625449482.0,64.0
-14.31,1625449482.0,64.0
-16.68,1625449482.0,64.0
-19.06,1625449482.0,64.0
-21.53,1625449482.0,64.0
-24.07,1625449482.0,64.0
-26.48,1625449482.0,64.0
-28.47,1625449482.0,64.0
-29.75,1625449482.0,64.0
-30.12,1625449482.0,64.0
-29.54,1625449482.0,64.0
-28.1,1625449482.0,64.0
-25.95,1625449482.0,64.0
-23.22,1625449482.0,64.0
-19.97,1625449482.0,64.0
-16.21,1625449482.0,64.0
-11.95,1625449482.0,64.0
-7.29,1625449482.0,64.0
-2.43,1625449482.0,64.0
2.28,1625449482.0,64.0
6.48,1625449482.0,64.0
9.89,1625449482.0,64.0
12.4,1625449482.0,64.0
14.1,1625449482.0,64.0
15.24,1625449482.0,64.0
16.09,1625449482.0,64.0
16.86,1625449482.0,64.0
17.63,1625449482.0,64.0
18.34,1625449482.0,64.0
18.94,1625449482.0,64.0
19.34,1625449482.0,64.0
19.53,1625449482.0,64.0
19.52,1625449482.0,64.0
19.31,1625449482.0,64.0
18.82,1625449482.0,64.0
17.95,1625449482.0,64.0
16.58,1625449482.0,64.0
14.67,1625449482.0,64.0
12.3,1625449482.0,64.0
9.73,1625449482.0,64.0
7.25,1625449482.0,64.0
5.13,1625449482.0,64.0
3.44,1625449482.0,64.0
2.09,1625449482.0,64.0
0.8,1625449482.0,64.0
-0.66,1625449482.0,64.0
-2.45,1625449482.0,64.0
-4.54,1625449482.0,64.0
-6.81,1625449482.0,64.0
-9.12,1625449482.0,64.0
-11.44,1625449482.0,64.0
-13.87,1625449482.0,64.0
-16.51,1625449482.0,64.0
-19.39,1625449482.0,64.0
-22.36,1625449482.0,64.0
-25.08,1625449482.0,64.0
-27.12,1625449482.0,64.0
-28.1,1625449482.0,64.0
-27.78,1625449482.0,64.0
-26.17,1625449482.0,64.0
-23.48,1625449482.0,64.0
-20.04,1625449482.0,64.0
-16.21,1625449482.0,64.0
-12.23,1625449482.0,64.0
-8.23,1625449482.0,64.0
-4.28,1625449482.0,64.0
-0.41,1625449482.0,64.0
3.28,1625449482.0,64.0
6.62,1625449482.0,64.0
9.43,1625449482.0,64.0
11.56,1625449482.0,64.0
13.03,1625449482.0,64.0
13.99,1625449482.0,64.0
14.72,1625449482.0,64.0
15.49,1625449482.0,64.0
16.43,1625449482.0,64.0
17.52,1625449482.0,64.0
18.6,1625449482.0,64.0
19.47,1625449482.0,64.0
19.94,1625449482.0,64.0
19.96,1625449482.0,64.0
19.52,1625449482.0,64.0
18.71,1625449482.0,64.0
17.57,1625449482.0,64.0
16.18,1625449482.0,64.0
14.6,1625449482.0,64.0
12.9,1625449482.0,64.0
11.18,1625449482.0,64.0
9.53,1625449482.0,64.0
7.98,1625449482.0,64.0
6.54,1625449482.0,64.0
5.17,1625449482.0,64.0
3.79,1625449482.0,64.0
2.27,1625449482.0,64.0
0.51,1625449482.0,64.0
-1.57,1625449482.0,64.0
-3.9,1625449482.0,64.0
-6.37,1625449482.0,64.0
-8.75,1625449482.0,64.0
-10.93,1625449482.0,64.0
-12.91,1625449482.0,64.0
-14.84,1625449482.0,64.0
-16.9,1625449482.0,64.0
-19.17,1625449482.0,64.0
-21.48,1625449482.0,64.0
-23.49,1625449482.0,64.0
-24.83,1625449482.0,64.0
-25.24,1625449482.0,64.0
-24.7,1625449482.0,64.0
-23.33,1625449482.0,64.0
-21.26,1625449482.0,64.0
-18.52,1625449482.0,64.0
-15.11,1625449482.0,64.0
-11.07,1625449482.0,64.0
-6.64,1625449482.0,64.0
-2.26,1625449482.0,64.0
1.58,1625449482.0,64.0
4.59,1625449482.0,64.0
6.76,1625449482.0,64.0
8.38,1625449482.0,64.0
9.83,1625449482.0,64.0
11.38,1625449482.0,64.0
13.06,1625449482.0,64.0
14.75,1625449482.0,64.0
16.24,1625449482.0,64.0
17.41,1625449482.0,64.0
18.22,1625449482.0,64.0
18.69,1625449482.0,64.0
18.87,1625449482.0,64.0
18.76,1625449482.0,64.0
18.35,1625449482.0,64.0
17.68,1625449482.0,64.0
16.77,1625449482.0,64.0
15.65,1625449482.0,64.0
14.3,1625449482.0,64.0
12.67,1625449482.0,64.0
10.77,1625449482.0,64.0
8.72,1625449482.0,64.0
6.68,1625449482.0,64.0
4.84,1625449482.0,64.0
3.29,1625449482.0,64.0
1.94,1625449482.0,64.0
0.59,1625449482.0,64.0
-0.98,1625449482.0,64.0
-2.9,1625449482.0,64.0
-5.19,1625449482.0,64.0
-7.74,1625449482.0,64.0
-10.41,1625449482.0,64.0
-13.17,1625449482.0,64.0
-16.04,1625449482.0,64.0
-19.03,1625449482.0,64.0
-22.04,1625449482.0,64.0
-24.81,1625449482.0,64.0
-26.95,1625449482.0,64.0
-28.11,1625449482.0,64.0
-28.08,1625449482.0,64.0
-26.91,1625449482.0,64.0
-24.81,1625449482.0,64.0
-22.08,1625449482.0,64.0
-18.94,1625449482.0,64.0
-15.51,1625449482.0,64.0
-11.83,1625449482.0,64.0
-7.96,1625449482.0,64.0
-4.06,1625449482.0,64.0
-0.39,1625449482.0,64.0
2.82,1625449482.0,64.0
5.44,1625449482.0,64.0
7.51,1625449482.0,64.0
9.2,1625449482.0,64.0
10.7,1625449482.0,64.0
12.13,1625449482.0,64.0
13.5,1625449482.0,64.0
14.72,1625449482.0,64.0
15.72,1625449482.0,64.0
16.47,1625449482.0,64.0
17.04,1625449482.0,64.0
17.47,1625449482.0,64.0
17.74,1625449482.0,64.0
17.78,1625449482.0,64.0
17.5,1625449482.0,64.0
16.83,1625449482.0,64.0
15.78,1625449482.0,64.0
14.45,1625449482.0,64.0
12.98,1625449482.0,64.0
11.46,1625449482.0,64.0
9.97,1625449482.0,64.0
8.48,1625449482.0,64.0
6.98,1625449482.0,64.0
5.46,1625449482.0,64.0
3.94,1625449482.0,64.0
2.46,1625449482.0,64.0
1.02,1625449482.0,64.0
-0.44,1625449482.0,64.0
-2.02,1625449482.0,64.0
-3.86,1625449482.0,64.0
-6.05,1625449482.0,64.0
-8.63,1625449482.0,64.0
-11.53,1625449482.0,64.0
-14.6,1625449482.0,64.0
-17.59,1625449482.0,64.0
-20.23,1625449482.0,64.0
-22.25,1625449482.0,64.0
-23.38,1625449482.0,64.0
-23.45,1625449482.0,64.0
-22.37,1625449482.0,64.0
-20.24,1625449482.0,64.0
-17.29,1625449482.0,64.0
-13.84,1625449482.0,64.0
-10.2,1625449482.0,64.0
-6.6,1625449482.0,64.0
-3.15,1625449482.0,64.0
0.08,1625449482.0,64.0
3.0,1625449482.0,64.0
5.5,1625449482.0,64.0
7.48,1625449482.0,64.0
8.95,1625449482.0,64.0
10.05,1625449482.0,64.0
11.0,1625449482.0,64.0
11.97,1625449482.0,64.0
13.01,1625449482.0,64.0
13.96,1625449482.0,64.0
14.61,1625449482.0,64.0
14.8,1625449482.0,64.0
14.61,1625449482.0,64.0
14.27,1625449482.0,64.0
14.06,1625449482.0,64.0
14.12,1625449482.0,64.0
14.37,1625449482.0,64.0
14.51,1625449482.0,64.0
14.22,1625449482.0,64.0
13.29,1625449482.0,64.0
11.72,1625449482.0,64.0
9.69,1625449482.0,64.0
7.4,1625449482.0,64.0
5.04,1625449482.0,64.0
2.71,1625449482.0,64.0
0.44,1625449482.0,64.0
-1.71,1625449482.0,64.0
-3.65,1625449482.0,64.0
-5.27,1625449482.0,64.0
-6.53,1625449482.0,64.0
-7.49,1625449482.0,64.0
-8.38,1625449482.0,64.0
-9.47,1625449482.0,64.0
-10.98,1625449482.0,64.0
-12.99,1625449482.0,64.0
-15.33,1625449482.0,64.0
-17.72,1625449482.0,64.0
-19.77,1625449482.0,64.0
-21.18,1625449482.0,64.0
-21.74,1625449482.0,64.0
-21.42,1625449482.0,64.0
-20.21,1625449482.0,64.0
-18.15,1625449482.0,64.0
-15.29,1625449482.0,64.0
-11.75,1625449482.0,64.0
-7.73,1625449482.0,64.0
-3.57,1625449482.0,64.0
0.38,1625449482.0,64.0
3.78,1625449482.0,64.0
6.44,1625449482.0,64.0
8.36,1625449482.0,64.0
9.66,1625449482.0,64.0
10.53,1625449482.0,64.0
11.17,1625449482.0,64.0
11.72,1625449482.0,64.0
12.23,1625449482.0,64.0
12.72,1625449482.0,64.0
13.13,1625449482.0,64.0
13.41,1625449482.0,64.0
13.5,1625449482.0,64.0
13.34,1625449482.0,64.0
12.88,1625449482.0,64.0
12.06,1625449482.0,64.0
10.88,1625449482.0,64.0
9.37,1625449482.0,64.0
7.63,1625449482.0,64.0
5.78,1625449482.0,64.0
3.99,1625449482.0,64.0
2.35,1625449482.0,64.0
0.85,1625449482.0,64.0
-0.63,1625449482.0,64.0
-2.27,1625449482.0,64.0
-4.21,1625449482.0,64.0
-6.49,1625449482.0,64.0
-8.99,1625449482.0,64.0
-11.55,1625449482.0,64.0
-14.02,1625449482.0,64.0
-16.36,1625449482.0,64.0
-18.55,1625449482.0,64.0
-20.59,1625449482.0,64.0
-22.35,1625449482.0,64.0
-23.6,1625449482.0,64.0
-24.09,1625449482.0,64.0
-23.63,1625449482.0,64.0
-22.18,1625449482.0,64.0
-19.86,1625449482.0,64.0
-16.89,1625449482.0,64.0
-13.51,1625449482.0,64.0
-9.91,1625449482.0,64.0
-6.22,1625449482.0,64.0
-2.53,1625449482.0,64.0
1.07,1625449482.0,64.0
4.44,1625449482.0,64.0
7.45,1625449482.0,64.0
9.96,1625449482.0,64.0
11.91,1625449482.0,64.0
13.3,1625449482.0,64.0
14.25,1625449482.0,64.0
14.93,1625449482.0,64.0
15.5,1625449482.0,64.0
16.06,1625449482.0,64.0
16.54,1625449482.0,64.0
16.82,1625449482.0,64.0
16.72,1625449482.0,64.0
16.12,1625449482.0,64.0
15.05,1625449482.0,64.0
13.63,1625449482.0,64.0
12.02,1625449482.0,64.0
10.34,1625449482.0,64.0
8.66,1625449482.0,64.0
7.0,1625449482.0,64.0
5.36,1625449482.0,64.0
3.71,1625449482.0,64.0
2.05,1625449482.0,64.0
0.34,1625449482.0,64.0
-1.47,1625449482.0,64.0
-3.4,1625449482.0,64.0
-5.5,1625449482.0,64.0
-7.76,1625449482.0,64.0
-10.17,1625449482.0,64.0
-12.73,1625449482.0,64.0
-15.4,1625449482.0,64.0
-18.04,1625449482.0,64.0
-20.4,1625449482.0,64.0
-22.13,1625449482.0,64.0
-22.9,1625449482.0,64.0
-22.51,1625449482.0,64.0
-21.0,1625449482.0,64.0
-18.62,1625449482.0,64.0
-15.66,1625449482.0,64.0
-12.38,1625449482.0,64.0
-8.88,1625449482.0,64.0
-5.2,1625449482.0,64.0
-1.37,1625449482.0,64.0
2.42,1625449482.0,64.0
5.87,1625449482.0,64.0
8.66,1625449482.0,64.0
10.67,1625449482.0,64.0
12.03,1625449482.0,64.0
13.09,1625449482.0,64.0
14.24,1625449482.0,64.0
15.72,1625449482.0,64.0
17.47,1625449482.0,64.0
19.17,1625449482.0,64.0
20.42,1625449482.0,64.0
20.87,1625449482.0,64.0
20.44,1625449482.0,64.0
19.24,1625449482.0,64.0
17.55,1625449482.0,64.0
15.64,1625449482.0,64.0
13.68,1625449482.0,64.0
11.71,1625449482.0,64.0
9.67,1625449482.0,64.0
7.45,1625449482.0,64.0
5.05,1625449482.0,64.0
2.5,1625449482.0,64.0
-0.03,1625449482.0,64.0
-2.42,1625449482.0,64.0
-4.56,1625449482.0,64.0
-6.5,1625449482.0,64.0
-8.38,1625449482.0,64.0
-10.45,1625449482.0,64.0
-12.94,1625449482.0,64.0
-16.0,1625449482.0,64.0
-19.61,1625449482.0,64.0
-23.47,1625449482.0,64.0
-27.09,1625449482.0,64.0
-29.9,1625449482.0,64.0
-31.43,1625449482.0,64.0
-31.46,1625449482.0,64.0
-30.09,1625449482.0,64.0
-27.64,1625449482.0,64.0
-24.56,1625449482.0,64.0
-21.17,1625449482.0,64.0
-17.6,1625449482.0,64.0
-13.81,1625449482.0,64.0
-9.67,1625449482.0,64.0
-5.1,1625449482.0,64.0
-0.12,1625449482.0,64.0
5.06,1625449482.0,64.0
10.12,1625449482.0,64.0
14.68,1625449482.0,64.0
18.4,1625449482.0,64.0
21.1,1625449482.0,64.0
22.82,1625449482.0,64.0
23.79,1625449482.0,64.0
24.35,1625449482.0,64.0
24.77,1625449482.0,64.0
25.12,1625449482.0,64.0
25.33,1625449482.0,64.0
25.24,1625449482.0,64.0
24.76,1625449482.0,64.0
24.01,1625449482.0,64.0
23.14,1625449482.0,64.0
22.31,1625449482.0,64.0
21.51,1625449482.0,64.0
20.57,1625449482.0,64.0
19.23,1625449482.0,64.0
17.35,1625449482.0,64.0
14.92,1625449482.0,64.0
12.14,1625449482.0,64.0
9.29,1625449482.0,64.0
6.58,1625449482.0,64.0
4.17,1625449482.0,64.0
2.03,1625449482.0,64.0
0.02,1625449482.0,64.0
-2.05,1625449482.0,64.0
-4.38,1625449482.0,64.0
-7.09,1625449482.0,64.0
-10.22,1625449482.0,64.0
-13.65,1625449482.0,64.0
-17.18,1625449482.0,64.0
-20.49,1625449482.0,64.0
-23.22,1625449482.0,64.0
-25.03,1625449482.0,64.0
-25.68,1625449482.0,64.0
-25.08,1625449482.0,64.0
-23.32,1625449482.0,64.0
-20.65,1625449482.0,64.0
-17.4,1625449482.0,64.0
-13.83,1625449482.0,64.0
-10.07,1625449482.0,64.0
-6.11,1625449482.0,64.0
-1.93,1625449482.0,64.0
2.44,1625449482.0,64.0
6.77,1625449482.0,64.0
10.76,1625449482.0,64.0
14.16,1625449482.0,64.0
16.86,1625449482.0,64.0
18.95,1625449482.0,64.0
20.6,1625449482.0,64.0
21.99,1625449482.0,64.0
23.15,1625449482.0,64.0
24.04,1625449482.0,64.0
24.59,1625449482.0,64.0
24.84,1625449482.0,64.0
24.9,1625449482.0,64.0
24.9,1625449482.0,64.0
24.89,1625449482.0,64.0
24.81,1625449482.0,64.0
24.46,1625449482.0,64.0
23.67,1625449482.0,64.0
22.35,1625449482.0,64.0
20.53,1625449482.0,64.0
18.4,1625449482.0,64.0
16.13,1625449482.0,64.0
13.89,1625449482.0,64.0
11.78,1625449482.0,64.0
9.81,1625449482.0,64.0
7.96,1625449482.0,64.0
6.16,1625449482.0,64.0
4.32,1625449482.0,64.0
2.34,1625449482.0,64.0
0.13,1625449482.0,64.0
-2.33,1625449482.0,64.0
-4.98,1625449482.0,64.0
-7.71,1625449482.0,64.0
-10.42,1625449482.0,64.0
-13.05,1625449482.0,64.0
-15.67,1625449482.0,64.0
-18.4,1625449482.0,64.0
-21.37,1625449482.0,64.0
-24.56,1625449482.0,64.0
-27.81,1625449482.0,64.0
-30.78,1625449482.0,64.0
-33.08,1625449482.0,64.0
-34.36,1625449482.0,64.0
-34.43,1625449482.0,64.0
-33.3,1625449482.0,64.0
-31.14,1625449482.0,64.0
-28.16,1625449482.0,64.0
-24.54,1625449482.0,64.0
-20.37,1625449482.0,64.0
-15.62,1625449482.0,64.0
-10.3,1625449482.0,64.0
-4.51,1625449482.0,64.0
1.48,1625449482.0,64.0
7.2,1625449482.0,64.0
12.12,1625449482.0,64.0
15.86,1625449482.0,64.0
18.3,1625449482.0,64.0
19.62,1625449482.0,64.0
20.24,1625449482.0,64.0
20.6,1625449482.0,64.0
21.03,1625449482.0,64.0
21.63,1625449482.0,64.0
22.3,1625449482.0,64.0
22.87,1625449482.0,64.0
23.19,1625449482.0,64.0
23.24,1625449482.0,64.0
23.12,1625449482.0,64.0
22.96,1625449482.0,64.0
22.84,1625449482.0,64.0
22.76,1625449482.0,64.0
22.6,1625449482.0,64.0
22.2,1625449482.0,64.0
21.4,1625449482.0,64.0
20.11,1625449482.0,64.0
18.33,1625449482.0,64.0
16.16,1625449482.0,64.0
13.74,1625449482.0,64.0
11.23,1625449482.0,64.0
8.73,1625449482.0,64.0
6.34,1625449482.0,64.0
4.1,1625449482.0,64.0
2.01,1625449482.0,64.0
0.09,1625449482.0,64.0
-1.69,1625449482.0,64.0
-3.35,1625449482.0,64.0
-4.93,1625449482.0,64.0
-6.54,1625449482.0,64.0
-8.3,1625449482.0,64.0
-10.33,1625449482.0,64.0
-12.73,1625449482.0,64.0
-15.52,1625449482.0,64.0
-18.65,1625449482.0,64.0
-21.99,1625449482.0,64.0
-25.34,1625449482.0,64.0
-28.4,1625449482.0,64.0
-30.86,1625449482.0,64.0
-32.44,1625449482.0,64.0
-32.95,1625449482.0,64.0
-32.39,1625449482.0,64.0
-30.9,1625449482.0,64.0
-28.69,1625449482.0,64.0
-25.94,1625449482.0,64.0
-22.72,1625449482.0,64.0
-19.01,1625449482.0,64.0
-14.76,1625449482.0,64.0
-10.04,1625449482.0,64.0
-5.08,1625449482.0,64.0
-0.27,1625449482.0,64.0
4.01,1625449482.0,64.0
7.46,1625449482.0,64.0
10.0,1625449482.0,64.0
11.78,1625449482.0,64.0
13.07,1625449482.0,64.0
14.23,1625449482.0,64.0
15.47,1625449482.0,64.0
16.85,1625449482.0,64.0
18.26,1625449482.0,64.0
19.46,1625449482.0,64.0
20.26,1625449482.0,64.0
20.59,1625449482.0,64.0
20.54,1625449482.0,64.0
20.25,1625449482.0,64.0
19.87,1625449482.0,64.0
19.46,1625449482.0,64.0
18.94,1625449482.0,64.0
18.18,1625449482.0,64.0
17.13,1625449482.0,64.0
15.84,1625449482.0,64.0
14.5,1625449482.0,64.0
13.28,1625449482.0,64.0
12.25,1625449482.0,64.0
11.34,1625449482.0,64.0
10.33,1625449482.0,64.0
8.99,1625449482.0,64.0
7.18,1625449482.0,64.0
4.91,1625449482.0,64.0
2.37,1625449482.0,64.0
-0.2,1625449482.0,64.0
-2.56,1625449482.0,64.0
-4.58,1625449482.0,64.0
-6.24,1625449482.0,64.0
-7.67,1625449482.0,64.0
-9.06,1625449482.0,64.0
-10.63,1625449482.0,64.0
-12.62,1625449482.0,64.0
-15.13,1625449482.0,64.0
-18.16,1625449482.0,64.0
-21.53,1625449482.0,64.0
-24.91,1625449482.0,64.0
-27.89,1625449482.0,64.0
-30.08,1625449482.0,64.0
-31.22,1625449482.0,64.0
-31.19,1625449482.0,64.0
-30.06,1625449482.0,64.0
-28.0,1625449482.0,64.0
-25.26,1625449482.0,64.0
-22.06,1625449482.0,64.0
-18.57,1625449482.0,64.0
-14.88,1625449482.0,64.0
-11.03,1625449482.0,64.0
-7.04,1625449482.0,64.0
-3.03,1625449482.0,64.0
0.84,1625449482.0,64.0
4.32,1625449482.0,64.0
7.17,1625449482.0,64.0
9.32,1625449482.0,64.0
10.87,1625449482.0,64.0
12.08,1625449482.0,64.0
13.2,1625449482.0,64.0
14.4,1625449482.0,64.0
15.66,1625449482.0,64.0
16.87,1625449482.0,64.0
17.89,1625449482.0,64.0
18.7,1625449482.0,64.0
19.34,1625449482.0,64.0
19.88,1625449482.0,64.0
20.34,1625449482.0,64.0
20.61,1625449482.0,64.0
20.54,1625449482.0,64.0
19.96,1625449482.0,64.0
18.85,1625449482.0,64.0
17.29,1625449482.0,64.0
15.52,1625449482.0,64.0
13.77,1625449482.0,64.0
12.19,1625449482.0,64.0
10.79,1625449482.0,64.0
9.47,1625449482.0,64.0
7.98,1625449482.0,64.0
6.16,1625449482.0,64.0
3.91,1625449482.0,64.0
1.25,1625449482.0,64.0
-1.63,1625449482.0,64.0
-4.5,1625449482.0,64.0
-7.12,1625449482.0,64.0
-9.34,1625449482.0,64.0
-11.2,1625449482.0,64.0
-12.84,1625449482.0,64.0
-14.48,1625449482.0,64.0
-16.28,1625449482.0,64.0
-18.3,1625449482.0,64.0
-20.43,1625449482.0,64.0
-22.54,1625449482.0,64.0
-24.48,1625449482.0,64.0
-26.2,1625449482.0,64.0
-27.68,1625449482.0,64.0
-28.88,1625449482.0,64.0
-29.64,1625449482.0,64.0
-29.75,1625449482.0,64.0
-28.93,1625449482.0,64.0
-27.05,1625449482.0,64.0
-24.15,1625449482.0,64.0
-20.4,1625449482.0,64.0
-16.11,1625449482.0,64.0
-11.6,1625449482.0,64.0
-7.13,1625449482.0,64.0
-2.9,1625449482.0,64.0
0.91,1625449482.0,64.0
4.17,1625449482.0,64.0
6.81,1625449482.0,64.0
8.81,1625449482.0,64.0
10.27,1625449482.0,64.0
11.38,1625449482.0,64.0
12.37,1625449482.0,64.0
13.46,1625449482.0,64.0
14.71,1625449482.0,64.0
16.09,1625449482.0,64.0
17.38,1625449482.0,64.0
18.37,1625449482.0,64.0
18.86,1625449482.0,64.0
18.8,1625449482.0,64.0
18.26,1625449482.0,64.0
17.41,1625449482.0,64.0
16.41,1625449482.0,64.0
15.37,1625449482.0,64.0
14.3,1625449482.0,64.0
13.15,1625449482.0,64.0
11.9,1625449482.0,64.0
10.58,1625449482.0,64.0
9.24,1625449482.0,64.0
7.95,1625449482.0,64.0
6.65,1625449482.0,64.0
5.23,1625449482.0,64.0
3.56,1625449482.0,64.0
1.61,1625449482.0,64.0
-0.51,1625449482.0,64.0
-2.59,1625449482.0,64.0
-4.47,1625449482.0,64.0
-6.14,1625449482.0,64.0
-7.76,1625449482.0,64.0
-9.57,1625449482.0,64.0
-11.76,1625449482.0,64.0
-14.31,1625449482.0,64.0
-17.06,1625449482.0,64.0
-19.78,1625449482.0,64.0
-22.32,1625449482.0,64.0
-24.6,1625449482.0,64.0
-26.55,1625449482.0,64.0
-28.02,1625449482.0,64.0
-28.71,1625449482.0,64.0
-28.32,1625449482.0,64.0
-26.67,1625449482.0,64.0
-23.82,1625449482.0,64.0
-20.08,1625449482.0,64.0
-15.92,1625449482.0,64.0
-11.75,1625449482.0,64.0
-7.82,1625449482.0,64.0
-4.24,1625449482.0,64.0
-1.01,1625449482.0,64.0
1.84,1625449482.0,64.0
4.22,1625449482.0,64.0
6.05,1625449482.0,64.0
7.3,1625449482.0,64.0
8.1,1625449482.0,64.0
8.73,1625449482.0,64.0
9.44,1625449482.0,64.0
10.38,1625449482.0,64.0
11.49,1625449482.0,64.0
12.53,1625449482.0,64.0
13.28,1625449482.0,64.0
13.62,1625449482.0,64.0
13.63,1625449482.0,64.0
13.45,1625449482.0,64.0
13.23,1625449482.0,64.0
12.99,1625449482.0,64.0
12.65,1625449482.0,64.0
12.08,1625449482.0,64.0
11.23,1625449482.0,64.0
10.17,1625449482.0,64.0
9.04,1625449482.0,64.0
8.01,1625449482.0,64.0
7.14,1625449482.0,64.0
6.37,1625449482.0,64.0
5.56,1625449482.0,64.0
4.54,1625449482.0,64.0
3.21,1625449482.0,64.0
1.58,1625449482.0,64.0
-0.27,1625449482.0,64.0
-2.22,1625449482.0,64.0
-4.15,1625449482.0,64.0
-6.02,1625449482.0,64.0
-7.86,1625449482.0,64.0
-9.81,1625449482.0,64.0
-12.0,1625449482.0,64.0
-14.51,1625449482.0,64.0
-17.31,1625449482.0,64.0
-20.14,1625449482.0,64.0
-22.62,1625449482.0,64.0
-24.32,1625449482.0,64.0
-24.88,1625449482.0,64.0
-24.2,1625449482.0,64.0
-22.38,1625449482.0,64.0
-19.72,1625449482.0,64.0
-16.54,1625449482.0,64.0
-13.11,1625449482.0,64.0
-9.57,1625449482.0,64.0
-6.05,1625449482.0,64.0
-2.67,1625449482.0,64.0
0.36,1625449482.0,64.0
2.87,1625449482.0,64.0
4.74,1625449482.0,64.0
5.98,1625449482.0,64.0
6.74,1625449482.0,64.0
7.2,1625449482.0,64.0
7.51,1625449482.0,64.0
7.78,1625449482.0,64.0
8.04,1625449482.0,64.0
8.33,1625449482.0,64.0
8.65,1625449482.0,64.0
8.99,1625449482.0,64.0
9.27,1625449482.0,64.0
9.41,1625449482.0,64.0
9.37,1625449482.0,64.0
9.14,1625449482.0,64.0
8.8,1625449482.0,64.0
8.4,1625449482.0,64.0
7.93,1625449482.0,64.0
7.27,1625449482.0,64.0
6.29,1625449482.0,64.0
4.91,1625449482.0,64.0
3.26,1625449482.0,64.0
1.53,1625449482.0,64.0
-0.01,1625449482.0,64.0
-1.23,1625449482.0,64.0
-2.2,1625449482.0,64.0
-3.12,1625449482.0,64.0
-4.24,1625449482.0,64.0
-5.76,1625449482.0,64.0
-7.73,1625449482.0,64.0
-10.06,1625449482.0,64.0
-12.61,1625449482.0,64.0
-15.21,1625449482.0,64.0
-17.67,1625449482.0,64.0
-19.79,1625449482.0,64.0
-21.31,1625449482.0,64.0
-21.99,1625449482.0,64.0
-21.69,1625449482.0,64.0
-20.43,1625449482.0,64.0
-18.4,1625449482.0,64.0
-15.91,1625449482.0,64.0
-13.24,1625449482.0,64.0
-10.55,1625449482.0,64.0
-7.86,1625449482.0,64.0
-5.12,1625449482.0,64.0
-2.32,1625449482.0,64.0
0.45,1625449482.0,64.0
2.99,1625449482.0,64.0
5.11,1625449482.0,64.0
6.69,1625449482.0,64.0
7.75,1625449482.0,64.0
8.46,1625449482.0,64.0
9.01,1625449482.0,64.0
9.55,1625449482.0,64.0
10.12,1625449482.0,64.0
10.65,1625449482.0,64.0
11.06,1625449482.0,64.0
11.3,1625449482.0,64.0
11.36,1625449482.0,64.0
11.31,1625449482.0,64.0
11.14,1625449482.0,64.0
10.83,1625449482.0,64.0
10.29,1625449482.0,64.0
9.42,1625449482.0,64.0
8.18,1625449482.0,64.0
6.62,1625449482.0,64.0
4.85,1625449482.0,64.0
3.06,1625449482.0,64.0
1.37,1625449482.0,64.0
-0.18,1625449482.0,64.0
-1.65,1625449482.0,64.0
-3.15,1625449482.0,64.0
-4.8,1625449482.0,64.0
-6.68,1625449482.0,64.0
-8.82,1625449482.0,64.0
-11.18,1625449482.0,64.0
-13.68,1625449482.0,64.0
-16.17,1625449482.0,64.0
-18.49,1625449482.0,64.0
-20.42,1625449482.0,64.0
-21.77,1625449482.0,64.0
-22.38,1625449482.0,64.0
-22.14,1625449482.0,64.0
-21.07,1625449482.0,64.0
-19.25,1625449482.0,64.0
-16.82,1625449482.0,64.0
-13.92,1625449482.0,64.0
-10.66,1625449482.0,64.0
-7.14,1625449482.0,64.0
-3.49,1625449482.0,64.0
0.08,1625449482.0,64.0
3.33,1625449482.0,64.0
6.09,1625449482.0,64.0
8.27,1625449482.0,64.0
9.96,1625449482.0,64.0
11.31,1625449482.0,64.0
12.49,1625449482.0,64.0
13.58,1625449482.0,64.0
14.54,1625449482.0,64.0
15.28,1625449482.0,64.0
15.72,1625449482.0,64.0
15.89,1625449482.0,64.0
15.87,1625449482.0,64.0
15.77,1625449482.0,64.0
15.67,1625449482.0,64.0
15.54,1625449482.0,64.0
15.24,1625449482.0,64.0
14.62,1625449482.0,64.0
13.54,1625449482.0,64.0
12.01,1625449482.0,64.0
10.17,1625449482.0,64.0
8.22,1625449482.0,64.0
6.38,1625449482.0,64.0
4.73,1625449482.0,64.0
3.22,1625449482.0,64.0
1.68,1625449482.0,64.0
-0.07,1625449482.0,64.0
-2.15,1625449482.0,64.0
-4.58,1625449482.0,64.0
-7.28,1625449482.0,64.0
-10.22,1625449482.0,64.0
-13.36,1625449482.0,64.0
-16.69,1625449482.0,64.0
-20.08,1625449482.0,64.0
-23.28,1625449482.0,64.0
-25.96,1625449482.0,64.0
-27.77,1625449482.0,64.0
-28.47,1625449482.0,64.0
-27.98,1625449482.0,64.0
-26.37,1625449482.0,64.0
-23.74,1625449482.0,64.0
-20.29,1625449482.0,64.0
-16.19,1625449482.0,64.0
-11.68,1625449482.0,64.0
-7.06,1625449482.0,64.0
-2.66,1625449482.0,64.0
1.24,1625449482.0,64.0
4.49,1625449482.0,64.0
7.11,1625449482.0,64.0
9.26,1625449482.0,64.0
11.11,1625449482.0,64.0
12.83,1625449482.0,64.0
14.45,1625449482.0,64.0
16.0,1625449482.0,64.0
17.42,1625449482.0,64.0
18.68,1625449482.0,64.0
19.77,1625449482.0,64.0
20.65,1625449482.0,64.0
21.21,1625449482.0,64.0
21.36,1625449482.0,64.0
21.02,1625449482.0,64.0
20.2,1625449482.0,64.0
19.01,1625449482.0,64.0
17.64,1625449482.0,64.0
16.24,1625449482.0,64.0
14.85,1625449482.0,64.0
13.39,1625449482.0,64.0
11.72,1625449482.0,64.0
9.75,1625449482.0,64.0
7.52,1625449482.0,64.0
5.18,1625449482.0,64.0
2.9,1625449482.0,64.0
0.8,1625449482.0,64.0
-1.15,1625449482.0,64.0
-3.08,1625449482.0,64.0
-5.11,1625449482.0,64.0
-7.35,1625449482.0,64.0
-9.82,1625449482.0,64.0
-12.53,1625449482.0,64.0
-15.44,1625449482.0,64.0
-18.47,1625449482.0,64.0
-21.38,1625449482.0,64.0
-23.83,1625449482.0,64.0
-25.4,1625449482.0,64.0
-25.76,1625449482.0,64.0
-24.78,1625449482.0,64.0
-22.56,1625449482.0,64.0
-19.42,1625449482.0,64.0
-15.7,1625449482.0,64.0
-11.66,1625449482.0,64.0
-7.45,1625449482.0,64.0
-3.19,1625449482.0,64.0
0.95,1625449482.0,64.0
4.78,1625449482.0,64.0
8.06,1625449482.0,64.0
10.7,1625449482.0,64.0
12.74,1625449482.0,64.0
14.37,1625449482.0,64.0
15.8,1625449482.0,64.0
17.16,1625449482.0,64.0
18.49,1625449482.0,64.0
19.73,1625449482.0,64.0
20.8,1625449482.0,64.0
21.63,1625449482.0,64.0
22.18,1625449482.0,64.0
22.42,1625449482.0,64.0
22.36,1625449482.0,64.0
22.0,1625449482.0,64.0
21.39,1625449482.0,64.0
20.57,1625449482.0,64.0
19.6,1625449482.0,64.0
18.47,1625449482.0,64.0
17.15,1625449482.0,64.0
15.57,1625449482.0,64.0
13.71,1625449482.0,64.0
11.59,1625449482.0,64.0
9.3,1625449482.0,64.0
6.96,1625449482.0,64.0
4.66,1625449482.0,64.0
2.44,1625449482.0,64.0
0.31,1625449482.0,64.0
-1.73,1625449482.0,64.0
-3.75,1625449482.0,64.0
-5.85,1625449482.0,64.0
-8.17,1625449482.0,64.0
-10.86,1625449482.0,64.0
-14.03,1625449482.0,64.0
-17.58,1625449482.0,64.0
-21.26,1625449482.0,64.0
-24.63,1625449482.0,64.0
-27.22,1625449482.0,64.0
-28.72,1625449482.0,64.0
-29.01,1625449482.0,64.0
-28.24,1625449482.0,64.0
-26.66,1625449482.0,64.0
-24.52,1625449482.0,64.0
-21.93,1625449482.0,64.0
-18.87,1625449482.0,64.0
-15.27,1625449482.0,64.0
-11.11,1625449482.0,64.0
-6.47,1625449482.0,64.0
-1.58,1625449482.0,64.0
3.24,1625449482.0,64.0
7.68,1625449482.0,64.0
11.45,1625449482.0,64.0
14.43,1625449482.0,64.0
16.61,1625449482.0,64.0
18.15,1625449482.0,64.0
19.32,1625449482.0,64.0
20.39,1625449482.0,64.0
21.51,1625449482.0,64.0
22.69,1625449482.0,64.0
23.78,1625449482.0,64.0
24.59,1625449482.0,64.0
24.91,1625449482.0,64.0
24.72,1625449482.0,64.0
24.07,1625449482.0,64.0
23.07,1625449482.0,64.0
21.79,1625449482.0,64.0
20.23,1625449482.0,64.0
18.4,1625449482.0,64.0
16.32,1625449482.0,64.0
14.11,1625449482.0,64.0
11.88,1625449482.0,64.0
9.75,1625449482.0,64.0
7.75,1625449482.0,64.0
5.84,1625449482.0,64.0
4.01,1625449482.0,64.0
2.25,1625449482.0,64.0
0.6,1625449482.0,64.0
-0.92,1625449482.0,64.0
-2.32,1625449482.0,64.0
-3.71,1625449482.0,64.0
-5.27,1625449482.0,64.0
-7.17,1625449482.0,64.0
-9.48,1625449482.0,64.0
-12.19,1625449482.0,64.0
-15.16,1625449482.0,64.0
-18.23,1625449482.0,64.0
-21.23,1625449482.0,64.0
-23.93,1625449482.0,64.0
-26.11,1625449482.0,64.0
-27.53,1625449482.0,64.0
-28.01,1625449482.0,64.0
-27.5,1625449482.0,64.0
-26.04,1625449482.0,64.0
-23.83,1625449482.0,64.0
-21.01,1625449482.0,64.0
-17.68,1625449482.0,64.0
-13.8,1625449482.0,64.0
-9.34,1625449482.0,64.0
-4.37,1625449482.0,64.0
0.83,1625449482.0,64.0
5.8,1625449482.0,64.0
10.07,1625449482.0,64.0
13.31,1625449482.0,64.0
15.52,1625449482.0,64.0
16.89,1625449482.0,64.0
17.74,1625449482.0,64.0
18.36,1625449482.0,64.0
18.87,1625449482.0,64.0
19.32,1625449482.0,64.0
19.68,1625449482.0,64.0
19.93,1625449482.0,64.0
20.07,1625449482.0,64.0
20.11,1625449482.0,64.0
19.99,1625449482.0,64.0
19.62,1625449482.0,64.0
18.93,1625449482.0,64.0
17.89,1625449482.0,64.0
16.58,1625449482.0,64.0
15.1,1625449482.0,64.0
13.58,1625449482.0,64.0
12.08,1625449482.0,64.0
10.6,1625449482.0,64.0
9.08,1625449482.0,64.0
7.46,1625449482.0,64.0
5.67,1625449482.0,64.0
3.74,1625449482.0,64.0
1.71,1625449482.0,64.0
-0.37,1625449482.0,64.0
-2.41,1625449482.0,64.0
-4.4,1625449482.0,64.0
-6.32,1625449482.0,64.0
-8.2,1625449482.0,64.0
-10.07,1625449482.0,64.0
-12.04,1625449482.0,64.0
-14.21,1625449482.0,64.0
-16.66,1625449482.0,64.0
-19.38,1625449482.0,64.0
-22.19,1625449482.0,64.0
-24.76,1625449482.0,64.0
-26.65,1625449482.0,64.0
-27.5,1625449482.0,64.0
-27.14,1625449482.0,64.0
-25.65,1625449482.0,64.0
-23.27,1625449482.0,64.0
-20.31,1625449482.0,64.0
-16.98,1625449482.0,64.0
-13.35,1625449482.0,64.0
-9.45,1625449482.0,64.0
-5.32,1625449482.0,64.0
-1.15,1625449482.0,64.0
2.75,1625449482.0,64.0
6.09,1625449482.0,64.0
8.69,1625449482.0,64.0
10.53,1625449482.0,64.0
11.78,1625449482.0,64.0
12.7,1625449482.0,64.0
13.52,1625449482.0,64.0
14.35,1625449482.0,64.0
15.21,1625449482.0,64.0
16.02,1625449482.0,64.0
16.67,1625449482.0,64.0
17.11,1625449482.0,64.0
17.33,1625449482.0,64.0
17.38,1625449482.0,64.0
17.3,1625449482.0,64.0
17.1,1625449482.0,64.0
16.73,1625449482.0,64.0
16.16,1625449482.0,64.0
15.35,1625449482.0,64.0
14.31,1625449482.0,64.0
13.08,1625449482.0,64.0
11.73,1625449482.0,64.0
10.29,1625449482.0,64.0
8.76,1625449482.0,64.0
7.17,1625449482.0,64.0
5.5,1625449482.0,64.0
3.78,1625449482.0,64.0
2.04,1625449482.0,64.0
0.25,1625449482.0,64.0
-1.58,1625449482.0,64.0
-3.46,1625449482.0,64.0
-5.35,1625449482.0,64.0
-7.19,1625449482.0,64.0
-9.01,1625449482.0,64.0
-10.9,1625449482.0,64.0
-13.02,1625449482.0,64.0
-15.49,1625449482.0,64.0
-18.27,1625449482.0,64.0
-21.14,1625449482.0,64.0
-23.7,1625449482.0,64.0
-25.54,1625449482.0,64.0
-26.4,1625449482.0,64.0
-26.21,1625449482.0,64.0
-25.09,1625449482.0,64.0
-23.25,1625449482.0,64.0
-20.89,1625449482.0,64.0
-18.17,1625449482.0,64.0
-15.24,1625449482.0,64.0
-12.25,1625449482.0,64.0
-9.35,1625449482.0,64.0
-6.64,1625449482.0,64.0
-4.18,1625449482.0,64.0
-1.95,1625449482.0,64.0
0.17,1625449482.0,64.0
2.3,1625449482.0,64.0
4.57,1625449482.0,64.0
7.07,1625449482.0,64.0
9.78,1625449482.0,64.0
12.58,1625449482.0,64.0
15.19,1625449482.0,64.0
17.27,1625449482.0,64.0
18.51,1625449482.0,64.0
18.75,1625449482.0,64.0
18.07,1625449482.0,64.0
16.77,1625449482.0,64.0
15.22,1625449482.0,64.0
13.73,1625449482.0,64.0
12.48,1625449482.0,64.0
11.44,1625449482.0,64.0
10.51,1625449482.0,64.0
9.58,1625449482.0,64.0
8.62,1625449482.0,64.0
7.67,1625449482.0,64.0
6.77,1625449482.0,64.0
5.87,1625449482.0,64.0
4.88,1625449482.0,64.0
3.66,1625449482.0,64.0
2.15,1625449482.0,64.0
0.4,1625449482.0,64.0
-1.42,1625449482.0,64.0
-3.11,1625449482.0,64.0
-4.54,1625449482.0,64.0
-5.71,1625449482.0,64.0
-6.78,1625449482.0,64.0
-8.02,1625449482.0,64.0
-9.68,1625449482.0,64.0
-11.92,1625449482.0,64.0
-14.69,1625449482.0,64.0
-17.76,1625449482.0,64.0
-20.68,1625449482.0,64.0
-22.99,1625449482.0,64.0
-24.29,1625449482.0,64.0
-24.39,1625449482.0,64.0
-23.34,1625449482.0,64.0
-21.4,1625449482.0,64.0
-18.91,1625449482.0,64.0
-16.21,1625449482.0,64.0
-13.48,1625449482.0,64.0
-10.79,1625449482.0,64.0
-8.1,1625449482.0,64.0
-5.38,1625449482.0,64.0
-2.6,1625449482.0,64.0
0.13,1625449482.0,64.0
2.69,1625449482.0,64.0
4.91,1625449482.0,64.0
6.66,1625449482.0,64.0
7.91,1625449482.0,64.0
8.77,1625449482.0,64.0
9.45,1625449482.0,64.0
10.18,1625449482.0,64.0
11.11,1625449482.0,64.0
12.21,1625449482.0,64.0
13.33,1625449482.0,64.0
14.19,1625449482.0,64.0
14.61,1625449482.0,64.0
14.55,1625449482.0,64.0
14.16,1625449482.0,64.0
13.66,1625449482.0,64.0
13.19,1625449482.0,64.0
12.76,1625449482.0,64.0
12.17,1625449482.0,64.0
11.21,1625449482.0,64.0
9.77,1625449482.0,64.0
7.9,1625449482.0,64.0
5.8,1625449482.0,64.0
3.75,1625449482.0,64.0
1.95,1625449482.0,64.0
0.49,1625449482.0,64.0
-0.68,1625449482.0,64.0
-1.73,1625449482.0,64.0
-2.88,1625449482.0,64.0
-4.33,1625449482.0,64.0
-6.25,1625449482.0,64.0
-8.68,1625449482.0,64.0
-11.5,1625449482.0,64.0
-14.46,1625449482.0,64.0
-17.22,1625449482.0,64.0
-19.46,1625449482.0,64.0
-20.9,1625449482.0,64.0
-21.44,1625449482.0,64.0
-21.04,1625449482.0,64.0
-19.79,1625449482.0,64.0
-17.85,1625449482.0,64.0
-15.39,1625449482.0,64.0
-12.64,1625449482.0,64.0
-9.76,1625449482.0,64.0
-6.85,1625449482.0,64.0
-3.93,1625449482.0,64.0
-1.03,1625449482.0,64.0
1.8,1625449482.0,64.0
4.45,1625449482.0,64.0
6.75,1625449482.0,64.0
8.58,1625449482.0,64.0
9.85,1625449482.0,64.0
10.62,1625449482.0,64.0
11.0,1625449482.0,64.0
11.19,1625449482.0,64.0
11.4,1625449482.0,64.0
11.8,1625449482.0,64.0
12.5,1625449482.0,64.0
13.48,1625449482.0,64.0
14.62,1625449482.0,64.0
15.65,1625449482.0,64.0
16.26,1625449482.0,64.0
16.19,1625449482.0,64.0
15.33,1625449482.0,64.0
13.76,1625449482.0,64.0
11.73,1625449482.0,64.0
9.6,1625449482.0,64.0
7.67,1625449482.0,64.0
6.12,1625449482.0,64.0
4.93,1625449482.0,64.0
3.95,1625449482.0,64.0
2.92,1625449482.0,64.0
1.61,1625449482.0,64.0
-0.13,1625449482.0,64.0
-2.35,1625449482.0,64.0
-4.94,1625449482.0,64.0
-7.73,1625449482.0,64.0
-10.45,1625449482.0,64.0
-12.9,1625449482.0,64.0
-14.98,1625449482.0,64.0
-16.7,1625449482.0,64.0
-18.18,1625449482.0,64.0
-19.57,1625449482.0,64.0
-20.93,1625449482.0,64.0
-22.16,1625449482.0,64.0
-23.07,1625449482.0,64.0
-23.42,1625449482.0,64.0
-23.06,1625449482.0,64.0
-21.98,1625449482.0,64.0
-20.31,1625449482.0,64.0
-18.2,1625449482.0,64.0
-15.73,1625449482.0,64.0
-12.92,1625449482.0,64.0
-9.75,1625449482.0,64.0
-6.26,1625449482.0,64.0
-2.63,1625449482.0,64.0
0.88,1625449482.0,64.0
3.97,1625449482.0,64.0
6.47,1625449482.0,64.0
8.35,1625449482.0,64.0
9.73,1625449482.0,64.0
10.84,1625449482.0,64.0
11.88,1625449482.0,64.0
12.95,1625449482.0,64.0
14.02,1625449482.0,64.0
14.98,1625449482.0,64.0
15.67,1625449482.0,64.0
15.99,1625449482.0,64.0
15.92,1625449482.0,64.0
15.51,1625449482.0,64.0
14.87,1625449482.0,64.0
14.1,1625449482.0,64.0
13.25,1625449482.0,64.0
12.3,1625449482.0,64.0
11.23,1625449482.0,64.0
10.02,1625449482.0,64.0
8.7,1625449482.0,64.0
7.32,1625449482.0,64.0
5.94,1625449482.0,64.0
4.59,1625449482.0,64.0
3.24,1625449482.0,64.0
1.83,1625449482.0,64.0
0.28,1625449482.0,64.0
-1.46,1625449482.0,64.0
-3.44,1625449482.0,64.0
-5.61,1625449482.0,64.0
-7.94,1625449482.0,64.0
-10.37,1625449482.0,64.0
-12.86,1625449482.0,64.0
-15.43,1625449482.0,64.0
-18.01,1625449482.0,64.0
-20.51,1625449482.0,64.0
-22.7,1625449482.0,64.0
-24.32,1625449482.0,64.0
-25.04,1625449482.0,64.0
-24.7,1625449482.0,64.0
-23.27,1625449482.0,64.0
-20.92,1625449482.0,64.0
-17.93,1625449482.0,64.0
-14.55,1625449482.0,64.0
-11.01,1625449482.0,64.0
-7.38,1625449482.0,64.0
-3.74,1625449482.0,64.0
-0.19,1625449482.0,64.0
3.07,1625449482.0,64.0
5.82,1625449482.0,64.0
7.92,1625449482.0,64.0
9.34,1625449482.0,64.0
10.27,1625449482.0,64.0
10.97,1625449482.0,64.0
11.67,1625449482.0,64.0
12.5,1625449482.0,64.0
13.41,1625449482.0,64.0
14.25,1625449482.0,64.0
14.86,1625449482.0,64.0
15.1,1625449482.0,64.0
14.95,1625449482.0,64.0
14.48,1625449482.0,64.0
13.83,1625449482.0,64.0
13.14,1625449482.0,64.0
12.51,1625449482.0,64.0
11.96,1625449482.0,64.0
11.41,1625449482.0,64.0
10.7,1625449482.0,64.0
9.71,1625449482.0,64.0
8.35,1625449482.0,64.0
6.67,1625449482.0,64.0
4.83,1625449482.0,64.0
2.95,1625449482.0,64.0
1.14,1625449482.0,64.0
-0.62,1625449482.0,64.0
-2.38,1625449482.0,64.0
-4.22,1625449482.0,64.0
-6.15,1625449482.0,64.0
-8.14,1625449482.0,64.0
-10.17,1625449482.0,64.0
-12.27,1625449482.0,64.0
-14.47,1625449482.0,64.0
-16.82,1625449482.0,64.0
-19.23,1625449482.0,64.0
-21.48,1625449482.0,64.0
-23.22,1625449482.0,64.0
-24.1,1625449482.0,64.0
-23.88,1625449482.0,64.0
-22.54,1625449482.0,64.0
-20.27,1625449482.0,64.0
-17.34,1625449482.0,64.0
-14.03,1625449482.0,64.0
-10.51,1625449482.0,64.0
-6.83,1625449482.0,64.0
-3.06,1625449482.0,64.0
0.71,1625449482.0,64.0
4.26,1625449482.0,64.0
7.37,1625449482.0,64.0
9.84,1625449482.0,64.0
11.64,1625449482.0,64.0
12.87,1625449482.0,64.0
13.72,1625449482.0,64.0
14.39,1625449482.0,64.0
14.98,1625449482.0,64.0
15.52,1625449482.0,64.0
15.97,1625449482.0,64.0
16.3,1625449482.0,64.0
16.46,1625449482.0,64.0
16.38,1625449482.0,64.0
16.01,1625449482.0,64.0
15.3,1625449482.0,64.0
14.3,1625449482.0,64.0
13.09,1625449482.0,64.0
11.83,1625449482.0,64.0
10.63,1625449482.0,64.0
9.47,1625449482.0,64.0
8.24,1625449482.0,64.0
6.77,1625449482.0,64.0
4.97,1625449482.0,64.0
2.89,1625449482.0,64.0
0.71,1625449482.0,64.0
-1.3,1625449482.0,64.0
-2.9,1625449482.0,64.0
-4.03,1625449482.0,64.0
-4.78,1625449482.0,64.0
-5.4,1625449482.0,64.0
-6.25,1625449482.0,64.0
-7.68,1625449482.0,64.0
-9.93,1625449482.0,64.0
-13.01,1625449482.0,64.0
-16.73,1625449482.0,64.0
-20.61,1625449482.0,64.0
-24.05,1625449482.0,64.0
-26.47,1625449482.0,64.0
-27.43,1625449482.0,64.0
-26.76,1625449482.0,64.0
-24.57,1625449482.0,64.0
-21.19,1625449482.0,64.0
-17.06,1625449482.0,64.0
-12.64,1625449482.0,64.0
-8.31,1625449482.0,64.0
-4.36,1625449482.0,64.0
-0.96,1625449482.0,64.0
1.84,1625449482.0,64.0
4.1,1625449482.0,64.0
5.93,1625449482.0,64.0
7.5,1625449482.0,64.0
8.93,1625449482.0,64.0
10.3,1625449482.0,64.0
11.62,1625449482.0,64.0
12.9,1625449482.0,64.0
14.06,1625449482.0,64.0
15.04,1625449482.0,64.0
15.72,1625449482.0,64.0
16.02,1625449482.0,64.0
15.87,1625449482.0,64.0
15.32,1625449482.0,64.0
14.52,1625449482.0,64.0
13.7,1625449482.0,64.0
13.07,1625449482.0,64.0
12.67,1625449482.0,64.0
12.38,1625449482.0,64.0
11.89,1625449482.0,64.0
10.94,1625449482.0,64.0
9.42,1625449482.0,64.0
7.47,1625449482.0,64.0
5.34,1625449482.0,64.0
3.34,1625449482.0,64.0
1.62,1625449482.0,64.0
0.19,1625449482.0,64.0
-1.08,1625449482.0,64.0
-2.34,1625449482.0,64.0
-3.69,1625449482.0,64.0
-5.22,1625449482.0,64.0
-7.02,1625449482.0,64.0
-9.17,1625449482.0,64.0
-11.72,1625449482.0,64.0
-14.63,1625449482.0,64.0
-17.68,1625449482.0,64.0
-20.5,1625449482.0,64.0
-22.69,1625449482.0,64.0
-23.91,1625449482.0,64.0
-23.99,1625449482.0,64.0
-22.95,1625449482.0,64.0
-20.98,1625449482.0,64.0
-18.34,1625449482.0,64.0
-15.29,1625449482.0,64.0
-12.03,1625449482.0,64.0
-8.7,1625449482.0,64.0
-5.35,1625449482.0,64.0
-2.06,1625449482.0,64.0
1.12,1625449482.0,64.0
4.09,1625449482.0,64.0
6.73,1625449482.0,64.0
8.95,1625449482.0,64.0
10.71,1625449482.0,64.0
12.0,1625449482.0,64.0
12.92,1625449482.0,64.0
13.6,1625449482.0,64.0
14.18,1625449482.0,64.0
14.77,1625449482.0,64.0
15.37,1625449482.0,64.0
15.88,1625449482.0,64.0
16.18,1625449482.0,64.0
16.15,1625449482.0,64.0
15.74,1625449482.0,64.0
15.05,1625449482.0,64.0
14.19,1625449482.0,64.0
13.26,1625449482.0,64.0
12.29,1625449482.0,64.0
11.25,1625449482.0,64.0
10.09,1625449482.0,64.0
8.81,1625449482.0,64.0
7.45,1625449482.0,64.0
6.1,1625449482.0,64.0
4.77,1625449482.0,64.0
3.4,1625449482.0,64.0
1.86,1625449482.0,64.0
0.03,1625449482.0,64.0
-2.12,1625449482.0,64.0
-4.49,1625449482.0,64.0
-6.96,1625449482.0,64.0
-9.4,1625449482.0,64.0
-11.82,1625449482.0,64.0
-14.25,1625449482.0,64.0
-16.73,1625449482.0,64.0
-19.16,1625449482.0,64.0
-21.29,1625449482.0,64.0
-22.81,1625449482.0,64.0
-23.42,1625449482.0,64.0
-23.0,1625449482.0,64.0
-21.62,1625449482.0,64.0
-19.5,1625449482.0,64.0
-16.9,1625449482.0,64.0
-14.03,1625449482.0,64.0
-11.03,1625449482.0,64.0
-7.97,1625449482.0,64.0
-4.92,1625449482.0,64.0
-2.04,1625449482.0,64.0
0.48,1625449482.0,64.0
2.48,1625449482.0,64.0
3.92,1625449482.0,64.0
4.99,1625449482.0,64.0
6.01,1625449482.0,64.0
7.29,1625449482.0,64.0
8.98,1625449482.0,64.0
10.94,1625449482.0,64.0
12.84,1625449482.0,64.0
14.29,1625449482.0,64.0
15.09,1625449482.0,64.0
15.25,1625449482.0,64.0
14.98,1625449482.0,64.0
14.5,1625449482.0,64.0
13.94,1625449482.0,64.0
13.28,1625449482.0,64.0
12.44,1625449482.0,64.0
11.4,1625449482.0,64.0
10.24,1625449482.0,64.0
9.09,1625449482.0,64.0
8.01,1625449482.0,64.0
6.93,1625449482.0,64.0
5.73,1625449482.0,64.0
4.3,1625449482.0,64.0
2.67,1625449482.0,64.0
0.99,1625449482.0,64.0
-0.56,1625449482.0,64.0
-1.91,1625449482.0,64.0
-3.14,1625449482.0,64.0
-4.47,1625449482.0,64.0
-6.17,1625449482.0,64.0
-8.37,1625449482.0,64.0
-11.05,1625449482.0,64.0
-14.0,1625449482.0,64.0
-16.87,1625449482.0,64.0
-19.32,1625449482.0,64.0
-21.02,1625449482.0,64.0
-21.83,1625449482.0,64.0
-21.69,1625449482.0,64.0
-20.65,1625449482.0,64.0
-18.85,1625449482.0,64.0
-16.42,1625449482.0,64.0
-13.48,1625449482.0,64.0
-10.2,1625449482.0,64.0
-6.75,1625449482.0,64.0
-3.37,1625449482.0,64.0
-0.26,1625449482.0,64.0
2.44,1625449482.0,64.0
4.72,1625449482.0,64.0
6.61,1625449482.0,64.0
8.2,1625449482.0,64.0
9.5,1625449482.0,64.0
10.49,1625449482.0,64.0
11.15,1625449482.0,64.0
11.56,1625449482.0,64.0
11.89,1625449482.0,64.0
12.29,1625449482.0,64.0
12.85,1625449482.0,64.0
13.52,1625449482.0,64.0
14.11,1625449482.0,64.0
14.43,1625449482.0,64.0
14.36,1625449482.0,64.0
13.86,1625449482.0,64.0
13.05,1625449482.0,64.0
12.01,1625449482.0,64.0
10.84,1625449482.0,64.0
9.58,1625449482.0,64.0
8.25,1625449482.0,64.0
6.87,1625449482.0,64.0
5.48,1625449482.0,64.0
4.08,1625449482.0,64.0
2.68,1625449482.0,64.0
1.27,1625449482.0,64.0
-0.19,1625449482.0,64.0
-1.74,1625449482.0,64.0
-3.41,1625449482.0,64.0
-5.25,1625449482.0,64.0
-7.29,1625449482.0,64.0
-9.49,1625449482.0,64.0
-11.77,1625449482.0,64.0
-14.0,1625449482.0,64.0
-15.99,1625449482.0,64.0
-17.6,1625449482.0,64.0
-18.68,1625449482.0,64.0
-19.07,1625449482.0,64.0
-18.63,1625449482.0,64.0
-17.31,1625449482.0,64.0
-15.11,1625449482.0,64.0
-12.19,1625449482.0,64.0
-8.85,1625449482.0,64.0
-5.47,1625449482.0,64.0
-2.41,1625449482.0,64.0
0.11,1625449482.0,64.0
2.08,1625449482.0,64.0
3.71,1625449482.0,64.0
5.27,1625449482.0,64.0
6.99,1625449482.0,64.0
8.88,1625449482.0,64.0
10.71,1625449482.0,64.0
12.18,1625449482.0,64.0
12.98,1625449482.0,64.0
13.1,1625449482.0,64.0
12.81,1625449482.0,64.0
12.58,1625449482.0,64.0
12.84,1625449482.0,64.0
13.78,1625449482.0,64.0
15.18,1625449482.0,64.0
16.49,1625449482.0,64.0
17.09,1625449482.0,64.0
16.56,1625449482.0,64.0
14.95,1625449482.0,64.0
12.71,1625449482.0,64.0
10.54,1625449482.0,64.0
9.08,1625449482.0,64.0
8.64,1625449482.0,64.0
9.14,1625449482.0,64.0
10.11,1625449482.0,64.0
11.04,1625449482.0,64.0
11.31,1625449482.0,64.0
10.49,1625449482.0,64.0
8.21,1625449482.0,64.0
4.4,1625449482.0,64.0
-0.31,1625449482.0,64.0
-4.29,1625449482.0,64.0
-5.08,1625449482.0,64.0
-0.22,1625449482.0,64.0
11.5,1625449482.0,64.0
29.13,1625449482.0,64.0
49.59,1625449482.0,64.0
68.61,1625449482.0,64.0
82.49,1625449482.0,64.0
89.25,1625449482.0,64.0
89.04,1625449482.0,64.0
83.4,1625449482.0,64.0
74.44,1625449482.0,64.0
63.87,1625449482.0,64.0
52.91,1625449482.0,64.0
42.25,1625449482.0,64.0
31.98,1625449482.0,64.0
21.3,1625449482.0,64.0
8.54,1625449482.0,64.0
-8.54,1625449482.0,64.0
-31.77,1625449482.0,64.0
-61.46,1625449482.0,64.0
-95.82,1625449482.0,64.0
-131.0,1625449482.0,64.0
-161.69,1625449482.0,64.0
-182.14,1625449482.0,64.0
-187.33,1625449482.0,64.0
-174.01,1625449482.0,64.0
-142.08,1625449482.0,64.0
-95.07,1625449482.0,64.0
-39.89,1625449482.0,64.0
14.6,1625449482.0,64.0
59.94,1625449482.0,64.0
90.6,1625449482.0,64.0
105.49,1625449482.0,64.0
107.96,1625449482.0,64.0
104.26,1625449482.0,64.0
100.85,1625449482.0,64.0
101.76,1625449482.0,64.0
107.03,1625449482.0,64.0
112.99,1625449482.0,64.0
113.96,1625449482.0,64.0
105.07,1625449482.0,64.0
84.38,1625449482.0,64.0
53.65,1625449482.0,64.0
17.28,1625449482.0,64.0
-19.59,1625449482.0,64.0
-52.79,1625449482.0,64.0
-79.81,1625449482.0,64.0
-99.47,1625449482.0,64.0
-111.21,1625449482.0,64.0
-114.64,1625449482.0,64.0
-109.85,1625449482.0,64.0
-97.73,1625449482.0,64.0
-80.05,1625449482.0,64.0
-58.98,1625449482.0,64.0
-36.26,1625449482.0,64.0
-12.81,1625449482.0,64.0
10.91,1625449482.0,64.0
34.27,1625449482.0,64.0
55.92,1625449482.0,64.0
73.91,1625449482.0,64.0
86.34,1625449482.0,64.0
92.24,1625449482.0,64.0
91.82,1625449482.0,64.0
86.55,1625449482.0,64.0
78.45,1625449482.0,64.0
69.39,1625449482.0,64.0
60.58,1625449482.0,64.0
52.15,1625449482.0,64.0
43.01,1625449482.0,64.0
31.23,1625449482.0,64.0
15.04,1625449482.0,64.0
-6.09,1625449482.0,64.0
-30.58,1625449482.0,64.0
-54.71,1625449482.0,64.0
-73.94,1625449482.0,64.0
-84.63,1625449482.0,64.0
-85.78,1625449482.0,64.0
-79.35,1625449482.0,64.0
-69.38,1625449482.0,64.0
-59.92,1625449482.0,64.0
-53.48,1625449482.0,64.0
-50.29,1625449482.0,64.0
-49.03,1625449482.0,64.0
-48.18,1625449482.0,64.0
-47.08,1625449482.0,64.0
-46.11,1625449482.0,64.0
-45.9,1625449482.0,64.0
-46.22,1625449482.0,64.0
-45.59,1625449482.0,64.0
-41.82,1625449482.0,64.0
-33.23,1625449482.0,64.0
-19.7,1625449482.0,64.0
-2.89,1625449482.0,64.0
14.55,1625449482.0,64.0
30.07,1625449482.0,64.0
42.41,1625449482.0,64.0
51.64,1625449482.0,64.0
58.55,1625449482.0,64.0
63.88,1625449482.0,64.0
67.57,1625449482.0,64.0
68.8,1625449482.0,64.0
66.47,1625449482.0,64.0
59.9,1625449482.0,64.0
49.31,1625449482.0,64.0
36.16,1625449482.0,64.0
22.92,1625449482.0,64.0
12.62,1625449482.0,64.0
8.09,1625449482.0,64.0
10.98,1625449482.0,64.0
21.06,1625449482.0,64.0
35.81,1625449482.0,64.0
51.09,1625449482.0,64.0
62.35,1625449482.0,64.0
66.27,1625449482.0,64.0
61.73,1625449482.0,64.0
49.93,1625449482.0,64.0
33.46,1625449482.0,64.0
15.07,1625449482.0,64.0
-3.2,1625449482.0,64.0
-20.36,1625449482.0,64.0
-36.03,1625449482.0,64.0
-49.96,1625449482.0,64.0
-61.62,1625449482.0,64.0
-70.31,1625449482.0,64.0
-75.54,1625449482.0,64.0
-77.43,1625449482.0,64.0
-76.82,1625449482.0,64.0
-74.94,1625449482.0,64.0
-72.95,1625449482.0,64.0
-71.44,1625449482.0,64.0
-70.33,1625449482.0,64.0
-69.08,1625449482.0,64.0
-67.1,1625449482.0,64.0
-64.07,1625449482.0,64.0
-59.96,1625449482.0,64.0
-54.96,1625449482.0,64.0
-49.27,1625449482.0,64.0
-43.07,1625449482.0,64.0
-36.54,1625449482.0,64.0
-30.09,1625449482.0,64.0
-24.25,1625449482.0,64.0
-19.59,1625449482.0,64.0
-16.42,1625449482.0,64.0
-14.53,1625449482.0,64.0
-13.16,1625449482.0,64.0
-11.32,1625449482.0,64.0
-8.23,1625449482.0,64.0
-3.83,1625449482.0,64.0
1.11,1625449482.0,64.0
5.22,1625449482.0,64.0
7.11,1625449482.0,64.0
6.04,1625449482.0,64.0
2.33,1625449482.0,64.0
-2.6,1625449482.0,64.0
-6.71,1625449482.0,64.0
-7.99,1625449482.0,64.0
-5.2,1625449482.0,64.0
1.8,1625449482.0,64.0
12.12,1625449482.0,64.0
24.22,1625449482.0,64.0
36.33,1625449482.0,64.0
46.92,1625449482.0,64.0
54.83,1625449482.0,64.0
59.33,1625449482.0,64.0
60.05,1625449482.0,64.0
57.07,1625449482.0,64.0
50.91,1625449482.0,64.0
42.57,1625449482.0,64.0
33.52,1625449482.0,64.0
25.25,1625449482.0,64.0
18.87,1625449482.0,64.0
14.59,1625449482.0,64.0
11.66,1625449482.0,64.0
8.69,1625449482.0,64.0
4.3,1625449482.0,64.0
-2.23,1625449482.0,64.0
-10.69,1625449482.0,64.0
-20.07,1625449482.0,64.0
-28.85,1625449482.0,64.0
-35.53,1625449482.0,64.0
-38.83,1625449482.0,64.0
-37.82,1625449482.0,64.0
-32.02,1625449482.0,64.0
-21.64,1625449482.0,64.0
-7.77,1625449482.0,64.0
7.58,1625449482.0,64.0
21.83,1625449482.0,64.0
32.69,1625449482.0,64.0
38.82,1625449482.0,64.0
40.27,1625449482.0,64.0
38.23,1625449482.0,64.0
34.34,1625449482.0,64.0
30.0,1625449482.0,64.0
25.93,1625449482.0,64.0
22.12,1625449482.0,64.0
18.04,1625449482.0,64.0
12.77,1625449482.0,64.0
5.26,1625449482.0,64.0
-5.51,1625449482.0,64.0
-19.97,1625449482.0,64.0
-37.48,1625449482.0,64.0
-56.1,1625449482.0,64.0
-73.0,1625449482.0,64.0
-85.43,1625449482.0,64.0
-91.76,1625449482.0,64.0
-92.09,1625449482.0,64.0
-87.95,1625449482.0,64.0
-81.34,1625449482.0,64.0
-73.76,1625449482.0,64.0
-65.73,1625449482.0,64.0
-57.06,1625449482.0,64.0
-47.59,1625449482.0,64.0
-37.68,1625449482.0,64.0
-28.39,1625449482.0,64.0
-20.83,1625449482.0,64.0
-15.63,1625449482.0,64.0
-12.58,1625449482.0,64.0
-10.77,1625449482.0,64.0
-9.12,1625449482.0,64.0
-6.91,1625449482.0,64.0
-4.01,1625449482.0,64.0
-0.84,1625449482.0,64.0
1.96,1625449482.0,64.0
3.82,1625449482.0,64.0
4.58,1625449482.0,64.0
4.44,1625449482.0,64.0
3.9,1625449482.0,64.0
3.51,1625449482.0,64.0
3.65,1625449482.0,64.0
4.38,1625449482.0,64.0
5.43,1625449482.0,64.0
6.33,1625449482.0,64.0
6.6,1625449482.0,64.0
5.97,1625449482.0,64.0
4.48,1625449482.0,64.0
2.56,1625449482.0,64.0
0.81,1625449482.0,64.0
-0.1,1625449482.0,64.0
0.2,1625449482.0,64.0
1.66,1625449482.0,64.0
3.63,1625449482.0,64.0
5.14,1625449482.0,64.0
5.17,1625449482.0,64.0
3.13,1625449482.0,64.0
-0.78,1625449482.0,64.0
-5.58,1625449482.0,64.0
-9.79,1625449482.0,64.0
-12.15,1625449482.0,64.0
-12.05,1625449482.0,64.0
-10.17,1625449482.0,64.0
-8.25,1625449482.0,64.0
-8.44,1625449482.0,64.0
-12.28,1625449482.0,64.0
-19.69,1625449482.0,64.0
-28.61,1625449482.0,64.0
-35.42,1625449482.0,64.0
-36.13,1625449482.0,64.0
-27.91,1625449482.0,64.0
-10.34,1625449482.0,64.0
14.34,1625449482.0,64.0
41.72,1625449482.0,64.0
66.4,1625449482.0,64.0
83.29,1625449482.0,64.0
88.91,1625449482.0,64.0
82.4,1625449482.0,64.0
66.22,1625449482.0,64.0
46.23,1625449482.0,64.0
30.43,1625449482.0,64.0
26.66,1625449482.0,64.0
39.72,1625449482.0,64.0
69.22,1625449482.0,64.0
109.37,1625449482.0,64.0
150.97,1625449482.0,64.0
184.89,1625449482.0,64.0
205.19,1625449482.0,64.0
210.72,1625449482.0,64.0
204.37,1625449482.0,64.0
190.95,1625449482.0,64.0
174.78,1625449482.0,64.0
158.03,1625449482.0,64.0
140.84,1625449482.0,64.0
121.96,1625449482.0,64.0
100.13,1625449482.0,64.0
74.86,1625449482.0,64.0
46.81,1625449482.0,64.0
17.64,1625449482.0,64.0
-10.54,1625449482.0,64.0
-35.81,1625449482.0,64.0
-56.89,1625449482.0,64.0
-73.27,1625449482.0,64.0
-85.05,1625449482.0,64.0
-92.5,1625449482.0,64.0
-95.81,1625449482.0,64.0
-95.21,1625449482.0,64.0
-91.25,1625449482.0,64.0
-85.14,1625449482.0,64.0
-78.61,1625449482.0,64.0
-73.56,1625449482.0,64.0
-71.26,1625449482.0,64.0
-71.85,1625449482.0,64.0
-74.36,1625449482.0,64.0
-77.11,1625449482.0,64.0
-78.51,1625449482.0,64.0
-77.64,1625449482.0,64.0
-74.51,1625449482.0,64.0
-69.91,1625449482.0,64.0
-64.93,1625449482.0,64.0
-60.38,1625449482.0,64.0
-56.54,1625449482.0,64.0
-53.07,1625449482.0,64.0
-49.32,1625449482.0,64.0
-44.7,1625449482.0,64.0
-38.98,1625449482.0,64.0
-32.42,1625449482.0,64.0
-25.68,1625449482.0,64.0
-19.53,1625449482.0,64.0
-14.57,1625449482.0,64.0
-11.03,1625449482.0,64.0
-8.75,1625449482.0,64.0
-7.28,1625449482.0,64.0
-6.06,1625449482.0,64.0
-4.6,1625449482.0,64.0
-2.64,1625449482.0,64.0
-0.17,1625449482.0,64.0
2.55,1625449482.0,64.0
5.14,1625449482.0,64.0
7.24,1625449482.0,64.0
8.64,1625449482.0,64.0
9.32,1625449482.0,64.0
9.46,1625449482.0,64.0
9.31,1625449482.0,64.0
9.04,1625449482.0,64.0
8.69,1625449482.0,64.0
8.24,1625449482.0,64.0
7.6,1625449482.0,64.0
6.75,1625449482.0,64.0
5.72,1625449482.0,64.0
4.56,1625449482.0,64.0
3.33,1625449482.0,64.0
2.06,1625449482.0,64.0
0.79,1625449482.0,64.0
-0.43,1625449482.0,64.0
-1.56,1625449482.0,64.0
-2.59,1625449482.0,64.0
-3.62,1625449482.0,64.0
-4.75,1625449482.0,64.0
-6.08,1625449482.0,64.0
-7.65,1625449482.0,64.0
-9.43,1625449482.0,64.0
-11.32,1625449482.0,64.0
-13.29,1625449482.0,64.0
-15.28,1625449482.0,64.0
-17.21,1625449482.0,64.0
-18.89,1625449482.0,64.0
-20.06,1625449482.0,64.0
-20.39,1625449482.0,64.0
-19.7,1625449482.0,64.0
-17.99,1625449482.0,64.0
-15.48,1625449482.0,64.0
-12.53,1625449482.0,64.0
-9.43,1625449482.0,64.0
-6.37,1625449482.0,64.0
-3.41,1625449482.0,64.0
-0.6,1625449482.0,64.0
1.96,1625449482.0,64.0
4.08,1625449482.0,64.0
5.59,1625449482.0,64.0
6.46,1625449482.0,64.0
6.83,1625449482.0,64.0
7.0,1625449482.0,64.0
7.29,1625449482.0,64.0
7.91,1625449482.0,64.0
8.87,1625449482.0,64.0
9.94,1625449482.0,64.0
10.82,1625449482.0,64.0
11.24,1625449482.0,64.0
11.1,1625449482.0,64.0
10.45,1625449482.0,64.0
9.51,1625449482.0,64.0
8.48,1625449482.0,64.0
7.44,1625449482.0,64.0
6.33,1625449482.0,64.0
5.01,1625449482.0,64.0
3.38,1625449482.0,64.0
1.5,1625449482.0,64.0
-0.42,1625449482.0,64.0
-2.09,1625449482.0,64.0
-3.33,1625449482.0,64.0
-4.19,1625449482.0,64.0
-4.94,1625449482.0,64.0
-5.91,1625449482.0,64.0
-7.29,1625449482.0,64.0
-9.13,1625449482.0,64.0
-11.31,1625449482.0,64.0
-13.71,1625449482.0,64.0
-16.26,1625449482.0,64.0
-18.96,1625449482.0,64.0
-21.73,1625449482.0,64.0
-24.31,1625449482.0,64.0
-26.29,1625449482.0,64.0
-27.19,1625449482.0,64.0
-26.71,1625449482.0,64.0
-24.84,1625449482.0,64.0
-21.88,1625449482.0,64.0
-18.27,1625449482.0,64.0
-14.44,1625449482.0,64.0
-10.67,1625449482.0,64.0
-7.1,1625449482.0,64.0
-3.75,1625449482.0,64.0
-0.64,1625449482.0,64.0
2.15,1625449482.0,64.0
4.51,1625449482.0,64.0
6.36,1625449482.0,64.0
7.68,1625449482.0,64.0
8.59,1625449482.0,64.0
9.24,1625449482.0,64.0
9.8,1625449482.0,64.0
10.33,1625449482.0,64.0
10.81,1625449482.0,64.0
11.16,1625449482.0,64.0
11.36,1625449482.0,64.0
11.43,1625449482.0,64.0
11.5,1625449482.0,64.0
11.69,1625449482.0,64.0
12.03,1625449482.0,64.0
12.42,1625449482.0,64.0
12.64,1625449482.0,64.0
12.43,1625449482.0,64.0
11.63,1625449482.0,64.0
10.22,1625449482.0,64.0
8.33,1625449482.0,64.0
6.18,1625449482.0,64.0
3.97,1625449482.0,64.0
1.86,1625449482.0,64.0
-0.08,1625449482.0,64.0
-1.87,1625449482.0,64.0
-3.6,1625449482.0,64.0
-5.39,1625449482.0,64.0
-7.39,1625449482.0,64.0
-9.67,1625449482.0,64.0
-12.25,1625449482.0,64.0
-15.07,1625449482.0,64.0
-17.99,1625449482.0,64.0
-20.79,1625449482.0,64.0
-23.2,1625449482.0,64.0
-24.94,1625449482.0,64.0
-25.79,1625449482.0,64.0
-25.63,1625449482.0,64.0
-24.53,1625449482.0,64.0
-22.62,1625449482.0,64.0
-20.12,1625449482.0,64.0
-17.2,1625449482.0,64.0
-13.93,1625449482.0,64.0
-10.35,1625449482.0,64.0
-6.52,1625449482.0,64.0
-2.59,1625449482.0,64.0
1.19,1625449482.0,64.0
4.55,1625449482.0,64.0
7.31,1625449482.0,64.0
9.46,1625449482.0,64.0
11.1,1625449482.0,64.0
12.35,1625449482.0,64.0
13.32,1625449482.0,64.0
13.99,1625449482.0,64.0
14.37,1625449482.0,64.0
14.46,1625449482.0,64.0
14.35,1625449482.0,64.0
14.17,1625449482.0,64.0
14.0,1625449482.0,64.0
13.83,1625449482.0,64.0
13.54,1625449482.0,64.0
13.0,1625449482.0,64.0
12.09,1625449482.0,64.0
10.8,1625449482.0,64.0
9.18,1625449482.0,64.0
7.34,1625449482.0,64.0
5.39,1625449482.0,64.0
3.45,1625449482.0,64.0
1.67,1625449482.0,64.0
0.2,1625449482.0,64.0
-0.87,1625449482.0,64.0
-1.57,1625449482.0,64.0
-2.06,1625449482.0,64.0
-2.6,1625449482.0,64.0
-3.4,1625449482.0,64.0
-4.6,1625449482.0,64.0
-6.17,1625449482.0,64.0
-8.05,1625449482.0,64.0
-10.13,1625449482.0,64.0
-12.37,1625449482.0,64.0
-14.69,1625449482.0,64.0
-16.96,1625449482.0,64.0
-18.9,1625449482.0,64.0
-20.18,1625449482.0,64.0
-20.49,1625449482.0,64.0
-19.7,1625449482.0,64.0
-17.84,1625449482.0,64.0
-15.1,1625449482.0,64.0
-11.71,1625449482.0,64.0
-7.83,1625449482.0,64.0
-3.58,1625449482.0,64.0
0.89,1625449482.0,64.0
5.38,1625449482.0,64.0
9.53,1625449482.0,64.0
12.99,1625449482.0,64.0
15.52,1625449482.0,64.0
17.14,1625449482.0,64.0
18.11,1625449482.0,64.0
18.87,1625449482.0,64.0
19.82,1625449482.0,64.0
21.17,1625449482.0,64.0
22.89,1625449482.0,64.0
24.75,1625449482.0,64.0
26.47,1625449482.0,64.0
27.78,1625449482.0,64.0
28.59,1625449482.0,64.0
28.92,1625449482.0,64.0
28.82,1625449482.0,64.0
28.41,1625449482.0,64.0
27.73,1625449482.0,64.0
26.83,1625449482.0,64.0
25.74,1625449482.0,64.0
24.49,1625449482.0,64.0
23.07,1625449482.0,64.0
21.49,1625449482.0,64.0
19.71,1625449482.0,64.0
17.69,1625449482.0,64.0
15.39,1625449482.0,64.0
12.81,1625449482.0,64.0
9.99,1625449482.0,64.0
7.06,1625449482.0,64.0
4.12,1625449482.0,64.0
1.25,1625449482.0,64.0
-1.57,1625449482.0,64.0
-4.46,1625449482.0,64.0
-7.57,1625449482.0,64.0
-11.0,1625449482.0,64.0
-14.74,1625449482.0,64.0
-18.61,1625449482.0,64.0
-22.27,1625449482.0,64.0
-25.3,1625449482.0,64.0
-27.29,1625449482.0,64.0
-27.94,1625449482.0,64.0
-27.13,1625449482.0,64.0
-24.97,1625449482.0,64.0
-21.79,1625449482.0,64.0
-18.0,1625449482.0,64.0
-13.97,1625449482.0,64.0
-9.92,1625449482.0,64.0
-5.94,1625449482.0,64.0
-2.01,1625449482.0,64.0
1.78,1625449482.0,64.0
5.27,1625449482.0,64.0
8.2,1625449482.0,64.0
10.4,1625449482.0,64.0
11.86,1625449482.0,64.0
12.79,1625449482.0,64.0
13.48,1625449482.0,64.0
14.18,1625449482.0,64.0
14.99,1625449482.0,64.0
15.88,1625449482.0,64.0
16.72,1625449482.0,64.0
17.41,1625449482.0,64.0
17.92,1625449482.0,64.0
18.24,1625449482.0,64.0
18.36,1625449482.0,64.0
18.27,1625449482.0,64.0
17.91,1625449482.0,64.0
17.25,1625449482.0,64.0
16.25,1625449482.0,64.0
14.93,1625449482.0,64.0
13.34,1625449482.0,64.0
11.58,1625449482.0,64.0
9.77,1625449482.0,64.0
8.05,1625449482.0,64.0
6.45,1625449482.0,64.0
4.92,1625449482.0,64.0
3.31,1625449482.0,64.0
1.45,1625449482.0,64.0
-0.77,1625449482.0,64.0
-3.33,1625449482.0,64.0
-6.12,1625449482.0,64.0
-9.02,1625449482.0,64.0
-11.97,1625449482.0,64.0
-14.98,1625449482.0,64.0
-18.02,1625449482.0,64.0
-21.02,1625449482.0,64.0
-23.73,1625449482.0,64.0
-25.82,1625449482.0,64.0
-27.0,1625449482.0,64.0
-27.1,1625449482.0,64.0
-26.15,1625449482.0,64.0
-24.3,1625449482.0,64.0
-21.77,1625449482.0,64.0
-18.74,1625449482.0,64.0
-15.33,1625449482.0,64.0
-11.63,1625449482.0,64.0
-7.72,1625449482.0,64.0
-3.78,1625449482.0,64.0
-0.05,1625449482.0,64.0
3.27,1625449482.0,64.0
6.03,1625449482.0,64.0
8.19,1625449482.0,64.0
9.84,1625449482.0,64.0
11.11,1625449482.0,64.0
12.23,1625449482.0,64.0
13.38,1625449482.0,64.0
14.71,1625449482.0,64.0
16.27,1625449482.0,64.0
17.97,1625449482.0,64.0
19.58,1625449482.0,64.0
20.89,1625449482.0,64.0
21.67,1625449482.0,64.0
21.91,1625449482.0,64.0
21.69,1625449482.0,64.0
21.22,1625449482.0,64.0
20.62,1625449482.0,64.0
19.93,1625449482.0,64.0
19.06,1625449482.0,64.0
17.91,1625449482.0,64.0
16.44,1625449482.0,64.0
14.71,1625449482.0,64.0
12.81,1625449482.0,64.0
10.83,1625449482.0,64.0
8.79,1625449482.0,64.0
6.64,1625449482.0,64.0
4.36,1625449482.0,64.0
1.98,1625449482.0,64.0
-0.42,1625449482.0,64.0
-2.74,1625449482.0,64.0
-4.99,1625449482.0,64.0
-7.25,1625449482.0,64.0
-9.67,1625449482.0,64.0
-12.42,1625449482.0,64.0
-15.55,1625449482.0,64.0
-18.94,1625449482.0,64.0
-22.3,1625449482.0,64.0
-25.23,1625449482.0,64.0
-27.33,1625449482.0,64.0
-28.29,1625449482.0,64.0
-27.96,1625449482.0,64.0
-26.38,1625449482.0,64.0
-23.71,1625449482.0,64.0
-20.21,1625449482.0,64.0
-16.13,1625449482.0,64.0
-11.69,1625449482.0,64.0
-7.11,1625449482.0,64.0
-2.61,1625449482.0,64.0
1.58,1625449482.0,64.0
5.23,1625449482.0,64.0
8.19,1625449482.0,64.0
10.43,1625449482.0,64.0
12.0,1625449482.0,64.0
13.04,1625449482.0,64.0
13.71,1625449482.0,64.0
14.19,1625449482.0,64.0
14.63,1625449482.0,64.0
15.12,1625449482.0,64.0
15.72,1625449482.0,64.0
16.34,1625449482.0,64.0
16.79,1625449482.0,64.0
16.84,1625449482.0,64.0
16.32,1625449482.0,64.0
15.26,1625449482.0,64.0
13.9,1625449482.0,64.0
12.62,1625449482.0,64.0
11.76,1625449482.0,64.0
11.47,1625449482.0,64.0
11.6,1625449482.0,64.0
11.78,1625449482.0,64.0
11.53,1625449482.0,64.0
10.54,1625449482.0,64.0
8.69,1625449482.0,64.0
6.16,1625449482.0,64.0
3.35,1625449482.0,64.0
0.71,1625449482.0,64.0
-1.42,1625449482.0,64.0
-2.89,1625449482.0,64.0
-3.83,1625449482.0,64.0
-4.56,1625449482.0,64.0
-5.45,1625449482.0,64.0
-6.81,1625449482.0,64.0
-8.8,1625449482.0,64.0
-11.37,1625449482.0,64.0
-14.38,1625449482.0,64.0
-17.57,1625449482.0,64.0
-20.61,1625449482.0,64.0
-23.08,1625449482.0,64.0
-24.56,1625449482.0,64.0
-24.73,1625449482.0,64.0
-23.49,1625449482.0,64.0
-21.03,1625449482.0,64.0
-17.72,1625449482.0,64.0
-14.06,1625449482.0,64.0
-10.43,1625449482.0,64.0
-7.02,1625449482.0,64.0
-3.87,1625449482.0,64.0
-0.94,1625449482.0,64.0
1.76,1625449482.0,64.0
4.16,1625449482.0,64.0
6.2,1625449482.0,64.0
7.89,1625449482.0,64.0
9.3,1625449482.0,64.0
10.65,1625449482.0,64.0
12.07,1625449482.0,64.0
13.59,1625449482.0,64.0
15.1,1625449482.0,64.0
16.42,1625449482.0,64.0
17.37,1625449482.0,64.0
17.91,1625449482.0,64.0
18.11,1625449482.0,64.0
18.09,1625449482.0,64.0
17.94,1625449482.0,64.0
17.72,1625449482.0,64.0
17.38,1625449482.0,64.0
16.84,1625449482.0,64.0
15.98,1625449482.0,64.0
14.73,1625449482.0,64.0
13.07,1625449482.0,64.0
11.06,1625449482.0,64.0
8.83,1625449482.0,64.0
6.57,1625449482.0,64.0
4.48,1625449482.0,64.0
2.71,1625449482.0,64.0
1.27,1625449482.0,64.0
0.05,1625449482.0,64.0
-1.21,1625449482.0,64.0
-2.78,1625449482.0,64.0
-4.88,1625449482.0,64.0
-7.53,1625449482.0,64.0
-10.54,1625449482.0,64.0
-13.48,1625449482.0,64.0
-15.89,1625449482.0,64.0
-17.38,1625449482.0,64.0
-17.86,1625449482.0,64.0
-17.48,1625449482.0,64.0
-16.55,1625449482.0,64.0
-15.39,1625449482.0,64.0
-14.12,1625449482.0,64.0
-12.71,1625449482.0,64.0
-11.0,1625449482.0,64.0
-8.92,1625449482.0,64.0
-6.57,1625449482.0,64.0
-4.17,1625449482.0,64.0
-2.03,1625449482.0,64.0
-0.3,1625449482.0,64.0
1.0,1625449482.0,64.0
2.03,1625449482.0,64.0
2.97,1625449482.0,64.0
3.94,1625449482.0,64.0
4.99,1625449482.0,64.0
6.05,1625449482.0,64.0
7.08,1625449482.0,64.0
8.02,1625449482.0,64.0
8.86,1625449482.0,64.0
9.54,1625449482.0,64.0
9.95,1625449482.0,64.0
9.97,1625449482.0,64.0
9.52,1625449482.0,64.0
8.61,1625449482.0,64.0
7.39,1625449482.0,64.0
6.06,1625449482.0,64.0
4.78,1625449482.0,64.0
3.59,1625449482.0,64.0
2.42,1625449482.0,64.0
1.13,1625449482.0,64.0
-0.33,1625449482.0,64.0
-1.97,1625449482.0,64.0
-3.71,1625449482.0,64.0
-5.48,1625449482.0,64.0
-7.31,1625449482.0,64.0
-9.31,1625449482.0,64.0
-11.6,1625449482.0,64.0
-14.2,1625449482.0,64.0
-16.98,1625449482.0,64.0
-19.71,1625449482.0,64.0
-22.06,1625449482.0,64.0
-23.75,1625449482.0,64.0
-24.57,1625449482.0,64.0
-24.41,1625449482.0,64.0
-23.29,1625449482.0,64.0
-21.32,1625449482.0,64.0
-18.63,1625449482.0,64.0
-15.38,1625449482.0,64.0
-11.7,1625449482.0,64.0
-7.7,1625449482.0,64.0
-3.53,1625449482.0,64.0
0.58,1625449482.0,64.0
4.38,1625449482.0,64.0
7.6,1625449482.0,64.0
10.08,1625449482.0,64.0
11.83,1625449482.0,64.0
13.02,1625449482.0,64.0
13.87,1625449482.0,64.0
14.59,1625449482.0,64.0
15.26,1625449482.0,64.0
15.83,1625449482.0,64.0
16.23,1625449482.0,64.0
16.38,1625449482.0,64.0
16.3,1625449482.0,64.0
16.04,1625449482.0,64.0
15.66,1625449482.0,64.0
15.14,1625449482.0,64.0
14.43,1625449482.0,64.0
13.42,1625449482.0,64.0
12.04,1625449482.0,64.0
10.28,1625449482.0,64.0
8.17,1625449482.0,64.0
5.85,1625449482.0,64.0
3.43,1625449482.0,64.0
1.07,1625449482.0,64.0
-1.17,1625449482.0,64.0
-3.3,1625449482.0,64.0
-5.39,1625449482.0,64.0
-7.57,1625449482.0,64.0
-9.93,1625449482.0,64.0
-12.54,1625449482.0,64.0
-15.36,1625449482.0,64.0
-18.27,1625449482.0,64.0
-21.09,1625449482.0,64.0
-23.56,1625449482.0,64.0
-25.4,1625449482.0,64.0
-26.4,1625449482.0,64.0
-26.43,1625449482.0,64.0
-25.47,1625449482.0,64.0
-23.63,1625449482.0,64.0
-21.07,1625449482.0,64.0
-17.93,1625449482.0,64.0
-14.34,1625449482.0,64.0
-10.38,1625449482.0,64.0
-6.09,1625449482.0,64.0
-1.62,1625449482.0,64.0
2.84,1625449482.0,64.0
6.99,1625449482.0,64.0
10.52,1625449482.0,64.0
13.28,1625449482.0,64.0
15.3,1625449482.0,64.0
16.77,1625449482.0,64.0
17.97,1625449482.0,64.0
19.09,1625449482.0,64.0
20.16,1625449482.0,64.0
21.08,1625449482.0,64.0
21.67,1625449482.0,64.0
21.81,1625449482.0,64.0
21.54,1625449482.0,64.0
20.97,1625449482.0,64.0
20.21,1625449482.0,64.0
19.3,1625449482.0,64.0
18.23,1625449482.0,64.0
16.94,1625449482.0,64.0
15.41,1625449482.0,64.0
13.69,1625449482.0,64.0
11.85,1625449482.0,64.0
9.96,1625449482.0,64.0
8.05,1625449482.0,64.0
6.11,1625449482.0,64.0
4.1,1625449482.0,64.0
2.0,1625449482.0,64.0
-0.19,1625449482.0,64.0
-2.47,1625449482.0,64.0
-4.84,1625449482.0,64.0
-7.32,1625449482.0,64.0
-9.96,1625449482.0,64.0
-12.79,1625449482.0,64.0
-15.78,1625449482.0,64.0
-18.83,1625449482.0,64.0
-21.7,1625449482.0,64.0
-24.11,1625449482.0,64.0
-25.74,1625449482.0,64.0
-26.34,1625449482.0,64.0
-25.83,1625449482.0,64.0
-24.31,1625449482.0,64.0
-21.96,1625449482.0,64.0
-18.99,1625449482.0,64.0
-15.54,1625449482.0,64.0
-11.65,1625449482.0,64.0
-7.32,1625449482.0,64.0
-2.61,1625449482.0,64.0
2.29,1625449482.0,64.0
7.05,1625449482.0,64.0
11.29,1625449482.0,64.0
14.73,1625449482.0,64.0
17.25,1625449482.0,64.0
18.97,1625449482.0,64.0
20.13,1625449482.0,64.0
20.97,1625449482.0,64.0
21.66,1625449482.0,64.0
22.23,1625449482.0,64.0
22.64,1625449482.0,64.0
22.84,1625449482.0,64.0
22.82,1625449482.0,64.0
22.66,1625449482.0,64.0
22.4,1625449482.0,64.0
22.05,1625449482.0,64.0
21.55,1625449482.0,64.0
20.82,1625449482.0,64.0
19.78,1625449482.0,64.0
18.45,1625449482.0,64.0
16.91,1625449482.0,64.0
15.25,1625449482.0,64.0
13.5,1625449482.0,64.0
11.64,1625449482.0,64.0
9.63,1625449482.0,64.0
7.42,1625449482.0,64.0
5.05,1625449482.0,64.0
2.62,1625449482.0,64.0
0.29,1625449482.0,64.0
-1.86,1625449482.0,64.0
-3.86,1625449482.0,64.0
-5.85,1625449482.0,64.0
-8.08,1625449482.0,64.0
-10.76,1625449482.0,64.0
-13.98,1625449482.0,64.0
-17.63,1625449482.0,64.0
-21.42,1625449482.0,64.0
-24.95,1625449482.0,64.0
-27.8,1625449482.0,64.0
-29.66,1625449482.0,64.0
-30.39,1625449482.0,64.0
-30.03,1625449482.0,64.0
-28.73,1625449482.0,64.0
-26.66,1625449482.0,64.0
-23.94,1625449482.0,64.0
-20.68,1625449482.0,64.0
-16.91,1625449482.0,64.0
-12.71,1625449482.0,64.0
-8.19,1625449482.0,64.0
-3.55,1625449482.0,64.0
0.95,1625449482.0,64.0
5.05,1625449482.0,64.0
8.54,1625449482.0,64.0
11.33,1625449482.0,64.0
13.48,1625449482.0,64.0
15.15,1625449482.0,64.0
16.54,1625449482.0,64.0
17.77,1625449482.0,64.0
18.9,1625449482.0,64.0
19.87,1625449482.0,64.0
20.64,1625449482.0,64.0
21.2,1625449482.0,64.0
21.64,1625449482.0,64.0
22.03,1625449482.0,64.0
22.4,1625449482.0,64.0
22.64,1625449482.0,64.0
22.59,1625449482.0,64.0
22.06,1625449482.0,64.0
21.01,1625449482.0,64.0
19.53,1625449482.0,64.0
17.87,1625449482.0,64.0
16.26,1625449482.0,64.0
14.84,1625449482.0,64.0
13.59,1625449482.0,64.0
12.29,1625449482.0,64.0
10.74,1625449482.0,64.0
8.78,1625449482.0,64.0
6.45,1625449482.0,64.0
3.92,1625449482.0,64.0
1.42,1625449482.0,64.0
-0.87,1625449482.0,64.0
-2.9,1625449482.0,64.0
-4.75,1625449482.0,64.0
-6.56,1625449482.0,64.0
-8.49,1625449482.0,64.0
-10.64,1625449482.0,64.0
-13.06,1625449482.0,64.0
-15.7,1625449482.0,64.0
-18.49,1625449482.0,64.0
-21.22,1625449482.0,64.0
-23.66,1625449482.0,64.0
-25.51,1625449482.0,64.0
-26.51,1625449482.0,64.0
-26.53,1625449482.0,64.0
-25.55,1625449482.0,64.0
-23.72,1625449482.0,64.0
-21.27,1625449482.0,64.0
-18.41,1625449482.0,64.0
-15.28,1625449482.0,64.0
-11.94,1625449482.0,64.0
-8.4,1625449482.0,64.0
-4.71,1625449482.0,64.0
-0.97,1625449482.0,64.0
2.61,1625449482.0,64.0
5.81,1625449482.0,64.0
8.45,1625449482.0,64.0
10.47,1625449482.0,64.0
11.97,1625449482.0,64.0
13.11,1625449482.0,64.0
14.07,1625449482.0,64.0
14.98,1625449482.0,64.0
15.85,1625449482.0,64.0
16.61,1625449482.0,64.0
17.18,1625449482.0,64.0
17.53,1625449482.0,64.0
17.65,1625449482.0,64.0
17.6,1625449482.0,64.0
17.38,1625449482.0,64.0
17.01,1625449482.0,64.0
16.44,1625449482.0,64.0
15.63,1625449482.0,64.0
14.57,1625449482.0,64.0
13.31,1625449482.0,64.0
11.94,1625449482.0,64.0
10.55,1625449482.0,64.0
9.21,1625449482.0,64.0
7.92,1625449482.0,64.0
6.68,1625449482.0,64.0
5.45,1625449482.0,64.0
4.18,1625449482.0,64.0
2.81,1625449482.0,64.0
1.3,1625449482.0,64.0
-0.37,1625449482.0,64.0
-2.17,1625449482.0,64.0
-4.02,1625449482.0,64.0
-5.89,1625449482.0,64.0
-7.79,1625449482.0,64.0
-9.86,1625449482.0,64.0
-12.26,1625449482.0,64.0
-15.03,1625449482.0,64.0
-18.07,1625449482.0,64.0
-21.09,1625449482.0,64.0
-23.66,1625449482.0,64.0
-25.42,1625449482.0,64.0
-26.13,1625449482.0,64.0
-25.8,1625449482.0,64.0
-24.55,1625449482.0,64.0
-22.62,1625449482.0,64.0
-20.23,1625449482.0,64.0
-17.51,1625449482.0,64.0
-14.57,1625449482.0,64.0
-11.44,1625449482.0,64.0
-8.21,1625449482.0,64.0
-4.93,1625449482.0,64.0
-1.74,1625449482.0,64.0
1.26,1625449482.0,64.0
3.97,1625449482.0,64.0
6.31,1625449482.0,64.0
8.27,1625449482.0,64.0
9.86,1625449482.0,64.0
11.16,1625449482.0,64.0
12.21,1625449482.0,64.0
13.11,1625449482.0,64.0
13.88,1625449482.0,64.0
14.54,1625449482.0,64.0
15.07,1625449482.0,64.0
15.45,1625449482.0,64.0
15.64,1625449482.0,64.0
15.65,1625449482.0,64.0
15.49,1625449482.0,64.0
15.17,1625449482.0,64.0
14.7,1625449482.0,64.0
14.03,1625449482.0,64.0
13.12,1625449482.0,64.0
11.93,1625449482.0,64.0
10.49,1625449482.0,64.0
8.88,1625449482.0,64.0
7.25,1625449482.0,64.0
5.74,1625449482.0,64.0
4.42,1625449482.0,64.0
3.29,1625449482.0,64.0
2.28,1625449482.0,64.0
1.29,1625449482.0,64.0
0.21,1625449482.0,64.0
-1.02,1625449482.0,64.0
-2.45,1625449482.0,64.0
-4.09,1625449482.0,64.0
-5.93,1625449482.0,64.0
-7.94,1625449482.0,64.0
-10.11,1625449482.0,64.0
-12.45,1625449482.0,64.0
-14.95,1625449482.0,64.0
-17.55,1625449482.0,64.0
-20.11,1625449482.0,64.0
-22.37,1625449482.0,64.0
-24.03,1625449482.0,64.0
-24.84,1625449482.0,64.0
-24.63,1625449482.0,64.0
-23.44,1625449482.0,64.0
-21.46,1625449482.0,64.0
-18.99,1625449482.0,64.0
-16.31,1625449482.0,64.0
-13.59,1625449482.0,64.0
-10.89,1625449482.0,64.0
-8.15,1625449482.0,64.0
-5.33,1625449482.0,64.0
-2.5,1625449482.0,64.0
0.17,1625449482.0,64.0
2.49,1625449482.0,64.0
4.28,1625449482.0,64.0
5.5,1625449482.0,64.0
6.25,1625449482.0,64.0
6.72,1625449482.0,64.0
7.11,1625449482.0,64.0
7.55,1625449482.0,64.0
8.08,1625449482.0,64.0
8.7,1625449482.0,64.0
9.41,1625449482.0,64.0
10.2,1625449482.0,64.0
11.04,1625449482.0,64.0
11.92,1625449482.0,64.0
12.69,1625449482.0,64.0
13.23,1625449482.0,64.0
13.37,1625449482.0,64.0
13.03,1625449482.0,64.0
12.19,1625449482.0,64.0
10.97,1625449482.0,64.0
9.52,1625449482.0,64.0
8.01,1625449482.0,64.0
6.55,1625449482.0,64.0
5.18,1625449482.0,64.0
3.89,1625449482.0,64.0
2.63,1625449482.0,64.0
1.4,1625449482.0,64.0
0.16,1625449482.0,64.0
-1.08,1625449482.0,64.0
-2.39,1625449482.0,64.0
-3.8,1625449482.0,64.0
-5.33,1625449482.0,64.0
-6.99,1625449482.0,64.0
-8.73,1625449482.0,64.0
-10.52,1625449482.0,64.0
-12.4,1625449482.0,64.0
-14.4,1625449482.0,64.0
-16.53,1625449482.0,64.0
-18.7,1625449482.0,64.0
-20.68,1625449482.0,64.0
-22.18,1625449482.0,64.0
-22.94,1625449482.0,64.0
-22.82,1625449482.0,64.0
-21.85,1625449482.0,64.0
-20.17,1625449482.0,64.0
-17.99,1625449482.0,64.0
-15.5,1625449482.0,64.0
-12.85,1625449482.0,64.0
-10.1,1625449482.0,64.0
-7.34,1625449482.0,64.0
-4.61,1625449482.0,64.0
-2.0,1625449482.0,64.0
0.4,1625449482.0,64.0
2.47,1625449482.0,64.0
4.12,1625449482.0,64.0
5.36,1625449482.0,64.0
6.24,1625449482.0,64.0
6.89,1625449482.0,64.0
7.5,1625449482.0,64.0
8.2,1625449482.0,64.0
9.03,1625449482.0,64.0
9.96,1625449482.0,64.0
10.89,1625449482.0,64.0
11.69,1625449482.0,64.0
12.25,1625449482.0,64.0
12.5,1625449482.0,64.0
12.4,1625449482.0,64.0
11.99,1625449482.0,64.0
11.34,1625449482.0,64.0
10.53,1625449482.0,64.0
9.66,1625449482.0,64.0
8.79,1625449482.0,64.0
7.94,1625449482.0,64.0
7.07,1625449482.0,64.0
6.13,1625449482.0,64.0
5.1,1625449482.0,64.0
3.97,1625449482.0,64.0
2.76,1625449482.0,64.0
1.49,1625449482.0,64.0
0.17,1625449482.0,64.0
-1.24,1625449482.0,64.0
-2.81,1625449482.0,64.0
-4.59,1625449482.0,64.0
-6.6,1625449482.0,64.0
-8.81,1625449482.0,64.0
-11.11,1625449482.0,64.0
-13.43,1625449482.0,64.0
-15.71,1625449482.0,64.0
-17.9,1625449482.0,64.0
-19.92,1625449482.0,64.0
-21.65,1625449482.0,64.0
-22.87,1625449482.0,64.0
-23.4,1625449482.0,64.0
-23.1,1625449482.0,64.0
-21.98,1625449482.0,64.0
-20.19,1625449482.0,64.0
-17.9,1625449482.0,64.0
-15.3,1625449482.0,64.0
-12.47,1625449482.0,64.0
-9.45,1625449482.0,64.0
-6.24,1625449482.0,64.0
-2.96,1625449482.0,64.0
0.2,1625449482.0,64.0
3.0,1625449482.0,64.0
5.25,1625449482.0,64.0
6.86,1625449482.0,64.0
7.92,1625449482.0,64.0
8.66,1625449482.0,64.0
9.35,1625449482.0,64.0
10.2,1625449482.0,64.0
11.25,1625449482.0,64.0
12.36,1625449482.0,64.0
13.3,1625449482.0,64.0
13.88,1625449482.0,64.0
14.05,1625449482.0,64.0
13.94,1625449482.0,64.0
13.76,1625449482.0,64.0
13.66,1625449482.0,64.0
13.61,1625449482.0,64.0
13.45,1625449482.0,64.0
12.9,1625449482.0,64.0
11.8,1625449482.0,64.0
10.11,1625449482.0,64.0
8.04,1625449482.0,64.0
5.88,1625449482.0,64.0
3.94,1625449482.0,64.0
2.42,1625449482.0,64.0
1.31,1625449482.0,64.0
0.45,1625449482.0,64.0
-0.43,1625449482.0,64.0
-1.56,1625449482.0,64.0
-3.06,1625449482.0,64.0
-4.88,1625449482.0,64.0
-6.85,1625449482.0,64.0
-8.78,1625449482.0,64.0
-10.57,1625449482.0,64.0
-12.27,1625449482.0,64.0
-14.05,1625449482.0,64.0
-16.04,1625449482.0,64.0
-18.21,1625449482.0,64.0
-20.35,1625449482.0,64.0
-22.07,1625449482.0,64.0
-22.99,1625449482.0,64.0
-22.85,1625449482.0,64.0
-21.63,1625449482.0,64.0
-19.53,1625449482.0,64.0
-16.87,1625449482.0,64.0
-13.93,1625449482.0,64.0
-10.93,1625449482.0,64.0
-7.94,1625449482.0,64.0
-4.99,1625449482.0,64.0
-2.1,1625449482.0,64.0
0.59,1625449482.0,64.0
2.89,1625449482.0,64.0
4.65,1625449482.0,64.0
5.86,1625449482.0,64.0
6.67,1625449482.0,64.0
7.39,1625449482.0,64.0
8.28,1625449482.0,64.0
9.44,1625449482.0,64.0
10.78,1625449482.0,64.0
12.02,1625449482.0,64.0
12.85,1625449482.0,64.0
13.12,1625449482.0,64.0
12.85,1625449482.0,64.0
12.25,1625449482.0,64.0
11.56,1625449482.0,64.0
10.96,1625449482.0,64.0
10.5,1625449482.0,64.0
10.11,1625449482.0,64.0
9.69,1625449482.0,64.0
9.12,1625449482.0,64.0
8.37,1625449482.0,64.0
7.44,1625449482.0,64.0
6.34,1625449482.0,64.0
5.08,1625449482.0,64.0
3.63,1625449482.0,64.0
1.93,1625449482.0,64.0
-0.04,1625449482.0,64.0
-2.26,1625449482.0,64.0
-4.63,1625449482.0,64.0
-7.07,1625449482.0,64.0
-9.52,1625449482.0,64.0
-11.98,1625449482.0,64.0
-14.55,1625449482.0,64.0
-17.23,1625449482.0,64.0
-19.95,1625449482.0,64.0
-22.43,1625449482.0,64.0
-24.28,1625449482.0,64.0
-25.09,1625449482.0,64.0
-24.62,1625449482.0,64.0
-22.91,1625449482.0,64.0
-20.26,1625449482.0,64.0
-17.14,1625449482.0,64.0
-13.99,1625449482.0,64.0
-11.05,1625449482.0,64.0
-8.36,1625449482.0,64.0
-5.84,1625449482.0,64.0
-3.4,1625449482.0,64.0
-1.06,1625449482.0,64.0
1.02,1625449482.0,64.0
2.66,1625449482.0,64.0
3.79,1625449482.0,64.0
4.54,1625449482.0,64.0
5.17,1625449482.0,64.0
5.94,1625449482.0,64.0
6.96,1625449482.0,64.0
8.17,1625449482.0,64.0
9.34,1625449482.0,64.0
10.28,1625449482.0,64.0
10.91,1625449482.0,64.0
11.32,1625449482.0,64.0
11.64,1625449482.0,64.0
11.99,1625449482.0,64.0
12.31,1625449482.0,64.0
12.46,1625449482.0,64.0
12.27,1625449482.0,64.0
11.62,1625449482.0,64.0
10.5,1625449482.0,64.0
8.99,1625449482.0,64.0
7.23,1625449482.0,64.0
5.34,1625449482.0,64.0
3.42,1625449482.0,64.0
1.53,1625449482.0,64.0
-0.32,1625449482.0,64.0
-2.09,1625449482.0,64.0
-3.8,1625449482.0,64.0
-5.45,1625449482.0,64.0
-7.06,1625449482.0,64.0
-8.72,1625449482.0,64.0
-10.48,1625449482.0,64.0
-12.37,1625449482.0,64.0
-14.36,1625449482.0,64.0
-16.28,1625449482.0,64.0
-17.89,1625449482.0,64.0
-18.91,1625449482.0,64.0
-19.13,1625449482.0,64.0
-18.43,1625449482.0,64.0
-16.87,1625449482.0,64.0
-14.65,1625449482.0,64.0
-12.02,1625449482.0,64.0
-9.25,1625449482.0,64.0
-6.51,1625449482.0,64.0
-3.92,1625449482.0,64.0
-1.58,1625449482.0,64.0
0.46,1625449482.0,64.0
2.16,1625449482.0,64.0
3.5,1625449482.0,64.0
4.53,1625449482.0,64.0
5.4,1625449482.0,64.0
6.23,1625449482.0,64.0
7.17,1625449482.0,64.0
8.29,1625449482.0,64.0
9.57,1625449482.0,64.0
10.91,1625449482.0,64.0
12.16,1625449482.0,64.0
13.15,1625449482.0,64.0
13.73,1625449482.0,64.0
13.81,1625449482.0,64.0
13.36,1625449482.0,64.0
12.47,1625449482.0,64.0
11.29,1625449482.0,64.0
9.95,1625449482.0,64.0
8.56,1625449482.0,64.0
7.1,1625449482.0,64.0
5.52,1625449482.0,64.0
3.82,1625449482.0,64.0
2.06,1625449482.0,64.0
0.41,1625449482.0,64.0
-1.04,1625449482.0,64.0
-2.3,1625449482.0,64.0
-3.55,1625449482.0,64.0
-5.03,1625449482.0,64.0
-6.92,1625449482.0,64.0
-9.23,1625449482.0,64.0
-11.77,1625449482.0,64.0
-14.19,1625449482.0,64.0
-16.15,1625449482.0,64.0
-17.4,1625449482.0,64.0
-17.83,1625449482.0,64.0
-17.47,1625449482.0,64.0
-16.4,1625449482.0,64.0
-14.76,1625449482.0,64.0
-12.67,1625449482.0,64.0
-10.26,1625449482.0,64.0
-7.66,1625449482.0,64.0
-4.95,1625449482.0,64.0
-2.23,1625449482.0,64.0
0.43,1625449482.0,64.0
2.94,1625449482.0,64.0
5.24,1625449482.0,64.0
7.21,1625449482.0,64.0
8.79,1625449482.0,64.0
9.98,1625449482.0,64.0
10.83,1625449482.0,64.0
11.5,1625449482.0,64.0
12.15,1625449482.0,64.0
12.88,1625449482.0,64.0
13.7,1625449482.0,64.0
14.51,1625449482.0,64.0
15.1,1625449482.0,64.0
15.32,1625449482.0,64.0
15.06,1625449482.0,64.0
14.38,1625449482.0,64.0
13.38,1625449482.0,64.0
12.18,1625449482.0,64.0
10.82,1625449482.0,64.0
9.28,1625449482.0,64.0
7.5,1625449482.0,64.0
5.47,1625449482.0,64.0
3.31,1625449482.0,64.0
1.25,1625449482.0,64.0
-0.47,1625449482.0,64.0
-1.75,1625449482.0,64.0
-2.66,1625449482.0,64.0
-3.46,1625449482.0,64.0
-4.48,1625449482.0,64.0
-5.99,1625449482.0,64.0
-8.08,1625449482.0,64.0
-10.66,1625449482.0,64.0
-13.49,1625449482.0,64.0
-16.31,1625449482.0,64.0
-18.81,1625449482.0,64.0
-20.74,1625449482.0,64.0
-21.86,1625449482.0,64.0
-22.0,1625449482.0,64.0
-21.1,1625449482.0,64.0
-19.21,1625449482.0,64.0
-16.54,1625449482.0,64.0
-13.35,1625449482.0,64.0
-9.86,1625449482.0,64.0
-6.22,1625449482.0,64.0
-2.55,1625449482.0,64.0
1.04,1625449482.0,64.0
4.38,1625449482.0,64.0
7.28,1625449482.0,64.0
9.56,1625449482.0,64.0
11.19,1625449482.0,64.0
12.31,1625449482.0,64.0
13.14,1625449482.0,64.0
13.94,1625449482.0,64.0
14.82,1625449482.0,64.0
15.8,1625449482.0,64.0
16.77,1625449482.0,64.0
17.6,1625449482.0,64.0
18.14,1625449482.0,64.0
18.36,1625449482.0,64.0
18.2,1625449482.0,64.0
17.67,1625449482.0,64.0
16.81,1625449482.0,64.0
15.67,1625449482.0,64.0
14.36,1625449482.0,64.0
12.95,1625449482.0,64.0
11.48,1625449482.0,64.0
9.92,1625449482.0,64.0
8.25,1625449482.0,64.0
6.4,1625449482.0,64.0
4.4,1625449482.0,64.0
2.29,1625449482.0,64.0
0.17,1625449482.0,64.0
-1.94,1625449482.0,64.0
-4.04,1625449482.0,64.0
-6.25,1625449482.0,64.0
-8.63,1625449482.0,64.0
-11.21,1625449482.0,64.0
-13.87,1625449482.0,64.0
-16.4,1625449482.0,64.0
-18.52,1625449482.0,64.0
-20.01,1625449482.0,64.0
-20.76,1625449482.0,64.0
-20.76,1625449482.0,64.0
-20.09,1625449482.0,64.0
-18.76,1625449482.0,64.0
-16.75,1625449482.0,64.0
-14.06,1625449482.0,64.0
-10.73,1625449482.0,64.0
-6.95,1625449482.0,64.0
-3.04,1625449482.0,64.0
0.64,1625449482.0,64.0
3.79,1625449482.0,64.0
6.3,1625449482.0,64.0
8.26,1625449482.0,64.0
9.83,1625449482.0,64.0
11.19,1625449482.0,64.0
12.45,1625449482.0,64.0
13.61,1625449482.0,64.0
14.64,1625449482.0,64.0
15.54,1625449482.0,64.0
16.36,1625449482.0,64.0
17.12,1625449482.0,64.0
17.82,1625449482.0,64.0
18.35,1625449482.0,64.0
18.58,1625449482.0,64.0
18.42,1625449482.0,64.0
17.89,1625449482.0,64.0
17.09,1625449482.0,64.0
16.16,1625449482.0,64.0
15.18,1625449482.0,64.0
14.08,1625449482.0,64.0
12.75,1625449482.0,64.0
11.08,1625449482.0,64.0
9.09,1625449482.0,64.0
6.94,1625449482.0,64.0
4.82,1625449482.0,64.0
2.89,1625449482.0,64.0
1.25,1625449482.0,64.0
-0.17,1625449482.0,64.0
-1.44,1625449482.0,64.0
-2.7,1625449482.0,64.0
-4.08,1625449482.0,64.0
-5.72,1625449482.0,64.0
-7.77,1625449482.0,64.0
-10.3,1625449482.0,64.0
-13.26,1625449482.0,64.0
-16.42,1625449482.0,64.0
-19.41,1625449482.0,64.0
-21.88,1625449482.0,64.0
-23.53,1625449482.0,64.0
-24.2,1625449482.0,64.0
-23.88,1625449482.0,64.0
-22.6,1625449482.0,64.0
-20.45,1625449482.0,64.0
-17.55,1625449482.0,64.0
-14.08,1625449482.0,64.0
-10.29,1625449482.0,64.0
-6.45,1625449482.0,64.0
-2.78,1625449482.0,64.0
0.62,1625449482.0,64.0
3.75,1625449482.0,64.0
6.67,1625449482.0,64.0
9.43,1625449482.0,64.0
11.98,1625449482.0,64.0
14.21,1625449482.0,64.0
15.98,1625449482.0,64.0
17.2,1625449482.0,64.0
17.84,1625449482.0,64.0
17.98,1625449482.0,64.0
17.74,1625449482.0,64.0
17.27,1625449482.0,64.0
16.73,1625449482.0,64.0
16.25,1625449482.0,64.0
15.92,1625449482.0,64.0
15.75,1625449482.0,64.0
15.67,1625449482.0,64.0
15.55,1625449482.0,64.0
15.25,1625449482.0,64.0
14.66,1625449482.0,64.0
13.78,1625449482.0,64.0
12.67,1625449482.0,64.0
11.44,1625449482.0,64.0
10.2,1625449482.0,64.0
9.0,1625449482.0,64.0
7.83,1625449482.0,64.0
6.64,1625449482.0,64.0
5.32,1625449482.0,64.0
3.82,1625449482.0,64.0
2.11,1625449482.0,64.0
0.17,1625449482.0,64.0
-1.96,1625449482.0,64.0
-4.22,1625449482.0,64.0
-6.54,1625449482.0,64.0
-8.87,1625449482.0,64.0
-11.14,1625449482.0,64.0
-13.35,1625449482.0,64.0
-15.56,1625449482.0,64.0
-17.77,1625449482.0,64.0
-19.91,1625449482.0,64.0
-21.79,1625449482.0,64.0
-23.13,1625449482.0,64.0
-23.65,1625449482.0,64.0
-23.23,1625449482.0,64.0
-21.91,1625449482.0,64.0
-19.9,1625449482.0,64.0
-17.48,1625449482.0,64.0
-14.85,1625449482.0,64.0
-12.08,1625449482.0,64.0
-9.11,1625449482.0,64.0
-5.84,1625449482.0,64.0
-2.31,1625449482.0,64.0
1.26,1625449482.0,64.0
4.56,1625449482.0,64.0
7.28,1625449482.0,64.0
9.3,1625449482.0,64.0
10.7,1625449482.0,64.0
11.77,1625449482.0,64.0
12.8,1625449482.0,64.0
13.96,1625449482.0,64.0
15.24,1625449482.0,64.0
16.47,1625449482.0,64.0
17.46,1625449482.0,64.0
18.09,1625449482.0,64.0
18.37,1625449482.0,64.0
18.39,1625449482.0,64.0
18.27,1625449482.0,64.0
18.08,1625449482.0,64.0
17.82,1625449482.0,64.0
17.42,1625449482.0,64.0
16.79,1625449482.0,64.0
15.89,1625449482.0,64.0
14.72,1625449482.0,64.0
13.34,1625449482.0,64.0
11.88,1625449482.0,64.0
10.45,1625449482.0,64.0
9.09,1625449482.0,64.0
7.78,1625449482.0,64.0
6.44,1625449482.0,64.0
5.01,1625449482.0,64.0
3.46,1625449482.0,64.0
1.86,1625449482.0,64.0
0.29,1625449482.0,64.0
-1.16,1625449482.0,64.0
-2.51,1625449482.0,64.0
-3.84,1625449482.0,64.0
-5.25,1625449482.0,64.0
-6.84,1625449482.0,64.0
-8.64,1625449482.0,64.0
-10.67,1625449482.0,64.0
-12.91,1625449482.0,64.0
-15.3,1625449482.0,64.0
-17.74,1625449482.0,64.0
-20.0,1625449482.0,64.0
-21.8,1625449482.0,64.0
-22.82,1625449482.0,64.0
-22.83,1625449482.0,64.0
-21.78,1625449482.0,64.0
-19.81,1625449482.0,64.0
-17.23,1625449482.0,64.0
-14.36,1625449482.0,64.0
-11.47,1625449482.0,64.0
-8.65,1625449482.0,64.0
-5.86,1625449482.0,64.0
-3.01,1625449482.0,64.0
-0.05,1625449482.0,64.0
2.87,1625449482.0,64.0
5.54,1625449482.0,64.0
7.71,1625449482.0,64.0
9.29,1625449482.0,64.0
10.38,1625449482.0,64.0
11.21,1625449482.0,64.0
11.99,1625449482.0,64.0
12.78,1625449482.0,64.0
13.48,1625449482.0,64.0
13.91,1625449482.0,64.0
13.99,1625449482.0,64.0
13.75,1625449482.0,64.0
13.37,1625449482.0,64.0
12.97,1625449482.0,64.0
12.6,1625449482.0,64.0
12.14,1625449482.0,64.0
11.42,1625449482.0,64.0
10.38,1625449482.0,64.0
9.05,1625449482.0,64.0
7.64,1625449482.0,64.0
6.39,1625449482.0,64.0
5.46,1625449482.0,64.0
4.9,1625449482.0,64.0
4.62,1625449482.0,64.0
4.43,1625449482.0,64.0
4.12,1625449482.0,64.0
3.52,1625449482.0,64.0
2.59,1625449482.0,64.0
1.37,1625449482.0,64.0
-0.01,1625449482.0,64.0
-1.42,1625449482.0,64.0
-2.78,1625449482.0,64.0
-4.09,1625449482.0,64.0
-5.46,1625449482.0,64.0
-7.0,1625449482.0,64.0
-8.78,1625449482.0,64.0
-10.78,1625449482.0,64.0
-12.92,1625449482.0,64.0
-15.1,1625449482.0,64.0
-17.21,1625449482.0,64.0
-19.11,1625449482.0,64.0
-20.64,1625449482.0,64.0
-21.57,1625449482.0,64.0
-21.69,1625449482.0,64.0
-20.87,1625449482.0,64.0
-19.21,1625449482.0,64.0
-16.96,1625449482.0,64.0
-14.45,1625449482.0,64.0
-11.93,1625449482.0,64.0
-9.47,1625449482.0,64.0
-7.02,1625449482.0,64.0
-4.52,1625449482.0,64.0
-1.97,1625449482.0,64.0
0.48,1625449482.0,64.0
2.66,1625449482.0,64.0
4.42,1625449482.0,64.0
5.76,1625449482.0,64.0
6.75,1625449482.0,64.0
7.51,1625449482.0,64.0
8.11,1625449482.0,64.0
8.6,1625449482.0,64.0
9.01,1625449482.0,64.0
9.39,1625449482.0,64.0
9.85,1625449482.0,64.0
10.45,1625449482.0,64.0
11.14,1625449482.0,64.0
11.77,1625449482.0,64.0
12.06,1625449482.0,64.0
11.81,1625449482.0,64.0
10.99,1625449482.0,64.0
9.74,1625449482.0,64.0
8.33,1625449482.0,64.0
7.02,1625449482.0,64.0
5.94,1625449482.0,64.0
5.07,1625449482.0,64.0
4.26,1625449482.0,64.0
3.39,1625449482.0,64.0
2.34,1625449482.0,64.0
1.1,1625449482.0,64.0
-0.29,1625449482.0,64.0
-1.74,1625449482.0,64.0
-3.16,1625449482.0,64.0
-4.46,1625449482.0,64.0
-5.6,1625449482.0,64.0
-6.62,1625449482.0,64.0
-7.61,1625449482.0,64.0
-8.71,1625449482.0,64.0
-10.04,1625449482.0,64.0
-11.65,1625449482.0,64.0
-13.48,1625449482.0,64.0
-15.31,1625449482.0,64.0
-16.9,1625449482.0,64.0
-17.99,1625449482.0,64.0
-18.39,1625449482.0,64.0
-18.02,1625449482.0,64.0
-16.91,1625449482.0,64.0
-15.16,1625449482.0,64.0
-12.93,1625449482.0,64.0
-10.42,1625449482.0,64.0
-7.76,1625449482.0,64.0
-5.05,1625449482.0,64.0
-2.4,1625449482.0,64.0
0.08,1625449482.0,64.0
2.2,1625449482.0,64.0
3.8,1625449482.0,64.0
4.75,1625449482.0,64.0
5.11,1625449482.0,64.0
5.06,1625449482.0,64.0
4.94,1625449482.0,64.0
5.06,1625449482.0,64.0
5.62,1625449482.0,64.0
6.6,1625449482.0,64.0
7.75,1625449482.0,64.0
8.8,1625449482.0,64.0
9.47,1625449482.0,64.0
9.69,1625449482.0,64.0
9.47,1625449482.0,64.0
8.96,1625449482.0,64.0
8.26,1625449482.0,64.0
7.4,1625449482.0,64.0
6.38,1625449482.0,64.0
5.24,1625449482.0,64.0
4.04,1625449482.0,64.0
2.86,1625449482.0,64.0
1.78,1625449482.0,64.0
0.81,1625449482.0,64.0
-0.07,1625449482.0,64.0
-0.87,1625449482.0,64.0
-1.6,1625449482.0,64.0
-2.26,1625449482.0,64.0
-2.89,1625449482.0,64.0
-3.58,1625449482.0,64.0
-4.5,1625449482.0,64.0
-5.77,1625449482.0,64.0
-7.48,1625449482.0,64.0
-9.62,1625449482.0,64.0
-12.11,1625449482.0,64.0
-14.78,1625449482.0,64.0
-17.37,1625449482.0,64.0
-19.58,1625449482.0,64.0
-21.03,1625449482.0,64.0
-21.45,1625449482.0,64.0
-20.68,1625449482.0,64.0
-18.82,1625449482.0,64.0
-16.16,1625449482.0,64.0
-13.11,1625449482.0,64.0
-10.04,1625449482.0,64.0
-7.14,1625449482.0,64.0
-4.46,1625449482.0,64.0
-1.95,1625449482.0,64.0
0.38,1625449482.0,64.0
2.5,1625449482.0,64.0
4.27,1625449482.0,64.0
5.61,1625449482.0,64.0
6.51,1625449482.0,64.0
7.07,1625449482.0,64.0
7.48,1625449482.0,64.0
7.91,1625449482.0,64.0
8.52,1625449482.0,64.0
9.32,1625449482.0,64.0
10.26,1625449482.0,64.0
11.19,1625449482.0,64.0
11.95,1625449482.0,64.0
12.37,1625449482.0,64.0
12.36,1625449482.0,64.0
11.92,1625449482.0,64.0
11.1,1625449482.0,64.0
10.02,1625449482.0,64.0
8.8,1625449482.0,64.0
7.54,1625449482.0,64.0
6.33,1625449482.0,64.0
5.19,1625449482.0,64.0
4.13,1625449482.0,64.0
3.12,1625449482.0,64.0
2.1,1625449482.0,64.0
1.04,1625449482.0,64.0
-0.11,1625449482.0,64.0
-1.37,1625449482.0,64.0
-2.77,1625449482.0,64.0
-4.34,1625449482.0,64.0
-6.14,1625449482.0,64.0
-8.22,1625449482.0,64.0
-10.61,1625449482.0,64.0
-13.22,1625449482.0,64.0
-15.83,1625449482.0,64.0
-18.13,1625449482.0,64.0
-19.82,1625449482.0,64.0
-20.71,1625449482.0,64.0
-20.76,1625449482.0,64.0
-20.09,1625449482.0,64.0
-18.88,1625449482.0,64.0
-17.33,1625449482.0,64.0
-15.51,1625449482.0,64.0
-13.42,1625449482.0,64.0
-11.02,1625449482.0,64.0
-8.24,1625449482.0,64.0
-5.13,1625449482.0,64.0
-1.87,1625449482.0,64.0
1.26,1625449482.0,64.0
3.97,1625449482.0,64.0
6.07,1625449482.0,64.0
7.55,1625449482.0,64.0
8.6,1625449482.0,64.0
9.48,1625449482.0,64.0
10.45,1625449482.0,64.0
11.62,1625449482.0,64.0
12.93,1625449482.0,64.0
14.2,1625449482.0,64.0
15.23,1625449482.0,64.0
15.88,1625449482.0,64.0
16.12,1625449482.0,64.0
16.01,1625449482.0,64.0
15.66,1625449482.0,64.0
15.16,1625449482.0,64.0
14.57,1625449482.0,64.0
13.9,1625449482.0,64.0
13.11,1625449482.0,64.0
12.12,1625449482.0,64.0
10.88,1625449482.0,64.0
9.34,1625449482.0,64.0
7.54,1625449482.0,64.0
5.57,1625449482.0,64.0
3.53,1625449482.0,64.0
1.51,1625449482.0,64.0
-0.42,1625449482.0,64.0
-2.25,1625449482.0,64.0
-4.02,1625449482.0,64.0
-5.81,1625449482.0,64.0
-7.71,1625449482.0,64.0
-9.78,1625449482.0,64.0
-12.05,1625449482.0,64.0
-14.42,1625449482.0,64.0
-16.73,1625449482.0,64.0
-18.7,1625449482.0,64.0
-20.08,1625449482.0,64.0
-20.72,1625449482.0,64.0
-20.56,1625449482.0,64.0
-19.7,1625449482.0,64.0
-18.27,1625449482.0,64.0
-16.38,1625449482.0,64.0
-14.13,1625449482.0,64.0
-11.52,1625449482.0,64.0
-8.56,1625449482.0,64.0
-5.26,1625449482.0,64.0
-1.72,1625449482.0,64.0
1.9,1625449482.0,64.0
5.34,1625449482.0,64.0
8.31,1625449482.0,64.0
10.57,1625449482.0,64.0
12.01,1625449482.0,64.0
12.69,1625449482.0,64.0
12.85,1625449482.0,64.0
12.83,1625449482.0,64.0
12.9,1625449482.0,64.0
13.2,1625449482.0,64.0
13.68,1625449482.0,64.0
14.17,1625449482.0,64.0
14.47,1625449482.0,64.0
14.48,1625449482.0,64.0
14.17,1625449482.0,64.0
13.58,1625449482.0,64.0
12.74,1625449482.0,64.0
11.71,1625449482.0,64.0
10.52,1625449482.0,64.0
9.23,1625449482.0,64.0
7.89,1625449482.0,64.0
6.57,1625449482.0,64.0
5.31,1625449482.0,64.0
4.1,1625449482.0,64.0
2.94,1625449482.0,64.0
1.82,1625449482.0,64.0
0.75,1625449482.0,64.0
-0.35,1625449482.0,64.0
-1.54,1625449482.0,64.0
-2.96,1625449482.0,64.0
-4.7,1625449482.0,64.0
-6.75,1625449482.0,64.0
-9.03,1625449482.0,64.0
-11.4,1625449482.0,64.0
-13.7,1625449482.0,64.0
-15.81,1625449482.0,64.0
-17.56,1625449482.0,64.0
-18.81,1625449482.0,64.0
-19.36,1625449482.0,64.0
-19.06,1625449482.0,64.0
-17.89,1625449482.0,64.0
-15.97,1625449482.0,64.0
-13.58,1625449482.0,64.0
-10.99,1625449482.0,64.0
-8.36,1625449482.0,64.0
-5.75,1625449482.0,64.0
-3.1,1625449482.0,64.0
-0.41,1625449482.0,64.0
2.23,1625449482.0,64.0
4.62,1625449482.0,64.0
6.56,1625449482.0,64.0
7.94,1625449482.0,64.0
8.77,1625449482.0,64.0
9.24,1625449482.0,64.0
9.54,1625449482.0,64.0
9.89,1625449482.0,64.0
10.38,1625449482.0,64.0
11.02,1625449482.0,64.0
11.72,1625449482.0,64.0
12.3,1625449482.0,64.0
12.64,1625449482.0,64.0
12.67,1625449482.0,64.0
12.42,1625449482.0,64.0
11.99,1625449482.0,64.0
11.52,1625449482.0,64.0
11.04,1625449482.0,64.0
10.47,1625449482.0,64.0
9.66,1625449482.0,64.0
8.52,1625449482.0,64.0
7.05,1625449482.0,64.0
5.41,1625449482.0,64.0
3.85,1625449482.0,64.0
2.51,1625449482.0,64.0
1.41,1625449482.0,64.0
0.42,1625449482.0,64.0
-0.65,1625449482.0,64.0
-1.97,1625449482.0,64.0
-3.62,1625449482.0,64.0
-5.52,1625449482.0,64.0
-7.56,1625449482.0,64.0
-9.63,1625449482.0,64.0
-11.62,1625449482.0,64.0
-13.49,1625449482.0,64.0
-15.16,1625449482.0,64.0
-16.55,1625449482.0,64.0
-17.5,1625449482.0,64.0
-17.89,1625449482.0,64.0
-17.57,1625449482.0,64.0
-16.51,1625449482.0,64.0
-14.76,1625449482.0,64.0
-12.46,1625449482.0,64.0
-9.8,1625449482.0,64.0
-7.0,1625449482.0,64.0
-4.26,1625449482.0,64.0
-1.71,1625449482.0,64.0
0.48,1625449482.0,64.0
2.3,1625449482.0,64.0
3.74,1625449482.0,64.0
4.92,1625449482.0,64.0
5.94,1625449482.0,64.0
6.92,1625449482.0,64.0
7.93,1625449482.0,64.0
8.94,1625449482.0,64.0
9.95,1625449482.0,64.0
10.87,1625449482.0,64.0
11.61,1625449482.0,64.0
12.06,1625449482.0,64.0
12.12,1625449482.0,64.0
11.76,1625449482.0,64.0
11.02,1625449482.0,64.0
10.07,1625449482.0,64.0
9.07,1625449482.0,64.0
8.18,1625449482.0,64.0
7.43,1625449482.0,64.0
6.75,1625449482.0,64.0
6.03,1625449482.0,64.0
5.22,1625449482.0,64.0
4.34,1625449482.0,64.0
3.46,1625449482.0,64.0
2.62,1625449482.0,64.0
1.77,1625449482.0,64.0
0.78,1625449482.0,64.0
-0.45,1625449482.0,64.0
-1.97,1625449482.0,64.0
-3.74,1625449482.0,64.0
-5.67,1625449482.0,64.0
-7.63,1625449482.0,64.0
-9.59,1625449482.0,64.0
-11.51,1625449482.0,64.0
-13.4,1625449482.0,64.0
-15.19,1625449482.0,64.0
-16.75,1625449482.0,64.0
-17.91,1625449482.0,64.0
-18.47,1625449482.0,64.0
-18.29,1625449482.0,64.0
-17.31,1625449482.0,64.0
-15.6,1625449482.0,64.0
-13.32,1625449482.0,64.0
-10.68,1625449482.0,64.0
-7.95,1625449482.0,64.0
-5.32,1625449482.0,64.0
-2.89,1625449482.0,64.0
-0.69,1625449482.0,64.0
1.29,1625449482.0,64.0
3.09,1625449482.0,64.0
4.65,1625449482.0,64.0
5.95,1625449482.0,64.0
6.96,1625449482.0,64.0
7.73,1625449482.0,64.0
8.38,1625449482.0,64.0
9.05,1625449482.0,64.0
9.8,1625449482.0,64.0
10.59,1625449482.0,64.0
11.28,1625449482.0,64.0
11.68,1625449482.0,64.0
11.68,1625449482.0,64.0
11.27,1625449482.0,64.0
10.56,1625449482.0,64.0
9.67,1625449482.0,64.0
8.72,1625449482.0,64.0
7.74,1625449482.0,64.0
6.71,1625449482.0,64.0
5.64,1625449482.0,64.0
4.56,1625449482.0,64.0
3.48,1625449482.0,64.0
2.46,1625449482.0,64.0
1.48,1625449482.0,64.0
0.51,1625449482.0,64.0
-0.51,1625449482.0,64.0
-1.64,1625449482.0,64.0
-2.9,1625449482.0,64.0
-4.31,1625449482.0,64.0
-5.89,1625449482.0,64.0
-7.64,1625449482.0,64.0
-9.56,1625449482.0,64.0
-11.56,1625449482.0,64.0
-13.43,1625449482.0,64.0
-14.91,1625449482.0,64.0
-15.74,1625449482.0,64.0
-15.72,1625449482.0,64.0
-14.82,1625449482.0,64.0
-13.15,1625449482.0,64.0
-10.94,1625449482.0,64.0
-8.43,1625449482.0,64.0
-5.86,1625449482.0,64.0
-3.35,1625449482.0,64.0
-0.99,1625449482.0,64.0
1.19,1625449482.0,64.0
3.14,1625449482.0,64.0
4.81,1625449482.0,64.0
6.15,1625449482.0,64.0
7.16,1625449482.0,64.0
7.91,1625449482.0,64.0
8.48,1625449482.0,64.0
8.97,1625449482.0,64.0
9.43,1625449482.0,64.0
9.84,1625449482.0,64.0
10.12,1625449482.0,64.0
10.22,1625449482.0,64.0
10.12,1625449482.0,64.0
9.89,1625449482.0,64.0
9.63,1625449482.0,64.0
9.41,1625449482.0,64.0
9.24,1625449482.0,64.0
9.06,1625449482.0,64.0
8.74,1625449482.0,64.0
8.17,1625449482.0,64.0
7.28,1625449482.0,64.0
6.07,1625449482.0,64.0
4.57,1625449482.0,64.0
2.86,1625449482.0,64.0
0.98,1625449482.0,64.0
-0.97,1625449482.0,64.0
-2.88,1625449482.0,64.0
-4.58,1625449482.0,64.0
-6.0,1625449482.0,64.0
-7.16,1625449482.0,64.0
-8.27,1625449482.0,64.0
-9.6,1625449482.0,64.0
-11.38,1625449482.0,64.0
-13.65,1625449482.0,64.0
-16.13,1625449482.0,64.0
-18.38,1625449482.0,64.0
-19.95,1625449482.0,64.0
-20.56,1625449482.0,64.0
-20.2,1625449482.0,64.0
-19.1,1625449482.0,64.0
-17.53,1625449482.0,64.0
-15.66,1625449482.0,64.0
-13.48,1625449482.0,64.0
-10.88,1625449482.0,64.0
-7.77,1625449482.0,64.0
-4.19,1625449482.0,64.0
-0.4,1625449482.0,64.0
3.23,1625449482.0,64.0
6.33,1625449482.0,64.0
8.65,1625449482.0,64.0
10.13,1625449482.0,64.0
10.93,1625449482.0,64.0
11.33,1625449482.0,64.0
11.6,1625449482.0,64.0
11.98,1625449482.0,64.0
12.52,1625449482.0,64.0
13.16,1625449482.0,64.0
13.68,1625449482.0,64.0
13.88,1625449482.0,64.0
13.67,1625449482.0,64.0
13.09,1625449482.0,64.0
12.39,1625449482.0,64.0
11.83,1625449482.0,64.0
11.61,1625449482.0,64.0
11.74,1625449482.0,64.0
11.97,1625449482.0,64.0
11.95,1625449482.0,64.0
11.33,1625449482.0,64.0
9.97,1625449482.0,64.0
7.93,1625449482.0,64.0
5.48,1625449482.0,64.0
2.93,1625449482.0,64.0
0.53,1625449482.0,64.0
-1.61,1625449482.0,64.0
-3.49,1625449482.0,64.0
-5.22,1625449482.0,64.0
-6.88,1625449482.0,64.0
-8.55,1625449482.0,64.0
-10.3,1625449482.0,64.0
-12.2,1625449482.0,64.0
-14.27,1625449482.0,64.0
-16.44,1625449482.0,64.0
-18.58,1625449482.0,64.0
-20.39,1625449482.0,64.0
-21.54,1625449482.0,64.0
-21.76,1625449482.0,64.0
-20.94,1625449482.0,64.0
-19.19,1625449482.0,64.0
-16.77,1625449482.0,64.0
-13.99,1625449482.0,64.0
-11.11,1625449482.0,64.0
-8.24,1625449482.0,64.0
-5.39,1625449482.0,64.0
-2.55,1625449482.0,64.0
0.27,1625449482.0,64.0
2.98,1625449482.0,64.0
5.47,1625449482.0,64.0
7.66,1625449482.0,64.0
9.52,1625449482.0,64.0
11.08,1625449482.0,64.0
12.43,1625449482.0,64.0
13.68,1625449482.0,64.0
14.86,1625449482.0,64.0
16.03,1625449482.0,64.0
17.14,1625449482.0,64.0
18.14,1625449482.0,64.0
18.95,1625449482.0,64.0
19.49,1625449482.0,64.0
19.68,1625449482.0,64.0
19.49,1625449482.0,64.0
18.91,1625449482.0,64.0
17.97,1625449482.0,64.0
16.71,1625449482.0,64.0
15.19,1625449482.0,64.0
13.46,1625449482.0,64.0
11.64,1625449482.0,64.0
9.77,1625449482.0,64.0
7.93,1625449482.0,64.0
6.15,1625449482.0,64.0
4.47,1625449482.0,64.0
2.93,1625449482.0,64.0
1.56,1625449482.0,64.0
0.35,1625449482.0,64.0
-0.82,1625449482.0,64.0
-2.13,1625449482.0,64.0
-3.73,1625449482.0,64.0
-5.69,1625449482.0,64.0
-7.96,1625449482.0,64.0
-10.38,1625449482.0,64.0
-12.8,1625449482.0,64.0
-15.09,1625449482.0,64.0
-17.23,1625449482.0,64.0
-19.15,1625449482.0,64.0
-20.72,1625449482.0,64.0
-21.73,1625449482.0,64.0
-21.89,1625449482.0,64.0
-21.03,1625449482.0,64.0
-19.14,1625449482.0,64.0
-16.49,1625449482.0,64.0
-13.46,1625449482.0,64.0
-10.39,1625449482.0,64.0
-7.52,1625449482.0,64.0
-4.88,1625449482.0,64.0
-2.45,1625449482.0,64.0
-0.15,1625449482.0,64.0
1.99,1625449482.0,64.0
3.9,1625449482.0,64.0
5.52,1625449482.0,64.0
6.82,1625449482.0,64.0
7.89,1625449482.0,64.0
8.86,1625449482.0,64.0
9.88,1625449482.0,64.0
10.97,1625449482.0,64.0
12.09,1625449482.0,64.0
13.08,1625449482.0,64.0
13.79,1625449482.0,64.0
14.12,1625449482.0,64.0
14.08,1625449482.0,64.0
13.81,1625449482.0,64.0
13.42,1625449482.0,64.0
12.99,1625449482.0,64.0
12.52,1625449482.0,64.0
11.95,1625449482.0,64.0
11.19,1625449482.0,64.0
10.24,1625449482.0,64.0
9.13,1625449482.0,64.0
7.92,1625449482.0,64.0
6.71,1625449482.0,64.0
5.52,1625449482.0,64.0
4.31,1625449482.0,64.0
3.08,1625449482.0,64.0
1.78,1625449482.0,64.0
0.45,1625449482.0,64.0
-0.84,1625449482.0,64.0
-2.03,1625449482.0,64.0
-3.11,1625449482.0,64.0
-4.18,1625449482.0,64.0
-5.39,1625449482.0,64.0
-6.93,1625449482.0,64.0
-8.89,1625449482.0,64.0
-11.24,1625449482.0,64.0
-13.75,1625449482.0,64.0
-16.11,1625449482.0,64.0
-18.0,1625449482.0,64.0
-19.2,1625449482.0,64.0
-19.64,1625449482.0,64.0
-19.35,1625449482.0,64.0
-18.43,1625449482.0,64.0
-16.98,1625449482.0,64.0
-15.03,1625449482.0,64.0
-12.61,1625449482.0,64.0
-9.73,1625449482.0,64.0
-6.52,1625449482.0,64.0
-3.16,1625449482.0,64.0
0.12,1625449482.0,64.0
3.06,1625449482.0,64.0
5.5,1625449482.0,64.0
7.39,1625449482.0,64.0
8.82,1625449482.0,64.0
9.9,1625449482.0,64.0
10.74,1625449482.0,64.0
11.37,1625449482.0,64.0
11.75,1625449482.0,64.0
11.82,1625449482.0,64.0
11.6,1625449482.0,64.0
11.16,1625449482.0,64.0
10.67,1625449482.0,64.0
10.32,1625449482.0,64.0
10.18,1625449482.0,64.0
10.25,1625449482.0,64.0
10.42,1625449482.0,64.0
10.54,1625449482.0,64.0
10.51,1625449482.0,64.0
10.3,1625449482.0,64.0
9.98,1625449482.0,64.0
9.63,1625449482.0,64.0
9.29,1625449482.0,64.0
8.89,1625449482.0,64.0
8.25,1625449482.0,64.0
7.21,1625449482.0,64.0
5.69,1625449482.0,64.0
3.75,1625449482.0,64.0
1.63,1625449482.0,64.0
-0.37,1625449482.0,64.0
-2.02,1625449482.0,64.0
-3.24,1625449482.0,64.0
-4.17,1625449482.0,64.0
-5.08,1625449482.0,64.0
-6.23,1625449482.0,64.0
-7.75,1625449482.0,64.0
-9.64,1625449482.0,64.0
-11.78,1625449482.0,64.0
-13.99,1625449482.0,64.0
-16.11,1625449482.0,64.0
-17.94,1625449482.0,64.0
-19.32,1625449482.0,64.0
-20.05,1625449482.0,64.0
-20.01,1625449482.0,64.0
-19.15,1625449482.0,64.0
-17.53,1625449482.0,64.0
-15.31,1625449482.0,64.0
-12.66,1625449482.0,64.0
-9.74,1625449482.0,64.0
-6.67,1625449482.0,64.0
-3.58,1625449482.0,64.0
-0.6,1625449482.0,64.0
2.14,1625449482.0,64.0
4.5,1625449482.0,64.0
6.44,1625449482.0,64.0
7.96,1625449482.0,64.0
9.13,1625449482.0,64.0
10.03,1625449482.0,64.0
10.78,1625449482.0,64.0
11.51,1625449482.0,64.0
12.28,1625449482.0,64.0
13.12,1625449482.0,64.0
13.96,1625449482.0,64.0
14.64,1625449482.0,64.0
14.98,1625449482.0,64.0
14.9,1625449482.0,64.0
14.42,1625449482.0,64.0
13.7,1625449482.0,64.0
12.92,1625449482.0,64.0
12.2,1625449482.0,64.0
11.54,1625449482.0,64.0
10.83,1625449482.0,64.0
9.9,1625449482.0,64.0
8.64,1625449482.0,64.0
7.04,1625449482.0,64.0
5.22,1625449482.0,64.0
3.35,1625449482.0,64.0
1.63,1625449482.0,64.0
0.16,1625449482.0,64.0
-1.07,1625449482.0,64.0
-2.15,1625449482.0,64.0
-3.25,1625449482.0,64.0
-4.52,1625449482.0,64.0
-6.03,1625449482.0,64.0
-7.79,1625449482.0,64.0
-9.73,1625449482.0,64.0
-11.76,1625449482.0,64.0
-13.84,1625449482.0,64.0
-15.93,1625449482.0,64.0
-17.94,1625449482.0,64.0
-19.74,1625449482.0,64.0
-21.07,1625449482.0,64.0
-21.65,1625449482.0,64.0
-21.28,1625449482.0,64.0
-19.96,1625449482.0,64.0
-17.88,1625449482.0,64.0
-15.4,1625449482.0,64.0
-12.82,1625449482.0,64.0
-10.32,1625449482.0,64.0
-7.88,1625449482.0,64.0
-5.42,1625449482.0,64.0
-2.88,1625449482.0,64.0
-0.35,1625449482.0,64.0
1.91,1625449482.0,64.0
3.68,1625449482.0,64.0
4.84,1625449482.0,64.0
5.49,1625449482.0,64.0
5.92,1625449482.0,64.0
6.44,1625449482.0,64.0
7.26,1625449482.0,64.0
8.38,1625449482.0,64.0
9.62,1625449482.0,64.0
10.75,1625449482.0,64.0
11.57,1625449482.0,64.0
11.97,1625449482.0,64.0
11.95,1625449482.0,64.0
11.56,1625449482.0,64.0
10.88,1625449482.0,64.0
10.05,1625449482.0,64.0
9.2,1625449482.0,64.0
8.49,1625449482.0,64.0
7.99,1625449482.0,64.0
7.66,1625449482.0,64.0
7.35,1625449482.0,64.0
6.85,1625449482.0,64.0
6.0,1625449482.0,64.0
4.77,1625449482.0,64.0
3.26,1625449482.0,64.0
1.67,1625449482.0,64.0
0.16,1625449482.0,64.0
-1.2,1625449482.0,64.0
-2.46,1625449482.0,64.0
-3.74,1625449482.0,64.0
-5.12,1625449482.0,64.0
-6.65,1625449482.0,64.0
-8.26,1625449482.0,64.0
-9.86,1625449482.0,64.0
-11.39,1625449482.0,64.0
-12.78,1625449482.0,64.0
-14.01,1625449482.0,64.0
-14.97,1625449482.0,64.0
-15.54,1625449482.0,64.0
-15.56,1625449482.0,64.0
-14.94,1625449482.0,64.0
-13.74,1625449482.0,64.0
-12.14,1625449482.0,64.0
-10.39,1625449482.0,64.0
-8.67,1625449482.0,64.0
-7.09,1625449482.0,64.0
-5.58,1625449482.0,64.0
-4.1,1625449482.0,64.0
-2.63,1625449482.0,64.0
-1.26,1625449482.0,64.0
-0.05,1625449482.0,64.0
0.98,1625449482.0,64.0
1.95,1625449482.0,64.0
3.06,1625449482.0,64.0
4.45,1625449482.0,64.0
6.17,1625449482.0,64.0
8.02,1625449482.0,64.0
9.72,1625449482.0,64.0
10.97,1625449482.0,64.0
11.55,1625449482.0,64.0
11.48,1625449482.0,64.0
10.89,1625449482.0,64.0
10.05,1625449482.0,64.0
9.14,1625449482.0,64.0
8.3,1625449482.0,64.0
7.55,1625449482.0,64.0
6.81,1625449482.0,64.0
6.02,1625449482.0,64.0
5.12,1625449482.0,64.0
4.08,1625449482.0,64.0
2.91,1625449482.0,64.0
1.66,1625449482.0,64.0
0.38,1625449482.0,64.0
-0.88,1625449482.0,64.0
-2.05,1625449482.0,64.0
-3.11,1625449482.0,64.0
-4.13,1625449482.0,64.0
-5.25,1625449482.0,64.0
-6.64,1625449482.0,64.0
-8.47,1625449482.0,64.0
-10.73,1625449482.0,64.0
-13.28,1625449482.0,64.0
-15.73,1625449482.0,64.0
-17.69,1625449482.0,64.0
-18.79,1625449482.0,64.0
-18.81,1625449482.0,64.0
-17.78,1625449482.0,64.0
-15.88,1625449482.0,64.0
-13.39,1625449482.0,64.0
-10.6,1625449482.0,64.0
-7.71,1625449482.0,64.0
-4.86,1625449482.0,64.0
-2.14,1625449482.0,64.0
0.4,1625449482.0,64.0
2.66,1625449482.0,64.0
4.61,1625449482.0,64.0
6.2,1625449482.0,64.0
7.46,1625449482.0,64.0
8.45,1625449482.0,64.0
9.26,1625449482.0,64.0
9.97,1625449482.0,64.0
10.64,1625449482.0,64.0
11.25,1625449482.0,64.0
11.77,1625449482.0,64.0
12.11,1625449482.0,64.0
12.2,1625449482.0,64.0
11.96,1625449482.0,64.0
11.4,1625449482.0,64.0
10.61,1625449482.0,64.0
9.72,1625449482.0,64.0
8.86,1625449482.0,64.0
8.09,1625449482.0,64.0
7.34,1625449482.0,64.0
6.48,1625449482.0,64.0
5.39,1625449482.0,64.0
4.0,1625449482.0,64.0
2.39,1625449482.0,64.0
0.72,1625449482.0,64.0
-0.83,1625449482.0,64.0
-2.16,1625449482.0,64.0
-3.33,1625449482.0,64.0
-4.47,1625449482.0,64.0
-5.74,1625449482.0,64.0
-7.26,1625449482.0,64.0
-9.06,1625449482.0,64.0
-11.11,1625449482.0,64.0
-13.37,1625449482.0,64.0
-15.76,1625449482.0,64.0
-18.12,1625449482.0,64.0
-20.22,1625449482.0,64.0
-21.72,1625449482.0,64.0
-22.31,1625449482.0,64.0
-21.84,1625449482.0,64.0
-20.39,1625449482.0,64.0
-18.2,1625449482.0,64.0
-15.64,1625449482.0,64.0
-12.97,1625449482.0,64.0
-10.26,1625449482.0,64.0
-7.45,1625449482.0,64.0
-4.42,1625449482.0,64.0
-1.16,1625449482.0,64.0
2.17,1625449482.0,64.0
5.26,1625449482.0,64.0
7.83,1625449482.0,64.0
9.72,1625449482.0,64.0
11.01,1625449482.0,64.0
11.92,1625449482.0,64.0
12.71,1625449482.0,64.0
13.54,1625449482.0,64.0
14.36,1625449482.0,64.0
15.01,1625449482.0,64.0
15.31,1625449482.0,64.0
15.26,1625449482.0,64.0
14.99,1625449482.0,64.0
14.69,1625449482.0,64.0
14.5,1625449482.0,64.0
14.36,1625449482.0,64.0
14.05,1625449482.0,64.0
13.31,1625449482.0,64.0
12.01,1625449482.0,64.0
10.21,1625449482.0,64.0
8.14,1625449482.0,64.0
6.07,1625449482.0,64.0
4.23,1625449482.0,64.0
2.7,1625449482.0,64.0
1.41,1625449482.0,64.0
0.23,1625449482.0,64.0
-1.02,1625449482.0,64.0
-2.47,1625449482.0,64.0
-4.19,1625449482.0,64.0
-6.14,1625449482.0,64.0
-8.23,1625449482.0,64.0
-10.3,1625449482.0,64.0
-12.3,1625449482.0,64.0
-14.22,1625449482.0,64.0
-16.15,1625449482.0,64.0
-18.14,1625449482.0,64.0
-20.07,1625449482.0,64.0
-21.7,1625449482.0,64.0
-22.69,1625449482.0,64.0
-22.78,1625449482.0,64.0
-21.88,1625449482.0,64.0
-20.08,1625449482.0,64.0
-17.61,1625449482.0,64.0
-14.67,1625449482.0,64.0
-11.39,1625449482.0,64.0
-7.83,1625449482.0,64.0
-4.07,1625449482.0,64.0
-0.26,1625449482.0,64.0
3.4,1625449482.0,64.0
6.66,1625449482.0,64.0
9.38,1625449482.0,64.0
11.5,1625449482.0,64.0
13.12,1625449482.0,64.0
14.35,1625449482.0,64.0
15.34,1625449482.0,64.0
16.15,1625449482.0,64.0
16.79,1625449482.0,64.0
17.18,1625449482.0,64.0
17.22,1625449482.0,64.0
16.87,1625449482.0,64.0
16.2,1625449482.0,64.0
15.38,1625449482.0,64.0
14.63,1625449482.0,64.0
14.09,1625449482.0,64.0
13.75,1625449482.0,64.0
13.45,1625449482.0,64.0
13.0,1625449482.0,64.0
12.23,1625449482.0,64.0
11.11,1625449482.0,64.0
9.72,1625449482.0,64.0
8.17,1625449482.0,64.0
6.55,1625449482.0,64.0
4.83,1625449482.0,64.0
2.98,1625449482.0,64.0
0.94,1625449482.0,64.0
-1.26,1625449482.0,64.0
-3.54,1625449482.0,64.0
-5.78,1625449482.0,64.0
-7.92,1625449482.0,64.0
-9.96,1625449482.0,64.0
-12.0,1625449482.0,64.0
-14.13,1625449482.0,64.0
-16.37,1625449482.0,64.0
-18.59,1625449482.0,64.0
-20.48,1625449482.0,64.0
-21.69,1625449482.0,64.0
-21.94,1625449482.0,64.0
-21.14,1625449482.0,64.0
-19.4,1625449482.0,64.0
-16.99,1625449482.0,64.0
-14.18,1625449482.0,64.0
-11.17,1625449482.0,64.0
-8.03,1625449482.0,64.0
-4.79,1625449482.0,64.0
-1.52,1625449482.0,64.0
1.67,1625449482.0,64.0
4.56,1625449482.0,64.0
6.99,1625449482.0,64.0
8.83,1625449482.0,64.0
10.13,1625449482.0,64.0
11.05,1625449482.0,64.0
11.84,1625449482.0,64.0
12.72,1625449482.0,64.0
13.8,1625449482.0,64.0
15.04,1625449482.0,64.0
16.26,1625449482.0,64.0
17.23,1625449482.0,64.0
17.81,1625449482.0,64.0
18.0,1625449482.0,64.0
17.91,1625449482.0,64.0
17.68,1625449482.0,64.0
17.36,1625449482.0,64.0
16.87,1625449482.0,64.0
16.1,1625449482.0,64.0
14.93,1625449482.0,64.0
13.39,1625449482.0,64.0
11.59,1625449482.0,64.0
9.68,1625449482.0,64.0
7.74,1625449482.0,64.0
5.82,1625449482.0,64.0
3.88,1625449482.0,64.0
1.88,1625449482.0,64.0
-0.17,1625449482.0,64.0
-2.28,1625449482.0,64.0
-4.43,1625449482.0,64.0
-6.62,1625449482.0,64.0
-8.85,1625449482.0,64.0
-11.11,1625449482.0,64.0
-13.41,1625449482.0,64.0
-15.69,1625449482.0,64.0
-17.87,1625449482.0,64.0
-19.81,1625449482.0,64.0
-21.33,1625449482.0,64.0
-22.2,1625449482.0,64.0
-22.26,1625449482.0,64.0
-21.41,1625449482.0,64.0
-19.68,1625449482.0,64.0
-17.27,1625449482.0,64.0
-14.4,1625449482.0,64.0
-11.3,1625449482.0,64.0
-8.09,1625449482.0,64.0
-4.84,1625449482.0,64.0
-1.58,1625449482.0,64.0
1.61,1625449482.0,64.0
4.56,1625449482.0,64.0
7.09,1625449482.0,64.0
9.03,1625449482.0,64.0
10.36,1625449482.0,64.0
11.25,1625449482.0,64.0
11.97,1625449482.0,64.0
12.77,1625449482.0,64.0
13.71,1625449482.0,64.0
14.67,1625449482.0,64.0
15.39,1625449482.0,64.0
15.69,1625449482.0,64.0
15.58,1625449482.0,64.0
15.22,1625449482.0,64.0
14.85,1625449482.0,64.0
14.6,1625449482.0,64.0
14.46,1625449482.0,64.0
14.23,1625449482.0,64.0
13.68,1625449482.0,64.0
12.7,1625449482.0,64.0
11.28,1625449482.0,64.0
9.63,1625449482.0,64.0
7.98,1625449482.0,64.0
6.57,1625449482.0,64.0
5.5,1625449482.0,64.0
4.71,1625449482.0,64.0
3.97,1625449482.0,64.0
2.96,1625449482.0,64.0
1.42,1625449482.0,64.0
-0.79,1625449482.0,64.0
-3.59,1625449482.0,64.0
-6.82,1625449482.0,64.0
-10.27,1625449482.0,64.0
-13.82,1625449482.0,64.0
-17.41,1625449482.0,64.0
-20.94,1625449482.0,64.0
-24.13,1625449482.0,64.0
-26.55,1625449482.0,64.0
-27.78,1625449482.0,64.0
-27.59,1625449482.0,64.0
-26.1,1625449482.0,64.0
-23.71,1625449482.0,64.0
-20.93,1625449482.0,64.0
-18.1,1625449482.0,64.0
-15.28,1625449482.0,64.0
-12.33,1625449482.0,64.0
-9.06,1625449482.0,64.0
-5.43,1625449482.0,64.0
-1.67,1625449482.0,64.0
1.85,1625449482.0,64.0
4.71,1625449482.0,64.0
6.68,1625449482.0,64.0
7.76,1625449482.0,64.0
8.19,1625449482.0,64.0
8.35,1625449482.0,64.0
8.62,1625449482.0,64.0
9.22,1625449482.0,64.0
10.21,1625449482.0,64.0
11.44,1625449482.0,64.0
12.66,1625449482.0,64.0
13.66,1625449482.0,64.0
14.32,1625449482.0,64.0
14.67,1625449482.0,64.0
14.81,1625449482.0,64.0
14.86,1625449482.0,64.0
14.81,1625449482.0,64.0
14.63,1625449482.0,64.0
14.22,1625449482.0,64.0
13.5,1625449482.0,64.0
12.49,1625449482.0,64.0
11.22,1625449482.0,64.0
9.73,1625449482.0,64.0
8.03,1625449482.0,64.0
6.17,1625449482.0,64.0
4.19,1625449482.0,64.0
2.17,1625449482.0,64.0
0.19,1625449482.0,64.0
-1.69,1625449482.0,64.0
-3.48,1625449482.0,64.0
-5.29,1625449482.0,64.0
-7.26,1625449482.0,64.0
-9.51,1625449482.0,64.0
-12.06,1625449482.0,64.0
-14.74,1625449482.0,64.0
-17.29,1625449482.0,64.0
-19.31,1625449482.0,64.0
-20.46,1625449482.0,64.0
-20.53,1625449482.0,64.0
-19.51,1625449482.0,64.0
-17.61,1625449482.0,64.0
-15.12,1625449482.0,64.0
-12.35,1625449482.0,64.0
-9.49,1625449482.0,64.0
-6.62,1625449482.0,64.0
-3.78,1625449482.0,64.0
-1.03,1625449482.0,64.0
1.54,1625449482.0,64.0
3.75,1625449482.0,64.0
5.49,1625449482.0,64.0
6.75,1625449482.0,64.0
7.64,1625449482.0,64.0
8.34,1625449482.0,64.0
9.02,1625449482.0,64.0
9.72,1625449482.0,64.0
10.42,1625449482.0,64.0
11.0,1625449482.0,64.0
11.39,1625449482.0,64.0
11.57,1625449482.0,64.0
11.57,1625449482.0,64.0
11.46,1625449482.0,64.0
11.31,1625449482.0,64.0
11.14,1625449482.0,64.0
10.94,1625449482.0,64.0
10.64,1625449482.0,64.0
10.19,1625449482.0,64.0
9.53,1625449482.0,64.0
8.61,1625449482.0,64.0
7.43,1625449482.0,64.0
6.0,1625449482.0,64.0
4.42,1625449482.0,64.0
2.76,1625449482.0,64.0
1.09,1625449482.0,64.0
-0.55,1625449482.0,64.0
-2.21,1625449482.0,64.0
-3.93,1625449482.0,64.0
-5.79,1625449482.0,64.0
-7.76,1625449482.0,64.0
-9.81,1625449482.0,64.0
-11.81,1625449482.0,64.0
-13.62,1625449482.0,64.0
-15.11,1625449482.0,64.0
-16.21,1625449482.0,64.0
-16.85,1625449482.0,64.0
-16.96,1625449482.0,64.0
-16.49,1625449482.0,64.0
-15.39,1625449482.0,64.0
-13.63,1625449482.0,64.0
-11.28,1625449482.0,64.0
-8.44,1625449482.0,64.0
-5.26,1625449482.0,64.0
-1.89,1625449482.0,64.0
1.48,1625449482.0,64.0
4.64,1625449482.0,64.0
7.3,1625449482.0,64.0
9.19,1625449482.0,64.0
10.11,1625449482.0,64.0
10.09,1625449482.0,64.0
9.44,1625449482.0,64.0
8.66,1625449482.0,64.0
8.25,1625449482.0,64.0
8.49,1625449482.0,64.0
9.35,1625449482.0,64.0
10.55,1625449482.0,64.0
11.66,1625449482.0,64.0
12.37,1625449482.0,64.0
12.53,1625449482.0,64.0
12.18,1625449482.0,64.0
11.48,1625449482.0,64.0
10.58,1625449482.0,64.0
9.6,1625449482.0,64.0
8.54,1625449482.0,64.0
7.4,1625449482.0,64.0
6.12,1625449482.0,64.0
4.64,1625449482.0,64.0
2.95,1625449482.0,64.0
1.09,1625449482.0,64.0
-0.85,1625449482.0,64.0
-2.76,1625449482.0,64.0
-4.54,1625449482.0,64.0
-6.17,1625449482.0,64.0
-7.7,1625449482.0,64.0
-9.24,1625449482.0,64.0
-10.9,1625449482.0,64.0
-12.69,1625449482.0,64.0
-14.56,1625449482.0,64.0
-16.37,1625449482.0,64.0
-17.93,1625449482.0,64.0
-19.04,1625449482.0,64.0
-19.53,1625449482.0,64.0
-19.33,1625449482.0,64.0
-18.4,1625449482.0,64.0
-16.72,1625449482.0,64.0
-14.31,1625449482.0,64.0
-11.24,1625449482.0,64.0
-7.61,1625449482.0,64.0
-3.63,1625449482.0,64.0
0.4,1625449482.0,64.0
4.16,1625449482.0,64.0
7.35,1625449482.0,64.0
9.78,1625449482.0,64.0
11.43,1625449482.0,64.0
12.42,1625449482.0,64.0
12.98,1625449482.0,64.0
13.34,1625449482.0,64.0
13.72,1625449482.0,64.0
14.19,1625449482.0,64.0
14.7,1625449482.0,64.0
15.11,1625449482.0,64.0
15.26,1625449482.0,64.0
15.06,1625449482.0,64.0
14.54,1625449482.0,64.0
13.79,1625449482.0,64.0
12.9,1625449482.0,64.0
11.94,1625449482.0,64.0
10.91,1625449482.0,64.0
9.75,1625449482.0,64.0
8.47,1625449482.0,64.0
7.07,1625449482.0,64.0
5.59,1625449482.0,64.0
4.11,1625449482.0,64.0
2.61,1625449482.0,64.0
1.08,1625449482.0,64.0
-0.53,1625449482.0,64.0
-2.26,1625449482.0,64.0
-4.14,1625449482.0,64.0
-6.18,1625449482.0,64.0
-8.38,1625449482.0,64.0
-10.76,1625449482.0,64.0
-13.27,1625449482.0,64.0
-15.81,1625449482.0,64.0
-18.17,1625449482.0,64.0
-20.08,1625449482.0,64.0
-21.27,1625449482.0,64.0
-21.57,1625449482.0,64.0
-20.92,1625449482.0,64.0
-19.45,1625449482.0,64.0
-17.34,1625449482.0,64.0
-14.79,1625449482.0,64.0
-11.91,1625449482.0,64.0
-8.77,1625449482.0,64.0
-5.4,1625449482.0,64.0
-1.87,1625449482.0,64.0
1.64,1625449482.0,64.0
4.89,1625449482.0,64.0
7.65,1625449482.0,64.0
9.79,1625449482.0,64.0
11.35,1625449482.0,64.0
12.48,1625449482.0,64.0
13.38,1625449482.0,64.0
14.21,1625449482.0,64.0
15.02,1625449482.0,64.0
15.77,1625449482.0,64.0
16.37,1625449482.0,64.0
16.71,1625449482.0,64.0
16.77,1625449482.0,64.0
16.6,1625449482.0,64.0
16.25,1625449482.0,64.0
15.75,1625449482.0,64.0
15.06,1625449482.0,64.0
14.11,1625449482.0,64.0
12.82,1625449482.0,64.0
11.17,1625449482.0,64.0
9.24,1625449482.0,64.0
7.15,1625449482.0,64.0
5.04,1625449482.0,64.0
2.97,1625449482.0,64.0
0.95,1625449482.0,64.0
-1.08,1625449482.0,64.0
-3.14,1625449482.0,64.0
-5.27,1625449482.0,64.0
-7.43,1625449482.0,64.0
-9.6,1625449482.0,64.0
-11.83,1625449482.0,64.0
-14.14,1625449482.0,64.0
-16.55,1625449482.0,64.0
-18.93,1625449482.0,64.0
-21.06,1625449482.0,64.0
-22.61,1625449482.0,64.0
-23.3,1625449482.0,64.0
-23.0,1625449482.0,64.0
-21.74,1625449482.0,64.0
-19.74,1625449482.0,64.0
-17.22,1625449482.0,64.0
-14.35,1625449482.0,64.0
-11.2,1625449482.0,64.0
-7.77,1625449482.0,64.0
-4.09,1625449482.0,64.0
-0.33,1625449482.0,64.0
3.22,1625449482.0,64.0
6.22,1625449482.0,64.0
8.42,1625449482.0,64.0
9.77,1625449482.0,64.0
10.49,1625449482.0,64.0
10.94,1625449482.0,64.0
11.52,1625449482.0,64.0
12.45,1625449482.0,64.0
13.7,1625449482.0,64.0
15.05,1625449482.0,64.0
16.18,1625449482.0,64.0
16.88,1625449482.0,64.0
17.06,1625449482.0,64.0
16.83,1625449482.0,64.0
16.35,1625449482.0,64.0
15.76,1625449482.0,64.0
15.1,1625449482.0,64.0
14.3,1625449482.0,64.0
13.27,1625449482.0,64.0
11.97,1625449482.0,64.0
10.44,1625449482.0,64.0
8.79,1625449482.0,64.0
7.14,1625449482.0,64.0
5.54,1625449482.0,64.0
3.99,1625449482.0,64.0
2.4,1625449482.0,64.0
0.66,1625449482.0,64.0
-1.3,1625449482.0,64.0
-3.47,1625449482.0,64.0
-5.82,1625449482.0,64.0
-8.24,1625449482.0,64.0
-10.67,1625449482.0,64.0
-13.04,1625449482.0,64.0
-15.32,1625449482.0,64.0
-17.46,1625449482.0,64.0
-19.4,1625449482.0,64.0
-21.03,1625449482.0,64.0
-22.17,1625449482.0,64.0
-22.64,1625449482.0,64.0
-22.29,1625449482.0,64.0
-21.05,1625449482.0,64.0
-18.99,1625449482.0,64.0
-16.3,1625449482.0,64.0
-13.21,1625449482.0,64.0
-9.9,1625449482.0,64.0
-6.51,1625449482.0,64.0
-3.1,1625449482.0,64.0
0.26,1625449482.0,64.0
3.43,1625449482.0,64.0
6.24,1625449482.0,64.0
8.51,1625449482.0,64.0
10.23,1625449482.0,64.0
11.53,1625449482.0,64.0
12.65,1625449482.0,64.0
13.81,1625449482.0,64.0
15.06,1625449482.0,64.0
16.27,1625449482.0,64.0
17.19,1625449482.0,64.0
17.62,1625449482.0,64.0
17.52,1625449482.0,64.0
17.03,1625449482.0,64.0
16.35,1625449482.0,64.0
15.69,1625449482.0,64.0
15.08,1625449482.0,64.0
14.42,1625449482.0,64.0
13.55,1625449482.0,64.0
12.36,1625449482.0,64.0
10.88,1625449482.0,64.0
9.22,1625449482.0,64.0
7.57,1625449482.0,64.0
6.05,1625449482.0,64.0
4.67,1625449482.0,64.0
3.36,1625449482.0,64.0
2.03,1625449482.0,64.0
0.64,1625449482.0,64.0
-0.81,1625449482.0,64.0
-2.29,1625449482.0,64.0
-3.76,1625449482.0,64.0
-5.28,1625449482.0,64.0
-6.94,1625449482.0,64.0
-8.88,1625449482.0,64.0
-11.2,1625449482.0,64.0
-13.9,1625449482.0,64.0
-16.78,1625449482.0,64.0
-19.54,1625449482.0,64.0
-21.75,1625449482.0,64.0
-23.01,1625449482.0,64.0
-23.14,1625449482.0,64.0
-22.14,1625449482.0,64.0
-20.24,1625449482.0,64.0
-17.77,1625449482.0,64.0
-14.96,1625449482.0,64.0
-11.95,1625449482.0,64.0
-8.75,1625449482.0,64.0
-5.4,1625449482.0,64.0
-2.02,1625449482.0,64.0
1.12,1625449482.0,64.0
3.75,1625449482.0,64.0
5.69,1625449482.0,64.0
6.95,1625449482.0,64.0
7.74,1625449482.0,64.0
8.35,1625449482.0,64.0
9.09,1625449482.0,64.0
10.13,1625449482.0,64.0
11.48,1625449482.0,64.0
12.95,1625449482.0,64.0
14.28,1625449482.0,64.0
15.21,1625449482.0,64.0
15.62,1625449482.0,64.0
15.57,1625449482.0,64.0
15.21,1625449482.0,64.0
14.73,1625449482.0,64.0
14.19,1625449482.0,64.0
13.56,1625449482.0,64.0
12.72,1625449482.0,64.0
11.63,1625449482.0,64.0
10.33,1625449482.0,64.0
8.96,1625449482.0,64.0
7.66,1625449482.0,64.0
6.47,1625449482.0,64.0
5.34,1625449482.0,64.0
4.14,1625449482.0,64.0
2.77,1625449482.0,64.0
1.17,1625449482.0,64.0
-0.64,1625449482.0,64.0
-2.6,1625449482.0,64.0
-4.65,1625449482.0,64.0
-6.71,1625449482.0,64.0
-8.75,1625449482.0,64.0
-10.73,1625449482.0,64.0
-12.68,1625449482.0,64.0
-14.66,1625449482.0,64.0
-16.7,1625449482.0,64.0
-18.73,1625449482.0,64.0
-20.54,1625449482.0,64.0
-21.83,1625449482.0,64.0
-22.31,1625449482.0,64.0
-21.87,1625449482.0,64.0
-20.58,1625449482.0,64.0
-18.66,1625449482.0,64.0
-16.33,1625449482.0,64.0
-13.71,1625449482.0,64.0
-10.76,1625449482.0,64.0
-7.45,1625449482.0,64.0
-3.82,1625449482.0,64.0
-0.14,1625449482.0,64.0
3.24,1625449482.0,64.0
5.95,1625449482.0,64.0
7.84,1625449482.0,64.0
9.0,1625449482.0,64.0
9.69,1625449482.0,64.0
10.22,1625449482.0,64.0
10.77,1625449482.0,64.0
11.4,1625449482.0,64.0
12.06,1625449482.0,64.0
12.66,1625449482.0,64.0
13.18,1625449482.0,64.0
13.59,1625449482.0,64.0
13.85,1625449482.0,64.0
13.9,1625449482.0,64.0
13.64,1625449482.0,64.0
13.01,1625449482.0,64.0
12.05,1625449482.0,64.0
10.92,1625449482.0,64.0
9.83,1625449482.0,64.0
8.94,1625449482.0,64.0
8.26,1625449482.0,64.0
7.63,1625449482.0,64.0
6.78,1625449482.0,64.0
5.48,1625449482.0,64.0
3.69,1625449482.0,64.0
1.62,1625449482.0,64.0
-0.42,1625449482.0,64.0
-2.11,1625449482.0,64.0
-3.34,1625449482.0,64.0
-4.23,1625449482.0,64.0
-5.08,1625449482.0,64.0
-6.22,1625449482.0,64.0
-7.82,1625449482.0,64.0
-9.84,1625449482.0,64.0
-12.13,1625449482.0,64.0
-14.42,1625449482.0,64.0
-16.51,1625449482.0,64.0
-18.23,1625449482.0,64.0
-19.45,1625449482.0,64.0
-20.06,1625449482.0,64.0
-19.95,1625449482.0,64.0
-19.04,1625449482.0,64.0
-17.35,1625449482.0,64.0
-15.0,1625449482.0,64.0
-12.18,1625449482.0,64.0
-9.16,1625449482.0,64.0
-6.16,1625449482.0,64.0
-3.39,1625449482.0,64.0
-0.96,1625449482.0,64.0
1.06,1625449482.0,64.0
2.62,1625449482.0,64.0
3.74,1625449482.0,64.0
4.49,1625449482.0,64.0
4.99,1625449482.0,64.0
5.42,1625449482.0,64.0
5.95,1625449482.0,64.0
6.68,1625449482.0,64.0
7.57,1625449482.0,64.0
8.51,1625449482.0,64.0
9.3,1625449482.0,64.0
9.79,1625449482.0,64.0
9.92,1625449482.0,64.0
9.75,1625449482.0,64.0
9.37,1625449482.0,64.0
8.86,1625449482.0,64.0
8.27,1625449482.0,64.0
7.59,1625449482.0,64.0
6.79,1625449482.0,64.0
5.85,1625449482.0,64.0
4.77,1625449482.0,64.0
3.62,1625449482.0,64.0
2.42,1625449482.0,64.0
1.24,1625449482.0,64.0
0.11,1625449482.0,64.0
-0.98,1625449482.0,64.0
-2.08,1625449482.0,64.0
-3.27,1625449482.0,64.0
-4.62,1625449482.0,64.0
-6.17,1625449482.0,64.0
-7.94,1625449482.0,64.0
-9.89,1625449482.0,64.0
-11.92,1625449482.0,64.0
-13.92,1625449482.0,64.0
-15.7,1625449482.0,64.0
-17.09,1625449482.0,64.0
-17.87,1625449482.0,64.0
-17.91,1625449482.0,64.0
-17.18,1625449482.0,64.0
-15.72,1625449482.0,64.0
-13.69,1625449482.0,64.0
-11.27,1625449482.0,64.0
-8.65,1625449482.0,64.0
-5.96,1625449482.0,64.0
-3.33,1625449482.0,64.0
-0.85,1625449482.0,64.0
1.4,1625449482.0,64.0
3.35,1625449482.0,64.0
4.98,1625449482.0,64.0
6.34,1625449482.0,64.0
7.48,1625449482.0,64.0
8.49,1625449482.0,64.0
9.46,1625449482.0,64.0
10.47,1625449482.0,64.0
11.51,1625449482.0,64.0
12.51,1625449482.0,64.0
13.34,1625449482.0,64.0
13.88,1625449482.0,64.0
14.04,1625449482.0,64.0
13.81,1625449482.0,64.0
13.26,1625449482.0,64.0
12.44,1625449482.0,64.0
11.42,1625449482.0,64.0
10.19,1625449482.0,64.0
8.78,1625449482.0,64.0
7.27,1625449482.0,64.0
5.77,1625449482.0,64.0
4.38,1625449482.0,64.0
3.14,1625449482.0,64.0
1.98,1625449482.0,64.0
0.79,1625449482.0,64.0
-0.57,1625449482.0,64.0
-2.12,1625449482.0,64.0
-3.82,1625449482.0,64.0
-5.54,1625449482.0,64.0
-7.21,1625449482.0,64.0
-8.85,1625449482.0,64.0
-10.55,1625449482.0,64.0
-12.42,1625449482.0,64.0
-14.49,1625449482.0,64.0
-16.68,1625449482.0,64.0
-18.76,1625449482.0,64.0
-20.47,1625449482.0,64.0
-21.51,1625449482.0,64.0
-21.75,1625449482.0,64.0
-21.14,1625449482.0,64.0
-19.81,1625449482.0,64.0
-17.89,1625449482.0,64.0
-15.57,1625449482.0,64.0
-12.95,1625449482.0,64.0
-10.12,1625449482.0,64.0
-7.12,1625449482.0,64.0
-4.1,1625449482.0,64.0
-1.21,1625449482.0,64.0
1.34,1625449482.0,64.0
3.4,1625449482.0,64.0
5.0,1625449482.0,64.0
6.3,1625449482.0,64.0
7.55,1625449482.0,64.0
8.96,1625449482.0,64.0
10.58,1625449482.0,64.0
12.25,1625449482.0,64.0
13.72,1625449482.0,64.0
14.79,1625449482.0,64.0
15.32,1625449482.0,64.0
15.37,1625449482.0,64.0
15.05,1625449482.0,64.0
14.5,1625449482.0,64.0
13.76,1625449482.0,64.0
12.85,1625449482.0,64.0
11.79,1625449482.0,64.0
10.62,1625449482.0,64.0
9.43,1625449482.0,64.0
8.32,1625449482.0,64.0
7.31,1625449482.0,64.0
6.38,1625449482.0,64.0
5.39,1625449482.0,64.0
4.24,1625449482.0,64.0
2.85,1625449482.0,64.0
1.26,1625449482.0,64.0
-0.44,1625449482.0,64.0
-2.14,1625449482.0,64.0
-3.74,1625449482.0,64.0
-5.28,1625449482.0,64.0
-6.88,1625449482.0,64.0
-8.71,1625449482.0,64.0
-10.87,1625449482.0,64.0
-13.38,1625449482.0,64.0
-16.1,1625449482.0,64.0
-18.75,1625449482.0,64.0
-20.97,1625449482.0,64.0
-22.39,1625449482.0,64.0
-22.75,1625449482.0,64.0
-21.97,1625449482.0,64.0
-20.24,1625449482.0,64.0
-17.88,1625449482.0,64.0
-15.29,1625449482.0,64.0
-12.74,1625449482.0,64.0
-10.27,1625449482.0,64.0
-7.78,1625449482.0,64.0
-5.11,1625449482.0,64.0
-2.27,1625449482.0,64.0
0.61,1625449482.0,64.0
3.25,1625449482.0,64.0
5.42,1625449482.0,64.0
7.06,1625449482.0,64.0
8.27,1625449482.0,64.0
9.26,1625449482.0,64.0
10.18,1625449482.0,64.0
11.08,1625449482.0,64.0
11.86,1625449482.0,64.0
12.44,1625449482.0,64.0
12.8,1625449482.0,64.0
12.98,1625449482.0,64.0
13.13,1625449482.0,64.0
13.31,1625449482.0,64.0
13.52,1625449482.0,64.0
13.69,1625449482.0,64.0
13.71,1625449482.0,64.0
13.47,1625449482.0,64.0
12.93,1625449482.0,64.0
12.07,1625449482.0,64.0
10.88,1625449482.0,64.0
9.37,1625449482.0,64.0
7.57,1625449482.0,64.0
5.57,1625449482.0,64.0
3.52,1625449482.0,64.0
1.59,1625449482.0,64.0
-0.13,1625449482.0,64.0
-1.62,1625449482.0,64.0
-2.95,1625449482.0,64.0
-4.22,1625449482.0,64.0
-5.56,1625449482.0,64.0
-7.05,1625449482.0,64.0
-8.79,1625449482.0,64.0
-10.83,1625449482.0,64.0
-13.18,1625449482.0,64.0
-15.73,1625449482.0,64.0
-18.23,1625449482.0,64.0
-20.36,1625449482.0,64.0
-21.75,1625449482.0,64.0
-22.2,1625449482.0,64.0
-21.7,1625449482.0,64.0
-20.39,1625449482.0,64.0
-18.55,1625449482.0,64.0
-16.41,1625449482.0,64.0
-14.07,1625449482.0,64.0
-11.57,1625449482.0,64.0
-8.9,1625449482.0,64.0
-6.1,1625449482.0,64.0
-3.27,1625449482.0,64.0
-0.53,1625449482.0,64.0
1.96,1625449482.0,64.0
4.12,1625449482.0,64.0
5.88,1625449482.0,64.0
7.24,1625449482.0,64.0
8.21,1625449482.0,64.0
8.88,1625449482.0,64.0
9.41,1625449482.0,64.0
9.97,1625449482.0,64.0
10.72,1625449482.0,64.0
11.72,1625449482.0,64.0
12.91,1625449482.0,64.0
14.13,1625449482.0,64.0
15.18,1625449482.0,64.0
15.9,1625449482.0,64.0
16.21,1625449482.0,64.0
16.08,1625449482.0,64.0
15.51,1625449482.0,64.0
14.55,1625449482.0,64.0
13.25,1625449482.0,64.0
11.75,1625449482.0,64.0
10.22,1625449482.0,64.0
8.79,1625449482.0,64.0
7.54,1625449482.0,64.0
6.41,1625449482.0,64.0
5.27,1625449482.0,64.0
3.99,1625449482.0,64.0
2.51,1625449482.0,64.0
0.84,1625449482.0,64.0
-0.95,1625449482.0,64.0
-2.8,1625449482.0,64.0
-4.67,1625449482.0,64.0
-6.59,1625449482.0,64.0
-8.59,1625449482.0,64.0
-10.72,1625449482.0,64.0
-13.03,1625449482.0,64.0
-15.49,1625449482.0,64.0
-17.98,1625449482.0,64.0
-20.28,1625449482.0,64.0
-22.1,1625449482.0,64.0
-23.13,1625449482.0,64.0
-23.16,1625449482.0,64.0
-22.19,1625449482.0,64.0
-20.4,1625449482.0,64.0
-18.07,1625449482.0,64.0
-15.42,1625449482.0,64.0
-12.55,1625449482.0,64.0
-9.48,1625449482.0,64.0
-6.16,1625449482.0,64.0
-2.64,1625449482.0,64.0
0.88,1625449482.0,64.0
4.12,1625449482.0,64.0
6.81,1625449482.0,64.0
8.81,1625449482.0,64.0
10.17,1625449482.0,64.0
11.09,1625449482.0,64.0
11.84,1625449482.0,64.0
12.62,1625449482.0,64.0
13.56,1625449482.0,64.0
14.58,1625449482.0,64.0
15.54,1625449482.0,64.0
16.28,1625449482.0,64.0
16.65,1625449482.0,64.0
16.64,1625449482.0,64.0
16.31,1625449482.0,64.0
15.77,1625449482.0,64.0
15.11,1625449482.0,64.0
14.4,1625449482.0,64.0
13.59,1625449482.0,64.0
12.62,1625449482.0,64.0
11.46,1625449482.0,64.0
10.13,1625449482.0,64.0
8.71,1625449482.0,64.0
7.28,1625449482.0,64.0
5.87,1625449482.0,64.0
4.49,1625449482.0,64.0
3.06,1625449482.0,64.0
1.53,1625449482.0,64.0
-0.1,1625449482.0,64.0
-1.8,1625449482.0,64.0
-3.51,1625449482.0,64.0
-5.18,1625449482.0,64.0
-6.82,1625449482.0,64.0
-8.56,1625449482.0,64.0
-10.49,1625449482.0,64.0
-12.69,1625449482.0,64.0
-15.1,1625449482.0,64.0
-17.51,1625449482.0,64.0
-19.58,1625449482.0,64.0
-20.94,1625449482.0,64.0
-21.32,1625449482.0,64.0
-20.63,1625449482.0,64.0
-19.01,1625449482.0,64.0
-16.74,1625449482.0,64.0
-14.17,1625449482.0,64.0
-11.53,1625449482.0,64.0
-8.9,1625449482.0,64.0
-6.2,1625449482.0,64.0
-3.36,1625449482.0,64.0
-0.41,1625449482.0,64.0
2.51,1625449482.0,64.0
5.14,1625449482.0,64.0
7.26,1625449482.0,64.0
8.79,1625449482.0,64.0
9.85,1625449482.0,64.0
10.66,1625449482.0,64.0
11.47,1625449482.0,64.0
12.42,1625449482.0,64.0
13.5,1625449482.0,64.0
14.62,1625449482.0,64.0
15.66,1625449482.0,64.0
16.52,1625449482.0,64.0
17.15,1625449482.0,64.0
17.54,1625449482.0,64.0
17.67,1625449482.0,64.0
17.48,1625449482.0,64.0
16.95,1625449482.0,64.0
16.1,1625449482.0,64.0
15.02,1625449482.0,64.0
13.83,1625449482.0,64.0
12.63,1625449482.0,64.0
11.46,1625449482.0,64.0
10.25,1625449482.0,64.0
8.9,1625449482.0,64.0
7.28,1625449482.0,64.0
5.38,1625449482.0,64.0
3.24,1625449482.0,64.0
0.98,1625449482.0,64.0
-1.27,1625449482.0,64.0
-3.44,1625449482.0,64.0
-5.49,1625449482.0,64.0
-7.51,1625449482.0,64.0
-9.59,1625449482.0,64.0
-11.85,1625449482.0,64.0
-14.31,1625449482.0,64.0
-16.92,1625449482.0,64.0
-19.42,1625449482.0,64.0
-21.49,1625449482.0,64.0
-22.73,1625449482.0,64.0
-22.9,1625449482.0,64.0
-21.97,1625449482.0,64.0
-20.12,1625449482.0,64.0
-17.69,1625449482.0,64.0
-15.02,1625449482.0,64.0
-12.32,1625449482.0,64.0
-9.6,1625449482.0,64.0
-6.79,1625449482.0,64.0
-3.8,1625449482.0,64.0
-0.65,1625449482.0,64.0
2.44,1625449482.0,64.0
5.15,1625449482.0,64.0
7.16,1625449482.0,64.0
8.34,1625449482.0,64.0
8.79,1625449482.0,64.0
8.86,1625449482.0,64.0
8.95,1625449482.0,64.0
9.41,1625449482.0,64.0
10.34,1625449482.0,64.0
11.57,1625449482.0,64.0
12.79,1625449482.0,64.0
13.64,1625449482.0,64.0
13.96,1625449482.0,64.0
13.73,1625449482.0,64.0
13.09,1625449482.0,64.0
12.19,1625449482.0,64.0
11.14,1625449482.0,64.0
9.99,1625449482.0,64.0
8.74,1625449482.0,64.0
7.44,1625449482.0,64.0
6.15,1625449482.0,64.0
4.98,1625449482.0,64.0
3.98,1625449482.0,64.0
3.13,1625449482.0,64.0
2.32,1625449482.0,64.0
1.42,1625449482.0,64.0
0.3,1625449482.0,64.0
-1.1,1625449482.0,64.0
-2.76,1625449482.0,64.0
-4.57,1625449482.0,64.0
-6.39,1625449482.0,64.0
-8.18,1625449482.0,64.0
-9.97,1625449482.0,64.0
-11.89,1625449482.0,64.0
-14.09,1625449482.0,64.0
-16.56,1625449482.0,64.0
-19.11,1625449482.0,64.0
-21.34,1625449482.0,64.0
-22.77,1625449482.0,64.0
-23.03,1625449482.0,64.0
-21.97,1625449482.0,64.0
-19.74,1625449482.0,64.0
-16.72,1625449482.0,64.0
-13.32,1625449482.0,64.0
-9.85,1625449482.0,64.0
-6.49,1625449482.0,64.0
-3.28,1625449482.0,64.0
-0.29,1625449482.0,64.0
2.34,1625449482.0,64.0
4.42,1625449482.0,64.0
5.78,1625449482.0,64.0
6.43,1625449482.0,64.0
6.6,1625449482.0,64.0
6.67,1625449482.0,64.0
7.0,1625449482.0,64.0
7.77,1625449482.0,64.0
8.86,1625449482.0,64.0
9.97,1625449482.0,64.0
10.77,1625449482.0,64.0
11.09,1625449482.0,64.0
10.98,1625449482.0,64.0
10.64,1625449482.0,64.0
10.28,1625449482.0,64.0
10.01,1625449482.0,64.0
9.8,1625449482.0,64.0
9.51,1625449482.0,64.0
8.99,1625449482.0,64.0
8.18,1625449482.0,64.0
7.08,1625449482.0,64.0
5.75,1625449482.0,64.0
4.29,1625449482.0,64.0
2.77,1625449482.0,64.0
1.2,1625449482.0,64.0
-0.41,1625449482.0,64.0
-2.11,1625449482.0,64.0
-3.9,1625449482.0,64.0
-5.81,1625449482.0,64.0
-7.84,1625449482.0,64.0
-10.01,1625449482.0,64.0
-12.31,1625449482.0,64.0
-14.67,1625449482.0,64.0
-16.96,1625449482.0,64.0
-18.92,1625449482.0,64.0
-20.27,1625449482.0,64.0
-20.78,1625449482.0,64.0
-20.34,1625449482.0,64.0
-19.03,1625449482.0,64.0
-17.1,1625449482.0,64.0
-14.83,1625449482.0,64.0
-12.41,1625449482.0,64.0
-9.95,1625449482.0,64.0
-7.44,1625449482.0,64.0
-4.86,1625449482.0,64.0
-2.21,1625449482.0,64.0
0.4,1625449482.0,64.0
2.81,1625449482.0,64.0
4.86,1625449482.0,64.0
6.5,1625449482.0,64.0
7.77,1625449482.0,64.0
8.84,1625449482.0,64.0
9.87,1625449482.0,64.0
11.02,1625449482.0,64.0
12.27,1625449482.0,64.0
13.49,1625449482.0,64.0
14.48,1625449482.0,64.0
15.02,1625449482.0,64.0
15.01,1625449482.0,64.0
14.5,1625449482.0,64.0
13.66,1625449482.0,64.0
12.7,1625449482.0,64.0
11.76,1625449482.0,64.0
10.81,1625449482.0,64.0
9.7,1625449482.0,64.0
8.3,1625449482.0,64.0
6.58,1625449482.0,64.0
4.64,1625449482.0,64.0
2.7,1625449482.0,64.0
0.92,1625449482.0,64.0
-0.63,1625449482.0,64.0
-2.1,1625449482.0,64.0
-3.68,1625449482.0,64.0
-5.55,1625449482.0,64.0
-7.69,1625449482.0,64.0
-9.99,1625449482.0,64.0
-12.29,1625449482.0,64.0
-14.52,1625449482.0,64.0
-16.73,1625449482.0,64.0
-18.97,1625449482.0,64.0
-21.17,1625449482.0,64.0
-23.07,1625449482.0,64.0
-24.26,1625449482.0,64.0
-24.39,1625449482.0,64.0
-23.32,1625449482.0,64.0
-21.21,1625449482.0,64.0
-18.44,1625449482.0,64.0
-15.43,1625449482.0,64.0
-12.42,1625449482.0,64.0
-9.4,1625449482.0,64.0
-6.25,1625449482.0,64.0
-2.85,1625449482.0,64.0
0.71,1625449482.0,64.0
4.11,1625449482.0,64.0
6.98,1625449482.0,64.0
9.03,1625449482.0,64.0
10.28,1625449482.0,64.0
10.97,1625449482.0,64.0
11.55,1625449482.0,64.0
12.39,1625449482.0,64.0
13.61,1625449482.0,64.0
15.03,1625449482.0,64.0
16.28,1625449482.0,64.0
17.03,1625449482.0,64.0
17.11,1625449482.0,64.0
16.63,1625449482.0,64.0
15.83,1625449482.0,64.0
14.99,1625449482.0,64.0
14.23,1625449482.0,64.0
13.52,1625449482.0,64.0
12.75,1625449482.0,64.0
11.8,1625449482.0,64.0
10.61,1625449482.0,64.0
9.2,1625449482.0,64.0
7.64,1625449482.0,64.0
5.98,1625449482.0,64.0
4.26,1625449482.0,64.0
2.49,1625449482.0,64.0
0.68,1625449482.0,64.0
-1.15,1625449482.0,64.0
-2.99,1625449482.0,64.0
-4.88,1625449482.0,64.0
-6.87,1625449482.0,64.0
-9.02,1625449482.0,64.0
-11.42,1625449482.0,64.0
-14.07,1625449482.0,64.0
-16.89,1625449482.0,64.0
-19.72,1625449482.0,64.0
-22.27,1625449482.0,64.0
-24.24,1625449482.0,64.0
-25.35,1625449482.0,64.0
-25.4,1625449482.0,64.0
-24.32,1625449482.0,64.0
-22.21,1625449482.0,64.0
-19.28,1625449482.0,64.0
-15.82,1625449482.0,64.0
-12.11,1625449482.0,64.0
-8.35,1625449482.0,64.0
-4.68,1625449482.0,64.0
-1.13,1625449482.0,64.0
2.29,1625449482.0,64.0
5.51,1625449482.0,64.0
8.41,1625449482.0,64.0
10.88,1625449482.0,64.0
12.88,1625449482.0,64.0
14.48,1625449482.0,64.0
15.87,1625449482.0,64.0
17.19,1625449482.0,64.0
18.49,1625449482.0,64.0
19.64,1625449482.0,64.0
20.41,1625449482.0,64.0
20.6,1625449482.0,64.0
20.16,1625449482.0,64.0
19.22,1625449482.0,64.0
18.02,1625449482.0,64.0
16.82,1625449482.0,64.0
15.8,1625449482.0,64.0
14.99,1625449482.0,64.0
14.29,1625449482.0,64.0
13.56,1625449482.0,64.0
12.65,1625449482.0,64.0
11.48,1625449482.0,64.0
10.01,1625449482.0,64.0
8.25,1625449482.0,64.0
6.29,1625449482.0,64.0
4.19,1625449482.0,64.0
2.04,1625449482.0,64.0
-0.11,1625449482.0,64.0
-2.22,1625449482.0,64.0
-4.29,1625449482.0,64.0
-6.34,1625449482.0,64.0
-8.42,1625449482.0,64.0
-10.63,1625449482.0,64.0
-13.02,1625449482.0,64.0
-15.66,1625449482.0,64.0
-18.43,1625449482.0,64.0
-21.1,1625449482.0,64.0
-23.29,1625449482.0,64.0
-24.61,1625449482.0,64.0
-24.77,1625449482.0,64.0
-23.71,1625449482.0,64.0
-21.66,1625449482.0,64.0
-18.96,1625449482.0,64.0
-16.01,1625449482.0,64.0
-13.02,1625449482.0,64.0
-10.01,1625449482.0,64.0
-6.86,1625449482.0,64.0
-3.44,1625449482.0,64.0
0.22,1625449482.0,64.0
3.93,1625449482.0,64.0
7.39,1625449482.0,64.0
10.34,1625449482.0,64.0
12.66,1625449482.0,64.0
14.39,1625449482.0,64.0
15.68,1625449482.0,64.0
16.7,1625449482.0,64.0
17.55,1625449482.0,64.0
18.25,1625449482.0,64.0
18.8,1625449482.0,64.0
19.23,1625449482.0,64.0
19.56,1625449482.0,64.0
19.83,1625449482.0,64.0
20.02,1625449482.0,64.0
20.04,1625449482.0,64.0
19.74,1625449482.0,64.0
19.04,1625449482.0,64.0
17.92,1625449482.0,64.0
16.52,1625449482.0,64.0
15.02,1625449482.0,64.0
13.6,1625449482.0,64.0
12.34,1625449482.0,64.0
11.16,1625449482.0,64.0
9.94,1625449482.0,64.0
8.51,1625449482.0,64.0
6.82,1625449482.0,64.0
4.94,1625449482.0,64.0
2.98,1625449482.0,64.0
1.05,1625449482.0,64.0
-0.85,1625449482.0,64.0
-2.75,1625449482.0,64.0
-4.76,1625449482.0,64.0
-6.98,1625449482.0,64.0
-9.46,1625449482.0,64.0
-12.2,1625449482.0,64.0
-15.16,1625449482.0,64.0
-18.25,1625449482.0,64.0
-21.25,1625449482.0,64.0
-23.84,1625449482.0,64.0
-25.6,1625449482.0,64.0
-26.2,1625449482.0,64.0
-25.47,1625449482.0,64.0
-23.5,1625449482.0,64.0
-20.57,1625449482.0,64.0
-17.05,1625449482.0,64.0
-13.27,1625449482.0,64.0
-9.39,1625449482.0,64.0
-5.44,1625449482.0,64.0
-1.42,1625449482.0,64.0
2.55,1625449482.0,64.0
6.3,1625449482.0,64.0
9.58,1625449482.0,64.0
12.26,1625449482.0,64.0
14.4,1625449482.0,64.0
16.17,1625449482.0,64.0
17.81,1625449482.0,64.0
19.44,1625449482.0,64.0
21.01,1625449482.0,64.0
22.33,1625449482.0,64.0
23.19,1625449482.0,64.0
23.58,1625449482.0,64.0
23.62,1625449482.0,64.0
23.57,1625449482.0,64.0
23.63,1625449482.0,64.0
23.79,1625449482.0,64.0
23.84,1625449482.0,64.0
23.43,1625449482.0,64.0
22.26,1625449482.0,64.0
20.18,1625449482.0,64.0
17.26,1625449482.0,64.0
13.65,1625449482.0,64.0
9.56,1625449482.0,64.0
5.21,1625449482.0,64.0
0.81,1625449482.0,64.0
-3.34,1625449482.0,64.0
-6.91,1625449482.0,64.0
-9.64,1625449482.0,64.0
-11.43,1625449482.0,64.0
-12.45,1625449482.0,64.0
-13.08,1625449482.0,64.0
-13.72,1625449482.0,64.0
-14.71,1625449482.0,64.0
-16.18,1625449482.0,64.0
-18.16,1625449482.0,64.0
-20.56,1625449482.0,64.0
-23.27,1625449482.0,64.0
-26.15,1625449482.0,64.0
-28.98,1625449482.0,64.0
-31.43,1625449482.0,64.0
-33.14,1625449482.0,64.0
-33.79,1625449482.0,64.0
-33.24,1625449482.0,64.0
-31.49,1625449482.0,64.0
-28.73,1625449482.0,64.0
-25.21,1625449482.0,64.0
-21.17,1625449482.0,64.0
-16.79,1625449482.0,64.0
-12.17,1625449482.0,64.0
-7.36,1625449482.0,64.0
-2.42,1625449482.0,64.0
2.45,1625449482.0,64.0
6.96,1625449482.0,64.0
10.72,1625449482.0,64.0
13.47,1625449482.0,64.0
15.12,1625449482.0,64.0
15.91,1625449482.0,64.0
16.22,1625449482.0,64.0
16.48,1625449482.0,64.0
16.94,1625449482.0,64.0
17.6,1625449482.0,64.0
18.22,1625449482.0,64.0
18.53,1625449482.0,64.0
18.34,1625449482.0,64.0
17.66,1625449482.0,64.0
16.72,1625449482.0,64.0
15.82,1625449482.0,64.0
15.18,1625449482.0,64.0
14.85,1625449482.0,64.0
14.6,1625449482.0,64.0
14.14,1625449482.0,64.0
13.21,1625449482.0,64.0
11.8,1625449482.0,64.0
10.16,1625449482.0,64.0
8.68,1625449482.0,64.0
7.69,1625449482.0,64.0
7.24,1625449482.0,64.0
7.02,1625449482.0,64.0
6.51,1625449482.0,64.0
5.22,1625449482.0,64.0
2.91,1625449482.0,64.0
-0.22,1625449482.0,64.0
-3.6,1625449482.0,64.0
-6.46,1625449482.0,64.0
-8.22,1625449482.0,64.0
-8.71,1625449482.0,64.0
-8.29,1625449482.0,64.0
-7.77,1625449482.0,64.0
-8.05,1625449482.0,64.0
-9.79,1625449482.0,64.0
-13.1,1625449482.0,64.0
-17.49,1625449482.0,64.0
-21.8,1625449482.0,64.0
-24.34,1625449482.0,64.0
-23.14,1625449482.0,64.0
-16.41,1625449482.0,64.0
-3.05,1625449482.0,64.0
16.82,1625449482.0,64.0
41.63,1625449482.0,64.0
68.5,1625449482.0,64.0
93.97,1625449482.0,64.0
114.76,1625449482.0,64.0
128.55,1625449482.0,64.0
134.38,1625449482.0,64.0
132.44,1625449482.0,64.0
123.75,1625449482.0,64.0
109.5,1625449482.0,64.0
90.73,1625449482.0,64.0
68.26,1625449482.0,64.0
43.02,1625449482.0,64.0
16.31,1625449482.0,64.0
-9.93,1625449482.0,64.0
-33.47,1625449482.0,64.0
-52.39,1625449482.0,64.0
-65.74,1625449482.0,64.0
-73.95,1625449482.0,64.0
-78.47,1625449482.0,64.0
-80.88,1625449482.0,64.0
-81.85,1625449482.0,64.0
-80.54,1625449482.0,64.0
-74.99,1625449482.0,64.0
-63.19,1625449482.0,64.0
-44.48,1625449482.0,64.0
-20.32,1625449482.0,64.0
5.97,1625449482.0,64.0
30.31,1625449482.0,64.0
49.32,1625449482.0,64.0
61.35,1625449482.0,64.0
66.7,1625449482.0,64.0
66.96,1625449482.0,64.0
64.11,1625449482.0,64.0
59.44,1625449482.0,64.0
53.08,1625449482.0,64.0
44.03,1625449482.0,64.0
30.88,1625449482.0,64.0
12.83,1625449482.0,64.0
-9.56,1625449482.0,64.0
-34.1,1625449482.0,64.0
-57.58,1625449482.0,64.0
-76.8,1625449482.0,64.0
-89.71,1625449482.0,64.0
-95.98,1625449482.0,64.0
-96.75,1625449482.0,64.0
-93.79,1625449482.0,64.0
-88.52,1625449482.0,64.0
-81.54,1625449482.0,64.0
-72.89,1625449482.0,64.0
-62.66,1625449482.0,64.0
-51.6,1625449482.0,64.0
-41.09,1625449482.0,64.0
-32.64,1625449482.0,64.0
-27.12,1625449482.0,64.0
-24.36,1625449482.0,64.0
-23.23,1625449482.0,64.0
-22.26,1625449482.0,64.0
-20.33,1625449482.0,64.0
-17.07,1625449482.0,64.0
-12.93,1625449482.0,64.0
-8.83,1625449482.0,64.0
-5.61,1625449482.0,64.0
-3.68,1625449482.0,64.0
-2.93,1625449482.0,64.0
-2.85,1625449482.0,64.0
-2.87,1625449482.0,64.0
-2.6,1625449482.0,64.0
-1.94,1625449482.0,64.0
-1.07,1625449482.0,64.0
-0.23,1625449482.0,64.0
0.35,1625449482.0,64.0
0.57,1625449482.0,64.0
0.41,1625449482.0,64.0
-0.04,1625449482.0,64.0
-0.67,1625449482.0,64.0
-1.38,1625449482.0,64.0
-2.11,1625449482.0,64.0
-2.83,1625449482.0,64.0
-3.62,1625449482.0,64.0
-4.55,1625449482.0,64.0
-5.69,1625449482.0,64.0
-7.06,1625449482.0,64.0
-8.63,1625449482.0,64.0
-10.38,1625449482.0,64.0
-12.33,1625449482.0,64.0
-14.49,1625449482.0,64.0
-16.83,1625449482.0,64.0
-19.16,1625449482.0,64.0
-21.11,1625449482.0,64.0
-22.26,1625449482.0,64.0
-22.26,1625449482.0,64.0
-21.02,1625449482.0,64.0
-18.74,1625449482.0,64.0
-15.8,1625449482.0,64.0
-12.59,1625449482.0,64.0
-9.37,1625449482.0,64.0
-6.21,1625449482.0,64.0
-3.07,1625449482.0,64.0
0.08,1625449482.0,64.0
3.13,1625449482.0,64.0
5.9,1625449482.0,64.0
8.16,1625449482.0,64.0
9.76,1625449482.0,64.0
10.7,1625449482.0,64.0
11.17,1625449482.0,64.0
11.42,1625449482.0,64.0
11.72,1625449482.0,64.0
12.26,1625449482.0,64.0
13.03,1625449482.0,64.0
13.91,1625449482.0,64.0
14.7,1625449482.0,64.0
15.24,1625449482.0,64.0
15.47,1625449482.0,64.0
15.43,1625449482.0,64.0
15.23,1625449482.0,64.0
14.98,1625449482.0,64.0
14.67,1625449482.0,64.0
14.23,1625449482.0,64.0
13.57,1625449482.0,64.0
12.61,1625449482.0,64.0
11.31,1625449482.0,64.0
9.73,1625449482.0,64.0
7.91,1625449482.0,64.0
5.96,1625449482.0,64.0
3.95,1625449482.0,64.0
1.98,1625449482.0,64.0
0.14,1625449482.0,64.0
-1.55,1625449482.0,64.0
-3.17,1625449482.0,64.0
-4.88,1625449482.0,64.0
-6.88,1625449482.0,64.0
-9.31,1625449482.0,64.0
-12.13,1625449482.0,64.0
-15.13,1625449482.0,64.0
-17.92,1625449482.0,64.0
-20.09,1625449482.0,64.0
-21.31,1625449482.0,64.0
-21.41,1625449482.0,64.0
-20.43,1625449482.0,64.0
-18.57,1625449482.0,64.0
-16.13,1625449482.0,64.0
-13.42,1625449482.0,64.0
-10.68,1625449482.0,64.0
-8.03,1625449482.0,64.0
-5.46,1625449482.0,64.0
-2.87,1625449482.0,64.0
-0.14,1625449482.0,64.0
2.73,1625449482.0,64.0
5.6,1625449482.0,64.0
8.22,1625449482.0,64.0
10.38,1625449482.0,64.0
11.97,1625449482.0,64.0
13.06,1625449482.0,64.0
13.78,1625449482.0,64.0
14.28,1625449482.0,64.0
14.61,1625449482.0,64.0
14.74,1625449482.0,64.0
14.59,1625449482.0,64.0
14.2,1625449482.0,64.0
13.7,1625449482.0,64.0
13.28,1625449482.0,64.0
13.12,1625449482.0,64.0
13.21,1625449482.0,64.0
13.43,1625449482.0,64.0
13.57,1625449482.0,64.0
13.41,1625449482.0,64.0
12.82,1625449482.0,64.0
11.81,1625449482.0,64.0
10.51,1625449482.0,64.0
9.13,1625449482.0,64.0
7.83,1625449482.0,64.0
6.66,1625449482.0,64.0
5.54,1625449482.0,64.0
4.34,1625449482.0,64.0
2.97,1625449482.0,64.0
1.46,1625449482.0,64.0
-0.1,1625449482.0,64.0
-1.64,1625449482.0,64.0
-3.21,1625449482.0,64.0
-4.97,1625449482.0,64.0
-7.04,1625449482.0,64.0
-9.32,1625449482.0,64.0
-11.32,1625449482.0,64.0
-12.38,1625449482.0,64.0
-11.94,1625449482.0,64.0
-9.87,1625449482.0,64.0
-6.52,1625449482.0,64.0
-2.6,1625449482.0,64.0
1.17,1625449482.0,64.0
4.36,1625449482.0,64.0
6.91,1625449482.0,64.0
9.03,1625449482.0,64.0
10.92,1625449482.0,64.0
12.66,1625449482.0,64.0
14.08,1625449482.0,64.0
14.88,1625449482.0,64.0
14.89,1625449482.0,64.0
14.18,1625449482.0,64.0
13.1,1625449482.0,64.0
12.18,1625449482.0,64.0
11.89,1625449482.0,64.0
12.44,1625449482.0,64.0
13.72,1625449482.0,64.0
15.54,1625449482.0,64.0
17.65,1625449482.0,64.0
19.99,1625449482.0,64.0
22.45,1625449482.0,64.0
24.57,1625449482.0,64.0
25.42,1625449482.0,64.0
23.92,1625449482.0,64.0
19.49,1625449482.0,64.0
12.59,1625449482.0,64.0
4.59,1625449482.0,64.0
-2.77,1625449482.0,64.0
-8.27,1625449482.0,64.0
-11.78,1625449482.0,64.0
-13.97,1625449482.0,64.0
-15.67,1625449482.0,64.0
-17.09,1625449482.0,64.0
-17.7,1625449482.0,64.0
-16.71,1625449482.0,64.0
-13.87,1625449482.0,64.0
-9.86,1625449482.0,64.0
-6.04,1625449482.0,64.0
-3.75,1625449482.0,64.0
-3.56,1625449482.0,64.0
-5.11,1625449482.0,64.0
-7.53,1625449482.0,64.0
-10.03,1625449482.0,64.0
-12.31,1625449482.0,64.0
-14.45,1625449482.0,64.0
-16.59,1625449482.0,64.0
-18.56,1625449482.0,64.0
-19.89,1625449482.0,64.0
-20.1,1625449482.0,64.0
-18.86,1625449482.0,64.0
-16.39,1625449482.0,64.0
-13.19,1625449482.0,64.0
-9.81,1625449482.0,64.0
-6.61,1625449482.0,64.0
-3.68,1625449482.0,64.0
-0.88,1625449482.0,64.0
1.93,1625449482.0,64.0
4.78,1625449482.0,64.0
7.52,1625449482.0,64.0
9.88,1625449482.0,64.0
11.59,1625449482.0,64.0
12.51,1625449482.0,64.0
12.71,1625449482.0,64.0
12.43,1625449482.0,64.0
12.01,1625449482.0,64.0
11.78,1625449482.0,64.0
11.85,1625449482.0,64.0
12.21,1625449482.0,64.0
12.67,1625449482.0,64.0
13.12,1625449482.0,64.0
13.58,1625449482.0,64.0
14.23,1625449482.0,64.0
15.23,1625449482.0,64.0
16.55,1625449482.0,64.0
17.91,1625449482.0,64.0
18.87,1625449482.0,64.0
19.02,1625449482.0,64.0
18.22,1625449482.0,64.0
16.62,1625449482.0,64.0
14.53,1625449482.0,64.0
12.27,1625449482.0,64.0
10.1,1625449482.0,64.0
8.04,1625449482.0,64.0
6.0,1625449482.0,64.0
3.89,1625449482.0,64.0
1.67,1625449482.0,64.0
-0.59,1625449482.0,64.0
-2.79,1625449482.0,64.0
-4.78,1625449482.0,64.0
-6.52,1625449482.0,64.0
-8.07,1625449482.0,64.0
-9.64,1625449482.0,64.0
-11.49,1625449482.0,64.0
-13.76,1625449482.0,64.0
-16.42,1625449482.0,64.0
-19.24,1625449482.0,64.0
-21.8,1625449482.0,64.0
-23.67,1625449482.0,64.0
-24.56,1625449482.0,64.0
-24.36,1625449482.0,64.0
-23.19,1625449482.0,64.0
-21.29,1625449482.0,64.0
-18.88,1625449482.0,64.0
-16.12,1625449482.0,64.0
-13.06,1625449482.0,64.0
-9.76,1625449482.0,64.0
-6.29,1625449482.0,64.0
-2.83,1625449482.0,64.0
0.37,1625449482.0,64.0
3.08,1625449482.0,64.0
5.17,1625449482.0,64.0
6.69,1625449482.0,64.0
7.78,1625449482.0,64.0
8.68,1625449482.0,64.0
9.59,1625449482.0,64.0
10.6,1625449482.0,64.0
11.68,1625449482.0,64.0
12.71,1625449482.0,64.0
13.53,1625449482.0,64.0
14.0,1625449482.0,64.0
14.02,1625449482.0,64.0
13.56,1625449482.0,64.0
12.67,1625449482.0,64.0
11.5,1625449482.0,64.0
10.21,1625449482.0,64.0
8.97,1625449482.0,64.0
7.91,1625449482.0,64.0
7.06,1625449482.0,64.0
6.37,1625449482.0,64.0
5.73,1625449482.0,64.0
5.02,1625449482.0,64.0
4.16,1625449482.0,64.0
3.16,1625449482.0,64.0
2.07,1625449482.0,64.0
1.01,1625449482.0,64.0
0.04,1625449482.0,64.0
-0.81,1625449482.0,64.0
-1.65,1625449482.0,64.0
-2.68,1625449482.0,64.0
-4.12,1625449482.0,64.0
-6.09,1625449482.0,64.0
-8.6,1625449482.0,64.0
-11.47,1625449482.0,64.0
-14.42,1625449482.0,64.0
-17.15,1625449482.0,64.0
-19.41,1625449482.0,64.0
-21.04,1625449482.0,64.0
-21.98,1625449482.0,64.0
-22.21,1625449482.0,64.0
-21.76,1625449482.0,64.0
-20.7,1625449482.0,64.0
-19.09,1625449482.0,64.0
-17.04,1625449482.0,64.0
-14.58,1625449482.0,64.0
-11.74,1625449482.0,64.0
-8.57,1625449482.0,64.0
-5.15,1625449482.0,64.0
-1.68,1625449482.0,64.0
1.57,1625449482.0,64.0
4.31,1625449482.0,64.0
6.35,1625449482.0,64.0
7.67,1625449482.0,64.0
8.44,1625449482.0,64.0
8.96,1625449482.0,64.0
9.51,1625449482.0,64.0
10.28,1625449482.0,64.0
11.3,1625449482.0,64.0
12.43,1625449482.0,64.0
13.49,1625449482.0,64.0
14.25,1625449482.0,64.0
14.6,1625449482.0,64.0
14.51,1625449482.0,64.0
14.02,1625449482.0,64.0
13.23,1625449482.0,64.0
12.25,1625449482.0,64.0
11.15,1625449482.0,64.0
10.02,1625449482.0,64.0
8.89,1625449482.0,64.0
7.78,1625449482.0,64.0
6.65,1625449482.0,64.0
5.47,1625449482.0,64.0
4.2,1625449482.0,64.0
2.84,1625449482.0,64.0
1.39,1625449482.0,64.0
-0.13,1625449482.0,64.0
-1.68,1625449482.0,64.0
-3.24,1625449482.0,64.0
-4.83,1625449482.0,64.0
-6.46,1625449482.0,64.0
-8.2,1625449482.0,64.0
-10.15,1625449482.0,64.0
-12.35,1625449482.0,64.0
-14.76,1625449482.0,64.0
-17.21,1625449482.0,64.0
-19.41,1625449482.0,64.0
-21.0,1625449482.0,64.0
-21.69,1625449482.0,64.0
-21.32,1625449482.0,64.0
-19.92,1625449482.0,64.0
-17.66,1625449482.0,64.0
-14.85,1625449482.0,64.0
-11.84,1625449482.0,64.0
-8.9,1625449482.0,64.0
-6.18,1625449482.0,64.0
-3.72,1625449482.0,64.0
-1.45,1625449482.0,64.0
0.76,1625449482.0,64.0
2.98,1625449482.0,64.0
5.22,1625449482.0,64.0
7.41,1625449482.0,64.0
9.42,1625449482.0,64.0
11.15,1625449482.0,64.0
12.58,1625449482.0,64.0
13.77,1625449482.0,64.0
14.83,1625449482.0,64.0
15.78,1625449482.0,64.0
16.6,1625449482.0,64.0
17.17,1625449482.0,64.0
17.36,1625449482.0,64.0
17.11,1625449482.0,64.0
16.42,1625449482.0,64.0
15.36,1625449482.0,64.0
14.01,1625449482.0,64.0
12.43,1625449482.0,64.0
10.65,1625449482.0,64.0
8.72,1625449482.0,64.0
6.73,1625449482.0,64.0
4.85,1625449482.0,64.0
3.25,1625449482.0,64.0
2.01,1625449482.0,64.0
1.08,1625449482.0,64.0
0.23,1625449482.0,64.0
-0.75,1625449482.0,64.0
-2.07,1625449482.0,64.0
-3.8,1625449482.0,64.0
-5.9,1625449482.0,64.0
-8.22,1625449482.0,64.0
-10.66,1625449482.0,64.0
-13.11,1625449482.0,64.0
-15.51,1625449482.0,64.0
-17.74,1625449482.0,64.0
-19.64,1625449482.0,64.0
-20.99,1625449482.0,64.0
-21.57,1625449482.0,64.0
-21.24,1625449482.0,64.0
-20.03,1625449482.0,64.0
-18.05,1625449482.0,64.0
-15.5,1625449482.0,64.0
-12.56,1625449482.0,64.0
-9.42,1625449482.0,64.0
-6.2,1625449482.0,64.0
-3.02,1625449482.0,64.0
0.0,1625449482.0,64.0
2.71,1625449482.0,64.0
4.97,1625449482.0,64.0
6.72,1625449482.0,64.0
8.0,1625449482.0,64.0
8.99,1625449482.0,64.0
9.85,1625449482.0,64.0
10.76,1625449482.0,64.0
11.74,1625449482.0,64.0
12.68,1625449482.0,64.0
13.39,1625449482.0,64.0
13.67,1625449482.0,64.0
13.43,1625449482.0,64.0
12.75,1625449482.0,64.0
11.86,1625449482.0,64.0
10.96,1625449482.0,64.0
10.22,1625449482.0,64.0
9.63,1625449482.0,64.0
9.05,1625449482.0,64.0
8.28,1625449482.0,64.0
7.17,1625449482.0,64.0
5.66,1625449482.0,64.0
3.81,1625449482.0,64.0
1.77,1625449482.0,64.0
-0.3,1625449482.0,64.0
-2.27,1625449482.0,64.0
-4.08,1625449482.0,64.0
-5.75,1625449482.0,64.0
-7.36,1625449482.0,64.0
-8.97,1625449482.0,64.0
-10.64,1625449482.0,64.0
-12.4,1625449482.0,64.0
-14.22,1625449482.0,64.0
-16.02,1625449482.0,64.0
-17.64,1625449482.0,64.0
-18.85,1625449482.0,64.0
-19.41,1625449482.0,64.0
-19.14,1625449482.0,64.0
-17.94,1625449482.0,64.0
-15.92,1625449482.0,64.0
-13.31,1625449482.0,64.0
-10.34,1625449482.0,64.0
-7.24,1625449482.0,64.0
-4.13,1625449482.0,64.0
-1.06,1625449482.0,64.0
1.86,1625449482.0,64.0
4.5,1625449482.0,64.0
6.65,1625449482.0,64.0
8.14,1625449482.0,64.0
8.97,1625449482.0,64.0
9.36,1625449482.0,64.0
9.62,1625449482.0,64.0
10.06,1625449482.0,64.0
10.79,1625449482.0,64.0
11.66,1625449482.0,64.0
12.38,1625449482.0,64.0
12.67,1625449482.0,64.0
12.39,1625449482.0,64.0
11.67,1625449482.0,64.0
10.72,1625449482.0,64.0
9.78,1625449482.0,64.0
8.91,1625449482.0,64.0
8.02,1625449482.0,64.0
6.91,1625449482.0,64.0
5.46,1625449482.0,64.0
3.66,1625449482.0,64.0
1.68,1625449482.0,64.0
-0.27,1625449482.0,64.0
-2.07,1625449482.0,64.0
-3.71,1625449482.0,64.0
-5.31,1625449482.0,64.0
-7.0,1625449482.0,64.0
-8.91,1625449482.0,64.0
-11.03,1625449482.0,64.0
-13.3,1625449482.0,64.0
-15.62,1625449482.0,64.0
-17.87,1625449482.0,64.0
-19.89,1625449482.0,64.0
-21.49,1625449482.0,64.0
-22.43,1625449482.0,64.0
-22.45,1625449482.0,64.0
-21.37,1625449482.0,64.0
-19.14,1625449482.0,64.0
-15.89,1625449482.0,64.0
-11.9,1625449482.0,64.0
-7.48,1625449482.0,64.0
-2.97,1625449482.0,64.0
1.4,1625449482.0,64.0
5.42,1625449482.0,64.0
8.95,1625449482.0,64.0
11.84,1625449482.0,64.0
14.03,1625449482.0,64.0
15.54,1625449482.0,64.0
16.51,1625449482.0,64.0
17.15,1625449482.0,64.0
17.66,1625449482.0,64.0
18.14,1625449482.0,64.0
18.5,1625449482.0,64.0
18.53,1625449482.0,64.0
18.04,1625449482.0,64.0
16.92,1625449482.0,64.0
15.27,1625449482.0,64.0
13.32,1625449482.0,64.0
11.33,1625449482.0,64.0
9.5,1625449482.0,64.0
7.9,1625449482.0,64.0
6.52,1625449482.0,64.0
5.31,1625449482.0,64.0
4.21,1625449482.0,64.0
3.2,1625449482.0,64.0
2.26,1625449482.0,64.0
1.34,1625449482.0,64.0
0.4,1625449482.0,64.0
-0.61,1625449482.0,64.0
-1.71,1625449482.0,64.0
-2.94,1625449482.0,64.0
-4.34,1625449482.0,64.0
-5.98,1625449482.0,64.0
-7.85,1625449482.0,64.0
-9.87,1625449482.0,64.0
-11.84,1625449482.0,64.0
-13.52,1625449482.0,64.0
-14.67,1625449482.0,64.0
-15.16,1625449482.0,64.0
-14.96,1625449482.0,64.0
-14.08,1625449482.0,64.0
-12.53,1625449482.0,64.0
-10.3,1625449482.0,64.0
-7.39,1625449482.0,64.0
-3.83,1625449482.0,64.0
0.24,1625449482.0,64.0
4.58,1625449482.0,64.0
8.88,1625449482.0,64.0
12.76,1625449482.0,64.0
15.92,1625449482.0,64.0
18.17,1625449482.0,64.0
19.41,1625449482.0,64.0
19.72,1625449482.0,64.0
19.25,1625449482.0,64.0
18.22,1625449482.0,64.0
16.94,1625449482.0,64.0
15.76,1625449482.0,64.0
15.03,1625449482.0,64.0
15.03,1625449482.0,64.0
15.85,1625449482.0,64.0
17.35,1625449482.0,64.0
19.16,1625449482.0,64.0
20.74,1625449482.0,64.0
21.59,1625449482.0,64.0
21.37,1625449482.0,64.0
20.01,1625449482.0,64.0
17.67,1625449482.0,64.0
14.75,1625449482.0,64.0
11.67,1625449482.0,64.0
8.86,1625449482.0,64.0
6.64,1625449482.0,64.0
5.11,1625449482.0,64.0
4.21,1625449482.0,64.0
3.67,1625449482.0,64.0
3.12,1625449482.0,64.0
2.17,1625449482.0,64.0
0.52,1625449482.0,64.0
-2.09,1625449482.0,64.0
-5.75,1625449482.0,64.0
-10.4,1625449482.0,64.0
-15.7,1625449482.0,64.0
-21.06,1625449482.0,64.0
-25.7,1625449482.0,64.0
-28.86,1625449482.0,64.0
-30.0,1625449482.0,64.0
-28.98,1625449482.0,64.0
-26.11,1625449482.0,64.0
-21.98,1625449482.0,64.0
-17.28,1625449482.0,64.0
-12.61,1625449482.0,64.0
-8.36,1625449482.0,64.0
-4.73,1625449482.0,64.0
-1.82,1625449482.0,64.0
0.39,1625449482.0,64.0
1.98,1625449482.0,64.0
3.13,1625449482.0,64.0
4.09,1625449482.0,64.0
5.08,1625449482.0,64.0
6.27,1625449482.0,64.0
7.65,1625449482.0,64.0
9.11,1625449482.0,64.0
10.44,1625449482.0,64.0
11.48,1625449482.0,64.0
12.16,1625449482.0,64.0
12.5,1625449482.0,64.0
12.6,1625449482.0,64.0
12.51,1625449482.0,64.0
12.24,1625449482.0,64.0
11.69,1625449482.0,64.0
10.73,1625449482.0,64.0
9.25,1625449482.0,64.0
7.23,1625449482.0,64.0
4.81,1625449482.0,64.0
2.22,1625449482.0,64.0
-0.27,1625449482.0,64.0
-2.46,1625449482.0,64.0
-4.31,1625449482.0,64.0
-6.0,1625449482.0,64.0
-7.76,1625449482.0,64.0
-9.81,1625449482.0,64.0
-12.22,1625449482.0,64.0
-14.96,1625449482.0,64.0
-17.86,1625449482.0,64.0
-20.71,1625449482.0,64.0
-23.3,1625449482.0,64.0
-25.45,1625449482.0,64.0
-26.97,1625449482.0,64.0
-27.66,1625449482.0,64.0
-27.39,1625449482.0,64.0
-26.07,1625449482.0,64.0
-23.75,1625449482.0,64.0
-20.6,1625449482.0,64.0
-16.79,1625449482.0,64.0
-12.56,1625449482.0,64.0
-8.08,1625449482.0,64.0
-3.54,1625449482.0,64.0
0.82,1625449482.0,64.0
4.74,1625449482.0,64.0
7.99,1625449482.0,64.0
10.54,1625449482.0,64.0
12.59,1625449482.0,64.0
14.6,1625449482.0,64.0
17.01,1625449482.0,64.0
20.11,1625449482.0,64.0
23.75,1625449482.0,64.0
27.38,1625449482.0,64.0
30.23,1625449482.0,64.0
31.6,1625449482.0,64.0
31.12,1625449482.0,64.0
28.94,1625449482.0,64.0
25.54,1625449482.0,64.0
21.56,1625449482.0,64.0
17.54,1625449482.0,64.0
13.76,1625449482.0,64.0
10.28,1625449482.0,64.0
7.05,1625449482.0,64.0
3.99,1625449482.0,64.0
1.12,1625449482.0,64.0
-1.49,1625449482.0,64.0
-3.82,1625449482.0,64.0
-5.83,1625449482.0,64.0
-7.55,1625449482.0,64.0
-9.03,1625449482.0,64.0
-10.32,1625449482.0,64.0
-11.46,1625449482.0,64.0
-12.47,1625449482.0,64.0
-13.45,1625449482.0,64.0
-14.53,1625449482.0,64.0
-15.89,1625449482.0,64.0
-17.65,1625449482.0,64.0
-19.78,1625449482.0,64.0
-22.06,1625449482.0,64.0
-24.17,1625449482.0,64.0
-25.77,1625449482.0,64.0
-26.6,1625449482.0,64.0
-26.55,1625449482.0,64.0
-25.63,1625449482.0,64.0
-23.91,1625449482.0,64.0
-21.39,1625449482.0,64.0
-18.05,1625449482.0,64.0
-13.85,1625449482.0,64.0
-8.84,1625449482.0,64.0
-3.22,1625449482.0,64.0
2.65,1625449482.0,64.0
8.36,1625449482.0,64.0
13.51,1625449482.0,64.0
17.86,1625449482.0,64.0
21.31,1625449482.0,64.0
23.8,1625449482.0,64.0
25.36,1625449482.0,64.0
26.02,1625449482.0,64.0
25.87,1625449482.0,64.0
25.12,1625449482.0,64.0
24.06,1625449482.0,64.0
23.02,1625449482.0,64.0
22.24,1625449482.0,64.0
21.76,1625449482.0,64.0
21.38,1625449482.0,64.0
20.81,1625449482.0,64.0
19.76,1625449482.0,64.0
18.13,1625449482.0,64.0
16.05,1625449482.0,64.0
13.79,1625449482.0,64.0
11.68,1625449482.0,64.0
9.95,1625449482.0,64.0
8.65,1625449482.0,64.0
7.66,1625449482.0,64.0
6.73,1625449482.0,64.0
5.62,1625449482.0,64.0
4.16,1625449482.0,64.0
2.32,1625449482.0,64.0
0.24,1625449482.0,64.0
-1.92,1625449482.0,64.0
-4.03,1625449482.0,64.0
-6.07,1625449482.0,64.0
-8.11,1625449482.0,64.0
-10.23,1625449482.0,64.0
-12.48,1625449482.0,64.0
-14.86,1625449482.0,64.0
-17.34,1625449482.0,64.0
-19.93,1625449482.0,64.0
-22.7,1625449482.0,64.0
-25.64,1625449482.0,64.0
-28.5,1625449482.0,64.0
-30.75,1625449482.0,64.0
-31.71,1625449482.0,64.0
-30.82,1625449482.0,64.0
-27.93,1625449482.0,64.0
-23.37,1625449482.0,64.0
-17.83,1625449482.0,64.0
-12.08,1625449482.0,64.0
-6.57,1625449482.0,64.0
-1.43,1625449482.0,64.0
3.46,1625449482.0,64.0
8.22,1625449482.0,64.0
12.79,1625449482.0,64.0
16.88,1625449482.0,64.0
20.14,1625449482.0,64.0
22.38,1625449482.0,64.0
23.66,1625449482.0,64.0
24.3,1625449482.0,64.0
24.65,1625449482.0,64.0
24.92,1625449482.0,64.0
25.15,1625449482.0,64.0
25.2,1625449482.0,64.0
24.89,1625449482.0,64.0
24.1,1625449482.0,64.0
22.84,1625449482.0,64.0
21.22,1625449482.0,64.0
19.46,1625449482.0,64.0
17.71,1625449482.0,64.0
16.11,1625449482.0,64.0
14.67,1625449482.0,64.0
13.34,1625449482.0,64.0
12.02,1625449482.0,64.0
10.65,1625449482.0,64.0
9.2,1625449482.0,64.0
7.68,1625449482.0,64.0
6.14,1625449482.0,64.0
4.64,1625449482.0,64.0
3.25,1625449482.0,64.0
2.06,1625449482.0,64.0
1.13,1625449482.0,64.0
0.49,1625449482.0,64.0
0.15,1625449482.0,64.0
0.03,1625449482.0,64.0
0.07,1625449482.0,64.0
0.12,1625449482.0,64.0
-0.01,1625449482.0,64.0
-0.56,1625449482.0,64.0
-1.81,1625449482.0,64.0
-4.0,1625449482.0,64.0
-7.25,1625449482.0,64.0
-11.39,1625449482.0,64.0
-15.99,1625449482.0,64.0
-20.44,1625449482.0,64.0
-24.08,1625449482.0,64.0
-26.48,1625449482.0,64.0
-27.44,1625449482.0,64.0
-27.03,1625449482.0,64.0
-25.43,1625449482.0,64.0
-22.88,1625449482.0,64.0
-19.57,1625449482.0,64.0
-15.69,1625449482.0,64.0
-11.46,1625449482.0,64.0
-7.18,1625449482.0,64.0
-3.17,1625449482.0,64.0
0.29,1625449482.0,64.0
3.07,1625449482.0,64.0
5.25,1625449482.0,64.0
6.97,1625449482.0,64.0
8.45,1625449482.0,64.0
9.8,1625449482.0,64.0
11.01,1625449482.0,64.0
12.0,1625449482.0,64.0
12.68,1625449482.0,64.0
13.07,1625449482.0,64.0
13.22,1625449482.0,64.0
13.26,1625449482.0,64.0
13.26,1625449482.0,64.0
13.19,1625449482.0,64.0
12.98,1625449482.0,64.0
12.5,1625449482.0,64.0
11.7,1625449482.0,64.0
10.63,1625449482.0,64.0
9.43,1625449482.0,64.0
8.29,1625449482.0,64.0
7.35,1625449482.0,64.0
6.71,1625449482.0,64.0
6.32,1625449482.0,64.0
6.04,1625449482.0,64.0
5.69,1625449482.0,64.0
5.08,1625449482.0,64.0
4.08,1625449482.0,64.0
2.69,1625449482.0,64.0
1.03,1625449482.0,64.0
-0.77,1625449482.0,64.0
-2.52,1625449482.0,64.0
-4.15,1625449482.0,64.0
-5.63,1625449482.0,64.0
-7.02,1625449482.0,64.0
-8.44,1625449482.0,64.0
-9.98,1625449482.0,64.0
-11.72,1625449482.0,64.0
-13.66,1625449482.0,64.0
-15.72,1625449482.0,64.0
-17.74,1625449482.0,64.0
-19.45,1625449482.0,64.0
-20.54,1625449482.0,64.0
-20.74,1625449482.0,64.0
-19.91,1625449482.0,64.0
-18.11,1625449482.0,64.0
-15.57,1625449482.0,64.0
-12.64,1625449482.0,64.0
-9.6,1625449482.0,64.0
-6.65,1625449482.0,64.0
-3.84,1625449482.0,64.0
-1.2,1625449482.0,64.0
1.28,1625449482.0,64.0
3.49,1625449482.0,64.0
5.35,1625449482.0,64.0
6.8,1625449482.0,64.0
7.86,1625449482.0,64.0
8.62,1625449482.0,64.0
9.19,1625449482.0,64.0
9.68,1625449482.0,64.0
10.13,1625449482.0,64.0
10.63,1625449482.0,64.0
11.28,1625449482.0,64.0
12.18,1625449482.0,64.0
13.36,1625449482.0,64.0
14.66,1625449482.0,64.0
15.8,1625449482.0,64.0
16.46,1625449482.0,64.0
16.41,1625449482.0,64.0
15.67,1625449482.0,64.0
14.49,1625449482.0,64.0
13.22,1625449482.0,64.0
12.17,1625449482.0,64.0
11.52,1625449482.0,64.0
11.25,1625449482.0,64.0
11.19,1625449482.0,64.0
11.12,1625449482.0,64.0
10.77,1625449482.0,64.0
9.99,1625449482.0,64.0
8.78,1625449482.0,64.0
7.36,1625449482.0,64.0
6.19,1625449482.0,64.0
5.72,1625449482.0,64.0
6.21,1625449482.0,64.0
7.4,1625449482.0,64.0
8.51,1625449482.0,64.0
8.52,1625449482.0,64.0
6.66,1625449482.0,64.0
2.89,1625449482.0,64.0
-1.96,1625449482.0,64.0
-6.56,1625449482.0,64.0
-9.66,1625449482.0,64.0
-10.72,1625449482.0,64.0
-10.08,1625449482.0,64.0
-8.79,1625449482.0,64.0
-8.12,1625449482.0,64.0
-9.26,1625449482.0,64.0
-13.18,1625449482.0,64.0
-20.57,1625449482.0,64.0
-31.49,1625449482.0,64.0
-44.84,1625449482.0,64.0
-57.9,1625449482.0,64.0
-66.77,1625449482.0,64.0
-67.63,1625449482.0,64.0
-58.52,1625449482.0,64.0
-40.67,1625449482.0,64.0
-18.43,1625449482.0,64.0
2.18,1625449482.0,64.0
15.52,1625449482.0,64.0
18.06,1625449482.0,64.0
8.89,1625449482.0,64.0
-10.73,1625449482.0,64.0
-38.22,1625449482.0,64.0
-70.23,1625449482.0,64.0
-102.8,1625449482.0,64.0
-131.26,1625449482.0,64.0
-150.76,1625449482.0,64.0
-157.35,1625449482.0,64.0
-149.4,1625449482.0,64.0
-128.37,1625449482.0,64.0
-98.73,1625449482.0,64.0
-66.6,1625449482.0,64.0
-38.07,1625449482.0,64.0
-17.63,1625449482.0,64.0
-7.31,1625449482.0,64.0
-6.72,1625449482.0,64.0
-13.75,1625449482.0,64.0
-25.47,1625449482.0,64.0
-38.85,1625449482.0,64.0
-51.14,1625449482.0,64.0
-59.9,1625449482.0,64.0
-63.09,1625449482.0,64.0
-59.32,1625449482.0,64.0
-48.24,1625449482.0,64.0
-30.85,1625449482.0,64.0
-9.3,1625449482.0,64.0
13.7,1625449482.0,64.0
35.63,1625449482.0,64.0
54.83,1625449482.0,64.0
70.56,1625449482.0,64.0
82.58,1625449482.0,64.0
90.61,1625449482.0,64.0
94.13,1625449482.0,64.0
92.49,1625449482.0,64.0
85.46,1625449482.0,64.0
73.63,1625449482.0,64.0
58.45,1625449482.0,64.0
41.88,1625449482.0,64.0
25.95,1625449482.0,64.0
12.27,1625449482.0,64.0
1.82,1625449482.0,64.0
-4.92,1625449482.0,64.0
-7.98,1625449482.0,64.0
-7.71,1625449482.0,64.0
-4.7,1625449482.0,64.0
0.23,1625449482.0,64.0
6.06,1625449482.0,64.0
11.73,1625449482.0,64.0
16.25,1625449482.0,64.0
18.85,1625449482.0,64.0
19.17,1625449482.0,64.0
17.3,1625449482.0,64.0
13.72,1625449482.0,64.0
9.2,1625449482.0,64.0
4.46,1625449482.0,64.0
0.04,1625449482.0,64.0
-3.81,1625449482.0,64.0
-6.98,1625449482.0,64.0
-9.4,1625449482.0,64.0
-10.85,1625449482.0,64.0
-11.12,1625449482.0,64.0
-10.1,1625449482.0,64.0
-7.93,1625449482.0,64.0
-5.02,1625449482.0,64.0
-1.88,1625449482.0,64.0
1.09,1625449482.0,64.0
3.81,1625449482.0,64.0
6.41,1625449482.0,64.0
9.13,1625449482.0,64.0
12.1,1625449482.0,64.0
15.3,1625449482.0,64.0
18.6,1625449482.0,64.0
21.93,1625449482.0,64.0
25.33,1625449482.0,64.0
28.94,1625449482.0,64.0
32.86,1625449482.0,64.0
37.01,1625449482.0,64.0
41.17,1625449482.0,64.0
44.96,1625449482.0,64.0
47.99,1625449482.0,64.0
49.97,1625449482.0,64.0
50.72,1625449482.0,64.0
50.24,1625449482.0,64.0
48.69,1625449482.0,64.0
46.35,1625449482.0,64.0
43.53,1625449482.0,64.0
40.49,1625449482.0,64.0
37.35,1625449482.0,64.0
34.09,1625449482.0,64.0
30.58,1625449482.0,64.0
26.66,1625449482.0,64.0
22.33,1625449482.0,64.0
17.74,1625449482.0,64.0
13.19,1625449482.0,64.0
9.02,1625449482.0,64.0
5.52,1625449482.0,64.0
2.86,1625449482.0,64.0
1.08,1625449482.0,64.0
0.13,1625449482.0,64.0
-0.11,1625449482.0,64.0
0.25,1625449482.0,64.0
1.02,1625449482.0,64.0
1.98,1625449482.0,64.0
2.83,1625449482.0,64.0
3.22,1625449482.0,64.0
2.84,1625449482.0,64.0
1.49,1625449482.0,64.0
-0.78,1625449482.0,64.0
-3.73,1625449482.0,64.0
-6.95,1625449482.0,64.0
-10.02,1625449482.0,64.0
-12.58,1625449482.0,64.0
-14.37,1625449482.0,64.0
-15.29,1625449482.0,64.0
-15.33,1625449482.0,64.0
-14.59,1625449482.0,64.0
-13.19,1625449482.0,64.0
-11.28,1625449482.0,64.0
-9.04,1625449482.0,64.0
-6.61,1625449482.0,64.0
-4.1,1625449482.0,64.0
-1.56,1625449482.0,64.0
0.96,1625449482.0,64.0
3.42,1625449482.0,64.0
5.71,1625449482.0,64.0
7.74,1625449482.0,64.0
9.41,1625449482.0,64.0
10.68,1625449482.0,64.0
11.55,1625449482.0,64.0
12.07,1625449482.0,64.0
12.3,1625449482.0,64.0
12.3,1625449482.0,64.0
12.12,1625449482.0,64.0
11.83,1625449482.0,64.0
11.45,1625449482.0,64.0
11.0,1625449482.0,64.0
10.43,1625449482.0,64.0
9.63,1625449482.0,64.0
8.51,1625449482.0,64.0
7.03,1625449482.0,64.0
5.28,1625449482.0,64.0
3.39,1625449482.0,64.0
1.55,1625449482.0,64.0
-0.11,1625449482.0,64.0
-1.56,1625449482.0,64.0
-2.81,1625449482.0,64.0
-3.92,1625449482.0,64.0
-4.86,1625449482.0,64.0
-5.6,1625449482.0,64.0
-6.14,1625449482.0,64.0
-6.59,1625449482.0,64.0
-7.13,1625449482.0,64.0
-8.0,1625449482.0,64.0
-9.34,1625449482.0,64.0
-11.1,1625449482.0,64.0
-13.07,1625449482.0,64.0
-14.91,1625449482.0,64.0
-16.29,1625449482.0,64.0
-16.95,1625449482.0,64.0
-16.77,1625449482.0,64.0
-15.76,1625449482.0,64.0
-14.01,1625449482.0,64.0
-11.71,1625449482.0,64.0
-9.07,1625449482.0,64.0
-6.36,1625449482.0,64.0
-3.82,1625449482.0,64.0
-1.63,1625449482.0,64.0
0.19,1625449482.0,64.0
1.65,1625449482.0,64.0
2.91,1625449482.0,64.0
4.12,1625449482.0,64.0
5.42,1625449482.0,64.0
6.89,1625449482.0,64.0
8.5,1625449482.0,64.0
10.12,1625449482.0,64.0
11.57,1625449482.0,64.0
12.66,1625449482.0,64.0
13.27,1625449482.0,64.0
13.39,1625449482.0,64.0
13.13,1625449482.0,64.0
12.62,1625449482.0,64.0
12.01,1625449482.0,64.0
11.38,1625449482.0,64.0
10.76,1625449482.0,64.0
10.12,1625449482.0,64.0
9.41,1625449482.0,64.0
8.58,1625449482.0,64.0
7.56,1625449482.0,64.0
6.34,1625449482.0,64.0
4.92,1625449482.0,64.0
3.32,1625449482.0,64.0
1.67,1625449482.0,64.0
0.1,1625449482.0,64.0
-1.26,1625449482.0,64.0
-2.35,1625449482.0,64.0
-3.23,1625449482.0,64.0
-4.09,1625449482.0,64.0
-5.16,1625449482.0,64.0
-6.61,1625449482.0,64.0
-8.51,1625449482.0,64.0
-10.81,1625449482.0,64.0
-13.35,1625449482.0,64.0
-15.93,1625449482.0,64.0
-18.29,1625449482.0,64.0
-20.16,1625449482.0,64.0
-21.29,1625449482.0,64.0
-21.52,1625449482.0,64.0
-20.82,1625449482.0,64.0
-19.34,1625449482.0,64.0
-17.3,1625449482.0,64.0
-14.99,1625449482.0,64.0
-12.63,1625449482.0,64.0
-10.32,1625449482.0,64.0
-8.07,1625449482.0,64.0
-5.87,1625449482.0,64.0
-3.69,1625449482.0,64.0
-1.55,1625449482.0,64.0
0.44,1625449482.0,64.0
2.18,1625449482.0,64.0
3.6,1625449482.0,64.0
4.67,1625449482.0,64.0
5.51,1625449482.0,64.0
6.32,1625449482.0,64.0
7.29,1625449482.0,64.0
8.5,1625449482.0,64.0
9.84,1625449482.0,64.0
10.99,1625449482.0,64.0
11.64,1625449482.0,64.0
11.62,1625449482.0,64.0
11.01,1625449482.0,64.0
10.08,1625449482.0,64.0
9.14,1625449482.0,64.0
8.37,1625449482.0,64.0
7.75,1625449482.0,64.0
7.11,1625449482.0,64.0
6.29,1625449482.0,64.0
5.24,1625449482.0,64.0
4.05,1625449482.0,64.0
2.86,1625449482.0,64.0
1.8,1625449482.0,64.0
0.87,1625449482.0,64.0
-0.01,1625449482.0,64.0
-0.98,1625449482.0,64.0
-2.12,1625449482.0,64.0
-3.45,1625449482.0,64.0
-4.91,1625449482.0,64.0
-6.46,1625449482.0,64.0
-8.1,1625449482.0,64.0
-9.87,1625449482.0,64.0
-11.8,1625449482.0,64.0
-13.83,1625449482.0,64.0
-15.8,1625449482.0,64.0
-17.4,1625449482.0,64.0
-18.33,1625449482.0,64.0
-18.41,1625449482.0,64.0
-17.62,1625449482.0,64.0
-16.17,1625449482.0,64.0
-14.36,1625449482.0,64.0
-12.42,1625449482.0,64.0
-10.48,1625449482.0,64.0
-8.55,1625449482.0,64.0
-6.59,1625449482.0,64.0
-4.61,1625449482.0,64.0
-2.7,1625449482.0,64.0
-0.98,1625449482.0,64.0
0.42,1625449482.0,64.0
1.48,1625449482.0,64.0
2.24,1625449482.0,64.0
2.81,1625449482.0,64.0
3.31,1625449482.0,64.0
3.8,1625449482.0,64.0
4.34,1625449482.0,64.0
4.91,1625449482.0,64.0
5.48,1625449482.0,64.0
6.0,1625449482.0,64.0
6.42,1625449482.0,64.0
6.72,1625449482.0,64.0
6.9,1625449482.0,64.0
6.99,1625449482.0,64.0
6.98,1625449482.0,64.0
6.83,1625449482.0,64.0
6.49,1625449482.0,64.0
5.91,1625449482.0,64.0
5.1,1625449482.0,64.0
4.15,1625449482.0,64.0
3.2,1625449482.0,64.0
2.38,1625449482.0,64.0
1.76,1625449482.0,64.0
1.25,1625449482.0,64.0
0.7,1625449482.0,64.0
-0.05,1625449482.0,64.0
-1.1,1625449482.0,64.0
-2.46,1625449482.0,64.0
-4.06,1625449482.0,64.0
-5.81,1625449482.0,64.0
-7.63,1625449482.0,64.0
-9.45,1625449482.0,64.0
-11.23,1625449482.0,64.0
-12.84,1625449482.0,64.0
-14.14,1625449482.0,64.0
-15.0,1625449482.0,64.0
-15.28,1625449482.0,64.0
-14.93,1625449482.0,64.0
-14.0,1625449482.0,64.0
-12.6,1625449482.0,64.0
-10.89,1625449482.0,64.0
-9.03,1625449482.0,64.0
-7.13,1625449482.0,64.0
-5.29,1625449482.0,64.0
-3.52,1625449482.0,64.0
-1.87,1625449482.0,64.0
-0.36,1625449482.0,64.0
0.92,1625449482.0,64.0
1.95,1625449482.0,64.0
2.75,1625449482.0,64.0
3.48,1625449482.0,64.0
4.29,1625449482.0,64.0
5.35,1625449482.0,64.0
6.63,1625449482.0,64.0
7.95,1625449482.0,64.0
9.06,1625449482.0,64.0
9.69,1625449482.0,64.0
9.78,1625449482.0,64.0
9.47,1625449482.0,64.0
9.02,1625449482.0,64.0
8.69,1625449482.0,64.0
8.65,1625449482.0,64.0
8.85,1625449482.0,64.0
9.09,1625449482.0,64.0
9.16,1625449482.0,64.0
8.92,1625449482.0,64.0
8.38,1625449482.0,64.0
7.64,1625449482.0,64.0
6.84,1625449482.0,64.0
6.06,1625449482.0,64.0
5.28,1625449482.0,64.0
4.38,1625449482.0,64.0
3.28,1625449482.0,64.0
1.96,1625449482.0,64.0
0.49,1625449482.0,64.0
-1.01,1625449482.0,64.0
-2.43,1625449482.0,64.0
-3.79,1625449482.0,64.0
-5.16,1625449482.0,64.0
-6.62,1625449482.0,64.0
-8.15,1625449482.0,64.0
-9.61,1625449482.0,64.0
-10.78,1625449482.0,64.0
-11.45,1625449482.0,64.0
-11.45,1625449482.0,64.0
-10.76,1625449482.0,64.0
-9.47,1625449482.0,64.0
-7.71,1625449482.0,64.0
-5.64,1625449482.0,64.0
-3.38,1625449482.0,64.0
-1.05,1625449482.0,64.0
1.24,1625449482.0,64.0
3.3,1625449482.0,64.0
4.99,1625449482.0,64.0
6.15,1625449482.0,64.0
6.79,1625449482.0,64.0
7.01,1625449482.0,64.0
7.04,1625449482.0,64.0
7.13,1625449482.0,64.0
7.46,1625449482.0,64.0
8.09,1625449482.0,64.0
8.95,1625449482.0,64.0
9.9,1625449482.0,64.0
10.77,1625449482.0,64.0
11.48,1625449482.0,64.0
11.94,1625449482.0,64.0
12.16,1625449482.0,64.0
12.15,1625449482.0,64.0
11.9,1625449482.0,64.0
11.43,1625449482.0,64.0
10.75,1625449482.0,64.0
9.9,1625449482.0,64.0
8.91,1625449482.0,64.0
7.83,1625449482.0,64.0
6.71,1625449482.0,64.0
5.57,1625449482.0,64.0
4.4,1625449482.0,64.0
3.16,1625449482.0,64.0
1.8,1625449482.0,64.0
0.3,1625449482.0,64.0
-1.33,1625449482.0,64.0
-3.04,1625449482.0,64.0
-4.77,1625449482.0,64.0
-6.49,1625449482.0,64.0
-8.2,1625449482.0,64.0
-9.94,1625449482.0,64.0
-11.7,1625449482.0,64.0
-13.41,1625449482.0,64.0
-14.92,1625449482.0,64.0
-16.05,1625449482.0,64.0
-16.62,1625449482.0,64.0
-16.49,1625449482.0,64.0
-15.64,1625449482.0,64.0
-14.13,1625449482.0,64.0
-12.11,1625449482.0,64.0
-9.75,1625449482.0,64.0
-7.25,1625449482.0,64.0
-4.77,1625449482.0,64.0
-2.47,1625449482.0,64.0
-0.49,1625449482.0,64.0
1.08,1625449482.0,64.0
2.23,1625449482.0,64.0
3.01,1625449482.0,64.0
3.56,1625449482.0,64.0
4.02,1625449482.0,64.0
4.54,1625449482.0,64.0
5.15,1625449482.0,64.0
5.83,1625449482.0,64.0
6.5,1625449482.0,64.0
7.08,1625449482.0,64.0
7.53,1625449482.0,64.0
7.8,1625449482.0,64.0
7.91,1625449482.0,64.0
7.87,1625449482.0,64.0
7.68,1625449482.0,64.0
7.34,1625449482.0,64.0
6.84,1625449482.0,64.0
6.2,1625449482.0,64.0
5.44,1625449482.0,64.0
4.57,1625449482.0,64.0
3.64,1625449482.0,64.0
2.69,1625449482.0,64.0
1.73,1625449482.0,64.0
0.76,1625449482.0,64.0
-0.23,1625449482.0,64.0
-1.26,1625449482.0,64.0
-2.32,1625449482.0,64.0
-3.38,1625449482.0,64.0
-4.43,1625449482.0,64.0
-5.48,1625449482.0,64.0
-6.59,1625449482.0,64.0
-7.86,1625449482.0,64.0
-9.33,1625449482.0,64.0
-10.93,1625449482.0,64.0
-12.48,1625449482.0,64.0
-13.7,1625449482.0,64.0
-14.34,1625449482.0,64.0
-14.23,1625449482.0,64.0
-13.38,1625449482.0,64.0
-11.93,1625449482.0,64.0
-10.1,1625449482.0,64.0
-8.08,1625449482.0,64.0
-6.01,1625449482.0,64.0
-3.95,1625449482.0,64.0
-1.92,1625449482.0,64.0
0.07,1625449482.0,64.0
1.92,1625449482.0,64.0
3.52,1625449482.0,64.0
4.82,1625449482.0,64.0
5.82,1625449482.0,64.0
6.6,1625449482.0,64.0
7.31,1625449482.0,64.0
8.06,1625449482.0,64.0
8.86,1625449482.0,64.0
9.7,1625449482.0,64.0
10.48,1625449482.0,64.0
11.09,1625449482.0,64.0
11.45,1625449482.0,64.0
11.48,1625449482.0,64.0
11.18,1625449482.0,64.0
10.57,1625449482.0,64.0
9.73,1625449482.0,64.0
8.76,1625449482.0,64.0
7.73,1625449482.0,64.0
6.63,1625449482.0,64.0
5.43,1625449482.0,64.0
4.14,1625449482.0,64.0
2.8,1625449482.0,64.0
1.49,1625449482.0,64.0
0.28,1625449482.0,64.0
-0.81,1625449482.0,64.0
-1.87,1625449482.0,64.0
-2.99,1625449482.0,64.0
-4.23,1625449482.0,64.0
-5.52,1625449482.0,64.0
-6.78,1625449482.0,64.0
-7.95,1625449482.0,64.0
-9.07,1625449482.0,64.0
-10.29,1625449482.0,64.0
-11.75,1625449482.0,64.0
-13.44,1625449482.0,64.0
-15.16,1625449482.0,64.0
-16.53,1625449482.0,64.0
-17.16,1625449482.0,64.0
-16.8,1625449482.0,64.0
-15.46,1625449482.0,64.0
-13.44,1625449482.0,64.0
-11.15,1625449482.0,64.0
-8.96,1625449482.0,64.0
-7.04,1625449482.0,64.0
-5.35,1625449482.0,64.0
-3.73,1625449482.0,64.0
-2.04,1625449482.0,64.0
-0.3,1625449482.0,64.0
1.32,1625449482.0,64.0
2.64,1625449482.0,64.0
3.55,1625449482.0,64.0
4.13,1625449482.0,64.0
4.6,1625449482.0,64.0
5.2,1625449482.0,64.0
6.04,1625449482.0,64.0
7.09,1625449482.0,64.0
8.17,1625449482.0,64.0
9.05,1625449482.0,64.0
9.57,1625449482.0,64.0
9.68,1625449482.0,64.0
9.47,1625449482.0,64.0
9.07,1625449482.0,64.0
8.64,1625449482.0,64.0
8.28,1625449482.0,64.0
7.99,1625449482.0,64.0
7.72,1625449482.0,64.0
7.36,1625449482.0,64.0
6.81,1625449482.0,64.0
6.06,1625449482.0,64.0
5.16,1625449482.0,64.0
4.22,1625449482.0,64.0
3.33,1625449482.0,64.0
2.53,1625449482.0,64.0
1.75,1625449482.0,64.0
0.88,1625449482.0,64.0
-0.19,1625449482.0,64.0
-1.54,1625449482.0,64.0
-3.1,1625449482.0,64.0
-4.78,1625449482.0,64.0
-6.49,1625449482.0,64.0
-8.2,1625449482.0,64.0
-9.97,1625449482.0,64.0
-11.81,1625449482.0,64.0
-13.69,1625449482.0,64.0
-15.41,1625449482.0,64.0
-16.7,1625449482.0,64.0
-17.28,1625449482.0,64.0
-17.01,1625449482.0,64.0
-15.92,1625449482.0,64.0
-14.17,1625449482.0,64.0
-12.02,1625449482.0,64.0
-9.67,1625449482.0,64.0
-7.28,1625449482.0,64.0
-4.99,1625449482.0,64.0
-2.88,1625449482.0,64.0
-1.05,1625449482.0,64.0
0.39,1625449482.0,64.0
1.44,1625449482.0,64.0
2.14,1625449482.0,64.0
2.62,1625449482.0,64.0
3.08,1625449482.0,64.0
3.7,1625449482.0,64.0
4.56,1625449482.0,64.0
5.67,1625449482.0,64.0
6.88,1625449482.0,64.0
8.0,1625449482.0,64.0
8.84,1625449482.0,64.0
9.28,1625449482.0,64.0
9.31,1625449482.0,64.0
9.0,1625449482.0,64.0
8.45,1625449482.0,64.0
7.79,1625449482.0,64.0
7.1,1625449482.0,64.0
6.43,1625449482.0,64.0
5.84,1625449482.0,64.0
5.37,1625449482.0,64.0
5.03,1625449482.0,64.0
4.74,1625449482.0,64.0
4.38,1625449482.0,64.0
3.83,1625449482.0,64.0
3.05,1625449482.0,64.0
2.09,1625449482.0,64.0
1.07,1625449482.0,64.0
0.07,1625449482.0,64.0
-0.89,1625449482.0,64.0
-1.92,1625449482.0,64.0
-3.16,1625449482.0,64.0
-4.75,1625449482.0,64.0
-6.7,1625449482.0,64.0
-8.91,1625449482.0,64.0
-11.15,1625449482.0,64.0
-13.18,1625449482.0,64.0
-14.77,1625449482.0,64.0
-15.75,1625449482.0,64.0
-16.02,1625449482.0,64.0
-15.56,1625449482.0,64.0
-14.36,1625449482.0,64.0
-12.49,1625449482.0,64.0
-10.03,1625449482.0,64.0
-7.15,1625449482.0,64.0
-4.11,1625449482.0,64.0
-1.24,1625449482.0,64.0
1.13,1625449482.0,64.0
2.76,1625449482.0,64.0
3.62,1625449482.0,64.0
3.88,1625449482.0,64.0
3.84,1625449482.0,64.0
3.84,1625449482.0,64.0
4.11,1625449482.0,64.0
4.72,1625449482.0,64.0
5.61,1625449482.0,64.0
6.63,1625449482.0,64.0
7.65,1625449482.0,64.0
8.53,1625449482.0,64.0
9.19,1625449482.0,64.0
9.54,1625449482.0,64.0
9.52,1625449482.0,64.0
9.1,1625449482.0,64.0
8.34,1625449482.0,64.0
7.37,1625449482.0,64.0
6.34,1625449482.0,64.0
5.36,1625449482.0,64.0
4.49,1625449482.0,64.0
3.73,1625449482.0,64.0
2.99,1625449482.0,64.0
2.2,1625449482.0,64.0
1.3,1625449482.0,64.0
0.25,1625449482.0,64.0
-1.0,1625449482.0,64.0
-2.47,1625449482.0,64.0
-4.14,1625449482.0,64.0
-5.94,1625449482.0,64.0
-7.74,1625449482.0,64.0
-9.4,1625449482.0,64.0
-10.86,1625449482.0,64.0
-12.23,1625449482.0,64.0
-13.73,1625449482.0,64.0
-15.57,1625449482.0,64.0
-17.77,1625449482.0,64.0
-20.08,1625449482.0,64.0
-22.01,1625449482.0,64.0
-23.03,1625449482.0,64.0
-22.82,1625449482.0,64.0
-21.44,1625449482.0,64.0
-19.26,1625449482.0,64.0
-16.77,1625449482.0,64.0
-14.36,1625449482.0,64.0
-12.18,1625449482.0,64.0
-10.15,1625449482.0,64.0
-8.16,1625449482.0,64.0
-6.2,1625449482.0,64.0
-4.4,1625449482.0,64.0
-2.94,1625449482.0,64.0
-1.94,1625449482.0,64.0
-1.29,1625449482.0,64.0
-0.78,1625449482.0,64.0
-0.16,1625449482.0,64.0
0.7,1625449482.0,64.0
1.77,1625449482.0,64.0
2.88,1625449482.0,64.0
3.86,1625449482.0,64.0
4.66,1625449482.0,64.0
5.32,1625449482.0,64.0
5.94,1625449482.0,64.0
6.56,1625449482.0,64.0
7.18,1625449482.0,64.0
7.68,1625449482.0,64.0
7.98,1625449482.0,64.0
8.04,1625449482.0,64.0
7.88,1625449482.0,64.0
7.58,1625449482.0,64.0
7.19,1625449482.0,64.0
6.74,1625449482.0,64.0
6.23,1625449482.0,64.0
5.64,1625449482.0,64.0
4.98,1625449482.0,64.0
4.25,1625449482.0,64.0
3.49,1625449482.0,64.0
2.72,1625449482.0,64.0
1.92,1625449482.0,64.0
1.06,1625449482.0,64.0
0.08,1625449482.0,64.0
-1.1,1625449482.0,64.0
-2.5,1625449482.0,64.0
-4.07,1625449482.0,64.0
-5.64,1625449482.0,64.0
-6.98,1625449482.0,64.0
-7.86,1625449482.0,64.0
-8.12,1625449482.0,64.0
-7.75,1625449482.0,64.0
-6.79,1625449482.0,64.0
-5.33,1625449482.0,64.0
-3.44,1625449482.0,64.0
-1.15,1625449482.0,64.0
1.47,1625449482.0,64.0
4.26,1625449482.0,64.0
6.96,1625449482.0,64.0
9.26,1625449482.0,64.0
10.97,1625449482.0,64.0
12.01,1625449482.0,64.0
12.48,1625449482.0,64.0
12.55,1625449482.0,64.0
12.43,1625449482.0,64.0
12.23,1625449482.0,64.0
12.04,1625449482.0,64.0
11.88,1625449482.0,64.0
11.72,1625449482.0,64.0
11.54,1625449482.0,64.0
11.33,1625449482.0,64.0
11.04,1625449482.0,64.0
10.68,1625449482.0,64.0
10.24,1625449482.0,64.0
9.71,1625449482.0,64.0
9.07,1625449482.0,64.0
8.33,1625449482.0,64.0
7.5,1625449482.0,64.0
6.67,1625449482.0,64.0
5.95,1625449482.0,64.0
5.42,1625449482.0,64.0
5.07,1625449482.0,64.0
4.78,1625449482.0,64.0
4.36,1625449482.0,64.0
3.63,1625449482.0,64.0
2.54,1625449482.0,64.0
1.17,1625449482.0,64.0
-0.34,1625449482.0,64.0
-1.81,1625449482.0,64.0
-3.16,1625449482.0,64.0
-4.43,1625449482.0,64.0
-5.7,1625449482.0,64.0
-7.05,1625449482.0,64.0
-8.45,1625449482.0,64.0
-9.74,1625449482.0,64.0
-10.68,1625449482.0,64.0
-11.08,1625449482.0,64.0
-10.75,1625449482.0,64.0
-9.69,1625449482.0,64.0
-7.95,1625449482.0,64.0
-5.68,1625449482.0,64.0
-3.04,1625449482.0,64.0
-0.24,1625449482.0,64.0
2.49,1625449482.0,64.0
4.87,1625449482.0,64.0
6.64,1625449482.0,64.0
7.65,1625449482.0,64.0
7.95,1625449482.0,64.0
7.82,1625449482.0,64.0
7.68,1625449482.0,64.0
7.87,1625449482.0,64.0
8.53,1625449482.0,64.0
9.44,1625449482.0,64.0
10.2,1625449482.0,64.0
10.48,1625449482.0,64.0
10.15,1625449482.0,64.0
9.38,1625449482.0,64.0
8.53,1625449482.0,64.0
7.85,1625449482.0,64.0
7.39,1625449482.0,64.0
6.92,1625449482.0,64.0
6.15,1625449482.0,64.0
4.92,1625449482.0,64.0
3.33,1625449482.0,64.0
1.72,1625449482.0,64.0
0.44,1625449482.0,64.0
-0.31,1625449482.0,64.0
-0.62,1625449482.0,64.0
-0.78,1625449482.0,64.0
-1.12,1625449482.0,64.0
-1.86,1625449482.0,64.0
-3.02,1625449482.0,64.0
-4.49,1625449482.0,64.0
-6.13,1625449482.0,64.0
-7.83,1625449482.0,64.0
-9.58,1625449482.0,64.0
-11.39,1625449482.0,64.0
-13.22,1625449482.0,64.0
-14.94,1625449482.0,64.0
-16.31,1625449482.0,64.0
-17.11,1625449482.0,64.0
-17.15,1625449482.0,64.0
-16.39,1625449482.0,64.0
-14.93,1625449482.0,64.0
-12.97,1625449482.0,64.0
-10.7,1625449482.0,64.0
-8.27,1625449482.0,64.0
-5.76,1625449482.0,64.0
-3.19,1625449482.0,64.0
-0.62,1625449482.0,64.0
1.85,1625449482.0,64.0
4.1,1625449482.0,64.0
6.07,1625449482.0,64.0
7.76,1625449482.0,64.0
9.34,1625449482.0,64.0
10.99,1625449482.0,64.0
12.85,1625449482.0,64.0
14.9,1625449482.0,64.0
16.96,1625449482.0,64.0
18.79,1625449482.0,64.0
20.16,1625449482.0,64.0
20.94,1625449482.0,64.0
21.13,1625449482.0,64.0
20.85,1625449482.0,64.0
20.24,1625449482.0,64.0
19.4,1625449482.0,64.0
18.38,1625449482.0,64.0
17.23,1625449482.0,64.0
15.92,1625449482.0,64.0
14.45,1625449482.0,64.0
12.83,1625449482.0,64.0
11.09,1625449482.0,64.0
9.24,1625449482.0,64.0
7.32,1625449482.0,64.0
5.35,1625449482.0,64.0
3.35,1625449482.0,64.0
1.32,1625449482.0,64.0
-0.72,1625449482.0,64.0
-2.78,1625449482.0,64.0
-4.9,1625449482.0,64.0
-7.14,1625449482.0,64.0
-9.53,1625449482.0,64.0
-12.08,1625449482.0,64.0
-14.67,1625449482.0,64.0
-17.11,1625449482.0,64.0
-19.15,1625449482.0,64.0
-20.56,1625449482.0,64.0
-21.23,1625449482.0,64.0
-21.14,1625449482.0,64.0
-20.37,1625449482.0,64.0
-19.08,1625449482.0,64.0
-17.4,1625449482.0,64.0
-15.43,1625449482.0,64.0
-13.24,1625449482.0,64.0
-10.83,1625449482.0,64.0
-8.24,1625449482.0,64.0
-5.53,1625449482.0,64.0
-2.86,1625449482.0,64.0
-0.37,1625449482.0,64.0
1.79,1625449482.0,64.0
3.6,1625449482.0,64.0
5.15,1625449482.0,64.0
6.61,1625449482.0,64.0
8.15,1625449482.0,64.0
9.77,1625449482.0,64.0
11.35,1625449482.0,64.0
12.61,1625449482.0,64.0
13.34,1625449482.0,64.0
13.44,1625449482.0,64.0
13.03,1625449482.0,64.0
12.3,1625449482.0,64.0
11.44,1625449482.0,64.0
10.47,1625449482.0,64.0
9.31,1625449482.0,64.0
7.86,1625449482.0,64.0
6.05,1625449482.0,64.0
3.98,1625449482.0,64.0
1.77,1625449482.0,64.0
-0.4,1625449482.0,64.0
-2.43,1625449482.0,64.0
-4.24,1625449482.0,64.0
-5.79,1625449482.0,64.0
-7.05,1625449482.0,64.0
-7.99,1625449482.0,64.0
-8.65,1625449482.0,64.0
-9.11,1625449482.0,64.0
-9.54,1625449482.0,64.0
-10.15,1625449482.0,64.0
-11.1,1625449482.0,64.0
-12.44,1625449482.0,64.0
-14.16,1625449482.0,64.0
-16.13,1625449482.0,64.0
-18.2,1625449482.0,64.0
-20.23,1625449482.0,64.0
-22.06,1625449482.0,64.0
-23.52,1625449482.0,64.0
-24.44,1625449482.0,64.0
-24.62,1625449482.0,64.0
-23.97,1625449482.0,64.0
-22.47,1625449482.0,64.0
-20.24,1625449482.0,64.0
-17.49,1625449482.0,64.0
-14.39,1625449482.0,64.0
-11.06,1625449482.0,64.0
-7.54,1625449482.0,64.0
-3.88,1625449482.0,64.0
-0.2,1625449482.0,64.0
3.28,1625449482.0,64.0
6.28,1625449482.0,64.0
8.64,1625449482.0,64.0
10.4,1625449482.0,64.0
11.84,1625449482.0,64.0
13.31,1625449482.0,64.0
15.05,1625449482.0,64.0
17.06,1625449482.0,64.0
19.07,1625449482.0,64.0
20.72,1625449482.0,64.0
21.76,1625449482.0,64.0
22.16,1625449482.0,64.0
22.08,1625449482.0,64.0
21.8,1625449482.0,64.0
21.5,1625449482.0,64.0
21.21,1625449482.0,64.0
20.8,1625449482.0,64.0
20.15,1625449482.0,64.0
19.19,1625449482.0,64.0
17.96,1625449482.0,64.0
16.55,1625449482.0,64.0
15.04,1625449482.0,64.0
13.48,1625449482.0,64.0
11.84,1625449482.0,64.0
10.11,1625449482.0,64.0
8.28,1625449482.0,64.0
6.4,1625449482.0,64.0
4.53,1625449482.0,64.0
2.77,1625449482.0,64.0
1.12,1625449482.0,64.0
-0.47,1625449482.0,64.0
-2.09,1625449482.0,64.0
-3.88,1625449482.0,64.0
-5.93,1625449482.0,64.0
-8.22,1625449482.0,64.0
-10.7,1625449482.0,64.0
-13.24,1625449482.0,64.0
-15.74,1625449482.0,64.0
-18.1,1625449482.0,64.0
-20.23,1625449482.0,64.0
-22.0,1625449482.0,64.0
-23.23,1625449482.0,64.0
-23.75,1625449482.0,64.0
-23.44,1625449482.0,64.0
-22.3,1625449482.0,64.0
-20.42,1625449482.0,64.0
-17.93,1625449482.0,64.0
-14.96,1625449482.0,64.0
-11.62,1625449482.0,64.0
-8.0,1625449482.0,64.0
-4.25,1625449482.0,64.0
-0.59,1625449482.0,64.0
2.73,1625449482.0,64.0
5.46,1625449482.0,64.0
7.51,1625449482.0,64.0
8.94,1625449482.0,64.0
9.92,1625449482.0,64.0
10.73,1625449482.0,64.0
11.55,1625449482.0,64.0
12.44,1625449482.0,64.0
13.34,1625449482.0,64.0
14.13,1625449482.0,64.0
14.7,1625449482.0,64.0
15.04,1625449482.0,64.0
15.16,1625449482.0,64.0
15.12,1625449482.0,64.0
14.92,1625449482.0,64.0
14.51,1625449482.0,64.0
13.85,1625449482.0,64.0
12.98,1625449482.0,64.0
11.99,1625449482.0,64.0
10.98,1625449482.0,64.0
10.05,1625449482.0,64.0
9.17,1625449482.0,64.0
8.26,1625449482.0,64.0
7.19,1625449482.0,64.0
5.91,1625449482.0,64.0
4.44,1625449482.0,64.0
2.88,1625449482.0,64.0
1.33,1625449482.0,64.0
-0.17,1625449482.0,64.0
-1.61,1625449482.0,64.0
-3.06,1625449482.0,64.0
-4.6,1625449482.0,64.0
-6.25,1625449482.0,64.0
-8.0,1625449482.0,64.0
-9.79,1625449482.0,64.0
-11.61,1625449482.0,64.0
-13.43,1625449482.0,64.0
-15.29,1625449482.0,64.0
-17.17,1625449482.0,64.0
-19.03,1625449482.0,64.0
-20.75,1625449482.0,64.0
-22.13,1625449482.0,64.0
-23.03,1625449482.0,64.0
-23.3,1625449482.0,64.0
-22.92,1625449482.0,64.0
-21.91,1625449482.0,64.0
-20.3,1625449482.0,64.0
-18.13,1625449482.0,64.0
-15.44,1625449482.0,64.0
-12.28,1625449482.0,64.0
-8.78,1625449482.0,64.0
-5.16,1625449482.0,64.0
-1.68,1625449482.0,64.0
1.41,1625449482.0,64.0
3.92,1625449482.0,64.0
5.83,1625449482.0,64.0
7.2,1625449482.0,64.0
8.24,1625449482.0,64.0
9.13,1625449482.0,64.0
10.04,1625449482.0,64.0
11.01,1625449482.0,64.0
11.97,1625449482.0,64.0
12.78,1625449482.0,64.0
13.3,1625449482.0,64.0
13.44,1625449482.0,64.0
13.23,1625449482.0,64.0
12.75,1625449482.0,64.0
12.12,1625449482.0,64.0
11.46,1625449482.0,64.0
10.82,1625449482.0,64.0
10.22,1625449482.0,64.0
9.63,1625449482.0,64.0
9.07,1625449482.0,64.0
8.55,1625449482.0,64.0
8.08,1625449482.0,64.0
7.63,1625449482.0,64.0
7.1,1625449482.0,64.0
6.31,1625449482.0,64.0
5.11,1625449482.0,64.0
3.46,1625449482.0,64.0
1.48,1625449482.0,64.0
-0.56,1625449482.0,64.0
-2.4,1625449482.0,64.0
-3.84,1625449482.0,64.0
-4.88,1625449482.0,64.0
-5.66,1625449482.0,64.0
-6.42,1625449482.0,64.0
-7.39,1625449482.0,64.0
-8.71,1625449482.0,64.0
-10.39,1625449482.0,64.0
-12.35,1625449482.0,64.0
-14.35,1625449482.0,64.0
-16.1,1625449482.0,64.0
-17.23,1625449482.0,64.0
-17.47,1625449482.0,64.0
-16.69,1625449482.0,64.0
-14.96,1625449482.0,64.0
-12.52,1625449482.0,64.0
-9.69,1625449482.0,64.0
-6.72,1625449482.0,64.0
-3.74,1625449482.0,64.0
-0.8,1625449482.0,64.0
2.07,1625449482.0,64.0
4.83,1625449482.0,64.0
7.39,1625449482.0,64.0
9.67,1625449482.0,64.0
11.58,1625449482.0,64.0
13.13,1625449482.0,64.0
14.35,1625449482.0,64.0
15.3,1625449482.0,64.0
16.05,1625449482.0,64.0
16.59,1625449482.0,64.0
16.91,1625449482.0,64.0
16.98,1625449482.0,64.0
16.78,1625449482.0,64.0
16.31,1625449482.0,64.0
15.62,1625449482.0,64.0
14.78,1625449482.0,64.0
13.91,1625449482.0,64.0
13.1,1625449482.0,64.0
12.41,1625449482.0,64.0
11.83,1625449482.0,64.0
11.21,1625449482.0,64.0
10.42,1625449482.0,64.0
9.34,1625449482.0,64.0
8.0,1625449482.0,64.0
6.49,1625449482.0,64.0
5.0,1625449482.0,64.0
3.59,1625449482.0,64.0
2.23,1625449482.0,64.0
0.78,1625449482.0,64.0
-0.88,1625449482.0,64.0
-2.78,1625449482.0,64.0
-4.84,1625449482.0,64.0
-6.9,1625449482.0,64.0
-8.84,1625449482.0,64.0
-10.68,1625449482.0,64.0
-12.49,1625449482.0,64.0
-14.36,1625449482.0,64.0
-16.2,1625449482.0,64.0
-17.79,1625449482.0,64.0
-18.81,1625449482.0,64.0
-18.98,1625449482.0,64.0
-18.18,1625449482.0,64.0
-16.44,1625449482.0,64.0
-13.95,1625449482.0,64.0
-10.94,1625449482.0,64.0
-7.7,1625449482.0,64.0
-4.46,1625449482.0,64.0
-1.45,1625449482.0,64.0
1.15,1625449482.0,64.0
3.22,1625449482.0,64.0
4.74,1625449482.0,64.0
5.82,1625449482.0,64.0
6.63,1625449482.0,64.0
7.36,1625449482.0,64.0
8.17,1625449482.0,64.0
9.14,1625449482.0,64.0
10.24,1625449482.0,64.0
11.35,1625449482.0,64.0
12.29,1625449482.0,64.0
12.91,1625449482.0,64.0
13.09,1625449482.0,64.0
12.82,1625449482.0,64.0
12.23,1625449482.0,64.0
11.5,1625449482.0,64.0
10.84,1625449482.0,64.0
10.35,1625449482.0,64.0
10.0,1625449482.0,64.0
9.61,1625449482.0,64.0
8.93,1625449482.0,64.0
7.82,1625449482.0,64.0
6.29,1625449482.0,64.0
4.47,1625449482.0,64.0
2.58,1625449482.0,64.0
0.8,1625449482.0,64.0
-0.83,1625449482.0,64.0
-2.37,1625449482.0,64.0
-3.92,1625449482.0,64.0
-5.54,1625449482.0,64.0
-7.2,1625449482.0,64.0
-8.8,1625449482.0,64.0
-10.31,1625449482.0,64.0
-11.79,1625449482.0,64.0
-13.38,1625449482.0,64.0
-15.22,1625449482.0,64.0
-17.31,1625449482.0,64.0
-19.45,1625449482.0,64.0
-21.3,1625449482.0,64.0
-22.42,1625449482.0,64.0
-22.55,1625449482.0,64.0
-21.59,1625449482.0,64.0
-19.72,1625449482.0,64.0
-17.26,1625449482.0,64.0
-14.51,1625449482.0,64.0
-11.69,1625449482.0,64.0
-8.8,1625449482.0,64.0
-5.83,1625449482.0,64.0
-2.77,1625449482.0,64.0
0.24,1625449482.0,64.0
2.97,1625449482.0,64.0
5.2,1625449482.0,64.0
6.84,1625449482.0,64.0
8.0,1625449482.0,64.0
8.91,1625449482.0,64.0
9.77,1625449482.0,64.0
10.68,1625449482.0,64.0
11.57,1625449482.0,64.0
12.27,1625449482.0,64.0
12.67,1625449482.0,64.0
12.74,1625449482.0,64.0
12.6,1625449482.0,64.0
12.4,1625449482.0,64.0
12.29,1625449482.0,64.0
12.3,1625449482.0,64.0
12.36,1625449482.0,64.0
12.35,1625449482.0,64.0
12.12,1625449482.0,64.0
11.54,1625449482.0,64.0
10.58,1625449482.0,64.0
9.24,1625449482.0,64.0
7.61,1625449482.0,64.0
5.83,1625449482.0,64.0
4.05,1625449482.0,64.0
2.37,1625449482.0,64.0
0.83,1625449482.0,64.0
-0.61,1625449482.0,64.0
-2.0,1625449482.0,64.0
-3.39,1625449482.0,64.0
-4.81,1625449482.0,64.0
-6.24,1625449482.0,64.0
-7.74,1625449482.0,64.0
-9.36,1625449482.0,64.0
-11.21,1625449482.0,64.0
-13.3,1625449482.0,64.0
-15.53,1625449482.0,64.0
-17.67,1625449482.0,64.0
-19.43,1625449482.0,64.0
-20.54,1625449482.0,64.0
-20.85,1625449482.0,64.0
-20.38,1625449482.0,64.0
-19.23,1625449482.0,64.0
-17.53,1625449482.0,64.0
-15.37,1625449482.0,64.0
-12.79,1625449482.0,64.0
-9.84,1625449482.0,64.0
-6.66,1625449482.0,64.0
-3.42,1625449482.0,64.0
-0.32,1625449482.0,64.0
2.47,1625449482.0,64.0
4.84,1625449482.0,64.0
6.79,1625449482.0,64.0
8.35,1625449482.0,64.0
9.6,1625449482.0,64.0
10.63,1625449482.0,64.0
11.54,1625449482.0,64.0
12.39,1625449482.0,64.0
13.19,1625449482.0,64.0
13.91,1625449482.0,64.0
14.46,1625449482.0,64.0
14.77,1625449482.0,64.0
14.81,1625449482.0,64.0
14.6,1625449482.0,64.0
14.2,1625449482.0,64.0
13.67,1625449482.0,64.0
13.05,1625449482.0,64.0
12.31,1625449482.0,64.0
11.39,1625449482.0,64.0
10.22,1625449482.0,64.0
8.82,1625449482.0,64.0
7.25,1625449482.0,64.0
5.6,1625449482.0,64.0
3.99,1625449482.0,64.0
2.46,1625449482.0,64.0
1.03,1625449482.0,64.0
-0.34,1625449482.0,64.0
-1.71,1625449482.0,64.0
-3.13,1625449482.0,64.0
-4.64,1625449482.0,64.0
-6.27,1625449482.0,64.0
-8.08,1625449482.0,64.0
-10.11,1625449482.0,64.0
-12.37,1625449482.0,64.0
-14.79,1625449482.0,64.0
-17.17,1625449482.0,64.0
-19.24,1625449482.0,64.0
-20.67,1625449482.0,64.0
-21.24,1625449482.0,64.0
-20.89,1625449482.0,64.0
-19.69,1625449482.0,64.0
-17.83,1625449482.0,64.0
-15.52,1625449482.0,64.0
-12.92,1625449482.0,64.0
-10.16,1625449482.0,64.0
-7.33,1625449482.0,64.0
-4.56,1625449482.0,64.0
-2.0,1625449482.0,64.0
0.24,1625449482.0,64.0
2.14,1625449482.0,64.0
3.75,1625449482.0,64.0
5.16,1625449482.0,64.0
6.49,1625449482.0,64.0
7.77,1625449482.0,64.0
9.01,1625449482.0,64.0
10.17,1625449482.0,64.0
11.24,1625449482.0,64.0
12.16,1625449482.0,64.0
12.92,1625449482.0,64.0
13.46,1625449482.0,64.0
13.7,1625449482.0,64.0
13.6,1625449482.0,64.0
13.21,1625449482.0,64.0
12.62,1625449482.0,64.0
11.99,1625449482.0,64.0
11.44,1625449482.0,64.0
10.98,1625449482.0,64.0
10.51,1625449482.0,64.0
9.86,1625449482.0,64.0
8.91,1625449482.0,64.0
7.61,1625449482.0,64.0
6.05,1625449482.0,64.0
4.36,1625449482.0,64.0
2.64,1625449482.0,64.0
0.92,1625449482.0,64.0
-0.79,1625449482.0,64.0
-2.56,1625449482.0,64.0
-4.37,1625449482.0,64.0
-6.17,1625449482.0,64.0
-7.92,1625449482.0,64.0
-9.59,1625449482.0,64.0
-11.24,1625449482.0,64.0
-12.98,1625449482.0,64.0
-14.86,1625449482.0,64.0
-16.82,1625449482.0,64.0
-18.63,1625449482.0,64.0
-19.97,1625449482.0,64.0
-20.52,1625449482.0,64.0
-20.13,1625449482.0,64.0
-18.83,1625449482.0,64.0
-16.82,1625449482.0,64.0
-14.32,1625449482.0,64.0
-11.54,1625449482.0,64.0
-8.56,1625449482.0,64.0
-5.5,1625449482.0,64.0
-2.48,1625449482.0,64.0
0.28,1625449482.0,64.0
2.55,1625449482.0,64.0
4.22,1625449482.0,64.0
5.36,1625449482.0,64.0
6.21,1625449482.0,64.0
7.03,1625449482.0,64.0
7.97,1625449482.0,64.0
9.01,1625449482.0,64.0
9.99,1625449482.0,64.0
10.74,1625449482.0,64.0
11.19,1625449482.0,64.0
11.39,1625449482.0,64.0
11.46,1625449482.0,64.0
11.48,1625449482.0,64.0
11.49,1625449482.0,64.0
11.41,1625449482.0,64.0
11.18,1625449482.0,64.0
10.74,1625449482.0,64.0
10.11,1625449482.0,64.0
9.32,1625449482.0,64.0
8.42,1625449482.0,64.0
7.43,1625449482.0,64.0
6.36,1625449482.0,64.0
5.21,1625449482.0,64.0
4.0,1625449482.0,64.0
2.75,1625449482.0,64.0
1.49,1625449482.0,64.0
0.28,1625449482.0,64.0
-0.87,1625449482.0,64.0
-1.96,1625449482.0,64.0
-3.06,1625449482.0,64.0
-4.27,1625449482.0,64.0
-5.72,1625449482.0,64.0
-7.53,1625449482.0,64.0
-9.69,1625449482.0,64.0
-12.14,1625449482.0,64.0
-14.66,1625449482.0,64.0
-16.98,1625449482.0,64.0
-18.82,1625449482.0,64.0
-19.96,1625449482.0,64.0
-20.3,1625449482.0,64.0
-19.86,1625449482.0,64.0
-18.68,1625449482.0,64.0
-16.82,1625449482.0,64.0
-14.33,1625449482.0,64.0
-11.23,1625449482.0,64.0
-7.66,1625449482.0,64.0
-3.86,1625449482.0,64.0
-0.29,1625449482.0,64.0
2.64,1625449482.0,64.0
4.58,1625449482.0,64.0
5.52,1625449482.0,64.0
5.79,1625449482.0,64.0
5.9,1625449482.0,64.0
6.35,1625449482.0,64.0
7.39,1625449482.0,64.0
8.93,1625449482.0,64.0
10.61,1625449482.0,64.0
12.02,1625449482.0,64.0
12.88,1625449482.0,64.0
13.13,1625449482.0,64.0
12.91,1625449482.0,64.0
12.42,1625449482.0,64.0
11.84,1625449482.0,64.0
11.24,1625449482.0,64.0
10.65,1625449482.0,64.0
10.06,1625449482.0,64.0
9.44,1625449482.0,64.0
8.75,1625449482.0,64.0
7.91,1625449482.0,64.0
6.88,1625449482.0,64.0
5.62,1625449482.0,64.0
4.19,1625449482.0,64.0
2.68,1625449482.0,64.0
1.18,1625449482.0,64.0
-0.3,1625449482.0,64.0
-1.82,1625449482.0,64.0
-3.48,1625449482.0,64.0
-5.35,1625449482.0,64.0
-7.39,1625449482.0,64.0
-9.53,1625449482.0,64.0
-11.7,1625449482.0,64.0
-13.87,1625449482.0,64.0
-16.03,1625449482.0,64.0
-18.13,1625449482.0,64.0
-20.03,1625449482.0,64.0
-21.46,1625449482.0,64.0
-22.16,1625449482.0,64.0
-21.94,1625449482.0,64.0
-20.76,1625449482.0,64.0
-18.71,1625449482.0,64.0
-15.95,1625449482.0,64.0
-12.68,1625449482.0,64.0
-9.15,1625449482.0,64.0
-5.62,1625449482.0,64.0
-2.39,1625449482.0,64.0
0.28,1625449482.0,64.0
2.24,1625449482.0,64.0
3.55,1625449482.0,64.0
4.43,1625449482.0,64.0
5.16,1625449482.0,64.0
5.96,1625449482.0,64.0
6.93,1625449482.0,64.0
8.01,1625449482.0,64.0
9.05,1625449482.0,64.0
9.91,1625449482.0,64.0
10.51,1625449482.0,64.0
10.84,1625449482.0,64.0
10.93,1625449482.0,64.0
10.82,1625449482.0,64.0
10.56,1625449482.0,64.0
10.19,1625449482.0,64.0
9.71,1625449482.0,64.0
9.05,1625449482.0,64.0
8.15,1625449482.0,64.0
6.93,1625449482.0,64.0
5.42,1625449482.0,64.0
3.72,1625449482.0,64.0
2.03,1625449482.0,64.0
0.58,1625449482.0,64.0
-0.52,1625449482.0,64.0
-1.33,1625449482.0,64.0
-2.08,1625449482.0,64.0
-3.05,1625449482.0,64.0
-4.47,1625449482.0,64.0
-6.36,1625449482.0,64.0
-8.55,1625449482.0,64.0
-10.77,1625449482.0,64.0
-12.81,1625449482.0,64.0
-14.63,1625449482.0,64.0
-16.34,1625449482.0,64.0
-18.06,1625449482.0,64.0
-19.75,1625449482.0,64.0
-21.15,1625449482.0,64.0
-21.82,1625449482.0,64.0
-21.4,1625449482.0,64.0
-19.73,1625449482.0,64.0
-16.99,1625449482.0,64.0
-13.57,1625449482.0,64.0
-9.89,1625449482.0,64.0
-6.27,1625449482.0,64.0
-2.88,1625449482.0,64.0
0.23,1625449482.0,64.0
3.0,1625449482.0,64.0
5.35,1625449482.0,64.0
7.22,1625449482.0,64.0
8.6,1625449482.0,64.0
9.61,1625449482.0,64.0
10.44,1625449482.0,64.0
11.27,1625449482.0,64.0
12.21,1625449482.0,64.0
13.25,1625449482.0,64.0
14.27,1625449482.0,64.0
15.16,1625449482.0,64.0
15.84,1625449482.0,64.0
16.28,1625449482.0,64.0
16.5,1625449482.0,64.0
16.53,1625449482.0,64.0
16.37,1625449482.0,64.0
16.0,1625449482.0,64.0
15.39,1625449482.0,64.0
14.51,1625449482.0,64.0
13.39,1625449482.0,64.0
12.13,1625449482.0,64.0
10.84,1625449482.0,64.0
9.57,1625449482.0,64.0
8.34,1625449482.0,64.0
7.07,1625449482.0,64.0
5.69,1625449482.0,64.0
4.19,1625449482.0,64.0
2.59,1625449482.0,64.0
0.96,1625449482.0,64.0
-0.71,1625449482.0,64.0
-2.5,1625449482.0,64.0
-4.53,1625449482.0,64.0
-6.84,1625449482.0,64.0
-9.35,1625449482.0,64.0
-11.8,1625449482.0,64.0
-13.81,1625449482.0,64.0
-15.07,1625449482.0,64.0
-15.4,1625449482.0,64.0
-14.83,1625449482.0,64.0
-13.46,1625449482.0,64.0
-11.46,1625449482.0,64.0
-8.96,1625449482.0,64.0
-6.03,1625449482.0,64.0
-2.79,1625449482.0,64.0
0.62,1625449482.0,64.0
3.98,1625449482.0,64.0
7.04,1625449482.0,64.0
9.63,1625449482.0,64.0
11.68,1625449482.0,64.0
13.19,1625449482.0,64.0
14.2,1625449482.0,64.0
14.69,1625449482.0,64.0
14.7,1625449482.0,64.0
14.25,1625449482.0,64.0
13.5,1625449482.0,64.0
12.67,1625449482.0,64.0
11.92,1625449482.0,64.0
11.31,1625449482.0,64.0
10.78,1625449482.0,64.0
10.16,1625449482.0,64.0
9.35,1625449482.0,64.0
8.36,1625449482.0,64.0
7.33,1625449482.0,64.0
6.36,1625449482.0,64.0
5.48,1625449482.0,64.0
4.6,1625449482.0,64.0
3.54,1625449482.0,64.0
2.26,1625449482.0,64.0
0.81,1625449482.0,64.0
-0.62,1625449482.0,64.0
-1.92,1625449482.0,64.0
-3.11,1625449482.0,64.0
-4.32,1625449482.0,64.0
-5.77,1625449482.0,64.0
-7.58,1625449482.0,64.0
-9.78,1625449482.0,64.0
-12.28,1625449482.0,64.0
-14.92,1625449482.0,64.0
-17.53,1625449482.0,64.0
-19.97,1625449482.0,64.0
-22.06,1625449482.0,64.0
-23.57,1625449482.0,64.0
-24.29,1625449482.0,64.0
-24.05,1625449482.0,64.0
-22.78,1625449482.0,64.0
-20.58,1625449482.0,64.0
-17.66,1625449482.0,64.0
-14.28,1625449482.0,64.0
-10.7,1625449482.0,64.0
-7.13,1625449482.0,64.0
-3.71,1625449482.0,64.0
-0.58,1625449482.0,64.0
2.2,1625449482.0,64.0
4.62,1625449482.0,64.0
6.7,1625449482.0,64.0
8.55,1625449482.0,64.0
10.23,1625449482.0,64.0
11.79,1625449482.0,64.0
13.18,1625449482.0,64.0
14.36,1625449482.0,64.0
15.25,1625449482.0,64.0
15.85,1625449482.0,64.0
16.19,1625449482.0,64.0
16.35,1625449482.0,64.0
16.35,1625449482.0,64.0
16.18,1625449482.0,64.0
15.82,1625449482.0,64.0
15.21,1625449482.0,64.0
14.37,1625449482.0,64.0
13.33,1625449482.0,64.0
12.16,1625449482.0,64.0
10.9,1625449482.0,64.0
9.54,1625449482.0,64.0
8.09,1625449482.0,64.0
6.54,1625449482.0,64.0
4.9,1625449482.0,64.0
3.23,1625449482.0,64.0
1.55,1625449482.0,64.0
-0.14,1625449482.0,64.0
-1.91,1625449482.0,64.0
-3.81,1625449482.0,64.0
-5.91,1625449482.0,64.0
-8.28,1625449482.0,64.0
-10.92,1625449482.0,64.0
-13.78,1625449482.0,64.0
-16.67,1625449482.0,64.0
-19.33,1625449482.0,64.0
-21.45,1625449482.0,64.0
-22.72,1625449482.0,64.0
-22.98,1625449482.0,64.0
-22.25,1625449482.0,64.0
-20.68,1625449482.0,64.0
-18.51,1625449482.0,64.0
-15.92,1625449482.0,64.0
-13.06,1625449482.0,64.0
-9.97,1625449482.0,64.0
-6.69,1625449482.0,64.0
-3.31,1625449482.0,64.0
0.04,1625449482.0,64.0
3.18,1625449482.0,64.0
5.95,1625449482.0,64.0
8.25,1625449482.0,64.0
10.09,1625449482.0,64.0
11.51,1625449482.0,64.0
12.6,1625449482.0,64.0
13.48,1625449482.0,64.0
14.21,1625449482.0,64.0
14.88,1625449482.0,64.0
15.51,1625449482.0,64.0
16.1,1625449482.0,64.0
16.62,1625449482.0,64.0
17.0,1625449482.0,64.0
17.14,1625449482.0,64.0
16.98,1625449482.0,64.0
16.48,1625449482.0,64.0
15.67,1625449482.0,64.0
14.61,1625449482.0,64.0
13.37,1625449482.0,64.0
11.97,1625449482.0,64.0
10.42,1625449482.0,64.0
8.72,1625449482.0,64.0
6.92,1625449482.0,64.0
5.12,1625449482.0,64.0
3.44,1625449482.0,64.0
1.9,1625449482.0,64.0
0.39,1625449482.0,64.0
-1.3,1625449482.0,64.0
-3.32,1625449482.0,64.0
-5.76,1625449482.0,64.0
-8.47,1625449482.0,64.0
-11.26,1625449482.0,64.0
-13.92,1625449482.0,64.0
-16.4,1625449482.0,64.0
-18.72,1625449482.0,64.0
-20.94,1625449482.0,64.0
-23.0,1625449482.0,64.0
-24.64,1625449482.0,64.0
-25.49,1625449482.0,64.0
-25.22,1625449482.0,64.0
-23.67,1625449482.0,64.0
-20.96,1625449482.0,64.0
-17.41,1625449482.0,64.0
-13.41,1625449482.0,64.0
-9.32,1625449482.0,64.0
-5.38,1625449482.0,64.0
-1.71,1625449482.0,64.0
1.63,1625449482.0,64.0
4.59,1625449482.0,64.0
7.12,1625449482.0,64.0
9.19,1625449482.0,64.0
10.85,1625449482.0,64.0
12.22,1625449482.0,64.0
13.44,1625449482.0,64.0
14.66,1625449482.0,64.0
15.92,1625449482.0,64.0
17.15,1625449482.0,64.0
18.18,1625449482.0,64.0
18.8,1625449482.0,64.0
18.89,1625449482.0,64.0
18.47,1625449482.0,64.0
17.67,1625449482.0,64.0
16.72,1625449482.0,64.0
15.78,1625449482.0,64.0
14.97,1625449482.0,64.0
14.26,1625449482.0,64.0
13.53,1625449482.0,64.0
12.6,1625449482.0,64.0
11.36,1625449482.0,64.0
9.75,1625449482.0,64.0
7.85,1625449482.0,64.0
5.77,1625449482.0,64.0
3.68,1625449482.0,64.0
1.68,1625449482.0,64.0
-0.15,1625449482.0,64.0
-1.82,1625449482.0,64.0
-3.34,1625449482.0,64.0
-4.76,1625449482.0,64.0
-6.15,1625449482.0,64.0
-7.62,1625449482.0,64.0
-9.39,1625449482.0,64.0
-11.63,1625449482.0,64.0
-14.43,1625449482.0,64.0
-17.63,1625449482.0,64.0
-20.82,1625449482.0,64.0
-23.44,1625449482.0,64.0
-24.97,1625449482.0,64.0
-25.12,1625449482.0,64.0
-23.93,1625449482.0,64.0
-21.68,1625449482.0,64.0
-18.72,1625449482.0,64.0
-15.39,1625449482.0,64.0
-11.86,1625449482.0,64.0
-8.22,1625449482.0,64.0
-4.53,1625449482.0,64.0
-0.93,1625449482.0,64.0
2.41,1625449482.0,64.0
5.32,1625449482.0,64.0
7.78,1625449482.0,64.0
9.83,1625449482.0,64.0
11.64,1625449482.0,64.0
13.31,1625449482.0,64.0
14.93,1625449482.0,64.0
16.43,1625449482.0,64.0
17.65,1625449482.0,64.0
18.42,1625449482.0,64.0
18.63,1625449482.0,64.0
18.31,1625449482.0,64.0
17.6,1625449482.0,64.0
16.75,1625449482.0,64.0
15.98,1625449482.0,64.0
15.35,1625449482.0,64.0
14.8,1625449482.0,64.0
14.1,1625449482.0,64.0
13.1,1625449482.0,64.0
11.77,1625449482.0,64.0
10.22,1625449482.0,64.0
8.66,1625449482.0,64.0
7.24,1625449482.0,64.0
5.96,1625449482.0,64.0
4.66,1625449482.0,64.0
3.16,1625449482.0,64.0
1.36,1625449482.0,64.0
-0.7,1625449482.0,64.0
-2.85,1625449482.0,64.0
-4.96,1625449482.0,64.0
-6.97,1625449482.0,64.0
-8.93,1625449482.0,64.0
-10.98,1625449482.0,64.0
-13.21,1625449482.0,64.0
-15.64,1625449482.0,64.0
-18.18,1625449482.0,64.0
-20.64,1625449482.0,64.0
-22.79,1625449482.0,64.0
-24.35,1625449482.0,64.0
-25.08,1625449482.0,64.0
-24.82,1625449482.0,64.0
-23.5,1625449482.0,64.0
-21.21,1625449482.0,64.0
-18.21,1625449482.0,64.0
-14.79,1625449482.0,64.0
-11.25,1625449482.0,64.0
-7.81,1625449482.0,64.0
-4.58,1625449482.0,64.0
-1.61,1625449482.0,64.0
1.06,1625449482.0,64.0
3.44,1625449482.0,64.0
5.54,1625449482.0,64.0
7.42,1625449482.0,64.0
9.15,1625449482.0,64.0
10.82,1625449482.0,64.0
12.45,1625449482.0,64.0
13.98,1625449482.0,64.0
15.29,1625449482.0,64.0
16.27,1625449482.0,64.0
16.87,1625449482.0,64.0
17.15,1625449482.0,64.0
17.2,1625449482.0,64.0
17.07,1625449482.0,64.0
16.8,1625449482.0,64.0
16.38,1625449482.0,64.0
15.8,1625449482.0,64.0
15.08,1625449482.0,64.0
14.24,1625449482.0,64.0
13.27,1625449482.0,64.0
12.15,1625449482.0,64.0
10.78,1625449482.0,64.0
9.14,1625449482.0,64.0
7.26,1625449482.0,64.0
5.23,1625449482.0,64.0
3.16,1625449482.0,64.0
1.16,1625449482.0,64.0
-0.73,1625449482.0,64.0
-2.51,1625449482.0,64.0
-4.24,1625449482.0,64.0
-5.98,1625449482.0,64.0
-7.81,1625449482.0,64.0
-9.83,1625449482.0,64.0
-12.1,1625449482.0,64.0
-14.65,1625449482.0,64.0
-17.37,1625449482.0,64.0
-20.04,1625449482.0,64.0
-22.36,1625449482.0,64.0
-24.01,1625449482.0,64.0
-24.74,1625449482.0,64.0
-24.48,1625449482.0,64.0
-23.26,1625449482.0,64.0
-21.24,1625449482.0,64.0
-18.56,1625449482.0,64.0
-15.39,1625449482.0,64.0
-11.84,1625449482.0,64.0
-8.05,1625449482.0,64.0
-4.26,1625449482.0,64.0
-0.72,1625449482.0,64.0
2.33,1625449482.0,64.0
4.79,1625449482.0,64.0
6.7,1625449482.0,64.0
8.23,1625449482.0,64.0
9.58,1625449482.0,64.0
10.85,1625449482.0,64.0
12.03,1625449482.0,64.0
13.06,1625449482.0,64.0
13.89,1625449482.0,64.0
14.54,1625449482.0,64.0
15.09,1625449482.0,64.0
15.59,1625449482.0,64.0
15.98,1625449482.0,64.0
16.08,1625449482.0,64.0
15.71,1625449482.0,64.0
14.77,1625449482.0,64.0
13.35,1625449482.0,64.0
11.62,1625449482.0,64.0
9.81,1625449482.0,64.0
8.01,1625449482.0,64.0
6.24,1625449482.0,64.0
4.42,1625449482.0,64.0
2.5,1625449482.0,64.0
0.54,1625449482.0,64.0
-1.35,1625449482.0,64.0
-3.06,1625449482.0,64.0
-4.56,1625449482.0,64.0
-5.97,1625449482.0,64.0
-7.4,1625449482.0,64.0
-8.97,1625449482.0,64.0
-10.69,1625449482.0,64.0
-12.52,1625449482.0,64.0
-14.46,1625449482.0,64.0
-16.59,1625449482.0,64.0
-19.01,1625449482.0,64.0
-21.73,1625449482.0,64.0
-24.58,1625449482.0,64.0
-27.22,1625449482.0,64.0
-29.21,1625449482.0,64.0
-30.18,1625449482.0,64.0
-29.94,1625449482.0,64.0
-28.55,1625449482.0,64.0
-26.19,1625449482.0,64.0
-23.11,1625449482.0,64.0
-19.55,1625449482.0,64.0
-15.74,1625449482.0,64.0
-11.86,1625449482.0,64.0
-8.13,1625449482.0,64.0
-4.72,1625449482.0,64.0
-1.75,1625449482.0,64.0
0.76,1625449482.0,64.0
2.87,1625449482.0,64.0
4.7,1625449482.0,64.0
6.39,1625449482.0,64.0
8.01,1625449482.0,64.0
9.6,1625449482.0,64.0
11.15,1625449482.0,64.0
12.61,1625449482.0,64.0
13.95,1625449482.0,64.0
15.09,1625449482.0,64.0
16.01,1625449482.0,64.0
16.68,1625449482.0,64.0
17.09,1625449482.0,64.0
17.24,1625449482.0,64.0
17.15,1625449482.0,64.0
16.87,1625449482.0,64.0
16.44,1625449482.0,64.0
15.87,1625449482.0,64.0
15.1,1625449482.0,64.0
14.08,1625449482.0,64.0
12.73,1625449482.0,64.0
11.06,1625449482.0,64.0
9.17,1625449482.0,64.0
7.23,1625449482.0,64.0
5.42,1625449482.0,64.0
3.83,1625449482.0,64.0
2.41,1625449482.0,64.0
1.03,1625449482.0,64.0
-0.48,1625449482.0,64.0
-2.21,1625449482.0,64.0
-4.19,1625449482.0,64.0
-6.37,1625449482.0,64.0
-8.67,1625449482.0,64.0
-11.02,1625449482.0,64.0
-13.33,1625449482.0,64.0
-15.42,1625449482.0,64.0
-17.05,1625449482.0,64.0
-17.93,1625449482.0,64.0
-17.8,1625449482.0,64.0
-16.53,1625449482.0,64.0
-14.2,1625449482.0,64.0
-11.05,1625449482.0,64.0
-7.47,1625449482.0,64.0
-3.81,1625449482.0,64.0
-0.41,1625449482.0,64.0
2.51,1625449482.0,64.0
4.89,1625449482.0,64.0
6.75,1625449482.0,64.0
8.28,1625449482.0,64.0
9.66,1625449482.0,64.0
11.04,1625449482.0,64.0
12.46,1625449482.0,64.0
13.86,1625449482.0,64.0
15.1,1625449482.0,64.0
16.08,1625449482.0,64.0
16.73,1625449482.0,64.0
17.04,1625449482.0,64.0
17.04,1625449482.0,64.0
16.78,1625449482.0,64.0
16.28,1625449482.0,64.0
15.6,1625449482.0,64.0
14.77,1625449482.0,64.0
13.85,1625449482.0,64.0
12.89,1625449482.0,64.0
11.87,1625449482.0,64.0
10.69,1625449482.0,64.0
9.29,1625449482.0,64.0
7.6,1625449482.0,64.0
5.63,1625449482.0,64.0
3.46,1625449482.0,64.0
1.18,1625449482.0,64.0
-1.13,1625449482.0,64.0
-3.42,1625449482.0,64.0
-5.67,1625449482.0,64.0
-7.85,1625449482.0,64.0
-9.93,1625449482.0,64.0
-11.9,1625449482.0,64.0
-13.79,1625449482.0,64.0
-15.65,1625449482.0,64.0
-17.51,1625449482.0,64.0
-19.34,1625449482.0,64.0
-20.98,1625449482.0,64.0
-22.2,1625449482.0,64.0
-22.7,1625449482.0,64.0
-22.29,1625449482.0,64.0
-20.9,1625449482.0,64.0
-18.62,1625449482.0,64.0
-15.6,1625449482.0,64.0
-12.03,1625449482.0,64.0
-8.14,1625449482.0,64.0
-4.18,1625449482.0,64.0
-0.5,1625449482.0,64.0
2.52,1625449482.0,64.0
4.62,1625449482.0,64.0
5.77,1625449482.0,64.0
6.26,1625449482.0,64.0
6.58,1625449482.0,64.0
7.19,1625449482.0,64.0
8.3,1625449482.0,64.0
9.8,1625449482.0,64.0
11.37,1625449482.0,64.0
12.68,1625449482.0,64.0
13.55,1625449482.0,64.0
14.01,1625449482.0,64.0
14.18,1625449482.0,64.0
14.17,1625449482.0,64.0
13.93,1625449482.0,64.0
13.3,1625449482.0,64.0
12.2,1625449482.0,64.0
10.65,1625449482.0,64.0
8.85,1625449482.0,64.0
7.04,1625449482.0,64.0
5.39,1625449482.0,64.0
3.95,1625449482.0,64.0
2.64,1625449482.0,64.0
1.35,1625449482.0,64.0
-0.04,1625449482.0,64.0
-1.53,1625449482.0,64.0
-3.11,1625449482.0,64.0
-4.76,1625449482.0,64.0
-6.52,1625449482.0,64.0
-8.5,1625449482.0,64.0
-10.82,1625449482.0,64.0
-13.56,1625449482.0,64.0
-16.63,1625449482.0,64.0
-19.82,1625449482.0,64.0
-22.79,1625449482.0,64.0
-25.16,1625449482.0,64.0
-26.62,1625449482.0,64.0
-26.99,1625449482.0,64.0
-26.27,1625449482.0,64.0
-24.58,1625449482.0,64.0
-22.13,1625449482.0,64.0
-19.11,1625449482.0,64.0
-15.66,1625449482.0,64.0
-11.89,1625449482.0,64.0
-7.91,1625449482.0,64.0
-3.88,1625449482.0,64.0
-0.04,1625449482.0,64.0
3.32,1625449482.0,64.0
5.96,1625449482.0,64.0
7.81,1625449482.0,64.0
9.0,1625449482.0,64.0
9.82,1625449482.0,64.0
10.63,1625449482.0,64.0
11.68,1625449482.0,64.0
13.04,1625449482.0,64.0
14.54,1625449482.0,64.0
15.92,1625449482.0,64.0
16.97,1625449482.0,64.0
17.55,1625449482.0,64.0
17.7,1625449482.0,64.0
17.49,1625449482.0,64.0
17.01,1625449482.0,64.0
16.27,1625449482.0,64.0
15.24,1625449482.0,64.0
13.9,1625449482.0,64.0
12.27,1625449482.0,64.0
10.46,1625449482.0,64.0
8.61,1625449482.0,64.0
6.79,1625449482.0,64.0
5.03,1625449482.0,64.0
3.25,1625449482.0,64.0
1.34,1625449482.0,64.0
-0.81,1625449482.0,64.0
-3.2,1625449482.0,64.0
-5.77,1625449482.0,64.0
-8.39,1625449482.0,64.0
-10.94,1625449482.0,64.0
-13.43,1625449482.0,64.0
-15.92,1625449482.0,64.0
-18.48,1625449482.0,64.0
-21.06,1625449482.0,64.0
-23.44,1625449482.0,64.0
-25.29,1625449482.0,64.0
-26.25,1625449482.0,64.0
-26.13,1625449482.0,64.0
-24.92,1625449482.0,64.0
-22.8,1625449482.0,64.0
-19.99,1625449482.0,64.0
-16.65,1625449482.0,64.0
-12.87,1625449482.0,64.0
-8.73,1625449482.0,64.0
-4.42,1625449482.0,64.0
-0.2,1625449482.0,64.0
3.61,1625449482.0,64.0
6.8,1625449482.0,64.0
9.31,1625449482.0,64.0
11.31,1625449482.0,64.0
13.02,1625449482.0,64.0
14.63,1625449482.0,64.0
16.19,1625449482.0,64.0
17.65,1625449482.0,64.0
18.84,1625449482.0,64.0
19.65,1625449482.0,64.0
20.0,1625449482.0,64.0
19.92,1625449482.0,64.0
19.48,1625449482.0,64.0
18.79,1625449482.0,64.0
17.98,1625449482.0,64.0
17.13,1625449482.0,64.0
16.32,1625449482.0,64.0
15.52,1625449482.0,64.0
14.67,1625449482.0,64.0
13.67,1625449482.0,64.0
12.43,1625449482.0,64.0
10.9,1625449482.0,64.0
9.11,1625449482.0,64.0
7.1,1625449482.0,64.0
4.95,1625449482.0,64.0
2.71,1625449482.0,64.0
0.43,1625449482.0,64.0
-1.9,1625449482.0,64.0
-4.24,1625449482.0,64.0
-6.58,1625449482.0,64.0
-8.91,1625449482.0,64.0
-11.23,1625449482.0,64.0
-13.63,1625449482.0,64.0
-16.21,1625449482.0,64.0
-19.07,1625449482.0,64.0
-22.15,1625449482.0,64.0
-25.22,1625449482.0,64.0
-27.84,1625449482.0,64.0
-29.46,1625449482.0,64.0
-29.66,1625449482.0,64.0
-28.28,1625449482.0,64.0
-25.52,1625449482.0,64.0
-21.81,1625449482.0,64.0
-17.64,1625449482.0,64.0
-13.36,1625449482.0,64.0
-9.1,1625449482.0,64.0
-4.85,1625449482.0,64.0
-0.62,1625449482.0,64.0
3.44,1625449482.0,64.0
7.06,1625449482.0,64.0
9.94,1625449482.0,64.0
11.97,1625449482.0,64.0
13.24,1625449482.0,64.0
14.1,1625449482.0,64.0
14.89,1625449482.0,64.0
15.87,1625449482.0,64.0
17.06,1625449482.0,64.0
18.28,1625449482.0,64.0
19.29,1625449482.0,64.0
19.92,1625449482.0,64.0
20.13,1625449482.0,64.0
19.98,1625449482.0,64.0
19.56,1625449482.0,64.0
18.93,1625449482.0,64.0
18.07,1625449482.0,64.0
16.92,1625449482.0,64.0
15.44,1625449482.0,64.0
13.65,1625449482.0,64.0
11.63,1625449482.0,64.0
9.5,1625449482.0,64.0
7.38,1625449482.0,64.0
5.34,1625449482.0,64.0
3.38,1625449482.0,64.0
1.47,1625449482.0,64.0
-0.45,1625449482.0,64.0
-2.45,1625449482.0,64.0
-4.57,1625449482.0,64.0
-6.86,1625449482.0,64.0
-9.3,1625449482.0,64.0
-11.87,1625449482.0,64.0
-14.51,1625449482.0,64.0
-17.16,1625449482.0,64.0
-19.75,1625449482.0,64.0
-22.22,1625449482.0,64.0
-24.45,1625449482.0,64.0
-26.23,1625449482.0,64.0
-27.35,1625449482.0,64.0
-27.56,1625449482.0,64.0
-26.67,1625449482.0,64.0
-24.66,1625449482.0,64.0
-21.65,1625449482.0,64.0
-17.89,1625449482.0,64.0
-13.67,1625449482.0,64.0
-9.28,1625449482.0,64.0
-4.96,1625449482.0,64.0
-0.91,1625449482.0,64.0
2.72,1625449482.0,64.0
5.81,1625449482.0,64.0
8.29,1625449482.0,64.0
10.24,1625449482.0,64.0
11.81,1625449482.0,64.0
13.21,1625449482.0,64.0
14.64,1625449482.0,64.0
16.15,1625449482.0,64.0
17.66,1625449482.0,64.0
18.97,1625449482.0,64.0
19.88,1625449482.0,64.0
20.27,1625449482.0,64.0
20.15,1625449482.0,64.0
19.64,1625449482.0,64.0
18.89,1625449482.0,64.0
18.02,1625449482.0,64.0
17.09,1625449482.0,64.0
16.07,1625449482.0,64.0
14.96,1625449482.0,64.0
13.72,1625449482.0,64.0
12.36,1625449482.0,64.0
10.92,1625449482.0,64.0
9.37,1625449482.0,64.0
7.67,1625449482.0,64.0
5.73,1625449482.0,64.0
3.48,1625449482.0,64.0
0.95,1625449482.0,64.0
-1.75,1625449482.0,64.0
-4.39,1625449482.0,64.0
-6.79,1625449482.0,64.0
-8.83,1625449482.0,64.0
-10.58,1625449482.0,64.0
-12.26,1625449482.0,64.0
-14.16,1625449482.0,64.0
-16.44,1625449482.0,64.0
-19.08,1625449482.0,64.0
-21.79,1625449482.0,64.0
-24.14,1625449482.0,64.0
-25.68,1625449482.0,64.0
-26.13,1625449482.0,64.0
-25.42,1625449482.0,64.0
-23.69,1625449482.0,64.0
-21.16,1625449482.0,64.0
-18.05,1625449482.0,64.0
-14.53,1625449482.0,64.0
-10.72,1625449482.0,64.0
-6.77,1625449482.0,64.0
-2.84,1625449482.0,64.0
0.86,1625449482.0,64.0
4.14,1625449482.0,64.0
6.9,1625449482.0,64.0
9.17,1625449482.0,64.0
11.09,1625449482.0,64.0
12.86,1625449482.0,64.0
14.61,1625449482.0,64.0
16.37,1625449482.0,64.0
18.03,1625449482.0,64.0
19.39,1625449482.0,64.0
20.26,1625449482.0,64.0
20.55,1625449482.0,64.0
20.32,1625449482.0,64.0
19.72,1625449482.0,64.0
18.94,1625449482.0,64.0
18.11,1625449482.0,64.0
17.29,1625449482.0,64.0
16.46,1625449482.0,64.0
15.6,1625449482.0,64.0
14.7,1625449482.0,64.0
13.75,1625449482.0,64.0
12.76,1625449482.0,64.0
11.67,1625449482.0,64.0
10.36,1625449482.0,64.0
8.73,1625449482.0,64.0
6.7,1625449482.0,64.0
4.3,1625449482.0,64.0
1.6,1625449482.0,64.0
-1.27,1625449482.0,64.0
-4.23,1625449482.0,64.0
-7.16,1625449482.0,64.0
-10.0,1625449482.0,64.0
-12.72,1625449482.0,64.0
-15.4,1625449482.0,64.0
-18.18,1625449482.0,64.0
-21.19,1625449482.0,64.0
-24.47,1625449482.0,64.0
-27.84,1625449482.0,64.0
-30.9,1625449482.0,64.0
-33.1,1625449482.0,64.0
-34.02,1625449482.0,64.0
-33.46,1625449482.0,64.0
-31.58,1625449482.0,64.0
-28.73,1625449482.0,64.0
-25.31,1625449482.0,64.0
-21.58,1625449482.0,64.0
-17.59,1625449482.0,64.0
-13.35,1625449482.0,64.0
-8.92,1625449482.0,64.0
-4.57,1625449482.0,64.0
-0.66,1625449482.0,64.0
2.47,1625449482.0,64.0
4.72,1625449482.0,64.0
6.26,1625449482.0,64.0
7.5,1625449482.0,64.0
8.85,1625449482.0,64.0
10.53,1625449482.0,64.0
12.49,1625449482.0,64.0
14.41,1625449482.0,64.0
15.95,1625449482.0,64.0
16.88,1625449482.0,64.0
17.21,1625449482.0,64.0
17.13,1625449482.0,64.0
16.86,1625449482.0,64.0
16.55,1625449482.0,64.0
16.22,1625449482.0,64.0
15.79,1625449482.0,64.0
15.15,1625449482.0,64.0
14.27,1625449482.0,64.0
13.25,1625449482.0,64.0
12.17,1625449482.0,64.0
11.1,1625449482.0,64.0
9.96,1625449482.0,64.0
8.63,1625449482.0,64.0
6.97,1625449482.0,64.0
4.96,1625449482.0,64.0
2.73,1625449482.0,64.0
0.49,1625449482.0,64.0
-1.6,1625449482.0,64.0
-3.48,1625449482.0,64.0
-5.29,1625449482.0,64.0
-7.27,1625449482.0,64.0
-9.64,1625449482.0,64.0
-12.44,1625449482.0,64.0
-15.47,1625449482.0,64.0
-18.32,1625449482.0,64.0
-20.49,1625449482.0,64.0
-21.54,1625449482.0,64.0
-21.24,1625449482.0,64.0
-19.59,1625449482.0,64.0
-16.82,1625449482.0,64.0
-13.25,1625449482.0,64.0
-9.26,1625449482.0,64.0
-5.17,1625449482.0,64.0
-1.22,1625449482.0,64.0
2.4,1625449482.0,64.0
5.59,1625449482.0,64.0
8.31,1625449482.0,64.0
10.56,1625449482.0,64.0
12.42,1625449482.0,64.0
13.99,1625449482.0,64.0
15.36,1625449482.0,64.0
16.59,1625449482.0,64.0
17.71,1625449482.0,64.0
18.67,1625449482.0,64.0
19.45,1625449482.0,64.0
19.97,1625449482.0,64.0
20.21,1625449482.0,64.0
20.14,1625449482.0,64.0
19.8,1625449482.0,64.0
19.22,1625449482.0,64.0
18.47,1625449482.0,64.0
17.53,1625449482.0,64.0
16.36,1625449482.0,64.0
14.87,1625449482.0,64.0
13.02,1625449482.0,64.0
10.85,1625449482.0,64.0
8.46,1625449482.0,64.0
6.01,1625449482.0,64.0
3.62,1625449482.0,64.0
1.34,1625449482.0,64.0
-0.83,1625449482.0,64.0
-2.89,1625449482.0,64.0
-4.88,1625449482.0,64.0
-6.85,1625449482.0,64.0
-8.91,1625449482.0,64.0
-11.22,1625449482.0,64.0
-13.95,1625449482.0,64.0
-17.11,1625449482.0,64.0
-20.5,1625449482.0,64.0
-23.71,1625449482.0,64.0
-26.25,1625449482.0,64.0
-27.72,1625449482.0,64.0
-27.96,1625449482.0,64.0
-27.01,1625449482.0,64.0
-25.05,1625449482.0,64.0
-22.32,1625449482.0,64.0
-18.99,1625449482.0,64.0
-15.21,1625449482.0,64.0
-11.13,1625449482.0,64.0
-6.91,1625449482.0,64.0
-2.77,1625449482.0,64.0
1.09,1625449482.0,64.0
4.5,1625449482.0,64.0
7.36,1625449482.0,64.0
9.63,1625449482.0,64.0
11.37,1625449482.0,64.0
12.65,1625449482.0,64.0
13.64,1625449482.0,64.0
14.5,1625449482.0,64.0
15.38,1625449482.0,64.0
16.32,1625449482.0,64.0
17.23,1625449482.0,64.0
17.9,1625449482.0,64.0
18.12,1625449482.0,64.0
17.79,1625449482.0,64.0
16.94,1625449482.0,64.0
15.77,1625449482.0,64.0
14.53,1625449482.0,64.0
13.37,1625449482.0,64.0
12.29,1625449482.0,64.0
11.12,1625449482.0,64.0
9.63,1625449482.0,64.0
7.69,1625449482.0,64.0
5.31,1625449482.0,64.0
2.69,1625449482.0,64.0
0.06,1625449482.0,64.0
-2.44,1625449482.0,64.0
-4.78,1625449482.0,64.0
-7.06,1625449482.0,64.0
-9.44,1625449482.0,64.0
-12.0,1625449482.0,64.0
-14.75,1625449482.0,64.0
-17.61,1625449482.0,64.0
-20.51,1625449482.0,64.0
-23.39,1625449482.0,64.0
-26.21,1625449482.0,64.0
-28.84,1625449482.0,64.0
-31.01,1625449482.0,64.0
-32.37,1625449482.0,64.0
-32.5,1625449482.0,64.0
-31.12,1625449482.0,64.0
-28.17,1625449482.0,64.0
-23.89,1625449482.0,64.0
-18.7,1625449482.0,64.0
-13.13,1625449482.0,64.0
-7.65,1625449482.0,64.0
-2.56,1625449482.0,64.0
1.96,1625449482.0,64.0
5.85,1625449482.0,64.0
9.12,1625449482.0,64.0
11.78,1625449482.0,64.0
13.86,1625449482.0,64.0
15.44,1625449482.0,64.0
16.65,1625449482.0,64.0
17.65,1625449482.0,64.0
18.58,1625449482.0,64.0
19.52,1625449482.0,64.0
20.4,1625449482.0,64.0
21.09,1625449482.0,64.0
21.42,1625449482.0,64.0
21.32,1625449482.0,64.0
20.83,1625449482.0,64.0
20.09,1625449482.0,64.0
19.25,1625449482.0,64.0
18.39,1625449482.0,64.0
17.49,1625449482.0,64.0
16.39,1625449482.0,64.0
14.91,1625449482.0,64.0
12.95,1625449482.0,64.0
10.54,1625449482.0,64.0
7.81,1625449482.0,64.0
4.98,1625449482.0,64.0
2.24,1625449482.0,64.0
-0.34,1625449482.0,64.0
-2.76,1625449482.0,64.0
-5.15,1625449482.0,64.0
-7.63,1625449482.0,64.0
-10.34,1625449482.0,64.0
-13.32,1625449482.0,64.0
-16.52,1625449482.0,64.0
-19.84,1625449482.0,64.0
-23.12,1625449482.0,64.0
-26.13,1625449482.0,64.0
-28.61,1625449482.0,64.0
-30.26,1625449482.0,64.0
-30.79,1625449482.0,64.0
-30.0,1625449482.0,64.0
-27.87,1625449482.0,64.0
-24.54,1625449482.0,64.0
-20.29,1625449482.0,64.0
-15.5,1625449482.0,64.0
-10.48,1625449482.0,64.0
-5.52,1625449482.0,64.0
-0.87,1625449482.0,64.0
3.28,1625449482.0,64.0
6.78,1625449482.0,64.0
9.57,1625449482.0,64.0
11.75,1625449482.0,64.0
13.49,1625449482.0,64.0
15.04,1625449482.0,64.0
16.58,1625449482.0,64.0
18.16,1625449482.0,64.0
19.69,1625449482.0,64.0
20.99,1625449482.0,64.0
21.88,1625449482.0,64.0
22.28,1625449482.0,64.0
22.17,1625449482.0,64.0
21.58,1625449482.0,64.0
20.61,1625449482.0,64.0
19.37,1625449482.0,64.0
18.0,1625449482.0,64.0
16.65,1625449482.0,64.0
15.43,1625449482.0,64.0
14.34,1625449482.0,64.0
13.25,1625449482.0,64.0
11.97,1625449482.0,64.0
10.35,1625449482.0,64.0
8.33,1625449482.0,64.0
6.0,1625449482.0,64.0
3.52,1625449482.0,64.0
1.0,1625449482.0,64.0
-1.55,1625449482.0,64.0
-4.22,1625449482.0,64.0
-7.1,1625449482.0,64.0
-10.2,1625449482.0,64.0
-13.4,1625449482.0,64.0
-16.55,1625449482.0,64.0
-19.49,1625449482.0,64.0
-22.19,1625449482.0,64.0
-24.59,1625449482.0,64.0
-26.61,1625449482.0,64.0
-28.05,1625449482.0,64.0
-28.6,1625449482.0,64.0
-28.02,1625449482.0,64.0
-26.23,1625449482.0,64.0
-23.34,1625449482.0,64.0
-19.62,1625449482.0,64.0
-15.38,1625449482.0,64.0
-10.86,1625449482.0,64.0
-6.24,1625449482.0,64.0
-1.67,1625449482.0,64.0
2.65,1625449482.0,64.0
6.49,1625449482.0,64.0
9.69,1625449482.0,64.0
12.21,1625449482.0,64.0
14.17,1625449482.0,64.0
15.79,1625449482.0,64.0
17.28,1625449482.0,64.0
18.68,1625449482.0,64.0
19.88,1625449482.0,64.0
20.72,1625449482.0,64.0
21.08,1625449482.0,64.0
21.0,1625449482.0,64.0
20.67,1625449482.0,64.0
20.31,1625449482.0,64.0
20.05,1625449482.0,64.0
19.89,1625449482.0,64.0
19.63,1625449482.0,64.0
19.1,1625449482.0,64.0
18.15,1625449482.0,64.0
16.78,1625449482.0,64.0
15.13,1625449482.0,64.0
13.37,1625449482.0,64.0
11.62,1625449482.0,64.0
9.94,1625449482.0,64.0
8.23,1625449482.0,64.0
6.36,1625449482.0,64.0
4.17,1625449482.0,64.0
1.59,1625449482.0,64.0
-1.36,1625449482.0,64.0
-4.56,1625449482.0,64.0
-7.84,1625449482.0,64.0
-11.07,1625449482.0,64.0
-14.22,1625449482.0,64.0
-17.36,1625449482.0,64.0
-20.64,1625449482.0,64.0
-24.09,1625449482.0,64.0
-27.56,1625449482.0,64.0
-30.69,1625449482.0,64.0
-32.98,1625449482.0,64.0
-33.96,1625449482.0,64.0
-33.4,1625449482.0,64.0
-31.36,1625449482.0,64.0
-28.12,1625449482.0,64.0
-24.1,1625449482.0,64.0
-19.66,1625449482.0,64.0
-15.04,1625449482.0,64.0
-10.37,1625449482.0,64.0
-5.74,1625449482.0,64.0
-1.32,1625449482.0,64.0
2.68,1625449482.0,64.0
6.03,1625449482.0,64.0
8.57,1625449482.0,64.0
10.37,1625449482.0,64.0
11.62,1625449482.0,64.0
12.65,1625449482.0,64.0
13.81,1625449482.0,64.0
15.26,1625449482.0,64.0
17.0,1625449482.0,64.0
18.81,1625449482.0,64.0
20.39,1625449482.0,64.0
21.45,1625449482.0,64.0
21.84,1625449482.0,64.0
21.58,1625449482.0,64.0
20.81,1625449482.0,64.0
19.74,1625449482.0,64.0
18.47,1625449482.0,64.0
17.05,1625449482.0,64.0
15.49,1625449482.0,64.0
13.75,1625449482.0,64.0
11.89,1625449482.0,64.0
9.99,1625449482.0,64.0
8.12,1625449482.0,64.0
6.33,1625449482.0,64.0
4.55,1625449482.0,64.0
2.69,1625449482.0,64.0
0.65,1625449482.0,64.0
-1.55,1625449482.0,64.0
-3.88,1625449482.0,64.0
-6.24,1625449482.0,64.0
-8.63,1625449482.0,64.0
-11.09,1625449482.0,64.0
-13.74,1625449482.0,64.0
-16.66,1625449482.0,64.0
-19.78,1625449482.0,64.0
-22.85,1625449482.0,64.0
-25.46,1625449482.0,64.0
-27.16,1625449482.0,64.0
-27.56,1625449482.0,64.0
-26.5,1625449482.0,64.0
-24.06,1625449482.0,64.0
-20.58,1625449482.0,64.0
-16.51,1625449482.0,64.0
-12.3,1625449482.0,64.0
-8.25,1625449482.0,64.0
-4.5,1625449482.0,64.0
-1.06,1625449482.0,64.0
2.1,1625449482.0,64.0
5.0,1625449482.0,64.0
7.6,1625449482.0,64.0
9.86,1625449482.0,64.0
11.79,1625449482.0,64.0
13.45,1625449482.0,64.0
14.93,1625449482.0,64.0
16.31,1625449482.0,64.0
17.59,1625449482.0,64.0
18.7,1625449482.0,64.0
19.54,1625449482.0,64.0
20.06,1625449482.0,64.0
20.27,1625449482.0,64.0
20.24,1625449482.0,64.0
20.01,1625449482.0,64.0
19.62,1625449482.0,64.0
19.0,1625449482.0,64.0
18.1,1625449482.0,64.0
16.84,1625449482.0,64.0
15.21,1625449482.0,64.0
13.29,1625449482.0,64.0
11.23,1625449482.0,64.0
9.2,1625449482.0,64.0
7.32,1625449482.0,64.0
5.61,1625449482.0,64.0
4.02,1625449482.0,64.0
2.39,1625449482.0,64.0
0.58,1625449482.0,64.0
-1.48,1625449482.0,64.0
-3.78,1625449482.0,64.0
-6.25,1625449482.0,64.0
-8.83,1625449482.0,64.0
-11.48,1625449482.0,64.0
-14.22,1625449482.0,64.0
-17.01,1625449482.0,64.0
-19.65,1625449482.0,64.0
-21.85,1625449482.0,64.0
-23.21,1625449482.0,64.0
-23.41,1625449482.0,64.0
-22.32,1625449482.0,64.0
-20.04,1625449482.0,64.0
-16.86,1625449482.0,64.0
-13.11,1625449482.0,64.0
-9.06,1625449482.0,64.0
-4.88,1625449482.0,64.0
-0.69,1625449482.0,64.0
3.34,1625449482.0,64.0
7.02,1625449482.0,64.0
10.14,1625449482.0,64.0
12.6,1625449482.0,64.0
14.4,1625449482.0,64.0
15.71,1625449482.0,64.0
16.7,1625449482.0,64.0
17.51,1625449482.0,64.0
18.21,1625449482.0,64.0
18.74,1625449482.0,64.0
19.07,1625449482.0,64.0
19.15,1625449482.0,64.0
18.96,1625449482.0,64.0
18.52,1625449482.0,64.0
17.79,1625449482.0,64.0
16.78,1625449482.0,64.0
15.44,1625449482.0,64.0
13.79,1625449482.0,64.0
11.86,1625449482.0,64.0
9.77,1625449482.0,64.0
7.61,1625449482.0,64.0
5.49,1625449482.0,64.0
3.47,1625449482.0,64.0
1.57,1625449482.0,64.0
-0.29,1625449482.0,64.0
-2.2,1625449482.0,64.0
-4.24,1625449482.0,64.0
-6.48,1625449482.0,64.0
-8.92,1625449482.0,64.0
-11.54,1625449482.0,64.0
-14.34,1625449482.0,64.0
-17.33,1625449482.0,64.0
-20.5,1625449482.0,64.0
-23.81,1625449482.0,64.0
-27.11,1625449482.0,64.0
-30.11,1625449482.0,64.0
-32.44,1625449482.0,64.0
-33.73,1625449482.0,64.0
-33.73,1625449482.0,64.0
-32.38,1625449482.0,64.0
-29.85,1625449482.0,64.0
-26.46,1625449482.0,64.0
-22.55,1625449482.0,64.0
-18.41,1625449482.0,64.0
-14.15,1625449482.0,64.0
-9.84,1625449482.0,64.0
-5.49,1625449482.0,64.0
-1.2,1625449482.0,64.0
2.87,1625449482.0,64.0
6.55,1625449482.0,64.0
9.67,1625449482.0,64.0
12.21,1625449482.0,64.0
14.21,1625449482.0,64.0
15.81,1625449482.0,64.0
17.17,1625449482.0,64.0
18.42,1625449482.0,64.0
19.59,1625449482.0,64.0
20.63,1625449482.0,64.0
21.41,1625449482.0,64.0
21.8,1625449482.0,64.0
21.7,1625449482.0,64.0
21.14,1625449482.0,64.0
20.23,1625449482.0,64.0
19.14,1625449482.0,64.0
17.96,1625449482.0,64.0
16.69,1625449482.0,64.0
15.23,1625449482.0,64.0
13.43,1625449482.0,64.0
11.23,1625449482.0,64.0
8.69,1625449482.0,64.0
5.93,1625449482.0,64.0
3.17,1625449482.0,64.0
0.54,1625449482.0,64.0
-1.9,1625449482.0,64.0
-4.16,1625449482.0,64.0
-6.31,1625449482.0,64.0
-8.43,1625449482.0,64.0
-10.6,1625449482.0,64.0
-12.92,1625449482.0,64.0
-15.5,1625449482.0,64.0
-18.38,1625449482.0,64.0
-21.48,1625449482.0,64.0
-24.54,1625449482.0,64.0
-27.18,1625449482.0,64.0
-28.97,1625449482.0,64.0
-29.59,1625449482.0,64.0
-28.93,1625449482.0,64.0
-27.1,1625449482.0,64.0
-24.35,1625449482.0,64.0
-20.95,1625449482.0,64.0
-17.08,1625449482.0,64.0
-12.84,1625449482.0,64.0
-8.35,1625449482.0,64.0
-3.82,1625449482.0,64.0
0.49,1625449482.0,64.0
4.26,1625449482.0,64.0
7.29,1625449482.0,64.0
9.56,1625449482.0,64.0
11.22,1625449482.0,64.0
12.51,1625449482.0,64.0
13.64,1625449482.0,64.0
14.7,1625449482.0,64.0
15.71,1625449482.0,64.0
16.64,1625449482.0,64.0
17.47,1625449482.0,64.0
18.22,1625449482.0,64.0
18.87,1625449482.0,64.0
19.36,1625449482.0,64.0
19.56,1625449482.0,64.0
19.32,1625449482.0,64.0
18.61,1625449482.0,64.0
17.5,1625449482.0,64.0
16.13,1625449482.0,64.0
14.62,1625449482.0,64.0
13.02,1625449482.0,64.0
11.31,1625449482.0,64.0
9.44,1625449482.0,64.0
7.46,1625449482.0,64.0
5.47,1625449482.0,64.0
3.58,1625449482.0,64.0
1.84,1625449482.0,64.0
0.14,1625449482.0,64.0
-1.75,1625449482.0,64.0
-4.03,1625449482.0,64.0
-6.83,1625449482.0,64.0
-10.1,1625449482.0,64.0
-13.69,1625449482.0,64.0
-17.36,1625449482.0,64.0
-20.93,1625449482.0,64.0
-24.27,1625449482.0,64.0
-27.29,1625449482.0,64.0
-29.87,1625449482.0,64.0
-31.83,1625449482.0,64.0
-32.9,1625449482.0,64.0
-32.81,1625449482.0,64.0
-31.39,1625449482.0,64.0
-28.71,1625449482.0,64.0
-25.04,1625449482.0,64.0
-20.79,1625449482.0,64.0
-16.35,1625449482.0,64.0
-11.96,1625449482.0,64.0
-7.67,1625449482.0,64.0
-3.47,1625449482.0,64.0
0.63,1625449482.0,64.0
4.52,1625449482.0,64.0
7.97,1625449482.0,64.0
10.77,1625449482.0,64.0
12.82,1625449482.0,64.0
14.22,1625449482.0,64.0
15.19,1625449482.0,64.0
16.04,1625449482.0,64.0
16.99,1625449482.0,64.0
18.1,1625449482.0,64.0
19.23,1625449482.0,64.0
20.11,1625449482.0,64.0
20.4,1625449482.0,64.0
19.86,1625449482.0,64.0
18.43,1625449482.0,64.0
16.28,1625449482.0,64.0
13.84,1625449482.0,64.0
11.53,1625449482.0,64.0
9.65,1625449482.0,64.0
8.2,1625449482.0,64.0
6.9,1625449482.0,64.0
5.3,1625449482.0,64.0
3.0,1625449482.0,64.0
-0.08,1625449482.0,64.0
-3.68,1625449482.0,64.0
-7.17,1625449482.0,64.0
-9.9,1625449482.0,64.0
-11.45,1625449482.0,64.0
-11.9,1625449482.0,64.0
-11.92,1625449482.0,64.0
-12.48,1625449482.0,64.0
-14.46,1625449482.0,64.0
-18.26,1625449482.0,64.0
-23.51,1625449482.0,64.0
-29.18,1625449482.0,64.0
-34.01,1625449482.0,64.0
-37.05,1625449482.0,64.0
-37.91,1625449482.0,64.0
-36.9,1625449482.0,64.0
-34.78,1625449482.0,64.0
-32.35,1625449482.0,64.0
-30.27,1625449482.0,64.0
-28.9,1625449482.0,64.0
-28.0,1625449482.0,64.0
-26.58,1625449482.0,64.0
-22.67,1625449482.0,64.0
-13.75,1625449482.0,64.0
2.33,1625449482.0,64.0
26.26,1625449482.0,64.0
56.37,1625449482.0,64.0
88.83,1625449482.0,64.0
118.77,1625449482.0,64.0
142.08,1625449482.0,64.0
156.79,1625449482.0,64.0
163.41,1625449482.0,64.0
164.08,1625449482.0,64.0
161.06,1625449482.0,64.0
155.57,1625449482.0,64.0
147.47,1625449482.0,64.0
135.9,1625449482.0,64.0
120.27,1625449482.0,64.0
100.67,1625449482.0,64.0
77.73,1625449482.0,64.0
52.06,1625449482.0,64.0
23.84,1625449482.0,64.0
-6.96,1625449482.0,64.0
-40.0,1625449482.0,64.0
-74.08,1625449482.0,64.0
-106.98,1625449482.0,64.0
-135.65,1625449482.0,64.0
-156.84,1625449482.0,64.0
-167.57,1625449482.0,64.0
-165.52,1625449482.0,64.0
-149.54,1625449482.0,64.0
-120.23,1625449482.0,64.0
-80.43,1625449482.0,64.0
-35.22,1625449482.0,64.0
9.05,1625449482.0,64.0
46.47,1625449482.0,64.0
73.22,1625449482.0,64.0
88.52,1625449482.0,64.0
93.94,1625449482.0,64.0
91.68,1625449482.0,64.0
82.86,1625449482.0,64.0
66.62,1625449482.0,64.0
40.69,1625449482.0,64.0
3.11,1625449482.0,64.0
-45.9,1625449482.0,64.0
-102.76,1625449482.0,64.0
-160.72,1625449482.0,64.0
-211.59,1625449482.0,64.0
-247.87,1625449482.0,64.0
-264.89,1625449482.0,64.0
-261.76,1625449482.0,64.0
-240.9,1625449482.0,64.0
-206.69,1625449482.0,64.0
-163.67,1625449482.0,64.0
-115.21,1625449482.0,64.0
-63.09,1625449482.0,64.0
-8.14,1625449482.0,64.0
48.62,1625449482.0,64.0
105.19,1625449482.0,64.0
158.48,1625449482.0,64.0
205.13,1625449482.0,64.0
242.46,1625449482.0,64.0
269.17,1625449482.0,64.0
285.1,1625449482.0,64.0
290.63,1625449482.0,64.0
285.85,1625449482.0,64.0
270.31,1625449482.0,64.0
243.45,1625449482.0,64.0
205.39,1625449482.0,64.0
157.85,1625449482.0,64.0
104.42,1625449482.0,64.0
50.05,1625449482.0,64.0
-0.08,1625449482.0,64.0
-41.87,1625449482.0,64.0
-73.15,1625449482.0,64.0
-93.94,1625449482.0,64.0
-105.97,1625449482.0,64.0
-111.77,1625449482.0,64.0
-113.79,1625449482.0,64.0
-113.8,1625449482.0,64.0
-112.61,1625449482.0,64.0
-110.42,1625449482.0,64.0
-107.22,1625449482.0,64.0
-103.24,1625449482.0,64.0
-99.01,1625449482.0,64.0
-95.24,1625449482.0,64.0
-92.43,1625449482.0,64.0
-90.7,1625449482.0,64.0
-89.77,1625449482.0,64.0
-89.16,1625449482.0,64.0
-88.42,1625449482.0,64.0
-87.29,1625449482.0,64.0
-85.68,1625449482.0,64.0
-83.56,1625449482.0,64.0
-80.87,1625449482.0,64.0
-77.45,1625449482.0,64.0
-73.1,1625449482.0,64.0
-67.55,1625449482.0,64.0
-60.54,1625449482.0,64.0
-51.9,1625449482.0,64.0
-41.57,1625449482.0,64.0
-29.77,1625449482.0,64.0
-16.9,1625449482.0,64.0
-3.62,1625449482.0,64.0
9.45,1625449482.0,64.0
21.84,1625449482.0,64.0
33.36,1625449482.0,64.0
44.03,1625449482.0,64.0
53.97,1625449482.0,64.0
63.17,1625449482.0,64.0
71.36,1625449482.0,64.0
78.0,1625449482.0,64.0
82.37,1625449482.0,64.0
83.83,1625449482.0,64.0
81.98,1625449482.0,64.0
76.88,1625449482.0,64.0
69.05,1625449482.0,64.0
59.35,1625449482.0,64.0
48.82,1625449482.0,64.0
38.39,1625449482.0,64.0
28.73,1625449482.0,64.0
20.1,1625449482.0,64.0
12.56,1625449482.0,64.0
5.99,1625449482.0,64.0
0.34,1625449482.0,64.0
-4.41,1625449482.0,64.0
-8.25,1625449482.0,64.0
-11.27,1625449482.0,64.0
-13.65,1625449482.0,64.0
-15.62,1625449482.0,64.0
-17.41,1625449482.0,64.0
-19.13,1625449482.0,64.0
-20.82,1625449482.0,64.0
-22.48,1625449482.0,64.0
-24.2,1625449482.0,64.0
-26.09,1625449482.0,64.0
-28.25,1625449482.0,64.0
-30.68,1625449482.0,64.0
-33.14,1625449482.0,64.0
-35.21,1625449482.0,64.0
-36.35,1625449482.0,64.0
-36.13,1625449482.0,64.0
-34.37,1625449482.0,64.0
-31.19,1625449482.0,64.0
-26.98,1625449482.0,64.0
-22.24,1625449482.0,64.0
-17.43,1625449482.0,64.0
-12.84,1625449482.0,64.0
-8.65,1625449482.0,64.0
-4.94,1625449482.0,64.0
-1.74,1625449482.0,64.0
0.9,1625449482.0,64.0
2.98,1625449482.0,64.0
4.48,1625449482.0,64.0
5.43,1625449482.0,64.0
5.84,1625449482.0,64.0
5.77,1625449482.0,64.0
5.28,1625449482.0,64.0
4.5,1625449482.0,64.0
3.64,1625449482.0,64.0
2.89,1625449482.0,64.0
2.41,1625449482.0,64.0
2.24,1625449482.0,64.0
2.31,1625449482.0,64.0
2.48,1625449482.0,64.0
2.64,1625449482.0,64.0
2.74,1625449482.0,64.0
2.72,1625449482.0,64.0
2.54,1625449482.0,64.0
2.11,1625449482.0,64.0
1.39,1625449482.0,64.0
0.39,1625449482.0,64.0
-0.79,1625449482.0,64.0
-1.99,1625449482.0,64.0
-3.1,1625449482.0,64.0
-4.12,1625449482.0,64.0
-5.22,1625449482.0,64.0
-6.61,1625449482.0,64.0
-8.49,1625449482.0,64.0
-10.92,1625449482.0,64.0
-13.8,1625449482.0,64.0
-16.88,1625449482.0,64.0
-19.82,1625449482.0,64.0
-22.24,1625449482.0,64.0
-23.79,1625449482.0,64.0
-24.18,1625449482.0,64.0
-23.24,1625449482.0,64.0
-21.03,1625449482.0,64.0
-17.8,1625449482.0,64.0
-13.92,1625449482.0,64.0
-9.79,1625449482.0,64.0
-5.71,1625449482.0,64.0
-1.89,1625449482.0,64.0
1.58,1625449482.0,64.0
4.6,1625449482.0,64.0
7.04,1625449482.0,64.0
8.78,1625449482.0,64.0
9.78,1625449482.0,64.0
10.2,1625449482.0,64.0
10.35,1625449482.0,64.0
10.56,1625449482.0,64.0
11.07,1625449482.0,64.0
11.8,1625449482.0,64.0
12.44,1625449482.0,64.0
12.62,1625449482.0,64.0
12.08,1625449482.0,64.0
10.89,1625449482.0,64.0
9.39,1625449482.0,64.0
8.09,1625449482.0,64.0
7.38,1625449482.0,64.0
7.35,1625449482.0,64.0
7.74,1625449482.0,64.0
8.03,1625449482.0,64.0
7.68,1625449482.0,64.0
6.3,1625449482.0,64.0
3.88,1625449482.0,64.0
0.72,1625449482.0,64.0
-2.71,1625449482.0,64.0
-5.97,1625449482.0,64.0
-8.79,1625449482.0,64.0
-11.19,1625449482.0,64.0
-13.4,1625449482.0,64.0
-15.76,1625449482.0,64.0
-18.55,1625449482.0,64.0
-21.97,1625449482.0,64.0
-26.05,1625449482.0,64.0
-30.59,1625449482.0,64.0
-35.01,1625449482.0,64.0
-38.3,1625449482.0,64.0
-39.12,1625449482.0,64.0
-36.17,1625449482.0,64.0
-28.82,1625449482.0,64.0
-17.54,1625449482.0,64.0
-3.93,1625449482.0,64.0
9.66,1625449482.0,64.0
21.01,1625449482.0,64.0
28.7,1625449482.0,64.0
32.45,1625449482.0,64.0
32.87,1625449482.0,64.0
30.98,1625449482.0,64.0
27.68,1625449482.0,64.0
23.6,1625449482.0,64.0
19.19,1625449482.0,64.0
14.94,1625449482.0,64.0
11.45,1625449482.0,64.0
9.32,1625449482.0,64.0
8.82,1625449482.0,64.0
9.77,1625449482.0,64.0
11.57,1625449482.0,64.0
13.42,1625449482.0,64.0
14.66,1625449482.0,64.0
15.0,1625449482.0,64.0
14.59,1625449482.0,64.0
13.88,1625449482.0,64.0
13.38,1625449482.0,64.0
13.45,1625449482.0,64.0
14.06,1625449482.0,64.0
14.89,1625449482.0,64.0
15.39,1625449482.0,64.0
15.07,1625449482.0,64.0
13.68,1625449482.0,64.0
11.3,1625449482.0,64.0
8.2,1625449482.0,64.0
4.72,1625449482.0,64.0
1.06,1625449482.0,64.0
-2.74,1625449482.0,64.0
-6.78,1625449482.0,64.0
-11.17,1625449482.0,64.0
-15.9,1625449482.0,64.0
-20.8,1625449482.0,64.0
-25.52,1625449482.0,64.0
-29.64,1625449482.0,64.0
-32.7,1625449482.0,64.0
-34.37,1625449482.0,64.0
-34.47,1625449482.0,64.0
-33.03,1625449482.0,64.0
-30.27,1625449482.0,64.0
-26.47,1625449482.0,64.0
-21.97,1625449482.0,64.0
-17.01,1625449482.0,64.0
-11.81,1625449482.0,64.0
-6.54,1625449482.0,64.0
-1.36,1625449482.0,64.0
3.52,1625449482.0,64.0
7.9,1625449482.0,64.0
11.63,1625449482.0,64.0
14.64,1625449482.0,64.0
16.95,1625449482.0,64.0
18.68,1625449482.0,64.0
19.99,1625449482.0,64.0
21.01,1625449482.0,64.0
21.77,1625449482.0,64.0
22.25,1625449482.0,64.0
22.36,1625449482.0,64.0
22.05,1625449482.0,64.0
21.37,1625449482.0,64.0
20.48,1625449482.0,64.0
19.61,1625449482.0,64.0
18.99,1625449482.0,64.0
18.74,1625449482.0,64.0
18.83,1625449482.0,64.0
19.11,1625449482.0,64.0
19.29,1625449482.0,64.0
19.11,1625449482.0,64.0
18.36,1625449482.0,64.0
16.95,1625449482.0,64.0
14.91,1625449482.0,64.0
12.37,1625449482.0,64.0
9.49,1625449482.0,64.0
6.41,1625449482.0,64.0
3.24,1625449482.0,64.0
0.04,1625449482.0,64.0
-3.19,1625449482.0,64.0
-6.51,1625449482.0,64.0
-10.01,1625449482.0,64.0
-13.78,1625449482.0,64.0
-17.81,1625449482.0,64.0
-21.94,1625449482.0,64.0
-25.78,1625449482.0,64.0
-28.82,1625449482.0,64.0
-30.54,1625449482.0,64.0
-30.56,1625449482.0,64.0
-28.79,1625449482.0,64.0
-25.46,1625449482.0,64.0
-20.98,1625449482.0,64.0
-15.83,1625449482.0,64.0
-10.45,1625449482.0,64.0
-5.18,1625449482.0,64.0
-0.23,1625449482.0,64.0
4.19,1625449482.0,64.0
7.97,1625449482.0,64.0
11.0,1625449482.0,64.0
13.26,1625449482.0,64.0
14.81,1625449482.0,64.0
15.86,1625449482.0,64.0
16.63,1625449482.0,64.0
17.4,1625449482.0,64.0
18.36,1625449482.0,64.0
19.56,1625449482.0,64.0
20.94,1625449482.0,64.0
22.36,1625449482.0,64.0
23.6,1625449482.0,64.0
24.46,1625449482.0,64.0
24.79,1625449482.0,64.0
24.46,1625449482.0,64.0
23.46,1625449482.0,64.0
21.86,1625449482.0,64.0
19.82,1625449482.0,64.0
17.53,1625449482.0,64.0
15.2,1625449482.0,64.0
12.97,1625449482.0,64.0
10.91,1625449482.0,64.0
8.99,1625449482.0,64.0
7.15,1625449482.0,64.0
5.35,1625449482.0,64.0
3.59,1625449482.0,64.0
1.93,1625449482.0,64.0
0.44,1625449482.0,64.0
-0.85,1625449482.0,64.0
-2.03,1625449482.0,64.0
-3.24,1625449482.0,64.0
-4.68,1625449482.0,64.0
-6.56,1625449482.0,64.0
-8.99,1625449482.0,64.0
-11.95,1625449482.0,64.0
-15.31,1625449482.0,64.0
-18.81,1625449482.0,64.0
-22.07,1625449482.0,64.0
-24.67,1625449482.0,64.0
-26.2,1625449482.0,64.0
-26.35,1625449482.0,64.0
-25.03,1625449482.0,64.0
-22.33,1625449482.0,64.0
-18.58,1625449482.0,64.0
-14.15,1625449482.0,64.0
-9.41,1625449482.0,64.0
-4.59,1625449482.0,64.0
0.16,1625449482.0,64.0
4.69,1625449482.0,64.0
8.84,1625449482.0,64.0
12.4,1625449482.0,64.0
15.2,1625449482.0,64.0
17.22,1625449482.0,64.0
18.62,1625449482.0,64.0
19.64,1625449482.0,64.0
20.53,1625449482.0,64.0
21.4,1625449482.0,64.0
22.2,1625449482.0,64.0
22.8,1625449482.0,64.0
23.08,1625449482.0,64.0
23.03,1625449482.0,64.0
22.76,1625449482.0,64.0
22.4,1625449482.0,64.0
22.02,1625449482.0,64.0
21.57,1625449482.0,64.0
20.88,1625449482.0,64.0
19.78,1625449482.0,64.0
18.17,1625449482.0,64.0
16.07,1625449482.0,64.0
13.61,1625449482.0,64.0
11.0,1625449482.0,64.0
8.43,1625449482.0,64.0
6.02,1625449482.0,64.0
3.83,1625449482.0,64.0
1.86,1625449482.0,64.0
0.01,1625449482.0,64.0
-1.79,1625449482.0,64.0
-3.68,1625449482.0,64.0
-5.75,1625449482.0,64.0
-8.07,1625449482.0,64.0
-10.67,1625449482.0,64.0
-13.5,1625449482.0,64.0
-16.53,1625449482.0,64.0
-19.68,1625449482.0,64.0
-22.87,1625449482.0,64.0
-25.91,1625449482.0,64.0
-28.54,1625449482.0,64.0
-30.41,1625449482.0,64.0
-31.17,1625449482.0,64.0
-30.66,1625449482.0,64.0
-28.88,1625449482.0,64.0
-26.04,1625449482.0,64.0
-22.43,1625449482.0,64.0
-18.34,1625449482.0,64.0
-13.98,1625449482.0,64.0
-9.52,1625449482.0,64.0
-5.13,1625449482.0,64.0
-0.99,1625449482.0,64.0
2.69,1625449482.0,64.0
5.77,1625449482.0,64.0
8.2,1625449482.0,64.0
10.1,1625449482.0,64.0
11.65,1625449482.0,64.0
13.02,1625449482.0,64.0
14.33,1625449482.0,64.0
15.59,1625449482.0,64.0
16.75,1625449482.0,64.0
17.71,1625449482.0,64.0
18.37,1625449482.0,64.0
18.68,1625449482.0,64.0
18.63,1625449482.0,64.0
18.27,1625449482.0,64.0
17.69,1625449482.0,64.0
16.99,1625449482.0,64.0
16.21,1625449482.0,64.0
15.33,1625449482.0,64.0
14.27,1625449482.0,64.0
12.98,1625449482.0,64.0
11.42,1625449482.0,64.0
9.61,1625449482.0,64.0
7.65,1625449482.0,64.0
5.64,1625449482.0,64.0
3.66,1625449482.0,64.0
1.74,1625449482.0,64.0
-0.11,1625449482.0,64.0
-1.96,1625449482.0,64.0
-3.9,1625449482.0,64.0
-6.03,1625449482.0,64.0
-8.45,1625449482.0,64.0
-11.2,1625449482.0,64.0
-14.28,1625449482.0,64.0
-17.58,1625449482.0,64.0
-20.86,1625449482.0,64.0
-23.75,1625449482.0,64.0
-25.84,1625449482.0,64.0
-26.73,1625449482.0,64.0
-26.2,1625449482.0,64.0
-24.26,1625449482.0,64.0
-21.2,1625449482.0,64.0
-17.43,1625449482.0,64.0
-13.42,1625449482.0,64.0
-9.49,1625449482.0,64.0
-5.81,1625449482.0,64.0
-2.41,1625449482.0,64.0
0.72,1625449482.0,64.0
3.5,1625449482.0,64.0
5.79,1625449482.0,64.0
7.46,1625449482.0,64.0
8.47,1625449482.0,64.0
8.95,1625449482.0,64.0
9.17,1625449482.0,64.0
9.47,1625449482.0,64.0
10.08,1625449482.0,64.0
11.06,1625449482.0,64.0
12.24,1625449482.0,64.0
13.3,1625449482.0,64.0
13.93,1625449482.0,64.0
13.93,1625449482.0,64.0
13.35,1625449482.0,64.0
12.39,1625449482.0,64.0
11.29,1625449482.0,64.0
10.21,1625449482.0,64.0
9.13,1625449482.0,64.0
7.88,1625449482.0,64.0
6.33,1625449482.0,64.0
4.43,1625449482.0,64.0
2.29,1625449482.0,64.0
0.12,1625449482.0,64.0
-1.9,1625449482.0,64.0
-3.69,1625449482.0,64.0
-5.3,1625449482.0,64.0
-6.87,1625449482.0,64.0
-8.62,1625449482.0,64.0
-10.75,1625449482.0,64.0
-13.41,1625449482.0,64.0
-16.7,1625449482.0,64.0
-20.52,1625449482.0,64.0
-24.61,1625449482.0,64.0
-28.48,1625449482.0,64.0
-31.55,1625449482.0,64.0
-33.33,1625449482.0,64.0
-33.59,1625449482.0,64.0
-32.49,1625449482.0,64.0
-30.49,1625449482.0,64.0
-28.14,1625449482.0,64.0
-25.82,1625449482.0,64.0
-23.65,1625449482.0,64.0
-21.46,1625449482.0,64.0
-19.03,1625449482.0,64.0
-16.28,1625449482.0,64.0
-13.39,1625449482.0,64.0
-10.74,1625449482.0,64.0
-8.72,1625449482.0,64.0
-7.6,1625449482.0,64.0
-7.5,1625449482.0,64.0
-8.5,1625449482.0,64.0
-10.57,1625449482.0,64.0
-13.29,1625449482.0,64.0
-15.57,1625449482.0,64.0
-15.55,1625449482.0,64.0
-11.15,1625449482.0,64.0
-0.88,1625449482.0,64.0
15.13,1625449482.0,64.0
34.89,1625449482.0,64.0
55.08,1625449482.0,64.0
72.27,1625449482.0,64.0
84.17,1625449482.0,64.0
90.26,1625449482.0,64.0
91.48,1625449482.0,64.0
89.39,1625449482.0,64.0
85.2,1625449482.0,64.0
79.41,1625449482.0,64.0
72.06,1625449482.0,64.0
63.3,1625449482.0,64.0
53.7,1625449482.0,64.0
44.22,1625449482.0,64.0
35.57,1625449482.0,64.0
27.79,1625449482.0,64.0
20.1,1625449482.0,64.0
11.42,1625449482.0,64.0
1.07,1625449482.0,64.0
-10.69,1625449482.0,64.0
-22.53,1625449482.0,64.0
-32.65,1625449482.0,64.0
-39.61,1625449482.0,64.0
-42.92,1625449482.0,64.0
-43.22,1625449482.0,64.0
-41.81,1625449482.0,64.0
-39.96,1625449482.0,64.0
-38.27,1625449482.0,64.0
-36.63,1625449482.0,64.0
-34.44,1625449482.0,64.0
-31.15,1625449482.0,64.0
-26.68,1625449482.0,64.0
-21.45,1625449482.0,64.0
-16.17,1625449482.0,64.0
-11.48,1625449482.0,64.0
-7.67,1625449482.0,64.0
-4.73,1625449482.0,64.0
-2.39,1625449482.0,64.0
-0.43,1625449482.0,64.0
1.23,1625449482.0,64.0
2.45,1625449482.0,64.0
2.99,1625449482.0,64.0
2.72,1625449482.0,64.0
1.74,1625449482.0,64.0
0.35,1625449482.0,64.0
-1.0,1625449482.0,64.0
-1.94,1625449482.0,64.0
-2.3,1625449482.0,64.0
-2.18,1625449482.0,64.0
-1.84,1625449482.0,64.0
-1.6,1625449482.0,64.0
-1.7,1625449482.0,64.0
-2.19,1625449482.0,64.0
-3.0,1625449482.0,64.0
-3.98,1625449482.0,64.0
-5.02,1625449482.0,64.0
-6.07,1625449482.0,64.0
-7.16,1625449482.0,64.0
-8.34,1625449482.0,64.0
-9.64,1625449482.0,64.0
-11.09,1625449482.0,64.0
-12.7,1625449482.0,64.0
-14.51,1625449482.0,64.0
-16.62,1625449482.0,64.0
-19.08,1625449482.0,64.0
-21.85,1625449482.0,64.0
-24.77,1625449482.0,64.0
-27.51,1625449482.0,64.0
-29.65,1625449482.0,64.0
-30.76,1625449482.0,64.0
-30.54,1625449482.0,64.0
-28.89,1625449482.0,64.0
-25.91,1625449482.0,64.0
-21.9,1625449482.0,64.0
-17.25,1625449482.0,64.0
-12.34,1625449482.0,64.0
-7.47,1625449482.0,64.0
-2.84,1625449482.0,64.0
1.42,1625449482.0,64.0
5.21,1625449482.0,64.0
8.45,1625449482.0,64.0
11.09,1625449482.0,64.0
13.17,1625449482.0,64.0
14.77,1625449482.0,64.0
16.05,1625449482.0,64.0
17.16,1625449482.0,64.0
18.16,1625449482.0,64.0
19.03,1625449482.0,64.0
19.69,1625449482.0,64.0
20.02,1625449482.0,64.0
19.99,1625449482.0,64.0
19.59,1625449482.0,64.0
18.9,1625449482.0,64.0
18.02,1625449482.0,64.0
17.02,1625449482.0,64.0
15.95,1625449482.0,64.0
14.81,1625449482.0,64.0
13.59,1625449482.0,64.0
12.24,1625449482.0,64.0
10.71,1625449482.0,64.0
8.96,1625449482.0,64.0
6.97,1625449482.0,64.0
4.79,1625449482.0,64.0
2.54,1625449482.0,64.0
0.35,1625449482.0,64.0
-1.71,1625449482.0,64.0
-3.63,1625449482.0,64.0
-5.51,1625449482.0,64.0
-7.51,1625449482.0,64.0
-9.79,1625449482.0,64.0
-12.45,1625449482.0,64.0
-15.46,1625449482.0,64.0
-18.68,1625449482.0,64.0
-21.86,1625449482.0,64.0
-24.71,1625449482.0,64.0
-26.87,1625449482.0,64.0
-28.01,1625449482.0,64.0
-27.87,1625449482.0,64.0
-26.34,1625449482.0,64.0
-23.51,1625449482.0,64.0
-19.66,1625449482.0,64.0
-15.22,1625449482.0,64.0
-10.61,1625449482.0,64.0
-6.17,1625449482.0,64.0
-2.06,1625449482.0,64.0
1.67,1625449482.0,64.0
5.03,1625449482.0,64.0
7.98,1625449482.0,64.0
10.44,1625449482.0,64.0
12.3,1625449482.0,64.0
13.56,1625449482.0,64.0
14.34,1625449482.0,64.0
14.88,1625449482.0,64.0
15.45,1625449482.0,64.0
16.23,1625449482.0,64.0
17.23,1625449482.0,64.0
18.31,1625449482.0,64.0
19.24,1625449482.0,64.0
19.8,1625449482.0,64.0
19.9,1625449482.0,64.0
19.5,1625449482.0,64.0
18.69,1625449482.0,64.0
17.55,1625449482.0,64.0
16.2,1625449482.0,64.0
14.75,1625449482.0,64.0
13.3,1625449482.0,64.0
11.93,1625449482.0,64.0
10.64,1625449482.0,64.0
9.38,1625449482.0,64.0
8.06,1625449482.0,64.0
6.56,1625449482.0,64.0
4.8,1625449482.0,64.0
2.79,1625449482.0,64.0
0.61,1625449482.0,64.0
-1.67,1625449482.0,64.0
-3.99,1625449482.0,64.0
-6.36,1625449482.0,64.0
-8.82,1625449482.0,64.0
-11.44,1625449482.0,64.0
-14.26,1625449482.0,64.0
-17.29,1625449482.0,64.0
-20.42,1625449482.0,64.0
-23.48,1625449482.0,64.0
-26.15,1625449482.0,64.0
-28.02,1625449482.0,64.0
-28.7,1625449482.0,64.0
-27.91,1625449482.0,64.0
-25.61,1625449482.0,64.0
-22.05,1625449482.0,64.0
-17.67,1625449482.0,64.0
-12.96,1625449482.0,64.0
-8.3,1625449482.0,64.0
-3.93,1625449482.0,64.0
0.07,1625449482.0,64.0
3.69,1625449482.0,64.0
6.93,1625449482.0,64.0
9.7,1625449482.0,64.0
11.92,1625449482.0,64.0
13.5,1625449482.0,64.0
14.48,1625449482.0,64.0
14.98,1625449482.0,64.0
15.26,1625449482.0,64.0
15.56,1625449482.0,64.0
16.04,1625449482.0,64.0
16.71,1625449482.0,64.0
17.43,1625449482.0,64.0
17.99,1625449482.0,64.0
18.22,1625449482.0,64.0
18.08,1625449482.0,64.0
17.64,1625449482.0,64.0
16.96,1625449482.0,64.0
16.1,1625449482.0,64.0
15.06,1625449482.0,64.0
13.84,1625449482.0,64.0
12.51,1625449482.0,64.0
11.2,1625449482.0,64.0
9.99,1625449482.0,64.0
8.91,1625449482.0,64.0
7.83,1625449482.0,64.0
6.59,1625449482.0,64.0
5.06,1625449482.0,64.0
3.25,1625449482.0,64.0
1.24,1625449482.0,64.0
-0.87,1625449482.0,64.0
-3.02,1625449482.0,64.0
-5.22,1625449482.0,64.0
-7.52,1625449482.0,64.0
-9.94,1625449482.0,64.0
-12.49,1625449482.0,64.0
-15.16,1625449482.0,64.0
-17.96,1625449482.0,64.0
-20.86,1625449482.0,64.0
-23.74,1625449482.0,64.0
-26.34,1625449482.0,64.0
-28.26,1625449482.0,64.0
-29.09,1625449482.0,64.0
-28.51,1625449482.0,64.0
-26.45,1625449482.0,64.0
-23.12,1625449482.0,64.0
-18.9,1625449482.0,64.0
-14.24,1625449482.0,64.0
-9.55,1625449482.0,64.0
-5.14,1625449482.0,64.0
-1.18,1625449482.0,64.0
2.22,1625449482.0,64.0
4.98,1625449482.0,64.0
7.09,1625449482.0,64.0
8.63,1625449482.0,64.0
9.75,1625449482.0,64.0
10.63,1625449482.0,64.0
11.5,1625449482.0,64.0
12.48,1625449482.0,64.0
13.61,1625449482.0,64.0
14.79,1625449482.0,64.0
15.89,1625449482.0,64.0
16.77,1625449482.0,64.0
17.35,1625449482.0,64.0
17.62,1625449482.0,64.0
17.61,1625449482.0,64.0
17.33,1625449482.0,64.0
16.79,1625449482.0,64.0
15.98,1625449482.0,64.0
14.93,1625449482.0,64.0
13.74,1625449482.0,64.0
12.51,1625449482.0,64.0
11.3,1625449482.0,64.0
10.11,1625449482.0,64.0
8.84,1625449482.0,64.0
7.37,1625449482.0,64.0
5.62,1625449482.0,64.0
3.6,1625449482.0,64.0
1.43,1625449482.0,64.0
-0.7,1625449482.0,64.0
-2.65,1625449482.0,64.0
-4.34,1625449482.0,64.0
-5.83,1625449482.0,64.0
-7.24,1625449482.0,64.0
-8.71,1625449482.0,64.0
-10.39,1625449482.0,64.0
-12.41,1625449482.0,64.0
-14.85,1625449482.0,64.0
-17.71,1625449482.0,64.0
-20.81,1625449482.0,64.0
-23.78,1625449482.0,64.0
-26.1,1625449482.0,64.0
-27.26,1625449482.0,64.0
-26.9,1625449482.0,64.0
-24.98,1625449482.0,64.0
-21.79,1625449482.0,64.0
-17.8,1625449482.0,64.0
-13.51,1625449482.0,64.0
-9.27,1625449482.0,64.0
-5.27,1625449482.0,64.0
-1.61,1625449482.0,64.0
1.6,1625449482.0,64.0
4.19,1625449482.0,64.0
5.99,1625449482.0,64.0
6.96,1625449482.0,64.0
7.29,1625449482.0,64.0
7.35,1625449482.0,64.0
7.57,1625449482.0,64.0
8.29,1625449482.0,64.0
9.6,1625449482.0,64.0
11.35,1625449482.0,64.0
13.23,1625449482.0,64.0
14.87,1625449482.0,64.0
16.02,1625449482.0,64.0
16.57,1625449482.0,64.0
16.59,1625449482.0,64.0
16.24,1625449482.0,64.0
15.72,1625449482.0,64.0
15.17,1625449482.0,64.0
14.63,1625449482.0,64.0
14.01,1625449482.0,64.0
13.2,1625449482.0,64.0
12.07,1625449482.0,64.0
10.61,1625449482.0,64.0
8.89,1625449482.0,64.0
7.06,1625449482.0,64.0
5.25,1625449482.0,64.0
3.5,1625449482.0,64.0
1.76,1625449482.0,64.0
-0.03,1625449482.0,64.0
-1.86,1625449482.0,64.0
-3.71,1625449482.0,64.0
-5.53,1625449482.0,64.0
-7.29,1625449482.0,64.0
-9.06,1625449482.0,64.0
-10.98,1625449482.0,64.0
-13.2,1625449482.0,64.0
-15.79,1625449482.0,64.0
-18.68,1625449482.0,64.0
-21.62,1625449482.0,64.0
-24.23,1625449482.0,64.0
-26.04,1625449482.0,64.0
-26.69,1625449482.0,64.0
-25.94,1625449482.0,64.0
-23.81,1625449482.0,64.0
-20.56,1625449482.0,64.0
-16.58,1625449482.0,64.0
-12.31,1625449482.0,64.0
-8.18,1625449482.0,64.0
-4.44,1625449482.0,64.0
-1.23,1625449482.0,64.0
1.42,1625449482.0,64.0
3.52,1625449482.0,64.0
5.12,1625449482.0,64.0
6.29,1625449482.0,64.0
7.15,1625449482.0,64.0
7.84,1625449482.0,64.0
8.5,1625449482.0,64.0
9.23,1625449482.0,64.0
10.08,1625449482.0,64.0
11.05,1625449482.0,64.0
12.07,1625449482.0,64.0
13.08,1625449482.0,64.0
13.97,1625449482.0,64.0
14.66,1625449482.0,64.0
15.02,1625449482.0,64.0
14.98,1625449482.0,64.0
14.5,1625449482.0,64.0
13.64,1625449482.0,64.0
12.52,1625449482.0,64.0
11.27,1625449482.0,64.0
10.0,1625449482.0,64.0
8.72,1625449482.0,64.0
7.42,1625449482.0,64.0
6.06,1625449482.0,64.0
4.65,1625449482.0,64.0
3.2,1625449482.0,64.0
1.7,1625449482.0,64.0
0.11,1625449482.0,64.0
-1.59,1625449482.0,64.0
-3.43,1625449482.0,64.0
-5.36,1625449482.0,64.0
-7.28,1625449482.0,64.0
-9.15,1625449482.0,64.0
-11.03,1625449482.0,64.0
-13.05,1625449482.0,64.0
-15.4,1625449482.0,64.0
-18.15,1625449482.0,64.0
-21.21,1625449482.0,64.0
-24.2,1625449482.0,64.0
-26.61,1625449482.0,64.0
-27.86,1625449482.0,64.0
-27.52,1625449482.0,64.0
-25.49,1625449482.0,64.0
-22.02,1625449482.0,64.0
-17.64,1625449482.0,64.0
-12.98,1625449482.0,64.0
-8.6,1625449482.0,64.0
-4.8,1625449482.0,64.0
-1.66,1625449482.0,64.0
0.92,1625449482.0,64.0
3.09,1625449482.0,64.0
4.92,1625449482.0,64.0
6.49,1625449482.0,64.0
7.81,1625449482.0,64.0
8.96,1625449482.0,64.0
9.99,1625449482.0,64.0
10.94,1625449482.0,64.0
11.82,1625449482.0,64.0
12.58,1625449482.0,64.0
13.21,1625449482.0,64.0
13.68,1625449482.0,64.0
14.04,1625449482.0,64.0
14.28,1625449482.0,64.0
14.41,1625449482.0,64.0
14.37,1625449482.0,64.0
14.1,1625449482.0,64.0
13.58,1625449482.0,64.0
12.78,1625449482.0,64.0
11.74,1625449482.0,64.0
10.46,1625449482.0,64.0
8.96,1625449482.0,64.0
7.28,1625449482.0,64.0
5.47,1625449482.0,64.0
3.66,1625449482.0,64.0
1.93,1625449482.0,64.0
0.36,1625449482.0,64.0
-1.05,1625449482.0,64.0
-2.34,1625449482.0,64.0
-3.64,1625449482.0,64.0
-5.04,1625449482.0,64.0
-6.61,1625449482.0,64.0
-8.39,1625449482.0,64.0
-10.42,1625449482.0,64.0
-12.77,1625449482.0,64.0
-15.46,1625449482.0,64.0
-18.44,1625449482.0,64.0
-21.54,1625449482.0,64.0
-24.39,1625449482.0,64.0
-26.5,1625449482.0,64.0
-27.41,1625449482.0,64.0
-26.85,1625449482.0,64.0
-24.84,1625449482.0,64.0
-21.71,1625449482.0,64.0
-17.89,1625449482.0,64.0
-13.84,1625449482.0,64.0
-9.83,1625449482.0,64.0
-6.0,1625449482.0,64.0
-2.42,1625449482.0,64.0
0.84,1625449482.0,64.0
3.66,1625449482.0,64.0
5.92,1625449482.0,64.0
7.54,1625449482.0,64.0
8.65,1625449482.0,64.0
9.45,1625449482.0,64.0
10.19,1625449482.0,64.0
11.06,1625449482.0,64.0
12.08,1625449482.0,64.0
13.14,1625449482.0,64.0
14.08,1625449482.0,64.0
14.77,1625449482.0,64.0
15.15,1625449482.0,64.0
15.22,1625449482.0,64.0
15.01,1625449482.0,64.0
14.54,1625449482.0,64.0
13.82,1625449482.0,64.0
12.85,1625449482.0,64.0
11.68,1625449482.0,64.0
10.41,1625449482.0,64.0
9.12,1625449482.0,64.0
7.91,1625449482.0,64.0
6.81,1625449482.0,64.0
5.8,1625449482.0,64.0
4.83,1625449482.0,64.0
3.81,1625449482.0,64.0
2.68,1625449482.0,64.0
1.35,1625449482.0,64.0
-0.18,1625449482.0,64.0
-1.91,1625449482.0,64.0
-3.79,1625449482.0,64.0
-5.76,1625449482.0,64.0
-7.78,1625449482.0,64.0
-9.87,1625449482.0,64.0
-12.09,1625449482.0,64.0
-14.49,1625449482.0,64.0
-17.11,1625449482.0,64.0
-19.87,1625449482.0,64.0
-22.57,1625449482.0,64.0
-24.86,1625449482.0,64.0
-26.37,1625449482.0,64.0
-26.71,1625449482.0,64.0
-25.64,1625449482.0,64.0
-23.11,1625449482.0,64.0
-19.35,1625449482.0,64.0
-14.79,1625449482.0,64.0
-9.96,1625449482.0,64.0
-5.35,1625449482.0,64.0
-1.29,1625449482.0,64.0
2.1,1625449482.0,64.0
4.84,1625449482.0,64.0
6.99,1625449482.0,64.0
8.62,1625449482.0,64.0
9.79,1625449482.0,64.0
10.6,1625449482.0,64.0
11.21,1625449482.0,64.0
11.8,1625449482.0,64.0
12.54,1625449482.0,64.0
13.45,1625449482.0,64.0
14.45,1625449482.0,64.0
15.36,1625449482.0,64.0
16.01,1625449482.0,64.0
16.32,1625449482.0,64.0
16.27,1625449482.0,64.0
15.9,1625449482.0,64.0
15.28,1625449482.0,64.0
14.48,1625449482.0,64.0
13.55,1625449482.0,64.0
12.53,1625449482.0,64.0
11.44,1625449482.0,64.0
10.29,1625449482.0,64.0
9.02,1625449482.0,64.0
7.61,1625449482.0,64.0
6.06,1625449482.0,64.0
4.44,1625449482.0,64.0
2.83,1625449482.0,64.0
1.27,1625449482.0,64.0
-0.26,1625449482.0,64.0
-1.85,1625449482.0,64.0
-3.6,1625449482.0,64.0
-5.57,1625449482.0,64.0
-7.76,1625449482.0,64.0
-10.12,1625449482.0,64.0
-12.62,1625449482.0,64.0
-15.25,1625449482.0,64.0
-17.97,1625449482.0,64.0
-20.68,1625449482.0,64.0
-23.13,1625449482.0,64.0
-24.95,1625449482.0,64.0
-25.73,1625449482.0,64.0
-25.15,1625449482.0,64.0
-23.18,1625449482.0,64.0
-20.05,1625449482.0,64.0
-16.25,1625449482.0,64.0
-12.29,1625449482.0,64.0
-8.54,1625449482.0,64.0
-5.13,1625449482.0,64.0
-1.97,1625449482.0,64.0
1.07,1625449482.0,64.0
4.0,1625449482.0,64.0
6.68,1625449482.0,64.0
8.86,1625449482.0,64.0
10.39,1625449482.0,64.0
11.31,1625449482.0,64.0
11.88,1625449482.0,64.0
12.45,1625449482.0,64.0
13.24,1625449482.0,64.0
14.27,1625449482.0,64.0
15.37,1625449482.0,64.0
16.3,1625449482.0,64.0
16.87,1625449482.0,64.0
17.05,1625449482.0,64.0
16.88,1625449482.0,64.0
16.45,1625449482.0,64.0
15.83,1625449482.0,64.0
15.01,1625449482.0,64.0
13.97,1625449482.0,64.0
12.67,1625449482.0,64.0
11.14,1625449482.0,64.0
9.46,1625449482.0,64.0
7.7,1625449482.0,64.0
5.99,1625449482.0,64.0
4.41,1625449482.0,64.0
2.99,1625449482.0,64.0
1.67,1625449482.0,64.0
0.37,1625449482.0,64.0
-1.06,1625449482.0,64.0
-2.71,1625449482.0,64.0
-4.6,1625449482.0,64.0
-6.69,1625449482.0,64.0
-8.89,1625449482.0,64.0
-11.18,1625449482.0,64.0
-13.6,1625449482.0,64.0
-16.21,1625449482.0,64.0
-19.04,1625449482.0,64.0
-21.91,1625449482.0,64.0
-24.48,1625449482.0,64.0
-26.25,1625449482.0,64.0
-26.77,1625449482.0,64.0
-25.81,1625449482.0,64.0
-23.45,1625449482.0,64.0
-20.03,1625449482.0,64.0
-16.01,1625449482.0,64.0
-11.81,1625449482.0,64.0
-7.7,1625449482.0,64.0
-3.8,1625449482.0,64.0
-0.18,1625449482.0,64.0
3.04,1625449482.0,64.0
5.72,1625449482.0,64.0
7.72,1625449482.0,64.0
9.06,1625449482.0,64.0
9.94,1625449482.0,64.0
10.65,1625449482.0,64.0
11.51,1625449482.0,64.0
12.67,1625449482.0,64.0
14.1,1625449482.0,64.0
15.57,1625449482.0,64.0
16.81,1625449482.0,64.0
17.62,1625449482.0,64.0
17.95,1625449482.0,64.0
17.87,1625449482.0,64.0
17.55,1625449482.0,64.0
17.08,1625449482.0,64.0
16.5,1625449482.0,64.0
15.72,1625449482.0,64.0
14.68,1625449482.0,64.0
13.39,1625449482.0,64.0
12.0,1625449482.0,64.0
10.71,1625449482.0,64.0
9.71,1625449482.0,64.0
9.08,1625449482.0,64.0
8.74,1625449482.0,64.0
8.54,1625449482.0,64.0
8.28,1625449482.0,64.0
7.84,1625449482.0,64.0
7.2,1625449482.0,64.0
6.42,1625449482.0,64.0
5.61,1625449482.0,64.0
4.82,1625449482.0,64.0
4.07,1625449482.0,64.0
3.29,1625449482.0,64.0
2.4,1625449482.0,64.0
1.31,1625449482.0,64.0
-0.03,1625449482.0,64.0
-1.59,1625449482.0,64.0
-3.3,1625449482.0,64.0
-5.1,1625449482.0,64.0
-6.95,1625449482.0,64.0
-8.85,1625449482.0,64.0
-10.84,1625449482.0,64.0
-12.97,1625449482.0,64.0
-15.31,1625449482.0,64.0
-17.93,1625449482.0,64.0
-20.78,1625449482.0,64.0
-23.7,1625449482.0,64.0
-26.34,1625449482.0,64.0
-28.27,1625449482.0,64.0
-29.02,1625449482.0,64.0
-28.34,1625449482.0,64.0
-26.28,1625449482.0,64.0
-23.13,1625449482.0,64.0
-19.37,1625449482.0,64.0
-15.38,1625449482.0,64.0
-11.42,1625449482.0,64.0
-7.58,1625449482.0,64.0
-3.88,1625449482.0,64.0
-0.38,1625449482.0,64.0
2.76,1625449482.0,64.0
5.34,1625449482.0,64.0
7.28,1625449482.0,64.0
8.66,1625449482.0,64.0
9.72,1625449482.0,64.0
10.74,1625449482.0,64.0
11.9,1625449482.0,64.0
13.21,1625449482.0,64.0
14.51,1625449482.0,64.0
15.59,1625449482.0,64.0
16.28,1625449482.0,64.0
16.55,1625449482.0,64.0
16.48,1625449482.0,64.0
16.23,1625449482.0,64.0
15.89,1625449482.0,64.0
15.46,1625449482.0,64.0
14.88,1625449482.0,64.0
14.05,1625449482.0,64.0
12.96,1625449482.0,64.0
11.59,1625449482.0,64.0
10.05,1625449482.0,64.0
8.4,1625449482.0,64.0
6.72,1625449482.0,64.0
5.01,1625449482.0,64.0
3.27,1625449482.0,64.0
1.47,1625449482.0,64.0
-0.43,1625449482.0,64.0
-2.42,1625449482.0,64.0
-4.46,1625449482.0,64.0
-6.52,1625449482.0,64.0
-8.61,1625449482.0,64.0
-10.8,1625449482.0,64.0
-13.19,1625449482.0,64.0
-15.85,1625449482.0,64.0
-18.68,1625449482.0,64.0
-21.4,1625449482.0,64.0
-23.55,1625449482.0,64.0
-24.69,1625449482.0,64.0
-24.52,1625449482.0,64.0
-22.99,1625449482.0,64.0
-20.35,1625449482.0,64.0
-16.98,1625449482.0,64.0
-13.29,1625449482.0,64.0
-9.54,1625449482.0,64.0
-5.86,1625449482.0,64.0
-2.31,1625449482.0,64.0
1.05,1625449482.0,64.0
4.05,1625449482.0,64.0
6.49,1625449482.0,64.0
8.18,1625449482.0,64.0
9.14,1625449482.0,64.0
9.56,1625449482.0,64.0
9.81,1625449482.0,64.0
10.24,1625449482.0,64.0
11.04,1625449482.0,64.0
12.12,1625449482.0,64.0
13.18,1625449482.0,64.0
13.86,1625449482.0,64.0
13.9,1625449482.0,64.0
13.32,1625449482.0,64.0
12.36,1625449482.0,64.0
11.38,1625449482.0,64.0
10.65,1625449482.0,64.0
10.23,1625449482.0,64.0
9.96,1625449482.0,64.0
9.55,1625449482.0,64.0
8.72,1625449482.0,64.0
7.33,1625449482.0,64.0
5.46,1625449482.0,64.0
3.28,1625449482.0,64.0
1.02,1625449482.0,64.0
-1.17,1625449482.0,64.0
-3.26,1625449482.0,64.0
-5.29,1625449482.0,64.0
-7.35,1625449482.0,64.0
-9.5,1625449482.0,64.0
-11.83,1625449482.0,64.0
-14.44,1625449482.0,64.0
-17.41,1625449482.0,64.0
-20.75,1625449482.0,64.0
-24.3,1625449482.0,64.0
-27.68,1625449482.0,64.0
-30.34,1625449482.0,64.0
-31.7,1625449482.0,64.0
-31.37,1625449482.0,64.0
-29.29,1625449482.0,64.0
-25.76,1625449482.0,64.0
-21.28,1625449482.0,64.0
-16.34,1625449482.0,64.0
-11.31,1625449482.0,64.0
-6.37,1625449482.0,64.0
-1.62,1625449482.0,64.0
2.81,1625449482.0,64.0
6.74,1625449482.0,64.0
9.97,1625449482.0,64.0
12.39,1625449482.0,64.0
14.06,1625449482.0,64.0
15.2,1625449482.0,64.0
16.12,1625449482.0,64.0
17.07,1625449482.0,64.0
18.2,1625449482.0,64.0
19.48,1625449482.0,64.0
20.76,1625449482.0,64.0
21.85,1625449482.0,64.0
22.55,1625449482.0,64.0
22.76,1625449482.0,64.0
22.43,1625449482.0,64.0
21.6,1625449482.0,64.0
20.35,1625449482.0,64.0
18.79,1625449482.0,64.0
17.01,1625449482.0,64.0
15.1,1625449482.0,64.0
13.08,1625449482.0,64.0
10.94,1625449482.0,64.0
8.65,1625449482.0,64.0
6.22,1625449482.0,64.0
3.72,1625449482.0,64.0
1.23,1625449482.0,64.0
-1.2,1625449482.0,64.0
-3.6,1625449482.0,64.0
-6.11,1625449482.0,64.0
-8.9,1625449482.0,64.0
-12.11,1625449482.0,64.0
-15.72,1625449482.0,64.0
-19.56,1625449482.0,64.0
-23.35,1625449482.0,64.0
-26.82,1625449482.0,64.0
-29.71,1625449482.0,64.0
-31.85,1625449482.0,64.0
-33.04,1625449482.0,64.0
-33.13,1625449482.0,64.0
-31.99,1625449482.0,64.0
-29.58,1625449482.0,64.0
-26.02,1625449482.0,64.0
-21.56,1625449482.0,64.0
-16.51,1625449482.0,64.0
-11.16,1625449482.0,64.0
-5.73,1625449482.0,64.0
-0.39,1625449482.0,64.0
4.67,1625449482.0,64.0
9.22,1625449482.0,64.0
13.0,1625449482.0,64.0
15.86,1625449482.0,64.0
17.81,1625449482.0,64.0
19.06,1625449482.0,64.0
19.96,1625449482.0,64.0
20.81,1625449482.0,64.0
21.77,1625449482.0,64.0
22.8,1625449482.0,64.0
23.73,1625449482.0,64.0
24.31,1625449482.0,64.0
24.46,1625449482.0,64.0
24.19,1625449482.0,64.0
23.65,1625449482.0,64.0
23.0,1625449482.0,64.0
22.34,1625449482.0,64.0
21.63,1625449482.0,64.0
20.75,1625449482.0,64.0
19.51,1625449482.0,64.0
17.78,1625449482.0,64.0
15.52,1625449482.0,64.0
12.84,1625449482.0,64.0
9.93,1625449482.0,64.0
7.03,1625449482.0,64.0
4.34,1625449482.0,64.0
1.92,1625449482.0,64.0
-0.31,1625449482.0,64.0
-2.59,1625449482.0,64.0
-5.17,1625449482.0,64.0
-8.21,1625449482.0,64.0
-11.74,1625449482.0,64.0
-15.63,1625449482.0,64.0
-19.66,1625449482.0,64.0
-23.59,1625449482.0,64.0
-27.18,1625449482.0,64.0
-30.18,1625449482.0,64.0
-32.27,1625449482.0,64.0
-33.11,1625449482.0,64.0
-32.41,1625449482.0,64.0
-30.05,1625449482.0,64.0
-26.19,1625449482.0,64.0
-21.24,1625449482.0,64.0
-15.74,1625449482.0,64.0
-10.17,1625449482.0,64.0
-4.82,1625449482.0,64.0
0.17,1625449482.0,64.0
4.77,1625449482.0,64.0
8.95,1625449482.0,64.0
12.59,1625449482.0,64.0
15.53,1625449482.0,64.0
17.7,1625449482.0,64.0
19.14,1625449482.0,64.0
20.06,1625449482.0,64.0
20.76,1625449482.0,64.0
21.49,1625449482.0,64.0
22.38,1625449482.0,64.0
23.4,1625449482.0,64.0
24.43,1625449482.0,64.0
25.24,1625449482.0,64.0
25.63,1625449482.0,64.0
25.47,1625449482.0,64.0
24.73,1625449482.0,64.0
23.46,1625449482.0,64.0
21.8,1625449482.0,64.0
19.97,1625449482.0,64.0
18.14,1625449482.0,64.0
16.44,1625449482.0,64.0
14.84,1625449482.0,64.0
13.24,1625449482.0,64.0
11.49,1625449482.0,64.0
9.5,1625449482.0,64.0
7.3,1625449482.0,64.0
4.99,1625449482.0,64.0
2.67,1625449482.0,64.0
0.38,1625449482.0,64.0
-1.96,1625449482.0,64.0
-4.5,1625449482.0,64.0
-7.38,1625449482.0,64.0
-10.65,1625449482.0,64.0
-14.32,1625449482.0,64.0
-18.3,1625449482.0,64.0
-22.45,1625449482.0,64.0
-26.53,1625449482.0,64.0
-30.16,1625449482.0,64.0
-32.82,1625449482.0,64.0
-33.98,1625449482.0,64.0
-33.31,1625449482.0,64.0
-30.81,1625449482.0,64.0
-26.83,1625449482.0,64.0
-21.96,1625449482.0,64.0
-16.77,1625449482.0,64.0
-11.61,1625449482.0,64.0
-6.63,1625449482.0,64.0
-1.81,1625449482.0,64.0
2.85,1625449482.0,64.0
7.18,1625449482.0,64.0
10.98,1625449482.0,64.0
14.01,1625449482.0,64.0
16.26,1625449482.0,64.0
17.88,1625449482.0,64.0
19.17,1625449482.0,64.0
20.38,1625449482.0,64.0
21.63,1625449482.0,64.0
22.86,1625449482.0,64.0
23.92,1625449482.0,64.0
24.63,1625449482.0,64.0
24.9,1625449482.0,64.0
24.72,1625449482.0,64.0
24.17,1625449482.0,64.0
23.32,1625449482.0,64.0
22.28,1625449482.0,64.0
21.09,1625449482.0,64.0
19.75,1625449482.0,64.0
18.25,1625449482.0,64.0
16.54,1625449482.0,64.0
14.64,1625449482.0,64.0
12.59,1625449482.0,64.0
10.49,1625449482.0,64.0
8.41,1625449482.0,64.0
6.4,1625449482.0,64.0
4.44,1625449482.0,64.0
2.4,1625449482.0,64.0
0.12,1625449482.0,64.0
-2.5,1625449482.0,64.0
-5.43,1625449482.0,64.0
-8.57,1625449482.0,64.0
-11.73,1625449482.0,64.0
-14.78,1625449482.0,64.0
-17.74,1625449482.0,64.0
-20.73,1625449482.0,64.0
-23.88,1625449482.0,64.0
-27.17,1625449482.0,64.0
-30.32,1625449482.0,64.0
-32.79,1625449482.0,64.0
-34.01,1625449482.0,64.0
-33.51,1625449482.0,64.0
-31.25,1625449482.0,64.0
-27.51,1625449482.0,64.0
-22.79,1625449482.0,64.0
-17.61,1625449482.0,64.0
-12.3,1625449482.0,64.0
-7.04,1625449482.0,64.0
-1.92,1625449482.0,64.0
2.89,1625449482.0,64.0
7.19,1625449482.0,64.0
10.74,1625449482.0,64.0
13.47,1625449482.0,64.0
15.49,1625449482.0,64.0
17.07,1625449482.0,64.0
18.52,1625449482.0,64.0
20.02,1625449482.0,64.0
21.59,1625449482.0,64.0
23.09,1625449482.0,64.0
24.37,1625449482.0,64.0
25.28,1625449482.0,64.0
25.77,1625449482.0,64.0
25.85,1625449482.0,64.0
25.52,1625449482.0,64.0
24.8,1625449482.0,64.0
23.76,1625449482.0,64.0
22.46,1625449482.0,64.0
20.99,1625449482.0,64.0
19.4,1625449482.0,64.0
17.69,1625449482.0,64.0
15.83,1625449482.0,64.0
13.8,1625449482.0,64.0
11.61,1625449482.0,64.0
9.4,1625449482.0,64.0
7.28,1625449482.0,64.0
5.34,1625449482.0,64.0
3.57,1625449482.0,64.0
1.8,1625449482.0,64.0
-0.17,1625449482.0,64.0
-2.52,1625449482.0,64.0
-5.32,1625449482.0,64.0
-8.54,1625449482.0,64.0
-12.04,1625449482.0,64.0
-15.72,1625449482.0,64.0
-19.51,1625449482.0,64.0
-23.35,1625449482.0,64.0
-27.1,1625449482.0,64.0
-30.52,1625449482.0,64.0
-33.26,1625449482.0,64.0
-34.88,1625449482.0,64.0
-35.09,1625449482.0,64.0
-33.73,1625449482.0,64.0
-30.89,1625449482.0,64.0
-26.86,1625449482.0,64.0
-22.01,1625449482.0,64.0
-16.72,1625449482.0,64.0
-11.32,1625449482.0,64.0
-6.05,1625449482.0,64.0
-1.13,1625449482.0,64.0
3.23,1625449482.0,64.0
6.89,1625449482.0,64.0
9.73,1625449482.0,64.0
11.78,1625449482.0,64.0
13.25,1625449482.0,64.0
14.39,1625449482.0,64.0
15.5,1625449482.0,64.0
16.74,1625449482.0,64.0
18.11,1625449482.0,64.0
19.45,1625449482.0,64.0
20.54,1625449482.0,64.0
21.17,1625449482.0,64.0
21.25,1625449482.0,64.0
20.82,1625449482.0,64.0
20.02,1625449482.0,64.0
18.95,1625449482.0,64.0
17.7,1625449482.0,64.0
16.29,1625449482.0,64.0
14.74,1625449482.0,64.0
13.06,1625449482.0,64.0
11.35,1625449482.0,64.0
9.68,1625449482.0,64.0
8.13,1625449482.0,64.0
6.74,1625449482.0,64.0
5.49,1625449482.0,64.0
4.32,1625449482.0,64.0
3.14,1625449482.0,64.0
1.85,1625449482.0,64.0
0.34,1625449482.0,64.0
-1.47,1625449482.0,64.0
-3.68,1625449482.0,64.0
-6.32,1625449482.0,64.0
-9.43,1625449482.0,64.0
-12.98,1625449482.0,64.0
-16.86,1625449482.0,64.0
-20.86,1625449482.0,64.0
-24.65,1625449482.0,64.0
-27.81,1625449482.0,64.0
-29.84,1625449482.0,64.0
-30.4,1625449482.0,64.0
-29.32,1625449482.0,64.0
-26.77,1625449482.0,64.0
-23.2,1625449482.0,64.0
-19.13,1625449482.0,64.0
-15.01,1625449482.0,64.0
-11.03,1625449482.0,64.0
-7.23,1625449482.0,64.0
-3.54,1625449482.0,64.0
0.02,1625449482.0,64.0
3.3,1625449482.0,64.0
6.06,1625449482.0,64.0
8.19,1625449482.0,64.0
9.76,1625449482.0,64.0
11.01,1625449482.0,64.0
12.18,1625449482.0,64.0
13.43,1625449482.0,64.0
14.68,1625449482.0,64.0
15.74,1625449482.0,64.0
16.43,1625449482.0,64.0
16.62,1625449482.0,64.0
16.38,1625449482.0,64.0
15.82,1625449482.0,64.0
15.07,1625449482.0,64.0
14.2,1625449482.0,64.0
13.19,1625449482.0,64.0
12.0,1625449482.0,64.0
10.6,1625449482.0,64.0
9.01,1625449482.0,64.0
7.29,1625449482.0,64.0
5.52,1625449482.0,64.0
3.76,1625449482.0,64.0
2.02,1625449482.0,64.0
0.28,1625449482.0,64.0
-1.5,1625449482.0,64.0
-3.36,1625449482.0,64.0
-5.28,1625449482.0,64.0
-7.25,1625449482.0,64.0
-9.21,1625449482.0,64.0
-11.21,1625449482.0,64.0
-13.33,1625449482.0,64.0
-15.71,1625449482.0,64.0
-18.45,1625449482.0,64.0
-21.49,1625449482.0,64.0
-24.56,1625449482.0,64.0
-27.18,1625449482.0,64.0
-28.83,1625449482.0,64.0
-29.05,1625449482.0,64.0
-27.67,1625449482.0,64.0
-24.82,1625449482.0,64.0
-20.88,1625449482.0,64.0
-16.34,1625449482.0,64.0
-11.63,1625449482.0,64.0
-7.06,1625449482.0,64.0
-2.79,1625449482.0,64.0
1.03,1625449482.0,64.0
4.28,1625449482.0,64.0
6.84,1625449482.0,64.0
8.69,1625449482.0,64.0
9.9,1625449482.0,64.0
10.69,1625449482.0,64.0
11.31,1625449482.0,64.0
11.96,1625449482.0,64.0
12.7,1625449482.0,64.0
13.48,1625449482.0,64.0
14.13,1625449482.0,64.0
14.51,1625449482.0,64.0
14.53,1625449482.0,64.0
14.16,1625449482.0,64.0
13.46,1625449482.0,64.0
12.53,1625449482.0,64.0
11.49,1625449482.0,64.0
10.39,1625449482.0,64.0
9.26,1625449482.0,64.0
8.03,1625449482.0,64.0
6.65,1625449482.0,64.0
5.08,1625449482.0,64.0
3.36,1625449482.0,64.0
1.6,1625449482.0,64.0
-0.11,1625449482.0,64.0
-1.79,1625449482.0,64.0
-3.55,1625449482.0,64.0
-5.57,1625449482.0,64.0
-8.0,1625449482.0,64.0
-10.9,1625449482.0,64.0
-14.23,1625449482.0,64.0
-17.84,1625449482.0,64.0
-21.54,1625449482.0,64.0
-25.08,1625449482.0,64.0
-28.19,1625449482.0,64.0
-30.5,1625449482.0,64.0
-31.69,1625449482.0,64.0
-31.49,1625449482.0,64.0
-29.82,1625449482.0,64.0
-26.82,1625449482.0,64.0
-22.79,1625449482.0,64.0
-18.08,1625449482.0,64.0
-13.02,1625449482.0,64.0
-7.89,1625449482.0,64.0
-2.94,1625449482.0,64.0
1.55,1625449482.0,64.0
5.33,1625449482.0,64.0
8.22,1625449482.0,64.0
10.22,1625449482.0,64.0
11.57,1625449482.0,64.0
12.6,1625449482.0,64.0
13.67,1625449482.0,64.0
14.94,1625449482.0,64.0
16.35,1625449482.0,64.0
17.62,1625449482.0,64.0
18.44,1625449482.0,64.0
18.62,1625449482.0,64.0
18.13,1625449482.0,64.0
17.18,1625449482.0,64.0
16.03,1625449482.0,64.0
14.92,1625449482.0,64.0
13.93,1625449482.0,64.0
12.99,1625449482.0,64.0
11.95,1625449482.0,64.0
10.64,1625449482.0,64.0
8.97,1625449482.0,64.0
6.98,1625449482.0,64.0
4.8,1625449482.0,64.0
2.61,1625449482.0,64.0
0.52,1625449482.0,64.0
-1.43,1625449482.0,64.0
-3.31,1625449482.0,64.0
-5.28,1625449482.0,64.0
-7.5,1625449482.0,64.0
-10.11,1625449482.0,64.0
-13.15,1625449482.0,64.0
-16.61,1625449482.0,64.0
-20.38,1625449482.0,64.0
-24.27,1625449482.0,64.0
-27.97,1625449482.0,64.0
-31.07,1625449482.0,64.0
-33.13,1625449482.0,64.0
-33.78,1625449482.0,64.0
-32.82,1625449482.0,64.0
-30.32,1625449482.0,64.0
-26.54,1625449482.0,64.0
-21.88,1625449482.0,64.0
-16.73,1625449482.0,64.0
-11.42,1625449482.0,64.0
-6.22,1625449482.0,64.0
-1.35,1625449482.0,64.0
3.01,1625449482.0,64.0
6.68,1625449482.0,64.0
9.61,1625449482.0,64.0
11.86,1625449482.0,64.0
13.63,1625449482.0,64.0
15.21,1625449482.0,64.0
16.8,1625449482.0,64.0
18.44,1625449482.0,64.0
19.99,1625449482.0,64.0
21.25,1625449482.0,64.0
22.04,1625449482.0,64.0
22.32,1625449482.0,64.0
22.19,1625449482.0,64.0
21.82,1625449482.0,64.0
21.35,1625449482.0,64.0
20.84,1625449482.0,64.0
20.23,1625449482.0,64.0
19.41,1625449482.0,64.0
18.25,1625449482.0,64.0
16.69,1625449482.0,64.0
14.72,1625449482.0,64.0
12.39,1625449482.0,64.0
9.81,1625449482.0,64.0
7.1,1625449482.0,64.0
4.37,1625449482.0,64.0
1.72,1625449482.0,64.0
-0.83,1625449482.0,64.0
-3.36,1625449482.0,64.0
-5.94,1625449482.0,64.0
-8.7,1625449482.0,64.0
-11.74,1625449482.0,64.0
-15.13,1625449482.0,64.0
-18.89,1625449482.0,64.0
-22.93,1625449482.0,64.0
-27.02,1625449482.0,64.0
-30.72,1625449482.0,64.0
-33.55,1625449482.0,64.0
-35.02,1625449482.0,64.0
-34.86,1625449482.0,64.0
-33.05,1625449482.0,64.0
-29.82,1625449482.0,64.0
-25.58,1625449482.0,64.0
-20.73,1625449482.0,64.0
-15.59,1625449482.0,64.0
-10.35,1625449482.0,64.0
-5.12,1625449482.0,64.0
-0.04,1625449482.0,64.0
4.69,1625449482.0,64.0
8.82,1625449482.0,64.0
12.12,1625449482.0,64.0
14.48,1625449482.0,64.0
15.99,1625449482.0,64.0
16.91,1625449482.0,64.0
17.62,1625449482.0,64.0
18.44,1625449482.0,64.0
19.56,1625449482.0,64.0
20.95,1625449482.0,64.0
22.37,1625449482.0,64.0
23.5,1625449482.0,64.0
24.08,1625449482.0,64.0
23.99,1625449482.0,64.0
23.28,1625449482.0,64.0
22.14,1625449482.0,64.0
20.77,1625449482.0,64.0
19.3,1625449482.0,64.0
17.75,1625449482.0,64.0
16.1,1625449482.0,64.0
14.27,1625449482.0,64.0
12.26,1625449482.0,64.0
10.09,1625449482.0,64.0
7.83,1625449482.0,64.0
5.51,1625449482.0,64.0
3.16,1625449482.0,64.0
0.77,1625449482.0,64.0
-1.68,1625449482.0,64.0
-4.18,1625449482.0,64.0
-6.73,1625449482.0,64.0
-9.36,1625449482.0,64.0
-12.16,1625449482.0,64.0
-15.25,1625449482.0,64.0
-18.73,1625449482.0,64.0
-22.63,1625449482.0,64.0
-26.78,1625449482.0,64.0
-30.79,1625449482.0,64.0
-34.11,1625449482.0,64.0
-36.17,1625449482.0,64.0
-36.54,1625449482.0,64.0
-35.1,1625449482.0,64.0
-32.01,1625449482.0,64.0
-27.67,1625449482.0,64.0
-22.59,1625449482.0,64.0
-17.14,1625449482.0,64.0
-11.58,1625449482.0,64.0
-6.03,1625449482.0,64.0
-0.56,1625449482.0,64.0
4.67,1625449482.0,64.0
9.46,1625449482.0,64.0
13.52,1625449482.0,64.0
16.67,1625449482.0,64.0
18.91,1625449482.0,64.0
20.44,1625449482.0,64.0
21.59,1625449482.0,64.0
22.68,1625449482.0,64.0
23.85,1625449482.0,64.0
25.02,1625449482.0,64.0
25.93,1625449482.0,64.0
26.37,1625449482.0,64.0
26.31,1625449482.0,64.0
25.88,1625449482.0,64.0
25.37,1625449482.0,64.0
24.93,1625449482.0,64.0
24.52,1625449482.0,64.0
23.93,1625449482.0,64.0
22.84,1625449482.0,64.0
21.1,1625449482.0,64.0
18.73,1625449482.0,64.0
15.96,1625449482.0,64.0
13.06,1625449482.0,64.0
10.22,1625449482.0,64.0
7.55,1625449482.0,64.0
5.03,1625449482.0,64.0
2.67,1625449482.0,64.0
0.48,1625449482.0,64.0
-1.54,1625449482.0,64.0
-3.46,1625449482.0,64.0
-5.42,1625449482.0,64.0
-7.6,1625449482.0,64.0
-10.15,1625449482.0,64.0
-13.16,1625449482.0,64.0
-16.6,1625449482.0,64.0
-20.37,1625449482.0,64.0
-24.25,1625449482.0,64.0
-27.93,1625449482.0,64.0
-31.0,1625449482.0,64.0
-32.98,1625449482.0,64.0
-33.47,1625449482.0,64.0
-32.27,1625449482.0,64.0
-29.51,1625449482.0,64.0
-25.57,1625449482.0,64.0
-20.94,1625449482.0,64.0
-16.07,1625449482.0,64.0
-11.21,1625449482.0,64.0
-6.44,1625449482.0,64.0
-1.77,1625449482.0,64.0
2.73,1625449482.0,64.0
6.87,1625449482.0,64.0
10.45,1625449482.0,64.0
13.29,1625449482.0,64.0
15.39,1625449482.0,64.0
16.92,1625449482.0,64.0
18.1,1625449482.0,64.0
19.15,1625449482.0,64.0
20.19,1625449482.0,64.0
21.22,1625449482.0,64.0
22.15,1625449482.0,64.0
22.91,1625449482.0,64.0
23.43,1625449482.0,64.0
23.73,1625449482.0,64.0
23.83,1625449482.0,64.0
23.75,1625449482.0,64.0
23.46,1625449482.0,64.0
22.88,1625449482.0,64.0
21.93,1625449482.0,64.0
20.56,1625449482.0,64.0
18.79,1625449482.0,64.0
16.77,1625449482.0,64.0
14.67,1625449482.0,64.0
12.64,1625449482.0,64.0
10.76,1625449482.0,64.0
8.94,1625449482.0,64.0
7.04,1625449482.0,64.0
4.9,1625449482.0,64.0
2.44,1625449482.0,64.0
-0.27,1625449482.0,64.0
-3.05,1625449482.0,64.0
-5.73,1625449482.0,64.0
-8.22,1625449482.0,64.0
-10.58,1625449482.0,64.0
-12.99,1625449482.0,64.0
-15.63,1625449482.0,64.0
-18.64,1625449482.0,64.0
-21.99,1625449482.0,64.0
-25.48,1625449482.0,64.0
-28.77,1625449482.0,64.0
-31.39,1625449482.0,64.0
-32.83,1625449482.0,64.0
-32.72,1625449482.0,64.0
-30.95,1625449482.0,64.0
-27.73,1625449482.0,64.0
-23.51,1625449482.0,64.0
-18.81,1625449482.0,64.0
-14.05,1625449482.0,64.0
-9.43,1625449482.0,64.0
-5.01,1625449482.0,64.0
-0.79,1625449482.0,64.0
3.13,1625449482.0,64.0
6.57,1625449482.0,64.0
9.34,1625449482.0,64.0
11.39,1625449482.0,64.0
12.82,1625449482.0,64.0
13.89,1625449482.0,64.0
14.86,1625449482.0,64.0
15.92,1625449482.0,64.0
17.15,1625449482.0,64.0
18.42,1625449482.0,64.0
19.56,1625449482.0,64.0
20.39,1625449482.0,64.0
20.8,1625449482.0,64.0
20.79,1625449482.0,64.0
20.44,1625449482.0,64.0
19.84,1625449482.0,64.0
19.02,1625449482.0,64.0
17.97,1625449482.0,64.0
16.61,1625449482.0,64.0
14.93,1625449482.0,64.0
13.0,1625449482.0,64.0
10.98,1625449482.0,64.0
9.06,1625449482.0,64.0
7.36,1625449482.0,64.0
5.86,1625449482.0,64.0
4.43,1625449482.0,64.0
2.91,1625449482.0,64.0
1.17,1625449482.0,64.0
-0.82,1625449482.0,64.0
-2.98,1625449482.0,64.0
-5.22,1625449482.0,64.0
-7.47,1625449482.0,64.0
-9.69,1625449482.0,64.0
-12.01,1625449482.0,64.0
-14.56,1625449482.0,64.0
-17.5,1625449482.0,64.0
-20.82,1625449482.0,64.0
-24.31,1625449482.0,64.0
-27.55,1625449482.0,64.0
-29.96,1625449482.0,64.0
-31.05,1625449482.0,64.0
-30.52,1625449482.0,64.0
-28.4,1625449482.0,64.0
-25.0,1625449482.0,64.0
-20.74,1625449482.0,64.0
-16.04,1625449482.0,64.0
-11.21,1625449482.0,64.0
-6.48,1625449482.0,64.0
-2.01,1625449482.0,64.0
1.99,1625449482.0,64.0
5.33,1625449482.0,64.0
7.88,1625449482.0,64.0
9.61,1625449482.0,64.0
10.66,1625449482.0,64.0
11.32,1625449482.0,64.0
11.89,1625449482.0,64.0
12.6,1625449482.0,64.0
13.51,1625449482.0,64.0
14.58,1625449482.0,64.0
15.62,1625449482.0,64.0
16.47,1625449482.0,64.0
17.03,1625449482.0,64.0
17.27,1625449482.0,64.0
17.25,1625449482.0,64.0
17.01,1625449482.0,64.0
16.53,1625449482.0,64.0
15.81,1625449482.0,64.0
14.82,1625449482.0,64.0
13.58,1625449482.0,64.0
12.2,1625449482.0,64.0
10.78,1625449482.0,64.0
9.4,1625449482.0,64.0
8.07,1625449482.0,64.0
6.72,1625449482.0,64.0
5.28,1625449482.0,64.0
3.67,1625449482.0,64.0
1.87,1625449482.0,64.0
-0.1,1625449482.0,64.0
-2.26,1625449482.0,64.0
-4.56,1625449482.0,64.0
-6.96,1625449482.0,64.0
-9.42,1625449482.0,64.0
-11.91,1625449482.0,64.0
-14.43,1625449482.0,64.0
-17.04,1625449482.0,64.0
-19.77,1625449482.0,64.0
-22.57,1625449482.0,64.0
-25.21,1625449482.0,64.0
-27.32,1625449482.0,64.0
-28.47,1625449482.0,64.0
-28.31,1625449482.0,64.0
-26.71,1625449482.0,64.0
-23.82,1625449482.0,64.0
-20.03,1625449482.0,64.0
-15.88,1625449482.0,64.0
-11.87,1625449482.0,64.0
-8.34,1625449482.0,64.0
-5.45,1625449482.0,64.0
-3.18,1625449482.0,64.0
-1.39,1625449482.0,64.0
0.07,1625449482.0,64.0
1.31,1625449482.0,64.0
2.4,1625449482.0,64.0
3.42,1625449482.0,64.0
4.43,1625449482.0,64.0
5.54,1625449482.0,64.0
6.82,1625449482.0,64.0
8.24,1625449482.0,64.0
9.73,1625449482.0,64.0
11.08,1625449482.0,64.0
12.1,1625449482.0,64.0
12.67,1625449482.0,64.0
12.78,1625449482.0,64.0
12.51,1625449482.0,64.0
12.02,1625449482.0,64.0
11.43,1625449482.0,64.0
10.82,1625449482.0,64.0
10.15,1625449482.0,64.0
9.34,1625449482.0,64.0
8.26,1625449482.0,64.0
6.89,1625449482.0,64.0
5.31,1625449482.0,64.0
3.68,1625449482.0,64.0
2.14,1625449482.0,64.0
0.74,1625449482.0,64.0
-0.65,1625449482.0,64.0
-2.24,1625449482.0,64.0
-4.23,1625449482.0,64.0
-6.69,1625449482.0,64.0
-9.48,1625449482.0,64.0
-12.42,1625449482.0,64.0
-15.34,1625449482.0,64.0
-18.18,1625449482.0,64.0
-20.84,1625449482.0,64.0
-23.19,1625449482.0,64.0
-24.89,1625449482.0,64.0
-25.51,1625449482.0,64.0
-24.71,1625449482.0,64.0
-22.42,1625449482.0,64.0
-18.9,1625449482.0,64.0
-14.63,1625449482.0,64.0
-10.12,1625449482.0,64.0
-5.71,1625449482.0,64.0
-1.58,1625449482.0,64.0
2.17,1625449482.0,64.0
5.35,1625449482.0,64.0
7.71,1625449482.0,64.0
9.05,1625449482.0,64.0
9.41,1625449482.0,64.0
9.13,1625449482.0,64.0
8.76,1625449482.0,64.0
8.83,1625449482.0,64.0
9.57,1625449482.0,64.0
10.89,1625449482.0,64.0
12.39,1625449482.0,64.0
13.64,1625449482.0,64.0
14.35,1625449482.0,64.0
14.45,1625449482.0,64.0
14.04,1625449482.0,64.0
13.3,1625449482.0,64.0
12.33,1625449482.0,64.0
11.17,1625449482.0,64.0
9.77,1625449482.0,64.0
8.08,1625449482.0,64.0
6.1,1625449482.0,64.0
3.89,1625449482.0,64.0
1.55,1625449482.0,64.0
-0.78,1625449482.0,64.0
-2.99,1625449482.0,64.0
-5.06,1625449482.0,64.0
-7.06,1625449482.0,64.0
-9.12,1625449482.0,64.0
-11.4,1625449482.0,64.0
-14.02,1625449482.0,64.0
-17.03,1625449482.0,64.0
-20.4,1625449482.0,64.0
-23.96,1625449482.0,64.0
-27.48,1625449482.0,64.0
-30.58,1625449482.0,64.0
-32.86,1625449482.0,64.0
-33.93,1625449482.0,64.0
-33.57,1625449482.0,64.0
-31.73,1625449482.0,64.0
-28.61,1625449482.0,64.0
-24.53,1625449482.0,64.0
-19.88,1625449482.0,64.0
-14.96,1625449482.0,64.0
-10.0,1625449482.0,64.0
-5.2,1625449482.0,64.0
-0.78,1625449482.0,64.0
3.03,1625449482.0,64.0
6.04,1625449482.0,64.0
8.17,1625449482.0,64.0
9.58,1625449482.0,64.0
10.54,1625449482.0,64.0
11.38,1625449482.0,64.0
12.35,1625449482.0,64.0
13.5,1625449482.0,64.0
14.69,1625449482.0,64.0
15.75,1625449482.0,64.0
16.5,1625449482.0,64.0
16.89,1625449482.0,64.0
17.0,1625449482.0,64.0
16.91,1625449482.0,64.0
16.66,1625449482.0,64.0
16.19,1625449482.0,64.0
15.41,1625449482.0,64.0
14.18,1625449482.0,64.0
12.43,1625449482.0,64.0
10.23,1625449482.0,64.0
7.74,1625449482.0,64.0
5.18,1625449482.0,64.0
2.74,1625449482.0,64.0
0.54,1625449482.0,64.0
-1.48,1625449482.0,64.0
-3.43,1625449482.0,64.0
-5.49,1625449482.0,64.0
-7.8,1625449482.0,64.0
-10.45,1625449482.0,64.0
-13.46,1625449482.0,64.0
-16.78,1625449482.0,64.0
-20.34,1625449482.0,64.0
-23.94,1625449482.0,64.0
-27.25,1625449482.0,64.0
-29.83,1625449482.0,64.0
-31.17,1625449482.0,64.0
-30.94,1625449482.0,64.0
-29.04,1625449482.0,64.0
-25.74,1625449482.0,64.0
-21.5,1625449482.0,64.0
-16.87,1625449482.0,64.0
-12.19,1625449482.0,64.0
-7.62,1625449482.0,64.0
-3.16,1625449482.0,64.0
1.16,1625449482.0,64.0
5.18,1625449482.0,64.0
8.62,1625449482.0,64.0
11.17,1625449482.0,64.0
12.74,1625449482.0,64.0
13.53,1625449482.0,64.0
13.96,1625449482.0,64.0
14.47,1625449482.0,64.0
15.3,1625449482.0,64.0
16.44,1625449482.0,64.0
17.63,1625449482.0,64.0
18.56,1625449482.0,64.0
19.01,1625449482.0,64.0
18.96,1625449482.0,64.0
18.51,1625449482.0,64.0
17.79,1625449482.0,64.0
16.86,1625449482.0,64.0
15.71,1625449482.0,64.0
14.26,1625449482.0,64.0
12.43,1625449482.0,64.0
10.27,1625449482.0,64.0
7.87,1625449482.0,64.0
5.46,1625449482.0,64.0
3.24,1625449482.0,64.0
1.31,1625449482.0,64.0
-0.37,1625449482.0,64.0
-1.99,1625449482.0,64.0
-3.81,1625449482.0,64.0
-6.04,1625449482.0,64.0
-8.81,1625449482.0,64.0
-12.09,1625449482.0,64.0
-15.77,1625449482.0,64.0
-19.67,1625449482.0,64.0
-23.54,1625449482.0,64.0
-27.08,1625449482.0,64.0
-29.89,1625449482.0,64.0
-31.55,1625449482.0,64.0
-31.7,1625449482.0,64.0
-30.23,1625449482.0,64.0
-27.27,1625449482.0,64.0
-23.2,1625449482.0,64.0
-18.47,1625449482.0,64.0
-13.48,1625449482.0,64.0
-8.49,1625449482.0,64.0
-3.6,1625449482.0,64.0
1.11,1625449482.0,64.0
5.51,1625449482.0,64.0
9.37,1625449482.0,64.0
12.49,1625449482.0,64.0
14.74,1625449482.0,64.0
16.2,1625449482.0,64.0
17.12,1625449482.0,64.0
17.88,1625449482.0,64.0
18.77,1625449482.0,64.0
19.91,1625449482.0,64.0
21.17,1625449482.0,64.0
22.3,1625449482.0,64.0
23.0,1625449482.0,64.0
23.12,1625449482.0,64.0
22.66,1625449482.0,64.0
21.73,1625449482.0,64.0
20.49,1625449482.0,64.0
19.03,1625449482.0,64.0
17.41,1625449482.0,64.0
15.63,1625449482.0,64.0
13.7,1625449482.0,64.0
11.67,1625449482.0,64.0
9.6,1625449482.0,64.0
7.52,1625449482.0,64.0
5.45,1625449482.0,64.0
3.4,1625449482.0,64.0
1.34,1625449482.0,64.0
-0.73,1625449482.0,64.0
-2.83,1625449482.0,64.0
-4.99,1625449482.0,64.0
-7.3,1625449482.0,64.0
-9.89,1625449482.0,64.0
-12.86,1625449482.0,64.0
-16.2,1625449482.0,64.0
-19.84,1625449482.0,64.0
-23.52,1625449482.0,64.0
-26.88,1625449482.0,64.0
-29.47,1625449482.0,64.0
-30.86,1625449482.0,64.0
-30.74,1625449482.0,64.0
-28.95,1625449482.0,64.0
-25.62,1625449482.0,64.0
-21.12,1625449482.0,64.0
-15.93,1625449482.0,64.0
-10.53,1625449482.0,64.0
-5.25,1625449482.0,64.0
-0.26,1625449482.0,64.0
4.33,1625449482.0,64.0
8.43,1625449482.0,64.0
11.86,1625449482.0,64.0
14.44,1625449482.0,64.0
16.14,1625449482.0,64.0
17.1,1625449482.0,64.0
17.71,1625449482.0,64.0
18.38,1625449482.0,64.0
19.42,1625449482.0,64.0
20.83,1625449482.0,64.0
22.33,1625449482.0,64.0
23.51,1625449482.0,64.0
24.01,1625449482.0,64.0
23.74,1625449482.0,64.0
22.82,1625449482.0,64.0
21.55,1625449482.0,64.0
20.19,1625449482.0,64.0
18.95,1625449482.0,64.0
17.82,1625449482.0,64.0
16.7,1625449482.0,64.0
15.45,1625449482.0,64.0
13.94,1625449482.0,64.0
12.13,1625449482.0,64.0
10.1,1625449482.0,64.0
7.97,1625449482.0,64.0
5.85,1625449482.0,64.0
3.83,1625449482.0,64.0
1.85,1625449482.0,64.0
-0.19,1625449482.0,64.0
-2.46,1625449482.0,64.0
-5.03,1625449482.0,64.0
-7.87,1625449482.0,64.0
-10.86,1625449482.0,64.0
-13.92,1625449482.0,64.0
-17.07,1625449482.0,64.0
-20.35,1625449482.0,64.0
-23.74,1625449482.0,64.0
-27.0,1625449482.0,64.0
-29.65,1625449482.0,64.0
-31.08,1625449482.0,64.0
-30.8,1625449482.0,64.0
-28.68,1625449482.0,64.0
-25.02,1625449482.0,64.0
-20.42,1625449482.0,64.0
-15.47,1625449482.0,64.0
-10.59,1625449482.0,64.0
-5.91,1625449482.0,64.0
-1.37,1625449482.0,64.0
3.04,1625449482.0,64.0
7.19,1625449482.0,64.0
10.83,1625449482.0,64.0
13.67,1625449482.0,64.0
15.63,1625449482.0,64.0
16.84,1625449482.0,64.0
17.65,1625449482.0,64.0
18.4,1625449482.0,64.0
19.36,1625449482.0,64.0
20.55,1625449482.0,64.0
21.79,1625449482.0,64.0
22.88,1625449482.0,64.0
23.61,1625449482.0,64.0
23.91,1625449482.0,64.0
23.78,1625449482.0,64.0
23.24,1625449482.0,64.0
22.31,1625449482.0,64.0
20.97,1625449482.0,64.0
19.24,1625449482.0,64.0
17.2,1625449482.0,64.0
15.01,1625449482.0,64.0
12.86,1625449482.0,64.0
10.89,1625449482.0,64.0
9.17,1625449482.0,64.0
7.63,1625449482.0,64.0
6.09,1625449482.0,64.0
4.44,1625449482.0,64.0
2.57,1625449482.0,64.0
0.48,1625449482.0,64.0
-1.76,1625449482.0,64.0
-4.12,1625449482.0,64.0
-6.63,1625449482.0,64.0
-9.4,1625449482.0,64.0
-12.53,1625449482.0,64.0
-16.08,1625449482.0,64.0
-19.95,1625449482.0,64.0
-23.87,1625449482.0,64.0
-27.4,1625449482.0,64.0
-30.04,1625449482.0,64.0
-31.33,1625449482.0,64.0
-31.01,1625449482.0,64.0
-29.07,1625449482.0,64.0
-25.77,1625449482.0,64.0
-21.52,1625449482.0,64.0
-16.79,1625449482.0,64.0
-11.97,1625449482.0,64.0
-7.27,1625449482.0,64.0
-2.83,1625449482.0,64.0
1.25,1625449482.0,64.0
4.86,1625449482.0,64.0
7.85,1625449482.0,64.0
10.17,1625449482.0,64.0
11.9,1625449482.0,64.0
13.28,1625449482.0,64.0
14.56,1625449482.0,64.0
15.9,1625449482.0,64.0
17.29,1625449482.0,64.0
18.55,1625449482.0,64.0
19.46,1625449482.0,64.0
19.87,1625449482.0,64.0
19.83,1625449482.0,64.0
19.53,1625449482.0,64.0
19.15,1625449482.0,64.0
18.79,1625449482.0,64.0
18.39,1625449482.0,64.0
17.8,1625449482.0,64.0
16.85,1625449482.0,64.0
15.49,1625449482.0,64.0
13.8,1625449482.0,64.0
11.95,1625449482.0,64.0
10.13,1625449482.0,64.0
8.48,1625449482.0,64.0
7.0,1625449482.0,64.0
5.61,1625449482.0,64.0
4.19,1625449482.0,64.0
2.58,1625449482.0,64.0
0.7,1625449482.0,64.0
-1.48,1625449482.0,64.0
-3.94,1625449482.0,64.0
-6.59,1625449482.0,64.0
-9.39,1625449482.0,64.0
-12.27,1625449482.0,64.0
-15.23,1625449482.0,64.0
-18.28,1625449482.0,64.0
-21.36,1625449482.0,64.0
-24.36,1625449482.0,64.0
-27.04,1625449482.0,64.0
-29.09,1625449482.0,64.0
-30.19,1625449482.0,64.0
-30.1,1625449482.0,64.0
-28.72,1625449482.0,64.0
-26.16,1625449482.0,64.0
-22.63,1625449482.0,64.0
-18.41,1625449482.0,64.0
-13.8,1625449482.0,64.0
-9.03,1625449482.0,64.0
-4.34,1625449482.0,64.0
0.04,1625449482.0,64.0
3.84,1625449482.0,64.0
6.86,1625449482.0,64.0
9.0,1625449482.0,64.0
10.31,1625449482.0,64.0
11.05,1625449482.0,64.0
11.57,1625449482.0,64.0
12.2,1625449482.0,64.0
13.14,1625449482.0,64.0
14.39,1625449482.0,64.0
15.81,1625449482.0,64.0
17.18,1625449482.0,64.0
18.32,1625449482.0,64.0
19.12,1625449482.0,64.0
19.53,1625449482.0,64.0
19.49,1625449482.0,64.0
18.93,1625449482.0,64.0
17.81,1625449482.0,64.0
16.16,1625449482.0,64.0
14.11,1625449482.0,64.0
11.88,1625449482.0,64.0
9.71,1625449482.0,64.0
7.79,1625449482.0,64.0
6.16,1625449482.0,64.0
4.76,1625449482.0,64.0
3.39,1625449482.0,64.0
1.87,1625449482.0,64.0
0.04,1625449482.0,64.0
-2.14,1625449482.0,64.0
-4.64,1625449482.0,64.0
-7.34,1625449482.0,64.0
-10.13,1625449482.0,64.0
-12.94,1625449482.0,64.0
-15.8,1625449482.0,64.0
-18.77,1625449482.0,64.0
-21.82,1625449482.0,64.0
-24.77,1625449482.0,64.0
-27.21,1625449482.0,64.0
-28.65,1625449482.0,64.0
-28.68,1625449482.0,64.0
-27.16,1625449482.0,64.0
-24.28,1625449482.0,64.0
-20.46,1625449482.0,64.0
-16.16,1625449482.0,64.0
-11.75,1625449482.0,64.0
-7.45,1625449482.0,64.0
-3.36,1625449482.0,64.0
0.41,1625449482.0,64.0
3.72,1625449482.0,64.0
6.38,1625449482.0,64.0
8.28,1625449482.0,64.0
9.45,1625449482.0,64.0
10.09,1625449482.0,64.0
10.45,1625449482.0,64.0
10.85,1625449482.0,64.0
11.47,1625449482.0,64.0
12.4,1625449482.0,64.0
13.55,1625449482.0,64.0
14.69,1625449482.0,64.0
15.56,1625449482.0,64.0
15.91,1625449482.0,64.0
15.63,1625449482.0,64.0
14.75,1625449482.0,64.0
13.5,1625449482.0,64.0
12.09,1625449482.0,64.0
10.76,1625449482.0,64.0
9.57,1625449482.0,64.0
8.48,1625449482.0,64.0
7.35,1625449482.0,64.0
6.04,1625449482.0,64.0
4.44,1625449482.0,64.0
2.57,1625449482.0,64.0
0.47,1625449482.0,64.0
-1.74,1625449482.0,64.0
-3.94,1625449482.0,64.0
-6.04,1625449482.0,64.0
-7.98,1625449482.0,64.0
-9.8,1625449482.0,64.0
-11.6,1625449482.0,64.0
-13.59,1625449482.0,64.0
-15.96,1625449482.0,64.0
-18.85,1625449482.0,64.0
-22.2,1625449482.0,64.0
-25.74,1625449482.0,64.0
-28.95,1625449482.0,64.0
-31.21,1625449482.0,64.0
-32.0,1625449482.0,64.0
-31.04,1625449482.0,64.0
-28.39,1625449482.0,64.0
-24.44,1625449482.0,64.0
-19.73,1625449482.0,64.0
-14.76,1625449482.0,64.0
-9.86,1625449482.0,64.0
-5.17,1625449482.0,64.0
-0.78,1625449482.0,64.0
3.24,1625449482.0,64.0
6.71,1625449482.0,64.0
9.46,1625449482.0,64.0
11.38,1625449482.0,64.0
12.56,1625449482.0,64.0
13.24,1625449482.0,64.0
13.72,1625449482.0,64.0
14.32,1625449482.0,64.0
15.14,1625449482.0,64.0
16.15,1625449482.0,64.0
17.16,1625449482.0,64.0
17.94,1625449482.0,64.0
18.3,1625449482.0,64.0
18.18,1625449482.0,64.0
17.62,1625449482.0,64.0
16.76,1625449482.0,64.0
15.73,1625449482.0,64.0
14.62,1625449482.0,64.0
13.43,1625449482.0,64.0
12.09,1625449482.0,64.0
10.51,1625449482.0,64.0
8.7,1625449482.0,64.0
6.74,1625449482.0,64.0
4.78,1625449482.0,64.0
2.97,1625449482.0,64.0
1.34,1625449482.0,64.0
-0.2,1625449482.0,64.0
-1.83,1625449482.0,64.0
-3.74,1625449482.0,64.0
-6.0,1625449482.0,64.0
-8.55,1625449482.0,64.0
-11.25,1625449482.0,64.0
-13.99,1625449482.0,64.0
-16.74,1625449482.0,64.0
-19.6,1625449482.0,64.0
-22.61,1625449482.0,64.0
-25.63,1625449482.0,64.0
-28.29,1625449482.0,64.0
-30.05,1625449482.0,64.0
-30.35,1625449482.0,64.0
-28.92,1625449482.0,64.0
-25.85,1625449482.0,64.0
-21.61,1625449482.0,64.0
-16.79,1625449482.0,64.0
-11.92,1625449482.0,64.0
-7.3,1625449482.0,64.0
-3.02,1625449482.0,64.0
0.92,1625449482.0,64.0
4.47,1625449482.0,64.0
7.46,1625449482.0,64.0
9.73,1625449482.0,64.0
11.23,1625449482.0,64.0
12.14,1625449482.0,64.0
12.81,1625449482.0,64.0
13.61,1625449482.0,64.0
14.73,1625449482.0,64.0
16.15,1625449482.0,64.0
17.6,1625449482.0,64.0
18.76,1625449482.0,64.0
19.34,1625449482.0,64.0
19.3,1625449482.0,64.0
18.74,1625449482.0,64.0
17.9,1625449482.0,64.0
16.99,1625449482.0,64.0
16.09,1625449482.0,64.0
15.14,1625449482.0,64.0
13.97,1625449482.0,64.0
12.46,1625449482.0,64.0
10.57,1625449482.0,64.0
8.39,1625449482.0,64.0
6.07,1625449482.0,64.0
3.81,1625449482.0,64.0
1.74,1625449482.0,64.0
-0.11,1625449482.0,64.0
-1.77,1625449482.0,64.0
-3.38,1625449482.0,64.0
-5.09,1625449482.0,64.0
-7.03,1625449482.0,64.0
-9.28,1625449482.0,64.0
-11.84,1625449482.0,64.0
-14.69,1625449482.0,64.0
-17.75,1625449482.0,64.0
-20.92,1625449482.0,64.0
-24.0,1625449482.0,64.0
-26.69,1625449482.0,64.0
-28.57,1625449482.0,64.0
-29.21,1625449482.0,64.0
-28.34,1625449482.0,64.0
-25.91,1625449482.0,64.0
-22.16,1625449482.0,64.0
-17.57,1625449482.0,64.0
-12.62,1625449482.0,64.0
-7.72,1625449482.0,64.0
-3.1,1625449482.0,64.0
1.1,1625449482.0,64.0
4.81,1625449482.0,64.0
7.87,1625449482.0,64.0
10.19,1625449482.0,64.0
11.72,1625449482.0,64.0
12.6,1625449482.0,64.0
13.14,1625449482.0,64.0
13.66,1625449482.0,64.0
14.44,1625449482.0,64.0
15.55,1625449482.0,64.0
16.81,1625449482.0,64.0
17.93,1625449482.0,64.0
18.62,1625449482.0,64.0
18.72,1625449482.0,64.0
18.28,1625449482.0,64.0
17.49,1625449482.0,64.0
16.58,1625449482.0,64.0
15.7,1625449482.0,64.0
14.86,1625449482.0,64.0
13.98,1625449482.0,64.0
12.91,1625449482.0,64.0
11.6,1625449482.0,64.0
10.05,1625449482.0,64.0
8.32,1625449482.0,64.0
6.53,1625449482.0,64.0
4.71,1625449482.0,64.0
2.91,1625449482.0,64.0
1.08,1625449482.0,64.0
-0.82,1625449482.0,64.0
-2.84,1625449482.0,64.0
-5.02,1625449482.0,64.0
-7.4,1625449482.0,64.0
-10.06,1625449482.0,64.0
-13.05,1625449482.0,64.0
-16.42,1625449482.0,64.0
-20.08,1625449482.0,64.0
-23.81,1625449482.0,64.0
-27.14,1625449482.0,64.0
-29.54,1625449482.0,64.0
-30.52,1625449482.0,64.0
-29.81,1625449482.0,64.0
-27.49,1625449482.0,64.0
-23.93,1625449482.0,64.0
-19.66,1625449482.0,64.0
-15.13,1625449482.0,64.0
-10.64,1625449482.0,64.0
-6.28,1625449482.0,64.0
-2.08,1625449482.0,64.0
1.9,1625449482.0,64.0
5.51,1625449482.0,64.0
8.54,1625449482.0,64.0
10.86,1625449482.0,64.0
12.46,1625449482.0,64.0
13.46,1625449482.0,64.0
14.14,1625449482.0,64.0
14.78,1625449482.0,64.0
15.59,1625449482.0,64.0
16.63,1625449482.0,64.0
17.83,1625449482.0,64.0
19.01,1625449482.0,64.0
19.92,1625449482.0,64.0
20.37,1625449482.0,64.0
20.26,1625449482.0,64.0
19.61,1625449482.0,64.0
18.54,1625449482.0,64.0
17.18,1625449482.0,64.0
15.65,1625449482.0,64.0
13.99,1625449482.0,64.0
12.17,1625449482.0,64.0
10.15,1625449482.0,64.0
7.91,1625449482.0,64.0
5.51,1625449482.0,64.0
3.1,1625449482.0,64.0
0.83,1625449482.0,64.0
-1.19,1625449482.0,64.0
-3.01,1625449482.0,64.0
-4.74,1625449482.0,64.0
-6.59,1625449482.0,64.0
-8.74,1625449482.0,64.0
-11.26,1625449482.0,64.0
-14.07,1625449482.0,64.0
-17.01,1625449482.0,64.0
-19.84,1625449482.0,64.0
-22.33,1625449482.0,64.0
-24.23,1625449482.0,64.0
-25.31,1625449482.0,64.0
-25.33,1625449482.0,64.0
-24.15,1625449482.0,64.0
-21.78,1625449482.0,64.0
-18.38,1625449482.0,64.0
-14.3,1625449482.0,64.0
-9.95,1625449482.0,64.0
-5.71,1625449482.0,64.0
-1.87,1625449482.0,64.0
1.38,1625449482.0,64.0
3.96,1625449482.0,64.0
5.88,1625449482.0,64.0
7.21,1625449482.0,64.0
8.14,1625449482.0,64.0
8.88,1625449482.0,64.0
9.64,1625449482.0,64.0
10.53,1625449482.0,64.0
11.54,1625449482.0,64.0
12.55,1625449482.0,64.0
13.44,1625449482.0,64.0
14.12,1625449482.0,64.0
14.52,1625449482.0,64.0
14.66,1625449482.0,64.0
14.52,1625449482.0,64.0
14.07,1625449482.0,64.0
13.26,1625449482.0,64.0
12.08,1625449482.0,64.0
10.58,1625449482.0,64.0
8.89,1625449482.0,64.0
7.12,1625449482.0,64.0
5.32,1625449482.0,64.0
3.54,1625449482.0,64.0
1.77,1625449482.0,64.0
0.0,1625449482.0,64.0
-1.75,1625449482.0,64.0
-3.47,1625449482.0,64.0
-5.22,1625449482.0,64.0
-7.09,1625449482.0,64.0
-9.19,1625449482.0,64.0
-11.67,1625449482.0,64.0
-14.58,1625449482.0,64.0
-17.86,1625449482.0,64.0
-21.26,1625449482.0,64.0
-24.4,1625449482.0,64.0
-26.81,1625449482.0,64.0
-28.04,1625449482.0,64.0
-27.82,1625449482.0,64.0
-26.15,1625449482.0,64.0
-23.23,1625449482.0,64.0
-19.46,1625449482.0,64.0
-15.24,1625449482.0,64.0
-10.9,1625449482.0,64.0
-6.63,1625449482.0,64.0
-2.61,1625449482.0,64.0
1.04,1625449482.0,64.0
4.19,1625449482.0,64.0
6.69,1625449482.0,64.0
8.54,1625449482.0,64.0
9.83,1625449482.0,64.0
10.78,1625449482.0,64.0
11.63,1625449482.0,64.0
12.55,1625449482.0,64.0
13.52,1625449482.0,64.0
14.44,1625449482.0,64.0
15.14,1625449482.0,64.0
15.49,1625449482.0,64.0
15.5,1625449482.0,64.0
15.25,1625449482.0,64.0
14.86,1625449482.0,64.0
14.44,1625449482.0,64.0
13.97,1625449482.0,64.0
13.37,1625449482.0,64.0
12.49,1625449482.0,64.0
11.16,1625449482.0,64.0
9.31,1625449482.0,64.0
6.96,1625449482.0,64.0
4.28,1625449482.0,64.0
1.52,1625449482.0,64.0
-1.06,1625449482.0,64.0
-3.29,1625449482.0,64.0
-5.17,1625449482.0,64.0
-6.88,1625449482.0,64.0
-8.69,1625449482.0,64.0
-10.86,1625449482.0,64.0
-13.51,1625449482.0,64.0
-16.65,1625449482.0,64.0
-20.11,1625449482.0,64.0
-23.65,1625449482.0,64.0
-26.94,1625449482.0,64.0
-29.59,1625449482.0,64.0
-31.2,1625449482.0,64.0
-31.42,1625449482.0,64.0
-30.09,1625449482.0,64.0
-27.3,1625449482.0,64.0
-23.41,1625449482.0,64.0
-18.85,1625449482.0,64.0
-14.05,1625449482.0,64.0
-9.24,1625449482.0,64.0
-4.49,1625449482.0,64.0
0.17,1625449482.0,64.0
4.61,1625449482.0,64.0
8.57,1625449482.0,64.0
11.73,1625449482.0,64.0
13.87,1625449482.0,64.0
15.03,1625449482.0,64.0
15.56,1625449482.0,64.0
15.92,1625449482.0,64.0
16.5,1625449482.0,64.0
17.39,1625449482.0,64.0
18.39,1625449482.0,64.0
19.14,1625449482.0,64.0
19.37,1625449482.0,64.0
19.01,1625449482.0,64.0
18.29,1625449482.0,64.0
17.51,1625449482.0,64.0
16.91,1625449482.0,64.0
16.51,1625449482.0,64.0
16.11,1625449482.0,64.0
15.4,1625449482.0,64.0
14.16,1625449482.0,64.0
12.33,1625449482.0,64.0
10.06,1625449482.0,64.0
7.61,1625449482.0,64.0
5.18,1625449482.0,64.0
2.84,1625449482.0,64.0
0.55,1625449482.0,64.0
-1.84,1625449482.0,64.0
-4.44,1625449482.0,64.0
-7.29,1625449482.0,64.0
-10.36,1625449482.0,64.0
-13.58,1625449482.0,64.0
-16.9,1625449482.0,64.0
-20.31,1625449482.0,64.0
-23.77,1625449482.0,64.0
-27.13,1625449482.0,64.0
-30.06,1625449482.0,64.0
-32.12,1625449482.0,64.0
-32.89,1625449482.0,64.0
-32.09,1625449482.0,64.0
-29.72,1625449482.0,64.0
-26.05,1625449482.0,64.0
-21.48,1625449482.0,64.0
-16.46,1625449482.0,64.0
-11.31,1625449482.0,64.0
-6.27,1625449482.0,64.0
-1.47,1625449482.0,64.0
2.91,1625449482.0,64.0
6.71,1625449482.0,64.0
9.79,1625449482.0,64.0
12.1,1625449482.0,64.0
13.76,1625449482.0,64.0
15.0,1625449482.0,64.0
16.12,1625449482.0,64.0
17.32,1625449482.0,64.0
18.65,1625449482.0,64.0
19.94,1625449482.0,64.0
20.96,1625449482.0,64.0
21.45,1625449482.0,64.0
21.31,1625449482.0,64.0
20.6,1625449482.0,64.0
19.55,1625449482.0,64.0
18.44,1625449482.0,64.0
17.49,1625449482.0,64.0
16.73,1625449482.0,64.0
16.02,1625449482.0,64.0
15.09,1625449482.0,64.0
13.69,1625449482.0,64.0
11.66,1625449482.0,64.0
9.07,1625449482.0,64.0
6.16,1625449482.0,64.0
3.28,1625449482.0,64.0
0.69,1625449482.0,64.0
-1.48,1625449482.0,64.0
-3.36,1625449482.0,64.0
-5.22,1625449482.0,64.0
-7.33,1625449482.0,64.0
-9.89,1625449482.0,64.0
-12.93,1625449482.0,64.0
-16.39,1625449482.0,64.0
-20.08,1625449482.0,64.0
-23.81,1625449482.0,64.0
-27.26,1625449482.0,64.0
-30.08,1625449482.0,64.0
-31.88,1625449482.0,64.0
-32.31,1625449482.0,64.0
-31.22,1625449482.0,64.0
-28.67,1625449482.0,64.0
-24.93,1625449482.0,64.0
-20.4,1625449482.0,64.0
-15.45,1625449482.0,64.0
-10.33,1625449482.0,64.0
-5.2,1625449482.0,64.0
-0.2,1625449482.0,64.0
4.51,1625449482.0,64.0
8.67,1625449482.0,64.0
12.03,1625449482.0,64.0
14.41,1625449482.0,64.0
15.84,1625449482.0,64.0
16.56,1625449482.0,64.0
16.97,1625449482.0,64.0
17.46,1625449482.0,64.0
18.27,1625449482.0,64.0
19.41,1625449482.0,64.0
20.64,1625449482.0,64.0
21.6,1625449482.0,64.0
21.99,1625449482.0,64.0
21.64,1625449482.0,64.0
20.62,1625449482.0,64.0
19.16,1625449482.0,64.0
17.61,1625449482.0,64.0
16.23,1625449482.0,64.0
15.13,1625449482.0,64.0
14.21,1625449482.0,64.0
13.26,1625449482.0,64.0
12.02,1625449482.0,64.0
10.37,1625449482.0,64.0
8.37,1625449482.0,64.0
6.15,1625449482.0,64.0
3.88,1625449482.0,64.0
1.63,1625449482.0,64.0
-0.66,1625449482.0,64.0
-3.07,1625449482.0,64.0
-5.68,1625449482.0,64.0
-8.47,1625449482.0,64.0
-11.38,1625449482.0,64.0
-14.38,1625449482.0,64.0
-17.49,1625449482.0,64.0
-20.78,1625449482.0,64.0
-24.18,1625449482.0,64.0
-27.43,1625449482.0,64.0
-30.06,1625449482.0,64.0
-31.52,1625449482.0,64.0
-31.38,1625449482.0,64.0
-29.51,1625449482.0,64.0
-26.09,1625449482.0,64.0
-21.63,1625449482.0,64.0
-16.67,1625449482.0,64.0
-11.64,1625449482.0,64.0
-6.84,1625449482.0,64.0
-2.36,1625449482.0,64.0
1.7,1625449482.0,64.0
5.28,1625449482.0,64.0
8.24,1625449482.0,64.0
10.54,1625449482.0,64.0
12.23,1625449482.0,64.0
13.54,1625449482.0,64.0
14.73,1625449482.0,64.0
16.06,1625449482.0,64.0
17.64,1625449482.0,64.0
19.41,1625449482.0,64.0
21.16,1625449482.0,64.0
22.63,1625449482.0,64.0
23.6,1625449482.0,64.0
23.98,1625449482.0,64.0
23.78,1625449482.0,64.0
23.11,1625449482.0,64.0
22.08,1625449482.0,64.0
20.8,1625449482.0,64.0
19.31,1625449482.0,64.0
17.61,1625449482.0,64.0
15.7,1625449482.0,64.0
13.6,1625449482.0,64.0
11.39,1625449482.0,64.0
9.23,1625449482.0,64.0
7.25,1625449482.0,64.0
5.5,1625449482.0,64.0
3.95,1625449482.0,64.0
2.42,1625449482.0,64.0
0.73,1625449482.0,64.0
-1.23,1625449482.0,64.0
-3.48,1625449482.0,64.0
-5.95,1625449482.0,64.0
-8.61,1625449482.0,64.0
-11.43,1625449482.0,64.0
-14.47,1625449482.0,64.0
-17.74,1625449482.0,64.0
-21.14,1625449482.0,64.0
-24.36,1625449482.0,64.0
-26.97,1625449482.0,64.0
-28.48,1625449482.0,64.0
-28.55,1625449482.0,64.0
-27.1,1625449482.0,64.0
-24.33,1625449482.0,64.0
-20.6,1625449482.0,64.0
-16.33,1625449482.0,64.0
-11.84,1625449482.0,64.0
-7.3,1625449482.0,64.0
-2.77,1625449482.0,64.0
1.71,1625449482.0,64.0
6.02,1625449482.0,64.0
9.93,1625449482.0,64.0
13.17,1625449482.0,64.0
15.5,1625449482.0,64.0
16.92,1625449482.0,64.0
17.61,1625449482.0,64.0
17.91,1625449482.0,64.0
18.22,1625449482.0,64.0
18.79,1625449482.0,64.0
19.69,1625449482.0,64.0
20.77,1625449482.0,64.0
21.77,1625449482.0,64.0
22.45,1625449482.0,64.0
22.68,1625449482.0,64.0
22.51,1625449482.0,64.0
22.05,1625449482.0,64.0
21.42,1625449482.0,64.0
20.65,1625449482.0,64.0
19.63,1625449482.0,64.0
18.24,1625449482.0,64.0
16.41,1625449482.0,64.0
14.21,1625449482.0,64.0
11.83,1625449482.0,64.0
9.46,1625449482.0,64.0
7.21,1625449482.0,64.0
5.07,1625449482.0,64.0
2.92,1625449482.0,64.0
0.65,1625449482.0,64.0
-1.75,1625449482.0,64.0
-4.19,1625449482.0,64.0
-6.54,1625449482.0,64.0
-8.74,1625449482.0,64.0
-10.87,1625449482.0,64.0
-13.14,1625449482.0,64.0
-15.77,1625449482.0,64.0
-18.85,1625449482.0,64.0
-22.2,1625449482.0,64.0
-25.35,1625449482.0,64.0
-27.7,1625449482.0,64.0
-28.68,1625449482.0,64.0
-27.97,1625449482.0,64.0
-25.64,1625449482.0,64.0
-22.04,1625449482.0,64.0
-17.68,1625449482.0,64.0
-13.04,1625449482.0,64.0
-8.42,1625449482.0,64.0
-3.94,1625449482.0,64.0
0.3,1625449482.0,64.0
4.2,1625449482.0,64.0
7.62,1625449482.0,64.0
10.41,1625449482.0,64.0
12.52,1625449482.0,64.0
14.04,1625449482.0,64.0
15.14,1625449482.0,64.0
16.06,1625449482.0,64.0
16.96,1625449482.0,64.0
17.9,1625449482.0,64.0
18.87,1625449482.0,64.0
19.77,1625449482.0,64.0
20.51,1625449482.0,64.0
20.98,1625449482.0,64.0
21.11,1625449482.0,64.0
20.83,1625449482.0,64.0
20.16,1625449482.0,64.0
19.15,1625449482.0,64.0
17.87,1625449482.0,64.0
16.4,1625449482.0,64.0
14.76,1625449482.0,64.0
12.93,1625449482.0,64.0
10.93,1625449482.0,64.0
8.76,1625449482.0,64.0
6.5,1625449482.0,64.0
4.25,1625449482.0,64.0
2.11,1625449482.0,64.0
0.12,1625449482.0,64.0
-1.71,1625449482.0,64.0
-3.5,1625449482.0,64.0
-5.38,1625449482.0,64.0
-7.53,1625449482.0,64.0
-10.1,1625449482.0,64.0
-13.12,1625449482.0,64.0
-16.49,1625449482.0,64.0
-20.03,1625449482.0,64.0
-23.45,1625449482.0,64.0
-26.44,1625449482.0,64.0
-28.71,1625449482.0,64.0
-30.0,1625449482.0,64.0
-30.12,1625449482.0,64.0
-29.0,1625449482.0,64.0
-26.67,1625449482.0,64.0
-23.32,1625449482.0,64.0
-19.21,1625449482.0,64.0
-14.7,1625449482.0,64.0
-10.09,1625449482.0,64.0
-5.63,1625449482.0,64.0
-1.52,1625449482.0,64.0
2.07,1625449482.0,64.0
4.98,1625449482.0,64.0
7.13,1625449482.0,64.0
8.5,1625449482.0,64.0
9.26,1625449482.0,64.0
9.73,1625449482.0,64.0
10.26,1625449482.0,64.0
11.08,1625449482.0,64.0
12.2,1625449482.0,64.0
13.42,1625449482.0,64.0
14.46,1625449482.0,64.0
15.09,1625449482.0,64.0
15.19,1625449482.0,64.0
14.84,1625449482.0,64.0
14.19,1625449482.0,64.0
13.4,1625449482.0,64.0
12.55,1625449482.0,64.0
11.65,1625449482.0,64.0
10.62,1625449482.0,64.0
9.39,1625449482.0,64.0
7.97,1625449482.0,64.0
6.39,1625449482.0,64.0
4.78,1625449482.0,64.0
3.28,1625449482.0,64.0
1.94,1625449482.0,64.0
0.79,1625449482.0,64.0
-0.27,1625449482.0,64.0
-1.37,1625449482.0,64.0
-2.66,1625449482.0,64.0
-4.2,1625449482.0,64.0
-6.07,1625449482.0,64.0
-8.3,1625449482.0,64.0
-10.95,1625449482.0,64.0
-13.99,1625449482.0,64.0
-17.28,1625449482.0,64.0
-20.47,1625449482.0,64.0
-23.04,1625449482.0,64.0
-24.44,1625449482.0,64.0
-24.32,1625449482.0,64.0
-22.6,1625449482.0,64.0
-19.57,1625449482.0,64.0
-15.67,1625449482.0,64.0
-11.44,1625449482.0,64.0
-7.21,1625449482.0,64.0
-3.19,1625449482.0,64.0
0.55,1625449482.0,64.0
3.9,1625449482.0,64.0
6.72,1625449482.0,64.0
8.83,1625449482.0,64.0
10.14,1625449482.0,64.0
10.76,1625449482.0,64.0
10.98,1625449482.0,64.0
11.16,1625449482.0,64.0
11.57,1625449482.0,64.0
12.27,1625449482.0,64.0
13.09,1625449482.0,64.0
13.73,1625449482.0,64.0
13.94,1625449482.0,64.0
13.64,1625449482.0,64.0
12.91,1625449482.0,64.0
11.94,1625449482.0,64.0
10.87,1625449482.0,64.0
9.76,1625449482.0,64.0
8.56,1625449482.0,64.0
7.2,1625449482.0,64.0
5.63,1625449482.0,64.0
3.91,1625449482.0,64.0
2.12,1625449482.0,64.0
0.36,1625449482.0,64.0
-1.37,1625449482.0,64.0
-3.09,1625449482.0,64.0
-4.86,1625449482.0,64.0
-6.73,1625449482.0,64.0
-8.68,1625449482.0,64.0
-10.72,1625449482.0,64.0
-12.9,1625449482.0,64.0
-15.31,1625449482.0,64.0
-18.02,1625449482.0,64.0
-21.04,1625449482.0,64.0
-24.21,1625449482.0,64.0
-27.2,1625449482.0,64.0
-29.62,1625449482.0,64.0
-31.11,1625449482.0,64.0
-31.44,1625449482.0,64.0
-30.54,1625449482.0,64.0
-28.5,1625449482.0,64.0
-25.52,1625449482.0,64.0
-21.86,1625449482.0,64.0
-17.76,1625449482.0,64.0
-13.42,1625449482.0,64.0
-9.02,1625449482.0,64.0
-4.67,1625449482.0,64.0
-0.47,1625449482.0,64.0
3.44,1625449482.0,64.0
6.9,1625449482.0,64.0
9.77,1625449482.0,64.0
11.94,1625449482.0,64.0
13.47,1625449482.0,64.0
14.48,1625449482.0,64.0
15.2,1625449482.0,64.0
15.8,1625449482.0,64.0
16.39,1625449482.0,64.0
16.95,1625449482.0,64.0
17.35,1625449482.0,64.0
17.46,1625449482.0,64.0
17.17,1625449482.0,64.0
16.5,1625449482.0,64.0
15.54,1625449482.0,64.0
14.41,1625449482.0,64.0
13.28,1625449482.0,64.0
12.18,1625449482.0,64.0
11.03,1625449482.0,64.0
9.68,1625449482.0,64.0
8.02,1625449482.0,64.0
6.01,1625449482.0,64.0
3.79,1625449482.0,64.0
1.55,1625449482.0,64.0
-0.51,1625449482.0,64.0
-2.34,1625449482.0,64.0
-4.02,1625449482.0,64.0
-5.73,1625449482.0,64.0
-7.62,1625449482.0,64.0
-9.79,1625449482.0,64.0
-12.25,1625449482.0,64.0
-14.96,1625449482.0,64.0
-17.87,1625449482.0,64.0
-20.85,1625449482.0,64.0
-23.72,1625449482.0,64.0
-26.15,1625449482.0,64.0
-27.75,1625449482.0,64.0
-28.13,1625449482.0,64.0
-27.08,1625449482.0,64.0
-24.6,1625449482.0,64.0
-20.98,1625449482.0,64.0
-16.64,1625449482.0,64.0
-12.06,1625449482.0,64.0
-7.63,1625449482.0,64.0
-3.61,1625449482.0,64.0
-0.12,1625449482.0,64.0
2.83,1625449482.0,64.0
5.28,1625449482.0,64.0
7.32,1625449482.0,64.0
9.04,1625449482.0,64.0
10.54,1625449482.0,64.0
11.93,1625449482.0,64.0
13.24,1625449482.0,64.0
14.44,1625449482.0,64.0
15.43,1625449482.0,64.0
16.09,1625449482.0,64.0
16.3,1625449482.0,64.0
16.06,1625449482.0,64.0
15.53,1625449482.0,64.0
15.05,1625449482.0,64.0
15.04,1625449482.0,64.0
15.81,1625449482.0,64.0
17.48,1625449482.0,64.0
19.86,1625449482.0,64.0
22.41,1625449482.0,64.0
24.45,1625449482.0,64.0
25.39,1625449482.0,64.0
24.9,1625449482.0,64.0
23.02,1625449482.0,64.0
20.09,1625449482.0,64.0
16.55,1625449482.0,64.0
12.77,1625449482.0,64.0
8.91,1625449482.0,64.0
5.0,1625449482.0,64.0
0.93,1625449482.0,64.0
-3.33,1625449482.0,64.0
-7.72,1625449482.0,64.0
-12.13,1625449482.0,64.0
-16.42,1625449482.0,64.0
-20.56,1625449482.0,64.0
-24.56,1625449482.0,64.0
-28.45,1625449482.0,64.0
-32.09,1625449482.0,64.0
-35.18,1625449482.0,64.0
-37.21,1625449482.0,64.0
-37.67,1625449482.0,64.0
-36.24,1625449482.0,64.0
-33.0,1625449482.0,64.0
-28.42,1625449482.0,64.0
-23.21,1625449482.0,64.0
-18.08,1625449482.0,64.0
-13.41,1625449482.0,64.0
-9.22,1625449482.0,64.0
-5.26,1625449482.0,64.0
-1.3,1625449482.0,64.0
2.69,1625449482.0,64.0
6.47,1625449482.0,64.0
9.64,1625449482.0,64.0
11.9,1625449482.0,64.0
13.24,1625449482.0,64.0
13.93,1625449482.0,64.0
14.4,1625449482.0,64.0
14.97,1625449482.0,64.0
15.75,1625449482.0,64.0
16.58,1625449482.0,64.0
17.22,1625449482.0,64.0
17.46,1625449482.0,64.0
17.25,1625449482.0,64.0
16.69,1625449482.0,64.0
15.94,1625449482.0,64.0
15.11,1625449482.0,64.0
14.19,1625449482.0,64.0
13.15,1625449482.0,64.0
11.95,1625449482.0,64.0
10.62,1625449482.0,64.0
9.26,1625449482.0,64.0
7.94,1625449482.0,64.0
6.68,1625449482.0,64.0
5.39,1625449482.0,64.0
3.96,1625449482.0,64.0
2.3,1625449482.0,64.0
0.43,1625449482.0,64.0
-1.57,1625449482.0,64.0
-3.6,1625449482.0,64.0
-5.65,1625449482.0,64.0
-7.78,1625449482.0,64.0
-10.12,1625449482.0,64.0
-12.76,1625449482.0,64.0
-15.7,1625449482.0,64.0
-18.86,1625449482.0,64.0
-22.09,1625449482.0,64.0
-25.19,1625449482.0,64.0
-27.91,1625449482.0,64.0
-29.98,1625449482.0,64.0
-31.05,1625449482.0,64.0
-30.86,1625449482.0,64.0
-29.27,1625449482.0,64.0
-26.41,1625449482.0,64.0
-22.59,1625449482.0,64.0
-18.23,1625449482.0,64.0
-13.64,1625449482.0,64.0
-9.03,1625449482.0,64.0
-4.52,1625449482.0,64.0
-0.19,1625449482.0,64.0
3.8,1625449482.0,64.0
7.21,1625449482.0,64.0
9.89,1625449482.0,64.0
11.79,1625449482.0,64.0
13.09,1625449482.0,64.0
14.04,1625449482.0,64.0
14.91,1625449482.0,64.0
15.85,1625449482.0,64.0
16.83,1625449482.0,64.0
17.74,1625449482.0,64.0
18.45,1625449482.0,64.0
18.88,1625449482.0,64.0
19.01,1625449482.0,64.0
18.89,1625449482.0,64.0
18.58,1625449482.0,64.0
18.11,1625449482.0,64.0
17.5,1625449482.0,64.0
16.71,1625449482.0,64.0
15.69,1625449482.0,64.0
14.41,1625449482.0,64.0
12.88,1625449482.0,64.0
11.21,1625449482.0,64.0
9.57,1625449482.0,64.0
8.1,1625449482.0,64.0
6.84,1625449482.0,64.0
5.7,1625449482.0,64.0
4.5,1625449482.0,64.0
3.06,1625449482.0,64.0
1.3,1625449482.0,64.0
-0.77,1625449482.0,64.0
-3.09,1625449482.0,64.0
-5.63,1625449482.0,64.0
-8.43,1625449482.0,64.0
-11.55,1625449482.0,64.0
-15.02,1625449482.0,64.0
-18.71,1625449482.0,64.0
-22.33,1625449482.0,64.0
-25.48,1625449482.0,64.0
-27.73,1625449482.0,64.0
-28.77,1625449482.0,64.0
-28.43,1625449482.0,64.0
-26.75,1625449482.0,64.0
-23.94,1625449482.0,64.0
-20.34,1625449482.0,64.0
-16.27,1625449482.0,64.0
-12.01,1625449482.0,64.0
-7.71,1625449482.0,64.0
-3.4,1625449482.0,64.0
0.84,1625449482.0,64.0
4.86,1625449482.0,64.0
8.36,1625449482.0,64.0
11.03,1625449482.0,64.0
12.7,1625449482.0,64.0
13.46,1625449482.0,64.0
13.72,1625449482.0,64.0
13.98,1625449482.0,64.0
14.64,1625449482.0,64.0
15.76,1625449482.0,64.0
17.1,1625449482.0,64.0
18.22,1625449482.0,64.0
18.77,1625449482.0,64.0
18.67,1625449482.0,64.0
18.08,1625449482.0,64.0
17.28,1625449482.0,64.0
16.48,1625449482.0,64.0
15.73,1625449482.0,64.0
14.91,1625449482.0,64.0
13.89,1625449482.0,64.0
12.62,1625449482.0,64.0
11.21,1625449482.0,64.0
9.82,1625449482.0,64.0
8.58,1625449482.0,64.0
7.45,1625449482.0,64.0
6.26,1625449482.0,64.0
4.78,1625449482.0,64.0
2.87,1625449482.0,64.0
0.54,1625449482.0,64.0
-2.05,1625449482.0,64.0
-4.69,1625449482.0,64.0
-7.25,1625449482.0,64.0
-9.69,1625449482.0,64.0
-12.11,1625449482.0,64.0
-14.63,1625449482.0,64.0
-17.29,1625449482.0,64.0
-20.01,1625449482.0,64.0
-22.53,1625449482.0,64.0
-24.49,1625449482.0,64.0
-25.47,1625449482.0,64.0
-25.16,1625449482.0,64.0
-23.43,1625449482.0,64.0
-20.39,1625449482.0,64.0
-16.39,1625449482.0,64.0
-11.9,1625449482.0,64.0
-7.4,1625449482.0,64.0
-3.26,1625449482.0,64.0
0.36,1625449482.0,64.0
3.37,1625449482.0,64.0
5.79,1625449482.0,64.0
7.6,1625449482.0,64.0
8.83,1625449482.0,64.0
9.53,1625449482.0,64.0
9.88,1625449482.0,64.0
10.16,1625449482.0,64.0
10.67,1625449482.0,64.0
11.54,1625449482.0,64.0
12.74,1625449482.0,64.0
14.01,1625449482.0,64.0
15.03,1625449482.0,64.0
15.53,1625449482.0,64.0
15.43,1625449482.0,64.0
14.81,1625449482.0,64.0
13.88,1625449482.0,64.0
12.82,1625449482.0,64.0
11.7,1625449482.0,64.0
10.5,1625449482.0,64.0
9.13,1625449482.0,64.0
7.49,1625449482.0,64.0
5.64,1625449482.0,64.0
3.66,1625449482.0,64.0
1.72,1625449482.0,64.0
-0.02,1625449482.0,64.0
-1.51,1625449482.0,64.0
-2.81,1625449482.0,64.0
-4.11,1625449482.0,64.0
-5.65,1625449482.0,64.0
-7.6,1625449482.0,64.0
-10.06,1625449482.0,64.0
-12.95,1625449482.0,64.0
-16.15,1625449482.0,64.0
-19.43,1625449482.0,64.0
-22.59,1625449482.0,64.0
-25.39,1625449482.0,64.0
-27.5,1625449482.0,64.0
-28.58,1625449482.0,64.0
-28.35,1625449482.0,64.0
-26.66,1625449482.0,64.0
-23.6,1625449482.0,64.0
-19.5,1625449482.0,64.0
-14.85,1625449482.0,64.0
-10.11,1625449482.0,64.0
-5.61,1625449482.0,64.0
-1.49,1625449482.0,64.0
2.19,1625449482.0,64.0
5.39,1625449482.0,64.0
8.01,1625449482.0,64.0
9.93,1625449482.0,64.0
11.07,1625449482.0,64.0
11.54,1625449482.0,64.0
11.6,1625449482.0,64.0
11.6,1625449482.0,64.0
11.81,1625449482.0,64.0
12.34,1625449482.0,64.0
13.04,1625449482.0,64.0
13.66,1625449482.0,64.0
13.95,1625449482.0,64.0
13.84,1625449482.0,64.0
13.39,1625449482.0,64.0
12.78,1625449482.0,64.0
12.12,1625449482.0,64.0
11.43,1625449482.0,64.0
10.59,1625449482.0,64.0
9.52,1625449482.0,64.0
8.14,1625449482.0,64.0
6.52,1625449482.0,64.0
4.79,1625449482.0,64.0
3.08,1625449482.0,64.0
1.44,1625449482.0,64.0
-0.17,1625449482.0,64.0
-1.88,1625449482.0,64.0
-3.82,1625449482.0,64.0
-6.08,1625449482.0,64.0
-8.67,1625449482.0,64.0
-11.54,1625449482.0,64.0
-14.6,1625449482.0,64.0
-17.8,1625449482.0,64.0
-21.02,1625449482.0,64.0
-24.11,1625449482.0,64.0
-26.75,1625449482.0,64.0
-28.59,1625449482.0,64.0
-29.27,1625449482.0,64.0
-28.57,1625449482.0,64.0
-26.48,1625449482.0,64.0
-23.25,1625449482.0,64.0
-19.28,1625449482.0,64.0
-14.97,1625449482.0,64.0
-10.62,1625449482.0,64.0
-6.38,1625449482.0,64.0
-2.3,1625449482.0,64.0
1.55,1625449482.0,64.0
5.05,1625449482.0,64.0
7.99,1625449482.0,64.0
10.23,1625449482.0,64.0
11.72,1625449482.0,64.0
12.61,1625449482.0,64.0
13.18,1625449482.0,64.0
13.71,1625449482.0,64.0
14.4,1625449482.0,64.0
15.22,1625449482.0,64.0
16.05,1625449482.0,64.0
16.69,1625449482.0,64.0
17.0,1625449482.0,64.0
16.96,1625449482.0,64.0
16.62,1625449482.0,64.0
16.09,1625449482.0,64.0
15.4,1625449482.0,64.0
14.48,1625449482.0,64.0
13.23,1625449482.0,64.0
11.56,1625449482.0,64.0
9.44,1625449482.0,64.0
6.97,1625449482.0,64.0
4.38,1625449482.0,64.0
1.91,1625449482.0,64.0
-0.26,1625449482.0,64.0
-2.07,1625449482.0,64.0
-3.63,1625449482.0,64.0
-5.16,1625449482.0,64.0
-6.93,1625449482.0,64.0
-9.15,1625449482.0,64.0
-11.88,1625449482.0,64.0
-15.13,1625449482.0,64.0
-18.77,1625449482.0,64.0
-22.55,1625449482.0,64.0
-26.14,1625449482.0,64.0
-29.13,1625449482.0,64.0
-31.07,1625449482.0,64.0
-31.61,1625449482.0,64.0
-30.62,1625449482.0,64.0
-28.2,1625449482.0,64.0
-24.67,1625449482.0,64.0
-20.47,1625449482.0,64.0
-15.97,1625449482.0,64.0
-11.42,1625449482.0,64.0
-6.9,1625449482.0,64.0
-2.42,1625449482.0,64.0
1.94,1625449482.0,64.0
6.01,1625449482.0,64.0
9.54,1625449482.0,64.0
12.3,1625449482.0,64.0
14.2,1625449482.0,64.0
15.41,1625449482.0,64.0
16.24,1625449482.0,64.0
17.07,1625449482.0,64.0
18.12,1625449482.0,64.0
19.34,1625449482.0,64.0
20.48,1625449482.0,64.0
21.2,1625449482.0,64.0
21.31,1625449482.0,64.0
20.84,1625449482.0,64.0
20.03,1625449482.0,64.0
19.11,1625449482.0,64.0
18.23,1625449482.0,64.0
17.34,1625449482.0,64.0
16.24,1625449482.0,64.0
14.8,1625449482.0,64.0
12.98,1625449482.0,64.0
10.9,1625449482.0,64.0
8.75,1625449482.0,64.0
6.67,1625449482.0,64.0
4.68,1625449482.0,64.0
2.68,1625449482.0,64.0
0.58,1625449482.0,64.0
-1.69,1625449482.0,64.0
-4.13,1625449482.0,64.0
-6.69,1625449482.0,64.0
-9.34,1625449482.0,64.0
-12.15,1625449482.0,64.0
-15.19,1625449482.0,64.0
-18.54,1625449482.0,64.0
-22.13,1625449482.0,64.0
-25.72,1625449482.0,64.0
-28.9,1625449482.0,64.0
-31.16,1625449482.0,64.0
-32.05,1625449482.0,64.0
-31.34,1625449482.0,64.0
-29.02,1625449482.0,64.0
-25.38,1625449482.0,64.0
-20.81,1625449482.0,64.0
-15.71,1625449482.0,64.0
-10.41,1625449482.0,64.0
-5.14,1625449482.0,64.0
-0.1,1625449482.0,64.0
4.52,1625449482.0,64.0
8.48,1625449482.0,64.0
11.6,1625449482.0,64.0
13.79,1625449482.0,64.0
15.15,1625449482.0,64.0
15.91,1625449482.0,64.0
16.43,1625449482.0,64.0
17.02,1625449482.0,64.0
17.84,1625449482.0,64.0
18.86,1625449482.0,64.0
19.89,1625449482.0,64.0
20.72,1625449482.0,64.0
21.18,1625449482.0,64.0
21.27,1625449482.0,64.0
21.04,1625449482.0,64.0
20.63,1625449482.0,64.0
20.13,1625449482.0,64.0
19.52,1625449482.0,64.0
18.73,1625449482.0,64.0
17.66,1625449482.0,64.0
16.26,1625449482.0,64.0
14.57,1625449482.0,64.0
12.69,1625449482.0,64.0
10.76,1625449482.0,64.0
8.89,1625449482.0,64.0
7.11,1625449482.0,64.0
5.38,1625449482.0,64.0
3.56,1625449482.0,64.0
1.5,1625449482.0,64.0
-0.95,1625449482.0,64.0
-3.89,1625449482.0,64.0
-7.33,1625449482.0,64.0
-11.2,1625449482.0,64.0
-15.36,1625449482.0,64.0
-19.56,1625449482.0,64.0
-23.45,1625449482.0,64.0
-26.63,1625449482.0,64.0
-28.66,1625449482.0,64.0
-29.25,1625449482.0,64.0
-28.28,1625449482.0,64.0
-25.84,1625449482.0,64.0
-22.23,1625449482.0,64.0
-17.85,1625449482.0,64.0
-13.08,1625449482.0,64.0
-8.26,1625449482.0,64.0
-3.57,1625449482.0,64.0
0.83,1625449482.0,64.0
4.87,1625449482.0,64.0
8.46,1625449482.0,64.0
11.51,1625449482.0,64.0
13.94,1625449482.0,64.0
15.72,1625449482.0,64.0
16.92,1625449482.0,64.0
17.76,1625449482.0,64.0
18.5,1625449482.0,64.0
19.33,1625449482.0,64.0
20.28,1625449482.0,64.0
21.2,1625449482.0,64.0
21.82,1625449482.0,64.0
21.9,1625449482.0,64.0
21.42,1625449482.0,64.0
20.55,1625449482.0,64.0
19.54,1625449482.0,64.0
18.59,1625449482.0,64.0
17.7,1625449482.0,64.0
16.72,1625449482.0,64.0
15.46,1625449482.0,64.0
13.79,1625449482.0,64.0
11.76,1625449482.0,64.0
9.52,1625449482.0,64.0
7.22,1625449482.0,64.0
4.96,1625449482.0,64.0
2.74,1625449482.0,64.0
0.57,1625449482.0,64.0
-1.54,1625449482.0,64.0
-3.55,1625449482.0,64.0
-5.44,1625449482.0,64.0
-7.29,1625449482.0,64.0
-9.29,1625449482.0,64.0
-11.65,1625449482.0,64.0
-14.55,1625449482.0,64.0
-17.98,1625449482.0,64.0
-21.75,1625449482.0,64.0
-25.47,1625449482.0,64.0
-28.62,1625449482.0,64.0
-30.7,1625449482.0,64.0
-31.33,1625449482.0,64.0
-30.35,1625449482.0,64.0
-27.88,1625449482.0,64.0
-24.27,1625449482.0,64.0
-19.99,1625449482.0,64.0
-15.49,1625449482.0,64.0
-11.05,1625449482.0,64.0
-6.71,1625449482.0,64.0
-2.32,1625449482.0,64.0
2.34,1625449482.0,64.0
7.41,1625449482.0,64.0
12.81,1625449482.0,64.0
18.22,1625449482.0,64.0
23.13,1625449482.0,64.0
27.03,1625449482.0,64.0
29.58,1625449482.0,64.0
30.67,1625449482.0,64.0
30.5,1625449482.0,64.0
29.39,1625449482.0,64.0
27.71,1625449482.0,64.0
25.71,1625449482.0,64.0
23.55,1625449482.0,64.0
21.31,1625449482.0,64.0
19.08,1625449482.0,64.0
17.01,1625449482.0,64.0
15.25,1625449482.0,64.0
13.9,1625449482.0,64.0
12.9,1625449482.0,64.0
12.08,1625449482.0,64.0
11.15,1625449482.0,64.0
9.89,1625449482.0,64.0
8.19,1625449482.0,64.0
6.12,1625449482.0,64.0
3.91,1625449482.0,64.0
1.78,1625449482.0,64.0
-0.08,1625449482.0,64.0
-1.67,1625449482.0,64.0
-3.14,1625449482.0,64.0
-4.76,1625449482.0,64.0
-6.77,1625449482.0,64.0
-9.29,1625449482.0,64.0
-12.27,1625449482.0,64.0
-15.55,1625449482.0,64.0
-18.96,1625449482.0,64.0
-22.32,1625449482.0,64.0
-25.48,1625449482.0,64.0
-28.25,1625449482.0,64.0
-30.3,1625449482.0,64.0
-31.24,1625449482.0,64.0
-30.74,1625449482.0,64.0
-28.69,1625449482.0,64.0
-25.26,1625449482.0,64.0
-20.89,1625449482.0,64.0
-16.1,1625449482.0,64.0
-11.33,1625449482.0,64.0
-6.81,1625449482.0,64.0
-2.62,1625449482.0,64.0
1.26,1625449482.0,64.0
4.76,1625449482.0,64.0
7.77,1625449482.0,64.0
10.15,1625449482.0,64.0
11.85,1625449482.0,64.0
12.97,1625449482.0,64.0
13.74,1625449482.0,64.0
14.41,1625449482.0,64.0
15.15,1625449482.0,64.0
15.97,1625449482.0,64.0
16.74,1625449482.0,64.0
17.3,1625449482.0,64.0
17.54,1625449482.0,64.0
17.49,1625449482.0,64.0
17.24,1625449482.0,64.0
16.9,1625449482.0,64.0
16.49,1625449482.0,64.0
15.95,1625449482.0,64.0
15.16,1625449482.0,64.0
14.06,1625449482.0,64.0
12.7,1625449482.0,64.0
11.22,1625449482.0,64.0
9.75,1625449482.0,64.0
8.36,1625449482.0,64.0
6.99,1625449482.0,64.0
5.51,1625449482.0,64.0
3.76,1625449482.0,64.0
1.74,1625449482.0,64.0
-0.5,1625449482.0,64.0
-2.83,1625449482.0,64.0
-5.18,1625449482.0,64.0
-7.59,1625449482.0,64.0
-10.19,1625449482.0,64.0
-13.1,1625449482.0,64.0
-16.3,1625449482.0,64.0
-19.56,1625449482.0,64.0
-22.5,1625449482.0,64.0
-24.63,1625449482.0,64.0
-25.55,1625449482.0,64.0
-25.03,1625449482.0,64.0
-23.12,1625449482.0,64.0
-20.1,1625449482.0,64.0
-16.32,1625449482.0,64.0
-12.17,1625449482.0,64.0
-7.94,1625449482.0,64.0
-3.88,1625449482.0,64.0
-0.18,1625449482.0,64.0
2.99,1625449482.0,64.0
5.48,1625449482.0,64.0
7.24,1625449482.0,64.0
8.33,1625449482.0,64.0
8.97,1625449482.0,64.0
9.43,1625449482.0,64.0
9.96,1625449482.0,64.0
10.7,1625449482.0,64.0
11.63,1625449482.0,64.0
12.6,1625449482.0,64.0
13.43,1625449482.0,64.0
13.95,1625449482.0,64.0
14.1,1625449482.0,64.0
13.93,1625449482.0,64.0
13.55,1625449482.0,64.0
13.05,1625449482.0,64.0
12.45,1625449482.0,64.0
11.71,1625449482.0,64.0
10.75,1625449482.0,64.0
9.5,1625449482.0,64.0
7.96,1625449482.0,64.0
6.18,1625449482.0,64.0
4.26,1625449482.0,64.0
2.28,1625449482.0,64.0
0.28,1625449482.0,64.0
-1.77,1625449482.0,64.0
-3.91,1625449482.0,64.0
-6.17,1625449482.0,64.0
-8.53,1625449482.0,64.0
-10.97,1625449482.0,64.0
-13.5,1625449482.0,64.0
-16.13,1625449482.0,64.0
-18.91,1625449482.0,64.0
-21.8,1625449482.0,64.0
-24.62,1625449482.0,64.0
-27.01,1625449482.0,64.0
-28.55,1625449482.0,64.0
-28.88,1625449482.0,64.0
-27.83,1625449482.0,64.0
-25.52,1625449482.0,64.0
-22.25,1625449482.0,64.0
-18.39,1625449482.0,64.0
-14.23,1625449482.0,64.0
-9.91,1625449482.0,64.0
-5.57,1625449482.0,64.0
-1.35,1625449482.0,64.0
2.5,1625449482.0,64.0
5.68,1625449482.0,64.0
8.01,1625449482.0,64.0
9.48,1625449482.0,64.0
10.27,1625449482.0,64.0
10.72,1625449482.0,64.0
11.13,1625449482.0,64.0
11.72,1625449482.0,64.0
12.5,1625449482.0,64.0
13.36,1625449482.0,64.0
14.14,1625449482.0,64.0
14.68,1625449482.0,64.0
14.88,1625449482.0,64.0
14.72,1625449482.0,64.0
14.23,1625449482.0,64.0
13.48,1625449482.0,64.0
12.54,1625449482.0,64.0
11.44,1625449482.0,64.0
10.16,1625449482.0,64.0
8.66,1625449482.0,64.0
6.89,1625449482.0,64.0
4.87,1625449482.0,64.0
2.72,1625449482.0,64.0
0.57,1625449482.0,64.0
-1.47,1625449482.0,64.0
-3.41,1625449482.0,64.0
-5.36,1625449482.0,64.0
-7.48,1625449482.0,64.0
-9.89,1625449482.0,64.0
-12.65,1625449482.0,64.0
-15.69,1625449482.0,64.0
-18.86,1625449482.0,64.0
-21.96,1625449482.0,64.0
-24.78,1625449482.0,64.0
-27.04,1625449482.0,64.0
-28.41,1625449482.0,64.0
-28.63,1625449482.0,64.0
-27.55,1625449482.0,64.0
-25.18,1625449482.0,64.0
-21.76,1625449482.0,64.0
-17.63,1625449482.0,64.0
-13.16,1625449482.0,64.0
-8.64,1625449482.0,64.0
-4.3,1625449482.0,64.0
-0.29,1625449482.0,64.0
3.25,1625449482.0,64.0
6.23,1625449482.0,64.0
8.59,1625449482.0,64.0
10.37,1625449482.0,64.0
11.69,1625449482.0,64.0
12.74,1625449482.0,64.0
13.7,1625449482.0,64.0
14.7,1625449482.0,64.0
15.75,1625449482.0,64.0
16.79,1625449482.0,64.0
17.65,1625449482.0,64.0
18.2,1625449482.0,64.0
18.34,1625449482.0,64.0
18.07,1625449482.0,64.0
17.45,1625449482.0,64.0
16.6,1625449482.0,64.0
15.61,1625449482.0,64.0
14.47,1625449482.0,64.0
13.15,1625449482.0,64.0
11.56,1625449482.0,64.0
9.68,1625449482.0,64.0
7.53,1625449482.0,64.0
5.2,1625449482.0,64.0
2.8,1625449482.0,64.0
0.39,1625449482.0,64.0
-2.01,1625449482.0,64.0
-4.46,1625449482.0,64.0
-6.99,1625449482.0,64.0
-9.64,1625449482.0,64.0
-12.42,1625449482.0,64.0
-15.37,1625449482.0,64.0
-18.47,1625449482.0,64.0
-21.71,1625449482.0,64.0
-24.93,1625449482.0,64.0
-27.85,1625449482.0,64.0
-30.1,1625449482.0,64.0
-31.26,1625449482.0,64.0
-31.06,1625449482.0,64.0
-29.45,1625449482.0,64.0
-26.57,1625449482.0,64.0
-22.7,1625449482.0,64.0
-18.15,1625449482.0,64.0
-13.14,1625449482.0,64.0
-7.86,1625449482.0,64.0
-2.52,1625449482.0,64.0
2.6,1625449482.0,64.0
7.15,1625449482.0,64.0
10.86,1625449482.0,64.0
13.54,1625449482.0,64.0
15.27,1625449482.0,64.0
16.28,1625449482.0,64.0
16.92,1625449482.0,64.0
17.5,1625449482.0,64.0
18.19,1625449482.0,64.0
19.01,1625449482.0,64.0
19.83,1625449482.0,64.0
20.48,1625449482.0,64.0
20.82,1625449482.0,64.0
20.76,1625449482.0,64.0
20.29,1625449482.0,64.0
19.44,1625449482.0,64.0
18.28,1625449482.0,64.0
16.91,1625449482.0,64.0
15.4,1625449482.0,64.0
13.76,1625449482.0,64.0
12.0,1625449482.0,64.0
10.1,1625449482.0,64.0
8.09,1625449482.0,64.0
6.06,1625449482.0,64.0
4.13,1625449482.0,64.0
2.41,1625449482.0,64.0
0.9,1625449482.0,64.0
-0.53,1625449482.0,64.0
-2.14,1625449482.0,64.0
-4.16,1625449482.0,64.0
-6.71,1625449482.0,64.0
-9.75,1625449482.0,64.0
-13.15,1625449482.0,64.0
-16.74,1625449482.0,64.0
-20.44,1625449482.0,64.0
-24.17,1625449482.0,64.0
-27.8,1625449482.0,64.0
-31.03,1625449482.0,64.0
-33.38,1625449482.0,64.0
-34.32,1625449482.0,64.0
-33.5,1625449482.0,64.0
-30.9,1625449482.0,64.0
-26.86,1625449482.0,64.0
-21.93,1625449482.0,64.0
-16.62,1625449482.0,64.0
-11.32,1625449482.0,64.0
-6.13,1625449482.0,64.0
-1.09,1625449482.0,64.0
3.72,1625449482.0,64.0
8.09,1625449482.0,64.0
11.75,1625449482.0,64.0
14.52,1625449482.0,64.0
16.42,1625449482.0,64.0
17.72,1625449482.0,64.0
18.82,1625449482.0,64.0
20.01,1625449482.0,64.0
21.37,1625449482.0,64.0
22.76,1625449482.0,64.0
23.92,1625449482.0,64.0
24.59,1625449482.0,64.0
24.69,1625449482.0,64.0
24.25,1625449482.0,64.0
23.42,1625449482.0,64.0
22.32,1625449482.0,64.0
21.05,1625449482.0,64.0
19.63,1625449482.0,64.0
18.06,1625449482.0,64.0
16.36,1625449482.0,64.0
14.54,1625449482.0,64.0
12.65,1625449482.0,64.0
10.69,1625449482.0,64.0
8.69,1625449482.0,64.0
6.66,1625449482.0,64.0
4.58,1625449482.0,64.0
2.45,1625449482.0,64.0
0.25,1625449482.0,64.0
-2.08,1625449482.0,64.0
-4.57,1625449482.0,64.0
-7.24,1625449482.0,64.0
-10.09,1625449482.0,64.0
-13.1,1625449482.0,64.0
-16.24,1625449482.0,64.0
-19.5,1625449482.0,64.0
-22.81,1625449482.0,64.0
-25.99,1625449482.0,64.0
-28.72,1625449482.0,64.0
-30.57,1625449482.0,64.0
-31.16,1625449482.0,64.0
-30.23,1625449482.0,64.0
-27.78,1625449482.0,64.0
-24.09,1625449482.0,64.0
-19.6,1625449482.0,64.0
-14.7,1625449482.0,64.0
-9.7,1625449482.0,64.0
-4.74,1625449482.0,64.0
0.1,1625449482.0,64.0
4.71,1625449482.0,64.0
8.89,1625449482.0,64.0
12.4,1625449482.0,64.0
15.03,1625449482.0,64.0
16.81,1625449482.0,64.0
17.96,1625449482.0,64.0
18.82,1625449482.0,64.0
19.74,1625449482.0,64.0
20.86,1625449482.0,64.0
22.11,1625449482.0,64.0
23.21,1625449482.0,64.0
23.89,1625449482.0,64.0
23.98,1625449482.0,64.0
23.49,1625449482.0,64.0
22.57,1625449482.0,64.0
21.42,1625449482.0,64.0
20.19,1625449482.0,64.0
18.91,1625449482.0,64.0
17.56,1625449482.0,64.0
16.05,1625449482.0,64.0
14.37,1625449482.0,64.0
12.51,1625449482.0,64.0
10.58,1625449482.0,64.0
8.64,1625449482.0,64.0
6.76,1625449482.0,64.0
4.93,1625449482.0,64.0
3.09,1625449482.0,64.0
1.11,1625449482.0,64.0
-1.1,1625449482.0,64.0
-3.6,1625449482.0,64.0
-6.37,1625449482.0,64.0
-9.32,1625449482.0,64.0
-12.36,1625449482.0,64.0
-15.46,1625449482.0,64.0
-18.6,1625449482.0,64.0
-21.79,1625449482.0,64.0
-24.91,1625449482.0,64.0
-27.68,1625449482.0,64.0
-29.68,1625449482.0,64.0
-30.51,1625449482.0,64.0
-29.92,1625449482.0,64.0
-27.95,1625449482.0,64.0
-24.91,1625449482.0,64.0
-21.19,1625449482.0,64.0
-17.18,1625449482.0,64.0
-13.03,1625449482.0,64.0
-8.78,1625449482.0,64.0
-4.43,1625449482.0,64.0
-0.11,1625449482.0,64.0
3.92,1625449482.0,64.0
7.33,1625449482.0,64.0
9.9,1625449482.0,64.0
11.67,1625449482.0,64.0
12.87,1625449482.0,64.0
13.86,1625449482.0,64.0
14.95,1625449482.0,64.0
16.21,1625449482.0,64.0
17.55,1625449482.0,64.0
18.75,1625449482.0,64.0
19.61,1625449482.0,64.0
20.03,1625449482.0,64.0
20.01,1625449482.0,64.0
19.64,1625449482.0,64.0
19.0,1625449482.0,64.0
18.19,1625449482.0,64.0
17.24,1625449482.0,64.0
16.17,1625449482.0,64.0
14.97,1625449482.0,64.0
13.61,1625449482.0,64.0
12.04,1625449482.0,64.0
10.23,1625449482.0,64.0
8.2,1625449482.0,64.0
6.03,1625449482.0,64.0
3.86,1625449482.0,64.0
1.78,1625449482.0,64.0
-0.15,1625449482.0,64.0
-1.97,1625449482.0,64.0
-3.8,1625449482.0,64.0
-5.76,1625449482.0,64.0
-7.93,1625449482.0,64.0
-10.35,1625449482.0,64.0
-12.98,1625449482.0,64.0
-15.78,1625449482.0,64.0
-18.66,1625449482.0,64.0
-21.51,1625449482.0,64.0
-24.11,1625449482.0,64.0
-26.16,1625449482.0,64.0
-27.31,1625449482.0,64.0
-27.24,1625449482.0,64.0
-25.75,1625449482.0,64.0
-22.87,1625449482.0,64.0
-18.88,1625449482.0,64.0
-14.23,1625449482.0,64.0
-9.41,1625449482.0,64.0
-4.84,1625449482.0,64.0
-0.8,1625449482.0,64.0
2.62,1625449482.0,64.0
5.41,1625449482.0,64.0
7.61,1625449482.0,64.0
9.28,1625449482.0,64.0
10.49,1625449482.0,64.0
11.39,1625449482.0,64.0
12.12,1625449482.0,64.0
12.85,1625449482.0,64.0
13.68,1625449482.0,64.0
14.6,1625449482.0,64.0
15.47,1625449482.0,64.0
16.12,1625449482.0,64.0
16.37,1625449482.0,64.0
16.14,1625449482.0,64.0
15.46,1625449482.0,64.0
14.44,1625449482.0,64.0
13.25,1625449482.0,64.0
12.01,1625449482.0,64.0
10.77,1625449482.0,64.0
9.51,1625449482.0,64.0
8.11,1625449482.0,64.0
6.46,1625449482.0,64.0
4.51,1625449482.0,64.0
2.28,1625449482.0,64.0
-0.08,1625449482.0,64.0
-2.41,1625449482.0,64.0
-4.56,1625449482.0,64.0
-6.49,1625449482.0,64.0
-8.26,1625449482.0,64.0
-10.05,1625449482.0,64.0
-12.03,1625449482.0,64.0
-14.39,1625449482.0,64.0
-17.18,1625449482.0,64.0
-20.33,1625449482.0,64.0
-23.61,1625449482.0,64.0
-26.64,1625449482.0,64.0
-28.94,1625449482.0,64.0
-30.07,1625449482.0,64.0
-29.74,1625449482.0,64.0
-27.85,1625449482.0,64.0
-24.55,1625449482.0,64.0
-20.12,1625449482.0,64.0
-14.99,1625449482.0,64.0
-9.6,1625449482.0,64.0
-4.31,1625449482.0,64.0
0.52,1625449482.0,64.0
4.66,1625449482.0,64.0
7.91,1625449482.0,64.0
10.22,1625449482.0,64.0
11.64,1625449482.0,64.0
12.39,1625449482.0,64.0
12.76,1625449482.0,64.0
13.06,1625449482.0,64.0
13.52,1625449482.0,64.0
14.23,1625449482.0,64.0
15.16,1625449482.0,64.0
16.12,1625449482.0,64.0
16.89,1625449482.0,64.0
17.28,1625449482.0,64.0
17.22,1625449482.0,64.0
16.72,1625449482.0,64.0
15.91,1625449482.0,64.0
14.91,1625449482.0,64.0
13.81,1625449482.0,64.0
12.59,1625449482.0,64.0
11.13,1625449482.0,64.0
9.3,1625449482.0,64.0
7.03,1625449482.0,64.0
4.41,1625449482.0,64.0
1.65,1625449482.0,64.0
-1.02,1625449482.0,64.0
-3.43,1625449482.0,64.0
-5.58,1625449482.0,64.0
-7.59,1625449482.0,64.0
-9.65,1625449482.0,64.0
-11.92,1625449482.0,64.0
-14.48,1625449482.0,64.0
-17.37,1625449482.0,64.0
-20.54,1625449482.0,64.0
-23.86,1625449482.0,64.0
-27.06,1625449482.0,64.0
-29.74,1625449482.0,64.0
-31.43,1625449482.0,64.0
-31.73,1625449482.0,64.0
-30.5,1625449482.0,64.0
-27.88,1625449482.0,64.0
-24.26,1625449482.0,64.0
-20.08,1625449482.0,64.0
-15.67,1625449482.0,64.0
-11.18,1625449482.0,64.0
-6.61,1625449482.0,64.0
-1.97,1625449482.0,64.0
2.6,1625449482.0,64.0
6.84,1625449482.0,64.0
10.41,1625449482.0,64.0
13.1,1625449482.0,64.0
14.9,1625449482.0,64.0
16.02,1625449482.0,64.0
16.77,1625449482.0,64.0
17.45,1625449482.0,64.0
18.18,1625449482.0,64.0
18.97,1625449482.0,64.0
19.71,1625449482.0,64.0
20.28,1625449482.0,64.0
20.6,1625449482.0,64.0
20.65,1625449482.0,64.0
20.42,1625449482.0,64.0
19.89,1625449482.0,64.0
19.04,1625449482.0,64.0
17.86,1625449482.0,64.0
16.33,1625449482.0,64.0
14.48,1625449482.0,64.0
12.33,1625449482.0,64.0
9.94,1625449482.0,64.0
7.4,1625449482.0,64.0
4.85,1625449482.0,64.0
2.44,1625449482.0,64.0
0.26,1625449482.0,64.0
-1.73,1625449482.0,64.0
-3.73,1625449482.0,64.0
-5.94,1625449482.0,64.0
-8.52,1625449482.0,64.0
-11.49,1625449482.0,64.0
-14.75,1625449482.0,64.0
-18.19,1625449482.0,64.0
-21.71,1625449482.0,64.0
-25.24,1625449482.0,64.0
-28.58,1625449482.0,64.0
-31.42,1625449482.0,64.0
-33.24,1625449482.0,64.0
-33.6,1625449482.0,64.0
-32.24,1625449482.0,64.0
-29.27,1625449482.0,64.0
-25.13,1625449482.0,64.0
-20.35,1625449482.0,64.0
-15.39,1625449482.0,64.0
-10.48,1625449482.0,64.0
-5.66,1625449482.0,64.0
-0.93,1625449482.0,64.0
3.62,1625449482.0,64.0
7.75,1625449482.0,64.0
11.12,1625449482.0,64.0
13.5,1625449482.0,64.0
14.9,1625449482.0,64.0
15.59,1625449482.0,64.0
16.0,1625449482.0,64.0
16.56,1625449482.0,64.0
17.5,1625449482.0,64.0
18.74,1625449482.0,64.0
20.02,1625449482.0,64.0
21.0,1625449482.0,64.0
21.42,1625449482.0,64.0
21.24,1625449482.0,64.0
20.61,1625449482.0,64.0
19.74,1625449482.0,64.0
18.78,1625449482.0,64.0
17.75,1625449482.0,64.0
16.6,1625449482.0,64.0
15.21,1625449482.0,64.0
13.52,1625449482.0,64.0
11.54,1625449482.0,64.0
9.35,1625449482.0,64.0
7.06,1625449482.0,64.0
4.76,1625449482.0,64.0
2.53,1625449482.0,64.0
0.38,1625449482.0,64.0
-1.71,1625449482.0,64.0
-3.84,1625449482.0,64.0
-6.12,1625449482.0,64.0
-8.66,1625449482.0,64.0
-11.5,1625449482.0,64.0
-14.62,1625449482.0,64.0
-17.95,1625449482.0,64.0
-21.4,1625449482.0,64.0
-24.81,1625449482.0,64.0
-27.97,1625449482.0,64.0
-30.5,1625449482.0,64.0
-31.97,1625449482.0,64.0
-31.99,1625449482.0,64.0
-30.35,1625449482.0,64.0
-27.12,1625449482.0,64.0
-22.7,1625449482.0,64.0
-17.6,1625449482.0,64.0
-12.32,1625449482.0,64.0
-7.2,1625449482.0,64.0
-2.41,1625449482.0,64.0
1.96,1625449482.0,64.0
5.81,1625449482.0,64.0
8.98,1625449482.0,64.0
11.36,1625449482.0,64.0
12.91,1625449482.0,64.0
13.8,1625449482.0,64.0
14.31,1625449482.0,64.0
14.77,1625449482.0,64.0
15.42,1625449482.0,64.0
16.34,1625449482.0,64.0
17.44,1625449482.0,64.0
18.53,1625449482.0,64.0
19.38,1625449482.0,64.0
19.88,1625449482.0,64.0
19.98,1625449482.0,64.0
19.69,1625449482.0,64.0
19.06,1625449482.0,64.0
18.12,1625449482.0,64.0
16.91,1625449482.0,64.0
15.46,1625449482.0,64.0
13.84,1625449482.0,64.0
12.18,1625449482.0,64.0
10.57,1625449482.0,64.0
9.06,1625449482.0,64.0
7.59,1625449482.0,64.0
6.0,1625449482.0,64.0
4.15,1625449482.0,64.0
1.96,1625449482.0,64.0
-0.53,1625449482.0,64.0
-3.15,1625449482.0,64.0
-5.75,1625449482.0,64.0
-8.21,1625449482.0,64.0
-10.55,1625449482.0,64.0
-12.88,1625449482.0,64.0
-15.39,1625449482.0,64.0
-18.17,1625449482.0,64.0
-21.28,1625449482.0,64.0
-24.61,1625449482.0,64.0
-27.93,1625449482.0,64.0
-30.86,1625449482.0,64.0
-32.9,1625449482.0,64.0
-33.56,1625449482.0,64.0
-32.52,1625449482.0,64.0
-29.76,1625449482.0,64.0
-25.59,1625449482.0,64.0
-20.58,1625449482.0,64.0
-15.32,1625449482.0,64.0
-10.24,1625449482.0,64.0
-5.57,1625449482.0,64.0
-1.32,1625449482.0,64.0
2.52,1625449482.0,64.0
5.92,1625449482.0,64.0
8.77,1625449482.0,64.0
10.99,1625449482.0,64.0
12.62,1625449482.0,64.0
13.84,1625449482.0,64.0
14.94,1625449482.0,64.0
16.12,1625449482.0,64.0
17.44,1625449482.0,64.0
18.78,1625449482.0,64.0
19.92,1625449482.0,64.0
20.71,1625449482.0,64.0
21.06,1625449482.0,64.0
21.02,1625449482.0,64.0
20.67,1625449482.0,64.0
20.04,1625449482.0,64.0
19.08,1625449482.0,64.0
17.72,1625449482.0,64.0
15.99,1625449482.0,64.0
13.99,1625449482.0,64.0
12.01,1625449482.0,64.0
10.3,1625449482.0,64.0
9.02,1625449482.0,64.0
8.07,1625449482.0,64.0
7.18,1625449482.0,64.0
5.98,1625449482.0,64.0
4.27,1625449482.0,64.0
2.04,1625449482.0,64.0
-0.48,1625449482.0,64.0
-3.01,1625449482.0,64.0
-5.39,1625449482.0,64.0
-7.6,1625449482.0,64.0
-9.85,1625449482.0,64.0
-12.35,1625449482.0,64.0
-15.27,1625449482.0,64.0
-18.61,1625449482.0,64.0
-22.23,1625449482.0,64.0
-25.87,1625449482.0,64.0
-29.16,1625449482.0,64.0
-31.67,1625449482.0,64.0
-32.98,1625449482.0,64.0
-32.75,1625449482.0,64.0
-30.89,1625449482.0,64.0
-27.56,1625449482.0,64.0
-23.2,1625449482.0,64.0
-18.31,1625449482.0,64.0
-13.32,1625449482.0,64.0
-8.47,1625449482.0,64.0
-3.84,1625449482.0,64.0
0.58,1625449482.0,64.0
4.65,1625449482.0,64.0
8.18,1625449482.0,64.0
10.91,1625449482.0,64.0
12.72,1625449482.0,64.0
13.71,1625449482.0,64.0
14.22,1625449482.0,64.0
14.66,1625449482.0,64.0
15.35,1625449482.0,64.0
16.37,1625449482.0,64.0
17.55,1625449482.0,64.0
18.62,1625449482.0,64.0
19.37,1625449482.0,64.0
19.7,1625449482.0,64.0
19.66,1625449482.0,64.0
19.3,1625449482.0,64.0
18.65,1625449482.0,64.0
17.62,1625449482.0,64.0
16.14,1625449482.0,64.0
14.24,1625449482.0,64.0
12.1,1625449482.0,64.0
10.04,1625449482.0,64.0
8.32,1625449482.0,64.0
7.09,1625449482.0,64.0
6.2,1625449482.0,64.0
5.37,1625449482.0,64.0
4.27,1625449482.0,64.0
2.73,1625449482.0,64.0
0.73,1625449482.0,64.0
-1.52,1625449482.0,64.0
-3.82,1625449482.0,64.0
-6.02,1625449482.0,64.0
-8.13,1625449482.0,64.0
-10.32,1625449482.0,64.0
-12.79,1625449482.0,64.0
-15.68,1625449482.0,64.0
-19.02,1625449482.0,64.0
-22.62,1625449482.0,64.0
-26.11,1625449482.0,64.0
-29.04,1625449482.0,64.0
-30.93,1625449482.0,64.0
-31.45,1625449482.0,64.0
-30.47,1625449482.0,64.0
-28.11,1625449482.0,64.0
-24.7,1625449482.0,64.0
-20.63,1625449482.0,64.0
-16.24,1625449482.0,64.0
-11.78,1625449482.0,64.0
-7.4,1625449482.0,64.0
-3.21,1625449482.0,64.0
0.64,1625449482.0,64.0
3.98,1625449482.0,64.0
6.67,1625449482.0,64.0
8.63,1625449482.0,64.0
9.95,1625449482.0,64.0
10.81,1625449482.0,64.0
11.48,1625449482.0,64.0
12.19,1625449482.0,64.0
13.07,1625449482.0,64.0
14.13,1625449482.0,64.0
15.28,1625449482.0,64.0
16.38,1625449482.0,64.0
17.27,1625449482.0,64.0
17.83,1625449482.0,64.0
17.97,1625449482.0,64.0
17.65,1625449482.0,64.0
16.9,1625449482.0,64.0
15.83,1625449482.0,64.0
14.59,1625449482.0,64.0
13.35,1625449482.0,64.0
12.21,1625449482.0,64.0
11.18,1625449482.0,64.0
10.17,1625449482.0,64.0
9.08,1625449482.0,64.0
7.86,1625449482.0,64.0
6.48,1625449482.0,64.0
4.97,1625449482.0,64.0
3.35,1625449482.0,64.0
1.61,1625449482.0,64.0
-0.29,1625449482.0,64.0
-2.43,1625449482.0,64.0
-4.81,1625449482.0,64.0
-7.43,1625449482.0,64.0
-10.31,1625449482.0,64.0
-13.46,1625449482.0,64.0
-16.89,1625449482.0,64.0
-20.51,1625449482.0,64.0
-24.04,1625449482.0,64.0
-27.0,1625449482.0,64.0
-28.81,1625449482.0,64.0
-29.0,1625449482.0,64.0
-27.38,1625449482.0,64.0
-24.13,1625449482.0,64.0
-19.77,1625449482.0,64.0
-14.93,1625449482.0,64.0
-10.18,1625449482.0,64.0
-5.83,1625449482.0,64.0
-2.0,1625449482.0,64.0
1.33,1625449482.0,64.0
4.15,1625449482.0,64.0
6.42,1625449482.0,64.0
8.07,1625449482.0,64.0
9.16,1625449482.0,64.0
9.85,1625449482.0,64.0
10.43,1625449482.0,64.0
11.13,1625449482.0,64.0
12.04,1625449482.0,64.0
13.05,1625449482.0,64.0
13.92,1625449482.0,64.0
14.43,1625449482.0,64.0
14.53,1625449482.0,64.0
14.32,1625449482.0,64.0
13.99,1625449482.0,64.0
13.66,1625449482.0,64.0
13.35,1625449482.0,64.0
12.93,1625449482.0,64.0
12.23,1625449482.0,64.0
11.15,1625449482.0,64.0
9.7,1625449482.0,64.0
7.99,1625449482.0,64.0
6.16,1625449482.0,64.0
4.32,1625449482.0,64.0
2.55,1625449482.0,64.0
0.9,1625449482.0,64.0
-0.64,1625449482.0,64.0
-2.1,1625449482.0,64.0
-3.58,1625449482.0,64.0
-5.22,1625449482.0,64.0
-7.16,1625449482.0,64.0
-9.52,1625449482.0,64.0
-12.3,1625449482.0,64.0
-15.43,1625449482.0,64.0
-18.71,1625449482.0,64.0
-21.87,1625449482.0,64.0
-24.6,1625449482.0,64.0
-26.59,1625449482.0,64.0
-27.53,1625449482.0,64.0
-27.23,1625449482.0,64.0
-25.63,1625449482.0,64.0
-22.85,1625449482.0,64.0
-19.13,1625449482.0,64.0
-14.79,1625449482.0,64.0
-10.17,1625449482.0,64.0
-5.59,1625449482.0,64.0
-1.35,1625449482.0,64.0
2.28,1625449482.0,64.0
5.11,1625449482.0,64.0
7.09,1625449482.0,64.0
8.33,1625449482.0,64.0
9.06,1625449482.0,64.0
9.6,1625449482.0,64.0
10.18,1625449482.0,64.0
10.9,1625449482.0,64.0
11.7,1625449482.0,64.0
12.44,1625449482.0,64.0
13.0,1625449482.0,64.0
13.31,1625449482.0,64.0
13.37,1625449482.0,64.0
13.23,1625449482.0,64.0
12.88,1625449482.0,64.0
12.32,1625449482.0,64.0
11.52,1625449482.0,64.0
10.48,1625449482.0,64.0
9.24,1625449482.0,64.0
7.86,1625449482.0,64.0
6.38,1625449482.0,64.0
4.79,1625449482.0,64.0
3.07,1625449482.0,64.0
1.16,1625449482.0,64.0
-0.93,1625449482.0,64.0
-3.19,1625449482.0,64.0
-5.55,1625449482.0,64.0
-7.95,1625449482.0,64.0
-10.39,1625449482.0,64.0
-12.94,1625449482.0,64.0
-15.71,1625449482.0,64.0
-18.77,1625449482.0,64.0
-22.08,1625449482.0,64.0
-25.41,1625449482.0,64.0
-28.34,1625449482.0,64.0
-30.36,1625449482.0,64.0
-31.04,1625449482.0,64.0
-30.12,1625449482.0,64.0
-27.61,1625449482.0,64.0
-23.8,1625449482.0,64.0
-19.1,1625449482.0,64.0
-13.97,1625449482.0,64.0
-8.8,1625449482.0,64.0
-3.91,1625449482.0,64.0
0.52,1625449482.0,64.0
4.32,1625449482.0,64.0
7.4,1625449482.0,64.0
9.76,1625449482.0,64.0
11.5,1625449482.0,64.0
12.79,1625449482.0,64.0
13.86,1625449482.0,64.0
14.87,1625449482.0,64.0
15.87,1625449482.0,64.0
16.82,1625449482.0,64.0
17.57,1625449482.0,64.0
17.97,1625449482.0,64.0
17.99,1625449482.0,64.0
17.63,1625449482.0,64.0
17.03,1625449482.0,64.0
16.3,1625449482.0,64.0
15.52,1625449482.0,64.0
14.64,1625449482.0,64.0
13.56,1625449482.0,64.0
12.14,1625449482.0,64.0
10.27,1625449482.0,64.0
7.93,1625449482.0,64.0
5.22,1625449482.0,64.0
2.29,1625449482.0,64.0
-0.7,1625449482.0,64.0
-3.61,1625449482.0,64.0
-6.43,1625449482.0,64.0
-9.26,1625449482.0,64.0
-12.25,1625449482.0,64.0
-15.54,1625449482.0,64.0
-19.22,1625449482.0,64.0
-23.27,1625449482.0,64.0
-27.44,1625449482.0,64.0
-31.37,1625449482.0,64.0
-34.55,1625449482.0,64.0
-36.49,1625449482.0,64.0
-36.86,1625449482.0,64.0
-35.52,1625449482.0,64.0
-32.61,1625449482.0,64.0
-28.45,1625449482.0,64.0
-23.44,1625449482.0,64.0
-17.93,1625449482.0,64.0
-12.21,1625449482.0,64.0
-6.49,1625449482.0,64.0
-0.99,1625449482.0,64.0
4.09,1625449482.0,64.0
8.51,1625449482.0,64.0
12.12,1625449482.0,64.0
14.95,1625449482.0,64.0
17.11,1625449482.0,64.0
18.84,1625449482.0,64.0
20.3,1625449482.0,64.0
21.58,1625449482.0,64.0
22.62,1625449482.0,64.0
23.32,1625449482.0,64.0
23.62,1625449482.0,64.0
23.52,1625449482.0,64.0
23.13,1625449482.0,64.0
22.55,1625449482.0,64.0
21.86,1625449482.0,64.0
21.05,1625449482.0,64.0
20.06,1625449482.0,64.0
18.79,1625449482.0,64.0
17.15,1625449482.0,64.0
15.1,1625449482.0,64.0
12.67,1625449482.0,64.0
9.96,1625449482.0,64.0
7.09,1625449482.0,64.0
4.18,1625449482.0,64.0
1.32,1625449482.0,64.0
-1.5,1625449482.0,64.0
-4.34,1625449482.0,64.0
-7.29,1625449482.0,64.0
-10.49,1625449482.0,64.0
-14.03,1625449482.0,64.0
-17.95,1625449482.0,64.0
-22.21,1625449482.0,64.0
-26.64,1625449482.0,64.0
-30.89,1625449482.0,64.0
-34.5,1625449482.0,64.0
-36.92,1625449482.0,64.0
-37.74,1625449482.0,64.0
-36.74,1625449482.0,64.0
-33.96,1625449482.0,64.0
-29.71,1625449482.0,64.0
-24.42,1625449482.0,64.0
-18.53,1625449482.0,64.0
-12.4,1625449482.0,64.0
-6.28,1625449482.0,64.0
-0.37,1625449482.0,64.0
5.11,1625449482.0,64.0
9.93,1625449482.0,64.0
13.86,1625449482.0,64.0
16.82,1625449482.0,64.0
18.94,1625449482.0,64.0
20.56,1625449482.0,64.0
22.07,1625449482.0,64.0
23.75,1625449482.0,64.0
25.64,1625449482.0,64.0
27.53,1625449482.0,64.0
29.09,1625449482.0,64.0
30.07,1625449482.0,64.0
30.39,1625449482.0,64.0
30.11,1625449482.0,64.0
29.39,1625449482.0,64.0
28.28,1625449482.0,64.0
26.78,1625449482.0,64.0
24.88,1625449482.0,64.0
22.64,1625449482.0,64.0
20.21,1625449482.0,64.0
17.78,1625449482.0,64.0
15.43,1625449482.0,64.0
13.12,1625449482.0,64.0
10.72,1625449482.0,64.0
8.05,1625449482.0,64.0
5.07,1625449482.0,64.0
1.85,1625449482.0,64.0
-1.47,1625449482.0,64.0
-4.75,1625449482.0,64.0
-7.99,1625449482.0,64.0
-11.28,1625449482.0,64.0
-14.79,1625449482.0,64.0
-18.61,1625449482.0,64.0
-22.73,1625449482.0,64.0
-26.93,1625449482.0,64.0
-30.83,1625449482.0,64.0
-33.94,1625449482.0,64.0
-35.75,1625449482.0,64.0
-35.87,1625449482.0,64.0
-34.18,1625449482.0,64.0
-30.81,1625449482.0,64.0
-26.12,1625449482.0,64.0
-20.57,1625449482.0,64.0
-14.54,1625449482.0,64.0
-8.33,1625449482.0,64.0
-2.17,1625449482.0,64.0
3.71,1625449482.0,64.0
9.02,1625449482.0,64.0
13.43,1625449482.0,64.0
16.74,1625449482.0,64.0
18.99,1625449482.0,64.0
20.47,1625449482.0,64.0
21.62,1625449482.0,64.0
22.88,1625449482.0,64.0
24.43,1625449482.0,64.0
26.18,1625449482.0,64.0
27.83,1625449482.0,64.0
29.03,1625449482.0,64.0
29.54,1625449482.0,64.0
29.33,1625449482.0,64.0
28.59,1625449482.0,64.0
27.57,1625449482.0,64.0
26.48,1625449482.0,64.0
25.4,1625449482.0,64.0
24.24,1625449482.0,64.0
22.85,1625449482.0,64.0
21.1,1625449482.0,64.0
18.96,1625449482.0,64.0
16.53,1625449482.0,64.0
13.97,1625449482.0,64.0
11.44,1625449482.0,64.0
9.0,1625449482.0,64.0
6.63,1625449482.0,64.0
4.27,1625449482.0,64.0
1.86,1625449482.0,64.0
-0.66,1625449482.0,64.0
-3.3,1625449482.0,64.0
-6.12,1625449482.0,64.0
-9.2,1625449482.0,64.0
-12.65,1625449482.0,64.0
-16.57,1625449482.0,64.0
-20.96,1625449482.0,64.0
-25.67,1625449482.0,64.0
-30.31,1625449482.0,64.0
-34.33,1625449482.0,64.0
-37.1,1625449482.0,64.0
-38.11,1625449482.0,64.0
-37.11,1625449482.0,64.0
-34.19,1625449482.0,64.0
-29.76,1625449482.0,64.0
-24.32,1625449482.0,64.0
-18.34,1625449482.0,64.0
-12.12,1625449482.0,64.0
-5.85,1625449482.0,64.0
0.27,1625449482.0,64.0
6.0,1625449482.0,64.0
11.01,1625449482.0,64.0
15.02,1625449482.0,64.0
17.96,1625449482.0,64.0
19.98,1625449482.0,64.0
21.38,1625449482.0,64.0
22.52,1625449482.0,64.0
23.65,1625449482.0,64.0
24.84,1625449482.0,64.0
26.02,1625449482.0,64.0
27.06,1625449482.0,64.0
27.85,1625449482.0,64.0
28.33,1625449482.0,64.0
28.48,1625449482.0,64.0
28.29,1625449482.0,64.0
27.73,1625449482.0,64.0
26.81,1625449482.0,64.0
25.52,1625449482.0,64.0
23.87,1625449482.0,64.0
21.9,1625449482.0,64.0
19.69,1625449482.0,64.0
17.36,1625449482.0,64.0
15.05,1625449482.0,64.0
12.87,1625449482.0,64.0
10.83,1625449482.0,64.0
8.86,1625449482.0,64.0
6.82,1625449482.0,64.0
4.55,1625449482.0,64.0
1.98,1625449482.0,64.0
-0.83,1625449482.0,64.0
-3.78,1625449482.0,64.0
-6.75,1625449482.0,64.0
-9.67,1625449482.0,64.0
-12.58,1625449482.0,64.0
-15.55,1625449482.0,64.0
-18.69,1625449482.0,64.0
-22.05,1625449482.0,64.0
-25.64,1625449482.0,64.0
-29.38,1625449482.0,64.0
-33.09,1625449482.0,64.0
-36.45,1625449482.0,64.0
-39.06,1625449482.0,64.0
-40.51,1625449482.0,64.0
-40.49,1625449482.0,64.0
-38.86,1625449482.0,64.0
-35.69,1625449482.0,64.0
-31.18,1625449482.0,64.0
-25.61,1625449482.0,64.0
-19.29,1625449482.0,64.0
-12.5,1625449482.0,64.0
-5.62,1625449482.0,64.0
0.95,1625449482.0,64.0
6.78,1625449482.0,64.0
11.54,1625449482.0,64.0
15.12,1625449482.0,64.0
17.64,1625449482.0,64.0
19.45,1625449482.0,64.0
20.92,1625449482.0,64.0
22.36,1625449482.0,64.0
23.87,1625449482.0,64.0
25.37,1625449482.0,64.0
26.66,1625449482.0,64.0
27.59,1625449482.0,64.0
28.1,1625449482.0,64.0
28.23,1625449482.0,64.0
28.09,1625449482.0,64.0
27.79,1625449482.0,64.0
27.32,1625449482.0,64.0
26.66,1625449482.0,64.0
25.73,1625449482.0,64.0
24.47,1625449482.0,64.0
22.88,1625449482.0,64.0
21.04,1625449482.0,64.0
19.01,1625449482.0,64.0
16.9,1625449482.0,64.0
14.73,1625449482.0,64.0
12.5,1625449482.0,64.0
10.18,1625449482.0,64.0
7.75,1625449482.0,64.0
5.22,1625449482.0,64.0
2.63,1625449482.0,64.0
0.04,1625449482.0,64.0
-2.58,1625449482.0,64.0
-5.29,1625449482.0,64.0
-8.16,1625449482.0,64.0
-11.27,1625449482.0,64.0
-14.61,1625449482.0,64.0
-18.12,1625449482.0,64.0
-21.74,1625449482.0,64.0
-25.4,1625449482.0,64.0
-29.01,1625449482.0,64.0
-32.39,1625449482.0,64.0
-35.22,1625449482.0,64.0
-37.09,1625449482.0,64.0
-37.58,1625449482.0,64.0
-36.42,1625449482.0,64.0
-33.66,1625449482.0,64.0
-29.56,1625449482.0,64.0
-24.59,1625449482.0,64.0
-19.17,1625449482.0,64.0
-13.59,1625449482.0,64.0
-8.04,1625449482.0,64.0
-2.62,1625449482.0,64.0
2.5,1625449482.0,64.0
7.1,1625449482.0,64.0
10.91,1625449482.0,64.0
13.77,1625449482.0,64.0
15.67,1625449482.0,64.0
16.84,1625449482.0,64.0
17.68,1625449482.0,64.0
18.59,1625449482.0,64.0
19.85,1625449482.0,64.0
21.47,1625449482.0,64.0
23.27,1625449482.0,64.0
24.88,1625449482.0,64.0
25.99,1625449482.0,64.0
26.39,1625449482.0,64.0
26.12,1625449482.0,64.0
25.33,1625449482.0,64.0
24.24,1625449482.0,64.0
23.01,1625449482.0,64.0
21.73,1625449482.0,64.0
20.42,1625449482.0,64.0
19.05,1625449482.0,64.0
17.65,1625449482.0,64.0
16.25,1625449482.0,64.0
14.85,1625449482.0,64.0
13.42,1625449482.0,64.0
11.9,1625449482.0,64.0
10.23,1625449482.0,64.0
8.45,1625449482.0,64.0
6.66,1625449482.0,64.0
4.97,1625449482.0,64.0
3.5,1625449482.0,64.0
2.3,1625449482.0,64.0
1.32,1625449482.0,64.0
0.43,1625449482.0,64.0
-0.52,1625449482.0,64.0
-1.65,1625449482.0,64.0
-3.03,1625449482.0,64.0
-4.64,1625449482.0,64.0
-6.41,1625449482.0,64.0
-8.24,1625449482.0,64.0
-10.04,1625449482.0,64.0
-11.82,1625449482.0,64.0
-13.65,1625449482.0,64.0
-15.66,1625449482.0,64.0
-17.99,1625449482.0,64.0
-20.72,1625449482.0,64.0
-23.84,1625449482.0,64.0
-27.17,1625449482.0,64.0
-30.46,1625449482.0,64.0
-33.35,1625449482.0,64.0
-35.44,1625449482.0,64.0
-36.38,1625449482.0,64.0
-35.95,1625449482.0,64.0
-34.1,1625449482.0,64.0
-30.95,1625449482.0,64.0
-26.75,1625449482.0,64.0
-21.83,1625449482.0,64.0
-16.52,1625449482.0,64.0
-11.11,1625449482.0,64.0
-5.83,1625449482.0,64.0
-0.92,1625449482.0,64.0
3.43,1625449482.0,64.0
7.03,1625449482.0,64.0
9.78,1625449482.0,64.0
11.73,1625449482.0,64.0
13.02,1625449482.0,64.0
13.88,1625449482.0,64.0
14.58,1625449482.0,64.0
15.28,1625449482.0,64.0
16.09,1625449482.0,64.0
16.98,1625449482.0,64.0
17.86,1625449482.0,64.0
18.62,1625449482.0,64.0
19.15,1625449482.0,64.0
19.36,1625449482.0,64.0
19.17,1625449482.0,64.0
18.52,1625449482.0,64.0
17.36,1625449482.0,64.0
15.7,1625449482.0,64.0
13.63,1625449482.0,64.0
11.28,1625449482.0,64.0
8.78,1625449482.0,64.0
6.29,1625449482.0,64.0
3.91,1625449482.0,64.0
1.69,1625449482.0,64.0
-0.38,1625449482.0,64.0
-2.36,1625449482.0,64.0
-4.3,1625449482.0,64.0
-6.33,1625449482.0,64.0
-8.52,1625449482.0,64.0
-10.97,1625449482.0,64.0
-13.73,1625449482.0,64.0
-16.83,1625449482.0,64.0
-20.25,1625449482.0,64.0
-23.85,1625449482.0,64.0
-27.39,1625449482.0,64.0
-30.52,1625449482.0,64.0
-32.83,1625449482.0,64.0
-33.97,1625449482.0,64.0
-33.68,1625449482.0,64.0
-31.94,1625449482.0,64.0
-28.88,1625449482.0,64.0
-24.83,1625449482.0,64.0
-20.1,1625449482.0,64.0
-15.02,1625449482.0,64.0
-9.85,1625449482.0,64.0
-4.77,1625449482.0,64.0
-0.01,1625449482.0,64.0
4.17,1625449482.0,64.0
7.53,1625449482.0,64.0
9.89,1625449482.0,64.0
11.26,1625449482.0,64.0
11.91,1625449482.0,64.0
12.28,1625449482.0,64.0
12.81,1625449482.0,64.0
13.78,1625449482.0,64.0
15.18,1625449482.0,64.0
16.74,1625449482.0,64.0
18.08,1625449482.0,64.0
18.87,1625449482.0,64.0
18.98,1625449482.0,64.0
18.48,1625449482.0,64.0
17.58,1625449482.0,64.0
16.48,1625449482.0,64.0
15.28,1625449482.0,64.0
13.95,1625449482.0,64.0
12.43,1625449482.0,64.0
10.64,1625449482.0,64.0
8.59,1625449482.0,64.0
6.39,1625449482.0,64.0
4.14,1625449482.0,64.0
1.93,1625449482.0,64.0
-0.22,1625449482.0,64.0
-2.41,1625449482.0,64.0
-4.73,1625449482.0,64.0
-7.27,1625449482.0,64.0
-10.03,1625449482.0,64.0
-13.01,1625449482.0,64.0
-16.18,1625449482.0,64.0
-19.57,1625449482.0,64.0
-23.22,1625449482.0,64.0
-27.08,1625449482.0,64.0
-30.97,1625449482.0,64.0
-34.48,1625449482.0,64.0
-37.08,1625449482.0,64.0
-38.28,1625449482.0,64.0
-37.72,1625449482.0,64.0
-35.39,1625449482.0,64.0
-31.54,1625449482.0,64.0
-26.61,1625449482.0,64.0
-21.06,1625449482.0,64.0
-15.24,1625449482.0,64.0
-9.39,1625449482.0,64.0
-3.71,1625449482.0,64.0
1.57,1625449482.0,64.0
6.14,1625449482.0,64.0
9.74,1625449482.0,64.0
12.2,1625449482.0,64.0
13.65,1625449482.0,64.0
14.44,1625449482.0,64.0
15.06,1625449482.0,64.0
15.93,1625449482.0,64.0
17.19,1625449482.0,64.0
18.73,1625449482.0,64.0
20.22,1625449482.0,64.0
21.34,1625449482.0,64.0
21.85,1625449482.0,64.0
21.76,1625449482.0,64.0
21.2,1625449482.0,64.0
20.33,1625449482.0,64.0
19.29,1625449482.0,64.0
18.06,1625449482.0,64.0
16.59,1625449482.0,64.0
14.82,1625449482.0,64.0
12.71,1625449482.0,64.0
10.34,1625449482.0,64.0
7.79,1625449482.0,64.0
5.17,1625449482.0,64.0
2.54,1625449482.0,64.0
-0.05,1625449482.0,64.0
-2.6,1625449482.0,64.0
-5.13,1625449482.0,64.0
-7.66,1625449482.0,64.0
-10.28,1625449482.0,64.0
-13.13,1625449482.0,64.0
-16.33,1625449482.0,64.0
-19.98,1625449482.0,64.0
-24.03,1625449482.0,64.0
-28.22,1625449482.0,64.0
-32.13,1625449482.0,64.0
-35.24,1625449482.0,64.0
-37.05,1625449482.0,64.0
-37.25,1625449482.0,64.0
-35.75,1625449482.0,64.0
-32.71,1625449482.0,64.0
-28.47,1625449482.0,64.0
-23.45,1625449482.0,64.0
-18.03,1625449482.0,64.0
-12.49,1625449482.0,64.0
-7.04,1625449482.0,64.0
-1.81,1625449482.0,64.0
3.03,1625449482.0,64.0
7.28,1625449482.0,64.0
10.79,1625449482.0,64.0
13.49,1625449482.0,64.0
15.49,1625449482.0,64.0
17.05,1625449482.0,64.0
18.48,1625449482.0,64.0
20.0,1625449482.0,64.0
21.62,1625449482.0,64.0
23.14,1625449482.0,64.0
24.29,1625449482.0,64.0
24.83,1625449482.0,64.0
24.7,1625449482.0,64.0
24.04,1625449482.0,64.0
23.1,1625449482.0,64.0
22.1,1625449482.0,64.0
21.15,1625449482.0,64.0
20.16,1625449482.0,64.0
18.99,1625449482.0,64.0
17.44,1625449482.0,64.0
15.45,1625449482.0,64.0
13.07,1625449482.0,64.0
10.5,1625449482.0,64.0
7.96,1625449482.0,64.0
5.6,1625449482.0,64.0
3.41,1625449482.0,64.0
1.22,1625449482.0,64.0
-1.18,1625449482.0,64.0
-3.98,1625449482.0,64.0
-7.24,1625449482.0,64.0
-10.89,1625449482.0,64.0
-14.79,1625449482.0,64.0
-18.86,1625449482.0,64.0
-23.01,1625449482.0,64.0
-27.15,1625449482.0,64.0
-31.02,1625449482.0,64.0
-34.2,1625449482.0,64.0
-36.12,1625449482.0,64.0
-36.31,1625449482.0,64.0
-34.57,1625449482.0,64.0
-31.11,1625449482.0,64.0
-26.45,1625449482.0,64.0
-21.18,1625449482.0,64.0
-15.76,1625449482.0,64.0
-10.42,1625449482.0,64.0
-5.18,1625449482.0,64.0
-0.03,1625449482.0,64.0
4.88,1625449482.0,64.0
9.27,1625449482.0,64.0
12.8,1625449482.0,64.0
15.32,1625449482.0,64.0
16.9,1625449482.0,64.0
17.87,1625449482.0,64.0
18.63,1625449482.0,64.0
19.5,1625449482.0,64.0
20.56,1625449482.0,64.0
21.69,1625449482.0,64.0
22.66,1625449482.0,64.0
23.25,1625449482.0,64.0
23.37,1625449482.0,64.0
23.01,1625449482.0,64.0
22.25,1625449482.0,64.0
21.15,1625449482.0,64.0
19.79,1625449482.0,64.0
18.2,1625449482.0,64.0
16.43,1625449482.0,64.0
14.56,1625449482.0,64.0
12.64,1625449482.0,64.0
10.68,1625449482.0,64.0
8.64,1625449482.0,64.0
6.49,1625449482.0,64.0
4.22,1625449482.0,64.0
1.84,1625449482.0,64.0
-0.65,1625449482.0,64.0
-3.28,1625449482.0,64.0
-6.12,1625449482.0,64.0
-9.25,1625449482.0,64.0
-12.71,1625449482.0,64.0
-16.49,1625449482.0,64.0
-20.48,1625449482.0,64.0
-24.48,1625449482.0,64.0
-28.25,1625449482.0,64.0
-31.44,1625449482.0,64.0
-33.71,1625449482.0,64.0
-34.66,1625449482.0,64.0
-34.05,1625449482.0,64.0
-31.8,1625449482.0,64.0
-28.09,1625449482.0,64.0
-23.26,1625449482.0,64.0
-17.75,1625449482.0,64.0
-11.96,1625449482.0,64.0
-6.19,1625449482.0,64.0
-0.66,1625449482.0,64.0
4.41,1625449482.0,64.0
8.77,1625449482.0,64.0
12.24,1625449482.0,64.0
14.76,1625449482.0,64.0
16.42,1625449482.0,64.0
17.49,1625449482.0,64.0
18.29,1625449482.0,64.0
19.1,1625449482.0,64.0
20.03,1625449482.0,64.0
21.06,1625449482.0,64.0
22.03,1625449482.0,64.0
22.72,1625449482.0,64.0
22.97,1625449482.0,64.0
22.69,1625449482.0,64.0
21.9,1625449482.0,64.0
20.72,1625449482.0,64.0
19.31,1625449482.0,64.0
17.84,1625449482.0,64.0
16.38,1625449482.0,64.0
14.9,1625449482.0,64.0
13.28,1625449482.0,64.0
11.43,1625449482.0,64.0
9.3,1625449482.0,64.0
6.97,1625449482.0,64.0
4.54,1625449482.0,64.0
2.12,1625449482.0,64.0
-0.28,1625449482.0,64.0
-2.74,1625449482.0,64.0
-5.39,1625449482.0,64.0
-8.34,1625449482.0,64.0
-11.65,1625449482.0,64.0
-15.31,1625449482.0,64.0
-19.27,1625449482.0,64.0
-23.4,1625449482.0,64.0
-27.48,1625449482.0,64.0
-31.18,1625449482.0,64.0
-34.04,1625449482.0,64.0
-35.61,1625449482.0,64.0
-35.51,1625449482.0,64.0
-33.6,1625449482.0,64.0
-30.03,1625449482.0,64.0
-25.22,1625449482.0,64.0
-19.66,1625449482.0,64.0
-13.84,1625449482.0,64.0
-8.12,1625449482.0,64.0
-2.71,1625449482.0,64.0
2.21,1625449482.0,64.0
6.52,1625449482.0,64.0
10.08,1625449482.0,64.0
12.84,1625449482.0,64.0
14.91,1625449482.0,64.0
16.54,1625449482.0,64.0
17.99,1625449482.0,64.0
19.47,1625449482.0,64.0
20.96,1625449482.0,64.0
22.31,1625449482.0,64.0
23.3,1625449482.0,64.0
23.8,1625449482.0,64.0
23.82,1625449482.0,64.0
23.54,1625449482.0,64.0
23.13,1625449482.0,64.0
22.71,1625449482.0,64.0
22.25,1625449482.0,64.0
21.66,1625449482.0,64.0
20.76,1625449482.0,64.0
19.42,1625449482.0,64.0
17.56,1625449482.0,64.0
15.17,1625449482.0,64.0
12.34,1625449482.0,64.0
9.26,1625449482.0,64.0
6.14,1625449482.0,64.0
3.11,1625449482.0,64.0
0.27,1625449482.0,64.0
-2.44,1625449482.0,64.0
-5.11,1625449482.0,64.0
-7.87,1625449482.0,64.0
-10.87,1625449482.0,64.0
-14.18,1625449482.0,64.0
-17.87,1625449482.0,64.0
-21.85,1625449482.0,64.0
-25.89,1625449482.0,64.0
-29.56,1625449482.0,64.0
-32.32,1625449482.0,64.0
-33.7,1625449482.0,64.0
-33.37,1625449482.0,64.0
-31.36,1625449482.0,64.0
-27.92,1625449482.0,64.0
-23.45,1625449482.0,64.0
-18.34,1625449482.0,64.0
-12.92,1625449482.0,64.0
-7.45,1625449482.0,64.0
-2.23,1625449482.0,64.0
2.44,1625449482.0,64.0
6.3,1625449482.0,64.0
9.18,1625449482.0,64.0
11.15,1625449482.0,64.0
12.49,1625449482.0,64.0
13.56,1625449482.0,64.0
14.64,1625449482.0,64.0
15.84,1625449482.0,64.0
17.07,1625449482.0,64.0
18.1,1625449482.0,64.0
18.76,1625449482.0,64.0
18.98,1625449482.0,64.0
18.85,1625449482.0,64.0
18.51,1625449482.0,64.0
18.04,1625449482.0,64.0
17.44,1625449482.0,64.0
16.63,1625449482.0,64.0
15.53,1625449482.0,64.0
14.1,1625449482.0,64.0
12.38,1625449482.0,64.0
10.41,1625449482.0,64.0
8.27,1625449482.0,64.0
6.01,1625449482.0,64.0
3.7,1625449482.0,64.0
1.43,1625449482.0,64.0
-0.75,1625449482.0,64.0
-2.85,1625449482.0,64.0
-4.99,1625449482.0,64.0
-7.35,1625449482.0,64.0
-10.13,1625449482.0,64.0
-13.45,1625449482.0,64.0
-17.27,1625449482.0,64.0
-21.42,1625449482.0,64.0
-25.55,1625449482.0,64.0
-29.25,1625449482.0,64.0
-32.05,1625449482.0,64.0
-33.52,1625449482.0,64.0
-33.37,1625449482.0,64.0
-31.54,1625449482.0,64.0
-28.2,1625449482.0,64.0
-23.7,1625449482.0,64.0
-18.49,1625449482.0,64.0
-12.99,1625449482.0,64.0
-7.51,1625449482.0,64.0
-2.27,1625449482.0,64.0
2.53,1625449482.0,64.0
6.71,1625449482.0,64.0
10.07,1625449482.0,64.0
12.49,1625449482.0,64.0
14.01,1625449482.0,64.0
14.89,1625449482.0,64.0
15.5,1625449482.0,64.0
16.23,1625449482.0,64.0
17.23,1625449482.0,64.0
18.42,1625449482.0,64.0
19.49,1625449482.0,64.0
20.13,1625449482.0,64.0
20.11,1625449482.0,64.0
19.49,1625449482.0,64.0
18.46,1625449482.0,64.0
17.25,1625449482.0,64.0
15.99,1625449482.0,64.0
14.59,1625449482.0,64.0
12.85,1625449482.0,64.0
10.61,1625449482.0,64.0
7.89,1625449482.0,64.0
4.9,1625449482.0,64.0
1.96,1625449482.0,64.0
-0.62,1625449482.0,64.0
-2.77,1625449482.0,64.0
-4.58,1625449482.0,64.0
-6.32,1625449482.0,64.0
-8.27,1625449482.0,64.0
-10.65,1625449482.0,64.0
-13.58,1625449482.0,64.0
-17.06,1625449482.0,64.0
-21.06,1625449482.0,64.0
-25.42,1625449482.0,64.0
-29.83,1625449482.0,64.0
-33.78,1625449482.0,64.0
-36.65,1625449482.0,64.0
-37.89,1625449482.0,64.0
-37.23,1625449482.0,64.0
-34.72,1625449482.0,64.0
-30.74,1625449482.0,64.0
-25.75,1625449482.0,64.0
-20.19,1625449482.0,64.0
-14.33,1625449482.0,64.0
-8.33,1625449482.0,64.0
-2.36,1625449482.0,64.0
3.34,1625449482.0,64.0
8.4,1625449482.0,64.0
12.49,1625449482.0,64.0
15.43,1625449482.0,64.0
17.3,1625449482.0,64.0
18.43,1625449482.0,64.0
19.28,1625449482.0,64.0
20.22,1625449482.0,64.0
21.42,1625449482.0,64.0
22.77,1625449482.0,64.0
23.95,1625449482.0,64.0
24.65,1625449482.0,64.0
24.7,1625449482.0,64.0
24.14,1625449482.0,64.0
23.15,1625449482.0,64.0
21.94,1625449482.0,64.0
20.63,1625449482.0,64.0
19.2,1625449482.0,64.0
17.54,1625449482.0,64.0
15.56,1625449482.0,64.0
13.24,1625449482.0,64.0
10.68,1625449482.0,64.0
7.99,1625449482.0,64.0
5.25,1625449482.0,64.0
2.49,1625449482.0,64.0
-0.35,1625449482.0,64.0
-3.32,1625449482.0,64.0
-6.47,1625449482.0,64.0
-9.89,1625449482.0,64.0
-13.62,1625449482.0,64.0
-17.7,1625449482.0,64.0
-22.09,1625449482.0,64.0
-26.6,1625449482.0,64.0
-30.92,1625449482.0,64.0
-34.6,1625449482.0,64.0
-37.18,1625449482.0,64.0
-38.28,1625449482.0,64.0
-37.68,1625449482.0,64.0
-35.43,1625449482.0,64.0
-31.78,1625449482.0,64.0
-27.05,1625449482.0,64.0
-21.61,1625449482.0,64.0
-15.72,1625449482.0,64.0
-9.57,1625449482.0,64.0
-3.31,1625449482.0,64.0
2.83,1625449482.0,64.0
8.55,1625449482.0,64.0
13.49,1625449482.0,64.0
17.37,1625449482.0,64.0
20.11,1625449482.0,64.0
21.89,1625449482.0,64.0
23.09,1625449482.0,64.0
24.11,1625449482.0,64.0
25.24,1625449482.0,64.0
26.52,1625449482.0,64.0
27.78,1625449482.0,64.0
28.77,1625449482.0,64.0
29.26,1625449482.0,64.0
29.19,1625449482.0,64.0
28.62,1625449482.0,64.0
27.74,1625449482.0,64.0
26.64,1625449482.0,64.0
25.36,1625449482.0,64.0
23.78,1625449482.0,64.0
21.76,1625449482.0,64.0
19.22,1625449482.0,64.0
16.19,1625449482.0,64.0
12.83,1625449482.0,64.0
9.43,1625449482.0,64.0
6.22,1625449482.0,64.0
3.32,1625449482.0,64.0
0.71,1625449482.0,64.0
-1.78,1625449482.0,64.0
-4.39,1625449482.0,64.0
-7.31,1625449482.0,64.0
-10.64,1625449482.0,64.0
-14.39,1625449482.0,64.0
-18.51,1625449482.0,64.0
-22.95,1625449482.0,64.0
-27.57,1625449482.0,64.0
-32.1,1625449482.0,64.0
-36.07,1625449482.0,64.0
-38.9,1625449482.0,64.0
-40.04,1625449482.0,64.0
-39.12,1625449482.0,64.0
-36.18,1625449482.0,64.0
-31.6,1625449482.0,64.0
-25.92,1625449482.0,64.0
-19.69,1625449482.0,64.0
-13.3,1625449482.0,64.0
-6.95,1625449482.0,64.0
-0.77,1625449482.0,64.0
5.02,1625449482.0,64.0
10.15,1625449482.0,64.0
14.34,1625449482.0,64.0
17.43,1625449482.0,64.0
19.5,1625449482.0,64.0
20.86,1625449482.0,64.0
21.89,1625449482.0,64.0
22.93,1625449482.0,64.0
24.14,1625449482.0,64.0
25.45,1625449482.0,64.0
26.65,1625449482.0,64.0
27.51,1625449482.0,64.0
27.8,1625449482.0,64.0
27.46,1625449482.0,64.0
26.54,1625449482.0,64.0
25.17,1625449482.0,64.0
23.53,1625449482.0,64.0
21.77,1625449482.0,64.0
19.96,1625449482.0,64.0
18.11,1625449482.0,64.0
16.12,1625449482.0,64.0
13.91,1625449482.0,64.0
11.46,1625449482.0,64.0
8.78,1625449482.0,64.0
5.94,1625449482.0,64.0
3.07,1625449482.0,64.0
0.23,1625449482.0,64.0
-2.52,1625449482.0,64.0
-5.2,1625449482.0,64.0
-7.87,1625449482.0,64.0
-10.64,1625449482.0,64.0
-13.61,1625449482.0,64.0
-16.92,1625449482.0,64.0
-20.63,1625449482.0,64.0
-24.75,1625449482.0,64.0
-29.11,1625449482.0,64.0
-33.38,1625449482.0,64.0
-37.05,1625449482.0,64.0
-39.56,1625449482.0,64.0
-40.41,1625449482.0,64.0
-39.38,1625449482.0,64.0
-36.49,1625449482.0,64.0
-32.05,1625449482.0,64.0
-26.5,1625449482.0,64.0
-20.27,1625449482.0,64.0
-13.71,1625449482.0,64.0
-7.08,1625449482.0,64.0
-0.65,1625449482.0,64.0
5.24,1625449482.0,64.0
10.24,1625449482.0,64.0
14.05,1625449482.0,64.0
16.61,1625449482.0,64.0
18.18,1625449482.0,64.0
19.18,1625449482.0,64.0
20.07,1625449482.0,64.0
21.14,1625449482.0,64.0
22.44,1625449482.0,64.0
23.79,1625449482.0,64.0
24.97,1625449482.0,64.0
25.78,1625449482.0,64.0
26.15,1625449482.0,64.0
26.06,1625449482.0,64.0
25.53,1625449482.0,64.0
24.58,1625449482.0,64.0
23.27,1625449482.0,64.0
21.72,1625449482.0,64.0
20.08,1625449482.0,64.0
18.48,1625449482.0,64.0
16.9,1625449482.0,64.0
15.26,1625449482.0,64.0
13.41,1625449482.0,64.0
11.24,1625449482.0,64.0
8.74,1625449482.0,64.0
6.04,1625449482.0,64.0
3.26,1625449482.0,64.0
0.47,1625449482.0,64.0
-2.35,1625449482.0,64.0
-5.28,1625449482.0,64.0
-8.4,1625449482.0,64.0
-11.73,1625449482.0,64.0
-15.26,1625449482.0,64.0
-18.98,1625449482.0,64.0
-22.84,1625449482.0,64.0
-26.73,1625449482.0,64.0
-30.42,1625449482.0,64.0
-33.47,1625449482.0,64.0
-35.39,1625449482.0,64.0
-35.75,1625449482.0,64.0
-34.32,1625449482.0,64.0
-31.22,1625449482.0,64.0
-26.83,1625449482.0,64.0
-21.62,1625449482.0,64.0
-16.04,1625449482.0,64.0
-10.41,1625449482.0,64.0
-4.9,1625449482.0,64.0
0.33,1625449482.0,64.0
5.13,1625449482.0,64.0
9.28,1625449482.0,64.0
12.63,1625449482.0,64.0
15.12,1625449482.0,64.0
16.85,1625449482.0,64.0
18.04,1625449482.0,64.0
18.98,1625449482.0,64.0
19.9,1625449482.0,64.0
20.96,1625449482.0,64.0
22.18,1625449482.0,64.0
23.48,1625449482.0,64.0
24.7,1625449482.0,64.0
25.6,1625449482.0,64.0
26.0,1625449482.0,64.0
25.73,1625449482.0,64.0
24.72,1625449482.0,64.0
23.04,1625449482.0,64.0
20.84,1625449482.0,64.0
18.36,1625449482.0,64.0
15.8,1625449482.0,64.0
13.34,1625449482.0,64.0
11.01,1625449482.0,64.0
8.77,1625449482.0,64.0
6.54,1625449482.0,64.0
4.28,1625449482.0,64.0
1.99,1625449482.0,64.0
-0.29,1625449482.0,64.0
-2.56,1625449482.0,64.0
-4.87,1625449482.0,64.0
-7.29,1625449482.0,64.0
-9.94,1625449482.0,64.0
-12.86,1625449482.0,64.0
-16.06,1625449482.0,64.0
-19.52,1625449482.0,64.0
-23.19,1625449482.0,64.0
-26.96,1625449482.0,64.0
-30.6,1625449482.0,64.0
-33.66,1625449482.0,64.0
-35.58,1625449482.0,64.0
-35.84,1625449482.0,64.0
-34.15,1625449482.0,64.0
-30.62,1625449482.0,64.0
-25.72,1625449482.0,64.0
-20.08,1625449482.0,64.0
-14.3,1625449482.0,64.0
-8.78,1625449482.0,64.0
-3.74,1625449482.0,64.0
0.74,1625449482.0,64.0
4.59,1625449482.0,64.0
7.69,1625449482.0,64.0
9.95,1625449482.0,64.0
11.39,1625449482.0,64.0
12.19,1625449482.0,64.0
12.68,1625449482.0,64.0
13.2,1625449482.0,64.0
14.01,1625449482.0,64.0
15.11,1625449482.0,64.0
16.35,1625449482.0,64.0
17.45,1625449482.0,64.0
18.2,1625449482.0,64.0
18.52,1625449482.0,64.0
18.48,1625449482.0,64.0
18.26,1625449482.0,64.0
17.94,1625449482.0,64.0
17.54,1625449482.0,64.0
16.9,1625449482.0,64.0
15.85,1625449482.0,64.0
14.26,1625449482.0,64.0
12.13,1625449482.0,64.0
9.59,1625449482.0,64.0
6.84,1625449482.0,64.0
4.09,1625449482.0,64.0
1.48,1625449482.0,64.0
-0.94,1625449482.0,64.0
-3.2,1625449482.0,64.0
-5.4,1625449482.0,64.0
-7.65,1625449482.0,64.0
-10.04,1625449482.0,64.0
-12.62,1625449482.0,64.0
-15.45,1625449482.0,64.0
-18.55,1625449482.0,64.0
-21.9,1625449482.0,64.0
-25.41,1625449482.0,64.0
-28.79,1625449482.0,64.0
-31.59,1625449482.0,64.0
-33.27,1625449482.0,64.0
-33.36,1625449482.0,64.0
-31.68,1625449482.0,64.0
-28.38,1625449482.0,64.0
-23.87,1625449482.0,64.0
-18.67,1625449482.0,64.0
-13.26,1625449482.0,64.0
-7.91,1625449482.0,64.0
-2.84,1625449482.0,64.0
1.76,1625449482.0,64.0
5.67,1625449482.0,64.0
8.68,1625449482.0,64.0
10.71,1625449482.0,64.0
11.88,1625449482.0,64.0
12.54,1625449482.0,64.0
13.09,1625449482.0,64.0
13.82,1625449482.0,64.0
14.79,1625449482.0,64.0
15.87,1625449482.0,64.0
16.79,1625449482.0,64.0
17.35,1625449482.0,64.0
17.45,1625449482.0,64.0
17.14,1625449482.0,64.0
16.57,1625449482.0,64.0
15.83,1625449482.0,64.0
14.96,1625449482.0,64.0
13.85,1625449482.0,64.0
12.37,1625449482.0,64.0
10.41,1625449482.0,64.0
7.96,1625449482.0,64.0
5.14,1625449482.0,64.0
2.21,1625449482.0,64.0
-0.59,1625449482.0,64.0
-3.15,1625449482.0,64.0
-5.5,1625449482.0,64.0
-7.78,1625449482.0,64.0
-10.2,1625449482.0,64.0
-12.89,1625449482.0,64.0
-15.89,1625449482.0,64.0
-19.2,1625449482.0,64.0
-22.77,1625449482.0,64.0
-26.5,1625449482.0,64.0
-30.15,1625449482.0,64.0
-33.29,1625449482.0,64.0
-35.39,1625449482.0,64.0
-35.9,1625449482.0,64.0
-34.52,1625449482.0,64.0
-31.32,1625449482.0,64.0
-26.69,1625449482.0,64.0
-21.27,1625449482.0,64.0
-15.63,1625449482.0,64.0
-10.19,1625449482.0,64.0
-5.13,1625449482.0,64.0
-0.49,1625449482.0,64.0
3.64,1625449482.0,64.0
7.18,1625449482.0,64.0
9.97,1625449482.0,64.0
12.0,1625449482.0,64.0
13.39,1625449482.0,64.0
14.4,1625449482.0,64.0
15.35,1625449482.0,64.0
16.45,1625449482.0,64.0
17.71,1625449482.0,64.0
18.94,1625449482.0,64.0
19.89,1625449482.0,64.0
20.39,1625449482.0,64.0
20.38,1625449482.0,64.0
19.94,1625449482.0,64.0
19.18,1625449482.0,64.0
18.2,1625449482.0,64.0
16.97,1625449482.0,64.0
15.44,1625449482.0,64.0
13.53,1625449482.0,64.0
11.21,1625449482.0,64.0
8.49,1625449482.0,64.0
5.49,1625449482.0,64.0
2.34,1625449482.0,64.0
-0.8,1625449482.0,64.0
-3.81,1625449482.0,64.0
-6.64,1625449482.0,64.0
-9.32,1625449482.0,64.0
-12.01,1625449482.0,64.0
-14.92,1625449482.0,64.0
-18.29,1625449482.0,64.0
-22.23,1625449482.0,64.0
-26.68,1625449482.0,64.0
-31.34,1625449482.0,64.0
-35.66,1625449482.0,64.0
-38.99,1625449482.0,64.0
-40.72,1625449482.0,64.0
-40.46,1625449482.0,64.0
-38.14,1625449482.0,64.0
-34.02,1625449482.0,64.0
-28.61,1625449482.0,64.0
-22.46,1625449482.0,64.0
-16.03,1625449482.0,64.0
-9.63,1625449482.0,64.0
-3.47,1625449482.0,64.0
2.27,1625449482.0,64.0
7.37,1625449482.0,64.0
11.6,1625449482.0,64.0
14.8,1625449482.0,64.0
17.01,1625449482.0,64.0
18.48,1625449482.0,64.0
19.62,1625449482.0,64.0
20.82,1625449482.0,64.0
22.28,1625449482.0,64.0
23.89,1625449482.0,64.0
25.33,1625449482.0,64.0
26.2,1625449482.0,64.0
26.25,1625449482.0,64.0
25.5,1625449482.0,64.0
24.23,1625449482.0,64.0
22.78,1625449482.0,64.0
21.4,1625449482.0,64.0
20.09,1625449482.0,64.0
18.65,1625449482.0,64.0
16.84,1625449482.0,64.0
14.49,1625449482.0,64.0
11.64,1625449482.0,64.0
8.52,1625449482.0,64.0
5.37,1625449482.0,64.0
2.34,1625449482.0,64.0
-0.55,1625449482.0,64.0
-3.45,1625449482.0,64.0
-6.52,1625449482.0,64.0
-9.89,1625449482.0,64.0
-13.61,1625449482.0,64.0
-17.69,1625449482.0,64.0
-22.04,1625449482.0,64.0
-26.51,1625449482.0,64.0
-30.8,1625449482.0,64.0
-34.54,1625449482.0,64.0
-37.27,1625449482.0,64.0
-38.57,1625449482.0,64.0
-38.14,1625449482.0,64.0
-35.93,1625449482.0,64.0
-32.14,1625449482.0,64.0
-27.16,1625449482.0,64.0
-21.43,1625449482.0,64.0
-15.32,1625449482.0,64.0
-9.08,1625449482.0,64.0
-2.86,1625449482.0,64.0
3.14,1625449482.0,64.0
8.66,1625449482.0,64.0
13.35,1625449482.0,64.0
16.92,1625449482.0,64.0
19.25,1625449482.0,64.0
20.53,1625449482.0,64.0
21.19,1625449482.0,64.0
21.74,1625449482.0,64.0
22.55,1625449482.0,64.0
23.72,1625449482.0,64.0
25.03,1625449482.0,64.0
26.14,1625449482.0,64.0
26.7,1625449482.0,64.0
26.57,1625449482.0,64.0
25.81,1625449482.0,64.0
24.61,1625449482.0,64.0
23.18,1625449482.0,64.0
21.64,1625449482.0,64.0
19.99,1625449482.0,64.0
18.14,1625449482.0,64.0
16.01,1625449482.0,64.0
13.62,1625449482.0,64.0
11.06,1625449482.0,64.0
8.46,1625449482.0,64.0
5.91,1625449482.0,64.0
3.38,1625449482.0,64.0
0.74,1625449482.0,64.0
-2.18,1625449482.0,64.0
-5.46,1625449482.0,64.0
-9.09,1625449482.0,64.0
-12.96,1625449482.0,64.0
-17.0,1625449482.0,64.0
-21.13,1625449482.0,64.0
-25.32,1625449482.0,64.0
-29.43,1625449482.0,64.0
-33.18,1625449482.0,64.0
-36.12,1625449482.0,64.0
-37.77,1625449482.0,64.0
-37.73,1625449482.0,64.0
-35.85,1625449482.0,64.0
-32.27,1625449482.0,64.0
-27.34,1625449482.0,64.0
-21.49,1625449482.0,64.0
-15.14,1625449482.0,64.0
-8.66,1625449482.0,64.0
-2.34,1625449482.0,64.0
3.53,1625449482.0,64.0
8.71,1625449482.0,64.0
12.96,1625449482.0,64.0
16.18,1625449482.0,64.0
18.46,1625449482.0,64.0
20.03,1625449482.0,64.0
21.22,1625449482.0,64.0
22.35,1625449482.0,64.0
23.58,1625449482.0,64.0
24.92,1625449482.0,64.0
26.22,1625449482.0,64.0
27.23,1625449482.0,64.0
27.74,1625449482.0,64.0
27.65,1625449482.0,64.0
26.94,1625449482.0,64.0
25.71,1625449482.0,64.0
24.11,1625449482.0,64.0
22.33,1625449482.0,64.0
20.51,1625449482.0,64.0
18.73,1625449482.0,64.0
16.94,1625449482.0,64.0
15.04,1625449482.0,64.0
12.92,1625449482.0,64.0
10.56,1625449482.0,64.0
7.99,1625449482.0,64.0
5.35,1625449482.0,64.0
2.71,1625449482.0,64.0
0.06,1625449482.0,64.0
-2.69,1625449482.0,64.0
-5.65,1625449482.0,64.0
-8.89,1625449482.0,64.0
-12.41,1625449482.0,64.0
-16.17,1625449482.0,64.0
-20.11,1625449482.0,64.0
-24.17,1625449482.0,64.0
-28.27,1625449482.0,64.0
-32.13,1625449482.0,64.0
-35.36,1625449482.0,64.0
-37.42,1625449482.0,64.0
-37.86,1625449482.0,64.0
-36.46,1625449482.0,64.0
-33.26,1625449482.0,64.0
-28.58,1625449482.0,64.0
-22.84,1625449482.0,64.0
-16.46,1625449482.0,64.0
-9.81,1625449482.0,64.0
-3.24,1625449482.0,64.0
2.93,1625449482.0,64.0
8.34,1625449482.0,64.0
12.75,1625449482.0,64.0
16.05,1625449482.0,64.0
18.37,1625449482.0,64.0
20.04,1625449482.0,64.0
21.42,1625449482.0,64.0
22.78,1625449482.0,64.0
24.21,1625449482.0,64.0
25.63,1625449482.0,64.0
26.84,1625449482.0,64.0
27.69,1625449482.0,64.0
28.07,1625449482.0,64.0
27.99,1625449482.0,64.0
27.51,1625449482.0,64.0
26.67,1625449482.0,64.0
25.51,1625449482.0,64.0
24.07,1625449482.0,64.0
22.37,1625449482.0,64.0
20.46,1625449482.0,64.0
18.39,1625449482.0,64.0
16.2,1625449482.0,64.0
13.89,1625449482.0,64.0
11.46,1625449482.0,64.0
8.91,1625449482.0,64.0
6.32,1625449482.0,64.0
3.74,1625449482.0,64.0
1.22,1625449482.0,64.0
-1.21,1625449482.0,64.0
-3.61,1625449482.0,64.0
-6.07,1625449482.0,64.0
-8.71,1625449482.0,64.0
-11.64,1625449482.0,64.0
-14.95,1625449482.0,64.0
-18.67,1625449482.0,64.0
-22.77,1625449482.0,64.0
-27.05,1625449482.0,64.0
-31.1,1625449482.0,64.0
-34.35,1625449482.0,64.0
-36.21,1625449482.0,64.0
-36.21,1625449482.0,64.0
-34.21,1625449482.0,64.0
-30.43,1625449482.0,64.0
-25.33,1625449482.0,64.0
-19.51,1625449482.0,64.0
-13.46,1625449482.0,64.0
-7.51,1625449482.0,64.0
-1.84,1625449482.0,64.0
3.43,1625449482.0,64.0
8.17,1625449482.0,64.0
12.19,1625449482.0,64.0
15.33,1625449482.0,64.0
17.54,1625449482.0,64.0
18.96,1625449482.0,64.0
19.89,1625449482.0,64.0
20.66,1625449482.0,64.0
21.54,1625449482.0,64.0
22.6,1625449482.0,64.0
23.76,1625449482.0,64.0
24.78,1625449482.0,64.0
25.44,1625449482.0,64.0
25.59,1625449482.0,64.0
25.19,1625449482.0,64.0
24.35,1625449482.0,64.0
23.15,1625449482.0,64.0
21.67,1625449482.0,64.0
19.94,1625449482.0,64.0
18.01,1625449482.0,64.0
15.92,1625449482.0,64.0
13.81,1625449482.0,64.0
11.8,1625449482.0,64.0
9.91,1625449482.0,64.0
8.07,1625449482.0,64.0
6.08,1625449482.0,64.0
3.78,1625449482.0,64.0
1.09,1625449482.0,64.0
-1.89,1625449482.0,64.0
-4.97,1625449482.0,64.0
-7.94,1625449482.0,64.0
-10.71,1625449482.0,64.0
-13.37,1625449482.0,64.0
-16.13,1625449482.0,64.0
-19.19,1625449482.0,64.0
-22.67,1625449482.0,64.0
-26.46,1625449482.0,64.0
-30.24,1625449482.0,64.0
-33.54,1625449482.0,64.0
-35.84,1625449482.0,64.0
-36.68,1625449482.0,64.0
-35.85,1625449482.0,64.0
-33.34,1625449482.0,64.0
-29.4,1625449482.0,64.0
-24.41,1625449482.0,64.0
-18.76,1625449482.0,64.0
-12.84,1625449482.0,64.0
-6.97,1625449482.0,64.0
-1.44,1625449482.0,64.0
3.51,1625449482.0,64.0
7.67,1625449482.0,64.0
10.92,1625449482.0,64.0
13.28,1625449482.0,64.0
14.91,1625449482.0,64.0
16.09,1625449482.0,64.0
17.12,1625449482.0,64.0
18.22,1625449482.0,64.0
19.46,1625449482.0,64.0
20.72,1625449482.0,64.0
21.81,1625449482.0,64.0
22.53,1625449482.0,64.0
22.74,1625449482.0,64.0
22.49,1625449482.0,64.0
21.89,1625449482.0,64.0
21.11,1625449482.0,64.0
20.27,1625449482.0,64.0
19.35,1625449482.0,64.0
18.25,1625449482.0,64.0
16.83,1625449482.0,64.0
15.01,1625449482.0,64.0
12.84,1625449482.0,64.0
10.47,1625449482.0,64.0
8.08,1625449482.0,64.0
5.81,1625449482.0,64.0
3.68,1625449482.0,64.0
1.6,1625449482.0,64.0
-0.54,1625449482.0,64.0
-2.82,1625449482.0,64.0
-5.23,1625449482.0,64.0
-7.75,1625449482.0,64.0
-10.35,1625449482.0,64.0
-13.12,1625449482.0,64.0
-16.22,1625449482.0,64.0
-19.77,1625449482.0,64.0
-23.69,1625449482.0,64.0
-27.65,1625449482.0,64.0
-31.09,1625449482.0,64.0
-33.39,1625449482.0,64.0
-34.08,1625449482.0,64.0
-32.99,1625449482.0,64.0
-30.26,1625449482.0,64.0
-26.24,1625449482.0,64.0
-21.35,1625449482.0,64.0
-15.99,1625449482.0,64.0
-10.48,1625449482.0,64.0
-5.13,1625449482.0,64.0
-0.21,1625449482.0,64.0
4.04,1625449482.0,64.0
7.42,1625449482.0,64.0
9.87,1625449482.0,64.0
11.45,1625449482.0,64.0
12.37,1625449482.0,64.0
12.9,1625449482.0,64.0
13.38,1625449482.0,64.0
14.03,1625449482.0,64.0
14.95,1625449482.0,64.0
16.03,1625449482.0,64.0
17.04,1625449482.0,64.0
17.69,1625449482.0,64.0
17.82,1625449482.0,64.0
17.47,1625449482.0,64.0
16.77,1625449482.0,64.0
15.9,1625449482.0,64.0
14.96,1625449482.0,64.0
13.85,1625449482.0,64.0
12.43,1625449482.0,64.0
10.6,1625449482.0,64.0
8.43,1625449482.0,64.0
6.1,1625449482.0,64.0
3.83,1625449482.0,64.0
1.76,1625449482.0,64.0
-0.14,1625449482.0,64.0
-1.99,1625449482.0,64.0
-3.95,1625449482.0,64.0
-6.14,1625449482.0,64.0
-8.59,1625449482.0,64.0
-11.33,1625449482.0,64.0
-14.37,1625449482.0,64.0
-17.76,1625449482.0,64.0
-21.48,1625449482.0,64.0
-25.41,1625449482.0,64.0
-29.25,1625449482.0,64.0
-32.59,1625449482.0,64.0
-34.96,1625449482.0,64.0
-35.97,1625449482.0,64.0
-35.39,1625449482.0,64.0
-33.19,1625449482.0,64.0
-29.55,1625449482.0,64.0
-24.81,1625449482.0,64.0
-19.41,1625449482.0,64.0
-13.76,1625449482.0,64.0
-8.23,1625449482.0,64.0
-3.09,1625449482.0,64.0
1.47,1625449482.0,64.0
5.33,1625449482.0,64.0
8.42,1625449482.0,64.0
10.73,1625449482.0,64.0
12.36,1625449482.0,64.0
13.46,1625449482.0,64.0
14.31,1625449482.0,64.0
15.18,1625449482.0,64.0
16.31,1625449482.0,64.0
17.77,1625449482.0,64.0
19.41,1625449482.0,64.0
20.92,1625449482.0,64.0
21.94,1625449482.0,64.0
22.18,1625449482.0,64.0
21.54,1625449482.0,64.0
20.14,1625449482.0,64.0
18.25,1625449482.0,64.0
16.11,1625449482.0,64.0
13.91,1625449482.0,64.0
11.66,1625449482.0,64.0
9.32,1625449482.0,64.0
6.85,1625449482.0,64.0
4.29,1625449482.0,64.0
1.71,1625449482.0,64.0
-0.79,1625449482.0,64.0
-3.18,1625449482.0,64.0
-5.52,1625449482.0,64.0
-7.94,1625449482.0,64.0
-10.6,1625449482.0,64.0
-13.58,1625449482.0,64.0
-16.89,1625449482.0,64.0
-20.49,1625449482.0,64.0
-24.28,1625449482.0,64.0
-28.12,1625449482.0,64.0
-31.81,1625449482.0,64.0
-35.01,1625449482.0,64.0
-37.32,1625449482.0,64.0
-38.3,1625449482.0,64.0
-37.66,1625449482.0,64.0
-35.36,1625449482.0,64.0
-31.64,1625449482.0,64.0
-26.9,1625449482.0,64.0
-21.59,1625449482.0,64.0
-16.06,1625449482.0,64.0
-10.52,1625449482.0,64.0
-5.1,1625449482.0,64.0
0.1,1625449482.0,64.0
4.86,1625449482.0,64.0
8.96,1625449482.0,64.0
12.21,1625449482.0,64.0
14.6,1625449482.0,64.0
16.29,1625449482.0,64.0
17.55,1625449482.0,64.0
18.66,1625449482.0,64.0
19.79,1625449482.0,64.0
20.91,1625449482.0,64.0
21.91,1625449482.0,64.0
22.63,1625449482.0,64.0
22.96,1625449482.0,64.0
22.92,1625449482.0,64.0
22.58,1625449482.0,64.0
22.02,1625449482.0,64.0
21.25,1625449482.0,64.0
20.25,1625449482.0,64.0
18.95,1625449482.0,64.0
17.28,1625449482.0,64.0
15.26,1625449482.0,64.0
12.92,1625449482.0,64.0
10.32,1625449482.0,64.0
7.54,1625449482.0,64.0
4.61,1625449482.0,64.0
1.62,1625449482.0,64.0
-1.37,1625449482.0,64.0
-4.3,1625449482.0,64.0
-7.12,1625449482.0,64.0
-9.84,1625449482.0,64.0
-12.58,1625449482.0,64.0
-15.5,1625449482.0,64.0
-18.8,1625449482.0,64.0
-22.57,1625449482.0,64.0
-26.71,1625449482.0,64.0
-30.9,1625449482.0,64.0
-34.57,1625449482.0,64.0
-37.08,1625449482.0,64.0
-37.87,1625449482.0,64.0
-36.69,1625449482.0,64.0
-33.63,1625449482.0,64.0
-29.08,1625449482.0,64.0
-23.59,1625449482.0,64.0
-17.64,1625449482.0,64.0
-11.59,1625449482.0,64.0
-5.65,1625449482.0,64.0
-0.01,1625449482.0,64.0
5.11,1625449482.0,64.0
9.46,1625449482.0,64.0
12.82,1625449482.0,64.0
15.15,1625449482.0,64.0
16.66,1625449482.0,64.0
17.72,1625449482.0,64.0
18.74,1625449482.0,64.0
19.98,1625449482.0,64.0
21.47,1625449482.0,64.0
23.02,1625449482.0,64.0
24.3,1625449482.0,64.0
25.02,1625449482.0,64.0
25.0,1625449482.0,64.0
24.25,1625449482.0,64.0
22.89,1625449482.0,64.0
21.14,1625449482.0,64.0
19.22,1625449482.0,64.0
17.34,1625449482.0,64.0
15.59,1625449482.0,64.0
13.96,1625449482.0,64.0
12.35,1625449482.0,64.0
10.62,1625449482.0,64.0
8.66,1625449482.0,64.0
6.47,1625449482.0,64.0
4.12,1625449482.0,64.0
1.7,1625449482.0,64.0
-0.75,1625449482.0,64.0
-3.27,1625449482.0,64.0
-5.89,1625449482.0,64.0
-8.65,1625449482.0,64.0
-11.56,1625449482.0,64.0
-14.62,1625449482.0,64.0
-17.88,1625449482.0,64.0
-21.44,1625449482.0,64.0
-25.32,1625449482.0,64.0
-29.37,1625449482.0,64.0
-33.12,1625449482.0,64.0
-35.91,1625449482.0,64.0
-37.04,1625449482.0,64.0
-36.11,1625449482.0,64.0
-33.14,1625449482.0,64.0
-28.58,1625449482.0,64.0
-23.11,1625449482.0,64.0
-17.37,1625449482.0,64.0
-11.76,1625449482.0,64.0
-6.42,1625449482.0,64.0
-1.36,1625449482.0,64.0
3.41,1625449482.0,64.0
7.72,1625449482.0,64.0
11.34,1625449482.0,64.0
14.08,1625449482.0,64.0
15.92,1625449482.0,64.0
17.11,1625449482.0,64.0
18.02,1625449482.0,64.0
19.03,1625449482.0,64.0
20.29,1625449482.0,64.0
21.69,1625449482.0,64.0
22.95,1625449482.0,64.0
23.75,1625449482.0,64.0
23.91,1625449482.0,64.0
23.49,1625449482.0,64.0
22.66,1625449482.0,64.0
21.62,1625449482.0,64.0
20.49,1625449482.0,64.0
19.24,1625449482.0,64.0
17.76,1625449482.0,64.0
15.99,1625449482.0,64.0
13.93,1625449482.0,64.0
11.67,1625449482.0,64.0
9.28,1625449482.0,64.0
6.83,1625449482.0,64.0
4.37,1625449482.0,64.0
1.9,1625449482.0,64.0
-0.58,1625449482.0,64.0
-3.06,1625449482.0,64.0
-5.58,1625449482.0,64.0
-8.21,1625449482.0,64.0
-11.04,1625449482.0,64.0
-14.15,1625449482.0,64.0
-17.54,1625449482.0,64.0
-21.19,1625449482.0,64.0
-24.97,1625449482.0,64.0
-28.68,1625449482.0,64.0
-31.98,1625449482.0,64.0
-34.44,1625449482.0,64.0
-35.6,1625449482.0,64.0
-35.07,1625449482.0,64.0
-32.74,1625449482.0,64.0
-28.81,1625449482.0,64.0
-23.78,1625449482.0,64.0
-18.25,1625449482.0,64.0
-12.77,1625449482.0,64.0
-7.62,1625449482.0,64.0
-2.89,1625449482.0,64.0
1.47,1625449482.0,64.0
5.42,1625449482.0,64.0
8.85,1625449482.0,64.0
11.59,1625449482.0,64.0
13.55,1625449482.0,64.0
14.82,1625449482.0,64.0
15.7,1625449482.0,64.0
16.56,1625449482.0,64.0
17.66,1625449482.0,64.0
19.05,1625449482.0,64.0
20.51,1625449482.0,64.0
21.68,1625449482.0,64.0
22.24,1625449482.0,64.0
22.05,1625449482.0,64.0
21.25,1625449482.0,64.0
20.09,1625449482.0,64.0
18.89,1625449482.0,64.0
17.84,1625449482.0,64.0
16.95,1625449482.0,64.0
16.07,1625449482.0,64.0
14.95,1625449482.0,64.0
13.41,1625449482.0,64.0
11.4,1625449482.0,64.0
8.98,1625449482.0,64.0
6.3,1625449482.0,64.0
3.52,1625449482.0,64.0
0.74,1625449482.0,64.0
-1.99,1625449482.0,64.0
-4.62,1625449482.0,64.0
-7.15,1625449482.0,64.0
-9.57,1625449482.0,64.0
-11.97,1625449482.0,64.0
-14.51,1625449482.0,64.0
-17.36,1625449482.0,64.0
-20.63,1625449482.0,64.0
-24.21,1625449482.0,64.0
-27.74,1625449482.0,64.0
-30.64,1625449482.0,64.0
-32.33,1625449482.0,64.0
-32.35,1625449482.0,64.0
-30.55,1625449482.0,64.0
-27.12,1625449482.0,64.0
-22.5,1625449482.0,64.0
-17.22,1625449482.0,64.0
-11.75,1625449482.0,64.0
-6.42,1625449482.0,64.0
-1.45,1625449482.0,64.0
3.0,1625449482.0,64.0
6.79,1625449482.0,64.0
9.8,1625449482.0,64.0
12.0,1625449482.0,64.0
13.47,1625449482.0,64.0
14.45,1625449482.0,64.0
15.26,1625449482.0,64.0
16.14,1625449482.0,64.0
17.23,1625449482.0,64.0
18.48,1625449482.0,64.0
19.69,1625449482.0,64.0
20.66,1625449482.0,64.0
21.21,1625449482.0,64.0
21.3,1625449482.0,64.0
20.92,1625449482.0,64.0
20.15,1625449482.0,64.0
19.06,1625449482.0,64.0
17.69,1625449482.0,64.0
16.11,1625449482.0,64.0
14.37,1625449482.0,64.0
12.51,1625449482.0,64.0
10.56,1625449482.0,64.0
8.54,1625449482.0,64.0
6.48,1625449482.0,64.0
4.39,1625449482.0,64.0
2.26,1625449482.0,64.0
0.1,1625449482.0,64.0
-2.13,1625449482.0,64.0
-4.51,1625449482.0,64.0
-7.08,1625449482.0,64.0
-9.88,1625449482.0,64.0
-12.9,1625449482.0,64.0
-16.07,1625449482.0,64.0
-19.34,1625449482.0,64.0
-22.59,1625449482.0,64.0
-25.65,1625449482.0,64.0
-28.26,1625449482.0,64.0
-30.08,1625449482.0,64.0
-30.71,1625449482.0,64.0
-29.86,1625449482.0,64.0
-27.44,1625449482.0,64.0
-23.65,1625449482.0,64.0
-18.89,1625449482.0,64.0
-13.71,1625449482.0,64.0
-8.55,1625449482.0,64.0
-3.73,1625449482.0,64.0
0.61,1625449482.0,64.0
4.39,1625449482.0,64.0
7.55,1625449482.0,64.0
9.99,1625449482.0,64.0
11.62,1625449482.0,64.0
12.51,1625449482.0,64.0
12.85,1625449482.0,64.0
13.01,1625449482.0,64.0
13.34,1625449482.0,64.0
14.01,1625449482.0,64.0
14.99,1625449482.0,64.0
15.99,1625449482.0,64.0
16.67,1625449482.0,64.0
16.8,1625449482.0,64.0
16.35,1625449482.0,64.0
15.5,1625449482.0,64.0
14.44,1625449482.0,64.0
13.31,1625449482.0,64.0
12.08,1625449482.0,64.0
10.64,1625449482.0,64.0
8.85,1625449482.0,64.0
6.69,1625449482.0,64.0
4.28,1625449482.0,64.0
1.82,1625449482.0,64.0
-0.5,1625449482.0,64.0
-2.58,1625449482.0,64.0
-4.44,1625449482.0,64.0
-6.2,1625449482.0,64.0
-7.99,1625449482.0,64.0
-9.95,1625449482.0,64.0
-12.22,1625449482.0,64.0
-14.88,1625449482.0,64.0
-17.99,1625449482.0,64.0
-21.45,1625449482.0,64.0
-25.02,1625449482.0,64.0
-28.2,1625449482.0,64.0
-30.4,1625449482.0,64.0
-31.07,1625449482.0,64.0
-29.89,1625449482.0,64.0
-26.9,1625449482.0,64.0
-22.47,1625449482.0,64.0
-17.17,1625449482.0,64.0
-11.58,1625449482.0,64.0
-6.18,1625449482.0,64.0
-1.24,1625449482.0,64.0
3.08,1625449482.0,64.0
6.68,1625449482.0,64.0
9.5,1625449482.0,64.0
11.54,1625449482.0,64.0
12.89,1625449482.0,64.0
13.71,1625449482.0,64.0
14.29,1625449482.0,64.0
14.84,1625449482.0,64.0
15.5,1625449482.0,64.0
16.24,1625449482.0,64.0
16.9,1625449482.0,64.0
17.29,1625449482.0,64.0
17.26,1625449482.0,64.0
16.81,1625449482.0,64.0
16.05,1625449482.0,64.0
15.14,1625449482.0,64.0
14.15,1625449482.0,64.0
13.03,1625449482.0,64.0
11.63,1625449482.0,64.0
9.78,1625449482.0,64.0
7.47,1625449482.0,64.0
4.83,1625449482.0,64.0
2.11,1625449482.0,64.0
-0.44,1625449482.0,64.0
-2.73,1625449482.0,64.0
-4.81,1625449482.0,64.0
-6.86,1625449482.0,64.0
-9.12,1625449482.0,64.0
-11.72,1625449482.0,64.0
-14.73,1625449482.0,64.0
-18.16,1625449482.0,64.0
-21.93,1625449482.0,64.0
-25.87,1625449482.0,64.0
-29.64,1625449482.0,64.0
-32.79,1625449482.0,64.0
-34.78,1625449482.0,64.0
-35.16,1625449482.0,64.0
-33.71,1625449482.0,64.0
-30.49,1625449482.0,64.0
-25.87,1625449482.0,64.0
-20.35,1625449482.0,64.0
-14.44,1625449482.0,64.0
-8.52,1625449482.0,64.0
-2.87,1625449482.0,64.0
2.37,1625449482.0,64.0
7.01,1625449482.0,64.0
10.85,1625449482.0,64.0
13.69,1625449482.0,64.0
15.47,1625449482.0,64.0
16.36,1625449482.0,64.0
16.73,1625449482.0,64.0
17.08,1625449482.0,64.0
17.79,1625449482.0,64.0
18.97,1625449482.0,64.0
20.36,1625449482.0,64.0
21.52,1625449482.0,64.0
22.01,1625449482.0,64.0
21.66,1625449482.0,64.0
20.6,1625449482.0,64.0
19.17,1625449482.0,64.0
17.68,1625449482.0,64.0
16.25,1625449482.0,64.0
14.75,1625449482.0,64.0
12.95,1625449482.0,64.0
10.69,1625449482.0,64.0
8.01,1625449482.0,64.0
5.12,1625449482.0,64.0
2.27,1625449482.0,64.0
-0.38,1625449482.0,64.0
-2.88,1625449482.0,64.0
-5.42,1625449482.0,64.0
-8.23,1625449482.0,64.0
-11.4,1625449482.0,64.0
-14.92,1625449482.0,64.0
-18.65,1625449482.0,64.0
-22.46,1625449482.0,64.0
-26.17,1625449482.0,64.0
-29.62,1625449482.0,64.0
-32.54,1625449482.0,64.0
-34.59,1625449482.0,64.0
-35.36,1625449482.0,64.0
-34.57,1625449482.0,64.0
-32.09,1625449482.0,64.0
-28.1,1625449482.0,64.0
-22.98,1625449482.0,64.0
-17.2,1625449482.0,64.0
-11.22,1625449482.0,64.0
-5.32,1625449482.0,64.0
0.34,1625449482.0,64.0
5.62,1625449482.0,64.0
10.37,1625449482.0,64.0
14.36,1625449482.0,64.0
17.36,1625449482.0,64.0
19.31,1625449482.0,64.0
20.36,1625449482.0,64.0
20.87,1625449482.0,64.0
21.31,1625449482.0,64.0
22.03,1625449482.0,64.0
23.14,1625449482.0,64.0
24.43,1625449482.0,64.0
25.5,1625449482.0,64.0
25.95,1625449482.0,64.0
25.58,1625449482.0,64.0
24.45,1625449482.0,64.0
22.84,1625449482.0,64.0
21.06,1625449482.0,64.0
19.31,1625449482.0,64.0
17.57,1625449482.0,64.0
15.64,1625449482.0,64.0
13.36,1625449482.0,64.0
10.67,1625449482.0,64.0
7.68,1625449482.0,64.0
4.63,1625449482.0,64.0
1.74,1625449482.0,64.0
-0.92,1625449482.0,64.0
-3.4,1625449482.0,64.0
-5.9,1625449482.0,64.0
-8.65,1625449482.0,64.0
-11.8,1625449482.0,64.0
-15.44,1625449482.0,64.0
-19.55,1625449482.0,64.0
-23.96,1625449482.0,64.0
-28.36,1625449482.0,64.0
-32.28,1625449482.0,64.0
-35.17,1625449482.0,64.0
-36.57,1625449482.0,64.0
-36.23,1625449482.0,64.0
-34.16,1625449482.0,64.0
-30.63,1625449482.0,64.0
-26.01,1625449482.0,64.0
-20.67,1625449482.0,64.0
-14.87,1625449482.0,64.0
-8.8,1625449482.0,64.0
-2.61,1625449482.0,64.0
3.42,1625449482.0,64.0
8.92,1625449482.0,64.0
13.51,1625449482.0,64.0
16.9,1625449482.0,64.0
19.11,1625449482.0,64.0
20.39,1625449482.0,64.0
21.24,1625449482.0,64.0
22.11,1625449482.0,64.0
23.3,1625449482.0,64.0
24.79,1625449482.0,64.0
26.34,1625449482.0,64.0
27.59,1625449482.0,64.0
28.29,1625449482.0,64.0
28.37,1625449482.0,64.0
27.92,1625449482.0,64.0
27.09,1625449482.0,64.0
25.97,1625449482.0,64.0
24.54,1625449482.0,64.0
22.71,1625449482.0,64.0
20.42,1625449482.0,64.0
17.74,1625449482.0,64.0
14.82,1625449482.0,64.0
11.89,1625449482.0,64.0
9.07,1625449482.0,64.0
6.41,1625449482.0,64.0
3.82,1625449482.0,64.0
1.14,1625449482.0,64.0
-1.74,1625449482.0,64.0
-4.88,1625449482.0,64.0
-8.25,1625449482.0,64.0
-11.86,1625449482.0,64.0
-15.71,1625449482.0,64.0
-19.85,1625449482.0,64.0
-24.28,1625449482.0,64.0
-28.82,1625449482.0,64.0
-33.06,1625449482.0,64.0
-36.37,1625449482.0,64.0
-38.14,1625449482.0,64.0
-37.89,1625449482.0,64.0
-35.56,1625449482.0,64.0
-31.45,1625449482.0,64.0
-26.15,1625449482.0,64.0
-20.25,1625449482.0,64.0
-14.22,1625449482.0,64.0
-8.28,1625449482.0,64.0
-2.55,1625449482.0,64.0
2.85,1625449482.0,64.0
7.76,1625449482.0,64.0
11.96,1625449482.0,64.0
15.34,1625449482.0,64.0
17.94,1625449482.0,64.0
19.99,1625449482.0,64.0
21.75,1625449482.0,64.0
23.45,1625449482.0,64.0
25.12,1625449482.0,64.0
26.66,1625449482.0,64.0
27.85,1625449482.0,64.0
28.53,1625449482.0,64.0
28.6,1625449482.0,64.0
28.07,1625449482.0,64.0
27.1,1625449482.0,64.0
25.88,1625449482.0,64.0
24.56,1625449482.0,64.0
23.26,1625449482.0,64.0
21.93,1625449482.0,64.0
20.44,1625449482.0,64.0
18.62,1625449482.0,64.0
16.38,1625449482.0,64.0
13.75,1625449482.0,64.0
10.95,1625449482.0,64.0
8.21,1625449482.0,64.0
5.72,1625449482.0,64.0
3.45,1625449482.0,64.0
1.24,1625449482.0,64.0
-1.14,1625449482.0,64.0
-3.85,1625449482.0,64.0
-6.93,1625449482.0,64.0
-10.29,1625449482.0,64.0
-13.84,1625449482.0,64.0
-17.51,1625449482.0,64.0
-21.28,1625449482.0,64.0
-25.04,1625449482.0,64.0
-28.57,1625449482.0,64.0
-31.45,1625449482.0,64.0
-33.13,1625449482.0,64.0
-33.19,1625449482.0,64.0
-31.44,1625449482.0,64.0
-28.07,1625449482.0,64.0
-23.56,1625449482.0,64.0
-18.46,1625449482.0,64.0
-13.24,1625449482.0,64.0
-8.18,1625449482.0,64.0
-3.38,1625449482.0,64.0
1.12,1625449482.0,64.0
5.24,1625449482.0,64.0
8.84,1625449482.0,64.0
11.82,1625449482.0,64.0
14.15,1625449482.0,64.0
15.99,1625449482.0,64.0
17.59,1625449482.0,64.0
19.21,1625449482.0,64.0
20.95,1625449482.0,64.0
22.73,1625449482.0,64.0
24.33,1625449482.0,64.0
25.44,1625449482.0,64.0
25.87,1625449482.0,64.0
25.54,1625449482.0,64.0
24.56,1625449482.0,64.0
23.15,1625449482.0,64.0
21.55,1625449482.0,64.0
19.99,1625449482.0,64.0
18.6,1625449482.0,64.0
17.41,1625449482.0,64.0
16.32,1625449482.0,64.0
15.17,1625449482.0,64.0
13.74,1625449482.0,64.0
11.87,1625449482.0,64.0
9.51,1625449482.0,64.0
6.76,1625449482.0,64.0
3.85,1625449482.0,64.0
1.01,1625449482.0,64.0
-1.61,1625449482.0,64.0
-4.0,1625449482.0,64.0
-6.26,1625449482.0,64.0
-8.6,1625449482.0,64.0
-11.19,1625449482.0,64.0
-14.17,1625449482.0,64.0
-17.6,1625449482.0,64.0
-21.45,1625449482.0,64.0
-25.59,1625449482.0,64.0
-29.78,1625449482.0,64.0
-33.58,1625449482.0,64.0
-36.47,1625449482.0,64.0
-37.89,1625449482.0,64.0
-37.41,1625449482.0,64.0
-34.9,1625449482.0,64.0
-30.61,1625449482.0,64.0
-25.14,1625449482.0,64.0
-19.18,1625449482.0,64.0
-13.34,1625449482.0,64.0
-7.97,1625449482.0,64.0
-3.13,1625449482.0,64.0
1.24,1625449482.0,64.0
5.2,1625449482.0,64.0
8.63,1625449482.0,64.0
11.38,1625449482.0,64.0
13.33,1625449482.0,64.0
14.57,1625449482.0,64.0
15.38,1625449482.0,64.0
16.14,1625449482.0,64.0
17.11,1625449482.0,64.0
18.32,1625449482.0,64.0
19.56,1625449482.0,64.0
20.54,1625449482.0,64.0
21.05,1625449482.0,64.0
21.05,1625449482.0,64.0
20.68,1625449482.0,64.0
20.08,1625449482.0,64.0
19.36,1625449482.0,64.0
18.47,1625449482.0,64.0
17.3,1625449482.0,64.0
15.78,1625449482.0,64.0
13.95,1625449482.0,64.0
11.94,1625449482.0,64.0
9.86,1625449482.0,64.0
7.78,1625449482.0,64.0
5.66,1625449482.0,64.0
3.41,1625449482.0,64.0
0.96,1625449482.0,64.0
-1.7,1625449482.0,64.0
-4.52,1625449482.0,64.0
-7.39,1625449482.0,64.0
-10.22,1625449482.0,64.0
-13.01,1625449482.0,64.0
-15.79,1625449482.0,64.0
-18.65,1625449482.0,64.0
-21.68,1625449482.0,64.0
-24.85,1625449482.0,64.0
-28.01,1625449482.0,64.0
-30.82,1625449482.0,64.0
-32.84,1625449482.0,64.0
-33.62,1625449482.0,64.0
-32.83,1625449482.0,64.0
-30.4,1625449482.0,64.0
-26.51,1625449482.0,64.0
-21.54,1625449482.0,64.0
-15.96,1625449482.0,64.0
-10.19,1625449482.0,64.0
-4.58,1625449482.0,64.0
0.59,1625449482.0,64.0
5.11,1625449482.0,64.0
8.77,1625449482.0,64.0
11.47,1625449482.0,64.0
13.21,1625449482.0,64.0
14.2,1625449482.0,64.0
14.76,1625449482.0,64.0
15.26,1625449482.0,64.0
15.96,1625449482.0,64.0
16.9,1625449482.0,64.0
17.98,1625449482.0,64.0
18.98,1625449482.0,64.0
19.7,1625449482.0,64.0
20.03,1625449482.0,64.0
19.93,1625449482.0,64.0
19.45,1625449482.0,64.0
18.62,1625449482.0,64.0
17.5,1625449482.0,64.0
16.13,1625449482.0,64.0
14.61,1625449482.0,64.0
13.02,1625449482.0,64.0
11.38,1625449482.0,64.0
9.64,1625449482.0,64.0
7.75,1625449482.0,64.0
5.67,1625449482.0,64.0
3.45,1625449482.0,64.0
1.19,1625449482.0,64.0
-1.06,1625449482.0,64.0
-3.31,1625449482.0,64.0
-5.67,1625449482.0,64.0
-8.24,1625449482.0,64.0
-11.05,1625449482.0,64.0
-14.03,1625449482.0,64.0
-17.07,1625449482.0,64.0
-20.05,1625449482.0,64.0
-22.9,1625449482.0,64.0
-25.51,1625449482.0,64.0
-27.66,1625449482.0,64.0
-29.05,1625449482.0,64.0
-29.27,1625449482.0,64.0
-28.06,1625449482.0,64.0
-25.37,1625449482.0,64.0
-21.42,1625449482.0,64.0
-16.59,1625449482.0,64.0
-11.34,1625449482.0,64.0
-6.03,1625449482.0,64.0
-0.96,1625449482.0,64.0
3.63,1625449482.0,64.0
7.52,1625449482.0,64.0
10.53,1625449482.0,64.0
12.58,1625449482.0,64.0
13.71,1625449482.0,64.0
14.17,1625449482.0,64.0
14.29,1625449482.0,64.0
14.44,1625449482.0,64.0
14.89,1625449482.0,64.0
15.73,1625449482.0,64.0
16.81,1625449482.0,64.0
17.85,1625449482.0,64.0
18.5,1625449482.0,64.0
18.49,1625449482.0,64.0
17.76,1625449482.0,64.0
16.46,1625449482.0,64.0
14.91,1625449482.0,64.0
13.36,1625449482.0,64.0
11.9,1625449482.0,64.0
10.41,1625449482.0,64.0
8.69,1625449482.0,64.0
6.58,1625449482.0,64.0
4.09,1625449482.0,64.0
1.4,1625449482.0,64.0
-1.26,1625449482.0,64.0
-3.72,1625449482.0,64.0
-5.99,1625449482.0,64.0
-8.18,1625449482.0,64.0
-10.47,1625449482.0,64.0
-12.96,1625449482.0,64.0
-15.72,1625449482.0,64.0
-18.75,1625449482.0,64.0
-22.01,1625449482.0,64.0
-25.48,1625449482.0,64.0
-28.98,1625449482.0,64.0
-32.21,1625449482.0,64.0
-34.66,1625449482.0,64.0
-35.79,1625449482.0,64.0
-35.2,1625449482.0,64.0
-32.76,1625449482.0,64.0
-28.74,1625449482.0,64.0
-23.66,1625449482.0,64.0
-18.15,1625449482.0,64.0
-12.73,1625449482.0,64.0
-7.68,1625449482.0,64.0
-3.07,1625449482.0,64.0
1.09,1625449482.0,64.0
4.75,1625449482.0,64.0
7.8,1625449482.0,64.0
10.18,1625449482.0,64.0
11.93,1625449482.0,64.0
13.31,1625449482.0,64.0
14.62,1625449482.0,64.0
16.1,1625449482.0,64.0
17.73,1625449482.0,64.0
19.28,1625449482.0,64.0
20.43,1625449482.0,64.0
20.92,1625449482.0,64.0
20.72,1625449482.0,64.0
20.03,1625449482.0,64.0
19.11,1625449482.0,64.0
18.17,1625449482.0,64.0
17.27,1625449482.0,64.0
16.33,1625449482.0,64.0
15.18,1625449482.0,64.0
13.68,1625449482.0,64.0
11.82,1625449482.0,64.0
9.66,1625449482.0,64.0
7.34,1625449482.0,64.0
5.01,1625449482.0,64.0
2.75,1625449482.0,64.0
0.57,1625449482.0,64.0
-1.64,1625449482.0,64.0
-4.05,1625449482.0,64.0
-6.81,1625449482.0,64.0
-10.01,1625449482.0,64.0
-13.61,1625449482.0,64.0
-17.54,1625449482.0,64.0
-21.66,1625449482.0,64.0
-25.82,1625449482.0,64.0
-29.84,1625449482.0,64.0
-33.42,1625449482.0,64.0
-36.22,1625449482.0,64.0
-37.79,1625449482.0,64.0
-37.78,1625449482.0,64.0
-36.03,1625449482.0,64.0
-32.62,1625449482.0,64.0
-27.9,1625449482.0,64.0
-22.38,1625449482.0,64.0
-16.51,1625449482.0,64.0
-10.66,1625449482.0,64.0
-5.02,1625449482.0,64.0
0.28,1625449482.0,64.0
5.1,1625449482.0,64.0
9.23,1625449482.0,64.0
12.5,1625449482.0,64.0
14.84,1625449482.0,64.0
16.41,1625449482.0,64.0
17.57,1625449482.0,64.0
18.66,1625449482.0,64.0
19.91,1625449482.0,64.0
21.29,1625449482.0,64.0
22.56,1625449482.0,64.0
23.43,1625449482.0,64.0
23.72,1625449482.0,64.0
23.43,1625449482.0,64.0
22.71,1625449482.0,64.0
21.74,1625449482.0,64.0
20.62,1625449482.0,64.0
19.38,1625449482.0,64.0
17.97,1625449482.0,64.0
16.36,1625449482.0,64.0
14.52,1625449482.0,64.0
12.46,1625449482.0,64.0
10.18,1625449482.0,64.0
7.72,1625449482.0,64.0
5.11,1625449482.0,64.0
2.44,1625449482.0,64.0
-0.24,1625449482.0,64.0
-2.9,1625449482.0,64.0
-5.59,1625449482.0,64.0
-8.37,1625449482.0,64.0
-11.29,1625449482.0,64.0
-14.36,1625449482.0,64.0
-17.62,1625449482.0,64.0
-21.14,1625449482.0,64.0
-25.01,1625449482.0,64.0
-29.2,1625449482.0,64.0
-33.47,1625449482.0,64.0
-37.29,1625449482.0,64.0
-39.92,1625449482.0,64.0
-40.67,1625449482.0,64.0
-39.18,1625449482.0,64.0
-35.61,1625449482.0,64.0
-30.57,1625449482.0,64.0
-24.83,1625449482.0,64.0
-19.03,1625449482.0,64.0
-13.46,1625449482.0,64.0
-8.1,1625449482.0,64.0
-2.81,1625449482.0,64.0
2.4,1625449482.0,64.0
7.3,1625449482.0,64.0
11.46,1625449482.0,64.0
14.51,1625449482.0,64.0
16.36,1625449482.0,64.0
17.19,1625449482.0,64.0
17.43,1625449482.0,64.0
17.6,1625449482.0,64.0
18.12,1625449482.0,64.0
19.28,1625449482.0,64.0
21.24,1625449482.0,64.0
24.02,1625449482.0,64.0
27.47,1625449482.0,64.0
31.28,1625449482.0,64.0
34.98,1625449482.0,64.0
38.05,1625449482.0,64.0
40.04,1625449482.0,64.0
40.67,1625449482.0,64.0
39.89,1625449482.0,64.0
37.81,1625449482.0,64.0
34.64,1625449482.0,64.0
30.62,1625449482.0,64.0
26.03,1625449482.0,64.0
21.13,1625449482.0,64.0
16.18,1625449482.0,64.0
11.42,1625449482.0,64.0
6.99,1625449482.0,64.0
2.92,1625449482.0,64.0
-0.87,1625449482.0,64.0
-4.56,1625449482.0,64.0
-8.31,1625449482.0,64.0
-12.29,1625449482.0,64.0
-16.58,1625449482.0,64.0
-21.2,1625449482.0,64.0
-26.03,1625449482.0,64.0
-30.8,1625449482.0,64.0
-35.16,1625449482.0,64.0
-38.65,1625449482.0,64.0
-40.85,1625449482.0,64.0
-41.48,1625449482.0,64.0
-40.45,1625449482.0,64.0
-37.92,1625449482.0,64.0
-34.17,1625449482.0,64.0
-29.54,1625449482.0,64.0
-24.33,1625449482.0,64.0
-18.77,1625449482.0,64.0
-13.06,1625449482.0,64.0
-7.38,1625449482.0,64.0
-2.03,1625449482.0,64.0
2.69,1625449482.0,64.0
6.47,1625449482.0,64.0
9.24,1625449482.0,64.0
11.13,1625449482.0,64.0
12.5,1625449482.0,64.0
13.74,1625449482.0,64.0
15.16,1625449482.0,64.0
16.83,1625449482.0,64.0
18.61,1625449482.0,64.0
20.29,1625449482.0,64.0
21.68,1625449482.0,64.0
22.67,1625449482.0,64.0
23.23,1625449482.0,64.0
23.38,1625449482.0,64.0
23.09,1625449482.0,64.0
22.38,1625449482.0,64.0
21.25,1625449482.0,64.0
19.77,1625449482.0,64.0
18.03,1625449482.0,64.0
16.09,1625449482.0,64.0
14.01,1625449482.0,64.0
11.74,1625449482.0,64.0
9.27,1625449482.0,64.0
6.63,1625449482.0,64.0
3.9,1625449482.0,64.0
1.2,1625449482.0,64.0
-1.34,1625449482.0,64.0
-3.63,1625449482.0,64.0
-5.7,1625449482.0,64.0
-7.66,1625449482.0,64.0
-9.65,1625449482.0,64.0
-11.86,1625449482.0,64.0
-14.46,1625449482.0,64.0
-17.57,1625449482.0,64.0
-21.24,1625449482.0,64.0
-25.37,1625449482.0,64.0
-29.64,1625449482.0,64.0
-33.54,1625449482.0,64.0
-36.41,1625449482.0,64.0
-37.57,1625449482.0,64.0
-36.63,1625449482.0,64.0
-33.58,1625449482.0,64.0
-28.86,1625449482.0,64.0
-23.21,1625449482.0,64.0
-17.34,1625449482.0,64.0
-11.79,1625449482.0,64.0
-6.73,1625449482.0,64.0
-2.15,1625449482.0,64.0
2.04,1625449482.0,64.0
5.82,1625449482.0,64.0
9.1,1625449482.0,64.0
11.75,1625449482.0,64.0
13.78,1625449482.0,64.0
15.31,1625449482.0,64.0
16.56,1625449482.0,64.0
17.67,1625449482.0,64.0
18.7,1625449482.0,64.0
19.6,1625449482.0,64.0
20.31,1625449482.0,64.0
20.88,1625449482.0,64.0
21.47,1625449482.0,64.0
22.26,1625449482.0,64.0
23.38,1625449482.0,64.0
24.79,1625449482.0,64.0
26.25,1625449482.0,64.0
27.45,1625449482.0,64.0
28.07,1625449482.0,64.0
27.88,1625449482.0,64.0
26.81,1625449482.0,64.0
24.97,1625449482.0,64.0
22.52,1625449482.0,64.0
19.68,1625449482.0,64.0
16.62,1625449482.0,64.0
13.46,1625449482.0,64.0
10.27,1625449482.0,64.0
7.03,1625449482.0,64.0
3.76,1625449482.0,64.0
0.46,1625449482.0,64.0
-2.85,1625449482.0,64.0
-6.13,1625449482.0,64.0
-9.39,1625449482.0,64.0
-12.73,1625449482.0,64.0
-16.26,1625449482.0,64.0
-20.09,1625449482.0,64.0
-24.16,1625449482.0,64.0
-28.17,1625449482.0,64.0
-31.61,1625449482.0,64.0
-33.88,1625449482.0,64.0
-34.49,1625449482.0,64.0
-33.27,1625449482.0,64.0
-30.38,1625449482.0,64.0
-26.26,1625449482.0,64.0
-21.42,1625449482.0,64.0
-16.26,1625449482.0,64.0
-11.06,1625449482.0,64.0
-5.95,1625449482.0,64.0
-1.08,1625449482.0,64.0
3.38,1625449482.0,64.0
7.18,1625449482.0,64.0
10.15,1625449482.0,64.0
12.19,1625449482.0,64.0
13.42,1625449482.0,64.0
14.07,1625449482.0,64.0
14.46,1625449482.0,64.0
14.88,1625449482.0,64.0
15.51,1625449482.0,64.0
16.37,1625449482.0,64.0
17.37,1625449482.0,64.0
18.3,1625449482.0,64.0
18.96,1625449482.0,64.0
19.22,1625449482.0,64.0
19.07,1625449482.0,64.0
18.55,1625449482.0,64.0
17.75,1625449482.0,64.0
16.71,1625449482.0,64.0
15.45,1625449482.0,64.0
14.0,1625449482.0,64.0
12.36,1625449482.0,64.0
10.58,1625449482.0,64.0
8.69,1625449482.0,64.0
6.7,1625449482.0,64.0
4.62,1625449482.0,64.0
2.47,1625449482.0,64.0
0.33,1625449482.0,64.0
-1.75,1625449482.0,64.0
-3.72,1625449482.0,64.0
-5.68,1625449482.0,64.0
-7.79,1625449482.0,64.0
-10.25,1625449482.0,64.0
-13.17,1625449482.0,64.0
-16.53,1625449482.0,64.0
-20.12,1625449482.0,64.0
-23.66,1625449482.0,64.0
-26.76,1625449482.0,64.0
-29.07,1625449482.0,64.0
-30.2,1625449482.0,64.0
-29.91,1625449482.0,64.0
-28.07,1625449482.0,64.0
-24.84,1625449482.0,64.0
-20.57,1625449482.0,64.0
-15.75,1625449482.0,64.0
-10.87,1625449482.0,64.0
-6.28,1625449482.0,64.0
-2.19,1625449482.0,64.0
1.35,1625449482.0,64.0
4.33,1625449482.0,64.0
6.73,1625449482.0,64.0
8.54,1625449482.0,64.0
9.81,1625449482.0,64.0
10.69,1625449482.0,64.0
11.39,1625449482.0,64.0
12.12,1625449482.0,64.0
13.0,1625449482.0,64.0
14.05,1625449482.0,64.0
15.16,1625449482.0,64.0
16.17,1625449482.0,64.0
16.92,1625449482.0,64.0
17.32,1625449482.0,64.0
17.36,1625449482.0,64.0
17.04,1625449482.0,64.0
16.41,1625449482.0,64.0
15.48,1625449482.0,64.0
14.24,1625449482.0,64.0
12.65,1625449482.0,64.0
10.71,1625449482.0,64.0
8.48,1625449482.0,64.0
6.12,1625449482.0,64.0
3.79,1625449482.0,64.0
1.6,1625449482.0,64.0
-0.38,1625449482.0,64.0
-2.24,1625449482.0,64.0
-4.08,1625449482.0,64.0
-5.99,1625449482.0,64.0
-8.02,1625449482.0,64.0
-10.23,1625449482.0,64.0
-12.69,1625449482.0,64.0
-15.5,1625449482.0,64.0
-18.75,1625449482.0,64.0
-22.34,1625449482.0,64.0
-25.94,1625449482.0,64.0
-28.98,1625449482.0,64.0
-30.82,1625449482.0,64.0
-30.97,1625449482.0,64.0
-29.26,1625449482.0,64.0
-25.92,1625449482.0,64.0
-21.4,1625449482.0,64.0
-16.29,1625449482.0,64.0
-11.09,1625449482.0,64.0
-6.24,1625449482.0,64.0
-2.08,1625449482.0,64.0
1.18,1625449482.0,64.0
3.43,1625449482.0,64.0
4.74,1625449482.0,64.0
5.38,1625449482.0,64.0
5.72,1625449482.0,64.0
6.14,1625449482.0,64.0
6.89,1625449482.0,64.0
8.0,1625449482.0,64.0
9.34,1625449482.0,64.0
10.67,1625449482.0,64.0
11.76,1625449482.0,64.0
12.46,1625449482.0,64.0
12.73,1625449482.0,64.0
12.67,1625449482.0,64.0
12.4,1625449482.0,64.0
12.07,1625449482.0,64.0
11.74,1625449482.0,64.0
11.36,1625449482.0,64.0
10.8,1625449482.0,64.0
9.88,1625449482.0,64.0
8.54,1625449482.0,64.0
6.86,1625449482.0,64.0
5.01,1625449482.0,64.0
3.21,1625449482.0,64.0
1.52,1625449482.0,64.0
-0.18,1625449482.0,64.0
-2.16,1625449482.0,64.0
-4.65,1625449482.0,64.0
-7.83,1625449482.0,64.0
-11.65,1625449482.0,64.0
-15.92,1625449482.0,64.0
-20.34,1625449482.0,64.0
-24.58,1625449482.0,64.0
-28.26,1625449482.0,64.0
-30.97,1625449482.0,64.0
-32.31,1625449482.0,64.0
-31.98,1625449482.0,64.0
-29.91,1625449482.0,64.0
-26.35,1625449482.0,64.0
-21.84,1625449482.0,64.0
-17.0,1625449482.0,64.0
-12.36,1625449482.0,64.0
-8.19,1625449482.0,64.0
-4.5,1625449482.0,64.0
-1.18,1625449482.0,64.0
1.84,1625449482.0,64.0
4.53,1625449482.0,64.0
6.77,1625449482.0,64.0
8.46,1625449482.0,64.0
9.67,1625449482.0,64.0
10.57,1625449482.0,64.0
11.43,1625449482.0,64.0
12.41,1625449482.0,64.0
13.46,1625449482.0,64.0
14.41,1625449482.0,64.0
15.05,1625449482.0,64.0
15.27,1625449482.0,64.0
15.09,1625449482.0,64.0
14.62,1625449482.0,64.0
13.98,1625449482.0,64.0
13.18,1625449482.0,64.0
12.1,1625449482.0,64.0
10.62,1625449482.0,64.0
8.66,1625449482.0,64.0
6.31,1625449482.0,64.0
3.8,1625449482.0,64.0
1.41,1625449482.0,64.0
-0.67,1625449482.0,64.0
-2.39,1625449482.0,64.0
-3.91,1625449482.0,64.0
-5.5,1625449482.0,64.0
-7.45,1625449482.0,64.0
-9.98,1625449482.0,64.0
-13.17,1625449482.0,64.0
-17.0,1625449482.0,64.0
-21.27,1625449482.0,64.0
-25.69,1625449482.0,64.0
-29.82,1625449482.0,64.0
-33.1,1625449482.0,64.0
-35.0,1625449482.0,64.0
-35.1,1625449482.0,64.0
-33.29,1625449482.0,64.0
-29.84,1625449482.0,64.0
-25.23,1625449482.0,64.0
-20.06,1625449482.0,64.0
-14.76,1625449482.0,64.0
-9.57,1625449482.0,64.0
-4.54,1625449482.0,64.0
0.28,1625449482.0,64.0
4.72,1625449482.0,64.0
8.53,1625449482.0,64.0
11.5,1625449482.0,64.0
13.57,1625449482.0,64.0
14.94,1625449482.0,64.0
15.93,1625449482.0,64.0
16.87,1625449482.0,64.0
17.89,1625449482.0,64.0
18.9,1625449482.0,64.0
19.67,1625449482.0,64.0
20.01,1625449482.0,64.0
19.85,1625449482.0,64.0
19.3,1625449482.0,64.0
18.55,1625449482.0,64.0
17.75,1625449482.0,64.0
16.92,1625449482.0,64.0
15.95,1625449482.0,64.0
14.67,1625449482.0,64.0
12.97,1625449482.0,64.0
10.83,1625449482.0,64.0
8.36,1625449482.0,64.0
5.75,1625449482.0,64.0
3.18,1625449482.0,64.0
0.75,1625449482.0,64.0
-1.53,1625449482.0,64.0
-3.72,1625449482.0,64.0
-5.96,1625449482.0,64.0
-8.38,1625449482.0,64.0
-11.1,1625449482.0,64.0
-14.15,1625449482.0,64.0
-17.49,1625449482.0,64.0
-20.98,1625449482.0,64.0
-24.38,1625449482.0,64.0
-27.36,1625449482.0,64.0
-29.55,1625449482.0,64.0
-30.57,1625449482.0,64.0
-30.11,1625449482.0,64.0
-28.04,1625449482.0,64.0
-24.43,1625449482.0,64.0
-19.58,1625449482.0,64.0
-13.95,1625449482.0,64.0
-8.05,1625449482.0,64.0
-2.37,1625449482.0,64.0
2.77,1625449482.0,64.0
7.13,1625449482.0,64.0
10.61,1625449482.0,64.0
13.18,1625449482.0,64.0
14.93,1625449482.0,64.0
16.09,1625449482.0,64.0
16.98,1625449482.0,64.0
17.96,1625449482.0,64.0
19.25,1625449482.0,64.0
20.84,1625449482.0,64.0
22.5,1625449482.0,64.0
23.88,1625449482.0,64.0
24.64,1625449482.0,64.0
24.66,1625449482.0,64.0
24.0,1625449482.0,64.0
22.87,1625449482.0,64.0
21.52,1625449482.0,64.0
20.13,1625449482.0,64.0
18.75,1625449482.0,64.0
17.32,1625449482.0,64.0
15.75,1625449482.0,64.0
13.94,1625449482.0,64.0
11.87,1625449482.0,64.0
9.55,1625449482.0,64.0
7.01,1625449482.0,64.0
4.33,1625449482.0,64.0
1.55,1625449482.0,64.0
-1.29,1625449482.0,64.0
-4.19,1625449482.0,64.0
-7.11,1625449482.0,64.0
-10.06,1625449482.0,64.0
-13.04,1625449482.0,64.0
-16.11,1625449482.0,64.0
-19.3,1625449482.0,64.0
-22.64,1625449482.0,64.0
-26.04,1625449482.0,64.0
-29.23,1625449482.0,64.0
-31.79,1625449482.0,64.0
-33.27,1625449482.0,64.0
-33.28,1625449482.0,64.0
-31.66,1625449482.0,64.0
-28.5,1625449482.0,64.0
-24.14,1625449482.0,64.0
-19.02,1625449482.0,64.0
-13.56,1625449482.0,64.0
-8.05,1625449482.0,64.0
-2.68,1625449482.0,64.0
2.42,1625449482.0,64.0
7.12,1625449482.0,64.0
11.22,1625449482.0,64.0
14.57,1625449482.0,64.0
17.08,1625449482.0,64.0
18.85,1625449482.0,64.0
20.11,1625449482.0,64.0
21.19,1625449482.0,64.0
22.32,1625449482.0,64.0
23.61,1625449482.0,64.0
25.01,1625449482.0,64.0
26.3,1625449482.0,64.0
27.26,1625449482.0,64.0
27.71,1625449482.0,64.0
27.57,1625449482.0,64.0
26.86,1625449482.0,64.0
25.68,1625449482.0,64.0
24.18,1625449482.0,64.0
22.49,1625449482.0,64.0
20.7,1625449482.0,64.0
18.85,1625449482.0,64.0
16.9,1625449482.0,64.0
14.81,1625449482.0,64.0
12.55,1625449482.0,64.0
10.13,1625449482.0,64.0
7.61,1625449482.0,64.0
5.11,1625449482.0,64.0
2.71,1625449482.0,64.0
0.44,1625449482.0,64.0
-1.71,1625449482.0,64.0
-3.83,1625449482.0,64.0
-6.07,1625449482.0,64.0
-8.55,1625449482.0,64.0
-11.42,1625449482.0,64.0
-14.76,1625449482.0,64.0
-18.55,1625449482.0,64.0
-22.67,1625449482.0,64.0
-26.82,1625449482.0,64.0
-30.55,1625449482.0,64.0
-33.33,1625449482.0,64.0
-34.68,1625449482.0,64.0
-34.29,1625449482.0,64.0
-32.17,1625449482.0,64.0
-28.57,1625449482.0,64.0
-23.91,1625449482.0,64.0
-18.63,1625449482.0,64.0
-13.04,1625449482.0,64.0
-7.38,1625449482.0,64.0
-1.84,1625449482.0,64.0
3.36,1625449482.0,64.0
7.9,1625449482.0,64.0
11.52,1625449482.0,64.0
14.12,1625449482.0,64.0
15.85,1625449482.0,64.0
17.04,1625449482.0,64.0
18.06,1625449482.0,64.0
19.17,1625449482.0,64.0
20.39,1625449482.0,64.0
21.61,1625449482.0,64.0
22.67,1625449482.0,64.0
23.49,1625449482.0,64.0
24.05,1625449482.0,64.0
24.37,1625449482.0,64.0
24.38,1625449482.0,64.0
23.96,1625449482.0,64.0
23.0,1625449482.0,64.0
21.47,1625449482.0,64.0
19.5,1625449482.0,64.0
17.34,1625449482.0,64.0
15.23,1625449482.0,64.0
13.34,1625449482.0,64.0
11.64,1625449482.0,64.0
10.0,1625449482.0,64.0
8.22,1625449482.0,64.0
6.14,1625449482.0,64.0
3.72,1625449482.0,64.0
1.02,1625449482.0,64.0
-1.78,1625449482.0,64.0
-4.54,1625449482.0,64.0
-7.14,1625449482.0,64.0
-9.55,1625449482.0,64.0
-11.8,1625449482.0,64.0
-13.99,1625449482.0,64.0
-16.25,1625449482.0,64.0
-18.71,1625449482.0,64.0
-21.51,1625449482.0,64.0
-24.66,1625449482.0,64.0
-27.99,1625449482.0,64.0
-31.05,1625449482.0,64.0
-33.22,1625449482.0,64.0
-33.87,1625449482.0,64.0
-32.63,1625449482.0,64.0
-29.53,1625449482.0,64.0
-25.03,1625449482.0,64.0
-19.77,1625449482.0,64.0
-14.29,1625449482.0,64.0
-8.91,1625449482.0,64.0
-3.69,1625449482.0,64.0
1.33,1625449482.0,64.0
6.0,1625449482.0,64.0
9.98,1625449482.0,64.0
12.93,1625449482.0,64.0
14.75,1625449482.0,64.0
15.65,1625449482.0,64.0
16.18,1625449482.0,64.0
16.87,1625449482.0,64.0
18.05,1625449482.0,64.0
19.62,1625449482.0,64.0
21.22,1625449482.0,64.0
22.39,1625449482.0,64.0
22.84,1625449482.0,64.0
22.52,1625449482.0,64.0
21.62,1625449482.0,64.0
20.43,1625449482.0,64.0
19.16,1625449482.0,64.0
17.91,1625449482.0,64.0
16.62,1625449482.0,64.0
15.19,1625449482.0,64.0
13.51,1625449482.0,64.0
11.58,1625449482.0,64.0
9.43,1625449482.0,64.0
7.2,1625449482.0,64.0
5.01,1625449482.0,64.0
2.96,1625449482.0,64.0
1.08,1625449482.0,64.0
-0.72,1625449482.0,64.0
-2.59,1625449482.0,64.0
-4.68,1625449482.0,64.0
-7.16,1625449482.0,64.0
-10.11,1625449482.0,64.0
-13.53,1625449482.0,64.0
-17.33,1625449482.0,64.0
-21.31,1625449482.0,64.0
-25.19,1625449482.0,64.0
-28.59,1625449482.0,64.0
-31.14,1625449482.0,64.0
-32.44,1625449482.0,64.0
-32.24,1625449482.0,64.0
-30.44,1625449482.0,64.0
-27.17,1625449482.0,64.0
-22.76,1625449482.0,64.0
-17.65,1625449482.0,64.0
-12.31,1625449482.0,64.0
-7.06,1625449482.0,64.0
-2.1,1625449482.0,64.0
2.46,1625449482.0,64.0
6.56,1625449482.0,64.0
10.06,1625449482.0,64.0
12.79,1625449482.0,64.0
14.68,1625449482.0,64.0
15.8,1625449482.0,64.0
16.42,1625449482.0,64.0
16.9,1625449482.0,64.0
17.59,1625449482.0,64.0
18.6,1625449482.0,64.0
19.81,1625449482.0,64.0
20.92,1625449482.0,64.0
21.57,1625449482.0,64.0
21.57,1625449482.0,64.0
20.91,1625449482.0,64.0
19.73,1625449482.0,64.0
18.27,1625449482.0,64.0
16.74,1625449482.0,64.0
15.22,1625449482.0,64.0
13.75,1625449482.0,64.0
12.21,1625449482.0,64.0
10.52,1625449482.0,64.0
8.59,1625449482.0,64.0
6.45,1625449482.0,64.0
4.16,1625449482.0,64.0
1.82,1625449482.0,64.0
-0.52,1625449482.0,64.0
-2.87,1625449482.0,64.0
-5.31,1625449482.0,64.0
-7.95,1625449482.0,64.0
-10.9,1625449482.0,64.0
-14.18,1625449482.0,64.0
-17.8,1625449482.0,64.0
-21.67,1625449482.0,64.0
-25.65,1625449482.0,64.0
-29.52,1625449482.0,64.0
-32.97,1625449482.0,64.0
-35.58,1625449482.0,64.0
-36.94,1625449482.0,64.0
-36.72,1625449482.0,64.0
-34.84,1625449482.0,64.0
-31.51,1625449482.0,64.0
-27.15,1625449482.0,64.0
-22.29,1625449482.0,64.0
-17.37,1625449482.0,64.0
-12.62,1625449482.0,64.0
-8.05,1625449482.0,64.0
-3.54,1625449482.0,64.0
0.97,1625449482.0,64.0
5.4,1625449482.0,64.0
9.5,1625449482.0,64.0
12.93,1625449482.0,64.0
15.45,1625449482.0,64.0
17.03,1625449482.0,64.0
17.87,1625449482.0,64.0
18.34,1625449482.0,64.0
18.76,1625449482.0,64.0
19.35,1625449482.0,64.0
20.1,1625449482.0,64.0
20.86,1625449482.0,64.0
21.44,1625449482.0,64.0
21.68,1625449482.0,64.0
21.55,1625449482.0,64.0
21.07,1625449482.0,64.0
20.28,1625449482.0,64.0
19.22,1625449482.0,64.0
17.86,1625449482.0,64.0
16.24,1625449482.0,64.0
14.39,1625449482.0,64.0
12.42,1625449482.0,64.0
10.43,1625449482.0,64.0
8.49,1625449482.0,64.0
6.57,1625449482.0,64.0
4.58,1625449482.0,64.0
2.39,1625449482.0,64.0
-0.06,1625449482.0,64.0
-2.8,1625449482.0,64.0
-5.79,1625449482.0,64.0
-8.94,1625449482.0,64.0
-12.17,1625449482.0,64.0
-15.45,1625449482.0,64.0
-18.8,1625449482.0,64.0
-22.25,1625449482.0,64.0
-25.78,1625449482.0,64.0
-29.21,1625449482.0,64.0
-32.19,1625449482.0,64.0
-34.3,1625449482.0,64.0
-35.15,1625449482.0,64.0
-34.51,1625449482.0,64.0
-32.4,1625449482.0,64.0
-29.07,1625449482.0,64.0
-24.83,1625449482.0,64.0
-19.97,1625449482.0,64.0
-14.71,1625449482.0,64.0
-9.19,1625449482.0,64.0
-3.62,1625449482.0,64.0
1.67,1625449482.0,64.0
6.28,1625449482.0,64.0
9.85,1625449482.0,64.0
12.3,1625449482.0,64.0
13.81,1625449482.0,64.0
14.86,1625449482.0,64.0
15.95,1625449482.0,64.0
17.44,1625449482.0,64.0
19.39,1625449482.0,64.0
21.57,1625449482.0,64.0
23.59,1625449482.0,64.0
25.12,1625449482.0,64.0
26.02,1625449482.0,64.0
26.3,1625449482.0,64.0
26.09,1625449482.0,64.0
25.5,1625449482.0,64.0
24.56,1625449482.0,64.0
23.25,1625449482.0,64.0
21.59,1625449482.0,64.0
19.67,1625449482.0,64.0
17.65,1625449482.0,64.0
15.66,1625449482.0,64.0
13.79,1625449482.0,64.0
11.98,1625449482.0,64.0
10.13,1625449482.0,64.0
8.13,1625449482.0,64.0
5.95,1625449482.0,64.0
3.64,1625449482.0,64.0
1.28,1625449482.0,64.0
-1.1,1625449482.0,64.0
-3.55,1625449482.0,64.0
-6.15,1625449482.0,64.0
-8.98,1625449482.0,64.0
-12.05,1625449482.0,64.0
-15.37,1625449482.0,64.0
-18.89,1625449482.0,64.0
-22.61,1625449482.0,64.0
-26.5,1625449482.0,64.0
-30.47,1625449482.0,64.0
-34.22,1625449482.0,64.0
-37.33,1625449482.0,64.0
-39.29,1625449482.0,64.0
-39.69,1625449482.0,64.0
-38.38,1625449482.0,64.0
-35.51,1625449482.0,64.0
-31.45,1625449482.0,64.0
-26.68,1625449482.0,64.0
-21.59,1625449482.0,64.0
-16.43,1625449482.0,64.0
-11.34,1625449482.0,64.0
-6.4,1625449482.0,64.0
-1.67,1625449482.0,64.0
2.75,1625449482.0,64.0
6.71,1625449482.0,64.0
10.12,1625449482.0,64.0
12.93,1625449482.0,64.0
15.16,1625449482.0,64.0
16.94,1625449482.0,64.0
18.41,1625449482.0,64.0
19.73,1625449482.0,64.0
20.97,1625449482.0,64.0
22.07,1625449482.0,64.0
22.92,1625449482.0,64.0
23.38,1625449482.0,64.0
23.38,1625449482.0,64.0
22.96,1625449482.0,64.0
22.26,1625449482.0,64.0
21.4,1625449482.0,64.0
20.43,1625449482.0,64.0
19.31,1625449482.0,64.0
17.94,1625449482.0,64.0
16.25,1625449482.0,64.0
14.27,1625449482.0,64.0
12.13,1625449482.0,64.0
10.01,1625449482.0,64.0
8.02,1625449482.0,64.0
6.18,1625449482.0,64.0
4.42,1625449482.0,64.0
2.64,1625449482.0,64.0
0.77,1625449482.0,64.0
-1.16,1625449482.0,64.0
-3.08,1625449482.0,64.0
-4.93,1625449482.0,64.0
-6.72,1625449482.0,64.0
-8.54,1625449482.0,64.0
-10.61,1625449482.0,64.0
-13.11,1625449482.0,64.0
-16.2,1625449482.0,64.0
-19.83,1625449482.0,64.0
-23.8,1625449482.0,64.0
-27.69,1625449482.0,64.0
-31.03,1625449482.0,64.0
-33.32,1625449482.0,64.0
-34.22,1625449482.0,64.0
-33.57,1625449482.0,64.0
-31.42,1625449482.0,64.0
-27.98,1625449482.0,64.0
-23.59,1625449482.0,64.0
-18.65,1625449482.0,64.0
-13.53,1625449482.0,64.0
-8.53,1625449482.0,64.0
-3.86,1625449482.0,64.0
0.38,1625449482.0,64.0
4.14,1625449482.0,64.0
7.38,1625449482.0,64.0
10.06,1625449482.0,64.0
12.14,1625449482.0,64.0
13.62,1625449482.0,64.0
14.59,1625449482.0,64.0
15.2,1625449482.0,64.0
15.68,1625449482.0,64.0
16.19,1625449482.0,64.0
16.81,1625449482.0,64.0
17.49,1625449482.0,64.0
18.09,1625449482.0,64.0
18.48,1625449482.0,64.0
18.54,1625449482.0,64.0
18.23,1625449482.0,64.0
17.59,1625449482.0,64.0
16.67,1625449482.0,64.0
15.55,1625449482.0,64.0
14.29,1625449482.0,64.0
12.93,1625449482.0,64.0
11.51,1625449482.0,64.0
10.05,1625449482.0,64.0
8.58,1625449482.0,64.0
7.09,1625449482.0,64.0
5.56,1625449482.0,64.0
3.92,1625449482.0,64.0
2.07,1625449482.0,64.0
-0.07,1625449482.0,64.0
-2.54,1625449482.0,64.0
-5.26,1625449482.0,64.0
-8.12,1625449482.0,64.0
-10.99,1625449482.0,64.0
-13.81,1625449482.0,64.0
-16.61,1625449482.0,64.0
-19.46,1625449482.0,64.0
-22.39,1625449482.0,64.0
-25.25,1625449482.0,64.0
-27.73,1625449482.0,64.0
-29.33,1625449482.0,64.0
-29.62,1625449482.0,64.0
-28.32,1625449482.0,64.0
-25.45,1625449482.0,64.0
-21.31,1625449482.0,64.0
-16.39,1625449482.0,64.0
-11.17,1625449482.0,64.0
-6.07,1625449482.0,64.0
-1.34,1625449482.0,64.0
2.84,1625449482.0,64.0
6.36,1625449482.0,64.0
9.12,1625449482.0,64.0
11.08,1625449482.0,64.0
12.32,1625449482.0,64.0
13.02,1625449482.0,64.0
13.5,1625449482.0,64.0
14.09,1625449482.0,64.0
14.99,1625449482.0,64.0
16.21,1625449482.0,64.0
17.54,1625449482.0,64.0
18.66,1625449482.0,64.0
19.28,1625449482.0,64.0
19.26,1625449482.0,64.0
18.67,1625449482.0,64.0
17.71,1625449482.0,64.0
16.66,1625449482.0,64.0
15.67,1625449482.0,64.0
14.77,1625449482.0,64.0
13.82,1625449482.0,64.0
12.56,1625449482.0,64.0
10.78,1625449482.0,64.0
8.41,1625449482.0,64.0
5.54,1625449482.0,64.0
2.4,1625449482.0,64.0
-0.78,1625449482.0,64.0
-3.85,1625449482.0,64.0
-6.81,1625449482.0,64.0
-9.79,1625449482.0,64.0
-12.97,1625449482.0,64.0
-16.46,1625449482.0,64.0
-20.29,1625449482.0,64.0
-24.4,1625449482.0,64.0
-28.65,1625449482.0,64.0
-32.9,1625449482.0,64.0
-36.93,1625449482.0,64.0
-40.44,1625449482.0,64.0
-43.0,1625449482.0,64.0
-44.15,1625449482.0,64.0
-43.47,1625449482.0,64.0
-40.82,1625449482.0,64.0
-36.39,1625449482.0,64.0
-30.7,1625449482.0,64.0
-24.4,1625449482.0,64.0
-18.1,1625449482.0,64.0
-12.15,1625449482.0,64.0
-6.62,1625449482.0,64.0
-1.46,1625449482.0,64.0
3.39,1625449482.0,64.0
7.83,1625449482.0,64.0
11.65,1625449482.0,64.0
14.64,1625449482.0,64.0
16.71,1625449482.0,64.0
18.0,1625449482.0,64.0
18.82,1625449482.0,64.0
19.52,1625449482.0,64.0
20.3,1625449482.0,64.0
21.17,1625449482.0,64.0
21.96,1625449482.0,64.0
22.47,1625449482.0,64.0
22.55,1625449482.0,64.0
22.21,1625449482.0,64.0
21.57,1625449482.0,64.0
20.78,1625449482.0,64.0
19.94,1625449482.0,64.0
19.02,1625449482.0,64.0
17.96,1625449482.0,64.0
16.66,1625449482.0,64.0
15.05,1625449482.0,64.0
13.15,1625449482.0,64.0
10.98,1625449482.0,64.0
8.59,1625449482.0,64.0
6.01,1625449482.0,64.0
3.24,1625449482.0,64.0
0.3,1625449482.0,64.0
-2.75,1625449482.0,64.0
-5.88,1625449482.0,64.0
-9.09,1625449482.0,64.0
-12.42,1625449482.0,64.0
-15.98,1625449482.0,64.0
-19.88,1625449482.0,64.0
-24.09,1625449482.0,64.0
-28.45,1625449482.0,64.0
-32.58,1625449482.0,64.0
-36.03,1625449482.0,64.0
-38.32,1625449482.0,64.0
-39.09,1625449482.0,64.0
-38.16,1625449482.0,64.0
-35.6,1625449482.0,64.0
-31.61,1625449482.0,64.0
-26.57,1625449482.0,64.0
-20.86,1625449482.0,64.0
-14.85,1625449482.0,64.0
-8.85,1625449482.0,64.0
-3.09,1625449482.0,64.0
2.25,1625449482.0,64.0
7.04,1625449482.0,64.0
11.15,1625449482.0,64.0
14.53,1625449482.0,64.0
17.16,1625449482.0,64.0
19.13,1625449482.0,64.0
20.61,1625449482.0,64.0
21.82,1625449482.0,64.0
22.91,1625449482.0,64.0
23.92,1625449482.0,64.0
24.83,1625449482.0,64.0
25.53,1625449482.0,64.0
25.89,1625449482.0,64.0
25.88,1625449482.0,64.0
25.49,1625449482.0,64.0
24.77,1625449482.0,64.0
23.8,1625449482.0,64.0
22.62,1625449482.0,64.0
21.26,1625449482.0,64.0
19.7,1625449482.0,64.0
17.92,1625449482.0,64.0
15.92,1625449482.0,64.0
13.75,1625449482.0,64.0
11.54,1625449482.0,64.0
9.4,1625449482.0,64.0
7.42,1625449482.0,64.0
5.54,1625449482.0,64.0
3.55,1625449482.0,64.0
1.2,1625449482.0,64.0
-1.7,1625449482.0,64.0
-5.19,1625449482.0,64.0
-9.12,1625449482.0,64.0
-13.28,1625449482.0,64.0
-17.48,1625449482.0,64.0
-21.65,1625449482.0,64.0
-25.72,1625449482.0,64.0
-29.58,1625449482.0,64.0
-32.91,1625449482.0,64.0
-35.19,1625449482.0,64.0
-35.89,1625449482.0,64.0
-34.65,1625449482.0,64.0
-31.52,1625449482.0,64.0
-26.9,1625449482.0,64.0
-21.47,1625449482.0,64.0
-15.93,1625449482.0,64.0
-10.75,1625449482.0,64.0
-6.15,1625449482.0,64.0
-2.12,1625449482.0,64.0
1.46,1625449482.0,64.0
4.67,1625449482.0,64.0
7.55,1625449482.0,64.0
10.09,1625449482.0,64.0
12.35,1625449482.0,64.0
14.43,1625449482.0,64.0
16.46,1625449482.0,64.0
18.47,1625449482.0,64.0
20.32,1625449482.0,64.0
21.72,1625449482.0,64.0
22.39,1625449482.0,64.0
22.29,1625449482.0,64.0
21.72,1625449482.0,64.0
21.28,1625449482.0,64.0
21.66,1625449482.0,64.0
23.29,1625449482.0,64.0
26.14,1625449482.0,64.0
29.64,1625449482.0,64.0
32.93,1625449482.0,64.0
35.15,1625449482.0,64.0
35.78,1625449482.0,64.0
34.72,1625449482.0,64.0
32.22,1625449482.0,64.0
28.7,1625449482.0,64.0
24.53,1625449482.0,64.0
19.94,1625449482.0,64.0
15.09,1625449482.0,64.0
10.1,1625449482.0,64.0
5.14,1625449482.0,64.0
0.37,1625449482.0,64.0
-4.17,1625449482.0,64.0
-8.54,1625449482.0,64.0
-12.92,1625449482.0,64.0
-17.44,1625449482.0,64.0
-22.07,1625449482.0,64.0
-26.48,1625449482.0,64.0
-30.18,1625449482.0,64.0
-32.62,1625449482.0,64.0
-33.4,1625449482.0,64.0
-32.45,1625449482.0,64.0
-30.02,1625449482.0,64.0
-26.51,1625449482.0,64.0
-22.41,1625449482.0,64.0
-18.09,1625449482.0,64.0
-13.77,1625449482.0,64.0
-9.63,1625449482.0,64.0
-5.81,1625449482.0,64.0
-2.47,1625449482.0,64.0
0.25,1625449482.0,64.0
2.29,1625449482.0,64.0
3.72,1625449482.0,64.0
4.71,1625449482.0,64.0
5.46,1625449482.0,64.0
6.14,1625449482.0,64.0
6.81,1625449482.0,64.0
7.46,1625449482.0,64.0
8.1,1625449482.0,64.0
8.71,1625449482.0,64.0
9.34,1625449482.0,64.0
10.04,1625449482.0,64.0
10.79,1625449482.0,64.0
11.49,1625449482.0,64.0
11.97,1625449482.0,64.0
12.08,1625449482.0,64.0
11.65,1625449482.0,64.0
10.66,1625449482.0,64.0
9.16,1625449482.0,64.0
7.31,1625449482.0,64.0
5.33,1625449482.0,64.0
3.44,1625449482.0,64.0
1.78,1625449482.0,64.0
0.38,1625449482.0,64.0
-0.89,1625449482.0,64.0
-2.26,1625449482.0,64.0
-3.96,1625449482.0,64.0
-6.17,1625449482.0,64.0
-8.92,1625449482.0,64.0
-12.09,1625449482.0,64.0
-15.49,1625449482.0,64.0
-18.86,1625449482.0,64.0
-21.96,1625449482.0,64.0
-24.55,1625449482.0,64.0
-26.38,1625449482.0,64.0
-27.2,1625449482.0,64.0
-26.83,1625449482.0,64.0
-25.21,1625449482.0,64.0
-22.48,1625449482.0,64.0
-18.95,1625449482.0,64.0
-14.95,1625449482.0,64.0
-10.75,1625449482.0,64.0
-6.45,1625449482.0,64.0
-2.09,1625449482.0,64.0
2.26,1625449482.0,64.0
6.44,1625449482.0,64.0
10.14,1625449482.0,64.0
13.08,1625449482.0,64.0
15.13,1625449482.0,64.0
16.43,1625449482.0,64.0
17.27,1625449482.0,64.0
17.99,1625449482.0,64.0
18.8,1625449482.0,64.0
19.72,1625449482.0,64.0
20.6,1625449482.0,64.0
21.26,1625449482.0,64.0
21.57,1625449482.0,64.0
21.55,1625449482.0,64.0
21.32,1625449482.0,64.0
20.96,1625449482.0,64.0
20.48,1625449482.0,64.0
19.77,1625449482.0,64.0
18.65,1625449482.0,64.0
16.96,1625449482.0,64.0
14.65,1625449482.0,64.0
11.87,1625449482.0,64.0
8.85,1625449482.0,64.0
5.86,1625449482.0,64.0
3.05,1625449482.0,64.0
0.46,1625449482.0,64.0
-2.02,1625449482.0,64.0
-4.51,1625449482.0,64.0
-7.13,1625449482.0,64.0
-9.95,1625449482.0,64.0
-12.97,1625449482.0,64.0
-16.21,1625449482.0,64.0
-19.66,1625449482.0,64.0
-23.27,1625449482.0,64.0
-26.83,1625449482.0,64.0
-29.98,1625449482.0,64.0
-32.26,1625449482.0,64.0
-33.23,1625449482.0,64.0
-32.64,1625449482.0,64.0
-30.5,1625449482.0,64.0
-27.13,1625449482.0,64.0
-22.92,1625449482.0,64.0
-18.26,1625449482.0,64.0
-13.39,1625449482.0,64.0
-8.41,1625449482.0,64.0
-3.42,1625449482.0,64.0
1.42,1625449482.0,64.0
5.77,1625449482.0,64.0
9.29,1625449482.0,64.0
11.78,1625449482.0,64.0
13.32,1625449482.0,64.0
14.25,1625449482.0,64.0
15.02,1625449482.0,64.0
15.92,1625449482.0,64.0
17.03,1625449482.0,64.0
18.11,1625449482.0,64.0
18.86,1625449482.0,64.0
19.08,1625449482.0,64.0
18.73,1625449482.0,64.0
17.98,1625449482.0,64.0
17.05,1625449482.0,64.0
16.08,1625449482.0,64.0
15.09,1625449482.0,64.0
14.01,1625449482.0,64.0
12.69,1625449482.0,64.0
11.03,1625449482.0,64.0
8.99,1625449482.0,64.0
6.63,1625449482.0,64.0
4.08,1625449482.0,64.0
1.5,1625449482.0,64.0
-0.96,1625449482.0,64.0
-3.25,1625449482.0,64.0
-5.44,1625449482.0,64.0
-7.71,1625449482.0,64.0
-10.32,1625449482.0,64.0
-13.46,1625449482.0,64.0
-17.2,1625449482.0,64.0
-21.42,1625449482.0,64.0
-25.8,1625449482.0,64.0
-29.91,1625449482.0,64.0
-33.23,1625449482.0,64.0
-35.32,1625449482.0,64.0
-35.86,1625449482.0,64.0
-34.76,1625449482.0,64.0
-32.17,1625449482.0,64.0
-28.42,1625449482.0,64.0
-23.9,1625449482.0,64.0
-18.98,1625449482.0,64.0
-13.9,1625449482.0,64.0
-8.78,1625449482.0,64.0
-3.68,1625449482.0,64.0
1.3,1625449482.0,64.0
5.99,1625449482.0,64.0
10.16,1625449482.0,64.0
13.61,1625449482.0,64.0
16.26,1625449482.0,64.0
18.15,1625449482.0,64.0
19.48,1625449482.0,64.0
20.45,1625449482.0,64.0
21.23,1625449482.0,64.0
21.84,1625449482.0,64.0
22.25,1625449482.0,64.0
22.39,1625449482.0,64.0
22.22,1625449482.0,64.0
21.8,1625449482.0,64.0
21.16,1625449482.0,64.0
20.33,1625449482.0,64.0
19.24,1625449482.0,64.0
17.79,1625449482.0,64.0
15.89,1625449482.0,64.0
13.56,1625449482.0,64.0
10.91,1625449482.0,64.0
8.15,1625449482.0,64.0
5.47,1625449482.0,64.0
2.98,1625449482.0,64.0
0.66,1625449482.0,64.0
-1.6,1625449482.0,64.0
-4.01,1625449482.0,64.0
-6.76,1625449482.0,64.0
-9.99,1625449482.0,64.0
-13.75,1625449482.0,64.0
-17.96,1625449482.0,64.0
-22.39,1625449482.0,64.0
-26.69,1625449482.0,64.0
-30.35,1625449482.0,64.0
-32.87,1625449482.0,64.0
-33.83,1625449482.0,64.0
-32.97,1625449482.0,64.0
-30.34,1625449482.0,64.0
-26.19,1625449482.0,64.0
-20.98,1625449482.0,64.0
-15.23,1625449482.0,64.0
-9.39,1625449482.0,64.0
-3.82,1625449482.0,64.0
1.26,1625449482.0,64.0
5.69,1625449482.0,64.0
9.37,1625449482.0,64.0
12.24,1625449482.0,64.0
14.34,1625449482.0,64.0
15.77,1625449482.0,64.0
16.77,1625449482.0,64.0
17.63,1625449482.0,64.0
18.62,1625449482.0,64.0
19.83,1625449482.0,64.0
21.18,1625449482.0,64.0
22.41,1625449482.0,64.0
23.22,1625449482.0,64.0
23.4,1625449482.0,64.0
22.95,1625449482.0,64.0
22.02,1625449482.0,64.0
20.86,1625449482.0,64.0
19.6,1625449482.0,64.0
18.21,1625449482.0,64.0
16.53,1625449482.0,64.0
14.37,1625449482.0,64.0
11.66,1625449482.0,64.0
8.55,1625449482.0,64.0
5.29,1625449482.0,64.0
2.17,1625449482.0,64.0
-0.7,1625449482.0,64.0
-3.36,1625449482.0,64.0
-6.07,1625449482.0,64.0
-9.13,1625449482.0,64.0
-12.74,1625449482.0,64.0
-16.96,1625449482.0,64.0
-21.62,1625449482.0,64.0
-26.42,1625449482.0,64.0
-30.9,1625449482.0,64.0
-34.52,1625449482.0,64.0
-36.77,1625449482.0,64.0
-37.28,1625449482.0,64.0
-35.9,1625449482.0,64.0
-32.77,1625449482.0,64.0
-28.29,1625449482.0,64.0
-22.95,1625449482.0,64.0
-17.2,1625449482.0,64.0
-11.3,1625449482.0,64.0
-5.35,1625449482.0,64.0
0.58,1625449482.0,64.0
6.34,1625449482.0,64.0
11.65,1625449482.0,64.0
16.15,1625449482.0,64.0
19.59,1625449482.0,64.0
21.94,1625449482.0,64.0
23.43,1625449482.0,64.0
24.42,1625449482.0,64.0
25.23,1625449482.0,64.0
25.97,1625449482.0,64.0
26.58,1625449482.0,64.0
26.91,1625449482.0,64.0
26.78,1625449482.0,64.0
26.19,1625449482.0,64.0
25.25,1625449482.0,64.0
24.15,1625449482.0,64.0
23.02,1625449482.0,64.0
21.89,1625449482.0,64.0
20.63,1625449482.0,64.0
19.02,1625449482.0,64.0
16.91,1625449482.0,64.0
14.23,1625449482.0,64.0
11.12,1625449482.0,64.0
7.84,1625449482.0,64.0
4.68,1625449482.0,64.0
1.84,1625449482.0,64.0
-0.69,1625449482.0,64.0
-3.13,1625449482.0,64.0
-5.75,1625449482.0,64.0
-8.83,1625449482.0,64.0
-12.51,1625449482.0,64.0
-16.78,1625449482.0,64.0
-21.48,1625449482.0,64.0
-26.36,1625449482.0,64.0
-31.08,1625449482.0,64.0
-35.21,1625449482.0,64.0
-38.23,1625449482.0,64.0
-39.67,1625449482.0,64.0
-39.18,1625449482.0,64.0
-36.73,1625449482.0,64.0
-32.62,1625449482.0,64.0
-27.36,1625449482.0,64.0
-21.52,1625449482.0,64.0
-15.53,1625449482.0,64.0
-9.57,1625449482.0,64.0
-3.66,1625449482.0,64.0
2.19,1625449482.0,64.0
7.88,1625449482.0,64.0
13.17,1625449482.0,64.0
17.76,1625449482.0,64.0
21.43,1625449482.0,64.0
24.12,1625449482.0,64.0
25.96,1625449482.0,64.0
27.2,1625449482.0,64.0
28.12,1625449482.0,64.0
28.89,1625449482.0,64.0
29.59,1625449482.0,64.0
30.14,1625449482.0,64.0
30.42,1625449482.0,64.0
30.3,1625449482.0,64.0
29.74,1625449482.0,64.0
28.76,1625449482.0,64.0
27.47,1625449482.0,64.0
25.96,1625449482.0,64.0
24.27,1625449482.0,64.0
22.34,1625449482.0,64.0
20.12,1625449482.0,64.0
17.54,1625449482.0,64.0
14.66,1625449482.0,64.0
11.64,1625449482.0,64.0
8.68,1625449482.0,64.0
5.97,1625449482.0,64.0
3.52,1625449482.0,64.0
1.2,1625449482.0,64.0
-1.22,1625449482.0,64.0
-4.01,1625449482.0,64.0
-7.33,1625449482.0,64.0
-11.21,1625449482.0,64.0
-15.58,1625449482.0,64.0
-20.3,1625449482.0,64.0
-25.19,1625449482.0,64.0
-30.03,1625449482.0,64.0
-34.58,1625449482.0,64.0
-38.43,1625449482.0,64.0
-41.18,1625449482.0,64.0
-42.41,1625449482.0,64.0
-41.89,1625449482.0,64.0
-39.66,1625449482.0,64.0
-35.97,1625449482.0,64.0
-31.21,1625449482.0,64.0
-25.71,1625449482.0,64.0
-19.7,1625449482.0,64.0
-13.28,1625449482.0,64.0
-6.54,1625449482.0,64.0
0.29,1625449482.0,64.0
6.83,1625449482.0,64.0
12.56,1625449482.0,64.0
17.07,1625449482.0,64.0
20.19,1625449482.0,64.0
22.07,1625449482.0,64.0
23.13,1625449482.0,64.0
23.84,1625449482.0,64.0
24.59,1625449482.0,64.0
25.56,1625449482.0,64.0
26.74,1625449482.0,64.0
28.04,1625449482.0,64.0
29.33,1625449482.0,64.0
30.47,1625449482.0,64.0
31.32,1625449482.0,64.0
31.66,1625449482.0,64.0
31.3,1625449482.0,64.0
30.1,1625449482.0,64.0
28.11,1625449482.0,64.0
25.54,1625449482.0,64.0
22.71,1625449482.0,64.0
19.9,1625449482.0,64.0
17.27,1625449482.0,64.0
14.8,1625449482.0,64.0
12.38,1625449482.0,64.0
9.89,1625449482.0,64.0
7.27,1625449482.0,64.0
4.52,1625449482.0,64.0
1.68,1625449482.0,64.0
-1.2,1625449482.0,64.0
-4.1,1625449482.0,64.0
-7.04,1625449482.0,64.0
-10.04,1625449482.0,64.0
-13.13,1625449482.0,64.0
-16.32,1625449482.0,64.0
-19.68,1625449482.0,64.0
-23.28,1625449482.0,64.0
-27.15,1625449482.0,64.0
-31.26,1625449482.0,64.0
-35.35,1625449482.0,64.0
-39.0,1625449482.0,64.0
-41.62,1625449482.0,64.0
-42.67,1625449482.0,64.0
-41.82,1625449482.0,64.0
-39.08,1625449482.0,64.0
-34.77,1625449482.0,64.0
-29.39,1625449482.0,64.0
-23.43,1625449482.0,64.0
-17.21,1625449482.0,64.0
-10.88,1625449482.0,64.0
-4.54,1625449482.0,64.0
1.61,1625449482.0,64.0
7.22,1625449482.0,64.0
11.87,1625449482.0,64.0
15.3,1625449482.0,64.0
17.54,1625449482.0,64.0
19.0,1625449482.0,64.0
20.25,1625449482.0,64.0
21.8,1625449482.0,64.0
23.78,1625449482.0,64.0
25.91,1625449482.0,64.0
27.61,1625449482.0,64.0
28.38,1625449482.0,64.0
28.02,1625449482.0,64.0
26.79,1625449482.0,64.0
25.27,1625449482.0,64.0
24.04,1625449482.0,64.0
23.4,1625449482.0,64.0
23.22,1625449482.0,64.0
23.03,1625449482.0,64.0
22.28,1625449482.0,64.0
20.61,1625449482.0,64.0
18.02,1625449482.0,64.0
14.92,1625449482.0,64.0
11.88,1625449482.0,64.0
9.47,1625449482.0,64.0
7.93,1625449482.0,64.0
7.16,1625449482.0,64.0
6.66,1625449482.0,64.0
5.84,1625449482.0,64.0
4.14,1625449482.0,64.0
1.21,1625449482.0,64.0
-3.01,1625449482.0,64.0
-8.23,1625449482.0,64.0
-13.74,1625449482.0,64.0
-18.39,1625449482.0,64.0
-20.71,1625449482.0,64.0
-19.4,1625449482.0,64.0
-14.02,1625449482.0,64.0
-5.45,1625449482.0,64.0
4.09,1625449482.0,64.0
11.72,1625449482.0,64.0
15.02,1625449482.0,64.0
13.01,1625449482.0,64.0
6.54,1625449482.0,64.0
-2.21,1625449482.0,64.0
-10.73,1625449482.0,64.0
-17.25,1625449482.0,64.0
-21.09,1625449482.0,64.0
-22.57,1625449482.0,64.0
-22.37,1625449482.0,64.0
-21.01,1625449482.0,64.0
-18.68,1625449482.0,64.0
-15.43,1625449482.0,64.0
-11.52,1625449482.0,64.0
-7.51,1625449482.0,64.0
-4.16,1625449482.0,64.0
-2.13,1625449482.0,64.0
-1.61,1625449482.0,64.0
-2.24,1625449482.0,64.0
-3.26,1625449482.0,64.0
-3.84,1625449482.0,64.0
-3.43,1625449482.0,64.0
-1.95,1625449482.0,64.0
0.19,1625449482.0,64.0
2.36,1625449482.0,64.0
3.92,1625449482.0,64.0
4.58,1625449482.0,64.0
4.4,1625449482.0,64.0
3.76,1625449482.0,64.0
3.14,1625449482.0,64.0
2.88,1625449482.0,64.0
3.01,1625449482.0,64.0
3.33,1625449482.0,64.0
3.48,1625449482.0,64.0
3.24,1625449482.0,64.0
2.61,1625449482.0,64.0
1.81,1625449482.0,64.0
1.1,1625449482.0,64.0
0.65,1625449482.0,64.0
0.33,1625449482.0,64.0
-0.11,1625449482.0,64.0
-0.93,1625449482.0,64.0
-2.2,1625449482.0,64.0
-3.78,1625449482.0,64.0
-5.41,1625449482.0,64.0
-6.93,1625449482.0,64.0
-8.35,1625449482.0,64.0
-9.9,1625449482.0,64.0
-11.82,1625449482.0,64.0
-14.31,1625449482.0,64.0
-17.36,1625449482.0,64.0
-20.88,1625449482.0,64.0
-24.69,1625449482.0,64.0
-28.53,1625449482.0,64.0
-32.07,1625449482.0,64.0
-34.88,1625449482.0,64.0
-36.46,1625449482.0,64.0
-36.38,1625449482.0,64.0
-34.46,1625449482.0,64.0
-30.86,1625449482.0,64.0
-26.03,1625449482.0,64.0
-20.58,1625449482.0,64.0
-15.04,1625449482.0,64.0
-9.72,1625449482.0,64.0
-4.73,1625449482.0,64.0
-0.06,1625449482.0,64.0
4.26,1625449482.0,64.0
8.17,1625449482.0,64.0
11.53,1625449482.0,64.0
14.22,1625449482.0,64.0
16.25,1625449482.0,64.0
17.76,1625449482.0,64.0
18.97,1625449482.0,64.0
20.05,1625449482.0,64.0
21.06,1625449482.0,64.0
21.93,1625449482.0,64.0
22.57,1625449482.0,64.0
22.93,1625449482.0,64.0
23.05,1625449482.0,64.0
23.02,1625449482.0,64.0
22.91,1625449482.0,64.0
22.67,1625449482.0,64.0
22.2,1625449482.0,64.0
21.38,1625449482.0,64.0
20.19,1625449482.0,64.0
18.71,1625449482.0,64.0
17.11,1625449482.0,64.0
15.5,1625449482.0,64.0
13.89,1625449482.0,64.0
12.2,1625449482.0,64.0
10.34,1625449482.0,64.0
8.27,1625449482.0,64.0
6.08,1625449482.0,64.0
3.89,1625449482.0,64.0
1.81,1625449482.0,64.0
-0.15,1625449482.0,64.0
-2.08,1625449482.0,64.0
-4.14,1625449482.0,64.0
-6.46,1625449482.0,64.0
-9.15,1625449482.0,64.0
-12.26,1625449482.0,64.0
-15.78,1625449482.0,64.0
-19.68,1625449482.0,64.0
-23.84,1625449482.0,64.0
-28.07,1625449482.0,64.0
-32.04,1625449482.0,64.0
-35.34,1625449482.0,64.0
-37.46,1625449482.0,64.0
-38.0,1625449482.0,64.0
-36.68,1625449482.0,64.0
-33.56,1625449482.0,64.0
-28.99,1625449482.0,64.0
-23.52,1625449482.0,64.0
-17.74,1625449482.0,64.0
-12.12,1625449482.0,64.0
-6.92,1625449482.0,64.0
-2.21,1625449482.0,64.0
2.02,1625449482.0,64.0
5.73,1625449482.0,64.0
8.81,1625449482.0,64.0
11.13,1625449482.0,64.0
12.65,1625449482.0,64.0
13.48,1625449482.0,64.0
13.97,1625449482.0,64.0
14.47,1625449482.0,64.0
15.27,1625449482.0,64.0
16.4,1625449482.0,64.0
17.65,1625449482.0,64.0
18.68,1625449482.0,64.0
19.21,1625449482.0,64.0
19.11,1625449482.0,64.0
18.46,1625449482.0,64.0
17.49,1625449482.0,64.0
16.39,1625449482.0,64.0
15.27,1625449482.0,64.0
14.14,1625449482.0,64.0
12.97,1625449482.0,64.0
11.71,1625449482.0,64.0
10.38,1625449482.0,64.0
9.03,1625449482.0,64.0
7.67,1625449482.0,64.0
6.25,1625449482.0,64.0
4.68,1625449482.0,64.0
2.83,1625449482.0,64.0
0.66,1625449482.0,64.0
-1.83,1625449482.0,64.0
-4.5,1625449482.0,64.0
-7.21,1625449482.0,64.0
-9.81,1625449482.0,64.0
-12.26,1625449482.0,64.0
-14.65,1625449482.0,64.0
-17.18,1625449482.0,64.0
-20.06,1625449482.0,64.0
-23.4,1625449482.0,64.0
-27.1,1625449482.0,64.0
-30.82,1625449482.0,64.0
-34.03,1625449482.0,64.0
-36.15,1625449482.0,64.0
-36.71,1625449482.0,64.0
-35.5,1625449482.0,64.0
-32.59,1625449482.0,64.0
-28.34,1625449482.0,64.0
-23.25,1625449482.0,64.0
-17.82,1625449482.0,64.0
-12.41,1625449482.0,64.0
-7.26,1625449482.0,64.0
-2.45,1625449482.0,64.0
1.92,1625449482.0,64.0
5.78,1625449482.0,64.0
8.99,1625449482.0,64.0
11.5,1625449482.0,64.0
13.34,1625449482.0,64.0
14.7,1625449482.0,64.0
15.82,1625449482.0,64.0
16.94,1625449482.0,64.0
18.15,1625449482.0,64.0
19.39,1625449482.0,64.0
20.47,1625449482.0,64.0
21.22,1625449482.0,64.0
21.56,1625449482.0,64.0
21.51,1625449482.0,64.0
21.16,1625449482.0,64.0
20.57,1625449482.0,64.0
19.74,1625449482.0,64.0
18.63,1625449482.0,64.0
17.21,1625449482.0,64.0
15.52,1625449482.0,64.0
13.66,1625449482.0,64.0
11.72,1625449482.0,64.0
9.77,1625449482.0,64.0
7.78,1625449482.0,64.0
5.73,1625449482.0,64.0
3.58,1625449482.0,64.0
1.36,1625449482.0,64.0
-0.83,1625449482.0,64.0
-2.92,1625449482.0,64.0
-4.92,1625449482.0,64.0
-6.93,1625449482.0,64.0
-9.13,1625449482.0,64.0
-11.68,1625449482.0,64.0
-14.64,1625449482.0,64.0
-17.99,1625449482.0,64.0
-21.61,1625449482.0,64.0
-25.3,1625449482.0,64.0
-28.83,1625449482.0,64.0
-31.89,1625449482.0,64.0
-34.12,1625449482.0,64.0
-35.13,1625449482.0,64.0
-34.62,1625449482.0,64.0
-32.42,1625449482.0,64.0
-28.66,1625449482.0,64.0
-23.68,1625449482.0,64.0
-18.01,1625449482.0,64.0
-12.23,1625449482.0,64.0
-6.79,1625449482.0,64.0
-1.95,1625449482.0,64.0
2.2,1625449482.0,64.0
5.69,1625449482.0,64.0
8.57,1625449482.0,64.0
10.83,1625449482.0,64.0
12.48,1625449482.0,64.0
13.59,1625449482.0,64.0
14.3,1625449482.0,64.0
14.82,1625449482.0,64.0
15.36,1625449482.0,64.0
16.07,1625449482.0,64.0
16.93,1625449482.0,64.0
17.83,1625449482.0,64.0
18.61,1625449482.0,64.0
19.1,1625449482.0,64.0
19.21,1625449482.0,64.0
18.91,1625449482.0,64.0
18.25,1625449482.0,64.0
17.26,1625449482.0,64.0
16.01,1625449482.0,64.0
14.51,1625449482.0,64.0
12.81,1625449482.0,64.0
10.96,1625449482.0,64.0
9.03,1625449482.0,64.0
7.08,1625449482.0,64.0
5.13,1625449482.0,64.0
3.15,1625449482.0,64.0
1.1,1625449482.0,64.0
-1.07,1625449482.0,64.0
-3.36,1625449482.0,64.0
-5.7,1625449482.0,64.0
-8.07,1625449482.0,64.0
-10.53,1625449482.0,64.0
-13.22,1625449482.0,64.0
-16.28,1625449482.0,64.0
-19.79,1625449482.0,64.0
-23.61,1625449482.0,64.0
-27.37,1625449482.0,64.0
-30.55,1625449482.0,64.0
-32.59,1625449482.0,64.0
-33.07,1625449482.0,64.0
-31.84,1625449482.0,64.0
-29.0,1625449482.0,64.0
-24.86,1625449482.0,64.0
-19.88,1625449482.0,64.0
-14.45,1625449482.0,64.0
-8.96,1625449482.0,64.0
-3.7,1625449482.0,64.0
1.06,1625449482.0,64.0
5.08,1625449482.0,64.0
8.15,1625449482.0,64.0
10.21,1625449482.0,64.0
11.39,1625449482.0,64.0
12.05,1625449482.0,64.0
12.63,1625449482.0,64.0
13.5,1625449482.0,64.0
14.75,1625449482.0,64.0
16.23,1625449482.0,64.0
17.58,1625449482.0,64.0
18.47,1625449482.0,64.0
18.74,1625449482.0,64.0
18.45,1625449482.0,64.0
17.78,1625449482.0,64.0
16.96,1625449482.0,64.0
16.08,1625449482.0,64.0
15.12,1625449482.0,64.0
13.94,1625449482.0,64.0
12.45,1625449482.0,64.0
10.62,1625449482.0,64.0
8.5,1625449482.0,64.0
6.21,1625449482.0,64.0
3.83,1625449482.0,64.0
1.43,1625449482.0,64.0
-1.01,1625449482.0,64.0
-3.49,1625449482.0,64.0
-5.96,1625449482.0,64.0
-8.36,1625449482.0,64.0
-10.65,1625449482.0,64.0
-12.93,1625449482.0,64.0
-15.39,1625449482.0,64.0
-18.31,1625449482.0,64.0
-21.86,1625449482.0,64.0
-25.94,1625449482.0,64.0
-30.1,1625449482.0,64.0
-33.67,1625449482.0,64.0
-35.98,1625449482.0,64.0
-36.61,1625449482.0,64.0
-35.51,1625449482.0,64.0
-32.97,1625449482.0,64.0
-29.41,1625449482.0,64.0
-25.19,1625449482.0,64.0
-20.58,1625449482.0,64.0
-15.77,1625449482.0,64.0
-10.96,1625449482.0,64.0
-6.44,1625449482.0,64.0
-2.6,1625449482.0,64.0
0.21,1625449482.0,64.0
1.78,1625449482.0,64.0
2.2,1625449482.0,64.0
1.88,1625449482.0,64.0
1.45,1625449482.0,64.0
1.6,1625449482.0,64.0
2.8,1625449482.0,64.0
5.18,1625449482.0,64.0
8.5,1625449482.0,64.0
12.2,1625449482.0,64.0
15.67,1625449482.0,64.0
18.42,1625449482.0,64.0
20.3,1625449482.0,64.0
21.38,1625449482.0,64.0
21.96,1625449482.0,64.0
22.3,1625449482.0,64.0
22.54,1625449482.0,64.0
22.67,1625449482.0,64.0
22.59,1625449482.0,64.0
22.26,1625449482.0,64.0
21.71,1625449482.0,64.0
21.06,1625449482.0,64.0
20.41,1625449482.0,64.0
19.76,1625449482.0,64.0
18.96,1625449482.0,64.0
17.79,1625449482.0,64.0
16.08,1625449482.0,64.0
13.8,1625449482.0,64.0
11.1,1625449482.0,64.0
8.25,1625449482.0,64.0
5.53,1625449482.0,64.0
3.09,1625449482.0,64.0
0.92,1625449482.0,64.0
-1.11,1625449482.0,64.0
-3.18,1625449482.0,64.0
-5.47,1625449482.0,64.0
-8.13,1625449482.0,64.0
-11.23,1625449482.0,64.0
-14.79,1625449482.0,64.0
-18.74,1625449482.0,64.0
-22.9,1625449482.0,64.0
-27.0,1625449482.0,64.0
-30.66,1625449482.0,64.0
-33.43,1625449482.0,64.0
-34.9,1625449482.0,64.0
-34.77,1625449482.0,64.0
-32.9,1625449482.0,64.0
-29.41,1625449482.0,64.0
-24.6,1625449482.0,64.0
-18.93,1625449482.0,64.0
-12.9,1625449482.0,64.0
-6.96,1625449482.0,64.0
-1.48,1625449482.0,64.0
3.28,1625449482.0,64.0
7.18,1625449482.0,64.0
10.2,1625449482.0,64.0
12.45,1625449482.0,64.0
14.13,1625449482.0,64.0
15.49,1625449482.0,64.0
16.77,1625449482.0,64.0
18.1,1625449482.0,64.0
19.47,1625449482.0,64.0
20.78,1625449482.0,64.0
21.83,1625449482.0,64.0
22.47,1625449482.0,64.0
22.62,1625449482.0,64.0
22.26,1625449482.0,64.0
21.48,1625449482.0,64.0
20.33,1625449482.0,64.0
18.86,1625449482.0,64.0
17.05,1625449482.0,64.0
14.88,1625449482.0,64.0
12.35,1625449482.0,64.0
9.53,1625449482.0,64.0
6.55,1625449482.0,64.0
3.55,1625449482.0,64.0
0.66,1625449482.0,64.0
-2.11,1625449482.0,64.0
-4.86,1625449482.0,64.0
-7.76,1625449482.0,64.0
-10.99,1625449482.0,64.0
-14.67,1625449482.0,64.0
-18.77,1625449482.0,64.0
-23.16,1625449482.0,64.0
-27.52,1625449482.0,64.0
-31.42,1625449482.0,64.0
-34.36,1625449482.0,64.0
-35.86,1625449482.0,64.0
-35.58,1625449482.0,64.0
-33.41,1625449482.0,64.0
-29.57,1625449482.0,64.0
-24.44,1625449482.0,64.0
-18.51,1625449482.0,64.0
-12.22,1625449482.0,64.0
-5.84,1625449482.0,64.0
0.42,1625449482.0,64.0
6.37,1625449482.0,64.0
11.76,1625449482.0,64.0
16.3,1625449482.0,64.0
19.78,1625449482.0,64.0
22.16,1625449482.0,64.0
23.59,1625449482.0,64.0
24.46,1625449482.0,64.0
25.15,1625449482.0,64.0
25.88,1625449482.0,64.0
26.69,1625449482.0,64.0
27.4,1625449482.0,64.0
27.78,1625449482.0,64.0
27.66,1625449482.0,64.0
27.01,1625449482.0,64.0
25.95,1625449482.0,64.0
24.59,1625449482.0,64.0
23.05,1625449482.0,64.0
21.29,1625449482.0,64.0
19.26,1625449482.0,64.0
16.88,1625449482.0,64.0
14.17,1625449482.0,64.0
11.22,1625449482.0,64.0
8.15,1625449482.0,64.0
5.06,1625449482.0,64.0
1.96,1625449482.0,64.0
-1.2,1625449482.0,64.0
-4.53,1625449482.0,64.0
-8.12,1625449482.0,64.0
-12.04,1625449482.0,64.0
-16.29,1625449482.0,64.0
-20.84,1625449482.0,64.0
-25.57,1625449482.0,64.0
-30.23,1625449482.0,64.0
-34.42,1625449482.0,64.0
-37.63,1625449482.0,64.0
-39.32,1625449482.0,64.0
-39.09,1625449482.0,64.0
-36.83,1625449482.0,64.0
-32.72,1625449482.0,64.0
-27.15,1625449482.0,64.0
-20.64,1625449482.0,64.0
-13.61,1625449482.0,64.0
-6.41,1625449482.0,64.0
0.75,1625449482.0,64.0
7.61,1625449482.0,64.0
13.91,1625449482.0,64.0
19.34,1625449482.0,64.0
23.66,1625449482.0,64.0
26.78,1625449482.0,64.0
28.88,1625449482.0,64.0
30.27,1625449482.0,64.0
31.28,1625449482.0,64.0
32.17,1625449482.0,64.0
32.96,1625449482.0,64.0
33.56,1625449482.0,64.0
33.82,1625449482.0,64.0
33.63,1625449482.0,64.0
32.96,1625449482.0,64.0
31.89,1625449482.0,64.0
30.47,1625449482.0,64.0
28.77,1625449482.0,64.0
26.81,1625449482.0,64.0
24.59,1625449482.0,64.0
22.13,1625449482.0,64.0
19.44,1625449482.0,64.0
16.55,1625449482.0,64.0
13.52,1625449482.0,64.0
10.35,1625449482.0,64.0
7.12,1625449482.0,64.0
3.87,1625449482.0,64.0
0.7,1625449482.0,64.0
-2.35,1625449482.0,64.0
-5.3,1625449482.0,64.0
-8.23,1625449482.0,64.0
-11.32,1625449482.0,64.0
-14.75,1625449482.0,64.0
-18.67,1625449482.0,64.0
-23.16,1625449482.0,64.0
-28.1,1625449482.0,64.0
-33.22,1625449482.0,64.0
-38.04,1625449482.0,64.0
-41.98,1625449482.0,64.0
-44.43,1625449482.0,64.0
-44.97,1625449482.0,64.0
-43.45,1625449482.0,64.0
-40.04,1625449482.0,64.0
-35.18,1625449482.0,64.0
-29.36,1625449482.0,64.0
-22.98,1625449482.0,64.0
-16.23,1625449482.0,64.0
-9.13,1625449482.0,64.0
-1.71,1625449482.0,64.0
5.83,1625449482.0,64.0
13.08,1625449482.0,64.0
19.5,1625449482.0,64.0
24.68,1625449482.0,64.0
28.46,1625449482.0,64.0
31.0,1625449482.0,64.0
32.69,1625449482.0,64.0
33.95,1625449482.0,64.0
35.04,1625449482.0,64.0
36.05,1625449482.0,64.0
36.91,1625449482.0,64.0
37.47,1625449482.0,64.0
37.64,1625449482.0,64.0
37.42,1625449482.0,64.0
36.86,1625449482.0,64.0
36.02,1625449482.0,64.0
34.96,1625449482.0,64.0
33.69,1625449482.0,64.0
32.22,1625449482.0,64.0
30.5,1625449482.0,64.0
28.5,1625449482.0,64.0
26.22,1625449482.0,64.0
23.69,1625449482.0,64.0
21.0,1625449482.0,64.0
18.24,1625449482.0,64.0
15.47,1625449482.0,64.0
12.69,1625449482.0,64.0
9.85,1625449482.0,64.0
6.9,1625449482.0,64.0
3.81,1625449482.0,64.0
0.6,1625449482.0,64.0
-2.67,1625449482.0,64.0
-5.96,1625449482.0,64.0
-9.24,1625449482.0,64.0
-12.57,1625449482.0,64.0
-16.02,1625449482.0,64.0
-19.7,1625449482.0,64.0
-23.66,1625449482.0,64.0
-27.91,1625449482.0,64.0
-32.41,1625449482.0,64.0
-37.09,1625449482.0,64.0
-41.8,1625449482.0,64.0
-46.28,1625449482.0,64.0
-50.16,1625449482.0,64.0
-52.97,1625449482.0,64.0
-54.25,1625449482.0,64.0
-53.65,1625449482.0,64.0
-51.06,1625449482.0,64.0
-46.64,1625449482.0,64.0
-40.73,1625449482.0,64.0
-33.78,1625449482.0,64.0
-26.2,1625449482.0,64.0
-18.31,1625449482.0,64.0
-10.32,1625449482.0,64.0
-2.46,1625449482.0,64.0
4.99,1625449482.0,64.0
11.71,1625449482.0,64.0
17.43,1625449482.0,64.0
22.02,1625449482.0,64.0
25.59,1625449482.0,64.0
28.45,1625449482.0,64.0
30.96,1625449482.0,64.0
33.36,1625449482.0,64.0
35.7,1625449482.0,64.0
37.82,1625449482.0,64.0
39.53,1625449482.0,64.0
40.69,1625449482.0,64.0
41.31,1625449482.0,64.0
41.51,1625449482.0,64.0
41.43,1625449482.0,64.0
41.11,1625449482.0,64.0
40.49,1625449482.0,64.0
39.46,1625449482.0,64.0
37.95,1625449482.0,64.0
35.98,1625449482.0,64.0
33.69,1625449482.0,64.0
31.29,1625449482.0,64.0
28.93,1625449482.0,64.0
26.65,1625449482.0,64.0
24.45,1625449482.0,64.0
22.21,1625449482.0,64.0
19.87,1625449482.0,64.0
17.42,1625449482.0,64.0
14.94,1625449482.0,64.0
12.52,1625449482.0,64.0
10.19,1625449482.0,64.0
7.9,1625449482.0,64.0
5.49,1625449482.0,64.0
2.79,1625449482.0,64.0
-0.29,1625449482.0,64.0
-3.67,1625449482.0,64.0
-7.18,1625449482.0,64.0
-10.59,1625449482.0,64.0
-13.77,1625449482.0,64.0
-16.69,1625449482.0,64.0
-19.46,1625449482.0,64.0
-22.25,1625449482.0,64.0
-25.24,1625449482.0,64.0
-28.57,1625449482.0,64.0
-32.29,1625449482.0,64.0
-36.37,1625449482.0,64.0
-40.64,1625449482.0,64.0
-44.73,1625449482.0,64.0
-48.16,1625449482.0,64.0
-50.38,1625449482.0,64.0
-50.91,1625449482.0,64.0
-49.54,1625449482.0,64.0
-46.31,1625449482.0,64.0
-41.57,1625449482.0,64.0
-35.79,1625449482.0,64.0
-29.43,1625449482.0,64.0
-22.86,1625449482.0,64.0
-16.3,1625449482.0,64.0
-9.84,1625449482.0,64.0
-3.56,1625449482.0,64.0
2.42,1625449482.0,64.0
7.93,1625449482.0,64.0
12.78,1625449482.0,64.0
16.85,1625449482.0,64.0
20.15,1625449482.0,64.0
22.8,1625449482.0,64.0
25.0,1625449482.0,64.0
26.95,1625449482.0,64.0
28.72,1625449482.0,64.0
30.26,1625449482.0,64.0
31.46,1625449482.0,64.0
32.16,1625449482.0,64.0
32.36,1625449482.0,64.0
32.14,1625449482.0,64.0
31.7,1625449482.0,64.0
31.2,1625449482.0,64.0
30.71,1625449482.0,64.0
30.19,1625449482.0,64.0
29.52,1625449482.0,64.0
28.55,1625449482.0,64.0
27.22,1625449482.0,64.0
25.57,1625449482.0,64.0
23.73,1625449482.0,64.0
21.83,1625449482.0,64.0
19.97,1625449482.0,64.0
18.17,1625449482.0,64.0
16.33,1625449482.0,64.0
14.38,1625449482.0,64.0
12.3,1625449482.0,64.0
10.12,1625449482.0,64.0
7.95,1625449482.0,64.0
5.9,1625449482.0,64.0
4.01,1625449482.0,64.0
2.2,1625449482.0,64.0
0.32,1625449482.0,64.0
-1.79,1625449482.0,64.0
-4.22,1625449482.0,64.0
-6.93,1625449482.0,64.0
-9.78,1625449482.0,64.0
-12.61,1625449482.0,64.0
-15.37,1625449482.0,64.0
-18.06,1625449482.0,64.0
-20.8,1625449482.0,64.0
-23.73,1625449482.0,64.0
-26.93,1625449482.0,64.0
-30.39,1625449482.0,64.0
-33.98,1625449482.0,64.0
-37.51,1625449482.0,64.0
-40.67,1625449482.0,64.0
-43.09,1625449482.0,64.0
-44.38,1625449482.0,64.0
-44.21,1625449482.0,64.0
-42.41,1625449482.0,64.0
-39.07,1625449482.0,64.0
-34.51,1625449482.0,64.0
-29.18,1625449482.0,64.0
-23.49,1625449482.0,64.0
-17.71,1625449482.0,64.0
-11.97,1625449482.0,64.0
-6.37,1625449482.0,64.0
-1.05,1625449482.0,64.0
3.74,1625449482.0,64.0
7.7,1625449482.0,64.0
10.68,1625449482.0,64.0
12.7,1625449482.0,64.0
14.04,1625449482.0,64.0
15.08,1625449482.0,64.0
16.12,1625449482.0,64.0
17.34,1625449482.0,64.0
18.7,1625449482.0,64.0
20.07,1625449482.0,64.0
21.24,1625449482.0,64.0
22.08,1625449482.0,64.0
22.53,1625449482.0,64.0
22.62,1625449482.0,64.0
22.42,1625449482.0,64.0
22.01,1625449482.0,64.0
21.43,1625449482.0,64.0
20.72,1625449482.0,64.0
19.91,1625449482.0,64.0
19.04,1625449482.0,64.0
18.11,1625449482.0,64.0
17.11,1625449482.0,64.0
15.98,1625449482.0,64.0
14.65,1625449482.0,64.0
13.08,1625449482.0,64.0
11.33,1625449482.0,64.0
9.52,1625449482.0,64.0
7.77,1625449482.0,64.0
6.14,1625449482.0,64.0
4.58,1625449482.0,64.0
2.91,1625449482.0,64.0
0.98,1625449482.0,64.0
-1.31,1625449482.0,64.0
-3.93,1625449482.0,64.0
-6.73,1625449482.0,64.0
-9.51,1625449482.0,64.0
-12.11,1625449482.0,64.0
-14.42,1625449482.0,64.0
-16.44,1625449482.0,64.0
-18.28,1625449482.0,64.0
-20.13,1625449482.0,64.0
-22.2,1625449482.0,64.0
-24.7,1625449482.0,64.0
-27.72,1625449482.0,64.0
-31.18,1625449482.0,64.0
-34.78,1625449482.0,64.0
-38.02,1625449482.0,64.0
-40.29,1625449482.0,64.0
-41.03,1625449482.0,64.0
-39.93,1625449482.0,64.0
-36.98,1625449482.0,64.0
-32.51,1625449482.0,64.0
-27.06,1625449482.0,64.0
-21.26,1625449482.0,64.0
-15.61,1625449482.0,64.0
-10.41,1625449482.0,64.0
-5.78,1625449482.0,64.0
-1.72,1625449482.0,64.0
1.8,1625449482.0,64.0
4.78,1625449482.0,64.0
7.2,1625449482.0,64.0
9.06,1625449482.0,64.0
10.44,1625449482.0,64.0
11.49,1625449482.0,64.0
12.36,1625449482.0,64.0
13.23,1625449482.0,64.0
14.13,1625449482.0,64.0
15.04,1625449482.0,64.0
15.86,1625449482.0,64.0
16.49,1625449482.0,64.0
16.86,1625449482.0,64.0
17.0,1625449482.0,64.0
16.98,1625449482.0,64.0
16.87,1625449482.0,64.0
16.62,1625449482.0,64.0
16.11,1625449482.0,64.0
15.18,1625449482.0,64.0
13.76,1625449482.0,64.0
11.91,1625449482.0,64.0
9.87,1625449482.0,64.0
7.97,1625449482.0,64.0
6.46,1625449482.0,64.0
5.44,1625449482.0,64.0
4.78,1625449482.0,64.0
4.18,1625449482.0,64.0
3.29,1625449482.0,64.0
1.83,1625449482.0,64.0
-0.25,1625449482.0,64.0
-2.81,1625449482.0,64.0
-5.55,1625449482.0,64.0
-8.17,1625449482.0,64.0
-10.45,1625449482.0,64.0
-12.33,1625449482.0,64.0
-13.91,1625449482.0,64.0
-15.39,1625449482.0,64.0
-16.98,1625449482.0,64.0
-18.89,1625449482.0,64.0
-21.21,1625449482.0,64.0
-23.94,1625449482.0,64.0
-26.94,1625449482.0,64.0
-29.9,1625449482.0,64.0
-32.34,1625449482.0,64.0
-33.75,1625449482.0,64.0
-33.65,1625449482.0,64.0
-31.83,1625449482.0,64.0
-28.43,1625449482.0,64.0
-23.88,1625449482.0,64.0
-18.78,1625449482.0,64.0
-13.73,1625449482.0,64.0
-9.1,1625449482.0,64.0
-5.07,1625449482.0,64.0
-1.61,1625449482.0,64.0
1.34,1625449482.0,64.0
3.82,1625449482.0,64.0
5.85,1625449482.0,64.0
7.45,1625449482.0,64.0
8.71,1625449482.0,64.0
9.77,1625449482.0,64.0
10.8,1625449482.0,64.0
11.91,1625449482.0,64.0
13.11,1625449482.0,64.0
14.25,1625449482.0,64.0
15.16,1625449482.0,64.0
15.65,1625449482.0,64.0
15.7,1625449482.0,64.0
15.4,1625449482.0,64.0
14.9,1625449482.0,64.0
14.35,1625449482.0,64.0
13.8,1625449482.0,64.0
13.2,1625449482.0,64.0
12.41,1625449482.0,64.0
11.38,1625449482.0,64.0
10.11,1625449482.0,64.0
8.74,1625449482.0,64.0
7.42,1625449482.0,64.0
6.26,1625449482.0,64.0
5.26,1625449482.0,64.0
4.3,1625449482.0,64.0
3.23,1625449482.0,64.0
1.91,1625449482.0,64.0
0.28,1625449482.0,64.0
-1.66,1625449482.0,64.0
-3.82,1625449482.0,64.0
-6.07,1625449482.0,64.0
-8.34,1625449482.0,64.0
-10.55,1625449482.0,64.0
-12.71,1625449482.0,64.0
-14.89,1625449482.0,64.0
-17.18,1625449482.0,64.0
-19.64,1625449482.0,64.0
-22.36,1625449482.0,64.0
-25.29,1625449482.0,64.0
-28.33,1625449482.0,64.0
-31.21,1625449482.0,64.0
-33.54,1625449482.0,64.0
-34.88,1625449482.0,64.0
-34.87,1625449482.0,64.0
-33.35,1625449482.0,64.0
-30.4,1625449482.0,64.0
-26.39,1625449482.0,64.0
-21.77,1625449482.0,64.0
-17.0,1625449482.0,64.0
-12.37,1625449482.0,64.0
-8.06,1625449482.0,64.0
-4.15,1625449482.0,64.0
-0.75,1625449482.0,64.0
1.99,1625449482.0,64.0
3.99,1625449482.0,64.0
5.3,1625449482.0,64.0
6.14,1625449482.0,64.0
6.82,1625449482.0,64.0
7.67,1625449482.0,64.0
8.83,1625449482.0,64.0
10.27,1625449482.0,64.0
11.79,1625449482.0,64.0
13.14,1625449482.0,64.0
14.13,1625449482.0,64.0
14.71,1625449482.0,64.0
14.91,1625449482.0,64.0
14.85,1625449482.0,64.0
14.62,1625449482.0,64.0
14.29,1625449482.0,64.0
13.87,1625449482.0,64.0
13.29,1625449482.0,64.0
12.44,1625449482.0,64.0
11.26,1625449482.0,64.0
9.77,1625449482.0,64.0
8.09,1625449482.0,64.0
6.42,1625449482.0,64.0
4.93,1625449482.0,64.0
3.65,1625449482.0,64.0
2.49,1625449482.0,64.0
1.24,1625449482.0,64.0
-0.3,1625449482.0,64.0
-2.19,1625449482.0,64.0
-4.39,1625449482.0,64.0
-6.69,1625449482.0,64.0
-8.92,1625449482.0,64.0
-10.98,1625449482.0,64.0
-12.88,1625449482.0,64.0
-14.73,1625449482.0,64.0
-16.72,1625449482.0,64.0
-19.01,1625449482.0,64.0
-21.7,1625449482.0,64.0
-24.81,1625449482.0,64.0
-28.12,1625449482.0,64.0
-31.26,1625449482.0,64.0
-33.68,1625449482.0,64.0
-34.82,1625449482.0,64.0
-34.28,1625449482.0,64.0
-31.95,1625449482.0,64.0
-28.12,1625449482.0,64.0
-23.31,1625449482.0,64.0
-18.11,1625449482.0,64.0
-13.03,1625449482.0,64.0
-8.38,1625449482.0,64.0
-4.3,1625449482.0,64.0
-0.82,1625449482.0,64.0
2.06,1625449482.0,64.0
4.37,1625449482.0,64.0
6.16,1625449482.0,64.0
7.56,1625449482.0,64.0
8.75,1625449482.0,64.0
9.91,1625449482.0,64.0
11.14,1625449482.0,64.0
12.48,1625449482.0,64.0
13.85,1625449482.0,64.0
15.12,1625449482.0,64.0
16.16,1625449482.0,64.0
16.86,1625449482.0,64.0
17.19,1625449482.0,64.0
17.16,1625449482.0,64.0
16.82,1625449482.0,64.0
16.22,1625449482.0,64.0
15.4,1625449482.0,64.0
14.39,1625449482.0,64.0
13.21,1625449482.0,64.0
11.94,1625449482.0,64.0
10.63,1625449482.0,64.0
9.31,1625449482.0,64.0
7.97,1625449482.0,64.0
6.55,1625449482.0,64.0
5.0,1625449482.0,64.0
3.3,1625449482.0,64.0
1.49,1625449482.0,64.0
-0.31,1625449482.0,64.0
-2.01,1625449482.0,64.0
-3.56,1625449482.0,64.0
-5.06,1625449482.0,64.0
-6.67,1625449482.0,64.0
-8.58,1625449482.0,64.0
-10.92,1625449482.0,64.0
-13.76,1625449482.0,64.0
-17.04,1625449482.0,64.0
-20.64,1625449482.0,64.0
-24.36,1625449482.0,64.0
-27.94,1625449482.0,64.0
-31.08,1625449482.0,64.0
-33.39,1625449482.0,64.0
-34.44,1625449482.0,64.0
-33.88,1625449482.0,64.0
-31.56,1625449482.0,64.0
-27.68,1625449482.0,64.0
-22.72,1625449482.0,64.0
-17.32,1625449482.0,64.0
-12.06,1625449482.0,64.0
-7.28,1625449482.0,64.0
-3.08,1625449482.0,64.0
0.61,1625449482.0,64.0
3.8,1625449482.0,64.0
6.43,1625449482.0,64.0
8.35,1625449482.0,64.0
9.53,1625449482.0,64.0
10.11,1625449482.0,64.0
10.48,1625449482.0,64.0
11.09,1625449482.0,64.0
12.23,1625449482.0,64.0
13.94,1625449482.0,64.0
15.97,1625449482.0,64.0
17.93,1625449482.0,64.0
19.46,1625449482.0,64.0
20.37,1625449482.0,64.0
20.64,1625449482.0,64.0
20.38,1625449482.0,64.0
19.77,1625449482.0,64.0
18.92,1625449482.0,64.0
17.91,1625449482.0,64.0
16.75,1625449482.0,64.0
15.43,1625449482.0,64.0
13.97,1625449482.0,64.0
12.41,1625449482.0,64.0
10.84,1625449482.0,64.0
9.31,1625449482.0,64.0
7.81,1625449482.0,64.0
6.24,1625449482.0,64.0
4.5,1625449482.0,64.0
2.49,1625449482.0,64.0
0.23,1625449482.0,64.0
-2.14,1625449482.0,64.0
-4.48,1625449482.0,64.0
-6.7,1625449482.0,64.0
-8.85,1625449482.0,64.0
-11.13,1625449482.0,64.0
-13.77,1625449482.0,64.0
-16.92,1625449482.0,64.0
-20.49,1625449482.0,64.0
-24.14,1625449482.0,64.0
-27.34,1625449482.0,64.0
-29.5,1625449482.0,64.0
-30.19,1625449482.0,64.0
-29.22,1625449482.0,64.0
-26.71,1625449482.0,64.0
-23.0,1625449482.0,64.0
-18.56,1625449482.0,64.0
-13.84,1625449482.0,64.0
-9.17,1625449482.0,64.0
-4.76,1625449482.0,64.0
-0.73,1625449482.0,64.0
2.83,1625449482.0,64.0
5.85,1625449482.0,64.0
8.28,1625449482.0,64.0
10.09,1625449482.0,64.0
11.39,1625449482.0,64.0
12.35,1625449482.0,64.0
13.19,1625449482.0,64.0
14.09,1625449482.0,64.0
15.14,1625449482.0,64.0
16.34,1625449482.0,64.0
17.6,1625449482.0,64.0
18.76,1625449482.0,64.0
19.7,1625449482.0,64.0
20.33,1625449482.0,64.0
20.62,1625449482.0,64.0
20.55,1625449482.0,64.0
20.09,1625449482.0,64.0
19.24,1625449482.0,64.0
18.02,1625449482.0,64.0
16.48,1625449482.0,64.0
14.75,1625449482.0,64.0
12.99,1625449482.0,64.0
11.31,1625449482.0,64.0
9.72,1625449482.0,64.0
8.14,1625449482.0,64.0
6.47,1625449482.0,64.0
4.58,1625449482.0,64.0
2.42,1625449482.0,64.0
0.04,1625449482.0,64.0
-2.49,1625449482.0,64.0
-5.07,1625449482.0,64.0
-7.66,1625449482.0,64.0
-10.28,1625449482.0,64.0
-13.0,1625449482.0,64.0
-15.92,1625449482.0,64.0
-19.08,1625449482.0,64.0
-22.43,1625449482.0,64.0
-25.77,1625449482.0,64.0
-28.68,1625449482.0,64.0
-30.69,1625449482.0,64.0
-31.29,1625449482.0,64.0
-30.19,1625449482.0,64.0
-27.4,1625449482.0,64.0
-23.24,1625449482.0,64.0
-18.26,1625449482.0,64.0
-13.01,1625449482.0,64.0
-7.93,1625449482.0,64.0
-3.25,1625449482.0,64.0
0.94,1625449482.0,64.0
4.61,1625449482.0,64.0
7.72,1625449482.0,64.0
10.24,1625449482.0,64.0
12.18,1625449482.0,64.0
13.66,1625449482.0,64.0
14.88,1625449482.0,64.0
16.07,1625449482.0,64.0
17.4,1625449482.0,64.0
18.9,1625449482.0,64.0
20.46,1625449482.0,64.0
21.87,1625449482.0,64.0
22.88,1625449482.0,64.0
23.34,1625449482.0,64.0
23.21,1625449482.0,64.0
22.58,1625449482.0,64.0
21.6,1625449482.0,64.0
20.42,1625449482.0,64.0
19.12,1625449482.0,64.0
17.67,1625449482.0,64.0
16.04,1625449482.0,64.0
14.22,1625449482.0,64.0
12.3,1625449482.0,64.0
10.42,1625449482.0,64.0
8.73,1625449482.0,64.0
7.26,1625449482.0,64.0
5.89,1625449482.0,64.0
4.4,1625449482.0,64.0
2.61,1625449482.0,64.0
0.43,1625449482.0,64.0
-2.09,1625449482.0,64.0
-4.81,1625449482.0,64.0
-7.61,1625449482.0,64.0
-10.46,1625449482.0,64.0
-13.4,1625449482.0,64.0
-16.54,1625449482.0,64.0
-19.91,1625449482.0,64.0
-23.37,1625449482.0,64.0
-26.59,1625449482.0,64.0
-29.09,1625449482.0,64.0
-30.34,1625449482.0,64.0
-30.0,1625449482.0,64.0
-27.98,1625449482.0,64.0
-24.5,1625449482.0,64.0
-20.0,1625449482.0,64.0
-14.97,1625449482.0,64.0
-9.83,1625449482.0,64.0
-4.83,1625449482.0,64.0
-0.12,1625449482.0,64.0
4.17,1625449482.0,64.0
7.91,1625449482.0,64.0
10.92,1625449482.0,64.0
13.15,1625449482.0,64.0
14.66,1625449482.0,64.0
15.68,1625449482.0,64.0
16.51,1625449482.0,64.0
17.39,1625449482.0,64.0
18.43,1625449482.0,64.0
19.57,1625449482.0,64.0
20.69,1625449482.0,64.0
21.64,1625449482.0,64.0
22.29,1625449482.0,64.0
22.58,1625449482.0,64.0
22.46,1625449482.0,64.0
21.88,1625449482.0,64.0
20.89,1625449482.0,64.0
19.55,1625449482.0,64.0
17.97,1625449482.0,64.0
16.27,1625449482.0,64.0
14.51,1625449482.0,64.0
12.72,1625449482.0,64.0
10.89,1625449482.0,64.0
9.02,1625449482.0,64.0
7.14,1625449482.0,64.0
5.29,1625449482.0,64.0
3.47,1625449482.0,64.0
1.65,1625449482.0,64.0
-0.28,1625449482.0,64.0
-2.41,1625449482.0,64.0
-4.83,1625449482.0,64.0
-7.59,1625449482.0,64.0
-10.65,1625449482.0,64.0
-13.92,1625449482.0,64.0
-17.29,1625449482.0,64.0
-20.59,1625449482.0,64.0
-23.63,1625449482.0,64.0
-26.17,1625449482.0,64.0
-27.95,1625449482.0,64.0
-28.7,1625449482.0,64.0
-28.19,1625449482.0,64.0
-26.33,1625449482.0,64.0
-23.16,1625449482.0,64.0
-18.93,1625449482.0,64.0
-13.98,1625449482.0,64.0
-8.73,1625449482.0,64.0
-3.55,1625449482.0,64.0
1.26,1625449482.0,64.0
5.5,1625449482.0,64.0
9.02,1625449482.0,64.0
11.77,1625449482.0,64.0
13.76,1625449482.0,64.0
15.09,1625449482.0,64.0
15.97,1625449482.0,64.0
16.64,1625449482.0,64.0
17.35,1625449482.0,64.0
18.21,1625449482.0,64.0
19.26,1625449482.0,64.0
20.36,1625449482.0,64.0
21.34,1625449482.0,64.0
22.01,1625449482.0,64.0
22.24,1625449482.0,64.0
21.97,1625449482.0,64.0
21.23,1625449482.0,64.0
20.1,1625449482.0,64.0
18.69,1625449482.0,64.0
17.14,1625449482.0,64.0
15.53,1625449482.0,64.0
13.95,1625449482.0,64.0
12.4,1625449482.0,64.0
10.87,1625449482.0,64.0
9.3,1625449482.0,64.0
7.63,1625449482.0,64.0
5.82,1625449482.0,64.0
3.85,1625449482.0,64.0
1.74,1625449482.0,64.0
-0.49,1625449482.0,64.0
-2.84,1625449482.0,64.0
-5.34,1625449482.0,64.0
-8.02,1625449482.0,64.0
-10.92,1625449482.0,64.0
-14.06,1625449482.0,64.0
-17.46,1625449482.0,64.0
-21.0,1625449482.0,64.0
-24.51,1625449482.0,64.0
-27.68,1625449482.0,64.0
-30.16,1625449482.0,64.0
-31.59,1625449482.0,64.0
-31.69,1625449482.0,64.0
-30.35,1625449482.0,64.0
-27.6,1625449482.0,64.0
-23.63,1625449482.0,64.0
-18.75,1625449482.0,64.0
-13.37,1625449482.0,64.0
-7.9,1625449482.0,64.0
-2.75,1625449482.0,64.0
1.77,1625449482.0,64.0
5.49,1625449482.0,64.0
8.4,1625449482.0,64.0
10.62,1625449482.0,64.0
12.32,1625449482.0,64.0
13.68,1625449482.0,64.0
14.85,1625449482.0,64.0
15.92,1625449482.0,64.0
16.99,1625449482.0,64.0
18.12,1625449482.0,64.0
19.32,1625449482.0,64.0
20.5,1625449482.0,64.0
21.54,1625449482.0,64.0
22.23,1625449482.0,64.0
22.44,1625449482.0,64.0
22.11,1625449482.0,64.0
21.29,1625449482.0,64.0
20.12,1625449482.0,64.0
18.76,1625449482.0,64.0
17.35,1625449482.0,64.0
15.9,1625449482.0,64.0
14.39,1625449482.0,64.0
12.72,1625449482.0,64.0
10.78,1625449482.0,64.0
8.56,1625449482.0,64.0
6.11,1625449482.0,64.0
3.57,1625449482.0,64.0
1.08,1625449482.0,64.0
-1.22,1625449482.0,64.0
-3.35,1625449482.0,64.0
-5.38,1625449482.0,64.0
-7.5,1625449482.0,64.0
-9.84,1625449482.0,64.0
-12.49,1625449482.0,64.0
-15.45,1625449482.0,64.0
-18.66,1625449482.0,64.0
-22.0,1625449482.0,64.0
-25.27,1625449482.0,64.0
-28.18,1625449482.0,64.0
-30.31,1625449482.0,64.0
-31.25,1625449482.0,64.0
-30.7,1625449482.0,64.0
-28.59,1625449482.0,64.0
-25.18,1625449482.0,64.0
-20.91,1625449482.0,64.0
-16.27,1625449482.0,64.0
-11.6,1625449482.0,64.0
-7.05,1625449482.0,64.0
-2.61,1625449482.0,64.0
1.7,1625449482.0,64.0
5.74,1625449482.0,64.0
9.24,1625449482.0,64.0
11.95,1625449482.0,64.0
13.76,1625449482.0,64.0
14.79,1625449482.0,64.0
15.37,1625449482.0,64.0
15.84,1625449482.0,64.0
16.49,1625449482.0,64.0
17.38,1625449482.0,64.0
18.45,1625449482.0,64.0
19.47,1625449482.0,64.0
20.24,1625449482.0,64.0
20.6,1625449482.0,64.0
20.47,1625449482.0,64.0
19.88,1625449482.0,64.0
18.93,1625449482.0,64.0
17.74,1625449482.0,64.0
16.43,1625449482.0,64.0
15.08,1625449482.0,64.0
13.74,1625449482.0,64.0
12.41,1625449482.0,64.0
11.08,1625449482.0,64.0
9.71,1625449482.0,64.0
8.28,1625449482.0,64.0
6.75,1625449482.0,64.0
5.08,1625449482.0,64.0
3.26,1625449482.0,64.0
1.29,1625449482.0,64.0
-0.8,1625449482.0,64.0
-3.02,1625449482.0,64.0
-5.39,1625449482.0,64.0
-7.96,1625449482.0,64.0
-10.82,1625449482.0,64.0
-14.09,1625449482.0,64.0
-17.82,1625449482.0,64.0
-21.95,1625449482.0,64.0
-26.2,1625449482.0,64.0
-30.12,1625449482.0,64.0
-33.14,1625449482.0,64.0
-34.72,1625449482.0,64.0
-34.55,1625449482.0,64.0
-32.62,1625449482.0,64.0
-29.24,1625449482.0,64.0
-24.88,1625449482.0,64.0
-19.99,1625449482.0,64.0
-14.91,1625449482.0,64.0
-9.81,1625449482.0,64.0
-4.83,1625449482.0,64.0
-0.1,1625449482.0,64.0
4.14,1625449482.0,64.0
7.67,1625449482.0,64.0
10.33,1625449482.0,64.0
12.15,1625449482.0,64.0
13.33,1625449482.0,64.0
14.17,1625449482.0,64.0
14.96,1625449482.0,64.0
15.88,1625449482.0,64.0
16.94,1625449482.0,64.0
18.02,1625449482.0,64.0
18.98,1625449482.0,64.0
19.71,1625449482.0,64.0
20.13,1625449482.0,64.0
20.26,1625449482.0,64.0
20.08,1625449482.0,64.0
19.62,1625449482.0,64.0
18.85,1625449482.0,64.0
17.8,1625449482.0,64.0
16.48,1625449482.0,64.0
14.95,1625449482.0,64.0
13.25,1625449482.0,64.0
11.42,1625449482.0,64.0
9.5,1625449482.0,64.0
7.53,1625449482.0,64.0
5.55,1625449482.0,64.0
3.62,1625449482.0,64.0
1.73,1625449482.0,64.0
-0.1,1625449482.0,64.0
-1.88,1625449482.0,64.0
-3.63,1625449482.0,64.0
-5.36,1625449482.0,64.0
-7.15,1625449482.0,64.0
-9.15,1625449482.0,64.0
-11.56,1625449482.0,64.0
-14.52,1625449482.0,64.0
-18.12,1625449482.0,64.0
-22.19,1625449482.0,64.0
-26.4,1625449482.0,64.0
-30.2,1625449482.0,64.0
-32.99,1625449482.0,64.0
-34.28,1625449482.0,64.0
-33.79,1625449482.0,64.0
-31.53,1625449482.0,64.0
-27.84,1625449482.0,64.0
-23.25,1625449482.0,64.0
-18.32,1625449482.0,64.0
-13.44,1625449482.0,64.0
-8.83,1625449482.0,64.0
-4.5,1625449482.0,64.0
-0.39,1625449482.0,64.0
3.52,1625449482.0,64.0
7.1,1625449482.0,64.0
10.17,1625449482.0,64.0
12.56,1625449482.0,64.0
14.26,1625449482.0,64.0
15.38,1625449482.0,64.0
16.15,1625449482.0,64.0
16.84,1625449482.0,64.0
17.62,1625449482.0,64.0
18.53,1625449482.0,64.0
19.46,1625449482.0,64.0
20.26,1625449482.0,64.0
20.73,1625449482.0,64.0
20.76,1625449482.0,64.0
20.28,1625449482.0,64.0
19.36,1625449482.0,64.0
18.15,1625449482.0,64.0
16.81,1625449482.0,64.0
15.51,1625449482.0,64.0
14.28,1625449482.0,64.0
13.08,1625449482.0,64.0
11.74,1625449482.0,64.0
10.14,1625449482.0,64.0
8.22,1625449482.0,64.0
6.06,1625449482.0,64.0
3.82,1625449482.0,64.0
1.64,1625449482.0,64.0
-0.41,1625449482.0,64.0
-2.42,1625449482.0,64.0
-4.54,1625449482.0,64.0
-6.89,1625449482.0,64.0
-9.49,1625449482.0,64.0
-12.33,1625449482.0,64.0
-15.34,1625449482.0,64.0
-18.49,1625449482.0,64.0
-21.77,1625449482.0,64.0
-25.05,1625449482.0,64.0
-28.07,1625449482.0,64.0
-30.39,1625449482.0,64.0
-31.51,1625449482.0,64.0
-31.06,1625449482.0,64.0
-28.97,1625449482.0,64.0
-25.48,1625449482.0,64.0
-21.06,1625449482.0,64.0
-16.23,1625449482.0,64.0
-11.36,1625449482.0,64.0
-6.64,1625449482.0,64.0
-2.18,1625449482.0,64.0
1.98,1625449482.0,64.0
5.68,1625449482.0,64.0
8.74,1625449482.0,64.0
11.02,1625449482.0,64.0
12.54,1625449482.0,64.0
13.5,1625449482.0,64.0
14.21,1625449482.0,64.0
14.92,1625449482.0,64.0
15.77,1625449482.0,64.0
16.71,1625449482.0,64.0
17.55,1625449482.0,64.0
18.12,1625449482.0,64.0
18.32,1625449482.0,64.0
18.15,1625449482.0,64.0
17.72,1625449482.0,64.0
17.12,1625449482.0,64.0
16.43,1625449482.0,64.0
15.65,1625449482.0,64.0
14.71,1625449482.0,64.0
13.55,1625449482.0,64.0
12.1,1625449482.0,64.0
10.34,1625449482.0,64.0
8.29,1625449482.0,64.0
6.03,1625449482.0,64.0
3.69,1625449482.0,64.0
1.36,1625449482.0,64.0
-0.9,1625449482.0,64.0
-3.07,1625449482.0,64.0
-5.22,1625449482.0,64.0
-7.4,1625449482.0,64.0
-9.71,1625449482.0,64.0
-12.22,1625449482.0,64.0
-14.99,1625449482.0,64.0
-18.03,1625449482.0,64.0
-21.26,1625449482.0,64.0
-24.51,1625449482.0,64.0
-27.43,1625449482.0,64.0
-29.62,1625449482.0,64.0
-30.63,1625449482.0,64.0
-30.19,1625449482.0,64.0
-28.25,1625449482.0,64.0
-25.02,1625449482.0,64.0
-20.92,1625449482.0,64.0
-16.41,1625449482.0,64.0
-11.86,1625449482.0,64.0
-7.49,1625449482.0,64.0
-3.39,1625449482.0,64.0
0.36,1625449482.0,64.0
3.65,1625449482.0,64.0
6.38,1625449482.0,64.0
8.43,1625449482.0,64.0
9.85,1625449482.0,64.0
10.86,1625449482.0,64.0
11.76,1625449482.0,64.0
12.81,1625449482.0,64.0
14.1,1625449482.0,64.0
15.53,1625449482.0,64.0
16.81,1625449482.0,64.0
17.63,1625449482.0,64.0
17.79,1625449482.0,64.0
17.31,1625449482.0,64.0
16.38,1625449482.0,64.0
15.27,1625449482.0,64.0
14.19,1625449482.0,64.0
13.21,1625449482.0,64.0
12.23,1625449482.0,64.0
11.03,1625449482.0,64.0
9.39,1625449482.0,64.0
7.25,1625449482.0,64.0
4.69,1625449482.0,64.0
1.97,1625449482.0,64.0
-0.63,1625449482.0,64.0
-2.87,1625449482.0,64.0
-4.75,1625449482.0,64.0
-6.38,1625449482.0,64.0
-8.08,1625449482.0,64.0
-10.12,1625449482.0,64.0
-12.71,1625449482.0,64.0
-15.93,1625449482.0,64.0
-19.66,1625449482.0,64.0
-23.66,1625449482.0,64.0
-27.49,1625449482.0,64.0
-30.66,1625449482.0,64.0
-32.68,1625449482.0,64.0
-33.17,1625449482.0,64.0
-31.94,1625449482.0,64.0
-29.12,1625449482.0,64.0
-25.07,1625449482.0,64.0
-20.3,1625449482.0,64.0
-15.3,1625449482.0,64.0
-10.42,1625449482.0,64.0
-5.84,1625449482.0,64.0
-1.62,1625449482.0,64.0
2.17,1625449482.0,64.0
5.46,1625449482.0,64.0
8.11,1625449482.0,64.0
10.07,1625449482.0,64.0
11.41,1625449482.0,64.0
12.37,1625449482.0,64.0
13.21,1625449482.0,64.0
14.13,1625449482.0,64.0
15.16,1625449482.0,64.0
16.16,1625449482.0,64.0
16.9,1625449482.0,64.0
17.21,1625449482.0,64.0
17.04,1625449482.0,64.0
16.51,1625449482.0,64.0
15.78,1625449482.0,64.0
14.95,1625449482.0,64.0
14.05,1625449482.0,64.0
13.02,1625449482.0,64.0
11.71,1625449482.0,64.0
10.01,1625449482.0,64.0
7.89,1625449482.0,64.0
5.4,1625449482.0,64.0
2.69,1625449482.0,64.0
-0.04,1625449482.0,64.0
-2.6,1625449482.0,64.0
-4.9,1625449482.0,64.0
-6.98,1625449482.0,64.0
-9.0,1625449482.0,64.0
-11.2,1625449482.0,64.0
-13.78,1625449482.0,64.0
-16.88,1625449482.0,64.0
-20.48,1625449482.0,64.0
-24.41,1625449482.0,64.0
-28.36,1625449482.0,64.0
-31.94,1625449482.0,64.0
-34.7,1625449482.0,64.0
-36.24,1625449482.0,64.0
-36.31,1625449482.0,64.0
-34.8,1625449482.0,64.0
-31.82,1625449482.0,64.0
-27.65,1625449482.0,64.0
-22.66,1625449482.0,64.0
-17.22,1625449482.0,64.0
-11.63,1625449482.0,64.0
-6.1,1625449482.0,64.0
-0.81,1625449482.0,64.0
4.09,1625449482.0,64.0
8.43,1625449482.0,64.0
12.03,1625449482.0,64.0
14.8,1625449482.0,64.0
16.79,1625449482.0,64.0
18.23,1625449482.0,64.0
19.4,1625449482.0,64.0
20.56,1625449482.0,64.0
21.79,1625449482.0,64.0
23.02,1625449482.0,64.0
24.04,1625449482.0,64.0
24.65,1625449482.0,64.0
24.76,1625449482.0,64.0
24.38,1625449482.0,64.0
23.61,1625449482.0,64.0
22.57,1625449482.0,64.0
21.33,1625449482.0,64.0
19.89,1625449482.0,64.0
18.22,1625449482.0,64.0
16.29,1625449482.0,64.0
14.09,1625449482.0,64.0
11.64,1625449482.0,64.0
9.06,1625449482.0,64.0
6.44,1625449482.0,64.0
3.86,1625449482.0,64.0
1.32,1625449482.0,64.0
-1.29,1625449482.0,64.0
-4.11,1625449482.0,64.0
-7.24,1625449482.0,64.0
-10.7,1625449482.0,64.0
-14.45,1625449482.0,64.0
-18.38,1625449482.0,64.0
-22.42,1625449482.0,64.0
-26.46,1625449482.0,64.0
-30.37,1625449482.0,64.0
-33.83,1625449482.0,64.0
-36.41,1625449482.0,64.0
-37.63,1625449482.0,64.0
-37.13,1625449482.0,64.0
-34.87,1625449482.0,64.0
-31.15,1625449482.0,64.0
-26.45,1625449482.0,64.0
-21.28,1625449482.0,64.0
-15.93,1625449482.0,64.0
-10.53,1625449482.0,64.0
-5.04,1625449482.0,64.0
0.46,1625449482.0,64.0
5.76,1625449482.0,64.0
10.49,1625449482.0,64.0
14.32,1625449482.0,64.0
17.1,1625449482.0,64.0
18.97,1625449482.0,64.0
20.31,1625449482.0,64.0
21.54,1625449482.0,64.0
22.92,1625449482.0,64.0
24.46,1625449482.0,64.0
25.95,1625449482.0,64.0
27.12,1625449482.0,64.0
27.77,1625449482.0,64.0
27.85,1625449482.0,64.0
27.45,1625449482.0,64.0
26.68,1625449482.0,64.0
25.66,1625449482.0,64.0
24.48,1625449482.0,64.0
23.19,1625449482.0,64.0
21.82,1625449482.0,64.0
20.32,1625449482.0,64.0
18.64,1625449482.0,64.0
16.7,1625449482.0,64.0
14.45,1625449482.0,64.0
11.94,1625449482.0,64.0
9.29,1625449482.0,64.0
6.61,1625449482.0,64.0
3.99,1625449482.0,64.0
1.4,1625449482.0,64.0
-1.25,1625449482.0,64.0
-4.1,1625449482.0,64.0
-7.23,1625449482.0,64.0
-10.69,1625449482.0,64.0
-14.51,1625449482.0,64.0
-18.7,1625449482.0,64.0
-23.21,1625449482.0,64.0
-27.81,1625449482.0,64.0
-32.09,1625449482.0,64.0
-35.44,1625449482.0,64.0
-37.24,1625449482.0,64.0
-37.11,1625449482.0,64.0
-35.02,1625449482.0,64.0
-31.29,1625449482.0,64.0
-26.46,1625449482.0,64.0
-21.07,1625449482.0,64.0
-15.48,1625449482.0,64.0
-9.87,1625449482.0,64.0
-4.31,1625449482.0,64.0
1.11,1625449482.0,64.0
6.2,1625449482.0,64.0
10.69,1625449482.0,64.0
14.33,1625449482.0,64.0
17.01,1625449482.0,64.0
18.81,1625449482.0,64.0
19.99,1625449482.0,64.0
20.9,1625449482.0,64.0
21.85,1625449482.0,64.0
23.0,1625449482.0,64.0
24.33,1625449482.0,64.0
25.68,1625449482.0,64.0
26.81,1625449482.0,64.0
27.54,1625449482.0,64.0
27.75,1625449482.0,64.0
27.44,1625449482.0,64.0
26.7,1625449482.0,64.0
25.61,1625449482.0,64.0
24.29,1625449482.0,64.0
22.78,1625449482.0,64.0
21.12,1625449482.0,64.0
19.35,1625449482.0,64.0
17.47,1625449482.0,64.0
15.46,1625449482.0,64.0
13.33,1625449482.0,64.0
11.03,1625449482.0,64.0
8.54,1625449482.0,64.0
5.85,1625449482.0,64.0
2.97,1625449482.0,64.0
-0.01,1625449482.0,64.0
-3.0,1625449482.0,64.0
-5.88,1625449482.0,64.0
-8.59,1625449482.0,64.0
-11.15,1625449482.0,64.0
-13.71,1625449482.0,64.0
-16.47,1625449482.0,64.0
-19.64,1625449482.0,64.0
-23.28,1625449482.0,64.0
-27.25,1625449482.0,64.0
-31.09,1625449482.0,64.0
-34.2,1625449482.0,64.0
-35.96,1625449482.0,64.0
-35.93,1625449482.0,64.0
-33.99,1625449482.0,64.0
-30.36,1625449482.0,64.0
-25.51,1625449482.0,64.0
-20.02,1625449482.0,64.0
-14.4,1625449482.0,64.0
-8.96,1625449482.0,64.0
-3.85,1625449482.0,64.0
0.92,1625449482.0,64.0
5.33,1625449482.0,64.0
9.26,1625449482.0,64.0
12.6,1625449482.0,64.0
15.25,1625449482.0,64.0
17.24,1625449482.0,64.0
18.77,1625449482.0,64.0
20.09,1625449482.0,64.0
21.39,1625449482.0,64.0
22.72,1625449482.0,64.0
23.94,1625449482.0,64.0
24.84,1625449482.0,64.0
25.2,1625449482.0,64.0
24.99,1625449482.0,64.0
24.28,1625449482.0,64.0
23.28,1625449482.0,64.0
22.16,1625449482.0,64.0
21.07,1625449482.0,64.0
20.02,1625449482.0,64.0
18.97,1625449482.0,64.0
17.83,1625449482.0,64.0
16.55,1625449482.0,64.0
15.11,1625449482.0,64.0
13.49,1625449482.0,64.0
11.73,1625449482.0,64.0
9.8,1625449482.0,64.0
7.69,1625449482.0,64.0
5.36,1625449482.0,64.0
2.83,1625449482.0,64.0
0.12,1625449482.0,64.0
-2.71,1625449482.0,64.0
-5.61,1625449482.0,64.0
-8.58,1625449482.0,64.0
-11.65,1625449482.0,64.0
-14.85,1625449482.0,64.0
-18.23,1625449482.0,64.0
-21.73,1625449482.0,64.0
-25.16,1625449482.0,64.0
-28.2,1625449482.0,64.0
-30.45,1625449482.0,64.0
-31.5,1625449482.0,64.0
-31.13,1625449482.0,64.0
-29.3,1625449482.0,64.0
-26.18,1625449482.0,64.0
-22.1,1625449482.0,64.0
-17.4,1625449482.0,64.0
-12.36,1625449482.0,64.0
-7.18,1625449482.0,64.0
-2.09,1625449482.0,64.0
2.65,1625449482.0,64.0
6.71,1625449482.0,64.0
9.8,1625449482.0,64.0
11.78,1625449482.0,64.0
12.78,1625449482.0,64.0
13.18,1625449482.0,64.0
13.48,1625449482.0,64.0
14.09,1625449482.0,64.0
15.16,1625449482.0,64.0
16.59,1625449482.0,64.0
18.07,1625449482.0,64.0
19.23,1625449482.0,64.0
19.79,1625449482.0,64.0
19.67,1625449482.0,64.0
18.93,1625449482.0,64.0
17.73,1625449482.0,64.0
16.25,1625449482.0,64.0
14.61,1625449482.0,64.0
12.92,1625449482.0,64.0
11.17,1625449482.0,64.0
9.39,1625449482.0,64.0
7.56,1625449482.0,64.0
5.65,1625449482.0,64.0
3.65,1625449482.0,64.0
1.56,1625449482.0,64.0
-0.65,1625449482.0,64.0
-3.01,1625449482.0,64.0
-5.53,1625449482.0,64.0
-8.24,1625449482.0,64.0
-11.15,1625449482.0,64.0
-14.28,1625449482.0,64.0
-17.62,1625449482.0,64.0
-21.15,1625449482.0,64.0
-24.74,1625449482.0,64.0
-28.19,1625449482.0,64.0
-31.14,1625449482.0,64.0
-33.19,1625449482.0,64.0
-33.97,1625449482.0,64.0
-33.31,1625449482.0,64.0
-31.24,1625449482.0,64.0
-27.97,1625449482.0,64.0
-23.81,1625449482.0,64.0
-19.05,1625449482.0,64.0
-13.9,1625449482.0,64.0
-8.51,1625449482.0,64.0
-3.08,1625449482.0,64.0
2.14,1625449482.0,64.0
6.82,1625449482.0,64.0
10.69,1625449482.0,64.0
13.61,1625449482.0,64.0
15.62,1625449482.0,64.0
16.95,1625449482.0,64.0
17.86,1625449482.0,64.0
18.63,1625449482.0,64.0
19.38,1625449482.0,64.0
20.12,1625449482.0,64.0
20.78,1625449482.0,64.0
21.26,1625449482.0,64.0
21.47,1625449482.0,64.0
21.32,1625449482.0,64.0
20.8,1625449482.0,64.0
19.92,1625449482.0,64.0
18.71,1625449482.0,64.0
17.25,1625449482.0,64.0
15.59,1625449482.0,64.0
13.8,1625449482.0,64.0
11.9,1625449482.0,64.0
9.87,1625449482.0,64.0
7.67,1625449482.0,64.0
5.28,1625449482.0,64.0
2.74,1625449482.0,64.0
0.09,1625449482.0,64.0
-2.58,1625449482.0,64.0
-5.2,1625449482.0,64.0
-7.77,1625449482.0,64.0
-10.34,1625449482.0,64.0
-13.03,1625449482.0,64.0
-15.99,1625449482.0,64.0
-19.35,1625449482.0,64.0
-23.14,1625449482.0,64.0
-27.24,1625449482.0,64.0
-31.31,1625449482.0,64.0
-34.89,1625449482.0,64.0
-37.42,1625449482.0,64.0
-38.44,1625449482.0,64.0
-37.73,1625449482.0,64.0
-35.3,1625449482.0,64.0
-31.45,1625449482.0,64.0
-26.62,1625449482.0,64.0
-21.25,1625449482.0,64.0
-15.7,1625449482.0,64.0
-10.18,1625449482.0,64.0
-4.86,1625449482.0,64.0
0.18,1625449482.0,64.0
4.79,1625449482.0,64.0
8.83,1625449482.0,64.0
12.18,1625449482.0,64.0
14.83,1625449482.0,64.0
16.85,1625449482.0,64.0
18.42,1625449482.0,64.0
19.74,1625449482.0,64.0
21.0,1625449482.0,64.0
22.27,1625449482.0,64.0
23.47,1625449482.0,64.0
24.48,1625449482.0,64.0
25.17,1625449482.0,64.0
25.47,1625449482.0,64.0
25.43,1625449482.0,64.0
25.1,1625449482.0,64.0
24.53,1625449482.0,64.0
23.68,1625449482.0,64.0
22.46,1625449482.0,64.0
20.76,1625449482.0,64.0
18.59,1625449482.0,64.0
16.04,1625449482.0,64.0
13.29,1625449482.0,64.0
10.52,1625449482.0,64.0
7.85,1625449482.0,64.0
5.28,1625449482.0,64.0
2.78,1625449482.0,64.0
0.28,1625449482.0,64.0
-2.25,1625449482.0,64.0
-4.85,1625449482.0,64.0
-7.51,1625449482.0,64.0
-10.28,1625449482.0,64.0
-13.19,1625449482.0,64.0
-16.34,1625449482.0,64.0
-19.77,1625449482.0,64.0
-23.45,1625449482.0,64.0
-27.18,1625449482.0,64.0
-30.59,1625449482.0,64.0
-33.19,1625449482.0,64.0
-34.53,1625449482.0,64.0
-34.31,1625449482.0,64.0
-32.54,1625449482.0,64.0
-29.42,1625449482.0,64.0
-25.29,1625449482.0,64.0
-20.46,1625449482.0,64.0
-15.22,1625449482.0,64.0
-9.76,1625449482.0,64.0
-4.27,1625449482.0,64.0
1.01,1625449482.0,64.0
5.86,1625449482.0,64.0
10.07,1625449482.0,64.0
13.55,1625449482.0,64.0
16.29,1625449482.0,64.0
18.4,1625449482.0,64.0
20.01,1625449482.0,64.0
21.35,1625449482.0,64.0
22.58,1625449482.0,64.0
23.82,1625449482.0,64.0
25.04,1625449482.0,64.0
26.03,1625449482.0,64.0
26.5,1625449482.0,64.0
26.24,1625449482.0,64.0
25.21,1625449482.0,64.0
23.63,1625449482.0,64.0
21.82,1625449482.0,64.0
20.12,1625449482.0,64.0
18.63,1625449482.0,64.0
17.25,1625449482.0,64.0
15.79,1625449482.0,64.0
14.09,1625449482.0,64.0
12.13,1625449482.0,64.0
10.06,1625449482.0,64.0
8.02,1625449482.0,64.0
6.05,1625449482.0,64.0
4.05,1625449482.0,64.0
1.84,1625449482.0,64.0
-0.67,1625449482.0,64.0
-3.49,1625449482.0,64.0
-6.52,1625449482.0,64.0
-9.66,1625449482.0,64.0
-12.9,1625449482.0,64.0
-16.33,1625449482.0,64.0
-20.07,1625449482.0,64.0
-24.14,1625449482.0,64.0
-28.33,1625449482.0,64.0
-32.21,1625449482.0,64.0
-35.18,1625449482.0,64.0
-36.65,1625449482.0,64.0
-36.27,1625449482.0,64.0
-34.01,1625449482.0,64.0
-30.21,1625449482.0,64.0
-25.41,1625449482.0,64.0
-20.18,1625449482.0,64.0
-14.92,1625449482.0,64.0
-9.84,1625449482.0,64.0
-4.94,1625449482.0,64.0
-0.24,1625449482.0,64.0
4.17,1625449482.0,64.0
8.12,1625449482.0,64.0
11.41,1625449482.0,64.0
13.95,1625449482.0,64.0
15.86,1625449482.0,64.0
17.35,1625449482.0,64.0
18.68,1625449482.0,64.0
20.0,1625449482.0,64.0
21.3,1625449482.0,64.0
22.43,1625449482.0,64.0
23.23,1625449482.0,64.0
23.57,1625449482.0,64.0
23.45,1625449482.0,64.0
22.97,1625449482.0,64.0
22.27,1625449482.0,64.0
21.43,1625449482.0,64.0
20.42,1625449482.0,64.0
19.16,1625449482.0,64.0
17.51,1625449482.0,64.0
15.41,1625449482.0,64.0
12.92,1625449482.0,64.0
10.22,1625449482.0,64.0
7.55,1625449482.0,64.0
5.15,1625449482.0,64.0
3.15,1625449482.0,64.0
1.5,1625449482.0,64.0
0.05,1625449482.0,64.0
-1.45,1625449482.0,64.0
-3.22,1625449482.0,64.0
-5.41,1625449482.0,64.0
-8.05,1625449482.0,64.0
-11.1,1625449482.0,64.0
-14.49,1625449482.0,64.0
-18.14,1625449482.0,64.0
-21.99,1625449482.0,64.0
-25.9,1625449482.0,64.0
-29.54,1625449482.0,64.0
-32.44,1625449482.0,64.0
-34.02,1625449482.0,64.0
-33.83,1625449482.0,64.0
-31.74,1625449482.0,64.0
-28.04,1625449482.0,64.0
-23.31,1625449482.0,64.0
-18.24,1625449482.0,64.0
-13.33,1625449482.0,64.0
-8.77,1625449482.0,64.0
-4.53,1625449482.0,64.0
-0.47,1625449482.0,64.0
3.41,1625449482.0,64.0
6.96,1625449482.0,64.0
9.94,1625449482.0,64.0
12.17,1625449482.0,64.0
13.66,1625449482.0,64.0
14.63,1625449482.0,64.0
15.4,1625449482.0,64.0
16.27,1625449482.0,64.0
17.36,1625449482.0,64.0
18.57,1625449482.0,64.0
19.67,1625449482.0,64.0
20.37,1625449482.0,64.0
20.49,1625449482.0,64.0
20.01,1625449482.0,64.0
19.08,1625449482.0,64.0
17.9,1625449482.0,64.0
16.62,1625449482.0,64.0
15.31,1625449482.0,64.0
13.89,1625449482.0,64.0
12.28,1625449482.0,64.0
10.41,1625449482.0,64.0
8.28,1625449482.0,64.0
6.0,1625449482.0,64.0
3.71,1625449482.0,64.0
1.53,1625449482.0,64.0
-0.44,1625449482.0,64.0
-2.24,1625449482.0,64.0
-3.96,1625449482.0,64.0
-5.81,1625449482.0,64.0
-7.99,1625449482.0,64.0
-10.7,1625449482.0,64.0
-14.0,1625449482.0,64.0
-17.79,1625449482.0,64.0
-21.81,1625449482.0,64.0
-25.63,1625449482.0,64.0
-28.77,1625449482.0,64.0
-30.79,1625449482.0,64.0
-31.38,1625449482.0,64.0
-30.45,1625449482.0,64.0
-28.11,1625449482.0,64.0
-24.59,1625449482.0,64.0
-20.22,1625449482.0,64.0
-15.32,1625449482.0,64.0
-10.2,1625449482.0,64.0
-5.16,1625449482.0,64.0
-0.49,1625449482.0,64.0
3.51,1625449482.0,64.0
6.63,1625449482.0,64.0
8.82,1625449482.0,64.0
10.22,1625449482.0,64.0
11.15,1625449482.0,64.0
11.98,1625449482.0,64.0
12.95,1625449482.0,64.0
14.12,1625449482.0,64.0
15.36,1625449482.0,64.0
16.46,1625449482.0,64.0
17.26,1625449482.0,64.0
17.7,1625449482.0,64.0
17.83,1625449482.0,64.0
17.7,1625449482.0,64.0
17.29,1625449482.0,64.0
16.55,1625449482.0,64.0
15.44,1625449482.0,64.0
13.95,1625449482.0,64.0
12.18,1625449482.0,64.0
10.22,1625449482.0,64.0
8.19,1625449482.0,64.0
6.12,1625449482.0,64.0
4.0,1625449482.0,64.0
1.8,1625449482.0,64.0
-0.5,1625449482.0,64.0
-2.92,1625449482.0,64.0
-5.44,1625449482.0,64.0
-8.09,1625449482.0,64.0
-10.9,1625449482.0,64.0
-13.89,1625449482.0,64.0
-17.07,1625449482.0,64.0
-20.47,1625449482.0,64.0
-24.05,1625449482.0,64.0
-27.75,1625449482.0,64.0
-31.37,1625449482.0,64.0
-34.58,1625449482.0,64.0
-36.88,1625449482.0,64.0
-37.82,1625449482.0,64.0
-37.05,1625449482.0,64.0
-34.52,1625449482.0,64.0
-30.46,1625449482.0,64.0
-25.33,1625449482.0,64.0
-19.63,1625449482.0,64.0
-13.79,1625449482.0,64.0
-8.08,1625449482.0,64.0
-2.67,1625449482.0,64.0
2.29,1625449482.0,64.0
6.65,1625449482.0,64.0
10.24,1625449482.0,64.0
13.0,1625449482.0,64.0
14.99,1625449482.0,64.0
16.38,1625449482.0,64.0
17.43,1625449482.0,64.0
18.35,1625449482.0,64.0
19.2,1625449482.0,64.0
19.97,1625449482.0,64.0
20.58,1625449482.0,64.0
20.98,1625449482.0,64.0
21.16,1625449482.0,64.0
21.14,1625449482.0,64.0
20.9,1625449482.0,64.0
20.37,1625449482.0,64.0
19.41,1625449482.0,64.0
17.95,1625449482.0,64.0
16.01,1625449482.0,64.0
13.71,1625449482.0,64.0
11.24,1625449482.0,64.0
8.76,1625449482.0,64.0
6.39,1625449482.0,64.0
4.13,1625449482.0,64.0
1.97,1625449482.0,64.0
-0.09,1625449482.0,64.0
-2.08,1625449482.0,64.0
-4.02,1625449482.0,64.0
-6.03,1625449482.0,64.0
-8.31,1625449482.0,64.0
-11.04,1625449482.0,64.0
-14.33,1625449482.0,64.0
-18.15,1625449482.0,64.0
-22.28,1625449482.0,64.0
-26.44,1625449482.0,64.0
-30.27,1625449482.0,64.0
-33.43,1625449482.0,64.0
-35.54,1625449482.0,64.0
-36.28,1625449482.0,64.0
-35.45,1625449482.0,64.0
-33.0,1625449482.0,64.0
-29.15,1625449482.0,64.0
-24.27,1625449482.0,64.0
-18.8,1625449482.0,64.0
-13.12,1625449482.0,64.0
-7.49,1625449482.0,64.0
-2.08,1625449482.0,64.0
3.0,1625449482.0,64.0
7.57,1625449482.0,64.0
11.46,1625449482.0,64.0
14.56,1625449482.0,64.0
16.9,1625449482.0,64.0
18.64,1625449482.0,64.0
20.02,1625449482.0,64.0
21.25,1625449482.0,64.0
22.44,1625449482.0,64.0
23.55,1625449482.0,64.0
24.47,1625449482.0,64.0
25.08,1625449482.0,64.0
25.26,1625449482.0,64.0
24.97,1625449482.0,64.0
24.24,1625449482.0,64.0
23.1,1625449482.0,64.0
21.66,1625449482.0,64.0
20.02,1625449482.0,64.0
18.29,1625449482.0,64.0
16.53,1625449482.0,64.0
14.78,1625449482.0,64.0
12.98,1625449482.0,64.0
11.08,1625449482.0,64.0
9.02,1625449482.0,64.0
6.77,1625449482.0,64.0
4.38,1625449482.0,64.0
1.87,1625449482.0,64.0
-0.72,1625449482.0,64.0
-3.42,1625449482.0,64.0
-6.26,1625449482.0,64.0
-9.27,1625449482.0,64.0
-12.52,1625449482.0,64.0
-16.01,1625449482.0,64.0
-19.77,1625449482.0,64.0
-23.78,1625449482.0,64.0
-27.94,1625449482.0,64.0
-32.04,1625449482.0,64.0
-35.67,1625449482.0,64.0
-38.32,1625449482.0,64.0
-39.44,1625449482.0,64.0
-38.67,1625449482.0,64.0
-35.98,1625449482.0,64.0
-31.68,1625449482.0,64.0
-26.32,1625449482.0,64.0
-20.5,1625449482.0,64.0
-14.69,1625449482.0,64.0
-9.14,1625449482.0,64.0
-3.95,1625449482.0,64.0
0.82,1625449482.0,64.0
5.07,1625449482.0,64.0
8.66,1625449482.0,64.0
11.49,1625449482.0,64.0
13.63,1625449482.0,64.0
15.28,1625449482.0,64.0
16.72,1625449482.0,64.0
18.14,1625449482.0,64.0
19.56,1625449482.0,64.0
20.87,1625449482.0,64.0
21.88,1625449482.0,64.0
22.5,1625449482.0,64.0
22.76,1625449482.0,64.0
22.81,1625449482.0,64.0
22.81,1625449482.0,64.0
22.82,1625449482.0,64.0
22.76,1625449482.0,64.0
22.46,1625449482.0,64.0
21.74,1625449482.0,64.0
20.48,1625449482.0,64.0
18.68,1625449482.0,64.0
16.44,1625449482.0,64.0
13.91,1625449482.0,64.0
11.22,1625449482.0,64.0
8.5,1625449482.0,64.0
5.83,1625449482.0,64.0
3.25,1625449482.0,64.0
0.75,1625449482.0,64.0
-1.75,1625449482.0,64.0
-4.38,1625449482.0,64.0
-7.24,1625449482.0,64.0
-10.45,1625449482.0,64.0
-14.04,1625449482.0,64.0
-17.95,1625449482.0,64.0
-22.03,1625449482.0,64.0
-26.01,1625449482.0,64.0
-29.51,1625449482.0,64.0
-32.06,1625449482.0,64.0
-33.24,1625449482.0,64.0
-32.77,1625449482.0,64.0
-30.62,1625449482.0,64.0
-27.0,1625449482.0,64.0
-22.36,1625449482.0,64.0
-17.16,1625449482.0,64.0
-11.76,1625449482.0,64.0
-6.43,1625449482.0,64.0
-1.31,1625449482.0,64.0
3.41,1625449482.0,64.0
7.55,1625449482.0,64.0
10.91,1625449482.0,64.0
13.38,1625449482.0,64.0
15.03,1625449482.0,64.0
16.15,1625449482.0,64.0
17.11,1625449482.0,64.0
18.2,1625449482.0,64.0
19.57,1625449482.0,64.0
21.09,1625449482.0,64.0
22.49,1625449482.0,64.0
23.49,1625449482.0,64.0
23.92,1625449482.0,64.0
23.77,1625449482.0,64.0
23.15,1625449482.0,64.0
22.22,1625449482.0,64.0
21.07,1625449482.0,64.0
19.74,1625449482.0,64.0
18.24,1625449482.0,64.0
16.52,1625449482.0,64.0
14.6,1625449482.0,64.0
12.51,1625449482.0,64.0
10.33,1625449482.0,64.0
8.13,1625449482.0,64.0
5.94,1625449482.0,64.0
3.76,1625449482.0,64.0
1.55,1625449482.0,64.0
-0.75,1625449482.0,64.0
-3.18,1625449482.0,64.0
-5.74,1625449482.0,64.0
-8.47,1625449482.0,64.0
-11.38,1625449482.0,64.0
-14.54,1625449482.0,64.0
-18.01,1625449482.0,64.0
-21.79,1625449482.0,64.0
-25.74,1625449482.0,64.0
-29.58,1625449482.0,64.0
-32.83,1625449482.0,64.0
-34.99,1625449482.0,64.0
-35.61,1625449482.0,64.0
-34.48,1625449482.0,64.0
-31.64,1625449482.0,64.0
-27.45,1625449482.0,64.0
-22.37,1625449482.0,64.0
-16.88,1625449482.0,64.0
-11.31,1625449482.0,64.0
-5.84,1625449482.0,64.0
-0.59,1625449482.0,64.0
4.32,1625449482.0,64.0
8.69,1625449482.0,64.0
12.28,1625449482.0,64.0
14.95,1625449482.0,64.0
16.73,1625449482.0,64.0
17.85,1625449482.0,64.0
18.67,1625449482.0,64.0
19.52,1625449482.0,64.0
20.55,1625449482.0,64.0
21.71,1625449482.0,64.0
22.78,1625449482.0,64.0
23.47,1625449482.0,64.0
23.57,1625449482.0,64.0
23.06,1625449482.0,64.0
22.06,1625449482.0,64.0
20.77,1625449482.0,64.0
19.4,1625449482.0,64.0
18.05,1625449482.0,64.0
16.72,1625449482.0,64.0
15.3,1625449482.0,64.0
13.73,1625449482.0,64.0
11.97,1625449482.0,64.0
10.03,1625449482.0,64.0
7.96,1625449482.0,64.0
5.77,1625449482.0,64.0
3.49,1625449482.0,64.0
1.12,1625449482.0,64.0
-1.3,1625449482.0,64.0
-3.77,1625449482.0,64.0
-6.28,1625449482.0,64.0
-8.86,1625449482.0,64.0
-11.61,1625449482.0,64.0
-14.59,1625449482.0,64.0
-17.84,1625449482.0,64.0
-21.3,1625449482.0,64.0
-24.84,1625449482.0,64.0
-28.13,1625449482.0,64.0
-30.81,1625449482.0,64.0
-32.4,1625449482.0,64.0
-32.51,1625449482.0,64.0
-30.93,1625449482.0,64.0
-27.73,1625449482.0,64.0
-23.25,1625449482.0,64.0
-17.99,1625449482.0,64.0
-12.46,1625449482.0,64.0
-7.03,1625449482.0,64.0
-1.94,1625449482.0,64.0
2.62,1625449482.0,64.0
6.47,1625449482.0,64.0
9.4,1625449482.0,64.0
11.31,1625449482.0,64.0
12.27,1625449482.0,64.0
12.61,1625449482.0,64.0
12.84,1625449482.0,64.0
13.38,1625449482.0,64.0
14.44,1625449482.0,64.0
15.89,1625449482.0,64.0
17.37,1625449482.0,64.0
18.49,1625449482.0,64.0
19.03,1625449482.0,64.0
18.97,1625449482.0,64.0
18.49,1625449482.0,64.0
17.78,1625449482.0,64.0
16.96,1625449482.0,64.0
16.01,1625449482.0,64.0
14.87,1625449482.0,64.0
13.46,1625449482.0,64.0
11.79,1625449482.0,64.0
9.88,1625449482.0,64.0
7.8,1625449482.0,64.0
5.58,1625449482.0,64.0
3.22,1625449482.0,64.0
0.75,1625449482.0,64.0
-1.78,1625449482.0,64.0
-4.3,1625449482.0,64.0
-6.73,1625449482.0,64.0
-9.08,1625449482.0,64.0
-11.43,1625449482.0,64.0
-13.96,1625449482.0,64.0
-16.82,1625449482.0,64.0
-20.09,1625449482.0,64.0
-23.58,1625449482.0,64.0
-26.89,1625449482.0,64.0
-29.42,1625449482.0,64.0
-30.61,1625449482.0,64.0
-30.09,1625449482.0,64.0
-27.9,1625449482.0,64.0
-24.38,1625449482.0,64.0
-20.07,1625449482.0,64.0
-15.42,1625449482.0,64.0
-10.73,1625449482.0,64.0
-6.08,1625449482.0,64.0
-1.52,1625449482.0,64.0
2.79,1625449482.0,64.0
6.55,1625449482.0,64.0
9.44,1625449482.0,64.0
11.29,1625449482.0,64.0
12.25,1625449482.0,64.0
12.72,1625449482.0,64.0
13.26,1625449482.0,64.0
14.19,1625449482.0,64.0
15.56,1625449482.0,64.0
17.06,1625449482.0,64.0
18.24,1625449482.0,64.0
18.78,1625449482.0,64.0
18.59,1625449482.0,64.0
17.81,1625449482.0,64.0
16.71,1625449482.0,64.0
15.53,1625449482.0,64.0
14.33,1625449482.0,64.0
13.01,1625449482.0,64.0
11.45,1625449482.0,64.0
9.51,1625449482.0,64.0
7.22,1625449482.0,64.0
4.7,1625449482.0,64.0
2.15,1625449482.0,64.0
-0.24,1625449482.0,64.0
-2.39,1625449482.0,64.0
-4.3,1625449482.0,64.0
-6.1,1625449482.0,64.0
-7.94,1625449482.0,64.0
-10.03,1625449482.0,64.0
-12.52,1625449482.0,64.0
-15.56,1625449482.0,64.0
-19.19,1625449482.0,64.0
-23.35,1625449482.0,64.0
-27.8,1625449482.0,64.0
-32.08,1625449482.0,64.0
-35.6,1625449482.0,64.0
-37.73,1625449482.0,64.0
-38.02,1625449482.0,64.0
-36.32,1625449482.0,64.0
-32.85,1625449482.0,64.0
-28.07,1625449482.0,64.0
-22.57,1625449482.0,64.0
-16.85,1625449482.0,64.0
-11.23,1625449482.0,64.0
-5.87,1625449482.0,64.0
-0.82,1625449482.0,64.0
3.85,1625449482.0,64.0
8.07,1625449482.0,64.0
11.7,1625449482.0,64.0
14.64,1625449482.0,64.0
16.9,1625449482.0,64.0
18.57,1625449482.0,64.0
19.86,1625449482.0,64.0
20.98,1625449482.0,64.0
22.06,1625449482.0,64.0
23.05,1625449482.0,64.0
23.8,1625449482.0,64.0
24.11,1625449482.0,64.0
23.86,1625449482.0,64.0
23.12,1625449482.0,64.0
22.1,1625449482.0,64.0
21.05,1625449482.0,64.0
20.08,1625449482.0,64.0
19.11,1625449482.0,64.0
17.89,1625449482.0,64.0
16.19,1625449482.0,64.0
13.92,1625449482.0,64.0
11.2,1625449482.0,64.0
8.3,1625449482.0,64.0
5.52,1625449482.0,64.0
3.03,1625449482.0,64.0
0.8,1625449482.0,64.0
-1.34,1625449482.0,64.0
-3.6,1625449482.0,64.0
-6.17,1625449482.0,64.0
-9.16,1625449482.0,64.0
-12.6,1625449482.0,64.0
-16.5,1625449482.0,64.0
-20.76,1625449482.0,64.0
-25.17,1625449482.0,64.0
-29.47,1625449482.0,64.0
-33.27,1625449482.0,64.0
-36.16,1625449482.0,64.0
-37.78,1625449482.0,64.0
-37.88,1625449482.0,64.0
-36.36,1625449482.0,64.0
-33.27,1625449482.0,64.0
-28.81,1625449482.0,64.0
-23.34,1625449482.0,64.0
-17.31,1625449482.0,64.0
-11.19,1625449482.0,64.0
-5.35,1625449482.0,64.0
-0.02,1625449482.0,64.0
4.71,1625449482.0,64.0
8.85,1625449482.0,64.0
12.4,1625449482.0,64.0
15.31,1625449482.0,64.0
17.57,1625449482.0,64.0
19.2,1625449482.0,64.0
20.4,1625449482.0,64.0
21.47,1625449482.0,64.0
22.64,1625449482.0,64.0
23.99,1625449482.0,64.0
25.32,1625449482.0,64.0
26.31,1625449482.0,64.0
26.66,1625449482.0,64.0
26.26,1625449482.0,64.0
25.27,1625449482.0,64.0
23.97,1625449482.0,64.0
22.62,1625449482.0,64.0
21.29,1625449482.0,64.0
19.89,1625449482.0,64.0
18.2,1625449482.0,64.0
16.06,1625449482.0,64.0
13.47,1625449482.0,64.0
10.57,1625449482.0,64.0
7.61,1625449482.0,64.0
4.79,1625449482.0,64.0
2.2,1625449482.0,64.0
-0.21,1625449482.0,64.0
-2.53,1625449482.0,64.0
-4.93,1625449482.0,64.0
-7.57,1625449482.0,64.0
-10.59,1625449482.0,64.0
-14.07,1625449482.0,64.0
-18.06,1625449482.0,64.0
-22.46,1625449482.0,64.0
-27.07,1625449482.0,64.0
-31.51,1625449482.0,64.0
-35.26,1625449482.0,64.0
-37.76,1625449482.0,64.0
-38.53,1625449482.0,64.0
-37.33,1625449482.0,64.0
-34.18,1625449482.0,64.0
-29.44,1625449482.0,64.0
-23.66,1625449482.0,64.0
-17.44,1625449482.0,64.0
-11.27,1625449482.0,64.0
-5.47,1625449482.0,64.0
-0.19,1625449482.0,64.0
4.54,1625449482.0,64.0
8.67,1625449482.0,64.0
12.12,1625449482.0,64.0
14.84,1625449482.0,64.0
16.85,1625449482.0,64.0
18.31,1625449482.0,64.0
19.47,1625449482.0,64.0
20.62,1625449482.0,64.0
21.93,1625449482.0,64.0
23.41,1625449482.0,64.0
24.89,1625449482.0,64.0
26.11,1625449482.0,64.0
26.83,1625449482.0,64.0
26.9,1625449482.0,64.0
26.3,1625449482.0,64.0
25.16,1625449482.0,64.0
23.7,1625449482.0,64.0
22.1,1625449482.0,64.0
20.48,1625449482.0,64.0
18.83,1625449482.0,64.0
17.07,1625449482.0,64.0
15.09,1625449482.0,64.0
12.88,1625449482.0,64.0
10.47,1625449482.0,64.0
7.95,1625449482.0,64.0
5.4,1625449482.0,64.0
2.82,1625449482.0,64.0
0.18,1625449482.0,64.0
-2.6,1625449482.0,64.0
-5.5,1625449482.0,64.0
-8.47,1625449482.0,64.0
-11.49,1625449482.0,64.0
-14.6,1625449482.0,64.0
-17.9,1625449482.0,64.0
-21.54,1625449482.0,64.0
-25.51,1625449482.0,64.0
-29.57,1625449482.0,64.0
-33.2,1625449482.0,64.0
-35.76,1625449482.0,64.0
-36.68,1625449482.0,64.0
-35.63,1625449482.0,64.0
-32.69,1625449482.0,64.0
-28.27,1625449482.0,64.0
-22.98,1625449482.0,64.0
-17.37,1625449482.0,64.0
-11.83,1625449482.0,64.0
-6.47,1625449482.0,64.0
-1.26,1625449482.0,64.0
3.88,1625449482.0,64.0
8.95,1625449482.0,64.0
13.83,1625449482.0,64.0
18.33,1625449482.0,64.0
22.27,1625449482.0,64.0
25.57,1625449482.0,64.0
28.21,1625449482.0,64.0
30.24,1625449482.0,64.0
31.7,1625449482.0,64.0
32.58,1625449482.0,64.0
32.87,1625449482.0,64.0
32.57,1625449482.0,64.0
31.7,1625449482.0,64.0
30.33,1625449482.0,64.0
28.52,1625449482.0,64.0
26.37,1625449482.0,64.0
23.96,1625449482.0,64.0
21.4,1625449482.0,64.0
18.82,1625449482.0,64.0
16.33,1625449482.0,64.0
13.97,1625449482.0,64.0
11.71,1625449482.0,64.0
9.46,1625449482.0,64.0
7.17,1625449482.0,64.0
4.84,1625449482.0,64.0
2.53,1625449482.0,64.0
0.32,1625449482.0,64.0
-1.78,1625449482.0,64.0
-3.86,1625449482.0,64.0
-6.08,1625449482.0,64.0
-8.57,1625449482.0,64.0
-11.34,1625449482.0,64.0
-14.33,1625449482.0,64.0
-17.47,1625449482.0,64.0
-20.73,1625449482.0,64.0
-24.19,1625449482.0,64.0
-27.84,1625449482.0,64.0
-31.55,1625449482.0,64.0
-34.94,1625449482.0,64.0
-37.47,1625449482.0,64.0
-38.6,1625449482.0,64.0
-37.98,1625449482.0,64.0
-35.57,1625449482.0,64.0
-31.65,1625449482.0,64.0
-26.66,1625449482.0,64.0
-21.07,1625449482.0,64.0
-15.28,1625449482.0,64.0
-9.55,1625449482.0,64.0
-4.06,1625449482.0,64.0
1.01,1625449482.0,64.0
5.49,1625449482.0,64.0
9.26,1625449482.0,64.0
12.24,1625449482.0,64.0
14.52,1625449482.0,64.0
16.26,1625449482.0,64.0
17.7,1625449482.0,64.0
19.08,1625449482.0,64.0
20.54,1625449482.0,64.0
22.15,1625449482.0,64.0
23.8,1625449482.0,64.0
25.34,1625449482.0,64.0
26.51,1625449482.0,64.0
27.06,1625449482.0,64.0
26.83,1625449482.0,64.0
25.81,1625449482.0,64.0
24.17,1625449482.0,64.0
22.18,1625449482.0,64.0
20.17,1625449482.0,64.0
18.31,1625449482.0,64.0
16.66,1625449482.0,64.0
15.06,1625449482.0,64.0
13.36,1625449482.0,64.0
11.4,1625449482.0,64.0
9.16,1625449482.0,64.0
6.72,1625449482.0,64.0
4.21,1625449482.0,64.0
1.74,1625449482.0,64.0
-0.63,1625449482.0,64.0
-2.91,1625449482.0,64.0
-5.22,1625449482.0,64.0
-7.71,1625449482.0,64.0
-10.51,1625449482.0,64.0
-13.74,1625449482.0,64.0
-17.41,1625449482.0,64.0
-21.41,1625449482.0,64.0
-25.52,1625449482.0,64.0
-29.41,1625449482.0,64.0
-32.69,1625449482.0,64.0
-34.92,1625449482.0,64.0
-35.69,1625449482.0,64.0
-34.76,1625449482.0,64.0
-32.11,1625449482.0,64.0
-28.01,1625449482.0,64.0
-22.92,1625449482.0,64.0
-17.41,1625449482.0,64.0
-11.92,1625449482.0,64.0
-6.76,1625449482.0,64.0
-2.03,1625449482.0,64.0
2.21,1625449482.0,64.0
5.87,1625449482.0,64.0
8.81,1625449482.0,64.0
10.9,1625449482.0,64.0
12.16,1625449482.0,64.0
12.8,1625449482.0,64.0
13.22,1625449482.0,64.0
13.83,1625449482.0,64.0
14.86,1625449482.0,64.0
16.33,1625449482.0,64.0
17.94,1625449482.0,64.0
19.32,1625449482.0,64.0
20.11,1625449482.0,64.0
20.16,1625449482.0,64.0
19.52,1625449482.0,64.0
18.4,1625449482.0,64.0
17.05,1625449482.0,64.0
15.65,1625449482.0,64.0
14.27,1625449482.0,64.0
12.9,1625449482.0,64.0
11.46,1625449482.0,64.0
9.88,1625449482.0,64.0
8.14,1625449482.0,64.0
6.24,1625449482.0,64.0
4.21,1625449482.0,64.0
2.05,1625449482.0,64.0
-0.27,1625449482.0,64.0
-2.76,1625449482.0,64.0
-5.39,1625449482.0,64.0
-8.12,1625449482.0,64.0
-10.88,1625449482.0,64.0
-13.67,1625449482.0,64.0
-16.54,1625449482.0,64.0
-19.59,1625449482.0,64.0
-22.83,1625449482.0,64.0
-26.09,1625449482.0,64.0
-29.01,1625449482.0,64.0
-31.08,1625449482.0,64.0
-31.83,1625449482.0,64.0
-30.98,1625449482.0,64.0
-28.52,1625449482.0,64.0
-24.74,1625449482.0,64.0
-20.08,1625449482.0,64.0
-15.0,1625449482.0,64.0
-9.89,1625449482.0,64.0
-5.03,1625449482.0,64.0
-0.59,1625449482.0,64.0
3.28,1625449482.0,64.0
6.47,1625449482.0,64.0
8.88,1625449482.0,64.0
10.57,1625449482.0,64.0
11.7,1625449482.0,64.0
12.54,1625449482.0,64.0
13.36,1625449482.0,64.0
14.33,1625449482.0,64.0
15.48,1625449482.0,64.0
16.66,1625449482.0,64.0
17.67,1625449482.0,64.0
18.28,1625449482.0,64.0
18.34,1625449482.0,64.0
17.81,1625449482.0,64.0
16.79,1625449482.0,64.0
15.45,1625449482.0,64.0
13.96,1625449482.0,64.0
12.45,1625449482.0,64.0
10.91,1625449482.0,64.0
9.26,1625449482.0,64.0
7.36,1625449482.0,64.0
5.15,1625449482.0,64.0
2.64,1625449482.0,64.0
-0.03,1625449482.0,64.0
-2.67,1625449482.0,64.0
-5.18,1625449482.0,64.0
-7.54,1625449482.0,64.0
-9.88,1625449482.0,64.0
-12.35,1625449482.0,64.0
-15.11,1625449482.0,64.0
-18.29,1625449482.0,64.0
-21.93,1625449482.0,64.0
-26.0,1625449482.0,64.0
-30.33,1625449482.0,64.0
-34.58,1625449482.0,64.0
-38.24,1625449482.0,64.0
-40.69,1625449482.0,64.0
-41.4,1625449482.0,64.0
-40.1,1625449482.0,64.0
-36.87,1625449482.0,64.0
-32.19,1625449482.0,64.0
-26.65,1625449482.0,64.0
-20.83,1625449482.0,64.0
-15.07,1625449482.0,64.0
-9.47,1625449482.0,64.0
-4.03,1625449482.0,64.0
1.16,1625449482.0,64.0
5.9,1625449482.0,64.0
9.89,1625449482.0,64.0
12.9,1625449482.0,64.0
14.91,1625449482.0,64.0
16.15,1625449482.0,64.0
16.99,1625449482.0,64.0
17.83,1625449482.0,64.0
18.89,1625449482.0,64.0
20.2,1625449482.0,64.0
21.6,1625449482.0,64.0
22.85,1625449482.0,64.0
23.73,1625449482.0,64.0
24.11,1625449482.0,64.0
23.99,1625449482.0,64.0
23.44,1625449482.0,64.0
22.51,1625449482.0,64.0
21.23,1625449482.0,64.0
19.56,1625449482.0,64.0
17.46,1625449482.0,64.0
14.96,1625449482.0,64.0
12.16,1625449482.0,64.0
9.22,1625449482.0,64.0
6.29,1625449482.0,64.0
3.52,1625449482.0,64.0
0.95,1625449482.0,64.0
-1.42,1625449482.0,64.0
-3.66,1625449482.0,64.0
-5.87,1625449482.0,64.0
-8.19,1625449482.0,64.0
-10.83,1625449482.0,64.0
-13.97,1625449482.0,64.0
-17.74,1625449482.0,64.0
-22.08,1625449482.0,64.0
-26.77,1625449482.0,64.0
-31.35,1625449482.0,64.0
-35.25,1625449482.0,64.0
-37.87,1625449482.0,64.0
-38.76,1625449482.0,64.0
-37.7,1625449482.0,64.0
-34.79,1625449482.0,64.0
-30.42,1625449482.0,64.0
-25.11,1625449482.0,64.0
-19.4,1625449482.0,64.0
-13.64,1625449482.0,64.0
-7.99,1625449482.0,64.0
-2.49,1625449482.0,64.0
2.83,1625449482.0,64.0
7.79,1625449482.0,64.0
12.14,1625449482.0,64.0
15.6,1625449482.0,64.0
18.07,1625449482.0,64.0
19.68,1625449482.0,64.0
20.76,1625449482.0,64.0
21.68,1625449482.0,64.0
22.7,1625449482.0,64.0
23.86,1625449482.0,64.0
24.99,1625449482.0,64.0
25.86,1625449482.0,64.0
26.28,1625449482.0,64.0
26.22,1625449482.0,64.0
25.74,1625449482.0,64.0
24.93,1625449482.0,64.0
23.89,1625449482.0,64.0
22.64,1625449482.0,64.0
21.16,1625449482.0,64.0
19.45,1625449482.0,64.0
17.49,1625449482.0,64.0
15.28,1625449482.0,64.0
12.86,1625449482.0,64.0
10.25,1625449482.0,64.0
7.54,1625449482.0,64.0
4.8,1625449482.0,64.0
2.13,1625449482.0,64.0
-0.42,1625449482.0,64.0
-2.89,1625449482.0,64.0
-5.4,1625449482.0,64.0
-8.11,1625449482.0,64.0
-11.18,1625449482.0,64.0
-14.69,1625449482.0,64.0
-18.66,1625449482.0,64.0
-23.03,1625449482.0,64.0
-27.62,1625449482.0,64.0
-32.08,1625449482.0,64.0
-35.93,1625449482.0,64.0
-38.6,1625449482.0,64.0
-39.59,1625449482.0,64.0
-38.62,1625449482.0,64.0
-35.77,1625449482.0,64.0
-31.38,1625449482.0,64.0
-25.95,1625449482.0,64.0
-20.0,1625449482.0,64.0
-13.92,1625449482.0,64.0
-7.95,1625449482.0,64.0
-2.22,1625449482.0,64.0
3.14,1625449482.0,64.0
7.95,1625449482.0,64.0
12.02,1625449482.0,64.0
15.2,1625449482.0,64.0
17.45,1625449482.0,64.0
18.9,1625449482.0,64.0
19.82,1625449482.0,64.0
20.5,1625449482.0,64.0
21.22,1625449482.0,64.0
22.1,1625449482.0,64.0
23.06,1625449482.0,64.0
23.97,1625449482.0,64.0
24.61,1625449482.0,64.0
24.84,1625449482.0,64.0
24.62,1625449482.0,64.0
23.97,1625449482.0,64.0
22.94,1625449482.0,64.0
21.58,1625449482.0,64.0
19.92,1625449482.0,64.0
17.96,1625449482.0,64.0
15.73,1625449482.0,64.0
13.32,1625449482.0,64.0
10.83,1625449482.0,64.0
8.37,1625449482.0,64.0
6.02,1625449482.0,64.0
3.79,1625449482.0,64.0
1.64,1625449482.0,64.0
-0.54,1625449482.0,64.0
-2.86,1625449482.0,64.0
-5.42,1625449482.0,64.0
-8.29,1625449482.0,64.0
-11.45,1625449482.0,64.0
-14.88,1625449482.0,64.0
-18.57,1625449482.0,64.0
-22.49,1625449482.0,64.0
-26.61,1625449482.0,64.0
-30.75,1625449482.0,64.0
-34.52,1625449482.0,64.0
-37.42,1625449482.0,64.0
-38.87,1625449482.0,64.0
-38.49,1625449482.0,64.0
-36.21,1625449482.0,64.0
-32.3,1625449482.0,64.0
-27.29,1625449482.0,64.0
-21.72,1625449482.0,64.0
-16.03,1625449482.0,64.0
-10.43,1625449482.0,64.0
-5.04,1625449482.0,64.0
0.04,1625449482.0,64.0
4.64,1625449482.0,64.0
8.55,1625449482.0,64.0
11.61,1625449482.0,64.0
13.85,1625449482.0,64.0
15.48,1625449482.0,64.0
16.84,1625449482.0,64.0
18.2,1625449482.0,64.0
19.68,1625449482.0,64.0
21.2,1625449482.0,64.0
22.58,1625449482.0,64.0
23.65,1625449482.0,64.0
24.33,1625449482.0,64.0
24.62,1625449482.0,64.0
24.54,1625449482.0,64.0
24.08,1625449482.0,64.0
23.18,1625449482.0,64.0
21.77,1625449482.0,64.0
19.86,1625449482.0,64.0
17.55,1625449482.0,64.0
15.03,1625449482.0,64.0
12.49,1625449482.0,64.0
10.02,1625449482.0,64.0
7.67,1625449482.0,64.0
5.46,1625449482.0,64.0
3.39,1625449482.0,64.0
1.5,1625449482.0,64.0
-0.23,1625449482.0,64.0
-1.94,1625449482.0,64.0
-3.82,1625449482.0,64.0
-6.07,1625449482.0,64.0
-8.78,1625449482.0,64.0
-11.9,1625449482.0,64.0
-15.33,1625449482.0,64.0
-18.95,1625449482.0,64.0
-22.71,1625449482.0,64.0
-26.53,1625449482.0,64.0
-30.29,1625449482.0,64.0
-33.6,1625449482.0,64.0
-35.93,1625449482.0,64.0
-36.73,1625449482.0,64.0
-35.65,1625449482.0,64.0
-32.68,1625449482.0,64.0
-28.2,1625449482.0,64.0
-22.79,1625449482.0,64.0
-16.97,1625449482.0,64.0
-11.14,1625449482.0,64.0
-5.49,1625449482.0,64.0
-0.12,1625449482.0,64.0
4.83,1625449482.0,64.0
9.17,1625449482.0,64.0
12.67,1625449482.0,64.0
15.19,1625449482.0,64.0
16.78,1625449482.0,64.0
17.7,1625449482.0,64.0
18.36,1625449482.0,64.0
19.14,1625449482.0,64.0
20.28,1625449482.0,64.0
21.72,1625449482.0,64.0
23.21,1625449482.0,64.0
24.38,1625449482.0,64.0
24.91,1625449482.0,64.0
24.65,1625449482.0,64.0
23.65,1625449482.0,64.0
22.11,1625449482.0,64.0
20.34,1625449482.0,64.0
18.55,1625449482.0,64.0
16.87,1625449482.0,64.0
15.31,1625449482.0,64.0
13.81,1625449482.0,64.0
12.28,1625449482.0,64.0
10.68,1625449482.0,64.0
8.98,1625449482.0,64.0
7.16,1625449482.0,64.0
5.18,1625449482.0,64.0
3.01,1625449482.0,64.0
0.6,1625449482.0,64.0
-2.05,1625449482.0,64.0
-4.92,1625449482.0,64.0
-7.94,1625449482.0,64.0
-11.1,1625449482.0,64.0
-14.38,1625449482.0,64.0
-17.83,1625449482.0,64.0
-21.53,1625449482.0,64.0
-25.44,1625449482.0,64.0
-29.42,1625449482.0,64.0
-33.12,1625449482.0,64.0
-36.04,1625449482.0,64.0
-37.67,1625449482.0,64.0
-37.6,1625449482.0,64.0
-35.7,1625449482.0,64.0
-32.16,1625449482.0,64.0
-27.41,1625449482.0,64.0
-21.98,1625449482.0,64.0
-16.3,1625449482.0,64.0
-10.61,1625449482.0,64.0
-5.06,1625449482.0,64.0
0.26,1625449482.0,64.0
5.16,1625449482.0,64.0
9.39,1625449482.0,64.0
12.71,1625449482.0,64.0
15.03,1625449482.0,64.0
16.52,1625449482.0,64.0
17.53,1625449482.0,64.0
18.47,1625449482.0,64.0
19.64,1625449482.0,64.0
21.08,1625449482.0,64.0
22.6,1625449482.0,64.0
23.88,1625449482.0,64.0
24.63,1625449482.0,64.0
24.72,1625449482.0,64.0
24.19,1625449482.0,64.0
23.19,1625449482.0,64.0
21.87,1625449482.0,64.0
20.37,1625449482.0,64.0
18.71,1625449482.0,64.0
16.93,1625449482.0,64.0
15.01,1625449482.0,64.0
12.99,1625449482.0,64.0
10.94,1625449482.0,64.0
8.91,1625449482.0,64.0
6.9,1625449482.0,64.0
4.88,1625449482.0,64.0
2.8,1625449482.0,64.0
0.59,1625449482.0,64.0
-1.82,1625449482.0,64.0
-4.43,1625449482.0,64.0
-7.24,1625449482.0,64.0
-10.2,1625449482.0,64.0
-13.28,1625449482.0,64.0
-16.49,1625449482.0,64.0
-19.86,1625449482.0,64.0
-23.41,1625449482.0,64.0
-27.04,1625449482.0,64.0
-30.47,1625449482.0,64.0
-33.26,1625449482.0,64.0
-34.89,1625449482.0,64.0
-34.94,1625449482.0,64.0
-33.25,1625449482.0,64.0
-29.95,1625449482.0,64.0
-25.44,1625449482.0,64.0
-20.23,1625449482.0,64.0
-14.72,1625449482.0,64.0
-9.18,1625449482.0,64.0
-3.76,1625449482.0,64.0
1.45,1625449482.0,64.0
6.25,1625449482.0,64.0
10.37,1625449482.0,64.0
13.58,1625449482.0,64.0
15.7,1625449482.0,64.0
16.85,1625449482.0,64.0
17.33,1625449482.0,64.0
17.61,1625449482.0,64.0
18.07,1625449482.0,64.0
18.93,1625449482.0,64.0
20.13,1625449482.0,64.0
21.38,1625449482.0,64.0
22.34,1625449482.0,64.0
22.72,1625449482.0,64.0
22.44,1625449482.0,64.0
21.62,1625449482.0,64.0
20.5,1625449482.0,64.0
19.27,1625449482.0,64.0
18.04,1625449482.0,64.0
16.74,1625449482.0,64.0
15.25,1625449482.0,64.0
13.45,1625449482.0,64.0
11.33,1625449482.0,64.0
9.0,1625449482.0,64.0
6.61,1625449482.0,64.0
4.29,1625449482.0,64.0
2.07,1625449482.0,64.0
-0.19,1625449482.0,64.0
-2.66,1625449482.0,64.0
-5.47,1625449482.0,64.0
-8.64,1625449482.0,64.0
-12.06,1625449482.0,64.0
-15.57,1625449482.0,64.0
-19.03,1625449482.0,64.0
-22.4,1625449482.0,64.0
-25.66,1625449482.0,64.0
-28.73,1625449482.0,64.0
-31.36,1625449482.0,64.0
-33.09,1625449482.0,64.0
-33.42,1625449482.0,64.0
-32.0,1625449482.0,64.0
-28.77,1625449482.0,64.0
-24.06,1625449482.0,64.0
-18.4,1625449482.0,64.0
-12.39,1625449482.0,64.0
-6.52,1625449482.0,64.0
-1.13,1625449482.0,64.0
3.56,1625449482.0,64.0
7.43,1625449482.0,64.0
10.37,1625449482.0,64.0
12.4,1625449482.0,64.0
13.66,1625449482.0,64.0
14.42,1625449482.0,64.0
15.01,1625449482.0,64.0
15.7,1625449482.0,64.0
16.59,1625449482.0,64.0
17.62,1625449482.0,64.0
18.6,1625449482.0,64.0
19.29,1625449482.0,64.0
19.54,1625449482.0,64.0
19.27,1625449482.0,64.0
18.54,1625449482.0,64.0
17.43,1625449482.0,64.0
16.06,1625449482.0,64.0
14.48,1625449482.0,64.0
12.68,1625449482.0,64.0
10.64,1625449482.0,64.0
8.34,1625449482.0,64.0
5.83,1625449482.0,64.0
3.23,1625449482.0,64.0
0.71,1625449482.0,64.0
-1.61,1625449482.0,64.0
-3.72,1625449482.0,64.0
-5.73,1625449482.0,64.0
-7.89,1625449482.0,64.0
-10.4,1625449482.0,64.0
-13.44,1625449482.0,64.0
-17.03,1625449482.0,64.0
-21.06,1625449482.0,64.0
-25.28,1625449482.0,64.0
-29.32,1625449482.0,64.0
-32.81,1625449482.0,64.0
-35.32,1625449482.0,64.0
-36.55,1625449482.0,64.0
-36.24,1625449482.0,64.0
-34.35,1625449482.0,64.0
-31.01,1625449482.0,64.0
-26.47,1625449482.0,64.0
-21.12,1625449482.0,64.0
-15.34,1625449482.0,64.0
-9.48,1625449482.0,64.0
-3.83,1625449482.0,64.0
1.37,1625449482.0,64.0
5.93,1625449482.0,64.0
9.72,1625449482.0,64.0
12.69,1625449482.0,64.0
14.9,1625449482.0,64.0
16.51,1625449482.0,64.0
17.75,1625449482.0,64.0
18.82,1625449482.0,64.0
19.82,1625449482.0,64.0
20.72,1625449482.0,64.0
21.4,1625449482.0,64.0
21.67,1625449482.0,64.0
21.43,1625449482.0,64.0
20.66,1625449482.0,64.0
19.42,1625449482.0,64.0
17.86,1625449482.0,64.0
16.16,1625449482.0,64.0
14.43,1625449482.0,64.0
12.72,1625449482.0,64.0
11.0,1625449482.0,64.0
9.17,1625449482.0,64.0
7.14,1625449482.0,64.0
4.87,1625449482.0,64.0
2.41,1625449482.0,64.0
-0.18,1625449482.0,64.0
-2.83,1625449482.0,64.0
-5.6,1625449482.0,64.0
-8.57,1625449482.0,64.0
-11.84,1625449482.0,64.0
-15.49,1625449482.0,64.0
-19.45,1625449482.0,64.0
-23.58,1625449482.0,64.0
-27.64,1625449482.0,64.0
-31.39,1625449482.0,64.0
-34.56,1625449482.0,64.0
-36.9,1625449482.0,64.0
-38.16,1625449482.0,64.0
-38.11,1625449482.0,64.0
-36.64,1625449482.0,64.0
-33.76,1625449482.0,64.0
-29.67,1625449482.0,64.0
-24.66,1625449482.0,64.0
-19.05,1625449482.0,64.0
-13.08,1625449482.0,64.0
-6.94,1625449482.0,64.0
-0.81,1625449482.0,64.0
5.03,1625449482.0,64.0
10.22,1625449482.0,64.0
14.42,1625449482.0,64.0
17.43,1625449482.0,64.0
19.37,1625449482.0,64.0
20.67,1625449482.0,64.0
21.83,1625449482.0,64.0
23.22,1625449482.0,64.0
24.88,1625449482.0,64.0
26.54,1625449482.0,64.0
27.79,1625449482.0,64.0
28.32,1625449482.0,64.0
28.07,1625449482.0,64.0
27.21,1625449482.0,64.0
26.05,1625449482.0,64.0
24.77,1625449482.0,64.0
23.44,1625449482.0,64.0
21.92,1625449482.0,64.0
20.05,1625449482.0,64.0
17.74,1625449482.0,64.0
15.07,1625449482.0,64.0
12.19,1625449482.0,64.0
9.29,1625449482.0,64.0
6.51,1625449482.0,64.0
3.86,1625449482.0,64.0
1.27,1625449482.0,64.0
-1.35,1625449482.0,64.0
-4.15,1625449482.0,64.0
-7.23,1625449482.0,64.0
-10.66,1625449482.0,64.0
-14.51,1625449482.0,64.0
-18.77,1625449482.0,64.0
-23.35,1625449482.0,64.0
-28.01,1625449482.0,64.0
-32.36,1625449482.0,64.0
-35.9,1625449482.0,64.0
-38.11,1625449482.0,64.0
-38.59,1625449482.0,64.0
-37.21,1625449482.0,64.0
-34.1,1625449482.0,64.0
-29.62,1625449482.0,64.0
-24.21,1625449482.0,64.0
-18.33,1625449482.0,64.0
-12.28,1625449482.0,64.0
-6.29,1625449482.0,64.0
-0.47,1625449482.0,64.0
5.06,1625449482.0,64.0
10.12,1625449482.0,64.0
14.45,1625449482.0,64.0
17.86,1625449482.0,64.0
20.28,1625449482.0,64.0
21.83,1625449482.0,64.0
22.85,1625449482.0,64.0
23.77,1625449482.0,64.0
24.87,1625449482.0,64.0
26.2,1625449482.0,64.0
27.51,1625449482.0,64.0
28.46,1625449482.0,64.0
28.73,1625449482.0,64.0
28.29,1625449482.0,64.0
27.32,1625449482.0,64.0
26.09,1625449482.0,64.0
24.85,1625449482.0,64.0
23.62,1625449482.0,64.0
22.28,1625449482.0,64.0
20.64,1625449482.0,64.0
18.59,1625449482.0,64.0
16.14,1625449482.0,64.0
13.38,1625449482.0,64.0
10.46,1625449482.0,64.0
7.48,1625449482.0,64.0
4.48,1625449482.0,64.0
1.45,1625449482.0,64.0
-1.62,1625449482.0,64.0
-4.72,1625449482.0,64.0
-7.89,1625449482.0,64.0
-11.21,1625449482.0,64.0
-14.8,1625449482.0,64.0
-18.75,1625449482.0,64.0
-23.1,1625449482.0,64.0
-27.69,1625449482.0,64.0
-32.19,1625449482.0,64.0
-36.06,1625449482.0,64.0
-38.72,1625449482.0,64.0
-39.74,1625449482.0,64.0
-38.89,1625449482.0,64.0
-36.27,1625449482.0,64.0
-32.2,1625449482.0,64.0
-27.13,1625449482.0,64.0
-21.42,1625449482.0,64.0
-15.34,1625449482.0,64.0
-9.06,1625449482.0,64.0
-2.76,1625449482.0,64.0
3.29,1625449482.0,64.0
8.77,1625449482.0,64.0
13.34,1625449482.0,64.0
16.86,1625449482.0,64.0
19.38,1625449482.0,64.0
21.19,1625449482.0,64.0
22.64,1625449482.0,64.0
24.01,1625449482.0,64.0
25.41,1625449482.0,64.0
26.8,1625449482.0,64.0
28.02,1625449482.0,64.0
28.91,1625449482.0,64.0
29.36,1625449482.0,64.0
29.34,1625449482.0,64.0
28.84,1625449482.0,64.0
27.9,1625449482.0,64.0
26.62,1625449482.0,64.0
25.09,1625449482.0,64.0
23.4,1625449482.0,64.0
21.61,1625449482.0,64.0
19.7,1625449482.0,64.0
17.62,1625449482.0,64.0
15.27,1625449482.0,64.0
12.64,1625449482.0,64.0
9.75,1625449482.0,64.0
6.66,1625449482.0,64.0
3.46,1625449482.0,64.0
0.21,1625449482.0,64.0
-3.06,1625449482.0,64.0
-6.34,1625449482.0,64.0
-9.65,1625449482.0,64.0
-13.03,1625449482.0,64.0
-16.55,1625449482.0,64.0
-20.33,1625449482.0,64.0
-24.49,1625449482.0,64.0
-28.99,1625449482.0,64.0
-33.59,1625449482.0,64.0
-37.83,1625449482.0,64.0
-41.07,1625449482.0,64.0
-42.68,1625449482.0,64.0
-42.24,1625449482.0,64.0
-39.67,1625449482.0,64.0
-35.23,1625449482.0,64.0
-29.43,1625449482.0,64.0
-22.87,1625449482.0,64.0
-16.03,1625449482.0,64.0
-9.27,1625449482.0,64.0
-2.79,1625449482.0,64.0
3.23,1625449482.0,64.0
8.6,1625449482.0,64.0
13.11,1625449482.0,64.0
16.58,1625449482.0,64.0
18.98,1625449482.0,64.0
20.5,1625449482.0,64.0
21.5,1625449482.0,64.0
22.36,1625449482.0,64.0
23.39,1625449482.0,64.0
24.68,1625449482.0,64.0
26.12,1625449482.0,64.0
27.53,1625449482.0,64.0
28.72,1625449482.0,64.0
29.54,1625449482.0,64.0
29.91,1625449482.0,64.0
29.76,1625449482.0,64.0
29.06,1625449482.0,64.0
27.77,1625449482.0,64.0
25.93,1625449482.0,64.0
23.65,1625449482.0,64.0
21.11,1625449482.0,64.0
18.49,1625449482.0,64.0
15.92,1625449482.0,64.0
13.4,1625449482.0,64.0
10.89,1625449482.0,64.0
8.28,1625449482.0,64.0
5.46,1625449482.0,64.0
2.4,1625449482.0,64.0
-0.86,1625449482.0,64.0
-4.22,1625449482.0,64.0
-7.55,1625449482.0,64.0
-10.75,1625449482.0,64.0
-13.79,1625449482.0,64.0
-16.78,1625449482.0,64.0
-19.87,1625449482.0,64.0
-23.24,1625449482.0,64.0
-27.01,1625449482.0,64.0
-31.08,1625449482.0,64.0
-35.13,1625449482.0,64.0
-38.62,1625449482.0,64.0
-40.88,1625449482.0,64.0
-41.37,1625449482.0,64.0
-39.8,1625449482.0,64.0
-36.25,1625449482.0,64.0
-31.14,1625449482.0,64.0
-25.04,1625449482.0,64.0
-18.52,1625449482.0,64.0
-11.96,1625449482.0,64.0
-5.63,1625449482.0,64.0
0.32,1625449482.0,64.0
5.7,1625449482.0,64.0
10.3,1625449482.0,64.0
13.91,1625449482.0,64.0
16.5,1625449482.0,64.0
18.18,1625449482.0,64.0
19.3,1625449482.0,64.0
20.25,1625449482.0,64.0
21.35,1625449482.0,64.0
22.69,1625449482.0,64.0
24.12,1625449482.0,64.0
25.39,1625449482.0,64.0
26.26,1625449482.0,64.0
26.62,1625449482.0,64.0
26.55,1625449482.0,64.0
26.16,1625449482.0,64.0
25.57,1625449482.0,64.0
24.77,1625449482.0,64.0
23.64,1625449482.0,64.0
22.08,1625449482.0,64.0
20.06,1625449482.0,64.0
17.68,1625449482.0,64.0
15.14,1625449482.0,64.0
12.64,1625449482.0,64.0
10.3,1625449482.0,64.0
8.12,1625449482.0,64.0
6.04,1625449482.0,64.0
4.01,1625449482.0,64.0
1.96,1625449482.0,64.0
-0.12,1625449482.0,64.0
-2.29,1625449482.0,64.0
-4.62,1625449482.0,64.0
-7.25,1625449482.0,64.0
-10.27,1625449482.0,64.0
-13.77,1625449482.0,64.0
-17.68,1625449482.0,64.0
-21.81,1625449482.0,64.0
-25.84,1625449482.0,64.0
-29.33,1625449482.0,64.0
-31.81,1625449482.0,64.0
-32.86,1625449482.0,64.0
-32.25,1625449482.0,64.0
-29.96,1625449482.0,64.0
-26.2,1625449482.0,64.0
-21.42,1625449482.0,64.0
-16.07,1625449482.0,64.0
-10.62,1625449482.0,64.0
-5.39,1625449482.0,64.0
-0.58,1625449482.0,64.0
3.64,1625449482.0,64.0
7.13,1625449482.0,64.0
9.76,1625449482.0,64.0
11.49,1625449482.0,64.0
12.44,1625449482.0,64.0
12.89,1625449482.0,64.0
13.26,1625449482.0,64.0
13.91,1625449482.0,64.0
15.0,1625449482.0,64.0
16.43,1625449482.0,64.0
17.88,1625449482.0,64.0
19.01,1625449482.0,64.0
19.54,1625449482.0,64.0
19.41,1625449482.0,64.0
18.7,1625449482.0,64.0
17.55,1625449482.0,64.0
16.06,1625449482.0,64.0
14.31,1625449482.0,64.0
12.28,1625449482.0,64.0
10.01,1625449482.0,64.0
7.57,1625449482.0,64.0
5.09,1625449482.0,64.0
2.69,1625449482.0,64.0
0.48,1625449482.0,64.0
-1.52,1625449482.0,64.0
-3.37,1625449482.0,64.0
-5.23,1625449482.0,64.0
-7.26,1625449482.0,64.0
-9.57,1625449482.0,64.0
-12.24,1625449482.0,64.0
-15.24,1625449482.0,64.0
-18.54,1625449482.0,64.0
-22.08,1625449482.0,64.0
-25.78,1625449482.0,64.0
-29.47,1625449482.0,64.0
-32.82,1625449482.0,64.0
-35.36,1625449482.0,64.0
-36.57,1625449482.0,64.0
-36.08,1625449482.0,64.0
-33.75,1625449482.0,64.0
-29.75,1625449482.0,64.0
-24.49,1625449482.0,64.0
-18.47,1625449482.0,64.0
-12.13,1625449482.0,64.0
-5.85,1625449482.0,64.0
0.06,1625449482.0,64.0
5.3,1625449482.0,64.0
9.57,1625449482.0,64.0
12.65,1625449482.0,64.0
14.5,1625449482.0,64.0
15.33,1625449482.0,64.0
15.58,1625449482.0,64.0
15.79,1625449482.0,64.0
16.4,1625449482.0,64.0
17.58,1625449482.0,64.0
19.21,1625449482.0,64.0
20.84,1625449482.0,64.0
21.97,1625449482.0,64.0
22.22,1625449482.0,64.0
21.48,1625449482.0,64.0
19.97,1625449482.0,64.0
18.09,1625449482.0,64.0
16.23,1625449482.0,64.0
14.59,1625449482.0,64.0
13.12,1625449482.0,64.0
11.61,1625449482.0,64.0
9.78,1625449482.0,64.0
7.48,1625449482.0,64.0
4.75,1625449482.0,64.0
1.8,1625449482.0,64.0
-1.14,1625449482.0,64.0
-3.91,1625449482.0,64.0
-6.47,1625449482.0,64.0
-8.99,1625449482.0,64.0
-11.7,1625449482.0,64.0
-14.85,1625449482.0,64.0
-18.59,1625449482.0,64.0
-22.9,1625449482.0,64.0
-27.59,1625449482.0,64.0
-32.33,1625449482.0,64.0
-36.68,1625449482.0,64.0
-40.16,1625449482.0,64.0
-42.36,1625449482.0,64.0
-42.91,1625449482.0,64.0
-41.66,1625449482.0,64.0
-38.68,1625449482.0,64.0
-34.28,1625449482.0,64.0
-28.92,1625449482.0,64.0
-23.04,1625449482.0,64.0
-17.0,1625449482.0,64.0
-11.02,1625449482.0,64.0
-5.2,1625449482.0,64.0
0.41,1625449482.0,64.0
5.62,1625449482.0,64.0
10.22,1625449482.0,64.0
14.0,1625449482.0,64.0
16.86,1625449482.0,64.0
18.93,1625449482.0,64.0
20.47,1625449482.0,64.0
21.81,1625449482.0,64.0
23.16,1625449482.0,64.0
24.54,1625449482.0,64.0
25.8,1625449482.0,64.0
26.72,1625449482.0,64.0
27.11,1625449482.0,64.0
26.95,1625449482.0,64.0
26.3,1625449482.0,64.0
25.3,1625449482.0,64.0
24.04,1625449482.0,64.0
22.54,1625449482.0,64.0
20.76,1625449482.0,64.0
18.65,1625449482.0,64.0
16.22,1625449482.0,64.0
13.5,1625449482.0,64.0
10.6,1625449482.0,64.0
7.61,1625449482.0,64.0
4.64,1625449482.0,64.0
1.71,1625449482.0,64.0
-1.17,1625449482.0,64.0
-4.02,1625449482.0,64.0
-6.94,1625449482.0,64.0
-10.02,1625449482.0,64.0
-13.41,1625449482.0,64.0
-17.23,1625449482.0,64.0
-21.49,1625449482.0,64.0
-26.12,1625449482.0,64.0
-30.88,1625449482.0,64.0
-35.36,1625449482.0,64.0
-39.06,1625449482.0,64.0
-41.44,1625449482.0,64.0
-42.05,1625449482.0,64.0
-40.71,1625449482.0,64.0
-37.52,1625449482.0,64.0
-32.85,1625449482.0,64.0
-27.21,1625449482.0,64.0
-21.07,1625449482.0,64.0
-14.76,1625449482.0,64.0
-8.47,1625449482.0,64.0
-2.35,1625449482.0,64.0
3.42,1625449482.0,64.0
8.57,1625449482.0,64.0
12.8,1625449482.0,64.0
15.95,1625449482.0,64.0
18.09,1625449482.0,64.0
19.49,1625449482.0,64.0
20.56,1625449482.0,64.0
21.62,1625449482.0,64.0
22.83,1625449482.0,64.0
24.11,1625449482.0,64.0
25.32,1625449482.0,64.0
26.26,1625449482.0,64.0
26.86,1625449482.0,64.0
27.05,1625449482.0,64.0
26.81,1625449482.0,64.0
26.11,1625449482.0,64.0
24.89,1625449482.0,64.0
23.14,1625449482.0,64.0
20.92,1625449482.0,64.0
18.35,1625449482.0,64.0
15.59,1625449482.0,64.0
12.77,1625449482.0,64.0
9.96,1625449482.0,64.0
7.23,1625449482.0,64.0
4.61,1625449482.0,64.0
2.13,1625449482.0,64.0
-0.18,1625449482.0,64.0
-2.37,1625449482.0,64.0
-4.58,1625449482.0,64.0
-7.05,1625449482.0,64.0
-9.95,1625449482.0,64.0
-13.42,1625449482.0,64.0
-17.44,1625449482.0,64.0
-21.88,1625449482.0,64.0
-26.5,1625449482.0,64.0
-30.97,1625449482.0,64.0
-34.93,1625449482.0,64.0
-37.9,1625449482.0,64.0
-39.45,1625449482.0,64.0
-39.26,1625449482.0,64.0
-37.24,1625449482.0,64.0
-33.59,1625449482.0,64.0
-28.72,1625449482.0,64.0
-23.08,1625449482.0,64.0
-17.07,1625449482.0,64.0
-10.97,1625449482.0,64.0
-4.94,1625449482.0,64.0
0.82,1625449482.0,64.0
6.12,1625449482.0,64.0
10.73,1625449482.0,64.0
14.53,1625449482.0,64.0
17.52,1625449482.0,64.0
19.8,1625449482.0,64.0
21.5,1625449482.0,64.0
22.73,1625449482.0,64.0
23.57,1625449482.0,64.0
24.1,1625449482.0,64.0
24.41,1625449482.0,64.0
24.6,1625449482.0,64.0
24.72,1625449482.0,64.0
24.73,1625449482.0,64.0
24.49,1625449482.0,64.0
23.88,1625449482.0,64.0
22.83,1625449482.0,64.0
21.43,1625449482.0,64.0
19.82,1625449482.0,64.0
18.18,1625449482.0,64.0
16.55,1625449482.0,64.0
14.85,1625449482.0,64.0
12.96,1625449482.0,64.0
10.76,1625449482.0,64.0
8.28,1625449482.0,64.0
5.69,1625449482.0,64.0
3.13,1625449482.0,64.0
0.66,1625449482.0,64.0
-1.84,1625449482.0,64.0
-4.59,1625449482.0,64.0
-7.8,1625449482.0,64.0
-11.56,1625449482.0,64.0
-15.78,1625449482.0,64.0
-20.29,1625449482.0,64.0
-24.89,1625449482.0,64.0
-29.4,1625449482.0,64.0
-33.66,1625449482.0,64.0
-37.38,1625449482.0,64.0
-40.13,1625449482.0,64.0
-41.4,1625449482.0,64.0
-40.76,1625449482.0,64.0
-38.05,1625449482.0,64.0
-33.45,1625449482.0,64.0
-27.45,1625449482.0,64.0
-20.63,1625449482.0,64.0
-13.55,1625449482.0,64.0
-6.64,1625449482.0,64.0
-0.16,1625449482.0,64.0
5.61,1625449482.0,64.0
10.49,1625449482.0,64.0
14.33,1625449482.0,64.0
17.09,1625449482.0,64.0
18.92,1625449482.0,64.0
20.12,1625449482.0,64.0
21.05,1625449482.0,64.0
22.02,1625449482.0,64.0
23.19,1625449482.0,64.0
24.52,1625449482.0,64.0
25.86,1625449482.0,64.0
26.93,1625449482.0,64.0
27.52,1625449482.0,64.0
27.49,1625449482.0,64.0
26.8,1625449482.0,64.0
25.59,1625449482.0,64.0
24.01,1625449482.0,64.0
22.27,1625449482.0,64.0
20.48,1625449482.0,64.0
18.67,1625449482.0,64.0
16.77,1625449482.0,64.0
14.68,1625449482.0,64.0
12.33,1625449482.0,64.0
9.76,1625449482.0,64.0
7.09,1625449482.0,64.0
4.43,1625449482.0,64.0
1.85,1625449482.0,64.0
-0.7,1625449482.0,64.0
-3.32,1625449482.0,64.0
-6.16,1625449482.0,64.0
-9.29,1625449482.0,64.0
-12.75,1625449482.0,64.0
-16.52,1625449482.0,64.0
-20.55,1625449482.0,64.0
-24.79,1625449482.0,64.0
-29.11,1625449482.0,64.0
-33.25,1625449482.0,64.0
-36.83,1625449482.0,64.0
-39.34,1625449482.0,64.0
-40.32,1625449482.0,64.0
-39.47,1625449482.0,64.0
-36.75,1625449482.0,64.0
-32.41,1625449482.0,64.0
-26.88,1625449482.0,64.0
-20.67,1625449482.0,64.0
-14.21,1625449482.0,64.0
-7.86,1625449482.0,64.0
-1.84,1625449482.0,64.0
3.6,1625449482.0,64.0
8.27,1625449482.0,64.0
11.99,1625449482.0,64.0
14.7,1625449482.0,64.0
16.48,1625449482.0,64.0
17.62,1625449482.0,64.0
18.49,1625449482.0,64.0
19.45,1625449482.0,64.0
20.73,1625449482.0,64.0
22.31,1625449482.0,64.0
24.0,1625449482.0,64.0
25.45,1625449482.0,64.0
26.32,1625449482.0,64.0
26.42,1625449482.0,64.0
25.73,1625449482.0,64.0
24.39,1625449482.0,64.0
22.67,1625449482.0,64.0
20.83,1625449482.0,64.0
19.04,1625449482.0,64.0
17.35,1625449482.0,64.0
15.7,1625449482.0,64.0
13.98,1625449482.0,64.0
12.11,1625449482.0,64.0
10.02,1625449482.0,64.0
7.73,1625449482.0,64.0
5.29,1625449482.0,64.0
2.77,1625449482.0,64.0
0.22,1625449482.0,64.0
-2.34,1625449482.0,64.0
-4.94,1625449482.0,64.0
-7.68,1625449482.0,64.0
-10.66,1625449482.0,64.0
-13.99,1625449482.0,64.0
-17.71,1625449482.0,64.0
-21.73,1625449482.0,64.0
-25.77,1625449482.0,64.0
-29.46,1625449482.0,64.0
-32.32,1625449482.0,64.0
-33.9,1625449482.0,64.0
-33.91,1625449482.0,64.0
-32.24,1625449482.0,64.0
-28.99,1625449482.0,64.0
-24.4,1625449482.0,64.0
-18.81,1625449482.0,64.0
-12.64,1625449482.0,64.0
-6.32,1625449482.0,64.0
-0.3,1625449482.0,64.0
4.96,1625449482.0,64.0
9.12,1625449482.0,64.0
11.99,1625449482.0,64.0
13.67,1625449482.0,64.0
14.42,1625449482.0,64.0
14.69,1625449482.0,64.0
14.89,1625449482.0,64.0
15.33,1625449482.0,64.0
16.09,1625449482.0,64.0
17.12,1625449482.0,64.0
18.25,1625449482.0,64.0
19.28,1625449482.0,64.0
20.07,1625449482.0,64.0
20.54,1625449482.0,64.0
20.64,1625449482.0,64.0
20.31,1625449482.0,64.0
19.52,1625449482.0,64.0
18.19,1625449482.0,64.0
16.34,1625449482.0,64.0
14.01,1625449482.0,64.0
11.32,1625449482.0,64.0
8.4,1625449482.0,64.0
5.4,1625449482.0,64.0
2.43,1625449482.0,64.0
-0.46,1625449482.0,64.0
-3.24,1625449482.0,64.0
-5.91,1625449482.0,64.0
-8.53,1625449482.0,64.0
-11.23,1625449482.0,64.0
-14.19,1625449482.0,64.0
-17.62,1625449482.0,64.0
-21.63,1625449482.0,64.0
-26.17,1625449482.0,64.0
-30.95,1625449482.0,64.0
-35.44,1625449482.0,64.0
-39.02,1625449482.0,64.0
-41.08,1625449482.0,64.0
-41.25,1625449482.0,64.0
-39.45,1625449482.0,64.0
-35.91,1625449482.0,64.0
-31.05,1625449482.0,64.0
-25.35,1625449482.0,64.0
-19.17,1625449482.0,64.0
-12.78,1625449482.0,64.0
-6.35,1625449482.0,64.0
-0.1,1625449482.0,64.0
5.7,1625449482.0,64.0
10.7,1625449482.0,64.0
14.62,1625449482.0,64.0
17.33,1625449482.0,64.0
18.94,1625449482.0,64.0
19.81,1625449482.0,64.0
20.39,1625449482.0,64.0
21.09,1625449482.0,64.0
22.17,1625449482.0,64.0
23.61,1625449482.0,64.0
25.18,1625449482.0,64.0
26.47,1625449482.0,64.0
27.12,1625449482.0,64.0
26.91,1625449482.0,64.0
25.84,1625449482.0,64.0
24.14,1625449482.0,64.0
22.08,1625449482.0,64.0
19.9,1625449482.0,64.0
17.67,1625449482.0,64.0
15.35,1625449482.0,64.0
12.84,1625449482.0,64.0
10.13,1625449482.0,64.0
7.3,1625449482.0,64.0
4.5,1625449482.0,64.0
1.85,1625449482.0,64.0
-0.62,1625449482.0,64.0
-2.98,1625449482.0,64.0
-5.37,1625449482.0,64.0
-7.96,1625449482.0,64.0
-10.86,1625449482.0,64.0
-14.14,1625449482.0,64.0
-17.86,1625449482.0,64.0
-22.03,1625449482.0,64.0
-26.6,1625449482.0,64.0
-31.37,1625449482.0,64.0
-35.96,1625449482.0,64.0
-39.81,1625449482.0,64.0
-42.31,1625449482.0,64.0
-42.92,1625449482.0,64.0
-41.41,1625449482.0,64.0
-37.91,1625449482.0,64.0
-32.87,1625449482.0,64.0
-26.88,1625449482.0,64.0
-20.46,1625449482.0,64.0
-13.9,1625449482.0,64.0
-7.36,1625449482.0,64.0
-0.92,1625449482.0,64.0
5.23,1625449482.0,64.0
10.72,1625449482.0,64.0
15.16,1625449482.0,64.0
18.31,1625449482.0,64.0
20.22,1625449482.0,64.0
21.23,1625449482.0,64.0
21.88,1625449482.0,64.0
22.63,1625449482.0,64.0
23.76,1625449482.0,64.0
25.22,1625449482.0,64.0
26.72,1625449482.0,64.0
27.89,1625449482.0,64.0
28.42,1625449482.0,64.0
28.17,1625449482.0,64.0
27.23,1625449482.0,64.0
25.83,1625449482.0,64.0
24.2,1625449482.0,64.0
22.53,1625449482.0,64.0
20.82,1625449482.0,64.0
18.98,1625449482.0,64.0
16.9,1625449482.0,64.0
14.55,1625449482.0,64.0
11.99,1625449482.0,64.0
9.39,1625449482.0,64.0
6.89,1625449482.0,64.0
4.51,1625449482.0,64.0
2.16,1625449482.0,64.0
-0.34,1625449482.0,64.0
-3.19,1625449482.0,64.0
-6.54,1625449482.0,64.0
-10.41,1625449482.0,64.0
-14.69,1625449482.0,64.0
-19.28,1625449482.0,64.0
-24.04,1625449482.0,64.0
-28.84,1625449482.0,64.0
-33.52,1625449482.0,64.0
-37.81,1625449482.0,64.0
-41.25,1625449482.0,64.0
-43.3,1625449482.0,64.0
-43.45,1625449482.0,64.0
-41.45,1625449482.0,64.0
-37.44,1625449482.0,64.0
-31.9,1625449482.0,64.0
-25.45,1625449482.0,64.0
-18.68,1625449482.0,64.0
-11.92,1625449482.0,64.0
-5.3,1625449482.0,64.0
1.13,1625449482.0,64.0
7.22,1625449482.0,64.0
12.65,1625449482.0,64.0
17.05,1625449482.0,64.0
20.17,1625449482.0,64.0
22.06,1625449482.0,64.0
23.11,1625449482.0,64.0
23.88,1625449482.0,64.0
24.83,1625449482.0,64.0
26.12,1625449482.0,64.0
27.57,1625449482.0,64.0
28.79,1625449482.0,64.0
29.41,1625449482.0,64.0
29.28,1625449482.0,64.0
28.49,1625449482.0,64.0
27.29,1625449482.0,64.0
25.95,1625449482.0,64.0
24.6,1625449482.0,64.0
23.2,1625449482.0,64.0
21.62,1625449482.0,64.0
19.71,1625449482.0,64.0
17.44,1625449482.0,64.0
14.86,1625449482.0,64.0
12.1,1625449482.0,64.0
9.29,1625449482.0,64.0
6.51,1625449482.0,64.0
3.77,1625449482.0,64.0
0.98,1625449482.0,64.0
-1.93,1625449482.0,64.0
-5.05,1625449482.0,64.0
-8.38,1625449482.0,64.0
-11.86,1625449482.0,64.0
-15.43,1625449482.0,64.0
-19.09,1625449482.0,64.0
-22.9,1625449482.0,64.0
-26.93,1625449482.0,64.0
-31.18,1625449482.0,64.0
-35.4,1625449482.0,64.0
-39.13,1625449482.0,64.0
-41.76,1625449482.0,64.0
-42.73,1625449482.0,64.0
-41.72,1625449482.0,64.0
-38.78,1625449482.0,64.0
-34.28,1625449482.0,64.0
-28.75,1625449482.0,64.0
-22.69,1625449482.0,64.0
-16.43,1625449482.0,64.0
-10.15,1625449482.0,64.0
-3.98,1625449482.0,64.0
1.9,1625449482.0,64.0
7.21,1625449482.0,64.0
11.64,1625449482.0,64.0
15.04,1625449482.0,64.0
17.5,1625449482.0,64.0
19.37,1625449482.0,64.0
21.06,1625449482.0,64.0
22.88,1625449482.0,64.0
24.86,1625449482.0,64.0
26.8,1625449482.0,64.0
28.34,1625449482.0,64.0
29.19,1625449482.0,64.0
29.21,1625449482.0,64.0
28.5,1625449482.0,64.0
27.28,1625449482.0,64.0
25.81,1625449482.0,64.0
24.27,1625449482.0,64.0
22.76,1625449482.0,64.0
21.27,1625449482.0,64.0
19.74,1625449482.0,64.0
18.13,1625449482.0,64.0
16.38,1625449482.0,64.0
14.47,1625449482.0,64.0
12.36,1625449482.0,64.0
9.99,1625449482.0,64.0
7.32,1625449482.0,64.0
4.39,1625449482.0,64.0
1.27,1625449482.0,64.0
-1.92,1625449482.0,64.0
-5.09,1625449482.0,64.0
-8.19,1625449482.0,64.0
-11.29,1625449482.0,64.0
-14.49,1625449482.0,64.0
-17.94,1625449482.0,64.0
-21.79,1625449482.0,64.0
-26.07,1625449482.0,64.0
-30.67,1625449482.0,64.0
-35.26,1625449482.0,64.0
-39.26,1625449482.0,64.0
-41.99,1625449482.0,64.0
-42.84,1625449482.0,64.0
-41.46,1625449482.0,64.0
-37.92,1625449482.0,64.0
-32.68,1625449482.0,64.0
-26.41,1625449482.0,64.0
-19.76,1625449482.0,64.0
-13.19,1625449482.0,64.0
-6.95,1625449482.0,64.0
-1.11,1625449482.0,64.0
4.25,1625449482.0,64.0
8.98,1625449482.0,64.0
12.91,1625449482.0,64.0
15.9,1625449482.0,64.0
17.96,1625449482.0,64.0
19.25,1625449482.0,64.0
20.12,1625449482.0,64.0
20.92,1625449482.0,64.0
21.91,1625449482.0,64.0
23.16,1625449482.0,64.0
24.57,1625449482.0,64.0
25.87,1625449482.0,64.0
26.82,1625449482.0,64.0
27.23,1625449482.0,64.0
27.07,1625449482.0,64.0
26.35,1625449482.0,64.0
25.16,1625449482.0,64.0
23.56,1625449482.0,64.0
21.62,1625449482.0,64.0
19.43,1625449482.0,64.0
17.13,1625449482.0,64.0
14.86,1625449482.0,64.0
12.76,1625449482.0,64.0
10.85,1625449482.0,64.0
9.04,1625449482.0,64.0
7.16,1625449482.0,64.0
5.01,1625449482.0,64.0
2.46,1625449482.0,64.0
-0.5,1625449482.0,64.0
-3.76,1625449482.0,64.0
-7.1,1625449482.0,64.0
-10.38,1625449482.0,64.0
-13.52,1625449482.0,64.0
-16.59,1625449482.0,64.0
-19.78,1625449482.0,64.0
-23.27,1625449482.0,64.0
-27.06,1625449482.0,64.0
-30.89,1625449482.0,64.0
-34.19,1625449482.0,64.0
-36.29,1625449482.0,64.0
-36.58,1625449482.0,64.0
-34.77,1625449482.0,64.0
-30.99,1625449482.0,64.0
-25.73,1625449482.0,64.0
-19.63,1625449482.0,64.0
-13.33,1625449482.0,64.0
-7.29,1625449482.0,64.0
-1.8,1625449482.0,64.0
3.0,1625449482.0,64.0
6.95,1625449482.0,64.0
9.99,1625449482.0,64.0
12.13,1625449482.0,64.0
13.56,1625449482.0,64.0
14.61,1625449482.0,64.0
15.63,1625449482.0,64.0
16.91,1625449482.0,64.0
18.54,1625449482.0,64.0
20.42,1625449482.0,64.0
22.29,1625449482.0,64.0
23.86,1625449482.0,64.0
24.88,1625449482.0,64.0
25.23,1625449482.0,64.0
24.94,1625449482.0,64.0
24.16,1625449482.0,64.0
23.11,1625449482.0,64.0
21.96,1625449482.0,64.0
20.8,1625449482.0,64.0
19.6,1625449482.0,64.0
18.27,1625449482.0,64.0
16.71,1625449482.0,64.0
14.91,1625449482.0,64.0
12.98,1625449482.0,64.0
11.07,1625449482.0,64.0
9.3,1625449482.0,64.0
7.73,1625449482.0,64.0
6.3,1625449482.0,64.0
4.92,1625449482.0,64.0
3.46,1625449482.0,64.0
1.79,1625449482.0,64.0
-0.21,1625449482.0,64.0
-2.59,1625449482.0,64.0
-5.33,1625449482.0,64.0
-8.22,1625449482.0,64.0
-10.98,1625449482.0,64.0
-13.32,1625449482.0,64.0
-15.09,1625449482.0,64.0
-16.33,1625449482.0,64.0
-17.28,1625449482.0,64.0
-18.28,1625449482.0,64.0
-19.6,1625449482.0,64.0
-21.44,1625449482.0,64.0
-23.88,1625449482.0,64.0
-26.87,1625449482.0,64.0
-30.31,1625449482.0,64.0
-33.96,1625449482.0,64.0
-37.43,1625449482.0,64.0
-40.17,1625449482.0,64.0
-41.62,1625449482.0,64.0
-41.3,1625449482.0,64.0
-39.04,1625449482.0,64.0
-34.99,1625449482.0,64.0
-29.6,1625449482.0,64.0
-23.42,1625449482.0,64.0
-17.0,1625449482.0,64.0
-10.73,1625449482.0,64.0
-4.89,1625449482.0,64.0
0.37,1625449482.0,64.0
4.91,1625449482.0,64.0
8.64,1625449482.0,64.0
11.53,1625449482.0,64.0
13.62,1625449482.0,64.0
15.07,1625449482.0,64.0
16.1,1625449482.0,64.0
16.92,1625449482.0,64.0
17.67,1625449482.0,64.0
18.41,1625449482.0,64.0
19.14,1625449482.0,64.0
19.8,1625449482.0,64.0
20.34,1625449482.0,64.0
20.71,1625449482.0,64.0
20.82,1625449482.0,64.0
20.57,1625449482.0,64.0
19.84,1625449482.0,64.0
18.53,1625449482.0,64.0
16.62,1625449482.0,64.0
14.2,1625449482.0,64.0
11.48,1625449482.0,64.0
8.79,1625449482.0,64.0
6.48,1625449482.0,64.0
4.79,1625449482.0,64.0
3.7,1625449482.0,64.0
2.95,1625449482.0,64.0
2.03,1625449482.0,64.0
0.38,1625449482.0,64.0
-2.43,1625449482.0,64.0
-6.58,1625449482.0,64.0
-11.94,1625449482.0,64.0
-18.2,1625449482.0,64.0
-24.87,1625449482.0,64.0
-31.42,1625449482.0,64.0
-37.22,1625449482.0,64.0
-41.66,1625449482.0,64.0
-44.18,1625449482.0,64.0
-44.39,1625449482.0,64.0
-42.26,1625449482.0,64.0
-38.09,1625449482.0,64.0
-32.5,1625449482.0,64.0
-26.18,1625449482.0,64.0
-19.75,1625449482.0,64.0
-13.58,1625449482.0,64.0
-7.86,1625449482.0,64.0
-2.66,1625449482.0,64.0
1.94,1625449482.0,64.0
5.79,1625449482.0,64.0
8.74,1625449482.0,64.0
10.78,1625449482.0,64.0
12.08,1625449482.0,64.0
12.97,1625449482.0,64.0
13.82,1625449482.0,64.0
14.84,1625449482.0,64.0
16.02,1625449482.0,64.0
17.21,1625449482.0,64.0
18.17,1625449482.0,64.0
18.74,1625449482.0,64.0
18.89,1625449482.0,64.0
18.65,1625449482.0,64.0
18.03,1625449482.0,64.0
17.0,1625449482.0,64.0
15.53,1625449482.0,64.0
13.56,1625449482.0,64.0
11.16,1625449482.0,64.0
8.43,1625449482.0,64.0
5.55,1625449482.0,64.0
2.65,1625449482.0,64.0
-0.22,1625449482.0,64.0
-3.07,1625449482.0,64.0
-6.03,1625449482.0,64.0
-9.22,1625449482.0,64.0
-12.77,1625449482.0,64.0
-16.73,1625449482.0,64.0
-21.05,1625449482.0,64.0
-25.63,1625449482.0,64.0
-30.32,1625449482.0,64.0
-34.9,1625449482.0,64.0
-39.1,1625449482.0,64.0
-42.54,1625449482.0,64.0
-44.76,1625449482.0,64.0
-45.36,1625449482.0,64.0
-44.03,1625449482.0,64.0
-40.82,1625449482.0,64.0
-36.02,1625449482.0,64.0
-30.13,1625449482.0,64.0
-23.71,1625449482.0,64.0
-17.18,1625449482.0,64.0
-10.77,1625449482.0,64.0
-4.66,1625449482.0,64.0
0.98,1625449482.0,64.0
5.91,1625449482.0,64.0
9.92,1625449482.0,64.0
12.89,1625449482.0,64.0
14.92,1625449482.0,64.0
16.36,1625449482.0,64.0
17.61,1625449482.0,64.0
19.02,1625449482.0,64.0
20.7,1625449482.0,64.0
22.56,1625449482.0,64.0
24.35,1625449482.0,64.0
25.85,1625449482.0,64.0
26.94,1625449482.0,64.0
27.6,1625449482.0,64.0
27.83,1625449482.0,64.0
27.63,1625449482.0,64.0
26.91,1625449482.0,64.0
25.59,1625449482.0,64.0
23.64,1625449482.0,64.0
21.15,1625449482.0,64.0
18.28,1625449482.0,64.0
15.26,1625449482.0,64.0
12.27,1625449482.0,64.0
9.44,1625449482.0,64.0
6.83,1625449482.0,64.0
4.39,1625449482.0,64.0
2.07,1625449482.0,64.0
-0.27,1625449482.0,64.0
-2.84,1625449482.0,64.0
-5.91,1625449482.0,64.0
-9.75,1625449482.0,64.0
-14.56,1625449482.0,64.0
-20.31,1625449482.0,64.0
-26.6,1625449482.0,64.0
-32.74,1625449482.0,64.0
-37.83,1625449482.0,64.0
-41.02,1625449482.0,64.0
-41.75,1625449482.0,64.0
-39.93,1625449482.0,64.0
-35.9,1625449482.0,64.0
-30.33,1625449482.0,64.0
-23.89,1625449482.0,64.0
-17.1,1625449482.0,64.0
-10.28,1625449482.0,64.0
-3.61,1625449482.0,64.0
2.68,1625449482.0,64.0
8.3,1625449482.0,64.0
12.92,1625449482.0,64.0
16.34,1625449482.0,64.0
18.63,1625449482.0,64.0
20.12,1625449482.0,64.0
21.32,1625449482.0,64.0
22.68,1625449482.0,64.0
24.43,1625449482.0,64.0
26.45,1625449482.0,64.0
28.39,1625449482.0,64.0
29.83,1625449482.0,64.0
30.43,1625449482.0,64.0
30.15,1625449482.0,64.0
29.1,1625449482.0,64.0
27.58,1625449482.0,64.0
25.81,1625449482.0,64.0
23.92,1625449482.0,64.0
21.89,1625449482.0,64.0
19.61,1625449482.0,64.0
17.01,1625449482.0,64.0
14.06,1625449482.0,64.0
10.83,1625449482.0,64.0
7.43,1625449482.0,64.0
3.89,1625449482.0,64.0
0.16,1625449482.0,64.0
-3.81,1625449482.0,64.0
-8.11,1625449482.0,64.0
-12.71,1625449482.0,64.0
-17.54,1625449482.0,64.0
-22.46,1625449482.0,64.0
-27.34,1625449482.0,64.0
-32.04,1625449482.0,64.0
-36.38,1625449482.0,64.0
-40.05,1625449482.0,64.0
-42.72,1625449482.0,64.0
-44.0,1625449482.0,64.0
-43.67,1625449482.0,64.0
-41.68,1625449482.0,64.0
-38.19,1625449482.0,64.0
-33.5,1625449482.0,64.0
-27.89,1625449482.0,64.0
-21.61,1625449482.0,64.0
-14.79,1625449482.0,64.0
-7.6,1625449482.0,64.0
-0.32,1625449482.0,64.0
6.62,1625449482.0,64.0
12.73,1625449482.0,64.0
17.55,1625449482.0,64.0
20.88,1625449482.0,64.0
22.83,1625449482.0,64.0
23.83,1625449482.0,64.0
24.47,1625449482.0,64.0
25.3,1625449482.0,64.0
26.6,1625449482.0,64.0
28.36,1625449482.0,64.0
30.26,1625449482.0,64.0
31.84,1625449482.0,64.0
32.75,1625449482.0,64.0
32.84,1625449482.0,64.0
32.22,1625449482.0,64.0
31.15,1625449482.0,64.0
29.9,1625449482.0,64.0
28.57,1625449482.0,64.0
27.11,1625449482.0,64.0
25.34,1625449482.0,64.0
23.1,1625449482.0,64.0
20.36,1625449482.0,64.0
17.27,1625449482.0,64.0
14.02,1625449482.0,64.0
10.79,1625449482.0,64.0
7.6,1625449482.0,64.0
4.3,1625449482.0,64.0
0.68,1625449482.0,64.0
-3.47,1625449482.0,64.0
-8.24,1625449482.0,64.0
-13.62,1625449482.0,64.0
-19.46,1625449482.0,64.0
-25.59,1625449482.0,64.0
-31.77,1625449482.0,64.0
-37.66,1625449482.0,64.0
-42.84,1625449482.0,64.0
-46.73,1625449482.0,64.0
-48.78,1625449482.0,64.0
-48.59,1625449482.0,64.0
-46.06,1625449482.0,64.0
-41.42,1625449482.0,64.0
-35.21,1625449482.0,64.0
-28.0,1625449482.0,64.0
-20.27,1625449482.0,64.0
-12.3,1625449482.0,64.0
-4.22,1625449482.0,64.0
3.81,1625449482.0,64.0
11.52,1625449482.0,64.0
18.46,1625449482.0,64.0
24.17,1625449482.0,64.0
28.38,1625449482.0,64.0
31.17,1625449482.0,64.0
32.92,1625449482.0,64.0
34.15,1625449482.0,64.0
35.31,1625449482.0,64.0
36.56,1625449482.0,64.0
37.8,1625449482.0,64.0
38.79,1625449482.0,64.0
39.28,1625449482.0,64.0
39.16,1625449482.0,64.0
38.49,1625449482.0,64.0
37.38,1625449482.0,64.0
35.95,1625449482.0,64.0
34.24,1625449482.0,64.0
32.26,1625449482.0,64.0
29.96,1625449482.0,64.0
27.31,1625449482.0,64.0
24.31,1625449482.0,64.0
21.02,1625449482.0,64.0
17.54,1625449482.0,64.0
14.03,1625449482.0,64.0
10.56,1625449482.0,64.0
7.19,1625449482.0,64.0
3.87,1625449482.0,64.0
0.49,1625449482.0,64.0
-3.06,1625449482.0,64.0
-6.87,1625449482.0,64.0
-10.98,1625449482.0,64.0
-15.46,1625449482.0,64.0
-20.35,1625449482.0,64.0
-25.71,1625449482.0,64.0
-31.48,1625449482.0,64.0
-37.34,1625449482.0,64.0
-42.74,1625449482.0,64.0
-46.97,1625449482.0,64.0
-49.31,1625449482.0,64.0
-49.33,1625449482.0,64.0
-46.96,1625449482.0,64.0
-42.46,1625449482.0,64.0
-36.38,1625449482.0,64.0
-29.27,1625449482.0,64.0
-21.62,1625449482.0,64.0
-13.76,1625449482.0,64.0
-5.88,1625449482.0,64.0
1.81,1625449482.0,64.0
9.11,1625449482.0,64.0
15.7,1625449482.0,64.0
21.28,1625449482.0,64.0
25.59,1625449482.0,64.0
28.6,1625449482.0,64.0
30.5,1625449482.0,64.0
31.66,1625449482.0,64.0
32.5,1625449482.0,64.0
33.3,1625449482.0,64.0
34.14,1625449482.0,64.0
34.9,1625449482.0,64.0
35.41,1625449482.0,64.0
35.52,1625449482.0,64.0
35.23,1625449482.0,64.0
34.6,1625449482.0,64.0
33.7,1625449482.0,64.0
32.52,1625449482.0,64.0
31.01,1625449482.0,64.0
29.09,1625449482.0,64.0
26.73,1625449482.0,64.0
23.97,1625449482.0,64.0
20.88,1625449482.0,64.0
17.56,1625449482.0,64.0
14.1,1625449482.0,64.0
10.61,1625449482.0,64.0
7.17,1625449482.0,64.0
3.83,1625449482.0,64.0
0.58,1625449482.0,64.0
-2.7,1625449482.0,64.0
-6.14,1625449482.0,64.0
-9.87,1625449482.0,64.0
-13.89,1625449482.0,64.0
-18.15,1625449482.0,64.0
-22.57,1625449482.0,64.0
-27.08,1625449482.0,64.0
-31.65,1625449482.0,64.0
-36.11,1625449482.0,64.0
-40.11,1625449482.0,64.0
-43.11,1625449482.0,64.0
-44.51,1625449482.0,64.0
-43.89,1625449482.0,64.0
-41.19,1625449482.0,64.0
-36.75,1625449482.0,64.0
-31.15,1625449482.0,64.0
-24.97,1625449482.0,64.0
-18.59,1625449482.0,64.0
-12.17,1625449482.0,64.0
-5.76,1625449482.0,64.0
0.53,1625449482.0,64.0
6.44,1625449482.0,64.0
11.56,1625449482.0,64.0
15.54,1625449482.0,64.0
18.27,1625449482.0,64.0
19.92,1625449482.0,64.0
20.93,1625449482.0,64.0
21.78,1625449482.0,64.0
22.79,1625449482.0,64.0
24.0,1625449482.0,64.0
25.25,1625449482.0,64.0
26.24,1625449482.0,64.0
26.76,1625449482.0,64.0
26.75,1625449482.0,64.0
26.3,1625449482.0,64.0
25.56,1625449482.0,64.0
24.67,1625449482.0,64.0
23.63,1625449482.0,64.0
22.38,1625449482.0,64.0
20.8,1625449482.0,64.0
18.86,1625449482.0,64.0
16.57,1625449482.0,64.0
14.06,1625449482.0,64.0
11.47,1625449482.0,64.0
8.92,1625449482.0,64.0
6.46,1625449482.0,64.0
4.05,1625449482.0,64.0
1.56,1625449482.0,64.0
-1.16,1625449482.0,64.0
-4.22,1625449482.0,64.0
-7.69,1625449482.0,64.0
-11.54,1625449482.0,64.0
-15.7,1625449482.0,64.0
-20.08,1625449482.0,64.0
-24.59,1625449482.0,64.0
-29.11,1625449482.0,64.0
-33.44,1625449482.0,64.0
-37.23,1625449482.0,64.0
-39.98,1625449482.0,64.0
-41.17,1625449482.0,64.0
-40.44,1625449482.0,64.0
-37.68,1625449482.0,64.0
-33.14,1625449482.0,64.0
-27.29,1625449482.0,64.0
-20.65,1625449482.0,64.0
-13.7,1625449482.0,64.0
-6.76,1625449482.0,64.0
-0.15,1625449482.0,64.0
5.85,1625449482.0,64.0
10.94,1625449482.0,64.0
14.86,1625449482.0,64.0
17.55,1625449482.0,64.0
19.18,1625449482.0,64.0
20.1,1625449482.0,64.0
20.73,1625449482.0,64.0
21.42,1625449482.0,64.0
22.31,1625449482.0,64.0
23.32,1625449482.0,64.0
24.23,1625449482.0,64.0
24.76,1625449482.0,64.0
24.67,1625449482.0,64.0
23.93,1625449482.0,64.0
22.66,1625449482.0,64.0
21.07,1625449482.0,64.0
19.41,1625449482.0,64.0
17.77,1625449482.0,64.0
16.12,1625449482.0,64.0
14.31,1625449482.0,64.0
12.2,1625449482.0,64.0
9.77,1625449482.0,64.0
7.15,1625449482.0,64.0
4.54,1625449482.0,64.0
2.1,1625449482.0,64.0
-0.17,1625449482.0,64.0
-2.4,1625449482.0,64.0
-4.86,1625449482.0,64.0
-7.74,1625449482.0,64.0
-11.17,1625449482.0,64.0
-15.15,1625449482.0,64.0
-19.58,1625449482.0,64.0
-24.3,1625449482.0,64.0
-29.08,1625449482.0,64.0
-33.6,1625449482.0,64.0
-37.41,1625449482.0,64.0
-40.04,1625449482.0,64.0
-41.04,1625449482.0,64.0
-40.15,1625449482.0,64.0
-37.32,1625449482.0,64.0
-32.82,1625449482.0,64.0
-27.06,1625449482.0,64.0
-20.58,1625449482.0,64.0
-13.85,1625449482.0,64.0
-7.27,1625449482.0,64.0
-1.12,1625449482.0,64.0
4.38,1625449482.0,64.0
9.04,1625449482.0,64.0
12.75,1625449482.0,64.0
15.5,1625449482.0,64.0
17.4,1625449482.0,64.0
18.71,1625449482.0,64.0
19.75,1625449482.0,64.0
20.77,1625449482.0,64.0
21.87,1625449482.0,64.0
22.96,1625449482.0,64.0
23.84,1625449482.0,64.0
24.32,1625449482.0,64.0
24.28,1625449482.0,64.0
23.72,1625449482.0,64.0
22.73,1625449482.0,64.0
21.45,1625449482.0,64.0
19.96,1625449482.0,64.0
18.31,1625449482.0,64.0
16.5,1625449482.0,64.0
14.49,1625449482.0,64.0
12.27,1625449482.0,64.0
9.86,1625449482.0,64.0
7.3,1625449482.0,64.0
4.64,1625449482.0,64.0
1.93,1625449482.0,64.0
-0.84,1625449482.0,64.0
-3.71,1625449482.0,64.0
-6.78,1625449482.0,64.0
-10.11,1625449482.0,64.0
-13.7,1625449482.0,64.0
-17.55,1625449482.0,64.0
-21.63,1625449482.0,64.0
-25.9,1625449482.0,64.0
-30.31,1625449482.0,64.0
-34.72,1625449482.0,64.0
-38.79,1625449482.0,64.0
-41.99,1625449482.0,64.0
-43.74,1625449482.0,64.0
-43.52,1625449482.0,64.0
-41.15,1625449482.0,64.0
-36.81,1625449482.0,64.0
-31.04,1625449482.0,64.0
-24.53,1625449482.0,64.0
-17.85,1625449482.0,64.0
-11.38,1625449482.0,64.0
-5.25,1625449482.0,64.0
0.48,1625449482.0,64.0
5.72,1625449482.0,64.0
10.29,1625449482.0,64.0
13.94,1625449482.0,64.0
16.59,1625449482.0,64.0
18.34,1625449482.0,64.0
19.53,1625449482.0,64.0
20.55,1625449482.0,64.0
21.68,1625449482.0,64.0
22.92,1625449482.0,64.0
24.09,1625449482.0,64.0
24.89,1625449482.0,64.0
25.12,1625449482.0,64.0
24.76,1625449482.0,64.0
23.99,1625449482.0,64.0
23.02,1625449482.0,64.0
22.02,1625449482.0,64.0
20.98,1625449482.0,64.0
19.74,1625449482.0,64.0
18.12,1625449482.0,64.0
15.97,1625449482.0,64.0
13.3,1625449482.0,64.0
10.25,1625449482.0,64.0
7.05,1625449482.0,64.0
3.9,1625449482.0,64.0
0.9,1625449482.0,64.0
-1.96,1625449482.0,64.0
-4.77,1625449482.0,64.0
-7.63,1625449482.0,64.0
-10.6,1625449482.0,64.0
-13.71,1625449482.0,64.0
-16.99,1625449482.0,64.0
-20.51,1625449482.0,64.0
-24.37,1625449482.0,64.0
-28.57,1625449482.0,64.0
-32.94,1625449482.0,64.0
-37.06,1625449482.0,64.0
-40.33,1625449482.0,64.0
-42.1,1625449482.0,64.0
-41.9,1625449482.0,64.0
-39.55,1625449482.0,64.0
-35.3,1625449482.0,64.0
-29.67,1625449482.0,64.0
-23.3,1625449482.0,64.0
-16.75,1625449482.0,64.0
-10.4,1625449482.0,64.0
-4.47,1625449482.0,64.0
0.89,1625449482.0,64.0
5.55,1625449482.0,64.0
9.38,1625449482.0,64.0
12.29,1625449482.0,64.0
14.33,1625449482.0,64.0
15.72,1625449482.0,64.0
16.73,1625449482.0,64.0
17.63,1625449482.0,64.0
18.59,1625449482.0,64.0
19.62,1625449482.0,64.0
20.65,1625449482.0,64.0
21.54,1625449482.0,64.0
22.19,1625449482.0,64.0
22.52,1625449482.0,64.0
22.46,1625449482.0,64.0
21.99,1625449482.0,64.0
21.13,1625449482.0,64.0
19.93,1625449482.0,64.0
18.5,1625449482.0,64.0
16.91,1625449482.0,64.0
15.23,1625449482.0,64.0
13.42,1625449482.0,64.0
11.45,1625449482.0,64.0
9.27,1625449482.0,64.0
6.92,1625449482.0,64.0
4.45,1625449482.0,64.0
1.94,1625449482.0,64.0
-0.6,1625449482.0,64.0
-3.24,1625449482.0,64.0
-6.06,1625449482.0,64.0
-9.1,1625449482.0,64.0
-12.34,1625449482.0,64.0
-15.7,1625449482.0,64.0
-19.18,1625449482.0,64.0
-22.85,1625449482.0,64.0
-26.78,1625449482.0,64.0
-30.96,1625449482.0,64.0
-35.1,1625449482.0,64.0
-38.6,1625449482.0,64.0
-40.75,1625449482.0,64.0
-40.9,1625449482.0,64.0
-38.78,1625449482.0,64.0
-34.56,1625449482.0,64.0
-28.79,1625449482.0,64.0
-22.2,1625449482.0,64.0
-15.42,1625449482.0,64.0
-8.92,1625449482.0,64.0
-2.93,1625449482.0,64.0
2.42,1625449482.0,64.0
7.0,1625449482.0,64.0
10.73,1625449482.0,64.0
13.5,1625449482.0,64.0
15.33,1625449482.0,64.0
16.41,1625449482.0,64.0
17.02,1625449482.0,64.0
17.5,1625449482.0,64.0
18.14,1625449482.0,64.0
19.09,1625449482.0,64.0
20.32,1625449482.0,64.0
21.66,1625449482.0,64.0
22.86,1625449482.0,64.0
23.64,1625449482.0,64.0
23.81,1625449482.0,64.0
23.29,1625449482.0,64.0
22.11,1625449482.0,64.0
20.41,1625449482.0,64.0
18.37,1625449482.0,64.0
16.18,1625449482.0,64.0
13.96,1625449482.0,64.0
11.75,1625449482.0,64.0
9.54,1625449482.0,64.0
7.28,1625449482.0,64.0
4.96,1625449482.0,64.0
2.6,1625449482.0,64.0
0.21,1625449482.0,64.0
-2.23,1625449482.0,64.0
-4.79,1625449482.0,64.0
-7.56,1625449482.0,64.0
-10.63,1625449482.0,64.0
-14.0,1625449482.0,64.0
-17.62,1625449482.0,64.0
-21.4,1625449482.0,64.0
-25.25,1625449482.0,64.0
-29.09,1625449482.0,64.0
-32.71,1625449482.0,64.0
-35.78,1625449482.0,64.0
-37.82,1625449482.0,64.0
-38.36,1625449482.0,64.0
-37.09,1625449482.0,64.0
-34.02,1625449482.0,64.0
-29.47,1625449482.0,64.0
-23.92,1625449482.0,64.0
-17.9,1625449482.0,64.0
-11.76,1625449482.0,64.0
-5.78,1625449482.0,64.0
-0.18,1625449482.0,64.0
4.75,1625449482.0,64.0
8.71,1625449482.0,64.0
11.51,1625449482.0,64.0
13.19,1625449482.0,64.0
14.07,1625449482.0,64.0
14.65,1625449482.0,64.0
15.38,1625449482.0,64.0
16.55,1625449482.0,64.0
18.1,1625449482.0,64.0
19.78,1625449482.0,64.0
21.25,1625449482.0,64.0
22.23,1625449482.0,64.0
22.6,1625449482.0,64.0
22.39,1625449482.0,64.0
21.71,1625449482.0,64.0
20.75,1625449482.0,64.0
19.61,1625449482.0,64.0
18.37,1625449482.0,64.0
16.97,1625449482.0,64.0
15.36,1625449482.0,64.0
13.46,1625449482.0,64.0
11.26,1625449482.0,64.0
8.82,1625449482.0,64.0
6.21,1625449482.0,64.0
3.54,1625449482.0,64.0
0.88,1625449482.0,64.0
-1.74,1625449482.0,64.0
-4.32,1625449482.0,64.0
-6.89,1625449482.0,64.0
-9.48,1625449482.0,64.0
-12.19,1625449482.0,64.0
-15.13,1625449482.0,64.0
-18.46,1625449482.0,64.0
-22.27,1625449482.0,64.0
-26.51,1625449482.0,64.0
-30.89,1625449482.0,64.0
-34.88,1625449482.0,64.0
-37.79,1625449482.0,64.0
-38.98,1625449482.0,64.0
-38.04,1625449482.0,64.0
-34.98,1625449482.0,64.0
-30.2,1625449482.0,64.0
-24.33,1625449482.0,64.0
-18.08,1625449482.0,64.0
-12.0,1625449482.0,64.0
-6.41,1625449482.0,64.0
-1.46,1625449482.0,64.0
2.79,1625449482.0,64.0
6.28,1625449482.0,64.0
9.02,1625449482.0,64.0
11.05,1625449482.0,64.0
12.57,1625449482.0,64.0
13.8,1625449482.0,64.0
15.0,1625449482.0,64.0
16.29,1625449482.0,64.0
17.67,1625449482.0,64.0
19.05,1625449482.0,64.0
20.28,1625449482.0,64.0
21.24,1625449482.0,64.0
21.86,1625449482.0,64.0
22.09,1625449482.0,64.0
21.91,1625449482.0,64.0
21.29,1625449482.0,64.0
20.28,1625449482.0,64.0
18.89,1625449482.0,64.0
17.2,1625449482.0,64.0
15.27,1625449482.0,64.0
13.16,1625449482.0,64.0
10.88,1625449482.0,64.0
8.47,1625449482.0,64.0
5.97,1625449482.0,64.0
3.43,1625449482.0,64.0
0.93,1625449482.0,64.0
-1.51,1625449482.0,64.0
-3.87,1625449482.0,64.0
-6.25,1625449482.0,64.0
-8.78,1625449482.0,64.0
-11.61,1625449482.0,64.0
-14.86,1625449482.0,64.0
-18.59,1625449482.0,64.0
-22.69,1625449482.0,64.0
-26.91,1625449482.0,64.0
-30.82,1625449482.0,64.0
-33.94,1625449482.0,64.0
-35.78,1625449482.0,64.0
-36.0,1625449482.0,64.0
-34.4,1625449482.0,64.0
-31.07,1625449482.0,64.0
-26.29,1625449482.0,64.0
-20.5,1625449482.0,64.0
-14.23,1625449482.0,64.0
-8.01,1625449482.0,64.0
-2.25,1625449482.0,64.0
2.73,1625449482.0,64.0
6.74,1625449482.0,64.0
9.68,1625449482.0,64.0
11.6,1625449482.0,64.0
12.67,1625449482.0,64.0
13.18,1625449482.0,64.0
13.55,1625449482.0,64.0
14.13,1625449482.0,64.0
15.11,1625449482.0,64.0
16.44,1625449482.0,64.0
17.88,1625449482.0,64.0
19.17,1625449482.0,64.0
20.09,1625449482.0,64.0
20.6,1625449482.0,64.0
20.72,1625449482.0,64.0
20.46,1625449482.0,64.0
19.75,1625449482.0,64.0
18.45,1625449482.0,64.0
16.5,1625449482.0,64.0
13.97,1625449482.0,64.0
11.06,1625449482.0,64.0
8.05,1625449482.0,64.0
5.14,1625449482.0,64.0
2.43,1625449482.0,64.0
-0.09,1625449482.0,64.0
-2.52,1625449482.0,64.0
-4.98,1625449482.0,64.0
-7.62,1625449482.0,64.0
-10.55,1625449482.0,64.0
-13.83,1625449482.0,64.0
-17.34,1625449482.0,64.0
-20.92,1625449482.0,64.0
-24.32,1625449482.0,64.0
-27.38,1625449482.0,64.0
-30.04,1625449482.0,64.0
-32.23,1625449482.0,64.0
-33.81,1625449482.0,64.0
-34.53,1625449482.0,64.0
-34.02,1625449482.0,64.0
-32.04,1625449482.0,64.0
-28.59,1625449482.0,64.0
-23.95,1625449482.0,64.0
-18.61,1625449482.0,64.0
-13.05,1625449482.0,64.0
-7.62,1625449482.0,64.0
-2.5,1625449482.0,64.0
2.19,1625449482.0,64.0
6.31,1625449482.0,64.0
9.7,1625449482.0,64.0
12.24,1625449482.0,64.0
13.96,1625449482.0,64.0
15.11,1625449482.0,64.0
16.06,1625449482.0,64.0
17.15,1625449482.0,64.0
18.58,1625449482.0,64.0
20.24,1625449482.0,64.0
21.85,1625449482.0,64.0
23.06,1625449482.0,64.0
23.6,1625449482.0,64.0
23.4,1625449482.0,64.0
22.54,1625449482.0,64.0
21.21,1625449482.0,64.0
19.57,1625449482.0,64.0
17.73,1625449482.0,64.0
15.69,1625449482.0,64.0
13.41,1625449482.0,64.0
10.85,1625449482.0,64.0
8.04,1625449482.0,64.0
5.08,1625449482.0,64.0
2.13,1625449482.0,64.0
-0.71,1625449482.0,64.0
-3.39,1625449482.0,64.0
-5.98,1625449482.0,64.0
-8.68,1625449482.0,64.0
-11.73,1625449482.0,64.0
-15.38,1625449482.0,64.0
-19.72,1625449482.0,64.0
-24.64,1625449482.0,64.0
-29.8,1625449482.0,64.0
-34.65,1625449482.0,64.0
-38.55,1625449482.0,64.0
-40.93,1625449482.0,64.0
-41.39,1625449482.0,64.0
-39.82,1625449482.0,64.0
-36.41,1625449482.0,64.0
-31.53,1625449482.0,64.0
-25.61,1625449482.0,64.0
-19.09,1625449482.0,64.0
-12.28,1625449482.0,64.0
-5.43,1625449482.0,64.0
1.16,1625449482.0,64.0
7.19,1625449482.0,64.0
12.29,1625449482.0,64.0
16.17,1625449482.0,64.0
18.76,1625449482.0,64.0
20.24,1625449482.0,64.0
21.03,1625449482.0,64.0
21.64,1625449482.0,64.0
22.46,1625449482.0,64.0
23.67,1625449482.0,64.0
25.15,1625449482.0,64.0
26.59,1625449482.0,64.0
27.63,1625449482.0,64.0
27.98,1625449482.0,64.0
27.56,1625449482.0,64.0
26.47,1625449482.0,64.0
24.93,1625449482.0,64.0
23.15,1625449482.0,64.0
21.24,1625449482.0,64.0
19.16,1625449482.0,64.0
16.8,1625449482.0,64.0
14.08,1625449482.0,64.0
11.04,1625449482.0,64.0
7.82,1625449482.0,64.0
4.64,1625449482.0,64.0
1.66,1625449482.0,64.0
-1.11,1625449482.0,64.0
-3.82,1625449482.0,64.0
-6.69,1625449482.0,64.0
-9.93,1625449482.0,64.0
-13.72,1625449482.0,64.0
-18.08,1625449482.0,64.0
-22.91,1625449482.0,64.0
-27.95,1625449482.0,64.0
-32.81,1625449482.0,64.0
-37.0,1625449482.0,64.0
-40.0,1625449482.0,64.0
-41.39,1625449482.0,64.0
-40.89,1625449482.0,64.0
-38.48,1625449482.0,64.0
-34.35,1625449482.0,64.0
-28.86,1625449482.0,64.0
-22.47,1625449482.0,64.0
-15.6,1625449482.0,64.0
-8.63,1625449482.0,64.0
-1.9,1625449482.0,64.0
4.36,1625449482.0,64.0
9.92,1625449482.0,64.0
14.59,1625449482.0,64.0
18.26,1625449482.0,64.0
20.98,1625449482.0,64.0
22.9,1625449482.0,64.0
24.32,1625449482.0,64.0
25.54,1625449482.0,64.0
26.77,1625449482.0,64.0
28.04,1625449482.0,64.0
29.2,1625449482.0,64.0
30.04,1625449482.0,64.0
30.39,1625449482.0,64.0
30.17,1625449482.0,64.0
29.45,1625449482.0,64.0
28.35,1625449482.0,64.0
27.02,1625449482.0,64.0
25.58,1625449482.0,64.0
24.02,1625449482.0,64.0
22.28,1625449482.0,64.0
20.26,1625449482.0,64.0
17.88,1625449482.0,64.0
15.14,1625449482.0,64.0
12.1,1625449482.0,64.0
8.9,1625449482.0,64.0
5.62,1625449482.0,64.0
2.29,1625449482.0,64.0
-1.16,1625449482.0,64.0
-4.83,1625449482.0,64.0
-8.74,1625449482.0,64.0
-12.88,1625449482.0,64.0
-17.16,1625449482.0,64.0
-21.52,1625449482.0,64.0
-25.89,1625449482.0,64.0
-30.23,1625449482.0,64.0
-34.34,1625449482.0,64.0
-37.86,1625449482.0,64.0
-40.26,1625449482.0,64.0
-40.98,1625449482.0,64.0
-39.66,1625449482.0,64.0
-36.28,1625449482.0,64.0
-31.16,1625449482.0,64.0
-24.87,1625449482.0,64.0
-17.98,1625449482.0,64.0
-10.91,1625449482.0,64.0
-3.96,1625449482.0,64.0
2.67,1625449482.0,64.0
8.7,1625449482.0,64.0
13.83,1625449482.0,64.0
17.81,1625449482.0,64.0
20.57,1625449482.0,64.0
22.31,1625449482.0,64.0
23.4,1625449482.0,64.0
24.28,1625449482.0,64.0
25.23,1625449482.0,64.0
26.33,1625449482.0,64.0
27.44,1625449482.0,64.0
28.37,1625449482.0,64.0
28.95,1625449482.0,64.0
29.06,1625449482.0,64.0
28.67,1625449482.0,64.0
27.79,1625449482.0,64.0
26.47,1625449482.0,64.0
24.78,1625449482.0,64.0
22.83,1625449482.0,64.0
20.77,1625449482.0,64.0
18.68,1625449482.0,64.0
16.61,1625449482.0,64.0
14.49,1625449482.0,64.0
12.21,1625449482.0,64.0
9.67,1625449482.0,64.0
6.86,1625449482.0,64.0
3.88,1625449482.0,64.0
0.89,1625449482.0,64.0
-1.98,1625449482.0,64.0
-4.69,1625449482.0,64.0
-7.35,1625449482.0,64.0
-10.15,1625449482.0,64.0
-13.29,1625449482.0,64.0
-16.91,1625449482.0,64.0
-21.07,1625449482.0,64.0
-25.66,1625449482.0,64.0
-30.44,1625449482.0,64.0
-34.99,1625449482.0,64.0
-38.74,1625449482.0,64.0
-41.05,1625449482.0,64.0
-41.4,1625449482.0,64.0
-39.57,1625449482.0,64.0
-35.7,1625449482.0,64.0
-30.28,1625449482.0,64.0
-23.95,1625449482.0,64.0
-17.32,1625449482.0,64.0
-10.74,1625449482.0,64.0
-4.39,1625449482.0,64.0
1.7,1625449482.0,64.0
7.41,1625449482.0,64.0
12.56,1625449482.0,64.0
16.88,1625449482.0,64.0
20.18,1625449482.0,64.0
22.49,1625449482.0,64.0
24.03,1625449482.0,64.0
25.19,1625449482.0,64.0
26.36,1625449482.0,64.0
27.73,1625449482.0,64.0
29.29,1625449482.0,64.0
30.8,1625449482.0,64.0
31.99,1625449482.0,64.0
32.59,1625449482.0,64.0
32.5,1625449482.0,64.0
31.71,1625449482.0,64.0
30.29,1625449482.0,64.0
28.33,1625449482.0,64.0
25.93,1625449482.0,64.0
23.22,1625449482.0,64.0
20.39,1625449482.0,64.0
17.6,1625449482.0,64.0
14.98,1625449482.0,64.0
12.55,1625449482.0,64.0
10.2,1625449482.0,64.0
7.76,1625449482.0,64.0
5.05,1625449482.0,64.0
2.04,1625449482.0,64.0
-1.2,1625449482.0,64.0
-4.5,1625449482.0,64.0
-7.73,1625449482.0,64.0
-10.86,1625449482.0,64.0
-13.98,1625449482.0,64.0
-17.25,1625449482.0,64.0
-20.82,1625449482.0,64.0
-24.77,1625449482.0,64.0
-29.02,1625449482.0,64.0
-33.35,1625449482.0,64.0
-37.39,1625449482.0,64.0
-40.68,1625449482.0,64.0
-42.7,1625449482.0,64.0
-43.01,1625449482.0,64.0
-41.33,1625449482.0,64.0
-37.71,1625449482.0,64.0
-32.48,1625449482.0,64.0
-26.18,1625449482.0,64.0
-19.36,1625449482.0,64.0
-12.48,1625449482.0,64.0
-5.8,1625449482.0,64.0
0.51,1625449482.0,64.0
6.3,1625449482.0,64.0
11.32,1625449482.0,64.0
15.31,1625449482.0,64.0
18.16,1625449482.0,64.0
20.01,1625449482.0,64.0
21.27,1625449482.0,64.0
22.43,1625449482.0,64.0
23.89,1625449482.0,64.0
25.75,1625449482.0,64.0
27.81,1625449482.0,64.0
29.7,1625449482.0,64.0
31.06,1625449482.0,64.0
31.68,1625449482.0,64.0
31.52,1625449482.0,64.0
30.69,1625449482.0,64.0
29.31,1625449482.0,64.0
27.47,1625449482.0,64.0
25.24,1625449482.0,64.0
22.71,1625449482.0,64.0
19.99,1625449482.0,64.0
17.23,1625449482.0,64.0
14.56,1625449482.0,64.0
12.05,1625449482.0,64.0
9.71,1625449482.0,64.0
7.46,1625449482.0,64.0
5.2,1625449482.0,64.0
2.82,1625449482.0,64.0
0.29,1625449482.0,64.0
-2.41,1625449482.0,64.0
-5.23,1625449482.0,64.0
-8.12,1625449482.0,64.0
-11.08,1625449482.0,64.0
-14.17,1625449482.0,64.0
-17.55,1625449482.0,64.0
-21.34,1625449482.0,64.0
-25.59,1625449482.0,64.0
-30.16,1625449482.0,64.0
-34.69,1625449482.0,64.0
-38.63,1625449482.0,64.0
-41.37,1625449482.0,64.0
-42.38,1625449482.0,64.0
-41.39,1625449482.0,64.0
-38.42,1625449482.0,64.0
-33.74,1625449482.0,64.0
-27.81,1625449482.0,64.0
-21.13,1625449482.0,64.0
-14.16,1625449482.0,64.0
-7.3,1625449482.0,64.0
-0.86,1625449482.0,64.0
4.9,1625449482.0,64.0
9.81,1625449482.0,64.0
13.78,1625449482.0,64.0
16.82,1625449482.0,64.0
19.01,1625449482.0,64.0
20.48,1625449482.0,64.0
21.44,1625449482.0,64.0
22.09,1625449482.0,64.0
22.7,1625449482.0,64.0
23.45,1625449482.0,64.0
24.41,1625449482.0,64.0
25.5,1625449482.0,64.0
26.49,1625449482.0,64.0
27.08,1625449482.0,64.0
27.06,1625449482.0,64.0
26.38,1625449482.0,64.0
25.1,1625449482.0,64.0
23.41,1625449482.0,64.0
21.47,1625449482.0,64.0
19.4,1625449482.0,64.0
17.22,1625449482.0,64.0
14.94,1625449482.0,64.0
12.52,1625449482.0,64.0
9.96,1625449482.0,64.0
7.31,1625449482.0,64.0
4.59,1625449482.0,64.0
1.84,1625449482.0,64.0
-0.9,1625449482.0,64.0
-3.66,1625449482.0,64.0
-6.47,1625449482.0,64.0
-9.34,1625449482.0,64.0
-12.25,1625449482.0,64.0
-15.14,1625449482.0,64.0
-17.99,1625449482.0,64.0
-20.87,1625449482.0,64.0
-23.97,1625449482.0,64.0
-27.56,1625449482.0,64.0
-31.73,1625449482.0,64.0
-36.24,1625449482.0,64.0
-40.45,1625449482.0,64.0
-43.45,1625449482.0,64.0
-44.4,1625449482.0,64.0
-42.85,1625449482.0,64.0
-38.94,1625449482.0,64.0
-33.3,1625449482.0,64.0
-26.75,1625449482.0,64.0
-20.01,1625449482.0,64.0
-13.5,1625449482.0,64.0
-7.3,1625449482.0,64.0
-1.42,1625449482.0,64.0
4.07,1625449482.0,64.0
8.96,1625449482.0,64.0
12.96,1625449482.0,64.0
15.94,1625449482.0,64.0
17.94,1625449482.0,64.0
19.26,1625449482.0,64.0
20.26,1625449482.0,64.0
21.22,1625449482.0,64.0
22.28,1625449482.0,64.0
23.36,1625449482.0,64.0
24.32,1625449482.0,64.0
24.98,1625449482.0,64.0
25.25,1625449482.0,64.0
25.09,1625449482.0,64.0
24.51,1625449482.0,64.0
23.55,1625449482.0,64.0
22.25,1625449482.0,64.0
20.67,1625449482.0,64.0
18.91,1625449482.0,64.0
17.08,1625449482.0,64.0
15.25,1625449482.0,64.0
13.46,1625449482.0,64.0
11.66,1625449482.0,64.0
9.82,1625449482.0,64.0
7.9,1625449482.0,64.0
5.88,1625449482.0,64.0
3.81,1625449482.0,64.0
1.71,1625449482.0,64.0
-0.44,1625449482.0,64.0
-2.7,1625449482.0,64.0
-5.2,1625449482.0,64.0
-8.06,1625449482.0,64.0
-11.38,1625449482.0,64.0
-15.17,1625449482.0,64.0
-19.38,1625449482.0,64.0
-23.88,1625449482.0,64.0
-28.41,1625449482.0,64.0
-32.62,1625449482.0,64.0
-35.99,1625449482.0,64.0
-37.99,1625449482.0,64.0
-38.16,1625449482.0,64.0
-36.33,1625449482.0,64.0
-32.62,1625449482.0,64.0
-27.44,1625449482.0,64.0
-21.37,1625449482.0,64.0
-14.96,1625449482.0,64.0
-8.67,1625449482.0,64.0
-2.85,1625449482.0,64.0
2.22,1625449482.0,64.0
6.35,1625449482.0,64.0
9.41,1625449482.0,64.0
11.41,1625449482.0,64.0
12.52,1625449482.0,64.0
13.04,1625449482.0,64.0
13.33,1625449482.0,64.0
13.68,1625449482.0,64.0
14.29,1625449482.0,64.0
15.19,1625449482.0,64.0
16.32,1625449482.0,64.0
17.47,1625449482.0,64.0
18.39,1625449482.0,64.0
18.83,1625449482.0,64.0
18.65,1625449482.0,64.0
17.81,1625449482.0,64.0
16.45,1625449482.0,64.0
14.75,1625449482.0,64.0
12.92,1625449482.0,64.0
11.04,1625449482.0,64.0
9.09,1625449482.0,64.0
6.97,1625449482.0,64.0
4.57,1625449482.0,64.0
1.89,1625449482.0,64.0
-0.95,1625449482.0,64.0
-3.73,1625449482.0,64.0
-6.28,1625449482.0,64.0
-8.58,1625449482.0,64.0
-10.77,1625449482.0,64.0
-13.16,1625449482.0,64.0
-15.97,1625449482.0,64.0
-19.35,1625449482.0,64.0
-23.26,1625449482.0,64.0
-27.53,1625449482.0,64.0
-31.98,1625449482.0,64.0
-36.34,1625449482.0,64.0
-40.3,1625449482.0,64.0
-43.38,1625449482.0,64.0
-44.99,1625449482.0,64.0
-44.6,1625449482.0,64.0
-41.97,1625449482.0,64.0
-37.31,1625449482.0,64.0
-31.21,1625449482.0,64.0
-24.47,1625449482.0,64.0
-17.75,1625449482.0,64.0
-11.44,1625449482.0,64.0
-5.6,1625449482.0,64.0
-0.16,1625449482.0,64.0
4.84,1625449482.0,64.0
9.27,1625449482.0,64.0
12.87,1625449482.0,64.0
15.53,1625449482.0,64.0
17.34,1625449482.0,64.0
18.68,1625449482.0,64.0
19.99,1625449482.0,64.0
21.56,1625449482.0,64.0
23.4,1625449482.0,64.0
25.15,1625449482.0,64.0
26.36,1625449482.0,64.0
26.71,1625449482.0,64.0
26.17,1625449482.0,64.0
25.06,1625449482.0,64.0
23.78,1625449482.0,64.0
22.63,1625449482.0,64.0
21.57,1625449482.0,64.0
20.32,1625449482.0,64.0
18.48,1625449482.0,64.0
15.85,1625449482.0,64.0
12.53,1625449482.0,64.0
8.89,1625449482.0,64.0
5.41,1625449482.0,64.0
2.38,1625449482.0,64.0
-0.2,1625449482.0,64.0
-2.59,1625449482.0,64.0
-5.11,1625449482.0,64.0
-8.02,1625449482.0,64.0
-11.31,1625449482.0,64.0
-14.86,1625449482.0,64.0
-18.51,1625449482.0,64.0
-22.22,1625449482.0,64.0
-26.14,1625449482.0,64.0
-30.43,1625449482.0,64.0
-35.1,1625449482.0,64.0
-39.8,1625449482.0,64.0
-43.83,1625449482.0,64.0
-46.38,1625449482.0,64.0
-46.81,1625449482.0,64.0
-44.89,1625449482.0,64.0
-40.92,1625449482.0,64.0
-35.51,1625449482.0,64.0
-29.33,1625449482.0,64.0
-22.89,1625449482.0,64.0
-16.37,1625449482.0,64.0
-9.8,1625449482.0,64.0
-3.19,1625449482.0,64.0
3.3,1625449482.0,64.0
9.3,1625449482.0,64.0
14.34,1625449482.0,64.0
18.11,1625449482.0,64.0
20.58,1625449482.0,64.0
22.08,1625449482.0,64.0
23.14,1625449482.0,64.0
24.26,1625449482.0,64.0
25.71,1625449482.0,64.0
27.44,1625449482.0,64.0
29.11,1625449482.0,64.0
30.36,1625449482.0,64.0
30.91,1625449482.0,64.0
30.72,1625449482.0,64.0
29.92,1625449482.0,64.0
28.72,1625449482.0,64.0
27.3,1625449482.0,64.0
25.68,1625449482.0,64.0
23.81,1625449482.0,64.0
21.62,1625449482.0,64.0
19.09,1625449482.0,64.0
16.28,1625449482.0,64.0
13.33,1625449482.0,64.0
10.35,1625449482.0,64.0
7.42,1625449482.0,64.0
4.5,1625449482.0,64.0
1.52,1625449482.0,64.0
-1.64,1625449482.0,64.0
-5.05,1625449482.0,64.0
-8.78,1625449482.0,64.0
-12.81,1625449482.0,64.0
-17.14,1625449482.0,64.0
-21.72,1625449482.0,64.0
-26.52,1625449482.0,64.0
-31.41,1625449482.0,64.0
-36.14,1625449482.0,64.0
-40.24,1625449482.0,64.0
-43.17,1625449482.0,64.0
-44.4,1625449482.0,64.0
-43.62,1625449482.0,64.0
-40.82,1625449482.0,64.0
-36.31,1625449482.0,64.0
-30.58,1625449482.0,64.0
-24.13,1625449482.0,64.0
-17.29,1625449482.0,64.0
-10.26,1625449482.0,64.0
-3.2,1625449482.0,64.0
3.69,1625449482.0,64.0
10.03,1625449482.0,64.0
15.4,1625449482.0,64.0
19.49,1625449482.0,64.0
22.27,1625449482.0,64.0
24.01,1625449482.0,64.0
25.16,1625449482.0,64.0
26.17,1625449482.0,64.0
27.29,1625449482.0,64.0
28.49,1625449482.0,64.0
29.6,1625449482.0,64.0
30.37,1625449482.0,64.0
30.61,1625449482.0,64.0
30.31,1625449482.0,64.0
29.52,1625449482.0,64.0
28.38,1625449482.0,64.0
27.01,1625449482.0,64.0
25.49,1625449482.0,64.0
23.86,1625449482.0,64.0
22.09,1625449482.0,64.0
20.14,1625449482.0,64.0
17.92,1625449482.0,64.0
15.42,1625449482.0,64.0
12.64,1625449482.0,64.0
9.66,1625449482.0,64.0
6.6,1625449482.0,64.0
3.52,1625449482.0,64.0
0.45,1625449482.0,64.0
-2.66,1625449482.0,64.0
-5.89,1625449482.0,64.0
-9.3,1625449482.0,64.0
-12.89,1625449482.0,64.0
-16.68,1625449482.0,64.0
-20.68,1625449482.0,64.0
-24.98,1625449482.0,64.0
-29.64,1625449482.0,64.0
-34.56,1625449482.0,64.0
-39.41,1625449482.0,64.0
-43.55,1625449482.0,64.0
-46.22,1625449482.0,64.0
-46.76,1625449482.0,64.0
-44.89,1625449482.0,64.0
-40.78,1625449482.0,64.0
-35.03,1625449482.0,64.0
-28.36,1625449482.0,64.0
-21.39,1625449482.0,64.0
-14.48,1625449482.0,64.0
-7.73,1625449482.0,64.0
-1.14,1625449482.0,64.0
5.23,1625449482.0,64.0
11.13,1625449482.0,64.0
16.23,1625449482.0,64.0
20.24,1625449482.0,64.0
23.06,1625449482.0,64.0
24.88,1625449482.0,64.0
26.1,1625449482.0,64.0
27.22,1625449482.0,64.0
28.57,1625449482.0,64.0
30.25,1625449482.0,64.0
32.06,1625449482.0,64.0
33.63,1625449482.0,64.0
34.62,1625449482.0,64.0
34.86,1625449482.0,64.0
34.36,1625449482.0,64.0
33.3,1625449482.0,64.0
31.82,1625449482.0,64.0
29.99,1625449482.0,64.0
27.84,1625449482.0,64.0
25.33,1625449482.0,64.0
22.56,1625449482.0,64.0
19.67,1625449482.0,64.0
16.82,1625449482.0,64.0
14.09,1625449482.0,64.0
11.44,1625449482.0,64.0
8.75,1625449482.0,64.0
5.91,1625449482.0,64.0
2.92,1625449482.0,64.0
-0.17,1625449482.0,64.0
-3.29,1625449482.0,64.0
-6.43,1625449482.0,64.0
-9.63,1625449482.0,64.0
-12.95,1625449482.0,64.0
-16.48,1625449482.0,64.0
-20.26,1625449482.0,64.0
-24.3,1625449482.0,64.0
-28.58,1625449482.0,64.0
-33.01,1625449482.0,64.0
-37.29,1625449482.0,64.0
-40.95,1625449482.0,64.0
-43.39,1625449482.0,64.0
-44.05,1625449482.0,64.0
-42.66,1625449482.0,64.0
-39.3,1625449482.0,64.0
-34.32,1625449482.0,64.0
-28.26,1625449482.0,64.0
-21.56,1625449482.0,64.0
-14.53,1625449482.0,64.0
-7.33,1625449482.0,64.0
-0.17,1625449482.0,64.0
6.64,1625449482.0,64.0
12.67,1625449482.0,64.0
17.49,1625449482.0,64.0
20.86,1625449482.0,64.0
22.85,1625449482.0,64.0
23.84,1625449482.0,64.0
24.37,1625449482.0,64.0
24.98,1625449482.0,64.0
25.98,1625449482.0,64.0
27.41,1625449482.0,64.0
29.04,1625449482.0,64.0
30.54,1625449482.0,64.0
31.57,1625449482.0,64.0
31.92,1625449482.0,64.0
31.52,1625449482.0,64.0
30.46,1625449482.0,64.0
28.87,1625449482.0,64.0
26.94,1625449482.0,64.0
24.82,1625449482.0,64.0
22.6,1625449482.0,64.0
20.32,1625449482.0,64.0
17.97,1625449482.0,64.0
15.54,1625449482.0,64.0
12.99,1625449482.0,64.0
10.34,1625449482.0,64.0
7.59,1625449482.0,64.0
4.79,1625449482.0,64.0
1.96,1625449482.0,64.0
-0.91,1625449482.0,64.0
-3.86,1625449482.0,64.0
-6.95,1625449482.0,64.0
-10.25,1625449482.0,64.0
-13.81,1625449482.0,64.0
-17.66,1625449482.0,64.0
-21.82,1625449482.0,64.0
-26.25,1625449482.0,64.0
-30.81,1625449482.0,64.0
-35.2,1625449482.0,64.0
-38.94,1625449482.0,64.0
-41.43,1625449482.0,64.0
-42.16,1625449482.0,64.0
-40.83,1625449482.0,64.0
-37.48,1625449482.0,64.0
-32.48,1625449482.0,64.0
-26.4,1625449482.0,64.0
-19.77,1625449482.0,64.0
-13.0,1625449482.0,64.0
-6.34,1625449482.0,64.0
0.04,1625449482.0,64.0
5.88,1625449482.0,64.0
10.89,1625449482.0,64.0
14.79,1625449482.0,64.0
17.51,1625449482.0,64.0
19.24,1625449482.0,64.0
20.43,1625449482.0,64.0
21.57,1625449482.0,64.0
23.0,1625449482.0,64.0
24.7,1625449482.0,64.0
26.42,1625449482.0,64.0
27.78,1625449482.0,64.0
28.53,1625449482.0,64.0
28.64,1625449482.0,64.0
28.27,1625449482.0,64.0
27.6,1625449482.0,64.0
26.75,1625449482.0,64.0
25.7,1625449482.0,64.0
24.4,1625449482.0,64.0
22.8,1625449482.0,64.0
20.95,1625449482.0,64.0
18.91,1625449482.0,64.0
16.75,1625449482.0,64.0
14.47,1625449482.0,64.0
12.02,1625449482.0,64.0
9.34,1625449482.0,64.0
6.48,1625449482.0,64.0
3.52,1625449482.0,64.0
0.58,1625449482.0,64.0
-2.26,1625449482.0,64.0
-5.0,1625449482.0,64.0
-7.72,1625449482.0,64.0
-10.51,1625449482.0,64.0
-13.47,1625449482.0,64.0
-16.75,1625449482.0,64.0
-20.47,1625449482.0,64.0
-24.71,1625449482.0,64.0
-29.38,1625449482.0,64.0
-34.16,1625449482.0,64.0
-38.46,1625449482.0,64.0
-41.52,1625449482.0,64.0
-42.67,1625449482.0,64.0
-41.55,1625449482.0,64.0
-38.21,1625449482.0,64.0
-33.13,1625449482.0,64.0
-27.03,1625449482.0,64.0
-20.6,1625449482.0,64.0
-14.3,1625449482.0,64.0
-8.35,1625449482.0,64.0
-2.82,1625449482.0,64.0
2.25,1625449482.0,64.0
6.7,1625449482.0,64.0
10.34,1625449482.0,64.0
13.03,1625449482.0,64.0
14.78,1625449482.0,64.0
15.85,1625449482.0,64.0
16.6,1625449482.0,64.0
17.4,1625449482.0,64.0
18.44,1625449482.0,64.0
19.69,1625449482.0,64.0
20.96,1625449482.0,64.0
21.98,1625449482.0,64.0
22.57,1625449482.0,64.0
22.61,1625449482.0,64.0
22.14,1625449482.0,64.0
21.24,1625449482.0,64.0
20.05,1625449482.0,64.0
18.63,1625449482.0,64.0
17.05,1625449482.0,64.0
15.32,1625449482.0,64.0
13.41,1625449482.0,64.0
11.29,1625449482.0,64.0
8.93,1625449482.0,64.0
6.36,1625449482.0,64.0
3.67,1625449482.0,64.0
0.98,1625449482.0,64.0
-1.59,1625449482.0,64.0
-4.01,1625449482.0,64.0
-6.35,1625449482.0,64.0
-8.78,1625449482.0,64.0
-11.53,1625449482.0,64.0
-14.78,1625449482.0,64.0
-18.64,1625449482.0,64.0
-23.03,1625449482.0,64.0
-27.67,1625449482.0,64.0
-32.07,1625449482.0,64.0
-35.66,1625449482.0,64.0
-37.91,1625449482.0,64.0
-38.44,1625449482.0,64.0
-37.13,1625449482.0,64.0
-34.09,1625449482.0,64.0
-29.65,1625449482.0,64.0
-24.2,1625449482.0,64.0
-18.13,1625449482.0,64.0
-11.81,1625449482.0,64.0
-5.61,1625449482.0,64.0
0.12,1625449482.0,64.0
5.05,1625449482.0,64.0
8.91,1625449482.0,64.0
11.64,1625449482.0,64.0
13.4,1625449482.0,64.0
14.52,1625449482.0,64.0
15.4,1625449482.0,64.0
16.37,1625449482.0,64.0
17.6,1625449482.0,64.0
19.01,1625449482.0,64.0
20.36,1625449482.0,64.0
21.34,1625449482.0,64.0
21.71,1625449482.0,64.0
21.38,1625449482.0,64.0
20.45,1625449482.0,64.0
19.14,1625449482.0,64.0
17.62,1625449482.0,64.0
16.01,1625449482.0,64.0
14.26,1625449482.0,64.0
12.26,1625449482.0,64.0
9.92,1625449482.0,64.0
7.27,1625449482.0,64.0
4.47,1625449482.0,64.0
1.68,1625449482.0,64.0
-0.96,1625449482.0,64.0
-3.49,1625449482.0,64.0
-6.05,1625449482.0,64.0
-8.85,1625449482.0,64.0
-12.04,1625449482.0,64.0
-15.65,1625449482.0,64.0
-19.66,1625449482.0,64.0
-23.98,1625449482.0,64.0
-28.52,1625449482.0,64.0
-33.19,1625449482.0,64.0
-37.79,1625449482.0,64.0
-41.97,1625449482.0,64.0
-45.28,1625449482.0,64.0
-47.15,1625449482.0,64.0
-47.14,1625449482.0,64.0
-45.04,1625449482.0,64.0
-40.99,1625449482.0,64.0
-35.41,1625449482.0,64.0
-28.83,1625449482.0,64.0
-21.78,1625449482.0,64.0
-14.6,1625449482.0,64.0
-7.54,1625449482.0,64.0
-0.75,1625449482.0,64.0
5.55,1625449482.0,64.0
11.06,1625449482.0,64.0
15.52,1625449482.0,64.0
18.81,1625449482.0,64.0
21.09,1625449482.0,64.0
22.72,1625449482.0,64.0
24.14,1625449482.0,64.0
25.68,1625449482.0,64.0
27.37,1625449482.0,64.0
28.98,1625449482.0,64.0
30.11,1625449482.0,64.0
30.47,1625449482.0,64.0
29.95,1625449482.0,64.0
28.72,1625449482.0,64.0
27.06,1625449482.0,64.0
25.28,1625449482.0,64.0
23.51,1625449482.0,64.0
21.73,1625449482.0,64.0
19.84,1625449482.0,64.0
17.69,1625449482.0,64.0
15.21,1625449482.0,64.0
12.41,1625449482.0,64.0
9.35,1625449482.0,64.0
6.11,1625449482.0,64.0
2.79,1625449482.0,64.0
-0.52,1625449482.0,64.0
-3.73,1625449482.0,64.0
-6.77,1625449482.0,64.0
-9.72,1625449482.0,64.0
-12.73,1625449482.0,64.0
-16.05,1625449482.0,64.0
-19.91,1625449482.0,64.0
-24.43,1625449482.0,64.0
-29.5,1625449482.0,64.0
-34.77,1625449482.0,64.0
-39.65,1625449482.0,64.0
-43.48,1625449482.0,64.0
-45.61,1625449482.0,64.0
-45.6,1625449482.0,64.0
-43.36,1625449482.0,64.0
-39.1,1625449482.0,64.0
-33.33,1625449482.0,64.0
-26.61,1625449482.0,64.0
-19.48,1625449482.0,64.0
-12.28,1625449482.0,64.0
-5.19,1625449482.0,64.0
1.65,1625449482.0,64.0
8.08,1625449482.0,64.0
13.81,1625449482.0,64.0
18.56,1625449482.0,64.0
22.09,1625449482.0,64.0
24.45,1625449482.0,64.0
25.88,1625449482.0,64.0
26.79,1625449482.0,64.0
27.61,1625449482.0,64.0
28.54,1625449482.0,64.0
29.6,1625449482.0,64.0
30.6,1625449482.0,64.0
31.29,1625449482.0,64.0
31.48,1625449482.0,64.0
31.13,1625449482.0,64.0
30.33,1625449482.0,64.0
29.19,1625449482.0,64.0
27.83,1625449482.0,64.0
26.25,1625449482.0,64.0
24.41,1625449482.0,64.0
22.22,1625449482.0,64.0
19.65,1625449482.0,64.0
16.73,1625449482.0,64.0
13.55,1625449482.0,64.0
10.2,1625449482.0,64.0
6.76,1625449482.0,64.0
3.3,1625449482.0,64.0
-0.13,1625449482.0,64.0
-3.48,1625449482.0,64.0
-6.73,1625449482.0,64.0
-9.89,1625449482.0,64.0
-13.07,1625449482.0,64.0
-16.44,1625449482.0,64.0
-20.17,1625449482.0,64.0
-24.4,1625449482.0,64.0
-29.08,1625449482.0,64.0
-34.0,1625449482.0,64.0
-38.75,1625449482.0,64.0
-42.78,1625449482.0,64.0
-45.5,1625449482.0,64.0
-46.43,1625449482.0,64.0
-45.29,1625449482.0,64.0
-42.05,1625449482.0,64.0
-36.98,1625449482.0,64.0
-30.49,1625449482.0,64.0
-23.11,1625449482.0,64.0
-15.3,1625449482.0,64.0
-7.49,1625449482.0,64.0
-0.05,1625449482.0,64.0
6.72,1625449482.0,64.0
12.5,1625449482.0,64.0
17.13,1625449482.0,64.0
20.52,1625449482.0,64.0
22.8,1625449482.0,64.0
24.29,1625449482.0,64.0
25.36,1625449482.0,64.0
26.4,1625449482.0,64.0
27.59,1625449482.0,64.0
28.94,1625449482.0,64.0
30.22,1625449482.0,64.0
31.14,1625449482.0,64.0
31.44,1625449482.0,64.0
31.0,1625449482.0,64.0
29.93,1625449482.0,64.0
28.45,1625449482.0,64.0
26.82,1625449482.0,64.0
25.21,1625449482.0,64.0
23.65,1625449482.0,64.0
22.03,1625449482.0,64.0
20.22,1625449482.0,64.0
18.1,1625449482.0,64.0
15.68,1625449482.0,64.0
13.04,1625449482.0,64.0
10.29,1625449482.0,64.0
7.49,1625449482.0,64.0
4.68,1625449482.0,64.0
1.82,1625449482.0,64.0
-1.09,1625449482.0,64.0
-4.05,1625449482.0,64.0
-7.06,1625449482.0,64.0
-10.12,1625449482.0,64.0
-13.27,1625449482.0,64.0
-16.61,1625449482.0,64.0
-20.21,1625449482.0,64.0
-24.18,1625449482.0,64.0
-28.56,1625449482.0,64.0
-33.22,1625449482.0,64.0
-37.86,1625449482.0,64.0
-41.95,1625449482.0,64.0
-44.77,1625449482.0,64.0
-45.67,1625449482.0,64.0
-44.28,1625449482.0,64.0
-40.6,1625449482.0,64.0
-35.09,1625449482.0,64.0
-28.44,1625449482.0,64.0
-21.34,1625449482.0,64.0
-14.24,1625449482.0,64.0
-7.43,1625449482.0,64.0
-0.97,1625449482.0,64.0
5.03,1625449482.0,64.0
10.4,1625449482.0,64.0
14.95,1625449482.0,64.0
18.53,1625449482.0,64.0
21.16,1625449482.0,64.0
23.05,1625449482.0,64.0
24.51,1625449482.0,64.0
25.8,1625449482.0,64.0
27.08,1625449482.0,64.0
28.34,1625449482.0,64.0
29.49,1625449482.0,64.0
30.39,1625449482.0,64.0
30.94,1625449482.0,64.0
31.08,1625449482.0,64.0
30.78,1625449482.0,64.0
30.03,1625449482.0,64.0
28.87,1625449482.0,64.0
27.35,1625449482.0,64.0
25.55,1625449482.0,64.0
23.57,1625449482.0,64.0
21.51,1625449482.0,64.0
19.45,1625449482.0,64.0
17.44,1625449482.0,64.0
15.43,1625449482.0,64.0
13.37,1625449482.0,64.0
11.16,1625449482.0,64.0
8.68,1625449482.0,64.0
5.88,1625449482.0,64.0
2.73,1625449482.0,64.0
-0.7,1625449482.0,64.0
-4.35,1625449482.0,64.0
-8.09,1625449482.0,64.0
-11.82,1625449482.0,64.0
-15.46,1625449482.0,64.0
-19.01,1625449482.0,64.0
-22.56,1625449482.0,64.0
-26.25,1625449482.0,64.0
-30.2,1625449482.0,64.0
-34.4,1625449482.0,64.0
-38.56,1625449482.0,64.0
-42.18,1625449482.0,64.0
-44.58,1625449482.0,64.0
-45.18,1625449482.0,64.0
-43.69,1625449482.0,64.0
-40.21,1625449482.0,64.0
-35.14,1625449482.0,64.0
-29.03,1625449482.0,64.0
-22.37,1625449482.0,64.0
-15.5,1625449482.0,64.0
-8.65,1625449482.0,64.0
-2.07,1625449482.0,64.0
3.96,1625449482.0,64.0
9.14,1625449482.0,64.0
13.25,1625449482.0,64.0
16.27,1625449482.0,64.0
18.43,1625449482.0,64.0
20.07,1625449482.0,64.0
21.54,1625449482.0,64.0
23.04,1625449482.0,64.0
24.58,1625449482.0,64.0
26.06,1625449482.0,64.0
27.32,1625449482.0,64.0
28.23,1625449482.0,64.0
28.77,1625449482.0,64.0
28.94,1625449482.0,64.0
28.79,1625449482.0,64.0
28.33,1625449482.0,64.0
27.53,1625449482.0,64.0
26.38,1625449482.0,64.0
24.88,1625449482.0,64.0
23.07,1625449482.0,64.0
21.01,1625449482.0,64.0
18.8,1625449482.0,64.0
16.48,1625449482.0,64.0
14.08,1625449482.0,64.0
11.61,1625449482.0,64.0
9.06,1625449482.0,64.0
6.43,1625449482.0,64.0
3.73,1625449482.0,64.0
0.99,1625449482.0,64.0
-1.77,1625449482.0,64.0
-4.57,1625449482.0,64.0
-7.42,1625449482.0,64.0
-10.34,1625449482.0,64.0
-13.37,1625449482.0,64.0
-16.54,1625449482.0,64.0
-19.94,1625449482.0,64.0
-23.63,1625449482.0,64.0
-27.58,1625449482.0,64.0
-31.61,1625449482.0,64.0
-35.3,1625449482.0,64.0
-38.07,1625449482.0,64.0
-39.34,1625449482.0,64.0
-38.68,1625449482.0,64.0
-36.01,1625449482.0,64.0
-31.59,1625449482.0,64.0
-25.93,1625449482.0,64.0
-19.63,1625449482.0,64.0
-13.17,1625449482.0,64.0
-6.92,1625449482.0,64.0
-1.14,1625449482.0,64.0
3.97,1625449482.0,64.0
8.19,1625449482.0,64.0
11.4,1625449482.0,64.0
13.62,1625449482.0,64.0
15.02,1625449482.0,64.0
15.91,1625449482.0,64.0
16.67,1625449482.0,64.0
17.54,1625449482.0,64.0
18.62,1625449482.0,64.0
19.86,1625449482.0,64.0
21.05,1625449482.0,64.0
21.97,1625449482.0,64.0
22.46,1625449482.0,64.0
22.43,1625449482.0,64.0
21.85,1625449482.0,64.0
20.77,1625449482.0,64.0
19.3,1625449482.0,64.0
17.57,1625449482.0,64.0
15.68,1625449482.0,64.0
13.74,1625449482.0,64.0
11.76,1625449482.0,64.0
9.72,1625449482.0,64.0
7.59,1625449482.0,64.0
5.34,1625449482.0,64.0
3.0,1625449482.0,64.0
0.64,1625449482.0,64.0
-1.64,1625449482.0,64.0
-3.8,1625449482.0,64.0
-5.86,1625449482.0,64.0
-7.93,1625449482.0,64.0
-10.19,1625449482.0,64.0
-12.81,1625449482.0,64.0
-15.9,1625449482.0,64.0
-19.46,1625449482.0,64.0
-23.42,1625449482.0,64.0
-27.58,1625449482.0,64.0
-31.63,1625449482.0,64.0
-35.21,1625449482.0,64.0
-37.86,1625449482.0,64.0
-39.16,1625449482.0,64.0
-38.79,1625449482.0,64.0
-36.62,1625449482.0,64.0
-32.76,1625449482.0,64.0
-27.53,1625449482.0,64.0
-21.43,1625449482.0,64.0
-14.96,1625449482.0,64.0
-8.61,1625449482.0,64.0
-2.76,1625449482.0,64.0
2.36,1625449482.0,64.0
6.57,1625449482.0,64.0
9.85,1625449482.0,64.0
12.25,1625449482.0,64.0
13.9,1625449482.0,64.0
15.04,1625449482.0,64.0
15.95,1625449482.0,64.0
16.93,1625449482.0,64.0
18.13,1625449482.0,64.0
19.61,1625449482.0,64.0
21.2,1625449482.0,64.0
22.66,1625449482.0,64.0
23.7,1625449482.0,64.0
24.07,1625449482.0,64.0
23.71,1625449482.0,64.0
22.62,1625449482.0,64.0
20.99,1625449482.0,64.0
19.0,1625449482.0,64.0
16.85,1625449482.0,64.0
14.62,1625449482.0,64.0
12.33,1625449482.0,64.0
9.9,1625449482.0,64.0
7.27,1625449482.0,64.0
4.45,1625449482.0,64.0
1.5,1625449482.0,64.0
-1.45,1625449482.0,64.0
-4.3,1625449482.0,64.0
-7.02,1625449482.0,64.0
-9.63,1625449482.0,64.0
-12.24,1625449482.0,64.0
-14.97,1625449482.0,64.0
-17.98,1625449482.0,64.0
-21.42,1625449482.0,64.0
-25.42,1625449482.0,64.0
-30.03,1625449482.0,64.0
-35.05,1625449482.0,64.0
-40.07,1625449482.0,64.0
-44.4,1625449482.0,64.0
-47.33,1625449482.0,64.0
-48.25,1625449482.0,64.0
-46.87,1625449482.0,64.0
-43.27,1625449482.0,64.0
-37.86,1625449482.0,64.0
-31.28,1625449482.0,64.0
-24.14,1625449482.0,64.0
-16.98,1625449482.0,64.0
-10.16,1625449482.0,64.0
-3.88,1625449482.0,64.0
1.79,1625449482.0,64.0
6.78,1625449482.0,64.0
11.05,1625449482.0,64.0
14.54,1625449482.0,64.0
17.22,1625449482.0,64.0
19.15,1625449482.0,64.0
20.54,1625449482.0,64.0
21.68,1625449482.0,64.0
22.86,1625449482.0,64.0
24.23,1625449482.0,64.0
25.74,1625449482.0,64.0
27.11,1625449482.0,64.0
27.97,1625449482.0,64.0
28.06,1625449482.0,64.0
27.32,1625449482.0,64.0
25.92,1625449482.0,64.0
24.18,1625449482.0,64.0
22.41,1625449482.0,64.0
20.75,1625449482.0,64.0
19.17,1625449482.0,64.0
17.45,1625449482.0,64.0
15.45,1625449482.0,64.0
13.07,1625449482.0,64.0
10.39,1625449482.0,64.0
7.54,1625449482.0,64.0
4.67,1625449482.0,64.0
1.82,1625449482.0,64.0
-1.01,1625449482.0,64.0
-3.89,1625449482.0,64.0
-6.88,1625449482.0,64.0
-10.02,1625449482.0,64.0
-13.38,1625449482.0,64.0
-16.99,1625449482.0,64.0
-20.92,1625449482.0,64.0
-25.16,1625449482.0,64.0
-29.6,1625449482.0,64.0
-33.91,1625449482.0,64.0
-37.64,1625449482.0,64.0
-40.22,1625449482.0,64.0
-41.16,1625449482.0,64.0
-40.18,1625449482.0,64.0
-37.29,1625449482.0,64.0
-32.79,1625449482.0,64.0
-27.18,1625449482.0,64.0
-21.02,1625449482.0,64.0
-14.75,1625449482.0,64.0
-8.71,1625449482.0,64.0
-3.07,1625449482.0,64.0
2.1,1625449482.0,64.0
6.7,1625449482.0,64.0
10.62,1625449482.0,64.0
13.79,1625449482.0,64.0
16.16,1625449482.0,64.0
17.85,1625449482.0,64.0
19.09,1625449482.0,64.0
20.18,1625449482.0,64.0
21.34,1625449482.0,64.0
22.67,1625449482.0,64.0
24.09,1625449482.0,64.0
25.38,1625449482.0,64.0
26.32,1625449482.0,64.0
26.72,1625449482.0,64.0
26.56,1625449482.0,64.0
25.88,1625449482.0,64.0
24.82,1625449482.0,64.0
23.49,1625449482.0,64.0
21.96,1625449482.0,64.0
20.2,1625449482.0,64.0
18.19,1625449482.0,64.0
15.94,1625449482.0,64.0
13.51,1625449482.0,64.0
11.05,1625449482.0,64.0
8.7,1625449482.0,64.0
6.53,1625449482.0,64.0
4.49,1625449482.0,64.0
2.39,1625449482.0,64.0
0.07,1625449482.0,64.0
-2.61,1625449482.0,64.0
-5.64,1625449482.0,64.0
-8.99,1625449482.0,64.0
-12.61,1625449482.0,64.0
-16.52,1625449482.0,64.0
-20.8,1625449482.0,64.0
-25.53,1625449482.0,64.0
-30.6,1625449482.0,64.0
-35.68,1625449482.0,64.0
-40.2,1625449482.0,64.0
-43.5,1625449482.0,64.0
-45.01,1625449482.0,64.0
-44.43,1625449482.0,64.0
-41.77,1625449482.0,64.0
-37.37,1625449482.0,64.0
-31.69,1625449482.0,64.0
-25.22,1625449482.0,64.0
-18.37,1625449482.0,64.0
-11.46,1625449482.0,64.0
-4.8,1625449482.0,64.0
1.31,1625449482.0,64.0
6.58,1625449482.0,64.0
10.82,1625449482.0,64.0
14.02,1625449482.0,64.0
16.34,1625449482.0,64.0
18.11,1625449482.0,64.0
19.65,1625449482.0,64.0
21.21,1625449482.0,64.0
22.9,1625449482.0,64.0
24.65,1625449482.0,64.0
26.31,1625449482.0,64.0
27.66,1625449482.0,64.0
28.5,1625449482.0,64.0
28.66,1625449482.0,64.0
28.08,1625449482.0,64.0
26.81,1625449482.0,64.0
25.05,1625449482.0,64.0
23.05,1625449482.0,64.0
21.03,1625449482.0,64.0
19.1,1625449482.0,64.0
17.23,1625449482.0,64.0
15.31,1625449482.0,64.0
13.21,1625449482.0,64.0
10.87,1625449482.0,64.0
8.33,1625449482.0,64.0
5.67,1625449482.0,64.0
3.0,1625449482.0,64.0
0.33,1625449482.0,64.0
-2.39,1625449482.0,64.0
-5.24,1625449482.0,64.0
-8.27,1625449482.0,64.0
-11.49,1625449482.0,64.0
-14.86,1625449482.0,64.0
-18.39,1625449482.0,64.0
-22.14,1625449482.0,64.0
-26.13,1625449482.0,64.0
-30.31,1625449482.0,64.0
-34.4,1625449482.0,64.0
-37.89,1625449482.0,64.0
-40.15,1625449482.0,64.0
-40.6,1625449482.0,64.0
-38.94,1625449482.0,64.0
-35.26,1625449482.0,64.0
-29.98,1625449482.0,64.0
-23.69,1625449482.0,64.0
-17.03,1625449482.0,64.0
-10.46,1625449482.0,64.0
-4.32,1625449482.0,64.0
1.24,1625449482.0,64.0
6.07,1625449482.0,64.0
10.08,1625449482.0,64.0
13.17,1625449482.0,64.0
15.34,1625449482.0,64.0
16.73,1625449482.0,64.0
17.62,1625449482.0,64.0
18.39,1625449482.0,64.0
19.36,1625449482.0,64.0
20.69,1625449482.0,64.0
22.33,1625449482.0,64.0
24.02,1625449482.0,64.0
25.39,1625449482.0,64.0
26.18,1625449482.0,64.0
26.23,1625449482.0,64.0
25.61,1625449482.0,64.0
24.51,1625449482.0,64.0
23.15,1625449482.0,64.0
21.72,1625449482.0,64.0
20.31,1625449482.0,64.0
18.92,1625449482.0,64.0
17.47,1625449482.0,64.0
15.88,1625449482.0,64.0
14.05,1625449482.0,64.0
11.97,1625449482.0,64.0
9.63,1625449482.0,64.0
7.07,1625449482.0,64.0
4.32,1625449482.0,64.0
1.43,1625449482.0,64.0
-1.58,1625449482.0,64.0
-4.7,1625449482.0,64.0
-7.88,1625449482.0,64.0
-11.11,1625449482.0,64.0
-14.43,1625449482.0,64.0
-17.97,1625449482.0,64.0
-21.87,1625449482.0,64.0
-26.21,1625449482.0,64.0
-30.83,1625449482.0,64.0
-35.3,1625449482.0,64.0
-38.93,1625449482.0,64.0
-41.02,1625449482.0,64.0
-41.03,1625449482.0,64.0
-38.8,1625449482.0,64.0
-34.61,1625449482.0,64.0
-29.0,1625449482.0,64.0
-22.62,1625449482.0,64.0
-16.02,1625449482.0,64.0
-9.56,1625449482.0,64.0
-3.45,1625449482.0,64.0
2.14,1625449482.0,64.0
7.05,1625449482.0,64.0
11.1,1625449482.0,64.0
14.14,1625449482.0,64.0
16.18,1625449482.0,64.0
17.38,1625449482.0,64.0
18.04,1625449482.0,64.0
18.53,1625449482.0,64.0
19.1,1625449482.0,64.0
19.9,1625449482.0,64.0
20.85,1625449482.0,64.0
21.79,1625449482.0,64.0
22.54,1625449482.0,64.0
22.96,1625449482.0,64.0
23.0,1625449482.0,64.0
22.67,1625449482.0,64.0
21.99,1625449482.0,64.0
21.0,1625449482.0,64.0
19.69,1625449482.0,64.0
18.07,1625449482.0,64.0
16.23,1625449482.0,64.0
14.22,1625449482.0,64.0
12.15,1625449482.0,64.0
10.13,1625449482.0,64.0
8.16,1625449482.0,64.0
6.22,1625449482.0,64.0
4.19,1625449482.0,64.0
1.95,1625449482.0,64.0
-0.6,1625449482.0,64.0
-3.47,1625449482.0,64.0
-6.61,1625449482.0,64.0
-9.87,1625449482.0,64.0
-13.14,1625449482.0,64.0
-16.41,1625449482.0,64.0
-19.74,1625449482.0,64.0
-23.27,1625449482.0,64.0
-27.0,1625449482.0,64.0
-30.75,1625449482.0,64.0
-34.09,1625449482.0,64.0
-36.41,1625449482.0,64.0
-37.12,1625449482.0,64.0
-35.84,1625449482.0,64.0
-32.56,1625449482.0,64.0
-27.65,1625449482.0,64.0
-21.69,1625449482.0,64.0
-15.31,1625449482.0,64.0
-9.0,1625449482.0,64.0
-3.07,1625449482.0,64.0
2.32,1625449482.0,64.0
7.01,1625449482.0,64.0
10.83,1625449482.0,64.0
13.64,1625449482.0,64.0
15.41,1625449482.0,64.0
16.33,1625449482.0,64.0
16.81,1625449482.0,64.0
17.3,1625449482.0,64.0
18.12,1625449482.0,64.0
19.32,1625449482.0,64.0
20.64,1625449482.0,64.0
21.74,1625449482.0,64.0
22.29,1625449482.0,64.0
22.19,1625449482.0,64.0
21.5,1625449482.0,64.0
20.42,1625449482.0,64.0
19.12,1625449482.0,64.0
17.67,1625449482.0,64.0
16.04,1625449482.0,64.0
14.16,1625449482.0,64.0
11.94,1625449482.0,64.0
9.35,1625449482.0,64.0
6.46,1625449482.0,64.0
3.38,1625449482.0,64.0
0.32,1625449482.0,64.0
-2.57,1625449482.0,64.0
-5.2,1625449482.0,64.0
-7.63,1625449482.0,64.0
-10.02,1625449482.0,64.0
-12.64,1625449482.0,64.0
-15.72,1625449482.0,64.0
-19.41,1625449482.0,64.0
-23.7,1625449482.0,64.0
-28.41,1625449482.0,64.0
-33.17,1625449482.0,64.0
-37.45,1625449482.0,64.0
-40.68,1625449482.0,64.0
-42.27,1625449482.0,64.0
-41.83,1625449482.0,64.0
-39.26,1625449482.0,64.0
-34.77,1625449482.0,64.0
-28.89,1625449482.0,64.0
-22.21,1625449482.0,64.0
-15.34,1625449482.0,64.0
-8.66,1625449482.0,64.0
-2.42,1625449482.0,64.0
3.24,1625449482.0,64.0
8.18,1625449482.0,64.0
12.22,1625449482.0,64.0
15.23,1625449482.0,64.0
17.19,1625449482.0,64.0
18.32,1625449482.0,64.0
19.0,1625449482.0,64.0
19.68,1625449482.0,64.0
20.69,1625449482.0,64.0
22.04,1625449482.0,64.0
23.48,1625449482.0,64.0
24.59,1625449482.0,64.0
25.03,1625449482.0,64.0
24.68,1625449482.0,64.0
23.69,1625449482.0,64.0
22.36,1625449482.0,64.0
20.96,1625449482.0,64.0
19.63,1625449482.0,64.0
18.29,1625449482.0,64.0
16.72,1625449482.0,64.0
14.68,1625449482.0,64.0
12.03,1625449482.0,64.0
8.8,1625449482.0,64.0
5.22,1625449482.0,64.0
1.57,1625449482.0,64.0
-1.85,1625449482.0,64.0
-4.93,1625449482.0,64.0
-7.76,1625449482.0,64.0
-10.53,1625449482.0,64.0
-13.56,1625449482.0,64.0
-17.06,1625449482.0,64.0
-21.16,1625449482.0,64.0
-25.82,1625449482.0,64.0
-30.8,1625449482.0,64.0
-35.74,1625449482.0,64.0
-40.1,1625449482.0,64.0
-43.29,1625449482.0,64.0
-44.77,1625449482.0,64.0
-44.23,1625449482.0,64.0
-41.67,1625449482.0,64.0
-37.4,1625449482.0,64.0
-31.94,1625449482.0,64.0
-25.77,1625449482.0,64.0
-19.22,1625449482.0,64.0
-12.46,1625449482.0,64.0
-5.58,1625449482.0,64.0
1.22,1625449482.0,64.0
7.55,1625449482.0,64.0
13.0,1625449482.0,64.0
17.21,1625449482.0,64.0
20.12,1625449482.0,64.0
21.99,1625449482.0,64.0
23.28,1625449482.0,64.0
24.47,1625449482.0,64.0
25.82,1625449482.0,64.0
27.34,1625449482.0,64.0
28.82,1625449482.0,64.0
29.99,1625449482.0,64.0
30.64,1625449482.0,64.0
30.67,1625449482.0,64.0
30.12,1625449482.0,64.0
29.06,1625449482.0,64.0
27.57,1625449482.0,64.0
25.71,1625449482.0,64.0
23.51,1625449482.0,64.0
21.03,1625449482.0,64.0
18.35,1625449482.0,64.0
15.52,1625449482.0,64.0
12.62,1625449482.0,64.0
9.67,1625449482.0,64.0
6.66,1625449482.0,64.0
3.5,1625449482.0,64.0
0.12,1625449482.0,64.0
-3.53,1625449482.0,64.0
-7.42,1625449482.0,64.0
-11.44,1625449482.0,64.0
-15.47,1625449482.0,64.0
-19.45,1625449482.0,64.0
-23.45,1625449482.0,64.0
-27.57,1625449482.0,64.0
-31.8,1625449482.0,64.0
-35.92,1625449482.0,64.0
-39.4,1625449482.0,64.0
-41.56,1625449482.0,64.0
-41.87,1625449482.0,64.0
-40.09,1625449482.0,64.0
-36.44,1625449482.0,64.0
-31.39,1625449482.0,64.0
-25.47,1625449482.0,64.0
-19.03,1625449482.0,64.0
-12.25,1625449482.0,64.0
-5.22,1625449482.0,64.0
1.9,1625449482.0,64.0
8.72,1625449482.0,64.0
14.73,1625449482.0,64.0
19.53,1625449482.0,64.0
22.91,1625449482.0,64.0
25.06,1625449482.0,64.0
26.43,1625449482.0,64.0
27.56,1625449482.0,64.0
28.85,1625449482.0,64.0
30.42,1625449482.0,64.0
32.09,1625449482.0,64.0
33.54,1625449482.0,64.0
34.42,1625449482.0,64.0
34.49,1625449482.0,64.0
33.73,1625449482.0,64.0
32.31,1625449482.0,64.0
30.49,1625449482.0,64.0
28.51,1625449482.0,64.0
26.53,1625449482.0,64.0
24.56,1625449482.0,64.0
22.51,1625449482.0,64.0
20.25,1625449482.0,64.0
17.71,1625449482.0,64.0
14.91,1625449482.0,64.0
11.95,1625449482.0,64.0
8.93,1625449482.0,64.0
5.96,1625449482.0,64.0
3.06,1625449482.0,64.0
0.2,1625449482.0,64.0
-2.71,1625449482.0,64.0
-5.77,1625449482.0,64.0
-9.1,1625449482.0,64.0
-12.81,1625449482.0,64.0
-17.01,1625449482.0,64.0
-21.72,1625449482.0,64.0
-26.88,1625449482.0,64.0
-32.19,1625449482.0,64.0
-37.2,1625449482.0,64.0
-41.28,1625449482.0,64.0
-43.78,1625449482.0,64.0
-44.25,1625449482.0,64.0
-42.56,1625449482.0,64.0
-38.91,1625449482.0,64.0
-33.74,1625449482.0,64.0
-27.58,1625449482.0,64.0
-20.89,1625449482.0,64.0
-13.95,1625449482.0,64.0
-6.95,1625449482.0,64.0
-0.05,1625449482.0,64.0
6.44,1625449482.0,64.0
12.17,1625449482.0,64.0
16.84,1625449482.0,64.0
20.32,1625449482.0,64.0
22.75,1625449482.0,64.0
24.48,1625449482.0,64.0
25.9,1625449482.0,64.0
27.27,1625449482.0,64.0
28.65,1625449482.0,64.0
29.96,1625449482.0,64.0
31.04,1625449482.0,64.0
31.81,1625449482.0,64.0
32.26,1625449482.0,64.0
32.41,1625449482.0,64.0
32.24,1625449482.0,64.0
31.72,1625449482.0,64.0
30.74,1625449482.0,64.0
29.23,1625449482.0,64.0
27.23,1625449482.0,64.0
24.86,1625449482.0,64.0
22.28,1625449482.0,64.0
19.69,1625449482.0,64.0
17.19,1625449482.0,64.0
14.8,1625449482.0,64.0
12.46,1625449482.0,64.0
10.03,1625449482.0,64.0
7.4,1625449482.0,64.0
4.48,1625449482.0,64.0
1.31,1625449482.0,64.0
-2.0,1625449482.0,64.0
-5.28,1625449482.0,64.0
-8.42,1625449482.0,64.0
-11.46,1625449482.0,64.0
-14.54,1625449482.0,64.0
-17.93,1625449482.0,64.0
-21.86,1625449482.0,64.0
-26.44,1625449482.0,64.0
-31.51,1625449482.0,64.0
-36.64,1625449482.0,64.0
-41.19,1625449482.0,64.0
-44.44,1625449482.0,64.0
-45.79,1625449482.0,64.0
-44.93,1625449482.0,64.0
-41.87,1625449482.0,64.0
-36.97,1625449482.0,64.0
-30.81,1625449482.0,64.0
-23.99,1625449482.0,64.0
-17.06,1625449482.0,64.0
-10.31,1625449482.0,64.0
-3.92,1625449482.0,64.0
2.03,1625449482.0,64.0
7.44,1625449482.0,64.0
12.18,1625449482.0,64.0
16.1,1625449482.0,64.0
19.16,1625449482.0,64.0
21.48,1625449482.0,64.0
23.27,1625449482.0,64.0
24.81,1625449482.0,64.0
26.3,1625449482.0,64.0
27.82,1625449482.0,64.0
29.32,1625449482.0,64.0
30.63,1625449482.0,64.0
31.57,1625449482.0,64.0
32.01,1625449482.0,64.0
31.87,1625449482.0,64.0
31.18,1625449482.0,64.0
29.97,1625449482.0,64.0
28.32,1625449482.0,64.0
26.3,1625449482.0,64.0
23.99,1625449482.0,64.0
21.48,1625449482.0,64.0
18.91,1625449482.0,64.0
16.4,1625449482.0,64.0
14.07,1625449482.0,64.0
11.93,1625449482.0,64.0
9.93,1625449482.0,64.0
7.89,1625449482.0,64.0
5.63,1625449482.0,64.0
3.01,1625449482.0,64.0
-0.01,1625449482.0,64.0
-3.31,1625449482.0,64.0
-6.77,1625449482.0,64.0
-10.24,1625449482.0,64.0
-13.63,1625449482.0,64.0
-16.93,1625449482.0,64.0
-20.2,1625449482.0,64.0
-23.5,1625449482.0,64.0
-26.92,1625449482.0,64.0
-30.4,1625449482.0,64.0
-33.75,1625449482.0,64.0
-36.59,1625449482.0,64.0
-38.39,1625449482.0,64.0
-38.67,1625449482.0,64.0
-37.11,1625449482.0,64.0
-33.72,1625449482.0,64.0
-28.82,1625449482.0,64.0
-22.95,1625449482.0,64.0
-16.66,1625449482.0,64.0
-10.37,1625449482.0,64.0
-4.31,1625449482.0,64.0
1.39,1625449482.0,64.0
6.62,1625449482.0,64.0
11.19,1625449482.0,64.0
14.87,1625449482.0,64.0
17.54,1625449482.0,64.0
19.25,1625449482.0,64.0
20.29,1625449482.0,64.0
21.05,1625449482.0,64.0
21.89,1625449482.0,64.0
22.96,1625449482.0,64.0
24.21,1625449482.0,64.0
25.44,1625449482.0,64.0
26.38,1625449482.0,64.0
26.88,1625449482.0,64.0
26.89,1625449482.0,64.0
26.46,1625449482.0,64.0
25.65,1625449482.0,64.0
24.51,1625449482.0,64.0
23.04,1625449482.0,64.0
21.24,1625449482.0,64.0
19.17,1625449482.0,64.0
16.93,1625449482.0,64.0
14.67,1625449482.0,64.0
12.5,1625449482.0,64.0
10.46,1625449482.0,64.0
8.48,1625449482.0,64.0
6.4,1625449482.0,64.0
4.09,1625449482.0,64.0
1.44,1625449482.0,64.0
-1.53,1625449482.0,64.0
-4.68,1625449482.0,64.0
-7.85,1625449482.0,64.0
-10.91,1625449482.0,64.0
-13.82,1625449482.0,64.0
-16.67,1625449482.0,64.0
-19.61,1625449482.0,64.0
-22.79,1625449482.0,64.0
-26.3,1625449482.0,64.0
-30.08,1625449482.0,64.0
-33.88,1625449482.0,64.0
-37.28,1625449482.0,64.0
-39.74,1625449482.0,64.0
-40.75,1625449482.0,64.0
-39.97,1625449482.0,64.0
-37.36,1625449482.0,64.0
-33.18,1625449482.0,64.0
-27.89,1625449482.0,64.0
-21.98,1625449482.0,64.0
-15.88,1625449482.0,64.0
-9.9,1625449482.0,64.0
-4.28,1625449482.0,64.0
0.74,1625449482.0,64.0
4.94,1625449482.0,64.0
8.17,1625449482.0,64.0
10.44,1625449482.0,64.0
11.96,1625449482.0,64.0
13.09,1625449482.0,64.0
14.18,1625449482.0,64.0
15.44,1625449482.0,64.0
16.87,1625449482.0,64.0
18.33,1625449482.0,64.0
19.6,1625449482.0,64.0
20.51,1625449482.0,64.0
20.96,1625449482.0,64.0
20.93,1625449482.0,64.0
20.46,1625449482.0,64.0
19.62,1625449482.0,64.0
18.48,1625449482.0,64.0
17.08,1625449482.0,64.0
15.45,1625449482.0,64.0
13.57,1625449482.0,64.0
11.49,1625449482.0,64.0
9.31,1625449482.0,64.0
7.15,1625449482.0,64.0
5.13,1625449482.0,64.0
3.3,1625449482.0,64.0
1.59,1625449482.0,64.0
-0.11,1625449482.0,64.0
-1.98,1625449482.0,64.0
-4.12,1625449482.0,64.0
-6.6,1625449482.0,64.0
-9.45,1625449482.0,64.0
-12.69,1625449482.0,64.0
-16.36,1625449482.0,64.0
-20.45,1625449482.0,64.0
-24.86,1625449482.0,64.0
-29.33,1625449482.0,64.0
-33.43,1625449482.0,64.0
-36.65,1625449482.0,64.0
-38.46,1625449482.0,64.0
-38.5,1625449482.0,64.0
-36.64,1625449482.0,64.0
-33.05,1625449482.0,64.0
-28.16,1625449482.0,64.0
-22.53,1625449482.0,64.0
-16.65,1625449482.0,64.0
-10.85,1625449482.0,64.0
-5.27,1625449482.0,64.0
0.03,1625449482.0,64.0
4.92,1625449482.0,64.0
9.18,1625449482.0,64.0
12.49,1625449482.0,64.0
14.67,1625449482.0,64.0
15.78,1625449482.0,64.0
16.18,1625449482.0,64.0
16.38,1625449482.0,64.0
16.87,1625449482.0,64.0
17.88,1625449482.0,64.0
19.29,1625449482.0,64.0
20.73,1625449482.0,64.0
21.76,1625449482.0,64.0
22.11,1625449482.0,64.0
21.72,1625449482.0,64.0
20.78,1625449482.0,64.0
19.53,1625449482.0,64.0
18.16,1625449482.0,64.0
16.7,1625449482.0,64.0
15.1,1625449482.0,64.0
13.23,1625449482.0,64.0
11.02,1625449482.0,64.0
8.5,1625449482.0,64.0
5.72,1625449482.0,64.0
2.78,1625449482.0,64.0
-0.28,1625449482.0,64.0
-3.43,1625449482.0,64.0
-6.63,1625449482.0,64.0
-9.83,1625449482.0,64.0
-12.98,1625449482.0,64.0
-16.08,1625449482.0,64.0
-19.19,1625449482.0,64.0
-22.47,1625449482.0,64.0
-26.1,1625449482.0,64.0
-30.15,1625449482.0,64.0
-34.46,1625449482.0,64.0
-38.6,1625449482.0,64.0
-41.92,1625449482.0,64.0
-43.74,1625449482.0,64.0
-43.61,1625449482.0,64.0
-41.4,1625449482.0,64.0
-37.4,1625449482.0,64.0
-32.16,1625449482.0,64.0
-26.32,1625449482.0,64.0
-20.35,1625449482.0,64.0
-14.48,1625449482.0,64.0
-8.74,1625449482.0,64.0
-3.11,1625449482.0,64.0
2.31,1625449482.0,64.0
7.28,1625449482.0,64.0
11.47,1625449482.0,64.0
14.65,1625449482.0,64.0
16.82,1625449482.0,64.0
18.25,1625449482.0,64.0
19.35,1625449482.0,64.0
20.51,1625449482.0,64.0
21.94,1625449482.0,64.0
23.56,1625449482.0,64.0
25.1,1625449482.0,64.0
26.21,1625449482.0,64.0
26.67,1625449482.0,64.0
26.42,1625449482.0,64.0
25.59,1625449482.0,64.0
24.39,1625449482.0,64.0
22.99,1625449482.0,64.0
21.47,1625449482.0,64.0
19.81,1625449482.0,64.0
17.96,1625449482.0,64.0
15.86,1625449482.0,64.0
13.51,1625449482.0,64.0
10.96,1625449482.0,64.0
8.28,1625449482.0,64.0
5.56,1625449482.0,64.0
2.83,1625449482.0,64.0
0.06,1625449482.0,64.0
-2.76,1625449482.0,64.0
-5.68,1625449482.0,64.0
-8.69,1625449482.0,64.0
-11.77,1625449482.0,64.0
-14.93,1625449482.0,64.0
-18.24,1625449482.0,64.0
-21.86,1625449482.0,64.0
-25.92,1625449482.0,64.0
-30.45,1625449482.0,64.0
-35.17,1625449482.0,64.0
-39.51,1625449482.0,64.0
-42.74,1625449482.0,64.0
-44.17,1625449482.0,64.0
-43.44,1625449482.0,64.0
-40.64,1625449482.0,64.0
-36.19,1625449482.0,64.0
-30.73,1625449482.0,64.0
-24.76,1625449482.0,64.0
-18.6,1625449482.0,64.0
-12.37,1625449482.0,64.0
-6.09,1625449482.0,64.0
0.11,1625449482.0,64.0
5.94,1625449482.0,64.0
11.01,1625449482.0,64.0
14.99,1625449482.0,64.0
17.78,1625449482.0,64.0
19.58,1625449482.0,64.0
20.82,1625449482.0,64.0
21.95,1625449482.0,64.0
23.26,1625449482.0,64.0
24.77,1625449482.0,64.0
26.25,1625449482.0,64.0
27.39,1625449482.0,64.0
27.93,1625449482.0,64.0
27.78,1625449482.0,64.0
27.03,1625449482.0,64.0
25.88,1625449482.0,64.0
24.49,1625449482.0,64.0
22.97,1625449482.0,64.0
21.36,1625449482.0,64.0
19.66,1625449482.0,64.0
17.86,1625449482.0,64.0
15.95,1625449482.0,64.0
13.89,1625449482.0,64.0
11.64,1625449482.0,64.0
9.12,1625449482.0,64.0
6.34,1625449482.0,64.0
3.39,1625449482.0,64.0
0.4,1625449482.0,64.0
-2.47,1625449482.0,64.0
-5.23,1625449482.0,64.0
-7.96,1625449482.0,64.0
-10.88,1625449482.0,64.0
-14.18,1625449482.0,64.0
-17.92,1625449482.0,64.0
-22.06,1625449482.0,64.0
-26.41,1625449482.0,64.0
-30.75,1625449482.0,64.0
-34.84,1625449482.0,64.0
-38.34,1625449482.0,64.0
-40.84,1625449482.0,64.0
-41.88,1625449482.0,64.0
-41.07,1625449482.0,64.0
-38.26,1625449482.0,64.0
-33.66,1625449482.0,64.0
-27.76,1625449482.0,64.0
-21.22,1625449482.0,64.0
-14.63,1625449482.0,64.0
-8.35,1625449482.0,64.0
-2.57,1625449482.0,64.0
2.68,1625449482.0,64.0
7.34,1625449482.0,64.0
11.31,1625449482.0,64.0
14.51,1625449482.0,64.0
16.92,1625449482.0,64.0
18.64,1625449482.0,64.0
19.92,1625449482.0,64.0
21.03,1625449482.0,64.0
22.16,1625449482.0,64.0
23.37,1625449482.0,64.0
24.56,1625449482.0,64.0
25.55,1625449482.0,64.0
26.18,1625449482.0,64.0
26.35,1625449482.0,64.0
26.1,1625449482.0,64.0
25.51,1625449482.0,64.0
24.71,1625449482.0,64.0
23.78,1625449482.0,64.0
22.76,1625449482.0,64.0
21.61,1625449482.0,64.0
20.26,1625449482.0,64.0
18.66,1625449482.0,64.0
16.77,1625449482.0,64.0
14.57,1625449482.0,64.0
12.11,1625449482.0,64.0
9.46,1625449482.0,64.0
6.71,1625449482.0,64.0
3.94,1625449482.0,64.0
1.16,1625449482.0,64.0
-1.68,1625449482.0,64.0
-4.66,1625449482.0,64.0
-7.85,1625449482.0,64.0
-11.28,1625449482.0,64.0
-14.9,1625449482.0,64.0
-18.68,1625449482.0,64.0
-22.56,1625449482.0,64.0
-26.53,1625449482.0,64.0
-30.48,1625449482.0,64.0
-34.21,1625449482.0,64.0
-37.24,1625449482.0,64.0
-39.01,1625449482.0,64.0
-39.0,1625449482.0,64.0
-36.97,1625449482.0,64.0
-33.12,1625449482.0,64.0
-27.98,1625449482.0,64.0
-22.19,1625449482.0,64.0
-16.28,1625449482.0,64.0
-10.53,1625449482.0,64.0
-4.99,1625449482.0,64.0
0.33,1625449482.0,64.0
5.29,1625449482.0,64.0
9.65,1625449482.0,64.0
13.13,1625449482.0,64.0
15.58,1625449482.0,64.0
17.12,1625449482.0,64.0
18.1,1625449482.0,64.0
18.96,1625449482.0,64.0
20.04,1625449482.0,64.0
21.43,1625449482.0,64.0
22.99,1625449482.0,64.0
24.42,1625449482.0,64.0
25.43,1625449482.0,64.0
25.84,1625449482.0,64.0
25.68,1625449482.0,64.0
25.06,1625449482.0,64.0
24.15,1625449482.0,64.0
23.01,1625449482.0,64.0
21.62,1625449482.0,64.0
19.92,1625449482.0,64.0
17.86,1625449482.0,64.0
15.47,1625449482.0,64.0
12.88,1625449482.0,64.0
10.24,1625449482.0,64.0
7.67,1625449482.0,64.0
5.21,1625449482.0,64.0
2.84,1625449482.0,64.0
0.45,1625449482.0,64.0
-2.0,1625449482.0,64.0
-4.55,1625449482.0,64.0
-7.18,1625449482.0,64.0
-9.88,1625449482.0,64.0
-12.68,1625449482.0,64.0
-15.7,1625449482.0,64.0
-19.07,1625449482.0,64.0
-22.89,1625449482.0,64.0
-27.01,1625449482.0,64.0
-31.02,1625449482.0,64.0
-34.31,1625449482.0,64.0
-36.16,1625449482.0,64.0
-36.08,1625449482.0,64.0
-33.89,1625449482.0,64.0
-29.87,1625449482.0,64.0
-24.59,1625449482.0,64.0
-18.71,1625449482.0,64.0
-12.76,1625449482.0,64.0
-7.08,1625449482.0,64.0
-1.84,1625449482.0,64.0
2.84,1625449482.0,64.0
6.8,1625449482.0,64.0
9.91,1625449482.0,64.0
12.08,1625449482.0,64.0
13.41,1625449482.0,64.0
14.21,1625449482.0,64.0
14.84,1625449482.0,64.0
15.65,1625449482.0,64.0
16.82,1625449482.0,64.0
18.28,1625449482.0,64.0
19.79,1625449482.0,64.0
21.03,1625449482.0,64.0
21.7,1625449482.0,64.0
21.7,1625449482.0,64.0
21.07,1625449482.0,64.0
20.01,1625449482.0,64.0
18.76,1625449482.0,64.0
17.48,1625449482.0,64.0
16.18,1625449482.0,64.0
14.76,1625449482.0,64.0
13.06,1625449482.0,64.0
10.96,1625449482.0,64.0
8.47,1625449482.0,64.0
5.72,1625449482.0,64.0
2.92,1625449482.0,64.0
0.21,1625449482.0,64.0
-2.34,1625449482.0,64.0
-4.88,1625449482.0,64.0
-7.59,1625449482.0,64.0
-10.72,1625449482.0,64.0
-14.38,1625449482.0,64.0
-18.58,1625449482.0,64.0
-23.17,1625449482.0,64.0
-27.92,1625449482.0,64.0
-32.45,1625449482.0,64.0
-36.35,1625449482.0,64.0
-39.12,1625449482.0,64.0
-40.34,1625449482.0,64.0
-39.69,1625449482.0,64.0
-37.14,1625449482.0,64.0
-32.97,1625449482.0,64.0
-27.71,1625449482.0,64.0
-21.95,1625449482.0,64.0
-16.15,1625449482.0,64.0
-10.51,1625449482.0,64.0
-5.06,1625449482.0,64.0
0.22,1625449482.0,64.0
5.2,1625449482.0,64.0
9.59,1625449482.0,64.0
13.11,1625449482.0,64.0
15.58,1625449482.0,64.0
17.16,1625449482.0,64.0
18.21,1625449482.0,64.0
19.18,1625449482.0,64.0
20.34,1625449482.0,64.0
21.72,1625449482.0,64.0
23.07,1625449482.0,64.0
24.05,1625449482.0,64.0
24.37,1625449482.0,64.0
23.94,1625449482.0,64.0
22.86,1625449482.0,64.0
21.35,1625449482.0,64.0
19.63,1625449482.0,64.0
17.83,1625449482.0,64.0
16.0,1625449482.0,64.0
14.11,1625449482.0,64.0
12.07,1625449482.0,64.0
9.81,1625449482.0,64.0
7.29,1625449482.0,64.0
4.55,1625449482.0,64.0
1.68,1625449482.0,64.0
-1.12,1625449482.0,64.0
-3.71,1625449482.0,64.0
-6.06,1625449482.0,64.0
-8.35,1625449482.0,64.0
-10.86,1625449482.0,64.0
-13.9,1625449482.0,64.0
-17.65,1625449482.0,64.0
-22.05,1625449482.0,64.0
-26.84,1625449482.0,64.0
-31.64,1625449482.0,64.0
-36.01,1625449482.0,64.0
-39.54,1625449482.0,64.0
-41.86,1625449482.0,64.0
-42.64,1625449482.0,64.0
-41.64,1625449482.0,64.0
-38.79,1625449482.0,64.0
-34.28,1625449482.0,64.0
-28.52,1625449482.0,64.0
-22.01,1625449482.0,64.0
-15.22,1625449482.0,64.0
-8.45,1625449482.0,64.0
-1.82,1625449482.0,64.0
4.56,1625449482.0,64.0
10.48,1625449482.0,64.0
15.6,1625449482.0,64.0
19.58,1625449482.0,64.0
22.24,1625449482.0,64.0
23.72,1625449482.0,64.0
24.49,1625449482.0,64.0
25.14,1625449482.0,64.0
26.08,1625449482.0,64.0
27.43,1625449482.0,64.0
28.95,1625449482.0,64.0
30.22,1625449482.0,64.0
30.87,1625449482.0,64.0
30.78,1625449482.0,64.0
30.06,1625449482.0,64.0
28.93,1625449482.0,64.0
27.59,1625449482.0,64.0
26.1,1625449482.0,64.0
24.39,1625449482.0,64.0
22.4,1625449482.0,64.0
20.11,1625449482.0,64.0
17.62,1625449482.0,64.0
15.04,1625449482.0,64.0
12.47,1625449482.0,64.0
9.95,1625449482.0,64.0
7.42,1625449482.0,64.0
4.76,1625449482.0,64.0
1.87,1625449482.0,64.0
-1.33,1625449482.0,64.0
-4.9,1625449482.0,64.0
-8.84,1625449482.0,64.0
-13.1,1625449482.0,64.0
-17.65,1625449482.0,64.0
-22.45,1625449482.0,64.0
-27.41,1625449482.0,64.0
-32.35,1625449482.0,64.0
-36.94,1625449482.0,64.0
-40.7,1625449482.0,64.0
-43.05,1625449482.0,64.0
-43.53,1625449482.0,64.0
-41.96,1625449482.0,64.0
-38.52,1625449482.0,64.0
-33.7,1625449482.0,64.0
-28.05,1625449482.0,64.0
-21.99,1625449482.0,64.0
-15.71,1625449482.0,64.0
-9.21,1625449482.0,64.0
-2.48,1625449482.0,64.0
4.25,1625449482.0,64.0
10.57,1625449482.0,64.0
15.95,1625449482.0,64.0
19.97,1625449482.0,64.0
22.54,1625449482.0,64.0
23.92,1625449482.0,64.0
24.61,1625449482.0,64.0
25.09,1625449482.0,64.0
25.64,1625449482.0,64.0
26.25,1625449482.0,64.0
26.75,1625449482.0,64.0
26.99,1625449482.0,64.0
26.91,1625449482.0,64.0
26.58,1625449482.0,64.0
26.1,1625449482.0,64.0
25.52,1625449482.0,64.0
24.79,1625449482.0,64.0
23.77,1625449482.0,64.0
22.39,1625449482.0,64.0
20.59,1625449482.0,64.0
18.46,1625449482.0,64.0
16.08,1625449482.0,64.0
13.54,1625449482.0,64.0
10.87,1625449482.0,64.0
8.14,1625449482.0,64.0
5.4,1625449482.0,64.0
2.76,1625449482.0,64.0
0.28,1625449482.0,64.0
-2.1,1625449482.0,64.0
-4.51,1625449482.0,64.0
-7.19,1625449482.0,64.0
-10.34,1625449482.0,64.0
-14.08,1625449482.0,64.0
-18.43,1625449482.0,64.0
-23.28,1625449482.0,64.0
-28.42,1625449482.0,64.0
-33.52,1625449482.0,64.0
-38.11,1625449482.0,64.0
-41.63,1625449482.0,64.0
-43.54,1625449482.0,64.0
-43.45,1625449482.0,64.0
-41.29,1625449482.0,64.0
-37.3,1625449482.0,64.0
-31.96,1625449482.0,64.0
-25.81,1625449482.0,64.0
-19.27,1625449482.0,64.0
-12.63,1625449482.0,64.0
-6.04,1625449482.0,64.0
0.29,1625449482.0,64.0
6.11,1625449482.0,64.0
11.14,1625449482.0,64.0
15.14,1625449482.0,64.0
18.06,1625449482.0,64.0
20.07,1625449482.0,64.0
21.54,1625449482.0,64.0
22.84,1625449482.0,64.0
24.28,1625449482.0,64.0
25.87,1625449482.0,64.0
27.45,1625449482.0,64.0
28.69,1625449482.0,64.0
29.31,1625449482.0,64.0
29.21,1625449482.0,64.0
28.49,1625449482.0,64.0
27.42,1625449482.0,64.0
26.28,1625449482.0,64.0
25.21,1625449482.0,64.0
24.17,1625449482.0,64.0
22.97,1625449482.0,64.0
21.43,1625449482.0,64.0
19.5,1625449482.0,64.0
17.27,1625449482.0,64.0
14.93,1625449482.0,64.0
12.6,1625449482.0,64.0
10.3,1625449482.0,64.0
7.88,1625449482.0,64.0
5.23,1625449482.0,64.0
2.29,1625449482.0,64.0
-0.84,1625449482.0,64.0
-3.99,1625449482.0,64.0
-7.03,1625449482.0,64.0
-9.95,1625449482.0,64.0
-12.87,1625449482.0,64.0
-15.98,1625449482.0,64.0
-19.46,1625449482.0,64.0
-23.39,1625449482.0,64.0
-27.67,1625449482.0,64.0
-32.07,1625449482.0,64.0
-36.19,1625449482.0,64.0
-39.5,1625449482.0,64.0
-41.45,1625449482.0,64.0
-41.63,1625449482.0,64.0
-39.89,1625449482.0,64.0
-36.39,1625449482.0,64.0
-31.53,1625449482.0,64.0
-25.83,1625449482.0,64.0
-19.74,1625449482.0,64.0
-13.49,1625449482.0,64.0
-7.25,1625449482.0,64.0
-1.16,1625449482.0,64.0
4.55,1625449482.0,64.0
9.58,1625449482.0,64.0
13.66,1625449482.0,64.0
16.68,1625449482.0,64.0
18.73,1625449482.0,64.0
20.12,1625449482.0,64.0
21.24,1625449482.0,64.0
22.37,1625449482.0,64.0
23.68,1625449482.0,64.0
25.13,1625449482.0,64.0
26.5,1625449482.0,64.0
27.57,1625449482.0,64.0
28.14,1625449482.0,64.0
28.13,1625449482.0,64.0
27.57,1625449482.0,64.0
26.57,1625449482.0,64.0
25.31,1625449482.0,64.0
23.93,1625449482.0,64.0
22.5,1625449482.0,64.0
21.04,1625449482.0,64.0
19.55,1625449482.0,64.0
18.01,1625449482.0,64.0
16.43,1625449482.0,64.0
14.76,1625449482.0,64.0
12.93,1625449482.0,64.0
10.8,1625449482.0,64.0
8.3,1625449482.0,64.0
5.39,1625449482.0,64.0
2.14,1625449482.0,64.0
-1.32,1625449482.0,64.0
-4.86,1625449482.0,64.0
-8.38,1625449482.0,64.0
-11.91,1625449482.0,64.0
-15.59,1625449482.0,64.0
-19.56,1625449482.0,64.0
-23.87,1625449482.0,64.0
-28.39,1625449482.0,64.0
-32.75,1625449482.0,64.0
-36.38,1625449482.0,64.0
-38.68,1625449482.0,64.0
-39.19,1625449482.0,64.0
-37.7,1625449482.0,64.0
-34.33,1625449482.0,64.0
-29.48,1625449482.0,64.0
-23.69,1625449482.0,64.0
-17.52,1625449482.0,64.0
-11.38,1625449482.0,64.0
-5.55,1625449482.0,64.0
-0.21,1625449482.0,64.0
4.48,1625449482.0,64.0
8.38,1625449482.0,64.0
11.43,1625449482.0,64.0
13.64,1625449482.0,64.0
15.16,1625449482.0,64.0
16.25,1625449482.0,64.0
17.2,1625449482.0,64.0
18.22,1625449482.0,64.0
19.36,1625449482.0,64.0
20.49,1625449482.0,64.0
21.43,1625449482.0,64.0
21.97,1625449482.0,64.0
22.01,1625449482.0,64.0
21.57,1625449482.0,64.0
20.78,1625449482.0,64.0
19.77,1625449482.0,64.0
18.62,1625449482.0,64.0
17.32,1625449482.0,64.0
15.79,1625449482.0,64.0
13.99,1625449482.0,64.0
11.93,1625449482.0,64.0
9.67,1625449482.0,64.0
7.35,1625449482.0,64.0
5.05,1625449482.0,64.0
2.79,1625449482.0,64.0
0.53,1625449482.0,64.0
-1.79,1625449482.0,64.0
-4.19,1625449482.0,64.0
-6.67,1625449482.0,64.0
-9.21,1625449482.0,64.0
-11.87,1625449482.0,64.0
-14.76,1625449482.0,64.0
-17.98,1625449482.0,64.0
-21.59,1625449482.0,64.0
-25.48,1625449482.0,64.0
-29.32,1625449482.0,64.0
-32.63,1625449482.0,64.0
-34.83,1625449482.0,64.0
-35.46,1625449482.0,64.0
-34.23,1625449482.0,64.0
-31.17,1625449482.0,64.0
-26.63,1625449482.0,64.0
-21.16,1625449482.0,64.0
-15.32,1625449482.0,64.0
-9.57,1625449482.0,64.0
-4.21,1625449482.0,64.0
0.62,1625449482.0,64.0
4.79,1625449482.0,64.0
8.16,1625449482.0,64.0
10.62,1625449482.0,64.0
12.17,1625449482.0,64.0
13.01,1625449482.0,64.0
13.53,1625449482.0,64.0
14.18,1625449482.0,64.0
15.26,1625449482.0,64.0
16.8,1625449482.0,64.0
18.54,1625449482.0,64.0
20.07,1625449482.0,64.0
21.03,1625449482.0,64.0
21.25,1625449482.0,64.0
20.76,1625449482.0,64.0
19.77,1625449482.0,64.0
18.49,1625449482.0,64.0
17.07,1625449482.0,64.0
15.52,1625449482.0,64.0
13.77,1625449482.0,64.0
11.77,1625449482.0,64.0
9.46,1625449482.0,64.0
6.87,1625449482.0,64.0
4.06,1625449482.0,64.0
1.12,1625449482.0,64.0
-1.87,1625449482.0,64.0
-4.82,1625449482.0,64.0
-7.66,1625449482.0,64.0
-10.4,1625449482.0,64.0
-13.13,1625449482.0,64.0
-16.04,1625449482.0,64.0
-19.39,1625449482.0,64.0
-23.37,1625449482.0,64.0
-27.97,1625449482.0,64.0
-32.95,1625449482.0,64.0
-37.76,1625449482.0,64.0
-41.73,1625449482.0,64.0
-44.2,1625449482.0,64.0
-44.72,1625449482.0,64.0
-43.18,1625449482.0,64.0
-39.8,1625449482.0,64.0
-35.01,1625449482.0,64.0
-29.31,1625449482.0,64.0
-23.12,1625449482.0,64.0
-16.69,1625449482.0,64.0
-10.18,1625449482.0,64.0
-3.71,1625449482.0,64.0
2.47,1625449482.0,64.0
8.05,1625449482.0,64.0
12.66,1625449482.0,64.0
16.09,1625449482.0,64.0
18.37,1625449482.0,64.0
19.82,1625449482.0,64.0
20.91,1625449482.0,64.0
22.07,1625449482.0,64.0
23.5,1625449482.0,64.0
25.06,1625449482.0,64.0
26.45,1625449482.0,64.0
27.29,1625449482.0,64.0
27.41,1625449482.0,64.0
26.84,1625449482.0,64.0
25.76,1625449482.0,64.0
24.43,1625449482.0,64.0
22.97,1625449482.0,64.0
21.4,1625449482.0,64.0
19.62,1625449482.0,64.0
17.54,1625449482.0,64.0
15.11,1625449482.0,64.0
12.42,1625449482.0,64.0
9.6,1625449482.0,64.0
6.77,1625449482.0,64.0
4.05,1625449482.0,64.0
1.4,1625449482.0,64.0
-1.22,1625449482.0,64.0
-3.97,1625449482.0,64.0
-6.98,1625449482.0,64.0
-10.34,1625449482.0,64.0
-14.07,1625449482.0,64.0
-18.09,1625449482.0,64.0
-22.26,1625449482.0,64.0
-26.45,1625449482.0,64.0
-30.48,1625449482.0,64.0
-34.12,1625449482.0,64.0
-37.05,1625449482.0,64.0
-38.88,1625449482.0,64.0
-39.21,1625449482.0,64.0
-37.8,1625449482.0,64.0
-34.67,1625449482.0,64.0
-30.11,1625449482.0,64.0
-24.56,1625449482.0,64.0
-18.47,1625449482.0,64.0
-12.19,1625449482.0,64.0
-5.88,1625449482.0,64.0
0.32,1625449482.0,64.0
6.19,1625449482.0,64.0
11.38,1625449482.0,64.0
15.53,1625449482.0,64.0
18.42,1625449482.0,64.0
20.14,1625449482.0,64.0
21.13,1625449482.0,64.0
21.93,1625449482.0,64.0
23.0,1625449482.0,64.0
24.45,1625449482.0,64.0
26.08,1625449482.0,64.0
27.47,1625449482.0,64.0
28.23,1625449482.0,64.0
28.23,1625449482.0,64.0
27.53,1625449482.0,64.0
26.38,1625449482.0,64.0
24.97,1625449482.0,64.0
23.39,1625449482.0,64.0
21.59,1625449482.0,64.0
19.48,1625449482.0,64.0
17.02,1625449482.0,64.0
14.25,1625449482.0,64.0
11.33,1625449482.0,64.0
8.41,1625449482.0,64.0
5.62,1625449482.0,64.0
3.01,1625449482.0,64.0
0.52,1625449482.0,64.0
-2.0,1625449482.0,64.0
-4.74,1625449482.0,64.0
-7.84,1625449482.0,64.0
-11.43,1625449482.0,64.0
-15.54,1625449482.0,64.0
-20.14,1625449482.0,64.0
-25.1,1625449482.0,64.0
-30.2,1625449482.0,64.0
-35.07,1625449482.0,64.0
-39.23,1625449482.0,64.0
-42.11,1625449482.0,64.0
-43.23,1625449482.0,64.0
-42.28,1625449482.0,64.0
-39.3,1625449482.0,64.0
-34.62,1625449482.0,64.0
-28.74,1625449482.0,64.0
-22.22,1625449482.0,64.0
-15.49,1625449482.0,64.0
-8.85,1625449482.0,64.0
-2.5,1625449482.0,64.0
3.34,1625449482.0,64.0
8.42,1625449482.0,64.0
12.51,1625449482.0,64.0
15.52,1625449482.0,64.0
17.58,1625449482.0,64.0
19.06,1625449482.0,64.0
20.37,1625449482.0,64.0
21.81,1625449482.0,64.0
23.47,1625449482.0,64.0
25.18,1625449482.0,64.0
26.63,1625449482.0,64.0
27.53,1625449482.0,64.0
27.72,1625449482.0,64.0
27.22,1625449482.0,64.0
26.2,1625449482.0,64.0
24.81,1625449482.0,64.0
23.19,1625449482.0,64.0
21.45,1625449482.0,64.0
19.59,1625449482.0,64.0
17.61,1625449482.0,64.0
15.47,1625449482.0,64.0
13.16,1625449482.0,64.0
10.7,1625449482.0,64.0
8.15,1625449482.0,64.0
5.58,1625449482.0,64.0
3.01,1625449482.0,64.0
0.41,1625449482.0,64.0
-2.33,1625449482.0,64.0
-5.38,1625449482.0,64.0
-8.83,1625449482.0,64.0
-12.74,1625449482.0,64.0
-17.05,1625449482.0,64.0
-21.67,1625449482.0,64.0
-26.41,1625449482.0,64.0
-31.04,1625449482.0,64.0
-35.25,1625449482.0,64.0
-38.6,1625449482.0,64.0
-40.62,1625449482.0,64.0
-40.89,1625449482.0,64.0
-39.19,1625449482.0,64.0
-35.6,1625449482.0,64.0
-30.5,1625449482.0,64.0
-24.42,1625449482.0,64.0
-17.91,1625449482.0,64.0
-11.37,1625449482.0,64.0
-5.02,1625449482.0,64.0
1.03,1625449482.0,64.0
6.63,1625449482.0,64.0
11.53,1625449482.0,64.0
15.41,1625449482.0,64.0
18.05,1625449482.0,64.0
19.47,1625449482.0,64.0
20.02,1625449482.0,64.0
20.27,1625449482.0,64.0
20.74,1625449482.0,64.0
21.72,1625449482.0,64.0
23.14,1625449482.0,64.0
24.64,1625449482.0,64.0
25.79,1625449482.0,64.0
26.28,1625449482.0,64.0
26.02,1625449482.0,64.0
25.11,1625449482.0,64.0
23.77,1625449482.0,64.0
22.14,1625449482.0,64.0
20.34,1625449482.0,64.0
18.43,1625449482.0,64.0
16.44,1625449482.0,64.0
14.42,1625449482.0,64.0
12.39,1625449482.0,64.0
10.35,1625449482.0,64.0
8.25,1625449482.0,64.0
6.05,1625449482.0,64.0
3.7,1625449482.0,64.0
1.2,1625449482.0,64.0
-1.44,1625449482.0,64.0
-4.24,1625449482.0,64.0
-7.22,1625449482.0,64.0
-10.44,1625449482.0,64.0
-13.97,1625449482.0,64.0
-17.82,1625449482.0,64.0
-21.95,1625449482.0,64.0
-26.21,1625449482.0,64.0
-30.31,1625449482.0,64.0
-33.82,1625449482.0,64.0
-36.21,1625449482.0,64.0
-36.99,1625449482.0,64.0
-35.85,1625449482.0,64.0
-32.79,1625449482.0,64.0
-28.11,1625449482.0,64.0
-22.3,1625449482.0,64.0
-15.96,1625449482.0,64.0
-9.57,1625449482.0,64.0
-3.52,1625449482.0,64.0
1.93,1625449482.0,64.0
6.56,1625449482.0,64.0
10.22,1625449482.0,64.0
12.84,1625449482.0,64.0
14.52,1625449482.0,64.0
15.56,1625449482.0,64.0
16.36,1625449482.0,64.0
17.33,1625449482.0,64.0
18.66,1625449482.0,64.0
20.28,1625449482.0,64.0
21.89,1625449482.0,64.0
23.09,1625449482.0,64.0
23.57,1625449482.0,64.0
23.22,1625449482.0,64.0
22.16,1625449482.0,64.0
20.65,1625449482.0,64.0
18.96,1625449482.0,64.0
17.25,1625449482.0,64.0
15.55,1625449482.0,64.0
13.82,1625449482.0,64.0
11.96,1625449482.0,64.0
9.88,1625449482.0,64.0
7.58,1625449482.0,64.0
5.08,1625449482.0,64.0
2.47,1625449482.0,64.0
-0.18,1625449482.0,64.0
-2.78,1625449482.0,64.0
-5.33,1625449482.0,64.0
-7.87,1625449482.0,64.0
-10.52,1625449482.0,64.0
-13.42,1625449482.0,64.0
-16.72,1625449482.0,64.0
-20.48,1625449482.0,64.0
-24.64,1625449482.0,64.0
-28.96,1625449482.0,64.0
-33.07,1625449482.0,64.0
-36.42,1625449482.0,64.0
-38.49,1625449482.0,64.0
-38.83,1625449482.0,64.0
-37.24,1625449482.0,64.0
-33.77,1625449482.0,64.0
-28.79,1625449482.0,64.0
-22.78,1625449482.0,64.0
-16.23,1625449482.0,64.0
-9.57,1625449482.0,64.0
-3.09,1625449482.0,64.0
2.96,1625449482.0,64.0
8.34,1625449482.0,64.0
12.84,1625449482.0,64.0
16.32,1625449482.0,64.0
18.8,1625449482.0,64.0
20.45,1625449482.0,64.0
21.58,1625449482.0,64.0
22.47,1625449482.0,64.0
23.37,1625449482.0,64.0
24.38,1625449482.0,64.0
25.45,1625449482.0,64.0
26.4,1625449482.0,64.0
26.98,1625449482.0,64.0
26.97,1625449482.0,64.0
26.23,1625449482.0,64.0
24.82,1625449482.0,64.0
22.89,1625449482.0,64.0
20.7,1625449482.0,64.0
18.42,1625449482.0,64.0
16.08,1625449482.0,64.0
13.61,1625449482.0,64.0
10.88,1625449482.0,64.0
7.87,1625449482.0,64.0
4.69,1625449482.0,64.0
1.51,1625449482.0,64.0
-1.54,1625449482.0,64.0
-4.47,1625449482.0,64.0
-7.42,1625449482.0,64.0
-10.55,1625449482.0,64.0
-13.94,1625449482.0,64.0
-17.64,1625449482.0,64.0
-21.63,1625449482.0,64.0
-25.95,1625449482.0,64.0
-30.57,1625449482.0,64.0
-35.33,1625449482.0,64.0
-39.79,1625449482.0,64.0
-43.27,1625449482.0,64.0
-45.06,1625449482.0,64.0
-44.63,1625449482.0,64.0
-41.93,1625449482.0,64.0
-37.3,1625449482.0,64.0
-31.37,1625449482.0,64.0
-24.79,1625449482.0,64.0
-17.97,1625449482.0,64.0
-11.08,1625449482.0,64.0
-4.15,1625449482.0,64.0
2.74,1625449482.0,64.0
9.32,1625449482.0,64.0
15.18,1625449482.0,64.0
19.9,1625449482.0,64.0
23.27,1625449482.0,64.0
25.4,1625449482.0,64.0
26.68,1625449482.0,64.0
27.6,1625449482.0,64.0
28.54,1625449482.0,64.0
29.63,1625449482.0,64.0
30.74,1625449482.0,64.0
31.59,1625449482.0,64.0
31.91,1625449482.0,64.0
31.6,1625449482.0,64.0
30.71,1625449482.0,64.0
29.42,1625449482.0,64.0
27.92,1625449482.0,64.0
26.3,1625449482.0,64.0
24.54,1625449482.0,64.0
22.5,1625449482.0,64.0
20.03,1625449482.0,64.0
17.03,1625449482.0,64.0
13.61,1625449482.0,64.0
10.0,1625449482.0,64.0
6.5,1625449482.0,64.0
3.31,1625449482.0,64.0
0.49,1625449482.0,64.0
-2.12,1625449482.0,64.0
-4.8,1625449482.0,64.0
-7.81,1625449482.0,64.0
-11.34,1625449482.0,64.0
-15.42,1625449482.0,64.0
-19.98,1625449482.0,64.0
-24.83,1625449482.0,64.0
-29.71,1625449482.0,64.0
-34.26,1625449482.0,64.0
-38.01,1625449482.0,64.0
-40.45,1625449482.0,64.0
-41.12,1625449482.0,64.0
-39.76,1625449482.0,64.0
-36.44,1625449482.0,64.0
-31.51,1625449482.0,64.0
-25.51,1625449482.0,64.0
-18.92,1625449482.0,64.0
-12.16,1625449482.0,64.0
-5.45,1625449482.0,64.0
1.01,1625449482.0,64.0
7.01,1625449482.0,64.0
12.26,1625449482.0,64.0
16.51,1625449482.0,64.0
19.63,1625449482.0,64.0
21.75,1625449482.0,64.0
23.17,1625449482.0,64.0
24.29,1625449482.0,64.0
25.44,1625449482.0,64.0
26.74,1625449482.0,64.0
28.09,1625449482.0,64.0
29.3,1625449482.0,64.0
30.1,1625449482.0,64.0
30.31,1625449482.0,64.0
29.82,1625449482.0,64.0
28.64,1625449482.0,64.0
26.91,1625449482.0,64.0
24.84,1625449482.0,64.0
22.67,1625449482.0,64.0
20.57,1625449482.0,64.0
18.59,1625449482.0,64.0
16.67,1625449482.0,64.0
14.63,1625449482.0,64.0
12.33,1625449482.0,64.0
9.72,1625449482.0,64.0
6.85,1625449482.0,64.0
3.85,1625449482.0,64.0
0.84,1625449482.0,64.0
-2.13,1625449482.0,64.0
-5.12,1625449482.0,64.0
-8.29,1625449482.0,64.0
-11.8,1625449482.0,64.0
-15.8,1625449482.0,64.0
-20.32,1625449482.0,64.0
-25.28,1625449482.0,64.0
-30.44,1625449482.0,64.0
-35.46,1625449482.0,64.0
-39.88,1625449482.0,64.0
-43.22,1625449482.0,64.0
-45.01,1625449482.0,64.0
-44.87,1625449482.0,64.0
-42.69,1625449482.0,64.0
-38.63,1625449482.0,64.0
-33.15,1625449482.0,64.0
-26.83,1625449482.0,64.0
-20.2,1625449482.0,64.0
-13.6,1625449482.0,64.0
-7.17,1625449482.0,64.0
-0.94,1625449482.0,64.0
4.98,1625449482.0,64.0
10.34,1625449482.0,64.0
14.85,1625449482.0,64.0
18.26,1625449482.0,64.0
20.62,1625449482.0,64.0
22.19,1625449482.0,64.0
23.41,1625449482.0,64.0
24.65,1625449482.0,64.0
26.08,1625449482.0,64.0
27.61,1625449482.0,64.0
28.99,1625449482.0,64.0
29.93,1625449482.0,64.0
30.3,1625449482.0,64.0
30.07,1625449482.0,64.0
29.36,1625449482.0,64.0
28.28,1625449482.0,64.0
26.94,1625449482.0,64.0
25.36,1625449482.0,64.0
23.54,1625449482.0,64.0
21.51,1625449482.0,64.0
19.28,1625449482.0,64.0
16.92,1625449482.0,64.0
14.48,1625449482.0,64.0
11.98,1625449482.0,64.0
9.4,1625449482.0,64.0
6.7,1625449482.0,64.0
3.85,1625449482.0,64.0
0.85,1625449482.0,64.0
-2.3,1625449482.0,64.0
-5.56,1625449482.0,64.0
-8.88,1625449482.0,64.0
-12.19,1625449482.0,64.0
-15.49,1625449482.0,64.0
-18.79,1625449482.0,64.0
-22.21,1625449482.0,64.0
-25.88,1625449482.0,64.0
-29.92,1625449482.0,64.0
-34.27,1625449482.0,64.0
-38.61,1625449482.0,64.0
-42.41,1625449482.0,64.0
-45.01,1625449482.0,64.0
-45.77,1625449482.0,64.0
-44.34,1625449482.0,64.0
-40.75,1625449482.0,64.0
-35.4,1625449482.0,64.0
-28.91,1625449482.0,64.0
-21.93,1625449482.0,64.0
-14.94,1625449482.0,64.0
-8.2,1625449482.0,64.0
-1.81,1625449482.0,64.0
4.15,1625449482.0,64.0
9.5,1625449482.0,64.0
14.0,1625449482.0,64.0
17.48,1625449482.0,64.0
19.96,1625449482.0,64.0
21.71,1625449482.0,64.0
23.13,1625449482.0,64.0
24.56,1625449482.0,64.0
26.11,1625449482.0,64.0
27.67,1625449482.0,64.0
28.96,1625449482.0,64.0
29.76,1625449482.0,64.0
30.04,1625449482.0,64.0
29.89,1625449482.0,64.0
29.5,1625449482.0,64.0
28.98,1625449482.0,64.0
28.34,1625449482.0,64.0
27.48,1625449482.0,64.0
26.24,1625449482.0,64.0
24.5,1625449482.0,64.0
22.26,1625449482.0,64.0
19.64,1625449482.0,64.0
16.87,1625449482.0,64.0
14.2,1625449482.0,64.0
11.8,1625449482.0,64.0
9.67,1625449482.0,64.0
7.64,1625449482.0,64.0
5.49,1625449482.0,64.0
3.06,1625449482.0,64.0
0.32,1625449482.0,64.0
-2.62,1625449482.0,64.0
-5.6,1625449482.0,64.0
-8.51,1625449482.0,64.0
-11.34,1625449482.0,64.0
-14.19,1625449482.0,64.0
-17.24,1625449482.0,64.0
-20.59,1625449482.0,64.0
-24.32,1625449482.0,64.0
-28.38,1625449482.0,64.0
-32.59,1625449482.0,64.0
-36.65,1625449482.0,64.0
-40.08,1625449482.0,64.0
-42.37,1625449482.0,64.0
-43.06,1625449482.0,64.0
-41.89,1625449482.0,64.0
-38.89,1625449482.0,64.0
-34.36,1625449482.0,64.0
-28.77,1625449482.0,64.0
-22.6,1625449482.0,64.0
-16.3,1625449482.0,64.0
-10.17,1625449482.0,64.0
-4.45,1625449482.0,64.0
0.67,1625449482.0,64.0
5.01,1625449482.0,64.0
8.49,1625449482.0,64.0
11.13,1625449482.0,64.0
13.1,1625449482.0,64.0
14.66,1625449482.0,64.0
16.11,1625449482.0,64.0
17.6,1625449482.0,64.0
19.17,1625449482.0,64.0
20.71,1625449482.0,64.0
22.06,1625449482.0,64.0
23.12,1625449482.0,64.0
23.84,1625449482.0,64.0
24.26,1625449482.0,64.0
24.36,1625449482.0,64.0
24.14,1625449482.0,64.0
23.56,1625449482.0,64.0
22.64,1625449482.0,64.0
21.43,1625449482.0,64.0
20.02,1625449482.0,64.0
18.48,1625449482.0,64.0
16.83,1625449482.0,64.0
15.06,1625449482.0,64.0
13.13,1625449482.0,64.0
11.05,1625449482.0,64.0
8.89,1625449482.0,64.0
6.74,1625449482.0,64.0
4.68,1625449482.0,64.0
2.66,1625449482.0,64.0
0.56,1625449482.0,64.0
-1.78,1625449482.0,64.0
-4.49,1625449482.0,64.0
-7.64,1625449482.0,64.0
-11.14,1625449482.0,64.0
-14.88,1625449482.0,64.0
-18.77,1625449482.0,64.0
-22.74,1625449482.0,64.0
-26.78,1625449482.0,64.0
-30.73,1625449482.0,64.0
-34.27,1625449482.0,64.0
-36.9,1625449482.0,64.0
-38.04,1625449482.0,64.0
-37.3,1625449482.0,64.0
-34.58,1625449482.0,64.0
-30.18,1625449482.0,64.0
-24.63,1625449482.0,64.0
-18.57,1625449482.0,64.0
-12.51,1625449482.0,64.0
-6.83,1625449482.0,64.0
-1.75,1625449482.0,64.0
2.59,1625449482.0,64.0
6.11,1625449482.0,64.0
8.77,1625449482.0,64.0
10.67,1625449482.0,64.0
12.03,1625449482.0,64.0
13.09,1625449482.0,64.0
14.1,1625449482.0,64.0
15.19,1625449482.0,64.0
16.39,1625449482.0,64.0
17.61,1625449482.0,64.0
18.77,1625449482.0,64.0
19.74,1625449482.0,64.0
20.39,1625449482.0,64.0
20.65,1625449482.0,64.0
20.43,1625449482.0,64.0
19.7,1625449482.0,64.0
18.46,1625449482.0,64.0
16.77,1625449482.0,64.0
14.73,1625449482.0,64.0
12.5,1625449482.0,64.0
10.31,1625449482.0,64.0
8.42,1625449482.0,64.0
7.09,1625449482.0,64.0
6.42,1625449482.0,64.0
6.3,1625449482.0,64.0
6.36,1625449482.0,64.0
6.08,1625449482.0,64.0
4.89,1625449482.0,64.0
2.39,1625449482.0,64.0
-1.6,1625449482.0,64.0
-6.94,1625449482.0,64.0
-13.24,1625449482.0,64.0
-20.05,1625449482.0,64.0
-26.89,1625449482.0,64.0
-33.41,1625449482.0,64.0
-39.34,1625449482.0,64.0
-44.37,1625449482.0,64.0
-48.17,1625449482.0,64.0
-50.37,1625449482.0,64.0
-50.67,1625449482.0,64.0
-48.99,1625449482.0,64.0
-45.53,1625449482.0,64.0
-40.76,1625449482.0,64.0
-35.22,1625449482.0,64.0
-29.34,1625449482.0,64.0
-23.34,1625449482.0,64.0
-17.24,1625449482.0,64.0
-11.05,1625449482.0,64.0
-4.89,1625449482.0,64.0
0.92,1625449482.0,64.0
5.91,1625449482.0,64.0
9.73,1625449482.0,64.0
12.26,1625449482.0,64.0
13.71,1625449482.0,64.0
14.55,1625449482.0,64.0
15.32,1625449482.0,64.0
16.42,1625449482.0,64.0
17.99,1625449482.0,64.0
19.84,1625449482.0,64.0
21.62,1625449482.0,64.0
22.92,1625449482.0,64.0
23.54,1625449482.0,64.0
23.43,1625449482.0,64.0
22.73,1625449482.0,64.0
21.64,1625449482.0,64.0
20.29,1625449482.0,64.0
18.7,1625449482.0,64.0
16.86,1625449482.0,64.0
14.73,1625449482.0,64.0
12.35,1625449482.0,64.0
9.8,1625449482.0,64.0
7.2,1625449482.0,64.0
4.64,1625449482.0,64.0
2.11,1625449482.0,64.0
-0.41,1625449482.0,64.0
-3.03,1625449482.0,64.0
-5.83,1625449482.0,64.0
-8.85,1625449482.0,64.0
-12.11,1625449482.0,64.0
-15.61,1625449482.0,64.0
-19.31,1625449482.0,64.0
-23.21,1625449482.0,64.0
-27.3,1625449482.0,64.0
-31.55,1625449482.0,64.0
-35.81,1625449482.0,64.0
-39.78,1625449482.0,64.0
-42.95,1625449482.0,64.0
-44.75,1625449482.0,64.0
-44.71,1625449482.0,64.0
-42.66,1625449482.0,64.0
-38.8,1625449482.0,64.0
-33.65,1625449482.0,64.0
-27.79,1625449482.0,64.0
-21.68,1625449482.0,64.0
-15.53,1625449482.0,64.0
-9.36,1625449482.0,64.0
-3.17,1625449482.0,64.0
2.9,1625449482.0,64.0
8.52,1625449482.0,64.0
13.28,1625449482.0,64.0
16.94,1625449482.0,64.0
19.51,1625449482.0,64.0
21.3,1625449482.0,64.0
22.76,1625449482.0,64.0
24.28,1625449482.0,64.0
26.0,1625449482.0,64.0
27.82,1625449482.0,64.0
29.47,1625449482.0,64.0
30.65,1625449482.0,64.0
31.18,1625449482.0,64.0
31.03,1625449482.0,64.0
30.28,1625449482.0,64.0
29.09,1625449482.0,64.0
27.56,1625449482.0,64.0
25.73,1625449482.0,64.0
23.61,1625449482.0,64.0
21.17,1625449482.0,64.0
18.46,1625449482.0,64.0
15.55,1625449482.0,64.0
12.54,1625449482.0,64.0
9.55,1625449482.0,64.0
6.64,1625449482.0,64.0
3.85,1625449482.0,64.0
1.19,1625449482.0,64.0
-1.36,1625449482.0,64.0
-3.88,1625449482.0,64.0
-6.52,1625449482.0,64.0
-9.45,1625449482.0,64.0
-12.85,1625449482.0,64.0
-16.85,1625449482.0,64.0
-21.42,1625449482.0,64.0
-26.37,1625449482.0,64.0
-31.34,1625449482.0,64.0
-35.87,1625449482.0,64.0
-39.43,1625449482.0,64.0
-41.56,1625449482.0,64.0
-41.94,1625449482.0,64.0
-40.47,1625449482.0,64.0
-37.28,1625449482.0,64.0
-32.7,1625449482.0,64.0
-27.17,1625449482.0,64.0
-21.05,1625449482.0,64.0
-14.63,1625449482.0,64.0
-8.1,1625449482.0,64.0
-1.68,1625449482.0,64.0
4.36,1625449482.0,64.0
9.64,1625449482.0,64.0
13.85,1625449482.0,64.0
16.84,1625449482.0,64.0
18.74,1625449482.0,64.0
19.93,1625449482.0,64.0
20.9,1625449482.0,64.0
22.04,1625449482.0,64.0
23.49,1625449482.0,64.0
25.15,1625449482.0,64.0
26.74,1625449482.0,64.0
27.97,1625449482.0,64.0
28.65,1625449482.0,64.0
28.72,1625449482.0,64.0
28.22,1625449482.0,64.0
27.23,1625449482.0,64.0
25.81,1625449482.0,64.0
24.01,1625449482.0,64.0
21.87,1625449482.0,64.0
19.46,1625449482.0,64.0
16.85,1625449482.0,64.0
14.15,1625449482.0,64.0
11.46,1625449482.0,64.0
8.85,1625449482.0,64.0
6.37,1625449482.0,64.0
4.0,1625449482.0,64.0
1.68,1625449482.0,64.0
-0.74,1625449482.0,64.0
-3.39,1625449482.0,64.0
-6.4,1625449482.0,64.0
-9.79,1625449482.0,64.0
-13.49,1625449482.0,64.0
-17.43,1625449482.0,64.0
-21.57,1625449482.0,64.0
-25.92,1625449482.0,64.0
-30.46,1625449482.0,64.0
-34.94,1625449482.0,64.0
-38.88,1625449482.0,64.0
-41.59,1625449482.0,64.0
-42.42,1625449482.0,64.0
-41.02,1625449482.0,64.0
-37.48,1625449482.0,64.0
-32.31,1625449482.0,64.0
-26.19,1625449482.0,64.0
-19.72,1625449482.0,64.0
-13.27,1625449482.0,64.0
-7.02,1625449482.0,64.0
-1.11,1625449482.0,64.0
4.26,1625449482.0,64.0
8.78,1625449482.0,64.0
12.24,1625449482.0,64.0
14.64,1625449482.0,64.0
16.25,1625449482.0,64.0
17.52,1625449482.0,64.0
18.9,1625449482.0,64.0
20.59,1625449482.0,64.0
22.55,1625449482.0,64.0
24.5,1625449482.0,64.0
26.09,1625449482.0,64.0
27.1,1625449482.0,64.0
27.5,1625449482.0,64.0
27.46,1625449482.0,64.0
27.19,1625449482.0,64.0
26.83,1625449482.0,64.0
26.33,1625449482.0,64.0
25.51,1625449482.0,64.0
24.14,1625449482.0,64.0
22.1,1625449482.0,64.0
19.43,1625449482.0,64.0
16.39,1625449482.0,64.0
13.28,1625449482.0,64.0
10.37,1625449482.0,64.0
7.73,1625449482.0,64.0
5.28,1625449482.0,64.0
2.83,1625449482.0,64.0
0.21,1625449482.0,64.0
-2.63,1625449482.0,64.0
-5.67,1625449482.0,64.0
-8.83,1625449482.0,64.0
-12.12,1625449482.0,64.0
-15.64,1625449482.0,64.0
-19.53,1625449482.0,64.0
-23.83,1625449482.0,64.0
-28.37,1625449482.0,64.0
-32.67,1625449482.0,64.0
-36.06,1625449482.0,64.0
-37.86,1625449482.0,64.0
-37.63,1625449482.0,64.0
-35.31,1625449482.0,64.0
-31.17,1625449482.0,64.0
-25.72,1625449482.0,64.0
-19.53,1625449482.0,64.0
-13.05,1625449482.0,64.0
-6.63,1625449482.0,64.0
-0.54,1625449482.0,64.0
4.96,1625449482.0,64.0
9.66,1625449482.0,64.0
13.37,1625449482.0,64.0
16.06,1625449482.0,64.0
17.87,1625449482.0,64.0
19.07,1625449482.0,64.0
19.99,1625449482.0,64.0
20.89,1625449482.0,64.0
21.9,1625449482.0,64.0
23.0,1625449482.0,64.0
24.03,1625449482.0,64.0
24.81,1625449482.0,64.0
25.19,1625449482.0,64.0
25.06,1625449482.0,64.0
24.43,1625449482.0,64.0
23.35,1625449482.0,64.0
21.92,1625449482.0,64.0
20.25,1625449482.0,64.0
18.41,1625449482.0,64.0
16.44,1625449482.0,64.0
14.36,1625449482.0,64.0
12.21,1625449482.0,64.0
10.05,1625449482.0,64.0
7.97,1625449482.0,64.0
6.04,1625449482.0,64.0
4.27,1625449482.0,64.0
2.6,1625449482.0,64.0
0.9,1625449482.0,64.0
-0.98,1625449482.0,64.0
-3.15,1625449482.0,64.0
-5.67,1625449482.0,64.0
-8.59,1625449482.0,64.0
-11.91,1625449482.0,64.0
-15.67,1625449482.0,64.0
-19.83,1625449482.0,64.0
-24.21,1625449482.0,64.0
-28.42,1625449482.0,64.0
-31.86,1625449482.0,64.0
-33.87,1625449482.0,64.0
-34.0,1625449482.0,64.0
-32.11,1625449482.0,64.0
-28.5,1625449482.0,64.0
-23.69,1625449482.0,64.0
-18.26,1625449482.0,64.0
-12.64,1625449482.0,64.0
-7.08,1625449482.0,64.0
-1.76,1625449482.0,64.0
3.13,1625449482.0,64.0
7.27,1625449482.0,64.0
10.38,1625449482.0,64.0
12.33,1625449482.0,64.0
13.29,1625449482.0,64.0
13.77,1625449482.0,64.0
14.36,1625449482.0,64.0
15.52,1625449482.0,64.0
17.35,1625449482.0,64.0
19.59,1625449482.0,64.0
21.75,1625449482.0,64.0
23.33,1625449482.0,64.0
24.07,1625449482.0,64.0
23.93,1625449482.0,64.0
23.08,1625449482.0,64.0
21.75,1625449482.0,64.0
20.09,1625449482.0,64.0
18.17,1625449482.0,64.0
16.01,1625449482.0,64.0
13.65,1625449482.0,64.0
11.21,1625449482.0,64.0
8.81,1625449482.0,64.0
6.56,1625449482.0,64.0
4.48,1625449482.0,64.0
2.48,1625449482.0,64.0
0.4,1625449482.0,64.0
-1.92,1625449482.0,64.0
-4.63,1625449482.0,64.0
-7.77,1625449482.0,64.0
-11.29,1625449482.0,64.0
-15.1,1625449482.0,64.0
-19.08,1625449482.0,64.0
-23.09,1625449482.0,64.0
-26.88,1625449482.0,64.0
-30.1,1625449482.0,64.0
-32.22,1625449482.0,64.0
-32.76,1625449482.0,64.0
-31.37,1625449482.0,64.0
-28.05,1625449482.0,64.0
-23.2,1625449482.0,64.0
-17.49,1625449482.0,64.0
-11.58,1625449482.0,64.0
-5.95,1625449482.0,64.0
-0.8,1625449482.0,64.0
3.83,1625449482.0,64.0
7.87,1625449482.0,64.0
11.17,1625449482.0,64.0
13.53,1625449482.0,64.0
14.87,1625449482.0,64.0
15.38,1625449482.0,64.0
15.51,1625449482.0,64.0
15.77,1625449482.0,64.0
16.49,1625449482.0,64.0
17.65,1625449482.0,64.0
18.94,1625449482.0,64.0
19.96,1625449482.0,64.0
20.47,1625449482.0,64.0
20.46,1625449482.0,64.0
20.16,1625449482.0,64.0
19.81,1625449482.0,64.0
19.54,1625449482.0,64.0
19.31,1625449482.0,64.0
18.94,1625449482.0,64.0
18.25,1625449482.0,64.0
17.09,1625449482.0,64.0
15.5,1625449482.0,64.0
13.62,1625449482.0,64.0
11.62,1625449482.0,64.0
9.61,1625449482.0,64.0
7.53,1625449482.0,64.0
5.14,1625449482.0,64.0
2.14,1625449482.0,64.0
-1.77,1625449482.0,64.0
-6.72,1625449482.0,64.0
-12.62,1625449482.0,64.0
-19.14,1625449482.0,64.0
-25.71,1625449482.0,64.0
-31.71,1625449482.0,64.0
-36.5,1625449482.0,64.0
-39.55,1625449482.0,64.0
-40.57,1625449482.0,64.0
-39.5,1625449482.0,64.0
-36.57,1625449482.0,64.0
-32.17,1625449482.0,64.0
-26.8,1625449482.0,64.0
-20.87,1625449482.0,64.0
-14.71,1625449482.0,64.0
-8.5,1625449482.0,64.0
-2.44,1625449482.0,64.0
3.25,1625449482.0,64.0
8.29,1625449482.0,64.0
12.43,1625449482.0,64.0
15.52,1625449482.0,64.0
17.63,1625449482.0,64.0
18.92,1625449482.0,64.0
19.63,1625449482.0,64.0
19.93,1625449482.0,64.0
19.89,1625449482.0,64.0
19.45,1625449482.0,64.0
18.59,1625449482.0,64.0
17.35,1625449482.0,64.0
15.83,1625449482.0,64.0
14.21,1625449482.0,64.0
12.58,1625449482.0,64.0
10.92,1625449482.0,64.0
9.12,1625449482.0,64.0
7.01,1625449482.0,64.0
4.52,1625449482.0,64.0
1.7,1625449482.0,64.0
-1.29,1625449482.0,64.0
-4.27,1625449482.0,64.0
-7.09,1625449482.0,64.0
-9.72,1625449482.0,64.0
-12.2,1625449482.0,64.0
-14.61,1625449482.0,64.0
-17.01,1625449482.0,64.0
-19.45,1625449482.0,64.0
-22.06,1625449482.0,64.0
-25.0,1625449482.0,64.0
-28.4,1625449482.0,64.0
-32.2,1625449482.0,64.0
-36.08,1625449482.0,64.0
-39.41,1625449482.0,64.0
-41.47,1625449482.0,64.0
-41.69,1625449482.0,64.0
-39.84,1625449482.0,64.0
-36.11,1625449482.0,64.0
-30.95,1625449482.0,64.0
-24.88,1625449482.0,64.0
-18.27,1625449482.0,64.0
-11.33,1625449482.0,64.0
-4.21,1625449482.0,64.0
2.87,1625449482.0,64.0
9.53,1625449482.0,64.0
15.31,1625449482.0,64.0
19.83,1625449482.0,64.0
22.96,1625449482.0,64.0
24.92,1625449482.0,64.0
26.15,1625449482.0,64.0
27.14,1625449482.0,64.0
28.24,1625449482.0,64.0
29.55,1625449482.0,64.0
30.92,1625449482.0,64.0
32.08,1625449482.0,64.0
32.79,1625449482.0,64.0
32.9,1625449482.0,64.0
32.4,1625449482.0,64.0
31.39,1625449482.0,64.0
29.98,1625449482.0,64.0
28.24,1625449482.0,64.0
26.16,1625449482.0,64.0
23.7,1625449482.0,64.0
20.82,1625449482.0,64.0
17.56,1625449482.0,64.0
14.08,1625449482.0,64.0
10.55,1625449482.0,64.0
7.18,1625449482.0,64.0
4.07,1625449482.0,64.0
1.21,1625449482.0,64.0
-1.55,1625449482.0,64.0
-4.43,1625449482.0,64.0
-7.62,1625449482.0,64.0
-11.25,1625449482.0,64.0
-15.38,1625449482.0,64.0
-19.94,1625449482.0,64.0
-24.75,1625449482.0,64.0
-29.46,1625449482.0,64.0
-33.61,1625449482.0,64.0
-36.62,1625449482.0,64.0
-37.99,1625449482.0,64.0
-37.41,1625449482.0,64.0
-34.91,1625449482.0,64.0
-30.81,1625449482.0,64.0
-25.61,1625449482.0,64.0
-19.84,1625449482.0,64.0
-13.81,1625449482.0,64.0
-7.71,1625449482.0,64.0
-1.62,1625449482.0,64.0
4.33,1625449482.0,64.0
9.85,1625449482.0,64.0
14.61,1625449482.0,64.0
18.34,1625449482.0,64.0
20.98,1625449482.0,64.0
22.72,1625449482.0,64.0
23.95,1625449482.0,64.0
24.99,1625449482.0,64.0
26.03,1625449482.0,64.0
26.98,1625449482.0,64.0
27.61,1625449482.0,64.0
27.66,1625449482.0,64.0
27.02,1625449482.0,64.0
25.81,1625449482.0,64.0
24.25,1625449482.0,64.0
22.66,1625449482.0,64.0
21.2,1625449482.0,64.0
19.89,1625449482.0,64.0
18.59,1625449482.0,64.0
17.06,1625449482.0,64.0
15.13,1625449482.0,64.0
12.77,1625449482.0,64.0
10.08,1625449482.0,64.0
7.31,1625449482.0,64.0
4.67,1625449482.0,64.0
2.25,1625449482.0,64.0
-0.02,1625449482.0,64.0
-2.32,1625449482.0,64.0
-4.87,1625449482.0,64.0
-7.78,1625449482.0,64.0
-11.09,1625449482.0,64.0
-14.77,1625449482.0,64.0
-18.76,1625449482.0,64.0
-23.02,1625449482.0,64.0
-27.39,1625449482.0,64.0
-31.57,1625449482.0,64.0
-35.05,1625449482.0,64.0
-37.27,1625449482.0,64.0
-37.74,1625449482.0,64.0
-36.28,1625449482.0,64.0
-33.08,1625449482.0,64.0
-28.55,1625449482.0,64.0
-23.2,1625449482.0,64.0
-17.41,1625449482.0,64.0
-11.39,1625449482.0,64.0
-5.22,1625449482.0,64.0
1.0,1625449482.0,64.0
7.09,1625449482.0,64.0
12.79,1625449482.0,64.0
17.9,1625449482.0,64.0
22.32,1625449482.0,64.0
26.07,1625449482.0,64.0
29.26,1625449482.0,64.0
31.88,1625449482.0,64.0
33.85,1625449482.0,64.0
34.97,1625449482.0,64.0
35.11,1625449482.0,64.0
34.28,1625449482.0,64.0
32.69,1625449482.0,64.0
30.64,1625449482.0,64.0
28.43,1625449482.0,64.0
26.22,1625449482.0,64.0
24.01,1625449482.0,64.0
21.7,1625449482.0,64.0
19.19,1625449482.0,64.0
16.46,1625449482.0,64.0
13.58,1625449482.0,64.0
10.65,1625449482.0,64.0
7.73,1625449482.0,64.0
4.81,1625449482.0,64.0
1.87,1625449482.0,64.0
-1.13,1625449482.0,64.0
-4.11,1625449482.0,64.0
-7.04,1625449482.0,64.0
-9.88,1625449482.0,64.0
-12.74,1625449482.0,64.0
-15.77,1625449482.0,64.0
-19.14,1625449482.0,64.0
-22.98,1625449482.0,64.0
-27.3,1625449482.0,64.0
-31.95,1625449482.0,64.0
-36.66,1625449482.0,64.0
-41.04,1625449482.0,64.0
-44.66,1625449482.0,64.0
-47.05,1625449482.0,64.0
-47.79,1625449482.0,64.0
-46.67,1625449482.0,64.0
-43.72,1625449482.0,64.0
-39.23,1625449482.0,64.0
-33.63,1625449482.0,64.0
-27.36,1625449482.0,64.0
-20.75,1625449482.0,64.0
-14.0,1625449482.0,64.0
-7.26,1625449482.0,64.0
-0.77,1625449482.0,64.0
5.12,1625449482.0,64.0
10.0,1625449482.0,64.0
13.61,1625449482.0,64.0
15.95,1625449482.0,64.0
17.32,1625449482.0,64.0
18.23,1625449482.0,64.0
19.16,1625449482.0,64.0
20.42,1625449482.0,64.0
22.02,1625449482.0,64.0
23.75,1625449482.0,64.0
25.3,1625449482.0,64.0
26.37,1625449482.0,64.0
26.8,1625449482.0,64.0
26.55,1625449482.0,64.0
25.7,1625449482.0,64.0
24.32,1625449482.0,64.0
22.49,1625449482.0,64.0
20.29,1625449482.0,64.0
17.78,1625449482.0,64.0
15.05,1625449482.0,64.0
12.24,1625449482.0,64.0
9.51,1625449482.0,64.0
6.99,1625449482.0,64.0
4.73,1625449482.0,64.0
2.67,1625449482.0,64.0
0.69,1625449482.0,64.0
-1.35,1625449482.0,64.0
-3.61,1625449482.0,64.0
-6.16,1625449482.0,64.0
-9.08,1625449482.0,64.0
-12.4,1625449482.0,64.0
-16.13,1625449482.0,64.0
-20.14,1625449482.0,64.0
-24.18,1625449482.0,64.0
-27.78,1625449482.0,64.0
-30.4,1625449482.0,64.0
-31.56,1625449482.0,64.0
-30.98,1625449482.0,64.0
-28.67,1625449482.0,64.0
-24.9,1625449482.0,64.0
-20.09,1625449482.0,64.0
-14.62,1625449482.0,64.0
-8.86,1625449482.0,64.0
-3.09,1625449482.0,64.0
2.39,1625449482.0,64.0
7.26,1625449482.0,64.0
11.24,1625449482.0,64.0
14.14,1625449482.0,64.0
16.01,1625449482.0,64.0
17.12,1625449482.0,64.0
17.84,1625449482.0,64.0
18.54,1625449482.0,64.0
19.41,1625449482.0,64.0
20.43,1625449482.0,64.0
21.44,1625449482.0,64.0
22.26,1625449482.0,64.0
22.78,1625449482.0,64.0
23.01,1625449482.0,64.0
22.99,1625449482.0,64.0
22.75,1625449482.0,64.0
22.2,1625449482.0,64.0
21.2,1625449482.0,64.0
19.65,1625449482.0,64.0
17.5,1625449482.0,64.0
14.89,1625449482.0,64.0
12.03,1625449482.0,64.0
9.14,1625449482.0,64.0
6.37,1625449482.0,64.0
3.74,1625449482.0,64.0
1.2,1625449482.0,64.0
-1.39,1625449482.0,64.0
-4.1,1625449482.0,64.0
-6.98,1625449482.0,64.0
-10.04,1625449482.0,64.0
-13.29,1625449482.0,64.0
-16.77,1625449482.0,64.0
-20.51,1625449482.0,64.0
-24.47,1625449482.0,64.0
-28.45,1625449482.0,64.0
-32.03,1625449482.0,64.0
-34.66,1625449482.0,64.0
-35.8,1625449482.0,64.0
-35.12,1625449482.0,64.0
-32.57,1625449482.0,64.0
-28.43,1625449482.0,64.0
-23.2,1625449482.0,64.0
-17.37,1625449482.0,64.0
-11.39,1625449482.0,64.0
-5.61,1625449482.0,64.0
-0.29,1625449482.0,64.0
4.29,1625449482.0,64.0
7.91,1625449482.0,64.0
10.44,1625449482.0,64.0
11.94,1625449482.0,64.0
12.67,1625449482.0,64.0
13.04,1625449482.0,64.0
13.43,1625449482.0,64.0
14.11,1625449482.0,64.0
15.09,1625449482.0,64.0
16.22,1625449482.0,64.0
17.25,1625449482.0,64.0
18.0,1625449482.0,64.0
18.35,1625449482.0,64.0
18.27,1625449482.0,64.0
17.83,1625449482.0,64.0
17.05,1625449482.0,64.0
15.97,1625449482.0,64.0
14.6,1625449482.0,64.0
12.89,1625449482.0,64.0
10.87,1625449482.0,64.0
8.51,1625449482.0,64.0
5.84,1625449482.0,64.0
2.9,1625449482.0,64.0
-0.22,1625449482.0,64.0
-3.41,1625449482.0,64.0
-6.54,1625449482.0,64.0
-9.5,1625449482.0,64.0
-12.29,1625449482.0,64.0
-15.02,1625449482.0,64.0
-17.87,1625449482.0,64.0
-21.01,1625449482.0,64.0
-24.43,1625449482.0,64.0
-27.89,1625449482.0,64.0
-30.87,1625449482.0,64.0
-32.73,1625449482.0,64.0
-32.92,1625449482.0,64.0
-31.19,1625449482.0,64.0
-27.69,1625449482.0,64.0
-22.88,1625449482.0,64.0
-17.34,1625449482.0,64.0
-11.56,1625449482.0,64.0
-5.85,1625449482.0,64.0
-0.38,1625449482.0,64.0
4.68,1625449482.0,64.0
9.11,1625449482.0,64.0
12.61,1625449482.0,64.0
14.95,1625449482.0,64.0
16.11,1625449482.0,64.0
16.39,1625449482.0,64.0
16.27,1625449482.0,64.0
16.23,1625449482.0,64.0
16.54,1625449482.0,64.0
17.18,1625449482.0,64.0
17.88,1625449482.0,64.0
18.33,1625449482.0,64.0
18.32,1625449482.0,64.0
17.88,1625449482.0,64.0
17.11,1625449482.0,64.0
16.17,1625449482.0,64.0
15.04,1625449482.0,64.0
13.61,1625449482.0,64.0
11.72,1625449482.0,64.0
9.33,1625449482.0,64.0
6.58,1625449482.0,64.0
3.73,1625449482.0,64.0
1.06,1625449482.0,64.0
-1.33,1625449482.0,64.0
-3.53,1625449482.0,64.0
-5.73,1625449482.0,64.0
-8.17,1625449482.0,64.0
-11.02,1625449482.0,64.0
-14.36,1625449482.0,64.0
-18.2,1625449482.0,64.0
-22.47,1625449482.0,64.0
-27.03,1625449482.0,64.0
-31.55,1625449482.0,64.0
-35.57,1625449482.0,64.0
-38.52,1625449482.0,64.0
-39.87,1625449482.0,64.0
-39.3,1625449482.0,64.0
-36.79,1625449482.0,64.0
-32.6,1625449482.0,64.0
-27.17,1625449482.0,64.0
-21.03,1625449482.0,64.0
-14.64,1625449482.0,64.0
-8.36,1625449482.0,64.0
-2.42,1625449482.0,64.0
3.02,1625449482.0,64.0
7.86,1625449482.0,64.0
12.0,1625449482.0,64.0
15.39,1625449482.0,64.0
18.0,1625449482.0,64.0
19.84,1625449482.0,64.0
21.0,1625449482.0,64.0
21.63,1625449482.0,64.0
21.94,1625449482.0,64.0
22.12,1625449482.0,64.0
22.3,1625449482.0,64.0
22.51,1625449482.0,64.0
22.68,1625449482.0,64.0
22.64,1625449482.0,64.0
22.28,1625449482.0,64.0
21.52,1625449482.0,64.0
20.38,1625449482.0,64.0
18.95,1625449482.0,64.0
17.25,1625449482.0,64.0
15.25,1625449482.0,64.0
12.85,1625449482.0,64.0
9.97,1625449482.0,64.0
6.63,1625449482.0,64.0
3.04,1625449482.0,64.0
-0.51,1625449482.0,64.0
-3.75,1625449482.0,64.0
-6.6,1625449482.0,64.0
-9.19,1625449482.0,64.0
-11.85,1625449482.0,64.0
-14.95,1625449482.0,64.0
-18.73,1625449482.0,64.0
-23.26,1625449482.0,64.0
-28.33,1625449482.0,64.0
-33.5,1625449482.0,64.0
-38.19,1625449482.0,64.0
-41.74,1625449482.0,64.0
-43.6,1625449482.0,64.0
-43.43,1625449482.0,64.0
-41.24,1625449482.0,64.0
-37.33,1625449482.0,64.0
-32.2,1625449482.0,64.0
-26.37,1625449482.0,64.0
-20.18,1625449482.0,64.0
-13.82,1625449482.0,64.0
-7.34,1625449482.0,64.0
-0.82,1625449482.0,64.0
5.53,1625449482.0,64.0
11.35,1625449482.0,64.0
16.31,1625449482.0,64.0
20.17,1625449482.0,64.0
22.94,1625449482.0,64.0
24.8,1625449482.0,64.0
26.05,1625449482.0,64.0
26.97,1625449482.0,64.0
27.73,1625449482.0,64.0
28.37,1625449482.0,64.0
28.88,1625449482.0,64.0
29.21,1625449482.0,64.0
29.32,1625449482.0,64.0
29.14,1625449482.0,64.0
28.63,1625449482.0,64.0
27.74,1625449482.0,64.0
26.39,1625449482.0,64.0
24.58,1625449482.0,64.0
22.29,1625449482.0,64.0
19.59,1625449482.0,64.0
16.54,1625449482.0,64.0
13.26,1625449482.0,64.0
9.92,1625449482.0,64.0
6.7,1625449482.0,64.0
3.73,1625449482.0,64.0
1.11,1625449482.0,64.0
-1.23,1625449482.0,64.0
-3.5,1625449482.0,64.0
-6.01,1625449482.0,64.0
-9.05,1625449482.0,64.0
-12.78,1625449482.0,64.0
-17.25,1625449482.0,64.0
-22.31,1625449482.0,64.0
-27.75,1625449482.0,64.0
-33.28,1625449482.0,64.0
-38.49,1625449482.0,64.0
-42.87,1625449482.0,64.0
-45.82,1625449482.0,64.0
-46.79,1625449482.0,64.0
-45.47,1625449482.0,64.0
-41.88,1625449482.0,64.0
-36.46,1625449482.0,64.0
-29.83,1625449482.0,64.0
-22.63,1625449482.0,64.0
-15.31,1625449482.0,64.0
-8.03,1625449482.0,64.0
-0.83,1625449482.0,64.0
6.24,1625449482.0,64.0
12.98,1625449482.0,64.0
19.0,1625449482.0,64.0
23.92,1625449482.0,64.0
27.52,1625449482.0,64.0
29.86,1625449482.0,64.0
31.28,1625449482.0,64.0
32.25,1625449482.0,64.0
33.18,1625449482.0,64.0
34.26,1625449482.0,64.0
35.43,1625449482.0,64.0
36.47,1625449482.0,64.0
37.16,1625449482.0,64.0
37.37,1625449482.0,64.0
37.08,1625449482.0,64.0
36.36,1625449482.0,64.0
35.27,1625449482.0,64.0
33.84,1625449482.0,64.0
32.06,1625449482.0,64.0
29.93,1625449482.0,64.0
27.5,1625449482.0,64.0
24.84,1625449482.0,64.0
22.04,1625449482.0,64.0
19.16,1625449482.0,64.0
16.24,1625449482.0,64.0
13.26,1625449482.0,64.0
10.25,1625449482.0,64.0
7.2,1625449482.0,64.0
4.11,1625449482.0,64.0
0.98,1625449482.0,64.0
-2.2,1625449482.0,64.0
-5.51,1625449482.0,64.0
-8.98,1625449482.0,64.0
-12.65,1625449482.0,64.0
-16.55,1625449482.0,64.0
-20.64,1625449482.0,64.0
-24.83,1625449482.0,64.0
-28.91,1625449482.0,64.0
-32.51,1625449482.0,64.0
-35.19,1625449482.0,64.0
-36.47,1625449482.0,64.0
-35.98,1625449482.0,64.0
-33.61,1625449482.0,64.0
-29.58,1625449482.0,64.0
-24.32,1625449482.0,64.0
-18.41,1625449482.0,64.0
-12.32,1625449482.0,64.0
-6.34,1625449482.0,64.0
-0.57,1625449482.0,64.0
5.0,1625449482.0,64.0
10.27,1625449482.0,64.0
14.99,1625449482.0,64.0
18.87,1625449482.0,64.0
21.66,1625449482.0,64.0
23.41,1625449482.0,64.0
24.42,1625449482.0,64.0
25.14,1625449482.0,64.0
25.97,1625449482.0,64.0
27.02,1625449482.0,64.0
28.11,1625449482.0,64.0
28.89,1625449482.0,64.0
29.13,1625449482.0,64.0
28.82,1625449482.0,64.0
28.18,1625449482.0,64.0
27.49,1625449482.0,64.0
26.87,1625449482.0,64.0
26.19,1625449482.0,64.0
25.17,1625449482.0,64.0
23.57,1625449482.0,64.0
21.37,1625449482.0,64.0
18.8,1625449482.0,64.0
16.21,1625449482.0,64.0
13.87,1625449482.0,64.0
11.88,1625449482.0,64.0
10.1,1625449482.0,64.0
8.29,1625449482.0,64.0
6.21,1625449482.0,64.0
3.8,1625449482.0,64.0
1.15,1625449482.0,64.0
-1.51,1625449482.0,64.0
-3.99,1625449482.0,64.0
-6.21,1625449482.0,64.0
-8.24,1625449482.0,64.0
-10.25,1625449482.0,64.0
-12.44,1625449482.0,64.0
-14.95,1625449482.0,64.0
-17.85,1625449482.0,64.0
-21.1,1625449482.0,64.0
-24.57,1625449482.0,64.0
-28.04,1625449482.0,64.0
-31.13,1625449482.0,64.0
-33.36,1625449482.0,64.0
-34.22,1625449482.0,64.0
-33.3,1625449482.0,64.0
-30.53,1625449482.0,64.0
-26.2,1625449482.0,64.0
-20.88,1625449482.0,64.0
-15.24,1625449482.0,64.0
-9.75,1625449482.0,64.0
-4.67,1625449482.0,64.0
-0.03,1625449482.0,64.0
4.16,1625449482.0,64.0
7.86,1625449482.0,64.0
10.89,1625449482.0,64.0
13.13,1625449482.0,64.0
14.56,1625449482.0,64.0
15.36,1625449482.0,64.0
15.84,1625449482.0,64.0
16.31,1625449482.0,64.0
16.99,1625449482.0,64.0
17.91,1625449482.0,64.0
18.95,1625449482.0,64.0
19.88,1625449482.0,64.0
20.49,1625449482.0,64.0
20.66,1625449482.0,64.0
20.37,1625449482.0,64.0
19.7,1625449482.0,64.0
18.76,1625449482.0,64.0
17.65,1625449482.0,64.0
16.4,1625449482.0,64.0
15.01,1625449482.0,64.0
13.45,1625449482.0,64.0
11.75,1625449482.0,64.0
10.0,1625449482.0,64.0
8.33,1625449482.0,64.0
6.82,1625449482.0,64.0
5.48,1625449482.0,64.0
4.19,1625449482.0,64.0
2.78,1625449482.0,64.0
1.08,1625449482.0,64.0
-0.96,1625449482.0,64.0
-3.3,1625449482.0,64.0
-5.78,1625449482.0,64.0
-8.2,1625449482.0,64.0
-10.46,1625449482.0,64.0
-12.53,1625449482.0,64.0
-14.51,1625449482.0,64.0
-16.56,1625449482.0,64.0
-18.83,1625449482.0,64.0
-21.4,1625449482.0,64.0
-24.21,1625449482.0,64.0
-27.09,1625449482.0,64.0
-29.73,1625449482.0,64.0
-31.74,1625449482.0,64.0
-32.68,1625449482.0,64.0
-32.24,1625449482.0,64.0
-30.26,1625449482.0,64.0
-26.88,1625449482.0,64.0
-22.53,1625449482.0,64.0
-17.77,1625449482.0,64.0
-13.15,1625449482.0,64.0
-9.04,1625449482.0,64.0
-5.53,1625449482.0,64.0
-2.52,1625449482.0,64.0
0.19,1625449482.0,64.0
2.7,1625449482.0,64.0
4.95,1625449482.0,64.0
6.81,1625449482.0,64.0
8.18,1625449482.0,64.0
9.05,1625449482.0,64.0
9.61,1625449482.0,64.0
10.09,1625449482.0,64.0
10.68,1625449482.0,64.0
11.44,1625449482.0,64.0
12.23,1625449482.0,64.0
12.86,1625449482.0,64.0
13.14,1625449482.0,64.0
13.01,1625449482.0,64.0
12.56,1625449482.0,64.0
11.91,1625449482.0,64.0
11.16,1625449482.0,64.0
10.33,1625449482.0,64.0
9.35,1625449482.0,64.0
8.16,1625449482.0,64.0
6.76,1625449482.0,64.0
5.23,1625449482.0,64.0
3.68,1625449482.0,64.0
2.21,1625449482.0,64.0
0.85,1625449482.0,64.0
-0.43,1625449482.0,64.0
-1.7,1625449482.0,64.0
-3.0,1625449482.0,64.0
-4.35,1625449482.0,64.0
-5.77,1625449482.0,64.0
-7.22,1625449482.0,64.0
-8.7,1625449482.0,64.0
-10.15,1625449482.0,64.0
-11.54,1625449482.0,64.0
-12.85,1625449482.0,64.0
-14.14,1625449482.0,64.0
-15.53,1625449482.0,64.0
-17.16,1625449482.0,64.0
-19.15,1625449482.0,64.0
-21.44,1625449482.0,64.0
-23.74,1625449482.0,64.0
-25.57,1625449482.0,64.0
-26.41,1625449482.0,64.0
-25.86,1625449482.0,64.0
-23.82,1625449482.0,64.0
-20.48,1625449482.0,64.0
-16.32,1625449482.0,64.0
-11.86,1625449482.0,64.0
-7.55,1625449482.0,64.0
-3.7,1625449482.0,64.0
-0.48,1625449482.0,64.0
2.04,1625449482.0,64.0
3.82,1625449482.0,64.0
4.88,1625449482.0,64.0
5.32,1625449482.0,64.0
5.31,1625449482.0,64.0
5.08,1625449482.0,64.0
4.86,1625449482.0,64.0
4.79,1625449482.0,64.0
4.94,1625449482.0,64.0
5.27,1625449482.0,64.0
5.7,1625449482.0,64.0
6.2,1625449482.0,64.0
6.71,1625449482.0,64.0
7.19,1625449482.0,64.0
7.59,1625449482.0,64.0
7.85,1625449482.0,64.0
7.88,1625449482.0,64.0
7.63,1625449482.0,64.0
7.06,1625449482.0,64.0
6.19,1625449482.0,64.0
5.06,1625449482.0,64.0
3.81,1625449482.0,64.0
2.56,1625449482.0,64.0
1.42,1625449482.0,64.0
0.42,1625449482.0,64.0
-0.49,1625449482.0,64.0
-1.42,1625449482.0,64.0
-2.48,1625449482.0,64.0
-3.72,1625449482.0,64.0
-5.09,1625449482.0,64.0
-6.46,1625449482.0,64.0
-7.7,1625449482.0,64.0
-8.76,1625449482.0,64.0
-9.68,1625449482.0,64.0
-10.66,1625449482.0,64.0
-11.88,1625449482.0,64.0
-13.5,1625449482.0,64.0
-15.54,1625449482.0,64.0
-17.9,1625449482.0,64.0
-20.35,1625449482.0,64.0
-22.57,1625449482.0,64.0
-24.19,1625449482.0,64.0
-24.85,1625449482.0,64.0
-24.31,1625449482.0,64.0
-22.47,1625449482.0,64.0
-19.45,1625449482.0,64.0
-15.61,1625449482.0,64.0
-11.43,1625449482.0,64.0
-7.4,1625449482.0,64.0
-3.9,1625449482.0,64.0
-1.1,1625449482.0,64.0
1.01,1625449482.0,64.0
2.55,1625449482.0,64.0
3.66,1625449482.0,64.0
4.46,1625449482.0,64.0
5.03,1625449482.0,64.0
5.47,1625449482.0,64.0
5.87,1625449482.0,64.0
6.3,1625449482.0,64.0
6.84,1625449482.0,64.0
7.46,1625449482.0,64.0
8.1,1625449482.0,64.0
8.67,1625449482.0,64.0
9.08,1625449482.0,64.0
9.3,1625449482.0,64.0
9.35,1625449482.0,64.0
9.22,1625449482.0,64.0
8.9,1625449482.0,64.0
8.35,1625449482.0,64.0
7.53,1625449482.0,64.0
6.45,1625449482.0,64.0
5.14,1625449482.0,64.0
3.67,1625449482.0,64.0
2.09,1625449482.0,64.0
0.5,1625449482.0,64.0
-1.05,1625449482.0,64.0
-2.49,1625449482.0,64.0
-3.79,1625449482.0,64.0
-4.97,1625449482.0,64.0
-6.12,1625449482.0,64.0
-7.34,1625449482.0,64.0
-8.71,1625449482.0,64.0
-10.25,1625449482.0,64.0
-11.9,1625449482.0,64.0
-13.59,1625449482.0,64.0
-15.32,1625449482.0,64.0
-17.15,1625449482.0,64.0
-19.18,1625449482.0,64.0
-21.47,1625449482.0,64.0
-23.86,1625449482.0,64.0
-25.98,1625449482.0,64.0
-27.32,1625449482.0,64.0
-27.37,1625449482.0,64.0
-25.86,1625449482.0,64.0
-22.85,1625449482.0,64.0
-18.72,1625449482.0,64.0
-14.08,1625449482.0,64.0
-9.5,1625449482.0,64.0
-5.43,1625449482.0,64.0
-2.1,1625449482.0,64.0
0.46,1625449482.0,64.0
2.26,1625449482.0,64.0
3.35,1625449482.0,64.0
3.78,1625449482.0,64.0
3.67,1625449482.0,64.0
3.23,1625449482.0,64.0
2.73,1625449482.0,64.0
2.49,1625449482.0,64.0
2.73,1625449482.0,64.0
3.53,1625449482.0,64.0
4.76,1625449482.0,64.0
6.16,1625449482.0,64.0
7.4,1625449482.0,64.0
8.19,1625449482.0,64.0
8.36,1625449482.0,64.0
7.87,1625449482.0,64.0
6.86,1625449482.0,64.0
5.58,1625449482.0,64.0
4.3,1625449482.0,64.0
3.23,1625449482.0,64.0
2.46,1625449482.0,64.0
1.94,1625449482.0,64.0
1.52,1625449482.0,64.0
1.02,1625449482.0,64.0
0.27,1625449482.0,64.0
-0.8,1625449482.0,64.0
-2.16,1625449482.0,64.0
-3.7,1625449482.0,64.0
-5.28,1625449482.0,64.0
-6.79,1625449482.0,64.0
-8.18,1625449482.0,64.0
-9.49,1625449482.0,64.0
-10.81,1625449482.0,64.0
-12.28,1625449482.0,64.0
-14.01,1625449482.0,64.0
-16.13,1625449482.0,64.0
-18.68,1625449482.0,64.0
-21.6,1625449482.0,64.0
-24.63,1625449482.0,64.0
-27.29,1625449482.0,64.0
-28.97,1625449482.0,64.0
-29.08,1625449482.0,64.0
-27.38,1625449482.0,64.0
-24.02,1625449482.0,64.0
-19.54,1625449482.0,64.0
-14.69,1625449482.0,64.0
-10.07,1625449482.0,64.0
-6.06,1625449482.0,64.0
-2.71,1625449482.0,64.0
0.03,1625449482.0,64.0
2.2,1625449482.0,64.0
3.75,1625449482.0,64.0
4.62,1625449482.0,64.0
4.87,1625449482.0,64.0
4.75,1625449482.0,64.0
4.62,1625449482.0,64.0
4.86,1625449482.0,64.0
5.61,1625449482.0,64.0
6.82,1625449482.0,64.0
8.18,1625449482.0,64.0
9.36,1625449482.0,64.0
10.15,1625449482.0,64.0
10.48,1625449482.0,64.0
10.41,1625449482.0,64.0
10.09,1625449482.0,64.0
9.65,1625449482.0,64.0
9.17,1625449482.0,64.0
8.63,1625449482.0,64.0
7.95,1625449482.0,64.0
7.06,1625449482.0,64.0
5.89,1625449482.0,64.0
4.47,1625449482.0,64.0
2.89,1625449482.0,64.0
1.27,1625449482.0,64.0
-0.26,1625449482.0,64.0
-1.67,1625449482.0,64.0
-3.04,1625449482.0,64.0
-4.51,1625449482.0,64.0
-6.2,1625449482.0,64.0
-8.19,1625449482.0,64.0
-10.47,1625449482.0,64.0
-12.97,1625449482.0,64.0
-15.64,1625449482.0,64.0
-18.47,1625449482.0,64.0
-21.49,1625449482.0,64.0
-24.59,1625449482.0,64.0
-27.48,1625449482.0,64.0
-29.7,1625449482.0,64.0
-30.73,1625449482.0,64.0
-30.16,1625449482.0,64.0
-27.89,1625449482.0,64.0
-24.19,1625449482.0,64.0
-19.59,1625449482.0,64.0
-14.7,1625449482.0,64.0
-10.01,1625449482.0,64.0
-5.78,1625449482.0,64.0
-2.08,1625449482.0,64.0
1.12,1625449482.0,64.0
3.78,1625449482.0,64.0
5.82,1625449482.0,64.0
7.13,1625449482.0,64.0
7.73,1625449482.0,64.0
7.83,1625449482.0,64.0
7.81,1625449482.0,64.0
8.09,1625449482.0,64.0
8.91,1625449482.0,64.0
10.3,1625449482.0,64.0
12.03,1625449482.0,64.0
13.72,1625449482.0,64.0
15.06,1625449482.0,64.0
15.82,1625449482.0,64.0
15.98,1625449482.0,64.0
15.62,1625449482.0,64.0
14.89,1625449482.0,64.0
13.93,1625449482.0,64.0
12.87,1625449482.0,64.0
11.77,1625449482.0,64.0
10.66,1625449482.0,64.0
9.51,1625449482.0,64.0
8.3,1625449482.0,64.0
7.0,1625449482.0,64.0
5.55,1625449482.0,64.0
3.93,1625449482.0,64.0
2.13,1625449482.0,64.0
0.16,1625449482.0,64.0
-1.91,1625449482.0,64.0
-3.98,1625449482.0,64.0
-5.98,1625449482.0,64.0
-7.93,1625449482.0,64.0
-9.94,1625449482.0,64.0
-12.22,1625449482.0,64.0
-14.93,1625449482.0,64.0
-18.05,1625449482.0,64.0
-21.24,1625449482.0,64.0
-23.92,1625449482.0,64.0
-25.43,1625449482.0,64.0
-25.27,1625449482.0,64.0
-23.24,1625449482.0,64.0
-19.57,1625449482.0,64.0
-14.77,1625449482.0,64.0
-9.49,1625449482.0,64.0
-4.32,1625449482.0,64.0
0.32,1625449482.0,64.0
4.19,1625449482.0,64.0
7.22,1625449482.0,64.0
9.42,1625449482.0,64.0
10.87,1625449482.0,64.0
11.67,1625449482.0,64.0
12.02,1625449482.0,64.0
12.15,1625449482.0,64.0
12.33,1625449482.0,64.0
12.79,1625449482.0,64.0
13.65,1625449482.0,64.0
14.8,1625449482.0,64.0
16.01,1625449482.0,64.0
16.94,1625449482.0,64.0
17.32,1625449482.0,64.0
17.07,1625449482.0,64.0
16.27,1625449482.0,64.0
15.16,1625449482.0,64.0
13.96,1625449482.0,64.0
12.78,1625449482.0,64.0
11.54,1625449482.0,64.0
10.11,1625449482.0,64.0
8.39,1625449482.0,64.0
6.39,1625449482.0,64.0
4.31,1625449482.0,64.0
2.36,1625449482.0,64.0
0.69,1625449482.0,64.0
-0.73,1625449482.0,64.0
-2.06,1625449482.0,64.0
-3.56,1625449482.0,64.0
-5.44,1625449482.0,64.0
-7.75,1625449482.0,64.0
-10.45,1625449482.0,64.0
-13.44,1625449482.0,64.0
-16.64,1625449482.0,64.0
-19.99,1625449482.0,64.0
-23.35,1625449482.0,64.0
-26.42,1625449482.0,64.0
-28.72,1625449482.0,64.0
-29.69,1625449482.0,64.0
-28.94,1625449482.0,64.0
-26.41,1625449482.0,64.0
-22.47,1625449482.0,64.0
-17.66,1625449482.0,64.0
-12.59,1625449482.0,64.0
-7.6,1625449482.0,64.0
-2.83,1625449482.0,64.0
1.71,1625449482.0,64.0
5.94,1625449482.0,64.0
9.65,1625449482.0,64.0
12.54,1625449482.0,64.0
14.41,1625449482.0,64.0
15.31,1625449482.0,64.0
15.52,1625449482.0,64.0
15.51,1625449482.0,64.0
15.74,1625449482.0,64.0
16.48,1625449482.0,64.0
17.7,1625449482.0,64.0
19.19,1625449482.0,64.0
20.58,1625449482.0,64.0
21.56,1625449482.0,64.0
21.98,1625449482.0,64.0
21.82,1625449482.0,64.0
21.19,1625449482.0,64.0
20.21,1625449482.0,64.0
18.96,1625449482.0,64.0
17.44,1625449482.0,64.0
15.58,1625449482.0,64.0
13.38,1625449482.0,64.0
10.9,1625449482.0,64.0
8.3,1625449482.0,64.0
5.76,1625449482.0,64.0
3.45,1625449482.0,64.0
1.4,1625449482.0,64.0
-0.47,1625449482.0,64.0
-2.34,1625449482.0,64.0
-4.4,1625449482.0,64.0
-6.8,1625449482.0,64.0
-9.64,1625449482.0,64.0
-12.9,1625449482.0,64.0
-16.51,1625449482.0,64.0
-20.29,1625449482.0,64.0
-23.99,1625449482.0,64.0
-27.29,1625449482.0,64.0
-29.77,1625449482.0,64.0
-31.01,1625449482.0,64.0
-30.64,1625449482.0,64.0
-28.51,1625449482.0,64.0
-24.72,1625449482.0,64.0
-19.61,1625449482.0,64.0
-13.71,1625449482.0,64.0
-7.62,1625449482.0,64.0
-1.82,1625449482.0,64.0
3.33,1625449482.0,64.0
7.71,1625449482.0,64.0
11.3,1625449482.0,64.0
14.14,1625449482.0,64.0
16.26,1625449482.0,64.0
17.67,1625449482.0,64.0
18.51,1625449482.0,64.0
19.01,1625449482.0,64.0
19.51,1625449482.0,64.0
20.32,1625449482.0,64.0
21.57,1625449482.0,64.0
23.08,1625449482.0,64.0
24.46,1625449482.0,64.0
25.27,1625449482.0,64.0
25.26,1625449482.0,64.0
24.46,1625449482.0,64.0
23.17,1625449482.0,64.0
21.74,1625449482.0,64.0
20.4,1625449482.0,64.0
19.15,1625449482.0,64.0
17.85,1625449482.0,64.0
16.32,1625449482.0,64.0
14.49,1625449482.0,64.0
12.39,1625449482.0,64.0
10.16,1625449482.0,64.0
7.9,1625449482.0,64.0
5.64,1625449482.0,64.0
3.35,1625449482.0,64.0
0.93,1625449482.0,64.0
-1.71,1625449482.0,64.0
-4.65,1625449482.0,64.0
-7.95,1625449482.0,64.0
-11.65,1625449482.0,64.0
-15.73,1625449482.0,64.0
-20.07,1625449482.0,64.0
-24.41,1625449482.0,64.0
-28.37,1625449482.0,64.0
-31.53,1625449482.0,64.0
-33.46,1625449482.0,64.0
-33.87,1625449482.0,64.0
-32.65,1625449482.0,64.0
-29.86,1625449482.0,64.0
-25.8,1625449482.0,64.0
-20.86,1625449482.0,64.0
-15.48,1625449482.0,64.0
-10.03,1625449482.0,64.0
-4.81,1625449482.0,64.0
0.04,1625449482.0,64.0
4.44,1625449482.0,64.0
8.34,1625449482.0,64.0
11.71,1625449482.0,64.0
14.51,1625449482.0,64.0
16.78,1625449482.0,64.0
18.59,1625449482.0,64.0
20.13,1625449482.0,64.0
21.59,1625449482.0,64.0
23.14,1625449482.0,64.0
24.82,1625449482.0,64.0
26.52,1625449482.0,64.0
28.01,1625449482.0,64.0
29.0,1625449482.0,64.0
29.29,1625449482.0,64.0
28.81,1625449482.0,64.0
27.68,1625449482.0,64.0
26.1,1625449482.0,64.0
24.29,1625449482.0,64.0
22.43,1625449482.0,64.0
20.56,1625449482.0,64.0
18.66,1625449482.0,64.0
16.66,1625449482.0,64.0
14.57,1625449482.0,64.0
12.46,1625449482.0,64.0
10.39,1625449482.0,64.0
8.39,1625449482.0,64.0
6.35,1625449482.0,64.0
4.12,1625449482.0,64.0
1.52,1625449482.0,64.0
-1.5,1625449482.0,64.0
-4.9,1625449482.0,64.0
-8.52,1625449482.0,64.0
-12.22,1625449482.0,64.0
-15.95,1625449482.0,64.0
-19.74,1625449482.0,64.0
-23.65,1625449482.0,64.0
-27.65,1625449482.0,64.0
-31.49,1625449482.0,64.0
-34.67,1625449482.0,64.0
-36.65,1625449482.0,64.0
-36.94,1625449482.0,64.0
-35.31,1625449482.0,64.0
-31.84,1625449482.0,64.0
-26.94,1625449482.0,64.0
-21.15,1625449482.0,64.0
-15.0,1625449482.0,64.0
-8.89,1625449482.0,64.0
-3.05,1625449482.0,64.0
2.39,1625449482.0,64.0
7.34,1625449482.0,64.0
11.65,1625449482.0,64.0
15.17,1625449482.0,64.0
17.81,1625449482.0,64.0
19.58,1625449482.0,64.0
20.69,1625449482.0,64.0
21.39,1625449482.0,64.0
21.99,1625449482.0,64.0
22.67,1625449482.0,64.0
23.49,1625449482.0,64.0
24.42,1625449482.0,64.0
25.29,1625449482.0,64.0
25.96,1625449482.0,64.0
26.24,1625449482.0,64.0
26.04,1625449482.0,64.0
25.36,1625449482.0,64.0
24.29,1625449482.0,64.0
22.95,1625449482.0,64.0
21.45,1625449482.0,64.0
19.85,1625449482.0,64.0
18.16,1625449482.0,64.0
16.36,1625449482.0,64.0
14.44,1625449482.0,64.0
12.47,1625449482.0,64.0
10.5,1625449482.0,64.0
8.54,1625449482.0,64.0
6.54,1625449482.0,64.0
4.37,1625449482.0,64.0
1.88,1625449482.0,64.0
-0.99,1625449482.0,64.0
-4.21,1625449482.0,64.0
-7.62,1625449482.0,64.0
-11.1,1625449482.0,64.0
-14.6,1625449482.0,64.0
-18.18,1625449482.0,64.0
-21.97,1625449482.0,64.0
-26.04,1625449482.0,64.0
-30.21,1625449482.0,64.0
-34.1,1625449482.0,64.0
-37.11,1625449482.0,64.0
-38.64,1625449482.0,64.0
-38.29,1625449482.0,64.0
-35.98,1625449482.0,64.0
-31.95,1625449482.0,64.0
-26.65,1625449482.0,64.0
-20.57,1625449482.0,64.0
-14.13,1625449482.0,64.0
-7.64,1625449482.0,64.0
-1.37,1625449482.0,64.0
4.46,1625449482.0,64.0
9.59,1625449482.0,64.0
13.83,1625449482.0,64.0
17.14,1625449482.0,64.0
19.6,1625449482.0,64.0
21.47,1625449482.0,64.0
22.98,1625449482.0,64.0
24.35,1625449482.0,64.0
25.66,1625449482.0,64.0
26.91,1625449482.0,64.0
28.04,1625449482.0,64.0
29.0,1625449482.0,64.0
29.71,1625449482.0,64.0
30.07,1625449482.0,64.0
29.93,1625449482.0,64.0
29.18,1625449482.0,64.0
27.78,1625449482.0,64.0
25.8,1625449482.0,64.0
23.46,1625449482.0,64.0
21.04,1625449482.0,64.0
18.75,1625449482.0,64.0
16.73,1625449482.0,64.0
14.93,1625449482.0,64.0
13.26,1625449482.0,64.0
11.56,1625449482.0,64.0
9.71,1625449482.0,64.0
7.64,1625449482.0,64.0
5.34,1625449482.0,64.0
2.84,1625449482.0,64.0
0.24,1625449482.0,64.0
-2.39,1625449482.0,64.0
-4.97,1625449482.0,64.0
-7.54,1625449482.0,64.0
-10.2,1625449482.0,64.0
-13.11,1625449482.0,64.0
-16.47,1625449482.0,64.0
-20.37,1625449482.0,64.0
-24.78,1625449482.0,64.0
-29.46,1625449482.0,64.0
-33.99,1625449482.0,64.0
-37.81,1625449482.0,64.0
-40.36,1625449482.0,64.0
-41.17,1625449482.0,64.0
-40.05,1625449482.0,64.0
-37.08,1625449482.0,64.0
-32.65,1625449482.0,64.0
-27.24,1625449482.0,64.0
-21.32,1625449482.0,64.0
-15.21,1625449482.0,64.0
-9.11,1625449482.0,64.0
-3.2,1625449482.0,64.0
2.33,1625449482.0,64.0
7.21,1625449482.0,64.0
11.18,1625449482.0,64.0
14.13,1625449482.0,64.0
16.18,1625449482.0,64.0
17.64,1625449482.0,64.0
18.9,1625449482.0,64.0
20.24,1625449482.0,64.0
21.8,1625449482.0,64.0
23.51,1625449482.0,64.0
25.18,1625449482.0,64.0
26.65,1625449482.0,64.0
27.83,1625449482.0,64.0
28.65,1625449482.0,64.0
29.07,1625449482.0,64.0
29.01,1625449482.0,64.0
28.37,1625449482.0,64.0
27.08,1625449482.0,64.0
25.2,1625449482.0,64.0
22.89,1625449482.0,64.0
20.42,1625449482.0,64.0
18.1,1625449482.0,64.0
16.08,1625449482.0,64.0
14.38,1625449482.0,64.0
12.87,1625449482.0,64.0
11.34,1625449482.0,64.0
9.57,1625449482.0,64.0
7.44,1625449482.0,64.0
4.91,1625449482.0,64.0
2.05,1625449482.0,64.0
-1.04,1625449482.0,64.0
-4.21,1625449482.0,64.0
-7.34,1625449482.0,64.0
-10.36,1625449482.0,64.0
-13.33,1625449482.0,64.0
-16.34,1625449482.0,64.0
-19.58,1625449482.0,64.0
-23.18,1625449482.0,64.0
-27.11,1625449482.0,64.0
-31.14,1625449482.0,64.0
-34.79,1625449482.0,64.0
-37.48,1625449482.0,64.0
-38.66,1625449482.0,64.0
-37.95,1625449482.0,64.0
-35.34,1625449482.0,64.0
-31.09,1625449482.0,64.0
-25.72,1625449482.0,64.0
-19.83,1625449482.0,64.0
-13.93,1625449482.0,64.0
-8.35,1625449482.0,64.0
-3.27,1625449482.0,64.0
1.26,1625449482.0,64.0
5.21,1625449482.0,64.0
8.55,1625449482.0,64.0
11.25,1625449482.0,64.0
13.3,1625449482.0,64.0
14.79,1625449482.0,64.0
15.92,1625449482.0,64.0
16.93,1625449482.0,64.0
18.02,1625449482.0,64.0
19.29,1625449482.0,64.0
20.69,1625449482.0,64.0
22.03,1625449482.0,64.0
23.1,1625449482.0,64.0
23.76,1625449482.0,64.0
23.98,1625449482.0,64.0
23.83,1625449482.0,64.0
23.4,1625449482.0,64.0
22.72,1625449482.0,64.0
21.75,1625449482.0,64.0
20.43,1625449482.0,64.0
18.79,1625449482.0,64.0
16.93,1625449482.0,64.0
15.04,1625449482.0,64.0
13.24,1625449482.0,64.0
11.54,1625449482.0,64.0
9.84,1625449482.0,64.0
8.0,1625449482.0,64.0
5.94,1625449482.0,64.0
3.68,1625449482.0,64.0
1.31,1625449482.0,64.0
-1.06,1625449482.0,64.0
-3.42,1625449482.0,64.0
-5.85,1625449482.0,64.0
-8.49,1625449482.0,64.0
-11.43,1625449482.0,64.0
-14.73,1625449482.0,64.0
-18.32,1625449482.0,64.0
-22.08,1625449482.0,64.0
-25.75,1625449482.0,64.0
-29.03,1625449482.0,64.0
-31.51,1625449482.0,64.0
-32.76,1625449482.0,64.0
-32.45,1625449482.0,64.0
-30.42,1625449482.0,64.0
-26.82,1625449482.0,64.0
-22.02,1625449482.0,64.0
-16.58,1625449482.0,64.0
-11.04,1625449482.0,64.0
-5.85,1625449482.0,64.0
-1.28,1625449482.0,64.0
2.57,1625449482.0,64.0
5.64,1625449482.0,64.0
7.95,1625449482.0,64.0
9.54,1625449482.0,64.0
10.58,1625449482.0,64.0
11.31,1625449482.0,64.0
12.05,1625449482.0,64.0
13.09,1625449482.0,64.0
14.53,1625449482.0,64.0
16.28,1625449482.0,64.0
18.02,1625449482.0,64.0
19.36,1625449482.0,64.0
20.01,1625449482.0,64.0
19.91,1625449482.0,64.0
19.2,1625449482.0,64.0
18.16,1625449482.0,64.0
17.06,1625449482.0,64.0
16.04,1625449482.0,64.0
15.08,1625449482.0,64.0
14.06,1625449482.0,64.0
12.85,1625449482.0,64.0
11.37,1625449482.0,64.0
9.62,1625449482.0,64.0
7.64,1625449482.0,64.0
5.48,1625449482.0,64.0
3.16,1625449482.0,64.0
0.73,1625449482.0,64.0
-1.77,1625449482.0,64.0
-4.31,1625449482.0,64.0
-6.82,1625449482.0,64.0
-9.3,1625449482.0,64.0
-11.79,1625449482.0,64.0
-14.42,1625449482.0,64.0
-17.34,1625449482.0,64.0
-20.66,1625449482.0,64.0
-24.41,1625449482.0,64.0
-28.41,1625449482.0,64.0
-32.32,1625449482.0,64.0
-35.59,1625449482.0,64.0
-37.67,1625449482.0,64.0
-38.1,1625449482.0,64.0
-36.68,1625449482.0,64.0
-33.5,1625449482.0,64.0
-28.9,1625449482.0,64.0
-23.38,1625449482.0,64.0
-17.44,1625449482.0,64.0
-11.5,1625449482.0,64.0
-5.89,1625449482.0,64.0
-0.86,1625449482.0,64.0
3.43,1625449482.0,64.0
6.86,1625449482.0,64.0
9.44,1625449482.0,64.0
11.27,1625449482.0,64.0
12.52,1625449482.0,64.0
13.45,1625449482.0,64.0
14.29,1625449482.0,64.0
15.23,1625449482.0,64.0
16.37,1625449482.0,64.0
17.69,1625449482.0,64.0
19.04,1625449482.0,64.0
20.19,1625449482.0,64.0
20.91,1625449482.0,64.0
21.02,1625449482.0,64.0
20.5,1625449482.0,64.0
19.47,1625449482.0,64.0
18.12,1625449482.0,64.0
16.59,1625449482.0,64.0
14.93,1625449482.0,64.0
13.09,1625449482.0,64.0
10.99,1625449482.0,64.0
8.64,1625449482.0,64.0
6.17,1625449482.0,64.0
3.73,1625449482.0,64.0
1.45,1625449482.0,64.0
-0.66,1625449482.0,64.0
-2.73,1625449482.0,64.0
-4.91,1625449482.0,64.0
-7.32,1625449482.0,64.0
-10.0,1625449482.0,64.0
-12.95,1625449482.0,64.0
-16.15,1625449482.0,64.0
-19.67,1625449482.0,64.0
-23.59,1625449482.0,64.0
-27.87,1625449482.0,64.0
-32.34,1625449482.0,64.0
-36.56,1625449482.0,64.0
-39.96,1625449482.0,64.0
-41.94,1625449482.0,64.0
-42.08,1625449482.0,64.0
-40.26,1625449482.0,64.0
-36.71,1625449482.0,64.0
-31.88,1625449482.0,64.0
-26.35,1625449482.0,64.0
-20.55,1625449482.0,64.0
-14.77,1625449482.0,64.0
-9.1,1625449482.0,64.0
-3.6,1625449482.0,64.0
1.61,1625449482.0,64.0
6.29,1625449482.0,64.0
10.16,1625449482.0,64.0
13.05,1625449482.0,64.0
15.03,1625449482.0,64.0
16.38,1625449482.0,64.0
17.54,1625449482.0,64.0
18.84,1625449482.0,64.0
20.42,1625449482.0,64.0
22.13,1625449482.0,64.0
23.68,1625449482.0,64.0
24.8,1625449482.0,64.0
25.33,1625449482.0,64.0
25.3,1625449482.0,64.0
24.8,1625449482.0,64.0
23.95,1625449482.0,64.0
22.81,1625449482.0,64.0
21.42,1625449482.0,64.0
19.76,1625449482.0,64.0
17.88,1625449482.0,64.0
15.78,1625449482.0,64.0
13.51,1625449482.0,64.0
11.08,1625449482.0,64.0
8.53,1625449482.0,64.0
5.94,1625449482.0,64.0
3.42,1625449482.0,64.0
1.05,1625449482.0,64.0
-1.19,1625449482.0,64.0
-3.44,1625449482.0,64.0
-5.94,1625449482.0,64.0
-8.94,1625449482.0,64.0
-12.6,1625449482.0,64.0
-16.93,1625449482.0,64.0
-21.8,1625449482.0,64.0
-26.88,1625449482.0,64.0
-31.78,1625449482.0,64.0
-36.07,1625449482.0,64.0
-39.29,1625449482.0,64.0
-41.09,1625449482.0,64.0
-41.25,1625449482.0,64.0
-39.72,1625449482.0,64.0
-36.66,1625449482.0,64.0
-32.34,1625449482.0,64.0
-27.08,1625449482.0,64.0
-21.2,1625449482.0,64.0
-14.95,1625449482.0,64.0
-8.56,1625449482.0,64.0
-2.33,1625449482.0,64.0
3.44,1625449482.0,64.0
8.4,1625449482.0,64.0
12.27,1625449482.0,64.0
14.96,1625449482.0,64.0
16.61,1625449482.0,64.0
17.59,1625449482.0,64.0
18.35,1625449482.0,64.0
19.31,1625449482.0,64.0
20.63,1625449482.0,64.0
22.27,1625449482.0,64.0
23.97,1625449482.0,64.0
25.43,1625449482.0,64.0
26.42,1625449482.0,64.0
26.8,1625449482.0,64.0
26.6,1625449482.0,64.0
25.91,1625449482.0,64.0
24.85,1625449482.0,64.0
23.55,1625449482.0,64.0
22.06,1625449482.0,64.0
20.42,1625449482.0,64.0
18.63,1625449482.0,64.0
16.67,1625449482.0,64.0
14.58,1625449482.0,64.0
12.41,1625449482.0,64.0
10.17,1625449482.0,64.0
7.81,1625449482.0,64.0
5.24,1625449482.0,64.0
2.3,1625449482.0,64.0
-1.07,1625449482.0,64.0
-4.9,1625449482.0,64.0
-9.07,1625449482.0,64.0
-13.46,1625449482.0,64.0
-17.98,1625449482.0,64.0
-22.6,1625449482.0,64.0
-27.27,1625449482.0,64.0
-31.82,1625449482.0,64.0
-35.93,1625449482.0,64.0
-39.08,1625449482.0,64.0
-40.76,1625449482.0,64.0
-40.58,1625449482.0,64.0
-38.43,1625449482.0,64.0
-34.53,1625449482.0,64.0
-29.29,1625449482.0,64.0
-23.18,1625449482.0,64.0
-16.65,1625449482.0,64.0
-10.0,1625449482.0,64.0
-3.47,1625449482.0,64.0
2.71,1625449482.0,64.0
8.27,1625449482.0,64.0
12.96,1625449482.0,64.0
16.59,1625449482.0,64.0
19.21,1625449482.0,64.0
21.03,1625449482.0,64.0
22.44,1625449482.0,64.0
23.78,1625449482.0,64.0
25.24,1625449482.0,64.0
26.79,1625449482.0,64.0
28.26,1625449482.0,64.0
29.43,1625449482.0,64.0
30.13,1625449482.0,64.0
30.31,1625449482.0,64.0
30.0,1625449482.0,64.0
29.24,1625449482.0,64.0
28.08,1625449482.0,64.0
26.56,1625449482.0,64.0
24.72,1625449482.0,64.0
22.63,1625449482.0,64.0
20.36,1625449482.0,64.0
17.97,1625449482.0,64.0
15.48,1625449482.0,64.0
12.92,1625449482.0,64.0
10.28,1625449482.0,64.0
7.6,1625449482.0,64.0
4.9,1625449482.0,64.0
2.16,1625449482.0,64.0
-0.65,1625449482.0,64.0
-3.57,1625449482.0,64.0
-6.64,1625449482.0,64.0
-9.86,1625449482.0,64.0
-13.24,1625449482.0,64.0
-16.83,1625449482.0,64.0
-20.7,1625449482.0,64.0
-24.89,1625449482.0,64.0
-29.34,1625449482.0,64.0
-33.8,1625449482.0,64.0
-37.78,1625449482.0,64.0
-40.67,1625449482.0,64.0
-41.87,1625449482.0,64.0
-41.03,1625449482.0,64.0
-38.15,1625449482.0,64.0
-33.58,1625449482.0,64.0
-27.83,1625449482.0,64.0
-21.48,1625449482.0,64.0
-14.94,1625449482.0,64.0
-8.53,1625449482.0,64.0
-2.46,1625449482.0,64.0
3.05,1625449482.0,64.0
7.78,1625449482.0,64.0
11.56,1625449482.0,64.0
14.35,1625449482.0,64.0
16.35,1625449482.0,64.0
17.86,1625449482.0,64.0
19.21,1625449482.0,64.0
20.62,1625449482.0,64.0
22.12,1625449482.0,64.0
23.58,1625449482.0,64.0
24.82,1625449482.0,64.0
25.67,1625449482.0,64.0
26.05,1625449482.0,64.0
25.97,1625449482.0,64.0
25.5,1625449482.0,64.0
24.76,1625449482.0,64.0
23.83,1625449482.0,64.0
22.74,1625449482.0,64.0
21.43,1625449482.0,64.0
19.79,1625449482.0,64.0
17.76,1625449482.0,64.0
15.33,1625449482.0,64.0
12.64,1625449482.0,64.0
9.89,1625449482.0,64.0
7.25,1625449482.0,64.0
4.8,1625449482.0,64.0
2.45,1625449482.0,64.0
0.0,1625449482.0,64.0
-2.69,1625449482.0,64.0
-5.7,1625449482.0,64.0
-9.0,1625449482.0,64.0
-12.49,1625449482.0,64.0
-16.12,1625449482.0,64.0
-19.89,1625449482.0,64.0
-23.81,1625449482.0,64.0
-27.74,1625449482.0,64.0
-31.36,1625449482.0,64.0
-34.16,1625449482.0,64.0
-35.58,1625449482.0,64.0
-35.2,1625449482.0,64.0
-32.92,1625449482.0,64.0
-28.96,1625449482.0,64.0
-23.81,1625449482.0,64.0
-18.0,1625449482.0,64.0
-11.95,1625449482.0,64.0
-5.94,1625449482.0,64.0
-0.14,1625449482.0,64.0
5.26,1625449482.0,64.0
10.0,1625449482.0,64.0
13.76,1625449482.0,64.0
16.34,1625449482.0,64.0
17.77,1625449482.0,64.0
18.41,1625449482.0,64.0
18.78,1625449482.0,64.0
19.38,1625449482.0,64.0
20.45,1625449482.0,64.0
21.89,1625449482.0,64.0
23.34,1625449482.0,64.0
24.36,1625449482.0,64.0
24.68,1625449482.0,64.0
24.26,1625449482.0,64.0
23.34,1625449482.0,64.0
22.2,1625449482.0,64.0
21.07,1625449482.0,64.0
20.01,1625449482.0,64.0
18.85,1625449482.0,64.0
17.37,1625449482.0,64.0
15.38,1625449482.0,64.0
12.88,1625449482.0,64.0
10.01,1625449482.0,64.0
7.06,1625449482.0,64.0
4.28,1625449482.0,64.0
1.73,1625449482.0,64.0
-0.64,1625449482.0,64.0
-3.08,1625449482.0,64.0
-5.87,1625449482.0,64.0
-9.19,1625449482.0,64.0
-13.13,1625449482.0,64.0
-17.6,1625449482.0,64.0
-22.52,1625449482.0,64.0
-27.74,1625449482.0,64.0
-33.06,1625449482.0,64.0
-38.14,1625449482.0,64.0
-42.48,1625449482.0,64.0
-45.43,1625449482.0,64.0
-46.39,1625449482.0,64.0
-45.02,1625449482.0,64.0
-41.37,1625449482.0,64.0
-35.94,1625449482.0,64.0
-29.47,1625449482.0,64.0
-22.68,1625449482.0,64.0
-16.02,1625449482.0,64.0
-9.57,1625449482.0,64.0
-3.28,1625449482.0,64.0
2.93,1625449482.0,64.0
8.89,1625449482.0,64.0
14.24,1625449482.0,64.0
18.55,1625449482.0,64.0
21.6,1625449482.0,64.0
23.49,1625449482.0,64.0
24.63,1625449482.0,64.0
25.53,1625449482.0,64.0
26.55,1625449482.0,64.0
27.82,1625449482.0,64.0
29.12,1625449482.0,64.0
30.12,1625449482.0,64.0
30.54,1625449482.0,64.0
30.27,1625449482.0,64.0
29.35,1625449482.0,64.0
27.93,1625449482.0,64.0
26.2,1625449482.0,64.0
24.24,1625449482.0,64.0
22.09,1625449482.0,64.0
19.73,1625449482.0,64.0
17.15,1625449482.0,64.0
14.34,1625449482.0,64.0
11.34,1625449482.0,64.0
8.22,1625449482.0,64.0
5.08,1625449482.0,64.0
1.97,1625449482.0,64.0
-1.12,1625449482.0,64.0
-4.24,1625449482.0,64.0
-7.55,1625449482.0,64.0
-11.14,1625449482.0,64.0
-15.04,1625449482.0,64.0
-19.2,1625449482.0,64.0
-23.52,1625449482.0,64.0
-27.94,1625449482.0,64.0
-32.49,1625449482.0,64.0
-37.11,1625449482.0,64.0
-41.6,1625449482.0,64.0
-45.47,1625449482.0,64.0
-48.06,1625449482.0,64.0
-48.67,1625449482.0,64.0
-46.96,1625449482.0,64.0
-43.01,1625449482.0,64.0
-37.34,1625449482.0,64.0
-30.61,1625449482.0,64.0
-23.41,1625449482.0,64.0
-16.04,1625449482.0,64.0
-8.59,1625449482.0,64.0
-1.14,1625449482.0,64.0
6.13,1625449482.0,64.0
12.86,1625449482.0,64.0
18.65,1625449482.0,64.0
23.2,1625449482.0,64.0
26.48,1625449482.0,64.0
28.71,1625449482.0,64.0
30.26,1625449482.0,64.0
31.5,1625449482.0,64.0
32.7,1625449482.0,64.0
33.92,1625449482.0,64.0
35.04,1625449482.0,64.0
35.89,1625449482.0,64.0
36.25,1625449482.0,64.0
36.03,1625449482.0,64.0
35.25,1625449482.0,64.0
34.0,1625449482.0,64.0
32.39,1625449482.0,64.0
30.46,1625449482.0,64.0
28.22,1625449482.0,64.0
25.66,1625449482.0,64.0
22.81,1625449482.0,64.0
19.77,1625449482.0,64.0
16.66,1625449482.0,64.0
13.6,1625449482.0,64.0
10.61,1625449482.0,64.0
7.63,1625449482.0,64.0
4.59,1625449482.0,64.0
1.4,1625449482.0,64.0
-2.01,1625449482.0,64.0
-5.66,1625449482.0,64.0
-9.55,1625449482.0,64.0
-13.68,1625449482.0,64.0
-18.04,1625449482.0,64.0
-22.62,1625449482.0,64.0
-27.39,1625449482.0,64.0
-32.32,1625449482.0,64.0
-37.32,1625449482.0,64.0
-42.15,1625449482.0,64.0
-46.43,1625449482.0,64.0
-49.61,1625449482.0,64.0
-51.14,1625449482.0,64.0
-50.6,1625449482.0,64.0
-47.88,1625449482.0,64.0
-43.24,1625449482.0,64.0
-37.23,1625449482.0,64.0
-30.38,1625449482.0,64.0
-23.12,1625449482.0,64.0
-15.63,1625449482.0,64.0
-7.98,1625449482.0,64.0
-0.29,1625449482.0,64.0
7.11,1625449482.0,64.0
13.77,1625449482.0,64.0
19.25,1625449482.0,64.0
23.34,1625449482.0,64.0
26.15,1625449482.0,64.0
28.05,1625449482.0,64.0
29.48,1625449482.0,64.0
30.79,1625449482.0,64.0
32.09,1625449482.0,64.0
33.35,1625449482.0,64.0
34.47,1625449482.0,64.0
35.34,1625449482.0,64.0
35.9,1625449482.0,64.0
36.06,1625449482.0,64.0
35.74,1625449482.0,64.0
34.8,1625449482.0,64.0
33.21,1625449482.0,64.0
31.01,1625449482.0,64.0
28.41,1625449482.0,64.0
25.64,1625449482.0,64.0
22.96,1625449482.0,64.0
20.51,1625449482.0,64.0
18.31,1625449482.0,64.0
16.21,1625449482.0,64.0
14.02,1625449482.0,64.0
11.54,1625449482.0,64.0
8.64,1625449482.0,64.0
5.32,1625449482.0,64.0
1.67,1625449482.0,64.0
-2.12,1625449482.0,64.0
-5.89,1625449482.0,64.0
-9.54,1625449482.0,64.0
-13.07,1625449482.0,64.0
-16.62,1625449482.0,64.0
-20.4,1625449482.0,64.0
-24.58,1625449482.0,64.0
-29.28,1625449482.0,64.0
-34.38,1625449482.0,64.0
-39.54,1625449482.0,64.0
-44.24,1625449482.0,64.0
-47.84,1625449482.0,64.0
-49.77,1625449482.0,64.0
-49.66,1625449482.0,64.0
-47.42,1625449482.0,64.0
-43.21,1625449482.0,64.0
-37.42,1625449482.0,64.0
-30.54,1625449482.0,64.0
-23.03,1625449482.0,64.0
-15.31,1625449482.0,64.0
-7.74,1625449482.0,64.0
-0.61,1625449482.0,64.0
5.79,1625449482.0,64.0
11.24,1625449482.0,64.0
15.65,1625449482.0,64.0
19.04,1625449482.0,64.0
21.58,1625449482.0,64.0
23.55,1625449482.0,64.0
25.24,1625449482.0,64.0
26.85,1625449482.0,64.0
28.47,1625449482.0,64.0
30.0,1625449482.0,64.0
31.3,1625449482.0,64.0
32.18,1625449482.0,64.0
32.58,1625449482.0,64.0
32.5,1625449482.0,64.0
32.05,1625449482.0,64.0
31.31,1625449482.0,64.0
30.3,1625449482.0,64.0
29.0,1625449482.0,64.0
27.33,1625449482.0,64.0
25.29,1625449482.0,64.0
22.96,1625449482.0,64.0
20.52,1625449482.0,64.0
18.12,1625449482.0,64.0
15.84,1625449482.0,64.0
13.61,1625449482.0,64.0
11.25,1625449482.0,64.0
8.59,1625449482.0,64.0
5.57,1625449482.0,64.0
2.23,1625449482.0,64.0
-1.28,1625449482.0,64.0
-4.81,1625449482.0,64.0
-8.29,1625449482.0,64.0
-11.74,1625449482.0,64.0
-15.22,1625449482.0,64.0
-18.87,1625449482.0,64.0
-22.79,1625449482.0,64.0
-27.09,1625449482.0,64.0
-31.75,1625449482.0,64.0
-36.59,1625449482.0,64.0
-41.15,1625449482.0,64.0
-44.78,1625449482.0,64.0
-46.74,1625449482.0,64.0
-46.48,1625449482.0,64.0
-43.84,1625449482.0,64.0
-39.09,1625449482.0,64.0
-32.87,1625449482.0,64.0
-25.91,1625449482.0,64.0
-18.86,1625449482.0,64.0
-12.13,1625449482.0,64.0
-5.89,1625449482.0,64.0
-0.24,1625449482.0,64.0
4.71,1625449482.0,64.0
8.85,1625449482.0,64.0
12.11,1625449482.0,64.0
14.51,1625449482.0,64.0
16.28,1625449482.0,64.0
17.75,1625449482.0,64.0
19.25,1625449482.0,64.0
21.01,1625449482.0,64.0
23.0,1625449482.0,64.0
24.99,1625449482.0,64.0
26.67,1625449482.0,64.0
27.76,1625449482.0,64.0
28.11,1625449482.0,64.0
27.76,1625449482.0,64.0
26.86,1625449482.0,64.0
25.58,1625449482.0,64.0
24.05,1625449482.0,64.0
22.29,1625449482.0,64.0
20.3,1625449482.0,64.0
18.04,1625449482.0,64.0
15.52,1625449482.0,64.0
12.79,1625449482.0,64.0
9.95,1625449482.0,64.0
7.06,1625449482.0,64.0
4.16,1625449482.0,64.0
1.26,1625449482.0,64.0
-1.67,1625449482.0,64.0
-4.69,1625449482.0,64.0
-7.86,1625449482.0,64.0
-11.23,1625449482.0,64.0
-14.8,1625449482.0,64.0
-18.54,1625449482.0,64.0
-22.42,1625449482.0,64.0
-26.48,1625449482.0,64.0
-30.76,1625449482.0,64.0
-35.28,1625449482.0,64.0
-39.9,1625449482.0,64.0
-44.21,1625449482.0,64.0
-47.56,1625449482.0,64.0
-49.26,1625449482.0,64.0
-48.8,1625449482.0,64.0
-46.05,1625449482.0,64.0
-41.36,1625449482.0,64.0
-35.32,1625449482.0,64.0
-28.58,1625449482.0,64.0
-21.56,1625449482.0,64.0
-14.49,1625449482.0,64.0
-7.45,1625449482.0,64.0
-0.56,1625449482.0,64.0
5.91,1625449482.0,64.0
11.62,1625449482.0,64.0
16.26,1625449482.0,64.0
19.75,1625449482.0,64.0
22.27,1625449482.0,64.0
24.15,1625449482.0,64.0
25.74,1625449482.0,64.0
27.24,1625449482.0,64.0
28.67,1625449482.0,64.0
29.88,1625449482.0,64.0
30.69,1625449482.0,64.0
30.97,1625449482.0,64.0
30.76,1625449482.0,64.0
30.18,1625449482.0,64.0
29.36,1625449482.0,64.0
28.36,1625449482.0,64.0
27.14,1625449482.0,64.0
25.59,1625449482.0,64.0
23.66,1625449482.0,64.0
21.37,1625449482.0,64.0
18.83,1625449482.0,64.0
16.17,1625449482.0,64.0
13.49,1625449482.0,64.0
10.78,1625449482.0,64.0
7.99,1625449482.0,64.0
5.03,1625449482.0,64.0
1.88,1625449482.0,64.0
-1.45,1625449482.0,64.0
-4.86,1625449482.0,64.0
-8.31,1625449482.0,64.0
-11.8,1625449482.0,64.0
-15.38,1625449482.0,64.0
-19.16,1625449482.0,64.0
-23.22,1625449482.0,64.0
-27.65,1625449482.0,64.0
-32.43,1625449482.0,64.0
-37.4,1625449482.0,64.0
-42.21,1625449482.0,64.0
-46.32,1625449482.0,64.0
-49.1,1625449482.0,64.0
-50.01,1625449482.0,64.0
-48.77,1625449482.0,64.0
-45.49,1625449482.0,64.0
-40.55,1625449482.0,64.0
-34.53,1625449482.0,64.0
-27.94,1625449482.0,64.0
-21.12,1625449482.0,64.0
-14.24,1625449482.0,64.0
-7.39,1625449482.0,64.0
-0.68,1625449482.0,64.0
5.69,1625449482.0,64.0
11.45,1625449482.0,64.0
16.42,1625449482.0,64.0
20.49,1625449482.0,64.0
23.72,1625449482.0,64.0
26.27,1625449482.0,64.0
28.31,1625449482.0,64.0
29.97,1625449482.0,64.0
31.3,1625449482.0,64.0
32.32,1625449482.0,64.0
33.02,1625449482.0,64.0
33.43,1625449482.0,64.0
33.59,1625449482.0,64.0
33.56,1625449482.0,64.0
33.29,1625449482.0,64.0
32.71,1625449482.0,64.0
31.69,1625449482.0,64.0
30.13,1625449482.0,64.0
28.01,1625449482.0,64.0
25.47,1625449482.0,64.0
22.68,1625449482.0,64.0
19.8,1625449482.0,64.0
16.9,1625449482.0,64.0
13.98,1625449482.0,64.0
10.98,1625449482.0,64.0
7.91,1625449482.0,64.0
4.81,1625449482.0,64.0
1.77,1625449482.0,64.0
-1.17,1625449482.0,64.0
-4.07,1625449482.0,64.0
-7.11,1625449482.0,64.0
-10.49,1625449482.0,64.0
-14.35,1625449482.0,64.0
-18.73,1625449482.0,64.0
-23.53,1625449482.0,64.0
-28.64,1625449482.0,64.0
-33.88,1625449482.0,64.0
-39.07,1625449482.0,64.0
-43.9,1625449482.0,64.0
-47.92,1625449482.0,64.0
-50.58,1625449482.0,64.0
-51.34,1625449482.0,64.0
-49.87,1625449482.0,64.0
-46.2,1625449482.0,64.0
-40.72,1625449482.0,64.0
-34.04,1625449482.0,64.0
-26.81,1625449482.0,64.0
-19.48,1625449482.0,64.0
-12.26,1625449482.0,64.0
-5.25,1625449482.0,64.0
1.45,1625449482.0,64.0
7.6,1625449482.0,64.0
12.89,1625449482.0,64.0
17.05,1625449482.0,64.0
20.04,1625449482.0,64.0
22.08,1625449482.0,64.0
23.59,1625449482.0,64.0
25.03,1625449482.0,64.0
26.67,1625449482.0,64.0
28.48,1625449482.0,64.0
30.24,1625449482.0,64.0
31.6,1625449482.0,64.0
32.26,1625449482.0,64.0
32.09,1625449482.0,64.0
31.16,1625449482.0,64.0
29.67,1625449482.0,64.0
27.87,1625449482.0,64.0
25.95,1625449482.0,64.0
24.03,1625449482.0,64.0
22.11,1625449482.0,64.0
20.17,1625449482.0,64.0
18.16,1625449482.0,64.0
16.01,1625449482.0,64.0
13.69,1625449482.0,64.0
11.16,1625449482.0,64.0
8.38,1625449482.0,64.0
5.35,1625449482.0,64.0
2.09,1625449482.0,64.0
-1.36,1625449482.0,64.0
-4.96,1625449482.0,64.0
-8.64,1625449482.0,64.0
-12.33,1625449482.0,64.0
-15.99,1625449482.0,64.0
-19.63,1625449482.0,64.0
-23.36,1625449482.0,64.0
-27.34,1625449482.0,64.0
-31.66,1625449482.0,64.0
-36.19,1625449482.0,64.0
-40.52,1625449482.0,64.0
-43.89,1625449482.0,64.0
-45.52,1625449482.0,64.0
-44.81,1625449482.0,64.0
-41.65,1625449482.0,64.0
-36.46,1625449482.0,64.0
-30.01,1625449482.0,64.0
-23.12,1625449482.0,64.0
-16.41,1625449482.0,64.0
-10.13,1625449482.0,64.0
-4.29,1625449482.0,64.0
1.2,1625449482.0,64.0
6.33,1625449482.0,64.0
10.97,1625449482.0,64.0
14.91,1625449482.0,64.0
18.07,1625449482.0,64.0
20.48,1625449482.0,64.0
22.38,1625449482.0,64.0
24.04,1625449482.0,64.0
25.63,1625449482.0,64.0
27.2,1625449482.0,64.0
28.66,1625449482.0,64.0
29.84,1625449482.0,64.0
30.63,1625449482.0,64.0
30.98,1625449482.0,64.0
30.89,1625449482.0,64.0
30.38,1625449482.0,64.0
29.43,1625449482.0,64.0
28.01,1625449482.0,64.0
26.09,1625449482.0,64.0
23.72,1625449482.0,64.0
21.0,1625449482.0,64.0
18.12,1625449482.0,64.0
15.22,1625449482.0,64.0
12.41,1625449482.0,64.0
9.69,1625449482.0,64.0
7.0,1625449482.0,64.0
4.22,1625449482.0,64.0
1.3,1625449482.0,64.0
-1.77,1625449482.0,64.0
-4.94,1625449482.0,64.0
-8.14,1625449482.0,64.0
-11.36,1625449482.0,64.0
-14.64,1625449482.0,64.0
-18.11,1625449482.0,64.0
-21.87,1625449482.0,64.0
-26.0,1625449482.0,64.0
-30.42,1625449482.0,64.0
-34.9,1625449482.0,64.0
-39.08,1625449482.0,64.0
-42.5,1625449482.0,64.0
-44.69,1625449482.0,64.0
-45.25,1625449482.0,64.0
-43.97,1625449482.0,64.0
-40.83,1625449482.0,64.0
-36.06,1625449482.0,64.0
-30.05,1625449482.0,64.0
-23.28,1625449482.0,64.0
-16.21,1625449482.0,64.0
-9.28,1625449482.0,64.0
-2.87,1625449482.0,64.0
2.71,1625449482.0,64.0
7.19,1625449482.0,64.0
10.46,1625449482.0,64.0
12.59,1625449482.0,64.0
13.89,1625449482.0,64.0
14.84,1625449482.0,64.0
15.94,1625449482.0,64.0
17.51,1625449482.0,64.0
19.57,1625449482.0,64.0
21.84,1625449482.0,64.0
23.82,1625449482.0,64.0
25.06,1625449482.0,64.0
25.33,1625449482.0,64.0
24.69,1625449482.0,64.0
23.47,1625449482.0,64.0
22.02,1625449482.0,64.0
20.59,1625449482.0,64.0
19.23,1625449482.0,64.0
17.82,1625449482.0,64.0
16.19,1625449482.0,64.0
14.25,1625449482.0,64.0
12.0,1625449482.0,64.0
9.56,1625449482.0,64.0
7.09,1625449482.0,64.0
4.66,1625449482.0,64.0
2.26,1625449482.0,64.0
-0.2,1625449482.0,64.0
-2.87,1625449482.0,64.0
-5.88,1625449482.0,64.0
-9.31,1625449482.0,64.0
-13.16,1625449482.0,64.0
-17.4,1625449482.0,64.0
-21.91,1625449482.0,64.0
-26.53,1625449482.0,64.0
-31.0,1625449482.0,64.0
-34.93,1625449482.0,64.0
-37.86,1625449482.0,64.0
-39.33,1625449482.0,64.0
-39.0,1625449482.0,64.0
-36.77,1625449482.0,64.0
-32.86,1625449482.0,64.0
-27.63,1625449482.0,64.0
-21.56,1625449482.0,64.0
-15.03,1625449482.0,64.0
-8.37,1625449482.0,64.0
-1.87,1625449482.0,64.0
4.15,1625449482.0,64.0
9.33,1625449482.0,64.0
13.32,1625449482.0,64.0
15.94,1625449482.0,64.0
17.28,1625449482.0,64.0
17.74,1625449482.0,64.0
17.88,1625449482.0,64.0
18.22,1625449482.0,64.0
19.05,1625449482.0,64.0
20.3,1625449482.0,64.0
21.67,1625449482.0,64.0
22.75,1625449482.0,64.0
23.22,1625449482.0,64.0
22.98,1625449482.0,64.0
22.11,1625449482.0,64.0
20.75,1625449482.0,64.0
19.03,1625449482.0,64.0
16.97,1625449482.0,64.0
14.56,1625449482.0,64.0
11.82,1625449482.0,64.0
8.84,1625449482.0,64.0
5.76,1625449482.0,64.0
2.7,1625449482.0,64.0
-0.29,1625449482.0,64.0
-3.26,1625449482.0,64.0
-6.25,1625449482.0,64.0
-9.31,1625449482.0,64.0
-12.45,1625449482.0,64.0
-15.71,1625449482.0,64.0
-19.18,1625449482.0,64.0
-23.01,1625449482.0,64.0
-27.34,1625449482.0,64.0
-32.18,1625449482.0,64.0
-37.27,1625449482.0,64.0
-42.08,1625449482.0,64.0
-45.89,1625449482.0,64.0
-47.96,1625449482.0,64.0
-47.83,1625449482.0,64.0
-45.39,1625449482.0,64.0
-40.98,1625449482.0,64.0
-35.18,1625449482.0,64.0
-28.61,1625449482.0,64.0
-21.75,1625449482.0,64.0
-14.83,1625449482.0,64.0
-7.95,1625449482.0,64.0
-1.2,1625449482.0,64.0
5.21,1625449482.0,64.0
10.89,1625449482.0,64.0
15.46,1625449482.0,64.0
18.73,1625449482.0,64.0
20.85,1625449482.0,64.0
22.21,1625449482.0,64.0
23.34,1625449482.0,64.0
24.6,1625449482.0,64.0
26.09,1625449482.0,64.0
27.6,1625449482.0,64.0
28.78,1625449482.0,64.0
29.35,1625449482.0,64.0
29.23,1625449482.0,64.0
28.52,1625449482.0,64.0
27.42,1625449482.0,64.0
26.08,1625449482.0,64.0
24.5,1625449482.0,64.0
22.53,1625449482.0,64.0
19.99,1625449482.0,64.0
16.79,1625449482.0,64.0
13.03,1625449482.0,64.0
9.02,1625449482.0,64.0
5.17,1625449482.0,64.0
1.74,1625449482.0,64.0
-1.2,1625449482.0,64.0
-3.89,1625449482.0,64.0
-6.73,1625449482.0,64.0
-10.06,1625449482.0,64.0
-14.05,1625449482.0,64.0
-18.61,1625449482.0,64.0
-23.52,1625449482.0,64.0
-28.55,1625449482.0,64.0
-33.51,1625449482.0,64.0
-38.21,1625449482.0,64.0
-42.38,1625449482.0,64.0
-45.53,1625449482.0,64.0
-47.09,1625449482.0,64.0
-46.6,1625449482.0,64.0
-43.91,1625449482.0,64.0
-39.26,1625449482.0,64.0
-33.17,1625449482.0,64.0
-26.24,1625449482.0,64.0
-18.92,1625449482.0,64.0
-11.46,1625449482.0,64.0
-4.03,1625449482.0,64.0
3.2,1625449482.0,64.0
9.91,1625449482.0,64.0
15.69,1625449482.0,64.0
20.25,1625449482.0,64.0
23.52,1625449482.0,64.0
25.76,1625449482.0,64.0
27.41,1625449482.0,64.0
28.95,1625449482.0,64.0
30.58,1625449482.0,64.0
32.24,1625449482.0,64.0
33.63,1625449482.0,64.0
34.42,1625449482.0,64.0
34.43,1625449482.0,64.0
33.72,1625449482.0,64.0
32.5,1625449482.0,64.0
31.01,1625449482.0,64.0
29.38,1625449482.0,64.0
27.58,1625449482.0,64.0
25.52,1625449482.0,64.0
23.08,1625449482.0,64.0
20.27,1625449482.0,64.0
17.15,1625449482.0,64.0
13.83,1625449482.0,64.0
10.41,1625449482.0,64.0
6.94,1625449482.0,64.0
3.43,1625449482.0,64.0
-0.07,1625449482.0,64.0
-3.58,1625449482.0,64.0
-7.12,1625449482.0,64.0
-10.79,1625449482.0,64.0
-14.72,1625449482.0,64.0
-19.06,1625449482.0,64.0
-23.87,1625449482.0,64.0
-29.12,1625449482.0,64.0
-34.6,1625449482.0,64.0
-39.91,1625449482.0,64.0
-44.49,1625449482.0,64.0
-47.71,1625449482.0,64.0
-49.01,1625449482.0,64.0
-48.07,1625449482.0,64.0
-44.88,1625449482.0,64.0
-39.74,1625449482.0,64.0
-33.16,1625449482.0,64.0
-25.69,1625449482.0,64.0
-17.81,1625449482.0,64.0
-9.89,1625449482.0,64.0
-2.24,1625449482.0,64.0
4.85,1625449482.0,64.0
11.11,1625449482.0,64.0
16.33,1625449482.0,64.0
20.44,1625449482.0,64.0
23.56,1625449482.0,64.0
25.96,1625449482.0,64.0
28.0,1625449482.0,64.0
29.94,1625449482.0,64.0
31.88,1625449482.0,64.0
33.73,1625449482.0,64.0
35.27,1625449482.0,64.0
36.24,1625449482.0,64.0
36.46,1625449482.0,64.0
35.9,1625449482.0,64.0
34.65,1625449482.0,64.0
32.93,1625449482.0,64.0
30.97,1625449482.0,64.0
28.99,1625449482.0,64.0
27.11,1625449482.0,64.0
25.34,1625449482.0,64.0
23.61,1625449482.0,64.0
21.75,1625449482.0,64.0
19.59,1625449482.0,64.0
17.02,1625449482.0,64.0
14.0,1625449482.0,64.0
10.62,1625449482.0,64.0
7.02,1625449482.0,64.0
3.3,1625449482.0,64.0
-0.5,1625449482.0,64.0
-4.41,1625449482.0,64.0
-8.45,1625449482.0,64.0
-12.65,1625449482.0,64.0
-16.94,1625449482.0,64.0
-21.31,1625449482.0,64.0
-25.8,1625449482.0,64.0
-30.5,1625449482.0,64.0
-35.47,1625449482.0,64.0
-40.51,1625449482.0,64.0
-45.12,1625449482.0,64.0
-48.52,1625449482.0,64.0
-49.95,1625449482.0,64.0
-48.85,1625449482.0,64.0
-45.18,1625449482.0,64.0
-39.35,1625449482.0,64.0
-32.05,1625449482.0,64.0
-24.03,1625449482.0,64.0
-15.86,1625449482.0,64.0
-7.93,1625449482.0,64.0
-0.43,1625449482.0,64.0
6.44,1625449482.0,64.0
12.5,1625449482.0,64.0
17.55,1625449482.0,64.0
21.49,1625449482.0,64.0
24.42,1625449482.0,64.0
26.6,1625449482.0,64.0
28.37,1625449482.0,64.0
30.02,1625449482.0,64.0
31.68,1625449482.0,64.0
33.32,1625449482.0,64.0
34.77,1625449482.0,64.0
35.85,1625449482.0,64.0
36.43,1625449482.0,64.0
36.49,1625449482.0,64.0
36.05,1625449482.0,64.0
35.18,1625449482.0,64.0
33.91,1625449482.0,64.0
32.24,1625449482.0,64.0
30.2,1625449482.0,64.0
27.83,1625449482.0,64.0
25.22,1625449482.0,64.0
22.51,1625449482.0,64.0
19.81,1625449482.0,64.0
17.17,1625449482.0,64.0
14.5,1625449482.0,64.0
11.68,1625449482.0,64.0
8.53,1625449482.0,64.0
5.02,1625449482.0,64.0
1.19,1625449482.0,64.0
-2.8,1625449482.0,64.0
-6.78,1625449482.0,64.0
-10.7,1625449482.0,64.0
-14.58,1625449482.0,64.0
-18.54,1625449482.0,64.0
-22.69,1625449482.0,64.0
-27.12,1625449482.0,64.0
-31.83,1625449482.0,64.0
-36.72,1625449482.0,64.0
-41.54,1625449482.0,64.0
-45.89,1625449482.0,64.0
-49.16,1625449482.0,64.0
-50.71,1625449482.0,64.0
-50.04,1625449482.0,64.0
-46.99,1625449482.0,64.0
-41.83,1625449482.0,64.0
-35.15,1625449482.0,64.0
-27.62,1625449482.0,64.0
-19.81,1625449482.0,64.0
-12.03,1625449482.0,64.0
-4.42,1625449482.0,64.0
2.87,1625449482.0,64.0
9.57,1625449482.0,64.0
15.3,1625449482.0,64.0
19.72,1625449482.0,64.0
22.76,1625449482.0,64.0
24.68,1625449482.0,64.0
26.02,1625449482.0,64.0
27.34,1625449482.0,64.0
28.97,1625449482.0,64.0
30.91,1625449482.0,64.0
32.86,1625449482.0,64.0
34.45,1625449482.0,64.0
35.46,1625449482.0,64.0
35.93,1625449482.0,64.0
36.0,1625449482.0,64.0
35.84,1625449482.0,64.0
35.4,1625449482.0,64.0
34.47,1625449482.0,64.0
32.81,1625449482.0,64.0
30.34,1625449482.0,64.0
27.2,1625449482.0,64.0
23.76,1625449482.0,64.0
20.34,1625449482.0,64.0
17.16,1625449482.0,64.0
14.17,1625449482.0,64.0
11.17,1625449482.0,64.0
7.95,1625449482.0,64.0
4.43,1625449482.0,64.0
0.71,1625449482.0,64.0
-3.0,1625449482.0,64.0
-6.53,1625449482.0,64.0
-9.85,1625449482.0,64.0
-13.08,1625449482.0,64.0
-16.44,1625449482.0,64.0
-20.15,1625449482.0,64.0
-24.34,1625449482.0,64.0
-29.03,1625449482.0,64.0
-34.08,1625449482.0,64.0
-39.25,1625449482.0,64.0
-44.1,1625449482.0,64.0
-48.01,1625449482.0,64.0
-50.29,1625449482.0,64.0
-50.33,1625449482.0,64.0
-47.86,1625449482.0,64.0
-43.06,1625449482.0,64.0
-36.53,1625449482.0,64.0
-29.11,1625449482.0,64.0
-21.58,1625449482.0,64.0
-14.4,1625449482.0,64.0
-7.74,1625449482.0,64.0
-1.59,1625449482.0,64.0
4.03,1625449482.0,64.0
8.98,1625449482.0,64.0
13.07,1625449482.0,64.0
16.19,1625449482.0,64.0
18.44,1625449482.0,64.0
20.16,1625449482.0,64.0
21.73,1625449482.0,64.0
23.44,1625449482.0,64.0
25.29,1625449482.0,64.0
27.08,1625449482.0,64.0
28.47,1625449482.0,64.0
29.23,1625449482.0,64.0
29.33,1625449482.0,64.0
28.92,1625449482.0,64.0
28.23,1625449482.0,64.0
27.48,1625449482.0,64.0
26.71,1625449482.0,64.0
25.83,1625449482.0,64.0
24.69,1625449482.0,64.0
23.13,1625449482.0,64.0
21.14,1625449482.0,64.0
18.78,1625449482.0,64.0
16.21,1625449482.0,64.0
13.59,1625449482.0,64.0
10.99,1625449482.0,64.0
8.4,1625449482.0,64.0
5.74,1625449482.0,64.0
2.9,1625449482.0,64.0
-0.18,1625449482.0,64.0
-3.49,1625449482.0,64.0
-6.96,1625449482.0,64.0
-10.52,1625449482.0,64.0
-14.15,1625449482.0,64.0
-17.89,1625449482.0,64.0
-21.85,1625449482.0,64.0
-26.08,1625449482.0,64.0
-30.48,1625449482.0,64.0
-34.73,1625449482.0,64.0
-38.34,1625449482.0,64.0
-40.77,1625449482.0,64.0
-41.5,1625449482.0,64.0
-40.31,1625449482.0,64.0
-37.21,1625449482.0,64.0
-32.52,1625449482.0,64.0
-26.72,1625449482.0,64.0
-20.34,1625449482.0,64.0
-13.86,1625449482.0,64.0
-7.61,1625449482.0,64.0
-1.82,1625449482.0,64.0
3.33,1625449482.0,64.0
7.67,1625449482.0,64.0
11.08,1625449482.0,64.0
13.5,1625449482.0,64.0
15.05,1625449482.0,64.0
16.01,1625449482.0,64.0
16.81,1625449482.0,64.0
17.82,1625449482.0,64.0
19.24,1625449482.0,64.0
20.95,1625449482.0,64.0
22.62,1625449482.0,64.0
23.82,1625449482.0,64.0
24.25,1625449482.0,64.0
23.81,1625449482.0,64.0
22.59,1625449482.0,64.0
20.84,1625449482.0,64.0
18.76,1625449482.0,64.0
16.53,1625449482.0,64.0
14.22,1625449482.0,64.0
11.85,1625449482.0,64.0
9.43,1625449482.0,64.0
7.01,1625449482.0,64.0
4.62,1625449482.0,64.0
2.29,1625449482.0,64.0
-0.03,1625449482.0,64.0
-2.43,1625449482.0,64.0
-5.06,1625449482.0,64.0
-8.01,1625449482.0,64.0
-11.33,1625449482.0,64.0
-14.98,1625449482.0,64.0
-18.82,1625449482.0,64.0
-22.73,1625449482.0,64.0
-26.68,1625449482.0,64.0
-30.72,1625449482.0,64.0
-34.93,1625449482.0,64.0
-39.24,1625449482.0,64.0
-43.33,1625449482.0,64.0
-46.62,1625449482.0,64.0
-48.4,1625449482.0,64.0
-48.13,1625449482.0,64.0
-45.64,1625449482.0,64.0
-41.16,1625449482.0,64.0
-35.28,1625449482.0,64.0
-28.63,1625449482.0,64.0
-21.71,1625449482.0,64.0
-14.83,1625449482.0,64.0
-8.15,1625449482.0,64.0
-1.79,1625449482.0,64.0
4.0,1625449482.0,64.0
8.97,1625449482.0,64.0
12.88,1625449482.0,64.0
15.74,1625449482.0,64.0
17.78,1625449482.0,64.0
19.42,1625449482.0,64.0
21.06,1625449482.0,64.0
22.95,1625449482.0,64.0
25.06,1625449482.0,64.0
27.15,1625449482.0,64.0
28.86,1625449482.0,64.0
29.86,1625449482.0,64.0
30.0,1625449482.0,64.0
29.29,1625449482.0,64.0
27.93,1625449482.0,64.0
26.17,1625449482.0,64.0
24.24,1625449482.0,64.0
22.28,1625449482.0,64.0
20.31,1625449482.0,64.0
18.24,1625449482.0,64.0
15.9,1625449482.0,64.0
13.17,1625449482.0,64.0
10.0,1625449482.0,64.0
6.55,1625449482.0,64.0
3.02,1625449482.0,64.0
-0.37,1625449482.0,64.0
-3.57,1625449482.0,64.0
-6.69,1625449482.0,64.0
-10.0,1625449482.0,64.0
-13.75,1625449482.0,64.0
-18.05,1625449482.0,64.0
-22.81,1625449482.0,64.0
-27.82,1625449482.0,64.0
-32.79,1625449482.0,64.0
-37.52,1625449482.0,64.0
-41.81,1625449482.0,64.0
-45.44,1625449482.0,64.0
-48.06,1625449482.0,64.0
-49.26,1625449482.0,64.0
-48.64,1625449482.0,64.0
-46.05,1625449482.0,64.0
-41.62,1625449482.0,64.0
-35.8,1625449482.0,64.0
-29.16,1625449482.0,64.0
-22.21,1625449482.0,64.0
-15.25,1625449482.0,64.0
-8.4,1625449482.0,64.0
-1.72,1625449482.0,64.0
4.65,1625449482.0,64.0
10.42,1625449482.0,64.0
15.24,1625449482.0,64.0
18.85,1625449482.0,64.0
21.28,1625449482.0,64.0
22.89,1625449482.0,64.0
24.19,1625449482.0,64.0
25.69,1625449482.0,64.0
27.59,1625449482.0,64.0
29.79,1625449482.0,64.0
31.88,1625449482.0,64.0
33.39,1625449482.0,64.0
33.97,1625449482.0,64.0
33.54,1625449482.0,64.0
32.3,1625449482.0,64.0
30.55,1625449482.0,64.0
28.57,1625449482.0,64.0
26.49,1625449482.0,64.0
24.32,1625449482.0,64.0
21.97,1625449482.0,64.0
19.42,1625449482.0,64.0
16.7,1625449482.0,64.0
13.92,1625449482.0,64.0
11.14,1625449482.0,64.0
8.41,1625449482.0,64.0
5.66,1625449482.0,64.0
2.79,1625449482.0,64.0
-0.32,1625449482.0,64.0
-3.7,1625449482.0,64.0
-7.36,1625449482.0,64.0
-11.27,1625449482.0,64.0
-15.4,1625449482.0,64.0
-19.76,1625449482.0,64.0
-24.41,1625449482.0,64.0
-29.36,1625449482.0,64.0
-34.56,1625449482.0,64.0
-39.81,1625449482.0,64.0
-44.73,1625449482.0,64.0
-48.75,1625449482.0,64.0
-51.23,1625449482.0,64.0
-51.64,1625449482.0,64.0
-49.72,1625449482.0,64.0
-45.63,1625449482.0,64.0
-39.82,1625449482.0,64.0
-32.91,1625449482.0,64.0
-25.48,1625449482.0,64.0
-17.9,1625449482.0,64.0
-10.38,1625449482.0,64.0
-3.05,1625449482.0,64.0
3.89,1625449482.0,64.0
10.16,1625449482.0,64.0
15.43,1625449482.0,64.0
19.53,1625449482.0,64.0
22.51,1625449482.0,64.0
24.68,1625449482.0,64.0
26.45,1625449482.0,64.0
28.13,1625449482.0,64.0
29.85,1625449482.0,64.0
31.47,1625449482.0,64.0
32.77,1625449482.0,64.0
33.53,1625449482.0,64.0
33.67,1625449482.0,64.0
33.25,1625449482.0,64.0
32.43,1625449482.0,64.0
31.34,1625449482.0,64.0
30.03,1625449482.0,64.0
28.47,1625449482.0,64.0
26.58,1625449482.0,64.0
24.36,1625449482.0,64.0
21.86,1625449482.0,64.0
19.2,1625449482.0,64.0
16.52,1625449482.0,64.0
13.88,1625449482.0,64.0
11.29,1625449482.0,64.0
8.63,1625449482.0,64.0
5.82,1625449482.0,64.0
2.82,1625449482.0,64.0
-0.36,1625449482.0,64.0
-3.67,1625449482.0,64.0
-7.11,1625449482.0,64.0
-10.72,1625449482.0,64.0
-14.6,1625449482.0,64.0
-18.83,1625449482.0,64.0
-23.48,1625449482.0,64.0
-28.5,1625449482.0,64.0
-33.81,1625449482.0,64.0
-39.14,1625449482.0,64.0
-44.05,1625449482.0,64.0
-47.95,1625449482.0,64.0
-50.24,1625449482.0,64.0
-50.45,1625449482.0,64.0
-48.42,1625449482.0,64.0
-44.37,1625449482.0,64.0
-38.79,1625449482.0,64.0
-32.25,1625449482.0,64.0
-25.22,1625449482.0,64.0
-17.93,1625449482.0,64.0
-10.54,1625449482.0,64.0
-3.17,1625449482.0,64.0
3.9,1625449482.0,64.0
10.3,1625449482.0,64.0
15.65,1625449482.0,64.0
19.75,1625449482.0,64.0
22.65,1625449482.0,64.0
24.65,1625449482.0,64.0
26.16,1625449482.0,64.0
27.52,1625449482.0,64.0
28.92,1625449482.0,64.0
30.32,1625449482.0,64.0
31.61,1625449482.0,64.0
32.64,1625449482.0,64.0
33.36,1625449482.0,64.0
33.71,1625449482.0,64.0
33.63,1625449482.0,64.0
33.0,1625449482.0,64.0
31.67,1625449482.0,64.0
29.62,1625449482.0,64.0
26.94,1625449482.0,64.0
23.89,1625449482.0,64.0
20.8,1625449482.0,64.0
17.9,1625449482.0,64.0
15.24,1625449482.0,64.0
12.69,1625449482.0,64.0
10.04,1625449482.0,64.0
7.15,1625449482.0,64.0
3.99,1625449482.0,64.0
0.67,1625449482.0,64.0
-2.64,1625449482.0,64.0
-5.83,1625449482.0,64.0
-8.9,1625449482.0,64.0
-11.95,1625449482.0,64.0
-15.14,1625449482.0,64.0
-18.63,1625449482.0,64.0
-22.54,1625449482.0,64.0
-26.85,1625449482.0,64.0
-31.46,1625449482.0,64.0
-36.05,1625449482.0,64.0
-40.18,1625449482.0,64.0
-43.3,1625449482.0,64.0
-44.88,1625449482.0,64.0
-44.5,1625449482.0,64.0
-42.05,1625449482.0,64.0
-37.66,1625449482.0,64.0
-31.7,1625449482.0,64.0
-24.71,1625449482.0,64.0
-17.23,1625449482.0,64.0
-9.77,1625449482.0,64.0
-2.77,1625449482.0,64.0
3.4,1625449482.0,64.0
8.51,1625449482.0,64.0
12.46,1625449482.0,64.0
15.33,1625449482.0,64.0
17.36,1625449482.0,64.0
18.88,1625449482.0,64.0
20.25,1625449482.0,64.0
21.73,1625449482.0,64.0
23.46,1625449482.0,64.0
25.34,1625449482.0,64.0
27.18,1625449482.0,64.0
28.65,1625449482.0,64.0
29.51,1625449482.0,64.0
29.63,1625449482.0,64.0
29.08,1625449482.0,64.0
28.04,1625449482.0,64.0
26.7,1625449482.0,64.0
25.19,1625449482.0,64.0
23.5,1625449482.0,64.0
21.53,1625449482.0,64.0
19.23,1625449482.0,64.0
16.59,1625449482.0,64.0
13.76,1625449482.0,64.0
10.88,1625449482.0,64.0
8.1,1625449482.0,64.0
5.46,1625449482.0,64.0
2.9,1625449482.0,64.0
0.29,1625449482.0,64.0
-2.54,1625449482.0,64.0
-5.71,1625449482.0,64.0
-9.27,1625449482.0,64.0
-13.18,1625449482.0,64.0
-17.35,1625449482.0,64.0
-21.7,1625449482.0,64.0
-26.18,1625449482.0,64.0
-30.75,1625449482.0,64.0
-35.29,1625449482.0,64.0
-39.52,1625449482.0,64.0
-42.95,1625449482.0,64.0
-44.98,1625449482.0,64.0
-45.05,1625449482.0,64.0
-42.9,1625449482.0,64.0
-38.68,1625449482.0,64.0
-32.92,1625449482.0,64.0
-26.31,1625449482.0,64.0
-19.44,1625449482.0,64.0
-12.71,1625449482.0,64.0
-6.25,1625449482.0,64.0
-0.13,1625449482.0,64.0
5.5,1625449482.0,64.0
10.32,1625449482.0,64.0
14.05,1625449482.0,64.0
16.55,1625449482.0,64.0
18.05,1625449482.0,64.0
19.04,1625449482.0,64.0
20.08,1625449482.0,64.0
21.53,1625449482.0,64.0
23.37,1625449482.0,64.0
25.25,1625449482.0,64.0
26.68,1625449482.0,64.0
27.34,1625449482.0,64.0
27.18,1625449482.0,64.0
26.39,1625449482.0,64.0
25.26,1625449482.0,64.0
23.93,1625449482.0,64.0
22.38,1625449482.0,64.0
20.47,1625449482.0,64.0
18.07,1625449482.0,64.0
15.18,1625449482.0,64.0
11.94,1625449482.0,64.0
8.55,1625449482.0,64.0
5.22,1625449482.0,64.0
2.06,1625449482.0,64.0
-0.95,1625449482.0,64.0
-3.87,1625449482.0,64.0
-6.81,1625449482.0,64.0
-9.9,1625449482.0,64.0
-13.23,1625449482.0,64.0
-16.88,1625449482.0,64.0
-20.92,1625449482.0,64.0
-25.4,1625449482.0,64.0
-30.27,1625449482.0,64.0
-35.35,1625449482.0,64.0
-40.28,1625449482.0,64.0
-44.5,1625449482.0,64.0
-47.4,1625449482.0,64.0
-48.44,1625449482.0,64.0
-47.33,1625449482.0,64.0
-44.12,1625449482.0,64.0
-39.19,1625449482.0,64.0
-33.09,1625449482.0,64.0
-26.35,1625449482.0,64.0
-19.31,1625449482.0,64.0
-12.16,1625449482.0,64.0
-4.99,1625449482.0,64.0
2.07,1625449482.0,64.0
8.72,1625449482.0,64.0
14.62,1625449482.0,64.0
19.44,1625449482.0,64.0
23.08,1625449482.0,64.0
25.68,1625449482.0,64.0
27.58,1625449482.0,64.0
29.15,1625449482.0,64.0
30.68,1625449482.0,64.0
32.25,1625449482.0,64.0
33.76,1625449482.0,64.0
35.01,1625449482.0,64.0
35.78,1625449482.0,64.0
35.94,1625449482.0,64.0
35.45,1625449482.0,64.0
34.39,1625449482.0,64.0
32.86,1625449482.0,64.0
30.97,1625449482.0,64.0
28.8,1625449482.0,64.0
26.42,1625449482.0,64.0
23.86,1625449482.0,64.0
21.13,1625449482.0,64.0
18.21,1625449482.0,64.0
15.06,1625449482.0,64.0
11.67,1625449482.0,64.0
8.05,1625449482.0,64.0
4.31,1625449482.0,64.0
0.57,1625449482.0,64.0
-3.06,1625449482.0,64.0
-6.56,1625449482.0,64.0
-10.09,1625449482.0,64.0
-13.91,1625449482.0,64.0
-18.27,1625449482.0,64.0
-23.29,1625449482.0,64.0
-28.84,1625449482.0,64.0
-34.54,1625449482.0,64.0
-39.87,1625449482.0,64.0
-44.24,1625449482.0,64.0
-47.14,1625449482.0,64.0
-48.21,1625449482.0,64.0
-47.31,1625449482.0,64.0
-44.51,1625449482.0,64.0
-40.07,1625449482.0,64.0
-34.37,1625449482.0,64.0
-27.78,1625449482.0,64.0
-20.63,1625449482.0,64.0
-13.18,1625449482.0,64.0
-5.63,1625449482.0,64.0
1.73,1625449482.0,64.0
8.57,1625449482.0,64.0
14.52,1625449482.0,64.0
19.27,1625449482.0,64.0
22.73,1625449482.0,64.0
25.06,1625449482.0,64.0
26.61,1625449482.0,64.0
27.8,1625449482.0,64.0
28.96,1625449482.0,64.0
30.27,1625449482.0,64.0
31.67,1625449482.0,64.0
32.98,1625449482.0,64.0
33.96,1625449482.0,64.0
34.41,1625449482.0,64.0
34.22,1625449482.0,64.0
33.41,1625449482.0,64.0
32.04,1625449482.0,64.0
30.24,1625449482.0,64.0
28.12,1625449482.0,64.0
25.79,1625449482.0,64.0
23.37,1625449482.0,64.0
20.92,1625449482.0,64.0
18.5,1625449482.0,64.0
16.1,1625449482.0,64.0
13.65,1625449482.0,64.0
11.08,1625449482.0,64.0
8.3,1625449482.0,64.0
5.3,1625449482.0,64.0
2.08,1625449482.0,64.0
-1.32,1625449482.0,64.0
-4.85,1625449482.0,64.0
-8.51,1625449482.0,64.0
-12.33,1625449482.0,64.0
-16.37,1625449482.0,64.0
-20.71,1625449482.0,64.0
-25.42,1625449482.0,64.0
-30.49,1625449482.0,64.0
-35.78,1625449482.0,64.0
-40.96,1625449482.0,64.0
-45.53,1625449482.0,64.0
-48.89,1625449482.0,64.0
-50.5,1625449482.0,64.0
-50.05,1625449482.0,64.0
-47.51,1625449482.0,64.0
-43.15,1625449482.0,64.0
-37.4,1625449482.0,64.0
-30.72,1625449482.0,64.0
-23.46,1625449482.0,64.0
-15.9,1625449482.0,64.0
-8.26,1625449482.0,64.0
-0.81,1625449482.0,64.0
6.1,1625449482.0,64.0
12.13,1625449482.0,64.0
17.05,1625449482.0,64.0
20.81,1625449482.0,64.0
23.59,1625449482.0,64.0
25.69,1625449482.0,64.0
27.42,1625449482.0,64.0
29.01,1625449482.0,64.0
30.52,1625449482.0,64.0
31.92,1625449482.0,64.0
33.08,1625449482.0,64.0
33.9,1625449482.0,64.0
34.32,1625449482.0,64.0
34.34,1625449482.0,64.0
33.99,1625449482.0,64.0
33.29,1625449482.0,64.0
32.26,1625449482.0,64.0
30.89,1625449482.0,64.0
29.18,1625449482.0,64.0
27.15,1625449482.0,64.0
24.87,1625449482.0,64.0
22.44,1625449482.0,64.0
19.93,1625449482.0,64.0
17.41,1625449482.0,64.0
14.84,1625449482.0,64.0
12.15,1625449482.0,64.0
9.23,1625449482.0,64.0
6.03,1625449482.0,64.0
2.61,1625449482.0,64.0
-0.88,1625449482.0,64.0
-4.27,1625449482.0,64.0
-7.39,1625449482.0,64.0
-10.2,1625449482.0,64.0
-12.78,1625449482.0,64.0
-15.35,1625449482.0,64.0
-18.26,1625449482.0,64.0
-21.77,1625449482.0,64.0
-25.99,1625449482.0,64.0
-30.69,1625449482.0,64.0
-35.3,1625449482.0,64.0
-38.98,1625449482.0,64.0
-40.86,1625449482.0,64.0
-40.32,1625449482.0,64.0
-37.23,1625449482.0,64.0
-31.96,1625449482.0,64.0
-25.23,1625449482.0,64.0
-17.8,1625449482.0,64.0
-10.19,1625449482.0,64.0
-2.51,1625449482.0,64.0
5.4,1625449482.0,64.0
13.75,1625449482.0,64.0
22.56,1625449482.0,64.0
31.53,1625449482.0,64.0
40.09,1625449482.0,64.0
47.61,1625449482.0,64.0
53.57,1625449482.0,64.0
57.73,1625449482.0,64.0
60.24,1625449482.0,64.0
61.82,1625449482.0,64.0
63.83,1625449482.0,64.0
68.14,1625449482.0,64.0
76.64,1625449482.0,64.0
90.52,1625449482.0,64.0
109.79,1625449482.0,64.0
133.02,1625449482.0,64.0
157.74,1625449482.0,64.0
181.15,1625449482.0,64.0
200.87,1625449482.0,64.0
215.37,1625449482.0,64.0
223.95,1625449482.0,64.0
226.53,1625449482.0,64.0
223.28,1625449482.0,64.0
214.57,1625449482.0,64.0
200.86,1625449482.0,64.0
182.73,1625449482.0,64.0
160.88,1625449482.0,64.0
136.12,1625449482.0,64.0
109.43,1625449482.0,64.0
82.11,1625449482.0,64.0
55.67,1625449482.0,64.0
31.58,1625449482.0,64.0
10.82,1625449482.0,64.0
-6.52,1625449482.0,64.0
-21.24,1625449482.0,64.0
-34.52,1625449482.0,64.0
-47.44,1625449482.0,64.0
-60.65,1625449482.0,64.0
-74.33,1625449482.0,64.0
-88.35,1625449482.0,64.0
-102.52,1625449482.0,64.0
-116.46,1625449482.0,64.0
-129.58,1625449482.0,64.0
-141.23,1625449482.0,64.0
-151.15,1625449482.0,64.0
-159.93,1625449482.0,64.0
-168.95,1625449482.0,64.0
-179.59,1625449482.0,64.0
-192.31,1625449482.0,64.0
-206.09,1625449482.0,64.0
-218.87,1625449482.0,64.0
-228.46,1625449482.0,64.0
-233.58,1625449482.0,64.0
-234.11,1625449482.0,64.0
-230.86,1625449482.0,64.0
-224.97,1625449482.0,64.0
-217.76,1625449482.0,64.0
-210.87,1625449482.0,64.0
-206.36,1625449482.0,64.0
-206.37,1625449482.0,64.0
-212.16,1625449482.0,64.0
-223.16,1625449482.0,64.0
-236.83,1625449482.0,64.0
-249.4,1625449482.0,64.0
-257.47,1625449482.0,64.0
-259.6,1625449482.0,64.0
-256.85,1625449482.0,64.0
-251.82,1625449482.0,64.0
-247.05,1625449482.0,64.0
-243.57,1625449482.0,64.0
-240.41,1625449482.0,64.0
-235.14,1625449482.0,64.0
-225.22,1625449482.0,64.0
-209.14,1625449482.0,64.0
-187.15,1625449482.0,64.0
-161.03,1625449482.0,64.0
-133.25,1625449482.0,64.0
-106.04,1625449482.0,64.0
-80.66,1625449482.0,64.0
-57.41,1625449482.0,64.0
-35.96,1625449482.0,64.0
-15.9,1625449482.0,64.0
3.11,1625449482.0,64.0
21.46,1625449482.0,64.0
39.76,1625449482.0,64.0
58.68,1625449482.0,64.0
78.61,1625449482.0,64.0
99.15,1625449482.0,64.0
118.93,1625449482.0,64.0
135.93,1625449482.0,64.0
148.1,1625449482.0,64.0
154.21,1625449482.0,64.0
154.3,1625449482.0,64.0
149.66,1625449482.0,64.0
142.27,1625449482.0,64.0
134.03,1625449482.0,64.0
126.2,1625449482.0,64.0
119.38,1625449482.0,64.0
113.81,1625449482.0,64.0
109.91,1625449482.0,64.0
108.38,1625449482.0,64.0
109.83,1625449482.0,64.0
114.14,1625449482.0,64.0
120.02,1625449482.0,64.0
125.16,1625449482.0,64.0
127.22,1625449482.0,64.0
124.92,1625449482.0,64.0
119.1,1625449482.0,64.0
112.57,1625449482.0,64.0
109.08,1625449482.0,64.0
111.43,1625449482.0,64.0
119.97,1625449482.0,64.0
132.26,1625449482.0,64.0
144.09,1625449482.0,64.0
151.39,1625449482.0,64.0
152.04,1625449482.0,64.0
146.59,1625449482.0,64.0
137.74,1625449482.0,64.0
129.0,1625449482.0,64.0
123.44,1625449482.0,64.0
122.89,1625449482.0,64.0
127.78,1625449482.0,64.0
137.36,1625449482.0,64.0
149.98,1625449482.0,64.0
163.26,1625449482.0,64.0
174.23,1625449482.0,64.0
179.82,1625449482.0,64.0
177.57,1625449482.0,64.0
166.37,1625449482.0,64.0
146.84,1625449482.0,64.0
121.14,1625449482.0,64.0
92.34,1625449482.0,64.0
63.62,1625449482.0,64.0
37.61,1625449482.0,64.0
16.04,1625449482.0,64.0
-0.44,1625449482.0,64.0
-12.11,1625449482.0,64.0
-19.89,1625449482.0,64.0
-24.95,1625449482.0,64.0
-28.27,1625449482.0,64.0
-30.34,1625449482.0,64.0
-31.16,1625449482.0,64.0
-30.37,1625449482.0,64.0
-27.61,1625449482.0,64.0
-22.79,1625449482.0,64.0
-16.25,1625449482.0,64.0
-8.76,1625449482.0,64.0
-1.38,1625449482.0,64.0
4.81,1625449482.0,64.0
8.94,1625449482.0,64.0
10.54,1625449482.0,64.0
9.55,1625449482.0,64.0
6.29,1625449482.0,64.0
1.27,1625449482.0,64.0
-5.03,1625449482.0,64.0
-12.26,1625449482.0,64.0
-20.2,1625449482.0,64.0
-28.76,1625449482.0,64.0
-37.79,1625449482.0,64.0
-47.1,1625449482.0,64.0
-56.43,1625449482.0,64.0
-65.48,1625449482.0,64.0
-73.84,1625449482.0,64.0
-81.04,1625449482.0,64.0
-86.54,1625449482.0,64.0
-89.78,1625449482.0,64.0
-90.34,1625449482.0,64.0
-88.18,1625449482.0,64.0
-83.73,1625449482.0,64.0
-77.94,1625449482.0,64.0
-72.06,1625449482.0,64.0
-67.29,1625449482.0,64.0
-64.45,1625449482.0,64.0
-63.79,1625449482.0,64.0
-65.05,1625449482.0,64.0
-67.69,1625449482.0,64.0
-71.16,1625449482.0,64.0
-75.01,1625449482.0,64.0
-78.84,1625449482.0,64.0
-82.24,1625449482.0,64.0
-84.68,1625449482.0,64.0
-85.67,1625449482.0,64.0
-84.85,1625449482.0,64.0
-82.12,1625449482.0,64.0
-77.62,1625449482.0,64.0
-71.6,1625449482.0,64.0
-64.33,1625449482.0,64.0
-55.99,1625449482.0,64.0
-46.76,1625449482.0,64.0
-36.9,1625449482.0,64.0
-26.83,1625449482.0,64.0
-17.09,1625449482.0,64.0
-8.25,1625449482.0,64.0
-0.78,1625449482.0,64.0
5.07,1625449482.0,64.0
9.32,1625449482.0,64.0
12.26,1625449482.0,64.0
14.32,1625449482.0,64.0
15.91,1625449482.0,64.0
17.3,1625449482.0,64.0
18.52,1625449482.0,64.0
19.49,1625449482.0,64.0
20.11,1625449482.0,64.0
20.4,1625449482.0,64.0
20.52,1625449482.0,64.0
20.64,1625449482.0,64.0
20.82,1625449482.0,64.0
20.96,1625449482.0,64.0
20.83,1625449482.0,64.0
20.27,1625449482.0,64.0
19.28,1625449482.0,64.0
18.01,1625449482.0,64.0
16.66,1625449482.0,64.0
15.33,1625449482.0,64.0
13.98,1625449482.0,64.0
12.46,1625449482.0,64.0
10.59,1625449482.0,64.0
8.25,1625449482.0,64.0
5.41,1625449482.0,64.0
2.14,1625449482.0,64.0
-1.44,1625449482.0,64.0
-5.15,1625449482.0,64.0
-8.74,1625449482.0,64.0
-11.92,1625449482.0,64.0
-14.39,1625449482.0,64.0
-15.9,1625449482.0,64.0
-16.24,1625449482.0,64.0
-15.31,1625449482.0,64.0
-13.07,1625449482.0,64.0
-9.57,1625449482.0,64.0
-4.94,1625449482.0,64.0
0.66,1625449482.0,64.0
6.96,1625449482.0,64.0
13.68,1625449482.0,64.0
20.45,1625449482.0,64.0
26.9,1625449482.0,64.0
32.67,1625449482.0,64.0
37.55,1625449482.0,64.0
41.46,1625449482.0,64.0
44.53,1625449482.0,64.0
46.95,1625449482.0,64.0
48.81,1625449482.0,64.0
50.03,1625449482.0,64.0
50.31,1625449482.0,64.0
49.31,1625449482.0,64.0
46.88,1625449482.0,64.0
43.14,1625449482.0,64.0
38.48,1625449482.0,64.0
33.38,1625449482.0,64.0
28.2,1625449482.0,64.0
23.02,1625449482.0,64.0
17.71,1625449482.0,64.0
12.05,1625449482.0,64.0
5.95,1625449482.0,64.0
-0.55,1625449482.0,64.0
-7.31,1625449482.0,64.0
-14.18,1625449482.0,64.0
-21.13,1625449482.0,64.0
-28.12,1625449482.0,64.0
-35.02,1625449482.0,64.0
-41.53,1625449482.0,64.0
-47.24,1625449482.0,64.0
-51.76,1625449482.0,64.0
-54.95,1625449482.0,64.0
-56.95,1625449482.0,64.0
-58.12,1625449482.0,64.0
-58.9,1625449482.0,64.0
-59.49,1625449482.0,64.0
-59.87,1625449482.0,64.0
-59.78,1625449482.0,64.0
-58.96,1625449482.0,64.0
-57.18,1625449482.0,64.0
-54.3,1625449482.0,64.0
-50.13,1625449482.0,64.0
-44.42,1625449482.0,64.0
-36.94,1625449482.0,64.0
-27.62,1625449482.0,64.0
-16.83,1625449482.0,64.0
-5.36,1625449482.0,64.0
5.72,1625449482.0,64.0
15.4,1625449482.0,64.0
23.06,1625449482.0,64.0
28.71,1625449482.0,64.0
33.03,1625449482.0,64.0
36.99,1625449482.0,64.0
41.5,1625449482.0,64.0
46.96,1625449482.0,64.0
53.07,1625449482.0,64.0
58.98,1625449482.0,64.0
63.67,1625449482.0,64.0
66.43,1625449482.0,64.0
67.19,1625449482.0,64.0
66.54,1625449482.0,64.0
65.37,1625449482.0,64.0
64.45,1625449482.0,64.0
64.1,1625449482.0,64.0
64.03,1625449482.0,64.0
63.65,1625449482.0,64.0
62.3,1625449482.0,64.0
59.44,1625449482.0,64.0
54.84,1625449482.0,64.0
48.62,1625449482.0,64.0
41.47,1625449482.0,64.0
34.84,1625449482.0,64.0
30.75,1625449482.0,64.0
31.3,1625449482.0,64.0
37.73,1625449482.0,64.0
49.67,1625449482.0,64.0
64.81,1625449482.0,64.0
79.64,1625449482.0,64.0
90.64,1625449482.0,64.0
95.61,1625449482.0,64.0
94.37,1625449482.0,64.0
88.53,1625449482.0,64.0
80.51,1625449482.0,64.0
72.38,1625449482.0,64.0
65.18,1625449482.0,64.0
58.82,1625449482.0,64.0
52.7,1625449482.0,64.0
46.29,1625449482.0,64.0
39.51,1625449482.0,64.0
32.53,1625449482.0,64.0
25.53,1625449482.0,64.0
18.35,1625449482.0,64.0
10.51,1625449482.0,64.0
1.51,1625449482.0,64.0
-8.8,1625449482.0,64.0
-19.97,1625449482.0,64.0
-31.04,1625449482.0,64.0
-40.86,1625449482.0,64.0
-48.5,1625449482.0,64.0
-53.55,1625449482.0,64.0
-56.11,1625449482.0,64.0
-56.62,1625449482.0,64.0
-55.64,1625449482.0,64.0
-53.61,1625449482.0,64.0
-50.78,1625449482.0,64.0
-47.31,1625449482.0,64.0
-43.28,1625449482.0,64.0
-38.84,1625449482.0,64.0
-34.31,1625449482.0,64.0
-30.11,1625449482.0,64.0
-26.8,1625449482.0,64.0
-24.84,1625449482.0,64.0
-24.5,1625449482.0,64.0
-25.65,1625449482.0,64.0
-27.79,1625449482.0,64.0
-30.19,1625449482.0,64.0
-32.13,1625449482.0,64.0
-33.15,1625449482.0,64.0
-33.15,1625449482.0,64.0
-32.41,1625449482.0,64.0
-31.36,1625449482.0,64.0
-30.42,1625449482.0,64.0
-29.83,1625449482.0,64.0
-29.63,1625449482.0,64.0
-29.8,1625449482.0,64.0
-30.34,1625449482.0,64.0
-31.33,1625449482.0,64.0
-32.8,1625449482.0,64.0
-34.66,1625449482.0,64.0
-36.62,1625449482.0,64.0
-38.18,1625449482.0,64.0
-38.86,1625449482.0,64.0
-38.34,1625449482.0,64.0
-36.53,1625449482.0,64.0
-33.51,1625449482.0,64.0
-29.4,1625449482.0,64.0
-24.22,1625449482.0,64.0
-17.97,1625449482.0,64.0
-10.81,1625449482.0,64.0
-3.22,1625449482.0,64.0
3.96,1625449482.0,64.0
9.77,1625449482.0,64.0
13.46,1625449482.0,64.0
14.92,1625449482.0,64.0
14.68,1625449482.0,64.0
13.77,1625449482.0,64.0
13.27,1625449482.0,64.0
13.92,1625449482.0,64.0
15.84,1625449482.0,64.0
18.57,1625449482.0,64.0
21.32,1625449482.0,64.0
23.25,1625449482.0,64.0
23.82,1625449482.0,64.0
22.86,1625449482.0,64.0
20.68,1625449482.0,64.0
17.9,1625449482.0,64.0
15.27,1625449482.0,64.0
13.41,1625449482.0,64.0
12.58,1625449482.0,64.0
12.64,1625449482.0,64.0
13.05,1625449482.0,64.0
13.16,1625449482.0,64.0
12.43,1625449482.0,64.0
10.67,1625449482.0,64.0
7.98,1625449482.0,64.0
4.72,1625449482.0,64.0
1.28,1625449482.0,64.0
-2.06,1625449482.0,64.0
-5.13,1625449482.0,64.0
-7.9,1625449482.0,64.0
-10.43,1625449482.0,64.0
-12.83,1625449482.0,64.0
-15.19,1625449482.0,64.0
-17.52,1625449482.0,64.0
-19.68,1625449482.0,64.0
-21.4,1625449482.0,64.0
-22.33,1625449482.0,64.0
-22.16,1625449482.0,64.0
-20.7,1625449482.0,64.0
-17.98,1625449482.0,64.0
-14.16,1625449482.0,64.0
-9.5,1625449482.0,64.0
-4.3,1625449482.0,64.0
1.14,1625449482.0,64.0
6.51,1625449482.0,64.0
11.42,1625449482.0,64.0
15.53,1625449482.0,64.0
18.56,1625449482.0,64.0
20.46,1625449482.0,64.0
21.4,1625449482.0,64.0
21.69,1625449482.0,64.0
21.76,1625449482.0,64.0
21.91,1625449482.0,64.0
22.29,1625449482.0,64.0
22.81,1625449482.0,64.0
23.3,1625449482.0,64.0
23.51,1625449482.0,64.0
23.33,1625449482.0,64.0
22.76,1625449482.0,64.0
21.88,1625449482.0,64.0
20.81,1625449482.0,64.0
19.59,1625449482.0,64.0
18.17,1625449482.0,64.0
16.47,1625449482.0,64.0
14.38,1625449482.0,64.0
11.89,1625449482.0,64.0
9.08,1625449482.0,64.0
6.14,1625449482.0,64.0
3.28,1625449482.0,64.0
0.64,1625449482.0,64.0
-1.73,1625449482.0,64.0
-3.97,1625449482.0,64.0
-6.32,1625449482.0,64.0
-9.06,1625449482.0,64.0
-12.36,1625449482.0,64.0
-16.21,1625449482.0,64.0
-20.4,1625449482.0,64.0
-24.53,1625449482.0,64.0
-28.12,1625449482.0,64.0
-30.71,1625449482.0,64.0
-31.94,1625449482.0,64.0
-31.65,1625449482.0,64.0
-29.89,1625449482.0,64.0
-26.86,1625449482.0,64.0
-22.89,1625449482.0,64.0
-18.28,1625449482.0,64.0
-13.29,1625449482.0,64.0
-8.08,1625449482.0,64.0
-2.79,1625449482.0,64.0
2.42,1625449482.0,64.0
7.3,1625449482.0,64.0
11.58,1625449482.0,64.0
15.04,1625449482.0,64.0
17.56,1625449482.0,64.0
19.15,1625449482.0,64.0
19.96,1625449482.0,64.0
20.22,1625449482.0,64.0
20.19,1625449482.0,64.0
20.08,1625449482.0,64.0
20.01,1625449482.0,64.0
19.93,1625449482.0,64.0
19.72,1625449482.0,64.0
19.21,1625449482.0,64.0
18.34,1625449482.0,64.0
17.19,1625449482.0,64.0
15.94,1625449482.0,64.0
14.76,1625449482.0,64.0
13.66,1625449482.0,64.0
12.48,1625449482.0,64.0
10.94,1625449482.0,64.0
8.88,1625449482.0,64.0
6.33,1625449482.0,64.0
3.53,1625449482.0,64.0
0.83,1625449482.0,64.0
-1.52,1625449482.0,64.0
-3.48,1625449482.0,64.0
-5.21,1625449482.0,64.0
-6.99,1625449482.0,64.0
-9.1,1625449482.0,64.0
-11.67,1625449482.0,64.0
-14.71,1625449482.0,64.0
-18.12,1625449482.0,64.0
-21.68,1625449482.0,64.0
-25.12,1625449482.0,64.0
-28.1,1625449482.0,64.0
-30.24,1625449482.0,64.0
-31.24,1625449482.0,64.0
-30.91,1625449482.0,64.0
-29.23,1625449482.0,64.0
-26.36,1625449482.0,64.0
-22.59,1625449482.0,64.0
-18.21,1625449482.0,64.0
-13.46,1625449482.0,64.0
-8.51,1625449482.0,64.0
-3.5,1625449482.0,64.0
1.41,1625449482.0,64.0
5.97,1625449482.0,64.0
9.91,1625449482.0,64.0
13.01,1625449482.0,64.0
15.18,1625449482.0,64.0
16.55,1625449482.0,64.0
17.42,1625449482.0,64.0
18.1,1625449482.0,64.0
18.86,1625449482.0,64.0
19.73,1625449482.0,64.0
20.57,1625449482.0,64.0
21.16,1625449482.0,64.0
21.28,1625449482.0,64.0
20.89,1625449482.0,64.0
20.07,1625449482.0,64.0
18.99,1625449482.0,64.0
17.83,1625449482.0,64.0
16.67,1625449482.0,64.0
15.52,1625449482.0,64.0
14.27,1625449482.0,64.0
12.81,1625449482.0,64.0
11.01,1625449482.0,64.0
8.82,1625449482.0,64.0
6.24,1625449482.0,64.0
3.37,1625449482.0,64.0
0.37,1625449482.0,64.0
-2.59,1625449482.0,64.0
-5.4,1625449482.0,64.0
-8.08,1625449482.0,64.0
-10.73,1625449482.0,64.0
-13.49,1625449482.0,64.0
-16.48,1625449482.0,64.0
-19.78,1625449482.0,64.0
-23.35,1625449482.0,64.0
-27.05,1625449482.0,64.0
-30.71,1625449482.0,64.0
-34.01,1625449482.0,64.0
-36.55,1625449482.0,64.0
-37.89,1625449482.0,64.0
-37.66,1625449482.0,64.0
-35.64,1625449482.0,64.0
-31.93,1625449482.0,64.0
-26.89,1625449482.0,64.0
-21.09,1625449482.0,64.0
-15.08,1625449482.0,64.0
-9.28,1625449482.0,64.0
-3.92,1625449482.0,64.0
0.92,1625449482.0,64.0
5.27,1625449482.0,64.0
9.08,1625449482.0,64.0
12.29,1625449482.0,64.0
14.85,1625449482.0,64.0
16.77,1625449482.0,64.0
18.14,1625449482.0,64.0
19.14,1625449482.0,64.0
19.95,1625449482.0,64.0
20.64,1625449482.0,64.0
21.15,1625449482.0,64.0
21.38,1625449482.0,64.0
21.25,1625449482.0,64.0
20.74,1625449482.0,64.0
19.95,1625449482.0,64.0
18.99,1625449482.0,64.0
17.95,1625449482.0,64.0
16.83,1625449482.0,64.0
15.57,1625449482.0,64.0
14.05,1625449482.0,64.0
12.2,1625449482.0,64.0
10.03,1625449482.0,64.0
7.64,1625449482.0,64.0
5.16,1625449482.0,64.0
2.7,1625449482.0,64.0
0.36,1625449482.0,64.0
-1.85,1625449482.0,64.0
-3.96,1625449482.0,64.0
-6.0,1625449482.0,64.0
-8.06,1625449482.0,64.0
-10.24,1625449482.0,64.0
-12.66,1625449482.0,64.0
-15.47,1625449482.0,64.0
-18.74,1625449482.0,64.0
-22.47,1625449482.0,64.0
-26.46,1625449482.0,64.0
-30.38,1625449482.0,64.0
-33.77,1625449482.0,64.0
-36.16,1625449482.0,64.0
-37.2,1625449482.0,64.0
-36.7,1625449482.0,64.0
-34.63,1625449482.0,64.0
-31.14,1625449482.0,64.0
-26.48,1625449482.0,64.0
-20.98,1625449482.0,64.0
-15.02,1625449482.0,64.0
-8.96,1625449482.0,64.0
-3.16,1625449482.0,64.0
2.11,1625449482.0,64.0
6.64,1625449482.0,64.0
10.34,1625449482.0,64.0
13.18,1625449482.0,64.0
15.23,1625449482.0,64.0
16.61,1625449482.0,64.0
17.53,1625449482.0,64.0
18.19,1625449482.0,64.0
18.76,1625449482.0,64.0
19.37,1625449482.0,64.0
20.01,1625449482.0,64.0
20.64,1625449482.0,64.0
21.12,1625449482.0,64.0
21.34,1625449482.0,64.0
21.2,1625449482.0,64.0
20.7,1625449482.0,64.0
19.86,1625449482.0,64.0
18.73,1625449482.0,64.0
17.38,1625449482.0,64.0
15.84,1625449482.0,64.0
14.12,1625449482.0,64.0
12.21,1625449482.0,64.0
10.08,1625449482.0,64.0
7.78,1625449482.0,64.0
5.41,1625449482.0,64.0
3.09,1625449482.0,64.0
0.91,1625449482.0,64.0
-1.11,1625449482.0,64.0
-3.06,1625449482.0,64.0
-5.04,1625449482.0,64.0
-7.17,1625449482.0,64.0
-9.48,1625449482.0,64.0
-11.98,1625449482.0,64.0
-14.7,1625449482.0,64.0
-17.66,1625449482.0,64.0
-20.95,1625449482.0,64.0
-24.57,1625449482.0,64.0
-28.39,1625449482.0,64.0
-32.06,1625449482.0,64.0
-35.06,1625449482.0,64.0
-36.8,1625449482.0,64.0
-36.84,1625449482.0,64.0
-35.02,1625449482.0,64.0
-31.56,1625449482.0,64.0
-26.86,1625449482.0,64.0
-21.46,1625449482.0,64.0
-15.83,1625449482.0,64.0
-10.24,1625449482.0,64.0
-4.87,1625449482.0,64.0
0.18,1625449482.0,64.0
4.78,1625449482.0,64.0
8.74,1625449482.0,64.0
11.87,1625449482.0,64.0
14.05,1625449482.0,64.0
15.31,1625449482.0,64.0
15.87,1625449482.0,64.0
16.04,1625449482.0,64.0
16.18,1625449482.0,64.0
16.51,1625449482.0,64.0
17.1,1625449482.0,64.0
17.88,1625449482.0,64.0
18.66,1625449482.0,64.0
19.24,1625449482.0,64.0
19.48,1625449482.0,64.0
19.31,1625449482.0,64.0
18.72,1625449482.0,64.0
17.74,1625449482.0,64.0
16.44,1625449482.0,64.0
14.87,1625449482.0,64.0
13.11,1625449482.0,64.0
11.2,1625449482.0,64.0
9.2,1625449482.0,64.0
7.16,1625449482.0,64.0
5.1,1625449482.0,64.0
3.04,1625449482.0,64.0
0.93,1625449482.0,64.0
-1.25,1625449482.0,64.0
-3.55,1625449482.0,64.0
-5.96,1625449482.0,64.0
-8.41,1625449482.0,64.0
-10.81,1625449482.0,64.0
-13.12,1625449482.0,64.0
-15.43,1625449482.0,64.0
-17.96,1625449482.0,64.0
-20.95,1625449482.0,64.0
-24.55,1625449482.0,64.0
-28.62,1625449482.0,64.0
-32.69,1625449482.0,64.0
-36.08,1625449482.0,64.0
-38.06,1625449482.0,64.0
-38.14,1625449482.0,64.0
-36.28,1625449482.0,64.0
-32.89,1625449482.0,64.0
-28.62,1625449482.0,64.0
-24.15,1625449482.0,64.0
-19.88,1625449482.0,64.0
-15.83,1625449482.0,64.0
-11.72,1625449482.0,64.0
-7.29,1625449482.0,64.0
-2.47,1625449482.0,64.0
2.4,1625449482.0,64.0
6.75,1625449482.0,64.0
9.93,1625449482.0,64.0
11.58,1625449482.0,64.0
11.7,1625449482.0,64.0
10.62,1625449482.0,64.0
8.89,1625449482.0,64.0
7.2,1625449482.0,64.0
6.37,1625449482.0,64.0
7.23,1625449482.0,64.0
10.46,1625449482.0,64.0
16.23,1625449482.0,64.0
23.98,1625449482.0,64.0
32.52,1625449482.0,64.0
40.44,1625449482.0,64.0
46.73,1625449482.0,64.0
51.11,1625449482.0,64.0
53.97,1625449482.0,64.0
55.79,1625449482.0,64.0
56.6,1625449482.0,64.0
55.78,1625449482.0,64.0
52.42,1625449482.0,64.0
46.04,1625449482.0,64.0
37.02,1625449482.0,64.0
26.5,1625449482.0,64.0
15.82,1625449482.0,64.0
5.83,1625449482.0,64.0
-3.45,1625449482.0,64.0
-12.53,1625449482.0,64.0
-21.98,1625449482.0,64.0
-32.02,1625449482.0,64.0
-42.42,1625449482.0,64.0
-52.58,1625449482.0,64.0
-61.63,1625449482.0,64.0
-68.47,1625449482.0,64.0
-71.82,1625449482.0,64.0
-70.58,1625449482.0,64.0
-64.4,1625449482.0,64.0
-54.33,1625449482.0,64.0
-42.81,1625449482.0,64.0
-33.04,1625449482.0,64.0
-27.62,1625449482.0,64.0
-27.3,1625449482.0,64.0
-30.47,1625449482.0,64.0
-33.82,1625449482.0,64.0
-33.74,1625449482.0,64.0
-27.77,1625449482.0,64.0
-15.52,1625449482.0,64.0
1.49,1625449482.0,64.0
20.7,1625449482.0,64.0
39.54,1625449482.0,64.0
56.22,1625449482.0,64.0
69.93,1625449482.0,64.0
80.55,1625449482.0,64.0
88.19,1625449482.0,64.0
92.81,1625449482.0,64.0
94.16,1625449482.0,64.0
92.02,1625449482.0,64.0
86.46,1625449482.0,64.0
77.97,1625449482.0,64.0
67.39,1625449482.0,64.0
55.66,1625449482.0,64.0
43.45,1625449482.0,64.0
30.88,1625449482.0,64.0
17.59,1625449482.0,64.0
3.04,1625449482.0,64.0
-13.01,1625449482.0,64.0
-30.06,1625449482.0,64.0
-46.69,1625449482.0,64.0
-60.89,1625449482.0,64.0
-70.66,1625449482.0,64.0
-74.64,1625449482.0,64.0
-72.71,1625449482.0,64.0
-65.91,1625449482.0,64.0
-56.05,1625449482.0,64.0
-45.04,1625449482.0,64.0
-34.39,1625449482.0,64.0
-24.96,1625449482.0,64.0
-17.08,1625449482.0,64.0
-10.72,1625449482.0,64.0
-5.66,1625449482.0,64.0
-1.49,1625449482.0,64.0
2.35,1625449482.0,64.0
6.45,1625449482.0,64.0
11.25,1625449482.0,64.0
16.85,1625449482.0,64.0
22.92,1625449482.0,64.0
28.76,1625449482.0,64.0
33.53,1625449482.0,64.0
36.6,1625449482.0,64.0
37.83,1625449482.0,64.0
37.69,1625449482.0,64.0
37.2,1625449482.0,64.0
37.61,1625449482.0,64.0
39.94,1625449482.0,64.0
44.52,1625449482.0,64.0
50.77,1625449482.0,64.0
57.47,1625449482.0,64.0
63.33,1625449482.0,64.0
67.61,1625449482.0,64.0
70.48,1625449482.0,64.0
72.73,1625449482.0,64.0
75.09,1625449482.0,64.0
77.52,1625449482.0,64.0
78.91,1625449482.0,64.0
77.39,1625449482.0,64.0
71.09,1625449482.0,64.0
58.92,1625449482.0,64.0
40.94,1625449482.0,64.0
18.28,1625449482.0,64.0
-7.25,1625449482.0,64.0
-33.65,1625449482.0,64.0
-58.91,1625449482.0,64.0
-81.1,1625449482.0,64.0
-98.32,1625449482.0,64.0
-108.97,1625449482.0,64.0
-112.09,1625449482.0,64.0
-107.71,1625449482.0,64.0
-97.08,1625449482.0,64.0
-82.49,1625449482.0,64.0
-66.78,1625449482.0,64.0
-52.66,1625449482.0,64.0
-42.09,1625449482.0,64.0
-35.92,1625449482.0,64.0
-33.92,1625449482.0,64.0
-35.15,1625449482.0,64.0
-38.39,1625449482.0,64.0
-42.63,1625449482.0,64.0
-47.23,1625449482.0,64.0
-51.87,1625449482.0,64.0
-56.36,1625449482.0,64.0
-60.42,1625449482.0,64.0
-63.59,1625449482.0,64.0
-65.45,1625449482.0,64.0
-65.8,1625449482.0,64.0
-64.84,1625449482.0,64.0
-63.11,1625449482.0,64.0
-61.26,1625449482.0,64.0
-59.84,1625449482.0,64.0
-59.12,1625449482.0,64.0
-59.22,1625449482.0,64.0
-60.14,1625449482.0,64.0
-61.75,1625449482.0,64.0
-63.66,1625449482.0,64.0
-65.01,1625449482.0,64.0
-64.43,1625449482.0,64.0
-60.35,1625449482.0,64.0
-51.56,1625449482.0,64.0
-37.87,1625449482.0,64.0
-20.4,1625449482.0,64.0
-1.49,1625449482.0,64.0
15.97,1625449482.0,64.0
29.45,1625449482.0,64.0
37.45,1625449482.0,64.0
39.86,1625449482.0,64.0
37.7,1625449482.0,64.0
32.61,1625449482.0,64.0
26.23,1625449482.0,64.0
19.77,1625449482.0,64.0
13.85,1625449482.0,64.0
8.52,1625449482.0,64.0
3.57,1625449482.0,64.0
-1.22,1625449482.0,64.0
-5.93,1625449482.0,64.0
-10.38,1625449482.0,64.0
-14.18,1625449482.0,64.0
-16.98,1625449482.0,64.0
-18.57,1625449482.0,64.0
-19.06,1625449482.0,64.0
-18.81,1625449482.0,64.0
-18.29,1625449482.0,64.0
-17.88,1625449482.0,64.0
-17.74,1625449482.0,64.0
-17.75,1625449482.0,64.0
-17.61,1625449482.0,64.0
-17.04,1625449482.0,64.0
-15.89,1625449482.0,64.0
-14.15,1625449482.0,64.0
-11.93,1625449482.0,64.0
-9.37,1625449482.0,64.0
-6.61,1625449482.0,64.0
-3.63,1625449482.0,64.0
-0.26,1625449482.0,64.0
3.81,1625449482.0,64.0
8.92,1625449482.0,64.0
15.27,1625449482.0,64.0
22.76,1625449482.0,64.0
30.86,1625449482.0,64.0
38.76,1625449482.0,64.0
45.59,1625449482.0,64.0
50.77,1625449482.0,64.0
54.16,1625449482.0,64.0
56.13,1625449482.0,64.0
57.34,1625449482.0,64.0
58.44,1625449482.0,64.0
59.77,1625449482.0,64.0
61.22,1625449482.0,64.0
62.32,1625449482.0,64.0
62.49,1625449482.0,64.0
61.35,1625449482.0,64.0
58.92,1625449482.0,64.0
55.68,1625449482.0,64.0
52.44,1625449482.0,64.0
49.97,1625449482.0,64.0
48.66,1625449482.0,64.0
48.39,1625449482.0,64.0
48.51,1625449482.0,64.0
48.16,1625449482.0,64.0
46.58,1625449482.0,64.0
43.3,1625449482.0,64.0
38.26,1625449482.0,64.0
31.65,1625449482.0,64.0
23.95,1625449482.0,64.0
15.75,1625449482.0,64.0
7.69,1625449482.0,64.0
0.28,1625449482.0,64.0
-6.24,1625449482.0,64.0
-11.86,1625449482.0,64.0
-16.74,1625449482.0,64.0
-20.93,1625449482.0,64.0
-24.29,1625449482.0,64.0
-26.54,1625449482.0,64.0
-27.47,1625449482.0,64.0
-27.17,1625449482.0,64.0
-25.91,1625449482.0,64.0
-23.98,1625449482.0,64.0
-21.37,1625449482.0,64.0
-17.77,1625449482.0,64.0
-12.81,1625449482.0,64.0
-6.43,1625449482.0,64.0
0.9,1625449482.0,64.0
8.27,1625449482.0,64.0
14.76,1625449482.0,64.0
19.8,1625449482.0,64.0
23.3,1625449482.0,64.0
25.42,1625449482.0,64.0
26.29,1625449482.0,64.0
25.81,1625449482.0,64.0
23.76,1625449482.0,64.0
20.02,1625449482.0,64.0
14.82,1625449482.0,64.0
8.76,1625449482.0,64.0
2.63,1625449482.0,64.0
-2.8,1625449482.0,64.0
-6.95,1625449482.0,64.0
-9.52,1625449482.0,64.0
-10.46,1625449482.0,64.0
-9.94,1625449482.0,64.0
-8.34,1625449482.0,64.0
-6.23,1625449482.0,64.0
-4.34,1625449482.0,64.0
-3.45,1625449482.0,64.0
-4.32,1625449482.0,64.0
-7.38,1625449482.0,64.0
-12.64,1625449482.0,64.0
-19.38,1625449482.0,64.0
-26.2,1625449482.0,64.0
-31.31,1625449482.0,64.0
-33.1,1625449482.0,64.0
-30.75,1625449482.0,64.0
-24.61,1625449482.0,64.0
-16.08,1625449482.0,64.0
-7.02,1625449482.0,64.0
0.94,1625449482.0,64.0
6.95,1625449482.0,64.0
10.99,1625449482.0,64.0
13.54,1625449482.0,64.0
14.99,1625449482.0,64.0
15.33,1625449482.0,64.0
14.09,1625449482.0,64.0
10.6,1625449482.0,64.0
4.48,1625449482.0,64.0
-4.12,1625449482.0,64.0
-14.31,1625449482.0,64.0
-24.73,1625449482.0,64.0
-33.84,1625449482.0,64.0
-40.35,1625449482.0,64.0
-43.5,1625449482.0,64.0
-43.21,1625449482.0,64.0
-39.99,1625449482.0,64.0
-34.64,1625449482.0,64.0
-28.01,1625449482.0,64.0
-20.82,1625449482.0,64.0
-13.66,1625449482.0,64.0
-7.12,1625449482.0,64.0
-1.84,1625449482.0,64.0
1.59,1625449482.0,64.0
2.92,1625449482.0,64.0
2.38,1625449482.0,64.0
0.77,1625449482.0,64.0
-0.83,1625449482.0,64.0
-1.47,1625449482.0,64.0
-0.69,1625449482.0,64.0
1.4,1625449482.0,64.0
4.17,1625449482.0,64.0
6.88,1625449482.0,64.0
8.91,1625449482.0,64.0
10.0,1625449482.0,64.0
10.21,1625449482.0,64.0
9.75,1625449482.0,64.0
8.87,1625449482.0,64.0
7.77,1625449482.0,64.0
6.57,1625449482.0,64.0
5.36,1625449482.0,64.0
4.13,1625449482.0,64.0
2.88,1625449482.0,64.0
1.53,1625449482.0,64.0
0.03,1625449482.0,64.0
-1.67,1625449482.0,64.0
-3.52,1625449482.0,64.0
-5.44,1625449482.0,64.0
-7.34,1625449482.0,64.0
-9.14,1625449482.0,64.0
-10.88,1625449482.0,64.0
-12.64,1625449482.0,64.0
-14.55,1625449482.0,64.0
-16.69,1625449482.0,64.0
-19.12,1625449482.0,64.0
-21.85,1625449482.0,64.0
-24.83,1625449482.0,64.0
-28.01,1625449482.0,64.0
-31.22,1625449482.0,64.0
-34.19,1625449482.0,64.0
-36.47,1625449482.0,64.0
-37.62,1625449482.0,64.0
-37.24,1625449482.0,64.0
-35.24,1625449482.0,64.0
-31.77,1625449482.0,64.0
-27.27,1625449482.0,64.0
-22.15,1625449482.0,64.0
-16.72,1625449482.0,64.0
-11.05,1625449482.0,64.0
-5.1,1625449482.0,64.0
1.11,1625449482.0,64.0
7.35,1625449482.0,64.0
13.2,1625449482.0,64.0
18.18,1625449482.0,64.0
21.97,1625449482.0,64.0
24.53,1625449482.0,64.0
26.16,1625449482.0,64.0
27.26,1625449482.0,64.0
28.22,1625449482.0,64.0
29.21,1625449482.0,64.0
30.21,1625449482.0,64.0
31.1,1625449482.0,64.0
31.76,1625449482.0,64.0
32.15,1625449482.0,64.0
32.33,1625449482.0,64.0
32.33,1625449482.0,64.0
32.15,1625449482.0,64.0
31.72,1625449482.0,64.0
30.95,1625449482.0,64.0
29.8,1625449482.0,64.0
28.27,1625449482.0,64.0
26.44,1625449482.0,64.0
24.42,1625449482.0,64.0
22.31,1625449482.0,64.0
20.18,1625449482.0,64.0
18.09,1625449482.0,64.0
16.02,1625449482.0,64.0
13.93,1625449482.0,64.0
11.76,1625449482.0,64.0
9.47,1625449482.0,64.0
7.03,1625449482.0,64.0
4.46,1625449482.0,64.0
1.76,1625449482.0,64.0
-1.09,1625449482.0,64.0
-4.18,1625449482.0,64.0
-7.56,1625449482.0,64.0
-11.24,1625449482.0,64.0
-15.04,1625449482.0,64.0
-18.64,1625449482.0,64.0
-21.56,1625449482.0,64.0
-23.34,1625449482.0,64.0
-23.67,1625449482.0,64.0
-22.5,1625449482.0,64.0
-20.0,1625449482.0,64.0
-16.53,1625449482.0,64.0
-12.45,1625449482.0,64.0
-8.04,1625449482.0,64.0
-3.48,1625449482.0,64.0
1.09,1625449482.0,64.0
5.53,1625449482.0,64.0
9.65,1625449482.0,64.0
13.23,1625449482.0,64.0
16.1,1625449482.0,64.0
18.2,1625449482.0,64.0
19.62,1625449482.0,64.0
20.54,1625449482.0,64.0
21.2,1625449482.0,64.0
21.81,1625449482.0,64.0
22.46,1625449482.0,64.0
23.13,1625449482.0,64.0
23.73,1625449482.0,64.0
24.12,1625449482.0,64.0
24.21,1625449482.0,64.0
23.96,1625449482.0,64.0
23.4,1625449482.0,64.0
22.57,1625449482.0,64.0
21.49,1625449482.0,64.0
20.14,1625449482.0,64.0
18.47,1625449482.0,64.0
16.48,1625449482.0,64.0
14.24,1625449482.0,64.0
11.9,1625449482.0,64.0
9.62,1625449482.0,64.0
7.49,1625449482.0,64.0
5.48,1625449482.0,64.0
3.48,1625449482.0,64.0
1.32,1625449482.0,64.0
-1.13,1625449482.0,64.0
-3.92,1625449482.0,64.0
-7.03,1625449482.0,64.0
-10.4,1625449482.0,64.0
-13.96,1625449482.0,64.0
-17.63,1625449482.0,64.0
-21.32,1625449482.0,64.0
-24.86,1625449482.0,64.0
-28.01,1625449482.0,64.0
-30.47,1625449482.0,64.0
-31.91,1625449482.0,64.0
-32.05,1625449482.0,64.0
-30.77,1625449482.0,64.0
-28.11,1625449482.0,64.0
-24.26,1625449482.0,64.0
-19.55,1625449482.0,64.0
-14.31,1625449482.0,64.0
-8.82,1625449482.0,64.0
-3.35,1625449482.0,64.0
1.89,1625449482.0,64.0
6.66,1625449482.0,64.0
10.76,1625449482.0,64.0
14.01,1625449482.0,64.0
16.36,1625449482.0,64.0
17.9,1625449482.0,64.0
18.85,1625449482.0,64.0
19.49,1625449482.0,64.0
20.07,1625449482.0,64.0
20.72,1625449482.0,64.0
21.42,1625449482.0,64.0
22.01,1625449482.0,64.0
22.32,1625449482.0,64.0
22.19,1625449482.0,64.0
21.57,1625449482.0,64.0
20.49,1625449482.0,64.0
19.12,1625449482.0,64.0
17.59,1625449482.0,64.0
16.03,1625449482.0,64.0
14.46,1625449482.0,64.0
12.79,1625449482.0,64.0
10.89,1625449482.0,64.0
8.67,1625449482.0,64.0
6.1,1625449482.0,64.0
3.31,1625449482.0,64.0
0.51,1625449482.0,64.0
-2.11,1625449482.0,64.0
-4.49,1625449482.0,64.0
-6.72,1625449482.0,64.0
-9.02,1625449482.0,64.0
-11.61,1625449482.0,64.0
-14.64,1625449482.0,64.0
-18.13,1625449482.0,64.0
-21.95,1625449482.0,64.0
-25.92,1625449482.0,64.0
-29.76,1625449482.0,64.0
-33.14,1625449482.0,64.0
-35.69,1625449482.0,64.0
-37.01,1625449482.0,64.0
-36.84,1625449482.0,64.0
-35.05,1625449482.0,64.0
-31.79,1625449482.0,64.0
-27.39,1625449482.0,64.0
-22.23,1625449482.0,64.0
-16.67,1625449482.0,64.0
-10.96,1625449482.0,64.0
-5.31,1625449482.0,64.0
0.1,1625449482.0,64.0
5.01,1625449482.0,64.0
9.21,1625449482.0,64.0
12.58,1625449482.0,64.0
15.16,1625449482.0,64.0
17.14,1625449482.0,64.0
18.77,1625449482.0,64.0
20.24,1625449482.0,64.0
21.62,1625449482.0,64.0
22.84,1625449482.0,64.0
23.78,1625449482.0,64.0
24.37,1625449482.0,64.0
24.61,1625449482.0,64.0
24.51,1625449482.0,64.0
24.12,1625449482.0,64.0
23.44,1625449482.0,64.0
22.5,1625449482.0,64.0
21.3,1625449482.0,64.0
19.87,1625449482.0,64.0
18.24,1625449482.0,64.0
16.41,1625449482.0,64.0
14.34,1625449482.0,64.0
12.01,1625449482.0,64.0
9.46,1625449482.0,64.0
6.75,1625449482.0,64.0
3.97,1625449482.0,64.0
1.18,1625449482.0,64.0
-1.61,1625449482.0,64.0
-4.38,1625449482.0,64.0
-7.15,1625449482.0,64.0
-9.91,1625449482.0,64.0
-12.68,1625449482.0,64.0
-15.58,1625449482.0,64.0
-18.75,1625449482.0,64.0
-22.35,1625449482.0,64.0
-26.39,1625449482.0,64.0
-30.64,1625449482.0,64.0
-34.69,1625449482.0,64.0
-37.97,1625449482.0,64.0
-39.94,1625449482.0,64.0
-40.27,1625449482.0,64.0
-38.88,1625449482.0,64.0
-35.94,1625449482.0,64.0
-31.77,1625449482.0,64.0
-26.72,1625449482.0,64.0
-21.08,1625449482.0,64.0
-15.04,1625449482.0,64.0
-8.78,1625449482.0,64.0
-2.48,1625449482.0,64.0
3.55,1625449482.0,64.0
8.92,1625449482.0,64.0
13.26,1625449482.0,64.0
16.41,1625449482.0,64.0
18.44,1625449482.0,64.0
19.69,1625449482.0,64.0
20.6,1625449482.0,64.0
21.57,1625449482.0,64.0
22.77,1625449482.0,64.0
24.16,1625449482.0,64.0
25.48,1625449482.0,64.0
26.42,1625449482.0,64.0
26.81,1625449482.0,64.0
26.61,1625449482.0,64.0
25.9,1625449482.0,64.0
24.83,1625449482.0,64.0
23.48,1625449482.0,64.0
21.86,1625449482.0,64.0
19.93,1625449482.0,64.0
17.72,1625449482.0,64.0
15.32,1625449482.0,64.0
12.89,1625449482.0,64.0
10.63,1625449482.0,64.0
8.62,1625449482.0,64.0
6.79,1625449482.0,64.0
4.95,1625449482.0,64.0
2.87,1625449482.0,64.0
0.42,1625449482.0,64.0
-2.42,1625449482.0,64.0
-5.49,1625449482.0,64.0
-8.62,1625449482.0,64.0
-11.69,1625449482.0,64.0
-14.72,1625449482.0,64.0
-17.87,1625449482.0,64.0
-21.31,1625449482.0,64.0
-25.07,1625449482.0,64.0
-28.98,1625449482.0,64.0
-32.67,1625449482.0,64.0
-35.66,1625449482.0,64.0
-37.51,1625449482.0,64.0
-37.96,1625449482.0,64.0
-36.96,1625449482.0,64.0
-34.59,1625449482.0,64.0
-31.05,1625449482.0,64.0
-26.53,1625449482.0,64.0
-21.22,1625449482.0,64.0
-15.31,1625449482.0,64.0
-9.06,1625449482.0,64.0
-2.79,1625449482.0,64.0
3.1,1625449482.0,64.0
8.26,1625449482.0,64.0
12.44,1625449482.0,64.0
15.59,1625449482.0,64.0
17.85,1625449482.0,64.0
19.46,1625449482.0,64.0
20.74,1625449482.0,64.0
21.93,1625449482.0,64.0
23.13,1625449482.0,64.0
24.31,1625449482.0,64.0
25.31,1625449482.0,64.0
25.97,1625449482.0,64.0
26.19,1625449482.0,64.0
25.96,1625449482.0,64.0
25.35,1625449482.0,64.0
24.47,1625449482.0,64.0
23.36,1625449482.0,64.0
22.03,1625449482.0,64.0
20.45,1625449482.0,64.0
18.6,1625449482.0,64.0
16.55,1625449482.0,64.0
14.43,1625449482.0,64.0
12.35,1625449482.0,64.0
10.36,1625449482.0,64.0
8.42,1625449482.0,64.0
6.39,1625449482.0,64.0
4.15,1625449482.0,64.0
1.66,1625449482.0,64.0
-1.02,1625449482.0,64.0
-3.81,1625449482.0,64.0
-6.63,1625449482.0,64.0
-9.52,1625449482.0,64.0
-12.59,1625449482.0,64.0
-15.92,1625449482.0,64.0
-19.59,1625449482.0,64.0
-23.51,1625449482.0,64.0
-27.43,1625449482.0,64.0
-30.99,1625449482.0,64.0
-33.73,1625449482.0,64.0
-35.2,1625449482.0,64.0
-35.13,1625449482.0,64.0
-33.45,1625449482.0,64.0
-30.33,1625449482.0,64.0
-26.14,1625449482.0,64.0
-21.24,1625449482.0,64.0
-15.92,1625449482.0,64.0
-10.35,1625449482.0,64.0
-4.63,1625449482.0,64.0
1.08,1625449482.0,64.0
6.48,1625449482.0,64.0
11.21,1625449482.0,64.0
14.89,1625449482.0,64.0
17.38,1625449482.0,64.0
18.81,1625449482.0,64.0
19.56,1625449482.0,64.0
20.12,1625449482.0,64.0
20.86,1625449482.0,64.0
21.88,1625449482.0,64.0
23.01,1625449482.0,64.0
23.96,1625449482.0,64.0
24.44,1625449482.0,64.0
24.37,1625449482.0,64.0
23.78,1625449482.0,64.0
22.84,1625449482.0,64.0
21.67,1625449482.0,64.0
20.34,1625449482.0,64.0
18.85,1625449482.0,64.0
17.21,1625449482.0,64.0
15.42,1625449482.0,64.0
13.53,1625449482.0,64.0
11.56,1625449482.0,64.0
9.5,1625449482.0,64.0
7.33,1625449482.0,64.0
5.03,1625449482.0,64.0
2.59,1625449482.0,64.0
0.1,1625449482.0,64.0
-2.4,1625449482.0,64.0
-4.86,1625449482.0,64.0
-7.29,1625449482.0,64.0
-9.74,1625449482.0,64.0
-12.3,1625449482.0,64.0
-15.04,1625449482.0,64.0
-18.06,1625449482.0,64.0
-21.42,1625449482.0,64.0
-25.09,1625449482.0,64.0
-28.91,1625449482.0,64.0
-32.52,1625449482.0,64.0
-35.43,1625449482.0,64.0
-37.12,1625449482.0,64.0
-37.24,1625449482.0,64.0
-35.69,1625449482.0,64.0
-32.66,1625449482.0,64.0
-28.51,1625449482.0,64.0
-23.64,1625449482.0,64.0
-18.39,1625449482.0,64.0
-12.96,1625449482.0,64.0
-7.48,1625449482.0,64.0
-2.09,1625449482.0,64.0
3.04,1625449482.0,64.0
7.64,1625449482.0,64.0
11.52,1625449482.0,64.0
14.54,1625449482.0,64.0
16.76,1625449482.0,64.0
18.36,1625449482.0,64.0
19.59,1625449482.0,64.0
20.67,1625449482.0,64.0
21.67,1625449482.0,64.0
22.54,1625449482.0,64.0
23.13,1625449482.0,64.0
23.33,1625449482.0,64.0
23.1,1625449482.0,64.0
22.56,1625449482.0,64.0
21.87,1625449482.0,64.0
21.16,1625449482.0,64.0
20.41,1625449482.0,64.0
19.51,1625449482.0,64.0
18.3,1625449482.0,64.0
16.68,1625449482.0,64.0
14.73,1625449482.0,64.0
12.6,1625449482.0,64.0
10.48,1625449482.0,64.0
8.45,1625449482.0,64.0
6.46,1625449482.0,64.0
4.4,1625449482.0,64.0
2.17,1625449482.0,64.0
-0.2,1625449482.0,64.0
-2.6,1625449482.0,64.0
-4.94,1625449482.0,64.0
-7.22,1625449482.0,64.0
-9.59,1625449482.0,64.0
-12.2,1625449482.0,64.0
-15.14,1625449482.0,64.0
-18.32,1625449482.0,64.0
-21.51,1625449482.0,64.0
-24.41,1625449482.0,64.0
-26.75,1625449482.0,64.0
-28.29,1625449482.0,64.0
-28.87,1625449482.0,64.0
-28.35,1625449482.0,64.0
-26.68,1625449482.0,64.0
-23.92,1625449482.0,64.0
-20.21,1625449482.0,64.0
-15.82,1625449482.0,64.0
-11.06,1625449482.0,64.0
-6.23,1625449482.0,64.0
-1.6,1625449482.0,64.0
2.62,1625449482.0,64.0
6.26,1625449482.0,64.0
9.27,1625449482.0,64.0
11.66,1625449482.0,64.0
13.58,1625449482.0,64.0
15.21,1625449482.0,64.0
16.72,1625449482.0,64.0
18.18,1625449482.0,64.0
19.57,1625449482.0,64.0
20.8,1625449482.0,64.0
21.73,1625449482.0,64.0
22.25,1625449482.0,64.0
22.27,1625449482.0,64.0
21.82,1625449482.0,64.0
20.98,1625449482.0,64.0
19.89,1625449482.0,64.0
18.7,1625449482.0,64.0
17.47,1625449482.0,64.0
16.19,1625449482.0,64.0
14.74,1625449482.0,64.0
12.96,1625449482.0,64.0
10.79,1625449482.0,64.0
8.28,1625449482.0,64.0
5.55,1625449482.0,64.0
2.77,1625449482.0,64.0
0.06,1625449482.0,64.0
-2.53,1625449482.0,64.0
-4.96,1625449482.0,64.0
-7.23,1625449482.0,64.0
-9.36,1625449482.0,64.0
-11.39,1625449482.0,64.0
-13.45,1625449482.0,64.0
-15.7,1625449482.0,64.0
-18.3,1625449482.0,64.0
-21.27,1625449482.0,64.0
-24.43,1625449482.0,64.0
-27.4,1625449482.0,64.0
-29.74,1625449482.0,64.0
-31.01,1625449482.0,64.0
-30.94,1625449482.0,64.0
-29.48,1625449482.0,64.0
-26.76,1625449482.0,64.0
-22.99,1625449482.0,64.0
-18.41,1625449482.0,64.0
-13.28,1625449482.0,64.0
-7.84,1625449482.0,64.0
-2.43,1625449482.0,64.0
2.61,1625449482.0,64.0
6.93,1625449482.0,64.0
10.31,1625449482.0,64.0
12.7,1625449482.0,64.0
14.25,1625449482.0,64.0
15.28,1625449482.0,64.0
16.1,1625449482.0,64.0
16.93,1625449482.0,64.0
17.85,1625449482.0,64.0
18.79,1625449482.0,64.0
19.59,1625449482.0,64.0
20.1,1625449482.0,64.0
20.2,1625449482.0,64.0
19.84,1625449482.0,64.0
19.04,1625449482.0,64.0
17.88,1625449482.0,64.0
16.47,1625449482.0,64.0
14.93,1625449482.0,64.0
13.38,1625449482.0,64.0
11.87,1625449482.0,64.0
10.39,1625449482.0,64.0
8.83,1625449482.0,64.0
7.04,1625449482.0,64.0
4.93,1625449482.0,64.0
2.49,1625449482.0,64.0
-0.2,1625449482.0,64.0
-2.99,1625449482.0,64.0
-5.73,1625449482.0,64.0
-8.38,1625449482.0,64.0
-10.97,1625449482.0,64.0
-13.57,1625449482.0,64.0
-16.32,1625449482.0,64.0
-19.28,1625449482.0,64.0
-22.53,1625449482.0,64.0
-26.01,1625449482.0,64.0
-29.54,1625449482.0,64.0
-32.8,1625449482.0,64.0
-35.32,1625449482.0,64.0
-36.64,1625449482.0,64.0
-36.43,1625449482.0,64.0
-34.67,1625449482.0,64.0
-31.6,1625449482.0,64.0
-27.63,1625449482.0,64.0
-23.19,1625449482.0,64.0
-18.54,1625449482.0,64.0
-13.83,1625449482.0,64.0
-9.09,1625449482.0,64.0
-4.39,1625449482.0,64.0
0.16,1625449482.0,64.0
4.41,1625449482.0,64.0
8.23,1625449482.0,64.0
11.58,1625449482.0,64.0
14.45,1625449482.0,64.0
16.87,1625449482.0,64.0
18.85,1625449482.0,64.0
20.4,1625449482.0,64.0
21.5,1625449482.0,64.0
22.22,1625449482.0,64.0
22.61,1625449482.0,64.0
22.73,1625449482.0,64.0
22.64,1625449482.0,64.0
22.34,1625449482.0,64.0
21.81,1625449482.0,64.0
21.03,1625449482.0,64.0
19.99,1625449482.0,64.0
18.67,1625449482.0,64.0
17.1,1625449482.0,64.0
15.3,1625449482.0,64.0
13.3,1625449482.0,64.0
11.11,1625449482.0,64.0
8.71,1625449482.0,64.0
6.1,1625449482.0,64.0
3.33,1625449482.0,64.0
0.52,1625449482.0,64.0
-2.23,1625449482.0,64.0
-4.82,1625449482.0,64.0
-7.28,1625449482.0,64.0
-9.7,1625449482.0,64.0
-12.22,1625449482.0,64.0
-14.97,1625449482.0,64.0
-17.97,1625449482.0,64.0
-21.19,1625449482.0,64.0
-24.56,1625449482.0,64.0
-27.97,1625449482.0,64.0
-31.28,1625449482.0,64.0
-34.23,1625449482.0,64.0
-36.46,1625449482.0,64.0
-37.51,1625449482.0,64.0
-37.03,1625449482.0,64.0
-34.87,1625449482.0,64.0
-31.27,1625449482.0,64.0
-26.65,1625449482.0,64.0
-21.56,1625449482.0,64.0
-16.34,1625449482.0,64.0
-11.13,1625449482.0,64.0
-5.86,1625449482.0,64.0
-0.44,1625449482.0,64.0
5.03,1625449482.0,64.0
10.24,1625449482.0,64.0
14.75,1625449482.0,64.0
18.18,1625449482.0,64.0
20.45,1625449482.0,64.0
21.75,1625449482.0,64.0
22.51,1625449482.0,64.0
23.09,1625449482.0,64.0
23.72,1625449482.0,64.0
24.36,1625449482.0,64.0
24.86,1625449482.0,64.0
25.01,1625449482.0,64.0
24.74,1625449482.0,64.0
24.09,1625449482.0,64.0
23.15,1625449482.0,64.0
22.03,1625449482.0,64.0
20.78,1625449482.0,64.0
19.38,1625449482.0,64.0
17.81,1625449482.0,64.0
16.03,1625449482.0,64.0
14.02,1625449482.0,64.0
11.77,1625449482.0,64.0
9.29,1625449482.0,64.0
6.61,1625449482.0,64.0
3.81,1625449482.0,64.0
1.01,1625449482.0,64.0
-1.67,1625449482.0,64.0
-4.18,1625449482.0,64.0
-6.55,1625449482.0,64.0
-8.95,1625449482.0,64.0
-11.57,1625449482.0,64.0
-14.57,1625449482.0,64.0
-17.98,1625449482.0,64.0
-21.72,1625449482.0,64.0
-25.59,1625449482.0,64.0
-29.34,1625449482.0,64.0
-32.74,1625449482.0,64.0
-35.59,1625449482.0,64.0
-37.66,1625449482.0,64.0
-38.73,1625449482.0,64.0
-38.55,1625449482.0,64.0
-36.97,1625449482.0,64.0
-34.01,1625449482.0,64.0
-29.87,1625449482.0,64.0
-24.93,1625449482.0,64.0
-19.61,1625449482.0,64.0
-14.26,1625449482.0,64.0
-9.05,1625449482.0,64.0
-4.02,1625449482.0,64.0
0.83,1625449482.0,64.0
5.45,1625449482.0,64.0
9.68,1625449482.0,64.0
13.31,1625449482.0,64.0
16.19,1625449482.0,64.0
18.31,1625449482.0,64.0
19.83,1625449482.0,64.0
21.03,1625449482.0,64.0
22.12,1625449482.0,64.0
23.18,1625449482.0,64.0
24.13,1625449482.0,64.0
24.81,1625449482.0,64.0
25.1,1625449482.0,64.0
25.02,1625449482.0,64.0
24.65,1625449482.0,64.0
24.1,1625449482.0,64.0
23.33,1625449482.0,64.0
22.25,1625449482.0,64.0
20.74,1625449482.0,64.0
18.76,1625449482.0,64.0
16.41,1625449482.0,64.0
13.89,1625449482.0,64.0
11.36,1625449482.0,64.0
8.87,1625449482.0,64.0
6.39,1625449482.0,64.0
3.82,1625449482.0,64.0
1.14,1625449482.0,64.0
-1.59,1625449482.0,64.0
-4.28,1625449482.0,64.0
-6.85,1625449482.0,64.0
-9.3,1625449482.0,64.0
-11.74,1625449482.0,64.0
-14.34,1625449482.0,64.0
-17.21,1625449482.0,64.0
-20.43,1625449482.0,64.0
-23.93,1625449482.0,64.0
-27.53,1625449482.0,64.0
-30.95,1625449482.0,64.0
-33.79,1625449482.0,64.0
-35.64,1625449482.0,64.0
-36.16,1625449482.0,64.0
-35.13,1625449482.0,64.0
-32.58,1625449482.0,64.0
-28.75,1625449482.0,64.0
-24.0,1625449482.0,64.0
-18.76,1625449482.0,64.0
-13.38,1625449482.0,64.0
-8.1,1625449482.0,64.0
-3.07,1625449482.0,64.0
1.61,1625449482.0,64.0
5.83,1625449482.0,64.0
9.44,1625449482.0,64.0
12.32,1625449482.0,64.0
14.43,1625449482.0,64.0
15.89,1625449482.0,64.0
16.92,1625449482.0,64.0
17.79,1625449482.0,64.0
18.72,1625449482.0,64.0
19.73,1625449482.0,64.0
20.73,1625449482.0,64.0
21.53,1625449482.0,64.0
21.96,1625449482.0,64.0
21.94,1625449482.0,64.0
21.49,1625449482.0,64.0
20.66,1625449482.0,64.0
19.57,1625449482.0,64.0
18.28,1625449482.0,64.0
16.85,1625449482.0,64.0
15.32,1625449482.0,64.0
13.72,1625449482.0,64.0
12.05,1625449482.0,64.0
10.31,1625449482.0,64.0
8.46,1625449482.0,64.0
6.47,1625449482.0,64.0
4.3,1625449482.0,64.0
1.98,1625449482.0,64.0
-0.42,1625449482.0,64.0
-2.83,1625449482.0,64.0
-5.16,1625449482.0,64.0
-7.43,1625449482.0,64.0
-9.67,1625449482.0,64.0
-11.94,1625449482.0,64.0
-14.33,1625449482.0,64.0
-16.87,1625449482.0,64.0
-19.56,1625449482.0,64.0
-22.31,1625449482.0,64.0
-25.0,1625449482.0,64.0
-27.42,1625449482.0,64.0
-29.27,1625449482.0,64.0
-30.23,1625449482.0,64.0
-30.02,1625449482.0,64.0
-28.48,1625449482.0,64.0
-25.63,1625449482.0,64.0
-21.71,1625449482.0,64.0
-17.05,1625449482.0,64.0
-11.98,1625449482.0,64.0
-6.75,1625449482.0,64.0
-1.51,1625449482.0,64.0
3.62,1625449482.0,64.0
8.47,1625449482.0,64.0
12.77,1625449482.0,64.0
16.23,1625449482.0,64.0
18.65,1625449482.0,64.0
19.99,1625449482.0,64.0
20.44,1625449482.0,64.0
20.37,1625449482.0,64.0
20.18,1625449482.0,64.0
20.19,1625449482.0,64.0
20.55,1625449482.0,64.0
21.2,1625449482.0,64.0
21.98,1625449482.0,64.0
22.65,1625449482.0,64.0
23.01,1625449482.0,64.0
22.91,1625449482.0,64.0
22.27,1625449482.0,64.0
21.11,1625449482.0,64.0
19.47,1625449482.0,64.0
17.49,1625449482.0,64.0
15.31,1625449482.0,64.0
13.11,1625449482.0,64.0
11.02,1625449482.0,64.0
9.13,1625449482.0,64.0
7.42,1625449482.0,64.0
5.81,1625449482.0,64.0
4.19,1625449482.0,64.0
2.48,1625449482.0,64.0
0.65,1625449482.0,64.0
-1.32,1625449482.0,64.0
-3.45,1625449482.0,64.0
-5.76,1625449482.0,64.0
-8.28,1625449482.0,64.0
-10.99,1625449482.0,64.0
-13.87,1625449482.0,64.0
-16.84,1625449482.0,64.0
-19.84,1625449482.0,64.0
-22.74,1625449482.0,64.0
-25.36,1625449482.0,64.0
-27.4,1625449482.0,64.0
-28.51,1625449482.0,64.0
-28.34,1625449482.0,64.0
-26.72,1625449482.0,64.0
-23.69,1625449482.0,64.0
-19.58,1625449482.0,64.0
-14.83,1625449482.0,64.0
-9.87,1625449482.0,64.0
-5.01,1625449482.0,64.0
-0.45,1625449482.0,64.0
3.74,1625449482.0,64.0
7.42,1625449482.0,64.0
10.45,1625449482.0,64.0
12.69,1625449482.0,64.0
14.14,1625449482.0,64.0
14.93,1625449482.0,64.0
15.37,1625449482.0,64.0
15.79,1625449482.0,64.0
16.41,1625449482.0,64.0
17.26,1625449482.0,64.0
18.17,1625449482.0,64.0
18.87,1625449482.0,64.0
19.17,1625449482.0,64.0
19.0,1625449482.0,64.0
18.43,1625449482.0,64.0
17.57,1625449482.0,64.0
16.46,1625449482.0,64.0
15.04,1625449482.0,64.0
13.26,1625449482.0,64.0
11.1,1625449482.0,64.0
8.69,1625449482.0,64.0
6.26,1625449482.0,64.0
3.99,1625449482.0,64.0
2.0,1625449482.0,64.0
0.24,1625449482.0,64.0
-1.4,1625449482.0,64.0
-3.05,1625449482.0,64.0
-4.78,1625449482.0,64.0
-6.63,1625449482.0,64.0
-8.59,1625449482.0,64.0
-10.73,1625449482.0,64.0
-13.1,1625449482.0,64.0
-15.74,1625449482.0,64.0
-18.61,1625449482.0,64.0
-21.54,1625449482.0,64.0
-24.25,1625449482.0,64.0
-26.35,1625449482.0,64.0
-27.49,1625449482.0,64.0
-27.37,1625449482.0,64.0
-25.88,1625449482.0,64.0
-23.07,1625449482.0,64.0
-19.19,1625449482.0,64.0
-14.6,1625449482.0,64.0
-9.7,1625449482.0,64.0
-4.84,1625449482.0,64.0
-0.28,1625449482.0,64.0
3.78,1625449482.0,64.0
7.23,1625449482.0,64.0
10.0,1625449482.0,64.0
12.11,1625449482.0,64.0
13.66,1625449482.0,64.0
14.85,1625449482.0,64.0
15.87,1625449482.0,64.0
16.87,1625449482.0,64.0
17.88,1625449482.0,64.0
18.82,1625449482.0,64.0
19.52,1625449482.0,64.0
19.78,1625449482.0,64.0
19.52,1625449482.0,64.0
18.75,1625449482.0,64.0
17.61,1625449482.0,64.0
16.33,1625449482.0,64.0
15.08,1625449482.0,64.0
13.92,1625449482.0,64.0
12.75,1625449482.0,64.0
11.4,1625449482.0,64.0
9.7,1625449482.0,64.0
7.63,1625449482.0,64.0
5.3,1625449482.0,64.0
2.93,1625449482.0,64.0
0.65,1625449482.0,64.0
-1.52,1625449482.0,64.0
-3.7,1625449482.0,64.0
-6.06,1625449482.0,64.0
-8.73,1625449482.0,64.0
-11.7,1625449482.0,64.0
-14.89,1625449482.0,64.0
-18.15,1625449482.0,64.0
-21.37,1625449482.0,64.0
-24.4,1625449482.0,64.0
-27.07,1625449482.0,64.0
-29.06,1625449482.0,64.0
-30.07,1625449482.0,64.0
-29.78,1625449482.0,64.0
-28.07,1625449482.0,64.0
-25.05,1625449482.0,64.0
-20.99,1625449482.0,64.0
-16.32,1625449482.0,64.0
-11.4,1625449482.0,64.0
-6.54,1625449482.0,64.0
-1.93,1625449482.0,64.0
2.29,1625449482.0,64.0
5.99,1625449482.0,64.0
9.08,1625449482.0,64.0
11.48,1625449482.0,64.0
13.23,1625449482.0,64.0
14.49,1625449482.0,64.0
15.48,1625449482.0,64.0
16.41,1625449482.0,64.0
17.36,1625449482.0,64.0
18.27,1625449482.0,64.0
18.97,1625449482.0,64.0
19.21,1625449482.0,64.0
18.9,1625449482.0,64.0
18.06,1625449482.0,64.0
16.88,1625449482.0,64.0
15.56,1625449482.0,64.0
14.21,1625449482.0,64.0
12.78,1625449482.0,64.0
11.1,1625449482.0,64.0
8.99,1625449482.0,64.0
6.44,1625449482.0,64.0
3.6,1625449482.0,64.0
0.73,1625449482.0,64.0
-1.94,1625449482.0,64.0
-4.34,1625449482.0,64.0
-6.57,1625449482.0,64.0
-8.82,1625449482.0,64.0
-11.25,1625449482.0,64.0
-13.88,1625449482.0,64.0
-16.67,1625449482.0,64.0
-19.5,1625449482.0,64.0
-22.26,1625449482.0,64.0
-24.82,1625449482.0,64.0
-27.0,1625449482.0,64.0
-28.47,1625449482.0,64.0
-28.88,1625449482.0,64.0
-27.92,1625449482.0,64.0
-25.43,1625449482.0,64.0
-21.51,1625449482.0,64.0
-16.46,1625449482.0,64.0
-10.72,1625449482.0,64.0
-4.71,1625449482.0,64.0
1.23,1625449482.0,64.0
6.88,1625449482.0,64.0
12.14,1625449482.0,64.0
16.97,1625449482.0,64.0
21.36,1625449482.0,64.0
25.32,1625449482.0,64.0
28.9,1625449482.0,64.0
32.16,1625449482.0,64.0
35.15,1625449482.0,64.0
37.91,1625449482.0,64.0
40.47,1625449482.0,64.0
42.89,1625449482.0,64.0
45.27,1625449482.0,64.0
47.8,1625449482.0,64.0
50.56,1625449482.0,64.0
53.51,1625449482.0,64.0
56.39,1625449482.0,64.0
58.78,1625449482.0,64.0
60.31,1625449482.0,64.0
60.93,1625449482.0,64.0
60.98,1625449482.0,64.0
61.07,1625449482.0,64.0
61.79,1625449482.0,64.0
63.41,1625449482.0,64.0
65.82,1625449482.0,64.0
68.55,1625449482.0,64.0
71.14,1625449482.0,64.0
73.26,1625449482.0,64.0
74.72,1625449482.0,64.0
75.29,1625449482.0,64.0
74.59,1625449482.0,64.0
72.14,1625449482.0,64.0
67.53,1625449482.0,64.0
60.8,1625449482.0,64.0
52.53,1625449482.0,64.0
43.66,1625449482.0,64.0
34.91,1625449482.0,64.0
26.2,1625449482.0,64.0
16.56,1625449482.0,64.0
4.36,1625449482.0,64.0
-11.84,1625449482.0,64.0
-32.67,1625449482.0,64.0
-57.69,1625449482.0,64.0
-85.87,1625449482.0,64.0
-116.26,1625449482.0,64.0
-148.48,1625449482.0,64.0
-182.49,1625449482.0,64.0
-217.79,1625449482.0,64.0
-252.58,1625449482.0,64.0
-283.64,1625449482.0,64.0
-307.28,1625449482.0,64.0
-320.79,1625449482.0,64.0
-323.66,1625449482.0,64.0
-317.79,1625449482.0,64.0
-306.6,1625449482.0,64.0
-293.45,1625449482.0,64.0
-280.18,1625449482.0,64.0
-266.66,1625449482.0,64.0
-251.17,1625449482.0,64.0
-231.53,1625449482.0,64.0
-206.21,1625449482.0,64.0
-175.1,1625449482.0,64.0
-139.4,1625449482.0,64.0
-100.96,1625449482.0,64.0
-61.44,1625449482.0,64.0
-21.88,1625449482.0,64.0
17.27,1625449482.0,64.0
55.53,1625449482.0,64.0
91.82,1625449482.0,64.0
124.07,1625449482.0,64.0
149.7,1625449482.0,64.0
166.36,1625449482.0,64.0
172.88,1625449482.0,64.0
169.62,1625449482.0,64.0
158.26,1625449482.0,64.0
141.12,1625449482.0,64.0
120.46,1625449482.0,64.0
98.38,1625449482.0,64.0
77.03,1625449482.0,64.0
58.82,1625449482.0,64.0
46.34,1625449482.0,64.0
41.73,1625449482.0,64.0
45.8,1625449482.0,64.0
57.6,1625449482.0,64.0
74.65,1625449482.0,64.0
93.64,1625449482.0,64.0
111.51,1625449482.0,64.0
126.03,1625449482.0,64.0
136.01,1625449482.0,64.0
141.0,1625449482.0,64.0
140.91,1625449482.0,64.0
135.89,1625449482.0,64.0
126.47,1625449482.0,64.0
113.86,1625449482.0,64.0
99.91,1625449482.0,64.0
86.87,1625449482.0,64.0
76.76,1625449482.0,64.0
70.79,1625449482.0,64.0
69.15,1625449482.0,64.0
71.14,1625449482.0,64.0
75.67,1625449482.0,64.0
81.69,1625449482.0,64.0
88.42,1625449482.0,64.0
95.37,1625449482.0,64.0
102.22,1625449482.0,64.0
108.61,1625449482.0,64.0
113.96,1625449482.0,64.0
117.42,1625449482.0,64.0
117.97,1625449482.0,64.0
114.7,1625449482.0,64.0
107.14,1625449482.0,64.0
95.57,1625449482.0,64.0
81.14,1625449482.0,64.0
65.52,1625449482.0,64.0
50.32,1625449482.0,64.0
36.39,1625449482.0,64.0
23.53,1625449482.0,64.0
10.61,1625449482.0,64.0
-3.66,1625449482.0,64.0
-19.94,1625449482.0,64.0
-37.73,1625449482.0,64.0
-55.56,1625449482.0,64.0
-71.63,1625449482.0,64.0
-84.73,1625449482.0,64.0
-94.58,1625449482.0,64.0
-101.7,1625449482.0,64.0
-106.88,1625449482.0,64.0
-110.6,1625449482.0,64.0
-112.92,1625449482.0,64.0
-113.63,1625449482.0,64.0
-112.77,1625449482.0,64.0
-110.78,1625449482.0,64.0
-108.44,1625449482.0,64.0
-106.36,1625449482.0,64.0
-104.69,1625449482.0,64.0
-102.97,1625449482.0,64.0
-100.36,1625449482.0,64.0
-96.08,1625449482.0,64.0
-89.76,1625449482.0,64.0
-81.58,1625449482.0,64.0
-72.13,1625449482.0,64.0
-62.13,1625449482.0,64.0
-52.16,1625449482.0,64.0
-42.53,1625449482.0,64.0
-33.3,1625449482.0,64.0
-24.46,1625449482.0,64.0
-16.07,1625449482.0,64.0
-8.34,1625449482.0,64.0
-1.58,1625449482.0,64.0
3.97,1625449482.0,64.0
8.21,1625449482.0,64.0
11.36,1625449482.0,64.0
13.78,1625449482.0,64.0
15.87,1625449482.0,64.0
17.87,1625449482.0,64.0
19.82,1625449482.0,64.0
21.61,1625449482.0,64.0
23.08,1625449482.0,64.0
24.14,1625449482.0,64.0
24.79,1625449482.0,64.0
25.14,1625449482.0,64.0
25.24,1625449482.0,64.0
25.1,1625449482.0,64.0
24.67,1625449482.0,64.0
23.88,1625449482.0,64.0
22.73,1625449482.0,64.0
21.28,1625449482.0,64.0
19.68,1625449482.0,64.0
18.09,1625449482.0,64.0
16.67,1625449482.0,64.0
15.43,1625449482.0,64.0
14.3,1625449482.0,64.0
13.12,1625449482.0,64.0
11.69,1625449482.0,64.0
9.88,1625449482.0,64.0
7.68,1625449482.0,64.0
5.22,1625449482.0,64.0
2.71,1625449482.0,64.0
0.36,1625449482.0,64.0
-1.76,1625449482.0,64.0
-3.7,1625449482.0,64.0
-5.67,1625449482.0,64.0
-7.91,1625449482.0,64.0
-10.61,1625449482.0,64.0
-13.73,1625449482.0,64.0
-17.08,1625449482.0,64.0
-20.29,1625449482.0,64.0
-22.96,1625449482.0,64.0
-24.71,1625449482.0,64.0
-25.27,1625449482.0,64.0
-24.5,1625449482.0,64.0
-22.39,1625449482.0,64.0
-19.08,1625449482.0,64.0
-14.81,1625449482.0,64.0
-9.87,1625449482.0,64.0
-4.54,1625449482.0,64.0
0.95,1625449482.0,64.0
6.35,1625449482.0,64.0
11.43,1625449482.0,64.0
15.9,1625449482.0,64.0
19.53,1625449482.0,64.0
22.16,1625449482.0,64.0
23.89,1625449482.0,64.0
24.97,1625449482.0,64.0
25.76,1625449482.0,64.0
26.57,1625449482.0,64.0
27.47,1625449482.0,64.0
28.33,1625449482.0,64.0
28.89,1625449482.0,64.0
28.92,1625449482.0,64.0
28.41,1625449482.0,64.0
27.54,1625449482.0,64.0
26.62,1625449482.0,64.0
25.9,1625449482.0,64.0
25.41,1625449482.0,64.0
24.95,1625449482.0,64.0
24.21,1625449482.0,64.0
22.94,1625449482.0,64.0
21.05,1625449482.0,64.0
18.66,1625449482.0,64.0
16.04,1625449482.0,64.0
13.47,1625449482.0,64.0
11.07,1625449482.0,64.0
8.88,1625449482.0,64.0
6.82,1625449482.0,64.0
4.83,1625449482.0,64.0
2.92,1625449482.0,64.0
1.13,1625449482.0,64.0
-0.53,1625449482.0,64.0
-2.13,1625449482.0,64.0
-3.81,1625449482.0,64.0
-5.75,1625449482.0,64.0
-8.06,1625449482.0,64.0
-10.73,1625449482.0,64.0
-13.66,1625449482.0,64.0
-16.69,1625449482.0,64.0
-19.65,1625449482.0,64.0
-22.39,1625449482.0,64.0
-24.7,1625449482.0,64.0
-26.39,1625449482.0,64.0
-27.22,1625449482.0,64.0
-27.03,1625449482.0,64.0
-25.75,1625449482.0,64.0
-23.45,1625449482.0,64.0
-20.31,1625449482.0,64.0
-16.57,1625449482.0,64.0
-12.45,1625449482.0,64.0
-8.15,1625449482.0,64.0
-3.79,1625449482.0,64.0
0.47,1625449482.0,64.0
4.48,1625449482.0,64.0
8.04,1625449482.0,64.0
10.93,1625449482.0,64.0
12.99,1625449482.0,64.0
14.22,1625449482.0,64.0
14.8,1625449482.0,64.0
15.05,1625449482.0,64.0
15.32,1625449482.0,64.0
15.88,1625449482.0,64.0
16.75,1625449482.0,64.0
17.75,1625449482.0,64.0
18.6,1625449482.0,64.0
19.04,1625449482.0,64.0
19.0,1625449482.0,64.0
18.54,1625449482.0,64.0
17.81,1625449482.0,64.0
16.9,1625449482.0,64.0
15.82,1625449482.0,64.0
14.5,1625449482.0,64.0
12.91,1625449482.0,64.0
11.14,1625449482.0,64.0
9.29,1625449482.0,64.0
7.53,1625449482.0,64.0
5.89,1625449482.0,64.0
4.32,1625449482.0,64.0
2.7,1625449482.0,64.0
0.93,1625449482.0,64.0
-0.99,1625449482.0,64.0
-2.98,1625449482.0,64.0
-4.91,1625449482.0,64.0
-6.69,1625449482.0,64.0
-8.36,1625449482.0,64.0
-10.0,1625449482.0,64.0
-11.76,1625449482.0,64.0
-13.75,1625449482.0,64.0
-16.02,1625449482.0,64.0
-18.61,1625449482.0,64.0
-21.48,1625449482.0,64.0
-24.57,1625449482.0,64.0
-27.74,1625449482.0,64.0
-30.73,1625449482.0,64.0
-33.21,1625449482.0,64.0
-34.84,1625449482.0,64.0
-35.34,1625449482.0,64.0
-34.61,1625449482.0,64.0
-32.71,1625449482.0,64.0
-29.79,1625449482.0,64.0
-26.1,1625449482.0,64.0
-21.79,1625449482.0,64.0
-17.02,1625449482.0,64.0
-11.87,1625449482.0,64.0
-6.52,1625449482.0,64.0
-1.18,1625449482.0,64.0
3.84,1625449482.0,64.0
8.26,1625449482.0,64.0
11.84,1625449482.0,64.0
14.46,1625449482.0,64.0
16.14,1625449482.0,64.0
17.09,1625449482.0,64.0
17.6,1625449482.0,64.0
17.95,1625449482.0,64.0
18.36,1625449482.0,64.0
18.9,1625449482.0,64.0
19.5,1625449482.0,64.0
20.03,1625449482.0,64.0
20.37,1625449482.0,64.0
20.49,1625449482.0,64.0
20.42,1625449482.0,64.0
20.19,1625449482.0,64.0
19.76,1625449482.0,64.0
19.08,1625449482.0,64.0
18.03,1625449482.0,64.0
16.6,1625449482.0,64.0
14.89,1625449482.0,64.0
13.05,1625449482.0,64.0
11.29,1625449482.0,64.0
9.71,1625449482.0,64.0
8.3,1625449482.0,64.0
6.94,1625449482.0,64.0
5.48,1625449482.0,64.0
3.76,1625449482.0,64.0
1.75,1625449482.0,64.0
-0.51,1625449482.0,64.0
-2.86,1625449482.0,64.0
-5.14,1625449482.0,64.0
-7.26,1625449482.0,64.0
-9.24,1625449482.0,64.0
-11.23,1625449482.0,64.0
-13.43,1625449482.0,64.0
-15.99,1625449482.0,64.0
-18.92,1625449482.0,64.0
-22.11,1625449482.0,64.0
-25.33,1625449482.0,64.0
-28.4,1625449482.0,64.0
-31.17,1625449482.0,64.0
-33.5,1625449482.0,64.0
-35.21,1625449482.0,64.0
-36.08,1625449482.0,64.0
-35.88,1625449482.0,64.0
-34.46,1625449482.0,64.0
-31.86,1625449482.0,64.0
-28.27,1625449482.0,64.0
-23.99,1625449482.0,64.0
-19.31,1625449482.0,64.0
-14.4,1625449482.0,64.0
-9.37,1625449482.0,64.0
-4.25,1625449482.0,64.0
0.86,1625449482.0,64.0
5.76,1625449482.0,64.0
10.21,1625449482.0,64.0
13.94,1625449482.0,64.0
16.82,1625449482.0,64.0
18.88,1625449482.0,64.0
20.31,1625449482.0,64.0
21.4,1625449482.0,64.0
22.37,1625449482.0,64.0
23.32,1625449482.0,64.0
24.13,1625449482.0,64.0
24.64,1625449482.0,64.0
24.71,1625449482.0,64.0
24.34,1625449482.0,64.0
23.68,1625449482.0,64.0
22.91,1625449482.0,64.0
22.12,1625449482.0,64.0
21.3,1625449482.0,64.0
20.31,1625449482.0,64.0
18.97,1625449482.0,64.0
17.24,1625449482.0,64.0
15.21,1625449482.0,64.0
13.07,1625449482.0,64.0
11.05,1625449482.0,64.0
9.3,1625449482.0,64.0
7.83,1625449482.0,64.0
6.5,1625449482.0,64.0
5.13,1625449482.0,64.0
3.54,1625449482.0,64.0
1.64,1625449482.0,64.0
-0.5,1625449482.0,64.0
-2.76,1625449482.0,64.0
-4.98,1625449482.0,64.0
-7.09,1625449482.0,64.0
-9.08,1625449482.0,64.0
-11.04,1625449482.0,64.0
-13.1,1625449482.0,64.0
-15.36,1625449482.0,64.0
-17.92,1625449482.0,64.0
-20.76,1625449482.0,64.0
-23.83,1625449482.0,64.0
-26.99,1625449482.0,64.0
-29.99,1625449482.0,64.0
-32.54,1625449482.0,64.0
-34.33,1625449482.0,64.0
-35.12,1625449482.0,64.0
-34.76,1625449482.0,64.0
-33.23,1625449482.0,64.0
-30.65,1625449482.0,64.0
-27.25,1625449482.0,64.0
-23.25,1625449482.0,64.0
-18.87,1625449482.0,64.0
-14.28,1625449482.0,64.0
-9.59,1625449482.0,64.0
-4.92,1625449482.0,64.0
-0.36,1625449482.0,64.0
3.96,1625449482.0,64.0
7.87,1625449482.0,64.0
11.23,1625449482.0,64.0
13.95,1625449482.0,64.0
16.0,1625449482.0,64.0
17.5,1625449482.0,64.0
18.6,1625449482.0,64.0
19.49,1625449482.0,64.0
20.31,1625449482.0,64.0
21.12,1625449482.0,64.0
21.88,1625449482.0,64.0
22.5,1625449482.0,64.0
22.88,1625449482.0,64.0
22.9,1625449482.0,64.0
22.55,1625449482.0,64.0
21.83,1625449482.0,64.0
20.81,1625449482.0,64.0
19.57,1625449482.0,64.0
18.14,1625449482.0,64.0
16.57,1625449482.0,64.0
14.91,1625449482.0,64.0
13.19,1625449482.0,64.0
11.5,1625449482.0,64.0
9.89,1625449482.0,64.0
8.35,1625449482.0,64.0
6.83,1625449482.0,64.0
5.19,1625449482.0,64.0
3.34,1625449482.0,64.0
1.21,1625449482.0,64.0
-1.13,1625449482.0,64.0
-3.56,1625449482.0,64.0
-5.92,1625449482.0,64.0
-8.1,1625449482.0,64.0
-10.1,1625449482.0,64.0
-12.0,1625449482.0,64.0
-13.97,1625449482.0,64.0
-16.19,1625449482.0,64.0
-18.8,1625449482.0,64.0
-21.84,1625449482.0,64.0
-25.21,1625449482.0,64.0
-28.67,1625449482.0,64.0
-31.84,1625449482.0,64.0
-34.28,1625449482.0,64.0
-35.6,1625449482.0,64.0
-35.55,1625449482.0,64.0
-34.08,1625449482.0,64.0
-31.36,1625449482.0,64.0
-27.71,1625449482.0,64.0
-23.49,1625449482.0,64.0
-19.0,1625449482.0,64.0
-14.43,1625449482.0,64.0
-9.9,1625449482.0,64.0
-5.48,1625449482.0,64.0
-1.25,1625449482.0,64.0
2.65,1625449482.0,64.0
6.09,1625449482.0,64.0
8.97,1625449482.0,64.0
11.32,1625449482.0,64.0
13.27,1625449482.0,64.0
15.03,1625449482.0,64.0
16.76,1625449482.0,64.0
18.53,1625449482.0,64.0
20.24,1625449482.0,64.0
21.71,1625449482.0,64.0
22.74,1625449482.0,64.0
23.22,1625449482.0,64.0
23.21,1625449482.0,64.0
22.81,1625449482.0,64.0
22.14,1625449482.0,64.0
21.27,1625449482.0,64.0
20.2,1625449482.0,64.0
18.89,1625449482.0,64.0
17.35,1625449482.0,64.0
15.62,1625449482.0,64.0
13.81,1625449482.0,64.0
12.02,1625449482.0,64.0
10.32,1625449482.0,64.0
8.7,1625449482.0,64.0
7.16,1625449482.0,64.0
5.67,1625449482.0,64.0
4.17,1625449482.0,64.0
2.62,1625449482.0,64.0
0.98,1625449482.0,64.0
-0.78,1625449482.0,64.0
-2.63,1625449482.0,64.0
-4.55,1625449482.0,64.0
-6.53,1625449482.0,64.0
-8.65,1625449482.0,64.0
-11.0,1625449482.0,64.0
-13.65,1625449482.0,64.0
-16.6,1625449482.0,64.0
-19.72,1625449482.0,64.0
-22.88,1625449482.0,64.0
-25.91,1625449482.0,64.0
-28.65,1625449482.0,64.0
-30.92,1625449482.0,64.0
-32.46,1625449482.0,64.0
-32.99,1625449482.0,64.0
-32.27,1625449482.0,64.0
-30.2,1625449482.0,64.0
-26.95,1625449482.0,64.0
-22.87,1625449482.0,64.0
-18.37,1625449482.0,64.0
-13.76,1625449482.0,64.0
-9.15,1625449482.0,64.0
-4.51,1625449482.0,64.0
0.12,1625449482.0,64.0
4.57,1625449482.0,64.0
8.5,1625449482.0,64.0
11.54,1625449482.0,64.0
13.47,1625449482.0,64.0
14.36,1625449482.0,64.0
14.54,1625449482.0,64.0
14.51,1625449482.0,64.0
14.65,1625449482.0,64.0
15.15,1625449482.0,64.0
15.94,1625449482.0,64.0
16.79,1625449482.0,64.0
17.44,1625449482.0,64.0
17.75,1625449482.0,64.0
17.7,1625449482.0,64.0
17.31,1625449482.0,64.0
16.63,1625449482.0,64.0
15.68,1625449482.0,64.0
14.48,1625449482.0,64.0
13.08,1625449482.0,64.0
11.59,1625449482.0,64.0
10.12,1625449482.0,64.0
8.76,1625449482.0,64.0
7.55,1625449482.0,64.0
6.4,1625449482.0,64.0
5.2,1625449482.0,64.0
3.83,1625449482.0,64.0
2.26,1625449482.0,64.0
0.56,1625449482.0,64.0
-1.15,1625449482.0,64.0
-2.74,1625449482.0,64.0
-4.17,1625449482.0,64.0
-5.5,1625449482.0,64.0
-6.91,1625449482.0,64.0
-8.61,1625449482.0,64.0
-10.76,1625449482.0,64.0
-13.42,1625449482.0,64.0
-16.52,1625449482.0,64.0
-19.87,1625449482.0,64.0
-23.14,1625449482.0,64.0
-25.95,1625449482.0,64.0
-27.9,1625449482.0,64.0
-28.7,1625449482.0,64.0
-28.16,1625449482.0,64.0
-26.33,1625449482.0,64.0
-23.37,1625449482.0,64.0
-19.57,1625449482.0,64.0
-15.24,1625449482.0,64.0
-10.66,1625449482.0,64.0
-6.07,1625449482.0,64.0
-1.7,1625449482.0,64.0
2.28,1625449482.0,64.0
5.77,1625449482.0,64.0
8.69,1625449482.0,64.0
11.05,1625449482.0,64.0
12.93,1625449482.0,64.0
14.43,1625449482.0,64.0
15.66,1625449482.0,64.0
16.7,1625449482.0,64.0
17.59,1625449482.0,64.0
18.37,1625449482.0,64.0
19.03,1625449482.0,64.0
19.55,1625449482.0,64.0
19.88,1625449482.0,64.0
19.97,1625449482.0,64.0
19.76,1625449482.0,64.0
19.23,1625449482.0,64.0
18.39,1625449482.0,64.0
17.3,1625449482.0,64.0
16.03,1625449482.0,64.0
14.67,1625449482.0,64.0
13.26,1625449482.0,64.0
11.81,1625449482.0,64.0
10.32,1625449482.0,64.0
8.75,1625449482.0,64.0
7.11,1625449482.0,64.0
5.41,1625449482.0,64.0
3.65,1625449482.0,64.0
1.81,1625449482.0,64.0
-0.11,1625449482.0,64.0
-2.14,1625449482.0,64.0
-4.25,1625449482.0,64.0
-6.45,1625449482.0,64.0
-8.77,1625449482.0,64.0
-11.26,1625449482.0,64.0
-13.96,1625449482.0,64.0
-16.87,1625449482.0,64.0
-19.89,1625449482.0,64.0
-22.76,1625449482.0,64.0
-25.18,1625449482.0,64.0
-26.79,1625449482.0,64.0
-27.29,1625449482.0,64.0
-26.58,1625449482.0,64.0
-24.71,1625449482.0,64.0
-21.93,1625449482.0,64.0
-18.58,1625449482.0,64.0
-14.93,1625449482.0,64.0
-11.17,1625449482.0,64.0
-7.36,1625449482.0,64.0
-3.51,1625449482.0,64.0
0.31,1625449482.0,64.0
3.95,1625449482.0,64.0
7.17,1625449482.0,64.0
9.75,1625449482.0,64.0
11.65,1625449482.0,64.0
12.98,1625449482.0,64.0
13.97,1625449482.0,64.0
14.85,1625449482.0,64.0
15.74,1625449482.0,64.0
16.63,1625449482.0,64.0
17.37,1625449482.0,64.0
17.84,1625449482.0,64.0
17.97,1625449482.0,64.0
17.76,1625449482.0,64.0
17.25,1625449482.0,64.0
16.48,1625449482.0,64.0
15.44,1625449482.0,64.0
14.14,1625449482.0,64.0
12.57,1625449482.0,64.0
10.79,1625449482.0,64.0
8.9,1625449482.0,64.0
7.01,1625449482.0,64.0
5.19,1625449482.0,64.0
3.49,1625449482.0,64.0
1.85,1625449482.0,64.0
0.17,1625449482.0,64.0
-1.65,1625449482.0,64.0
-3.68,1625449482.0,64.0
-5.93,1625449482.0,64.0
-8.38,1625449482.0,64.0
-10.93,1625449482.0,64.0
-13.49,1625449482.0,64.0
-15.98,1625449482.0,64.0
-18.44,1625449482.0,64.0
-20.97,1625449482.0,64.0
-23.68,1625449482.0,64.0
-26.56,1625449482.0,64.0
-29.41,1625449482.0,64.0
-31.84,1625449482.0,64.0
-33.31,1625449482.0,64.0
-33.38,1625449482.0,64.0
-31.83,1625449482.0,64.0
-28.77,1625449482.0,64.0
-24.64,1625449482.0,64.0
-19.93,1625449482.0,64.0
-15.06,1625449482.0,64.0
-10.25,1625449482.0,64.0
-5.51,1625449482.0,64.0
-0.79,1625449482.0,64.0
3.87,1625449482.0,64.0
8.27,1625449482.0,64.0
12.15,1625449482.0,64.0
15.28,1625449482.0,64.0
17.57,1625449482.0,64.0
19.12,1625449482.0,64.0
20.16,1625449482.0,64.0
20.93,1625449482.0,64.0
21.53,1625449482.0,64.0
21.94,1625449482.0,64.0
22.07,1625449482.0,64.0
21.81,1625449482.0,64.0
21.17,1625449482.0,64.0
20.27,1625449482.0,64.0
19.22,1625449482.0,64.0
18.14,1625449482.0,64.0
17.04,1625449482.0,64.0
15.88,1625449482.0,64.0
14.61,1625449482.0,64.0
13.18,1625449482.0,64.0
11.58,1625449482.0,64.0
9.84,1625449482.0,64.0
7.98,1625449482.0,64.0
6.0,1625449482.0,64.0
3.92,1625449482.0,64.0
1.75,1625449482.0,64.0
-0.48,1625449482.0,64.0
-2.72,1625449482.0,64.0
-4.95,1625449482.0,64.0
-7.22,1625449482.0,64.0
-9.61,1625449482.0,64.0
-12.24,1625449482.0,64.0
-15.19,1625449482.0,64.0
-18.47,1625449482.0,64.0
-22.01,1625449482.0,64.0
-25.6,1625449482.0,64.0
-28.96,1625449482.0,64.0
-31.68,1625449482.0,64.0
-33.36,1625449482.0,64.0
-33.67,1625449482.0,64.0
-32.44,1625449482.0,64.0
-29.79,1625449482.0,64.0
-26.01,1625449482.0,64.0
-21.56,1625449482.0,64.0
-16.8,1625449482.0,64.0
-11.98,1625449482.0,64.0
-7.13,1625449482.0,64.0
-2.2,1625449482.0,64.0
2.8,1625449482.0,64.0
7.72,1625449482.0,64.0
12.24,1625449482.0,64.0
16.05,1625449482.0,64.0
18.93,1625449482.0,64.0
20.9,1625449482.0,64.0
22.16,1625449482.0,64.0
23.0,1625449482.0,64.0
23.65,1625449482.0,64.0
24.22,1625449482.0,64.0
24.68,1625449482.0,64.0
24.95,1625449482.0,64.0
24.97,1625449482.0,64.0
24.72,1625449482.0,64.0
24.17,1625449482.0,64.0
23.35,1625449482.0,64.0
22.25,1625449482.0,64.0
20.88,1625449482.0,64.0
19.25,1625449482.0,64.0
17.39,1625449482.0,64.0
15.31,1625449482.0,64.0
13.04,1625449482.0,64.0
10.59,1625449482.0,64.0
8.04,1625449482.0,64.0
5.49,1625449482.0,64.0
3.06,1625449482.0,64.0
0.83,1625449482.0,64.0
-1.24,1625449482.0,64.0
-3.27,1625449482.0,64.0
-5.46,1625449482.0,64.0
-7.93,1625449482.0,64.0
-10.71,1625449482.0,64.0
-13.74,1625449482.0,64.0
-16.92,1625449482.0,64.0
-20.18,1625449482.0,64.0
-23.49,1625449482.0,64.0
-26.77,1625449482.0,64.0
-29.78,1625449482.0,64.0
-32.16,1625449482.0,64.0
-33.46,1625449482.0,64.0
-33.34,1625449482.0,64.0
-31.69,1625449482.0,64.0
-28.65,1625449482.0,64.0
-24.51,1625449482.0,64.0
-19.59,1625449482.0,64.0
-14.11,1625449482.0,64.0
-8.28,1625449482.0,64.0
-2.36,1625449482.0,64.0
3.3,1625449482.0,64.0
8.28,1625449482.0,64.0
12.27,1625449482.0,64.0
15.17,1625449482.0,64.0
17.13,1625449482.0,64.0
18.5,1625449482.0,64.0
19.63,1625449482.0,64.0
20.74,1625449482.0,64.0
21.86,1625449482.0,64.0
22.9,1625449482.0,64.0
23.74,1625449482.0,64.0
24.26,1625449482.0,64.0
24.4,1625449482.0,64.0
24.1,1625449482.0,64.0
23.35,1625449482.0,64.0
22.16,1625449482.0,64.0
20.62,1625449482.0,64.0
18.91,1625449482.0,64.0
17.2,1625449482.0,64.0
15.65,1625449482.0,64.0
14.28,1625449482.0,64.0
12.99,1625449482.0,64.0
11.63,1625449482.0,64.0
10.07,1625449482.0,64.0
8.26,1625449482.0,64.0
6.22,1625449482.0,64.0
4.0,1625449482.0,64.0
1.65,1625449482.0,64.0
-0.74,1625449482.0,64.0
-3.1,1625449482.0,64.0
-5.37,1625449482.0,64.0
-7.54,1625449482.0,64.0
-9.68,1625449482.0,64.0
-11.93,1625449482.0,64.0
-14.5,1625449482.0,64.0
-17.52,1625449482.0,64.0
-20.98,1625449482.0,64.0
-24.62,1625449482.0,64.0
-28.0,1625449482.0,64.0
-30.56,1625449482.0,64.0
-31.85,1625449482.0,64.0
-31.6,1625449482.0,64.0
-29.85,1625449482.0,64.0
-26.83,1625449482.0,64.0
-22.93,1625449482.0,64.0
-18.46,1625449482.0,64.0
-13.61,1625449482.0,64.0
-8.51,1625449482.0,64.0
-3.28,1625449482.0,64.0
1.89,1625449482.0,64.0
6.73,1625449482.0,64.0
10.94,1625449482.0,64.0
14.37,1625449482.0,64.0
16.99,1625449482.0,64.0
18.92,1625449482.0,64.0
20.34,1625449482.0,64.0
21.39,1625449482.0,64.0
22.19,1625449482.0,64.0
22.8,1625449482.0,64.0
23.26,1625449482.0,64.0
23.6,1625449482.0,64.0
23.84,1625449482.0,64.0
23.88,1625449482.0,64.0
23.61,1625449482.0,64.0
22.87,1625449482.0,64.0
21.63,1625449482.0,64.0
19.96,1625449482.0,64.0
18.0,1625449482.0,64.0
15.89,1625449482.0,64.0
13.71,1625449482.0,64.0
11.41,1625449482.0,64.0
8.97,1625449482.0,64.0
6.4,1625449482.0,64.0
3.85,1625449482.0,64.0
1.49,1625449482.0,64.0
-0.54,1625449482.0,64.0
-2.24,1625449482.0,64.0
-3.81,1625449482.0,64.0
-5.49,1625449482.0,64.0
-7.52,1625449482.0,64.0
-9.96,1625449482.0,64.0
-12.76,1625449482.0,64.0
-15.75,1625449482.0,64.0
-18.76,1625449482.0,64.0
-21.64,1625449482.0,64.0
-24.28,1625449482.0,64.0
-26.62,1625449482.0,64.0
-28.61,1625449482.0,64.0
-30.15,1625449482.0,64.0
-31.13,1625449482.0,64.0
-31.34,1625449482.0,64.0
-30.55,1625449482.0,64.0
-28.51,1625449482.0,64.0
-25.08,1625449482.0,64.0
-20.25,1625449482.0,64.0
-14.25,1625449482.0,64.0
-7.5,1625449482.0,64.0
-0.55,1625449482.0,64.0
6.1,1625449482.0,64.0
12.0,1625449482.0,64.0
16.91,1625449482.0,64.0
20.74,1625449482.0,64.0
23.59,1625449482.0,64.0
25.62,1625449482.0,64.0
27.1,1625449482.0,64.0
28.22,1625449482.0,64.0
29.16,1625449482.0,64.0
29.96,1625449482.0,64.0
30.57,1625449482.0,64.0
30.87,1625449482.0,64.0
30.74,1625449482.0,64.0
30.12,1625449482.0,64.0
29.0,1625449482.0,64.0
27.45,1625449482.0,64.0
25.54,1625449482.0,64.0
23.39,1625449482.0,64.0
21.08,1625449482.0,64.0
18.71,1625449482.0,64.0
16.34,1625449482.0,64.0
14.01,1625449482.0,64.0
11.75,1625449482.0,64.0
9.51,1625449482.0,64.0
7.26,1625449482.0,64.0
4.93,1625449482.0,64.0
2.52,1625449482.0,64.0
0.04,1625449482.0,64.0
-2.48,1625449482.0,64.0
-5.04,1625449482.0,64.0
-7.68,1625449482.0,64.0
-10.51,1625449482.0,64.0
-13.63,1625449482.0,64.0
-17.08,1625449482.0,64.0
-20.79,1625449482.0,64.0
-24.51,1625449482.0,64.0
-27.87,1625449482.0,64.0
-30.35,1625449482.0,64.0
-31.48,1625449482.0,64.0
-30.95,1625449482.0,64.0
-28.74,1625449482.0,64.0
-25.12,1625449482.0,64.0
-20.59,1625449482.0,64.0
-15.66,1625449482.0,64.0
-10.67,1625449482.0,64.0
-5.8,1625449482.0,64.0
-1.05,1625449482.0,64.0
3.59,1625449482.0,64.0
7.97,1625449482.0,64.0
11.87,1625449482.0,64.0
14.99,1625449482.0,64.0
17.21,1625449482.0,64.0
18.57,1625449482.0,64.0
19.38,1625449482.0,64.0
19.96,1625449482.0,64.0
20.58,1625449482.0,64.0
21.31,1625449482.0,64.0
22.09,1625449482.0,64.0
22.81,1625449482.0,64.0
23.44,1625449482.0,64.0
24.04,1625449482.0,64.0
24.7,1625449482.0,64.0
25.42,1625449482.0,64.0
26.06,1625449482.0,64.0
26.31,1625449482.0,64.0
25.85,1625449482.0,64.0
24.48,1625449482.0,64.0
22.22,1625449482.0,64.0
19.24,1625449482.0,64.0
15.8,1625449482.0,64.0
12.08,1625449482.0,64.0
8.17,1625449482.0,64.0
4.11,1625449482.0,64.0
-0.05,1625449482.0,64.0
-4.18,1625449482.0,64.0
-8.17,1625449482.0,64.0
-11.92,1625449482.0,64.0
-15.45,1625449482.0,64.0
-18.91,1625449482.0,64.0
-22.46,1625449482.0,64.0
-26.23,1625449482.0,64.0
-30.19,1625449482.0,64.0
-34.16,1625449482.0,64.0
-37.79,1625449482.0,64.0
-40.67,1625449482.0,64.0
-42.35,1625449482.0,64.0
-42.56,1625449482.0,64.0
-41.19,1625449482.0,64.0
-38.36,1625449482.0,64.0
-34.37,1625449482.0,64.0
-29.56,1625449482.0,64.0
-24.23,1625449482.0,64.0
-18.56,1625449482.0,64.0
-12.69,1625449482.0,64.0
-6.77,1625449482.0,64.0
-1.06,1625449482.0,64.0
4.12,1625449482.0,64.0
8.42,1625449482.0,64.0
11.66,1625449482.0,64.0
13.84,1625449482.0,64.0
15.17,1625449482.0,64.0
15.99,1625449482.0,64.0
16.65,1625449482.0,64.0
17.41,1625449482.0,64.0
18.33,1625449482.0,64.0
19.34,1625449482.0,64.0
20.28,1625449482.0,64.0
20.97,1625449482.0,64.0
21.26,1625449482.0,64.0
21.06,1625449482.0,64.0
20.36,1625449482.0,64.0
19.16,1625449482.0,64.0
17.5,1625449482.0,64.0
15.45,1625449482.0,64.0
13.11,1625449482.0,64.0
10.59,1625449482.0,64.0
8.05,1625449482.0,64.0
5.65,1625449482.0,64.0
3.5,1625449482.0,64.0
1.65,1625449482.0,64.0
0.03,1625449482.0,64.0
-1.49,1625449482.0,64.0
-3.13,1625449482.0,64.0
-5.06,1625449482.0,64.0
-7.38,1625449482.0,64.0
-10.1,1625449482.0,64.0
-13.14,1625449482.0,64.0
-16.39,1625449482.0,64.0
-19.74,1625449482.0,64.0
-23.13,1625449482.0,64.0
-26.51,1625449482.0,64.0
-29.74,1625449482.0,64.0
-32.61,1625449482.0,64.0
-34.8,1625449482.0,64.0
-35.94,1625449482.0,64.0
-35.7,1625449482.0,64.0
-33.92,1625449482.0,64.0
-30.66,1625449482.0,64.0
-26.22,1625449482.0,64.0
-21.02,1625449482.0,64.0
-15.49,1625449482.0,64.0
-9.91,1625449482.0,64.0
-4.41,1625449482.0,64.0
0.96,1625449482.0,64.0
6.12,1625449482.0,64.0
10.82,1625449482.0,64.0
14.75,1625449482.0,64.0
17.62,1625449482.0,64.0
19.35,1625449482.0,64.0
20.15,1625449482.0,64.0
20.41,1625449482.0,64.0
20.56,1625449482.0,64.0
20.87,1625449482.0,64.0
21.35,1625449482.0,64.0
21.84,1625449482.0,64.0
22.11,1625449482.0,64.0
22.03,1625449482.0,64.0
21.61,1625449482.0,64.0
20.94,1625449482.0,64.0
20.12,1625449482.0,64.0
19.2,1625449482.0,64.0
18.1,1625449482.0,64.0
16.79,1625449482.0,64.0
15.19,1625449482.0,64.0
13.32,1625449482.0,64.0
11.22,1625449482.0,64.0
8.92,1625449482.0,64.0
6.46,1625449482.0,64.0
3.85,1625449482.0,64.0
1.17,1625449482.0,64.0
-1.47,1625449482.0,64.0
-3.96,1625449482.0,64.0
-6.21,1625449482.0,64.0
-8.23,1625449482.0,64.0
-10.11,1625449482.0,64.0
-12.02,1625449482.0,64.0
-14.09,1625449482.0,64.0
-16.42,1625449482.0,64.0
-19.09,1625449482.0,64.0
-22.13,1625449482.0,64.0
-25.51,1625449482.0,64.0
-29.07,1625449482.0,64.0
-32.48,1625449482.0,64.0
-35.31,1625449482.0,64.0
-37.08,1625449482.0,64.0
-37.44,1625449482.0,64.0
-36.28,1625449482.0,64.0
-33.7,1625449482.0,64.0
-29.99,1625449482.0,64.0
-25.5,1625449482.0,64.0
-20.5,1625449482.0,64.0
-15.18,1625449482.0,64.0
-9.66,1625449482.0,64.0
-4.06,1625449482.0,64.0
1.46,1625449482.0,64.0
6.72,1625449482.0,64.0
11.54,1625449482.0,64.0
15.77,1625449482.0,64.0
19.32,1625449482.0,64.0
22.14,1625449482.0,64.0
24.24,1625449482.0,64.0
25.66,1625449482.0,64.0
26.48,1625449482.0,64.0
26.79,1625449482.0,64.0
26.76,1625449482.0,64.0
26.57,1625449482.0,64.0
26.37,1625449482.0,64.0
26.26,1625449482.0,64.0
26.19,1625449482.0,64.0
26.04,1625449482.0,64.0
25.65,1625449482.0,64.0
24.91,1625449482.0,64.0
23.75,1625449482.0,64.0
22.18,1625449482.0,64.0
20.29,1625449482.0,64.0
18.18,1625449482.0,64.0
15.96,1625449482.0,64.0
13.76,1625449482.0,64.0
11.65,1625449482.0,64.0
9.66,1625449482.0,64.0
7.69,1625449482.0,64.0
5.59,1625449482.0,64.0
3.22,1625449482.0,64.0
0.55,1625449482.0,64.0
-2.37,1625449482.0,64.0
-5.36,1625449482.0,64.0
-8.29,1625449482.0,64.0
-11.09,1625449482.0,64.0
-13.8,1625449482.0,64.0
-16.56,1625449482.0,64.0
-19.52,1625449482.0,64.0
-22.81,1625449482.0,64.0
-26.45,1625449482.0,64.0
-30.32,1625449482.0,64.0
-34.09,1625449482.0,64.0
-37.29,1625449482.0,64.0
-39.38,1625449482.0,64.0
-39.98,1625449482.0,64.0
-38.93,1625449482.0,64.0
-36.41,1625449482.0,64.0
-32.78,1625449482.0,64.0
-28.51,1625449482.0,64.0
-23.91,1625449482.0,64.0
-19.07,1625449482.0,64.0
-13.93,1625449482.0,64.0
-8.44,1625449482.0,64.0
-2.71,1625449482.0,64.0
2.97,1625449482.0,64.0
8.17,1625449482.0,64.0
12.54,1625449482.0,64.0
15.92,1625449482.0,64.0
18.39,1625449482.0,64.0
20.22,1625449482.0,64.0
21.7,1625449482.0,64.0
23.07,1625449482.0,64.0
24.38,1625449482.0,64.0
25.59,1625449482.0,64.0
26.56,1625449482.0,64.0
27.15,1625449482.0,64.0
27.28,1625449482.0,64.0
26.98,1625449482.0,64.0
26.34,1625449482.0,64.0
25.43,1625449482.0,64.0
24.32,1625449482.0,64.0
22.95,1625449482.0,64.0
21.23,1625449482.0,64.0
19.1,1625449482.0,64.0
16.59,1625449482.0,64.0
13.87,1625449482.0,64.0
11.17,1625449482.0,64.0
8.66,1625449482.0,64.0
6.36,1625449482.0,64.0
4.17,1625449482.0,64.0
1.89,1625449482.0,64.0
-0.56,1625449482.0,64.0
-3.1,1625449482.0,64.0
-5.52,1625449482.0,64.0
-7.58,1625449482.0,64.0
-9.24,1625449482.0,64.0
-10.66,1625449482.0,64.0
-12.18,1625449482.0,64.0
-14.11,1625449482.0,64.0
-16.6,1625449482.0,64.0
-19.59,1625449482.0,64.0
-22.84,1625449482.0,64.0
-26.07,1625449482.0,64.0
-29.09,1625449482.0,64.0
-31.76,1625449482.0,64.0
-33.96,1625449482.0,64.0
-35.5,1625449482.0,64.0
-36.17,1625449482.0,64.0
-35.77,1625449482.0,64.0
-34.22,1625449482.0,64.0
-31.59,1625449482.0,64.0
-28.1,1625449482.0,64.0
-23.95,1625449482.0,64.0
-19.3,1625449482.0,64.0
-14.29,1625449482.0,64.0
-9.03,1625449482.0,64.0
-3.73,1625449482.0,64.0
1.36,1625449482.0,64.0
5.92,1625449482.0,64.0
9.7,1625449482.0,64.0
12.59,1625449482.0,64.0
14.66,1625449482.0,64.0
16.11,1625449482.0,64.0
17.22,1625449482.0,64.0
18.24,1625449482.0,64.0
19.34,1625449482.0,64.0
20.52,1625449482.0,64.0
21.66,1625449482.0,64.0
22.58,1625449482.0,64.0
23.1,1625449482.0,64.0
23.1,1625449482.0,64.0
22.56,1625449482.0,64.0
21.58,1625449482.0,64.0
20.24,1625449482.0,64.0
18.7,1625449482.0,64.0
17.08,1625449482.0,64.0
15.49,1625449482.0,64.0
14.02,1625449482.0,64.0
12.69,1625449482.0,64.0
11.43,1625449482.0,64.0
10.11,1625449482.0,64.0
8.57,1625449482.0,64.0
6.76,1625449482.0,64.0
4.67,1625449482.0,64.0
2.45,1625449482.0,64.0
0.21,1625449482.0,64.0
-1.99,1625449482.0,64.0
-4.2,1625449482.0,64.0
-6.49,1625449482.0,64.0
-8.94,1625449482.0,64.0
-11.5,1625449482.0,64.0
-14.08,1625449482.0,64.0
-16.59,1625449482.0,64.0
-19.03,1625449482.0,64.0
-21.48,1625449482.0,64.0
-24.02,1625449482.0,64.0
-26.55,1625449482.0,64.0
-28.76,1625449482.0,64.0
-30.23,1625449482.0,64.0
-30.51,1625449482.0,64.0
-29.38,1625449482.0,64.0
-26.94,1625449482.0,64.0
-23.48,1625449482.0,64.0
-19.4,1625449482.0,64.0
-15.02,1625449482.0,64.0
-10.52,1625449482.0,64.0
-5.99,1625449482.0,64.0
-1.55,1625449482.0,64.0
2.61,1625449482.0,64.0
6.24,1625449482.0,64.0
9.11,1625449482.0,64.0
11.14,1625449482.0,64.0
12.41,1625449482.0,64.0
13.14,1625449482.0,64.0
13.64,1625449482.0,64.0
14.15,1625449482.0,64.0
14.82,1625449482.0,64.0
15.66,1625449482.0,64.0
16.59,1625449482.0,64.0
17.44,1625449482.0,64.0
18.08,1625449482.0,64.0
18.41,1625449482.0,64.0
18.41,1625449482.0,64.0
18.1,1625449482.0,64.0
17.54,1625449482.0,64.0
16.77,1625449482.0,64.0
15.77,1625449482.0,64.0
14.54,1625449482.0,64.0
13.05,1625449482.0,64.0
11.32,1625449482.0,64.0
9.39,1625449482.0,64.0
7.31,1625449482.0,64.0
5.16,1625449482.0,64.0
2.98,1625449482.0,64.0
0.82,1625449482.0,64.0
-1.32,1625449482.0,64.0
-3.47,1625449482.0,64.0
-5.67,1625449482.0,64.0
-8.0,1625449482.0,64.0
-10.49,1625449482.0,64.0
-13.16,1625449482.0,64.0
-15.98,1625449482.0,64.0
-18.93,1625449482.0,64.0
-21.91,1625449482.0,64.0
-24.74,1625449482.0,64.0
-27.08,1625449482.0,64.0
-28.51,1625449482.0,64.0
-28.61,1625449482.0,64.0
-27.15,1625449482.0,64.0
-24.19,1625449482.0,64.0
-20.08,1625449482.0,64.0
-15.34,1625449482.0,64.0
-10.42,1625449482.0,64.0
-5.62,1625449482.0,64.0
-1.08,1625449482.0,64.0
3.11,1625449482.0,64.0
6.81,1625449482.0,64.0
9.79,1625449482.0,64.0
11.88,1625449482.0,64.0
13.07,1625449482.0,64.0
13.6,1625449482.0,64.0
13.9,1625449482.0,64.0
14.39,1625449482.0,64.0
15.26,1625449482.0,64.0
16.4,1625449482.0,64.0
17.46,1625449482.0,64.0
18.09,1625449482.0,64.0
18.06,1625449482.0,64.0
17.43,1625449482.0,64.0
16.43,1625449482.0,64.0
15.32,1625449482.0,64.0
14.28,1625449482.0,64.0
13.29,1625449482.0,64.0
12.19,1625449482.0,64.0
10.78,1625449482.0,64.0
8.98,1625449482.0,64.0
6.85,1625449482.0,64.0
4.57,1625449482.0,64.0
2.35,1625449482.0,64.0
0.23,1625449482.0,64.0
-1.88,1625449482.0,64.0
-4.2,1625449482.0,64.0
-6.91,1625449482.0,64.0
-10.0,1625449482.0,64.0
-13.25,1625449482.0,64.0
-16.38,1625449482.0,64.0
-19.16,1625449482.0,64.0
-21.61,1625449482.0,64.0
-24.0,1625449482.0,64.0
-26.62,1625449482.0,64.0
-29.63,1625449482.0,64.0
-32.83,1625449482.0,64.0
-35.67,1625449482.0,64.0
-37.51,1625449482.0,64.0
-37.86,1625449482.0,64.0
-36.53,1625449482.0,64.0
-33.71,1625449482.0,64.0
-29.79,1625449482.0,64.0
-25.21,1625449482.0,64.0
-20.28,1625449482.0,64.0
-15.17,1625449482.0,64.0
-9.91,1625449482.0,64.0
-4.55,1625449482.0,64.0
0.7,1625449482.0,64.0
5.55,1625449482.0,64.0
9.65,1625449482.0,64.0
12.77,1625449482.0,64.0
14.92,1625449482.0,64.0
16.31,1625449482.0,64.0
17.3,1625449482.0,64.0
18.25,1625449482.0,64.0
19.33,1625449482.0,64.0
20.53,1625449482.0,64.0
21.62,1625449482.0,64.0
22.35,1625449482.0,64.0
22.55,1625449482.0,64.0
22.19,1625449482.0,64.0
21.4,1625449482.0,64.0
20.39,1625449482.0,64.0
19.3,1625449482.0,64.0
18.16,1625449482.0,64.0
16.9,1625449482.0,64.0
15.37,1625449482.0,64.0
13.49,1625449482.0,64.0
11.29,1625449482.0,64.0
8.91,1625449482.0,64.0
6.52,1625449482.0,64.0
4.23,1625449482.0,64.0
2.03,1625449482.0,64.0
-0.21,1625449482.0,64.0
-2.61,1625449482.0,64.0
-5.22,1625449482.0,64.0
-7.98,1625449482.0,64.0
-10.84,1625449482.0,64.0
-13.8,1625449482.0,64.0
-16.97,1625449482.0,64.0
-20.46,1625449482.0,64.0
-24.25,1625449482.0,64.0
-28.09,1625449482.0,64.0
-31.5,1625449482.0,64.0
-33.93,1625449482.0,64.0
-34.9,1625449482.0,64.0
-34.21,1625449482.0,64.0
-31.98,1625449482.0,64.0
-28.53,1625449482.0,64.0
-24.27,1625449482.0,64.0
-19.49,1625449482.0,64.0
-14.32,1625449482.0,64.0
-8.79,1625449482.0,64.0
-2.96,1625449482.0,64.0
2.98,1625449482.0,64.0
8.65,1625449482.0,64.0
13.59,1625449482.0,64.0
17.46,1625449482.0,64.0
20.14,1625449482.0,64.0
21.79,1625449482.0,64.0
22.79,1625449482.0,64.0
23.58,1625449482.0,64.0
24.49,1625449482.0,64.0
25.63,1625449482.0,64.0
26.89,1625449482.0,64.0
28.03,1625449482.0,64.0
28.75,1625449482.0,64.0
28.86,1625449482.0,64.0
28.33,1625449482.0,64.0
27.22,1625449482.0,64.0
25.73,1625449482.0,64.0
24.03,1625449482.0,64.0
22.22,1625449482.0,64.0
20.29,1625449482.0,64.0
18.2,1625449482.0,64.0
15.89,1625449482.0,64.0
13.4,1625449482.0,64.0
10.8,1625449482.0,64.0
8.18,1625449482.0,64.0
5.58,1625449482.0,64.0
2.96,1625449482.0,64.0
0.21,1625449482.0,64.0
-2.75,1625449482.0,64.0
-5.94,1625449482.0,64.0
-9.31,1625449482.0,64.0
-12.74,1625449482.0,64.0
-16.19,1625449482.0,64.0
-19.66,1625449482.0,64.0
-23.2,1625449482.0,64.0
-26.86,1625449482.0,64.0
-30.54,1625449482.0,64.0
-33.99,1625449482.0,64.0
-36.82,1625449482.0,64.0
-38.57,1625449482.0,64.0
-38.9,1625449482.0,64.0
-37.65,1625449482.0,64.0
-34.91,1625449482.0,64.0
-30.92,1625449482.0,64.0
-26.03,1625449482.0,64.0
-20.58,1625449482.0,64.0
-14.8,1625449482.0,64.0
-8.9,1625449482.0,64.0
-3.02,1625449482.0,64.0
2.61,1625449482.0,64.0
7.75,1625449482.0,64.0
12.13,1625449482.0,64.0
15.61,1625449482.0,64.0
18.19,1625449482.0,64.0
20.01,1625449482.0,64.0
21.31,1625449482.0,64.0
22.27,1625449482.0,64.0
23.02,1625449482.0,64.0
23.58,1625449482.0,64.0
23.97,1625449482.0,64.0
24.17,1625449482.0,64.0
24.22,1625449482.0,64.0
24.13,1625449482.0,64.0
23.9,1625449482.0,64.0
23.51,1625449482.0,64.0
22.9,1625449482.0,64.0
22.02,1625449482.0,64.0
20.86,1625449482.0,64.0
19.43,1625449482.0,64.0
17.73,1625449482.0,64.0
15.76,1625449482.0,64.0
13.51,1625449482.0,64.0
10.99,1625449482.0,64.0
8.31,1625449482.0,64.0
5.58,1625449482.0,64.0
2.93,1625449482.0,64.0
0.42,1625449482.0,64.0
-1.99,1625449482.0,64.0
-4.36,1625449482.0,64.0
-6.8,1625449482.0,64.0
-9.34,1625449482.0,64.0
-11.97,1625449482.0,64.0
-14.63,1625449482.0,64.0
-17.3,1625449482.0,64.0
-20.02,1625449482.0,64.0
-22.8,1625449482.0,64.0
-25.6,1625449482.0,64.0
-28.19,1625449482.0,64.0
-30.23,1625449482.0,64.0
-31.3,1625449482.0,64.0
-31.1,1625449482.0,64.0
-29.52,1625449482.0,64.0
-26.68,1625449482.0,64.0
-22.82,1625449482.0,64.0
-18.19,1625449482.0,64.0
-12.99,1625449482.0,64.0
-7.34,1625449482.0,64.0
-1.44,1625449482.0,64.0
4.44,1625449482.0,64.0
9.86,1625449482.0,64.0
14.42,1625449482.0,64.0
17.82,1625449482.0,64.0
20.06,1625449482.0,64.0
21.37,1625449482.0,64.0
22.15,1625449482.0,64.0
22.75,1625449482.0,64.0
23.37,1625449482.0,64.0
24.0,1625449482.0,64.0
24.52,1625449482.0,64.0
24.78,1625449482.0,64.0
24.73,1625449482.0,64.0
24.37,1625449482.0,64.0
23.72,1625449482.0,64.0
22.79,1625449482.0,64.0
21.57,1625449482.0,64.0
20.02,1625449482.0,64.0
18.19,1625449482.0,64.0
16.14,1625449482.0,64.0
14.03,1625449482.0,64.0
11.96,1625449482.0,64.0
10.0,1625449482.0,64.0
8.2,1625449482.0,64.0
6.52,1625449482.0,64.0
4.96,1625449482.0,64.0
3.49,1625449482.0,64.0
2.07,1625449482.0,64.0
0.67,1625449482.0,64.0
-0.78,1625449482.0,64.0
-2.35,1625449482.0,64.0
-4.12,1625449482.0,64.0
-6.16,1625449482.0,64.0
-8.5,1625449482.0,64.0
-11.16,1625449482.0,64.0
-14.08,1625449482.0,64.0
-17.15,1625449482.0,64.0
-20.19,1625449482.0,64.0
-22.98,1625449482.0,64.0
-25.24,1625449482.0,64.0
-26.7,1625449482.0,64.0
-27.09,1625449482.0,64.0
-26.2,1625449482.0,64.0
-23.98,1625449482.0,64.0
-20.53,1625449482.0,64.0
-16.13,1625449482.0,64.0
-11.14,1625449482.0,64.0
-5.94,1625449482.0,64.0
-0.85,1625449482.0,64.0
3.88,1625449482.0,64.0
8.04,1625449482.0,64.0
11.46,1625449482.0,64.0
14.0,1625449482.0,64.0
15.64,1625449482.0,64.0
16.5,1625449482.0,64.0
16.83,1625449482.0,64.0
16.98,1625449482.0,64.0
17.21,1625449482.0,64.0
17.66,1625449482.0,64.0
18.35,1625449482.0,64.0
19.17,1625449482.0,64.0
19.95,1625449482.0,64.0
20.54,1625449482.0,64.0
20.83,1625449482.0,64.0
20.68,1625449482.0,64.0
20.07,1625449482.0,64.0
19.0,1625449482.0,64.0
17.56,1625449482.0,64.0
15.9,1625449482.0,64.0
14.19,1625449482.0,64.0
12.47,1625449482.0,64.0
10.73,1625449482.0,64.0
8.9,1625449482.0,64.0
6.91,1625449482.0,64.0
4.75,1625449482.0,64.0
2.47,1625449482.0,64.0
0.12,1625449482.0,64.0
-2.28,1625449482.0,64.0
-4.78,1625449482.0,64.0
-7.44,1625449482.0,64.0
-10.28,1625449482.0,64.0
-13.28,1625449482.0,64.0
-16.34,1625449482.0,64.0
-19.36,1625449482.0,64.0
-22.27,1625449482.0,64.0
-25.03,1625449482.0,64.0
-27.54,1625449482.0,64.0
-29.58,1625449482.0,64.0
-30.84,1625449482.0,64.0
-31.01,1625449482.0,64.0
-29.86,1625449482.0,64.0
-27.38,1625449482.0,64.0
-23.79,1625449482.0,64.0
-19.47,1625449482.0,64.0
-14.8,1625449482.0,64.0
-10.11,1625449482.0,64.0
-5.6,1625449482.0,64.0
-1.37,1625449482.0,64.0
2.55,1625449482.0,64.0
6.1,1625449482.0,64.0
9.19,1625449482.0,64.0
11.73,1625449482.0,64.0
13.69,1625449482.0,64.0
15.11,1625449482.0,64.0
16.15,1625449482.0,64.0
16.97,1625449482.0,64.0
17.69,1625449482.0,64.0
18.31,1625449482.0,64.0
18.75,1625449482.0,64.0
18.85,1625449482.0,64.0
18.53,1625449482.0,64.0
17.76,1625449482.0,64.0
16.65,1625449482.0,64.0
15.36,1625449482.0,64.0
14.0,1625449482.0,64.0
12.6,1625449482.0,64.0
11.11,1625449482.0,64.0
9.42,1625449482.0,64.0
7.5,1625449482.0,64.0
5.35,1625449482.0,64.0
3.07,1625449482.0,64.0
0.76,1625449482.0,64.0
-1.48,1625449482.0,64.0
-3.6,1625449482.0,64.0
-5.62,1625449482.0,64.0
-7.61,1625449482.0,64.0
-9.67,1625449482.0,64.0
-11.9,1625449482.0,64.0
-14.35,1625449482.0,64.0
-17.03,1625449482.0,64.0
-19.9,1625449482.0,64.0
-22.79,1625449482.0,64.0
-25.44,1625449482.0,64.0
-27.5,1625449482.0,64.0
-28.61,1625449482.0,64.0
-28.44,1625449482.0,64.0
-26.87,1625449482.0,64.0
-23.94,1625449482.0,64.0
-19.9,1625449482.0,64.0
-15.14,1625449482.0,64.0
-10.06,1625449482.0,64.0
-5.02,1625449482.0,64.0
-0.29,1625449482.0,64.0
3.93,1625449482.0,64.0
7.53,1625449482.0,64.0
10.45,1625449482.0,64.0
12.66,1625449482.0,64.0
14.23,1625449482.0,64.0
15.29,1625449482.0,64.0
16.05,1625449482.0,64.0
16.7,1625449482.0,64.0
17.33,1625449482.0,64.0
17.92,1625449482.0,64.0
18.33,1625449482.0,64.0
18.36,1625449482.0,64.0
17.93,1625449482.0,64.0
17.05,1625449482.0,64.0
15.88,1625449482.0,64.0
14.61,1625449482.0,64.0
13.39,1625449482.0,64.0
12.16,1625449482.0,64.0
10.77,1625449482.0,64.0
9.0,1625449482.0,64.0
6.76,1625449482.0,64.0
4.14,1625449482.0,64.0
1.34,1625449482.0,64.0
-1.36,1625449482.0,64.0
-3.8,1625449482.0,64.0
-5.99,1625449482.0,64.0
-8.05,1625449482.0,64.0
-10.19,1625449482.0,64.0
-12.57,1625449482.0,64.0
-15.27,1625449482.0,64.0
-18.32,1625449482.0,64.0
-21.66,1625449482.0,64.0
-25.22,1625449482.0,64.0
-28.84,1625449482.0,64.0
-32.27,1625449482.0,64.0
-35.11,1625449482.0,64.0
-36.92,1625449482.0,64.0
-37.32,1625449482.0,64.0
-36.12,1625449482.0,64.0
-33.41,1625449482.0,64.0
-29.5,1625449482.0,64.0
-24.84,1625449482.0,64.0
-19.85,1625449482.0,64.0
-14.81,1625449482.0,64.0
-9.82,1625449482.0,64.0
-4.91,1625449482.0,64.0
-0.1,1625449482.0,64.0
4.48,1625449482.0,64.0
8.59,1625449482.0,64.0
11.96,1625449482.0,64.0
14.45,1625449482.0,64.0
16.08,1625449482.0,64.0
17.12,1625449482.0,64.0
17.87,1625449482.0,64.0
18.56,1625449482.0,64.0
19.23,1625449482.0,64.0
19.75,1625449482.0,64.0
19.9,1625449482.0,64.0
19.56,1625449482.0,64.0
18.75,1625449482.0,64.0
17.6,1625449482.0,64.0
16.25,1625449482.0,64.0
14.79,1625449482.0,64.0
13.18,1625449482.0,64.0
11.35,1625449482.0,64.0
9.29,1625449482.0,64.0
7.06,1625449482.0,64.0
4.79,1625449482.0,64.0
2.6,1625449482.0,64.0
0.56,1625449482.0,64.0
-1.37,1625449482.0,64.0
-3.25,1625449482.0,64.0
-5.16,1625449482.0,64.0
-7.17,1625449482.0,64.0
-9.33,1625449482.0,64.0
-11.71,1625449482.0,64.0
-14.38,1625449482.0,64.0
-17.43,1625449482.0,64.0
-20.88,1625449482.0,64.0
-24.62,1625449482.0,64.0
-28.39,1625449482.0,64.0
-31.78,1625449482.0,64.0
-34.28,1625449482.0,64.0
-35.48,1625449482.0,64.0
-35.12,1625449482.0,64.0
-33.18,1625449482.0,64.0
-29.89,1625449482.0,64.0
-25.56,1625449482.0,64.0
-20.5,1625449482.0,64.0
-14.96,1625449482.0,64.0
-9.12,1625449482.0,64.0
-3.23,1625449482.0,64.0
2.41,1625449482.0,64.0
7.4,1625449482.0,64.0
11.41,1625449482.0,64.0
14.29,1625449482.0,64.0
16.15,1625449482.0,64.0
17.32,1625449482.0,64.0
18.2,1625449482.0,64.0
19.09,1625449482.0,64.0
20.1,1625449482.0,64.0
21.16,1625449482.0,64.0
22.08,1625449482.0,64.0
22.69,1625449482.0,64.0
22.89,1625449482.0,64.0
22.66,1625449482.0,64.0
22.09,1625449482.0,64.0
21.27,1625449482.0,64.0
20.25,1625449482.0,64.0
19.05,1625449482.0,64.0
17.61,1625449482.0,64.0
15.86,1625449482.0,64.0
13.77,1625449482.0,64.0
11.37,1625449482.0,64.0
8.75,1625449482.0,64.0
6.04,1625449482.0,64.0
3.36,1625449482.0,64.0
0.77,1625449482.0,64.0
-1.73,1625449482.0,64.0
-4.2,1625449482.0,64.0
-6.7,1625449482.0,64.0
-9.29,1625449482.0,64.0
-12.01,1625449482.0,64.0
-14.86,1625449482.0,64.0
-17.89,1625449482.0,64.0
-21.11,1625449482.0,64.0
-24.48,1625449482.0,64.0
-27.86,1625449482.0,64.0
-30.95,1625449482.0,64.0
-33.36,1625449482.0,64.0
-34.66,1625449482.0,64.0
-34.56,1625449482.0,64.0
-32.92,1625449482.0,64.0
-29.89,1625449482.0,64.0
-25.75,1625449482.0,64.0
-20.86,1625449482.0,64.0
-15.52,1625449482.0,64.0
-9.94,1625449482.0,64.0
-4.25,1625449482.0,64.0
1.37,1625449482.0,64.0
6.68,1625449482.0,64.0
11.4,1625449482.0,64.0
15.25,1625449482.0,64.0
18.1,1625449482.0,64.0
20.02,1625449482.0,64.0
21.27,1625449482.0,64.0
22.2,1625449482.0,64.0
23.11,1625449482.0,64.0
24.14,1625449482.0,64.0
25.21,1625449482.0,64.0
26.09,1625449482.0,64.0
26.49,1625449482.0,64.0
26.25,1625449482.0,64.0
25.35,1625449482.0,64.0
23.97,1625449482.0,64.0
22.37,1625449482.0,64.0
20.74,1625449482.0,64.0
19.16,1625449482.0,64.0
17.54,1625449482.0,64.0
15.72,1625449482.0,64.0
13.58,1625449482.0,64.0
11.12,1625449482.0,64.0
8.44,1625449482.0,64.0
5.72,1625449482.0,64.0
3.08,1625449482.0,64.0
0.57,1625449482.0,64.0
-1.86,1625449482.0,64.0
-4.27,1625449482.0,64.0
-6.71,1625449482.0,64.0
-9.18,1625449482.0,64.0
-11.63,1625449482.0,64.0
-14.05,1625449482.0,64.0
-16.48,1625449482.0,64.0
-19.05,1625449482.0,64.0
-21.9,1625449482.0,64.0
-25.07,1625449482.0,64.0
-28.37,1625449482.0,64.0
-31.38,1625449482.0,64.0
-33.5,1625449482.0,64.0
-34.19,1625449482.0,64.0
-33.14,1625449482.0,64.0
-30.4,1625449482.0,64.0
-26.33,1625449482.0,64.0
-21.39,1625449482.0,64.0
-15.98,1625449482.0,64.0
-10.34,1625449482.0,64.0
-4.57,1625449482.0,64.0
1.24,1625449482.0,64.0
6.89,1625449482.0,64.0
12.06,1625449482.0,64.0
16.43,1625449482.0,64.0
19.8,1625449482.0,64.0
22.22,1625449482.0,64.0
23.92,1625449482.0,64.0
25.17,1625449482.0,64.0
26.17,1625449482.0,64.0
26.95,1625449482.0,64.0
27.42,1625449482.0,64.0
27.47,1625449482.0,64.0
27.14,1625449482.0,64.0
26.55,1625449482.0,64.0
25.89,1625449482.0,64.0
25.25,1625449482.0,64.0
24.55,1625449482.0,64.0
23.62,1625449482.0,64.0
22.23,1625449482.0,64.0
20.32,1625449482.0,64.0
18.02,1625449482.0,64.0
15.53,1625449482.0,64.0
13.07,1625449482.0,64.0
10.74,1625449482.0,64.0
8.51,1625449482.0,64.0
6.32,1625449482.0,64.0
4.18,1625449482.0,64.0
2.09,1625449482.0,64.0
0.12,1625449482.0,64.0
-1.77,1625449482.0,64.0
-3.65,1625449482.0,64.0
-5.66,1625449482.0,64.0
-7.9,1625449482.0,64.0
-10.41,1625449482.0,64.0
-13.19,1625449482.0,64.0
-16.2,1625449482.0,64.0
-19.37,1625449482.0,64.0
-22.54,1625449482.0,64.0
-25.45,1625449482.0,64.0
-27.69,1625449482.0,64.0
-28.85,1625449482.0,64.0
-28.63,1625449482.0,64.0
-26.93,1625449482.0,64.0
-23.96,1625449482.0,64.0
-20.06,1625449482.0,64.0
-15.6,1625449482.0,64.0
-10.86,1625449482.0,64.0
-6.03,1625449482.0,64.0
-1.23,1625449482.0,64.0
3.35,1625449482.0,64.0
7.47,1625449482.0,64.0
10.82,1625449482.0,64.0
13.18,1625449482.0,64.0
14.48,1625449482.0,64.0
14.94,1625449482.0,64.0
14.96,1625449482.0,64.0
15.02,1625449482.0,64.0
15.48,1625449482.0,64.0
16.44,1625449482.0,64.0
17.73,1625449482.0,64.0
19.0,1625449482.0,64.0
19.86,1625449482.0,64.0
20.09,1625449482.0,64.0
19.69,1625449482.0,64.0
18.81,1625449482.0,64.0
17.65,1625449482.0,64.0
16.35,1625449482.0,64.0
14.92,1625449482.0,64.0
13.26,1625449482.0,64.0
11.32,1625449482.0,64.0
9.13,1625449482.0,64.0
6.84,1625449482.0,64.0
4.65,1625449482.0,64.0
2.71,1625449482.0,64.0
1.01,1625449482.0,64.0
-0.59,1625449482.0,64.0
-2.29,1625449482.0,64.0
-4.26,1625449482.0,64.0
-6.55,1625449482.0,64.0
-9.11,1625449482.0,64.0
-11.87,1625449482.0,64.0
-14.77,1625449482.0,64.0
-17.82,1625449482.0,64.0
-20.98,1625449482.0,64.0
-24.09,1625449482.0,64.0
-26.79,1625449482.0,64.0
-28.57,1625449482.0,64.0
-28.96,1625449482.0,64.0
-27.69,1625449482.0,64.0
-24.84,1625449482.0,64.0
-20.78,1625449482.0,64.0
-16.02,1625449482.0,64.0
-11.03,1625449482.0,64.0
-6.12,1625449482.0,64.0
-1.48,1625449482.0,64.0
2.78,1625449482.0,64.0
6.54,1625449482.0,64.0
9.65,1625449482.0,64.0
12.01,1625449482.0,64.0
13.62,1625449482.0,64.0
14.67,1625449482.0,64.0
15.47,1625449482.0,64.0
16.27,1625449482.0,64.0
17.2,1625449482.0,64.0
18.16,1625449482.0,64.0
18.92,1625449482.0,64.0
19.25,1625449482.0,64.0
19.01,1625449482.0,64.0
18.27,1625449482.0,64.0
17.27,1625449482.0,64.0
16.26,1625449482.0,64.0
15.43,1625449482.0,64.0
14.78,1625449482.0,64.0
14.11,1625449482.0,64.0
13.11,1625449482.0,64.0
11.52,1625449482.0,64.0
9.24,1625449482.0,64.0
6.43,1625449482.0,64.0
3.37,1625449482.0,64.0
0.42,1625449482.0,64.0
-2.21,1625449482.0,64.0
-4.55,1625449482.0,64.0
-6.74,1625449482.0,64.0
-9.02,1625449482.0,64.0
-11.54,1625449482.0,64.0
-14.37,1625449482.0,64.0
-17.5,1625449482.0,64.0
-20.87,1625449482.0,64.0
-24.36,1625449482.0,64.0
-27.76,1625449482.0,64.0
-30.73,1625449482.0,64.0
-32.84,1625449482.0,64.0
-33.67,1625449482.0,64.0
-32.97,1625449482.0,64.0
-30.76,1625449482.0,64.0
-27.21,1625449482.0,64.0
-22.68,1625449482.0,64.0
-17.5,1625449482.0,64.0
-11.95,1625449482.0,64.0
-6.31,1625449482.0,64.0
-0.83,1625449482.0,64.0
4.2,1625449482.0,64.0
8.55,1625449482.0,64.0
12.02,1625449482.0,64.0
14.58,1625449482.0,64.0
16.29,1625449482.0,64.0
17.37,1625449482.0,64.0
18.08,1625449482.0,64.0
18.64,1625449482.0,64.0
19.22,1625449482.0,64.0
19.81,1625449482.0,64.0
20.31,1625449482.0,64.0
20.49,1625449482.0,64.0
20.16,1625449482.0,64.0
19.25,1625449482.0,64.0
17.89,1625449482.0,64.0
16.35,1625449482.0,64.0
14.89,1625449482.0,64.0
13.63,1625449482.0,64.0
12.48,1625449482.0,64.0
11.23,1625449482.0,64.0
9.65,1625449482.0,64.0
7.65,1625449482.0,64.0
5.3,1625449482.0,64.0
2.75,1625449482.0,64.0
0.16,1625449482.0,64.0
-2.43,1625449482.0,64.0
-5.03,1625449482.0,64.0
-7.73,1625449482.0,64.0
-10.53,1625449482.0,64.0
-13.44,1625449482.0,64.0
-16.46,1625449482.0,64.0
-19.61,1625449482.0,64.0
-22.89,1625449482.0,64.0
-26.24,1625449482.0,64.0
-29.41,1625449482.0,64.0
-32.07,1625449482.0,64.0
-33.81,1625449482.0,64.0
-34.35,1625449482.0,64.0
-33.56,1625449482.0,64.0
-31.51,1625449482.0,64.0
-28.36,1625449482.0,64.0
-24.33,1625449482.0,64.0
-19.58,1625449482.0,64.0
-14.31,1625449482.0,64.0
-8.69,1625449482.0,64.0
-2.97,1625449482.0,64.0
2.58,1625449482.0,64.0
7.69,1625449482.0,64.0
12.16,1625449482.0,64.0
15.86,1625449482.0,64.0
18.77,1625449482.0,64.0
20.92,1625449482.0,64.0
22.37,1625449482.0,64.0
23.26,1625449482.0,64.0
23.73,1625449482.0,64.0
23.97,1625449482.0,64.0
24.1,1625449482.0,64.0
24.2,1625449482.0,64.0
24.22,1625449482.0,64.0
24.05,1625449482.0,64.0
23.55,1625449482.0,64.0
22.64,1625449482.0,64.0
21.3,1625449482.0,64.0
19.61,1625449482.0,64.0
17.66,1625449482.0,64.0
15.55,1625449482.0,64.0
13.29,1625449482.0,64.0
10.89,1625449482.0,64.0
8.37,1625449482.0,64.0
5.76,1625449482.0,64.0
3.15,1625449482.0,64.0
0.6,1625449482.0,64.0
-1.82,1625449482.0,64.0
-4.14,1625449482.0,64.0
-6.4,1625449482.0,64.0
-8.7,1625449482.0,64.0
-11.16,1625449482.0,64.0
-13.91,1625449482.0,64.0
-17.05,1625449482.0,64.0
-20.62,1625449482.0,64.0
-24.52,1625449482.0,64.0
-28.52,1625449482.0,64.0
-32.22,1625449482.0,64.0
-35.17,1625449482.0,64.0
-37.0,1625449482.0,64.0
-37.49,1625449482.0,64.0
-36.62,1625449482.0,64.0
-34.5,1625449482.0,64.0
-31.32,1625449482.0,64.0
-27.29,1625449482.0,64.0
-22.6,1625449482.0,64.0
-17.51,1625449482.0,64.0
-12.31,1625449482.0,64.0
-7.37,1625449482.0,64.0
-3.03,1625449482.0,64.0
0.47,1625449482.0,64.0
3.06,1625449482.0,64.0
4.89,1625449482.0,64.0
6.26,1625449482.0,64.0
7.49,1625449482.0,64.0
8.81,1625449482.0,64.0
10.25,1625449482.0,64.0
11.59,1625449482.0,64.0
12.47,1625449482.0,64.0
12.54,1625449482.0,64.0
11.67,1625449482.0,64.0
10.01,1625449482.0,64.0
7.99,1625449482.0,64.0
6.17,1625449482.0,64.0
4.98,1625449482.0,64.0
4.5,1625449482.0,64.0
4.4,1625449482.0,64.0
4.04,1625449482.0,64.0
2.62,1625449482.0,64.0
-0.41,1625449482.0,64.0
-5.04,1625449482.0,64.0
-10.48,1625449482.0,64.0
-15.27,1625449482.0,64.0
-17.66,1625449482.0,64.0
-16.24,1625449482.0,64.0
-10.54,1625449482.0,64.0
-1.3,1625449482.0,64.0
9.63,1625449482.0,64.0
19.9,1625449482.0,64.0
27.4,1625449482.0,64.0
30.86,1625449482.0,64.0
30.22,1625449482.0,64.0
26.48,1625449482.0,64.0
21.22,1625449482.0,64.0
16.1,1625449482.0,64.0
12.31,1625449482.0,64.0
10.37,1625449482.0,64.0
10.23,1625449482.0,64.0
11.6,1625449482.0,64.0
14.25,1625449482.0,64.0
18.22,1625449482.0,64.0
23.62,1625449482.0,64.0
30.35,1625449482.0,64.0
37.91,1625449482.0,64.0
45.37,1625449482.0,64.0
51.78,1625449482.0,64.0
56.59,1625449482.0,64.0
59.92,1625449482.0,64.0
62.55,1625449482.0,64.0
65.6,1625449482.0,64.0
70.14,1625449482.0,64.0
76.96,1625449482.0,64.0
86.37,1625449482.0,64.0
98.08,1625449482.0,64.0
111.12,1625449482.0,64.0
123.83,1625449482.0,64.0
134.17,1625449482.0,64.0
140.34,1625449482.0,64.0
141.34,1625449482.0,64.0
137.48,1625449482.0,64.0
130.13,1625449482.0,64.0
121.01,1625449482.0,64.0
111.29,1625449482.0,64.0
100.89,1625449482.0,64.0
88.56,1625449482.0,64.0
72.42,1625449482.0,64.0
51.04,1625449482.0,64.0
24.28,1625449482.0,64.0
-6.36,1625449482.0,64.0
-38.05,1625449482.0,64.0
-67.5,1625449482.0,64.0
-91.91,1625449482.0,64.0
-109.74,1625449482.0,64.0
-120.93,1625449482.0,64.0
-126.68,1625449482.0,64.0
-128.7,1625449482.0,64.0
-128.63,1625449482.0,64.0
-127.61,1625449482.0,64.0
-126.3,1625449482.0,64.0
-125.15,1625449482.0,64.0
-124.55,1625449482.0,64.0
-124.84,1625449482.0,64.0
-126.06,1625449482.0,64.0
-127.71,1625449482.0,64.0
-128.71,1625449482.0,64.0
-127.75,1625449482.0,64.0
-123.75,1625449482.0,64.0
-116.36,1625449482.0,64.0
-106.09,1625449482.0,64.0
-94.07,1625449482.0,64.0
-81.65,1625449482.0,64.0
-69.92,1625449482.0,64.0
-59.42,1625449482.0,64.0
-50.17,1625449482.0,64.0
-41.87,1625449482.0,64.0
-34.13,1625449482.0,64.0
-26.71,1625449482.0,64.0
-19.58,1625449482.0,64.0
-12.93,1625449482.0,64.0
-7.08,1625449482.0,64.0
-2.27,1625449482.0,64.0
1.44,1625449482.0,64.0
4.25,1625449482.0,64.0
6.55,1625449482.0,64.0
8.79,1625449482.0,64.0
11.19,1625449482.0,64.0
13.71,1625449482.0,64.0
16.06,1625449482.0,64.0
17.83,1625449482.0,64.0
18.75,1625449482.0,64.0
18.77,1625449482.0,64.0
18.08,1625449482.0,64.0
16.97,1625449482.0,64.0
15.7,1625449482.0,64.0
14.37,1625449482.0,64.0
12.97,1625449482.0,64.0
11.43,1625449482.0,64.0
9.66,1625449482.0,64.0
7.65,1625449482.0,64.0
5.41,1625449482.0,64.0
2.99,1625449482.0,64.0
0.45,1625449482.0,64.0
-2.16,1625449482.0,64.0
-4.85,1625449482.0,64.0
-7.65,1625449482.0,64.0
-10.56,1625449482.0,64.0
-13.61,1625449482.0,64.0
-16.78,1625449482.0,64.0
-19.99,1625449482.0,64.0
-23.09,1625449482.0,64.0
-25.87,1625449482.0,64.0
-28.03,1625449482.0,64.0
-29.3,1625449482.0,64.0
-29.42,1625449482.0,64.0
-28.27,1625449482.0,64.0
-25.85,1625449482.0,64.0
-22.33,1625449482.0,64.0
-18.02,1625449482.0,64.0
-13.27,1625449482.0,64.0
-8.5,1625449482.0,64.0
-4.06,1625449482.0,64.0
-0.28,1625449482.0,64.0
2.61,1625449482.0,64.0
4.56,1625449482.0,64.0
5.64,1625449482.0,64.0
6.14,1625449482.0,64.0
6.4,1625449482.0,64.0
6.79,1625449482.0,64.0
7.5,1625449482.0,64.0
8.53,1625449482.0,64.0
9.7,1625449482.0,64.0
10.72,1625449482.0,64.0
11.33,1625449482.0,64.0
11.42,1625449482.0,64.0
11.06,1625449482.0,64.0
10.44,1625449482.0,64.0
9.85,1625449482.0,64.0
9.52,1625449482.0,64.0
9.59,1625449482.0,64.0
10.09,1625449482.0,64.0
10.89,1625449482.0,64.0
11.82,1625449482.0,64.0
12.69,1625449482.0,64.0
13.34,1625449482.0,64.0
13.7,1625449482.0,64.0
13.76,1625449482.0,64.0
13.53,1625449482.0,64.0
12.99,1625449482.0,64.0
12.16,1625449482.0,64.0
11.02,1625449482.0,64.0
9.63,1625449482.0,64.0
8.09,1625449482.0,64.0
6.5,1625449482.0,64.0
4.91,1625449482.0,64.0
3.31,1625449482.0,64.0
1.61,1625449482.0,64.0
-0.31,1625449482.0,64.0
-2.55,1625449482.0,64.0
-5.18,1625449482.0,64.0
-8.18,1625449482.0,64.0
-11.49,1625449482.0,64.0
-14.99,1625449482.0,64.0
-18.54,1625449482.0,64.0
-22.03,1625449482.0,64.0
-25.36,1625449482.0,64.0
-28.41,1625449482.0,64.0
-30.99,1625449482.0,64.0
-32.86,1625449482.0,64.0
-33.69,1625449482.0,64.0
-33.24,1625449482.0,64.0
-31.36,1625449482.0,64.0
-28.13,1625449482.0,64.0
-23.78,1625449482.0,64.0
-18.67,1625449482.0,64.0
-13.14,1625449482.0,64.0
-7.5,1625449482.0,64.0
-2.03,1625449482.0,64.0
2.96,1625449482.0,64.0
7.18,1625449482.0,64.0
10.4,1625449482.0,64.0
12.57,1625449482.0,64.0
13.82,1625449482.0,64.0
14.49,1625449482.0,64.0
15.01,1625449482.0,64.0
15.74,1625449482.0,64.0
16.79,1625449482.0,64.0
18.08,1625449482.0,64.0
19.31,1625449482.0,64.0
20.18,1625449482.0,64.0
20.46,1625449482.0,64.0
20.1,1625449482.0,64.0
19.22,1625449482.0,64.0
18.02,1625449482.0,64.0
16.67,1625449482.0,64.0
15.18,1625449482.0,64.0
13.54,1625449482.0,64.0
11.62,1625449482.0,64.0
9.42,1625449482.0,64.0
7.01,1625449482.0,64.0
4.53,1625449482.0,64.0
2.16,1625449482.0,64.0
-0.06,1625449482.0,64.0
-2.19,1625449482.0,64.0
-4.38,1625449482.0,64.0
-6.77,1625449482.0,64.0
-9.48,1625449482.0,64.0
-12.51,1625449482.0,64.0
-15.8,1625449482.0,64.0
-19.23,1625449482.0,64.0
-22.57,1625449482.0,64.0
-25.54,1625449482.0,64.0
-27.78,1625449482.0,64.0
-28.96,1625449482.0,64.0
-28.8,1625449482.0,64.0
-27.23,1625449482.0,64.0
-24.33,1625449482.0,64.0
-20.33,1625449482.0,64.0
-15.52,1625449482.0,64.0
-10.2,1625449482.0,64.0
-4.57,1625449482.0,64.0
1.18,1625449482.0,64.0
6.86,1625449482.0,64.0
12.24,1625449482.0,64.0
17.05,1625449482.0,64.0
21.01,1625449482.0,64.0
23.97,1625449482.0,64.0
25.9,1625449482.0,64.0
26.98,1625449482.0,64.0
27.51,1625449482.0,64.0
27.87,1625449482.0,64.0
28.32,1625449482.0,64.0
28.92,1625449482.0,64.0
29.58,1625449482.0,64.0
30.07,1625449482.0,64.0
30.18,1625449482.0,64.0
29.84,1625449482.0,64.0
29.04,1625449482.0,64.0
27.85,1625449482.0,64.0
26.33,1625449482.0,64.0
24.52,1625449482.0,64.0
22.45,1625449482.0,64.0
20.16,1625449482.0,64.0
17.77,1625449482.0,64.0
15.38,1625449482.0,64.0
13.1,1625449482.0,64.0
10.96,1625449482.0,64.0
8.92,1625449482.0,64.0
6.92,1625449482.0,64.0
4.86,1625449482.0,64.0
2.66,1625449482.0,64.0
0.21,1625449482.0,64.0
-2.63,1625449482.0,64.0
-5.95,1625449482.0,64.0
-9.75,1625449482.0,64.0
-13.89,1625449482.0,64.0
-18.09,1625449482.0,64.0
-21.94,1625449482.0,64.0
-25.03,1625449482.0,64.0
-27.02,1625449482.0,64.0
-27.7,1625449482.0,64.0
-27.03,1625449482.0,64.0
-25.08,1625449482.0,64.0
-22.03,1625449482.0,64.0
-18.13,1625449482.0,64.0
-13.63,1625449482.0,64.0
-8.76,1625449482.0,64.0
-3.77,1625449482.0,64.0
1.18,1625449482.0,64.0
5.92,1625449482.0,64.0
10.27,1625449482.0,64.0
14.07,1625449482.0,64.0
17.21,1625449482.0,64.0
19.64,1625449482.0,64.0
21.4,1625449482.0,64.0
22.65,1625449482.0,64.0
23.56,1625449482.0,64.0
24.28,1625449482.0,64.0
24.85,1625449482.0,64.0
25.23,1625449482.0,64.0
25.33,1625449482.0,64.0
25.11,1625449482.0,64.0
24.55,1625449482.0,64.0
23.71,1625449482.0,64.0
22.6,1625449482.0,64.0
21.23,1625449482.0,64.0
19.59,1625449482.0,64.0
17.67,1625449482.0,64.0
15.55,1625449482.0,64.0
13.31,1625449482.0,64.0
11.07,1625449482.0,64.0
8.89,1625449482.0,64.0
6.77,1625449482.0,64.0
4.66,1625449482.0,64.0
2.55,1625449482.0,64.0
0.46,1625449482.0,64.0
-1.57,1625449482.0,64.0
-3.51,1625449482.0,64.0
-5.42,1625449482.0,64.0
-7.41,1625449482.0,64.0
-9.61,1625449482.0,64.0
-12.13,1625449482.0,64.0
-15.02,1625449482.0,64.0
-18.3,1625449482.0,64.0
-21.91,1625449482.0,64.0
-25.67,1625449482.0,64.0
-29.25,1625449482.0,64.0
-32.14,1625449482.0,64.0
-33.78,1625449482.0,64.0
-33.74,1625449482.0,64.0
-31.92,1625449482.0,64.0
-28.58,1625449482.0,64.0
-24.2,1625449482.0,64.0
-19.34,1625449482.0,64.0
-14.42,1625449482.0,64.0
-9.6,1625449482.0,64.0
-4.91,1625449482.0,64.0
-0.33,1625449482.0,64.0
4.07,1625449482.0,64.0
8.1,1625449482.0,64.0
11.54,1625449482.0,64.0
14.22,1625449482.0,64.0
16.11,1625449482.0,64.0
17.38,1625449482.0,64.0
18.25,1625449482.0,64.0
19.01,1625449482.0,64.0
19.83,1625449482.0,64.0
20.77,1625449482.0,64.0
21.72,1625449482.0,64.0
22.53,1625449482.0,64.0
23.02,1625449482.0,64.0
23.03,1625449482.0,64.0
22.52,1625449482.0,64.0
21.53,1625449482.0,64.0
20.17,1625449482.0,64.0
18.6,1625449482.0,64.0
16.95,1625449482.0,64.0
15.33,1625449482.0,64.0
13.74,1625449482.0,64.0
12.15,1625449482.0,64.0
10.51,1625449482.0,64.0
8.77,1625449482.0,64.0
6.93,1625449482.0,64.0
4.99,1625449482.0,64.0
2.95,1625449482.0,64.0
0.79,1625449482.0,64.0
-1.52,1625449482.0,64.0
-3.99,1625449482.0,64.0
-6.57,1625449482.0,64.0
-9.19,1625449482.0,64.0
-11.81,1625449482.0,64.0
-14.41,1625449482.0,64.0
-17.1,1625449482.0,64.0
-19.94,1625449482.0,64.0
-22.93,1625449482.0,64.0
-25.88,1625449482.0,64.0
-28.45,1625449482.0,64.0
-30.22,1625449482.0,64.0
-30.81,1625449482.0,64.0
-30.04,1625449482.0,64.0
-27.92,1625449482.0,64.0
-24.68,1625449482.0,64.0
-20.6,1625449482.0,64.0
-16.0,1625449482.0,64.0
-11.14,1625449482.0,64.0
-6.25,1625449482.0,64.0
-1.53,1625449482.0,64.0
2.82,1625449482.0,64.0
6.6,1625449482.0,64.0
9.72,1625449482.0,64.0
12.15,1625449482.0,64.0
13.97,1625449482.0,64.0
15.37,1625449482.0,64.0
16.49,1625449482.0,64.0
17.46,1625449482.0,64.0
18.33,1625449482.0,64.0
19.09,1625449482.0,64.0
19.67,1625449482.0,64.0
20.05,1625449482.0,64.0
20.2,1625449482.0,64.0
20.15,1625449482.0,64.0
19.94,1625449482.0,64.0
19.54,1625449482.0,64.0
18.9,1625449482.0,64.0
17.93,1625449482.0,64.0
16.57,1625449482.0,64.0
14.84,1625449482.0,64.0
12.81,1625449482.0,64.0
10.63,1625449482.0,64.0
8.45,1625449482.0,64.0
6.39,1625449482.0,64.0
4.53,1625449482.0,64.0
2.92,1625449482.0,64.0
1.54,1625449482.0,64.0
0.35,1625449482.0,64.0
-0.72,1625449482.0,64.0
-1.84,1625449482.0,64.0
-3.19,1625449482.0,64.0
-4.92,1625449482.0,64.0
-7.1,1625449482.0,64.0
-9.68,1625449482.0,64.0
-12.57,1625449482.0,64.0
-15.62,1625449482.0,64.0
-18.7,1625449482.0,64.0
-21.6,1625449482.0,64.0
-24.03,1625449482.0,64.0
-25.63,1625449482.0,64.0
-26.03,1625449482.0,64.0
-24.98,1625449482.0,64.0
-22.52,1625449482.0,64.0
-18.95,1625449482.0,64.0
-14.74,1625449482.0,64.0
-10.37,1625449482.0,64.0
-6.18,1625449482.0,64.0
-2.32,1625449482.0,64.0
1.19,1625449482.0,64.0
4.34,1625449482.0,64.0
7.1,1625449482.0,64.0
9.35,1625449482.0,64.0
11.01,1625449482.0,64.0
12.07,1625449482.0,64.0
12.7,1625449482.0,64.0
13.17,1625449482.0,64.0
13.72,1625449482.0,64.0
14.49,1625449482.0,64.0
15.38,1625449482.0,64.0
16.16,1625449482.0,64.0
16.59,1625449482.0,64.0
16.55,1625449482.0,64.0
16.07,1625449482.0,64.0
15.34,1625449482.0,64.0
14.54,1625449482.0,64.0
13.77,1625449482.0,64.0
12.96,1625449482.0,64.0
11.94,1625449482.0,64.0
10.56,1625449482.0,64.0
8.78,1625449482.0,64.0
6.7,1625449482.0,64.0
4.48,1625449482.0,64.0
2.25,1625449482.0,64.0
0.05,1625449482.0,64.0
-2.18,1625449482.0,64.0
-4.52,1625449482.0,64.0
-6.97,1625449482.0,64.0
-9.46,1625449482.0,64.0
-11.87,1625449482.0,64.0
-14.1,1625449482.0,64.0
-16.19,1625449482.0,64.0
-18.29,1625449482.0,64.0
-20.57,1625449482.0,64.0
-23.1,1625449482.0,64.0
-25.73,1625449482.0,64.0
-28.07,1625449482.0,64.0
-29.63,1625449482.0,64.0
-29.99,1625449482.0,64.0
-28.94,1625449482.0,64.0
-26.57,1625449482.0,64.0
-23.18,1625449482.0,64.0
-19.15,1625449482.0,64.0
-14.8,1625449482.0,64.0
-10.27,1625449482.0,64.0
-5.65,1625449482.0,64.0
-1.03,1625449482.0,64.0
3.37,1625449482.0,64.0
7.23,1625449482.0,64.0
10.25,1625449482.0,64.0
12.32,1625449482.0,64.0
13.59,1625449482.0,64.0
14.42,1625449482.0,64.0
15.22,1625449482.0,64.0
16.3,1625449482.0,64.0
17.72,1625449482.0,64.0
19.3,1625449482.0,64.0
20.76,1625449482.0,64.0
21.82,1625449482.0,64.0
22.32,1625449482.0,64.0
22.29,1625449482.0,64.0
21.84,1625449482.0,64.0
21.17,1625449482.0,64.0
20.4,1625449482.0,64.0
19.53,1625449482.0,64.0
18.46,1625449482.0,64.0
17.04,1625449482.0,64.0
15.12,1625449482.0,64.0
12.62,1625449482.0,64.0
9.6,1625449482.0,64.0
6.22,1625449482.0,64.0
2.7,1625449482.0,64.0
-0.76,1625449482.0,64.0
-3.97,1625449482.0,64.0
-6.86,1625449482.0,64.0
-9.44,1625449482.0,64.0
-11.86,1625449482.0,64.0
-14.32,1625449482.0,64.0
-17.04,1625449482.0,64.0
-20.15,1625449482.0,64.0
-23.63,1625449482.0,64.0
-27.23,1625449482.0,64.0
-30.57,1625449482.0,64.0
-33.16,1625449482.0,64.0
-34.6,1625449482.0,64.0
-34.64,1625449482.0,64.0
-33.25,1625449482.0,64.0
-30.59,1625449482.0,64.0
-26.96,1625449482.0,64.0
-22.67,1625449482.0,64.0
-17.94,1625449482.0,64.0
-12.95,1625449482.0,64.0
-7.79,1625449482.0,64.0
-2.59,1625449482.0,64.0
2.46,1625449482.0,64.0
7.09,1625449482.0,64.0
11.0,1625449482.0,64.0
14.01,1625449482.0,64.0
16.05,1625449482.0,64.0
17.22,1625449482.0,64.0
17.78,1625449482.0,64.0
17.98,1625449482.0,64.0
18.07,1625449482.0,64.0
18.18,1625449482.0,64.0
18.33,1625449482.0,64.0
18.41,1625449482.0,64.0
18.27,1625449482.0,64.0
17.72,1625449482.0,64.0
16.62,1625449482.0,64.0
14.93,1625449482.0,64.0
12.7,1625449482.0,64.0
10.15,1625449482.0,64.0
7.54,1625449482.0,64.0
5.11,1625449482.0,64.0
3.04,1625449482.0,64.0
1.34,1625449482.0,64.0
-0.04,1625449482.0,64.0
-1.24,1625449482.0,64.0
-2.36,1625449482.0,64.0
-3.5,1625449482.0,64.0
-4.75,1625449482.0,64.0
-6.17,1625449482.0,64.0
-7.87,1625449482.0,64.0
-9.89,1625449482.0,64.0
-12.23,1625449482.0,64.0
-14.88,1625449482.0,64.0
-17.8,1625449482.0,64.0
-20.98,1625449482.0,64.0
-24.43,1625449482.0,64.0
-28.09,1625449482.0,64.0
-31.79,1625449482.0,64.0
-35.17,1625449482.0,64.0
-37.78,1625449482.0,64.0
-39.16,1625449482.0,64.0
-39.01,1625449482.0,64.0
-37.33,1625449482.0,64.0
-34.34,1625449482.0,64.0
-30.43,1625449482.0,64.0
-25.97,1625449482.0,64.0
-21.2,1625449482.0,64.0
-16.23,1625449482.0,64.0
-11.1,1625449482.0,64.0
-5.92,1625449482.0,64.0
-0.89,1625449482.0,64.0
3.69,1625449482.0,64.0
7.57,1625449482.0,64.0
10.7,1625449482.0,64.0
13.21,1625449482.0,64.0
15.4,1625449482.0,64.0
17.53,1625449482.0,64.0
19.72,1625449482.0,64.0
21.84,1625449482.0,64.0
23.64,1625449482.0,64.0
24.89,1625449482.0,64.0
25.48,1625449482.0,64.0
25.47,1625449482.0,64.0
25.01,1625449482.0,64.0
24.22,1625449482.0,64.0
23.11,1625449482.0,64.0
21.63,1625449482.0,64.0
19.73,1625449482.0,64.0
17.46,1625449482.0,64.0
14.98,1625449482.0,64.0
12.45,1625449482.0,64.0
10.03,1625449482.0,64.0
7.77,1625449482.0,64.0
5.69,1625449482.0,64.0
3.82,1625449482.0,64.0
2.23,1625449482.0,64.0
0.96,1625449482.0,64.0
-0.05,1625449482.0,64.0
-0.98,1625449482.0,64.0
-2.15,1625449482.0,64.0
-3.85,1625449482.0,64.0
-6.23,1625449482.0,64.0
-9.22,1625449482.0,64.0
-12.61,1625449482.0,64.0
-16.09,1625449482.0,64.0
-19.35,1625449482.0,64.0
-22.13,1625449482.0,64.0
-24.13,1625449482.0,64.0
-25.09,1625449482.0,64.0
-24.8,1625449482.0,64.0
-23.22,1625449482.0,64.0
-20.46,1625449482.0,64.0
-16.84,1625449482.0,64.0
-12.72,1625449482.0,64.0
-8.41,1625449482.0,64.0
-4.09,1625449482.0,64.0
0.12,1625449482.0,64.0
4.15,1625449482.0,64.0
7.81,1625449482.0,64.0
10.88,1625449482.0,64.0
13.2,1625449482.0,64.0
14.76,1625449482.0,64.0
15.78,1625449482.0,64.0
16.57,1625449482.0,64.0
17.45,1625449482.0,64.0
18.54,1625449482.0,64.0
19.79,1625449482.0,64.0
20.98,1625449482.0,64.0
21.91,1625449482.0,64.0
22.41,1625449482.0,64.0
22.47,1625449482.0,64.0
22.14,1625449482.0,64.0
21.45,1625449482.0,64.0
20.45,1625449482.0,64.0
19.12,1625449482.0,64.0
17.5,1625449482.0,64.0
15.65,1625449482.0,64.0
13.68,1625449482.0,64.0
11.72,1625449482.0,64.0
9.86,1625449482.0,64.0
8.14,1625449482.0,64.0
6.46,1625449482.0,64.0
4.67,1625449482.0,64.0
2.56,1625449482.0,64.0
-0.11,1625449482.0,64.0
-3.43,1625449482.0,64.0
-7.37,1625449482.0,64.0
-11.73,1625449482.0,64.0
-16.13,1625449482.0,64.0
-20.2,1625449482.0,64.0
-23.62,1625449482.0,64.0
-26.25,1625449482.0,64.0
-28.13,1625449482.0,64.0
-29.39,1625449482.0,64.0
-30.15,1625449482.0,64.0
-30.33,1625449482.0,64.0
-29.67,1625449482.0,64.0
-27.78,1625449482.0,64.0
-24.37,1625449482.0,64.0
-19.42,1625449482.0,64.0
-13.36,1625449482.0,64.0
-6.95,1625449482.0,64.0
-1.1,1625449482.0,64.0
3.51,1625449482.0,64.0
6.63,1625449482.0,64.0
8.56,1625449482.0,64.0
9.95,1625449482.0,64.0
11.49,1625449482.0,64.0
13.59,1625449482.0,64.0
16.2,1625449482.0,64.0
18.85,1625449482.0,64.0
20.8,1625449482.0,64.0
21.35,1625449482.0,64.0
20.09,1625449482.0,64.0
17.13,1625449482.0,64.0
13.17,1625449482.0,64.0
9.35,1625449482.0,64.0
6.92,1625449482.0,64.0
6.74,1625449482.0,64.0
8.9,1625449482.0,64.0
12.66,1625449482.0,64.0
16.8,1625449482.0,64.0
19.94,1625449482.0,64.0
20.95,1625449482.0,64.0
18.97,1625449482.0,64.0
13.49,1625449482.0,64.0
4.46,1625449482.0,64.0
-7.43,1625449482.0,64.0
-20.75,1625449482.0,64.0
-33.78,1625449482.0,64.0
-45.35,1625449482.0,64.0
-55.73,1625449482.0,64.0
-66.53,1625449482.0,64.0
-79.72,1625449482.0,64.0
-96.05,1625449482.0,64.0
-114.13,1625449482.0,64.0
-130.76,1625449482.0,64.0
-142.62,1625449482.0,64.0
-147.91,1625449482.0,64.0
-146.91,1625449482.0,64.0
-141.01,1625449482.0,64.0
-130.91,1625449482.0,64.0
-115.6,1625449482.0,64.0
-92.89,1625449482.0,64.0
-61.33,1625449482.0,64.0
-22.19,1625449482.0,64.0
20.26,1625449482.0,64.0
60.13,1625449482.0,64.0
92.54,1625449482.0,64.0
115.81,1625449482.0,64.0
132.04,1625449482.0,64.0
145.81,1625449482.0,64.0
162.29,1625449482.0,64.0
185.59,1625449482.0,64.0
217.85,1625449482.0,64.0
259.08,1625449482.0,64.0
306.92,1625449482.0,64.0
356.8,1625449482.0,64.0
402.29,1625449482.0,64.0
436.35,1625449482.0,64.0
453.11,1625449482.0,64.0
449.62,1625449482.0,64.0
426.64,1625449482.0,64.0
388.15,1625449482.0,64.0
339.72,1625449482.0,64.0
286.79,1625449482.0,64.0
233.38,1625449482.0,64.0
181.9,1625449482.0,64.0
133.63,1625449482.0,64.0
89.24,1625449482.0,64.0
49.03,1625449482.0,64.0
12.82,1625449482.0,64.0
-20.34,1625449482.0,64.0
-52.13,1625449482.0,64.0
-84.45,1625449482.0,64.0
-118.44,1625449482.0,64.0
-153.7,1625449482.0,64.0
-188.04,1625449482.0,64.0
-217.93,1625449482.0,64.0
-239.94,1625449482.0,64.0
-252.3,1625449482.0,64.0
-255.87,1625449482.0,64.0
-253.83,1625449482.0,64.0
-250.25,1625449482.0,64.0
-248.08,1625449482.0,64.0
-248.03,1625449482.0,64.0
-248.57,1625449482.0,64.0
-247.13,1625449482.0,64.0
-241.52,1625449482.0,64.0
-230.7,1625449482.0,64.0
-214.57,1625449482.0,64.0
-193.12,1625449482.0,64.0
-165.63,1625449482.0,64.0
-130.59,1625449482.0,64.0
-86.46,1625449482.0,64.0
-33.04,1625449482.0,64.0
27.78,1625449482.0,64.0
92.01,1625449482.0,64.0
154.23,1625449482.0,64.0
208.9,1625449482.0,64.0
251.73,1625449482.0,64.0
280.55,1625449482.0,64.0
295.6,1625449482.0,64.0
299.02,1625449482.0,64.0
293.18,1625449482.0,64.0
280.33,1625449482.0,64.0
262.24,1625449482.0,64.0
240.4,1625449482.0,64.0
216.39,1625449482.0,64.0
191.86,1625449482.0,64.0
168.03,1625449482.0,64.0
145.06,1625449482.0,64.0
121.84,1625449482.0,64.0
95.17,1625449482.0,64.0
61.87,1625449482.0,64.0
20.25,1625449482.0,64.0
-28.77,1625449482.0,64.0
-81.7,1625449482.0,64.0
-133.58,1625449482.0,64.0
-179.55,1625449482.0,64.0
-216.04,1625449482.0,64.0
-241.55,1625449482.0,64.0
-258.58,1625449482.0,64.0
-271.55,1625449482.0,64.0
-285.33,1625449482.0,64.0
-303.55,1625449482.0,64.0
-326.94,1625449482.0,64.0
-353.16,1625449482.0,64.0
-377.41,1625449482.0,64.0
-394.29,1625449482.0,64.0
-399.93,1625449482.0,64.0
-396.02,1625449482.0,64.0
-387.72,1625449482.0,64.0
-381.69,1625449482.0,64.0
-383.23,1625449482.0,64.0
-394.28,1625449482.0,64.0
-413.58,1625449482.0,64.0
-437.81,1625449482.0,64.0
-463.28,1625449482.0,64.0
-472.62,1625449482.0,64.0
-453.22,1625449482.0,64.0
-399.03,1625449482.0,64.0
-313.81,1625449482.0,64.0
-209.78,1625449482.0,64.0
-101.72,1625449482.0,64.0
-1.6,1625449482.0,64.0
84.21,1625449482.0,64.0
154.24,1625449482.0,64.0
209.73,1625449482.0,64.0
250.76,1625449482.0,64.0
277.38,1625449482.0,64.0
290.04,1625449482.0,64.0
290.24,1625449482.0,64.0
280.58,1625449482.0,64.0
263.3,1625449482.0,64.0
240.23,1625449482.0,64.0
212.43,1625449482.0,64.0
181.14,1625449482.0,64.0
147.25,1625449482.0,64.0
113.73,1625449482.0,64.0
85.34,1625449482.0,64.0
67.13,1625449482.0,64.0
64.54,1625449482.0,64.0
76.18,1625449482.0,64.0
95.15,1625449482.0,64.0
112.62,1625449482.0,64.0
122.06,1625449482.0,64.0
120.65,1625449482.0,64.0
109.96,1625449482.0,64.0
93.85,1625449482.0,64.0
76.08,1625449482.0,64.0
58.85,1625449482.0,64.0
42.43,1625449482.0,64.0
26.95,1625449482.0,64.0
13.33,1625449482.0,64.0
3.25,1625449482.0,64.0
-2.35,1625449482.0,64.0
-3.73,1625449482.0,64.0
-2.53,1625449482.0,64.0
-0.92,1625449482.0,64.0
-0.9,1625449482.0,64.0
-3.74,1625449482.0,64.0
-9.15,1625449482.0,64.0
-15.6,1625449482.0,64.0
-21.03,1625449482.0,64.0
-24.0,1625449482.0,64.0
-24.12,1625449482.0,64.0
-22.29,1625449482.0,64.0
-19.86,1625449482.0,64.0
-18.32,1625449482.0,64.0
-18.75,1625449482.0,64.0
-21.06,1625449482.0,64.0
-24.08,1625449482.0,64.0
-26.08,1625449482.0,64.0
-25.52,1625449482.0,64.0
-21.69,1625449482.0,64.0
-14.96,1625449482.0,64.0
-6.28,1625449482.0,64.0
3.07,1625449482.0,64.0
12.0,1625449482.0,64.0
20.24,1625449482.0,64.0
28.54,1625449482.0,64.0
38.31,1625449482.0,64.0
51.26,1625449482.0,64.0
69.15,1625449482.0,64.0
91.28,1625449482.0,64.0
117.53,1625449482.0,64.0
147.39,1625449482.0,64.0
179.44,1625449482.0,64.0
211.02,1625449482.0,64.0
238.36,1625449482.0,64.0
257.43,1625449482.0,64.0
265.14,1625449482.0,64.0
260.49,1625449482.0,64.0
244.84,1625449482.0,64.0
221.65,1625449482.0,64.0
194.84,1625449482.0,64.0
167.65,1625449482.0,64.0
142.12,1625449482.0,64.0
119.32,1625449482.0,64.0
99.82,1625449482.0,64.0
84.18,1625449482.0,64.0
72.86,1625449482.0,64.0
65.76,1625449482.0,64.0
62.11,1625449482.0,64.0
60.08,1625449482.0,64.0
57.27,1625449482.0,64.0
51.51,1625449482.0,64.0
41.6,1625449482.0,64.0
27.69,1625449482.0,64.0
11.3,1625449482.0,64.0
-5.34,1625449482.0,64.0
-20.08,1625449482.0,64.0
-31.46,1625449482.0,64.0
-39.29,1625449482.0,64.0
-44.49,1625449482.0,64.0
-48.6,1625449482.0,64.0
-53.12,1625449482.0,64.0
-59.0,1625449482.0,64.0
-66.52,1625449482.0,64.0
-75.35,1625449482.0,64.0
-84.89,1625449482.0,64.0
-94.35,1625449482.0,64.0
-103.06,1625449482.0,64.0
-110.52,1625449482.0,64.0
-116.42,1625449482.0,64.0
-120.57,1625449482.0,64.0
-122.92,1625449482.0,64.0
-123.55,1625449482.0,64.0
-122.71,1625449482.0,64.0
-120.87,1625449482.0,64.0
-118.54,1625449482.0,64.0
-116.2,1625449482.0,64.0
-114.11,1625449482.0,64.0
-112.16,1625449482.0,64.0
-109.97,1625449482.0,64.0
-107.08,1625449482.0,64.0
-103.22,1625449482.0,64.0
-98.48,1625449482.0,64.0
-93.28,1625449482.0,64.0
-88.18,1625449482.0,64.0
-83.58,1625449482.0,64.0
-79.62,1625449482.0,64.0
-76.16,1625449482.0,64.0
-72.97,1625449482.0,64.0
-69.9,1625449482.0,64.0
-67.09,1625449482.0,64.0
-64.84,1625449482.0,64.0
-63.45,1625449482.0,64.0
-63.04,1625449482.0,64.0
-63.34,1625449482.0,64.0
-63.72,1625449482.0,64.0
-63.3,1625449482.0,64.0
-61.25,1625449482.0,64.0
-57.01,1625449482.0,64.0
-50.48,1625449482.0,64.0
-41.97,1625449482.0,64.0
-32.08,1625449482.0,64.0
-21.47,1625449482.0,64.0
-10.72,1625449482.0,64.0
-0.27,1625449482.0,64.0
9.57,1625449482.0,64.0
18.45,1625449482.0,64.0
26.09,1625449482.0,64.0
32.23,1625449482.0,64.0
36.78,1625449482.0,64.0
39.9,1625449482.0,64.0
41.97,1625449482.0,64.0
43.47,1625449482.0,64.0
44.86,1625449482.0,64.0
46.38,1625449482.0,64.0
48.04,1625449482.0,64.0
49.7,1625449482.0,64.0
51.11,1625449482.0,64.0
52.11,1625449482.0,64.0
52.59,1625449482.0,64.0
52.52,1625449482.0,64.0
51.92,1625449482.0,64.0
50.73,1625449482.0,64.0
48.89,1625449482.0,64.0
46.32,1625449482.0,64.0
43.06,1625449482.0,64.0
39.26,1625449482.0,64.0
35.15,1625449482.0,64.0
31.01,1625449482.0,64.0
27.04,1625449482.0,64.0
23.36,1625449482.0,64.0
19.9,1625449482.0,64.0
16.49,1625449482.0,64.0
12.9,1625449482.0,64.0
8.92,1625449482.0,64.0
4.37,1625449482.0,64.0
-0.76,1625449482.0,64.0
-6.31,1625449482.0,64.0
-11.97,1625449482.0,64.0
-17.18,1625449482.0,64.0
-21.32,1625449482.0,64.0
-23.73,1625449482.0,64.0
-23.91,1625449482.0,64.0
-21.67,1625449482.0,64.0
-17.17,1625449482.0,64.0
-10.88,1625449482.0,64.0
-3.48,1625449482.0,64.0
4.32,1625449482.0,64.0
11.89,1625449482.0,64.0
18.76,1625449482.0,64.0
24.61,1625449482.0,64.0
29.24,1625449482.0,64.0
32.57,1625449482.0,64.0
34.68,1625449482.0,64.0
35.79,1625449482.0,64.0
36.23,1625449482.0,64.0
36.38,1625449482.0,64.0
36.56,1625449482.0,64.0
36.92,1625449482.0,64.0
37.44,1625449482.0,64.0
37.93,1625449482.0,64.0
38.17,1625449482.0,64.0
37.94,1625449482.0,64.0
37.16,1625449482.0,64.0
35.85,1625449482.0,64.0
34.08,1625449482.0,64.0
31.93,1625449482.0,64.0
29.43,1625449482.0,64.0
26.57,1625449482.0,64.0
23.37,1625449482.0,64.0
19.89,1625449482.0,64.0
16.26,1625449482.0,64.0
12.6,1625449482.0,64.0
8.97,1625449482.0,64.0
5.32,1625449482.0,64.0
1.59,1625449482.0,64.0
-2.33,1625449482.0,64.0
-6.51,1625449482.0,64.0
-10.94,1625449482.0,64.0
-15.61,1625449482.0,64.0
-20.4,1625449482.0,64.0
-25.11,1625449482.0,64.0
-29.39,1625449482.0,64.0
-32.7,1625449482.0,64.0
-34.44,1625449482.0,64.0
-34.09,1625449482.0,64.0
-31.45,1625449482.0,64.0
-26.72,1625449482.0,64.0
-20.44,1625449482.0,64.0
-13.34,1625449482.0,64.0
-6.07,1625449482.0,64.0
0.89,1625449482.0,64.0
7.28,1625449482.0,64.0
12.98,1625449482.0,64.0
17.88,1625449482.0,64.0
21.83,1625449482.0,64.0
24.7,1625449482.0,64.0
26.51,1625449482.0,64.0
27.45,1625449482.0,64.0
27.87,1625449482.0,64.0
28.16,1625449482.0,64.0
28.59,1625449482.0,64.0
29.2,1625449482.0,64.0
29.82,1625449482.0,64.0
30.18,1625449482.0,64.0
30.07,1625449482.0,64.0
29.4,1625449482.0,64.0
28.24,1625449482.0,64.0
26.7,1625449482.0,64.0
24.85,1625449482.0,64.0
22.72,1625449482.0,64.0
20.24,1625449482.0,64.0
17.4,1625449482.0,64.0
14.19,1625449482.0,64.0
10.74,1625449482.0,64.0
7.18,1625449482.0,64.0
3.7,1625449482.0,64.0
0.37,1625449482.0,64.0
-2.8,1625449482.0,64.0
-5.96,1625449482.0,64.0
-9.32,1625449482.0,64.0
-13.11,1625449482.0,64.0
-17.47,1625449482.0,64.0
-22.31,1625449482.0,64.0
-27.24,1625449482.0,64.0
-31.66,1625449482.0,64.0
-34.87,1625449482.0,64.0
-36.29,1625449482.0,64.0
-35.6,1625449482.0,64.0
-32.81,1625449482.0,64.0
-28.2,1625449482.0,64.0
-22.19,1625449482.0,64.0
-15.19,1625449482.0,64.0
-7.62,1625449482.0,64.0
0.09,1625449482.0,64.0
7.5,1625449482.0,64.0
14.14,1625449482.0,64.0
19.61,1625449482.0,64.0
23.67,1625449482.0,64.0
26.32,1625449482.0,64.0
27.86,1625449482.0,64.0
28.74,1625449482.0,64.0
29.41,1625449482.0,64.0
30.19,1625449482.0,64.0
31.14,1625449482.0,64.0
32.06,1625449482.0,64.0
32.63,1625449482.0,64.0
32.57,1625449482.0,64.0
31.77,1625449482.0,64.0
30.37,1625449482.0,64.0
28.61,1625449482.0,64.0
26.72,1625449482.0,64.0
24.73,1625449482.0,64.0
22.49,1625449482.0,64.0
19.71,1625449482.0,64.0
16.26,1625449482.0,64.0
12.18,1625449482.0,64.0
7.78,1625449482.0,64.0
3.43,1625449482.0,64.0
-0.59,1625449482.0,64.0
-4.24,1625449482.0,64.0
-7.7,1625449482.0,64.0
-11.25,1625449482.0,64.0
-15.15,1625449482.0,64.0
-19.52,1625449482.0,64.0
-24.39,1625449482.0,64.0
-29.62,1625449482.0,64.0
-35.02,1625449482.0,64.0
-40.26,1625449482.0,64.0
-44.88,1625449482.0,64.0
-48.3,1625449482.0,64.0
-49.91,1625449482.0,64.0
-49.29,1625449482.0,64.0
-46.31,1625449482.0,64.0
-41.24,1625449482.0,64.0
-34.59,1625449482.0,64.0
-27.0,1625449482.0,64.0
-19.03,1625449482.0,64.0
-11.05,1625449482.0,64.0
-3.29,1625449482.0,64.0
4.11,1625449482.0,64.0
10.96,1625449482.0,64.0
17.0,1625449482.0,64.0
21.98,1625449482.0,64.0
25.76,1625449482.0,64.0
28.38,1625449482.0,64.0
30.07,1625449482.0,64.0
31.18,1625449482.0,64.0
32.09,1625449482.0,64.0
33.01,1625449482.0,64.0
33.95,1625449482.0,64.0
34.72,1625449482.0,64.0
35.05,1625449482.0,64.0
34.7,1625449482.0,64.0
33.64,1625449482.0,64.0
31.98,1625449482.0,64.0
29.97,1625449482.0,64.0
27.79,1625449482.0,64.0
25.51,1625449482.0,64.0
23.02,1625449482.0,64.0
20.16,1625449482.0,64.0
16.84,1625449482.0,64.0
13.11,1625449482.0,64.0
9.21,1625449482.0,64.0
5.39,1625449482.0,64.0
1.82,1625449482.0,64.0
-1.51,1625449482.0,64.0
-4.75,1625449482.0,64.0
-8.1,1625449482.0,64.0
-11.75,1625449482.0,64.0
-15.8,1625449482.0,64.0
-20.32,1625449482.0,64.0
-25.28,1625449482.0,64.0
-30.61,1625449482.0,64.0
-36.11,1625449482.0,64.0
-41.38,1625449482.0,64.0
-45.88,1625449482.0,64.0
-48.99,1625449482.0,64.0
-50.19,1625449482.0,64.0
-49.17,1625449482.0,64.0
-45.97,1625449482.0,64.0
-40.91,1625449482.0,64.0
-34.48,1625449482.0,64.0
-27.19,1625449482.0,64.0
-19.46,1625449482.0,64.0
-11.56,1625449482.0,64.0
-3.65,1625449482.0,64.0
4.11,1625449482.0,64.0
11.5,1625449482.0,64.0
18.17,1625449482.0,64.0
23.78,1625449482.0,64.0
28.05,1625449482.0,64.0
30.92,1625449482.0,64.0
32.61,1625449482.0,64.0
33.51,1625449482.0,64.0
34.06,1625449482.0,64.0
34.58,1625449482.0,64.0
35.2,1625449482.0,64.0
35.87,1625449482.0,64.0
36.45,1625449482.0,64.0
36.77,1625449482.0,64.0
36.71,1625449482.0,64.0
36.2,1625449482.0,64.0
35.18,1625449482.0,64.0
33.65,1625449482.0,64.0
31.65,1625449482.0,64.0
29.29,1625449482.0,64.0
26.7,1625449482.0,64.0
23.95,1625449482.0,64.0
21.03,1625449482.0,64.0
17.88,1625449482.0,64.0
14.45,1625449482.0,64.0
10.8,1625449482.0,64.0
7.1,1625449482.0,64.0
3.56,1625449482.0,64.0
0.33,1625449482.0,64.0
-2.62,1625449482.0,64.0
-5.48,1625449482.0,64.0
-8.48,1625449482.0,64.0
-11.76,1625449482.0,64.0
-15.33,1625449482.0,64.0
-19.08,1625449482.0,64.0
-22.87,1625449482.0,64.0
-26.72,1625449482.0,64.0
-30.74,1625449482.0,64.0
-35.0,1625449482.0,64.0
-39.36,1625449482.0,64.0
-43.36,1625449482.0,64.0
-46.3,1625449482.0,64.0
-47.44,1625449482.0,64.0
-46.36,1625449482.0,64.0
-43.02,1625449482.0,64.0
-37.89,1625449482.0,64.0
-31.62,1625449482.0,64.0
-24.83,1625449482.0,64.0
-17.91,1625449482.0,64.0
-11.03,1625449482.0,64.0
-4.24,1625449482.0,64.0
2.35,1625449482.0,64.0
8.48,1625449482.0,64.0
13.79,1625449482.0,64.0
18.01,1625449482.0,64.0
21.08,1625449482.0,64.0
23.21,1625449482.0,64.0
24.79,1625449482.0,64.0
26.17,1625449482.0,64.0
27.54,1625449482.0,64.0
28.88,1625449482.0,64.0
29.98,1625449482.0,64.0
30.67,1625449482.0,64.0
30.91,1625449482.0,64.0
30.82,1625449482.0,64.0
30.61,1625449482.0,64.0
30.41,1625449482.0,64.0
30.12,1625449482.0,64.0
29.53,1625449482.0,64.0
28.39,1625449482.0,64.0
26.6,1625449482.0,64.0
24.28,1625449482.0,64.0
21.74,1625449482.0,64.0
19.31,1625449482.0,64.0
17.18,1625449482.0,64.0
15.36,1625449482.0,64.0
13.63,1625449482.0,64.0
11.75,1625449482.0,64.0
9.48,1625449482.0,64.0
6.71,1625449482.0,64.0
3.5,1625449482.0,64.0
0.03,1625449482.0,64.0
-3.5,1625449482.0,64.0
-6.91,1625449482.0,64.0
-10.1,1625449482.0,64.0
-13.06,1625449482.0,64.0
-15.88,1625449482.0,64.0
-18.71,1625449482.0,64.0
-21.68,1625449482.0,64.0
-24.92,1625449482.0,64.0
-28.48,1625449482.0,64.0
-32.26,1625449482.0,64.0
-36.05,1625449482.0,64.0
-39.42,1625449482.0,64.0
-41.91,1625449482.0,64.0
-43.03,1625449482.0,64.0
-42.46,1625449482.0,64.0
-40.15,1625449482.0,64.0
-36.28,1625449482.0,64.0
-31.3,1625449482.0,64.0
-25.67,1625449482.0,64.0
-19.86,1625449482.0,64.0
-14.14,1625449482.0,64.0
-8.69,1625449482.0,64.0
-3.59,1625449482.0,64.0
1.04,1625449482.0,64.0
5.13,1625449482.0,64.0
8.55,1625449482.0,64.0
11.26,1625449482.0,64.0
13.33,1625449482.0,64.0
14.93,1625449482.0,64.0
16.25,1625449482.0,64.0
17.44,1625449482.0,64.0
18.54,1625449482.0,64.0
19.48,1625449482.0,64.0
20.19,1625449482.0,64.0
20.6,1625449482.0,64.0
20.74,1625449482.0,64.0
20.69,1625449482.0,64.0
20.52,1625449482.0,64.0
20.24,1625449482.0,64.0
19.81,1625449482.0,64.0
19.17,1625449482.0,64.0
18.22,1625449482.0,64.0
16.93,1625449482.0,64.0
15.32,1625449482.0,64.0
13.48,1625449482.0,64.0
11.53,1625449482.0,64.0
9.61,1625449482.0,64.0
7.82,1625449482.0,64.0
6.15,1625449482.0,64.0
4.54,1625449482.0,64.0
2.86,1625449482.0,64.0
0.99,1625449482.0,64.0
-1.15,1625449482.0,64.0
-3.48,1625449482.0,64.0
-5.9,1625449482.0,64.0
-8.27,1625449482.0,64.0
-10.51,1625449482.0,64.0
-12.64,1625449482.0,64.0
-14.76,1625449482.0,64.0
-17.01,1625449482.0,64.0
-19.5,1625449482.0,64.0
-22.27,1625449482.0,64.0
-25.25,1625449482.0,64.0
-28.27,1625449482.0,64.0
-31.06,1625449482.0,64.0
-33.26,1625449482.0,64.0
-34.49,1625449482.0,64.0
-34.47,1625449482.0,64.0
-33.07,1625449482.0,64.0
-30.34,1625449482.0,64.0
-26.56,1625449482.0,64.0
-22.11,1625449482.0,64.0
-17.36,1625449482.0,64.0
-12.6,1625449482.0,64.0
-8.05,1625449482.0,64.0
-3.84,1625449482.0,64.0
-0.1,1625449482.0,64.0
3.03,1625449482.0,64.0
5.43,1625449482.0,64.0
7.08,1625449482.0,64.0
8.1,1625449482.0,64.0
8.72,1625449482.0,64.0
9.26,1625449482.0,64.0
9.93,1625449482.0,64.0
10.82,1625449482.0,64.0
11.84,1625449482.0,64.0
12.78,1625449482.0,64.0
13.43,1625449482.0,64.0
13.71,1625449482.0,64.0
13.66,1625449482.0,64.0
13.42,1625449482.0,64.0
13.15,1625449482.0,64.0
12.92,1625449482.0,64.0
12.7,1625449482.0,64.0
12.35,1625449482.0,64.0
11.71,1625449482.0,64.0
10.69,1625449482.0,64.0
9.31,1625449482.0,64.0
7.69,1625449482.0,64.0
6.03,1625449482.0,64.0
4.49,1625449482.0,64.0
3.13,1625449482.0,64.0
1.92,1625449482.0,64.0
0.74,1625449482.0,64.0
-0.57,1625449482.0,64.0
-2.11,1625449482.0,64.0
-3.89,1625449482.0,64.0
-5.81,1625449482.0,64.0
-7.71,1625449482.0,64.0
-9.45,1625449482.0,64.0
-10.96,1625449482.0,64.0
-12.28,1625449482.0,64.0
-13.59,1625449482.0,64.0
-15.14,1625449482.0,64.0
-17.14,1625449482.0,64.0
-19.72,1625449482.0,64.0
-22.8,1625449482.0,64.0
-26.1,1625449482.0,64.0
-29.17,1625449482.0,64.0
-31.46,1625449482.0,64.0
-32.47,1625449482.0,64.0
-31.89,1625449482.0,64.0
-29.64,1625449482.0,64.0
-25.95,1625449482.0,64.0
-21.29,1625449482.0,64.0
-16.25,1625449482.0,64.0
-11.37,1625449482.0,64.0
-7.02,1625449482.0,64.0
-3.39,1625449482.0,64.0
-0.44,1625449482.0,64.0
1.91,1625449482.0,64.0
3.75,1625449482.0,64.0
5.12,1625449482.0,64.0
6.03,1625449482.0,64.0
6.53,1625449482.0,64.0
6.79,1625449482.0,64.0
7.01,1625449482.0,64.0
7.41,1625449482.0,64.0
8.07,1625449482.0,64.0
8.95,1625449482.0,64.0
9.87,1625449482.0,64.0
10.65,1625449482.0,64.0
11.16,1625449482.0,64.0
11.39,1625449482.0,64.0
11.39,1625449482.0,64.0
11.23,1625449482.0,64.0
10.91,1625449482.0,64.0
10.38,1625449482.0,64.0
9.57,1625449482.0,64.0
8.49,1625449482.0,64.0
7.21,1625449482.0,64.0
5.89,1625449482.0,64.0
4.67,1625449482.0,64.0
3.63,1625449482.0,64.0
2.74,1625449482.0,64.0
1.81,1625449482.0,64.0
0.67,1625449482.0,64.0
-0.81,1625449482.0,64.0
-2.59,1625449482.0,64.0
-4.54,1625449482.0,64.0
-6.44,1625449482.0,64.0
-8.14,1625449482.0,64.0
-9.58,1625449482.0,64.0
-10.84,1625449482.0,64.0
-12.08,1625449482.0,64.0
-13.47,1625449482.0,64.0
-15.2,1625449482.0,64.0
-17.39,1625449482.0,64.0
-20.05,1625449482.0,64.0
-23.06,1625449482.0,64.0
-26.12,1625449482.0,64.0
-28.78,1625449482.0,64.0
-30.51,1625449482.0,64.0
-30.89,1625449482.0,64.0
-29.7,1625449482.0,64.0
-27.04,1625449482.0,64.0
-23.26,1625449482.0,64.0
-18.86,1625449482.0,64.0
-14.33,1625449482.0,64.0
-10.07,1625449482.0,64.0
-6.33,1625449482.0,64.0
-3.18,1625449482.0,64.0
-0.63,1625449482.0,64.0
1.4,1625449482.0,64.0
3.01,1625449482.0,64.0
4.28,1625449482.0,64.0
5.31,1625449482.0,64.0
6.16,1625449482.0,64.0
6.9,1625449482.0,64.0
7.61,1625449482.0,64.0
8.34,1625449482.0,64.0
9.14,1625449482.0,64.0
10.02,1625449482.0,64.0
10.93,1625449482.0,64.0
11.7,1625449482.0,64.0
12.16,1625449482.0,64.0
12.14,1625449482.0,64.0
11.61,1625449482.0,64.0
10.66,1625449482.0,64.0
9.51,1625449482.0,64.0
8.37,1625449482.0,64.0
7.37,1625449482.0,64.0
6.46,1625449482.0,64.0
5.52,1625449482.0,64.0
4.43,1625449482.0,64.0
3.18,1625449482.0,64.0
1.86,1625449482.0,64.0
0.63,1625449482.0,64.0
-0.44,1625449482.0,64.0
-1.45,1625449482.0,64.0
-2.58,1625449482.0,64.0
-4.01,1625449482.0,64.0
-5.82,1625449482.0,64.0
-7.89,1625449482.0,64.0
-10.0,1625449482.0,64.0
-11.95,1625449482.0,64.0
-13.65,1625449482.0,64.0
-15.2,1625449482.0,64.0
-16.84,1625449482.0,64.0
-18.82,1625449482.0,64.0
-21.31,1625449482.0,64.0
-24.26,1625449482.0,64.0
-27.37,1625449482.0,64.0
-30.14,1625449482.0,64.0
-31.99,1625449482.0,64.0
-32.43,1625449482.0,64.0
-31.27,1625449482.0,64.0
-28.61,1625449482.0,64.0
-24.89,1625449482.0,64.0
-20.63,1625449482.0,64.0
-16.33,1625449482.0,64.0
-12.25,1625449482.0,64.0
-8.46,1625449482.0,64.0
-4.91,1625449482.0,64.0
-1.59,1625449482.0,64.0
1.42,1625449482.0,64.0
3.94,1625449482.0,64.0
5.79,1625449482.0,64.0
6.96,1625449482.0,64.0
7.57,1625449482.0,64.0
7.89,1625449482.0,64.0
8.21,1625449482.0,64.0
8.74,1625449482.0,64.0
9.54,1625449482.0,64.0
10.5,1625449482.0,64.0
11.43,1625449482.0,64.0
12.16,1625449482.0,64.0
12.58,1625449482.0,64.0
12.69,1625449482.0,64.0
12.55,1625449482.0,64.0
12.28,1625449482.0,64.0
11.91,1625449482.0,64.0
11.45,1625449482.0,64.0
10.83,1625449482.0,64.0
10.04,1625449482.0,64.0
9.07,1625449482.0,64.0
7.96,1625449482.0,64.0
6.75,1625449482.0,64.0
5.44,1625449482.0,64.0
3.93,1625449482.0,64.0
2.12,1625449482.0,64.0
-0.05,1625449482.0,64.0
-2.5,1625449482.0,64.0
-5.03,1625449482.0,64.0
-7.38,1625449482.0,64.0
-9.34,1625449482.0,64.0
-10.88,1625449482.0,64.0
-12.13,1625449482.0,64.0
-13.38,1625449482.0,64.0
-14.88,1625449482.0,64.0
-16.8,1625449482.0,64.0
-19.2,1625449482.0,64.0
-21.94,1625449482.0,64.0
-24.79,1625449482.0,64.0
-27.44,1625449482.0,64.0
-29.49,1625449482.0,64.0
-30.54,1625449482.0,64.0
-30.29,1625449482.0,64.0
-28.62,1625449482.0,64.0
-25.63,1625449482.0,64.0
-21.66,1625449482.0,64.0
-17.18,1625449482.0,64.0
-12.63,1625449482.0,64.0
-8.36,1625449482.0,64.0
-4.5,1625449482.0,64.0
-1.1,1625449482.0,64.0
1.86,1625449482.0,64.0
4.39,1625449482.0,64.0
6.45,1625449482.0,64.0
8.0,1625449482.0,64.0
9.08,1625449482.0,64.0
9.79,1625449482.0,64.0
10.32,1625449482.0,64.0
10.9,1625449482.0,64.0
11.74,1625449482.0,64.0
12.87,1625449482.0,64.0
14.22,1625449482.0,64.0
15.56,1625449482.0,64.0
16.65,1625449482.0,64.0
17.28,1625449482.0,64.0
17.35,1625449482.0,64.0
16.85,1625449482.0,64.0
15.92,1625449482.0,64.0
14.69,1625449482.0,64.0
13.32,1625449482.0,64.0
11.96,1625449482.0,64.0
10.67,1625449482.0,64.0
9.51,1625449482.0,64.0
8.46,1625449482.0,64.0
7.43,1625449482.0,64.0
6.3,1625449482.0,64.0
4.96,1625449482.0,64.0
3.32,1625449482.0,64.0
1.36,1625449482.0,64.0
-0.83,1625449482.0,64.0
-3.11,1625449482.0,64.0
-5.35,1625449482.0,64.0
-7.5,1625449482.0,64.0
-9.6,1625449482.0,64.0
-11.78,1625449482.0,64.0
-14.16,1625449482.0,64.0
-16.84,1625449482.0,64.0
-19.82,1625449482.0,64.0
-23.0,1625449482.0,64.0
-26.18,1625449482.0,64.0
-29.06,1625449482.0,64.0
-31.24,1625449482.0,64.0
-32.29,1625449482.0,64.0
-31.84,1625449482.0,64.0
-29.72,1625449482.0,64.0
-26.07,1625449482.0,64.0
-21.29,1625449482.0,64.0
-15.94,1625449482.0,64.0
-10.57,1625449482.0,64.0
-5.53,1625449482.0,64.0
-1.01,1625449482.0,64.0
2.97,1625449482.0,64.0
6.4,1625449482.0,64.0
9.24,1625449482.0,64.0
11.47,1625449482.0,64.0
13.09,1625449482.0,64.0
14.25,1625449482.0,64.0
15.19,1625449482.0,64.0
16.18,1625449482.0,64.0
17.37,1625449482.0,64.0
18.76,1625449482.0,64.0
20.2,1625449482.0,64.0
21.45,1625449482.0,64.0
22.32,1625449482.0,64.0
22.66,1625449482.0,64.0
22.48,1625449482.0,64.0
21.86,1625449482.0,64.0
20.94,1625449482.0,64.0
19.84,1625449482.0,64.0
18.65,1625449482.0,64.0
17.4,1625449482.0,64.0
16.07,1625449482.0,64.0
14.63,1625449482.0,64.0
13.09,1625449482.0,64.0
11.46,1625449482.0,64.0
9.78,1625449482.0,64.0
8.07,1625449482.0,64.0
6.32,1625449482.0,64.0
4.49,1625449482.0,64.0
2.55,1625449482.0,64.0
0.43,1625449482.0,64.0
-1.82,1625449482.0,64.0
-4.18,1625449482.0,64.0
-6.58,1625449482.0,64.0
-9.03,1625449482.0,64.0
-11.56,1625449482.0,64.0
-14.28,1625449482.0,64.0
-17.29,1625449482.0,64.0
-20.62,1625449482.0,64.0
-24.13,1625449482.0,64.0
-27.56,1625449482.0,64.0
-30.46,1625449482.0,64.0
-32.34,1625449482.0,64.0
-32.75,1625449482.0,64.0
-31.47,1625449482.0,64.0
-28.52,1625449482.0,64.0
-24.2,1625449482.0,64.0
-18.99,1625449482.0,64.0
-13.42,1625449482.0,64.0
-7.93,1625449482.0,64.0
-2.82,1625449482.0,64.0
1.75,1625449482.0,64.0
5.74,1625449482.0,64.0
9.11,1625449482.0,64.0
11.82,1625449482.0,64.0
13.83,1625449482.0,64.0
15.18,1625449482.0,64.0
16.02,1625449482.0,64.0
16.6,1625449482.0,64.0
17.22,1625449482.0,64.0
18.12,1625449482.0,64.0
19.35,1625449482.0,64.0
20.77,1625449482.0,64.0
22.11,1625449482.0,64.0
23.04,1625449482.0,64.0
23.37,1625449482.0,64.0
23.04,1625449482.0,64.0
22.18,1625449482.0,64.0
21.01,1625449482.0,64.0
19.69,1625449482.0,64.0
18.35,1625449482.0,64.0
17.02,1625449482.0,64.0
15.72,1625449482.0,64.0
14.42,1625449482.0,64.0
13.1,1625449482.0,64.0
11.69,1625449482.0,64.0
10.07,1625449482.0,64.0
8.16,1625449482.0,64.0
5.93,1625449482.0,64.0
3.45,1625449482.0,64.0
0.91,1625449482.0,64.0
-1.52,1625449482.0,64.0
-3.72,1625449482.0,64.0
-5.73,1625449482.0,64.0
-7.73,1625449482.0,64.0
-9.96,1625449482.0,64.0
-12.6,1625449482.0,64.0
-15.71,1625449482.0,64.0
-19.19,1625449482.0,64.0
-22.84,1625449482.0,64.0
-26.35,1625449482.0,64.0
-29.33,1625449482.0,64.0
-31.33,1625449482.0,64.0
-31.9,1625449482.0,64.0
-30.72,1625449482.0,64.0
-27.72,1625449482.0,64.0
-23.15,1625449482.0,64.0
-17.55,1625449482.0,64.0
-11.57,1625449482.0,64.0
-5.81,1625449482.0,64.0
-0.63,1625449482.0,64.0
3.8,1625449482.0,64.0
7.5,1625449482.0,64.0
10.52,1625449482.0,64.0
12.94,1625449482.0,64.0
14.85,1625449482.0,64.0
16.34,1625449482.0,64.0
17.54,1625449482.0,64.0
18.64,1625449482.0,64.0
19.75,1625449482.0,64.0
20.92,1625449482.0,64.0
22.11,1625449482.0,64.0
23.18,1625449482.0,64.0
24.01,1625449482.0,64.0
24.47,1625449482.0,64.0
24.52,1625449482.0,64.0
24.17,1625449482.0,64.0
23.49,1625449482.0,64.0
22.54,1625449482.0,64.0
21.37,1625449482.0,64.0
19.99,1625449482.0,64.0
18.43,1625449482.0,64.0
16.71,1625449482.0,64.0
14.88,1625449482.0,64.0
13.02,1625449482.0,64.0
11.14,1625449482.0,64.0
9.22,1625449482.0,64.0
7.22,1625449482.0,64.0
5.06,1625449482.0,64.0
2.72,1625449482.0,64.0
0.26,1625449482.0,64.0
-2.24,1625449482.0,64.0
-4.68,1625449482.0,64.0
-6.97,1625449482.0,64.0
-9.19,1625449482.0,64.0
-11.48,1625449482.0,64.0
-14.06,1625449482.0,64.0
-17.13,1625449482.0,64.0
-20.72,1625449482.0,64.0
-24.65,1625449482.0,64.0
-28.47,1625449482.0,64.0
-31.56,1625449482.0,64.0
-33.29,1625449482.0,64.0
-33.21,1625449482.0,64.0
-31.22,1625449482.0,64.0
-27.56,1625449482.0,64.0
-22.77,1625449482.0,64.0
-17.44,1625449482.0,64.0
-12.07,1625449482.0,64.0
-6.93,1625449482.0,64.0
-2.16,1625449482.0,64.0
2.21,1625449482.0,64.0
6.12,1625449482.0,64.0
9.44,1625449482.0,64.0
12.03,1625449482.0,64.0
13.85,1625449482.0,64.0
15.04,1625449482.0,64.0
15.85,1625449482.0,64.0
16.61,1625449482.0,64.0
17.52,1625449482.0,64.0
18.63,1625449482.0,64.0
19.85,1625449482.0,64.0
20.96,1625449482.0,64.0
21.78,1625449482.0,64.0
22.17,1625449482.0,64.0
22.13,1625449482.0,64.0
21.68,1625449482.0,64.0
20.95,1625449482.0,64.0
20.0,1625449482.0,64.0
18.87,1625449482.0,64.0
17.57,1625449482.0,64.0
16.1,1625449482.0,64.0
14.48,1625449482.0,64.0
12.74,1625449482.0,64.0
10.95,1625449482.0,64.0
9.16,1625449482.0,64.0
7.39,1625449482.0,64.0
5.64,1625449482.0,64.0
3.87,1625449482.0,64.0
1.99,1625449482.0,64.0
-0.05,1625449482.0,64.0
-2.26,1625449482.0,64.0
-4.59,1625449482.0,64.0
-7.0,1625449482.0,64.0
-9.46,1625449482.0,64.0
-12.04,1625449482.0,64.0
-14.83,1625449482.0,64.0
-17.96,1625449482.0,64.0
-21.42,1625449482.0,64.0
-25.02,1625449482.0,64.0
-28.4,1625449482.0,64.0
-31.05,1625449482.0,64.0
-32.51,1625449482.0,64.0
-32.44,1625449482.0,64.0
-30.77,1625449482.0,64.0
-27.66,1625449482.0,64.0
-23.45,1625449482.0,64.0
-18.55,1625449482.0,64.0
-13.37,1625449482.0,64.0
-8.19,1625449482.0,64.0
-3.24,1625449482.0,64.0
1.36,1625449482.0,64.0
5.47,1625449482.0,64.0
8.97,1625449482.0,64.0
11.73,1625449482.0,64.0
13.73,1625449482.0,64.0
15.07,1625449482.0,64.0
15.99,1625449482.0,64.0
16.8,1625449482.0,64.0
17.75,1625449482.0,64.0
18.9,1625449482.0,64.0
20.16,1625449482.0,64.0
21.32,1625449482.0,64.0
22.13,1625449482.0,64.0
22.49,1625449482.0,64.0
22.41,1625449482.0,64.0
21.98,1625449482.0,64.0
21.3,1625449482.0,64.0
20.42,1625449482.0,64.0
19.33,1625449482.0,64.0
17.98,1625449482.0,64.0
16.34,1625449482.0,64.0
14.48,1625449482.0,64.0
12.49,1625449482.0,64.0
10.5,1625449482.0,64.0
8.6,1625449482.0,64.0
6.8,1625449482.0,64.0
5.06,1625449482.0,64.0
3.3,1625449482.0,64.0
1.41,1625449482.0,64.0
-0.72,1625449482.0,64.0
-3.12,1625449482.0,64.0
-5.75,1625449482.0,64.0
-8.53,1625449482.0,64.0
-11.37,1625449482.0,64.0
-14.21,1625449482.0,64.0
-17.09,1625449482.0,64.0
-20.13,1625449482.0,64.0
-23.43,1625449482.0,64.0
-26.94,1625449482.0,64.0
-30.4,1625449482.0,64.0
-33.36,1625449482.0,64.0
-35.25,1625449482.0,64.0
-35.63,1625449482.0,64.0
-34.3,1625449482.0,64.0
-31.34,1625449482.0,64.0
-27.07,1625449482.0,64.0
-21.9,1625449482.0,64.0
-16.25,1625449482.0,64.0
-10.48,1625449482.0,64.0
-4.91,1625449482.0,64.0
0.15,1625449482.0,64.0
4.48,1625449482.0,64.0
7.91,1625449482.0,64.0
10.44,1625449482.0,64.0
12.19,1625449482.0,64.0
13.44,1625449482.0,64.0
14.5,1625449482.0,64.0
15.6,1625449482.0,64.0
16.87,1625449482.0,64.0
18.26,1625449482.0,64.0
19.67,1625449482.0,64.0
20.93,1625449482.0,64.0
21.93,1625449482.0,64.0
22.61,1625449482.0,64.0
22.98,1625449482.0,64.0
23.05,1625449482.0,64.0
22.83,1625449482.0,64.0
22.31,1625449482.0,64.0
21.48,1625449482.0,64.0
20.37,1625449482.0,64.0
19.02,1625449482.0,64.0
17.51,1625449482.0,64.0
15.86,1625449482.0,64.0
14.08,1625449482.0,64.0
12.12,1625449482.0,64.0
9.96,1625449482.0,64.0
7.64,1625449482.0,64.0
5.23,1625449482.0,64.0
2.82,1625449482.0,64.0
0.43,1625449482.0,64.0
-1.95,1625449482.0,64.0
-4.35,1625449482.0,64.0
-6.81,1625449482.0,64.0
-9.32,1625449482.0,64.0
-11.87,1625449482.0,64.0
-14.5,1625449482.0,64.0
-17.32,1625449482.0,64.0
-20.49,1625449482.0,64.0
-24.05,1625449482.0,64.0
-27.8,1625449482.0,64.0
-31.32,1625449482.0,64.0
-33.98,1625449482.0,64.0
-35.23,1625449482.0,64.0
-34.76,1625449482.0,64.0
-32.59,1625449482.0,64.0
-29.08,1625449482.0,64.0
-24.77,1625449482.0,64.0
-20.11,1625449482.0,64.0
-15.38,1625449482.0,64.0
-10.71,1625449482.0,64.0
-6.09,1625449482.0,64.0
-1.57,1625449482.0,64.0
2.7,1625449482.0,64.0
6.54,1625449482.0,64.0
9.76,1625449482.0,64.0
12.28,1625449482.0,64.0
14.13,1625449482.0,64.0
15.51,1625449482.0,64.0
16.63,1625449482.0,64.0
17.7,1625449482.0,64.0
18.84,1625449482.0,64.0
20.02,1625449482.0,64.0
21.13,1625449482.0,64.0
21.99,1625449482.0,64.0
22.47,1625449482.0,64.0
22.55,1625449482.0,64.0
22.28,1625449482.0,64.0
21.78,1625449482.0,64.0
21.14,1625449482.0,64.0
20.36,1625449482.0,64.0
19.35,1625449482.0,64.0
18.06,1625449482.0,64.0
16.48,1625449482.0,64.0
14.71,1625449482.0,64.0
12.93,1625449482.0,64.0
11.25,1625449482.0,64.0
9.67,1625449482.0,64.0
8.07,1625449482.0,64.0
6.26,1625449482.0,64.0
4.11,1625449482.0,64.0
1.58,1625449482.0,64.0
-1.2,1625449482.0,64.0
-4.06,1625449482.0,64.0
-6.83,1625449482.0,64.0
-9.45,1625449482.0,64.0
-11.96,1625449482.0,64.0
-14.52,1625449482.0,64.0
-17.37,1625449482.0,64.0
-20.67,1625449482.0,64.0
-24.41,1625449482.0,64.0
-28.34,1625449482.0,64.0
-31.95,1625449482.0,64.0
-34.64,1625449482.0,64.0
-35.83,1625449482.0,64.0
-35.26,1625449482.0,64.0
-32.99,1625449482.0,64.0
-29.39,1625449482.0,64.0
-24.98,1625449482.0,64.0
-20.23,1625449482.0,64.0
-15.42,1625449482.0,64.0
-10.67,1625449482.0,64.0
-6.04,1625449482.0,64.0
-1.61,1625449482.0,64.0
2.44,1625449482.0,64.0
5.94,1625449482.0,64.0
8.81,1625449482.0,64.0
11.09,1625449482.0,64.0
12.95,1625449482.0,64.0
14.62,1625449482.0,64.0
16.27,1625449482.0,64.0
17.89,1625449482.0,64.0
19.39,1625449482.0,64.0
20.62,1625449482.0,64.0
21.43,1625449482.0,64.0
21.8,1625449482.0,64.0
21.78,1625449482.0,64.0
21.48,1625449482.0,64.0
20.97,1625449482.0,64.0
20.34,1625449482.0,64.0
19.62,1625449482.0,64.0
18.85,1625449482.0,64.0
18.06,1625449482.0,64.0
17.24,1625449482.0,64.0
16.33,1625449482.0,64.0
15.23,1625449482.0,64.0
13.83,1625449482.0,64.0
12.01,1625449482.0,64.0
9.78,1625449482.0,64.0
7.22,1625449482.0,64.0
4.57,1625449482.0,64.0
2.04,1625449482.0,64.0
-0.19,1625449482.0,64.0
-2.1,1625449482.0,64.0
-3.81,1625449482.0,64.0
-5.56,1625449482.0,64.0
-7.65,1625449482.0,64.0
-10.29,1625449482.0,64.0
-13.58,1625449482.0,64.0
-17.46,1625449482.0,64.0
-21.7,1625449482.0,64.0
-26.01,1625449482.0,64.0
-30.02,1625449482.0,64.0
-33.35,1625449482.0,64.0
-35.63,1625449482.0,64.0
-36.52,1625449482.0,64.0
-35.81,1625449482.0,64.0
-33.44,1625449482.0,64.0
-29.56,1625449482.0,64.0
-24.54,1625449482.0,64.0
-18.93,1625449482.0,64.0
-13.21,1625449482.0,64.0
-7.82,1625449482.0,64.0
-2.95,1625449482.0,64.0
1.33,1625449482.0,64.0
5.05,1625449482.0,64.0
8.21,1625449482.0,64.0
10.8,1625449482.0,64.0
12.83,1625449482.0,64.0
14.34,1625449482.0,64.0
15.51,1625449482.0,64.0
16.52,1625449482.0,64.0
17.58,1625449482.0,64.0
18.74,1625449482.0,64.0
19.97,1625449482.0,64.0
21.15,1625449482.0,64.0
22.1,1625449482.0,64.0
22.73,1625449482.0,64.0
22.96,1625449482.0,64.0
22.75,1625449482.0,64.0
22.1,1625449482.0,64.0
21.0,1625449482.0,64.0
19.53,1625449482.0,64.0
17.82,1625449482.0,64.0
16.03,1625449482.0,64.0
14.32,1625449482.0,64.0
12.81,1625449482.0,64.0
11.48,1625449482.0,64.0
10.23,1625449482.0,64.0
8.89,1625449482.0,64.0
7.31,1625449482.0,64.0
5.41,1625449482.0,64.0
3.21,1625449482.0,64.0
0.75,1625449482.0,64.0
-1.86,1625449482.0,64.0
-4.56,1625449482.0,64.0
-7.27,1625449482.0,64.0
-9.91,1625449482.0,64.0
-12.44,1625449482.0,64.0
-14.9,1625449482.0,64.0
-17.46,1625449482.0,64.0
-20.32,1625449482.0,64.0
-23.65,1625449482.0,64.0
-27.36,1625449482.0,64.0
-31.06,1625449482.0,64.0
-34.09,1625449482.0,64.0
-35.73,1625449482.0,64.0
-35.5,1625449482.0,64.0
-33.28,1625449482.0,64.0
-29.41,1625449482.0,64.0
-24.47,1625449482.0,64.0
-19.08,1625449482.0,64.0
-13.67,1625449482.0,64.0
-8.47,1625449482.0,64.0
-3.56,1625449482.0,64.0
0.96,1625449482.0,64.0
4.95,1625449482.0,64.0
8.26,1625449482.0,64.0
10.77,1625449482.0,64.0
12.53,1625449482.0,64.0
13.78,1625449482.0,64.0
14.84,1625449482.0,64.0
16.03,1625449482.0,64.0
17.51,1625449482.0,64.0
19.24,1625449482.0,64.0
21.01,1625449482.0,64.0
22.55,1625449482.0,64.0
23.61,1625449482.0,64.0
24.07,1625449482.0,64.0
23.95,1625449482.0,64.0
23.38,1625449482.0,64.0
22.47,1625449482.0,64.0
21.36,1625449482.0,64.0
20.1,1625449482.0,64.0
18.77,1625449482.0,64.0
17.41,1625449482.0,64.0
16.07,1625449482.0,64.0
14.78,1625449482.0,64.0
13.5,1625449482.0,64.0
12.11,1625449482.0,64.0
10.47,1625449482.0,64.0
8.52,1625449482.0,64.0
6.27,1625449482.0,64.0
3.83,1625449482.0,64.0
1.36,1625449482.0,64.0
-1.05,1625449482.0,64.0
-3.39,1625449482.0,64.0
-5.75,1625449482.0,64.0
-8.24,1625449482.0,64.0
-10.97,1625449482.0,64.0
-13.97,1625449482.0,64.0
-17.23,1625449482.0,64.0
-20.75,1625449482.0,64.0
-24.46,1625449482.0,64.0
-28.23,1625449482.0,64.0
-31.75,1625449482.0,64.0
-34.56,1625449482.0,64.0
-36.14,1625449482.0,64.0
-36.05,1625449482.0,64.0
-34.1,1625449482.0,64.0
-30.45,1625449482.0,64.0
-25.55,1625449482.0,64.0
-19.98,1625449482.0,64.0
-14.3,1625449482.0,64.0
-8.91,1625449482.0,64.0
-4.02,1625449482.0,64.0
0.33,1625449482.0,64.0
4.14,1625449482.0,64.0
7.41,1625449482.0,64.0
10.15,1625449482.0,64.0
12.38,1625449482.0,64.0
14.19,1625449482.0,64.0
15.74,1625449482.0,64.0
17.19,1625449482.0,64.0
18.64,1625449482.0,64.0
20.11,1625449482.0,64.0
21.49,1625449482.0,64.0
22.66,1625449482.0,64.0
23.48,1625449482.0,64.0
23.88,1625449482.0,64.0
23.9,1625449482.0,64.0
23.6,1625449482.0,64.0
23.07,1625449482.0,64.0
22.37,1625449482.0,64.0
21.49,1625449482.0,64.0
20.38,1625449482.0,64.0
18.99,1625449482.0,64.0
17.3,1625449482.0,64.0
15.34,1625449482.0,64.0
13.26,1625449482.0,64.0
11.18,1625449482.0,64.0
9.23,1625449482.0,64.0
7.4,1625449482.0,64.0
5.59,1625449482.0,64.0
3.67,1625449482.0,64.0
1.5,1625449482.0,64.0
-0.96,1625449482.0,64.0
-3.63,1625449482.0,64.0
-6.39,1625449482.0,64.0
-9.11,1625449482.0,64.0
-11.73,1625449482.0,64.0
-14.3,1625449482.0,64.0
-16.93,1625449482.0,64.0
-19.77,1625449482.0,64.0
-22.88,1625449482.0,64.0
-26.17,1625449482.0,64.0
-29.35,1625449482.0,64.0
-31.97,1625449482.0,64.0
-33.5,1625449482.0,64.0
-33.54,1625449482.0,64.0
-31.91,1625449482.0,64.0
-28.73,1625449482.0,64.0
-24.37,1625449482.0,64.0
-19.31,1625449482.0,64.0
-14.03,1625449482.0,64.0
-8.88,1625449482.0,64.0
-4.12,1625449482.0,64.0
0.15,1625449482.0,64.0
3.85,1625449482.0,64.0
6.98,1625449482.0,64.0
9.57,1625449482.0,64.0
11.63,1625449482.0,64.0
13.28,1625449482.0,64.0
14.59,1625449482.0,64.0
15.7,1625449482.0,64.0
16.68,1625449482.0,64.0
17.6,1625449482.0,64.0
18.47,1625449482.0,64.0
19.26,1625449482.0,64.0
19.91,1625449482.0,64.0
20.35,1625449482.0,64.0
20.49,1625449482.0,64.0
20.28,1625449482.0,64.0
19.68,1625449482.0,64.0
18.75,1625449482.0,64.0
17.52,1625449482.0,64.0
16.09,1625449482.0,64.0
14.52,1625449482.0,64.0
12.85,1625449482.0,64.0
11.12,1625449482.0,64.0
9.41,1625449482.0,64.0
7.79,1625449482.0,64.0
6.33,1625449482.0,64.0
5.02,1625449482.0,64.0
3.75,1625449482.0,64.0
2.32,1625449482.0,64.0
0.56,1625449482.0,64.0
-1.61,1625449482.0,64.0
-4.17,1625449482.0,64.0
-6.96,1625449482.0,64.0
-9.85,1625449482.0,64.0
-12.77,1625449482.0,64.0
-15.72,1625449482.0,64.0
-18.78,1625449482.0,64.0
-21.96,1625449482.0,64.0
-25.22,1625449482.0,64.0
-28.32,1625449482.0,64.0
-30.94,1625449482.0,64.0
-32.64,1625449482.0,64.0
-33.07,1625449482.0,64.0
-32.03,1625449482.0,64.0
-29.56,1625449482.0,64.0
-25.93,1625449482.0,64.0
-21.55,1625449482.0,64.0
-16.83,1625449482.0,64.0
-12.08,1625449482.0,64.0
-7.49,1625449482.0,64.0
-3.21,1625449482.0,64.0
0.64,1625449482.0,64.0
3.91,1625449482.0,64.0
6.45,1625449482.0,64.0
8.24,1625449482.0,64.0
9.42,1625449482.0,64.0
10.27,1625449482.0,64.0
11.11,1625449482.0,64.0
12.14,1625449482.0,64.0
13.41,1625449482.0,64.0
14.78,1625449482.0,64.0
16.01,1625449482.0,64.0
16.92,1625449482.0,64.0
17.41,1625449482.0,64.0
17.52,1625449482.0,64.0
17.36,1625449482.0,64.0
17.05,1625449482.0,64.0
16.66,1625449482.0,64.0
16.18,1625449482.0,64.0
15.59,1625449482.0,64.0
14.85,1625449482.0,64.0
13.94,1625449482.0,64.0
12.88,1625449482.0,64.0
11.67,1625449482.0,64.0
10.27,1625449482.0,64.0
8.61,1625449482.0,64.0
6.66,1625449482.0,64.0
4.46,1625449482.0,64.0
2.14,1625449482.0,64.0
-0.1,1625449482.0,64.0
-2.13,1625449482.0,64.0
-3.93,1625449482.0,64.0
-5.62,1625449482.0,64.0
-7.42,1625449482.0,64.0
-9.55,1625449482.0,64.0
-12.12,1625449482.0,64.0
-15.15,1625449482.0,64.0
-18.52,1625449482.0,64.0
-22.02,1625449482.0,64.0
-25.41,1625449482.0,64.0
-28.37,1625449482.0,64.0
-30.53,1625449482.0,64.0
-31.53,1625449482.0,64.0
-31.09,1625449482.0,64.0
-29.15,1625449482.0,64.0
-25.9,1625449482.0,64.0
-21.71,1625449482.0,64.0
-17.02,1625449482.0,64.0
-12.24,1625449482.0,64.0
-7.6,1625449482.0,64.0
-3.27,1625449482.0,64.0
0.63,1625449482.0,64.0
3.97,1625449482.0,64.0
6.58,1625449482.0,64.0
8.4,1625449482.0,64.0
9.49,1625449482.0,64.0
10.09,1625449482.0,64.0
10.58,1625449482.0,64.0
11.3,1625449482.0,64.0
12.42,1625449482.0,64.0
13.87,1625449482.0,64.0
15.38,1625449482.0,64.0
16.58,1625449482.0,64.0
17.23,1625449482.0,64.0
17.24,1625449482.0,64.0
16.7,1625449482.0,64.0
15.81,1625449482.0,64.0
14.73,1625449482.0,64.0
13.56,1625449482.0,64.0
12.32,1625449482.0,64.0
11.01,1625449482.0,64.0
9.67,1625449482.0,64.0
8.33,1625449482.0,64.0
6.99,1625449482.0,64.0
5.63,1625449482.0,64.0
4.18,1625449482.0,64.0
2.53,1625449482.0,64.0
0.66,1625449482.0,64.0
-1.42,1625449482.0,64.0
-3.66,1625449482.0,64.0
-6.03,1625449482.0,64.0
-8.56,1625449482.0,64.0
-11.28,1625449482.0,64.0
-14.23,1625449482.0,64.0
-17.43,1625449482.0,64.0
-20.82,1625449482.0,64.0
-24.24,1625449482.0,64.0
-27.44,1625449482.0,64.0
-30.04,1625449482.0,64.0
-31.61,1625449482.0,64.0
-31.78,1625449482.0,64.0
-30.35,1625449482.0,64.0
-27.39,1625449482.0,64.0
-23.21,1625449482.0,64.0
-18.29,1625449482.0,64.0
-13.09,1625449482.0,64.0
-7.98,1625449482.0,64.0
-3.25,1625449482.0,64.0
0.96,1625449482.0,64.0
4.47,1625449482.0,64.0
7.17,1625449482.0,64.0
9.02,1625449482.0,64.0
10.14,1625449482.0,64.0
10.82,1625449482.0,64.0
11.41,1625449482.0,64.0
12.23,1625449482.0,64.0
13.41,1625449482.0,64.0
14.83,1625449482.0,64.0
16.25,1625449482.0,64.0
17.36,1625449482.0,64.0
17.93,1625449482.0,64.0
17.89,1625449482.0,64.0
17.29,1625449482.0,64.0
16.27,1625449482.0,64.0
14.97,1625449482.0,64.0
13.48,1625449482.0,64.0
11.82,1625449482.0,64.0
9.98,1625449482.0,64.0
7.93,1625449482.0,64.0
5.71,1625449482.0,64.0
3.38,1625449482.0,64.0
1.05,1625449482.0,64.0
-1.19,1625449482.0,64.0
-3.33,1625449482.0,64.0
-5.41,1625449482.0,64.0
-7.54,1625449482.0,64.0
-9.84,1625449482.0,64.0
-12.37,1625449482.0,64.0
-15.16,1625449482.0,64.0
-18.22,1625449482.0,64.0
-21.54,1625449482.0,64.0
-25.07,1625449482.0,64.0
-28.67,1625449482.0,64.0
-32.02,1625449482.0,64.0
-34.68,1625449482.0,64.0
-36.16,1625449482.0,64.0
-36.12,1625449482.0,64.0
-34.45,1625449482.0,64.0
-31.33,1625449482.0,64.0
-27.12,1625449482.0,64.0
-22.23,1625449482.0,64.0
-16.97,1625449482.0,64.0
-11.51,1625449482.0,64.0
-5.94,1625449482.0,64.0
-0.39,1625449482.0,64.0
4.94,1625449482.0,64.0
9.75,1625449482.0,64.0
13.73,1625449482.0,64.0
16.73,1625449482.0,64.0
18.8,1625449482.0,64.0
20.19,1625449482.0,64.0
21.27,1625449482.0,64.0
22.33,1625449482.0,64.0
23.51,1625449482.0,64.0
24.74,1625449482.0,64.0
25.85,1625449482.0,64.0
26.62,1625449482.0,64.0
26.93,1625449482.0,64.0
26.74,1625449482.0,64.0
26.05,1625449482.0,64.0
24.86,1625449482.0,64.0
23.15,1625449482.0,64.0
20.91,1625449482.0,64.0
18.23,1625449482.0,64.0
15.3,1625449482.0,64.0
12.38,1625449482.0,64.0
9.7,1625449482.0,64.0
7.4,1625449482.0,64.0
5.46,1625449482.0,64.0
3.76,1625449482.0,64.0
2.14,1625449482.0,64.0
0.39,1625449482.0,64.0
-1.61,1625449482.0,64.0
-3.98,1625449482.0,64.0
-6.74,1625449482.0,64.0
-9.91,1625449482.0,64.0
-13.47,1625449482.0,64.0
-17.36,1625449482.0,64.0
-21.5,1625449482.0,64.0
-25.67,1625449482.0,64.0
-29.57,1625449482.0,64.0
-32.8,1625449482.0,64.0
-34.91,1625449482.0,64.0
-35.56,1625449482.0,64.0
-34.56,1625449482.0,64.0
-31.94,1625449482.0,64.0
-27.91,1625449482.0,64.0
-22.76,1625449482.0,64.0
-16.81,1625449482.0,64.0
-10.39,1625449482.0,64.0
-3.82,1625449482.0,64.0
2.61,1625449482.0,64.0
8.58,1625449482.0,64.0
13.81,1625449482.0,64.0
18.1,1625449482.0,64.0
21.38,1625449482.0,64.0
23.72,1625449482.0,64.0
25.34,1625449482.0,64.0
26.53,1625449482.0,64.0
27.59,1625449482.0,64.0
28.69,1625449482.0,64.0
29.9,1625449482.0,64.0
31.09,1625449482.0,64.0
32.09,1625449482.0,64.0
32.73,1625449482.0,64.0
32.89,1625449482.0,64.0
32.53,1625449482.0,64.0
31.66,1625449482.0,64.0
30.33,1625449482.0,64.0
28.62,1625449482.0,64.0
26.63,1625449482.0,64.0
24.49,1625449482.0,64.0
22.35,1625449482.0,64.0
20.28,1625449482.0,64.0
18.26,1625449482.0,64.0
16.16,1625449482.0,64.0
13.81,1625449482.0,64.0
11.08,1625449482.0,64.0
7.96,1625449482.0,64.0
4.55,1625449482.0,64.0
1.08,1625449482.0,64.0
-2.24,1625449482.0,64.0
-5.25,1625449482.0,64.0
-7.95,1625449482.0,64.0
-10.51,1625449482.0,64.0
-13.19,1625449482.0,64.0
-16.25,1625449482.0,64.0
-19.86,1625449482.0,64.0
-24.02,1625449482.0,64.0
-28.52,1625449482.0,64.0
-32.94,1625449482.0,64.0
-36.75,1625449482.0,64.0
-39.4,1625449482.0,64.0
-40.45,1625449482.0,64.0
-39.68,1625449482.0,64.0
-37.13,1625449482.0,64.0
-33.13,1625449482.0,64.0
-28.15,1625449482.0,64.0
-22.69,1625449482.0,64.0
-17.08,1625449482.0,64.0
-11.48,1625449482.0,64.0
-5.87,1625449482.0,64.0
-0.24,1625449482.0,64.0
5.32,1625449482.0,64.0
10.59,1625449482.0,64.0
15.23,1625449482.0,64.0
18.98,1625449482.0,64.0
21.77,1625449482.0,64.0
23.73,1625449482.0,64.0
25.17,1625449482.0,64.0
26.35,1625449482.0,64.0
27.43,1625449482.0,64.0
28.41,1625449482.0,64.0
29.19,1625449482.0,64.0
29.7,1625449482.0,64.0
29.94,1625449482.0,64.0
30.0,1625449482.0,64.0
29.95,1625449482.0,64.0
29.8,1625449482.0,64.0
29.41,1625449482.0,64.0
28.61,1625449482.0,64.0
27.25,1625449482.0,64.0
25.35,1625449482.0,64.0
23.06,1625449482.0,64.0
20.69,1625449482.0,64.0
18.53,1625449482.0,64.0
16.77,1625449482.0,64.0
15.39,1625449482.0,64.0
14.2,1625449482.0,64.0
12.9,1625449482.0,64.0
11.22,1625449482.0,64.0
9.04,1625449482.0,64.0
6.4,1625449482.0,64.0
3.47,1625449482.0,64.0
0.48,1625449482.0,64.0
-2.43,1625449482.0,64.0
-5.21,1625449482.0,64.0
-7.9,1625449482.0,64.0
-10.57,1625449482.0,64.0
-13.31,1625449482.0,64.0
-16.19,1625449482.0,64.0
-19.29,1625449482.0,64.0
-22.67,1625449482.0,64.0
-26.34,1625449482.0,64.0
-30.15,1625449482.0,64.0
-33.8,1625449482.0,64.0
-36.81,1625449482.0,64.0
-38.7,1625449482.0,64.0
-39.13,1625449482.0,64.0
-37.99,1625449482.0,64.0
-35.43,1625449482.0,64.0
-31.79,1625449482.0,64.0
-27.43,1625449482.0,64.0
-22.65,1625449482.0,64.0
-17.65,1625449482.0,64.0
-12.52,1625449482.0,64.0
-7.39,1625449482.0,64.0
-2.38,1625449482.0,64.0
2.27,1625449482.0,64.0
6.32,1625449482.0,64.0
9.58,1625449482.0,64.0
11.97,1625449482.0,64.0
13.61,1625449482.0,64.0
14.75,1625449482.0,64.0
15.76,1625449482.0,64.0
16.91,1625449482.0,64.0
18.35,1625449482.0,64.0
20.01,1625449482.0,64.0
21.67,1625449482.0,64.0
23.09,1625449482.0,64.0
24.1,1625449482.0,64.0
24.63,1625449482.0,64.0
24.73,1625449482.0,64.0
24.45,1625449482.0,64.0
23.79,1625449482.0,64.0
22.73,1625449482.0,64.0
21.23,1625449482.0,64.0
19.34,1625449482.0,64.0
17.21,1625449482.0,64.0
15.07,1625449482.0,64.0
13.13,1625449482.0,64.0
11.5,1625449482.0,64.0
10.13,1625449482.0,64.0
8.8,1625449482.0,64.0
7.31,1625449482.0,64.0
5.51,1625449482.0,64.0
3.38,1625449482.0,64.0
1.03,1625449482.0,64.0
-1.43,1625449482.0,64.0
-3.95,1625449482.0,64.0
-6.56,1625449482.0,64.0
-9.4,1625449482.0,64.0
-12.56,1625449482.0,64.0
-16.04,1625449482.0,64.0
-19.71,1625449482.0,64.0
-23.33,1625449482.0,64.0
-26.59,1625449482.0,64.0
-29.18,1625449482.0,64.0
-30.82,1625449482.0,64.0
-31.3,1625449482.0,64.0
-30.48,1625449482.0,64.0
-28.35,1625449482.0,64.0
-25.07,1625449482.0,64.0
-20.91,1625449482.0,64.0
-16.27,1625449482.0,64.0
-11.51,1625449482.0,64.0
-6.97,1625449482.0,64.0
-2.83,1625449482.0,64.0
0.79,1625449482.0,64.0
3.88,1625449482.0,64.0
6.44,1625449482.0,64.0
8.5,1625449482.0,64.0
10.08,1625449482.0,64.0
11.3,1625449482.0,64.0
12.33,1625449482.0,64.0
13.35,1625449482.0,64.0
14.53,1625449482.0,64.0
15.91,1625449482.0,64.0
17.39,1625449482.0,64.0
18.71,1625449482.0,64.0
19.63,1625449482.0,64.0
19.98,1625449482.0,64.0
19.7,1625449482.0,64.0
18.86,1625449482.0,64.0
17.59,1625449482.0,64.0
16.03,1625449482.0,64.0
14.32,1625449482.0,64.0
12.59,1625449482.0,64.0
10.92,1625449482.0,64.0
9.38,1625449482.0,64.0
7.94,1625449482.0,64.0
6.45,1625449482.0,64.0
4.74,1625449482.0,64.0
2.69,1625449482.0,64.0
0.28,1625449482.0,64.0
-2.37,1625449482.0,64.0
-5.04,1625449482.0,64.0
-7.57,1625449482.0,64.0
-9.85,1625449482.0,64.0
-11.91,1625449482.0,64.0
-13.88,1625449482.0,64.0
-15.96,1625449482.0,64.0
-18.35,1625449482.0,64.0
-21.18,1625449482.0,64.0
-24.5,1625449482.0,64.0
-28.19,1625449482.0,64.0
-32.0,1625449482.0,64.0
-35.49,1625449482.0,64.0
-38.16,1625449482.0,64.0
-39.53,1625449482.0,64.0
-39.26,1625449482.0,64.0
-37.3,1625449482.0,64.0
-33.88,1625449482.0,64.0
-29.44,1625449482.0,64.0
-24.51,1625449482.0,64.0
-19.47,1625449482.0,64.0
-14.51,1625449482.0,64.0
-9.65,1625449482.0,64.0
-4.87,1625449482.0,64.0
-0.22,1625449482.0,64.0
4.13,1625449482.0,64.0
7.91,1625449482.0,64.0
10.89,1625449482.0,64.0
13.07,1625449482.0,64.0
14.63,1625449482.0,64.0
15.92,1625449482.0,64.0
17.27,1625449482.0,64.0
18.84,1625449482.0,64.0
20.56,1625449482.0,64.0
22.19,1625449482.0,64.0
23.44,1625449482.0,64.0
24.13,1625449482.0,64.0
24.25,1625449482.0,64.0
23.93,1625449482.0,64.0
23.33,1625449482.0,64.0
22.56,1625449482.0,64.0
21.6,1625449482.0,64.0
20.39,1625449482.0,64.0
18.85,1625449482.0,64.0
16.99,1625449482.0,64.0
14.96,1625449482.0,64.0
12.92,1625449482.0,64.0
11.0,1625449482.0,64.0
9.2,1625449482.0,64.0
7.37,1625449482.0,64.0
5.33,1625449482.0,64.0
2.92,1625449482.0,64.0
0.13,1625449482.0,64.0
-2.91,1625449482.0,64.0
-5.98,1625449482.0,64.0
-8.86,1625449482.0,64.0
-11.45,1625449482.0,64.0
-13.78,1625449482.0,64.0
-16.05,1625449482.0,64.0
-18.53,1625449482.0,64.0
-21.45,1625449482.0,64.0
-24.9,1625449482.0,64.0
-28.74,1625449482.0,64.0
-32.59,1625449482.0,64.0
-35.91,1625449482.0,64.0
-38.17,1625449482.0,64.0
-38.98,1625449482.0,64.0
-38.2,1625449482.0,64.0
-35.96,1625449482.0,64.0
-32.57,1625449482.0,64.0
-28.44,1625449482.0,64.0
-23.9,1625449482.0,64.0
-19.18,1625449482.0,64.0
-14.38,1625449482.0,64.0
-9.55,1625449482.0,64.0
-4.7,1625449482.0,64.0
0.08,1625449482.0,64.0
4.62,1625449482.0,64.0
8.7,1625449482.0,64.0
12.09,1625449482.0,64.0
14.74,1625449482.0,64.0
16.71,1625449482.0,64.0
18.25,1625449482.0,64.0
19.56,1625449482.0,64.0
20.82,1625449482.0,64.0
22.02,1625449482.0,64.0
23.04,1625449482.0,64.0
23.74,1625449482.0,64.0
24.07,1625449482.0,64.0
24.09,1625449482.0,64.0
23.91,1625449482.0,64.0
23.63,1625449482.0,64.0
23.23,1625449482.0,64.0
22.56,1625449482.0,64.0
21.46,1625449482.0,64.0
19.81,1625449482.0,64.0
17.68,1625449482.0,64.0
15.31,1625449482.0,64.0
12.98,1625449482.0,64.0
10.94,1625449482.0,64.0
9.27,1625449482.0,64.0
7.86,1625449482.0,64.0
6.5,1625449482.0,64.0
4.95,1625449482.0,64.0
3.05,1625449482.0,64.0
0.8,1625449482.0,64.0
-1.67,1625449482.0,64.0
-4.18,1625449482.0,64.0
-6.6,1625449482.0,64.0
-8.87,1625449482.0,64.0
-11.08,1625449482.0,64.0
-13.36,1625449482.0,64.0
-15.89,1625449482.0,64.0
-18.79,1625449482.0,64.0
-22.13,1625449482.0,64.0
-25.85,1625449482.0,64.0
-29.8,1625449482.0,64.0
-33.63,1625449482.0,64.0
-36.86,1625449482.0,64.0
-38.93,1625449482.0,64.0
-39.36,1625449482.0,64.0
-37.96,1625449482.0,64.0
-34.89,1625449482.0,64.0
-30.59,1625449482.0,64.0
-25.67,1625449482.0,64.0
-20.6,1625449482.0,64.0
-15.6,1625449482.0,64.0
-10.72,1625449482.0,64.0
-5.88,1625449482.0,64.0
-1.14,1625449482.0,64.0
3.32,1625449482.0,64.0
7.23,1625449482.0,64.0
10.41,1625449482.0,64.0
12.85,1625449482.0,64.0
14.74,1625449482.0,64.0
16.38,1625449482.0,64.0
18.05,1625449482.0,64.0
19.86,1625449482.0,64.0
21.78,1625449482.0,64.0
23.61,1625449482.0,64.0
25.14,1625449482.0,64.0
26.16,1625449482.0,64.0
26.6,1625449482.0,64.0
26.5,1625449482.0,64.0
25.99,1625449482.0,64.0
25.22,1625449482.0,64.0
24.32,1625449482.0,64.0
23.34,1625449482.0,64.0
22.25,1625449482.0,64.0
21.04,1625449482.0,64.0
19.67,1625449482.0,64.0
18.16,1625449482.0,64.0
16.59,1625449482.0,64.0
15.02,1625449482.0,64.0
13.44,1625449482.0,64.0
11.83,1625449482.0,64.0
10.11,1625449482.0,64.0
8.21,1625449482.0,64.0
6.1,1625449482.0,64.0
3.78,1625449482.0,64.0
1.31,1625449482.0,64.0
-1.25,1625449482.0,64.0
-3.85,1625449482.0,64.0
-6.46,1625449482.0,64.0
-9.05,1625449482.0,64.0
-11.66,1625449482.0,64.0
-14.36,1625449482.0,64.0
-17.25,1625449482.0,64.0
-20.42,1625449482.0,64.0
-23.93,1625449482.0,64.0
-27.66,1625449482.0,64.0
-31.33,1625449482.0,64.0
-34.51,1625449482.0,64.0
-36.72,1625449482.0,64.0
-37.55,1625449482.0,64.0
-36.81,1625449482.0,64.0
-34.58,1625449482.0,64.0
-31.2,1625449482.0,64.0
-27.07,1625449482.0,64.0
-22.63,1625449482.0,64.0
-18.12,1625449482.0,64.0
-13.63,1625449482.0,64.0
-9.14,1625449482.0,64.0
-4.64,1625449482.0,64.0
-0.22,1625449482.0,64.0
3.91,1625449482.0,64.0
7.49,1625449482.0,64.0
10.37,1625449482.0,64.0
12.53,1625449482.0,64.0
14.13,1625449482.0,64.0
15.44,1625449482.0,64.0
16.68,1625449482.0,64.0
17.93,1625449482.0,64.0
19.16,1625449482.0,64.0
20.21,1625449482.0,64.0
20.94,1625449482.0,64.0
21.32,1625449482.0,64.0
21.39,1625449482.0,64.0
21.26,1625449482.0,64.0
20.98,1625449482.0,64.0
20.52,1625449482.0,64.0
19.79,1625449482.0,64.0
18.71,1625449482.0,64.0
17.27,1625449482.0,64.0
15.62,1625449482.0,64.0
13.99,1625449482.0,64.0
12.54,1625449482.0,64.0
11.36,1625449482.0,64.0
10.32,1625449482.0,64.0
9.22,1625449482.0,64.0
7.82,1625449482.0,64.0
6.01,1625449482.0,64.0
3.86,1625449482.0,64.0
1.55,1625449482.0,64.0
-0.72,1625449482.0,64.0
-2.85,1625449482.0,64.0
-4.89,1625449482.0,64.0
-6.98,1625449482.0,64.0
-9.3,1625449482.0,64.0
-11.92,1625449482.0,64.0
-14.79,1625449482.0,64.0
-17.83,1625449482.0,64.0
-20.89,1625449482.0,64.0
-23.85,1625449482.0,64.0
-26.52,1625449482.0,64.0
-28.63,1625449482.0,64.0
-29.77,1625449482.0,64.0
-29.55,1625449482.0,64.0
-27.74,1625449482.0,64.0
-24.46,1625449482.0,64.0
-20.14,1625449482.0,64.0
-15.42,1625449482.0,64.0
-10.88,1625449482.0,64.0
-6.82,1625449482.0,64.0
-3.27,1625449482.0,64.0
-0.11,1625449482.0,64.0
2.8,1625449482.0,64.0
5.45,1625449482.0,64.0
7.75,1625449482.0,64.0
9.6,1625449482.0,64.0
10.99,1625449482.0,64.0
12.07,1625449482.0,64.0
13.03,1625449482.0,64.0
14.02,1625449482.0,64.0
15.07,1625449482.0,64.0
16.1,1625449482.0,64.0
16.95,1625449482.0,64.0
17.52,1625449482.0,64.0
17.76,1625449482.0,64.0
17.71,1625449482.0,64.0
17.45,1625449482.0,64.0
17.01,1625449482.0,64.0
16.42,1625449482.0,64.0
15.61,1625449482.0,64.0
14.52,1625449482.0,64.0
13.11,1625449482.0,64.0
11.37,1625449482.0,64.0
9.37,1625449482.0,64.0
7.21,1625449482.0,64.0
5.01,1625449482.0,64.0
2.89,1625449482.0,64.0
0.96,1625449482.0,64.0
-0.72,1625449482.0,64.0
-2.16,1625449482.0,64.0
-3.45,1625449482.0,64.0
-4.78,1625449482.0,64.0
-6.35,1625449482.0,64.0
-8.33,1625449482.0,64.0
-10.79,1625449482.0,64.0
-13.7,1625449482.0,64.0
-16.91,1625449482.0,64.0
-20.28,1625449482.0,64.0
-23.65,1625449482.0,64.0
-26.8,1625449482.0,64.0
-29.45,1625449482.0,64.0
-31.24,1625449482.0,64.0
-31.83,1625449482.0,64.0
-31.01,1625449482.0,64.0
-28.8,1625449482.0,64.0
-25.42,1625449482.0,64.0
-21.24,1625449482.0,64.0
-16.67,1625449482.0,64.0
-11.99,1625449482.0,64.0
-7.42,1625449482.0,64.0
-3.08,1625449482.0,64.0
0.89,1625449482.0,64.0
4.32,1625449482.0,64.0
7.03,1625449482.0,64.0
8.94,1625449482.0,64.0
10.1,1625449482.0,64.0
10.7,1625449482.0,64.0
11.03,1625449482.0,64.0
11.37,1625449482.0,64.0
11.87,1625449482.0,64.0
12.54,1625449482.0,64.0
13.27,1625449482.0,64.0
13.86,1625449482.0,64.0
14.21,1625449482.0,64.0
14.25,1625449482.0,64.0
14.05,1625449482.0,64.0
13.65,1625449482.0,64.0
13.09,1625449482.0,64.0
12.37,1625449482.0,64.0
11.46,1625449482.0,64.0
10.36,1625449482.0,64.0
9.1,1625449482.0,64.0
7.69,1625449482.0,64.0
6.14,1625449482.0,64.0
4.48,1625449482.0,64.0
2.75,1625449482.0,64.0
1.03,1625449482.0,64.0
-0.59,1625449482.0,64.0
-2.08,1625449482.0,64.0
-3.51,1625449482.0,64.0
-5.02,1625449482.0,64.0
-6.78,1625449482.0,64.0
-8.89,1625449482.0,64.0
-11.31,1625449482.0,64.0
-14.01,1625449482.0,64.0
-16.95,1625449482.0,64.0
-20.12,1625449482.0,64.0
-23.53,1625449482.0,64.0
-27.03,1625449482.0,64.0
-30.32,1625449482.0,64.0
-32.88,1625449482.0,64.0
-34.24,1625449482.0,64.0
-34.04,1625449482.0,64.0
-32.23,1625449482.0,64.0
-29.06,1625449482.0,64.0
-24.97,1625449482.0,64.0
-20.45,1625449482.0,64.0
-15.87,1625449482.0,64.0
-11.42,1625449482.0,64.0
-7.13,1625449482.0,64.0
-2.98,1625449482.0,64.0
1.0,1625449482.0,64.0
4.73,1625449482.0,64.0
8.05,1625449482.0,64.0
10.81,1625449482.0,64.0
12.96,1625449482.0,64.0
14.59,1625449482.0,64.0
15.93,1625449482.0,64.0
17.2,1625449482.0,64.0
18.53,1625449482.0,64.0
19.89,1625449482.0,64.0
21.11,1625449482.0,64.0
21.97,1625449482.0,64.0
22.34,1625449482.0,64.0
22.2,1625449482.0,64.0
21.64,1625449482.0,64.0
20.8,1625449482.0,64.0
19.8,1625449482.0,64.0
18.72,1625449482.0,64.0
17.59,1625449482.0,64.0
16.44,1625449482.0,64.0
15.26,1625449482.0,64.0
14.05,1625449482.0,64.0
12.72,1625449482.0,64.0
11.17,1625449482.0,64.0
9.32,1625449482.0,64.0
7.16,1625449482.0,64.0
4.79,1625449482.0,64.0
2.34,1625449482.0,64.0
-0.04,1625449482.0,64.0
-2.3,1625449482.0,64.0
-4.5,1625449482.0,64.0
-6.74,1625449482.0,64.0
-9.2,1625449482.0,64.0
-11.98,1625449482.0,64.0
-15.15,1625449482.0,64.0
-18.71,1625449482.0,64.0
-22.57,1625449482.0,64.0
-26.52,1625449482.0,64.0
-30.24,1625449482.0,64.0
-33.29,1625449482.0,64.0
-35.22,1625449482.0,64.0
-35.69,1625449482.0,64.0
-34.54,1625449482.0,64.0
-31.88,1625449482.0,64.0
-28.05,1625449482.0,64.0
-23.47,1625449482.0,64.0
-18.61,1625449482.0,64.0
-13.78,1625449482.0,64.0
-9.13,1625449482.0,64.0
-4.74,1625449482.0,64.0
-0.58,1625449482.0,64.0
3.28,1625449482.0,64.0
6.74,1625449482.0,64.0
9.67,1625449482.0,64.0
11.97,1625449482.0,64.0
13.68,1625449482.0,64.0
14.93,1625449482.0,64.0
15.98,1625449482.0,64.0
17.05,1625449482.0,64.0
18.24,1625449482.0,64.0
19.52,1625449482.0,64.0
20.75,1625449482.0,64.0
21.78,1625449482.0,64.0
22.51,1625449482.0,64.0
22.9,1625449482.0,64.0
22.96,1625449482.0,64.0
22.66,1625449482.0,64.0
21.94,1625449482.0,64.0
20.74,1625449482.0,64.0
19.08,1625449482.0,64.0
17.08,1625449482.0,64.0
14.91,1625449482.0,64.0
12.79,1625449482.0,64.0
10.82,1625449482.0,64.0
9.0,1625449482.0,64.0
7.22,1625449482.0,64.0
5.34,1625449482.0,64.0
3.29,1625449482.0,64.0
1.03,1625449482.0,64.0
-1.38,1625449482.0,64.0
-3.87,1625449482.0,64.0
-6.43,1625449482.0,64.0
-9.05,1625449482.0,64.0
-11.8,1625449482.0,64.0
-14.73,1625449482.0,64.0
-17.88,1625449482.0,64.0
-21.25,1625449482.0,64.0
-24.71,1625449482.0,64.0
-28.02,1625449482.0,64.0
-30.84,1625449482.0,64.0
-32.76,1625449482.0,64.0
-33.42,1625449482.0,64.0
-32.63,1625449482.0,64.0
-30.4,1625449482.0,64.0
-26.97,1625449482.0,64.0
-22.7,1625449482.0,64.0
-17.95,1625449482.0,64.0
-13.04,1625449482.0,64.0
-8.14,1625449482.0,64.0
-3.42,1625449482.0,64.0
1.02,1625449482.0,64.0
5.02,1625449482.0,64.0
8.41,1625449482.0,64.0
11.08,1625449482.0,64.0
13.04,1625449482.0,64.0
14.48,1625449482.0,64.0
15.7,1625449482.0,64.0
16.99,1625449482.0,64.0
18.5,1625449482.0,64.0
20.17,1625449482.0,64.0
21.74,1625449482.0,64.0
22.94,1625449482.0,64.0
23.56,1625449482.0,64.0
23.61,1625449482.0,64.0
23.29,1625449482.0,64.0
22.84,1625449482.0,64.0
22.43,1625449482.0,64.0
22.04,1625449482.0,64.0
21.49,1625449482.0,64.0
20.57,1625449482.0,64.0
19.14,1625449482.0,64.0
17.22,1625449482.0,64.0
14.97,1625449482.0,64.0
12.59,1625449482.0,64.0
10.23,1625449482.0,64.0
7.97,1625449482.0,64.0
5.78,1625449482.0,64.0
3.59,1625449482.0,64.0
1.3,1625449482.0,64.0
-1.12,1625449482.0,64.0
-3.72,1625449482.0,64.0
-6.47,1625449482.0,64.0
-9.37,1625449482.0,64.0
-12.4,1625449482.0,64.0
-15.56,1625449482.0,64.0
-18.86,1625449482.0,64.0
-22.34,1625449482.0,64.0
-25.98,1625449482.0,64.0
-29.65,1625449482.0,64.0
-33.06,1625449482.0,64.0
-35.74,1625449482.0,64.0
-37.16,1625449482.0,64.0
-36.92,1625449482.0,64.0
-34.91,1625449482.0,64.0
-31.34,1625449482.0,64.0
-26.7,1625449482.0,64.0
-21.5,1625449482.0,64.0
-16.15,1625449482.0,64.0
-10.83,1625449482.0,64.0
-5.63,1625449482.0,64.0
-0.61,1625449482.0,64.0
4.03,1625449482.0,64.0
8.05,1625449482.0,64.0
11.21,1625449482.0,64.0
13.49,1625449482.0,64.0
15.04,1625449482.0,64.0
16.19,1625449482.0,64.0
17.22,1625449482.0,64.0
18.29,1625449482.0,64.0
19.43,1625449482.0,64.0
20.6,1625449482.0,64.0
21.75,1625449482.0,64.0
22.83,1625449482.0,64.0
23.82,1625449482.0,64.0
24.66,1625449482.0,64.0
25.2,1625449482.0,64.0
25.27,1625449482.0,64.0
24.76,1625449482.0,64.0
23.67,1625449482.0,64.0
22.11,1625449482.0,64.0
20.31,1625449482.0,64.0
18.44,1625449482.0,64.0
16.63,1625449482.0,64.0
14.93,1625449482.0,64.0
13.33,1625449482.0,64.0
11.78,1625449482.0,64.0
10.19,1625449482.0,64.0
8.51,1625449482.0,64.0
6.63,1625449482.0,64.0
4.47,1625449482.0,64.0
1.96,1625449482.0,64.0
-0.9,1625449482.0,64.0
-4.11,1625449482.0,64.0
-7.58,1625449482.0,64.0
-11.22,1625449482.0,64.0
-14.98,1625449482.0,64.0
-18.83,1625449482.0,64.0
-22.76,1625449482.0,64.0
-26.66,1625449482.0,64.0
-30.35,1625449482.0,64.0
-33.45,1625449482.0,64.0
-35.57,1625449482.0,64.0
-36.31,1625449482.0,64.0
-35.49,1625449482.0,64.0
-33.14,1625449482.0,64.0
-29.51,1625449482.0,64.0
-24.96,1625449482.0,64.0
-19.89,1625449482.0,64.0
-14.59,1625449482.0,64.0
-9.3,1625449482.0,64.0
-4.18,1625449482.0,64.0
0.58,1625449482.0,64.0
4.83,1625449482.0,64.0
8.45,1625449482.0,64.0
11.39,1625449482.0,64.0
13.7,1625449482.0,64.0
15.53,1625449482.0,64.0
17.01,1625449482.0,64.0
18.29,1625449482.0,64.0
19.48,1625449482.0,64.0
20.61,1625449482.0,64.0
21.65,1625449482.0,64.0
22.55,1625449482.0,64.0
23.22,1625449482.0,64.0
23.6,1625449482.0,64.0
23.65,1625449482.0,64.0
23.35,1625449482.0,64.0
22.7,1625449482.0,64.0
21.74,1625449482.0,64.0
20.5,1625449482.0,64.0
19.04,1625449482.0,64.0
17.39,1625449482.0,64.0
15.62,1625449482.0,64.0
13.79,1625449482.0,64.0
11.95,1625449482.0,64.0
10.1,1625449482.0,64.0
8.23,1625449482.0,64.0
6.3,1625449482.0,64.0
4.25,1625449482.0,64.0
2.0,1625449482.0,64.0
-0.46,1625449482.0,64.0
-3.12,1625449482.0,64.0
-5.92,1625449482.0,64.0
-8.8,1625449482.0,64.0
-11.73,1625449482.0,64.0
-14.79,1625449482.0,64.0
-18.05,1625449482.0,64.0
-21.51,1625449482.0,64.0
-25.02,1625449482.0,64.0
-28.22,1625449482.0,64.0
-30.63,1625449482.0,64.0
-31.75,1625449482.0,64.0
-31.29,1625449482.0,64.0
-29.21,1625449482.0,64.0
-25.76,1625449482.0,64.0
-21.39,1625449482.0,64.0
-16.52,1625449482.0,64.0
-11.5,1625449482.0,64.0
-6.51,1625449482.0,64.0
-1.64,1625449482.0,64.0
2.95,1625449482.0,64.0
7.07,1625449482.0,64.0
10.43,1625449482.0,64.0
12.81,1625449482.0,64.0
14.18,1625449482.0,64.0
14.79,1625449482.0,64.0
15.06,1625449482.0,64.0
15.44,1625449482.0,64.0
16.18,1625449482.0,64.0
17.27,1625449482.0,64.0
18.49,1625449482.0,64.0
19.51,1625449482.0,64.0
20.08,1625449482.0,64.0
20.08,1625449482.0,64.0
19.53,1625449482.0,64.0
18.55,1625449482.0,64.0
17.28,1625449482.0,64.0
15.82,1625449482.0,64.0
14.23,1625449482.0,64.0
12.51,1625449482.0,64.0
10.64,1625449482.0,64.0
8.57,1625449482.0,64.0
6.31,1625449482.0,64.0
3.96,1625449482.0,64.0
1.66,1625449482.0,64.0
-0.45,1625449482.0,64.0
-2.3,1625449482.0,64.0
-3.96,1625449482.0,64.0
-5.61,1625449482.0,64.0
-7.56,1625449482.0,64.0
-10.05,1625449482.0,64.0
-13.19,1625449482.0,64.0
-16.93,1625449482.0,64.0
-21.03,1625449482.0,64.0
-25.17,1625449482.0,64.0
-29.03,1625449482.0,64.0
-32.27,1625449482.0,64.0
-34.58,1625449482.0,64.0
-35.68,1625449482.0,64.0
-35.35,1625449482.0,64.0
-33.5,1625449482.0,64.0
-30.27,1625449482.0,64.0
-25.98,1625449482.0,64.0
-21.06,1625449482.0,64.0
-15.92,1625449482.0,64.0
-10.79,1625449482.0,64.0
-5.79,1625449482.0,64.0
-0.96,1625449482.0,64.0
3.59,1625449482.0,64.0
7.63,1625449482.0,64.0
10.95,1625449482.0,64.0
13.44,1625449482.0,64.0
15.21,1625449482.0,64.0
16.57,1625449482.0,64.0
17.87,1625449482.0,64.0
19.34,1625449482.0,64.0
20.98,1625449482.0,64.0
22.58,1625449482.0,64.0
23.83,1625449482.0,64.0
24.5,1625449482.0,64.0
24.5,1625449482.0,64.0
23.89,1625449482.0,64.0
22.86,1625449482.0,64.0
21.56,1625449482.0,64.0
20.1,1625449482.0,64.0
18.48,1625449482.0,64.0
16.68,1625449482.0,64.0
14.65,1625449482.0,64.0
12.41,1625449482.0,64.0
10.01,1625449482.0,64.0
7.52,1625449482.0,64.0
4.99,1625449482.0,64.0
2.41,1625449482.0,64.0
-0.26,1625449482.0,64.0
-3.09,1625449482.0,64.0
-6.06,1625449482.0,64.0
-9.11,1625449482.0,64.0
-12.19,1625449482.0,64.0
-15.32,1625449482.0,64.0
-18.58,1625449482.0,64.0
-22.13,1625449482.0,64.0
-26.07,1625449482.0,64.0
-30.35,1625449482.0,64.0
-34.69,1625449482.0,64.0
-38.6,1625449482.0,64.0
-41.52,1625449482.0,64.0
-42.98,1625449482.0,64.0
-42.75,1625449482.0,64.0
-40.91,1625449482.0,64.0
-37.74,1625449482.0,64.0
-33.6,1625449482.0,64.0
-28.77,1625449482.0,64.0
-23.36,1625449482.0,64.0
-17.41,1625449482.0,64.0
-10.97,1625449482.0,64.0
-4.23,1625449482.0,64.0
2.37,1625449482.0,64.0
8.36,1625449482.0,64.0
13.28,1625449482.0,64.0
16.97,1625449482.0,64.0
19.54,1625449482.0,64.0
21.37,1625449482.0,64.0
22.89,1625449482.0,64.0
24.46,1625449482.0,64.0
26.19,1625449482.0,64.0
28.01,1625449482.0,64.0
29.7,1625449482.0,64.0
31.03,1625449482.0,64.0
31.82,1625449482.0,64.0
31.99,1625449482.0,64.0
31.56,1625449482.0,64.0
30.61,1625449482.0,64.0
29.25,1625449482.0,64.0
27.6,1625449482.0,64.0
25.74,1625449482.0,64.0
23.73,1625449482.0,64.0
21.58,1625449482.0,64.0
19.29,1625449482.0,64.0
16.85,1625449482.0,64.0
14.26,1625449482.0,64.0
11.53,1625449482.0,64.0
8.64,1625449482.0,64.0
5.59,1625449482.0,64.0
2.35,1625449482.0,64.0
-1.06,1625449482.0,64.0
-4.61,1625449482.0,64.0
-8.24,1625449482.0,64.0
-11.91,1625449482.0,64.0
-15.65,1625449482.0,64.0
-19.53,1625449482.0,64.0
-23.62,1625449482.0,64.0
-27.99,1625449482.0,64.0
-32.52,1625449482.0,64.0
-36.95,1625449482.0,64.0
-40.83,1625449482.0,64.0
-43.6,1625449482.0,64.0
-44.72,1625449482.0,64.0
-43.89,1625449482.0,64.0
-41.12,1625449482.0,64.0
-36.73,1625449482.0,64.0
-31.27,1625449482.0,64.0
-25.26,1625449482.0,64.0
-19.07,1625449482.0,64.0
-12.81,1625449482.0,64.0
-6.5,1625449482.0,64.0
-0.15,1625449482.0,64.0
6.03,1625449482.0,64.0
11.69,1625449482.0,64.0
16.45,1625449482.0,64.0
20.13,1625449482.0,64.0
22.79,1625449482.0,64.0
24.77,1625449482.0,64.0
26.44,1625449482.0,64.0
28.08,1625449482.0,64.0
29.76,1625449482.0,64.0
31.32,1625449482.0,64.0
32.57,1625449482.0,64.0
33.36,1625449482.0,64.0
33.7,1625449482.0,64.0
33.7,1625449482.0,64.0
33.48,1625449482.0,64.0
33.09,1625449482.0,64.0
32.46,1625449482.0,64.0
31.5,1625449482.0,64.0
30.15,1625449482.0,64.0
28.44,1625449482.0,64.0
26.48,1625449482.0,64.0
24.36,1625449482.0,64.0
22.14,1625449482.0,64.0
19.78,1625449482.0,64.0
17.22,1625449482.0,64.0
14.39,1625449482.0,64.0
11.29,1625449482.0,64.0
7.97,1625449482.0,64.0
4.53,1625449482.0,64.0
1.09,1625449482.0,64.0
-2.29,1625449482.0,64.0
-5.58,1625449482.0,64.0
-8.81,1625449482.0,64.0
-12.04,1625449482.0,64.0
-15.35,1625449482.0,64.0
-18.84,1625449482.0,64.0
-22.64,1625449482.0,64.0
-26.87,1625449482.0,64.0
-31.53,1625449482.0,64.0
-36.53,1625449482.0,64.0
-41.56,1625449482.0,64.0
-46.11,1625449482.0,64.0
-49.6,1625449482.0,64.0
-51.46,1625449482.0,64.0
-51.34,1625449482.0,64.0
-49.18,1625449482.0,64.0
-45.23,1625449482.0,64.0
-39.89,1625449482.0,64.0
-33.64,1625449482.0,64.0
-26.85,1625449482.0,64.0
-19.76,1625449482.0,64.0
-12.52,1625449482.0,64.0
-5.28,1625449482.0,64.0
1.74,1625449482.0,64.0
8.22,1625449482.0,64.0
13.84,1625449482.0,64.0
18.37,1625449482.0,64.0
21.78,1625449482.0,64.0
24.25,1625449482.0,64.0
26.17,1625449482.0,64.0
27.88,1625449482.0,64.0
29.66,1625449482.0,64.0
31.56,1625449482.0,64.0
33.46,1625449482.0,64.0
35.14,1625449482.0,64.0
36.4,1625449482.0,64.0
37.13,1625449482.0,64.0
37.33,1625449482.0,64.0
37.05,1625449482.0,64.0
36.37,1625449482.0,64.0
35.27,1625449482.0,64.0
33.74,1625449482.0,64.0
31.77,1625449482.0,64.0
29.43,1625449482.0,64.0
26.88,1625449482.0,64.0
24.33,1625449482.0,64.0
21.95,1625449482.0,64.0
19.77,1625449482.0,64.0
17.7,1625449482.0,64.0
15.59,1625449482.0,64.0
13.23,1625449482.0,64.0
10.54,1625449482.0,64.0
7.52,1625449482.0,64.0
4.3,1625449482.0,64.0
1.03,1625449482.0,64.0
-2.18,1625449482.0,64.0
-5.32,1625449482.0,64.0
-8.44,1625449482.0,64.0
-11.65,1625449482.0,64.0
-15.04,1625449482.0,64.0
-18.73,1625449482.0,64.0
-22.78,1625449482.0,64.0
-27.2,1625449482.0,64.0
-31.95,1625449482.0,64.0
-36.75,1625449482.0,64.0
-41.21,1625449482.0,64.0
-44.75,1625449482.0,64.0
-46.84,1625449482.0,64.0
-47.11,1625449482.0,64.0
-45.44,1625449482.0,64.0
-42.04,1625449482.0,64.0
-37.32,1625449482.0,64.0
-31.75,1625449482.0,64.0
-25.71,1625449482.0,64.0
-19.44,1625449482.0,64.0
-13.07,1625449482.0,64.0
-6.67,1625449482.0,64.0
-0.4,1625449482.0,64.0
5.49,1625449482.0,64.0
10.68,1625449482.0,64.0
14.93,1625449482.0,64.0
18.12,1625449482.0,64.0
20.38,1625449482.0,64.0
22.01,1625449482.0,64.0
23.41,1625449482.0,64.0
24.86,1625449482.0,64.0
26.48,1625449482.0,64.0
28.18,1625449482.0,64.0
29.76,1625449482.0,64.0
31.04,1625449482.0,64.0
31.93,1625449482.0,64.0
32.48,1625449482.0,64.0
32.73,1625449482.0,64.0
32.69,1625449482.0,64.0
32.3,1625449482.0,64.0
31.42,1625449482.0,64.0
29.99,1625449482.0,64.0
28.06,1625449482.0,64.0
25.8,1625449482.0,64.0
23.45,1625449482.0,64.0
21.23,1625449482.0,64.0
19.28,1625449482.0,64.0
17.56,1625449482.0,64.0
15.93,1625449482.0,64.0
14.19,1625449482.0,64.0
12.17,1625449482.0,64.0
9.8,1625449482.0,64.0
7.12,1625449482.0,64.0
4.26,1625449482.0,64.0
1.36,1625449482.0,64.0
-1.49,1625449482.0,64.0
-4.33,1625449482.0,64.0
-7.25,1625449482.0,64.0
-10.38,1625449482.0,64.0
-13.8,1625449482.0,64.0
-17.5,1625449482.0,64.0
-21.44,1625449482.0,64.0
-25.58,1625449482.0,64.0
-29.87,1625449482.0,64.0
-34.26,1625449482.0,64.0
-38.56,1625449482.0,64.0
-42.37,1625449482.0,64.0
-45.18,1625449482.0,64.0
-46.48,1625449482.0,64.0
-45.95,1625449482.0,64.0
-43.56,1625449482.0,64.0
-39.59,1625449482.0,64.0
-34.51,1625449482.0,64.0
-28.78,1625449482.0,64.0
-22.8,1625449482.0,64.0
-16.74,1625449482.0,64.0
-10.72,1625449482.0,64.0
-4.85,1625449482.0,64.0
0.68,1625449482.0,64.0
5.66,1625449482.0,64.0
9.87,1625449482.0,64.0
13.21,1625449482.0,64.0
15.73,1625449482.0,64.0
17.61,1625449482.0,64.0
19.1,1625449482.0,64.0
20.41,1625449482.0,64.0
21.64,1625449482.0,64.0
22.79,1625449482.0,64.0
23.77,1625449482.0,64.0
24.51,1625449482.0,64.0
25.0,1625449482.0,64.0
25.29,1625449482.0,64.0
25.48,1625449482.0,64.0
25.53,1625449482.0,64.0
25.35,1625449482.0,64.0
24.76,1625449482.0,64.0
23.65,1625449482.0,64.0
22.01,1625449482.0,64.0
19.99,1625449482.0,64.0
17.88,1625449482.0,64.0
15.9,1625449482.0,64.0
14.17,1625449482.0,64.0
12.61,1625449482.0,64.0
11.06,1625449482.0,64.0
9.3,1625449482.0,64.0
7.21,1625449482.0,64.0
4.77,1625449482.0,64.0
2.08,1625449482.0,64.0
-0.73,1625449482.0,64.0
-3.54,1625449482.0,64.0
-6.24,1625449482.0,64.0
-8.82,1625449482.0,64.0
-11.3,1625449482.0,64.0
-13.82,1625449482.0,64.0
-16.54,1625449482.0,64.0
-19.62,1625449482.0,64.0
-23.09,1625449482.0,64.0
-26.81,1625449482.0,64.0
-30.46,1625449482.0,64.0
-33.55,1625449482.0,64.0
-35.61,1625449482.0,64.0
-36.22,1625449482.0,64.0
-35.22,1625449482.0,64.0
-32.64,1625449482.0,64.0
-28.72,1625449482.0,64.0
-23.83,1625449482.0,64.0
-18.38,1625449482.0,64.0
-12.75,1625449482.0,64.0
-7.24,1625449482.0,64.0
-2.08,1625449482.0,64.0
2.52,1625449482.0,64.0
6.4,1625449482.0,64.0
9.46,1625449482.0,64.0
11.7,1625449482.0,64.0
13.24,1625449482.0,64.0
14.36,1625449482.0,64.0
15.34,1625449482.0,64.0
16.37,1625449482.0,64.0
17.5,1625449482.0,64.0
18.6,1625449482.0,64.0
19.52,1625449482.0,64.0
20.15,1625449482.0,64.0
20.49,1625449482.0,64.0
20.6,1625449482.0,64.0
20.54,1625449482.0,64.0
20.28,1625449482.0,64.0
19.71,1625449482.0,64.0
18.67,1625449482.0,64.0
17.11,1625449482.0,64.0
15.11,1625449482.0,64.0
12.85,1625449482.0,64.0
10.54,1625449482.0,64.0
8.34,1625449482.0,64.0
6.27,1625449482.0,64.0
4.26,1625449482.0,64.0
2.22,1625449482.0,64.0
0.06,1625449482.0,64.0
-2.22,1625449482.0,64.0
-4.55,1625449482.0,64.0
-6.86,1625449482.0,64.0
-9.09,1625449482.0,64.0
-11.28,1625449482.0,64.0
-13.52,1625449482.0,64.0
-15.96,1625449482.0,64.0
-18.75,1625449482.0,64.0
-22.0,1625449482.0,64.0
-25.7,1625449482.0,64.0
-29.75,1625449482.0,64.0
-33.88,1625449482.0,64.0
-37.67,1625449482.0,64.0
-40.64,1625449482.0,64.0
-42.27,1625449482.0,64.0
-42.2,1625449482.0,64.0
-40.32,1625449482.0,64.0
-36.82,1625449482.0,64.0
-32.13,1625449482.0,64.0
-26.77,1625449482.0,64.0
-21.18,1625449482.0,64.0
-15.62,1625449482.0,64.0
-10.21,1625449482.0,64.0
-4.99,1625449482.0,64.0
-0.09,1625449482.0,64.0
4.27,1625449482.0,64.0
7.89,1625449482.0,64.0
10.65,1625449482.0,64.0
12.66,1625449482.0,64.0
14.17,1625449482.0,64.0
15.51,1625449482.0,64.0
16.89,1625449482.0,64.0
18.41,1625449482.0,64.0
19.96,1625449482.0,64.0
21.38,1625449482.0,64.0
22.54,1625449482.0,64.0
23.33,1625449482.0,64.0
23.72,1625449482.0,64.0
23.7,1625449482.0,64.0
23.25,1625449482.0,64.0
22.35,1625449482.0,64.0
21.0,1625449482.0,64.0
19.3,1625449482.0,64.0
17.4,1625449482.0,64.0
15.45,1625449482.0,64.0
13.56,1625449482.0,64.0
11.74,1625449482.0,64.0
9.88,1625449482.0,64.0
7.86,1625449482.0,64.0
5.62,1625449482.0,64.0
3.16,1625449482.0,64.0
0.56,1625449482.0,64.0
-2.08,1625449482.0,64.0
-4.71,1625449482.0,64.0
-7.32,1625449482.0,64.0
-9.95,1625449482.0,64.0
-12.67,1625449482.0,64.0
-15.56,1625449482.0,64.0
-18.7,1625449482.0,64.0
-22.22,1625449482.0,64.0
-26.2,1625449482.0,64.0
-30.59,1625449482.0,64.0
-35.13,1625449482.0,64.0
-39.32,1625449482.0,64.0
-42.52,1625449482.0,64.0
-44.12,1625449482.0,64.0
-43.78,1625449482.0,64.0
-41.47,1625449482.0,64.0
-37.48,1625449482.0,64.0
-32.32,1625449482.0,64.0
-26.49,1625449482.0,64.0
-20.41,1625449482.0,64.0
-14.33,1625449482.0,64.0
-8.41,1625449482.0,64.0
-2.75,1625449482.0,64.0
2.5,1625449482.0,64.0
7.17,1625449482.0,64.0
11.15,1625449482.0,64.0
14.39,1625449482.0,64.0
16.95,1625449482.0,64.0
18.99,1625449482.0,64.0
20.69,1625449482.0,64.0
22.2,1625449482.0,64.0
23.63,1625449482.0,64.0
25.01,1625449482.0,64.0
26.29,1625449482.0,64.0
27.38,1625449482.0,64.0
28.18,1625449482.0,64.0
28.57,1625449482.0,64.0
28.47,1625449482.0,64.0
27.81,1625449482.0,64.0
26.59,1625449482.0,64.0
24.86,1625449482.0,64.0
22.73,1625449482.0,64.0
20.32,1625449482.0,64.0
17.77,1625449482.0,64.0
15.22,1625449482.0,64.0
12.78,1625449482.0,64.0
10.49,1625449482.0,64.0
8.32,1625449482.0,64.0
6.16,1625449482.0,64.0
3.87,1625449482.0,64.0
1.37,1625449482.0,64.0
-1.34,1625449482.0,64.0
-4.18,1625449482.0,64.0
-7.03,1625449482.0,64.0
-9.88,1625449482.0,64.0
-12.8,1625449482.0,64.0
-15.99,1625449482.0,64.0
-19.64,1625449482.0,64.0
-23.86,1625449482.0,64.0
-28.54,1625449482.0,64.0
-33.33,1625449482.0,64.0
-37.75,1625449482.0,64.0
-41.26,1625449482.0,64.0
-43.43,1625449482.0,64.0
-43.96,1625449482.0,64.0
-42.77,1625449482.0,64.0
-39.98,1625449482.0,64.0
-35.84,1625449482.0,64.0
-30.66,1625449482.0,64.0
-24.77,1625449482.0,64.0
-18.42,1625449482.0,64.0
-11.86,1625449482.0,64.0
-5.38,1625449482.0,64.0
0.66,1625449482.0,64.0
5.82,1625449482.0,64.0
9.77,1625449482.0,64.0
12.45,1625449482.0,64.0
14.21,1625449482.0,64.0
15.7,1625449482.0,64.0
17.57,1625449482.0,64.0
20.17,1625449482.0,64.0
23.32,1625449482.0,64.0
26.43,1625449482.0,64.0
28.76,1625449482.0,64.0
29.91,1625449482.0,64.0
30.05,1625449482.0,64.0
29.84,1625449482.0,64.0
30.11,1625449482.0,64.0
31.41,1625449482.0,64.0
33.64,1625449482.0,64.0
36.18,1625449482.0,64.0
38.07,1625449482.0,64.0
38.48,1625449482.0,64.0
37.02,1625449482.0,64.0
33.84,1625449482.0,64.0
29.72,1625449482.0,64.0
25.87,1625449482.0,64.0
23.91,1625449482.0,64.0
25.56,1625449482.0,64.0
32.23,1625449482.0,64.0
44.44,1625449482.0,64.0
61.2,1625449482.0,64.0
79.92,1625449482.0,64.0
96.93,1625449482.0,64.0
108.7,1625449482.0,64.0
113.09,1625449482.0,64.0
110.07,1625449482.0,64.0
101.46,1625449482.0,64.0
89.83,1625449482.0,64.0
77.24,1625449482.0,64.0
64.5,1625449482.0,64.0
51.38,1625449482.0,64.0
37.39,1625449482.0,64.0
22.69,1625449482.0,64.0
8.34,1625449482.0,64.0
-4.26,1625449482.0,64.0
-14.2,1625449482.0,64.0
-21.74,1625449482.0,64.0
-28.28,1625449482.0,64.0
-35.59,1625449482.0,64.0
-44.87,1625449482.0,64.0
-56.18,1625449482.0,64.0
-68.39,1625449482.0,64.0
-79.84,1625449482.0,64.0
-89.01,1625449482.0,64.0
-95.16,1625449482.0,64.0
-98.42,1625449482.0,64.0
-99.51,1625449482.0,64.0
-99.26,1625449482.0,64.0
-98.15,1625449482.0,64.0
-96.2,1625449482.0,64.0
-93.1,1625449482.0,64.0
-88.5,1625449482.0,64.0
-82.35,1625449482.0,64.0
-75.0,1625449482.0,64.0
-67.15,1625449482.0,64.0
-59.53,1625449482.0,64.0
-52.7,1625449482.0,64.0
-46.87,1625449482.0,64.0
-41.93,1625449482.0,64.0
-37.62,1625449482.0,64.0
-33.66,1625449482.0,64.0
-29.92,1625449482.0,64.0
-26.36,1625449482.0,64.0
-23.08,1625449482.0,64.0
-20.15,1625449482.0,64.0
-17.66,1625449482.0,64.0
-15.63,1625449482.0,64.0
-14.03,1625449482.0,64.0
-12.76,1625449482.0,64.0
-11.71,1625449482.0,64.0
-10.8,1625449482.0,64.0
-10.07,1625449482.0,64.0
-9.64,1625449482.0,64.0
-9.69,1625449482.0,64.0
-10.31,1625449482.0,64.0
-11.49,1625449482.0,64.0
-13.06,1625449482.0,64.0
-14.84,1625449482.0,64.0
-16.77,1625449482.0,64.0
-18.94,1625449482.0,64.0
-21.54,1625449482.0,64.0
-24.71,1625449482.0,64.0
-28.3,1625449482.0,64.0
-31.88,1625449482.0,64.0
-34.75,1625449482.0,64.0
-36.18,1625449482.0,64.0
-35.67,1625449482.0,64.0
-33.12,1625449482.0,64.0
-28.83,1625449482.0,64.0
-23.35,1625449482.0,64.0
-17.27,1625449482.0,64.0
-11.07,1625449482.0,64.0
-4.98,1625449482.0,64.0
0.92,1625449482.0,64.0
6.62,1625449482.0,64.0
12.05,1625449482.0,64.0
17.03,1625449482.0,64.0
21.32,1625449482.0,64.0
24.72,1625449482.0,64.0
27.19,1625449482.0,64.0
28.88,1625449482.0,64.0
30.12,1625449482.0,64.0
31.29,1625449482.0,64.0
32.63,1625449482.0,64.0
34.2,1625449482.0,64.0
35.83,1625449482.0,64.0
37.26,1625449482.0,64.0
38.22,1625449482.0,64.0
38.57,1625449482.0,64.0
38.34,1625449482.0,64.0
37.66,1625449482.0,64.0
36.73,1625449482.0,64.0
35.67,1625449482.0,64.0
34.56,1625449482.0,64.0
33.35,1625449482.0,64.0
31.97,1625449482.0,64.0
30.34,1625449482.0,64.0
28.4,1625449482.0,64.0
26.15,1625449482.0,64.0
23.68,1625449482.0,64.0
21.08,1625449482.0,64.0
18.41,1625449482.0,64.0
15.72,1625449482.0,64.0
12.96,1625449482.0,64.0
10.05,1625449482.0,64.0
6.95,1625449482.0,64.0
3.67,1625449482.0,64.0
0.19,1625449482.0,64.0
-3.5,1625449482.0,64.0
-7.48,1625449482.0,64.0
-11.8,1625449482.0,64.0
-16.43,1625449482.0,64.0
-21.14,1625449482.0,64.0
-25.51,1625449482.0,64.0
-28.95,1625449482.0,64.0
-30.96,1625449482.0,64.0
-31.2,1625449482.0,64.0
-29.69,1625449482.0,64.0
-26.67,1625449482.0,64.0
-22.59,1625449482.0,64.0
-17.9,1625449482.0,64.0
-12.92,1625449482.0,64.0
-7.84,1625449482.0,64.0
-2.74,1625449482.0,64.0
2.25,1625449482.0,64.0
6.95,1625449482.0,64.0
11.06,1625449482.0,64.0
14.37,1625449482.0,64.0
16.83,1625449482.0,64.0
18.65,1625449482.0,64.0
20.2,1625449482.0,64.0
21.89,1625449482.0,64.0
23.88,1625449482.0,64.0
26.04,1625449482.0,64.0
28.03,1625449482.0,64.0
29.48,1625449482.0,64.0
30.19,1625449482.0,64.0
30.18,1625449482.0,64.0
29.64,1625449482.0,64.0
28.79,1625449482.0,64.0
27.71,1625449482.0,64.0
26.43,1625449482.0,64.0
24.91,1625449482.0,64.0
23.15,1625449482.0,64.0
21.23,1625449482.0,64.0
19.2,1625449482.0,64.0
17.11,1625449482.0,64.0
14.92,1625449482.0,64.0
12.55,1625449482.0,64.0
9.91,1625449482.0,64.0
6.98,1625449482.0,64.0
3.79,1625449482.0,64.0
0.43,1625449482.0,64.0
-3.0,1625449482.0,64.0
-6.44,1625449482.0,64.0
-9.88,1625449482.0,64.0
-13.41,1625449482.0,64.0
-17.14,1625449482.0,64.0
-21.21,1625449482.0,64.0
-25.65,1625449482.0,64.0
-30.36,1625449482.0,64.0
-34.96,1625449482.0,64.0
-38.96,1625449482.0,64.0
-41.78,1625449482.0,64.0
-42.96,1625449482.0,64.0
-42.28,1625449482.0,64.0
-39.77,1625449482.0,64.0
-35.71,1625449482.0,64.0
-30.49,1625449482.0,64.0
-24.51,1625449482.0,64.0
-18.08,1625449482.0,64.0
-11.41,1625449482.0,64.0
-4.7,1625449482.0,64.0
1.83,1625449482.0,64.0
7.87,1625449482.0,64.0
13.09,1625449482.0,64.0
17.22,1625449482.0,64.0
20.16,1625449482.0,64.0
22.01,1625449482.0,64.0
23.09,1625449482.0,64.0
23.79,1625449482.0,64.0
24.45,1625449482.0,64.0
25.32,1625449482.0,64.0
26.44,1625449482.0,64.0
27.73,1625449482.0,64.0
29.05,1625449482.0,64.0
30.26,1625449482.0,64.0
31.24,1625449482.0,64.0
31.88,1625449482.0,64.0
32.07,1625449482.0,64.0
31.72,1625449482.0,64.0
30.79,1625449482.0,64.0
29.26,1625449482.0,64.0
27.17,1625449482.0,64.0
24.6,1625449482.0,64.0
21.66,1625449482.0,64.0
18.45,1625449482.0,64.0
15.06,1625449482.0,64.0
11.6,1625449482.0,64.0
8.11,1625449482.0,64.0
4.63,1625449482.0,64.0
1.14,1625449482.0,64.0
-2.39,1625449482.0,64.0
-5.97,1625449482.0,64.0
-9.56,1625449482.0,64.0
-13.09,1625449482.0,64.0
-16.55,1625449482.0,64.0
-20.02,1625449482.0,64.0
-23.67,1625449482.0,64.0
-27.68,1625449482.0,64.0
-32.06,1625449482.0,64.0
-36.59,1625449482.0,64.0
-40.7,1625449482.0,64.0
-43.71,1625449482.0,64.0
-45.01,1625449482.0,64.0
-44.28,1625449482.0,64.0
-41.58,1625449482.0,64.0
-37.33,1625449482.0,64.0
-32.06,1625449482.0,64.0
-26.26,1625449482.0,64.0
-20.19,1625449482.0,64.0
-13.94,1625449482.0,64.0
-7.55,1625449482.0,64.0
-1.11,1625449482.0,64.0
5.1,1625449482.0,64.0
10.72,1625449482.0,64.0
15.43,1625449482.0,64.0
19.09,1625449482.0,64.0
21.82,1625449482.0,64.0
23.92,1625449482.0,64.0
25.73,1625449482.0,64.0
27.49,1625449482.0,64.0
29.22,1625449482.0,64.0
30.79,1625449482.0,64.0
32.05,1625449482.0,64.0
32.92,1625449482.0,64.0
33.45,1625449482.0,64.0
33.76,1625449482.0,64.0
33.91,1625449482.0,64.0
33.85,1625449482.0,64.0
33.36,1625449482.0,64.0
32.2,1625449482.0,64.0
30.26,1625449482.0,64.0
27.6,1625449482.0,64.0
24.49,1625449482.0,64.0
21.26,1625449482.0,64.0
18.23,1625449482.0,64.0
15.51,1625449482.0,64.0
13.06,1625449482.0,64.0
10.7,1625449482.0,64.0
8.23,1625449482.0,64.0
5.51,1625449482.0,64.0
2.52,1625449482.0,64.0
-0.69,1625449482.0,64.0
-3.99,1625449482.0,64.0
-7.28,1625449482.0,64.0
-10.5,1625449482.0,64.0
-13.67,1625449482.0,64.0
-16.91,1625449482.0,64.0
-20.41,1625449482.0,64.0
-24.35,1625449482.0,64.0
-28.82,1625449482.0,64.0
-33.71,1625449482.0,64.0
-38.65,1625449482.0,64.0
-43.09,1625449482.0,64.0
-46.36,1625449482.0,64.0
-47.9,1625449482.0,64.0
-47.39,1625449482.0,64.0
-44.84,1625449482.0,64.0
-40.56,1625449482.0,64.0
-35.0,1625449482.0,64.0
-28.59,1625449482.0,64.0
-21.7,1625449482.0,64.0
-14.57,1625449482.0,64.0
-7.45,1625449482.0,64.0
-0.65,1625449482.0,64.0
5.5,1625449482.0,64.0
10.69,1625449482.0,64.0
14.78,1625449482.0,64.0
17.85,1625449482.0,64.0
20.15,1625449482.0,64.0
22.04,1625449482.0,64.0
23.82,1625449482.0,64.0
25.64,1625449482.0,64.0
27.45,1625449482.0,64.0
29.07,1625449482.0,64.0
30.3,1625449482.0,64.0
31.0,1625449482.0,64.0
31.13,1625449482.0,64.0
30.82,1625449482.0,64.0
30.19,1625449482.0,64.0
29.4,1625449482.0,64.0
28.49,1625449482.0,64.0
27.39,1625449482.0,64.0
26.01,1625449482.0,64.0
24.24,1625449482.0,64.0
22.09,1625449482.0,64.0
19.67,1625449482.0,64.0
17.16,1625449482.0,64.0
14.69,1625449482.0,64.0
12.3,1625449482.0,64.0
9.96,1625449482.0,64.0
7.56,1625449482.0,64.0
5.03,1625449482.0,64.0
2.36,1625449482.0,64.0
-0.41,1625449482.0,64.0
-3.25,1625449482.0,64.0
-6.16,1625449482.0,64.0
-9.18,1625449482.0,64.0
-12.42,1625449482.0,64.0
-15.97,1625449482.0,64.0
-19.91,1625449482.0,64.0
-24.25,1625449482.0,64.0
-28.92,1625449482.0,64.0
-33.75,1625449482.0,64.0
-38.39,1625449482.0,64.0
-42.36,1625449482.0,64.0
-45.07,1625449482.0,64.0
-46.05,1625449482.0,64.0
-45.02,1625449482.0,64.0
-42.04,1625449482.0,64.0
-37.47,1625449482.0,64.0
-31.84,1625449482.0,64.0
-25.7,1625449482.0,64.0
-19.42,1625449482.0,64.0
-13.24,1625449482.0,64.0
-7.23,1625449482.0,64.0
-1.52,1625449482.0,64.0
3.71,1625449482.0,64.0
8.21,1625449482.0,64.0
11.8,1625449482.0,64.0
14.47,1625449482.0,64.0
16.46,1625449482.0,64.0
18.09,1625449482.0,64.0
19.68,1625449482.0,64.0
21.37,1625449482.0,64.0
23.1,1625449482.0,64.0
24.68,1625449482.0,64.0
25.93,1625449482.0,64.0
26.75,1625449482.0,64.0
27.15,1625449482.0,64.0
27.18,1625449482.0,64.0
26.88,1625449482.0,64.0
26.26,1625449482.0,64.0
25.33,1625449482.0,64.0
24.09,1625449482.0,64.0
22.62,1625449482.0,64.0
20.95,1625449482.0,64.0
19.12,1625449482.0,64.0
17.12,1625449482.0,64.0
14.95,1625449482.0,64.0
12.61,1625449482.0,64.0
10.14,1625449482.0,64.0
7.61,1625449482.0,64.0
5.06,1625449482.0,64.0
2.52,1625449482.0,64.0
-0.03,1625449482.0,64.0
-2.6,1625449482.0,64.0
-5.21,1625449482.0,64.0
-7.91,1625449482.0,64.0
-10.73,1625449482.0,64.0
-13.71,1625449482.0,64.0
-16.89,1625449482.0,64.0
-20.32,1625449482.0,64.0
-23.97,1625449482.0,64.0
-27.74,1625449482.0,64.0
-31.38,1625449482.0,64.0
-34.49,1625449482.0,64.0
-36.6,1625449482.0,64.0
-37.29,1625449482.0,64.0
-36.3,1625449482.0,64.0
-33.65,1625449482.0,64.0
-29.61,1625449482.0,64.0
-24.61,1625449482.0,64.0
-19.1,1625449482.0,64.0
-13.44,1625449482.0,64.0
-7.84,1625449482.0,64.0
-2.51,1625449482.0,64.0
2.36,1625449482.0,64.0
6.54,1625449482.0,64.0
9.83,1625449482.0,64.0
12.18,1625449482.0,64.0
13.74,1625449482.0,64.0
14.83,1625449482.0,64.0
15.78,1625449482.0,64.0
16.83,1625449482.0,64.0
18.01,1625449482.0,64.0
19.15,1625449482.0,64.0
20.02,1625449482.0,64.0
20.46,1625449482.0,64.0
20.41,1625449482.0,64.0
19.96,1625449482.0,64.0
19.23,1625449482.0,64.0
18.34,1625449482.0,64.0
17.31,1625449482.0,64.0
16.15,1625449482.0,64.0
14.77,1625449482.0,64.0
13.1,1625449482.0,64.0
11.11,1625449482.0,64.0
8.8,1625449482.0,64.0
6.27,1625449482.0,64.0
3.7,1625449482.0,64.0
1.23,1625449482.0,64.0
-1.09,1625449482.0,64.0
-3.26,1625449482.0,64.0
-5.41,1625449482.0,64.0
-7.67,1625449482.0,64.0
-10.05,1625449482.0,64.0
-12.57,1625449482.0,64.0
-15.19,1625449482.0,64.0
-17.91,1625449482.0,64.0
-20.78,1625449482.0,64.0
-23.86,1625449482.0,64.0
-27.15,1625449482.0,64.0
-30.48,1625449482.0,64.0
-33.53,1625449482.0,64.0
-35.93,1625449482.0,64.0
-37.3,1625449482.0,64.0
-37.37,1625449482.0,64.0
-36.03,1625449482.0,64.0
-33.35,1625449482.0,64.0
-29.53,1625449482.0,64.0
-24.88,1625449482.0,64.0
-19.72,1625449482.0,64.0
-14.34,1625449482.0,64.0
-8.98,1625449482.0,64.0
-3.8,1625449482.0,64.0
1.0,1625449482.0,64.0
5.27,1625449482.0,64.0
8.84,1625449482.0,64.0
11.67,1625449482.0,64.0
13.85,1625449482.0,64.0
15.59,1625449482.0,64.0
17.17,1625449482.0,64.0
18.82,1625449482.0,64.0
20.59,1625449482.0,64.0
22.39,1625449482.0,64.0
24.07,1625449482.0,64.0
25.38,1625449482.0,64.0
26.19,1625449482.0,64.0
26.4,1625449482.0,64.0
25.97,1625449482.0,64.0
24.95,1625449482.0,64.0
23.45,1625449482.0,64.0
21.62,1625449482.0,64.0
19.69,1625449482.0,64.0
17.8,1625449482.0,64.0
16.03,1625449482.0,64.0
14.26,1625449482.0,64.0
12.32,1625449482.0,64.0
10.01,1625449482.0,64.0
7.26,1625449482.0,64.0
4.14,1625449482.0,64.0
0.83,1625449482.0,64.0
-2.44,1625449482.0,64.0
-5.55,1625449482.0,64.0
-8.51,1625449482.0,64.0
-11.47,1625449482.0,64.0
-14.61,1625449482.0,64.0
-18.06,1625449482.0,64.0
-21.87,1625449482.0,64.0
-25.99,1625449482.0,64.0
-30.28,1625449482.0,64.0
-34.56,1625449482.0,64.0
-38.5,1625449482.0,64.0
-41.69,1625449482.0,64.0
-43.64,1625449482.0,64.0
-43.93,1625449482.0,64.0
-42.36,1625449482.0,64.0
-39.01,1625449482.0,64.0
-34.25,1625449482.0,64.0
-28.63,1625449482.0,64.0
-22.64,1625449482.0,64.0
-16.65,1625449482.0,64.0
-10.84,1625449482.0,64.0
-5.27,1625449482.0,64.0
0.01,1625449482.0,64.0
4.95,1625449482.0,64.0
9.43,1625449482.0,64.0
13.4,1625449482.0,64.0
16.82,1625449482.0,64.0
19.71,1625449482.0,64.0
22.14,1625449482.0,64.0
24.18,1625449482.0,64.0
25.89,1625449482.0,64.0
27.29,1625449482.0,64.0
28.4,1625449482.0,64.0
29.22,1625449482.0,64.0
29.77,1625449482.0,64.0
30.03,1625449482.0,64.0
30.03,1625449482.0,64.0
29.75,1625449482.0,64.0
29.16,1625449482.0,64.0
28.21,1625449482.0,64.0
26.85,1625449482.0,64.0
25.06,1625449482.0,64.0
22.87,1625449482.0,64.0
20.4,1625449482.0,64.0
17.77,1625449482.0,64.0
15.14,1625449482.0,64.0
12.58,1625449482.0,64.0
10.07,1625449482.0,64.0
7.52,1625449482.0,64.0
4.79,1625449482.0,64.0
1.73,1625449482.0,64.0
-1.69,1625449482.0,64.0
-5.46,1625449482.0,64.0
-9.47,1625449482.0,64.0
-13.59,1625449482.0,64.0
-17.73,1625449482.0,64.0
-21.89,1625449482.0,64.0
-26.11,1625449482.0,64.0
-30.46,1625449482.0,64.0
-34.94,1625449482.0,64.0
-39.37,1625449482.0,64.0
-43.37,1625449482.0,64.0
-46.44,1625449482.0,64.0
-48.02,1625449482.0,64.0
-47.77,1625449482.0,64.0
-45.62,1625449482.0,64.0
-41.8,1625449482.0,64.0
-36.78,1625449482.0,64.0
-31.05,1625449482.0,64.0
-24.93,1625449482.0,64.0
-18.58,1625449482.0,64.0
-12.04,1625449482.0,64.0
-5.43,1625449482.0,64.0
0.99,1625449482.0,64.0
6.85,1625449482.0,64.0
11.76,1625449482.0,64.0
15.56,1625449482.0,64.0
18.34,1625449482.0,64.0
20.43,1625449482.0,64.0
22.2,1625449482.0,64.0
23.91,1625449482.0,64.0
25.59,1625449482.0,64.0
27.1,1625449482.0,64.0
28.29,1625449482.0,64.0
29.1,1625449482.0,64.0
29.58,1625449482.0,64.0
29.82,1625449482.0,64.0
29.85,1625449482.0,64.0
29.59,1625449482.0,64.0
28.83,1625449482.0,64.0
27.44,1625449482.0,64.0
25.43,1625449482.0,64.0
22.97,1625449482.0,64.0
20.35,1625449482.0,64.0
17.83,1625449482.0,64.0
15.55,1625449482.0,64.0
13.45,1625449482.0,64.0
11.39,1625449482.0,64.0
9.18,1625449482.0,64.0
6.71,1625449482.0,64.0
3.92,1625449482.0,64.0
0.85,1625449482.0,64.0
-2.42,1625449482.0,64.0
-5.83,1625449482.0,64.0
-9.3,1625449482.0,64.0
-12.83,1625449482.0,64.0
-16.49,1625449482.0,64.0
-20.38,1625449482.0,64.0
-24.58,1625449482.0,64.0
-29.11,1625449482.0,64.0
-33.79,1625449482.0,64.0
-38.25,1625449482.0,64.0
-42.02,1625449482.0,64.0
-44.54,1625449482.0,64.0
-45.36,1625449482.0,64.0
-44.24,1625449482.0,64.0
-41.23,1625449482.0,64.0
-36.64,1625449482.0,64.0
-30.95,1625449482.0,64.0
-24.63,1625449482.0,64.0
-18.05,1625449482.0,64.0
-11.42,1625449482.0,64.0
-4.89,1625449482.0,64.0
1.4,1625449482.0,64.0
7.23,1625449482.0,64.0
12.32,1625449482.0,64.0
16.46,1625449482.0,64.0
19.56,1625449482.0,64.0
21.8,1625449482.0,64.0
23.51,1625449482.0,64.0
25.06,1625449482.0,64.0
26.68,1625449482.0,64.0
28.41,1625449482.0,64.0
30.07,1625449482.0,64.0
31.39,1625449482.0,64.0
32.12,1625449482.0,64.0
32.17,1625449482.0,64.0
31.57,1625449482.0,64.0
30.46,1625449482.0,64.0
29.01,1625449482.0,64.0
27.35,1625449482.0,64.0
25.49,1625449482.0,64.0
23.42,1625449482.0,64.0
21.16,1625449482.0,64.0
18.73,1625449482.0,64.0
16.21,1625449482.0,64.0
13.66,1625449482.0,64.0
11.11,1625449482.0,64.0
8.52,1625449482.0,64.0
5.84,1625449482.0,64.0
3.0,1625449482.0,64.0
0.04,1625449482.0,64.0
-2.96,1625449482.0,64.0
-5.91,1625449482.0,64.0
-8.73,1625449482.0,64.0
-11.44,1625449482.0,64.0
-14.18,1625449482.0,64.0
-17.13,1625449482.0,64.0
-20.52,1625449482.0,64.0
-24.49,1625449482.0,64.0
-28.94,1625449482.0,64.0
-33.55,1625449482.0,64.0
-37.77,1625449482.0,64.0
-40.96,1625449482.0,64.0
-42.58,1625449482.0,64.0
-42.3,1625449482.0,64.0
-40.15,1625449482.0,64.0
-36.37,1625449482.0,64.0
-31.35,1625449482.0,64.0
-25.46,1625449482.0,64.0
-19.03,1625449482.0,64.0
-12.33,1625449482.0,64.0
-5.63,1625449482.0,64.0
0.74,1625449482.0,64.0
6.44,1625449482.0,64.0
11.15,1625449482.0,64.0
14.72,1625449482.0,64.0
17.26,1625449482.0,64.0
19.06,1625449482.0,64.0
20.57,1625449482.0,64.0
22.16,1625449482.0,64.0
24.01,1625449482.0,64.0
26.0,1625449482.0,64.0
27.83,1625449482.0,64.0
29.16,1625449482.0,64.0
29.81,1625449482.0,64.0
29.77,1625449482.0,64.0
29.23,1625449482.0,64.0
28.42,1625449482.0,64.0
27.45,1625449482.0,64.0
26.31,1625449482.0,64.0
24.88,1625449482.0,64.0
23.02,1625449482.0,64.0
20.66,1625449482.0,64.0
17.88,1625449482.0,64.0
14.8,1625449482.0,64.0
11.62,1625449482.0,64.0
8.49,1625449482.0,64.0
5.54,1625449482.0,64.0
2.8,1625449482.0,64.0
0.26,1625449482.0,64.0
-2.16,1625449482.0,64.0
-4.55,1625449482.0,64.0
-6.99,1625449482.0,64.0
-9.56,1625449482.0,64.0
-12.34,1625449482.0,64.0
-15.41,1625449482.0,64.0
-18.9,1625449482.0,64.0
-22.82,1625449482.0,64.0
-27.06,1625449482.0,64.0
-31.29,1625449482.0,64.0
-35.01,1625449482.0,64.0
-37.62,1625449482.0,64.0
-38.67,1625449482.0,64.0
-37.91,1625449482.0,64.0
-35.4,1625449482.0,64.0
-31.47,1625449482.0,64.0
-26.51,1625449482.0,64.0
-20.93,1625449482.0,64.0
-15.03,1625449482.0,64.0
-9.02,1625449482.0,64.0
-3.07,1625449482.0,64.0
2.55,1625449482.0,64.0
7.55,1625449482.0,64.0
11.6,1625449482.0,64.0
14.5,1625449482.0,64.0
16.31,1625449482.0,64.0
17.31,1625449482.0,64.0
17.95,1625449482.0,64.0
18.66,1625449482.0,64.0
19.67,1625449482.0,64.0
20.98,1625449482.0,64.0
22.4,1625449482.0,64.0
23.67,1625449482.0,64.0
24.56,1625449482.0,64.0
24.96,1625449482.0,64.0
24.84,1625449482.0,64.0
24.23,1625449482.0,64.0
23.18,1625449482.0,64.0
21.72,1625449482.0,64.0
19.89,1625449482.0,64.0
17.73,1625449482.0,64.0
15.23,1625449482.0,64.0
12.48,1625449482.0,64.0
9.57,1625449482.0,64.0
6.67,1625449482.0,64.0
3.92,1625449482.0,64.0
1.4,1625449482.0,64.0
-0.91,1625449482.0,64.0
-3.17,1625449482.0,64.0
-5.6,1625449482.0,64.0
-8.41,1625449482.0,64.0
-11.72,1625449482.0,64.0
-15.51,1625449482.0,64.0
-19.68,1625449482.0,64.0
-24.05,1625449482.0,64.0
-28.34,1625449482.0,64.0
-32.18,1625449482.0,64.0
-35.14,1625449482.0,64.0
-36.74,1625449482.0,64.0
-36.68,1625449482.0,64.0
-34.85,1625449482.0,64.0
-31.44,1625449482.0,64.0
-26.8,1625449482.0,64.0
-21.38,1625449482.0,64.0
-15.52,1625449482.0,64.0
-9.48,1625449482.0,64.0
-3.44,1625449482.0,64.0
2.4,1625449482.0,64.0
7.73,1625449482.0,64.0
12.21,1625449482.0,64.0
15.59,1625449482.0,64.0
17.81,1625449482.0,64.0
19.11,1625449482.0,64.0
19.91,1625449482.0,64.0
20.66,1625449482.0,64.0
21.63,1625449482.0,64.0
22.83,1625449482.0,64.0
24.05,1625449482.0,64.0
24.98,1625449482.0,64.0
25.35,1625449482.0,64.0
25.03,1625449482.0,64.0
24.09,1625449482.0,64.0
22.66,1625449482.0,64.0
20.91,1625449482.0,64.0
18.96,1625449482.0,64.0
16.82,1625449482.0,64.0
14.5,1625449482.0,64.0
11.93,1625449482.0,64.0
9.11,1625449482.0,64.0
6.08,1625449482.0,64.0
2.97,1625449482.0,64.0
-0.08,1625449482.0,64.0
-3.0,1625449482.0,64.0
-5.83,1625449482.0,64.0
-8.73,1625449482.0,64.0
-11.93,1625449482.0,64.0
-15.6,1625449482.0,64.0
-19.79,1625449482.0,64.0
-24.36,1625449482.0,64.0
-29.09,1625449482.0,64.0
-33.69,1625449482.0,64.0
-37.91,1625449482.0,64.0
-41.46,1625449482.0,64.0
-44.04,1625449482.0,64.0
-45.31,1625449482.0,64.0
-44.94,1625449482.0,64.0
-42.79,1625449482.0,64.0
-38.96,1625449482.0,64.0
-33.75,1625449482.0,64.0
-27.62,1625449482.0,64.0
-20.96,1625449482.0,64.0
-14.05,1625449482.0,64.0
-7.09,1625449482.0,64.0
-0.25,1625449482.0,64.0
6.21,1625449482.0,64.0
12.01,1625449482.0,64.0
16.88,1625449482.0,64.0
20.72,1625449482.0,64.0
23.59,1625449482.0,64.0
25.71,1625449482.0,64.0
27.36,1625449482.0,64.0
28.75,1625449482.0,64.0
30.0,1625449482.0,64.0
31.08,1625449482.0,64.0
31.89,1625449482.0,64.0
32.34,1625449482.0,64.0
32.32,1625449482.0,64.0
31.81,1625449482.0,64.0
30.84,1625449482.0,64.0
29.5,1625449482.0,64.0
27.92,1625449482.0,64.0
26.15,1625449482.0,64.0
24.21,1625449482.0,64.0
22.03,1625449482.0,64.0
19.54,1625449482.0,64.0
16.69,1625449482.0,64.0
13.56,1625449482.0,64.0
10.28,1625449482.0,64.0
7.04,1625449482.0,64.0
3.92,1625449482.0,64.0
0.93,1625449482.0,64.0
-2.09,1625449482.0,64.0
-5.3,1625449482.0,64.0
-8.86,1625449482.0,64.0
-12.83,1625449482.0,64.0
-17.15,1625449482.0,64.0
-21.68,1625449482.0,64.0
-26.19,1625449482.0,64.0
-30.4,1625449482.0,64.0
-33.96,1625449482.0,64.0
-36.48,1625449482.0,64.0
-37.6,1625449482.0,64.0
-37.13,1625449482.0,64.0
-35.04,1625449482.0,64.0
-31.56,1625449482.0,64.0
-27.06,1625449482.0,64.0
-21.88,1625449482.0,64.0
-16.28,1625449482.0,64.0
-10.36,1625449482.0,64.0
-4.23,1625449482.0,64.0
1.95,1625449482.0,64.0
7.83,1625449482.0,64.0
13.02,1625449482.0,64.0
17.17,1625449482.0,64.0
20.13,1625449482.0,64.0
22.06,1625449482.0,64.0
23.34,1625449482.0,64.0
24.37,1625449482.0,64.0
25.44,1625449482.0,64.0
26.62,1625449482.0,64.0
27.8,1625449482.0,64.0
28.81,1625449482.0,64.0
29.49,1625449482.0,64.0
29.79,1625449482.0,64.0
29.65,1625449482.0,64.0
29.06,1625449482.0,64.0
27.97,1625449482.0,64.0
26.37,1625449482.0,64.0
24.31,1625449482.0,64.0
21.87,1625449482.0,64.0
19.15,1625449482.0,64.0
16.22,1625449482.0,64.0
13.06,1625449482.0,64.0
9.64,1625449482.0,64.0
5.96,1625449482.0,64.0
2.13,1625449482.0,64.0
-1.67,1625449482.0,64.0
-5.37,1625449482.0,64.0
-8.98,1625449482.0,64.0
-12.7,1625449482.0,64.0
-16.79,1625449482.0,64.0
-21.38,1625449482.0,64.0
-26.4,1625449482.0,64.0
-31.57,1625449482.0,64.0
-36.57,1625449482.0,64.0
-41.11,1625449482.0,64.0
-44.98,1625449482.0,64.0
-48.03,1625449482.0,64.0
-50.03,1625449482.0,64.0
-50.64,1625449482.0,64.0
-49.53,1625449482.0,64.0
-46.54,1625449482.0,64.0
-41.83,1625449482.0,64.0
-35.83,1625449482.0,64.0
-29.1,1625449482.0,64.0
-22.1,1625449482.0,64.0
-15.11,1625449482.0,64.0
-8.21,1625449482.0,64.0
-1.53,1625449482.0,64.0
4.78,1625449482.0,64.0
10.41,1625449482.0,64.0
15.12,1625449482.0,64.0
18.73,1625449482.0,64.0
21.31,1625449482.0,64.0
23.05,1625449482.0,64.0
24.26,1625449482.0,64.0
25.19,1625449482.0,64.0
26.06,1625449482.0,64.0
26.96,1625449482.0,64.0
27.92,1625449482.0,64.0
28.85,1625449482.0,64.0
29.61,1625449482.0,64.0
30.03,1625449482.0,64.0
29.96,1625449482.0,64.0
29.31,1625449482.0,64.0
28.11,1625449482.0,64.0
26.43,1625449482.0,64.0
24.43,1625449482.0,64.0
22.25,1625449482.0,64.0
20.01,1625449482.0,64.0
17.74,1625449482.0,64.0
15.41,1625449482.0,64.0
12.94,1625449482.0,64.0
10.31,1625449482.0,64.0
7.52,1625449482.0,64.0
4.64,1625449482.0,64.0
1.74,1625449482.0,64.0
-1.16,1625449482.0,64.0
-4.08,1625449482.0,64.0
-7.15,1625449482.0,64.0
-10.48,1625449482.0,64.0
-14.14,1625449482.0,64.0
-18.17,1625449482.0,64.0
-22.5,1625449482.0,64.0
-26.99,1625449482.0,64.0
-31.42,1625449482.0,64.0
-35.42,1625449482.0,64.0
-38.55,1625449482.0,64.0
-40.31,1625449482.0,64.0
-40.34,1625449482.0,64.0
-38.48,1625449482.0,64.0
-34.86,1625449482.0,64.0
-29.84,1625449482.0,64.0
-23.9,1625449482.0,64.0
-17.5,1625449482.0,64.0
-11.04,1625449482.0,64.0
-4.84,1625449482.0,64.0
0.85,1625449482.0,64.0
5.8,1625449482.0,64.0
9.87,1625449482.0,64.0
12.98,1625449482.0,64.0
15.17,1625449482.0,64.0
16.63,1625449482.0,64.0
17.62,1625449482.0,64.0
18.46,1625449482.0,64.0
19.41,1625449482.0,64.0
20.62,1625449482.0,64.0
22.09,1625449482.0,64.0
23.65,1625449482.0,64.0
25.04,1625449482.0,64.0
25.97,1625449482.0,64.0
26.22,1625449482.0,64.0
25.75,1625449482.0,64.0
24.63,1625449482.0,64.0
23.06,1625449482.0,64.0
21.23,1625449482.0,64.0
19.28,1625449482.0,64.0
17.25,1625449482.0,64.0
15.11,1625449482.0,64.0
12.82,1625449482.0,64.0
10.35,1625449482.0,64.0
7.75,1625449482.0,64.0
5.13,1625449482.0,64.0
2.59,1625449482.0,64.0
0.18,1625449482.0,64.0
-2.16,1625449482.0,64.0
-4.54,1625449482.0,64.0
-7.12,1625449482.0,64.0
-9.96,1625449482.0,64.0
-13.12,1625449482.0,64.0
-16.57,1625449482.0,64.0
-20.23,1625449482.0,64.0
-24.04,1625449482.0,64.0
-27.86,1625449482.0,64.0
-31.48,1625449482.0,64.0
-34.53,1625449482.0,64.0
-36.55,1625449482.0,64.0
-37.1,1625449482.0,64.0
-35.9,1625449482.0,64.0
-32.96,1625449482.0,64.0
-28.59,1625449482.0,64.0
-23.29,1625449482.0,64.0
-17.57,1625449482.0,64.0
-11.81,1625449482.0,64.0
-6.25,1625449482.0,64.0
-1.01,1625449482.0,64.0
3.83,1625449482.0,64.0
8.07,1625449482.0,64.0
11.51,1625449482.0,64.0
14.03,1625449482.0,64.0
15.69,1625449482.0,64.0
16.79,1625449482.0,64.0
17.72,1625449482.0,64.0
18.8,1625449482.0,64.0
20.14,1625449482.0,64.0
21.61,1625449482.0,64.0
22.92,1625449482.0,64.0
23.79,1625449482.0,64.0
24.07,1625449482.0,64.0
23.8,1625449482.0,64.0
23.13,1625449482.0,64.0
22.22,1625449482.0,64.0
21.15,1625449482.0,64.0
19.88,1625449482.0,64.0
18.29,1625449482.0,64.0
16.29,1625449482.0,64.0
13.84,1625449482.0,64.0
10.98,1625449482.0,64.0
7.84,1625449482.0,64.0
4.57,1625449482.0,64.0
1.32,1625449482.0,64.0
-1.8,1625449482.0,64.0
-4.74,1625449482.0,64.0
-7.52,1625449482.0,64.0
-10.22,1625449482.0,64.0
-12.97,1625449482.0,64.0
-15.94,1625449482.0,64.0
-19.32,1625449482.0,64.0
-23.22,1625449482.0,64.0
-27.66,1625449482.0,64.0
-32.5,1625449482.0,64.0
-37.36,1625449482.0,64.0
-41.74,1625449482.0,64.0
-45.0,1625449482.0,64.0
-46.56,1625449482.0,64.0
-46.05,1625449482.0,64.0
-43.38,1625449482.0,64.0
-38.83,1625449482.0,64.0
-32.92,1625449482.0,64.0
-26.3,1625449482.0,64.0
-19.51,1625449482.0,64.0
-12.95,1625449482.0,64.0
-6.78,1625449482.0,64.0
-1.05,1625449482.0,64.0
4.23,1625449482.0,64.0
8.96,1625449482.0,64.0
13.02,1625449482.0,64.0
16.27,1625449482.0,64.0
18.74,1625449482.0,64.0
20.56,1625449482.0,64.0
21.99,1625449482.0,64.0
23.3,1625449482.0,64.0
24.65,1625449482.0,64.0
25.99,1625449482.0,64.0
27.12,1625449482.0,64.0
27.79,1625449482.0,64.0
27.83,1625449482.0,64.0
27.28,1625449482.0,64.0
26.32,1625449482.0,64.0
25.21,1625449482.0,64.0
24.16,1625449482.0,64.0
23.18,1625449482.0,64.0
22.1,1625449482.0,64.0
20.65,1625449482.0,64.0
18.63,1625449482.0,64.0
15.97,1625449482.0,64.0
12.86,1625449482.0,64.0
9.56,1625449482.0,64.0
6.3,1625449482.0,64.0
3.16,1625449482.0,64.0
0.09,1625449482.0,64.0
-3.06,1625449482.0,64.0
-6.35,1625449482.0,64.0
-9.77,1625449482.0,64.0
-13.26,1625449482.0,64.0
-16.8,1625449482.0,64.0
-20.48,1625449482.0,64.0
-24.46,1625449482.0,64.0
-28.82,1625449482.0,64.0
-33.4,1625449482.0,64.0
-37.75,1625449482.0,64.0
-41.18,1625449482.0,64.0
-43.04,1625449482.0,64.0
-42.92,1625449482.0,64.0
-40.79,1625449482.0,64.0
-37.0,1625449482.0,64.0
-32.08,1625449482.0,64.0
-26.53,1625449482.0,64.0
-20.68,1625449482.0,64.0
-14.73,1625449482.0,64.0
-8.74,1625449482.0,64.0
-2.83,1625449482.0,64.0
2.81,1625449482.0,64.0
7.92,1625449482.0,64.0
12.24,1625449482.0,64.0
15.61,1625449482.0,64.0
18.03,1625449482.0,64.0
19.67,1625449482.0,64.0
20.84,1625449482.0,64.0
21.83,1625449482.0,64.0
22.86,1625449482.0,64.0
23.98,1625449482.0,64.0
25.09,1625449482.0,64.0
25.97,1625449482.0,64.0
26.41,1625449482.0,64.0
26.28,1625449482.0,64.0
25.57,1625449482.0,64.0
24.41,1625449482.0,64.0
22.94,1625449482.0,64.0
21.29,1625449482.0,64.0
19.49,1625449482.0,64.0
17.48,1625449482.0,64.0
15.2,1625449482.0,64.0
12.59,1625449482.0,64.0
9.71,1625449482.0,64.0
6.71,1625449482.0,64.0
3.73,1625449482.0,64.0
0.9,1625449482.0,64.0
-1.78,1625449482.0,64.0
-4.43,1625449482.0,64.0
-7.2,1625449482.0,64.0
-10.27,1625449482.0,64.0
-13.76,1625449482.0,64.0
-17.65,1625449482.0,64.0
-21.89,1625449482.0,64.0
-26.31,1625449482.0,64.0
-30.65,1625449482.0,64.0
-34.59,1625449482.0,64.0
-37.74,1625449482.0,64.0
-39.65,1625449482.0,64.0
-40.0,1625449482.0,64.0
-38.6,1625449482.0,64.0
-35.54,1625449482.0,64.0
-31.15,1625449482.0,64.0
-25.84,1625449482.0,64.0
-20.07,1625449482.0,64.0
-14.12,1625449482.0,64.0
-8.21,1625449482.0,64.0
-2.47,1625449482.0,64.0
2.92,1625449482.0,64.0
7.75,1625449482.0,64.0
11.79,1625449482.0,64.0
14.92,1625449482.0,64.0
17.2,1625449482.0,64.0
18.86,1625449482.0,64.0
20.17,1625449482.0,64.0
21.31,1625449482.0,64.0
22.34,1625449482.0,64.0
23.19,1625449482.0,64.0
23.77,1625449482.0,64.0
24.1,1625449482.0,64.0
24.25,1625449482.0,64.0
24.32,1625449482.0,64.0
24.31,1625449482.0,64.0
24.08,1625449482.0,64.0
23.42,1625449482.0,64.0
22.16,1625449482.0,64.0
20.23,1625449482.0,64.0
17.73,1625449482.0,64.0
14.91,1625449482.0,64.0
11.99,1625449482.0,64.0
9.14,1625449482.0,64.0
6.43,1625449482.0,64.0
3.82,1625449482.0,64.0
1.23,1625449482.0,64.0
-1.4,1625449482.0,64.0
-4.14,1625449482.0,64.0
-7.09,1625449482.0,64.0
-10.37,1625449482.0,64.0
-14.1,1625449482.0,64.0
-18.32,1625449482.0,64.0
-22.9,1625449482.0,64.0
-27.54,1625449482.0,64.0
-31.74,1625449482.0,64.0
-34.95,1625449482.0,64.0
-36.62,1625449482.0,64.0
-36.42,1625449482.0,64.0
-34.24,1625449482.0,64.0
-30.28,1625449482.0,64.0
-24.96,1625449482.0,64.0
-18.79,1625449482.0,64.0
-12.23,1625449482.0,64.0
-5.68,1625449482.0,64.0
0.56,1625449482.0,64.0
6.25,1625449482.0,64.0
11.17,1625449482.0,64.0
15.13,1625449482.0,64.0
18.08,1625449482.0,64.0
20.12,1625449482.0,64.0
21.53,1625449482.0,64.0
22.64,1625449482.0,64.0
23.64,1625449482.0,64.0
24.58,1625449482.0,64.0
25.32,1625449482.0,64.0
25.7,1625449482.0,64.0
25.64,1625449482.0,64.0
25.2,1625449482.0,64.0
24.54,1625449482.0,64.0
23.78,1625449482.0,64.0
22.91,1625449482.0,64.0
21.8,1625449482.0,64.0
20.27,1625449482.0,64.0
18.23,1625449482.0,64.0
15.72,1625449482.0,64.0
12.87,1625449482.0,64.0
9.88,1625449482.0,64.0
6.89,1625449482.0,64.0
3.95,1625449482.0,64.0
1.06,1625449482.0,64.0
-1.9,1625449482.0,64.0
-5.03,1625449482.0,64.0
-8.39,1625449482.0,64.0
-12.07,1625449482.0,64.0
-16.07,1625449482.0,64.0
-20.33,1625449482.0,64.0
-24.73,1625449482.0,64.0
-28.98,1625449482.0,64.0
-32.66,1625449482.0,64.0
-35.28,1625449482.0,64.0
-36.4,1625449482.0,64.0
-35.71,1625449482.0,64.0
-33.18,1625449482.0,64.0
-29.03,1625449482.0,64.0
-23.69,1625449482.0,64.0
-17.65,1625449482.0,64.0
-11.37,1625449482.0,64.0
-5.19,1625449482.0,64.0
0.62,1625449482.0,64.0
5.84,1625449482.0,64.0
10.32,1625449482.0,64.0
13.89,1625449482.0,64.0
16.48,1625449482.0,64.0
18.11,1625449482.0,64.0
19.01,1625449482.0,64.0
19.5,1625449482.0,64.0
19.95,1625449482.0,64.0
20.64,1625449482.0,64.0
21.64,1625449482.0,64.0
22.79,1625449482.0,64.0
23.8,1625449482.0,64.0
24.33,1625449482.0,64.0
24.21,1625449482.0,64.0
23.45,1625449482.0,64.0
22.22,1625449482.0,64.0
20.69,1625449482.0,64.0
18.97,1625449482.0,64.0
17.06,1625449482.0,64.0
14.9,1625449482.0,64.0
12.44,1625449482.0,64.0
9.73,1625449482.0,64.0
6.86,1625449482.0,64.0
3.94,1625449482.0,64.0
1.04,1625449482.0,64.0
-1.89,1625449482.0,64.0
-4.98,1625449482.0,64.0
-8.36,1625449482.0,64.0
-12.16,1625449482.0,64.0
-16.4,1625449482.0,64.0
-21.0,1625449482.0,64.0
-25.75,1625449482.0,64.0
-30.33,1625449482.0,64.0
-34.31,1625449482.0,64.0
-37.23,1625449482.0,64.0
-38.64,1625449482.0,64.0
-38.29,1625449482.0,64.0
-36.09,1625449482.0,64.0
-32.22,1625449482.0,64.0
-27.05,1625449482.0,64.0
-21.01,1625449482.0,64.0
-14.51,1625449482.0,64.0
-7.89,1625449482.0,64.0
-1.39,1625449482.0,64.0
4.73,1625449482.0,64.0
10.21,1625449482.0,64.0
14.81,1625449482.0,64.0
18.32,1625449482.0,64.0
20.7,1625449482.0,64.0
22.14,1625449482.0,64.0
22.95,1625449482.0,64.0
23.51,1625449482.0,64.0
24.13,1625449482.0,64.0
24.9,1625449482.0,64.0
25.75,1625449482.0,64.0
26.47,1625449482.0,64.0
26.82,1625449482.0,64.0
26.66,1625449482.0,64.0
25.93,1625449482.0,64.0
24.71,1625449482.0,64.0
23.13,1625449482.0,64.0
21.29,1625449482.0,64.0
19.29,1625449482.0,64.0
17.17,1625449482.0,64.0
14.94,1625449482.0,64.0
12.6,1625449482.0,64.0
10.16,1625449482.0,64.0
7.64,1625449482.0,64.0
5.04,1625449482.0,64.0
2.33,1625449482.0,64.0
-0.58,1625449482.0,64.0
-3.74,1625449482.0,64.0
-7.21,1625449482.0,64.0
-10.96,1625449482.0,64.0
-14.93,1625449482.0,64.0
-19.04,1625449482.0,64.0
-23.22,1625449482.0,64.0
-27.37,1625449482.0,64.0
-31.3,1625449482.0,64.0
-34.68,1625449482.0,64.0
-37.06,1625449482.0,64.0
-38.0,1625449482.0,64.0
-37.19,1625449482.0,64.0
-34.57,1625449482.0,64.0
-30.39,1625449482.0,64.0
-25.07,1625449482.0,64.0
-19.09,1625449482.0,64.0
-12.8,1625449482.0,64.0
-6.47,1625449482.0,64.0
-0.33,1625449482.0,64.0
5.39,1625449482.0,64.0
10.37,1625449482.0,64.0
14.32,1625449482.0,64.0
17.14,1625449482.0,64.0
18.94,1625449482.0,64.0
20.08,1625449482.0,64.0
21.03,1625449482.0,64.0
22.12,1625449482.0,64.0
23.5,1625449482.0,64.0
25.03,1625449482.0,64.0
26.45,1625449482.0,64.0
27.44,1625449482.0,64.0
27.83,1625449482.0,64.0
27.56,1625449482.0,64.0
26.73,1625449482.0,64.0
25.46,1625449482.0,64.0
23.89,1625449482.0,64.0
22.12,1625449482.0,64.0
20.2,1625449482.0,64.0
18.15,1625449482.0,64.0
15.92,1625449482.0,64.0
13.47,1625449482.0,64.0
10.8,1625449482.0,64.0
7.95,1625449482.0,64.0
5.05,1625449482.0,64.0
2.21,1625449482.0,64.0
-0.54,1625449482.0,64.0
-3.25,1625449482.0,64.0
-6.07,1625449482.0,64.0
-9.14,1625449482.0,64.0
-12.54,1625449482.0,64.0
-16.25,1625449482.0,64.0
-20.15,1625449482.0,64.0
-24.07,1625449482.0,64.0
-27.85,1625449482.0,64.0
-31.29,1625449482.0,64.0
-34.12,1625449482.0,64.0
-36.01,1625449482.0,64.0
-36.62,1625449482.0,64.0
-35.69,1625449482.0,64.0
-33.16,1625449482.0,64.0
-29.22,1625449482.0,64.0
-24.2,1625449482.0,64.0
-18.49,1625449482.0,64.0
-12.49,1625449482.0,64.0
-6.5,1625449482.0,64.0
-0.8,1625449482.0,64.0
4.34,1625449482.0,64.0
8.69,1625449482.0,64.0
12.07,1625449482.0,64.0
14.45,1625449482.0,64.0
16.01,1625449482.0,64.0
17.09,1625449482.0,64.0
18.08,1625449482.0,64.0
19.27,1625449482.0,64.0
20.74,1625449482.0,64.0
22.33,1625449482.0,64.0
23.73,1625449482.0,64.0
24.64,1625449482.0,64.0
24.86,1625449482.0,64.0
24.38,1625449482.0,64.0
23.34,1625449482.0,64.0
21.97,1625449482.0,64.0
20.47,1625449482.0,64.0
18.88,1625449482.0,64.0
17.17,1625449482.0,64.0
15.2,1625449482.0,64.0
12.88,1625449482.0,64.0
10.21,1625449482.0,64.0
7.28,1625449482.0,64.0
4.25,1625449482.0,64.0
1.3,1625449482.0,64.0
-1.5,1625449482.0,64.0
-4.16,1625449482.0,64.0
-6.74,1625449482.0,64.0
-9.34,1625449482.0,64.0
-12.07,1625449482.0,64.0
-15.02,1625449482.0,64.0
-18.29,1625449482.0,64.0
-21.96,1625449482.0,64.0
-26.01,1625449482.0,64.0
-30.24,1625449482.0,64.0
-34.23,1625449482.0,64.0
-37.38,1625449482.0,64.0
-39.07,1625449482.0,64.0
-38.88,1625449482.0,64.0
-36.73,1625449482.0,64.0
-32.89,1625449482.0,64.0
-27.88,1625449482.0,64.0
-22.24,1625449482.0,64.0
-16.38,1625449482.0,64.0
-10.55,1625449482.0,64.0
-4.93,1625449482.0,64.0
0.31,1625449482.0,64.0
4.88,1625449482.0,64.0
8.49,1625449482.0,64.0
10.99,1625449482.0,64.0
12.45,1625449482.0,64.0
13.22,1625449482.0,64.0
13.79,1625449482.0,64.0
14.62,1625449482.0,64.0
15.88,1625449482.0,64.0
17.46,1625449482.0,64.0
19.06,1625449482.0,64.0
20.33,1625449482.0,64.0
21.06,1625449482.0,64.0
21.22,1625449482.0,64.0
20.9,1625449482.0,64.0
20.24,1625449482.0,64.0
19.31,1625449482.0,64.0
18.11,1625449482.0,64.0
16.61,1625449482.0,64.0
14.79,1625449482.0,64.0
12.66,1625449482.0,64.0
10.3,1625449482.0,64.0
7.79,1625449482.0,64.0
5.19,1625449482.0,64.0
2.57,1625449482.0,64.0
-0.06,1625449482.0,64.0
-2.66,1625449482.0,64.0
-5.24,1625449482.0,64.0
-7.85,1625449482.0,64.0
-10.6,1625449482.0,64.0
-13.63,1625449482.0,64.0
-17.1,1625449482.0,64.0
-21.08,1625449482.0,64.0
-25.58,1625449482.0,64.0
-30.4,1625449482.0,64.0
-35.2,1625449482.0,64.0
-39.48,1625449482.0,64.0
-42.66,1625449482.0,64.0
-44.23,1625449482.0,64.0
-43.84,1625449482.0,64.0
-41.44,1625449482.0,64.0
-37.26,1625449482.0,64.0
-31.74,1625449482.0,64.0
-25.4,1625449482.0,64.0
-18.67,1625449482.0,64.0
-11.88,1625449482.0,64.0
-5.26,1625449482.0,64.0
0.95,1625449482.0,64.0
6.5,1625449482.0,64.0
11.13,1625449482.0,64.0
14.68,1625449482.0,64.0
17.18,1625449482.0,64.0
18.88,1625449482.0,64.0
20.19,1625449482.0,64.0
21.44,1625449482.0,64.0
22.85,1625449482.0,64.0
24.42,1625449482.0,64.0
25.96,1625449482.0,64.0
27.26,1625449482.0,64.0
28.15,1625449482.0,64.0
28.5,1625449482.0,64.0
28.33,1625449482.0,64.0
27.7,1625449482.0,64.0
26.69,1625449482.0,64.0
25.42,1625449482.0,64.0
23.95,1625449482.0,64.0
22.3,1625449482.0,64.0
20.39,1625449482.0,64.0
18.14,1625449482.0,64.0
15.49,1625449482.0,64.0
12.47,1625449482.0,64.0
9.22,1625449482.0,64.0
5.97,1625449482.0,64.0
2.92,1625449482.0,64.0
0.19,1625449482.0,64.0
-2.3,1625449482.0,64.0
-4.72,1625449482.0,64.0
-7.34,1625449482.0,64.0
-10.42,1625449482.0,64.0
-14.09,1625449482.0,64.0
-18.34,1625449482.0,64.0
-23.04,1625449482.0,64.0
-27.97,1625449482.0,64.0
-32.83,1625449482.0,64.0
-37.21,1625449482.0,64.0
-40.62,1625449482.0,64.0
-42.57,1625449482.0,64.0
-42.69,1625449482.0,64.0
-40.86,1625449482.0,64.0
-37.26,1625449482.0,64.0
-32.35,1625449482.0,64.0
-26.69,1625449482.0,64.0
-20.74,1625449482.0,64.0
-14.8,1625449482.0,64.0
-8.98,1625449482.0,64.0
-3.34,1625449482.0,64.0
2.02,1625449482.0,64.0
6.92,1625449482.0,64.0
11.13,1625449482.0,64.0
14.48,1625449482.0,64.0
16.99,1625449482.0,64.0
18.85,1625449482.0,64.0
20.36,1625449482.0,64.0
21.81,1625449482.0,64.0
23.34,1625449482.0,64.0
24.93,1625449482.0,64.0
26.44,1625449482.0,64.0
27.68,1625449482.0,64.0
28.53,1625449482.0,64.0
28.92,1625449482.0,64.0
28.87,1625449482.0,64.0
28.37,1625449482.0,64.0
27.44,1625449482.0,64.0
26.07,1625449482.0,64.0
24.28,1625449482.0,64.0
22.17,1625449482.0,64.0
19.87,1625449482.0,64.0
17.49,1625449482.0,64.0
15.11,1625449482.0,64.0
12.71,1625449482.0,64.0
10.21,1625449482.0,64.0
7.5,1625449482.0,64.0
4.52,1625449482.0,64.0
1.31,1625449482.0,64.0
-2.05,1625449482.0,64.0
-5.42,1625449482.0,64.0
-8.73,1625449482.0,64.0
-11.94,1625449482.0,64.0
-15.14,1625449482.0,64.0
-18.48,1625449482.0,64.0
-22.1,1625449482.0,64.0
-26.11,1625449482.0,64.0
-30.52,1625449482.0,64.0
-35.12,1625449482.0,64.0
-39.47,1625449482.0,64.0
-43.0,1625449482.0,64.0
-45.06,1625449482.0,64.0
-45.18,1625449482.0,64.0
-43.19,1625449482.0,64.0
-39.26,1625449482.0,64.0
-33.87,1625449482.0,64.0
-27.58,1625449482.0,64.0
-20.9,1625449482.0,64.0
-14.14,1625449482.0,64.0
-7.51,1625449482.0,64.0
-1.21,1625449482.0,64.0
4.5,1625449482.0,64.0
9.33,1625449482.0,64.0
13.07,1625449482.0,64.0
15.72,1625449482.0,64.0
17.51,1625449482.0,64.0
18.86,1625449482.0,64.0
20.11,1625449482.0,64.0
21.47,1625449482.0,64.0
22.91,1625449482.0,64.0
24.25,1625449482.0,64.0
25.27,1625449482.0,64.0
25.84,1625449482.0,64.0
25.95,1625449482.0,64.0
25.69,1625449482.0,64.0
25.15,1625449482.0,64.0
24.37,1625449482.0,64.0
23.33,1625449482.0,64.0
22.04,1625449482.0,64.0
20.51,1625449482.0,64.0
18.84,1625449482.0,64.0
17.15,1625449482.0,64.0
15.49,1625449482.0,64.0
13.8,1625449482.0,64.0
11.93,1625449482.0,64.0
9.69,1625449482.0,64.0
6.99,1625449482.0,64.0
3.89,1625449482.0,64.0
0.6,1625449482.0,64.0
-2.62,1625449482.0,64.0
-5.61,1625449482.0,64.0
-8.37,1625449482.0,64.0
-11.06,1625449482.0,64.0
-13.94,1625449482.0,64.0
-17.21,1625449482.0,64.0
-20.93,1625449482.0,64.0
-25.0,1625449482.0,64.0
-29.24,1625449482.0,64.0
-33.39,1625449482.0,64.0
-37.16,1625449482.0,64.0
-40.16,1625449482.0,64.0
-41.97,1625449482.0,64.0
-42.13,1625449482.0,64.0
-40.37,1625449482.0,64.0
-36.72,1625449482.0,64.0
-31.59,1625449482.0,64.0
-25.59,1625449482.0,64.0
-19.36,1625449482.0,64.0
-13.3,1625449482.0,64.0
-7.53,1625449482.0,64.0
-2.03,1625449482.0,64.0
3.22,1625449482.0,64.0
8.03,1625449482.0,64.0
12.05,1625449482.0,64.0
15.0,1625449482.0,64.0
16.82,1625449482.0,64.0
17.83,1625449482.0,64.0
18.53,1625449482.0,64.0
19.42,1625449482.0,64.0
20.76,1625449482.0,64.0
22.42,1625449482.0,64.0
24.1,1625449482.0,64.0
25.39,1625449482.0,64.0
26.04,1625449482.0,64.0
26.02,1625449482.0,64.0
25.48,1625449482.0,64.0
24.6,1625449482.0,64.0
23.55,1625449482.0,64.0
22.42,1625449482.0,64.0
21.2,1625449482.0,64.0
19.85,1625449482.0,64.0
18.28,1625449482.0,64.0
16.42,1625449482.0,64.0
14.21,1625449482.0,64.0
11.72,1625449482.0,64.0
9.03,1625449482.0,64.0
6.27,1625449482.0,64.0
3.55,1625449482.0,64.0
0.92,1625449482.0,64.0
-1.66,1625449482.0,64.0
-4.23,1625449482.0,64.0
-6.88,1625449482.0,64.0
-9.69,1625449482.0,64.0
-12.74,1625449482.0,64.0
-16.08,1625449482.0,64.0
-19.75,1625449482.0,64.0
-23.67,1625449482.0,64.0
-27.55,1625449482.0,64.0
-30.93,1625449482.0,64.0
-33.26,1625449482.0,64.0
-34.04,1625449482.0,64.0
-33.03,1625449482.0,64.0
-30.29,1625449482.0,64.0
-26.13,1625449482.0,64.0
-21.04,1625449482.0,64.0
-15.52,1625449482.0,64.0
-9.99,1625449482.0,64.0
-4.77,1625449482.0,64.0
-0.11,1625449482.0,64.0
3.79,1625449482.0,64.0
6.78,1625449482.0,64.0
8.84,1625449482.0,64.0
10.11,1625449482.0,64.0
10.87,1625449482.0,64.0
11.49,1625449482.0,64.0
12.28,1625449482.0,64.0
13.45,1625449482.0,64.0
15.0,1625449482.0,64.0
16.78,1625449482.0,64.0
18.54,1625449482.0,64.0
19.96,1625449482.0,64.0
20.79,1625449482.0,64.0
20.88,1625449482.0,64.0
20.23,1625449482.0,64.0
18.98,1625449482.0,64.0
17.4,1625449482.0,64.0
15.71,1625449482.0,64.0
14.06,1625449482.0,64.0
12.44,1625449482.0,64.0
10.69,1625449482.0,64.0
8.64,1625449482.0,64.0
6.19,1625449482.0,64.0
3.39,1625449482.0,64.0
0.43,1625449482.0,64.0
-2.42,1625449482.0,64.0
-5.04,1625449482.0,64.0
-7.43,1625449482.0,64.0
-9.73,1625449482.0,64.0
-12.19,1625449482.0,64.0
-14.96,1625449482.0,64.0
-18.15,1625449482.0,64.0
-21.72,1625449482.0,64.0
-25.59,1625449482.0,64.0
-29.58,1625449482.0,64.0
-33.4,1625449482.0,64.0
-36.64,1625449482.0,64.0
-38.8,1625449482.0,64.0
-39.42,1625449482.0,64.0
-38.24,1625449482.0,64.0
-35.31,1625449482.0,64.0
-30.98,1625449482.0,64.0
-25.73,1625449482.0,64.0
-20.05,1625449482.0,64.0
-14.29,1625449482.0,64.0
-8.63,1625449482.0,64.0
-3.2,1625449482.0,64.0
1.81,1625449482.0,64.0
6.19,1625449482.0,64.0
9.75,1625449482.0,64.0
12.42,1625449482.0,64.0
14.31,1625449482.0,64.0
15.68,1625449482.0,64.0
16.85,1625449482.0,64.0
18.04,1625449482.0,64.0
19.35,1625449482.0,64.0
20.74,1625449482.0,64.0
22.06,1625449482.0,64.0
23.14,1625449482.0,64.0
23.82,1625449482.0,64.0
23.97,1625449482.0,64.0
23.6,1625449482.0,64.0
22.77,1625449482.0,64.0
21.58,1625449482.0,64.0
20.15,1625449482.0,64.0
18.48,1625449482.0,64.0
16.5,1625449482.0,64.0
14.14,1625449482.0,64.0
11.37,1625449482.0,64.0
8.28,1625449482.0,64.0
5.06,1625449482.0,64.0
1.93,1625449482.0,64.0
-1.0,1625449482.0,64.0
-3.76,1625449482.0,64.0
-6.49,1625449482.0,64.0
-9.4,1625449482.0,64.0
-12.59,1625449482.0,64.0
-16.1,1625449482.0,64.0
-19.9,1625449482.0,64.0
-23.95,1625449482.0,64.0
-28.18,1625449482.0,64.0
-32.48,1625449482.0,64.0
-36.59,1625449482.0,64.0
-40.07,1625449482.0,64.0
-42.39,1625449482.0,64.0
-43.07,1625449482.0,64.0
-41.82,1625449482.0,64.0
-38.68,1625449482.0,64.0
-33.95,1625449482.0,64.0
-28.11,1625449482.0,64.0
-21.66,1625449482.0,64.0
-14.94,1625449482.0,64.0
-8.2,1625449482.0,64.0
-1.62,1625449482.0,64.0
4.59,1625449482.0,64.0
10.15,1625449482.0,64.0
14.8,1625449482.0,64.0
18.33,1625449482.0,64.0
20.76,1625449482.0,64.0
22.29,1625449482.0,64.0
23.29,1625449482.0,64.0
24.17,1625449482.0,64.0
25.19,1625449482.0,64.0
26.46,1625449482.0,64.0
27.85,1625449482.0,64.0
29.13,1625449482.0,64.0
29.99,1625449482.0,64.0
30.24,1625449482.0,64.0
29.78,1625449482.0,64.0
28.67,1625449482.0,64.0
27.05,1625449482.0,64.0
25.13,1625449482.0,64.0
23.05,1625449482.0,64.0
20.9,1625449482.0,64.0
18.69,1625449482.0,64.0
16.38,1625449482.0,64.0
13.92,1625449482.0,64.0
11.26,1625449482.0,64.0
8.43,1625449482.0,64.0
5.43,1625449482.0,64.0
2.28,1625449482.0,64.0
-1.02,1625449482.0,64.0
-4.45,1625449482.0,64.0
-7.98,1625449482.0,64.0
-11.59,1625449482.0,64.0
-15.26,1625449482.0,64.0
-19.04,1625449482.0,64.0
-22.98,1625449482.0,64.0
-27.14,1625449482.0,64.0
-31.42,1625449482.0,64.0
-35.55,1625449482.0,64.0
-39.05,1625449482.0,64.0
-41.37,1625449482.0,64.0
-42.03,1625449482.0,64.0
-40.79,1625449482.0,64.0
-37.72,1625449482.0,64.0
-33.1,1625449482.0,64.0
-27.37,1625449482.0,64.0
-20.92,1625449482.0,64.0
-14.13,1625449482.0,64.0
-7.3,1625449482.0,64.0
-0.74,1625449482.0,64.0
5.25,1625449482.0,64.0
10.4,1625449482.0,64.0
14.52,1625449482.0,64.0
17.58,1625449482.0,64.0
19.74,1625449482.0,64.0
21.29,1625449482.0,64.0
22.61,1625449482.0,64.0
24.0,1625449482.0,64.0
25.6,1625449482.0,64.0
27.35,1625449482.0,64.0
29.03,1625449482.0,64.0
30.35,1625449482.0,64.0
31.07,1625449482.0,64.0
31.1,1625449482.0,64.0
30.5,1625449482.0,64.0
29.39,1625449482.0,64.0
27.94,1625449482.0,64.0
26.23,1625449482.0,64.0
24.28,1625449482.0,64.0
22.08,1625449482.0,64.0
19.6,1625449482.0,64.0
16.86,1625449482.0,64.0
13.96,1625449482.0,64.0
11.0,1625449482.0,64.0
8.08,1625449482.0,64.0
5.27,1625449482.0,64.0
2.55,1625449482.0,64.0
-0.15,1625449482.0,64.0
-2.98,1625449482.0,64.0
-6.08,1625449482.0,64.0
-9.51,1625449482.0,64.0
-13.25,1625449482.0,64.0
-17.21,1625449482.0,64.0
-21.3,1625449482.0,64.0
-25.44,1625449482.0,64.0
-29.62,1625449482.0,64.0
-33.73,1625449482.0,64.0
-37.51,1625449482.0,64.0
-40.49,1625449482.0,64.0
-42.11,1625449482.0,64.0
-41.91,1625449482.0,64.0
-39.7,1625449482.0,64.0
-35.72,1625449482.0,64.0
-30.47,1625449482.0,64.0
-24.54,1625449482.0,64.0
-18.38,1625449482.0,64.0
-12.19,1625449482.0,64.0
-6.03,1625449482.0,64.0
-0.0,1625449482.0,64.0
5.71,1625449482.0,64.0
10.76,1625449482.0,64.0
14.83,1625449482.0,64.0
17.81,1625449482.0,64.0
19.89,1625449482.0,64.0
21.42,1625449482.0,64.0
22.82,1625449482.0,64.0
24.31,1625449482.0,64.0
25.86,1625449482.0,64.0
27.27,1625449482.0,64.0
28.26,1625449482.0,64.0
28.69,1625449482.0,64.0
28.53,1625449482.0,64.0
27.88,1625449482.0,64.0
26.89,1625449482.0,64.0
25.66,1625449482.0,64.0
24.22,1625449482.0,64.0
22.6,1625449482.0,64.0
20.81,1625449482.0,64.0
18.87,1625449482.0,64.0
16.83,1625449482.0,64.0
14.68,1625449482.0,64.0
12.42,1625449482.0,64.0
10.01,1625449482.0,64.0
7.43,1625449482.0,64.0
4.72,1625449482.0,64.0
1.97,1625449482.0,64.0
-0.74,1625449482.0,64.0
-3.38,1625449482.0,64.0
-6.01,1625449482.0,64.0
-8.76,1625449482.0,64.0
-11.81,1625449482.0,64.0
-15.3,1625449482.0,64.0
-19.25,1625449482.0,64.0
-23.54,1625449482.0,64.0
-27.84,1625449482.0,64.0
-31.65,1625449482.0,64.0
-34.41,1625449482.0,64.0
-35.59,1625449482.0,64.0
-34.91,1625449482.0,64.0
-32.35,1625449482.0,64.0
-28.19,1625449482.0,64.0
-22.91,1625449482.0,64.0
-17.04,1625449482.0,64.0
-11.04,1625449482.0,64.0
-5.22,1625449482.0,64.0
0.16,1625449482.0,64.0
4.91,1625449482.0,64.0
8.84,1625449482.0,64.0
11.81,1625449482.0,64.0
13.8,1625449482.0,64.0
14.99,1625449482.0,64.0
15.73,1625449482.0,64.0
16.38,1625449482.0,64.0
17.25,1625449482.0,64.0
18.44,1625449482.0,64.0
19.84,1625449482.0,64.0
21.18,1625449482.0,64.0
22.14,1625449482.0,64.0
22.51,1625449482.0,64.0
22.22,1625449482.0,64.0
21.37,1625449482.0,64.0
20.13,1625449482.0,64.0
18.72,1625449482.0,64.0
17.23,1625449482.0,64.0
15.66,1625449482.0,64.0
13.92,1625449482.0,64.0
11.9,1625449482.0,64.0
9.52,1625449482.0,64.0
6.84,1625449482.0,64.0
3.99,1625449482.0,64.0
1.19,1625449482.0,64.0
-1.42,1625449482.0,64.0
-3.76,1625449482.0,64.0
-5.91,1625449482.0,64.0
-8.03,1625449482.0,64.0
-10.31,1625449482.0,64.0
-12.93,1625449482.0,64.0
-16.02,1625449482.0,64.0
-19.6,1625449482.0,64.0
-23.6,1625449482.0,64.0
-27.84,1625449482.0,64.0
-31.92,1625449482.0,64.0
-35.33,1625449482.0,64.0
-37.54,1625449482.0,64.0
-38.1,1625449482.0,64.0
-36.8,1625449482.0,64.0
-33.75,1625449482.0,64.0
-29.26,1625449482.0,64.0
-23.8,1625449482.0,64.0
-17.78,1625449482.0,64.0
-11.51,1625449482.0,64.0
-5.27,1625449482.0,64.0
0.74,1625449482.0,64.0
6.26,1625449482.0,64.0
10.99,1625449482.0,64.0
14.71,1625449482.0,64.0
17.33,1625449482.0,64.0
19.0,1625449482.0,64.0
20.04,1625449482.0,64.0
20.81,1625449482.0,64.0
21.59,1625449482.0,64.0
22.49,1625449482.0,64.0
23.45,1625449482.0,64.0
24.26,1625449482.0,64.0
24.73,1625449482.0,64.0
24.76,1625449482.0,64.0
24.31,1625449482.0,64.0
23.43,1625449482.0,64.0
22.22,1625449482.0,64.0
20.75,1625449482.0,64.0
19.1,1625449482.0,64.0
17.34,1625449482.0,64.0
15.48,1625449482.0,64.0
13.49,1625449482.0,64.0
11.27,1625449482.0,64.0
8.7,1625449482.0,64.0
5.72,1625449482.0,64.0
2.41,1625449482.0,64.0
-1.07,1625449482.0,64.0
-4.48,1625449482.0,64.0
-7.68,1625449482.0,64.0
-10.67,1625449482.0,64.0
-13.6,1625449482.0,64.0
-16.73,1625449482.0,64.0
-20.27,1625449482.0,64.0
-24.32,1625449482.0,64.0
-28.79,1625449482.0,64.0
-33.42,1625449482.0,64.0
-37.77,1625449482.0,64.0
-41.32,1625449482.0,64.0
-43.52,1625449482.0,64.0
-43.96,1625449482.0,64.0
-42.46,1625449482.0,64.0
-39.1,1625449482.0,64.0
-34.21,1625449482.0,64.0
-28.26,1625449482.0,64.0
-21.68,1625449482.0,64.0
-14.82,1625449482.0,64.0
-7.9,1625449482.0,64.0
-1.11,1625449482.0,64.0
5.36,1625449482.0,64.0
11.24,1625449482.0,64.0
16.25,1625449482.0,64.0
20.2,1625449482.0,64.0
23.05,1625449482.0,64.0
24.99,1625449482.0,64.0
26.32,1625449482.0,64.0
27.39,1625449482.0,64.0
28.43,1625449482.0,64.0
29.51,1625449482.0,64.0
30.55,1625449482.0,64.0
31.36,1625449482.0,64.0
31.77,1625449482.0,64.0
31.65,1625449482.0,64.0
31.01,1625449482.0,64.0
29.89,1625449482.0,64.0
28.37,1625449482.0,64.0
26.52,1625449482.0,64.0
24.41,1625449482.0,64.0
22.12,1625449482.0,64.0
19.74,1625449482.0,64.0
17.32,1625449482.0,64.0
14.84,1625449482.0,64.0
12.24,1625449482.0,64.0
9.45,1625449482.0,64.0
6.4,1625449482.0,64.0
3.14,1625449482.0,64.0
-0.24,1625449482.0,64.0
-3.63,1625449482.0,64.0
-6.97,1625449482.0,64.0
-10.34,1625449482.0,64.0
-13.93,1625449482.0,64.0
-17.96,1625449482.0,64.0
-22.54,1625449482.0,64.0
-27.6,1625449482.0,64.0
-32.82,1625449482.0,64.0
-37.67,1625449482.0,64.0
-41.49,1625449482.0,64.0
-43.74,1625449482.0,64.0
-44.07,1625449482.0,64.0
-42.45,1625449482.0,64.0
-39.11,1625449482.0,64.0
-34.48,1625449482.0,64.0
-28.95,1625449482.0,64.0
-22.85,1625449482.0,64.0
-16.36,1625449482.0,64.0
-9.67,1625449482.0,64.0
-2.96,1625449482.0,64.0
3.47,1625449482.0,64.0
9.25,1625449482.0,64.0
14.08,1625449482.0,64.0
17.82,1625449482.0,64.0
20.52,1625449482.0,64.0
22.45,1625449482.0,64.0
23.94,1625449482.0,64.0
25.3,1625449482.0,64.0
26.66,1625449482.0,64.0
28.01,1625449482.0,64.0
29.21,1625449482.0,64.0
30.11,1625449482.0,64.0
30.6,1625449482.0,64.0
30.68,1625449482.0,64.0
30.4,1625449482.0,64.0
29.81,1625449482.0,64.0
28.92,1625449482.0,64.0
27.7,1625449482.0,64.0
26.11,1625449482.0,64.0
24.15,1625449482.0,64.0
21.92,1625449482.0,64.0
19.54,1625449482.0,64.0
17.11,1625449482.0,64.0
14.62,1625449482.0,64.0
12.01,1625449482.0,64.0
9.18,1625449482.0,64.0
6.09,1625449482.0,64.0
2.82,1625449482.0,64.0
-0.5,1625449482.0,64.0
-3.73,1625449482.0,64.0
-6.85,1625449482.0,64.0
-9.93,1625449482.0,64.0
-13.14,1625449482.0,64.0
-16.63,1625449482.0,64.0
-20.45,1625449482.0,64.0
-24.62,1625449482.0,64.0
-29.04,1625449482.0,64.0
-33.61,1625449482.0,64.0
-38.11,1625449482.0,64.0
-42.21,1625449482.0,64.0
-45.42,1625449482.0,64.0
-47.18,1625449482.0,64.0
-47.05,1625449482.0,64.0
-44.86,1625449482.0,64.0
-40.83,1625449482.0,64.0
-35.44,1625449482.0,64.0
-29.28,1625449482.0,64.0
-22.81,1625449482.0,64.0
-16.27,1625449482.0,64.0
-9.75,1625449482.0,64.0
-3.27,1625449482.0,64.0
3.01,1625449482.0,64.0
8.81,1625449482.0,64.0
13.83,1625449482.0,64.0
17.87,1625449482.0,64.0
20.91,1625449482.0,64.0
23.15,1625449482.0,64.0
24.87,1625449482.0,64.0
26.35,1625449482.0,64.0
27.72,1625449482.0,64.0
28.94,1625449482.0,64.0
29.92,1625449482.0,64.0
30.5,1625449482.0,64.0
30.62,1625449482.0,64.0
30.31,1625449482.0,64.0
29.66,1625449482.0,64.0
28.8,1625449482.0,64.0
27.78,1625449482.0,64.0
26.57,1625449482.0,64.0
25.11,1625449482.0,64.0
23.33,1625449482.0,64.0
21.19,1625449482.0,64.0
18.79,1625449482.0,64.0
16.26,1625449482.0,64.0
13.73,1625449482.0,64.0
11.26,1625449482.0,64.0
8.82,1625449482.0,64.0
6.31,1625449482.0,64.0
3.68,1625449482.0,64.0
0.93,1625449482.0,64.0
-1.87,1625449482.0,64.0
-4.69,1625449482.0,64.0
-7.58,1625449482.0,64.0
-10.7,1625449482.0,64.0
-14.21,1625449482.0,64.0
-18.26,1625449482.0,64.0
-22.78,1625449482.0,64.0
-27.56,1625449482.0,64.0
-32.2,1625449482.0,64.0
-36.21,1625449482.0,64.0
-39.14,1625449482.0,64.0
-40.64,1625449482.0,64.0
-40.54,1625449482.0,64.0
-38.86,1625449482.0,64.0
-35.75,1625449482.0,64.0
-31.47,1625449482.0,64.0
-26.33,1625449482.0,64.0
-20.62,1625449482.0,64.0
-14.59,1625449482.0,64.0
-8.49,1625449482.0,64.0
-2.58,1625449482.0,64.0
2.88,1625449482.0,64.0
7.64,1625449482.0,64.0
11.51,1625449482.0,64.0
14.45,1625449482.0,64.0
16.56,1625449482.0,64.0
18.08,1625449482.0,64.0
19.28,1625449482.0,64.0
20.4,1625449482.0,64.0
21.57,1625449482.0,64.0
22.77,1625449482.0,64.0
23.91,1625449482.0,64.0
24.84,1625449482.0,64.0
25.45,1625449482.0,64.0
25.67,1625449482.0,64.0
25.46,1625449482.0,64.0
24.83,1625449482.0,64.0
23.83,1625449482.0,64.0
22.53,1625449482.0,64.0
21.01,1625449482.0,64.0
19.36,1625449482.0,64.0
17.61,1625449482.0,64.0
15.75,1625449482.0,64.0
13.76,1625449482.0,64.0
11.6,1625449482.0,64.0
9.31,1625449482.0,64.0
6.94,1625449482.0,64.0
4.52,1625449482.0,64.0
2.04,1625449482.0,64.0
-0.6,1625449482.0,64.0
-3.48,1625449482.0,64.0
-6.64,1625449482.0,64.0
-10.04,1625449482.0,64.0
-13.59,1625449482.0,64.0
-17.18,1625449482.0,64.0
-20.81,1625449482.0,64.0
-24.55,1625449482.0,64.0
-28.5,1625449482.0,64.0
-32.6,1625449482.0,64.0
-36.59,1625449482.0,64.0
-39.97,1625449482.0,64.0
-42.12,1625449482.0,64.0
-42.54,1625449482.0,64.0
-41.06,1625449482.0,64.0
-37.84,1625449482.0,64.0
-33.33,1625449482.0,64.0
-28.06,1625449482.0,64.0
-22.45,1625449482.0,64.0
-16.72,1625449482.0,64.0
-10.97,1625449482.0,64.0
-5.24,1625449482.0,64.0
0.31,1625449482.0,64.0
5.41,1625449482.0,64.0
9.7,1625449482.0,64.0
12.95,1625449482.0,64.0
15.17,1625449482.0,64.0
16.62,1625449482.0,64.0
17.73,1625449482.0,64.0
18.89,1625449482.0,64.0
20.3,1625449482.0,64.0
21.86,1625449482.0,64.0
23.26,1625449482.0,64.0
24.2,1625449482.0,64.0
24.5,1625449482.0,64.0
24.25,1625449482.0,64.0
23.64,1625449482.0,64.0
22.89,1625449482.0,64.0
22.06,1625449482.0,64.0
21.08,1625449482.0,64.0
19.79,1625449482.0,64.0
18.12,1625449482.0,64.0
16.08,1625449482.0,64.0
13.8,1625449482.0,64.0
11.39,1625449482.0,64.0
8.89,1625449482.0,64.0
6.29,1625449482.0,64.0
3.54,1625449482.0,64.0
0.66,1625449482.0,64.0
-2.29,1625449482.0,64.0
-5.2,1625449482.0,64.0
-8.02,1625449482.0,64.0
-10.78,1625449482.0,64.0
-13.61,1625449482.0,64.0
-16.73,1625449482.0,64.0
-20.33,1625449482.0,64.0
-24.51,1625449482.0,64.0
-29.23,1625449482.0,64.0
-34.22,1625449482.0,64.0
-39.0,1625449482.0,64.0
-42.9,1625449482.0,64.0
-45.24,1625449482.0,64.0
-45.51,1625449482.0,64.0
-43.58,1625449482.0,64.0
-39.71,1625449482.0,64.0
-34.47,1625449482.0,64.0
-28.52,1625449482.0,64.0
-22.34,1625449482.0,64.0
-16.2,1625449482.0,64.0
-10.14,1625449482.0,64.0
-4.17,1625449482.0,64.0
1.62,1625449482.0,64.0
7.0,1625449482.0,64.0
11.69,1625449482.0,64.0
15.49,1625449482.0,64.0
18.42,1625449482.0,64.0
20.66,1625449482.0,64.0
22.51,1625449482.0,64.0
24.2,1625449482.0,64.0
25.8,1625449482.0,64.0
27.23,1625449482.0,64.0
28.35,1625449482.0,64.0
29.06,1625449482.0,64.0
29.31,1625449482.0,64.0
29.16,1625449482.0,64.0
28.69,1625449482.0,64.0
27.94,1625449482.0,64.0
26.92,1625449482.0,64.0
25.59,1625449482.0,64.0
23.92,1625449482.0,64.0
21.92,1625449482.0,64.0
19.59,1625449482.0,64.0
16.97,1625449482.0,64.0
14.11,1625449482.0,64.0
11.06,1625449482.0,64.0
7.93,1625449482.0,64.0
4.86,1625449482.0,64.0
1.99,1625449482.0,64.0
-0.64,1625449482.0,64.0
-3.06,1625449482.0,64.0
-5.46,1625449482.0,64.0
-8.08,1625449482.0,64.0
-11.1,1625449482.0,64.0
-14.65,1625449482.0,64.0
-18.7,1625449482.0,64.0
-23.16,1625449482.0,64.0
-27.82,1625449482.0,64.0
-32.41,1625449482.0,64.0
-36.6,1625449482.0,64.0
-39.97,1625449482.0,64.0
-42.11,1625449482.0,64.0
-42.65,1625449482.0,64.0
-41.42,1625449482.0,64.0
-38.5,1625449482.0,64.0
-34.2,1625449482.0,64.0
-28.96,1625449482.0,64.0
-23.18,1625449482.0,64.0
-17.12,1625449482.0,64.0
-10.91,1625449482.0,64.0
-4.64,1625449482.0,64.0
1.5,1625449482.0,64.0
7.23,1625449482.0,64.0
12.17,1625449482.0,64.0
16.04,1625449482.0,64.0
18.77,1625449482.0,64.0
20.55,1625449482.0,64.0
21.76,1625449482.0,64.0
22.8,1625449482.0,64.0
23.87,1625449482.0,64.0
25.0,1625449482.0,64.0
26.02,1625449482.0,64.0
26.73,1625449482.0,64.0
27.01,1625449482.0,64.0
26.87,1625449482.0,64.0
26.42,1625449482.0,64.0
25.76,1625449482.0,64.0
24.92,1625449482.0,64.0
23.8,1625449482.0,64.0
22.27,1625449482.0,64.0
20.28,1625449482.0,64.0
17.93,1625449482.0,64.0
15.41,1625449482.0,64.0
12.97,1625449482.0,64.0
10.71,1625449482.0,64.0
8.59,1625449482.0,64.0
6.45,1625449482.0,64.0
4.08,1625449482.0,64.0
1.44,1625449482.0,64.0
-1.41,1625449482.0,64.0
-4.31,1625449482.0,64.0
-7.15,1625449482.0,64.0
-9.92,1625449482.0,64.0
-12.7,1625449482.0,64.0
-15.63,1625449482.0,64.0
-18.81,1625449482.0,64.0
-22.29,1625449482.0,64.0
-26.04,1625449482.0,64.0
-30.01,1625449482.0,64.0
-34.02,1625449482.0,64.0
-37.79,1625449482.0,64.0
-40.88,1625449482.0,64.0
-42.79,1625449482.0,64.0
-43.11,1625449482.0,64.0
-41.67,1625449482.0,64.0
-38.58,1625449482.0,64.0
-34.18,1625449482.0,64.0
-28.89,1625449482.0,64.0
-23.04,1625449482.0,64.0
-16.87,1625449482.0,64.0
-10.53,1625449482.0,64.0
-4.22,1625449482.0,64.0
1.77,1625449482.0,64.0
7.08,1625449482.0,64.0
11.42,1625449482.0,64.0
14.65,1625449482.0,64.0
16.9,1625449482.0,64.0
18.47,1625449482.0,64.0
19.75,1625449482.0,64.0
21.08,1625449482.0,64.0
22.59,1625449482.0,64.0
24.24,1625449482.0,64.0
25.82,1625449482.0,64.0
27.05,1625449482.0,64.0
27.72,1625449482.0,64.0
27.7,1625449482.0,64.0
27.06,1625449482.0,64.0
25.96,1625449482.0,64.0
24.59,1625449482.0,64.0
23.1,1625449482.0,64.0
21.55,1625449482.0,64.0
19.9,1625449482.0,64.0
18.09,1625449482.0,64.0
16.07,1625449482.0,64.0
13.83,1625449482.0,64.0
11.42,1625449482.0,64.0
8.88,1625449482.0,64.0
6.25,1625449482.0,64.0
3.54,1625449482.0,64.0
0.74,1625449482.0,64.0
-2.13,1625449482.0,64.0
-5.05,1625449482.0,64.0
-7.97,1625449482.0,64.0
-10.91,1625449482.0,64.0
-13.91,1625449482.0,64.0
-17.09,1625449482.0,64.0
-20.56,1625449482.0,64.0
-24.37,1625449482.0,64.0
-28.44,1625449482.0,64.0
-32.48,1625449482.0,64.0
-36.07,1625449482.0,64.0
-38.7,1625449482.0,64.0
-39.89,1625449482.0,64.0
-39.35,1625449482.0,64.0
-37.03,1625449482.0,64.0
-33.15,1625449482.0,64.0
-28.13,1625449482.0,64.0
-22.43,1625449482.0,64.0
-16.46,1625449482.0,64.0
-10.53,1625449482.0,64.0
-4.83,1625449482.0,64.0
0.47,1625449482.0,64.0
5.19,1625449482.0,64.0
9.08,1625449482.0,64.0
12.01,1625449482.0,64.0
13.97,1625449482.0,64.0
15.24,1625449482.0,64.0
16.22,1625449482.0,64.0
17.33,1625449482.0,64.0
18.84,1625449482.0,64.0
20.71,1625449482.0,64.0
22.66,1625449482.0,64.0
24.3,1625449482.0,64.0
25.31,1625449482.0,64.0
25.55,1625449482.0,64.0
25.07,1625449482.0,64.0
24.07,1625449482.0,64.0
22.76,1625449482.0,64.0
21.31,1625449482.0,64.0
19.81,1625449482.0,64.0
18.27,1625449482.0,64.0
16.7,1625449482.0,64.0
15.08,1625449482.0,64.0
13.36,1625449482.0,64.0
11.51,1625449482.0,64.0
9.48,1625449482.0,64.0
7.24,1625449482.0,64.0
4.8,1625449482.0,64.0
2.17,1625449482.0,64.0
-0.63,1625449482.0,64.0
-3.54,1625449482.0,64.0
-6.55,1625449482.0,64.0
-9.66,1625449482.0,64.0
-12.92,1625449482.0,64.0
-16.37,1625449482.0,64.0
-20.1,1625449482.0,64.0
-24.13,1625449482.0,64.0
-28.38,1625449482.0,64.0
-32.64,1625449482.0,64.0
-36.51,1625449482.0,64.0
-39.43,1625449482.0,64.0
-40.88,1625449482.0,64.0
-40.5,1625449482.0,64.0
-38.24,1625449482.0,64.0
-34.38,1625449482.0,64.0
-29.45,1625449482.0,64.0
-23.99,1625449482.0,64.0
-18.39,1625449482.0,64.0
-12.82,1625449482.0,64.0
-7.3,1625449482.0,64.0
-1.91,1625449482.0,64.0
3.14,1625449482.0,64.0
7.5,1625449482.0,64.0
10.78,1625449482.0,64.0
12.86,1625449482.0,64.0
13.96,1625449482.0,64.0
14.56,1625449482.0,64.0
15.24,1625449482.0,64.0
16.41,1625449482.0,64.0
18.13,1625449482.0,64.0
20.15,1625449482.0,64.0
22.01,1625449482.0,64.0
23.31,1625449482.0,64.0
23.8,1625449482.0,64.0
23.5,1625449482.0,64.0
22.58,1625449482.0,64.0
21.3,1625449482.0,64.0
19.82,1625449482.0,64.0
18.22,1625449482.0,64.0
16.46,1625449482.0,64.0
14.48,1625449482.0,64.0
12.25,1625449482.0,64.0
9.82,1625449482.0,64.0
7.3,1625449482.0,64.0
4.79,1625449482.0,64.0
2.32,1625449482.0,64.0
-0.2,1625449482.0,64.0
-2.91,1625449482.0,64.0
-5.93,1625449482.0,64.0
-9.31,1625449482.0,64.0
-12.99,1625449482.0,64.0
-16.84,1625449482.0,64.0
-20.77,1625449482.0,64.0
-24.76,1625449482.0,64.0
-28.76,1625449482.0,64.0
-32.7,1625449482.0,64.0
-36.29,1625449482.0,64.0
-39.1,1625449482.0,64.0
-40.57,1625449482.0,64.0
-40.28,1625449482.0,64.0
-38.08,1625449482.0,64.0
-34.17,1625449482.0,64.0
-29.05,1625449482.0,64.0
-23.29,1625449482.0,64.0
-17.34,1625449482.0,64.0
-11.41,1625449482.0,64.0
-5.53,1625449482.0,64.0
0.3,1625449482.0,64.0
5.95,1625449482.0,64.0
11.12,1625449482.0,64.0
15.41,1625449482.0,64.0
18.53,1625449482.0,64.0
20.47,1625449482.0,64.0
21.52,1625449482.0,64.0
22.15,1625449482.0,64.0
22.85,1625449482.0,64.0
23.87,1625449482.0,64.0
25.18,1625449482.0,64.0
26.45,1625449482.0,64.0
27.31,1625449482.0,64.0
27.46,1625449482.0,64.0
26.83,1625449482.0,64.0
25.58,1625449482.0,64.0
23.99,1625449482.0,64.0
22.32,1625449482.0,64.0
20.65,1625449482.0,64.0
18.95,1625449482.0,64.0
17.05,1625449482.0,64.0
14.83,1625449482.0,64.0
12.25,1625449482.0,64.0
9.42,1625449482.0,64.0
6.52,1625449482.0,64.0
3.69,1625449482.0,64.0
1.0,1625449482.0,64.0
-1.62,1625449482.0,64.0
-4.29,1625449482.0,64.0
-7.13,1625449482.0,64.0
-10.22,1625449482.0,64.0
-13.59,1625449482.0,64.0
-17.26,1625449482.0,64.0
-21.23,1625449482.0,64.0
-25.5,1625449482.0,64.0
-29.9,1625449482.0,64.0
-34.14,1625449482.0,64.0
-37.75,1625449482.0,64.0
-40.22,1625449482.0,64.0
-41.12,1625449482.0,64.0
-40.24,1625449482.0,64.0
-37.59,1625449482.0,64.0
-33.43,1625449482.0,64.0
-28.12,1625449482.0,64.0
-22.05,1625449482.0,64.0
-15.57,1625449482.0,64.0
-8.96,1625449482.0,64.0
-2.44,1625449482.0,64.0
3.81,1625449482.0,64.0
9.57,1625449482.0,64.0
14.66,1625449482.0,64.0
18.87,1625449482.0,64.0
22.07,1625449482.0,64.0
24.3,1625449482.0,64.0
25.77,1625449482.0,64.0
26.82,1625449482.0,64.0
27.82,1625449482.0,64.0
28.98,1625449482.0,64.0
30.28,1625449482.0,64.0
31.5,1625449482.0,64.0
32.34,1625449482.0,64.0
32.55,1625449482.0,64.0
32.1,1625449482.0,64.0
31.05,1625449482.0,64.0
29.56,1625449482.0,64.0
27.73,1625449482.0,64.0
25.58,1625449482.0,64.0
23.09,1625449482.0,64.0
20.27,1625449482.0,64.0
17.19,1625449482.0,64.0
13.98,1625449482.0,64.0
10.77,1625449482.0,64.0
7.63,1625449482.0,64.0
4.57,1625449482.0,64.0
1.54,1625449482.0,64.0
-1.51,1625449482.0,64.0
-4.62,1625449482.0,64.0
-7.79,1625449482.0,64.0
-11.04,1625449482.0,64.0
-14.36,1625449482.0,64.0
-17.82,1625449482.0,64.0
-21.46,1625449482.0,64.0
-25.36,1625449482.0,64.0
-29.49,1625449482.0,64.0
-33.71,1625449482.0,64.0
-37.69,1625449482.0,64.0
-40.99,1625449482.0,64.0
-43.12,1625449482.0,64.0
-43.67,1625449482.0,64.0
-42.44,1625449482.0,64.0
-39.47,1625449482.0,64.0
-35.02,1625449482.0,64.0
-29.45,1625449482.0,64.0
-23.15,1625449482.0,64.0
-16.43,1625449482.0,64.0
-9.53,1625449482.0,64.0
-2.7,1625449482.0,64.0
3.75,1625449482.0,64.0
9.5,1625449482.0,64.0
14.28,1625449482.0,64.0
17.95,1625449482.0,64.0
20.63,1625449482.0,64.0
22.62,1625449482.0,64.0
24.31,1625449482.0,64.0
26.03,1625449482.0,64.0
27.92,1625449482.0,64.0
29.87,1625449482.0,64.0
31.68,1625449482.0,64.0
33.08,1625449482.0,64.0
33.89,1625449482.0,64.0
34.04,1625449482.0,64.0
33.56,1625449482.0,64.0
32.49,1625449482.0,64.0
30.9,1625449482.0,64.0
28.9,1625449482.0,64.0
26.59,1625449482.0,64.0
24.12,1625449482.0,64.0
21.53,1625449482.0,64.0
18.82,1625449482.0,64.0
15.93,1625449482.0,64.0
12.8,1625449482.0,64.0
9.44,1625449482.0,64.0
6.0,1625449482.0,64.0
2.64,1625449482.0,64.0
-0.49,1625449482.0,64.0
-3.39,1625449482.0,64.0
-6.22,1625449482.0,64.0
-9.23,1625449482.0,64.0
-12.63,1625449482.0,64.0
-16.5,1625449482.0,64.0
-20.79,1625449482.0,64.0
-25.35,1625449482.0,64.0
-30.02,1625449482.0,64.0
-34.6,1625449482.0,64.0
-38.75,1625449482.0,64.0
-42.03,1625449482.0,64.0
-43.9,1625449482.0,64.0
-43.9,1625449482.0,64.0
-41.83,1625449482.0,64.0
-37.89,1625449482.0,64.0
-32.56,1625449482.0,64.0
-26.48,1625449482.0,64.0
-20.12,1625449482.0,64.0
-13.77,1625449482.0,64.0
-7.5,1625449482.0,64.0
-1.34,1625449482.0,64.0
4.6,1625449482.0,64.0
10.05,1625449482.0,64.0
14.73,1625449482.0,64.0
18.45,1625449482.0,64.0
21.22,1625449482.0,64.0
23.28,1625449482.0,64.0
24.94,1625449482.0,64.0
26.48,1625449482.0,64.0
27.99,1625449482.0,64.0
29.4,1625449482.0,64.0
30.52,1625449482.0,64.0
31.17,1625449482.0,64.0
31.26,1625449482.0,64.0
30.81,1625449482.0,64.0
29.94,1625449482.0,64.0
28.77,1625449482.0,64.0
27.38,1625449482.0,64.0
25.8,1625449482.0,64.0
24.02,1625449482.0,64.0
22.02,1625449482.0,64.0
19.84,1625449482.0,64.0
17.51,1625449482.0,64.0
15.09,1625449482.0,64.0
12.59,1625449482.0,64.0
10.01,1625449482.0,64.0
7.32,1625449482.0,64.0
4.52,1625449482.0,64.0
1.61,1625449482.0,64.0
-1.33,1625449482.0,64.0
-4.28,1625449482.0,64.0
-7.26,1625449482.0,64.0
-10.36,1625449482.0,64.0
-13.72,1625449482.0,64.0
-17.46,1625449482.0,64.0
-21.65,1625449482.0,64.0
-26.18,1625449482.0,64.0
-30.77,1625449482.0,64.0
-34.98,1625449482.0,64.0
-38.26,1625449482.0,64.0
-40.05,1625449482.0,64.0
-39.98,1625449482.0,64.0
-37.91,1625449482.0,64.0
-34.05,1625449482.0,64.0
-28.87,1625449482.0,64.0
-22.96,1625449482.0,64.0
-16.87,1625449482.0,64.0
-10.92,1625449482.0,64.0
-5.25,1625449482.0,64.0
0.12,1625449482.0,64.0
5.1,1625449482.0,64.0
9.52,1625449482.0,64.0
13.11,1625449482.0,64.0
15.7,1625449482.0,64.0
17.31,1625449482.0,64.0
18.24,1625449482.0,64.0
18.92,1625449482.0,64.0
19.75,1625449482.0,64.0
20.93,1625449482.0,64.0
22.39,1625449482.0,64.0
23.87,1625449482.0,64.0
25.05,1625449482.0,64.0
25.66,1625449482.0,64.0
25.61,1625449482.0,64.0
24.96,1625449482.0,64.0
23.86,1625449482.0,64.0
22.46,1625449482.0,64.0
20.83,1625449482.0,64.0
18.99,1625449482.0,64.0
16.9,1625449482.0,64.0
14.55,1625449482.0,64.0
11.98,1625449482.0,64.0
9.31,1625449482.0,64.0
6.66,1625449482.0,64.0
4.13,1625449482.0,64.0
1.72,1625449482.0,64.0
-0.64,1625449482.0,64.0
-3.06,1625449482.0,64.0
-5.65,1625449482.0,64.0
-8.5,1625449482.0,64.0
-11.61,1625449482.0,64.0
-14.99,1625449482.0,64.0
-18.64,1625449482.0,64.0
-22.56,1625449482.0,64.0
-26.67,1625449482.0,64.0
-30.79,1625449482.0,64.0
-34.6,1625449482.0,64.0
-37.6,1625449482.0,64.0
-39.27,1625449482.0,64.0
-39.17,1625449482.0,64.0
-37.12,1625449482.0,64.0
-33.24,1625449482.0,64.0
-27.96,1625449482.0,64.0
-21.83,1625449482.0,64.0
-15.38,1625449482.0,64.0
-9.01,1625449482.0,64.0
-3.01,1625449482.0,64.0
2.41,1625449482.0,64.0
7.05,1625449482.0,64.0
10.76,1625449482.0,64.0
13.51,1625449482.0,64.0
15.45,1625449482.0,64.0
16.92,1625449482.0,64.0
18.3,1625449482.0,64.0
19.88,1625449482.0,64.0
21.71,1625449482.0,64.0
23.65,1625449482.0,64.0
25.38,1625449482.0,64.0
26.64,1625449482.0,64.0
27.27,1625449482.0,64.0
27.25,1625449482.0,64.0
26.68,1625449482.0,64.0
25.66,1625449482.0,64.0
24.26,1625449482.0,64.0
22.53,1625449482.0,64.0
20.49,1625449482.0,64.0
18.19,1625449482.0,64.0
15.66,1625449482.0,64.0
12.93,1625449482.0,64.0
10.01,1625449482.0,64.0
6.89,1625449482.0,64.0
3.6,1625449482.0,64.0
0.22,1625449482.0,64.0
-3.08,1625449482.0,64.0
-6.18,1625449482.0,64.0
-9.0,1625449482.0,64.0
-11.65,1625449482.0,64.0
-14.4,1625449482.0,64.0
-17.56,1625449482.0,64.0
-21.39,1625449482.0,64.0
-25.91,1625449482.0,64.0
-30.89,1625449482.0,64.0
-35.9,1625449482.0,64.0
-40.4,1625449482.0,64.0
-43.85,1625449482.0,64.0
-45.86,1625449482.0,64.0
-46.18,1625449482.0,64.0
-44.75,1625449482.0,64.0
-41.72,1625449482.0,64.0
-37.28,1625449482.0,64.0
-31.73,1625449482.0,64.0
-25.31,1625449482.0,64.0
-18.25,1625449482.0,64.0
-10.81,1625449482.0,64.0
-3.3,1625449482.0,64.0
3.86,1625449482.0,64.0
10.23,1625449482.0,64.0
15.48,1625449482.0,64.0
19.45,1625449482.0,64.0
22.23,1625449482.0,64.0
24.13,1625449482.0,64.0
25.57,1625449482.0,64.0
26.94,1625449482.0,64.0
28.44,1625449482.0,64.0
30.1,1625449482.0,64.0
31.68,1625449482.0,64.0
32.88,1625449482.0,64.0
33.39,1625449482.0,64.0
33.1,1625449482.0,64.0
32.07,1625449482.0,64.0
30.55,1625449482.0,64.0
28.82,1625449482.0,64.0
27.06,1625449482.0,64.0
25.27,1625449482.0,64.0
23.31,1625449482.0,64.0
21.05,1625449482.0,64.0
18.45,1625449482.0,64.0
15.61,1625449482.0,64.0
12.7,1625449482.0,64.0
9.85,1625449482.0,64.0
7.06,1625449482.0,64.0
4.24,1625449482.0,64.0
1.27,1625449482.0,64.0
-1.94,1625449482.0,64.0
-5.36,1625449482.0,64.0
-8.94,1625449482.0,64.0
-12.63,1625449482.0,64.0
-16.47,1625449482.0,64.0
-20.54,1625449482.0,64.0
-24.95,1625449482.0,64.0
-29.67,1625449482.0,64.0
-34.51,1625449482.0,64.0
-39.04,1625449482.0,64.0
-42.68,1625449482.0,64.0
-44.84,1625449482.0,64.0
-45.1,1625449482.0,64.0
-43.29,1625449482.0,64.0
-39.61,1625449482.0,64.0
-34.54,1625449482.0,64.0
-28.63,1625449482.0,64.0
-22.31,1625449482.0,64.0
-15.82,1625449482.0,64.0
-9.22,1625449482.0,64.0
-2.57,1625449482.0,64.0
3.94,1625449482.0,64.0
9.94,1625449482.0,64.0
15.0,1625449482.0,64.0
18.83,1625449482.0,64.0
21.45,1625449482.0,64.0
23.17,1625449482.0,64.0
24.48,1625449482.0,64.0
25.76,1625449482.0,64.0
27.21,1625449482.0,64.0
28.72,1625449482.0,64.0
30.06,1625449482.0,64.0
30.99,1625449482.0,64.0
31.38,1625449482.0,64.0
31.26,1625449482.0,64.0
30.71,1625449482.0,64.0
29.8,1625449482.0,64.0
28.53,1625449482.0,64.0
26.88,1625449482.0,64.0
24.84,1625449482.0,64.0
22.49,1625449482.0,64.0
19.94,1625449482.0,64.0
17.33,1625449482.0,64.0
14.71,1625449482.0,64.0
12.1,1625449482.0,64.0
9.45,1625449482.0,64.0
6.75,1625449482.0,64.0
3.96,1625449482.0,64.0
1.06,1625449482.0,64.0
-1.99,1625449482.0,64.0
-5.26,1625449482.0,64.0
-8.77,1625449482.0,64.0
-12.49,1625449482.0,64.0
-16.32,1625449482.0,64.0
-20.19,1625449482.0,64.0
-24.09,1625449482.0,64.0
-28.13,1625449482.0,64.0
-32.4,1625449482.0,64.0
-36.87,1625449482.0,64.0
-41.23,1625449482.0,64.0
-44.89,1625449482.0,64.0
-47.11,1625449482.0,64.0
-47.33,1625449482.0,64.0
-45.29,1625449482.0,64.0
-41.21,1625449482.0,64.0
-35.59,1625449482.0,64.0
-29.07,1625449482.0,64.0
-22.19,1625449482.0,64.0
-15.31,1625449482.0,64.0
-8.61,1625449482.0,64.0
-2.16,1625449482.0,64.0
3.9,1625449482.0,64.0
9.39,1625449482.0,64.0
14.06,1625449482.0,64.0
17.75,1625449482.0,64.0
20.39,1625449482.0,64.0
22.17,1625449482.0,64.0
23.4,1625449482.0,64.0
24.43,1625449482.0,64.0
25.54,1625449482.0,64.0
26.79,1625449482.0,64.0
28.11,1625449482.0,64.0
29.3,1625449482.0,64.0
30.19,1625449482.0,64.0
30.67,1625449482.0,64.0
30.67,1625449482.0,64.0
30.2,1625449482.0,64.0
29.23,1625449482.0,64.0
27.77,1625449482.0,64.0
25.86,1625449482.0,64.0
23.63,1625449482.0,64.0
21.24,1625449482.0,64.0
18.87,1625449482.0,64.0
16.58,1625449482.0,64.0
14.32,1625449482.0,64.0
11.91,1625449482.0,64.0
9.14,1625449482.0,64.0
5.9,1625449482.0,64.0
2.17,1625449482.0,64.0
-1.87,1625449482.0,64.0
-5.91,1625449482.0,64.0
-9.69,1625449482.0,64.0
-13.04,1625449482.0,64.0
-16.04,1625449482.0,64.0
-18.97,1625449482.0,64.0
-22.21,1625449482.0,64.0
-26.02,1625449482.0,64.0
-30.42,1625449482.0,64.0
-35.09,1625449482.0,64.0
-39.44,1625449482.0,64.0
-42.77,1625449482.0,64.0
-44.52,1625449482.0,64.0
-44.37,1625449482.0,64.0
-42.35,1625449482.0,64.0
-38.74,1625449482.0,64.0
-33.97,1625449482.0,64.0
-28.4,1625449482.0,64.0
-22.32,1625449482.0,64.0
-15.93,1625449482.0,64.0
-9.41,1625449482.0,64.0
-2.99,1625449482.0,64.0
2.98,1625449482.0,64.0
8.15,1625449482.0,64.0
12.24,1625449482.0,64.0
15.2,1625449482.0,64.0
17.26,1625449482.0,64.0
18.79,1625449482.0,64.0
20.24,1625449482.0,64.0
21.87,1625449482.0,64.0
23.72,1625449482.0,64.0
25.6,1625449482.0,64.0
27.22,1625449482.0,64.0
28.31,1625449482.0,64.0
28.76,1625449482.0,64.0
28.61,1625449482.0,64.0
27.98,1625449482.0,64.0
27.04,1625449482.0,64.0
25.91,1625449482.0,64.0
24.62,1625449482.0,64.0
23.16,1625449482.0,64.0
21.49,1625449482.0,64.0
19.55,1625449482.0,64.0
17.32,1625449482.0,64.0
14.79,1625449482.0,64.0
12.04,1625449482.0,64.0
9.15,1625449482.0,64.0
6.27,1625449482.0,64.0
3.48,1625449482.0,64.0
0.81,1625449482.0,64.0
-1.77,1625449482.0,64.0
-4.4,1625449482.0,64.0
-7.21,1625449482.0,64.0
-10.3,1625449482.0,64.0
-13.75,1625449482.0,64.0
-17.58,1625449482.0,64.0
-21.79,1625449482.0,64.0
-26.3,1625449482.0,64.0
-30.9,1625449482.0,64.0
-35.21,1625449482.0,64.0
-38.71,1625449482.0,64.0
-40.85,1625449482.0,64.0
-41.19,1625449482.0,64.0
-39.59,1625449482.0,64.0
-36.23,1625449482.0,64.0
-31.52,1625449482.0,64.0
-25.96,1625449482.0,64.0
-19.95,1625449482.0,64.0
-13.76,1625449482.0,64.0
-7.52,1625449482.0,64.0
-1.4,1625449482.0,64.0
4.35,1625449482.0,64.0
9.37,1625449482.0,64.0
13.32,1625449482.0,64.0
16.06,1625449482.0,64.0
17.7,1625449482.0,64.0
18.66,1625449482.0,64.0
19.44,1625449482.0,64.0
20.44,1625449482.0,64.0
21.75,1625449482.0,64.0
23.16,1625449482.0,64.0
24.31,1625449482.0,64.0
24.86,1625449482.0,64.0
24.69,1625449482.0,64.0
23.88,1625449482.0,64.0
22.64,1625449482.0,64.0
21.18,1625449482.0,64.0
19.56,1625449482.0,64.0
17.76,1625449482.0,64.0
15.73,1625449482.0,64.0
13.45,1625449482.0,64.0
10.96,1625449482.0,64.0
8.33,1625449482.0,64.0
5.61,1625449482.0,64.0
2.85,1625449482.0,64.0
0.1,1625449482.0,64.0
-2.57,1625449482.0,64.0
-5.12,1625449482.0,64.0
-7.6,1625449482.0,64.0
-10.14,1625449482.0,64.0
-12.96,1625449482.0,64.0
-16.28,1625449482.0,64.0
-20.13,1625449482.0,64.0
-24.43,1625449482.0,64.0
-28.89,1625449482.0,64.0
-33.22,1625449482.0,64.0
-37.1,1625449482.0,64.0
-40.23,1625449482.0,64.0
-42.36,1625449482.0,64.0
-43.17,1625449482.0,64.0
-42.43,1625449482.0,64.0
-40.0,1625449482.0,64.0
-35.98,1625449482.0,64.0
-30.68,1625449482.0,64.0
-24.56,1625449482.0,64.0
-18.07,1625449482.0,64.0
-11.58,1625449482.0,64.0
-5.3,1625449482.0,64.0
0.6,1625449482.0,64.0
5.98,1625449482.0,64.0
10.66,1625449482.0,64.0
14.45,1625449482.0,64.0
17.27,1625449482.0,64.0
19.17,1625449482.0,64.0
20.41,1625449482.0,64.0
21.33,1625449482.0,64.0
22.23,1625449482.0,64.0
23.3,1625449482.0,64.0
24.51,1625449482.0,64.0
25.69,1625449482.0,64.0
26.59,1625449482.0,64.0
27.0,1625449482.0,64.0
26.84,1625449482.0,64.0
26.11,1625449482.0,64.0
24.93,1625449482.0,64.0
23.42,1625449482.0,64.0
21.71,1625449482.0,64.0
19.84,1625449482.0,64.0
17.8,1625449482.0,64.0
15.53,1625449482.0,64.0
13.02,1625449482.0,64.0
10.27,1625449482.0,64.0
7.4,1625449482.0,64.0
4.52,1625449482.0,64.0
1.74,1625449482.0,64.0
-0.96,1625449482.0,64.0
-3.68,1625449482.0,64.0
-6.57,1625449482.0,64.0
-9.79,1625449482.0,64.0
-13.4,1625449482.0,64.0
-17.41,1625449482.0,64.0
-21.76,1625449482.0,64.0
-26.37,1625449482.0,64.0
-31.05,1625449482.0,64.0
-35.55,1625449482.0,64.0
-39.52,1625449482.0,64.0
-42.5,1625449482.0,64.0
-44.1,1625449482.0,64.0
-44.0,1625449482.0,64.0
-42.11,1625449482.0,64.0
-38.56,1625449482.0,64.0
-33.64,1625449482.0,64.0
-27.76,1625449482.0,64.0
-21.31,1625449482.0,64.0
-14.68,1625449482.0,64.0
-8.11,1625449482.0,64.0
-1.83,1625449482.0,64.0
3.96,1625449482.0,64.0
9.1,1625449482.0,64.0
13.44,1625449482.0,64.0
16.88,1625449482.0,64.0
19.43,1625449482.0,64.0
21.25,1625449482.0,64.0
22.6,1625449482.0,64.0
23.78,1625449482.0,64.0
25.05,1625449482.0,64.0
26.49,1625449482.0,64.0
28.04,1625449482.0,64.0
29.5,1625449482.0,64.0
30.63,1625449482.0,64.0
31.23,1625449482.0,64.0
31.16,1625449482.0,64.0
30.39,1625449482.0,64.0
28.95,1625449482.0,64.0
26.99,1625449482.0,64.0
24.68,1625449482.0,64.0
22.27,1625449482.0,64.0
19.92,1625449482.0,64.0
17.75,1625449482.0,64.0
15.72,1625449482.0,64.0
13.65,1625449482.0,64.0
11.37,1625449482.0,64.0
8.7,1625449482.0,64.0
5.6,1625449482.0,64.0
2.14,1625449482.0,64.0
-1.54,1625449482.0,64.0
-5.26,1625449482.0,64.0
-8.88,1625449482.0,64.0
-12.33,1625449482.0,64.0
-15.65,1625449482.0,64.0
-18.94,1625449482.0,64.0
-22.38,1625449482.0,64.0
-26.11,1625449482.0,64.0
-30.17,1625449482.0,64.0
-34.42,1625449482.0,64.0
-38.52,1625449482.0,64.0
-41.96,1625449482.0,64.0
-44.16,1625449482.0,64.0
-44.66,1625449482.0,64.0
-43.22,1625449482.0,64.0
-39.95,1625449482.0,64.0
-35.19,1625449482.0,64.0
-29.43,1625449482.0,64.0
-23.08,1625449482.0,64.0
-16.42,1625449482.0,64.0
-9.65,1625449482.0,64.0
-2.92,1625449482.0,64.0
3.47,1625449482.0,64.0
9.14,1625449482.0,64.0
13.72,1625449482.0,64.0
17.03,1625449482.0,64.0
19.23,1625449482.0,64.0
20.69,1625449482.0,64.0
21.92,1625449482.0,64.0
23.28,1625449482.0,64.0
24.89,1625449482.0,64.0
26.64,1625449482.0,64.0
28.26,1625449482.0,64.0
29.49,1625449482.0,64.0
30.19,1625449482.0,64.0
30.3,1625449482.0,64.0
29.86,1625449482.0,64.0
28.95,1625449482.0,64.0
27.64,1625449482.0,64.0
26.0,1625449482.0,64.0
24.07,1625449482.0,64.0
21.89,1625449482.0,64.0
19.56,1625449482.0,64.0
17.16,1625449482.0,64.0
14.79,1625449482.0,64.0
12.46,1625449482.0,64.0
10.12,1625449482.0,64.0
7.65,1625449482.0,64.0
4.94,1625449482.0,64.0
1.99,1625449482.0,64.0
-1.13,1625449482.0,64.0
-4.27,1625449482.0,64.0
-7.31,1625449482.0,64.0
-10.23,1625449482.0,64.0
-13.19,1625449482.0,64.0
-16.39,1625449482.0,64.0
-20.03,1625449482.0,64.0
-24.2,1625449482.0,64.0
-28.79,1625449482.0,64.0
-33.51,1625449482.0,64.0
-37.89,1625449482.0,64.0
-41.33,1625449482.0,64.0
-43.22,1625449482.0,64.0
-43.1,1625449482.0,64.0
-40.85,1625449482.0,64.0
-36.69,1625449482.0,64.0
-31.14,1625449482.0,64.0
-24.84,1625449482.0,64.0
-18.34,1625449482.0,64.0
-11.95,1625449482.0,64.0
-5.83,1625449482.0,64.0
-0.07,1625449482.0,64.0
5.14,1625449482.0,64.0
9.6,1625449482.0,64.0
13.13,1625449482.0,64.0
15.73,1625449482.0,64.0
17.63,1625449482.0,64.0
19.19,1625449482.0,64.0
20.74,1625449482.0,64.0
22.43,1625449482.0,64.0
24.24,1625449482.0,64.0
25.97,1625449482.0,64.0
27.41,1625449482.0,64.0
28.39,1625449482.0,64.0
28.83,1625449482.0,64.0
28.72,1625449482.0,64.0
28.05,1625449482.0,64.0
26.9,1625449482.0,64.0
25.35,1625449482.0,64.0
23.53,1625449482.0,64.0
21.59,1625449482.0,64.0
19.69,1625449482.0,64.0
17.87,1625449482.0,64.0
16.11,1625449482.0,64.0
14.3,1625449482.0,64.0
12.28,1625449482.0,64.0
9.91,1625449482.0,64.0
7.18,1625449482.0,64.0
4.18,1625449482.0,64.0
1.03,1625449482.0,64.0
-2.16,1625449482.0,64.0
-5.33,1625449482.0,64.0
-8.55,1625449482.0,64.0
-11.88,1625449482.0,64.0
-15.4,1625449482.0,64.0
-19.16,1625449482.0,64.0
-23.17,1625449482.0,64.0
-27.43,1625449482.0,64.0
-31.81,1625449482.0,64.0
-36.05,1625449482.0,64.0
-39.68,1625449482.0,64.0
-42.14,1625449482.0,64.0
-42.88,1625449482.0,64.0
-41.63,1625449482.0,64.0
-38.45,1625449482.0,64.0
-33.73,1625449482.0,64.0
-28.02,1625449482.0,64.0
-21.83,1625449482.0,64.0
-15.56,1625449482.0,64.0
-9.43,1625449482.0,64.0
-3.65,1625449482.0,64.0
1.61,1625449482.0,64.0
6.12,1625449482.0,64.0
9.73,1625449482.0,64.0
12.4,1625449482.0,64.0
14.27,1625449482.0,64.0
15.59,1625449482.0,64.0
16.69,1625449482.0,64.0
17.82,1625449482.0,64.0
19.14,1625449482.0,64.0
20.68,1625449482.0,64.0
22.33,1625449482.0,64.0
23.87,1625449482.0,64.0
25.09,1625449482.0,64.0
25.8,1625449482.0,64.0
25.92,1625449482.0,64.0
25.48,1625449482.0,64.0
24.61,1625449482.0,64.0
23.42,1625449482.0,64.0
22.0,1625449482.0,64.0
20.4,1625449482.0,64.0
18.61,1625449482.0,64.0
16.67,1625449482.0,64.0
14.65,1625449482.0,64.0
12.61,1625449482.0,64.0
10.59,1625449482.0,64.0
8.52,1625449482.0,64.0
6.3,1625449482.0,64.0
3.84,1625449482.0,64.0
1.08,1625449482.0,64.0
-1.91,1625449482.0,64.0
-5.09,1625449482.0,64.0
-8.43,1625449482.0,64.0
-11.98,1625449482.0,64.0
-15.81,1625449482.0,64.0
-19.97,1625449482.0,64.0
-24.39,1625449482.0,64.0
-28.83,1625449482.0,64.0
-32.92,1625449482.0,64.0
-36.17,1625449482.0,64.0
-38.09,1625449482.0,64.0
-38.31,1625449482.0,64.0
-36.7,1625449482.0,64.0
-33.37,1625449482.0,64.0
-28.69,1625449482.0,64.0
-23.17,1625449482.0,64.0
-17.3,1625449482.0,64.0
-11.43,1625449482.0,64.0
-5.79,1625449482.0,64.0
-0.51,1625449482.0,64.0
4.28,1625449482.0,64.0
8.4,1625449482.0,64.0
11.69,1625449482.0,64.0
14.09,1625449482.0,64.0
15.72,1625449482.0,64.0
16.9,1625449482.0,64.0
17.96,1625449482.0,64.0
19.17,1625449482.0,64.0
20.54,1625449482.0,64.0
21.89,1625449482.0,64.0
22.98,1625449482.0,64.0
23.61,1625449482.0,64.0
23.72,1625449482.0,64.0
23.36,1625449482.0,64.0
22.61,1625449482.0,64.0
21.52,1625449482.0,64.0
20.12,1625449482.0,64.0
18.42,1625449482.0,64.0
16.5,1625449482.0,64.0
14.43,1625449482.0,64.0
12.27,1625449482.0,64.0
10.04,1625449482.0,64.0
7.65,1625449482.0,64.0
5.04,1625449482.0,64.0
2.19,1625449482.0,64.0
-0.83,1625449482.0,64.0
-3.94,1625449482.0,64.0
-7.03,1625449482.0,64.0
-10.09,1625449482.0,64.0
-13.14,1625449482.0,64.0
-16.31,1625449482.0,64.0
-19.7,1625449482.0,64.0
-23.45,1625449482.0,64.0
-27.61,1625449482.0,64.0
-32.14,1625449482.0,64.0
-36.81,1625449482.0,64.0
-41.19,1625449482.0,64.0
-44.77,1625449482.0,64.0
-46.98,1625449482.0,64.0
-47.42,1625449482.0,64.0
-45.92,1625449482.0,64.0
-42.58,1625449482.0,64.0
-37.73,1625449482.0,64.0
-31.77,1625449482.0,64.0
-25.17,1625449482.0,64.0
-18.27,1625449482.0,64.0
-11.4,1625449482.0,64.0
-4.78,1625449482.0,64.0
1.36,1625449482.0,64.0
6.86,1625449482.0,64.0
11.57,1625449482.0,64.0
15.47,1625449482.0,64.0
18.6,1625449482.0,64.0
21.12,1625449482.0,64.0
23.18,1625449482.0,64.0
24.91,1625449482.0,64.0
26.38,1625449482.0,64.0
27.58,1625449482.0,64.0
28.46,1625449482.0,64.0
29.02,1625449482.0,64.0
29.29,1625449482.0,64.0
29.29,1625449482.0,64.0
29.02,1625449482.0,64.0
28.47,1625449482.0,64.0
27.59,1625449482.0,64.0
26.37,1625449482.0,64.0
24.86,1625449482.0,64.0
23.17,1625449482.0,64.0
21.4,1625449482.0,64.0
19.6,1625449482.0,64.0
17.73,1625449482.0,64.0
15.66,1625449482.0,64.0
13.27,1625449482.0,64.0
10.47,1625449482.0,64.0
7.31,1625449482.0,64.0
3.9,1625449482.0,64.0
0.4,1625449482.0,64.0
-3.1,1625449482.0,64.0
-6.61,1625449482.0,64.0
-10.26,1625449482.0,64.0
-14.21,1625449482.0,64.0
-18.57,1625449482.0,64.0
-23.38,1625449482.0,64.0
-28.54,1625449482.0,64.0
-33.86,1625449482.0,64.0
-39.02,1625449482.0,64.0
-43.59,1625449482.0,64.0
-47.08,1625449482.0,64.0
-48.99,1625449482.0,64.0
-48.97,1625449482.0,64.0
-46.94,1625449482.0,64.0
-43.14,1625449482.0,64.0
-37.98,1625449482.0,64.0
-31.94,1625449482.0,64.0
-25.41,1625449482.0,64.0
-18.62,1625449482.0,64.0
-11.72,1625449482.0,64.0
-4.88,1625449482.0,64.0
1.65,1625449482.0,64.0
7.57,1625449482.0,64.0
12.65,1625449482.0,64.0
16.8,1625449482.0,64.0
20.1,1625449482.0,64.0
22.76,1625449482.0,64.0
25.01,1625449482.0,64.0
27.02,1625449482.0,64.0
28.86,1625449482.0,64.0
30.53,1625449482.0,64.0
31.96,1625449482.0,64.0
33.07,1625449482.0,64.0
33.81,1625449482.0,64.0
34.12,1625449482.0,64.0
33.96,1625449482.0,64.0
33.35,1625449482.0,64.0
32.29,1625449482.0,64.0
30.86,1625449482.0,64.0
29.1,1625449482.0,64.0
27.11,1625449482.0,64.0
24.94,1625449482.0,64.0
22.61,1625449482.0,64.0
20.1,1625449482.0,64.0
17.38,1625449482.0,64.0
14.44,1625449482.0,64.0
11.3,1625449482.0,64.0
8.03,1625449482.0,64.0
4.69,1625449482.0,64.0
1.39,1625449482.0,64.0
-1.85,1625449482.0,64.0
-5.04,1625449482.0,64.0
-8.21,1625449482.0,64.0
-11.47,1625449482.0,64.0
-14.95,1625449482.0,64.0
-18.78,1625449482.0,64.0
-23.08,1625449482.0,64.0
-27.87,1625449482.0,64.0
-33.04,1625449482.0,64.0
-38.25,1625449482.0,64.0
-43.02,1625449482.0,64.0
-46.73,1625449482.0,64.0
-48.82,1625449482.0,64.0
-48.92,1625449482.0,64.0
-46.96,1625449482.0,64.0
-43.16,1625449482.0,64.0
-37.95,1625449482.0,64.0
-31.83,1625449482.0,64.0
-25.16,1625449482.0,64.0
-18.19,1625449482.0,64.0
-11.09,1625449482.0,64.0
-4.04,1625449482.0,64.0
2.67,1625449482.0,64.0
8.67,1625449482.0,64.0
13.68,1625449482.0,64.0
17.58,1625449482.0,64.0
20.46,1625449482.0,64.0
22.64,1625449482.0,64.0
24.43,1625449482.0,64.0
26.07,1625449482.0,64.0
27.65,1625449482.0,64.0
29.08,1625449482.0,64.0
30.26,1625449482.0,64.0
31.08,1625449482.0,64.0
31.48,1625449482.0,64.0
31.41,1625449482.0,64.0
30.89,1625449482.0,64.0
29.92,1625449482.0,64.0
28.58,1625449482.0,64.0
26.93,1625449482.0,64.0
25.08,1625449482.0,64.0
23.1,1625449482.0,64.0
21.06,1625449482.0,64.0
18.94,1625449482.0,64.0
16.73,1625449482.0,64.0
14.37,1625449482.0,64.0
11.82,1625449482.0,64.0
9.07,1625449482.0,64.0
6.16,1625449482.0,64.0
3.15,1625449482.0,64.0
0.09,1625449482.0,64.0
-2.97,1625449482.0,64.0
-6.07,1625449482.0,64.0
-9.27,1625449482.0,64.0
-12.68,1625449482.0,64.0
-16.4,1625449482.0,64.0
-20.5,1625449482.0,64.0
-24.99,1625449482.0,64.0
-29.8,1625449482.0,64.0
-34.74,1625449482.0,64.0
-39.41,1625449482.0,64.0
-43.25,1625449482.0,64.0
-45.62,1625449482.0,64.0
-45.99,1625449482.0,64.0
-44.14,1625449482.0,64.0
-40.21,1625449482.0,64.0
-34.69,1625449482.0,64.0
-28.2,1625449482.0,64.0
-21.26,1625449482.0,64.0
-14.22,1625449482.0,64.0
-7.27,1625449482.0,64.0
-0.59,1625449482.0,64.0
5.57,1625449482.0,64.0
10.91,1625449482.0,64.0
15.21,1625449482.0,64.0
18.38,1625449482.0,64.0
20.59,1625449482.0,64.0
22.19,1625449482.0,64.0
23.56,1625449482.0,64.0
25.0,1625449482.0,64.0
26.61,1625449482.0,64.0
28.27,1625449482.0,64.0
29.75,1625449482.0,64.0
30.81,1625449482.0,64.0
31.31,1625449482.0,64.0
31.24,1625449482.0,64.0
30.71,1625449482.0,64.0
29.82,1625449482.0,64.0
28.65,1625449482.0,64.0
27.17,1625449482.0,64.0
25.3,1625449482.0,64.0
22.97,1625449482.0,64.0
20.23,1625449482.0,64.0
17.24,1625449482.0,64.0
14.25,1625449482.0,64.0
11.46,1625449482.0,64.0
8.91,1625449482.0,64.0
6.52,1625449482.0,64.0
4.14,1625449482.0,64.0
1.59,1625449482.0,64.0
-1.25,1625449482.0,64.0
-4.41,1625449482.0,64.0
-7.87,1625449482.0,64.0
-11.56,1625449482.0,64.0
-15.45,1625449482.0,64.0
-19.51,1625449482.0,64.0
-23.72,1625449482.0,64.0
-28.07,1625449482.0,64.0
-32.49,1625449482.0,64.0
-36.79,1625449482.0,64.0
-40.64,1625449482.0,64.0
-43.58,1625449482.0,64.0
-45.11,1625449482.0,64.0
-44.87,1625449482.0,64.0
-42.72,1625449482.0,64.0
-38.81,1625449482.0,64.0
-33.54,1625449482.0,64.0
-27.39,1625449482.0,64.0
-20.76,1625449482.0,64.0
-13.93,1625449482.0,64.0
-7.06,1625449482.0,64.0
-0.35,1625449482.0,64.0
5.96,1625449482.0,64.0
11.53,1625449482.0,64.0
16.05,1625449482.0,64.0
19.36,1625449482.0,64.0
21.58,1625449482.0,64.0
23.01,1625449482.0,64.0
24.08,1625449482.0,64.0
25.14,1625449482.0,64.0
26.33,1625449482.0,64.0
27.58,1625449482.0,64.0
28.68,1625449482.0,64.0
29.45,1625449482.0,64.0
29.77,1625449482.0,64.0
29.64,1625449482.0,64.0
29.12,1625449482.0,64.0
28.23,1625449482.0,64.0
26.97,1625449482.0,64.0
25.35,1625449482.0,64.0
23.42,1625449482.0,64.0
21.32,1625449482.0,64.0
19.18,1625449482.0,64.0
17.09,1625449482.0,64.0
15.02,1625449482.0,64.0
12.87,1625449482.0,64.0
10.49,1625449482.0,64.0
7.89,1625449482.0,64.0
5.08,1625449482.0,64.0
2.2,1625449482.0,64.0
-0.67,1625449482.0,64.0
-3.52,1625449482.0,64.0
-6.46,1625449482.0,64.0
-9.65,1625449482.0,64.0
-13.25,1625449482.0,64.0
-17.38,1625449482.0,64.0
-22.0,1625449482.0,64.0
-26.92,1625449482.0,64.0
-31.7,1625449482.0,64.0
-35.76,1625449482.0,64.0
-38.52,1625449482.0,64.0
-39.57,1625449482.0,64.0
-38.78,1625449482.0,64.0
-36.33,1625449482.0,64.0
-32.58,1625449482.0,64.0
-27.89,1625449482.0,64.0
-22.54,1625449482.0,64.0
-16.67,1625449482.0,64.0
-10.41,1625449482.0,64.0
-3.99,1625449482.0,64.0
2.18,1625449482.0,64.0
7.64,1625449482.0,64.0
11.95,1625449482.0,64.0
14.95,1625449482.0,64.0
16.81,1625449482.0,64.0
17.92,1625449482.0,64.0
18.78,1625449482.0,64.0
19.81,1625449482.0,64.0
21.15,1625449482.0,64.0
22.73,1625449482.0,64.0
24.34,1625449482.0,64.0
25.7,1625449482.0,64.0
26.58,1625449482.0,64.0
26.84,1625449482.0,64.0
26.45,1625449482.0,64.0
25.44,1625449482.0,64.0
23.94,1625449482.0,64.0
22.09,1625449482.0,64.0
19.98,1625449482.0,64.0
17.64,1625449482.0,64.0
14.99,1625449482.0,64.0
11.95,1625449482.0,64.0
8.48,1625449482.0,64.0
4.7,1625449482.0,64.0
0.82,1625449482.0,64.0
-2.87,1625449482.0,64.0
-6.24,1625449482.0,64.0
-9.28,1625449482.0,64.0
-12.2,1625449482.0,64.0
-15.28,1625449482.0,64.0
-18.73,1625449482.0,64.0
-22.65,1625449482.0,64.0
-26.97,1625449482.0,64.0
-31.5,1625449482.0,64.0
-35.92,1625449482.0,64.0
-39.87,1625449482.0,64.0
-42.9,1625449482.0,64.0
-44.58,1625449482.0,64.0
-44.59,1625449482.0,64.0
-42.78,1625449482.0,64.0
-39.24,1625449482.0,64.0
-34.29,1625449482.0,64.0
-28.36,1625449482.0,64.0
-21.83,1625449482.0,64.0
-15.01,1625449482.0,64.0
-8.09,1625449482.0,64.0
-1.27,1625449482.0,64.0
5.19,1625449482.0,64.0
10.96,1625449482.0,64.0
15.74,1625449482.0,64.0
19.35,1625449482.0,64.0
21.8,1625449482.0,64.0
23.32,1625449482.0,64.0
24.3,1625449482.0,64.0
25.09,1625449482.0,64.0
25.97,1625449482.0,64.0
26.99,1625449482.0,64.0
28.0,1625449482.0,64.0
28.73,1625449482.0,64.0
28.93,1625449482.0,64.0
28.44,1625449482.0,64.0
27.31,1625449482.0,64.0
25.73,1625449482.0,64.0
23.9,1625449482.0,64.0
21.95,1625449482.0,64.0
19.86,1625449482.0,64.0
17.51,1625449482.0,64.0
14.79,1625449482.0,64.0
11.71,1625449482.0,64.0
8.41,1625449482.0,64.0
5.12,1625449482.0,64.0
2.0,1625449482.0,64.0
-0.94,1625449482.0,64.0
-3.82,1625449482.0,64.0
-6.85,1625449482.0,64.0
-10.24,1625449482.0,64.0
-14.07,1625449482.0,64.0
-18.33,1625449482.0,64.0
-22.91,1625449482.0,64.0
-27.67,1625449482.0,64.0
-32.45,1625449482.0,64.0
-37.01,1625449482.0,64.0
-41.01,1625449482.0,64.0
-44.0,1625449482.0,64.0
-45.49,1625449482.0,64.0
-45.14,1625449482.0,64.0
-42.79,1625449482.0,64.0
-38.62,1625449482.0,64.0
-33.01,1625449482.0,64.0
-26.45,1625449482.0,64.0
-19.4,1625449482.0,64.0
-12.13,1625449482.0,64.0
-4.85,1625449482.0,64.0
2.23,1625449482.0,64.0
8.86,1625449482.0,64.0
14.7,1625449482.0,64.0
19.48,1625449482.0,64.0
23.05,1625449482.0,64.0
25.53,1625449482.0,64.0
27.18,1625449482.0,64.0
28.4,1625449482.0,64.0
29.47,1625449482.0,64.0
30.55,1625449482.0,64.0
31.63,1625449482.0,64.0
32.53,1625449482.0,64.0
33.03,1625449482.0,64.0
32.99,1625449482.0,64.0
32.34,1625449482.0,64.0
31.16,1625449482.0,64.0
29.61,1625449482.0,64.0
27.83,1625449482.0,64.0
25.84,1625449482.0,64.0
23.54,1625449482.0,64.0
20.8,1625449482.0,64.0
17.54,1625449482.0,64.0
13.85,1625449482.0,64.0
9.98,1625449482.0,64.0
6.24,1625449482.0,64.0
2.87,1625449482.0,64.0
-0.1,1625449482.0,64.0
-2.83,1625449482.0,64.0
-5.58,1625449482.0,64.0
-8.62,1625449482.0,64.0
-12.11,1625449482.0,64.0
-16.1,1625449482.0,64.0
-20.56,1625449482.0,64.0
-25.38,1625449482.0,64.0
-30.38,1625449482.0,64.0
-35.25,1625449482.0,64.0
-39.52,1625449482.0,64.0
-42.65,1625449482.0,64.0
-44.11,1625449482.0,64.0
-43.56,1625449482.0,64.0
-40.94,1625449482.0,64.0
-36.47,1625449482.0,64.0
-30.6,1625449482.0,64.0
-23.82,1625449482.0,64.0
-16.58,1625449482.0,64.0
-9.19,1625449482.0,64.0
-1.92,1625449482.0,64.0
5.01,1625449482.0,64.0
11.3,1625449482.0,64.0
16.68,1625449482.0,64.0
20.93,1625449482.0,64.0
24.03,1625449482.0,64.0
26.12,1625449482.0,64.0
27.51,1625449482.0,64.0
28.52,1625449482.0,64.0
29.38,1625449482.0,64.0
30.15,1625449482.0,64.0
30.77,1625449482.0,64.0
31.12,1625449482.0,64.0
31.12,1625449482.0,64.0
30.79,1625449482.0,64.0
30.18,1625449482.0,64.0
29.31,1625449482.0,64.0
28.18,1625449482.0,64.0
26.7,1625449482.0,64.0
24.83,1625449482.0,64.0
22.61,1625449482.0,64.0
20.1,1625449482.0,64.0
17.41,1625449482.0,64.0
14.58,1625449482.0,64.0
11.59,1625449482.0,64.0
8.41,1625449482.0,64.0
5.05,1625449482.0,64.0
1.6,1625449482.0,64.0
-1.79,1625449482.0,64.0
-5.07,1625449482.0,64.0
-8.25,1625449482.0,64.0
-11.5,1625449482.0,64.0
-14.98,1625449482.0,64.0
-18.85,1625449482.0,64.0
-23.14,1625449482.0,64.0
-27.82,1625449482.0,64.0
-32.76,1625449482.0,64.0
-37.78,1625449482.0,64.0
-42.6,1625449482.0,64.0
-46.76,1625449482.0,64.0
-49.7,1625449482.0,64.0
-50.86,1625449482.0,64.0
-49.91,1625449482.0,64.0
-46.82,1625449482.0,64.0
-41.94,1625449482.0,64.0
-35.83,1625449482.0,64.0
-29.05,1625449482.0,64.0
-21.97,1625449482.0,64.0
-14.78,1625449482.0,64.0
-7.53,1625449482.0,64.0
-0.32,1625449482.0,64.0
6.61,1625449482.0,64.0
12.85,1625449482.0,64.0
18.01,1625449482.0,64.0
21.86,1625449482.0,64.0
24.43,1625449482.0,64.0
26.07,1625449482.0,64.0
27.26,1625449482.0,64.0
28.42,1625449482.0,64.0
29.74,1625449482.0,64.0
31.17,1625449482.0,64.0
32.45,1625449482.0,64.0
33.27,1625449482.0,64.0
33.42,1625449482.0,64.0
32.87,1625449482.0,64.0
31.73,1625449482.0,64.0
30.15,1625449482.0,64.0
28.27,1625449482.0,64.0
26.19,1625449482.0,64.0
23.95,1625449482.0,64.0
21.57,1625449482.0,64.0
19.09,1625449482.0,64.0
16.52,1625449482.0,64.0
13.88,1625449482.0,64.0
11.16,1625449482.0,64.0
8.38,1625449482.0,64.0
5.53,1625449482.0,64.0
2.63,1625449482.0,64.0
-0.36,1625449482.0,64.0
-3.46,1625449482.0,64.0
-6.71,1625449482.0,64.0
-10.09,1625449482.0,64.0
-13.62,1625449482.0,64.0
-17.3,1625449482.0,64.0
-21.18,1625449482.0,64.0
-25.34,1625449482.0,64.0
-29.77,1625449482.0,64.0
-34.28,1625449482.0,64.0
-38.48,1625449482.0,64.0
-41.74,1625449482.0,64.0
-43.45,1625449482.0,64.0
-43.21,1625449482.0,64.0
-40.96,1625449482.0,64.0
-36.98,1625449482.0,64.0
-31.77,1625449482.0,64.0
-25.81,1625449482.0,64.0
-19.47,1625449482.0,64.0
-12.96,1625449482.0,64.0
-6.43,1625449482.0,64.0
-0.09,1625449482.0,64.0
5.78,1625449482.0,64.0
10.85,1625449482.0,64.0
14.85,1625449482.0,64.0
17.73,1625449482.0,64.0
19.69,1625449482.0,64.0
21.1,1625449482.0,64.0
22.38,1625449482.0,64.0
23.81,1625449482.0,64.0
25.41,1625449482.0,64.0
26.99,1625449482.0,64.0
28.23,1625449482.0,64.0
28.88,1625449482.0,64.0
28.82,1625449482.0,64.0
28.15,1625449482.0,64.0
27.03,1625449482.0,64.0
25.62,1625449482.0,64.0
24.05,1625449482.0,64.0
22.33,1625449482.0,64.0
20.49,1625449482.0,64.0
18.56,1625449482.0,64.0
16.52,1625449482.0,64.0
14.36,1625449482.0,64.0
12.01,1625449482.0,64.0
9.39,1625449482.0,64.0
6.49,1625449482.0,64.0
3.4,1625449482.0,64.0
0.28,1625449482.0,64.0
-2.7,1625449482.0,64.0
-5.49,1625449482.0,64.0
-8.18,1625449482.0,64.0
-10.94,1625449482.0,64.0
-13.97,1625449482.0,64.0
-17.39,1625449482.0,64.0
-21.22,1625449482.0,64.0
-25.4,1625449482.0,64.0
-29.76,1625449482.0,64.0
-34.08,1625449482.0,64.0
-37.99,1625449482.0,64.0
-41.0,1625449482.0,64.0
-42.57,1625449482.0,64.0
-42.26,1625449482.0,64.0
-39.94,1625449482.0,64.0
-35.83,1625449482.0,64.0
-30.43,1625449482.0,64.0
-24.37,1625449482.0,64.0
-18.1,1625449482.0,64.0
-11.86,1625449482.0,64.0
-5.73,1625449482.0,64.0
0.22,1625449482.0,64.0
5.77,1625449482.0,64.0
10.57,1625449482.0,64.0
14.31,1625449482.0,64.0
16.88,1625449482.0,64.0
18.5,1625449482.0,64.0
19.66,1625449482.0,64.0
20.89,1625449482.0,64.0
22.51,1625449482.0,64.0
24.55,1625449482.0,64.0
26.72,1625449482.0,64.0
28.65,1625449482.0,64.0
30.0,1625449482.0,64.0
30.65,1625449482.0,64.0
30.68,1625449482.0,64.0
30.25,1625449482.0,64.0
29.48,1625449482.0,64.0
28.39,1625449482.0,64.0
26.91,1625449482.0,64.0
24.96,1625449482.0,64.0
22.56,1625449482.0,64.0
19.86,1625449482.0,64.0
17.09,1625449482.0,64.0
14.49,1625449482.0,64.0
12.18,1625449482.0,64.0
10.18,1625449482.0,64.0
8.38,1625449482.0,64.0
6.63,1625449482.0,64.0
4.81,1625449482.0,64.0
2.77,1625449482.0,64.0
0.4,1625449482.0,64.0
-2.46,1625449482.0,64.0
-5.92,1625449482.0,64.0
-9.97,1625449482.0,64.0
-14.35,1625449482.0,64.0
-18.57,1625449482.0,64.0
-21.96,1625449482.0,64.0
-23.98,1625449482.0,64.0
-24.43,1625449482.0,64.0
-23.66,1625449482.0,64.0
-22.43,1625449482.0,64.0
-21.71,1625449482.0,64.0
-22.27,1625449482.0,64.0
-24.45,1625449482.0,64.0
-28.09,1625449482.0,64.0
-32.65,1625449482.0,64.0
-37.43,1625449482.0,64.0
-41.76,1625449482.0,64.0
-45.09,1625449482.0,64.0
-46.98,1625449482.0,64.0
-47.17,1625449482.0,64.0
-45.55,1625449482.0,64.0
-42.21,1625449482.0,64.0
-37.43,1625449482.0,64.0
-31.62,1625449482.0,64.0
-25.17,1625449482.0,64.0
-18.36,1625449482.0,64.0
-11.37,1625449482.0,64.0
-4.39,1625449482.0,64.0
2.31,1625449482.0,64.0
8.39,1625449482.0,64.0
13.52,1625449482.0,64.0
17.49,1625449482.0,64.0
20.37,1625449482.0,64.0
22.4,1625449482.0,64.0
23.93,1625449482.0,64.0
25.25,1625449482.0,64.0
26.52,1625449482.0,64.0
27.76,1625449482.0,64.0
28.89,1625449482.0,64.0
29.78,1625449482.0,64.0
30.31,1625449482.0,64.0
30.36,1625449482.0,64.0
29.83,1625449482.0,64.0
28.68,1625449482.0,64.0
26.97,1625449482.0,64.0
24.86,1625449482.0,64.0
22.54,1625449482.0,64.0
20.13,1625449482.0,64.0
17.67,1625449482.0,64.0
15.11,1625449482.0,64.0
12.35,1625449482.0,64.0
9.36,1625449482.0,64.0
6.2,1625449482.0,64.0
3.0,1625449482.0,64.0
-0.12,1625449482.0,64.0
-3.1,1625449482.0,64.0
-6.01,1625449482.0,64.0
-8.97,1625449482.0,64.0
-12.12,1625449482.0,64.0
-15.58,1625449482.0,64.0
-19.44,1625449482.0,64.0
-23.77,1625449482.0,64.0
-28.58,1625449482.0,64.0
-33.73,1625449482.0,64.0
-38.88,1625449482.0,64.0
-43.47,1625449482.0,64.0
-46.82,1625449482.0,64.0
-48.33,1625449482.0,64.0
-47.7,1625449482.0,64.0
-44.98,1625449482.0,64.0
-40.53,1625449482.0,64.0
-34.9,1625449482.0,64.0
-28.57,1625449482.0,64.0
-21.92,1625449482.0,64.0
-15.12,1625449482.0,64.0
-8.29,1625449482.0,64.0
-1.55,1625449482.0,64.0
4.91,1625449482.0,64.0
10.84,1625449482.0,64.0
15.97,1625449482.0,64.0
20.09,1625449482.0,64.0
23.16,1625449482.0,64.0
25.29,1625449482.0,64.0
26.75,1625449482.0,64.0
27.87,1625449482.0,64.0
28.93,1625449482.0,64.0
30.05,1625449482.0,64.0
31.17,1625449482.0,64.0
32.14,1625449482.0,64.0
32.74,1625449482.0,64.0
32.88,1625449482.0,64.0
32.55,1625449482.0,64.0
31.82,1625449482.0,64.0
30.78,1625449482.0,64.0
29.46,1625449482.0,64.0
27.81,1625449482.0,64.0
25.75,1625449482.0,64.0
23.22,1625449482.0,64.0
20.27,1625449482.0,64.0
17.06,1625449482.0,64.0
13.78,1625449482.0,64.0
10.61,1625449482.0,64.0
7.6,1625449482.0,64.0
4.68,1625449482.0,64.0
1.66,1625449482.0,64.0
-1.61,1625449482.0,64.0
-5.26,1625449482.0,64.0
-9.22,1625449482.0,64.0
-13.36,1625449482.0,64.0
-17.52,1625449482.0,64.0
-21.63,1625449482.0,64.0
-25.77,1625449482.0,64.0
-30.12,1625449482.0,64.0
-34.74,1625449482.0,64.0
-39.48,1625449482.0,64.0
-43.88,1625449482.0,64.0
-47.22,1625449482.0,64.0
-48.84,1625449482.0,64.0
-48.32,1625449482.0,64.0
-45.65,1625449482.0,64.0
-41.18,1625449482.0,64.0
-35.43,1625449482.0,64.0
-28.91,1625449482.0,64.0
-21.94,1625449482.0,64.0
-14.71,1625449482.0,64.0
-7.36,1625449482.0,64.0
-0.11,1625449482.0,64.0
6.67,1625449482.0,64.0
12.6,1625449482.0,64.0
17.36,1625449482.0,64.0
20.91,1625449482.0,64.0
23.44,1625449482.0,64.0
25.31,1625449482.0,64.0
26.89,1625449482.0,64.0
28.43,1625449482.0,64.0
29.99,1625449482.0,64.0
31.41,1625449482.0,64.0
32.49,1625449482.0,64.0
33.09,1625449482.0,64.0
33.15,1625449482.0,64.0
32.75,1625449482.0,64.0
32.03,1625449482.0,64.0
31.05,1625449482.0,64.0
29.83,1625449482.0,64.0
28.29,1625449482.0,64.0
26.36,1625449482.0,64.0
24.09,1625449482.0,64.0
21.57,1625449482.0,64.0
18.96,1625449482.0,64.0
16.38,1625449482.0,64.0
13.86,1625449482.0,64.0
11.34,1625449482.0,64.0
8.71,1625449482.0,64.0
5.88,1625449482.0,64.0
2.82,1625449482.0,64.0
-0.4,1625449482.0,64.0
-3.71,1625449482.0,64.0
-7.0,1625449482.0,64.0
-10.29,1625449482.0,64.0
-13.64,1625449482.0,64.0
-17.19,1625449482.0,64.0
-21.07,1625449482.0,64.0
-25.4,1625449482.0,64.0
-30.16,1625449482.0,64.0
-35.16,1625449482.0,64.0
-40.07,1625449482.0,64.0
-44.39,1625449482.0,64.0
-47.61,1625449482.0,64.0
-49.28,1625449482.0,64.0
-49.12,1625449482.0,64.0
-47.06,1625449482.0,64.0
-43.26,1625449482.0,64.0
-38.04,1625449482.0,64.0
-31.79,1625449482.0,64.0
-24.92,1625449482.0,64.0
-17.77,1625449482.0,64.0
-10.61,1625449482.0,64.0
-3.69,1625449482.0,64.0
2.77,1625449482.0,64.0
8.49,1625449482.0,64.0
13.28,1625449482.0,64.0
17.01,1625449482.0,64.0
19.76,1625449482.0,64.0
21.78,1625449482.0,64.0
23.42,1625449482.0,64.0
24.95,1625449482.0,64.0
26.53,1625449482.0,64.0
28.14,1625449482.0,64.0
29.62,1625449482.0,64.0
30.81,1625449482.0,64.0
31.6,1625449482.0,64.0
31.89,1625449482.0,64.0
31.63,1625449482.0,64.0
30.78,1625449482.0,64.0
29.33,1625449482.0,64.0
27.38,1625449482.0,64.0
25.08,1625449482.0,64.0
22.65,1625449482.0,64.0
20.29,1625449482.0,64.0
18.1,1625449482.0,64.0
16.06,1625449482.0,64.0
14.05,1625449482.0,64.0
11.94,1625449482.0,64.0
9.58,1625449482.0,64.0
6.93,1625449482.0,64.0
4.03,1625449482.0,64.0
0.98,1625449482.0,64.0
-2.12,1625449482.0,64.0
-5.19,1625449482.0,64.0
-8.23,1625449482.0,64.0
-11.29,1625449482.0,64.0
-14.49,1625449482.0,64.0
-17.96,1625449482.0,64.0
-21.75,1625449482.0,64.0
-25.85,1625449482.0,64.0
-30.07,1625449482.0,64.0
-34.04,1625449482.0,64.0
-37.27,1625449482.0,64.0
-39.22,1625449482.0,64.0
-39.46,1625449482.0,64.0
-37.81,1625449482.0,64.0
-34.46,1625449482.0,64.0
-29.83,1625449482.0,64.0
-24.45,1625449482.0,64.0
-18.8,1625449482.0,64.0
-13.13,1625449482.0,64.0
-7.54,1625449482.0,64.0
-2.12,1625449482.0,64.0
2.99,1625449482.0,64.0
7.49,1625449482.0,64.0
11.04,1625449482.0,64.0
13.47,1625449482.0,64.0
14.87,1625449482.0,64.0
15.64,1625449482.0,64.0
16.32,1625449482.0,64.0
17.35,1625449482.0,64.0
18.85,1625449482.0,64.0
20.63,1625449482.0,64.0
22.29,1625449482.0,64.0
23.43,1625449482.0,64.0
23.85,1625449482.0,64.0
23.59,1625449482.0,64.0
22.85,1625449482.0,64.0
21.84,1625449482.0,64.0
20.66,1625449482.0,64.0
19.27,1625449482.0,64.0
17.63,1625449482.0,64.0
15.73,1625449482.0,64.0
13.63,1625449482.0,64.0
11.49,1625449482.0,64.0
9.37,1625449482.0,64.0
7.27,1625449482.0,64.0
5.09,1625449482.0,64.0
2.69,1625449482.0,64.0
-0.02,1625449482.0,64.0
-3.04,1625449482.0,64.0
-6.3,1625449482.0,64.0
-9.74,1625449482.0,64.0
-13.33,1625449482.0,64.0
-17.09,1625449482.0,64.0
-21.1,1625449482.0,64.0
-25.39,1625449482.0,64.0
-29.9,1625449482.0,64.0
-34.41,1625449482.0,64.0
-38.55,1625449482.0,64.0
-41.81,1625449482.0,64.0
-43.63,1625449482.0,64.0
-43.6,1625449482.0,64.0
-41.53,1625449482.0,64.0
-37.55,1625449482.0,64.0
-32.07,1625449482.0,64.0
-25.69,1625449482.0,64.0
-18.98,1625449482.0,64.0
-12.36,1625449482.0,64.0
-6.11,1625449482.0,64.0
-0.34,1625449482.0,64.0
4.84,1625449482.0,64.0
9.3,1625449482.0,64.0
12.95,1625449482.0,64.0
15.76,1625449482.0,64.0
17.86,1625449482.0,64.0
19.53,1625449482.0,64.0
21.07,1625449482.0,64.0
22.67,1625449482.0,64.0
24.33,1625449482.0,64.0
25.87,1625449482.0,64.0
27.01,1625449482.0,64.0
27.54,1625449482.0,64.0
27.42,1625449482.0,64.0
26.74,1625449482.0,64.0
25.67,1625449482.0,64.0
24.34,1625449482.0,64.0
22.84,1625449482.0,64.0
21.15,1625449482.0,64.0
19.25,1625449482.0,64.0
17.07,1625449482.0,64.0
14.59,1625449482.0,64.0
11.81,1625449482.0,64.0
8.77,1625449482.0,64.0
5.56,1625449482.0,64.0
2.3,1625449482.0,64.0
-0.89,1625449482.0,64.0
-3.93,1625449482.0,64.0
-6.82,1625449482.0,64.0
-9.63,1625449482.0,64.0
-12.47,1625449482.0,64.0
-15.5,1625449482.0,64.0
-18.86,1625449482.0,64.0
-22.67,1625449482.0,64.0
-26.98,1625449482.0,64.0
-31.76,1625449482.0,64.0
-36.78,1625449482.0,64.0
-41.62,1625449482.0,64.0
-45.69,1625449482.0,64.0
-48.31,1625449482.0,64.0
-48.92,1625449482.0,64.0
-47.28,1625449482.0,64.0
-43.49,1625449482.0,64.0
-37.98,1625449482.0,64.0
-31.34,1625449482.0,64.0
-24.17,1625449482.0,64.0
-16.91,1625449482.0,64.0
-9.83,1625449482.0,64.0
-3.07,1625449482.0,64.0
3.25,1625449482.0,64.0
8.97,1625449482.0,64.0
13.89,1625449482.0,64.0
17.84,1625449482.0,64.0
20.82,1625449482.0,64.0
22.98,1625449482.0,64.0
24.66,1625449482.0,64.0
26.21,1625449482.0,64.0
27.86,1625449482.0,64.0
29.62,1625449482.0,64.0
31.28,1625449482.0,64.0
32.54,1625449482.0,64.0
33.14,1625449482.0,64.0
33.02,1625449482.0,64.0
32.28,1625449482.0,64.0
31.15,1625449482.0,64.0
29.8,1625449482.0,64.0
28.33,1625449482.0,64.0
26.69,1625449482.0,64.0
24.8,1625449482.0,64.0
22.58,1625449482.0,64.0
20.04,1625449482.0,64.0
17.24,1625449482.0,64.0
14.28,1625449482.0,64.0
11.23,1625449482.0,64.0
8.13,1625449482.0,64.0
4.98,1625449482.0,64.0
1.8,1625449482.0,64.0
-1.39,1625449482.0,64.0
-4.57,1625449482.0,64.0
-7.78,1625449482.0,64.0
-11.13,1625449482.0,64.0
-14.77,1625449482.0,64.0
-18.85,1625449482.0,64.0
-23.42,1625449482.0,64.0
-28.44,1625449482.0,64.0
-33.67,1625449482.0,64.0
-38.73,1625449482.0,64.0
-43.1,1625449482.0,64.0
-46.21,1625449482.0,64.0
-47.54,1625449482.0,64.0
-46.77,1625449482.0,64.0
-43.92,1625449482.0,64.0
-39.29,1625449482.0,64.0
-33.38,1625449482.0,64.0
-26.74,1625449482.0,64.0
-19.77,1625449482.0,64.0
-12.7,1625449482.0,64.0
-5.66,1625449482.0,64.0
1.2,1625449482.0,64.0
7.6,1625449482.0,64.0
13.18,1625449482.0,64.0
17.64,1625449482.0,64.0
20.88,1625449482.0,64.0
23.1,1625449482.0,64.0
24.71,1625449482.0,64.0
26.1,1625449482.0,64.0
27.51,1625449482.0,64.0
28.94,1625449482.0,64.0
30.17,1625449482.0,64.0
30.97,1625449482.0,64.0
31.22,1625449482.0,64.0
30.97,1625449482.0,64.0
30.4,1625449482.0,64.0
29.67,1625449482.0,64.0
28.82,1625449482.0,64.0
27.78,1625449482.0,64.0
26.42,1625449482.0,64.0
24.65,1625449482.0,64.0
22.48,1625449482.0,64.0
20.03,1625449482.0,64.0
17.5,1625449482.0,64.0
14.99,1625449482.0,64.0
12.53,1625449482.0,64.0
9.99,1625449482.0,64.0
7.24,1625449482.0,64.0
4.17,1625449482.0,64.0
0.79,1625449482.0,64.0
-2.77,1625449482.0,64.0
-6.36,1625449482.0,64.0
-9.85,1625449482.0,64.0
-13.24,1625449482.0,64.0
-16.65,1625449482.0,64.0
-20.23,1625449482.0,64.0
-24.15,1625449482.0,64.0
-28.46,1625449482.0,64.0
-33.08,1625449482.0,64.0
-37.75,1625449482.0,64.0
-42.01,1625449482.0,64.0
-45.32,1625449482.0,64.0
-47.12,1625449482.0,64.0
-46.99,1625449482.0,64.0
-44.85,1625449482.0,64.0
-40.89,1625449482.0,64.0
-35.58,1625449482.0,64.0
-29.45,1625449482.0,64.0
-22.96,1625449482.0,64.0
-16.35,1625449482.0,64.0
-9.74,1625449482.0,64.0
-3.24,1625449482.0,64.0
2.97,1625449482.0,64.0
8.6,1625449482.0,64.0
13.38,1625449482.0,64.0
17.13,1625449482.0,64.0
19.94,1625449482.0,64.0
22.06,1625449482.0,64.0
23.86,1625449482.0,64.0
25.65,1625449482.0,64.0
27.56,1625449482.0,64.0
29.52,1625449482.0,64.0
31.34,1625449482.0,64.0
32.81,1625449482.0,64.0
33.78,1625449482.0,64.0
34.17,1625449482.0,64.0
33.96,1625449482.0,64.0
33.18,1625449482.0,64.0
31.84,1625449482.0,64.0
30.03,1625449482.0,64.0
27.89,1625449482.0,64.0
25.56,1625449482.0,64.0
23.21,1625449482.0,64.0
20.92,1625449482.0,64.0
18.67,1625449482.0,64.0
16.37,1625449482.0,64.0
13.85,1625449482.0,64.0
11.01,1625449482.0,64.0
7.83,1625449482.0,64.0
4.4,1625449482.0,64.0
0.88,1625449482.0,64.0
-2.55,1625449482.0,64.0
-5.82,1625449482.0,64.0
-8.98,1625449482.0,64.0
-12.19,1625449482.0,64.0
-15.66,1625449482.0,64.0
-19.54,1625449482.0,64.0
-23.89,1625449482.0,64.0
-28.61,1625449482.0,64.0
-33.48,1625449482.0,64.0
-38.11,1625449482.0,64.0
-42.03,1625449482.0,64.0
-44.75,1625449482.0,64.0
-45.86,1625449482.0,64.0
-45.13,1625449482.0,64.0
-42.58,1625449482.0,64.0
-38.48,1625449482.0,64.0
-33.2,1625449482.0,64.0
-27.12,1625449482.0,64.0
-20.59,1625449482.0,64.0
-13.83,1625449482.0,64.0
-7.1,1625449482.0,64.0
-0.69,1625449482.0,64.0
5.07,1625449482.0,64.0
9.87,1625449482.0,64.0
13.55,1625449482.0,64.0
16.17,1625449482.0,64.0
18.03,1625449482.0,64.0
19.51,1625449482.0,64.0
20.97,1625449482.0,64.0
22.59,1625449482.0,64.0
24.34,1625449482.0,64.0
26.02,1625449482.0,64.0
27.42,1625449482.0,64.0
28.37,1625449482.0,64.0
28.85,1625449482.0,64.0
28.93,1625449482.0,64.0
28.67,1625449482.0,64.0
28.09,1625449482.0,64.0
27.13,1625449482.0,64.0
25.7,1625449482.0,64.0
23.75,1625449482.0,64.0
21.36,1625449482.0,64.0
18.67,1625449482.0,64.0
15.88,1625449482.0,64.0
13.19,1625449482.0,64.0
10.73,1625449482.0,64.0
8.51,1625449482.0,64.0
6.42,1625449482.0,64.0
4.29,1625449482.0,64.0
1.93,1625449482.0,64.0
-0.81,1625449482.0,64.0
-3.95,1625449482.0,64.0
-7.39,1625449482.0,64.0
-10.98,1625449482.0,64.0
-14.62,1625449482.0,64.0
-18.27,1625449482.0,64.0
-22.02,1625449482.0,64.0
-25.92,1625449482.0,64.0
-29.86,1625449482.0,64.0
-33.5,1625449482.0,64.0
-36.31,1625449482.0,64.0
-37.77,1625449482.0,64.0
-37.49,1625449482.0,64.0
-35.39,1625449482.0,64.0
-31.69,1625449482.0,64.0
-26.79,1625449482.0,64.0
-21.11,1625449482.0,64.0
-15.06,1625449482.0,64.0
-8.91,1625449482.0,64.0
-2.96,1625449482.0,64.0
2.5,1625449482.0,64.0
7.15,1625449482.0,64.0
10.73,1625449482.0,64.0
13.14,1625449482.0,64.0
14.5,1625449482.0,64.0
15.18,1625449482.0,64.0
15.64,1625449482.0,64.0
16.28,1625449482.0,64.0
17.32,1625449482.0,64.0
18.7,1625449482.0,64.0
20.19,1625449482.0,64.0
21.44,1625449482.0,64.0
22.18,1625449482.0,64.0
22.3,1625449482.0,64.0
21.82,1625449482.0,64.0
20.88,1625449482.0,64.0
19.59,1625449482.0,64.0
18.0,1625449482.0,64.0
16.1,1625449482.0,64.0
13.87,1625449482.0,64.0
11.32,1625449482.0,64.0
8.53,1625449482.0,64.0
5.67,1625449482.0,64.0
2.9,1625449482.0,64.0
0.34,1625449482.0,64.0
-2.04,1625449482.0,64.0
-4.3,1625449482.0,64.0
-6.64,1625449482.0,64.0
-9.21,1625449482.0,64.0
-12.13,1625449482.0,64.0
-15.46,1625449482.0,64.0
-19.19,1625449482.0,64.0
-23.31,1625449482.0,64.0
-27.73,1625449482.0,64.0
-32.32,1625449482.0,64.0
-36.73,1625449482.0,64.0
-40.51,1625449482.0,64.0
-43.07,1625449482.0,64.0
-43.9,1625449482.0,64.0
-42.71,1625449482.0,64.0
-39.55,1625449482.0,64.0
-34.78,1625449482.0,64.0
-28.93,1625449482.0,64.0
-22.54,1625449482.0,64.0
-15.98,1625449482.0,64.0
-9.48,1625449482.0,64.0
-3.19,1625449482.0,64.0
2.68,1625449482.0,64.0
7.9,1625449482.0,64.0
12.18,1625449482.0,64.0
15.4,1625449482.0,64.0
17.61,1625449482.0,64.0
19.11,1625449482.0,64.0
20.3,1625449482.0,64.0
21.47,1625449482.0,64.0
22.77,1625449482.0,64.0
24.08,1625449482.0,64.0
25.12,1625449482.0,64.0
25.63,1625449482.0,64.0
25.48,1625449482.0,64.0
24.7,1625449482.0,64.0
23.48,1625449482.0,64.0
22.02,1625449482.0,64.0
20.46,1625449482.0,64.0
18.83,1625449482.0,64.0
17.02,1625449482.0,64.0
14.89,1625449482.0,64.0
12.35,1625449482.0,64.0
9.43,1625449482.0,64.0
6.27,1625449482.0,64.0
3.07,1625449482.0,64.0
0.03,1625449482.0,64.0
-2.82,1625449482.0,64.0
-5.52,1625449482.0,64.0
-8.29,1625449482.0,64.0
-11.35,1625449482.0,64.0
-14.91,1625449482.0,64.0
-19.07,1625449482.0,64.0
-23.83,1625449482.0,64.0
-29.04,1625449482.0,64.0
-34.39,1625449482.0,64.0
-39.42,1625449482.0,64.0
-43.57,1625449482.0,64.0
-46.25,1625449482.0,64.0
-47.02,1625449482.0,64.0
-45.69,1625449482.0,64.0
-42.4,1625449482.0,64.0
-37.55,1625449482.0,64.0
-31.66,1625449482.0,64.0
-25.21,1625449482.0,64.0
-18.45,1625449482.0,64.0
-11.48,1625449482.0,64.0
-4.32,1625449482.0,64.0
2.9,1625449482.0,64.0
9.86,1625449482.0,64.0
16.08,1625449482.0,64.0
21.15,1625449482.0,64.0
24.86,1625449482.0,64.0
27.37,1625449482.0,64.0
29.1,1625449482.0,64.0
30.5,1625449482.0,64.0
31.92,1625449482.0,64.0
33.42,1625449482.0,64.0
34.79,1625449482.0,64.0
35.73,1625449482.0,64.0
35.97,1625449482.0,64.0
35.46,1625449482.0,64.0
34.3,1625449482.0,64.0
32.72,1625449482.0,64.0
30.97,1625449482.0,64.0
29.14,1625449482.0,64.0
27.22,1625449482.0,64.0
25.07,1625449482.0,64.0
22.52,1625449482.0,64.0
19.48,1625449482.0,64.0
16.01,1625449482.0,64.0
12.3,1625449482.0,64.0
8.61,1625449482.0,64.0
5.11,1625449482.0,64.0
1.83,1625449482.0,64.0
-1.38,1625449482.0,64.0
-4.75,1625449482.0,64.0
-8.45,1625449482.0,64.0
-12.52,1625449482.0,64.0
-16.94,1625449482.0,64.0
-21.58,1625449482.0,64.0
-26.38,1625449482.0,64.0
-31.26,1625449482.0,64.0
-36.04,1625449482.0,64.0
-40.42,1625449482.0,64.0
-43.87,1625449482.0,64.0
-45.84,1625449482.0,64.0
-45.86,1625449482.0,64.0
-43.79,1625449482.0,64.0
-39.83,1625449482.0,64.0
-34.38,1625449482.0,64.0
-27.95,1625449482.0,64.0
-20.91,1625449482.0,64.0
-13.51,1625449482.0,64.0
-5.91,1625449482.0,64.0
1.68,1625449482.0,64.0
8.93,1625449482.0,64.0
15.41,1625449482.0,64.0
20.77,1625449482.0,64.0
24.81,1625449482.0,64.0
27.65,1625449482.0,64.0
29.58,1625449482.0,64.0
31.03,1625449482.0,64.0
32.34,1625449482.0,64.0
33.63,1625449482.0,64.0
34.86,1625449482.0,64.0
35.85,1625449482.0,64.0
36.39,1625449482.0,64.0
36.34,1625449482.0,64.0
35.68,1625449482.0,64.0
34.45,1625449482.0,64.0
32.73,1625449482.0,64.0
30.61,1625449482.0,64.0
28.15,1625449482.0,64.0
25.4,1625449482.0,64.0
22.42,1625449482.0,64.0
19.29,1625449482.0,64.0
16.09,1625449482.0,64.0
12.91,1625449482.0,64.0
9.81,1625449482.0,64.0
6.76,1625449482.0,64.0
3.75,1625449482.0,64.0
0.68,1625449482.0,64.0
-2.5,1625449482.0,64.0
-5.85,1625449482.0,64.0
-9.4,1625449482.0,64.0
-13.16,1625449482.0,64.0
-17.14,1625449482.0,64.0
-21.36,1625449482.0,64.0
-25.88,1625449482.0,64.0
-30.76,1625449482.0,64.0
-35.91,1625449482.0,64.0
-41.03,1625449482.0,64.0
-45.58,1625449482.0,64.0
-48.83,1625449482.0,64.0
-50.11,1625449482.0,64.0
-49.01,1625449482.0,64.0
-45.59,1625449482.0,64.0
-40.33,1625449482.0,64.0
-33.94,1625449482.0,64.0
-27.09,1625449482.0,64.0
-20.16,1625449482.0,64.0
-13.27,1625449482.0,64.0
-6.34,1625449482.0,64.0
0.6,1625449482.0,64.0
7.31,1625449482.0,64.0
13.37,1625449482.0,64.0
18.36,1625449482.0,64.0
22.08,1625449482.0,64.0
24.66,1625449482.0,64.0
26.48,1625449482.0,64.0
28.0,1625449482.0,64.0
29.55,1625449482.0,64.0
31.21,1625449482.0,64.0
32.79,1625449482.0,64.0
34.0,1625449482.0,64.0
34.61,1625449482.0,64.0
34.5,1625449482.0,64.0
33.7,1625449482.0,64.0
32.37,1625449482.0,64.0
30.68,1625449482.0,64.0
28.77,1625449482.0,64.0
26.68,1625449482.0,64.0
24.4,1625449482.0,64.0
21.91,1625449482.0,64.0
19.2,1625449482.0,64.0
16.31,1625449482.0,64.0
13.32,1625449482.0,64.0
10.31,1625449482.0,64.0
7.28,1625449482.0,64.0
4.17,1625449482.0,64.0
0.87,1625449482.0,64.0
-2.67,1625449482.0,64.0
-6.45,1625449482.0,64.0
-10.32,1625449482.0,64.0
-14.07,1625449482.0,64.0
-17.56,1625449482.0,64.0
-20.73,1625449482.0,64.0
-23.71,1625449482.0,64.0
-26.71,1625449482.0,64.0
-29.87,1625449482.0,64.0
-33.17,1625449482.0,64.0
-36.28,1625449482.0,64.0
-38.69,1625449482.0,64.0
-39.79,1625449482.0,64.0
-39.13,1625449482.0,64.0
-36.58,1625449482.0,64.0
-32.3,1625449482.0,64.0
-26.69,1625449482.0,64.0
-20.23,1625449482.0,64.0
-13.35,1625449482.0,64.0
-6.38,1625449482.0,64.0
0.39,1625449482.0,64.0
6.64,1625449482.0,64.0
12.07,1625449482.0,64.0
16.4,1625449482.0,64.0
19.52,1625449482.0,64.0
21.54,1625449482.0,64.0
22.83,1625449482.0,64.0
23.82,1625449482.0,64.0
24.89,1625449482.0,64.0
26.2,1625449482.0,64.0
27.68,1625449482.0,64.0
29.04,1625449482.0,64.0
29.97,1625449482.0,64.0
30.22,1625449482.0,64.0
29.74,1625449482.0,64.0
28.68,1625449482.0,64.0
27.24,1625449482.0,64.0
25.66,1625449482.0,64.0
24.0,1625449482.0,64.0
22.2,1625449482.0,64.0
20.13,1625449482.0,64.0
17.66,1625449482.0,64.0
14.75,1625449482.0,64.0
11.5,1625449482.0,64.0
8.11,1625449482.0,64.0
4.73,1625449482.0,64.0
1.49,1625449482.0,64.0
-1.63,1625449482.0,64.0
-4.71,1625449482.0,64.0
-7.86,1625449482.0,64.0
-11.15,1625449482.0,64.0
-14.58,1625449482.0,64.0
-18.12,1625449482.0,64.0
-21.73,1625449482.0,64.0
-25.47,1625449482.0,64.0
-29.39,1625449482.0,64.0
-33.46,1625449482.0,64.0
-37.44,1625449482.0,64.0
-40.86,1625449482.0,64.0
-43.07,1625449482.0,64.0
-43.51,1625449482.0,64.0
-41.89,1625449482.0,64.0
-38.3,1625449482.0,64.0
-33.17,1625449482.0,64.0
-27.09,1625449482.0,64.0
-20.53,1625449482.0,64.0
-13.82,1625449482.0,64.0
-7.14,1625449482.0,64.0
-0.67,1625449482.0,64.0
5.32,1625449482.0,64.0
10.51,1625449482.0,64.0
14.65,1625449482.0,64.0
17.68,1625449482.0,64.0
19.81,1625449482.0,64.0
21.37,1625449482.0,64.0
22.73,1625449482.0,64.0
24.11,1625449482.0,64.0
25.53,1625449482.0,64.0
26.81,1625449482.0,64.0
27.74,1625449482.0,64.0
28.15,1625449482.0,64.0
27.97,1625449482.0,64.0
27.28,1625449482.0,64.0
26.23,1625449482.0,64.0
25.0,1625449482.0,64.0
23.64,1625449482.0,64.0
22.12,1625449482.0,64.0
20.27,1625449482.0,64.0
17.94,1625449482.0,64.0
15.07,1625449482.0,64.0
11.75,1625449482.0,64.0
8.2,1625449482.0,64.0
4.66,1625449482.0,64.0
1.27,1625449482.0,64.0
-1.9,1625449482.0,64.0
-4.92,1625449482.0,64.0
-7.93,1625449482.0,64.0
-11.08,1625449482.0,64.0
-14.54,1625449482.0,64.0
-18.46,1625449482.0,64.0
-22.94,1625449482.0,64.0
-27.94,1625449482.0,64.0
-33.28,1625449482.0,64.0
-38.57,1625449482.0,64.0
-43.28,1625449482.0,64.0
-46.83,1625449482.0,64.0
-48.73,1625449482.0,64.0
-48.7,1625449482.0,64.0
-46.71,1625449482.0,64.0
-43.0,1625449482.0,64.0
-37.94,1625449482.0,64.0
-31.9,1625449482.0,64.0
-25.21,1625449482.0,64.0
-18.07,1625449482.0,64.0
-10.63,1625449482.0,64.0
-3.07,1625449482.0,64.0
4.34,1625449482.0,64.0
11.2,1625449482.0,64.0
17.08,1625449482.0,64.0
21.68,1625449482.0,64.0
24.94,1625449482.0,64.0
27.11,1625449482.0,64.0
28.62,1625449482.0,64.0
29.98,1625449482.0,64.0
31.52,1625449482.0,64.0
33.26,1625449482.0,64.0
34.98,1625449482.0,64.0
36.3,1625449482.0,64.0
36.89,1625449482.0,64.0
36.59,1625449482.0,64.0
35.49,1625449482.0,64.0
33.79,1625449482.0,64.0
31.75,1625449482.0,64.0
29.49,1625449482.0,64.0
27.09,1625449482.0,64.0
24.54,1625449482.0,64.0
21.86,1625449482.0,64.0
19.08,1625449482.0,64.0
16.2,1625449482.0,64.0
13.21,1625449482.0,64.0
10.11,1625449482.0,64.0
6.9,1625449482.0,64.0
3.64,1625449482.0,64.0
0.37,1625449482.0,64.0
-2.89,1625449482.0,64.0
-6.17,1625449482.0,64.0
-9.57,1625449482.0,64.0
-13.22,1625449482.0,64.0
-17.23,1625449482.0,64.0
-21.69,1625449482.0,64.0
-26.6,1625449482.0,64.0
-31.91,1625449482.0,64.0
-37.43,1625449482.0,64.0
-42.76,1625449482.0,64.0
-47.33,1625449482.0,64.0
-50.45,1625449482.0,64.0
-51.54,1625449482.0,64.0
-50.33,1625449482.0,64.0
-46.91,1625449482.0,64.0
-41.74,1625449482.0,64.0
-35.37,1625449482.0,64.0
-28.35,1625449482.0,64.0
-20.99,1625449482.0,64.0
-13.48,1625449482.0,64.0
-5.93,1625449482.0,64.0
1.45,1625449482.0,64.0
8.35,1625449482.0,64.0
14.38,1625449482.0,64.0
19.27,1625449482.0,64.0
22.95,1625449482.0,64.0
25.61,1625449482.0,64.0
27.6,1625449482.0,64.0
29.27,1625449482.0,64.0
30.85,1625449482.0,64.0
32.41,1625449482.0,64.0
33.87,1625449482.0,64.0
35.08,1625449482.0,64.0
35.88,1625449482.0,64.0
36.18,1625449482.0,64.0
35.94,1625449482.0,64.0
35.14,1625449482.0,64.0
33.77,1625449482.0,64.0
31.89,1625449482.0,64.0
29.6,1625449482.0,64.0
27.06,1625449482.0,64.0
24.43,1625449482.0,64.0
21.84,1625449482.0,64.0
19.36,1625449482.0,64.0
16.95,1625449482.0,64.0
14.51,1625449482.0,64.0
11.88,1625449482.0,64.0
8.96,1625449482.0,64.0
5.66,1625449482.0,64.0
2.03,1625449482.0,64.0
-1.84,1625449482.0,64.0
-5.82,1625449482.0,64.0
-9.77,1625449482.0,64.0
-13.61,1625449482.0,64.0
-17.34,1625449482.0,64.0
-21.04,1625449482.0,64.0
-24.87,1625449482.0,64.0
-29.0,1625449482.0,64.0
-33.51,1625449482.0,64.0
-38.33,1625449482.0,64.0
-43.17,1625449482.0,64.0
-47.51,1625449482.0,64.0
-50.75,1625449482.0,64.0
-52.36,1625449482.0,64.0
-52.01,1625449482.0,64.0
-49.67,1625449482.0,64.0
-45.57,1625449482.0,64.0
-40.11,1625449482.0,64.0
-33.68,1625449482.0,64.0
-26.65,1625449482.0,64.0
-19.24,1625449482.0,64.0
-11.66,1625449482.0,64.0
-4.16,1625449482.0,64.0
2.97,1625449482.0,64.0
9.38,1625449482.0,64.0
14.8,1625449482.0,64.0
19.07,1625449482.0,64.0
22.27,1625449482.0,64.0
24.64,1625449482.0,64.0
26.5,1625449482.0,64.0
28.09,1625449482.0,64.0
29.55,1625449482.0,64.0
30.85,1625449482.0,64.0
31.92,1625449482.0,64.0
32.66,1625449482.0,64.0
33.08,1625449482.0,64.0
33.19,1625449482.0,64.0
33.02,1625449482.0,64.0
32.53,1625449482.0,64.0
31.66,1625449482.0,64.0
30.35,1625449482.0,64.0
28.6,1625449482.0,64.0
26.48,1625449482.0,64.0
24.1,1625449482.0,64.0
21.63,1625449482.0,64.0
19.18,1625449482.0,64.0
16.84,1625449482.0,64.0
14.59,1625449482.0,64.0
12.34,1625449482.0,64.0
9.9,1625449482.0,64.0
7.1,1625449482.0,64.0
3.88,1625449482.0,64.0
0.26,1625449482.0,64.0
-3.59,1625449482.0,64.0
-7.48,1625449482.0,64.0
-11.27,1625449482.0,64.0
-14.93,1625449482.0,64.0
-18.53,1625449482.0,64.0
-22.18,1625449482.0,64.0
-25.98,1625449482.0,64.0
-29.98,1625449482.0,64.0
-34.09,1625449482.0,64.0
-38.12,1625449482.0,64.0
-41.71,1625449482.0,64.0
-44.37,1625449482.0,64.0
-45.58,1625449482.0,64.0
-44.93,1625449482.0,64.0
-42.32,1625449482.0,64.0
-37.96,1625449482.0,64.0
-32.36,1625449482.0,64.0
-26.05,1625449482.0,64.0
-19.52,1625449482.0,64.0
-13.0,1625449482.0,64.0
-6.62,1625449482.0,64.0
-0.46,1625449482.0,64.0
5.29,1625449482.0,64.0
10.34,1625449482.0,64.0
14.42,1625449482.0,64.0
17.45,1625449482.0,64.0
19.52,1625449482.0,64.0
20.95,1625449482.0,64.0
22.09,1625449482.0,64.0
23.18,1625449482.0,64.0
24.32,1625449482.0,64.0
25.47,1625449482.0,64.0
26.47,1625449482.0,64.0
27.15,1625449482.0,64.0
27.41,1625449482.0,64.0
27.17,1625449482.0,64.0
26.51,1625449482.0,64.0
25.49,1625449482.0,64.0
24.23,1625449482.0,64.0
22.75,1625449482.0,64.0
21.05,1625449482.0,64.0
19.11,1625449482.0,64.0
16.96,1625449482.0,64.0
14.68,1625449482.0,64.0
12.41,1625449482.0,64.0
10.31,1625449482.0,64.0
8.4,1625449482.0,64.0
6.55,1625449482.0,64.0
4.58,1625449482.0,64.0
2.28,1625449482.0,64.0
-0.41,1625449482.0,64.0
-3.43,1625449482.0,64.0
-6.62,1625449482.0,64.0
-9.89,1625449482.0,64.0
-13.19,1625449482.0,64.0
-16.64,1625449482.0,64.0
-20.35,1625449482.0,64.0
-24.36,1625449482.0,64.0
-28.55,1625449482.0,64.0
-32.63,1625449482.0,64.0
-36.17,1625449482.0,64.0
-38.67,1625449482.0,64.0
-39.74,1625449482.0,64.0
-39.12,1625449482.0,64.0
-36.86,1625449482.0,64.0
-33.17,1625449482.0,64.0
-28.45,1625449482.0,64.0
-23.09,1625449482.0,64.0
-17.43,1625449482.0,64.0
-11.72,1625449482.0,64.0
-6.17,1625449482.0,64.0
-0.96,1625449482.0,64.0
3.68,1625449482.0,64.0
7.49,1625449482.0,64.0
10.34,1625449482.0,64.0
12.22,1625449482.0,64.0
13.34,1625449482.0,64.0
14.06,1625449482.0,64.0
14.73,1625449482.0,64.0
15.59,1625449482.0,64.0
16.73,1625449482.0,64.0
18.04,1625449482.0,64.0
19.27,1625449482.0,64.0
20.17,1625449482.0,64.0
20.57,1625449482.0,64.0
20.41,1625449482.0,64.0
19.74,1625449482.0,64.0
18.72,1625449482.0,64.0
17.46,1625449482.0,64.0
16.06,1625449482.0,64.0
14.52,1625449482.0,64.0
12.74,1625449482.0,64.0
10.65,1625449482.0,64.0
8.23,1625449482.0,64.0
5.53,1625449482.0,64.0
2.71,1625449482.0,64.0
-0.08,1625449482.0,64.0
-2.76,1625449482.0,64.0
-5.3,1625449482.0,64.0
-7.8,1625449482.0,64.0
-10.4,1625449482.0,64.0
-13.24,1625449482.0,64.0
-16.44,1625449482.0,64.0
-20.09,1625449482.0,64.0
-24.17,1625449482.0,64.0
-28.58,1625449482.0,64.0
-33.08,1625449482.0,64.0
-37.28,1625449482.0,64.0
-40.72,1625449482.0,64.0
-42.88,1625449482.0,64.0
-43.4,1625449482.0,64.0
-42.12,1625449482.0,64.0
-39.14,1625449482.0,64.0
-34.79,1625449482.0,64.0
-29.54,1625449482.0,64.0
-23.83,1625449482.0,64.0
-17.97,1625449482.0,64.0
-12.15,1625449482.0,64.0
-6.44,1625449482.0,64.0
-0.93,1625449482.0,64.0
4.27,1625449482.0,64.0
8.91,1625449482.0,64.0
12.79,1625449482.0,64.0
15.74,1625449482.0,64.0
17.81,1625449482.0,64.0
19.19,1625449482.0,64.0
20.19,1625449482.0,64.0
21.1,1625449482.0,64.0
22.07,1625449482.0,64.0
23.03,1625449482.0,64.0
23.8,1625449482.0,64.0
24.15,1625449482.0,64.0
23.94,1625449482.0,64.0
23.21,1625449482.0,64.0
22.08,1625449482.0,64.0
20.71,1625449482.0,64.0
19.2,1625449482.0,64.0
17.58,1625449482.0,64.0
15.78,1625449482.0,64.0
13.74,1625449482.0,64.0
11.47,1625449482.0,64.0
8.99,1625449482.0,64.0
6.39,1625449482.0,64.0
3.73,1625449482.0,64.0
1.03,1625449482.0,64.0
-1.67,1625449482.0,64.0
-4.35,1625449482.0,64.0
-7.03,1625449482.0,64.0
-9.73,1625449482.0,64.0
-12.49,1625449482.0,64.0
-15.45,1625449482.0,64.0
-18.73,1625449482.0,64.0
-22.43,1625449482.0,64.0
-26.58,1625449482.0,64.0
-31.06,1625449482.0,64.0
-35.56,1625449482.0,64.0
-39.6,1625449482.0,64.0
-42.57,1625449482.0,64.0
-43.95,1625449482.0,64.0
-43.4,1625449482.0,64.0
-40.87,1625449482.0,64.0
-36.64,1625449482.0,64.0
-31.15,1625449482.0,64.0
-24.92,1625449482.0,64.0
-18.33,1625449482.0,64.0
-11.68,1625449482.0,64.0
-5.13,1625449482.0,64.0
1.16,1625449482.0,64.0
7.01,1625449482.0,64.0
12.27,1625449482.0,64.0
16.8,1625449482.0,64.0
20.53,1625449482.0,64.0
23.46,1625449482.0,64.0
25.71,1625449482.0,64.0
27.46,1625449482.0,64.0
28.88,1625449482.0,64.0
30.12,1625449482.0,64.0
31.21,1625449482.0,64.0
32.05,1625449482.0,64.0
32.45,1625449482.0,64.0
32.26,1625449482.0,64.0
31.4,1625449482.0,64.0
29.93,1625449482.0,64.0
28.02,1625449482.0,64.0
25.83,1625449482.0,64.0
23.49,1625449482.0,64.0
21.03,1625449482.0,64.0
18.51,1625449482.0,64.0
15.93,1625449482.0,64.0
13.34,1625449482.0,64.0
10.75,1625449482.0,64.0
8.14,1625449482.0,64.0
5.46,1625449482.0,64.0
2.64,1625449482.0,64.0
-0.29,1625449482.0,64.0
-3.29,1625449482.0,64.0
-6.24,1625449482.0,64.0
-9.09,1625449482.0,64.0
-11.87,1625449482.0,64.0
-14.7,1625449482.0,64.0
-17.79,1625449482.0,64.0
-21.35,1625449482.0,64.0
-25.48,1625449482.0,64.0
-30.13,1625449482.0,64.0
-34.99,1625449482.0,64.0
-39.51,1625449482.0,64.0
-43.05,1625449482.0,64.0
-45.01,1625449482.0,64.0
-45.0,1625449482.0,64.0
-43.0,1625449482.0,64.0
-39.29,1625449482.0,64.0
-34.36,1625449482.0,64.0
-28.74,1625449482.0,64.0
-22.86,1625449482.0,64.0
-16.96,1625449482.0,64.0
-11.13,1625449482.0,64.0
-5.39,1625449482.0,64.0
0.17,1625449482.0,64.0
5.35,1625449482.0,64.0
9.89,1625449482.0,64.0
13.55,1625449482.0,64.0
16.22,1625449482.0,64.0
18.02,1625449482.0,64.0
19.25,1625449482.0,64.0
20.28,1625449482.0,64.0
21.39,1625449482.0,64.0
22.72,1625449482.0,64.0
24.21,1625449482.0,64.0
25.61,1625449482.0,64.0
26.66,1625449482.0,64.0
27.13,1625449482.0,64.0
26.92,1625449482.0,64.0
26.12,1625449482.0,64.0
24.93,1625449482.0,64.0
23.59,1625449482.0,64.0
22.28,1625449482.0,64.0
21.07,1625449482.0,64.0
19.83,1625449482.0,64.0
18.41,1625449482.0,64.0
16.64,1625449482.0,64.0
14.47,1625449482.0,64.0
12.0,1625449482.0,64.0
9.38,1625449482.0,64.0
6.73,1625449482.0,64.0
4.04,1625449482.0,64.0
1.17,1625449482.0,64.0
-2.05,1625449482.0,64.0
-5.74,1625449482.0,64.0
-9.85,1625449482.0,64.0
-14.22,1625449482.0,64.0
-18.64,1625449482.0,64.0
-22.98,1625449482.0,64.0
-27.16,1625449482.0,64.0
-31.15,1625449482.0,64.0
-34.74,1625449482.0,64.0
-37.6,1625449482.0,64.0
-39.21,1625449482.0,64.0
-39.1,1625449482.0,64.0
-37.02,1625449482.0,64.0
-33.03,1625449482.0,64.0
-27.57,1625449482.0,64.0
-21.21,1625449482.0,64.0
-14.54,1625449482.0,64.0
-7.98,1625449482.0,64.0
-1.76,1625449482.0,64.0
4.02,1625449482.0,64.0
9.27,1625449482.0,64.0
13.83,1625449482.0,64.0
17.54,1625449482.0,64.0
20.26,1625449482.0,64.0
22.04,1625449482.0,64.0
23.14,1625449482.0,64.0
23.95,1625449482.0,64.0
24.9,1625449482.0,64.0
26.19,1625449482.0,64.0
27.79,1625449482.0,64.0
29.37,1625449482.0,64.0
30.52,1625449482.0,64.0
30.92,1625449482.0,64.0
30.45,1625449482.0,64.0
29.24,1625449482.0,64.0
27.56,1625449482.0,64.0
25.69,1625449482.0,64.0
23.83,1625449482.0,64.0
21.97,1625449482.0,64.0
20.01,1625449482.0,64.0
17.84,1625449482.0,64.0
15.35,1625449482.0,64.0
12.52,1625449482.0,64.0
9.44,1625449482.0,64.0
6.22,1625449482.0,64.0
2.98,1625449482.0,64.0
-0.19,1625449482.0,64.0
-3.29,1625449482.0,64.0
-6.38,1625449482.0,64.0
-9.53,1625449482.0,64.0
-12.79,1625449482.0,64.0
-16.14,1625449482.0,64.0
-19.57,1625449482.0,64.0
-23.09,1625449482.0,64.0
-26.79,1625449482.0,64.0
-30.72,1625449482.0,64.0
-34.85,1625449482.0,64.0
-38.86,1625449482.0,64.0
-42.21,1625449482.0,64.0
-44.19,1625449482.0,64.0
-44.24,1625449482.0,64.0
-42.15,1625449482.0,64.0
-38.17,1625449482.0,64.0
-32.9,1625449482.0,64.0
-26.98,1625449482.0,64.0
-20.91,1625449482.0,64.0
-14.89,1625449482.0,64.0
-8.99,1625449482.0,64.0
-3.27,1625449482.0,64.0
2.01,1625449482.0,64.0
6.48,1625449482.0,64.0
9.84,1625449482.0,64.0
12.07,1625449482.0,64.0
13.46,1625449482.0,64.0
14.54,1625449482.0,64.0
15.79,1625449482.0,64.0
17.45,1625449482.0,64.0
19.43,1625449482.0,64.0
21.4,1625449482.0,64.0
22.98,1625449482.0,64.0
23.94,1625449482.0,64.0
24.27,1625449482.0,64.0
24.1,1625449482.0,64.0
23.59,1625449482.0,64.0
22.86,1625449482.0,64.0
21.89,1625449482.0,64.0
20.61,1625449482.0,64.0
18.99,1625449482.0,64.0
17.1,1625449482.0,64.0
15.04,1625449482.0,64.0
12.96,1625449482.0,64.0
10.94,1625449482.0,64.0
9.02,1625449482.0,64.0
7.16,1625449482.0,64.0
5.31,1625449482.0,64.0
3.41,1625449482.0,64.0
1.43,1625449482.0,64.0
-0.64,1625449482.0,64.0
-2.84,1625449482.0,64.0
-5.25,1625449482.0,64.0
-8.01,1625449482.0,64.0
-11.27,1625449482.0,64.0
-15.15,1625449482.0,64.0
-19.61,1625449482.0,64.0
-24.36,1625449482.0,64.0
-28.89,1625449482.0,64.0
-32.5,1625449482.0,64.0
-34.55,1625449482.0,64.0
-34.61,1625449482.0,64.0
-32.61,1625449482.0,64.0
-28.83,1625449482.0,64.0
-23.83,1625449482.0,64.0
-18.17,1625449482.0,64.0
-12.35,1625449482.0,64.0
-6.73,1625449482.0,64.0
-1.51,1625449482.0,64.0
3.16,1625449482.0,64.0
7.15,1625449482.0,64.0
10.36,1625449482.0,64.0
12.76,1625449482.0,64.0
14.44,1625449482.0,64.0
15.63,1625449482.0,64.0
16.67,1625449482.0,64.0
17.83,1625449482.0,64.0
19.29,1625449482.0,64.0
20.95,1625449482.0,64.0
22.57,1625449482.0,64.0
23.8,1625449482.0,64.0
24.38,1625449482.0,64.0
24.22,1625449482.0,64.0
23.43,1625449482.0,64.0
22.26,1625449482.0,64.0
20.92,1625449482.0,64.0
19.5,1625449482.0,64.0
17.91,1625449482.0,64.0
16.01,1625449482.0,64.0
13.64,1625449482.0,64.0
10.8,1625449482.0,64.0
7.64,1625449482.0,64.0
4.41,1625449482.0,64.0
1.39,1625449482.0,64.0
-1.29,1625449482.0,64.0
-3.66,1625449482.0,64.0
-5.89,1625449482.0,64.0
-8.25,1625449482.0,64.0
-10.98,1625449482.0,64.0
-14.19,1625449482.0,64.0
-17.89,1625449482.0,64.0
-21.93,1625449482.0,64.0
-26.08,1625449482.0,64.0
-30.04,1625449482.0,64.0
-33.45,1625449482.0,64.0
-35.93,1625449482.0,64.0
-37.15,1625449482.0,64.0
-36.85,1625449482.0,64.0
-34.96,1625449482.0,64.0
-31.59,1625449482.0,64.0
-27.02,1625449482.0,64.0
-21.63,1625449482.0,64.0
-15.79,1625449482.0,64.0
-9.85,1625449482.0,64.0
-4.09,1625449482.0,64.0
1.24,1625449482.0,64.0
5.88,1625449482.0,64.0
9.62,1625449482.0,64.0
12.33,1625449482.0,64.0
14.09,1625449482.0,64.0
15.09,1625449482.0,64.0
15.7,1625449482.0,64.0
16.25,1625449482.0,64.0
16.94,1625449482.0,64.0
17.75,1625449482.0,64.0
18.45,1625449482.0,64.0
18.78,1625449482.0,64.0
18.59,1625449482.0,64.0
17.86,1625449482.0,64.0
16.78,1625449482.0,64.0
15.55,1625449482.0,64.0
14.28,1625449482.0,64.0
12.95,1625449482.0,64.0
11.41,1625449482.0,64.0
9.53,1625449482.0,64.0
7.25,1625449482.0,64.0
4.66,1625449482.0,64.0
1.91,1625449482.0,64.0
-0.84,1625449482.0,64.0
-3.53,1625449482.0,64.0
-6.18,1625449482.0,64.0
-8.86,1625449482.0,64.0
-11.68,1625449482.0,64.0
-14.71,1625449482.0,64.0
-18.03,1625449482.0,64.0
-21.67,1625449482.0,64.0
-25.62,1625449482.0,64.0
-29.77,1625449482.0,64.0
-33.88,1625449482.0,64.0
-37.57,1625449482.0,64.0
-40.44,1625449482.0,64.0
-42.1,1625449482.0,64.0
-42.28,1625449482.0,64.0
-40.9,1625449482.0,64.0
-38.01,1625449482.0,64.0
-33.79,1625449482.0,64.0
-28.48,1625449482.0,64.0
-22.3,1625449482.0,64.0
-15.49,1625449482.0,64.0
-8.29,1625449482.0,64.0
-1.05,1625449482.0,64.0
5.83,1625449482.0,64.0
11.92,1625449482.0,64.0
16.89,1625449482.0,64.0
20.59,1625449482.0,64.0
23.14,1625449482.0,64.0
24.84,1625449482.0,64.0
26.07,1625449482.0,64.0
27.18,1625449482.0,64.0
28.37,1625449482.0,64.0
29.64,1625449482.0,64.0
30.84,1625449482.0,64.0
31.78,1625449482.0,64.0
32.32,1625449482.0,64.0
32.39,1625449482.0,64.0
32.0,1625449482.0,64.0
31.19,1625449482.0,64.0
29.99,1625449482.0,64.0
28.41,1625449482.0,64.0
26.46,1625449482.0,64.0
24.16,1625449482.0,64.0
21.55,1625449482.0,64.0
18.73,1625449482.0,64.0
15.79,1625449482.0,64.0
12.8,1625449482.0,64.0
9.8,1625449482.0,64.0
6.77,1625449482.0,64.0
3.69,1625449482.0,64.0
0.52,1625449482.0,64.0
-2.78,1625449482.0,64.0
-6.25,1625449482.0,64.0
-9.92,1625449482.0,64.0
-13.87,1625449482.0,64.0
-18.14,1625449482.0,64.0
-22.69,1625449482.0,64.0
-27.37,1625449482.0,64.0
-31.84,1625449482.0,64.0
-35.6,1625449482.0,64.0
-38.06,1625449482.0,64.0
-38.72,1625449482.0,64.0
-37.28,1625449482.0,64.0
-33.82,1625449482.0,64.0
-28.76,1625449482.0,64.0
-22.71,1625449482.0,64.0
-16.27,1625449482.0,64.0
-9.84,1625449482.0,64.0
-3.6,1625449482.0,64.0
2.45,1625449482.0,64.0
8.29,1625449482.0,64.0
13.78,1625449482.0,64.0
18.61,1625449482.0,64.0
22.5,1625449482.0,64.0
25.31,1625449482.0,64.0
27.16,1625449482.0,64.0
28.38,1625449482.0,64.0
29.33,1625449482.0,64.0
30.27,1625449482.0,64.0
31.23,1625449482.0,64.0
32.1,1625449482.0,64.0
32.64,1625449482.0,64.0
32.7,1625449482.0,64.0
32.19,1625449482.0,64.0
31.16,1625449482.0,64.0
29.72,1625449482.0,64.0
27.99,1625449482.0,64.0
26.12,1625449482.0,64.0
24.18,1625449482.0,64.0
22.19,1625449482.0,64.0
20.12,1625449482.0,64.0
17.88,1625449482.0,64.0
15.39,1625449482.0,64.0
12.66,1625449482.0,64.0
9.79,1625449482.0,64.0
6.87,1625449482.0,64.0
3.98,1625449482.0,64.0
1.09,1625449482.0,64.0
-1.91,1625449482.0,64.0
-5.12,1625449482.0,64.0
-8.57,1625449482.0,64.0
-12.23,1625449482.0,64.0
-16.04,1625449482.0,64.0
-19.98,1625449482.0,64.0
-24.09,1625449482.0,64.0
-28.31,1625449482.0,64.0
-32.44,1625449482.0,64.0
-36.05,1625449482.0,64.0
-38.56,1625449482.0,64.0
-39.46,1625449482.0,64.0
-38.48,1625449482.0,64.0
-35.71,1625449482.0,64.0
-31.53,1625449482.0,64.0
-26.4,1625449482.0,64.0
-20.71,1625449482.0,64.0
-14.68,1625449482.0,64.0
-8.39,1625449482.0,64.0
-1.96,1625449482.0,64.0
4.37,1625449482.0,64.0
10.25,1625449482.0,64.0
15.25,1625449482.0,64.0
19.13,1625449482.0,64.0
21.87,1625449482.0,64.0
23.75,1625449482.0,64.0
25.16,1625449482.0,64.0
26.45,1625449482.0,64.0
27.81,1625449482.0,64.0
29.19,1625449482.0,64.0
30.38,1625449482.0,64.0
31.14,1625449482.0,64.0
31.33,1625449482.0,64.0
30.93,1625449482.0,64.0
30.04,1625449482.0,64.0
28.79,1625449482.0,64.0
27.28,1625449482.0,64.0
25.57,1625449482.0,64.0
23.67,1625449482.0,64.0
21.57,1625449482.0,64.0
19.28,1625449482.0,64.0
16.86,1625449482.0,64.0
14.39,1625449482.0,64.0
11.92,1625449482.0,64.0
9.47,1625449482.0,64.0
6.98,1625449482.0,64.0
4.34,1625449482.0,64.0
1.48,1625449482.0,64.0
-1.6,1625449482.0,64.0
-4.81,1625449482.0,64.0
-8.02,1625449482.0,64.0
-11.15,1625449482.0,64.0
-14.25,1625449482.0,64.0
-17.46,1625449482.0,64.0
-20.97,1625449482.0,64.0
-24.91,1625449482.0,64.0
-29.25,1625449482.0,64.0
-33.75,1625449482.0,64.0
-38.0,1625449482.0,64.0
-41.5,1625449482.0,64.0
-43.79,1625449482.0,64.0
-44.51,1625449482.0,64.0
-43.48,1625449482.0,64.0
-40.74,1625449482.0,64.0
-36.49,1625449482.0,64.0
-31.05,1625449482.0,64.0
-24.81,1625449482.0,64.0
-18.17,1625449482.0,64.0
-11.42,1625449482.0,64.0
-4.85,1625449482.0,64.0
1.31,1625449482.0,64.0
6.82,1625449482.0,64.0
11.46,1625449482.0,64.0
15.06,1625449482.0,64.0
17.59,1625449482.0,64.0
19.21,1625449482.0,64.0
20.24,1625449482.0,64.0
21.05,1625449482.0,64.0
21.94,1625449482.0,64.0
23.05,1625449482.0,64.0
24.29,1625449482.0,64.0
25.42,1625449482.0,64.0
26.18,1625449482.0,64.0
26.4,1625449482.0,64.0
26.03,1625449482.0,64.0
25.15,1625449482.0,64.0
23.86,1625449482.0,64.0
22.25,1625449482.0,64.0
20.39,1625449482.0,64.0
18.34,1625449482.0,64.0
16.18,1625449482.0,64.0
14.0,1625449482.0,64.0
11.87,1625449482.0,64.0
9.81,1625449482.0,64.0
7.77,1625449482.0,64.0
5.67,1625449482.0,64.0
3.41,1625449482.0,64.0
0.98,1625449482.0,64.0
-1.6,1625449482.0,64.0
-4.27,1625449482.0,64.0
-7.0,1625449482.0,64.0
-9.78,1625449482.0,64.0
-12.66,1625449482.0,64.0
-15.7,1625449482.0,64.0
-18.96,1625449482.0,64.0
-22.44,1625449482.0,64.0
-26.07,1625449482.0,64.0
-29.63,1625449482.0,64.0
-32.8,1625449482.0,64.0
-35.15,1625449482.0,64.0
-36.24,1625449482.0,64.0
-35.83,1625449482.0,64.0
-33.84,1625449482.0,64.0
-30.5,1625449482.0,64.0
-26.18,1625449482.0,64.0
-21.27,1625449482.0,64.0
-16.11,1625449482.0,64.0
-10.89,1625449482.0,64.0
-5.75,1625449482.0,64.0
-0.83,1625449482.0,64.0
3.62,1625449482.0,64.0
7.38,1625449482.0,64.0
10.28,1625449482.0,64.0
12.33,1625449482.0,64.0
13.81,1625449482.0,64.0
15.05,1625449482.0,64.0
16.37,1625449482.0,64.0
17.95,1625449482.0,64.0
19.72,1625449482.0,64.0
21.42,1625449482.0,64.0
22.78,1625449482.0,64.0
23.58,1625449482.0,64.0
23.75,1625449482.0,64.0
23.37,1625449482.0,64.0
22.52,1625449482.0,64.0
21.31,1625449482.0,64.0
19.78,1625449482.0,64.0
17.92,1625449482.0,64.0
15.77,1625449482.0,64.0
13.37,1625449482.0,64.0
10.83,1625449482.0,64.0
8.27,1625449482.0,64.0
5.78,1625449482.0,64.0
3.37,1625449482.0,64.0
1.03,1625449482.0,64.0
-1.29,1625449482.0,64.0
-3.66,1625449482.0,64.0
-6.12,1625449482.0,64.0
-8.71,1625449482.0,64.0
-11.51,1625449482.0,64.0
-14.57,1625449482.0,64.0
-18.0,1625449482.0,64.0
-21.83,1625449482.0,64.0
-26.01,1625449482.0,64.0
-30.32,1625449482.0,64.0
-34.35,1625449482.0,64.0
-37.52,1625449482.0,64.0
-39.31,1625449482.0,64.0
-39.36,1625449482.0,64.0
-37.61,1625449482.0,64.0
-34.34,1625449482.0,64.0
-30.05,1625449482.0,64.0
-25.21,1625449482.0,64.0
-20.11,1625449482.0,64.0
-14.85,1625449482.0,64.0
-9.35,1625449482.0,64.0
-3.66,1625449482.0,64.0
2.0,1625449482.0,64.0
7.2,1625449482.0,64.0
11.48,1625449482.0,64.0
14.58,1625449482.0,64.0
16.54,1625449482.0,64.0
17.73,1625449482.0,64.0
18.63,1625449482.0,64.0
19.62,1625449482.0,64.0
20.83,1625449482.0,64.0
22.15,1625449482.0,64.0
23.33,1625449482.0,64.0
24.15,1625449482.0,64.0
24.46,1625449482.0,64.0
24.21,1625449482.0,64.0
23.41,1625449482.0,64.0
22.08,1625449482.0,64.0
20.28,1625449482.0,64.0
18.09,1625449482.0,64.0
15.69,1625449482.0,64.0
13.19,1625449482.0,64.0
10.71,1625449482.0,64.0
8.22,1625449482.0,64.0
5.63,1625449482.0,64.0
2.84,1625449482.0,64.0
-0.12,1625449482.0,64.0
-3.18,1625449482.0,64.0
-6.22,1625449482.0,64.0
-9.18,1625449482.0,64.0
-12.1,1625449482.0,64.0
-15.09,1625449482.0,64.0
-18.26,1625449482.0,64.0
-21.65,1625449482.0,64.0
-25.26,1625449482.0,64.0
-29.05,1625449482.0,64.0
-32.99,1625449482.0,64.0
-37.06,1625449482.0,64.0
-41.13,1625449482.0,64.0
-44.92,1625449482.0,64.0
-47.96,1625449482.0,64.0
-49.7,1625449482.0,64.0
-49.65,1625449482.0,64.0
-47.56,1625449482.0,64.0
-43.56,1625449482.0,64.0
-38.06,1625449482.0,64.0
-31.63,1625449482.0,64.0
-24.82,1625449482.0,64.0
-17.98,1625449482.0,64.0
-11.29,1625449482.0,64.0
-4.77,1625449482.0,64.0
1.53,1625449482.0,64.0
7.46,1625449482.0,64.0
12.77,1625449482.0,64.0
17.18,1625449482.0,64.0
20.56,1625449482.0,64.0
22.96,1625449482.0,64.0
24.66,1625449482.0,64.0
25.95,1625449482.0,64.0
27.07,1625449482.0,64.0
28.12,1625449482.0,64.0
29.03,1625449482.0,64.0
29.68,1625449482.0,64.0
29.98,1625449482.0,64.0
29.86,1625449482.0,64.0
29.31,1625449482.0,64.0
28.39,1625449482.0,64.0
27.13,1625449482.0,64.0
25.62,1625449482.0,64.0
23.89,1625449482.0,64.0
21.98,1625449482.0,64.0
19.84,1625449482.0,64.0
17.44,1625449482.0,64.0
14.74,1625449482.0,64.0
11.8,1625449482.0,64.0
8.74,1625449482.0,64.0
5.73,1625449482.0,64.0
2.88,1625449482.0,64.0
0.16,1625449482.0,64.0
-2.55,1625449482.0,64.0
-5.43,1625449482.0,64.0
-8.65,1625449482.0,64.0
-12.27,1625449482.0,64.0
-16.26,1625449482.0,64.0
-20.58,1625449482.0,64.0
-25.14,1625449482.0,64.0
-29.81,1625449482.0,64.0
-34.37,1625449482.0,64.0
-38.43,1625449482.0,64.0
-41.52,1625449482.0,64.0
-43.17,1625449482.0,64.0
-43.05,1625449482.0,64.0
-41.13,1625449482.0,64.0
-37.62,1625449482.0,64.0
-32.93,1625449482.0,64.0
-27.46,1625449482.0,64.0
-21.51,1625449482.0,64.0
-15.25,1625449482.0,64.0
-8.78,1625449482.0,64.0
-2.29,1625449482.0,64.0
3.96,1625449482.0,64.0
9.56,1625449482.0,64.0
14.17,1625449482.0,64.0
17.62,1625449482.0,64.0
20.0,1625449482.0,64.0
21.64,1625449482.0,64.0
22.97,1625449482.0,64.0
24.28,1625449482.0,64.0
25.68,1625449482.0,64.0
27.1,1625449482.0,64.0
28.31,1625449482.0,64.0
29.12,1625449482.0,64.0
29.44,1625449482.0,64.0
29.32,1625449482.0,64.0
28.86,1625449482.0,64.0
28.14,1625449482.0,64.0
27.2,1625449482.0,64.0
25.95,1625449482.0,64.0
24.34,1625449482.0,64.0
22.33,1625449482.0,64.0
19.99,1625449482.0,64.0
17.46,1625449482.0,64.0
14.9,1625449482.0,64.0
12.42,1625449482.0,64.0
10.03,1625449482.0,64.0
7.68,1625449482.0,64.0
5.29,1625449482.0,64.0
2.79,1625449482.0,64.0
0.12,1625449482.0,64.0
-2.75,1625449482.0,64.0
-5.83,1625449482.0,64.0
-9.09,1625449482.0,64.0
-12.55,1625449482.0,64.0
-16.2,1625449482.0,64.0
-20.08,1625449482.0,64.0
-24.23,1625449482.0,64.0
-28.65,1625449482.0,64.0
-33.23,1625449482.0,64.0
-37.65,1625449482.0,64.0
-41.44,1625449482.0,64.0
-44.1,1625449482.0,64.0
-45.19,1625449482.0,64.0
-44.51,1625449482.0,64.0
-42.1,1625449482.0,64.0
-38.22,1625449482.0,64.0
-33.24,1625449482.0,64.0
-27.52,1625449482.0,64.0
-21.35,1625449482.0,64.0
-14.96,1625449482.0,64.0
-8.53,1625449482.0,64.0
-2.25,1625449482.0,64.0
3.67,1625449482.0,64.0
9.0,1625449482.0,64.0
13.52,1625449482.0,64.0
17.09,1625449482.0,64.0
19.77,1625449482.0,64.0
21.79,1625449482.0,64.0
23.5,1625449482.0,64.0
25.24,1625449482.0,64.0
27.12,1625449482.0,64.0
29.08,1625449482.0,64.0
30.81,1625449482.0,64.0
32.02,1625449482.0,64.0
32.53,1625449482.0,64.0
32.33,1625449482.0,64.0
31.53,1625449482.0,64.0
30.3,1625449482.0,64.0
28.74,1625449482.0,64.0
26.9,1625449482.0,64.0
24.82,1625449482.0,64.0
22.57,1625449482.0,64.0
20.23,1625449482.0,64.0
17.87,1625449482.0,64.0
15.5,1625449482.0,64.0
13.04,1625449482.0,64.0
10.44,1625449482.0,64.0
7.64,1625449482.0,64.0
4.7,1625449482.0,64.0
1.7,1625449482.0,64.0
-1.28,1625449482.0,64.0
-4.21,1625449482.0,64.0
-7.07,1625449482.0,64.0
-9.94,1625449482.0,64.0
-12.86,1625449482.0,64.0
-15.93,1625449482.0,64.0
-19.23,1625449482.0,64.0
-22.83,1625449482.0,64.0
-26.74,1625449482.0,64.0
-30.83,1625449482.0,64.0
-34.77,1625449482.0,64.0
-38.04,1625449482.0,64.0
-40.08,1625449482.0,64.0
-40.44,1625449482.0,64.0
-38.94,1625449482.0,64.0
-35.71,1625449482.0,64.0
-31.16,1625449482.0,64.0
-25.78,1625449482.0,64.0
-19.99,1625449482.0,64.0
-14.07,1625449482.0,64.0
-8.19,1625449482.0,64.0
-2.51,1625449482.0,64.0
2.68,1625449482.0,64.0
7.1,1625449482.0,64.0
10.49,1625449482.0,64.0
12.8,1625449482.0,64.0
14.25,1625449482.0,64.0
15.23,1625449482.0,64.0
16.19,1625449482.0,64.0
17.42,1625449482.0,64.0
18.99,1625449482.0,64.0
20.76,1625449482.0,64.0
22.46,1625449482.0,64.0
23.82,1625449482.0,64.0
24.67,1625449482.0,64.0
24.94,1625449482.0,64.0
24.65,1625449482.0,64.0
23.83,1625449482.0,64.0
22.61,1625449482.0,64.0
21.12,1625449482.0,64.0
19.5,1625449482.0,64.0
17.85,1625449482.0,64.0
16.21,1625449482.0,64.0
14.52,1625449482.0,64.0
12.71,1625449482.0,64.0
10.72,1625449482.0,64.0
8.51,1625449482.0,64.0
6.11,1625449482.0,64.0
3.57,1625449482.0,64.0
0.94,1625449482.0,64.0
-1.78,1625449482.0,64.0
-4.54,1625449482.0,64.0
-7.34,1625449482.0,64.0
-10.22,1625449482.0,64.0
-13.25,1625449482.0,64.0
-16.51,1625449482.0,64.0
-20.07,1625449482.0,64.0
-23.82,1625449482.0,64.0
-27.45,1625449482.0,64.0
-30.46,1625449482.0,64.0
-32.3,1625449482.0,64.0
-32.58,1625449482.0,64.0
-31.17,1625449482.0,64.0
-28.25,1625449482.0,64.0
-24.21,1625449482.0,64.0
-19.47,1625449482.0,64.0
-14.39,1625449482.0,64.0
-9.23,1625449482.0,64.0
-4.11,1625449482.0,64.0
0.79,1625449482.0,64.0
5.31,1625449482.0,64.0
9.25,1625449482.0,64.0
12.45,1625449482.0,64.0
14.88,1625449482.0,64.0
16.64,1625449482.0,64.0
17.94,1625449482.0,64.0
19.02,1625449482.0,64.0
20.06,1625449482.0,64.0
21.16,1625449482.0,64.0
22.27,1625449482.0,64.0
23.28,1625449482.0,64.0
24.01,1625449482.0,64.0
24.31,1625449482.0,64.0
24.08,1625449482.0,64.0
23.27,1625449482.0,64.0
21.97,1625449482.0,64.0
20.3,1625449482.0,64.0
18.45,1625449482.0,64.0
16.55,1625449482.0,64.0
14.65,1625449482.0,64.0
12.66,1625449482.0,64.0
10.48,1625449482.0,64.0
8.01,1625449482.0,64.0
5.25,1625449482.0,64.0
2.3,1625449482.0,64.0
-0.68,1625449482.0,64.0
-3.56,1625449482.0,64.0
-6.3,1625449482.0,64.0
-8.98,1625449482.0,64.0
-11.76,1625449482.0,64.0
-14.81,1625449482.0,64.0
-18.26,1625449482.0,64.0
-22.17,1625449482.0,64.0
-26.48,1625449482.0,64.0
-30.98,1625449482.0,64.0
-35.28,1625449482.0,64.0
-38.87,1625449482.0,64.0
-41.19,1625449482.0,64.0
-41.79,1625449482.0,64.0
-40.49,1625449482.0,64.0
-37.42,1625449482.0,64.0
-32.95,1625449482.0,64.0
-27.56,1625449482.0,64.0
-21.7,1625449482.0,64.0
-15.64,1625449482.0,64.0
-9.57,1625449482.0,64.0
-3.61,1625449482.0,64.0
2.06,1625449482.0,64.0
7.14,1625449482.0,64.0
11.34,1625449482.0,64.0
14.47,1625449482.0,64.0
16.6,1625449482.0,64.0
18.01,1625449482.0,64.0
19.09,1625449482.0,64.0
20.14,1625449482.0,64.0
21.26,1625449482.0,64.0
22.32,1625449482.0,64.0
23.06,1625449482.0,64.0
23.32,1625449482.0,64.0
23.07,1625449482.0,64.0
22.47,1625449482.0,64.0
21.67,1625449482.0,64.0
20.73,1625449482.0,64.0
19.56,1625449482.0,64.0
18.01,1625449482.0,64.0
16.0,1625449482.0,64.0
13.61,1625449482.0,64.0
11.06,1625449482.0,64.0
8.58,1625449482.0,64.0
6.28,1625449482.0,64.0
4.14,1625449482.0,64.0
1.96,1625449482.0,64.0
-0.45,1625449482.0,64.0
-3.24,1625449482.0,64.0
-6.41,1625449482.0,64.0
-9.91,1625449482.0,64.0
-13.65,1625449482.0,64.0
-17.59,1625449482.0,64.0
-21.71,1625449482.0,64.0
-25.97,1625449482.0,64.0
-30.34,1625449482.0,64.0
-34.62,1625449482.0,64.0
-38.53,1625449482.0,64.0
-41.64,1625449482.0,64.0
-43.53,1625449482.0,64.0
-43.85,1625449482.0,64.0
-42.49,1625449482.0,64.0
-39.55,1625449482.0,64.0
-35.34,1625449482.0,64.0
-30.21,1625449482.0,64.0
-24.43,1625449482.0,64.0
-18.15,1625449482.0,64.0
-11.47,1625449482.0,64.0
-4.55,1625449482.0,64.0
2.32,1625449482.0,64.0
8.68,1625449482.0,64.0
14.12,1625449482.0,64.0
18.37,1625449482.0,64.0
21.48,1625449482.0,64.0
23.72,1625449482.0,64.0
25.45,1625449482.0,64.0
26.96,1625449482.0,64.0
28.32,1625449482.0,64.0
29.44,1625449482.0,64.0
30.16,1625449482.0,64.0
30.39,1625449482.0,64.0
30.17,1625449482.0,64.0
29.6,1625449482.0,64.0
28.83,1625449482.0,64.0
27.91,1625449482.0,64.0
26.81,1625449482.0,64.0
25.47,1625449482.0,64.0
23.78,1625449482.0,64.0
21.69,1625449482.0,64.0
19.24,1625449482.0,64.0
16.52,1625449482.0,64.0
13.67,1625449482.0,64.0
10.81,1625449482.0,64.0
8.01,1625449482.0,64.0
5.27,1625449482.0,64.0
2.53,1625449482.0,64.0
-0.29,1625449482.0,64.0
-3.28,1625449482.0,64.0
-6.49,1625449482.0,64.0
-9.93,1625449482.0,64.0
-13.67,1625449482.0,64.0
-17.73,1625449482.0,64.0
-22.14,1625449482.0,64.0
-26.76,1625449482.0,64.0
-31.28,1625449482.0,64.0
-35.2,1625449482.0,64.0
-37.92,1625449482.0,64.0
-38.94,1625449482.0,64.0
-38.05,1625449482.0,64.0
-35.4,1625449482.0,64.0
-31.42,1625449482.0,64.0
-26.63,1625449482.0,64.0
-21.42,1625449482.0,64.0
-15.97,1625449482.0,64.0
-10.3,1625449482.0,64.0
-4.42,1625449482.0,64.0
1.46,1625449482.0,64.0
6.98,1625449482.0,64.0
11.69,1625449482.0,64.0
15.3,1625449482.0,64.0
17.83,1625449482.0,64.0
19.57,1625449482.0,64.0
20.96,1625449482.0,64.0
22.38,1625449482.0,64.0
24.01,1625449482.0,64.0
25.79,1625449482.0,64.0
27.5,1625449482.0,64.0
28.9,1625449482.0,64.0
29.81,1625449482.0,64.0
30.13,1625449482.0,64.0
29.87,1625449482.0,64.0
29.09,1625449482.0,64.0
27.84,1625449482.0,64.0
26.22,1625449482.0,64.0
24.31,1625449482.0,64.0
22.16,1625449482.0,64.0
19.83,1625449482.0,64.0
17.31,1625449482.0,64.0
14.61,1625449482.0,64.0
11.74,1625449482.0,64.0
8.75,1625449482.0,64.0
5.73,1625449482.0,64.0
2.84,1625449482.0,64.0
0.18,1625449482.0,64.0
-2.24,1625449482.0,64.0
-4.59,1625449482.0,64.0
-7.11,1625449482.0,64.0
-10.1,1625449482.0,64.0
-13.74,1625449482.0,64.0
-18.05,1625449482.0,64.0
-22.84,1625449482.0,64.0
-27.82,1625449482.0,64.0
-32.62,1625449482.0,64.0
-36.82,1625449482.0,64.0
-40.02,1625449482.0,64.0
-41.8,1625449482.0,64.0
-41.81,1625449482.0,64.0
-39.93,1625449482.0,64.0
-36.28,1625449482.0,64.0
-31.27,1625449482.0,64.0
-25.44,1625449482.0,64.0
-19.29,1625449482.0,64.0
-13.15,1625449482.0,64.0
-7.19,1625449482.0,64.0
-1.43,1625449482.0,64.0
4.03,1625449482.0,64.0
9.02,1625449482.0,64.0
13.32,1625449482.0,64.0
16.7,1625449482.0,64.0
19.11,1625449482.0,64.0
20.68,1625449482.0,64.0
21.71,1625449482.0,64.0
22.52,1625449482.0,64.0
23.34,1625449482.0,64.0
24.27,1625449482.0,64.0
25.21,1625449482.0,64.0
26.03,1625449482.0,64.0
26.59,1625449482.0,64.0
26.79,1625449482.0,64.0
26.6,1625449482.0,64.0
26.05,1625449482.0,64.0
25.18,1625449482.0,64.0
24.04,1625449482.0,64.0
22.65,1625449482.0,64.0
21.03,1625449482.0,64.0
19.2,1625449482.0,64.0
17.16,1625449482.0,64.0
14.92,1625449482.0,64.0
12.53,1625449482.0,64.0
10.04,1625449482.0,64.0
7.5,1625449482.0,64.0
4.96,1625449482.0,64.0
2.44,1625449482.0,64.0
-0.12,1625449482.0,64.0
-2.82,1625449482.0,64.0
-5.77,1625449482.0,64.0
-9.05,1625449482.0,64.0
-12.7,1625449482.0,64.0
-16.71,1625449482.0,64.0
-20.97,1625449482.0,64.0
-25.29,1625449482.0,64.0
-29.39,1625449482.0,64.0
-32.86,1625449482.0,64.0
-35.26,1625449482.0,64.0
-36.18,1625449482.0,64.0
-35.41,1625449482.0,64.0
-32.9,1625449482.0,64.0
-28.91,1625449482.0,64.0
-23.83,1625449482.0,64.0
-18.13,1625449482.0,64.0
-12.26,1625449482.0,64.0
-6.57,1625449482.0,64.0
-1.32,1625449482.0,64.0
3.32,1625449482.0,64.0
7.22,1625449482.0,64.0
10.35,1625449482.0,64.0
12.76,1625449482.0,64.0
14.57,1625449482.0,64.0
16.0,1625449482.0,64.0
17.24,1625449482.0,64.0
18.45,1625449482.0,64.0
19.67,1625449482.0,64.0
20.82,1625449482.0,64.0
21.75,1625449482.0,64.0
22.31,1625449482.0,64.0
22.39,1625449482.0,64.0
21.97,1625449482.0,64.0
21.16,1625449482.0,64.0
20.09,1625449482.0,64.0
18.92,1625449482.0,64.0
17.74,1625449482.0,64.0
16.51,1625449482.0,64.0
15.11,1625449482.0,64.0
13.38,1625449482.0,64.0
11.22,1625449482.0,64.0
8.64,1625449482.0,64.0
5.78,1625449482.0,64.0
2.85,1625449482.0,64.0
0.04,1625449482.0,64.0
-2.6,1625449482.0,64.0
-5.13,1625449482.0,64.0
-7.72,1625449482.0,64.0
-10.56,1625449482.0,64.0
-13.8,1625449482.0,64.0
-17.47,1625449482.0,64.0
-21.48,1625449482.0,64.0
-25.62,1625449482.0,64.0
-29.52,1625449482.0,64.0
-32.78,1625449482.0,64.0
-34.98,1625449482.0,64.0
-35.76,1625449482.0,64.0
-34.9,1625449482.0,64.0
-32.38,1625449482.0,64.0
-28.36,1625449482.0,64.0
-23.14,1625449482.0,64.0
-17.14,1625449482.0,64.0
-10.76,1625449482.0,64.0
-4.38,1625449482.0,64.0
1.66,1625449482.0,64.0
7.1,1625449482.0,64.0
11.7,1625449482.0,64.0
15.32,1625449482.0,64.0
17.94,1625449482.0,64.0
19.67,1625449482.0,64.0
20.74,1625449482.0,64.0
21.44,1625449482.0,64.0
22.05,1625449482.0,64.0
22.72,1625449482.0,64.0
23.44,1625449482.0,64.0
24.1,1625449482.0,64.0
24.51,1625449482.0,64.0
24.53,1625449482.0,64.0
24.1,1625449482.0,64.0
23.26,1625449482.0,64.0
22.07,1625449482.0,64.0
20.59,1625449482.0,64.0
18.85,1625449482.0,64.0
16.84,1625449482.0,64.0
14.54,1625449482.0,64.0
11.96,1625449482.0,64.0
9.21,1625449482.0,64.0
6.37,1625449482.0,64.0
3.56,1625449482.0,64.0
0.82,1625449482.0,64.0
-1.88,1625449482.0,64.0
-4.64,1625449482.0,64.0
-7.56,1625449482.0,64.0
-10.73,1625449482.0,64.0
-14.2,1625449482.0,64.0
-17.94,1625449482.0,64.0
-21.9,1625449482.0,64.0
-26.0,1625449482.0,64.0
-30.16,1625449482.0,64.0
-34.23,1625449482.0,64.0
-37.91,1625449482.0,64.0
-40.79,1625449482.0,64.0
-42.39,1625449482.0,64.0
-42.31,1625449482.0,64.0
-40.4,1625449482.0,64.0
-36.78,1625449482.0,64.0
-31.84,1625449482.0,64.0
-26.04,1625449482.0,64.0
-19.79,1625449482.0,64.0
-13.38,1625449482.0,64.0
-6.92,1625449482.0,64.0
-0.53,1625449482.0,64.0
5.63,1625449482.0,64.0
11.26,1625449482.0,64.0
16.06,1625449482.0,64.0
19.8,1625449482.0,64.0
22.48,1625449482.0,64.0
24.31,1625449482.0,64.0
25.61,1625449482.0,64.0
26.73,1625449482.0,64.0
27.86,1625449482.0,64.0
29.03,1625449482.0,64.0
30.1,1625449482.0,64.0
30.86,1625449482.0,64.0
31.13,1625449482.0,64.0
30.84,1625449482.0,64.0
30.0,1625449482.0,64.0
28.69,1625449482.0,64.0
26.96,1625449482.0,64.0
24.86,1625449482.0,64.0
22.38,1625449482.0,64.0
19.53,1625449482.0,64.0
16.34,1625449482.0,64.0
12.92,1625449482.0,64.0
9.41,1625449482.0,64.0
5.97,1625449482.0,64.0
2.71,1625449482.0,64.0
-0.33,1625449482.0,64.0
-3.2,1625449482.0,64.0
-5.99,1625449482.0,64.0
-8.88,1625449482.0,64.0
-12.01,1625449482.0,64.0
-15.54,1625449482.0,64.0
-19.55,1625449482.0,64.0
-23.95,1625449482.0,64.0
-28.57,1625449482.0,64.0
-33.05,1625449482.0,64.0
-37.02,1625449482.0,64.0
-40.07,1625449482.0,64.0
-41.86,1625449482.0,64.0
-42.16,1625449482.0,64.0
-40.85,1625449482.0,64.0
-37.99,1625449482.0,64.0
-33.78,1625449482.0,64.0
-28.51,1625449482.0,64.0
-22.54,1625449482.0,64.0
-16.18,1625449482.0,64.0
-9.62,1625449482.0,64.0
-3.01,1625449482.0,64.0
3.49,1625449482.0,64.0
9.61,1625449482.0,64.0
15.01,1625449482.0,64.0
19.33,1625449482.0,64.0
22.39,1625449482.0,64.0
24.32,1625449482.0,64.0
25.46,1625449482.0,64.0
26.32,1625449482.0,64.0
27.25,1625449482.0,64.0
28.37,1625449482.0,64.0
29.5,1625449482.0,64.0
30.32,1625449482.0,64.0
30.55,1625449482.0,64.0
30.09,1625449482.0,64.0
29.05,1625449482.0,64.0
27.63,1625449482.0,64.0
26.01,1625449482.0,64.0
24.29,1625449482.0,64.0
22.41,1625449482.0,64.0
20.34,1625449482.0,64.0
18.02,1625449482.0,64.0
15.51,1625449482.0,64.0
12.9,1625449482.0,64.0
10.27,1625449482.0,64.0
7.61,1625449482.0,64.0
4.87,1625449482.0,64.0
1.99,1625449482.0,64.0
-1.07,1625449482.0,64.0
-4.25,1625449482.0,64.0
-7.52,1625449482.0,64.0
-10.85,1625449482.0,64.0
-14.27,1625449482.0,64.0
-17.91,1625449482.0,64.0
-21.9,1625449482.0,64.0
-26.33,1625449482.0,64.0
-31.13,1625449482.0,64.0
-36.03,1625449482.0,64.0
-40.58,1625449482.0,64.0
-44.19,1625449482.0,64.0
-46.3,1625449482.0,64.0
-46.51,1625449482.0,64.0
-44.68,1625449482.0,64.0
-40.97,1625449482.0,64.0
-35.81,1625449482.0,64.0
-29.72,1625449482.0,64.0
-23.17,1625449482.0,64.0
-16.52,1625449482.0,64.0
-9.95,1625449482.0,64.0
-3.6,1625449482.0,64.0
2.4,1625449482.0,64.0
7.84,1625449482.0,64.0
12.47,1625449482.0,64.0
16.17,1625449482.0,64.0
18.95,1625449482.0,64.0
21.05,1625449482.0,64.0
22.75,1625449482.0,64.0
24.29,1625449482.0,64.0
25.76,1625449482.0,64.0
27.08,1625449482.0,64.0
28.1,1625449482.0,64.0
28.69,1625449482.0,64.0
28.87,1625449482.0,64.0
28.74,1625449482.0,64.0
28.38,1625449482.0,64.0
27.84,1625449482.0,64.0
27.01,1625449482.0,64.0
25.78,1625449482.0,64.0
24.04,1625449482.0,64.0
21.84,1625449482.0,64.0
19.33,1625449482.0,64.0
16.71,1625449482.0,64.0
14.17,1625449482.0,64.0
11.75,1625449482.0,64.0
9.4,1625449482.0,64.0
6.98,1625449482.0,64.0
4.37,1625449482.0,64.0
1.54,1625449482.0,64.0
-1.49,1625449482.0,64.0
-4.61,1625449482.0,64.0
-7.77,1625449482.0,64.0
-11.0,1625449482.0,64.0
-14.39,1625449482.0,64.0
-18.08,1625449482.0,64.0
-22.2,1625449482.0,64.0
-26.73,1625449482.0,64.0
-31.48,1625449482.0,64.0
-36.08,1625449482.0,64.0
-40.0,1625449482.0,64.0
-42.71,1625449482.0,64.0
-43.79,1625449482.0,64.0
-43.04,1625449482.0,64.0
-40.54,1625449482.0,64.0
-36.58,1625449482.0,64.0
-31.51,1625449482.0,64.0
-25.7,1625449482.0,64.0
-19.4,1625449482.0,64.0
-12.82,1625449482.0,64.0
-6.19,1625449482.0,64.0
0.21,1625449482.0,64.0
6.03,1625449482.0,64.0
10.93,1625449482.0,64.0
14.7,1625449482.0,64.0
17.35,1625449482.0,64.0
19.06,1625449482.0,64.0
20.2,1625449482.0,64.0
21.17,1625449482.0,64.0
22.3,1625449482.0,64.0
23.72,1625449482.0,64.0
25.36,1625449482.0,64.0
26.96,1625449482.0,64.0
28.22,1625449482.0,64.0
28.88,1625449482.0,64.0
28.81,1625449482.0,64.0
28.04,1625449482.0,64.0
26.74,1625449482.0,64.0
25.09,1625449482.0,64.0
23.24,1625449482.0,64.0
21.25,1625449482.0,64.0
19.12,1625449482.0,64.0
16.84,1625449482.0,64.0
14.41,1625449482.0,64.0
11.91,1625449482.0,64.0
9.44,1625449482.0,64.0
7.08,1625449482.0,64.0
4.85,1625449482.0,64.0
2.67,1625449482.0,64.0
0.39,1625449482.0,64.0
-2.16,1625449482.0,64.0
-5.07,1625449482.0,64.0
-8.37,1625449482.0,64.0
-12.0,1625449482.0,64.0
-15.88,1625449482.0,64.0
-19.93,1625449482.0,64.0
-24.07,1625449482.0,64.0
-28.17,1625449482.0,64.0
-31.97,1625449482.0,64.0
-35.07,1625449482.0,64.0
-36.97,1625449482.0,64.0
-37.24,1625449482.0,64.0
-35.66,1625449482.0,64.0
-32.33,1625449482.0,64.0
-27.67,1625449482.0,64.0
-22.23,1625449482.0,64.0
-16.54,1625449482.0,64.0
-10.93,1625449482.0,64.0
-5.53,1625449482.0,64.0
-0.38,1625449482.0,64.0
4.41,1625449482.0,64.0
8.61,1625449482.0,64.0
11.91,1625449482.0,64.0
14.11,1625449482.0,64.0
15.26,1625449482.0,64.0
15.78,1625449482.0,64.0
16.19,1625449482.0,64.0
16.98,1625449482.0,64.0
18.35,1625449482.0,64.0
20.09,1625449482.0,64.0
21.76,1625449482.0,64.0
22.88,1625449482.0,64.0
23.15,1625449482.0,64.0
22.56,1625449482.0,64.0
21.32,1625449482.0,64.0
19.76,1625449482.0,64.0
18.13,1625449482.0,64.0
16.51,1625449482.0,64.0
14.82,1625449482.0,64.0
12.92,1625449482.0,64.0
10.72,1625449482.0,64.0
8.23,1625449482.0,64.0
5.61,1625449482.0,64.0
3.02,1625449482.0,64.0
0.56,1625449482.0,64.0
-1.81,1625449482.0,64.0
-4.25,1625449482.0,64.0
-6.98,1625449482.0,64.0
-10.13,1625449482.0,64.0
-13.75,1625449482.0,64.0
-17.73,1625449482.0,64.0
-21.94,1625449482.0,64.0
-26.24,1625449482.0,64.0
-30.45,1625449482.0,64.0
-34.31,1625449482.0,64.0
-37.45,1625449482.0,64.0
-39.47,1625449482.0,64.0
-39.98,1625449482.0,64.0
-38.8,1625449482.0,64.0
-36.03,1625449482.0,64.0
-31.97,1625449482.0,64.0
-27.03,1625449482.0,64.0
-21.53,1625449482.0,64.0
-15.73,1625449482.0,64.0
-9.74,1625449482.0,64.0
-3.74,1625449482.0,64.0
2.02,1625449482.0,64.0
7.2,1625449482.0,64.0
11.46,1625449482.0,64.0
14.62,1625449482.0,64.0
16.7,1625449482.0,64.0
17.97,1625449482.0,64.0
18.81,1625449482.0,64.0
19.58,1625449482.0,64.0
20.5,1625449482.0,64.0
21.59,1625449482.0,64.0
22.63,1625449482.0,64.0
23.35,1625449482.0,64.0
23.53,1625449482.0,64.0
23.11,1625449482.0,64.0
22.21,1625449482.0,64.0
21.05,1625449482.0,64.0
19.81,1625449482.0,64.0
18.52,1625449482.0,64.0
17.07,1625449482.0,64.0
15.25,1625449482.0,64.0
12.91,1625449482.0,64.0
10.09,1625449482.0,64.0
6.94,1625449482.0,64.0
3.7,1625449482.0,64.0
0.53,1625449482.0,64.0
-2.51,1625449482.0,64.0
-5.53,1625449482.0,64.0
-8.71,1625449482.0,64.0
-12.16,1625449482.0,64.0
-15.97,1625449482.0,64.0
-20.09,1625449482.0,64.0
-24.51,1625449482.0,64.0
-29.12,1625449482.0,64.0
-33.77,1625449482.0,64.0
-38.19,1625449482.0,64.0
-42.01,1625449482.0,64.0
-44.82,1625449482.0,64.0
-46.25,1625449482.0,64.0
-46.06,1625449482.0,64.0
-44.22,1625449482.0,64.0
-40.82,1625449482.0,64.0
-36.08,1625449482.0,64.0
-30.22,1625449482.0,64.0
-23.53,1625449482.0,64.0
-16.29,1625449482.0,64.0
-8.86,1625449482.0,64.0
-1.65,1625449482.0,64.0
4.91,1625449482.0,64.0
10.44,1625449482.0,64.0
14.72,1625449482.0,64.0
17.76,1625449482.0,64.0
19.81,1625449482.0,64.0
21.28,1625449482.0,64.0
22.6,1625449482.0,64.0
24.03,1625449482.0,64.0
25.66,1625449482.0,64.0
27.33,1625449482.0,64.0
28.82,1625449482.0,64.0
29.9,1625449482.0,64.0
30.42,1625449482.0,64.0
30.34,1625449482.0,64.0
29.67,1625449482.0,64.0
28.44,1625449482.0,64.0
26.74,1625449482.0,64.0
24.67,1625449482.0,64.0
22.3,1625449482.0,64.0
19.71,1625449482.0,64.0
16.89,1625449482.0,64.0
13.84,1625449482.0,64.0
10.53,1625449482.0,64.0
7.0,1625449482.0,64.0
3.37,1625449482.0,64.0
-0.24,1625449482.0,64.0
-3.75,1625449482.0,64.0
-7.19,1625449482.0,64.0
-10.69,1625449482.0,64.0
-14.46,1625449482.0,64.0
-18.61,1625449482.0,64.0
-23.17,1625449482.0,64.0
-28.01,1625449482.0,64.0
-32.83,1625449482.0,64.0
-37.24,1625449482.0,64.0
-40.81,1625449482.0,64.0
-43.11,1625449482.0,64.0
-43.85,1625449482.0,64.0
-42.88,1625449482.0,64.0
-40.27,1625449482.0,64.0
-36.25,1625449482.0,64.0
-31.12,1625449482.0,64.0
-25.15,1625449482.0,64.0
-18.62,1625449482.0,64.0
-11.72,1625449482.0,64.0
-4.74,1625449482.0,64.0
1.99,1625449482.0,64.0
8.03,1625449482.0,64.0
13.04,1625449482.0,64.0
16.84,1625449482.0,64.0
19.52,1625449482.0,64.0
21.41,1625449482.0,64.0
22.95,1625449482.0,64.0
24.48,1625449482.0,64.0
26.13,1625449482.0,64.0
27.78,1625449482.0,64.0
29.19,1625449482.0,64.0
30.13,1625449482.0,64.0
30.44,1625449482.0,64.0
30.14,1625449482.0,64.0
29.32,1625449482.0,64.0
28.13,1625449482.0,64.0
26.68,1625449482.0,64.0
25.0,1625449482.0,64.0
23.08,1625449482.0,64.0
20.93,1625449482.0,64.0
18.55,1625449482.0,64.0
15.98,1625449482.0,64.0
13.27,1625449482.0,64.0
10.5,1625449482.0,64.0
7.69,1625449482.0,64.0
4.84,1625449482.0,64.0
1.92,1625449482.0,64.0
-1.16,1625449482.0,64.0
-4.48,1625449482.0,64.0
-8.08,1625449482.0,64.0
-11.99,1625449482.0,64.0
-16.17,1625449482.0,64.0
-20.57,1625449482.0,64.0
-25.15,1625449482.0,64.0
-29.81,1625449482.0,64.0
-34.33,1625449482.0,64.0
-38.4,1625449482.0,64.0
-41.52,1625449482.0,64.0
-43.19,1625449482.0,64.0
-43.01,1625449482.0,64.0
-40.85,1625449482.0,64.0
-36.9,1625449482.0,64.0
-31.58,1625449482.0,64.0
-25.39,1625449482.0,64.0
-18.78,1625449482.0,64.0
-12.02,1625449482.0,64.0
-5.27,1625449482.0,64.0
1.3,1625449482.0,64.0
7.44,1625449482.0,64.0
12.87,1625449482.0,64.0
17.33,1625449482.0,64.0
20.76,1625449482.0,64.0
23.33,1625449482.0,64.0
25.37,1625449482.0,64.0
27.23,1625449482.0,64.0
29.08,1625449482.0,64.0
30.85,1625449482.0,64.0
32.29,1625449482.0,64.0
33.1,1625449482.0,64.0
33.06,1625449482.0,64.0
32.19,1625449482.0,64.0
30.66,1625449482.0,64.0
28.77,1625449482.0,64.0
26.8,1625449482.0,64.0
24.89,1625449482.0,64.0
23.08,1625449482.0,64.0
21.26,1625449482.0,64.0
19.29,1625449482.0,64.0
17.03,1625449482.0,64.0
14.44,1625449482.0,64.0
11.6,1625449482.0,64.0
8.67,1625449482.0,64.0
5.79,1625449482.0,64.0
3.01,1625449482.0,64.0
0.24,1625449482.0,64.0
-2.72,1625449482.0,64.0
-6.02,1625449482.0,64.0
-9.73,1625449482.0,64.0
-13.79,1625449482.0,64.0
-18.07,1625449482.0,64.0
-22.52,1625449482.0,64.0
-27.13,1625449482.0,64.0
-31.85,1625449482.0,64.0
-36.48,1625449482.0,64.0
-40.59,1625449482.0,64.0
-43.59,1625449482.0,64.0
-44.93,1625449482.0,64.0
-44.28,1625449482.0,64.0
-41.65,1625449482.0,64.0
-37.33,1625449482.0,64.0
-31.78,1625449482.0,64.0
-25.4,1625449482.0,64.0
-18.54,1625449482.0,64.0
-11.43,1625449482.0,64.0
-4.37,1625449482.0,64.0
2.31,1625449482.0,64.0
8.21,1625449482.0,64.0
13.0,1625449482.0,64.0
16.52,1625449482.0,64.0
18.88,1625449482.0,64.0
20.36,1625449482.0,64.0
21.37,1625449482.0,64.0
22.26,1625449482.0,64.0
23.28,1625449482.0,64.0
24.44,1625449482.0,64.0
25.63,1625449482.0,64.0
26.65,1625449482.0,64.0
27.33,1625449482.0,64.0
27.57,1625449482.0,64.0
27.36,1625449482.0,64.0
26.73,1625449482.0,64.0
25.72,1625449482.0,64.0
24.35,1625449482.0,64.0
22.63,1625449482.0,64.0
20.59,1625449482.0,64.0
18.21,1625449482.0,64.0
15.51,1625449482.0,64.0
12.56,1625449482.0,64.0
9.46,1625449482.0,64.0
6.34,1625449482.0,64.0
3.37,1625449482.0,64.0
0.63,1625449482.0,64.0
-1.88,1625449482.0,64.0
-4.27,1625449482.0,64.0
-6.72,1625449482.0,64.0
-9.42,1625449482.0,64.0
-12.47,1625449482.0,64.0
-15.9,1625449482.0,64.0
-19.7,1625449482.0,64.0
-23.76,1625449482.0,64.0
-27.92,1625449482.0,64.0
-31.9,1625449482.0,64.0
-35.28,1625449482.0,64.0
-37.52,1625449482.0,64.0
-38.15,1625449482.0,64.0
-36.87,1625449482.0,64.0
-33.73,1625449482.0,64.0
-29.05,1625449482.0,64.0
-23.34,1625449482.0,64.0
-17.1,1625449482.0,64.0
-10.69,1625449482.0,64.0
-4.34,1625449482.0,64.0
1.79,1625449482.0,64.0
7.51,1625449482.0,64.0
12.57,1625449482.0,64.0
16.74,1625449482.0,64.0
19.87,1625449482.0,64.0
22.03,1625449482.0,64.0
23.47,1625449482.0,64.0
24.54,1625449482.0,64.0
25.54,1625449482.0,64.0
26.61,1625449482.0,64.0
27.71,1625449482.0,64.0
28.68,1625449482.0,64.0
29.3,1625449482.0,64.0
29.46,1625449482.0,64.0
29.1,1625449482.0,64.0
28.26,1625449482.0,64.0
26.98,1625449482.0,64.0
25.33,1625449482.0,64.0
23.33,1625449482.0,64.0
21.05,1625449482.0,64.0
18.52,1625449482.0,64.0
15.85,1625449482.0,64.0
13.09,1625449482.0,64.0
10.31,1625449482.0,64.0
7.51,1625449482.0,64.0
4.66,1625449482.0,64.0
1.7,1625449482.0,64.0
-1.42,1625449482.0,64.0
-4.72,1625449482.0,64.0
-8.18,1625449482.0,64.0
-11.75,1625449482.0,64.0
-15.39,1625449482.0,64.0
-19.1,1625449482.0,64.0
-22.84,1625449482.0,64.0
-26.49,1625449482.0,64.0
-29.82,1625449482.0,64.0
-32.48,1625449482.0,64.0
-34.07,1625449482.0,64.0
-34.22,1625449482.0,64.0
-32.79,1625449482.0,64.0
-29.84,1625449482.0,64.0
-25.58,1625449482.0,64.0
-20.38,1625449482.0,64.0
-14.54,1625449482.0,64.0
-8.37,1625449482.0,64.0
-2.17,1625449482.0,64.0
3.74,1625449482.0,64.0
9.05,1625449482.0,64.0
13.46,1625449482.0,64.0
16.79,1625449482.0,64.0
19.02,1625449482.0,64.0
20.37,1625449482.0,64.0
21.18,1625449482.0,64.0
21.78,1625449482.0,64.0
22.43,1625449482.0,64.0
23.2,1625449482.0,64.0
23.96,1625449482.0,64.0
24.54,1625449482.0,64.0
24.78,1625449482.0,64.0
24.59,1625449482.0,64.0
23.98,1625449482.0,64.0
22.97,1625449482.0,64.0
21.59,1625449482.0,64.0
19.84,1625449482.0,64.0
17.74,1625449482.0,64.0
15.35,1625449482.0,64.0
12.79,1625449482.0,64.0
10.14,1625449482.0,64.0
7.46,1625449482.0,64.0
4.71,1625449482.0,64.0
1.87,1625449482.0,64.0
-1.08,1625449482.0,64.0
-4.08,1625449482.0,64.0
-7.05,1625449482.0,64.0
-9.98,1625449482.0,64.0
-12.94,1625449482.0,64.0
-16.12,1625449482.0,64.0
-19.71,1625449482.0,64.0
-23.8,1625449482.0,64.0
-28.27,1625449482.0,64.0
-32.84,1625449482.0,64.0
-37.01,1625449482.0,64.0
-40.24,1625449482.0,64.0
-42.02,1625449482.0,64.0
-41.97,1625449482.0,64.0
-39.99,1625449482.0,64.0
-36.22,1625449482.0,64.0
-31.03,1625449482.0,64.0
-24.9,1625449482.0,64.0
-18.31,1625449482.0,64.0
-11.59,1625449482.0,64.0
-4.92,1625449482.0,64.0
1.62,1625449482.0,64.0
7.92,1625449482.0,64.0
13.81,1625449482.0,64.0
19.03,1625449482.0,64.0
23.31,1625449482.0,64.0
26.53,1625449482.0,64.0
28.72,1625449482.0,64.0
30.11,1625449482.0,64.0
30.98,1625449482.0,64.0
31.55,1625449482.0,64.0
31.96,1625449482.0,64.0
32.22,1625449482.0,64.0
32.35,1625449482.0,64.0
32.33,1625449482.0,64.0
32.19,1625449482.0,64.0
31.82,1625449482.0,64.0
31.08,1625449482.0,64.0
29.75,1625449482.0,64.0
27.74,1625449482.0,64.0
25.11,1625449482.0,64.0
22.15,1625449482.0,64.0
19.18,1625449482.0,64.0
16.44,1625449482.0,64.0
13.94,1625449482.0,64.0
11.49,1625449482.0,64.0
8.81,1625449482.0,64.0
5.75,1625449482.0,64.0
2.32,1625449482.0,64.0
-1.25,1625449482.0,64.0
-4.75,1625449482.0,64.0
-8.03,1625449482.0,64.0
-11.14,1625449482.0,64.0
-14.26,1625449482.0,64.0
-17.59,1625449482.0,64.0
-21.23,1625449482.0,64.0
-25.17,1625449482.0,64.0
-29.33,1625449482.0,64.0
-33.54,1625449482.0,64.0
-37.63,1625449482.0,64.0
-41.33,1625449482.0,64.0
-44.27,1625449482.0,64.0
-45.98,1625449482.0,64.0
-46.06,1625449482.0,64.0
-44.24,1625449482.0,64.0
-40.59,1625449482.0,64.0
-35.43,1625449482.0,64.0
-29.29,1625449482.0,64.0
-22.61,1625449482.0,64.0
-15.74,1625449482.0,64.0
-8.85,1625449482.0,64.0
-2.05,1625449482.0,64.0
4.52,1625449482.0,64.0
10.63,1625449482.0,64.0
15.95,1625449482.0,64.0
20.27,1625449482.0,64.0
23.52,1625449482.0,64.0
25.84,1625449482.0,64.0
27.49,1625449482.0,64.0
28.8,1625449482.0,64.0
29.99,1625449482.0,64.0
31.15,1625449482.0,64.0
32.21,1625449482.0,64.0
32.98,1625449482.0,64.0
33.25,1625449482.0,64.0
32.89,1625449482.0,64.0
31.89,1625449482.0,64.0
30.4,1625449482.0,64.0
28.67,1625449482.0,64.0
26.91,1625449482.0,64.0
25.24,1625449482.0,64.0
23.65,1625449482.0,64.0
22.0,1625449482.0,64.0
20.13,1625449482.0,64.0
17.93,1625449482.0,64.0
15.38,1625449482.0,64.0
12.55,1625449482.0,64.0
9.5,1625449482.0,64.0
6.31,1625449482.0,64.0
3.0,1625449482.0,64.0
-0.4,1625449482.0,64.0
-3.85,1625449482.0,64.0
-7.33,1625449482.0,64.0
-10.82,1625449482.0,64.0
-14.33,1625449482.0,64.0
-17.89,1625449482.0,64.0
-21.55,1625449482.0,64.0
-25.35,1625449482.0,64.0
-29.32,1625449482.0,64.0
-33.35,1625449482.0,64.0
-37.22,1625449482.0,64.0
-40.51,1625449482.0,64.0
-42.75,1625449482.0,64.0
-43.49,1625449482.0,64.0
-42.44,1625449482.0,64.0
-39.64,1625449482.0,64.0
-35.4,1625449482.0,64.0
-30.18,1625449482.0,64.0
-24.38,1625449482.0,64.0
-18.28,1625449482.0,64.0
-11.95,1625449482.0,64.0
-5.41,1625449482.0,64.0
1.25,1625449482.0,64.0
7.71,1625449482.0,64.0
13.53,1625449482.0,64.0
18.31,1625449482.0,64.0
21.81,1625449482.0,64.0
24.11,1625449482.0,64.0
25.54,1625449482.0,64.0
26.51,1625449482.0,64.0
27.38,1625449482.0,64.0
28.26,1625449482.0,64.0
29.13,1625449482.0,64.0
29.83,1625449482.0,64.0
30.26,1625449482.0,64.0
30.34,1625449482.0,64.0
30.07,1625449482.0,64.0
29.45,1625449482.0,64.0
28.47,1625449482.0,64.0
27.14,1625449482.0,64.0
25.46,1625449482.0,64.0
23.53,1625449482.0,64.0
21.44,1625449482.0,64.0
19.28,1625449482.0,64.0
17.11,1625449482.0,64.0
14.9,1625449482.0,64.0
12.62,1625449482.0,64.0
10.19,1625449482.0,64.0
7.56,1625449482.0,64.0
4.73,1625449482.0,64.0
1.74,1625449482.0,64.0
-1.38,1625449482.0,64.0
-4.58,1625449482.0,64.0
-7.82,1625449482.0,64.0
-11.08,1625449482.0,64.0
-14.35,1625449482.0,64.0
-17.68,1625449482.0,64.0
-21.1,1625449482.0,64.0
-24.72,1625449482.0,64.0
-28.6,1625449482.0,64.0
-32.71,1625449482.0,64.0
-36.89,1625449482.0,64.0
-40.75,1625449482.0,64.0
-43.8,1625449482.0,64.0
-45.54,1625449482.0,64.0
-45.61,1625449482.0,64.0
-43.94,1625449482.0,64.0
-40.74,1625449482.0,64.0
-36.39,1625449482.0,64.0
-31.27,1625449482.0,64.0
-25.63,1625449482.0,64.0
-19.62,1625449482.0,64.0
-13.32,1625449482.0,64.0
-6.9,1625449482.0,64.0
-0.72,1625449482.0,64.0
4.74,1625449482.0,64.0
9.07,1625449482.0,64.0
12.1,1625449482.0,64.0
13.99,1625449482.0,64.0
15.21,1625449482.0,64.0
16.31,1625449482.0,64.0
17.7,1625449482.0,64.0
19.5,1625449482.0,64.0
21.5,1625449482.0,64.0
23.32,1625449482.0,64.0
24.62,1625449482.0,64.0
25.18,1625449482.0,64.0
25.07,1625449482.0,64.0
24.46,1625449482.0,64.0
23.57,1625449482.0,64.0
22.54,1625449482.0,64.0
21.37,1625449482.0,64.0
19.99,1625449482.0,64.0
18.32,1625449482.0,64.0
16.38,1625449482.0,64.0
14.25,1625449482.0,64.0
12.09,1625449482.0,64.0
9.99,1625449482.0,64.0
7.94,1625449482.0,64.0
5.85,1625449482.0,64.0
3.56,1625449482.0,64.0
0.95,1625449482.0,64.0
-1.97,1625449482.0,64.0
-5.11,1625449482.0,64.0
-8.33,1625449482.0,64.0
-11.46,1625449482.0,64.0
-14.48,1625449482.0,64.0
-17.47,1625449482.0,64.0
-20.61,1625449482.0,64.0
-24.06,1625449482.0,64.0
-27.88,1625449482.0,64.0
-31.91,1625449482.0,64.0
-35.76,1625449482.0,64.0
-38.85,1625449482.0,64.0
-40.63,1625449482.0,64.0
-40.69,1625449482.0,64.0
-38.9,1625449482.0,64.0
-35.41,1625449482.0,64.0
-30.61,1625449482.0,64.0
-24.91,1625449482.0,64.0
-18.7,1625449482.0,64.0
-12.25,1625449482.0,64.0
-5.87,1625449482.0,64.0
0.16,1625449482.0,64.0
5.47,1625449482.0,64.0
9.71,1625449482.0,64.0
12.69,1625449482.0,64.0
14.48,1625449482.0,64.0
15.42,1625449482.0,64.0
15.98,1625449482.0,64.0
16.69,1625449482.0,64.0
17.82,1625449482.0,64.0
19.39,1625449482.0,64.0
21.16,1625449482.0,64.0
22.78,1625449482.0,64.0
23.91,1625449482.0,64.0
24.4,1625449482.0,64.0
24.27,1625449482.0,64.0
23.62,1625449482.0,64.0
22.59,1625449482.0,64.0
21.25,1625449482.0,64.0
19.61,1625449482.0,64.0
17.68,1625449482.0,64.0
15.5,1625449482.0,64.0
13.15,1625449482.0,64.0
10.71,1625449482.0,64.0
8.23,1625449482.0,64.0
5.68,1625449482.0,64.0
3.03,1625449482.0,64.0
0.21,1625449482.0,64.0
-2.75,1625449482.0,64.0
-5.85,1625449482.0,64.0
-9.04,1625449482.0,64.0
-12.29,1625449482.0,64.0
-15.61,1625449482.0,64.0
-19.05,1625449482.0,64.0
-22.71,1625449482.0,64.0
-26.63,1625449482.0,64.0
-30.75,1625449482.0,64.0
-34.82,1625449482.0,64.0
-38.35,1625449482.0,64.0
-40.73,1625449482.0,64.0
-41.42,1625449482.0,64.0
-40.12,1625449482.0,64.0
-36.91,1625449482.0,64.0
-32.25,1625449482.0,64.0
-26.73,1625449482.0,64.0
-20.92,1625449482.0,64.0
-15.1,1625449482.0,64.0
-9.35,1625449482.0,64.0
-3.65,1625449482.0,64.0
1.94,1625449482.0,64.0
7.17,1625449482.0,64.0
11.65,1625449482.0,64.0
15.03,1625449482.0,64.0
17.21,1625449482.0,64.0
18.39,1625449482.0,64.0
19.01,1625449482.0,64.0
19.56,1625449482.0,64.0
20.35,1625449482.0,64.0
21.4,1625449482.0,64.0
22.52,1625449482.0,64.0
23.42,1625449482.0,64.0
23.87,1625449482.0,64.0
23.81,1625449482.0,64.0
23.29,1625449482.0,64.0
22.43,1625449482.0,64.0
21.33,1625449482.0,64.0
20.03,1625449482.0,64.0
18.49,1625449482.0,64.0
16.65,1625449482.0,64.0
14.44,1625449482.0,64.0
11.79,1625449482.0,64.0
8.73,1625449482.0,64.0
5.36,1625449482.0,64.0
1.86,1625449482.0,64.0
-1.57,1625449482.0,64.0
-4.79,1625449482.0,64.0
-7.81,1625449482.0,64.0
-10.75,1625449482.0,64.0
-13.82,1625449482.0,64.0
-17.18,1625449482.0,64.0
-20.91,1625449482.0,64.0
-24.99,1625449482.0,64.0
-29.32,1625449482.0,64.0
-33.72,1625449482.0,64.0
-37.97,1625449482.0,64.0
-41.71,1625449482.0,64.0
-44.47,1625449482.0,64.0
-45.82,1625449482.0,64.0
-45.45,1625449482.0,64.0
-43.32,1625449482.0,64.0
-39.66,1625449482.0,64.0
-34.91,1625449482.0,64.0
-29.55,1625449482.0,64.0
-23.91,1625449482.0,64.0
-18.17,1625449482.0,64.0
-12.32,1625449482.0,64.0
-6.36,1625449482.0,64.0
-0.39,1625449482.0,64.0
5.39,1625449482.0,64.0
10.65,1625449482.0,64.0
15.14,1625449482.0,64.0
18.7,1625449482.0,64.0
21.35,1625449482.0,64.0
23.22,1625449482.0,64.0
24.55,1625449482.0,64.0
25.56,1625449482.0,64.0
26.41,1625449482.0,64.0
27.17,1625449482.0,64.0
27.78,1625449482.0,64.0
28.16,1625449482.0,64.0
28.21,1625449482.0,64.0
27.92,1625449482.0,64.0
27.28,1625449482.0,64.0
26.33,1625449482.0,64.0
25.1,1625449482.0,64.0
23.57,1625449482.0,64.0
21.72,1625449482.0,64.0
19.53,1625449482.0,64.0
17.01,1625449482.0,64.0
14.21,1625449482.0,64.0
11.22,1625449482.0,64.0
8.13,1625449482.0,64.0
4.99,1625449482.0,64.0
1.85,1625449482.0,64.0
-1.33,1625449482.0,64.0
-4.62,1625449482.0,64.0
-8.08,1625449482.0,64.0
-11.75,1625449482.0,64.0
-15.58,1625449482.0,64.0
-19.49,1625449482.0,64.0
-23.43,1625449482.0,64.0
-27.36,1625449482.0,64.0
-31.28,1625449482.0,64.0
-35.07,1625449482.0,64.0
-38.43,1625449482.0,64.0
-40.92,1625449482.0,64.0
-42.05,1625449482.0,64.0
-41.5,1625449482.0,64.0
-39.23,1625449482.0,64.0
-35.53,1625449482.0,64.0
-30.82,1625449482.0,64.0
-25.51,1625449482.0,64.0
-19.85,1625449482.0,64.0
-13.96,1625449482.0,64.0
-7.96,1625449482.0,64.0
-2.05,1625449482.0,64.0
3.42,1625449482.0,64.0
8.09,1625449482.0,64.0
11.72,1625449482.0,64.0
14.32,1625449482.0,64.0
16.15,1625449482.0,64.0
17.62,1625449482.0,64.0
19.16,1625449482.0,64.0
21.0,1625449482.0,64.0
23.16,1625449482.0,64.0
25.42,1625449482.0,64.0
27.44,1625449482.0,64.0
28.9,1625449482.0,64.0
29.6,1625449482.0,64.0
29.49,1625449482.0,64.0
28.68,1625449482.0,64.0
27.36,1625449482.0,64.0
25.67,1625449482.0,64.0
23.72,1625449482.0,64.0
21.55,1625449482.0,64.0
19.18,1625449482.0,64.0
16.66,1625449482.0,64.0
14.06,1625449482.0,64.0
11.5,1625449482.0,64.0
9.03,1625449482.0,64.0
6.61,1625449482.0,64.0
4.15,1625449482.0,64.0
1.47,1625449482.0,64.0
-1.57,1625449482.0,64.0
-5.02,1625449482.0,64.0
-8.83,1625449482.0,64.0
-12.83,1625449482.0,64.0
-16.88,1625449482.0,64.0
-20.88,1625449482.0,64.0
-24.83,1625449482.0,64.0
-28.73,1625449482.0,64.0
-32.5,1625449482.0,64.0
-35.84,1625449482.0,64.0
-38.33,1625449482.0,64.0
-39.49,1625449482.0,64.0
-39.0,1625449482.0,64.0
-36.83,1625449482.0,64.0
-33.25,1625449482.0,64.0
-28.68,1625449482.0,64.0
-23.49,1625449482.0,64.0
-17.93,1625449482.0,64.0
-12.09,1625449482.0,64.0
-6.09,1625449482.0,64.0
-0.13,1625449482.0,64.0
5.39,1625449482.0,64.0
10.0,1625449482.0,64.0
13.39,1625449482.0,64.0
15.56,1625449482.0,64.0
16.89,1625449482.0,64.0
17.97,1625449482.0,64.0
19.37,1625449482.0,64.0
21.36,1625449482.0,64.0
23.83,1625449482.0,64.0
26.35,1625449482.0,64.0
28.4,1625449482.0,64.0
29.63,1625449482.0,64.0
29.95,1625449482.0,64.0
29.51,1625449482.0,64.0
28.57,1625449482.0,64.0
27.32,1625449482.0,64.0
25.83,1625449482.0,64.0
24.07,1625449482.0,64.0
22.01,1625449482.0,64.0
19.71,1625449482.0,64.0
17.28,1625449482.0,64.0
14.85,1625449482.0,64.0
12.46,1625449482.0,64.0
10.03,1625449482.0,64.0
7.43,1625449482.0,64.0
4.56,1625449482.0,64.0
1.44,1625449482.0,64.0
-1.86,1625449482.0,64.0
-5.19,1625449482.0,64.0
-8.46,1625449482.0,64.0
-11.66,1625449482.0,64.0
-14.91,1625449482.0,64.0
-18.34,1625449482.0,64.0
-22.04,1625449482.0,64.0
-25.94,1625449482.0,64.0
-29.77,1625449482.0,64.0
-33.04,1625449482.0,64.0
-35.19,1625449482.0,64.0
-35.72,1625449482.0,64.0
-34.41,1625449482.0,64.0
-31.42,1625449482.0,64.0
-27.24,1625449482.0,64.0
-22.45,1625449482.0,64.0
-17.6,1625449482.0,64.0
-12.96,1625449482.0,64.0
-8.6,1625449482.0,64.0
-4.47,1625449482.0,64.0
-0.61,1625449482.0,64.0
2.83,1625449482.0,64.0
5.65,1625449482.0,64.0
7.74,1625449482.0,64.0
9.24,1625449482.0,64.0
10.48,1625449482.0,64.0
11.83,1625449482.0,64.0
13.5,1625449482.0,64.0
15.44,1625449482.0,64.0
17.32,1625449482.0,64.0
18.75,1625449482.0,64.0
19.49,1625449482.0,64.0
19.52,1625449482.0,64.0
19.05,1625449482.0,64.0
18.34,1625449482.0,64.0
17.57,1625449482.0,64.0
16.76,1625449482.0,64.0
15.79,1625449482.0,64.0
14.49,1625449482.0,64.0
12.78,1625449482.0,64.0
10.69,1625449482.0,64.0
8.32,1625449482.0,64.0
5.79,1625449482.0,64.0
3.2,1625449482.0,64.0
0.61,1625449482.0,64.0
-1.94,1625449482.0,64.0
-4.43,1625449482.0,64.0
-6.89,1625449482.0,64.0
-9.41,1625449482.0,64.0
-12.12,1625449482.0,64.0
-15.19,1625449482.0,64.0
-18.72,1625449482.0,64.0
-22.66,1625449482.0,64.0
-26.74,1625449482.0,64.0
-30.55,1625449482.0,64.0
-33.55,1625449482.0,64.0
-35.23,1625449482.0,64.0
-35.26,1625449482.0,64.0
-33.57,1625449482.0,64.0
-30.36,1625449482.0,64.0
-26.0,1625449482.0,64.0
-20.92,1625449482.0,64.0
-15.46,1625449482.0,64.0
-9.84,1625449482.0,64.0
-4.21,1625449482.0,64.0
1.22,1625449482.0,64.0
6.21,1625449482.0,64.0
10.45,1625449482.0,64.0
13.73,1625449482.0,64.0
16.03,1625449482.0,64.0
17.57,1625449482.0,64.0
18.71,1625449482.0,64.0
19.77,1625449482.0,64.0
20.94,1625449482.0,64.0
22.17,1625449482.0,64.0
23.31,1625449482.0,64.0
24.15,1625449482.0,64.0
24.59,1625449482.0,64.0
24.65,1625449482.0,64.0
24.4,1625449482.0,64.0
23.89,1625449482.0,64.0
23.09,1625449482.0,64.0
21.91,1625449482.0,64.0
20.23,1625449482.0,64.0
17.98,1625449482.0,64.0
15.2,1625449482.0,64.0
12.05,1625449482.0,64.0
8.77,1625449482.0,64.0
5.59,1625449482.0,64.0
2.6,1625449482.0,64.0
-0.18,1625449482.0,64.0
-2.92,1625449482.0,64.0
-5.83,1625449482.0,64.0
-9.13,1625449482.0,64.0
-12.96,1625449482.0,64.0
-17.34,1625449482.0,64.0
-22.15,1625449482.0,64.0
-27.16,1625449482.0,64.0
-32.06,1625449482.0,64.0
-36.44,1625449482.0,64.0
-39.86,1625449482.0,64.0
-41.96,1625449482.0,64.0
-42.41,1625449482.0,64.0
-41.09,1625449482.0,64.0
-38.07,1625449482.0,64.0
-33.6,1625449482.0,64.0
-28.02,1625449482.0,64.0
-21.72,1625449482.0,64.0
-15.06,1625449482.0,64.0
-8.31,1625449482.0,64.0
-1.72,1625449482.0,64.0
4.48,1625449482.0,64.0
10.08,1625449482.0,64.0
14.89,1625449482.0,64.0
18.8,1625449482.0,64.0
21.79,1625449482.0,64.0
24.0,1625449482.0,64.0
25.66,1625449482.0,64.0
27.03,1625449482.0,64.0
28.31,1625449482.0,64.0
29.54,1625449482.0,64.0
30.62,1625449482.0,64.0
31.35,1625449482.0,64.0
31.51,1625449482.0,64.0
30.99,1625449482.0,64.0
29.79,1625449482.0,64.0
28.07,1625449482.0,64.0
26.02,1625449482.0,64.0
23.83,1625449482.0,64.0
21.55,1625449482.0,64.0
19.16,1625449482.0,64.0
16.56,1625449482.0,64.0
13.68,1625449482.0,64.0
10.53,1625449482.0,64.0
7.26,1625449482.0,64.0
4.06,1625449482.0,64.0
1.07,1625449482.0,64.0
-1.69,1625449482.0,64.0
-4.35,1625449482.0,64.0
-7.22,1625449482.0,64.0
-10.62,1625449482.0,64.0
-14.79,1625449482.0,64.0
-19.73,1625449482.0,64.0
-25.22,1625449482.0,64.0
-30.81,1625449482.0,64.0
-35.93,1625449482.0,64.0
-40.01,1625449482.0,64.0
-42.6,1625449482.0,64.0
-43.44,1625449482.0,64.0
-42.46,1625449482.0,64.0
-39.79,1625449482.0,64.0
-35.69,1625449482.0,64.0
-30.46,1625449482.0,64.0
-24.39,1625449482.0,64.0
-17.74,1625449482.0,64.0
-10.73,1625449482.0,64.0
-3.64,1625449482.0,64.0
3.21,1625449482.0,64.0
9.47,1625449482.0,64.0
14.83,1625449482.0,64.0
19.13,1625449482.0,64.0
22.37,1625449482.0,64.0
24.73,1625449482.0,64.0
26.47,1625449482.0,64.0
27.86,1625449482.0,64.0
29.08,1625449482.0,64.0
30.18,1625449482.0,64.0
31.1,1625449482.0,64.0
31.78,1625449482.0,64.0
32.14,1625449482.0,64.0
32.17,1625449482.0,64.0
31.85,1625449482.0,64.0
31.17,1625449482.0,64.0
30.07,1625449482.0,64.0
28.51,1625449482.0,64.0
26.41,1625449482.0,64.0
23.78,1625449482.0,64.0
20.68,1625449482.0,64.0
17.26,1625449482.0,64.0
13.7,1625449482.0,64.0
10.2,1625449482.0,64.0
6.9,1625449482.0,64.0
3.87,1625449482.0,64.0
1.08,1625449482.0,64.0
-1.58,1625449482.0,64.0
-4.29,1625449482.0,64.0
-7.3,1625449482.0,64.0
-10.77,1625449482.0,64.0
-14.78,1625449482.0,64.0
-19.24,1625449482.0,64.0
-23.96,1625449482.0,64.0
-28.69,1625449482.0,64.0
-33.18,1625449482.0,64.0
-37.16,1625449482.0,64.0
-40.28,1625449482.0,64.0
-42.18,1625449482.0,64.0
-42.48,1625449482.0,64.0
-40.96,1625449482.0,64.0
-37.63,1625449482.0,64.0
-32.76,1625449482.0,64.0
-26.79,1625449482.0,64.0
-20.2,1625449482.0,64.0
-13.37,1625449482.0,64.0
-6.58,1625449482.0,64.0
-0.01,1625449482.0,64.0
6.11,1625449482.0,64.0
11.57,1625449482.0,64.0
16.14,1625449482.0,64.0
19.69,1625449482.0,64.0
22.27,1625449482.0,64.0
24.11,1625449482.0,64.0
25.54,1625449482.0,64.0
26.87,1625449482.0,64.0
28.27,1625449482.0,64.0
29.69,1625449482.0,64.0
30.97,1625449482.0,64.0
31.86,1625449482.0,64.0
32.2,1625449482.0,64.0
31.93,1625449482.0,64.0
31.08,1625449482.0,64.0
29.78,1625449482.0,64.0
28.11,1625449482.0,64.0
26.16,1625449482.0,64.0
23.93,1625449482.0,64.0
21.44,1625449482.0,64.0
18.75,1625449482.0,64.0
15.93,1625449482.0,64.0
13.07,1625449482.0,64.0
10.24,1625449482.0,64.0
7.47,1625449482.0,64.0
4.7,1625449482.0,64.0
1.86,1625449482.0,64.0
-1.13,1625449482.0,64.0
-4.32,1625449482.0,64.0
-7.75,1625449482.0,64.0
-11.4,1625449482.0,64.0
-15.25,1625449482.0,64.0
-19.28,1625449482.0,64.0
-23.49,1625449482.0,64.0
-27.86,1625449482.0,64.0
-32.29,1625449482.0,64.0
-36.5,1625449482.0,64.0
-40.05,1625449482.0,64.0
-42.39,1625449482.0,64.0
-43.05,1625449482.0,64.0
-41.79,1625449482.0,64.0
-38.64,1625449482.0,64.0
-33.95,1625449482.0,64.0
-28.2,1625449482.0,64.0
-21.84,1625449482.0,64.0
-15.22,1625449482.0,64.0
-8.57,1625449482.0,64.0
-2.07,1625449482.0,64.0
4.04,1625449482.0,64.0
9.46,1625449482.0,64.0
13.9,1625449482.0,64.0
17.14,1625449482.0,64.0
19.21,1625449482.0,64.0
20.37,1625449482.0,64.0
21.02,1625449482.0,64.0
21.62,1625449482.0,64.0
22.5,1625449482.0,64.0
23.74,1625449482.0,64.0
25.16,1625449482.0,64.0
26.43,1625449482.0,64.0
27.17,1625449482.0,64.0
27.15,1625449482.0,64.0
26.33,1625449482.0,64.0
24.89,1625449482.0,64.0
23.14,1625449482.0,64.0
21.28,1625449482.0,64.0
19.43,1625449482.0,64.0
17.51,1625449482.0,64.0
15.37,1625449482.0,64.0
12.91,1625449482.0,64.0
10.13,1625449482.0,64.0
7.16,1625449482.0,64.0
4.19,1625449482.0,64.0
1.37,1625449482.0,64.0
-1.29,1625449482.0,64.0
-3.88,1625449482.0,64.0
-6.62,1625449482.0,64.0
-9.68,1625449482.0,64.0
-13.11,1625449482.0,64.0
-16.87,1625449482.0,64.0
-20.82,1625449482.0,64.0
-24.81,1625449482.0,64.0
-28.66,1625449482.0,64.0
-32.21,1625449482.0,64.0
-35.2,1625449482.0,64.0
-37.34,1625449482.0,64.0
-38.28,1625449482.0,64.0
-37.76,1625449482.0,64.0
-35.68,1625449482.0,64.0
-32.15,1625449482.0,64.0
-27.49,1625449482.0,64.0
-22.03,1625449482.0,64.0
-16.09,1625449482.0,64.0
-9.91,1625449482.0,64.0
-3.73,1625449482.0,64.0
2.2,1625449482.0,64.0
7.59,1625449482.0,64.0
12.15,1625449482.0,64.0
15.7,1625449482.0,64.0
18.24,1625449482.0,64.0
20.0,1625449482.0,64.0
21.31,1625449482.0,64.0
22.49,1625449482.0,64.0
23.74,1625449482.0,64.0
25.05,1625449482.0,64.0
26.23,1625449482.0,64.0
26.98,1625449482.0,64.0
27.11,1625449482.0,64.0
26.55,1625449482.0,64.0
25.41,1625449482.0,64.0
23.87,1625449482.0,64.0
22.11,1625449482.0,64.0
20.23,1625449482.0,64.0
18.27,1625449482.0,64.0
16.19,1625449482.0,64.0
13.95,1625449482.0,64.0
11.52,1625449482.0,64.0
8.9,1625449482.0,64.0
6.11,1625449482.0,64.0
3.22,1625449482.0,64.0
0.29,1625449482.0,64.0
-2.62,1625449482.0,64.0
-5.49,1625449482.0,64.0
-8.39,1625449482.0,64.0
-11.44,1625449482.0,64.0
-14.75,1625449482.0,64.0
-18.43,1625449482.0,64.0
-22.47,1625449482.0,64.0
-26.78,1625449482.0,64.0
-31.19,1625449482.0,64.0
-35.45,1625449482.0,64.0
-39.21,1625449482.0,64.0
-42.03,1625449482.0,64.0
-43.5,1625449482.0,64.0
-43.31,1625449482.0,64.0
-41.42,1625449482.0,64.0
-38.02,1625449482.0,64.0
-33.49,1625449482.0,64.0
-28.2,1625449482.0,64.0
-22.42,1625449482.0,64.0
-16.25,1625449482.0,64.0
-9.75,1625449482.0,64.0
-3.08,1625449482.0,64.0
3.46,1625449482.0,64.0
9.44,1625449482.0,64.0
14.47,1625449482.0,64.0
18.32,1625449482.0,64.0
21.04,1625449482.0,64.0
22.89,1625449482.0,64.0
24.23,1625449482.0,64.0
25.4,1625449482.0,64.0
26.54,1625449482.0,64.0
27.63,1625449482.0,64.0
28.55,1625449482.0,64.0
29.13,1625449482.0,64.0
29.28,1625449482.0,64.0
28.98,1625449482.0,64.0
28.29,1625449482.0,64.0
27.31,1625449482.0,64.0
26.11,1625449482.0,64.0
24.73,1625449482.0,64.0
23.16,1625449482.0,64.0
21.38,1625449482.0,64.0
19.37,1625449482.0,64.0
17.1,1625449482.0,64.0
14.57,1625449482.0,64.0
11.81,1625449482.0,64.0
8.88,1625449482.0,64.0
5.86,1625449482.0,64.0
2.79,1625449482.0,64.0
-0.29,1625449482.0,64.0
-3.43,1625449482.0,64.0
-6.68,1625449482.0,64.0
-10.14,1625449482.0,64.0
-13.86,1625449482.0,64.0
-17.87,1625449482.0,64.0
-22.14,1625449482.0,64.0
-26.59,1625449482.0,64.0
-31.08,1625449482.0,64.0
-35.37,1625449482.0,64.0
-39.14,1625449482.0,64.0
-41.96,1625449482.0,64.0
-43.38,1625449482.0,64.0
-43.05,1625449482.0,64.0
-40.84,1625449482.0,64.0
-36.91,1625449482.0,64.0
-31.66,1625449482.0,64.0
-25.6,1625449482.0,64.0
-19.16,1625449482.0,64.0
-12.66,1625449482.0,64.0
-6.27,1625449482.0,64.0
-0.14,1625449482.0,64.0
5.52,1625449482.0,64.0
10.43,1625449482.0,64.0
14.32,1625449482.0,64.0
17.12,1625449482.0,64.0
18.99,1625449482.0,64.0
20.3,1625449482.0,64.0
21.43,1625449482.0,64.0
22.62,1625449482.0,64.0
23.9,1625449482.0,64.0
25.13,1625449482.0,64.0
26.14,1625449482.0,64.0
26.81,1625449482.0,64.0
27.11,1625449482.0,64.0
27.0,1625449482.0,64.0
26.47,1625449482.0,64.0
25.49,1625449482.0,64.0
24.06,1625449482.0,64.0
22.28,1625449482.0,64.0
20.3,1625449482.0,64.0
18.27,1625449482.0,64.0
16.25,1625449482.0,64.0
14.19,1625449482.0,64.0
11.94,1625449482.0,64.0
9.4,1625449482.0,64.0
6.52,1625449482.0,64.0
3.37,1625449482.0,64.0
0.07,1625449482.0,64.0
-3.23,1625449482.0,64.0
-6.43,1625449482.0,64.0
-9.47,1625449482.0,64.0
-12.4,1625449482.0,64.0
-15.3,1625449482.0,64.0
-18.34,1625449482.0,64.0
-21.68,1625449482.0,64.0
-25.49,1625449482.0,64.0
-29.8,1625449482.0,64.0
-34.4,1625449482.0,64.0
-38.85,1625449482.0,64.0
-42.52,1625449482.0,64.0
-44.72,1625449482.0,64.0
-44.98,1625449482.0,64.0
-43.13,1625449482.0,64.0
-39.41,1625449482.0,64.0
-34.32,1625449482.0,64.0
-28.46,1625449482.0,64.0
-22.27,1625449482.0,64.0
-16.02,1625449482.0,64.0
-9.84,1625449482.0,64.0
-3.83,1625449482.0,64.0
1.77,1625449482.0,64.0
6.67,1625449482.0,64.0
10.58,1625449482.0,64.0
13.4,1625449482.0,64.0
15.27,1625449482.0,64.0
16.58,1625449482.0,64.0
17.76,1625449482.0,64.0
19.12,1625449482.0,64.0
20.78,1625449482.0,64.0
22.57,1625449482.0,64.0
24.22,1625449482.0,64.0
25.44,1625449482.0,64.0
26.01,1625449482.0,64.0
25.89,1625449482.0,64.0
25.18,1625449482.0,64.0
24.06,1625449482.0,64.0
22.69,1625449482.0,64.0
21.2,1625449482.0,64.0
19.54,1625449482.0,64.0
17.62,1625449482.0,64.0
15.32,1625449482.0,64.0
12.64,1625449482.0,64.0
9.72,1625449482.0,64.0
6.78,1625449482.0,64.0
4.02,1625449482.0,64.0
1.5,1625449482.0,64.0
-0.87,1625449482.0,64.0
-3.31,1625449482.0,64.0
-5.98,1625449482.0,64.0
-8.97,1625449482.0,64.0
-12.27,1625449482.0,64.0
-15.81,1625449482.0,64.0
-19.52,1625449482.0,64.0
-23.35,1625449482.0,64.0
-27.2,1625449482.0,64.0
-30.86,1625449482.0,64.0
-33.95,1625449482.0,64.0
-35.99,1625449482.0,64.0
-36.54,1625449482.0,64.0
-35.29,1625449482.0,64.0
-32.25,1625449482.0,64.0
-27.68,1625449482.0,64.0
-22.08,1625449482.0,64.0
-16.01,1625449482.0,64.0
-9.98,1625449482.0,64.0
-4.37,1625449482.0,64.0
0.63,1625449482.0,64.0
4.92,1625449482.0,64.0
8.46,1625449482.0,64.0
11.24,1625449482.0,64.0
13.28,1625449482.0,64.0
14.69,1625449482.0,64.0
15.66,1625449482.0,64.0
16.43,1625449482.0,64.0
17.16,1625449482.0,64.0
17.92,1625449482.0,64.0
18.62,1625449482.0,64.0
19.1,1625449482.0,64.0
19.23,1625449482.0,64.0
18.94,1625449482.0,64.0
18.25,1625449482.0,64.0
17.23,1625449482.0,64.0
15.98,1625449482.0,64.0
14.52,1625449482.0,64.0
12.84,1625449482.0,64.0
10.87,1625449482.0,64.0
8.52,1625449482.0,64.0
5.74,1625449482.0,64.0
2.55,1625449482.0,64.0
-0.93,1625449482.0,64.0
-4.49,1625449482.0,64.0
-7.9,1625449482.0,64.0
-11.0,1625449482.0,64.0
-13.77,1625449482.0,64.0
-16.33,1625449482.0,64.0
-18.93,1625449482.0,64.0
-21.8,1625449482.0,64.0
-25.12,1625449482.0,64.0
-28.91,1625449482.0,64.0
-33.02,1625449482.0,64.0
-37.1,1625449482.0,64.0
-40.7,1625449482.0,64.0
-43.31,1625449482.0,64.0
-44.54,1625449482.0,64.0
-44.16,1625449482.0,64.0
-42.14,1625449482.0,64.0
-38.67,1625449482.0,64.0
-34.03,1625449482.0,64.0
-28.52,1625449482.0,64.0
-22.4,1625449482.0,64.0
-15.89,1625449482.0,64.0
-9.19,1625449482.0,64.0
-2.54,1625449482.0,64.0
3.79,1625449482.0,64.0
9.49,1625449482.0,64.0
14.31,1625449482.0,64.0
18.15,1625449482.0,64.0
21.12,1625449482.0,64.0
23.45,1625449482.0,64.0
25.46,1625449482.0,64.0
27.38,1625449482.0,64.0
29.25,1625449482.0,64.0
30.93,1625449482.0,64.0
32.16,1625449482.0,64.0
32.72,1625449482.0,64.0
32.56,1625449482.0,64.0
31.79,1625449482.0,64.0
30.67,1625449482.0,64.0
29.42,1625449482.0,64.0
28.09,1625449482.0,64.0
26.61,1625449482.0,64.0
24.79,1625449482.0,64.0
22.47,1625449482.0,64.0
19.59,1625449482.0,64.0
16.26,1625449482.0,64.0
12.65,1625449482.0,64.0
8.96,1625449482.0,64.0
5.38,1625449482.0,64.0
1.99,1625449482.0,64.0
-1.19,1625449482.0,64.0
-4.25,1625449482.0,64.0
-7.31,1625449482.0,64.0
-10.54,1625449482.0,64.0
-14.07,1625449482.0,64.0
-17.97,1625449482.0,64.0
-22.16,1625449482.0,64.0
-26.45,1625449482.0,64.0
-30.52,1625449482.0,64.0
-33.95,1625449482.0,64.0
-36.29,1625449482.0,64.0
-37.19,1625449482.0,64.0
-36.39,1625449482.0,64.0
-33.9,1625449482.0,64.0
-29.96,1625449482.0,64.0
-24.97,1625449482.0,64.0
-19.37,1625449482.0,64.0
-13.47,1625449482.0,64.0
-7.42,1625449482.0,64.0
-1.3,1625449482.0,64.0
4.79,1625449482.0,64.0
10.58,1625449482.0,64.0
15.67,1625449482.0,64.0
19.69,1625449482.0,64.0
22.47,1625449482.0,64.0
24.14,1625449482.0,64.0
25.13,1625449482.0,64.0
25.91,1625449482.0,64.0
26.82,1625449482.0,64.0
27.94,1625449482.0,64.0
29.1,1625449482.0,64.0
30.03,1625449482.0,64.0
30.5,1625449482.0,64.0
30.43,1625449482.0,64.0
29.87,1625449482.0,64.0
28.91,1625449482.0,64.0
27.62,1625449482.0,64.0
25.98,1625449482.0,64.0
23.95,1625449482.0,64.0
21.53,1625449482.0,64.0
18.78,1625449482.0,64.0
15.84,1625449482.0,64.0
12.88,1625449482.0,64.0
10.01,1625449482.0,64.0
7.23,1625449482.0,64.0
4.48,1625449482.0,64.0
1.71,1625449482.0,64.0
-1.16,1625449482.0,64.0
-4.09,1625449482.0,64.0
-7.07,1625449482.0,64.0
-10.12,1625449482.0,64.0
-13.32,1625449482.0,64.0
-16.8,1625449482.0,64.0
-20.67,1625449482.0,64.0
-24.92,1625449482.0,64.0
-29.35,1625449482.0,64.0
-33.54,1625449482.0,64.0
-36.92,1625449482.0,64.0
-38.95,1625449482.0,64.0
-39.22,1625449482.0,64.0
-37.59,1625449482.0,64.0
-34.24,1625449482.0,64.0
-29.55,1625449482.0,64.0
-24.02,1625449482.0,64.0
-18.07,1625449482.0,64.0
-12.01,1625449482.0,64.0
-6.01,1625449482.0,64.0
-0.21,1625449482.0,64.0
5.23,1625449482.0,64.0
10.09,1625449482.0,64.0
14.19,1625449482.0,64.0
17.44,1625449482.0,64.0
19.89,1625449482.0,64.0
21.76,1625449482.0,64.0
23.33,1625449482.0,64.0
24.88,1625449482.0,64.0
26.5,1625449482.0,64.0
28.12,1625449482.0,64.0
29.5,1625449482.0,64.0
30.33,1625449482.0,64.0
30.43,1625449482.0,64.0
29.79,1625449482.0,64.0
28.61,1625449482.0,64.0
27.16,1625449482.0,64.0
25.64,1625449482.0,64.0
24.1,1625449482.0,64.0
22.44,1625449482.0,64.0
20.51,1625449482.0,64.0
18.23,1625449482.0,64.0
15.65,1625449482.0,64.0
12.89,1625449482.0,64.0
10.06,1625449482.0,64.0
7.14,1625449482.0,64.0
4.1,1625449482.0,64.0
0.92,1625449482.0,64.0
-2.36,1625449482.0,64.0
-5.62,1625449482.0,64.0
-8.73,1625449482.0,64.0
-11.73,1625449482.0,64.0
-14.78,1625449482.0,64.0
-18.14,1625449482.0,64.0
-22.02,1625449482.0,64.0
-26.47,1625449482.0,64.0
-31.21,1625449482.0,64.0
-35.79,1625449482.0,64.0
-39.56,1625449482.0,64.0
-41.94,1625449482.0,64.0
-42.54,1625449482.0,64.0
-41.18,1625449482.0,64.0
-37.97,1625449482.0,64.0
-33.27,1625449482.0,64.0
-27.54,1625449482.0,64.0
-21.25,1625449482.0,64.0
-14.83,1625449482.0,64.0
-8.54,1625449482.0,64.0
-2.63,1625449482.0,64.0
2.78,1625449482.0,64.0
7.54,1625449482.0,64.0
11.59,1625449482.0,64.0
14.94,1625449482.0,64.0
17.66,1625449482.0,64.0
19.9,1625449482.0,64.0
21.79,1625449482.0,64.0
23.43,1625449482.0,64.0
24.83,1625449482.0,64.0
25.95,1625449482.0,64.0
26.73,1625449482.0,64.0
27.13,1625449482.0,64.0
27.16,1625449482.0,64.0
26.85,1625449482.0,64.0
26.25,1625449482.0,64.0
25.37,1625449482.0,64.0
24.19,1625449482.0,64.0
22.71,1625449482.0,64.0
20.92,1625449482.0,64.0
18.81,1625449482.0,64.0
16.41,1625449482.0,64.0
13.76,1625449482.0,64.0
10.97,1625449482.0,64.0
8.17,1625449482.0,64.0
5.46,1625449482.0,64.0
2.94,1625449482.0,64.0
0.58,1625449482.0,64.0
-1.73,1625449482.0,64.0
-4.18,1625449482.0,64.0
-6.92,1625449482.0,64.0
-10.04,1625449482.0,64.0
-13.53,1625449482.0,64.0
-17.31,1625449482.0,64.0
-21.23,1625449482.0,64.0
-25.16,1625449482.0,64.0
-28.91,1625449482.0,64.0
-32.29,1625449482.0,64.0
-34.99,1625449482.0,64.0
-36.62,1625449482.0,64.0
-36.78,1625449482.0,64.0
-35.19,1625449482.0,64.0
-31.79,1625449482.0,64.0
-26.82,1625449482.0,64.0
-20.77,1625449482.0,64.0
-14.24,1625449482.0,64.0
-7.79,1625449482.0,64.0
-1.8,1625449482.0,64.0
3.49,1625449482.0,64.0
7.96,1625449482.0,64.0
11.54,1625449482.0,64.0
14.23,1625449482.0,64.0
16.1,1625449482.0,64.0
17.33,1625449482.0,64.0
18.22,1625449482.0,64.0
19.06,1625449482.0,64.0
20.04,1625449482.0,64.0
21.15,1625449482.0,64.0
22.22,1625449482.0,64.0
23.02,1625449482.0,64.0
23.37,1625449482.0,64.0
23.22,1625449482.0,64.0
22.64,1625449482.0,64.0
21.74,1625449482.0,64.0
20.66,1625449482.0,64.0
19.49,1625449482.0,64.0
18.23,1625449482.0,64.0
16.83,1625449482.0,64.0
15.17,1625449482.0,64.0
13.1,1625449482.0,64.0
10.53,1625449482.0,64.0
7.46,1625449482.0,64.0
4.02,1625449482.0,64.0
0.45,1625449482.0,64.0
-2.97,1625449482.0,64.0
-6.11,1625449482.0,64.0
-8.93,1625449482.0,64.0
-11.56,1625449482.0,64.0
-14.23,1625449482.0,64.0
-17.13,1625449482.0,64.0
-20.41,1625449482.0,64.0
-24.1,1625449482.0,64.0
-28.09,1625449482.0,64.0
-32.09,1625449482.0,64.0
-35.65,1625449482.0,64.0
-38.21,1625449482.0,64.0
-39.23,1625449482.0,64.0
-38.37,1625449482.0,64.0
-35.6,1625449482.0,64.0
-31.19,1625449482.0,64.0
-25.63,1625449482.0,64.0
-19.45,1625449482.0,64.0
-13.16,1625449482.0,64.0
-7.08,1625449482.0,64.0
-1.42,1625449482.0,64.0
3.73,1625449482.0,64.0
8.32,1625449482.0,64.0
12.32,1625449482.0,64.0
15.69,1625449482.0,64.0
18.42,1625449482.0,64.0
20.55,1625449482.0,64.0
22.2,1625449482.0,64.0
23.54,1625449482.0,64.0
24.71,1625449482.0,64.0
25.73,1625449482.0,64.0
26.48,1625449482.0,64.0
26.76,1625449482.0,64.0
26.4,1625449482.0,64.0
25.39,1625449482.0,64.0
23.88,1625449482.0,64.0
22.19,1625449482.0,64.0
20.6,1625449482.0,64.0
19.23,1625449482.0,64.0
17.97,1625449482.0,64.0
16.52,1625449482.0,64.0
14.54,1625449482.0,64.0
11.88,1625449482.0,64.0
8.57,1625449482.0,64.0
4.87,1625449482.0,64.0
1.11,1625449482.0,64.0
-2.45,1625449482.0,64.0
-5.74,1625449482.0,64.0
-8.82,1625449482.0,64.0
-11.89,1625449482.0,64.0
-15.09,1625449482.0,64.0
-18.52,1625449482.0,64.0
-22.22,1625449482.0,64.0
-26.15,1625449482.0,64.0
-30.28,1625449482.0,64.0
-34.47,1625449482.0,64.0
-38.43,1625449482.0,64.0
-41.7,1625449482.0,64.0
-43.74,1625449482.0,64.0
-44.05,1625449482.0,64.0
-42.43,1625449482.0,64.0
-39.02,1625449482.0,64.0
-34.25,1625449482.0,64.0
-28.68,1625449482.0,64.0
-22.71,1625449482.0,64.0
-16.51,1625449482.0,64.0
-10.06,1625449482.0,64.0
-3.31,1625449482.0,64.0
3.62,1625449482.0,64.0
10.35,1625449482.0,64.0
16.35,1625449482.0,64.0
21.14,1625449482.0,64.0
24.5,1625449482.0,64.0
26.53,1625449482.0,64.0
27.62,1625449482.0,64.0
28.25,1625449482.0,64.0
28.78,1625449482.0,64.0
29.35,1625449482.0,64.0
29.91,1625449482.0,64.0
30.27,1625449482.0,64.0
30.29,1625449482.0,64.0
29.93,1625449482.0,64.0
29.29,1625449482.0,64.0
28.5,1625449482.0,64.0
27.62,1625449482.0,64.0
26.56,1625449482.0,64.0
25.15,1625449482.0,64.0
23.19,1625449482.0,64.0
20.59,1625449482.0,64.0
17.43,1625449482.0,64.0
13.91,1625449482.0,64.0
10.28,1625449482.0,64.0
6.74,1625449482.0,64.0
3.37,1625449482.0,64.0
0.1,1625449482.0,64.0
-3.11,1625449482.0,64.0
-6.29,1625449482.0,64.0
-9.45,1625449482.0,64.0
-12.6,1625449482.0,64.0
-15.81,1625449482.0,64.0
-19.28,1625449482.0,64.0
-23.18,1625449482.0,64.0
-27.58,1625449482.0,64.0
-32.31,1625449482.0,64.0
-36.93,1625449482.0,64.0
-40.84,1625449482.0,64.0
-43.43,1625449482.0,64.0
-44.24,1625449482.0,64.0
-43.11,1625449482.0,64.0
-40.17,1625449482.0,64.0
-35.79,1625449482.0,64.0
-30.4,1625449482.0,64.0
-24.42,1625449482.0,64.0
-18.12,1625449482.0,64.0
-11.69,1625449482.0,64.0
-5.22,1625449482.0,64.0
1.15,1625449482.0,64.0
7.18,1625449482.0,64.0
12.55,1625449482.0,64.0
16.99,1625449482.0,64.0
20.33,1625449482.0,64.0
22.65,1625449482.0,64.0
24.24,1625449482.0,64.0
25.5,1625449482.0,64.0
26.76,1625449482.0,64.0
28.13,1625449482.0,64.0
29.53,1625449482.0,64.0
30.77,1625449482.0,64.0
31.63,1625449482.0,64.0
32.02,1625449482.0,64.0
31.91,1625449482.0,64.0
31.29,1625449482.0,64.0
30.14,1625449482.0,64.0
28.41,1625449482.0,64.0
26.13,1625449482.0,64.0
23.41,1625449482.0,64.0
20.5,1625449482.0,64.0
17.68,1625449482.0,64.0
15.14,1625449482.0,64.0
12.88,1625449482.0,64.0
10.73,1625449482.0,64.0
8.45,1625449482.0,64.0
5.83,1625449482.0,64.0
2.82,1625449482.0,64.0
-0.51,1625449482.0,64.0
-4.04,1625449482.0,64.0
-7.66,1625449482.0,64.0
-11.31,1625449482.0,64.0
-14.97,1625449482.0,64.0
-18.65,1625449482.0,64.0
-22.42,1625449482.0,64.0
-26.37,1625449482.0,64.0
-30.59,1625449482.0,64.0
-35.06,1625449482.0,64.0
-39.52,1625449482.0,64.0
-43.46,1625449482.0,64.0
-46.18,1625449482.0,64.0
-47.08,1625449482.0,64.0
-45.82,1625449482.0,64.0
-42.48,1625449482.0,64.0
-37.5,1625449482.0,64.0
-31.48,1625449482.0,64.0
-24.94,1625449482.0,64.0
-18.19,1625449482.0,64.0
-11.4,1625449482.0,64.0
-4.7,1625449482.0,64.0
1.75,1625449482.0,64.0
7.67,1625449482.0,64.0
12.79,1625449482.0,64.0
16.93,1625449482.0,64.0
20.08,1625449482.0,64.0
22.41,1625449482.0,64.0
24.17,1625449482.0,64.0
25.6,1625449482.0,64.0
26.86,1625449482.0,64.0
28.0,1625449482.0,64.0
28.99,1625449482.0,64.0
29.75,1625449482.0,64.0
30.21,1625449482.0,64.0
30.3,1625449482.0,64.0
29.96,1625449482.0,64.0
29.17,1625449482.0,64.0
27.96,1625449482.0,64.0
26.36,1625449482.0,64.0
24.45,1625449482.0,64.0
22.3,1625449482.0,64.0
19.98,1625449482.0,64.0
17.51,1625449482.0,64.0
14.93,1625449482.0,64.0
12.22,1625449482.0,64.0
9.37,1625449482.0,64.0
6.39,1625449482.0,64.0
3.29,1625449482.0,64.0
0.17,1625449482.0,64.0
-2.85,1625449482.0,64.0
-5.67,1625449482.0,64.0
-8.28,1625449482.0,64.0
-10.82,1625449482.0,64.0
-13.57,1625449482.0,64.0
-16.83,1625449482.0,64.0
-20.77,1625449482.0,64.0
-25.3,1625449482.0,64.0
-30.03,1625449482.0,64.0
-34.35,1625449482.0,64.0
-37.6,1625449482.0,64.0
-39.29,1625449482.0,64.0
-39.18,1625449482.0,64.0
-37.33,1625449482.0,64.0
-33.99,1625449482.0,64.0
-29.49,1625449482.0,64.0
-24.13,1625449482.0,64.0
-18.15,1625449482.0,64.0
-11.77,1625449482.0,64.0
-5.26,1625449482.0,64.0
1.04,1625449482.0,64.0
6.7,1625449482.0,64.0
11.37,1625449482.0,64.0
14.82,1625449482.0,64.0
17.08,1625449482.0,64.0
18.43,1625449482.0,64.0
19.29,1625449482.0,64.0
20.06,1625449482.0,64.0
21.03,1625449482.0,64.0
22.25,1625449482.0,64.0
23.52,1625449482.0,64.0
24.57,1625449482.0,64.0
25.11,1625449482.0,64.0
24.99,1625449482.0,64.0
24.27,1625449482.0,64.0
23.09,1625449482.0,64.0
21.66,1625449482.0,64.0
20.03,1625449482.0,64.0
18.17,1625449482.0,64.0
15.95,1625449482.0,64.0
13.31,1625449482.0,64.0
10.35,1625449482.0,64.0
7.26,1625449482.0,64.0
4.34,1625449482.0,64.0
1.74,1625449482.0,64.0
-0.54,1625449482.0,64.0
-2.62,1625449482.0,64.0
-4.68,1625449482.0,64.0
-6.89,1625449482.0,64.0
-9.3,1625449482.0,64.0
-11.92,1625449482.0,64.0
-14.75,1625449482.0,64.0
-17.83,1625449482.0,64.0
-21.22,1625449482.0,64.0
-25.0,1625449482.0,64.0
-29.13,1625449482.0,64.0
-33.42,1625449482.0,64.0
-37.46,1625449482.0,64.0
-40.68,1625449482.0,64.0
-42.53,1625449482.0,64.0
-42.6,1625449482.0,64.0
-40.81,1625449482.0,64.0
-37.39,1625449482.0,64.0
-32.75,1625449482.0,64.0
-27.29,1625449482.0,64.0
-21.3,1625449482.0,64.0
-14.9,1625449482.0,64.0
-8.21,1625449482.0,64.0
-1.46,1625449482.0,64.0
4.91,1625449482.0,64.0
10.47,1625449482.0,64.0
14.89,1625449482.0,64.0
18.16,1625449482.0,64.0
20.57,1625449482.0,64.0
22.51,1625449482.0,64.0
24.36,1625449482.0,64.0
26.24,1625449482.0,64.0
28.1,1625449482.0,64.0
29.7,1625449482.0,64.0
30.86,1625449482.0,64.0
31.45,1625449482.0,64.0
31.49,1625449482.0,64.0
31.02,1625449482.0,64.0
30.11,1625449482.0,64.0
28.79,1625449482.0,64.0
27.08,1625449482.0,64.0
25.01,1625449482.0,64.0
22.65,1625449482.0,64.0
20.11,1625449482.0,64.0
17.47,1625449482.0,64.0
14.75,1625449482.0,64.0
11.93,1625449482.0,64.0
8.94,1625449482.0,64.0
5.76,1625449482.0,64.0
2.44,1625449482.0,64.0
-0.91,1625449482.0,64.0
-4.16,1625449482.0,64.0
-7.19,1625449482.0,64.0
-10.01,1625449482.0,64.0
-12.72,1625449482.0,64.0
-15.49,1625449482.0,64.0
-18.57,1625449482.0,64.0
-22.14,1625449482.0,64.0
-26.34,1625449482.0,64.0
-31.08,1625449482.0,64.0
-36.06,1625449482.0,64.0
-40.73,1625449482.0,64.0
-44.4,1625449482.0,64.0
-46.42,1625449482.0,64.0
-46.35,1625449482.0,64.0
-44.11,1625449482.0,64.0
-40.01,1625449482.0,64.0
-34.57,1625449482.0,64.0
-28.36,1625449482.0,64.0
-21.78,1625449482.0,64.0
-15.08,1625449482.0,64.0
-8.35,1625449482.0,64.0
-1.7,1625449482.0,64.0
4.65,1625449482.0,64.0
10.4,1625449482.0,64.0
15.21,1625449482.0,64.0
18.94,1625449482.0,64.0
21.68,1625449482.0,64.0
23.72,1625449482.0,64.0
25.44,1625449482.0,64.0
27.13,1625449482.0,64.0
28.9,1625449482.0,64.0
30.66,1625449482.0,64.0
32.23,1625449482.0,64.0
33.43,1625449482.0,64.0
34.15,1625449482.0,64.0
34.31,1625449482.0,64.0
33.93,1625449482.0,64.0
33.01,1625449482.0,64.0
31.61,1625449482.0,64.0
29.81,1625449482.0,64.0
27.71,1625449482.0,64.0
25.39,1625449482.0,64.0
22.92,1625449482.0,64.0
20.27,1625449482.0,64.0
17.42,1625449482.0,64.0
14.32,1625449482.0,64.0
11.0,1625449482.0,64.0
7.52,1625449482.0,64.0
3.99,1625449482.0,64.0
0.5,1625449482.0,64.0
-2.86,1625449482.0,64.0
-6.15,1625449482.0,64.0
-9.45,1625449482.0,64.0
-12.93,1625449482.0,64.0
-16.74,1625449482.0,64.0
-20.92,1625449482.0,64.0
-25.44,1625449482.0,64.0
-30.18,1625449482.0,64.0
-34.93,1625449482.0,64.0
-39.38,1625449482.0,64.0
-43.2,1625449482.0,64.0
-45.96,1625449482.0,64.0
-47.28,1625449482.0,64.0
-46.89,1625449482.0,64.0
-44.72,1625449482.0,64.0
-40.95,1625449482.0,64.0
-35.95,1625449482.0,64.0
-30.13,1625449482.0,64.0
-23.81,1625449482.0,64.0
-17.26,1625449482.0,64.0
-10.65,1625449482.0,64.0
-4.14,1625449482.0,64.0
2.08,1625449482.0,64.0
7.8,1625449482.0,64.0
12.8,1625449482.0,64.0
17.04,1625449482.0,64.0
20.53,1625449482.0,64.0
23.39,1625449482.0,64.0
25.73,1625449482.0,64.0
27.64,1625449482.0,64.0
29.13,1625449482.0,64.0
30.22,1625449482.0,64.0
30.93,1625449482.0,64.0
31.31,1625449482.0,64.0
31.36,1625449482.0,64.0
31.08,1625449482.0,64.0
30.45,1625449482.0,64.0
29.42,1625449482.0,64.0
27.98,1625449482.0,64.0
26.15,1625449482.0,64.0
23.95,1625449482.0,64.0
21.46,1625449482.0,64.0
18.74,1625449482.0,64.0
15.9,1625449482.0,64.0
13.02,1625449482.0,64.0
10.17,1625449482.0,64.0
7.38,1625449482.0,64.0
4.63,1625449482.0,64.0
1.84,1625449482.0,64.0
-1.04,1625449482.0,64.0
-4.03,1625449482.0,64.0
-7.13,1625449482.0,64.0
-10.33,1625449482.0,64.0
-13.61,1625449482.0,64.0
-17.06,1625449482.0,64.0
-20.75,1625449482.0,64.0
-24.74,1625449482.0,64.0
-29.03,1625449482.0,64.0
-33.5,1625449482.0,64.0
-37.91,1625449482.0,64.0
-41.88,1625449482.0,64.0
-44.9,1625449482.0,64.0
-46.46,1625449482.0,64.0
-46.2,1625449482.0,64.0
-44.0,1625449482.0,64.0
-40.06,1625449482.0,64.0
-34.79,1625449482.0,64.0
-28.71,1625449482.0,64.0
-22.21,1625449482.0,64.0
-15.56,1625449482.0,64.0
-8.91,1625449482.0,64.0
-2.45,1625449482.0,64.0
3.56,1625449482.0,64.0
8.79,1625449482.0,64.0
13.01,1625449482.0,64.0
16.21,1625449482.0,64.0
18.62,1625449482.0,64.0
20.62,1625449482.0,64.0
22.53,1625449482.0,64.0
24.48,1625449482.0,64.0
26.39,1625449482.0,64.0
28.05,1625449482.0,64.0
29.28,1625449482.0,64.0
30.02,1625449482.0,64.0
30.33,1625449482.0,64.0
30.31,1625449482.0,64.0
30.01,1625449482.0,64.0
29.37,1625449482.0,64.0
28.28,1625449482.0,64.0
26.65,1625449482.0,64.0
24.49,1625449482.0,64.0
21.91,1625449482.0,64.0
19.07,1625449482.0,64.0
16.13,1625449482.0,64.0
13.22,1625449482.0,64.0
10.39,1625449482.0,64.0
7.63,1625449482.0,64.0
4.93,1625449482.0,64.0
2.23,1625449482.0,64.0
-0.5,1625449482.0,64.0
-3.26,1625449482.0,64.0
-6.04,1625449482.0,64.0
-8.83,1625449482.0,64.0
-11.68,1625449482.0,64.0
-14.66,1625449482.0,64.0
-17.9,1625449482.0,64.0
-21.49,1625449482.0,64.0
-25.49,1625449482.0,64.0
-29.83,1625449482.0,64.0
-34.3,1625449482.0,64.0
-38.56,1625449482.0,64.0
-42.16,1625449482.0,64.0
-44.64,1625449482.0,64.0
-45.56,1625449482.0,64.0
-44.67,1625449482.0,64.0
-41.93,1625449482.0,64.0
-37.57,1625449482.0,64.0
-32.01,1625449482.0,64.0
-25.7,1625449482.0,64.0
-19.08,1625449482.0,64.0
-12.46,1625449482.0,64.0
-6.06,1625449482.0,64.0
-0.09,1625449482.0,64.0
5.25,1625449482.0,64.0
9.72,1625449482.0,64.0
13.19,1625449482.0,64.0
15.69,1625449482.0,64.0
17.47,1625449482.0,64.0
18.92,1625449482.0,64.0
20.38,1625449482.0,64.0
22.07,1625449482.0,64.0
23.93,1625449482.0,64.0
25.75,1625449482.0,64.0
27.2,1625449482.0,64.0
28.04,1625449482.0,64.0
28.13,1625449482.0,64.0
27.55,1625449482.0,64.0
26.5,1625449482.0,64.0
25.19,1625449482.0,64.0
23.76,1625449482.0,64.0
22.21,1625449482.0,64.0
20.42,1625449482.0,64.0
18.29,1625449482.0,64.0
15.77,1625449482.0,64.0
12.95,1625449482.0,64.0
10.04,1625449482.0,64.0
7.25,1625449482.0,64.0
4.71,1625449482.0,64.0
2.38,1625449482.0,64.0
0.09,1625449482.0,64.0
-2.32,1625449482.0,64.0
-4.96,1625449482.0,64.0
-7.83,1625449482.0,64.0
-10.96,1625449482.0,64.0
-14.35,1625449482.0,64.0
-18.07,1625449482.0,64.0
-22.19,1625449482.0,64.0
-26.59,1625449482.0,64.0
-30.98,1625449482.0,64.0
-34.82,1625449482.0,64.0
-37.48,1625449482.0,64.0
-38.44,1625449482.0,64.0
-37.43,1625449482.0,64.0
-34.53,1625449482.0,64.0
-30.14,1625449482.0,64.0
-24.81,1625449482.0,64.0
-19.04,1625449482.0,64.0
-13.17,1625449482.0,64.0
-7.4,1625449482.0,64.0
-1.82,1625449482.0,64.0
3.44,1625449482.0,64.0
8.13,1625449482.0,64.0
11.95,1625449482.0,64.0
14.74,1625449482.0,64.0
16.53,1625449482.0,64.0
17.65,1625449482.0,64.0
18.52,1625449482.0,64.0
19.53,1625449482.0,64.0
20.83,1625449482.0,64.0
22.29,1625449482.0,64.0
23.6,1625449482.0,64.0
24.42,1625449482.0,64.0
24.56,1625449482.0,64.0
23.98,1625449482.0,64.0
22.77,1625449482.0,64.0
21.09,1625449482.0,64.0
19.1,1625449482.0,64.0
16.92,1625449482.0,64.0
14.69,1625449482.0,64.0
12.46,1625449482.0,64.0
10.3,1625449482.0,64.0
8.2,1625449482.0,64.0
6.07,1625449482.0,64.0
3.79,1625449482.0,64.0
1.23,1625449482.0,64.0
-1.68,1625449482.0,64.0
-4.94,1625449482.0,64.0
-8.48,1625449482.0,64.0
-12.19,1625449482.0,64.0
-16.01,1625449482.0,64.0
-19.92,1625449482.0,64.0
-24.0,1625449482.0,64.0
-28.29,1625449482.0,64.0
-32.75,1625449482.0,64.0
-37.16,1625449482.0,64.0
-41.12,1625449482.0,64.0
-44.15,1625449482.0,64.0
-45.81,1625449482.0,64.0
-45.81,1625449482.0,64.0
-44.04,1625449482.0,64.0
-40.6,1625449482.0,64.0
-35.71,1625449482.0,64.0
-29.68,1625449482.0,64.0
-22.9,1625449482.0,64.0
-15.77,1625449482.0,64.0
-8.63,1625449482.0,64.0
-1.8,1625449482.0,64.0
4.48,1625449482.0,64.0
10.05,1625449482.0,64.0
14.78,1625449482.0,64.0
18.62,1625449482.0,64.0
21.59,1625449482.0,64.0
23.8,1625449482.0,64.0
25.5,1625449482.0,64.0
26.96,1625449482.0,64.0
28.41,1625449482.0,64.0
29.93,1625449482.0,64.0
31.4,1625449482.0,64.0
32.59,1625449482.0,64.0
33.27,1625449482.0,64.0
33.29,1625449482.0,64.0
32.62,1625449482.0,64.0
31.36,1625449482.0,64.0
29.66,1625449482.0,64.0
27.63,1625449482.0,64.0
25.29,1625449482.0,64.0
22.62,1625449482.0,64.0
19.62,1625449482.0,64.0
16.3,1625449482.0,64.0
12.76,1625449482.0,64.0
9.17,1625449482.0,64.0
5.67,1625449482.0,64.0
2.33,1625449482.0,64.0
-0.89,1625449482.0,64.0
-4.09,1625449482.0,64.0
-7.42,1625449482.0,64.0
-11.02,1625449482.0,64.0
-14.95,1625449482.0,64.0
-19.29,1625449482.0,64.0
-24.06,1625449482.0,64.0
-29.24,1625449482.0,64.0
-34.69,1625449482.0,64.0
-40.02,1625449482.0,64.0
-44.64,1625449482.0,64.0
-47.88,1625449482.0,64.0
-49.18,1625449482.0,64.0
-48.25,1625449482.0,64.0
-45.24,1625449482.0,64.0
-40.57,1625449482.0,64.0
-34.79,1625449482.0,64.0
-28.34,1625449482.0,64.0
-21.52,1625449482.0,64.0
-14.44,1625449482.0,64.0
-7.21,1625449482.0,64.0
0.02,1625449482.0,64.0
6.97,1625449482.0,64.0
13.3,1625449482.0,64.0
18.75,1625449482.0,64.0
23.22,1625449482.0,64.0
26.77,1625449482.0,64.0
29.6,1625449482.0,64.0
31.91,1625449482.0,64.0
33.85,1625449482.0,64.0
35.48,1625449482.0,64.0
36.77,1625449482.0,64.0
37.67,1625449482.0,64.0
38.14,1625449482.0,64.0
38.16,1625449482.0,64.0
37.68,1625449482.0,64.0
36.68,1625449482.0,64.0
35.17,1625449482.0,64.0
33.2,1625449482.0,64.0
30.88,1625449482.0,64.0
28.34,1625449482.0,64.0
25.67,1625449482.0,64.0
22.87,1625449482.0,64.0
19.91,1625449482.0,64.0
16.71,1625449482.0,64.0
13.3,1625449482.0,64.0
9.75,1625449482.0,64.0
6.23,1625449482.0,64.0
2.82,1625449482.0,64.0
-0.47,1625449482.0,64.0
-3.75,1625449482.0,64.0
-7.21,1625449482.0,64.0
-11.01,1625449482.0,64.0
-15.21,1625449482.0,64.0
-19.8,1625449482.0,64.0
-24.69,1625449482.0,64.0
-29.73,1625449482.0,64.0
-34.74,1625449482.0,64.0
-39.43,1625449482.0,64.0
-43.41,1625449482.0,64.0
-46.21,1625449482.0,64.0
-47.33,1625449482.0,64.0
-46.43,1625449482.0,64.0
-43.4,1625449482.0,64.0
-38.41,1625449482.0,64.0
-31.84,1625449482.0,64.0
-24.18,1625449482.0,64.0
-15.94,1625449482.0,64.0
-7.56,1625449482.0,64.0
0.61,1625449482.0,64.0
8.26,1625449482.0,64.0
15.14,1625449482.0,64.0
21.06,1625449482.0,64.0
25.88,1625449482.0,64.0
29.58,1625449482.0,64.0
32.28,1625449482.0,64.0
34.2,1625449482.0,64.0
35.61,1625449482.0,64.0
36.73,1625449482.0,64.0
37.67,1625449482.0,64.0
38.36,1625449482.0,64.0
38.65,1625449482.0,64.0
38.36,1625449482.0,64.0
37.42,1625449482.0,64.0
35.87,1625449482.0,64.0
33.87,1625449482.0,64.0
31.62,1625449482.0,64.0
29.25,1625449482.0,64.0
26.86,1625449482.0,64.0
24.5,1625449482.0,64.0
22.17,1625449482.0,64.0
19.88,1625449482.0,64.0
17.6,1625449482.0,64.0
15.2,1625449482.0,64.0
12.53,1625449482.0,64.0
9.47,1625449482.0,64.0
5.99,1625449482.0,64.0
2.2,1625449482.0,64.0
-1.69,1625449482.0,64.0
-5.51,1625449482.0,64.0
-9.16,1625449482.0,64.0
-12.69,1625449482.0,64.0
-16.23,1625449482.0,64.0
-19.88,1625449482.0,64.0
-23.69,1625449482.0,64.0
-27.67,1625449482.0,64.0
-31.79,1625449482.0,64.0
-36.02,1625449482.0,64.0
-40.24,1625449482.0,64.0
-44.16,1625449482.0,64.0
-47.3,1625449482.0,64.0
-49.05,1625449482.0,64.0
-48.92,1625449482.0,64.0
-46.7,1625449482.0,64.0
-42.58,1625449482.0,64.0
-37.03,1625449482.0,64.0
-30.63,1625449482.0,64.0
-23.81,1625449482.0,64.0
-16.75,1625449482.0,64.0
-9.47,1625449482.0,64.0
-2.01,1625449482.0,64.0
5.4,1625449482.0,64.0
12.31,1625449482.0,64.0
18.2,1625449482.0,64.0
22.74,1625449482.0,64.0
25.89,1625449482.0,64.0
27.96,1625449482.0,64.0
29.39,1625449482.0,64.0
30.61,1625449482.0,64.0
31.82,1625449482.0,64.0
33.05,1625449482.0,64.0
34.17,1625449482.0,64.0
35.01,1625449482.0,64.0
35.47,1625449482.0,64.0
35.46,1625449482.0,64.0
34.9,1625449482.0,64.0
33.74,1625449482.0,64.0
31.99,1625449482.0,64.0
29.71,1625449482.0,64.0
27.07,1625449482.0,64.0
24.27,1625449482.0,64.0
21.5,1625449482.0,64.0
18.88,1625449482.0,64.0
16.43,1625449482.0,64.0
14.09,1625449482.0,64.0
11.77,1625449482.0,64.0
9.35,1625449482.0,64.0
6.74,1625449482.0,64.0
3.89,1625449482.0,64.0
0.79,1625449482.0,64.0
-2.53,1625449482.0,64.0
-5.97,1625449482.0,64.0
-9.43,1625449482.0,64.0
-12.84,1625449482.0,64.0
-16.2,1625449482.0,64.0
-19.63,1625449482.0,64.0
-23.29,1625449482.0,64.0
-27.3,1625449482.0,64.0
-31.61,1625449482.0,64.0
-35.94,1625449482.0,64.0
-39.79,1625449482.0,64.0
-42.54,1625449482.0,64.0
-43.64,1625449482.0,64.0
-42.81,1625449482.0,64.0
-40.04,1625449482.0,64.0
-35.65,1625449482.0,64.0
-30.09,1625449482.0,64.0
-23.85,1625449482.0,64.0
-17.3,1625449482.0,64.0
-10.71,1625449482.0,64.0
-4.26,1625449482.0,64.0
1.85,1625449482.0,64.0
7.39,1625449482.0,64.0
12.09,1625449482.0,64.0
15.79,1625449482.0,64.0
18.47,1625449482.0,64.0
20.31,1625449482.0,64.0
21.63,1625449482.0,64.0
22.75,1625449482.0,64.0
23.88,1625449482.0,64.0
25.05,1625449482.0,64.0
26.13,1625449482.0,64.0
26.93,1625449482.0,64.0
27.26,1625449482.0,64.0
27.01,1625449482.0,64.0
26.17,1625449482.0,64.0
24.8,1625449482.0,64.0
23.06,1625449482.0,64.0
21.11,1625449482.0,64.0
19.09,1625449482.0,64.0
17.07,1625449482.0,64.0
15.0,1625449482.0,64.0
12.77,1625449482.0,64.0
10.31,1625449482.0,64.0
7.6,1625449482.0,64.0
4.73,1625449482.0,64.0
1.86,1625449482.0,64.0
-0.86,1625449482.0,64.0
-3.43,1625449482.0,64.0
-5.93,1625449482.0,64.0
-8.53,1625449482.0,64.0
-11.42,1625449482.0,64.0
-14.7,1625449482.0,64.0
-18.42,1625449482.0,64.0
-22.56,1625449482.0,64.0
-27.06,1625449482.0,64.0
-31.74,1625449482.0,64.0
-36.3,1625449482.0,64.0
-40.3,1625449482.0,64.0
-43.18,1625449482.0,64.0
-44.48,1625449482.0,64.0
-43.88,1625449482.0,64.0
-41.37,1625449482.0,64.0
-37.21,1625449482.0,64.0
-31.82,1625449482.0,64.0
-25.66,1625449482.0,64.0
-19.1,1625449482.0,64.0
-12.37,1625449482.0,64.0
-5.68,1625449482.0,64.0
0.83,1625449482.0,64.0
6.92,1625449482.0,64.0
12.35,1625449482.0,64.0
16.87,1625449482.0,64.0
20.34,1625449482.0,64.0
22.81,1625449482.0,64.0
24.49,1625449482.0,64.0
25.68,1625449482.0,64.0
26.7,1625449482.0,64.0
27.7,1625449482.0,64.0
28.66,1625449482.0,64.0
29.44,1625449482.0,64.0
29.89,1625449482.0,64.0
29.89,1625449482.0,64.0
29.44,1625449482.0,64.0
28.6,1625449482.0,64.0
27.4,1625449482.0,64.0
25.84,1625449482.0,64.0
23.91,1625449482.0,64.0
21.62,1625449482.0,64.0
19.07,1625449482.0,64.0
16.39,1625449482.0,64.0
13.73,1625449482.0,64.0
11.16,1625449482.0,64.0
8.66,1625449482.0,64.0
6.1,1625449482.0,64.0
3.33,1625449482.0,64.0
0.26,1625449482.0,64.0
-3.09,1625449482.0,64.0
-6.63,1625449482.0,64.0
-10.23,1625449482.0,64.0
-13.79,1625449482.0,64.0
-17.31,1625449482.0,64.0
-20.91,1625449482.0,64.0
-24.73,1625449482.0,64.0
-28.93,1625449482.0,64.0
-33.55,1625449482.0,64.0
-38.46,1625449482.0,64.0
-43.32,1625449482.0,64.0
-47.59,1625449482.0,64.0
-50.65,1625449482.0,64.0
-51.96,1625449482.0,64.0
-51.2,1625449482.0,64.0
-48.37,1625449482.0,64.0
-43.76,1625449482.0,64.0
-37.91,1625449482.0,64.0
-31.38,1625449482.0,64.0
-24.56,1625449482.0,64.0
-17.64,1625449482.0,64.0
-10.63,1625449482.0,64.0
-3.55,1625449482.0,64.0
3.44,1625449482.0,64.0
10.04,1625449482.0,64.0
15.83,1625449482.0,64.0
20.47,1625449482.0,64.0
23.88,1625449482.0,64.0
26.26,1625449482.0,64.0
27.98,1625449482.0,64.0
29.43,1625449482.0,64.0
30.85,1625449482.0,64.0
32.28,1625449482.0,64.0
33.55,1625449482.0,64.0
34.45,1625449482.0,64.0
34.81,1625449482.0,64.0
34.55,1625449482.0,64.0
33.69,1625449482.0,64.0
32.29,1625449482.0,64.0
30.42,1625449482.0,64.0
28.16,1625449482.0,64.0
25.6,1625449482.0,64.0
22.88,1625449482.0,64.0
20.16,1625449482.0,64.0
17.55,1625449482.0,64.0
15.11,1625449482.0,64.0
12.78,1625449482.0,64.0
10.44,1625449482.0,64.0
7.97,1625449482.0,64.0
5.22,1625449482.0,64.0
2.18,1625449482.0,64.0
-1.16,1625449482.0,64.0
-4.75,1625449482.0,64.0
-8.5,1625449482.0,64.0
-12.33,1625449482.0,64.0
-16.16,1625449482.0,64.0
-19.95,1625449482.0,64.0
-23.73,1625449482.0,64.0
-27.6,1625449482.0,64.0
-31.66,1625449482.0,64.0
-35.91,1625449482.0,64.0
-40.11,1625449482.0,64.0
-43.81,1625449482.0,64.0
-46.38,1625449482.0,64.0
-47.24,1625449482.0,64.0
-46.03,1625449482.0,64.0
-42.77,1625449482.0,64.0
-37.77,1625449482.0,64.0
-31.55,1625449482.0,64.0
-24.63,1625449482.0,64.0
-17.43,1625449482.0,64.0
-10.24,1625449482.0,64.0
-3.27,1625449482.0,64.0
3.29,1625449482.0,64.0
9.19,1625449482.0,64.0
14.19,1625449482.0,64.0
18.13,1625449482.0,64.0
20.96,1625449482.0,64.0
22.86,1625449482.0,64.0
24.1,1625449482.0,64.0
25.05,1625449482.0,64.0
25.97,1625449482.0,64.0
26.97,1625449482.0,64.0
28.0,1625449482.0,64.0
28.86,1625449482.0,64.0
29.36,1625449482.0,64.0
29.38,1625449482.0,64.0
28.9,1625449482.0,64.0
27.98,1625449482.0,64.0
26.66,1625449482.0,64.0
25.0,1625449482.0,64.0
23.02,1625449482.0,64.0
20.74,1625449482.0,64.0
18.25,1625449482.0,64.0
15.66,1625449482.0,64.0
13.08,1625449482.0,64.0
10.59,1625449482.0,64.0
8.15,1625449482.0,64.0
5.66,1625449482.0,64.0
2.93,1625449482.0,64.0
-0.16,1625449482.0,64.0
-3.61,1625449482.0,64.0
-7.29,1625449482.0,64.0
-11.0,1625449482.0,64.0
-14.57,1625449482.0,64.0
-17.95,1625449482.0,64.0
-21.21,1625449482.0,64.0
-24.53,1625449482.0,64.0
-28.14,1625449482.0,64.0
-32.22,1625449482.0,64.0
-36.78,1625449482.0,64.0
-41.67,1625449482.0,64.0
-46.44,1625449482.0,64.0
-50.5,1625449482.0,64.0
-53.13,1625449482.0,64.0
-53.77,1625449482.0,64.0
-52.16,1625449482.0,64.0
-48.44,1625449482.0,64.0
-43.1,1625449482.0,64.0
-36.78,1625449482.0,64.0
-30.02,1625449482.0,64.0
-23.13,1625449482.0,64.0
-16.23,1625449482.0,64.0
-9.32,1625449482.0,64.0
-2.52,1625449482.0,64.0
3.93,1625449482.0,64.0
9.72,1625449482.0,64.0
14.59,1625449482.0,64.0
18.45,1625449482.0,64.0
21.45,1625449482.0,64.0
23.85,1625449482.0,64.0
25.89,1625449482.0,64.0
27.68,1625449482.0,64.0
29.17,1625449482.0,64.0
30.25,1625449482.0,64.0
30.87,1625449482.0,64.0
31.05,1625449482.0,64.0
30.96,1625449482.0,64.0
30.73,1625449482.0,64.0
30.42,1625449482.0,64.0
29.96,1625449482.0,64.0
29.15,1625449482.0,64.0
27.83,1625449482.0,64.0
25.95,1625449482.0,64.0
23.6,1625449482.0,64.0
20.98,1625449482.0,64.0
18.3,1625449482.0,64.0
15.72,1625449482.0,64.0
13.23,1625449482.0,64.0
10.76,1625449482.0,64.0
8.15,1625449482.0,64.0
5.32,1625449482.0,64.0
2.24,1625449482.0,64.0
-1.0,1625449482.0,64.0
-4.3,1625449482.0,64.0
-7.54,1625449482.0,64.0
-10.74,1625449482.0,64.0
-13.98,1625449482.0,64.0
-17.44,1625449482.0,64.0
-21.29,1625449482.0,64.0
-25.59,1625449482.0,64.0
-30.23,1625449482.0,64.0
-34.92,1625449482.0,64.0
-39.22,1625449482.0,64.0
-42.62,1625449482.0,64.0
-44.67,1625449482.0,64.0
-45.05,1625449482.0,64.0
-43.64,1625449482.0,64.0
-40.52,1625449482.0,64.0
-35.96,1625449482.0,64.0
-30.3,1625449482.0,64.0
-23.92,1625449482.0,64.0
-17.18,1625449482.0,64.0
-10.41,1625449482.0,64.0
-3.91,1625449482.0,64.0
2.02,1625449482.0,64.0
7.13,1625449482.0,64.0
11.27,1625449482.0,64.0
14.42,1625449482.0,64.0
16.74,1625449482.0,64.0
18.49,1625449482.0,64.0
19.97,1625449482.0,64.0
21.4,1625449482.0,64.0
22.92,1625449482.0,64.0
24.48,1625449482.0,64.0
25.93,1625449482.0,64.0
27.05,1625449482.0,64.0
27.62,1625449482.0,64.0
27.5,1625449482.0,64.0
26.71,1625449482.0,64.0
25.36,1625449482.0,64.0
23.65,1625449482.0,64.0
21.77,1625449482.0,64.0
19.8,1625449482.0,64.0
17.76,1625449482.0,64.0
15.57,1625449482.0,64.0
13.16,1625449482.0,64.0
10.55,1625449482.0,64.0
7.8,1625449482.0,64.0
5.06,1625449482.0,64.0
2.42,1625449482.0,64.0
-0.11,1625449482.0,64.0
-2.61,1625449482.0,64.0
-5.22,1625449482.0,64.0
-8.08,1625449482.0,64.0
-11.32,1625449482.0,64.0
-14.97,1625449482.0,64.0
-18.98,1625449482.0,64.0
-23.23,1625449482.0,64.0
-27.56,1625449482.0,64.0
-31.71,1625449482.0,64.0
-35.34,1625449482.0,64.0
-38.07,1625449482.0,64.0
-39.51,1625449482.0,64.0
-39.38,1625449482.0,64.0
-37.54,1625449482.0,64.0
-34.09,1625449482.0,64.0
-29.28,1625449482.0,64.0
-23.45,1625449482.0,64.0
-16.99,1625449482.0,64.0
-10.27,1625449482.0,64.0
-3.66,1625449482.0,64.0
2.51,1625449482.0,64.0
7.89,1625449482.0,64.0
12.26,1625449482.0,64.0
15.49,1625449482.0,64.0
17.66,1625449482.0,64.0
19.04,1625449482.0,64.0
19.95,1625449482.0,64.0
20.73,1625449482.0,64.0
21.59,1625449482.0,64.0
22.56,1625449482.0,64.0
23.54,1625449482.0,64.0
24.3,1625449482.0,64.0
24.61,1625449482.0,64.0
24.31,1625449482.0,64.0
23.37,1625449482.0,64.0
21.91,1625449482.0,64.0
20.1,1625449482.0,64.0
18.13,1625449482.0,64.0
16.13,1625449482.0,64.0
14.06,1625449482.0,64.0
11.78,1625449482.0,64.0
9.14,1625449482.0,64.0
6.1,1625449482.0,64.0
2.81,1625449482.0,64.0
-0.52,1625449482.0,64.0
-3.63,1625449482.0,64.0
-6.42,1625449482.0,64.0
-8.97,1625449482.0,64.0
-11.54,1625449482.0,64.0
-14.4,1625449482.0,64.0
-17.78,1625449482.0,64.0
-21.78,1625449482.0,64.0
-26.34,1625449482.0,64.0
-31.23,1625449482.0,64.0
-36.07,1625449482.0,64.0
-40.35,1625449482.0,64.0
-43.5,1625449482.0,64.0
-45.03,1625449482.0,64.0
-44.65,1625449482.0,64.0
-42.38,1625449482.0,64.0
-38.48,1625449482.0,64.0
-33.35,1625449482.0,64.0
-27.36,1625449482.0,64.0
-20.79,1625449482.0,64.0
-13.79,1625449482.0,64.0
-6.53,1625449482.0,64.0
0.72,1625449482.0,64.0
7.62,1625449482.0,64.0
13.71,1625449482.0,64.0
18.67,1625449482.0,64.0
22.35,1625449482.0,64.0
24.82,1625449482.0,64.0
26.39,1625449482.0,64.0
27.44,1625449482.0,64.0
28.32,1625449482.0,64.0
29.24,1625449482.0,64.0
30.21,1625449482.0,64.0
31.06,1625449482.0,64.0
31.59,1625449482.0,64.0
31.63,1625449482.0,64.0
31.14,1625449482.0,64.0
30.18,1625449482.0,64.0
28.84,1625449482.0,64.0
27.15,1625449482.0,64.0
25.06,1625449482.0,64.0
22.53,1625449482.0,64.0
19.57,1625449482.0,64.0
16.29,1625449482.0,64.0
12.87,1625449482.0,64.0
9.5,1625449482.0,64.0
6.26,1625449482.0,64.0
3.14,1625449482.0,64.0
0.08,1625449482.0,64.0
-3.03,1625449482.0,64.0
-6.26,1625449482.0,64.0
-9.66,1625449482.0,64.0
-13.34,1625449482.0,64.0
-17.37,1625449482.0,64.0
-21.83,1625449482.0,64.0
-26.69,1625449482.0,64.0
-31.78,1625449482.0,64.0
-36.77,1625449482.0,64.0
-41.22,1625449482.0,64.0
-44.62,1625449482.0,64.0
-46.52,1625449482.0,64.0
-46.61,1625449482.0,64.0
-44.78,1625449482.0,64.0
-41.1,1625449482.0,64.0
-35.82,1625449482.0,64.0
-29.31,1625449482.0,64.0
-21.95,1625449482.0,64.0
-14.05,1625449482.0,64.0
-5.94,1625449482.0,64.0
2.07,1625449482.0,64.0
9.61,1625449482.0,64.0
16.31,1625449482.0,64.0
21.84,1625449482.0,64.0
26.05,1625449482.0,64.0
28.96,1625449482.0,64.0
30.81,1625449482.0,64.0
31.97,1625449482.0,64.0
32.8,1625449482.0,64.0
33.56,1625449482.0,64.0
34.35,1625449482.0,64.0
35.15,1625449482.0,64.0
35.79,1625449482.0,64.0
36.08,1625449482.0,64.0
35.81,1625449482.0,64.0
34.88,1625449482.0,64.0
33.31,1625449482.0,64.0
31.25,1625449482.0,64.0
28.91,1625449482.0,64.0
26.52,1625449482.0,64.0
24.14,1625449482.0,64.0
21.69,1625449482.0,64.0
19.02,1625449482.0,64.0
15.96,1625449482.0,64.0
12.46,1625449482.0,64.0
8.6,1625449482.0,64.0
4.58,1625449482.0,64.0
0.57,1625449482.0,64.0
-3.35,1625449482.0,64.0
-7.18,1625449482.0,64.0
-11.0,1625449482.0,64.0
-14.87,1625449482.0,64.0
-18.84,1625449482.0,64.0
-22.98,1625449482.0,64.0
-27.37,1625449482.0,64.0
-32.06,1625449482.0,64.0
-37.05,1625449482.0,64.0
-42.08,1625449482.0,64.0
-46.68,1625449482.0,64.0
-50.18,1625449482.0,64.0
-51.93,1625449482.0,64.0
-51.48,1625449482.0,64.0
-48.74,1625449482.0,64.0
-43.94,1625449482.0,64.0
-37.54,1625449482.0,64.0
-30.08,1625449482.0,64.0
-22.02,1625449482.0,64.0
-13.71,1625449482.0,64.0
-5.34,1625449482.0,64.0
2.92,1625449482.0,64.0
10.85,1625449482.0,64.0
18.14,1625449482.0,64.0
24.42,1625449482.0,64.0
29.37,1625449482.0,64.0
32.86,1625449482.0,64.0
35.06,1625449482.0,64.0
36.42,1625449482.0,64.0
37.44,1625449482.0,64.0
38.48,1625449482.0,64.0
39.62,1625449482.0,64.0
40.63,1625449482.0,64.0
41.13,1625449482.0,64.0
40.88,1625449482.0,64.0
39.85,1625449482.0,64.0
38.23,1625449482.0,64.0
36.31,1625449482.0,64.0
34.25,1625449482.0,64.0
32.05,1625449482.0,64.0
29.61,1625449482.0,64.0
26.83,1625449482.0,64.0
23.77,1625449482.0,64.0
20.62,1625449482.0,64.0
17.59,1625449482.0,64.0
14.8,1625449482.0,64.0
12.18,1625449482.0,64.0
9.49,1625449482.0,64.0
6.48,1625449482.0,64.0
3.01,1625449482.0,64.0
-0.87,1625449482.0,64.0
-4.93,1625449482.0,64.0
-8.95,1625449482.0,64.0
-12.81,1625449482.0,64.0
-16.55,1625449482.0,64.0
-20.35,1625449482.0,64.0
-24.39,1625449482.0,64.0
-28.83,1625449482.0,64.0
-33.67,1625449482.0,64.0
-38.75,1625449482.0,64.0
-43.77,1625449482.0,64.0
-48.33,1625449482.0,64.0
-51.97,1625449482.0,64.0
-54.24,1625449482.0,64.0
-54.75,1625449482.0,64.0
-53.33,1625449482.0,64.0
-50.0,1625449482.0,64.0
-44.96,1625449482.0,64.0
-38.56,1625449482.0,64.0
-31.16,1625449482.0,64.0
-23.12,1625449482.0,64.0
-14.74,1625449482.0,64.0
-6.3,1625449482.0,64.0
1.9,1625449482.0,64.0
9.57,1625449482.0,64.0
16.4,1625449482.0,64.0
22.14,1625449482.0,64.0
26.65,1625449482.0,64.0
29.97,1625449482.0,64.0
32.3,1625449482.0,64.0
33.96,1625449482.0,64.0
35.29,1625449482.0,64.0
36.51,1625449482.0,64.0
37.66,1625449482.0,64.0
38.63,1625449482.0,64.0
39.19,1625449482.0,64.0
39.18,1625449482.0,64.0
38.56,1625449482.0,64.0
37.42,1625449482.0,64.0
35.94,1625449482.0,64.0
34.27,1625449482.0,64.0
32.5,1625449482.0,64.0
30.6,1625449482.0,64.0
28.5,1625449482.0,64.0
26.13,1625449482.0,64.0
23.48,1625449482.0,64.0
20.65,1625449482.0,64.0
17.74,1625449482.0,64.0
14.9,1625449482.0,64.0
12.18,1625449482.0,64.0
9.53,1625449482.0,64.0
6.84,1625449482.0,64.0
3.91,1625449482.0,64.0
0.66,1625449482.0,64.0
-2.93,1625449482.0,64.0
-6.74,1625449482.0,64.0
-10.57,1625449482.0,64.0
-14.29,1625449482.0,64.0
-17.87,1625449482.0,64.0
-21.44,1625449482.0,64.0
-25.18,1625449482.0,64.0
-29.27,1625449482.0,64.0
-33.74,1625449482.0,64.0
-38.47,1625449482.0,64.0
-43.14,1625449482.0,64.0
-47.31,1625449482.0,64.0
-50.51,1625449482.0,64.0
-52.31,1625449482.0,64.0
-52.41,1625449482.0,64.0
-50.66,1625449482.0,64.0
-47.15,1625449482.0,64.0
-42.1,1625449482.0,64.0
-35.87,1625449482.0,64.0
-28.84,1625449482.0,64.0
-21.33,1625449482.0,64.0
-13.6,1625449482.0,64.0
-5.87,1625449482.0,64.0
1.63,1625449482.0,64.0
8.6,1625449482.0,64.0
14.73,1625449482.0,64.0
19.72,1625449482.0,64.0
23.5,1625449482.0,64.0
26.2,1625449482.0,64.0
28.17,1625449482.0,64.0
29.82,1625449482.0,64.0
31.4,1625449482.0,64.0
32.97,1625449482.0,64.0
34.4,1625449482.0,64.0
35.45,1625449482.0,64.0
35.98,1625449482.0,64.0
36.03,1625449482.0,64.0
35.73,1625449482.0,64.0
35.25,1625449482.0,64.0
34.61,1625449482.0,64.0
33.7,1625449482.0,64.0
32.32,1625449482.0,64.0
30.35,1625449482.0,64.0
27.79,1625449482.0,64.0
24.86,1625449482.0,64.0
21.84,1625449482.0,64.0
19.02,1625449482.0,64.0
16.49,1625449482.0,64.0
14.21,1625449482.0,64.0
11.95,1625449482.0,64.0
9.48,1625449482.0,64.0
6.65,1625449482.0,64.0
3.44,1625449482.0,64.0
-0.02,1625449482.0,64.0
-3.5,1625449482.0,64.0
-6.84,1625449482.0,64.0
-9.99,1625449482.0,64.0
-13.01,1625449482.0,64.0
-16.03,1625449482.0,64.0
-19.23,1625449482.0,64.0
-22.67,1625449482.0,64.0
-26.37,1625449482.0,64.0
-30.28,1625449482.0,64.0
-34.26,1625449482.0,64.0
-38.13,1625449482.0,64.0
-41.63,1625449482.0,64.0
-44.37,1625449482.0,64.0
-45.93,1625449482.0,64.0
-45.94,1625449482.0,64.0
-44.15,1625449482.0,64.0
-40.63,1625449482.0,64.0
-35.67,1625449482.0,64.0
-29.73,1625449482.0,64.0
-23.27,1625449482.0,64.0
-16.63,1625449482.0,64.0
-9.98,1625449482.0,64.0
-3.46,1625449482.0,64.0
2.75,1625449482.0,64.0
8.34,1625449482.0,64.0
12.95,1625449482.0,64.0
16.35,1625449482.0,64.0
18.61,1625449482.0,64.0
20.05,1625449482.0,64.0
21.16,1625449482.0,64.0
22.33,1625449482.0,64.0
23.68,1625449482.0,64.0
25.09,1625449482.0,64.0
26.28,1625449482.0,64.0
27.03,1625449482.0,64.0
27.29,1625449482.0,64.0
27.15,1625449482.0,64.0
26.72,1625449482.0,64.0
26.03,1625449482.0,64.0
24.99,1625449482.0,64.0
23.52,1625449482.0,64.0
21.58,1625449482.0,64.0
19.32,1625449482.0,64.0
16.92,1625449482.0,64.0
14.6,1625449482.0,64.0
12.45,1625449482.0,64.0
10.43,1625449482.0,64.0
8.42,1625449482.0,64.0
6.25,1625449482.0,64.0
3.81,1625449482.0,64.0
1.12,1625449482.0,64.0
-1.76,1625449482.0,64.0
-4.69,1625449482.0,64.0
-7.56,1625449482.0,64.0
-10.34,1625449482.0,64.0
-13.12,1625449482.0,64.0
-16.05,1625449482.0,64.0
-19.31,1625449482.0,64.0
-23.02,1625449482.0,64.0
-27.19,1625449482.0,64.0
-31.7,1625449482.0,64.0
-36.32,1625449482.0,64.0
-40.7,1625449482.0,64.0
-44.45,1625449482.0,64.0
-47.13,1625449482.0,64.0
-48.29,1625449482.0,64.0
-47.62,1625449482.0,64.0
-45.02,1625449482.0,64.0
-40.69,1625449482.0,64.0
-35.04,1625449482.0,64.0
-28.61,1625449482.0,64.0
-21.83,1625449482.0,64.0
-15.01,1625449482.0,64.0
-8.26,1625449482.0,64.0
-1.68,1625449482.0,64.0
4.55,1625449482.0,64.0
10.16,1625449482.0,64.0
14.86,1625449482.0,64.0
18.47,1625449482.0,64.0
21.06,1625449482.0,64.0
22.89,1625449482.0,64.0
24.33,1625449482.0,64.0
25.69,1625449482.0,64.0
27.04,1625449482.0,64.0
28.31,1625449482.0,64.0
29.34,1625449482.0,64.0
29.97,1625449482.0,64.0
30.17,1625449482.0,64.0
29.95,1625449482.0,64.0
29.32,1625449482.0,64.0
28.27,1625449482.0,64.0
26.78,1625449482.0,64.0
24.86,1625449482.0,64.0
22.62,1625449482.0,64.0
20.21,1625449482.0,64.0
17.79,1625449482.0,64.0
15.47,1625449482.0,64.0
13.21,1625449482.0,64.0
10.85,1625449482.0,64.0
8.26,1625449482.0,64.0
5.32,1625449482.0,64.0
2.04,1625449482.0,64.0
-1.45,1625449482.0,64.0
-5.0,1625449482.0,64.0
-8.49,1625449482.0,64.0
-11.86,1625449482.0,64.0
-15.14,1625449482.0,64.0
-18.45,1625449482.0,64.0
-21.9,1625449482.0,64.0
-25.61,1625449482.0,64.0
-29.64,1625449482.0,64.0
-33.95,1625449482.0,64.0
-38.38,1625449482.0,64.0
-42.65,1625449482.0,64.0
-46.32,1625449482.0,64.0
-48.94,1625449482.0,64.0
-50.06,1625449482.0,64.0
-49.39,1625449482.0,64.0
-46.86,1625449482.0,64.0
-42.67,1625449482.0,64.0
-37.14,1625449482.0,64.0
-30.68,1625449482.0,64.0
-23.64,1625449482.0,64.0
-16.3,1625449482.0,64.0
-8.86,1625449482.0,64.0
-1.58,1625449482.0,64.0
5.24,1625449482.0,64.0
11.29,1625449482.0,64.0
16.29,1625449482.0,64.0
20.14,1625449482.0,64.0
22.96,1625449482.0,64.0
25.04,1625449482.0,64.0
26.71,1625449482.0,64.0
28.2,1625449482.0,64.0
29.58,1625449482.0,64.0
30.78,1625449482.0,64.0
31.68,1625449482.0,64.0
32.24,1625449482.0,64.0
32.46,1625449482.0,64.0
32.42,1625449482.0,64.0
32.15,1625449482.0,64.0
31.61,1625449482.0,64.0
30.7,1625449482.0,64.0
29.29,1625449482.0,64.0
27.37,1625449482.0,64.0
24.99,1625449482.0,64.0
22.35,1625449482.0,64.0
19.63,1625449482.0,64.0
16.96,1625449482.0,64.0
14.35,1625449482.0,64.0
11.71,1625449482.0,64.0
8.88,1625449482.0,64.0
5.76,1625449482.0,64.0
2.35,1625449482.0,64.0
-1.25,1625449482.0,64.0
-4.87,1625449482.0,64.0
-8.39,1625449482.0,64.0
-11.76,1625449482.0,64.0
-15.05,1625449482.0,64.0
-18.41,1625449482.0,64.0
-21.97,1625449482.0,64.0
-25.85,1625449482.0,64.0
-30.04,1625449482.0,64.0
-34.49,1625449482.0,64.0
-39.04,1625449482.0,64.0
-43.42,1625449482.0,64.0
-47.26,1625449482.0,64.0
-50.05,1625449482.0,64.0
-51.28,1625449482.0,64.0
-50.57,1625449482.0,64.0
-47.87,1625449482.0,64.0
-43.42,1625449482.0,64.0
-37.71,1625449482.0,64.0
-31.24,1625449482.0,64.0
-24.41,1625449482.0,64.0
-17.38,1625449482.0,64.0
-10.26,1625449482.0,64.0
-3.2,1625449482.0,64.0
3.52,1625449482.0,64.0
9.48,1625449482.0,64.0
14.33,1625449482.0,64.0
17.96,1625449482.0,64.0
20.51,1625449482.0,64.0
22.37,1625449482.0,64.0
23.93,1625449482.0,64.0
25.47,1625449482.0,64.0
27.04,1625449482.0,64.0
28.56,1625449482.0,64.0
29.85,1625449482.0,64.0
30.78,1625449482.0,64.0
31.31,1625449482.0,64.0
31.45,1625449482.0,64.0
31.25,1625449482.0,64.0
30.73,1625449482.0,64.0
29.85,1625449482.0,64.0
28.56,1625449482.0,64.0
26.84,1625449482.0,64.0
24.7,1625449482.0,64.0
22.21,1625449482.0,64.0
19.53,1625449482.0,64.0
16.79,1625449482.0,64.0
14.1,1625449482.0,64.0
11.47,1625449482.0,64.0
8.8,1625449482.0,64.0
5.97,1625449482.0,64.0
2.86,1625449482.0,64.0
-0.54,1625449482.0,64.0
-4.15,1625449482.0,64.0
-7.81,1625449482.0,64.0
-11.39,1625449482.0,64.0
-14.81,1625449482.0,64.0
-18.08,1625449482.0,64.0
-21.32,1625449482.0,64.0
-24.7,1625449482.0,64.0
-28.37,1625449482.0,64.0
-32.42,1625449482.0,64.0
-36.76,1625449482.0,64.0
-41.07,1625449482.0,64.0
-44.82,1625449482.0,64.0
-47.42,1625449482.0,64.0
-48.32,1625449482.0,64.0
-47.27,1625449482.0,64.0
-44.33,1625449482.0,64.0
-39.83,1625449482.0,64.0
-34.25,1625449482.0,64.0
-27.98,1625449482.0,64.0
-21.33,1625449482.0,64.0
-14.49,1625449482.0,64.0
-7.63,1625449482.0,64.0
-1.03,1625449482.0,64.0
4.93,1625449482.0,64.0
9.96,1625449482.0,64.0
13.92,1625449482.0,64.0
16.89,1625449482.0,64.0
19.21,1625449482.0,64.0
21.2,1625449482.0,64.0
23.1,1625449482.0,64.0
24.94,1625449482.0,64.0
26.62,1625449482.0,64.0
27.96,1625449482.0,64.0
28.91,1625449482.0,64.0
29.48,1625449482.0,64.0
29.76,1625449482.0,64.0
29.76,1625449482.0,64.0
29.4,1625449482.0,64.0
28.55,1625449482.0,64.0
27.11,1625449482.0,64.0
25.12,1625449482.0,64.0
22.75,1625449482.0,64.0
20.23,1625449482.0,64.0
17.76,1625449482.0,64.0
15.45,1625449482.0,64.0
13.27,1625449482.0,64.0
11.11,1625449482.0,64.0
8.81,1625449482.0,64.0
6.26,1625449482.0,64.0
3.43,1625449482.0,64.0
0.39,1625449482.0,64.0
-2.71,1625449482.0,64.0
-5.76,1625449482.0,64.0
-8.68,1625449482.0,64.0
-11.56,1625449482.0,64.0
-14.58,1625449482.0,64.0
-17.93,1625449482.0,64.0
-21.76,1625449482.0,64.0
-26.03,1625449482.0,64.0
-30.52,1625449482.0,64.0
-34.86,1625449482.0,64.0
-38.58,1625449482.0,64.0
-41.17,1625449482.0,64.0
-42.24,1625449482.0,64.0
-41.58,1625449482.0,64.0
-39.15,1625449482.0,64.0
-35.17,1625449482.0,64.0
-30.0,1625449482.0,64.0
-24.03,1625449482.0,64.0
-17.6,1625449482.0,64.0
-11.01,1625449482.0,64.0
-4.48,1625449482.0,64.0
1.7,1625449482.0,64.0
7.21,1625449482.0,64.0
11.77,1625449482.0,64.0
15.16,1625449482.0,64.0
17.42,1625449482.0,64.0
18.79,1625449482.0,64.0
19.68,1625449482.0,64.0
20.47,1625449482.0,64.0
21.42,1625449482.0,64.0
22.57,1625449482.0,64.0
23.76,1625449482.0,64.0
24.76,1625449482.0,64.0
25.32,1625449482.0,64.0
25.34,1625449482.0,64.0
24.84,1625449482.0,64.0
23.93,1625449482.0,64.0
22.77,1625449482.0,64.0
21.48,1625449482.0,64.0
20.05,1625449482.0,64.0
18.42,1625449482.0,64.0
16.5,1625449482.0,64.0
14.25,1625449482.0,64.0
11.71,1625449482.0,64.0
9.01,1625449482.0,64.0
6.25,1625449482.0,64.0
3.5,1625449482.0,64.0
0.79,1625449482.0,64.0
-1.86,1625449482.0,64.0
-4.46,1625449482.0,64.0
-6.97,1625449482.0,64.0
-9.42,1625449482.0,64.0
-11.92,1625449482.0,64.0
-14.64,1625449482.0,64.0
-17.77,1625449482.0,64.0
-21.41,1625449482.0,64.0
-25.53,1625449482.0,64.0
-29.91,1625449482.0,64.0
-34.17,1625449482.0,64.0
-37.9,1625449482.0,64.0
-40.63,1625449482.0,64.0
-41.94,1625449482.0,64.0
-41.49,1625449482.0,64.0
-39.12,1625449482.0,64.0
-34.91,1625449482.0,64.0
-29.23,1625449482.0,64.0
-22.65,1625449482.0,64.0
-15.78,1625449482.0,64.0
-9.07,1625449482.0,64.0
-2.71,1625449482.0,64.0
3.25,1625449482.0,64.0
8.8,1625449482.0,64.0
13.84,1625449482.0,64.0
18.11,1625449482.0,64.0
21.39,1625449482.0,64.0
23.58,1625449482.0,64.0
24.87,1625449482.0,64.0
25.67,1625449482.0,64.0
26.39,1625449482.0,64.0
27.27,1625449482.0,64.0
28.28,1625449482.0,64.0
29.17,1625449482.0,64.0
29.65,1625449482.0,64.0
29.5,1625449482.0,64.0
28.69,1625449482.0,64.0
27.32,1625449482.0,64.0
25.56,1625449482.0,64.0
23.57,1625449482.0,64.0
21.46,1625449482.0,64.0
19.29,1625449482.0,64.0
17.03,1625449482.0,64.0
14.61,1625449482.0,64.0
11.95,1625449482.0,64.0
8.99,1625449482.0,64.0
5.77,1625449482.0,64.0
2.45,1625449482.0,64.0
-0.81,1625449482.0,64.0
-3.87,1625449482.0,64.0
-6.73,1625449482.0,64.0
-9.53,1625449482.0,64.0
-12.5,1625449482.0,64.0
-15.84,1625449482.0,64.0
-19.66,1625449482.0,64.0
-23.95,1625449482.0,64.0
-28.6,1625449482.0,64.0
-33.42,1625449482.0,64.0
-38.1,1625449482.0,64.0
-42.23,1625449482.0,64.0
-45.29,1625449482.0,64.0
-46.77,1625449482.0,64.0
-46.25,1625449482.0,64.0
-43.58,1625449482.0,64.0
-38.93,1625449482.0,64.0
-32.74,1625449482.0,64.0
-25.61,1625449482.0,64.0
-18.11,1625449482.0,64.0
-10.61,1625449482.0,64.0
-3.3,1625449482.0,64.0
3.73,1625449482.0,64.0
10.35,1625449482.0,64.0
16.35,1625449482.0,64.0
21.45,1625449482.0,64.0
25.43,1625449482.0,64.0
28.25,1625449482.0,64.0
30.12,1625449482.0,64.0
31.39,1625449482.0,64.0
32.41,1625449482.0,64.0
33.38,1625449482.0,64.0
34.29,1625449482.0,64.0
34.97,1625449482.0,64.0
35.23,1625449482.0,64.0
34.98,1625449482.0,64.0
34.26,1625449482.0,64.0
33.18,1625449482.0,64.0
31.79,1625449482.0,64.0
30.12,1625449482.0,64.0
28.12,1625449482.0,64.0
25.8,1625449482.0,64.0
23.2,1625449482.0,64.0
20.41,1625449482.0,64.0
17.54,1625449482.0,64.0
14.61,1625449482.0,64.0
11.59,1625449482.0,64.0
8.44,1625449482.0,64.0
5.13,1625449482.0,64.0
1.73,1625449482.0,64.0
-1.71,1625449482.0,64.0
-5.15,1625449482.0,64.0
-8.62,1625449482.0,64.0
-12.22,1625449482.0,64.0
-16.11,1625449482.0,64.0
-20.4,1625449482.0,64.0
-25.15,1625449482.0,64.0
-30.3,1625449482.0,64.0
-35.62,1625449482.0,64.0
-40.75,1625449482.0,64.0
-45.18,1625449482.0,64.0
-48.37,1625449482.0,64.0
-49.85,1625449482.0,64.0
-49.34,1625449482.0,64.0
-46.82,1625449482.0,64.0
-42.53,1625449482.0,64.0
-36.92,1625449482.0,64.0
-30.47,1625449482.0,64.0
-23.61,1625449482.0,64.0
-16.57,1625449482.0,64.0
-9.49,1625449482.0,64.0
-2.42,1625449482.0,64.0
4.51,1625449482.0,64.0
11.07,1625449482.0,64.0
16.94,1625449482.0,64.0
21.81,1625449482.0,64.0
25.55,1625449482.0,64.0
28.27,1625449482.0,64.0
30.27,1625449482.0,64.0
31.93,1625449482.0,64.0
33.51,1625449482.0,64.0
35.09,1625449482.0,64.0
36.5,1625449482.0,64.0
37.48,1625449482.0,64.0
37.76,1625449482.0,64.0
37.26,1625449482.0,64.0
36.02,1625449482.0,64.0
34.22,1625449482.0,64.0
32.11,1625449482.0,64.0
29.85,1625449482.0,64.0
27.57,1625449482.0,64.0
25.28,1625449482.0,64.0
22.94,1625449482.0,64.0
20.46,1625449482.0,64.0
17.76,1625449482.0,64.0
14.78,1625449482.0,64.0
11.52,1625449482.0,64.0
8.03,1625449482.0,64.0
4.39,1625449482.0,64.0
0.7,1625449482.0,64.0
-2.95,1625449482.0,64.0
-6.52,1625449482.0,64.0
-10.04,1625449482.0,64.0
-13.56,1625449482.0,64.0
-17.14,1625449482.0,64.0
-20.86,1625449482.0,64.0
-24.8,1625449482.0,64.0
-28.99,1625449482.0,64.0
-33.4,1625449482.0,64.0
-37.85,1625449482.0,64.0
-42.02,1625449482.0,64.0
-45.4,1625449482.0,64.0
-47.48,1625449482.0,64.0
-47.81,1625449482.0,64.0
-46.19,1625449482.0,64.0
-42.63,1625449482.0,64.0
-37.48,1625449482.0,64.0
-31.18,1625449482.0,64.0
-24.23,1625449482.0,64.0
-17.0,1625449482.0,64.0
-9.73,1625449482.0,64.0
-2.58,1625449482.0,64.0
4.29,1625449482.0,64.0
10.64,1625449482.0,64.0
16.18,1625449482.0,64.0
20.68,1625449482.0,64.0
24.05,1625449482.0,64.0
26.44,1625449482.0,64.0
28.17,1625449482.0,64.0
29.6,1625449482.0,64.0
30.96,1625449482.0,64.0
32.28,1625449482.0,64.0
33.39,1625449482.0,64.0
34.1,1625449482.0,64.0
34.25,1625449482.0,64.0
33.84,1625449482.0,64.0
32.97,1625449482.0,64.0
31.76,1625449482.0,64.0
30.31,1625449482.0,64.0
28.66,1625449482.0,64.0
26.79,1625449482.0,64.0
24.67,1625449482.0,64.0
22.3,1625449482.0,64.0
19.71,1625449482.0,64.0
16.98,1625449482.0,64.0
14.17,1625449482.0,64.0
11.32,1625449482.0,64.0
8.44,1625449482.0,64.0
5.48,1625449482.0,64.0
2.42,1625449482.0,64.0
-0.77,1625449482.0,64.0
-4.05,1625449482.0,64.0
-7.37,1625449482.0,64.0
-10.73,1625449482.0,64.0
-14.13,1625449482.0,64.0
-17.66,1625449482.0,64.0
-21.43,1625449482.0,64.0
-25.5,1625449482.0,64.0
-29.84,1625449482.0,64.0
-34.26,1625449482.0,64.0
-38.36,1625449482.0,64.0
-41.66,1625449482.0,64.0
-43.61,1625449482.0,64.0
-43.76,1625449482.0,64.0
-41.87,1625449482.0,64.0
-38.06,1625449482.0,64.0
-32.71,1625449482.0,64.0
-26.37,1625449482.0,64.0
-19.59,1625449482.0,64.0
-12.76,1625449482.0,64.0
-6.06,1625449482.0,64.0
0.4,1625449482.0,64.0
6.5,1625449482.0,64.0
11.98,1625449482.0,64.0
16.53,1625449482.0,64.0
19.91,1625449482.0,64.0
22.1,1625449482.0,64.0
23.36,1625449482.0,64.0
24.15,1625449482.0,64.0
24.92,1625449482.0,64.0
25.94,1625449482.0,64.0
27.21,1625449482.0,64.0
28.49,1625449482.0,64.0
29.49,1625449482.0,64.0
29.94,1625449482.0,64.0
29.74,1625449482.0,64.0
28.94,1625449482.0,64.0
27.62,1625449482.0,64.0
25.92,1625449482.0,64.0
23.89,1625449482.0,64.0
21.58,1625449482.0,64.0
19.01,1625449482.0,64.0
16.26,1625449482.0,64.0
13.43,1625449482.0,64.0
10.65,1625449482.0,64.0
8.02,1625449482.0,64.0
5.57,1625449482.0,64.0
3.28,1625449482.0,64.0
1.01,1625449482.0,64.0
-1.34,1625449482.0,64.0
-3.9,1625449482.0,64.0
-6.69,1625449482.0,64.0
-9.71,1625449482.0,64.0
-12.9,1625449482.0,64.0
-16.26,1625449482.0,64.0
-19.82,1625449482.0,64.0
-23.67,1625449482.0,64.0
-27.84,1625449482.0,64.0
-32.22,1625449482.0,64.0
-36.47,1625449482.0,64.0
-40.03,1625449482.0,64.0
-42.29,1625449482.0,64.0
-42.74,1625449482.0,64.0
-41.2,1625449482.0,64.0
-37.81,1625449482.0,64.0
-32.96,1625449482.0,64.0
-27.12,1625449482.0,64.0
-20.71,1625449482.0,64.0
-14.0,1625449482.0,64.0
-7.21,1625449482.0,64.0
-0.57,1625449482.0,64.0
5.63,1625449482.0,64.0
11.05,1625449482.0,64.0
15.39,1625449482.0,64.0
18.54,1625449482.0,64.0
20.6,1625449482.0,64.0
21.89,1625449482.0,64.0
22.84,1625449482.0,64.0
23.82,1625449482.0,64.0
25.02,1625449482.0,64.0
26.39,1625449482.0,64.0
27.67,1625449482.0,64.0
28.51,1625449482.0,64.0
28.64,1625449482.0,64.0
27.98,1625449482.0,64.0
26.62,1625449482.0,64.0
24.75,1625449482.0,64.0
22.57,1625449482.0,64.0
20.23,1625449482.0,64.0
17.83,1625449482.0,64.0
15.39,1625449482.0,64.0
12.91,1625449482.0,64.0
10.33,1625449482.0,64.0
7.58,1625449482.0,64.0
4.64,1625449482.0,64.0
1.53,1625449482.0,64.0
-1.63,1625449482.0,64.0
-4.75,1625449482.0,64.0
-7.8,1625449482.0,64.0
-10.85,1625449482.0,64.0
-14.07,1625449482.0,64.0
-17.61,1625449482.0,64.0
-21.5,1625449482.0,64.0
-25.69,1625449482.0,64.0
-30.02,1625449482.0,64.0
-34.34,1625449482.0,64.0
-38.49,1625449482.0,64.0
-42.25,1625449482.0,64.0
-45.25,1625449482.0,64.0
-47.01,1625449482.0,64.0
-46.99,1625449482.0,64.0
-44.91,1625449482.0,64.0
-40.84,1625449482.0,64.0
-35.21,1625449482.0,64.0
-28.61,1625449482.0,64.0
-21.6,1625449482.0,64.0
-14.46,1625449482.0,64.0
-7.23,1625449482.0,64.0
0.08,1625449482.0,64.0
7.31,1625449482.0,64.0
14.08,1625449482.0,64.0
19.83,1625449482.0,64.0
24.16,1625449482.0,64.0
26.99,1625449482.0,64.0
28.63,1625449482.0,64.0
29.63,1625449482.0,64.0
30.56,1625449482.0,64.0
31.72,1625449482.0,64.0
33.03,1625449482.0,64.0
34.23,1625449482.0,64.0
34.97,1625449482.0,64.0
35.01,1625449482.0,64.0
34.34,1625449482.0,64.0
33.07,1625449482.0,64.0
31.34,1625449482.0,64.0
29.26,1625449482.0,64.0
26.9,1625449482.0,64.0
24.26,1625449482.0,64.0
21.42,1625449482.0,64.0
18.49,1625449482.0,64.0
15.59,1625449482.0,64.0
12.79,1625449482.0,64.0
10.12,1625449482.0,64.0
7.52,1625449482.0,64.0
4.87,1625449482.0,64.0
2.05,1625449482.0,64.0
-1.05,1625449482.0,64.0
-4.49,1625449482.0,64.0
-8.26,1625449482.0,64.0
-12.27,1625449482.0,64.0
-16.4,1625449482.0,64.0
-20.55,1625449482.0,64.0
-24.71,1625449482.0,64.0
-28.97,1625449482.0,64.0
-33.43,1625449482.0,64.0
-38.1,1625449482.0,64.0
-42.79,1625449482.0,64.0
-47.03,1625449482.0,64.0
-50.15,1625449482.0,64.0
-51.52,1625449482.0,64.0
-50.69,1625449482.0,64.0
-47.6,1625449482.0,64.0
-42.58,1625449482.0,64.0
-36.19,1625449482.0,64.0
-29.09,1625449482.0,64.0
-21.78,1625449482.0,64.0
-14.54,1625449482.0,64.0
-7.45,1625449482.0,64.0
-0.47,1625449482.0,64.0
6.35,1625449482.0,64.0
12.79,1625449482.0,64.0
18.52,1625449482.0,64.0
23.2,1625449482.0,64.0
26.66,1625449482.0,64.0
28.99,1625449482.0,64.0
30.45,1625449482.0,64.0
31.41,1625449482.0,64.0
32.08,1625449482.0,64.0
32.57,1625449482.0,64.0
32.85,1625449482.0,64.0
32.88,1625449482.0,64.0
32.68,1625449482.0,64.0
32.35,1625449482.0,64.0
31.96,1625449482.0,64.0
31.48,1625449482.0,64.0
30.79,1625449482.0,64.0
29.66,1625449482.0,64.0
27.9,1625449482.0,64.0
25.49,1625449482.0,64.0
22.55,1625449482.0,64.0
19.36,1625449482.0,64.0
16.18,1625449482.0,64.0
13.19,1625449482.0,64.0
10.37,1625449482.0,64.0
7.55,1625449482.0,64.0
4.54,1625449482.0,64.0
1.24,1625449482.0,64.0
-2.27,1625449482.0,64.0
-5.83,1625449482.0,64.0
-9.27,1625449482.0,64.0
-12.55,1625449482.0,64.0
-15.75,1625449482.0,64.0
-19.06,1625449482.0,64.0
-22.65,1625449482.0,64.0
-26.61,1625449482.0,64.0
-30.96,1625449482.0,64.0
-35.59,1625449482.0,64.0
-40.32,1625449482.0,64.0
-44.81,1625449482.0,64.0
-48.59,1625449482.0,64.0
-51.14,1625449482.0,64.0
-51.95,1625449482.0,64.0
-50.78,1625449482.0,64.0
-47.69,1625449482.0,64.0
-42.98,1625449482.0,64.0
-37.13,1625449482.0,64.0
-30.55,1625449482.0,64.0
-23.51,1625449482.0,64.0
-16.14,1625449482.0,64.0
-8.58,1625449482.0,64.0
-1.05,1625449482.0,64.0
6.06,1625449482.0,64.0
12.32,1625449482.0,64.0
17.4,1625449482.0,64.0
21.21,1625449482.0,64.0
23.96,1625449482.0,64.0
26.07,1625449482.0,64.0
27.92,1625449482.0,64.0
29.74,1625449482.0,64.0
31.5,1625449482.0,64.0
33.03,1625449482.0,64.0
34.09,1625449482.0,64.0
34.57,1625449482.0,64.0
34.51,1625449482.0,64.0
34.04,1625449482.0,64.0
33.27,1625449482.0,64.0
32.28,1625449482.0,64.0
31.02,1625449482.0,64.0
29.41,1625449482.0,64.0
27.4,1625449482.0,64.0
25.02,1625449482.0,64.0
22.37,1625449482.0,64.0
19.58,1625449482.0,64.0
16.8,1625449482.0,64.0
14.06,1625449482.0,64.0
11.3,1625449482.0,64.0
8.4,1625449482.0,64.0
5.23,1625449482.0,64.0
1.78,1625449482.0,64.0
-1.81,1625449482.0,64.0
-5.3,1625449482.0,64.0
-8.46,1625449482.0,64.0
-11.18,1625449482.0,64.0
-13.58,1625449482.0,64.0
-15.95,1625449482.0,64.0
-18.67,1625449482.0,64.0
-22.03,1625449482.0,64.0
-26.12,1625449482.0,64.0
-30.84,1625449482.0,64.0
-35.88,1625449482.0,64.0
-40.78,1625449482.0,64.0
-45.02,1625449482.0,64.0
-48.06,1625449482.0,64.0
-49.45,1625449482.0,64.0
-48.93,1625449482.0,64.0
-46.46,1625449482.0,64.0
-42.29,1625449482.0,64.0
-36.85,1625449482.0,64.0
-30.61,1625449482.0,64.0
-23.98,1625449482.0,64.0
-17.22,1625449482.0,64.0
-10.46,1625449482.0,64.0
-3.79,1625449482.0,64.0
2.66,1625449482.0,64.0
8.67,1625449482.0,64.0
13.98,1625449482.0,64.0
18.35,1625449482.0,64.0
21.67,1625449482.0,64.0
24.05,1625449482.0,64.0
25.72,1625449482.0,64.0
27.0,1625449482.0,64.0
28.14,1625449482.0,64.0
29.25,1625449482.0,64.0
30.25,1625449482.0,64.0
30.96,1625449482.0,64.0
31.23,1625449482.0,64.0
30.95,1625449482.0,64.0
30.18,1625449482.0,64.0
29.03,1625449482.0,64.0
27.6,1625449482.0,64.0
25.94,1625449482.0,64.0
24.01,1625449482.0,64.0
21.79,1625449482.0,64.0
19.27,1625449482.0,64.0
16.56,1625449482.0,64.0
13.82,1625449482.0,64.0
11.18,1625449482.0,64.0
8.67,1625449482.0,64.0
6.25,1625449482.0,64.0
3.79,1625449482.0,64.0
1.16,1625449482.0,64.0
-1.67,1625449482.0,64.0
-4.67,1625449482.0,64.0
-7.73,1625449482.0,64.0
-10.8,1625449482.0,64.0
-13.86,1625449482.0,64.0
-16.99,1625449482.0,64.0
-20.31,1625449482.0,64.0
-23.93,1625449482.0,64.0
-27.92,1625449482.0,64.0
-32.19,1625449482.0,64.0
-36.53,1625449482.0,64.0
-40.52,1625449482.0,64.0
-43.61,1625449482.0,64.0
-45.27,1625449482.0,64.0
-45.11,1625449482.0,64.0
-43.03,1625449482.0,64.0
-39.25,1625449482.0,64.0
-34.2,1625449482.0,64.0
-28.32,1625449482.0,64.0
-21.95,1625449482.0,64.0
-15.26,1625449482.0,64.0
-8.39,1625449482.0,64.0
-1.55,1625449482.0,64.0
4.87,1625449482.0,64.0
10.39,1625449482.0,64.0
14.6,1625449482.0,64.0
17.39,1625449482.0,64.0
19.02,1625449482.0,64.0
20.01,1625449482.0,64.0
20.96,1625449482.0,64.0
22.26,1625449482.0,64.0
23.99,1625449482.0,64.0
25.93,1625449482.0,64.0
27.66,1625449482.0,64.0
28.85,1625449482.0,64.0
29.27,1625449482.0,64.0
28.92,1625449482.0,64.0
27.9,1625449482.0,64.0
26.39,1625449482.0,64.0
24.5,1625449482.0,64.0
22.32,1625449482.0,64.0
19.9,1625449482.0,64.0
17.31,1625449482.0,64.0
14.59,1625449482.0,64.0
11.81,1625449482.0,64.0
8.98,1625449482.0,64.0
6.11,1625449482.0,64.0
3.18,1625449482.0,64.0
0.22,1625449482.0,64.0
-2.77,1625449482.0,64.0
-5.77,1625449482.0,64.0
-8.81,1625449482.0,64.0
-11.94,1625449482.0,64.0
-15.25,1625449482.0,64.0
-18.81,1625449482.0,64.0
-22.71,1625449482.0,64.0
-26.99,1625449482.0,64.0
-31.57,1625449482.0,64.0
-36.26,1625449482.0,64.0
-40.7,1625449482.0,64.0
-44.38,1625449482.0,64.0
-46.74,1625449482.0,64.0
-47.31,1625449482.0,64.0
-45.89,1625449482.0,64.0
-42.62,1625449482.0,64.0
-37.93,1625449482.0,64.0
-32.34,1625449482.0,64.0
-26.28,1625449482.0,64.0
-19.97,1625449482.0,64.0
-13.4,1625449482.0,64.0
-6.57,1625449482.0,64.0
0.43,1625449482.0,64.0
7.24,1625449482.0,64.0
13.32,1625449482.0,64.0
18.21,1625449482.0,64.0
21.69,1625449482.0,64.0
23.9,1625449482.0,64.0
25.27,1625449482.0,64.0
26.31,1625449482.0,64.0
27.37,1625449482.0,64.0
28.59,1625449482.0,64.0
29.83,1625449482.0,64.0
30.85,1625449482.0,64.0
31.44,1625449482.0,64.0
31.45,1625449482.0,64.0
30.84,1625449482.0,64.0
29.67,1625449482.0,64.0
28.02,1625449482.0,64.0
25.99,1625449482.0,64.0
23.72,1625449482.0,64.0
21.34,1625449482.0,64.0
18.91,1625449482.0,64.0
16.46,1625449482.0,64.0
13.91,1625449482.0,64.0
11.18,1625449482.0,64.0
8.17,1625449482.0,64.0
4.89,1625449482.0,64.0
1.4,1625449482.0,64.0
-2.19,1625449482.0,64.0
-5.77,1625449482.0,64.0
-9.31,1625449482.0,64.0
-12.8,1625449482.0,64.0
-16.34,1625449482.0,64.0
-19.99,1625449482.0,64.0
-23.9,1625449482.0,64.0
-28.16,1625449482.0,64.0
-32.81,1625449482.0,64.0
-37.75,1625449482.0,64.0
-42.67,1625449482.0,64.0
-47.01,1625449482.0,64.0
-50.1,1625449482.0,64.0
-51.32,1625449482.0,64.0
-50.32,1625449482.0,64.0
-47.19,1625449482.0,64.0
-42.32,1625449482.0,64.0
-36.34,1625449482.0,64.0
-29.84,1625449482.0,64.0
-23.17,1625449482.0,64.0
-16.5,1625449482.0,64.0
-9.83,1625449482.0,64.0
-3.18,1625449482.0,64.0
3.32,1625449482.0,64.0
9.42,1625449482.0,64.0
14.81,1625449482.0,64.0
19.3,1625449482.0,64.0
22.83,1625449482.0,64.0
25.52,1625449482.0,64.0
27.57,1625449482.0,64.0
29.16,1625449482.0,64.0
30.42,1625449482.0,64.0
31.37,1625449482.0,64.0
32.03,1625449482.0,64.0
32.39,1625449482.0,64.0
32.48,1625449482.0,64.0
32.37,1625449482.0,64.0
32.11,1625449482.0,64.0
31.73,1625449482.0,64.0
31.17,1625449482.0,64.0
30.34,1625449482.0,64.0
29.07,1625449482.0,64.0
27.25,1625449482.0,64.0
24.87,1625449482.0,64.0
22.04,1625449482.0,64.0
18.96,1625449482.0,64.0
15.84,1625449482.0,64.0
12.8,1625449482.0,64.0
9.84,1625449482.0,64.0
6.83,1625449482.0,64.0
3.61,1625449482.0,64.0
0.11,1625449482.0,64.0
-3.64,1625449482.0,64.0
-7.47,1625449482.0,64.0
-11.22,1625449482.0,64.0
-14.81,1625449482.0,64.0
-18.33,1625449482.0,64.0
-21.96,1625449482.0,64.0
-25.95,1625449482.0,64.0
-30.39,1625449482.0,64.0
-35.17,1625449482.0,64.0
-39.96,1625449482.0,64.0
-44.2,1625449482.0,64.0
-47.27,1625449482.0,64.0
-48.62,1625449482.0,64.0
-47.98,1625449482.0,64.0
-45.36,1625449482.0,64.0
-41.09,1625449482.0,64.0
-35.65,1625449482.0,64.0
-29.47,1625449482.0,64.0
-22.83,1625449482.0,64.0
-15.8,1625449482.0,64.0
-8.45,1625449482.0,64.0
-0.96,1625449482.0,64.0
6.29,1625449482.0,64.0
12.79,1625449482.0,64.0
18.11,1625449482.0,64.0
22.09,1625449482.0,64.0
24.93,1625449482.0,64.0
27.05,1625449482.0,64.0
28.87,1625449482.0,64.0
30.63,1625449482.0,64.0
32.29,1625449482.0,64.0
33.65,1625449482.0,64.0
34.5,1625449482.0,64.0
34.79,1625449482.0,64.0
34.58,1625449482.0,64.0
34.02,1625449482.0,64.0
33.2,1625449482.0,64.0
32.13,1625449482.0,64.0
30.74,1625449482.0,64.0
28.98,1625449482.0,64.0
26.88,1625449482.0,64.0
24.52,1625449482.0,64.0
22.02,1625449482.0,64.0
19.47,1625449482.0,64.0
16.86,1625449482.0,64.0
14.13,1625449482.0,64.0
11.22,1625449482.0,64.0
8.08,1625449482.0,64.0
4.76,1625449482.0,64.0
1.36,1625449482.0,64.0
-2.01,1625449482.0,64.0
-5.26,1625449482.0,64.0
-8.34,1625449482.0,64.0
-11.31,1625449482.0,64.0
-14.28,1625449482.0,64.0
-17.45,1625449482.0,64.0
-20.98,1625449482.0,64.0
-24.99,1625449482.0,64.0
-29.47,1625449482.0,64.0
-34.17,1625449482.0,64.0
-38.69,1625449482.0,64.0
-42.52,1625449482.0,64.0
-45.08,1625449482.0,64.0
-45.92,1625449482.0,64.0
-44.78,1625449482.0,64.0
-41.67,1625449482.0,64.0
-36.85,1625449482.0,64.0
-30.79,1625449482.0,64.0
-24.03,1625449482.0,64.0
-17.01,1625449482.0,64.0
-10.03,1625449482.0,64.0
-3.24,1625449482.0,64.0
3.3,1625449482.0,64.0
9.46,1625449482.0,64.0
15.07,1625449482.0,64.0
19.89,1625449482.0,64.0
23.73,1625449482.0,64.0
26.53,1625449482.0,64.0
28.43,1625449482.0,64.0
29.64,1625449482.0,64.0
30.44,1625449482.0,64.0
31.0,1625449482.0,64.0
31.41,1625449482.0,64.0
31.7,1625449482.0,64.0
31.84,1625449482.0,64.0
31.8,1625449482.0,64.0
31.61,1625449482.0,64.0
31.24,1625449482.0,64.0
30.63,1625449482.0,64.0
29.69,1625449482.0,64.0
28.29,1625449482.0,64.0
26.34,1625449482.0,64.0
23.91,1625449482.0,64.0
21.11,1625449482.0,64.0
18.16,1625449482.0,64.0
15.28,1625449482.0,64.0
12.54,1625449482.0,64.0
9.93,1625449482.0,64.0
7.33,1625449482.0,64.0
4.63,1625449482.0,64.0
1.81,1625449482.0,64.0
-1.05,1625449482.0,64.0
-3.88,1625449482.0,64.0
-6.63,1625449482.0,64.0
-9.4,1625449482.0,64.0
-12.37,1625449482.0,64.0
-15.74,1625449482.0,64.0
-19.56,1625449482.0,64.0
-23.8,1625449482.0,64.0
-28.21,1625449482.0,64.0
-32.42,1625449482.0,64.0
-36.01,1625449482.0,64.0
-38.49,1625449482.0,64.0
-39.49,1625449482.0,64.0
-38.73,1625449482.0,64.0
-36.18,1625449482.0,64.0
-31.99,1625449482.0,64.0
-26.56,1625449482.0,64.0
-20.32,1625449482.0,64.0
-13.76,1625449482.0,64.0
-7.31,1625449482.0,64.0
-1.26,1625449482.0,64.0
4.13,1625449482.0,64.0
8.69,1625449482.0,64.0
12.33,1625449482.0,64.0
15.06,1625449482.0,64.0
17.04,1625449482.0,64.0
18.52,1625449482.0,64.0
19.81,1625449482.0,64.0
21.12,1625449482.0,64.0
22.55,1625449482.0,64.0
24.04,1625449482.0,64.0
25.41,1625449482.0,64.0
26.41,1625449482.0,64.0
26.85,1625449482.0,64.0
26.61,1625449482.0,64.0
25.7,1625449482.0,64.0
24.21,1625449482.0,64.0
22.29,1625449482.0,64.0
20.12,1625449482.0,64.0
17.88,1625449482.0,64.0
15.69,1625449482.0,64.0
13.6,1625449482.0,64.0
11.58,1625449482.0,64.0
9.58,1625449482.0,64.0
7.54,1625449482.0,64.0
5.44,1625449482.0,64.0
3.24,1625449482.0,64.0
0.94,1625449482.0,64.0
-1.53,1625449482.0,64.0
-4.23,1625449482.0,64.0
-7.24,1625449482.0,64.0
-10.55,1625449482.0,64.0
-14.13,1625449482.0,64.0
-17.9,1625449482.0,64.0
-21.75,1625449482.0,64.0
-25.57,1625449482.0,64.0
-29.24,1625449482.0,64.0
-32.53,1625449482.0,64.0
-35.1,1625449482.0,64.0
-36.52,1625449482.0,64.0
-36.4,1625449482.0,64.0
-34.52,1625449482.0,64.0
-31.01,1625449482.0,64.0
-26.23,1625449482.0,64.0
-20.72,1625449482.0,64.0
-14.96,1625449482.0,64.0
-9.28,1625449482.0,64.0
-3.82,1625449482.0,64.0
1.37,1625449482.0,64.0
6.19,1625449482.0,64.0
10.51,1625449482.0,64.0
14.11,1625449482.0,64.0
16.89,1625449482.0,64.0
18.88,1625449482.0,64.0
20.3,1625449482.0,64.0
21.41,1625449482.0,64.0
22.38,1625449482.0,64.0
23.31,1625449482.0,64.0
24.08,1625449482.0,64.0
24.6,1625449482.0,64.0
24.77,1625449482.0,64.0
24.53,1625449482.0,64.0
23.95,1625449482.0,64.0
23.08,1625449482.0,64.0
22.03,1625449482.0,64.0
20.81,1625449482.0,64.0
19.36,1625449482.0,64.0
17.54,1625449482.0,64.0
15.22,1625449482.0,64.0
12.36,1625449482.0,64.0
9.07,1625449482.0,64.0
5.61,1625449482.0,64.0
2.31,1625449482.0,64.0
-0.64,1625449482.0,64.0
-3.23,1625449482.0,64.0
-5.65,1625449482.0,64.0
-8.22,1625449482.0,64.0
-11.13,1625449482.0,64.0
-14.47,1625449482.0,64.0
-18.14,1625449482.0,64.0
-22.02,1625449482.0,64.0
-26.03,1625449482.0,64.0
-30.1,1625449482.0,64.0
-34.13,1625449482.0,64.0
-37.85,1625449482.0,64.0
-40.86,1625449482.0,64.0
-42.65,1625449482.0,64.0
-42.85,1625449482.0,64.0
-41.29,1625449482.0,64.0
-38.1,1625449482.0,64.0
-33.63,1625449482.0,64.0
-28.31,1625449482.0,64.0
-22.51,1625449482.0,64.0
-16.41,1625449482.0,64.0
-10.09,1625449482.0,64.0
-3.62,1625449482.0,64.0
2.8,1625449482.0,64.0
8.86,1625449482.0,64.0
14.19,1625449482.0,64.0
18.47,1625449482.0,64.0
21.58,1625449482.0,64.0
23.67,1625449482.0,64.0
25.05,1625449482.0,64.0
26.12,1625449482.0,64.0
27.1,1625449482.0,64.0
28.05,1625449482.0,64.0
28.82,1625449482.0,64.0
29.22,1625449482.0,64.0
29.12,1625449482.0,64.0
28.52,1625449482.0,64.0
27.5,1625449482.0,64.0
26.19,1625449482.0,64.0
24.65,1625449482.0,64.0
22.88,1625449482.0,64.0
20.83,1625449482.0,64.0
18.47,1625449482.0,64.0
15.83,1625449482.0,64.0
12.99,1625449482.0,64.0
10.08,1625449482.0,64.0
7.17,1625449482.0,64.0
4.29,1625449482.0,64.0
1.44,1625449482.0,64.0
-1.42,1625449482.0,64.0
-4.31,1625449482.0,64.0
-7.24,1625449482.0,64.0
-10.21,1625449482.0,64.0
-13.24,1625449482.0,64.0
-16.4,1625449482.0,64.0
-19.77,1625449482.0,64.0
-23.44,1625449482.0,64.0
-27.45,1625449482.0,64.0
-31.73,1625449482.0,64.0
-36.04,1625449482.0,64.0
-39.95,1625449482.0,64.0
-42.95,1625449482.0,64.0
-44.56,1625449482.0,64.0
-44.5,1625449482.0,64.0
-42.75,1625449482.0,64.0
-39.54,1625449482.0,64.0
-35.23,1625449482.0,64.0
-30.19,1625449482.0,64.0
-24.62,1625449482.0,64.0
-18.64,1625449482.0,64.0
-12.26,1625449482.0,64.0
-5.6,1625449482.0,64.0
1.09,1625449482.0,64.0
7.43,1625449482.0,64.0
13.02,1625449482.0,64.0
17.54,1625449482.0,64.0
20.9,1625449482.0,64.0
23.24,1625449482.0,64.0
24.81,1625449482.0,64.0
25.94,1625449482.0,64.0
26.88,1625449482.0,64.0
27.74,1625449482.0,64.0
28.48,1625449482.0,64.0
29.01,1625449482.0,64.0
29.18,1625449482.0,64.0
28.9,1625449482.0,64.0
28.16,1625449482.0,64.0
26.95,1625449482.0,64.0
25.35,1625449482.0,64.0
23.43,1625449482.0,64.0
21.29,1625449482.0,64.0
19.01,1625449482.0,64.0
16.67,1625449482.0,64.0
14.35,1625449482.0,64.0
12.06,1625449482.0,64.0
9.77,1625449482.0,64.0
7.4,1625449482.0,64.0
4.86,1625449482.0,64.0
2.07,1625449482.0,64.0
-0.97,1625449482.0,64.0
-4.26,1625449482.0,64.0
-7.76,1625449482.0,64.0
-11.4,1625449482.0,64.0
-15.16,1625449482.0,64.0
-18.99,1625449482.0,64.0
-22.9,1625449482.0,64.0
-26.88,1625449482.0,64.0
-30.96,1625449482.0,64.0
-35.09,1625449482.0,64.0
-39.15,1625449482.0,64.0
-42.88,1625449482.0,64.0
-45.92,1625449482.0,64.0
-47.84,1625449482.0,64.0
-48.26,1625449482.0,64.0
-46.95,1625449482.0,64.0
-43.88,1625449482.0,64.0
-39.24,1625449482.0,64.0
-33.42,1625449482.0,64.0
-26.86,1625449482.0,64.0
-20.01,1625449482.0,64.0
-13.19,1625449482.0,64.0
-6.62,1625449482.0,64.0
-0.41,1625449482.0,64.0
5.32,1625449482.0,64.0
10.42,1625449482.0,64.0
14.72,1625449482.0,64.0
18.11,1625449482.0,64.0
20.63,1625449482.0,64.0
22.49,1625449482.0,64.0
24.0,1625449482.0,64.0
25.42,1625449482.0,64.0
26.85,1625449482.0,64.0
28.17,1625449482.0,64.0
29.2,1625449482.0,64.0
29.73,1625449482.0,64.0
29.71,1625449482.0,64.0
29.18,1625449482.0,64.0
28.25,1625449482.0,64.0
27.0,1625449482.0,64.0
25.46,1625449482.0,64.0
23.63,1625449482.0,64.0
21.53,1625449482.0,64.0
19.21,1625449482.0,64.0
16.73,1625449482.0,64.0
14.14,1625449482.0,64.0
11.48,1625449482.0,64.0
8.77,1625449482.0,64.0
6.03,1625449482.0,64.0
3.27,1625449482.0,64.0
0.47,1625449482.0,64.0
-2.41,1625449482.0,64.0
-5.46,1625449482.0,64.0
-8.74,1625449482.0,64.0
-12.25,1625449482.0,64.0
-15.92,1625449482.0,64.0
-19.68,1625449482.0,64.0
-23.46,1625449482.0,64.0
-27.23,1625449482.0,64.0
-31.0,1625449482.0,64.0
-34.7,1625449482.0,64.0
-38.12,1625449482.0,64.0
-40.88,1625449482.0,64.0
-42.58,1625449482.0,64.0
-42.85,1625449482.0,64.0
-41.52,1625449482.0,64.0
-38.67,1625449482.0,64.0
-34.55,1625449482.0,64.0
-29.49,1625449482.0,64.0
-23.82,1625449482.0,64.0
-17.79,1625449482.0,64.0
-11.59,1625449482.0,64.0
-5.43,1625449482.0,64.0
0.46,1625449482.0,64.0
5.8,1625449482.0,64.0
10.34,1625449482.0,64.0
13.94,1625449482.0,64.0
16.62,1625449482.0,64.0
18.61,1625449482.0,64.0
20.21,1625449482.0,64.0
21.73,1625449482.0,64.0
23.29,1625449482.0,64.0
24.87,1625449482.0,64.0
26.3,1625449482.0,64.0
27.32,1625449482.0,64.0
27.79,1625449482.0,64.0
27.66,1625449482.0,64.0
26.98,1625449482.0,64.0
25.83,1625449482.0,64.0
24.3,1625449482.0,64.0
22.45,1625449482.0,64.0
20.35,1625449482.0,64.0
18.09,1625449482.0,64.0
15.75,1625449482.0,64.0
13.48,1625449482.0,64.0
11.32,1625449482.0,64.0
9.29,1625449482.0,64.0
7.35,1625449482.0,64.0
5.44,1625449482.0,64.0
3.47,1625449482.0,64.0
1.37,1625449482.0,64.0
-0.98,1625449482.0,64.0
-3.65,1625449482.0,64.0
-6.7,1625449482.0,64.0
-10.13,1625449482.0,64.0
-13.91,1625449482.0,64.0
-17.95,1625449482.0,64.0
-22.17,1625449482.0,64.0
-26.49,1625449482.0,64.0
-30.69,1625449482.0,64.0
-34.48,1625449482.0,64.0
-37.45,1625449482.0,64.0
-39.14,1625449482.0,64.0
-39.22,1625449482.0,64.0
-37.58,1625449482.0,64.0
-34.38,1625449482.0,64.0
-30.01,1625449482.0,64.0
-24.89,1625449482.0,64.0
-19.39,1625449482.0,64.0
-13.68,1625449482.0,64.0
-7.83,1625449482.0,64.0
-1.93,1625449482.0,64.0
3.84,1625449482.0,64.0
9.16,1625449482.0,64.0
13.69,1625449482.0,64.0
17.21,1625449482.0,64.0
19.72,1625449482.0,64.0
21.44,1625449482.0,64.0
22.69,1625449482.0,64.0
23.78,1625449482.0,64.0
24.88,1625449482.0,64.0
25.98,1625449482.0,64.0
26.96,1625449482.0,64.0
27.63,1625449482.0,64.0
27.82,1625449482.0,64.0
27.43,1625449482.0,64.0
26.42,1625449482.0,64.0
24.85,1625449482.0,64.0
22.88,1625449482.0,64.0
20.68,1625449482.0,64.0
18.39,1625449482.0,64.0
16.09,1625449482.0,64.0
13.72,1625449482.0,64.0
11.18,1625449482.0,64.0
8.41,1625449482.0,64.0
5.46,1625449482.0,64.0
2.48,1625449482.0,64.0
-0.34,1625449482.0,64.0
-2.89,1625449482.0,64.0
-5.22,1625449482.0,64.0
-7.53,1625449482.0,64.0
-10.06,1625449482.0,64.0
-13.01,1625449482.0,64.0
-16.45,1625449482.0,64.0
-20.36,1625449482.0,64.0
-24.62,1625449482.0,64.0
-29.11,1625449482.0,64.0
-33.66,1625449482.0,64.0
-38.05,1625449482.0,64.0
-41.92,1625449482.0,64.0
-44.76,1625449482.0,64.0
-46.08,1625449482.0,64.0
-45.51,1625449482.0,64.0
-43.0,1625449482.0,64.0
-38.81,1625449482.0,64.0
-33.42,1625449482.0,64.0
-27.3,1625449482.0,64.0
-20.77,1625449482.0,64.0
-13.97,1625449482.0,64.0
-6.91,1625449482.0,64.0
0.34,1625449482.0,64.0
7.52,1625449482.0,64.0
14.19,1625449482.0,64.0
19.86,1625449482.0,64.0
24.16,1625449482.0,64.0
27.05,1625449482.0,64.0
28.76,1625449482.0,64.0
29.75,1625449482.0,64.0
30.47,1625449482.0,64.0
31.19,1625449482.0,64.0
31.97,1625449482.0,64.0
32.69,1625449482.0,64.0
33.18,1625449482.0,64.0
33.35,1625449482.0,64.0
33.18,1625449482.0,64.0
32.7,1625449482.0,64.0
31.9,1625449482.0,64.0
30.72,1625449482.0,64.0
29.07,1625449482.0,64.0
26.93,1625449482.0,64.0
24.41,1625449482.0,64.0
21.7,1625449482.0,64.0
19.01,1625449482.0,64.0
16.44,1625449482.0,64.0
13.95,1625449482.0,64.0
11.35,1625449482.0,64.0
8.5,1625449482.0,64.0
5.31,1625449482.0,64.0
1.85,1625449482.0,64.0
-1.72,1625449482.0,64.0
-5.27,1625449482.0,64.0
-8.76,1625449482.0,64.0
-12.3,1625449482.0,64.0
-16.05,1625449482.0,64.0
-20.17,1625449482.0,64.0
-24.67,1625449482.0,64.0
-29.47,1625449482.0,64.0
-34.39,1625449482.0,64.0
-39.17,1625449482.0,64.0
-43.54,1625449482.0,64.0
-47.13,1625449482.0,64.0
-49.51,1625449482.0,64.0
-50.23,1625449482.0,64.0
-49.0,1625449482.0,64.0
-45.77,1625449482.0,64.0
-40.86,1625449482.0,64.0
-34.81,1625449482.0,64.0
-28.19,1625449482.0,64.0
-21.37,1625449482.0,64.0
-14.44,1625449482.0,64.0
-7.33,1625449482.0,64.0
-0.0,1625449482.0,64.0
7.35,1625449482.0,64.0
14.31,1625449482.0,64.0
20.34,1625449482.0,64.0
25.02,1625449482.0,64.0
28.26,1625449482.0,64.0
30.35,1625449482.0,64.0
31.75,1625449482.0,64.0
32.93,1625449482.0,64.0
34.12,1625449482.0,64.0
35.25,1625449482.0,64.0
36.08,1625449482.0,64.0
36.39,1625449482.0,64.0
36.09,1625449482.0,64.0
35.33,1625449482.0,64.0
34.28,1625449482.0,64.0
33.1,1625449482.0,64.0
31.75,1625449482.0,64.0
30.09,1625449482.0,64.0
28.01,1625449482.0,64.0
25.52,1625449482.0,64.0
22.8,1625449482.0,64.0
20.12,1625449482.0,64.0
17.65,1625449482.0,64.0
15.38,1625449482.0,64.0
13.12,1625449482.0,64.0
10.59,1625449482.0,64.0
7.64,1625449482.0,64.0
4.26,1625449482.0,64.0
0.65,1625449482.0,64.0
-2.92,1625449482.0,64.0
-6.23,1625449482.0,64.0
-9.21,1625449482.0,64.0
-11.98,1625449482.0,64.0
-14.79,1625449482.0,64.0
-17.9,1625449482.0,64.0
-21.58,1625449482.0,64.0
-25.92,1625449482.0,64.0
-30.84,1625449482.0,64.0
-36.05,1625449482.0,64.0
-41.07,1625449482.0,64.0
-45.31,1625449482.0,64.0
-48.2,1625449482.0,64.0
-49.33,1625449482.0,64.0
-48.53,1625449482.0,64.0
-45.91,1625449482.0,64.0
-41.78,1625449482.0,64.0
-36.49,1625449482.0,64.0
-30.38,1625449482.0,64.0
-23.66,1625449482.0,64.0
-16.49,1625449482.0,64.0
-9.07,1625449482.0,64.0
-1.68,1625449482.0,64.0
5.32,1625449482.0,64.0
11.57,1625449482.0,64.0
16.8,1625449482.0,64.0
20.9,1625449482.0,64.0
23.95,1625449482.0,64.0
26.2,1625449482.0,64.0
27.92,1625449482.0,64.0
29.36,1625449482.0,64.0
30.67,1625449482.0,64.0
31.84,1625449482.0,64.0
32.76,1625449482.0,64.0
33.3,1625449482.0,64.0
33.42,1625449482.0,64.0
33.16,1625449482.0,64.0
32.63,1625449482.0,64.0
31.89,1625449482.0,64.0
30.97,1625449482.0,64.0
29.75,1625449482.0,64.0
28.13,1625449482.0,64.0
26.08,1625449482.0,64.0
23.73,1625449482.0,64.0
21.3,1625449482.0,64.0
19.01,1625449482.0,64.0
16.94,1625449482.0,64.0
14.99,1625449482.0,64.0
12.9,1625449482.0,64.0
10.45,1625449482.0,64.0
7.51,1625449482.0,64.0
4.2,1625449482.0,64.0
0.76,1625449482.0,64.0
-2.58,1625449482.0,64.0
-5.68,1625449482.0,64.0
-8.56,1625449482.0,64.0
-11.4,1625449482.0,64.0
-14.42,1625449482.0,64.0
-17.77,1625449482.0,64.0
-21.54,1625449482.0,64.0
-25.73,1625449482.0,64.0
-30.27,1625449482.0,64.0
-35.0,1625449482.0,64.0
-39.59,1625449482.0,64.0
-43.63,1625449482.0,64.0
-46.6,1625449482.0,64.0
-48.03,1625449482.0,64.0
-47.6,1625449482.0,64.0
-45.27,1625449482.0,64.0
-41.24,1625449482.0,64.0
-35.9,1625449482.0,64.0
-29.65,1625449482.0,64.0
-22.89,1625449482.0,64.0
-15.92,1625449482.0,64.0
-9.0,1625449482.0,64.0
-2.39,1625449482.0,64.0
3.66,1625449482.0,64.0
8.96,1625449482.0,64.0
13.36,1625449482.0,64.0
16.85,1625449482.0,64.0
19.55,1625449482.0,64.0
21.65,1625449482.0,64.0
23.39,1625449482.0,64.0
24.97,1625449482.0,64.0
26.48,1625449482.0,64.0
27.9,1625449482.0,64.0
29.12,1625449482.0,64.0
30.05,1625449482.0,64.0
30.64,1625449482.0,64.0
30.86,1625449482.0,64.0
30.76,1625449482.0,64.0
30.36,1625449482.0,64.0
29.62,1625449482.0,64.0
28.53,1625449482.0,64.0
27.02,1625449482.0,64.0
25.13,1625449482.0,64.0
22.94,1625449482.0,64.0
20.55,1625449482.0,64.0
18.08,1625449482.0,64.0
15.59,1625449482.0,64.0
13.08,1625449482.0,64.0
10.49,1625449482.0,64.0
7.77,1625449482.0,64.0
4.88,1625449482.0,64.0
1.86,1625449482.0,64.0
-1.19,1625449482.0,64.0
-4.12,1625449482.0,64.0
-6.83,1625449482.0,64.0
-9.35,1625449482.0,64.0
-11.77,1625449482.0,64.0
-14.33,1625449482.0,64.0
-17.24,1625449482.0,64.0
-20.62,1625449482.0,64.0
-24.45,1625449482.0,64.0
-28.55,1625449482.0,64.0
-32.63,1625449482.0,64.0
-36.27,1625449482.0,64.0
-39.04,1625449482.0,64.0
-40.48,1625449482.0,64.0
-40.26,1625449482.0,64.0
-38.23,1625449482.0,64.0
-34.52,1625449482.0,64.0
-29.54,1625449482.0,64.0
-23.8,1625449482.0,64.0
-17.8,1625449482.0,64.0
-11.85,1625449482.0,64.0
-6.06,1625449482.0,64.0
-0.47,1625449482.0,64.0
4.81,1625449482.0,64.0
9.5,1625449482.0,64.0
13.26,1625449482.0,64.0
15.86,1625449482.0,64.0
17.31,1625449482.0,64.0
17.91,1625449482.0,64.0
18.2,1625449482.0,64.0
18.65,1625449482.0,64.0
19.52,1625449482.0,64.0
20.78,1625449482.0,64.0
22.14,1625449482.0,64.0
23.3,1625449482.0,64.0
24.02,1625449482.0,64.0
24.2,1625449482.0,64.0
23.89,1625449482.0,64.0
23.14,1625449482.0,64.0
22.01,1625449482.0,64.0
20.54,1625449482.0,64.0
18.76,1625449482.0,64.0
16.78,1625449482.0,64.0
14.72,1625449482.0,64.0
12.7,1625449482.0,64.0
10.75,1625449482.0,64.0
8.79,1625449482.0,64.0
6.65,1625449482.0,64.0
4.18,1625449482.0,64.0
1.33,1625449482.0,64.0
-1.78,1625449482.0,64.0
-4.99,1625449482.0,64.0
-8.16,1625449482.0,64.0
-11.28,1625449482.0,64.0
-14.49,1625449482.0,64.0
-17.99,1625449482.0,64.0
-21.91,1625449482.0,64.0
-26.22,1625449482.0,64.0
-30.7,1625449482.0,64.0
-34.94,1625449482.0,64.0
-38.47,1625449482.0,64.0
-40.83,1625449482.0,64.0
-41.67,1625449482.0,64.0
-40.84,1625449482.0,64.0
-38.38,1625449482.0,64.0
-34.5,1625449482.0,64.0
-29.55,1625449482.0,64.0
-23.9,1625449482.0,64.0
-17.91,1625449482.0,64.0
-11.85,1625449482.0,64.0
-5.94,1625449482.0,64.0
-0.35,1625449482.0,64.0
4.75,1625449482.0,64.0
9.19,1625449482.0,64.0
12.82,1625449482.0,64.0
15.6,1625449482.0,64.0
17.64,1625449482.0,64.0
19.17,1625449482.0,64.0
20.48,1625449482.0,64.0
21.8,1625449482.0,64.0
23.22,1625449482.0,64.0
24.63,1625449482.0,64.0
25.81,1625449482.0,64.0
26.51,1625449482.0,64.0
26.53,1625449482.0,64.0
25.83,1625449482.0,64.0
24.49,1625449482.0,64.0
22.71,1625449482.0,64.0
20.69,1625449482.0,64.0
18.58,1625449482.0,64.0
16.46,1625449482.0,64.0
14.32,1625449482.0,64.0
12.1,1625449482.0,64.0
9.74,1625449482.0,64.0
7.19,1625449482.0,64.0
4.47,1625449482.0,64.0
1.62,1625449482.0,64.0
-1.29,1625449482.0,64.0
-4.24,1625449482.0,64.0
-7.25,1625449482.0,64.0
-10.37,1625449482.0,64.0
-13.65,1625449482.0,64.0
-17.11,1625449482.0,64.0
-20.76,1625449482.0,64.0
-24.59,1625449482.0,64.0
-28.59,1625449482.0,64.0
-32.77,1625449482.0,64.0
-37.05,1625449482.0,64.0
-41.2,1625449482.0,64.0
-44.84,1625449482.0,64.0
-47.48,1625449482.0,64.0
-48.65,1625449482.0,64.0
-48.02,1625449482.0,64.0
-45.57,1625449482.0,64.0
-41.5,1625449482.0,64.0
-36.2,1625449482.0,64.0
-30.08,1625449482.0,64.0
-23.48,1625449482.0,64.0
-16.58,1625449482.0,64.0
-9.49,1625449482.0,64.0
-2.32,1625449482.0,64.0
4.67,1625449482.0,64.0
11.13,1625449482.0,64.0
16.69,1625449482.0,64.0
21.08,1625449482.0,64.0
24.27,1625449482.0,64.0
26.45,1625449482.0,64.0
27.95,1625449482.0,64.0
29.11,1625449482.0,64.0
30.15,1625449482.0,64.0
31.11,1625449482.0,64.0
31.92,1625449482.0,64.0
32.46,1625449482.0,64.0
32.64,1625449482.0,64.0
32.44,1625449482.0,64.0
31.88,1625449482.0,64.0
30.98,1625449482.0,64.0
29.73,1625449482.0,64.0
28.1,1625449482.0,64.0
26.07,1625449482.0,64.0
23.62,1625449482.0,64.0
20.84,1625449482.0,64.0
17.84,1625449482.0,64.0
14.79,1625449482.0,64.0
11.82,1625449482.0,64.0
8.98,1625449482.0,64.0
6.24,1625449482.0,64.0
3.45,1625449482.0,64.0
0.47,1625449482.0,64.0
-2.8,1625449482.0,64.0
-6.34,1625449482.0,64.0
-10.0,1625449482.0,64.0
-13.62,1625449482.0,64.0
-17.11,1625449482.0,64.0
-20.54,1625449482.0,64.0
-24.12,1625449482.0,64.0
-28.14,1625449482.0,64.0
-32.69,1625449482.0,64.0
-37.62,1625449482.0,64.0
-42.4,1625449482.0,64.0
-46.3,1625449482.0,64.0
-48.62,1625449482.0,64.0
-48.93,1625449482.0,64.0
-47.15,1625449482.0,64.0
-43.57,1625449482.0,64.0
-38.67,1625449482.0,64.0
-32.87,1625449482.0,64.0
-26.47,1625449482.0,64.0
-19.57,1625449482.0,64.0
-12.26,1625449482.0,64.0
-4.66,1625449482.0,64.0
2.92,1625449482.0,64.0
10.04,1625449482.0,64.0
16.27,1625449482.0,64.0
21.28,1625449482.0,64.0
25.02,1625449482.0,64.0
27.66,1625449482.0,64.0
29.54,1625449482.0,64.0
31.03,1625449482.0,64.0
32.38,1625449482.0,64.0
33.65,1625449482.0,64.0
34.79,1625449482.0,64.0
35.64,1625449482.0,64.0
36.1,1625449482.0,64.0
36.18,1625449482.0,64.0
35.94,1625449482.0,64.0
35.46,1625449482.0,64.0
34.7,1625449482.0,64.0
33.55,1625449482.0,64.0
31.87,1625449482.0,64.0
29.62,1625449482.0,64.0
26.92,1625449482.0,64.0
24.05,1625449482.0,64.0
21.27,1625449482.0,64.0
18.72,1625449482.0,64.0
16.33,1625449482.0,64.0
13.86,1625449482.0,64.0
11.07,1625449482.0,64.0
7.86,1625449482.0,64.0
4.32,1625449482.0,64.0
0.66,1625449482.0,64.0
-2.88,1625449482.0,64.0
-6.22,1625449482.0,64.0
-9.38,1625449482.0,64.0
-12.5,1625449482.0,64.0
-15.76,1625449482.0,64.0
-19.29,1625449482.0,64.0
-23.21,1625449482.0,64.0
-27.51,1625449482.0,64.0
-32.08,1625449482.0,64.0
-36.67,1625449482.0,64.0
-40.86,1625449482.0,64.0
-44.15,1625449482.0,64.0
-46.05,1625449482.0,64.0
-46.22,1625449482.0,64.0
-44.54,1625449482.0,64.0
-41.1,1625449482.0,64.0
-36.18,1625449482.0,64.0
-30.11,1625449482.0,64.0
-23.25,1625449482.0,64.0
-15.94,1625449482.0,64.0
-8.52,1625449482.0,64.0
-1.32,1625449482.0,64.0
5.35,1625449482.0,64.0
11.25,1625449482.0,64.0
16.27,1625449482.0,64.0
20.36,1625449482.0,64.0
23.62,1625449482.0,64.0
26.16,1625449482.0,64.0
28.13,1625449482.0,64.0
29.67,1625449482.0,64.0
30.94,1625449482.0,64.0
32.03,1625449482.0,64.0
32.99,1625449482.0,64.0
33.79,1625449482.0,64.0
34.32,1625449482.0,64.0
34.43,1625449482.0,64.0
33.98,1625449482.0,64.0
32.95,1625449482.0,64.0
31.4,1625449482.0,64.0
29.48,1625449482.0,64.0
27.33,1625449482.0,64.0
25.06,1625449482.0,64.0
22.69,1625449482.0,64.0
20.2,1625449482.0,64.0
17.6,1625449482.0,64.0
14.92,1625449482.0,64.0
12.21,1625449482.0,64.0
9.49,1625449482.0,64.0
6.72,1625449482.0,64.0
3.77,1625449482.0,64.0
0.53,1625449482.0,64.0
-3.02,1625449482.0,64.0
-6.8,1625449482.0,64.0
-10.6,1625449482.0,64.0
-14.24,1625449482.0,64.0
-17.59,1625449482.0,64.0
-20.69,1625449482.0,64.0
-23.71,1625449482.0,64.0
-26.89,1625449482.0,64.0
-30.45,1625449482.0,64.0
-34.41,1625449482.0,64.0
-38.57,1625449482.0,64.0
-42.45,1625449482.0,64.0
-45.44,1625449482.0,64.0
-46.95,1625449482.0,64.0
-46.57,1625449482.0,64.0
-44.22,1625449482.0,64.0
-40.08,1625449482.0,64.0
-34.58,1625449482.0,64.0
-28.14,1625449482.0,64.0
-21.13,1625449482.0,64.0
-13.76,1625449482.0,64.0
-6.24,1625449482.0,64.0
1.2,1625449482.0,64.0
8.23,1625449482.0,64.0
14.45,1625449482.0,64.0
19.5,1625449482.0,64.0
23.24,1625449482.0,64.0
25.76,1625449482.0,64.0
27.4,1625449482.0,64.0
28.6,1625449482.0,64.0
29.67,1625449482.0,64.0
30.74,1625449482.0,64.0
31.71,1625449482.0,64.0
32.38,1625449482.0,64.0
32.61,1625449482.0,64.0
32.37,1625449482.0,64.0
31.81,1625449482.0,64.0
31.06,1625449482.0,64.0
30.21,1625449482.0,64.0
29.19,1625449482.0,64.0
27.81,1625449482.0,64.0
25.94,1625449482.0,64.0
23.57,1625449482.0,64.0
20.84,1625449482.0,64.0
18.02,1625449482.0,64.0
15.36,1625449482.0,64.0
12.97,1625449482.0,64.0
10.81,1625449482.0,64.0
8.73,1625449482.0,64.0
6.53,1625449482.0,64.0
4.08,1625449482.0,64.0
1.38,1625449482.0,64.0
-1.51,1625449482.0,64.0
-4.48,1625449482.0,64.0
-7.48,1625449482.0,64.0
-10.52,1625449482.0,64.0
-13.68,1625449482.0,64.0
-17.09,1625449482.0,64.0
-20.84,1625449482.0,64.0
-24.92,1625449482.0,64.0
-29.18,1625449482.0,64.0
-33.31,1625449482.0,64.0
-36.84,1625449482.0,64.0
-39.25,1625449482.0,64.0
-40.16,1625449482.0,64.0
-39.35,1625449482.0,64.0
-36.86,1625449482.0,64.0
-32.95,1625449482.0,64.0
-27.97,1625449482.0,64.0
-22.28,1625449482.0,64.0
-16.15,1625449482.0,64.0
-9.83,1625449482.0,64.0
-3.56,1625449482.0,64.0
2.31,1625449482.0,64.0
7.44,1625449482.0,64.0
11.57,1625449482.0,64.0
14.63,1625449482.0,64.0
16.79,1625449482.0,64.0
18.37,1625449482.0,64.0
19.75,1625449482.0,64.0
21.16,1625449482.0,64.0
22.68,1625449482.0,64.0
24.16,1625449482.0,64.0
25.39,1625449482.0,64.0
26.2,1625449482.0,64.0
26.5,1625449482.0,64.0
26.34,1625449482.0,64.0
25.84,1625449482.0,64.0
25.1,1625449482.0,64.0
24.18,1625449482.0,64.0
23.09,1625449482.0,64.0
21.81,1625449482.0,64.0
20.27,1625449482.0,64.0
18.48,1625449482.0,64.0
16.43,1625449482.0,64.0
14.15,1625449482.0,64.0
11.68,1625449482.0,64.0
9.07,1625449482.0,64.0
6.41,1625449482.0,64.0
3.77,1625449482.0,64.0
1.19,1625449482.0,64.0
-1.33,1625449482.0,64.0
-3.86,1625449482.0,64.0
-6.51,1625449482.0,64.0
-9.42,1625449482.0,64.0
-12.72,1625449482.0,64.0
-16.43,1625449482.0,64.0
-20.54,1625449482.0,64.0
-24.93,1625449482.0,64.0
-29.37,1625449482.0,64.0
-33.55,1625449482.0,64.0
-37.09,1625449482.0,64.0
-39.56,1625449482.0,64.0
-40.59,1625449482.0,64.0
-39.96,1625449482.0,64.0
-37.66,1625449482.0,64.0
-33.9,1625449482.0,64.0
-29.03,1625449482.0,64.0
-23.46,1625449482.0,64.0
-17.56,1625449482.0,64.0
-11.54,1625449482.0,64.0
-5.62,1625449482.0,64.0
0.03,1625449482.0,64.0
5.2,1625449482.0,64.0
9.59,1625449482.0,64.0
12.99,1625449482.0,64.0
15.3,1625449482.0,64.0
16.66,1625449482.0,64.0
17.37,1625449482.0,64.0
17.85,1625449482.0,64.0
18.42,1625449482.0,64.0
19.22,1625449482.0,64.0
20.12,1625449482.0,64.0
20.86,1625449482.0,64.0
21.18,1625449482.0,64.0
20.96,1625449482.0,64.0
20.29,1625449482.0,64.0
19.38,1625449482.0,64.0
18.46,1625449482.0,64.0
17.6,1625449482.0,64.0
16.72,1625449482.0,64.0
15.6,1625449482.0,64.0
14.04,1625449482.0,64.0
11.99,1625449482.0,64.0
9.54,1625449482.0,64.0
6.86,1625449482.0,64.0
4.12,1625449482.0,64.0
1.43,1625449482.0,64.0
-1.21,1625449482.0,64.0
-3.88,1625449482.0,64.0
-6.67,1625449482.0,64.0
-9.67,1625449482.0,64.0
-12.98,1625449482.0,64.0
-16.67,1625449482.0,64.0
-20.8,1625449482.0,64.0
-25.3,1625449482.0,64.0
-29.99,1625449482.0,64.0
-34.56,1625449482.0,64.0
-38.59,1625449482.0,64.0
-41.66,1625449482.0,64.0
-43.38,1625449482.0,64.0
-43.52,1625449482.0,64.0
-41.99,1625449482.0,64.0
-38.92,1625449482.0,64.0
-34.59,1625449482.0,64.0
-29.37,1625449482.0,64.0
-23.64,1625449482.0,64.0
-17.65,1625449482.0,64.0
-11.56,1625449482.0,64.0
-5.44,1625449482.0,64.0
0.62,1625449482.0,64.0
6.4,1625449482.0,64.0
11.55,1625449482.0,64.0
15.74,1625449482.0,64.0
18.76,1625449482.0,64.0
20.66,1625449482.0,64.0
21.75,1625449482.0,64.0
22.48,1625449482.0,64.0
23.26,1625449482.0,64.0
24.27,1625449482.0,64.0
25.45,1625449482.0,64.0
26.51,1625449482.0,64.0
27.16,1625449482.0,64.0
27.19,1625449482.0,64.0
26.58,1625449482.0,64.0
25.46,1625449482.0,64.0
24.07,1625449482.0,64.0
22.56,1625449482.0,64.0
21.02,1625449482.0,64.0
19.34,1625449482.0,64.0
17.37,1625449482.0,64.0
14.92,1625449482.0,64.0
11.94,1625449482.0,64.0
8.53,1625449482.0,64.0
4.97,1625449482.0,64.0
1.55,1625449482.0,64.0
-1.5,1625449482.0,64.0
-4.18,1625449482.0,64.0
-6.64,1625449482.0,64.0
-9.15,1625449482.0,64.0
-12.01,1625449482.0,64.0
-15.39,1625449482.0,64.0
-19.34,1625449482.0,64.0
-23.79,1625449482.0,64.0
-28.53,1625449482.0,64.0
-33.26,1625449482.0,64.0
-37.59,1625449482.0,64.0
-41.07,1625449482.0,64.0
-43.25,1625449482.0,64.0
-43.83,1625449482.0,64.0
-42.7,1625449482.0,64.0
-39.97,1625449482.0,64.0
-35.93,1625449482.0,64.0
-30.9,1625449482.0,64.0
-25.16,1625449482.0,64.0
-18.88,1625449482.0,64.0
-12.17,1625449482.0,64.0
-5.17,1625449482.0,64.0
1.85,1625449482.0,64.0
8.49,1625449482.0,64.0
14.28,1625449482.0,64.0
18.93,1625449482.0,64.0
22.34,1625449482.0,64.0
24.67,1625449482.0,64.0
26.29,1625449482.0,64.0
27.54,1625449482.0,64.0
28.68,1625449482.0,64.0
29.76,1625449482.0,64.0
30.69,1625449482.0,64.0
31.31,1625449482.0,64.0
31.47,1625449482.0,64.0
31.12,1625449482.0,64.0
30.24,1625449482.0,64.0
28.85,1625449482.0,64.0
27.0,1625449482.0,64.0
24.76,1625449482.0,64.0
22.26,1625449482.0,64.0
19.69,1625449482.0,64.0
17.21,1625449482.0,64.0
14.88,1625449482.0,64.0
12.64,1625449482.0,64.0
10.31,1625449482.0,64.0
7.71,1625449482.0,64.0
4.73,1625449482.0,64.0
1.42,1625449482.0,64.0
-2.06,1625449482.0,64.0
-5.52,1625449482.0,64.0
-8.85,1625449482.0,64.0
-12.05,1625449482.0,64.0
-15.21,1625449482.0,64.0
-18.51,1625449482.0,64.0
-22.11,1625449482.0,64.0
-26.09,1625449482.0,64.0
-30.47,1625449482.0,64.0
-35.09,1625449482.0,64.0
-39.69,1625449482.0,64.0
-43.8,1625449482.0,64.0
-46.88,1625449482.0,64.0
-48.39,1625449482.0,64.0
-47.98,1625449482.0,64.0
-45.54,1625449482.0,64.0
-41.31,1625449482.0,64.0
-35.77,1625449482.0,64.0
-29.45,1625449482.0,64.0
-22.83,1625449482.0,64.0
-16.18,1625449482.0,64.0
-9.61,1625449482.0,64.0
-3.16,1625449482.0,64.0
3.1,1625449482.0,64.0
9.01,1625449482.0,64.0
14.32,1625449482.0,64.0
18.81,1625449482.0,64.0
22.33,1625449482.0,64.0
24.92,1625449482.0,64.0
26.76,1625449482.0,64.0
28.08,1625449482.0,64.0
29.11,1625449482.0,64.0
29.99,1625449482.0,64.0
30.75,1625449482.0,64.0
31.34,1625449482.0,64.0
31.67,1625449482.0,64.0
31.64,1625449482.0,64.0
31.17,1625449482.0,64.0
30.25,1625449482.0,64.0
28.92,1625449482.0,64.0
27.23,1625449482.0,64.0
25.22,1625449482.0,64.0
22.93,1625449482.0,64.0
20.37,1625449482.0,64.0
17.58,1625449482.0,64.0
14.62,1625449482.0,64.0
11.57,1625449482.0,64.0
8.55,1625449482.0,64.0
5.65,1625449482.0,64.0
2.9,1625449482.0,64.0
0.27,1625449482.0,64.0
-2.32,1625449482.0,64.0
-5.0,1625449482.0,64.0
-7.93,1625449482.0,64.0
-11.2,1625449482.0,64.0
-14.85,1625449482.0,64.0
-18.89,1625449482.0,64.0
-23.28,1625449482.0,64.0
-27.94,1625449482.0,64.0
-32.71,1625449482.0,64.0
-37.34,1625449482.0,64.0
-41.43,1625449482.0,64.0
-44.48,1625449482.0,64.0
-46.0,1625449482.0,64.0
-45.65,1625449482.0,64.0
-43.36,1625449482.0,64.0
-39.35,1625449482.0,64.0
-34.09,1625449482.0,64.0
-28.04,1625449482.0,64.0
-21.59,1625449482.0,64.0
-14.96,1625449482.0,64.0
-8.26,1625449482.0,64.0
-1.63,1625449482.0,64.0
4.67,1625449482.0,64.0
10.25,1625449482.0,64.0
14.79,1625449482.0,64.0
18.13,1625449482.0,64.0
20.41,1625449482.0,64.0
22.02,1625449482.0,64.0
23.43,1625449482.0,64.0
24.96,1625449482.0,64.0
26.7,1625449482.0,64.0
28.46,1625449482.0,64.0
29.9,1625449482.0,64.0
30.73,1625449482.0,64.0
30.84,1625449482.0,64.0
30.32,1625449482.0,64.0
29.36,1625449482.0,64.0
28.17,1625449482.0,64.0
26.83,1625449482.0,64.0
25.29,1625449482.0,64.0
23.48,1625449482.0,64.0
21.33,1625449482.0,64.0
18.91,1625449482.0,64.0
16.33,1625449482.0,64.0
13.73,1625449482.0,64.0
11.13,1625449482.0,64.0
8.54,1625449482.0,64.0
5.88,1625449482.0,64.0
3.12,1625449482.0,64.0
0.28,1625449482.0,64.0
-2.59,1625449482.0,64.0
-5.48,1625449482.0,64.0
-8.39,1625449482.0,64.0
-11.4,1625449482.0,64.0
-14.63,1625449482.0,64.0
-18.16,1625449482.0,64.0
-22.02,1625449482.0,64.0
-26.15,1625449482.0,64.0
-30.37,1625449482.0,64.0
-34.31,1625449482.0,64.0
-37.51,1625449482.0,64.0
-39.45,1625449482.0,64.0
-39.75,1625449482.0,64.0
-38.26,1625449482.0,64.0
-35.07,1625449482.0,64.0
-30.48,1625449482.0,64.0
-24.89,1625449482.0,64.0
-18.66,1625449482.0,64.0
-12.11,1625449482.0,64.0
-5.52,1625449482.0,64.0
0.8,1625449482.0,64.0
6.54,1625449482.0,64.0
11.39,1625449482.0,64.0
15.14,1625449482.0,64.0
17.75,1625449482.0,64.0
19.32,1625449482.0,64.0
20.15,1625449482.0,64.0
20.63,1625449482.0,64.0
21.11,1625449482.0,64.0
21.81,1625449482.0,64.0
22.78,1625449482.0,64.0
23.8,1625449482.0,64.0
24.56,1625449482.0,64.0
24.74,1625449482.0,64.0
24.18,1625449482.0,64.0
22.91,1625449482.0,64.0
21.12,1625449482.0,64.0
19.05,1625449482.0,64.0
16.86,1625449482.0,64.0
14.6,1625449482.0,64.0
12.25,1625449482.0,64.0
9.76,1625449482.0,64.0
7.16,1625449482.0,64.0
4.55,1625449482.0,64.0
2.06,1625449482.0,64.0
-0.24,1625449482.0,64.0
-2.36,1625449482.0,64.0
-4.44,1625449482.0,64.0
-6.61,1625449482.0,64.0
-9.01,1625449482.0,64.0
-11.66,1625449482.0,64.0
-14.51,1625449482.0,64.0
-17.48,1625449482.0,64.0
-20.51,1625449482.0,64.0
-23.6,1625449482.0,64.0
-26.71,1625449482.0,64.0
-29.71,1625449482.0,64.0
-32.3,1625449482.0,64.0
-34.07,1625449482.0,64.0
-34.56,1625449482.0,64.0
-33.5,1625449482.0,64.0
-30.84,1625449482.0,64.0
-26.78,1625449482.0,64.0
-21.69,1625449482.0,64.0
-16.0,1625449482.0,64.0
-10.02,1625449482.0,64.0
-4.0,1625449482.0,64.0
1.88,1625449482.0,64.0
7.42,1625449482.0,64.0
12.37,1625449482.0,64.0
16.47,1625449482.0,64.0
19.55,1625449482.0,64.0
21.57,1625449482.0,64.0
22.74,1625449482.0,64.0
23.4,1625449482.0,64.0
23.95,1625449482.0,64.0
24.68,1625449482.0,64.0
25.67,1625449482.0,64.0
26.79,1625449482.0,64.0
27.73,1625449482.0,64.0
28.22,1625449482.0,64.0
28.04,1625449482.0,64.0
27.18,1625449482.0,64.0
25.73,1625449482.0,64.0
23.85,1625449482.0,64.0
21.67,1625449482.0,64.0
19.28,1625449482.0,64.0
16.69,1625449482.0,64.0
13.91,1625449482.0,64.0
11.01,1625449482.0,64.0
8.11,1625449482.0,64.0
5.33,1625449482.0,64.0
2.79,1625449482.0,64.0
0.46,1625449482.0,64.0
-1.78,1625449482.0,64.0
-4.17,1625449482.0,64.0
-6.95,1625449482.0,64.0
-10.38,1625449482.0,64.0
-14.57,1625449482.0,64.0
-19.52,1625449482.0,64.0
-25.04,1625449482.0,64.0
-30.78,1625449482.0,64.0
-36.19,1625449482.0,64.0
-40.69,1625449482.0,64.0
-43.73,1625449482.0,64.0
-44.96,1625449482.0,64.0
-44.31,1625449482.0,64.0
-41.94,1625449482.0,64.0
-38.19,1625449482.0,64.0
-33.43,1625449482.0,64.0
-27.97,1625449482.0,64.0
-21.96,1625449482.0,64.0
-15.49,1625449482.0,64.0
-8.6,1625449482.0,64.0
-1.41,1625449482.0,64.0
5.86,1625449482.0,64.0
12.89,1625449482.0,64.0
19.3,1625449482.0,64.0
24.74,1625449482.0,64.0
28.99,1625449482.0,64.0
32.01,1625449482.0,64.0
33.95,1625449482.0,64.0
35.1,1625449482.0,64.0
35.74,1625449482.0,64.0
36.06,1625449482.0,64.0
36.14,1625449482.0,64.0
35.9,1625449482.0,64.0
35.22,1625449482.0,64.0
34.07,1625449482.0,64.0
32.5,1625449482.0,64.0
30.62,1625449482.0,64.0
28.51,1625449482.0,64.0
26.17,1625449482.0,64.0
23.49,1625449482.0,64.0
20.36,1625449482.0,64.0
16.76,1625449482.0,64.0
12.83,1625449482.0,64.0
8.86,1625449482.0,64.0
5.13,1625449482.0,64.0
1.8,1625449482.0,64.0
-1.19,1625449482.0,64.0
-4.09,1625449482.0,64.0
-7.17,1625449482.0,64.0
-10.63,1625449482.0,64.0
-14.5,1625449482.0,64.0
-18.67,1625449482.0,64.0
-23.05,1625449482.0,64.0
-27.55,1625449482.0,64.0
-32.16,1625449482.0,64.0
-36.83,1625449482.0,64.0
-41.35,1625449482.0,64.0
-45.29,1625449482.0,64.0
-48.11,1625449482.0,64.0
-49.23,1625449482.0,64.0
-48.32,1625449482.0,64.0
-45.33,1625449482.0,64.0
-40.54,1625449482.0,64.0
-34.44,1625449482.0,64.0
-27.49,1625449482.0,64.0
-20.11,1625449482.0,64.0
-12.54,1625449482.0,64.0
-4.95,1625449482.0,64.0
2.47,1625449482.0,64.0
9.42,1625449482.0,64.0
15.58,1625449482.0,64.0
20.68,1625449482.0,64.0
24.62,1625449482.0,64.0
27.57,1625449482.0,64.0
29.83,1625449482.0,64.0
31.79,1625449482.0,64.0
33.65,1625449482.0,64.0
35.41,1625449482.0,64.0
36.87,1625449482.0,64.0
37.78,1625449482.0,64.0
37.95,1625449482.0,64.0
37.36,1625449482.0,64.0
36.13,1625449482.0,64.0
34.44,1625449482.0,64.0
32.47,1625449482.0,64.0
30.33,1625449482.0,64.0
28.04,1625449482.0,64.0
25.55,1625449482.0,64.0
22.79,1625449482.0,64.0
19.73,1625449482.0,64.0
16.37,1625449482.0,64.0
12.83,1625449482.0,64.0
9.25,1625449482.0,64.0
5.73,1625449482.0,64.0
2.28,1625449482.0,64.0
-1.17,1625449482.0,64.0
-4.74,1625449482.0,64.0
-8.49,1625449482.0,64.0
-12.4,1625449482.0,64.0
-16.42,1625449482.0,64.0
-20.5,1625449482.0,64.0
-24.72,1625449482.0,64.0
-29.19,1625449482.0,64.0
-33.94,1625449482.0,64.0
-38.78,1625449482.0,64.0
-43.27,1625449482.0,64.0
-46.78,1625449482.0,64.0
-48.68,1625449482.0,64.0
-48.58,1625449482.0,64.0
-46.43,1625449482.0,64.0
-42.5,1625449482.0,64.0
-37.24,1625449482.0,64.0
-31.15,1625449482.0,64.0
-24.56,1625449482.0,64.0
-17.67,1625449482.0,64.0
-10.62,1625449482.0,64.0
-3.52,1625449482.0,64.0
3.37,1625449482.0,64.0
9.69,1625449482.0,64.0
15.09,1625449482.0,64.0
19.33,1625449482.0,64.0
22.43,1625449482.0,64.0
24.68,1625449482.0,64.0
26.45,1625449482.0,64.0
28.08,1625449482.0,64.0
29.69,1625449482.0,64.0
31.12,1625449482.0,64.0
32.16,1625449482.0,64.0
32.6,1625449482.0,64.0
32.43,1625449482.0,64.0
31.8,1625449482.0,64.0
30.88,1625449482.0,64.0
29.77,1625449482.0,64.0
28.43,1625449482.0,64.0
26.73,1625449482.0,64.0
24.56,1625449482.0,64.0
21.96,1625449482.0,64.0
19.12,1625449482.0,64.0
16.26,1625449482.0,64.0
13.55,1625449482.0,64.0
11.04,1625449482.0,64.0
8.62,1625449482.0,64.0
6.14,1625449482.0,64.0
3.49,1625449482.0,64.0
0.65,1625449482.0,64.0
-2.3,1625449482.0,64.0
-5.23,1625449482.0,64.0
-8.13,1625449482.0,64.0
-11.05,1625449482.0,64.0
-14.13,1625449482.0,64.0
-17.47,1625449482.0,64.0
-21.13,1625449482.0,64.0
-25.04,1625449482.0,64.0
-29.09,1625449482.0,64.0
-33.17,1625449482.0,64.0
-37.17,1625449482.0,64.0
-40.89,1625449482.0,64.0
-44.02,1625449482.0,64.0
-46.12,1625449482.0,64.0
-46.75,1625449482.0,64.0
-45.62,1625449482.0,64.0
-42.72,1625449482.0,64.0
-38.36,1625449482.0,64.0
-33.0,1625449482.0,64.0
-27.07,1625449482.0,64.0
-20.84,1625449482.0,64.0
-14.42,1625449482.0,64.0
-7.82,1625449482.0,64.0
-1.16,1625449482.0,64.0
5.3,1625449482.0,64.0
11.2,1625449482.0,64.0
16.18,1625449482.0,64.0
20.0,1625449482.0,64.0
22.68,1625449482.0,64.0
24.49,1625449482.0,64.0
25.8,1625449482.0,64.0
26.95,1625449482.0,64.0
28.16,1625449482.0,64.0
29.41,1625449482.0,64.0
30.52,1625449482.0,64.0
31.23,1625449482.0,64.0
31.37,1625449482.0,64.0
30.92,1625449482.0,64.0
30.0,1625449482.0,64.0
28.78,1625449482.0,64.0
27.42,1625449482.0,64.0
25.94,1625449482.0,64.0
24.29,1625449482.0,64.0
22.41,1625449482.0,64.0
20.25,1625449482.0,64.0
17.86,1625449482.0,64.0
15.35,1625449482.0,64.0
12.79,1625449482.0,64.0
10.23,1625449482.0,64.0
7.66,1625449482.0,64.0
5.02,1625449482.0,64.0
2.31,1625449482.0,64.0
-0.45,1625449482.0,64.0
-3.19,1625449482.0,64.0
-5.89,1625449482.0,64.0
-8.56,1625449482.0,64.0
-11.29,1625449482.0,64.0
-14.18,1625449482.0,64.0
-17.32,1625449482.0,64.0
-20.76,1625449482.0,64.0
-24.51,1625449482.0,64.0
-28.5,1625449482.0,64.0
-32.56,1625449482.0,64.0
-36.37,1625449482.0,64.0
-39.55,1625449482.0,64.0
-41.65,1625449482.0,64.0
-42.29,1625449482.0,64.0
-41.27,1625449482.0,64.0
-38.63,1625449482.0,64.0
-34.62,1625449482.0,64.0
-29.57,1625449482.0,64.0
-23.82,1625449482.0,64.0
-17.64,1625449482.0,64.0
-11.27,1625449482.0,64.0
-4.96,1625449482.0,64.0
1.02,1625449482.0,64.0
6.41,1625449482.0,64.0
10.99,1625449482.0,64.0
14.68,1625449482.0,64.0
17.54,1625449482.0,64.0
19.75,1625449482.0,64.0
21.51,1625449482.0,64.0
23.02,1625449482.0,64.0
24.37,1625449482.0,64.0
25.6,1625449482.0,64.0
26.63,1625449482.0,64.0
27.38,1625449482.0,64.0
27.79,1625449482.0,64.0
27.79,1625449482.0,64.0
27.41,1625449482.0,64.0
26.65,1625449482.0,64.0
25.52,1625449482.0,64.0
24.04,1625449482.0,64.0
22.23,1625449482.0,64.0
20.14,1625449482.0,64.0
17.89,1625449482.0,64.0
15.6,1625449482.0,64.0
13.35,1625449482.0,64.0
11.12,1625449482.0,64.0
8.82,1625449482.0,64.0
6.32,1625449482.0,64.0
3.6,1625449482.0,64.0
0.72,1625449482.0,64.0
-2.21,1625449482.0,64.0
-5.06,1625449482.0,64.0
-7.81,1625449482.0,64.0
-10.56,1625449482.0,64.0
-13.46,1625449482.0,64.0
-16.65,1625449482.0,64.0
-20.2,1625449482.0,64.0
-24.04,1625449482.0,64.0
-28.03,1625449482.0,64.0
-31.86,1625449482.0,64.0
-35.17,1625449482.0,64.0
-37.5,1625449482.0,64.0
-38.4,1625449482.0,64.0
-37.55,1625449482.0,64.0
-34.84,1625449482.0,64.0
-30.5,1625449482.0,64.0
-24.96,1625449482.0,64.0
-18.8,1625449482.0,64.0
-12.56,1625449482.0,64.0
-6.59,1625449482.0,64.0
-1.12,1625449482.0,64.0
3.73,1625449482.0,64.0
7.9,1625449482.0,64.0
11.28,1625449482.0,64.0
13.78,1625449482.0,64.0
15.43,1625449482.0,64.0
16.43,1625449482.0,64.0
17.15,1625449482.0,64.0
18.0,1625449482.0,64.0
19.27,1625449482.0,64.0
20.92,1625449482.0,64.0
22.64,1625449482.0,64.0
23.94,1625449482.0,64.0
24.41,1625449482.0,64.0
23.91,1625449482.0,64.0
22.65,1625449482.0,64.0
21.02,1625449482.0,64.0
19.42,1625449482.0,64.0
17.98,1625449482.0,64.0
16.58,1625449482.0,64.0
14.97,1625449482.0,64.0
12.91,1625449482.0,64.0
10.35,1625449482.0,64.0
7.43,1625449482.0,64.0
4.34,1625449482.0,64.0
1.21,1625449482.0,64.0
-1.91,1625449482.0,64.0
-5.05,1625449482.0,64.0
-8.2,1625449482.0,64.0
-11.31,1625449482.0,64.0
-14.3,1625449482.0,64.0
-17.15,1625449482.0,64.0
-19.99,1625449482.0,64.0
-23.05,1625449482.0,64.0
-26.55,1625449482.0,64.0
-30.55,1625449482.0,64.0
-34.87,1625449482.0,64.0
-39.04,1625449482.0,64.0
-42.42,1625449482.0,64.0
-44.37,1625449482.0,64.0
-44.47,1625449482.0,64.0
-42.59,1625449482.0,64.0
-38.91,1625449482.0,64.0
-33.85,1625449482.0,64.0
-27.91,1625449482.0,64.0
-21.5,1625449482.0,64.0
-14.89,1625449482.0,64.0
-8.22,1625449482.0,64.0
-1.65,1625449482.0,64.0
4.58,1625449482.0,64.0
10.14,1625449482.0,64.0
14.68,1625449482.0,64.0
18.03,1625449482.0,64.0
20.22,1625449482.0,64.0
21.54,1625449482.0,64.0
22.42,1625449482.0,64.0
23.25,1625449482.0,64.0
24.28,1625449482.0,64.0
25.54,1625449482.0,64.0
26.9,1625449482.0,64.0
28.12,1625449482.0,64.0
28.94,1625449482.0,64.0
29.16,1625449482.0,64.0
28.64,1625449482.0,64.0
27.38,1625449482.0,64.0
25.49,1625449482.0,64.0
23.17,1625449482.0,64.0
20.64,1625449482.0,64.0
18.1,1625449482.0,64.0
15.64,1625449482.0,64.0
13.25,1625449482.0,64.0
10.85,1625449482.0,64.0
8.35,1625449482.0,64.0
5.69,1625449482.0,64.0
2.85,1625449482.0,64.0
-0.14,1625449482.0,64.0
-3.22,1625449482.0,64.0
-6.29,1625449482.0,64.0
-9.3,1625449482.0,64.0
-12.21,1625449482.0,64.0
-15.07,1625449482.0,64.0
-17.99,1625449482.0,64.0
-21.15,1625449482.0,64.0
-24.67,1625449482.0,64.0
-28.59,1625449482.0,64.0
-32.76,1625449482.0,64.0
-36.84,1625449482.0,64.0
-40.34,1625449482.0,64.0
-42.75,1625449482.0,64.0
-43.65,1625449482.0,64.0
-42.82,1625449482.0,64.0
-40.27,1625449482.0,64.0
-36.27,1625449482.0,64.0
-31.18,1625449482.0,64.0
-25.44,1625449482.0,64.0
-19.33,1625449482.0,64.0
-13.07,1625449482.0,64.0
-6.78,1625449482.0,64.0
-0.56,1625449482.0,64.0
5.39,1625449482.0,64.0
10.84,1625449482.0,64.0
15.57,1625449482.0,64.0
19.43,1625449482.0,64.0
22.37,1625449482.0,64.0
24.48,1625449482.0,64.0
25.93,1625449482.0,64.0
26.91,1625449482.0,64.0
27.61,1625449482.0,64.0
28.18,1625449482.0,64.0
28.7,1625449482.0,64.0
29.15,1625449482.0,64.0
29.46,1625449482.0,64.0
29.51,1625449482.0,64.0
29.18,1625449482.0,64.0
28.37,1625449482.0,64.0
27.05,1625449482.0,64.0
25.28,1625449482.0,64.0
23.13,1625449482.0,64.0
20.75,1625449482.0,64.0
18.29,1625449482.0,64.0
15.84,1625449482.0,64.0
13.45,1625449482.0,64.0
11.09,1625449482.0,64.0
8.67,1625449482.0,64.0
6.06,1625449482.0,64.0
3.23,1625449482.0,64.0
0.2,1625449482.0,64.0
-2.93,1625449482.0,64.0
-6.05,1625449482.0,64.0
-9.11,1625449482.0,64.0
-12.12,1625449482.0,64.0
-15.16,1625449482.0,64.0
-18.36,1625449482.0,64.0
-21.88,1625449482.0,64.0
-25.82,1625449482.0,64.0
-30.2,1625449482.0,64.0
-34.82,1625449482.0,64.0
-39.31,1625449482.0,64.0
-43.1,1625449482.0,64.0
-45.58,1625449482.0,64.0
-46.25,1625449482.0,64.0
-44.87,1625449482.0,64.0
-41.57,1625449482.0,64.0
-36.68,1625449482.0,64.0
-30.76,1625449482.0,64.0
-24.28,1625449482.0,64.0
-17.65,1625449482.0,64.0
-11.11,1625449482.0,64.0
-4.82,1625449482.0,64.0
1.11,1625449482.0,64.0
6.53,1625449482.0,64.0
11.27,1625449482.0,64.0
15.23,1625449482.0,64.0
18.39,1625449482.0,64.0
20.85,1625449482.0,64.0
22.82,1625449482.0,64.0
24.53,1625449482.0,64.0
26.12,1625449482.0,64.0
27.58,1625449482.0,64.0
28.8,1625449482.0,64.0
29.59,1625449482.0,64.0
29.86,1625449482.0,64.0
29.61,1625449482.0,64.0
28.99,1625449482.0,64.0
28.2,1625449482.0,64.0
27.34,1625449482.0,64.0
26.4,1625449482.0,64.0
25.26,1625449482.0,64.0
23.79,1625449482.0,64.0
21.94,1625449482.0,64.0
19.78,1625449482.0,64.0
17.51,1625449482.0,64.0
15.25,1625449482.0,64.0
13.08,1625449482.0,64.0
10.93,1625449482.0,64.0
8.64,1625449482.0,64.0
6.08,1625449482.0,64.0
3.2,1625449482.0,64.0
0.05,1625449482.0,64.0
-3.2,1625449482.0,64.0
-6.44,1625449482.0,64.0
-9.58,1625449482.0,64.0
-12.65,1625449482.0,64.0
-15.76,1625449482.0,64.0
-19.08,1625449482.0,64.0
-22.74,1625449482.0,64.0
-26.84,1625449482.0,64.0
-31.31,1625449482.0,64.0
-35.96,1625449482.0,64.0
-40.39,1625449482.0,64.0
-44.07,1625449482.0,64.0
-46.42,1625449482.0,64.0
-46.96,1625449482.0,64.0
-45.44,1625449482.0,64.0
-41.95,1625449482.0,64.0
-36.93,1625449482.0,64.0
-30.95,1625449482.0,64.0
-24.55,1625449482.0,64.0
-18.11,1625449482.0,64.0
-11.77,1625449482.0,64.0
-5.58,1625449482.0,64.0
0.33,1625449482.0,64.0
5.74,1625449482.0,64.0
10.37,1625449482.0,64.0
14.0,1625449482.0,64.0
16.66,1625449482.0,64.0
18.62,1625449482.0,64.0
20.26,1625449482.0,64.0
21.88,1625449482.0,64.0
23.57,1625449482.0,64.0
25.19,1625449482.0,64.0
26.51,1625449482.0,64.0
27.34,1625449482.0,64.0
27.65,1625449482.0,64.0
27.57,1625449482.0,64.0
27.26,1625449482.0,64.0
26.81,1625449482.0,64.0
26.24,1625449482.0,64.0
25.5,1625449482.0,64.0
24.56,1625449482.0,64.0
23.39,1625449482.0,64.0
22.02,1625449482.0,64.0
20.45,1625449482.0,64.0
18.69,1625449482.0,64.0
16.74,1625449482.0,64.0
14.61,1625449482.0,64.0
12.34,1625449482.0,64.0
9.97,1625449482.0,64.0
7.53,1625449482.0,64.0
4.95,1625449482.0,64.0
2.2,1625449482.0,64.0
-0.77,1625449482.0,64.0
-3.92,1625449482.0,64.0
-7.19,1625449482.0,64.0
-10.5,1625449482.0,64.0
-13.83,1625449482.0,64.0
-17.22,1625449482.0,64.0
-20.74,1625449482.0,64.0
-24.49,1625449482.0,64.0
-28.47,1625449482.0,64.0
-32.61,1625449482.0,64.0
-36.69,1625449482.0,64.0
-40.34,1625449482.0,64.0
-43.11,1625449482.0,64.0
-44.54,1625449482.0,64.0
-44.29,1625449482.0,64.0
-42.26,1625449482.0,64.0
-38.64,1625449482.0,64.0
-33.82,1625449482.0,64.0
-28.24,1625449482.0,64.0
-22.3,1625449482.0,64.0
-16.24,1625449482.0,64.0
-10.16,1625449482.0,64.0
-4.16,1625449482.0,64.0
1.61,1625449482.0,64.0
6.85,1625449482.0,64.0
11.27,1625449482.0,64.0
14.68,1625449482.0,64.0
17.12,1625449482.0,64.0
18.86,1625449482.0,64.0
20.31,1625449482.0,64.0
21.81,1625449482.0,64.0
23.51,1625449482.0,64.0
25.3,1625449482.0,64.0
26.89,1625449482.0,64.0
27.97,1625449482.0,64.0
28.38,1625449482.0,64.0
28.17,1625449482.0,64.0
27.55,1625449482.0,64.0
26.76,1625449482.0,64.0
25.9,1625449482.0,64.0
24.96,1625449482.0,64.0
23.79,1625449482.0,64.0
22.29,1625449482.0,64.0
20.47,1625449482.0,64.0
18.48,1625449482.0,64.0
16.5,1625449482.0,64.0
14.62,1625449482.0,64.0
12.78,1625449482.0,64.0
10.79,1625449482.0,64.0
8.46,1625449482.0,64.0
5.68,1625449482.0,64.0
2.57,1625449482.0,64.0
-0.62,1625449482.0,64.0
-3.62,1625449482.0,64.0
-6.28,1625449482.0,64.0
-8.63,1625449482.0,64.0
-10.9,1625449482.0,64.0
-13.4,1625449482.0,64.0
-16.4,1625449482.0,64.0
-20.01,1625449482.0,64.0
-24.17,1625449482.0,64.0
-28.57,1625449482.0,64.0
-32.79,1625449482.0,64.0
-36.28,1625449482.0,64.0
-38.57,1625449482.0,64.0
-39.28,1625449482.0,64.0
-38.21,1625449482.0,64.0
-35.41,1625449482.0,64.0
-31.15,1625449482.0,64.0
-25.85,1625449482.0,64.0
-20.0,1625449482.0,64.0
-14.01,1625449482.0,64.0
-8.18,1625449482.0,64.0
-2.69,1625449482.0,64.0
2.34,1625449482.0,64.0
6.79,1625449482.0,64.0
10.54,1625449482.0,64.0
13.51,1625449482.0,64.0
15.7,1625449482.0,64.0
17.27,1625449482.0,64.0
18.48,1625449482.0,64.0
19.62,1625449482.0,64.0
20.9,1625449482.0,64.0
22.32,1625449482.0,64.0
23.74,1625449482.0,64.0
24.87,1625449482.0,64.0
25.45,1625449482.0,64.0
25.32,1625449482.0,64.0
24.48,1625449482.0,64.0
23.09,1625449482.0,64.0
21.39,1625449482.0,64.0
19.59,1625449482.0,64.0
17.76,1625449482.0,64.0
15.91,1625449482.0,64.0
13.97,1625449482.0,64.0
11.9,1625449482.0,64.0
9.72,1625449482.0,64.0
7.48,1625449482.0,64.0
5.26,1625449482.0,64.0
3.05,1625449482.0,64.0
0.8,1625449482.0,64.0
-1.58,1625449482.0,64.0
-4.14,1625449482.0,64.0
-6.88,1625449482.0,64.0
-9.79,1625449482.0,64.0
-12.84,1625449482.0,64.0
-16.07,1625449482.0,64.0
-19.51,1625449482.0,64.0
-23.18,1625449482.0,64.0
-27.02,1625449482.0,64.0
-30.91,1625449482.0,64.0
-34.58,1625449482.0,64.0
-37.73,1625449482.0,64.0
-39.97,1625449482.0,64.0
-40.93,1625449482.0,64.0
-40.32,1625449482.0,64.0
-38.01,1625449482.0,64.0
-34.07,1625449482.0,64.0
-28.8,1625449482.0,64.0
-22.61,1625449482.0,64.0
-15.96,1625449482.0,64.0
-9.26,1625449482.0,64.0
-2.86,1625449482.0,64.0
2.95,1625449482.0,64.0
7.94,1625449482.0,64.0
11.97,1625449482.0,64.0
15.01,1625449482.0,64.0
17.21,1625449482.0,64.0
18.85,1625449482.0,64.0
20.24,1625449482.0,64.0
21.62,1625449482.0,64.0
23.11,1625449482.0,64.0
24.63,1625449482.0,64.0
26.02,1625449482.0,64.0
27.12,1625449482.0,64.0
27.82,1625449482.0,64.0
28.08,1625449482.0,64.0
27.92,1625449482.0,64.0
27.38,1625449482.0,64.0
26.46,1625449482.0,64.0
25.17,1625449482.0,64.0
23.53,1625449482.0,64.0
21.56,1625449482.0,64.0
19.29,1625449482.0,64.0
16.77,1625449482.0,64.0
14.05,1625449482.0,64.0
11.18,1625449482.0,64.0
8.23,1625449482.0,64.0
5.24,1625449482.0,64.0
2.27,1625449482.0,64.0
-0.66,1625449482.0,64.0
-3.49,1625449482.0,64.0
-6.24,1625449482.0,64.0
-8.93,1625449482.0,64.0
-11.65,1625449482.0,64.0
-14.55,1625449482.0,64.0
-17.81,1625449482.0,64.0
-21.57,1625449482.0,64.0
-25.85,1625449482.0,64.0
-30.51,1625449482.0,64.0
-35.23,1625449482.0,64.0
-39.55,1625449482.0,64.0
-43.0,1625449482.0,64.0
-45.14,1625449482.0,64.0
-45.67,1625449482.0,64.0
-44.48,1625449482.0,64.0
-41.63,1625449482.0,64.0
-37.34,1625449482.0,64.0
-31.92,1625449482.0,64.0
-25.7,1625449482.0,64.0
-18.98,1625449482.0,64.0
-12.01,1625449482.0,64.0
-5.03,1625449482.0,64.0
1.69,1625449482.0,64.0
7.84,1625449482.0,64.0
13.11,1625449482.0,64.0
17.29,1625449482.0,64.0
20.37,1625449482.0,64.0
22.54,1625449482.0,64.0
24.15,1625449482.0,64.0
25.57,1625449482.0,64.0
27.04,1625449482.0,64.0
28.58,1625449482.0,64.0
30.07,1625449482.0,64.0
31.26,1625449482.0,64.0
31.96,1625449482.0,64.0
32.12,1625449482.0,64.0
31.79,1625449482.0,64.0
31.1,1625449482.0,64.0
30.16,1625449482.0,64.0
29.04,1625449482.0,64.0
27.73,1625449482.0,64.0
26.18,1625449482.0,64.0
24.37,1625449482.0,64.0
22.29,1625449482.0,64.0
19.99,1625449482.0,64.0
17.5,1625449482.0,64.0
14.87,1625449482.0,64.0
12.09,1625449482.0,64.0
9.19,1625449482.0,64.0
6.16,1625449482.0,64.0
3.04,1625449482.0,64.0
-0.15,1625449482.0,64.0
-3.34,1625449482.0,64.0
-6.51,1625449482.0,64.0
-9.64,1625449482.0,64.0
-12.83,1625449482.0,64.0
-16.21,1625449482.0,64.0
-19.99,1625449482.0,64.0
-24.36,1625449482.0,64.0
-29.36,1625449482.0,64.0
-34.83,1625449482.0,64.0
-40.37,1625449482.0,64.0
-45.39,1625449482.0,64.0
-49.32,1625449482.0,64.0
-51.68,1625449482.0,64.0
-52.23,1625449482.0,64.0
-51.03,1625449482.0,64.0
-48.33,1625449482.0,64.0
-44.56,1625449482.0,64.0
-40.23,1625449482.0,64.0
-35.81,1625449482.0,64.0
-31.72,1625449482.0,64.0
-28.28,1625449482.0,64.0
-25.67,1625449482.0,64.0
-23.95,1625449482.0,64.0
-23.02,1625449482.0,64.0
-22.74,1625449482.0,64.0
-22.95,1625449482.0,64.0
-23.56,1625449482.0,64.0
-24.53,1625449482.0,64.0
-25.76,1625449482.0,64.0
-27.01,1625449482.0,64.0
-27.81,1625449482.0,64.0
-27.49,1625449482.0,64.0
-25.2,1625449482.0,64.0
-20.21,1625449482.0,64.0
-12.02,1625449482.0,64.0
-0.64,1625449482.0,64.0
13.45,1625449482.0,64.0
29.33,1625449482.0,64.0
45.82,1625449482.0,64.0
61.63,1625449482.0,64.0
75.63,1625449482.0,64.0
86.9,1625449482.0,64.0
94.84,1625449482.0,64.0
99.26,1625449482.0,64.0
100.38,1625449482.0,64.0
98.77,1625449482.0,64.0
95.15,1625449482.0,64.0
90.17,1625449482.0,64.0
84.17,1625449482.0,64.0
77.13,1625449482.0,64.0
68.85,1625449482.0,64.0
59.24,1625449482.0,64.0
48.62,1625449482.0,64.0
37.72,1625449482.0,64.0
27.52,1625449482.0,64.0
18.89,1625449482.0,64.0
12.28,1625449482.0,64.0
7.66,1625449482.0,64.0
4.53,1625449482.0,64.0
2.12,1625449482.0,64.0
-0.35,1625449482.0,64.0
-3.39,1625449482.0,64.0
-7.0,1625449482.0,64.0
-10.48,1625449482.0,64.0
-12.51,1625449482.0,64.0
-11.66,1625449482.0,64.0
-7.0,1625449482.0,64.0
1.37,1625449482.0,64.0
12.33,1625449482.0,64.0
24.18,1625449482.0,64.0
35.38,1625449482.0,64.0
45.03,1625449482.0,64.0
52.9,1625449482.0,64.0
59.1,1625449482.0,64.0
63.75,1625449482.0,64.0
66.97,1625449482.0,64.0
69.12,1625449482.0,64.0
71.03,1625449482.0,64.0
73.8,1625449482.0,64.0
78.14,1625449482.0,64.0
83.6,1625449482.0,64.0
88.32,1625449482.0,64.0
89.61,1625449482.0,64.0
85.19,1625449482.0,64.0
74.55,1625449482.0,64.0
59.5,1625449482.0,64.0
43.78,1625449482.0,64.0
31.62,1625449482.0,64.0
26.23,1625449482.0,64.0
28.68,1625449482.0,64.0
37.71,1625449482.0,64.0
50.52,1625449482.0,64.0
63.77,1625449482.0,64.0
74.68,1625449482.0,64.0
81.38,1625449482.0,64.0
83.2,1625449482.0,64.0
80.36,1625449482.0,64.0
73.86,1625449482.0,64.0
65.17,1625449482.0,64.0
56.04,1625449482.0,64.0
48.12,1625449482.0,64.0
42.73,1625449482.0,64.0
40.49,1625449482.0,64.0
41.19,1625449482.0,64.0
43.92,1625449482.0,64.0
47.29,1625449482.0,64.0
49.93,1625449482.0,64.0
50.92,1625449482.0,64.0
50.17,1625449482.0,64.0
48.49,1625449482.0,64.0
47.2,1625449482.0,64.0
47.57,1625449482.0,64.0
49.85,1625449482.0,64.0
53.43,1625449482.0,64.0
57.15,1625449482.0,64.0
60.1,1625449482.0,64.0
62.18,1625449482.0,64.0
63.96,1625449482.0,64.0
66.02,1625449482.0,64.0
68.22,1625449482.0,64.0
69.29,1625449482.0,64.0
66.53,1625449482.0,64.0
57.28,1625449482.0,64.0
39.94,1625449482.0,64.0
14.81,1625449482.0,64.0
-15.81,1625449482.0,64.0
-48.25,1625449482.0,64.0
-78.55,1625449482.0,64.0
-103.42,1625449482.0,64.0
-120.88,1625449482.0,64.0
-131.92,1625449482.0,64.0
-138.94,1625449482.0,64.0
-145.1,1625449482.0,64.0
-152.83,1625449482.0,64.0
-162.9,1625449482.0,64.0
-174.43,1625449482.0,64.0
-185.65,1625449482.0,64.0
-194.97,1625449482.0,64.0
-201.7,1625449482.0,64.0
-208.4,1625449482.0,64.0
-218.0,1625449482.0,64.0
-233.05,1625449482.0,64.0
-253.74,1625449482.0,64.0
-277.59,1625449482.0,64.0
-300.61,1625449482.0,64.0
-319.31,1625449482.0,64.0
-331.99,1625449482.0,64.0
-338.95,1625449482.0,64.0
-344.43,1625449482.0,64.0
-352.41,1625449482.0,64.0
-366.19,1625449482.0,64.0
-386.68,1625449482.0,64.0
-412.65,1625449482.0,64.0
-442.01,1625449482.0,64.0
-473.09,1625449482.0,64.0
-504.92,1625449482.0,64.0
-519.31,1625449482.0,64.0
-501.47,1625449482.0,64.0
-441.65,1625449482.0,64.0
-341.87,1625449482.0,64.0
-215.13,1625449482.0,64.0
-79.45,1625449482.0,64.0
49.51,1625449482.0,64.0
162.09,1625449482.0,64.0
254.15,1625449482.0,64.0
325.04,1625449482.0,64.0
370.33,1625449482.0,64.0
391.42,1625449482.0,64.0
389.8,1625449482.0,64.0
368.8,1625449482.0,64.0
333.83,1625449482.0,64.0
291.38,1625449482.0,64.0
246.85,1625449482.0,64.0
203.13,1625449482.0,64.0
160.51,1625449482.0,64.0
114.88,1625449482.0,64.0
63.95,1625449482.0,64.0
4.52,1625449482.0,64.0
-64.69,1625449482.0,64.0
-141.81,1625449482.0,64.0
-221.4,1625449482.0,64.0
-295.13,1625449482.0,64.0
-353.33,1625449482.0,64.0
-387.47,1625449482.0,64.0
-394.22,1625449482.0,64.0
-375.55,1625449482.0,64.0
-339.35,1625449482.0,64.0
-295.61,1625449482.0,64.0
-252.8,1625449482.0,64.0
-215.59,1625449482.0,64.0
-184.69,1625449482.0,64.0
-158.44,1625449482.0,64.0
-134.9,1625449482.0,64.0
-114.01,1625449482.0,64.0
-96.69,1625449482.0,64.0
-84.49,1625449482.0,64.0
-77.5,1625449482.0,64.0
-73.79,1625449482.0,64.0
-70.31,1625449482.0,64.0
-64.41,1625449482.0,64.0
-55.04,1625449482.0,64.0
-42.93,1625449482.0,64.0
-30.46,1625449482.0,64.0
-19.95,1625449482.0,64.0
-13.01,1625449482.0,64.0
-9.53,1625449482.0,64.0
-7.73,1625449482.0,64.0
-4.99,1625449482.0,64.0
0.9,1625449482.0,64.0
10.8,1625449482.0,64.0
23.9,1625449482.0,64.0
38.1,1625449482.0,64.0
51.05,1625449482.0,64.0
61.07,1625449482.0,64.0
68.1,1625449482.0,64.0
73.82,1625449482.0,64.0
80.98,1625449482.0,64.0
92.19,1625449482.0,64.0
108.73,1625449482.0,64.0
129.97,1625449482.0,64.0
153.4,1625449482.0,64.0
175.84,1625449482.0,64.0
194.81,1625449482.0,64.0
209.62,1625449482.0,64.0
221.55,1625449482.0,64.0
233.32,1625449482.0,64.0
247.64,1625449482.0,64.0
266.11,1625449482.0,64.0
288.91,1625449482.0,64.0
315.03,1625449482.0,64.0
342.79,1625449482.0,64.0
369.78,1625449482.0,64.0
392.65,1625449482.0,64.0
407.41,1625449482.0,64.0
410.82,1625449482.0,64.0
402.39,1625449482.0,64.0
385.76,1625449482.0,64.0
368.04,1625449482.0,64.0
356.84,1625449482.0,64.0
356.49,1625449482.0,64.0
365.46,1625449482.0,64.0
376.69,1625449482.0,64.0
381.08,1625449482.0,64.0
371.63,1625449482.0,64.0
346.41,1625449482.0,64.0
308.42,1625449482.0,64.0
262.9,1625449482.0,64.0
213.91,1625449482.0,64.0
162.51,1625449482.0,64.0
107.01,1625449482.0,64.0
45.06,1625449482.0,64.0
-23.95,1625449482.0,64.0
-97.59,1625449482.0,64.0
-170.52,1625449482.0,64.0
-235.4,1625449482.0,64.0
-284.87,1625449482.0,64.0
-313.49,1625449482.0,64.0
-319.07,1625449482.0,64.0
-303.36,1625449482.0,64.0
-271.41,1625449482.0,64.0
-229.85,1625449482.0,64.0
-184.97,1625449482.0,64.0
-141.2,1625449482.0,64.0
-100.79,1625449482.0,64.0
-64.52,1625449482.0,64.0
-32.86,1625449482.0,64.0
-6.68,1625449482.0,64.0
12.93,1625449482.0,64.0
25.45,1625449482.0,64.0
31.74,1625449482.0,64.0
34.17,1625449482.0,64.0
35.8,1625449482.0,64.0
39.23,1625449482.0,64.0
45.42,1625449482.0,64.0
53.58,1625449482.0,64.0
61.66,1625449482.0,64.0
67.44,1625449482.0,64.0
69.57,1625449482.0,64.0
68.11,1625449482.0,64.0
64.32,1625449482.0,64.0
60.09,1625449482.0,64.0
57.18,1625449482.0,64.0
56.57,1625449482.0,64.0
58.34,1625449482.0,64.0
61.86,1625449482.0,64.0
66.3,1625449482.0,64.0
71.11,1625449482.0,64.0
76.25,1625449482.0,64.0
81.97,1625449482.0,64.0
88.54,1625449482.0,64.0
95.94,1625449482.0,64.0
103.81,1625449482.0,64.0
111.63,1625449482.0,64.0
119.03,1625449482.0,64.0
125.87,1625449482.0,64.0
132.26,1625449482.0,64.0
138.37,1625449482.0,64.0
144.24,1625449482.0,64.0
149.74,1625449482.0,64.0
154.71,1625449482.0,64.0
159.05,1625449482.0,64.0
163.05,1625449482.0,64.0
167.36,1625449482.0,64.0
172.84,1625449482.0,64.0
180.42,1625449482.0,64.0
190.69,1625449482.0,64.0
203.61,1625449482.0,64.0
218.37,1625449482.0,64.0
233.51,1625449482.0,64.0
247.23,1625449482.0,64.0
257.85,1625449482.0,64.0
264.0,1625449482.0,64.0
264.64,1625449482.0,64.0
259.11,1625449482.0,64.0
247.2,1625449482.0,64.0
229.26,1625449482.0,64.0
206.38,1625449482.0,64.0
180.27,1625449482.0,64.0
152.93,1625449482.0,64.0
126.15,1625449482.0,64.0
100.84,1625449482.0,64.0
76.72,1625449482.0,64.0
52.64,1625449482.0,64.0
27.23,1625449482.0,64.0
-0.45,1625449482.0,64.0
-30.58,1625449482.0,64.0
-62.69,1625449482.0,64.0
-96.01,1625449482.0,64.0
-129.76,1625449482.0,64.0
-163.45,1625449482.0,64.0
-196.97,1625449482.0,64.0
-230.28,1625449482.0,64.0
-263.06,1625449482.0,64.0
-294.51,1625449482.0,64.0
-323.46,1625449482.0,64.0
-348.71,1625449482.0,64.0
-369.3,1625449482.0,64.0
-383.45,1625449482.0,64.0
-388.43,1625449482.0,64.0
-381.84,1625449482.0,64.0
-363.11,1625449482.0,64.0
-334.06,1625449482.0,64.0
-298.15,1625449482.0,64.0
-259.08,1625449482.0,64.0
-219.67,1625449482.0,64.0
-181.71,1625449482.0,64.0
-146.24,1625449482.0,64.0
-113.87,1625449482.0,64.0
-85.09,1625449482.0,64.0
-60.17,1625449482.0,64.0
-38.98,1625449482.0,64.0
-20.9,1625449482.0,64.0
-5.01,1625449482.0,64.0
9.7,1625449482.0,64.0
23.95,1625449482.0,64.0
37.82,1625449482.0,64.0
51.0,1625449482.0,64.0
62.88,1625449482.0,64.0
72.84,1625449482.0,64.0
80.55,1625449482.0,64.0
86.16,1625449482.0,64.0
90.3,1625449482.0,64.0
93.95,1625449482.0,64.0
98.16,1625449482.0,64.0
103.27,1625449482.0,64.0
109.49,1625449482.0,64.0
116.71,1625449482.0,64.0
124.64,1625449482.0,64.0
132.97,1625449482.0,64.0
141.49,1625449482.0,64.0
150.05,1625449482.0,64.0
158.44,1625449482.0,64.0
166.36,1625449482.0,64.0
172.67,1625449482.0,64.0
176.29,1625449482.0,64.0
176.22,1625449482.0,64.0
171.87,1625449482.0,64.0
163.1,1625449482.0,64.0
150.18,1625449482.0,64.0
133.46,1625449482.0,64.0
112.66,1625449482.0,64.0
91.22,1625449482.0,64.0
70.42,1625449482.0,64.0
50.63,1625449482.0,64.0
31.65,1625449482.0,64.0
13.1,1625449482.0,64.0
-5.14,1625449482.0,64.0
-22.83,1625449482.0,64.0
-39.41,1625449482.0,64.0
-54.38,1625449482.0,64.0
-67.59,1625449482.0,64.0
-80.11,1625449482.0,64.0
-93.34,1625449482.0,64.0
-108.59,1625449482.0,64.0
-126.63,1625449482.0,64.0
-147.32,1625449482.0,64.0
-169.73,1625449482.0,64.0
-192.62,1625449482.0,64.0
-214.92,1625449482.0,64.0
-236.19,1625449482.0,64.0
-257.23,1625449482.0,64.0
-279.09,1625449482.0,64.0
-302.75,1625449482.0,64.0
-329.01,1625449482.0,64.0
-358.55,1625449482.0,64.0
-391.91,1625449482.0,64.0
-428.93,1625449482.0,64.0
-467.76,1625449482.0,64.0
-504.13,1625449482.0,64.0
-531.71,1625449482.0,64.0
-543.31,1625449482.0,64.0
-533.2,1625449482.0,64.0
-499.5,1625449482.0,64.0
-445.07,1625449482.0,64.0
-376.6,1625449482.0,64.0
-302.3,1625449482.0,64.0
-229.46,1625449482.0,64.0
-162.94,1625449482.0,64.0
-105.16,1625449482.0,64.0
-56.52,1625449482.0,64.0
-16.09,1625449482.0,64.0
18.16,1625449482.0,64.0
49.37,1625449482.0,64.0
81.83,1625449482.0,64.0
120.28,1625449482.0,64.0
168.47,1625449482.0,64.0
227.27,1625449482.0,64.0
293.45,1625449482.0,64.0
359.7,1625449482.0,64.0
416.24,1625449482.0,64.0
453.69,1625449482.0,64.0
466.0,1625449482.0,64.0
452.35,1625449482.0,64.0
417.01,1625449482.0,64.0
367.51,1625449482.0,64.0
311.53,1625449482.0,64.0
254.98,1625449482.0,64.0
201.18,1625449482.0,64.0
151.18,1625449482.0,64.0
105.13,1625449482.0,64.0
63.02,1625449482.0,64.0
24.81,1625449482.0,64.0
-10.19,1625449482.0,64.0
-43.87,1625449482.0,64.0
-80.12,1625449482.0,64.0
-123.36,1625449482.0,64.0
-177.05,1625449482.0,64.0
-241.91,1625449482.0,64.0
-314.5,1625449482.0,64.0
-387.07,1625449482.0,64.0
-449.16,1625449482.0,64.0
-490.69,1625449482.0,64.0
-505.39,1625449482.0,64.0
-493.91,1625449482.0,64.0
-462.3,1625449482.0,64.0
-419.49,1625449482.0,64.0
-373.62,1625449482.0,64.0
-329.54,1625449482.0,64.0
-288.34,1625449482.0,64.0
-248.87,1625449482.0,64.0
-209.99,1625449482.0,64.0
-172.02,1625449482.0,64.0
-137.87,1625449482.0,64.0
-109.84,1625449482.0,64.0
-88.38,1625449482.0,64.0
-71.71,1625449482.0,64.0
-56.83,1625449482.0,64.0
-41.33,1625449482.0,64.0
-24.53,1625449482.0,64.0
-7.68,1625449482.0,64.0
13.33,1625449482.0,64.0
38.18,1625449482.0,64.0
64.4,1625449482.0,64.0
87.99,1625449482.0,64.0
105.77,1625449482.0,64.0
116.82,1625449482.0,64.0
122.13,1625449482.0,64.0
123.28,1625449482.0,64.0
121.45,1625449482.0,64.0
117.24,1625449482.0,64.0
109.62,1625449482.0,64.0
99.67,1625449482.0,64.0
89.74,1625449482.0,64.0
83.16,1625449482.0,64.0
83.17,1625449482.0,64.0
91.94,1625449482.0,64.0
110.29,1625449482.0,64.0
137.92,1625449482.0,64.0
174.08,1625449482.0,64.0
213.01,1625449482.0,64.0
249.39,1625449482.0,64.0
278.82,1625449482.0,64.0
298.75,1625449482.0,64.0
308.63,1625449482.0,64.0
309.19,1625449482.0,64.0
301.96,1625449482.0,64.0
288.59,1625449482.0,64.0
270.51,1625449482.0,64.0
248.45,1625449482.0,64.0
223.85,1625449482.0,64.0
198.46,1625449482.0,64.0
174.05,1625449482.0,64.0
152.01,1625449482.0,64.0
132.81,1625449482.0,64.0
116.47,1625449482.0,64.0
102.44,1625449482.0,64.0
89.99,1625449482.0,64.0
78.15,1625449482.0,64.0
66.84,1625449482.0,64.0
56.41,1625449482.0,64.0
47.41,1625449482.0,64.0
40.24,1625449482.0,64.0
34.65,1625449482.0,64.0
30.29,1625449482.0,64.0
26.58,1625449482.0,64.0
22.92,1625449482.0,64.0
18.9,1625449482.0,64.0
14.76,1625449482.0,64.0
11.0,1625449482.0,64.0
8.13,1625449482.0,64.0
8.0,1625449482.0,64.0
9.21,1625449482.0,64.0
10.64,1625449482.0,64.0
11.36,1625449482.0,64.0
10.9,1625449482.0,64.0
9.46,1625449482.0,64.0
7.91,1625449482.0,64.0
7.38,1625449482.0,64.0
8.84,1625449482.0,64.0
12.65,1625449482.0,64.0
18.15,1625449482.0,64.0
24.54,1625449482.0,64.0
30.94,1625449482.0,64.0
36.79,1625449482.0,64.0
42.19,1625449482.0,64.0
47.72,1625449482.0,64.0
54.15,1625449482.0,64.0
62.27,1625449482.0,64.0
72.7,1625449482.0,64.0
85.55,1625449482.0,64.0
100.66,1625449482.0,64.0
116.78,1625449482.0,64.0
131.28,1625449482.0,64.0
140.57,1625449482.0,64.0
141.12,1625449482.0,64.0
131.01,1625449482.0,64.0
111.16,1625449482.0,64.0
85.24,1625449482.0,64.0
58.18,1625449482.0,64.0
34.49,1625449482.0,64.0
16.43,1625449482.0,64.0
3.52,1625449482.0,64.0
-5.63,1625449482.0,64.0
-12.44,1625449482.0,64.0
-17.58,1625449482.0,64.0
-20.65,1625449482.0,64.0
-20.75,1625449482.0,64.0
-17.53,1625449482.0,64.0
-11.8,1625449482.0,64.0
-5.59,1625449482.0,64.0
-1.25,1625449482.0,64.0
-0.45,1625449482.0,64.0
-3.51,1625449482.0,64.0
-9.32,1625449482.0,64.0
-15.82,1625449482.0,64.0
-20.97,1625449482.0,64.0
-23.71,1625449482.0,64.0
-24.21,1625449482.0,64.0
-23.66,1625449482.0,64.0
-23.51,1625449482.0,64.0
-24.87,1625449482.0,64.0
-28.19,1625449482.0,64.0
-33.3,1625449482.0,64.0
-39.65,1625449482.0,64.0
-46.58,1625449482.0,64.0
-53.05,1625449482.0,64.0
-57.34,1625449482.0,64.0
-56.92,1625449482.0,64.0
-48.91,1625449482.0,64.0
-31.13,1625449482.0,64.0
-3.31,1625449482.0,64.0
32.26,1625449482.0,64.0
71.02,1625449482.0,64.0
107.43,1625449482.0,64.0
136.62,1625449482.0,64.0
155.92,1625449482.0,64.0
165.36,1625449482.0,64.0
167.11,1625449482.0,64.0
164.06,1625449482.0,64.0
158.28,1625449482.0,64.0
150.2,1625449482.0,64.0
138.74,1625449482.0,64.0
122.27,1625449482.0,64.0
99.92,1625449482.0,64.0
72.56,1625449482.0,64.0
42.83,1625449482.0,64.0
14.38,1625449482.0,64.0
-9.35,1625449482.0,64.0
-26.2,1625449482.0,64.0
-35.78,1625449482.0,64.0
-39.34,1625449482.0,64.0
-39.29,1625449482.0,64.0
-38.89,1625449482.0,64.0
-41.81,1625449482.0,64.0
-51.1,1625449482.0,64.0
-67.45,1625449482.0,64.0
-87.71,1625449482.0,64.0
-104.39,1625449482.0,64.0
-107.43,1625449482.0,64.0
-87.9,1625449482.0,64.0
-42.01,1625449482.0,64.0
26.39,1625449482.0,64.0
106.56,1625449482.0,64.0
184.29,1625449482.0,64.0
246.59,1625449482.0,64.0
285.45,1625449482.0,64.0
299.36,1625449482.0,64.0
292.55,1625449482.0,64.0
272.74,1625449482.0,64.0
248.64,1625449482.0,64.0
227.68,1625449482.0,64.0
214.44,1625449482.0,64.0
209.76,1625449482.0,64.0
210.93,1625449482.0,64.0
212.84,1625449482.0,64.0
210.03,1625449482.0,64.0
198.81,1625449482.0,64.0
178.34,1625449482.0,64.0
150.28,1625449482.0,64.0
117.7,1625449482.0,64.0
83.62,1625449482.0,64.0
50.48,1625449482.0,64.0
20.23,1625449482.0,64.0
-5.43,1625449482.0,64.0
-24.94,1625449482.0,64.0
-37.45,1625449482.0,64.0
-43.3,1625449482.0,64.0
-44.24,1625449482.0,64.0
-42.88,1625449482.0,64.0
-41.71,1625449482.0,64.0
-42.15,1625449482.0,64.0
-44.21,1625449482.0,64.0
-46.75,1625449482.0,64.0
-48.29,1625449482.0,64.0
-47.8,1625449482.0,64.0
-45.3,1625449482.0,64.0
-41.82,1625449482.0,64.0
-38.96,1625449482.0,64.0
-38.24,1625449482.0,64.0
-40.5,1625449482.0,64.0
-45.71,1625449482.0,64.0
-53.13,1625449482.0,64.0
-61.7,1625449482.0,64.0
-70.53,1625449482.0,64.0
-79.16,1625449482.0,64.0
-87.59,1625449482.0,64.0
-96.18,1625449482.0,64.0
-105.88,1625449482.0,64.0
-117.27,1625449482.0,64.0
-130.14,1625449482.0,64.0
-143.64,1625449482.0,64.0
-156.8,1625449482.0,64.0
-168.77,1625449482.0,64.0
-179.51,1625449482.0,64.0
-189.33,1625449482.0,64.0
-198.53,1625449482.0,64.0
-207.94,1625449482.0,64.0
-218.07,1625449482.0,64.0
-228.84,1625449482.0,64.0
-239.84,1625449482.0,64.0
-251.04,1625449482.0,64.0
-262.94,1625449482.0,64.0
-276.85,1625449482.0,64.0
-293.63,1625449482.0,64.0
-312.7,1625449482.0,64.0
-333.0,1625449482.0,64.0
-351.61,1625449482.0,64.0
-364.29,1625449482.0,64.0
-367.13,1625449482.0,64.0
-358.55,1625449482.0,64.0
-339.75,1625449482.0,64.0
-314.93,1625449482.0,64.0
-288.46,1625449482.0,64.0
-263.38,1625449482.0,64.0
-245.05,1625449482.0,64.0
-236.28,1625449482.0,64.0
-235.62,1625449482.0,64.0
-237.75,1625449482.0,64.0
-236.09,1625449482.0,64.0
-223.91,1625449482.0,64.0
-199.64,1625449482.0,64.0
-164.7,1625449482.0,64.0
-123.4,1625449482.0,64.0
-90.61,1625449482.0,64.0
-79.46,1625449482.0,64.0
-95.05,1625449482.0,64.0
-133.06,1625449482.0,64.0
-184.37,1625449482.0,64.0
-237.51,1625449482.0,64.0
-288.89,1625449482.0,64.0
-337.11,1625449482.0,64.0
-382.17,1625449482.0,64.0
-438.39,1625449482.0,64.0
-516.69,1625449482.0,64.0
-616.36,1625449482.0,64.0
-724.66,1625449482.0,64.0
-824.99,1625449482.0,64.0
-900.17,1625449482.0,64.0
-947.81,1625449482.0,64.0
-970.34,1625449482.0,64.0
-971.93,1625449482.0,64.0
-974.0,1625449482.0,64.0
-992.74,1625449482.0,64.0
-1029.52,1625449482.0,64.0
-1072.6,1625449482.0,64.0
-1109.03,1625449482.0,64.0
-1128.1,1625449482.0,64.0
-1137.83,1625449482.0,64.0
-1147.88,1625449482.0,64.0
-1057.11,1625449482.0,64.0
-814.39,1625449482.0,64.0
-444.26,1625449482.0,64.0
-35.12,1625449482.0,64.0
324.97,1625449482.0,64.0
553.96,1625449482.0,64.0
684.4,1625449482.0,64.0
749.94,1625449482.0,64.0
775.91,1625449482.0,64.0
780.79,1625449482.0,64.0
769.36,1625449482.0,64.0
739.63,1625449482.0,64.0
695.86,1625449482.0,64.0
649.07,1625449482.0,64.0
609.07,1625449482.0,64.0
585.18,1625449482.0,64.0
571.53,1625449482.0,64.0
563.07,1625449482.0,64.0
558.55,1625449482.0,64.0
545.77,1625449482.0,64.0
515.52,1625449482.0,64.0
468.72,1625449482.0,64.0
415.9,1625449482.0,64.0
369.61,1625449482.0,64.0
342.57,1625449482.0,64.0
333.56,1625449482.0,64.0
338.25,1625449482.0,64.0
351.92,1625449482.0,64.0
361.81,1625449482.0,64.0
357.26,1625449482.0,64.0
336.02,1625449482.0,64.0
303.92,1625449482.0,64.0
269.68,1625449482.0,64.0
242.91,1625449482.0,64.0
224.66,1625449482.0,64.0
213.84,1625449482.0,64.0
208.85,1625449482.0,64.0
203.91,1625449482.0,64.0
194.14,1625449482.0,64.0
178.88,1625449482.0,64.0
161.62,1625449482.0,64.0
147.21,1625449482.0,64.0
140.66,1625449482.0,64.0
142.2,1625449482.0,64.0
150.28,1625449482.0,64.0
162.6,1625449482.0,64.0
175.19,1625449482.0,64.0
184.73,1625449482.0,64.0
190.38,1625449482.0,64.0
193.73,1625449482.0,64.0
197.52,1625449482.0,64.0
204.61,1625449482.0,64.0
215.59,1625449482.0,64.0
229.53,1625449482.0,64.0
244.52,1625449482.0,64.0
258.24,1625449482.0,64.0
268.63,1625449482.0,64.0
274.85,1625449482.0,64.0
277.55,1625449482.0,64.0
278.8,1625449482.0,64.0
281.81,1625449482.0,64.0
290.15,1625449482.0,64.0
306.5,1625449482.0,64.0
331.07,1625449482.0,64.0
360.48,1625449482.0,64.0
387.85,1625449482.0,64.0
404.63,1625449482.0,64.0
403.56,1625449482.0,64.0
381.45,1625449482.0,64.0
340.59,1625449482.0,64.0
287.94,1625449482.0,64.0
232.61,1625449482.0,64.0
182.72,1625449482.0,64.0
143.17,1625449482.0,64.0
114.96,1625449482.0,64.0
95.74,1625449482.0,64.0
81.31,1625449482.0,64.0
67.0,1625449482.0,64.0
48.89,1625449482.0,64.0
24.73,1625449482.0,64.0
-5.49,1625449482.0,64.0
-39.51,1625449482.0,64.0
-73.52,1625449482.0,64.0
-103.55,1625449482.0,64.0
-126.8,1625449482.0,64.0
-142.35,1625449482.0,64.0
-150.77,1625449482.0,64.0
-153.26,1625449482.0,64.0
-150.76,1625449482.0,64.0
-143.63,1625449482.0,64.0
-131.97,1625449482.0,64.0
-116.28,1625449482.0,64.0
-97.79,1625449482.0,64.0
-78.33,1625449482.0,64.0
-59.71,1625449482.0,64.0
-43.09,1625449482.0,64.0
-28.82,1625449482.0,64.0
-16.58,1625449482.0,64.0
-5.9,1625449482.0,64.0
3.5,1625449482.0,64.0
11.69,1625449482.0,64.0
18.67,1625449482.0,64.0
24.65,1625449482.0,64.0
29.93,1625449482.0,64.0
34.66,1625449482.0,64.0
38.58,1625449482.0,64.0
41.14,1625449482.0,64.0
41.71,1625449482.0,64.0
40.25,1625449482.0,64.0
37.48,1625449482.0,64.0
34.77,1625449482.0,64.0
33.46,1625449482.0,64.0
34.15,1625449482.0,64.0
36.33,1625449482.0,64.0
38.65,1625449482.0,64.0
39.73,1625449482.0,64.0
38.81,1625449482.0,64.0
36.13,1625449482.0,64.0
32.82,1625449482.0,64.0
30.54,1625449482.0,64.0
31.12,1625449482.0,64.0
35.97,1625449482.0,64.0
45.45,1625449482.0,64.0
58.28,1625449482.0,64.0
71.46,1625449482.0,64.0
81.02,1625449482.0,64.0
83.59,1625449482.0,64.0
78.04,1625449482.0,64.0
65.98,1625449482.0,64.0
51.29,1625449482.0,64.0
38.11,1625449482.0,64.0
28.79,1625449482.0,64.0
22.9,1625449482.0,64.0
17.63,1625449482.0,64.0
9.23,1625449482.0,64.0
-5.35,1625449482.0,64.0
-27.43,1625449482.0,64.0
-56.2,1625449482.0,64.0
-88.43,1625449482.0,64.0
-118.67,1625449482.0,64.0
-140.18,1625449482.0,64.0
-146.72,1625449482.0,64.0
-135.42,1625449482.0,64.0
-108.83,1625449482.0,64.0
-74.8,1625449482.0,64.0
-43.5,1625449482.0,64.0
-22.52,1625449482.0,64.0
-13.0,1625449482.0,64.0
-8.95,1625449482.0,64.0
-0.56,1625449482.0,64.0
19.96,1625449482.0,64.0
53.64,1625449482.0,64.0
93.68,1625449482.0,64.0
128.43,1625449482.0,64.0
146.78,1625449482.0,64.0
142.91,1625449482.0,64.0
118.43,1625449482.0,64.0
81.05,1625449482.0,64.0
41.22,1625449482.0,64.0
8.46,1625449482.0,64.0
-11.86,1625449482.0,64.0
-19.6,1625449482.0,64.0
-18.97,1625449482.0,64.0
-16.16,1625449482.0,64.0
-15.94,1625449482.0,64.0
-19.18,1625449482.0,64.0
-22.53,1625449482.0,64.0
-20.49,1625449482.0,64.0
-9.01,1625449482.0,64.0
11.35,1625449482.0,64.0
35.08,1625449482.0,64.0
54.33,1625449482.0,64.0
62.73,1625449482.0,64.0
58.18,1625449482.0,64.0
42.74,1625449482.0,64.0
20.3,1625449482.0,64.0
-5.98,1625449482.0,64.0
-34.53,1625449482.0,64.0
-64.56,1625449482.0,64.0
-94.86,1625449482.0,64.0
-123.25,1625449482.0,64.0
-147.06,1625449482.0,64.0
-163.94,1625449482.0,64.0
-171.95,1625449482.0,64.0
-169.23,1625449482.0,64.0
-153.69,1625449482.0,64.0
-124.0,1625449482.0,64.0
-81.41,1625449482.0,64.0
-30.84,1625449482.0,64.0
19.49,1625449482.0,64.0
60.21,1625449482.0,64.0
83.83,1625449482.0,64.0
87.05,1625449482.0,64.0
71.5,1625449482.0,64.0
42.93,1625449482.0,64.0
9.19,1625449482.0,64.0
-22.33,1625449482.0,64.0
-46.58,1625449482.0,64.0
-61.8,1625449482.0,64.0
-69.08,1625449482.0,64.0
-70.46,1625449482.0,64.0
-66.62,1625449482.0,64.0
-55.79,1625449482.0,64.0
-35.09,1625449482.0,64.0
-3.4,1625449482.0,64.0
35.78,1625449482.0,64.0
73.73,1625449482.0,64.0
99.13,1625449482.0,64.0
103.02,1625449482.0,64.0
83.56,1625449482.0,64.0
47.63,1625449482.0,64.0
8.21,1625449482.0,64.0
-21.4,1625449482.0,64.0
-33.62,1625449482.0,64.0
-29.93,1625449482.0,64.0
-19.55,1625449482.0,64.0
-14.22,1625449482.0,64.0
-21.71,1625449482.0,64.0
-41.34,1625449482.0,64.0
-64.33,1625449482.0,64.0
-78.48,1625449482.0,64.0
-74.95,1625449482.0,64.0
-53.04,1625449482.0,64.0
-20.5,1625449482.0,64.0
10.64,1625449482.0,64.0
29.48,1625449482.0,64.0
30.19,1625449482.0,64.0
12.81,1625449482.0,64.0
-18.43,1625449482.0,64.0
-57.16,1625449482.0,64.0
-96.12,1625449482.0,64.0
-127.78,1625449482.0,64.0
-145.91,1625449482.0,64.0
-147.44,1625449482.0,64.0
-133.9,1625449482.0,64.0
-111.01,1625449482.0,64.0
-85.77,1625449482.0,64.0
-62.97,1625449482.0,64.0
-43.19,1625449482.0,64.0
-23.59,1625449482.0,64.0
-0.98,1625449482.0,64.0
25.24,1625449482.0,64.0
52.39,1625449482.0,64.0
76.04,1625449482.0,64.0
92.98,1625449482.0,64.0
102.89,1625449482.0,64.0
107.5,1625449482.0,64.0
108.03,1625449482.0,64.0
102.87,1625449482.0,64.0
87.82,1625449482.0,64.0
58.98,1625449482.0,64.0
16.83,1625449482.0,64.0
-31.48,1625449482.0,64.0
-73.71,1625449482.0,64.0
-97.54,1625449482.0,64.0
-96.89,1625449482.0,64.0
-75.78,1625449482.0,64.0
-46.95,1625449482.0,64.0
-25.86,1625449482.0,64.0
-22.63,1625449482.0,64.0
-36.67,1625449482.0,64.0
-57.33,1625449482.0,64.0
-69.79,1625449482.0,64.0
-63.2,1625449482.0,64.0
-36.46,1625449482.0,64.0
1.76,1625449482.0,64.0
37.71,1625449482.0,64.0
59.25,1625449482.0,64.0
60.31,1625449482.0,64.0
41.64,1625449482.0,64.0
8.55,1625449482.0,64.0
-31.89,1625449482.0,64.0
-72.65,1625449482.0,64.0
-107.33,1625449482.0,64.0
-130.46,1625449482.0,64.0
-138.83,1625449482.0,64.0
-132.99,1625449482.0,64.0
-117.5,1625449482.0,64.0
-98.85,1625449482.0,64.0
-81.94,1625449482.0,64.0
-67.27,1625449482.0,64.0
-50.92,1625449482.0,64.0
-27.63,1625449482.0,64.0
4.97,1625449482.0,64.0
43.9,1625449482.0,64.0
81.57,1625449482.0,64.0
109.29,1625449482.0,64.0
120.99,1625449482.0,64.0
115.18,1625449482.0,64.0
94.67,1625449482.0,64.0
64.92,1625449482.0,64.0
32.17,1625449482.0,64.0
2.35,1625449482.0,64.0
-20.17,1625449482.0,64.0
-33.25,1625449482.0,64.0
-37.31,1625449482.0,64.0
-34.67,1625449482.0,64.0
-27.84,1625449482.0,64.0
-18.04,1625449482.0,64.0
-4.63,1625449482.0,64.0
13.67,1625449482.0,64.0
36.66,1625449482.0,64.0
61.34,1625449482.0,64.0
82.35,1625449482.0,64.0
93.82,1625449482.0,64.0
91.57,1625449482.0,64.0
74.41,1625449482.0,64.0
44.4,1625449482.0,64.0
6.11,1625449482.0,64.0
-34.54,1625449482.0,64.0
-71.73,1625449482.0,64.0
-101.3,1625449482.0,64.0
-121.88,1625449482.0,64.0
-134.58,1625449482.0,64.0
-141.53,1625449482.0,64.0
-143.39,1625449482.0,64.0
-137.97,1625449482.0,64.0
-121.05,1625449482.0,64.0
-89.21,1625449482.0,64.0
-43.37,1625449482.0,64.0
9.36,1625449482.0,64.0
57.15,1625449482.0,64.0
87.72,1625449482.0,64.0
93.49,1625449482.0,64.0
74.91,1625449482.0,64.0
40.2,1625449482.0,64.0
1.51,1625449482.0,64.0
-30.32,1625449482.0,64.0
-49.54,1625449482.0,64.0
-55.98,1625449482.0,64.0
-52.78,1625449482.0,64.0
-42.8,1625449482.0,64.0
-26.17,1625449482.0,64.0
-0.77,1625449482.0,64.0
35.02,1625449482.0,64.0
79.16,1625449482.0,64.0
124.74,1625449482.0,64.0
161.63,1625449482.0,64.0
180.24,1625449482.0,64.0
175.33,1625449482.0,64.0
148.18,1625449482.0,64.0
106.04,1625449482.0,64.0
59.42,1625449482.0,64.0
18.24,1625449482.0,64.0
-11.58,1625449482.0,64.0
-29.54,1625449482.0,64.0
-39.6,1625449482.0,64.0
-47.04,1625449482.0,64.0
-54.85,1625449482.0,64.0
-61.39,1625449482.0,64.0
-61.24,1625449482.0,64.0
-48.6,1625449482.0,64.0
-21.75,1625449482.0,64.0
14.57,1625449482.0,64.0
49.85,1625449482.0,64.0
71.9,1625449482.0,64.0
71.74,1625449482.0,64.0
47.3,1625449482.0,64.0
4.29,1625449482.0,64.0
-46.23,1625449482.0,64.0
-92.1,1625449482.0,64.0
-124.34,1625449482.0,64.0
-139.64,1625449482.0,64.0
-140.18,1625449482.0,64.0
-130.93,1625449482.0,64.0
-115.89,1625449482.0,64.0
-95.74,1625449482.0,64.0
-68.04,1625449482.0,64.0
-30.18,1625449482.0,64.0
16.64,1625449482.0,64.0
65.3,1625449482.0,64.0
104.09,1625449482.0,64.0
121.51,1625449482.0,64.0
111.94,1625449482.0,64.0
79.15,1625449482.0,64.0
35.45,1625449482.0,64.0
-3.42,1625449482.0,64.0
-24.85,1625449482.0,64.0
-24.35,1625449482.0,64.0
-6.35,1625449482.0,64.0
18.67,1625449482.0,64.0
39.77,1625449482.0,64.0
50.28,1625449482.0,64.0
49.85,1625449482.0,64.0
43.06,1625449482.0,64.0
35.76,1625449482.0,64.0
31.37,1625449482.0,64.0
29.39,1625449482.0,64.0
26.53,1625449482.0,64.0
19.48,1625449482.0,64.0
7.41,1625449482.0,64.0
-7.39,1625449482.0,64.0
-20.83,1625449482.0,64.0
-29.33,1625449482.0,64.0
-31.71,1625449482.0,64.0
-29.55,1625449482.0,64.0
-26.24,1625449482.0,64.0
-25.01,1625449482.0,64.0
-27.4,1625449482.0,64.0
-32.62,1625449482.0,64.0
-38.29,1625449482.0,64.0
-41.98,1625449482.0,64.0
-42.46,1625449482.0,64.0
-40.27,1625449482.0,64.0
-36.69,1625449482.0,64.0
-32.45,1625449482.0,64.0
-26.7,1625449482.0,64.0
-16.99,1625449482.0,64.0
-0.18,1625449482.0,64.0
26.32,1625449482.0,64.0
63.57,1625449482.0,64.0
110.81,1625449482.0,64.0
165.59,1625449482.0,64.0
224.21,1625449482.0,64.0
281.97,1625449482.0,64.0
333.52,1625449482.0,64.0
373.44,1625449482.0,64.0
397.3,1625449482.0,64.0
402.74,1625449482.0,64.0
390.27,1625449482.0,64.0
363.2,1625449482.0,64.0
326.57,1625449482.0,64.0
285.65,1625449482.0,64.0
244.49,1625449482.0,64.0
205.41,1625449482.0,64.0
169.01,1625449482.0,64.0
134.78,1625449482.0,64.0
101.79,1625449482.0,64.0
69.04,1625449482.0,64.0
35.59,1625449482.0,64.0
0.46,1625449482.0,64.0
-37.2,1625449482.0,64.0
-77.67,1625449482.0,64.0
-119.99,1625449482.0,64.0
-161.6,1625449482.0,64.0
-198.78,1625449482.0,64.0
-227.75,1625449482.0,64.0
-246.07,1625449482.0,64.0
-253.62,1625449482.0,64.0
-252.58,1625449482.0,64.0
-246.41,1625449482.0,64.0
-238.34,1625449482.0,64.0
-230.28,1625449482.0,64.0
-222.58,1625449482.0,64.0
-214.75,1625449482.0,64.0
-206.48,1625449482.0,64.0
-198.21,1625449482.0,64.0
-190.93,1625449482.0,64.0
-185.45,1625449482.0,64.0
-181.71,1625449482.0,64.0
-178.6,1625449482.0,64.0
-174.53,1625449482.0,64.0
-168.15,1625449482.0,64.0
-158.97,1625449482.0,64.0
-147.32,1625449482.0,64.0
-134.03,1625449482.0,64.0
-119.9,1625449482.0,64.0
-105.37,1625449482.0,64.0
-90.7,1625449482.0,64.0
-76.22,1625449482.0,64.0
-62.48,1625449482.0,64.0
-50.21,1625449482.0,64.0
-40.08,1625449482.0,64.0
-32.34,1625449482.0,64.0
-26.54,1625449482.0,64.0
-21.65,1625449482.0,64.0
-16.59,1625449482.0,64.0
-10.53,1625449482.0,64.0
-3.06,1625449482.0,64.0
5.34,1625449482.0,64.0
13.47,1625449482.0,64.0
20.01,1625449482.0,64.0
24.07,1625449482.0,64.0
25.53,1625449482.0,64.0
25.09,1625449482.0,64.0
23.74,1625449482.0,64.0
22.36,1625449482.0,64.0
21.61,1625449482.0,64.0
21.56,1625449482.0,64.0
21.89,1625449482.0,64.0
22.44,1625449482.0,64.0
23.21,1625449482.0,64.0
24.07,1625449482.0,64.0
24.47,1625449482.0,64.0
23.06,1625449482.0,64.0
18.11,1625449482.0,64.0
8.81,1625449482.0,64.0
-5.1,1625449482.0,64.0
-23.37,1625449482.0,64.0
-44.96,1625449482.0,64.0
-67.98,1625449482.0,64.0
-89.72,1625449482.0,64.0
-106.67,1625449482.0,64.0
-115.45,1625449482.0,64.0
-113.09,1625449482.0,64.0
-96.31,1625449482.0,64.0
-64.51,1625449482.0,64.0
-21.16,1625449482.0,64.0
26.91,1625449482.0,64.0
70.42,1625449482.0,64.0
100.09,1625449482.0,64.0
109.46,1625449482.0,64.0
96.36,1625449482.0,64.0
65.55,1625449482.0,64.0
30.62,1625449482.0,64.0
6.32,1625449482.0,64.0
2.93,1625449482.0,64.0
24.31,1625449482.0,64.0
67.56,1625449482.0,64.0
124.46,1625449482.0,64.0
184.57,1625449482.0,64.0
236.0,1625449482.0,64.0
269.44,1625449482.0,64.0
284.27,1625449482.0,64.0
282.32,1625449482.0,64.0
265.51,1625449482.0,64.0
238.44,1625449482.0,64.0
206.99,1625449482.0,64.0
176.79,1625449482.0,64.0
151.07,1625449482.0,64.0
126.77,1625449482.0,64.0
97.47,1625449482.0,64.0
63.42,1625449482.0,64.0
25.82,1625449482.0,64.0
-14.84,1625449482.0,64.0
-55.75,1625449482.0,64.0
-93.45,1625449482.0,64.0
-124.96,1625449482.0,64.0
-129.63,1625449482.0,64.0
-94.29,1625449482.0,64.0
-53.36,1625449482.0,64.0
-25.23,1625449482.0,64.0
-4.41,1625449482.0,64.0
11.08,1625449482.0,64.0
22.85,1625449482.0,64.0
31.29,1625449482.0,64.0
36.3,1625449482.0,64.0
36.46,1625449482.0,64.0
28.21,1625449482.0,64.0
5.34,1625449482.0,64.0
-28.76,1625449482.0,64.0
-67.82,1625449482.0,64.0
-107.59,1625449482.0,64.0
-144.06,1625449482.0,64.0
-175.2,1625449482.0,64.0
-200.16,1625449482.0,64.0
-221.32,1625449482.0,64.0
-243.13,1625449482.0,64.0
-273.92,1625449482.0,64.0
-313.3,1625449482.0,64.0
-355.23,1625449482.0,64.0
-394.06,1625449482.0,64.0
-423.97,1625449482.0,64.0
-441.48,1625449482.0,64.0
-445.05,1625449482.0,64.0
-438.1,1625449482.0,64.0
-392.53,1625449482.0,64.0
-297.62,1625449482.0,64.0
-162.22,1625449482.0,64.0
-11.74,1625449482.0,64.0
125.71,1625449482.0,64.0
236.01,1625449482.0,64.0
310.11,1625449482.0,64.0
359.84,1625449482.0,64.0
391.72,1625449482.0,64.0
407.36,1625449482.0,64.0
401.25,1625449482.0,64.0
370.95,1625449482.0,64.0
324.34,1625449482.0,64.0
267.74,1625449482.0,64.0
205.99,1625449482.0,64.0
141.31,1625449482.0,64.0
85.92,1625449482.0,64.0
51.51,1625449482.0,64.0
48.96,1625449482.0,64.0
78.47,1625449482.0,64.0
115.79,1625449482.0,64.0
154.33,1625449482.0,64.0
188.29,1625449482.0,64.0
210.72,1625449482.0,64.0
222.62,1625449482.0,64.0
223.69,1625449482.0,64.0
213.86,1625449482.0,64.0
195.23,1625449482.0,64.0
167.61,1625449482.0,64.0
131.48,1625449482.0,64.0
92.97,1625449482.0,64.0
58.66,1625449482.0,64.0
35.98,1625449482.0,64.0
30.3,1625449482.0,64.0
40.88,1625449482.0,64.0
58.69,1625449482.0,64.0
70.97,1625449482.0,64.0
65.82,1625449482.0,64.0
39.22,1625449482.0,64.0
-1.41,1625449482.0,64.0
-45.47,1625449482.0,64.0
-83.57,1625449482.0,64.0
-111.0,1625449482.0,64.0
-128.98,1625449482.0,64.0
-142.6,1625449482.0,64.0
-157.01,1625449482.0,64.0
-175.75,1625449482.0,64.0
-199.41,1625449482.0,64.0
-224.89,1625449482.0,64.0
-249.86,1625449482.0,64.0
-272.65,1625449482.0,64.0
-292.45,1625449482.0,64.0
-309.74,1625449482.0,64.0
-325.96,1625449482.0,64.0
-342.93,1625449482.0,64.0
-362.19,1625449482.0,64.0
-384.26,1625449482.0,64.0
-407.6,1625449482.0,64.0
-430.58,1625449482.0,64.0
-450.51,1625449482.0,64.0
-463.15,1625449482.0,64.0
-463.44,1625449482.0,64.0
-446.87,1625449482.0,64.0
-411.52,1625449482.0,64.0
-359.52,1625449482.0,64.0
-297.12,1625449482.0,64.0
-232.54,1625449482.0,64.0
-173.79,1625449482.0,64.0
-123.94,1625449482.0,64.0
-78.77,1625449482.0,64.0
-29.21,1625449482.0,64.0
32.66,1625449482.0,64.0
108.16,1625449482.0,64.0
189.88,1625449482.0,64.0
264.32,1625449482.0,64.0
318.04,1625449482.0,64.0
342.13,1625449482.0,64.0
336.58,1625449482.0,64.0
309.71,1625449482.0,64.0
273.44,1625449482.0,64.0
238.03,1625449482.0,64.0
209.7,1625449482.0,64.0
191.17,1625449482.0,64.0
183.05,1625449482.0,64.0
184.06,1625449482.0,64.0
188.22,1625449482.0,64.0
186.55,1625449482.0,64.0
170.67,1625449482.0,64.0
135.92,1625449482.0,64.0
83.98,1625449482.0,64.0
22.95,1625449482.0,64.0
-35.73,1625449482.0,64.0
-82.0,1625449482.0,64.0
-99.84,1625449482.0,64.0
-84.22,1625449482.0,64.0
-47.32,1625449482.0,64.0
-9.55,1625449482.0,64.0
16.18,1625449482.0,64.0
30.31,1625449482.0,64.0
39.97,1625449482.0,64.0
50.17,1625449482.0,64.0
61.03,1625449482.0,64.0
69.51,1625449482.0,64.0
71.1,1625449482.0,64.0
64.36,1625449482.0,64.0
54.47,1625449482.0,64.0
48.91,1625449482.0,64.0
54.16,1625449482.0,64.0
73.71,1625449482.0,64.0
106.6,1625449482.0,64.0
148.17,1625449482.0,64.0
191.84,1625449482.0,64.0
229.24,1625449482.0,64.0
254.35,1625449482.0,64.0
266.41,1625449482.0,64.0
263.45,1625449482.0,64.0
241.49,1625449482.0,64.0
204.31,1625449482.0,64.0
162.14,1625449482.0,64.0
126.73,1625449482.0,64.0
104.64,1625449482.0,64.0
93.6,1625449482.0,64.0
87.43,1625449482.0,64.0
81.56,1625449482.0,64.0
74.76,1625449482.0,64.0
68.93,1625449482.0,64.0
66.81,1625449482.0,64.0
68.73,1625449482.0,64.0
72.29,1625449482.0,64.0
73.8,1625449482.0,64.0
69.71,1625449482.0,64.0
57.75,1625449482.0,64.0
38.36,1625449482.0,64.0
13.61,1625449482.0,64.0
-13.81,1625449482.0,64.0
-41.2,1625449482.0,64.0
-67.41,1625449482.0,64.0
-93.12,1625449482.0,64.0
-115.24,1625449482.0,64.0
-134.14,1625449482.0,64.0
-150.6,1625449482.0,64.0
-164.69,1625449482.0,64.0
-176.2,1625449482.0,64.0
-184.96,1625449482.0,64.0
-191.07,1625449482.0,64.0
-195.44,1625449482.0,64.0
-198.62,1625449482.0,64.0
-199.37,1625449482.0,64.0
-194.92,1625449482.0,64.0
-181.0,1625449482.0,64.0
-154.59,1625449482.0,64.0
-116.61,1625449482.0,64.0
-72.37,1625449482.0,64.0
-29.57,1625449482.0,64.0
4.6,1625449482.0,64.0
26.38,1625449482.0,64.0
36.56,1625449482.0,64.0
38.49,1625449482.0,64.0
36.49,1625449482.0,64.0
33.53,1625449482.0,64.0
30.43,1625449482.0,64.0
26.72,1625449482.0,64.0
22.2,1625449482.0,64.0
17.56,1625449482.0,64.0
14.2,1625449482.0,64.0
13.18,1625449482.0,64.0
14.14,1625449482.0,64.0
15.79,1625449482.0,64.0
16.51,1625449482.0,64.0
14.9,1625449482.0,64.0
10.57,1625449482.0,64.0
4.26,1625449482.0,64.0
-2.58,1625449482.0,64.0
-8.38,1625449482.0,64.0
-12.1,1625449482.0,64.0
-13.86,1625449482.0,64.0
-14.51,1625449482.0,64.0
-15.31,1625449482.0,64.0
-17.39,1625449482.0,64.0
-21.35,1625449482.0,64.0
-27.02,1625449482.0,64.0
-33.6,1625449482.0,64.0
-39.84,1625449482.0,64.0
-44.6,1625449482.0,64.0
-47.3,1625449482.0,64.0
-47.79,1625449482.0,64.0
-46.49,1625449482.0,64.0
-44.06,1625449482.0,64.0
-41.19,1625449482.0,64.0
-38.24,1625449482.0,64.0
-35.18,1625449482.0,64.0
-31.5,1625449482.0,64.0
-26.22,1625449482.0,64.0
-18.59,1625449482.0,64.0
-8.27,1625449482.0,64.0
4.4,1625449482.0,64.0
18.46,1625449482.0,64.0
32.55,1625449482.0,64.0
45.55,1625449482.0,64.0
56.64,1625449482.0,64.0
65.86,1625449482.0,64.0
73.59,1625449482.0,64.0
80.49,1625449482.0,64.0
87.51,1625449482.0,64.0
95.89,1625449482.0,64.0
107.06,1625449482.0,64.0
121.92,1625449482.0,64.0
139.77,1625449482.0,64.0
156.02,1625449482.0,64.0
165.54,1625449482.0,64.0
162.49,1625449482.0,64.0
143.51,1625449482.0,64.0
110.29,1625449482.0,64.0
69.62,1625449482.0,64.0
31.06,1625449482.0,64.0
2.72,1625449482.0,64.0
-11.88,1625449482.0,64.0
-14.83,1625449482.0,64.0
-11.73,1625449482.0,64.0
-8.68,1625449482.0,64.0
-9.57,1625449482.0,64.0
-15.27,1625449482.0,64.0
-24.96,1625449482.0,64.0
-37.45,1625449482.0,64.0
-52.06,1625449482.0,64.0
-67.28,1625449482.0,64.0
-79.91,1625449482.0,64.0
-85.15,1625449482.0,64.0
-78.99,1625449482.0,64.0
-60.69,1625449482.0,64.0
-33.98,1625449482.0,64.0
-6.44,1625449482.0,64.0
13.79,1625449482.0,64.0
21.42,1625449482.0,64.0
16.27,1625449482.0,64.0
2.56,1625449482.0,64.0
-13.51,1625449482.0,64.0
-27.1,1625449482.0,64.0
-36.27,1625449482.0,64.0
-41.49,1625449482.0,64.0
-44.04,1625449482.0,64.0
-44.31,1625449482.0,64.0
-41.49,1625449482.0,64.0
-34.52,1625449482.0,64.0
-23.46,1625449482.0,64.0
-10.06,1625449482.0,64.0
2.77,1625449482.0,64.0
12.22,1625449482.0,64.0
16.95,1625449482.0,64.0
17.39,1625449482.0,64.0
15.21,1625449482.0,64.0
12.36,1625449482.0,64.0
10.13,1625449482.0,64.0
8.82,1625449482.0,64.0
7.95,1625449482.0,64.0
6.69,1625449482.0,64.0
4.52,1625449482.0,64.0
1.61,1625449482.0,64.0
-1.29,1625449482.0,64.0
-3.06,1625449482.0,64.0
-2.62,1625449482.0,64.0
0.65,1625449482.0,64.0
6.58,1625449482.0,64.0
14.26,1625449482.0,64.0
22.09,1625449482.0,64.0
28.33,1625449482.0,64.0
31.64,1625449482.0,64.0
31.47,1625449482.0,64.0
28.14,1625449482.0,64.0
22.58,1625449482.0,64.0
15.91,1625449482.0,64.0
9.09,1625449482.0,64.0
2.85,1625449482.0,64.0
-2.44,1625449482.0,64.0
-6.62,1625449482.0,64.0
-9.58,1625449482.0,64.0
-11.12,1625449482.0,64.0
-11.01,1625449482.0,64.0
-9.07,1625449482.0,64.0
-5.26,1625449482.0,64.0
-0.6,1625449482.0,64.0
4.21,1625449482.0,64.0
8.48,1625449482.0,64.0
11.75,1625449482.0,64.0
13.94,1625449482.0,64.0
15.4,1625449482.0,64.0
16.74,1625449482.0,64.0
18.39,1625449482.0,64.0
20.13,1625449482.0,64.0
20.67,1625449482.0,64.0
17.91,1625449482.0,64.0
9.59,1625449482.0,64.0
-5.37,1625449482.0,64.0
-25.7,1625449482.0,64.0
-47.41,1625449482.0,64.0
-64.53,1625449482.0,64.0
-71.19,1625449482.0,64.0
-63.79,1625449482.0,64.0
-42.38,1625449482.0,64.0
-10.41,1625449482.0,64.0
26.87,1625449482.0,64.0
64.85,1625449482.0,64.0
101.36,1625449482.0,64.0
136.53,1625449482.0,64.0
171.26,1625449482.0,64.0
205.28,1625449482.0,64.0
236.45,1625449482.0,64.0
261.51,1625449482.0,64.0
278.01,1625449482.0,64.0
285.48,1625449482.0,64.0
285.32,1625449482.0,64.0
279.41,1625449482.0,64.0
268.75,1625449482.0,64.0
253.23,1625449482.0,64.0
232.79,1625449482.0,64.0
208.94,1625449482.0,64.0
185.16,1625449482.0,64.0
165.8,1625449482.0,64.0
153.71,1625449482.0,64.0
148.39,1625449482.0,64.0
145.92,1625449482.0,64.0
140.89,1625449482.0,64.0
129.05,1625449482.0,64.0
109.25,1625449482.0,64.0
83.5,1625449482.0,64.0
55.39,1625449482.0,64.0
28.11,1625449482.0,64.0
3.37,1625449482.0,64.0
-18.62,1625449482.0,64.0
-38.39,1625449482.0,64.0
-56.12,1625449482.0,64.0
-71.33,1625449482.0,64.0
-83.13,1625449482.0,64.0
-90.92,1625449482.0,64.0
-94.81,1625449482.0,64.0
-95.72,1625449482.0,64.0
-95.01,1625449482.0,64.0
-93.77,1625449482.0,64.0
-92.33,1625449482.0,64.0
-90.17,1625449482.0,64.0
-86.34,1625449482.0,64.0
-80.17,1625449482.0,64.0
-71.99,1625449482.0,64.0
-63.26,1625449482.0,64.0
-56.07,1625449482.0,64.0
-52.22,1625449482.0,64.0
-52.25,1625449482.0,64.0
-55.02,1625449482.0,64.0
-58.21,1625449482.0,64.0
-59.34,1625449482.0,64.0
-57.04,1625449482.0,64.0
-51.63,1625449482.0,64.0
-44.94,1625449482.0,64.0
-39.3,1625449482.0,64.0
-36.53,1625449482.0,64.0
-37.22,1625449482.0,64.0
-40.83,1625449482.0,64.0
-46.18,1625449482.0,64.0
-52.06,1625449482.0,64.0
-57.65,1625449482.0,64.0
-62.43,1625449482.0,64.0
-66.06,1625449482.0,64.0
-68.17,1625449482.0,64.0
-68.45,1625449482.0,64.0
-66.71,1625449482.0,64.0
-63.09,1625449482.0,64.0
-58.0,1625449482.0,64.0
-52.03,1625449482.0,64.0
-45.79,1625449482.0,64.0
-39.88,1625449482.0,64.0
-34.85,1625449482.0,64.0
-31.23,1625449482.0,64.0
-29.46,1625449482.0,64.0
-29.71,1625449482.0,64.0
-31.83,1625449482.0,64.0
-35.35,1625449482.0,64.0
-39.63,1625449482.0,64.0
-44.06,1625449482.0,64.0
-48.4,1625449482.0,64.0
-52.78,1625449482.0,64.0
-57.73,1625449482.0,64.0
-64.09,1625449482.0,64.0
-72.71,1625449482.0,64.0
-84.08,1625449482.0,64.0
-97.78,1625449482.0,64.0
-112.19,1625449482.0,64.0
-124.65,1625449482.0,64.0
-132.16,1625449482.0,64.0
-132.54,1625449482.0,64.0
-125.44,1625449482.0,64.0
-112.75,1625449482.0,64.0
-98.02,1625449482.0,64.0
-85.21,1625449482.0,64.0
-77.34,1625449482.0,64.0
-75.58,1625449482.0,64.0
-79.25,1625449482.0,64.0
-86.56,1625449482.0,64.0
-95.59,1625449482.0,64.0
-105.04,1625449482.0,64.0
-114.42,1625449482.0,64.0
-123.7,1625449482.0,64.0
-132.75,1625449482.0,64.0
-141.11,1625449482.0,64.0
-148.01,1625449482.0,64.0
-152.7,1625449482.0,64.0
-154.87,1625449482.0,64.0
-154.85,1625449482.0,64.0
-153.46,1625449482.0,64.0
-151.7,1625449482.0,64.0
-150.47,1625449482.0,64.0
-150.55,1625449482.0,64.0
-152.76,1625449482.0,64.0
-157.95,1625449482.0,64.0
-166.69,1625449482.0,64.0
-178.77,1625449482.0,64.0
-192.67,1625449482.0,64.0
-205.6,1625449482.0,64.0
-214.19,1625449482.0,64.0
-215.66,1625449482.0,64.0
-208.79,1625449482.0,64.0
-194.11,1625449482.0,64.0
-173.3,1625449482.0,64.0
-148.06,1625449482.0,64.0
-119.3,1625449482.0,64.0
-87.13,1625449482.0,64.0
-51.52,1625449482.0,64.0
-13.13,1625449482.0,64.0
26.22,1625449482.0,64.0
64.09,1625449482.0,64.0
98.27,1625449482.0,64.0
127.76,1625449482.0,64.0
153.0,1625449482.0,64.0
175.44,1625449482.0,64.0
196.75,1625449482.0,64.0
217.87,1625449482.0,64.0
238.61,1625449482.0,64.0
257.44,1625449482.0,64.0
271.73,1625449482.0,64.0
278.14,1625449482.0,64.0
273.51,1625449482.0,64.0
255.99,1625449482.0,64.0
226.12,1625449482.0,64.0
187.4,1625449482.0,64.0
145.65,1625449482.0,64.0
107.52,1625449482.0,64.0
78.52,1625449482.0,64.0
61.5,1625449482.0,64.0
56.21,1625449482.0,64.0
59.97,1625449482.0,64.0
68.89,1625449482.0,64.0
79.03,1625449482.0,64.0
86.99,1625449482.0,64.0
89.96,1625449482.0,64.0
85.84,1625449482.0,64.0
73.34,1625449482.0,64.0
52.44,1625449482.0,64.0
24.62,1625449482.0,64.0
-7.44,1625449482.0,64.0
-40.54,1625449482.0,64.0
-72.08,1625449482.0,64.0
-100.91,1625449482.0,64.0
-127.8,1625449482.0,64.0
-155.2,1625449482.0,64.0
-186.48,1625449482.0,64.0
-224.72,1625449482.0,64.0
-271.29,1625449482.0,64.0
-324.82,1625449482.0,64.0
-380.75,1625449482.0,64.0
-432.08,1625449482.0,64.0
-471.11,1625449482.0,64.0
-491.81,1625449482.0,64.0
-491.73,1625449482.0,64.0
-472.79,1625449482.0,64.0
-440.29,1625449482.0,64.0
-400.9,1625449482.0,64.0
-360.44,1625449482.0,64.0
-322.45,1625449482.0,64.0
-288.12,1625449482.0,64.0
-257.23,1625449482.0,64.0
-229.26,1625449482.0,64.0
-204.17,1625449482.0,64.0
-182.25,1625449482.0,64.0
-163.61,1625449482.0,64.0
-147.71,1625449482.0,64.0
-133.37,1625449482.0,64.0
-119.2,1625449482.0,64.0
-104.26,1625449482.0,64.0
-88.47,1625449482.0,64.0
-72.52,1625449482.0,64.0
-57.48,1625449482.0,64.0
-44.1,1625449482.0,64.0
-32.47,1625449482.0,64.0
-21.94,1625449482.0,64.0
-11.49,1625449482.0,64.0
-0.22,1625449482.0,64.0
12.15,1625449482.0,64.0
25.13,1625449482.0,64.0
37.64,1625449482.0,64.0
48.54,1625449482.0,64.0
57.08,1625449482.0,64.0
63.29,1625449482.0,64.0
67.91,1625449482.0,64.0
72.06,1625449482.0,64.0
76.84,1625449482.0,64.0
82.83,1625449482.0,64.0
89.99,1625449482.0,64.0
97.8,1625449482.0,64.0
105.64,1625449482.0,64.0
113.03,1625449482.0,64.0
119.96,1625449482.0,64.0
126.75,1625449482.0,64.0
133.87,1625449482.0,64.0
141.72,1625449482.0,64.0
150.58,1625449482.0,64.0
160.62,1625449482.0,64.0
171.88,1625449482.0,64.0
184.2,1625449482.0,64.0
196.91,1625449482.0,64.0
208.65,1625449482.0,64.0
217.39,1625449482.0,64.0
221.03,1625449482.0,64.0
218.42,1625449482.0,64.0
210.02,1625449482.0,64.0
197.86,1625449482.0,64.0
184.58,1625449482.0,64.0
172.08,1625449482.0,64.0
160.67,1625449482.0,64.0
149.27,1625449482.0,64.0
136.58,1625449482.0,64.0
122.41,1625449482.0,64.0
108.33,1625449482.0,64.0
97.14,1625449482.0,64.0
91.6,1625449482.0,64.0
93.25,1625449482.0,64.0
102.28,1625449482.0,64.0
118.15,1625449482.0,64.0
140.44,1625449482.0,64.0
168.94,1625449482.0,64.0
202.9,1625449482.0,64.0
239.96,1625449482.0,64.0
275.49,1625449482.0,64.0
303.51,1625449482.0,64.0
318.4,1625449482.0,64.0
317.06,1625449482.0,64.0
299.86,1625449482.0,64.0
270.5,1625449482.0,64.0
234.39,1625449482.0,64.0
196.89,1625449482.0,64.0
161.89,1625449482.0,64.0
131.38,1625449482.0,64.0
105.94,1625449482.0,64.0
85.35,1625449482.0,64.0
69.16,1625449482.0,64.0
56.89,1625449482.0,64.0
47.92,1625449482.0,64.0
41.44,1625449482.0,64.0
36.58,1625449482.0,64.0
32.64,1625449482.0,64.0
29.29,1625449482.0,64.0
26.66,1625449482.0,64.0
25.09,1625449482.0,64.0
24.72,1625449482.0,64.0
25.16,1625449482.0,64.0
25.43,1625449482.0,64.0
24.24,1625449482.0,64.0
20.58,1625449482.0,64.0
14.1,1625449482.0,64.0
5.35,1625449482.0,64.0
-4.4,1625449482.0,64.0
-13.7,1625449482.0,64.0
-21.47,1625449482.0,64.0
-27.29,1625449482.0,64.0
-31.52,1625449482.0,64.0
-35.04,1625449482.0,64.0
-38.83,1625449482.0,64.0
-43.52,1625449482.0,64.0
-49.14,1625449482.0,64.0
-54.89,1625449482.0,64.0
-59.28,1625449482.0,64.0
-60.5,1625449482.0,64.0
-56.97,1625449482.0,64.0
-48.03,1625449482.0,64.0
-34.24,1625449482.0,64.0
-17.34,1625449482.0,64.0
0.46,1625449482.0,64.0
17.18,1625449482.0,64.0
31.71,1625449482.0,64.0
43.84,1625449482.0,64.0
53.87,1625449482.0,64.0
62.18,1625449482.0,64.0
68.94,1625449482.0,64.0
74.29,1625449482.0,64.0
78.55,1625449482.0,64.0
82.43,1625449482.0,64.0
86.83,1625449482.0,64.0
92.43,1625449482.0,64.0
99.24,1625449482.0,64.0
106.44,1625449482.0,64.0
112.8,1625449482.0,64.0
117.16,1625449482.0,64.0
119.07,1625449482.0,64.0
119.0,1625449482.0,64.0
118.3,1625449482.0,64.0
118.62,1625449482.0,64.0
121.3,1625449482.0,64.0
126.82,1625449482.0,64.0
134.48,1625449482.0,64.0
142.63,1625449482.0,64.0
149.29,1625449482.0,64.0
152.92,1625449482.0,64.0
153.11,1625449482.0,64.0
150.84,1625449482.0,64.0
148.21,1625449482.0,64.0
147.74,1625449482.0,64.0
151.3,1625449482.0,64.0
159.51,1625449482.0,64.0
171.78,1625449482.0,64.0
186.84,1625449482.0,64.0
203.48,1625449482.0,64.0
220.98,1625449482.0,64.0
239.0,1625449482.0,64.0
256.92,1625449482.0,64.0
273.47,1625449482.0,64.0
286.63,1625449482.0,64.0
293.81,1625449482.0,64.0
292.78,1625449482.0,64.0
281.89,1625449482.0,64.0
259.88,1625449482.0,64.0
225.52,1625449482.0,64.0
177.52,1625449482.0,64.0
115.51,1625449482.0,64.0
41.51,1625449482.0,64.0
-39.33,1625449482.0,64.0
-119.0,1625449482.0,64.0
-188.37,1625449482.0,64.0
-239.61,1625449482.0,64.0
-268.06,1625449482.0,64.0
-272.7,1625449482.0,64.0
-255.33,1625449482.0,64.0
-219.12,1625449482.0,64.0
-167.81,1625449482.0,64.0
-105.69,1625449482.0,64.0
-38.29,1625449482.0,64.0
27.35,1625449482.0,64.0
83.35,1625449482.0,64.0
122.99,1625449482.0,64.0
142.78,1625449482.0,64.0
143.6,1625449482.0,64.0
130.34,1625449482.0,64.0
109.93,1625449482.0,64.0
88.72,1625449482.0,64.0
70.65,1625449482.0,64.0
56.59,1625449482.0,64.0
44.81,1625449482.0,64.0
32.66,1625449482.0,64.0
18.27,1625449482.0,64.0
1.15,1625449482.0,64.0
-17.56,1625449482.0,64.0
-35.64,1625449482.0,64.0
-50.33,1625449482.0,64.0
-58.61,1625449482.0,64.0
-57.67,1625449482.0,64.0
-45.61,1625449482.0,64.0
-22.2,1625449482.0,64.0
10.37,1625449482.0,64.0
47.51,1625449482.0,64.0
83.42,1625449482.0,64.0
112.75,1625449482.0,64.0
132.11,1625449482.0,64.0
140.74,1625449482.0,64.0
139.83,1625449482.0,64.0
131.33,1625449482.0,64.0
116.82,1625449482.0,64.0
97.24,1625449482.0,64.0
73.42,1625449482.0,64.0
46.92,1625449482.0,64.0
20.34,1625449482.0,64.0
-3.32,1625449482.0,64.0
-21.85,1625449482.0,64.0
-34.89,1625449482.0,64.0
-44.01,1625449482.0,64.0
-51.66,1625449482.0,64.0
-59.8,1625449482.0,64.0
-68.73,1625449482.0,64.0
-77.05,1625449482.0,64.0
-82.63,1625449482.0,64.0
-83.98,1625449482.0,64.0
-81.38,1625449482.0,64.0
-77.09,1625449482.0,64.0
-74.48,1625449482.0,64.0
-76.46,1625449482.0,64.0
-84.26,1625449482.0,64.0
-96.78,1625449482.0,64.0
-110.94,1625449482.0,64.0
-122.85,1625449482.0,64.0
-129.12,1625449482.0,64.0
-128.07,1625449482.0,64.0
-120.35,1625449482.0,64.0
-108.74,1625449482.0,64.0
-97.48,1625449482.0,64.0
-91.07,1625449482.0,64.0
-92.96,1625449482.0,64.0
-104.35,1625449482.0,64.0
-123.39,1625449482.0,64.0
-145.4,1625449482.0,64.0
-164.08,1625449482.0,64.0
-173.47,1625449482.0,64.0
-170.13,1625449482.0,64.0
-154.45,1625449482.0,64.0
-130.42,1625449482.0,64.0
-103.96,1625449482.0,64.0
-80.67,1625449482.0,64.0
-63.91,1625449482.0,64.0
-54.37,1625449482.0,64.0
-51.1,1625449482.0,64.0
-52.95,1625449482.0,64.0
-59.68,1625449482.0,64.0
-71.84,1625449482.0,64.0
-89.52,1625449482.0,64.0
-111.13,1625449482.0,64.0
-133.19,1625449482.0,64.0
-151.34,1625449482.0,64.0
-162.37,1625449482.0,64.0
-166.01,1625449482.0,64.0
-165.26,1625449482.0,64.0
-165.52,1625449482.0,64.0
-172.66,1625449482.0,64.0
-190.83,1625449482.0,64.0
-220.81,1625449482.0,64.0
-259.04,1625449482.0,64.0
-297.53,1625449482.0,64.0
-325.01,1625449482.0,64.0
-329.58,1625449482.0,64.0
-302.47,1625449482.0,64.0
-241.75,1625449482.0,64.0
-154.09,1625449482.0,64.0
-53.39,1625449482.0,64.0
43.54,1625449482.0,64.0
122.58,1625449482.0,64.0
176.46,1625449482.0,64.0
205.43,1625449482.0,64.0
214.64,1625449482.0,64.0
209.88,1625449482.0,64.0
194.58,1625449482.0,64.0
169.08,1625449482.0,64.0
132.62,1625449482.0,64.0
85.94,1625449482.0,64.0
32.78,1625449482.0,64.0
-20.55,1625449482.0,64.0
-66.95,1625449482.0,64.0
-100.29,1625449482.0,64.0
-116.71,1625449482.0,64.0
-115.15,1625449482.0,64.0
-97.11,1625449482.0,64.0
-66.34,1625449482.0,64.0
-28.39,1625449482.0,64.0
10.44,1625449482.0,64.0
44.42,1625449482.0,64.0
69.2,1625449482.0,64.0
82.25,1625449482.0,64.0
82.28,1625449482.0,64.0
68.22,1625449482.0,64.0
38.4,1625449482.0,64.0
-9.29,1625449482.0,64.0
-76.13,1625449482.0,64.0
-160.6,1625449482.0,64.0
-256.89,1625449482.0,64.0
-355.08,1625449482.0,64.0
-443.16,1625449482.0,64.0
-510.49,1625449482.0,64.0
-551.09,1625449482.0,64.0
-565.24,1625449482.0,64.0
-558.46,1625449482.0,64.0
-538.69,1625449482.0,64.0
-513.01,1625449482.0,64.0
-485.18,1625449482.0,64.0
-455.94,1625449482.0,64.0
-424.59,1625449482.0,64.0
-391.29,1625449482.0,64.0
-357.96,1625449482.0,64.0
-327.55,1625449482.0,64.0
-302.27,1625449482.0,64.0
-281.99,1625449482.0,64.0
-264.26,1625449482.0,64.0
-245.68,1625449482.0,64.0
-223.97,1625449482.0,64.0
-199.14,1625449482.0,64.0
-173.39,1625449482.0,64.0
-149.99,1625449482.0,64.0
-131.25,1625449482.0,64.0
-117.63,1625449482.0,64.0
-107.51,1625449482.0,64.0
-98.15,1625449482.0,64.0
-86.8,1625449482.0,64.0
-71.71,1625449482.0,64.0
-52.32,1625449482.0,64.0
-29.18,1625449482.0,64.0
-3.78,1625449482.0,64.0
21.61,1625449482.0,64.0
44.16,1625449482.0,64.0
60.97,1625449482.0,64.0
70.06,1625449482.0,64.0
71.12,1625449482.0,64.0
65.86,1625449482.0,64.0
57.33,1625449482.0,64.0
48.69,1625449482.0,64.0
41.99,1625449482.0,64.0
37.72,1625449482.0,64.0
35.02,1625449482.0,64.0
32.69,1625449482.0,64.0
29.76,1625449482.0,64.0
25.92,1625449482.0,64.0
21.2,1625449482.0,64.0
15.57,1625449482.0,64.0
9.03,1625449482.0,64.0
1.83,1625449482.0,64.0
-5.14,1625449482.0,64.0
-10.39,1625449482.0,64.0
-12.31,1625449482.0,64.0
-10.0,1625449482.0,64.0
-3.72,1625449482.0,64.0
5.4,1625449482.0,64.0
15.9,1625449482.0,64.0
27.06,1625449482.0,64.0
39.39,1625449482.0,64.0
54.54,1625449482.0,64.0
74.7,1625449482.0,64.0
101.88,1625449482.0,64.0
137.29,1625449482.0,64.0
180.69,1625449482.0,64.0
229.71,1625449482.0,64.0
279.35,1625449482.0,64.0
322.44,1625449482.0,64.0
351.37,1625449482.0,64.0
360.84,1625449482.0,64.0
350.43,1625449482.0,64.0
325.44,1625449482.0,64.0
295.17,1625449482.0,64.0
269.2,1625449482.0,64.0
253.7,1625449482.0,64.0
249.49,1625449482.0,64.0
253.04,1625449482.0,64.0
259.48,1625449482.0,64.0
265.62,1625449482.0,64.0
271.41,1625449482.0,64.0
279.26,1625449482.0,64.0
292.04,1625449482.0,64.0
311.28,1625449482.0,64.0
336.35,1625449482.0,64.0
364.78,1625449482.0,64.0
393.0,1625449482.0,64.0
417.02,1625449482.0,64.0
433.01,1625449482.0,64.0
438.04,1625449482.0,64.0
430.73,1625449482.0,64.0
411.7,1625449482.0,64.0
383.38,1625449482.0,64.0
349.11,1625449482.0,64.0
311.98,1625449482.0,64.0
274.21,1625449482.0,64.0
237.3,1625449482.0,64.0
202.82,1625449482.0,64.0
172.99,1625449482.0,64.0
150.32,1625449482.0,64.0
136.52,1625449482.0,64.0
131.16,1625449482.0,64.0
131.18,1625449482.0,64.0
131.78,1625449482.0,64.0
128.42,1625449482.0,64.0
118.72,1625449482.0,64.0
103.4,1625449482.0,64.0
85.56,1625449482.0,64.0
68.82,1625449482.0,64.0
55.37,1625449482.0,64.0
45.18,1625449482.0,64.0
36.33,1625449482.0,64.0
26.57,1625449482.0,64.0
14.73,1625449482.0,64.0
1.39,1625449482.0,64.0
-11.53,1625449482.0,64.0
-21.81,1625449482.0,64.0
-27.93,1625449482.0,64.0
-29.69,1625449482.0,64.0
-28.17,1625449482.0,64.0
-25.28,1625449482.0,64.0
-23.23,1625449482.0,64.0
-24.0,1625449482.0,64.0
-28.81,1625449482.0,64.0
-37.69,1625449482.0,64.0
-49.43,1625449482.0,64.0
-61.98,1625449482.0,64.0
-73.47,1625449482.0,64.0
-83.31,1625449482.0,64.0
-92.62,1625449482.0,64.0
-103.94,1625449482.0,64.0
-120.25,1625449482.0,64.0
-143.83,1625449482.0,64.0
-175.46,1625449482.0,64.0
-214.08,1625449482.0,64.0
-256.83,1625449482.0,64.0
-299.34,1625449482.0,64.0
-336.22,1625449482.0,64.0
-361.92,1625449482.0,64.0
-372.1,1625449482.0,64.0
-364.8,1625449482.0,64.0
-341.2,1625449482.0,64.0
-305.07,1625449482.0,64.0
-261.39,1625449482.0,64.0
-214.28,1625449482.0,64.0
-165.71,1625449482.0,64.0
-115.42,1625449482.0,64.0
-62.36,1625449482.0,64.0
-6.67,1625449482.0,64.0
49.1,1625449482.0,64.0
100.17,1625449482.0,64.0
141.25,1625449482.0,64.0
168.73,1625449482.0,64.0
182.08,1625449482.0,64.0
183.62,1625449482.0,64.0
176.91,1625449482.0,64.0
164.61,1625449482.0,64.0
147.1,1625449482.0,64.0
123.01,1625449482.0,64.0
91.18,1625449482.0,64.0
52.77,1625449482.0,64.0
12.16,1625449482.0,64.0
-24.43,1625449482.0,64.0
-51.47,1625449482.0,64.0
-66.82,1625449482.0,64.0
-72.45,1625449482.0,64.0
-73.01,1625449482.0,64.0
-73.03,1625449482.0,64.0
-74.54,1625449482.0,64.0
-76.4,1625449482.0,64.0
-75.52,1625449482.0,64.0
-69.11,1625449482.0,64.0
-56.4,1625449482.0,64.0
-38.89,1625449482.0,64.0
-19.19,1625449482.0,64.0
0.76,1625449482.0,64.0
20.64,1625449482.0,64.0
41.5,1625449482.0,64.0
64.38,1625449482.0,64.0
88.73,1625449482.0,64.0
111.67,1625449482.0,64.0
128.72,1625449482.0,64.0
135.31,1625449482.0,64.0
128.77,1625449482.0,64.0
109.44,1625449482.0,64.0
80.77,1625449482.0,64.0
48.15,1625449482.0,64.0
17.21,1625449482.0,64.0
-7.75,1625449482.0,64.0
-24.53,1625449482.0,64.0
-32.97,1625449482.0,64.0
-34.48,1625449482.0,64.0
-31.37,1625449482.0,64.0
-26.59,1625449482.0,64.0
-23.55,1625449482.0,64.0
-25.65,1625449482.0,64.0
-35.62,1625449482.0,64.0
-54.42,1625449482.0,64.0
-80.71,1625449482.0,64.0
-110.75,1625449482.0,64.0
-139.6,1625449482.0,64.0
-162.91,1625449482.0,64.0
-178.32,1625449482.0,64.0
-186.0,1625449482.0,64.0
-187.82,1625449482.0,64.0
-186.17,1625449482.0,64.0
-182.85,1625449482.0,64.0
-178.72,1625449482.0,64.0
-173.63,1625449482.0,64.0
-167.28,1625449482.0,64.0
-159.84,1625449482.0,64.0
-152.3,1625449482.0,64.0
-146.08,1625449482.0,64.0
-142.15,1625449482.0,64.0
-140.7,1625449482.0,64.0
-141.05,1625449482.0,64.0
-142.05,1625449482.0,64.0
-141.79,1625449482.0,64.0
-138.27,1625449482.0,64.0
-130.21,1625449482.0,64.0
-117.62,1625449482.0,64.0
-101.75,1625449482.0,64.0
-84.01,1625449482.0,64.0
-65.48,1625449482.0,64.0
-46.15,1625449482.0,64.0
-24.77,1625449482.0,64.0
1.78,1625449482.0,64.0
36.68,1625449482.0,64.0
81.11,1625449482.0,64.0
132.14,1625449482.0,64.0
182.85,1625449482.0,64.0
224.95,1625449482.0,64.0
251.49,1625449482.0,64.0
259.26,1625449482.0,64.0
249.66,1625449482.0,64.0
229.0,1625449482.0,64.0
205.14,1625449482.0,64.0
184.51,1625449482.0,64.0
169.54,1625449482.0,64.0
154.93,1625449482.0,64.0
134.81,1625449482.0,64.0
105.1,1625449482.0,64.0
68.7,1625449482.0,64.0
25.62,1625449482.0,64.0
-25.16,1625449482.0,64.0
-85.49,1625449482.0,64.0
-153.32,1625449482.0,64.0
-222.69,1625449482.0,64.0
-284.36,1625449482.0,64.0
-327.76,1625449482.0,64.0
-344.9,1625449482.0,64.0
-334.38,1625449482.0,64.0
-301.78,1625449482.0,64.0
-255.7,1625449482.0,64.0
-204.97,1625449482.0,64.0
-153.8,1625449482.0,64.0
-101.42,1625449482.0,64.0
-43.83,1625449482.0,64.0
20.66,1625449482.0,64.0
92.94,1625449482.0,64.0
166.2,1625449482.0,64.0
228.92,1625449482.0,64.0
270.25,1625449482.0,64.0
281.94,1625449482.0,64.0
262.34,1625449482.0,64.0
215.08,1625449482.0,64.0
147.42,1625449482.0,64.0
68.53,1625449482.0,64.0
-12.23,1625449482.0,64.0
-87.03,1625449482.0,64.0
-149.3,1625449482.0,64.0
-193.27,1625449482.0,64.0
-217.36,1625449482.0,64.0
-222.0,1625449482.0,64.0
-210.77,1625449482.0,64.0
-188.75,1625449482.0,64.0
-160.34,1625449482.0,64.0
-127.78,1625449482.0,64.0
-91.95,1625449482.0,64.0
-59.06,1625449482.0,64.0
-25.48,1625449482.0,64.0
3.05,1625449482.0,64.0
20.74,1625449482.0,64.0
23.32,1625449482.0,64.0
10.74,1625449482.0,64.0
-12.08,1625449482.0,64.0
-36.73,1625449482.0,64.0
-54.98,1625449482.0,64.0
-61.62,1625449482.0,64.0
-55.05,1625449482.0,64.0
-38.7,1625449482.0,64.0
-16.1,1625449482.0,64.0
10.27,1625449482.0,64.0
39.69,1625449482.0,64.0
71.92,1625449482.0,64.0
105.57,1625449482.0,64.0
137.14,1625449482.0,64.0
162.07,1625449482.0,64.0
177.28,1625449482.0,64.0
181.16,1625449482.0,64.0
176.14,1625449482.0,64.0
166.63,1625449482.0,64.0
157.45,1625449482.0,64.0
151.64,1625449482.0,64.0
149.54,1625449482.0,64.0
149.36,1625449482.0,64.0
148.35,1625449482.0,64.0
144.69,1625449482.0,64.0
137.15,1625449482.0,64.0
126.41,1625449482.0,64.0
113.94,1625449482.0,64.0
101.24,1625449482.0,64.0
89.14,1625449482.0,64.0
77.63,1625449482.0,64.0
66.07,1625449482.0,64.0
53.68,1625449482.0,64.0
40.09,1625449482.0,64.0
25.01,1625449482.0,64.0
8.86,1625449482.0,64.0
-7.52,1625449482.0,64.0
-22.91,1625449482.0,64.0
-35.94,1625449482.0,64.0
-45.25,1625449482.0,64.0
-49.76,1625449482.0,64.0
-48.96,1625449482.0,64.0
-42.97,1625449482.0,64.0
-32.63,1625449482.0,64.0
-19.1,1625449482.0,64.0
-3.55,1625449482.0,64.0
13.01,1625449482.0,64.0
29.77,1625449482.0,64.0
45.94,1625449482.0,64.0
60.67,1625449482.0,64.0
73.07,1625449482.0,64.0
82.33,1625449482.0,64.0
88.05,1625449482.0,64.0
90.44,1625449482.0,64.0
90.3,1625449482.0,64.0
88.81,1625449482.0,64.0
87.07,1625449482.0,64.0
85.74,1625449482.0,64.0
84.87,1625449482.0,64.0
84.03,1625449482.0,64.0
82.69,1625449482.0,64.0
80.65,1625449482.0,64.0
78.13,1625449482.0,64.0
75.62,1625449482.0,64.0
73.45,1625449482.0,64.0
71.6,1625449482.0,64.0
69.53,1625449482.0,64.0
66.47,1625449482.0,64.0
61.78,1625449482.0,64.0
55.14,1625449482.0,64.0
46.67,1625449482.0,64.0
36.8,1625449482.0,64.0
26.04,1625449482.0,64.0
14.84,1625449482.0,64.0
3.55,1625449482.0,64.0
-7.62,1625449482.0,64.0
-18.5,1625449482.0,64.0
-28.99,1625449482.0,64.0
-39.06,1625449482.0,64.0
-48.78,1625449482.0,64.0
-58.27,1625449482.0,64.0
-67.74,1625449482.0,64.0
-77.23,1625449482.0,64.0
-86.47,1625449482.0,64.0
-94.75,1625449482.0,64.0
-100.91,1625449482.0,64.0
-103.52,1625449482.0,64.0
-101.36,1625449482.0,64.0
-93.88,1625449482.0,64.0
-81.35,1625449482.0,64.0
-64.92,1625449482.0,64.0
-46.11,1625449482.0,64.0
-26.41,1625449482.0,64.0
-6.92,1625449482.0,64.0
11.6,1625449482.0,64.0
28.52,1625449482.0,64.0
43.05,1625449482.0,64.0
54.23,1625449482.0,64.0
61.17,1625449482.0,64.0
63.46,1625449482.0,64.0
61.51,1625449482.0,64.0
56.52,1625449482.0,64.0
50.16,1625449482.0,64.0
43.98,1625449482.0,64.0
38.94,1625449482.0,64.0
35.26,1625449482.0,64.0
32.61,1625449482.0,64.0
30.46,1625449482.0,64.0
28.35,1625449482.0,64.0
26.04,1625449482.0,64.0
23.48,1625449482.0,64.0
20.72,1625449482.0,64.0
17.83,1625449482.0,64.0
14.91,1625449482.0,64.0
12.05,1625449482.0,64.0
9.38,1625449482.0,64.0
6.97,1625449482.0,64.0
4.76,1625449482.0,64.0
2.56,1625449482.0,64.0
0.09,1625449482.0,64.0
-2.85,1625449482.0,64.0
-6.3,1625449482.0,64.0
-10.09,1625449482.0,64.0
-14.0,1625449482.0,64.0
-17.85,1625449482.0,64.0
-21.54,1625449482.0,64.0
-25.07,1625449482.0,64.0
-28.65,1625449482.0,64.0
-32.62,1625449482.0,64.0
-37.52,1625449482.0,64.0
-43.98,1625449482.0,64.0
-52.41,1625449482.0,64.0
-62.75,1625449482.0,64.0
-74.17,1625449482.0,64.0
-85.02,1625449482.0,64.0
-93.25,1625449482.0,64.0
-96.92,1625449482.0,64.0
-94.87,1625449482.0,64.0
-87.0,1625449482.0,64.0
-74.25,1625449482.0,64.0
-58.17,1625449482.0,64.0
-40.42,1625449482.0,64.0
-22.33,1625449482.0,64.0
-4.73,1625449482.0,64.0
11.96,1625449482.0,64.0
27.46,1625449482.0,64.0
41.49,1625449482.0,64.0
53.64,1625449482.0,64.0
63.54,1625449482.0,64.0
70.91,1625449482.0,64.0
75.8,1625449482.0,64.0
78.52,1625449482.0,64.0
79.56,1625449482.0,64.0
79.38,1625449482.0,64.0
78.33,1625449482.0,64.0
76.56,1625449482.0,64.0
74.15,1625449482.0,64.0
71.14,1625449482.0,64.0
67.68,1625449482.0,64.0
63.92,1625449482.0,64.0
59.97,1625449482.0,64.0
55.8,1625449482.0,64.0
51.23,1625449482.0,64.0
46.08,1625449482.0,64.0
40.26,1625449482.0,64.0
33.85,1625449482.0,64.0
27.16,1625449482.0,64.0
20.54,1625449482.0,64.0
14.31,1625449482.0,64.0
8.56,1625449482.0,64.0
3.22,1625449482.0,64.0
-2.03,1625449482.0,64.0
-7.45,1625449482.0,64.0
-13.25,1625449482.0,64.0
-19.38,1625449482.0,64.0
-25.61,1625449482.0,64.0
-31.64,1625449482.0,64.0
-37.27,1625449482.0,64.0
-42.63,1625449482.0,64.0
-48.18,1625449482.0,64.0
-54.68,1625449482.0,64.0
-62.83,1625449482.0,64.0
-72.99,1625449482.0,64.0
-84.89,1625449482.0,64.0
-97.44,1625449482.0,64.0
-108.84,1625449482.0,64.0
-116.81,1625449482.0,64.0
-119.12,1625449482.0,64.0
-114.21,1625449482.0,64.0
-101.61,1625449482.0,64.0
-82.19,1625449482.0,64.0
-58.04,1625449482.0,64.0
-31.96,1625449482.0,64.0
-6.78,1625449482.0,64.0
15.32,1625449482.0,64.0
33.18,1625449482.0,64.0
46.61,1625449482.0,64.0
56.03,1625449482.0,64.0
62.06,1625449482.0,64.0
65.22,1625449482.0,64.0
65.98,1625449482.0,64.0
64.83,1625449482.0,64.0
62.5,1625449482.0,64.0
59.94,1625449482.0,64.0
57.97,1625449482.0,64.0
57.05,1625449482.0,64.0
56.97,1625449482.0,64.0
57.08,1625449482.0,64.0
56.55,1625449482.0,64.0
54.87,1625449482.0,64.0
52.02,1625449482.0,64.0
48.49,1625449482.0,64.0
44.98,1625449482.0,64.0
41.9,1625449482.0,64.0
39.31,1625449482.0,64.0
36.86,1625449482.0,64.0
34.06,1625449482.0,64.0
30.52,1625449482.0,64.0
26.18,1625449482.0,64.0
21.26,1625449482.0,64.0
16.15,1625449482.0,64.0
11.13,1625449482.0,64.0
6.27,1625449482.0,64.0
1.37,1625449482.0,64.0
-3.89,1625449482.0,64.0
-9.77,1625449482.0,64.0
-16.36,1625449482.0,64.0
-23.45,1625449482.0,64.0
-30.68,1625449482.0,64.0
-37.66,1625449482.0,64.0
-44.12,1625449482.0,64.0
-50.08,1625449482.0,64.0
-55.74,1625449482.0,64.0
-61.42,1625449482.0,64.0
-67.48,1625449482.0,64.0
-74.19,1625449482.0,64.0
-81.64,1625449482.0,64.0
-89.57,1625449482.0,64.0
-97.4,1625449482.0,64.0
-104.13,1625449482.0,64.0
-108.6,1625449482.0,64.0
-109.68,1625449482.0,64.0
-106.69,1625449482.0,64.0
-99.56,1625449482.0,64.0
-88.88,1625449482.0,64.0
-75.66,1625449482.0,64.0
-61.01,1625449482.0,64.0
-45.8,1625449482.0,64.0
-30.54,1625449482.0,64.0
-15.51,1625449482.0,64.0
-0.92,1625449482.0,64.0
12.82,1625449482.0,64.0
25.15,1625449482.0,64.0
35.46,1625449482.0,64.0
43.37,1625449482.0,64.0
48.91,1625449482.0,64.0
52.53,1625449482.0,64.0
54.96,1625449482.0,64.0
56.86,1625449482.0,64.0
58.63,1625449482.0,64.0
60.3,1625449482.0,64.0
61.61,1625449482.0,64.0
62.29,1625449482.0,64.0
62.19,1625449482.0,64.0
61.37,1625449482.0,64.0
60.01,1625449482.0,64.0
58.2,1625449482.0,64.0
55.92,1625449482.0,64.0
52.91,1625449482.0,64.0
49.0,1625449482.0,64.0
44.17,1625449482.0,64.0
38.74,1625449482.0,64.0
33.27,1625449482.0,64.0
28.33,1625449482.0,64.0
24.29,1625449482.0,64.0
21.09,1625449482.0,64.0
18.26,1625449482.0,64.0
15.18,1625449482.0,64.0
11.25,1625449482.0,64.0
6.2,1625449482.0,64.0
0.17,1625449482.0,64.0
-6.48,1625449482.0,64.0
-13.28,1625449482.0,64.0
-19.89,1625449482.0,64.0
-26.22,1625449482.0,64.0
-32.45,1625449482.0,64.0
-38.86,1625449482.0,64.0
-45.79,1625449482.0,64.0
-53.49,1625449482.0,64.0
-62.06,1625449482.0,64.0
-71.35,1625449482.0,64.0
-80.92,1625449482.0,64.0
-89.94,1625449482.0,64.0
-97.19,1625449482.0,64.0
-101.33,1625449482.0,64.0
-101.24,1625449482.0,64.0
-96.42,1625449482.0,64.0
-87.2,1625449482.0,64.0
-74.65,1625449482.0,64.0
-60.18,1625449482.0,64.0
-45.11,1625449482.0,64.0
-30.27,1625449482.0,64.0
-16.04,1625449482.0,64.0
-2.52,1625449482.0,64.0
10.11,1625449482.0,64.0
21.41,1625449482.0,64.0
30.75,1625449482.0,64.0
37.69,1625449482.0,64.0
42.17,1625449482.0,64.0
44.67,1625449482.0,64.0
46.03,1625449482.0,64.0
47.11,1625449482.0,64.0
48.49,1625449482.0,64.0
50.32,1625449482.0,64.0
52.32,1625449482.0,64.0
54.04,1625449482.0,64.0
55.12,1625449482.0,64.0
55.35,1625449482.0,64.0
54.7,1625449482.0,64.0
53.21,1625449482.0,64.0
50.93,1625449482.0,64.0
47.85,1625449482.0,64.0
43.98,1625449482.0,64.0
39.4,1625449482.0,64.0
34.28,1625449482.0,64.0
28.87,1625449482.0,64.0
23.41,1625449482.0,64.0
18.05,1625449482.0,64.0
12.82,1625449482.0,64.0
7.62,1625449482.0,64.0
2.36,1625449482.0,64.0
-2.95,1625449482.0,64.0
-8.14,1625449482.0,64.0
-13.02,1625449482.0,64.0
-17.44,1625449482.0,64.0
-21.48,1625449482.0,64.0
-25.43,1625449482.0,64.0
-29.8,1625449482.0,64.0
-35.09,1625449482.0,64.0
-41.67,1625449482.0,64.0
-49.55,1625449482.0,64.0
-58.33,1625449482.0,64.0
-67.2,1625449482.0,64.0
-75.09,1625449482.0,64.0
-80.83,1625449482.0,64.0
-83.5,1625449482.0,64.0
-82.65,1625449482.0,64.0
-78.51,1625449482.0,64.0
-71.84,1625449482.0,64.0
-63.65,1625449482.0,64.0
-54.78,1625449482.0,64.0
-45.52,1625449482.0,64.0
-35.61,1625449482.0,64.0
-24.57,1625449482.0,64.0
-12.18,1625449482.0,64.0
1.14,1625449482.0,64.0
14.27,1625449482.0,64.0
25.81,1625449482.0,64.0
34.62,1625449482.0,64.0
40.25,1625449482.0,64.0
43.06,1625449482.0,64.0
43.94,1625449482.0,64.0
43.79,1625449482.0,64.0
43.15,1625449482.0,64.0
42.14,1625449482.0,64.0
40.51,1625449482.0,64.0
38.04,1625449482.0,64.0
34.84,1625449482.0,64.0
31.33,1625449482.0,64.0
28.17,1625449482.0,64.0
25.99,1625449482.0,64.0
25.06,1625449482.0,64.0
25.17,1625449482.0,64.0
25.62,1625449482.0,64.0
25.47,1625449482.0,64.0
23.84,1625449482.0,64.0
20.26,1625449482.0,64.0
14.78,1625449482.0,64.0
7.88,1625449482.0,64.0
0.27,1625449482.0,64.0
-7.48,1625449482.0,64.0
-15.04,1625449482.0,64.0
-22.39,1625449482.0,64.0
-29.61,1625449482.0,64.0
-36.79,1625449482.0,64.0
-43.93,1625449482.0,64.0
-50.95,1625449482.0,64.0
-57.86,1625449482.0,64.0
-64.71,1625449482.0,64.0
-71.63,1625449482.0,64.0
-78.55,1625449482.0,64.0
-85.03,1625449482.0,64.0
-90.27,1625449482.0,64.0
-93.13,1625449482.0,64.0
-92.64,1625449482.0,64.0
-88.27,1625449482.0,64.0
-80.19,1625449482.0,64.0
-69.16,1625449482.0,64.0
-56.34,1625449482.0,64.0
-42.77,1625449482.0,64.0
-29.17,1625449482.0,64.0
-15.83,1625449482.0,64.0
-2.83,1625449482.0,64.0
9.76,1625449482.0,64.0
21.66,1625449482.0,64.0
32.33,1625449482.0,64.0
41.25,1625449482.0,64.0
48.12,1625449482.0,64.0
53.08,1625449482.0,64.0
56.69,1625449482.0,64.0
59.64,1625449482.0,64.0
62.46,1625449482.0,64.0
65.32,1625449482.0,64.0
67.96,1625449482.0,64.0
69.87,1625449482.0,64.0
70.63,1625449482.0,64.0
70.07,1625449482.0,64.0
68.26,1625449482.0,64.0
65.52,1625449482.0,64.0
62.11,1625449482.0,64.0
58.15,1625449482.0,64.0
53.59,1625449482.0,64.0
48.17,1625449482.0,64.0
41.53,1625449482.0,64.0
33.23,1625449482.0,64.0
22.84,1625449482.0,64.0
10.12,1625449482.0,64.0
-4.87,1625449482.0,64.0
-21.78,1625449482.0,64.0
-39.98,1625449482.0,64.0
-58.67,1625449482.0,64.0
-76.96,1625449482.0,64.0
-93.83,1625449482.0,64.0
-108.0,1625449482.0,64.0
-118.15,1625449482.0,64.0
-123.16,1625449482.0,64.0
-122.64,1625449482.0,64.0
-117.5,1625449482.0,64.0
-109.93,1625449482.0,64.0
-102.97,1625449482.0,64.0
-99.54,1625449482.0,64.0
-101.24,1625449482.0,64.0
-107.75,1625449482.0,64.0
-116.97,1625449482.0,64.0
-125.73,1625449482.0,64.0
-130.79,1625449482.0,64.0
-129.63,1625449482.0,64.0
-120.84,1625449482.0,64.0
-104.51,1625449482.0,64.0
-82.36,1625449482.0,64.0
-57.54,1625449482.0,64.0
-34.08,1625449482.0,64.0
-15.8,1625449482.0,64.0
-5.0,1625449482.0,64.0
-1.71,1625449482.0,64.0
-3.62,1625449482.0,64.0
-6.88,1625449482.0,64.0
-7.46,1625449482.0,64.0
-2.41,1625449482.0,64.0
9.46,1625449482.0,64.0
27.32,1625449482.0,64.0
48.73,1625449482.0,64.0
70.44,1625449482.0,64.0
89.33,1625449482.0,64.0
103.27,1625449482.0,64.0
111.8,1625449482.0,64.0
116.03,1625449482.0,64.0
117.87,1625449482.0,64.0
118.96,1625449482.0,64.0
119.69,1625449482.0,64.0
119.29,1625449482.0,64.0
116.5,1625449482.0,64.0
110.65,1625449482.0,64.0
102.26,1625449482.0,64.0
92.74,1625449482.0,64.0
83.54,1625449482.0,64.0
75.32,1625449482.0,64.0
67.68,1625449482.0,64.0
59.7,1625449482.0,64.0
50.73,1625449482.0,64.0
41.04,1625449482.0,64.0
31.75,1625449482.0,64.0
24.26,1625449482.0,64.0
19.43,1625449482.0,64.0
17.06,1625449482.0,64.0
15.95,1625449482.0,64.0
14.53,1625449482.0,64.0
11.68,1625449482.0,64.0
7.12,1625449482.0,64.0
1.46,1625449482.0,64.0
-4.39,1625449482.0,64.0
-9.8,1625449482.0,64.0
-14.79,1625449482.0,64.0
-19.99,1625449482.0,64.0
-26.26,1625449482.0,64.0
-34.17,1625449482.0,64.0
-43.79,1625449482.0,64.0
-54.61,1625449482.0,64.0
-65.64,1625449482.0,64.0
-75.63,1625449482.0,64.0
-83.19,1625449482.0,64.0
-87.06,1625449482.0,64.0
-86.22,1625449482.0,64.0
-80.24,1625449482.0,64.0
-69.41,1625449482.0,64.0
-54.75,1625449482.0,64.0
-37.81,1625449482.0,64.0
-20.15,1625449482.0,64.0
-3.03,1625449482.0,64.0
12.79,1625449482.0,64.0
26.92,1625449482.0,64.0
39.14,1625449482.0,64.0
49.17,1625449482.0,64.0
56.61,1625449482.0,64.0
61.22,1625449482.0,64.0
63.05,1625449482.0,64.0
62.67,1625449482.0,64.0
61.12,1625449482.0,64.0
59.58,1625449482.0,64.0
59.05,1625449482.0,64.0
59.98,1625449482.0,64.0
62.26,1625449482.0,64.0
65.21,1625449482.0,64.0
67.99,1625449482.0,64.0
69.75,1625449482.0,64.0
69.92,1625449482.0,64.0
68.23,1625449482.0,64.0
64.74,1625449482.0,64.0
59.74,1625449482.0,64.0
53.62,1625449482.0,64.0
46.79,1625449482.0,64.0
39.58,1625449482.0,64.0
32.21,1625449482.0,64.0
24.81,1625449482.0,64.0
17.45,1625449482.0,64.0
10.26,1625449482.0,64.0
3.46,1625449482.0,64.0
-2.76,1625449482.0,64.0
-8.23,1625449482.0,64.0
-12.99,1625449482.0,64.0
-17.24,1625449482.0,64.0
-21.25,1625449482.0,64.0
-25.35,1625449482.0,64.0
-29.75,1625449482.0,64.0
-34.65,1625449482.0,64.0
-40.27,1625449482.0,64.0
-46.7,1625449482.0,64.0
-53.89,1625449482.0,64.0
-61.36,1625449482.0,64.0
-68.31,1625449482.0,64.0
-73.59,1625449482.0,64.0
-76.12,1625449482.0,64.0
-75.18,1625449482.0,64.0
-70.63,1625449482.0,64.0
-62.87,1625449482.0,64.0
-52.65,1625449482.0,64.0
-40.78,1625449482.0,64.0
-27.94,1625449482.0,64.0
-14.72,1625449482.0,64.0
-1.75,1625449482.0,64.0
10.24,1625449482.0,64.0
20.45,1625449482.0,64.0
28.2,1625449482.0,64.0
33.19,1625449482.0,64.0
35.71,1625449482.0,64.0
36.55,1625449482.0,64.0
36.79,1625449482.0,64.0
37.4,1625449482.0,64.0
38.91,1625449482.0,64.0
41.28,1625449482.0,64.0
44.02,1625449482.0,64.0
46.48,1625449482.0,64.0
48.1,1625449482.0,64.0
48.61,1625449482.0,64.0
47.97,1625449482.0,64.0
46.3,1625449482.0,64.0
43.75,1625449482.0,64.0
40.48,1625449482.0,64.0
36.57,1625449482.0,64.0
32.14,1625449482.0,64.0
27.29,1625449482.0,64.0
22.13,1625449482.0,64.0
16.79,1625449482.0,64.0
11.36,1625449482.0,64.0
5.96,1625449482.0,64.0
0.64,1625449482.0,64.0
-4.54,1625449482.0,64.0
-9.57,1625449482.0,64.0
-14.57,1625449482.0,64.0
-19.72,1625449482.0,64.0
-25.3,1625449482.0,64.0
-31.55,1625449482.0,64.0
-38.58,1625449482.0,64.0
-46.26,1625449482.0,64.0
-54.12,1625449482.0,64.0
-61.35,1625449482.0,64.0
-66.89,1625449482.0,64.0
-69.71,1625449482.0,64.0
-69.08,1625449482.0,64.0
-64.78,1625449482.0,64.0
-57.2,1625449482.0,64.0
-47.2,1625449482.0,64.0
-35.83,1625449482.0,64.0
-24.04,1625449482.0,64.0
-12.53,1625449482.0,64.0
-1.76,1625449482.0,64.0
7.94,1625449482.0,64.0
16.26,1625449482.0,64.0
22.91,1625449482.0,64.0
27.74,1625449482.0,64.0
30.94,1625449482.0,64.0
33.05,1625449482.0,64.0
34.8,1625449482.0,64.0
36.83,1625449482.0,64.0
39.43,1625449482.0,64.0
42.4,1625449482.0,64.0
45.22,1625449482.0,64.0
47.27,1625449482.0,64.0
48.09,1625449482.0,64.0
47.5,1625449482.0,64.0
45.65,1625449482.0,64.0
42.8,1625449482.0,64.0
39.22,1625449482.0,64.0
35.08,1625449482.0,64.0
30.4,1625449482.0,64.0
25.17,1625449482.0,64.0
19.35,1625449482.0,64.0
13.04,1625449482.0,64.0
6.46,1625449482.0,64.0
-0.09,1625449482.0,64.0
-6.32,1625449482.0,64.0
-12.1,1625449482.0,64.0
-17.46,1625449482.0,64.0
-22.59,1625449482.0,64.0
-27.75,1625449482.0,64.0
-33.2,1625449482.0,64.0
-39.07,1625449482.0,64.0
-45.45,1625449482.0,64.0
-52.28,1625449482.0,64.0
-59.33,1625449482.0,64.0
-66.06,1625449482.0,64.0
-71.65,1625449482.0,64.0
-75.16,1625449482.0,64.0
-75.73,1625449482.0,64.0
-72.93,1625449482.0,64.0
-66.86,1625449482.0,64.0
-58.05,1625449482.0,64.0
-47.24,1625449482.0,64.0
-35.14,1625449482.0,64.0
-22.35,1625449482.0,64.0
-9.44,1625449482.0,64.0
2.9,1625449482.0,64.0
13.92,1625449482.0,64.0
22.88,1625449482.0,64.0
29.36,1625449482.0,64.0
33.44,1625449482.0,64.0
35.72,1625449482.0,64.0
37.11,1625449482.0,64.0
38.45,1625449482.0,64.0
40.23,1625449482.0,64.0
42.48,1625449482.0,64.0
44.86,1625449482.0,64.0
46.89,1625449482.0,64.0
48.14,1625449482.0,64.0
48.42,1625449482.0,64.0
47.71,1625449482.0,64.0
46.15,1625449482.0,64.0
43.89,1625449482.0,64.0
41.05,1625449482.0,64.0
37.67,1625449482.0,64.0
33.79,1625449482.0,64.0
29.44,1625449482.0,64.0
24.64,1625449482.0,64.0
19.54,1625449482.0,64.0
14.33,1625449482.0,64.0
9.24,1625449482.0,64.0
4.55,1625449482.0,64.0
0.4,1625449482.0,64.0
-3.26,1625449482.0,64.0
-6.78,1625449482.0,64.0
-10.78,1625449482.0,64.0
-15.89,1625449482.0,64.0
-22.46,1625449482.0,64.0
-30.29,1625449482.0,64.0
-38.39,1625449482.0,64.0
-45.23,1625449482.0,64.0
-49.07,1625449482.0,64.0
-48.61,1625449482.0,64.0
-43.47,1625449482.0,64.0
-34.44,1625449482.0,64.0
-23.15,1625449482.0,64.0
-11.43,1625449482.0,64.0
-0.57,1625449482.0,64.0
9.14,1625449482.0,64.0
18.33,1625449482.0,64.0
28.03,1625449482.0,64.0
38.84,1625449482.0,64.0
50.5,1625449482.0,64.0
61.72,1625449482.0,64.0
70.84,1625449482.0,64.0
76.63,1625449482.0,64.0
78.9,1625449482.0,64.0
78.79,1625449482.0,64.0
78.43,1625449482.0,64.0
80.22,1625449482.0,64.0
85.92,1625449482.0,64.0
96.42,1625449482.0,64.0
111.03,1625449482.0,64.0
127.63,1625449482.0,64.0
142.84,1625449482.0,64.0
152.48,1625449482.0,64.0
152.43,1625449482.0,64.0
139.93,1625449482.0,64.0
115.14,1625449482.0,64.0
82.02,1625449482.0,64.0
47.62,1625449482.0,64.0
19.84,1625449482.0,64.0
4.2,1625449482.0,64.0
1.2,1625449482.0,64.0
5.89,1625449482.0,64.0
9.9,1625449482.0,64.0
4.77,1625449482.0,64.0
-14.92,1625449482.0,64.0
-50.09,1625449482.0,64.0
-97.5,1625449482.0,64.0
-151.46,1625449482.0,64.0
-205.99,1625449482.0,64.0
-256.21,1625449482.0,64.0
-298.81,1625449482.0,64.0
-331.67,1625449482.0,64.0
-353.43,1625449482.0,64.0
-363.19,1625449482.0,64.0
-360.77,1625449482.0,64.0
-347.08,1625449482.0,64.0
-324.11,1625449482.0,64.0
-295.18,1625449482.0,64.0
-264.36,1625449482.0,64.0
-235.76,1625449482.0,64.0
-211.85,1625449482.0,64.0
-192.78,1625449482.0,64.0
-176.39,1625449482.0,64.0
-159.32,1625449482.0,64.0
-138.69,1625449482.0,64.0
-112.82,1625449482.0,64.0
-82.35,1625449482.0,64.0
-49.52,1625449482.0,64.0
-17.04,1625449482.0,64.0
13.15,1625449482.0,64.0
40.62,1625449482.0,64.0
66.5,1625449482.0,64.0
92.85,1625449482.0,64.0
121.81,1625449482.0,64.0
156.15,1625449482.0,64.0
197.86,1625449482.0,64.0
247.47,1625449482.0,64.0
303.04,1625449482.0,64.0
359.69,1625449482.0,64.0
409.86,1625449482.0,64.0
445.3,1625449482.0,64.0
459.59,1625449482.0,64.0
450.33,1625449482.0,64.0
421.49,1625449482.0,64.0
380.99,1625449482.0,64.0
337.86,1625449482.0,64.0
299.15,1625449482.0,64.0
268.39,1625449482.0,64.0
245.8,1625449482.0,64.0
230.72,1625449482.0,64.0
222.93,1625449482.0,64.0
214.49,1625449482.0,64.0
199.89,1625449482.0,64.0
175.91,1625449482.0,64.0
142.78,1625449482.0,64.0
103.58,1625449482.0,64.0
62.2,1625449482.0,64.0
21.56,1625449482.0,64.0
-15.36,1625449482.0,64.0
-45.76,1625449482.0,64.0
-67.99,1625449482.0,64.0
-81.12,1625449482.0,64.0
-86.69,1625449482.0,64.0
-88.29,1625449482.0,64.0
-90.23,1625449482.0,64.0
-96.22,1625449482.0,64.0
-109.05,1625449482.0,64.0
-129.34,1625449482.0,64.0
-156.3,1625449482.0,64.0
-187.87,1625449482.0,64.0
-219.88,1625449482.0,64.0
-246.9,1625449482.0,64.0
-263.33,1625449482.0,64.0
-264.79,1625449482.0,64.0
-245.29,1625449482.0,64.0
-208.45,1625449482.0,64.0
-162.65,1625449482.0,64.0
-116.82,1625449482.0,64.0
-76.71,1625449482.0,64.0
-43.27,1625449482.0,64.0
-14.72,1625449482.0,64.0
10.13,1625449482.0,64.0
29.62,1625449482.0,64.0
39.73,1625449482.0,64.0
36.31,1625449482.0,64.0
20.02,1625449482.0,64.0
-3.27,1625449482.0,64.0
-24.82,1625449482.0,64.0
-37.05,1625449482.0,64.0
-36.64,1625449482.0,64.0
-25.44,1625449482.0,64.0
-8.53,1625449482.0,64.0
8.57,1625449482.0,64.0
22.01,1625449482.0,64.0
31.45,1625449482.0,64.0
38.42,1625449482.0,64.0
44.12,1625449482.0,64.0
47.6,1625449482.0,64.0
46.11,1625449482.0,64.0
36.31,1625449482.0,64.0
16.02,1625449482.0,64.0
-14.23,1625449482.0,64.0
-50.73,1625449482.0,64.0
-86.0,1625449482.0,64.0
-111.38,1625449482.0,64.0
-116.41,1625449482.0,64.0
-96.69,1625449482.0,64.0
-55.64,1625449482.0,64.0
-4.06,1625449482.0,64.0
43.46,1625449482.0,64.0
73.9,1625449482.0,64.0
80.13,1625449482.0,64.0
62.96,1625449482.0,64.0
29.23,1625449482.0,64.0
-11.78,1625449482.0,64.0
-52.41,1625449482.0,64.0
-87.7,1625449482.0,64.0
-115.09,1625449482.0,64.0
-133.24,1625449482.0,64.0
-141.52,1625449482.0,64.0
-140.24,1625449482.0,64.0
-131.29,1625449482.0,64.0
-118.11,1625449482.0,64.0
-104.77,1625449482.0,64.0
-94.88,1625449482.0,64.0
-90.17,1625449482.0,64.0
-90.14,1625449482.0,64.0
-92.6,1625449482.0,64.0
-94.84,1625449482.0,64.0
-94.62,1625449482.0,64.0
-90.91,1625449482.0,64.0
-83.93,1625449482.0,64.0
-74.91,1625449482.0,64.0
-65.69,1625449482.0,64.0
-57.84,1625449482.0,64.0
-52.13,1625449482.0,64.0
-48.46,1625449482.0,64.0
-46.07,1625449482.0,64.0
-44.0,1625449482.0,64.0
-41.75,1625449482.0,64.0
-39.46,1625449482.0,64.0
-37.97,1625449482.0,64.0
-38.57,1625449482.0,64.0
-42.29,1625449482.0,64.0
-49.32,1625449482.0,64.0
-58.55,1625449482.0,64.0
-67.66,1625449482.0,64.0
-73.55,1625449482.0,64.0
-73.61,1625449482.0,64.0
-66.17,1625449482.0,64.0
-51.09,1625449482.0,64.0
-29.83,1625449482.0,64.0
-4.88,1625449482.0,64.0
20.88,1625449482.0,64.0
44.85,1625449482.0,64.0
65.3,1625449482.0,64.0
82.03,1625449482.0,64.0
95.92,1625449482.0,64.0
109.77,1625449482.0,64.0
127.35,1625449482.0,64.0
151.63,1625449482.0,64.0
183.12,1625449482.0,64.0
218.49,1625449482.0,64.0
251.09,1625449482.0,64.0
272.99,1625449482.0,64.0
278.21,1625449482.0,64.0
263.4,1625449482.0,64.0
229.46,1625449482.0,64.0
179.64,1625449482.0,64.0
118.13,1625449482.0,64.0
49.09,1625449482.0,64.0
-23.04,1625449482.0,64.0
-92.43,1625449482.0,64.0
-152.18,1625449482.0,64.0
-194.84,1625449482.0,64.0
-216.12,1625449482.0,64.0
-214.59,1625449482.0,64.0
-192.23,1625449482.0,64.0
-152.49,1625449482.0,64.0
-98.3,1625449482.0,64.0
-31.3,1625449482.0,64.0
46.98,1625449482.0,64.0
127.98,1625449482.0,64.0
205.78,1625449482.0,64.0
266.32,1625449482.0,64.0
296.72,1625449482.0,64.0
290.0,1625449482.0,64.0
249.52,1625449482.0,64.0
188.15,1625449482.0,64.0
123.05,1625449482.0,64.0
68.86,1625449482.0,64.0
32.2,1625449482.0,64.0
11.09,1625449482.0,64.0
-6.29,1625449482.0,64.0
-29.23,1625449482.0,64.0
-60.97,1625449482.0,64.0
-96.11,1625449482.0,64.0
-124.8,1625449482.0,64.0
-139.53,1625449482.0,64.0
-139.13,1625449482.0,64.0
-128.34,1625449482.0,64.0
-113.24,1625449482.0,64.0
-98.82,1625449482.0,64.0
-85.47,1625449482.0,64.0
-69.98,1625449482.0,64.0
-48.14,1625449482.0,64.0
-17.74,1625449482.0,64.0
20.61,1625449482.0,64.0
64.42,1625449482.0,64.0
111.04,1625449482.0,64.0
158.93,1625449482.0,64.0
206.81,1625449482.0,64.0
254.12,1625449482.0,64.0
294.97,1625449482.0,64.0
323.22,1625449482.0,64.0
333.09,1625449482.0,64.0
321.26,1625449482.0,64.0
288.57,1625449482.0,64.0
239.77,1625449482.0,64.0
181.66,1625449482.0,64.0
120.31,1625449482.0,64.0
59.98,1625449482.0,64.0
2.77,1625449482.0,64.0
-49.56,1625449482.0,64.0
-95.13,1625449482.0,64.0
-131.66,1625449482.0,64.0
-157.13,1625449482.0,64.0
-170.97,1625449482.0,64.0
-174.58,1625449482.0,64.0
-171.11,1625449482.0,64.0
-164.1,1625449482.0,64.0
-156.51,1625449482.0,64.0
-149.61,1625449482.0,64.0
-143.63,1625449482.0,64.0
-138.37,1625449482.0,64.0
-133.86,1625449482.0,64.0
-130.63,1625449482.0,64.0
-129.39,1625449482.0,64.0
-130.56,1625449482.0,64.0
-133.66,1625449482.0,64.0
-137.29,1625449482.0,64.0
-139.29,1625449482.0,64.0
-137.84,1625449482.0,64.0
-132.28,1625449482.0,64.0
-123.43,1625449482.0,64.0
-113.06,1625449482.0,64.0
-102.93,1625449482.0,64.0
-93.95,1625449482.0,64.0
-85.75,1625449482.0,64.0
-77.15,1625449482.0,64.0
-66.81,1625449482.0,64.0
-54.18,1625449482.0,64.0
-39.81,1625449482.0,64.0
-25.01,1625449482.0,64.0
-11.11,1625449482.0,64.0
1.1,1625449482.0,64.0
11.58,1625449482.0,64.0
20.76,1625449482.0,64.0
29.06,1625449482.0,64.0
36.55,1625449482.0,64.0
42.89,1625449482.0,64.0
47.58,1625449482.0,64.0
50.36,1625449482.0,64.0
51.5,1625449482.0,64.0
51.87,1625449482.0,64.0
52.6,1625449482.0,64.0
54.65,1625449482.0,64.0
58.41,1625449482.0,64.0
63.41,1625449482.0,64.0
68.56,1625449482.0,64.0
72.64,1625449482.0,64.0
74.9,1625449482.0,64.0
75.47,1625449482.0,64.0
75.35,1625449482.0,64.0
75.96,1625449482.0,64.0
78.43,1625449482.0,64.0
83.1,1625449482.0,64.0
88.9,1625449482.0,64.0
93.47,1625449482.0,64.0
93.77,1625449482.0,64.0
86.54,1625449482.0,64.0
69.48,1625449482.0,64.0
42.08,1625449482.0,64.0
6.18,1625449482.0,64.0
-34.08,1625449482.0,64.0
-73.48,1625449482.0,64.0
-107.26,1625449482.0,64.0
-132.56,1625449482.0,64.0
-149.11,1625449482.0,64.0
-158.89,1625449482.0,64.0
-164.94,1625449482.0,64.0
-170.27,1625449482.0,64.0
-176.66,1625449482.0,64.0
-183.94,1625449482.0,64.0
-190.19,1625449482.0,64.0
-192.39,1625449482.0,64.0
-187.58,1625449482.0,64.0
-174.19,1625449482.0,64.0
-152.78,1625449482.0,64.0
-126.47,1625449482.0,64.0
-100.04,1625449482.0,64.0
-78.0,1625449482.0,64.0
-62.57,1625449482.0,64.0
-52.62,1625449482.0,64.0
-44.05,1625449482.0,64.0
-31.31,1625449482.0,64.0
-9.67,1625449482.0,64.0
23.18,1625449482.0,64.0
66.17,1625449482.0,64.0
114.66,1625449482.0,64.0
162.41,1625449482.0,64.0
203.75,1625449482.0,64.0
234.87,1625449482.0,64.0
254.57,1625449482.0,64.0
263.75,1625449482.0,64.0
264.1,1625449482.0,64.0
257.53,1625449482.0,64.0
245.2,1625449482.0,64.0
227.44,1625449482.0,64.0
205.64,1625449482.0,64.0
182.82,1625449482.0,64.0
162.98,1625449482.0,64.0
149.88,1625449482.0,64.0
145.49,1625449482.0,64.0
146.05,1625449482.0,64.0
147.27,1625449482.0,64.0
145.41,1625449482.0,64.0
138.06,1625449482.0,64.0
126.02,1625449482.0,64.0
112.14,1625449482.0,64.0
99.37,1625449482.0,64.0
89.3,1625449482.0,64.0
81.56,1625449482.0,64.0
73.92,1625449482.0,64.0
63.88,1625449482.0,64.0
49.25,1625449482.0,64.0
27.83,1625449482.0,64.0
-1.18,1625449482.0,64.0
-36.28,1625449482.0,64.0
-74.64,1625449482.0,64.0
-113.39,1625449482.0,64.0
-150.82,1625449482.0,64.0
-186.99,1625449482.0,64.0
-223.14,1625449482.0,64.0
-253.35,1625449482.0,64.0
-276.27,1625449482.0,64.0
-292.4,1625449482.0,64.0
-303.31,1625449482.0,64.0
-310.87,1625449482.0,64.0
-315.85,1625449482.0,64.0
-316.94,1625449482.0,64.0
-310.59,1625449482.0,64.0
-292.02,1625449482.0,64.0
-258.06,1625449482.0,64.0
-210.64,1625449482.0,64.0
-155.72,1625449482.0,64.0
-101.74,1625449482.0,64.0
-56.59,1625449482.0,64.0
-24.74,1625449482.0,64.0
-6.13,1625449482.0,64.0
2.66,1625449482.0,64.0
6.15,1625449482.0,64.0
7.72,1625449482.0,64.0
8.09,1625449482.0,64.0
7.63,1625449482.0,64.0
7.43,1625449482.0,64.0
9.93,1625449482.0,64.0
18.1,1625449482.0,64.0
33.94,1625449482.0,64.0
57.23,1625449482.0,64.0
85.71,1625449482.0,64.0
116.42,1625449482.0,64.0
145.74,1625449482.0,64.0
171.52,1625449482.0,64.0
192.92,1625449482.0,64.0
210.58,1625449482.0,64.0
226.12,1625449482.0,64.0
241.37,1625449482.0,64.0
257.44,1625449482.0,64.0
273.53,1625449482.0,64.0
286.07,1625449482.0,64.0
288.87,1625449482.0,64.0
275.45,1625449482.0,64.0
241.24,1625449482.0,64.0
186.79,1625449482.0,64.0
118.26,1625449482.0,64.0
45.78,1625449482.0,64.0
-20.51,1625449482.0,64.0
-73.82,1625449482.0,64.0
-112.7,1625449482.0,64.0
-140.4,1625449482.0,64.0
-162.08,1625449482.0,64.0
-183.07,1625449482.0,64.0
-206.81,1625449482.0,64.0
-235.27,1625449482.0,64.0
-269.74,1625449482.0,64.0
-310.96,1625449482.0,64.0
-358.24,1625449482.0,64.0
-408.57,1625449482.0,64.0
-456.76,1625449482.0,64.0
-491.72,1625449482.0,64.0
-506.05,1625449482.0,64.0
-497.35,1625449482.0,64.0
-469.24,1625449482.0,64.0
-429.68,1625449482.0,64.0
-387.61,1625449482.0,64.0
-349.6,1625449482.0,64.0
-318.2,1625449482.0,64.0
-292.36,1625449482.0,64.0
-269.22,1625449482.0,64.0
-246.82,1625449482.0,64.0
-224.12,1625449482.0,64.0
-200.93,1625449482.0,64.0
-177.16,1625449482.0,64.0
-152.48,1625449482.0,64.0
-126.41,1625449482.0,64.0
-98.81,1625449482.0,64.0
-70.14,1625449482.0,64.0
-41.27,1625449482.0,64.0
-13.91,1625449482.0,64.0
10.71,1625449482.0,64.0
32.08,1625449482.0,64.0
50.46,1625449482.0,64.0
66.62,1625449482.0,64.0
81.36,1625449482.0,64.0
95.15,1625449482.0,64.0
107.92,1625449482.0,64.0
119.21,1625449482.0,64.0
127.99,1625449482.0,64.0
133.5,1625449482.0,64.0
135.43,1625449482.0,64.0
134.0,1625449482.0,64.0
129.78,1625449482.0,64.0
123.47,1625449482.0,64.0
115.6,1625449482.0,64.0
106.5,1625449482.0,64.0
96.29,1625449482.0,64.0
84.81,1625449482.0,64.0
72.05,1625449482.0,64.0
58.16,1625449482.0,64.0
43.55,1625449482.0,64.0
28.74,1625449482.0,64.0
14.35,1625449482.0,64.0
0.96,1625449482.0,64.0
-10.95,1625449482.0,64.0
-20.94,1625449482.0,64.0
-28.78,1625449482.0,64.0
-34.32,1625449482.0,64.0
-37.51,1625449482.0,64.0
-38.34,1625449482.0,64.0
-36.83,1625449482.0,64.0
-32.82,1625449482.0,64.0
-26.08,1625449482.0,64.0
-16.31,1625449482.0,64.0
-3.2,1625449482.0,64.0
13.23,1625449482.0,64.0
32.46,1625449482.0,64.0
53.57,1625449482.0,64.0
75.36,1625449482.0,64.0
96.57,1625449482.0,64.0
115.95,1625449482.0,64.0
132.31,1625449482.0,64.0
144.5,1625449482.0,64.0
151.7,1625449482.0,64.0
153.68,1625449482.0,64.0
150.91,1625449482.0,64.0
144.61,1625449482.0,64.0
136.44,1625449482.0,64.0
128.05,1625449482.0,64.0
120.78,1625449482.0,64.0
115.48,1625449482.0,64.0
112.58,1625449482.0,64.0
112.48,1625449482.0,64.0
115.4,1625449482.0,64.0
121.23,1625449482.0,64.0
129.48,1625449482.0,64.0
139.38,1625449482.0,64.0
150.16,1625449482.0,64.0
161.47,1625449482.0,64.0
173.49,1625449482.0,64.0
186.81,1625449482.0,64.0
202.93,1625449482.0,64.0
223.44,1625449482.0,64.0
249.55,1625449482.0,64.0
281.58,1625449482.0,64.0
318.38,1625449482.0,64.0
357.07,1625449482.0,64.0
393.23,1625449482.0,64.0
421.69,1625449482.0,64.0
437.99,1625449482.0,64.0
441.21,1625449482.0,64.0
433.66,1625449482.0,64.0
420.01,1625449482.0,64.0
405.58,1625449482.0,64.0
394.55,1625449482.0,64.0
388.73,1625449482.0,64.0
387.71,1625449482.0,64.0
389.58,1625449482.0,64.0
392.19,1625449482.0,64.0
395.93,1625449482.0,64.0
402.14,1625449482.0,64.0
411.27,1625449482.0,64.0
421.56,1625449482.0,64.0
429.16,1625449482.0,64.0
429.78,1625449482.0,64.0
421.32,1625449482.0,64.0
405.53,1625449482.0,64.0
387.88,1625449482.0,64.0
377.79,1625449482.0,64.0
383.59,1625449482.0,64.0
408.39,1625449482.0,64.0
448.85,1625449482.0,64.0
497.04,1625449482.0,64.0
544.39,1625449482.0,64.0
585.29,1625449482.0,64.0
618.5,1625449482.0,64.0
624.71,1625449482.0,64.0
590.56,1625449482.0,64.0
510.17,1625449482.0,64.0
386.94,1625449482.0,64.0
233.68,1625449482.0,64.0
68.56,1625449482.0,64.0
-90.9,1625449482.0,64.0
-232.48,1625449482.0,64.0
-350.69,1625449482.0,64.0
-440.34,1625449482.0,64.0
-506.84,1625449482.0,64.0
-555.74,1625449482.0,64.0
-590.83,1625449482.0,64.0
-614.73,1625449482.0,64.0
-629.88,1625449482.0,64.0
-639.09,1625449482.0,64.0
-645.83,1625449482.0,64.0
-654.12,1625449482.0,64.0
-665.12,1625449482.0,64.0
-678.66,1625449482.0,64.0
-693.35,1625449482.0,64.0
-708.39,1625449482.0,64.0
-723.96,1625449482.0,64.0
-740.28,1625449482.0,64.0
-755.96,1625449482.0,64.0
-766.8,1625449482.0,64.0
-766.46,1625449482.0,64.0
-748.52,1625449482.0,64.0
-708.81,1625449482.0,64.0
-646.77,1625449482.0,64.0
-566.4,1625449482.0,64.0
-474.47,1625449482.0,64.0
-377.63,1625449482.0,64.0
-280.36,1625449482.0,64.0
-184.89,1625449482.0,64.0
-92.71,1625449482.0,64.0
-6.24,1625449482.0,64.0
70.69,1625449482.0,64.0
134.51,1625449482.0,64.0
183.04,1625449482.0,64.0
216.22,1625449482.0,64.0
235.86,1625449482.0,64.0
244.36,1625449482.0,64.0
243.39,1625449482.0,64.0
233.32,1625449482.0,64.0
213.83,1625449482.0,64.0
184.98,1625449482.0,64.0
149.02,1625449482.0,64.0
110.29,1625449482.0,64.0
74.07,1625449482.0,64.0
45.04,1625449482.0,64.0
25.66,1625449482.0,64.0
15.5,1625449482.0,64.0
11.86,1625449482.0,64.0
11.07,1625449482.0,64.0
10.13,1625449482.0,64.0
8.43,1625449482.0,64.0
7.81,1625449482.0,64.0
11.39,1625449482.0,64.0
21.73,1625449482.0,64.0
39.13,1625449482.0,64.0
60.84,1625449482.0,64.0
81.95,1625449482.0,64.0
97.32,1625449482.0,64.0
103.53,1625449482.0,64.0
100.13,1625449482.0,64.0
89.57,1625449482.0,64.0
76.0,1625449482.0,64.0
63.61,1625449482.0,64.0
55.23,1625449482.0,64.0
51.45,1625449482.0,64.0
50.9,1625449482.0,64.0
51.02,1625449482.0,64.0
49.22,1625449482.0,64.0
44.04,1625449482.0,64.0
35.65,1625449482.0,64.0
25.58,1625449482.0,64.0
15.78,1625449482.0,64.0
7.75,1625449482.0,64.0
1.96,1625449482.0,64.0
-1.79,1625449482.0,64.0
-3.68,1625449482.0,64.0
-3.31,1625449482.0,64.0
0.05,1625449482.0,64.0
6.25,1625449482.0,64.0
13.18,1625449482.0,64.0
16.49,1625449482.0,64.0
11.16,1625449482.0,64.0
-5.73,1625449482.0,64.0
-32.74,1625449482.0,64.0
-63.62,1625449482.0,64.0
-89.49,1625449482.0,64.0
-102.5,1625449482.0,64.0
-99.63,1625449482.0,64.0
-84.33,1625449482.0,64.0
-65.32,1625449482.0,64.0
-53.01,1625449482.0,64.0
-55.35,1625449482.0,64.0
-74.5,1625449482.0,64.0
-106.18,1625449482.0,64.0
-141.25,1625449482.0,64.0
-168.94,1625449482.0,64.0
-180.15,1625449482.0,64.0
-170.21,1625449482.0,64.0
-139.88,1625449482.0,64.0
-94.83,1625449482.0,64.0
-43.68,1625449482.0,64.0
4.78,1625449482.0,64.0
43.86,1625449482.0,64.0
70.13,1625449482.0,64.0
83.44,1625449482.0,64.0
86.13,1625449482.0,64.0
82.14,1625449482.0,64.0
76.14,1625449482.0,64.0
72.95,1625449482.0,64.0
76.42,1625449482.0,64.0
88.29,1625449482.0,64.0
107.17,1625449482.0,64.0
128.42,1625449482.0,64.0
145.51,1625449482.0,64.0
152.19,1625449482.0,64.0
144.85,1625449482.0,64.0
123.53,1625449482.0,64.0
91.28,1625449482.0,64.0
52.14,1625449482.0,64.0
9.33,1625449482.0,64.0
-35.38,1625449482.0,64.0
-80.76,1625449482.0,64.0
-124.75,1625449482.0,64.0
-163.96,1625449482.0,64.0
-194.4,1625449482.0,64.0
-213.31,1625449482.0,64.0
-220.61,1625449482.0,64.0
-219.41,1625449482.0,64.0
-214.66,1625449482.0,64.0
-211.13,1625449482.0,64.0
-211.54,1625449482.0,64.0
-215.74,1625449482.0,64.0
-221.67,1625449482.0,64.0
-226.75,1625449482.0,64.0
-229.26,1625449482.0,64.0
-228.83,1625449482.0,64.0
-225.97,1625449482.0,64.0
-221.17,1625449482.0,64.0
-214.41,1625449482.0,64.0
-205.17,1625449482.0,64.0
-192.98,1625449482.0,64.0
-177.95,1625449482.0,64.0
-160.7,1625449482.0,64.0
-142.2,1625449482.0,64.0
-123.24,1625449482.0,64.0
-104.22,1625449482.0,64.0
-85.13,1625449482.0,64.0
-65.87,1625449482.0,64.0
-46.62,1625449482.0,64.0
-27.97,1625449482.0,64.0
-10.9,1625449482.0,64.0
3.56,1625449482.0,64.0
14.72,1625449482.0,64.0
22.5,1625449482.0,64.0
27.5,1625449482.0,64.0
30.73,1625449482.0,64.0
33.32,1625449482.0,64.0
36.12,1625449482.0,64.0
39.44,1625449482.0,64.0
43.09,1625449482.0,64.0
46.46,1625449482.0,64.0
48.89,1625449482.0,64.0
49.94,1625449482.0,64.0
49.74,1625449482.0,64.0
48.98,1625449482.0,64.0
48.76,1625449482.0,64.0
50.21,1625449482.0,64.0
54.02,1625449482.0,64.0
60.03,1625449482.0,64.0
67.18,1625449482.0,64.0
73.84,1625449482.0,64.0
78.33,1625449482.0,64.0
79.55,1625449482.0,64.0
77.18,1625449482.0,64.0
71.63,1625449482.0,64.0
63.55,1625449482.0,64.0
53.48,1625449482.0,64.0
41.64,1625449482.0,64.0
28.13,1625449482.0,64.0
13.36,1625449482.0,64.0
-1.68,1625449482.0,64.0
-15.48,1625449482.0,64.0
-26.54,1625449482.0,64.0
-33.83,1625449482.0,64.0
-37.22,1625449482.0,64.0
-37.28,1625449482.0,64.0
-34.82,1625449482.0,64.0
-30.44,1625449482.0,64.0
-24.21,1625449482.0,64.0
-15.89,1625449482.0,64.0
-5.32,1625449482.0,64.0
7.19,1625449482.0,64.0
20.7,1625449482.0,64.0
33.84,1625449482.0,64.0
45.27,1625449482.0,64.0
54.08,1625449482.0,64.0
60.08,1625449482.0,64.0
63.65,1625449482.0,64.0
65.58,1625449482.0,64.0
66.71,1625449482.0,64.0
67.66,1625449482.0,64.0
68.69,1625449482.0,64.0
69.77,1625449482.0,64.0
70.62,1625449482.0,64.0
70.92,1625449482.0,64.0
70.44,1625449482.0,64.0
69.06,1625449482.0,64.0
66.78,1625449482.0,64.0
63.64,1625449482.0,64.0
59.74,1625449482.0,64.0
55.22,1625449482.0,64.0
50.29,1625449482.0,64.0
45.15,1625449482.0,64.0
39.98,1625449482.0,64.0
34.82,1625449482.0,64.0
29.66,1625449482.0,64.0
24.43,1625449482.0,64.0
18.99,1625449482.0,64.0
13.28,1625449482.0,64.0
7.15,1625449482.0,64.0
0.53,1625449482.0,64.0
-6.58,1625449482.0,64.0
-13.89,1625449482.0,64.0
-20.82,1625449482.0,64.0
-26.5,1625449482.0,64.0
-30.01,1625449482.0,64.0
-30.73,1625449482.0,64.0
-28.55,1625449482.0,64.0
-23.93,1625449482.0,64.0
-17.69,1625449482.0,64.0
-10.72,1625449482.0,64.0
-3.65,1625449482.0,64.0
3.2,1625449482.0,64.0
9.72,1625449482.0,64.0
15.81,1625449482.0,64.0
21.25,1625449482.0,64.0
25.73,1625449482.0,64.0
29.03,1625449482.0,64.0
31.14,1625449482.0,64.0
32.31,1625449482.0,64.0
32.91,1625449482.0,64.0
33.3,1625449482.0,64.0
33.71,1625449482.0,64.0
34.13,1625449482.0,64.0
34.41,1625449482.0,64.0
34.37,1625449482.0,64.0
33.93,1625449482.0,64.0
33.18,1625449482.0,64.0
32.33,1625449482.0,64.0
31.56,1625449482.0,64.0
30.95,1625449482.0,64.0
30.35,1625449482.0,64.0
29.5,1625449482.0,64.0
28.11,1625449482.0,64.0
26.04,1625449482.0,64.0
23.32,1625449482.0,64.0
20.11,1625449482.0,64.0
16.62,1625449482.0,64.0
12.97,1625449482.0,64.0
9.12,1625449482.0,64.0
4.97,1625449482.0,64.0
0.35,1625449482.0,64.0
-4.78,1625449482.0,64.0
-10.4,1625449482.0,64.0
-16.38,1625449482.0,64.0
-22.5,1625449482.0,64.0
-28.38,1625449482.0,64.0
-33.45,1625449482.0,64.0
-37.0,1625449482.0,64.0
-38.33,1625449482.0,64.0
-36.98,1625449482.0,64.0
-32.91,1625449482.0,64.0
-26.6,1625449482.0,64.0
-18.88,1625449482.0,64.0
-10.69,1625449482.0,64.0
-2.75,1625449482.0,64.0
4.55,1625449482.0,64.0
11.05,1625449482.0,64.0
16.74,1625449482.0,64.0
21.49,1625449482.0,64.0
25.09,1625449482.0,64.0
27.4,1625449482.0,64.0
28.48,1625449482.0,64.0
28.72,1625449482.0,64.0
28.71,1625449482.0,64.0
29.02,1625449482.0,64.0
29.92,1625449482.0,64.0
31.36,1625449482.0,64.0
33.0,1625449482.0,64.0
34.45,1625449482.0,64.0
35.47,1625449482.0,64.0
35.94,1625449482.0,64.0
35.9,1625449482.0,64.0
35.38,1625449482.0,64.0
34.38,1625449482.0,64.0
32.84,1625449482.0,64.0
30.7,1625449482.0,64.0
27.92,1625449482.0,64.0
24.51,1625449482.0,64.0
20.55,1625449482.0,64.0
16.09,1625449482.0,64.0
11.22,1625449482.0,64.0
5.99,1625449482.0,64.0
0.48,1625449482.0,64.0
-5.3,1625449482.0,64.0
-11.34,1625449482.0,64.0
-17.63,1625449482.0,64.0
-23.94,1625449482.0,64.0
-29.83,1625449482.0,64.0
-34.65,1625449482.0,64.0
-37.73,1625449482.0,64.0
-38.65,1625449482.0,64.0
-37.34,1625449482.0,64.0
-34.12,1625449482.0,64.0
-29.49,1625449482.0,64.0
-23.85,1625449482.0,64.0
-17.46,1625449482.0,64.0
-10.4,1625449482.0,64.0
-2.86,1625449482.0,64.0
4.78,1625449482.0,64.0
11.91,1625449482.0,64.0
17.86,1625449482.0,64.0
22.21,1625449482.0,64.0
24.93,1625449482.0,64.0
26.39,1625449482.0,64.0
27.18,1625449482.0,64.0
27.82,1625449482.0,64.0
28.58,1625449482.0,64.0
29.46,1625449482.0,64.0
30.26,1625449482.0,64.0
30.81,1625449482.0,64.0
30.98,1625449482.0,64.0
30.82,1625449482.0,64.0
30.4,1625449482.0,64.0
29.74,1625449482.0,64.0
28.74,1625449482.0,64.0
27.2,1625449482.0,64.0
24.94,1625449482.0,64.0
21.9,1625449482.0,64.0
18.18,1625449482.0,64.0
14.07,1625449482.0,64.0
9.86,1625449482.0,64.0
5.8,1625449482.0,64.0
1.97,1625449482.0,64.0
-1.69,1625449482.0,64.0
-5.38,1625449482.0,64.0
-9.31,1625449482.0,64.0
-13.64,1625449482.0,64.0
-18.37,1625449482.0,64.0
-23.27,1625449482.0,64.0
-27.9,1625449482.0,64.0
-31.61,1625449482.0,64.0
-33.75,1625449482.0,64.0
-33.8,1625449482.0,64.0
-31.54,1625449482.0,64.0
-27.15,1625449482.0,64.0
-21.09,1625449482.0,64.0
-13.95,1625449482.0,64.0
-6.3,1625449482.0,64.0
1.34,1625449482.0,64.0
8.44,1625449482.0,64.0
14.51,1625449482.0,64.0
19.04,1625449482.0,64.0
21.73,1625449482.0,64.0
22.56,1625449482.0,64.0
21.93,1625449482.0,64.0
20.54,1625449482.0,64.0
19.14,1625449482.0,64.0
18.27,1625449482.0,64.0
18.14,1625449482.0,64.0
18.62,1625449482.0,64.0
19.41,1625449482.0,64.0
20.14,1625449482.0,64.0
20.53,1625449482.0,64.0
20.31,1625449482.0,64.0
19.27,1625449482.0,64.0
17.31,1625449482.0,64.0
14.43,1625449482.0,64.0
10.79,1625449482.0,64.0
6.7,1625449482.0,64.0
2.45,1625449482.0,64.0
-1.71,1625449482.0,64.0
-5.65,1625449482.0,64.0
-9.34,1625449482.0,64.0
-12.75,1625449482.0,64.0
-15.95,1625449482.0,64.0
-18.97,1625449482.0,64.0
-21.91,1625449482.0,64.0
-24.92,1625449482.0,64.0
-28.19,1625449482.0,64.0
-31.75,1625449482.0,64.0
-35.36,1625449482.0,64.0
-38.49,1625449482.0,64.0
-40.37,1625449482.0,64.0
-40.22,1625449482.0,64.0
-37.54,1625449482.0,64.0
-32.29,1625449482.0,64.0
-24.94,1625449482.0,64.0
-16.36,1625449482.0,64.0
-7.5,1625449482.0,64.0
0.82,1625449482.0,64.0
8.08,1625449482.0,64.0
14.12,1625449482.0,64.0
18.97,1625449482.0,64.0
22.77,1625449482.0,64.0
25.69,1625449482.0,64.0
27.92,1625449482.0,64.0
29.64,1625449482.0,64.0
31.08,1625449482.0,64.0
32.48,1625449482.0,64.0
33.96,1625449482.0,64.0
35.5,1625449482.0,64.0
36.92,1625449482.0,64.0
37.89,1625449482.0,64.0
38.07,1625449482.0,64.0
37.21,1625449482.0,64.0
35.22,1625449482.0,64.0
32.21,1625449482.0,64.0
28.39,1625449482.0,64.0
24.02,1625449482.0,64.0
19.32,1625449482.0,64.0
14.46,1625449482.0,64.0
9.54,1625449482.0,64.0
4.65,1625449482.0,64.0
-0.14,1625449482.0,64.0
-4.76,1625449482.0,64.0
-9.24,1625449482.0,64.0
-13.68,1625449482.0,64.0
-18.26,1625449482.0,64.0
-23.16,1625449482.0,64.0
-28.39,1625449482.0,64.0
-33.67,1625449482.0,64.0
-38.46,1625449482.0,64.0
-41.97,1625449482.0,64.0
-43.44,1625449482.0,64.0
-42.39,1625449482.0,64.0
-38.71,1625449482.0,64.0
-32.78,1625449482.0,64.0
-25.26,1625449482.0,64.0
-16.98,1625449482.0,64.0
-8.69,1625449482.0,64.0
-1.02,1625449482.0,64.0
5.61,1625449482.0,64.0
10.92,1625449482.0,64.0
14.76,1625449482.0,64.0
17.17,1625449482.0,64.0
18.35,1625449482.0,64.0
18.67,1625449482.0,64.0
18.58,1625449482.0,64.0
18.5,1625449482.0,64.0
18.74,1625449482.0,64.0
19.39,1625449482.0,64.0
20.36,1625449482.0,64.0
21.41,1625449482.0,64.0
22.23,1625449482.0,64.0
22.53,1625449482.0,64.0
22.14,1625449482.0,64.0
20.99,1625449482.0,64.0
19.14,1625449482.0,64.0
16.69,1625449482.0,64.0
13.81,1625449482.0,64.0
10.59,1625449482.0,64.0
7.12,1625449482.0,64.0
3.48,1625449482.0,64.0
-0.26,1625449482.0,64.0
-4.06,1625449482.0,64.0
-7.93,1625449482.0,64.0
-11.98,1625449482.0,64.0
-16.39,1625449482.0,64.0
-21.31,1625449482.0,64.0
-26.77,1625449482.0,64.0
-32.54,1625449482.0,64.0
-38.12,1625449482.0,64.0
-42.76,1625449482.0,64.0
-45.66,1625449482.0,64.0
-46.17,1625449482.0,64.0
-44.0,1625449482.0,64.0
-39.26,1625449482.0,64.0
-32.44,1625449482.0,64.0
-24.25,1625449482.0,64.0
-15.47,1625449482.0,64.0
-6.8,1625449482.0,64.0
1.2,1625449482.0,64.0
8.08,1625449482.0,64.0
13.56,1625449482.0,64.0
17.5,1625449482.0,64.0
19.96,1625449482.0,64.0
21.21,1625449482.0,64.0
21.69,1625449482.0,64.0
21.87,1625449482.0,64.0
22.13,1625449482.0,64.0
22.61,1625449482.0,64.0
23.27,1625449482.0,64.0
23.94,1625449482.0,64.0
24.41,1625449482.0,64.0
24.53,1625449482.0,64.0
24.13,1625449482.0,64.0
23.1,1625449482.0,64.0
21.32,1625449482.0,64.0
18.76,1625449482.0,64.0
15.56,1625449482.0,64.0
11.94,1625449482.0,64.0
8.22,1625449482.0,64.0
4.62,1625449482.0,64.0
1.18,1625449482.0,64.0
-2.19,1625449482.0,64.0
-5.69,1625449482.0,64.0
-9.5,1625449482.0,64.0
-13.72,1625449482.0,64.0
-18.41,1625449482.0,64.0
-23.54,1625449482.0,64.0
-29.07,1625449482.0,64.0
-34.75,1625449482.0,64.0
-40.12,1625449482.0,64.0
-44.44,1625449482.0,64.0
-46.9,1625449482.0,64.0
-46.82,1625449482.0,64.0
-43.91,1625449482.0,64.0
-38.38,1625449482.0,64.0
-30.86,1625449482.0,64.0
-22.22,1625449482.0,64.0
-13.32,1625449482.0,64.0
-4.87,1625449482.0,64.0
2.66,1625449482.0,64.0
8.94,1625449482.0,64.0
13.81,1625449482.0,64.0
17.25,1625449482.0,64.0
19.37,1625449482.0,64.0
20.48,1625449482.0,64.0
21.0,1625449482.0,64.0
21.38,1625449482.0,64.0
21.99,1625449482.0,64.0
22.97,1625449482.0,64.0
24.23,1625449482.0,64.0
25.48,1625449482.0,64.0
26.35,1625449482.0,64.0
26.52,1625449482.0,64.0
25.87,1625449482.0,64.0
24.45,1625449482.0,64.0
22.42,1625449482.0,64.0
19.9,1625449482.0,64.0
17.01,1625449482.0,64.0
13.77,1625449482.0,64.0
10.25,1625449482.0,64.0
6.58,1625449482.0,64.0
2.94,1625449482.0,64.0
-0.52,1625449482.0,64.0
-3.77,1625449482.0,64.0
-6.98,1625449482.0,64.0
-10.48,1625449482.0,64.0
-14.6,1625449482.0,64.0
-19.56,1625449482.0,64.0
-25.29,1625449482.0,64.0
-31.42,1625449482.0,64.0
-37.28,1625449482.0,64.0
-42.05,1625449482.0,64.0
-44.93,1625449482.0,64.0
-45.3,1625449482.0,64.0
-42.95,1625449482.0,64.0
-38.1,1625449482.0,64.0
-31.31,1625449482.0,64.0
-23.35,1625449482.0,64.0
-15.02,1625449482.0,64.0
-7.0,1625449482.0,64.0
0.2,1625449482.0,64.0
6.22,1625449482.0,64.0
10.81,1625449482.0,64.0
13.89,1625449482.0,64.0
15.57,1625449482.0,64.0
16.16,1625449482.0,64.0
16.1,1625449482.0,64.0
15.93,1625449482.0,64.0
16.07,1625449482.0,64.0
16.76,1625449482.0,64.0
18.0,1625449482.0,64.0
19.57,1625449482.0,64.0
21.15,1625449482.0,64.0
22.36,1625449482.0,64.0
22.91,1625449482.0,64.0
22.64,1625449482.0,64.0
21.52,1625449482.0,64.0
19.63,1625449482.0,64.0
17.11,1625449482.0,64.0
14.13,1625449482.0,64.0
10.87,1625449482.0,64.0
7.46,1625449482.0,64.0
4.04,1625449482.0,64.0
0.67,1625449482.0,64.0
-2.66,1625449482.0,64.0
-6.05,1625449482.0,64.0
-9.69,1625449482.0,64.0
-13.79,1625449482.0,64.0
-18.51,1625449482.0,64.0
-23.82,1625449482.0,64.0
-29.42,1625449482.0,64.0
-34.74,1625449482.0,64.0
-38.97,1625449482.0,64.0
-41.28,1625449482.0,64.0
-41.07,1625449482.0,64.0
-38.07,1625449482.0,64.0
-32.52,1625449482.0,64.0
-25.03,1625449482.0,64.0
-16.39,1625449482.0,64.0
-7.39,1625449482.0,64.0
1.36,1625449482.0,64.0
9.37,1625449482.0,64.0
16.3,1625449482.0,64.0
21.86,1625449482.0,64.0
25.84,1625449482.0,64.0
28.22,1625449482.0,64.0
29.18,1625449482.0,64.0
29.2,1625449482.0,64.0
28.87,1625449482.0,64.0
28.72,1625449482.0,64.0
29.02,1625449482.0,64.0
29.74,1625449482.0,64.0
30.55,1625449482.0,64.0
31.05,1625449482.0,64.0
30.91,1625449482.0,64.0
29.95,1625449482.0,64.0
28.2,1625449482.0,64.0
25.72,1625449482.0,64.0
22.59,1625449482.0,64.0
18.87,1625449482.0,64.0
14.59,1625449482.0,64.0
9.83,1625449482.0,64.0
4.76,1625449482.0,64.0
-0.41,1625449482.0,64.0
-5.44,1625449482.0,64.0
-10.18,1625449482.0,64.0
-14.6,1625449482.0,64.0
-18.88,1625449482.0,64.0
-23.3,1625449482.0,64.0
-28.2,1625449482.0,64.0
-33.81,1625449482.0,64.0
-40.02,1625449482.0,64.0
-46.37,1625449482.0,64.0
-52.02,1625449482.0,64.0
-55.99,1625449482.0,64.0
-57.44,1625449482.0,64.0
-55.91,1625449482.0,64.0
-51.45,1625449482.0,64.0
-44.54,1625449482.0,64.0
-35.9,1625449482.0,64.0
-26.24,1625449482.0,64.0
-16.11,1625449482.0,64.0
-5.95,1625449482.0,64.0
3.86,1625449482.0,64.0
12.8,1625449482.0,64.0
20.33,1625449482.0,64.0
25.97,1625449482.0,64.0
29.56,1625449482.0,64.0
31.42,1625449482.0,64.0
32.26,1625449482.0,64.0
32.89,1625449482.0,64.0
33.95,1625449482.0,64.0
35.59,1625449482.0,64.0
37.5,1625449482.0,64.0
39.16,1625449482.0,64.0
40.05,1625449482.0,64.0
39.9,1625449482.0,64.0
38.8,1625449482.0,64.0
36.96,1625449482.0,64.0
34.61,1625449482.0,64.0
31.84,1625449482.0,64.0
28.59,1625449482.0,64.0
24.72,1625449482.0,64.0
20.19,1625449482.0,64.0
15.11,1625449482.0,64.0
9.8,1625449482.0,64.0
4.65,1625449482.0,64.0
-0.04,1625449482.0,64.0
-4.17,1625449482.0,64.0
-7.9,1625449482.0,64.0
-11.63,1625449482.0,64.0
-15.77,1625449482.0,64.0
-20.7,1625449482.0,64.0
-26.56,1625449482.0,64.0
-33.28,1625449482.0,64.0
-40.52,1625449482.0,64.0
-47.74,1625449482.0,64.0
-54.17,1625449482.0,64.0
-58.97,1625449482.0,64.0
-61.35,1625449482.0,64.0
-60.81,1625449482.0,64.0
-57.23,1625449482.0,64.0
-50.88,1625449482.0,64.0
-42.34,1625449482.0,64.0
-32.29,1625449482.0,64.0
-21.35,1625449482.0,64.0
-10.04,1625449482.0,64.0
1.2,1625449482.0,64.0
11.88,1625449482.0,64.0
21.48,1625449482.0,64.0
29.47,1625449482.0,64.0
35.5,1625449482.0,64.0
39.55,1625449482.0,64.0
41.96,1625449482.0,64.0
43.34,1625449482.0,64.0
44.35,1625449482.0,64.0
45.44,1625449482.0,64.0
46.73,1625449482.0,64.0
47.99,1625449482.0,64.0
48.87,1625449482.0,64.0
49.12,1625449482.0,64.0
48.73,1625449482.0,64.0
47.88,1625449482.0,64.0
46.79,1625449482.0,64.0
45.5,1625449482.0,64.0
43.82,1625449482.0,64.0
41.43,1625449482.0,64.0
38.12,1625449482.0,64.0
33.93,1625449482.0,64.0
29.22,1625449482.0,64.0
24.51,1625449482.0,64.0
20.27,1625449482.0,64.0
16.66,1625449482.0,64.0
13.55,1625449482.0,64.0
10.59,1625449482.0,64.0
7.38,1625449482.0,64.0
3.65,1625449482.0,64.0
-0.67,1625449482.0,64.0
-5.48,1625449482.0,64.0
-10.54,1625449482.0,64.0
-15.6,1625449482.0,64.0
-20.48,1625449482.0,64.0
-25.11,1625449482.0,64.0
-29.58,1625449482.0,64.0
-34.15,1625449482.0,64.0
-39.14,1625449482.0,64.0
-44.84,1625449482.0,64.0
-51.4,1625449482.0,64.0
-58.67,1625449482.0,64.0
-66.14,1625449482.0,64.0
-72.99,1625449482.0,64.0
-78.16,1625449482.0,64.0
-80.65,1625449482.0,64.0
-79.81,1625449482.0,64.0
-75.51,1625449482.0,64.0
-68.16,1625449482.0,64.0
-58.52,1625449482.0,64.0
-47.45,1625449482.0,64.0
-35.63,1625449482.0,64.0
-23.43,1625449482.0,64.0
-11.02,1625449482.0,64.0
1.42,1625449482.0,64.0
13.54,1625449482.0,64.0
24.79,1625449482.0,64.0
34.58,1625449482.0,64.0
42.48,1625449482.0,64.0
48.42,1625449482.0,64.0
52.65,1625449482.0,64.0
55.65,1625449482.0,64.0
57.9,1625449482.0,64.0
59.69,1625449482.0,64.0
61.11,1625449482.0,64.0
62.05,1625449482.0,64.0
62.42,1625449482.0,64.0
62.17,1625449482.0,64.0
61.41,1625449482.0,64.0
60.3,1625449482.0,64.0
58.93,1625449482.0,64.0
57.3,1625449482.0,64.0
55.29,1625449482.0,64.0
52.74,1625449482.0,64.0
49.62,1625449482.0,64.0
46.01,1625449482.0,64.0
42.18,1625449482.0,64.0
38.45,1625449482.0,64.0
35.08,1625449482.0,64.0
32.14,1625449482.0,64.0
29.56,1625449482.0,64.0
27.11,1625449482.0,64.0
24.57,1625449482.0,64.0
21.79,1625449482.0,64.0
18.73,1625449482.0,64.0
15.42,1625449482.0,64.0
11.97,1625449482.0,64.0
8.47,1625449482.0,64.0
4.99,1625449482.0,64.0
1.58,1625449482.0,64.0
-1.78,1625449482.0,64.0
-5.15,1625449482.0,64.0
-8.62,1625449482.0,64.0
-12.27,1625449482.0,64.0
-16.14,1625449482.0,64.0
-20.2,1625449482.0,64.0
-24.31,1625449482.0,64.0
-28.31,1625449482.0,64.0
-32.06,1625449482.0,64.0
-35.51,1625449482.0,64.0
-38.75,1625449482.0,64.0
-41.99,1625449482.0,64.0
-45.56,1625449482.0,64.0
-49.74,1625449482.0,64.0
-54.79,1625449482.0,64.0
-60.74,1625449482.0,64.0
-67.37,1625449482.0,64.0
-74.16,1625449482.0,64.0
-80.31,1625449482.0,64.0
-84.89,1625449482.0,64.0
-87.03,1625449482.0,64.0
-86.11,1625449482.0,64.0
-82.02,1625449482.0,64.0
-75.09,1625449482.0,64.0
-66.03,1625449482.0,64.0
-55.64,1625449482.0,64.0
-44.59,1625449482.0,64.0
-33.3,1625449482.0,64.0
-21.95,1625449482.0,64.0
-10.68,1625449482.0,64.0
0.26,1625449482.0,64.0
10.43,1625449482.0,64.0
19.3,1625449482.0,64.0
26.5,1625449482.0,64.0
31.95,1625449482.0,64.0
35.95,1625449482.0,64.0
38.97,1625449482.0,64.0
41.48,1625449482.0,64.0
43.71,1625449482.0,64.0
45.66,1625449482.0,64.0
47.12,1625449482.0,64.0
47.95,1625449482.0,64.0
48.13,1625449482.0,64.0
47.82,1625449482.0,64.0
47.28,1625449482.0,64.0
46.65,1625449482.0,64.0
45.93,1625449482.0,64.0
44.99,1625449482.0,64.0
43.65,1625449482.0,64.0
41.8,1625449482.0,64.0
39.52,1625449482.0,64.0
37.03,1625449482.0,64.0
34.57,1625449482.0,64.0
32.27,1625449482.0,64.0
30.07,1625449482.0,64.0
27.8,1625449482.0,64.0
25.21,1625449482.0,64.0
22.19,1625449482.0,64.0
18.74,1625449482.0,64.0
15.01,1625449482.0,64.0
11.23,1625449482.0,64.0
7.55,1625449482.0,64.0
4.09,1625449482.0,64.0
0.9,1625449482.0,64.0
-1.96,1625449482.0,64.0
-4.46,1625449482.0,64.0
-6.73,1625449482.0,64.0
-8.99,1625449482.0,64.0
-11.55,1625449482.0,64.0
-14.65,1625449482.0,64.0
-18.3,1625449482.0,64.0
-22.19,1625449482.0,64.0
-25.88,1625449482.0,64.0
-28.99,1625449482.0,64.0
-31.49,1625449482.0,64.0
-33.69,1625449482.0,64.0
-36.16,1625449482.0,64.0
-39.42,1625449482.0,64.0
-43.76,1625449482.0,64.0
-49.12,1625449482.0,64.0
-55.17,1625449482.0,64.0
-61.37,1625449482.0,64.0
-67.07,1625449482.0,64.0
-71.56,1625449482.0,64.0
-74.12,1625449482.0,64.0
-74.16,1625449482.0,64.0
-71.45,1625449482.0,64.0
-66.18,1625449482.0,64.0
-58.92,1625449482.0,64.0
-50.42,1625449482.0,64.0
-41.33,1625449482.0,64.0
-32.02,1625449482.0,64.0
-22.59,1625449482.0,64.0
-13.07,1625449482.0,64.0
-3.62,1625449482.0,64.0
5.42,1625449482.0,64.0
13.61,1625449482.0,64.0
20.57,1625449482.0,64.0
26.22,1625449482.0,64.0
30.74,1625449482.0,64.0
34.52,1625449482.0,64.0
37.91,1625449482.0,64.0
41.08,1625449482.0,64.0
43.99,1625449482.0,64.0
46.52,1625449482.0,64.0
48.49,1625449482.0,64.0
49.87,1625449482.0,64.0
50.64,1625449482.0,64.0
50.78,1625449482.0,64.0
50.25,1625449482.0,64.0
48.95,1625449482.0,64.0
46.81,1625449482.0,64.0
43.88,1625449482.0,64.0
40.32,1625449482.0,64.0
36.39,1625449482.0,64.0
32.34,1625449482.0,64.0
28.36,1625449482.0,64.0
24.53,1625449482.0,64.0
20.89,1625449482.0,64.0
17.44,1625449482.0,64.0
14.17,1625449482.0,64.0
11.09,1625449482.0,64.0
8.21,1625449482.0,64.0
5.46,1625449482.0,64.0
2.81,1625449482.0,64.0
0.17,1625449482.0,64.0
-2.53,1625449482.0,64.0
-5.39,1625449482.0,64.0
-8.43,1625449482.0,64.0
-11.7,1625449482.0,64.0
-15.21,1625449482.0,64.0
-18.88,1625449482.0,64.0
-22.62,1625449482.0,64.0
-26.25,1625449482.0,64.0
-29.6,1625449482.0,64.0
-32.59,1625449482.0,64.0
-35.31,1625449482.0,64.0
-38.01,1625449482.0,64.0
-41.09,1625449482.0,64.0
-44.91,1625449482.0,64.0
-49.6,1625449482.0,64.0
-54.97,1625449482.0,64.0
-60.42,1625449482.0,64.0
-65.08,1625449482.0,64.0
-68.04,1625449482.0,64.0
-68.6,1625449482.0,64.0
-66.46,1625449482.0,64.0
-61.76,1625449482.0,64.0
-55.04,1625449482.0,64.0
-47.01,1625449482.0,64.0
-38.39,1625449482.0,64.0
-29.71,1625449482.0,64.0
-21.28,1625449482.0,64.0
-13.22,1625449482.0,64.0
-5.56,1625449482.0,64.0
1.67,1625449482.0,64.0
8.38,1625449482.0,64.0
14.46,1625449482.0,64.0
19.82,1625449482.0,64.0
24.46,1625449482.0,64.0
28.44,1625449482.0,64.0
31.86,1625449482.0,64.0
34.75,1625449482.0,64.0
37.07,1625449482.0,64.0
38.71,1625449482.0,64.0
39.55,1625449482.0,64.0
39.57,1625449482.0,64.0
38.86,1625449482.0,64.0
37.63,1625449482.0,64.0
36.15,1625449482.0,64.0
34.58,1625449482.0,64.0
33.0,1625449482.0,64.0
31.31,1625449482.0,64.0
29.3,1625449482.0,64.0
26.84,1625449482.0,64.0
23.93,1625449482.0,64.0
20.76,1625449482.0,64.0
17.72,1625449482.0,64.0
15.25,1625449482.0,64.0
13.61,1625449482.0,64.0
12.8,1625449482.0,64.0
12.46,1625449482.0,64.0
12.03,1625449482.0,64.0
10.91,1625449482.0,64.0
8.72,1625449482.0,64.0
5.37,1625449482.0,64.0
1.05,1625449482.0,64.0
-3.88,1625449482.0,64.0
-9.05,1625449482.0,64.0
-14.23,1625449482.0,64.0
-19.26,1625449482.0,64.0
-24.18,1625449482.0,64.0
-29.03,1625449482.0,64.0
-33.89,1625449482.0,64.0
-38.84,1625449482.0,64.0
-43.9,1625449482.0,64.0
-48.99,1625449482.0,64.0
-53.84,1625449482.0,64.0
-58.01,1625449482.0,64.0
-60.93,1625449482.0,64.0
-62.0,1625449482.0,64.0
-60.77,1625449482.0,64.0
-57.14,1625449482.0,64.0
-51.34,1625449482.0,64.0
-43.89,1625449482.0,64.0
-35.51,1625449482.0,64.0
-26.86,1625449482.0,64.0
-18.42,1625449482.0,64.0
-10.47,1625449482.0,64.0
-3.1,1625449482.0,64.0
3.67,1625449482.0,64.0
9.71,1625449482.0,64.0
14.85,1625449482.0,64.0
18.91,1625449482.0,64.0
21.83,1625449482.0,64.0
23.78,1625449482.0,64.0
25.1,1625449482.0,64.0
26.25,1625449482.0,64.0
27.56,1625449482.0,64.0
29.11,1625449482.0,64.0
30.77,1625449482.0,64.0
32.2,1625449482.0,64.0
33.07,1625449482.0,64.0
33.18,1625449482.0,64.0
32.54,1625449482.0,64.0
31.26,1625449482.0,64.0
29.55,1625449482.0,64.0
27.52,1625449482.0,64.0
25.24,1625449482.0,64.0
22.72,1625449482.0,64.0
20.0,1625449482.0,64.0
17.09,1625449482.0,64.0
13.99,1625449482.0,64.0
10.69,1625449482.0,64.0
7.12,1625449482.0,64.0
3.22,1625449482.0,64.0
-1.02,1625449482.0,64.0
-5.52,1625449482.0,64.0
-10.12,1625449482.0,64.0
-14.67,1625449482.0,64.0
-19.02,1625449482.0,64.0
-23.14,1625449482.0,64.0
-27.12,1625449482.0,64.0
-31.19,1625449482.0,64.0
-35.67,1625449482.0,64.0
-40.85,1625449482.0,64.0
-46.75,1625449482.0,64.0
-53.0,1625449482.0,64.0
-58.8,1625449482.0,64.0
-63.06,1625449482.0,64.0
-64.81,1625449482.0,64.0
-63.52,1625449482.0,64.0
-59.31,1625449482.0,64.0
-52.83,1625449482.0,64.0
-45.0,1625449482.0,64.0
-36.62,1625449482.0,64.0
-28.16,1625449482.0,64.0
-19.76,1625449482.0,64.0
-11.44,1625449482.0,64.0
-3.27,1625449482.0,64.0
4.45,1625449482.0,64.0
11.31,1625449482.0,64.0
16.99,1625449482.0,64.0
21.35,1625449482.0,64.0
24.56,1625449482.0,64.0
26.95,1625449482.0,64.0
28.93,1625449482.0,64.0
30.75,1625449482.0,64.0
32.45,1625449482.0,64.0
33.92,1625449482.0,64.0
35.0,1625449482.0,64.0
35.55,1625449482.0,64.0
35.52,1625449482.0,64.0
34.95,1625449482.0,64.0
33.93,1625449482.0,64.0
32.52,1625449482.0,64.0
30.76,1625449482.0,64.0
28.66,1625449482.0,64.0
26.19,1625449482.0,64.0
23.35,1625449482.0,64.0
20.16,1625449482.0,64.0
16.7,1625449482.0,64.0
13.07,1625449482.0,64.0
9.41,1625449482.0,64.0
5.77,1625449482.0,64.0
2.12,1625449482.0,64.0
-1.67,1625449482.0,64.0
-5.77,1625449482.0,64.0
-10.32,1625449482.0,64.0
-15.34,1625449482.0,64.0
-20.74,1625449482.0,64.0
-26.39,1625449482.0,64.0
-32.15,1625449482.0,64.0
-37.93,1625449482.0,64.0
-43.57,1625449482.0,64.0
-48.81,1625449482.0,64.0
-53.14,1625449482.0,64.0
-55.85,1625449482.0,64.0
-56.28,1625449482.0,64.0
-54.0,1625449482.0,64.0
-49.06,1625449482.0,64.0
-42.01,1625449482.0,64.0
-33.69,1625449482.0,64.0
-24.93,1625449482.0,64.0
-16.29,1625449482.0,64.0
-7.96,1625449482.0,64.0
0.1,1625449482.0,64.0
7.91,1625449482.0,64.0
15.32,1625449482.0,64.0
21.96,1625449482.0,64.0
27.43,1625449482.0,64.0
31.54,1625449482.0,64.0
34.47,1625449482.0,64.0
36.7,1625449482.0,64.0
38.75,1625449482.0,64.0
40.94,1625449482.0,64.0
43.18,1625449482.0,64.0
45.05,1625449482.0,64.0
46.05,1625449482.0,64.0
45.86,1625449482.0,64.0
44.48,1625449482.0,64.0
42.18,1625449482.0,64.0
39.31,1625449482.0,64.0
36.12,1625449482.0,64.0
32.69,1625449482.0,64.0
28.94,1625449482.0,64.0
24.78,1625449482.0,64.0
20.18,1625449482.0,64.0
15.27,1625449482.0,64.0
10.27,1625449482.0,64.0
5.43,1625449482.0,64.0
0.93,1625449482.0,64.0
-3.16,1625449482.0,64.0
-6.95,1625449482.0,64.0
-10.72,1625449482.0,64.0
-14.77,1625449482.0,64.0
-19.39,1625449482.0,64.0
-24.72,1625449482.0,64.0
-30.74,1625449482.0,64.0
-37.28,1625449482.0,64.0
-44.03,1625449482.0,64.0
-50.59,1625449482.0,64.0
-56.42,1625449482.0,64.0
-60.89,1625449482.0,64.0
-63.31,1625449482.0,64.0
-63.17,1625449482.0,64.0
-60.25,1625449482.0,64.0
-54.73,1625449482.0,64.0
-47.12,1625449482.0,64.0
-38.12,1625449482.0,64.0
-28.39,1625449482.0,64.0
-18.39,1625449482.0,64.0
-8.43,1625449482.0,64.0
1.2,1625449482.0,64.0
10.13,1625449482.0,64.0
17.93,1625449482.0,64.0
24.22,1625449482.0,64.0
28.88,1625449482.0,64.0
32.08,1625449482.0,64.0
34.29,1625449482.0,64.0
36.07,1625449482.0,64.0
37.8,1625449482.0,64.0
39.59,1625449482.0,64.0
41.22,1625449482.0,64.0
42.38,1625449482.0,64.0
42.78,1625449482.0,64.0
42.34,1625449482.0,64.0
41.19,1625449482.0,64.0
39.59,1625449482.0,64.0
37.72,1625449482.0,64.0
35.61,1625449482.0,64.0
33.1,1625449482.0,64.0
29.97,1625449482.0,64.0
26.05,1625449482.0,64.0
21.36,1625449482.0,64.0
16.17,1625449482.0,64.0
10.91,1625449482.0,64.0
5.97,1625449482.0,64.0
1.54,1625449482.0,64.0
-2.47,1625449482.0,64.0
-6.39,1625449482.0,64.0
-10.62,1625449482.0,64.0
-15.49,1625449482.0,64.0
-21.15,1625449482.0,64.0
-27.52,1625449482.0,64.0
-34.4,1625449482.0,64.0
-41.46,1625449482.0,64.0
-48.31,1625449482.0,64.0
-54.44,1625449482.0,64.0
-59.27,1625449482.0,64.0
-62.15,1625449482.0,64.0
-62.58,1625449482.0,64.0
-60.24,1625449482.0,64.0
-55.21,1625449482.0,64.0
-47.9,1625449482.0,64.0
-38.93,1625449482.0,64.0
-28.93,1625449482.0,64.0
-18.42,1625449482.0,64.0
-7.77,1625449482.0,64.0
2.68,1625449482.0,64.0
12.6,1625449482.0,64.0
21.5,1625449482.0,64.0
28.96,1625449482.0,64.0
34.65,1625449482.0,64.0
38.57,1625449482.0,64.0
41.07,1625449482.0,64.0
42.7,1625449482.0,64.0
44.01,1625449482.0,64.0
45.32,1625449482.0,64.0
46.64,1625449482.0,64.0
47.75,1625449482.0,64.0
48.31,1625449482.0,64.0
48.05,1625449482.0,64.0
46.89,1625449482.0,64.0
44.91,1625449482.0,64.0
42.31,1625449482.0,64.0
39.3,1625449482.0,64.0
36.07,1625449482.0,64.0
32.67,1625449482.0,64.0
29.11,1625449482.0,64.0
25.38,1625449482.0,64.0
21.46,1625449482.0,64.0
17.38,1625449482.0,64.0
13.23,1625449482.0,64.0
9.1,1625449482.0,64.0
5.05,1625449482.0,64.0
1.12,1625449482.0,64.0
-2.78,1625449482.0,64.0
-6.75,1625449482.0,64.0
-10.92,1625449482.0,64.0
-15.44,1625449482.0,64.0
-20.44,1625449482.0,64.0
-26.05,1625449482.0,64.0
-32.34,1625449482.0,64.0
-39.24,1625449482.0,64.0
-46.37,1625449482.0,64.0
-53.08,1625449482.0,64.0
-58.44,1625449482.0,64.0
-61.54,1625449482.0,64.0
-61.71,1625449482.0,64.0
-58.73,1625449482.0,64.0
-52.9,1625449482.0,64.0
-44.91,1625449482.0,64.0
-35.57,1625449482.0,64.0
-25.57,1625449482.0,64.0
-15.36,1625449482.0,64.0
-5.21,1625449482.0,64.0
4.6,1625449482.0,64.0
13.71,1625449482.0,64.0
21.66,1625449482.0,64.0
28.07,1625449482.0,64.0
32.79,1625449482.0,64.0
36.04,1625449482.0,64.0
38.27,1625449482.0,64.0
39.99,1625449482.0,64.0
41.55,1625449482.0,64.0
43.05,1625449482.0,64.0
44.39,1625449482.0,64.0
45.39,1625449482.0,64.0
45.94,1625449482.0,64.0
45.98,1625449482.0,64.0
45.46,1625449482.0,64.0
44.31,1625449482.0,64.0
42.44,1625449482.0,64.0
39.82,1625449482.0,64.0
36.57,1625449482.0,64.0
32.95,1625449482.0,64.0
29.21,1625449482.0,64.0
25.58,1625449482.0,64.0
22.08,1625449482.0,64.0
18.6,1625449482.0,64.0
14.98,1625449482.0,64.0
11.13,1625449482.0,64.0
7.07,1625449482.0,64.0
2.89,1625449482.0,64.0
-1.36,1625449482.0,64.0
-5.66,1625449482.0,64.0
-10.08,1625449482.0,64.0
-14.64,1625449482.0,64.0
-19.38,1625449482.0,64.0
-24.3,1625449482.0,64.0
-29.46,1625449482.0,64.0
-35.02,1625449482.0,64.0
-41.14,1625449482.0,64.0
-47.78,1625449482.0,64.0
-54.58,1625449482.0,64.0
-60.75,1625449482.0,64.0
-65.22,1625449482.0,64.0
-67.02,1625449482.0,64.0
-65.58,1625449482.0,64.0
-60.93,1625449482.0,64.0
-53.67,1625449482.0,64.0
-44.67,1625449482.0,64.0
-34.74,1625449482.0,64.0
-24.44,1625449482.0,64.0
-14.04,1625449482.0,64.0
-3.73,1625449482.0,64.0
6.26,1625449482.0,64.0
15.51,1625449482.0,64.0
23.52,1625449482.0,64.0
29.85,1625449482.0,64.0
34.36,1625449482.0,64.0
37.24,1625449482.0,64.0
38.98,1625449482.0,64.0
40.18,1625449482.0,64.0
41.35,1625449482.0,64.0
42.75,1625449482.0,64.0
44.32,1625449482.0,64.0
45.79,1625449482.0,64.0
46.84,1625449482.0,64.0
47.2,1625449482.0,64.0
46.74,1625449482.0,64.0
45.53,1625449482.0,64.0
43.71,1625449482.0,64.0
41.43,1625449482.0,64.0
38.77,1625449482.0,64.0
35.77,1625449482.0,64.0
32.38,1625449482.0,64.0
28.67,1625449482.0,64.0
24.75,1625449482.0,64.0
20.84,1625449482.0,64.0
17.13,1625449482.0,64.0
13.69,1625449482.0,64.0
10.44,1625449482.0,64.0
7.16,1625449482.0,64.0
3.63,1625449482.0,64.0
-0.3,1625449482.0,64.0
-4.64,1625449482.0,64.0
-9.25,1625449482.0,64.0
-13.94,1625449482.0,64.0
-18.67,1625449482.0,64.0
-23.52,1625449482.0,64.0
-28.75,1625449482.0,64.0
-34.61,1625449482.0,64.0
-41.18,1625449482.0,64.0
-48.22,1625449482.0,64.0
-55.07,1625449482.0,64.0
-60.83,1625449482.0,64.0
-64.5,1625449482.0,64.0
-65.35,1625449482.0,64.0
-63.07,1625449482.0,64.0
-57.9,1625449482.0,64.0
-50.48,1625449482.0,64.0
-41.6,1625449482.0,64.0
-31.97,1625449482.0,64.0
-22.15,1625449482.0,64.0
-12.43,1625449482.0,64.0
-3.07,1625449482.0,64.0
5.64,1625449482.0,64.0
13.4,1625449482.0,64.0
19.9,1625449482.0,64.0
24.95,1625449482.0,64.0
28.63,1625449482.0,64.0
31.23,1625449482.0,64.0
33.18,1625449482.0,64.0
34.88,1625449482.0,64.0
36.55,1625449482.0,64.0
38.23,1625449482.0,64.0
39.75,1625449482.0,64.0
40.89,1625449482.0,64.0
41.42,1625449482.0,64.0
41.28,1625449482.0,64.0
40.45,1625449482.0,64.0
39.03,1625449482.0,64.0
37.14,1625449482.0,64.0
34.87,1625449482.0,64.0
32.28,1625449482.0,64.0
29.41,1625449482.0,64.0
26.31,1625449482.0,64.0
23.07,1625449482.0,64.0
19.8,1625449482.0,64.0
16.54,1625449482.0,64.0
13.28,1625449482.0,64.0
9.96,1625449482.0,64.0
6.49,1625449482.0,64.0
2.84,1625449482.0,64.0
-1.0,1625449482.0,64.0
-4.94,1625449482.0,64.0
-8.91,1625449482.0,64.0
-12.87,1625449482.0,64.0
-16.87,1625449482.0,64.0
-21.07,1625449482.0,64.0
-25.65,1625449482.0,64.0
-30.81,1625449482.0,64.0
-36.65,1625449482.0,64.0
-43.02,1625449482.0,64.0
-49.54,1625449482.0,64.0
-55.53,1625449482.0,64.0
-60.19,1625449482.0,64.0
-62.72,1625449482.0,64.0
-62.57,1625449482.0,64.0
-59.58,1625449482.0,64.0
-54.02,1625449482.0,64.0
-46.46,1625449482.0,64.0
-37.65,1625449482.0,64.0
-28.27,1625449482.0,64.0
-18.84,1625449482.0,64.0
-9.75,1625449482.0,64.0
-1.26,1625449482.0,64.0
6.37,1625449482.0,64.0
12.94,1625449482.0,64.0
18.28,1625449482.0,64.0
22.42,1625449482.0,64.0
25.55,1625449482.0,64.0
28.01,1625449482.0,64.0
30.16,1625449482.0,64.0
32.25,1625449482.0,64.0
34.36,1625449482.0,64.0
36.38,1625449482.0,64.0
38.09,1625449482.0,64.0
39.35,1625449482.0,64.0
40.07,1625449482.0,64.0
40.27,1625449482.0,64.0
39.97,1625449482.0,64.0
39.15,1625449482.0,64.0
37.73,1625449482.0,64.0
35.63,1625449482.0,64.0
32.87,1625449482.0,64.0
29.61,1625449482.0,64.0
26.08,1625449482.0,64.0
22.52,1625449482.0,64.0
19.05,1625449482.0,64.0
15.63,1625449482.0,64.0
12.15,1625449482.0,64.0
8.5,1625449482.0,64.0
4.68,1625449482.0,64.0
0.78,1625449482.0,64.0
-3.05,1625449482.0,64.0
-6.72,1625449482.0,64.0
-10.28,1625449482.0,64.0
-13.91,1625449482.0,64.0
-17.81,1625449482.0,64.0
-22.19,1625449482.0,64.0
-27.19,1625449482.0,64.0
-32.88,1625449482.0,64.0
-39.27,1625449482.0,64.0
-46.29,1625449482.0,64.0
-53.63,1625449482.0,64.0
-60.75,1625449482.0,64.0
-66.81,1625449482.0,64.0
-70.86,1625449482.0,64.0
-72.11,1625449482.0,64.0
-70.15,1625449482.0,64.0
-65.12,1625449482.0,64.0
-57.62,1625449482.0,64.0
-48.52,1625449482.0,64.0
-38.59,1625449482.0,64.0
-28.39,1625449482.0,64.0
-18.21,1625449482.0,64.0
-8.2,1625449482.0,64.0
1.46,1625449482.0,64.0
10.46,1625449482.0,64.0
18.44,1625449482.0,64.0
25.1,1625449482.0,64.0
30.32,1625449482.0,64.0
34.29,1625449482.0,64.0
37.35,1625449482.0,64.0
39.89,1625449482.0,64.0
42.17,1625449482.0,64.0
44.23,1625449482.0,64.0
45.92,1625449482.0,64.0
47.07,1625449482.0,64.0
47.54,1625449482.0,64.0
47.39,1625449482.0,64.0
46.77,1625449482.0,64.0
45.88,1625449482.0,64.0
44.75,1625449482.0,64.0
43.26,1625449482.0,64.0
41.2,1625449482.0,64.0
38.41,1625449482.0,64.0
34.92,1625449482.0,64.0
30.96,1625449482.0,64.0
26.88,1625449482.0,64.0
22.98,1625449482.0,64.0
19.37,1625449482.0,64.0
15.96,1625449482.0,64.0
12.49,1625449482.0,64.0
8.7,1625449482.0,64.0
4.42,1625449482.0,64.0
-0.3,1625449482.0,64.0
-5.31,1625449482.0,64.0
-10.37,1625449482.0,64.0
-15.3,1625449482.0,64.0
-20.01,1625449482.0,64.0
-24.58,1625449482.0,64.0
-29.21,1625449482.0,64.0
-34.22,1625449482.0,64.0
-39.86,1625449482.0,64.0
-46.26,1625449482.0,64.0
-53.27,1625449482.0,64.0
-60.48,1625449482.0,64.0
-67.17,1625449482.0,64.0
-72.48,1625449482.0,64.0
-75.6,1625449482.0,64.0
-75.94,1625449482.0,64.0
-73.35,1625449482.0,64.0
-68.05,1625449482.0,64.0
-60.62,1625449482.0,64.0
-51.71,1625449482.0,64.0
-41.94,1625449482.0,64.0
-31.72,1625449482.0,64.0
-21.28,1625449482.0,64.0
-10.85,1625449482.0,64.0
-0.71,1625449482.0,64.0
8.74,1625449482.0,64.0
17.03,1625449482.0,64.0
23.86,1625449482.0,64.0
29.13,1625449482.0,64.0
33.07,1625449482.0,64.0
36.09,1625449482.0,64.0
38.61,1625449482.0,64.0
40.89,1625449482.0,64.0
43.01,1625449482.0,64.0
44.85,1625449482.0,64.0
46.21,1625449482.0,64.0
46.98,1625449482.0,64.0
47.14,1625449482.0,64.0
46.8,1625449482.0,64.0
46.04,1625449482.0,64.0
44.91,1625449482.0,64.0
43.3,1625449482.0,64.0
41.09,1625449482.0,64.0
38.16,1625449482.0,64.0
34.6,1625449482.0,64.0
30.64,1625449482.0,64.0
26.65,1625449482.0,64.0
22.92,1625449482.0,64.0
19.56,1625449482.0,64.0
16.46,1625449482.0,64.0
13.35,1625449482.0,64.0
9.94,1625449482.0,64.0
6.05,1625449482.0,64.0
1.69,1625449482.0,64.0
-2.96,1625449482.0,64.0
-7.73,1625449482.0,64.0
-12.5,1625449482.0,64.0
-17.25,1625449482.0,64.0
-22.06,1625449482.0,64.0
-27.07,1625449482.0,64.0
-32.4,1625449482.0,64.0
-38.15,1625449482.0,64.0
-44.35,1625449482.0,64.0
-50.87,1625449482.0,64.0
-57.32,1625449482.0,64.0
-63.08,1625449482.0,64.0
-67.37,1625449482.0,64.0
-69.48,1625449482.0,64.0
-68.9,1625449482.0,64.0
-65.57,1625449482.0,64.0
-59.81,1625449482.0,64.0
-52.23,1625449482.0,64.0
-43.49,1625449482.0,64.0
-34.15,1625449482.0,64.0
-24.56,1625449482.0,64.0
-14.97,1625449482.0,64.0
-5.61,1625449482.0,64.0
3.17,1625449482.0,64.0
11.0,1625449482.0,64.0
17.54,1625449482.0,64.0
22.68,1625449482.0,64.0
26.58,1625449482.0,64.0
29.6,1625449482.0,64.0
32.21,1625449482.0,64.0
34.77,1625449482.0,64.0
37.39,1625449482.0,64.0
39.98,1625449482.0,64.0
42.29,1625449482.0,64.0
44.09,1625449482.0,64.0
45.25,1625449482.0,64.0
45.82,1625449482.0,64.0
45.91,1625449482.0,64.0
45.64,1625449482.0,64.0
44.99,1625449482.0,64.0
43.86,1625449482.0,64.0
42.07,1625449482.0,64.0
39.5,1625449482.0,64.0
36.2,1625449482.0,64.0
32.4,1625449482.0,64.0
28.42,1625449482.0,64.0
24.62,1625449482.0,64.0
21.17,1625449482.0,64.0
18.01,1625449482.0,64.0
14.91,1625449482.0,64.0
11.53,1625449482.0,64.0
7.63,1625449482.0,64.0
3.17,1625449482.0,64.0
-1.71,1625449482.0,64.0
-6.71,1625449482.0,64.0
-11.54,1625449482.0,64.0
-16.05,1625449482.0,64.0
-20.25,1625449482.0,64.0
-24.34,1625449482.0,64.0
-28.61,1625449482.0,64.0
-33.37,1625449482.0,64.0
-38.8,1625449482.0,64.0
-44.93,1625449482.0,64.0
-51.56,1625449482.0,64.0
-58.23,1625449482.0,64.0
-64.27,1625449482.0,64.0
-68.88,1625449482.0,64.0
-71.32,1625449482.0,64.0
-71.06,1625449482.0,64.0
-67.92,1625449482.0,64.0
-62.16,1625449482.0,64.0
-54.35,1625449482.0,64.0
-45.21,1625449482.0,64.0
-35.37,1625449482.0,64.0
-25.31,1625449482.0,64.0
-15.36,1625449482.0,64.0
-5.79,1625449482.0,64.0
3.11,1625449482.0,64.0
10.99,1625449482.0,64.0
17.58,1625449482.0,64.0
22.78,1625449482.0,64.0
26.79,1625449482.0,64.0
30.0,1625449482.0,64.0
32.86,1625449482.0,64.0
35.66,1625449482.0,64.0
38.46,1625449482.0,64.0
41.04,1625449482.0,64.0
43.13,1625449482.0,64.0
44.5,1625449482.0,64.0
45.12,1625449482.0,64.0
45.14,1625449482.0,64.0
44.76,1625449482.0,64.0
44.12,1625449482.0,64.0
43.21,1625449482.0,64.0
41.9,1625449482.0,64.0
40.01,1625449482.0,64.0
37.48,1625449482.0,64.0
34.38,1625449482.0,64.0
30.99,1625449482.0,64.0
27.56,1625449482.0,64.0
24.34,1625449482.0,64.0
21.4,1625449482.0,64.0
18.65,1625449482.0,64.0
15.89,1625449482.0,64.0
12.87,1625449482.0,64.0
9.39,1625449482.0,64.0
5.4,1625449482.0,64.0
0.98,1625449482.0,64.0
-3.63,1625449482.0,64.0
-8.13,1625449482.0,64.0
-12.32,1625449482.0,64.0
-16.2,1625449482.0,64.0
-19.99,1625449482.0,64.0
-24.05,1625449482.0,64.0
-28.72,1625449482.0,64.0
-34.21,1625449482.0,64.0
-40.48,1625449482.0,64.0
-47.22,1625449482.0,64.0
-53.97,1625449482.0,64.0
-60.11,1625449482.0,64.0
-64.97,1625449482.0,64.0
-67.87,1625449482.0,64.0
-68.27,1625449482.0,64.0
-65.9,1625449482.0,64.0
-60.88,1625449482.0,64.0
-53.67,1625449482.0,64.0
-44.95,1625449482.0,64.0
-35.38,1625449482.0,64.0
-25.48,1625449482.0,64.0
-15.61,1625449482.0,64.0
-6.01,1625449482.0,64.0
2.98,1625449482.0,64.0
10.98,1625449482.0,64.0
17.59,1625449482.0,64.0
22.65,1625449482.0,64.0
26.26,1625449482.0,64.0
28.88,1625449482.0,64.0
31.09,1625449482.0,64.0
33.34,1625449482.0,64.0
35.8,1625449482.0,64.0
38.25,1625449482.0,64.0
40.31,1625449482.0,64.0
41.64,1625449482.0,64.0
42.13,1625449482.0,64.0
41.94,1625449482.0,64.0
41.39,1625449482.0,64.0
40.75,1625449482.0,64.0
40.01,1625449482.0,64.0
39.01,1625449482.0,64.0
37.41,1625449482.0,64.0
35.04,1625449482.0,64.0
31.95,1625449482.0,64.0
28.41,1625449482.0,64.0
24.83,1625449482.0,64.0
21.57,1625449482.0,64.0
18.79,1625449482.0,64.0
16.4,1625449482.0,64.0
14.15,1625449482.0,64.0
11.73,1625449482.0,64.0
8.91,1625449482.0,64.0
5.63,1625449482.0,64.0
1.97,1625449482.0,64.0
-1.91,1625449482.0,64.0
-5.82,1625449482.0,64.0
-9.74,1625449482.0,64.0
-13.73,1625449482.0,64.0
-17.97,1625449482.0,64.0
-22.57,1625449482.0,64.0
-27.64,1625449482.0,64.0
-33.2,1625449482.0,64.0
-39.29,1625449482.0,64.0
-45.86,1625449482.0,64.0
-52.73,1625449482.0,64.0
-59.43,1625449482.0,64.0
-65.19,1625449482.0,64.0
-69.06,1625449482.0,64.0
-70.22,1625449482.0,64.0
-68.23,1625449482.0,64.0
-63.3,1625449482.0,64.0
-56.11,1625449482.0,64.0
-47.57,1625449482.0,64.0
-38.48,1625449482.0,64.0
-29.31,1625449482.0,64.0
-20.22,1625449482.0,64.0
-11.22,1625449482.0,64.0
-2.47,1625449482.0,64.0
5.73,1625449482.0,64.0
12.9,1625449482.0,64.0
18.72,1625449482.0,64.0
23.13,1625449482.0,64.0
26.46,1625449482.0,64.0
29.2,1625449482.0,64.0
31.81,1625449482.0,64.0
34.53,1625449482.0,64.0
37.21,1625449482.0,64.0
39.55,1625449482.0,64.0
41.22,1625449482.0,64.0
42.11,1625449482.0,64.0
42.28,1625449482.0,64.0
41.95,1625449482.0,64.0
41.24,1625449482.0,64.0
40.17,1625449482.0,64.0
38.62,1625449482.0,64.0
36.47,1625449482.0,64.0
33.71,1625449482.0,64.0
30.51,1625449482.0,64.0
27.19,1625449482.0,64.0
24.03,1625449482.0,64.0
21.25,1625449482.0,64.0
18.83,1625449482.0,64.0
16.58,1625449482.0,64.0
14.23,1625449482.0,64.0
11.57,1625449482.0,64.0
8.5,1625449482.0,64.0
5.03,1625449482.0,64.0
1.31,1625449482.0,64.0
-2.57,1625449482.0,64.0
-6.57,1625449482.0,64.0
-10.66,1625449482.0,64.0
-14.93,1625449482.0,64.0
-19.43,1625449482.0,64.0
-24.23,1625449482.0,64.0
-29.45,1625449482.0,64.0
-35.17,1625449482.0,64.0
-41.34,1625449482.0,64.0
-47.66,1625449482.0,64.0
-53.54,1625449482.0,64.0
-58.14,1625449482.0,64.0
-60.6,1625449482.0,64.0
-60.33,1625449482.0,64.0
-57.16,1625449482.0,64.0
-51.47,1625449482.0,64.0
-43.97,1625449482.0,64.0
-35.45,1625449482.0,64.0
-26.63,1625449482.0,64.0
-17.96,1625449482.0,64.0
-9.74,1625449482.0,64.0
-2.16,1625449482.0,64.0
4.61,1625449482.0,64.0
10.4,1625449482.0,64.0
15.08,1625449482.0,64.0
18.66,1625449482.0,64.0
21.32,1625449482.0,64.0
23.37,1625449482.0,64.0
25.21,1625449482.0,64.0
27.14,1625449482.0,64.0
29.28,1625449482.0,64.0
31.56,1625449482.0,64.0
33.74,1625449482.0,64.0
35.59,1625449482.0,64.0
36.87,1625449482.0,64.0
37.48,1625449482.0,64.0
37.31,1625449482.0,64.0
36.35,1625449482.0,64.0
34.59,1625449482.0,64.0
32.1,1625449482.0,64.0
29.04,1625449482.0,64.0
25.66,1625449482.0,64.0
22.22,1625449482.0,64.0
18.91,1625449482.0,64.0
15.79,1625449482.0,64.0
12.81,1625449482.0,64.0
9.83,1625449482.0,64.0
6.76,1625449482.0,64.0
3.51,1625449482.0,64.0
0.08,1625449482.0,64.0
-3.51,1625449482.0,64.0
-7.22,1625449482.0,64.0
-11.06,1625449482.0,64.0
-15.04,1625449482.0,64.0
-19.23,1625449482.0,64.0
-23.72,1625449482.0,64.0
-28.65,1625449482.0,64.0
-34.13,1625449482.0,64.0
-40.12,1625449482.0,64.0
-46.31,1625449482.0,64.0
-52.08,1625449482.0,64.0
-56.52,1625449482.0,64.0
-58.74,1625449482.0,64.0
-58.08,1625449482.0,64.0
-54.39,1625449482.0,64.0
-48.12,1625449482.0,64.0
-40.13,1625449482.0,64.0
-31.36,1625449482.0,64.0
-22.58,1625449482.0,64.0
-14.19,1625449482.0,64.0
-6.3,1625449482.0,64.0
1.04,1625449482.0,64.0
7.67,1625449482.0,64.0
13.34,1625449482.0,64.0
17.78,1625449482.0,64.0
20.98,1625449482.0,64.0
23.22,1625449482.0,64.0
25.0,1625449482.0,64.0
26.81,1625449482.0,64.0
28.92,1625449482.0,64.0
31.28,1625449482.0,64.0
33.57,1625449482.0,64.0
35.38,1625449482.0,64.0
36.41,1625449482.0,64.0
36.53,1625449482.0,64.0
35.78,1625449482.0,64.0
34.28,1625449482.0,64.0
32.16,1625449482.0,64.0
29.58,1625449482.0,64.0
26.67,1625449482.0,64.0
23.55,1625449482.0,64.0
20.35,1625449482.0,64.0
17.13,1625449482.0,64.0
13.93,1625449482.0,64.0
10.76,1625449482.0,64.0
7.58,1625449482.0,64.0
4.39,1625449482.0,64.0
1.19,1625449482.0,64.0
-2.11,1625449482.0,64.0
-5.61,1625449482.0,64.0
-9.51,1625449482.0,64.0
-13.97,1625449482.0,64.0
-19.16,1625449482.0,64.0
-25.09,1625449482.0,64.0
-31.72,1625449482.0,64.0
-38.91,1625449482.0,64.0
-46.43,1625449482.0,64.0
-53.9,1625449482.0,64.0
-60.79,1625449482.0,64.0
-66.36,1625449482.0,64.0
-69.85,1625449482.0,64.0
-70.61,1625449482.0,64.0
-68.38,1625449482.0,64.0
-63.36,1625449482.0,64.0
-56.16,1625449482.0,64.0
-47.55,1625449482.0,64.0
-38.2,1625449482.0,64.0
-28.53,1625449482.0,64.0
-18.7,1625449482.0,64.0
-8.78,1625449482.0,64.0
1.05,1625449482.0,64.0
10.43,1625449482.0,64.0
18.88,1625449482.0,64.0
25.95,1625449482.0,64.0
31.41,1625449482.0,64.0
35.37,1625449482.0,64.0
38.18,1625449482.0,64.0
40.34,1625449482.0,64.0
42.23,1625449482.0,64.0
44.06,1625449482.0,64.0
45.81,1625449482.0,64.0
47.28,1625449482.0,64.0
48.25,1625449482.0,64.0
48.53,1625449482.0,64.0
48.05,1625449482.0,64.0
46.81,1625449482.0,64.0
44.87,1625449482.0,64.0
42.31,1625449482.0,64.0
39.27,1625449482.0,64.0
35.87,1625449482.0,64.0
32.24,1625449482.0,64.0
28.5,1625449482.0,64.0
24.69,1625449482.0,64.0
20.78,1625449482.0,64.0
16.69,1625449482.0,64.0
12.38,1625449482.0,64.0
7.83,1625449482.0,64.0
3.07,1625449482.0,64.0
-1.82,1625449482.0,64.0
-6.75,1625449482.0,64.0
-11.7,1625449482.0,64.0
-16.68,1625449482.0,64.0
-21.83,1625449482.0,64.0
-27.33,1625449482.0,64.0
-33.42,1625449482.0,64.0
-40.29,1625449482.0,64.0
-47.96,1625449482.0,64.0
-56.16,1625449482.0,64.0
-64.24,1625449482.0,64.0
-71.27,1625449482.0,64.0
-76.18,1625449482.0,64.0
-78.06,1625449482.0,64.0
-76.48,1625449482.0,64.0
-71.57,1625449482.0,64.0
-63.93,1625449482.0,64.0
-54.42,1625449482.0,64.0
-43.82,1625449482.0,64.0
-32.63,1625449482.0,64.0
-21.12,1625449482.0,64.0
-9.44,1625449482.0,64.0
2.18,1625449482.0,64.0
13.27,1625449482.0,64.0
23.22,1625449482.0,64.0
31.55,1625449482.0,64.0
38.01,1625449482.0,64.0
42.78,1625449482.0,64.0
46.28,1625449482.0,64.0
49.02,1625449482.0,64.0
51.39,1625449482.0,64.0
53.52,1625449482.0,64.0
55.35,1625449482.0,64.0
56.7,1625449482.0,64.0
57.44,1625449482.0,64.0
57.46,1625449482.0,64.0
56.74,1625449482.0,64.0
55.3,1625449482.0,64.0
53.21,1625449482.0,64.0
50.52,1625449482.0,64.0
47.33,1625449482.0,64.0
43.7,1625449482.0,64.0
39.74,1625449482.0,64.0
35.55,1625449482.0,64.0
31.26,1625449482.0,64.0
26.97,1625449482.0,64.0
22.75,1625449482.0,64.0
18.62,1625449482.0,64.0
14.53,1625449482.0,64.0
10.39,1625449482.0,64.0
6.1,1625449482.0,64.0
1.61,1625449482.0,64.0
-3.11,1625449482.0,64.0
-8.04,1625449482.0,64.0
-13.19,1625449482.0,64.0
-18.58,1625449482.0,64.0
-24.27,1625449482.0,64.0
-30.37,1625449482.0,64.0
-37.02,1625449482.0,64.0
-44.29,1625449482.0,64.0
-52.11,1625449482.0,64.0
-60.06,1625449482.0,64.0
-67.37,1625449482.0,64.0
-72.99,1625449482.0,64.0
-75.88,1625449482.0,64.0
-75.35,1625449482.0,64.0
-71.28,1625449482.0,64.0
-64.21,1625449482.0,64.0
-55.01,1625449482.0,64.0
-44.59,1625449482.0,64.0
-33.56,1625449482.0,64.0
-22.25,1625449482.0,64.0
-10.78,1625449482.0,64.0
0.62,1625449482.0,64.0
11.58,1625449482.0,64.0
21.56,1625449482.0,64.0
30.05,1625449482.0,64.0
36.8,1625449482.0,64.0
41.91,1625449482.0,64.0
45.71,1625449482.0,64.0
48.64,1625449482.0,64.0
51.07,1625449482.0,64.0
53.16,1625449482.0,64.0
54.89,1625449482.0,64.0
56.14,1625449482.0,64.0
56.83,1625449482.0,64.0
56.91,1625449482.0,64.0
56.45,1625449482.0,64.0
55.54,1625449482.0,64.0
54.22,1625449482.0,64.0
52.49,1625449482.0,64.0
50.26,1625449482.0,64.0
47.41,1625449482.0,64.0
43.93,1625449482.0,64.0
39.94,1625449482.0,64.0
35.75,1625449482.0,64.0
31.68,1625449482.0,64.0
28.0,1625449482.0,64.0
24.78,1625449482.0,64.0
21.81,1625449482.0,64.0
18.7,1625449482.0,64.0
15.05,1625449482.0,64.0
10.6,1625449482.0,64.0
5.38,1625449482.0,64.0
-0.28,1625449482.0,64.0
-5.96,1625449482.0,64.0
-11.27,1625449482.0,64.0
-16.03,1625449482.0,64.0
-20.35,1625449482.0,64.0
-24.52,1625449482.0,64.0
-28.95,1625449482.0,64.0
-33.99,1625449482.0,64.0
-39.88,1625449482.0,64.0
-46.69,1625449482.0,64.0
-54.22,1625449482.0,64.0
-61.99,1625449482.0,64.0
-69.26,1625449482.0,64.0
-75.11,1625449482.0,64.0
-78.69,1625449482.0,64.0
-79.34,1625449482.0,64.0
-76.85,1625449482.0,64.0
-71.45,1625449482.0,64.0
-63.7,1625449482.0,64.0
-54.26,1625449482.0,64.0
-43.73,1625449482.0,64.0
-32.51,1625449482.0,64.0
-20.91,1625449482.0,64.0
-9.24,1625449482.0,64.0
2.09,1625449482.0,64.0
12.56,1625449482.0,64.0
21.66,1625449482.0,64.0
29.07,1625449482.0,64.0
34.79,1625449482.0,64.0
39.15,1625449482.0,64.0
42.66,1625449482.0,64.0
45.8,1625449482.0,64.0
48.84,1625449482.0,64.0
51.81,1625449482.0,64.0
54.55,1625449482.0,64.0
56.85,1625449482.0,64.0
58.48,1625449482.0,64.0
59.36,1625449482.0,64.0
59.43,1625449482.0,64.0
58.73,1625449482.0,64.0
57.3,1625449482.0,64.0
55.28,1625449482.0,64.0
52.77,1625449482.0,64.0
49.91,1625449482.0,64.0
46.8,1625449482.0,64.0
43.45,1625449482.0,64.0
39.91,1625449482.0,64.0
36.23,1625449482.0,64.0
32.52,1625449482.0,64.0
28.89,1625449482.0,64.0
25.38,1625449482.0,64.0
21.92,1625449482.0,64.0
18.32,1625449482.0,64.0
14.41,1625449482.0,64.0
10.07,1625449482.0,64.0
5.37,1625449482.0,64.0
0.5,1625449482.0,64.0
-4.32,1625449482.0,64.0
-8.91,1625449482.0,64.0
-13.25,1625449482.0,64.0
-17.38,1625449482.0,64.0
-21.47,1625449482.0,64.0
-25.69,1625449482.0,64.0
-30.22,1625449482.0,64.0
-35.24,1625449482.0,64.0
-40.94,1625449482.0,64.0
-47.41,1625449482.0,64.0
-54.55,1625449482.0,64.0
-62.06,1625449482.0,64.0
-69.29,1625449482.0,64.0
-75.39,1625449482.0,64.0
-79.39,1625449482.0,64.0
-80.49,1625449482.0,64.0
-78.25,1625449482.0,64.0
-72.73,1625449482.0,64.0
-64.42,1625449482.0,64.0
-54.14,1625449482.0,64.0
-42.75,1625449482.0,64.0
-30.99,1625449482.0,64.0
-19.39,1625449482.0,64.0
-8.25,1625449482.0,64.0
2.15,1625449482.0,64.0
11.55,1625449482.0,64.0
19.67,1625449482.0,64.0
26.33,1625449482.0,64.0
31.54,1625449482.0,64.0
35.52,1625449482.0,64.0
38.7,1625449482.0,64.0
41.45,1625449482.0,64.0
44.04,1625449482.0,64.0
46.49,1625449482.0,64.0
48.62,1625449482.0,64.0
50.19,1625449482.0,64.0
51.0,1625449482.0,64.0
51.01,1625449482.0,64.0
50.29,1625449482.0,64.0
49.02,1625449482.0,64.0
47.41,1625449482.0,64.0
45.64,1625449482.0,64.0
43.74,1625449482.0,64.0
41.71,1625449482.0,64.0
39.41,1625449482.0,64.0
36.74,1625449482.0,64.0
33.66,1625449482.0,64.0
30.25,1625449482.0,64.0
26.69,1625449482.0,64.0
23.19,1625449482.0,64.0
19.91,1625449482.0,64.0
16.89,1625449482.0,64.0
14.04,1625449482.0,64.0
11.15,1625449482.0,64.0
8.04,1625449482.0,64.0
4.53,1625449482.0,64.0
0.59,1625449482.0,64.0
-3.74,1625449482.0,64.0
-8.3,1625449482.0,64.0
-12.89,1625449482.0,64.0
-17.37,1625449482.0,64.0
-21.67,1625449482.0,64.0
-25.88,1625449482.0,64.0
-30.19,1625449482.0,64.0
-34.8,1625449482.0,64.0
-39.89,1625449482.0,64.0
-45.52,1625449482.0,64.0
-51.6,1625449482.0,64.0
-57.85,1625449482.0,64.0
-63.84,1625449482.0,64.0
-68.9,1625449482.0,64.0
-72.27,1625449482.0,64.0
-73.28,1625449482.0,64.0
-71.45,1625449482.0,64.0
-66.75,1625449482.0,64.0
-59.6,1625449482.0,64.0
-50.73,1625449482.0,64.0
-40.93,1625449482.0,64.0
-30.84,1625449482.0,64.0
-20.83,1625449482.0,64.0
-11.1,1625449482.0,64.0
-1.8,1625449482.0,64.0
6.78,1625449482.0,64.0
14.28,1625449482.0,64.0
20.32,1625449482.0,64.0
24.79,1625449482.0,64.0
27.96,1625449482.0,64.0
30.38,1625449482.0,64.0
32.68,1625449482.0,64.0
35.28,1625449482.0,64.0
38.22,1625449482.0,64.0
41.15,1625449482.0,64.0
43.56,1625449482.0,64.0
45.04,1625449482.0,64.0
45.42,1625449482.0,64.0
44.85,1625449482.0,64.0
43.67,1625449482.0,64.0
42.16,1625449482.0,64.0
40.49,1625449482.0,64.0
38.64,1625449482.0,64.0
36.53,1625449482.0,64.0
34.02,1625449482.0,64.0
31.12,1625449482.0,64.0
27.9,1625449482.0,64.0
24.53,1625449482.0,64.0
21.14,1625449482.0,64.0
17.83,1625449482.0,64.0
14.6,1625449482.0,64.0
11.4,1625449482.0,64.0
8.11,1625449482.0,64.0
4.67,1625449482.0,64.0
1.04,1625449482.0,64.0
-2.71,1625449482.0,64.0
-6.48,1625449482.0,64.0
-10.15,1625449482.0,64.0
-13.69,1625449482.0,64.0
-17.16,1625449482.0,64.0
-20.69,1625449482.0,64.0
-24.42,1625449482.0,64.0
-28.45,1625449482.0,64.0
-32.87,1625449482.0,64.0
-37.77,1625449482.0,64.0
-43.18,1625449482.0,64.0
-49.03,1625449482.0,64.0
-55.01,1625449482.0,64.0
-60.5,1625449482.0,64.0
-64.68,1625449482.0,64.0
-66.7,1625449482.0,64.0
-65.95,1625449482.0,64.0
-62.3,1625449482.0,64.0
-56.13,1625449482.0,64.0
-48.1,1625449482.0,64.0
-39.04,1625449482.0,64.0
-29.58,1625449482.0,64.0
-20.18,1625449482.0,64.0
-11.13,1625449482.0,64.0
-2.69,1625449482.0,64.0
4.84,1625449482.0,64.0
11.13,1625449482.0,64.0
15.98,1625449482.0,64.0
19.41,1625449482.0,64.0
21.73,1625449482.0,64.0
23.42,1625449482.0,64.0
24.98,1625449482.0,64.0
26.73,1625449482.0,64.0
28.72,1625449482.0,64.0
30.81,1625449482.0,64.0
32.68,1625449482.0,64.0
34.11,1625449482.0,64.0
34.99,1625449482.0,64.0
35.35,1625449482.0,64.0
35.27,1625449482.0,64.0
34.82,1625449482.0,64.0
33.98,1625449482.0,64.0
32.64,1625449482.0,64.0
30.68,1625449482.0,64.0
28.07,1625449482.0,64.0
24.92,1625449482.0,64.0
21.51,1625449482.0,64.0
18.18,1625449482.0,64.0
15.17,1625449482.0,64.0
12.51,1625449482.0,64.0
9.99,1625449482.0,64.0
7.28,1625449482.0,64.0
4.06,1625449482.0,64.0
0.31,1625449482.0,64.0
-3.78,1625449482.0,64.0
-7.85,1625449482.0,64.0
-11.64,1625449482.0,64.0
-15.09,1625449482.0,64.0
-18.44,1625449482.0,64.0
-22.07,1625449482.0,64.0
-26.38,1625449482.0,64.0
-31.59,1625449482.0,64.0
-37.68,1625449482.0,64.0
-44.3,1625449482.0,64.0
-50.88,1625449482.0,64.0
-56.64,1625449482.0,64.0
-60.72,1625449482.0,64.0
-62.38,1625449482.0,64.0
-61.14,1625449482.0,64.0
-56.99,1625449482.0,64.0
-50.36,1625449482.0,64.0
-42.02,1625449482.0,64.0
-32.86,1625449482.0,64.0
-23.64,1625449482.0,64.0
-14.93,1625449482.0,64.0
-7.04,1625449482.0,64.0
-0.22,1625449482.0,64.0
5.4,1625449482.0,64.0
9.72,1625449482.0,64.0
12.75,1625449482.0,64.0
14.71,1625449482.0,64.0
16.01,1625449482.0,64.0
17.17,1625449482.0,64.0
18.62,1625449482.0,64.0
20.6,1625449482.0,64.0
23.0,1625449482.0,64.0
25.5,1625449482.0,64.0
27.64,1625449482.0,64.0
29.07,1625449482.0,64.0
29.62,1625449482.0,64.0
29.32,1625449482.0,64.0
28.32,1625449482.0,64.0
26.81,1625449482.0,64.0
24.88,1625449482.0,64.0
22.6,1625449482.0,64.0
20.06,1625449482.0,64.0
17.31,1625449482.0,64.0
14.43,1625449482.0,64.0
11.42,1625449482.0,64.0
8.22,1625449482.0,64.0
4.81,1625449482.0,64.0
1.17,1625449482.0,64.0
-2.61,1625449482.0,64.0
-6.39,1625449482.0,64.0
-10.05,1625449482.0,64.0
-13.6,1625449482.0,64.0
-17.13,1625449482.0,64.0
-20.84,1625449482.0,64.0
-24.95,1625449482.0,64.0
-29.61,1625449482.0,64.0
-34.92,1625449482.0,64.0
-40.84,1625449482.0,64.0
-47.1,1625449482.0,64.0
-53.22,1625449482.0,64.0
-58.41,1625449482.0,64.0
-61.81,1625449482.0,64.0
-62.68,1625449482.0,64.0
-60.61,1625449482.0,64.0
-55.71,1625449482.0,64.0
-48.54,1625449482.0,64.0
-39.89,1625449482.0,64.0
-30.53,1625449482.0,64.0
-21.08,1625449482.0,64.0
-11.95,1625449482.0,64.0
-3.43,1625449482.0,64.0
4.19,1625449482.0,64.0
10.66,1625449482.0,64.0
15.74,1625449482.0,64.0
19.43,1625449482.0,64.0
21.94,1625449482.0,64.0
23.72,1625449482.0,64.0
25.21,1625449482.0,64.0
26.78,1625449482.0,64.0
28.52,1625449482.0,64.0
30.33,1625449482.0,64.0
31.91,1625449482.0,64.0
33.02,1625449482.0,64.0
33.45,1625449482.0,64.0
33.12,1625449482.0,64.0
32.05,1625449482.0,64.0
30.32,1625449482.0,64.0
28.05,1625449482.0,64.0
25.36,1625449482.0,64.0
22.38,1625449482.0,64.0
19.2,1625449482.0,64.0
15.86,1625449482.0,64.0
12.36,1625449482.0,64.0
8.66,1625449482.0,64.0
4.77,1625449482.0,64.0
0.74,1625449482.0,64.0
-3.38,1625449482.0,64.0
-7.56,1625449482.0,64.0
-11.89,1625449482.0,64.0
-16.47,1625449482.0,64.0
-21.45,1625449482.0,64.0
-26.94,1625449482.0,64.0
-32.95,1625449482.0,64.0
-39.43,1625449482.0,64.0
-46.23,1625449482.0,64.0
-53.1,1625449482.0,64.0
-59.58,1625449482.0,64.0
-65.06,1625449482.0,64.0
-68.78,1625449482.0,64.0
-70.07,1625449482.0,64.0
-68.53,1625449482.0,64.0
-64.13,1625449482.0,64.0
-57.26,1625449482.0,64.0
-48.55,1625449482.0,64.0
-38.59,1625449482.0,64.0
-27.83,1625449482.0,64.0
-16.6,1625449482.0,64.0
-5.17,1625449482.0,64.0
5.96,1625449482.0,64.0
16.15,1625449482.0,64.0
24.72,1625449482.0,64.0
31.25,1625449482.0,64.0
35.8,1625449482.0,64.0
38.89,1625449482.0,64.0
41.27,1625449482.0,64.0
43.55,1625449482.0,64.0
45.97,1625449482.0,64.0
48.35,1625449482.0,64.0
50.26,1625449482.0,64.0
51.29,1625449482.0,64.0
51.28,1625449482.0,64.0
50.34,1625449482.0,64.0
48.74,1625449482.0,64.0
46.71,1625449482.0,64.0
44.37,1625449482.0,64.0
41.68,1625449482.0,64.0
38.56,1625449482.0,64.0
34.9,1625449482.0,64.0
30.7,1625449482.0,64.0
26.02,1625449482.0,64.0
21.01,1625449482.0,64.0
15.87,1625449482.0,64.0
10.79,1625449482.0,64.0
5.9,1625449482.0,64.0
1.19,1625449482.0,64.0
-3.48,1625449482.0,64.0
-8.35,1625449482.0,64.0
-13.68,1625449482.0,64.0
-19.66,1625449482.0,64.0
-26.37,1625449482.0,64.0
-33.82,1625449482.0,64.0
-41.93,1625449482.0,64.0
-50.46,1625449482.0,64.0
-58.88,1625449482.0,64.0
-66.42,1625449482.0,64.0
-72.02,1625449482.0,64.0
-74.71,1625449482.0,64.0
-73.89,1625449482.0,64.0
-69.55,1625449482.0,64.0
-62.2,1625449482.0,64.0
-52.7,1625449482.0,64.0
-41.87,1625449482.0,64.0
-30.25,1625449482.0,64.0
-18.16,1625449482.0,64.0
-5.8,1625449482.0,64.0
6.49,1625449482.0,64.0
18.14,1625449482.0,64.0
28.48,1625449482.0,64.0
37.0,1625449482.0,64.0
43.54,1625449482.0,64.0
48.35,1625449482.0,64.0
51.97,1625449482.0,64.0
54.97,1625449482.0,64.0
57.7,1625449482.0,64.0
60.2,1625449482.0,64.0
62.28,1625449482.0,64.0
63.64,1625449482.0,64.0
64.04,1625449482.0,64.0
63.45,1625449482.0,64.0
61.92,1625449482.0,64.0
59.63,1625449482.0,64.0
56.68,1625449482.0,64.0
53.12,1625449482.0,64.0
48.96,1625449482.0,64.0
44.23,1625449482.0,64.0
39.04,1625449482.0,64.0
33.52,1625449482.0,64.0
27.83,1625449482.0,64.0
22.04,1625449482.0,64.0
16.22,1625449482.0,64.0
10.39,1625449482.0,64.0
4.61,1625449482.0,64.0
-1.03,1625449482.0,64.0
-6.48,1625449482.0,64.0
-11.73,1625449482.0,64.0
-16.86,1625449482.0,64.0
-22.04,1625449482.0,64.0
-27.47,1625449482.0,64.0
-33.28,1625449482.0,64.0
-39.52,1625449482.0,64.0
-46.02,1625449482.0,64.0
-52.4,1625449482.0,64.0
-58.08,1625449482.0,64.0
-62.33,1625449482.0,64.0
-64.38,1625449482.0,64.0
-63.68,1625449482.0,64.0
-59.99,1625449482.0,64.0
-53.53,1625449482.0,64.0
-44.84,1625449482.0,64.0
-34.66,1625449482.0,64.0
-23.66,1625449482.0,64.0
-12.35,1625449482.0,64.0
-1.11,1625449482.0,64.0
9.71,1625449482.0,64.0
19.7,1625449482.0,64.0
28.4,1625449482.0,64.0
35.4,1625449482.0,64.0
40.59,1625449482.0,64.0
44.15,1625449482.0,64.0
46.57,1625449482.0,64.0
48.4,1625449482.0,64.0
50.1,1625449482.0,64.0
51.82,1625449482.0,64.0
53.48,1625449482.0,64.0
54.8,1625449482.0,64.0
55.57,1625449482.0,64.0
55.65,1625449482.0,64.0
55.02,1625449482.0,64.0
53.75,1625449482.0,64.0
51.92,1625449482.0,64.0
49.58,1625449482.0,64.0
46.84,1625449482.0,64.0
43.77,1625449482.0,64.0
40.49,1625449482.0,64.0
37.08,1625449482.0,64.0
33.55,1625449482.0,64.0
29.86,1625449482.0,64.0
25.91,1625449482.0,64.0
21.66,1625449482.0,64.0
17.11,1625449482.0,64.0
12.35,1625449482.0,64.0
7.51,1625449482.0,64.0
2.66,1625449482.0,64.0
-2.21,1625449482.0,64.0
-7.19,1625449482.0,64.0
-12.49,1625449482.0,64.0
-18.33,1625449482.0,64.0
-24.88,1625449482.0,64.0
-32.17,1625449482.0,64.0
-39.97,1625449482.0,64.0
-47.75,1625449482.0,64.0
-54.7,1625449482.0,64.0
-59.88,1625449482.0,64.0
-62.48,1625449482.0,64.0
-62.08,1625449482.0,64.0
-58.69,1625449482.0,64.0
-52.79,1625449482.0,64.0
-45.08,1625449482.0,64.0
-36.23,1625449482.0,64.0
-26.74,1625449482.0,64.0
-16.9,1625449482.0,64.0
-6.97,1625449482.0,64.0
2.76,1625449482.0,64.0
11.82,1625449482.0,64.0
19.7,1625449482.0,64.0
26.03,1625449482.0,64.0
30.73,1625449482.0,64.0
34.08,1625449482.0,64.0
36.58,1625449482.0,64.0
38.69,1625449482.0,64.0
40.7,1625449482.0,64.0
42.61,1625449482.0,64.0
44.17,1625449482.0,64.0
45.09,1625449482.0,64.0
45.2,1625449482.0,64.0
44.5,1625449482.0,64.0
43.15,1625449482.0,64.0
41.33,1625449482.0,64.0
39.15,1625449482.0,64.0
36.63,1625449482.0,64.0
33.73,1625449482.0,64.0
30.4,1625449482.0,64.0
26.64,1625449482.0,64.0
22.57,1625449482.0,64.0
18.33,1625449482.0,64.0
14.08,1625449482.0,64.0
9.87,1625449482.0,64.0
5.72,1625449482.0,64.0
1.52,1625449482.0,64.0
-2.79,1625449482.0,64.0
-7.26,1625449482.0,64.0
-11.86,1625449482.0,64.0
-16.51,1625449482.0,64.0
-21.21,1625449482.0,64.0
-26.04,1625449482.0,64.0
-31.21,1625449482.0,64.0
-36.95,1625449482.0,64.0
-43.38,1625449482.0,64.0
-50.42,1625449482.0,64.0
-57.6,1625449482.0,64.0
-64.16,1625449482.0,64.0
-69.12,1625449482.0,64.0
-71.6,1625449482.0,64.0
-71.02,1625449482.0,64.0
-67.32,1625449482.0,64.0
-60.93,1625449482.0,64.0
-52.56,1625449482.0,64.0
-43.03,1625449482.0,64.0
-32.92,1625449482.0,64.0
-22.57,1625449482.0,64.0
-12.15,1625449482.0,64.0
-1.85,1625449482.0,64.0
7.97,1625449482.0,64.0
16.77,1625449482.0,64.0
24.02,1625449482.0,64.0
29.39,1625449482.0,64.0
32.9,1625449482.0,64.0
34.93,1625449482.0,64.0
36.03,1625449482.0,64.0
36.76,1625449482.0,64.0
37.5,1625449482.0,64.0
38.41,1625449482.0,64.0
39.38,1625449482.0,64.0
40.17,1625449482.0,64.0
40.51,1625449482.0,64.0
40.15,1625449482.0,64.0
38.97,1625449482.0,64.0
36.98,1625449482.0,64.0
34.27,1625449482.0,64.0
31.0,1625449482.0,64.0
27.3,1625449482.0,64.0
23.28,1625449482.0,64.0
19.02,1625449482.0,64.0
14.62,1625449482.0,64.0
10.19,1625449482.0,64.0
5.89,1625449482.0,64.0
1.87,1625449482.0,64.0
-1.88,1625449482.0,64.0
-5.44,1625449482.0,64.0
-8.97,1625449482.0,64.0
-12.66,1625449482.0,64.0
-16.63,1625449482.0,64.0
-20.89,1625449482.0,64.0
-25.41,1625449482.0,64.0
-30.16,1625449482.0,64.0
-35.19,1625449482.0,64.0
-40.54,1625449482.0,64.0
-46.18,1625449482.0,64.0
-51.83,1625449482.0,64.0
-56.93,1625449482.0,64.0
-60.69,1625449482.0,64.0
-62.3,1625449482.0,64.0
-61.23,1625449482.0,64.0
-57.4,1625449482.0,64.0
-51.23,1625449482.0,64.0
-43.43,1625449482.0,64.0
-34.71,1625449482.0,64.0
-25.6,1625449482.0,64.0
-16.34,1625449482.0,64.0
-7.05,1625449482.0,64.0
2.12,1625449482.0,64.0
10.79,1625449482.0,64.0
18.4,1625449482.0,64.0
24.47,1625449482.0,64.0
28.76,1625449482.0,64.0
31.5,1625449482.0,64.0
33.24,1625449482.0,64.0
34.64,1625449482.0,64.0
36.19,1625449482.0,64.0
38.01,1625449482.0,64.0
39.89,1625449482.0,64.0
41.41,1625449482.0,64.0
42.22,1625449482.0,64.0
42.1,1625449482.0,64.0
41.09,1625449482.0,64.0
39.32,1625449482.0,64.0
36.96,1625449482.0,64.0
34.14,1625449482.0,64.0
30.95,1625449482.0,64.0
27.46,1625449482.0,64.0
23.77,1625449482.0,64.0
19.96,1625449482.0,64.0
16.11,1625449482.0,64.0
12.23,1625449482.0,64.0
8.32,1625449482.0,64.0
4.36,1625449482.0,64.0
0.34,1625449482.0,64.0
-3.72,1625449482.0,64.0
-7.82,1625449482.0,64.0
-12.01,1625449482.0,64.0
-16.39,1625449482.0,64.0
-21.11,1625449482.0,64.0
-26.33,1625449482.0,64.0
-32.18,1625449482.0,64.0
-38.66,1625449482.0,64.0
-45.63,1625449482.0,64.0
-52.7,1625449482.0,64.0
-59.24,1625449482.0,64.0
-64.43,1625449482.0,64.0
-67.41,1625449482.0,64.0
-67.53,1625449482.0,64.0
-64.51,1625449482.0,64.0
-58.62,1625449482.0,64.0
-50.55,1625449482.0,64.0
-41.19,1625449482.0,64.0
-31.36,1625449482.0,64.0
-21.57,1625449482.0,64.0
-12.07,1625449482.0,64.0
-2.93,1625449482.0,64.0
5.73,1625449482.0,64.0
13.64,1625449482.0,64.0
20.42,1625449482.0,64.0
25.74,1625449482.0,64.0
29.49,1625449482.0,64.0
31.86,1625449482.0,64.0
33.28,1625449482.0,64.0
34.25,1625449482.0,64.0
35.12,1625449482.0,64.0
35.99,1625449482.0,64.0
36.78,1625449482.0,64.0
37.29,1625449482.0,64.0
37.39,1625449482.0,64.0
37.03,1625449482.0,64.0
36.27,1625449482.0,64.0
35.14,1625449482.0,64.0
33.63,1625449482.0,64.0
31.66,1625449482.0,64.0
29.12,1625449482.0,64.0
26.0,1625449482.0,64.0
22.41,1625449482.0,64.0
18.61,1625449482.0,64.0
14.84,1625449482.0,64.0
11.26,1625449482.0,64.0
7.83,1625449482.0,64.0
4.41,1625449482.0,64.0
0.79,1625449482.0,64.0
-3.12,1625449482.0,64.0
-7.24,1625449482.0,64.0
-11.43,1625449482.0,64.0
-15.52,1625449482.0,64.0
-19.47,1625449482.0,64.0
-23.4,1625449482.0,64.0
-27.53,1625449482.0,64.0
-32.15,1625449482.0,64.0
-37.49,1625449482.0,64.0
-43.64,1625449482.0,64.0
-50.48,1625449482.0,64.0
-57.59,1625449482.0,64.0
-64.25,1625449482.0,64.0
-69.53,1625449482.0,64.0
-72.43,1625449482.0,64.0
-72.24,1625449482.0,64.0
-68.73,1625449482.0,64.0
-62.23,1625449482.0,64.0
-53.58,1625449482.0,64.0
-43.76,1625449482.0,64.0
-33.59,1625449482.0,64.0
-23.56,1625449482.0,64.0
-13.79,1625449482.0,64.0
-4.3,1625449482.0,64.0
4.74,1625449482.0,64.0
12.97,1625449482.0,64.0
19.92,1625449482.0,64.0
25.23,1625449482.0,64.0
28.96,1625449482.0,64.0
31.52,1625449482.0,64.0
33.53,1625449482.0,64.0
35.55,1625449482.0,64.0
37.75,1625449482.0,64.0
39.99,1625449482.0,64.0
41.92,1625449482.0,64.0
43.2,1625449482.0,64.0
43.66,1625449482.0,64.0
43.39,1625449482.0,64.0
42.49,1625449482.0,64.0
41.11,1625449482.0,64.0
39.24,1625449482.0,64.0
36.81,1625449482.0,64.0
33.8,1625449482.0,64.0
30.26,1625449482.0,64.0
26.39,1625449482.0,64.0
22.49,1625449482.0,64.0
18.86,1625449482.0,64.0
15.71,1625449482.0,64.0
13.04,1625449482.0,64.0
10.7,1625449482.0,64.0
8.37,1625449482.0,64.0
5.72,1625449482.0,64.0
2.51,1625449482.0,64.0
-1.33,1625449482.0,64.0
-5.69,1625449482.0,64.0
-10.33,1625449482.0,64.0
-14.99,1625449482.0,64.0
-19.5,1625449482.0,64.0
-23.86,1625449482.0,64.0
-28.27,1625449482.0,64.0
-32.99,1625449482.0,64.0
-38.31,1625449482.0,64.0
-44.4,1625449482.0,64.0
-51.18,1625449482.0,64.0
-58.29,1625449482.0,64.0
-65.01,1625449482.0,64.0
-70.49,1625449482.0,64.0
-73.8,1625449482.0,64.0
-74.32,1625449482.0,64.0
-71.8,1625449482.0,64.0
-66.52,1625449482.0,64.0
-59.07,1625449482.0,64.0
-50.23,1625449482.0,64.0
-40.65,1625449482.0,64.0
-30.77,1625449482.0,64.0
-20.8,1625449482.0,64.0
-10.86,1625449482.0,64.0
-1.18,1625449482.0,64.0
7.85,1625449482.0,64.0
15.76,1625449482.0,64.0
22.16,1625449482.0,64.0
26.93,1625449482.0,64.0
30.28,1625449482.0,64.0
32.67,1625449482.0,64.0
34.64,1625449482.0,64.0
36.54,1625449482.0,64.0
38.47,1625449482.0,64.0
40.31,1625449482.0,64.0
41.82,1625449482.0,64.0
42.83,1625449482.0,64.0
43.26,1625449482.0,64.0
43.19,1625449482.0,64.0
42.72,1625449482.0,64.0
41.86,1625449482.0,64.0
40.53,1625449482.0,64.0
38.59,1625449482.0,64.0
35.92,1625449482.0,64.0
32.62,1625449482.0,64.0
28.93,1625449482.0,64.0
25.24,1625449482.0,64.0
21.87,1625449482.0,64.0
18.96,1625449482.0,64.0
16.38,1625449482.0,64.0
13.82,1625449482.0,64.0
10.95,1625449482.0,64.0
7.52,1625449482.0,64.0
3.48,1625449482.0,64.0
-0.99,1625449482.0,64.0
-5.67,1625449482.0,64.0
-10.3,1625449482.0,64.0
-14.73,1625449482.0,64.0
-18.91,1625449482.0,64.0
-22.94,1625449482.0,64.0
-27.03,1625449482.0,64.0
-31.46,1625449482.0,64.0
-36.49,1625449482.0,64.0
-42.28,1625449482.0,64.0
-48.79,1625449482.0,64.0
-55.64,1625449482.0,64.0
-62.14,1625449482.0,64.0
-67.39,1625449482.0,64.0
-70.5,1625449482.0,64.0
-70.72,1625449482.0,64.0
-67.79,1625449482.0,64.0
-61.93,1625449482.0,64.0
-53.81,1625449482.0,64.0
-44.33,1625449482.0,64.0
-34.32,1625449482.0,64.0
-24.39,1625449482.0,64.0
-14.82,1625449482.0,64.0
-5.79,1625449482.0,64.0
2.56,1625449482.0,64.0
9.97,1625449482.0,64.0
16.15,1625449482.0,64.0
20.93,1625449482.0,64.0
24.45,1625449482.0,64.0
27.08,1625449482.0,64.0
29.38,1625449482.0,64.0
31.74,1625449482.0,64.0
34.3,1625449482.0,64.0
36.85,1625449482.0,64.0
39.01,1625449482.0,64.0
40.45,1625449482.0,64.0
41.05,1625449482.0,64.0
40.9,1625449482.0,64.0
40.24,1625449482.0,64.0
39.27,1625449482.0,64.0
38.03,1625449482.0,64.0
36.44,1625449482.0,64.0
34.33,1625449482.0,64.0
31.64,1625449482.0,64.0
28.44,1625449482.0,64.0
24.96,1625449482.0,64.0
21.49,1625449482.0,64.0
18.28,1625449482.0,64.0
15.41,1625449482.0,64.0
12.77,1625449482.0,64.0
10.13,1625449482.0,64.0
7.21,1625449482.0,64.0
3.85,1625449482.0,64.0
0.04,1625449482.0,64.0
-4.06,1625449482.0,64.0
-8.2,1625449482.0,64.0
-12.17,1625449482.0,64.0
-15.93,1625449482.0,64.0
-19.62,1625449482.0,64.0
-23.5,1625449482.0,64.0
-27.88,1625449482.0,64.0
-32.93,1625449482.0,64.0
-38.67,1625449482.0,64.0
-44.84,1625449482.0,64.0
-50.85,1625449482.0,64.0
-55.9,1625449482.0,64.0
-59.03,1625449482.0,64.0
-59.46,1625449482.0,64.0
-56.82,1625449482.0,64.0
-51.3,1625449482.0,64.0
-43.56,1625449482.0,64.0
-34.55,1625449482.0,64.0
-25.12,1625449482.0,64.0
-15.85,1625449482.0,64.0
-7.06,1625449482.0,64.0
1.08,1625449482.0,64.0
8.33,1625449482.0,64.0
14.41,1625449482.0,64.0
19.07,1625449482.0,64.0
22.25,1625449482.0,64.0
24.18,1625449482.0,64.0
25.33,1625449482.0,64.0
26.23,1625449482.0,64.0
27.31,1625449482.0,64.0
28.74,1625449482.0,64.0
30.45,1625449482.0,64.0
32.21,1625449482.0,64.0
33.72,1625449482.0,64.0
34.78,1625449482.0,64.0
35.26,1625449482.0,64.0
35.09,1625449482.0,64.0
34.26,1625449482.0,64.0
32.79,1625449482.0,64.0
30.73,1625449482.0,64.0
28.17,1625449482.0,64.0
25.26,1625449482.0,64.0
22.17,1625449482.0,64.0
19.06,1625449482.0,64.0
15.96,1625449482.0,64.0
12.84,1625449482.0,64.0
9.55,1625449482.0,64.0
6.03,1625449482.0,64.0
2.27,1625449482.0,64.0
-1.66,1625449482.0,64.0
-5.66,1625449482.0,64.0
-9.71,1625449482.0,64.0
-13.87,1625449482.0,64.0
-18.2,1625449482.0,64.0
-22.8,1625449482.0,64.0
-27.73,1625449482.0,64.0
-33.04,1625449482.0,64.0
-38.74,1625449482.0,64.0
-44.72,1625449482.0,64.0
-50.61,1625449482.0,64.0
-55.83,1625449482.0,64.0
-59.57,1625449482.0,64.0
-61.06,1625449482.0,64.0
-59.8,1625449482.0,64.0
-55.71,1625449482.0,64.0
-49.18,1625449482.0,64.0
-40.9,1625449482.0,64.0
-31.64,1625449482.0,64.0
-22.04,1625449482.0,64.0
-12.62,1625449482.0,64.0
-3.73,1625449482.0,64.0
4.34,1625449482.0,64.0
11.32,1625449482.0,64.0
16.99,1625449482.0,64.0
21.3,1625449482.0,64.0
24.37,1625449482.0,64.0
26.54,1625449482.0,64.0
28.29,1625449482.0,64.0
30.01,1625449482.0,64.0
31.97,1625449482.0,64.0
34.16,1625449482.0,64.0
36.38,1625449482.0,64.0
38.31,1625449482.0,64.0
39.68,1625449482.0,64.0
40.36,1625449482.0,64.0
40.41,1625449482.0,64.0
40.0,1625449482.0,64.0
39.26,1625449482.0,64.0
38.22,1625449482.0,64.0
36.81,1625449482.0,64.0
34.94,1625449482.0,64.0
32.62,1625449482.0,64.0
29.99,1625449482.0,64.0
27.3,1625449482.0,64.0
24.75,1625449482.0,64.0
22.43,1625449482.0,64.0
20.22,1625449482.0,64.0
17.92,1625449482.0,64.0
15.36,1625449482.0,64.0
12.48,1625449482.0,64.0
9.35,1625449482.0,64.0
6.09,1625449482.0,64.0
2.77,1625449482.0,64.0
-0.63,1625449482.0,64.0
-4.2,1625449482.0,64.0
-7.98,1625449482.0,64.0
-11.94,1625449482.0,64.0
-15.96,1625449482.0,64.0
-19.83,1625449482.0,64.0
-23.43,1625449482.0,64.0
-26.67,1625449482.0,64.0
-29.63,1625449482.0,64.0
-32.52,1625449482.0,64.0
-35.63,1625449482.0,64.0
-39.27,1625449482.0,64.0
-43.73,1625449482.0,64.0
-49.12,1625449482.0,64.0
-55.35,1625449482.0,64.0
-62.08,1625449482.0,64.0
-68.66,1625449482.0,64.0
-74.26,1625449482.0,64.0
-78.01,1625449482.0,64.0
-79.17,1625449482.0,64.0
-77.31,1625449482.0,64.0
-72.47,1625449482.0,64.0
-65.08,1625449482.0,64.0
-55.85,1625449482.0,64.0
-45.57,1625449482.0,64.0
-34.87,1625449482.0,64.0
-24.14,1625449482.0,64.0
-13.55,1625449482.0,64.0
-3.25,1625449482.0,64.0
6.54,1625449482.0,64.0
15.49,1625449482.0,64.0
23.19,1625449482.0,64.0
29.38,1625449482.0,64.0
34.05,1625449482.0,64.0
37.49,1625449482.0,64.0
40.18,1625449482.0,64.0
42.51,1625449482.0,64.0
44.73,1625449482.0,64.0
46.81,1625449482.0,64.0
48.53,1625449482.0,64.0
49.66,1625449482.0,64.0
50.1,1625449482.0,64.0
49.83,1625449482.0,64.0
48.94,1625449482.0,64.0
47.51,1625449482.0,64.0
45.61,1625449482.0,64.0
43.25,1625449482.0,64.0
40.5,1625449482.0,64.0
37.38,1625449482.0,64.0
33.92,1625449482.0,64.0
30.11,1625449482.0,64.0
25.9,1625449482.0,64.0
21.3,1625449482.0,64.0
16.36,1625449482.0,64.0
11.23,1625449482.0,64.0
6.09,1625449482.0,64.0
1.04,1625449482.0,64.0
-3.95,1625449482.0,64.0
-8.96,1625449482.0,64.0
-14.11,1625449482.0,64.0
-19.47,1625449482.0,64.0
-25.1,1625449482.0,64.0
-31.09,1625449482.0,64.0
-37.53,1625449482.0,64.0
-44.54,1625449482.0,64.0
-52.01,1625449482.0,64.0
-59.53,1625449482.0,64.0
-66.27,1625449482.0,64.0
-71.21,1625449482.0,64.0
-73.34,1625449482.0,64.0
-72.06,1625449482.0,64.0
-67.34,1625449482.0,64.0
-59.72,1625449482.0,64.0
-50.09,1625449482.0,64.0
-39.39,1625449482.0,64.0
-28.33,1625449482.0,64.0
-17.32,1625449482.0,64.0
-6.52,1625449482.0,64.0
3.92,1625449482.0,64.0
13.76,1625449482.0,64.0
22.61,1625449482.0,64.0
30.07,1625449482.0,64.0
35.92,1625449482.0,64.0
40.22,1625449482.0,64.0
43.3,1625449482.0,64.0
45.57,1625449482.0,64.0
47.41,1625449482.0,64.0
48.96,1625449482.0,64.0
50.19,1625449482.0,64.0
51.01,1625449482.0,64.0
51.33,1625449482.0,64.0
51.17,1625449482.0,64.0
50.56,1625449482.0,64.0
49.49,1625449482.0,64.0
47.89,1625449482.0,64.0
45.7,1625449482.0,64.0
42.99,1625449482.0,64.0
39.94,1625449482.0,64.0
36.8,1625449482.0,64.0
33.74,1625449482.0,64.0
30.77,1625449482.0,64.0
27.74,1625449482.0,64.0
24.41,1625449482.0,64.0
20.62,1625449482.0,64.0
16.39,1625449482.0,64.0
11.87,1625449482.0,64.0
7.29,1625449482.0,64.0
2.78,1625449482.0,64.0
-1.66,1625449482.0,64.0
-6.13,1625449482.0,64.0
-10.8,1625449482.0,64.0
-15.8,1625449482.0,64.0
-21.28,1625449482.0,64.0
-27.37,1625449482.0,64.0
-34.19,1625449482.0,64.0
-41.67,1625449482.0,64.0
-49.5,1625449482.0,64.0
-57.04,1625449482.0,64.0
-63.29,1625449482.0,64.0
-67.25,1625449482.0,64.0
-68.12,1625449482.0,64.0
-65.58,1625449482.0,64.0
-59.91,1625449482.0,64.0
-51.8,1625449482.0,64.0
-42.08,1625449482.0,64.0
-31.46,1625449482.0,64.0
-20.47,1625449482.0,64.0
-9.43,1625449482.0,64.0
1.29,1625449482.0,64.0
11.24,1625449482.0,64.0
19.93,1625449482.0,64.0
26.9,1625449482.0,64.0
32.03,1625449482.0,64.0
35.52,1625449482.0,64.0
37.91,1625449482.0,64.0
39.83,1625449482.0,64.0
41.75,1625449482.0,64.0
43.85,1625449482.0,64.0
46.0,1625449482.0,64.0
47.9,1625449482.0,64.0
49.24,1625449482.0,64.0
49.85,1625449482.0,64.0
49.76,1625449482.0,64.0
49.06,1625449482.0,64.0
47.84,1625449482.0,64.0
46.13,1625449482.0,64.0
43.86,1625449482.0,64.0
40.99,1625449482.0,64.0
37.51,1625449482.0,64.0
33.56,1625449482.0,64.0
29.37,1625449482.0,64.0
25.2,1625449482.0,64.0
21.19,1625449482.0,64.0
17.4,1625449482.0,64.0
13.74,1625449482.0,64.0
10.04,1625449482.0,64.0
6.16,1625449482.0,64.0
2.06,1625449482.0,64.0
-2.25,1625449482.0,64.0
-6.63,1625449482.0,64.0
-10.99,1625449482.0,64.0
-15.33,1625449482.0,64.0
-19.76,1625449482.0,64.0
-24.52,1625449482.0,64.0
-29.85,1625449482.0,64.0
-35.87,1625449482.0,64.0
-42.41,1625449482.0,64.0
-49.01,1625449482.0,64.0
-54.87,1625449482.0,64.0
-59.02,1625449482.0,64.0
-60.62,1625449482.0,64.0
-59.13,1625449482.0,64.0
-54.55,1625449482.0,64.0
-47.34,1625449482.0,64.0
-38.36,1625449482.0,64.0
-28.48,1625449482.0,64.0
-18.45,1625449482.0,64.0
-8.75,1625449482.0,64.0
0.37,1625449482.0,64.0
8.7,1625449482.0,64.0
16.0,1625449482.0,64.0
22.06,1625449482.0,64.0
26.77,1625449482.0,64.0
30.22,1625449482.0,64.0
32.74,1625449482.0,64.0
34.76,1625449482.0,64.0
36.68,1625449482.0,64.0
38.67,1625449482.0,64.0
40.67,1625449482.0,64.0
42.43,1625449482.0,64.0
43.67,1625449482.0,64.0
44.2,1625449482.0,64.0
43.95,1625449482.0,64.0
42.98,1625449482.0,64.0
41.4,1625449482.0,64.0
39.33,1625449482.0,64.0
36.86,1625449482.0,64.0
34.11,1625449482.0,64.0
31.15,1625449482.0,64.0
28.07,1625449482.0,64.0
24.94,1625449482.0,64.0
21.8,1625449482.0,64.0
18.67,1625449482.0,64.0
15.51,1625449482.0,64.0
12.27,1625449482.0,64.0
8.93,1625449482.0,64.0
5.5,1625449482.0,64.0
2.01,1625449482.0,64.0
-1.54,1625449482.0,64.0
-5.25,1625449482.0,64.0
-9.27,1625449482.0,64.0
-13.76,1625449482.0,64.0
-18.87,1625449482.0,64.0
-24.64,1625449482.0,64.0
-31.03,1625449482.0,64.0
-37.9,1625449482.0,64.0
-44.95,1625449482.0,64.0
-51.65,1625449482.0,64.0
-57.31,1625449482.0,64.0
-61.16,1625449482.0,64.0
-62.49,1625449482.0,64.0
-60.92,1625449482.0,64.0
-56.5,1625449482.0,64.0
-49.71,1625449482.0,64.0
-41.23,1625449482.0,64.0
-31.83,1625449482.0,64.0
-22.12,1625449482.0,64.0
-12.52,1625449482.0,64.0
-3.34,1625449482.0,64.0
5.14,1625449482.0,64.0
12.57,1625449482.0,64.0
18.66,1625449482.0,64.0
23.2,1625449482.0,64.0
26.25,1625449482.0,64.0
28.11,1625449482.0,64.0
29.32,1625449482.0,64.0
30.45,1625449482.0,64.0
31.88,1625449482.0,64.0
33.69,1625449482.0,64.0
35.64,1625449482.0,64.0
37.31,1625449482.0,64.0
38.33,1625449482.0,64.0
38.53,1625449482.0,64.0
38.01,1625449482.0,64.0
36.95,1625449482.0,64.0
35.51,1625449482.0,64.0
33.74,1625449482.0,64.0
31.56,1625449482.0,64.0
28.94,1625449482.0,64.0
25.92,1625449482.0,64.0
22.68,1625449482.0,64.0
19.46,1625449482.0,64.0
16.35,1625449482.0,64.0
13.34,1625449482.0,64.0
10.26,1625449482.0,64.0
6.96,1625449482.0,64.0
3.34,1625449482.0,64.0
-0.58,1625449482.0,64.0
-4.71,1625449482.0,64.0
-9.01,1625449482.0,64.0
-13.44,1625449482.0,64.0
-18.08,1625449482.0,64.0
-22.99,1625449482.0,64.0
-28.26,1625449482.0,64.0
-33.94,1625449482.0,64.0
-40.0,1625449482.0,64.0
-46.22,1625449482.0,64.0
-52.15,1625449482.0,64.0
-57.12,1625449482.0,64.0
-60.32,1625449482.0,64.0
-61.09,1625449482.0,64.0
-59.05,1625449482.0,64.0
-54.29,1625449482.0,64.0
-47.27,1625449482.0,64.0
-38.72,1625449482.0,64.0
-29.35,1625449482.0,64.0
-19.78,1625449482.0,64.0
-10.47,1625449482.0,64.0
-1.83,1625449482.0,64.0
5.78,1625449482.0,64.0
12.05,1625449482.0,64.0
16.83,1625449482.0,64.0
20.23,1625449482.0,64.0
22.6,1625449482.0,64.0
24.45,1625449482.0,64.0
26.28,1625449482.0,64.0
28.35,1625449482.0,64.0
30.69,1625449482.0,64.0
33.06,1625449482.0,64.0
35.13,1625449482.0,64.0
36.6,1625449482.0,64.0
37.26,1625449482.0,64.0
37.07,1625449482.0,64.0
36.02,1625449482.0,64.0
34.19,1625449482.0,64.0
31.7,1625449482.0,64.0
28.76,1625449482.0,64.0
25.58,1625449482.0,64.0
22.41,1625449482.0,64.0
19.37,1625449482.0,64.0
16.52,1625449482.0,64.0
13.79,1625449482.0,64.0
11.05,1625449482.0,64.0
8.2,1625449482.0,64.0
5.18,1625449482.0,64.0
1.97,1625449482.0,64.0
-1.44,1625449482.0,64.0
-5.03,1625449482.0,64.0
-8.84,1625449482.0,64.0
-12.86,1625449482.0,64.0
-17.03,1625449482.0,64.0
-21.33,1625449482.0,64.0
-25.76,1625449482.0,64.0
-30.45,1625449482.0,64.0
-35.58,1625449482.0,64.0
-41.26,1625449482.0,64.0
-47.34,1625449482.0,64.0
-53.35,1625449482.0,64.0
-58.43,1625449482.0,64.0
-61.62,1625449482.0,64.0
-62.12,1625449482.0,64.0
-59.56,1625449482.0,64.0
-54.13,1625449482.0,64.0
-46.51,1625449482.0,64.0
-37.55,1625449482.0,64.0
-28.06,1625449482.0,64.0
-18.64,1625449482.0,64.0
-9.66,1625449482.0,64.0
-1.4,1625449482.0,64.0
5.86,1625449482.0,64.0
11.8,1625449482.0,64.0
16.25,1625449482.0,64.0
19.25,1625449482.0,64.0
21.17,1625449482.0,64.0
22.64,1625449482.0,64.0
24.25,1625449482.0,64.0
26.42,1625449482.0,64.0
29.17,1625449482.0,64.0
32.16,1625449482.0,64.0
34.85,1625449482.0,64.0
36.74,1625449482.0,64.0
37.54,1625449482.0,64.0
37.27,1625449482.0,64.0
36.13,1625449482.0,64.0
34.39,1625449482.0,64.0
32.29,1625449482.0,64.0
29.94,1625449482.0,64.0
27.37,1625449482.0,64.0
24.59,1625449482.0,64.0
21.61,1625449482.0,64.0
18.5,1625449482.0,64.0
15.32,1625449482.0,64.0
12.12,1625449482.0,64.0
8.91,1625449482.0,64.0
5.65,1625449482.0,64.0
2.29,1625449482.0,64.0
-1.15,1625449482.0,64.0
-4.67,1625449482.0,64.0
-8.26,1625449482.0,64.0
-11.94,1625449482.0,64.0
-15.82,1625449482.0,64.0
-20.08,1625449482.0,64.0
-24.92,1625449482.0,64.0
-30.38,1625449482.0,64.0
-36.3,1625449482.0,64.0
-42.15,1625449482.0,64.0
-47.15,1625449482.0,64.0
-50.39,1625449482.0,64.0
-51.11,1625449482.0,64.0
-48.96,1625449482.0,64.0
-44.12,1625449482.0,64.0
-37.16,1625449482.0,64.0
-28.9,1625449482.0,64.0
-20.17,1625449482.0,64.0
-11.59,1625449482.0,64.0
-3.61,1625449482.0,64.0
3.41,1625449482.0,64.0
9.19,1625449482.0,64.0
13.5,1625449482.0,64.0
16.29,1625449482.0,64.0
17.78,1625449482.0,64.0
18.49,1625449482.0,64.0
19.05,1625449482.0,64.0
19.98,1625449482.0,64.0
21.52,1625449482.0,64.0
23.5,1625449482.0,64.0
25.47,1625449482.0,64.0
26.92,1625449482.0,64.0
27.51,1625449482.0,64.0
27.18,1625449482.0,64.0
26.12,1625449482.0,64.0
24.57,1625449482.0,64.0
22.76,1625449482.0,64.0
20.71,1625449482.0,64.0
18.34,1625449482.0,64.0
15.54,1625449482.0,64.0
12.26,1625449482.0,64.0
8.59,1625449482.0,64.0
4.69,1625449482.0,64.0
0.72,1625449482.0,64.0
-3.23,1625449482.0,64.0
-7.11,1625449482.0,64.0
-10.95,1625449482.0,64.0
-14.79,1625449482.0,64.0
-18.67,1625449482.0,64.0
-22.71,1625449482.0,64.0
-27.06,1625449482.0,64.0
-31.9,1625449482.0,64.0
-37.37,1625449482.0,64.0
-43.42,1625449482.0,64.0
-49.68,1625449482.0,64.0
-55.53,1625449482.0,64.0
-60.12,1625449482.0,64.0
-62.58,1625449482.0,64.0
-62.26,1625449482.0,64.0
-58.96,1625449482.0,64.0
-52.94,1625449482.0,64.0
-44.86,1625449482.0,64.0
-35.59,1625449482.0,64.0
-25.9,1625449482.0,64.0
-16.37,1625449482.0,64.0
-7.35,1625449482.0,64.0
0.9,1625449482.0,64.0
8.16,1625449482.0,64.0
14.22,1625449482.0,64.0
18.98,1625449482.0,64.0
22.48,1625449482.0,64.0
25.0,1625449482.0,64.0
26.99,1625449482.0,64.0
28.81,1625449482.0,64.0
30.68,1625449482.0,64.0
32.55,1625449482.0,64.0
34.18,1625449482.0,64.0
35.23,1625449482.0,64.0
35.47,1625449482.0,64.0
34.83,1625449482.0,64.0
33.39,1625449482.0,64.0
31.34,1625449482.0,64.0
28.92,1625449482.0,64.0
26.3,1625449482.0,64.0
23.53,1625449482.0,64.0
20.54,1625449482.0,64.0
17.18,1625449482.0,64.0
13.35,1625449482.0,64.0
9.07,1625449482.0,64.0
4.55,1625449482.0,64.0
0.07,1625449482.0,64.0
-4.13,1625449482.0,64.0
-8.0,1625449482.0,64.0
-11.71,1625449482.0,64.0
-15.62,1625449482.0,64.0
-20.07,1625449482.0,64.0
-25.28,1625449482.0,64.0
-31.34,1625449482.0,64.0
-38.14,1625449482.0,64.0
-45.43,1625449482.0,64.0
-52.77,1625449482.0,64.0
-59.45,1625449482.0,64.0
-64.65,1625449482.0,64.0
-67.5,1625449482.0,64.0
-67.4,1625449482.0,64.0
-64.2,1625449482.0,64.0
-58.25,1625449482.0,64.0
-50.25,1625449482.0,64.0
-41.01,1625449482.0,64.0
-31.16,1625449482.0,64.0
-21.1,1625449482.0,64.0
-11.11,1625449482.0,64.0
-1.48,1625449482.0,64.0
7.41,1625449482.0,64.0
15.1,1625449482.0,64.0
21.26,1625449482.0,64.0
25.85,1625449482.0,64.0
29.16,1625449482.0,64.0
31.74,1625449482.0,64.0
34.14,1625449482.0,64.0
36.66,1625449482.0,64.0
39.33,1625449482.0,64.0
41.85,1625449482.0,64.0
43.82,1625449482.0,64.0
44.93,1625449482.0,64.0
45.03,1625449482.0,64.0
44.2,1625449482.0,64.0
42.62,1625449482.0,64.0
40.56,1625449482.0,64.0
38.15,1625449482.0,64.0
35.49,1625449482.0,64.0
32.59,1625449482.0,64.0
29.37,1625449482.0,64.0
25.8,1625449482.0,64.0
21.86,1625449482.0,64.0
17.56,1625449482.0,64.0
13.03,1625449482.0,64.0
8.38,1625449482.0,64.0
3.75,1625449482.0,64.0
-0.81,1625449482.0,64.0
-5.3,1625449482.0,64.0
-9.8,1625449482.0,64.0
-14.42,1625449482.0,64.0
-19.29,1625449482.0,64.0
-24.55,1625449482.0,64.0
-30.31,1625449482.0,64.0
-36.62,1625449482.0,64.0
-43.34,1625449482.0,64.0
-50.02,1625449482.0,64.0
-55.87,1625449482.0,64.0
-59.93,1625449482.0,64.0
-61.3,1625449482.0,64.0
-59.46,1625449482.0,64.0
-54.42,1625449482.0,64.0
-46.76,1625449482.0,64.0
-37.36,1625449482.0,64.0
-27.08,1625449482.0,64.0
-16.65,1625449482.0,64.0
-6.48,1625449482.0,64.0
3.14,1625449482.0,64.0
11.95,1625449482.0,64.0
19.65,1625449482.0,64.0
25.97,1625449482.0,64.0
30.8,1625449482.0,64.0
34.25,1625449482.0,64.0
36.69,1625449482.0,64.0
38.61,1625449482.0,64.0
40.41,1625449482.0,64.0
42.3,1625449482.0,64.0
44.19,1625449482.0,64.0
45.84,1625449482.0,64.0
46.88,1625449482.0,64.0
47.1,1625449482.0,64.0
46.45,1625449482.0,64.0
45.04,1625449482.0,64.0
43.09,1625449482.0,64.0
40.8,1625449482.0,64.0
38.34,1625449482.0,64.0
35.79,1625449482.0,64.0
33.21,1625449482.0,64.0
30.56,1625449482.0,64.0
27.81,1625449482.0,64.0
24.88,1625449482.0,64.0
21.66,1625449482.0,64.0
18.07,1625449482.0,64.0
14.07,1625449482.0,64.0
9.73,1625449482.0,64.0
5.14,1625449482.0,64.0
0.42,1625449482.0,64.0
-4.38,1625449482.0,64.0
-9.24,1625449482.0,64.0
-14.18,1625449482.0,64.0
-19.27,1625449482.0,64.0
-24.58,1625449482.0,64.0
-30.2,1625449482.0,64.0
-36.2,1625449482.0,64.0
-42.54,1625449482.0,64.0
-48.91,1625449482.0,64.0
-54.72,1625449482.0,64.0
-59.09,1625449482.0,64.0
-61.1,1625449482.0,64.0
-60.06,1625449482.0,64.0
-55.76,1625449482.0,64.0
-48.6,1625449482.0,64.0
-39.4,1625449482.0,64.0
-29.19,1625449482.0,64.0
-18.82,1625449482.0,64.0
-8.89,1625449482.0,64.0
0.32,1625449482.0,64.0
8.61,1625449482.0,64.0
15.78,1625449482.0,64.0
21.59,1625449482.0,64.0
25.88,1625449482.0,64.0
28.74,1625449482.0,64.0
30.59,1625449482.0,64.0
32.06,1625449482.0,64.0
33.75,1625449482.0,64.0
35.92,1625449482.0,64.0
38.41,1625449482.0,64.0
40.76,1625449482.0,64.0
42.47,1625449482.0,64.0
43.22,1625449482.0,64.0
43.01,1625449482.0,64.0
41.99,1625449482.0,64.0
40.39,1625449482.0,64.0
38.33,1625449482.0,64.0
35.86,1625449482.0,64.0
33.03,1625449482.0,64.0
29.92,1625449482.0,64.0
26.66,1625449482.0,64.0
23.36,1625449482.0,64.0
20.05,1625449482.0,64.0
16.67,1625449482.0,64.0
13.12,1625449482.0,64.0
9.38,1625449482.0,64.0
5.48,1625449482.0,64.0
1.52,1625449482.0,64.0
-2.46,1625449482.0,64.0
-6.51,1625449482.0,64.0
-10.78,1625449482.0,64.0
-15.46,1625449482.0,64.0
-20.66,1625449482.0,64.0
-26.44,1625449482.0,64.0
-32.78,1625449482.0,64.0
-39.49,1625449482.0,64.0
-46.21,1625449482.0,64.0
-52.31,1625449482.0,64.0
-56.95,1625449482.0,64.0
-59.26,1625449482.0,64.0
-58.64,1625449482.0,64.0
-54.95,1625449482.0,64.0
-48.62,1625449482.0,64.0
-40.43,1625449482.0,64.0
-31.23,1625449482.0,64.0
-21.71,1625449482.0,64.0
-12.24,1625449482.0,64.0
-2.99,1625449482.0,64.0
5.81,1625449482.0,64.0
13.85,1625449482.0,64.0
20.67,1625449482.0,64.0
25.91,1625449482.0,64.0
29.5,1625449482.0,64.0
31.72,1625449482.0,64.0
33.17,1625449482.0,64.0
34.44,1625449482.0,64.0
35.95,1625449482.0,64.0
37.77,1625449482.0,64.0
39.71,1625449482.0,64.0
41.4,1625449482.0,64.0
42.5,1625449482.0,64.0
42.8,1625449482.0,64.0
42.26,1625449482.0,64.0
40.96,1625449482.0,64.0
39.07,1625449482.0,64.0
36.77,1625449482.0,64.0
34.15,1625449482.0,64.0
31.3,1625449482.0,64.0
28.2,1625449482.0,64.0
24.86,1625449482.0,64.0
21.35,1625449482.0,64.0
17.79,1625449482.0,64.0
14.31,1625449482.0,64.0
10.95,1625449482.0,64.0
7.67,1625449482.0,64.0
4.29,1625449482.0,64.0
0.65,1625449482.0,64.0
-3.38,1625449482.0,64.0
-7.82,1625449482.0,64.0
-12.61,1625449482.0,64.0
-17.77,1625449482.0,64.0
-23.33,1625449482.0,64.0
-29.37,1625449482.0,64.0
-35.83,1625449482.0,64.0
-42.37,1625449482.0,64.0
-48.35,1625449482.0,64.0
-52.92,1625449482.0,64.0
-55.21,1625449482.0,64.0
-54.66,1625449482.0,64.0
-51.14,1625449482.0,64.0
-45.02,1625449482.0,64.0
-36.98,1625449482.0,64.0
-27.87,1625449482.0,64.0
-18.43,1625449482.0,64.0
-9.26,1625449482.0,64.0
-0.82,1625449482.0,64.0
6.52,1625449482.0,64.0
12.42,1625449482.0,64.0
16.68,1625449482.0,64.0
19.31,1625449482.0,64.0
20.62,1625449482.0,64.0
21.19,1625449482.0,64.0
21.68,1625449482.0,64.0
22.57,1625449482.0,64.0
23.97,1625449482.0,64.0
25.59,1625449482.0,64.0
26.92,1625449482.0,64.0
27.5,1625449482.0,64.0
27.1,1625449482.0,64.0
25.84,1625449482.0,64.0
24.0,1625449482.0,64.0
21.9,1625449482.0,64.0
19.69,1625449482.0,64.0
17.26,1625449482.0,64.0
14.42,1625449482.0,64.0
10.96,1625449482.0,64.0
6.88,1625449482.0,64.0
2.39,1625449482.0,64.0
-2.2,1625449482.0,64.0
-6.58,1625449482.0,64.0
-10.61,1625449482.0,64.0
-14.37,1625449482.0,64.0
-18.11,1625449482.0,64.0
-22.14,1625449482.0,64.0
-26.73,1625449482.0,64.0
-32.06,1625449482.0,64.0
-38.19,1625449482.0,64.0
-45.06,1625449482.0,64.0
-52.47,1625449482.0,64.0
-59.99,1625449482.0,64.0
-66.94,1625449482.0,64.0
-72.46,1625449482.0,64.0
-75.65,1625449482.0,64.0
-75.84,1625449482.0,64.0
-72.83,1625449482.0,64.0
-66.88,1625449482.0,64.0
-58.62,1625449482.0,64.0
-48.79,1625449482.0,64.0
-38.02,1625449482.0,64.0
-26.7,1625449482.0,64.0
-15.07,1625449482.0,64.0
-3.35,1625449482.0,64.0
8.05,1625449482.0,64.0
18.57,1625449482.0,64.0
27.61,1625449482.0,64.0
34.78,1625449482.0,64.0
40.08,1625449482.0,64.0
43.91,1625449482.0,64.0
46.9,1625449482.0,64.0
49.54,1625449482.0,64.0
52.03,1625449482.0,64.0
54.15,1625449482.0,64.0
55.53,1625449482.0,64.0
55.81,1625449482.0,64.0
54.94,1625449482.0,64.0
53.15,1625449482.0,64.0
50.82,1625449482.0,64.0
48.3,1625449482.0,64.0
45.67,1625449482.0,64.0
42.85,1625449482.0,64.0
39.6,1625449482.0,64.0
35.74,1625449482.0,64.0
31.22,1625449482.0,64.0
26.2,1625449482.0,64.0
20.9,1625449482.0,64.0
15.61,1625449482.0,64.0
10.47,1625449482.0,64.0
5.58,1625449482.0,64.0
0.88,1625449482.0,64.0
-3.72,1625449482.0,64.0
-8.36,1625449482.0,64.0
-13.21,1625449482.0,64.0
-18.48,1625449482.0,64.0
-24.41,1625449482.0,64.0
-31.19,1625449482.0,64.0
-38.85,1625449482.0,64.0
-47.09,1625449482.0,64.0
-55.26,1625449482.0,64.0
-62.41,1625449482.0,64.0
-67.48,1625449482.0,64.0
-69.63,1625449482.0,64.0
-68.46,1625449482.0,64.0
-64.12,1625449482.0,64.0
-57.17,1625449482.0,64.0
-48.37,1625449482.0,64.0
-38.4,1625449482.0,64.0
-27.72,1625449482.0,64.0
-16.56,1625449482.0,64.0
-5.11,1625449482.0,64.0
6.32,1625449482.0,64.0
17.18,1625449482.0,64.0
26.81,1625449482.0,64.0
34.64,1625449482.0,64.0
40.45,1625449482.0,64.0
44.44,1625449482.0,64.0
47.16,1625449482.0,64.0
49.25,1625449482.0,64.0
51.13,1625449482.0,64.0
52.93,1625449482.0,64.0
54.42,1625449482.0,64.0
55.28,1625449482.0,64.0
55.33,1625449482.0,64.0
54.61,1625449482.0,64.0
53.36,1625449482.0,64.0
51.8,1625449482.0,64.0
50.01,1625449482.0,64.0
47.83,1625449482.0,64.0
44.95,1625449482.0,64.0
41.21,1625449482.0,64.0
36.68,1625449482.0,64.0
31.68,1625449482.0,64.0
26.71,1625449482.0,64.0
22.13,1625449482.0,64.0
18.04,1625449482.0,64.0
14.24,1625449482.0,64.0
10.36,1625449482.0,64.0
6.03,1625449482.0,64.0
1.13,1625449482.0,64.0
-4.23,1625449482.0,64.0
-9.81,1625449482.0,64.0
-15.3,1625449482.0,64.0
-20.57,1625449482.0,64.0
-25.61,1625449482.0,64.0
-30.56,1625449482.0,64.0
-35.62,1625449482.0,64.0
-41.06,1625449482.0,64.0
-47.14,1625449482.0,64.0
-53.99,1625449482.0,64.0
-61.48,1625449482.0,64.0
-69.07,1625449482.0,64.0
-75.83,1625449482.0,64.0
-80.62,1625449482.0,64.0
-82.46,1625449482.0,64.0
-80.81,1625449482.0,64.0
-75.83,1625449482.0,64.0
-68.15,1625449482.0,64.0
-58.67,1625449482.0,64.0
-48.11,1625449482.0,64.0
-36.91,1625449482.0,64.0
-25.26,1625449482.0,64.0
-13.35,1625449482.0,64.0
-1.55,1625449482.0,64.0
9.5,1625449482.0,64.0
19.12,1625449482.0,64.0
26.81,1625449482.0,64.0
32.53,1625449482.0,64.0
36.66,1625449482.0,64.0
39.93,1625449482.0,64.0
43.03,1625449482.0,64.0
46.32,1625449482.0,64.0
49.75,1625449482.0,64.0
52.9,1625449482.0,64.0
55.28,1625449482.0,64.0
56.56,1625449482.0,64.0
56.69,1625449482.0,64.0
55.91,1625449482.0,64.0
54.54,1625449482.0,64.0
52.84,1625449482.0,64.0
50.83,1625449482.0,64.0
48.45,1625449482.0,64.0
45.59,1625449482.0,64.0
42.24,1625449482.0,64.0
38.55,1625449482.0,64.0
34.75,1625449482.0,64.0
31.02,1625449482.0,64.0
27.47,1625449482.0,64.0
24.07,1625449482.0,64.0
20.66,1625449482.0,64.0
17.06,1625449482.0,64.0
13.07,1625449482.0,64.0
8.56,1625449482.0,64.0
3.52,1625449482.0,64.0
-1.91,1625449482.0,64.0
-7.48,1625449482.0,64.0
-12.89,1625449482.0,64.0
-17.95,1625449482.0,64.0
-22.68,1625449482.0,64.0
-27.3,1625449482.0,64.0
-32.17,1625449482.0,64.0
-37.64,1625449482.0,64.0
-43.87,1625449482.0,64.0
-50.78,1625449482.0,64.0
-58.06,1625449482.0,64.0
-65.24,1625449482.0,64.0
-71.77,1625449482.0,64.0
-77.1,1625449482.0,64.0
-80.63,1625449482.0,64.0
-81.78,1625449482.0,64.0
-80.12,1625449482.0,64.0
-75.48,1625449482.0,64.0
-68.09,1625449482.0,64.0
-58.54,1625449482.0,64.0
-47.64,1625449482.0,64.0
-36.14,1625449482.0,64.0
-24.61,1625449482.0,64.0
-13.36,1625449482.0,64.0
-2.66,1625449482.0,64.0
7.19,1625449482.0,64.0
15.81,1625449482.0,64.0
22.86,1625449482.0,64.0
28.26,1625449482.0,64.0
32.27,1625449482.0,64.0
35.47,1625449482.0,64.0
38.49,1625449482.0,64.0
41.7,1625449482.0,64.0
45.05,1625449482.0,64.0
48.14,1625449482.0,64.0
50.47,1625449482.0,64.0
51.71,1625449482.0,64.0
51.82,1625449482.0,64.0
50.98,1625449482.0,64.0
49.5,1625449482.0,64.0
47.61,1625449482.0,64.0
45.44,1625449482.0,64.0
43.01,1625449482.0,64.0
40.32,1625449482.0,64.0
37.41,1625449482.0,64.0
34.39,1625449482.0,64.0
31.4,1625449482.0,64.0
28.56,1625449482.0,64.0
25.91,1625449482.0,64.0
23.4,1625449482.0,64.0
20.87,1625449482.0,64.0
18.1,1625449482.0,64.0
14.89,1625449482.0,64.0
11.16,1625449482.0,64.0
6.95,1625449482.0,64.0
2.44,1625449482.0,64.0
-2.12,1625449482.0,64.0
-6.5,1625449482.0,64.0
-10.58,1625449482.0,64.0
-14.35,1625449482.0,64.0
-17.95,1625449482.0,64.0
-21.62,1625449482.0,64.0
-25.63,1625449482.0,64.0
-30.25,1625449482.0,64.0
-35.65,1625449482.0,64.0
-41.86,1625449482.0,64.0
-48.66,1625449482.0,64.0
-55.57,1625449482.0,64.0
-61.84,1625449482.0,64.0
-66.53,1625449482.0,64.0
-68.8,1625449482.0,64.0
-68.04,1625449482.0,64.0
-64.14,1625449482.0,64.0
-57.51,1625449482.0,64.0
-48.92,1625449482.0,64.0
-39.26,1625449482.0,64.0
-29.28,1625449482.0,64.0
-19.47,1625449482.0,64.0
-10.14,1625449482.0,64.0
-1.49,1625449482.0,64.0
6.22,1625449482.0,64.0
12.73,1625449482.0,64.0
17.84,1625449482.0,64.0
21.61,1625449482.0,64.0
24.35,1625449482.0,64.0
26.54,1625449482.0,64.0
28.64,1625449482.0,64.0
30.87,1625449482.0,64.0
33.18,1625449482.0,64.0
35.29,1625449482.0,64.0
36.91,1625449482.0,64.0
37.87,1625449482.0,64.0
38.21,1625449482.0,64.0
38.07,1625449482.0,64.0
37.58,1625449482.0,64.0
36.72,1625449482.0,64.0
35.39,1625449482.0,64.0
33.47,1625449482.0,64.0
30.97,1625449482.0,64.0
28.05,1625449482.0,64.0
25.0,1625449482.0,64.0
22.09,1625449482.0,64.0
19.48,1625449482.0,64.0
17.13,1625449482.0,64.0
14.9,1625449482.0,64.0
12.59,1625449482.0,64.0
10.09,1625449482.0,64.0
7.33,1625449482.0,64.0
4.37,1625449482.0,64.0
1.26,1625449482.0,64.0
-1.97,1625449482.0,64.0
-5.3,1625449482.0,64.0
-8.77,1625449482.0,64.0
-12.43,1625449482.0,64.0
-16.37,1625449482.0,64.0
-20.67,1625449482.0,64.0
-25.44,1625449482.0,64.0
-30.76,1625449482.0,64.0
-36.53,1625449482.0,64.0
-42.43,1625449482.0,64.0
-47.83,1625449482.0,64.0
-51.88,1625449482.0,64.0
-53.73,1625449482.0,64.0
-52.78,1625449482.0,64.0
-48.89,1625449482.0,64.0
-42.47,1625449482.0,64.0
-34.29,1625449482.0,64.0
-25.3,1625449482.0,64.0
-16.28,1625449482.0,64.0
-7.83,1625449482.0,64.0
-0.27,1625449482.0,64.0
6.19,1625449482.0,64.0
11.41,1625449482.0,64.0
15.26,1625449482.0,64.0
17.8,1625449482.0,64.0
19.27,1625449482.0,64.0
20.14,1625449482.0,64.0
20.99,1625449482.0,64.0
22.27,1625449482.0,64.0
24.17,1625449482.0,64.0
26.53,1625449482.0,64.0
28.96,1625449482.0,64.0
31.0,1625449482.0,64.0
32.35,1625449482.0,64.0
32.88,1625449482.0,64.0
32.68,1625449482.0,64.0
31.86,1625449482.0,64.0
30.54,1625449482.0,64.0
28.83,1625449482.0,64.0
26.8,1625449482.0,64.0
24.54,1625449482.0,64.0
22.2,1625449482.0,64.0
19.86,1625449482.0,64.0
17.6,1625449482.0,64.0
15.38,1625449482.0,64.0
13.16,1625449482.0,64.0
10.87,1625449482.0,64.0
8.5,1625449482.0,64.0
6.06,1625449482.0,64.0
3.53,1625449482.0,64.0
0.87,1625449482.0,64.0
-2.01,1625449482.0,64.0
-5.2,1625449482.0,64.0
-8.75,1625449482.0,64.0
-12.65,1625449482.0,64.0
-16.94,1625449482.0,64.0
-21.62,1625449482.0,64.0
-26.66,1625449482.0,64.0
-31.85,1625449482.0,64.0
-36.67,1625449482.0,64.0
-40.35,1625449482.0,64.0
-41.99,1625449482.0,64.0
-40.93,1625449482.0,64.0
-36.97,1625449482.0,64.0
-30.56,1625449482.0,64.0
-22.62,1625449482.0,64.0
-14.26,1625449482.0,64.0
-6.47,1625449482.0,64.0
0.07,1625449482.0,64.0
5.03,1625449482.0,64.0
8.33,1625449482.0,64.0
10.03,1625449482.0,64.0
10.32,1625449482.0,64.0
9.55,1625449482.0,64.0
8.2,1625449482.0,64.0
6.94,1625449482.0,64.0
6.3,1625449482.0,64.0
6.63,1625449482.0,64.0
7.87,1625449482.0,64.0
9.64,1625449482.0,64.0
11.36,1625449482.0,64.0
12.5,1625449482.0,64.0
12.75,1625449482.0,64.0
12.09,1625449482.0,64.0
10.69,1625449482.0,64.0
8.81,1625449482.0,64.0
6.68,1625449482.0,64.0
4.42,1625449482.0,64.0
2.08,1625449482.0,64.0
-0.31,1625449482.0,64.0
-2.74,1625449482.0,64.0
-5.2,1625449482.0,64.0
-7.68,1625449482.0,64.0
-10.24,1625449482.0,64.0
-12.92,1625449482.0,64.0
-15.73,1625449482.0,64.0
-18.62,1625449482.0,64.0
-21.6,1625449482.0,64.0
-24.71,1625449482.0,64.0
-28.14,1625449482.0,64.0
-32.11,1625449482.0,64.0
-36.73,1625449482.0,64.0
-41.83,1625449482.0,64.0
-46.91,1625449482.0,64.0
-51.19,1625449482.0,64.0
-53.87,1625449482.0,64.0
-54.31,1625449482.0,64.0
-52.21,1625449482.0,64.0
-47.63,1625449482.0,64.0
-40.94,1625449482.0,64.0
-32.69,1625449482.0,64.0
-23.55,1625449482.0,64.0
-14.29,1625449482.0,64.0
-5.64,1625449482.0,64.0
1.71,1625449482.0,64.0
7.31,1625449482.0,64.0
11.02,1625449482.0,64.0
13.07,1625449482.0,64.0
14.01,1625449482.0,64.0
14.52,1625449482.0,64.0
15.13,1625449482.0,64.0
16.13,1625449482.0,64.0
17.47,1625449482.0,64.0
18.83,1625449482.0,64.0
19.84,1625449482.0,64.0
20.22,1625449482.0,64.0
19.86,1625449482.0,64.0
18.87,1625449482.0,64.0
17.38,1625449482.0,64.0
15.49,1625449482.0,64.0
13.15,1625449482.0,64.0
10.25,1625449482.0,64.0
6.66,1625449482.0,64.0
2.38,1625449482.0,64.0
-2.44,1625449482.0,64.0
-7.53,1625449482.0,64.0
-12.6,1625449482.0,64.0
-17.47,1625449482.0,64.0
-22.06,1625449482.0,64.0
-26.46,1625449482.0,64.0
-30.85,1625449482.0,64.0
-35.46,1625449482.0,64.0
-40.57,1625449482.0,64.0
-46.45,1625449482.0,64.0
-53.29,1625449482.0,64.0
-61.02,1625449482.0,64.0
-69.17,1625449482.0,64.0
-76.9,1625449482.0,64.0
-83.09,1625449482.0,64.0
-86.65,1625449482.0,64.0
-86.82,1625449482.0,64.0
-83.37,1625449482.0,64.0
-76.67,1625449482.0,64.0
-67.47,1625449482.0,64.0
-56.65,1625449482.0,64.0
-44.96,1625449482.0,64.0
-32.89,1625449482.0,64.0
-20.68,1625449482.0,64.0
-8.52,1625449482.0,64.0
3.29,1625449482.0,64.0
14.3,1625449482.0,64.0
24.0,1625449482.0,64.0
31.96,1625449482.0,64.0
38.04,1625449482.0,64.0
42.5,1625449482.0,64.0
45.8,1625449482.0,64.0
48.45,1625449482.0,64.0
50.81,1625449482.0,64.0
52.93,1625449482.0,64.0
54.68,1625449482.0,64.0
55.81,1625449482.0,64.0
56.22,1625449482.0,64.0
55.93,1625449482.0,64.0
55.12,1625449482.0,64.0
53.95,1625449482.0,64.0
52.47,1625449482.0,64.0
50.51,1625449482.0,64.0
47.83,1625449482.0,64.0
44.22,1625449482.0,64.0
39.64,1625449482.0,64.0
34.29,1625449482.0,64.0
28.55,1625449482.0,64.0
22.79,1625449482.0,64.0
17.21,1625449482.0,64.0
11.77,1625449482.0,64.0
6.19,1625449482.0,64.0
0.1,1625449482.0,64.0
-6.76,1625449482.0,64.0
-14.5,1625449482.0,64.0
-22.94,1625449482.0,64.0
-31.75,1625449482.0,64.0
-40.33,1625449482.0,64.0
-47.96,1625449482.0,64.0
-53.79,1625449482.0,64.0
-57.01,1625449482.0,64.0
-57.07,1625449482.0,64.0
-53.81,1625449482.0,64.0
-47.49,1625449482.0,64.0
-38.76,1625449482.0,64.0
-28.41,1625449482.0,64.0
-17.18,1625449482.0,64.0
-5.76,1625449482.0,64.0
5.28,1625449482.0,64.0
15.39,1625449482.0,64.0
24.09,1625449482.0,64.0
31.06,1625449482.0,64.0
36.25,1625449482.0,64.0
39.97,1625449482.0,64.0
42.67,1625449482.0,64.0
44.79,1625449482.0,64.0
46.4,1625449482.0,64.0
47.32,1625449482.0,64.0
47.18,1625449482.0,64.0
45.78,1625449482.0,64.0
43.27,1625449482.0,64.0
40.13,1625449482.0,64.0
36.93,1625449482.0,64.0
34.09,1625449482.0,64.0
31.62,1625449482.0,64.0
29.21,1625449482.0,64.0
26.43,1625449482.0,64.0
22.97,1625449482.0,64.0
18.81,1625449482.0,64.0
14.16,1625449482.0,64.0
9.35,1625449482.0,64.0
4.66,1625449482.0,64.0
0.15,1625449482.0,64.0
-4.27,1625449482.0,64.0
-8.83,1625449482.0,64.0
-13.77,1625449482.0,64.0
-19.29,1625449482.0,64.0
-25.51,1625449482.0,64.0
-32.39,1625449482.0,64.0
-39.76,1625449482.0,64.0
-47.25,1625449482.0,64.0
-54.27,1625449482.0,64.0
-60.02,1625449482.0,64.0
-63.61,1625449482.0,64.0
-64.32,1625449482.0,64.0
-61.74,1625449482.0,64.0
-55.99,1625449482.0,64.0
-47.59,1625449482.0,64.0
-37.33,1625449482.0,64.0
-25.95,1625449482.0,64.0
-14.04,1625449482.0,64.0
-2.01,1625449482.0,64.0
9.74,1625449482.0,64.0
20.7,1625449482.0,64.0
30.28,1625449482.0,64.0
37.97,1625449482.0,64.0
43.59,1625449482.0,64.0
47.44,1625449482.0,64.0
50.21,1625449482.0,64.0
52.65,1625449482.0,64.0
55.29,1625449482.0,64.0
58.18,1625449482.0,64.0
60.93,1625449482.0,64.0
62.99,1625449482.0,64.0
63.91,1625449482.0,64.0
63.55,1625449482.0,64.0
62.08,1625449482.0,64.0
59.84,1625449482.0,64.0
57.1,1625449482.0,64.0
53.93,1625449482.0,64.0
50.24,1625449482.0,64.0
45.82,1625449482.0,64.0
40.55,1625449482.0,64.0
34.48,1625449482.0,64.0
27.89,1625449482.0,64.0
21.08,1625449482.0,64.0
14.37,1625449482.0,64.0
7.85,1625449482.0,64.0
1.47,1625449482.0,64.0
-4.95,1625449482.0,64.0
-11.58,1625449482.0,64.0
-18.54,1625449482.0,64.0
-25.87,1625449482.0,64.0
-33.46,1625449482.0,64.0
-41.13,1625449482.0,64.0
-48.52,1625449482.0,64.0
-55.09,1625449482.0,64.0
-60.16,1625449482.0,64.0
-63.01,1625449482.0,64.0
-63.1,1625449482.0,64.0
-60.23,1625449482.0,64.0
-54.58,1625449482.0,64.0
-46.61,1625449482.0,64.0
-36.96,1625449482.0,64.0
-26.25,1625449482.0,64.0
-15.06,1625449482.0,64.0
-4.02,1625449482.0,64.0
6.29,1625449482.0,64.0
15.29,1625449482.0,64.0
22.59,1625449482.0,64.0
28.09,1625449482.0,64.0
32.05,1625449482.0,64.0
34.94,1625449482.0,64.0
37.34,1625449482.0,64.0
39.63,1625449482.0,64.0
41.89,1625449482.0,64.0
43.89,1625449482.0,64.0
45.2,1625449482.0,64.0
45.51,1625449482.0,64.0
44.7,1625449482.0,64.0
42.97,1625449482.0,64.0
40.62,1625449482.0,64.0
37.94,1625449482.0,64.0
35.01,1625449482.0,64.0
31.65,1625449482.0,64.0
27.65,1625449482.0,64.0
22.86,1625449482.0,64.0
17.47,1625449482.0,64.0
11.89,1625449482.0,64.0
6.6,1625449482.0,64.0
1.97,1625449482.0,64.0
-1.93,1625449482.0,64.0
-5.33,1625449482.0,64.0
-8.59,1625449482.0,64.0
-12.05,1625449482.0,64.0
-15.97,1625449482.0,64.0
-20.5,1625449482.0,64.0
-25.74,1625449482.0,64.0
-31.76,1625449482.0,64.0
-38.47,1625449482.0,64.0
-45.48,1625449482.0,64.0
-52.03,1625449482.0,64.0
-57.09,1625449482.0,64.0
-59.6,1625449482.0,64.0
-58.87,1625449482.0,64.0
-54.76,1625449482.0,64.0
-47.71,1625449482.0,64.0
-38.56,1625449482.0,64.0
-28.17,1625449482.0,64.0
-17.25,1625449482.0,64.0
-6.24,1625449482.0,64.0
4.52,1625449482.0,64.0
14.63,1625449482.0,64.0
23.57,1625449482.0,64.0
30.85,1625449482.0,64.0
36.18,1625449482.0,64.0
39.65,1625449482.0,64.0
41.7,1625449482.0,64.0
43.01,1625449482.0,64.0
44.18,1625449482.0,64.0
45.52,1625449482.0,64.0
47.04,1625449482.0,64.0
48.49,1625449482.0,64.0
49.59,1625449482.0,64.0
50.15,1625449482.0,64.0
50.13,1625449482.0,64.0
49.69,1625449482.0,64.0
48.96,1625449482.0,64.0
48.04,1625449482.0,64.0
46.82,1625449482.0,64.0
45.07,1625449482.0,64.0
42.49,1625449482.0,64.0
38.91,1625449482.0,64.0
34.34,1625449482.0,64.0
29.05,1625449482.0,64.0
23.38,1625449482.0,64.0
17.65,1625449482.0,64.0
11.99,1625449482.0,64.0
6.36,1625449482.0,64.0
0.64,1625449482.0,64.0
-5.29,1625449482.0,64.0
-11.45,1625449482.0,64.0
-17.78,1625449482.0,64.0
-24.24,1625449482.0,64.0
-30.87,1625449482.0,64.0
-37.74,1625449482.0,64.0
-44.77,1625449482.0,64.0
-51.6,1625449482.0,64.0
-57.53,1625449482.0,64.0
-61.72,1625449482.0,64.0
-63.35,1625449482.0,64.0
-61.95,1625449482.0,64.0
-57.55,1625449482.0,64.0
-50.57,1625449482.0,64.0
-41.69,1625449482.0,64.0
-31.54,1625449482.0,64.0
-20.62,1625449482.0,64.0
-9.28,1625449482.0,64.0
2.04,1625449482.0,64.0
12.8,1625449482.0,64.0
22.32,1625449482.0,64.0
29.96,1625449482.0,64.0
35.43,1625449482.0,64.0
38.87,1625449482.0,64.0
40.83,1625449482.0,64.0
41.98,1625449482.0,64.0
42.89,1625449482.0,64.0
43.74,1625449482.0,64.0
44.44,1625449482.0,64.0
44.7,1625449482.0,64.0
44.25,1625449482.0,64.0
42.99,1625449482.0,64.0
41.02,1625449482.0,64.0
38.54,1625449482.0,64.0
35.75,1625449482.0,64.0
32.8,1625449482.0,64.0
29.72,1625449482.0,64.0
26.5,1625449482.0,64.0
23.06,1625449482.0,64.0
19.33,1625449482.0,64.0
15.32,1625449482.0,64.0
11.1,1625449482.0,64.0
6.78,1625449482.0,64.0
2.48,1625449482.0,64.0
-1.72,1625449482.0,64.0
-5.86,1625449482.0,64.0
-10.05,1625449482.0,64.0
-14.39,1625449482.0,64.0
-19.0,1625449482.0,64.0
-23.9,1625449482.0,64.0
-29.13,1625449482.0,64.0
-34.73,1625449482.0,64.0
-40.79,1625449482.0,64.0
-47.34,1625449482.0,64.0
-54.23,1625449482.0,64.0
-60.95,1625449482.0,64.0
-66.66,1625449482.0,64.0
-70.37,1625449482.0,64.0
-71.14,1625449482.0,64.0
-68.52,1625449482.0,64.0
-62.62,1625449482.0,64.0
-54.08,1625449482.0,64.0
-43.81,1625449482.0,64.0
-32.64,1625449482.0,64.0
-21.19,1625449482.0,64.0
-9.82,1625449482.0,64.0
1.14,1625449482.0,64.0
11.27,1625449482.0,64.0
20.0,1625449482.0,64.0
26.82,1625449482.0,64.0
31.5,1625449482.0,64.0
34.24,1625449482.0,64.0
35.7,1625449482.0,64.0
36.65,1625449482.0,64.0
37.73,1625449482.0,64.0
39.15,1625449482.0,64.0
40.72,1625449482.0,64.0
42.03,1625449482.0,64.0
42.7,1625449482.0,64.0
42.56,1625449482.0,64.0
41.67,1625449482.0,64.0
40.23,1625449482.0,64.0
38.4,1625449482.0,64.0
36.23,1625449482.0,64.0
33.63,1625449482.0,64.0
30.52,1625449482.0,64.0
26.9,1625449482.0,64.0
22.87,1625449482.0,64.0
18.64,1625449482.0,64.0
14.46,1625449482.0,64.0
10.5,1625449482.0,64.0
6.78,1625449482.0,64.0
3.19,1625449482.0,64.0
-0.53,1625449482.0,64.0
-4.63,1625449482.0,64.0
-9.33,1625449482.0,64.0
-14.66,1625449482.0,64.0
-20.56,1625449482.0,64.0
-26.85,1625449482.0,64.0
-33.35,1625449482.0,64.0
-39.89,1625449482.0,64.0
-46.21,1625449482.0,64.0
-51.95,1625449482.0,64.0
-56.56,1625449482.0,64.0
-59.3,1625449482.0,64.0
-59.5,1625449482.0,64.0
-56.71,1625449482.0,64.0
-50.94,1625449482.0,64.0
-42.66,1625449482.0,64.0
-32.64,1625449482.0,64.0
-21.78,1625449482.0,64.0
-10.87,1625449482.0,64.0
-0.54,1625449482.0,64.0
8.71,1625449482.0,64.0
16.47,1625449482.0,64.0
22.46,1625449482.0,64.0
26.56,1625449482.0,64.0
28.97,1625449482.0,64.0
30.2,1625449482.0,64.0
30.93,1625449482.0,64.0
31.8,1625449482.0,64.0
33.15,1625449482.0,64.0
34.93,1625449482.0,64.0
36.77,1625449482.0,64.0
38.2,1625449482.0,64.0
38.77,1625449482.0,64.0
38.31,1625449482.0,64.0
36.83,1625449482.0,64.0
34.48,1625449482.0,64.0
31.46,1625449482.0,64.0
27.94,1625449482.0,64.0
24.05,1625449482.0,64.0
19.92,1625449482.0,64.0
15.63,1625449482.0,64.0
11.28,1625449482.0,64.0
7.0,1625449482.0,64.0
2.86,1625449482.0,64.0
-1.07,1625449482.0,64.0
-4.77,1625449482.0,64.0
-8.33,1625449482.0,64.0
-11.89,1625449482.0,64.0
-15.69,1625449482.0,64.0
-19.93,1625449482.0,64.0
-24.79,1625449482.0,64.0
-30.28,1625449482.0,64.0
-36.26,1625449482.0,64.0
-42.35,1625449482.0,64.0
-47.96,1625449482.0,64.0
-52.37,1625449482.0,64.0
-54.85,1625449482.0,64.0
-54.83,1625449482.0,64.0
-52.03,1625449482.0,64.0
-46.56,1625449482.0,64.0
-38.85,1625449482.0,64.0
-29.53,1625449482.0,64.0
-19.3,1625449482.0,64.0
-8.86,1625449482.0,64.0
1.15,1625449482.0,64.0
10.12,1625449482.0,64.0
17.49,1625449482.0,64.0
22.88,1625449482.0,64.0
26.19,1625449482.0,64.0
27.66,1625449482.0,64.0
27.87,1625449482.0,64.0
27.55,1625449482.0,64.0
27.31,1625449482.0,64.0
27.48,1625449482.0,64.0
28.01,1625449482.0,64.0
28.57,1625449482.0,64.0
28.79,1625449482.0,64.0
28.38,1625449482.0,64.0
27.29,1625449482.0,64.0
25.63,1625449482.0,64.0
23.56,1625449482.0,64.0
21.19,1625449482.0,64.0
18.51,1625449482.0,64.0
15.46,1625449482.0,64.0
11.96,1625449482.0,64.0
8.03,1625449482.0,64.0
3.8,1625449482.0,64.0
-0.52,1625449482.0,64.0
-4.71,1625449482.0,64.0
-8.64,1625449482.0,64.0
-12.29,1625449482.0,64.0
-15.8,1625449482.0,64.0
-19.37,1625449482.0,64.0
-23.28,1625449482.0,64.0
-27.77,1625449482.0,64.0
-32.98,1625449482.0,64.0
-38.97,1625449482.0,64.0
-45.62,1625449482.0,64.0
-52.57,1625449482.0,64.0
-59.16,1625449482.0,64.0
-64.5,1625449482.0,64.0
-67.63,1625449482.0,64.0
-67.77,1625449482.0,64.0
-64.56,1625449482.0,64.0
-58.26,1625449482.0,64.0
-49.59,1625449482.0,64.0
-39.52,1625449482.0,64.0
-28.91,1625449482.0,64.0
-18.31,1625449482.0,64.0
-7.98,1625449482.0,64.0
1.94,1625449482.0,64.0
11.24,1625449482.0,64.0
19.51,1625449482.0,64.0
26.32,1625449482.0,64.0
31.34,1625449482.0,64.0
34.61,1625449482.0,64.0
36.52,1625449482.0,64.0
37.58,1625449482.0,64.0
38.29,1625449482.0,64.0
38.88,1625449482.0,64.0
39.29,1625449482.0,64.0
39.34,1625449482.0,64.0
38.84,1625449482.0,64.0
37.7,1625449482.0,64.0
35.96,1625449482.0,64.0
33.76,1625449482.0,64.0
31.2,1625449482.0,64.0
28.33,1625449482.0,64.0
25.14,1625449482.0,64.0
21.59,1625449482.0,64.0
17.66,1625449482.0,64.0
13.37,1625449482.0,64.0
8.85,1625449482.0,64.0
4.29,1625449482.0,64.0
-0.08,1625449482.0,64.0
-4.12,1625449482.0,64.0
-7.84,1625449482.0,64.0
-11.45,1625449482.0,64.0
-15.27,1625449482.0,64.0
-19.61,1625449482.0,64.0
-24.68,1625449482.0,64.0
-30.5,1625449482.0,64.0
-36.88,1625449482.0,64.0
-43.56,1625449482.0,64.0
-50.25,1625449482.0,64.0
-56.62,1625449482.0,64.0
-62.33,1625449482.0,64.0
-66.86,1625449482.0,64.0
-69.61,1625449482.0,64.0
-69.96,1625449482.0,64.0
-67.48,1625449482.0,64.0
-62.12,1625449482.0,64.0
-54.32,1625449482.0,64.0
-44.82,1625449482.0,64.0
-34.43,1625449482.0,64.0
-23.8,1625449482.0,64.0
-13.29,1625449482.0,64.0
-3.01,1625449482.0,64.0
6.88,1625449482.0,64.0
16.11,1625449482.0,64.0
24.18,1625449482.0,64.0
30.6,1625449482.0,64.0
35.09,1625449482.0,64.0
37.78,1625449482.0,64.0
39.16,1625449482.0,64.0
39.87,1625449482.0,64.0
40.49,1625449482.0,64.0
41.25,1625449482.0,64.0
42.13,1625449482.0,64.0
42.81,1625449482.0,64.0
42.96,1625449482.0,64.0
42.36,1625449482.0,64.0
40.99,1625449482.0,64.0
38.95,1625449482.0,64.0
36.41,1625449482.0,64.0
33.54,1625449482.0,64.0
30.42,1625449482.0,64.0
27.07,1625449482.0,64.0
23.45,1625449482.0,64.0
19.6,1625449482.0,64.0
15.56,1625449482.0,64.0
11.46,1625449482.0,64.0
7.4,1625449482.0,64.0
3.44,1625449482.0,64.0
-0.43,1625449482.0,64.0
-4.29,1625449482.0,64.0
-8.22,1625449482.0,64.0
-12.33,1625449482.0,64.0
-16.69,1625449482.0,64.0
-21.35,1625449482.0,64.0
-26.37,1625449482.0,64.0
-31.85,1625449482.0,64.0
-37.93,1625449482.0,64.0
-44.67,1625449482.0,64.0
-51.93,1625449482.0,64.0
-59.24,1625449482.0,64.0
-65.8,1625449482.0,64.0
-70.58,1625449482.0,64.0
-72.6,1625449482.0,64.0
-71.27,1625449482.0,64.0
-66.58,1625449482.0,64.0
-59.07,1625449482.0,64.0
-49.6,1625449482.0,64.0
-39.07,1625449482.0,64.0
-28.14,1625449482.0,64.0
-17.24,1625449482.0,64.0
-6.66,1625449482.0,64.0
3.26,1625449482.0,64.0
12.08,1625449482.0,64.0
19.34,1625449482.0,64.0
24.77,1625449482.0,64.0
28.45,1625449482.0,64.0
30.8,1625449482.0,64.0
32.44,1625449482.0,64.0
33.93,1625449482.0,64.0
35.58,1625449482.0,64.0
37.4,1625449482.0,64.0
39.15,1625449482.0,64.0
40.51,1625449482.0,64.0
41.24,1625449482.0,64.0
41.23,1625449482.0,64.0
40.54,1625449482.0,64.0
39.29,1625449482.0,64.0
37.56,1625449482.0,64.0
35.37,1625449482.0,64.0
32.68,1625449482.0,64.0
29.47,1625449482.0,64.0
25.86,1625449482.0,64.0
22.05,1625449482.0,64.0
18.33,1625449482.0,64.0
14.89,1625449482.0,64.0
11.76,1625449482.0,64.0
8.75,1625449482.0,64.0
5.57,1625449482.0,64.0
1.95,1625449482.0,64.0
-2.18,1625449482.0,64.0
-6.67,1625449482.0,64.0
-11.25,1625449482.0,64.0
-15.67,1625449482.0,64.0
-19.9,1625449482.0,64.0
-24.1,1625449482.0,64.0
-28.6,1625449482.0,64.0
-33.77,1625449482.0,64.0
-39.78,1625449482.0,64.0
-46.54,1625449482.0,64.0
-53.58,1625449482.0,64.0
-60.11,1625449482.0,64.0
-65.17,1625449482.0,64.0
-67.84,1625449482.0,64.0
-67.51,1625449482.0,64.0
-64.03,1625449482.0,64.0
-57.75,1625449482.0,64.0
-49.38,1625449482.0,64.0
-39.78,1625449482.0,64.0
-29.69,1625449482.0,64.0
-19.64,1625449482.0,64.0
-9.92,1625449482.0,64.0
-0.77,1625449482.0,64.0
7.51,1625449482.0,64.0
14.55,1625449482.0,64.0
20.05,1625449482.0,64.0
23.92,1625449482.0,64.0
26.42,1625449482.0,64.0
28.07,1625449482.0,64.0
29.49,1625449482.0,64.0
31.08,1625449482.0,64.0
32.94,1625449482.0,64.0
34.84,1625449482.0,64.0
36.45,1625449482.0,64.0
37.51,1625449482.0,64.0
37.92,1625449482.0,64.0
37.76,1625449482.0,64.0
37.12,1625449482.0,64.0
36.05,1625449482.0,64.0
34.48,1625449482.0,64.0
32.33,1625449482.0,64.0
29.56,1625449482.0,64.0
26.29,1625449482.0,64.0
22.79,1625449482.0,64.0
19.3,1625449482.0,64.0
16.04,1625449482.0,64.0
13.05,1625449482.0,64.0
10.22,1625449482.0,64.0
7.37,1625449482.0,64.0
4.28,1625449482.0,64.0
0.83,1625449482.0,64.0
-2.95,1625449482.0,64.0
-6.99,1625449482.0,64.0
-11.17,1625449482.0,64.0
-15.47,1625449482.0,64.0
-20.0,1625449482.0,64.0
-24.89,1625449482.0,64.0
-30.3,1625449482.0,64.0
-36.28,1625449482.0,64.0
-42.76,1625449482.0,64.0
-49.46,1625449482.0,64.0
-55.9,1625449482.0,64.0
-61.43,1625449482.0,64.0
-65.28,1625449482.0,64.0
-66.71,1625449482.0,64.0
-65.22,1625449482.0,64.0
-60.7,1625449482.0,64.0
-53.53,1625449482.0,64.0
-44.46,1625449482.0,64.0
-34.38,1625449482.0,64.0
-24.11,1625449482.0,64.0
-14.23,1625449482.0,64.0
-5.04,1625449482.0,64.0
3.31,1625449482.0,64.0
10.65,1625449482.0,64.0
16.79,1625449482.0,64.0
21.56,1625449482.0,64.0
24.98,1625449482.0,64.0
27.3,1625449482.0,64.0
28.98,1625449482.0,64.0
30.52,1625449482.0,64.0
32.29,1625449482.0,64.0
34.32,1625449482.0,64.0
36.4,1625449482.0,64.0
38.16,1625449482.0,64.0
39.26,1625449482.0,64.0
39.52,1625449482.0,64.0
38.93,1625449482.0,64.0
37.61,1625449482.0,64.0
35.7,1625449482.0,64.0
33.29,1625449482.0,64.0
30.44,1625449482.0,64.0
27.18,1625449482.0,64.0
23.6,1625449482.0,64.0
19.85,1625449482.0,64.0
16.09,1625449482.0,64.0
12.43,1625449482.0,64.0
8.9,1625449482.0,64.0
5.48,1625449482.0,64.0
2.08,1625449482.0,64.0
-1.35,1625449482.0,64.0
-4.82,1625449482.0,64.0
-8.29,1625449482.0,64.0
-11.74,1625449482.0,64.0
-15.23,1625449482.0,64.0
-18.84,1625449482.0,64.0
-22.72,1625449482.0,64.0
-27.03,1625449482.0,64.0
-31.94,1625449482.0,64.0
-37.59,1625449482.0,64.0
-43.93,1625449482.0,64.0
-50.63,1625449482.0,64.0
-56.99,1625449482.0,64.0
-62.08,1625449482.0,64.0
-64.87,1625449482.0,64.0
-64.66,1625449482.0,64.0
-61.27,1625449482.0,64.0
-55.11,1625449482.0,64.0
-46.98,1625449482.0,64.0
-37.77,1625449482.0,64.0
-28.22,1625449482.0,64.0
-18.77,1625449482.0,64.0
-9.75,1625449482.0,64.0
-1.41,1625449482.0,64.0
5.91,1625449482.0,64.0
11.9,1625449482.0,64.0
16.37,1625449482.0,64.0
19.39,1625449482.0,64.0
21.35,1625449482.0,64.0
22.75,1625449482.0,64.0
24.15,1625449482.0,64.0
25.89,1625449482.0,64.0
28.04,1625449482.0,64.0
30.4,1625449482.0,64.0
32.58,1625449482.0,64.0
34.21,1625449482.0,64.0
35.02,1625449482.0,64.0
34.97,1625449482.0,64.0
34.16,1625449482.0,64.0
32.77,1625449482.0,64.0
30.91,1625449482.0,64.0
28.65,1625449482.0,64.0
25.98,1625449482.0,64.0
22.91,1625449482.0,64.0
19.59,1625449482.0,64.0
16.19,1625449482.0,64.0
12.92,1625449482.0,64.0
9.9,1625449482.0,64.0
7.11,1625449482.0,64.0
4.4,1625449482.0,64.0
1.59,1625449482.0,64.0
-1.46,1625449482.0,64.0
-4.81,1625449482.0,64.0
-8.41,1625449482.0,64.0
-12.24,1625449482.0,64.0
-16.31,1625449482.0,64.0
-20.76,1625449482.0,64.0
-25.78,1625449482.0,64.0
-31.51,1625449482.0,64.0
-37.88,1625449482.0,64.0
-44.52,1625449482.0,64.0
-50.68,1625449482.0,64.0
-55.36,1625449482.0,64.0
-57.65,1625449482.0,64.0
-56.92,1625449482.0,64.0
-53.07,1625449482.0,64.0
-46.58,1625449482.0,64.0
-38.28,1625449482.0,64.0
-29.09,1625449482.0,64.0
-19.82,1625449482.0,64.0
-11.0,1625449482.0,64.0
-3.03,1625449482.0,64.0
3.85,1625449482.0,64.0
9.4,1625449482.0,64.0
13.48,1625449482.0,64.0
16.22,1625449482.0,64.0
17.98,1625449482.0,64.0
19.41,1625449482.0,64.0
21.1,1625449482.0,64.0
23.45,1625449482.0,64.0
26.46,1625449482.0,64.0
29.76,1625449482.0,64.0
32.8,1625449482.0,64.0
35.1,1625449482.0,64.0
36.38,1625449482.0,64.0
36.59,1625449482.0,64.0
35.86,1625449482.0,64.0
34.34,1625449482.0,64.0
32.2,1625449482.0,64.0
29.56,1625449482.0,64.0
26.6,1625449482.0,64.0
23.47,1625449482.0,64.0
20.29,1625449482.0,64.0
17.16,1625449482.0,64.0
14.05,1625449482.0,64.0
10.92,1625449482.0,64.0
7.71,1625449482.0,64.0
4.43,1625449482.0,64.0
1.11,1625449482.0,64.0
-2.22,1625449482.0,64.0
-5.61,1625449482.0,64.0
-9.17,1625449482.0,64.0
-13.08,1625449482.0,64.0
-17.52,1625449482.0,64.0
-22.63,1625449482.0,64.0
-28.35,1625449482.0,64.0
-34.42,1625449482.0,64.0
-40.31,1625449482.0,64.0
-45.24,1625449482.0,64.0
-48.36,1625449482.0,64.0
-48.91,1625449482.0,64.0
-46.5,1625449482.0,64.0
-41.2,1625449482.0,64.0
-33.61,1625449482.0,64.0
-24.6,1625449482.0,64.0
-15.16,1625449482.0,64.0
-6.15,1625449482.0,64.0
1.83,1625449482.0,64.0
8.39,1625449482.0,64.0
13.32,1625449482.0,64.0
16.59,1625449482.0,64.0
18.36,1625449482.0,64.0
19.01,1625449482.0,64.0
19.11,1625449482.0,64.0
19.31,1625449482.0,64.0
20.1,1625449482.0,64.0
21.62,1625449482.0,64.0
23.64,1625449482.0,64.0
25.64,1625449482.0,64.0
27.11,1625449482.0,64.0
27.68,1625449482.0,64.0
27.32,1625449482.0,64.0
26.22,1625449482.0,64.0
24.65,1625449482.0,64.0
22.79,1625449482.0,64.0
20.65,1625449482.0,64.0
18.12,1625449482.0,64.0
15.08,1625449482.0,64.0
11.5,1625449482.0,64.0
7.47,1625449482.0,64.0
3.19,1625449482.0,64.0
-1.12,1625449482.0,64.0
-5.31,1625449482.0,64.0
-9.35,1625449482.0,64.0
-13.3,1625449482.0,64.0
-17.3,1625449482.0,64.0
-21.51,1625449482.0,64.0
-26.1,1625449482.0,64.0
-31.27,1625449482.0,64.0
-37.11,1625449482.0,64.0
-43.54,1625449482.0,64.0
-50.18,1625449482.0,64.0
-56.34,1625449482.0,64.0
-61.12,1625449482.0,64.0
-63.64,1625449482.0,64.0
-63.22,1625449482.0,64.0
-59.67,1625449482.0,64.0
-53.25,1625449482.0,64.0
-44.59,1625449482.0,64.0
-34.49,1625449482.0,64.0
-23.74,1625449482.0,64.0
-12.99,1625449482.0,64.0
-2.78,1625449482.0,64.0
6.44,1625449482.0,64.0
14.26,1625449482.0,64.0
20.38,1625449482.0,64.0
24.71,1625449482.0,64.0
27.42,1625449482.0,64.0
28.98,1625449482.0,64.0
29.99,1625449482.0,64.0
31.02,1625449482.0,64.0
32.36,1625449482.0,64.0
33.95,1625449482.0,64.0
35.46,1625449482.0,64.0
36.45,1625449482.0,64.0
36.64,1625449482.0,64.0
36.01,1625449482.0,64.0
34.8,1625449482.0,64.0
33.29,1625449482.0,64.0
31.66,1625449482.0,64.0
29.88,1625449482.0,64.0
27.72,1625449482.0,64.0
24.97,1625449482.0,64.0
21.52,1625449482.0,64.0
17.5,1625449482.0,64.0
13.12,1625449482.0,64.0
8.63,1625449482.0,64.0
4.16,1625449482.0,64.0
-0.28,1625449482.0,64.0
-4.76,1625449482.0,64.0
-9.38,1625449482.0,64.0
-14.25,1625449482.0,64.0
-19.5,1625449482.0,64.0
-25.28,1625449482.0,64.0
-31.73,1625449482.0,64.0
-38.76,1625449482.0,64.0
-45.97,1625449482.0,64.0
-52.58,1625449482.0,64.0
-57.56,1625449482.0,64.0
-59.99,1625449482.0,64.0
-59.28,1625449482.0,64.0
-55.36,1625449482.0,64.0
-48.65,1625449482.0,64.0
-39.89,1625449482.0,64.0
-29.89,1625449482.0,64.0
-19.34,1625449482.0,64.0
-8.78,1625449482.0,64.0
1.35,1625449482.0,64.0
10.67,1625449482.0,64.0
18.78,1625449482.0,64.0
25.38,1625449482.0,64.0
30.31,1625449482.0,64.0
33.71,1625449482.0,64.0
35.95,1625449482.0,64.0
37.52,1625449482.0,64.0
38.88,1625449482.0,64.0
40.31,1625449482.0,64.0
41.8,1625449482.0,64.0
43.13,1625449482.0,64.0
43.99,1625449482.0,64.0
44.16,1625449482.0,64.0
43.62,1625449482.0,64.0
42.45,1625449482.0,64.0
40.87,1625449482.0,64.0
38.98,1625449482.0,64.0
36.81,1625449482.0,64.0
34.26,1625449482.0,64.0
31.19,1625449482.0,64.0
27.54,1625449482.0,64.0
23.36,1625449482.0,64.0
18.81,1625449482.0,64.0
14.17,1625449482.0,64.0
9.63,1625449482.0,64.0
5.31,1625449482.0,64.0
1.12,1625449482.0,64.0
-3.2,1625449482.0,64.0
-8.01,1625449482.0,64.0
-13.65,1625449482.0,64.0
-20.3,1625449482.0,64.0
-27.92,1625449482.0,64.0
-36.2,1625449482.0,64.0
-44.5,1625449482.0,64.0
-51.99,1625449482.0,64.0
-57.76,1625449482.0,64.0
-60.96,1625449482.0,64.0
-61.06,1625449482.0,64.0
-57.93,1625449482.0,64.0
-51.88,1625449482.0,64.0
-43.48,1625449482.0,64.0
-33.45,1625449482.0,64.0
-22.5,1625449482.0,64.0
-11.23,1625449482.0,64.0
-0.18,1625449482.0,64.0
10.16,1625449482.0,64.0
19.29,1625449482.0,64.0
26.8,1625449482.0,64.0
32.45,1625449482.0,64.0
36.29,1625449482.0,64.0
38.72,1625449482.0,64.0
40.38,1625449482.0,64.0
41.92,1625449482.0,64.0
43.76,1625449482.0,64.0
45.98,1625449482.0,64.0
48.23,1625449482.0,64.0
50.01,1625449482.0,64.0
50.77,1625449482.0,64.0
50.25,1625449482.0,64.0
48.55,1625449482.0,64.0
46.0,1625449482.0,64.0
43.0,1625449482.0,64.0
39.88,1625449482.0,64.0
36.74,1625449482.0,64.0
33.5,1625449482.0,64.0
30.04,1625449482.0,64.0
26.26,1625449482.0,64.0
22.2,1625449482.0,64.0
17.99,1625449482.0,64.0
13.73,1625449482.0,64.0
9.44,1625449482.0,64.0
5.02,1625449482.0,64.0
0.28,1625449482.0,64.0
-4.9,1625449482.0,64.0
-10.59,1625449482.0,64.0
-16.72,1625449482.0,64.0
-23.22,1625449482.0,64.0
-30.01,1625449482.0,64.0
-37.08,1625449482.0,64.0
-44.29,1625449482.0,64.0
-51.31,1625449482.0,64.0
-57.5,1625449482.0,64.0
-62.0,1625449482.0,64.0
-63.95,1625449482.0,64.0
-62.73,1625449482.0,64.0
-58.2,1625449482.0,64.0
-50.67,1625449482.0,64.0
-40.88,1625449482.0,64.0
-29.67,1625449482.0,64.0
-17.88,1625449482.0,64.0
-6.24,1625449482.0,64.0
4.65,1625449482.0,64.0
14.29,1625449482.0,64.0
22.32,1625449482.0,64.0
28.52,1625449482.0,64.0
32.94,1625449482.0,64.0
35.82,1625449482.0,64.0
37.68,1625449482.0,64.0
39.07,1625449482.0,64.0
40.44,1625449482.0,64.0
42.08,1625449482.0,64.0
43.96,1625449482.0,64.0
45.83,1625449482.0,64.0
47.32,1625449482.0,64.0
48.05,1625449482.0,64.0
47.79,1625449482.0,64.0
46.49,1625449482.0,64.0
44.3,1625449482.0,64.0
41.47,1625449482.0,64.0
38.26,1625449482.0,64.0
34.88,1625449482.0,64.0
31.36,1625449482.0,64.0
27.64,1625449482.0,64.0
23.65,1625449482.0,64.0
19.31,1625449482.0,64.0
14.68,1625449482.0,64.0
9.87,1625449482.0,64.0
5.05,1625449482.0,64.0
0.34,1625449482.0,64.0
-4.2,1625449482.0,64.0
-8.64,1625449482.0,64.0
-13.15,1625449482.0,64.0
-17.91,1625449482.0,64.0
-23.1,1625449482.0,64.0
-28.85,1625449482.0,64.0
-35.23,1625449482.0,64.0
-42.11,1625449482.0,64.0
-49.19,1625449482.0,64.0
-55.86,1625449482.0,64.0
-61.27,1625449482.0,64.0
-64.46,1625449482.0,64.0
-64.65,1625449482.0,64.0
-61.51,1625449482.0,64.0
-55.23,1625449482.0,64.0
-46.49,1625449482.0,64.0
-36.19,1625449482.0,64.0
-25.17,1625449482.0,64.0
-14.06,1625449482.0,64.0
-3.29,1625449482.0,64.0
6.79,1625449482.0,64.0
15.79,1625449482.0,64.0
23.28,1625449482.0,64.0
28.99,1625449482.0,64.0
32.89,1625449482.0,64.0
35.32,1625449482.0,64.0
36.88,1625449482.0,64.0
38.24,1625449482.0,64.0
39.84,1625449482.0,64.0
41.79,1625449482.0,64.0
43.88,1625449482.0,64.0
45.66,1625449482.0,64.0
46.74,1625449482.0,64.0
46.85,1625449482.0,64.0
45.97,1625449482.0,64.0
44.24,1625449482.0,64.0
41.88,1625449482.0,64.0
39.08,1625449482.0,64.0
35.92,1625449482.0,64.0
32.5,1625449482.0,64.0
28.87,1625449482.0,64.0
25.16,1625449482.0,64.0
21.44,1625449482.0,64.0
17.78,1625449482.0,64.0
14.14,1625449482.0,64.0
10.38,1625449482.0,64.0
6.39,1625449482.0,64.0
2.01,1625449482.0,64.0
-2.74,1625449482.0,64.0
-7.79,1625449482.0,64.0
-13.0,1625449482.0,64.0
-18.24,1625449482.0,64.0
-23.49,1625449482.0,64.0
-28.88,1625449482.0,64.0
-34.62,1625449482.0,64.0
-40.87,1625449482.0,64.0
-47.57,1625449482.0,64.0
-54.23,1625449482.0,64.0
-60.03,1625449482.0,64.0
-63.9,1625449482.0,64.0
-64.93,1625449482.0,64.0
-62.66,1625449482.0,64.0
-57.21,1625449482.0,64.0
-49.21,1625449482.0,64.0
-39.53,1625449482.0,64.0
-29.01,1625449482.0,64.0
-18.28,1625449482.0,64.0
-7.76,1625449482.0,64.0
2.21,1625449482.0,64.0
11.24,1625449482.0,64.0
18.89,1625449482.0,64.0
24.87,1625449482.0,64.0
29.1,1625449482.0,64.0
31.89,1625449482.0,64.0
33.82,1625449482.0,64.0
35.51,1625449482.0,64.0
37.41,1625449482.0,64.0
39.63,1625449482.0,64.0
41.93,1625449482.0,64.0
43.9,1625449482.0,64.0
45.14,1625449482.0,64.0
45.41,1625449482.0,64.0
44.7,1625449482.0,64.0
43.16,1625449482.0,64.0
41.0,1625449482.0,64.0
38.35,1625449482.0,64.0
35.33,1625449482.0,64.0
31.99,1625449482.0,64.0
28.35,1625449482.0,64.0
24.55,1625449482.0,64.0
20.69,1625449482.0,64.0
16.9,1625449482.0,64.0
13.25,1625449482.0,64.0
9.75,1625449482.0,64.0
6.3,1625449482.0,64.0
2.77,1625449482.0,64.0
-0.98,1625449482.0,64.0
-5.01,1625449482.0,64.0
-9.3,1625449482.0,64.0
-13.77,1625449482.0,64.0
-18.33,1625449482.0,64.0
-22.99,1625449482.0,64.0
-27.85,1625449482.0,64.0
-33.12,1625449482.0,64.0
-39.0,1625449482.0,64.0
-45.48,1625449482.0,64.0
-52.27,1625449482.0,64.0
-58.73,1625449482.0,64.0
-63.94,1625449482.0,64.0
-66.97,1625449482.0,64.0
-67.1,1625449482.0,64.0
-64.03,1625449482.0,64.0
-57.99,1625449482.0,64.0
-49.61,1625449482.0,64.0
-39.75,1625449482.0,64.0
-29.21,1625449482.0,64.0
-18.58,1625449482.0,64.0
-8.24,1625449482.0,64.0
1.56,1625449482.0,64.0
10.53,1625449482.0,64.0
18.32,1625449482.0,64.0
24.59,1625449482.0,64.0
29.12,1625449482.0,64.0
31.99,1625449482.0,64.0
33.65,1625449482.0,64.0
34.7,1625449482.0,64.0
35.76,1625449482.0,64.0
37.11,1625449482.0,64.0
38.73,1625449482.0,64.0
40.3,1625449482.0,64.0
41.4,1625449482.0,64.0
41.78,1625449482.0,64.0
41.37,1625449482.0,64.0
40.31,1625449482.0,64.0
38.78,1625449482.0,64.0
36.88,1625449482.0,64.0
34.58,1625449482.0,64.0
31.79,1625449482.0,64.0
28.49,1625449482.0,64.0
24.82,1625449482.0,64.0
21.03,1625449482.0,64.0
17.36,1625449482.0,64.0
13.93,1625449482.0,64.0
10.65,1625449482.0,64.0
7.33,1625449482.0,64.0
3.75,1625449482.0,64.0
-0.18,1625449482.0,64.0
-4.45,1625449482.0,64.0
-8.95,1625449482.0,64.0
-13.59,1625449482.0,64.0
-18.35,1625449482.0,64.0
-23.29,1625449482.0,64.0
-28.5,1625449482.0,64.0
-34.06,1625449482.0,64.0
-39.98,1625449482.0,64.0
-46.1,1625449482.0,64.0
-52.07,1625449482.0,64.0
-57.32,1625449482.0,64.0
-61.07,1625449482.0,64.0
-62.56,1625449482.0,64.0
-61.26,1625449482.0,64.0
-57.05,1625449482.0,64.0
-50.3,1625449482.0,64.0
-41.74,1625449482.0,64.0
-32.25,1625449482.0,64.0
-22.59,1625449482.0,64.0
-13.26,1625449482.0,64.0
-4.53,1625449482.0,64.0
3.48,1625449482.0,64.0
10.63,1625449482.0,64.0
16.74,1625449482.0,64.0
21.61,1625449482.0,64.0
25.2,1625449482.0,64.0
27.69,1625449482.0,64.0
29.51,1625449482.0,64.0
31.13,1625449482.0,64.0
32.92,1625449482.0,64.0
34.92,1625449482.0,64.0
36.9,1625449482.0,64.0
38.42,1625449482.0,64.0
39.12,1625449482.0,64.0
38.85,1625449482.0,64.0
37.72,1625449482.0,64.0
35.97,1625449482.0,64.0
33.8,1625449482.0,64.0
31.31,1625449482.0,64.0
28.46,1625449482.0,64.0
25.22,1625449482.0,64.0
21.67,1625449482.0,64.0
17.97,1625449482.0,64.0
14.32,1625449482.0,64.0
10.83,1625449482.0,64.0
7.45,1625449482.0,64.0
4.05,1625449482.0,64.0
0.52,1625449482.0,64.0
-3.16,1625449482.0,64.0
-6.93,1625449482.0,64.0
-10.76,1625449482.0,64.0
-14.68,1625449482.0,64.0
-18.81,1625449482.0,64.0
-23.36,1625449482.0,64.0
-28.54,1625449482.0,64.0
-34.43,1625449482.0,64.0
-40.99,1625449482.0,64.0
-47.96,1625449482.0,64.0
-54.82,1625449482.0,64.0
-60.78,1625449482.0,64.0
-64.92,1625449482.0,64.0
-66.44,1625449482.0,64.0
-64.89,1625449482.0,64.0
-60.4,1625449482.0,64.0
-53.55,1625449482.0,64.0
-45.17,1625449482.0,64.0
-36.02,1625449482.0,64.0
-26.59,1625449482.0,64.0
-17.11,1625449482.0,64.0
-7.74,1625449482.0,64.0
1.19,1625449482.0,64.0
9.21,1625449482.0,64.0
15.82,1625449482.0,64.0
20.71,1625449482.0,64.0
23.99,1625449482.0,64.0
26.1,1625449482.0,64.0
27.69,1625449482.0,64.0
29.3,1625449482.0,64.0
31.22,1625449482.0,64.0
33.37,1625449482.0,64.0
35.46,1625449482.0,64.0
37.11,1625449482.0,64.0
38.05,1625449482.0,64.0
38.15,1625449482.0,64.0
37.42,1625449482.0,64.0
35.99,1625449482.0,64.0
33.98,1625449482.0,64.0
31.53,1625449482.0,64.0
28.71,1625449482.0,64.0
25.61,1625449482.0,64.0
22.27,1625449482.0,64.0
18.7,1625449482.0,64.0
14.96,1625449482.0,64.0
11.09,1625449482.0,64.0
7.2,1625449482.0,64.0
3.34,1625449482.0,64.0
-0.47,1625449482.0,64.0
-4.3,1625449482.0,64.0
-8.28,1625449482.0,64.0
-12.62,1625449482.0,64.0
-17.42,1625449482.0,64.0
-22.73,1625449482.0,64.0
-28.49,1625449482.0,64.0
-34.58,1625449482.0,64.0
-40.84,1625449482.0,64.0
-47.02,1625449482.0,64.0
-52.7,1625449482.0,64.0
-57.29,1625449482.0,64.0
-60.05,1625449482.0,64.0
-60.34,1625449482.0,64.0
-57.77,1625449482.0,64.0
-52.37,1625449482.0,64.0
-44.64,1625449482.0,64.0
-35.32,1625449482.0,64.0
-25.23,1625449482.0,64.0
-15.05,1625449482.0,64.0
-5.37,1625449482.0,64.0
3.38,1625449482.0,64.0
10.81,1625449482.0,64.0
16.62,1625449482.0,64.0
20.71,1625449482.0,64.0
23.25,1625449482.0,64.0
24.71,1625449482.0,64.0
25.72,1625449482.0,64.0
26.89,1625449482.0,64.0
28.54,1625449482.0,64.0
30.6,1625449482.0,64.0
32.68,1625449482.0,64.0
34.22,1625449482.0,64.0
34.79,1625449482.0,64.0
34.25,1625449482.0,64.0
32.77,1625449482.0,64.0
30.74,1625449482.0,64.0
28.53,1625449482.0,64.0
26.29,1625449482.0,64.0
23.92,1625449482.0,64.0
21.13,1625449482.0,64.0
17.7,1625449482.0,64.0
13.59,1625449482.0,64.0
9.07,1625449482.0,64.0
4.6,1625449482.0,64.0
0.55,1625449482.0,64.0
-2.89,1625449482.0,64.0
-5.89,1625449482.0,64.0
-8.81,1625449482.0,64.0
-12.05,1625449482.0,64.0
-15.89,1625449482.0,64.0
-20.4,1625449482.0,64.0
-25.54,1625449482.0,64.0
-31.18,1625449482.0,64.0
-37.13,1625449482.0,64.0
-43.1,1625449482.0,64.0
-48.57,1625449482.0,64.0
-52.87,1625449482.0,64.0
-55.21,1625449482.0,64.0
-54.95,1625449482.0,64.0
-51.82,1625449482.0,64.0
-46.02,1625449482.0,64.0
-38.14,1625449482.0,64.0
-28.99,1625449482.0,64.0
-19.44,1625449482.0,64.0
-10.12,1625449482.0,64.0
-1.55,1625449482.0,64.0
5.93,1625449482.0,64.0
12.1,1625449482.0,64.0
16.85,1625449482.0,64.0
20.23,1625449482.0,64.0
22.47,1625449482.0,64.0
23.95,1625449482.0,64.0
25.1,1625449482.0,64.0
26.3,1625449482.0,64.0
27.69,1625449482.0,64.0
29.2,1625449482.0,64.0
30.58,1625449482.0,64.0
31.53,1625449482.0,64.0
31.82,1625449482.0,64.0
31.37,1625449482.0,64.0
30.19,1625449482.0,64.0
28.4,1625449482.0,64.0
26.09,1625449482.0,64.0
23.34,1625449482.0,64.0
20.11,1625449482.0,64.0
16.39,1625449482.0,64.0
12.19,1625449482.0,64.0
7.65,1625449482.0,64.0
3.01,1625449482.0,64.0
-1.41,1625449482.0,64.0
-5.4,1625449482.0,64.0
-8.96,1625449482.0,64.0
-12.34,1625449482.0,64.0
-15.98,1625449482.0,64.0
-20.33,1625449482.0,64.0
-25.7,1625449482.0,64.0
-32.14,1625449482.0,64.0
-39.43,1625449482.0,64.0
-47.09,1625449482.0,64.0
-54.47,1625449482.0,64.0
-60.78,1625449482.0,64.0
-65.15,1625449482.0,64.0
-66.86,1625449482.0,64.0
-65.44,1625449482.0,64.0
-60.93,1625449482.0,64.0
-53.77,1625449482.0,64.0
-44.76,1625449482.0,64.0
-34.7,1625449482.0,64.0
-24.25,1625449482.0,64.0
-13.8,1625449482.0,64.0
-3.61,1625449482.0,64.0
6.06,1625449482.0,64.0
14.76,1625449482.0,64.0
22.02,1625449482.0,64.0
27.5,1625449482.0,64.0
31.18,1625449482.0,64.0
33.47,1625449482.0,64.0
35.05,1625449482.0,64.0
36.53,1625449482.0,64.0
38.29,1625449482.0,64.0
40.26,1625449482.0,64.0
42.04,1625449482.0,64.0
43.11,1625449482.0,64.0
43.12,1625449482.0,64.0
42.0,1625449482.0,64.0
39.97,1625449482.0,64.0
37.38,1625449482.0,64.0
34.55,1625449482.0,64.0
31.56,1625449482.0,64.0
28.35,1625449482.0,64.0
24.7,1625449482.0,64.0
20.52,1625449482.0,64.0
15.87,1625449482.0,64.0
11.04,1625449482.0,64.0
6.35,1625449482.0,64.0
1.98,1625449482.0,64.0
-2.07,1625449482.0,64.0
-6.08,1625449482.0,64.0
-10.39,1625449482.0,64.0
-15.3,1625449482.0,64.0
-20.9,1625449482.0,64.0
-27.14,1625449482.0,64.0
-33.83,1625449482.0,64.0
-40.7,1625449482.0,64.0
-47.43,1625449482.0,64.0
-53.51,1625449482.0,64.0
-58.28,1625449482.0,64.0
-60.93,1625449482.0,64.0
-60.75,1625449482.0,64.0
-57.41,1625449482.0,64.0
-51.11,1625449482.0,64.0
-42.52,1625449482.0,64.0
-32.56,1625449482.0,64.0
-22.07,1625449482.0,64.0
-11.58,1625449482.0,64.0
-1.41,1625449482.0,64.0
8.21,1625449482.0,64.0
16.95,1625449482.0,64.0
24.41,1625449482.0,64.0
30.21,1625449482.0,64.0
34.28,1625449482.0,64.0
36.93,1625449482.0,64.0
38.77,1625449482.0,64.0
40.43,1625449482.0,64.0
42.28,1625449482.0,64.0
44.25,1625449482.0,64.0
45.93,1625449482.0,64.0
46.82,1625449482.0,64.0
46.61,1625449482.0,64.0
45.32,1625449482.0,64.0
43.23,1625449482.0,64.0
40.73,1625449482.0,64.0
38.08,1625449482.0,64.0
35.33,1625449482.0,64.0
32.33,1625449482.0,64.0
28.84,1625449482.0,64.0
24.76,1625449482.0,64.0
20.16,1625449482.0,64.0
15.31,1625449482.0,64.0
10.55,1625449482.0,64.0
6.13,1625449482.0,64.0
2.1,1625449482.0,64.0
-1.72,1625449482.0,64.0
-5.66,1625449482.0,64.0
-10.03,1625449482.0,64.0
-15.07,1625449482.0,64.0
-20.86,1625449482.0,64.0
-27.36,1625449482.0,64.0
-34.46,1625449482.0,64.0
-41.93,1625449482.0,64.0
-49.4,1625449482.0,64.0
-56.24,1625449482.0,64.0
-61.64,1625449482.0,64.0
-64.72,1625449482.0,64.0
-64.79,1625449482.0,64.0
-61.56,1625449482.0,64.0
-55.23,1625449482.0,64.0
-46.41,1625449482.0,64.0
-35.93,1625449482.0,64.0
-24.59,1625449482.0,64.0
-12.98,1625449482.0,64.0
-1.59,1625449482.0,64.0
9.18,1625449482.0,64.0
18.86,1625449482.0,64.0
26.91,1625449482.0,64.0
32.9,1625449482.0,64.0
36.73,1625449482.0,64.0
38.73,1625449482.0,64.0
39.6,1625449482.0,64.0
40.19,1625449482.0,64.0
41.15,1625449482.0,64.0
42.66,1625449482.0,64.0
44.42,1625449482.0,64.0
45.88,1625449482.0,64.0
46.49,1625449482.0,64.0
46.01,1625449482.0,64.0
44.53,1625449482.0,64.0
42.33,1625449482.0,64.0
39.68,1625449482.0,64.0
36.75,1625449482.0,64.0
33.55,1625449482.0,64.0
30.04,1625449482.0,64.0
26.22,1625449482.0,64.0
22.16,1625449482.0,64.0
17.96,1625449482.0,64.0
13.72,1625449482.0,64.0
9.49,1625449482.0,64.0
5.26,1625449482.0,64.0
1.0,1625449482.0,64.0
-3.36,1625449482.0,64.0
-7.89,1625449482.0,64.0
-12.66,1625449482.0,64.0
-17.73,1625449482.0,64.0
-23.18,1625449482.0,64.0
-29.06,1625449482.0,64.0
-35.4,1625449482.0,64.0
-42.16,1625449482.0,64.0
-49.12,1625449482.0,64.0
-55.8,1625449482.0,64.0
-61.5,1625449482.0,64.0
-65.34,1625449482.0,64.0
-66.55,1625449482.0,64.0
-64.68,1625449482.0,64.0
-59.71,1625449482.0,64.0
-52.05,1625449482.0,64.0
-42.41,1625449482.0,64.0
-31.54,1625449482.0,64.0
-20.11,1625449482.0,64.0
-8.7,1625449482.0,64.0
2.17,1625449482.0,64.0
11.97,1625449482.0,64.0
20.18,1625449482.0,64.0
26.46,1625449482.0,64.0
30.75,1625449482.0,64.0
33.36,1625449482.0,64.0
34.91,1625449482.0,64.0
36.13,1625449482.0,64.0
37.59,1625449482.0,64.0
39.56,1625449482.0,64.0
41.87,1625449482.0,64.0
44.15,1625449482.0,64.0
45.91,1625449482.0,64.0
46.81,1625449482.0,64.0
46.72,1625449482.0,64.0
45.67,1625449482.0,64.0
43.77,1625449482.0,64.0
41.15,1625449482.0,64.0
37.92,1625449482.0,64.0
34.23,1625449482.0,64.0
30.24,1625449482.0,64.0
26.19,1625449482.0,64.0
22.23,1625449482.0,64.0
18.48,1625449482.0,64.0
14.9,1625449482.0,64.0
11.39,1625449482.0,64.0
7.78,1625449482.0,64.0
3.93,1625449482.0,64.0
-0.23,1625449482.0,64.0
-4.69,1625449482.0,64.0
-9.41,1625449482.0,64.0
-14.3,1625449482.0,64.0
-19.33,1625449482.0,64.0
-24.52,1625449482.0,64.0
-29.99,1625449482.0,64.0
-35.93,1625449482.0,64.0
-42.5,1625449482.0,64.0
-49.7,1625449482.0,64.0
-57.23,1625449482.0,64.0
-64.42,1625449482.0,64.0
-70.34,1625449482.0,64.0
-73.93,1625449482.0,64.0
-74.34,1625449482.0,64.0
-71.21,1625449482.0,64.0
-64.68,1625449482.0,64.0
-55.45,1625449482.0,64.0
-44.46,1625449482.0,64.0
-32.64,1625449482.0,64.0
-20.72,1625449482.0,64.0
-9.16,1625449482.0,64.0
1.71,1625449482.0,64.0
11.59,1625449482.0,64.0
20.09,1625449482.0,64.0
26.88,1625449482.0,64.0
31.8,1625449482.0,64.0
35.05,1625449482.0,64.0
37.16,1625449482.0,64.0
38.79,1625449482.0,64.0
40.49,1625449482.0,64.0
42.47,1625449482.0,64.0
44.57,1625449482.0,64.0
46.43,1625449482.0,64.0
47.65,1625449482.0,64.0
48.06,1625449482.0,64.0
47.65,1625449482.0,64.0
46.53,1625449482.0,64.0
44.82,1625449482.0,64.0
42.59,1625449482.0,64.0
39.83,1625449482.0,64.0
36.57,1625449482.0,64.0
32.92,1625449482.0,64.0
29.08,1625449482.0,64.0
25.28,1625449482.0,64.0
21.68,1625449482.0,64.0
18.3,1625449482.0,64.0
15.04,1625449482.0,64.0
11.67,1625449482.0,64.0
7.98,1625449482.0,64.0
3.87,1625449482.0,64.0
-0.63,1625449482.0,64.0
-5.36,1625449482.0,64.0
-10.14,1625449482.0,64.0
-14.87,1625449482.0,64.0
-19.61,1625449482.0,64.0
-24.48,1625449482.0,64.0
-29.68,1625449482.0,64.0
-35.34,1625449482.0,64.0
-41.53,1625449482.0,64.0
-48.15,1625449482.0,64.0
-54.96,1625449482.0,64.0
-61.47,1625449482.0,64.0
-66.94,1625449482.0,64.0
-70.49,1625449482.0,64.0
-71.3,1625449482.0,64.0
-68.88,1625449482.0,64.0
-63.26,1625449482.0,64.0
-55.01,1625449482.0,64.0
-45.03,1625449482.0,64.0
-34.22,1625449482.0,64.0
-23.26,1625449482.0,64.0
-12.53,1625449482.0,64.0
-2.3,1625449482.0,64.0
7.17,1625449482.0,64.0
15.51,1625449482.0,64.0
22.31,1625449482.0,64.0
27.36,1625449482.0,64.0
30.78,1625449482.0,64.0
33.03,1625449482.0,64.0
34.78,1625449482.0,64.0
36.63,1625449482.0,64.0
38.84,1625449482.0,64.0
41.34,1625449482.0,64.0
43.73,1625449482.0,64.0
45.56,1625449482.0,64.0
46.46,1625449482.0,64.0
46.32,1625449482.0,64.0
45.24,1625449482.0,64.0
43.45,1625449482.0,64.0
41.15,1625449482.0,64.0
38.47,1625449482.0,64.0
35.43,1625449482.0,64.0
32.08,1625449482.0,64.0
28.5,1625449482.0,64.0
24.87,1625449482.0,64.0
21.38,1625449482.0,64.0
18.11,1625449482.0,64.0
15.0,1625449482.0,64.0
11.81,1625449482.0,64.0
8.3,1625449482.0,64.0
4.3,1625449482.0,64.0
-0.16,1625449482.0,64.0
-4.88,1625449482.0,64.0
-9.6,1625449482.0,64.0
-14.15,1625449482.0,64.0
-18.54,1625449482.0,64.0
-22.91,1625449482.0,64.0
-27.51,1625449482.0,64.0
-32.53,1625449482.0,64.0
-38.08,1625449482.0,64.0
-44.12,1625449482.0,64.0
-50.5,1625449482.0,64.0
-56.86,1625449482.0,64.0
-62.65,1625449482.0,64.0
-67.1,1625449482.0,64.0
-69.37,1625449482.0,64.0
-68.76,1625449482.0,64.0
-64.97,1625449482.0,64.0
-58.27,1625449482.0,64.0
-49.39,1625449482.0,64.0
-39.3,1625449482.0,64.0
-28.86,1625449482.0,64.0
-18.65,1625449482.0,64.0
-8.94,1625449482.0,64.0
0.1,1625449482.0,64.0
8.24,1625449482.0,64.0
15.17,1625449482.0,64.0
20.57,1625449482.0,64.0
24.4,1625449482.0,64.0
26.99,1625449482.0,64.0
28.95,1625449482.0,64.0
30.93,1625449482.0,64.0
33.32,1625449482.0,64.0
36.03,1625449482.0,64.0
38.67,1625449482.0,64.0
40.7,1625449482.0,64.0
41.74,1625449482.0,64.0
41.72,1625449482.0,64.0
40.81,1625449482.0,64.0
39.33,1625449482.0,64.0
37.49,1625449482.0,64.0
35.38,1625449482.0,64.0
32.98,1625449482.0,64.0
30.26,1625449482.0,64.0
27.26,1625449482.0,64.0
24.1,1625449482.0,64.0
20.96,1625449482.0,64.0
17.97,1625449482.0,64.0
15.15,1625449482.0,64.0
12.37,1625449482.0,64.0
9.39,1625449482.0,64.0
6.04,1625449482.0,64.0
2.28,1625449482.0,64.0
-1.78,1625449482.0,64.0
-5.88,1625449482.0,64.0
-9.8,1625449482.0,64.0
-13.48,1625449482.0,64.0
-17.08,1625449482.0,64.0
-20.96,1625449482.0,64.0
-25.46,1625449482.0,64.0
-30.83,1625449482.0,64.0
-37.07,1625449482.0,64.0
-43.86,1625449482.0,64.0
-50.6,1625449482.0,64.0
-56.5,1625449482.0,64.0
-60.63,1625449482.0,64.0
-62.21,1625449482.0,64.0
-60.75,1625449482.0,64.0
-56.27,1625449482.0,64.0
-49.26,1625449482.0,64.0
-40.56,1625449482.0,64.0
-31.07,1625449482.0,64.0
-21.47,1625449482.0,64.0
-12.25,1625449482.0,64.0
-3.64,1625449482.0,64.0
4.15,1625449482.0,64.0
10.87,1625449482.0,64.0
16.23,1625449482.0,64.0
20.06,1625449482.0,64.0
22.49,1625449482.0,64.0
23.96,1625449482.0,64.0
25.16,1625449482.0,64.0
26.64,1625449482.0,64.0
28.73,1625449482.0,64.0
31.32,1625449482.0,64.0
34.0,1625449482.0,64.0
36.25,1625449482.0,64.0
37.64,1625449482.0,64.0
38.05,1625449482.0,64.0
37.51,1625449482.0,64.0
36.23,1625449482.0,64.0
34.4,1625449482.0,64.0
32.11,1625449482.0,64.0
29.42,1625449482.0,64.0
26.36,1625449482.0,64.0
23.01,1625449482.0,64.0
19.51,1625449482.0,64.0
16.06,1625449482.0,64.0
12.78,1625449482.0,64.0
9.74,1625449482.0,64.0
6.9,1625449482.0,64.0
4.12,1625449482.0,64.0
1.27,1625449482.0,64.0
-1.8,1625449482.0,64.0
-5.17,1625449482.0,64.0
-8.84,1625449482.0,64.0
-12.83,1625449482.0,64.0
-17.15,1625449482.0,64.0
-21.85,1625449482.0,64.0
-26.99,1625449482.0,64.0
-32.58,1625449482.0,64.0
-38.49,1625449482.0,64.0
-44.31,1625449482.0,64.0
-49.41,1625449482.0,64.0
-52.97,1625449482.0,64.0
-54.23,1625449482.0,64.0
-52.68,1625449482.0,64.0
-48.24,1625449482.0,64.0
-41.29,1625449482.0,64.0
-32.62,1625449482.0,64.0
-23.16,1625449482.0,64.0
-13.75,1625449482.0,64.0
-5.02,1625449482.0,64.0
2.61,1625449482.0,64.0
8.91,1625449482.0,64.0
13.75,1625449482.0,64.0
17.13,1625449482.0,64.0
19.22,1625449482.0,64.0
20.44,1625449482.0,64.0
21.39,1625449482.0,64.0
22.65,1625449482.0,64.0
24.61,1625449482.0,64.0
27.24,1625449482.0,64.0
30.15,1625449482.0,64.0
32.71,1625449482.0,64.0
34.34,1625449482.0,64.0
34.72,1625449482.0,64.0
33.85,1625449482.0,64.0
31.98,1625449482.0,64.0
29.48,1625449482.0,64.0
26.61,1625449482.0,64.0
23.51,1625449482.0,64.0
20.18,1625449482.0,64.0
16.58,1625449482.0,64.0
12.65,1625449482.0,64.0
8.39,1625449482.0,64.0
3.87,1625449482.0,64.0
-0.76,1625449482.0,64.0
-5.34,1625449482.0,64.0
-9.72,1625449482.0,64.0
-13.8,1625449482.0,64.0
-17.59,1625449482.0,64.0
-21.28,1625449482.0,64.0
-25.16,1625449482.0,64.0
-29.58,1625449482.0,64.0
-34.85,1625449482.0,64.0
-41.08,1625449482.0,64.0
-48.16,1625449482.0,64.0
-55.64,1625449482.0,64.0
-62.88,1625449482.0,64.0
-69.01,1625449482.0,64.0
-73.11,1625449482.0,64.0
-74.4,1625449482.0,64.0
-72.42,1625449482.0,64.0
-67.15,1625449482.0,64.0
-59.11,1625449482.0,64.0
-49.17,1625449482.0,64.0
-38.3,1625449482.0,64.0
-27.35,1625449482.0,64.0
-16.84,1625449482.0,64.0
-7.03,1625449482.0,64.0
1.94,1625449482.0,64.0
9.9,1625449482.0,64.0
16.67,1625449482.0,64.0
22.09,1625449482.0,64.0
26.24,1625449482.0,64.0
29.42,1625449482.0,64.0
32.1,1625449482.0,64.0
34.72,1625449482.0,64.0
37.45,1625449482.0,64.0
40.14,1625449482.0,64.0
42.37,1625449482.0,64.0
43.72,1625449482.0,64.0
43.88,1625449482.0,64.0
42.87,1625449482.0,64.0
40.89,1625449482.0,64.0
38.3,1625449482.0,64.0
35.41,1625449482.0,64.0
32.43,1625449482.0,64.0
29.42,1625449482.0,64.0
26.35,1625449482.0,64.0
23.13,1625449482.0,64.0
19.68,1625449482.0,64.0
15.97,1625449482.0,64.0
11.99,1625449482.0,64.0
7.82,1625449482.0,64.0
3.49,1625449482.0,64.0
-0.97,1625449482.0,64.0
-5.59,1625449482.0,64.0
-10.45,1625449482.0,64.0
-15.64,1625449482.0,64.0
-21.25,1625449482.0,64.0
-27.39,1625449482.0,64.0
-34.12,1625449482.0,64.0
-41.48,1625449482.0,64.0
-49.36,1625449482.0,64.0
-57.42,1625449482.0,64.0
-64.99,1625449482.0,64.0
-71.14,1625449482.0,64.0
-74.84,1625449482.0,64.0
-75.31,1625449482.0,64.0
-72.24,1625449482.0,64.0
-65.91,1625449482.0,64.0
-57.09,1625449482.0,64.0
-46.68,1625449482.0,64.0
-35.5,1625449482.0,64.0
-24.07,1625449482.0,64.0
-12.7,1625449482.0,64.0
-1.64,1625449482.0,64.0
8.72,1625449482.0,64.0
17.84,1625449482.0,64.0
25.24,1625449482.0,64.0
30.71,1625449482.0,64.0
34.43,1625449482.0,64.0
36.99,1625449482.0,64.0
39.11,1625449482.0,64.0
41.35,1625449482.0,64.0
43.91,1625449482.0,64.0
46.61,1625449482.0,64.0
49.04,1625449482.0,64.0
50.75,1625449482.0,64.0
51.49,1625449482.0,64.0
51.18,1625449482.0,64.0
49.93,1625449482.0,64.0
47.92,1625449482.0,64.0
45.32,1625449482.0,64.0
42.3,1625449482.0,64.0
38.97,1625449482.0,64.0
35.4,1625449482.0,64.0
31.63,1625449482.0,64.0
27.71,1625449482.0,64.0
23.62,1625449482.0,64.0
19.39,1625449482.0,64.0
15.03,1625449482.0,64.0
10.55,1625449482.0,64.0
5.91,1625449482.0,64.0
1.08,1625449482.0,64.0
-4.04,1625449482.0,64.0
-9.51,1625449482.0,64.0
-15.41,1625449482.0,64.0
-21.86,1625449482.0,64.0
-28.93,1625449482.0,64.0
-36.68,1625449482.0,64.0
-45.03,1625449482.0,64.0
-53.64,1625449482.0,64.0
-61.83,1625449482.0,64.0
-68.69,1625449482.0,64.0
-73.18,1625449482.0,64.0
-74.46,1625449482.0,64.0
-72.15,1625449482.0,64.0
-66.46,1625449482.0,64.0
-58.07,1625449482.0,64.0
-47.91,1625449482.0,64.0
-36.85,1625449482.0,64.0
-25.43,1625449482.0,64.0
-13.99,1625449482.0,64.0
-2.7,1625449482.0,64.0
8.15,1625449482.0,64.0
18.05,1625449482.0,64.0
26.42,1625449482.0,64.0
32.84,1625449482.0,64.0
37.29,1625449482.0,64.0
40.2,1625449482.0,64.0
42.27,1625449482.0,64.0
44.15,1625449482.0,64.0
46.15,1625449482.0,64.0
48.18,1625449482.0,64.0
49.84,1625449482.0,64.0
50.76,1625449482.0,64.0
50.78,1625449482.0,64.0
50.02,1625449482.0,64.0
48.72,1625449482.0,64.0
47.07,1625449482.0,64.0
45.04,1625449482.0,64.0
42.46,1625449482.0,64.0
39.17,1625449482.0,64.0
35.18,1625449482.0,64.0
30.72,1625449482.0,64.0
26.16,1625449482.0,64.0
21.81,1625449482.0,64.0
17.78,1625449482.0,64.0
13.93,1625449482.0,64.0
9.99,1625449482.0,64.0
5.69,1625449482.0,64.0
0.92,1625449482.0,64.0
-4.28,1625449482.0,64.0
-9.75,1625449482.0,64.0
-15.36,1625449482.0,64.0
-21.07,1625449482.0,64.0
-27.02,1625449482.0,64.0
-33.4,1625449482.0,64.0
-40.34,1625449482.0,64.0
-47.77,1625449482.0,64.0
-55.31,1625449482.0,64.0
-62.24,1625449482.0,64.0
-67.68,1625449482.0,64.0
-70.68,1625449482.0,64.0
-70.59,1625449482.0,64.0
-67.16,1625449482.0,64.0
-60.65,1625449482.0,64.0
-51.66,1625449482.0,64.0
-41.0,1625449482.0,64.0
-29.46,1625449482.0,64.0
-17.66,1625449482.0,64.0
-6.04,1625449482.0,64.0
5.02,1625449482.0,64.0
15.16,1625449482.0,64.0
24.03,1625449482.0,64.0
31.34,1625449482.0,64.0
37.04,1625449482.0,64.0
41.36,1625449482.0,64.0
44.73,1625449482.0,64.0
47.54,1625449482.0,64.0
50.0,1625449482.0,64.0
52.0,1625449482.0,64.0
53.22,1625449482.0,64.0
53.39,1625449482.0,64.0
52.43,1625449482.0,64.0
50.56,1625449482.0,64.0
48.17,1625449482.0,64.0
45.64,1625449482.0,64.0
43.15,1625449482.0,64.0
40.65,1625449482.0,64.0
37.97,1625449482.0,64.0
34.92,1625449482.0,64.0
31.49,1625449482.0,64.0
27.75,1625449482.0,64.0
23.87,1625449482.0,64.0
19.97,1625449482.0,64.0
16.11,1625449482.0,64.0
12.26,1625449482.0,64.0
8.37,1625449482.0,64.0
4.38,1625449482.0,64.0
0.24,1625449482.0,64.0
-4.09,1625449482.0,64.0
-8.67,1625449482.0,64.0
-13.6,1625449482.0,64.0
-18.95,1625449482.0,64.0
-24.87,1625449482.0,64.0
-31.46,1625449482.0,64.0
-38.78,1625449482.0,64.0
-46.74,1625449482.0,64.0
-54.96,1625449482.0,64.0
-62.75,1625449482.0,64.0
-69.1,1625449482.0,64.0
-72.96,1625449482.0,64.0
-73.52,1625449482.0,64.0
-70.46,1625449482.0,64.0
-64.07,1625449482.0,64.0
-55.09,1625449482.0,64.0
-44.4,1625449482.0,64.0
-32.77,1625449482.0,64.0
-20.73,1625449482.0,64.0
-8.66,1625449482.0,64.0
3.02,1625449482.0,64.0
13.77,1625449482.0,64.0
22.97,1625449482.0,64.0
30.17,1625449482.0,64.0
35.27,1625449482.0,64.0
38.65,1625449482.0,64.0
41.0,1625449482.0,64.0
43.07,1625449482.0,64.0
45.35,1625449482.0,64.0
47.91,1625449482.0,64.0
50.44,1625449482.0,64.0
52.49,1625449482.0,64.0
53.72,1625449482.0,64.0
54.0,1625449482.0,64.0
53.4,1625449482.0,64.0
52.12,1625449482.0,64.0
50.26,1625449482.0,64.0
47.82,1625449482.0,64.0
44.7,1625449482.0,64.0
40.88,1625449482.0,64.0
36.45,1625449482.0,64.0
31.68,1625449482.0,64.0
26.9,1625449482.0,64.0
22.34,1625449482.0,64.0
18.06,1625449482.0,64.0
13.99,1625449482.0,64.0
9.96,1625449482.0,64.0
5.85,1625449482.0,64.0
1.61,1625449482.0,64.0
-2.69,1625449482.0,64.0
-7.02,1625449482.0,64.0
-11.42,1625449482.0,64.0
-16.02,1625449482.0,64.0
-21.05,1625449482.0,64.0
-26.7,1625449482.0,64.0
-33.08,1625449482.0,64.0
-40.13,1625449482.0,64.0
-47.61,1625449482.0,64.0
-55.03,1625449482.0,64.0
-61.67,1625449482.0,64.0
-66.66,1625449482.0,64.0
-69.15,1625449482.0,64.0
-68.51,1625449482.0,64.0
-64.53,1625449482.0,64.0
-57.45,1625449482.0,64.0
-47.96,1625449482.0,64.0
-36.93,1625449482.0,64.0
-25.23,1625449482.0,64.0
-13.55,1625449482.0,64.0
-2.44,1625449482.0,64.0
7.73,1625449482.0,64.0
16.61,1625449482.0,64.0
23.92,1625449482.0,64.0
29.54,1625449482.0,64.0
33.56,1625449482.0,64.0
36.33,1625449482.0,64.0
38.4,1625449482.0,64.0
40.26,1625449482.0,64.0
42.25,1625449482.0,64.0
44.41,1625449482.0,64.0
46.52,1625449482.0,64.0
48.2,1625449482.0,64.0
49.1,1625449482.0,64.0
48.95,1625449482.0,64.0
47.68,1625449482.0,64.0
45.42,1625449482.0,64.0
42.39,1625449482.0,64.0
38.92,1625449482.0,64.0
35.29,1625449482.0,64.0
31.72,1625449482.0,64.0
28.27,1625449482.0,64.0
24.9,1625449482.0,64.0
21.49,1625449482.0,64.0
17.97,1625449482.0,64.0
14.37,1625449482.0,64.0
10.78,1625449482.0,64.0
7.29,1625449482.0,64.0
3.89,1625449482.0,64.0
0.43,1625449482.0,64.0
-3.33,1625449482.0,64.0
-7.59,1625449482.0,64.0
-12.46,1625449482.0,64.0
-17.88,1625449482.0,64.0
-23.77,1625449482.0,64.0
-30.08,1625449482.0,64.0
-36.82,1625449482.0,64.0
-43.96,1625449482.0,64.0
-51.17,1625449482.0,64.0
-57.76,1625449482.0,64.0
-62.65,1625449482.0,64.0
-64.76,1625449482.0,64.0
-63.35,1625449482.0,64.0
-58.35,1625449482.0,64.0
-50.36,1625449482.0,64.0
-40.39,1625449482.0,64.0
-29.49,1625449482.0,64.0
-18.47,1625449482.0,64.0
-7.82,1625449482.0,64.0
2.14,1625449482.0,64.0
11.11,1625449482.0,64.0
18.68,1625449482.0,64.0
24.48,1625449482.0,64.0
28.32,1625449482.0,64.0
30.39,1625449482.0,64.0
31.29,1625449482.0,64.0
31.78,1625449482.0,64.0
32.56,1625449482.0,64.0
33.97,1625449482.0,64.0
35.91,1625449482.0,64.0
37.96,1625449482.0,64.0
39.57,1625449482.0,64.0
40.28,1625449482.0,64.0
39.93,1625449482.0,64.0
38.59,1625449482.0,64.0
36.51,1625449482.0,64.0
33.99,1625449482.0,64.0
31.21,1625449482.0,64.0
28.23,1625449482.0,64.0
25.03,1625449482.0,64.0
21.59,1625449482.0,64.0
17.93,1625449482.0,64.0
14.14,1625449482.0,64.0
10.3,1625449482.0,64.0
6.47,1625449482.0,64.0
2.66,1625449482.0,64.0
-1.16,1625449482.0,64.0
-5.07,1625449482.0,64.0
-9.18,1625449482.0,64.0
-13.59,1625449482.0,64.0
-18.39,1625449482.0,64.0
-23.62,1625449482.0,64.0
-29.32,1625449482.0,64.0
-35.46,1625449482.0,64.0
-41.96,1625449482.0,64.0
-48.58,1625449482.0,64.0
-54.93,1625449482.0,64.0
-60.41,1625449482.0,64.0
-64.28,1625449482.0,64.0
-65.8,1625449482.0,64.0
-64.42,1625449482.0,64.0
-60.04,1625449482.0,64.0
-53.03,1625449482.0,64.0
-44.06,1625449482.0,64.0
-33.98,1625449482.0,64.0
-23.47,1625449482.0,64.0
-13.04,1625449482.0,64.0
-3.07,1625449482.0,64.0
6.1,1625449482.0,64.0
14.09,1625449482.0,64.0
20.5,1625449482.0,64.0
25.15,1625449482.0,64.0
28.19,1625449482.0,64.0
30.11,1625449482.0,64.0
31.56,1625449482.0,64.0
33.13,1625449482.0,64.0
35.08,1625449482.0,64.0
37.31,1625449482.0,64.0
39.4,1625449482.0,64.0
40.91,1625449482.0,64.0
41.54,1625449482.0,64.0
41.17,1625449482.0,64.0
39.92,1625449482.0,64.0
37.96,1625449482.0,64.0
35.48,1625449482.0,64.0
32.61,1625449482.0,64.0
29.43,1625449482.0,64.0
26.0,1625449482.0,64.0
22.36,1625449482.0,64.0
18.56,1625449482.0,64.0
14.64,1625449482.0,64.0
10.7,1625449482.0,64.0
6.82,1625449482.0,64.0
3.1,1625449482.0,64.0
-0.47,1625449482.0,64.0
-4.02,1625449482.0,64.0
-7.76,1625449482.0,64.0
-11.92,1625449482.0,64.0
-16.64,1625449482.0,64.0
-21.9,1625449482.0,64.0
-27.59,1625449482.0,64.0
-33.58,1625449482.0,64.0
-39.76,1625449482.0,64.0
-45.94,1625449482.0,64.0
-51.76,1625449482.0,64.0
-56.58,1625449482.0,64.0
-59.6,1625449482.0,64.0
-60.05,1625449482.0,64.0
-57.49,1625449482.0,64.0
-52.05,1625449482.0,64.0
-44.33,1625449482.0,64.0
-35.18,1625449482.0,64.0
-25.42,1625449482.0,64.0
-15.67,1625449482.0,64.0
-6.33,1625449482.0,64.0
2.28,1625449482.0,64.0
9.81,1625449482.0,64.0
15.91,1625449482.0,64.0
20.35,1625449482.0,64.0
23.23,1625449482.0,64.0
24.95,1625449482.0,64.0
26.18,1625449482.0,64.0
27.51,1625449482.0,64.0
29.3,1625449482.0,64.0
31.52,1625449482.0,64.0
33.79,1625449482.0,64.0
35.62,1625449482.0,64.0
36.58,1625449482.0,64.0
36.46,1625449482.0,64.0
35.3,1625449482.0,64.0
33.33,1625449482.0,64.0
30.83,1625449482.0,64.0
28.02,1625449482.0,64.0
25.02,1625449482.0,64.0
21.87,1625449482.0,64.0
18.57,1625449482.0,64.0
15.14,1625449482.0,64.0
11.64,1625449482.0,64.0
8.15,1625449482.0,64.0
4.71,1625449482.0,64.0
1.31,1625449482.0,64.0
-2.16,1625449482.0,64.0
-5.8,1625449482.0,64.0
-9.77,1625449482.0,64.0
-14.16,1625449482.0,64.0
-19.04,1625449482.0,64.0
-24.51,1625449482.0,64.0
-30.59,1625449482.0,64.0
-37.18,1625449482.0,64.0
-43.94,1625449482.0,64.0
-50.2,1625449482.0,64.0
-55.11,1625449482.0,64.0
-57.8,1625449482.0,64.0
-57.65,1625449482.0,64.0
-54.49,1625449482.0,64.0
-48.67,1625449482.0,64.0
-40.86,1625449482.0,64.0
-31.87,1625449482.0,64.0
-22.42,1625449482.0,64.0
-13.01,1625449482.0,64.0
-4.04,1625449482.0,64.0
4.2,1625449482.0,64.0
11.37,1625449482.0,64.0
17.2,1625449482.0,64.0
21.57,1625449482.0,64.0
24.63,1625449482.0,64.0
26.73,1625449482.0,64.0
28.37,1625449482.0,64.0
29.96,1625449482.0,64.0
31.68,1625449482.0,64.0
33.37,1625449482.0,64.0
34.64,1625449482.0,64.0
35.1,1625449482.0,64.0
34.56,1625449482.0,64.0
33.1,1625449482.0,64.0
31.06,1625449482.0,64.0
28.84,1625449482.0,64.0
26.66,1625449482.0,64.0
24.43,1625449482.0,64.0
21.83,1625449482.0,64.0
18.46,1625449482.0,64.0
14.15,1625449482.0,64.0
9.09,1625449482.0,64.0
3.74,1625449482.0,64.0
-1.39,1625449482.0,64.0
-5.98,1625449482.0,64.0
-10.08,1625449482.0,64.0
-14.02,1625449482.0,64.0
-18.25,1625449482.0,64.0
-23.11,1625449482.0,64.0
-28.76,1625449482.0,64.0
-35.18,1625449482.0,64.0
-42.25,1625449482.0,64.0
-49.73,1625449482.0,64.0
-57.18,1625449482.0,64.0
-63.92,1625449482.0,64.0
-69.03,1625449482.0,64.0
-71.6,1625449482.0,64.0
-70.99,1625449482.0,64.0
-67.1,1625449482.0,64.0
-60.37,1625449482.0,64.0
-51.59,1625449482.0,64.0
-41.57,1625449482.0,64.0
-30.97,1625449482.0,64.0
-20.13,1625449482.0,64.0
-9.25,1625449482.0,64.0
1.41,1625449482.0,64.0
11.4,1625449482.0,64.0
20.15,1625449482.0,64.0
27.16,1625449482.0,64.0
32.2,1625449482.0,64.0
35.53,1625449482.0,64.0
37.7,1625449482.0,64.0
39.41,1625449482.0,64.0
41.19,1625449482.0,64.0
43.21,1625449482.0,64.0
45.27,1625449482.0,64.0
46.93,1625449482.0,64.0
47.74,1625449482.0,64.0
47.42,1625449482.0,64.0
45.95,1625449482.0,64.0
43.57,1625449482.0,64.0
40.61,1625449482.0,64.0
37.38,1625449482.0,64.0
34.03,1625449482.0,64.0
30.58,1625449482.0,64.0
26.9,1625449482.0,64.0
22.89,1625449482.0,64.0
18.52,1625449482.0,64.0
13.92,1625449482.0,64.0
9.28,1625449482.0,64.0
4.77,1625449482.0,64.0
0.41,1625449482.0,64.0
-3.93,1625449482.0,64.0
-8.47,1625449482.0,64.0
-13.43,1625449482.0,64.0
-18.94,1625449482.0,64.0
-25.05,1625449482.0,64.0
-31.72,1625449482.0,64.0
-38.86,1625449482.0,64.0
-46.27,1625449482.0,64.0
-53.53,1625449482.0,64.0
-59.98,1625449482.0,64.0
-64.72,1625449482.0,64.0
-66.88,1625449482.0,64.0
-65.85,1625449482.0,64.0
-61.51,1625449482.0,64.0
-54.26,1625449482.0,64.0
-44.89,1625449482.0,64.0
-34.27,1625449482.0,64.0
-23.15,1625449482.0,64.0
-12.02,1625449482.0,64.0
-1.22,1625449482.0,64.0
8.93,1625449482.0,64.0
18.04,1625449482.0,64.0
25.64,1625449482.0,64.0
31.4,1625449482.0,64.0
35.29,1625449482.0,64.0
37.71,1625449482.0,64.0
39.28,1625449482.0,64.0
40.66,1625449482.0,64.0
42.29,1625449482.0,64.0
44.13,1625449482.0,64.0
45.85,1625449482.0,64.0
46.95,1625449482.0,64.0
47.07,1625449482.0,64.0
46.11,1625449482.0,64.0
44.25,1625449482.0,64.0
41.8,1625449482.0,64.0
39.07,1625449482.0,64.0
36.18,1625449482.0,64.0
33.11,1625449482.0,64.0
29.77,1625449482.0,64.0
26.07,1625449482.0,64.0
22.02,1625449482.0,64.0
17.72,1625449482.0,64.0
13.29,1625449482.0,64.0
8.84,1625449482.0,64.0
4.4,1625449482.0,64.0
-0.09,1625449482.0,64.0
-4.74,1625449482.0,64.0
-9.65,1625449482.0,64.0
-14.85,1625449482.0,64.0
-20.37,1625449482.0,64.0
-26.21,1625449482.0,64.0
-32.4,1625449482.0,64.0
-38.99,1625449482.0,64.0
-45.97,1625449482.0,64.0
-53.19,1625449482.0,64.0
-60.2,1625449482.0,64.0
-66.29,1625449482.0,64.0
-70.56,1625449482.0,64.0
-72.16,1625449482.0,64.0
-70.52,1625449482.0,64.0
-65.58,1625449482.0,64.0
-57.78,1625449482.0,64.0
-47.92,1625449482.0,64.0
-36.9,1625449482.0,64.0
-25.48,1625449482.0,64.0
-14.19,1625449482.0,64.0
-3.38,1625449482.0,64.0
6.68,1625449482.0,64.0
15.66,1625449482.0,64.0
23.24,1625449482.0,64.0
29.21,1625449482.0,64.0
33.57,1625449482.0,64.0
36.65,1625449482.0,64.0
38.97,1625449482.0,64.0
41.03,1625449482.0,64.0
43.14,1625449482.0,64.0
45.29,1625449482.0,64.0
47.2,1625449482.0,64.0
48.49,1625449482.0,64.0
48.83,1625449482.0,64.0
48.1,1625449482.0,64.0
46.38,1625449482.0,64.0
43.89,1625449482.0,64.0
40.85,1625449482.0,64.0
37.47,1625449482.0,64.0
33.86,1625449482.0,64.0
30.1,1625449482.0,64.0
26.24,1625449482.0,64.0
22.33,1625449482.0,64.0
18.41,1625449482.0,64.0
14.5,1625449482.0,64.0
10.57,1625449482.0,64.0
6.58,1625449482.0,64.0
2.52,1625449482.0,64.0
-1.62,1625449482.0,64.0
-5.82,1625449482.0,64.0
-10.11,1625449482.0,64.0
-14.57,1625449482.0,64.0
-19.32,1625449482.0,64.0
-24.5,1625449482.0,64.0
-30.22,1625449482.0,64.0
-36.54,1625449482.0,64.0
-43.44,1625449482.0,64.0
-50.7,1625449482.0,64.0
-57.86,1625449482.0,64.0
-64.19,1625449482.0,64.0
-68.73,1625449482.0,64.0
-70.55,1625449482.0,64.0
-69.06,1625449482.0,64.0
-64.24,1625449482.0,64.0
-56.63,1625449482.0,64.0
-47.13,1625449482.0,64.0
-36.7,1625449482.0,64.0
-26.02,1625449482.0,64.0
-15.43,1625449482.0,64.0
-5.14,1625449482.0,64.0
4.67,1625449482.0,64.0
13.6,1625449482.0,64.0
21.15,1625449482.0,64.0
26.94,1625449482.0,64.0
30.89,1625449482.0,64.0
33.34,1625449482.0,64.0
34.94,1625449482.0,64.0
36.37,1625449482.0,64.0
38.08,1625449482.0,64.0
40.17,1625449482.0,64.0
42.35,1625449482.0,64.0
44.16,1625449482.0,64.0
45.19,1625449482.0,64.0
45.19,1625449482.0,64.0
44.18,1625449482.0,64.0
42.36,1625449482.0,64.0
39.96,1625449482.0,64.0
37.15,1625449482.0,64.0
34.05,1625449482.0,64.0
30.71,1625449482.0,64.0
27.2,1625449482.0,64.0
23.62,1625449482.0,64.0
20.03,1625449482.0,64.0
16.46,1625449482.0,64.0
12.87,1625449482.0,64.0
9.17,1625449482.0,64.0
5.27,1625449482.0,64.0
1.14,1625449482.0,64.0
-3.18,1625449482.0,64.0
-7.6,1625449482.0,64.0
-12.03,1625449482.0,64.0
-16.44,1625449482.0,64.0
-20.88,1625449482.0,64.0
-25.54,1625449482.0,64.0
-30.7,1625449482.0,64.0
-36.55,1625449482.0,64.0
-43.1,1625449482.0,64.0
-49.98,1625449482.0,64.0
-56.43,1625449482.0,64.0
-61.49,1625449482.0,64.0
-64.19,1625449482.0,64.0
-63.9,1625449482.0,64.0
-60.47,1625449482.0,64.0
-54.28,1625449482.0,64.0
-46.04,1625449482.0,64.0
-36.54,1625449482.0,64.0
-26.53,1625449482.0,64.0
-16.49,1625449482.0,64.0
-6.85,1625449482.0,64.0
2.06,1625449482.0,64.0
9.88,1625449482.0,64.0
16.24,1625449482.0,64.0
20.96,1625449482.0,64.0
24.1,1625449482.0,64.0
26.01,1625449482.0,64.0
27.27,1625449482.0,64.0
28.49,1625449482.0,64.0
30.02,1625449482.0,64.0
31.93,1625449482.0,64.0
33.97,1625449482.0,64.0
35.75,1625449482.0,64.0
36.93,1625449482.0,64.0
37.32,1625449482.0,64.0
36.91,1625449482.0,64.0
35.78,1625449482.0,64.0
34.04,1625449482.0,64.0
31.77,1625449482.0,64.0
29.02,1625449482.0,64.0
25.91,1625449482.0,64.0
22.53,1625449482.0,64.0
19.02,1625449482.0,64.0
15.44,1625449482.0,64.0
11.83,1625449482.0,64.0
8.19,1625449482.0,64.0
4.53,1625449482.0,64.0
0.85,1625449482.0,64.0
-2.83,1625449482.0,64.0
-6.52,1625449482.0,64.0
-10.31,1625449482.0,64.0
-14.29,1625449482.0,64.0
-18.6,1625449482.0,64.0
-23.31,1625449482.0,64.0
-28.48,1625449482.0,64.0
-34.1,1625449482.0,64.0
-40.05,1625449482.0,64.0
-45.99,1625449482.0,64.0
-51.37,1625449482.0,64.0
-55.43,1625449482.0,64.0
-57.37,1625449482.0,64.0
-56.57,1625449482.0,64.0
-52.86,1625449482.0,64.0
-46.53,1625449482.0,64.0
-38.23,1625449482.0,64.0
-28.78,1625449482.0,64.0
-18.95,1625449482.0,64.0
-9.38,1625449482.0,64.0
-0.61,1625449482.0,64.0
6.91,1625449482.0,64.0
12.82,1625449482.0,64.0
16.95,1625449482.0,64.0
19.42,1625449482.0,64.0
20.65,1625449482.0,64.0
21.28,1625449482.0,64.0
22.0,1625449482.0,64.0
23.29,1625449482.0,64.0
25.26,1625449482.0,64.0
27.63,1625449482.0,64.0
29.9,1625449482.0,64.0
31.51,1625449482.0,64.0
32.12,1625449482.0,64.0
31.68,1625449482.0,64.0
30.43,1625449482.0,64.0
28.74,1625449482.0,64.0
26.92,1625449482.0,64.0
25.02,1625449482.0,64.0
22.91,1625449482.0,64.0
20.3,1625449482.0,64.0
16.98,1625449482.0,64.0
12.99,1625449482.0,64.0
8.57,1625449482.0,64.0
4.11,1625449482.0,64.0
-0.12,1625449482.0,64.0
-4.06,1625449482.0,64.0
-7.85,1625449482.0,64.0
-11.77,1625449482.0,64.0
-16.07,1625449482.0,64.0
-20.91,1625449482.0,64.0
-26.33,1625449482.0,64.0
-32.32,1625449482.0,64.0
-38.77,1625449482.0,64.0
-45.42,1625449482.0,64.0
-51.72,1625449482.0,64.0
-56.86,1625449482.0,64.0
-59.88,1625449482.0,64.0
-59.99,1625449482.0,64.0
-56.81,1625449482.0,64.0
-50.59,1625449482.0,64.0
-42.09,1625449482.0,64.0
-32.29,1625449482.0,64.0
-22.17,1625449482.0,64.0
-12.4,1625449482.0,64.0
-3.45,1625449482.0,64.0
4.43,1625449482.0,64.0
11.0,1625449482.0,64.0
16.06,1625449482.0,64.0
19.64,1625449482.0,64.0
21.94,1625449482.0,64.0
23.52,1625449482.0,64.0
24.98,1625449482.0,64.0
26.81,1625449482.0,64.0
29.14,1625449482.0,64.0
31.67,1625449482.0,64.0
33.91,1625449482.0,64.0
35.36,1625449482.0,64.0
35.81,1625449482.0,64.0
35.31,1625449482.0,64.0
34.14,1625449482.0,64.0
32.55,1625449482.0,64.0
30.65,1625449482.0,64.0
28.32,1625449482.0,64.0
25.37,1625449482.0,64.0
21.69,1625449482.0,64.0
17.33,1625449482.0,64.0
12.54,1625449482.0,64.0
7.69,1625449482.0,64.0
3.08,1625449482.0,64.0
-1.12,1625449482.0,64.0
-4.94,1625449482.0,64.0
-8.63,1625449482.0,64.0
-12.53,1625449482.0,64.0
-17.07,1625449482.0,64.0
-22.54,1625449482.0,64.0
-29.07,1625449482.0,64.0
-36.46,1625449482.0,64.0
-44.14,1625449482.0,64.0
-51.21,1625449482.0,64.0
-56.63,1625449482.0,64.0
-59.44,1625449482.0,64.0
-59.03,1625449482.0,64.0
-55.34,1625449482.0,64.0
-48.78,1625449482.0,64.0
-40.18,1625449482.0,64.0
-30.42,1625449482.0,64.0
-20.25,1625449482.0,64.0
-10.23,1625449482.0,64.0
-0.76,1625449482.0,64.0
7.83,1625449482.0,64.0
15.15,1625449482.0,64.0
20.83,1625449482.0,64.0
24.69,1625449482.0,64.0
26.82,1625449482.0,64.0
27.69,1625449482.0,64.0
27.98,1625449482.0,64.0
28.32,1625449482.0,64.0
29.08,1625449482.0,64.0
30.22,1625449482.0,64.0
31.39,1625449482.0,64.0
32.1,1625449482.0,64.0
32.0,1625449482.0,64.0
30.91,1625449482.0,64.0
28.92,1625449482.0,64.0
26.23,1625449482.0,64.0
23.03,1625449482.0,64.0
19.48,1625449482.0,64.0
15.6,1625449482.0,64.0
11.39,1625449482.0,64.0
6.89,1625449482.0,64.0
2.21,1625449482.0,64.0
-2.52,1625449482.0,64.0
-7.17,1625449482.0,64.0
-11.72,1625449482.0,64.0
-16.2,1625449482.0,64.0
-20.74,1625449482.0,64.0
-25.51,1625449482.0,64.0
-30.73,1625449482.0,64.0
-36.6,1625449482.0,64.0
-43.3,1625449482.0,64.0
-50.81,1625449482.0,64.0
-58.79,1625449482.0,64.0
-66.52,1625449482.0,64.0
-72.95,1625449482.0,64.0
-76.98,1625449482.0,64.0
-77.82,1625449482.0,64.0
-75.16,1625449482.0,64.0
-69.31,1625449482.0,64.0
-61.02,1625449482.0,64.0
-51.34,1625449482.0,64.0
-41.45,1625449482.0,64.0
-32.5,1625449482.0,64.0
-25.49,1625449482.0,64.0
-21.0,1625449482.0,64.0
-18.95,1625449482.0,64.0
-18.5,1625449482.0,64.0
-18.33,1625449482.0,64.0
-16.98,1625449482.0,64.0
-13.4,1625449482.0,64.0
-7.22,1625449482.0,64.0
1.23,1625449482.0,64.0
11.16,1625449482.0,64.0
21.67,1625449482.0,64.0
31.95,1625449482.0,64.0
41.35,1625449482.0,64.0
49.35,1625449482.0,64.0
55.6,1625449482.0,64.0
59.98,1625449482.0,64.0
62.65,1625449482.0,64.0
64.08,1625449482.0,64.0
64.8,1625449482.0,64.0
65.28,1625449482.0,64.0
65.7,1625449482.0,64.0
66.0,1625449482.0,64.0
65.97,1625449482.0,64.0
65.35,1625449482.0,64.0
64.04,1625449482.0,64.0
62.01,1625449482.0,64.0
59.37,1625449482.0,64.0
56.24,1625449482.0,64.0
52.69,1625449482.0,64.0
48.76,1625449482.0,64.0
44.4,1625449482.0,64.0
39.49,1625449482.0,64.0
33.94,1625449482.0,64.0
27.75,1625449482.0,64.0
21.09,1625449482.0,64.0
14.26,1625449482.0,64.0
7.64,1625449482.0,64.0
1.51,1625449482.0,64.0
-4.08,1625449482.0,64.0
-9.37,1625449482.0,64.0
-14.81,1625449482.0,64.0
-20.91,1625449482.0,64.0
-28.02,1625449482.0,64.0
-36.19,1625449482.0,64.0
-45.03,1625449482.0,64.0
-53.77,1625449482.0,64.0
-61.37,1625449482.0,64.0
-66.71,1625449482.0,64.0
-68.93,1625449482.0,64.0
-67.59,1625449482.0,64.0
-62.8,1625449482.0,64.0
-55.09,1625449482.0,64.0
-45.26,1625449482.0,64.0
-34.06,1625449482.0,64.0
-22.05,1625449482.0,64.0
-9.56,1625449482.0,64.0
3.07,1625449482.0,64.0
15.41,1625449482.0,64.0
26.78,1625449482.0,64.0
36.47,1625449482.0,64.0
43.95,1625449482.0,64.0
49.1,1625449482.0,64.0
52.29,1625449482.0,64.0
54.24,1625449482.0,64.0
55.67,1625449482.0,64.0
57.04,1625449482.0,64.0
58.4,1625449482.0,64.0
59.45,1625449482.0,64.0
59.74,1625449482.0,64.0
58.97,1625449482.0,64.0
57.06,1625449482.0,64.0
54.26,1625449482.0,64.0
50.92,1625449482.0,64.0
47.38,1625449482.0,64.0
43.83,1625449482.0,64.0
40.31,1625449482.0,64.0
36.7,1625449482.0,64.0
32.9,1625449482.0,64.0
28.85,1625449482.0,64.0
24.59,1625449482.0,64.0
20.25,1625449482.0,64.0
15.97,1625449482.0,64.0
11.79,1625449482.0,64.0
7.67,1625449482.0,64.0
3.4,1625449482.0,64.0
-1.27,1625449482.0,64.0
-6.58,1625449482.0,64.0
-12.65,1625449482.0,64.0
-19.49,1625449482.0,64.0
-26.98,1625449482.0,64.0
-34.97,1625449482.0,64.0
-43.18,1625449482.0,64.0
-51.23,1625449482.0,64.0
-58.5,1625449482.0,64.0
-64.23,1625449482.0,64.0
-67.55,1625449482.0,64.0
-67.79,1625449482.0,64.0
-64.67,1625449482.0,64.0
-58.38,1625449482.0,64.0
-49.59,1625449482.0,64.0
-39.14,1625449482.0,64.0
-27.85,1625449482.0,64.0
-16.36,1625449482.0,64.0
-5.01,1625449482.0,64.0
5.93,1625449482.0,64.0
16.22,1625449482.0,64.0
25.48,1625449482.0,64.0
33.32,1625449482.0,64.0
39.41,1625449482.0,64.0
43.69,1625449482.0,64.0
46.45,1625449482.0,64.0
48.26,1625449482.0,64.0
49.74,1625449482.0,64.0
51.38,1625449482.0,64.0
53.25,1625449482.0,64.0
55.1,1625449482.0,64.0
56.51,1625449482.0,64.0
57.12,1625449482.0,64.0
56.83,1625449482.0,64.0
55.74,1625449482.0,64.0
54.06,1625449482.0,64.0
51.89,1625449482.0,64.0
49.21,1625449482.0,64.0
45.94,1625449482.0,64.0
42.1,1625449482.0,64.0
37.9,1625449482.0,64.0
33.68,1625449482.0,64.0
29.76,1625449482.0,64.0
26.27,1625449482.0,64.0
23.07,1625449482.0,64.0
19.85,1625449482.0,64.0
16.3,1625449482.0,64.0
12.26,1625449482.0,64.0
7.83,1625449482.0,64.0
3.23,1625449482.0,64.0
-1.34,1625449482.0,64.0
-5.77,1625449482.0,64.0
-10.21,1625449482.0,64.0
-14.87,1625449482.0,64.0
-20.04,1625449482.0,64.0
-25.91,1625449482.0,64.0
-32.56,1625449482.0,64.0
-39.89,1625449482.0,64.0
-47.59,1625449482.0,64.0
-55.09,1625449482.0,64.0
-61.56,1625449482.0,64.0
-66.02,1625449482.0,64.0
-67.61,1625449482.0,64.0
-65.76,1625449482.0,64.0
-60.48,1625449482.0,64.0
-52.3,1625449482.0,64.0
-42.17,1625449482.0,64.0
-31.11,1625449482.0,64.0
-19.92,1625449482.0,64.0
-9.16,1625449482.0,64.0
0.91,1625449482.0,64.0
10.07,1625449482.0,64.0
18.03,1625449482.0,64.0
24.46,1625449482.0,64.0
29.07,1625449482.0,64.0
31.89,1625449482.0,64.0
33.25,1625449482.0,64.0
33.8,1625449482.0,64.0
34.21,1625449482.0,64.0
34.92,1625449482.0,64.0
36.05,1625449482.0,64.0
37.36,1625449482.0,64.0
38.5,1625449482.0,64.0
39.18,1625449482.0,64.0
39.29,1625449482.0,64.0
38.89,1625449482.0,64.0
38.1,1625449482.0,64.0
36.97,1625449482.0,64.0
35.47,1625449482.0,64.0
33.53,1625449482.0,64.0
31.12,1625449482.0,64.0
28.3,1625449482.0,64.0
25.25,1625449482.0,64.0
22.15,1625449482.0,64.0
19.09,1625449482.0,64.0
16.0,1625449482.0,64.0
12.71,1625449482.0,64.0
9.05,1625449482.0,64.0
4.96,1625449482.0,64.0
0.59,1625449482.0,64.0
-3.76,1625449482.0,64.0
-7.78,1625449482.0,64.0
-11.34,1625449482.0,64.0
-14.54,1625449482.0,64.0
-17.74,1625449482.0,64.0
-21.37,1625449482.0,64.0
-25.76,1625449482.0,64.0
-31.0,1625449482.0,64.0
-36.89,1625449482.0,64.0
-43.07,1625449482.0,64.0
-49.02,1625449482.0,64.0
-54.24,1625449482.0,64.0
-58.23,1625449482.0,64.0
-60.55,1625449482.0,64.0
-60.8,1625449482.0,64.0
-58.73,1625449482.0,64.0
-54.26,1625449482.0,64.0
-47.53,1625449482.0,64.0
-38.89,1625449482.0,64.0
-28.84,1625449482.0,64.0
-18.0,1625449482.0,64.0
-7.12,1625449482.0,64.0
2.93,1625449482.0,64.0
11.31,1625449482.0,64.0
17.39,1625449482.0,64.0
21.06,1625449482.0,64.0
22.85,1625449482.0,64.0
23.8,1625449482.0,64.0
25.03,1625449482.0,64.0
27.23,1625449482.0,64.0
30.27,1625449482.0,64.0
33.28,1625449482.0,64.0
35.04,1625449482.0,64.0
34.68,1625449482.0,64.0
32.08,1625449482.0,64.0
27.85,1625449482.0,64.0
22.96,1625449482.0,64.0
18.17,1625449482.0,64.0
13.7,1625449482.0,64.0
9.33,1625449482.0,64.0
4.64,1625449482.0,64.0
-0.79,1625449482.0,64.0
-7.73,1625449482.0,64.0
-17.24,1625449482.0,64.0
-30.37,1625449482.0,64.0
-47.06,1625449482.0,64.0
-64.88,1625449482.0,64.0
-78.73,1625449482.0,64.0
-82.44,1625449482.0,64.0
-71.49,1625449482.0,64.0
-45.81,1625449482.0,64.0
-10.6,1625449482.0,64.0
25.37,1625449482.0,64.0
53.16,1625449482.0,64.0
66.89,1625449482.0,64.0
65.06,1625449482.0,64.0
49.68,1625449482.0,64.0
24.22,1625449482.0,64.0
-8.15,1625449482.0,64.0
-45.08,1625449482.0,64.0
-84.47,1625449482.0,64.0
-123.63,1625449482.0,64.0
-158.9,1625449482.0,64.0
-186.15,1625449482.0,64.0
-201.74,1625449482.0,64.0
-203.15,1625449482.0,64.0
-189.54,1625449482.0,64.0
-161.72,1625449482.0,64.0
-121.61,1625449482.0,64.0
-71.65,1625449482.0,64.0
-14.08,1625449482.0,64.0
48.93,1625449482.0,64.0
114.79,1625449482.0,64.0
179.58,1625449482.0,64.0
237.7,1625449482.0,64.0
282.87,1625449482.0,64.0
310.07,1625449482.0,64.0
317.5,1625449482.0,64.0
307.39,1625449482.0,64.0
284.87,1625449482.0,64.0
255.71,1625449482.0,64.0
224.18,1625449482.0,64.0
192.23,1625449482.0,64.0
160.21,1625449482.0,64.0
128.11,1625449482.0,64.0
96.26,1625449482.0,64.0
65.05,1625449482.0,64.0
34.23,1625449482.0,64.0
2.3,1625449482.0,64.0
-33.38,1625449482.0,64.0
-75.37,1625449482.0,64.0
-124.86,1625449482.0,64.0
-180.4,1625449482.0,64.0
-237.27,1625449482.0,64.0
-287.78,1625449482.0,64.0
-322.88,1625449482.0,64.0
-334.82,1625449482.0,64.0
-320.05,1625449482.0,64.0
-281.28,1625449482.0,64.0
-227.2,1625449482.0,64.0
-169.83,1625449482.0,64.0
-120.56,1625449482.0,64.0
-86.59,1625449482.0,64.0
-69.56,1625449482.0,64.0
-66.61,1625449482.0,64.0
-72.9,1625449482.0,64.0
-84.0,1625449482.0,64.0
-96.88,1625449482.0,64.0
-109.46,1625449482.0,64.0
-119.7,1625449482.0,64.0
-125.08,1625449482.0,64.0
-123.28,1625449482.0,64.0
-113.33,1625449482.0,64.0
-96.36,1625449482.0,64.0
-75.5,1625449482.0,64.0
-54.66,1625449482.0,64.0
-36.96,1625449482.0,64.0
-23.69,1625449482.0,64.0
-14.38,1625449482.0,64.0
-7.57,1625449482.0,64.0
-1.78,1625449482.0,64.0
3.77,1625449482.0,64.0
9.21,1625449482.0,64.0
14.34,1625449482.0,64.0
19.09,1625449482.0,64.0
23.68,1625449482.0,64.0
28.42,1625449482.0,64.0
33.41,1625449482.0,64.0
38.45,1625449482.0,64.0
43.07,1625449482.0,64.0
46.79,1625449482.0,64.0
49.22,1625449482.0,64.0
50.04,1625449482.0,64.0
48.95,1625449482.0,64.0
45.68,1625449482.0,64.0
40.21,1625449482.0,64.0
32.98,1625449482.0,64.0
24.84,1625449482.0,64.0
16.83,1625449482.0,64.0
9.7,1625449482.0,64.0
3.75,1625449482.0,64.0
-1.23,1625449482.0,64.0
-5.5,1625449482.0,64.0
-9.11,1625449482.0,64.0
-11.72,1625449482.0,64.0
-12.93,1625449482.0,64.0
-12.54,1625449482.0,64.0
-10.86,1625449482.0,64.0
-8.7,1625449482.0,64.0
-7.08,1625449482.0,64.0
-6.89,1625449482.0,64.0
-8.66,1625449482.0,64.0
-12.44,1625449482.0,64.0
-17.98,1625449482.0,64.0
-24.8,1625449482.0,64.0
-32.21,1625449482.0,64.0
-39.32,1625449482.0,64.0
-45.02,1625449482.0,64.0
-48.16,1625449482.0,64.0
-47.87,1625449482.0,64.0
-43.86,1625449482.0,64.0
-36.61,1625449482.0,64.0
-27.23,1625449482.0,64.0
-17.15,1625449482.0,64.0
-7.6,1625449482.0,64.0
0.64,1625449482.0,64.0
7.27,1625449482.0,64.0
12.28,1625449482.0,64.0
15.73,1625449482.0,64.0
17.66,1625449482.0,64.0
18.2,1625449482.0,64.0
17.64,1625449482.0,64.0
16.48,1625449482.0,64.0
15.32,1625449482.0,64.0
14.61,1625449482.0,64.0
14.47,1625449482.0,64.0
14.69,1625449482.0,64.0
14.88,1625449482.0,64.0
14.64,1625449482.0,64.0
13.71,1625449482.0,64.0
11.96,1625449482.0,64.0
9.37,1625449482.0,64.0
6.08,1625449482.0,64.0
2.5,1625449482.0,64.0
-0.67,1625449482.0,64.0
-2.54,1625449482.0,64.0
-2.32,1625449482.0,64.0
0.28,1625449482.0,64.0
4.85,1625449482.0,64.0
10.34,1625449482.0,64.0
15.45,1625449482.0,64.0
19.07,1625449482.0,64.0
20.61,1625449482.0,64.0
20.08,1625449482.0,64.0
17.9,1625449482.0,64.0
14.52,1625449482.0,64.0
10.27,1625449482.0,64.0
5.3,1625449482.0,64.0
-0.25,1625449482.0,64.0
-6.04,1625449482.0,64.0
-11.47,1625449482.0,64.0
-15.78,1625449482.0,64.0
-18.25,1625449482.0,64.0
-18.43,1625449482.0,64.0
-16.31,1625449482.0,64.0
-12.28,1625449482.0,64.0
-6.99,1625449482.0,64.0
-1.18,1625449482.0,64.0
4.54,1625449482.0,64.0
9.77,1625449482.0,64.0
14.3,1625449482.0,64.0
18.1,1625449482.0,64.0
21.15,1625449482.0,64.0
23.45,1625449482.0,64.0
24.95,1625449482.0,64.0
25.66,1625449482.0,64.0
25.71,1625449482.0,64.0
25.37,1625449482.0,64.0
25.02,1625449482.0,64.0
24.99,1625449482.0,64.0
25.45,1625449482.0,64.0
26.26,1625449482.0,64.0
27.1,1625449482.0,64.0
27.61,1625449482.0,64.0
27.61,1625449482.0,64.0
27.17,1625449482.0,64.0
26.51,1625449482.0,64.0
25.77,1625449482.0,64.0
24.9,1625449482.0,64.0
23.66,1625449482.0,64.0
21.78,1625449482.0,64.0
19.25,1625449482.0,64.0
16.31,1625449482.0,64.0
13.36,1625449482.0,64.0
10.71,1625449482.0,64.0
8.45,1625449482.0,64.0
6.46,1625449482.0,64.0
4.48,1625449482.0,64.0
2.38,1625449482.0,64.0
0.03,1625449482.0,64.0
-2.62,1625449482.0,64.0
-5.67,1625449482.0,64.0
-9.1,1625449482.0,64.0
-12.68,1625449482.0,64.0
-15.85,1625449482.0,64.0
-17.77,1625449482.0,64.0
-17.74,1625449482.0,64.0
-15.53,1625449482.0,64.0
-11.54,1625449482.0,64.0
-6.67,1625449482.0,64.0
-1.87,1625449482.0,64.0
2.28,1625449482.0,64.0
5.74,1625449482.0,64.0
8.82,1625449482.0,64.0
11.87,1625449482.0,64.0
14.97,1625449482.0,64.0
17.91,1625449482.0,64.0
20.32,1625449482.0,64.0
21.97,1625449482.0,64.0
22.86,1625449482.0,64.0
23.27,1625449482.0,64.0
23.58,1625449482.0,64.0
24.06,1625449482.0,64.0
24.83,1625449482.0,64.0
25.74,1625449482.0,64.0
26.57,1625449482.0,64.0
27.04,1625449482.0,64.0
26.94,1625449482.0,64.0
26.17,1625449482.0,64.0
24.74,1625449482.0,64.0
22.8,1625449482.0,64.0
20.51,1625449482.0,64.0
18.06,1625449482.0,64.0
15.59,1625449482.0,64.0
13.22,1625449482.0,64.0
11.04,1625449482.0,64.0
9.13,1625449482.0,64.0
7.52,1625449482.0,64.0
6.11,1625449482.0,64.0
4.73,1625449482.0,64.0
3.11,1625449482.0,64.0
0.98,1625449482.0,64.0
-1.87,1625449482.0,64.0
-5.51,1625449482.0,64.0
-9.8,1625449482.0,64.0
-14.4,1625449482.0,64.0
-18.8,1625449482.0,64.0
-22.43,1625449482.0,64.0
-24.72,1625449482.0,64.0
-25.27,1625449482.0,64.0
-23.97,1625449482.0,64.0
-20.99,1625449482.0,64.0
-16.7,1625449482.0,64.0
-11.54,1625449482.0,64.0
-5.84,1625449482.0,64.0
0.2,1625449482.0,64.0
6.42,1625449482.0,64.0
12.53,1625449482.0,64.0
18.06,1625449482.0,64.0
22.45,1625449482.0,64.0
25.25,1625449482.0,64.0
26.34,1625449482.0,64.0
26.06,1625449482.0,64.0
25.07,1625449482.0,64.0
24.13,1625449482.0,64.0
23.76,1625449482.0,64.0
24.06,1625449482.0,64.0
24.75,1625449482.0,64.0
25.35,1625449482.0,64.0
25.48,1625449482.0,64.0
25.05,1625449482.0,64.0
24.19,1625449482.0,64.0
23.14,1625449482.0,64.0
22.02,1625449482.0,64.0
20.72,1625449482.0,64.0
19.03,1625449482.0,64.0
16.76,1625449482.0,64.0
13.89,1625449482.0,64.0
10.63,1625449482.0,64.0
7.34,1625449482.0,64.0
4.33,1625449482.0,64.0
1.76,1625449482.0,64.0
-0.46,1625449482.0,64.0
-2.63,1625449482.0,64.0
-5.06,1625449482.0,64.0
-8.0,1625449482.0,64.0
-11.5,1625449482.0,64.0
-15.36,1625449482.0,64.0
-19.15,1625449482.0,64.0
-22.22,1625449482.0,64.0
-23.98,1625449482.0,64.0
-24.01,1625449482.0,64.0
-22.2,1625449482.0,64.0
-18.78,1625449482.0,64.0
-14.2,1625449482.0,64.0
-8.99,1625449482.0,64.0
-3.58,1625449482.0,64.0
1.69,1625449482.0,64.0
6.59,1625449482.0,64.0
10.9,1625449482.0,64.0
14.4,1625449482.0,64.0
16.91,1625449482.0,64.0
18.34,1625449482.0,64.0
18.83,1625449482.0,64.0
18.66,1625449482.0,64.0
18.26,1625449482.0,64.0
17.95,1625449482.0,64.0
17.94,1625449482.0,64.0
18.25,1625449482.0,64.0
18.74,1625449482.0,64.0
19.18,1625449482.0,64.0
19.39,1625449482.0,64.0
19.3,1625449482.0,64.0
18.89,1625449482.0,64.0
18.24,1625449482.0,64.0
17.4,1625449482.0,64.0
16.35,1625449482.0,64.0
15.04,1625449482.0,64.0
13.43,1625449482.0,64.0
11.59,1625449482.0,64.0
9.65,1625449482.0,64.0
7.79,1625449482.0,64.0
6.08,1625449482.0,64.0
4.48,1625449482.0,64.0
2.8,1625449482.0,64.0
0.84,1625449482.0,64.0
-1.58,1625449482.0,64.0
-4.51,1625449482.0,64.0
-7.87,1625449482.0,64.0
-11.52,1625449482.0,64.0
-15.19,1625449482.0,64.0
-18.49,1625449482.0,64.0
-20.92,1625449482.0,64.0
-21.95,1625449482.0,64.0
-21.14,1625449482.0,64.0
-18.36,1625449482.0,64.0
-13.95,1625449482.0,64.0
-8.56,1625449482.0,64.0
-3.06,1625449482.0,64.0
1.78,1625449482.0,64.0
5.5,1625449482.0,64.0
7.98,1625449482.0,64.0
9.41,1625449482.0,64.0
10.09,1625449482.0,64.0
10.35,1625449482.0,64.0
10.41,1625449482.0,64.0
10.44,1625449482.0,64.0
10.58,1625449482.0,64.0
10.93,1625449482.0,64.0
11.58,1625449482.0,64.0
12.49,1625449482.0,64.0
13.55,1625449482.0,64.0
14.57,1625449482.0,64.0
15.32,1625449482.0,64.0
15.64,1625449482.0,64.0
15.45,1625449482.0,64.0
14.77,1625449482.0,64.0
13.7,1625449482.0,64.0
12.32,1625449482.0,64.0
10.71,1625449482.0,64.0
8.97,1625449482.0,64.0
7.14,1625449482.0,64.0
5.28,1625449482.0,64.0
3.49,1625449482.0,64.0
1.85,1625449482.0,64.0
0.45,1625449482.0,64.0
-0.73,1625449482.0,64.0
-1.82,1625449482.0,64.0
-3.05,1625449482.0,64.0
-4.66,1625449482.0,64.0
-6.82,1625449482.0,64.0
-9.55,1625449482.0,64.0
-12.77,1625449482.0,64.0
-16.34,1625449482.0,64.0
-20.04,1625449482.0,64.0
-23.6,1625449482.0,64.0
-26.68,1625449482.0,64.0
-28.87,1625449482.0,64.0
-29.74,1625449482.0,64.0
-29.01,1625449482.0,64.0
-26.64,1625449482.0,64.0
-22.9,1625449482.0,64.0
-18.21,1625449482.0,64.0
-13.03,1625449482.0,64.0
-7.67,1625449482.0,64.0
-2.31,1625449482.0,64.0
2.95,1625449482.0,64.0
7.89,1625449482.0,64.0
12.18,1625449482.0,64.0
15.45,1625449482.0,64.0
17.45,1625449482.0,64.0
18.24,1625449482.0,64.0
18.21,1625449482.0,64.0
17.91,1625449482.0,64.0
17.85,1625449482.0,64.0
18.31,1625449482.0,64.0
19.22,1625449482.0,64.0
20.26,1625449482.0,64.0
21.04,1625449482.0,64.0
21.34,1625449482.0,64.0
21.12,1625449482.0,64.0
20.5,1625449482.0,64.0
19.63,1625449482.0,64.0
18.61,1625449482.0,64.0
17.43,1625449482.0,64.0
16.08,1625449482.0,64.0
14.53,1625449482.0,64.0
12.83,1625449482.0,64.0
11.06,1625449482.0,64.0
9.28,1625449482.0,64.0
7.54,1625449482.0,64.0
5.8,1625449482.0,64.0
4.02,1625449482.0,64.0
2.21,1625449482.0,64.0
0.4,1625449482.0,64.0
-1.41,1625449482.0,64.0
-3.25,1625449482.0,64.0
-5.2,1625449482.0,64.0
-7.42,1625449482.0,64.0
-10.04,1625449482.0,64.0
-13.06,1625449482.0,64.0
-16.44,1625449482.0,64.0
-20.0,1625449482.0,64.0
-23.51,1625449482.0,64.0
-26.64,1625449482.0,64.0
-29.0,1625449482.0,64.0
-30.18,1625449482.0,64.0
-29.85,1625449482.0,64.0
-27.84,1625449482.0,64.0
-24.27,1625449482.0,64.0
-19.54,1625449482.0,64.0
-14.19,1625449482.0,64.0
-8.74,1625449482.0,64.0
-3.58,1625449482.0,64.0
1.15,1625449482.0,64.0
5.39,1625449482.0,64.0
9.09,1625449482.0,64.0
12.17,1625449482.0,64.0
14.48,1625449482.0,64.0
15.98,1625449482.0,64.0
16.73,1625449482.0,64.0
16.99,1625449482.0,64.0
17.1,1625449482.0,64.0
17.34,1625449482.0,64.0
17.85,1625449482.0,64.0
18.55,1625449482.0,64.0
19.27,1625449482.0,64.0
19.77,1625449482.0,64.0
19.91,1625449482.0,64.0
19.64,1625449482.0,64.0
19.05,1625449482.0,64.0
18.27,1625449482.0,64.0
17.4,1625449482.0,64.0
16.47,1625449482.0,64.0
15.42,1625449482.0,64.0
14.19,1625449482.0,64.0
12.71,1625449482.0,64.0
11.02,1625449482.0,64.0
9.25,1625449482.0,64.0
7.51,1625449482.0,64.0
5.85,1625449482.0,64.0
4.27,1625449482.0,64.0
2.67,1625449482.0,64.0
0.95,1625449482.0,64.0
-0.95,1625449482.0,64.0
-3.01,1625449482.0,64.0
-5.14,1625449482.0,64.0
-7.29,1625449482.0,64.0
-9.46,1625449482.0,64.0
-11.74,1625449482.0,64.0
-14.26,1625449482.0,64.0
-17.12,1625449482.0,64.0
-20.27,1625449482.0,64.0
-23.43,1625449482.0,64.0
-26.16,1625449482.0,64.0
-27.87,1625449482.0,64.0
-28.08,1625449482.0,64.0
-26.54,1625449482.0,64.0
-23.41,1625449482.0,64.0
-19.13,1625449482.0,64.0
-14.29,1625449482.0,64.0
-9.4,1625449482.0,64.0
-4.7,1625449482.0,64.0
-0.23,1625449482.0,64.0
4.04,1625449482.0,64.0
8.07,1625449482.0,64.0
11.65,1625449482.0,64.0
14.51,1625449482.0,64.0
16.49,1625449482.0,64.0
17.67,1625449482.0,64.0
18.31,1625449482.0,64.0
18.77,1625449482.0,64.0
19.31,1625449482.0,64.0
19.99,1625449482.0,64.0
20.68,1625449482.0,64.0
21.18,1625449482.0,64.0
21.35,1625449482.0,64.0
21.14,1625449482.0,64.0
20.6,1625449482.0,64.0
19.78,1625449482.0,64.0
18.75,1625449482.0,64.0
17.46,1625449482.0,64.0
15.9,1625449482.0,64.0
14.05,1625449482.0,64.0
11.95,1625449482.0,64.0
9.78,1625449482.0,64.0
7.71,1625449482.0,64.0
5.98,1625449482.0,64.0
4.71,1625449482.0,64.0
3.88,1625449482.0,64.0
3.27,1625449482.0,64.0
2.57,1625449482.0,64.0
1.53,1625449482.0,64.0
0.01,1625449482.0,64.0
-1.91,1625449482.0,64.0
-4.03,1625449482.0,64.0
-6.07,1625449482.0,64.0
-7.87,1625449482.0,64.0
-9.44,1625449482.0,64.0
-10.94,1625449482.0,64.0
-12.64,1625449482.0,64.0
-14.72,1625449482.0,64.0
-17.23,1625449482.0,64.0
-19.99,1625449482.0,64.0
-22.71,1625449482.0,64.0
-24.97,1625449482.0,64.0
-26.4,1625449482.0,64.0
-26.71,1625449482.0,64.0
-25.75,1625449482.0,64.0
-23.53,1625449482.0,64.0
-20.21,1625449482.0,64.0
-16.07,1625449482.0,64.0
-11.43,1625449482.0,64.0
-6.61,1625449482.0,64.0
-1.92,1625449482.0,64.0
2.37,1625449482.0,64.0
5.96,1625449482.0,64.0
8.62,1625449482.0,64.0
10.24,1625449482.0,64.0
10.94,1625449482.0,64.0
11.13,1625449482.0,64.0
11.34,1625449482.0,64.0
12.01,1625449482.0,64.0
13.26,1625449482.0,64.0
14.83,1625449482.0,64.0
16.14,1625449482.0,64.0
16.66,1625449482.0,64.0
16.19,1625449482.0,64.0
14.98,1625449482.0,64.0
13.56,1625449482.0,64.0
12.49,1625449482.0,64.0
12.01,1625449482.0,64.0
12.01,1625449482.0,64.0
12.17,1625449482.0,64.0
12.17,1625449482.0,64.0
11.84,1625449482.0,64.0
11.02,1625449482.0,64.0
9.57,1625449482.0,64.0
7.35,1625449482.0,64.0
4.39,1625449482.0,64.0
1.13,1625449482.0,64.0
-1.66,1625449482.0,64.0
-3.09,1625449482.0,64.0
-2.63,1625449482.0,64.0
-0.39,1625449482.0,64.0
2.84,1625449482.0,64.0
6.05,1625449482.0,64.0
8.37,1625449482.0,64.0
9.37,1625449482.0,64.0
9.12,1625449482.0,64.0
7.84,1625449482.0,64.0
5.69,1625449482.0,64.0
2.67,1625449482.0,64.0
-1.27,1625449482.0,64.0
-5.98,1625449482.0,64.0
-11.04,1625449482.0,64.0
-15.77,1625449482.0,64.0
-19.49,1625449482.0,64.0
-21.69,1625449482.0,64.0
-22.17,1625449482.0,64.0
-21.02,1625449482.0,64.0
-18.58,1625449482.0,64.0
-15.34,1625449482.0,64.0
-11.72,1625449482.0,64.0
-8.04,1625449482.0,64.0
-4.42,1625449482.0,64.0
-0.91,1625449482.0,64.0
2.4,1625449482.0,64.0
5.35,1625449482.0,64.0
7.7,1625449482.0,64.0
9.3,1625449482.0,64.0
10.16,1625449482.0,64.0
10.56,1625449482.0,64.0
10.88,1625449482.0,64.0
11.42,1625449482.0,64.0
12.21,1625449482.0,64.0
12.99,1625449482.0,64.0
13.28,1625449482.0,64.0
12.76,1625449482.0,64.0
11.36,1625449482.0,64.0
9.42,1625449482.0,64.0
7.44,1625449482.0,64.0
5.91,1625449482.0,64.0
5.04,1625449482.0,64.0
4.65,1625449482.0,64.0
4.33,1625449482.0,64.0
3.54,1625449482.0,64.0
1.98,1625449482.0,64.0
-0.33,1625449482.0,64.0
-3.01,1625449482.0,64.0
-5.49,1625449482.0,64.0
-7.19,1625449482.0,64.0
-7.8,1625449482.0,64.0
-7.41,1625449482.0,64.0
-6.52,1625449482.0,64.0
-5.91,1625449482.0,64.0
-6.35,1625449482.0,64.0
-8.37,1625449482.0,64.0
-11.97,1625449482.0,64.0
-16.56,1625449482.0,64.0
-21.06,1625449482.0,64.0
-24.29,1625449482.0,64.0
-25.42,1625449482.0,64.0
-24.36,1625449482.0,64.0
-21.89,1625449482.0,64.0
-19.32,1625449482.0,64.0
-17.91,1625449482.0,64.0
-18.12,1625449482.0,64.0
-19.04,1625449482.0,64.0
-18.71,1625449482.0,64.0
-14.8,1625449482.0,64.0
-5.63,1625449482.0,64.0
9.06,1625449482.0,64.0
28.06,1625449482.0,64.0
49.39,1625449482.0,64.0
70.79,1625449482.0,64.0
90.12,1625449482.0,64.0
105.48,1625449482.0,64.0
114.9,1625449482.0,64.0
116.82,1625449482.0,64.0
110.59,1625449482.0,64.0
97.11,1625449482.0,64.0
78.76,1625449482.0,64.0
58.41,1625449482.0,64.0
38.26,1625449482.0,64.0
19.11,1625449482.0,64.0
0.83,1625449482.0,64.0
-16.35,1625449482.0,64.0
-30.61,1625449482.0,64.0
-38.66,1625449482.0,64.0
-37.44,1625449482.0,64.0
-26.24,1625449482.0,64.0
-8.09,1625449482.0,64.0
10.91,1625449482.0,64.0
24.12,1625449482.0,64.0
27.22,1625449482.0,64.0
19.93,1625449482.0,64.0
5.81,1625449482.0,64.0
-9.95,1625449482.0,64.0
-22.99,1625449482.0,64.0
-31.33,1625449482.0,64.0
-35.54,1625449482.0,64.0
-37.38,1625449482.0,64.0
-38.4,1625449482.0,64.0
-39.07,1625449482.0,64.0
-38.98,1625449482.0,64.0
-37.46,1625449482.0,64.0
-34.51,1625449482.0,64.0
-31.05,1625449482.0,64.0
-28.4,1625449482.0,64.0
-27.77,1625449482.0,64.0
-29.46,1625449482.0,64.0
-32.83,1625449482.0,64.0
-36.59,1625449482.0,64.0
-39.45,1625449482.0,64.0
-40.66,1625449482.0,64.0
-40.23,1625449482.0,64.0
-38.73,1625449482.0,64.0
-36.81,1625449482.0,64.0
-34.93,1625449482.0,64.0
-33.01,1625449482.0,64.0
-30.66,1625449482.0,64.0
-27.41,1625449482.0,64.0
-22.94,1625449482.0,64.0
-17.34,1625449482.0,64.0
-11.06,1625449482.0,64.0
-4.83,1625449482.0,64.0
0.57,1625449482.0,64.0
4.5,1625449482.0,64.0
6.72,1625449482.0,64.0
7.4,1625449482.0,64.0
7.14,1625449482.0,64.0
6.67,1625449482.0,64.0
6.65,1625449482.0,64.0
7.33,1625449482.0,64.0
8.59,1625449482.0,64.0
9.99,1625449482.0,64.0
11.09,1625449482.0,64.0
11.61,1625449482.0,64.0
11.52,1625449482.0,64.0
11.05,1625449482.0,64.0
10.46,1625449482.0,64.0
9.96,1625449482.0,64.0
9.63,1625449482.0,64.0
9.45,1625449482.0,64.0
9.33,1625449482.0,64.0
9.14,1625449482.0,64.0
8.77,1625449482.0,64.0
8.12,1625449482.0,64.0
7.16,1625449482.0,64.0
5.96,1625449482.0,64.0
4.67,1625449482.0,64.0
3.51,1625449482.0,64.0
2.6,1625449482.0,64.0
1.99,1625449482.0,64.0
1.54,1625449482.0,64.0
1.02,1625449482.0,64.0
0.17,1625449482.0,64.0
-1.19,1625449482.0,64.0
-3.14,1625449482.0,64.0
-5.67,1625449482.0,64.0
-8.68,1625449482.0,64.0
-12.01,1625449482.0,64.0
-15.4,1625449482.0,64.0
-18.49,1625449482.0,64.0
-20.84,1625449482.0,64.0
-22.02,1625449482.0,64.0
-21.8,1625449482.0,64.0
-20.18,1625449482.0,64.0
-17.47,1625449482.0,64.0
-14.13,1625449482.0,64.0
-10.6,1625449482.0,64.0
-7.17,1625449482.0,64.0
-3.98,1625449482.0,64.0
-1.02,1625449482.0,64.0
1.72,1625449482.0,64.0
4.17,1625449482.0,64.0
6.19,1625449482.0,64.0
7.64,1625449482.0,64.0
8.49,1625449482.0,64.0
8.87,1625449482.0,64.0
9.06,1625449482.0,64.0
9.36,1625449482.0,64.0
10.01,1625449482.0,64.0
11.07,1625449482.0,64.0
12.37,1625449482.0,64.0
13.62,1625449482.0,64.0
14.48,1625449482.0,64.0
14.73,1625449482.0,64.0
14.28,1625449482.0,64.0
13.25,1625449482.0,64.0
11.82,1625449482.0,64.0
10.23,1625449482.0,64.0
8.68,1625449482.0,64.0
7.28,1625449482.0,64.0
6.1,1625449482.0,64.0
5.11,1625449482.0,64.0
4.25,1625449482.0,64.0
3.37,1625449482.0,64.0
2.31,1625449482.0,64.0
0.85,1625449482.0,64.0
-1.12,1625449482.0,64.0
-3.65,1625449482.0,64.0
-6.61,1625449482.0,64.0
-9.82,1625449482.0,64.0
-13.06,1625449482.0,64.0
-16.17,1625449482.0,64.0
-19.13,1625449482.0,64.0
-21.98,1625449482.0,64.0
-24.74,1625449482.0,64.0
-27.32,1625449482.0,64.0
-29.45,1625449482.0,64.0
-30.73,1625449482.0,64.0
-30.79,1625449482.0,64.0
-29.39,1625449482.0,64.0
-26.54,1625449482.0,64.0
-22.46,1625449482.0,64.0
-17.53,1625449482.0,64.0
-12.09,1625449482.0,64.0
-6.46,1625449482.0,64.0
-0.9,1625449482.0,64.0
4.32,1625449482.0,64.0
8.92,1625449482.0,64.0
12.62,1625449482.0,64.0
15.23,1625449482.0,64.0
16.75,1625449482.0,64.0
17.42,1625449482.0,64.0
17.61,1625449482.0,64.0
17.7,1625449482.0,64.0
17.95,1625449482.0,64.0
18.41,1625449482.0,64.0
18.94,1625449482.0,64.0
19.33,1625449482.0,64.0
19.42,1625449482.0,64.0
19.15,1625449482.0,64.0
18.54,1625449482.0,64.0
17.7,1625449482.0,64.0
16.65,1625449482.0,64.0
15.44,1625449482.0,64.0
14.03,1625449482.0,64.0
12.5,1625449482.0,64.0
10.94,1625449482.0,64.0
9.47,1625449482.0,64.0
8.19,1625449482.0,64.0
7.06,1625449482.0,64.0
5.91,1625449482.0,64.0
4.53,1625449482.0,64.0
2.75,1625449482.0,64.0
0.54,1625449482.0,64.0
-2.03,1625449482.0,64.0
-4.82,1625449482.0,64.0
-7.69,1625449482.0,64.0
-10.62,1625449482.0,64.0
-13.58,1625449482.0,64.0
-16.57,1625449482.0,64.0
-19.57,1625449482.0,64.0
-22.5,1625449482.0,64.0
-25.24,1625449482.0,64.0
-27.64,1625449482.0,64.0
-29.48,1625449482.0,64.0
-30.44,1625449482.0,64.0
-30.19,1625449482.0,64.0
-28.41,1625449482.0,64.0
-25.01,1625449482.0,64.0
-20.19,1625449482.0,64.0
-14.4,1625449482.0,64.0
-8.2,1625449482.0,64.0
-2.11,1625449482.0,64.0
3.57,1625449482.0,64.0
8.71,1625449482.0,64.0
13.29,1625449482.0,64.0
17.28,1625449482.0,64.0
20.51,1625449482.0,64.0
22.81,1625449482.0,64.0
24.05,1625449482.0,64.0
24.24,1625449482.0,64.0
23.59,1625449482.0,64.0
22.47,1625449482.0,64.0
21.3,1625449482.0,64.0
20.43,1625449482.0,64.0
20.09,1625449482.0,64.0
20.25,1625449482.0,64.0
20.65,1625449482.0,64.0
20.88,1625449482.0,64.0
20.44,1625449482.0,64.0
19.07,1625449482.0,64.0
16.81,1625449482.0,64.0
14.05,1625449482.0,64.0
11.4,1625449482.0,64.0
9.42,1625449482.0,64.0
8.32,1625449482.0,64.0
7.9,1625449482.0,64.0
7.55,1625449482.0,64.0
6.53,1625449482.0,64.0
4.34,1625449482.0,64.0
0.92,1625449482.0,64.0
-3.27,1625449482.0,64.0
-7.37,1625449482.0,64.0
-10.45,1625449482.0,64.0
-11.84,1625449482.0,64.0
-11.43,1625449482.0,64.0
-9.92,1625449482.0,64.0
-8.81,1625449482.0,64.0
-10.14,1625449482.0,64.0
-15.97,1625449482.0,64.0
-27.54,1625449482.0,64.0
-44.37,1625449482.0,64.0
-63.7,1625449482.0,64.0
-80.72,1625449482.0,64.0
-89.69,1625449482.0,64.0
-85.93,1625449482.0,64.0
-67.68,1625449482.0,64.0
-37.16,1625449482.0,64.0
-0.12,1625449482.0,64.0
36.03,1625449482.0,64.0
64.61,1625449482.0,64.0
81.59,1625449482.0,64.0
86.36,1625449482.0,64.0
81.33,1625449482.0,64.0
70.91,1625449482.0,64.0
60.18,1625449482.0,64.0
53.72,1625449482.0,64.0
54.51,1625449482.0,64.0
63.05,1625449482.0,64.0
77.05,1625449482.0,64.0
92.07,1625449482.0,64.0
103.12,1625449482.0,64.0
106.71,1625449482.0,64.0
102.44,1625449482.0,64.0
93.14,1625449482.0,64.0
83.68,1625449482.0,64.0
78.72,1625449482.0,64.0
80.82,1625449482.0,64.0
89.47,1625449482.0,64.0
101.31,1625449482.0,64.0
111.45,1625449482.0,64.0
114.87,1625449482.0,64.0
107.87,1625449482.0,64.0
89.23,1625449482.0,64.0
60.86,1625449482.0,64.0
27.77,1625449482.0,64.0
-3.01,1625449482.0,64.0
-24.54,1625449482.0,64.0
-32.19,1625449482.0,64.0
-25.57,1625449482.0,64.0
-9.0,1625449482.0,64.0
9.72,1625449482.0,64.0
21.85,1625449482.0,64.0
20.76,1625449482.0,64.0
4.32,1625449482.0,64.0
-24.05,1625449482.0,64.0
-56.48,1625449482.0,64.0
-83.19,1625449482.0,64.0
-95.87,1625449482.0,64.0
-90.46,1625449482.0,64.0
-68.21,1625449482.0,64.0
-34.56,1625449482.0,64.0
3.47,1625449482.0,64.0
40.01,1625449482.0,64.0
71.97,1625449482.0,64.0
98.79,1625449482.0,64.0
120.93,1625449482.0,64.0
138.29,1625449482.0,64.0
149.69,1625449482.0,64.0
153.79,1625449482.0,64.0
150.48,1625449482.0,64.0
141.57,1625449482.0,64.0
130.21,1625449482.0,64.0
119.17,1625449482.0,64.0
109.1,1625449482.0,64.0
98.04,1625449482.0,64.0
82.43,1625449482.0,64.0
59.23,1625449482.0,64.0
27.69,1625449482.0,64.0
-10.18,1625449482.0,64.0
-50.53,1625449482.0,64.0
-89.43,1625449482.0,64.0
-124.36,1625449482.0,64.0
-154.59,1625449482.0,64.0
-180.49,1625449482.0,64.0
-202.35,1625449482.0,64.0
-219.6,1625449482.0,64.0
-230.71,1625449482.0,64.0
-234.06,1625449482.0,64.0
-229.08,1625449482.0,64.0
-216.98,1625449482.0,64.0
-200.73,1625449482.0,64.0
-184.27,1625449482.0,64.0
-171.15,1625449482.0,64.0
-163.59,1625449482.0,64.0
-162.05,1625449482.0,64.0
-165.34,1625449482.0,64.0
-171.1,1625449482.0,64.0
-176.17,1625449482.0,64.0
-177.07,1625449482.0,64.0
-170.66,1625449482.0,64.0
-155.11,1625449482.0,64.0
-130.84,1625449482.0,64.0
-100.77,1625449482.0,64.0
-69.74,1625449482.0,64.0
-42.87,1625449482.0,64.0
-23.72,1625449482.0,64.0
-13.15,1625449482.0,64.0
-9.51,1625449482.0,64.0
-9.99,1625449482.0,64.0
-12.16,1625449482.0,64.0
-14.86,1625449482.0,64.0
-17.96,1625449482.0,64.0
-21.48,1625449482.0,64.0
-24.8,1625449482.0,64.0
-26.78,1625449482.0,64.0
-26.44,1625449482.0,64.0
-23.65,1625449482.0,64.0
-19.39,1625449482.0,64.0
-15.03,1625449482.0,64.0
-11.53,1625449482.0,64.0
-8.86,1625449482.0,64.0
-6.11,1625449482.0,64.0
-2.17,1625449482.0,64.0
3.54,1625449482.0,64.0
10.62,1625449482.0,64.0
17.96,1625449482.0,64.0
24.3,1625449482.0,64.0
28.76,1625449482.0,64.0
31.14,1625449482.0,64.0
31.79,1625449482.0,64.0
31.37,1625449482.0,64.0
30.51,1625449482.0,64.0
29.72,1625449482.0,64.0
29.27,1625449482.0,64.0
29.24,1625449482.0,64.0
29.51,1625449482.0,64.0
29.82,1625449482.0,64.0
29.83,1625449482.0,64.0
29.17,1625449482.0,64.0
27.63,1625449482.0,64.0
25.15,1625449482.0,64.0
21.95,1625449482.0,64.0
18.42,1625449482.0,64.0
15.04,1625449482.0,64.0
12.22,1625449482.0,64.0
10.15,1625449482.0,64.0
8.77,1625449482.0,64.0
7.84,1625449482.0,64.0
7.06,1625449482.0,64.0
6.21,1625449482.0,64.0
5.25,1625449482.0,64.0
4.24,1625449482.0,64.0
3.28,1625449482.0,64.0
2.42,1625449482.0,64.0
1.68,1625449482.0,64.0
1.09,1625449482.0,64.0
0.7,1625449482.0,64.0
0.54,1625449482.0,64.0
0.5,1625449482.0,64.0
0.3,1625449482.0,64.0
-0.46,1625449482.0,64.0
-2.05,1625449482.0,64.0
-4.35,1625449482.0,64.0
-6.82,1625449482.0,64.0
-8.62,1625449482.0,64.0
-8.99,1625449482.0,64.0
-7.62,1625449482.0,64.0
-4.76,1625449482.0,64.0
-1.0,1625449482.0,64.0
2.97,1625449482.0,64.0
6.76,1625449482.0,64.0
10.35,1625449482.0,64.0
13.83,1625449482.0,64.0
17.16,1625449482.0,64.0
20.03,1625449482.0,64.0
21.91,1625449482.0,64.0
22.36,1625449482.0,64.0
21.38,1625449482.0,64.0
19.49,1625449482.0,64.0
17.58,1625449482.0,64.0
16.52,1625449482.0,64.0
16.82,1625449482.0,64.0
18.4,1625449482.0,64.0
20.71,1625449482.0,64.0
23.04,1625449482.0,64.0
24.75,1625449482.0,64.0
25.56,1625449482.0,64.0
25.5,1625449482.0,64.0
24.77,1625449482.0,64.0
23.62,1625449482.0,64.0
22.16,1625449482.0,64.0
20.43,1625449482.0,64.0
18.44,1625449482.0,64.0
16.23,1625449482.0,64.0
13.97,1625449482.0,64.0
11.88,1625449482.0,64.0
10.17,1625449482.0,64.0
8.94,1625449482.0,64.0
8.08,1625449482.0,64.0
7.37,1625449482.0,64.0
6.51,1625449482.0,64.0
5.23,1625449482.0,64.0
3.43,1625449482.0,64.0
1.17,1625449482.0,64.0
-1.32,1625449482.0,64.0
-3.8,1625449482.0,64.0
-6.1,1625449482.0,64.0
-8.26,1625449482.0,64.0
-10.51,1625449482.0,64.0
-13.11,1625449482.0,64.0
-16.18,1625449482.0,64.0
-19.5,1625449482.0,64.0
-22.52,1625449482.0,64.0
-24.49,1625449482.0,64.0
-24.79,1625449482.0,64.0
-23.14,1625449482.0,64.0
-19.72,1625449482.0,64.0
-15.06,1625449482.0,64.0
-9.78,1625449482.0,64.0
-4.33,1625449482.0,64.0
1.01,1625449482.0,64.0
6.13,1625449482.0,64.0
10.85,1625449482.0,64.0
14.92,1625449482.0,64.0
18.04,1625449482.0,64.0
20.01,1625449482.0,64.0
20.85,1625449482.0,64.0
20.8,1625449482.0,64.0
20.29,1625449482.0,64.0
19.71,1625449482.0,64.0
19.37,1625449482.0,64.0
19.4,1625449482.0,64.0
19.78,1625449482.0,64.0
20.32,1625449482.0,64.0
20.77,1625449482.0,64.0
20.87,1625449482.0,64.0
20.39,1625449482.0,64.0
19.27,1625449482.0,64.0
17.56,1625449482.0,64.0
15.44,1625449482.0,64.0
13.18,1625449482.0,64.0
11.0,1625449482.0,64.0
9.02,1625449482.0,64.0
7.28,1625449482.0,64.0
5.73,1625449482.0,64.0
4.29,1625449482.0,64.0
2.94,1625449482.0,64.0
1.66,1625449482.0,64.0
0.48,1625449482.0,64.0
-0.63,1625449482.0,64.0
-1.67,1625449482.0,64.0
-2.7,1625449482.0,64.0
-3.77,1625449482.0,64.0
-4.93,1625449482.0,64.0
-6.29,1625449482.0,64.0
-7.96,1625449482.0,64.0
-10.09,1625449482.0,64.0
-12.76,1625449482.0,64.0
-15.92,1625449482.0,64.0
-19.25,1625449482.0,64.0
-22.18,1625449482.0,64.0
-24.03,1625449482.0,64.0
-24.21,1625449482.0,64.0
-22.47,1625449482.0,64.0
-18.94,1625449482.0,64.0
-14.14,1625449482.0,64.0
-8.73,1625449482.0,64.0
-3.33,1625449482.0,64.0
1.68,1625449482.0,64.0
6.12,1625449482.0,64.0
9.94,1625449482.0,64.0
13.09,1625449482.0,64.0
15.4,1625449482.0,64.0
16.74,1625449482.0,64.0
17.05,1625449482.0,64.0
16.53,1625449482.0,64.0
15.65,1625449482.0,64.0
15.01,1625449482.0,64.0
15.08,1625449482.0,64.0
15.99,1625449482.0,64.0
17.43,1625449482.0,64.0
18.79,1625449482.0,64.0
19.41,1625449482.0,64.0
18.93,1625449482.0,64.0
17.41,1625449482.0,64.0
15.26,1625449482.0,64.0
12.97,1625449482.0,64.0
10.87,1625449482.0,64.0
9.03,1625449482.0,64.0
7.26,1625449482.0,64.0
5.34,1625449482.0,64.0
3.15,1625449482.0,64.0
0.8,1625449482.0,64.0
-1.53,1625449482.0,64.0
-3.67,1625449482.0,64.0
-5.54,1625449482.0,64.0
-7.18,1625449482.0,64.0
-8.68,1625449482.0,64.0
-10.11,1625449482.0,64.0
-11.52,1625449482.0,64.0
-12.98,1625449482.0,64.0
-14.59,1625449482.0,64.0
-16.52,1625449482.0,64.0
-18.84,1625449482.0,64.0
-21.53,1625449482.0,64.0
-24.28,1625449482.0,64.0
-26.55,1625449482.0,64.0
-27.72,1625449482.0,64.0
-27.24,1625449482.0,64.0
-24.88,1625449482.0,64.0
-20.83,1625449482.0,64.0
-15.62,1625449482.0,64.0
-9.94,1625449482.0,64.0
-4.36,1625449482.0,64.0
0.79,1625449482.0,64.0
5.47,1625449482.0,64.0
9.78,1625449482.0,64.0
13.72,1625449482.0,64.0
17.05,1625449482.0,64.0
19.36,1625449482.0,64.0
20.26,1625449482.0,64.0
19.63,1625449482.0,64.0
17.75,1625449482.0,64.0
15.3,1625449482.0,64.0
13.09,1625449482.0,64.0
11.85,1625449482.0,64.0
11.92,1625449482.0,64.0
13.25,1625449482.0,64.0
15.4,1625449482.0,64.0
17.79,1625449482.0,64.0
19.79,1625449482.0,64.0
20.97,1625449482.0,64.0
21.14,1625449482.0,64.0
20.26,1625449482.0,64.0
18.48,1625449482.0,64.0
16.02,1625449482.0,64.0
13.11,1625449482.0,64.0
9.94,1625449482.0,64.0
6.69,1625449482.0,64.0
3.52,1625449482.0,64.0
0.59,1625449482.0,64.0
-1.98,1625449482.0,64.0
-4.15,1625449482.0,64.0
-6.04,1625449482.0,64.0
-7.83,1625449482.0,64.0
-9.76,1625449482.0,64.0
-11.98,1625449482.0,64.0
-14.62,1625449482.0,64.0
-17.67,1625449482.0,64.0
-21.08,1625449482.0,64.0
-24.71,1625449482.0,64.0
-28.24,1625449482.0,64.0
-31.19,1625449482.0,64.0
-32.92,1625449482.0,64.0
-32.83,1625449482.0,64.0
-30.61,1625449482.0,64.0
-26.37,1625449482.0,64.0
-20.65,1625449482.0,64.0
-14.24,1625449482.0,64.0
-7.91,1625449482.0,64.0
-2.15,1625449482.0,64.0
2.88,1625449482.0,64.0
7.26,1625449482.0,64.0
11.05,1625449482.0,64.0
14.25,1625449482.0,64.0
16.67,1625449482.0,64.0
18.12,1625449482.0,64.0
18.6,1625449482.0,64.0
18.28,1625449482.0,64.0
17.57,1625449482.0,64.0
16.89,1625449482.0,64.0
16.51,1625449482.0,64.0
16.43,1625449482.0,64.0
16.46,1625449482.0,64.0
16.29,1625449482.0,64.0
15.7,1625449482.0,64.0
14.6,1625449482.0,64.0
13.08,1625449482.0,64.0
11.31,1625449482.0,64.0
9.46,1625449482.0,64.0
7.59,1625449482.0,64.0
5.72,1625449482.0,64.0
3.87,1625449482.0,64.0
2.11,1625449482.0,64.0
0.63,1625449482.0,64.0
-0.33,1625449482.0,64.0
-0.56,1625449482.0,64.0
0.08,1625449482.0,64.0
1.48,1625449482.0,64.0
3.35,1625449482.0,64.0
5.18,1625449482.0,64.0
6.42,1625449482.0,64.0
6.57,1625449482.0,64.0
5.34,1625449482.0,64.0
2.72,1625449482.0,64.0
-1.09,1625449482.0,64.0
-5.74,1625449482.0,64.0
-10.84,1625449482.0,64.0
-15.99,1625449482.0,64.0
-20.74,1625449482.0,64.0
-24.59,1625449482.0,64.0
-27.0,1625449482.0,64.0
-27.56,1625449482.0,64.0
-26.12,1625449482.0,64.0
-22.96,1625449482.0,64.0
-18.67,1625449482.0,64.0
-13.96,1625449482.0,64.0
-9.33,1625449482.0,64.0
-4.92,1625449482.0,64.0
-0.57,1625449482.0,64.0
4.0,1625449482.0,64.0
8.88,1625449482.0,64.0
13.88,1625449482.0,64.0
18.57,1625449482.0,64.0
22.58,1625449482.0,64.0
25.75,1625449482.0,64.0
28.19,1625449482.0,64.0
30.15,1625449482.0,64.0
31.79,1625449482.0,64.0
33.07,1625449482.0,64.0
33.71,1625449482.0,64.0
33.37,1625449482.0,64.0
31.82,1625449482.0,64.0
29.06,1625449482.0,64.0
25.32,1625449482.0,64.0
20.96,1625449482.0,64.0
16.39,1625449482.0,64.0
11.92,1625449482.0,64.0
7.77,1625449482.0,64.0
4.03,1625449482.0,64.0
0.72,1625449482.0,64.0
-2.15,1625449482.0,64.0
-4.55,1625449482.0,64.0
-6.47,1625449482.0,64.0
-7.95,1625449482.0,64.0
-9.12,1625449482.0,64.0
-10.18,1625449482.0,64.0
-11.37,1625449482.0,64.0
-12.8,1625449482.0,64.0
-14.44,1625449482.0,64.0
-16.17,1625449482.0,64.0
-17.88,1625449482.0,64.0
-19.63,1625449482.0,64.0
-21.59,1625449482.0,64.0
-23.94,1625449482.0,64.0
-26.64,1625449482.0,64.0
-29.3,1625449482.0,64.0
-31.23,1625449482.0,64.0
-31.72,1625449482.0,64.0
-30.26,1625449482.0,64.0
-26.77,1625449482.0,64.0
-21.67,1625449482.0,64.0
-15.61,1625449482.0,64.0
-9.3,1625449482.0,64.0
-3.24,1625449482.0,64.0
2.33,1625449482.0,64.0
7.34,1625449482.0,64.0
11.77,1625449482.0,64.0
15.5,1625449482.0,64.0
18.4,1625449482.0,64.0
20.47,1625449482.0,64.0
21.89,1625449482.0,64.0
23.01,1625449482.0,64.0
24.08,1625449482.0,64.0
25.0,1625449482.0,64.0
25.28,1625449482.0,64.0
24.2,1625449482.0,64.0
21.27,1625449482.0,64.0
16.5,1625449482.0,64.0
10.53,1625449482.0,64.0
4.4,1625449482.0,64.0
-0.89,1625449482.0,64.0
-4.72,1625449482.0,64.0
-6.9,1625449482.0,64.0
-7.62,1625449482.0,64.0
-7.23,1625449482.0,64.0
-6.03,1625449482.0,64.0
-4.35,1625449482.0,64.0
-2.53,1625449482.0,64.0
-0.94,1625449482.0,64.0
0.09,1625449482.0,64.0
0.36,1625449482.0,64.0
-0.12,1625449482.0,64.0
-1.16,1625449482.0,64.0
-2.53,1625449482.0,64.0
-4.03,1625449482.0,64.0
-5.53,1625449482.0,64.0
-7.0,1625449482.0,64.0
-8.56,1625449482.0,64.0
-10.35,1625449482.0,64.0
-12.55,1625449482.0,64.0
-15.23,1625449482.0,64.0
-18.21,1625449482.0,64.0
-21.07,1625449482.0,64.0
-23.15,1625449482.0,64.0
-23.84,1625449482.0,64.0
-22.72,1625449482.0,64.0
-19.83,1625449482.0,64.0
-15.56,1625449482.0,64.0
-10.53,1625449482.0,64.0
-5.31,1625449482.0,64.0
-0.29,1625449482.0,64.0
4.37,1625449482.0,64.0
8.6,1625449482.0,64.0
12.24,1625449482.0,64.0
15.07,1625449482.0,64.0
16.83,1625449482.0,64.0
17.45,1625449482.0,64.0
17.06,1625449482.0,64.0
16.09,1625449482.0,64.0
15.0,1625449482.0,64.0
14.16,1625449482.0,64.0
13.7,1625449482.0,64.0
13.54,1625449482.0,64.0
13.43,1625449482.0,64.0
13.12,1625449482.0,64.0
12.41,1625449482.0,64.0
11.22,1625449482.0,64.0
9.6,1625449482.0,64.0
7.69,1625449482.0,64.0
5.7,1625449482.0,64.0
3.83,1625449482.0,64.0
2.19,1625449482.0,64.0
0.81,1625449482.0,64.0
-0.41,1625449482.0,64.0
-1.58,1625449482.0,64.0
-2.76,1625449482.0,64.0
-3.96,1625449482.0,64.0
-5.12,1625449482.0,64.0
-6.22,1625449482.0,64.0
-7.3,1625449482.0,64.0
-8.45,1625449482.0,64.0
-9.77,1625449482.0,64.0
-11.29,1625449482.0,64.0
-12.97,1625449482.0,64.0
-14.76,1625449482.0,64.0
-16.65,1625449482.0,64.0
-18.71,1625449482.0,64.0
-20.95,1625449482.0,64.0
-23.26,1625449482.0,64.0
-25.29,1625449482.0,64.0
-26.56,1625449482.0,64.0
-26.62,1625449482.0,64.0
-25.23,1625449482.0,64.0
-22.45,1625449482.0,64.0
-18.59,1625449482.0,64.0
-14.09,1625449482.0,64.0
-9.33,1625449482.0,64.0
-4.57,1625449482.0,64.0
-0.0,1625449482.0,64.0
4.19,1625449482.0,64.0
7.8,1625449482.0,64.0
10.59,1625449482.0,64.0
12.45,1625449482.0,64.0
13.38,1625449482.0,64.0
13.58,1625449482.0,64.0
13.33,1625449482.0,64.0
12.97,1625449482.0,64.0
12.77,1625449482.0,64.0
12.86,1625449482.0,64.0
13.23,1625449482.0,64.0
13.7,1625449482.0,64.0
14.05,1625449482.0,64.0
14.03,1625449482.0,64.0
13.5,1625449482.0,64.0
12.47,1625449482.0,64.0
11.03,1625449482.0,64.0
9.37,1625449482.0,64.0
7.65,1625449482.0,64.0
6.0,1625449482.0,64.0
4.44,1625449482.0,64.0
2.98,1625449482.0,64.0
1.59,1625449482.0,64.0
0.27,1625449482.0,64.0
-0.99,1625449482.0,64.0
-2.2,1625449482.0,64.0
-3.33,1625449482.0,64.0
-4.41,1625449482.0,64.0
-5.42,1625449482.0,64.0
-6.38,1625449482.0,64.0
-7.29,1625449482.0,64.0
-8.21,1625449482.0,64.0
-9.26,1625449482.0,64.0
-10.61,1625449482.0,64.0
-12.39,1625449482.0,64.0
-14.62,1625449482.0,64.0
-17.09,1625449482.0,64.0
-19.4,1625449482.0,64.0
-20.98,1625449482.0,64.0
-21.33,1625449482.0,64.0
-20.13,1625449482.0,64.0
-17.41,1625449482.0,64.0
-13.44,1625449482.0,64.0
-8.71,1625449482.0,64.0
-3.71,1625449482.0,64.0
1.16,1625449482.0,64.0
5.6,1625449482.0,64.0
9.44,1625449482.0,64.0
12.54,1625449482.0,64.0
14.81,1625449482.0,64.0
16.24,1625449482.0,64.0
16.89,1625449482.0,64.0
16.94,1625449482.0,64.0
16.64,1625449482.0,64.0
16.23,1625449482.0,64.0
15.88,1625449482.0,64.0
15.69,1625449482.0,64.0
15.64,1625449482.0,64.0
15.66,1625449482.0,64.0
15.64,1625449482.0,64.0
15.48,1625449482.0,64.0
15.08,1625449482.0,64.0
14.4,1625449482.0,64.0
13.45,1625449482.0,64.0
12.28,1625449482.0,64.0
10.9,1625449482.0,64.0
9.31,1625449482.0,64.0
7.45,1625449482.0,64.0
5.24,1625449482.0,64.0
2.75,1625449482.0,64.0
0.14,1625449482.0,64.0
-2.31,1625449482.0,64.0
-4.37,1625449482.0,64.0
-5.93,1625449482.0,64.0
-7.11,1625449482.0,64.0
-8.15,1625449482.0,64.0
-9.34,1625449482.0,64.0
-10.84,1625449482.0,64.0
-12.7,1625449482.0,64.0
-14.82,1625449482.0,64.0
-17.02,1625449482.0,64.0
-19.07,1625449482.0,64.0
-20.67,1625449482.0,64.0
-21.5,1625449482.0,64.0
-21.2,1625449482.0,64.0
-19.57,1625449482.0,64.0
-16.6,1625449482.0,64.0
-12.49,1625449482.0,64.0
-7.71,1625449482.0,64.0
-2.74,1625449482.0,64.0
1.99,1625449482.0,64.0
6.21,1625449482.0,64.0
9.74,1625449482.0,64.0
12.47,1625449482.0,64.0
14.33,1625449482.0,64.0
15.28,1625449482.0,64.0
15.46,1625449482.0,64.0
15.13,1625449482.0,64.0
14.69,1625449482.0,64.0
14.55,1625449482.0,64.0
14.92,1625449482.0,64.0
15.69,1625449482.0,64.0
16.52,1625449482.0,64.0
16.95,1625449482.0,64.0
16.65,1625449482.0,64.0
15.52,1625449482.0,64.0
13.71,1625449482.0,64.0
11.54,1625449482.0,64.0
9.33,1625449482.0,64.0
7.29,1625449482.0,64.0
5.45,1625449482.0,64.0
3.77,1625449482.0,64.0
2.15,1625449482.0,64.0
0.54,1625449482.0,64.0
-1.08,1625449482.0,64.0
-2.68,1625449482.0,64.0
-4.25,1625449482.0,64.0
-5.77,1625449482.0,64.0
-7.29,1625449482.0,64.0
-8.91,1625449482.0,64.0
-10.73,1625449482.0,64.0
-12.84,1625449482.0,64.0
-15.31,1625449482.0,64.0
-18.12,1625449482.0,64.0
-21.2,1625449482.0,64.0
-24.38,1625449482.0,64.0
-27.42,1625449482.0,64.0
-30.0,1625449482.0,64.0
-31.73,1625449482.0,64.0
-32.28,1625449482.0,64.0
-31.46,1625449482.0,64.0
-29.29,1625449482.0,64.0
-26.04,1625449482.0,64.0
-22.03,1625449482.0,64.0
-17.55,1625449482.0,64.0
-12.74,1625449482.0,64.0
-7.62,1625449482.0,64.0
-2.31,1625449482.0,64.0
2.84,1625449482.0,64.0
7.21,1625449482.0,64.0
10.14,1625449482.0,64.0
11.27,1625449482.0,64.0
10.77,1625449482.0,64.0
9.36,1625449482.0,64.0
8.04,1625449482.0,64.0
7.56,1625449482.0,64.0
8.07,1625449482.0,64.0
8.99,1625449482.0,64.0
9.38,1625449482.0,64.0
8.4,1625449482.0,64.0
5.83,1625449482.0,64.0
2.1,1625449482.0,64.0
-1.87,1625449482.0,64.0
-5.19,1625449482.0,64.0
-7.26,1625449482.0,64.0
-7.93,1625449482.0,64.0
-7.24,1625449482.0,64.0
-5.13,1625449482.0,64.0
-1.3,1625449482.0,64.0
4.63,1625449482.0,64.0
12.78,1625449482.0,64.0
22.8,1625449482.0,64.0
33.99,1625449482.0,64.0
45.68,1625449482.0,64.0
57.56,1625449482.0,64.0
69.66,1625449482.0,64.0
81.85,1625449482.0,64.0
93.32,1625449482.0,64.0
102.57,1625449482.0,64.0
108.0,1625449482.0,64.0
108.92,1625449482.0,64.0
106.2,1625449482.0,64.0
102.19,1625449482.0,64.0
99.52,1625449482.0,64.0
99.71,1625449482.0,64.0
102.34,1625449482.0,64.0
105.35,1625449482.0,64.0
106.27,1625449482.0,64.0
103.77,1625449482.0,64.0
98.59,1625449482.0,64.0
93.21,1625449482.0,64.0
90.64,1625449482.0,64.0
92.95,1625449482.0,64.0
100.16,1625449482.0,64.0
110.31,1625449482.0,64.0
120.39,1625449482.0,64.0
127.66,1625449482.0,64.0
130.62,1625449482.0,64.0
129.13,1625449482.0,64.0
123.52,1625449482.0,64.0
113.45,1625449482.0,64.0
97.53,1625449482.0,64.0
74.0,1625449482.0,64.0
42.58,1625449482.0,64.0
6.17,1625449482.0,64.0
-28.77,1625449482.0,64.0
-54.28,1625449482.0,64.0
-63.98,1625449482.0,64.0
-56.22,1625449482.0,64.0
-35.38,1625449482.0,64.0
-10.24,1625449482.0,64.0
9.16,1625449482.0,64.0
14.8,1625449482.0,64.0
2.33,1625449482.0,64.0
-28.34,1625449482.0,64.0
-73.66,1625449482.0,64.0
-126.67,1625449482.0,64.0
-177.29,1625449482.0,64.0
-213.89,1625449482.0,64.0
-226.6,1625449482.0,64.0
-211.89,1625449482.0,64.0
-175.42,1625449482.0,64.0
-130.99,1625449482.0,64.0
-95.06,1625449482.0,64.0
-79.05,1625449482.0,64.0
-83.88,1625449482.0,64.0
-99.74,1625449482.0,64.0
-111.13,1625449482.0,64.0
-104.13,1625449482.0,64.0
-72.21,1625449482.0,64.0
-17.63,1625449482.0,64.0
50.89,1625449482.0,64.0
122.21,1625449482.0,64.0
186.13,1625449482.0,64.0
235.02,1625449482.0,64.0
264.13,1625449482.0,64.0
271.69,1625449482.0,64.0
259.19,1625449482.0,64.0
231.0,1625449482.0,64.0
193.54,1625449482.0,64.0
153.44,1625449482.0,64.0
115.81,1625449482.0,64.0
83.59,1625449482.0,64.0
57.92,1625449482.0,64.0
39.0,1625449482.0,64.0
26.4,1625449482.0,64.0
19.03,1625449482.0,64.0
14.83,1625449482.0,64.0
10.92,1625449482.0,64.0
4.54,1625449482.0,64.0
-5.79,1625449482.0,64.0
-19.57,1625449482.0,64.0
-34.65,1625449482.0,64.0
-48.37,1625449482.0,64.0
-58.75,1625449482.0,64.0
-65.33,1625449482.0,64.0
-69.02,1625449482.0,64.0
-71.5,1625449482.0,64.0
-74.44,1625449482.0,64.0
-79.06,1625449482.0,64.0
-86.09,1625449482.0,64.0
-95.86,1625449482.0,64.0
-108.28,1625449482.0,64.0
-122.51,1625449482.0,64.0
-136.56,1625449482.0,64.0
-147.4,1625449482.0,64.0
-151.67,1625449482.0,64.0
-147.09,1625449482.0,64.0
-133.87,1625449482.0,64.0
-115.45,1625449482.0,64.0
-98.03,1625449482.0,64.0
-89.0,1625449482.0,64.0
-94.79,1625449482.0,64.0
-118.54,1625449482.0,64.0
-158.79,1625449482.0,64.0
-209.24,1625449482.0,64.0
-260.15,1625449482.0,64.0
-301.11,1625449482.0,64.0
-324.2,1625449482.0,64.0
-326.41,1625449482.0,64.0
-310.17,1625449482.0,64.0
-281.65,1625449482.0,64.0
-247.68,1625449482.0,64.0
-212.78,1625449482.0,64.0
-178.09,1625449482.0,64.0
-142.3,1625449482.0,64.0
-104.07,1625449482.0,64.0
-64.18,1625449482.0,64.0
-25.58,1625449482.0,64.0
8.47,1625449482.0,64.0
37.17,1625449482.0,64.0
63.72,1625449482.0,64.0
94.01,1625449482.0,64.0
133.38,1625449482.0,64.0
183.44,1625449482.0,64.0
240.59,1625449482.0,64.0
297.46,1625449482.0,64.0
346.3,1625449482.0,64.0
382.19,1625449482.0,64.0
404.65,1625449482.0,64.0
416.85,1625449482.0,64.0
423.08,1625449482.0,64.0
426.07,1625449482.0,64.0
426.33,1625449482.0,64.0
422.61,1625449482.0,64.0
413.29,1625449482.0,64.0
397.67,1625449482.0,64.0
376.39,1625449482.0,64.0
351.21,1625449482.0,64.0
324.46,1625449482.0,64.0
297.87,1625449482.0,64.0
271.13,1625449482.0,64.0
243.16,1625449482.0,64.0
212.69,1625449482.0,64.0
178.99,1625449482.0,64.0
142.38,1625449482.0,64.0
104.14,1625449482.0,64.0
65.98,1625449482.0,64.0
29.92,1625449482.0,64.0
-3.54,1625449482.0,64.0
-37.49,1625449482.0,64.0
-75.48,1625449482.0,64.0
-120.26,1625449482.0,64.0
-172.45,1625449482.0,64.0
-229.82,1625449482.0,64.0
-288.23,1625449482.0,64.0
-342.83,1625449482.0,64.0
-388.47,1625449482.0,64.0
-423.41,1625449482.0,64.0
-452.05,1625449482.0,64.0
-479.95,1625449482.0,64.0
-511.81,1625449482.0,64.0
-549.51,1625449482.0,64.0
-591.52,1625449482.0,64.0
-634.79,1625449482.0,64.0
-676.4,1625449482.0,64.0
-712.94,1625449482.0,64.0
-744.2,1625449482.0,64.0
-775.03,1625449482.0,64.0
-808.21,1625449482.0,64.0
-843.61,1625449482.0,64.0
-878.37,1625449482.0,64.0
-908.6,1625449482.0,64.0
-932.45,1625449482.0,64.0
-950.62,1625449482.0,64.0
-963.29,1625449482.0,64.0
-940.99,1625449482.0,64.0
-862.46,1625449482.0,64.0
-717.34,1625449482.0,64.0
-514.52,1625449482.0,64.0
-280.77,1625449482.0,64.0
-48.92,1625449482.0,64.0
154.18,1625449482.0,64.0
300.45,1625449482.0,64.0
394.74,1625449482.0,64.0
446.1,1625449482.0,64.0
457.47,1625449482.0,64.0
431.49,1625449482.0,64.0
373.23,1625449482.0,64.0
292.27,1625449482.0,64.0
206.96,1625449482.0,64.0
134.69,1625449482.0,64.0
88.24,1625449482.0,64.0
74.6,1625449482.0,64.0
89.56,1625449482.0,64.0
119.48,1625449482.0,64.0
150.69,1625449482.0,64.0
173.95,1625449482.0,64.0
186.87,1625449482.0,64.0
193.1,1625449482.0,64.0
198.31,1625449482.0,64.0
207.4,1625449482.0,64.0
224.18,1625449482.0,64.0
247.12,1625449482.0,64.0
269.9,1625449482.0,64.0
285.82,1625449482.0,64.0
289.47,1625449482.0,64.0
278.3,1625449482.0,64.0
253.57,1625449482.0,64.0
219.39,1625449482.0,64.0
181.7,1625449482.0,64.0
147.71,1625449482.0,64.0
121.87,1625449482.0,64.0
105.11,1625449482.0,64.0
96.46,1625449482.0,64.0
93.82,1625449482.0,64.0
95.08,1625449482.0,64.0
98.84,1625449482.0,64.0
104.27,1625449482.0,64.0
111.12,1625449482.0,64.0
120.08,1625449482.0,64.0
131.6,1625449482.0,64.0
146.12,1625449482.0,64.0
164.53,1625449482.0,64.0
187.46,1625449482.0,64.0
214.46,1625449482.0,64.0
243.21,1625449482.0,64.0
269.36,1625449482.0,64.0
287.86,1625449482.0,64.0
295.18,1625449482.0,64.0
290.67,1625449482.0,64.0
277.32,1625449482.0,64.0
260.59,1625449482.0,64.0
245.98,1625449482.0,64.0
236.75,1625449482.0,64.0
233.0,1625449482.0,64.0
232.39,1625449482.0,64.0
231.86,1625449482.0,64.0
229.2,1625449482.0,64.0
223.62,1625449482.0,64.0
215.19,1625449482.0,64.0
203.87,1625449482.0,64.0
188.86,1625449482.0,64.0
168.9,1625449482.0,64.0
142.97,1625449482.0,64.0
111.51,1625449482.0,64.0
76.8,1625449482.0,64.0
42.83,1625449482.0,64.0
14.53,1625449482.0,64.0
-3.13,1625449482.0,64.0
-6.32,1625449482.0,64.0
6.33,1625449482.0,64.0
32.62,1625449482.0,64.0
66.08,1625449482.0,64.0
96.68,1625449482.0,64.0
112.64,1625449482.0,64.0
104.02,1625449482.0,64.0
66.43,1625449482.0,64.0
3.73,1625449482.0,64.0
-72.23,1625449482.0,64.0
-145.22,1625449482.0,64.0
-199.86,1625449482.0,64.0
-226.34,1625449482.0,64.0
-221.83,1625449482.0,64.0
-189.93,1625449482.0,64.0
-138.22,1625449482.0,64.0
-75.96,1625449482.0,64.0
-13.01,1625449482.0,64.0
40.61,1625449482.0,64.0
75.71,1625449482.0,64.0
86.26,1625449482.0,64.0
72.0,1625449482.0,64.0
40.75,1625449482.0,64.0
4.92,1625449482.0,64.0
-23.62,1625449482.0,64.0
-38.42,1625449482.0,64.0
-40.45,1625449482.0,64.0
-35.96,1625449482.0,64.0
-31.65,1625449482.0,64.0
-30.87,1625449482.0,64.0
-32.81,1625449482.0,64.0
-32.3,1625449482.0,64.0
-25.41,1625449482.0,64.0
-11.81,1625449482.0,64.0
5.94,1625449482.0,64.0
25.4,1625449482.0,64.0
46.9,1625449482.0,64.0
73.87,1625449482.0,64.0
110.4,1625449482.0,64.0
157.59,1625449482.0,64.0
214.86,1625449482.0,64.0
277.38,1625449482.0,64.0
337.82,1625449482.0,64.0
389.4,1625449482.0,64.0
428.31,1625449482.0,64.0
454.54,1625449482.0,64.0
471.16,1625449482.0,64.0
481.69,1625449482.0,64.0
474.42,1625449482.0,64.0
441.42,1625449482.0,64.0
379.16,1625449482.0,64.0
291.47,1625449482.0,64.0
188.84,1625449482.0,64.0
83.92,1625449482.0,64.0
-12.63,1625449482.0,64.0
-94.51,1625449482.0,64.0
-157.28,1625449482.0,64.0
-207.01,1625449482.0,64.0
-249.07,1625449482.0,64.0
-288.87,1625449482.0,64.0
-331.32,1625449482.0,64.0
-380.23,1625449482.0,64.0
-437.5,1625449482.0,64.0
-502.16,1625449482.0,64.0
-566.55,1625449482.0,64.0
-621.12,1625449482.0,64.0
-657.34,1625449482.0,64.0
-667.66,1625449482.0,64.0
-650.38,1625449482.0,64.0
-609.91,1625449482.0,64.0
-554.68,1625449482.0,64.0
-493.46,1625449482.0,64.0
-432.27,1625449482.0,64.0
-373.19,1625449482.0,64.0
-316.05,1625449482.0,64.0
-260.45,1625449482.0,64.0
-205.05,1625449482.0,64.0
-149.83,1625449482.0,64.0
-95.84,1625449482.0,64.0
-44.61,1625449482.0,64.0
2.3,1625449482.0,64.0
43.51,1625449482.0,64.0
78.06,1625449482.0,64.0
105.2,1625449482.0,64.0
124.72,1625449482.0,64.0
137.95,1625449482.0,64.0
146.58,1625449482.0,64.0
151.82,1625449482.0,64.0
154.1,1625449482.0,64.0
153.13,1625449482.0,64.0
148.41,1625449482.0,64.0
139.7,1625449482.0,64.0
127.07,1625449482.0,64.0
111.03,1625449482.0,64.0
93.07,1625449482.0,64.0
75.1,1625449482.0,64.0
59.1,1625449482.0,64.0
46.75,1625449482.0,64.0
38.84,1625449482.0,64.0
35.02,1625449482.0,64.0
33.9,1625449482.0,64.0
33.49,1625449482.0,64.0
31.92,1625449482.0,64.0
28.02,1625449482.0,64.0
21.43,1625449482.0,64.0
12.39,1625449482.0,64.0
1.51,1625449482.0,64.0
-10.24,1625449482.0,64.0
-21.48,1625449482.0,64.0
-30.41,1625449482.0,64.0
-35.17,1625449482.0,64.0
-34.35,1625449482.0,64.0
-27.54,1625449482.0,64.0
-15.58,1625449482.0,64.0
-0.29,1625449482.0,64.0
16.04,1625449482.0,64.0
31.37,1625449482.0,64.0
44.38,1625449482.0,64.0
54.73,1625449482.0,64.0
62.94,1625449482.0,64.0
69.97,1625449482.0,64.0
76.83,1625449482.0,64.0
83.97,1625449482.0,64.0
91.02,1625449482.0,64.0
96.86,1625449482.0,64.0
99.94,1625449482.0,64.0
99.09,1625449482.0,64.0
94.09,1625449482.0,64.0
85.81,1625449482.0,64.0
75.97,1625449482.0,64.0
66.38,1625449482.0,64.0
58.18,1625449482.0,64.0
51.57,1625449482.0,64.0
45.93,1625449482.0,64.0
40.34,1625449482.0,64.0
34.03,1625449482.0,64.0
26.44,1625449482.0,64.0
17.19,1625449482.0,64.0
5.89,1625449482.0,64.0
-7.49,1625449482.0,64.0
-22.27,1625449482.0,64.0
-36.66,1625449482.0,64.0
-48.12,1625449482.0,64.0
-54.15,1625449482.0,64.0
-53.33,1625449482.0,64.0
-46.31,1625449482.0,64.0
-35.58,1625449482.0,64.0
-24.48,1625449482.0,64.0
-15.48,1625449482.0,64.0
-8.97,1625449482.0,64.0
-3.24,1625449482.0,64.0
4.3,1625449482.0,64.0
15.18,1625449482.0,64.0
28.69,1625449482.0,64.0
41.85,1625449482.0,64.0
51.03,1625449482.0,64.0
53.85,1625449482.0,64.0
50.32,1625449482.0,64.0
42.7,1625449482.0,64.0
34.12,1625449482.0,64.0
26.87,1625449482.0,64.0
21.72,1625449482.0,64.0
18.37,1625449482.0,64.0
16.47,1625449482.0,64.0
16.47,1625449482.0,64.0
19.48,1625449482.0,64.0
26.2,1625449482.0,64.0
35.97,1625449482.0,64.0
46.51,1625449482.0,64.0
54.76,1625449482.0,64.0
58.33,1625449482.0,64.0
56.6,1625449482.0,64.0
50.96,1625449482.0,64.0
44.14,1625449482.0,64.0
38.83,1625449482.0,64.0
36.59,1625449482.0,64.0
37.37,1625449482.0,64.0
39.82,1625449482.0,64.0
41.95,1625449482.0,64.0
42.06,1625449482.0,64.0
39.37,1625449482.0,64.0
34.11,1625449482.0,64.0
27.3,1625449482.0,64.0
20.19,1625449482.0,64.0
13.83,1625449482.0,64.0
8.73,1625449482.0,64.0
4.88,1625449482.0,64.0
1.93,1625449482.0,64.0
-0.63,1625449482.0,64.0
-3.21,1625449482.0,64.0
-6.12,1625449482.0,64.0
-9.51,1625449482.0,64.0
-13.43,1625449482.0,64.0
-17.76,1625449482.0,64.0
-22.25,1625449482.0,64.0
-26.49,1625449482.0,64.0
-30.13,1625449482.0,64.0
-32.99,1625449482.0,64.0
-35.26,1625449482.0,64.0
-37.43,1625449482.0,64.0
-40.15,1625449482.0,64.0
-43.79,1625449482.0,64.0
-48.24,1625449482.0,64.0
-52.73,1625449482.0,64.0
-56.03,1625449482.0,64.0
-56.91,1625449482.0,64.0
-54.56,1625449482.0,64.0
-48.97,1625449482.0,64.0
-40.98,1625449482.0,64.0
-31.87,1625449482.0,64.0
-22.94,1625449482.0,64.0
-15.02,1625449482.0,64.0
-8.36,1625449482.0,64.0
-2.77,1625449482.0,64.0
2.06,1625449482.0,64.0
6.3,1625449482.0,64.0
9.92,1625449482.0,64.0
12.86,1625449482.0,64.0
15.28,1625449482.0,64.0
17.57,1625449482.0,64.0
20.23,1625449482.0,64.0
23.5,1625449482.0,64.0
27.14,1625449482.0,64.0
30.32,1625449482.0,64.0
32.03,1625449482.0,64.0
31.54,1625449482.0,64.0
28.85,1625449482.0,64.0
24.8,1625449482.0,64.0
20.74,1625449482.0,64.0
17.98,1625449482.0,64.0
17.23,1625449482.0,64.0
18.27,1625449482.0,64.0
20.08,1625449482.0,64.0
21.28,1625449482.0,64.0
20.71,1625449482.0,64.0
17.83,1625449482.0,64.0
12.83,1625449482.0,64.0
6.43,1625449482.0,64.0
-0.53,1625449482.0,64.0
-7.4,1625449482.0,64.0
-13.84,1625449482.0,64.0
-19.73,1625449482.0,64.0
-25.06,1625449482.0,64.0
-29.76,1625449482.0,64.0
-33.75,1625449482.0,64.0
-37.11,1625449482.0,64.0
-40.02,1625449482.0,64.0
-42.73,1625449482.0,64.0
-45.34,1625449482.0,64.0
-47.6,1625449482.0,64.0
-48.92,1625449482.0,64.0
-48.5,1625449482.0,64.0
-45.65,1625449482.0,64.0
-40.17,1625449482.0,64.0
-32.41,1625449482.0,64.0
-23.15,1625449482.0,64.0
-13.36,1625449482.0,64.0
-3.87,1625449482.0,64.0
4.7,1625449482.0,64.0
11.96,1625449482.0,64.0
17.6,1625449482.0,64.0
21.44,1625449482.0,64.0
23.46,1625449482.0,64.0
23.89,1625449482.0,64.0
23.3,1625449482.0,64.0
22.45,1625449482.0,64.0
22.05,1625449482.0,64.0
22.52,1625449482.0,64.0
23.79,1625449482.0,64.0
25.42,1625449482.0,64.0
26.76,1625449482.0,64.0
27.25,1625449482.0,64.0
26.63,1625449482.0,64.0
24.93,1625449482.0,64.0
22.39,1625449482.0,64.0
19.3,1625449482.0,64.0
15.83,1625449482.0,64.0
12.11,1625449482.0,64.0
8.18,1625449482.0,64.0
4.15,1625449482.0,64.0
0.16,1625449482.0,64.0
-3.6,1625449482.0,64.0
-7.05,1625449482.0,64.0
-10.26,1625449482.0,64.0
-13.43,1625449482.0,64.0
-16.82,1625449482.0,64.0
-20.57,1625449482.0,64.0
-24.69,1625449482.0,64.0
-29.06,1625449482.0,64.0
-33.47,1625449482.0,64.0
-37.73,1625449482.0,64.0
-41.58,1625449482.0,64.0
-44.69,1625449482.0,64.0
-46.62,1625449482.0,64.0
-46.91,1625449482.0,64.0
-45.21,1625449482.0,64.0
-41.42,1625449482.0,64.0
-35.69,1625449482.0,64.0
-28.46,1625449482.0,64.0
-20.21,1625449482.0,64.0
-11.47,1625449482.0,64.0
-2.73,1625449482.0,64.0
5.52,1625449482.0,64.0
12.81,1625449482.0,64.0
18.67,1625449482.0,64.0
22.82,1625449482.0,64.0
25.28,1625449482.0,64.0
26.33,1625449482.0,64.0
26.55,1625449482.0,64.0
26.53,1625449482.0,64.0
26.73,1625449482.0,64.0
27.36,1625449482.0,64.0
28.26,1625449482.0,64.0
29.04,1625449482.0,64.0
29.27,1625449482.0,64.0
28.64,1625449482.0,64.0
27.11,1625449482.0,64.0
24.93,1625449482.0,64.0
22.46,1625449482.0,64.0
20.01,1625449482.0,64.0
17.66,1625449482.0,64.0
15.25,1625449482.0,64.0
12.52,1625449482.0,64.0
9.28,1625449482.0,64.0
5.58,1625449482.0,64.0
1.7,1625449482.0,64.0
-2.02,1625449482.0,64.0
-5.38,1625449482.0,64.0
-8.46,1625449482.0,64.0
-11.5,1625449482.0,64.0
-14.8,1625449482.0,64.0
-18.49,1625449482.0,64.0
-22.49,1625449482.0,64.0
-26.61,1625449482.0,64.0
-30.67,1625449482.0,64.0
-34.5,1625449482.0,64.0
-37.93,1625449482.0,64.0
-40.65,1625449482.0,64.0
-42.07,1625449482.0,64.0
-41.53,1625449482.0,64.0
-38.46,1625449482.0,64.0
-32.65,1625449482.0,64.0
-24.46,1625449482.0,64.0
-14.59,1625449482.0,64.0
-3.98,1625449482.0,64.0
6.53,1625449482.0,64.0
16.29,1625449482.0,64.0
24.92,1625449482.0,64.0
32.13,1625449482.0,64.0
37.74,1625449482.0,64.0
41.68,1625449482.0,64.0
44.08,1625449482.0,64.0
45.34,1625449482.0,64.0
46.07,1625449482.0,64.0
46.9,1625449482.0,64.0
48.18,1625449482.0,64.0
49.89,1625449482.0,64.0
51.57,1625449482.0,64.0
52.6,1625449482.0,64.0
52.47,1625449482.0,64.0
51.05,1625449482.0,64.0
48.65,1625449482.0,64.0
45.95,1625449482.0,64.0
43.74,1625449482.0,64.0
42.62,1625449482.0,64.0
42.77,1625449482.0,64.0
43.85,1625449482.0,64.0
45.08,1625449482.0,64.0
45.63,1625449482.0,64.0
45.1,1625449482.0,64.0
44.02,1625449482.0,64.0
43.88,1625449482.0,64.0
46.57,1625449482.0,64.0
53.47,1625449482.0,64.0
64.28,1625449482.0,64.0
76.33,1625449482.0,64.0
84.79,1625449482.0,64.0
83.89,1625449482.0,64.0
68.68,1625449482.0,64.0
36.83,1625449482.0,64.0
-10.1,1625449482.0,64.0
-66.62,1625449482.0,64.0
-124.3,1625449482.0,64.0
-173.63,1625449482.0,64.0
-206.4,1625449482.0,64.0
-217.66,1625449482.0,64.0
-206.6,1625449482.0,64.0
-176.45,1625449482.0,64.0
-133.17,1625449482.0,64.0
-83.6,1625449482.0,64.0
-33.55,1625449482.0,64.0
13.38,1625449482.0,64.0
56.08,1625449482.0,64.0
95.34,1625449482.0,64.0
132.56,1625449482.0,64.0
168.64,1625449482.0,64.0
202.93,1625449482.0,64.0
232.87,1625449482.0,64.0
254.47,1625449482.0,64.0
263.6,1625449482.0,64.0
257.69,1625449482.0,64.0
237.27,1625449482.0,64.0
206.47,1625449482.0,64.0
171.94,1625449482.0,64.0
140.52,1625449482.0,64.0
116.67,1625449482.0,64.0
101.16,1625449482.0,64.0
91.62,1625449482.0,64.0
84.83,1625449482.0,64.0
79.23,1625449482.0,64.0
76.19,1625449482.0,64.0
79.11,1625449482.0,64.0
90.89,1625449482.0,64.0
111.21,1625449482.0,64.0
135.47,1625449482.0,64.0
156.34,1625449482.0,64.0
166.77,1625449482.0,64.0
163.06,1625449482.0,64.0
146.22,1625449482.0,64.0
120.91,1625449482.0,64.0
92.55,1625449482.0,64.0
64.54,1625449482.0,64.0
36.86,1625449482.0,64.0
6.74,1625449482.0,64.0
-29.1,1625449482.0,64.0
-72.38,1625449482.0,64.0
-122.03,1625449482.0,64.0
-174.53,1625449482.0,64.0
-225.18,1625449482.0,64.0
-269.44,1625449482.0,64.0
-303.65,1625449482.0,64.0
-325.26,1625449482.0,64.0
-332.92,1625449482.0,64.0
-326.45,1625449482.0,64.0
-307.07,1625449482.0,64.0
-277.0,1625449482.0,64.0
-238.52,1625449482.0,64.0
-192.76,1625449482.0,64.0
-139.17,1625449482.0,64.0
-76.5,1625449482.0,64.0
-4.93,1625449482.0,64.0
71.68,1625449482.0,64.0
145.34,1625449482.0,64.0
205.79,1625449482.0,64.0
244.34,1625449482.0,64.0
257.35,1625449482.0,64.0
247.57,1625449482.0,64.0
222.47,1625449482.0,64.0
190.55,1625449482.0,64.0
157.8,1625449482.0,64.0
125.85,1625449482.0,64.0
92.95,1625449482.0,64.0
56.12,1625449482.0,64.0
13.44,1625449482.0,64.0
-34.65,1625449482.0,64.0
-85.51,1625449482.0,64.0
-135.13,1625449482.0,64.0
-179.36,1625449482.0,64.0
-214.78,1625449482.0,64.0
-239.35,1625449482.0,64.0
-252.7,1625449482.0,64.0
-256.08,1625449482.0,64.0
-251.79,1625449482.0,64.0
-242.25,1625449482.0,64.0
-229.38,1625449482.0,64.0
-214.49,1625449482.0,64.0
-198.63,1625449482.0,64.0
-183.23,1625449482.0,64.0
-170.26,1625449482.0,64.0
-161.59,1625449482.0,64.0
-157.94,1625449482.0,64.0
-158.05,1625449482.0,64.0
-158.68,1625449482.0,64.0
-155.85,1625449482.0,64.0
-146.52,1625449482.0,64.0
-129.93,1625449482.0,64.0
-107.88,1625449482.0,64.0
-83.97,1625449482.0,64.0
-62.06,1625449482.0,64.0
-44.7,1625449482.0,64.0
-32.42,1625449482.0,64.0
-23.84,1625449482.0,64.0
-16.8,1625449482.0,64.0
-9.52,1625449482.0,64.0
-1.34,1625449482.0,64.0
7.22,1625449482.0,64.0
15.09,1625449482.0,64.0
21.38,1625449482.0,64.0
25.88,1625449482.0,64.0
29.13,1625449482.0,64.0
31.97,1625449482.0,64.0
35.09,1625449482.0,64.0
38.69,1625449482.0,64.0
42.46,1625449482.0,64.0
45.81,1625449482.0,64.0
48.17,1625449482.0,64.0
49.27,1625449482.0,64.0
49.19,1625449482.0,64.0
48.24,1625449482.0,64.0
46.78,1625449482.0,64.0
45.01,1625449482.0,64.0
42.92,1625449482.0,64.0
40.31,1625449482.0,64.0
36.87,1625449482.0,64.0
32.42,1625449482.0,64.0
27.01,1625449482.0,64.0
20.97,1625449482.0,64.0
14.89,1625449482.0,64.0
9.4,1625449482.0,64.0
4.95,1625449482.0,64.0
1.66,1625449482.0,64.0
-0.72,1625449482.0,64.0
-2.71,1625449482.0,64.0
-4.89,1625449482.0,64.0
-7.72,1625449482.0,64.0
-11.38,1625449482.0,64.0
-15.83,1625449482.0,64.0
-20.85,1625449482.0,64.0
-26.14,1625449482.0,64.0
-31.29,1625449482.0,64.0
-35.78,1625449482.0,64.0
-38.99,1625449482.0,64.0
-40.27,1625449482.0,64.0
-39.18,1625449482.0,64.0
-35.65,1625449482.0,64.0
-29.99,1625449482.0,64.0
-22.81,1625449482.0,64.0
-14.72,1625449482.0,64.0
-6.23,1625449482.0,64.0
2.3,1625449482.0,64.0
10.53,1625449482.0,64.0
18.08,1625449482.0,64.0
24.54,1625449482.0,64.0
29.56,1625449482.0,64.0
33.07,1625449482.0,64.0
35.27,1625449482.0,64.0
36.61,1625449482.0,64.0
37.58,1625449482.0,64.0
38.52,1625449482.0,64.0
39.54,1625449482.0,64.0
40.53,1625449482.0,64.0
41.26,1625449482.0,64.0
41.45,1625449482.0,64.0
40.89,1625449482.0,64.0
39.47,1625449482.0,64.0
37.21,1625449482.0,64.0
34.21,1625449482.0,64.0
30.64,1625449482.0,64.0
26.66,1625449482.0,64.0
22.38,1625449482.0,64.0
17.91,1625449482.0,64.0
13.4,1625449482.0,64.0
9.09,1625449482.0,64.0
5.24,1625449482.0,64.0
2.02,1625449482.0,64.0
-0.61,1625449482.0,64.0
-2.97,1625449482.0,64.0
-5.47,1625449482.0,64.0
-8.5,1625449482.0,64.0
-12.18,1625449482.0,64.0
-16.42,1625449482.0,64.0
-20.96,1625449482.0,64.0
-25.57,1625449482.0,64.0
-30.07,1625449482.0,64.0
-34.29,1625449482.0,64.0
-37.96,1625449482.0,64.0
-40.61,1625449482.0,64.0
-41.7,1625449482.0,64.0
-40.78,1625449482.0,64.0
-37.69,1625449482.0,64.0
-32.64,1625449482.0,64.0
-26.1,1625449482.0,64.0
-18.64,1625449482.0,64.0
-10.76,1625449482.0,64.0
-2.86,1625449482.0,64.0
4.72,1625449482.0,64.0
11.59,1625449482.0,64.0
17.34,1625449482.0,64.0
21.63,1625449482.0,64.0
24.3,1625449482.0,64.0
25.6,1625449482.0,64.0
25.99,1625449482.0,64.0
26.08,1625449482.0,64.0
26.35,1625449482.0,64.0
27.02,1625449482.0,64.0
28.05,1625449482.0,64.0
29.23,1625449482.0,64.0
30.33,1625449482.0,64.0
31.14,1625449482.0,64.0
31.44,1625449482.0,64.0
30.99,1625449482.0,64.0
29.56,1625449482.0,64.0
26.97,1625449482.0,64.0
23.29,1625449482.0,64.0
18.84,1625449482.0,64.0
14.16,1625449482.0,64.0
9.79,1625449482.0,64.0
6.15,1625449482.0,64.0
3.33,1625449482.0,64.0
1.16,1625449482.0,64.0
-0.71,1625449482.0,64.0
-2.68,1625449482.0,64.0
-5.14,1625449482.0,64.0
-8.34,1625449482.0,64.0
-12.39,1625449482.0,64.0
-17.29,1625449482.0,64.0
-22.9,1625449482.0,64.0
-28.9,1625449482.0,64.0
-34.76,1625449482.0,64.0
-39.78,1625449482.0,64.0
-43.12,1625449482.0,64.0
-44.12,1625449482.0,64.0
-42.39,1625449482.0,64.0
-38.05,1625449482.0,64.0
-31.62,1625449482.0,64.0
-23.93,1625449482.0,64.0
-15.8,1625449482.0,64.0
-7.87,1625449482.0,64.0
-0.51,1625449482.0,64.0
6.13,1625449482.0,64.0
12.01,1625449482.0,64.0
17.11,1625449482.0,64.0
21.36,1625449482.0,64.0
24.71,1625449482.0,64.0
27.12,1625449482.0,64.0
28.65,1625449482.0,64.0
29.46,1625449482.0,64.0
29.76,1625449482.0,64.0
29.8,1625449482.0,64.0
29.76,1625449482.0,64.0
29.7,1625449482.0,64.0
29.59,1625449482.0,64.0
29.28,1625449482.0,64.0
28.69,1625449482.0,64.0
27.75,1625449482.0,64.0
26.52,1625449482.0,64.0
25.03,1625449482.0,64.0
23.28,1625449482.0,64.0
21.17,1625449482.0,64.0
18.62,1625449482.0,64.0
15.61,1625449482.0,64.0
12.3,1625449482.0,64.0
8.95,1625449482.0,64.0
5.84,1625449482.0,64.0
3.09,1625449482.0,64.0
0.59,1625449482.0,64.0
-1.91,1625449482.0,64.0
-4.74,1625449482.0,64.0
-8.1,1625449482.0,64.0
-11.98,1625449482.0,64.0
-16.22,1625449482.0,64.0
-20.54,1625449482.0,64.0
-24.68,1625449482.0,64.0
-28.45,1625449482.0,64.0
-31.7,1625449482.0,64.0
-34.25,1625449482.0,64.0
-35.83,1625449482.0,64.0
-36.12,1625449482.0,64.0
-34.82,1625449482.0,64.0
-31.85,1625449482.0,64.0
-27.33,1625449482.0,64.0
-21.65,1625449482.0,64.0
-15.25,1625449482.0,64.0
-8.53,1625449482.0,64.0
-1.72,1625449482.0,64.0
5.03,1625449482.0,64.0
11.57,1625449482.0,64.0
17.59,1625449482.0,64.0
22.7,1625449482.0,64.0
26.52,1625449482.0,64.0
28.92,1625449482.0,64.0
30.05,1625449482.0,64.0
30.37,1625449482.0,64.0
30.37,1625449482.0,64.0
30.4,1625449482.0,64.0
30.52,1625449482.0,64.0
30.58,1625449482.0,64.0
30.26,1625449482.0,64.0
29.39,1625449482.0,64.0
27.96,1625449482.0,64.0
26.09,1625449482.0,64.0
23.99,1625449482.0,64.0
21.82,1625449482.0,64.0
19.63,1625449482.0,64.0
17.41,1625449482.0,64.0
15.06,1625449482.0,64.0
12.54,1625449482.0,64.0
9.84,1625449482.0,64.0
7.08,1625449482.0,64.0
4.4,1625449482.0,64.0
2.0,1625449482.0,64.0
-0.03,1625449482.0,64.0
-1.78,1625449482.0,64.0
-3.47,1625449482.0,64.0
-5.43,1625449482.0,64.0
-7.99,1625449482.0,64.0
-11.28,1625449482.0,64.0
-15.22,1625449482.0,64.0
-19.51,1625449482.0,64.0
-23.78,1625449482.0,64.0
-27.73,1625449482.0,64.0
-31.08,1625449482.0,64.0
-33.67,1625449482.0,64.0
-35.27,1625449482.0,64.0
-35.65,1625449482.0,64.0
-34.57,1625449482.0,64.0
-31.89,1625449482.0,64.0
-27.68,1625449482.0,64.0
-22.19,1625449482.0,64.0
-15.77,1625449482.0,64.0
-8.77,1625449482.0,64.0
-1.52,1625449482.0,64.0
5.67,1625449482.0,64.0
12.38,1625449482.0,64.0
18.13,1625449482.0,64.0
22.48,1625449482.0,64.0
25.19,1625449482.0,64.0
26.39,1625449482.0,64.0
26.54,1625449482.0,64.0
26.26,1625449482.0,64.0
26.06,1625449482.0,64.0
26.12,1625449482.0,64.0
26.26,1625449482.0,64.0
26.06,1625449482.0,64.0
25.12,1625449482.0,64.0
23.33,1625449482.0,64.0
20.88,1625449482.0,64.0
18.2,1625449482.0,64.0
15.73,1625449482.0,64.0
13.78,1625449482.0,64.0
12.36,1625449482.0,64.0
11.32,1625449482.0,64.0
10.42,1625449482.0,64.0
9.49,1625449482.0,64.0
8.48,1625449482.0,64.0
7.46,1625449482.0,64.0
6.47,1625449482.0,64.0
5.54,1625449482.0,64.0
4.58,1625449482.0,64.0
3.44,1625449482.0,64.0
1.98,1625449482.0,64.0
0.06,1625449482.0,64.0
-2.36,1625449482.0,64.0
-5.29,1625449482.0,64.0
-8.7,1625449482.0,64.0
-12.53,1625449482.0,64.0
-16.67,1625449482.0,64.0
-20.95,1625449482.0,64.0
-25.09,1625449482.0,64.0
-28.71,1625449482.0,64.0
-31.38,1625449482.0,64.0
-32.71,1625449482.0,64.0
-32.49,1625449482.0,64.0
-30.77,1625449482.0,64.0
-27.8,1625449482.0,64.0
-23.99,1625449482.0,64.0
-19.71,1625449482.0,64.0
-15.2,1625449482.0,64.0
-10.56,1625449482.0,64.0
-5.72,1625449482.0,64.0
-0.67,1625449482.0,64.0
4.54,1625449482.0,64.0
9.65,1625449482.0,64.0
14.36,1625449482.0,64.0
18.35,1625449482.0,64.0
21.44,1625449482.0,64.0
23.56,1625449482.0,64.0
24.75,1625449482.0,64.0
25.07,1625449482.0,64.0
24.62,1625449482.0,64.0
23.51,1625449482.0,64.0
21.92,1625449482.0,64.0
20.12,1625449482.0,64.0
18.36,1625449482.0,64.0
16.86,1625449482.0,64.0
15.68,1625449482.0,64.0
14.77,1625449482.0,64.0
13.96,1625449482.0,64.0
13.14,1625449482.0,64.0
12.26,1625449482.0,64.0
11.41,1625449482.0,64.0
10.74,1625449482.0,64.0
10.38,1625449482.0,64.0
10.36,1625449482.0,64.0
10.56,1625449482.0,64.0
10.76,1625449482.0,64.0
10.65,1625449482.0,64.0
9.98,1625449482.0,64.0
8.55,1625449482.0,64.0
6.3,1625449482.0,64.0
3.24,1625449482.0,64.0
-0.48,1625449482.0,64.0
-4.67,1625449482.0,64.0
-9.06,1625449482.0,64.0
-13.41,1625449482.0,64.0
-17.55,1625449482.0,64.0
-21.38,1625449482.0,64.0
-24.84,1625449482.0,64.0
-27.8,1625449482.0,64.0
-30.01,1625449482.0,64.0
-31.15,1625449482.0,64.0
-30.96,1625449482.0,64.0
-29.36,1625449482.0,64.0
-26.51,1625449482.0,64.0
-22.79,1625449482.0,64.0
-18.58,1625449482.0,64.0
-14.09,1625449482.0,64.0
-9.38,1625449482.0,64.0
-4.38,1625449482.0,64.0
0.8,1625449482.0,64.0
5.85,1625449482.0,64.0
10.26,1625449482.0,64.0
13.49,1625449482.0,64.0
15.31,1625449482.0,64.0
15.81,1625449482.0,64.0
15.41,1625449482.0,64.0
14.63,1625449482.0,64.0
13.87,1625449482.0,64.0
13.34,1625449482.0,64.0
13.01,1625449482.0,64.0
12.77,1625449482.0,64.0
12.52,1625449482.0,64.0
12.21,1625449482.0,64.0
11.81,1625449482.0,64.0
11.36,1625449482.0,64.0
10.89,1625449482.0,64.0
10.47,1625449482.0,64.0
10.08,1625449482.0,64.0
9.7,1625449482.0,64.0
9.22,1625449482.0,64.0
8.47,1625449482.0,64.0
7.35,1625449482.0,64.0
5.9,1625449482.0,64.0
4.3,1625449482.0,64.0
2.8,1625449482.0,64.0
1.55,1625449482.0,64.0
0.5,1625449482.0,64.0
-0.66,1625449482.0,64.0
-2.28,1625449482.0,64.0
-4.6,1625449482.0,64.0
-7.61,1625449482.0,64.0
-11.06,1625449482.0,64.0
-14.63,1625449482.0,64.0
-18.04,1625449482.0,64.0
-21.13,1625449482.0,64.0
-23.83,1625449482.0,64.0
-26.02,1625449482.0,64.0
-27.51,1625449482.0,64.0
-28.02,1625449482.0,64.0
-27.31,1625449482.0,64.0
-25.27,1625449482.0,64.0
-22.07,1625449482.0,64.0
-18.01,1625449482.0,64.0
-13.49,1625449482.0,64.0
-8.86,1625449482.0,64.0
-4.38,1625449482.0,64.0
-0.2,1625449482.0,64.0
3.55,1625449482.0,64.0
6.71,1625449482.0,64.0
9.12,1625449482.0,64.0
10.64,1625449482.0,64.0
11.27,1625449482.0,64.0
11.17,1625449482.0,64.0
10.71,1625449482.0,64.0
10.32,1625449482.0,64.0
10.38,1625449482.0,64.0
11.08,1625449482.0,64.0
12.38,1625449482.0,64.0
13.97,1625449482.0,64.0
15.39,1625449482.0,64.0
16.22,1625449482.0,64.0
16.15,1625449482.0,64.0
15.06,1625449482.0,64.0
13.09,1625449482.0,64.0
10.47,1625449482.0,64.0
7.5,1625449482.0,64.0
4.42,1625449482.0,64.0
1.43,1625449482.0,64.0
-1.33,1625449482.0,64.0
-3.7,1625449482.0,64.0
-5.57,1625449482.0,64.0
-6.86,1625449482.0,64.0
-7.6,1625449482.0,64.0
-7.89,1625449482.0,64.0
-7.95,1625449482.0,64.0
-8.0,1625449482.0,64.0
-8.24,1625449482.0,64.0
-8.85,1625449482.0,64.0
-9.89,1625449482.0,64.0
-11.45,1625449482.0,64.0
-13.48,1625449482.0,64.0
-15.82,1625449482.0,64.0
-18.16,1625449482.0,64.0
-20.15,1625449482.0,64.0
-21.43,1625449482.0,64.0
-21.8,1625449482.0,64.0
-21.28,1625449482.0,64.0
-20.03,1625449482.0,64.0
-18.23,1625449482.0,64.0
-15.95,1625449482.0,64.0
-13.11,1625449482.0,64.0
-9.6,1625449482.0,64.0
-5.39,1625449482.0,64.0
-0.7,1625449482.0,64.0
4.04,1625449482.0,64.0
8.3,1625449482.0,64.0
11.7,1625449482.0,64.0
14.16,1625449482.0,64.0
15.91,1625449482.0,64.0
17.32,1625449482.0,64.0
18.7,1625449482.0,64.0
20.07,1625449482.0,64.0
21.24,1625449482.0,64.0
21.9,1625449482.0,64.0
21.81,1625449482.0,64.0
20.95,1625449482.0,64.0
19.47,1625449482.0,64.0
17.63,1625449482.0,64.0
15.62,1625449482.0,64.0
13.53,1625449482.0,64.0
11.33,1625449482.0,64.0
8.96,1625449482.0,64.0
6.46,1625449482.0,64.0
3.94,1625449482.0,64.0
1.59,1625449482.0,64.0
-0.39,1625449482.0,64.0
-1.83,1625449482.0,64.0
-2.7,1625449482.0,64.0
-3.12,1625449482.0,64.0
-3.4,1625449482.0,64.0
-3.9,1625449482.0,64.0
-4.96,1625449482.0,64.0
-6.74,1625449482.0,64.0
-9.18,1625449482.0,64.0
-11.97,1625449482.0,64.0
-14.78,1625449482.0,64.0
-17.33,1625449482.0,64.0
-19.51,1625449482.0,64.0
-21.34,1625449482.0,64.0
-22.81,1625449482.0,64.0
-23.79,1625449482.0,64.0
-24.07,1625449482.0,64.0
-23.38,1625449482.0,64.0
-21.56,1625449482.0,64.0
-18.64,1625449482.0,64.0
-14.82,1625449482.0,64.0
-10.33,1625449482.0,64.0
-5.43,1625449482.0,64.0
-0.38,1625449482.0,64.0
4.54,1625449482.0,64.0
8.98,1625449482.0,64.0
12.66,1625449482.0,64.0
15.4,1625449482.0,64.0
17.23,1625449482.0,64.0
18.35,1625449482.0,64.0
19.05,1625449482.0,64.0
19.55,1625449482.0,64.0
19.9,1625449482.0,64.0
20.01,1625449482.0,64.0
19.73,1625449482.0,64.0
18.97,1625449482.0,64.0
17.78,1625449482.0,64.0
16.32,1625449482.0,64.0
14.8,1625449482.0,64.0
13.4,1625449482.0,64.0
12.19,1625449482.0,64.0
11.12,1625449482.0,64.0
10.07,1625449482.0,64.0
8.94,1625449482.0,64.0
7.68,1625449482.0,64.0
6.35,1625449482.0,64.0
5.03,1625449482.0,64.0
3.81,1625449482.0,64.0
2.67,1625449482.0,64.0
1.49,1625449482.0,64.0
0.09,1625449482.0,64.0
-1.73,1625449482.0,64.0
-4.06,1625449482.0,64.0
-6.91,1625449482.0,64.0
-10.14,1625449482.0,64.0
-13.56,1625449482.0,64.0
-16.94,1625449482.0,64.0
-20.13,1625449482.0,64.0
-23.0,1625449482.0,64.0
-25.46,1625449482.0,64.0
-27.37,1625449482.0,64.0
-28.54,1625449482.0,64.0
-28.71,1625449482.0,64.0
-27.64,1625449482.0,64.0
-25.23,1625449482.0,64.0
-21.53,1625449482.0,64.0
-16.84,1625449482.0,64.0
-11.51,1625449482.0,64.0
-5.88,1625449482.0,64.0
-0.19,1625449482.0,64.0
5.38,1625449482.0,64.0
10.63,1625449482.0,64.0
15.23,1625449482.0,64.0
18.82,1625449482.0,64.0
21.14,1625449482.0,64.0
22.2,1625449482.0,64.0
22.31,1625449482.0,64.0
22.0,1625449482.0,64.0
21.74,1625449482.0,64.0
21.77,1625449482.0,64.0
22.04,1625449482.0,64.0
22.27,1625449482.0,64.0
22.18,1625449482.0,64.0
21.59,1625449482.0,64.0
20.56,1625449482.0,64.0
19.28,1625449482.0,64.0
17.97,1625449482.0,64.0
16.77,1625449482.0,64.0
15.72,1625449482.0,64.0
14.76,1625449482.0,64.0
13.78,1625449482.0,64.0
12.67,1625449482.0,64.0
11.39,1625449482.0,64.0
9.92,1625449482.0,64.0
8.32,1625449482.0,64.0
6.63,1625449482.0,64.0
4.88,1625449482.0,64.0
3.03,1625449482.0,64.0
1.0,1625449482.0,64.0
-1.33,1625449482.0,64.0
-3.99,1625449482.0,64.0
-6.92,1625449482.0,64.0
-9.92,1625449482.0,64.0
-12.79,1625449482.0,64.0
-15.35,1625449482.0,64.0
-17.56,1625449482.0,64.0
-19.44,1625449482.0,64.0
-21.01,1625449482.0,64.0
-22.17,1625449482.0,64.0
-22.69,1625449482.0,64.0
-22.26,1625449482.0,64.0
-20.7,1625449482.0,64.0
-18.01,1625449482.0,64.0
-14.46,1625449482.0,64.0
-10.44,1625449482.0,64.0
-6.32,1625449482.0,64.0
-2.37,1625449482.0,64.0
1.31,1625449482.0,64.0
4.68,1625449482.0,64.0
7.71,1625449482.0,64.0
10.31,1625449482.0,64.0
12.38,1625449482.0,64.0
13.88,1625449482.0,64.0
14.83,1625449482.0,64.0
15.4,1625449482.0,64.0
15.76,1625449482.0,64.0
16.07,1625449482.0,64.0
16.36,1625449482.0,64.0
16.55,1625449482.0,64.0
16.51,1625449482.0,64.0
16.11,1625449482.0,64.0
15.35,1625449482.0,64.0
14.28,1625449482.0,64.0
13.03,1625449482.0,64.0
11.7,1625449482.0,64.0
10.3,1625449482.0,64.0
8.8,1625449482.0,64.0
7.16,1625449482.0,64.0
5.38,1625449482.0,64.0
3.57,1625449482.0,64.0
1.85,1625449482.0,64.0
0.34,1625449482.0,64.0
-0.91,1625449482.0,64.0
-1.93,1625449482.0,64.0
-2.84,1625449482.0,64.0
-3.75,1625449482.0,64.0
-4.79,1625449482.0,64.0
-6.05,1625449482.0,64.0
-7.56,1625449482.0,64.0
-9.33,1625449482.0,64.0
-11.3,1625449482.0,64.0
-13.37,1625449482.0,64.0
-15.4,1625449482.0,64.0
-17.19,1625449482.0,64.0
-18.52,1625449482.0,64.0
-19.22,1625449482.0,64.0
-19.17,1625449482.0,64.0
-18.34,1625449482.0,64.0
-16.76,1625449482.0,64.0
-14.54,1625449482.0,64.0
-11.82,1625449482.0,64.0
-8.68,1625449482.0,64.0
-5.23,1625449482.0,64.0
-1.6,1625449482.0,64.0
2.01,1625449482.0,64.0
5.32,1625449482.0,64.0
8.03,1625449482.0,64.0
9.91,1625449482.0,64.0
10.92,1625449482.0,64.0
11.25,1625449482.0,64.0
11.26,1625449482.0,64.0
11.36,1625449482.0,64.0
11.8,1625449482.0,64.0
12.56,1625449482.0,64.0
13.38,1625449482.0,64.0
13.87,1625449482.0,64.0
13.71,1625449482.0,64.0
12.81,1625449482.0,64.0
11.31,1625449482.0,64.0
9.5,1625449482.0,64.0
7.7,1625449482.0,64.0
6.16,1625449482.0,64.0
4.99,1625449482.0,64.0
4.19,1625449482.0,64.0
3.75,1625449482.0,64.0
3.51,1625449482.0,64.0
3.32,1625449482.0,64.0
2.95,1625449482.0,64.0
2.28,1625449482.0,64.0
1.27,1625449482.0,64.0
0.12,1625449482.0,64.0
-0.94,1625449482.0,64.0
-1.73,1625449482.0,64.0
-2.26,1625449482.0,64.0
-2.73,1625449482.0,64.0
-3.4,1625449482.0,64.0
-4.49,1625449482.0,64.0
-6.01,1625449482.0,64.0
-7.85,1625449482.0,64.0
-9.85,1625449482.0,64.0
-11.91,1625449482.0,64.0
-13.9,1625449482.0,64.0
-15.68,1625449482.0,64.0
-16.96,1625449482.0,64.0
-17.42,1625449482.0,64.0
-16.8,1625449482.0,64.0
-15.02,1625449482.0,64.0
-12.22,1625449482.0,64.0
-8.73,1625449482.0,64.0
-4.88,1625449482.0,64.0
-0.95,1625449482.0,64.0
2.87,1625449482.0,64.0
6.44,1625449482.0,64.0
9.61,1625449482.0,64.0
12.24,1625449482.0,64.0
14.18,1625449482.0,64.0
15.41,1625449482.0,64.0
15.97,1625449482.0,64.0
16.02,1625449482.0,64.0
15.72,1625449482.0,64.0
15.25,1625449482.0,64.0
14.72,1625449482.0,64.0
14.22,1625449482.0,64.0
13.74,1625449482.0,64.0
13.26,1625449482.0,64.0
12.71,1625449482.0,64.0
12.07,1625449482.0,64.0
11.39,1625449482.0,64.0
10.72,1625449482.0,64.0
10.14,1625449482.0,64.0
9.68,1625449482.0,64.0
9.27,1625449482.0,64.0
8.78,1625449482.0,64.0
8.09,1625449482.0,64.0
7.11,1625449482.0,64.0
5.86,1625449482.0,64.0
4.43,1625449482.0,64.0
2.94,1625449482.0,64.0
1.51,1625449482.0,64.0
0.15,1625449482.0,64.0
-1.16,1625449482.0,64.0
-2.44,1625449482.0,64.0
-3.76,1625449482.0,64.0
-5.11,1625449482.0,64.0
-6.47,1625449482.0,64.0
-7.85,1625449482.0,64.0
-9.28,1625449482.0,64.0
-10.83,1625449482.0,64.0
-12.55,1625449482.0,64.0
-14.44,1625449482.0,64.0
-16.39,1625449482.0,64.0
-18.21,1625449482.0,64.0
-19.66,1625449482.0,64.0
-20.51,1625449482.0,64.0
-20.59,1625449482.0,64.0
-19.79,1625449482.0,64.0
-18.12,1625449482.0,64.0
-15.65,1625449482.0,64.0
-12.53,1625449482.0,64.0
-8.93,1625449482.0,64.0
-5.05,1625449482.0,64.0
-1.06,1625449482.0,64.0
2.84,1625449482.0,64.0
6.44,1625449482.0,64.0
9.5,1625449482.0,64.0
11.82,1625449482.0,64.0
13.27,1625449482.0,64.0
13.88,1625449482.0,64.0
13.86,1625449482.0,64.0
13.49,1625449482.0,64.0
13.02,1625449482.0,64.0
12.62,1625449482.0,64.0
12.27,1625449482.0,64.0
11.88,1625449482.0,64.0
11.35,1625449482.0,64.0
10.61,1625449482.0,64.0
9.67,1625449482.0,64.0
8.6,1625449482.0,64.0
7.51,1625449482.0,64.0
6.46,1625449482.0,64.0
5.52,1625449482.0,64.0
4.71,1625449482.0,64.0
4.04,1625449482.0,64.0
3.53,1625449482.0,64.0
3.1,1625449482.0,64.0
2.66,1625449482.0,64.0
2.11,1625449482.0,64.0
1.34,1625449482.0,64.0
0.33,1625449482.0,64.0
-0.85,1625449482.0,64.0
-2.03,1625449482.0,64.0
-3.01,1625449482.0,64.0
-3.64,1625449482.0,64.0
-3.87,1625449482.0,64.0
-3.8,1625449482.0,64.0
-3.62,1625449482.0,64.0
-3.59,1625449482.0,64.0
-3.9,1625449482.0,64.0
-4.67,1625449482.0,64.0
-5.9,1625449482.0,64.0
-7.45,1625449482.0,64.0
-9.09,1625449482.0,64.0
-10.51,1625449482.0,64.0
-11.42,1625449482.0,64.0
-11.62,1625449482.0,64.0
-11.04,1625449482.0,64.0
-9.79,1625449482.0,64.0
-8.02,1625449482.0,64.0
-5.97,1625449482.0,64.0
-3.82,1625449482.0,64.0
-1.74,1625449482.0,64.0
0.12,1625449482.0,64.0
1.63,1625449482.0,64.0
2.7,1625449482.0,64.0
3.3,1625449482.0,64.0
3.5,1625449482.0,64.0
3.48,1625449482.0,64.0
3.52,1625449482.0,64.0
3.89,1625449482.0,64.0
4.71,1625449482.0,64.0
5.98,1625449482.0,64.0
7.5,1625449482.0,64.0
8.97,1625449482.0,64.0
10.1,1625449482.0,64.0
10.74,1625449482.0,64.0
10.93,1625449482.0,64.0
10.81,1625449482.0,64.0
10.58,1625449482.0,64.0
10.3,1625449482.0,64.0
9.94,1625449482.0,64.0
9.41,1625449482.0,64.0
8.65,1625449482.0,64.0
7.69,1625449482.0,64.0
6.69,1625449482.0,64.0
5.78,1625449482.0,64.0
4.99,1625449482.0,64.0
4.22,1625449482.0,64.0
3.26,1625449482.0,64.0
1.92,1625449482.0,64.0
0.15,1625449482.0,64.0
-1.92,1625449482.0,64.0
-4.01,1625449482.0,64.0
-5.83,1625449482.0,64.0
-7.17,1625449482.0,64.0
-7.99,1625449482.0,64.0
-8.43,1625449482.0,64.0
-8.67,1625449482.0,64.0
-8.97,1625449482.0,64.0
-9.5,1625449482.0,64.0
-10.36,1625449482.0,64.0
-11.47,1625449482.0,64.0
-12.64,1625449482.0,64.0
-13.59,1625449482.0,64.0
-14.05,1625449482.0,64.0
-13.88,1625449482.0,64.0
-13.11,1625449482.0,64.0
-11.85,1625449482.0,64.0
-10.29,1625449482.0,64.0
-8.49,1625449482.0,64.0
-6.4,1625449482.0,64.0
-3.93,1625449482.0,64.0
-1.02,1625449482.0,64.0
2.16,1625449482.0,64.0
5.25,1625449482.0,64.0
7.86,1625449482.0,64.0
9.67,1625449482.0,64.0
10.65,1625449482.0,64.0
10.98,1625449482.0,64.0
11.03,1625449482.0,64.0
11.1,1625449482.0,64.0
11.34,1625449482.0,64.0
11.71,1625449482.0,64.0
12.05,1625449482.0,64.0
12.21,1625449482.0,64.0
12.11,1625449482.0,64.0
11.71,1625449482.0,64.0
11.02,1625449482.0,64.0
10.08,1625449482.0,64.0
8.93,1625449482.0,64.0
7.66,1625449482.0,64.0
6.37,1625449482.0,64.0
5.15,1625449482.0,64.0
4.04,1625449482.0,64.0
3.04,1625449482.0,64.0
2.13,1625449482.0,64.0
1.23,1625449482.0,64.0
0.36,1625449482.0,64.0
-0.48,1625449482.0,64.0
-1.2,1625449482.0,64.0
-1.76,1625449482.0,64.0
-2.14,1625449482.0,64.0
-2.42,1625449482.0,64.0
-2.73,1625449482.0,64.0
-3.23,1625449482.0,64.0
-4.04,1625449482.0,64.0
-5.18,1625449482.0,64.0
-6.54,1625449482.0,64.0
-8.0,1625449482.0,64.0
-9.44,1625449482.0,64.0
-10.79,1625449482.0,64.0
-12.04,1625449482.0,64.0
-13.12,1625449482.0,64.0
-13.94,1625449482.0,64.0
-14.32,1625449482.0,64.0
-14.13,1625449482.0,64.0
-13.34,1625449482.0,64.0
-12.04,1625449482.0,64.0
-10.37,1625449482.0,64.0
-8.5,1625449482.0,64.0
-6.48,1625449482.0,64.0
-4.28,1625449482.0,64.0
-1.89,1625449482.0,64.0
0.63,1625449482.0,64.0
3.07,1625449482.0,64.0
5.13,1625449482.0,64.0
6.57,1625449482.0,64.0
7.28,1625449482.0,64.0
7.37,1625449482.0,64.0
7.09,1625449482.0,64.0
6.77,1625449482.0,64.0
6.63,1625449482.0,64.0
6.77,1625449482.0,64.0
7.09,1625449482.0,64.0
7.44,1625449482.0,64.0
7.63,1625449482.0,64.0
7.56,1625449482.0,64.0
7.23,1625449482.0,64.0
6.69,1625449482.0,64.0
5.99,1625449482.0,64.0
5.2,1625449482.0,64.0
4.29,1625449482.0,64.0
3.26,1625449482.0,64.0
2.1,1625449482.0,64.0
0.9,1625449482.0,64.0
-0.21,1625449482.0,64.0
-1.08,1625449482.0,64.0
-1.61,1625449482.0,64.0
-1.83,1625449482.0,64.0
-1.91,1625449482.0,64.0
-2.15,1625449482.0,64.0
-2.88,1625449482.0,64.0
-4.31,1625449482.0,64.0
-6.46,1625449482.0,64.0
-9.07,1625449482.0,64.0
-11.71,1625449482.0,64.0
-13.94,1625449482.0,64.0
-15.47,1625449482.0,64.0
-16.2,1625449482.0,64.0
-16.33,1625449482.0,64.0
-16.12,1625449482.0,64.0
-15.85,1625449482.0,64.0
-15.67,1625449482.0,64.0
-15.53,1625449482.0,64.0
-15.24,1625449482.0,64.0
-14.61,1625449482.0,64.0
-13.49,1625449482.0,64.0
-11.91,1625449482.0,64.0
-9.99,1625449482.0,64.0
-7.92,1625449482.0,64.0
-5.82,1625449482.0,64.0
-3.7,1625449482.0,64.0
-1.5,1625449482.0,64.0
0.87,1625449482.0,64.0
3.35,1625449482.0,64.0
5.7,1625449482.0,64.0
7.62,1625449482.0,64.0
8.83,1625449482.0,64.0
9.31,1625449482.0,64.0
9.31,1625449482.0,64.0
9.23,1625449482.0,64.0
9.47,1625449482.0,64.0
10.16,1625449482.0,64.0
11.2,1625449482.0,64.0
12.25,1625449482.0,64.0
12.97,1625449482.0,64.0
13.19,1625449482.0,64.0
12.93,1625449482.0,64.0
12.32,1625449482.0,64.0
11.56,1625449482.0,64.0
10.8,1625449482.0,64.0
10.07,1625449482.0,64.0
9.39,1625449482.0,64.0
8.72,1625449482.0,64.0
8.01,1625449482.0,64.0
7.21,1625449482.0,64.0
6.24,1625449482.0,64.0
5.05,1625449482.0,64.0
3.63,1625449482.0,64.0
2.06,1625449482.0,64.0
0.44,1625449482.0,64.0
-1.13,1625449482.0,64.0
-2.55,1625449482.0,64.0
-3.78,1625449482.0,64.0
-4.83,1625449482.0,64.0
-5.73,1625449482.0,64.0
-6.54,1625449482.0,64.0
-7.33,1625449482.0,64.0
-8.2,1625449482.0,64.0
-9.24,1625449482.0,64.0
-10.45,1625449482.0,64.0
-11.78,1625449482.0,64.0
-13.08,1625449482.0,64.0
-14.11,1625449482.0,64.0
-14.66,1625449482.0,64.0
-14.59,1625449482.0,64.0
-13.86,1625449482.0,64.0
-12.57,1625449482.0,64.0
-10.84,1625449482.0,64.0
-8.82,1625449482.0,64.0
-6.63,1625449482.0,64.0
-4.33,1625449482.0,64.0
-1.96,1625449482.0,64.0
0.39,1625449482.0,64.0
2.63,1625449482.0,64.0
4.62,1625449482.0,64.0
6.22,1625449482.0,64.0
7.35,1625449482.0,64.0
8.03,1625449482.0,64.0
8.4,1625449482.0,64.0
8.63,1625449482.0,64.0
8.87,1625449482.0,64.0
9.18,1625449482.0,64.0
9.48,1625449482.0,64.0
9.65,1625449482.0,64.0
9.56,1625449482.0,64.0
9.17,1625449482.0,64.0
8.56,1625449482.0,64.0
7.88,1625449482.0,64.0
7.24,1625449482.0,64.0
6.71,1625449482.0,64.0
6.26,1625449482.0,64.0
5.81,1625449482.0,64.0
5.26,1625449482.0,64.0
4.57,1625449482.0,64.0
3.74,1625449482.0,64.0
2.84,1625449482.0,64.0
1.96,1625449482.0,64.0
1.16,1625449482.0,64.0
0.48,1625449482.0,64.0
-0.11,1625449482.0,64.0
-0.69,1625449482.0,64.0
-1.34,1625449482.0,64.0
-2.16,1625449482.0,64.0
-3.17,1625449482.0,64.0
-4.35,1625449482.0,64.0
-5.64,1625449482.0,64.0
-6.98,1625449482.0,64.0
-8.33,1625449482.0,64.0
-9.69,1625449482.0,64.0
-11.04,1625449482.0,64.0
-12.33,1625449482.0,64.0
-13.45,1625449482.0,64.0
-14.2,1625449482.0,64.0
-14.39,1625449482.0,64.0
-13.87,1625449482.0,64.0
-12.61,1625449482.0,64.0
-10.69,1625449482.0,64.0
-8.31,1625449482.0,64.0
-5.7,1625449482.0,64.0
-3.07,1625449482.0,64.0
-0.58,1625449482.0,64.0
1.67,1625449482.0,64.0
3.61,1625449482.0,64.0
5.23,1625449482.0,64.0
6.49,1625449482.0,64.0
7.39,1625449482.0,64.0
7.93,1625449482.0,64.0
8.18,1625449482.0,64.0
8.22,1625449482.0,64.0
8.19,1625449482.0,64.0
8.2,1625449482.0,64.0
8.29,1625449482.0,64.0
8.43,1625449482.0,64.0
8.51,1625449482.0,64.0
8.38,1625449482.0,64.0
7.97,1625449482.0,64.0
7.34,1625449482.0,64.0
6.68,1625449482.0,64.0
6.18,1625449482.0,64.0
5.94,1625449482.0,64.0
5.85,1625449482.0,64.0
5.67,1625449482.0,64.0
5.17,1625449482.0,64.0
4.21,1625449482.0,64.0
2.91,1625449482.0,64.0
1.51,1625449482.0,64.0
0.24,1625449482.0,64.0
-0.83,1625449482.0,64.0
-1.77,1625449482.0,64.0
-2.8,1625449482.0,64.0
-4.04,1625449482.0,64.0
-5.5,1625449482.0,64.0
-7.04,1625449482.0,64.0
-8.48,1625449482.0,64.0
-9.66,1625449482.0,64.0
-10.55,1625449482.0,64.0
-11.16,1625449482.0,64.0
-11.55,1625449482.0,64.0
-11.78,1625449482.0,64.0
-11.89,1625449482.0,64.0
-11.89,1625449482.0,64.0
-11.72,1625449482.0,64.0
-11.26,1625449482.0,64.0
-10.37,1625449482.0,64.0
-8.98,1625449482.0,64.0
-7.06,1625449482.0,64.0
-4.74,1625449482.0,64.0
-2.21,1625449482.0,64.0
0.34,1625449482.0,64.0
2.75,1625449482.0,64.0
4.91,1625449482.0,64.0
6.7,1625449482.0,64.0
8.06,1625449482.0,64.0
8.94,1625449482.0,64.0
9.39,1625449482.0,64.0
9.56,1625449482.0,64.0
9.67,1625449482.0,64.0
9.89,1625449482.0,64.0
10.26,1625449482.0,64.0
10.7,1625449482.0,64.0
11.01,1625449482.0,64.0
11.02,1625449482.0,64.0
10.64,1625449482.0,64.0
9.91,1625449482.0,64.0
8.92,1625449482.0,64.0
7.84,1625449482.0,64.0
6.76,1625449482.0,64.0
5.69,1625449482.0,64.0
4.59,1625449482.0,64.0
3.43,1625449482.0,64.0
2.19,1625449482.0,64.0
0.89,1625449482.0,64.0
-0.38,1625449482.0,64.0
-1.55,1625449482.0,64.0
-2.56,1625449482.0,64.0
-3.37,1625449482.0,64.0
-4.0,1625449482.0,64.0
-4.48,1625449482.0,64.0
-4.89,1625449482.0,64.0
-5.34,1625449482.0,64.0
-5.96,1625449482.0,64.0
-6.86,1625449482.0,64.0
-8.1,1625449482.0,64.0
-9.63,1625449482.0,64.0
-11.32,1625449482.0,64.0
-12.96,1625449482.0,64.0
-14.31,1625449482.0,64.0
-15.18,1625449482.0,64.0
-15.44,1625449482.0,64.0
-15.07,1625449482.0,64.0
-14.13,1625449482.0,64.0
-12.77,1625449482.0,64.0
-11.13,1625449482.0,64.0
-9.35,1625449482.0,64.0
-7.47,1625449482.0,64.0
-5.45,1625449482.0,64.0
-3.22,1625449482.0,64.0
-0.73,1625449482.0,64.0
1.94,1625449482.0,64.0
4.62,1625449482.0,64.0
7.02,1625449482.0,64.0
8.88,1625449482.0,64.0
10.03,1625449482.0,64.0
10.5,1625449482.0,64.0
10.48,1625449482.0,64.0
10.24,1625449482.0,64.0
10.01,1625449482.0,64.0
9.89,1625449482.0,64.0
9.84,1625449482.0,64.0
9.72,1625449482.0,64.0
9.39,1625449482.0,64.0
8.79,1625449482.0,64.0
7.94,1625449482.0,64.0
6.98,1625449482.0,64.0
5.99,1625449482.0,64.0
5.05,1625449482.0,64.0
4.19,1625449482.0,64.0
3.41,1625449482.0,64.0
2.74,1625449482.0,64.0
2.19,1625449482.0,64.0
1.73,1625449482.0,64.0
1.29,1625449482.0,64.0
0.78,1625449482.0,64.0
0.11,1625449482.0,64.0
-0.7,1625449482.0,64.0
-1.61,1625449482.0,64.0
-2.54,1625449482.0,64.0
-3.45,1625449482.0,64.0
-4.35,1625449482.0,64.0
-5.26,1625449482.0,64.0
-6.2,1625449482.0,64.0
-7.18,1625449482.0,64.0
-8.25,1625449482.0,64.0
-9.46,1625449482.0,64.0
-10.89,1625449482.0,64.0
-12.54,1625449482.0,64.0
-14.23,1625449482.0,64.0
-15.61,1625449482.0,64.0
-16.28,1625449482.0,64.0
-15.9,1625449482.0,64.0
-14.41,1625449482.0,64.0
-12.03,1625449482.0,64.0
-9.16,1625449482.0,64.0
-6.21,1625449482.0,64.0
-3.48,1625449482.0,64.0
-1.06,1625449482.0,64.0
1.04,1625449482.0,64.0
2.94,1625449482.0,64.0
4.68,1625449482.0,64.0
6.25,1625449482.0,64.0
7.62,1625449482.0,64.0
8.73,1625449482.0,64.0
9.54,1625449482.0,64.0
10.06,1625449482.0,64.0
10.37,1625449482.0,64.0
10.57,1625449482.0,64.0
10.79,1625449482.0,64.0
11.06,1625449482.0,64.0
11.37,1625449482.0,64.0
11.61,1625449482.0,64.0
11.64,1625449482.0,64.0
11.37,1625449482.0,64.0
10.74,1625449482.0,64.0
9.83,1625449482.0,64.0
8.71,1625449482.0,64.0
7.46,1625449482.0,64.0
6.11,1625449482.0,64.0
4.69,1625449482.0,64.0
3.18,1625449482.0,64.0
1.61,1625449482.0,64.0
0.06,1625449482.0,64.0
-1.36,1625449482.0,64.0
-2.5,1625449482.0,64.0
-3.28,1625449482.0,64.0
-3.68,1625449482.0,64.0
-3.8,1625449482.0,64.0
-3.83,1625449482.0,64.0
-4.01,1625449482.0,64.0
-4.5,1625449482.0,64.0
-5.37,1625449482.0,64.0
-6.55,1625449482.0,64.0
-7.91,1625449482.0,64.0
-9.32,1625449482.0,64.0
-10.74,1625449482.0,64.0
-12.11,1625449482.0,64.0
-13.39,1625449482.0,64.0
-14.44,1625449482.0,64.0
-15.05,1625449482.0,64.0
-15.01,1625449482.0,64.0
-14.23,1625449482.0,64.0
-12.73,1625449482.0,64.0
-10.72,1625449482.0,64.0
-8.39,1625449482.0,64.0
-5.89,1625449482.0,64.0
-3.26,1625449482.0,64.0
-0.48,1625449482.0,64.0
2.41,1625449482.0,64.0
5.24,1625449482.0,64.0
7.76,1625449482.0,64.0
9.71,1625449482.0,64.0
10.92,1625449482.0,64.0
11.41,1625449482.0,64.0
11.35,1625449482.0,64.0
11.01,1625449482.0,64.0
10.63,1625449482.0,64.0
10.36,1625449482.0,64.0
10.26,1625449482.0,64.0
10.27,1625449482.0,64.0
10.26,1625449482.0,64.0
10.1,1625449482.0,64.0
9.71,1625449482.0,64.0
9.05,1625449482.0,64.0
8.21,1625449482.0,64.0
7.33,1625449482.0,64.0
6.55,1625449482.0,64.0
5.92,1625449482.0,64.0
5.42,1625449482.0,64.0
4.94,1625449482.0,64.0
4.34,1625449482.0,64.0
3.55,1625449482.0,64.0
2.56,1625449482.0,64.0
1.44,1625449482.0,64.0
0.27,1625449482.0,64.0
-0.86,1625449482.0,64.0
-1.88,1625449482.0,64.0
-2.82,1625449482.0,64.0
-3.75,1625449482.0,64.0
-4.79,1625449482.0,64.0
-6.07,1625449482.0,64.0
-7.65,1625449482.0,64.0
-9.48,1625449482.0,64.0
-11.39,1625449482.0,64.0
-13.21,1625449482.0,64.0
-14.76,1625449482.0,64.0
-15.93,1625449482.0,64.0
-16.7,1625449482.0,64.0
-17.07,1625449482.0,64.0
-17.01,1625449482.0,64.0
-16.43,1625449482.0,64.0
-15.21,1625449482.0,64.0
-13.29,1625449482.0,64.0
-10.66,1625449482.0,64.0
-7.47,1625449482.0,64.0
-3.96,1625449482.0,64.0
-0.43,1625449482.0,64.0
2.84,1625449482.0,64.0
5.61,1625449482.0,64.0
7.74,1625449482.0,64.0
9.2,1625449482.0,64.0
10.09,1625449482.0,64.0
10.61,1625449482.0,64.0
11.01,1625449482.0,64.0
11.5,1625449482.0,64.0
12.2,1625449482.0,64.0
12.98,1625449482.0,64.0
13.54,1625449482.0,64.0
13.44,1625449482.0,64.0
12.3,1625449482.0,64.0
9.99,1625449482.0,64.0
6.74,1625449482.0,64.0
3.1,1625449482.0,64.0
-0.26,1625449482.0,64.0
-2.71,1625449482.0,64.0
-3.95,1625449482.0,64.0
-4.04,1625449482.0,64.0
-3.37,1625449482.0,64.0
-2.49,1625449482.0,64.0
-1.89,1625449482.0,64.0
-1.8,1625449482.0,64.0
-2.19,1625449482.0,64.0
-2.81,1625449482.0,64.0
-3.35,1625449482.0,64.0
-3.61,1625449482.0,64.0
-3.59,1625449482.0,64.0
-3.45,1625449482.0,64.0
-3.42,1625449482.0,64.0
-3.7,1625449482.0,64.0
-4.34,1625449482.0,64.0
-5.28,1625449482.0,64.0
-6.43,1625449482.0,64.0
-7.72,1625449482.0,64.0
-9.14,1625449482.0,64.0
-10.69,1625449482.0,64.0
-12.28,1625449482.0,64.0
-13.68,1625449482.0,64.0
-14.58,1625449482.0,64.0
-14.63,1625449482.0,64.0
-13.66,1625449482.0,64.0
-11.7,1625449482.0,64.0
-9.04,1625449482.0,64.0
-6.07,1625449482.0,64.0
-3.12,1625449482.0,64.0
-0.31,1625449482.0,64.0
2.37,1625449482.0,64.0
5.0,1625449482.0,64.0
7.56,1625449482.0,64.0
9.88,1625449482.0,64.0
11.72,1625449482.0,64.0
12.88,1625449482.0,64.0
13.29,1625449482.0,64.0
13.1,1625449482.0,64.0
12.52,1625449482.0,64.0
11.78,1625449482.0,64.0
11.0,1625449482.0,64.0
10.22,1625449482.0,64.0
9.42,1625449482.0,64.0
8.57,1625449482.0,64.0
7.65,1625449482.0,64.0
6.67,1625449482.0,64.0
5.68,1625449482.0,64.0
4.73,1625449482.0,64.0
3.85,1625449482.0,64.0
3.08,1625449482.0,64.0
2.43,1625449482.0,64.0
1.88,1625449482.0,64.0
1.41,1625449482.0,64.0
0.98,1625449482.0,64.0
0.54,1625449482.0,64.0
0.03,1625449482.0,64.0
-0.65,1625449482.0,64.0
-1.6,1625449482.0,64.0
-2.9,1625449482.0,64.0
-4.49,1625449482.0,64.0
-6.23,1625449482.0,64.0
-7.94,1625449482.0,64.0
-9.5,1625449482.0,64.0
-10.91,1625449482.0,64.0
-12.23,1625449482.0,64.0
-13.5,1625449482.0,64.0
-14.59,1625449482.0,64.0
-15.24,1625449482.0,64.0
-15.14,1625449482.0,64.0
-14.08,1625449482.0,64.0
-12.06,1625449482.0,64.0
-9.33,1625449482.0,64.0
-6.26,1625449482.0,64.0
-3.23,1625449482.0,64.0
-0.54,1625449482.0,64.0
1.72,1625449482.0,64.0
3.59,1625449482.0,64.0
5.19,1625449482.0,64.0
6.64,1625449482.0,64.0
7.99,1625449482.0,64.0
9.16,1625449482.0,64.0
10.08,1625449482.0,64.0
10.65,1625449482.0,64.0
10.87,1625449482.0,64.0
10.82,1625449482.0,64.0
10.6,1625449482.0,64.0
10.29,1625449482.0,64.0
9.86,1625449482.0,64.0
9.23,1625449482.0,64.0
8.35,1625449482.0,64.0
7.24,1625449482.0,64.0
6.03,1625449482.0,64.0
4.88,1625449482.0,64.0
3.89,1625449482.0,64.0
3.07,1625449482.0,64.0
2.35,1625449482.0,64.0
1.6,1625449482.0,64.0
0.75,1625449482.0,64.0
-0.22,1625449482.0,64.0
-1.28,1625449482.0,64.0
-2.41,1625449482.0,64.0
-3.6,1625449482.0,64.0
-4.87,1625449482.0,64.0
-6.22,1625449482.0,64.0
-7.61,1625449482.0,64.0
-8.98,1625449482.0,64.0
-10.29,1625449482.0,64.0
-11.54,1625449482.0,64.0
-12.78,1625449482.0,64.0
-14.05,1625449482.0,64.0
-15.36,1625449482.0,64.0
-16.6,1625449482.0,64.0
-17.58,1625449482.0,64.0
-18.06,1625449482.0,64.0
-17.86,1625449482.0,64.0
-16.93,1625449482.0,64.0
-15.31,1625449482.0,64.0
-13.11,1625449482.0,64.0
-10.46,1625449482.0,64.0
-7.4,1625449482.0,64.0
-4.02,1625449482.0,64.0
-0.42,1625449482.0,64.0
3.19,1625449482.0,64.0
6.49,1625449482.0,64.0
9.14,1625449482.0,64.0
10.91,1625449482.0,64.0
11.79,1625449482.0,64.0
12.03,1625449482.0,64.0
12.0,1625449482.0,64.0
12.01,1625449482.0,64.0
12.21,1625449482.0,64.0
12.51,1625449482.0,64.0
12.77,1625449482.0,64.0
12.85,1625449482.0,64.0
12.73,1625449482.0,64.0
12.49,1625449482.0,64.0
12.19,1625449482.0,64.0
11.77,1625449482.0,64.0
11.1,1625449482.0,64.0
10.02,1625449482.0,64.0
8.49,1625449482.0,64.0
6.6,1625449482.0,64.0
4.61,1625449482.0,64.0
2.72,1625449482.0,64.0
1.08,1625449482.0,64.0
-0.3,1625449482.0,64.0
-1.42,1625449482.0,64.0
-2.31,1625449482.0,64.0
-2.98,1625449482.0,64.0
-3.49,1625449482.0,64.0
-3.99,1625449482.0,64.0
-4.68,1625449482.0,64.0
-5.74,1625449482.0,64.0
-7.2,1625449482.0,64.0
-8.9,1625449482.0,64.0
-10.57,1625449482.0,64.0
-11.95,1625449482.0,64.0
-12.87,1625449482.0,64.0
-13.34,1625449482.0,64.0
-13.47,1625449482.0,64.0
-13.32,1625449482.0,64.0
-12.93,1625449482.0,64.0
-12.23,1625449482.0,64.0
-11.14,1625449482.0,64.0
-9.66,1625449482.0,64.0
-7.82,1625449482.0,64.0
-5.75,1625449482.0,64.0
-3.54,1625449482.0,64.0
-1.25,1625449482.0,64.0
1.06,1625449482.0,64.0
3.32,1625449482.0,64.0
5.42,1625449482.0,64.0
7.23,1625449482.0,64.0
8.64,1625449482.0,64.0
9.6,1625449482.0,64.0
10.19,1625449482.0,64.0
10.56,1625449482.0,64.0
10.88,1625449482.0,64.0
11.26,1625449482.0,64.0
11.71,1625449482.0,64.0
12.07,1625449482.0,64.0
12.15,1625449482.0,64.0
11.76,1625449482.0,64.0
10.87,1625449482.0,64.0
9.6,1625449482.0,64.0
8.16,1625449482.0,64.0
6.77,1625449482.0,64.0
5.56,1625449482.0,64.0
4.5,1625449482.0,64.0
3.48,1625449482.0,64.0
2.41,1625449482.0,64.0
1.3,1625449482.0,64.0
0.22,1625449482.0,64.0
-0.7,1625449482.0,64.0
-1.38,1625449482.0,64.0
-1.85,1625449482.0,64.0
-2.27,1625449482.0,64.0
-2.79,1625449482.0,64.0
-3.57,1625449482.0,64.0
-4.67,1625449482.0,64.0
-6.08,1625449482.0,64.0
-7.7,1625449482.0,64.0
-9.43,1625449482.0,64.0
-11.19,1625449482.0,64.0
-12.87,1625449482.0,64.0
-14.36,1625449482.0,64.0
-15.54,1625449482.0,64.0
-16.26,1625449482.0,64.0
-16.41,1625449482.0,64.0
-15.95,1625449482.0,64.0
-14.9,1625449482.0,64.0
-13.36,1625449482.0,64.0
-11.44,1625449482.0,64.0
-9.24,1625449482.0,64.0
-6.83,1625449482.0,64.0
-4.24,1625449482.0,64.0
-1.51,1625449482.0,64.0
1.26,1625449482.0,64.0
3.89,1625449482.0,64.0
6.2,1625449482.0,64.0
8.0,1625449482.0,64.0
9.19,1625449482.0,64.0
9.83,1625449482.0,64.0
10.05,1625449482.0,64.0
10.01,1625449482.0,64.0
9.87,1625449482.0,64.0
9.7,1625449482.0,64.0
9.49,1625449482.0,64.0
9.19,1625449482.0,64.0
8.77,1625449482.0,64.0
8.21,1625449482.0,64.0
7.55,1625449482.0,64.0
6.83,1625449482.0,64.0
6.12,1625449482.0,64.0
5.44,1625449482.0,64.0
4.8,1625449482.0,64.0
4.17,1625449482.0,64.0
3.49,1625449482.0,64.0
2.74,1625449482.0,64.0
1.96,1625449482.0,64.0
1.2,1625449482.0,64.0
0.53,1625449482.0,64.0
-0.03,1625449482.0,64.0
-0.54,1625449482.0,64.0
-1.09,1625449482.0,64.0
-1.77,1625449482.0,64.0
-2.59,1625449482.0,64.0
-3.45,1625449482.0,64.0
-4.24,1625449482.0,64.0
-4.88,1625449482.0,64.0
-5.39,1625449482.0,64.0
-5.9,1625449482.0,64.0
-6.55,1625449482.0,64.0
-7.49,1625449482.0,64.0
-8.75,1625449482.0,64.0
-10.26,1625449482.0,64.0
-11.88,1625449482.0,64.0
-13.39,1625449482.0,64.0
-14.58,1625449482.0,64.0
-15.25,1625449482.0,64.0
-15.23,1625449482.0,64.0
-14.43,1625449482.0,64.0
-12.85,1625449482.0,64.0
-10.55,1625449482.0,64.0
-7.74,1625449482.0,64.0
-4.61,1625449482.0,64.0
-1.37,1625449482.0,64.0
1.75,1625449482.0,64.0
4.58,1625449482.0,64.0
6.95,1625449482.0,64.0
8.74,1625449482.0,64.0
9.94,1625449482.0,64.0
10.62,1625449482.0,64.0
10.97,1625449482.0,64.0
11.19,1625449482.0,64.0
11.45,1625449482.0,64.0
11.86,1625449482.0,64.0
12.39,1625449482.0,64.0
12.9,1625449482.0,64.0
13.2,1625449482.0,64.0
13.12,1625449482.0,64.0
12.55,1625449482.0,64.0
11.5,1625449482.0,64.0
10.07,1625449482.0,64.0
8.48,1625449482.0,64.0
6.92,1625449482.0,64.0
5.62,1625449482.0,64.0
4.7,1625449482.0,64.0
4.18,1625449482.0,64.0
3.94,1625449482.0,64.0
3.84,1625449482.0,64.0
3.66,1625449482.0,64.0
3.24,1625449482.0,64.0
2.5,1625449482.0,64.0
1.48,1625449482.0,64.0
0.27,1625449482.0,64.0
-1.0,1625449482.0,64.0
-2.24,1625449482.0,64.0
-3.42,1625449482.0,64.0
-4.54,1625449482.0,64.0
-5.66,1625449482.0,64.0
-6.82,1625449482.0,64.0
-8.05,1625449482.0,64.0
-9.39,1625449482.0,64.0
-10.82,1625449482.0,64.0
-12.31,1625449482.0,64.0
-13.76,1625449482.0,64.0
-15.0,1625449482.0,64.0
-15.8,1625449482.0,64.0
-15.94,1625449482.0,64.0
-15.27,1625449482.0,64.0
-13.77,1625449482.0,64.0
-11.57,1625449482.0,64.0
-8.93,1625449482.0,64.0
-6.1,1625449482.0,64.0
-3.29,1625449482.0,64.0
-0.61,1625449482.0,64.0
1.86,1625449482.0,64.0
4.07,1625449482.0,64.0
5.91,1625449482.0,64.0
7.27,1625449482.0,64.0
8.11,1625449482.0,64.0
8.48,1625449482.0,64.0
8.55,1625449482.0,64.0
8.55,1625449482.0,64.0
8.66,1625449482.0,64.0
8.96,1625449482.0,64.0
9.37,1625449482.0,64.0
9.76,1625449482.0,64.0
9.99,1625449482.0,64.0
10.0,1625449482.0,64.0
9.79,1625449482.0,64.0
9.41,1625449482.0,64.0
8.94,1625449482.0,64.0
8.41,1625449482.0,64.0
7.82,1625449482.0,64.0
7.13,1625449482.0,64.0
6.32,1625449482.0,64.0
5.36,1625449482.0,64.0
4.3,1625449482.0,64.0
3.2,1625449482.0,64.0
2.13,1625449482.0,64.0
1.15,1625449482.0,64.0
0.31,1625449482.0,64.0
-0.44,1625449482.0,64.0
-1.13,1625449482.0,64.0
-1.81,1625449482.0,64.0
-2.51,1625449482.0,64.0
-3.22,1625449482.0,64.0
-3.91,1625449482.0,64.0
-4.59,1625449482.0,64.0
-5.29,1625449482.0,64.0
-6.1,1625449482.0,64.0
-7.09,1625449482.0,64.0
-8.35,1625449482.0,64.0
-9.89,1625449482.0,64.0
-11.66,1625449482.0,64.0
-13.54,1625449482.0,64.0
-15.31,1625449482.0,64.0
-16.73,1625449482.0,64.0
-17.57,1625449482.0,64.0
-17.66,1625449482.0,64.0
-16.99,1625449482.0,64.0
-15.66,1625449482.0,64.0
-13.84,1625449482.0,64.0
-11.7,1625449482.0,64.0
-9.35,1625449482.0,64.0
-6.82,1625449482.0,64.0
-4.1,1625449482.0,64.0
-1.18,1625449482.0,64.0
1.81,1625449482.0,64.0
4.72,1625449482.0,64.0
7.28,1625449482.0,64.0
9.32,1625449482.0,64.0
10.71,1625449482.0,64.0
11.43,1625449482.0,64.0
11.54,1625449482.0,64.0
11.12,1625449482.0,64.0
10.29,1625449482.0,64.0
9.19,1625449482.0,64.0
7.99,1625449482.0,64.0
6.9,1625449482.0,64.0
6.12,1625449482.0,64.0
5.75,1625449482.0,64.0
5.75,1625449482.0,64.0
5.95,1625449482.0,64.0
6.09,1625449482.0,64.0
5.91,1625449482.0,64.0
5.3,1625449482.0,64.0
4.24,1625449482.0,64.0
2.88,1625449482.0,64.0
1.46,1625449482.0,64.0
0.22,1625449482.0,64.0
-0.58,1625449482.0,64.0
-0.79,1625449482.0,64.0
-0.43,1625449482.0,64.0
0.29,1625449482.0,64.0
1.07,1625449482.0,64.0
1.57,1625449482.0,64.0
1.61,1625449482.0,64.0
1.16,1625449482.0,64.0
0.36,1625449482.0,64.0
-0.6,1625449482.0,64.0
-1.59,1625449482.0,64.0
-2.55,1625449482.0,64.0
-3.49,1625449482.0,64.0
-4.42,1625449482.0,64.0
-5.36,1625449482.0,64.0
-6.3,1625449482.0,64.0
-7.31,1625449482.0,64.0
-8.48,1625449482.0,64.0
-9.86,1625449482.0,64.0
-11.38,1625449482.0,64.0
-12.81,1625449482.0,64.0
-13.8,1625449482.0,64.0
-14.01,1625449482.0,64.0
-13.27,1625449482.0,64.0
-11.66,1625449482.0,64.0
-9.51,1625449482.0,64.0
-7.23,1625449482.0,64.0
-5.15,1625449482.0,64.0
-3.44,1625449482.0,64.0
-2.0,1625449482.0,64.0
-0.64,1625449482.0,64.0
0.82,1625449482.0,64.0
2.41,1625449482.0,64.0
3.99,1625449482.0,64.0
5.31,1625449482.0,64.0
6.13,1625449482.0,64.0
6.43,1625449482.0,64.0
6.34,1625449482.0,64.0
6.14,1625449482.0,64.0
6.08,1625449482.0,64.0
6.26,1625449482.0,64.0
6.61,1625449482.0,64.0
6.93,1625449482.0,64.0
7.09,1625449482.0,64.0
7.08,1625449482.0,64.0
6.97,1625449482.0,64.0
6.88,1625449482.0,64.0
6.87,1625449482.0,64.0
6.81,1625449482.0,64.0
6.55,1625449482.0,64.0
5.9,1625449482.0,64.0
4.86,1625449482.0,64.0
3.55,1625449482.0,64.0
2.2,1625449482.0,64.0
1.03,1625449482.0,64.0
0.18,1625449482.0,64.0
-0.39,1625449482.0,64.0
-0.78,1625449482.0,64.0
-1.17,1625449482.0,64.0
-1.69,1625449482.0,64.0
-2.38,1625449482.0,64.0
-3.25,1625449482.0,64.0
-4.22,1625449482.0,64.0
-5.22,1625449482.0,64.0
-6.14,1625449482.0,64.0
-6.92,1625449482.0,64.0
-7.49,1625449482.0,64.0
-7.89,1625449482.0,64.0
-8.2,1625449482.0,64.0
-8.53,1625449482.0,64.0
-9.02,1625449482.0,64.0
-9.72,1625449482.0,64.0
-10.54,1625449482.0,64.0
-11.29,1625449482.0,64.0
-11.71,1625449482.0,64.0
-11.55,1625449482.0,64.0
-10.71,1625449482.0,64.0
-9.23,1625449482.0,64.0
-7.3,1625449482.0,64.0
-5.13,1625449482.0,64.0
-2.95,1625449482.0,64.0
-0.87,1625449482.0,64.0
1.02,1625449482.0,64.0
2.65,1625449482.0,64.0
3.96,1625449482.0,64.0
4.9,1625449482.0,64.0
5.49,1625449482.0,64.0
5.9,1625449482.0,64.0
6.32,1625449482.0,64.0
6.97,1625449482.0,64.0
7.94,1625449482.0,64.0
9.14,1625449482.0,64.0
10.36,1625449482.0,64.0
11.34,1625449482.0,64.0
11.86,1625449482.0,64.0
11.84,1625449482.0,64.0
11.31,1625449482.0,64.0
10.37,1625449482.0,64.0
9.16,1625449482.0,64.0
7.83,1625449482.0,64.0
6.5,1625449482.0,64.0
5.24,1625449482.0,64.0
4.09,1625449482.0,64.0
3.02,1625449482.0,64.0
1.98,1625449482.0,64.0
0.94,1625449482.0,64.0
-0.11,1625449482.0,64.0
-1.1,1625449482.0,64.0
-1.89,1625449482.0,64.0
-2.41,1625449482.0,64.0
-2.65,1625449482.0,64.0
-2.67,1625449482.0,64.0
-2.65,1625449482.0,64.0
-2.78,1625449482.0,64.0
-3.23,1625449482.0,64.0
-4.09,1625449482.0,64.0
-5.33,1625449482.0,64.0
-6.83,1625449482.0,64.0
-8.38,1625449482.0,64.0
-9.75,1625449482.0,64.0
-10.75,1625449482.0,64.0
-11.31,1625449482.0,64.0
-11.49,1625449482.0,64.0
-11.46,1625449482.0,64.0
-11.38,1625449482.0,64.0
-11.29,1625449482.0,64.0
-11.1,1625449482.0,64.0
-10.59,1625449482.0,64.0
-9.46,1625449482.0,64.0
-7.59,1625449482.0,64.0
-5.06,1625449482.0,64.0
-2.22,1625449482.0,64.0
0.47,1625449482.0,64.0
2.58,1625449482.0,64.0
3.97,1625449482.0,64.0
4.76,1625449482.0,64.0
5.27,1625449482.0,64.0
5.88,1625449482.0,64.0
6.79,1625449482.0,64.0
8.04,1625449482.0,64.0
9.54,1625449482.0,64.0
11.12,1625449482.0,64.0
12.6,1625449482.0,64.0
13.79,1625449482.0,64.0
14.51,1625449482.0,64.0
14.6,1625449482.0,64.0
14.01,1625449482.0,64.0
12.84,1625449482.0,64.0
11.31,1625449482.0,64.0
9.66,1625449482.0,64.0
8.03,1625449482.0,64.0
6.39,1625449482.0,64.0
4.6,1625449482.0,64.0
2.53,1625449482.0,64.0
0.27,1625449482.0,64.0
-1.94,1625449482.0,64.0
-3.81,1625449482.0,64.0
-5.14,1625449482.0,64.0
-5.9,1625449482.0,64.0
-6.27,1625449482.0,64.0
-6.45,1625449482.0,64.0
-6.64,1625449482.0,64.0
-6.96,1625449482.0,64.0
-7.49,1625449482.0,64.0
-8.28,1625449482.0,64.0
-9.4,1625449482.0,64.0
-10.82,1625449482.0,64.0
-12.39,1625449482.0,64.0
-13.83,1625449482.0,64.0
-14.81,1625449482.0,64.0
-15.11,1625449482.0,64.0
-14.66,1625449482.0,64.0
-13.62,1625449482.0,64.0
-12.25,1625449482.0,64.0
-10.74,1625449482.0,64.0
-9.15,1625449482.0,64.0
-7.37,1625449482.0,64.0
-5.3,1625449482.0,64.0
-2.88,1625449482.0,64.0
-0.26,1625449482.0,64.0
2.31,1625449482.0,64.0
4.56,1625449482.0,64.0
6.34,1625449482.0,64.0
7.64,1625449482.0,64.0
8.61,1625449482.0,64.0
9.42,1625449482.0,64.0
10.18,1625449482.0,64.0
10.89,1625449482.0,64.0
11.47,1625449482.0,64.0
11.81,1625449482.0,64.0
11.84,1625449482.0,64.0
11.55,1625449482.0,64.0
10.95,1625449482.0,64.0
10.08,1625449482.0,64.0
8.98,1625449482.0,64.0
7.75,1625449482.0,64.0
6.5,1625449482.0,64.0
5.38,1625449482.0,64.0
4.48,1625449482.0,64.0
3.85,1625449482.0,64.0
3.42,1625449482.0,64.0
3.11,1625449482.0,64.0
2.84,1625449482.0,64.0
2.54,1625449482.0,64.0
2.19,1625449482.0,64.0
1.79,1625449482.0,64.0
1.3,1625449482.0,64.0
0.68,1625449482.0,64.0
-0.15,1625449482.0,64.0
-1.19,1625449482.0,64.0
-2.42,1625449482.0,64.0
-3.76,1625449482.0,64.0
-5.12,1625449482.0,64.0
-6.42,1625449482.0,64.0
-7.65,1625449482.0,64.0
-8.86,1625449482.0,64.0
-10.05,1625449482.0,64.0
-11.18,1625449482.0,64.0
-12.1,1625449482.0,64.0
-12.62,1625449482.0,64.0
-12.6,1625449482.0,64.0
-11.98,1625449482.0,64.0
-10.82,1625449482.0,64.0
-9.26,1625449482.0,64.0
-7.45,1625449482.0,64.0
-5.43,1625449482.0,64.0
-3.23,1625449482.0,64.0
-0.84,1625449482.0,64.0
1.65,1625449482.0,64.0
4.04,1625449482.0,64.0
6.09,1625449482.0,64.0
7.58,1625449482.0,64.0
8.43,1625449482.0,64.0
8.68,1625449482.0,64.0
8.49,1625449482.0,64.0
8.06,1625449482.0,64.0
7.57,1625449482.0,64.0
7.15,1625449482.0,64.0
6.9,1625449482.0,64.0
6.83,1625449482.0,64.0
6.88,1625449482.0,64.0
6.94,1625449482.0,64.0
6.89,1625449482.0,64.0
6.65,1625449482.0,64.0
6.22,1625449482.0,64.0
5.73,1625449482.0,64.0
5.33,1625449482.0,64.0
5.18,1625449482.0,64.0
5.28,1625449482.0,64.0
5.49,1625449482.0,64.0
5.54,1625449482.0,64.0
5.18,1625449482.0,64.0
4.19,1625449482.0,64.0
2.52,1625449482.0,64.0
0.25,1625449482.0,64.0
-2.42,1625449482.0,64.0
-5.23,1625449482.0,64.0
-7.94,1625449482.0,64.0
-10.36,1625449482.0,64.0
-12.39,1625449482.0,64.0
-13.98,1625449482.0,64.0
-15.12,1625449482.0,64.0
-15.88,1625449482.0,64.0
-16.32,1625449482.0,64.0
-16.59,1625449482.0,64.0
-16.8,1625449482.0,64.0
-16.96,1625449482.0,64.0
-16.97,1625449482.0,64.0
-16.58,1625449482.0,64.0
-15.56,1625449482.0,64.0
-13.78,1625449482.0,64.0
-11.32,1625449482.0,64.0
-8.41,1625449482.0,64.0
-5.34,1625449482.0,64.0
-2.33,1625449482.0,64.0
0.55,1625449482.0,64.0
3.29,1625449482.0,64.0
5.79,1625449482.0,64.0
7.9,1625449482.0,64.0
9.4,1625449482.0,64.0
10.24,1625449482.0,64.0
10.57,1625449482.0,64.0
10.74,1625449482.0,64.0
11.11,1625449482.0,64.0
11.85,1625449482.0,64.0
12.84,1625449482.0,64.0
13.71,1625449482.0,64.0
14.08,1625449482.0,64.0
13.74,1625449482.0,64.0
12.74,1625449482.0,64.0
11.4,1625449482.0,64.0
10.08,1625449482.0,64.0
9.03,1625449482.0,64.0
8.31,1625449482.0,64.0
7.83,1625449482.0,64.0
7.39,1625449482.0,64.0
6.8,1625449482.0,64.0
5.98,1625449482.0,64.0
4.91,1625449482.0,64.0
3.65,1625449482.0,64.0
2.29,1625449482.0,64.0
0.93,1625449482.0,64.0
-0.36,1625449482.0,64.0
-1.55,1625449482.0,64.0
-2.66,1625449482.0,64.0
-3.76,1625449482.0,64.0
-4.89,1625449482.0,64.0
-6.06,1625449482.0,64.0
-7.25,1625449482.0,64.0
-8.41,1625449482.0,64.0
-9.53,1625449482.0,64.0
-10.66,1625449482.0,64.0
-11.85,1625449482.0,64.0
-13.11,1625449482.0,64.0
-14.38,1625449482.0,64.0
-15.47,1625449482.0,64.0
-16.13,1625449482.0,64.0
-16.15,1625449482.0,64.0
-15.4,1625449482.0,64.0
-13.91,1625449482.0,64.0
-11.85,1625449482.0,64.0
-9.44,1625449482.0,64.0
-6.87,1625449482.0,64.0
-4.29,1625449482.0,64.0
-1.78,1625449482.0,64.0
0.6,1625449482.0,64.0
2.77,1625449482.0,64.0
4.65,1625449482.0,64.0
6.1,1625449482.0,64.0
7.08,1625449482.0,64.0
7.6,1625449482.0,64.0
7.81,1625449482.0,64.0
7.88,1625449482.0,64.0
7.94,1625449482.0,64.0
8.05,1625449482.0,64.0
8.14,1625449482.0,64.0
8.11,1625449482.0,64.0
7.91,1625449482.0,64.0
7.51,1625449482.0,64.0
7.01,1625449482.0,64.0
6.49,1625449482.0,64.0
6.01,1625449482.0,64.0
5.61,1625449482.0,64.0
5.34,1625449482.0,64.0
5.18,1625449482.0,64.0
5.09,1625449482.0,64.0
5.0,1625449482.0,64.0
4.81,1625449482.0,64.0
4.42,1625449482.0,64.0
3.78,1625449482.0,64.0
2.95,1625449482.0,64.0
2.01,1625449482.0,64.0
1.03,1625449482.0,64.0
0.04,1625449482.0,64.0
-0.97,1625449482.0,64.0
-2.05,1625449482.0,64.0
-3.16,1625449482.0,64.0
-4.26,1625449482.0,64.0
-5.3,1625449482.0,64.0
-6.27,1625449482.0,64.0
-7.24,1625449482.0,64.0
-8.27,1625449482.0,64.0
-9.32,1625449482.0,64.0
-10.22,1625449482.0,64.0
-10.71,1625449482.0,64.0
-10.57,1625449482.0,64.0
-9.72,1625449482.0,64.0
-8.28,1625449482.0,64.0
-6.47,1625449482.0,64.0
-4.54,1625449482.0,64.0
-2.61,1625449482.0,64.0
-0.69,1625449482.0,64.0
1.2,1625449482.0,64.0
3.01,1625449482.0,64.0
4.6,1625449482.0,64.0
5.83,1625449482.0,64.0
6.68,1625449482.0,64.0
7.25,1625449482.0,64.0
7.77,1625449482.0,64.0
8.43,1625449482.0,64.0
9.3,1625449482.0,64.0
10.26,1625449482.0,64.0
11.08,1625449482.0,64.0
11.57,1625449482.0,64.0
11.62,1625449482.0,64.0
11.29,1625449482.0,64.0
10.68,1625449482.0,64.0
9.88,1625449482.0,64.0
8.94,1625449482.0,64.0
7.84,1625449482.0,64.0
6.58,1625449482.0,64.0
5.24,1625449482.0,64.0
3.92,1625449482.0,64.0
2.69,1625449482.0,64.0
1.59,1625449482.0,64.0
0.57,1625449482.0,64.0
-0.48,1625449482.0,64.0
-1.58,1625449482.0,64.0
-2.69,1625449482.0,64.0
-3.66,1625449482.0,64.0
-4.4,1625449482.0,64.0
-4.86,1625449482.0,64.0
-5.15,1625449482.0,64.0
-5.45,1625449482.0,64.0
-5.94,1625449482.0,64.0
-6.72,1625449482.0,64.0
-7.78,1625449482.0,64.0
-8.98,1625449482.0,64.0
-10.18,1625449482.0,64.0
-11.23,1625449482.0,64.0
-12.02,1625449482.0,64.0
-12.47,1625449482.0,64.0
-12.48,1625449482.0,64.0
-11.98,1625449482.0,64.0
-10.87,1625449482.0,64.0
-9.12,1625449482.0,64.0
-6.76,1625449482.0,64.0
-3.95,1625449482.0,64.0
-0.89,1625449482.0,64.0
2.13,1625449482.0,64.0
4.86,1625449482.0,64.0
7.09,1625449482.0,64.0
8.74,1625449482.0,64.0
9.86,1625449482.0,64.0
10.56,1625449482.0,64.0
10.96,1625449482.0,64.0
11.16,1625449482.0,64.0
11.2,1625449482.0,64.0
11.09,1625449482.0,64.0
10.81,1625449482.0,64.0
10.4,1625449482.0,64.0
9.87,1625449482.0,64.0
9.23,1625449482.0,64.0
8.53,1625449482.0,64.0
7.76,1625449482.0,64.0
6.93,1625449482.0,64.0
6.05,1625449482.0,64.0
5.14,1625449482.0,64.0
4.25,1625449482.0,64.0
3.43,1625449482.0,64.0
2.71,1625449482.0,64.0
2.08,1625449482.0,64.0
1.47,1625449482.0,64.0
0.82,1625449482.0,64.0
0.09,1625449482.0,64.0
-0.71,1625449482.0,64.0
-1.5,1625449482.0,64.0
-2.19,1625449482.0,64.0
-2.75,1625449482.0,64.0
-3.25,1625449482.0,64.0
-3.86,1625449482.0,64.0
-4.77,1625449482.0,64.0
-6.05,1625449482.0,64.0
-7.64,1625449482.0,64.0
-9.32,1625449482.0,64.0
-10.85,1625449482.0,64.0
-12.04,1625449482.0,64.0
-12.85,1625449482.0,64.0
-13.3,1625449482.0,64.0
-13.4,1625449482.0,64.0
-13.13,1625449482.0,64.0
-12.43,1625449482.0,64.0
-11.22,1625449482.0,64.0
-9.5,1625449482.0,64.0
-7.36,1625449482.0,64.0
-4.93,1625449482.0,64.0
-2.33,1625449482.0,64.0
0.33,1625449482.0,64.0
2.95,1625449482.0,64.0
5.39,1625449482.0,64.0
7.47,1625449482.0,64.0
8.99,1625449482.0,64.0
9.87,1625449482.0,64.0
10.15,1625449482.0,64.0
9.99,1625449482.0,64.0
9.65,1625449482.0,64.0
9.35,1625449482.0,64.0
9.26,1625449482.0,64.0
9.4,1625449482.0,64.0
9.66,1625449482.0,64.0
9.85,1625449482.0,64.0
9.76,1625449482.0,64.0
9.24,1625449482.0,64.0
8.26,1625449482.0,64.0
6.96,1625449482.0,64.0
5.56,1625449482.0,64.0
4.31,1625449482.0,64.0
3.37,1625449482.0,64.0
2.76,1625449482.0,64.0
2.37,1625449482.0,64.0
2.03,1625449482.0,64.0
1.63,1625449482.0,64.0
1.12,1625449482.0,64.0
0.57,1625449482.0,64.0
0.05,1625449482.0,64.0
-0.41,1625449482.0,64.0
-0.84,1625449482.0,64.0
-1.33,1625449482.0,64.0
-1.99,1625449482.0,64.0
-2.92,1625449482.0,64.0
-4.18,1625449482.0,64.0
-5.74,1625449482.0,64.0
-7.52,1625449482.0,64.0
-9.35,1625449482.0,64.0
-11.05,1625449482.0,64.0
-12.44,1625449482.0,64.0
-13.43,1625449482.0,64.0
-14.04,1625449482.0,64.0
-14.36,1625449482.0,64.0
-14.53,1625449482.0,64.0
-14.6,1625449482.0,64.0
-14.45,1625449482.0,64.0
-13.9,1625449482.0,64.0
-12.75,1625449482.0,64.0
-10.92,1625449482.0,64.0
-8.48,1625449482.0,64.0
-5.68,1625449482.0,64.0
-2.77,1625449482.0,64.0
0.06,1625449482.0,64.0
2.67,1625449482.0,64.0
4.94,1625449482.0,64.0
6.77,1625449482.0,64.0
7.99,1625449482.0,64.0
8.52,1625449482.0,64.0
8.37,1625449482.0,64.0
7.75,1625449482.0,64.0
7.02,1625449482.0,64.0
6.53,1625449482.0,64.0
6.52,1625449482.0,64.0
7.01,1625449482.0,64.0
7.85,1625449482.0,64.0
8.8,1625449482.0,64.0
9.67,1625449482.0,64.0
10.32,1625449482.0,64.0
10.68,1625449482.0,64.0
10.75,1625449482.0,64.0
10.55,1625449482.0,64.0
10.09,1625449482.0,64.0
9.4,1625449482.0,64.0
8.51,1625449482.0,64.0
7.47,1625449482.0,64.0
6.31,1625449482.0,64.0
5.08,1625449482.0,64.0
3.81,1625449482.0,64.0
2.52,1625449482.0,64.0
1.22,1625449482.0,64.0
-0.08,1625449482.0,64.0
-1.4,1625449482.0,64.0
-2.76,1625449482.0,64.0
-4.11,1625449482.0,64.0
-5.41,1625449482.0,64.0
-6.53,1625449482.0,64.0
-7.4,1625449482.0,64.0
-7.95,1625449482.0,64.0
-8.21,1625449482.0,64.0
-8.3,1625449482.0,64.0
-8.39,1625449482.0,64.0
-8.65,1625449482.0,64.0
-9.19,1625449482.0,64.0
-9.99,1625449482.0,64.0
-10.94,1625449482.0,64.0
-11.85,1625449482.0,64.0
-12.55,1625449482.0,64.0
-12.96,1625449482.0,64.0
-13.06,1625449482.0,64.0
-12.92,1625449482.0,64.0
-12.6,1625449482.0,64.0
-12.12,1625449482.0,64.0
-11.5,1625449482.0,64.0
-10.71,1625449482.0,64.0
-9.7,1625449482.0,64.0
-8.4,1625449482.0,64.0
-6.72,1625449482.0,64.0
-4.61,1625449482.0,64.0
-2.11,1625449482.0,64.0
0.62,1625449482.0,64.0
3.3,1625449482.0,64.0
5.58,1625449482.0,64.0
7.24,1625449482.0,64.0
8.2,1625449482.0,64.0
8.61,1625449482.0,64.0
8.71,1625449482.0,64.0
8.71,1625449482.0,64.0
8.71,1625449482.0,64.0
8.71,1625449482.0,64.0
8.65,1625449482.0,64.0
8.49,1625449482.0,64.0
8.25,1625449482.0,64.0
7.99,1625449482.0,64.0
7.74,1625449482.0,64.0
7.51,1625449482.0,64.0
7.22,1625449482.0,64.0
6.83,1625449482.0,64.0
6.32,1625449482.0,64.0
5.71,1625449482.0,64.0
5.07,1625449482.0,64.0
4.44,1625449482.0,64.0
3.84,1625449482.0,64.0
3.27,1625449482.0,64.0
2.69,1625449482.0,64.0
2.09,1625449482.0,64.0
1.47,1625449482.0,64.0
0.86,1625449482.0,64.0
0.29,1625449482.0,64.0
-0.24,1625449482.0,64.0
-0.76,1625449482.0,64.0
-1.3,1625449482.0,64.0
-1.91,1625449482.0,64.0
-2.61,1625449482.0,64.0
-3.41,1625449482.0,64.0
-4.27,1625449482.0,64.0
-5.2,1625449482.0,64.0
-6.18,1625449482.0,64.0
-7.24,1625449482.0,64.0
-8.32,1625449482.0,64.0
-9.35,1625449482.0,64.0
-10.17,1625449482.0,64.0
-10.64,1625449482.0,64.0
-10.65,1625449482.0,64.0
-10.19,1625449482.0,64.0
-9.34,1625449482.0,64.0
-8.23,1625449482.0,64.0
-6.98,1625449482.0,64.0
-5.6,1625449482.0,64.0
-4.07,1625449482.0,64.0
-2.32,1625449482.0,64.0
-0.38,1625449482.0,64.0
1.54,1625449482.0,64.0
3.18,1625449482.0,64.0
4.24,1625449482.0,64.0
4.67,1625449482.0,64.0
4.66,1625449482.0,64.0
4.6,1625449482.0,64.0
4.93,1625449482.0,64.0
5.84,1625449482.0,64.0
7.22,1625449482.0,64.0
8.69,1625449482.0,64.0
9.77,1625449482.0,64.0
10.13,1625449482.0,64.0
9.72,1625449482.0,64.0
8.72,1625449482.0,64.0
7.38,1625449482.0,64.0
5.95,1625449482.0,64.0
4.56,1625449482.0,64.0
3.29,1625449482.0,64.0
2.22,1625449482.0,64.0
1.45,1625449482.0,64.0
1.07,1625449482.0,64.0
1.09,1625449482.0,64.0
1.43,1625449482.0,64.0
1.91,1625449482.0,64.0
2.35,1625449482.0,64.0
2.62,1625449482.0,64.0
2.67,1625449482.0,64.0
2.53,1625449482.0,64.0
2.22,1625449482.0,64.0
1.75,1625449482.0,64.0
1.06,1625449482.0,64.0
0.06,1625449482.0,64.0
-1.32,1625449482.0,64.0
-3.06,1625449482.0,64.0
-5.1,1625449482.0,64.0
-7.29,1625449482.0,64.0
-9.44,1625449482.0,64.0
-11.42,1625449482.0,64.0
-13.11,1625449482.0,64.0
-14.44,1625449482.0,64.0
-15.34,1625449482.0,64.0
-15.72,1625449482.0,64.0
-15.48,1625449482.0,64.0
-14.57,1625449482.0,64.0
-13.05,1625449482.0,64.0
-11.06,1625449482.0,64.0
-8.8,1625449482.0,64.0
-6.42,1625449482.0,64.0
-3.94,1625449482.0,64.0
-1.35,1625449482.0,64.0
1.36,1625449482.0,64.0
4.04,1625449482.0,64.0
6.4,1625449482.0,64.0
8.1,1625449482.0,64.0
8.95,1625449482.0,64.0
8.97,1625449482.0,64.0
8.44,1625449482.0,64.0
7.79,1625449482.0,64.0
7.36,1625449482.0,64.0
7.32,1625449482.0,64.0
7.61,1625449482.0,64.0
8.02,1625449482.0,64.0
8.32,1625449482.0,64.0
8.38,1625449482.0,64.0
8.17,1625449482.0,64.0
7.78,1625449482.0,64.0
7.31,1625449482.0,64.0
6.8,1625449482.0,64.0
6.28,1625449482.0,64.0
5.75,1625449482.0,64.0
5.19,1625449482.0,64.0
4.61,1625449482.0,64.0
4.04,1625449482.0,64.0
3.48,1625449482.0,64.0
2.91,1625449482.0,64.0
2.28,1625449482.0,64.0
1.55,1625449482.0,64.0
0.69,1625449482.0,64.0
-0.28,1625449482.0,64.0
-1.34,1625449482.0,64.0
-2.43,1625449482.0,64.0
-3.53,1625449482.0,64.0
-4.58,1625449482.0,64.0
-5.54,1625449482.0,64.0
-6.37,1625449482.0,64.0
-7.04,1625449482.0,64.0
-7.6,1625449482.0,64.0
-8.09,1625449482.0,64.0
-8.62,1625449482.0,64.0
-9.22,1625449482.0,64.0
-9.89,1625449482.0,64.0
-10.51,1625449482.0,64.0
-10.93,1625449482.0,64.0
-11.0,1625449482.0,64.0
-10.64,1625449482.0,64.0
-9.9,1625449482.0,64.0
-8.89,1625449482.0,64.0
-7.77,1625449482.0,64.0
-6.58,1625449482.0,64.0
-5.28,1625449482.0,64.0
-3.79,1625449482.0,64.0
-2.02,1625449482.0,64.0
-0.03,1625449482.0,64.0
2.03,1625449482.0,64.0
3.92,1625449482.0,64.0
5.44,1625449482.0,64.0
6.48,1625449482.0,64.0
7.13,1625449482.0,64.0
7.53,1625449482.0,64.0
7.86,1625449482.0,64.0
8.24,1625449482.0,64.0
8.64,1625449482.0,64.0
9.03,1625449482.0,64.0
9.31,1625449482.0,64.0
9.43,1625449482.0,64.0
9.35,1625449482.0,64.0
9.1,1625449482.0,64.0
8.71,1625449482.0,64.0
8.2,1625449482.0,64.0
7.59,1625449482.0,64.0
6.86,1625449482.0,64.0
6.03,1625449482.0,64.0
5.09,1625449482.0,64.0
4.1,1625449482.0,64.0
3.15,1625449482.0,64.0
2.35,1625449482.0,64.0
1.79,1625449482.0,64.0
1.46,1625449482.0,64.0
1.29,1625449482.0,64.0
1.14,1625449482.0,64.0
0.85,1625449482.0,64.0
0.34,1625449482.0,64.0
-0.43,1625449482.0,64.0
-1.46,1625449482.0,64.0
-2.78,1625449482.0,64.0
-4.43,1625449482.0,64.0
-6.38,1625449482.0,64.0
-8.55,1625449482.0,64.0
-10.79,1625449482.0,64.0
-12.88,1625449482.0,64.0
-14.63,1625449482.0,64.0
-15.92,1625449482.0,64.0
-16.66,1625449482.0,64.0
-16.82,1625449482.0,64.0
-16.46,1625449482.0,64.0
-15.63,1625449482.0,64.0
-14.45,1625449482.0,64.0
-13.09,1625449482.0,64.0
-11.65,1625449482.0,64.0
-10.19,1625449482.0,64.0
-8.62,1625449482.0,64.0
-6.82,1625449482.0,64.0
-4.69,1625449482.0,64.0
-2.24,1625449482.0,64.0
0.39,1625449482.0,64.0
2.94,1625449482.0,64.0
5.07,1625449482.0,64.0
6.58,1625449482.0,64.0
7.37,1625449482.0,64.0
7.5,1625449482.0,64.0
7.19,1625449482.0,64.0
6.66,1625449482.0,64.0
6.17,1625449482.0,64.0
5.89,1625449482.0,64.0
5.91,1625449482.0,64.0
6.19,1625449482.0,64.0
6.65,1625449482.0,64.0
7.16,1625449482.0,64.0
7.62,1625449482.0,64.0
8.02,1625449482.0,64.0
8.37,1625449482.0,64.0
8.67,1625449482.0,64.0
8.89,1625449482.0,64.0
8.94,1625449482.0,64.0
8.69,1625449482.0,64.0
8.05,1625449482.0,64.0
7.03,1625449482.0,64.0
5.77,1625449482.0,64.0
4.45,1625449482.0,64.0
3.26,1625449482.0,64.0
2.27,1625449482.0,64.0
1.47,1625449482.0,64.0
0.77,1625449482.0,64.0
0.08,1625449482.0,64.0
-0.65,1625449482.0,64.0
-1.41,1625449482.0,64.0
-2.15,1625449482.0,64.0
-2.85,1625449482.0,64.0
-3.52,1625449482.0,64.0
-4.24,1625449482.0,64.0
-5.05,1625449482.0,64.0
-5.97,1625449482.0,64.0
-6.97,1625449482.0,64.0
-7.98,1625449482.0,64.0
-8.97,1625449482.0,64.0
-9.87,1625449482.0,64.0
-10.65,1625449482.0,64.0
-11.23,1625449482.0,64.0
-11.55,1625449482.0,64.0
-11.51,1625449482.0,64.0
-11.07,1625449482.0,64.0
-10.25,1625449482.0,64.0
-9.14,1625449482.0,64.0
-7.84,1625449482.0,64.0
-6.44,1625449482.0,64.0
-4.96,1625449482.0,64.0
-3.37,1625449482.0,64.0
-1.65,1625449482.0,64.0
0.22,1625449482.0,64.0
2.16,1625449482.0,64.0
4.05,1625449482.0,64.0
5.76,1625449482.0,64.0
7.15,1625449482.0,64.0
8.15,1625449482.0,64.0
8.74,1625449482.0,64.0
8.92,1625449482.0,64.0
8.77,1625449482.0,64.0
8.37,1625449482.0,64.0
7.82,1625449482.0,64.0
7.2,1625449482.0,64.0
6.62,1625449482.0,64.0
6.1,1625449482.0,64.0
5.68,1625449482.0,64.0
5.34,1625449482.0,64.0
5.08,1625449482.0,64.0
4.9,1625449482.0,64.0
4.81,1625449482.0,64.0
4.77,1625449482.0,64.0
4.7,1625449482.0,64.0
4.52,1625449482.0,64.0
4.18,1625449482.0,64.0
3.67,1625449482.0,64.0
3.04,1625449482.0,64.0
2.35,1625449482.0,64.0
1.65,1625449482.0,64.0
0.97,1625449482.0,64.0
0.27,1625449482.0,64.0
-0.47,1625449482.0,64.0
-1.27,1625449482.0,64.0
-2.17,1625449482.0,64.0
-3.18,1625449482.0,64.0
-4.27,1625449482.0,64.0
-5.36,1625449482.0,64.0
-6.35,1625449482.0,64.0
-7.15,1625449482.0,64.0
-7.71,1625449482.0,64.0
-8.05,1625449482.0,64.0
-8.28,1625449482.0,64.0
-8.46,1625449482.0,64.0
-8.62,1625449482.0,64.0
-8.71,1625449482.0,64.0
-8.66,1625449482.0,64.0
-8.41,1625449482.0,64.0
-7.93,1625449482.0,64.0
-7.22,1625449482.0,64.0
-6.28,1625449482.0,64.0
-5.03,1625449482.0,64.0
-3.42,1625449482.0,64.0
-1.4,1625449482.0,64.0
0.97,1625449482.0,64.0
3.48,1625449482.0,64.0
5.8,1625449482.0,64.0
7.59,1625449482.0,64.0
8.6,1625449482.0,64.0
8.8,1625449482.0,64.0
8.39,1625449482.0,64.0
7.69,1625449482.0,64.0
7.06,1625449482.0,64.0
6.73,1625449482.0,64.0
6.76,1625449482.0,64.0
7.05,1625449482.0,64.0
7.44,1625449482.0,64.0
7.82,1625449482.0,64.0
8.13,1625449482.0,64.0
8.35,1625449482.0,64.0
8.48,1625449482.0,64.0
8.45,1625449482.0,64.0
8.25,1625449482.0,64.0
7.91,1625449482.0,64.0
7.54,1625449482.0,64.0
7.27,1625449482.0,64.0
7.11,1625449482.0,64.0
6.93,1625449482.0,64.0
6.49,1625449482.0,64.0
5.57,1625449482.0,64.0
4.11,1625449482.0,64.0
2.25,1625449482.0,64.0
0.27,1625449482.0,64.0
-1.61,1625449482.0,64.0
-3.28,1625449482.0,64.0
-4.8,1625449482.0,64.0
-6.28,1625449482.0,64.0
-7.77,1625449482.0,64.0
-9.24,1625449482.0,64.0
-10.55,1625449482.0,64.0
-11.59,1625449482.0,64.0
-12.35,1625449482.0,64.0
-12.87,1625449482.0,64.0
-13.23,1625449482.0,64.0
-13.42,1625449482.0,64.0
-13.35,1625449482.0,64.0
-12.88,1625449482.0,64.0
-11.87,1625449482.0,64.0
-10.33,1625449482.0,64.0
-8.35,1625449482.0,64.0
-6.11,1625449482.0,64.0
-3.8,1625449482.0,64.0
-1.51,1625449482.0,64.0
0.69,1625449482.0,64.0
2.77,1625449482.0,64.0
4.65,1625449482.0,64.0
6.25,1625449482.0,64.0
7.44,1625449482.0,64.0
8.2,1625449482.0,64.0
8.58,1625449482.0,64.0
8.73,1625449482.0,64.0
8.8,1625449482.0,64.0
8.91,1625449482.0,64.0
9.09,1625449482.0,64.0
9.31,1625449482.0,64.0
9.5,1625449482.0,64.0
9.61,1625449482.0,64.0
9.59,1625449482.0,64.0
9.44,1625449482.0,64.0
9.09,1625449482.0,64.0
8.48,1625449482.0,64.0
7.59,1625449482.0,64.0
6.43,1625449482.0,64.0
5.1,1625449482.0,64.0
3.68,1625449482.0,64.0
2.27,1625449482.0,64.0
0.94,1625449482.0,64.0
-0.27,1625449482.0,64.0
-1.33,1625449482.0,64.0
-2.22,1625449482.0,64.0
-2.95,1625449482.0,64.0
-3.58,1625449482.0,64.0
-4.21,1625449482.0,64.0
-4.94,1625449482.0,64.0
-5.84,1625449482.0,64.0
-6.93,1625449482.0,64.0
-8.16,1625449482.0,64.0
-9.46,1625449482.0,64.0
-10.74,1625449482.0,64.0
-11.98,1625449482.0,64.0
-13.19,1625449482.0,64.0
-14.34,1625449482.0,64.0
-15.41,1625449482.0,64.0
-16.27,1625449482.0,64.0
-16.81,1625449482.0,64.0
-16.9,1625449482.0,64.0
-16.46,1625449482.0,64.0
-15.47,1625449482.0,64.0
-13.95,1625449482.0,64.0
-11.95,1625449482.0,64.0
-9.47,1625449482.0,64.0
-6.51,1625449482.0,64.0
-3.13,1625449482.0,64.0
0.55,1625449482.0,64.0
4.26,1625449482.0,64.0
7.65,1625449482.0,64.0
10.42,1625449482.0,64.0
12.39,1625449482.0,64.0
13.57,1625449482.0,64.0
14.11,1625449482.0,64.0
14.23,1625449482.0,64.0
14.1,1625449482.0,64.0
13.88,1625449482.0,64.0
13.59,1625449482.0,64.0
13.27,1625449482.0,64.0
12.9,1625449482.0,64.0
12.47,1625449482.0,64.0
11.96,1625449482.0,64.0
11.32,1625449482.0,64.0
10.51,1625449482.0,64.0
9.54,1625449482.0,64.0
8.46,1625449482.0,64.0
7.33,1625449482.0,64.0
6.19,1625449482.0,64.0
5.05,1625449482.0,64.0
3.88,1625449482.0,64.0
2.63,1625449482.0,64.0
1.33,1625449482.0,64.0
0.04,1625449482.0,64.0
-1.16,1625449482.0,64.0
-2.16,1625449482.0,64.0
-2.93,1625449482.0,64.0
-3.5,1625449482.0,64.0
-3.96,1625449482.0,64.0
-4.43,1625449482.0,64.0
-5.05,1625449482.0,64.0
-5.9,1625449482.0,64.0
-7.05,1625449482.0,64.0
-8.54,1625449482.0,64.0
-10.37,1625449482.0,64.0
-12.49,1625449482.0,64.0
-14.75,1625449482.0,64.0
-16.93,1625449482.0,64.0
-18.69,1625449482.0,64.0
-19.72,1625449482.0,64.0
-19.77,1625449482.0,64.0
-18.79,1625449482.0,64.0
-16.92,1625449482.0,64.0
-14.48,1625449482.0,64.0
-11.82,1625449482.0,64.0
-9.16,1625449482.0,64.0
-6.56,1625449482.0,64.0
-3.9,1625449482.0,64.0
-1.02,1625449482.0,64.0
2.14,1625449482.0,64.0
5.42,1625449482.0,64.0
8.54,1625449482.0,64.0
11.18,1625449482.0,64.0
13.13,1625449482.0,64.0
14.38,1625449482.0,64.0
15.07,1625449482.0,64.0
15.38,1625449482.0,64.0
15.44,1625449482.0,64.0
15.26,1625449482.0,64.0
14.81,1625449482.0,64.0
14.07,1625449482.0,64.0
13.1,1625449482.0,64.0
11.99,1625449482.0,64.0
10.88,1625449482.0,64.0
9.85,1625449482.0,64.0
8.9,1625449482.0,64.0
7.99,1625449482.0,64.0
7.04,1625449482.0,64.0
6.01,1625449482.0,64.0
4.86,1625449482.0,64.0
3.63,1625449482.0,64.0
2.41,1625449482.0,64.0
1.25,1625449482.0,64.0
0.23,1625449482.0,64.0
-0.66,1625449482.0,64.0
-1.42,1625449482.0,64.0
-2.12,1625449482.0,64.0
-2.78,1625449482.0,64.0
-3.39,1625449482.0,64.0
-3.92,1625449482.0,64.0
-4.36,1625449482.0,64.0
-4.76,1625449482.0,64.0
-5.24,1625449482.0,64.0
-5.98,1625449482.0,64.0
-7.07,1625449482.0,64.0
-8.5,1625449482.0,64.0
-10.1,1625449482.0,64.0
-11.61,1625449482.0,64.0
-12.82,1625449482.0,64.0
-13.63,1625449482.0,64.0
-14.04,1625449482.0,64.0
-14.14,1625449482.0,64.0
-13.98,1625449482.0,64.0
-13.5,1625449482.0,64.0
-12.6,1625449482.0,64.0
-11.17,1625449482.0,64.0
-9.19,1625449482.0,64.0
-6.75,1625449482.0,64.0
-4.05,1625449482.0,64.0
-1.31,1625449482.0,64.0
1.29,1625449482.0,64.0
3.62,1625449482.0,64.0
5.57,1625449482.0,64.0
7.09,1625449482.0,64.0
8.11,1625449482.0,64.0
8.63,1625449482.0,64.0
8.69,1625449482.0,64.0
8.48,1625449482.0,64.0
8.23,1625449482.0,64.0
8.2,1625449482.0,64.0
8.54,1625449482.0,64.0
9.24,1625449482.0,64.0
10.12,1625449482.0,64.0
10.9,1625449482.0,64.0
11.3,1625449482.0,64.0
11.14,1625449482.0,64.0
10.39,1625449482.0,64.0
9.15,1625449482.0,64.0
7.61,1625449482.0,64.0
6.02,1625449482.0,64.0
4.59,1625449482.0,64.0
3.51,1625449482.0,64.0
2.86,1625449482.0,64.0
2.59,1625449482.0,64.0
2.55,1625449482.0,64.0
2.51,1625449482.0,64.0
2.26,1625449482.0,64.0
1.7,1625449482.0,64.0
0.85,1625449482.0,64.0
-0.18,1625449482.0,64.0
-1.26,1625449482.0,64.0
-2.27,1625449482.0,64.0
-3.2,1625449482.0,64.0
-4.06,1625449482.0,64.0
-4.92,1625449482.0,64.0
-5.85,1625449482.0,64.0
-6.92,1625449482.0,64.0
-8.23,1625449482.0,64.0
-9.81,1625449482.0,64.0
-11.62,1625449482.0,64.0
-13.49,1625449482.0,64.0
-15.12,1625449482.0,64.0
-16.2,1625449482.0,64.0
-16.46,1625449482.0,64.0
-15.73,1625449482.0,64.0
-14.01,1625449482.0,64.0
-11.43,1625449482.0,64.0
-8.29,1625449482.0,64.0
-4.92,1625449482.0,64.0
-1.64,1625449482.0,64.0
1.3,1625449482.0,64.0
3.78,1625449482.0,64.0
5.78,1625449482.0,64.0
7.33,1625449482.0,64.0
8.48,1625449482.0,64.0
9.25,1625449482.0,64.0
9.69,1625449482.0,64.0
9.88,1625449482.0,64.0
9.97,1625449482.0,64.0
10.09,1625449482.0,64.0
10.3,1625449482.0,64.0
10.56,1625449482.0,64.0
10.72,1625449482.0,64.0
10.65,1625449482.0,64.0
10.24,1625449482.0,64.0
9.5,1625449482.0,64.0
8.53,1625449482.0,64.0
7.45,1625449482.0,64.0
6.4,1625449482.0,64.0
5.47,1625449482.0,64.0
4.68,1625449482.0,64.0
4.0,1625449482.0,64.0
3.35,1625449482.0,64.0
2.63,1625449482.0,64.0
1.78,1625449482.0,64.0
0.83,1625449482.0,64.0
-0.12,1625449482.0,64.0
-0.89,1625449482.0,64.0
-1.37,1625449482.0,64.0
-1.59,1625449482.0,64.0
-1.72,1625449482.0,64.0
-2.06,1625449482.0,64.0
-2.82,1625449482.0,64.0
-4.06,1625449482.0,64.0
-5.67,1625449482.0,64.0
-7.43,1625449482.0,64.0
-9.11,1625449482.0,64.0
-10.62,1625449482.0,64.0
-11.92,1625449482.0,64.0
-12.94,1625449482.0,64.0
-13.55,1625449482.0,64.0
-13.53,1625449482.0,64.0
-12.69,1625449482.0,64.0
-11.01,1625449482.0,64.0
-8.72,1625449482.0,64.0
-6.15,1625449482.0,64.0
-3.6,1625449482.0,64.0
-1.21,1625449482.0,64.0
1.05,1625449482.0,64.0
3.31,1625449482.0,64.0
5.63,1625449482.0,64.0
7.88,1625449482.0,64.0
9.85,1625449482.0,64.0
11.28,1625449482.0,64.0
12.05,1625449482.0,64.0
12.22,1625449482.0,64.0
12.0,1625449482.0,64.0
11.66,1625449482.0,64.0
11.36,1625449482.0,64.0
11.15,1625449482.0,64.0
10.97,1625449482.0,64.0
10.67,1625449482.0,64.0
10.18,1625449482.0,64.0
9.45,1625449482.0,64.0
8.53,1625449482.0,64.0
7.51,1625449482.0,64.0
6.48,1625449482.0,64.0
5.5,1625449482.0,64.0
4.63,1625449482.0,64.0
3.89,1625449482.0,64.0
3.27,1625449482.0,64.0
2.72,1625449482.0,64.0
2.14,1625449482.0,64.0
1.44,1625449482.0,64.0
0.53,1625449482.0,64.0
-0.58,1625449482.0,64.0
-1.82,1625449482.0,64.0
-3.12,1625449482.0,64.0
-4.38,1625449482.0,64.0
-5.59,1625449482.0,64.0
-6.77,1625449482.0,64.0
-7.99,1625449482.0,64.0
-9.26,1625449482.0,64.0
-10.59,1625449482.0,64.0
-11.97,1625449482.0,64.0
-13.37,1625449482.0,64.0
-14.74,1625449482.0,64.0
-16.01,1625449482.0,64.0
-17.04,1625449482.0,64.0
-17.68,1625449482.0,64.0
-17.77,1625449482.0,64.0
-17.22,1625449482.0,64.0
-16.03,1625449482.0,64.0
-14.28,1625449482.0,64.0
-12.09,1625449482.0,64.0
-9.57,1625449482.0,64.0
-6.77,1625449482.0,64.0
-3.72,1625449482.0,64.0
-0.5,1625449482.0,64.0
2.74,1625449482.0,64.0
5.77,1625449482.0,64.0
8.29,1625449482.0,64.0
10.1,1625449482.0,64.0
11.11,1625449482.0,64.0
11.44,1625449482.0,64.0
11.36,1625449482.0,64.0
11.14,1625449482.0,64.0
11.02,1625449482.0,64.0
11.06,1625449482.0,64.0
11.21,1625449482.0,64.0
11.31,1625449482.0,64.0
11.18,1625449482.0,64.0
10.74,1625449482.0,64.0
10.0,1625449482.0,64.0
9.05,1625449482.0,64.0
8.06,1625449482.0,64.0
7.14,1625449482.0,64.0
6.36,1625449482.0,64.0
5.67,1625449482.0,64.0
4.98,1625449482.0,64.0
4.22,1625449482.0,64.0
3.35,1625449482.0,64.0
2.43,1625449482.0,64.0
1.55,1625449482.0,64.0
0.78,1625449482.0,64.0
0.14,1625449482.0,64.0
-0.45,1625449482.0,64.0
-1.11,1625449482.0,64.0
-1.98,1625449482.0,64.0
-3.11,1625449482.0,64.0
-4.47,1625449482.0,64.0
-5.98,1625449482.0,64.0
-7.52,1625449482.0,64.0
-9.04,1625449482.0,64.0
-10.52,1625449482.0,64.0
-12.0,1625449482.0,64.0
-13.47,1625449482.0,64.0
-14.85,1625449482.0,64.0
-15.95,1625449482.0,64.0
-16.54,1625449482.0,64.0
-16.43,1625449482.0,64.0
-15.54,1625449482.0,64.0
-13.93,1625449482.0,64.0
-11.71,1625449482.0,64.0
-9.01,1625449482.0,64.0
-5.93,1625449482.0,64.0
-2.58,1625449482.0,64.0
0.92,1625449482.0,64.0
4.37,1625449482.0,64.0
7.5,1625449482.0,64.0
10.1,1625449482.0,64.0
12.02,1625449482.0,64.0
13.27,1625449482.0,64.0
13.92,1625449482.0,64.0
14.12,1625449482.0,64.0
14.01,1625449482.0,64.0
13.7,1625449482.0,64.0
13.28,1625449482.0,64.0
12.82,1625449482.0,64.0
12.4,1625449482.0,64.0
12.03,1625449482.0,64.0
11.67,1625449482.0,64.0
11.22,1625449482.0,64.0
10.55,1625449482.0,64.0
9.57,1625449482.0,64.0
8.34,1625449482.0,64.0
7.03,1625449482.0,64.0
5.86,1625449482.0,64.0
4.97,1625449482.0,64.0
4.34,1625449482.0,64.0
3.82,1625449482.0,64.0
3.23,1625449482.0,64.0
2.43,1625449482.0,64.0
1.5,1625449482.0,64.0
0.6,1625449482.0,64.0
-0.06,1625449482.0,64.0
-0.39,1625449482.0,64.0
-0.47,1625449482.0,64.0
-0.52,1625449482.0,64.0
-0.82,1625449482.0,64.0
-1.61,1625449482.0,64.0
-2.94,1625449482.0,64.0
-4.72,1625449482.0,64.0
-6.69,1625449482.0,64.0
-8.55,1625449482.0,64.0
-10.05,1625449482.0,64.0
-11.06,1625449482.0,64.0
-11.64,1625449482.0,64.0
-11.95,1625449482.0,64.0
-12.14,1625449482.0,64.0
-12.19,1625449482.0,64.0
-11.84,1625449482.0,64.0
-10.64,1625449482.0,64.0
-8.13,1625449482.0,64.0
-4.06,1625449482.0,64.0
1.41,1625449482.0,64.0
7.73,1625449482.0,64.0
14.11,1625449482.0,64.0
19.79,1625449482.0,64.0
24.35,1625449482.0,64.0
27.85,1625449482.0,64.0
30.84,1625449482.0,64.0
34.16,1625449482.0,64.0
38.43,1625449482.0,64.0
43.77,1625449482.0,64.0
49.6,1625449482.0,64.0
54.82,1625449482.0,64.0
58.31,1625449482.0,64.0
59.59,1625449482.0,64.0
59.17,1625449482.0,64.0
58.63,1625449482.0,64.0
60.02,1625449482.0,64.0
64.97,1625449482.0,64.0
73.97,1625449482.0,64.0
86.07,1625449482.0,64.0
99.37,1625449482.0,64.0
111.81,1625449482.0,64.0
122.01,1625449482.0,64.0
129.7,1625449482.0,64.0
135.28,1625449482.0,64.0
139.29,1625449482.0,64.0
141.56,1625449482.0,64.0
140.91,1625449482.0,64.0
135.45,1625449482.0,64.0
123.02,1625449482.0,64.0
101.65,1625449482.0,64.0
69.91,1625449482.0,64.0
27.29,1625449482.0,64.0
-24.97,1625449482.0,64.0
-82.69,1625449482.0,64.0
-138.6,1625449482.0,64.0
-183.37,1625449482.0,64.0
-208.12,1625449482.0,64.0
-207.61,1625449482.0,64.0
-182.31,1625449482.0,64.0
-138.53,1625449482.0,64.0
-86.09,1625449482.0,64.0
-34.75,1625449482.0,64.0
9.08,1625449482.0,64.0
43.73,1625449482.0,64.0
71.58,1625449482.0,64.0
96.43,1625449482.0,64.0
120.64,1625449482.0,64.0
143.33,1625449482.0,64.0
160.31,1625449482.0,64.0
165.95,1625449482.0,64.0
156.07,1625449482.0,64.0
130.4,1625449482.0,64.0
93.17,1625449482.0,64.0
52.12,1625449482.0,64.0
15.59,1625449482.0,64.0
-10.31,1625449482.0,64.0
-23.27,1625449482.0,64.0
-24.98,1625449482.0,64.0
-19.42,1625449482.0,64.0
-10.88,1625449482.0,64.0
-2.8,1625449482.0,64.0
2.42,1625449482.0,64.0
3.13,1625449482.0,64.0
-2.2,1625449482.0,64.0
-14.69,1625449482.0,64.0
-34.33,1625449482.0,64.0
-59.59,1625449482.0,64.0
-87.27,1625449482.0,64.0
-113.39,1625449482.0,64.0
-134.57,1625449482.0,64.0
-149.33,1625449482.0,64.0
-158.41,1625449482.0,64.0
-164.43,1625449482.0,64.0
-170.15,1625449482.0,64.0
-177.2,1625449482.0,64.0
-185.58,1625449482.0,64.0
-193.25,1625449482.0,64.0
-197.13,1625449482.0,64.0
-194.41,1625449482.0,64.0
-184.04,1625449482.0,64.0
-167.09,1625449482.0,64.0
-147.65,1625449482.0,64.0
-130.64,1625449482.0,64.0
-120.09,1625449482.0,64.0
-117.85,1625449482.0,64.0
-121.2,1625449482.0,64.0
-123.69,1625449482.0,64.0
-117.89,1625449482.0,64.0
-98.92,1625449482.0,64.0
-66.13,1625449482.0,64.0
-24.73,1625449482.0,64.0
18.82,1625449482.0,64.0
59.08,1625449482.0,64.0
91.98,1625449482.0,64.0
116.33,1625449482.0,64.0
132.1,1625449482.0,64.0
138.81,1625449482.0,64.0
134.97,1625449482.0,64.0
119.8,1625449482.0,64.0
91.62,1625449482.0,64.0
51.52,1625449482.0,64.0
1.46,1625449482.0,64.0
-57.98,1625449482.0,64.0
-125.29,1625449482.0,64.0
-197.18,1625449482.0,64.0
-267.65,1625449482.0,64.0
-329.27,1625449482.0,64.0
-373.96,1625449482.0,64.0
-399.35,1625449482.0,64.0
-405.8,1625449482.0,64.0
-385.83,1625449482.0,64.0
-337.89,1625449482.0,64.0
-264.41,1625449482.0,64.0
-171.01,1625449482.0,64.0
-64.36,1625449482.0,64.0
41.2,1625449482.0,64.0
148.57,1625449482.0,64.0
248.39,1625449482.0,64.0
335.22,1625449482.0,64.0
403.81,1625449482.0,64.0
448.57,1625449482.0,64.0
467.92,1625449482.0,64.0
463.85,1625449482.0,64.0
442.39,1625449482.0,64.0
411.74,1625449482.0,64.0
380.48,1625449482.0,64.0
351.87,1625449482.0,64.0
327.5,1625449482.0,64.0
307.47,1625449482.0,64.0
289.16,1625449482.0,64.0
270.41,1625449482.0,64.0
250.77,1625449482.0,64.0
230.31,1625449482.0,64.0
208.68,1625449482.0,64.0
186.0,1625449482.0,64.0
160.74,1625449482.0,64.0
133.67,1625449482.0,64.0
106.52,1625449482.0,64.0
80.37,1625449482.0,64.0
56.01,1625449482.0,64.0
33.13,1625449482.0,64.0
10.39,1625449482.0,64.0
-13.77,1625449482.0,64.0
-39.65,1625449482.0,64.0
-67.38,1625449482.0,64.0
-95.45,1625449482.0,64.0
-122.51,1625449482.0,64.0
-148.89,1625449482.0,64.0
-175.88,1625449482.0,64.0
-204.39,1625449482.0,64.0
-233.72,1625449482.0,64.0
-261.2,1625449482.0,64.0
-283.29,1625449482.0,64.0
-298.71,1625449482.0,64.0
-308.72,1625449482.0,64.0
-316.32,1625449482.0,64.0
-323.56,1625449482.0,64.0
-328.81,1625449482.0,64.0
-327.29,1625449482.0,64.0
-314.48,1625449482.0,64.0
-289.95,1625449482.0,64.0
-258.74,1625449482.0,64.0
-228.84,1625449482.0,64.0
-205.28,1625449482.0,64.0
-185.88,1625449482.0,64.0
-161.5,1625449482.0,64.0
-121.35,1625449482.0,64.0
-60.54,1625449482.0,64.0
15.47,1625449482.0,64.0
92.28,1625449482.0,64.0
153.18,1625449482.0,64.0
186.78,1625449482.0,64.0
190.89,1625449482.0,64.0
170.82,1625449482.0,64.0
133.84,1625449482.0,64.0
84.08,1625449482.0,64.0
21.51,1625449482.0,64.0
-54.74,1625449482.0,64.0
-141.28,1625449482.0,64.0
-227.86,1625449482.0,64.0
-299.38,1625449482.0,64.0
-341.71,1625449482.0,64.0
-348.39,1625449482.0,64.0
-323.98,1625449482.0,64.0
-281.91,1625449482.0,64.0
-238.27,1625449482.0,64.0
-204.76,1625449482.0,64.0
-184.24,1625449482.0,64.0
-171.32,1625449482.0,64.0
-156.26,1625449482.0,64.0
-130.29,1625449482.0,64.0
-89.2,1625449482.0,64.0
-33.99,1625449482.0,64.0
30.61,1625449482.0,64.0
97.87,1625449482.0,64.0
160.16,1625449482.0,64.0
209.6,1625449482.0,64.0
238.95,1625449482.0,64.0
243.89,1625449482.0,64.0
225.41,1625449482.0,64.0
191.36,1625449482.0,64.0
155.2,1625449482.0,64.0
131.26,1625449482.0,64.0
128.6,1625449482.0,64.0
146.4,1625449482.0,64.0
173.88,1625449482.0,64.0
195.39,1625449482.0,64.0
198.32,1625449482.0,64.0
179.48,1625449482.0,64.0
146.32,1625449482.0,64.0
112.45,1625449482.0,64.0
90.17,1625449482.0,64.0
84.78,1625449482.0,64.0
93.41,1625449482.0,64.0
109.03,1625449482.0,64.0
125.63,1625449482.0,64.0
141.49,1625449482.0,64.0
158.2,1625449482.0,64.0
176.57,1625449482.0,64.0
192.98,1625449482.0,64.0
198.93,1625449482.0,64.0
184.69,1625449482.0,64.0
144.7,1625449482.0,64.0
81.17,1625449482.0,64.0
3.75,1625449482.0,64.0
-74.35,1625449482.0,64.0
-141.48,1625449482.0,64.0
-191.1,1625449482.0,64.0
-222.18,1625449482.0,64.0
-237.36,1625449482.0,64.0
-240.14,1625449482.0,64.0
-232.98,1625449482.0,64.0
-216.76,1625449482.0,64.0
-191.22,1625449482.0,64.0
-155.88,1625449482.0,64.0
-110.83,1625449482.0,64.0
-57.51,1625449482.0,64.0
0.85,1625449482.0,64.0
58.96,1625449482.0,64.0
109.96,1625449482.0,64.0
146.47,1625449482.0,64.0
162.55,1625449482.0,64.0
155.62,1625449482.0,64.0
127.61,1625449482.0,64.0
84.63,1625449482.0,64.0
35.09,1625449482.0,64.0
-12.45,1625449482.0,64.0
-51.34,1625449482.0,64.0
-77.72,1625449482.0,64.0
-90.19,1625449482.0,64.0
-88.79,1625449482.0,64.0
-74.07,1625449482.0,64.0
-46.78,1625449482.0,64.0
-8.85,1625449482.0,64.0
35.42,1625449482.0,64.0
78.66,1625449482.0,64.0
111.73,1625449482.0,64.0
126.71,1625449482.0,64.0
120.72,1625449482.0,64.0
98.11,1625449482.0,64.0
69.54,1625449482.0,64.0
47.82,1625449482.0,64.0
42.42,1625449482.0,64.0
55.32,1625449482.0,64.0
80.67,1625449482.0,64.0
108.14,1625449482.0,64.0
128.21,1625449482.0,64.0
136.61,1625449482.0,64.0
135.17,1625449482.0,64.0
129.49,1625449482.0,64.0
124.77,1625449482.0,64.0
122.53,1625449482.0,64.0
119.73,1625449482.0,64.0
110.44,1625449482.0,64.0
89.04,1625449482.0,64.0
53.07,1625449482.0,64.0
4.75,1625449482.0,64.0
-49.54,1625449482.0,64.0
-101.38,1625449482.0,64.0
-142.9,1625449482.0,64.0
-168.84,1625449482.0,64.0
-177.15,1625449482.0,64.0
-168.61,1625449482.0,64.0
-145.84,1625449482.0,64.0
-112.39,1625449482.0,64.0
-72.44,1625449482.0,64.0
-30.68,1625449482.0,64.0
8.06,1625449482.0,64.0
39.8,1625449482.0,64.0
62.39,1625449482.0,64.0
76.33,1625449482.0,64.0
84.41,1625449482.0,64.0
90.37,1625449482.0,64.0
97.09,1625449482.0,64.0
105.07,1625449482.0,64.0
111.76,1625449482.0,64.0
112.26,1625449482.0,64.0
101.1,1625449482.0,64.0
74.46,1625449482.0,64.0
32.52,1625449482.0,64.0
-19.76,1625449482.0,64.0
-73.24,1625449482.0,64.0
-117.04,1625449482.0,64.0
-141.98,1625449482.0,64.0
-143.58,1625449482.0,64.0
-123.39,1625449482.0,64.0
-88.01,1625449482.0,64.0
-46.53,1625449482.0,64.0
-7.33,1625449482.0,64.0
24.17,1625449482.0,64.0
46.12,1625449482.0,64.0
59.37,1625449482.0,64.0
65.9,1625449482.0,64.0
67.56,1625449482.0,64.0
65.46,1625449482.0,64.0
60.23,1625449482.0,64.0
52.54,1625449482.0,64.0
43.51,1625449482.0,64.0
34.47,1625449482.0,64.0
26.58,1625449482.0,64.0
20.15,1625449482.0,64.0
14.55,1625449482.0,64.0
8.59,1625449482.0,64.0
1.37,1625449482.0,64.0
-6.98,1625449482.0,64.0
-15.16,1625449482.0,64.0
-21.1,1625449482.0,64.0
-22.88,1625449482.0,64.0
-19.75,1625449482.0,64.0
-12.54,1625449482.0,64.0
-3.37,1625449482.0,64.0
5.18,1625449482.0,64.0
11.22,1625449482.0,64.0
14.13,1625449482.0,64.0
14.62,1625449482.0,64.0
13.99,1625449482.0,64.0
13.27,1625449482.0,64.0
12.57,1625449482.0,64.0
11.06,1625449482.0,64.0
7.69,1625449482.0,64.0
1.88,1625449482.0,64.0
-6.0,1625449482.0,64.0
-14.72,1625449482.0,64.0
-22.71,1625449482.0,64.0
-28.8,1625449482.0,64.0
-32.45,1625449482.0,64.0
-33.72,1625449482.0,64.0
-32.88,1625449482.0,64.0
-29.98,1625449482.0,64.0
-24.89,1625449482.0,64.0
-17.46,1625449482.0,64.0
-7.97,1625449482.0,64.0
2.68,1625449482.0,64.0
12.98,1625449482.0,64.0
21.16,1625449482.0,64.0
25.6,1625449482.0,64.0
25.41,1625449482.0,64.0
20.73,1625449482.0,64.0
12.74,1625449482.0,64.0
3.38,1625449482.0,64.0
-5.31,1625449482.0,64.0
-11.87,1625449482.0,64.0
-15.74,1625449482.0,64.0
-17.16,1625449482.0,64.0
-16.79,1625449482.0,64.0
-15.13,1625449482.0,64.0
-12.35,1625449482.0,64.0
-8.34,1625449482.0,64.0
-3.07,1625449482.0,64.0
3.09,1625449482.0,64.0
9.35,1625449482.0,64.0
14.56,1625449482.0,64.0
17.6,1625449482.0,64.0
17.62,1625449482.0,64.0
14.28,1625449482.0,64.0
7.92,1625449482.0,64.0
-0.48,1625449482.0,64.0
-9.55,1625449482.0,64.0
-17.8,1625449482.0,64.0
-24.05,1625449482.0,64.0
-27.65,1625449482.0,64.0
-28.46,1625449482.0,64.0
-26.57,1625449482.0,64.0
-22.13,1625449482.0,64.0
-15.36,1625449482.0,64.0
-6.72,1625449482.0,64.0
2.94,1625449482.0,64.0
12.53,1625449482.0,64.0
21.0,1625449482.0,64.0
27.65,1625449482.0,64.0
32.01,1625449482.0,64.0
33.61,1625449482.0,64.0
31.8,1625449482.0,64.0
25.96,1625449482.0,64.0
16.37,1625449482.0,64.0
4.78,1625449482.0,64.0
-5.5,1625449482.0,64.0
-10.63,1625449482.0,64.0
-7.88,1625449482.0,64.0
2.93,1625449482.0,64.0
19.27,1625449482.0,64.0
36.89,1625449482.0,64.0
51.37,1625449482.0,64.0
59.36,1625449482.0,64.0
59.03,1625449482.0,64.0
50.07,1625449482.0,64.0
33.67,1625449482.0,64.0
12.57,1625449482.0,64.0
-9.11,1625449482.0,64.0
-26.66,1625449482.0,64.0
-36.15,1625449482.0,64.0
-35.84,1625449482.0,64.0
-26.82,1625449482.0,64.0
-12.25,1625449482.0,64.0
4.41,1625449482.0,64.0
21.02,1625449482.0,64.0
37.3,1625449482.0,64.0
53.9,1625449482.0,64.0
71.0,1625449482.0,64.0
87.37,1625449482.0,64.0
100.73,1625449482.0,64.0
109.22,1625449482.0,64.0
112.5,1625449482.0,64.0
112.18,1625449482.0,64.0
110.77,1625449482.0,64.0
110.04,1625449482.0,64.0
109.69,1625449482.0,64.0
107.52,1625449482.0,64.0
100.67,1625449482.0,64.0
87.17,1625449482.0,64.0
67.13,1625449482.0,64.0
42.5,1625449482.0,64.0
16.21,1625449482.0,64.0
-9.05,1625449482.0,64.0
-31.67,1625449482.0,64.0
-51.73,1625449482.0,64.0
-70.02,1625449482.0,64.0
-86.99,1625449482.0,64.0
-102.15,1625449482.0,64.0
-112.75,1625449482.0,64.0
-115.28,1625449482.0,64.0
-107.16,1625449482.0,64.0
-88.24,1625449482.0,64.0
-61.19,1625449482.0,64.0
-31.59,1625449482.0,64.0
-5.43,1625449482.0,64.0
12.79,1625449482.0,64.0
21.07,1625449482.0,64.0
20.14,1625449482.0,64.0
12.57,1625449482.0,64.0
1.36,1625449482.0,64.0
-11.27,1625449482.0,64.0
-24.82,1625449482.0,64.0
-41.33,1625449482.0,64.0
-63.51,1625449482.0,64.0
-93.14,1625449482.0,64.0
-130.6,1625449482.0,64.0
-174.91,1625449482.0,64.0
-224.34,1625449482.0,64.0
-276.68,1625449482.0,64.0
-329.19,1625449482.0,64.0
-370.55,1625449482.0,64.0
-391.43,1625449482.0,64.0
-385.56,1625449482.0,64.0
-351.75,1625449482.0,64.0
-295.19,1625449482.0,64.0
-225.71,1625449482.0,64.0
-154.24,1625449482.0,64.0
-89.27,1625449482.0,64.0
-34.89,1625449482.0,64.0
8.02,1625449482.0,64.0
41.23,1625449482.0,64.0
65.72,1625449482.0,64.0
82.26,1625449482.0,64.0
92.32,1625449482.0,64.0
99.3,1625449482.0,64.0
108.5,1625449482.0,64.0
125.77,1625449482.0,64.0
155.57,1625449482.0,64.0
199.02,1625449482.0,64.0
252.23,1625449482.0,64.0
305.14,1625449482.0,64.0
346.35,1625449482.0,64.0
366.01,1625449482.0,64.0
359.08,1625449482.0,64.0
327.43,1625449482.0,64.0
279.81,1625449482.0,64.0
229.0,1625449482.0,64.0
187.49,1625449482.0,64.0
162.6,1625449482.0,64.0
154.49,1625449482.0,64.0
157.27,1625449482.0,64.0
161.7,1625449482.0,64.0
159.09,1625449482.0,64.0
144.26,1625449482.0,64.0
116.91,1625449482.0,64.0
81.12,1625449482.0,64.0
43.54,1625449482.0,64.0
10.76,1625449482.0,64.0
-12.92,1625449482.0,64.0
-26.2,1625449482.0,64.0
-30.71,1625449482.0,64.0
-29.35,1625449482.0,64.0
-24.04,1625449482.0,64.0
-14.81,1625449482.0,64.0
-0.57,1625449482.0,64.0
18.68,1625449482.0,64.0
39.78,1625449482.0,64.0
56.27,1625449482.0,64.0
60.54,1625449482.0,64.0
47.61,1625449482.0,64.0
17.87,1625449482.0,64.0
-22.55,1625449482.0,64.0
-64.53,1625449482.0,64.0
-100.04,1625449482.0,64.0
-125.39,1625449482.0,64.0
-141.78,1625449482.0,64.0
-153.24,1625449482.0,64.0
-163.46,1625449482.0,64.0
-173.72,1625449482.0,64.0
-182.81,1625449482.0,64.0
-188.6,1625449482.0,64.0
-189.9,1625449482.0,64.0
-187.48,1625449482.0,64.0
-183.57,1625449482.0,64.0
-180.36,1625449482.0,64.0
-178.78,1625449482.0,64.0
-177.97,1625449482.0,64.0
-175.92,1625449482.0,64.0
-170.58,1625449482.0,64.0
-160.86,1625449482.0,64.0
-147.0,1625449482.0,64.0
-130.4,1625449482.0,64.0
-112.97,1625449482.0,64.0
-96.67,1625449482.0,64.0
-82.82,1625449482.0,64.0
-71.94,1625449482.0,64.0
-63.63,1625449482.0,64.0
-56.82,1625449482.0,64.0
-50.26,1625449482.0,64.0
-43.0,1625449482.0,64.0
-34.8,1625449482.0,64.0
-26.09,1625449482.0,64.0
-17.36,1625449482.0,64.0
-8.54,1625449482.0,64.0
1.28,1625449482.0,64.0
13.5,1625449482.0,64.0
29.03,1625449482.0,64.0
47.48,1625449482.0,64.0
66.94,1625449482.0,64.0
84.28,1625449482.0,64.0
96.14,1625449482.0,64.0
99.71,1625449482.0,64.0
93.29,1625449482.0,64.0
76.44,1625449482.0,64.0
49.97,1625449482.0,64.0
15.72,1625449482.0,64.0
-23.22,1625449482.0,64.0
-63.01,1625449482.0,64.0
-99.66,1625449482.0,64.0
-129.67,1625449482.0,64.0
-150.85,1625449482.0,64.0
-162.63,1625449482.0,64.0
-165.88,1625449482.0,64.0
-162.51,1625449482.0,64.0
-155.06,1625449482.0,64.0
-146.22,1625449482.0,64.0
-138.48,1625449482.0,64.0
-133.56,1625449482.0,64.0
-131.93,1625449482.0,64.0
-132.5,1625449482.0,64.0
-133.01,1625449482.0,64.0
-130.66,1625449482.0,64.0
-122.92,1625449482.0,64.0
-108.17,1625449482.0,64.0
-85.8,1625449482.0,64.0
-56.18,1625449482.0,64.0
-20.64,1625449482.0,64.0
18.47,1625449482.0,64.0
57.64,1625449482.0,64.0
92.58,1625449482.0,64.0
119.15,1625449482.0,64.0
134.64,1625449482.0,64.0
138.91,1625449482.0,64.0
134.48,1625449482.0,64.0
125.72,1625449482.0,64.0
117.2,1625449482.0,64.0
112.15,1625449482.0,64.0
111.44,1625449482.0,64.0
113.9,1625449482.0,64.0
117.27,1625449482.0,64.0
119.31,1625449482.0,64.0
118.69,1625449482.0,64.0
115.25,1625449482.0,64.0
109.54,1625449482.0,64.0
102.44,1625449482.0,64.0
94.72,1625449482.0,64.0
86.92,1625449482.0,64.0
79.49,1625449482.0,64.0
72.82,1625449482.0,64.0
67.34,1625449482.0,64.0
63.3,1625449482.0,64.0
60.65,1625449482.0,64.0
58.94,1625449482.0,64.0
57.44,1625449482.0,64.0
55.34,1625449482.0,64.0
52.13,1625449482.0,64.0
47.83,1625449482.0,64.0
42.98,1625449482.0,64.0
38.43,1625449482.0,64.0
34.85,1625449482.0,64.0
32.48,1625449482.0,64.0
30.96,1625449482.0,64.0
29.58,1625449482.0,64.0
27.63,1625449482.0,64.0
24.78,1625449482.0,64.0
21.22,1625449482.0,64.0
17.5,1625449482.0,64.0
14.34,1625449482.0,64.0
12.32,1625449482.0,64.0
11.72,1625449482.0,64.0
12.39,1625449482.0,64.0
13.77,1625449482.0,64.0
14.85,1625449482.0,64.0
14.34,1625449482.0,64.0
11.1,1625449482.0,64.0
4.59,1625449482.0,64.0
-4.67,1625449482.0,64.0
-15.06,1625449482.0,64.0
-24.38,1625449482.0,64.0
-30.68,1625449482.0,64.0
-33.01,1625449482.0,64.0
-31.79,1625449482.0,64.0
-28.47,1625449482.0,64.0
-24.75,1625449482.0,64.0
-21.93,1625449482.0,64.0
-20.44,1625449482.0,64.0
-20.0,1625449482.0,64.0
-20.03,1625449482.0,64.0
-20.14,1625449482.0,64.0
-20.21,1625449482.0,64.0
-20.27,1625449482.0,64.0
-20.28,1625449482.0,64.0
-19.93,1625449482.0,64.0
-18.76,1625449482.0,64.0
-16.33,1625449482.0,64.0
-12.6,1625449482.0,64.0
-8.04,1625449482.0,64.0
-3.44,1625449482.0,64.0
0.42,1625449482.0,64.0
3.12,1625449482.0,64.0
4.83,1625449482.0,64.0
6.15,1625449482.0,64.0
7.78,1625449482.0,64.0
10.14,1625449482.0,64.0
13.21,1625449482.0,64.0
16.56,1625449482.0,64.0
19.66,1625449482.0,64.0
22.12,1625449482.0,64.0
23.85,1625449482.0,64.0
25.04,1625449482.0,64.0
26.0,1625449482.0,64.0
26.95,1625449482.0,64.0
27.92,1625449482.0,64.0
28.74,1625449482.0,64.0
29.11,1625449482.0,64.0
28.82,1625449482.0,64.0
27.79,1625449482.0,64.0
26.14,1625449482.0,64.0
24.12,1625449482.0,64.0
21.99,1625449482.0,64.0
19.86,1625449482.0,64.0
17.72,1625449482.0,64.0
15.49,1625449482.0,64.0
13.11,1625449482.0,64.0
10.66,1625449482.0,64.0
8.31,1625449482.0,64.0
6.22,1625449482.0,64.0
4.44,1625449482.0,64.0
2.81,1625449482.0,64.0
1.08,1625449482.0,64.0
-0.96,1625449482.0,64.0
-3.4,1625449482.0,64.0
-6.13,1625449482.0,64.0
-8.97,1625449482.0,64.0
-11.76,1625449482.0,64.0
-14.4,1625449482.0,64.0
-16.85,1625449482.0,64.0
-19.06,1625449482.0,64.0
-20.88,1625449482.0,64.0
-22.12,1625449482.0,64.0
-22.6,1625449482.0,64.0
-22.22,1625449482.0,64.0
-21.02,1625449482.0,64.0
-19.15,1625449482.0,64.0
-16.77,1625449482.0,64.0
-13.98,1625449482.0,64.0
-10.82,1625449482.0,64.0
-7.32,1625449482.0,64.0
-3.56,1625449482.0,64.0
0.26,1625449482.0,64.0
3.88,1625449482.0,64.0
7.02,1625449482.0,64.0
9.53,1625449482.0,64.0
11.44,1625449482.0,64.0
12.88,1625449482.0,64.0
14.09,1625449482.0,64.0
15.2,1625449482.0,64.0
16.28,1625449482.0,64.0
17.25,1625449482.0,64.0
18.0,1625449482.0,64.0
18.43,1625449482.0,64.0
18.47,1625449482.0,64.0
18.15,1625449482.0,64.0
17.54,1625449482.0,64.0
16.73,1625449482.0,64.0
15.78,1625449482.0,64.0
14.69,1625449482.0,64.0
13.44,1625449482.0,64.0
11.97,1625449482.0,64.0
10.28,1625449482.0,64.0
8.47,1625449482.0,64.0
6.69,1625449482.0,64.0
5.11,1625449482.0,64.0
3.78,1625449482.0,64.0
2.65,1625449482.0,64.0
1.51,1625449482.0,64.0
0.16,1625449482.0,64.0
-1.56,1625449482.0,64.0
-3.62,1625449482.0,64.0
-5.88,1625449482.0,64.0
-8.14,1625449482.0,64.0
-10.27,1625449482.0,64.0
-12.21,1625449482.0,64.0
-13.97,1625449482.0,64.0
-15.5,1625449482.0,64.0
-16.64,1625449482.0,64.0
-17.21,1625449482.0,64.0
-17.03,1625449482.0,64.0
-16.02,1625449482.0,64.0
-14.22,1625449482.0,64.0
-11.78,1625449482.0,64.0
-8.89,1625449482.0,64.0
-5.77,1625449482.0,64.0
-2.57,1625449482.0,64.0
0.55,1625449482.0,64.0
3.4,1625449482.0,64.0
5.85,1625449482.0,64.0
7.8,1625449482.0,64.0
9.26,1625449482.0,64.0
10.37,1625449482.0,64.0
11.34,1625449482.0,64.0
12.35,1625449482.0,64.0
13.44,1625449482.0,64.0
14.51,1625449482.0,64.0
15.33,1625449482.0,64.0
15.7,1625449482.0,64.0
15.54,1625449482.0,64.0
14.96,1625449482.0,64.0
14.23,1625449482.0,64.0
13.56,1625449482.0,64.0
13.06,1625449482.0,64.0
12.62,1625449482.0,64.0
12.01,1625449482.0,64.0
11.05,1625449482.0,64.0
9.69,1625449482.0,64.0
8.01,1625449482.0,64.0
6.19,1625449482.0,64.0
4.41,1625449482.0,64.0
2.74,1625449482.0,64.0
1.14,1625449482.0,64.0
-0.46,1625449482.0,64.0
-2.09,1625449482.0,64.0
-3.77,1625449482.0,64.0
-5.44,1625449482.0,64.0
-7.13,1625449482.0,64.0
-8.88,1625449482.0,64.0
-10.81,1625449482.0,64.0
-12.93,1625449482.0,64.0
-15.08,1625449482.0,64.0
-16.97,1625449482.0,64.0
-18.24,1625449482.0,64.0
-18.6,1625449482.0,64.0
-17.95,1625449482.0,64.0
-16.42,1625449482.0,64.0
-14.26,1625449482.0,64.0
-11.69,1625449482.0,64.0
-8.87,1625449482.0,64.0
-5.88,1625449482.0,64.0
-2.77,1625449482.0,64.0
0.41,1625449482.0,64.0
3.47,1625449482.0,64.0
6.25,1625449482.0,64.0
8.61,1625449482.0,64.0
10.51,1625449482.0,64.0
12.01,1625449482.0,64.0
13.21,1625449482.0,64.0
14.25,1625449482.0,64.0
15.19,1625449482.0,64.0
16.04,1625449482.0,64.0
16.77,1625449482.0,64.0
17.29,1625449482.0,64.0
17.54,1625449482.0,64.0
17.5,1625449482.0,64.0
17.21,1625449482.0,64.0
16.7,1625449482.0,64.0
16.01,1625449482.0,64.0
15.14,1625449482.0,64.0
14.07,1625449482.0,64.0
12.81,1625449482.0,64.0
11.39,1625449482.0,64.0
9.86,1625449482.0,64.0
8.32,1625449482.0,64.0
6.9,1625449482.0,64.0
5.68,1625449482.0,64.0
4.7,1625449482.0,64.0
3.87,1625449482.0,64.0
3.05,1625449482.0,64.0
2.0,1625449482.0,64.0
0.53,1625449482.0,64.0
-1.44,1625449482.0,64.0
-3.84,1625449482.0,64.0
-6.46,1625449482.0,64.0
-9.04,1625449482.0,64.0
-11.39,1625449482.0,64.0
-13.4,1625449482.0,64.0
-15.02,1625449482.0,64.0
-16.21,1625449482.0,64.0
-16.91,1625449482.0,64.0
-16.98,1625449482.0,64.0
-16.28,1625449482.0,64.0
-14.78,1625449482.0,64.0
-12.6,1625449482.0,64.0
-10.0,1625449482.0,64.0
-7.35,1625449482.0,64.0
-4.95,1625449482.0,64.0
-2.93,1625449482.0,64.0
-1.26,1625449482.0,64.0
0.2,1625449482.0,64.0
1.57,1625449482.0,64.0
2.9,1625449482.0,64.0
4.12,1625449482.0,64.0
5.17,1625449482.0,64.0
6.11,1625449482.0,64.0
7.07,1625449482.0,64.0
8.26,1625449482.0,64.0
9.73,1625449482.0,64.0
11.29,1625449482.0,64.0
12.53,1625449482.0,64.0
12.99,1625449482.0,64.0
12.39,1625449482.0,64.0
10.76,1625449482.0,64.0
8.5,1625449482.0,64.0
6.17,1625449482.0,64.0
4.25,1625449482.0,64.0
3.01,1625449482.0,64.0
2.4,1625449482.0,64.0
2.21,1625449482.0,64.0
2.16,1625449482.0,64.0
2.09,1625449482.0,64.0
1.97,1625449482.0,64.0
1.88,1625449482.0,64.0
1.88,1625449482.0,64.0
1.99,1625449482.0,64.0
2.08,1625449482.0,64.0
1.93,1625449482.0,64.0
1.34,1625449482.0,64.0
0.13,1625449482.0,64.0
-1.71,1625449482.0,64.0
-4.09,1625449482.0,64.0
-6.79,1625449482.0,64.0
-9.61,1625449482.0,64.0
-12.35,1625449482.0,64.0
-14.84,1625449482.0,64.0
-16.97,1625449482.0,64.0
-18.57,1625449482.0,64.0
-19.53,1625449482.0,64.0
-19.72,1625449482.0,64.0
-19.1,1625449482.0,64.0
-17.77,1625449482.0,64.0
-15.91,1625449482.0,64.0
-13.75,1625449482.0,64.0
-11.41,1625449482.0,64.0
-8.91,1625449482.0,64.0
-6.12,1625449482.0,64.0
-2.97,1625449482.0,64.0
0.51,1625449482.0,64.0
4.1,1625449482.0,64.0
7.48,1625449482.0,64.0
10.36,1625449482.0,64.0
12.6,1625449482.0,64.0
14.23,1625449482.0,64.0
15.38,1625449482.0,64.0
16.15,1625449482.0,64.0
16.55,1625449482.0,64.0
16.51,1625449482.0,64.0
15.99,1625449482.0,64.0
15.09,1625449482.0,64.0
14.04,1625449482.0,64.0
13.08,1625449482.0,64.0
12.33,1625449482.0,64.0
11.67,1625449482.0,64.0
10.84,1625449482.0,64.0
9.57,1625449482.0,64.0
7.78,1625449482.0,64.0
5.62,1625449482.0,64.0
3.44,1625449482.0,64.0
1.55,1625449482.0,64.0
0.13,1625449482.0,64.0
-0.79,1625449482.0,64.0
-1.35,1625449482.0,64.0
-1.64,1625449482.0,64.0
-1.79,1625449482.0,64.0
-1.86,1625449482.0,64.0
-1.98,1625449482.0,64.0
-2.3,1625449482.0,64.0
-3.0,1625449482.0,64.0
-4.18,1625449482.0,64.0
-5.81,1625449482.0,64.0
-7.73,1625449482.0,64.0
-9.75,1625449482.0,64.0
-11.68,1625449482.0,64.0
-13.44,1625449482.0,64.0
-14.99,1625449482.0,64.0
-16.27,1625449482.0,64.0
-17.21,1625449482.0,64.0
-17.67,1625449482.0,64.0
-17.54,1625449482.0,64.0
-16.79,1625449482.0,64.0
-15.49,1625449482.0,64.0
-13.74,1625449482.0,64.0
-11.65,1625449482.0,64.0
-9.24,1625449482.0,64.0
-6.5,1625449482.0,64.0
-3.43,1625449482.0,64.0
-0.13,1625449482.0,64.0
3.13,1625449482.0,64.0
5.98,1625449482.0,64.0
8.07,1625449482.0,64.0
9.23,1625449482.0,64.0
9.55,1625449482.0,64.0
9.35,1625449482.0,64.0
9.04,1625449482.0,64.0
8.96,1625449482.0,64.0
9.22,1625449482.0,64.0
9.71,1625449482.0,64.0
10.15,1625449482.0,64.0
10.31,1625449482.0,64.0
10.1,1625449482.0,64.0
9.61,1625449482.0,64.0
9.03,1625449482.0,64.0
8.59,1625449482.0,64.0
8.38,1625449482.0,64.0
8.37,1625449482.0,64.0
8.42,1625449482.0,64.0
8.38,1625449482.0,64.0
8.17,1625449482.0,64.0
7.79,1625449482.0,64.0
7.32,1625449482.0,64.0
6.81,1625449482.0,64.0
6.26,1625449482.0,64.0
5.59,1625449482.0,64.0
4.73,1625449482.0,64.0
3.63,1625449482.0,64.0
2.32,1625449482.0,64.0
0.87,1625449482.0,64.0
-0.64,1625449482.0,64.0
-2.21,1625449482.0,64.0
-3.8,1625449482.0,64.0
-5.44,1625449482.0,64.0
-7.09,1625449482.0,64.0
-8.71,1625449482.0,64.0
-10.24,1625449482.0,64.0
-11.61,1625449482.0,64.0
-12.72,1625449482.0,64.0
-13.44,1625449482.0,64.0
-13.64,1625449482.0,64.0
-13.26,1625449482.0,64.0
-12.39,1625449482.0,64.0
-11.27,1625449482.0,64.0
-10.13,1625449482.0,64.0
-9.07,1625449482.0,64.0
-7.93,1625449482.0,64.0
-6.4,1625449482.0,64.0
-4.17,1625449482.0,64.0
-1.22,1625449482.0,64.0
2.15,1625449482.0,64.0
5.44,1625449482.0,64.0
8.15,1625449482.0,64.0
9.99,1625449482.0,64.0
10.95,1625449482.0,64.0
11.24,1625449482.0,64.0
11.1,1625449482.0,64.0
10.68,1625449482.0,64.0
10.04,1625449482.0,64.0
9.21,1625449482.0,64.0
8.25,1625449482.0,64.0
7.3,1625449482.0,64.0
6.55,1625449482.0,64.0
6.12,1625449482.0,64.0
5.99,1625449482.0,64.0
6.02,1625449482.0,64.0
5.96,1625449482.0,64.0
5.63,1625449482.0,64.0
4.96,1625449482.0,64.0
4.06,1625449482.0,64.0
3.17,1625449482.0,64.0
2.49,1625449482.0,64.0
2.16,1625449482.0,64.0
2.14,1625449482.0,64.0
2.28,1625449482.0,64.0
2.38,1625449482.0,64.0
2.32,1625449482.0,64.0
2.0,1625449482.0,64.0
1.37,1625449482.0,64.0
0.37,1625449482.0,64.0
-1.08,1625449482.0,64.0
-3.01,1625449482.0,64.0
-5.34,1625449482.0,64.0
-7.86,1625449482.0,64.0
-10.32,1625449482.0,64.0
-12.46,1625449482.0,64.0
-14.19,1625449482.0,64.0
-15.5,1625449482.0,64.0
-16.43,1625449482.0,64.0
-17.0,1625449482.0,64.0
-17.17,1625449482.0,64.0
-16.83,1625449482.0,64.0
-15.92,1625449482.0,64.0
-14.5,1625449482.0,64.0
-12.68,1625449482.0,64.0
-10.63,1625449482.0,64.0
-8.47,1625449482.0,64.0
-6.23,1625449482.0,64.0
-3.9,1625449482.0,64.0
-1.48,1625449482.0,64.0
0.97,1625449482.0,64.0
3.32,1625449482.0,64.0
5.41,1625449482.0,64.0
7.12,1625449482.0,64.0
8.45,1625449482.0,64.0
9.5,1625449482.0,64.0
10.43,1625449482.0,64.0
11.3,1625449482.0,64.0
12.14,1625449482.0,64.0
12.85,1625449482.0,64.0
13.3,1625449482.0,64.0
13.43,1625449482.0,64.0
13.24,1625449482.0,64.0
12.84,1625449482.0,64.0
12.35,1625449482.0,64.0
11.89,1625449482.0,64.0
11.43,1625449482.0,64.0
10.96,1625449482.0,64.0
10.37,1625449482.0,64.0
9.6,1625449482.0,64.0
8.66,1625449482.0,64.0
7.6,1625449482.0,64.0
6.49,1625449482.0,64.0
5.41,1625449482.0,64.0
4.41,1625449482.0,64.0
3.45,1625449482.0,64.0
2.52,1625449482.0,64.0
1.55,1625449482.0,64.0
0.53,1625449482.0,64.0
-0.5,1625449482.0,64.0
-1.48,1625449482.0,64.0
-2.34,1625449482.0,64.0
-3.08,1625449482.0,64.0
-3.77,1625449482.0,64.0
-4.52,1625449482.0,64.0
-5.42,1625449482.0,64.0
-6.47,1625449482.0,64.0
-7.56,1625449482.0,64.0
-8.46,1625449482.0,64.0
-8.99,1625449482.0,64.0
-9.0,1625449482.0,64.0
-8.48,1625449482.0,64.0
-7.46,1625449482.0,64.0
-6.04,1625449482.0,64.0
-4.31,1625449482.0,64.0
-2.33,1625449482.0,64.0
-0.21,1625449482.0,64.0
1.87,1625449482.0,64.0
3.69,1625449482.0,64.0
5.02,1625449482.0,64.0
5.79,1625449482.0,64.0
6.1,1625449482.0,64.0
6.23,1625449482.0,64.0
6.46,1625449482.0,64.0
6.99,1625449482.0,64.0
7.81,1625449482.0,64.0
8.75,1625449482.0,64.0
9.57,1625449482.0,64.0
10.09,1625449482.0,64.0
10.24,1625449482.0,64.0
10.07,1625449482.0,64.0
9.66,1625449482.0,64.0
9.12,1625449482.0,64.0
8.52,1625449482.0,64.0
7.86,1625449482.0,64.0
7.17,1625449482.0,64.0
6.43,1625449482.0,64.0
5.66,1625449482.0,64.0
4.85,1625449482.0,64.0
4.03,1625449482.0,64.0
3.26,1625449482.0,64.0
2.53,1625449482.0,64.0
1.78,1625449482.0,64.0
0.86,1625449482.0,64.0
-0.37,1625449482.0,64.0
-1.97,1625449482.0,64.0
-3.89,1625449482.0,64.0
-5.92,1625449482.0,64.0
-7.83,1625449482.0,64.0
-9.43,1625449482.0,64.0
-10.64,1625449482.0,64.0
-11.48,1625449482.0,64.0
-12.05,1625449482.0,64.0
-12.45,1625449482.0,64.0
-12.8,1625449482.0,64.0
-13.14,1625449482.0,64.0
-13.46,1625449482.0,64.0
-13.68,1625449482.0,64.0
-13.58,1625449482.0,64.0
-12.91,1625449482.0,64.0
-11.45,1625449482.0,64.0
-9.09,1625449482.0,64.0
-5.97,1625449482.0,64.0
-2.46,1625449482.0,64.0
0.95,1625449482.0,64.0
3.81,1625449482.0,64.0
5.83,1625449482.0,64.0
7.01,1625449482.0,64.0
7.58,1625449482.0,64.0
7.85,1625449482.0,64.0
8.12,1625449482.0,64.0
8.56,1625449482.0,64.0
9.14,1625449482.0,64.0
9.75,1625449482.0,64.0
10.26,1625449482.0,64.0
10.54,1625449482.0,64.0
10.57,1625449482.0,64.0
10.37,1625449482.0,64.0
9.98,1625449482.0,64.0
9.47,1625449482.0,64.0
8.92,1625449482.0,64.0
8.38,1625449482.0,64.0
7.91,1625449482.0,64.0
7.53,1625449482.0,64.0
7.18,1625449482.0,64.0
6.77,1625449482.0,64.0
6.19,1625449482.0,64.0
5.32,1625449482.0,64.0
4.09,1625449482.0,64.0
2.44,1625449482.0,64.0
0.37,1625449482.0,64.0
-2.06,1625449482.0,64.0
-4.72,1625449482.0,64.0
-7.41,1625449482.0,64.0
-9.93,1625449482.0,64.0
-12.08,1625449482.0,64.0
-13.74,1625449482.0,64.0
-14.83,1625449482.0,64.0
-15.33,1625449482.0,64.0
-15.18,1625449482.0,64.0
-14.39,1625449482.0,64.0
-12.99,1625449482.0,64.0
-11.06,1625449482.0,64.0
-8.8,1625449482.0,64.0
-6.46,1625449482.0,64.0
-4.25,1625449482.0,64.0
-2.25,1625449482.0,64.0
-0.43,1625449482.0,64.0
1.32,1625449482.0,64.0
3.09,1625449482.0,64.0
4.87,1625449482.0,64.0
6.58,1625449482.0,64.0
8.08,1625449482.0,64.0
9.26,1625449482.0,64.0
10.09,1625449482.0,64.0
10.63,1625449482.0,64.0
10.97,1625449482.0,64.0
11.2,1625449482.0,64.0
11.4,1625449482.0,64.0
11.55,1625449482.0,64.0
11.62,1625449482.0,64.0
11.59,1625449482.0,64.0
11.41,1625449482.0,64.0
11.08,1625449482.0,64.0
10.57,1625449482.0,64.0
9.89,1625449482.0,64.0
9.01,1625449482.0,64.0
7.91,1625449482.0,64.0
6.58,1625449482.0,64.0
5.06,1625449482.0,64.0
3.45,1625449482.0,64.0
1.9,1625449482.0,64.0
0.58,1625449482.0,64.0
-0.44,1625449482.0,64.0
-1.16,1625449482.0,64.0
-1.75,1625449482.0,64.0
-2.39,1625449482.0,64.0
-3.29,1625449482.0,64.0
-4.58,1625449482.0,64.0
-6.23,1625449482.0,64.0
-8.15,1625449482.0,64.0
-10.13,1625449482.0,64.0
-11.97,1625449482.0,64.0
-13.46,1625449482.0,64.0
-14.49,1625449482.0,64.0
-15.03,1625449482.0,64.0
-15.05,1625449482.0,64.0
-14.61,1625449482.0,64.0
-13.75,1625449482.0,64.0
-12.53,1625449482.0,64.0
-10.95,1625449482.0,64.0
-9.04,1625449482.0,64.0
-6.81,1625449482.0,64.0
-4.32,1625449482.0,64.0
-1.71,1625449482.0,64.0
0.85,1625449482.0,64.0
3.17,1625449482.0,64.0
5.11,1625449482.0,64.0
6.61,1625449482.0,64.0
7.73,1625449482.0,64.0
8.57,1625449482.0,64.0
9.26,1625449482.0,64.0
9.87,1625449482.0,64.0
10.43,1625449482.0,64.0
10.94,1625449482.0,64.0
11.36,1625449482.0,64.0
11.68,1625449482.0,64.0
11.85,1625449482.0,64.0
11.82,1625449482.0,64.0
11.56,1625449482.0,64.0
11.06,1625449482.0,64.0
10.39,1625449482.0,64.0
9.65,1625449482.0,64.0
8.91,1625449482.0,64.0
8.2,1625449482.0,64.0
7.45,1625449482.0,64.0
6.57,1625449482.0,64.0
5.45,1625449482.0,64.0
4.08,1625449482.0,64.0
2.5,1625449482.0,64.0
0.86,1625449482.0,64.0
-0.73,1625449482.0,64.0
-2.14,1625449482.0,64.0
-3.33,1625449482.0,64.0
-4.34,1625449482.0,64.0
-5.22,1625449482.0,64.0
-6.08,1625449482.0,64.0
-6.97,1625449482.0,64.0
-7.96,1625449482.0,64.0
-9.07,1625449482.0,64.0
-10.28,1625449482.0,64.0
-11.49,1625449482.0,64.0
-12.56,1625449482.0,64.0
-13.3,1625449482.0,64.0
-13.57,1625449482.0,64.0
-13.33,1625449482.0,64.0
-12.69,1625449482.0,64.0
-11.86,1625449482.0,64.0
-10.99,1625449482.0,64.0
-10.14,1625449482.0,64.0
-9.18,1625449482.0,64.0
-7.87,1625449482.0,64.0
-6.04,1625449482.0,64.0
-3.67,1625449482.0,64.0
-0.93,1625449482.0,64.0
1.87,1625449482.0,64.0
4.43,1625449482.0,64.0
6.55,1625449482.0,64.0
8.12,1625449482.0,64.0
9.08,1625449482.0,64.0
9.39,1625449482.0,64.0
9.07,1625449482.0,64.0
8.24,1625449482.0,64.0
7.17,1625449482.0,64.0
6.24,1625449482.0,64.0
5.81,1625449482.0,64.0
6.09,1625449482.0,64.0
6.97,1625449482.0,64.0
8.09,1625449482.0,64.0
8.94,1625449482.0,64.0
9.08,1625449482.0,64.0
8.32,1625449482.0,64.0
6.77,1625449482.0,64.0
4.76,1625449482.0,64.0
2.76,1625449482.0,64.0
1.18,1625449482.0,64.0
0.24,1625449482.0,64.0
-0.04,1625449482.0,64.0
0.12,1625449482.0,64.0
0.39,1625449482.0,64.0
0.42,1625449482.0,64.0
-0.06,1625449482.0,64.0
-1.17,1625449482.0,64.0
-2.86,1625449482.0,64.0
-4.94,1625449482.0,64.0
-7.19,1625449482.0,64.0
-9.38,1625449482.0,64.0
-11.29,1625449482.0,64.0
-12.8,1625449482.0,64.0
-13.78,1625449482.0,64.0
-14.17,1625449482.0,64.0
-13.96,1625449482.0,64.0
-13.18,1625449482.0,64.0
-11.9,1625449482.0,64.0
-10.23,1625449482.0,64.0
-8.28,1625449482.0,64.0
-6.11,1625449482.0,64.0
-3.8,1625449482.0,64.0
-1.38,1625449482.0,64.0
1.08,1625449482.0,64.0
3.45,1625449482.0,64.0
5.58,1625449482.0,64.0
7.29,1625449482.0,64.0
8.47,1625449482.0,64.0
9.1,1625449482.0,64.0
9.35,1625449482.0,64.0
9.42,1625449482.0,64.0
9.55,1625449482.0,64.0
9.84,1625449482.0,64.0
10.24,1625449482.0,64.0
10.6,1625449482.0,64.0
10.72,1625449482.0,64.0
10.51,1625449482.0,64.0
9.97,1625449482.0,64.0
9.21,1625449482.0,64.0
8.33,1625449482.0,64.0
7.45,1625449482.0,64.0
6.59,1625449482.0,64.0
5.75,1625449482.0,64.0
4.95,1625449482.0,64.0
4.17,1625449482.0,64.0
3.43,1625449482.0,64.0
2.72,1625449482.0,64.0
2.0,1625449482.0,64.0
1.21,1625449482.0,64.0
0.31,1625449482.0,64.0
-0.76,1625449482.0,64.0
-2.02,1625449482.0,64.0
-3.46,1625449482.0,64.0
-4.99,1625449482.0,64.0
-6.46,1625449482.0,64.0
-7.72,1625449482.0,64.0
-8.69,1625449482.0,64.0
-9.39,1625449482.0,64.0
-9.91,1625449482.0,64.0
-10.34,1625449482.0,64.0
-10.67,1625449482.0,64.0
-10.74,1625449482.0,64.0
-10.39,1625449482.0,64.0
-9.5,1625449482.0,64.0
-8.08,1625449482.0,64.0
-6.27,1625449482.0,64.0
-4.24,1625449482.0,64.0
-2.17,1625449482.0,64.0
-0.12,1625449482.0,64.0
1.79,1625449482.0,64.0
3.48,1625449482.0,64.0
4.82,1625449482.0,64.0
5.69,1625449482.0,64.0
6.1,1625449482.0,64.0
6.16,1625449482.0,64.0
6.08,1625449482.0,64.0
6.07,1625449482.0,64.0
6.24,1625449482.0,64.0
6.6,1625449482.0,64.0
7.04,1625449482.0,64.0
7.4,1625449482.0,64.0
7.57,1625449482.0,64.0
7.5,1625449482.0,64.0
7.17,1625449482.0,64.0
6.6,1625449482.0,64.0
5.8,1625449482.0,64.0
4.74,1625449482.0,64.0
3.44,1625449482.0,64.0
1.96,1625449482.0,64.0
0.43,1625449482.0,64.0
-0.95,1625449482.0,64.0
-2.04,1625449482.0,64.0
-2.78,1625449482.0,64.0
-3.29,1625449482.0,64.0
-3.8,1625449482.0,64.0
-4.58,1625449482.0,64.0
-5.82,1625449482.0,64.0
-7.47,1625449482.0,64.0
-9.37,1625449482.0,64.0
-11.25,1625449482.0,64.0
-12.9,1625449482.0,64.0
-14.2,1625449482.0,64.0
-15.12,1625449482.0,64.0
-15.66,1625449482.0,64.0
-15.84,1625449482.0,64.0
-15.63,1625449482.0,64.0
-15.0,1625449482.0,64.0
-13.95,1625449482.0,64.0
-12.5,1625449482.0,64.0
-10.74,1625449482.0,64.0
-8.69,1625449482.0,64.0
-6.42,1625449482.0,64.0
-3.96,1625449482.0,64.0
-1.39,1625449482.0,64.0
1.15,1625449482.0,64.0
3.53,1625449482.0,64.0
5.61,1625449482.0,64.0
7.33,1625449482.0,64.0
8.64,1625449482.0,64.0
9.56,1625449482.0,64.0
10.11,1625449482.0,64.0
10.33,1625449482.0,64.0
10.33,1625449482.0,64.0
10.23,1625449482.0,64.0
10.11,1625449482.0,64.0
9.98,1625449482.0,64.0
9.8,1625449482.0,64.0
9.45,1625449482.0,64.0
8.83,1625449482.0,64.0
7.95,1625449482.0,64.0
6.88,1625449482.0,64.0
5.73,1625449482.0,64.0
4.57,1625449482.0,64.0
3.42,1625449482.0,64.0
2.24,1625449482.0,64.0
1.11,1625449482.0,64.0
0.2,1625449482.0,64.0
-0.25,1625449482.0,64.0
-0.18,1625449482.0,64.0
0.29,1625449482.0,64.0
0.82,1625449482.0,64.0
1.04,1625449482.0,64.0
0.74,1625449482.0,64.0
-0.01,1625449482.0,64.0
-0.96,1625449482.0,64.0
-1.88,1625449482.0,64.0
-2.73,1625449482.0,64.0
-3.67,1625449482.0,64.0
-4.89,1625449482.0,64.0
-6.42,1625449482.0,64.0
-8.08,1625449482.0,64.0
-9.52,1625449482.0,64.0
-10.49,1625449482.0,64.0
-10.93,1625449482.0,64.0
-10.97,1625449482.0,64.0
-10.74,1625449482.0,64.0
-10.3,1625449482.0,64.0
-9.52,1625449482.0,64.0
-8.22,1625449482.0,64.0
-6.31,1625449482.0,64.0
-3.84,1625449482.0,64.0
-1.05,1625449482.0,64.0
1.81,1625449482.0,64.0
4.51,1625449482.0,64.0
6.92,1625449482.0,64.0
8.95,1625449482.0,64.0
10.54,1625449482.0,64.0
11.63,1625449482.0,64.0
12.18,1625449482.0,64.0
12.21,1625449482.0,64.0
11.82,1625449482.0,64.0
11.23,1625449482.0,64.0
10.62,1625449482.0,64.0
10.15,1625449482.0,64.0
9.88,1625449482.0,64.0
9.74,1625449482.0,64.0
9.6,1625449482.0,64.0
9.29,1625449482.0,64.0
8.68,1625449482.0,64.0
7.71,1625449482.0,64.0
6.41,1625449482.0,64.0
4.92,1625449482.0,64.0
3.4,1625449482.0,64.0
2.1,1625449482.0,64.0
1.2,1625449482.0,64.0
0.8,1625449482.0,64.0
0.82,1625449482.0,64.0
1.09,1625449482.0,64.0
1.28,1625449482.0,64.0
1.17,1625449482.0,64.0
0.6,1625449482.0,64.0
-0.44,1625449482.0,64.0
-1.85,1625449482.0,64.0
-3.53,1625449482.0,64.0
-5.4,1625449482.0,64.0
-7.44,1625449482.0,64.0
-9.61,1625449482.0,64.0
-11.8,1625449482.0,64.0
-13.78,1625449482.0,64.0
-15.26,1625449482.0,64.0
-15.99,1625449482.0,64.0
-15.85,1625449482.0,64.0
-14.9,1625449482.0,64.0
-13.29,1625449482.0,64.0
-11.21,1625449482.0,64.0
-8.81,1625449482.0,64.0
-6.15,1625449482.0,64.0
-3.25,1625449482.0,64.0
-0.22,1625449482.0,64.0
2.77,1625449482.0,64.0
5.44,1625449482.0,64.0
7.54,1625449482.0,64.0
8.91,1625449482.0,64.0
9.59,1625449482.0,64.0
9.78,1625449482.0,64.0
9.75,1625449482.0,64.0
9.74,1625449482.0,64.0
9.84,1625449482.0,64.0
9.99,1625449482.0,64.0
10.09,1625449482.0,64.0
10.03,1625449482.0,64.0
9.78,1625449482.0,64.0
9.43,1625449482.0,64.0
9.07,1625449482.0,64.0
8.79,1625449482.0,64.0
8.58,1625449482.0,64.0
8.36,1625449482.0,64.0
8.0,1625449482.0,64.0
7.41,1625449482.0,64.0
6.59,1625449482.0,64.0
5.61,1625449482.0,64.0
4.61,1625449482.0,64.0
3.68,1625449482.0,64.0
2.82,1625449482.0,64.0
1.94,1625449482.0,64.0
0.87,1625449482.0,64.0
-0.52,1625449482.0,64.0
-2.28,1625449482.0,64.0
-4.32,1625449482.0,64.0
-6.44,1625449482.0,64.0
-8.45,1625449482.0,64.0
-10.19,1625449482.0,64.0
-11.59,1625449482.0,64.0
-12.71,1625449482.0,64.0
-13.68,1625449482.0,64.0
-14.66,1625449482.0,64.0
-15.79,1625449482.0,64.0
-17.11,1625449482.0,64.0
-18.51,1625449482.0,64.0
-19.78,1625449482.0,64.0
-20.59,1625449482.0,64.0
-20.63,1625449482.0,64.0
-19.71,1625449482.0,64.0
-17.77,1625449482.0,64.0
-14.95,1625449482.0,64.0
-11.44,1625449482.0,64.0
-7.47,1625449482.0,64.0
-3.29,1625449482.0,64.0
0.84,1625449482.0,64.0
4.61,1625449482.0,64.0
7.68,1625449482.0,64.0
9.81,1625449482.0,64.0
10.96,1625449482.0,64.0
11.33,1625449482.0,64.0
11.31,1625449482.0,64.0
11.33,1625449482.0,64.0
11.68,1625449482.0,64.0
12.43,1625449482.0,64.0
13.42,1625449482.0,64.0
14.34,1625449482.0,64.0
14.9,1625449482.0,64.0
14.91,1625449482.0,64.0
14.28,1625449482.0,64.0
13.02,1625449482.0,64.0
11.23,1625449482.0,64.0
9.05,1625449482.0,64.0
6.66,1625449482.0,64.0
4.27,1625449482.0,64.0
2.07,1625449482.0,64.0
0.21,1625449482.0,64.0
-1.24,1625449482.0,64.0
-2.23,1625449482.0,64.0
-2.82,1625449482.0,64.0
-3.08,1625449482.0,64.0
-3.11,1625449482.0,64.0
-2.98,1625449482.0,64.0
-2.76,1625449482.0,64.0
-2.47,1625449482.0,64.0
-2.18,1625449482.0,64.0
-1.94,1625449482.0,64.0
-1.84,1625449482.0,64.0
-1.94,1625449482.0,64.0
-2.31,1625449482.0,64.0
-2.95,1625449482.0,64.0
-3.85,1625449482.0,64.0
-5.0,1625449482.0,64.0
-6.36,1625449482.0,64.0
-7.87,1625449482.0,64.0
-9.42,1625449482.0,64.0
-10.85,1625449482.0,64.0
-11.95,1625449482.0,64.0
-12.52,1625449482.0,64.0
-12.4,1625449482.0,64.0
-11.52,1625449482.0,64.0
-9.91,1625449482.0,64.0
-7.69,1625449482.0,64.0
-5.0,1625449482.0,64.0
-2.11,1625449482.0,64.0
0.73,1625449482.0,64.0
3.24,1625449482.0,64.0
5.2,1625449482.0,64.0
6.53,1625449482.0,64.0
7.28,1625449482.0,64.0
7.61,1625449482.0,64.0
7.71,1625449482.0,64.0
7.73,1625449482.0,64.0
7.76,1625449482.0,64.0
7.82,1625449482.0,64.0
7.9,1625449482.0,64.0
8.01,1625449482.0,64.0
8.14,1625449482.0,64.0
8.28,1625449482.0,64.0
8.37,1625449482.0,64.0
8.3,1625449482.0,64.0
8.01,1625449482.0,64.0
7.42,1625449482.0,64.0
6.58,1625449482.0,64.0
5.58,1625449482.0,64.0
4.52,1625449482.0,64.0
3.47,1625449482.0,64.0
2.47,1625449482.0,64.0
1.5,1625449482.0,64.0
0.57,1625449482.0,64.0
-0.3,1625449482.0,64.0
-1.13,1625449482.0,64.0
-1.93,1625449482.0,64.0
-2.79,1625449482.0,64.0
-3.83,1625449482.0,64.0
-5.14,1625449482.0,64.0
-6.68,1625449482.0,64.0
-8.31,1625449482.0,64.0
-9.86,1625449482.0,64.0
-11.16,1625449482.0,64.0
-12.16,1625449482.0,64.0
-12.9,1625449482.0,64.0
-13.43,1625449482.0,64.0
-13.75,1625449482.0,64.0
-13.79,1625449482.0,64.0
-13.46,1625449482.0,64.0
-12.69,1625449482.0,64.0
-11.53,1625449482.0,64.0
-10.05,1625449482.0,64.0
-8.37,1625449482.0,64.0
-6.54,1625449482.0,64.0
-4.58,1625449482.0,64.0
-2.5,1625449482.0,64.0
-0.33,1625449482.0,64.0
1.81,1625449482.0,64.0
3.79,1625449482.0,64.0
5.45,1625449482.0,64.0
6.76,1625449482.0,64.0
7.69,1625449482.0,64.0
8.34,1625449482.0,64.0
8.81,1625449482.0,64.0
9.21,1625449482.0,64.0
9.62,1625449482.0,64.0
10.05,1625449482.0,64.0
10.44,1625449482.0,64.0
10.67,1625449482.0,64.0
10.64,1625449482.0,64.0
10.26,1625449482.0,64.0
9.55,1625449482.0,64.0
8.56,1625449482.0,64.0
7.46,1625449482.0,64.0
6.4,1625449482.0,64.0
5.51,1625449482.0,64.0
4.9,1625449482.0,64.0
4.56,1625449482.0,64.0
4.45,1625449482.0,64.0
4.42,1625449482.0,64.0
4.28,1625449482.0,64.0
3.79,1625449482.0,64.0
2.73,1625449482.0,64.0
0.96,1625449482.0,64.0
-1.53,1625449482.0,64.0
-4.6,1625449482.0,64.0
-7.95,1625449482.0,64.0
-11.18,1625449482.0,64.0
-13.88,1625449482.0,64.0
-15.73,1625449482.0,64.0
-16.61,1625449482.0,64.0
-16.64,1625449482.0,64.0
-16.16,1625449482.0,64.0
-15.58,1625449482.0,64.0
-15.2,1625449482.0,64.0
-15.14,1625449482.0,64.0
-15.26,1625449482.0,64.0
-15.29,1625449482.0,64.0
-15.01,1625449482.0,64.0
-14.3,1625449482.0,64.0
-13.21,1625449482.0,64.0
-11.86,1625449482.0,64.0
-10.36,1625449482.0,64.0
-8.71,1625449482.0,64.0
-6.88,1625449482.0,64.0
-4.86,1625449482.0,64.0
-2.75,1625449482.0,64.0
-0.71,1625449482.0,64.0
1.02,1625449482.0,64.0
2.32,1625449482.0,64.0
3.17,1625449482.0,64.0
3.74,1625449482.0,64.0
4.27,1625449482.0,64.0
5.05,1625449482.0,64.0
6.3,1625449482.0,64.0
8.07,1625449482.0,64.0
10.21,1625449482.0,64.0
12.39,1625449482.0,64.0
14.2,1625449482.0,64.0
15.31,1625449482.0,64.0
15.6,1625449482.0,64.0
15.22,1625449482.0,64.0
14.46,1625449482.0,64.0
13.62,1625449482.0,64.0
12.84,1625449482.0,64.0
12.06,1625449482.0,64.0
11.07,1625449482.0,64.0
9.7,1625449482.0,64.0
7.93,1625449482.0,64.0
5.92,1625449482.0,64.0
3.96,1625449482.0,64.0
2.27,1625449482.0,64.0
0.95,1625449482.0,64.0
-0.06,1625449482.0,64.0
-0.93,1625449482.0,64.0
-1.78,1625449482.0,64.0
-2.68,1625449482.0,64.0
-3.56,1625449482.0,64.0
-4.38,1625449482.0,64.0
-5.07,1625449482.0,64.0
-5.74,1625449482.0,64.0
-6.53,1625449482.0,64.0
-7.59,1625449482.0,64.0
-9.0,1625449482.0,64.0
-10.68,1625449482.0,64.0
-12.47,1625449482.0,64.0
-14.15,1625449482.0,64.0
-15.52,1625449482.0,64.0
-16.46,1625449482.0,64.0
-16.92,1625449482.0,64.0
-16.93,1625449482.0,64.0
-16.5,1625449482.0,64.0
-15.7,1625449482.0,64.0
-14.56,1625449482.0,64.0
-13.08,1625449482.0,64.0
-11.24,1625449482.0,64.0
-9.05,1625449482.0,64.0
-6.57,1625449482.0,64.0
-3.92,1625449482.0,64.0
-1.34,1625449482.0,64.0
0.94,1625449482.0,64.0
2.69,1625449482.0,64.0
3.88,1625449482.0,64.0
4.59,1625449482.0,64.0
5.01,1625449482.0,64.0
5.32,1625449482.0,64.0
5.64,1625449482.0,64.0
5.98,1625449482.0,64.0
6.28,1625449482.0,64.0
6.5,1625449482.0,64.0
6.59,1625449482.0,64.0
6.58,1625449482.0,64.0
6.5,1625449482.0,64.0
6.36,1625449482.0,64.0
6.18,1625449482.0,64.0
5.95,1625449482.0,64.0
5.69,1625449482.0,64.0
5.37,1625449482.0,64.0
4.97,1625449482.0,64.0
4.46,1625449482.0,64.0
3.83,1625449482.0,64.0
3.1,1625449482.0,64.0
2.33,1625449482.0,64.0
1.58,1625449482.0,64.0
0.83,1625449482.0,64.0
0.09,1625449482.0,64.0
-0.76,1625449482.0,64.0
-1.76,1625449482.0,64.0
-2.89,1625449482.0,64.0
-4.09,1625449482.0,64.0
-5.27,1625449482.0,64.0
-6.37,1625449482.0,64.0
-7.38,1625449482.0,64.0
-8.33,1625449482.0,64.0
-9.22,1625449482.0,64.0
-10.11,1625449482.0,64.0
-10.99,1625449482.0,64.0
-11.84,1625449482.0,64.0
-12.59,1625449482.0,64.0
-13.14,1625449482.0,64.0
-13.34,1625449482.0,64.0
-13.04,1625449482.0,64.0
-12.16,1625449482.0,64.0
-10.69,1625449482.0,64.0
-8.78,1625449482.0,64.0
-6.65,1625449482.0,64.0
-4.52,1625449482.0,64.0
-2.52,1625449482.0,64.0
-0.66,1625449482.0,64.0
1.09,1625449482.0,64.0
2.79,1625449482.0,64.0
4.43,1625449482.0,64.0
5.94,1625449482.0,64.0
7.25,1625449482.0,64.0
8.33,1625449482.0,64.0
9.2,1625449482.0,64.0
9.93,1625449482.0,64.0
10.56,1625449482.0,64.0
11.06,1625449482.0,64.0
11.4,1625449482.0,64.0
11.48,1625449482.0,64.0
11.33,1625449482.0,64.0
10.99,1625449482.0,64.0
10.56,1625449482.0,64.0
10.13,1625449482.0,64.0
9.75,1625449482.0,64.0
9.35,1625449482.0,64.0
8.83,1625449482.0,64.0
8.09,1625449482.0,64.0
7.08,1625449482.0,64.0
5.84,1625449482.0,64.0
4.48,1625449482.0,64.0
3.13,1625449482.0,64.0
1.92,1625449482.0,64.0
0.9,1625449482.0,64.0
-0.0,1625449482.0,64.0
-0.87,1625449482.0,64.0
-1.83,1625449482.0,64.0
-2.96,1625449482.0,64.0
-4.23,1625449482.0,64.0
-5.57,1625449482.0,64.0
-6.87,1625449482.0,64.0
-8.0,1625449482.0,64.0
-8.91,1625449482.0,64.0
-9.63,1625449482.0,64.0
-10.21,1625449482.0,64.0
-10.74,1625449482.0,64.0
-11.23,1625449482.0,64.0
-11.64,1625449482.0,64.0
-11.8,1625449482.0,64.0
-11.54,1625449482.0,64.0
-10.71,1625449482.0,64.0
-9.24,1625449482.0,64.0
-7.18,1625449482.0,64.0
-4.64,1625449482.0,64.0
-1.81,1625449482.0,64.0
1.1,1625449482.0,64.0
3.89,1625449482.0,64.0
6.33,1625449482.0,64.0
8.27,1625449482.0,64.0
9.58,1625449482.0,64.0
10.24,1625449482.0,64.0
10.36,1625449482.0,64.0
10.11,1625449482.0,64.0
9.74,1625449482.0,64.0
9.46,1625449482.0,64.0
9.44,1625449482.0,64.0
9.71,1625449482.0,64.0
10.23,1625449482.0,64.0
10.86,1625449482.0,64.0
11.45,1625449482.0,64.0
11.85,1625449482.0,64.0
11.96,1625449482.0,64.0
11.76,1625449482.0,64.0
11.25,1625449482.0,64.0
10.51,1625449482.0,64.0
9.62,1625449482.0,64.0
8.68,1625449482.0,64.0
7.82,1625449482.0,64.0
7.11,1625449482.0,64.0
6.56,1625449482.0,64.0
6.12,1625449482.0,64.0
5.66,1625449482.0,64.0
5.04,1625449482.0,64.0
4.14,1625449482.0,64.0
2.96,1625449482.0,64.0
1.59,1625449482.0,64.0
0.19,1625449482.0,64.0
-1.09,1625449482.0,64.0
-2.16,1625449482.0,64.0
-3.02,1625449482.0,64.0
-3.75,1625449482.0,64.0
-4.44,1625449482.0,64.0
-5.15,1625449482.0,64.0
-5.91,1625449482.0,64.0
-6.7,1625449482.0,64.0
-7.5,1625449482.0,64.0
-8.3,1625449482.0,64.0
-9.11,1625449482.0,64.0
-9.94,1625449482.0,64.0
-10.8,1625449482.0,64.0
-11.7,1625449482.0,64.0
-12.65,1625449482.0,64.0
-13.67,1625449482.0,64.0
-14.71,1625449482.0,64.0
-15.7,1625449482.0,64.0
-16.5,1625449482.0,64.0
-16.99,1625449482.0,64.0
-17.1,1625449482.0,64.0
-16.84,1625449482.0,64.0
-16.28,1625449482.0,64.0
-15.46,1625449482.0,64.0
-14.31,1625449482.0,64.0
-12.69,1625449482.0,64.0
-10.41,1625449482.0,64.0
-7.44,1625449482.0,64.0
-3.96,1625449482.0,64.0
-0.35,1625449482.0,64.0
2.93,1625449482.0,64.0
5.52,1625449482.0,64.0
7.28,1625449482.0,64.0
8.3,1625449482.0,64.0
8.84,1625449482.0,64.0
9.15,1625449482.0,64.0
9.35,1625449482.0,64.0
9.5,1625449482.0,64.0
9.58,1625449482.0,64.0
9.57,1625449482.0,64.0
9.47,1625449482.0,64.0
9.34,1625449482.0,64.0
9.18,1625449482.0,64.0
8.96,1625449482.0,64.0
8.62,1625449482.0,64.0
8.1,1625449482.0,64.0
7.38,1625449482.0,64.0
6.52,1625449482.0,64.0
5.56,1625449482.0,64.0
4.58,1625449482.0,64.0
3.59,1625449482.0,64.0
2.57,1625449482.0,64.0
1.47,1625449482.0,64.0
0.33,1625449482.0,64.0
-0.74,1625449482.0,64.0
-1.6,1625449482.0,64.0
-2.16,1625449482.0,64.0
-2.47,1625449482.0,64.0
-2.73,1625449482.0,64.0
-3.17,1625449482.0,64.0
-3.97,1625449482.0,64.0
-5.16,1625449482.0,64.0
-6.57,1625449482.0,64.0
-7.94,1625449482.0,64.0
-9.08,1625449482.0,64.0
-9.97,1625449482.0,64.0
-10.71,1625449482.0,64.0
-11.44,1625449482.0,64.0
-12.21,1625449482.0,64.0
-12.93,1625449482.0,64.0
-13.42,1625449482.0,64.0
-13.52,1625449482.0,64.0
-13.18,1625449482.0,64.0
-12.43,1625449482.0,64.0
-11.34,1625449482.0,64.0
-9.98,1625449482.0,64.0
-8.35,1625449482.0,64.0
-6.45,1625449482.0,64.0
-4.31,1625449482.0,64.0
-2.02,1625449482.0,64.0
0.26,1625449482.0,64.0
2.44,1625449482.0,64.0
4.48,1625449482.0,64.0
6.41,1625449482.0,64.0
8.28,1625449482.0,64.0
10.05,1625449482.0,64.0
11.63,1625449482.0,64.0
12.87,1625449482.0,64.0
13.65,1625449482.0,64.0
13.96,1625449482.0,64.0
13.91,1625449482.0,64.0
13.7,1625449482.0,64.0
13.52,1625449482.0,64.0
13.47,1625449482.0,64.0
13.52,1625449482.0,64.0
13.53,1625449482.0,64.0
13.29,1625449482.0,64.0
12.65,1625449482.0,64.0
11.54,1625449482.0,64.0
10.03,1625449482.0,64.0
8.28,1625449482.0,64.0
6.5,1625449482.0,64.0
4.83,1625449482.0,64.0
3.36,1625449482.0,64.0
2.07,1625449482.0,64.0
0.88,1625449482.0,64.0
-0.3,1625449482.0,64.0
-1.55,1625449482.0,64.0
-2.87,1625449482.0,64.0
-4.22,1625449482.0,64.0
-5.57,1625449482.0,64.0
-6.89,1625449482.0,64.0
-8.19,1625449482.0,64.0
-9.49,1625449482.0,64.0
-10.75,1625449482.0,64.0
-11.92,1625449482.0,64.0
-12.93,1625449482.0,64.0
-13.73,1625449482.0,64.0
-14.31,1625449482.0,64.0
-14.72,1625449482.0,64.0
-14.97,1625449482.0,64.0
-15.03,1625449482.0,64.0
-14.81,1625449482.0,64.0
-14.16,1625449482.0,64.0
-12.96,1625449482.0,64.0
-11.2,1625449482.0,64.0
-8.92,1625449482.0,64.0
-6.27,1625449482.0,64.0
-3.42,1625449482.0,64.0
-0.57,1625449482.0,64.0
2.1,1625449482.0,64.0
4.42,1625449482.0,64.0
6.27,1625449482.0,64.0
7.64,1625449482.0,64.0
8.57,1625449482.0,64.0
9.21,1625449482.0,64.0
9.69,1625449482.0,64.0
10.09,1625449482.0,64.0
10.4,1625449482.0,64.0
10.57,1625449482.0,64.0
10.58,1625449482.0,64.0
10.43,1625449482.0,64.0
10.23,1625449482.0,64.0
10.07,1625449482.0,64.0
9.97,1625449482.0,64.0
9.85,1625449482.0,64.0
9.54,1625449482.0,64.0
8.92,1625449482.0,64.0
7.91,1625449482.0,64.0
6.62,1625449482.0,64.0
5.21,1625449482.0,64.0
3.88,1625449482.0,64.0
2.72,1625449482.0,64.0
1.74,1625449482.0,64.0
0.82,1625449482.0,64.0
-0.13,1625449482.0,64.0
-1.18,1625449482.0,64.0
-2.32,1625449482.0,64.0
-3.5,1625449482.0,64.0
-4.68,1625449482.0,64.0
-5.85,1625449482.0,64.0
-7.05,1625449482.0,64.0
-8.31,1625449482.0,64.0
-9.65,1625449482.0,64.0
-11.02,1625449482.0,64.0
-12.41,1625449482.0,64.0
-13.75,1625449482.0,64.0
-14.99,1625449482.0,64.0
-16.06,1625449482.0,64.0
-16.85,1625449482.0,64.0
-17.19,1625449482.0,64.0
-16.92,1625449482.0,64.0
-15.92,1625449482.0,64.0
-14.2,1625449482.0,64.0
-11.87,1625449482.0,64.0
-9.16,1625449482.0,64.0
-6.29,1625449482.0,64.0
-3.47,1625449482.0,64.0
-0.85,1625449482.0,64.0
1.5,1625449482.0,64.0
3.49,1625449482.0,64.0
5.08,1625449482.0,64.0
6.24,1625449482.0,64.0
7.02,1625449482.0,64.0
7.52,1625449482.0,64.0
7.86,1625449482.0,64.0
8.12,1625449482.0,64.0
8.34,1625449482.0,64.0
8.52,1625449482.0,64.0
8.63,1625449482.0,64.0
8.69,1625449482.0,64.0
8.72,1625449482.0,64.0
8.72,1625449482.0,64.0
8.66,1625449482.0,64.0
8.44,1625449482.0,64.0
7.93,1625449482.0,64.0
7.1,1625449482.0,64.0
5.99,1625449482.0,64.0
4.77,1625449482.0,64.0
3.65,1625449482.0,64.0
2.79,1625449482.0,64.0
2.23,1625449482.0,64.0
1.92,1625449482.0,64.0
1.69,1625449482.0,64.0
1.4,1625449482.0,64.0
0.94,1625449482.0,64.0
0.25,1625449482.0,64.0
-0.66,1625449482.0,64.0
-1.75,1625449482.0,64.0
-2.95,1625449482.0,64.0
-4.17,1625449482.0,64.0
-5.38,1625449482.0,64.0
-6.58,1625449482.0,64.0
-7.81,1625449482.0,64.0
-9.11,1625449482.0,64.0
-10.43,1625449482.0,64.0
-11.62,1625449482.0,64.0
-12.4,1625449482.0,64.0
-12.51,1625449482.0,64.0
-11.82,1625449482.0,64.0
-10.36,1625449482.0,64.0
-8.33,1625449482.0,64.0
-5.95,1625449482.0,64.0
-3.35,1625449482.0,64.0
-0.58,1625449482.0,64.0
2.28,1625449482.0,64.0
5.1,1625449482.0,64.0
7.6,1625449482.0,64.0
9.49,1625449482.0,64.0
10.63,1625449482.0,64.0
11.07,1625449482.0,64.0
11.03,1625449482.0,64.0
10.8,1625449482.0,64.0
10.55,1625449482.0,64.0
10.27,1625449482.0,64.0
9.83,1625449482.0,64.0
9.13,1625449482.0,64.0
8.16,1625449482.0,64.0
7.08,1625449482.0,64.0
6.13,1625449482.0,64.0
5.48,1625449482.0,64.0
5.19,1625449482.0,64.0
5.2,1625449482.0,64.0
5.38,1625449482.0,64.0
5.63,1625449482.0,64.0
5.83,1625449482.0,64.0
5.92,1625449482.0,64.0
5.81,1625449482.0,64.0
5.39,1625449482.0,64.0
4.61,1625449482.0,64.0
3.46,1625449482.0,64.0
1.99,1625449482.0,64.0
0.37,1625449482.0,64.0
-1.25,1625449482.0,64.0
-2.75,1625449482.0,64.0
-4.09,1625449482.0,64.0
-5.26,1625449482.0,64.0
-6.31,1625449482.0,64.0
-7.29,1625449482.0,64.0
-8.26,1625449482.0,64.0
-9.29,1625449482.0,64.0
-10.45,1625449482.0,64.0
-11.79,1625449482.0,64.0
-13.27,1625449482.0,64.0
-14.71,1625449482.0,64.0
-15.86,1625449482.0,64.0
-16.48,1625449482.0,64.0
-16.43,1625449482.0,64.0
-15.68,1625449482.0,64.0
-14.33,1625449482.0,64.0
-12.53,1625449482.0,64.0
-10.43,1625449482.0,64.0
-8.11,1625449482.0,64.0
-5.64,1625449482.0,64.0
-3.11,1625449482.0,64.0
-0.62,1625449482.0,64.0
1.72,1625449482.0,64.0
3.82,1625449482.0,64.0
5.68,1625449482.0,64.0
7.32,1625449482.0,64.0
8.77,1625449482.0,64.0
10.01,1625449482.0,64.0
10.98,1625449482.0,64.0
11.61,1625449482.0,64.0
11.87,1625449482.0,64.0
11.83,1625449482.0,64.0
11.59,1625449482.0,64.0
11.3,1625449482.0,64.0
11.0,1625449482.0,64.0
10.71,1625449482.0,64.0
10.32,1625449482.0,64.0
9.71,1625449482.0,64.0
8.81,1625449482.0,64.0
7.6,1625449482.0,64.0
6.16,1625449482.0,64.0
4.57,1625449482.0,64.0
3.0,1625449482.0,64.0
1.55,1625449482.0,64.0
0.3,1625449482.0,64.0
-0.72,1625449482.0,64.0
-1.57,1625449482.0,64.0
-2.4,1625449482.0,64.0
-3.42,1625449482.0,64.0
-4.81,1625449482.0,64.0
-6.63,1625449482.0,64.0
-8.82,1625449482.0,64.0
-11.15,1625449482.0,64.0
-13.39,1625449482.0,64.0
-15.31,1625449482.0,64.0
-16.79,1625449482.0,64.0
-17.75,1625449482.0,64.0
-18.16,1625449482.0,64.0
-17.97,1625449482.0,64.0
-17.13,1625449482.0,64.0
-15.67,1625449482.0,64.0
-13.68,1625449482.0,64.0
-11.31,1625449482.0,64.0
-8.7,1625449482.0,64.0
-5.95,1625449482.0,64.0
-3.1,1625449482.0,64.0
-0.21,1625449482.0,64.0
2.64,1625449482.0,64.0
5.29,1625449482.0,64.0
7.58,1625449482.0,64.0
9.44,1625449482.0,64.0
10.89,1625449482.0,64.0
11.99,1625449482.0,64.0
12.74,1625449482.0,64.0
13.04,1625449482.0,64.0
12.77,1625449482.0,64.0
11.86,1625449482.0,64.0
10.47,1625449482.0,64.0
8.92,1625449482.0,64.0
7.6,1625449482.0,64.0
6.76,1625449482.0,64.0
6.46,1625449482.0,64.0
6.47,1625449482.0,64.0
6.51,1625449482.0,64.0
6.35,1625449482.0,64.0
5.94,1625449482.0,64.0
5.36,1625449482.0,64.0
4.78,1625449482.0,64.0
4.3,1625449482.0,64.0
3.94,1625449482.0,64.0
3.65,1625449482.0,64.0
3.28,1625449482.0,64.0
2.73,1625449482.0,64.0
1.96,1625449482.0,64.0
0.93,1625449482.0,64.0
-0.31,1625449482.0,64.0
-1.7,1625449482.0,64.0
-3.21,1625449482.0,64.0
-4.8,1625449482.0,64.0
-6.39,1625449482.0,64.0
-7.92,1625449482.0,64.0
-9.31,1625449482.0,64.0
-10.52,1625449482.0,64.0
-11.61,1625449482.0,64.0
-12.65,1625449482.0,64.0
-13.68,1625449482.0,64.0
-14.62,1625449482.0,64.0
-15.3,1625449482.0,64.0
-15.45,1625449482.0,64.0
-14.9,1625449482.0,64.0
-13.65,1625449482.0,64.0
-11.88,1625449482.0,64.0
-9.88,1625449482.0,64.0
-7.87,1625449482.0,64.0
-5.93,1625449482.0,64.0
-3.95,1625449482.0,64.0
-1.79,1625449482.0,64.0
0.58,1625449482.0,64.0
3.06,1625449482.0,64.0
5.39,1625449482.0,64.0
7.33,1625449482.0,64.0
8.75,1625449482.0,64.0
9.65,1625449482.0,64.0
10.18,1625449482.0,64.0
10.53,1625449482.0,64.0
10.87,1625449482.0,64.0
11.29,1625449482.0,64.0
11.77,1625449482.0,64.0
12.21,1625449482.0,64.0
12.46,1625449482.0,64.0
12.36,1625449482.0,64.0
11.78,1625449482.0,64.0
10.73,1625449482.0,64.0
9.34,1625449482.0,64.0
7.83,1625449482.0,64.0
6.45,1625449482.0,64.0
5.32,1625449482.0,64.0
4.47,1625449482.0,64.0
3.79,1625449482.0,64.0
3.11,1625449482.0,64.0
2.29,1625449482.0,64.0
1.27,1625449482.0,64.0
0.06,1625449482.0,64.0
-1.29,1625449482.0,64.0
-2.71,1625449482.0,64.0
-4.15,1625449482.0,64.0
-5.61,1625449482.0,64.0
-7.05,1625449482.0,64.0
-8.43,1625449482.0,64.0
-9.68,1625449482.0,64.0
-10.75,1625449482.0,64.0
-11.66,1625449482.0,64.0
-12.48,1625449482.0,64.0
-13.35,1625449482.0,64.0
-14.33,1625449482.0,64.0
-15.42,1625449482.0,64.0
-16.43,1625449482.0,64.0
-17.11,1625449482.0,64.0
-17.17,1625449482.0,64.0
-16.4,1625449482.0,64.0
-14.77,1625449482.0,64.0
-12.42,1625449482.0,64.0
-9.58,1625449482.0,64.0
-6.48,1625449482.0,64.0
-3.31,1625449482.0,64.0
-0.17,1625449482.0,64.0
2.89,1625449482.0,64.0
5.79,1625449482.0,64.0
8.39,1625449482.0,64.0
10.55,1625449482.0,64.0
12.12,1625449482.0,64.0
13.0,1625449482.0,64.0
13.24,1625449482.0,64.0
12.98,1625449482.0,64.0
12.44,1625449482.0,64.0
11.82,1625449482.0,64.0
11.24,1625449482.0,64.0
10.71,1625449482.0,64.0
10.12,1625449482.0,64.0
9.37,1625449482.0,64.0
8.47,1625449482.0,64.0
7.58,1625449482.0,64.0
6.91,1625449482.0,64.0
6.65,1625449482.0,64.0
6.78,1625449482.0,64.0
7.11,1625449482.0,64.0
7.32,1625449482.0,64.0
7.09,1625449482.0,64.0
6.34,1625449482.0,64.0
5.15,1625449482.0,64.0
3.75,1625449482.0,64.0
2.39,1625449482.0,64.0
1.15,1625449482.0,64.0
0.05,1625449482.0,64.0
-1.02,1625449482.0,64.0
-2.13,1625449482.0,64.0
-3.34,1625449482.0,64.0
-4.69,1625449482.0,64.0
-6.23,1625449482.0,64.0
-8.02,1625449482.0,64.0
-10.1,1625449482.0,64.0
-12.5,1625449482.0,64.0
-15.13,1625449482.0,64.0
-17.79,1625449482.0,64.0
-20.25,1625449482.0,64.0
-22.21,1625449482.0,64.0
-23.39,1625449482.0,64.0
-23.6,1625449482.0,64.0
-22.82,1625449482.0,64.0
-21.12,1625449482.0,64.0
-18.71,1625449482.0,64.0
-15.84,1625449482.0,64.0
-12.73,1625449482.0,64.0
-9.53,1625449482.0,64.0
-6.28,1625449482.0,64.0
-3.0,1625449482.0,64.0
0.28,1625449482.0,64.0
3.41,1625449482.0,64.0
6.22,1625449482.0,64.0
8.49,1625449482.0,64.0
10.09,1625449482.0,64.0
11.03,1625449482.0,64.0
11.46,1625449482.0,64.0
11.62,1625449482.0,64.0
11.75,1625449482.0,64.0
12.0,1625449482.0,64.0
12.41,1625449482.0,64.0
12.91,1625449482.0,64.0
13.34,1625449482.0,64.0
13.55,1625449482.0,64.0
13.44,1625449482.0,64.0
12.97,1625449482.0,64.0
12.19,1625449482.0,64.0
11.22,1625449482.0,64.0
10.18,1625449482.0,64.0
9.2,1625449482.0,64.0
8.35,1625449482.0,64.0
7.61,1625449482.0,64.0
6.9,1625449482.0,64.0
6.11,1625449482.0,64.0
5.18,1625449482.0,64.0
4.11,1625449482.0,64.0
2.96,1625449482.0,64.0
1.77,1625449482.0,64.0
0.52,1625449482.0,64.0
-0.82,1625449482.0,64.0
-2.3,1625449482.0,64.0
-3.89,1625449482.0,64.0
-5.44,1625449482.0,64.0
-6.79,1625449482.0,64.0
-7.84,1625449482.0,64.0
-8.6,1625449482.0,64.0
-9.2,1625449482.0,64.0
-9.78,1625449482.0,64.0
-10.42,1625449482.0,64.0
-11.04,1625449482.0,64.0
-11.47,1625449482.0,64.0
-11.47,1625449482.0,64.0
-10.88,1625449482.0,64.0
-9.67,1625449482.0,64.0
-7.86,1625449482.0,64.0
-5.58,1625449482.0,64.0
-2.93,1625449482.0,64.0
-0.1,1625449482.0,64.0
2.73,1625449482.0,64.0
5.29,1625449482.0,64.0
7.37,1625449482.0,64.0
8.86,1625449482.0,64.0
9.75,1625449482.0,64.0
10.21,1625449482.0,64.0
10.47,1625449482.0,64.0
10.77,1625449482.0,64.0
11.24,1625449482.0,64.0
11.93,1625449482.0,64.0
12.77,1625449482.0,64.0
13.63,1625449482.0,64.0
14.33,1625449482.0,64.0
14.7,1625449482.0,64.0
14.57,1625449482.0,64.0
13.88,1625449482.0,64.0
12.6,1625449482.0,64.0
10.84,1625449482.0,64.0
8.76,1625449482.0,64.0
6.56,1625449482.0,64.0
4.44,1625449482.0,64.0
2.55,1625449482.0,64.0
0.95,1625449482.0,64.0
-0.35,1625449482.0,64.0
-1.43,1625449482.0,64.0
-2.37,1625449482.0,64.0
-3.27,1625449482.0,64.0
-4.23,1625449482.0,64.0
-5.34,1625449482.0,64.0
-6.61,1625449482.0,64.0
-8.04,1625449482.0,64.0
-9.6,1625449482.0,64.0
-11.2,1625449482.0,64.0
-12.77,1625449482.0,64.0
-14.23,1625449482.0,64.0
-15.51,1625449482.0,64.0
-16.59,1625449482.0,64.0
-17.51,1625449482.0,64.0
-18.3,1625449482.0,64.0
-18.96,1625449482.0,64.0
-19.37,1625449482.0,64.0
-19.36,1625449482.0,64.0
-18.77,1625449482.0,64.0
-17.49,1625449482.0,64.0
-15.51,1625449482.0,64.0
-12.9,1625449482.0,64.0
-9.77,1625449482.0,64.0
-6.2,1625449482.0,64.0
-2.25,1625449482.0,64.0
1.98,1625449482.0,64.0
6.27,1625449482.0,64.0
10.32,1625449482.0,64.0
13.87,1625449482.0,64.0
16.74,1625449482.0,64.0
18.93,1625449482.0,64.0
20.52,1625449482.0,64.0
21.55,1625449482.0,64.0
21.96,1625449482.0,64.0
21.61,1625449482.0,64.0
20.44,1625449482.0,64.0
18.58,1625449482.0,64.0
16.39,1625449482.0,64.0
14.32,1625449482.0,64.0
12.68,1625449482.0,64.0
11.49,1625449482.0,64.0
10.49,1625449482.0,64.0
9.29,1625449482.0,64.0
7.58,1625449482.0,64.0
5.27,1625449482.0,64.0
2.53,1625449482.0,64.0
-0.29,1625449482.0,64.0
-2.85,1625449482.0,64.0
-4.91,1625449482.0,64.0
-6.36,1625449482.0,64.0
-7.28,1625449482.0,64.0
-7.79,1625449482.0,64.0
-8.06,1625449482.0,64.0
-8.21,1625449482.0,64.0
-8.34,1625449482.0,64.0
-8.52,1625449482.0,64.0
-8.8,1625449482.0,64.0
-9.27,1625449482.0,64.0
-9.95,1625449482.0,64.0
-10.9,1625449482.0,64.0
-12.07,1625449482.0,64.0
-13.32,1625449482.0,64.0
-14.46,1625449482.0,64.0
-15.3,1625449482.0,64.0
-15.64,1625449482.0,64.0
-15.38,1625449482.0,64.0
-14.48,1625449482.0,64.0
-12.95,1625449482.0,64.0
-10.85,1625449482.0,64.0
-8.29,1625449482.0,64.0
-5.4,1625449482.0,64.0
-2.34,1625449482.0,64.0
0.7,1625449482.0,64.0
3.55,1625449482.0,64.0
6.11,1625449482.0,64.0
8.3,1625449482.0,64.0
10.11,1625449482.0,64.0
11.56,1625449482.0,64.0
12.66,1625449482.0,64.0
13.45,1625449482.0,64.0
13.97,1625449482.0,64.0
14.26,1625449482.0,64.0
14.32,1625449482.0,64.0
14.18,1625449482.0,64.0
13.79,1625449482.0,64.0
13.14,1625449482.0,64.0
12.23,1625449482.0,64.0
11.13,1625449482.0,64.0
9.93,1625449482.0,64.0
8.74,1625449482.0,64.0
7.61,1625449482.0,64.0
6.56,1625449482.0,64.0
5.51,1625449482.0,64.0
4.43,1625449482.0,64.0
3.28,1625449482.0,64.0
2.12,1625449482.0,64.0
1.03,1625449482.0,64.0
0.11,1625449482.0,64.0
-0.64,1625449482.0,64.0
-1.28,1625449482.0,64.0
-1.9,1625449482.0,64.0
-2.65,1625449482.0,64.0
-3.62,1625449482.0,64.0
-4.84,1625449482.0,64.0
-6.26,1625449482.0,64.0
-7.8,1625449482.0,64.0
-9.34,1625449482.0,64.0
-10.78,1625449482.0,64.0
-12.06,1625449482.0,64.0
-13.16,1625449482.0,64.0
-14.08,1625449482.0,64.0
-14.76,1625449482.0,64.0
-15.09,1625449482.0,64.0
-14.91,1625449482.0,64.0
-14.12,1625449482.0,64.0
-12.71,1625449482.0,64.0
-10.79,1625449482.0,64.0
-8.57,1625449482.0,64.0
-6.17,1625449482.0,64.0
-3.65,1625449482.0,64.0
-1.0,1625449482.0,64.0
1.81,1625449482.0,64.0
4.67,1625449482.0,64.0
7.37,1625449482.0,64.0
9.66,1625449482.0,64.0
11.35,1625449482.0,64.0
12.43,1625449482.0,64.0
13.04,1625449482.0,64.0
13.44,1625449482.0,64.0
13.77,1625449482.0,64.0
14.05,1625449482.0,64.0
14.2,1625449482.0,64.0
14.07,1625449482.0,64.0
13.62,1625449482.0,64.0
12.89,1625449482.0,64.0
12.03,1625449482.0,64.0
11.17,1625449482.0,64.0
10.4,1625449482.0,64.0
9.67,1625449482.0,64.0
8.87,1625449482.0,64.0
7.85,1625449482.0,64.0
6.55,1625449482.0,64.0
4.96,1625449482.0,64.0
3.16,1625449482.0,64.0
1.22,1625449482.0,64.0
-0.86,1625449482.0,64.0
-3.11,1625449482.0,64.0
-5.6,1625449482.0,64.0
-8.27,1625449482.0,64.0
-10.99,1625449482.0,64.0
-13.52,1625449482.0,64.0
-15.56,1625449482.0,64.0
-16.87,1625449482.0,64.0
-17.33,1625449482.0,64.0
-17.01,1625449482.0,64.0
-16.15,1625449482.0,64.0
-15.08,1625449482.0,64.0
-14.14,1625449482.0,64.0
-13.57,1625449482.0,64.0
-13.41,1625449482.0,64.0
-13.51,1625449482.0,64.0
-13.6,1625449482.0,64.0
-13.4,1625449482.0,64.0
-12.75,1625449482.0,64.0
-11.68,1625449482.0,64.0
-10.33,1625449482.0,64.0
-8.87,1625449482.0,64.0
-7.34,1625449482.0,64.0
-5.7,1625449482.0,64.0
-3.81,1625449482.0,64.0
-1.67,1625449482.0,64.0
0.57,1625449482.0,64.0
2.61,1625449482.0,64.0
4.1,1625449482.0,64.0
4.88,1625449482.0,64.0
5.06,1625449482.0,64.0
4.95,1625449482.0,64.0
4.96,1625449482.0,64.0
5.36,1625449482.0,64.0
6.16,1625449482.0,64.0
7.18,1625449482.0,64.0
8.18,1625449482.0,64.0
9.02,1625449482.0,64.0
9.77,1625449482.0,64.0
10.55,1625449482.0,64.0
11.44,1625449482.0,64.0
12.32,1625449482.0,64.0
12.92,1625449482.0,64.0
12.95,1625449482.0,64.0
12.23,1625449482.0,64.0
10.84,1625449482.0,64.0
9.06,1625449482.0,64.0
7.21,1625449482.0,64.0
5.53,1625449482.0,64.0
4.06,1625449482.0,64.0
2.7,1625449482.0,64.0
1.31,1625449482.0,64.0
-0.2,1625449482.0,64.0
-1.79,1625449482.0,64.0
-3.36,1625449482.0,64.0
-4.78,1625449482.0,64.0
-5.98,1625449482.0,64.0
-6.97,1625449482.0,64.0
-7.77,1625449482.0,64.0
-8.47,1625449482.0,64.0
-9.14,1625449482.0,64.0
-9.85,1625449482.0,64.0
-10.68,1625449482.0,64.0
-11.64,1625449482.0,64.0
-12.68,1625449482.0,64.0
-13.63,1625449482.0,64.0
-14.29,1625449482.0,64.0
-14.46,1625449482.0,64.0
-14.03,1625449482.0,64.0
-12.97,1625449482.0,64.0
-11.32,1625449482.0,64.0
-9.14,1625449482.0,64.0
-6.46,1625449482.0,64.0
-3.35,1625449482.0,64.0
0.01,1625449482.0,64.0
3.37,1625449482.0,64.0
6.41,1625449482.0,64.0
8.92,1625449482.0,64.0
10.8,1625449482.0,64.0
12.17,1625449482.0,64.0
13.22,1625449482.0,64.0
14.12,1625449482.0,64.0
14.92,1625449482.0,64.0
15.55,1625449482.0,64.0
15.91,1625449482.0,64.0
15.92,1625449482.0,64.0
15.62,1625449482.0,64.0
15.05,1625449482.0,64.0
14.28,1625449482.0,64.0
13.33,1625449482.0,64.0
12.17,1625449482.0,64.0
10.78,1625449482.0,64.0
9.21,1625449482.0,64.0
7.56,1625449482.0,64.0
5.98,1625449482.0,64.0
4.58,1625449482.0,64.0
3.42,1625449482.0,64.0
2.49,1625449482.0,64.0
1.72,1625449482.0,64.0
1.05,1625449482.0,64.0
0.41,1625449482.0,64.0
-0.29,1625449482.0,64.0
-1.13,1625449482.0,64.0
-2.2,1625449482.0,64.0
-3.53,1625449482.0,64.0
-5.15,1625449482.0,64.0
-7.0,1625449482.0,64.0
-9.0,1625449482.0,64.0
-11.01,1625449482.0,64.0
-12.92,1625449482.0,64.0
-14.59,1625449482.0,64.0
-15.88,1625449482.0,64.0
-16.69,1625449482.0,64.0
-16.94,1625449482.0,64.0
-16.66,1625449482.0,64.0
-15.87,1625449482.0,64.0
-14.64,1625449482.0,64.0
-12.96,1625449482.0,64.0
-10.83,1625449482.0,64.0
-8.28,1625449482.0,64.0
-5.44,1625449482.0,64.0
-2.57,1625449482.0,64.0
0.02,1625449482.0,64.0
2.09,1625449482.0,64.0
3.59,1625449482.0,64.0
4.63,1625449482.0,64.0
5.46,1625449482.0,64.0
6.28,1625449482.0,64.0
7.18,1625449482.0,64.0
8.11,1625449482.0,64.0
8.99,1625449482.0,64.0
9.76,1625449482.0,64.0
10.41,1625449482.0,64.0
11.01,1625449482.0,64.0
11.6,1625449482.0,64.0
12.15,1625449482.0,64.0
12.53,1625449482.0,64.0
12.57,1625449482.0,64.0
12.11,1625449482.0,64.0
11.13,1625449482.0,64.0
9.69,1625449482.0,64.0
7.99,1625449482.0,64.0
6.23,1625449482.0,64.0
4.59,1625449482.0,64.0
3.13,1625449482.0,64.0
1.81,1625449482.0,64.0
0.52,1625449482.0,64.0
-0.87,1625449482.0,64.0
-2.41,1625449482.0,64.0
-4.12,1625449482.0,64.0
-5.9,1625449482.0,64.0
-7.69,1625449482.0,64.0
-9.41,1625449482.0,64.0
-11.06,1625449482.0,64.0
-12.65,1625449482.0,64.0
-14.23,1625449482.0,64.0
-15.88,1625449482.0,64.0
-17.67,1625449482.0,64.0
-19.6,1625449482.0,64.0
-21.59,1625449482.0,64.0
-23.39,1625449482.0,64.0
-24.69,1625449482.0,64.0
-25.19,1625449482.0,64.0
-24.65,1625449482.0,64.0
-23.01,1625449482.0,64.0
-20.34,1625449482.0,64.0
-16.8,1625449482.0,64.0
-12.56,1625449482.0,64.0
-7.82,1625449482.0,64.0
-2.77,1625449482.0,64.0
2.29,1625449482.0,64.0
7.05,1625449482.0,64.0
11.2,1625449482.0,64.0
14.6,1625449482.0,64.0
17.21,1625449482.0,64.0
19.13,1625449482.0,64.0
20.4,1625449482.0,64.0
21.02,1625449482.0,64.0
20.95,1625449482.0,64.0
20.19,1625449482.0,64.0
18.89,1625449482.0,64.0
17.39,1625449482.0,64.0
16.05,1625449482.0,64.0
15.1,1625449482.0,64.0
14.53,1625449482.0,64.0
14.08,1625449482.0,64.0
13.4,1625449482.0,64.0
12.2,1625449482.0,64.0
10.45,1625449482.0,64.0
8.33,1625449482.0,64.0
6.14,1625449482.0,64.0
4.16,1625449482.0,64.0
2.54,1625449482.0,64.0
1.26,1625449482.0,64.0
0.26,1625449482.0,64.0
-0.48,1625449482.0,64.0
-0.96,1625449482.0,64.0
-1.17,1625449482.0,64.0
-1.16,1625449482.0,64.0
-1.13,1625449482.0,64.0
-1.36,1625449482.0,64.0
-2.13,1625449482.0,64.0
-3.56,1625449482.0,64.0
-5.62,1625449482.0,64.0
-8.07,1625449482.0,64.0
-10.66,1625449482.0,64.0
-13.11,1625449482.0,64.0
-15.23,1625449482.0,64.0
-16.91,1625449482.0,64.0
-18.09,1625449482.0,64.0
-18.71,1625449482.0,64.0
-18.73,1625449482.0,64.0
-18.14,1625449482.0,64.0
-16.91,1625449482.0,64.0
-15.06,1625449482.0,64.0
-12.67,1625449482.0,64.0
-9.81,1625449482.0,64.0
-6.63,1625449482.0,64.0
-3.26,1625449482.0,64.0
0.15,1625449482.0,64.0
3.46,1625449482.0,64.0
6.53,1625449482.0,64.0
9.23,1625449482.0,64.0
11.43,1625449482.0,64.0
13.07,1625449482.0,64.0
14.16,1625449482.0,64.0
14.76,1625449482.0,64.0
14.97,1625449482.0,64.0
14.88,1625449482.0,64.0
14.5,1625449482.0,64.0
13.86,1625449482.0,64.0
12.96,1625449482.0,64.0
11.89,1625449482.0,64.0
10.76,1625449482.0,64.0
9.74,1625449482.0,64.0
8.93,1625449482.0,64.0
8.37,1625449482.0,64.0
8.0,1625449482.0,64.0
7.69,1625449482.0,64.0
7.35,1625449482.0,64.0
6.91,1625449482.0,64.0
6.35,1625449482.0,64.0
5.69,1625449482.0,64.0
4.94,1625449482.0,64.0
4.02,1625449482.0,64.0
2.83,1625449482.0,64.0
1.26,1625449482.0,64.0
-0.72,1625449482.0,64.0
-3.03,1625449482.0,64.0
-5.51,1625449482.0,64.0
-7.92,1625449482.0,64.0
-10.07,1625449482.0,64.0
-11.87,1625449482.0,64.0
-13.33,1625449482.0,64.0
-14.55,1625449482.0,64.0
-15.62,1625449482.0,64.0
-16.62,1625449482.0,64.0
-17.53,1625449482.0,64.0
-18.3,1625449482.0,64.0
-18.78,1625449482.0,64.0
-18.82,1625449482.0,64.0
-18.3,1625449482.0,64.0
-17.14,1625449482.0,64.0
-15.39,1625449482.0,64.0
-13.14,1625449482.0,64.0
-10.53,1625449482.0,64.0
-7.6,1625449482.0,64.0
-4.35,1625449482.0,64.0
-0.75,1625449482.0,64.0
3.18,1625449482.0,64.0
7.24,1625449482.0,64.0
11.13,1625449482.0,64.0
14.51,1625449482.0,64.0
17.06,1625449482.0,64.0
18.68,1625449482.0,64.0
19.4,1625449482.0,64.0
19.42,1625449482.0,64.0
18.97,1625449482.0,64.0
18.31,1625449482.0,64.0
17.61,1625449482.0,64.0
17.01,1625449482.0,64.0
16.54,1625449482.0,64.0
16.16,1625449482.0,64.0
15.71,1625449482.0,64.0
15.02,1625449482.0,64.0
13.92,1625449482.0,64.0
12.27,1625449482.0,64.0
10.09,1625449482.0,64.0
7.48,1625449482.0,64.0
4.62,1625449482.0,64.0
1.77,1625449482.0,64.0
-0.82,1625449482.0,64.0
-2.95,1625449482.0,64.0
-4.56,1625449482.0,64.0
-5.7,1625449482.0,64.0
-6.59,1625449482.0,64.0
-7.4,1625449482.0,64.0
-8.3,1625449482.0,64.0
-9.27,1625449482.0,64.0
-10.23,1625449482.0,64.0
-11.04,1625449482.0,64.0
-11.62,1625449482.0,64.0
-11.95,1625449482.0,64.0
-12.13,1625449482.0,64.0
-12.28,1625449482.0,64.0
-12.49,1625449482.0,64.0
-12.78,1625449482.0,64.0
-13.08,1625449482.0,64.0
-13.24,1625449482.0,64.0
-13.08,1625449482.0,64.0
-12.39,1625449482.0,64.0
-11.01,1625449482.0,64.0
-8.94,1625449482.0,64.0
-6.29,1625449482.0,64.0
-3.26,1625449482.0,64.0
-0.12,1625449482.0,64.0
2.9,1625449482.0,64.0
5.62,1625449482.0,64.0
7.93,1625449482.0,64.0
9.76,1625449482.0,64.0
11.07,1625449482.0,64.0
11.91,1625449482.0,64.0
12.37,1625449482.0,64.0
12.63,1625449482.0,64.0
12.85,1625449482.0,64.0
13.13,1625449482.0,64.0
13.45,1625449482.0,64.0
13.73,1625449482.0,64.0
13.88,1625449482.0,64.0
13.82,1625449482.0,64.0
13.5,1625449482.0,64.0
12.86,1625449482.0,64.0
11.84,1625449482.0,64.0
10.42,1625449482.0,64.0
8.66,1625449482.0,64.0
6.78,1625449482.0,64.0
5.1,1625449482.0,64.0
3.89,1625449482.0,64.0
3.24,1625449482.0,64.0
3.05,1625449482.0,64.0
3.03,1625449482.0,64.0
2.9,1625449482.0,64.0
2.5,1625449482.0,64.0
1.84,1625449482.0,64.0
1.03,1625449482.0,64.0
0.18,1625449482.0,64.0
-0.71,1625449482.0,64.0
-1.74,1625449482.0,64.0
-3.04,1625449482.0,64.0
-4.73,1625449482.0,64.0
-6.79,1625449482.0,64.0
-9.05,1625449482.0,64.0
-11.26,1625449482.0,64.0
-13.13,1625449482.0,64.0
-14.4,1625449482.0,64.0
-14.89,1625449482.0,64.0
-14.51,1625449482.0,64.0
-13.3,1625449482.0,64.0
-11.37,1625449482.0,64.0
-8.89,1625449482.0,64.0
-6.06,1625449482.0,64.0
-3.09,1625449482.0,64.0
-0.19,1625449482.0,64.0
2.45,1625449482.0,64.0
4.66,1625449482.0,64.0
6.3,1625449482.0,64.0
7.33,1625449482.0,64.0
7.83,1625449482.0,64.0
7.96,1625449482.0,64.0
7.93,1625449482.0,64.0
7.94,1625449482.0,64.0
8.08,1625449482.0,64.0
8.38,1625449482.0,64.0
8.71,1625449482.0,64.0
8.97,1625449482.0,64.0
9.09,1625449482.0,64.0
9.07,1625449482.0,64.0
8.97,1625449482.0,64.0
8.82,1625449482.0,64.0
8.58,1625449482.0,64.0
8.13,1625449482.0,64.0
7.42,1625449482.0,64.0
6.39,1625449482.0,64.0
5.15,1625449482.0,64.0
3.86,1625449482.0,64.0
2.67,1625449482.0,64.0
1.67,1625449482.0,64.0
0.81,1625449482.0,64.0
-0.03,1625449482.0,64.0
-0.98,1625449482.0,64.0
-2.12,1625449482.0,64.0
-3.47,1625449482.0,64.0
-4.95,1625449482.0,64.0
-6.51,1625449482.0,64.0
-8.11,1625449482.0,64.0
-9.73,1625449482.0,64.0
-11.39,1625449482.0,64.0
-13.07,1625449482.0,64.0
-14.67,1625449482.0,64.0
-16.04,1625449482.0,64.0
-17.03,1625449482.0,64.0
-17.5,1625449482.0,64.0
-17.43,1625449482.0,64.0
-16.85,1625449482.0,64.0
-15.85,1625449482.0,64.0
-14.48,1625449482.0,64.0
-12.7,1625449482.0,64.0
-10.47,1625449482.0,64.0
-7.76,1625449482.0,64.0
-4.64,1625449482.0,64.0
-1.29,1625449482.0,64.0
2.0,1625449482.0,64.0
4.9,1625449482.0,64.0
7.16,1625449482.0,64.0
8.73,1625449482.0,64.0
9.7,1625449482.0,64.0
10.35,1625449482.0,64.0
10.93,1625449482.0,64.0
11.56,1625449482.0,64.0
12.21,1625449482.0,64.0
12.71,1625449482.0,64.0
12.88,1625449482.0,64.0
12.68,1625449482.0,64.0
12.2,1625449482.0,64.0
11.61,1625449482.0,64.0
11.01,1625449482.0,64.0
10.39,1625449482.0,64.0
9.61,1625449482.0,64.0
8.5,1625449482.0,64.0
7.0,1625449482.0,64.0
5.2,1625449482.0,64.0
3.29,1625449482.0,64.0
1.45,1625449482.0,64.0
-0.19,1625449482.0,64.0
-1.58,1625449482.0,64.0
-2.73,1625449482.0,64.0
-3.64,1625449482.0,64.0
-4.32,1625449482.0,64.0
-4.84,1625449482.0,64.0
-5.33,1625449482.0,64.0
-5.94,1625449482.0,64.0
-6.78,1625449482.0,64.0
-7.87,1625449482.0,64.0
-9.1,1625449482.0,64.0
-10.33,1625449482.0,64.0
-11.42,1625449482.0,64.0
-12.32,1625449482.0,64.0
-13.03,1625449482.0,64.0
-13.58,1625449482.0,64.0
-13.97,1625449482.0,64.0
-14.16,1625449482.0,64.0
-14.07,1625449482.0,64.0
-13.67,1625449482.0,64.0
-13.01,1625449482.0,64.0
-12.17,1625449482.0,64.0
-11.21,1625449482.0,64.0
-10.08,1625449482.0,64.0
-8.64,1625449482.0,64.0
-6.74,1625449482.0,64.0
-4.28,1625449482.0,64.0
-1.35,1625449482.0,64.0
1.82,1625449482.0,64.0
4.92,1625449482.0,64.0
7.67,1625449482.0,64.0
9.9,1625449482.0,64.0
11.58,1625449482.0,64.0
12.77,1625449482.0,64.0
13.54,1625449482.0,64.0
13.92,1625449482.0,64.0
13.94,1625449482.0,64.0
13.63,1625449482.0,64.0
13.07,1625449482.0,64.0
12.32,1625449482.0,64.0
11.48,1625449482.0,64.0
10.59,1625449482.0,64.0
9.66,1625449482.0,64.0
8.65,1625449482.0,64.0
7.58,1625449482.0,64.0
6.47,1625449482.0,64.0
5.38,1625449482.0,64.0
4.41,1625449482.0,64.0
3.58,1625449482.0,64.0
2.89,1625449482.0,64.0
2.17,1625449482.0,64.0
1.26,1625449482.0,64.0
0.01,1625449482.0,64.0
-1.61,1625449482.0,64.0
-3.48,1625449482.0,64.0
-5.36,1625449482.0,64.0
-7.02,1625449482.0,64.0
-8.36,1625449482.0,64.0
-9.41,1625449482.0,64.0
-10.36,1625449482.0,64.0
-11.4,1625449482.0,64.0
-12.66,1625449482.0,64.0
-14.13,1625449482.0,64.0
-15.68,1625449482.0,64.0
-17.13,1625449482.0,64.0
-18.34,1625449482.0,64.0
-19.22,1625449482.0,64.0
-19.74,1625449482.0,64.0
-19.84,1625449482.0,64.0
-19.47,1625449482.0,64.0
-18.5,1625449482.0,64.0
-16.9,1625449482.0,64.0
-14.65,1625449482.0,64.0
-11.87,1625449482.0,64.0
-8.69,1625449482.0,64.0
-5.3,1625449482.0,64.0
-1.86,1625449482.0,64.0
1.43,1625449482.0,64.0
4.39,1625449482.0,64.0
6.83,1625449482.0,64.0
8.64,1625449482.0,64.0
9.8,1625449482.0,64.0
10.43,1625449482.0,64.0
10.73,1625449482.0,64.0
10.89,1625449482.0,64.0
11.09,1625449482.0,64.0
11.37,1625449482.0,64.0
11.73,1625449482.0,64.0
12.06,1625449482.0,64.0
12.27,1625449482.0,64.0
12.26,1625449482.0,64.0
12.02,1625449482.0,64.0
11.54,1625449482.0,64.0
10.93,1625449482.0,64.0
10.31,1625449482.0,64.0
9.78,1625449482.0,64.0
9.38,1625449482.0,64.0
9.03,1625449482.0,64.0
8.58,1625449482.0,64.0
7.89,1625449482.0,64.0
6.88,1625449482.0,64.0
5.61,1625449482.0,64.0
4.22,1625449482.0,64.0
2.87,1625449482.0,64.0
1.65,1625449482.0,64.0
0.56,1625449482.0,64.0
-0.51,1625449482.0,64.0
-1.66,1625449482.0,64.0
-2.96,1625449482.0,64.0
-4.44,1625449482.0,64.0
-6.06,1625449482.0,64.0
-7.8,1625449482.0,64.0
-9.7,1625449482.0,64.0
-11.86,1625449482.0,64.0
-14.35,1625449482.0,64.0
-17.09,1625449482.0,64.0
-19.82,1625449482.0,64.0
-22.08,1625449482.0,64.0
-23.4,1625449482.0,64.0
-23.43,1625449482.0,64.0
-22.07,1625449482.0,64.0
-19.52,1625449482.0,64.0
-16.11,1625449482.0,64.0
-12.21,1625449482.0,64.0
-8.08,1625449482.0,64.0
-3.86,1625449482.0,64.0
0.36,1625449482.0,64.0
4.45,1625449482.0,64.0
8.17,1625449482.0,64.0
11.25,1625449482.0,64.0
13.44,1625449482.0,64.0
14.67,1625449482.0,64.0
15.06,1625449482.0,64.0
14.89,1625449482.0,64.0
14.48,1625449482.0,64.0
14.09,1625449482.0,64.0
13.76,1625449482.0,64.0
13.38,1625449482.0,64.0
12.75,1625449482.0,64.0
11.73,1625449482.0,64.0
10.34,1625449482.0,64.0
8.73,1625449482.0,64.0
7.18,1625449482.0,64.0
5.9,1625449482.0,64.0
5.0,1625449482.0,64.0
4.44,1625449482.0,64.0
4.09,1625449482.0,64.0
3.8,1625449482.0,64.0
3.46,1625449482.0,64.0
3.02,1625449482.0,64.0
2.46,1625449482.0,64.0
1.74,1625449482.0,64.0
0.81,1625449482.0,64.0
-0.34,1625449482.0,64.0
-1.67,1625449482.0,64.0
-3.11,1625449482.0,64.0
-4.52,1625449482.0,64.0
-5.78,1625449482.0,64.0
-6.88,1625449482.0,64.0
-7.82,1625449482.0,64.0
-8.69,1625449482.0,64.0
-9.57,1625449482.0,64.0
-10.46,1625449482.0,64.0
-11.36,1625449482.0,64.0
-12.17,1625449482.0,64.0
-12.81,1625449482.0,64.0
-13.14,1625449482.0,64.0
-13.03,1625449482.0,64.0
-12.35,1625449482.0,64.0
-11.02,1625449482.0,64.0
-9.1,1625449482.0,64.0
-6.77,1625449482.0,64.0
-4.32,1625449482.0,64.0
-2.0,1625449482.0,64.0
0.01,1625449482.0,64.0
1.67,1625449482.0,64.0
3.06,1625449482.0,64.0
4.28,1625449482.0,64.0
5.41,1625449482.0,64.0
6.48,1625449482.0,64.0
7.49,1625449482.0,64.0
8.4,1625449482.0,64.0
9.19,1625449482.0,64.0
9.87,1625449482.0,64.0
10.42,1625449482.0,64.0
10.8,1625449482.0,64.0
10.98,1625449482.0,64.0
10.92,1625449482.0,64.0
10.62,1625449482.0,64.0
10.11,1625449482.0,64.0
9.42,1625449482.0,64.0
8.6,1625449482.0,64.0
7.66,1625449482.0,64.0
6.61,1625449482.0,64.0
5.44,1625449482.0,64.0
4.17,1625449482.0,64.0
2.85,1625449482.0,64.0
1.56,1625449482.0,64.0
0.4,1625449482.0,64.0
-0.56,1625449482.0,64.0
-1.34,1625449482.0,64.0
-1.98,1625449482.0,64.0
-2.6,1625449482.0,64.0
-3.31,1625449482.0,64.0
-4.16,1625449482.0,64.0
-5.2,1625449482.0,64.0
-6.43,1625449482.0,64.0
-7.83,1625449482.0,64.0
-9.33,1625449482.0,64.0
-10.8,1625449482.0,64.0
-12.12,1625449482.0,64.0
-13.13,1625449482.0,64.0
-13.74,1625449482.0,64.0
-13.96,1625449482.0,64.0
-13.86,1625449482.0,64.0
-13.56,1625449482.0,64.0
-13.16,1625449482.0,64.0
-12.62,1625449482.0,64.0
-11.8,1625449482.0,64.0
-10.48,1625449482.0,64.0
-8.46,1625449482.0,64.0
-5.74,1625449482.0,64.0
-2.51,1625449482.0,64.0
0.82,1625449482.0,64.0
3.8,1625449482.0,64.0
6.07,1625449482.0,64.0
7.46,1625449482.0,64.0
8.07,1625449482.0,64.0
8.14,1625449482.0,64.0
8.02,1625449482.0,64.0
7.99,1625449482.0,64.0
8.24,1625449482.0,64.0
8.84,1625449482.0,64.0
9.75,1625449482.0,64.0
10.82,1625449482.0,64.0
11.86,1625449482.0,64.0
12.69,1625449482.0,64.0
13.19,1625449482.0,64.0
13.36,1625449482.0,64.0
13.32,1625449482.0,64.0
13.2,1625449482.0,64.0
13.04,1625449482.0,64.0
12.73,1625449482.0,64.0
12.06,1625449482.0,64.0
10.83,1625449482.0,64.0
8.98,1625449482.0,64.0
6.66,1625449482.0,64.0
4.19,1625449482.0,64.0
1.89,1625449482.0,64.0
-0.07,1625449482.0,64.0
-1.75,1625449482.0,64.0
-3.39,1625449482.0,64.0
-5.22,1625449482.0,64.0
-7.37,1625449482.0,64.0
-9.7,1625449482.0,64.0
-11.95,1625449482.0,64.0
-13.82,1625449482.0,64.0
-15.19,1625449482.0,64.0
-16.09,1625449482.0,64.0
-16.69,1625449482.0,64.0
-17.1,1625449482.0,64.0
-17.3,1625449482.0,64.0
-17.12,1625449482.0,64.0
-16.35,1625449482.0,64.0
-14.9,1625449482.0,64.0
-12.89,1625449482.0,64.0
-10.57,1625449482.0,64.0
-8.24,1625449482.0,64.0
-6.05,1625449482.0,64.0
-4.0,1625449482.0,64.0
-2.0,1625449482.0,64.0
-0.0,1625449482.0,64.0
1.96,1625449482.0,64.0
3.76,1625449482.0,64.0
5.29,1625449482.0,64.0
6.55,1625449482.0,64.0
7.63,1625449482.0,64.0
8.7,1625449482.0,64.0
9.88,1625449482.0,64.0
11.16,1625449482.0,64.0
12.43,1625449482.0,64.0
13.47,1625449482.0,64.0
14.12,1625449482.0,64.0
14.27,1625449482.0,64.0
13.97,1625449482.0,64.0
13.36,1625449482.0,64.0
12.61,1625449482.0,64.0
11.81,1625449482.0,64.0
11.01,1625449482.0,64.0
10.13,1625449482.0,64.0
9.06,1625449482.0,64.0
7.74,1625449482.0,64.0
6.19,1625449482.0,64.0
4.58,1625449482.0,64.0
3.1,1625449482.0,64.0
1.85,1625449482.0,64.0
0.8,1625449482.0,64.0
-0.23,1625449482.0,64.0
-1.43,1625449482.0,64.0
-2.91,1625449482.0,64.0
-4.6,1625449482.0,64.0
-6.3,1625449482.0,64.0
-7.79,1625449482.0,64.0
-8.99,1625449482.0,64.0
-9.95,1625449482.0,64.0
-10.88,1625449482.0,64.0
-11.99,1625449482.0,64.0
-13.39,1625449482.0,64.0
-15.01,1625449482.0,64.0
-16.64,1625449482.0,64.0
-18.02,1625449482.0,64.0
-18.89,1625449482.0,64.0
-19.13,1625449482.0,64.0
-18.74,1625449482.0,64.0
-17.8,1625449482.0,64.0
-16.4,1625449482.0,64.0
-14.61,1625449482.0,64.0
-12.43,1625449482.0,64.0
-9.87,1625449482.0,64.0
-6.97,1625449482.0,64.0
-3.85,1625449482.0,64.0
-0.7,1625449482.0,64.0
2.26,1625449482.0,64.0
4.83,1625449482.0,64.0
6.86,1625449482.0,64.0
8.36,1625449482.0,64.0
9.33,1625449482.0,64.0
9.87,1625449482.0,64.0
10.08,1625449482.0,64.0
10.04,1625449482.0,64.0
9.88,1625449482.0,64.0
9.71,1625449482.0,64.0
9.62,1625449482.0,64.0
9.61,1625449482.0,64.0
9.64,1625449482.0,64.0
9.63,1625449482.0,64.0
9.49,1625449482.0,64.0
9.13,1625449482.0,64.0
8.56,1625449482.0,64.0
7.82,1625449482.0,64.0
7.02,1625449482.0,64.0
6.28,1625449482.0,64.0
5.67,1625449482.0,64.0
5.22,1625449482.0,64.0
4.87,1625449482.0,64.0
4.55,1625449482.0,64.0
4.18,1625449482.0,64.0
3.7,1625449482.0,64.0
3.08,1625449482.0,64.0
2.33,1625449482.0,64.0
1.49,1625449482.0,64.0
0.64,1625449482.0,64.0
-0.15,1625449482.0,64.0
-0.86,1625449482.0,64.0
-1.53,1625449482.0,64.0
-2.31,1625449482.0,64.0
-3.41,1625449482.0,64.0
-4.96,1625449482.0,64.0
-7.0,1625449482.0,64.0
-9.32,1625449482.0,64.0
-11.5,1625449482.0,64.0
-13.04,1625449482.0,64.0
-13.54,1625449482.0,64.0
-12.81,1625449482.0,64.0
-10.92,1625449482.0,64.0
-8.2,1625449482.0,64.0
-5.12,1625449482.0,64.0
-2.08,1625449482.0,64.0
0.64,1625449482.0,64.0
2.97,1625449482.0,64.0
4.98,1625449482.0,64.0
6.8,1625449482.0,64.0
8.51,1625449482.0,64.0
10.03,1625449482.0,64.0
11.21,1625449482.0,64.0
11.83,1625449482.0,64.0
11.8,1625449482.0,64.0
11.19,1625449482.0,64.0
10.22,1625449482.0,64.0
9.13,1625449482.0,64.0
8.07,1625449482.0,64.0
7.09,1625449482.0,64.0
6.1,1625449482.0,64.0
5.0,1625449482.0,64.0
3.73,1625449482.0,64.0
2.32,1625449482.0,64.0
0.9,1625449482.0,64.0
-0.38,1625449482.0,64.0
-1.38,1625449482.0,64.0
-2.02,1625449482.0,64.0
-2.3,1625449482.0,64.0
-2.25,1625449482.0,64.0
-1.97,1625449482.0,64.0
-1.55,1625449482.0,64.0
-1.15,1625449482.0,64.0
-0.87,1625449482.0,64.0
-0.83,1625449482.0,64.0
-1.11,1625449482.0,64.0
-1.73,1625449482.0,64.0
-2.69,1625449482.0,64.0
-3.97,1625449482.0,64.0
-5.46,1625449482.0,64.0
-7.06,1625449482.0,64.0
-8.68,1625449482.0,64.0
-10.23,1625449482.0,64.0
-11.64,1625449482.0,64.0
-12.83,1625449482.0,64.0
-13.64,1625449482.0,64.0
-13.92,1625449482.0,64.0
-13.56,1625449482.0,64.0
-12.58,1625449482.0,64.0
-11.09,1625449482.0,64.0
-9.28,1625449482.0,64.0
-7.26,1625449482.0,64.0
-5.07,1625449482.0,64.0
-2.68,1625449482.0,64.0
-0.09,1625449482.0,64.0
2.56,1625449482.0,64.0
4.98,1625449482.0,64.0
6.85,1625449482.0,64.0
7.94,1625449482.0,64.0
8.26,1625449482.0,64.0
8.09,1625449482.0,64.0
7.77,1625449482.0,64.0
7.59,1625449482.0,64.0
7.65,1625449482.0,64.0
7.86,1625449482.0,64.0
8.02,1625449482.0,64.0
7.97,1625449482.0,64.0
7.7,1625449482.0,64.0
7.26,1625449482.0,64.0
6.74,1625449482.0,64.0
6.19,1625449482.0,64.0
5.62,1625449482.0,64.0
5.03,1625449482.0,64.0
4.41,1625449482.0,64.0
3.83,1625449482.0,64.0
3.37,1625449482.0,64.0
3.04,1625449482.0,64.0
2.79,1625449482.0,64.0
2.5,1625449482.0,64.0
2.02,1625449482.0,64.0
1.27,1625449482.0,64.0
0.28,1625449482.0,64.0
-0.91,1625449482.0,64.0
-2.2,1625449482.0,64.0
-3.51,1625449482.0,64.0
-4.8,1625449482.0,64.0
-6.02,1625449482.0,64.0
-7.16,1625449482.0,64.0
-8.22,1625449482.0,64.0
-9.24,1625449482.0,64.0
-10.31,1625449482.0,64.0
-11.47,1625449482.0,64.0
-12.68,1625449482.0,64.0
-13.75,1625449482.0,64.0
-14.41,1625449482.0,64.0
-14.41,1625449482.0,64.0
-13.58,1625449482.0,64.0
-11.95,1625449482.0,64.0
-9.74,1625449482.0,64.0
-7.2,1625449482.0,64.0
-4.54,1625449482.0,64.0
-1.89,1625449482.0,64.0
0.73,1625449482.0,64.0
3.26,1625449482.0,64.0
5.57,1625449482.0,64.0
7.45,1625449482.0,64.0
8.72,1625449482.0,64.0
9.31,1625449482.0,64.0
9.37,1625449482.0,64.0
9.2,1625449482.0,64.0
9.09,1625449482.0,64.0
9.22,1625449482.0,64.0
9.54,1625449482.0,64.0
9.9,1625449482.0,64.0
10.11,1625449482.0,64.0
10.11,1625449482.0,64.0
9.94,1625449482.0,64.0
9.69,1625449482.0,64.0
9.41,1625449482.0,64.0
9.04,1625449482.0,64.0
8.44,1625449482.0,64.0
7.54,1625449482.0,64.0
6.32,1625449482.0,64.0
4.86,1625449482.0,64.0
3.27,1625449482.0,64.0
1.67,1625449482.0,64.0
0.16,1625449482.0,64.0
-1.21,1625449482.0,64.0
-2.41,1625449482.0,64.0
-3.48,1625449482.0,64.0
-4.53,1625449482.0,64.0
-5.65,1625449482.0,64.0
-6.91,1625449482.0,64.0
-8.25,1625449482.0,64.0
-9.51,1625449482.0,64.0
-10.52,1625449482.0,64.0
-11.17,1625449482.0,64.0
-11.49,1625449482.0,64.0
-11.6,1625449482.0,64.0
-11.65,1625449482.0,64.0
-11.68,1625449482.0,64.0
-11.63,1625449482.0,64.0
-11.38,1625449482.0,64.0
-10.85,1625449482.0,64.0
-10.02,1625449482.0,64.0
-8.93,1625449482.0,64.0
-7.65,1625449482.0,64.0
-6.17,1625449482.0,64.0
-4.52,1625449482.0,64.0
-2.71,1625449482.0,64.0
-0.83,1625449482.0,64.0
0.95,1625449482.0,64.0
2.43,1625449482.0,64.0
3.47,1625449482.0,64.0
4.05,1625449482.0,64.0
4.34,1625449482.0,64.0
4.59,1625449482.0,64.0
5.09,1625449482.0,64.0
6.0,1625449482.0,64.0
7.26,1625449482.0,64.0
8.65,1625449482.0,64.0
9.84,1625449482.0,64.0
10.58,1625449482.0,64.0
10.78,1625449482.0,64.0
10.53,1625449482.0,64.0
10.03,1625449482.0,64.0
9.43,1625449482.0,64.0
8.84,1625449482.0,64.0
8.21,1625449482.0,64.0
7.43,1625449482.0,64.0
6.42,1625449482.0,64.0
5.18,1625449482.0,64.0
3.77,1625449482.0,64.0
2.26,1625449482.0,64.0
0.74,1625449482.0,64.0
-0.73,1625449482.0,64.0
-2.14,1625449482.0,64.0
-3.47,1625449482.0,64.0
-4.76,1625449482.0,64.0
-6.04,1625449482.0,64.0
-7.34,1625449482.0,64.0
-8.68,1625449482.0,64.0
-10.03,1625449482.0,64.0
-11.32,1625449482.0,64.0
-12.48,1625449482.0,64.0
-13.48,1625449482.0,64.0
-14.34,1625449482.0,64.0
-15.13,1625449482.0,64.0
-15.9,1625449482.0,64.0
-16.63,1625449482.0,64.0
-17.15,1625449482.0,64.0
-17.27,1625449482.0,64.0
-16.83,1625449482.0,64.0
-15.75,1625449482.0,64.0
-14.11,1625449482.0,64.0
-12.02,1625449482.0,64.0
-9.63,1625449482.0,64.0
-7.02,1625449482.0,64.0
-4.24,1625449482.0,64.0
-1.39,1625449482.0,64.0
1.4,1625449482.0,64.0
3.97,1625449482.0,64.0
6.16,1625449482.0,64.0
7.87,1625449482.0,64.0
9.08,1625449482.0,64.0
9.84,1625449482.0,64.0
10.28,1625449482.0,64.0
10.48,1625449482.0,64.0
10.57,1625449482.0,64.0
10.6,1625449482.0,64.0
10.63,1625449482.0,64.0
10.63,1625449482.0,64.0
10.59,1625449482.0,64.0
10.47,1625449482.0,64.0
10.29,1625449482.0,64.0
10.03,1625449482.0,64.0
9.68,1625449482.0,64.0
9.21,1625449482.0,64.0
8.6,1625449482.0,64.0
7.85,1625449482.0,64.0
7.06,1625449482.0,64.0
6.34,1625449482.0,64.0
5.8,1625449482.0,64.0
5.41,1625449482.0,64.0
5.02,1625449482.0,64.0
4.4,1625449482.0,64.0
3.35,1625449482.0,64.0
1.83,1625449482.0,64.0
-0.05,1625449482.0,64.0
-2.02,1625449482.0,64.0
-3.83,1625449482.0,64.0
-5.39,1625449482.0,64.0
-6.77,1625449482.0,64.0
-8.18,1625449482.0,64.0
-9.79,1625449482.0,64.0
-11.55,1625449482.0,64.0
-13.21,1625449482.0,64.0
-14.36,1625449482.0,64.0
-14.57,1625449482.0,64.0
-13.71,1625449482.0,64.0
-11.85,1625449482.0,64.0
-9.34,1625449482.0,64.0
-6.58,1625449482.0,64.0
-3.87,1625449482.0,64.0
-1.33,1625449482.0,64.0
1.04,1625449482.0,64.0
3.28,1625449482.0,64.0
5.39,1625449482.0,64.0
7.27,1625449482.0,64.0
8.82,1625449482.0,64.0
10.0,1625449482.0,64.0
10.89,1625449482.0,64.0
11.63,1625449482.0,64.0
12.35,1625449482.0,64.0
13.12,1625449482.0,64.0
13.87,1625449482.0,64.0
14.4,1625449482.0,64.0
14.54,1625449482.0,64.0
14.14,1625449482.0,64.0
13.23,1625449482.0,64.0
11.96,1625449482.0,64.0
10.55,1625449482.0,64.0
9.22,1625449482.0,64.0
8.08,1625449482.0,64.0
7.13,1625449482.0,64.0
6.32,1625449482.0,64.0
5.55,1625449482.0,64.0
4.8,1625449482.0,64.0
4.08,1625449482.0,64.0
3.4,1625449482.0,64.0
2.72,1625449482.0,64.0
1.9,1625449482.0,64.0
0.79,1625449482.0,64.0
-0.7,1625449482.0,64.0
-2.53,1625449482.0,64.0
-4.51,1625449482.0,64.0
-6.42,1625449482.0,64.0
-8.15,1625449482.0,64.0
-9.74,1625449482.0,64.0
-11.33,1625449482.0,64.0
-13.04,1625449482.0,64.0
-14.83,1625449482.0,64.0
-16.46,1625449482.0,64.0
-17.57,1625449482.0,64.0
-17.85,1625449482.0,64.0
-17.19,1625449482.0,64.0
-15.65,1625449482.0,64.0
-13.44,1625449482.0,64.0
-10.82,1625449482.0,64.0
-7.99,1625449482.0,64.0
-5.13,1625449482.0,64.0
-2.36,1625449482.0,64.0
0.16,1625449482.0,64.0
2.29,1625449482.0,64.0
3.95,1625449482.0,64.0
5.1,1625449482.0,64.0
5.83,1625449482.0,64.0
6.31,1625449482.0,64.0
6.74,1625449482.0,64.0
7.34,1625449482.0,64.0
8.2,1625449482.0,64.0
9.31,1625449482.0,64.0
10.48,1625449482.0,64.0
11.47,1625449482.0,64.0
12.04,1625449482.0,64.0
12.04,1625449482.0,64.0
11.5,1625449482.0,64.0
10.55,1625449482.0,64.0
9.35,1625449482.0,64.0
8.07,1625449482.0,64.0
6.8,1625449482.0,64.0
5.61,1625449482.0,64.0
4.6,1625449482.0,64.0
3.86,1625449482.0,64.0
3.45,1625449482.0,64.0
3.35,1625449482.0,64.0
3.38,1625449482.0,64.0
3.32,1625449482.0,64.0
2.97,1625449482.0,64.0
2.2,1625449482.0,64.0
1.06,1625449482.0,64.0
-0.3,1625449482.0,64.0
-1.71,1625449482.0,64.0
-3.05,1625449482.0,64.0
-4.28,1625449482.0,64.0
-5.37,1625449482.0,64.0
-6.29,1625449482.0,64.0
-7.03,1625449482.0,64.0
-7.56,1625449482.0,64.0
-7.94,1625449482.0,64.0
-8.23,1625449482.0,64.0
-8.46,1625449482.0,64.0
-8.46,1625449482.0,64.0
-7.88,1625449482.0,64.0
-6.27,1625449482.0,64.0
-3.34,1625449482.0,64.0
0.85,1625449482.0,64.0
5.74,1625449482.0,64.0
10.54,1625449482.0,64.0
14.52,1625449482.0,64.0
17.43,1625449482.0,64.0
19.52,1625449482.0,64.0
21.36,1625449482.0,64.0
23.43,1625449482.0,64.0
25.75,1625449482.0,64.0
27.84,1625449482.0,64.0
28.95,1625449482.0,64.0
28.5,1625449482.0,64.0
26.33,1625449482.0,64.0
22.78,1625449482.0,64.0
18.49,1625449482.0,64.0
14.08,1625449482.0,64.0
9.99,1625449482.0,64.0
6.35,1625449482.0,64.0
3.17,1625449482.0,64.0
0.4,1625449482.0,64.0
-1.99,1625449482.0,64.0
-4.05,1625449482.0,64.0
-5.91,1625449482.0,64.0
-7.72,1625449482.0,64.0
-9.69,1625449482.0,64.0
-11.94,1625449482.0,64.0
-14.51,1625449482.0,64.0
-17.29,1625449482.0,64.0
-20.1,1625449482.0,64.0
-22.68,1625449482.0,64.0
-24.83,1625449482.0,64.0
-26.5,1625449482.0,64.0
-27.78,1625449482.0,64.0
-28.87,1625449482.0,64.0
-29.93,1625449482.0,64.0
-30.95,1625449482.0,64.0
-31.66,1625449482.0,64.0
-31.74,1625449482.0,64.0
-30.96,1625449482.0,64.0
-29.29,1625449482.0,64.0
-26.94,1625449482.0,64.0
-24.18,1625449482.0,64.0
-21.15,1625449482.0,64.0
-17.8,1625449482.0,64.0
-13.94,1625449482.0,64.0
-9.46,1625449482.0,64.0
-4.5,1625449482.0,64.0
0.48,1625449482.0,64.0
4.86,1625449482.0,64.0
8.09,1625449482.0,64.0
9.85,1625449482.0,64.0
10.21,1625449482.0,64.0
9.53,1625449482.0,64.0
8.33,1625449482.0,64.0
7.14,1625449482.0,64.0
6.32,1625449482.0,64.0
6.02,1625449482.0,64.0
6.17,1625449482.0,64.0
6.6,1625449482.0,64.0
7.15,1625449482.0,64.0
7.76,1625449482.0,64.0
8.37,1625449482.0,64.0
8.92,1625449482.0,64.0
9.23,1625449482.0,64.0
9.03,1625449482.0,64.0
8.11,1625449482.0,64.0
6.43,1625449482.0,64.0
4.22,1625449482.0,64.0
1.91,1625449482.0,64.0
-0.03,1625449482.0,64.0
-1.33,1625449482.0,64.0
-1.99,1625449482.0,64.0
-2.24,1625449482.0,64.0
-2.38,1625449482.0,64.0
-2.66,1625449482.0,64.0
-3.21,1625449482.0,64.0
-4.03,1625449482.0,64.0
-5.09,1625449482.0,64.0
-6.31,1625449482.0,64.0
-7.6,1625449482.0,64.0
-8.87,1625449482.0,64.0
-10.04,1625449482.0,64.0
-11.1,1625449482.0,64.0
-12.1,1625449482.0,64.0
-13.1,1625449482.0,64.0
-14.11,1625449482.0,64.0
-14.99,1625449482.0,64.0
-15.51,1625449482.0,64.0
-15.38,1625449482.0,64.0
-14.41,1625449482.0,64.0
-12.58,1625449482.0,64.0
-10.07,1625449482.0,64.0
-7.12,1625449482.0,64.0
-3.97,1625449482.0,64.0
-0.81,1625449482.0,64.0
2.24,1625449482.0,64.0
5.04,1625449482.0,64.0
7.43,1625449482.0,64.0
9.3,1625449482.0,64.0
10.59,1625449482.0,64.0
11.3,1625449482.0,64.0
11.57,1625449482.0,64.0
11.56,1625449482.0,64.0
11.43,1625449482.0,64.0
11.31,1625449482.0,64.0
11.28,1625449482.0,64.0
11.35,1625449482.0,64.0
11.51,1625449482.0,64.0
11.7,1625449482.0,64.0
11.86,1625449482.0,64.0
11.91,1625449482.0,64.0
11.77,1625449482.0,64.0
11.38,1625449482.0,64.0
10.69,1625449482.0,64.0
9.65,1625449482.0,64.0
8.29,1625449482.0,64.0
6.7,1625449482.0,64.0
5.02,1625449482.0,64.0
3.48,1625449482.0,64.0
2.26,1625449482.0,64.0
1.4,1625449482.0,64.0
0.77,1625449482.0,64.0
0.14,1625449482.0,64.0
-0.73,1625449482.0,64.0
-1.93,1625449482.0,64.0
-3.36,1625449482.0,64.0
-4.82,1625449482.0,64.0
-6.11,1625449482.0,64.0
-7.18,1625449482.0,64.0
-8.09,1625449482.0,64.0
-8.95,1625449482.0,64.0
-9.76,1625449482.0,64.0
-10.37,1625449482.0,64.0
-10.5,1625449482.0,64.0
-9.93,1625449482.0,64.0
-8.6,1625449482.0,64.0
-6.64,1625449482.0,64.0
-4.36,1625449482.0,64.0
-2.05,1625449482.0,64.0
0.12,1625449482.0,64.0
2.12,1625449482.0,64.0
3.98,1625449482.0,64.0
5.71,1625449482.0,64.0
7.27,1625449482.0,64.0
8.57,1625449482.0,64.0
9.54,1625449482.0,64.0
10.19,1625449482.0,64.0
10.59,1625449482.0,64.0
10.84,1625449482.0,64.0
10.97,1625449482.0,64.0
10.97,1625449482.0,64.0
10.77,1625449482.0,64.0
10.3,1625449482.0,64.0
9.61,1625449482.0,64.0
8.79,1625449482.0,64.0
7.93,1625449482.0,64.0
7.09,1625449482.0,64.0
6.22,1625449482.0,64.0
5.25,1625449482.0,64.0
4.15,1625449482.0,64.0
2.97,1625449482.0,64.0
1.89,1625449482.0,64.0
1.08,1625449482.0,64.0
0.6,1625449482.0,64.0
0.38,1625449482.0,64.0
0.18,1625449482.0,64.0
-0.31,1625449482.0,64.0
-1.3,1625449482.0,64.0
-2.85,1625449482.0,64.0
-4.78,1625449482.0,64.0
-6.81,1625449482.0,64.0
-8.65,1625449482.0,64.0
-10.13,1625449482.0,64.0
-11.21,1625449482.0,64.0
-11.99,1625449482.0,64.0
-12.61,1625449482.0,64.0
-13.15,1625449482.0,64.0
-13.65,1625449482.0,64.0
-14.04,1625449482.0,64.0
-14.23,1625449482.0,64.0
-14.09,1625449482.0,64.0
-13.51,1625449482.0,64.0
-12.4,1625449482.0,64.0
-10.7,1625449482.0,64.0
-8.4,1625449482.0,64.0
-5.57,1625449482.0,64.0
-2.38,1625449482.0,64.0
0.9,1625449482.0,64.0
3.99,1625449482.0,64.0
6.61,1625449482.0,64.0
8.67,1625449482.0,64.0
10.17,1625449482.0,64.0
11.24,1625449482.0,64.0
12.0,1625449482.0,64.0
12.51,1625449482.0,64.0
12.79,1625449482.0,64.0
12.79,1625449482.0,64.0
12.5,1625449482.0,64.0
11.97,1625449482.0,64.0
11.28,1625449482.0,64.0
10.48,1625449482.0,64.0
9.62,1625449482.0,64.0
8.71,1625449482.0,64.0
7.77,1625449482.0,64.0
6.83,1625449482.0,64.0
5.95,1625449482.0,64.0
5.14,1625449482.0,64.0
4.38,1625449482.0,64.0
3.64,1625449482.0,64.0
2.89,1625449482.0,64.0
2.14,1625449482.0,64.0
1.43,1625449482.0,64.0
0.74,1625449482.0,64.0
-0.04,1625449482.0,64.0
-1.06,1625449482.0,64.0
-2.46,1625449482.0,64.0
-4.28,1625449482.0,64.0
-6.41,1625449482.0,64.0
-8.72,1625449482.0,64.0
-11.03,1625449482.0,64.0
-13.24,1625449482.0,64.0
-15.27,1625449482.0,64.0
-17.04,1625449482.0,64.0
-18.4,1625449482.0,64.0
-19.17,1625449482.0,64.0
-19.19,1625449482.0,64.0
-18.34,1625449482.0,64.0
-16.66,1625449482.0,64.0
-14.29,1625449482.0,64.0
-11.46,1625449482.0,64.0
-8.44,1625449482.0,64.0
-5.43,1625449482.0,64.0
-2.54,1625449482.0,64.0
0.2,1625449482.0,64.0
2.79,1625449482.0,64.0
5.26,1625449482.0,64.0
7.53,1625449482.0,64.0
9.51,1625449482.0,64.0
11.08,1625449482.0,64.0
12.16,1625449482.0,64.0
12.73,1625449482.0,64.0
12.87,1625449482.0,64.0
12.68,1625449482.0,64.0
12.3,1625449482.0,64.0
11.87,1625449482.0,64.0
11.5,1625449482.0,64.0
11.28,1625449482.0,64.0
11.21,1625449482.0,64.0
11.25,1625449482.0,64.0
11.27,1625449482.0,64.0
11.16,1625449482.0,64.0
10.81,1625449482.0,64.0
10.18,1625449482.0,64.0
9.27,1625449482.0,64.0
8.13,1625449482.0,64.0
6.79,1625449482.0,64.0
5.3,1625449482.0,64.0
3.67,1625449482.0,64.0
1.9,1625449482.0,64.0
0.0,1625449482.0,64.0
-2.06,1625449482.0,64.0
-4.26,1625449482.0,64.0
-6.52,1625449482.0,64.0
-8.65,1625449482.0,64.0
-10.42,1625449482.0,64.0
-11.65,1625449482.0,64.0
-12.34,1625449482.0,64.0
-12.71,1625449482.0,64.0
-13.09,1625449482.0,64.0
-13.75,1625449482.0,64.0
-14.77,1625449482.0,64.0
-15.91,1625449482.0,64.0
-16.83,1625449482.0,64.0
-17.14,1625449482.0,64.0
-16.61,1625449482.0,64.0
-15.22,1625449482.0,64.0
-13.08,1625449482.0,64.0
-10.4,1625449482.0,64.0
-7.33,1625449482.0,64.0
-4.03,1625449482.0,64.0
-0.64,1625449482.0,64.0
2.69,1625449482.0,64.0
5.78,1625449482.0,64.0
8.45,1625449482.0,64.0
10.56,1625449482.0,64.0
12.04,1625449482.0,64.0
12.91,1625449482.0,64.0
13.29,1625449482.0,64.0
13.34,1625449482.0,64.0
13.23,1625449482.0,64.0
13.08,1625449482.0,64.0
12.85,1625449482.0,64.0
12.45,1625449482.0,64.0
11.73,1625449482.0,64.0
10.65,1625449482.0,64.0
9.3,1625449482.0,64.0
7.9,1625449482.0,64.0
6.69,1625449482.0,64.0
5.77,1625449482.0,64.0
4.98,1625449482.0,64.0
4.03,1625449482.0,64.0
2.55,1625449482.0,64.0
0.4,1625449482.0,64.0
-2.31,1625449482.0,64.0
-5.16,1625449482.0,64.0
-7.6,1625449482.0,64.0
-9.2,1625449482.0,64.0
-9.75,1625449482.0,64.0
-9.41,1625449482.0,64.0
-8.51,1625449482.0,64.0
-7.5,1625449482.0,64.0
-6.65,1625449482.0,64.0
-6.09,1625449482.0,64.0
-5.81,1625449482.0,64.0
-5.8,1625449482.0,64.0
-6.2,1625449482.0,64.0
-7.24,1625449482.0,64.0
-9.13,1625449482.0,64.0
-11.85,1625449482.0,64.0
-15.1,1625449482.0,64.0
-18.25,1625449482.0,64.0
-20.58,1625449482.0,64.0
-21.5,1625449482.0,64.0
-20.78,1625449482.0,64.0
-18.54,1625449482.0,64.0
-15.17,1625449482.0,64.0
-11.14,1625449482.0,64.0
-6.82,1625449482.0,64.0
-2.52,1625449482.0,64.0
1.57,1625449482.0,64.0
5.28,1625449482.0,64.0
8.45,1625449482.0,64.0
10.99,1625449482.0,64.0
12.85,1625449482.0,64.0
14.13,1625449482.0,64.0
14.95,1625449482.0,64.0
15.5,1625449482.0,64.0
15.9,1625449482.0,64.0
16.21,1625449482.0,64.0
16.43,1625449482.0,64.0
16.48,1625449482.0,64.0
16.31,1625449482.0,64.0
15.91,1625449482.0,64.0
15.33,1625449482.0,64.0
14.63,1625449482.0,64.0
13.83,1625449482.0,64.0
12.91,1625449482.0,64.0
11.78,1625449482.0,64.0
10.38,1625449482.0,64.0
8.71,1625449482.0,64.0
6.91,1625449482.0,64.0
5.15,1625449482.0,64.0
3.6,1625449482.0,64.0
2.3,1625449482.0,64.0
1.22,1625449482.0,64.0
0.25,1625449482.0,64.0
-0.64,1625449482.0,64.0
-1.44,1625449482.0,64.0
-2.08,1625449482.0,64.0
-2.54,1625449482.0,64.0
-2.9,1625449482.0,64.0
-3.3,1625449482.0,64.0
-3.93,1625449482.0,64.0
-4.9,1625449482.0,64.0
-6.22,1625449482.0,64.0
-7.81,1625449482.0,64.0
-9.47,1625449482.0,64.0
-10.99,1625449482.0,64.0
-12.14,1625449482.0,64.0
-12.73,1625449482.0,64.0
-12.61,1625449482.0,64.0
-11.76,1625449482.0,64.0
-10.29,1625449482.0,64.0
-8.35,1625449482.0,64.0
-6.14,1625449482.0,64.0
-3.78,1625449482.0,64.0
-1.35,1625449482.0,64.0
1.1,1625449482.0,64.0
3.49,1625449482.0,64.0
5.64,1625449482.0,64.0
7.4,1625449482.0,64.0
8.66,1625449482.0,64.0
9.42,1625449482.0,64.0
9.85,1625449482.0,64.0
10.14,1625449482.0,64.0
10.47,1625449482.0,64.0
10.87,1625449482.0,64.0
11.26,1625449482.0,64.0
11.48,1625449482.0,64.0
11.41,1625449482.0,64.0
11.03,1625449482.0,64.0
10.41,1625449482.0,64.0
9.66,1625449482.0,64.0
8.88,1625449482.0,64.0
8.08,1625449482.0,64.0
7.21,1625449482.0,64.0
6.19,1625449482.0,64.0
4.98,1625449482.0,64.0
3.64,1625449482.0,64.0
2.31,1625449482.0,64.0
1.11,1625449482.0,64.0
0.17,1625449482.0,64.0
-0.54,1625449482.0,64.0
-1.14,1625449482.0,64.0
-1.84,1625449482.0,64.0
-2.8,1625449482.0,64.0
-4.06,1625449482.0,64.0
-5.55,1625449482.0,64.0
-7.13,1625449482.0,64.0
-8.67,1625449482.0,64.0
-10.12,1625449482.0,64.0
-11.54,1625449482.0,64.0
-12.98,1625449482.0,64.0
-14.43,1625449482.0,64.0
-15.78,1625449482.0,64.0
-16.79,1625449482.0,64.0
-17.22,1625449482.0,64.0
-16.91,1625449482.0,64.0
-15.84,1625449482.0,64.0
-14.08,1625449482.0,64.0
-11.84,1625449482.0,64.0
-9.31,1625449482.0,64.0
-6.61,1625449482.0,64.0
-3.84,1625449482.0,64.0
-1.04,1625449482.0,64.0
1.7,1625449482.0,64.0
4.24,1625449482.0,64.0
6.47,1625449482.0,64.0
8.28,1625449482.0,64.0
9.64,1625449482.0,64.0
10.55,1625449482.0,64.0
11.1,1625449482.0,64.0
11.41,1625449482.0,64.0
11.52,1625449482.0,64.0
11.5,1625449482.0,64.0
11.32,1625449482.0,64.0
10.93,1625449482.0,64.0
10.3,1625449482.0,64.0
9.45,1625449482.0,64.0
8.44,1625449482.0,64.0
7.39,1625449482.0,64.0
6.45,1625449482.0,64.0
5.65,1625449482.0,64.0
4.97,1625449482.0,64.0
4.27,1625449482.0,64.0
3.4,1625449482.0,64.0
2.32,1625449482.0,64.0
1.08,1625449482.0,64.0
-0.16,1625449482.0,64.0
-1.24,1625449482.0,64.0
-2.12,1625449482.0,64.0
-2.86,1625449482.0,64.0
-3.62,1625449482.0,64.0
-4.53,1625449482.0,64.0
-5.69,1625449482.0,64.0
-7.16,1625449482.0,64.0
-8.9,1625449482.0,64.0
-10.9,1625449482.0,64.0
-13.1,1625449482.0,64.0
-15.37,1625449482.0,64.0
-17.49,1625449482.0,64.0
-19.17,1625449482.0,64.0
-20.11,1625449482.0,64.0
-20.12,1625449482.0,64.0
-19.2,1625449482.0,64.0
-17.45,1625449482.0,64.0
-15.09,1625449482.0,64.0
-12.33,1625449482.0,64.0
-9.35,1625449482.0,64.0
-6.24,1625449482.0,64.0
-3.08,1625449482.0,64.0
0.08,1625449482.0,64.0
3.14,1625449482.0,64.0
5.99,1625449482.0,64.0
8.47,1625449482.0,64.0
10.48,1625449482.0,64.0
11.94,1625449482.0,64.0
12.85,1625449482.0,64.0
13.35,1625449482.0,64.0
13.6,1625449482.0,64.0
13.78,1625449482.0,64.0
13.98,1625449482.0,64.0
14.18,1625449482.0,64.0
14.29,1625449482.0,64.0
14.23,1625449482.0,64.0
13.95,1625449482.0,64.0
13.53,1625449482.0,64.0
13.06,1625449482.0,64.0
12.6,1625449482.0,64.0
12.15,1625449482.0,64.0
11.61,1625449482.0,64.0
10.84,1625449482.0,64.0
9.81,1625449482.0,64.0
8.52,1625449482.0,64.0
7.07,1625449482.0,64.0
5.57,1625449482.0,64.0
4.09,1625449482.0,64.0
2.65,1625449482.0,64.0
1.26,1625449482.0,64.0
-0.11,1625449482.0,64.0
-1.47,1625449482.0,64.0
-2.82,1625449482.0,64.0
-4.17,1625449482.0,64.0
-5.55,1625449482.0,64.0
-7.0,1625449482.0,64.0
-8.52,1625449482.0,64.0
-10.05,1625449482.0,64.0
-11.52,1625449482.0,64.0
-12.83,1625449482.0,64.0
-13.9,1625449482.0,64.0
-14.72,1625449482.0,64.0
-15.33,1625449482.0,64.0
-15.76,1625449482.0,64.0
-16.03,1625449482.0,64.0
-16.06,1625449482.0,64.0
-15.69,1625449482.0,64.0
-14.74,1625449482.0,64.0
-13.05,1625449482.0,64.0
-10.56,1625449482.0,64.0
-7.36,1625449482.0,64.0
-3.74,1625449482.0,64.0
-0.02,1625449482.0,64.0
3.39,1625449482.0,64.0
6.18,1625449482.0,64.0
8.21,1625449482.0,64.0
9.51,1625449482.0,64.0
10.25,1625449482.0,64.0
10.63,1625449482.0,64.0
10.85,1625449482.0,64.0
11.0,1625449482.0,64.0
11.13,1625449482.0,64.0
11.24,1625449482.0,64.0
11.33,1625449482.0,64.0
11.42,1625449482.0,64.0
11.48,1625449482.0,64.0
11.49,1625449482.0,64.0
11.37,1625449482.0,64.0
11.03,1625449482.0,64.0
10.44,1625449482.0,64.0
9.65,1625449482.0,64.0
8.71,1625449482.0,64.0
7.69,1625449482.0,64.0
6.62,1625449482.0,64.0
5.49,1625449482.0,64.0
4.3,1625449482.0,64.0
3.1,1625449482.0,64.0
1.96,1625449482.0,64.0
0.95,1625449482.0,64.0
0.07,1625449482.0,64.0
-0.8,1625449482.0,64.0
-1.82,1625449482.0,64.0
-3.16,1625449482.0,64.0
-4.88,1625449482.0,64.0
-6.88,1625449482.0,64.0
-8.96,1625449482.0,64.0
-10.87,1625449482.0,64.0
-12.47,1625449482.0,64.0
-13.74,1625449482.0,64.0
-14.73,1625449482.0,64.0
-15.53,1625449482.0,64.0
-16.17,1625449482.0,64.0
-16.56,1625449482.0,64.0
-16.6,1625449482.0,64.0
-16.17,1625449482.0,64.0
-15.27,1625449482.0,64.0
-13.94,1625449482.0,64.0
-12.28,1625449482.0,64.0
-10.31,1625449482.0,64.0
-8.01,1625449482.0,64.0
-5.35,1625449482.0,64.0
-2.35,1625449482.0,64.0
0.82,1625449482.0,64.0
3.86,1625449482.0,64.0
6.44,1625449482.0,64.0
8.35,1625449482.0,64.0
9.59,1625449482.0,64.0
10.33,1625449482.0,64.0
10.83,1625449482.0,64.0
11.28,1625449482.0,64.0
11.74,1625449482.0,64.0
12.14,1625449482.0,64.0
12.37,1625449482.0,64.0
12.36,1625449482.0,64.0
12.14,1625449482.0,64.0
11.81,1625449482.0,64.0
11.42,1625449482.0,64.0
10.96,1625449482.0,64.0
10.35,1625449482.0,64.0
9.5,1625449482.0,64.0
8.35,1625449482.0,64.0
6.96,1625449482.0,64.0
5.42,1625449482.0,64.0
3.84,1625449482.0,64.0
2.31,1625449482.0,64.0
0.88,1625449482.0,64.0
-0.4,1625449482.0,64.0
-1.48,1625449482.0,64.0
-2.35,1625449482.0,64.0
-2.98,1625449482.0,64.0
-3.44,1625449482.0,64.0
-3.9,1625449482.0,64.0
-4.5,1625449482.0,64.0
-5.42,1625449482.0,64.0
-6.73,1625449482.0,64.0
-8.41,1625449482.0,64.0
-10.35,1625449482.0,64.0
-12.39,1625449482.0,64.0
-14.37,1625449482.0,64.0
-16.17,1625449482.0,64.0
-17.67,1625449482.0,64.0
-18.79,1625449482.0,64.0
-19.42,1625449482.0,64.0
-19.47,1625449482.0,64.0
-18.86,1625449482.0,64.0
-17.6,1625449482.0,64.0
-15.73,1625449482.0,64.0
-13.39,1625449482.0,64.0
-10.7,1625449482.0,64.0
-7.75,1625449482.0,64.0
-4.59,1625449482.0,64.0
-1.28,1625449482.0,64.0
2.05,1625449482.0,64.0
5.2,1625449482.0,64.0
7.87,1625449482.0,64.0
9.78,1625449482.0,64.0
10.77,1625449482.0,64.0
10.87,1625449482.0,64.0
10.36,1625449482.0,64.0
9.63,1625449482.0,64.0
9.05,1625449482.0,64.0
8.86,1625449482.0,64.0
9.07,1625449482.0,64.0
9.5,1625449482.0,64.0
9.92,1625449482.0,64.0
10.14,1625449482.0,64.0
10.07,1625449482.0,64.0
9.75,1625449482.0,64.0
9.24,1625449482.0,64.0
8.62,1625449482.0,64.0
7.93,1625449482.0,64.0
7.17,1625449482.0,64.0
6.37,1625449482.0,64.0
5.56,1625449482.0,64.0
4.74,1625449482.0,64.0
3.94,1625449482.0,64.0
3.12,1625449482.0,64.0
2.25,1625449482.0,64.0
1.31,1625449482.0,64.0
0.34,1625449482.0,64.0
-0.64,1625449482.0,64.0
-1.54,1625449482.0,64.0
-2.34,1625449482.0,64.0
-3.02,1625449482.0,64.0
-3.63,1625449482.0,64.0
-4.22,1625449482.0,64.0
-4.86,1625449482.0,64.0
-5.6,1625449482.0,64.0
-6.43,1625449482.0,64.0
-7.3,1625449482.0,64.0
-8.13,1625449482.0,64.0
-8.82,1625449482.0,64.0
-9.31,1625449482.0,64.0
-9.56,1625449482.0,64.0
-9.55,1625449482.0,64.0
-9.25,1625449482.0,64.0
-8.6,1625449482.0,64.0
-7.51,1625449482.0,64.0
-5.94,1625449482.0,64.0
-3.91,1625449482.0,64.0
-1.58,1625449482.0,64.0
0.85,1625449482.0,64.0
3.17,1625449482.0,64.0
5.22,1625449482.0,64.0
6.95,1625449482.0,64.0
8.37,1625449482.0,64.0
9.53,1625449482.0,64.0
10.44,1625449482.0,64.0
11.1,1625449482.0,64.0
11.51,1625449482.0,64.0
11.68,1625449482.0,64.0
11.69,1625449482.0,64.0
11.58,1625449482.0,64.0
11.37,1625449482.0,64.0
11.03,1625449482.0,64.0
10.5,1625449482.0,64.0
9.72,1625449482.0,64.0
8.68,1625449482.0,64.0
7.4,1625449482.0,64.0
5.95,1625449482.0,64.0
4.43,1625449482.0,64.0
2.91,1625449482.0,64.0
1.47,1625449482.0,64.0
0.18,1625449482.0,64.0
-0.93,1625449482.0,64.0
-1.84,1625449482.0,64.0
-2.58,1625449482.0,64.0
-3.2,1625449482.0,64.0
-3.82,1625449482.0,64.0
-4.53,1625449482.0,64.0
-5.45,1625449482.0,64.0
-6.64,1625449482.0,64.0
-8.06,1625449482.0,64.0
-9.61,1625449482.0,64.0
-11.19,1625449482.0,64.0
-12.68,1625449482.0,64.0
-14.03,1625449482.0,64.0
-15.22,1625449482.0,64.0
-16.2,1625449482.0,64.0
-16.89,1625449482.0,64.0
-17.13,1625449482.0,64.0
-16.78,1625449482.0,64.0
-15.77,1625449482.0,64.0
-14.09,1625449482.0,64.0
-11.85,1625449482.0,64.0
-9.18,1625449482.0,64.0
-6.26,1625449482.0,64.0
-3.23,1625449482.0,64.0
-0.25,1625449482.0,64.0
2.53,1625449482.0,64.0
4.95,1625449482.0,64.0
6.88,1625449482.0,64.0
8.29,1625449482.0,64.0
9.21,1625449482.0,64.0
9.79,1625449482.0,64.0
10.21,1625449482.0,64.0
10.6,1625449482.0,64.0
11.02,1625449482.0,64.0
11.41,1625449482.0,64.0
11.67,1625449482.0,64.0
11.7,1625449482.0,64.0
11.48,1625449482.0,64.0
11.07,1625449482.0,64.0
10.53,1625449482.0,64.0
9.91,1625449482.0,64.0
9.17,1625449482.0,64.0
8.24,1625449482.0,64.0
7.09,1625449482.0,64.0
5.76,1625449482.0,64.0
4.37,1625449482.0,64.0
3.08,1625449482.0,64.0
2.01,1625449482.0,64.0
1.2,1625449482.0,64.0
0.58,1625449482.0,64.0
0.03,1625449482.0,64.0
-0.58,1625449482.0,64.0
-1.38,1625449482.0,64.0
-2.41,1625449482.0,64.0
-3.72,1625449482.0,64.0
-5.28,1625449482.0,64.0
-7.07,1625449482.0,64.0
-9.02,1625449482.0,64.0
-11.04,1625449482.0,64.0
-13.02,1625449482.0,64.0
-14.84,1625449482.0,64.0
-16.4,1625449482.0,64.0
-17.64,1625449482.0,64.0
-18.47,1625449482.0,64.0
-18.85,1625449482.0,64.0
-18.74,1625449482.0,64.0
-18.12,1625449482.0,64.0
-17.0,1625449482.0,64.0
-15.41,1625449482.0,64.0
-13.39,1625449482.0,64.0
-10.99,1625449482.0,64.0
-8.26,1625449482.0,64.0
-5.25,1625449482.0,64.0
-2.01,1625449482.0,64.0
1.38,1625449482.0,64.0
4.8,1625449482.0,64.0
8.09,1625449482.0,64.0
11.06,1625449482.0,64.0
13.55,1625449482.0,64.0
15.4,1625449482.0,64.0
16.52,1625449482.0,64.0
16.93,1625449482.0,64.0
16.74,1625449482.0,64.0
16.13,1625449482.0,64.0
15.3,1625449482.0,64.0
14.37,1625449482.0,64.0
13.41,1625449482.0,64.0
12.44,1625449482.0,64.0
11.45,1625449482.0,64.0
10.46,1625449482.0,64.0
9.53,1625449482.0,64.0
8.65,1625449482.0,64.0
7.78,1625449482.0,64.0
6.81,1625449482.0,64.0
5.65,1625449482.0,64.0
4.25,1625449482.0,64.0
2.7,1625449482.0,64.0
1.17,1625449482.0,64.0
-0.15,1625449482.0,64.0
-1.16,1625449482.0,64.0
-1.81,1625449482.0,64.0
-2.2,1625449482.0,64.0
-2.48,1625449482.0,64.0
-2.8,1625449482.0,64.0
-3.33,1625449482.0,64.0
-4.14,1625449482.0,64.0
-5.26,1625449482.0,64.0
-6.64,1625449482.0,64.0
-8.18,1625449482.0,64.0
-9.77,1625449482.0,64.0
-11.31,1625449482.0,64.0
-12.72,1625449482.0,64.0
-13.93,1625449482.0,64.0
-14.86,1625449482.0,64.0
-15.41,1625449482.0,64.0
-15.47,1625449482.0,64.0
-15.0,1625449482.0,64.0
-13.99,1625449482.0,64.0
-12.45,1625449482.0,64.0
-10.46,1625449482.0,64.0
-8.04,1625449482.0,64.0
-5.27,1625449482.0,64.0
-2.27,1625449482.0,64.0
0.78,1625449482.0,64.0
3.65,1625449482.0,64.0
6.1,1625449482.0,64.0
8.04,1625449482.0,64.0
9.48,1625449482.0,64.0
10.58,1625449482.0,64.0
11.48,1625449482.0,64.0
12.33,1625449482.0,64.0
13.1,1625449482.0,64.0
13.74,1625449482.0,64.0
14.13,1625449482.0,64.0
14.2,1625449482.0,64.0
13.97,1625449482.0,64.0
13.5,1625449482.0,64.0
12.89,1625449482.0,64.0
12.2,1625449482.0,64.0
11.45,1625449482.0,64.0
10.61,1625449482.0,64.0
9.64,1625449482.0,64.0
8.53,1625449482.0,64.0
7.32,1625449482.0,64.0
6.06,1625449482.0,64.0
4.83,1625449482.0,64.0
3.66,1625449482.0,64.0
2.57,1625449482.0,64.0
1.53,1625449482.0,64.0
0.53,1625449482.0,64.0
-0.42,1625449482.0,64.0
-1.35,1625449482.0,64.0
-2.28,1625449482.0,64.0
-3.24,1625449482.0,64.0
-4.27,1625449482.0,64.0
-5.38,1625449482.0,64.0
-6.52,1625449482.0,64.0
-7.68,1625449482.0,64.0
-8.82,1625449482.0,64.0
-10.01,1625449482.0,64.0
-11.35,1625449482.0,64.0
-12.9,1625449482.0,64.0
-14.59,1625449482.0,64.0
-16.2,1625449482.0,64.0
-17.44,1625449482.0,64.0
-18.0,1625449482.0,64.0
-17.7,1625449482.0,64.0
-16.51,1625449482.0,64.0
-14.56,1625449482.0,64.0
-12.06,1625449482.0,64.0
-9.21,1625449482.0,64.0
-6.22,1625449482.0,64.0
-3.22,1625449482.0,64.0
-0.36,1625449482.0,64.0
2.28,1625449482.0,64.0
4.59,1625449482.0,64.0
6.48,1625449482.0,64.0
7.93,1625449482.0,64.0
9.0,1625449482.0,64.0
9.79,1625449482.0,64.0
10.43,1625449482.0,64.0
11.05,1625449482.0,64.0
11.73,1625449482.0,64.0
12.42,1625449482.0,64.0
12.98,1625449482.0,64.0
13.25,1625449482.0,64.0
13.1,1625449482.0,64.0
12.55,1625449482.0,64.0
11.69,1625449482.0,64.0
10.69,1625449482.0,64.0
9.74,1625449482.0,64.0
8.92,1625449482.0,64.0
8.21,1625449482.0,64.0
7.56,1625449482.0,64.0
6.88,1625449482.0,64.0
6.09,1625449482.0,64.0
5.2,1625449482.0,64.0
4.21,1625449482.0,64.0
3.15,1625449482.0,64.0
2.03,1625449482.0,64.0
0.82,1625449482.0,64.0
-0.5,1625449482.0,64.0
-1.96,1625449482.0,64.0
-3.56,1625449482.0,64.0
-5.3,1625449482.0,64.0
-7.15,1625449482.0,64.0
-9.03,1625449482.0,64.0
-10.79,1625449482.0,64.0
-12.29,1625449482.0,64.0
-13.43,1625449482.0,64.0
-14.27,1625449482.0,64.0
-14.94,1625449482.0,64.0
-15.59,1625449482.0,64.0
-16.27,1625449482.0,64.0
-16.84,1625449482.0,64.0
-17.06,1625449482.0,64.0
-16.63,1625449482.0,64.0
-15.4,1625449482.0,64.0
-13.38,1625449482.0,64.0
-10.74,1625449482.0,64.0
-7.68,1625449482.0,64.0
-4.4,1625449482.0,64.0
-1.05,1625449482.0,64.0
2.2,1625449482.0,64.0
5.14,1625449482.0,64.0
7.56,1625449482.0,64.0
9.29,1625449482.0,64.0
10.31,1625449482.0,64.0
10.78,1625449482.0,64.0
10.97,1625449482.0,64.0
11.14,1625449482.0,64.0
11.47,1625449482.0,64.0
11.94,1625449482.0,64.0
12.39,1625449482.0,64.0
12.6,1625449482.0,64.0
12.43,1625449482.0,64.0
11.88,1625449482.0,64.0
11.12,1625449482.0,64.0
10.33,1625449482.0,64.0
9.65,1625449482.0,64.0
9.06,1625449482.0,64.0
8.45,1625449482.0,64.0
7.68,1625449482.0,64.0
6.69,1625449482.0,64.0
5.52,1625449482.0,64.0
4.24,1625449482.0,64.0
2.95,1625449482.0,64.0
1.71,1625449482.0,64.0
0.51,1625449482.0,64.0
-0.67,1625449482.0,64.0
-1.84,1625449482.0,64.0
-3.02,1625449482.0,64.0
-4.21,1625449482.0,64.0
-5.46,1625449482.0,64.0
-6.83,1625449482.0,64.0
-8.32,1625449482.0,64.0
-9.95,1625449482.0,64.0
-11.66,1625449482.0,64.0
-13.39,1625449482.0,64.0
-15.06,1625449482.0,64.0
-16.6,1625449482.0,64.0
-17.89,1625449482.0,64.0
-18.81,1625449482.0,64.0
-19.22,1625449482.0,64.0
-19.01,1625449482.0,64.0
-18.15,1625449482.0,64.0
-16.69,1625449482.0,64.0
-14.74,1625449482.0,64.0
-12.42,1625449482.0,64.0
-9.85,1625449482.0,64.0
-7.1,1625449482.0,64.0
-4.26,1625449482.0,64.0
-1.41,1625449482.0,64.0
1.31,1625449482.0,64.0
3.73,1625449482.0,64.0
5.67,1625449482.0,64.0
7.05,1625449482.0,64.0
7.93,1625449482.0,64.0
8.47,1625449482.0,64.0
8.94,1625449482.0,64.0
9.59,1625449482.0,64.0
10.54,1625449482.0,64.0
11.78,1625449482.0,64.0
13.12,1625449482.0,64.0
14.38,1625449482.0,64.0
15.38,1625449482.0,64.0
16.01,1625449482.0,64.0
16.26,1625449482.0,64.0
16.14,1625449482.0,64.0
15.61,1625449482.0,64.0
14.69,1625449482.0,64.0
13.43,1625449482.0,64.0
11.92,1625449482.0,64.0
10.3,1625449482.0,64.0
8.75,1625449482.0,64.0
7.32,1625449482.0,64.0
5.99,1625449482.0,64.0
4.63,1625449482.0,64.0
3.11,1625449482.0,64.0
1.31,1625449482.0,64.0
-0.76,1625449482.0,64.0
-3.03,1625449482.0,64.0
-5.36,1625449482.0,64.0
-7.58,1625449482.0,64.0
-9.56,1625449482.0,64.0
-11.21,1625449482.0,64.0
-12.51,1625449482.0,64.0
-13.49,1625449482.0,64.0
-14.25,1625449482.0,64.0
-14.88,1625449482.0,64.0
-15.43,1625449482.0,64.0
-15.9,1625449482.0,64.0
-16.16,1625449482.0,64.0
-16.01,1625449482.0,64.0
-15.25,1625449482.0,64.0
-13.78,1625449482.0,64.0
-11.62,1625449482.0,64.0
-8.93,1625449482.0,64.0
-5.96,1625449482.0,64.0
-2.97,1625449482.0,64.0
-0.2,1625449482.0,64.0
2.21,1625449482.0,64.0
4.15,1625449482.0,64.0
5.62,1625449482.0,64.0
6.64,1625449482.0,64.0
7.32,1625449482.0,64.0
7.81,1625449482.0,64.0
8.27,1625449482.0,64.0
8.83,1625449482.0,64.0
9.52,1625449482.0,64.0
10.24,1625449482.0,64.0
10.87,1625449482.0,64.0
11.24,1625449482.0,64.0
11.29,1625449482.0,64.0
11.03,1625449482.0,64.0
10.54,1625449482.0,64.0
9.91,1625449482.0,64.0
9.2,1625449482.0,64.0
8.42,1625449482.0,64.0
7.58,1625449482.0,64.0
6.63,1625449482.0,64.0
5.61,1625449482.0,64.0
4.49,1625449482.0,64.0
3.27,1625449482.0,64.0
1.93,1625449482.0,64.0
0.42,1625449482.0,64.0
-1.26,1625449482.0,64.0
-3.07,1625449482.0,64.0
-4.98,1625449482.0,64.0
-6.92,1625449482.0,64.0
-8.84,1625449482.0,64.0
-10.73,1625449482.0,64.0
-12.55,1625449482.0,64.0
-14.24,1625449482.0,64.0
-15.71,1625449482.0,64.0
-16.82,1625449482.0,64.0
-17.39,1625449482.0,64.0
-17.3,1625449482.0,64.0
-16.45,1625449482.0,64.0
-14.82,1625449482.0,64.0
-12.5,1625449482.0,64.0
-9.67,1625449482.0,64.0
-6.61,1625449482.0,64.0
-3.6,1625449482.0,64.0
-0.87,1625449482.0,64.0
1.45,1625449482.0,64.0
3.35,1625449482.0,64.0
4.88,1625449482.0,64.0
6.11,1625449482.0,64.0
7.04,1625449482.0,64.0
7.67,1625449482.0,64.0
8.05,1625449482.0,64.0
8.28,1625449482.0,64.0
8.51,1625449482.0,64.0
8.88,1625449482.0,64.0
9.42,1625449482.0,64.0
10.07,1625449482.0,64.0
10.63,1625449482.0,64.0
10.96,1625449482.0,64.0
10.95,1625449482.0,64.0
10.63,1625449482.0,64.0
10.11,1625449482.0,64.0
9.49,1625449482.0,64.0
8.85,1625449482.0,64.0
8.16,1625449482.0,64.0
7.34,1625449482.0,64.0
6.22,1625449482.0,64.0
4.73,1625449482.0,64.0
2.89,1625449482.0,64.0
0.84,1625449482.0,64.0
-1.15,1625449482.0,64.0
-2.82,1625449482.0,64.0
-4.07,1625449482.0,64.0
-4.93,1625449482.0,64.0
-5.61,1625449482.0,64.0
-6.32,1625449482.0,64.0
-7.24,1625449482.0,64.0
-8.4,1625449482.0,64.0
-9.74,1625449482.0,64.0
-11.17,1625449482.0,64.0
-12.62,1625449482.0,64.0
-14.05,1625449482.0,64.0
-15.42,1625449482.0,64.0
-16.68,1625449482.0,64.0
-17.65,1625449482.0,64.0
-18.16,1625449482.0,64.0
-18.07,1625449482.0,64.0
-17.32,1625449482.0,64.0
-15.97,1625449482.0,64.0
-14.12,1625449482.0,64.0
-11.9,1625449482.0,64.0
-9.35,1625449482.0,64.0
-6.49,1625449482.0,64.0
-3.29,1625449482.0,64.0
0.17,1625449482.0,64.0
3.7,1625449482.0,64.0
7.03,1625449482.0,64.0
9.86,1625449482.0,64.0
11.99,1625449482.0,64.0
13.39,1625449482.0,64.0
14.2,1625449482.0,64.0
14.63,1625449482.0,64.0
14.9,1625449482.0,64.0
15.15,1625449482.0,64.0
15.37,1625449482.0,64.0
15.5,1625449482.0,64.0
15.38,1625449482.0,64.0
14.96,1625449482.0,64.0
14.22,1625449482.0,64.0
13.28,1625449482.0,64.0
12.24,1625449482.0,64.0
11.21,1625449482.0,64.0
10.25,1625449482.0,64.0
9.33,1625449482.0,64.0
8.42,1625449482.0,64.0
7.43,1625449482.0,64.0
6.34,1625449482.0,64.0
5.18,1625449482.0,64.0
3.95,1625449482.0,64.0
2.73,1625449482.0,64.0
1.51,1625449482.0,64.0
0.26,1625449482.0,64.0
-1.08,1625449482.0,64.0
-2.57,1625449482.0,64.0
-4.26,1625449482.0,64.0
-6.06,1625449482.0,64.0
-7.86,1625449482.0,64.0
-9.5,1625449482.0,64.0
-10.89,1625449482.0,64.0
-12.1,1625449482.0,64.0
-13.23,1625449482.0,64.0
-14.43,1625449482.0,64.0
-15.66,1625449482.0,64.0
-16.77,1625449482.0,64.0
-17.46,1625449482.0,64.0
-17.44,1625449482.0,64.0
-16.54,1625449482.0,64.0
-14.78,1625449482.0,64.0
-12.31,1625449482.0,64.0
-9.38,1625449482.0,64.0
-6.18,1625449482.0,64.0
-2.86,1625449482.0,64.0
0.45,1625449482.0,64.0
3.68,1625449482.0,64.0
6.7,1625449482.0,64.0
9.35,1625449482.0,64.0
11.5,1625449482.0,64.0
13.04,1625449482.0,64.0
13.97,1625449482.0,64.0
14.37,1625449482.0,64.0
14.42,1625449482.0,64.0
14.31,1625449482.0,64.0
14.2,1625449482.0,64.0
14.13,1625449482.0,64.0
14.05,1625449482.0,64.0
13.84,1625449482.0,64.0
13.4,1625449482.0,64.0
12.7,1625449482.0,64.0
11.79,1625449482.0,64.0
10.76,1625449482.0,64.0
9.69,1625449482.0,64.0
8.61,1625449482.0,64.0
7.54,1625449482.0,64.0
6.5,1625449482.0,64.0
5.51,1625449482.0,64.0
4.63,1625449482.0,64.0
3.92,1625449482.0,64.0
3.37,1625449482.0,64.0
2.91,1625449482.0,64.0
2.39,1625449482.0,64.0
1.69,1625449482.0,64.0
0.74,1625449482.0,64.0
-0.44,1625449482.0,64.0
-1.75,1625449482.0,64.0
-3.12,1625449482.0,64.0
-4.52,1625449482.0,64.0
-6.02,1625449482.0,64.0
-7.71,1625449482.0,64.0
-9.65,1625449482.0,64.0
-11.75,1625449482.0,64.0
-13.8,1625449482.0,64.0
-15.52,1625449482.0,64.0
-16.72,1625449482.0,64.0
-17.33,1625449482.0,64.0
-17.52,1625449482.0,64.0
-17.51,1625449482.0,64.0
-17.46,1625449482.0,64.0
-17.32,1625449482.0,64.0
-16.9,1625449482.0,64.0
-15.86,1625449482.0,64.0
-13.98,1625449482.0,64.0
-11.21,1625449482.0,64.0
-7.75,1625449482.0,64.0
-3.94,1625449482.0,64.0
-0.21,1625449482.0,64.0
3.12,1625449482.0,64.0
5.77,1625449482.0,64.0
7.65,1625449482.0,64.0
8.78,1625449482.0,64.0
9.32,1625449482.0,64.0
9.52,1625449482.0,64.0
9.66,1625449482.0,64.0
9.98,1625449482.0,64.0
10.55,1625449482.0,64.0
11.31,1625449482.0,64.0
12.12,1625449482.0,64.0
12.84,1625449482.0,64.0
13.4,1625449482.0,64.0
13.81,1625449482.0,64.0
14.14,1625449482.0,64.0
14.44,1625449482.0,64.0
14.71,1625449482.0,64.0
14.87,1625449482.0,64.0
14.76,1625449482.0,64.0
14.24,1625449482.0,64.0
13.25,1625449482.0,64.0
11.81,1625449482.0,64.0
9.99,1625449482.0,64.0
7.9,1625449482.0,64.0
5.61,1625449482.0,64.0
3.19,1625449482.0,64.0
0.71,1625449482.0,64.0
-1.74,1625449482.0,64.0
-4.02,1625449482.0,64.0
-6.03,1625449482.0,64.0
-7.68,1625449482.0,64.0
-9.04,1625449482.0,64.0
-10.2,1625449482.0,64.0
-11.32,1625449482.0,64.0
-12.46,1625449482.0,64.0
-13.62,1625449482.0,64.0
-14.73,1625449482.0,64.0
-15.76,1625449482.0,64.0
-16.7,1625449482.0,64.0
-17.6,1625449482.0,64.0
-18.49,1625449482.0,64.0
-19.35,1625449482.0,64.0
-20.05,1625449482.0,64.0
-20.45,1625449482.0,64.0
-20.35,1625449482.0,64.0
-19.66,1625449482.0,64.0
-18.32,1625449482.0,64.0
-16.4,1625449482.0,64.0
-13.94,1625449482.0,64.0
-11.06,1625449482.0,64.0
-7.84,1625449482.0,64.0
-4.42,1625449482.0,64.0
-1.01,1625449482.0,64.0
2.14,1625449482.0,64.0
4.84,1625449482.0,64.0
6.97,1625449482.0,64.0
8.51,1625449482.0,64.0
9.57,1625449482.0,64.0
10.28,1625449482.0,64.0
10.76,1625449482.0,64.0
11.09,1625449482.0,64.0
11.3,1625449482.0,64.0
11.42,1625449482.0,64.0
11.48,1625449482.0,64.0
11.5,1625449482.0,64.0
11.52,1625449482.0,64.0
11.55,1625449482.0,64.0
11.65,1625449482.0,64.0
11.79,1625449482.0,64.0
11.98,1625449482.0,64.0
12.14,1625449482.0,64.0
12.18,1625449482.0,64.0
12.0,1625449482.0,64.0
11.52,1625449482.0,64.0
10.75,1625449482.0,64.0
9.76,1625449482.0,64.0
8.66,1625449482.0,64.0
7.56,1625449482.0,64.0
6.53,1625449482.0,64.0
5.58,1625449482.0,64.0
4.62,1625449482.0,64.0
3.57,1625449482.0,64.0
2.39,1625449482.0,64.0
1.09,1625449482.0,64.0
-0.22,1625449482.0,64.0
-1.44,1625449482.0,64.0
-2.52,1625449482.0,64.0
-3.51,1625449482.0,64.0
-4.56,1625449482.0,64.0
-5.79,1625449482.0,64.0
-7.26,1625449482.0,64.0
-8.85,1625449482.0,64.0
-10.34,1625449482.0,64.0
-11.47,1625449482.0,64.0
-12.05,1625449482.0,64.0
-12.03,1625449482.0,64.0
-11.46,1625449482.0,64.0
-10.41,1625449482.0,64.0
-8.94,1625449482.0,64.0
-7.05,1625449482.0,64.0
-4.76,1625449482.0,64.0
-2.2,1625449482.0,64.0
0.41,1625449482.0,64.0
2.76,1625449482.0,64.0
4.63,1625449482.0,64.0
5.93,1625449482.0,64.0
6.78,1625449482.0,64.0
7.41,1625449482.0,64.0
8.03,1625449482.0,64.0
8.71,1625449482.0,64.0
9.41,1625449482.0,64.0
9.96,1625449482.0,64.0
10.27,1625449482.0,64.0
10.27,1625449482.0,64.0
10.03,1625449482.0,64.0
9.64,1625449482.0,64.0
9.16,1625449482.0,64.0
8.62,1625449482.0,64.0
7.99,1625449482.0,64.0
7.26,1625449482.0,64.0
6.41,1625449482.0,64.0
5.48,1625449482.0,64.0
4.52,1625449482.0,64.0
3.59,1625449482.0,64.0
2.7,1625449482.0,64.0
1.84,1625449482.0,64.0
0.93,1625449482.0,64.0
-0.12,1625449482.0,64.0
-1.35,1625449482.0,64.0
-2.74,1625449482.0,64.0
-4.23,1625449482.0,64.0
-5.73,1625449482.0,64.0
-7.21,1625449482.0,64.0
-8.7,1625449482.0,64.0
-10.23,1625449482.0,64.0
-11.81,1625449482.0,64.0
-13.32,1625449482.0,64.0
-14.6,1625449482.0,64.0
-15.51,1625449482.0,64.0
-16.03,1625449482.0,64.0
-16.24,1625449482.0,64.0
-16.26,1625449482.0,64.0
-16.16,1625449482.0,64.0
-15.92,1625449482.0,64.0
-15.45,1625449482.0,64.0
-14.64,1625449482.0,64.0
-13.48,1625449482.0,64.0
-12.01,1625449482.0,64.0
-10.3,1625449482.0,64.0
-8.38,1625449482.0,64.0
-6.23,1625449482.0,64.0
-3.81,1625449482.0,64.0
-1.15,1625449482.0,64.0
1.66,1625449482.0,64.0
4.4,1625449482.0,64.0
6.88,1625449482.0,64.0
8.88,1625449482.0,64.0
10.32,1625449482.0,64.0
11.17,1625449482.0,64.0
11.53,1625449482.0,64.0
11.48,1625449482.0,64.0
11.17,1625449482.0,64.0
10.7,1625449482.0,64.0
10.19,1625449482.0,64.0
9.7,1625449482.0,64.0
9.3,1625449482.0,64.0
9.02,1625449482.0,64.0
8.8,1625449482.0,64.0
8.57,1625449482.0,64.0
8.24,1625449482.0,64.0
7.74,1625449482.0,64.0
7.04,1625449482.0,64.0
6.21,1625449482.0,64.0
5.31,1625449482.0,64.0
4.43,1625449482.0,64.0
3.59,1625449482.0,64.0
2.82,1625449482.0,64.0
2.1,1625449482.0,64.0
1.42,1625449482.0,64.0
0.74,1625449482.0,64.0
0.03,1625449482.0,64.0
-0.8,1625449482.0,64.0
-1.85,1625449482.0,64.0
-3.2,1625449482.0,64.0
-4.88,1625449482.0,64.0
-6.8,1625449482.0,64.0
-8.77,1625449482.0,64.0
-10.56,1625449482.0,64.0
-12.04,1625449482.0,64.0
-13.19,1625449482.0,64.0
-14.17,1625449482.0,64.0
-15.16,1625449482.0,64.0
-16.27,1625449482.0,64.0
-17.41,1625449482.0,64.0
-18.34,1625449482.0,64.0
-18.78,1625449482.0,64.0
-18.57,1625449482.0,64.0
-17.71,1625449482.0,64.0
-16.34,1625449482.0,64.0
-14.6,1625449482.0,64.0
-12.48,1625449482.0,64.0
-9.86,1625449482.0,64.0
-6.61,1625449482.0,64.0
-2.76,1625449482.0,64.0
1.42,1625449482.0,64.0
5.51,1625449482.0,64.0
9.12,1625449482.0,64.0
12.02,1625449482.0,64.0
14.25,1625449482.0,64.0
16.01,1625449482.0,64.0
17.46,1625449482.0,64.0
18.63,1625449482.0,64.0
19.38,1625449482.0,64.0
19.5,1625449482.0,64.0
18.85,1625449482.0,64.0
17.52,1625449482.0,64.0
15.77,1625449482.0,64.0
13.93,1625449482.0,64.0
12.25,1625449482.0,64.0
10.82,1625449482.0,64.0
9.55,1625449482.0,64.0
8.29,1625449482.0,64.0
6.9,1625449482.0,64.0
5.39,1625449482.0,64.0
3.84,1625449482.0,64.0
2.41,1625449482.0,64.0
1.21,1625449482.0,64.0
0.31,1625449482.0,64.0
-0.27,1625449482.0,64.0
-0.55,1625449482.0,64.0
-0.64,1625449482.0,64.0
-0.65,1625449482.0,64.0
-0.72,1625449482.0,64.0
-1.01,1625449482.0,64.0
-1.6,1625449482.0,64.0
-2.51,1625449482.0,64.0
-3.69,1625449482.0,64.0
-5.02,1625449482.0,64.0
-6.42,1625449482.0,64.0
-7.83,1625449482.0,64.0
-9.22,1625449482.0,64.0
-10.55,1625449482.0,64.0
-11.73,1625449482.0,64.0
-12.63,1625449482.0,64.0
-13.08,1625449482.0,64.0
-13.01,1625449482.0,64.0
-12.46,1625449482.0,64.0
-11.58,1625449482.0,64.0
-10.53,1625449482.0,64.0
-9.44,1625449482.0,64.0
-8.26,1625449482.0,64.0
-6.85,1625449482.0,64.0
-5.03,1625449482.0,64.0
-2.71,1625449482.0,64.0
0.01,1625449482.0,64.0
2.86,1625449482.0,64.0
5.49,1625449482.0,64.0
7.64,1625449482.0,64.0
9.14,1625449482.0,64.0
10.03,1625449482.0,64.0
10.38,1625449482.0,64.0
10.37,1625449482.0,64.0
10.11,1625449482.0,64.0
9.72,1625449482.0,64.0
9.31,1625449482.0,64.0
9.02,1625449482.0,64.0
8.95,1625449482.0,64.0
9.12,1625449482.0,64.0
9.46,1625449482.0,64.0
9.78,1625449482.0,64.0
9.88,1625449482.0,64.0
9.58,1625449482.0,64.0
8.84,1625449482.0,64.0
7.74,1625449482.0,64.0
6.47,1625449482.0,64.0
5.18,1625449482.0,64.0
3.99,1625449482.0,64.0
2.91,1625449482.0,64.0
1.9,1625449482.0,64.0
0.93,1625449482.0,64.0
-0.04,1625449482.0,64.0
-0.99,1625449482.0,64.0
-1.93,1625449482.0,64.0
-2.9,1625449482.0,64.0
-3.95,1625449482.0,64.0
-5.15,1625449482.0,64.0
-6.48,1625449482.0,64.0
-7.86,1625449482.0,64.0
-9.17,1625449482.0,64.0
-10.35,1625449482.0,64.0
-11.41,1625449482.0,64.0
-12.45,1625449482.0,64.0
-13.6,1625449482.0,64.0
-14.9,1625449482.0,64.0
-16.23,1625449482.0,64.0
-17.4,1625449482.0,64.0
-18.14,1625449482.0,64.0
-18.22,1625449482.0,64.0
-17.54,1625449482.0,64.0
-16.08,1625449482.0,64.0
-13.96,1625449482.0,64.0
-11.36,1625449482.0,64.0
-8.55,1625449482.0,64.0
-5.75,1625449482.0,64.0
-3.15,1625449482.0,64.0
-0.81,1625449482.0,64.0
1.32,1625449482.0,64.0
3.32,1625449482.0,64.0
5.29,1625449482.0,64.0
7.24,1625449482.0,64.0
9.06,1625449482.0,64.0
10.59,1625449482.0,64.0
11.69,1625449482.0,64.0
12.3,1625449482.0,64.0
12.43,1625449482.0,64.0
12.18,1625449482.0,64.0
11.68,1625449482.0,64.0
11.07,1625449482.0,64.0
10.49,1625449482.0,64.0
10.06,1625449482.0,64.0
9.8,1625449482.0,64.0
9.63,1625449482.0,64.0
9.33,1625449482.0,64.0
8.63,1625449482.0,64.0
7.37,1625449482.0,64.0
5.54,1625449482.0,64.0
3.36,1625449482.0,64.0
1.23,1625449482.0,64.0
-0.48,1625449482.0,64.0
-1.49,1625449482.0,64.0
-1.71,1625449482.0,64.0
-1.32,1625449482.0,64.0
-0.58,1625449482.0,64.0
0.2,1625449482.0,64.0
0.77,1625449482.0,64.0
1.0,1625449482.0,64.0
0.88,1625449482.0,64.0
0.48,1625449482.0,64.0
-0.15,1625449482.0,64.0
-0.98,1625449482.0,64.0
-2.05,1625449482.0,64.0
-3.43,1625449482.0,64.0
-5.12,1625449482.0,64.0
-7.03,1625449482.0,64.0
-8.94,1625449482.0,64.0
-10.62,1625449482.0,64.0
-11.84,1625449482.0,64.0
-12.51,1625449482.0,64.0
-12.62,1625449482.0,64.0
-12.25,1625449482.0,64.0
-11.47,1625449482.0,64.0
-10.29,1625449482.0,64.0
-8.68,1625449482.0,64.0
-6.61,1625449482.0,64.0
-4.11,1625449482.0,64.0
-1.33,1625449482.0,64.0
1.46,1625449482.0,64.0
4.02,1625449482.0,64.0
6.13,1625449482.0,64.0
7.73,1625449482.0,64.0
8.86,1625449482.0,64.0
9.64,1625449482.0,64.0
10.19,1625449482.0,64.0
10.57,1625449482.0,64.0
10.77,1625449482.0,64.0
10.77,1625449482.0,64.0
10.54,1625449482.0,64.0
10.13,1625449482.0,64.0
9.62,1625449482.0,64.0
9.11,1625449482.0,64.0
8.62,1625449482.0,64.0
8.17,1625449482.0,64.0
7.73,1625449482.0,64.0
7.24,1625449482.0,64.0
6.68,1625449482.0,64.0
6.03,1625449482.0,64.0
5.25,1625449482.0,64.0
4.32,1625449482.0,64.0
3.22,1625449482.0,64.0
1.96,1625449482.0,64.0
0.56,1625449482.0,64.0
-0.96,1625449482.0,64.0
-2.57,1625449482.0,64.0
-4.2,1625449482.0,64.0
-5.8,1625449482.0,64.0
-7.29,1625449482.0,64.0
-8.65,1625449482.0,64.0
-9.88,1625449482.0,64.0
-11.02,1625449482.0,64.0
-12.11,1625449482.0,64.0
-13.17,1625449482.0,64.0
-14.11,1625449482.0,64.0
-14.81,1625449482.0,64.0
-15.11,1625449482.0,64.0
-14.86,1625449482.0,64.0
-14.02,1625449482.0,64.0
-12.6,1625449482.0,64.0
-10.69,1625449482.0,64.0
-8.39,1625449482.0,64.0
-5.83,1625449482.0,64.0
-3.14,1625449482.0,64.0
-0.48,1625449482.0,64.0
1.96,1625449482.0,64.0
4.07,1625449482.0,64.0
5.75,1625449482.0,64.0
6.99,1625449482.0,64.0
7.86,1625449482.0,64.0
8.46,1625449482.0,64.0
8.84,1625449482.0,64.0
9.04,1625449482.0,64.0
9.04,1625449482.0,64.0
8.81,1625449482.0,64.0
8.4,1625449482.0,64.0
7.85,1625449482.0,64.0
7.28,1625449482.0,64.0
6.73,1625449482.0,64.0
6.19,1625449482.0,64.0
5.55,1625449482.0,64.0
4.73,1625449482.0,64.0
3.64,1625449482.0,64.0
2.34,1625449482.0,64.0
0.93,1625449482.0,64.0
-0.44,1625449482.0,64.0
-1.62,1625449482.0,64.0
-2.55,1625449482.0,64.0
-3.25,1625449482.0,64.0
-3.76,1625449482.0,64.0
-4.11,1625449482.0,64.0
-4.33,1625449482.0,64.0
-4.42,1625449482.0,64.0
-4.41,1625449482.0,64.0
-4.41,1625449482.0,64.0
-4.56,1625449482.0,64.0
-5.01,1625449482.0,64.0
-5.89,1625449482.0,64.0
-7.24,1625449482.0,64.0
-8.96,1625449482.0,64.0
-10.91,1625449482.0,64.0
-12.87,1625449482.0,64.0
-14.61,1625449482.0,64.0
-15.95,1625449482.0,64.0
-16.76,1625449482.0,64.0
-16.94,1625449482.0,64.0
-16.48,1625449482.0,64.0
-15.42,1625449482.0,64.0
-13.83,1625449482.0,64.0
-11.84,1625449482.0,64.0
-9.56,1625449482.0,64.0
-7.03,1625449482.0,64.0
-4.3,1625449482.0,64.0
-1.4,1625449482.0,64.0
1.57,1625449482.0,64.0
4.5,1625449482.0,64.0
7.22,1625449482.0,64.0
9.59,1625449482.0,64.0
11.51,1625449482.0,64.0
12.95,1625449482.0,64.0
13.94,1625449482.0,64.0
14.5,1625449482.0,64.0
14.69,1625449482.0,64.0
14.57,1625449482.0,64.0
14.22,1625449482.0,64.0
13.74,1625449482.0,64.0
13.19,1625449482.0,64.0
12.58,1625449482.0,64.0
11.87,1625449482.0,64.0
10.98,1625449482.0,64.0
9.89,1625449482.0,64.0
8.61,1625449482.0,64.0
7.23,1625449482.0,64.0
5.91,1625449482.0,64.0
4.75,1625449482.0,64.0
3.78,1625449482.0,64.0
2.97,1625449482.0,64.0
2.27,1625449482.0,64.0
1.59,1625449482.0,64.0
0.84,1625449482.0,64.0
-0.03,1625449482.0,64.0
-1.11,1625449482.0,64.0
-2.43,1625449482.0,64.0
-4.0,1625449482.0,64.0
-5.73,1625449482.0,64.0
-7.5,1625449482.0,64.0
-9.09,1625449482.0,64.0
-10.37,1625449482.0,64.0
-11.26,1625449482.0,64.0
-11.82,1625449482.0,64.0
-12.2,1625449482.0,64.0
-12.57,1625449482.0,64.0
-13.03,1625449482.0,64.0
-13.59,1625449482.0,64.0
-14.07,1625449482.0,64.0
-14.23,1625449482.0,64.0
-13.8,1625449482.0,64.0
-12.59,1625449482.0,64.0
-10.55,1625449482.0,64.0
-7.83,1625449482.0,64.0
-4.66,1625449482.0,64.0
-1.35,1625449482.0,64.0
1.81,1625449482.0,64.0
4.58,1625449482.0,64.0
6.79,1625449482.0,64.0
8.33,1625449482.0,64.0
9.2,1625449482.0,64.0
9.52,1625449482.0,64.0
9.55,1625449482.0,64.0
9.57,1625449482.0,64.0
9.84,1625449482.0,64.0
10.48,1625449482.0,64.0
11.37,1625449482.0,64.0
12.24,1625449482.0,64.0
12.78,1625449482.0,64.0
12.79,1625449482.0,64.0
12.27,1625449482.0,64.0
11.41,1625449482.0,64.0
10.47,1625449482.0,64.0
9.63,1625449482.0,64.0
8.95,1625449482.0,64.0
8.33,1625449482.0,64.0
7.69,1625449482.0,64.0
6.93,1625449482.0,64.0
6.08,1625449482.0,64.0
5.2,1625449482.0,64.0
4.33,1625449482.0,64.0
3.5,1625449482.0,64.0
2.65,1625449482.0,64.0
1.69,1625449482.0,64.0
0.54,1625449482.0,64.0
-0.85,1625449482.0,64.0
-2.47,1625449482.0,64.0
-4.29,1625449482.0,64.0
-6.21,1625449482.0,64.0
-8.15,1625449482.0,64.0
-10.07,1625449482.0,64.0
-11.96,1625449482.0,64.0
-13.8,1625449482.0,64.0
-15.57,1625449482.0,64.0
-17.15,1625449482.0,64.0
-18.39,1625449482.0,64.0
-19.11,1625449482.0,64.0
-19.21,1625449482.0,64.0
-18.7,1625449482.0,64.0
-17.68,1625449482.0,64.0
-16.31,1625449482.0,64.0
-14.74,1625449482.0,64.0
-13.02,1625449482.0,64.0
-11.13,1625449482.0,64.0
-9.01,1625449482.0,64.0
-6.58,1625449482.0,64.0
-3.85,1625449482.0,64.0
-0.89,1625449482.0,64.0
2.13,1625449482.0,64.0
5.03,1625449482.0,64.0
7.61,1625449482.0,64.0
9.72,1625449482.0,64.0
11.29,1625449482.0,64.0
12.34,1625449482.0,64.0
12.95,1625449482.0,64.0
13.23,1625449482.0,64.0
13.31,1625449482.0,64.0
13.29,1625449482.0,64.0
13.3,1625449482.0,64.0
13.33,1625449482.0,64.0
13.36,1625449482.0,64.0
13.29,1625449482.0,64.0
13.01,1625449482.0,64.0
12.42,1625449482.0,64.0
11.46,1625449482.0,64.0
10.09,1625449482.0,64.0
8.34,1625449482.0,64.0
6.24,1625449482.0,64.0
3.92,1625449482.0,64.0
1.56,1625449482.0,64.0
-0.62,1625449482.0,64.0
-2.42,1625449482.0,64.0
-3.71,1625449482.0,64.0
-4.54,1625449482.0,64.0
-5.02,1625449482.0,64.0
-5.34,1625449482.0,64.0
-5.63,1625449482.0,64.0
-5.96,1625449482.0,64.0
-6.36,1625449482.0,64.0
-6.81,1625449482.0,64.0
-7.42,1625449482.0,64.0
-8.29,1625449482.0,64.0
-9.52,1625449482.0,64.0
-11.08,1625449482.0,64.0
-12.78,1625449482.0,64.0
-14.27,1625449482.0,64.0
-15.2,1625449482.0,64.0
-15.3,1625449482.0,64.0
-14.48,1625449482.0,64.0
-12.88,1625449482.0,64.0
-10.76,1625449482.0,64.0
-8.35,1625449482.0,64.0
-5.8,1625449482.0,64.0
-3.19,1625449482.0,64.0
-0.53,1625449482.0,64.0
2.13,1625449482.0,64.0
4.63,1625449482.0,64.0
6.78,1625449482.0,64.0
8.4,1625449482.0,64.0
9.48,1625449482.0,64.0
10.11,1625449482.0,64.0
10.48,1625449482.0,64.0
10.77,1625449482.0,64.0
11.08,1625449482.0,64.0
11.37,1625449482.0,64.0
11.57,1625449482.0,64.0
11.61,1625449482.0,64.0
11.45,1625449482.0,64.0
11.15,1625449482.0,64.0
10.8,1625449482.0,64.0
10.42,1625449482.0,64.0
10.04,1625449482.0,64.0
9.6,1625449482.0,64.0
9.02,1625449482.0,64.0
8.27,1625449482.0,64.0
7.34,1625449482.0,64.0
6.31,1625449482.0,64.0
5.27,1625449482.0,64.0
4.32,1625449482.0,64.0
3.47,1625449482.0,64.0
2.7,1625449482.0,64.0
1.93,1625449482.0,64.0
1.06,1625449482.0,64.0
0.07,1625449482.0,64.0
-1.04,1625449482.0,64.0
-2.24,1625449482.0,64.0
-3.47,1625449482.0,64.0
-4.74,1625449482.0,64.0
-6.06,1625449482.0,64.0
-7.45,1625449482.0,64.0
-8.91,1625449482.0,64.0
-10.37,1625449482.0,64.0
-11.69,1625449482.0,64.0
-12.68,1625449482.0,64.0
-13.14,1625449482.0,64.0
-12.93,1625449482.0,64.0
-11.96,1625449482.0,64.0
-10.31,1625449482.0,64.0
-8.09,1625449482.0,64.0
-5.55,1625449482.0,64.0
-2.98,1625449482.0,64.0
-0.58,1625449482.0,64.0
1.49,1625449482.0,64.0
3.26,1625449482.0,64.0
4.81,1625449482.0,64.0
6.25,1625449482.0,64.0
7.59,1625449482.0,64.0
8.73,1625449482.0,64.0
9.56,1625449482.0,64.0
10.02,1625449482.0,64.0
10.16,1625449482.0,64.0
10.14,1625449482.0,64.0
10.12,1625449482.0,64.0
10.15,1625449482.0,64.0
10.11,1625449482.0,64.0
9.88,1625449482.0,64.0
9.36,1625449482.0,64.0
8.6,1625449482.0,64.0
7.7,1625449482.0,64.0
6.8,1625449482.0,64.0
5.94,1625449482.0,64.0
5.07,1625449482.0,64.0
4.1,1625449482.0,64.0
3.0,1625449482.0,64.0
1.82,1625449482.0,64.0
0.67,1625449482.0,64.0
-0.41,1625449482.0,64.0
-1.45,1625449482.0,64.0
-2.55,1625449482.0,64.0
-3.87,1625449482.0,64.0
-5.46,1625449482.0,64.0
-7.34,1625449482.0,64.0
-9.47,1625449482.0,64.0
-11.76,1625449482.0,64.0
-14.15,1625449482.0,64.0
-16.54,1625449482.0,64.0
-18.81,1625449482.0,64.0
-20.71,1625449482.0,64.0
-22.01,1625449482.0,64.0
-22.44,1625449482.0,64.0
-21.85,1625449482.0,64.0
-20.2,1625449482.0,64.0
-17.62,1625449482.0,64.0
-14.3,1625449482.0,64.0
-10.5,1625449482.0,64.0
-6.45,1625449482.0,64.0
-2.42,1625449482.0,64.0
1.33,1625449482.0,64.0
4.56,1625449482.0,64.0
7.14,1625449482.0,64.0
9.04,1625449482.0,64.0
10.42,1625449482.0,64.0
11.43,1625449482.0,64.0
12.18,1625449482.0,64.0
12.69,1625449482.0,64.0
12.85,1625449482.0,64.0
12.63,1625449482.0,64.0
12.1,1625449482.0,64.0
11.47,1625449482.0,64.0
10.98,1625449482.0,64.0
10.75,1625449482.0,64.0
10.69,1625449482.0,64.0
10.6,1625449482.0,64.0
10.28,1625449482.0,64.0
9.68,1625449482.0,64.0
8.97,1625449482.0,64.0
8.4,1625449482.0,64.0
8.14,1625449482.0,64.0
8.14,1625449482.0,64.0
8.21,1625449482.0,64.0
8.06,1625449482.0,64.0
7.51,1625449482.0,64.0
6.57,1625449482.0,64.0
5.36,1625449482.0,64.0
4.07,1625449482.0,64.0
2.81,1625449482.0,64.0
1.55,1625449482.0,64.0
0.2,1625449482.0,64.0
-1.37,1625449482.0,64.0
-3.19,1625449482.0,64.0
-5.18,1625449482.0,64.0
-7.19,1625449482.0,64.0
-9.08,1625449482.0,64.0
-10.77,1625449482.0,64.0
-12.27,1625449482.0,64.0
-13.65,1625449482.0,64.0
-14.93,1625449482.0,64.0
-16.08,1625449482.0,64.0
-16.95,1625449482.0,64.0
-17.36,1625449482.0,64.0
-17.19,1625449482.0,64.0
-16.4,1625449482.0,64.0
-15.06,1625449482.0,64.0
-13.3,1625449482.0,64.0
-11.21,1625449482.0,64.0
-8.86,1625449482.0,64.0
-6.25,1625449482.0,64.0
-3.47,1625449482.0,64.0
-0.64,1625449482.0,64.0
2.05,1625449482.0,64.0
4.42,1625449482.0,64.0
6.38,1625449482.0,64.0
7.98,1625449482.0,64.0
9.38,1625449482.0,64.0
10.78,1625449482.0,64.0
12.3,1625449482.0,64.0
13.92,1625449482.0,64.0
15.47,1625449482.0,64.0
16.72,1625449482.0,64.0
17.43,1625449482.0,64.0
17.48,1625449482.0,64.0
16.93,1625449482.0,64.0
15.98,1625449482.0,64.0
14.88,1625449482.0,64.0
13.79,1625449482.0,64.0
12.76,1625449482.0,64.0
11.71,1625449482.0,64.0
10.51,1625449482.0,64.0
9.12,1625449482.0,64.0
7.56,1625449482.0,64.0
6.0,1625449482.0,64.0
4.6,1625449482.0,64.0
3.47,1625449482.0,64.0
2.61,1625449482.0,64.0
1.9,1625449482.0,64.0
1.15,1625449482.0,64.0
0.15,1625449482.0,64.0
-1.19,1625449482.0,64.0
-2.88,1625449482.0,64.0
-4.81,1625449482.0,64.0
-6.81,1625449482.0,64.0
-8.7,1625449482.0,64.0
-10.37,1625449482.0,64.0
-11.79,1625449482.0,64.0
-13.03,1625449482.0,64.0
-14.2,1625449482.0,64.0
-15.32,1625449482.0,64.0
-16.36,1625449482.0,64.0
-17.18,1625449482.0,64.0
-17.65,1625449482.0,64.0
-17.61,1625449482.0,64.0
-16.96,1625449482.0,64.0
-15.64,1625449482.0,64.0
-13.62,1625449482.0,64.0
-10.98,1625449482.0,64.0
-7.82,1625449482.0,64.0
-4.35,1625449482.0,64.0
-0.87,1625449482.0,64.0
2.3,1625449482.0,64.0
4.89,1625449482.0,64.0
6.72,1625449482.0,64.0
7.75,1625449482.0,64.0
8.1,1625449482.0,64.0
7.98,1625449482.0,64.0
7.6,1625449482.0,64.0
7.16,1625449482.0,64.0
6.76,1625449482.0,64.0
6.48,1625449482.0,64.0
6.36,1625449482.0,64.0
6.47,1625449482.0,64.0
6.86,1625449482.0,64.0
7.5,1625449482.0,64.0
8.21,1625449482.0,64.0
8.75,1625449482.0,64.0
8.88,1625449482.0,64.0
8.49,1625449482.0,64.0
7.69,1625449482.0,64.0
6.71,1625449482.0,64.0
5.78,1625449482.0,64.0
4.96,1625449482.0,64.0
4.2,1625449482.0,64.0
3.33,1625449482.0,64.0
2.28,1625449482.0,64.0
1.08,1625449482.0,64.0
-0.12,1625449482.0,64.0
-1.23,1625449482.0,64.0
-2.27,1625449482.0,64.0
-3.36,1625449482.0,64.0
-4.6,1625449482.0,64.0
-6.02,1625449482.0,64.0
-7.54,1625449482.0,64.0
-9.06,1625449482.0,64.0
-10.58,1625449482.0,64.0
-12.21,1625449482.0,64.0
-14.07,1625449482.0,64.0
-16.13,1625449482.0,64.0
-18.16,1625449482.0,64.0
-19.77,1625449482.0,64.0
-20.54,1625449482.0,64.0
-20.23,1625449482.0,64.0
-18.81,1625449482.0,64.0
-16.49,1625449482.0,64.0
-13.52,1625449482.0,64.0
-10.16,1625449482.0,64.0
-6.58,1625449482.0,64.0
-2.93,1625449482.0,64.0
0.64,1625449482.0,64.0
3.87,1625449482.0,64.0
6.58,1625449482.0,64.0
8.63,1625449482.0,64.0
10.02,1625449482.0,64.0
10.9,1625449482.0,64.0
11.44,1625449482.0,64.0
11.78,1625449482.0,64.0
11.96,1625449482.0,64.0
12.04,1625449482.0,64.0
12.02,1625449482.0,64.0
11.97,1625449482.0,64.0
11.93,1625449482.0,64.0
11.93,1625449482.0,64.0
11.93,1625449482.0,64.0
11.83,1625449482.0,64.0
11.52,1625449482.0,64.0
10.96,1625449482.0,64.0
10.16,1625449482.0,64.0
9.21,1625449482.0,64.0
8.19,1625449482.0,64.0
7.1,1625449482.0,64.0
5.97,1625449482.0,64.0
4.79,1625449482.0,64.0
3.6,1625449482.0,64.0
2.44,1625449482.0,64.0
1.34,1625449482.0,64.0
0.31,1625449482.0,64.0
-0.7,1625449482.0,64.0
-1.72,1625449482.0,64.0
-2.77,1625449482.0,64.0
-3.81,1625449482.0,64.0
-4.77,1625449482.0,64.0
-5.59,1625449482.0,64.0
-6.3,1625449482.0,64.0
-7.0,1625449482.0,64.0
-7.81,1625449482.0,64.0
-8.77,1625449482.0,64.0
-9.83,1625449482.0,64.0
-10.79,1625449482.0,64.0
-11.38,1625449482.0,64.0
-11.38,1625449482.0,64.0
-10.65,1625449482.0,64.0
-9.16,1625449482.0,64.0
-7.01,1625449482.0,64.0
-4.35,1625449482.0,64.0
-1.37,1625449482.0,64.0
1.69,1625449482.0,64.0
4.58,1625449482.0,64.0
7.08,1625449482.0,64.0
9.03,1625449482.0,64.0
10.4,1625449482.0,64.0
11.27,1625449482.0,64.0
11.77,1625449482.0,64.0
11.98,1625449482.0,64.0
11.97,1625449482.0,64.0
11.78,1625449482.0,64.0
11.44,1625449482.0,64.0
11.02,1625449482.0,64.0
10.52,1625449482.0,64.0
9.93,1625449482.0,64.0
9.14,1625449482.0,64.0
8.1,1625449482.0,64.0
6.83,1625449482.0,64.0
5.46,1625449482.0,64.0
4.2,1625449482.0,64.0
3.15,1625449482.0,64.0
2.3,1625449482.0,64.0
1.5,1625449482.0,64.0
0.62,1625449482.0,64.0
-0.39,1625449482.0,64.0
-1.41,1625449482.0,64.0
-2.27,1625449482.0,64.0
-2.88,1625449482.0,64.0
-3.34,1625449482.0,64.0
-3.86,1625449482.0,64.0
-4.68,1625449482.0,64.0
-5.94,1625449482.0,64.0
-7.52,1625449482.0,64.0
-9.28,1625449482.0,64.0
-11.04,1625449482.0,64.0
-12.75,1625449482.0,64.0
-14.45,1625449482.0,64.0
-16.14,1625449482.0,64.0
-17.71,1625449482.0,64.0
-18.87,1625449482.0,64.0
-19.31,1625449482.0,64.0
-18.76,1625449482.0,64.0
-17.18,1625449482.0,64.0
-14.69,1625449482.0,64.0
-11.58,1625449482.0,64.0
-8.13,1625449482.0,64.0
-4.54,1625449482.0,64.0
-0.88,1625449482.0,64.0
2.84,1625449482.0,64.0
6.59,1625449482.0,64.0
10.25,1625449482.0,64.0
13.56,1625449482.0,64.0
16.21,1625449482.0,64.0
17.94,1625449482.0,64.0
18.64,1625449482.0,64.0
18.43,1625449482.0,64.0
17.62,1625449482.0,64.0
16.56,1625449482.0,64.0
15.48,1625449482.0,64.0
14.42,1625449482.0,64.0
13.22,1625449482.0,64.0
11.7,1625449482.0,64.0
9.84,1625449482.0,64.0
7.79,1625449482.0,64.0
5.89,1625449482.0,64.0
4.49,1625449482.0,64.0
3.76,1625449482.0,64.0
3.59,1625449482.0,64.0
3.72,1625449482.0,64.0
3.81,1625449482.0,64.0
3.62,1625449482.0,64.0
3.12,1625449482.0,64.0
2.4,1625449482.0,64.0
1.6,1625449482.0,64.0
0.77,1625449482.0,64.0
-0.1,1625449482.0,64.0
-1.09,1625449482.0,64.0
-2.25,1625449482.0,64.0
-3.57,1625449482.0,64.0
-5.02,1625449482.0,64.0
-6.56,1625449482.0,64.0
-8.22,1625449482.0,64.0
-10.03,1625449482.0,64.0
-11.98,1625449482.0,64.0
-13.98,1625449482.0,64.0
-15.79,1625449482.0,64.0
-17.15,1625449482.0,64.0
-17.81,1625449482.0,64.0
-17.62,1625449482.0,64.0
-16.61,1625449482.0,64.0
-14.95,1625449482.0,64.0
-12.86,1625449482.0,64.0
-10.58,1625449482.0,64.0
-8.26,1625449482.0,64.0
-5.97,1625449482.0,64.0
-3.65,1625449482.0,64.0
-1.21,1625449482.0,64.0
1.38,1625449482.0,64.0
4.1,1625449482.0,64.0
6.81,1625449482.0,64.0
9.32,1625449482.0,64.0
11.44,1625449482.0,64.0
13.03,1625449482.0,64.0
14.08,1625449482.0,64.0
14.64,1625449482.0,64.0
14.84,1625449482.0,64.0
14.81,1625449482.0,64.0
14.62,1625449482.0,64.0
14.3,1625449482.0,64.0
13.86,1625449482.0,64.0
13.32,1625449482.0,64.0
12.71,1625449482.0,64.0
12.08,1625449482.0,64.0
11.42,1625449482.0,64.0
10.69,1625449482.0,64.0
9.77,1625449482.0,64.0
8.58,1625449482.0,64.0
7.12,1625449482.0,64.0
5.52,1625449482.0,64.0
3.95,1625449482.0,64.0
2.61,1625449482.0,64.0
1.53,1625449482.0,64.0
0.62,1625449482.0,64.0
-0.3,1625449482.0,64.0
-1.42,1625449482.0,64.0
-2.78,1625449482.0,64.0
-4.26,1625449482.0,64.0
-5.69,1625449482.0,64.0
-6.89,1625449482.0,64.0
-7.88,1625449482.0,64.0
-8.81,1625449482.0,64.0
-9.91,1625449482.0,64.0
-11.38,1625449482.0,64.0
-13.2,1625449482.0,64.0
-15.17,1625449482.0,64.0
-16.97,1625449482.0,64.0
-18.26,1625449482.0,64.0
-18.83,1625449482.0,64.0
-18.62,1625449482.0,64.0
-17.71,1625449482.0,64.0
-16.21,1625449482.0,64.0
-14.21,1625449482.0,64.0
-11.76,1625449482.0,64.0
-8.86,1625449482.0,64.0
-5.54,1625449482.0,64.0
-1.93,1625449482.0,64.0
1.75,1625449482.0,64.0
5.18,1625449482.0,64.0
8.04,1625449482.0,64.0
10.1,1625449482.0,64.0
11.24,1625449482.0,64.0
11.56,1625449482.0,64.0
11.31,1625449482.0,64.0
10.77,1625449482.0,64.0
10.19,1625449482.0,64.0
9.68,1625449482.0,64.0
9.2,1625449482.0,64.0
8.61,1625449482.0,64.0
7.8,1625449482.0,64.0
6.72,1625449482.0,64.0
5.48,1625449482.0,64.0
4.24,1625449482.0,64.0
3.18,1625449482.0,64.0
2.4,1625449482.0,64.0
1.92,1625449482.0,64.0
1.72,1625449482.0,64.0
1.76,1625449482.0,64.0
2.05,1625449482.0,64.0
2.58,1625449482.0,64.0
3.29,1625449482.0,64.0
4.02,1625449482.0,64.0
4.55,1625449482.0,64.0
4.69,1625449482.0,64.0
4.35,1625449482.0,64.0
3.54,1625449482.0,64.0
2.38,1625449482.0,64.0
1.02,1625449482.0,64.0
-0.44,1625449482.0,64.0
-1.97,1625449482.0,64.0
-3.57,1625449482.0,64.0
-5.25,1625449482.0,64.0
-7.01,1625449482.0,64.0
-8.87,1625449482.0,64.0
-10.89,1625449482.0,64.0
-13.07,1625449482.0,64.0
-15.39,1625449482.0,64.0
-17.65,1625449482.0,64.0
-19.54,1625449482.0,64.0
-20.7,1625449482.0,64.0
-20.86,1625449482.0,64.0
-19.88,1625449482.0,64.0
-17.89,1625449482.0,64.0
-15.14,1625449482.0,64.0
-11.9,1625449482.0,64.0
-8.44,1625449482.0,64.0
-4.9,1625449482.0,64.0
-1.43,1625449482.0,64.0
1.9,1625449482.0,64.0
4.97,1625449482.0,64.0
7.68,1625449482.0,64.0
9.94,1625449482.0,64.0
11.71,1625449482.0,64.0
12.95,1625449482.0,64.0
13.63,1625449482.0,64.0
13.79,1625449482.0,64.0
13.51,1625449482.0,64.0
12.96,1625449482.0,64.0
12.33,1625449482.0,64.0
11.77,1625449482.0,64.0
11.32,1625449482.0,64.0
10.96,1625449482.0,64.0
10.59,1625449482.0,64.0
10.11,1625449482.0,64.0
9.51,1625449482.0,64.0
8.82,1625449482.0,64.0
8.07,1625449482.0,64.0
7.33,1625449482.0,64.0
6.57,1625449482.0,64.0
5.8,1625449482.0,64.0
4.99,1625449482.0,64.0
4.15,1625449482.0,64.0
3.25,1625449482.0,64.0
2.26,1625449482.0,64.0
1.13,1625449482.0,64.0
-0.19,1625449482.0,64.0
-1.74,1625449482.0,64.0
-3.46,1625449482.0,64.0
-5.27,1625449482.0,64.0
-7.05,1625449482.0,64.0
-8.71,1625449482.0,64.0
-10.22,1625449482.0,64.0
-11.6,1625449482.0,64.0
-12.85,1625449482.0,64.0
-13.88,1625449482.0,64.0
-14.55,1625449482.0,64.0
-14.74,1625449482.0,64.0
-14.37,1625449482.0,64.0
-13.49,1625449482.0,64.0
-12.24,1625449482.0,64.0
-10.71,1625449482.0,64.0
-8.92,1625449482.0,64.0
-6.79,1625449482.0,64.0
-4.26,1625449482.0,64.0
-1.38,1625449482.0,64.0
1.68,1625449482.0,64.0
4.64,1625449482.0,64.0
7.25,1625449482.0,64.0
9.39,1625449482.0,64.0
11.05,1625449482.0,64.0
12.26,1625449482.0,64.0
13.04,1625449482.0,64.0
13.37,1625449482.0,64.0
13.29,1625449482.0,64.0
12.88,1625449482.0,64.0
12.35,1625449482.0,64.0
11.86,1625449482.0,64.0
11.48,1625449482.0,64.0
11.12,1625449482.0,64.0
10.55,1625449482.0,64.0
9.57,1625449482.0,64.0
8.05,1625449482.0,64.0
6.08,1625449482.0,64.0
3.92,1625449482.0,64.0
1.86,1625449482.0,64.0
0.18,1625449482.0,64.0
-1.02,1625449482.0,64.0
-1.75,1625449482.0,64.0
-2.2,1625449482.0,64.0
-2.59,1625449482.0,64.0
-3.15,1625449482.0,64.0
-3.98,1625449482.0,64.0
-5.07,1625449482.0,64.0
-6.34,1625449482.0,64.0
-7.66,1625449482.0,64.0
-8.95,1625449482.0,64.0
-10.14,1625449482.0,64.0
-11.24,1625449482.0,64.0
-12.26,1625449482.0,64.0
-13.27,1625449482.0,64.0
-14.25,1625449482.0,64.0
-15.21,1625449482.0,64.0
-16.05,1625449482.0,64.0
-16.66,1625449482.0,64.0
-16.84,1625449482.0,64.0
-16.42,1625449482.0,64.0
-15.3,1625449482.0,64.0
-13.47,1625449482.0,64.0
-11.07,1625449482.0,64.0
-8.29,1625449482.0,64.0
-5.35,1625449482.0,64.0
-2.42,1625449482.0,64.0
0.37,1625449482.0,64.0
2.97,1625449482.0,64.0
5.32,1625449482.0,64.0
7.34,1625449482.0,64.0
8.98,1625449482.0,64.0
10.18,1625449482.0,64.0
10.93,1625449482.0,64.0
11.33,1625449482.0,64.0
11.51,1625449482.0,64.0
11.63,1625449482.0,64.0
11.8,1625449482.0,64.0
12.07,1625449482.0,64.0
12.39,1625449482.0,64.0
12.71,1625449482.0,64.0
12.94,1625449482.0,64.0
13.01,1625449482.0,64.0
12.87,1625449482.0,64.0
12.39,1625449482.0,64.0
11.5,1625449482.0,64.0
10.12,1625449482.0,64.0
8.3,1625449482.0,64.0
6.24,1625449482.0,64.0
4.18,1625449482.0,64.0
2.31,1625449482.0,64.0
0.68,1625449482.0,64.0
-0.83,1625449482.0,64.0
-2.47,1625449482.0,64.0
-4.42,1625449482.0,64.0
-6.72,1625449482.0,64.0
-9.23,1625449482.0,64.0
-11.7,1625449482.0,64.0
-13.9,1625449482.0,64.0
-15.7,1625449482.0,64.0
-17.13,1625449482.0,64.0
-18.3,1625449482.0,64.0
-19.3,1625449482.0,64.0
-20.12,1625449482.0,64.0
-20.6,1625449482.0,64.0
-20.52,1625449482.0,64.0
-19.69,1625449482.0,64.0
-18.01,1625449482.0,64.0
-15.59,1625449482.0,64.0
-12.62,1625449482.0,64.0
-9.3,1625449482.0,64.0
-5.78,1625449482.0,64.0
-2.11,1625449482.0,64.0
1.63,1625449482.0,64.0
5.34,1625449482.0,64.0
8.79,1625449482.0,64.0
11.73,1625449482.0,64.0
13.96,1625449482.0,64.0
15.41,1625449482.0,64.0
16.11,1625449482.0,64.0
16.16,1625449482.0,64.0
15.66,1625449482.0,64.0
14.68,1625449482.0,64.0
13.33,1625449482.0,64.0
11.81,1625449482.0,64.0
10.38,1625449482.0,64.0
9.29,1625449482.0,64.0
8.67,1625449482.0,64.0
8.49,1625449482.0,64.0
8.61,1625449482.0,64.0
8.81,1625449482.0,64.0
8.92,1625449482.0,64.0
8.84,1625449482.0,64.0
8.51,1625449482.0,64.0
7.87,1625449482.0,64.0
6.89,1625449482.0,64.0
5.6,1625449482.0,64.0
4.11,1625449482.0,64.0
2.59,1625449482.0,64.0
1.22,1625449482.0,64.0
0.08,1625449482.0,64.0
-0.82,1625449482.0,64.0
-1.63,1625449482.0,64.0
-2.45,1625449482.0,64.0
-3.38,1625449482.0,64.0
-4.46,1625449482.0,64.0
-5.65,1625449482.0,64.0
-6.91,1625449482.0,64.0
-8.15,1625449482.0,64.0
-9.3,1625449482.0,64.0
-10.26,1625449482.0,64.0
-11.01,1625449482.0,64.0
-11.59,1625449482.0,64.0
-12.09,1625449482.0,64.0
-12.59,1625449482.0,64.0
-13.09,1625449482.0,64.0
-13.46,1625449482.0,64.0
-13.52,1625449482.0,64.0
-13.11,1625449482.0,64.0
-12.12,1625449482.0,64.0
-10.61,1625449482.0,64.0
-8.65,1625449482.0,64.0
-6.32,1625449482.0,64.0
-3.72,1625449482.0,64.0
-0.92,1625449482.0,64.0
1.93,1625449482.0,64.0
4.63,1625449482.0,64.0
6.93,1625449482.0,64.0
8.67,1625449482.0,64.0
9.81,1625449482.0,64.0
10.42,1625449482.0,64.0
10.65,1625449482.0,64.0
10.66,1625449482.0,64.0
10.57,1625449482.0,64.0
10.46,1625449482.0,64.0
10.33,1625449482.0,64.0
10.15,1625449482.0,64.0
9.84,1625449482.0,64.0
9.33,1625449482.0,64.0
8.63,1625449482.0,64.0
7.77,1625449482.0,64.0
6.86,1625449482.0,64.0
6.03,1625449482.0,64.0
5.37,1625449482.0,64.0
4.87,1625449482.0,64.0
4.46,1625449482.0,64.0
4.0,1625449482.0,64.0
3.37,1625449482.0,64.0
2.49,1625449482.0,64.0
1.33,1625449482.0,64.0
-0.12,1625449482.0,64.0
-1.83,1625449482.0,64.0
-3.73,1625449482.0,64.0
-5.7,1625449482.0,64.0
-7.54,1625449482.0,64.0
-9.15,1625449482.0,64.0
-10.45,1625449482.0,64.0
-11.52,1625449482.0,64.0
-12.54,1625449482.0,64.0
-13.68,1625449482.0,64.0
-15.02,1625449482.0,64.0
-16.49,1625449482.0,64.0
-17.87,1625449482.0,64.0
-18.9,1625449482.0,64.0
-19.33,1625449482.0,64.0
-19.02,1625449482.0,64.0
-17.98,1625449482.0,64.0
-16.32,1625449482.0,64.0
-14.23,1625449482.0,64.0
-11.92,1625449482.0,64.0
-9.51,1625449482.0,64.0
-7.02,1625449482.0,64.0
-4.38,1625449482.0,64.0
-1.48,1625449482.0,64.0
1.7,1625449482.0,64.0
5.01,1625449482.0,64.0
8.15,1625449482.0,64.0
10.78,1625449482.0,64.0
12.69,1625449482.0,64.0
13.86,1625449482.0,64.0
14.5,1625449482.0,64.0
14.91,1625449482.0,64.0
15.43,1625449482.0,64.0
16.29,1625449482.0,64.0
17.57,1625449482.0,64.0
19.19,1625449482.0,64.0
20.9,1625449482.0,64.0
22.27,1625449482.0,64.0
22.83,1625449482.0,64.0
22.21,1625449482.0,64.0
20.32,1625449482.0,64.0
17.48,1625449482.0,64.0
14.31,1625449482.0,64.0
11.49,1625449482.0,64.0
9.44,1625449482.0,64.0
8.19,1625449482.0,64.0
7.38,1625449482.0,64.0
6.5,1625449482.0,64.0
5.15,1625449482.0,64.0
3.16,1625449482.0,64.0
0.59,1625449482.0,64.0
-2.4,1625449482.0,64.0
-5.61,1625449482.0,64.0
-8.89,1625449482.0,64.0
-12.07,1625449482.0,64.0
-14.89,1625449482.0,64.0
-17.12,1625449482.0,64.0
-18.56,1625449482.0,64.0
-19.22,1625449482.0,64.0
-19.3,1625449482.0,64.0
-19.12,1625449482.0,64.0
-18.93,1625449482.0,64.0
-18.8,1625449482.0,64.0
-18.56,1625449482.0,64.0
-17.91,1625449482.0,64.0
-16.56,1625449482.0,64.0
-14.41,1625449482.0,64.0
-11.52,1625449482.0,64.0
-8.18,1625449482.0,64.0
-4.73,1625449482.0,64.0
-1.53,1625449482.0,64.0
1.13,1625449482.0,64.0
3.08,1625449482.0,64.0
4.33,1625449482.0,64.0
5.03,1625449482.0,64.0
5.46,1625449482.0,64.0
5.97,1625449482.0,64.0
6.82,1625449482.0,64.0
8.1,1625449482.0,64.0
9.7,1625449482.0,64.0
11.33,1625449482.0,64.0
12.63,1625449482.0,64.0
13.32,1625449482.0,64.0
13.29,1625449482.0,64.0
12.67,1625449482.0,64.0
11.69,1625449482.0,64.0
10.57,1625449482.0,64.0
9.46,1625449482.0,64.0
8.33,1625449482.0,64.0
7.09,1625449482.0,64.0
5.68,1625449482.0,64.0
4.12,1625449482.0,64.0
2.54,1625449482.0,64.0
1.08,1625449482.0,64.0
-0.17,1625449482.0,64.0
-1.26,1625449482.0,64.0
-2.31,1625449482.0,64.0
-3.39,1625449482.0,64.0
-4.51,1625449482.0,64.0
-5.57,1625449482.0,64.0
-6.44,1625449482.0,64.0
-7.12,1625449482.0,64.0
-7.78,1625449482.0,64.0
-8.66,1625449482.0,64.0
-9.99,1625449482.0,64.0
-11.81,1625449482.0,64.0
-13.89,1625449482.0,64.0
-15.87,1625449482.0,64.0
-17.29,1625449482.0,64.0
-17.86,1625449482.0,64.0
-17.49,1625449482.0,64.0
-16.29,1625449482.0,64.0
-14.43,1625449482.0,64.0
-12.08,1625449482.0,64.0
-9.33,1625449482.0,64.0
-6.19,1625449482.0,64.0
-2.73,1625449482.0,64.0
0.89,1625449482.0,64.0
4.42,1625449482.0,64.0
7.56,1625449482.0,64.0
10.08,1625449482.0,64.0
11.91,1625449482.0,64.0
13.16,1625449482.0,64.0
14.0,1625449482.0,64.0
14.59,1625449482.0,64.0
14.99,1625449482.0,64.0
15.16,1625449482.0,64.0
15.03,1625449482.0,64.0
14.52,1625449482.0,64.0
13.63,1625449482.0,64.0
12.45,1625449482.0,64.0
11.1,1625449482.0,64.0
9.71,1625449482.0,64.0
8.36,1625449482.0,64.0
7.08,1625449482.0,64.0
5.89,1625449482.0,64.0
4.8,1625449482.0,64.0
3.81,1625449482.0,64.0
2.88,1625449482.0,64.0
1.98,1625449482.0,64.0
1.06,1625449482.0,64.0
0.01,1625449482.0,64.0
-1.28,1625449482.0,64.0
-2.91,1625449482.0,64.0
-4.91,1625449482.0,64.0
-7.23,1625449482.0,64.0
-9.69,1625449482.0,64.0
-12.02,1625449482.0,64.0
-13.93,1625449482.0,64.0
-15.2,1625449482.0,64.0
-15.78,1625449482.0,64.0
-15.75,1625449482.0,64.0
-15.3,1625449482.0,64.0
-14.64,1625449482.0,64.0
-13.85,1625449482.0,64.0
-12.89,1625449482.0,64.0
-11.66,1625449482.0,64.0
-10.0,1625449482.0,64.0
-7.89,1625449482.0,64.0
-5.39,1625449482.0,64.0
-2.67,1625449482.0,64.0
0.1,1625449482.0,64.0
2.82,1625449482.0,64.0
5.38,1625449482.0,64.0
7.7,1625449482.0,64.0
9.65,1625449482.0,64.0
11.04,1625449482.0,64.0
11.74,1625449482.0,64.0
11.7,1625449482.0,64.0
11.03,1625449482.0,64.0
9.96,1625449482.0,64.0
8.86,1625449482.0,64.0
8.02,1625449482.0,64.0
7.67,1625449482.0,64.0
7.85,1625449482.0,64.0
8.44,1625449482.0,64.0
9.18,1625449482.0,64.0
9.79,1625449482.0,64.0
10.01,1625449482.0,64.0
9.69,1625449482.0,64.0
8.84,1625449482.0,64.0
7.58,1625449482.0,64.0
6.1,1625449482.0,64.0
4.61,1625449482.0,64.0
3.26,1625449482.0,64.0
2.09,1625449482.0,64.0
1.07,1625449482.0,64.0
0.15,1625449482.0,64.0
-0.78,1625449482.0,64.0
-1.76,1625449482.0,64.0
-2.86,1625449482.0,64.0
-4.11,1625449482.0,64.0
-5.52,1625449482.0,64.0
-7.07,1625449482.0,64.0
-8.68,1625449482.0,64.0
-10.26,1625449482.0,64.0
-11.69,1625449482.0,64.0
-12.95,1625449482.0,64.0
-14.07,1625449482.0,64.0
-15.08,1625449482.0,64.0
-16.02,1625449482.0,64.0
-16.85,1625449482.0,64.0
-17.45,1625449482.0,64.0
-17.66,1625449482.0,64.0
-17.34,1625449482.0,64.0
-16.43,1625449482.0,64.0
-14.87,1625449482.0,64.0
-12.72,1625449482.0,64.0
-10.04,1625449482.0,64.0
-7.0,1625449482.0,64.0
-3.78,1625449482.0,64.0
-0.58,1625449482.0,64.0
2.43,1625449482.0,64.0
5.12,1625449482.0,64.0
7.37,1625449482.0,64.0
9.13,1625449482.0,64.0
10.4,1625449482.0,64.0
11.23,1625449482.0,64.0
11.77,1625449482.0,64.0
12.16,1625449482.0,64.0
12.5,1625449482.0,64.0
12.76,1625449482.0,64.0
12.81,1625449482.0,64.0
12.55,1625449482.0,64.0
11.93,1625449482.0,64.0
11.05,1625449482.0,64.0
10.07,1625449482.0,64.0
9.14,1625449482.0,64.0
8.28,1625449482.0,64.0
7.43,1625449482.0,64.0
6.46,1625449482.0,64.0
5.32,1625449482.0,64.0
4.07,1625449482.0,64.0
2.87,1625449482.0,64.0
1.86,1625449482.0,64.0
1.07,1625449482.0,64.0
0.4,1625449482.0,64.0
-0.32,1625449482.0,64.0
-1.22,1625449482.0,64.0
-2.35,1625449482.0,64.0
-3.6,1625449482.0,64.0
-4.85,1625449482.0,64.0
-6.05,1625449482.0,64.0
-7.3,1625449482.0,64.0
-8.75,1625449482.0,64.0
-10.52,1625449482.0,64.0
-12.52,1625449482.0,64.0
-14.42,1625449482.0,64.0
-15.77,1625449482.0,64.0
-16.14,1625449482.0,64.0
-15.36,1625449482.0,64.0
-13.5,1625449482.0,64.0
-10.84,1625449482.0,64.0
-7.72,1625449482.0,64.0
-4.4,1625449482.0,64.0
-1.07,1625449482.0,64.0
2.15,1625449482.0,64.0
5.13,1625449482.0,64.0
7.75,1625449482.0,64.0
9.89,1625449482.0,64.0
11.53,1625449482.0,64.0
12.76,1625449482.0,64.0
13.71,1625449482.0,64.0
14.52,1625449482.0,64.0
15.24,1625449482.0,64.0
15.88,1625449482.0,64.0
16.33,1625449482.0,64.0
16.46,1625449482.0,64.0
16.16,1625449482.0,64.0
15.35,1625449482.0,64.0
14.08,1625449482.0,64.0
12.45,1625449482.0,64.0
10.63,1625449482.0,64.0
8.81,1625449482.0,64.0
7.11,1625449482.0,64.0
5.59,1625449482.0,64.0
4.24,1625449482.0,64.0
3.0,1625449482.0,64.0
1.83,1625449482.0,64.0
0.69,1625449482.0,64.0
-0.43,1625449482.0,64.0
-1.54,1625449482.0,64.0
-2.64,1625449482.0,64.0
-3.75,1625449482.0,64.0
-4.84,1625449482.0,64.0
-5.92,1625449482.0,64.0
-7.01,1625449482.0,64.0
-8.16,1625449482.0,64.0
-9.46,1625449482.0,64.0
-10.93,1625449482.0,64.0
-12.5,1625449482.0,64.0
-13.96,1625449482.0,64.0
-15.04,1625449482.0,64.0
-15.48,1625449482.0,64.0
-15.18,1625449482.0,64.0
-14.15,1625449482.0,64.0
-12.5,1625449482.0,64.0
-10.39,1625449482.0,64.0
-7.9,1625449482.0,64.0
-5.07,1625449482.0,64.0
-1.92,1625449482.0,64.0
1.43,1625449482.0,64.0
4.76,1625449482.0,64.0
7.74,1625449482.0,64.0
10.07,1625449482.0,64.0
11.59,1625449482.0,64.0
12.3,1625449482.0,64.0
12.42,1625449482.0,64.0
12.25,1625449482.0,64.0
12.07,1625449482.0,64.0
12.08,1625449482.0,64.0
12.33,1625449482.0,64.0
12.74,1625449482.0,64.0
13.07,1625449482.0,64.0
13.06,1625449482.0,64.0
12.48,1625449482.0,64.0
11.23,1625449482.0,64.0
9.36,1625449482.0,64.0
7.07,1625449482.0,64.0
4.59,1625449482.0,64.0
2.1,1625449482.0,64.0
-0.27,1625449482.0,64.0
-2.42,1625449482.0,64.0
-4.23,1625449482.0,64.0
-5.57,1625449482.0,64.0
-6.33,1625449482.0,64.0
-6.51,1625449482.0,64.0
-6.33,1625449482.0,64.0
-6.09,1625449482.0,64.0
-6.13,1625449482.0,64.0
-6.58,1625449482.0,64.0
-7.42,1625449482.0,64.0
-8.49,1625449482.0,64.0
-9.6,1625449482.0,64.0
-10.64,1625449482.0,64.0
-11.63,1625449482.0,64.0
-12.6,1625449482.0,64.0
-13.54,1625449482.0,64.0
-14.33,1625449482.0,64.0
-14.78,1625449482.0,64.0
-14.71,1625449482.0,64.0
-14.05,1625449482.0,64.0
-12.83,1625449482.0,64.0
-11.17,1625449482.0,64.0
-9.16,1625449482.0,64.0
-6.8,1625449482.0,64.0
-4.02,1625449482.0,64.0
-0.78,1625449482.0,64.0
2.84,1625449482.0,64.0
6.57,1625449482.0,64.0
10.04,1625449482.0,64.0
12.9,1625449482.0,64.0
14.94,1625449482.0,64.0
16.25,1625449482.0,64.0
17.03,1625449482.0,64.0
17.57,1625449482.0,64.0
18.02,1625449482.0,64.0
18.37,1625449482.0,64.0
18.47,1625449482.0,64.0
18.16,1625449482.0,64.0
17.37,1625449482.0,64.0
16.13,1625449482.0,64.0
14.6,1625449482.0,64.0
12.9,1625449482.0,64.0
11.13,1625449482.0,64.0
9.33,1625449482.0,64.0
7.51,1625449482.0,64.0
5.73,1625449482.0,64.0
4.06,1625449482.0,64.0
2.58,1625449482.0,64.0
1.33,1625449482.0,64.0
0.26,1625449482.0,64.0
-0.69,1625449482.0,64.0
-1.56,1625449482.0,64.0
-2.42,1625449482.0,64.0
-3.28,1625449482.0,64.0
-4.15,1625449482.0,64.0
-5.14,1625449482.0,64.0
-6.32,1625449482.0,64.0
-7.76,1625449482.0,64.0
-9.43,1625449482.0,64.0
-11.21,1625449482.0,64.0
-12.95,1625449482.0,64.0
-14.48,1625449482.0,64.0
-15.72,1625449482.0,64.0
-16.57,1625449482.0,64.0
-17.0,1625449482.0,64.0
-16.91,1625449482.0,64.0
-16.21,1625449482.0,64.0
-14.87,1625449482.0,64.0
-12.85,1625449482.0,64.0
-10.23,1625449482.0,64.0
-7.14,1625449482.0,64.0
-3.74,1625449482.0,64.0
-0.21,1625449482.0,64.0
3.25,1625449482.0,64.0
6.45,1625449482.0,64.0
9.16,1625449482.0,64.0
11.16,1625449482.0,64.0
12.31,1625449482.0,64.0
12.64,1625449482.0,64.0
12.38,1625449482.0,64.0
11.87,1625449482.0,64.0
11.46,1625449482.0,64.0
11.34,1625449482.0,64.0
11.49,1625449482.0,64.0
11.75,1625449482.0,64.0
11.88,1625449482.0,64.0
11.8,1625449482.0,64.0
11.61,1625449482.0,64.0
11.48,1625449482.0,64.0
11.56,1625449482.0,64.0
11.81,1625449482.0,64.0
12.03,1625449482.0,64.0
11.89,1625449482.0,64.0
11.12,1625449482.0,64.0
9.61,1625449482.0,64.0
7.48,1625449482.0,64.0
4.98,1625449482.0,64.0
2.42,1625449482.0,64.0
0.1,1625449482.0,64.0
-1.84,1625449482.0,64.0
-3.44,1625449482.0,64.0
-4.84,1625449482.0,64.0
-6.2,1625449482.0,64.0
-7.63,1625449482.0,64.0
-9.1,1625449482.0,64.0
-10.48,1625449482.0,64.0
-11.61,1625449482.0,64.0
-12.47,1625449482.0,64.0
-13.14,1625449482.0,64.0
-13.84,1625449482.0,64.0
-14.71,1625449482.0,64.0
-15.78,1625449482.0,64.0
-16.82,1625449482.0,64.0
-17.53,1625449482.0,64.0
-17.6,1625449482.0,64.0
-16.93,1625449482.0,64.0
-15.58,1625449482.0,64.0
-13.76,1625449482.0,64.0
-11.68,1625449482.0,64.0
-9.42,1625449482.0,64.0
-6.97,1625449482.0,64.0
-4.29,1625449482.0,64.0
-1.38,1625449482.0,64.0
1.65,1625449482.0,64.0
4.57,1625449482.0,64.0
7.16,1625449482.0,64.0
9.26,1625449482.0,64.0
10.83,1625449482.0,64.0
11.94,1625449482.0,64.0
12.68,1625449482.0,64.0
13.15,1625449482.0,64.0
13.35,1625449482.0,64.0
13.28,1625449482.0,64.0
12.88,1625449482.0,64.0
12.18,1625449482.0,64.0
11.22,1625449482.0,64.0
10.11,1625449482.0,64.0
8.95,1625449482.0,64.0
7.78,1625449482.0,64.0
6.62,1625449482.0,64.0
5.46,1625449482.0,64.0
4.28,1625449482.0,64.0
3.13,1625449482.0,64.0
2.03,1625449482.0,64.0
1.06,1625449482.0,64.0
0.28,1625449482.0,64.0
-0.29,1625449482.0,64.0
-0.68,1625449482.0,64.0
-0.97,1625449482.0,64.0
-1.28,1625449482.0,64.0
-1.77,1625449482.0,64.0
-2.55,1625449482.0,64.0
-3.66,1625449482.0,64.0
-5.03,1625449482.0,64.0
-6.53,1625449482.0,64.0
-8.02,1625449482.0,64.0
-9.41,1625449482.0,64.0
-10.71,1625449482.0,64.0
-12.0,1625449482.0,64.0
-13.37,1625449482.0,64.0
-14.88,1625449482.0,64.0
-16.47,1625449482.0,64.0
-17.99,1625449482.0,64.0
-19.21,1625449482.0,64.0
-19.87,1625449482.0,64.0
-19.77,1625449482.0,64.0
-18.82,1625449482.0,64.0
-17.05,1625449482.0,64.0
-14.62,1625449482.0,64.0
-11.7,1625449482.0,64.0
-8.48,1625449482.0,64.0
-5.09,1625449482.0,64.0
-1.64,1625449482.0,64.0
1.73,1625449482.0,64.0
4.87,1625449482.0,64.0
7.57,1625449482.0,64.0
9.67,1625449482.0,64.0
11.1,1625449482.0,64.0
11.91,1625449482.0,64.0
12.26,1625449482.0,64.0
12.35,1625449482.0,64.0
12.32,1625449482.0,64.0
12.25,1625449482.0,64.0
12.16,1625449482.0,64.0
12.0,1625449482.0,64.0
11.74,1625449482.0,64.0
11.36,1625449482.0,64.0
10.89,1625449482.0,64.0
10.32,1625449482.0,64.0
9.66,1625449482.0,64.0
8.89,1625449482.0,64.0
8.0,1625449482.0,64.0
7.01,1625449482.0,64.0
5.98,1625449482.0,64.0
4.99,1625449482.0,64.0
4.13,1625449482.0,64.0
3.43,1625449482.0,64.0
2.89,1625449482.0,64.0
2.43,1625449482.0,64.0
1.92,1625449482.0,64.0
1.17,1625449482.0,64.0
0.05,1625449482.0,64.0
-1.52,1625449482.0,64.0
-3.44,1625449482.0,64.0
-5.49,1625449482.0,64.0
-7.35,1625449482.0,64.0
-8.79,1625449482.0,64.0
-9.72,1625449482.0,64.0
-10.29,1625449482.0,64.0
-10.76,1625449482.0,64.0
-11.35,1625449482.0,64.0
-12.06,1625449482.0,64.0
-12.69,1625449482.0,64.0
-12.9,1625449482.0,64.0
-12.39,1625449482.0,64.0
-11.08,1625449482.0,64.0
-9.11,1625449482.0,64.0
-6.73,1625449482.0,64.0
-4.2,1625449482.0,64.0
-1.7,1625449482.0,64.0
0.68,1625449482.0,64.0
2.84,1625449482.0,64.0
4.66,1625449482.0,64.0
5.98,1625449482.0,64.0
6.68,1625449482.0,64.0
6.76,1625449482.0,64.0
6.4,1625449482.0,64.0
5.84,1625449482.0,64.0
5.35,1625449482.0,64.0
5.07,1625449482.0,64.0
5.08,1625449482.0,64.0
5.36,1625449482.0,64.0
5.9,1625449482.0,64.0
6.65,1625449482.0,64.0
7.49,1625449482.0,64.0
8.24,1625449482.0,64.0
8.68,1625449482.0,64.0
8.65,1625449482.0,64.0
8.09,1625449482.0,64.0
7.13,1625449482.0,64.0
5.97,1625449482.0,64.0
4.8,1625449482.0,64.0
3.67,1625449482.0,64.0
2.54,1625449482.0,64.0
1.32,1625449482.0,64.0
0.0,1625449482.0,64.0
-1.33,1625449482.0,64.0
-2.52,1625449482.0,64.0
-3.46,1625449482.0,64.0
-4.18,1625449482.0,64.0
-4.82,1625449482.0,64.0
-5.55,1625449482.0,64.0
-6.47,1625449482.0,64.0
-7.56,1625449482.0,64.0
-8.71,1625449482.0,64.0
-9.82,1625449482.0,64.0
-10.88,1625449482.0,64.0
-11.98,1625449482.0,64.0
-13.22,1625449482.0,64.0
-14.6,1625449482.0,64.0
-15.97,1625449482.0,64.0
-17.0,1625449482.0,64.0
-17.38,1625449482.0,64.0
-16.94,1625449482.0,64.0
-15.67,1625449482.0,64.0
-13.77,1625449482.0,64.0
-11.49,1625449482.0,64.0
-8.99,1625449482.0,64.0
-6.32,1625449482.0,64.0
-3.46,1625449482.0,64.0
-0.43,1625449482.0,64.0
2.6,1625449482.0,64.0
5.4,1625449482.0,64.0
7.7,1625449482.0,64.0
9.37,1625449482.0,64.0
10.44,1625449482.0,64.0
11.03,1625449482.0,64.0
11.34,1625449482.0,64.0
11.47,1625449482.0,64.0
11.52,1625449482.0,64.0
11.51,1625449482.0,64.0
11.43,1625449482.0,64.0
11.32,1625449482.0,64.0
11.17,1625449482.0,64.0
10.98,1625449482.0,64.0
10.72,1625449482.0,64.0
10.41,1625449482.0,64.0
10.05,1625449482.0,64.0
9.64,1625449482.0,64.0
9.16,1625449482.0,64.0
8.51,1625449482.0,64.0
7.61,1625449482.0,64.0
6.4,1625449482.0,64.0
4.92,1625449482.0,64.0
3.28,1625449482.0,64.0
1.6,1625449482.0,64.0
-0.05,1625449482.0,64.0
-1.66,1625449482.0,64.0
-3.29,1625449482.0,64.0
-4.98,1625449482.0,64.0
-6.77,1625449482.0,64.0
-8.61,1625449482.0,64.0
-10.45,1625449482.0,64.0
-12.19,1625449482.0,64.0
-13.74,1625449482.0,64.0
-15.05,1625449482.0,64.0
-16.11,1625449482.0,64.0
-16.93,1625449482.0,64.0
-17.49,1625449482.0,64.0
-17.74,1625449482.0,64.0
-17.54,1625449482.0,64.0
-16.74,1625449482.0,64.0
-15.26,1625449482.0,64.0
-13.12,1625449482.0,64.0
-10.5,1625449482.0,64.0
-7.65,1625449482.0,64.0
-4.79,1625449482.0,64.0
-2.05,1625449482.0,64.0
0.52,1625449482.0,64.0
2.92,1625449482.0,64.0
5.1,1625449482.0,64.0
6.98,1625449482.0,64.0
8.52,1625449482.0,64.0
9.67,1625449482.0,64.0
10.5,1625449482.0,64.0
11.06,1625449482.0,64.0
11.4,1625449482.0,64.0
11.52,1625449482.0,64.0
11.37,1625449482.0,64.0
10.97,1625449482.0,64.0
10.4,1625449482.0,64.0
9.81,1625449482.0,64.0
9.34,1625449482.0,64.0
9.07,1625449482.0,64.0
8.93,1625449482.0,64.0
8.79,1625449482.0,64.0
8.42,1625449482.0,64.0
7.69,1625449482.0,64.0
6.57,1625449482.0,64.0
5.16,1625449482.0,64.0
3.66,1625449482.0,64.0
2.27,1625449482.0,64.0
1.1,1625449482.0,64.0
0.15,1625449482.0,64.0
-0.73,1625449482.0,64.0
-1.7,1625449482.0,64.0
-2.94,1625449482.0,64.0
-4.49,1625449482.0,64.0
-6.24,1625449482.0,64.0
-7.97,1625449482.0,64.0
-9.4,1625449482.0,64.0
-10.32,1625449482.0,64.0
-10.71,1625449482.0,64.0
-10.73,1625449482.0,64.0
-10.65,1625449482.0,64.0
-10.72,1625449482.0,64.0
-10.99,1625449482.0,64.0
-11.27,1625449482.0,64.0
-11.26,1625449482.0,64.0
-10.7,1625449482.0,64.0
-9.58,1625449482.0,64.0
-8.11,1625449482.0,64.0
-6.62,1625449482.0,64.0
-5.34,1625449482.0,64.0
-4.28,1625449482.0,64.0
-3.22,1625449482.0,64.0
-1.9,1625449482.0,64.0
-0.2,1625449482.0,64.0
1.76,1625449482.0,64.0
3.65,1625449482.0,64.0
5.11,1625449482.0,64.0
5.92,1625449482.0,64.0
6.13,1625449482.0,64.0
6.03,1625449482.0,64.0
6.02,1625449482.0,64.0
6.45,1625449482.0,64.0
7.48,1625449482.0,64.0
9.02,1625449482.0,64.0
10.78,1625449482.0,64.0
12.37,1625449482.0,64.0
13.44,1625449482.0,64.0
13.82,1625449482.0,64.0
13.53,1625449482.0,64.0
12.76,1625449482.0,64.0
11.75,1625449482.0,64.0
10.67,1625449482.0,64.0
9.56,1625449482.0,64.0
8.32,1625449482.0,64.0
6.85,1625449482.0,64.0
5.09,1625449482.0,64.0
3.16,1625449482.0,64.0
1.29,1625449482.0,64.0
-0.29,1625449482.0,64.0
-1.42,1625449482.0,64.0
-2.1,1625449482.0,64.0
-2.5,1625449482.0,64.0
-2.82,1625449482.0,64.0
-3.2,1625449482.0,64.0
-3.68,1625449482.0,64.0
-4.21,1625449482.0,64.0
-4.75,1625449482.0,64.0
-5.31,1625449482.0,64.0
-5.98,1625449482.0,64.0
-6.87,1625449482.0,64.0
-8.09,1625449482.0,64.0
-9.59,1625449482.0,64.0
-11.24,1625449482.0,64.0
-12.79,1625449482.0,64.0
-13.99,1625449482.0,64.0
-14.61,1625449482.0,64.0
-14.52,1625449482.0,64.0
-13.71,1625449482.0,64.0
-12.26,1625449482.0,64.0
-10.3,1625449482.0,64.0
-7.97,1625449482.0,64.0
-5.4,1625449482.0,64.0
-2.72,1625449482.0,64.0
-0.06,1625449482.0,64.0
2.41,1625449482.0,64.0
4.49,1625449482.0,64.0
6.06,1625449482.0,64.0
7.07,1625449482.0,64.0
7.6,1625449482.0,64.0
7.82,1625449482.0,64.0
7.88,1625449482.0,64.0
7.92,1625449482.0,64.0
7.97,1625449482.0,64.0
7.98,1625449482.0,64.0
7.88,1625449482.0,64.0
7.59,1625449482.0,64.0
7.09,1625449482.0,64.0
6.41,1625449482.0,64.0
5.6,1625449482.0,64.0
4.77,1625449482.0,64.0
4.02,1625449482.0,64.0
3.44,1625449482.0,64.0
3.07,1625449482.0,64.0
2.88,1625449482.0,64.0
2.79,1625449482.0,64.0
2.7,1625449482.0,64.0
2.53,1625449482.0,64.0
2.23,1625449482.0,64.0
1.84,1625449482.0,64.0
1.35,1625449482.0,64.0
0.79,1625449482.0,64.0
0.13,1625449482.0,64.0
-0.66,1625449482.0,64.0
-1.57,1625449482.0,64.0
-2.54,1625449482.0,64.0
-3.51,1625449482.0,64.0
-4.41,1625449482.0,64.0
-5.28,1625449482.0,64.0
-6.24,1625449482.0,64.0
-7.42,1625449482.0,64.0
-8.93,1625449482.0,64.0
-10.69,1625449482.0,64.0
-12.41,1625449482.0,64.0
-13.72,1625449482.0,64.0
-14.21,1625449482.0,64.0
-13.65,1625449482.0,64.0
-12.07,1625449482.0,64.0
-9.72,1625449482.0,64.0
-6.95,1625449482.0,64.0
-4.1,1625449482.0,64.0
-1.39,1625449482.0,64.0
1.07,1625449482.0,64.0
3.2,1625449482.0,64.0
4.93,1625449482.0,64.0
6.21,1625449482.0,64.0
7.01,1625449482.0,64.0
7.46,1625449482.0,64.0
7.79,1625449482.0,64.0
8.22,1625449482.0,64.0
8.88,1625449482.0,64.0
9.68,1625449482.0,64.0
10.4,1625449482.0,64.0
10.81,1625449482.0,64.0
10.74,1625449482.0,64.0
10.18,1625449482.0,64.0
9.23,1625449482.0,64.0
8.0,1625449482.0,64.0
6.56,1625449482.0,64.0
5.02,1625449482.0,64.0
3.54,1625449482.0,64.0
2.32,1625449482.0,64.0
1.62,1625449482.0,64.0
1.55,1625449482.0,64.0
2.05,1625449482.0,64.0
2.93,1625449482.0,64.0
3.86,1625449482.0,64.0
4.54,1625449482.0,64.0
4.77,1625449482.0,64.0
4.45,1625449482.0,64.0
3.58,1625449482.0,64.0
2.22,1625449482.0,64.0
0.53,1625449482.0,64.0
-1.33,1625449482.0,64.0
-3.17,1625449482.0,64.0
-4.92,1625449482.0,64.0
-6.55,1625449482.0,64.0
-8.14,1625449482.0,64.0
-9.74,1625449482.0,64.0
-11.32,1625449482.0,64.0
-12.73,1625449482.0,64.0
-13.79,1625449482.0,64.0
-14.34,1625449482.0,64.0
-14.31,1625449482.0,64.0
-13.76,1625449482.0,64.0
-12.78,1625449482.0,64.0
-11.45,1625449482.0,64.0
-9.77,1625449482.0,64.0
-7.71,1625449482.0,64.0
-5.26,1625449482.0,64.0
-2.5,1625449482.0,64.0
0.38,1625449482.0,64.0
3.13,1625449482.0,64.0
5.5,1625449482.0,64.0
7.34,1625449482.0,64.0
8.69,1625449482.0,64.0
9.65,1625449482.0,64.0
10.41,1625449482.0,64.0
11.06,1625449482.0,64.0
11.61,1625449482.0,64.0
11.96,1625449482.0,64.0
11.96,1625449482.0,64.0
11.54,1625449482.0,64.0
10.76,1625449482.0,64.0
9.77,1625449482.0,64.0
8.75,1625449482.0,64.0
7.87,1625449482.0,64.0
7.2,1625449482.0,64.0
6.71,1625449482.0,64.0
6.25,1625449482.0,64.0
5.65,1625449482.0,64.0
4.79,1625449482.0,64.0
3.69,1625449482.0,64.0
2.46,1625449482.0,64.0
1.2,1625449482.0,64.0
-0.0,1625449482.0,64.0
-1.21,1625449482.0,64.0
-2.51,1625449482.0,64.0
-3.99,1625449482.0,64.0
-5.64,1625449482.0,64.0
-7.4,1625449482.0,64.0
-9.16,1625449482.0,64.0
-10.89,1625449482.0,64.0
-12.6,1625449482.0,64.0
-14.3,1625449482.0,64.0
-15.95,1625449482.0,64.0
-17.35,1625449482.0,64.0
-18.21,1625449482.0,64.0
-18.28,1625449482.0,64.0
-17.43,1625449482.0,64.0
-15.7,1625449482.0,64.0
-13.24,1625449482.0,64.0
-10.27,1625449482.0,64.0
-6.99,1625449482.0,64.0
-3.63,1625449482.0,64.0
-0.43,1625449482.0,64.0
2.39,1625449482.0,64.0
4.62,1625449482.0,64.0
6.23,1625449482.0,64.0
7.31,1625449482.0,64.0
8.06,1625449482.0,64.0
8.68,1625449482.0,64.0
9.28,1625449482.0,64.0
9.86,1625449482.0,64.0
10.34,1625449482.0,64.0
10.67,1625449482.0,64.0
10.82,1625449482.0,64.0
10.84,1625449482.0,64.0
10.79,1625449482.0,64.0
10.66,1625449482.0,64.0
10.39,1625449482.0,64.0
9.9,1625449482.0,64.0
9.14,1625449482.0,64.0
8.13,1625449482.0,64.0
7.01,1625449482.0,64.0
5.92,1625449482.0,64.0
4.97,1625449482.0,64.0
4.18,1625449482.0,64.0
3.49,1625449482.0,64.0
2.78,1625449482.0,64.0
1.97,1625449482.0,64.0
1.0,1625449482.0,64.0
-0.12,1625449482.0,64.0
-1.38,1625449482.0,64.0
-2.78,1625449482.0,64.0
-4.35,1625449482.0,64.0
-6.12,1625449482.0,64.0
-8.08,1625449482.0,64.0
-10.13,1625449482.0,64.0
-12.14,1625449482.0,64.0
-13.95,1625449482.0,64.0
-15.43,1625449482.0,64.0
-16.52,1625449482.0,64.0
-17.15,1625449482.0,64.0
-17.29,1625449482.0,64.0
-16.88,1625449482.0,64.0
-15.91,1625449482.0,64.0
-14.4,1625449482.0,64.0
-12.4,1625449482.0,64.0
-9.99,1625449482.0,64.0
-7.23,1625449482.0,64.0
-4.18,1625449482.0,64.0
-0.92,1625449482.0,64.0
2.37,1625449482.0,64.0
5.47,1625449482.0,64.0
8.09,1625449482.0,64.0
10.04,1625449482.0,64.0
11.25,1625449482.0,64.0
11.81,1625449482.0,64.0
11.87,1625449482.0,64.0
11.58,1625449482.0,64.0
11.04,1625449482.0,64.0
10.29,1625449482.0,64.0
9.42,1625449482.0,64.0
8.56,1625449482.0,64.0
7.87,1625449482.0,64.0
7.47,1625449482.0,64.0
7.35,1625449482.0,64.0
7.4,1625449482.0,64.0
7.52,1625449482.0,64.0
7.62,1625449482.0,64.0
7.72,1625449482.0,64.0
7.82,1625449482.0,64.0
7.96,1625449482.0,64.0
8.07,1625449482.0,64.0
8.04,1625449482.0,64.0
7.76,1625449482.0,64.0
7.2,1625449482.0,64.0
6.37,1625449482.0,64.0
5.29,1625449482.0,64.0
3.95,1625449482.0,64.0
2.27,1625449482.0,64.0
0.18,1625449482.0,64.0
-2.35,1625449482.0,64.0
-5.22,1625449482.0,64.0
-8.24,1625449482.0,64.0
-11.19,1625449482.0,64.0
-13.93,1625449482.0,64.0
-16.4,1625449482.0,64.0
-18.62,1625449482.0,64.0
-20.6,1625449482.0,64.0
-22.28,1625449482.0,64.0
-23.47,1625449482.0,64.0
-23.95,1625449482.0,64.0
-23.47,1625449482.0,64.0
-21.89,1625449482.0,64.0
-19.23,1625449482.0,64.0
-15.66,1625449482.0,64.0
-11.49,1625449482.0,64.0
-7.08,1625449482.0,64.0
-2.8,1625449482.0,64.0
1.07,1625449482.0,64.0
4.32,1625449482.0,64.0
6.87,1625449482.0,64.0
8.74,1625449482.0,64.0
10.05,1625449482.0,64.0
10.98,1625449482.0,64.0
11.73,1625449482.0,64.0
12.48,1625449482.0,64.0
13.32,1625449482.0,64.0
14.21,1625449482.0,64.0
15.0,1625449482.0,64.0
15.46,1625449482.0,64.0
15.42,1625449482.0,64.0
14.84,1625449482.0,64.0
13.81,1625449482.0,64.0
12.56,1625449482.0,64.0
11.33,1625449482.0,64.0
10.31,1625449482.0,64.0
9.53,1625449482.0,64.0
8.94,1625449482.0,64.0
8.41,1625449482.0,64.0
7.77,1625449482.0,64.0
6.89,1625449482.0,64.0
5.74,1625449482.0,64.0
4.32,1625449482.0,64.0
2.7,1625449482.0,64.0
0.97,1625449482.0,64.0
-0.81,1625449482.0,64.0
-2.6,1625449482.0,64.0
-4.37,1625449482.0,64.0
-6.11,1625449482.0,64.0
-7.79,1625449482.0,64.0
-9.45,1625449482.0,64.0
-11.14,1625449482.0,64.0
-12.93,1625449482.0,64.0
-14.87,1625449482.0,64.0
-16.91,1625449482.0,64.0
-18.88,1625449482.0,64.0
-20.53,1625449482.0,64.0
-21.55,1625449482.0,64.0
-21.7,1625449482.0,64.0
-20.88,1625449482.0,64.0
-19.12,1625449482.0,64.0
-16.57,1625449482.0,64.0
-13.47,1625449482.0,64.0
-10.04,1625449482.0,64.0
-6.51,1625449482.0,64.0
-3.08,1625449482.0,64.0
0.11,1625449482.0,64.0
2.98,1625449482.0,64.0
5.49,1625449482.0,64.0
7.67,1625449482.0,64.0
9.6,1625449482.0,64.0
11.3,1625449482.0,64.0
12.71,1625449482.0,64.0
13.75,1625449482.0,64.0
14.28,1625449482.0,64.0
14.25,1625449482.0,64.0
13.74,1625449482.0,64.0
12.94,1625449482.0,64.0
12.03,1625449482.0,64.0
11.13,1625449482.0,64.0
10.2,1625449482.0,64.0
9.11,1625449482.0,64.0
7.76,1625449482.0,64.0
6.16,1625449482.0,64.0
4.47,1625449482.0,64.0
2.97,1625449482.0,64.0
1.89,1625449482.0,64.0
1.31,1625449482.0,64.0
1.14,1625449482.0,64.0
1.19,1625449482.0,64.0
1.25,1625449482.0,64.0
1.2,1625449482.0,64.0
1.0,1625449482.0,64.0
0.69,1625449482.0,64.0
0.27,1625449482.0,64.0
-0.26,1625449482.0,64.0
-0.98,1625449482.0,64.0
-1.97,1625449482.0,64.0
-3.31,1625449482.0,64.0
-5.04,1625449482.0,64.0
-7.13,1625449482.0,64.0
-9.49,1625449482.0,64.0
-11.94,1625449482.0,64.0
-14.21,1625449482.0,64.0
-16.02,1625449482.0,64.0
-17.11,1625449482.0,64.0
-17.3,1625449482.0,64.0
-16.6,1625449482.0,64.0
-15.16,1625449482.0,64.0
-13.21,1625449482.0,64.0
-10.95,1625449482.0,64.0
-8.48,1625449482.0,64.0
-5.8,1625449482.0,64.0
-2.86,1625449482.0,64.0
0.3,1625449482.0,64.0
3.52,1625449482.0,64.0
6.53,1625449482.0,64.0
8.98,1625449482.0,64.0
10.69,1625449482.0,64.0
11.7,1625449482.0,64.0
12.23,1625449482.0,64.0
12.63,1625449482.0,64.0
13.11,1625449482.0,64.0
13.72,1625449482.0,64.0
14.29,1625449482.0,64.0
14.61,1625449482.0,64.0
14.5,1625449482.0,64.0
13.96,1625449482.0,64.0
13.1,1625449482.0,64.0
12.08,1625449482.0,64.0
11.0,1625449482.0,64.0
9.9,1625449482.0,64.0
8.77,1625449482.0,64.0
7.62,1625449482.0,64.0
6.51,1625449482.0,64.0
5.52,1625449482.0,64.0
4.72,1625449482.0,64.0
4.04,1625449482.0,64.0
3.37,1625449482.0,64.0
2.51,1625449482.0,64.0
1.35,1625449482.0,64.0
-0.15,1625449482.0,64.0
-1.91,1625449482.0,64.0
-3.78,1625449482.0,64.0
-5.65,1625449482.0,64.0
-7.45,1625449482.0,64.0
-9.23,1625449482.0,64.0
-11.03,1625449482.0,64.0
-12.85,1625449482.0,64.0
-14.58,1625449482.0,64.0
-16.04,1625449482.0,64.0
-16.96,1625449482.0,64.0
-17.14,1625449482.0,64.0
-16.48,1625449482.0,64.0
-15.01,1625449482.0,64.0
-12.83,1625449482.0,64.0
-10.12,1625449482.0,64.0
-7.01,1625449482.0,64.0
-3.66,1625449482.0,64.0
-0.23,1625449482.0,64.0
3.07,1625449482.0,64.0
6.02,1625449482.0,64.0
8.43,1625449482.0,64.0
10.22,1625449482.0,64.0
11.4,1625449482.0,64.0
12.06,1625449482.0,64.0
12.36,1625449482.0,64.0
12.46,1625449482.0,64.0
12.49,1625449482.0,64.0
12.53,1625449482.0,64.0
12.58,1625449482.0,64.0
12.55,1625449482.0,64.0
12.34,1625449482.0,64.0
11.84,1625449482.0,64.0
11.02,1625449482.0,64.0
9.92,1625449482.0,64.0
8.66,1625449482.0,64.0
7.35,1625449482.0,64.0
6.12,1625449482.0,64.0
5.04,1625449482.0,64.0
4.15,1625449482.0,64.0
3.45,1625449482.0,64.0
2.88,1625449482.0,64.0
2.35,1625449482.0,64.0
1.71,1625449482.0,64.0
0.83,1625449482.0,64.0
-0.36,1625449482.0,64.0
-1.87,1625449482.0,64.0
-3.6,1625449482.0,64.0
-5.48,1625449482.0,64.0
-7.44,1625449482.0,64.0
-9.44,1625449482.0,64.0
-11.48,1625449482.0,64.0
-13.53,1625449482.0,64.0
-15.52,1625449482.0,64.0
-17.35,1625449482.0,64.0
-18.91,1625449482.0,64.0
-20.1,1625449482.0,64.0
-20.8,1625449482.0,64.0
-20.92,1625449482.0,64.0
-20.37,1625449482.0,64.0
-19.1,1625449482.0,64.0
-17.06,1625449482.0,64.0
-14.31,1625449482.0,64.0
-10.94,1625449482.0,64.0
-7.13,1625449482.0,64.0
-3.08,1625449482.0,64.0
0.99,1625449482.0,64.0
4.9,1625449482.0,64.0
8.46,1625449482.0,64.0
11.55,1625449482.0,64.0
14.04,1625449482.0,64.0
15.91,1625449482.0,64.0
17.17,1625449482.0,64.0
17.9,1625449482.0,64.0
18.23,1625449482.0,64.0
18.31,1625449482.0,64.0
18.21,1625449482.0,64.0
17.97,1625449482.0,64.0
17.56,1625449482.0,64.0
16.89,1625449482.0,64.0
15.91,1625449482.0,64.0
14.62,1625449482.0,64.0
13.12,1625449482.0,64.0
11.52,1625449482.0,64.0
9.94,1625449482.0,64.0
8.45,1625449482.0,64.0
7.01,1625449482.0,64.0
5.59,1625449482.0,64.0
4.11,1625449482.0,64.0
2.56,1625449482.0,64.0
1.0,1625449482.0,64.0
-0.45,1625449482.0,64.0
-1.72,1625449482.0,64.0
-2.76,1625449482.0,64.0
-3.59,1625449482.0,64.0
-4.31,1625449482.0,64.0
-5.02,1625449482.0,64.0
-5.83,1625449482.0,64.0
-6.81,1625449482.0,64.0
-7.97,1625449482.0,64.0
-9.28,1625449482.0,64.0
-10.7,1625449482.0,64.0
-12.22,1625449482.0,64.0
-13.81,1625449482.0,64.0
-15.45,1625449482.0,64.0
-17.04,1625449482.0,64.0
-18.38,1625449482.0,64.0
-19.2,1625449482.0,64.0
-19.28,1625449482.0,64.0
-18.48,1625449482.0,64.0
-16.83,1625449482.0,64.0
-14.45,1625449482.0,64.0
-11.54,1625449482.0,64.0
-8.26,1625449482.0,64.0
-4.77,1625449482.0,64.0
-1.21,1625449482.0,64.0
2.28,1625449482.0,64.0
5.53,1625449482.0,64.0
8.35,1625449482.0,64.0
10.67,1625449482.0,64.0
12.45,1625449482.0,64.0
13.79,1625449482.0,64.0
14.77,1625449482.0,64.0
15.53,1625449482.0,64.0
16.15,1625449482.0,64.0
16.66,1625449482.0,64.0
17.07,1625449482.0,64.0
17.3,1625449482.0,64.0
17.27,1625449482.0,64.0
16.91,1625449482.0,64.0
16.22,1625449482.0,64.0
15.28,1625449482.0,64.0
14.19,1625449482.0,64.0
13.09,1625449482.0,64.0
12.0,1625449482.0,64.0
10.88,1625449482.0,64.0
9.62,1625449482.0,64.0
8.16,1625449482.0,64.0
6.54,1625449482.0,64.0
4.89,1625449482.0,64.0
3.36,1625449482.0,64.0
2.04,1625449482.0,64.0
0.89,1625449482.0,64.0
-0.24,1625449482.0,64.0
-1.52,1625449482.0,64.0
-3.03,1625449482.0,64.0
-4.71,1625449482.0,64.0
-6.46,1625449482.0,64.0
-8.14,1625449482.0,64.0
-9.73,1625449482.0,64.0
-11.25,1625449482.0,64.0
-12.81,1625449482.0,64.0
-14.48,1625449482.0,64.0
-16.25,1625449482.0,64.0
-18.05,1625449482.0,64.0
-19.76,1625449482.0,64.0
-21.24,1625449482.0,64.0
-22.34,1625449482.0,64.0
-22.92,1625449482.0,64.0
-22.84,1625449482.0,64.0
-21.99,1625449482.0,64.0
-20.34,1625449482.0,64.0
-17.89,1625449482.0,64.0
-14.73,1625449482.0,64.0
-11.02,1625449482.0,64.0
-6.92,1625449482.0,64.0
-2.66,1625449482.0,64.0
1.5,1625449482.0,64.0
5.24,1625449482.0,64.0
8.35,1625449482.0,64.0
10.72,1625449482.0,64.0
12.4,1625449482.0,64.0
13.6,1625449482.0,64.0
14.58,1625449482.0,64.0
15.51,1625449482.0,64.0
16.39,1625449482.0,64.0
17.13,1625449482.0,64.0
17.59,1625449482.0,64.0
17.65,1625449482.0,64.0
17.29,1625449482.0,64.0
16.56,1625449482.0,64.0
15.51,1625449482.0,64.0
14.23,1625449482.0,64.0
12.78,1625449482.0,64.0
11.27,1625449482.0,64.0
9.8,1625449482.0,64.0
8.48,1625449482.0,64.0
7.35,1625449482.0,64.0
6.38,1625449482.0,64.0
5.47,1625449482.0,64.0
4.56,1625449482.0,64.0
3.64,1625449482.0,64.0
2.73,1625449482.0,64.0
1.84,1625449482.0,64.0
0.96,1625449482.0,64.0
0.03,1625449482.0,64.0
-1.01,1625449482.0,64.0
-2.17,1625449482.0,64.0
-3.41,1625449482.0,64.0
-4.67,1625449482.0,64.0
-5.95,1625449482.0,64.0
-7.28,1625449482.0,64.0
-8.75,1625449482.0,64.0
-10.38,1625449482.0,64.0
-12.13,1625449482.0,64.0
-13.85,1625449482.0,64.0
-15.32,1625449482.0,64.0
-16.45,1625449482.0,64.0
-17.19,1625449482.0,64.0
-17.6,1625449482.0,64.0
-17.75,1625449482.0,64.0
-17.65,1625449482.0,64.0
-17.19,1625449482.0,64.0
-16.25,1625449482.0,64.0
-14.69,1625449482.0,64.0
-12.46,1625449482.0,64.0
-9.63,1625449482.0,64.0
-6.33,1625449482.0,64.0
-2.77,1625449482.0,64.0
0.83,1625449482.0,64.0
4.19,1625449482.0,64.0
7.08,1625449482.0,64.0
9.29,1625449482.0,64.0
10.75,1625449482.0,64.0
11.56,1625449482.0,64.0
11.99,1625449482.0,64.0
12.32,1625449482.0,64.0
12.83,1625449482.0,64.0
13.55,1625449482.0,64.0
14.38,1625449482.0,64.0
15.07,1625449482.0,64.0
15.4,1625449482.0,64.0
15.28,1625449482.0,64.0
14.77,1625449482.0,64.0
14.01,1625449482.0,64.0
13.12,1625449482.0,64.0
12.17,1625449482.0,64.0
11.16,1625449482.0,64.0
10.09,1625449482.0,64.0
8.95,1625449482.0,64.0
7.78,1625449482.0,64.0
6.65,1625449482.0,64.0
5.58,1625449482.0,64.0
4.55,1625449482.0,64.0
3.52,1625449482.0,64.0
2.41,1625449482.0,64.0
1.15,1625449482.0,64.0
-0.27,1625449482.0,64.0
-1.8,1625449482.0,64.0
-3.41,1625449482.0,64.0
-5.06,1625449482.0,64.0
-6.74,1625449482.0,64.0
-8.46,1625449482.0,64.0
-10.17,1625449482.0,64.0
-11.83,1625449482.0,64.0
-13.38,1625449482.0,64.0
-14.82,1625449482.0,64.0
-16.22,1625449482.0,64.0
-17.69,1625449482.0,64.0
-19.28,1625449482.0,64.0
-20.95,1625449482.0,64.0
-22.48,1625449482.0,64.0
-23.56,1625449482.0,64.0
-23.87,1625449482.0,64.0
-23.2,1625449482.0,64.0
-21.47,1625449482.0,64.0
-18.74,1625449482.0,64.0
-15.21,1625449482.0,64.0
-11.15,1625449482.0,64.0
-6.94,1625449482.0,64.0
-2.98,1625449482.0,64.0
0.39,1625449482.0,64.0
2.98,1625449482.0,64.0
4.8,1625449482.0,64.0
6.05,1625449482.0,64.0
7.02,1625449482.0,64.0
7.93,1625449482.0,64.0
8.95,1625449482.0,64.0
10.09,1625449482.0,64.0
11.26,1625449482.0,64.0
12.31,1625449482.0,64.0
13.12,1625449482.0,64.0
13.6,1625449482.0,64.0
13.76,1625449482.0,64.0
13.65,1625449482.0,64.0
13.36,1625449482.0,64.0
13.0,1625449482.0,64.0
12.6,1625449482.0,64.0
12.11,1625449482.0,64.0
11.46,1625449482.0,64.0
10.61,1625449482.0,64.0
9.56,1625449482.0,64.0
8.41,1625449482.0,64.0
7.27,1625449482.0,64.0
6.19,1625449482.0,64.0
5.16,1625449482.0,64.0
4.09,1625449482.0,64.0
2.85,1625449482.0,64.0
1.38,1625449482.0,64.0
-0.29,1625449482.0,64.0
-2.02,1625449482.0,64.0
-3.62,1625449482.0,64.0
-4.93,1625449482.0,64.0
-5.88,1625449482.0,64.0
-6.57,1625449482.0,64.0
-7.19,1625449482.0,64.0
-7.98,1625449482.0,64.0
-9.14,1625449482.0,64.0
-10.72,1625449482.0,64.0
-12.54,1625449482.0,64.0
-14.3,1625449482.0,64.0
-15.6,1625449482.0,64.0
-16.14,1625449482.0,64.0
-15.75,1625449482.0,64.0
-14.47,1625449482.0,64.0
-12.44,1625449482.0,64.0
-9.86,1625449482.0,64.0
-6.9,1625449482.0,64.0
-3.69,1625449482.0,64.0
-0.33,1625449482.0,64.0
3.02,1625449482.0,64.0
6.14,1625449482.0,64.0
8.79,1625449482.0,64.0
10.77,1625449482.0,64.0
12.03,1625449482.0,64.0
12.68,1625449482.0,64.0
12.96,1625449482.0,64.0
13.09,1625449482.0,64.0
13.24,1625449482.0,64.0
13.45,1625449482.0,64.0
13.66,1625449482.0,64.0
13.74,1625449482.0,64.0
13.57,1625449482.0,64.0
13.09,1625449482.0,64.0
12.33,1625449482.0,64.0
11.36,1625449482.0,64.0
10.26,1625449482.0,64.0
9.15,1625449482.0,64.0
8.1,1625449482.0,64.0
7.15,1625449482.0,64.0
6.28,1625449482.0,64.0
5.45,1625449482.0,64.0
4.59,1625449482.0,64.0
3.66,1625449482.0,64.0
2.59,1625449482.0,64.0
1.39,1625449482.0,64.0
0.09,1625449482.0,64.0
-1.25,1625449482.0,64.0
-2.6,1625449482.0,64.0
-3.93,1625449482.0,64.0
-5.21,1625449482.0,64.0
-6.46,1625449482.0,64.0
-7.67,1625449482.0,64.0
-8.87,1625449482.0,64.0
-10.09,1625449482.0,64.0
-11.4,1625449482.0,64.0
-12.82,1625449482.0,64.0
-14.31,1625449482.0,64.0
-15.74,1625449482.0,64.0
-16.83,1625449482.0,64.0
-17.3,1625449482.0,64.0
-16.96,1625449482.0,64.0
-15.81,1625449482.0,64.0
-13.98,1625449482.0,64.0
-11.73,1625449482.0,64.0
-9.23,1625449482.0,64.0
-6.56,1625449482.0,64.0
-3.71,1625449482.0,64.0
-0.68,1625449482.0,64.0
2.41,1625449482.0,64.0
5.32,1625449482.0,64.0
7.74,1625449482.0,64.0
9.47,1625449482.0,64.0
10.47,1625449482.0,64.0
10.89,1625449482.0,64.0
10.97,1625449482.0,64.0
10.91,1625449482.0,64.0
10.84,1625449482.0,64.0
10.78,1625449482.0,64.0
10.68,1625449482.0,64.0
10.51,1625449482.0,64.0
10.26,1625449482.0,64.0
9.96,1625449482.0,64.0
9.66,1625449482.0,64.0
9.37,1625449482.0,64.0
9.03,1625449482.0,64.0
8.56,1625449482.0,64.0
7.83,1625449482.0,64.0
6.74,1625449482.0,64.0
5.3,1625449482.0,64.0
3.59,1625449482.0,64.0
1.75,1625449482.0,64.0
-0.04,1625449482.0,64.0
-1.65,1625449482.0,64.0
-3.04,1625449482.0,64.0
-4.22,1625449482.0,64.0
-5.27,1625449482.0,64.0
-6.3,1625449482.0,64.0
-7.42,1625449482.0,64.0
-8.74,1625449482.0,64.0
-10.33,1625449482.0,64.0
-12.19,1625449482.0,64.0
-14.23,1625449482.0,64.0
-16.3,1625449482.0,64.0
-18.19,1625449482.0,64.0
-19.72,1625449482.0,64.0
-20.74,1625449482.0,64.0
-21.17,1625449482.0,64.0
-20.97,1625449482.0,64.0
-20.19,1625449482.0,64.0
-18.91,1625449482.0,64.0
-17.22,1625449482.0,64.0
-15.16,1625449482.0,64.0
-12.7,1625449482.0,64.0
-9.77,1625449482.0,64.0
-6.34,1625449482.0,64.0
-2.5,1625449482.0,64.0
1.52,1625449482.0,64.0
5.34,1625449482.0,64.0
8.58,1625449482.0,64.0
10.98,1625449482.0,64.0
12.53,1625449482.0,64.0
13.41,1625449482.0,64.0
13.92,1625449482.0,64.0
14.34,1625449482.0,64.0
14.8,1625449482.0,64.0
15.28,1625449482.0,64.0
15.63,1625449482.0,64.0
15.68,1625449482.0,64.0
15.29,1625449482.0,64.0
14.5,1625449482.0,64.0
13.43,1625449482.0,64.0
12.27,1625449482.0,64.0
11.16,1625449482.0,64.0
10.16,1625449482.0,64.0
9.2,1625449482.0,64.0
8.16,1625449482.0,64.0
6.94,1625449482.0,64.0
5.5,1625449482.0,64.0
3.9,1625449482.0,64.0
2.26,1625449482.0,64.0
0.7,1625449482.0,64.0
-0.69,1625449482.0,64.0
-1.88,1625449482.0,64.0
-2.89,1625449482.0,64.0
-3.8,1625449482.0,64.0
-4.68,1625449482.0,64.0
-5.63,1625449482.0,64.0
-6.7,1625449482.0,64.0
-7.92,1625449482.0,64.0
-9.25,1625449482.0,64.0
-10.65,1625449482.0,64.0
-12.06,1625449482.0,64.0
-13.44,1625449482.0,64.0
-14.79,1625449482.0,64.0
-16.02,1625449482.0,64.0
-17.03,1625449482.0,64.0
-17.56,1625449482.0,64.0
-17.41,1625449482.0,64.0
-16.41,1625449482.0,64.0
-14.55,1625449482.0,64.0
-11.96,1625449482.0,64.0
-8.83,1625449482.0,64.0
-5.38,1625449482.0,64.0
-1.8,1625449482.0,64.0
1.73,1625449482.0,64.0
5.02,1625449482.0,64.0
7.87,1625449482.0,64.0
10.11,1625449482.0,64.0
11.69,1625449482.0,64.0
12.68,1625449482.0,64.0
13.27,1625449482.0,64.0
13.67,1625449482.0,64.0
14.06,1625449482.0,64.0
14.48,1625449482.0,64.0
14.89,1625449482.0,64.0
15.18,1625449482.0,64.0
15.21,1625449482.0,64.0
14.92,1625449482.0,64.0
14.27,1625449482.0,64.0
13.28,1625449482.0,64.0
12.01,1625449482.0,64.0
10.58,1625449482.0,64.0
9.07,1625449482.0,64.0
7.6,1625449482.0,64.0
6.22,1625449482.0,64.0
5.0,1625449482.0,64.0
3.94,1625449482.0,64.0
3.02,1625449482.0,64.0
2.18,1625449482.0,64.0
1.31,1625449482.0,64.0
0.38,1625449482.0,64.0
-0.66,1625449482.0,64.0
-1.78,1625449482.0,64.0
-2.93,1625449482.0,64.0
-4.06,1625449482.0,64.0
-5.2,1625449482.0,64.0
-6.46,1625449482.0,64.0
-7.95,1625449482.0,64.0
-9.71,1625449482.0,64.0
-11.68,1625449482.0,64.0
-13.69,1625449482.0,64.0
-15.52,1625449482.0,64.0
-17.05,1625449482.0,64.0
-18.24,1625449482.0,64.0
-19.15,1625449482.0,64.0
-19.82,1625449482.0,64.0
-20.23,1625449482.0,64.0
-20.22,1625449482.0,64.0
-19.58,1625449482.0,64.0
-18.15,1625449482.0,64.0
-15.89,1625449482.0,64.0
-12.89,1625449482.0,64.0
-9.31,1625449482.0,64.0
-5.32,1625449482.0,64.0
-1.17,1625449482.0,64.0
2.91,1625449482.0,64.0
6.58,1625449482.0,64.0
9.54,1625449482.0,64.0
11.57,1625449482.0,64.0
12.7,1625449482.0,64.0
13.17,1625449482.0,64.0
13.4,1625449482.0,64.0
13.78,1625449482.0,64.0
14.49,1625449482.0,64.0
15.45,1625449482.0,64.0
16.35,1625449482.0,64.0
16.85,1625449482.0,64.0
16.81,1625449482.0,64.0
16.31,1625449482.0,64.0
15.57,1625449482.0,64.0
14.82,1625449482.0,64.0
14.14,1625449482.0,64.0
13.42,1625449482.0,64.0
12.48,1625449482.0,64.0
11.15,1625449482.0,64.0
9.41,1625449482.0,64.0
7.45,1625449482.0,64.0
5.53,1625449482.0,64.0
3.87,1625449482.0,64.0
2.57,1625449482.0,64.0
1.6,1625449482.0,64.0
0.83,1625449482.0,64.0
0.12,1625449482.0,64.0
-0.63,1625449482.0,64.0
-1.51,1625449482.0,64.0
-2.56,1625449482.0,64.0
-3.8,1625449482.0,64.0
-5.26,1625449482.0,64.0
-6.93,1625449482.0,64.0
-8.8,1625449482.0,64.0
-10.87,1625449482.0,64.0
-13.14,1625449482.0,64.0
-15.58,1625449482.0,64.0
-18.05,1625449482.0,64.0
-20.34,1625449482.0,64.0
-22.15,1625449482.0,64.0
-23.21,1625449482.0,64.0
-23.35,1625449482.0,64.0
-22.63,1625449482.0,64.0
-21.23,1625449482.0,64.0
-19.34,1625449482.0,64.0
-17.08,1625449482.0,64.0
-14.41,1625449482.0,64.0
-11.27,1625449482.0,64.0
-7.65,1625449482.0,64.0
-3.7,1625449482.0,64.0
0.24,1625449482.0,64.0
3.82,1625449482.0,64.0
6.72,1625449482.0,64.0
8.86,1625449482.0,64.0
10.3,1625449482.0,64.0
11.21,1625449482.0,64.0
11.79,1625449482.0,64.0
12.14,1625449482.0,64.0
12.31,1625449482.0,64.0
12.33,1625449482.0,64.0
12.23,1625449482.0,64.0
12.06,1625449482.0,64.0
11.91,1625449482.0,64.0
11.8,1625449482.0,64.0
11.69,1625449482.0,64.0
11.5,1625449482.0,64.0
11.1,1625449482.0,64.0
10.42,1625449482.0,64.0
9.44,1625449482.0,64.0
8.26,1625449482.0,64.0
7.03,1625449482.0,64.0
5.91,1625449482.0,64.0
5.0,1625449482.0,64.0
4.3,1625449482.0,64.0
3.71,1625449482.0,64.0
3.08,1625449482.0,64.0
2.32,1625449482.0,64.0
1.37,1625449482.0,64.0
0.26,1625449482.0,64.0
-0.9,1625449482.0,64.0
-2.01,1625449482.0,64.0
-2.99,1625449482.0,64.0
-3.85,1625449482.0,64.0
-4.63,1625449482.0,64.0
-5.45,1625449482.0,64.0
-6.4,1625449482.0,64.0
-7.56,1625449482.0,64.0
-8.94,1625449482.0,64.0
-10.52,1625449482.0,64.0
-12.21,1625449482.0,64.0
-13.89,1625449482.0,64.0
-15.33,1625449482.0,64.0
-16.28,1625449482.0,64.0
-16.5,1625449482.0,64.0
-15.79,1625449482.0,64.0
-14.12,1625449482.0,64.0
-11.58,1625449482.0,64.0
-8.41,1625449482.0,64.0
-4.88,1625449482.0,64.0
-1.23,1625449482.0,64.0
2.32,1625449482.0,64.0
5.67,1625449482.0,64.0
8.71,1625449482.0,64.0
11.36,1625449482.0,64.0
13.5,1625449482.0,64.0
15.05,1625449482.0,64.0
15.96,1625449482.0,64.0
16.23,1625449482.0,64.0
15.98,1625449482.0,64.0
15.43,1625449482.0,64.0
14.82,1625449482.0,64.0
14.35,1625449482.0,64.0
14.06,1625449482.0,64.0
13.88,1625449482.0,64.0
13.6,1625449482.0,64.0
13.07,1625449482.0,64.0
12.21,1625449482.0,64.0
11.08,1625449482.0,64.0
9.81,1625449482.0,64.0
8.52,1625449482.0,64.0
7.27,1625449482.0,64.0
6.05,1625449482.0,64.0
4.79,1625449482.0,64.0
3.49,1625449482.0,64.0
2.21,1625449482.0,64.0
1.07,1625449482.0,64.0
0.15,1625449482.0,64.0
-0.56,1625449482.0,64.0
-1.19,1625449482.0,64.0
-1.91,1625449482.0,64.0
-2.87,1625449482.0,64.0
-4.1,1625449482.0,64.0
-5.52,1625449482.0,64.0
-6.99,1625449482.0,64.0
-8.4,1625449482.0,64.0
-9.73,1625449482.0,64.0
-11.05,1625449482.0,64.0
-12.44,1625449482.0,64.0
-13.89,1625449482.0,64.0
-15.29,1625449482.0,64.0
-16.44,1625449482.0,64.0
-17.13,1625449482.0,64.0
-17.16,1625449482.0,64.0
-16.48,1625449482.0,64.0
-15.08,1625449482.0,64.0
-13.0,1625449482.0,64.0
-10.29,1625449482.0,64.0
-7.03,1625449482.0,64.0
-3.39,1625449482.0,64.0
0.41,1625449482.0,64.0
4.06,1625449482.0,64.0
7.26,1625449482.0,64.0
9.7,1625449482.0,64.0
11.27,1625449482.0,64.0
11.97,1625449482.0,64.0
11.97,1625449482.0,64.0
11.56,1625449482.0,64.0
11.07,1625449482.0,64.0
10.76,1625449482.0,64.0
10.73,1625449482.0,64.0
10.92,1625449482.0,64.0
11.14,1625449482.0,64.0
11.19,1625449482.0,64.0
10.96,1625449482.0,64.0
10.45,1625449482.0,64.0
9.76,1625449482.0,64.0
8.98,1625449482.0,64.0
8.14,1625449482.0,64.0
7.24,1625449482.0,64.0
6.18,1625449482.0,64.0
4.96,1625449482.0,64.0
3.59,1625449482.0,64.0
2.16,1625449482.0,64.0
0.75,1625449482.0,64.0
-0.58,1625449482.0,64.0
-1.84,1625449482.0,64.0
-3.07,1625449482.0,64.0
-4.35,1625449482.0,64.0
-5.73,1625449482.0,64.0
-7.25,1625449482.0,64.0
-8.87,1625449482.0,64.0
-10.52,1625449482.0,64.0
-12.1,1625449482.0,64.0
-13.51,1625449482.0,64.0
-14.72,1625449482.0,64.0
-15.76,1625449482.0,64.0
-16.76,1625449482.0,64.0
-17.8,1625449482.0,64.0
-18.9,1625449482.0,64.0
-19.93,1625449482.0,64.0
-20.66,1625449482.0,64.0
-20.82,1625449482.0,64.0
-20.18,1625449482.0,64.0
-18.66,1625449482.0,64.0
-16.3,1625449482.0,64.0
-13.26,1625449482.0,64.0
-9.76,1625449482.0,64.0
-5.98,1625449482.0,64.0
-2.12,1625449482.0,64.0
1.6,1625449482.0,64.0
4.94,1625449482.0,64.0
7.66,1625449482.0,64.0
9.61,1625449482.0,64.0
10.78,1625449482.0,64.0
11.39,1625449482.0,64.0
11.73,1625449482.0,64.0
12.11,1625449482.0,64.0
12.69,1625449482.0,64.0
13.44,1625449482.0,64.0
14.15,1625449482.0,64.0
14.62,1625449482.0,64.0
14.68,1625449482.0,64.0
14.33,1625449482.0,64.0
13.62,1625449482.0,64.0
12.66,1625449482.0,64.0
11.49,1625449482.0,64.0
10.15,1625449482.0,64.0
8.65,1625449482.0,64.0
7.06,1625449482.0,64.0
5.45,1625449482.0,64.0
3.94,1625449482.0,64.0
2.6,1625449482.0,64.0
1.49,1625449482.0,64.0
0.58,1625449482.0,64.0
-0.17,1625449482.0,64.0
-0.89,1625449482.0,64.0
-1.66,1625449482.0,64.0
-2.57,1625449482.0,64.0
-3.65,1625449482.0,64.0
-4.88,1625449482.0,64.0
-6.22,1625449482.0,64.0
-7.6,1625449482.0,64.0
-8.98,1625449482.0,64.0
-10.35,1625449482.0,64.0
-11.77,1625449482.0,64.0
-13.28,1625449482.0,64.0
-14.88,1625449482.0,64.0
-16.46,1625449482.0,64.0
-17.85,1625449482.0,64.0
-18.78,1625449482.0,64.0
-19.02,1625449482.0,64.0
-18.42,1625449482.0,64.0
-16.93,1625449482.0,64.0
-14.63,1625449482.0,64.0
-11.67,1625449482.0,64.0
-8.21,1625449482.0,64.0
-4.43,1625449482.0,64.0
-0.58,1625449482.0,64.0
3.08,1625449482.0,64.0
6.24,1625449482.0,64.0
8.66,1625449482.0,64.0
10.24,1625449482.0,64.0
11.09,1625449482.0,64.0
11.45,1625449482.0,64.0
11.65,1625449482.0,64.0
11.94,1625449482.0,64.0
12.4,1625449482.0,64.0
12.94,1625449482.0,64.0
13.39,1625449482.0,64.0
13.56,1625449482.0,64.0
13.35,1625449482.0,64.0
12.8,1625449482.0,64.0
12.06,1625449482.0,64.0
11.28,1625449482.0,64.0
10.61,1625449482.0,64.0
10.09,1625449482.0,64.0
9.68,1625449482.0,64.0
9.29,1625449482.0,64.0
8.79,1625449482.0,64.0
8.08,1625449482.0,64.0
7.09,1625449482.0,64.0
5.84,1625449482.0,64.0
4.37,1625449482.0,64.0
2.76,1625449482.0,64.0
1.1,1625449482.0,64.0
-0.57,1625449482.0,64.0
-2.21,1625449482.0,64.0
-3.85,1625449482.0,64.0
-5.54,1625449482.0,64.0
-7.3,1625449482.0,64.0
-9.15,1625449482.0,64.0
-11.06,1625449482.0,64.0
-12.98,1625449482.0,64.0
-14.86,1625449482.0,64.0
-16.62,1625449482.0,64.0
-18.2,1625449482.0,64.0
-19.52,1625449482.0,64.0
-20.45,1625449482.0,64.0
-20.85,1625449482.0,64.0
-20.64,1625449482.0,64.0
-19.78,1625449482.0,64.0
-18.33,1625449482.0,64.0
-16.37,1625449482.0,64.0
-13.93,1625449482.0,64.0
-11.0,1625449482.0,64.0
-7.6,1625449482.0,64.0
-3.8,1625449482.0,64.0
0.18,1625449482.0,64.0
3.98,1625449482.0,64.0
7.25,1625449482.0,64.0
9.75,1625449482.0,64.0
11.43,1625449482.0,64.0
12.47,1625449482.0,64.0
13.15,1625449482.0,64.0
13.76,1625449482.0,64.0
14.47,1625449482.0,64.0
15.29,1625449482.0,64.0
16.08,1625449482.0,64.0
16.66,1625449482.0,64.0
16.83,1625449482.0,64.0
16.54,1625449482.0,64.0
15.8,1625449482.0,64.0
14.75,1625449482.0,64.0
13.54,1625449482.0,64.0
12.28,1625449482.0,64.0
11.04,1625449482.0,64.0
9.79,1625449482.0,64.0
8.51,1625449482.0,64.0
7.18,1625449482.0,64.0
5.81,1625449482.0,64.0
4.45,1625449482.0,64.0
3.12,1625449482.0,64.0
1.85,1625449482.0,64.0
0.62,1625449482.0,64.0
-0.58,1625449482.0,64.0
-1.77,1625449482.0,64.0
-2.96,1625449482.0,64.0
-4.14,1625449482.0,64.0
-5.27,1625449482.0,64.0
-6.39,1625449482.0,64.0
-7.56,1625449482.0,64.0
-8.86,1625449482.0,64.0
-10.34,1625449482.0,64.0
-11.99,1625449482.0,64.0
-13.73,1625449482.0,64.0
-15.38,1625449482.0,64.0
-16.74,1625449482.0,64.0
-17.65,1625449482.0,64.0
-17.99,1625449482.0,64.0
-17.72,1625449482.0,64.0
-16.82,1625449482.0,64.0
-15.36,1625449482.0,64.0
-13.37,1625449482.0,64.0
-10.93,1625449482.0,64.0
-8.1,1625449482.0,64.0
-4.98,1625449482.0,64.0
-1.68,1625449482.0,64.0
1.62,1625449482.0,64.0
4.75,1625449482.0,64.0
7.53,1625449482.0,64.0
9.82,1625449482.0,64.0
11.58,1625449482.0,64.0
12.88,1625449482.0,64.0
13.82,1625449482.0,64.0
14.55,1625449482.0,64.0
15.14,1625449482.0,64.0
15.61,1625449482.0,64.0
15.89,1625449482.0,64.0
15.89,1625449482.0,64.0
15.53,1625449482.0,64.0
14.8,1625449482.0,64.0
13.75,1625449482.0,64.0
12.47,1625449482.0,64.0
11.05,1625449482.0,64.0
9.58,1625449482.0,64.0
8.17,1625449482.0,64.0
6.91,1625449482.0,64.0
5.83,1625449482.0,64.0
4.9,1625449482.0,64.0
3.99,1625449482.0,64.0
2.94,1625449482.0,64.0
1.62,1625449482.0,64.0
0.04,1625449482.0,64.0
-1.68,1625449482.0,64.0
-3.35,1625449482.0,64.0
-4.83,1625449482.0,64.0
-6.1,1625449482.0,64.0
-7.29,1625449482.0,64.0
-8.58,1625449482.0,64.0
-10.1,1625449482.0,64.0
-11.84,1625449482.0,64.0
-13.66,1625449482.0,64.0
-15.37,1625449482.0,64.0
-16.85,1625449482.0,64.0
-18.07,1625449482.0,64.0
-19.08,1625449482.0,64.0
-19.9,1625449482.0,64.0
-20.45,1625449482.0,64.0
-20.56,1625449482.0,64.0
-20.05,1625449482.0,64.0
-18.79,1625449482.0,64.0
-16.78,1625449482.0,64.0
-14.15,1625449482.0,64.0
-11.1,1625449482.0,64.0
-7.79,1625449482.0,64.0
-4.39,1625449482.0,64.0
-1.01,1625449482.0,64.0
2.17,1625449482.0,64.0
4.96,1625449482.0,64.0
7.18,1625449482.0,64.0
8.73,1625449482.0,64.0
9.68,1625449482.0,64.0
10.16,1625449482.0,64.0
10.43,1625449482.0,64.0
10.68,1625449482.0,64.0
11.04,1625449482.0,64.0
11.55,1625449482.0,64.0
12.16,1625449482.0,64.0
12.76,1625449482.0,64.0
13.21,1625449482.0,64.0
13.39,1625449482.0,64.0
13.18,1625449482.0,64.0
12.55,1625449482.0,64.0
11.55,1625449482.0,64.0
10.32,1625449482.0,64.0
9.05,1625449482.0,64.0
7.92,1625449482.0,64.0
7.03,1625449482.0,64.0
6.36,1625449482.0,64.0
5.82,1625449482.0,64.0
5.27,1625449482.0,64.0
4.61,1625449482.0,64.0
3.76,1625449482.0,64.0
2.72,1625449482.0,64.0
1.55,1625449482.0,64.0
0.33,1625449482.0,64.0
-0.83,1625449482.0,64.0
-1.84,1625449482.0,64.0
-2.62,1625449482.0,64.0
-3.19,1625449482.0,64.0
-3.67,1625449482.0,64.0
-4.25,1625449482.0,64.0
-5.21,1625449482.0,64.0
-6.69,1625449482.0,64.0
-8.69,1625449482.0,64.0
-10.95,1625449482.0,64.0
-13.05,1625449482.0,64.0
-14.5,1625449482.0,64.0
-14.93,1625449482.0,64.0
-14.18,1625449482.0,64.0
-12.31,1625449482.0,64.0
-9.53,1625449482.0,64.0
-6.12,1625449482.0,64.0
-2.39,1625449482.0,64.0
1.36,1625449482.0,64.0
4.84,1625449482.0,64.0
7.75,1625449482.0,64.0
9.89,1625449482.0,64.0
11.19,1625449482.0,64.0
11.75,1625449482.0,64.0
11.76,1625449482.0,64.0
11.46,1625449482.0,64.0
11.02,1625449482.0,64.0
10.53,1625449482.0,64.0
10.0,1625449482.0,64.0
9.45,1625449482.0,64.0
8.94,1625449482.0,64.0
8.58,1625449482.0,64.0
8.47,1625449482.0,64.0
8.6,1625449482.0,64.0
8.87,1625449482.0,64.0
9.08,1625449482.0,64.0
9.07,1625449482.0,64.0
8.73,1625449482.0,64.0
8.01,1625449482.0,64.0
6.94,1625449482.0,64.0
5.57,1625449482.0,64.0
3.96,1625449482.0,64.0
2.19,1625449482.0,64.0
0.34,1625449482.0,64.0
-1.45,1625449482.0,64.0
-3.08,1625449482.0,64.0
-4.52,1625449482.0,64.0
-5.85,1625449482.0,64.0
-7.21,1625449482.0,64.0
-8.73,1625449482.0,64.0
-10.47,1625449482.0,64.0
-12.33,1625449482.0,64.0
-14.19,1625449482.0,64.0
-15.9,1625449482.0,64.0
-17.38,1625449482.0,64.0
-18.58,1625449482.0,64.0
-19.46,1625449482.0,64.0
-19.9,1625449482.0,64.0
-19.75,1625449482.0,64.0
-18.83,1625449482.0,64.0
-17.04,1625449482.0,64.0
-14.44,1625449482.0,64.0
-11.26,1625449482.0,64.0
-7.8,1625449482.0,64.0
-4.34,1625449482.0,64.0
-1.09,1625449482.0,64.0
1.85,1625449482.0,64.0
4.41,1625449482.0,64.0
6.51,1625449482.0,64.0
8.1,1625449482.0,64.0
9.2,1625449482.0,64.0
9.92,1625449482.0,64.0
10.45,1625449482.0,64.0
11.03,1625449482.0,64.0
11.8,1625449482.0,64.0
12.77,1625449482.0,64.0
13.8,1625449482.0,64.0
14.66,1625449482.0,64.0
15.14,1625449482.0,64.0
15.13,1625449482.0,64.0
14.63,1625449482.0,64.0
13.72,1625449482.0,64.0
12.51,1625449482.0,64.0
11.08,1625449482.0,64.0
9.44,1625449482.0,64.0
7.59,1625449482.0,64.0
5.56,1625449482.0,64.0
3.42,1625449482.0,64.0
1.25,1625449482.0,64.0
-0.82,1625449482.0,64.0
-2.72,1625449482.0,64.0
-4.43,1625449482.0,64.0
-5.99,1625449482.0,64.0
-7.44,1625449482.0,64.0
-8.81,1625449482.0,64.0
-10.09,1625449482.0,64.0
-11.27,1625449482.0,64.0
-12.31,1625449482.0,64.0
-13.23,1625449482.0,64.0
-14.09,1625449482.0,64.0
-14.98,1625449482.0,64.0
-15.97,1625449482.0,64.0
-17.05,1625449482.0,64.0
-18.13,1625449482.0,64.0
-18.97,1625449482.0,64.0
-19.3,1625449482.0,64.0
-18.88,1625449482.0,64.0
-17.59,1625449482.0,64.0
-15.47,1625449482.0,64.0
-12.68,1625449482.0,64.0
-9.45,1625449482.0,64.0
-5.96,1625449482.0,64.0
-2.36,1625449482.0,64.0
1.24,1625449482.0,64.0
4.74,1625449482.0,64.0
7.96,1625449482.0,64.0
10.73,1625449482.0,64.0
12.92,1625449482.0,64.0
14.54,1625449482.0,64.0
15.71,1625449482.0,64.0
16.61,1625449482.0,64.0
17.41,1625449482.0,64.0
18.21,1625449482.0,64.0
18.95,1625449482.0,64.0
19.49,1625449482.0,64.0
19.68,1625449482.0,64.0
19.39,1625449482.0,64.0
18.57,1625449482.0,64.0
17.22,1625449482.0,64.0
15.4,1625449482.0,64.0
13.21,1625449482.0,64.0
10.73,1625449482.0,64.0
8.07,1625449482.0,64.0
5.34,1625449482.0,64.0
2.68,1625449482.0,64.0
0.15,1625449482.0,64.0
-2.18,1625449482.0,64.0
-4.33,1625449482.0,64.0
-6.33,1625449482.0,64.0
-8.21,1625449482.0,64.0
-9.98,1625449482.0,64.0
-11.6,1625449482.0,64.0
-13.04,1625449482.0,64.0
-14.26,1625449482.0,64.0
-15.31,1625449482.0,64.0
-16.25,1625449482.0,64.0
-17.11,1625449482.0,64.0
-17.84,1625449482.0,64.0
-18.32,1625449482.0,64.0
-18.47,1625449482.0,64.0
-18.21,1625449482.0,64.0
-17.61,1625449482.0,64.0
-16.69,1625449482.0,64.0
-15.45,1625449482.0,64.0
-13.77,1625449482.0,64.0
-11.48,1625449482.0,64.0
-8.5,1625449482.0,64.0
-4.91,1625449482.0,64.0
-1.01,1625449482.0,64.0
2.82,1625449482.0,64.0
6.24,1625449482.0,64.0
9.04,1625449482.0,64.0
11.2,1625449482.0,64.0
12.79,1625449482.0,64.0
13.94,1625449482.0,64.0
14.76,1625449482.0,64.0
15.3,1625449482.0,64.0
15.6,1625449482.0,64.0
15.65,1625449482.0,64.0
15.38,1625449482.0,64.0
14.74,1625449482.0,64.0
13.73,1625449482.0,64.0
12.41,1625449482.0,64.0
10.9,1625449482.0,64.0
9.37,1625449482.0,64.0
7.95,1625449482.0,64.0
6.65,1625449482.0,64.0
5.43,1625449482.0,64.0
4.17,1625449482.0,64.0
2.77,1625449482.0,64.0
1.17,1625449482.0,64.0
-0.6,1625449482.0,64.0
-2.41,1625449482.0,64.0
-4.13,1625449482.0,64.0
-5.56,1625449482.0,64.0
-6.65,1625449482.0,64.0
-7.38,1625449482.0,64.0
-7.91,1625449482.0,64.0
-8.47,1625449482.0,64.0
-9.25,1625449482.0,64.0
-10.36,1625449482.0,64.0
-11.66,1625449482.0,64.0
-12.86,1625449482.0,64.0
-13.58,1625449482.0,64.0
-13.56,1625449482.0,64.0
-12.72,1625449482.0,64.0
-11.14,1625449482.0,64.0
-8.99,1625449482.0,64.0
-6.39,1625449482.0,64.0
-3.37,1625449482.0,64.0
0.05,1625449482.0,64.0
3.79,1625449482.0,64.0
7.57,1625449482.0,64.0
10.95,1625449482.0,64.0
13.46,1625449482.0,64.0
14.8,1625449482.0,64.0
14.9,1625449482.0,64.0
14.02,1625449482.0,64.0
12.57,1625449482.0,64.0
11.02,1625449482.0,64.0
9.72,1625449482.0,64.0
8.81,1625449482.0,64.0
8.3,1625449482.0,64.0
8.09,1625449482.0,64.0
7.98,1625449482.0,64.0
7.84,1625449482.0,64.0
7.55,1625449482.0,64.0
7.09,1625449482.0,64.0
6.48,1625449482.0,64.0
5.73,1625449482.0,64.0
4.81,1625449482.0,64.0
3.71,1625449482.0,64.0
2.41,1625449482.0,64.0
0.93,1625449482.0,64.0
-0.62,1625449482.0,64.0
-2.15,1625449482.0,64.0
-3.58,1625449482.0,64.0
-4.94,1625449482.0,64.0
-6.3,1625449482.0,64.0
-7.74,1625449482.0,64.0
-9.28,1625449482.0,64.0
-10.89,1625449482.0,64.0
-12.46,1625449482.0,64.0
-13.88,1625449482.0,64.0
-15.09,1625449482.0,64.0
-16.08,1625449482.0,64.0
-16.86,1625449482.0,64.0
-17.39,1625449482.0,64.0
-17.57,1625449482.0,64.0
-17.28,1625449482.0,64.0
-16.39,1625449482.0,64.0
-14.87,1625449482.0,64.0
-12.76,1625449482.0,64.0
-10.19,1625449482.0,64.0
-7.34,1625449482.0,64.0
-4.43,1625449482.0,64.0
-1.65,1625449482.0,64.0
0.83,1625449482.0,64.0
2.91,1625449482.0,64.0
4.59,1625449482.0,64.0
5.9,1625449482.0,64.0
6.96,1625449482.0,64.0
7.93,1625449482.0,64.0
8.94,1625449482.0,64.0
10.08,1625449482.0,64.0
11.37,1625449482.0,64.0
12.7,1625449482.0,64.0
13.85,1625449482.0,64.0
14.51,1625449482.0,64.0
14.45,1625449482.0,64.0
13.58,1625449482.0,64.0
12.03,1625449482.0,64.0
10.11,1625449482.0,64.0
8.17,1625449482.0,64.0
6.45,1625449482.0,64.0
4.95,1625449482.0,64.0
3.57,1625449482.0,64.0
2.16,1625449482.0,64.0
0.75,1625449482.0,64.0
-0.49,1625449482.0,64.0
-1.31,1625449482.0,64.0
-1.5,1625449482.0,64.0
-1.13,1625449482.0,64.0
-0.48,1625449482.0,64.0
0.02,1625449482.0,64.0
0.0,1625449482.0,64.0
-0.75,1625449482.0,64.0
-2.2,1625449482.0,64.0
-4.14,1625449482.0,64.0
-6.28,1625449482.0,64.0
-8.37,1625449482.0,64.0
-10.2,1625449482.0,64.0
-11.65,1625449482.0,64.0
-12.65,1625449482.0,64.0
-13.17,1625449482.0,64.0
-13.21,1625449482.0,64.0
-12.74,1625449482.0,64.0
-11.76,1625449482.0,64.0
-10.26,1625449482.0,64.0
-8.26,1625449482.0,64.0
-5.8,1625449482.0,64.0
-3.02,1625449482.0,64.0
-0.11,1625449482.0,64.0
2.68,1625449482.0,64.0
5.12,1625449482.0,64.0
7.02,1625449482.0,64.0
8.33,1625449482.0,64.0
9.06,1625449482.0,64.0
9.33,1625449482.0,64.0
9.32,1625449482.0,64.0
9.19,1625449482.0,64.0
8.99,1625449482.0,64.0
8.74,1625449482.0,64.0
8.37,1625449482.0,64.0
7.83,1625449482.0,64.0
7.18,1625449482.0,64.0
6.53,1625449482.0,64.0
6.03,1625449482.0,64.0
5.71,1625449482.0,64.0
5.51,1625449482.0,64.0
5.27,1625449482.0,64.0
4.84,1625449482.0,64.0
4.19,1625449482.0,64.0
3.41,1625449482.0,64.0
2.63,1625449482.0,64.0
1.94,1625449482.0,64.0
1.31,1625449482.0,64.0
0.64,1625449482.0,64.0
-0.18,1625449482.0,64.0
-1.15,1625449482.0,64.0
-2.19,1625449482.0,64.0
-3.18,1625449482.0,64.0
-4.06,1625449482.0,64.0
-4.91,1625449482.0,64.0
-5.89,1625449482.0,64.0
-7.22,1625449482.0,64.0
-8.97,1625449482.0,64.0
-11.08,1625449482.0,64.0
-13.29,1625449482.0,64.0
-15.21,1625449482.0,64.0
-16.44,1625449482.0,64.0
-16.68,1625449482.0,64.0
-15.8,1625449482.0,64.0
-13.9,1625449482.0,64.0
-11.26,1625449482.0,64.0
-8.18,1625449482.0,64.0
-4.97,1625449482.0,64.0
-1.84,1625449482.0,64.0
1.07,1625449482.0,64.0
3.69,1625449482.0,64.0
5.94,1625449482.0,64.0
7.8,1625449482.0,64.0
9.28,1625449482.0,64.0
10.45,1625449482.0,64.0
11.45,1625449482.0,64.0
12.43,1625449482.0,64.0
13.49,1625449482.0,64.0
14.64,1625449482.0,64.0
15.77,1625449482.0,64.0
16.69,1625449482.0,64.0
17.21,1625449482.0,64.0
17.26,1625449482.0,64.0
16.85,1625449482.0,64.0
16.12,1625449482.0,64.0
15.2,1625449482.0,64.0
14.21,1625449482.0,64.0
13.15,1625449482.0,64.0
11.99,1625449482.0,64.0
10.68,1625449482.0,64.0
9.17,1625449482.0,64.0
7.49,1625449482.0,64.0
5.66,1625449482.0,64.0
3.73,1625449482.0,64.0
1.71,1625449482.0,64.0
-0.34,1625449482.0,64.0
-2.38,1625449482.0,64.0
-4.3,1625449482.0,64.0
-5.99,1625449482.0,64.0
-7.37,1625449482.0,64.0
-8.42,1625449482.0,64.0
-9.18,1625449482.0,64.0
-9.77,1625449482.0,64.0
-10.34,1625449482.0,64.0
-11.07,1625449482.0,64.0
-12.03,1625449482.0,64.0
-13.19,1625449482.0,64.0
-14.35,1625449482.0,64.0
-15.2,1625449482.0,64.0
-15.46,1625449482.0,64.0
-14.94,1625449482.0,64.0
-13.64,1625449482.0,64.0
-11.73,1625449482.0,64.0
-9.47,1625449482.0,64.0
-7.02,1625449482.0,64.0
-4.51,1625449482.0,64.0
-1.94,1625449482.0,64.0
0.66,1625449482.0,64.0
3.21,1625449482.0,64.0
5.53,1625449482.0,64.0
7.41,1625449482.0,64.0
8.68,1625449482.0,64.0
9.3,1625449482.0,64.0
9.39,1625449482.0,64.0
9.18,1625449482.0,64.0
8.91,1625449482.0,64.0
8.75,1625449482.0,64.0
8.71,1625449482.0,64.0
8.69,1625449482.0,64.0
8.52,1625449482.0,64.0
8.09,1625449482.0,64.0
7.35,1625449482.0,64.0
6.37,1625449482.0,64.0
5.29,1625449482.0,64.0
4.21,1625449482.0,64.0
3.23,1625449482.0,64.0
2.36,1625449482.0,64.0
1.59,1625449482.0,64.0
0.9,1625449482.0,64.0
0.34,1625449482.0,64.0
-0.1,1625449482.0,64.0
-0.43,1625449482.0,64.0
-0.76,1625449482.0,64.0
-1.29,1625449482.0,64.0
-2.19,1625449482.0,64.0
-3.58,1625449482.0,64.0
-5.38,1625449482.0,64.0
-7.37,1625449482.0,64.0
-9.3,1625449482.0,64.0
-10.99,1625449482.0,64.0
-12.37,1625449482.0,64.0
-13.49,1625449482.0,64.0
-14.44,1625449482.0,64.0
-15.19,1625449482.0,64.0
-15.63,1625449482.0,64.0
-15.57,1625449482.0,64.0
-14.88,1625449482.0,64.0
-13.54,1625449482.0,64.0
-11.68,1625449482.0,64.0
-9.47,1625449482.0,64.0
-7.06,1625449482.0,64.0
-4.57,1625449482.0,64.0
-2.01,1625449482.0,64.0
0.63,1625449482.0,64.0
3.3,1625449482.0,64.0
5.91,1625449482.0,64.0
8.26,1625449482.0,64.0
10.15,1625449482.0,64.0
11.42,1625449482.0,64.0
12.05,1625449482.0,64.0
12.13,1625449482.0,64.0
11.86,1625449482.0,64.0
11.41,1625449482.0,64.0
10.93,1625449482.0,64.0
10.5,1625449482.0,64.0
10.15,1625449482.0,64.0
9.86,1625449482.0,64.0
9.61,1625449482.0,64.0
9.36,1625449482.0,64.0
9.03,1625449482.0,64.0
8.54,1625449482.0,64.0
7.84,1625449482.0,64.0
6.96,1625449482.0,64.0
5.99,1625449482.0,64.0
5.04,1625449482.0,64.0
4.14,1625449482.0,64.0
3.24,1625449482.0,64.0
2.22,1625449482.0,64.0
0.93,1625449482.0,64.0
-0.73,1625449482.0,64.0
-2.76,1625449482.0,64.0
-5.1,1625449482.0,64.0
-7.61,1625449482.0,64.0
-10.1,1625449482.0,64.0
-12.36,1625449482.0,64.0
-14.21,1625449482.0,64.0
-15.52,1625449482.0,64.0
-16.28,1625449482.0,64.0
-16.61,1625449482.0,64.0
-16.7,1625449482.0,64.0
-16.75,1625449482.0,64.0
-16.81,1625449482.0,64.0
-16.81,1625449482.0,64.0
-16.53,1625449482.0,64.0
-15.74,1625449482.0,64.0
-14.33,1625449482.0,64.0
-12.35,1625449482.0,64.0
-9.97,1625449482.0,64.0
-7.4,1625449482.0,64.0
-4.77,1625449482.0,64.0
-2.09,1625449482.0,64.0
0.65,1625449482.0,64.0
3.38,1625449482.0,64.0
5.9,1625449482.0,64.0
7.93,1625449482.0,64.0
9.21,1625449482.0,64.0
9.7,1625449482.0,64.0
9.6,1625449482.0,64.0
9.25,1625449482.0,64.0
8.96,1625449482.0,64.0
8.87,1625449482.0,64.0
8.94,1625449482.0,64.0
8.98,1625449482.0,64.0
8.83,1625449482.0,64.0
8.48,1625449482.0,64.0
7.96,1625449482.0,64.0
7.36,1625449482.0,64.0
6.67,1625449482.0,64.0
5.83,1625449482.0,64.0
4.75,1625449482.0,64.0
3.43,1625449482.0,64.0
1.95,1625449482.0,64.0
0.45,1625449482.0,64.0
-0.95,1625449482.0,64.0
-2.23,1625449482.0,64.0
-3.43,1625449482.0,64.0
-4.6,1625449482.0,64.0
-5.73,1625449482.0,64.0
-6.81,1625449482.0,64.0
-7.77,1625449482.0,64.0
-8.6,1625449482.0,64.0
-9.36,1625449482.0,64.0
-10.11,1625449482.0,64.0
-10.92,1625449482.0,64.0
-11.8,1625449482.0,64.0
-12.73,1625449482.0,64.0
-13.63,1625449482.0,64.0
-14.46,1625449482.0,64.0
-15.13,1625449482.0,64.0
-15.57,1625449482.0,64.0
-15.67,1625449482.0,64.0
-15.31,1625449482.0,64.0
-14.41,1625449482.0,64.0
-12.94,1625449482.0,64.0
-10.97,1625449482.0,64.0
-8.66,1625449482.0,64.0
-6.15,1625449482.0,64.0
-3.6,1625449482.0,64.0
-1.09,1625449482.0,64.0
1.31,1625449482.0,64.0
3.6,1625449482.0,64.0
5.74,1625449482.0,64.0
7.65,1625449482.0,64.0
9.23,1625449482.0,64.0
10.38,1625449482.0,64.0
11.06,1625449482.0,64.0
11.33,1625449482.0,64.0
11.34,1625449482.0,64.0
11.23,1625449482.0,64.0
11.13,1625449482.0,64.0
11.09,1625449482.0,64.0
11.06,1625449482.0,64.0
10.98,1625449482.0,64.0
10.76,1625449482.0,64.0
10.31,1625449482.0,64.0
9.56,1625449482.0,64.0
8.44,1625449482.0,64.0
6.95,1625449482.0,64.0
5.14,1625449482.0,64.0
3.18,1625449482.0,64.0
1.29,1625449482.0,64.0
-0.3,1625449482.0,64.0
-1.51,1625449482.0,64.0
-2.34,1625449482.0,64.0
-2.98,1625449482.0,64.0
-3.64,1625449482.0,64.0
-4.47,1625449482.0,64.0
-5.5,1625449482.0,64.0
-6.65,1625449482.0,64.0
-7.74,1625449482.0,64.0
-8.67,1625449482.0,64.0
-9.42,1625449482.0,64.0
-10.1,1625449482.0,64.0
-10.88,1625449482.0,64.0
-11.91,1625449482.0,64.0
-13.22,1625449482.0,64.0
-14.67,1625449482.0,64.0
-16.01,1625449482.0,64.0
-16.9,1625449482.0,64.0
-17.04,1625449482.0,64.0
-16.28,1625449482.0,64.0
-14.66,1625449482.0,64.0
-12.4,1625449482.0,64.0
-9.8,1625449482.0,64.0
-7.15,1625449482.0,64.0
-4.61,1625449482.0,64.0
-2.23,1625449482.0,64.0
0.03,1625449482.0,64.0
2.18,1625449482.0,64.0
4.16,1625449482.0,64.0
5.86,1625449482.0,64.0
7.21,1625449482.0,64.0
8.2,1625449482.0,64.0
8.92,1625449482.0,64.0
9.55,1625449482.0,64.0
10.22,1625449482.0,64.0
10.96,1625449482.0,64.0
11.72,1625449482.0,64.0
12.38,1625449482.0,64.0
12.82,1625449482.0,64.0
13.0,1625449482.0,64.0
12.93,1625449482.0,64.0
12.64,1625449482.0,64.0
12.16,1625449482.0,64.0
11.53,1625449482.0,64.0
10.8,1625449482.0,64.0
10.02,1625449482.0,64.0
9.19,1625449482.0,64.0
8.27,1625449482.0,64.0
7.16,1625449482.0,64.0
5.79,1625449482.0,64.0
4.15,1625449482.0,64.0
2.35,1625449482.0,64.0
0.67,1625449482.0,64.0
-0.64,1625449482.0,64.0
-1.37,1625449482.0,64.0
-1.52,1625449482.0,64.0
-1.25,1625449482.0,64.0
-0.91,1625449482.0,64.0
-0.88,1625449482.0,64.0
-1.45,1625449482.0,64.0
-2.73,1625449482.0,64.0
-4.62,1625449482.0,64.0
-6.79,1625449482.0,64.0
-8.84,1625449482.0,64.0
-10.45,1625449482.0,64.0
-11.41,1625449482.0,64.0
-11.66,1625449482.0,64.0
-11.24,1625449482.0,64.0
-10.19,1625449482.0,64.0
-8.58,1625449482.0,64.0
-6.49,1625449482.0,64.0
-4.08,1625449482.0,64.0
-1.6,1625449482.0,64.0
0.61,1625449482.0,64.0
2.31,1625449482.0,64.0
3.4,1625449482.0,64.0
3.96,1625449482.0,64.0
4.2,1625449482.0,64.0
4.34,1625449482.0,64.0
4.55,1625449482.0,64.0
4.91,1625449482.0,64.0
5.47,1625449482.0,64.0
6.24,1625449482.0,64.0
7.18,1625449482.0,64.0
8.16,1625449482.0,64.0
8.97,1625449482.0,64.0
9.41,1625449482.0,64.0
9.37,1625449482.0,64.0
8.89,1625449482.0,64.0
8.12,1625449482.0,64.0
7.23,1625449482.0,64.0
6.33,1625449482.0,64.0
5.39,1625449482.0,64.0
4.33,1625449482.0,64.0
3.1,1625449482.0,64.0
1.78,1625449482.0,64.0
0.53,1625449482.0,64.0
-0.52,1625449482.0,64.0
-1.3,1625449482.0,64.0
-1.94,1625449482.0,64.0
-2.6,1625449482.0,64.0
-3.45,1625449482.0,64.0
-4.55,1625449482.0,64.0
-5.84,1625449482.0,64.0
-7.26,1625449482.0,64.0
-8.72,1625449482.0,64.0
-10.2,1625449482.0,64.0
-11.64,1625449482.0,64.0
-12.98,1625449482.0,64.0
-14.05,1625449482.0,64.0
-14.7,1625449482.0,64.0
-14.8,1625449482.0,64.0
-14.3,1625449482.0,64.0
-13.27,1625449482.0,64.0
-11.83,1625449482.0,64.0
-10.09,1625449482.0,64.0
-8.08,1625449482.0,64.0
-5.79,1625449482.0,64.0
-3.17,1625449482.0,64.0
-0.24,1625449482.0,64.0
2.89,1625449482.0,64.0
6.0,1625449482.0,64.0
8.83,1625449482.0,64.0
11.13,1625449482.0,64.0
12.74,1625449482.0,64.0
13.63,1625449482.0,64.0
13.93,1625449482.0,64.0
13.85,1625449482.0,64.0
13.61,1625449482.0,64.0
13.35,1625449482.0,64.0
13.1,1625449482.0,64.0
12.74,1625449482.0,64.0
12.15,1625449482.0,64.0
11.26,1625449482.0,64.0
10.13,1625449482.0,64.0
8.93,1625449482.0,64.0
7.85,1625449482.0,64.0
6.95,1625449482.0,64.0
6.18,1625449482.0,64.0
5.38,1625449482.0,64.0
4.43,1625449482.0,64.0
3.33,1625449482.0,64.0
2.2,1625449482.0,64.0
1.19,1625449482.0,64.0
0.41,1625449482.0,64.0
-0.22,1625449482.0,64.0
-0.9,1625449482.0,64.0
-1.83,1625449482.0,64.0
-3.13,1625449482.0,64.0
-4.79,1625449482.0,64.0
-6.68,1625449482.0,64.0
-8.63,1625449482.0,64.0
-10.5,1625449482.0,64.0
-12.21,1625449482.0,64.0
-13.72,1625449482.0,64.0
-14.93,1625449482.0,64.0
-15.71,1625449482.0,64.0
-15.88,1625449482.0,64.0
-15.36,1625449482.0,64.0
-14.15,1625449482.0,64.0
-12.41,1625449482.0,64.0
-10.37,1625449482.0,64.0
-8.18,1625449482.0,64.0
-5.94,1625449482.0,64.0
-3.64,1625449482.0,64.0
-1.24,1625449482.0,64.0
1.18,1625449482.0,64.0
3.49,1625449482.0,64.0
5.48,1625449482.0,64.0
7.04,1625449482.0,64.0
8.14,1625449482.0,64.0
8.92,1625449482.0,64.0
9.58,1625449482.0,64.0
10.24,1625449482.0,64.0
10.97,1625449482.0,64.0
11.69,1625449482.0,64.0
12.29,1625449482.0,64.0
12.72,1625449482.0,64.0
12.92,1625449482.0,64.0
12.87,1625449482.0,64.0
12.51,1625449482.0,64.0
11.82,1625449482.0,64.0
10.75,1625449482.0,64.0
9.36,1625449482.0,64.0
7.71,1625449482.0,64.0
5.92,1625449482.0,64.0
4.09,1625449482.0,64.0
2.29,1625449482.0,64.0
0.55,1625449482.0,64.0
-1.08,1625449482.0,64.0
-2.57,1625449482.0,64.0
-3.91,1625449482.0,64.0
-5.04,1625449482.0,64.0
-5.98,1625449482.0,64.0
-6.78,1625449482.0,64.0
-7.52,1625449482.0,64.0
-8.27,1625449482.0,64.0
-9.1,1625449482.0,64.0
-10.03,1625449482.0,64.0
-11.07,1625449482.0,64.0
-12.16,1625449482.0,64.0
-13.22,1625449482.0,64.0
-14.09,1625449482.0,64.0
-14.61,1625449482.0,64.0
-14.64,1625449482.0,64.0
-14.15,1625449482.0,64.0
-13.13,1625449482.0,64.0
-11.64,1625449482.0,64.0
-9.77,1625449482.0,64.0
-7.55,1625449482.0,64.0
-4.99,1625449482.0,64.0
-2.14,1625449482.0,64.0
0.91,1625449482.0,64.0
3.93,1625449482.0,64.0
6.64,1625449482.0,64.0
8.79,1625449482.0,64.0
10.27,1625449482.0,64.0
11.11,1625449482.0,64.0
11.48,1625449482.0,64.0
11.58,1625449482.0,64.0
11.56,1625449482.0,64.0
11.49,1625449482.0,64.0
11.4,1625449482.0,64.0
11.29,1625449482.0,64.0
11.18,1625449482.0,64.0
11.12,1625449482.0,64.0
11.08,1625449482.0,64.0
11.03,1625449482.0,64.0
10.86,1625449482.0,64.0
10.49,1625449482.0,64.0
9.85,1625449482.0,64.0
8.94,1625449482.0,64.0
7.81,1625449482.0,64.0
6.52,1625449482.0,64.0
5.13,1625449482.0,64.0
3.68,1625449482.0,64.0
2.22,1625449482.0,64.0
0.77,1625449482.0,64.0
-0.65,1625449482.0,64.0
-2.08,1625449482.0,64.0
-3.62,1625449482.0,64.0
-5.38,1625449482.0,64.0
-7.4,1625449482.0,64.0
-9.66,1625449482.0,64.0
-12.02,1625449482.0,64.0
-14.35,1625449482.0,64.0
-16.5,1625449482.0,64.0
-18.39,1625449482.0,64.0
-19.99,1625449482.0,64.0
-21.24,1625449482.0,64.0
-22.02,1625449482.0,64.0
-22.18,1625449482.0,64.0
-21.53,1625449482.0,64.0
-20.01,1625449482.0,64.0
-17.68,1625449482.0,64.0
-14.75,1625449482.0,64.0
-11.49,1625449482.0,64.0
-8.14,1625449482.0,64.0
-4.87,1625449482.0,64.0
-1.74,1625449482.0,64.0
1.17,1625449482.0,64.0
3.84,1625449482.0,64.0
6.16,1625449482.0,64.0
8.06,1625449482.0,64.0
9.43,1625449482.0,64.0
10.28,1625449482.0,64.0
10.71,1625449482.0,64.0
10.88,1625449482.0,64.0
11.02,1625449482.0,64.0
11.26,1625449482.0,64.0
11.65,1625449482.0,64.0
12.14,1625449482.0,64.0
12.58,1625449482.0,64.0
12.82,1625449482.0,64.0
12.78,1625449482.0,64.0
12.5,1625449482.0,64.0
12.06,1625449482.0,64.0
11.58,1625449482.0,64.0
11.06,1625449482.0,64.0
10.48,1625449482.0,64.0
9.71,1625449482.0,64.0
8.68,1625449482.0,64.0
7.35,1625449482.0,64.0
5.76,1625449482.0,64.0
4.03,1625449482.0,64.0
2.28,1625449482.0,64.0
0.63,1625449482.0,64.0
-0.85,1625449482.0,64.0
-2.1,1625449482.0,64.0
-3.12,1625449482.0,64.0
-3.92,1625449482.0,64.0
-4.54,1625449482.0,64.0
-5.09,1625449482.0,64.0
-5.7,1625449482.0,64.0
-6.55,1625449482.0,64.0
-7.73,1625449482.0,64.0
-9.19,1625449482.0,64.0
-10.72,1625449482.0,64.0
-11.99,1625449482.0,64.0
-12.63,1625449482.0,64.0
-12.45,1625449482.0,64.0
-11.43,1625449482.0,64.0
-9.75,1625449482.0,64.0
-7.68,1625449482.0,64.0
-5.44,1625449482.0,64.0
-3.19,1625449482.0,64.0
-0.99,1625449482.0,64.0
1.08,1625449482.0,64.0
2.87,1625449482.0,64.0
4.25,1625449482.0,64.0
5.19,1625449482.0,64.0
5.79,1625449482.0,64.0
6.29,1625449482.0,64.0
6.98,1625449482.0,64.0
7.98,1625449482.0,64.0
9.24,1625449482.0,64.0
10.56,1625449482.0,64.0
11.74,1625449482.0,64.0
12.63,1625449482.0,64.0
13.23,1625449482.0,64.0
13.58,1625449482.0,64.0
13.72,1625449482.0,64.0
13.65,1625449482.0,64.0
13.33,1625449482.0,64.0
12.72,1625449482.0,64.0
11.84,1625449482.0,64.0
10.73,1625449482.0,64.0
9.44,1625449482.0,64.0
8.02,1625449482.0,64.0
6.47,1625449482.0,64.0
4.77,1625449482.0,64.0
2.96,1625449482.0,64.0
1.04,1625449482.0,64.0
-1.0,1625449482.0,64.0
-3.15,1625449482.0,64.0
-5.41,1625449482.0,64.0
-7.7,1625449482.0,64.0
-9.83,1625449482.0,64.0
-11.64,1625449482.0,64.0
-12.99,1625449482.0,64.0
-13.93,1625449482.0,64.0
-14.59,1625449482.0,64.0
-15.15,1625449482.0,64.0
-15.68,1625449482.0,64.0
-16.07,1625449482.0,64.0
-16.05,1625449482.0,64.0
-15.34,1625449482.0,64.0
-13.83,1625449482.0,64.0
-11.62,1625449482.0,64.0
-8.98,1625449482.0,64.0
-6.17,1625449482.0,64.0
-3.37,1625449482.0,64.0
-0.62,1625449482.0,64.0
2.1,1625449482.0,64.0
4.74,1625449482.0,64.0
7.13,1625449482.0,64.0
9.02,1625449482.0,64.0
10.24,1625449482.0,64.0
10.83,1625449482.0,64.0
11.04,1625449482.0,64.0
11.25,1625449482.0,64.0
11.73,1625449482.0,64.0
12.52,1625449482.0,64.0
13.44,1625449482.0,64.0
14.21,1625449482.0,64.0
14.64,1625449482.0,64.0
14.73,1625449482.0,64.0
14.59,1625449482.0,64.0
14.32,1625449482.0,64.0
13.9,1625449482.0,64.0
13.18,1625449482.0,64.0
12.0,1625449482.0,64.0
10.3,1625449482.0,64.0
8.19,1625449482.0,64.0
5.97,1625449482.0,64.0
3.93,1625449482.0,64.0
2.31,1625449482.0,64.0
1.13,1625449482.0,64.0
0.23,1625449482.0,64.0
-0.66,1625449482.0,64.0
-1.78,1625449482.0,64.0
-3.26,1625449482.0,64.0
-5.03,1625449482.0,64.0
-6.91,1625449482.0,64.0
-8.68,1625449482.0,64.0
-10.21,1625449482.0,64.0
-11.48,1625449482.0,64.0
-12.59,1625449482.0,64.0
-13.68,1625449482.0,64.0
-14.81,1625449482.0,64.0
-15.98,1625449482.0,64.0
-17.1,1625449482.0,64.0
-18.04,1625449482.0,64.0
-18.61,1625449482.0,64.0
-18.63,1625449482.0,64.0
-17.89,1625449482.0,64.0
-16.21,1625449482.0,64.0
-13.51,1625449482.0,64.0
-9.9,1625449482.0,64.0
-5.67,1625449482.0,64.0
-1.3,1625449482.0,64.0
2.71,1625449482.0,64.0
6.03,1625449482.0,64.0
8.51,1625449482.0,64.0
10.3,1625449482.0,64.0
11.72,1625449482.0,64.0
13.11,1625449482.0,64.0
14.76,1625449482.0,64.0
16.72,1625449482.0,64.0
18.81,1625449482.0,64.0
20.66,1625449482.0,64.0
21.8,1625449482.0,64.0
21.78,1625449482.0,64.0
20.16,1625449482.0,64.0
16.68,1625449482.0,64.0
11.28,1625449482.0,64.0
4.29,1625449482.0,64.0
-3.51,1625449482.0,64.0
-10.97,1625449482.0,64.0
-16.83,1625449482.0,64.0
-20.1,1625449482.0,64.0
-20.3,1625449482.0,64.0
-17.68,1625449482.0,64.0
-13.0,1625449482.0,64.0
-7.36,1625449482.0,64.0
-1.83,1625449482.0,64.0
2.71,1625449482.0,64.0
5.74,1625449482.0,64.0
7.04,1625449482.0,64.0
6.64,1625449482.0,64.0
4.83,1625449482.0,64.0
2.1,1625449482.0,64.0
-0.97,1625449482.0,64.0
-3.85,1625449482.0,64.0
-6.21,1625449482.0,64.0
-7.94,1625449482.0,64.0
-9.11,1625449482.0,64.0
-9.87,1625449482.0,64.0
-10.27,1625449482.0,64.0
-10.3,1625449482.0,64.0
-9.86,1625449482.0,64.0
-8.92,1625449482.0,64.0
-7.53,1625449482.0,64.0
-5.84,1625449482.0,64.0
-4.01,1625449482.0,64.0
-2.14,1625449482.0,64.0
-0.21,1625449482.0,64.0
1.85,1625449482.0,64.0
4.06,1625449482.0,64.0
6.3,1625449482.0,64.0
8.29,1625449482.0,64.0
9.64,1625449482.0,64.0
10.04,1625449482.0,64.0
9.44,1625449482.0,64.0
8.04,1625449482.0,64.0
6.27,1625449482.0,64.0
4.63,1625449482.0,64.0
3.43,1625449482.0,64.0
2.77,1625449482.0,64.0
2.53,1625449482.0,64.0
2.47,1625449482.0,64.0
2.4,1625449482.0,64.0
2.22,1625449482.0,64.0
1.92,1625449482.0,64.0
1.54,1625449482.0,64.0
1.11,1625449482.0,64.0
0.65,1625449482.0,64.0
0.19,1625449482.0,64.0
-0.28,1625449482.0,64.0
-0.79,1625449482.0,64.0
-1.44,1625449482.0,64.0
-2.35,1625449482.0,64.0
-3.6,1625449482.0,64.0
-5.14,1625449482.0,64.0
-6.83,1625449482.0,64.0
-8.39,1625449482.0,64.0
-9.59,1625449482.0,64.0
-10.27,1625449482.0,64.0
-10.38,1625449482.0,64.0
-9.98,1625449482.0,64.0
-9.18,1625449482.0,64.0
-8.13,1625449482.0,64.0
-7.02,1625449482.0,64.0
-6.06,1625449482.0,64.0
-5.45,1625449482.0,64.0
-5.32,1625449482.0,64.0
-5.64,1625449482.0,64.0
-6.24,1625449482.0,64.0
-6.85,1625449482.0,64.0
-7.2,1625449482.0,64.0
-7.11,1625449482.0,64.0
-6.57,1625449482.0,64.0
-5.76,1625449482.0,64.0
-5.0,1625449482.0,64.0
-4.64,1625449482.0,64.0
-4.97,1625449482.0,64.0
-6.01,1625449482.0,64.0
-7.5,1625449482.0,64.0
-9.0,1625449482.0,64.0
-10.0,1625449482.0,64.0
-10.16,1625449482.0,64.0
-9.4,1625449482.0,64.0
-7.82,1625449482.0,64.0
-5.56,1625449482.0,64.0
-2.73,1625449482.0,64.0
0.61,1625449482.0,64.0
4.41,1625449482.0,64.0
8.48,1625449482.0,64.0
12.53,1625449482.0,64.0
16.13,1625449482.0,64.0
18.95,1625449482.0,64.0
20.75,1625449482.0,64.0
21.46,1625449482.0,64.0
21.21,1625449482.0,64.0
20.23,1625449482.0,64.0
18.85,1625449482.0,64.0
17.38,1625449482.0,64.0
16.08,1625449482.0,64.0
15.1,1625449482.0,64.0
14.44,1625449482.0,64.0
13.98,1625449482.0,64.0
13.57,1625449482.0,64.0
13.0,1625449482.0,64.0
12.16,1625449482.0,64.0
10.91,1625449482.0,64.0
9.17,1625449482.0,64.0
6.95,1625449482.0,64.0
4.3,1625449482.0,64.0
1.39,1625449482.0,64.0
-1.6,1625449482.0,64.0
-4.52,1625449482.0,64.0
-7.32,1625449482.0,64.0
-9.94,1625449482.0,64.0
-12.33,1625449482.0,64.0
-14.36,1625449482.0,64.0
-15.84,1625449482.0,64.0
-16.68,1625449482.0,64.0
-16.96,1625449482.0,64.0
-16.97,1625449482.0,64.0
-17.07,1625449482.0,64.0
-17.56,1625449482.0,64.0
-18.5,1625449482.0,64.0
-19.68,1625449482.0,64.0
-20.7,1625449482.0,64.0
-21.17,1625449482.0,64.0
-20.83,1625449482.0,64.0
-19.64,1625449482.0,64.0
-17.73,1625449482.0,64.0
-15.33,1625449482.0,64.0
-12.72,1625449482.0,64.0
-10.16,1625449482.0,64.0
-7.84,1625449482.0,64.0
-5.83,1625449482.0,64.0
-4.1,1625449482.0,64.0
-2.5,1625449482.0,64.0
-0.86,1625449482.0,64.0
0.94,1625449482.0,64.0
2.9,1625449482.0,64.0
4.93,1625449482.0,64.0
6.86,1625449482.0,64.0
8.57,1625449482.0,64.0
9.98,1625449482.0,64.0
11.09,1625449482.0,64.0
11.92,1625449482.0,64.0
12.51,1625449482.0,64.0
12.87,1625449482.0,64.0
12.98,1625449482.0,64.0
12.8,1625449482.0,64.0
12.31,1625449482.0,64.0
11.5,1625449482.0,64.0
10.35,1625449482.0,64.0
8.87,1625449482.0,64.0
7.09,1625449482.0,64.0
5.09,1625449482.0,64.0
2.98,1625449482.0,64.0
0.95,1625449482.0,64.0
-0.8,1625449482.0,64.0
-2.06,1625449482.0,64.0
-2.7,1625449482.0,64.0
-2.74,1625449482.0,64.0
-2.4,1625449482.0,64.0
-1.98,1625449482.0,64.0
-1.86,1625449482.0,64.0
-2.35,1625449482.0,64.0
-3.59,1625449482.0,64.0
-5.56,1625449482.0,64.0
-8.06,1625449482.0,64.0
-10.81,1625449482.0,64.0
-13.43,1625449482.0,64.0
-15.58,1625449482.0,64.0
-16.91,1625449482.0,64.0
-17.19,1625449482.0,64.0
-16.29,1625449482.0,64.0
-14.22,1625449482.0,64.0
-11.07,1625449482.0,64.0
-7.0,1625449482.0,64.0
-2.24,1625449482.0,64.0
2.92,1625449482.0,64.0
8.11,1625449482.0,64.0
12.89,1625449482.0,64.0
16.81,1625449482.0,64.0
19.62,1625449482.0,64.0
21.25,1625449482.0,64.0
21.85,1625449482.0,64.0
21.69,1625449482.0,64.0
20.98,1625449482.0,64.0
19.85,1625449482.0,64.0
18.35,1625449482.0,64.0
16.55,1625449482.0,64.0
14.59,1625449482.0,64.0
12.61,1625449482.0,64.0
10.68,1625449482.0,64.0
8.72,1625449482.0,64.0
6.56,1625449482.0,64.0
4.05,1625449482.0,64.0
1.26,1625449482.0,64.0
-1.51,1625449482.0,64.0
-3.85,1625449482.0,64.0
-5.39,1625449482.0,64.0
-6.06,1625449482.0,64.0
-6.06,1625449482.0,64.0
-5.8,1625449482.0,64.0
-5.67,1625449482.0,64.0
-5.95,1625449482.0,64.0
-6.7,1625449482.0,64.0
-7.88,1625449482.0,64.0
-9.36,1625449482.0,64.0
-11.0,1625449482.0,64.0
-12.67,1625449482.0,64.0
-14.19,1625449482.0,64.0
-15.37,1625449482.0,64.0
-15.97,1625449482.0,64.0
-15.83,1625449482.0,64.0
-14.84,1625449482.0,64.0
-13.07,1625449482.0,64.0
-10.69,1625449482.0,64.0
-7.95,1625449482.0,64.0
-5.1,1625449482.0,64.0
-2.35,1625449482.0,64.0
0.13,1625449482.0,64.0
2.26,1625449482.0,64.0
3.99,1625449482.0,64.0
5.33,1625449482.0,64.0
6.29,1625449482.0,64.0
6.93,1625449482.0,64.0
7.29,1625449482.0,64.0
7.43,1625449482.0,64.0
7.46,1625449482.0,64.0
7.46,1625449482.0,64.0
7.57,1625449482.0,64.0
7.83,1625449482.0,64.0
8.23,1625449482.0,64.0
8.64,1625449482.0,64.0
8.9,1625449482.0,64.0
8.89,1625449482.0,64.0
8.54,1625449482.0,64.0
7.88,1625449482.0,64.0
6.99,1625449482.0,64.0
5.95,1625449482.0,64.0
4.78,1625449482.0,64.0
3.51,1625449482.0,64.0
2.2,1625449482.0,64.0
0.94,1625449482.0,64.0
-0.13,1625449482.0,64.0
-0.93,1625449482.0,64.0
-1.52,1625449482.0,64.0
-2.07,1625449482.0,64.0
-2.83,1625449482.0,64.0
-3.95,1625449482.0,64.0
-5.46,1625449482.0,64.0
-7.24,1625449482.0,64.0
-9.08,1625449482.0,64.0
-10.77,1625449482.0,64.0
-12.18,1625449482.0,64.0
-13.19,1625449482.0,64.0
-13.69,1625449482.0,64.0
-13.49,1625449482.0,64.0
-12.43,1625449482.0,64.0
-10.43,1625449482.0,64.0
-7.57,1625449482.0,64.0
-4.14,1625449482.0,64.0
-0.53,1625449482.0,64.0
2.9,1625449482.0,64.0
5.88,1625449482.0,64.0
8.35,1625449482.0,64.0
10.34,1625449482.0,64.0
11.96,1625449482.0,64.0
13.3,1625449482.0,64.0
14.43,1625449482.0,64.0
15.35,1625449482.0,64.0
16.08,1625449482.0,64.0
16.58,1625449482.0,64.0
16.82,1625449482.0,64.0
16.75,1625449482.0,64.0
16.33,1625449482.0,64.0
15.54,1625449482.0,64.0
14.38,1625449482.0,64.0
12.95,1625449482.0,64.0
11.41,1625449482.0,64.0
9.94,1625449482.0,64.0
8.67,1625449482.0,64.0
7.62,1625449482.0,64.0
6.67,1625449482.0,64.0
5.69,1625449482.0,64.0
4.54,1625449482.0,64.0
3.21,1625449482.0,64.0
1.81,1625449482.0,64.0
0.47,1625449482.0,64.0
-0.72,1625449482.0,64.0
-1.79,1625449482.0,64.0
-2.87,1625449482.0,64.0
-4.14,1625449482.0,64.0
-5.74,1625449482.0,64.0
-7.71,1625449482.0,64.0
-10.02,1625449482.0,64.0
-12.56,1625449482.0,64.0
-15.15,1625449482.0,64.0
-17.57,1625449482.0,64.0
-19.48,1625449482.0,64.0
-20.59,1625449482.0,64.0
-20.61,1625449482.0,64.0
-19.44,1625449482.0,64.0
-17.07,1625449482.0,64.0
-13.67,1625449482.0,64.0
-9.47,1625449482.0,64.0
-4.69,1625449482.0,64.0
0.45,1625449482.0,64.0
5.69,1625449482.0,64.0
10.65,1625449482.0,64.0
14.88,1625449482.0,64.0
17.93,1625449482.0,64.0
19.5,1625449482.0,64.0
19.58,1625449482.0,64.0
18.51,1625449482.0,64.0
16.82,1625449482.0,64.0
15.13,1625449482.0,64.0
13.83,1625449482.0,64.0
13.02,1625449482.0,64.0
12.51,1625449482.0,64.0
11.96,1625449482.0,64.0
11.08,1625449482.0,64.0
9.74,1625449482.0,64.0
8.06,1625449482.0,64.0
6.31,1625449482.0,64.0
4.8,1625449482.0,64.0
3.77,1625449482.0,64.0
3.29,1625449482.0,64.0
3.26,1625449482.0,64.0
3.42,1625449482.0,64.0
3.48,1625449482.0,64.0
3.21,1625449482.0,64.0
2.5,1625449482.0,64.0
1.39,1625449482.0,64.0
0.02,1625449482.0,64.0
-1.45,1625449482.0,64.0
-2.87,1625449482.0,64.0
-4.2,1625449482.0,64.0
-5.43,1625449482.0,64.0
-6.6,1625449482.0,64.0
-7.77,1625449482.0,64.0
-8.98,1625449482.0,64.0
-10.28,1625449482.0,64.0
-11.68,1625449482.0,64.0
-13.11,1625449482.0,64.0
-14.43,1625449482.0,64.0
-15.43,1625449482.0,64.0
-15.94,1625449482.0,64.0
-15.82,1625449482.0,64.0
-15.03,1625449482.0,64.0
-13.6,1625449482.0,64.0
-11.58,1625449482.0,64.0
-9.02,1625449482.0,64.0
-6.0,1625449482.0,64.0
-2.62,1625449482.0,64.0
0.91,1625449482.0,64.0
4.36,1625449482.0,64.0
7.51,1625449482.0,64.0
10.17,1625449482.0,64.0
12.24,1625449482.0,64.0
13.71,1625449482.0,64.0
14.63,1625449482.0,64.0
15.12,1625449482.0,64.0
15.31,1625449482.0,64.0
15.32,1625449482.0,64.0
15.25,1625449482.0,64.0
15.09,1625449482.0,64.0
14.8,1625449482.0,64.0
14.35,1625449482.0,64.0
13.71,1625449482.0,64.0
12.95,1625449482.0,64.0
12.16,1625449482.0,64.0
11.38,1625449482.0,64.0
10.56,1625449482.0,64.0
9.61,1625449482.0,64.0
8.38,1625449482.0,64.0
6.85,1625449482.0,64.0
5.12,1625449482.0,64.0
3.43,1625449482.0,64.0
1.99,1625449482.0,64.0
0.93,1625449482.0,64.0
0.22,1625449482.0,64.0
-0.3,1625449482.0,64.0
-0.78,1625449482.0,64.0
-1.35,1625449482.0,64.0
-2.04,1625449482.0,64.0
-2.88,1625449482.0,64.0
-3.91,1625449482.0,64.0
-5.2,1625449482.0,64.0
-6.79,1625449482.0,64.0
-8.62,1625449482.0,64.0
-10.54,1625449482.0,64.0
-12.32,1625449482.0,64.0
-13.75,1625449482.0,64.0
-14.69,1625449482.0,64.0
-15.08,1625449482.0,64.0
-14.93,1625449482.0,64.0
-14.21,1625449482.0,64.0
-12.88,1625449482.0,64.0
-10.96,1625449482.0,64.0
-8.53,1625449482.0,64.0
-5.78,1625449482.0,64.0
-2.91,1625449482.0,64.0
-0.12,1625449482.0,64.0
2.53,1625449482.0,64.0
5.03,1625449482.0,64.0
7.38,1625449482.0,64.0
9.52,1625449482.0,64.0
11.31,1625449482.0,64.0
12.56,1625449482.0,64.0
13.15,1625449482.0,64.0
13.08,1625449482.0,64.0
12.51,1625449482.0,64.0
11.61,1625449482.0,64.0
10.57,1625449482.0,64.0
9.49,1625449482.0,64.0
8.43,1625449482.0,64.0
7.44,1625449482.0,64.0
6.62,1625449482.0,64.0
6.09,1625449482.0,64.0
5.97,1625449482.0,64.0
6.3,1625449482.0,64.0
6.95,1625449482.0,64.0
7.64,1625449482.0,64.0
8.07,1625449482.0,64.0
7.96,1625449482.0,64.0
7.23,1625449482.0,64.0
5.95,1625449482.0,64.0
4.32,1625449482.0,64.0
2.59,1625449482.0,64.0
0.91,1625449482.0,64.0
-0.66,1625449482.0,64.0
-2.15,1625449482.0,64.0
-3.56,1625449482.0,64.0
-4.88,1625449482.0,64.0
-6.02,1625449482.0,64.0
-6.97,1625449482.0,64.0
-7.76,1625449482.0,64.0
-8.49,1625449482.0,64.0
-9.27,1625449482.0,64.0
-10.16,1625449482.0,64.0
-11.16,1625449482.0,64.0
-12.17,1625449482.0,64.0
-13.1,1625449482.0,64.0
-13.81,1625449482.0,64.0
-14.18,1625449482.0,64.0
-14.1,1625449482.0,64.0
-13.48,1625449482.0,64.0
-12.3,1625449482.0,64.0
-10.61,1625449482.0,64.0
-8.57,1625449482.0,64.0
-6.34,1625449482.0,64.0
-4.11,1625449482.0,64.0
-1.93,1625449482.0,64.0
0.23,1625449482.0,64.0
2.39,1625449482.0,64.0
4.57,1625449482.0,64.0
6.68,1625449482.0,64.0
8.53,1625449482.0,64.0
9.95,1625449482.0,64.0
10.78,1625449482.0,64.0
10.98,1625449482.0,64.0
10.65,1625449482.0,64.0
9.94,1625449482.0,64.0
9.05,1625449482.0,64.0
8.1,1625449482.0,64.0
7.15,1625449482.0,64.0
6.22,1625449482.0,64.0
5.29,1625449482.0,64.0
4.42,1625449482.0,64.0
3.73,1625449482.0,64.0
3.3,1625449482.0,64.0
3.15,1625449482.0,64.0
3.13,1625449482.0,64.0
2.97,1625449482.0,64.0
2.46,1625449482.0,64.0
1.5,1625449482.0,64.0
0.25,1625449482.0,64.0
-0.97,1625449482.0,64.0
-1.87,1625449482.0,64.0
-2.33,1625449482.0,64.0
-2.41,1625449482.0,64.0
-2.36,1625449482.0,64.0
-2.4,1625449482.0,64.0
-2.68,1625449482.0,64.0
-3.19,1625449482.0,64.0
-3.88,1625449482.0,64.0
-4.68,1625449482.0,64.0
-5.57,1625449482.0,64.0
-6.51,1625449482.0,64.0
-7.42,1625449482.0,64.0
-8.18,1625449482.0,64.0
-8.69,1625449482.0,64.0
-9.0,1625449482.0,64.0
-9.25,1625449482.0,64.0
-9.66,1625449482.0,64.0
-10.34,1625449482.0,64.0
-11.21,1625449482.0,64.0
-11.99,1625449482.0,64.0
-12.33,1625449482.0,64.0
-11.98,1625449482.0,64.0
-10.89,1625449482.0,64.0
-9.24,1625449482.0,64.0
-7.33,1625449482.0,64.0
-5.42,1625449482.0,64.0
-3.62,1625449482.0,64.0
-1.9,1625449482.0,64.0
-0.19,1625449482.0,64.0
1.53,1625449482.0,64.0
3.17,1625449482.0,64.0
4.56,1625449482.0,64.0
5.57,1625449482.0,64.0
6.18,1625449482.0,64.0
6.49,1625449482.0,64.0
6.67,1625449482.0,64.0
6.86,1625449482.0,64.0
7.07,1625449482.0,64.0
7.26,1625449482.0,64.0
7.31,1625449482.0,64.0
7.14,1625449482.0,64.0
6.81,1625449482.0,64.0
6.43,1625449482.0,64.0
6.13,1625449482.0,64.0
5.96,1625449482.0,64.0
5.87,1625449482.0,64.0
5.69,1625449482.0,64.0
5.27,1625449482.0,64.0
4.53,1625449482.0,64.0
3.52,1625449482.0,64.0
2.37,1625449482.0,64.0
1.2,1625449482.0,64.0
0.07,1625449482.0,64.0
-1.05,1625449482.0,64.0
-2.19,1625449482.0,64.0
-3.38,1625449482.0,64.0
-4.54,1625449482.0,64.0
-5.56,1625449482.0,64.0
-6.3,1625449482.0,64.0
-6.74,1625449482.0,64.0
-6.93,1625449482.0,64.0
-7.01,1625449482.0,64.0
-7.12,1625449482.0,64.0
-7.39,1625449482.0,64.0
-7.87,1625449482.0,64.0
-8.54,1625449482.0,64.0
-9.38,1625449482.0,64.0
-10.34,1625449482.0,64.0
-11.36,1625449482.0,64.0
-12.39,1625449482.0,64.0
-13.3,1625449482.0,64.0
-13.92,1625449482.0,64.0
-14.06,1625449482.0,64.0
-13.53,1625449482.0,64.0
-12.25,1625449482.0,64.0
-10.26,1625449482.0,64.0
-7.74,1625449482.0,64.0
-4.99,1625449482.0,64.0
-2.3,1625449482.0,64.0
0.1,1625449482.0,64.0
2.11,1625449482.0,64.0
3.72,1625449482.0,64.0
5.0,1625449482.0,64.0
6.02,1625449482.0,64.0
6.85,1625449482.0,64.0
7.49,1625449482.0,64.0
7.93,1625449482.0,64.0
8.16,1625449482.0,64.0
8.15,1625449482.0,64.0
7.94,1625449482.0,64.0
7.57,1625449482.0,64.0
7.09,1625449482.0,64.0
6.56,1625449482.0,64.0
5.97,1625449482.0,64.0
5.29,1625449482.0,64.0
4.47,1625449482.0,64.0
3.49,1625449482.0,64.0
2.41,1625449482.0,64.0
1.35,1625449482.0,64.0
0.51,1625449482.0,64.0
-0.02,1625449482.0,64.0
-0.2,1625449482.0,64.0
-0.15,1625449482.0,64.0
-0.08,1625449482.0,64.0
-0.18,1625449482.0,64.0
-0.58,1625449482.0,64.0
-1.29,1625449482.0,64.0
-2.25,1625449482.0,64.0
-3.32,1625449482.0,64.0
-4.44,1625449482.0,64.0
-5.55,1625449482.0,64.0
-6.65,1625449482.0,64.0
-7.7,1625449482.0,64.0
-8.61,1625449482.0,64.0
-9.27,1625449482.0,64.0
-9.62,1625449482.0,64.0
-9.69,1625449482.0,64.0
-9.62,1625449482.0,64.0
-9.6,1625449482.0,64.0
-9.73,1625449482.0,64.0
-9.99,1625449482.0,64.0
-10.19,1625449482.0,64.0
-10.12,1625449482.0,64.0
-9.6,1625449482.0,64.0
-8.6,1625449482.0,64.0
-7.21,1625449482.0,64.0
-5.59,1625449482.0,64.0
-3.87,1625449482.0,64.0
-2.12,1625449482.0,64.0
-0.37,1625449482.0,64.0
1.32,1625449482.0,64.0
2.82,1625449482.0,64.0
3.98,1625449482.0,64.0
4.72,1625449482.0,64.0
5.06,1625449482.0,64.0
5.18,1625449482.0,64.0
5.29,1625449482.0,64.0
5.55,1625449482.0,64.0
5.98,1625449482.0,64.0
6.47,1625449482.0,64.0
6.84,1625449482.0,64.0
6.97,1625449482.0,64.0
6.86,1625449482.0,64.0
6.64,1625449482.0,64.0
6.44,1625449482.0,64.0
6.31,1625449482.0,64.0
6.2,1625449482.0,64.0
5.97,1625449482.0,64.0
5.48,1625449482.0,64.0
4.74,1625449482.0,64.0
3.83,1625449482.0,64.0
2.94,1625449482.0,64.0
2.23,1625449482.0,64.0
1.78,1625449482.0,64.0
1.58,1625449482.0,64.0
1.49,1625449482.0,64.0
1.43,1625449482.0,64.0
1.28,1625449482.0,64.0
1.0,1625449482.0,64.0
0.55,1625449482.0,64.0
-0.15,1625449482.0,64.0
-1.1,1625449482.0,64.0
-2.34,1625449482.0,64.0
-3.79,1625449482.0,64.0
-5.36,1625449482.0,64.0
-6.89,1625449482.0,64.0
-8.27,1625449482.0,64.0
-9.43,1625449482.0,64.0
-10.37,1625449482.0,64.0
-11.14,1625449482.0,64.0
-11.79,1625449482.0,64.0
-12.34,1625449482.0,64.0
-12.74,1625449482.0,64.0
-12.9,1625449482.0,64.0
-12.69,1625449482.0,64.0
-12.0,1625449482.0,64.0
-10.76,1625449482.0,64.0
-9.01,1625449482.0,64.0
-6.86,1625449482.0,64.0
-4.51,1625449482.0,64.0
-2.23,1625449482.0,64.0
-0.26,1625449482.0,64.0
1.28,1625449482.0,64.0
2.37,1625449482.0,64.0
3.14,1625449482.0,64.0
3.75,1625449482.0,64.0
4.31,1625449482.0,64.0
4.85,1625449482.0,64.0
5.32,1625449482.0,64.0
5.66,1625449482.0,64.0
5.88,1625449482.0,64.0
5.99,1625449482.0,64.0
5.94,1625449482.0,64.0
5.61,1625449482.0,64.0
4.85,1625449482.0,64.0
3.68,1625449482.0,64.0
2.34,1625449482.0,64.0
1.29,1625449482.0,64.0
0.92,1625449482.0,64.0
1.35,1625449482.0,64.0
2.29,1625449482.0,64.0
3.19,1625449482.0,64.0
3.59,1625449482.0,64.0
3.32,1625449482.0,64.0
2.57,1625449482.0,64.0
1.67,1625449482.0,64.0
0.82,1625449482.0,64.0
0.03,1625449482.0,64.0
-0.89,1625449482.0,64.0
-2.05,1625449482.0,64.0
-3.4,1625449482.0,64.0
-4.69,1625449482.0,64.0
-5.66,1625449482.0,64.0
-6.21,1625449482.0,64.0
-6.46,1625449482.0,64.0
-6.66,1625449482.0,64.0
-7.03,1625449482.0,64.0
-7.71,1625449482.0,64.0
-8.67,1625449482.0,64.0
-9.77,1625449482.0,64.0
-10.83,1625449482.0,64.0
-11.68,1625449482.0,64.0
-12.19,1625449482.0,64.0
-12.23,1625449482.0,64.0
-11.77,1625449482.0,64.0
-10.82,1625449482.0,64.0
-9.43,1625449482.0,64.0
-7.64,1625449482.0,64.0
-5.49,1625449482.0,64.0
-2.99,1625449482.0,64.0
-0.22,1625449482.0,64.0
2.71,1625449482.0,64.0
5.59,1625449482.0,64.0
8.21,1625449482.0,64.0
10.43,1625449482.0,64.0
12.19,1625449482.0,64.0
13.53,1625449482.0,64.0
14.49,1625449482.0,64.0
15.08,1625449482.0,64.0
15.3,1625449482.0,64.0
15.11,1625449482.0,64.0
14.49,1625449482.0,64.0
13.52,1625449482.0,64.0
12.32,1625449482.0,64.0
11.01,1625449482.0,64.0
9.72,1625449482.0,64.0
8.52,1625449482.0,64.0
7.42,1625449482.0,64.0
6.41,1625449482.0,64.0
5.44,1625449482.0,64.0
4.48,1625449482.0,64.0
3.54,1625449482.0,64.0
2.68,1625449482.0,64.0
1.98,1625449482.0,64.0
1.51,1625449482.0,64.0
1.25,1625449482.0,64.0
1.09,1625449482.0,64.0
0.86,1625449482.0,64.0
0.37,1625449482.0,64.0
-0.47,1625449482.0,64.0
-1.63,1625449482.0,64.0
-2.98,1625449482.0,64.0
-4.28,1625449482.0,64.0
-5.39,1625449482.0,64.0
-6.21,1625449482.0,64.0
-6.78,1625449482.0,64.0
-7.22,1625449482.0,64.0
-7.64,1625449482.0,64.0
-8.11,1625449482.0,64.0
-8.61,1625449482.0,64.0
-9.04,1625449482.0,64.0
-9.3,1625449482.0,64.0
-9.23,1625449482.0,64.0
-8.74,1625449482.0,64.0
-7.79,1625449482.0,64.0
-6.43,1625449482.0,64.0
-4.81,1625449482.0,64.0
-3.08,1625449482.0,64.0
-1.39,1625449482.0,64.0
0.17,1625449482.0,64.0
1.55,1625449482.0,64.0
2.77,1625449482.0,64.0
3.81,1625449482.0,64.0
4.72,1625449482.0,64.0
5.52,1625449482.0,64.0
6.26,1625449482.0,64.0
6.98,1625449482.0,64.0
7.67,1625449482.0,64.0
8.29,1625449482.0,64.0
8.76,1625449482.0,64.0
9.0,1625449482.0,64.0
8.95,1625449482.0,64.0
8.65,1625449482.0,64.0
8.16,1625449482.0,64.0
7.57,1625449482.0,64.0
6.92,1625449482.0,64.0
6.27,1625449482.0,64.0
5.64,1625449482.0,64.0
5.07,1625449482.0,64.0
4.56,1625449482.0,64.0
4.09,1625449482.0,64.0
3.58,1625449482.0,64.0
2.95,1625449482.0,64.0
2.15,1625449482.0,64.0
1.18,1625449482.0,64.0
0.1,1625449482.0,64.0
-0.99,1625449482.0,64.0
-2.02,1625449482.0,64.0
-2.95,1625449482.0,64.0
-3.82,1625449482.0,64.0
-4.67,1625449482.0,64.0
-5.51,1625449482.0,64.0
-6.35,1625449482.0,64.0
-7.14,1625449482.0,64.0
-7.86,1625449482.0,64.0
-8.48,1625449482.0,64.0
-8.97,1625449482.0,64.0
-9.3,1625449482.0,64.0
-9.42,1625449482.0,64.0
-9.33,1625449482.0,64.0
-9.14,1625449482.0,64.0
-9.02,1625449482.0,64.0
-9.2,1625449482.0,64.0
-9.79,1625449482.0,64.0
-10.7,1625449482.0,64.0
-11.62,1625449482.0,64.0
-12.1,1625449482.0,64.0
-11.7,1625449482.0,64.0
-10.22,1625449482.0,64.0
-7.7,1625449482.0,64.0
-4.48,1625449482.0,64.0
-0.99,1625449482.0,64.0
2.32,1625449482.0,64.0
5.19,1625449482.0,64.0
7.54,1625449482.0,64.0
9.41,1625449482.0,64.0
10.9,1625449482.0,64.0
12.03,1625449482.0,64.0
12.74,1625449482.0,64.0
12.91,1625449482.0,64.0
12.53,1625449482.0,64.0
11.68,1625449482.0,64.0
10.59,1625449482.0,64.0
9.52,1625449482.0,64.0
8.67,1625449482.0,64.0
8.04,1625449482.0,64.0
7.51,1625449482.0,64.0
6.92,1625449482.0,64.0
6.16,1625449482.0,64.0
5.23,1625449482.0,64.0
4.16,1625449482.0,64.0
3.01,1625449482.0,64.0
1.82,1625449482.0,64.0
0.59,1625449482.0,64.0
-0.69,1625449482.0,64.0
-1.97,1625449482.0,64.0
-3.15,1625449482.0,64.0
-4.15,1625449482.0,64.0
-4.88,1625449482.0,64.0
-5.31,1625449482.0,64.0
-5.48,1625449482.0,64.0
-5.51,1625449482.0,64.0
-5.55,1625449482.0,64.0
-5.79,1625449482.0,64.0
-6.35,1625449482.0,64.0
-7.22,1625449482.0,64.0
-8.29,1625449482.0,64.0
-9.33,1625449482.0,64.0
-10.07,1625449482.0,64.0
-10.31,1625449482.0,64.0
-9.93,1625449482.0,64.0
-8.92,1625449482.0,64.0
-7.33,1625449482.0,64.0
-5.29,1625449482.0,64.0
-2.95,1625449482.0,64.0
-0.53,1625449482.0,64.0
1.75,1625449482.0,64.0
3.68,1625449482.0,64.0
5.11,1625449482.0,64.0
6.04,1625449482.0,64.0
6.57,1625449482.0,64.0
6.92,1625449482.0,64.0
7.29,1625449482.0,64.0
7.85,1625449482.0,64.0
8.57,1625449482.0,64.0
9.29,1625449482.0,64.0
9.76,1625449482.0,64.0
9.74,1625449482.0,64.0
9.16,1625449482.0,64.0
8.12,1625449482.0,64.0
6.91,1625449482.0,64.0
5.86,1625449482.0,64.0
5.18,1625449482.0,64.0
4.89,1625449482.0,64.0
4.8,1625449482.0,64.0
4.67,1625449482.0,64.0
4.28,1625449482.0,64.0
3.63,1625449482.0,64.0
2.84,1625449482.0,64.0
2.1,1625449482.0,64.0
1.52,1625449482.0,64.0
1.08,1625449482.0,64.0
0.67,1625449482.0,64.0
0.12,1625449482.0,64.0
-0.68,1625449482.0,64.0
-1.75,1625449482.0,64.0
-3.04,1625449482.0,64.0
-4.48,1625449482.0,64.0
-6.01,1625449482.0,64.0
-7.56,1625449482.0,64.0
-9.08,1625449482.0,64.0
-10.45,1625449482.0,64.0
-11.58,1625449482.0,64.0
-12.39,1625449482.0,64.0
-12.84,1625449482.0,64.0
-12.87,1625449482.0,64.0
-12.49,1625449482.0,64.0
-11.68,1625449482.0,64.0
-10.46,1625449482.0,64.0
-8.83,1625449482.0,64.0
-6.86,1625449482.0,64.0
-4.61,1625449482.0,64.0
-2.17,1625449482.0,64.0
0.35,1625449482.0,64.0
2.83,1625449482.0,64.0
5.1,1625449482.0,64.0
6.97,1625449482.0,64.0
8.33,1625449482.0,64.0
9.14,1625449482.0,64.0
9.48,1625449482.0,64.0
9.52,1625449482.0,64.0
9.48,1625449482.0,64.0
9.47,1625449482.0,64.0
9.5,1625449482.0,64.0
9.45,1625449482.0,64.0
9.19,1625449482.0,64.0
8.63,1625449482.0,64.0
7.79,1625449482.0,64.0
6.83,1625449482.0,64.0
5.93,1625449482.0,64.0
5.23,1625449482.0,64.0
4.74,1625449482.0,64.0
4.35,1625449482.0,64.0
3.9,1625449482.0,64.0
3.3,1625449482.0,64.0
2.56,1625449482.0,64.0
1.79,1625449482.0,64.0
1.12,1625449482.0,64.0
0.6,1625449482.0,64.0
0.19,1625449482.0,64.0
-0.24,1625449482.0,64.0
-0.83,1625449482.0,64.0
-1.64,1625449482.0,64.0
-2.63,1625449482.0,64.0
-3.74,1625449482.0,64.0
-4.9,1625449482.0,64.0
-6.1,1625449482.0,64.0
-7.36,1625449482.0,64.0
-8.65,1625449482.0,64.0
-9.83,1625449482.0,64.0
-10.74,1625449482.0,64.0
-11.23,1625449482.0,64.0
-11.26,1625449482.0,64.0
-10.95,1625449482.0,64.0
-10.45,1625449482.0,64.0
-9.91,1625449482.0,64.0
-9.36,1625449482.0,64.0
-8.7,1625449482.0,64.0
-7.77,1625449482.0,64.0
-6.42,1625449482.0,64.0
-4.61,1625449482.0,64.0
-2.44,1625449482.0,64.0
-0.11,1625449482.0,64.0
2.13,1625449482.0,64.0
4.04,1625449482.0,64.0
5.43,1625449482.0,64.0
6.19,1625449482.0,64.0
6.34,1625449482.0,64.0
6.05,1625449482.0,64.0
5.58,1625449482.0,64.0
5.17,1625449482.0,64.0
5.02,1625449482.0,64.0
5.19,1625449482.0,64.0
5.65,1625449482.0,64.0
6.31,1625449482.0,64.0
7.1,1625449482.0,64.0
7.93,1625449482.0,64.0
8.76,1625449482.0,64.0
9.48,1625449482.0,64.0
9.9,1625449482.0,64.0
9.84,1625449482.0,64.0
9.19,1625449482.0,64.0
7.99,1625449482.0,64.0
6.4,1625449482.0,64.0
4.7,1625449482.0,64.0
3.15,1625449482.0,64.0
1.9,1625449482.0,64.0
0.96,1625449482.0,64.0
0.21,1625449482.0,64.0
-0.52,1625449482.0,64.0
-1.37,1625449482.0,64.0
-2.36,1625449482.0,64.0
-3.45,1625449482.0,64.0
-4.56,1625449482.0,64.0
-5.67,1625449482.0,64.0
-6.8,1625449482.0,64.0
-8.01,1625449482.0,64.0
-9.37,1625449482.0,64.0
-10.81,1625449482.0,64.0
-12.23,1625449482.0,64.0
-13.43,1625449482.0,64.0
-14.27,1625449482.0,64.0
-14.66,1625449482.0,64.0
-14.61,1625449482.0,64.0
-14.17,1625449482.0,64.0
-13.42,1625449482.0,64.0
-12.38,1625449482.0,64.0
-11.08,1625449482.0,64.0
-9.54,1625449482.0,64.0
-7.77,1625449482.0,64.0
-5.83,1625449482.0,64.0
-3.79,1625449482.0,64.0
-1.73,1625449482.0,64.0
0.27,1625449482.0,64.0
2.15,1625449482.0,64.0
3.87,1625449482.0,64.0
5.45,1625449482.0,64.0
6.91,1625449482.0,64.0
8.26,1625449482.0,64.0
9.47,1625449482.0,64.0
10.46,1625449482.0,64.0
11.11,1625449482.0,64.0
11.32,1625449482.0,64.0
11.07,1625449482.0,64.0
10.45,1625449482.0,64.0
9.63,1625449482.0,64.0
8.78,1625449482.0,64.0
8.01,1625449482.0,64.0
7.3,1625449482.0,64.0
6.53,1625449482.0,64.0
5.64,1625449482.0,64.0
4.63,1625449482.0,64.0
3.62,1625449482.0,64.0
2.79,1625449482.0,64.0
2.28,1625449482.0,64.0
2.05,1625449482.0,64.0
1.95,1625449482.0,64.0
1.76,1625449482.0,64.0
1.33,1625449482.0,64.0
0.62,1625449482.0,64.0
-0.32,1625449482.0,64.0
-1.37,1625449482.0,64.0
-2.43,1625449482.0,64.0
-3.49,1625449482.0,64.0
-4.54,1625449482.0,64.0
-5.64,1625449482.0,64.0
-6.81,1625449482.0,64.0
-8.06,1625449482.0,64.0
-9.36,1625449482.0,64.0
-10.63,1625449482.0,64.0
-11.74,1625449482.0,64.0
-12.49,1625449482.0,64.0
-12.72,1625449482.0,64.0
-12.3,1625449482.0,64.0
-11.14,1625449482.0,64.0
-9.28,1625449482.0,64.0
-6.8,1625449482.0,64.0
-3.92,1625449482.0,64.0
-0.89,1625449482.0,64.0
1.99,1625449482.0,64.0
4.46,1625449482.0,64.0
6.35,1625449482.0,64.0
7.65,1625449482.0,64.0
8.45,1625449482.0,64.0
8.9,1625449482.0,64.0
9.1,1625449482.0,64.0
9.08,1625449482.0,64.0
8.89,1625449482.0,64.0
8.59,1625449482.0,64.0
8.31,1625449482.0,64.0
8.19,1625449482.0,64.0
8.26,1625449482.0,64.0
8.42,1625449482.0,64.0
8.46,1625449482.0,64.0
8.2,1625449482.0,64.0
7.54,1625449482.0,64.0
6.59,1625449482.0,64.0
5.57,1625449482.0,64.0
4.7,1625449482.0,64.0
4.08,1625449482.0,64.0
3.7,1625449482.0,64.0
3.4,1625449482.0,64.0
3.0,1625449482.0,64.0
2.39,1625449482.0,64.0
1.49,1625449482.0,64.0
0.33,1625449482.0,64.0
-1.04,1625449482.0,64.0
-2.55,1625449482.0,64.0
-4.09,1625449482.0,64.0
-5.55,1625449482.0,64.0
-6.8,1625449482.0,64.0
-7.76,1625449482.0,64.0
-8.43,1625449482.0,64.0
-8.95,1625449482.0,64.0
-9.51,1625449482.0,64.0
-10.29,1625449482.0,64.0
-11.4,1625449482.0,64.0
-12.76,1625449482.0,64.0
-14.13,1625449482.0,64.0
-15.17,1625449482.0,64.0
-15.55,1625449482.0,64.0
-15.06,1625449482.0,64.0
-13.68,1625449482.0,64.0
-11.51,1625449482.0,64.0
-8.8,1625449482.0,64.0
-5.82,1625449482.0,64.0
-2.78,1625449482.0,64.0
0.16,1625449482.0,64.0
2.88,1625449482.0,64.0
5.32,1625449482.0,64.0
7.41,1625449482.0,64.0
9.06,1625449482.0,64.0
10.23,1625449482.0,64.0
10.91,1625449482.0,64.0
11.17,1625449482.0,64.0
11.17,1625449482.0,64.0
11.1,1625449482.0,64.0
11.05,1625449482.0,64.0
11.06,1625449482.0,64.0
11.05,1625449482.0,64.0
10.93,1625449482.0,64.0
10.61,1625449482.0,64.0
10.07,1625449482.0,64.0
9.35,1625449482.0,64.0
8.51,1625449482.0,64.0
7.64,1625449482.0,64.0
6.74,1625449482.0,64.0
5.82,1625449482.0,64.0
4.85,1625449482.0,64.0
3.83,1625449482.0,64.0
2.77,1625449482.0,64.0
1.7,1625449482.0,64.0
0.66,1625449482.0,64.0
-0.35,1625449482.0,64.0
-1.32,1625449482.0,64.0
-2.29,1625449482.0,64.0
-3.28,1625449482.0,64.0
-4.33,1625449482.0,64.0
-5.46,1625449482.0,64.0
-6.66,1625449482.0,64.0
-7.97,1625449482.0,64.0
-9.4,1625449482.0,64.0
-11.01,1625449482.0,64.0
-12.78,1625449482.0,64.0
-14.61,1625449482.0,64.0
-16.29,1625449482.0,64.0
-17.54,1625449482.0,64.0
-18.1,1625449482.0,64.0
-17.84,1625449482.0,64.0
-16.77,1625449482.0,64.0
-15.0,1625449482.0,64.0
-12.73,1625449482.0,64.0
-10.16,1625449482.0,64.0
-7.38,1625449482.0,64.0
-4.5,1625449482.0,64.0
-1.57,1625449482.0,64.0
1.33,1625449482.0,64.0
4.11,1625449482.0,64.0
6.6,1625449482.0,64.0
8.67,1625449482.0,64.0
10.21,1625449482.0,64.0
11.16,1625449482.0,64.0
11.6,1625449482.0,64.0
11.68,1625449482.0,64.0
11.67,1625449482.0,64.0
11.78,1625449482.0,64.0
12.15,1625449482.0,64.0
12.74,1625449482.0,64.0
13.4,1625449482.0,64.0
13.91,1625449482.0,64.0
14.13,1625449482.0,64.0
13.99,1625449482.0,64.0
13.52,1625449482.0,64.0
12.76,1625449482.0,64.0
11.74,1625449482.0,64.0
10.5,1625449482.0,64.0
9.09,1625449482.0,64.0
7.58,1625449482.0,64.0
6.1,1625449482.0,64.0
4.72,1625449482.0,64.0
3.44,1625449482.0,64.0
2.19,1625449482.0,64.0
0.88,1625449482.0,64.0
-0.57,1625449482.0,64.0
-2.13,1625449482.0,64.0
-3.75,1625449482.0,64.0
-5.32,1625449482.0,64.0
-6.79,1625449482.0,64.0
-8.19,1625449482.0,64.0
-9.6,1625449482.0,64.0
-11.18,1625449482.0,64.0
-13.01,1625449482.0,64.0
-15.12,1625449482.0,64.0
-17.44,1625449482.0,64.0
-19.76,1625449482.0,64.0
-21.81,1625449482.0,64.0
-23.3,1625449482.0,64.0
-23.92,1625449482.0,64.0
-23.42,1625449482.0,64.0
-21.71,1625449482.0,64.0
-18.83,1625449482.0,64.0
-14.99,1625449482.0,64.0
-10.51,1625449482.0,64.0
-5.7,1625449482.0,64.0
-0.83,1625449482.0,64.0
3.94,1625449482.0,64.0
8.49,1625449482.0,64.0
12.63,1625449482.0,64.0
16.1,1625449482.0,64.0
18.58,1625449482.0,64.0
19.87,1625449482.0,64.0
19.98,1625449482.0,64.0
19.21,1625449482.0,64.0
18.04,1625449482.0,64.0
16.99,1625449482.0,64.0
16.33,1625449482.0,64.0
16.05,1625449482.0,64.0
15.88,1625449482.0,64.0
15.48,1625449482.0,64.0
14.61,1625449482.0,64.0
13.22,1625449482.0,64.0
11.52,1625449482.0,64.0
9.77,1625449482.0,64.0
8.21,1625449482.0,64.0
6.91,1625449482.0,64.0
5.79,1625449482.0,64.0
4.76,1625449482.0,64.0
3.74,1625449482.0,64.0
2.77,1625449482.0,64.0
1.97,1625449482.0,64.0
1.43,1625449482.0,64.0
1.1,1625449482.0,64.0
0.85,1625449482.0,64.0
0.44,1625449482.0,64.0
-0.34,1625449482.0,64.0
-1.6,1625449482.0,64.0
-3.31,1625449482.0,64.0
-5.31,1625449482.0,64.0
-7.41,1625449482.0,64.0
-9.41,1625449482.0,64.0
-11.24,1625449482.0,64.0
-12.94,1625449482.0,64.0
-14.58,1625449482.0,64.0
-16.18,1625449482.0,64.0
-17.66,1625449482.0,64.0
-18.8,1625449482.0,64.0
-19.3,1625449482.0,64.0
-18.94,1625449482.0,64.0
-17.62,1625449482.0,64.0
-15.48,1625449482.0,64.0
-12.79,1625449482.0,64.0
-9.81,1625449482.0,64.0
-6.74,1625449482.0,64.0
-3.61,1625449482.0,64.0
-0.4,1625449482.0,64.0
2.87,1625449482.0,64.0
6.08,1625449482.0,64.0
8.96,1625449482.0,64.0
11.23,1625449482.0,64.0
12.7,1625449482.0,64.0
13.36,1625449482.0,64.0
13.38,1625449482.0,64.0
13.07,1625449482.0,64.0
12.69,1625449482.0,64.0
12.44,1625449482.0,64.0
12.36,1625449482.0,64.0
12.41,1625449482.0,64.0
12.51,1625449482.0,64.0
12.56,1625449482.0,64.0
12.46,1625449482.0,64.0
12.12,1625449482.0,64.0
11.5,1625449482.0,64.0
10.59,1625449482.0,64.0
9.43,1625449482.0,64.0
8.17,1625449482.0,64.0
6.9,1625449482.0,64.0
5.73,1625449482.0,64.0
4.69,1625449482.0,64.0
3.78,1625449482.0,64.0
2.97,1625449482.0,64.0
2.24,1625449482.0,64.0
1.56,1625449482.0,64.0
0.89,1625449482.0,64.0
0.17,1625449482.0,64.0
-0.67,1625449482.0,64.0
-1.7,1625449482.0,64.0
-2.94,1625449482.0,64.0
-4.38,1625449482.0,64.0
-5.99,1625449482.0,64.0
-7.73,1625449482.0,64.0
-9.57,1625449482.0,64.0
-11.5,1625449482.0,64.0
-13.49,1625449482.0,64.0
-15.46,1625449482.0,64.0
-17.31,1625449482.0,64.0
-18.87,1625449482.0,64.0
-19.97,1625449482.0,64.0
-20.45,1625449482.0,64.0
-20.17,1625449482.0,64.0
-19.05,1625449482.0,64.0
-17.14,1625449482.0,64.0
-14.55,1625449482.0,64.0
-11.43,1625449482.0,64.0
-7.94,1625449482.0,64.0
-4.21,1625449482.0,64.0
-0.4,1625449482.0,64.0
3.35,1625449482.0,64.0
6.83,1625449482.0,64.0
9.86,1625449482.0,64.0
12.28,1625449482.0,64.0
14.07,1625449482.0,64.0
15.27,1625449482.0,64.0
16.0,1625449482.0,64.0
16.38,1625449482.0,64.0
16.5,1625449482.0,64.0
16.38,1625449482.0,64.0
16.04,1625449482.0,64.0
15.48,1625449482.0,64.0
14.75,1625449482.0,64.0
13.92,1625449482.0,64.0
13.11,1625449482.0,64.0
12.42,1625449482.0,64.0
11.88,1625449482.0,64.0
11.46,1625449482.0,64.0
11.06,1625449482.0,64.0
10.55,1625449482.0,64.0
9.81,1625449482.0,64.0
8.83,1625449482.0,64.0
7.66,1625449482.0,64.0
6.4,1625449482.0,64.0
5.11,1625449482.0,64.0
3.8,1625449482.0,64.0
2.41,1625449482.0,64.0
0.88,1625449482.0,64.0
-0.82,1625449482.0,64.0
-2.66,1625449482.0,64.0
-4.6,1625449482.0,64.0
-6.63,1625449482.0,64.0
-8.82,1625449482.0,64.0
-11.21,1625449482.0,64.0
-13.75,1625449482.0,64.0
-16.35,1625449482.0,64.0
-18.77,1625449482.0,64.0
-20.84,1625449482.0,64.0
-22.42,1625449482.0,64.0
-23.43,1625449482.0,64.0
-23.77,1625449482.0,64.0
-23.27,1625449482.0,64.0
-21.76,1625449482.0,64.0
-19.18,1625449482.0,64.0
-15.69,1625449482.0,64.0
-11.7,1625449482.0,64.0
-7.76,1625449482.0,64.0
-4.34,1625449482.0,64.0
-1.66,1625449482.0,64.0
0.32,1625449482.0,64.0
1.86,1625449482.0,64.0
3.22,1625449482.0,64.0
4.61,1625449482.0,64.0
6.09,1625449482.0,64.0
7.6,1625449482.0,64.0
9.06,1625449482.0,64.0
10.38,1625449482.0,64.0
11.49,1625449482.0,64.0
12.35,1625449482.0,64.0
12.96,1625449482.0,64.0
13.36,1625449482.0,64.0
13.59,1625449482.0,64.0
13.7,1625449482.0,64.0
13.7,1625449482.0,64.0
13.57,1625449482.0,64.0
13.34,1625449482.0,64.0
13.04,1625449482.0,64.0
12.69,1625449482.0,64.0
12.28,1625449482.0,64.0
11.73,1625449482.0,64.0
10.96,1625449482.0,64.0
9.91,1625449482.0,64.0
8.63,1625449482.0,64.0
7.25,1625449482.0,64.0
5.91,1625449482.0,64.0
4.69,1625449482.0,64.0
3.57,1625449482.0,64.0
2.44,1625449482.0,64.0
1.25,1625449482.0,64.0
-0.01,1625449482.0,64.0
-1.28,1625449482.0,64.0
-2.47,1625449482.0,64.0
-3.6,1625449482.0,64.0
-4.72,1625449482.0,64.0
-5.95,1625449482.0,64.0
-7.34,1625449482.0,64.0
-8.89,1625449482.0,64.0
-10.5,1625449482.0,64.0
-12.13,1625449482.0,64.0
-13.73,1625449482.0,64.0
-15.31,1625449482.0,64.0
-16.87,1625449482.0,64.0
-18.32,1625449482.0,64.0
-19.45,1625449482.0,64.0
-20.03,1625449482.0,64.0
-19.83,1625449482.0,64.0
-18.76,1625449482.0,64.0
-16.87,1625449482.0,64.0
-14.3,1625449482.0,64.0
-11.25,1625449482.0,64.0
-7.95,1625449482.0,64.0
-4.55,1625449482.0,64.0
-1.23,1625449482.0,64.0
1.91,1625449482.0,64.0
4.78,1625449482.0,64.0
7.3,1625449482.0,64.0
9.42,1625449482.0,64.0
11.12,1625449482.0,64.0
12.38,1625449482.0,64.0
13.2,1625449482.0,64.0
13.64,1625449482.0,64.0
13.79,1625449482.0,64.0
13.76,1625449482.0,64.0
13.63,1625449482.0,64.0
13.44,1625449482.0,64.0
13.19,1625449482.0,64.0
12.86,1625449482.0,64.0
12.43,1625449482.0,64.0
11.91,1625449482.0,64.0
11.32,1625449482.0,64.0
10.65,1625449482.0,64.0
9.87,1625449482.0,64.0
8.96,1625449482.0,64.0
7.94,1625449482.0,64.0
6.85,1625449482.0,64.0
5.76,1625449482.0,64.0
4.73,1625449482.0,64.0
3.72,1625449482.0,64.0
2.66,1625449482.0,64.0
1.45,1625449482.0,64.0
0.08,1625449482.0,64.0
-1.39,1625449482.0,64.0
-2.83,1625449482.0,64.0
-4.17,1625449482.0,64.0
-5.43,1625449482.0,64.0
-6.72,1625449482.0,64.0
-8.17,1625449482.0,64.0
-9.82,1625449482.0,64.0
-11.65,1625449482.0,64.0
-13.53,1625449482.0,64.0
-15.36,1625449482.0,64.0
-17.08,1625449482.0,64.0
-18.66,1625449482.0,64.0
-19.99,1625449482.0,64.0
-20.91,1625449482.0,64.0
-21.2,1625449482.0,64.0
-20.64,1625449482.0,64.0
-19.17,1625449482.0,64.0
-16.88,1625449482.0,64.0
-13.99,1625449482.0,64.0
-10.76,1625449482.0,64.0
-7.41,1625449482.0,64.0
-4.07,1625449482.0,64.0
-0.89,1625449482.0,64.0
2.0,1625449482.0,64.0
4.45,1625449482.0,64.0
6.35,1625449482.0,64.0
7.75,1625449482.0,64.0
8.82,1625449482.0,64.0
9.78,1625449482.0,64.0
10.77,1625449482.0,64.0
11.8,1625449482.0,64.0
12.74,1625449482.0,64.0
13.43,1625449482.0,64.0
13.73,1625449482.0,64.0
13.62,1625449482.0,64.0
13.16,1625449482.0,64.0
12.46,1625449482.0,64.0
11.67,1625449482.0,64.0
10.87,1625449482.0,64.0
10.11,1625449482.0,64.0
9.42,1625449482.0,64.0
8.71,1625449482.0,64.0
7.91,1625449482.0,64.0
6.88,1625449482.0,64.0
5.56,1625449482.0,64.0
3.96,1625449482.0,64.0
2.18,1625449482.0,64.0
0.36,1625449482.0,64.0
-1.38,1625449482.0,64.0
-2.98,1625449482.0,64.0
-4.46,1625449482.0,64.0
-5.82,1625449482.0,64.0
-7.09,1625449482.0,64.0
-8.23,1625449482.0,64.0
-9.19,1625449482.0,64.0
-9.95,1625449482.0,64.0
-10.56,1625449482.0,64.0
-11.13,1625449482.0,64.0
-11.86,1625449482.0,64.0
-12.88,1625449482.0,64.0
-14.19,1625449482.0,64.0
-15.61,1625449482.0,64.0
-16.77,1625449482.0,64.0
-17.3,1625449482.0,64.0
-16.89,1625449482.0,64.0
-15.48,1625449482.0,64.0
-13.19,1625449482.0,64.0
-10.32,1625449482.0,64.0
-7.18,1625449482.0,64.0
-4.0,1625449482.0,64.0
-0.88,1625449482.0,64.0
2.13,1625449482.0,64.0
4.98,1625449482.0,64.0
7.55,1625449482.0,64.0
9.68,1625449482.0,64.0
11.27,1625449482.0,64.0
12.3,1625449482.0,64.0
12.88,1625449482.0,64.0
13.2,1625449482.0,64.0
13.47,1625449482.0,64.0
13.86,1625449482.0,64.0
14.38,1625449482.0,64.0
14.95,1625449482.0,64.0
15.41,1625449482.0,64.0
15.53,1625449482.0,64.0
15.17,1625449482.0,64.0
14.31,1625449482.0,64.0
13.07,1625449482.0,64.0
11.64,1625449482.0,64.0
10.26,1625449482.0,64.0
9.04,1625449482.0,64.0
8.01,1625449482.0,64.0
7.08,1625449482.0,64.0
6.14,1625449482.0,64.0
5.18,1625449482.0,64.0
4.23,1625449482.0,64.0
3.34,1625449482.0,64.0
2.43,1625449482.0,64.0
1.37,1625449482.0,64.0
-0.03,1625449482.0,64.0
-1.86,1625449482.0,64.0
-4.05,1625449482.0,64.0
-6.37,1625449482.0,64.0
-8.57,1625449482.0,64.0
-10.5,1625449482.0,64.0
-12.19,1625449482.0,64.0
-13.76,1625449482.0,64.0
-15.29,1625449482.0,64.0
-16.7,1625449482.0,64.0
-17.76,1625449482.0,64.0
-18.16,1625449482.0,64.0
-17.7,1625449482.0,64.0
-16.33,1625449482.0,64.0
-14.22,1625449482.0,64.0
-11.55,1625449482.0,64.0
-8.54,1625449482.0,64.0
-5.32,1625449482.0,64.0
-1.99,1625449482.0,64.0
1.33,1625449482.0,64.0
4.48,1625449482.0,64.0
7.25,1625449482.0,64.0
9.47,1625449482.0,64.0
11.01,1625449482.0,64.0
11.87,1625449482.0,64.0
12.15,1625449482.0,64.0
12.03,1625449482.0,64.0
11.73,1625449482.0,64.0
11.4,1625449482.0,64.0
11.16,1625449482.0,64.0
11.03,1625449482.0,64.0
10.99,1625449482.0,64.0
10.97,1625449482.0,64.0
10.88,1625449482.0,64.0
10.62,1625449482.0,64.0
10.1,1625449482.0,64.0
9.29,1625449482.0,64.0
8.18,1625449482.0,64.0
6.81,1625449482.0,64.0
5.28,1625449482.0,64.0
3.69,1625449482.0,64.0
2.06,1625449482.0,64.0
0.32,1625449482.0,64.0
-1.65,1625449482.0,64.0
-3.98,1625449482.0,64.0
-6.7,1625449482.0,64.0
-9.69,1625449482.0,64.0
-12.65,1625449482.0,64.0
-15.26,1625449482.0,64.0
-17.24,1625449482.0,64.0
-18.48,1625449482.0,64.0
-19.07,1625449482.0,64.0
-19.25,1625449482.0,64.0
-19.3,1625449482.0,64.0
-19.41,1625449482.0,64.0
-19.55,1625449482.0,64.0
-19.55,1625449482.0,64.0
-19.18,1625449482.0,64.0
-18.25,1625449482.0,64.0
-16.72,1625449482.0,64.0
-14.68,1625449482.0,64.0
-12.28,1625449482.0,64.0
-9.66,1625449482.0,64.0
-6.82,1625449482.0,64.0
-3.76,1625449482.0,64.0
-0.46,1625449482.0,64.0
2.95,1625449482.0,64.0
6.22,1625449482.0,64.0
9.03,1625449482.0,64.0
11.14,1625449482.0,64.0
12.48,1625449482.0,64.0
13.18,1625449482.0,64.0
13.54,1625449482.0,64.0
13.84,1625449482.0,64.0
14.27,1625449482.0,64.0
14.85,1625449482.0,64.0
15.45,1625449482.0,64.0
15.84,1625449482.0,64.0
15.79,1625449482.0,64.0
15.16,1625449482.0,64.0
13.97,1625449482.0,64.0
12.42,1625449482.0,64.0
10.81,1625449482.0,64.0
9.38,1625449482.0,64.0
8.22,1625449482.0,64.0
7.21,1625449482.0,64.0
6.09,1625449482.0,64.0
4.62,1625449482.0,64.0
2.77,1625449482.0,64.0
0.72,1625449482.0,64.0
-1.19,1625449482.0,64.0
-2.69,1625449482.0,64.0
-3.73,1625449482.0,64.0
-4.5,1625449482.0,64.0
-5.29,1625449482.0,64.0
-6.36,1625449482.0,64.0
-7.82,1625449482.0,64.0
-9.59,1625449482.0,64.0
-11.54,1625449482.0,64.0
-13.54,1625449482.0,64.0
-15.54,1625449482.0,64.0
-17.53,1625449482.0,64.0
-19.42,1625449482.0,64.0
-21.02,1625449482.0,64.0
-22.03,1625449482.0,64.0
-22.14,1625449482.0,64.0
-21.14,1625449482.0,64.0
-19.03,1625449482.0,64.0
-15.97,1625449482.0,64.0
-12.26,1625449482.0,64.0
-8.25,1625449482.0,64.0
-4.2,1625449482.0,64.0
-0.27,1625449482.0,64.0
3.46,1625449482.0,64.0
6.94,1625449482.0,64.0
10.09,1625449482.0,64.0
12.8,1625449482.0,64.0
14.93,1625449482.0,64.0
16.4,1625449482.0,64.0
17.22,1625449482.0,64.0
17.52,1625449482.0,64.0
17.5,1625449482.0,64.0
17.35,1625449482.0,64.0
17.17,1625449482.0,64.0
16.94,1625449482.0,64.0
16.53,1625449482.0,64.0
15.81,1625449482.0,64.0
14.74,1625449482.0,64.0
13.36,1625449482.0,64.0
11.82,1625449482.0,64.0
10.3,1625449482.0,64.0
8.85,1625449482.0,64.0
7.48,1625449482.0,64.0
6.11,1625449482.0,64.0
4.68,1625449482.0,64.0
3.14,1625449482.0,64.0
1.6,1625449482.0,64.0
0.14,1625449482.0,64.0
-1.11,1625449482.0,64.0
-2.14,1625449482.0,64.0
-3.03,1625449482.0,64.0
-3.94,1625449482.0,64.0
-5.03,1625449482.0,64.0
-6.39,1625449482.0,64.0
-8.06,1625449482.0,64.0
-9.94,1625449482.0,64.0
-11.96,1625449482.0,64.0
-13.97,1625449482.0,64.0
-15.87,1625449482.0,64.0
-17.54,1625449482.0,64.0
-18.86,1625449482.0,64.0
-19.73,1625449482.0,64.0
-19.97,1625449482.0,64.0
-19.49,1625449482.0,64.0
-18.17,1625449482.0,64.0
-16.02,1625449482.0,64.0
-13.09,1625449482.0,64.0
-9.48,1625449482.0,64.0
-5.37,1625449482.0,64.0
-0.97,1625449482.0,64.0
3.44,1625449482.0,64.0
7.57,1625449482.0,64.0
11.14,1625449482.0,64.0
13.98,1625449482.0,64.0
16.03,1625449482.0,64.0
17.33,1625449482.0,64.0
18.05,1625449482.0,64.0
18.36,1625449482.0,64.0
18.43,1625449482.0,64.0
18.37,1625449482.0,64.0
18.21,1625449482.0,64.0
17.98,1625449482.0,64.0
17.65,1625449482.0,64.0
17.22,1625449482.0,64.0
16.67,1625449482.0,64.0
15.97,1625449482.0,64.0
15.07,1625449482.0,64.0
13.86,1625449482.0,64.0
12.27,1625449482.0,64.0
10.26,1625449482.0,64.0
7.89,1625449482.0,64.0
5.38,1625449482.0,64.0
3.01,1625449482.0,64.0
1.05,1625449482.0,64.0
-0.31,1625449482.0,64.0
-1.04,1625449482.0,64.0
-1.27,1625449482.0,64.0
-1.21,1625449482.0,64.0
-1.12,1625449482.0,64.0
-1.2,1625449482.0,64.0
-1.6,1625449482.0,64.0
-2.36,1625449482.0,64.0
-3.41,1625449482.0,64.0
-4.64,1625449482.0,64.0
-5.96,1625449482.0,64.0
-7.39,1625449482.0,64.0
-9.06,1625449482.0,64.0
-11.12,1625449482.0,64.0
-13.64,1625449482.0,64.0
-16.45,1625449482.0,64.0
-19.18,1625449482.0,64.0
-21.36,1625449482.0,64.0
-22.59,1625449482.0,64.0
-22.66,1625449482.0,64.0
-21.63,1625449482.0,64.0
-19.73,1625449482.0,64.0
-17.26,1625449482.0,64.0
-14.37,1625449482.0,64.0
-11.14,1625449482.0,64.0
-7.55,1625449482.0,64.0
-3.61,1625449482.0,64.0
0.53,1625449482.0,64.0
4.6,1625449482.0,64.0
8.27,1625449482.0,64.0
11.22,1625449482.0,64.0
13.31,1625449482.0,64.0
14.6,1625449482.0,64.0
15.32,1625449482.0,64.0
15.76,1625449482.0,64.0
16.13,1625449482.0,64.0
16.48,1625449482.0,64.0
16.73,1625449482.0,64.0
16.73,1625449482.0,64.0
16.38,1625449482.0,64.0
15.67,1625449482.0,64.0
14.71,1625449482.0,64.0
13.63,1625449482.0,64.0
12.55,1625449482.0,64.0
11.51,1625449482.0,64.0
10.5,1625449482.0,64.0
9.51,1625449482.0,64.0
8.56,1625449482.0,64.0
7.63,1625449482.0,64.0
6.75,1625449482.0,64.0
5.87,1625449482.0,64.0
4.94,1625449482.0,64.0
3.89,1625449482.0,64.0
2.7,1625449482.0,64.0
1.36,1625449482.0,64.0
-0.12,1625449482.0,64.0
-1.72,1625449482.0,64.0
-3.4,1625449482.0,64.0
-5.05,1625449482.0,64.0
-6.53,1625449482.0,64.0
-7.74,1625449482.0,64.0
-8.63,1625449482.0,64.0
-9.28,1625449482.0,64.0
-9.87,1625449482.0,64.0
-10.61,1625449482.0,64.0
-11.68,1625449482.0,64.0
-13.13,1625449482.0,64.0
-14.81,1625449482.0,64.0
-16.47,1625449482.0,64.0
-17.75,1625449482.0,64.0
-18.28,1625449482.0,64.0
-17.83,1625449482.0,64.0
-16.31,1625449482.0,64.0
-13.8,1625449482.0,64.0
-10.53,1625449482.0,64.0
-6.79,1625449482.0,64.0
-2.85,1625449482.0,64.0
1.06,1625449482.0,64.0
4.74,1625449482.0,64.0
8.01,1625449482.0,64.0
10.73,1625449482.0,64.0
12.77,1625449482.0,64.0
14.14,1625449482.0,64.0
14.97,1625449482.0,64.0
15.46,1625449482.0,64.0
15.81,1625449482.0,64.0
16.11,1625449482.0,64.0
16.34,1625449482.0,64.0
16.39,1625449482.0,64.0
16.15,1625449482.0,64.0
15.63,1625449482.0,64.0
14.92,1625449482.0,64.0
14.16,1625449482.0,64.0
13.46,1625449482.0,64.0
12.82,1625449482.0,64.0
12.18,1625449482.0,64.0
11.39,1625449482.0,64.0
10.41,1625449482.0,64.0
9.21,1625449482.0,64.0
7.89,1625449482.0,64.0
6.55,1625449482.0,64.0
5.31,1625449482.0,64.0
4.21,1625449482.0,64.0
3.29,1625449482.0,64.0
2.57,1625449482.0,64.0
2.03,1625449482.0,64.0
1.6,1625449482.0,64.0
1.17,1625449482.0,64.0
0.61,1625449482.0,64.0
-0.22,1625449482.0,64.0
-1.38,1625449482.0,64.0
-2.87,1625449482.0,64.0
-4.63,1625449482.0,64.0
-6.6,1625449482.0,64.0
-8.74,1625449482.0,64.0
-10.96,1625449482.0,64.0
-13.13,1625449482.0,64.0
-14.99,1625449482.0,64.0
-16.25,1625449482.0,64.0
-16.68,1625449482.0,64.0
-16.15,1625449482.0,64.0
-14.77,1625449482.0,64.0
-12.76,1625449482.0,64.0
-10.4,1625449482.0,64.0
-7.88,1625449482.0,64.0
-5.29,1625449482.0,64.0
-2.57,1625449482.0,64.0
0.36,1625449482.0,64.0
3.47,1625449482.0,64.0
6.66,1625449482.0,64.0
9.67,1625449482.0,64.0
12.21,1625449482.0,64.0
13.99,1625449482.0,64.0
14.86,1625449482.0,64.0
14.82,1625449482.0,64.0
14.01,1625449482.0,64.0
12.7,1625449482.0,64.0
11.19,1625449482.0,64.0
9.77,1625449482.0,64.0
8.59,1625449482.0,64.0
7.74,1625449482.0,64.0
7.18,1625449482.0,64.0
6.8,1625449482.0,64.0
6.48,1625449482.0,64.0
6.06,1625449482.0,64.0
5.4,1625449482.0,64.0
4.37,1625449482.0,64.0
2.91,1625449482.0,64.0
1.08,1625449482.0,64.0
-0.96,1625449482.0,64.0
-2.98,1625449482.0,64.0
-4.77,1625449482.0,64.0
-6.19,1625449482.0,64.0
-7.29,1625449482.0,64.0
-8.18,1625449482.0,64.0
-8.99,1625449482.0,64.0
-9.82,1625449482.0,64.0
-10.65,1625449482.0,64.0
-11.46,1625449482.0,64.0
-12.22,1625449482.0,64.0
-12.98,1625449482.0,64.0
-13.84,1625449482.0,64.0
-14.93,1625449482.0,64.0
-16.3,1625449482.0,64.0
-17.87,1625449482.0,64.0
-19.39,1625449482.0,64.0
-20.51,1625449482.0,64.0
-20.91,1625449482.0,64.0
-20.36,1625449482.0,64.0
-18.89,1625449482.0,64.0
-16.73,1625449482.0,64.0
-14.18,1625449482.0,64.0
-11.51,1625449482.0,64.0
-8.79,1625449482.0,64.0
-5.96,1625449482.0,64.0
-2.9,1625449482.0,64.0
0.41,1625449482.0,64.0
3.85,1625449482.0,64.0
7.13,1625449482.0,64.0
9.97,1625449482.0,64.0
12.21,1625449482.0,64.0
13.87,1625449482.0,64.0
15.06,1625449482.0,64.0
15.94,1625449482.0,64.0
16.6,1625449482.0,64.0
17.07,1625449482.0,64.0
17.25,1625449482.0,64.0
17.07,1625449482.0,64.0
16.47,1625449482.0,64.0
15.46,1625449482.0,64.0
14.12,1625449482.0,64.0
12.55,1625449482.0,64.0
10.91,1625449482.0,64.0
9.32,1625449482.0,64.0
7.85,1625449482.0,64.0
6.51,1625449482.0,64.0
5.25,1625449482.0,64.0
4.01,1625449482.0,64.0
2.76,1625449482.0,64.0
1.56,1625449482.0,64.0
0.44,1625449482.0,64.0
-0.54,1625449482.0,64.0
-1.4,1625449482.0,64.0
-2.18,1625449482.0,64.0
-2.98,1625449482.0,64.0
-3.87,1625449482.0,64.0
-4.89,1625449482.0,64.0
-6.04,1625449482.0,64.0
-7.25,1625449482.0,64.0
-8.42,1625449482.0,64.0
-9.54,1625449482.0,64.0
-10.6,1625449482.0,64.0
-11.72,1625449482.0,64.0
-12.99,1625449482.0,64.0
-14.45,1625449482.0,64.0
-16.05,1625449482.0,64.0
-17.56,1625449482.0,64.0
-18.66,1625449482.0,64.0
-19.07,1625449482.0,64.0
-18.6,1625449482.0,64.0
-17.28,1625449482.0,64.0
-15.25,1625449482.0,64.0
-12.77,1625449482.0,64.0
-9.99,1625449482.0,64.0
-6.98,1625449482.0,64.0
-3.75,1625449482.0,64.0
-0.29,1625449482.0,64.0
3.26,1625449482.0,64.0
6.64,1625449482.0,64.0
9.53,1625449482.0,64.0
11.68,1625449482.0,64.0
13.09,1625449482.0,64.0
13.94,1625449482.0,64.0
14.56,1625449482.0,64.0
15.2,1625449482.0,64.0
15.92,1625449482.0,64.0
16.59,1625449482.0,64.0
16.99,1625449482.0,64.0
16.94,1625449482.0,64.0
16.4,1625449482.0,64.0
15.51,1625449482.0,64.0
14.45,1625449482.0,64.0
13.34,1625449482.0,64.0
12.18,1625449482.0,64.0
10.87,1625449482.0,64.0
9.26,1625449482.0,64.0
7.29,1625449482.0,64.0
5.03,1625449482.0,64.0
2.65,1625449482.0,64.0
0.33,1625449482.0,64.0
-1.82,1625449482.0,64.0
-3.77,1625449482.0,64.0
-5.55,1625449482.0,64.0
-7.21,1625449482.0,64.0
-8.71,1625449482.0,64.0
-9.95,1625449482.0,64.0
-10.81,1625449482.0,64.0
-11.34,1625449482.0,64.0
-11.69,1625449482.0,64.0
-12.17,1625449482.0,64.0
-13.08,1625449482.0,64.0
-14.59,1625449482.0,64.0
-16.68,1625449482.0,64.0
-19.14,1625449482.0,64.0
-21.61,1625449482.0,64.0
-23.73,1625449482.0,64.0
-25.16,1625449482.0,64.0
-25.71,1625449482.0,64.0
-25.31,1625449482.0,64.0
-24.01,1625449482.0,64.0
-21.91,1625449482.0,64.0
-19.16,1625449482.0,64.0
-15.9,1625449482.0,64.0
-12.28,1625449482.0,64.0
-8.47,1625449482.0,64.0
-4.65,1625449482.0,64.0
-1.03,1625449482.0,64.0
2.25,1625449482.0,64.0
5.07,1625449482.0,64.0
7.39,1625449482.0,64.0
9.24,1625449482.0,64.0
10.65,1625449482.0,64.0
11.72,1625449482.0,64.0
12.51,1625449482.0,64.0
13.08,1625449482.0,64.0
13.51,1625449482.0,64.0
13.81,1625449482.0,64.0
13.99,1625449482.0,64.0
13.99,1625449482.0,64.0
13.77,1625449482.0,64.0
13.31,1625449482.0,64.0
12.64,1625449482.0,64.0
11.82,1625449482.0,64.0
10.9,1625449482.0,64.0
9.91,1625449482.0,64.0
8.83,1625449482.0,64.0
7.63,1625449482.0,64.0
6.35,1625449482.0,64.0
5.09,1625449482.0,64.0
3.98,1625449482.0,64.0
3.1,1625449482.0,64.0
2.43,1625449482.0,64.0
1.83,1625449482.0,64.0
1.08,1625449482.0,64.0
0.06,1625449482.0,64.0
-1.28,1625449482.0,64.0
-2.8,1625449482.0,64.0
-4.33,1625449482.0,64.0
-5.68,1625449482.0,64.0
-6.79,1625449482.0,64.0
-7.73,1625449482.0,64.0
-8.6,1625449482.0,64.0
-9.55,1625449482.0,64.0
-10.65,1625449482.0,64.0
-11.92,1625449482.0,64.0
-13.28,1625449482.0,64.0
-14.56,1625449482.0,64.0
-15.58,1625449482.0,64.0
-16.11,1625449482.0,64.0
-15.99,1625449482.0,64.0
-15.12,1625449482.0,64.0
-13.49,1625449482.0,64.0
-11.19,1625449482.0,64.0
-8.36,1625449482.0,64.0
-5.16,1625449482.0,64.0
-1.79,1625449482.0,64.0
1.53,1625449482.0,64.0
4.59,1625449482.0,64.0
7.23,1625449482.0,64.0
9.33,1625449482.0,64.0
10.89,1625449482.0,64.0
11.97,1625449482.0,64.0
12.68,1625449482.0,64.0
13.14,1625449482.0,64.0
13.44,1625449482.0,64.0
13.64,1625449482.0,64.0
13.79,1625449482.0,64.0
13.91,1625449482.0,64.0
14.01,1625449482.0,64.0
14.06,1625449482.0,64.0
13.99,1625449482.0,64.0
13.72,1625449482.0,64.0
13.22,1625449482.0,64.0
12.51,1625449482.0,64.0
11.65,1625449482.0,64.0
10.69,1625449482.0,64.0
9.7,1625449482.0,64.0
8.74,1625449482.0,64.0
7.84,1625449482.0,64.0
7.03,1625449482.0,64.0
6.32,1625449482.0,64.0
5.66,1625449482.0,64.0
4.96,1625449482.0,64.0
4.07,1625449482.0,64.0
2.91,1625449482.0,64.0
1.44,1625449482.0,64.0
-0.25,1625449482.0,64.0
-2.06,1625449482.0,64.0
-3.86,1625449482.0,64.0
-5.6,1625449482.0,64.0
-7.32,1625449482.0,64.0
-9.02,1625449482.0,64.0
-10.69,1625449482.0,64.0
-12.2,1625449482.0,64.0
-13.42,1625449482.0,64.0
-14.2,1625449482.0,64.0
-14.47,1625449482.0,64.0
-14.25,1625449482.0,64.0
-13.58,1625449482.0,64.0
-12.5,1625449482.0,64.0
-10.98,1625449482.0,64.0
-9.03,1625449482.0,64.0
-6.67,1625449482.0,64.0
-4.0,1625449482.0,64.0
-1.25,1625449482.0,64.0
1.32,1625449482.0,64.0
3.48,1625449482.0,64.0
5.08,1625449482.0,64.0
6.11,1625449482.0,64.0
6.68,1625449482.0,64.0
6.98,1625449482.0,64.0
7.19,1625449482.0,64.0
7.44,1625449482.0,64.0
7.77,1625449482.0,64.0
8.16,1625449482.0,64.0
8.51,1625449482.0,64.0
8.75,1625449482.0,64.0
8.76,1625449482.0,64.0
8.53,1625449482.0,64.0
8.04,1625449482.0,64.0
7.3,1625449482.0,64.0
6.37,1625449482.0,64.0
5.34,1625449482.0,64.0
4.26,1625449482.0,64.0
3.2,1625449482.0,64.0
2.17,1625449482.0,64.0
1.19,1625449482.0,64.0
0.25,1625449482.0,64.0
-0.61,1625449482.0,64.0
-1.37,1625449482.0,64.0
-2.0,1625449482.0,64.0
-2.56,1625449482.0,64.0
-3.23,1625449482.0,64.0
-4.23,1625449482.0,64.0
-5.75,1625449482.0,64.0
-7.82,1625449482.0,64.0
-10.23,1625449482.0,64.0
-12.64,1625449482.0,64.0
-14.69,1625449482.0,64.0
-16.19,1625449482.0,64.0
-17.19,1625449482.0,64.0
-17.91,1625449482.0,64.0
-18.6,1625449482.0,64.0
-19.31,1625449482.0,64.0
-19.89,1625449482.0,64.0
-19.99,1625449482.0,64.0
-19.31,1625449482.0,64.0
-17.67,1625449482.0,64.0
-15.13,1625449482.0,64.0
-11.87,1625449482.0,64.0
-8.14,1625449482.0,64.0
-4.11,1625449482.0,64.0
0.03,1625449482.0,64.0
4.1,1625449482.0,64.0
7.83,1625449482.0,64.0
10.94,1625449482.0,64.0
13.19,1625449482.0,64.0
14.54,1625449482.0,64.0
15.08,1625449482.0,64.0
15.06,1625449482.0,64.0
14.73,1625449482.0,64.0
14.25,1625449482.0,64.0
13.67,1625449482.0,64.0
13.0,1625449482.0,64.0
12.19,1625449482.0,64.0
11.25,1625449482.0,64.0
10.18,1625449482.0,64.0
9.0,1625449482.0,64.0
7.72,1625449482.0,64.0
6.33,1625449482.0,64.0
4.86,1625449482.0,64.0
3.41,1625449482.0,64.0
2.11,1625449482.0,64.0
1.12,1625449482.0,64.0
0.54,1625449482.0,64.0
0.36,1625449482.0,64.0
0.45,1625449482.0,64.0
0.6,1625449482.0,64.0
0.57,1625449482.0,64.0
0.18,1625449482.0,64.0
-0.63,1625449482.0,64.0
-1.82,1625449482.0,64.0
-3.25,1625449482.0,64.0
-4.79,1625449482.0,64.0
-6.32,1625449482.0,64.0
-7.82,1625449482.0,64.0
-9.32,1625449482.0,64.0
-10.89,1625449482.0,64.0
-12.51,1625449482.0,64.0
-14.07,1625449482.0,64.0
-15.39,1625449482.0,64.0
-16.23,1625449482.0,64.0
-16.43,1625449482.0,64.0
-16.0,1625449482.0,64.0
-15.05,1625449482.0,64.0
-13.71,1625449482.0,64.0
-12.08,1625449482.0,64.0
-10.11,1625449482.0,64.0
-7.71,1625449482.0,64.0
-4.88,1625449482.0,64.0
-1.73,1625449482.0,64.0
1.43,1625449482.0,64.0
4.29,1625449482.0,64.0
6.62,1625449482.0,64.0
8.4,1625449482.0,64.0
9.75,1625449482.0,64.0
10.8,1625449482.0,64.0
11.61,1625449482.0,64.0
12.13,1625449482.0,64.0
12.28,1625449482.0,64.0
12.1,1625449482.0,64.0
11.75,1625449482.0,64.0
11.49,1625449482.0,64.0
11.49,1625449482.0,64.0
11.74,1625449482.0,64.0
12.02,1625449482.0,64.0
12.02,1625449482.0,64.0
11.5,1625449482.0,64.0
10.4,1625449482.0,64.0
8.87,1625449482.0,64.0
7.12,1625449482.0,64.0
5.4,1625449482.0,64.0
3.82,1625449482.0,64.0
2.39,1625449482.0,64.0
1.06,1625449482.0,64.0
-0.24,1625449482.0,64.0
-1.52,1625449482.0,64.0
-2.76,1625449482.0,64.0
-3.92,1625449482.0,64.0
-4.97,1625449482.0,64.0
-5.96,1625449482.0,64.0
-6.96,1625449482.0,64.0
-8.06,1625449482.0,64.0
-9.33,1625449482.0,64.0
-10.79,1625449482.0,64.0
-12.36,1625449482.0,64.0
-13.97,1625449482.0,64.0
-15.54,1625449482.0,64.0
-17.01,1625449482.0,64.0
-18.32,1625449482.0,64.0
-19.33,1625449482.0,64.0
-19.78,1625449482.0,64.0
-19.41,1625449482.0,64.0
-18.0,1625449482.0,64.0
-15.56,1625449482.0,64.0
-12.33,1625449482.0,64.0
-8.74,1625449482.0,64.0
-5.22,1625449482.0,64.0
-2.09,1625449482.0,64.0
0.56,1625449482.0,64.0
2.79,1625449482.0,64.0
4.72,1625449482.0,64.0
6.4,1625449482.0,64.0
7.86,1625449482.0,64.0
9.08,1625449482.0,64.0
10.11,1625449482.0,64.0
11.0,1625449482.0,64.0
11.83,1625449482.0,64.0
12.59,1625449482.0,64.0
13.18,1625449482.0,64.0
13.48,1625449482.0,64.0
13.4,1625449482.0,64.0
12.98,1625449482.0,64.0
12.31,1625449482.0,64.0
11.54,1625449482.0,64.0
10.74,1625449482.0,64.0
9.92,1625449482.0,64.0
9.01,1625449482.0,64.0
7.97,1625449482.0,64.0
6.82,1625449482.0,64.0
5.63,1625449482.0,64.0
4.52,1625449482.0,64.0
3.53,1625449482.0,64.0
2.63,1625449482.0,64.0
1.72,1625449482.0,64.0
0.71,1625449482.0,64.0
-0.42,1625449482.0,64.0
-1.59,1625449482.0,64.0
-2.7,1625449482.0,64.0
-3.7,1625449482.0,64.0
-4.66,1625449482.0,64.0
-5.74,1625449482.0,64.0
-7.13,1625449482.0,64.0
-8.83,1625449482.0,64.0
-10.71,1625449482.0,64.0
-12.49,1625449482.0,64.0
-13.95,1625449482.0,64.0
-15.01,1625449482.0,64.0
-15.84,1625449482.0,64.0
-16.64,1625449482.0,64.0
-17.5,1625449482.0,64.0
-18.33,1625449482.0,64.0
-18.83,1625449482.0,64.0
-18.65,1625449482.0,64.0
-17.53,1625449482.0,64.0
-15.44,1625449482.0,64.0
-12.59,1625449482.0,64.0
-9.3,1625449482.0,64.0
-5.87,1625449482.0,64.0
-2.54,1625449482.0,64.0
0.59,1625449482.0,64.0
3.47,1625449482.0,64.0
6.03,1625449482.0,64.0
8.22,1625449482.0,64.0
9.95,1625449482.0,64.0
11.21,1625449482.0,64.0
12.07,1625449482.0,64.0
12.65,1625449482.0,64.0
13.09,1625449482.0,64.0
13.46,1625449482.0,64.0
13.72,1625449482.0,64.0
13.77,1625449482.0,64.0
13.51,1625449482.0,64.0
12.95,1625449482.0,64.0
12.2,1625449482.0,64.0
11.44,1625449482.0,64.0
10.79,1625449482.0,64.0
10.22,1625449482.0,64.0
9.56,1625449482.0,64.0
8.62,1625449482.0,64.0
7.26,1625449482.0,64.0
5.48,1625449482.0,64.0
3.47,1625449482.0,64.0
1.46,1625449482.0,64.0
-0.32,1625449482.0,64.0
-1.79,1625449482.0,64.0
-2.95,1625449482.0,64.0
-3.92,1625449482.0,64.0
-4.77,1625449482.0,64.0
-5.58,1625449482.0,64.0
-6.36,1625449482.0,64.0
-7.15,1625449482.0,64.0
-7.98,1625449482.0,64.0
-8.9,1625449482.0,64.0
-9.91,1625449482.0,64.0
-10.94,1625449482.0,64.0
-11.91,1625449482.0,64.0
-12.77,1625449482.0,64.0
-13.58,1625449482.0,64.0
-14.45,1625449482.0,64.0
-15.5,1625449482.0,64.0
-16.71,1625449482.0,64.0
-17.92,1625449482.0,64.0
-18.79,1625449482.0,64.0
-19.01,1625449482.0,64.0
-18.35,1625449482.0,64.0
-16.8,1625449482.0,64.0
-14.47,1625449482.0,64.0
-11.51,1625449482.0,64.0
-8.04,1625449482.0,64.0
-4.15,1625449482.0,64.0
0.0,1625449482.0,64.0
4.12,1625449482.0,64.0
7.78,1625449482.0,64.0
10.61,1625449482.0,64.0
12.4,1625449482.0,64.0
13.23,1625449482.0,64.0
13.47,1625449482.0,64.0
13.57,1625449482.0,64.0
13.85,1625449482.0,64.0
14.41,1625449482.0,64.0
15.04,1625449482.0,64.0
15.45,1625449482.0,64.0
15.42,1625449482.0,64.0
14.93,1625449482.0,64.0
14.1,1625449482.0,64.0
13.13,1625449482.0,64.0
12.14,1625449482.0,64.0
11.15,1625449482.0,64.0
10.14,1625449482.0,64.0
9.07,1625449482.0,64.0
8.02,1625449482.0,64.0
7.1,1625449482.0,64.0
6.4,1625449482.0,64.0
5.91,1625449482.0,64.0
5.51,1625449482.0,64.0
5.03,1625449482.0,64.0
4.32,1625449482.0,64.0
3.35,1625449482.0,64.0
2.13,1625449482.0,64.0
0.75,1625449482.0,64.0
-0.75,1625449482.0,64.0
-2.34,1625449482.0,64.0
-4.03,1625449482.0,64.0
-5.79,1625449482.0,64.0
-7.57,1625449482.0,64.0
-9.29,1625449482.0,64.0
-10.9,1625449482.0,64.0
-12.43,1625449482.0,64.0
-13.92,1625449482.0,64.0
-15.42,1625449482.0,64.0
-16.86,1625449482.0,64.0
-18.05,1625449482.0,64.0
-18.7,1625449482.0,64.0
-18.52,1625449482.0,64.0
-17.33,1625449482.0,64.0
-15.15,1625449482.0,64.0
-12.17,1625449482.0,64.0
-8.74,1625449482.0,64.0
-5.25,1625449482.0,64.0
-2.03,1625449482.0,64.0
0.69,1625449482.0,64.0
2.8,1625449482.0,64.0
4.3,1625449482.0,64.0
5.25,1625449482.0,64.0
5.83,1625449482.0,64.0
6.25,1625449482.0,64.0
6.69,1625449482.0,64.0
7.32,1625449482.0,64.0
8.18,1625449482.0,64.0
9.28,1625449482.0,64.0
10.53,1625449482.0,64.0
11.82,1625449482.0,64.0
12.98,1625449482.0,64.0
13.81,1625449482.0,64.0
14.11,1625449482.0,64.0
13.75,1625449482.0,64.0
12.73,1625449482.0,64.0
11.23,1625449482.0,64.0
9.54,1625449482.0,64.0
7.95,1625449482.0,64.0
6.7,1625449482.0,64.0
5.82,1625449482.0,64.0
5.22,1625449482.0,64.0
4.73,1625449482.0,64.0
4.17,1625449482.0,64.0
3.44,1625449482.0,64.0
2.5,1625449482.0,64.0
1.34,1625449482.0,64.0
-0.05,1625449482.0,64.0
-1.63,1625449482.0,64.0
-3.36,1625449482.0,64.0
-5.14,1625449482.0,64.0
-6.83,1625449482.0,64.0
-8.33,1625449482.0,64.0
-9.61,1625449482.0,64.0
-10.74,1625449482.0,64.0
-11.88,1625449482.0,64.0
-13.13,1625449482.0,64.0
-14.48,1625449482.0,64.0
-15.81,1625449482.0,64.0
-16.87,1625449482.0,64.0
-17.4,1625449482.0,64.0
-17.26,1625449482.0,64.0
-16.42,1625449482.0,64.0
-14.97,1625449482.0,64.0
-13.04,1625449482.0,64.0
-10.72,1625449482.0,64.0
-8.06,1625449482.0,64.0
-5.1,1625449482.0,64.0
-1.94,1625449482.0,64.0
1.21,1625449482.0,64.0
4.07,1625449482.0,64.0
6.36,1625449482.0,64.0
7.93,1625449482.0,64.0
8.85,1625449482.0,64.0
9.35,1625449482.0,64.0
9.76,1625449482.0,64.0
10.3,1625449482.0,64.0
11.02,1625449482.0,64.0
11.74,1625449482.0,64.0
12.2,1625449482.0,64.0
12.19,1625449482.0,64.0
11.71,1625449482.0,64.0
10.91,1625449482.0,64.0
10.01,1625449482.0,64.0
9.19,1625449482.0,64.0
8.46,1625449482.0,64.0
7.74,1625449482.0,64.0
6.9,1625449482.0,64.0
5.87,1625449482.0,64.0
4.69,1625449482.0,64.0
3.48,1625449482.0,64.0
2.36,1625449482.0,64.0
1.42,1625449482.0,64.0
0.71,1625449482.0,64.0
0.16,1625449482.0,64.0
-0.33,1625449482.0,64.0
-0.92,1625449482.0,64.0
-1.78,1625449482.0,64.0
-3.01,1625449482.0,64.0
-4.6,1625449482.0,64.0
-6.43,1625449482.0,64.0
-8.3,1625449482.0,64.0
-9.99,1625449482.0,64.0
-11.41,1625449482.0,64.0
-12.59,1625449482.0,64.0
-13.63,1625449482.0,64.0
-14.63,1625449482.0,64.0
-15.53,1625449482.0,64.0
-16.14,1625449482.0,64.0
-16.21,1625449482.0,64.0
-15.59,1625449482.0,64.0
-14.3,1625449482.0,64.0
-12.51,1625449482.0,64.0
-10.47,1625449482.0,64.0
-8.37,1625449482.0,64.0
-6.29,1625449482.0,64.0
-4.15,1625449482.0,64.0
-1.86,1625449482.0,64.0
0.62,1625449482.0,64.0
3.22,1625449482.0,64.0
5.8,1625449482.0,64.0
8.14,1625449482.0,64.0
10.09,1625449482.0,64.0
11.56,1625449482.0,64.0
12.56,1625449482.0,64.0
13.14,1625449482.0,64.0
13.39,1625449482.0,64.0
13.4,1625449482.0,64.0
13.27,1625449482.0,64.0
13.04,1625449482.0,64.0
12.75,1625449482.0,64.0
12.39,1625449482.0,64.0
11.89,1625449482.0,64.0
11.15,1625449482.0,64.0
10.13,1625449482.0,64.0
8.87,1625449482.0,64.0
7.45,1625449482.0,64.0
6.02,1625449482.0,64.0
4.68,1625449482.0,64.0
3.5,1625449482.0,64.0
2.49,1625449482.0,64.0
1.58,1625449482.0,64.0
0.71,1625449482.0,64.0
-0.2,1625449482.0,64.0
-1.23,1625449482.0,64.0
-2.42,1625449482.0,64.0
-3.78,1625449482.0,64.0
-5.29,1625449482.0,64.0
-6.91,1625449482.0,64.0
-8.56,1625449482.0,64.0
-10.18,1625449482.0,64.0
-11.74,1625449482.0,64.0
-13.19,1625449482.0,64.0
-14.54,1625449482.0,64.0
-15.74,1625449482.0,64.0
-16.74,1625449482.0,64.0
-17.46,1625449482.0,64.0
-17.82,1625449482.0,64.0
-17.71,1625449482.0,64.0
-17.04,1625449482.0,64.0
-15.76,1625449482.0,64.0
-13.92,1625449482.0,64.0
-11.61,1625449482.0,64.0
-8.98,1625449482.0,64.0
-6.17,1625449482.0,64.0
-3.27,1625449482.0,64.0
-0.38,1625449482.0,64.0
2.44,1625449482.0,64.0
5.09,1625449482.0,64.0
7.52,1625449482.0,64.0
9.67,1625449482.0,64.0
11.49,1625449482.0,64.0
12.99,1625449482.0,64.0
14.22,1625449482.0,64.0
15.21,1625449482.0,64.0
15.99,1625449482.0,64.0
16.53,1625449482.0,64.0
16.77,1625449482.0,64.0
16.62,1625449482.0,64.0
16.04,1625449482.0,64.0
15.05,1625449482.0,64.0
13.76,1625449482.0,64.0
12.33,1625449482.0,64.0
10.9,1625449482.0,64.0
9.6,1625449482.0,64.0
8.43,1625449482.0,64.0
7.38,1625449482.0,64.0
6.39,1625449482.0,64.0
5.45,1625449482.0,64.0
4.53,1625449482.0,64.0
3.62,1625449482.0,64.0
2.66,1625449482.0,64.0
1.61,1625449482.0,64.0
0.45,1625449482.0,64.0
-0.8,1625449482.0,64.0
-2.07,1625449482.0,64.0
-3.32,1625449482.0,64.0
-4.53,1625449482.0,64.0
-5.74,1625449482.0,64.0
-7.0,1625449482.0,64.0
-8.37,1625449482.0,64.0
-9.86,1625449482.0,64.0
-11.43,1625449482.0,64.0
-13.02,1625449482.0,64.0
-14.55,1625449482.0,64.0
-15.94,1625449482.0,64.0
-17.09,1625449482.0,64.0
-17.86,1625449482.0,64.0
-18.11,1625449482.0,64.0
-17.7,1625449482.0,64.0
-16.57,1625449482.0,64.0
-14.67,1625449482.0,64.0
-12.09,1625449482.0,64.0
-8.95,1625449482.0,64.0
-5.43,1625449482.0,64.0
-1.78,1625449482.0,64.0
1.75,1625449482.0,64.0
4.88,1625449482.0,64.0
7.41,1625449482.0,64.0
9.25,1625449482.0,64.0
10.46,1625449482.0,64.0
11.21,1625449482.0,64.0
11.76,1625449482.0,64.0
12.33,1625449482.0,64.0
13.02,1625449482.0,64.0
13.75,1625449482.0,64.0
14.32,1625449482.0,64.0
14.51,1625449482.0,64.0
14.21,1625449482.0,64.0
13.46,1625449482.0,64.0
12.45,1625449482.0,64.0
11.41,1625449482.0,64.0
10.51,1625449482.0,64.0
9.75,1625449482.0,64.0
9.02,1625449482.0,64.0
8.15,1625449482.0,64.0
7.01,1625449482.0,64.0
5.64,1625449482.0,64.0
4.13,1625449482.0,64.0
2.67,1625449482.0,64.0
1.43,1625449482.0,64.0
0.52,1625449482.0,64.0
-0.05,1625449482.0,64.0
-0.33,1625449482.0,64.0
-0.43,1625449482.0,64.0
-0.53,1625449482.0,64.0
-0.81,1625449482.0,64.0
-1.42,1625449482.0,64.0
-2.48,1625449482.0,64.0
-4.03,1625449482.0,64.0
-6.03,1625449482.0,64.0
-8.4,1625449482.0,64.0
-10.98,1625449482.0,64.0
-13.57,1625449482.0,64.0
-15.94,1625449482.0,64.0
-17.85,1625449482.0,64.0
-19.06,1625449482.0,64.0
-19.44,1625449482.0,64.0
-18.93,1625449482.0,64.0
-17.62,1625449482.0,64.0
-15.64,1625449482.0,64.0
-13.2,1625449482.0,64.0
-10.46,1625449482.0,64.0
-7.58,1625449482.0,64.0
-4.67,1625449482.0,64.0
-1.83,1625449482.0,64.0
0.84,1625449482.0,64.0
3.21,1625449482.0,64.0
5.17,1625449482.0,64.0
6.67,1625449482.0,64.0
7.74,1625449482.0,64.0
8.49,1625449482.0,64.0
9.09,1625449482.0,64.0
9.7,1625449482.0,64.0
10.41,1625449482.0,64.0
11.25,1625449482.0,64.0
12.12,1625449482.0,64.0
12.86,1625449482.0,64.0
13.27,1625449482.0,64.0
13.19,1625449482.0,64.0
12.55,1625449482.0,64.0
11.42,1625449482.0,64.0
9.99,1625449482.0,64.0
8.51,1625449482.0,64.0
7.18,1625449482.0,64.0
6.11,1625449482.0,64.0
5.27,1625449482.0,64.0
4.54,1625449482.0,64.0
3.75,1625449482.0,64.0
2.75,1625449482.0,64.0
1.43,1625449482.0,64.0
-0.25,1625449482.0,64.0
-2.29,1625449482.0,64.0
-4.57,1625449482.0,64.0
-6.88,1625449482.0,64.0
-8.96,1625449482.0,64.0
-10.48,1625449482.0,64.0
-11.23,1625449482.0,64.0
-11.13,1625449482.0,64.0
-10.3,1625449482.0,64.0
-9.02,1625449482.0,64.0
-7.64,1625449482.0,64.0
-6.45,1625449482.0,64.0
-5.61,1625449482.0,64.0
-5.12,1625449482.0,64.0
-4.84,1625449482.0,64.0
-4.58,1625449482.0,64.0
-4.2,1625449482.0,64.0
-3.63,1625449482.0,64.0
-2.85,1625449482.0,64.0
-1.89,1625449482.0,64.0
-0.74,1625449482.0,64.0
0.61,1625449482.0,64.0
2.17,1625449482.0,64.0
3.89,1625449482.0,64.0
5.62,1625449482.0,64.0
7.2,1625449482.0,64.0
8.47,1625449482.0,64.0
9.37,1625449482.0,64.0
9.97,1625449482.0,64.0
10.35,1625449482.0,64.0
10.62,1625449482.0,64.0
10.77,1625449482.0,64.0
10.76,1625449482.0,64.0
10.5,1625449482.0,64.0
9.95,1625449482.0,64.0
9.17,1625449482.0,64.0
8.26,1625449482.0,64.0
7.35,1625449482.0,64.0
6.55,1625449482.0,64.0
5.87,1625449482.0,64.0
5.24,1625449482.0,64.0
4.6,1625449482.0,64.0
3.88,1625449482.0,64.0
3.04,1625449482.0,64.0
2.11,1625449482.0,64.0
1.13,1625449482.0,64.0
0.17,1625449482.0,64.0
-0.74,1625449482.0,64.0
-1.6,1625449482.0,64.0
-2.44,1625449482.0,64.0
-3.3,1625449482.0,64.0
-4.23,1625449482.0,64.0
-5.26,1625449482.0,64.0
-6.39,1625449482.0,64.0
-7.65,1625449482.0,64.0
-9.07,1625449482.0,64.0
-10.69,1625449482.0,64.0
-12.49,1625449482.0,64.0
-14.35,1625449482.0,64.0
-16.0,1625449482.0,64.0
-17.13,1625449482.0,64.0
-17.45,1625449482.0,64.0
-16.8,1625449482.0,64.0
-15.26,1625449482.0,64.0
-13.05,1625449482.0,64.0
-10.48,1625449482.0,64.0
-7.76,1625449482.0,64.0
-4.94,1625449482.0,64.0
-2.0,1625449482.0,64.0
1.08,1625449482.0,64.0
4.22,1625449482.0,64.0
7.14,1625449482.0,64.0
9.53,1625449482.0,64.0
11.16,1625449482.0,64.0
12.0,1625449482.0,64.0
12.21,1625449482.0,64.0
12.13,1625449482.0,64.0
12.03,1625449482.0,64.0
12.05,1625449482.0,64.0
12.15,1625449482.0,64.0
12.14,1625449482.0,64.0
11.84,1625449482.0,64.0
11.15,1625449482.0,64.0
10.12,1625449482.0,64.0
8.89,1625449482.0,64.0
7.62,1625449482.0,64.0
6.39,1625449482.0,64.0
5.2,1625449482.0,64.0
3.96,1625449482.0,64.0
2.62,1625449482.0,64.0
1.17,1625449482.0,64.0
-0.29,1625449482.0,64.0
-1.64,1625449482.0,64.0
-2.77,1625449482.0,64.0
-3.71,1625449482.0,64.0
-4.54,1625449482.0,64.0
-5.39,1625449482.0,64.0
-6.35,1625449482.0,64.0
-7.44,1625449482.0,64.0
-8.6,1625449482.0,64.0
-9.79,1625449482.0,64.0
-11.11,1625449482.0,64.0
-12.65,1625449482.0,64.0
-14.49,1625449482.0,64.0
-16.54,1625449482.0,64.0
-18.51,1625449482.0,64.0
-19.99,1625449482.0,64.0
-20.57,1625449482.0,64.0
-20.01,1625449482.0,64.0
-18.32,1625449482.0,64.0
-15.73,1625449482.0,64.0
-12.56,1625449482.0,64.0
-9.09,1625449482.0,64.0
-5.49,1625449482.0,64.0
-1.84,1625449482.0,64.0
1.82,1625449482.0,64.0
5.38,1625449482.0,64.0
8.7,1625449482.0,64.0
11.58,1625449482.0,64.0
13.85,1625449482.0,64.0
15.4,1625449482.0,64.0
16.26,1625449482.0,64.0
16.54,1625449482.0,64.0
16.41,1625449482.0,64.0
16.07,1625449482.0,64.0
15.68,1625449482.0,64.0
15.3,1625449482.0,64.0
14.96,1625449482.0,64.0
14.63,1625449482.0,64.0
14.26,1625449482.0,64.0
13.78,1625449482.0,64.0
13.13,1625449482.0,64.0
12.26,1625449482.0,64.0
11.15,1625449482.0,64.0
9.81,1625449482.0,64.0
8.28,1625449482.0,64.0
6.61,1625449482.0,64.0
4.88,1625449482.0,64.0
3.14,1625449482.0,64.0
1.5,1625449482.0,64.0
0.01,1625449482.0,64.0
-1.31,1625449482.0,64.0
-2.53,1625449482.0,64.0
-3.8,1625449482.0,64.0
-5.28,1625449482.0,64.0
-7.08,1625449482.0,64.0
-9.16,1625449482.0,64.0
-11.38,1625449482.0,64.0
-13.53,1625449482.0,64.0
-15.43,1625449482.0,64.0
-17.03,1625449482.0,64.0
-18.33,1625449482.0,64.0
-19.38,1625449482.0,64.0
-20.14,1625449482.0,64.0
-20.45,1625449482.0,64.0
-20.1,1625449482.0,64.0
-18.93,1625449482.0,64.0
-16.88,1625449482.0,64.0
-14.09,1625449482.0,64.0
-10.77,1625449482.0,64.0
-7.17,1625449482.0,64.0
-3.49,1625449482.0,64.0
0.16,1625449482.0,64.0
3.73,1625449482.0,64.0
7.14,1625449482.0,64.0
10.27,1625449482.0,64.0
12.92,1625449482.0,64.0
14.92,1625449482.0,64.0
16.15,1625449482.0,64.0
16.64,1625449482.0,64.0
16.57,1625449482.0,64.0
16.2,1625449482.0,64.0
15.77,1625449482.0,64.0
15.4,1625449482.0,64.0
15.06,1625449482.0,64.0
14.62,1625449482.0,64.0
13.9,1625449482.0,64.0
12.81,1625449482.0,64.0
11.39,1625449482.0,64.0
9.79,1625449482.0,64.0
8.18,1625449482.0,64.0
6.68,1625449482.0,64.0
5.33,1625449482.0,64.0
4.1,1625449482.0,64.0
2.94,1625449482.0,64.0
1.83,1625449482.0,64.0
0.78,1625449482.0,64.0
-0.16,1625449482.0,64.0
-0.97,1625449482.0,64.0
-1.66,1625449482.0,64.0
-2.37,1625449482.0,64.0
-3.22,1625449482.0,64.0
-4.39,1625449482.0,64.0
-5.93,1625449482.0,64.0
-7.79,1625449482.0,64.0
-9.8,1625449482.0,64.0
-11.74,1625449482.0,64.0
-13.49,1625449482.0,64.0
-15.0,1625449482.0,64.0
-16.35,1625449482.0,64.0
-17.56,1625449482.0,64.0
-18.56,1625449482.0,64.0
-19.16,1625449482.0,64.0
-19.06,1625449482.0,64.0
-18.06,1625449482.0,64.0
-16.12,1625449482.0,64.0
-13.39,1625449482.0,64.0
-10.19,1625449482.0,64.0
-6.8,1625449482.0,64.0
-3.43,1625449482.0,64.0
-0.21,1625449482.0,64.0
2.79,1625449482.0,64.0
5.49,1625449482.0,64.0
7.76,1625449482.0,64.0
9.56,1625449482.0,64.0
10.85,1625449482.0,64.0
11.7,1625449482.0,64.0
12.24,1625449482.0,64.0
12.63,1625449482.0,64.0
12.99,1625449482.0,64.0
13.44,1625449482.0,64.0
13.99,1625449482.0,64.0
14.57,1625449482.0,64.0
15.0,1625449482.0,64.0
15.05,1625449482.0,64.0
14.54,1625449482.0,64.0
13.42,1625449482.0,64.0
11.8,1625449482.0,64.0
9.92,1625449482.0,64.0
8.02,1625449482.0,64.0
6.29,1625449482.0,64.0
4.78,1625449482.0,64.0
3.47,1625449482.0,64.0
2.27,1625449482.0,64.0
1.12,1625449482.0,64.0
0.01,1625449482.0,64.0
-1.07,1625449482.0,64.0
-2.14,1625449482.0,64.0
-3.22,1625449482.0,64.0
-4.38,1625449482.0,64.0
-5.67,1625449482.0,64.0
-7.12,1625449482.0,64.0
-8.73,1625449482.0,64.0
-10.42,1625449482.0,64.0
-12.11,1625449482.0,64.0
-13.72,1625449482.0,64.0
-15.18,1625449482.0,64.0
-16.51,1625449482.0,64.0
-17.74,1625449482.0,64.0
-18.9,1625449482.0,64.0
-19.93,1625449482.0,64.0
-20.66,1625449482.0,64.0
-20.79,1625449482.0,64.0
-20.08,1625449482.0,64.0
-18.34,1625449482.0,64.0
-15.61,1625449482.0,64.0
-12.11,1625449482.0,64.0
-8.15,1625449482.0,64.0
-4.07,1625449482.0,64.0
-0.1,1625449482.0,64.0
3.62,1625449482.0,64.0
7.03,1625449482.0,64.0
10.03,1625449482.0,64.0
12.49,1625449482.0,64.0
14.28,1625449482.0,64.0
15.33,1625449482.0,64.0
15.71,1625449482.0,64.0
15.64,1625449482.0,64.0
15.36,1625449482.0,64.0
15.09,1625449482.0,64.0
14.91,1625449482.0,64.0
14.75,1625449482.0,64.0
14.46,1625449482.0,64.0
13.89,1625449482.0,64.0
12.97,1625449482.0,64.0
11.75,1625449482.0,64.0
10.36,1625449482.0,64.0
8.92,1625449482.0,64.0
7.48,1625449482.0,64.0
6.02,1625449482.0,64.0
4.44,1625449482.0,64.0
2.71,1625449482.0,64.0
0.94,1625449482.0,64.0
-0.75,1625449482.0,64.0
-2.14,1625449482.0,64.0
-3.12,1625449482.0,64.0
-3.76,1625449482.0,64.0
-4.21,1625449482.0,64.0
-4.65,1625449482.0,64.0
-5.2,1625449482.0,64.0
-5.83,1625449482.0,64.0
-6.45,1625449482.0,64.0
-7.0,1625449482.0,64.0
-7.48,1625449482.0,64.0
-7.97,1625449482.0,64.0
-8.56,1625449482.0,64.0
-9.32,1625449482.0,64.0
-10.3,1625449482.0,64.0
-11.45,1625449482.0,64.0
-12.69,1625449482.0,64.0
-13.88,1625449482.0,64.0
-14.83,1625449482.0,64.0
-15.31,1625449482.0,64.0
-15.1,1625449482.0,64.0
-14.1,1625449482.0,64.0
-12.31,1625449482.0,64.0
-9.88,1625449482.0,64.0
-7.0,1625449482.0,64.0
-3.88,1625449482.0,64.0
-0.7,1625449482.0,64.0
2.37,1625449482.0,64.0
5.16,1625449482.0,64.0
7.51,1625449482.0,64.0
9.31,1625449482.0,64.0
10.58,1625449482.0,64.0
11.44,1625449482.0,64.0
12.08,1625449482.0,64.0
12.67,1625449482.0,64.0
13.28,1625449482.0,64.0
13.91,1625449482.0,64.0
14.47,1625449482.0,64.0
14.87,1625449482.0,64.0
15.06,1625449482.0,64.0
15.05,1625449482.0,64.0
14.82,1625449482.0,64.0
14.32,1625449482.0,64.0
13.49,1625449482.0,64.0
12.28,1625449482.0,64.0
10.78,1625449482.0,64.0
9.16,1625449482.0,64.0
7.62,1625449482.0,64.0
6.35,1625449482.0,64.0
5.39,1625449482.0,64.0
4.63,1625449482.0,64.0
3.9,1625449482.0,64.0
3.08,1625449482.0,64.0
2.14,1625449482.0,64.0
1.14,1625449482.0,64.0
0.16,1625449482.0,64.0
-0.78,1625449482.0,64.0
-1.74,1625449482.0,64.0
-2.84,1625449482.0,64.0
-4.16,1625449482.0,64.0
-5.67,1625449482.0,64.0
-7.28,1625449482.0,64.0
-8.88,1625449482.0,64.0
-10.37,1625449482.0,64.0
-11.72,1625449482.0,64.0
-12.87,1625449482.0,64.0
-13.7,1625449482.0,64.0
-14.06,1625449482.0,64.0
-13.76,1625449482.0,64.0
-12.7,1625449482.0,64.0
-10.95,1625449482.0,64.0
-8.67,1625449482.0,64.0
-6.1,1625449482.0,64.0
-3.44,1625449482.0,64.0
-0.8,1625449482.0,64.0
1.75,1625449482.0,64.0
4.12,1625449482.0,64.0
6.18,1625449482.0,64.0
7.78,1625449482.0,64.0
8.86,1625449482.0,64.0
9.43,1625449482.0,64.0
9.65,1625449482.0,64.0
9.66,1625449482.0,64.0
9.59,1625449482.0,64.0
9.47,1625449482.0,64.0
9.29,1625449482.0,64.0
9.04,1625449482.0,64.0
8.71,1625449482.0,64.0
8.34,1625449482.0,64.0
7.96,1625449482.0,64.0
7.61,1625449482.0,64.0
7.33,1625449482.0,64.0
7.18,1625449482.0,64.0
7.19,1625449482.0,64.0
7.36,1625449482.0,64.0
7.63,1625449482.0,64.0
7.89,1625449482.0,64.0
8.03,1625449482.0,64.0
7.96,1625449482.0,64.0
7.61,1625449482.0,64.0
6.89,1625449482.0,64.0
5.66,1625449482.0,64.0
3.82,1625449482.0,64.0
1.36,1625449482.0,64.0
-1.53,1625449482.0,64.0
-4.54,1625449482.0,64.0
-7.33,1625449482.0,64.0
-9.66,1625449482.0,64.0
-11.55,1625449482.0,64.0
-13.19,1625449482.0,64.0
-14.87,1625449482.0,64.0
-16.75,1625449482.0,64.0
-18.79,1625449482.0,64.0
-20.73,1625449482.0,64.0
-22.21,1625449482.0,64.0
-22.88,1625449482.0,64.0
-22.55,1625449482.0,64.0
-21.19,1625449482.0,64.0
-18.94,1625449482.0,64.0
-16.0,1625449482.0,64.0
-12.58,1625449482.0,64.0
-8.89,1625449482.0,64.0
-5.14,1625449482.0,64.0
-1.51,1625449482.0,64.0
1.81,1625449482.0,64.0
4.69,1625449482.0,64.0
7.02,1625449482.0,64.0
8.76,1625449482.0,64.0
9.97,1625449482.0,64.0
10.76,1625449482.0,64.0
11.29,1625449482.0,64.0
11.67,1625449482.0,64.0
11.98,1625449482.0,64.0
12.21,1625449482.0,64.0
12.27,1625449482.0,64.0
12.05,1625449482.0,64.0
11.5,1625449482.0,64.0
10.71,1625449482.0,64.0
9.8,1625449482.0,64.0
8.96,1625449482.0,64.0
8.29,1625449482.0,64.0
7.76,1625449482.0,64.0
7.21,1625449482.0,64.0
6.44,1625449482.0,64.0
5.32,1625449482.0,64.0
3.85,1625449482.0,64.0
2.15,1625449482.0,64.0
0.43,1625449482.0,64.0
-1.12,1625449482.0,64.0
-2.36,1625449482.0,64.0
-3.26,1625449482.0,64.0
-3.89,1625449482.0,64.0
-4.42,1625449482.0,64.0
-5.04,1625449482.0,64.0
-5.87,1625449482.0,64.0
-6.98,1625449482.0,64.0
-8.29,1625449482.0,64.0
-9.72,1625449482.0,64.0
-11.21,1625449482.0,64.0
-12.74,1625449482.0,64.0
-14.28,1625449482.0,64.0
-15.74,1625449482.0,64.0
-16.92,1625449482.0,64.0
-17.62,1625449482.0,64.0
-17.62,1625449482.0,64.0
-16.87,1625449482.0,64.0
-15.48,1625449482.0,64.0
-13.65,1625449482.0,64.0
-11.56,1625449482.0,64.0
-9.31,1625449482.0,64.0
-6.84,1625449482.0,64.0
-4.1,1625449482.0,64.0
-1.09,1625449482.0,64.0
2.04,1625449482.0,64.0
5.03,1625449482.0,64.0
7.59,1625449482.0,64.0
9.53,1625449482.0,64.0
10.77,1625449482.0,64.0
11.43,1625449482.0,64.0
11.72,1625449482.0,64.0
11.87,1625449482.0,64.0
12.06,1625449482.0,64.0
12.35,1625449482.0,64.0
12.72,1625449482.0,64.0
13.05,1625449482.0,64.0
13.23,1625449482.0,64.0
13.14,1625449482.0,64.0
12.75,1625449482.0,64.0
12.08,1625449482.0,64.0
11.18,1625449482.0,64.0
10.13,1625449482.0,64.0
8.96,1625449482.0,64.0
7.72,1625449482.0,64.0
6.41,1625449482.0,64.0
5.1,1625449482.0,64.0
3.79,1625449482.0,64.0
2.54,1625449482.0,64.0
1.33,1625449482.0,64.0
0.11,1625449482.0,64.0
-1.17,1625449482.0,64.0
-2.55,1625449482.0,64.0
-4.04,1625449482.0,64.0
-5.59,1625449482.0,64.0
-7.17,1625449482.0,64.0
-8.76,1625449482.0,64.0
-10.36,1625449482.0,64.0
-11.99,1625449482.0,64.0
-13.62,1625449482.0,64.0
-15.18,1625449482.0,64.0
-16.57,1625449482.0,64.0
-17.66,1625449482.0,64.0
-18.37,1625449482.0,64.0
-18.63,1625449482.0,64.0
-18.42,1625449482.0,64.0
-17.74,1625449482.0,64.0
-16.53,1625449482.0,64.0
-14.75,1625449482.0,64.0
-12.33,1625449482.0,64.0
-9.3,1625449482.0,64.0
-5.75,1625449482.0,64.0
-1.89,1625449482.0,64.0
1.97,1625449482.0,64.0
5.5,1625449482.0,64.0
8.45,1625449482.0,64.0
10.67,1625449482.0,64.0
12.16,1625449482.0,64.0
12.99,1625449482.0,64.0
13.3,1625449482.0,64.0
13.28,1625449482.0,64.0
13.12,1625449482.0,64.0
12.95,1625449482.0,64.0
12.88,1625449482.0,64.0
12.9,1625449482.0,64.0
12.99,1625449482.0,64.0
13.07,1625449482.0,64.0
13.11,1625449482.0,64.0
13.09,1625449482.0,64.0
13.04,1625449482.0,64.0
12.95,1625449482.0,64.0
12.79,1625449482.0,64.0
12.48,1625449482.0,64.0
11.87,1625449482.0,64.0
10.83,1625449482.0,64.0
9.28,1625449482.0,64.0
7.24,1625449482.0,64.0
4.84,1625449482.0,64.0
2.26,1625449482.0,64.0
-0.32,1625449482.0,64.0
-2.78,1625449482.0,64.0
-5.1,1625449482.0,64.0
-7.31,1625449482.0,64.0
-9.44,1625449482.0,64.0
-11.49,1625449482.0,64.0
-13.39,1625449482.0,64.0
-15.13,1625449482.0,64.0
-16.7,1625449482.0,64.0
-18.12,1625449482.0,64.0
-19.39,1625449482.0,64.0
-20.42,1625449482.0,64.0
-21.06,1625449482.0,64.0
-21.12,1625449482.0,64.0
-20.45,1625449482.0,64.0
-18.99,1625449482.0,64.0
-16.85,1625449482.0,64.0
-14.18,1625449482.0,64.0
-11.2,1625449482.0,64.0
-8.09,1625449482.0,64.0
-5.0,1625449482.0,64.0
-2.04,1625449482.0,64.0
0.69,1625449482.0,64.0
3.06,1625449482.0,64.0
4.97,1625449482.0,64.0
6.39,1625449482.0,64.0
7.35,1625449482.0,64.0
8.01,1625449482.0,64.0
8.55,1625449482.0,64.0
9.1,1625449482.0,64.0
9.66,1625449482.0,64.0
10.16,1625449482.0,64.0
10.45,1625449482.0,64.0
10.47,1625449482.0,64.0
10.26,1625449482.0,64.0
9.93,1625449482.0,64.0
9.59,1625449482.0,64.0
9.21,1625449482.0,64.0
8.7,1625449482.0,64.0
7.91,1625449482.0,64.0
6.79,1625449482.0,64.0
5.42,1625449482.0,64.0
3.96,1625449482.0,64.0
2.65,1625449482.0,64.0
1.66,1625449482.0,64.0
1.0,1625449482.0,64.0
0.53,1625449482.0,64.0
0.08,1625449482.0,64.0
-0.53,1625449482.0,64.0
-1.37,1625449482.0,64.0
-2.38,1625449482.0,64.0
-3.41,1625449482.0,64.0
-4.34,1625449482.0,64.0
-5.13,1625449482.0,64.0
-5.87,1625449482.0,64.0
-6.75,1625449482.0,64.0
-7.96,1625449482.0,64.0
-9.55,1625449482.0,64.0
-11.39,1625449482.0,64.0
-13.19,1625449482.0,64.0
-14.62,1625449482.0,64.0
-15.34,1625449482.0,64.0
-15.19,1625449482.0,64.0
-14.13,1625449482.0,64.0
-12.27,1625449482.0,64.0
-9.77,1625449482.0,64.0
-6.86,1625449482.0,64.0
-3.72,1625449482.0,64.0
-0.52,1625449482.0,64.0
2.59,1625449482.0,64.0
5.49,1625449482.0,64.0
8.02,1625449482.0,64.0
10.07,1625449482.0,64.0
11.56,1625449482.0,64.0
12.52,1625449482.0,64.0
13.09,1625449482.0,64.0
13.43,1625449482.0,64.0
13.73,1625449482.0,64.0
14.03,1625449482.0,64.0
14.32,1625449482.0,64.0
14.46,1625449482.0,64.0
14.35,1625449482.0,64.0
13.97,1625449482.0,64.0
13.4,1625449482.0,64.0
12.74,1625449482.0,64.0
12.09,1625449482.0,64.0
11.42,1625449482.0,64.0
10.7,1625449482.0,64.0
9.85,1625449482.0,64.0
8.88,1625449482.0,64.0
7.85,1625449482.0,64.0
6.89,1625449482.0,64.0
6.09,1625449482.0,64.0
5.47,1625449482.0,64.0
4.94,1625449482.0,64.0
4.37,1625449482.0,64.0
3.64,1625449482.0,64.0
2.69,1625449482.0,64.0
1.56,1625449482.0,64.0
0.3,1625449482.0,64.0
-1.05,1625449482.0,64.0
-2.52,1625449482.0,64.0
-4.21,1625449482.0,64.0
-6.19,1625449482.0,64.0
-8.44,1625449482.0,64.0
-10.8,1625449482.0,64.0
-12.99,1625449482.0,64.0
-14.69,1625449482.0,64.0
-15.63,1625449482.0,64.0
-15.67,1625449482.0,64.0
-14.81,1625449482.0,64.0
-13.13,1625449482.0,64.0
-10.79,1625449482.0,64.0
-7.97,1625449482.0,64.0
-4.82,1625449482.0,64.0
-1.57,1625449482.0,64.0
1.59,1625449482.0,64.0
4.46,1625449482.0,64.0
6.91,1625449482.0,64.0
8.87,1625449482.0,64.0
10.35,1625449482.0,64.0
11.42,1625449482.0,64.0
12.19,1625449482.0,64.0
12.78,1625449482.0,64.0
13.3,1625449482.0,64.0
13.84,1625449482.0,64.0
14.42,1625449482.0,64.0
14.96,1625449482.0,64.0
15.31,1625449482.0,64.0
15.26,1625449482.0,64.0
14.66,1625449482.0,64.0
13.44,1625449482.0,64.0
11.69,1625449482.0,64.0
9.58,1625449482.0,64.0
7.34,1625449482.0,64.0
5.13,1625449482.0,64.0
3.06,1625449482.0,64.0
1.19,1625449482.0,64.0
-0.45,1625449482.0,64.0
-1.85,1625449482.0,64.0
-3.03,1625449482.0,64.0
-4.08,1625449482.0,64.0
-5.15,1625449482.0,64.0
-6.41,1625449482.0,64.0
-7.96,1625449482.0,64.0
-9.76,1625449482.0,64.0
-11.67,1625449482.0,64.0
-13.48,1625449482.0,64.0
-15.01,1625449482.0,64.0
-16.25,1625449482.0,64.0
-17.26,1625449482.0,64.0
-18.15,1625449482.0,64.0
-18.91,1625449482.0,64.0
-19.44,1625449482.0,64.0
-19.52,1625449482.0,64.0
-18.95,1625449482.0,64.0
-17.67,1625449482.0,64.0
-15.7,1625449482.0,64.0
-13.17,1625449482.0,64.0
-10.21,1625449482.0,64.0
-6.89,1625449482.0,64.0
-3.3,1625449482.0,64.0
0.43,1625449482.0,64.0
4.04,1625449482.0,64.0
7.24,1625449482.0,64.0
9.74,1625449482.0,64.0
11.43,1625449482.0,64.0
12.4,1625449482.0,64.0
12.88,1625449482.0,64.0
13.1,1625449482.0,64.0
13.28,1625449482.0,64.0
13.47,1625449482.0,64.0
13.66,1625449482.0,64.0
13.75,1625449482.0,64.0
13.66,1625449482.0,64.0
13.3,1625449482.0,64.0
12.63,1625449482.0,64.0
11.61,1625449482.0,64.0
10.33,1625449482.0,64.0
8.9,1625449482.0,64.0
7.49,1625449482.0,64.0
6.24,1625449482.0,64.0
5.18,1625449482.0,64.0
4.2,1625449482.0,64.0
3.13,1625449482.0,64.0
1.84,1625449482.0,64.0
0.37,1625449482.0,64.0
-1.13,1625449482.0,64.0
-2.46,1625449482.0,64.0
-3.49,1625449482.0,64.0
-4.24,1625449482.0,64.0
-4.89,1625449482.0,64.0
-5.65,1625449482.0,64.0
-6.68,1625449482.0,64.0
-8.03,1625449482.0,64.0
-9.66,1625449482.0,64.0
-11.5,1625449482.0,64.0
-13.48,1625449482.0,64.0
-15.54,1625449482.0,64.0
-17.53,1625449482.0,64.0
-19.24,1625449482.0,64.0
-20.42,1625449482.0,64.0
-20.84,1625449482.0,64.0
-20.35,1625449482.0,64.0
-18.95,1625449482.0,64.0
-16.76,1625449482.0,64.0
-13.95,1625449482.0,64.0
-10.73,1625449482.0,64.0
-7.25,1625449482.0,64.0
-3.64,1625449482.0,64.0
-0.05,1625449482.0,64.0
3.36,1625449482.0,64.0
6.4,1625449482.0,64.0
8.95,1625449482.0,64.0
10.89,1625449482.0,64.0
12.21,1625449482.0,64.0
13.02,1625449482.0,64.0
13.44,1625449482.0,64.0
13.66,1625449482.0,64.0
13.77,1625449482.0,64.0
13.81,1625449482.0,64.0
13.71,1625449482.0,64.0
13.33,1625449482.0,64.0
12.54,1625449482.0,64.0
11.31,1625449482.0,64.0
9.73,1625449482.0,64.0
8.02,1625449482.0,64.0
6.4,1625449482.0,64.0
4.98,1625449482.0,64.0
3.77,1625449482.0,64.0
2.65,1625449482.0,64.0
1.52,1625449482.0,64.0
0.41,1625449482.0,64.0
-0.58,1625449482.0,64.0
-1.3,1625449482.0,64.0
-1.73,1625449482.0,64.0
-2.02,1625449482.0,64.0
-2.44,1625449482.0,64.0
-3.23,1625449482.0,64.0
-4.52,1625449482.0,64.0
-6.17,1625449482.0,64.0
-7.93,1625449482.0,64.0
-9.52,1625449482.0,64.0
-10.77,1625449482.0,64.0
-11.69,1625449482.0,64.0
-12.41,1625449482.0,64.0
-13.11,1625449482.0,64.0
-13.86,1625449482.0,64.0
-14.62,1625449482.0,64.0
-15.22,1625449482.0,64.0
-15.45,1625449482.0,64.0
-15.12,1625449482.0,64.0
-14.12,1625449482.0,64.0
-12.43,1625449482.0,64.0
-10.1,1625449482.0,64.0
-7.2,1625449482.0,64.0
-3.86,1625449482.0,64.0
-0.28,1625449482.0,64.0
3.25,1625449482.0,64.0
6.45,1625449482.0,64.0
9.01,1625449482.0,64.0
10.82,1625449482.0,64.0
11.92,1625449482.0,64.0
12.47,1625449482.0,64.0
12.68,1625449482.0,64.0
12.69,1625449482.0,64.0
12.59,1625449482.0,64.0
12.43,1625449482.0,64.0
12.25,1625449482.0,64.0
12.08,1625449482.0,64.0
11.87,1625449482.0,64.0
11.53,1625449482.0,64.0
10.89,1625449482.0,64.0
9.82,1625449482.0,64.0
8.32,1625449482.0,64.0
6.57,1625449482.0,64.0
4.89,1625449482.0,64.0
3.63,1625449482.0,64.0
2.99,1625449482.0,64.0
2.95,1625449482.0,64.0
3.31,1625449482.0,64.0
3.77,1625449482.0,64.0
4.08,1625449482.0,64.0
4.06,1625449482.0,64.0
3.6,1625449482.0,64.0
2.62,1625449482.0,64.0
1.08,1625449482.0,64.0
-0.99,1625449482.0,64.0
-3.42,1625449482.0,64.0
-5.9,1625449482.0,64.0
-8.11,1625449482.0,64.0
-9.85,1625449482.0,64.0
-11.18,1625449482.0,64.0
-12.4,1625449482.0,64.0
-13.88,1625449482.0,64.0
-15.84,1625449482.0,64.0
-18.18,1625449482.0,64.0
-20.49,1625449482.0,64.0
-22.25,1625449482.0,64.0
-23.03,1625449482.0,64.0
-22.63,1625449482.0,64.0
-21.13,1625449482.0,64.0
-18.78,1625449482.0,64.0
-15.88,1625449482.0,64.0
-12.68,1625449482.0,64.0
-9.35,1625449482.0,64.0
-5.97,1625449482.0,64.0
-2.58,1625449482.0,64.0
0.77,1625449482.0,64.0
3.98,1625449482.0,64.0
6.89,1625449482.0,64.0
9.31,1625449482.0,64.0
11.08,1625449482.0,64.0
12.16,1625449482.0,64.0
12.64,1625449482.0,64.0
12.71,1625449482.0,64.0
12.55,1625449482.0,64.0
12.24,1625449482.0,64.0
11.75,1625449482.0,64.0
10.97,1625449482.0,64.0
9.84,1625449482.0,64.0
8.42,1625449482.0,64.0
6.93,1625449482.0,64.0
5.6,1625449482.0,64.0
4.65,1625449482.0,64.0
4.08,1625449482.0,64.0
3.75,1625449482.0,64.0
3.42,1625449482.0,64.0
2.91,1625449482.0,64.0
2.16,1625449482.0,64.0
1.3,1625449482.0,64.0
0.49,1625449482.0,64.0
-0.15,1625449482.0,64.0
-0.64,1625449482.0,64.0
-1.15,1625449482.0,64.0
-1.82,1625449482.0,64.0
-2.7,1625449482.0,64.0
-3.68,1625449482.0,64.0
-4.55,1625449482.0,64.0
-5.17,1625449482.0,64.0
-5.55,1625449482.0,64.0
-5.89,1625449482.0,64.0
-6.49,1625449482.0,64.0
-7.61,1625449482.0,64.0
-9.25,1625449482.0,64.0
-11.18,1625449482.0,64.0
-12.91,1625449482.0,64.0
-13.99,1625449482.0,64.0
-14.12,1625449482.0,64.0
-13.27,1625449482.0,64.0
-11.66,1625449482.0,64.0
-9.54,1625449482.0,64.0
-7.15,1625449482.0,64.0
-4.56,1625449482.0,64.0
-1.78,1625449482.0,64.0
1.12,1625449482.0,64.0
3.93,1625449482.0,64.0
6.38,1625449482.0,64.0
8.22,1625449482.0,64.0
9.37,1625449482.0,64.0
10.01,1625449482.0,64.0
10.42,1625449482.0,64.0
10.9,1625449482.0,64.0
11.59,1625449482.0,64.0
12.41,1625449482.0,64.0
13.14,1625449482.0,64.0
13.54,1625449482.0,64.0
13.42,1625449482.0,64.0
12.78,1625449482.0,64.0
11.76,1625449482.0,64.0
10.61,1625449482.0,64.0
9.57,1625449482.0,64.0
8.79,1625449482.0,64.0
8.27,1625449482.0,64.0
7.9,1625449482.0,64.0
7.51,1625449482.0,64.0
6.92,1625449482.0,64.0
6.08,1625449482.0,64.0
5.02,1625449482.0,64.0
3.84,1625449482.0,64.0
2.61,1625449482.0,64.0
1.34,1625449482.0,64.0
-0.02,1625449482.0,64.0
-1.45,1625449482.0,64.0
-2.94,1625449482.0,64.0
-4.38,1625449482.0,64.0
-5.73,1625449482.0,64.0
-7.0,1625449482.0,64.0
-8.31,1625449482.0,64.0
-9.85,1625449482.0,64.0
-11.71,1625449482.0,64.0
-13.8,1625449482.0,64.0
-15.83,1625449482.0,64.0
-17.39,1625449482.0,64.0
-18.12,1625449482.0,64.0
-17.75,1625449482.0,64.0
-16.27,1625449482.0,64.0
-13.84,1625449482.0,64.0
-10.74,1625449482.0,64.0
-7.29,1625449482.0,64.0
-3.79,1625449482.0,64.0
-0.53,1625449482.0,64.0
2.3,1625449482.0,64.0
4.58,1625449482.0,64.0
6.32,1625449482.0,64.0
7.6,1625449482.0,64.0
8.54,1625449482.0,64.0
9.3,1625449482.0,64.0
9.96,1625449482.0,64.0
10.55,1625449482.0,64.0
11.03,1625449482.0,64.0
11.31,1625449482.0,64.0
11.3,1625449482.0,64.0
10.98,1625449482.0,64.0
10.36,1625449482.0,64.0
9.53,1625449482.0,64.0
8.66,1625449482.0,64.0
7.93,1625449482.0,64.0
7.41,1625449482.0,64.0
7.12,1625449482.0,64.0
6.92,1625449482.0,64.0
6.65,1625449482.0,64.0
6.14,1625449482.0,64.0
5.31,1625449482.0,64.0
4.22,1625449482.0,64.0
2.99,1625449482.0,64.0
1.79,1625449482.0,64.0
0.71,1625449482.0,64.0
-0.25,1625449482.0,64.0
-1.17,1625449482.0,64.0
-2.19,1625449482.0,64.0
-3.39,1625449482.0,64.0
-4.83,1625449482.0,64.0
-6.49,1625449482.0,64.0
-8.36,1625449482.0,64.0
-10.42,1625449482.0,64.0
-12.64,1625449482.0,64.0
-14.93,1625449482.0,64.0
-17.1,1625449482.0,64.0
-18.9,1625449482.0,64.0
-20.06,1625449482.0,64.0
-20.34,1625449482.0,64.0
-19.65,1625449482.0,64.0
-18.03,1625449482.0,64.0
-15.59,1625449482.0,64.0
-12.5,1625449482.0,64.0
-8.93,1625449482.0,64.0
-5.05,1625449482.0,64.0
-0.99,1625449482.0,64.0
3.07,1625449482.0,64.0
6.95,1625449482.0,64.0
10.43,1625449482.0,64.0
13.33,1625449482.0,64.0
15.52,1625449482.0,64.0
17.01,1625449482.0,64.0
17.9,1625449482.0,64.0
18.35,1625449482.0,64.0
18.49,1625449482.0,64.0
18.38,1625449482.0,64.0
18.02,1625449482.0,64.0
17.38,1625449482.0,64.0
16.47,1625449482.0,64.0
15.36,1625449482.0,64.0
14.16,1625449482.0,64.0
12.91,1625449482.0,64.0
11.64,1625449482.0,64.0
10.29,1625449482.0,64.0
8.81,1625449482.0,64.0
7.18,1625449482.0,64.0
5.4,1625449482.0,64.0
3.54,1625449482.0,64.0
1.66,1625449482.0,64.0
-0.21,1625449482.0,64.0
-2.0,1625449482.0,64.0
-3.64,1625449482.0,64.0
-5.02,1625449482.0,64.0
-6.04,1625449482.0,64.0
-6.64,1625449482.0,64.0
-6.9,1625449482.0,64.0
-6.96,1625449482.0,64.0
-7.01,1625449482.0,64.0
-7.28,1625449482.0,64.0
-7.92,1625449482.0,64.0
-9.0,1625449482.0,64.0
-10.48,1625449482.0,64.0
-12.16,1625449482.0,64.0
-13.77,1625449482.0,64.0
-15.0,1625449482.0,64.0
-15.58,1625449482.0,64.0
-15.41,1625449482.0,64.0
-14.52,1625449482.0,64.0
-13.09,1625449482.0,64.0
-11.36,1625449482.0,64.0
-9.5,1625449482.0,64.0
-7.58,1625449482.0,64.0
-5.52,1625449482.0,64.0
-3.21,1625449482.0,64.0
-0.63,1625449482.0,64.0
2.13,1625449482.0,64.0
4.87,1625449482.0,64.0
7.33,1625449482.0,64.0
9.31,1625449482.0,64.0
10.72,1625449482.0,64.0
11.63,1625449482.0,64.0
12.18,1625449482.0,64.0
12.54,1625449482.0,64.0
12.83,1625449482.0,64.0
13.07,1625449482.0,64.0
13.2,1625449482.0,64.0
13.13,1625449482.0,64.0
12.79,1625449482.0,64.0
12.11,1625449482.0,64.0
11.08,1625449482.0,64.0
9.73,1625449482.0,64.0
8.17,1625449482.0,64.0
6.55,1625449482.0,64.0
5.09,1625449482.0,64.0
3.92,1625449482.0,64.0
3.09,1625449482.0,64.0
2.54,1625449482.0,64.0
2.07,1625449482.0,64.0
1.43,1625449482.0,64.0
0.45,1625449482.0,64.0
-0.91,1625449482.0,64.0
-2.57,1625449482.0,64.0
-4.32,1625449482.0,64.0
-5.96,1625449482.0,64.0
-7.31,1625449482.0,64.0
-8.33,1625449482.0,64.0
-9.08,1625449482.0,64.0
-9.71,1625449482.0,64.0
-10.35,1625449482.0,64.0
-11.12,1625449482.0,64.0
-12.02,1625449482.0,64.0
-12.97,1625449482.0,64.0
-13.85,1625449482.0,64.0
-14.5,1625449482.0,64.0
-14.81,1625449482.0,64.0
-14.71,1625449482.0,64.0
-14.18,1625449482.0,64.0
-13.22,1625449482.0,64.0
-11.9,1625449482.0,64.0
-10.29,1625449482.0,64.0
-8.51,1625449482.0,64.0
-6.69,1625449482.0,64.0
-4.95,1625449482.0,64.0
-3.35,1625449482.0,64.0
-1.88,1625449482.0,64.0
-0.49,1625449482.0,64.0
0.92,1625449482.0,64.0
2.35,1625449482.0,64.0
3.77,1625449482.0,64.0
5.09,1625449482.0,64.0
6.28,1625449482.0,64.0
7.39,1625449482.0,64.0
8.56,1625449482.0,64.0
9.92,1625449482.0,64.0
11.45,1625449482.0,64.0
12.91,1625449482.0,64.0
13.92,1625449482.0,64.0
14.15,1625449482.0,64.0
13.49,1625449482.0,64.0
12.15,1625449482.0,64.0
10.5,1625449482.0,64.0
8.91,1625449482.0,64.0
7.57,1625449482.0,64.0
6.49,1625449482.0,64.0
5.55,1625449482.0,64.0
4.64,1625449482.0,64.0
3.73,1625449482.0,64.0
2.85,1625449482.0,64.0
2.02,1625449482.0,64.0
1.22,1625449482.0,64.0
0.41,1625449482.0,64.0
-0.41,1625449482.0,64.0
-1.24,1625449482.0,64.0
-2.04,1625449482.0,64.0
-2.78,1625449482.0,64.0
-3.5,1625449482.0,64.0
-4.28,1625449482.0,64.0
-5.23,1625449482.0,64.0
-6.43,1625449482.0,64.0
-7.91,1625449482.0,64.0
-9.62,1625449482.0,64.0
-11.35,1625449482.0,64.0
-12.75,1625449482.0,64.0
-13.43,1625449482.0,64.0
-13.14,1625449482.0,64.0
-11.9,1625449482.0,64.0
-10.09,1625449482.0,64.0
-8.27,1625449482.0,64.0
-7.03,1625449482.0,64.0
-6.74,1625449482.0,64.0
-7.47,1625449482.0,64.0
-8.98,1625449482.0,64.0
-10.86,1625449482.0,64.0
-12.66,1625449482.0,64.0
-13.96,1625449482.0,64.0
-14.42,1625449482.0,64.0
-13.83,1625449482.0,64.0
-12.16,1625449482.0,64.0
-9.57,1625449482.0,64.0
-6.37,1625449482.0,64.0
-2.94,1625449482.0,64.0
0.39,1625449482.0,64.0
3.39,1625449482.0,64.0
5.96,1625449482.0,64.0
8.05,1625449482.0,64.0
9.63,1625449482.0,64.0
10.73,1625449482.0,64.0
11.45,1625449482.0,64.0
11.95,1625449482.0,64.0
12.45,1625449482.0,64.0
13.05,1625449482.0,64.0
13.74,1625449482.0,64.0
14.38,1625449482.0,64.0
14.73,1625449482.0,64.0
14.58,1625449482.0,64.0
13.84,1625449482.0,64.0
12.58,1625449482.0,64.0
10.97,1625449482.0,64.0
9.27,1625449482.0,64.0
7.72,1625449482.0,64.0
6.43,1625449482.0,64.0
5.43,1625449482.0,64.0
4.65,1625449482.0,64.0
4.0,1625449482.0,64.0
3.46,1625449482.0,64.0
3.03,1625449482.0,64.0
2.73,1625449482.0,64.0
2.53,1625449482.0,64.0
2.34,1625449482.0,64.0
1.98,1625449482.0,64.0
1.32,1625449482.0,64.0
0.23,1625449482.0,64.0
-1.26,1625449482.0,64.0
-3.01,1625449482.0,64.0
-4.82,1625449482.0,64.0
-6.52,1625449482.0,64.0
-8.05,1625449482.0,64.0
-9.46,1625449482.0,64.0
-10.89,1625449482.0,64.0
-12.4,1625449482.0,64.0
-13.93,1625449482.0,64.0
-15.22,1625449482.0,64.0
-15.97,1625449482.0,64.0
-15.91,1625449482.0,64.0
-14.98,1625449482.0,64.0
-13.3,1625449482.0,64.0
-11.05,1625449482.0,64.0
-8.43,1625449482.0,64.0
-5.53,1625449482.0,64.0
-2.43,1625449482.0,64.0
0.77,1625449482.0,64.0
3.89,1625449482.0,64.0
6.72,1625449482.0,64.0
9.11,1625449482.0,64.0
11.07,1625449482.0,64.0
12.7,1625449482.0,64.0
14.08,1625449482.0,64.0
15.21,1625449482.0,64.0
15.95,1625449482.0,64.0
16.11,1625449482.0,64.0
15.57,1625449482.0,64.0
14.39,1625449482.0,64.0
12.81,1625449482.0,64.0
11.15,1625449482.0,64.0
9.66,1625449482.0,64.0
8.42,1625449482.0,64.0
7.35,1625449482.0,64.0
6.24,1625449482.0,64.0
4.9,1625449482.0,64.0
3.21,1625449482.0,64.0
1.19,1625449482.0,64.0
-1.05,1625449482.0,64.0
-3.37,1625449482.0,64.0
-5.61,1625449482.0,64.0
-7.66,1625449482.0,64.0
-9.4,1625449482.0,64.0
-10.73,1625449482.0,64.0
-11.56,1625449482.0,64.0
-11.86,1625449482.0,64.0
-11.73,1625449482.0,64.0
-11.42,1625449482.0,64.0
-11.28,1625449482.0,64.0
-11.64,1625449482.0,64.0
-12.64,1625449482.0,64.0
-14.19,1625449482.0,64.0
-15.96,1625449482.0,64.0
-17.53,1625449482.0,64.0
-18.54,1625449482.0,64.0
-18.79,1625449482.0,64.0
-18.27,1625449482.0,64.0
-17.08,1625449482.0,64.0
-15.31,1625449482.0,64.0
-13.09,1625449482.0,64.0
-10.46,1625449482.0,64.0
-7.53,1625449482.0,64.0
-4.4,1625449482.0,64.0
-1.21,1625449482.0,64.0
1.92,1625449482.0,64.0
4.88,1625449482.0,64.0
7.57,1625449482.0,64.0
9.92,1625449482.0,64.0
11.8,1625449482.0,64.0
13.15,1625449482.0,64.0
13.97,1625449482.0,64.0
14.36,1625449482.0,64.0
14.46,1625449482.0,64.0
14.44,1625449482.0,64.0
14.36,1625449482.0,64.0
14.21,1625449482.0,64.0
13.95,1625449482.0,64.0
13.5,1625449482.0,64.0
12.86,1625449482.0,64.0
12.05,1625449482.0,64.0
11.12,1625449482.0,64.0
10.11,1625449482.0,64.0
9.04,1625449482.0,64.0
7.89,1625449482.0,64.0
6.63,1625449482.0,64.0
5.21,1625449482.0,64.0
3.61,1625449482.0,64.0
1.86,1625449482.0,64.0
0.06,1625449482.0,64.0
-1.57,1625449482.0,64.0
-2.85,1625449482.0,64.0
-3.69,1625449482.0,64.0
-4.19,1625449482.0,64.0
-4.59,1625449482.0,64.0
-5.23,1625449482.0,64.0
-6.32,1625449482.0,64.0
-7.9,1625449482.0,64.0
-9.79,1625449482.0,64.0
-11.77,1625449482.0,64.0
-13.63,1625449482.0,64.0
-15.27,1625449482.0,64.0
-16.65,1625449482.0,64.0
-17.7,1625449482.0,64.0
-18.27,1625449482.0,64.0
-18.14,1625449482.0,64.0
-17.13,1625449482.0,64.0
-15.2,1625449482.0,64.0
-12.49,1625449482.0,64.0
-9.29,1625449482.0,64.0
-5.87,1625449482.0,64.0
-2.46,1625449482.0,64.0
0.84,1625449482.0,64.0
3.95,1625449482.0,64.0
6.76,1625449482.0,64.0
9.13,1625449482.0,64.0
10.89,1625449482.0,64.0
11.98,1625449482.0,64.0
12.5,1625449482.0,64.0
12.66,1625449482.0,64.0
12.7,1625449482.0,64.0
12.81,1625449482.0,64.0
13.01,1625449482.0,64.0
13.2,1625449482.0,64.0
13.21,1625449482.0,64.0
12.88,1625449482.0,64.0
12.17,1625449482.0,64.0
11.12,1625449482.0,64.0
9.88,1625449482.0,64.0
8.62,1625449482.0,64.0
7.48,1625449482.0,64.0
6.49,1625449482.0,64.0
5.66,1625449482.0,64.0
4.88,1625449482.0,64.0
4.08,1625449482.0,64.0
3.23,1625449482.0,64.0
2.35,1625449482.0,64.0
1.5,1625449482.0,64.0
0.66,1625449482.0,64.0
-0.23,1625449482.0,64.0
-1.28,1625449482.0,64.0
-2.55,1625449482.0,64.0
-3.99,1625449482.0,64.0
-5.45,1625449482.0,64.0
-6.82,1625449482.0,64.0
-8.12,1625449482.0,64.0
-9.5,1625449482.0,64.0
-11.16,1625449482.0,64.0
-13.18,1625449482.0,64.0
-15.38,1625449482.0,64.0
-17.32,1625449482.0,64.0
-18.49,1625449482.0,64.0
-18.48,1625449482.0,64.0
-17.15,1625449482.0,64.0
-14.67,1625449482.0,64.0
-11.39,1625449482.0,64.0
-7.65,1625449482.0,64.0
-3.67,1625449482.0,64.0
0.37,1625449482.0,64.0
4.3,1625449482.0,64.0
7.83,1625449482.0,64.0
10.66,1625449482.0,64.0
12.49,1625449482.0,64.0
13.23,1625449482.0,64.0
13.07,1625449482.0,64.0
12.39,1625449482.0,64.0
11.63,1625449482.0,64.0
11.13,1625449482.0,64.0
11.02,1625449482.0,64.0
11.18,1625449482.0,64.0
11.4,1625449482.0,64.0
11.42,1625449482.0,64.0
11.06,1625449482.0,64.0
10.24,1625449482.0,64.0
9.01,1625449482.0,64.0
7.47,1625449482.0,64.0
5.78,1625449482.0,64.0
4.13,1625449482.0,64.0
2.68,1625449482.0,64.0
1.51,1625449482.0,64.0
0.61,1625449482.0,64.0
-0.14,1625449482.0,64.0
-0.86,1625449482.0,64.0
-1.62,1625449482.0,64.0
-2.4,1625449482.0,64.0
-3.11,1625449482.0,64.0
-3.66,1625449482.0,64.0
-4.02,1625449482.0,64.0
-4.3,1625449482.0,64.0
-4.6,1625449482.0,64.0
-5.05,1625449482.0,64.0
-5.71,1625449482.0,64.0
-6.61,1625449482.0,64.0
-7.75,1625449482.0,64.0
-9.15,1625449482.0,64.0
-10.79,1625449482.0,64.0
-12.56,1625449482.0,64.0
-14.24,1625449482.0,64.0
-15.52,1625449482.0,64.0
-16.09,1625449482.0,64.0
-15.75,1625449482.0,64.0
-14.45,1625449482.0,64.0
-12.29,1625449482.0,64.0
-9.52,1625449482.0,64.0
-6.36,1625449482.0,64.0
-3.02,1625449482.0,64.0
0.33,1625449482.0,64.0
3.61,1625449482.0,64.0
6.69,1625449482.0,64.0
9.41,1625449482.0,64.0
11.59,1625449482.0,64.0
13.06,1625449482.0,64.0
13.74,1625449482.0,64.0
13.65,1625449482.0,64.0
12.97,1625449482.0,64.0
11.95,1625449482.0,64.0
10.88,1625449482.0,64.0
9.98,1625449482.0,64.0
9.33,1625449482.0,64.0
8.9,1625449482.0,64.0
8.56,1625449482.0,64.0
8.19,1625449482.0,64.0
7.66,1625449482.0,64.0
6.93,1625449482.0,64.0
6.01,1625449482.0,64.0
4.95,1625449482.0,64.0
3.82,1625449482.0,64.0
2.69,1625449482.0,64.0
1.58,1625449482.0,64.0
0.51,1625449482.0,64.0
-0.52,1625449482.0,64.0
-1.5,1625449482.0,64.0
-2.45,1625449482.0,64.0
-3.38,1625449482.0,64.0
-4.29,1625449482.0,64.0
-5.18,1625449482.0,64.0
-6.05,1625449482.0,64.0
-6.87,1625449482.0,64.0
-7.68,1625449482.0,64.0
-8.53,1625449482.0,64.0
-9.48,1625449482.0,64.0
-10.6,1625449482.0,64.0
-11.9,1625449482.0,64.0
-13.29,1625449482.0,64.0
-14.63,1625449482.0,64.0
-15.69,1625449482.0,64.0
-16.25,1625449482.0,64.0
-16.14,1625449482.0,64.0
-15.26,1625449482.0,64.0
-13.65,1625449482.0,64.0
-11.42,1625449482.0,64.0
-8.75,1625449482.0,64.0
-5.86,1625449482.0,64.0
-2.92,1625449482.0,64.0
-0.12,1625449482.0,64.0
2.42,1625449482.0,64.0
4.58,1625449482.0,64.0
6.27,1625449482.0,64.0
7.48,1625449482.0,64.0
8.3,1625449482.0,64.0
8.89,1625449482.0,64.0
9.47,1625449482.0,64.0
10.22,1625449482.0,64.0
11.11,1625449482.0,64.0
12.02,1625449482.0,64.0
12.74,1625449482.0,64.0
13.08,1625449482.0,64.0
13.01,1625449482.0,64.0
12.57,1625449482.0,64.0
11.89,1625449482.0,64.0
11.02,1625449482.0,64.0
9.95,1625449482.0,64.0
8.63,1625449482.0,64.0
7.12,1625449482.0,64.0
5.53,1625449482.0,64.0
4.01,1625449482.0,64.0
2.69,1625449482.0,64.0
1.56,1625449482.0,64.0
0.48,1625449482.0,64.0
-0.68,1625449482.0,64.0
-1.95,1625449482.0,64.0
-3.22,1625449482.0,64.0
-4.25,1625449482.0,64.0
-4.82,1625449482.0,64.0
-4.84,1625449482.0,64.0
-4.39,1625449482.0,64.0
-3.74,1625449482.0,64.0
-3.22,1625449482.0,64.0
-3.06,1625449482.0,64.0
-3.34,1625449482.0,64.0
-4.01,1625449482.0,64.0
-4.82,1625449482.0,64.0
-5.55,1625449482.0,64.0
-5.99,1625449482.0,64.0
-6.06,1625449482.0,64.0
-5.73,1625449482.0,64.0
-5.05,1625449482.0,64.0
-4.01,1625449482.0,64.0
-2.56,1625449482.0,64.0
-0.65,1625449482.0,64.0
1.69,1625449482.0,64.0
4.26,1625449482.0,64.0
6.68,1625449482.0,64.0
8.52,1625449482.0,64.0
9.46,1625449482.0,64.0
9.41,1625449482.0,64.0
8.62,1625449482.0,64.0
7.53,1625449482.0,64.0
6.6,1625449482.0,64.0
6.13,1625449482.0,64.0
6.15,1625449482.0,64.0
6.46,1625449482.0,64.0
6.78,1625449482.0,64.0
6.87,1625449482.0,64.0
6.6,1625449482.0,64.0
5.96,1625449482.0,64.0
5.03,1625449482.0,64.0
3.92,1625449482.0,64.0
2.76,1625449482.0,64.0
1.63,1625449482.0,64.0
0.57,1625449482.0,64.0
-0.37,1625449482.0,64.0
-1.24,1625449482.0,64.0
-2.04,1625449482.0,64.0
-2.86,1625449482.0,64.0
-3.76,1625449482.0,64.0
-4.84,1625449482.0,64.0
-6.13,1625449482.0,64.0
-7.65,1625449482.0,64.0
-9.3,1625449482.0,64.0
-10.94,1625449482.0,64.0
-12.42,1625449482.0,64.0
-13.66,1625449482.0,64.0
-14.64,1625449482.0,64.0
-15.38,1625449482.0,64.0
-15.87,1625449482.0,64.0
-16.07,1625449482.0,64.0
-15.88,1625449482.0,64.0
-15.22,1625449482.0,64.0
-14.09,1625449482.0,64.0
-12.53,1625449482.0,64.0
-10.61,1625449482.0,64.0
-8.36,1625449482.0,64.0
-5.8,1625449482.0,64.0
-2.94,1625449482.0,64.0
0.12,1625449482.0,64.0
3.13,1625449482.0,64.0
5.81,1625449482.0,64.0
7.89,1625449482.0,64.0
9.28,1625449482.0,64.0
10.07,1625449482.0,64.0
10.47,1625449482.0,64.0
10.75,1625449482.0,64.0
11.07,1625449482.0,64.0
11.48,1625449482.0,64.0
11.91,1625449482.0,64.0
12.27,1625449482.0,64.0
12.43,1625449482.0,64.0
12.31,1625449482.0,64.0
11.86,1625449482.0,64.0
11.11,1625449482.0,64.0
10.15,1625449482.0,64.0
9.12,1625449482.0,64.0
8.14,1625449482.0,64.0
7.25,1625449482.0,64.0
6.41,1625449482.0,64.0
5.49,1625449482.0,64.0
4.41,1625449482.0,64.0
3.14,1625449482.0,64.0
1.72,1625449482.0,64.0
0.25,1625449482.0,64.0
-1.2,1625449482.0,64.0
-2.59,1625449482.0,64.0
-3.96,1625449482.0,64.0
-5.31,1625449482.0,64.0
-6.64,1625449482.0,64.0
-7.95,1625449482.0,64.0
-9.25,1625449482.0,64.0
-10.62,1625449482.0,64.0
-12.11,1625449482.0,64.0
-13.7,1625449482.0,64.0
-15.27,1625449482.0,64.0
-16.59,1625449482.0,64.0
-17.39,1625449482.0,64.0
-17.51,1625449482.0,64.0
-16.9,1625449482.0,64.0
-15.65,1625449482.0,64.0
-13.92,1625449482.0,64.0
-11.79,1625449482.0,64.0
-9.27,1625449482.0,64.0
-6.35,1625449482.0,64.0
-3.05,1625449482.0,64.0
0.49,1625449482.0,64.0
3.97,1625449482.0,64.0
7.04,1625449482.0,64.0
9.41,1625449482.0,64.0
10.94,1625449482.0,64.0
11.72,1625449482.0,64.0
12.0,1625449482.0,64.0
12.07,1625449482.0,64.0
12.15,1625449482.0,64.0
12.35,1625449482.0,64.0
12.64,1625449482.0,64.0
12.87,1625449482.0,64.0
12.92,1625449482.0,64.0
12.65,1625449482.0,64.0
12.06,1625449482.0,64.0
11.19,1625449482.0,64.0
10.12,1625449482.0,64.0
8.92,1625449482.0,64.0
7.67,1625449482.0,64.0
6.39,1625449482.0,64.0
5.1,1625449482.0,64.0
3.82,1625449482.0,64.0
2.57,1625449482.0,64.0
1.38,1625449482.0,64.0
0.29,1625449482.0,64.0
-0.69,1625449482.0,64.0
-1.56,1625449482.0,64.0
-2.35,1625449482.0,64.0
-3.14,1625449482.0,64.0
-4.0,1625449482.0,64.0
-5.05,1625449482.0,64.0
-6.35,1625449482.0,64.0
-7.93,1625449482.0,64.0
-9.78,1625449482.0,64.0
-11.83,1625449482.0,64.0
-14.0,1625449482.0,64.0
-16.06,1625449482.0,64.0
-17.74,1625449482.0,64.0
-18.68,1625449482.0,64.0
-18.51,1625449482.0,64.0
-17.05,1625449482.0,64.0
-14.35,1625449482.0,64.0
-10.7,1625449482.0,64.0
-6.58,1625449482.0,64.0
-2.46,1625449482.0,64.0
1.33,1625449482.0,64.0
4.59,1625449482.0,64.0
7.27,1625449482.0,64.0
9.37,1625449482.0,64.0
10.91,1625449482.0,64.0
11.95,1625449482.0,64.0
12.58,1625449482.0,64.0
12.95,1625449482.0,64.0
13.23,1625449482.0,64.0
13.52,1625449482.0,64.0
13.8,1625449482.0,64.0
13.94,1625449482.0,64.0
13.78,1625449482.0,64.0
13.19,1625449482.0,64.0
12.18,1625449482.0,64.0
10.88,1625449482.0,64.0
9.5,1625449482.0,64.0
8.2,1625449482.0,64.0
7.07,1625449482.0,64.0
6.12,1625449482.0,64.0
5.3,1625449482.0,64.0
4.54,1625449482.0,64.0
3.79,1625449482.0,64.0
2.99,1625449482.0,64.0
2.1,1625449482.0,64.0
1.05,1625449482.0,64.0
-0.16,1625449482.0,64.0
-1.51,1625449482.0,64.0
-2.91,1625449482.0,64.0
-4.27,1625449482.0,64.0
-5.56,1625449482.0,64.0
-6.81,1625449482.0,64.0
-8.06,1625449482.0,64.0
-9.39,1625449482.0,64.0
-10.79,1625449482.0,64.0
-12.26,1625449482.0,64.0
-13.74,1625449482.0,64.0
-15.22,1625449482.0,64.0
-16.68,1625449482.0,64.0
-18.08,1625449482.0,64.0
-19.3,1625449482.0,64.0
-20.17,1625449482.0,64.0
-20.46,1625449482.0,64.0
-19.99,1625449482.0,64.0
-18.7,1625449482.0,64.0
-16.63,1625449482.0,64.0
-13.9,1625449482.0,64.0
-10.68,1625449482.0,64.0
-7.16,1625449482.0,64.0
-3.49,1625449482.0,64.0
0.11,1625449482.0,64.0
3.45,1625449482.0,64.0
6.33,1625449482.0,64.0
8.62,1625449482.0,64.0
10.27,1625449482.0,64.0
11.32,1625449482.0,64.0
11.85,1625449482.0,64.0
11.99,1625449482.0,64.0
11.87,1625449482.0,64.0
11.64,1625449482.0,64.0
11.45,1625449482.0,64.0
11.39,1625449482.0,64.0
11.49,1625449482.0,64.0
11.69,1625449482.0,64.0
11.84,1625449482.0,64.0
11.74,1625449482.0,64.0
11.28,1625449482.0,64.0
10.44,1625449482.0,64.0
9.32,1625449482.0,64.0
8.11,1625449482.0,64.0
6.97,1625449482.0,64.0
5.99,1625449482.0,64.0
5.18,1625449482.0,64.0
4.43,1625449482.0,64.0
3.63,1625449482.0,64.0
2.67,1625449482.0,64.0
1.55,1625449482.0,64.0
0.29,1625449482.0,64.0
-1.01,1625449482.0,64.0
-2.26,1625449482.0,64.0
-3.43,1625449482.0,64.0
-4.53,1625449482.0,64.0
-5.63,1625449482.0,64.0
-6.84,1625449482.0,64.0
-8.22,1625449482.0,64.0
-9.78,1625449482.0,64.0
-11.42,1625449482.0,64.0
-12.95,1625449482.0,64.0
-14.11,1625449482.0,64.0
-14.63,1625449482.0,64.0
-14.32,1625449482.0,64.0
-13.13,1625449482.0,64.0
-11.13,1625449482.0,64.0
-8.5,1625449482.0,64.0
-5.46,1625449482.0,64.0
-2.23,1625449482.0,64.0
1.0,1625449482.0,64.0
4.09,1625449482.0,64.0
6.9,1625449482.0,64.0
9.3,1625449482.0,64.0
11.16,1625449482.0,64.0
12.38,1625449482.0,64.0
12.96,1625449482.0,64.0
12.95,1625449482.0,64.0
12.52,1625449482.0,64.0
11.86,1625449482.0,64.0
11.18,1625449482.0,64.0
10.58,1625449482.0,64.0
10.09,1625449482.0,64.0
9.6,1625449482.0,64.0
8.94,1625449482.0,64.0
7.98,1625449482.0,64.0
6.65,1625449482.0,64.0
5.02,1625449482.0,64.0
3.25,1625449482.0,64.0
1.54,1625449482.0,64.0
0.11,1625449482.0,64.0
-0.93,1625449482.0,64.0
-1.56,1625449482.0,64.0
-1.85,1625449482.0,64.0
-1.95,1625449482.0,64.0
-2.05,1625449482.0,64.0
-2.31,1625449482.0,64.0
-2.88,1625449482.0,64.0
-3.78,1625449482.0,64.0
-4.94,1625449482.0,64.0
-6.19,1625449482.0,64.0
-7.33,1625449482.0,64.0
-8.23,1625449482.0,64.0
-8.88,1625449482.0,64.0
-9.43,1625449482.0,64.0
-10.12,1625449482.0,64.0
-11.18,1625449482.0,64.0
-12.64,1625449482.0,64.0
-14.36,1625449482.0,64.0
-15.94,1625449482.0,64.0
-16.93,1625449482.0,64.0
-16.97,1625449482.0,64.0
-15.92,1625449482.0,64.0
-13.88,1625449482.0,64.0
-11.13,1625449482.0,64.0
-7.96,1625449482.0,64.0
-4.54,1625449482.0,64.0
-0.98,1625449482.0,64.0
2.66,1625449482.0,64.0
6.26,1625449482.0,64.0
9.62,1625449482.0,64.0
12.47,1625449482.0,64.0
14.58,1625449482.0,64.0
15.87,1625449482.0,64.0
16.41,1625449482.0,64.0
16.41,1625449482.0,64.0
16.05,1625449482.0,64.0
15.5,1625449482.0,64.0
14.82,1625449482.0,64.0
14.04,1625449482.0,64.0
13.15,1625449482.0,64.0
12.17,1625449482.0,64.0
11.1,1625449482.0,64.0
9.93,1625449482.0,64.0
8.64,1625449482.0,64.0
7.23,1625449482.0,64.0
5.69,1625449482.0,64.0
4.07,1625449482.0,64.0
2.41,1625449482.0,64.0
0.78,1625449482.0,64.0
-0.76,1625449482.0,64.0
-2.14,1625449482.0,64.0
-3.32,1625449482.0,64.0
-4.23,1625449482.0,64.0
-4.86,1625449482.0,64.0
-5.27,1625449482.0,64.0
-5.6,1625449482.0,64.0
-6.04,1625449482.0,64.0
-6.81,1625449482.0,64.0
-7.96,1625449482.0,64.0
-9.47,1625449482.0,64.0
-11.17,1625449482.0,64.0
-12.87,1625449482.0,64.0
-14.39,1625449482.0,64.0
-15.59,1625449482.0,64.0
-16.39,1625449482.0,64.0
-16.71,1625449482.0,64.0
-16.46,1625449482.0,64.0
-15.56,1625449482.0,64.0
-14.0,1625449482.0,64.0
-11.84,1625449482.0,64.0
-9.23,1625449482.0,64.0
-6.36,1625449482.0,64.0
-3.39,1625449482.0,64.0
-0.44,1625449482.0,64.0
2.44,1625449482.0,64.0
5.17,1625449482.0,64.0
7.66,1625449482.0,64.0
9.74,1625449482.0,64.0
11.19,1625449482.0,64.0
11.89,1625449482.0,64.0
11.85,1625449482.0,64.0
11.31,1625449482.0,64.0
10.62,1625449482.0,64.0
10.17,1625449482.0,64.0
10.21,1625449482.0,64.0
10.75,1625449482.0,64.0
11.55,1625449482.0,64.0
12.26,1625449482.0,64.0
12.58,1625449482.0,64.0
12.38,1625449482.0,64.0
11.72,1625449482.0,64.0
10.78,1625449482.0,64.0
9.71,1625449482.0,64.0
8.58,1625449482.0,64.0
7.33,1625449482.0,64.0
5.92,1625449482.0,64.0
4.41,1625449482.0,64.0
2.95,1625449482.0,64.0
1.72,1625449482.0,64.0
0.86,1625449482.0,64.0
0.35,1625449482.0,64.0
0.01,1625449482.0,64.0
-0.41,1625449482.0,64.0
-1.14,1625449482.0,64.0
-2.29,1625449482.0,64.0
-3.83,1625449482.0,64.0
-5.64,1625449482.0,64.0
-7.58,1625449482.0,64.0
-9.55,1625449482.0,64.0
-11.51,1625449482.0,64.0
-13.48,1625449482.0,64.0
-15.45,1625449482.0,64.0
-17.33,1625449482.0,64.0
-18.96,1625449482.0,64.0
-20.12,1625449482.0,64.0
-20.62,1625449482.0,64.0
-20.39,1625449482.0,64.0
-19.45,1625449482.0,64.0
-17.92,1625449482.0,64.0
-15.89,1625449482.0,64.0
-13.36,1625449482.0,64.0
-10.31,1625449482.0,64.0
-6.71,1625449482.0,64.0
-2.69,1625449482.0,64.0
1.45,1625449482.0,64.0
5.31,1625449482.0,64.0
8.53,1625449482.0,64.0
10.91,1625449482.0,64.0
12.5,1625449482.0,64.0
13.52,1625449482.0,64.0
14.18,1625449482.0,64.0
14.66,1625449482.0,64.0
14.94,1625449482.0,64.0
14.93,1625449482.0,64.0
14.53,1625449482.0,64.0
13.75,1625449482.0,64.0
12.73,1625449482.0,64.0
11.7,1625449482.0,64.0
10.9,1625449482.0,64.0
10.44,1625449482.0,64.0
10.34,1625449482.0,64.0
10.49,1625449482.0,64.0
10.73,1625449482.0,64.0
10.91,1625449482.0,64.0
10.92,1625449482.0,64.0
10.67,1625449482.0,64.0
10.08,1625449482.0,64.0
9.08,1625449482.0,64.0
7.6,1625449482.0,64.0
5.61,1625449482.0,64.0
3.13,1625449482.0,64.0
0.24,1625449482.0,64.0
-2.9,1625449482.0,64.0
-6.12,1625449482.0,64.0
-9.23,1625449482.0,64.0
-12.07,1625449482.0,64.0
-14.57,1625449482.0,64.0
-16.74,1625449482.0,64.0
-18.63,1625449482.0,64.0
-20.29,1625449482.0,64.0
-21.68,1625449482.0,64.0
-22.67,1625449482.0,64.0
-23.01,1625449482.0,64.0
-22.46,1625449482.0,64.0
-20.83,1625449482.0,64.0
-18.13,1625449482.0,64.0
-14.54,1625449482.0,64.0
-10.32,1625449482.0,64.0
-5.81,1625449482.0,64.0
-1.32,1625449482.0,64.0
2.95,1625449482.0,64.0
6.82,1625449482.0,64.0
10.12,1625449482.0,64.0
12.72,1625449482.0,64.0
14.53,1625449482.0,64.0
15.54,1625449482.0,64.0
15.83,1625449482.0,64.0
15.62,1625449482.0,64.0
15.12,1625449482.0,64.0
14.53,1625449482.0,64.0
13.94,1625449482.0,64.0
13.37,1625449482.0,64.0
12.78,1625449482.0,64.0
12.13,1625449482.0,64.0
11.38,1625449482.0,64.0
10.54,1625449482.0,64.0
9.62,1625449482.0,64.0
8.65,1625449482.0,64.0
7.67,1625449482.0,64.0
6.74,1625449482.0,64.0
5.91,1625449482.0,64.0
5.15,1625449482.0,64.0
4.41,1625449482.0,64.0
3.59,1625449482.0,64.0
2.63,1625449482.0,64.0
1.48,1625449482.0,64.0
0.19,1625449482.0,64.0
-1.16,1625449482.0,64.0
-2.52,1625449482.0,64.0
-3.88,1625449482.0,64.0
-5.27,1625449482.0,64.0
-6.72,1625449482.0,64.0
-8.22,1625449482.0,64.0
-9.71,1625449482.0,64.0
-11.19,1625449482.0,64.0
-12.65,1625449482.0,64.0
-14.16,1625449482.0,64.0
-15.76,1625449482.0,64.0
-17.43,1625449482.0,64.0
-19.03,1625449482.0,64.0
-20.29,1625449482.0,64.0
-20.9,1625449482.0,64.0
-20.63,1625449482.0,64.0
-19.43,1625449482.0,64.0
-17.35,1625449482.0,64.0
-14.58,1625449482.0,64.0
-11.28,1625449482.0,64.0
-7.57,1625449482.0,64.0
-3.57,1625449482.0,64.0
0.51,1625449482.0,64.0
4.33,1625449482.0,64.0
7.5,1625449482.0,64.0
9.7,1625449482.0,64.0
10.84,1625449482.0,64.0
11.15,1625449482.0,64.0
11.02,1625449482.0,64.0
10.88,1625449482.0,64.0
10.98,1625449482.0,64.0
11.3,1625449482.0,64.0
11.63,1625449482.0,64.0
11.76,1625449482.0,64.0
11.52,1625449482.0,64.0
10.95,1625449482.0,64.0
10.15,1625449482.0,64.0
9.24,1625449482.0,64.0
8.26,1625449482.0,64.0
7.15,1625449482.0,64.0
5.76,1625449482.0,64.0
3.96,1625449482.0,64.0
1.66,1625449482.0,64.0
-1.09,1625449482.0,64.0
-4.08,1625449482.0,64.0
-6.95,1625449482.0,64.0
-9.34,1625449482.0,64.0
-10.95,1625449482.0,64.0
-11.65,1625449482.0,64.0
-11.52,1625449482.0,64.0
-10.73,1625449482.0,64.0
-9.48,1625449482.0,64.0
-7.91,1625449482.0,64.0
-6.11,1625449482.0,64.0
-4.16,1625449482.0,64.0
-2.23,1625449482.0,64.0
-0.56,1625449482.0,64.0
0.57,1625449482.0,64.0
1.01,1625449482.0,64.0
0.8,1625449482.0,64.0
0.19,1625449482.0,64.0
-0.43,1625449482.0,64.0
-0.7,1625449482.0,64.0
-0.36,1625449482.0,64.0
0.63,1625449482.0,64.0
2.17,1625449482.0,64.0
4.04,1625449482.0,64.0
6.04,1625449482.0,64.0
8.02,1625449482.0,64.0
9.87,1625449482.0,64.0
11.5,1625449482.0,64.0
12.79,1625449482.0,64.0
13.65,1625449482.0,64.0
14.0,1625449482.0,64.0
13.9,1625449482.0,64.0
13.45,1625449482.0,64.0
12.82,1625449482.0,64.0
12.19,1625449482.0,64.0
11.64,1625449482.0,64.0
11.15,1625449482.0,64.0
10.64,1625449482.0,64.0
10.0,1625449482.0,64.0
9.14,1625449482.0,64.0
8.04,1625449482.0,64.0
6.68,1625449482.0,64.0
5.1,1625449482.0,64.0
3.41,1625449482.0,64.0
1.75,1625449482.0,64.0
0.28,1625449482.0,64.0
-0.88,1625449482.0,64.0
-1.67,1625449482.0,64.0
-2.11,1625449482.0,64.0
-2.29,1625449482.0,64.0
-2.32,1625449482.0,64.0
-2.29,1625449482.0,64.0
-2.33,1625449482.0,64.0
-2.55,1625449482.0,64.0
-3.08,1625449482.0,64.0
-3.99,1625449482.0,64.0
-5.33,1625449482.0,64.0
-7.07,1625449482.0,64.0
-9.13,1625449482.0,64.0
-11.35,1625449482.0,64.0
-13.62,1625449482.0,64.0
-15.79,1625449482.0,64.0
-17.68,1625449482.0,64.0
-19.12,1625449482.0,64.0
-19.86,1625449482.0,64.0
-19.73,1625449482.0,64.0
-18.66,1625449482.0,64.0
-16.72,1625449482.0,64.0
-14.06,1625449482.0,64.0
-10.91,1625449482.0,64.0
-7.46,1625449482.0,64.0
-3.92,1625449482.0,64.0
-0.44,1625449482.0,64.0
2.76,1625449482.0,64.0
5.48,1625449482.0,64.0
7.54,1625449482.0,64.0
8.88,1625449482.0,64.0
9.61,1625449482.0,64.0
9.94,1625449482.0,64.0
10.15,1625449482.0,64.0
10.4,1625449482.0,64.0
10.73,1625449482.0,64.0
11.05,1625449482.0,64.0
11.23,1625449482.0,64.0
11.16,1625449482.0,64.0
10.81,1625449482.0,64.0
10.19,1625449482.0,64.0
9.32,1625449482.0,64.0
8.25,1625449482.0,64.0
7.02,1625449482.0,64.0
5.69,1625449482.0,64.0
4.4,1625449482.0,64.0
3.27,1625449482.0,64.0
2.37,1625449482.0,64.0
1.72,1625449482.0,64.0
1.24,1625449482.0,64.0
0.8,1625449482.0,64.0
0.25,1625449482.0,64.0
-0.55,1625449482.0,64.0
-1.68,1625449482.0,64.0
-3.14,1625449482.0,64.0
-4.86,1625449482.0,64.0
-6.65,1625449482.0,64.0
-8.33,1625449482.0,64.0
-9.76,1625449482.0,64.0
-10.95,1625449482.0,64.0
-12.04,1625449482.0,64.0
-13.22,1625449482.0,64.0
-14.58,1625449482.0,64.0
-16.04,1625449482.0,64.0
-17.33,1625449482.0,64.0
-18.12,1625449482.0,64.0
-18.14,1625449482.0,64.0
-17.28,1625449482.0,64.0
-15.59,1625449482.0,64.0
-13.2,1625449482.0,64.0
-10.21,1625449482.0,64.0
-6.72,1625449482.0,64.0
-2.86,1625449482.0,64.0
1.11,1625449482.0,64.0
4.86,1625449482.0,64.0
8.04,1625449482.0,64.0
10.42,1625449482.0,64.0
11.98,1625449482.0,64.0
12.88,1625449482.0,64.0
13.4,1625449482.0,64.0
13.73,1625449482.0,64.0
13.98,1625449482.0,64.0
14.14,1625449482.0,64.0
14.16,1625449482.0,64.0
13.97,1625449482.0,64.0
13.53,1625449482.0,64.0
12.81,1625449482.0,64.0
11.77,1625449482.0,64.0
10.39,1625449482.0,64.0
8.72,1625449482.0,64.0
6.87,1625449482.0,64.0
5.05,1625449482.0,64.0
3.49,1625449482.0,64.0
2.34,1625449482.0,64.0
1.66,1625449482.0,64.0
1.39,1625449482.0,64.0
1.43,1625449482.0,64.0
1.63,1625449482.0,64.0
1.89,1625449482.0,64.0
2.09,1625449482.0,64.0
2.09,1625449482.0,64.0
1.7,1625449482.0,64.0
0.76,1625449482.0,64.0
-0.86,1625449482.0,64.0
-3.16,1625449482.0,64.0
-6.05,1625449482.0,64.0
-9.31,1625449482.0,64.0
-12.66,1625449482.0,64.0
-15.78,1625449482.0,64.0
-18.38,1625449482.0,64.0
-20.2,1625449482.0,64.0
-21.11,1625449482.0,64.0
-21.06,1625449482.0,64.0
-20.12,1625449482.0,64.0
-18.46,1625449482.0,64.0
-16.27,1625449482.0,64.0
-13.71,1625449482.0,64.0
-10.87,1625449482.0,64.0
-7.81,1625449482.0,64.0
-4.58,1625449482.0,64.0
-1.28,1625449482.0,64.0
1.89,1625449482.0,64.0
4.69,1625449482.0,64.0
6.94,1625449482.0,64.0
8.59,1625449482.0,64.0
9.77,1625449482.0,64.0
10.71,1625449482.0,64.0
11.67,1625449482.0,64.0
12.76,1625449482.0,64.0
13.95,1625449482.0,64.0
15.04,1625449482.0,64.0
15.78,1625449482.0,64.0
16.03,1625449482.0,64.0
15.75,1625449482.0,64.0
15.0,1625449482.0,64.0
13.91,1625449482.0,64.0
12.57,1625449482.0,64.0
11.02,1625449482.0,64.0
9.31,1625449482.0,64.0
7.54,1625449482.0,64.0
5.88,1625449482.0,64.0
4.46,1625449482.0,64.0
3.37,1625449482.0,64.0
2.55,1625449482.0,64.0
1.84,1625449482.0,64.0
1.02,1625449482.0,64.0
-0.01,1625449482.0,64.0
-1.33,1625449482.0,64.0
-2.88,1625449482.0,64.0
-4.59,1625449482.0,64.0
-6.41,1625449482.0,64.0
-8.3,1625449482.0,64.0
-10.24,1625449482.0,64.0
-12.22,1625449482.0,64.0
-14.23,1625449482.0,64.0
-16.23,1625449482.0,64.0
-18.17,1625449482.0,64.0
-19.93,1625449482.0,64.0
-21.33,1625449482.0,64.0
-22.08,1625449482.0,64.0
-21.95,1625449482.0,64.0
-20.79,1625449482.0,64.0
-18.63,1625449482.0,64.0
-15.67,1625449482.0,64.0
-12.16,1625449482.0,64.0
-8.39,1625449482.0,64.0
-4.55,1625449482.0,64.0
-0.8,1625449482.0,64.0
2.77,1625449482.0,64.0
6.02,1625449482.0,64.0
8.83,1625449482.0,64.0
11.08,1625449482.0,64.0
12.73,1625449482.0,64.0
13.82,1625449482.0,64.0
14.49,1625449482.0,64.0
14.91,1625449482.0,64.0
15.18,1625449482.0,64.0
15.3,1625449482.0,64.0
15.27,1625449482.0,64.0
15.02,1625449482.0,64.0
14.58,1625449482.0,64.0
14.0,1625449482.0,64.0
13.37,1625449482.0,64.0
12.69,1625449482.0,64.0
11.93,1625449482.0,64.0
11.01,1625449482.0,64.0
9.85,1625449482.0,64.0
8.42,1625449482.0,64.0
6.82,1625449482.0,64.0
5.17,1625449482.0,64.0
3.62,1625449482.0,64.0
2.26,1625449482.0,64.0
1.08,1625449482.0,64.0
0.08,1625449482.0,64.0
-0.83,1625449482.0,64.0
-1.73,1625449482.0,64.0
-2.68,1625449482.0,64.0
-3.73,1625449482.0,64.0
-4.9,1625449482.0,64.0
-6.2,1625449482.0,64.0
-7.58,1625449482.0,64.0
-9.03,1625449482.0,64.0
-10.54,1625449482.0,64.0
-12.1,1625449482.0,64.0
-13.7,1625449482.0,64.0
-15.28,1625449482.0,64.0
-16.71,1625449482.0,64.0
-17.78,1625449482.0,64.0
-18.21,1625449482.0,64.0
-17.73,1625449482.0,64.0
-16.18,1625449482.0,64.0
-13.61,1625449482.0,64.0
-10.26,1625449482.0,64.0
-6.49,1625449482.0,64.0
-2.6,1625449482.0,64.0
1.14,1625449482.0,64.0
4.63,1625449482.0,64.0
7.79,1625449482.0,64.0
10.56,1625449482.0,64.0
12.83,1625449482.0,64.0
14.46,1625449482.0,64.0
15.4,1625449482.0,64.0
15.74,1625449482.0,64.0
15.73,1625449482.0,64.0
15.64,1625449482.0,64.0
15.73,1625449482.0,64.0
16.06,1625449482.0,64.0
16.57,1625449482.0,64.0
17.04,1625449482.0,64.0
17.27,1625449482.0,64.0
17.09,1625449482.0,64.0
16.43,1625449482.0,64.0
15.38,1625449482.0,64.0
14.06,1625449482.0,64.0
12.66,1625449482.0,64.0
11.32,1625449482.0,64.0
10.07,1625449482.0,64.0
8.89,1625449482.0,64.0
7.67,1625449482.0,64.0
6.27,1625449482.0,64.0
4.61,1625449482.0,64.0
2.66,1625449482.0,64.0
0.47,1625449482.0,64.0
-1.85,1625449482.0,64.0
-4.22,1625449482.0,64.0
-6.58,1625449482.0,64.0
-8.87,1625449482.0,64.0
-11.08,1625449482.0,64.0
-13.18,1625449482.0,64.0
-15.17,1625449482.0,64.0
-17.07,1625449482.0,64.0
-18.92,1625449482.0,64.0
-20.68,1625449482.0,64.0
-22.21,1625449482.0,64.0
-23.27,1625449482.0,64.0
-23.56,1625449482.0,64.0
-22.83,1625449482.0,64.0
-21.01,1625449482.0,64.0
-18.22,1625449482.0,64.0
-14.73,1625449482.0,64.0
-10.87,1625449482.0,64.0
-6.91,1625449482.0,64.0
-3.04,1625449482.0,64.0
0.62,1625449482.0,64.0
3.94,1625449482.0,64.0
6.78,1625449482.0,64.0
9.0,1625449482.0,64.0
10.48,1625449482.0,64.0
11.24,1625449482.0,64.0
11.4,1625449482.0,64.0
11.17,1625449482.0,64.0
10.8,1625449482.0,64.0
10.5,1625449482.0,64.0
10.36,1625449482.0,64.0
10.4,1625449482.0,64.0
10.54,1625449482.0,64.0
10.69,1625449482.0,64.0
10.8,1625449482.0,64.0
10.83,1625449482.0,64.0
10.78,1625449482.0,64.0
10.66,1625449482.0,64.0
10.45,1625449482.0,64.0
10.1,1625449482.0,64.0
9.56,1625449482.0,64.0
8.75,1625449482.0,64.0
7.61,1625449482.0,64.0
6.15,1625449482.0,64.0
4.41,1625449482.0,64.0
2.5,1625449482.0,64.0
0.57,1625449482.0,64.0
-1.23,1625449482.0,64.0
-2.78,1625449482.0,64.0
-4.08,1625449482.0,64.0
-5.18,1625449482.0,64.0
-6.18,1625449482.0,64.0
-7.24,1625449482.0,64.0
-8.48,1625449482.0,64.0
-9.98,1625449482.0,64.0
-11.78,1625449482.0,64.0
-13.83,1625449482.0,64.0
-15.98,1625449482.0,64.0
-17.98,1625449482.0,64.0
-19.49,1625449482.0,64.0
-20.2,1625449482.0,64.0
-19.95,1625449482.0,64.0
-18.7,1625449482.0,64.0
-16.63,1625449482.0,64.0
-13.99,1625449482.0,64.0
-11.05,1625449482.0,64.0
-7.96,1625449482.0,64.0
-4.76,1625449482.0,64.0
-1.45,1625449482.0,64.0
1.94,1625449482.0,64.0
5.28,1625449482.0,64.0
8.35,1625449482.0,64.0
10.92,1625449482.0,64.0
12.84,1625449482.0,64.0
14.13,1625449482.0,64.0
14.9,1625449482.0,64.0
15.36,1625449482.0,64.0
15.68,1625449482.0,64.0
15.93,1625449482.0,64.0
16.03,1625449482.0,64.0
15.84,1625449482.0,64.0
15.24,1625449482.0,64.0
14.22,1625449482.0,64.0
12.87,1625449482.0,64.0
11.35,1625449482.0,64.0
9.81,1625449482.0,64.0
8.33,1625449482.0,64.0
6.89,1625449482.0,64.0
5.43,1625449482.0,64.0
3.92,1625449482.0,64.0
2.37,1625449482.0,64.0
0.88,1625449482.0,64.0
-0.43,1625449482.0,64.0
-1.52,1625449482.0,64.0
-2.42,1625449482.0,64.0
-3.23,1625449482.0,64.0
-4.12,1625449482.0,64.0
-5.24,1625449482.0,64.0
-6.62,1625449482.0,64.0
-8.21,1625449482.0,64.0
-9.82,1625449482.0,64.0
-11.26,1625449482.0,64.0
-12.39,1625449482.0,64.0
-13.18,1625449482.0,64.0
-13.73,1625449482.0,64.0
-14.19,1625449482.0,64.0
-14.62,1625449482.0,64.0
-14.94,1625449482.0,64.0
-14.94,1625449482.0,64.0
-14.36,1625449482.0,64.0
-13.09,1625449482.0,64.0
-11.18,1625449482.0,64.0
-8.88,1625449482.0,64.0
-6.47,1625449482.0,64.0
-4.11,1625449482.0,64.0
-1.78,1625449482.0,64.0
0.66,1625449482.0,64.0
3.31,1625449482.0,64.0
6.11,1625449482.0,64.0
8.77,1625449482.0,64.0
10.88,1625449482.0,64.0
12.11,1625449482.0,64.0
12.37,1625449482.0,64.0
11.86,1625449482.0,64.0
10.96,1625449482.0,64.0
10.06,1625449482.0,64.0
9.44,1625449482.0,64.0
9.16,1625449482.0,64.0
9.14,1625449482.0,64.0
9.24,1625449482.0,64.0
9.37,1625449482.0,64.0
9.45,1625449482.0,64.0
9.43,1625449482.0,64.0
9.22,1625449482.0,64.0
8.7,1625449482.0,64.0
7.8,1625449482.0,64.0
6.53,1625449482.0,64.0
5.08,1625449482.0,64.0
3.7,1625449482.0,64.0
2.66,1625449482.0,64.0
2.11,1625449482.0,64.0
2.03,1625449482.0,64.0
2.21,1625449482.0,64.0
2.37,1625449482.0,64.0
2.23,1625449482.0,64.0
1.62,1625449482.0,64.0
0.52,1625449482.0,64.0
-0.95,1625449482.0,64.0
-2.67,1625449482.0,64.0
-4.5,1625449482.0,64.0
-6.36,1625449482.0,64.0
-8.25,1625449482.0,64.0
-10.18,1625449482.0,64.0
-12.15,1625449482.0,64.0
-14.14,1625449482.0,64.0
-16.06,1625449482.0,64.0
-17.78,1625449482.0,64.0
-19.15,1625449482.0,64.0
-20.07,1625449482.0,64.0
-20.42,1625449482.0,64.0
-20.15,1625449482.0,64.0
-19.2,1625449482.0,64.0
-17.54,1625449482.0,64.0
-15.18,1625449482.0,64.0
-12.19,1625449482.0,64.0
-8.73,1625449482.0,64.0
-5.03,1625449482.0,64.0
-1.36,1625449482.0,64.0
2.03,1625449482.0,64.0
4.94,1625449482.0,64.0
7.27,1625449482.0,64.0
8.98,1625449482.0,64.0
10.15,1625449482.0,64.0
10.88,1625449482.0,64.0
11.27,1625449482.0,64.0
11.41,1625449482.0,64.0
11.35,1625449482.0,64.0
11.13,1625449482.0,64.0
10.77,1625449482.0,64.0
10.33,1625449482.0,64.0
9.84,1625449482.0,64.0
9.31,1625449482.0,64.0
8.71,1625449482.0,64.0
7.99,1625449482.0,64.0
7.09,1625449482.0,64.0
6.01,1625449482.0,64.0
4.84,1625449482.0,64.0
3.72,1625449482.0,64.0
2.77,1625449482.0,64.0
2.09,1625449482.0,64.0
1.67,1625449482.0,64.0
1.42,1625449482.0,64.0
1.17,1625449482.0,64.0
0.74,1625449482.0,64.0
-0.02,1625449482.0,64.0
-1.14,1625449482.0,64.0
-2.58,1625449482.0,64.0
-4.15,1625449482.0,64.0
-5.67,1625449482.0,64.0
-7.05,1625449482.0,64.0
-8.35,1625449482.0,64.0
-9.74,1625449482.0,64.0
-11.36,1625449482.0,64.0
-13.21,1625449482.0,64.0
-15.05,1625449482.0,64.0
-16.49,1625449482.0,64.0
-17.13,1625449482.0,64.0
-16.74,1625449482.0,64.0
-15.32,1625449482.0,64.0
-13.09,1625449482.0,64.0
-10.35,1625449482.0,64.0
-7.39,1625449482.0,64.0
-4.35,1625449482.0,64.0
-1.32,1625449482.0,64.0
1.69,1625449482.0,64.0
4.62,1625449482.0,64.0
7.37,1625449482.0,64.0
9.81,1625449482.0,64.0
11.86,1625449482.0,64.0
13.48,1625449482.0,64.0
14.64,1625449482.0,64.0
15.32,1625449482.0,64.0
15.51,1625449482.0,64.0
15.22,1625449482.0,64.0
14.54,1625449482.0,64.0
13.63,1625449482.0,64.0
12.68,1625449482.0,64.0
11.83,1625449482.0,64.0
11.17,1625449482.0,64.0
10.62,1625449482.0,64.0
10.03,1625449482.0,64.0
9.25,1625449482.0,64.0
8.19,1625449482.0,64.0
6.91,1625449482.0,64.0
5.58,1625449482.0,64.0
4.38,1625449482.0,64.0
3.47,1625449482.0,64.0
2.85,1625449482.0,64.0
2.4,1625449482.0,64.0
1.89,1625449482.0,64.0
1.06,1625449482.0,64.0
-0.25,1625449482.0,64.0
-2.08,1625449482.0,64.0
-4.34,1625449482.0,64.0
-6.86,1625449482.0,64.0
-9.42,1625449482.0,64.0
-11.9,1625449482.0,64.0
-14.22,1625449482.0,64.0
-16.39,1625449482.0,64.0
-18.42,1625449482.0,64.0
-20.28,1625449482.0,64.0
-21.82,1625449482.0,64.0
-22.8,1625449482.0,64.0
-22.94,1625449482.0,64.0
-22.04,1625449482.0,64.0
-20.1,1625449482.0,64.0
-17.31,1625449482.0,64.0
-14.03,1625449482.0,64.0
-10.6,1625449482.0,64.0
-7.19,1625449482.0,64.0
-3.83,1625449482.0,64.0
-0.42,1625449482.0,64.0
3.0,1625449482.0,64.0
6.22,1625449482.0,64.0
8.89,1625449482.0,64.0
10.62,1625449482.0,64.0
11.27,1625449482.0,64.0
11.01,1625449482.0,64.0
10.27,1625449482.0,64.0
9.58,1625449482.0,64.0
9.31,1625449482.0,64.0
9.56,1625449482.0,64.0
10.21,1625449482.0,64.0
10.95,1625449482.0,64.0
11.51,1625449482.0,64.0
11.71,1625449482.0,64.0
11.48,1625449482.0,64.0
10.85,1625449482.0,64.0
9.91,1625449482.0,64.0
8.73,1625449482.0,64.0
7.39,1625449482.0,64.0
5.97,1625449482.0,64.0
4.5,1625449482.0,64.0
3.06,1625449482.0,64.0
1.71,1625449482.0,64.0
0.48,1625449482.0,64.0
-0.59,1625449482.0,64.0
-1.52,1625449482.0,64.0
-2.37,1625449482.0,64.0
-3.25,1625449482.0,64.0
-4.31,1625449482.0,64.0
-5.64,1625449482.0,64.0
-7.29,1625449482.0,64.0
-9.17,1625449482.0,64.0
-11.18,1625449482.0,64.0
-13.18,1625449482.0,64.0
-15.06,1625449482.0,64.0
-16.77,1625449482.0,64.0
-18.22,1625449482.0,64.0
-19.35,1625449482.0,64.0
-20.01,1625449482.0,64.0
-20.03,1625449482.0,64.0
-19.25,1625449482.0,64.0
-17.64,1625449482.0,64.0
-15.23,1625449482.0,64.0
-12.21,1625449482.0,64.0
-8.82,1625449482.0,64.0
-5.28,1625449482.0,64.0
-1.75,1625449482.0,64.0
1.63,1625449482.0,64.0
4.77,1625449482.0,64.0
7.52,1625449482.0,64.0
9.77,1625449482.0,64.0
11.39,1625449482.0,64.0
12.36,1625449482.0,64.0
12.78,1625449482.0,64.0
12.86,1625449482.0,64.0
12.81,1625449482.0,64.0
12.81,1625449482.0,64.0
12.92,1625449482.0,64.0
13.05,1625449482.0,64.0
13.05,1625449482.0,64.0
12.78,1625449482.0,64.0
12.19,1625449482.0,64.0
11.33,1625449482.0,64.0
10.26,1625449482.0,64.0
9.05,1625449482.0,64.0
7.73,1625449482.0,64.0
6.29,1625449482.0,64.0
4.72,1625449482.0,64.0
3.07,1625449482.0,64.0
1.45,1625449482.0,64.0
-0.07,1625449482.0,64.0
-1.4,1625449482.0,64.0
-2.56,1625449482.0,64.0
-3.61,1625449482.0,64.0
-4.62,1625449482.0,64.0
-5.68,1625449482.0,64.0
-6.84,1625449482.0,64.0
-8.09,1625449482.0,64.0
-9.4,1625449482.0,64.0
-10.78,1625449482.0,64.0
-12.19,1625449482.0,64.0
-13.65,1625449482.0,64.0
-15.07,1625449482.0,64.0
-16.3,1625449482.0,64.0
-17.16,1625449482.0,64.0
-17.4,1625449482.0,64.0
-16.86,1625449482.0,64.0
-15.45,1625449482.0,64.0
-13.23,1625449482.0,64.0
-10.39,1625449482.0,64.0
-7.18,1625449482.0,64.0
-3.86,1625449482.0,64.0
-0.63,1625449482.0,64.0
2.36,1625449482.0,64.0
5.02,1625449482.0,64.0
7.3,1625449482.0,64.0
9.13,1625449482.0,64.0
10.49,1625449482.0,64.0
11.4,1625449482.0,64.0
11.93,1625449482.0,64.0
12.22,1625449482.0,64.0
12.41,1625449482.0,64.0
12.59,1625449482.0,64.0
12.78,1625449482.0,64.0
12.87,1625449482.0,64.0
12.73,1625449482.0,64.0
12.25,1625449482.0,64.0
11.47,1625449482.0,64.0
10.51,1625449482.0,64.0
9.56,1625449482.0,64.0
8.75,1625449482.0,64.0
8.09,1625449482.0,64.0
7.49,1625449482.0,64.0
6.75,1625449482.0,64.0
5.74,1625449482.0,64.0
4.43,1625449482.0,64.0
2.89,1625449482.0,64.0
1.3,1625449482.0,64.0
-0.2,1625449482.0,64.0
-1.51,1625449482.0,64.0
-2.64,1625449482.0,64.0
-3.65,1625449482.0,64.0
-4.62,1625449482.0,64.0
-5.62,1625449482.0,64.0
-6.66,1625449482.0,64.0
-7.73,1625449482.0,64.0
-8.77,1625449482.0,64.0
-9.81,1625449482.0,64.0
-10.87,1625449482.0,64.0
-12.01,1625449482.0,64.0
-13.14,1625449482.0,64.0
-14.09,1625449482.0,64.0
-14.6,1625449482.0,64.0
-14.42,1625449482.0,64.0
-13.46,1625449482.0,64.0
-11.88,1625449482.0,64.0
-10.01,1625449482.0,64.0
-8.2,1625449482.0,64.0
-6.59,1625449482.0,64.0
-5.05,1625449482.0,64.0
-3.24,1625449482.0,64.0
-0.84,1625449482.0,64.0
2.17,1625449482.0,64.0
5.45,1625449482.0,64.0
8.41,1625449482.0,64.0
10.5,1625449482.0,64.0
11.47,1625449482.0,64.0
11.43,1625449482.0,64.0
10.8,1625449482.0,64.0
10.03,1625449482.0,64.0
9.46,1625449482.0,64.0
9.13,1625449482.0,64.0
8.95,1625449482.0,64.0
8.82,1625449482.0,64.0
8.76,1625449482.0,64.0
8.87,1625449482.0,64.0
9.25,1625449482.0,64.0
9.84,1625449482.0,64.0
10.45,1625449482.0,64.0
10.78,1625449482.0,64.0
10.61,1625449482.0,64.0
9.88,1625449482.0,64.0
8.72,1625449482.0,64.0
7.35,1625449482.0,64.0
5.93,1625449482.0,64.0
4.53,1625449482.0,64.0
3.09,1625449482.0,64.0
1.52,1625449482.0,64.0
-0.25,1625449482.0,64.0
-2.15,1625449482.0,64.0
-4.06,1625449482.0,64.0
-5.86,1625449482.0,64.0
-7.43,1625449482.0,64.0
-8.74,1625449482.0,64.0
-9.82,1625449482.0,64.0
-10.75,1625449482.0,64.0
-11.68,1625449482.0,64.0
-12.79,1625449482.0,64.0
-14.24,1625449482.0,64.0
-16.04,1625449482.0,64.0
-18.03,1625449482.0,64.0
-19.85,1625449482.0,64.0
-21.06,1625449482.0,64.0
-21.27,1625449482.0,64.0
-20.27,1625449482.0,64.0
-18.15,1625449482.0,64.0
-15.16,1625449482.0,64.0
-11.65,1625449482.0,64.0
-7.97,1625449482.0,64.0
-4.36,1625449482.0,64.0
-0.99,1625449482.0,64.0
2.06,1625449482.0,64.0
4.73,1625449482.0,64.0
6.93,1625449482.0,64.0
8.57,1625449482.0,64.0
9.64,1625449482.0,64.0
10.18,1625449482.0,64.0
10.36,1625449482.0,64.0
10.39,1625449482.0,64.0
10.48,1625449482.0,64.0
10.65,1625449482.0,64.0
10.81,1625449482.0,64.0
10.83,1625449482.0,64.0
10.59,1625449482.0,64.0
10.12,1625449482.0,64.0
9.55,1625449482.0,64.0
9.03,1625449482.0,64.0
8.58,1625449482.0,64.0
8.16,1625449482.0,64.0
7.61,1625449482.0,64.0
6.85,1625449482.0,64.0
5.89,1625449482.0,64.0
4.86,1625449482.0,64.0
3.92,1625449482.0,64.0
3.21,1625449482.0,64.0
2.77,1625449482.0,64.0
2.55,1625449482.0,64.0
2.45,1625449482.0,64.0
2.34,1625449482.0,64.0
2.14,1625449482.0,64.0
1.72,1625449482.0,64.0
0.96,1625449482.0,64.0
-0.24,1625449482.0,64.0
-1.95,1625449482.0,64.0
-4.18,1625449482.0,64.0
-6.81,1625449482.0,64.0
-9.62,1625449482.0,64.0
-12.26,1625449482.0,64.0
-14.34,1625449482.0,64.0
-15.53,1625449482.0,64.0
-15.57,1625449482.0,64.0
-14.43,1625449482.0,64.0
-12.27,1625449482.0,64.0
-9.42,1625449482.0,64.0
-6.24,1625449482.0,64.0
-3.05,1625449482.0,64.0
-0.04,1625449482.0,64.0
2.75,1625449482.0,64.0
5.34,1625449482.0,64.0
7.72,1625449482.0,64.0
9.83,1625449482.0,64.0
11.57,1625449482.0,64.0
12.86,1625449482.0,64.0
13.69,1625449482.0,64.0
14.18,1625449482.0,64.0
14.44,1625449482.0,64.0
14.56,1625449482.0,64.0
14.53,1625449482.0,64.0
14.27,1625449482.0,64.0
13.74,1625449482.0,64.0
12.92,1625449482.0,64.0
11.91,1625449482.0,64.0
10.81,1625449482.0,64.0
9.73,1625449482.0,64.0
8.66,1625449482.0,64.0
7.59,1625449482.0,64.0
6.46,1625449482.0,64.0
5.21,1625449482.0,64.0
3.83,1625449482.0,64.0
2.34,1625449482.0,64.0
0.83,1625449482.0,64.0
-0.59,1625449482.0,64.0
-1.79,1625449482.0,64.0
-2.71,1625449482.0,64.0
-3.4,1625449482.0,64.0
-4.0,1625449482.0,64.0
-4.72,1625449482.0,64.0
-5.72,1625449482.0,64.0
-7.1,1625449482.0,64.0
-8.81,1625449482.0,64.0
-10.75,1625449482.0,64.0
-12.76,1625449482.0,64.0
-14.64,1625449482.0,64.0
-16.22,1625449482.0,64.0
-17.32,1625449482.0,64.0
-17.81,1625449482.0,64.0
-17.62,1625449482.0,64.0
-16.74,1625449482.0,64.0
-15.26,1625449482.0,64.0
-13.29,1625449482.0,64.0
-10.97,1625449482.0,64.0
-8.41,1625449482.0,64.0
-5.65,1625449482.0,64.0
-2.75,1625449482.0,64.0
0.23,1625449482.0,64.0
3.18,1625449482.0,64.0
5.91,1625449482.0,64.0
8.26,1625449482.0,64.0
10.08,1625449482.0,64.0
11.34,1625449482.0,64.0
12.11,1625449482.0,64.0
12.58,1625449482.0,64.0
12.92,1625449482.0,64.0
13.21,1625449482.0,64.0
13.37,1625449482.0,64.0
13.21,1625449482.0,64.0
12.57,1625449482.0,64.0
11.46,1625449482.0,64.0
10.05,1625449482.0,64.0
8.61,1625449482.0,64.0
7.45,1625449482.0,64.0
6.66,1625449482.0,64.0
6.14,1625449482.0,64.0
5.6,1625449482.0,64.0
4.83,1625449482.0,64.0
3.74,1625449482.0,64.0
2.48,1625449482.0,64.0
1.29,1625449482.0,64.0
0.36,1625449482.0,64.0
-0.33,1625449482.0,64.0
-1.0,1625449482.0,64.0
-1.94,1625449482.0,64.0
-3.34,1625449482.0,64.0
-5.16,1625449482.0,64.0
-7.18,1625449482.0,64.0
-9.12,1625449482.0,64.0
-10.83,1625449482.0,64.0
-12.3,1625449482.0,64.0
-13.62,1625449482.0,64.0
-14.9,1625449482.0,64.0
-16.09,1625449482.0,64.0
-17.0,1625449482.0,64.0
-17.41,1625449482.0,64.0
-17.16,1625449482.0,64.0
-16.23,1625449482.0,64.0
-14.72,1625449482.0,64.0
-12.74,1625449482.0,64.0
-10.35,1625449482.0,64.0
-7.53,1625449482.0,64.0
-4.27,1625449482.0,64.0
-0.65,1625449482.0,64.0
3.13,1625449482.0,64.0
6.74,1625449482.0,64.0
9.82,1625449482.0,64.0
12.09,1625449482.0,64.0
13.41,1625449482.0,64.0
13.8,1625449482.0,64.0
13.43,1625449482.0,64.0
12.58,1625449482.0,64.0
11.56,1625449482.0,64.0
10.59,1625449482.0,64.0
9.86,1625449482.0,64.0
9.38,1625449482.0,64.0
9.05,1625449482.0,64.0
8.66,1625449482.0,64.0
8.02,1625449482.0,64.0
7.02,1625449482.0,64.0
5.71,1625449482.0,64.0
4.28,1625449482.0,64.0
2.97,1625449482.0,64.0
1.99,1625449482.0,64.0
1.43,1625449482.0,64.0
1.21,1625449482.0,64.0
1.18,1625449482.0,64.0
1.13,1625449482.0,64.0
0.95,1625449482.0,64.0
0.59,1625449482.0,64.0
0.06,1625449482.0,64.0
-0.6,1625449482.0,64.0
-1.35,1625449482.0,64.0
-2.18,1625449482.0,64.0
-3.09,1625449482.0,64.0
-4.04,1625449482.0,64.0
-5.05,1625449482.0,64.0
-6.18,1625449482.0,64.0
-7.54,1625449482.0,64.0
-9.24,1625449482.0,64.0
-11.28,1625449482.0,64.0
-13.45,1625449482.0,64.0
-15.41,1625449482.0,64.0
-16.74,1625449482.0,64.0
-17.09,1625449482.0,64.0
-16.34,1625449482.0,64.0
-14.57,1625449482.0,64.0
-12.04,1625449482.0,64.0
-9.04,1625449482.0,64.0
-5.84,1625449482.0,64.0
-2.61,1625449482.0,64.0
0.48,1625449482.0,64.0
3.29,1625449482.0,64.0
5.65,1625449482.0,64.0
7.4,1625449482.0,64.0
8.51,1625449482.0,64.0
9.06,1625449482.0,64.0
9.25,1625449482.0,64.0
9.35,1625449482.0,64.0
9.53,1625449482.0,64.0
9.82,1625449482.0,64.0
10.08,1625449482.0,64.0
10.11,1625449482.0,64.0
9.76,1625449482.0,64.0
9.08,1625449482.0,64.0
8.25,1625449482.0,64.0
7.49,1625449482.0,64.0
6.95,1625449482.0,64.0
6.59,1625449482.0,64.0
6.22,1625449482.0,64.0
5.64,1625449482.0,64.0
4.73,1625449482.0,64.0
3.53,1625449482.0,64.0
2.18,1625449482.0,64.0
0.83,1625449482.0,64.0
-0.44,1625449482.0,64.0
-1.65,1625449482.0,64.0
-2.88,1625449482.0,64.0
-4.22,1625449482.0,64.0
-5.67,1625449482.0,64.0
-7.19,1625449482.0,64.0
-8.71,1625449482.0,64.0
-10.17,1625449482.0,64.0
-11.59,1625449482.0,64.0
-13.0,1625449482.0,64.0
-14.4,1625449482.0,64.0
-15.79,1625449482.0,64.0
-17.11,1625449482.0,64.0
-18.26,1625449482.0,64.0
-19.09,1625449482.0,64.0
-19.46,1625449482.0,64.0
-19.22,1625449482.0,64.0
-18.3,1625449482.0,64.0
-16.69,1625449482.0,64.0
-14.44,1625449482.0,64.0
-11.65,1625449482.0,64.0
-8.41,1625449482.0,64.0
-4.88,1625449482.0,64.0
-1.23,1625449482.0,64.0
2.29,1625449482.0,64.0
5.39,1625449482.0,64.0
7.77,1625449482.0,64.0
9.26,1625449482.0,64.0
9.87,1625449482.0,64.0
9.81,1625449482.0,64.0
9.44,1625449482.0,64.0
9.15,1625449482.0,64.0
9.17,1625449482.0,64.0
9.57,1625449482.0,64.0
10.18,1625449482.0,64.0
10.74,1625449482.0,64.0
10.97,1625449482.0,64.0
10.73,1625449482.0,64.0
10.07,1625449482.0,64.0
9.2,1625449482.0,64.0
8.38,1625449482.0,64.0
7.74,1625449482.0,64.0
7.29,1625449482.0,64.0
6.83,1625449482.0,64.0
6.15,1625449482.0,64.0
5.14,1625449482.0,64.0
3.82,1625449482.0,64.0
2.35,1625449482.0,64.0
0.92,1625449482.0,64.0
-0.39,1625449482.0,64.0
-1.61,1625449482.0,64.0
-2.77,1625449482.0,64.0
-3.96,1625449482.0,64.0
-5.15,1625449482.0,64.0
-6.28,1625449482.0,64.0
-7.35,1625449482.0,64.0
-8.38,1625449482.0,64.0
-9.48,1625449482.0,64.0
-10.69,1625449482.0,64.0
-11.91,1625449482.0,64.0
-12.95,1625449482.0,64.0
-13.53,1625449482.0,64.0
-13.49,1625449482.0,64.0
-12.72,1625449482.0,64.0
-11.29,1625449482.0,64.0
-9.29,1625449482.0,64.0
-6.8,1625449482.0,64.0
-3.92,1625449482.0,64.0
-0.75,1625449482.0,64.0
2.52,1625449482.0,64.0
5.64,1625449482.0,64.0
8.32,1625449482.0,64.0
10.36,1625449482.0,64.0
11.71,1625449482.0,64.0
12.53,1625449482.0,64.0
13.1,1625449482.0,64.0
13.72,1625449482.0,64.0
14.55,1625449482.0,64.0
15.6,1625449482.0,64.0
16.69,1625449482.0,64.0
17.56,1625449482.0,64.0
17.99,1625449482.0,64.0
17.84,1625449482.0,64.0
17.08,1625449482.0,64.0
15.7,1625449482.0,64.0
13.72,1625449482.0,64.0
11.18,1625449482.0,64.0
8.17,1625449482.0,64.0
4.92,1625449482.0,64.0
1.76,1625449482.0,64.0
-0.97,1625449482.0,64.0
-3.05,1625449482.0,64.0
-4.54,1625449482.0,64.0
-5.63,1625449482.0,64.0
-6.65,1625449482.0,64.0
-7.83,1625449482.0,64.0
-9.29,1625449482.0,64.0
-10.96,1625449482.0,64.0
-12.72,1625449482.0,64.0
-14.49,1625449482.0,64.0
-16.25,1625449482.0,64.0
-18.03,1625449482.0,64.0
-19.85,1625449482.0,64.0
-21.67,1625449482.0,64.0
-23.3,1625449482.0,64.0
-24.48,1625449482.0,64.0
-24.86,1625449482.0,64.0
-24.16,1625449482.0,64.0
-22.23,1625449482.0,64.0
-19.12,1625449482.0,64.0
-15.13,1625449482.0,64.0
-10.65,1625449482.0,64.0
-6.11,1625449482.0,64.0
-1.81,1625449482.0,64.0
2.09,1625449482.0,64.0
5.51,1625449482.0,64.0
8.44,1625449482.0,64.0
10.8,1625449482.0,64.0
12.56,1625449482.0,64.0
13.68,1625449482.0,64.0
14.3,1625449482.0,64.0
14.56,1625449482.0,64.0
14.67,1625449482.0,64.0
14.78,1625449482.0,64.0
14.93,1625449482.0,64.0
15.07,1625449482.0,64.0
15.08,1625449482.0,64.0
14.82,1625449482.0,64.0
14.2,1625449482.0,64.0
13.2,1625449482.0,64.0
11.88,1625449482.0,64.0
10.33,1625449482.0,64.0
8.73,1625449482.0,64.0
7.19,1625449482.0,64.0
5.8,1625449482.0,64.0
4.57,1625449482.0,64.0
3.47,1625449482.0,64.0
2.43,1625449482.0,64.0
1.47,1625449482.0,64.0
0.54,1625449482.0,64.0
-0.39,1625449482.0,64.0
-1.38,1625449482.0,64.0
-2.54,1625449482.0,64.0
-3.93,1625449482.0,64.0
-5.61,1625449482.0,64.0
-7.54,1625449482.0,64.0
-9.65,1625449482.0,64.0
-11.81,1625449482.0,64.0
-13.9,1625449482.0,64.0
-15.8,1625449482.0,64.0
-17.33,1625449482.0,64.0
-18.34,1625449482.0,64.0
-18.65,1625449482.0,64.0
-18.18,1625449482.0,64.0
-16.89,1625449482.0,64.0
-14.85,1625449482.0,64.0
-12.14,1625449482.0,64.0
-8.88,1625449482.0,64.0
-5.17,1625449482.0,64.0
-1.18,1625449482.0,64.0
2.86,1625449482.0,64.0
6.68,1625449482.0,64.0
9.94,1625449482.0,64.0
12.43,1625449482.0,64.0
14.04,1625449482.0,64.0
14.9,1625449482.0,64.0
15.23,1625449482.0,64.0
15.3,1625449482.0,64.0
15.32,1625449482.0,64.0
15.38,1625449482.0,64.0
15.47,1625449482.0,64.0
15.5,1625449482.0,64.0
15.39,1625449482.0,64.0
15.08,1625449482.0,64.0
14.61,1625449482.0,64.0
14.05,1625449482.0,64.0
13.48,1625449482.0,64.0
12.96,1625449482.0,64.0
12.49,1625449482.0,64.0
11.98,1625449482.0,64.0
11.34,1625449482.0,64.0
10.53,1625449482.0,64.0
9.58,1625449482.0,64.0
8.59,1625449482.0,64.0
7.69,1625449482.0,64.0
6.97,1625449482.0,64.0
6.4,1625449482.0,64.0
5.89,1625449482.0,64.0
5.28,1625449482.0,64.0
4.46,1625449482.0,64.0
3.3,1625449482.0,64.0
1.64,1625449482.0,64.0
-0.66,1625449482.0,64.0
-3.7,1625449482.0,64.0
-7.4,1625449482.0,64.0
-11.48,1625449482.0,64.0
-15.46,1625449482.0,64.0
-18.76,1625449482.0,64.0
-20.9,1625449482.0,64.0
-21.6,1625449482.0,64.0
-20.83,1625449482.0,64.0
-18.78,1625449482.0,64.0
-15.78,1625449482.0,64.0
-12.2,1625449482.0,64.0
-8.37,1625449482.0,64.0
-4.63,1625449482.0,64.0
-1.19,1625449482.0,64.0
1.78,1625449482.0,64.0
4.16,1625449482.0,64.0
5.98,1625449482.0,64.0
7.29,1625449482.0,64.0
8.18,1625449482.0,64.0
8.75,1625449482.0,64.0
9.12,1625449482.0,64.0
9.32,1625449482.0,64.0
9.41,1625449482.0,64.0
9.41,1625449482.0,64.0
9.35,1625449482.0,64.0
9.3,1625449482.0,64.0
9.34,1625449482.0,64.0
9.52,1625449482.0,64.0
9.88,1625449482.0,64.0
10.37,1625449482.0,64.0
10.93,1625449482.0,64.0
11.46,1625449482.0,64.0
11.83,1625449482.0,64.0
12.01,1625449482.0,64.0
12.02,1625449482.0,64.0
12.0,1625449482.0,64.0
12.16,1625449482.0,64.0
12.64,1625449482.0,64.0
13.45,1625449482.0,64.0
14.35,1625449482.0,64.0
14.91,1625449482.0,64.0
14.69,1625449482.0,64.0
13.45,1625449482.0,64.0
11.3,1625449482.0,64.0
8.65,1625449482.0,64.0
6.02,1625449482.0,64.0
3.77,1625449482.0,64.0
1.93,1625449482.0,64.0
0.32,1625449482.0,64.0
-1.27,1625449482.0,64.0
-2.86,1625449482.0,64.0
-4.18,1625449482.0,64.0
-4.79,1625449482.0,64.0
-4.31,1625449482.0,64.0
-2.54,1625449482.0,64.0
0.46,1625449482.0,64.0
4.42,1625449482.0,64.0
9.06,1625449482.0,64.0
14.15,1625449482.0,64.0
19.44,1625449482.0,64.0
24.67,1625449482.0,64.0
29.44,1625449482.0,64.0
33.29,1625449482.0,64.0
35.73,1625449482.0,64.0
36.5,1625449482.0,64.0
35.57,1625449482.0,64.0
33.26,1625449482.0,64.0
30.1,1625449482.0,64.0
26.67,1625449482.0,64.0
23.47,1625449482.0,64.0
20.72,1625449482.0,64.0
18.43,1625449482.0,64.0
16.33,1625449482.0,64.0
14.11,1625449482.0,64.0
11.45,1625449482.0,64.0
8.25,1625449482.0,64.0
4.64,1625449482.0,64.0
0.97,1625449482.0,64.0
-2.2,1625449482.0,64.0
-4.41,1625449482.0,64.0
-5.4,1625449482.0,64.0
-5.29,1625449482.0,64.0
-4.63,1625449482.0,64.0
-4.24,1625449482.0,64.0
-5.03,1625449482.0,64.0
-7.78,1625449482.0,64.0
-12.89,1625449482.0,64.0
-20.17,1625449482.0,64.0
-28.86,1625449482.0,64.0
-37.67,1625449482.0,64.0
-45.05,1625449482.0,64.0
-49.63,1625449482.0,64.0
-50.68,1625449482.0,64.0
-48.38,1625449482.0,64.0
-43.79,1625449482.0,64.0
-38.45,1625449482.0,64.0
-33.8,1625449482.0,64.0
-30.65,1625449482.0,64.0
-29.09,1625449482.0,64.0
-28.58,1625449482.0,64.0
-28.5,1625449482.0,64.0
-28.42,1625449482.0,64.0
-28.31,1625449482.0,64.0
-28.26,1625449482.0,64.0
-28.33,1625449482.0,64.0
-28.25,1625449482.0,64.0
-27.54,1625449482.0,64.0
-25.74,1625449482.0,64.0
-22.7,1625449482.0,64.0
-18.85,1625449482.0,64.0
-15.06,1625449482.0,64.0
-12.4,1625449482.0,64.0
-11.66,1625449482.0,64.0
-13.08,1625449482.0,64.0
-16.26,1625449482.0,64.0
-20.28,1625449482.0,64.0
-24.15,1625449482.0,64.0
-27.09,1625449482.0,64.0
-28.77,1625449482.0,64.0
-29.2,1625449482.0,64.0
-28.44,1625449482.0,64.0
-26.41,1625449482.0,64.0
-22.88,1625449482.0,64.0
-17.62,1625449482.0,64.0
-10.78,1625449482.0,64.0
-3.04,1625449482.0,64.0
4.44,1625449482.0,64.0
10.37,1625449482.0,64.0
13.69,1625449482.0,64.0
14.0,1625449482.0,64.0
11.63,1625449482.0,64.0
7.44,1625449482.0,64.0
2.53,1625449482.0,64.0
-2.13,1625449482.0,64.0
-5.94,1625449482.0,64.0
-8.75,1625449482.0,64.0
-10.78,1625449482.0,64.0
-12.44,1625449482.0,64.0
-14.1,1625449482.0,64.0
-15.95,1625449482.0,64.0
-17.96,1625449482.0,64.0
-19.87,1625449482.0,64.0
-21.32,1625449482.0,64.0
-21.94,1625449482.0,64.0
-21.51,1625449482.0,64.0
-19.91,1625449482.0,64.0
-17.24,1625449482.0,64.0
-13.64,1625449482.0,64.0
-9.32,1625449482.0,64.0
-4.46,1625449482.0,64.0
0.83,1625449482.0,64.0
6.4,1625449482.0,64.0
11.99,1625449482.0,64.0
17.19,1625449482.0,64.0
21.46,1625449482.0,64.0
24.28,1625449482.0,64.0
25.39,1625449482.0,64.0
24.86,1625449482.0,64.0
23.06,1625449482.0,64.0
20.45,1625449482.0,64.0
17.5,1625449482.0,64.0
14.6,1625449482.0,64.0
12.1,1625449482.0,64.0
10.34,1625449482.0,64.0
9.71,1625449482.0,64.0
10.43,1625449482.0,64.0
12.47,1625449482.0,64.0
15.39,1625449482.0,64.0
18.53,1625449482.0,64.0
21.13,1625449482.0,64.0
22.63,1625449482.0,64.0
22.83,1625449482.0,64.0
21.81,1625449482.0,64.0
19.91,1625449482.0,64.0
17.58,1625449482.0,64.0
15.21,1625449482.0,64.0
13.11,1625449482.0,64.0
11.41,1625449482.0,64.0
10.02,1625449482.0,64.0
8.64,1625449482.0,64.0
6.83,1625449482.0,64.0
4.18,1625449482.0,64.0
0.47,1625449482.0,64.0
-4.16,1625449482.0,64.0
-9.21,1625449482.0,64.0
-13.91,1625449482.0,64.0
-17.47,1625449482.0,64.0
-19.34,1625449482.0,64.0
-19.41,1625449482.0,64.0
-18.01,1625449482.0,64.0
-15.72,1625449482.0,64.0
-13.15,1625449482.0,64.0
-10.68,1625449482.0,64.0
-8.41,1625449482.0,64.0
-6.2,1625449482.0,64.0
-3.89,1625449482.0,64.0
-1.43,1625449482.0,64.0
1.01,1625449482.0,64.0
3.1,1625449482.0,64.0
4.46,1625449482.0,64.0
4.83,1625449482.0,64.0
4.09,1625449482.0,64.0
2.33,1625449482.0,64.0
-0.18,1625449482.0,64.0
-3.01,1625449482.0,64.0
-5.53,1625449482.0,64.0
-6.98,1625449482.0,64.0
-6.65,1625449482.0,64.0
-4.12,1625449482.0,64.0
0.43,1625449482.0,64.0
6.15,1625449482.0,64.0
11.7,1625449482.0,64.0
15.69,1625449482.0,64.0
17.15,1625449482.0,64.0
15.86,1625449482.0,64.0
12.4,1625449482.0,64.0
7.84,1625449482.0,64.0
3.28,1625449482.0,64.0
-0.44,1625449482.0,64.0
-3.02,1625449482.0,64.0
-4.58,1625449482.0,64.0
-5.48,1625449482.0,64.0
-6.14,1625449482.0,64.0
-6.88,1625449482.0,64.0
-7.87,1625449482.0,64.0
-9.14,1625449482.0,64.0
-10.59,1625449482.0,64.0
-11.94,1625449482.0,64.0
-12.83,1625449482.0,64.0
-12.85,1625449482.0,64.0
-11.64,1625449482.0,64.0
-9.11,1625449482.0,64.0
-5.47,1625449482.0,64.0
-1.2,1625449482.0,64.0
3.05,1625449482.0,64.0
6.68,1625449482.0,64.0
9.37,1625449482.0,64.0
11.09,1625449482.0,64.0
12.09,1625449482.0,64.0
12.72,1625449482.0,64.0
13.26,1625449482.0,64.0
13.8,1625449482.0,64.0
14.27,1625449482.0,64.0
14.51,1625449482.0,64.0
14.46,1625449482.0,64.0
14.22,1625449482.0,64.0
14.09,1625449482.0,64.0
14.44,1625449482.0,64.0
15.58,1625449482.0,64.0
17.46,1625449482.0,64.0
19.57,1625449482.0,64.0
21.02,1625449482.0,64.0
20.78,1625449482.0,64.0
18.05,1625449482.0,64.0
12.55,1625449482.0,64.0
4.66,1625449482.0,64.0
-4.75,1625449482.0,64.0
-14.5,1625449482.0,64.0
-23.43,1625449482.0,64.0
-30.6,1625449482.0,64.0
-35.37,1625449482.0,64.0
-37.5,1625449482.0,64.0
-37.05,1625449482.0,64.0
-34.36,1625449482.0,64.0
-30.01,1625449482.0,64.0
-24.63,1625449482.0,64.0
-18.85,1625449482.0,64.0
-13.16,1625449482.0,64.0
-7.85,1625449482.0,64.0
-3.06,1625449482.0,64.0
1.17,1625449482.0,64.0
4.87,1625449482.0,64.0
8.1,1625449482.0,64.0
10.94,1625449482.0,64.0
13.54,1625449482.0,64.0
16.08,1625449482.0,64.0
18.77,1625449482.0,64.0
21.77,1625449482.0,64.0
25.15,1625449482.0,64.0
28.76,1625449482.0,64.0
32.34,1625449482.0,64.0
35.51,1625449482.0,64.0
37.97,1625449482.0,64.0
39.55,1625449482.0,64.0
40.3,1625449482.0,64.0
40.39,1625449482.0,64.0
39.97,1625449482.0,64.0
39.13,1625449482.0,64.0
37.79,1625449482.0,64.0
35.88,1625449482.0,64.0
33.4,1625449482.0,64.0
30.54,1625449482.0,64.0
27.61,1625449482.0,64.0
24.88,1625449482.0,64.0
22.44,1625449482.0,64.0
20.16,1625449482.0,64.0
17.8,1625449482.0,64.0
15.14,1625449482.0,64.0
12.13,1625449482.0,64.0
8.93,1625449482.0,64.0
5.76,1625449482.0,64.0
2.72,1625449482.0,64.0
-0.21,1625449482.0,64.0
-3.23,1625449482.0,64.0
-6.51,1625449482.0,64.0
-10.11,1625449482.0,64.0
-13.95,1625449482.0,64.0
-17.81,1625449482.0,64.0
-21.49,1625449482.0,64.0
-24.89,1625449482.0,64.0
-27.99,1625449482.0,64.0
-30.79,1625449482.0,64.0
-33.24,1625449482.0,64.0
-35.16,1625449482.0,64.0
-36.28,1625449482.0,64.0
-36.33,1625449482.0,64.0
-35.13,1625449482.0,64.0
-32.68,1625449482.0,64.0
-29.24,1625449482.0,64.0
-25.21,1625449482.0,64.0
-21.06,1625449482.0,64.0
-17.2,1625449482.0,64.0
-13.84,1625449482.0,64.0
-11.0,1625449482.0,64.0
-8.54,1625449482.0,64.0
-6.27,1625449482.0,64.0
-4.06,1625449482.0,64.0
-1.9,1625449482.0,64.0
0.13,1625449482.0,64.0
1.99,1625449482.0,64.0
3.66,1625449482.0,64.0
5.2,1625449482.0,64.0
6.67,1625449482.0,64.0
8.12,1625449482.0,64.0
9.5,1625449482.0,64.0
10.71,1625449482.0,64.0
11.61,1625449482.0,64.0
12.09,1625449482.0,64.0
12.12,1625449482.0,64.0
11.67,1625449482.0,64.0
10.76,1625449482.0,64.0
9.4,1625449482.0,64.0
7.63,1625449482.0,64.0
5.53,1625449482.0,64.0
3.22,1625449482.0,64.0
0.82,1625449482.0,64.0
-1.54,1625449482.0,64.0
-3.8,1625449482.0,64.0
-5.95,1625449482.0,64.0
-8.04,1625449482.0,64.0
-10.13,1625449482.0,64.0
-12.26,1625449482.0,64.0
-14.44,1625449482.0,64.0
-16.63,1625449482.0,64.0
-18.74,1625449482.0,64.0
-20.63,1625449482.0,64.0
-22.11,1625449482.0,64.0
-22.99,1625449482.0,64.0
-23.05,1625449482.0,64.0
-22.12,1625449482.0,64.0
-20.16,1625449482.0,64.0
-17.19,1625449482.0,64.0
-13.39,1625449482.0,64.0
-8.95,1625449482.0,64.0
-4.14,1625449482.0,64.0
0.77,1625449482.0,64.0
5.53,1625449482.0,64.0
9.91,1625449482.0,64.0
13.66,1625449482.0,64.0
16.59,1625449482.0,64.0
18.54,1625449482.0,64.0
19.53,1625449482.0,64.0
19.75,1625449482.0,64.0
19.56,1625449482.0,64.0
19.32,1625449482.0,64.0
19.26,1625449482.0,64.0
19.36,1625449482.0,64.0
19.4,1625449482.0,64.0
19.07,1625449482.0,64.0
18.19,1625449482.0,64.0
16.81,1625449482.0,64.0
15.17,1625449482.0,64.0
13.58,1625449482.0,64.0
12.19,1625449482.0,64.0
10.96,1625449482.0,64.0
9.7,1625449482.0,64.0
8.25,1625449482.0,64.0
6.53,1625449482.0,64.0
4.66,1625449482.0,64.0
2.77,1625449482.0,64.0
0.97,1625449482.0,64.0
-0.74,1625449482.0,64.0
-2.48,1625449482.0,64.0
-4.39,1625449482.0,64.0
-6.55,1625449482.0,64.0
-8.96,1625449482.0,64.0
-11.57,1625449482.0,64.0
-14.27,1625449482.0,64.0
-16.96,1625449482.0,64.0
-19.58,1625449482.0,64.0
-22.09,1625449482.0,64.0
-24.41,1625449482.0,64.0
-26.36,1625449482.0,64.0
-27.68,1625449482.0,64.0
-28.09,1625449482.0,64.0
-27.32,1625449482.0,64.0
-25.29,1625449482.0,64.0
-22.12,1625449482.0,64.0
-18.12,1625449482.0,64.0
-13.65,1625449482.0,64.0
-9.04,1625449482.0,64.0
-4.46,1625449482.0,64.0
-0.01,1625449482.0,64.0
4.2,1625449482.0,64.0
8.01,1625449482.0,64.0
11.19,1625449482.0,64.0
13.6,1625449482.0,64.0
15.29,1625449482.0,64.0
16.5,1625449482.0,64.0
17.57,1625449482.0,64.0
18.72,1625449482.0,64.0
19.99,1625449482.0,64.0
21.16,1625449482.0,64.0
21.94,1625449482.0,64.0
22.11,1625449482.0,64.0
21.58,1625449482.0,64.0
20.45,1625449482.0,64.0
18.92,1625449482.0,64.0
17.19,1625449482.0,64.0
15.39,1625449482.0,64.0
13.61,1625449482.0,64.0
11.91,1625449482.0,64.0
10.26,1625449482.0,64.0
8.64,1625449482.0,64.0
7.0,1625449482.0,64.0
5.32,1625449482.0,64.0
3.63,1625449482.0,64.0
1.98,1625449482.0,64.0
0.39,1625449482.0,64.0
-1.15,1625449482.0,64.0
-2.7,1625449482.0,64.0
-4.28,1625449482.0,64.0
-5.85,1625449482.0,64.0
-7.28,1625449482.0,64.0
-8.44,1625449482.0,64.0
-9.32,1625449482.0,64.0
-10.05,1625449482.0,64.0
-10.89,1625449482.0,64.0
-12.05,1625449482.0,64.0
-13.53,1625449482.0,64.0
-15.05,1625449482.0,64.0
-16.13,1625449482.0,64.0
-16.31,1625449482.0,64.0
-15.33,1625449482.0,64.0
-13.26,1625449482.0,64.0
-10.42,1625449482.0,64.0
-7.21,1625449482.0,64.0
-3.99,1625449482.0,64.0
-0.91,1625449482.0,64.0
2.0,1625449482.0,64.0
4.73,1625449482.0,64.0
7.21,1625449482.0,64.0
9.32,1625449482.0,64.0
10.92,1625449482.0,64.0
12.01,1625449482.0,64.0
12.72,1625449482.0,64.0
13.3,1625449482.0,64.0
13.94,1625449482.0,64.0
14.74,1625449482.0,64.0
15.59,1625449482.0,64.0
16.29,1625449482.0,64.0
16.67,1625449482.0,64.0
16.64,1625449482.0,64.0
16.26,1625449482.0,64.0
15.66,1625449482.0,64.0
14.97,1625449482.0,64.0
14.25,1625449482.0,64.0
13.49,1625449482.0,64.0
12.6,1625449482.0,64.0
11.51,1625449482.0,64.0
10.21,1625449482.0,64.0
8.74,1625449482.0,64.0
7.22,1625449482.0,64.0
5.72,1625449482.0,64.0
4.35,1625449482.0,64.0
3.15,1625449482.0,64.0
2.14,1625449482.0,64.0
1.3,1625449482.0,64.0
0.61,1625449482.0,64.0
0.02,1625449482.0,64.0
-0.57,1625449482.0,64.0
-1.25,1625449482.0,64.0
-2.11,1625449482.0,64.0
-3.19,1625449482.0,64.0
-4.51,1625449482.0,64.0
-6.09,1625449482.0,64.0
-7.91,1625449482.0,64.0
-9.9,1625449482.0,64.0
-11.91,1625449482.0,64.0
-13.71,1625449482.0,64.0
-14.99,1625449482.0,64.0
-15.49,1625449482.0,64.0
-15.06,1625449482.0,64.0
-13.75,1625449482.0,64.0
-11.74,1625449482.0,64.0
-9.28,1625449482.0,64.0
-6.59,1625449482.0,64.0
-3.8,1625449482.0,64.0
-1.05,1625449482.0,64.0
1.53,1625449482.0,64.0
3.75,1625449482.0,64.0
5.43,1625449482.0,64.0
6.45,1625449482.0,64.0
6.82,1625449482.0,64.0
6.75,1625449482.0,64.0
6.52,1625449482.0,64.0
6.37,1625449482.0,64.0
6.47,1625449482.0,64.0
6.81,1625449482.0,64.0
7.27,1625449482.0,64.0
7.68,1625449482.0,64.0
7.9,1625449482.0,64.0
7.87,1625449482.0,64.0
7.6,1625449482.0,64.0
7.15,1625449482.0,64.0
6.53,1625449482.0,64.0
5.78,1625449482.0,64.0
4.89,1625449482.0,64.0
3.87,1625449482.0,64.0
2.74,1625449482.0,64.0
1.57,1625449482.0,64.0
0.39,1625449482.0,64.0
-0.77,1625449482.0,64.0
-1.88,1625449482.0,64.0
-2.95,1625449482.0,64.0
-3.95,1625449482.0,64.0
-4.86,1625449482.0,64.0
-5.65,1625449482.0,64.0
-6.31,1625449482.0,64.0
-6.9,1625449482.0,64.0
-7.45,1625449482.0,64.0
-8.04,1625449482.0,64.0
-8.71,1625449482.0,64.0
-9.49,1625449482.0,64.0
-10.37,1625449482.0,64.0
-11.33,1625449482.0,64.0
-12.33,1625449482.0,64.0
-13.26,1625449482.0,64.0
-13.97,1625449482.0,64.0
-14.26,1625449482.0,64.0
-14.0,1625449482.0,64.0
-13.17,1625449482.0,64.0
-11.85,1625449482.0,64.0
-10.24,1625449482.0,64.0
-8.49,1625449482.0,64.0
-6.69,1625449482.0,64.0
-4.84,1625449482.0,64.0
-2.92,1625449482.0,64.0
-0.98,1625449482.0,64.0
0.87,1625449482.0,64.0
2.45,1625449482.0,64.0
3.65,1625449482.0,64.0
4.45,1625449482.0,64.0
4.96,1625449482.0,64.0
5.33,1625449482.0,64.0
5.66,1625449482.0,64.0
5.98,1625449482.0,64.0
6.25,1625449482.0,64.0
6.43,1625449482.0,64.0
6.52,1625449482.0,64.0
6.59,1625449482.0,64.0
6.69,1625449482.0,64.0
6.79,1625449482.0,64.0
6.8,1625449482.0,64.0
6.59,1625449482.0,64.0
6.05,1625449482.0,64.0
5.14,1625449482.0,64.0
3.93,1625449482.0,64.0
2.51,1625449482.0,64.0
1.01,1625449482.0,64.0
-0.51,1625449482.0,64.0
-1.94,1625449482.0,64.0
-3.21,1625449482.0,64.0
-4.24,1625449482.0,64.0
-4.94,1625449482.0,64.0
-5.33,1625449482.0,64.0
-5.55,1625449482.0,64.0
-5.8,1625449482.0,64.0
-6.28,1625449482.0,64.0
-7.11,1625449482.0,64.0
-8.24,1625449482.0,64.0
-9.57,1625449482.0,64.0
-10.95,1625449482.0,64.0
-12.27,1625449482.0,64.0
-13.53,1625449482.0,64.0
-14.68,1625449482.0,64.0
-15.62,1625449482.0,64.0
-16.19,1625449482.0,64.0
-16.2,1625449482.0,64.0
-15.55,1625449482.0,64.0
-14.26,1625449482.0,64.0
-12.49,1625449482.0,64.0
-10.43,1625449482.0,64.0
-8.27,1625449482.0,64.0
-6.08,1625449482.0,64.0
-3.94,1625449482.0,64.0
-1.92,1625449482.0,64.0
-0.11,1625449482.0,64.0
1.38,1625449482.0,64.0
2.5,1625449482.0,64.0
3.23,1625449482.0,64.0
3.68,1625449482.0,64.0
3.94,1625449482.0,64.0
4.12,1625449482.0,64.0
4.32,1625449482.0,64.0
4.62,1625449482.0,64.0
5.11,1625449482.0,64.0
5.8,1625449482.0,64.0
6.63,1625449482.0,64.0
7.43,1625449482.0,64.0
7.96,1625449482.0,64.0
8.05,1625449482.0,64.0
7.61,1625449482.0,64.0
6.76,1625449482.0,64.0
5.67,1625449482.0,64.0
4.54,1625449482.0,64.0
3.43,1625449482.0,64.0
2.34,1625449482.0,64.0
1.24,1625449482.0,64.0
0.15,1625449482.0,64.0
-0.85,1625449482.0,64.0
-1.68,1625449482.0,64.0
-2.29,1625449482.0,64.0
-2.78,1625449482.0,64.0
-3.27,1625449482.0,64.0
-3.89,1625449482.0,64.0
-4.68,1625449482.0,64.0
-5.58,1625449482.0,64.0
-6.46,1625449482.0,64.0
-7.27,1625449482.0,64.0
-8.06,1625449482.0,64.0
-8.9,1625449482.0,64.0
-9.94,1625449482.0,64.0
-11.19,1625449482.0,64.0
-12.53,1625449482.0,64.0
-13.69,1625449482.0,64.0
-14.33,1625449482.0,64.0
-14.19,1625449482.0,64.0
-13.18,1625449482.0,64.0
-11.45,1625449482.0,64.0
-9.31,1625449482.0,64.0
-7.12,1625449482.0,64.0
-5.19,1625449482.0,64.0
-3.59,1625449482.0,64.0
-2.26,1625449482.0,64.0
-1.05,1625449482.0,64.0
0.15,1625449482.0,64.0
1.31,1625449482.0,64.0
2.36,1625449482.0,64.0
3.19,1625449482.0,64.0
3.76,1625449482.0,64.0
4.1,1625449482.0,64.0
4.27,1625449482.0,64.0
4.34,1625449482.0,64.0
4.34,1625449482.0,64.0
4.27,1625449482.0,64.0
4.18,1625449482.0,64.0
4.06,1625449482.0,64.0
3.98,1625449482.0,64.0
3.96,1625449482.0,64.0
3.99,1625449482.0,64.0
4.08,1625449482.0,64.0
4.21,1625449482.0,64.0
4.34,1625449482.0,64.0
4.35,1625449482.0,64.0
4.1,1625449482.0,64.0
3.44,1625449482.0,64.0
2.3,1625449482.0,64.0
0.75,1625449482.0,64.0
-1.03,1625449482.0,64.0
-2.78,1625449482.0,64.0
-4.25,1625449482.0,64.0
-5.34,1625449482.0,64.0
-6.11,1625449482.0,64.0
-6.75,1625449482.0,64.0
-7.52,1625449482.0,64.0
-8.6,1625449482.0,64.0
-10.01,1625449482.0,64.0
-11.66,1625449482.0,64.0
-13.39,1625449482.0,64.0
-15.0,1625449482.0,64.0
-16.31,1625449482.0,64.0
-17.16,1625449482.0,64.0
-17.44,1625449482.0,64.0
-17.07,1625449482.0,64.0
-16.01,1625449482.0,64.0
-14.33,1625449482.0,64.0
-12.17,1625449482.0,64.0
-9.69,1625449482.0,64.0
-7.07,1625449482.0,64.0
-4.41,1625449482.0,64.0
-1.8,1625449482.0,64.0
0.64,1625449482.0,64.0
2.76,1625449482.0,64.0
4.41,1625449482.0,64.0
5.52,1625449482.0,64.0
6.16,1625449482.0,64.0
6.56,1625449482.0,64.0
6.97,1625449482.0,64.0
7.55,1625449482.0,64.0
8.31,1625449482.0,64.0
9.09,1625449482.0,64.0
9.72,1625449482.0,64.0
10.06,1625449482.0,64.0
10.12,1625449482.0,64.0
9.99,1625449482.0,64.0
9.77,1625449482.0,64.0
9.48,1625449482.0,64.0
9.1,1625449482.0,64.0
8.56,1625449482.0,64.0
7.86,1625449482.0,64.0
7.05,1625449482.0,64.0
6.21,1625449482.0,64.0
5.42,1625449482.0,64.0
4.69,1625449482.0,64.0
3.96,1625449482.0,64.0
3.14,1625449482.0,64.0
2.19,1625449482.0,64.0
1.1,1625449482.0,64.0
-0.09,1625449482.0,64.0
-1.33,1625449482.0,64.0
-2.62,1625449482.0,64.0
-3.97,1625449482.0,64.0
-5.39,1625449482.0,64.0
-6.9,1625449482.0,64.0
-8.46,1625449482.0,64.0
-10.04,1625449482.0,64.0
-11.6,1625449482.0,64.0
-13.12,1625449482.0,64.0
-14.59,1625449482.0,64.0
-15.95,1625449482.0,64.0
-17.07,1625449482.0,64.0
-17.74,1625449482.0,64.0
-17.76,1625449482.0,64.0
-16.98,1625449482.0,64.0
-15.41,1625449482.0,64.0
-13.18,1625449482.0,64.0
-10.55,1625449482.0,64.0
-7.76,1625449482.0,64.0
-5.01,1625449482.0,64.0
-2.39,1625449482.0,64.0
0.03,1625449482.0,64.0
2.21,1625449482.0,64.0
4.03,1625449482.0,64.0
5.4,1625449482.0,64.0
6.29,1625449482.0,64.0
6.85,1625449482.0,64.0
7.34,1625449482.0,64.0
8.01,1625449482.0,64.0
9.03,1625449482.0,64.0
10.28,1625449482.0,64.0
11.46,1625449482.0,64.0
12.24,1625449482.0,64.0
12.43,1625449482.0,64.0
12.07,1625449482.0,64.0
11.36,1625449482.0,64.0
10.55,1625449482.0,64.0
9.78,1625449482.0,64.0
9.07,1625449482.0,64.0
8.35,1625449482.0,64.0
7.54,1625449482.0,64.0
6.59,1625449482.0,64.0
5.52,1625449482.0,64.0
4.36,1625449482.0,64.0
3.12,1625449482.0,64.0
1.79,1625449482.0,64.0
0.38,1625449482.0,64.0
-1.13,1625449482.0,64.0
-2.73,1625449482.0,64.0
-4.41,1625449482.0,64.0
-6.15,1625449482.0,64.0
-7.91,1625449482.0,64.0
-9.65,1625449482.0,64.0
-11.33,1625449482.0,64.0
-12.97,1625449482.0,64.0
-14.63,1625449482.0,64.0
-16.41,1625449482.0,64.0
-18.34,1625449482.0,64.0
-20.32,1625449482.0,64.0
-22.13,1625449482.0,64.0
-23.5,1625449482.0,64.0
-24.2,1625449482.0,64.0
-24.05,1625449482.0,64.0
-23.01,1625449482.0,64.0
-21.09,1625449482.0,64.0
-18.37,1625449482.0,64.0
-14.93,1625449482.0,64.0
-10.91,1625449482.0,64.0
-6.52,1625449482.0,64.0
-2.05,1625449482.0,64.0
2.18,1625449482.0,64.0
5.87,1625449482.0,64.0
8.84,1625449482.0,64.0
11.06,1625449482.0,64.0
12.71,1625449482.0,64.0
14.06,1625449482.0,64.0
15.41,1625449482.0,64.0
16.95,1625449482.0,64.0
18.67,1625449482.0,64.0
20.4,1625449482.0,64.0
21.85,1625449482.0,64.0
22.76,1625449482.0,64.0
23.02,1625449482.0,64.0
22.66,1625449482.0,64.0
21.82,1625449482.0,64.0
20.67,1625449482.0,64.0
19.29,1625449482.0,64.0
17.73,1625449482.0,64.0
16.0,1625449482.0,64.0
14.15,1625449482.0,64.0
12.32,1625449482.0,64.0
10.67,1625449482.0,64.0
9.31,1625449482.0,64.0
8.21,1625449482.0,64.0
7.25,1625449482.0,64.0
6.18,1625449482.0,64.0
4.87,1625449482.0,64.0
3.23,1625449482.0,64.0
1.36,1625449482.0,64.0
-0.63,1625449482.0,64.0
-2.64,1625449482.0,64.0
-4.68,1625449482.0,64.0
-6.8,1625449482.0,64.0
-9.07,1625449482.0,64.0
-11.51,1625449482.0,64.0
-14.03,1625449482.0,64.0
-16.48,1625449482.0,64.0
-18.65,1625449482.0,64.0
-20.31,1625449482.0,64.0
-21.27,1625449482.0,64.0
-21.33,1625449482.0,64.0
-20.43,1625449482.0,64.0
-18.63,1625449482.0,64.0
-16.13,1625449482.0,64.0
-13.18,1625449482.0,64.0
-10.06,1625449482.0,64.0
-6.97,1625449482.0,64.0
-4.01,1625449482.0,64.0
-1.3,1625449482.0,64.0
1.1,1625449482.0,64.0
3.13,1625449482.0,64.0
4.75,1625449482.0,64.0
6.02,1625449482.0,64.0
7.07,1625449482.0,64.0
8.03,1625449482.0,64.0
9.02,1625449482.0,64.0
10.01,1625449482.0,64.0
10.94,1625449482.0,64.0
11.71,1625449482.0,64.0
12.26,1625449482.0,64.0
12.56,1625449482.0,64.0
12.59,1625449482.0,64.0
12.33,1625449482.0,64.0
11.68,1625449482.0,64.0
10.64,1625449482.0,64.0
9.25,1625449482.0,64.0
7.65,1625449482.0,64.0
6.05,1625449482.0,64.0
4.6,1625449482.0,64.0
3.37,1625449482.0,64.0
2.34,1625449482.0,64.0
1.47,1625449482.0,64.0
0.71,1625449482.0,64.0
0.04,1625449482.0,64.0
-0.59,1625449482.0,64.0
-1.29,1625449482.0,64.0
-2.2,1625449482.0,64.0
-3.48,1625449482.0,64.0
-5.16,1625449482.0,64.0
-7.11,1625449482.0,64.0
-9.12,1625449482.0,64.0
-11.01,1625449482.0,64.0
-12.71,1625449482.0,64.0
-14.27,1625449482.0,64.0
-15.78,1625449482.0,64.0
-17.2,1625449482.0,64.0
-18.37,1625449482.0,64.0
-18.99,1625449482.0,64.0
-18.84,1625449482.0,64.0
-17.83,1625449482.0,64.0
-16.06,1625449482.0,64.0
-13.74,1625449482.0,64.0
-11.12,1625449482.0,64.0
-8.39,1625449482.0,64.0
-5.67,1625449482.0,64.0
-3.14,1625449482.0,64.0
-0.94,1625449482.0,64.0
0.76,1625449482.0,64.0
1.87,1625449482.0,64.0
2.49,1625449482.0,64.0
2.81,1625449482.0,64.0
3.06,1625449482.0,64.0
3.33,1625449482.0,64.0
3.55,1625449482.0,64.0
3.57,1625449482.0,64.0
3.25,1625449482.0,64.0
2.59,1625449482.0,64.0
1.77,1625449482.0,64.0
1.07,1625449482.0,64.0
0.68,1625449482.0,64.0
0.67,1625449482.0,64.0
0.95,1625449482.0,64.0
1.38,1625449482.0,64.0
1.86,1625449482.0,64.0
2.4,1625449482.0,64.0
2.99,1625449482.0,64.0
3.59,1625449482.0,64.0
4.07,1625449482.0,64.0
4.28,1625449482.0,64.0
4.12,1625449482.0,64.0
3.66,1625449482.0,64.0
3.08,1625449482.0,64.0
2.55,1625449482.0,64.0
2.15,1625449482.0,64.0
1.83,1625449482.0,64.0
1.42,1625449482.0,64.0
0.76,1625449482.0,64.0
-0.25,1625449482.0,64.0
-1.56,1625449482.0,64.0
-3.04,1625449482.0,64.0
-4.53,1625449482.0,64.0
-5.9,1625449482.0,64.0
-7.06,1625449482.0,64.0
-7.88,1625449482.0,64.0
-8.26,1625449482.0,64.0
-8.03,1625449482.0,64.0
-7.09,1625449482.0,64.0
-5.43,1625449482.0,64.0
-3.19,1625449482.0,64.0
-0.65,1625449482.0,64.0
1.88,1625449482.0,64.0
4.16,1625449482.0,64.0
6.08,1625449482.0,64.0
7.68,1625449482.0,64.0
9.06,1625449482.0,64.0
10.29,1625449482.0,64.0
11.37,1625449482.0,64.0
12.24,1625449482.0,64.0
12.88,1625449482.0,64.0
13.32,1625449482.0,64.0
13.65,1625449482.0,64.0
13.92,1625449482.0,64.0
14.14,1625449482.0,64.0
14.21,1625449482.0,64.0
14.03,1625449482.0,64.0
13.56,1625449482.0,64.0
12.8,1625449482.0,64.0
11.83,1625449482.0,64.0
10.71,1625449482.0,64.0
9.47,1625449482.0,64.0
8.09,1625449482.0,64.0
6.59,1625449482.0,64.0
5.03,1625449482.0,64.0
3.51,1625449482.0,64.0
2.09,1625449482.0,64.0
0.78,1625449482.0,64.0
-0.54,1625449482.0,64.0
-1.96,1625449482.0,64.0
-3.52,1625449482.0,64.0
-5.2,1625449482.0,64.0
-6.85,1625449482.0,64.0
-8.36,1625449482.0,64.0
-9.69,1625449482.0,64.0
-10.92,1625449482.0,64.0
-12.25,1625449482.0,64.0
-13.85,1625449482.0,64.0
-15.81,1625449482.0,64.0
-18.02,1625449482.0,64.0
-20.23,1625449482.0,64.0
-22.04,1625449482.0,64.0
-23.11,1625449482.0,64.0
-23.14,1625449482.0,64.0
-22.03,1625449482.0,64.0
-19.86,1625449482.0,64.0
-16.84,1625449482.0,64.0
-13.24,1625449482.0,64.0
-9.38,1625449482.0,64.0
-5.53,1625449482.0,64.0
-1.96,1625449482.0,64.0
1.08,1625449482.0,64.0
3.41,1625449482.0,64.0
4.93,1625449482.0,64.0
5.67,1625449482.0,64.0
5.81,1625449482.0,64.0
5.6,1625449482.0,64.0
5.36,1625449482.0,64.0
5.4,1625449482.0,64.0
5.95,1625449482.0,64.0
7.07,1625449482.0,64.0
8.72,1625449482.0,64.0
10.74,1625449482.0,64.0
13.03,1625449482.0,64.0
15.52,1625449482.0,64.0
18.24,1625449482.0,64.0
21.19,1625449482.0,64.0
24.22,1625449482.0,64.0
26.97,1625449482.0,64.0
28.9,1625449482.0,64.0
29.51,1625449482.0,64.0
28.53,1625449482.0,64.0
26.03,1625449482.0,64.0
22.42,1625449482.0,64.0
18.23,1625449482.0,64.0
13.99,1625449482.0,64.0
10.07,1625449482.0,64.0
6.68,1625449482.0,64.0
3.9,1625449482.0,64.0
1.74,1625449482.0,64.0
0.09,1625449482.0,64.0
-1.25,1625449482.0,64.0
-2.61,1625449482.0,64.0
-4.34,1625449482.0,64.0
-6.68,1625449482.0,64.0
-9.65,1625449482.0,64.0
-12.97,1625449482.0,64.0
-16.17,1625449482.0,64.0
-18.71,1625449482.0,64.0
-20.18,1625449482.0,64.0
-20.46,1625449482.0,64.0
-19.73,1625449482.0,64.0
-18.4,1625449482.0,64.0
-16.93,1625449482.0,64.0
-15.58,1625449482.0,64.0
-14.37,1625449482.0,64.0
-13.1,1625449482.0,64.0
-11.5,1625449482.0,64.0
-9.46,1625449482.0,64.0
-7.03,1625449482.0,64.0
-4.45,1625449482.0,64.0
-1.94,1625449482.0,64.0
0.37,1625449482.0,64.0
2.43,1625449482.0,64.0
4.26,1625449482.0,64.0
5.77,1625449482.0,64.0
6.85,1625449482.0,64.0
7.38,1625449482.0,64.0
7.3,1625449482.0,64.0
6.75,1625449482.0,64.0
5.97,1625449482.0,64.0
5.25,1625449482.0,64.0
4.8,1625449482.0,64.0
4.71,1625449482.0,64.0
4.92,1625449482.0,64.0
5.29,1625449482.0,64.0
5.66,1625449482.0,64.0
5.92,1625449482.0,64.0
5.97,1625449482.0,64.0
5.81,1625449482.0,64.0
5.48,1625449482.0,64.0
5.05,1625449482.0,64.0
4.58,1625449482.0,64.0
4.06,1625449482.0,64.0
3.45,1625449482.0,64.0
2.64,1625449482.0,64.0
1.55,1625449482.0,64.0
0.13,1625449482.0,64.0
-1.62,1625449482.0,64.0
-3.68,1625449482.0,64.0
-5.97,1625449482.0,64.0
-8.42,1625449482.0,64.0
-10.87,1625449482.0,64.0
-13.12,1625449482.0,64.0
-14.93,1625449482.0,64.0
-16.0,1625449482.0,64.0
-16.12,1625449482.0,64.0
-15.19,1625449482.0,64.0
-13.29,1625449482.0,64.0
-10.66,1625449482.0,64.0
-7.58,1625449482.0,64.0
-4.29,1625449482.0,64.0
-0.92,1625449482.0,64.0
2.46,1625449482.0,64.0
5.8,1625449482.0,64.0
9.03,1625449482.0,64.0
12.0,1625449482.0,64.0
14.6,1625449482.0,64.0
16.79,1625449482.0,64.0
18.62,1625449482.0,64.0
20.26,1625449482.0,64.0
21.84,1625449482.0,64.0
23.37,1625449482.0,64.0
24.76,1625449482.0,64.0
25.78,1625449482.0,64.0
26.24,1625449482.0,64.0
26.05,1625449482.0,64.0
25.27,1625449482.0,64.0
24.03,1625449482.0,64.0
22.48,1625449482.0,64.0
20.75,1625449482.0,64.0
18.85,1625449482.0,64.0
16.72,1625449482.0,64.0
14.3,1625449482.0,64.0
11.53,1625449482.0,64.0
8.49,1625449482.0,64.0
5.33,1625449482.0,64.0
2.27,1625449482.0,64.0
-0.49,1625449482.0,64.0
-2.83,1625449482.0,64.0
-4.74,1625449482.0,64.0
-6.36,1625449482.0,64.0
-7.88,1625449482.0,64.0
-9.52,1625449482.0,64.0
-11.4,1625449482.0,64.0
-13.62,1625449482.0,64.0
-16.17,1625449482.0,64.0
-19.02,1625449482.0,64.0
-22.08,1625449482.0,64.0
-25.22,1625449482.0,64.0
-28.2,1625449482.0,64.0
-30.7,1625449482.0,64.0
-32.31,1625449482.0,64.0
-32.66,1625449482.0,64.0
-31.51,1625449482.0,64.0
-28.88,1625449482.0,64.0
-25.02,1625449482.0,64.0
-20.36,1625449482.0,64.0
-15.34,1625449482.0,64.0
-10.32,1625449482.0,64.0
-5.51,1625449482.0,64.0
-1.08,1625449482.0,64.0
2.86,1625449482.0,64.0
6.18,1625449482.0,64.0
8.8,1625449482.0,64.0
10.73,1625449482.0,64.0
12.12,1625449482.0,64.0
13.2,1625449482.0,64.0
14.18,1625449482.0,64.0
15.14,1625449482.0,64.0
15.97,1625449482.0,64.0
16.49,1625449482.0,64.0
16.56,1625449482.0,64.0
16.15,1625449482.0,64.0
15.36,1625449482.0,64.0
14.33,1625449482.0,64.0
13.2,1625449482.0,64.0
12.01,1625449482.0,64.0
10.73,1625449482.0,64.0
9.27,1625449482.0,64.0
7.64,1625449482.0,64.0
5.89,1625449482.0,64.0
4.13,1625449482.0,64.0
2.49,1625449482.0,64.0
1.04,1625449482.0,64.0
-0.26,1625449482.0,64.0
-1.54,1625449482.0,64.0
-2.98,1625449482.0,64.0
-4.67,1625449482.0,64.0
-6.66,1625449482.0,64.0
-8.84,1625449482.0,64.0
-11.05,1625449482.0,64.0
-13.09,1625449482.0,64.0
-14.85,1625449482.0,64.0
-16.31,1625449482.0,64.0
-17.51,1625449482.0,64.0
-18.53,1625449482.0,64.0
-19.34,1625449482.0,64.0
-19.86,1625449482.0,64.0
-19.88,1625449482.0,64.0
-19.19,1625449482.0,64.0
-17.63,1625449482.0,64.0
-15.21,1625449482.0,64.0
-12.05,1625449482.0,64.0
-8.35,1625449482.0,64.0
-4.33,1625449482.0,64.0
-0.22,1625449482.0,64.0
3.75,1625449482.0,64.0
7.37,1625449482.0,64.0
10.42,1625449482.0,64.0
12.78,1625449482.0,64.0
14.4,1625449482.0,64.0
15.42,1625449482.0,64.0
16.05,1625449482.0,64.0
16.51,1625449482.0,64.0
16.95,1625449482.0,64.0
17.42,1625449482.0,64.0
17.86,1625449482.0,64.0
18.18,1625449482.0,64.0
18.24,1625449482.0,64.0
18.0,1625449482.0,64.0
17.42,1625449482.0,64.0
16.51,1625449482.0,64.0
15.33,1625449482.0,64.0
13.98,1625449482.0,64.0
12.57,1625449482.0,64.0
11.18,1625449482.0,64.0
9.87,1625449482.0,64.0
8.63,1625449482.0,64.0
7.42,1625449482.0,64.0
6.16,1625449482.0,64.0
4.83,1625449482.0,64.0
3.43,1625449482.0,64.0
1.99,1625449482.0,64.0
0.52,1625449482.0,64.0
-1.03,1625449482.0,64.0
-2.75,1625449482.0,64.0
-4.76,1625449482.0,64.0
-7.18,1625449482.0,64.0
-10.02,1625449482.0,64.0
-13.14,1625449482.0,64.0
-16.27,1625449482.0,64.0
-18.99,1625449482.0,64.0
-20.87,1625449482.0,64.0
-21.62,1625449482.0,64.0
-21.14,1625449482.0,64.0
-19.59,1625449482.0,64.0
-17.33,1625449482.0,64.0
-14.69,1625449482.0,64.0
-11.9,1625449482.0,64.0
-8.97,1625449482.0,64.0
-5.83,1625449482.0,64.0
-2.42,1625449482.0,64.0
1.12,1625449482.0,64.0
4.45,1625449482.0,64.0
7.22,1625449482.0,64.0
9.17,1625449482.0,64.0
10.35,1625449482.0,64.0
11.03,1625449482.0,64.0
11.56,1625449482.0,64.0
12.17,1625449482.0,64.0
12.87,1625449482.0,64.0
13.5,1625449482.0,64.0
13.87,1625449482.0,64.0
13.89,1625449482.0,64.0
13.67,1625449482.0,64.0
13.4,1625449482.0,64.0
13.22,1625449482.0,64.0
13.11,1625449482.0,64.0
12.95,1625449482.0,64.0
12.55,1625449482.0,64.0
11.83,1625449482.0,64.0
10.81,1625449482.0,64.0
9.59,1625449482.0,64.0
8.24,1625449482.0,64.0
6.75,1625449482.0,64.0
5.02,1625449482.0,64.0
2.98,1625449482.0,64.0
0.65,1625449482.0,64.0
-1.84,1625449482.0,64.0
-4.27,1625449482.0,64.0
-6.48,1625449482.0,64.0
-8.44,1625449482.0,64.0
-10.23,1625449482.0,64.0
-12.05,1625449482.0,64.0
-14.07,1625449482.0,64.0
-16.35,1625449482.0,64.0
-18.83,1625449482.0,64.0
-21.36,1625449482.0,64.0
-23.67,1625449482.0,64.0
-25.47,1625449482.0,64.0
-26.49,1625449482.0,64.0
-26.51,1625449482.0,64.0
-25.4,1625449482.0,64.0
-23.19,1625449482.0,64.0
-20.04,1625449482.0,64.0
-16.18,1625449482.0,64.0
-11.9,1625449482.0,64.0
-7.4,1625449482.0,64.0
-2.81,1625449482.0,64.0
1.8,1625449482.0,64.0
6.3,1625449482.0,64.0
10.49,1625449482.0,64.0
14.09,1625449482.0,64.0
16.81,1625449482.0,64.0
18.52,1625449482.0,64.0
19.31,1625449482.0,64.0
19.49,1625449482.0,64.0
19.45,1625449482.0,64.0
19.48,1625449482.0,64.0
19.7,1625449482.0,64.0
19.98,1625449482.0,64.0
20.11,1625449482.0,64.0
19.88,1625449482.0,64.0
19.2,1625449482.0,64.0
18.1,1625449482.0,64.0
16.73,1625449482.0,64.0
15.22,1625449482.0,64.0
13.63,1625449482.0,64.0
12.0,1625449482.0,64.0
10.35,1625449482.0,64.0
8.71,1625449482.0,64.0
7.19,1625449482.0,64.0
5.87,1625449482.0,64.0
4.71,1625449482.0,64.0
3.59,1625449482.0,64.0
2.27,1625449482.0,64.0
0.56,1625449482.0,64.0
-1.62,1625449482.0,64.0
-4.15,1625449482.0,64.0
-6.81,1625449482.0,64.0
-9.38,1625449482.0,64.0
-11.77,1625449482.0,64.0
-14.11,1625449482.0,64.0
-16.6,1625449482.0,64.0
-19.35,1625449482.0,64.0
-22.21,1625449482.0,64.0
-24.8,1625449482.0,64.0
-26.62,1625449482.0,64.0
-27.29,1625449482.0,64.0
-26.69,1625449482.0,64.0
-24.97,1625449482.0,64.0
-22.43,1625449482.0,64.0
-19.33,1625449482.0,64.0
-15.77,1625449482.0,64.0
-11.71,1625449482.0,64.0
-7.13,1625449482.0,64.0
-2.13,1625449482.0,64.0
3.01,1625449482.0,64.0
7.91,1625449482.0,64.0
12.17,1625449482.0,64.0
15.54,1625449482.0,64.0
17.98,1625449482.0,64.0
19.66,1625449482.0,64.0
20.86,1625449482.0,64.0
21.86,1625449482.0,64.0
22.85,1625449482.0,64.0
23.85,1625449482.0,64.0
24.7,1625449482.0,64.0
25.13,1625449482.0,64.0
24.92,1625449482.0,64.0
24.03,1625449482.0,64.0
22.57,1625449482.0,64.0
20.79,1625449482.0,64.0
18.9,1625449482.0,64.0
17.04,1625449482.0,64.0
15.18,1625449482.0,64.0
13.24,1625449482.0,64.0
11.17,1625449482.0,64.0
9.04,1625449482.0,64.0
7.03,1625449482.0,64.0
5.27,1625449482.0,64.0
3.84,1625449482.0,64.0
2.68,1625449482.0,64.0
1.65,1625449482.0,64.0
0.6,1625449482.0,64.0
-0.56,1625449482.0,64.0
-1.86,1625449482.0,64.0
-3.34,1625449482.0,64.0
-5.11,1625449482.0,64.0
-7.29,1625449482.0,64.0
-9.93,1625449482.0,64.0
-12.99,1625449482.0,64.0
-16.3,1625449482.0,64.0
-19.64,1625449482.0,64.0
-22.81,1625449482.0,64.0
-25.74,1625449482.0,64.0
-28.34,1625449482.0,64.0
-30.51,1625449482.0,64.0
-32.01,1625449482.0,64.0
-32.5,1625449482.0,64.0
-31.67,1625449482.0,64.0
-29.45,1625449482.0,64.0
-25.97,1625449482.0,64.0
-21.59,1625449482.0,64.0
-16.7,1625449482.0,64.0
-11.58,1625449482.0,64.0
-6.41,1625449482.0,64.0
-1.31,1625449482.0,64.0
3.52,1625449482.0,64.0
7.76,1625449482.0,64.0
11.07,1625449482.0,64.0
13.31,1625449482.0,64.0
14.61,1625449482.0,64.0
15.35,1625449482.0,64.0
16.03,1625449482.0,64.0
16.93,1625449482.0,64.0
18.09,1625449482.0,64.0
19.27,1625449482.0,64.0
20.13,1625449482.0,64.0
20.44,1625449482.0,64.0
20.22,1625449482.0,64.0
19.66,1625449482.0,64.0
19.02,1625449482.0,64.0
18.48,1625449482.0,64.0
17.98,1625449482.0,64.0
17.32,1625449482.0,64.0
16.27,1625449482.0,64.0
14.69,1625449482.0,64.0
12.64,1625449482.0,64.0
10.33,1625449482.0,64.0
8.03,1625449482.0,64.0
5.93,1625449482.0,64.0
4.02,1625449482.0,64.0
2.13,1625449482.0,64.0
0.05,1625449482.0,64.0
-2.33,1625449482.0,64.0
-4.94,1625449482.0,64.0
-7.47,1625449482.0,64.0
-9.55,1625449482.0,64.0
-10.96,1625449482.0,64.0
-11.74,1625449482.0,64.0
-12.19,1625449482.0,64.0
-12.74,1625449482.0,64.0
-13.77,1625449482.0,64.0
-15.44,1625449482.0,64.0
-17.7,1625449482.0,64.0
-20.33,1625449482.0,64.0
-23.04,1625449482.0,64.0
-25.56,1625449482.0,64.0
-27.65,1625449482.0,64.0
-29.04,1625449482.0,64.0
-29.51,1625449482.0,64.0
-28.86,1625449482.0,64.0
-26.98,1625449482.0,64.0
-23.89,1625449482.0,64.0
-19.74,1625449482.0,64.0
-14.8,1625449482.0,64.0
-9.39,1625449482.0,64.0
-3.84,1625449482.0,64.0
1.54,1625449482.0,64.0
6.44,1625449482.0,64.0
10.63,1625449482.0,64.0
14.0,1625449482.0,64.0
16.59,1625449482.0,64.0
18.52,1625449482.0,64.0
20.02,1625449482.0,64.0
21.26,1625449482.0,64.0
22.32,1625449482.0,64.0
23.12,1625449482.0,64.0
23.51,1625449482.0,64.0
23.38,1625449482.0,64.0
22.71,1625449482.0,64.0
21.61,1625449482.0,64.0
20.26,1625449482.0,64.0
18.83,1625449482.0,64.0
17.38,1625449482.0,64.0
15.91,1625449482.0,64.0
14.34,1625449482.0,64.0
12.61,1625449482.0,64.0
10.73,1625449482.0,64.0
8.78,1625449482.0,64.0
6.83,1625449482.0,64.0
5.0,1625449482.0,64.0
3.34,1625449482.0,64.0
1.89,1625449482.0,64.0
0.66,1625449482.0,64.0
-0.39,1625449482.0,64.0
-1.32,1625449482.0,64.0
-2.21,1625449482.0,64.0
-3.13,1625449482.0,64.0
-4.15,1625449482.0,64.0
-5.37,1625449482.0,64.0
-6.85,1625449482.0,64.0
-8.64,1625449482.0,64.0
-10.76,1625449482.0,64.0
-13.17,1625449482.0,64.0
-15.83,1625449482.0,64.0
-18.64,1625449482.0,64.0
-21.5,1625449482.0,64.0
-24.24,1625449482.0,64.0
-26.63,1625449482.0,64.0
-28.4,1625449482.0,64.0
-29.26,1625449482.0,64.0
-28.99,1625449482.0,64.0
-27.51,1625449482.0,64.0
-24.85,1625449482.0,64.0
-21.17,1625449482.0,64.0
-16.73,1625449482.0,64.0
-11.79,1625449482.0,64.0
-6.61,1625449482.0,64.0
-1.44,1625449482.0,64.0
3.49,1625449482.0,64.0
7.99,1625449482.0,64.0
11.9,1625449482.0,64.0
15.11,1625449482.0,64.0
17.56,1625449482.0,64.0
19.28,1625449482.0,64.0
20.36,1625449482.0,64.0
20.95,1625449482.0,64.0
21.2,1625449482.0,64.0
21.25,1625449482.0,64.0
21.19,1625449482.0,64.0
21.06,1625449482.0,64.0
20.82,1625449482.0,64.0
20.46,1625449482.0,64.0
19.95,1625449482.0,64.0
19.27,1625449482.0,64.0
18.42,1625449482.0,64.0
17.37,1625449482.0,64.0
16.11,1625449482.0,64.0
14.65,1625449482.0,64.0
13.03,1625449482.0,64.0
11.32,1625449482.0,64.0
9.61,1625449482.0,64.0
7.99,1625449482.0,64.0
6.44,1625449482.0,64.0
4.89,1625449482.0,64.0
3.25,1625449482.0,64.0
1.4,1625449482.0,64.0
-0.71,1625449482.0,64.0
-3.05,1625449482.0,64.0
-5.54,1625449482.0,64.0
-8.04,1625449482.0,64.0
-10.44,1625449482.0,64.0
-12.69,1625449482.0,64.0
-14.82,1625449482.0,64.0
-16.88,1625449482.0,64.0
-18.95,1625449482.0,64.0
-21.11,1625449482.0,64.0
-23.39,1625449482.0,64.0
-25.76,1625449482.0,64.0
-28.01,1625449482.0,64.0
-29.83,1625449482.0,64.0
-30.86,1625449482.0,64.0
-30.76,1625449482.0,64.0
-29.38,1625449482.0,64.0
-26.8,1625449482.0,64.0
-23.28,1625449482.0,64.0
-19.17,1625449482.0,64.0
-14.77,1625449482.0,64.0
-10.25,1625449482.0,64.0
-5.67,1625449482.0,64.0
-1.07,1625449482.0,64.0
3.4,1625449482.0,64.0
7.51,1625449482.0,64.0
11.0,1625449482.0,64.0
13.71,1625449482.0,64.0
15.67,1625449482.0,64.0
17.04,1625449482.0,64.0
18.05,1625449482.0,64.0
18.82,1625449482.0,64.0
19.32,1625449482.0,64.0
19.42,1625449482.0,64.0
19.05,1625449482.0,64.0
18.28,1625449482.0,64.0
17.37,1625449482.0,64.0
16.59,1625449482.0,64.0
16.13,1625449482.0,64.0
15.93,1625449482.0,64.0
15.76,1625449482.0,64.0
15.32,1625449482.0,64.0
14.44,1625449482.0,64.0
13.08,1625449482.0,64.0
11.4,1625449482.0,64.0
9.61,1625449482.0,64.0
7.84,1625449482.0,64.0
6.14,1625449482.0,64.0
4.43,1625449482.0,64.0
2.57,1625449482.0,64.0
0.47,1625449482.0,64.0
-1.88,1625449482.0,64.0
-4.35,1625449482.0,64.0
-6.78,1625449482.0,64.0
-9.01,1625449482.0,64.0
-10.92,1625449482.0,64.0
-12.55,1625449482.0,64.0
-14.03,1625449482.0,64.0
-15.53,1625449482.0,64.0
-17.24,1625449482.0,64.0
-19.19,1625449482.0,64.0
-21.31,1625449482.0,64.0
-23.43,1625449482.0,64.0
-25.29,1625449482.0,64.0
-26.63,1625449482.0,64.0
-27.26,1625449482.0,64.0
-27.03,1625449482.0,64.0
-25.92,1625449482.0,64.0
-23.99,1625449482.0,64.0
-21.39,1625449482.0,64.0
-18.28,1625449482.0,64.0
-14.82,1625449482.0,64.0
-11.15,1625449482.0,64.0
-7.38,1625449482.0,64.0
-3.65,1625449482.0,64.0
-0.11,1625449482.0,64.0
3.11,1625449482.0,64.0
5.86,1625449482.0,64.0
8.1,1625449482.0,64.0
9.85,1625449482.0,64.0
11.25,1625449482.0,64.0
12.43,1625449482.0,64.0
13.53,1625449482.0,64.0
14.61,1625449482.0,64.0
15.67,1625449482.0,64.0
16.6,1625449482.0,64.0
17.29,1625449482.0,64.0
17.61,1625449482.0,64.0
17.45,1625449482.0,64.0
16.8,1625449482.0,64.0
15.71,1625449482.0,64.0
14.32,1625449482.0,64.0
12.81,1625449482.0,64.0
11.33,1625449482.0,64.0
9.94,1625449482.0,64.0
8.59,1625449482.0,64.0
7.17,1625449482.0,64.0
5.6,1625449482.0,64.0
3.89,1625449482.0,64.0
2.12,1625449482.0,64.0
0.45,1625449482.0,64.0
-1.0,1625449482.0,64.0
-2.22,1625449482.0,64.0
-3.31,1625449482.0,64.0
-4.44,1625449482.0,64.0
-5.71,1625449482.0,64.0
-7.18,1625449482.0,64.0
-8.81,1625449482.0,64.0
-10.58,1625449482.0,64.0
-12.49,1625449482.0,64.0
-14.65,1625449482.0,64.0
-17.08,1625449482.0,64.0
-19.68,1625449482.0,64.0
-22.21,1625449482.0,64.0
-24.25,1625449482.0,64.0
-25.45,1625449482.0,64.0
-25.62,1625449482.0,64.0
-24.78,1625449482.0,64.0
-23.13,1625449482.0,64.0
-20.88,1625449482.0,64.0
-18.15,1625449482.0,64.0
-14.95,1625449482.0,64.0
-11.29,1625449482.0,64.0
-7.3,1625449482.0,64.0
-3.25,1625449482.0,64.0
0.49,1625449482.0,64.0
3.63,1625449482.0,64.0
6.06,1625449482.0,64.0
7.89,1625449482.0,64.0
9.38,1625449482.0,64.0
10.71,1625449482.0,64.0
11.97,1625449482.0,64.0
13.11,1625449482.0,64.0
13.99,1625449482.0,64.0
14.54,1625449482.0,64.0
14.79,1625449482.0,64.0
14.84,1625449482.0,64.0
14.84,1625449482.0,64.0
14.86,1625449482.0,64.0
14.88,1625449482.0,64.0
14.79,1625449482.0,64.0
14.48,1625449482.0,64.0
13.85,1625449482.0,64.0
12.87,1625449482.0,64.0
11.59,1625449482.0,64.0
10.08,1625449482.0,64.0
8.42,1625449482.0,64.0
6.67,1625449482.0,64.0
4.85,1625449482.0,64.0
3.0,1625449482.0,64.0
1.15,1625449482.0,64.0
-0.63,1625449482.0,64.0
-2.29,1625449482.0,64.0
-3.76,1625449482.0,64.0
-5.05,1625449482.0,64.0
-6.25,1625449482.0,64.0
-7.53,1625449482.0,64.0
-9.05,1625449482.0,64.0
-10.95,1625449482.0,64.0
-13.21,1625449482.0,64.0
-15.64,1625449482.0,64.0
-17.89,1625449482.0,64.0
-19.56,1625449482.0,64.0
-20.32,1625449482.0,64.0
-20.01,1625449482.0,64.0
-18.63,1625449482.0,64.0
-16.36,1625449482.0,64.0
-13.41,1625449482.0,64.0
-9.97,1625449482.0,64.0
-6.15,1625449482.0,64.0
-2.09,1625449482.0,64.0
2.01,1625449482.0,64.0
5.87,1625449482.0,64.0
9.16,1625449482.0,64.0
11.67,1625449482.0,64.0
13.35,1625449482.0,64.0
14.39,1625449482.0,64.0
15.06,1625449482.0,64.0
15.61,1625449482.0,64.0
16.15,1625449482.0,64.0
16.65,1625449482.0,64.0
16.95,1625449482.0,64.0
16.96,1625449482.0,64.0
16.65,1625449482.0,64.0
16.1,1625449482.0,64.0
15.4,1625449482.0,64.0
14.63,1625449482.0,64.0
13.78,1625449482.0,64.0
12.76,1625449482.0,64.0
11.5,1625449482.0,64.0
9.94,1625449482.0,64.0
8.07,1625449482.0,64.0
5.97,1625449482.0,64.0
3.72,1625449482.0,64.0
1.44,1625449482.0,64.0
-0.72,1625449482.0,64.0
-2.64,1625449482.0,64.0
-4.27,1625449482.0,64.0
-5.66,1625449482.0,64.0
-6.99,1625449482.0,64.0
-8.51,1625449482.0,64.0
-10.43,1625449482.0,64.0
-12.88,1625449482.0,64.0
-15.78,1625449482.0,64.0
-18.91,1625449482.0,64.0
-21.96,1625449482.0,64.0
-24.67,1625449482.0,64.0
-26.81,1625449482.0,64.0
-28.23,1625449482.0,64.0
-28.78,1625449482.0,64.0
-28.36,1625449482.0,64.0
-26.89,1625449482.0,64.0
-24.37,1625449482.0,64.0
-20.94,1625449482.0,64.0
-16.79,1625449482.0,64.0
-12.2,1625449482.0,64.0
-7.38,1625449482.0,64.0
-2.54,1625449482.0,64.0
2.1,1625449482.0,64.0
6.38,1625449482.0,64.0
10.14,1625449482.0,64.0
13.25,1625449482.0,64.0
15.7,1625449482.0,64.0
17.55,1625449482.0,64.0
18.96,1625449482.0,64.0
20.05,1625449482.0,64.0
20.96,1625449482.0,64.0
21.74,1625449482.0,64.0
22.37,1625449482.0,64.0
22.8,1625449482.0,64.0
22.96,1625449482.0,64.0
22.77,1625449482.0,64.0
22.24,1625449482.0,64.0
21.39,1625449482.0,64.0
20.24,1625449482.0,64.0
18.8,1625449482.0,64.0
17.02,1625449482.0,64.0
14.87,1625449482.0,64.0
12.35,1625449482.0,64.0
9.55,1625449482.0,64.0
6.64,1625449482.0,64.0
3.87,1625449482.0,64.0
1.4,1625449482.0,64.0
-0.71,1625449482.0,64.0
-2.56,1625449482.0,64.0
-4.3,1625449482.0,64.0
-6.07,1625449482.0,64.0
-7.9,1625449482.0,64.0
-9.81,1625449482.0,64.0
-11.8,1625449482.0,64.0
-13.94,1625449482.0,64.0
-16.4,1625449482.0,64.0
-19.25,1625449482.0,64.0
-22.45,1625449482.0,64.0
-25.71,1625449482.0,64.0
-28.56,1625449482.0,64.0
-30.46,1625449482.0,64.0
-31.04,1625449482.0,64.0
-30.11,1625449482.0,64.0
-27.79,1625449482.0,64.0
-24.34,1625449482.0,64.0
-20.14,1625449482.0,64.0
-15.46,1625449482.0,64.0
-10.51,1625449482.0,64.0
-5.4,1625449482.0,64.0
-0.24,1625449482.0,64.0
4.82,1625449482.0,64.0
9.57,1625449482.0,64.0
13.79,1625449482.0,64.0
17.27,1625449482.0,64.0
19.91,1625449482.0,64.0
21.73,1625449482.0,64.0
22.86,1625449482.0,64.0
23.48,1625449482.0,64.0
23.72,1625449482.0,64.0
23.67,1625449482.0,64.0
23.35,1625449482.0,64.0
22.77,1625449482.0,64.0
21.94,1625449482.0,64.0
20.91,1625449482.0,64.0
19.75,1625449482.0,64.0
18.5,1625449482.0,64.0
17.19,1625449482.0,64.0
15.79,1625449482.0,64.0
14.27,1625449482.0,64.0
12.59,1625449482.0,64.0
10.73,1625449482.0,64.0
8.67,1625449482.0,64.0
6.46,1625449482.0,64.0
4.12,1625449482.0,64.0
1.72,1625449482.0,64.0
-0.71,1625449482.0,64.0
-3.13,1625449482.0,64.0
-5.52,1625449482.0,64.0
-7.87,1625449482.0,64.0
-10.21,1625449482.0,64.0
-12.55,1625449482.0,64.0
-14.96,1625449482.0,64.0
-17.49,1625449482.0,64.0
-20.17,1625449482.0,64.0
-22.92,1625449482.0,64.0
-25.51,1625449482.0,64.0
-27.57,1625449482.0,64.0
-28.72,1625449482.0,64.0
-28.66,1625449482.0,64.0
-27.3,1625449482.0,64.0
-24.74,1625449482.0,64.0
-21.2,1625449482.0,64.0
-16.94,1625449482.0,64.0
-12.16,1625449482.0,64.0
-7.01,1625449482.0,64.0
-1.65,1625449482.0,64.0
3.66,1625449482.0,64.0
8.6,1625449482.0,64.0
12.85,1625449482.0,64.0
16.18,1625449482.0,64.0
18.57,1625449482.0,64.0
20.15,1625449482.0,64.0
21.19,1625449482.0,64.0
21.98,1625449482.0,64.0
22.72,1625449482.0,64.0
23.5,1625449482.0,64.0
24.27,1625449482.0,64.0
24.93,1625449482.0,64.0
25.32,1625449482.0,64.0
25.33,1625449482.0,64.0
24.84,1625449482.0,64.0
23.83,1625449482.0,64.0
22.3,1625449482.0,64.0
20.32,1625449482.0,64.0
18.06,1625449482.0,64.0
15.69,1625449482.0,64.0
13.36,1625449482.0,64.0
11.18,1625449482.0,64.0
9.15,1625449482.0,64.0
7.18,1625449482.0,64.0
5.15,1625449482.0,64.0
2.97,1625449482.0,64.0
0.62,1625449482.0,64.0
-1.85,1625449482.0,64.0
-4.36,1625449482.0,64.0
-6.81,1625449482.0,64.0
-9.18,1625449482.0,64.0
-11.44,1625449482.0,64.0
-13.63,1625449482.0,64.0
-15.79,1625449482.0,64.0
-18.04,1625449482.0,64.0
-20.49,1625449482.0,64.0
-23.18,1625449482.0,64.0
-26.01,1625449482.0,64.0
-28.75,1625449482.0,64.0
-30.98,1625449482.0,64.0
-32.25,1625449482.0,64.0
-32.21,1625449482.0,64.0
-30.7,1625449482.0,64.0
-27.77,1625449482.0,64.0
-23.68,1625449482.0,64.0
-18.76,1625449482.0,64.0
-13.39,1625449482.0,64.0
-7.88,1625449482.0,64.0
-2.48,1625449482.0,64.0
2.56,1625449482.0,64.0
7.07,1625449482.0,64.0
10.9,1625449482.0,64.0
13.98,1625449482.0,64.0
16.32,1625449482.0,64.0
17.98,1625449482.0,64.0
19.09,1625449482.0,64.0
19.75,1625449482.0,64.0
20.12,1625449482.0,64.0
20.27,1625449482.0,64.0
20.25,1625449482.0,64.0
20.06,1625449482.0,64.0
19.67,1625449482.0,64.0
19.06,1625449482.0,64.0
18.22,1625449482.0,64.0
17.19,1625449482.0,64.0
16.05,1625449482.0,64.0
14.89,1625449482.0,64.0
13.76,1625449482.0,64.0
12.59,1625449482.0,64.0
11.24,1625449482.0,64.0
9.54,1625449482.0,64.0
7.46,1625449482.0,64.0
5.13,1625449482.0,64.0
2.79,1625449482.0,64.0
0.68,1625449482.0,64.0
-1.06,1625449482.0,64.0
-2.48,1625449482.0,64.0
-3.75,1625449482.0,64.0
-5.09,1625449482.0,64.0
-6.7,1625449482.0,64.0
-8.63,1625449482.0,64.0
-10.86,1625449482.0,64.0
-13.36,1625449482.0,64.0
-16.11,1625449482.0,64.0
-19.1,1625449482.0,64.0
-22.22,1625449482.0,64.0
-25.27,1625449482.0,64.0
-27.85,1625449482.0,64.0
-29.5,1625449482.0,64.0
-29.77,1625449482.0,64.0
-28.4,1625449482.0,64.0
-25.37,1625449482.0,64.0
-20.96,1625449482.0,64.0
-15.67,1625449482.0,64.0
-10.01,1625449482.0,64.0
-4.45,1625449482.0,64.0
0.7,1625449482.0,64.0
5.27,1625449482.0,64.0
9.13,1625449482.0,64.0
12.14,1625449482.0,64.0
14.24,1625449482.0,64.0
15.4,1625449482.0,64.0
15.8,1625449482.0,64.0
15.77,1625449482.0,64.0
15.7,1625449482.0,64.0
15.92,1625449482.0,64.0
16.56,1625449482.0,64.0
17.48,1625449482.0,64.0
18.42,1625449482.0,64.0
19.1,1625449482.0,64.0
19.31,1625449482.0,64.0
19.02,1625449482.0,64.0
18.26,1625449482.0,64.0
17.14,1625449482.0,64.0
15.72,1625449482.0,64.0
14.11,1625449482.0,64.0
12.39,1625449482.0,64.0
10.65,1625449482.0,64.0
8.95,1625449482.0,64.0
7.27,1625449482.0,64.0
5.57,1625449482.0,64.0
3.76,1625449482.0,64.0
1.84,1625449482.0,64.0
-0.13,1625449482.0,64.0
-2.03,1625449482.0,64.0
-3.77,1625449482.0,64.0
-5.36,1625449482.0,64.0
-6.87,1625449482.0,64.0
-8.47,1625449482.0,64.0
-10.31,1625449482.0,64.0
-12.51,1625449482.0,64.0
-15.08,1625449482.0,64.0
-17.88,1625449482.0,64.0
-20.62,1625449482.0,64.0
-22.88,1625449482.0,64.0
-24.2,1625449482.0,64.0
-24.23,1625449482.0,64.0
-22.85,1625449482.0,64.0
-20.16,1625449482.0,64.0
-16.5,1625449482.0,64.0
-12.21,1625449482.0,64.0
-7.59,1625449482.0,64.0
-2.89,1625449482.0,64.0
1.68,1625449482.0,64.0
5.86,1625449482.0,64.0
9.38,1625449482.0,64.0
12.0,1625449482.0,64.0
13.7,1625449482.0,64.0
14.69,1625449482.0,64.0
15.33,1625449482.0,64.0
15.96,1625449482.0,64.0
16.76,1625449482.0,64.0
17.67,1625449482.0,64.0
18.45,1625449482.0,64.0
18.84,1625449482.0,64.0
18.67,1625449482.0,64.0
17.97,1625449482.0,64.0
16.86,1625449482.0,64.0
15.52,1625449482.0,64.0
14.09,1625449482.0,64.0
12.61,1625449482.0,64.0
11.06,1625449482.0,64.0
9.44,1625449482.0,64.0
7.78,1625449482.0,64.0
6.17,1625449482.0,64.0
4.66,1625449482.0,64.0
3.18,1625449482.0,64.0
1.62,1625449482.0,64.0
-0.2,1625449482.0,64.0
-2.35,1625449482.0,64.0
-4.76,1625449482.0,64.0
-7.27,1625449482.0,64.0
-9.7,1625449482.0,64.0
-12.02,1625449482.0,64.0
-14.31,1625449482.0,64.0
-16.78,1625449482.0,64.0
-19.54,1625449482.0,64.0
-22.55,1625449482.0,64.0
-25.53,1625449482.0,64.0
-28.05,1625449482.0,64.0
-29.71,1625449482.0,64.0
-30.18,1625449482.0,64.0
-29.31,1625449482.0,64.0
-27.1,1625449482.0,64.0
-23.67,1625449482.0,64.0
-19.22,1625449482.0,64.0
-14.03,1625449482.0,64.0
-8.4,1625449482.0,64.0
-2.69,1625449482.0,64.0
2.74,1625449482.0,64.0
7.62,1625449482.0,64.0
11.78,1625449482.0,64.0
15.09,1625449482.0,64.0
17.57,1625449482.0,64.0
19.29,1625449482.0,64.0
20.35,1625449482.0,64.0
20.9,1625449482.0,64.0
21.14,1625449482.0,64.0
21.18,1625449482.0,64.0
21.13,1625449482.0,64.0
20.98,1625449482.0,64.0
20.64,1625449482.0,64.0
20.0,1625449482.0,64.0
18.97,1625449482.0,64.0
17.58,1625449482.0,64.0
15.89,1625449482.0,64.0
14.03,1625449482.0,64.0
11.99,1625449482.0,64.0
9.74,1625449482.0,64.0
7.17,1625449482.0,64.0
4.27,1625449482.0,64.0
1.22,1625449482.0,64.0
-1.7,1625449482.0,64.0
-4.17,1625449482.0,64.0
-6.05,1625449482.0,64.0
-7.46,1625449482.0,64.0
-8.68,1625449482.0,64.0
-10.02,1625449482.0,64.0
-11.69,1625449482.0,64.0
-13.69,1625449482.0,64.0
-15.92,1625449482.0,64.0
-18.29,1625449482.0,64.0
-20.77,1625449482.0,64.0
-23.39,1625449482.0,64.0
-26.12,1625449482.0,64.0
-28.79,1625449482.0,64.0
-31.06,1625449482.0,64.0
-32.49,1625449482.0,64.0
-32.73,1625449482.0,64.0
-31.62,1625449482.0,64.0
-29.27,1625449482.0,64.0
-25.94,1625449482.0,64.0
-21.94,1625449482.0,64.0
-17.48,1625449482.0,64.0
-12.65,1625449482.0,64.0
-7.42,1625449482.0,64.0
-1.8,1625449482.0,64.0
4.03,1625449482.0,64.0
9.69,1625449482.0,64.0
14.7,1625449482.0,64.0
18.67,1625449482.0,64.0
21.44,1625449482.0,64.0
23.19,1625449482.0,64.0
24.28,1625449482.0,64.0
25.1,1625449482.0,64.0
25.88,1625449482.0,64.0
26.66,1625449482.0,64.0
27.29,1625449482.0,64.0
27.58,1625449482.0,64.0
27.43,1625449482.0,64.0
26.86,1625449482.0,64.0
25.96,1625449482.0,64.0
24.84,1625449482.0,64.0
23.56,1625449482.0,64.0
22.1,1625449482.0,64.0
20.39,1625449482.0,64.0
18.37,1625449482.0,64.0
15.98,1625449482.0,64.0
13.3,1625449482.0,64.0
10.43,1625449482.0,64.0
7.54,1625449482.0,64.0
4.71,1625449482.0,64.0
1.97,1625449482.0,64.0
-0.7,1625449482.0,64.0
-3.36,1625449482.0,64.0
-5.99,1625449482.0,64.0
-8.57,1625449482.0,64.0
-11.02,1625449482.0,64.0
-13.32,1625449482.0,64.0
-15.5,1625449482.0,64.0
-17.68,1625449482.0,64.0
-20.02,1625449482.0,64.0
-22.65,1625449482.0,64.0
-25.67,1625449482.0,64.0
-29.01,1625449482.0,64.0
-32.51,1625449482.0,64.0
-35.86,1625449482.0,64.0
-38.63,1625449482.0,64.0
-40.41,1625449482.0,64.0
-40.82,1625449482.0,64.0
-39.72,1625449482.0,64.0
-37.15,1625449482.0,64.0
-33.36,1625449482.0,64.0
-28.62,1625449482.0,64.0
-23.19,1625449482.0,64.0
-17.25,1625449482.0,64.0
-10.88,1625449482.0,64.0
-4.22,1625449482.0,64.0
2.54,1625449482.0,64.0
9.07,1625449482.0,64.0
15.02,1625449482.0,64.0
20.02,1625449482.0,64.0
23.9,1625449482.0,64.0
26.64,1625449482.0,64.0
28.41,1625449482.0,64.0
29.49,1625449482.0,64.0
30.15,1625449482.0,64.0
30.54,1625449482.0,64.0
30.68,1625449482.0,64.0
30.45,1625449482.0,64.0
29.75,1625449482.0,64.0
28.54,1625449482.0,64.0
26.91,1625449482.0,64.0
25.09,1625449482.0,64.0
23.34,1625449482.0,64.0
21.77,1625449482.0,64.0
20.37,1625449482.0,64.0
18.97,1625449482.0,64.0
17.36,1625449482.0,64.0
15.42,1625449482.0,64.0
13.18,1625449482.0,64.0
10.81,1625449482.0,64.0
8.49,1625449482.0,64.0
6.36,1625449482.0,64.0
4.38,1625449482.0,64.0
2.48,1625449482.0,64.0
0.58,1625449482.0,64.0
-1.33,1625449482.0,64.0
-3.2,1625449482.0,64.0
-4.99,1625449482.0,64.0
-6.73,1625449482.0,64.0
-8.54,1625449482.0,64.0
-10.54,1625449482.0,64.0
-12.81,1625449482.0,64.0
-15.31,1625449482.0,64.0
-17.92,1625449482.0,64.0
-20.54,1625449482.0,64.0
-23.09,1625449482.0,64.0
-25.66,1625449482.0,64.0
-28.32,1625449482.0,64.0
-31.1,1625449482.0,64.0
-33.91,1625449482.0,64.0
-36.47,1625449482.0,64.0
-38.36,1625449482.0,64.0
-39.17,1625449482.0,64.0
-38.58,1625449482.0,64.0
-36.43,1625449482.0,64.0
-32.79,1625449482.0,64.0
-27.95,1625449482.0,64.0
-22.28,1625449482.0,64.0
-16.16,1625449482.0,64.0
-9.91,1625449482.0,64.0
-3.73,1625449482.0,64.0
2.18,1625449482.0,64.0
7.62,1625449482.0,64.0
12.37,1625449482.0,64.0
16.22,1625449482.0,64.0
19.12,1625449482.0,64.0
21.16,1625449482.0,64.0
22.63,1625449482.0,64.0
23.82,1625449482.0,64.0
24.9,1625449482.0,64.0
25.85,1625449482.0,64.0
26.5,1625449482.0,64.0
26.68,1625449482.0,64.0
26.35,1625449482.0,64.0
25.66,1625449482.0,64.0
24.82,1625449482.0,64.0
23.98,1625449482.0,64.0
23.1,1625449482.0,64.0
22.01,1625449482.0,64.0
20.51,1625449482.0,64.0
18.54,1625449482.0,64.0
16.21,1625449482.0,64.0
13.74,1625449482.0,64.0
11.36,1625449482.0,64.0
9.16,1625449482.0,64.0
7.14,1625449482.0,64.0
5.19,1625449482.0,64.0
3.23,1625449482.0,64.0
1.17,1625449482.0,64.0
-1.0,1625449482.0,64.0
-3.28,1625449482.0,64.0
-5.67,1625449482.0,64.0
-8.12,1625449482.0,64.0
-10.55,1625449482.0,64.0
-12.84,1625449482.0,64.0
-14.93,1625449482.0,64.0
-16.79,1625449482.0,64.0
-18.52,1625449482.0,64.0
-20.27,1625449482.0,64.0
-22.19,1625449482.0,64.0
-24.38,1625449482.0,64.0
-26.83,1625449482.0,64.0
-29.45,1625449482.0,64.0
-32.09,1625449482.0,64.0
-34.51,1625449482.0,64.0
-36.45,1625449482.0,64.0
-37.55,1625449482.0,64.0
-37.52,1625449482.0,64.0
-36.14,1625449482.0,64.0
-33.38,1625449482.0,64.0
-29.43,1625449482.0,64.0
-24.61,1625449482.0,64.0
-19.25,1625449482.0,64.0
-13.62,1625449482.0,64.0
-7.86,1625449482.0,64.0
-2.11,1625449482.0,64.0
3.42,1625449482.0,64.0
8.41,1625449482.0,64.0
12.51,1625449482.0,64.0
15.48,1625449482.0,64.0
17.34,1625449482.0,64.0
18.41,1625449482.0,64.0
19.08,1625449482.0,64.0
19.79,1625449482.0,64.0
20.7,1625449482.0,64.0
21.73,1625449482.0,64.0
22.67,1625449482.0,64.0
23.33,1625449482.0,64.0
23.6,1625449482.0,64.0
23.54,1625449482.0,64.0
23.26,1625449482.0,64.0
22.84,1625449482.0,64.0
22.24,1625449482.0,64.0
21.34,1625449482.0,64.0
20.01,1625449482.0,64.0
18.23,1625449482.0,64.0
16.15,1625449482.0,64.0
14.07,1625449482.0,64.0
12.28,1625449482.0,64.0
10.96,1625449482.0,64.0
10.07,1625449482.0,64.0
9.33,1625449482.0,64.0
8.38,1625449482.0,64.0
6.93,1625449482.0,64.0
4.92,1625449482.0,64.0
2.5,1625449482.0,64.0
-0.08,1625449482.0,64.0
-2.57,1625449482.0,64.0
-4.83,1625449482.0,64.0
-6.87,1625449482.0,64.0
-8.75,1625449482.0,64.0
-10.58,1625449482.0,64.0
-12.46,1625449482.0,64.0
-14.47,1625449482.0,64.0
-16.68,1625449482.0,64.0
-19.09,1625449482.0,64.0
-21.57,1625449482.0,64.0
-23.82,1625449482.0,64.0
-25.38,1625449482.0,64.0
-25.79,1625449482.0,64.0
-24.71,1625449482.0,64.0
-22.09,1625449482.0,64.0
-18.17,1625449482.0,64.0
-13.39,1625449482.0,64.0
-8.21,1625449482.0,64.0
-3.0,1625449482.0,64.0
2.02,1625449482.0,64.0
6.68,1625449482.0,64.0
10.81,1625449482.0,64.0
14.21,1625449482.0,64.0
16.66,1625449482.0,64.0
18.09,1625449482.0,64.0
18.61,1625449482.0,64.0
18.52,1625449482.0,64.0
18.22,1625449482.0,64.0
18.02,1625449482.0,64.0
18.03,1625449482.0,64.0
18.17,1625449482.0,64.0
18.24,1625449482.0,64.0
18.09,1625449482.0,64.0
17.65,1625449482.0,64.0
16.99,1625449482.0,64.0
16.2,1625449482.0,64.0
15.34,1625449482.0,64.0
14.39,1625449482.0,64.0
13.25,1625449482.0,64.0
11.87,1625449482.0,64.0
10.3,1625449482.0,64.0
8.66,1625449482.0,64.0
7.09,1625449482.0,64.0
5.7,1625449482.0,64.0
4.47,1625449482.0,64.0
3.28,1625449482.0,64.0
1.99,1625449482.0,64.0
0.48,1625449482.0,64.0
-1.19,1625449482.0,64.0
-2.94,1625449482.0,64.0
-4.67,1625449482.0,64.0
-6.36,1625449482.0,64.0
-8.09,1625449482.0,64.0
-9.98,1625449482.0,64.0
-12.13,1625449482.0,64.0
-14.57,1625449482.0,64.0
-17.25,1625449482.0,64.0
-20.03,1625449482.0,64.0
-22.71,1625449482.0,64.0
-25.14,1625449482.0,64.0
-27.18,1625449482.0,64.0
-28.73,1625449482.0,64.0
-29.72,1625449482.0,64.0
-30.04,1625449482.0,64.0
-29.55,1625449482.0,64.0
-28.06,1625449482.0,64.0
-25.44,1625449482.0,64.0
-21.67,1625449482.0,64.0
-16.93,1625449482.0,64.0
-11.53,1625449482.0,64.0
-5.88,1625449482.0,64.0
-0.32,1625449482.0,64.0
4.92,1625449482.0,64.0
9.71,1625449482.0,64.0
13.96,1625449482.0,64.0
17.54,1625449482.0,64.0
20.29,1625449482.0,64.0
22.13,1625449482.0,64.0
23.09,1625449482.0,64.0
23.35,1625449482.0,64.0
23.21,1625449482.0,64.0
22.92,1625449482.0,64.0
22.66,1625449482.0,64.0
22.42,1625449482.0,64.0
22.11,1625449482.0,64.0
21.61,1625449482.0,64.0
20.87,1625449482.0,64.0
19.91,1625449482.0,64.0
18.74,1625449482.0,64.0
17.42,1625449482.0,64.0
15.96,1625449482.0,64.0
14.34,1625449482.0,64.0
12.51,1625449482.0,64.0
10.45,1625449482.0,64.0
8.19,1625449482.0,64.0
5.81,1625449482.0,64.0
3.4,1625449482.0,64.0
1.06,1625449482.0,64.0
-1.16,1625449482.0,64.0
-3.25,1625449482.0,64.0
-5.22,1625449482.0,64.0
-7.09,1625449482.0,64.0
-8.87,1625449482.0,64.0
-10.54,1625449482.0,64.0
-12.09,1625449482.0,64.0
-13.6,1625449482.0,64.0
-15.19,1625449482.0,64.0
-17.05,1625449482.0,64.0
-19.36,1625449482.0,64.0
-22.15,1625449482.0,64.0
-25.3,1625449482.0,64.0
-28.43,1625449482.0,64.0
-31.05,1625449482.0,64.0
-32.67,1625449482.0,64.0
-32.94,1625449482.0,64.0
-31.74,1625449482.0,64.0
-29.24,1625449482.0,64.0
-25.72,1625449482.0,64.0
-21.53,1625449482.0,64.0
-16.91,1625449482.0,64.0
-11.97,1625449482.0,64.0
-6.78,1625449482.0,64.0
-1.45,1625449482.0,64.0
3.84,1625449482.0,64.0
8.77,1625449482.0,64.0
13.04,1625449482.0,64.0
16.43,1625449482.0,64.0
18.89,1625449482.0,64.0
20.55,1625449482.0,64.0
21.59,1625449482.0,64.0
22.25,1625449482.0,64.0
22.67,1625449482.0,64.0
22.97,1625449482.0,64.0
23.2,1625449482.0,64.0
23.39,1625449482.0,64.0
23.52,1625449482.0,64.0
23.53,1625449482.0,64.0
23.28,1625449482.0,64.0
22.62,1625449482.0,64.0
21.44,1625449482.0,64.0
19.69,1625449482.0,64.0
17.45,1625449482.0,64.0
14.88,1625449482.0,64.0
12.21,1625449482.0,64.0
9.66,1625449482.0,64.0
7.4,1625449482.0,64.0
5.45,1625449482.0,64.0
3.73,1625449482.0,64.0
2.05,1625449482.0,64.0
0.23,1625449482.0,64.0
-1.85,1625449482.0,64.0
-4.13,1625449482.0,64.0
-6.45,1625449482.0,64.0
-8.59,1625449482.0,64.0
-10.46,1625449482.0,64.0
-12.12,1625449482.0,64.0
-13.81,1625449482.0,64.0
-15.79,1625449482.0,64.0
-18.25,1625449482.0,64.0
-21.19,1625449482.0,64.0
-24.45,1625449482.0,64.0
-27.8,1625449482.0,64.0
-30.91,1625449482.0,64.0
-33.47,1625449482.0,64.0
-35.12,1625449482.0,64.0
-35.51,1625449482.0,64.0
-34.37,1625449482.0,64.0
-31.56,1625449482.0,64.0
-27.22,1625449482.0,64.0
-21.7,1625449482.0,64.0
-15.49,1625449482.0,64.0
-9.06,1625449482.0,64.0
-2.82,1625449482.0,64.0
2.95,1625449482.0,64.0
8.05,1625449482.0,64.0
12.27,1625449482.0,64.0
15.47,1625449482.0,64.0
17.58,1625449482.0,64.0
18.69,1625449482.0,64.0
19.04,1625449482.0,64.0
18.97,1625449482.0,64.0
18.83,1625449482.0,64.0
18.84,1625449482.0,64.0
19.07,1625449482.0,64.0
19.49,1625449482.0,64.0
19.96,1625449482.0,64.0
20.3,1625449482.0,64.0
20.38,1625449482.0,64.0
20.1,1625449482.0,64.0
19.39,1625449482.0,64.0
18.23,1625449482.0,64.0
16.62,1625449482.0,64.0
14.59,1625449482.0,64.0
12.24,1625449482.0,64.0
9.71,1625449482.0,64.0
7.16,1625449482.0,64.0
4.72,1625449482.0,64.0
2.49,1625449482.0,64.0
0.49,1625449482.0,64.0
-1.27,1625449482.0,64.0
-2.79,1625449482.0,64.0
-4.06,1625449482.0,64.0
-5.11,1625449482.0,64.0
-6.03,1625449482.0,64.0
-6.96,1625449482.0,64.0
-8.1,1625449482.0,64.0
-9.64,1625449482.0,64.0
-11.69,1625449482.0,64.0
-14.27,1625449482.0,64.0
-17.32,1625449482.0,64.0
-20.72,1625449482.0,64.0
-24.3,1625449482.0,64.0
-27.77,1625449482.0,64.0
-30.74,1625449482.0,64.0
-32.77,1625449482.0,64.0
-33.46,1625449482.0,64.0
-32.53,1625449482.0,64.0
-30.0,1625449482.0,64.0
-26.14,1625449482.0,64.0
-21.33,1625449482.0,64.0
-16.02,1625449482.0,64.0
-10.59,1625449482.0,64.0
-5.27,1625449482.0,64.0
-0.2,1625449482.0,64.0
4.48,1625449482.0,64.0
8.67,1625449482.0,64.0
12.21,1625449482.0,64.0
14.98,1625449482.0,64.0
16.97,1625449482.0,64.0
18.3,1625449482.0,64.0
19.15,1625449482.0,64.0
19.74,1625449482.0,64.0
20.24,1625449482.0,64.0
20.7,1625449482.0,64.0
21.11,1625449482.0,64.0
21.39,1625449482.0,64.0
21.48,1625449482.0,64.0
21.36,1625449482.0,64.0
20.99,1625449482.0,64.0
20.34,1625449482.0,64.0
19.36,1625449482.0,64.0
18.0,1625449482.0,64.0
16.23,1625449482.0,64.0
14.1,1625449482.0,64.0
11.67,1625449482.0,64.0
9.08,1625449482.0,64.0
6.43,1625449482.0,64.0
3.84,1625449482.0,64.0
1.34,1625449482.0,64.0
-1.08,1625449482.0,64.0
-3.45,1625449482.0,64.0
-5.81,1625449482.0,64.0
-8.15,1625449482.0,64.0
-10.45,1625449482.0,64.0
-12.65,1625449482.0,64.0
-14.75,1625449482.0,64.0
-16.79,1625449482.0,64.0
-18.9,1625449482.0,64.0
-21.2,1625449482.0,64.0
-23.78,1625449482.0,64.0
-26.58,1625449482.0,64.0
-29.38,1625449482.0,64.0
-31.84,1625449482.0,64.0
-33.56,1625449482.0,64.0
-34.19,1625449482.0,64.0
-33.52,1625449482.0,64.0
-31.49,1625449482.0,64.0
-28.27,1625449482.0,64.0
-24.09,1625449482.0,64.0
-19.27,1625449482.0,64.0
-14.02,1625449482.0,64.0
-8.56,1625449482.0,64.0
-3.06,1625449482.0,64.0
2.19,1625449482.0,64.0
6.89,1625449482.0,64.0
10.71,1625449482.0,64.0
13.48,1625449482.0,64.0
15.21,1625449482.0,64.0
16.18,1625449482.0,64.0
16.72,1625449482.0,64.0
17.18,1625449482.0,64.0
17.7,1625449482.0,64.0
18.28,1625449482.0,64.0
18.82,1625449482.0,64.0
19.2,1625449482.0,64.0
19.36,1625449482.0,64.0
19.27,1625449482.0,64.0
18.93,1625449482.0,64.0
18.3,1625449482.0,64.0
17.38,1625449482.0,64.0
16.18,1625449482.0,64.0
14.8,1625449482.0,64.0
13.36,1625449482.0,64.0
12.0,1625449482.0,64.0
10.75,1625449482.0,64.0
9.52,1625449482.0,64.0
8.2,1625449482.0,64.0
6.64,1625449482.0,64.0
4.84,1625449482.0,64.0
2.84,1625449482.0,64.0
0.81,1625449482.0,64.0
-1.13,1625449482.0,64.0
-2.92,1625449482.0,64.0
-4.62,1625449482.0,64.0
-6.31,1625449482.0,64.0
-8.11,1625449482.0,64.0
-10.08,1625449482.0,64.0
-12.23,1625449482.0,64.0
-14.54,1625449482.0,64.0
-16.95,1625449482.0,64.0
-19.3,1625449482.0,64.0
-21.31,1625449482.0,64.0
-22.64,1625449482.0,64.0
-22.91,1625449482.0,64.0
-21.88,1625449482.0,64.0
-19.52,1625449482.0,64.0
-15.98,1625449482.0,64.0
-11.61,1625449482.0,64.0
-6.77,1625449482.0,64.0
-1.81,1625449482.0,64.0
3.01,1625449482.0,64.0
7.45,1625449482.0,64.0
11.28,1625449482.0,64.0
14.32,1625449482.0,64.0
16.46,1625449482.0,64.0
17.73,1625449482.0,64.0
18.32,1625449482.0,64.0
18.52,1625449482.0,64.0
18.64,1625449482.0,64.0
18.91,1625449482.0,64.0
19.39,1625449482.0,64.0
19.96,1625449482.0,64.0
20.38,1625449482.0,64.0
20.4,1625449482.0,64.0
19.83,1625449482.0,64.0
18.65,1625449482.0,64.0
16.98,1625449482.0,64.0
15.05,1625449482.0,64.0
13.09,1625449482.0,64.0
11.25,1625449482.0,64.0
9.52,1625449482.0,64.0
7.84,1625449482.0,64.0
6.08,1625449482.0,64.0
4.16,1625449482.0,64.0
2.11,1625449482.0,64.0
-0.0,1625449482.0,64.0
-2.09,1625449482.0,64.0
-4.12,1625449482.0,64.0
-6.12,1625449482.0,64.0
-8.11,1625449482.0,64.0
-10.11,1625449482.0,64.0
-12.1,1625449482.0,64.0
-14.06,1625449482.0,64.0
-16.06,1625449482.0,64.0
-18.19,1625449482.0,64.0
-20.54,1625449482.0,64.0
-23.03,1625449482.0,64.0
-25.4,1625449482.0,64.0
-27.18,1625449482.0,64.0
-27.92,1625449482.0,64.0
-27.28,1625449482.0,64.0
-25.24,1625449482.0,64.0
-21.96,1625449482.0,64.0
-17.75,1625449482.0,64.0
-12.86,1625449482.0,64.0
-7.49,1625449482.0,64.0
-1.8,1625449482.0,64.0
3.94,1625449482.0,64.0
9.39,1625449482.0,64.0
14.13,1625449482.0,64.0
17.84,1625449482.0,64.0
20.39,1625449482.0,64.0
21.85,1625449482.0,64.0
22.48,1625449482.0,64.0
22.61,1625449482.0,64.0
22.54,1625449482.0,64.0
22.39,1625449482.0,64.0
22.18,1625449482.0,64.0
21.81,1625449482.0,64.0
21.15,1625449482.0,64.0
20.12,1625449482.0,64.0
18.71,1625449482.0,64.0
17.01,1625449482.0,64.0
15.14,1625449482.0,64.0
13.21,1625449482.0,64.0
11.25,1625449482.0,64.0
9.26,1625449482.0,64.0
7.21,1625449482.0,64.0
5.14,1625449482.0,64.0
3.12,1625449482.0,64.0
1.23,1625449482.0,64.0
-0.49,1625449482.0,64.0
-2.09,1625449482.0,64.0
-3.7,1625449482.0,64.0
-5.48,1625449482.0,64.0
-7.53,1625449482.0,64.0
-9.85,1625449482.0,64.0
-12.38,1625449482.0,64.0
-15.02,1625449482.0,64.0
-17.79,1625449482.0,64.0
-20.73,1625449482.0,64.0
-23.93,1625449482.0,64.0
-27.36,1625449482.0,64.0
-30.8,1625449482.0,64.0
-33.8,1625449482.0,64.0
-35.81,1625449482.0,64.0
-36.36,1625449482.0,64.0
-35.18,1625449482.0,64.0
-32.32,1625449482.0,64.0
-28.04,1625449482.0,64.0
-22.68,1625449482.0,64.0
-16.53,1625449482.0,64.0
-9.83,1625449482.0,64.0
-2.82,1625449482.0,64.0
4.17,1625449482.0,64.0
10.66,1625449482.0,64.0
16.06,1625449482.0,64.0
19.96,1625449482.0,64.0
22.23,1625449482.0,64.0
23.07,1625449482.0,64.0
22.96,1625449482.0,64.0
22.43,1625449482.0,64.0
21.86,1625449482.0,64.0
21.41,1625449482.0,64.0
21.08,1625449482.0,64.0
20.82,1625449482.0,64.0
20.59,1625449482.0,64.0
20.38,1625449482.0,64.0
20.14,1625449482.0,64.0
19.79,1625449482.0,64.0
19.21,1625449482.0,64.0
18.3,1625449482.0,64.0
17.03,1625449482.0,64.0
15.42,1625449482.0,64.0
13.55,1625449482.0,64.0
11.46,1625449482.0,64.0
9.2,1625449482.0,64.0
6.8,1625449482.0,64.0
4.31,1625449482.0,64.0
1.81,1625449482.0,64.0
-0.7,1625449482.0,64.0
-3.19,1625449482.0,64.0
-5.71,1625449482.0,64.0
-8.28,1625449482.0,64.0
-10.89,1625449482.0,64.0
-13.5,1625449482.0,64.0
-16.11,1625449482.0,64.0
-18.73,1625449482.0,64.0
-21.42,1625449482.0,64.0
-24.2,1625449482.0,64.0
-26.96,1625449482.0,64.0
-29.44,1625449482.0,64.0
-31.28,1625449482.0,64.0
-32.11,1625449482.0,64.0
-31.68,1625449482.0,64.0
-29.92,1625449482.0,64.0
-26.96,1625449482.0,64.0
-22.99,1625449482.0,64.0
-18.27,1625449482.0,64.0
-12.97,1625449482.0,64.0
-7.26,1625449482.0,64.0
-1.37,1625449482.0,64.0
4.4,1625449482.0,64.0
9.68,1625449482.0,64.0
14.13,1625449482.0,64.0
17.52,1625449482.0,64.0
19.85,1625449482.0,64.0
21.3,1625449482.0,64.0
22.15,1625449482.0,64.0
22.7,1625449482.0,64.0
23.15,1625449482.0,64.0
23.55,1625449482.0,64.0
23.84,1625449482.0,64.0
23.9,1625449482.0,64.0
23.63,1625449482.0,64.0
22.95,1625449482.0,64.0
21.9,1625449482.0,64.0
20.52,1625449482.0,64.0
18.91,1625449482.0,64.0
17.12,1625449482.0,64.0
15.2,1625449482.0,64.0
13.15,1625449482.0,64.0
11.0,1625449482.0,64.0
8.78,1625449482.0,64.0
6.53,1625449482.0,64.0
4.28,1625449482.0,64.0
2.06,1625449482.0,64.0
-0.14,1625449482.0,64.0
-2.29,1625449482.0,64.0
-4.36,1625449482.0,64.0
-6.34,1625449482.0,64.0
-8.22,1625449482.0,64.0
-10.06,1625449482.0,64.0
-12.0,1625449482.0,64.0
-14.17,1625449482.0,64.0
-16.73,1625449482.0,64.0
-19.73,1625449482.0,64.0
-23.14,1625449482.0,64.0
-26.77,1625449482.0,64.0
-30.34,1625449482.0,64.0
-33.45,1625449482.0,64.0
-35.67,1625449482.0,64.0
-36.62,1625449482.0,64.0
-36.04,1625449482.0,64.0
-33.82,1625449482.0,64.0
-30.05,1625449482.0,64.0
-25.01,1625449482.0,64.0
-19.05,1625449482.0,64.0
-12.61,1625449482.0,64.0
-6.09,1625449482.0,64.0
0.11,1625449482.0,64.0
5.68,1625449482.0,64.0
10.36,1625449482.0,64.0
14.0,1625449482.0,64.0
16.59,1625449482.0,64.0
18.25,1625449482.0,64.0
19.19,1625449482.0,64.0
19.74,1625449482.0,64.0
20.18,1625449482.0,64.0
20.75,1625449482.0,64.0
21.55,1625449482.0,64.0
22.5,1625449482.0,64.0
23.29,1625449482.0,64.0
23.62,1625449482.0,64.0
23.19,1625449482.0,64.0
21.96,1625449482.0,64.0
20.09,1625449482.0,64.0
17.87,1625449482.0,64.0
15.57,1625449482.0,64.0
13.33,1625449482.0,64.0
11.12,1625449482.0,64.0
8.86,1625449482.0,64.0
6.52,1625449482.0,64.0
4.2,1625449482.0,64.0
2.07,1625449482.0,64.0
0.28,1625449482.0,64.0
-1.17,1625449482.0,64.0
-2.41,1625449482.0,64.0
-3.62,1625449482.0,64.0
-4.98,1625449482.0,64.0
-6.54,1625449482.0,64.0
-8.22,1625449482.0,64.0
-9.85,1625449482.0,64.0
-11.35,1625449482.0,64.0
-12.73,1625449482.0,64.0
-14.18,1625449482.0,64.0
-15.94,1625449482.0,64.0
-18.14,1625449482.0,64.0
-20.7,1625449482.0,64.0
-23.23,1625449482.0,64.0
-25.14,1625449482.0,64.0
-25.85,1625449482.0,64.0
-25.02,1625449482.0,64.0
-22.64,1625449482.0,64.0
-19.04,1625449482.0,64.0
-14.67,1625449482.0,64.0
-9.94,1625449482.0,64.0
-5.11,1625449482.0,64.0
-0.32,1625449482.0,64.0
4.31,1625449482.0,64.0
8.58,1625449482.0,64.0
12.23,1625449482.0,64.0
15.05,1625449482.0,64.0
16.94,1625449482.0,64.0
18.04,1625449482.0,64.0
18.62,1625449482.0,64.0
19.01,1625449482.0,64.0
19.46,1625449482.0,64.0
20.04,1625449482.0,64.0
20.66,1625449482.0,64.0
21.11,1625449482.0,64.0
21.21,1625449482.0,64.0
20.82,1625449482.0,64.0
19.97,1625449482.0,64.0
18.78,1625449482.0,64.0
17.39,1625449482.0,64.0
15.94,1625449482.0,64.0
14.53,1625449482.0,64.0
13.2,1625449482.0,64.0
11.93,1625449482.0,64.0
10.67,1625449482.0,64.0
9.39,1625449482.0,64.0
8.07,1625449482.0,64.0
6.68,1625449482.0,64.0
5.22,1625449482.0,64.0
3.7,1625449482.0,64.0
2.11,1625449482.0,64.0
0.43,1625449482.0,64.0
-1.39,1625449482.0,64.0
-3.41,1625449482.0,64.0
-5.68,1625449482.0,64.0
-8.25,1625449482.0,64.0
-11.12,1625449482.0,64.0
-14.28,1625449482.0,64.0
-17.67,1625449482.0,64.0
-21.14,1625449482.0,64.0
-24.38,1625449482.0,64.0
-26.99,1625449482.0,64.0
-28.52,1625449482.0,64.0
-28.66,1625449482.0,64.0
-27.31,1625449482.0,64.0
-24.65,1625449482.0,64.0
-20.98,1625449482.0,64.0
-16.61,1625449482.0,64.0
-11.78,1625449482.0,64.0
-6.64,1625449482.0,64.0
-1.33,1625449482.0,64.0
3.91,1625449482.0,64.0
8.73,1625449482.0,64.0
12.78,1625449482.0,64.0
15.77,1625449482.0,64.0
17.63,1625449482.0,64.0
18.52,1625449482.0,64.0
18.76,1625449482.0,64.0
18.7,1625449482.0,64.0
18.67,1625449482.0,64.0
18.79,1625449482.0,64.0
19.05,1625449482.0,64.0
19.25,1625449482.0,64.0
19.18,1625449482.0,64.0
18.67,1625449482.0,64.0
17.66,1625449482.0,64.0
16.27,1625449482.0,64.0
14.63,1625449482.0,64.0
12.88,1625449482.0,64.0
11.08,1625449482.0,64.0
9.19,1625449482.0,64.0
7.18,1625449482.0,64.0
5.03,1625449482.0,64.0
2.76,1625449482.0,64.0
0.49,1625449482.0,64.0
-1.69,1625449482.0,64.0
-3.68,1625449482.0,64.0
-5.4,1625449482.0,64.0
-6.86,1625449482.0,64.0
-8.15,1625449482.0,64.0
-9.42,1625449482.0,64.0
-10.81,1625449482.0,64.0
-12.43,1625449482.0,64.0
-14.35,1625449482.0,64.0
-16.56,1625449482.0,64.0
-19.07,1625449482.0,64.0
-21.83,1625449482.0,64.0
-24.73,1625449482.0,64.0
-27.52,1625449482.0,64.0
-29.78,1625449482.0,64.0
-31.04,1625449482.0,64.0
-30.89,1625449482.0,64.0
-29.18,1625449482.0,64.0
-26.06,1625449482.0,64.0
-21.89,1625449482.0,64.0
-17.1,1625449482.0,64.0
-12.0,1625449482.0,64.0
-6.79,1625449482.0,64.0
-1.55,1625449482.0,64.0
3.61,1625449482.0,64.0
8.51,1625449482.0,64.0
12.84,1625449482.0,64.0
16.35,1625449482.0,64.0
18.87,1625449482.0,64.0
20.44,1625449482.0,64.0
21.27,1625449482.0,64.0
21.64,1625449482.0,64.0
21.82,1625449482.0,64.0
21.93,1625449482.0,64.0
21.97,1625449482.0,64.0
21.84,1625449482.0,64.0
21.44,1625449482.0,64.0
20.75,1625449482.0,64.0
19.83,1625449482.0,64.0
18.72,1625449482.0,64.0
17.42,1625449482.0,64.0
15.8,1625449482.0,64.0
13.78,1625449482.0,64.0
11.32,1625449482.0,64.0
8.55,1625449482.0,64.0
5.72,1625449482.0,64.0
3.13,1625449482.0,64.0
0.94,1625449482.0,64.0
-0.81,1625449482.0,64.0
-2.27,1625449482.0,64.0
-3.63,1625449482.0,64.0
-5.02,1625449482.0,64.0
-6.49,1625449482.0,64.0
-8.01,1625449482.0,64.0
-9.53,1625449482.0,64.0
-11.02,1625449482.0,64.0
-12.54,1625449482.0,64.0
-14.2,1625449482.0,64.0
-16.11,1625449482.0,64.0
-18.36,1625449482.0,64.0
-20.95,1625449482.0,64.0
-23.77,1625449482.0,64.0
-26.59,1625449482.0,64.0
-29.09,1625449482.0,64.0
-30.93,1625449482.0,64.0
-31.79,1625449482.0,64.0
-31.39,1625449482.0,64.0
-29.56,1625449482.0,64.0
-26.28,1625449482.0,64.0
-21.72,1625449482.0,64.0
-16.16,1625449482.0,64.0
-9.98,1625449482.0,64.0
-3.61,1625449482.0,64.0
2.63,1625449482.0,64.0
8.4,1625449482.0,64.0
13.47,1625449482.0,64.0
17.64,1625449482.0,64.0
20.7,1625449482.0,64.0
22.63,1625449482.0,64.0
23.54,1625449482.0,64.0
23.74,1625449482.0,64.0
23.6,1625449482.0,64.0
23.45,1625449482.0,64.0
23.45,1625449482.0,64.0
23.53,1625449482.0,64.0
23.52,1625449482.0,64.0
23.23,1625449482.0,64.0
22.56,1625449482.0,64.0
21.56,1625449482.0,64.0
20.27,1625449482.0,64.0
18.77,1625449482.0,64.0
17.05,1625449482.0,64.0
15.1,1625449482.0,64.0
12.95,1625449482.0,64.0
10.74,1625449482.0,64.0
8.64,1625449482.0,64.0
6.78,1625449482.0,64.0
5.21,1625449482.0,64.0
3.79,1625449482.0,64.0
2.3,1625449482.0,64.0
0.57,1625449482.0,64.0
-1.5,1625449482.0,64.0
-3.86,1625449482.0,64.0
-6.36,1625449482.0,64.0
-8.87,1625449482.0,64.0
-11.29,1625449482.0,64.0
-13.62,1625449482.0,64.0
-15.92,1625449482.0,64.0
-18.27,1625449482.0,64.0
-20.76,1625449482.0,64.0
-23.45,1625449482.0,64.0
-26.37,1625449482.0,64.0
-29.41,1625449482.0,64.0
-32.3,1625449482.0,64.0
-34.64,1625449482.0,64.0
-35.98,1625449482.0,64.0
-35.91,1625449482.0,64.0
-34.24,1625449482.0,64.0
-31.06,1625449482.0,64.0
-26.66,1625449482.0,64.0
-21.43,1625449482.0,64.0
-15.68,1625449482.0,64.0
-9.63,1625449482.0,64.0
-3.46,1625449482.0,64.0
2.6,1625449482.0,64.0
8.21,1625449482.0,64.0
13.03,1625449482.0,64.0
16.78,1625449482.0,64.0
19.4,1625449482.0,64.0
21.05,1625449482.0,64.0
22.04,1625449482.0,64.0
22.64,1625449482.0,64.0
23.07,1625449482.0,64.0
23.34,1625449482.0,64.0
23.41,1625449482.0,64.0
23.24,1625449482.0,64.0
22.79,1625449482.0,64.0
22.13,1625449482.0,64.0
21.28,1625449482.0,64.0
20.27,1625449482.0,64.0
19.07,1625449482.0,64.0
17.66,1625449482.0,64.0
16.04,1625449482.0,64.0
14.26,1625449482.0,64.0
12.4,1625449482.0,64.0
10.56,1625449482.0,64.0
8.8,1625449482.0,64.0
7.08,1625449482.0,64.0
5.32,1625449482.0,64.0
3.37,1625449482.0,64.0
1.17,1625449482.0,64.0
-1.33,1625449482.0,64.0
-4.06,1625449482.0,64.0
-6.93,1625449482.0,64.0
-9.83,1625449482.0,64.0
-12.7,1625449482.0,64.0
-15.49,1625449482.0,64.0
-18.16,1625449482.0,64.0
-20.72,1625449482.0,64.0
-23.14,1625449482.0,64.0
-25.49,1625449482.0,64.0
-27.88,1625449482.0,64.0
-30.39,1625449482.0,64.0
-32.97,1625449482.0,64.0
-35.36,1625449482.0,64.0
-37.1,1625449482.0,64.0
-37.66,1625449482.0,64.0
-36.73,1625449482.0,64.0
-34.25,1625449482.0,64.0
-30.53,1625449482.0,64.0
-26.01,1625449482.0,64.0
-21.13,1625449482.0,64.0
-16.14,1625449482.0,64.0
-11.14,1625449482.0,64.0
-6.16,1625449482.0,64.0
-1.28,1625449482.0,64.0
3.26,1625449482.0,64.0
7.17,1625449482.0,64.0
10.24,1625449482.0,64.0
12.43,1625449482.0,64.0
13.9,1625449482.0,64.0
14.92,1625449482.0,64.0
15.74,1625449482.0,64.0
16.5,1625449482.0,64.0
17.24,1625449482.0,64.0
17.92,1625449482.0,64.0
18.49,1625449482.0,64.0
18.91,1625449482.0,64.0
19.13,1625449482.0,64.0
19.1,1625449482.0,64.0
18.72,1625449482.0,64.0
17.89,1625449482.0,64.0
16.57,1625449482.0,64.0
14.83,1625449482.0,64.0
12.83,1625449482.0,64.0
10.79,1625449482.0,64.0
8.88,1625449482.0,64.0
7.17,1625449482.0,64.0
5.62,1625449482.0,64.0
4.14,1625449482.0,64.0
2.66,1625449482.0,64.0
1.12,1625449482.0,64.0
-0.45,1625449482.0,64.0
-2.05,1625449482.0,64.0
-3.73,1625449482.0,64.0
-5.53,1625449482.0,64.0
-7.48,1625449482.0,64.0
-9.52,1625449482.0,64.0
-11.56,1625449482.0,64.0
-13.48,1625449482.0,64.0
-15.3,1625449482.0,64.0
-17.1,1625449482.0,64.0
-19.02,1625449482.0,64.0
-21.09,1625449482.0,64.0
-23.13,1625449482.0,64.0
-24.78,1625449482.0,64.0
-25.61,1625449482.0,64.0
-25.3,1625449482.0,64.0
-23.74,1625449482.0,64.0
-21.11,1625449482.0,64.0
-17.68,1625449482.0,64.0
-13.79,1625449482.0,64.0
-9.62,1625449482.0,64.0
-5.33,1625449482.0,64.0
-1.04,1625449482.0,64.0
3.08,1625449482.0,64.0
6.81,1625449482.0,64.0
9.98,1625449482.0,64.0
12.54,1625449482.0,64.0
14.57,1625449482.0,64.0
16.27,1625449482.0,64.0
17.8,1625449482.0,64.0
19.19,1625449482.0,64.0
20.37,1625449482.0,64.0
21.17,1625449482.0,64.0
21.5,1625449482.0,64.0
21.33,1625449482.0,64.0
20.75,1625449482.0,64.0
19.88,1625449482.0,64.0
18.87,1625449482.0,64.0
17.81,1625449482.0,64.0
16.72,1625449482.0,64.0
15.59,1625449482.0,64.0
14.36,1625449482.0,64.0
13.01,1625449482.0,64.0
11.53,1625449482.0,64.0
9.98,1625449482.0,64.0
8.39,1625449482.0,64.0
6.81,1625449482.0,64.0
5.21,1625449482.0,64.0
3.53,1625449482.0,64.0
1.75,1625449482.0,64.0
-0.14,1625449482.0,64.0
-2.11,1625449482.0,64.0
-4.1,1625449482.0,64.0
-6.03,1625449482.0,64.0
-7.88,1625449482.0,64.0
-9.7,1625449482.0,64.0
-11.53,1625449482.0,64.0
-13.43,1625449482.0,64.0
-15.43,1625449482.0,64.0
-17.56,1625449482.0,64.0
-19.78,1625449482.0,64.0
-21.93,1625449482.0,64.0
-23.73,1625449482.0,64.0
-24.77,1625449482.0,64.0
-24.66,1625449482.0,64.0
-23.12,1625449482.0,64.0
-20.14,1625449482.0,64.0
-15.95,1625449482.0,64.0
-10.98,1625449482.0,64.0
-5.73,1625449482.0,64.0
-0.61,1625449482.0,64.0
4.11,1625449482.0,64.0
8.27,1625449482.0,64.0
11.78,1625449482.0,64.0
14.59,1625449482.0,64.0
16.67,1625449482.0,64.0
18.02,1625449482.0,64.0
18.77,1625449482.0,64.0
19.11,1625449482.0,64.0
19.27,1625449482.0,64.0
19.41,1625449482.0,64.0
19.55,1625449482.0,64.0
19.6,1625449482.0,64.0
19.35,1625449482.0,64.0
18.65,1625449482.0,64.0
17.39,1625449482.0,64.0
15.63,1625449482.0,64.0
13.48,1625449482.0,64.0
11.07,1625449482.0,64.0
8.52,1625449482.0,64.0
5.95,1625449482.0,64.0
3.51,1625449482.0,64.0
1.38,1625449482.0,64.0
-0.29,1625449482.0,64.0
-1.38,1625449482.0,64.0
-1.97,1625449482.0,64.0
-2.24,1625449482.0,64.0
-2.43,1625449482.0,64.0
-2.81,1625449482.0,64.0
-3.53,1625449482.0,64.0
-4.65,1625449482.0,64.0
-6.17,1625449482.0,64.0
-8.06,1625449482.0,64.0
-10.31,1625449482.0,64.0
-12.94,1625449482.0,64.0
-15.95,1625449482.0,64.0
-19.31,1625449482.0,64.0
-22.89,1625449482.0,64.0
-26.53,1625449482.0,64.0
-29.92,1625449482.0,64.0
-32.67,1625449482.0,64.0
-34.4,1625449482.0,64.0
-34.75,1625449482.0,64.0
-33.53,1625449482.0,64.0
-30.77,1625449482.0,64.0
-26.7,1625449482.0,64.0
-21.64,1625449482.0,64.0
-15.98,1625449482.0,64.0
-10.05,1625449482.0,64.0
-4.14,1625449482.0,64.0
1.47,1625449482.0,64.0
6.55,1625449482.0,64.0
10.89,1625449482.0,64.0
14.36,1625449482.0,64.0
16.93,1625449482.0,64.0
18.68,1625449482.0,64.0
19.75,1625449482.0,64.0
20.34,1625449482.0,64.0
20.65,1625449482.0,64.0
20.82,1625449482.0,64.0
21.02,1625449482.0,64.0
21.26,1625449482.0,64.0
21.48,1625449482.0,64.0
21.53,1625449482.0,64.0
21.22,1625449482.0,64.0
20.45,1625449482.0,64.0
19.24,1625449482.0,64.0
17.75,1625449482.0,64.0
16.12,1625449482.0,64.0
14.44,1625449482.0,64.0
12.66,1625449482.0,64.0
10.65,1625449482.0,64.0
8.34,1625449482.0,64.0
5.84,1625449482.0,64.0
3.33,1625449482.0,64.0
1.06,1625449482.0,64.0
-0.84,1625449482.0,64.0
-2.45,1625449482.0,64.0
-3.97,1625449482.0,64.0
-5.6,1625449482.0,64.0
-7.47,1625449482.0,64.0
-9.58,1625449482.0,64.0
-11.86,1625449482.0,64.0
-14.28,1625449482.0,64.0
-16.87,1625449482.0,64.0
-19.71,1625449482.0,64.0
-22.86,1625449482.0,64.0
-26.19,1625449482.0,64.0
-29.41,1625449482.0,64.0
-32.06,1625449482.0,64.0
-33.69,1625449482.0,64.0
-33.91,1625449482.0,64.0
-32.57,1625449482.0,64.0
-29.77,1625449482.0,64.0
-25.74,1625449482.0,64.0
-20.87,1625449482.0,64.0
-15.51,1625449482.0,64.0
-9.95,1625449482.0,64.0
-4.4,1625449482.0,64.0
0.97,1625449482.0,64.0
5.95,1625449482.0,64.0
10.31,1625449482.0,64.0
13.79,1625449482.0,64.0
16.27,1625449482.0,64.0
17.73,1625449482.0,64.0
18.4,1625449482.0,64.0
18.6,1625449482.0,64.0
18.7,1625449482.0,64.0
18.93,1625449482.0,64.0
19.37,1625449482.0,64.0
19.89,1625449482.0,64.0
20.3,1625449482.0,64.0
20.38,1625449482.0,64.0
20.01,1625449482.0,64.0
19.18,1625449482.0,64.0
17.94,1625449482.0,64.0
16.42,1625449482.0,64.0
14.72,1625449482.0,64.0
12.9,1625449482.0,64.0
10.96,1625449482.0,64.0
8.91,1625449482.0,64.0
6.81,1625449482.0,64.0
4.73,1625449482.0,64.0
2.78,1625449482.0,64.0
1.05,1625449482.0,64.0
-0.52,1625449482.0,64.0
-2.09,1625449482.0,64.0
-3.86,1625449482.0,64.0
-5.99,1625449482.0,64.0
-8.52,1625449482.0,64.0
-11.33,1625449482.0,64.0
-14.28,1625449482.0,64.0
-17.25,1625449482.0,64.0
-20.25,1625449482.0,64.0
-23.36,1625449482.0,64.0
-26.58,1625449482.0,64.0
-29.76,1625449482.0,64.0
-32.51,1625449482.0,64.0
-34.37,1625449482.0,64.0
-34.9,1625449482.0,64.0
-33.91,1625449482.0,64.0
-31.44,1625449482.0,64.0
-27.73,1625449482.0,64.0
-23.08,1625449482.0,64.0
-17.81,1625449482.0,64.0
-12.18,1625449482.0,64.0
-6.51,1625449482.0,64.0
-1.16,1625449482.0,64.0
3.5,1625449482.0,64.0
7.2,1625449482.0,64.0
9.85,1625449482.0,64.0
11.61,1625449482.0,64.0
12.71,1625449482.0,64.0
13.43,1625449482.0,64.0
13.96,1625449482.0,64.0
14.37,1625449482.0,64.0
14.67,1625449482.0,64.0
14.88,1625449482.0,64.0
15.06,1625449482.0,64.0
15.28,1625449482.0,64.0
15.56,1625449482.0,64.0
15.83,1625449482.0,64.0
15.94,1625449482.0,64.0
15.73,1625449482.0,64.0
15.08,1625449482.0,64.0
14.0,1625449482.0,64.0
12.61,1625449482.0,64.0
11.07,1625449482.0,64.0
9.49,1625449482.0,64.0
7.93,1625449482.0,64.0
6.39,1625449482.0,64.0
4.88,1625449482.0,64.0
3.4,1625449482.0,64.0
2.0,1625449482.0,64.0
0.71,1625449482.0,64.0
-0.47,1625449482.0,64.0
-1.6,1625449482.0,64.0
-2.75,1625449482.0,64.0
-4.01,1625449482.0,64.0
-5.47,1625449482.0,64.0
-7.2,1625449482.0,64.0
-9.29,1625449482.0,64.0
-11.79,1625449482.0,64.0
-14.64,1625449482.0,64.0
-17.59,1625449482.0,64.0
-20.2,1625449482.0,64.0
-21.91,1625449482.0,64.0
-22.21,1625449482.0,64.0
-20.86,1625449482.0,64.0
-17.97,1625449482.0,64.0
-13.93,1625449482.0,64.0
-9.3,1625449482.0,64.0
-4.6,1625449482.0,64.0
-0.2,1625449482.0,64.0
3.71,1625449482.0,64.0
7.08,1625449482.0,64.0
9.9,1625449482.0,64.0
12.19,1625449482.0,64.0
13.96,1625449482.0,64.0
15.28,1625449482.0,64.0
16.27,1625449482.0,64.0
17.09,1625449482.0,64.0
17.86,1625449482.0,64.0
18.63,1625449482.0,64.0
19.36,1625449482.0,64.0
19.97,1625449482.0,64.0
20.32,1625449482.0,64.0
20.3,1625449482.0,64.0
19.83,1625449482.0,64.0
18.89,1625449482.0,64.0
17.54,1625449482.0,64.0
15.84,1625449482.0,64.0
13.89,1625449482.0,64.0
11.76,1625449482.0,64.0
9.5,1625449482.0,64.0
7.16,1625449482.0,64.0
4.81,1625449482.0,64.0
2.52,1625449482.0,64.0
0.39,1625449482.0,64.0
-1.55,1625449482.0,64.0
-3.33,1625449482.0,64.0
-5.06,1625449482.0,64.0
-6.86,1625449482.0,64.0
-8.79,1625449482.0,64.0
-10.92,1625449482.0,64.0
-13.25,1625449482.0,64.0
-15.77,1625449482.0,64.0
-18.47,1625449482.0,64.0
-21.23,1625449482.0,64.0
-23.85,1625449482.0,64.0
-26.05,1625449482.0,64.0
-27.51,1625449482.0,64.0
-27.93,1625449482.0,64.0
-27.09,1625449482.0,64.0
-24.9,1625449482.0,64.0
-21.41,1625449482.0,64.0
-16.86,1625449482.0,64.0
-11.58,1625449482.0,64.0
-6.01,1625449482.0,64.0
-0.56,1625449482.0,64.0
4.45,1625449482.0,64.0
8.82,1625449482.0,64.0
12.46,1625449482.0,64.0
15.34,1625449482.0,64.0
17.43,1625449482.0,64.0
18.76,1625449482.0,64.0
19.44,1625449482.0,64.0
19.67,1625449482.0,64.0
19.71,1625449482.0,64.0
19.78,1625449482.0,64.0
19.96,1625449482.0,64.0
20.17,1625449482.0,64.0
20.2,1625449482.0,64.0
19.89,1625449482.0,64.0
19.12,1625449482.0,64.0
17.96,1625449482.0,64.0
16.52,1625449482.0,64.0
14.9,1625449482.0,64.0
13.12,1625449482.0,64.0
11.13,1625449482.0,64.0
8.84,1625449482.0,64.0
6.24,1625449482.0,64.0
3.41,1625449482.0,64.0
0.5,1625449482.0,64.0
-2.24,1625449482.0,64.0
-4.66,1625449482.0,64.0
-6.69,1625449482.0,64.0
-8.36,1625449482.0,64.0
-9.83,1625449482.0,64.0
-11.27,1625449482.0,64.0
-12.87,1625449482.0,64.0
-14.75,1625449482.0,64.0
-16.99,1625449482.0,64.0
-19.6,1625449482.0,64.0
-22.52,1625449482.0,64.0
-25.58,1625449482.0,64.0
-28.43,1625449482.0,64.0
-30.65,1625449482.0,64.0
-31.79,1625449482.0,64.0
-31.49,1625449482.0,64.0
-29.65,1625449482.0,64.0
-26.42,1625449482.0,64.0
-22.15,1625449482.0,64.0
-17.24,1625449482.0,64.0
-12.04,1625449482.0,64.0
-6.7,1625449482.0,64.0
-1.3,1625449482.0,64.0
4.12,1625449482.0,64.0
9.44,1625449482.0,64.0
14.42,1625449482.0,64.0
18.79,1625449482.0,64.0
22.32,1625449482.0,64.0
24.92,1625449482.0,64.0
26.67,1625449482.0,64.0
27.71,1625449482.0,64.0
28.21,1625449482.0,64.0
28.27,1625449482.0,64.0
27.92,1625449482.0,64.0
27.13,1625449482.0,64.0
25.88,1625449482.0,64.0
24.21,1625449482.0,64.0
22.14,1625449482.0,64.0
19.8,1625449482.0,64.0
17.31,1625449482.0,64.0
14.84,1625449482.0,64.0
12.52,1625449482.0,64.0
10.45,1625449482.0,64.0
8.62,1625449482.0,64.0
6.89,1625449482.0,64.0
5.09,1625449482.0,64.0
3.09,1625449482.0,64.0
0.85,1625449482.0,64.0
-1.5,1625449482.0,64.0
-3.78,1625449482.0,64.0
-5.85,1625449482.0,64.0
-7.7,1625449482.0,64.0
-9.5,1625449482.0,64.0
-11.45,1625449482.0,64.0
-13.75,1625449482.0,64.0
-16.48,1625449482.0,64.0
-19.59,1625449482.0,64.0
-22.91,1625449482.0,64.0
-26.2,1625449482.0,64.0
-29.15,1625449482.0,64.0
-31.38,1625449482.0,64.0
-32.56,1625449482.0,64.0
-32.36,1625449482.0,64.0
-30.66,1625449482.0,64.0
-27.55,1625449482.0,64.0
-23.29,1625449482.0,64.0
-18.18,1625449482.0,64.0
-12.49,1625449482.0,64.0
-6.4,1625449482.0,64.0
-0.05,1625449482.0,64.0
6.4,1625449482.0,64.0
12.64,1625449482.0,64.0
18.27,1625449482.0,64.0
22.88,1625449482.0,64.0
26.23,1625449482.0,64.0
28.27,1625449482.0,64.0
29.16,1625449482.0,64.0
29.16,1625449482.0,64.0
28.55,1625449482.0,64.0
27.55,1625449482.0,64.0
26.36,1625449482.0,64.0
25.17,1625449482.0,64.0
24.14,1625449482.0,64.0
23.39,1625449482.0,64.0
22.91,1625449482.0,64.0
22.56,1625449482.0,64.0
22.11,1625449482.0,64.0
21.37,1625449482.0,64.0
20.2,1625449482.0,64.0
18.62,1625449482.0,64.0
16.74,1625449482.0,64.0
14.71,1625449482.0,64.0
12.67,1625449482.0,64.0
10.68,1625449482.0,64.0
8.76,1625449482.0,64.0
6.84,1625449482.0,64.0
4.86,1625449482.0,64.0
2.7,1625449482.0,64.0
0.33,1625449482.0,64.0
-2.28,1625449482.0,64.0
-5.1,1625449482.0,64.0
-8.13,1625449482.0,64.0
-11.38,1625449482.0,64.0
-14.89,1625449482.0,64.0
-18.67,1625449482.0,64.0
-22.68,1625449482.0,64.0
-26.69,1625449482.0,64.0
-30.35,1625449482.0,64.0
-33.19,1625449482.0,64.0
-34.76,1625449482.0,64.0
-34.8,1625449482.0,64.0
-33.28,1625449482.0,64.0
-30.43,1625449482.0,64.0
-26.56,1625449482.0,64.0
-21.99,1625449482.0,64.0
-16.91,1625449482.0,64.0
-11.41,1625449482.0,64.0
-5.55,1625449482.0,64.0
0.49,1625449482.0,64.0
6.36,1625449482.0,64.0
11.6,1625449482.0,64.0
15.82,1625449482.0,64.0
18.83,1625449482.0,64.0
20.75,1625449482.0,64.0
21.96,1625449482.0,64.0
22.86,1625449482.0,64.0
23.74,1625449482.0,64.0
24.59,1625449482.0,64.0
25.25,1625449482.0,64.0
25.45,1625449482.0,64.0
25.07,1625449482.0,64.0
24.12,1625449482.0,64.0
22.74,1625449482.0,64.0
21.03,1625449482.0,64.0
19.0,1625449482.0,64.0
16.62,1625449482.0,64.0
13.89,1625449482.0,64.0
10.89,1625449482.0,64.0
7.8,1625449482.0,64.0
4.8,1625449482.0,64.0
2.01,1625449482.0,64.0
-0.54,1625449482.0,64.0
-2.92,1625449482.0,64.0
-5.12,1625449482.0,64.0
-7.1,1625449482.0,64.0
-8.74,1625449482.0,64.0
-9.92,1625449482.0,64.0
-10.65,1625449482.0,64.0
-11.06,1625449482.0,64.0
-11.43,1625449482.0,64.0
-12.05,1625449482.0,64.0
-13.22,1625449482.0,64.0
-15.15,1625449482.0,64.0
-17.85,1625449482.0,64.0
-21.19,1625449482.0,64.0
-24.74,1625449482.0,64.0
-27.95,1625449482.0,64.0
-30.23,1625449482.0,64.0
-31.13,1625449482.0,64.0
-30.43,1625449482.0,64.0
-28.19,1625449482.0,64.0
-24.65,1625449482.0,64.0
-20.09,1625449482.0,64.0
-14.77,1625449482.0,64.0
-8.9,1625449482.0,64.0
-2.67,1625449482.0,64.0
3.63,1625449482.0,64.0
9.65,1625449482.0,64.0
14.97,1625449482.0,64.0
19.28,1625449482.0,64.0
22.45,1625449482.0,64.0
24.52,1625449482.0,64.0
25.64,1625449482.0,64.0
26.03,1625449482.0,64.0
25.86,1625449482.0,64.0
25.32,1625449482.0,64.0
24.49,1625449482.0,64.0
23.47,1625449482.0,64.0
22.31,1625449482.0,64.0
21.03,1625449482.0,64.0
19.61,1625449482.0,64.0
18.0,1625449482.0,64.0
16.15,1625449482.0,64.0
14.04,1625449482.0,64.0
11.72,1625449482.0,64.0
9.29,1625449482.0,64.0
6.89,1625449482.0,64.0
4.67,1625449482.0,64.0
2.72,1625449482.0,64.0
1.05,1625449482.0,64.0
-0.48,1625449482.0,64.0
-2.03,1625449482.0,64.0
-3.74,1625449482.0,64.0
-5.68,1625449482.0,64.0
-7.8,1625449482.0,64.0
-10.01,1625449482.0,64.0
-12.21,1625449482.0,64.0
-14.35,1625449482.0,64.0
-16.44,1625449482.0,64.0
-18.54,1625449482.0,64.0
-20.72,1625449482.0,64.0
-23.03,1625449482.0,64.0
-25.45,1625449482.0,64.0
-27.91,1625449482.0,64.0
-30.19,1625449482.0,64.0
-31.96,1625449482.0,64.0
-32.86,1625449482.0,64.0
-32.57,1625449482.0,64.0
-30.96,1625449482.0,64.0
-28.14,1625449482.0,64.0
-24.38,1625449482.0,64.0
-20.0,1625449482.0,64.0
-15.24,1625449482.0,64.0
-10.24,1625449482.0,64.0
-5.1,1625449482.0,64.0
-0.04,1625449482.0,64.0
4.61,1625449482.0,64.0
8.48,1625449482.0,64.0
11.31,1625449482.0,64.0
13.11,1625449482.0,64.0
14.16,1625449482.0,64.0
14.88,1625449482.0,64.0
15.66,1625449482.0,64.0
16.64,1625449482.0,64.0
17.77,1625449482.0,64.0
18.85,1625449482.0,64.0
19.67,1625449482.0,64.0
20.11,1625449482.0,64.0
20.2,1625449482.0,64.0
19.99,1625449482.0,64.0
19.57,1625449482.0,64.0
18.92,1625449482.0,64.0
17.97,1625449482.0,64.0
16.64,1625449482.0,64.0
14.88,1625449482.0,64.0
12.77,1625449482.0,64.0
10.51,1625449482.0,64.0
8.33,1625449482.0,64.0
6.43,1625449482.0,64.0
4.8,1625449482.0,64.0
3.28,1625449482.0,64.0
1.62,1625449482.0,64.0
-0.36,1625449482.0,64.0
-2.68,1625449482.0,64.0
-5.18,1625449482.0,64.0
-7.62,1625449482.0,64.0
-9.88,1625449482.0,64.0
-12.01,1625449482.0,64.0
-14.16,1625449482.0,64.0
-16.5,1625449482.0,64.0
-19.03,1625449482.0,64.0
-21.53,1625449482.0,64.0
-23.61,1625449482.0,64.0
-24.84,1625449482.0,64.0
-24.86,1625449482.0,64.0
-23.51,1625449482.0,64.0
-20.82,1625449482.0,64.0
-16.98,1625449482.0,64.0
-12.26,1625449482.0,64.0
-7.04,1625449482.0,64.0
-1.68,1625449482.0,64.0
3.44,1625449482.0,64.0
7.98,1625449482.0,64.0
11.7,1625449482.0,64.0
14.45,1625449482.0,64.0
16.23,1625449482.0,64.0
17.21,1625449482.0,64.0
17.64,1625449482.0,64.0
17.83,1625449482.0,64.0
18.05,1625449482.0,64.0
18.41,1625449482.0,64.0
18.88,1625449482.0,64.0
19.29,1625449482.0,64.0
19.43,1625449482.0,64.0
19.15,1625449482.0,64.0
18.37,1625449482.0,64.0
17.12,1625449482.0,64.0
15.45,1625449482.0,64.0
13.47,1625449482.0,64.0
11.22,1625449482.0,64.0
8.76,1625449482.0,64.0
6.11,1625449482.0,64.0
3.3,1625449482.0,64.0
0.41,1625449482.0,64.0
-2.46,1625449482.0,64.0
-5.15,1625449482.0,64.0
-7.54,1625449482.0,64.0
-9.56,1625449482.0,64.0
-11.23,1625449482.0,64.0
-12.67,1625449482.0,64.0
-14.04,1625449482.0,64.0
-15.46,1625449482.0,64.0
-17.01,1625449482.0,64.0
-18.65,1625449482.0,64.0
-20.35,1625449482.0,64.0
-22.06,1625449482.0,64.0
-23.67,1625449482.0,64.0
-24.99,1625449482.0,64.0
-25.77,1625449482.0,64.0
-25.69,1625449482.0,64.0
-24.55,1625449482.0,64.0
-22.3,1625449482.0,64.0
-19.13,1625449482.0,64.0
-15.31,1625449482.0,64.0
-11.16,1625449482.0,64.0
-6.87,1625449482.0,64.0
-2.55,1625449482.0,64.0
1.72,1625449482.0,64.0
5.82,1625449482.0,64.0
9.56,1625449482.0,64.0
12.74,1625449482.0,64.0
15.29,1625449482.0,64.0
17.27,1625449482.0,64.0
18.82,1625449482.0,64.0
20.11,1625449482.0,64.0
21.18,1625449482.0,64.0
21.98,1625449482.0,64.0
22.4,1625449482.0,64.0
22.38,1625449482.0,64.0
21.94,1625449482.0,64.0
21.1,1625449482.0,64.0
19.95,1625449482.0,64.0
18.56,1625449482.0,64.0
17.02,1625449482.0,64.0
15.4,1625449482.0,64.0
13.79,1625449482.0,64.0
12.25,1625449482.0,64.0
10.77,1625449482.0,64.0
9.25,1625449482.0,64.0
7.57,1625449482.0,64.0
5.63,1625449482.0,64.0
3.37,1625449482.0,64.0
0.84,1625449482.0,64.0
-1.89,1625449482.0,64.0
-4.68,1625449482.0,64.0
-7.41,1625449482.0,64.0
-9.93,1625449482.0,64.0
-12.18,1625449482.0,64.0
-14.17,1625449482.0,64.0
-16.07,1625449482.0,64.0
-18.12,1625449482.0,64.0
-20.48,1625449482.0,64.0
-23.13,1625449482.0,64.0
-25.79,1625449482.0,64.0
-27.92,1625449482.0,64.0
-28.97,1625449482.0,64.0
-28.52,1625449482.0,64.0
-26.47,1625449482.0,64.0
-22.97,1625449482.0,64.0
-18.41,1625449482.0,64.0
-13.15,1625449482.0,64.0
-7.56,1625449482.0,64.0
-1.88,1625449482.0,64.0
3.63,1625449482.0,64.0
8.68,1625449482.0,64.0
12.95,1625449482.0,64.0
16.2,1625449482.0,64.0
18.39,1625449482.0,64.0
19.68,1625449482.0,64.0
20.37,1625449482.0,64.0
20.8,1625449482.0,64.0
21.17,1625449482.0,64.0
21.48,1625449482.0,64.0
21.61,1625449482.0,64.0
21.36,1625449482.0,64.0
20.68,1625449482.0,64.0
19.63,1625449482.0,64.0
18.35,1625449482.0,64.0
16.99,1625449482.0,64.0
15.56,1625449482.0,64.0
14.04,1625449482.0,64.0
12.34,1625449482.0,64.0
10.46,1625449482.0,64.0
8.41,1625449482.0,64.0
6.27,1625449482.0,64.0
4.08,1625449482.0,64.0
1.87,1625449482.0,64.0
-0.32,1625449482.0,64.0
-2.46,1625449482.0,64.0
-4.42,1625449482.0,64.0
-6.15,1625449482.0,64.0
-7.65,1625449482.0,64.0
-9.05,1625449482.0,64.0
-10.55,1625449482.0,64.0
-12.38,1625449482.0,64.0
-14.71,1625449482.0,64.0
-17.53,1625449482.0,64.0
-20.76,1625449482.0,64.0
-24.15,1625449482.0,64.0
-27.41,1625449482.0,64.0
-30.15,1625449482.0,64.0
-31.97,1625449482.0,64.0
-32.52,1625449482.0,64.0
-31.58,1625449482.0,64.0
-29.09,1625449482.0,64.0
-25.25,1625449482.0,64.0
-20.37,1625449482.0,64.0
-14.84,1625449482.0,64.0
-9.01,1625449482.0,64.0
-3.2,1625449482.0,64.0
2.35,1625449482.0,64.0
7.43,1625449482.0,64.0
11.79,1625449482.0,64.0
15.24,1625449482.0,64.0
17.65,1625449482.0,64.0
19.02,1625449482.0,64.0
19.53,1625449482.0,64.0
19.46,1625449482.0,64.0
19.12,1625449482.0,64.0
18.74,1625449482.0,64.0
18.45,1625449482.0,64.0
18.24,1625449482.0,64.0
18.0,1625449482.0,64.0
17.57,1625449482.0,64.0
16.81,1625449482.0,64.0
15.64,1625449482.0,64.0
14.11,1625449482.0,64.0
12.33,1625449482.0,64.0
10.49,1625449482.0,64.0
8.76,1625449482.0,64.0
7.23,1625449482.0,64.0
5.91,1625449482.0,64.0
4.71,1625449482.0,64.0
3.53,1625449482.0,64.0
2.28,1625449482.0,64.0
0.91,1625449482.0,64.0
-0.63,1625449482.0,64.0
-2.36,1625449482.0,64.0
-4.34,1625449482.0,64.0
-6.58,1625449482.0,64.0
-9.01,1625449482.0,64.0
-11.45,1625449482.0,64.0
-13.73,1625449482.0,64.0
-15.76,1625449482.0,64.0
-17.59,1625449482.0,64.0
-19.45,1625449482.0,64.0
-21.53,1625449482.0,64.0
-23.88,1625449482.0,64.0
-26.3,1625449482.0,64.0
-28.31,1625449482.0,64.0
-29.41,1625449482.0,64.0
-29.17,1625449482.0,64.0
-27.48,1625449482.0,64.0
-24.46,1625449482.0,64.0
-20.42,1625449482.0,64.0
-15.68,1625449482.0,64.0
-10.47,1625449482.0,64.0
-4.99,1625449482.0,64.0
0.55,1625449482.0,64.0
5.87,1625449482.0,64.0
10.6,1625449482.0,64.0
14.37,1625449482.0,64.0
16.99,1625449482.0,64.0
18.49,1625449482.0,64.0
19.12,1625449482.0,64.0
19.25,1625449482.0,64.0
19.23,1625449482.0,64.0
19.27,1625449482.0,64.0
19.42,1625449482.0,64.0
19.59,1625449482.0,64.0
19.62,1625449482.0,64.0
19.35,1625449482.0,64.0
18.73,1625449482.0,64.0
17.77,1625449482.0,64.0
16.56,1625449482.0,64.0
15.17,1625449482.0,64.0
13.64,1625449482.0,64.0
11.95,1625449482.0,64.0
10.08,1625449482.0,64.0
8.01,1625449482.0,64.0
5.82,1625449482.0,64.0
3.6,1625449482.0,64.0
1.46,1625449482.0,64.0
-0.53,1625449482.0,64.0
-2.35,1625449482.0,64.0
-4.04,1625449482.0,64.0
-5.67,1625449482.0,64.0
-7.29,1625449482.0,64.0
-8.92,1625449482.0,64.0
-10.51,1625449482.0,64.0
-12.03,1625449482.0,64.0
-13.49,1625449482.0,64.0
-14.96,1625449482.0,64.0
-16.65,1625449482.0,64.0
-18.75,1625449482.0,64.0
-21.31,1625449482.0,64.0
-24.16,1625449482.0,64.0
-26.85,1625449482.0,64.0
-28.81,1625449482.0,64.0
-29.5,1625449482.0,64.0
-28.61,1625449482.0,64.0
-26.14,1625449482.0,64.0
-22.39,1625449482.0,64.0
-17.8,1625449482.0,64.0
-12.81,1625449482.0,64.0
-7.79,1625449482.0,64.0
-2.98,1625449482.0,64.0
1.43,1625449482.0,64.0
5.29,1625449482.0,64.0
8.47,1625449482.0,64.0
10.94,1625449482.0,64.0
12.73,1625449482.0,64.0
13.99,1625449482.0,64.0
14.89,1625449482.0,64.0
15.59,1625449482.0,64.0
16.18,1625449482.0,64.0
16.65,1625449482.0,64.0
16.93,1625449482.0,64.0
16.91,1625449482.0,64.0
16.51,1625449482.0,64.0
15.76,1625449482.0,64.0
14.8,1625449482.0,64.0
13.78,1625449482.0,64.0
12.82,1625449482.0,64.0
11.96,1625449482.0,64.0
11.14,1625449482.0,64.0
10.24,1625449482.0,64.0
9.18,1625449482.0,64.0
7.9,1625449482.0,64.0
6.47,1625449482.0,64.0
4.97,1625449482.0,64.0
3.5,1625449482.0,64.0
2.11,1625449482.0,64.0
0.81,1625449482.0,64.0
-0.43,1625449482.0,64.0
-1.68,1625449482.0,64.0
-3.01,1625449482.0,64.0
-4.47,1625449482.0,64.0
-6.07,1625449482.0,64.0
-7.81,1625449482.0,64.0
-9.72,1625449482.0,64.0
-11.87,1625449482.0,64.0
-14.32,1625449482.0,64.0
-17.13,1625449482.0,64.0
-20.23,1625449482.0,64.0
-23.35,1625449482.0,64.0
-26.11,1625449482.0,64.0
-28.05,1625449482.0,64.0
-28.78,1625449482.0,64.0
-28.1,1625449482.0,64.0
-25.98,1625449482.0,64.0
-22.58,1625449482.0,64.0
-18.19,1625449482.0,64.0
-13.13,1625449482.0,64.0
-7.75,1625449482.0,64.0
-2.4,1625449482.0,64.0
2.58,1625449482.0,64.0
6.9,1625449482.0,64.0
10.39,1625449482.0,64.0
12.96,1625449482.0,64.0
14.66,1625449482.0,64.0
15.64,1625449482.0,64.0
16.14,1625449482.0,64.0
16.42,1625449482.0,64.0
16.66,1625449482.0,64.0
16.95,1625449482.0,64.0
17.22,1625449482.0,64.0
17.3,1625449482.0,64.0
16.99,1625449482.0,64.0
16.18,1625449482.0,64.0
14.88,1625449482.0,64.0
13.23,1625449482.0,64.0
11.42,1625449482.0,64.0
9.63,1625449482.0,64.0
8.0,1625449482.0,64.0
6.57,1625449482.0,64.0
5.37,1625449482.0,64.0
4.38,1625449482.0,64.0
3.52,1625449482.0,64.0
2.67,1625449482.0,64.0
1.7,1625449482.0,64.0
0.52,1625449482.0,64.0
-0.88,1625449482.0,64.0
-2.4,1625449482.0,64.0
-3.91,1625449482.0,64.0
-5.33,1625449482.0,64.0
-6.66,1625449482.0,64.0
-8.07,1625449482.0,64.0
-9.73,1625449482.0,64.0
-11.8,1625449482.0,64.0
-14.32,1625449482.0,64.0
-17.26,1625449482.0,64.0
-20.4,1625449482.0,64.0
-23.46,1625449482.0,64.0
-26.08,1625449482.0,64.0
-27.85,1625449482.0,64.0
-28.39,1625449482.0,64.0
-27.45,1625449482.0,64.0
-24.97,1625449482.0,64.0
-21.16,1625449482.0,64.0
-16.46,1625449482.0,64.0
-11.34,1625449482.0,64.0
-6.26,1625449482.0,64.0
-1.51,1625449482.0,64.0
2.79,1625449482.0,64.0
6.58,1625449482.0,64.0
9.82,1625449482.0,64.0
12.46,1625449482.0,64.0
14.44,1625449482.0,64.0
15.78,1625449482.0,64.0
16.64,1625449482.0,64.0
17.26,1625449482.0,64.0
17.88,1625449482.0,64.0
18.62,1625449482.0,64.0
19.43,1625449482.0,64.0
20.1,1625449482.0,64.0
20.38,1625449482.0,64.0
20.06,1625449482.0,64.0
19.13,1625449482.0,64.0
17.7,1625449482.0,64.0
15.94,1625449482.0,64.0
14.0,1625449482.0,64.0
11.95,1625449482.0,64.0
9.74,1625449482.0,64.0
7.35,1625449482.0,64.0
4.79,1625449482.0,64.0
2.14,1625449482.0,64.0
-0.39,1625449482.0,64.0
-2.64,1625449482.0,64.0
-4.49,1625449482.0,64.0
-5.98,1625449482.0,64.0
-7.26,1625449482.0,64.0
-8.55,1625449482.0,64.0
-10.04,1625449482.0,64.0
-11.83,1625449482.0,64.0
-13.91,1625449482.0,64.0
-16.21,1625449482.0,64.0
-18.69,1625449482.0,64.0
-21.27,1625449482.0,64.0
-23.93,1625449482.0,64.0
-26.54,1625449482.0,64.0
-28.86,1625449482.0,64.0
-30.56,1625449482.0,64.0
-31.24,1625449482.0,64.0
-30.62,1625449482.0,64.0
-28.58,1625449482.0,64.0
-25.21,1625449482.0,64.0
-20.77,1625449482.0,64.0
-15.56,1625449482.0,64.0
-9.94,1625449482.0,64.0
-4.18,1625449482.0,64.0
1.43,1625449482.0,64.0
6.66,1625449482.0,64.0
11.26,1625449482.0,64.0
15.05,1625449482.0,64.0
17.91,1625449482.0,64.0
19.86,1625449482.0,64.0
21.05,1625449482.0,64.0
21.7,1625449482.0,64.0
22.1,1625449482.0,64.0
22.44,1625449482.0,64.0
22.79,1625449482.0,64.0
23.07,1625449482.0,64.0
23.11,1625449482.0,64.0
22.75,1625449482.0,64.0
21.95,1625449482.0,64.0
20.77,1625449482.0,64.0
19.38,1625449482.0,64.0
17.91,1625449482.0,64.0
16.44,1625449482.0,64.0
14.97,1625449482.0,64.0
13.46,1625449482.0,64.0
11.86,1625449482.0,64.0
10.19,1625449482.0,64.0
8.44,1625449482.0,64.0
6.61,1625449482.0,64.0
4.68,1625449482.0,64.0
2.63,1625449482.0,64.0
0.48,1625449482.0,64.0
-1.73,1625449482.0,64.0
-3.92,1625449482.0,64.0
-6.07,1625449482.0,64.0
-8.22,1625449482.0,64.0
-10.44,1625449482.0,64.0
-12.85,1625449482.0,64.0
-15.48,1625449482.0,64.0
-18.3,1625449482.0,64.0
-21.22,1625449482.0,64.0
-24.11,1625449482.0,64.0
-26.78,1625449482.0,64.0
-29.05,1625449482.0,64.0
-30.69,1625449482.0,64.0
-31.47,1625449482.0,64.0
-31.11,1625449482.0,64.0
-29.45,1625449482.0,64.0
-26.45,1625449482.0,64.0
-22.27,1625449482.0,64.0
-17.2,1625449482.0,64.0
-11.59,1625449482.0,64.0
-5.78,1625449482.0,64.0
-0.01,1625449482.0,64.0
5.46,1625449482.0,64.0
10.41,1625449482.0,64.0
14.58,1625449482.0,64.0
17.75,1625449482.0,64.0
19.84,1625449482.0,64.0
20.98,1625449482.0,64.0
21.46,1625449482.0,64.0
21.64,1625449482.0,64.0
21.8,1625449482.0,64.0
22.04,1625449482.0,64.0
22.27,1625449482.0,64.0
22.34,1625449482.0,64.0
22.1,1625449482.0,64.0
21.48,1625449482.0,64.0
20.51,1625449482.0,64.0
19.26,1625449482.0,64.0
17.79,1625449482.0,64.0
16.18,1625449482.0,64.0
14.48,1625449482.0,64.0
12.7,1625449482.0,64.0
10.85,1625449482.0,64.0
8.93,1625449482.0,64.0
6.93,1625449482.0,64.0
4.85,1625449482.0,64.0
2.71,1625449482.0,64.0
0.57,1625449482.0,64.0
-1.47,1625449482.0,64.0
-3.33,1625449482.0,64.0
-4.98,1625449482.0,64.0
-6.44,1625449482.0,64.0
-7.84,1625449482.0,64.0
-9.34,1625449482.0,64.0
-11.09,1625449482.0,64.0
-13.22,1625449482.0,64.0
-15.77,1625449482.0,64.0
-18.68,1625449482.0,64.0
-21.85,1625449482.0,64.0
-25.05,1625449482.0,64.0
-27.95,1625449482.0,64.0
-30.16,1625449482.0,64.0
-31.21,1625449482.0,64.0
-30.78,1625449482.0,64.0
-28.8,1625449482.0,64.0
-25.43,1625449482.0,64.0
-21.1,1625449482.0,64.0
-16.25,1625449482.0,64.0
-11.24,1625449482.0,64.0
-6.21,1625449482.0,64.0
-1.23,1625449482.0,64.0
3.64,1625449482.0,64.0
8.22,1625449482.0,64.0
12.23,1625449482.0,64.0
15.43,1625449482.0,64.0
17.72,1625449482.0,64.0
19.22,1625449482.0,64.0
20.21,1625449482.0,64.0
20.96,1625449482.0,64.0
21.63,1625449482.0,64.0
22.21,1625449482.0,64.0
22.57,1625449482.0,64.0
22.58,1625449482.0,64.0
22.2,1625449482.0,64.0
21.47,1625449482.0,64.0
20.47,1625449482.0,64.0
19.26,1625449482.0,64.0
17.88,1625449482.0,64.0
16.33,1625449482.0,64.0
14.65,1625449482.0,64.0
12.92,1625449482.0,64.0
11.27,1625449482.0,64.0
9.81,1625449482.0,64.0
8.55,1625449482.0,64.0
7.4,1625449482.0,64.0
6.19,1625449482.0,64.0
4.71,1625449482.0,64.0
2.86,1625449482.0,64.0
0.65,1625449482.0,64.0
-1.78,1625449482.0,64.0
-4.24,1625449482.0,64.0
-6.6,1625449482.0,64.0
-8.81,1625449482.0,64.0
-10.96,1625449482.0,64.0
-13.18,1625449482.0,64.0
-15.61,1625449482.0,64.0
-18.35,1625449482.0,64.0
-21.36,1625449482.0,64.0
-24.52,1625449482.0,64.0
-27.6,1625449482.0,64.0
-30.25,1625449482.0,64.0
-32.07,1625449482.0,64.0
-32.66,1625449482.0,64.0
-31.7,1625449482.0,64.0
-29.1,1625449482.0,64.0
-24.98,1625449482.0,64.0
-19.75,1625449482.0,64.0
-13.92,1625449482.0,64.0
-7.99,1625449482.0,64.0
-2.31,1625449482.0,64.0
2.93,1625449482.0,64.0
7.59,1625449482.0,64.0
11.56,1625449482.0,64.0
14.69,1625449482.0,64.0
16.87,1625449482.0,64.0
18.16,1625449482.0,64.0
18.77,1625449482.0,64.0
19.02,1625449482.0,64.0
19.22,1625449482.0,64.0
19.51,1625449482.0,64.0
19.83,1625449482.0,64.0
19.96,1625449482.0,64.0
19.77,1625449482.0,64.0
19.18,1625449482.0,64.0
18.28,1625449482.0,64.0
17.2,1625449482.0,64.0
16.04,1625449482.0,64.0
14.79,1625449482.0,64.0
13.38,1625449482.0,64.0
11.75,1625449482.0,64.0
9.84,1625449482.0,64.0
7.72,1625449482.0,64.0
5.48,1625449482.0,64.0
3.26,1625449482.0,64.0
1.23,1625449482.0,64.0
-0.49,1625449482.0,64.0
-1.83,1625449482.0,64.0
-2.76,1625449482.0,64.0
-3.38,1625449482.0,64.0
-3.89,1625449482.0,64.0
-4.5,1625449482.0,64.0
-5.45,1625449482.0,64.0
-6.9,1625449482.0,64.0
-8.91,1625449482.0,64.0
-11.42,1625449482.0,64.0
-14.33,1625449482.0,64.0
-17.45,1625449482.0,64.0
-20.57,1625449482.0,64.0
-23.39,1625449482.0,64.0
-25.54,1625449482.0,64.0
-26.61,1625449482.0,64.0
-26.22,1625449482.0,64.0
-24.22,1625449482.0,64.0
-20.71,1625449482.0,64.0
-16.08,1625449482.0,64.0
-10.84,1625449482.0,64.0
-5.48,1625449482.0,64.0
-0.38,1625449482.0,64.0
4.24,1625449482.0,64.0
8.27,1625449482.0,64.0
11.64,1625449482.0,64.0
14.28,1625449482.0,64.0
16.17,1625449482.0,64.0
17.36,1625449482.0,64.0
18.03,1625449482.0,64.0
18.45,1625449482.0,64.0
18.83,1625449482.0,64.0
19.29,1625449482.0,64.0
19.75,1625449482.0,64.0
20.03,1625449482.0,64.0
19.95,1625449482.0,64.0
19.42,1625449482.0,64.0
18.41,1625449482.0,64.0
17.01,1625449482.0,64.0
15.32,1625449482.0,64.0
13.44,1625449482.0,64.0
11.44,1625449482.0,64.0
9.39,1625449482.0,64.0
7.36,1625449482.0,64.0
5.49,1625449482.0,64.0
3.89,1625449482.0,64.0
2.62,1625449482.0,64.0
1.65,1625449482.0,64.0
0.83,1625449482.0,64.0
-0.05,1625449482.0,64.0
-1.18,1625449482.0,64.0
-2.68,1625449482.0,64.0
-4.55,1625449482.0,64.0
-6.71,1625449482.0,64.0
-9.09,1625449482.0,64.0
-11.65,1625449482.0,64.0
-14.37,1625449482.0,64.0
-17.26,1625449482.0,64.0
-20.23,1625449482.0,64.0
-23.06,1625449482.0,64.0
-25.43,1625449482.0,64.0
-26.93,1625449482.0,64.0
-27.26,1625449482.0,64.0
-26.24,1625449482.0,64.0
-23.88,1625449482.0,64.0
-20.31,1625449482.0,64.0
-15.79,1625449482.0,64.0
-10.64,1625449482.0,64.0
-5.21,1625449482.0,64.0
0.12,1625449482.0,64.0
5.03,1625449482.0,64.0
9.22,1625449482.0,64.0
12.53,1625449482.0,64.0
14.91,1625449482.0,64.0
16.45,1625449482.0,64.0
17.32,1625449482.0,64.0
17.77,1625449482.0,64.0
18.02,1625449482.0,64.0
18.25,1625449482.0,64.0
18.54,1625449482.0,64.0
18.87,1625449482.0,64.0
19.13,1625449482.0,64.0
19.17,1625449482.0,64.0
18.87,1625449482.0,64.0
18.17,1625449482.0,64.0
17.06,1625449482.0,64.0
15.61,1625449482.0,64.0
13.87,1625449482.0,64.0
11.91,1625449482.0,64.0
9.81,1625449482.0,64.0
7.67,1625449482.0,64.0
5.53,1625449482.0,64.0
3.47,1625449482.0,64.0
1.51,1625449482.0,64.0
-0.33,1625449482.0,64.0
-2.03,1625449482.0,64.0
-3.59,1625449482.0,64.0
-5.01,1625449482.0,64.0
-6.38,1625449482.0,64.0
-7.82,1625449482.0,64.0
-9.45,1625449482.0,64.0
-11.38,1625449482.0,64.0
-13.63,1625449482.0,64.0
-16.14,1625449482.0,64.0
-18.84,1625449482.0,64.0
-21.64,1625449482.0,64.0
-24.47,1625449482.0,64.0
-27.15,1625449482.0,64.0
-29.42,1625449482.0,64.0
-30.92,1625449482.0,64.0
-31.24,1625449482.0,64.0
-30.11,1625449482.0,64.0
-27.46,1625449482.0,64.0
-23.48,1625449482.0,64.0
-18.46,1625449482.0,64.0
-12.8,1625449482.0,64.0
-6.84,1625449482.0,64.0
-0.92,1625449482.0,64.0
4.68,1625449482.0,64.0
9.65,1625449482.0,64.0
13.76,1625449482.0,64.0
16.88,1625449482.0,64.0
18.98,1625449482.0,64.0
20.21,1625449482.0,64.0
20.75,1625449482.0,64.0
20.83,1625449482.0,64.0
20.63,1625449482.0,64.0
20.3,1625449482.0,64.0
19.96,1625449482.0,64.0
19.69,1625449482.0,64.0
19.52,1625449482.0,64.0
19.36,1625449482.0,64.0
19.1,1625449482.0,64.0
18.55,1625449482.0,64.0
17.64,1625449482.0,64.0
16.39,1625449482.0,64.0
14.88,1625449482.0,64.0
13.23,1625449482.0,64.0
11.48,1625449482.0,64.0
9.6,1625449482.0,64.0
7.51,1625449482.0,64.0
5.18,1625449482.0,64.0
2.71,1625449482.0,64.0
0.32,1625449482.0,64.0
-1.75,1625449482.0,64.0
-3.38,1625449482.0,64.0
-4.65,1625449482.0,64.0
-5.81,1625449482.0,64.0
-7.2,1625449482.0,64.0
-9.06,1625449482.0,64.0
-11.45,1625449482.0,64.0
-14.27,1625449482.0,64.0
-17.37,1625449482.0,64.0
-20.62,1625449482.0,64.0
-23.93,1625449482.0,64.0
-27.19,1625449482.0,64.0
-30.19,1625449482.0,64.0
-32.53,1625449482.0,64.0
-33.76,1625449482.0,64.0
-33.56,1625449482.0,64.0
-31.78,1625449482.0,64.0
-28.59,1625449482.0,64.0
-24.31,1625449482.0,64.0
-19.29,1625449482.0,64.0
-13.8,1625449482.0,64.0
-8.01,1625449482.0,64.0
-2.06,1625449482.0,64.0
3.84,1625449482.0,64.0
9.38,1625449482.0,64.0
14.22,1625449482.0,64.0
18.06,1625449482.0,64.0
20.79,1625449482.0,64.0
22.48,1625449482.0,64.0
23.38,1625449482.0,64.0
23.79,1625449482.0,64.0
23.98,1625449482.0,64.0
24.1,1625449482.0,64.0
24.16,1625449482.0,64.0
24.11,1625449482.0,64.0
23.81,1625449482.0,64.0
23.16,1625449482.0,64.0
22.09,1625449482.0,64.0
20.62,1625449482.0,64.0
18.85,1625449482.0,64.0
16.91,1625449482.0,64.0
14.95,1625449482.0,64.0
13.01,1625449482.0,64.0
11.09,1625449482.0,64.0
9.12,1625449482.0,64.0
7.06,1625449482.0,64.0
4.94,1625449482.0,64.0
2.85,1625449482.0,64.0
0.89,1625449482.0,64.0
-0.93,1625449482.0,64.0
-2.69,1625449482.0,64.0
-4.52,1625449482.0,64.0
-6.54,1625449482.0,64.0
-8.74,1625449482.0,64.0
-11.06,1625449482.0,64.0
-13.39,1625449482.0,64.0
-15.71,1625449482.0,64.0
-18.11,1625449482.0,64.0
-20.75,1625449482.0,64.0
-23.67,1625449482.0,64.0
-26.79,1625449482.0,64.0
-29.78,1625449482.0,64.0
-32.21,1625449482.0,64.0
-33.65,1625449482.0,64.0
-33.81,1625449482.0,64.0
-32.58,1625449482.0,64.0
-30.02,1625449482.0,64.0
-26.28,1625449482.0,64.0
-21.58,1625449482.0,64.0
-16.15,1625449482.0,64.0
-10.25,1625449482.0,64.0
-4.16,1625449482.0,64.0
1.8,1625449482.0,64.0
7.36,1625449482.0,64.0
12.24,1625449482.0,64.0
16.22,1625449482.0,64.0
19.23,1625449482.0,64.0
21.28,1625449482.0,64.0
22.56,1625449482.0,64.0
23.26,1625449482.0,64.0
23.64,1625449482.0,64.0
23.83,1625449482.0,64.0
23.88,1625449482.0,64.0
23.78,1625449482.0,64.0
23.42,1625449482.0,64.0
22.72,1625449482.0,64.0
21.63,1625449482.0,64.0
20.15,1625449482.0,64.0
18.36,1625449482.0,64.0
16.37,1625449482.0,64.0
14.31,1625449482.0,64.0
12.29,1625449482.0,64.0
10.32,1625449482.0,64.0
8.38,1625449482.0,64.0
6.39,1625449482.0,64.0
4.34,1625449482.0,64.0
2.24,1625449482.0,64.0
0.15,1625449482.0,64.0
-1.9,1625449482.0,64.0
-3.93,1625449482.0,64.0
-6.0,1625449482.0,64.0
-8.15,1625449482.0,64.0
-10.38,1625449482.0,64.0
-12.63,1625449482.0,64.0
-14.85,1625449482.0,64.0
-17.04,1625449482.0,64.0
-19.26,1625449482.0,64.0
-21.64,1625449482.0,64.0
-24.26,1625449482.0,64.0
-27.17,1625449482.0,64.0
-30.29,1625449482.0,64.0
-33.41,1625449482.0,64.0
-36.2,1625449482.0,64.0
-38.22,1625449482.0,64.0
-39.05,1625449482.0,64.0
-38.37,1625449482.0,64.0
-36.11,1625449482.0,64.0
-32.47,1625449482.0,64.0
-27.81,1625449482.0,64.0
-22.57,1625449482.0,64.0
-17.12,1625449482.0,64.0
-11.74,1625449482.0,64.0
-6.61,1625449482.0,64.0
-1.95,1625449482.0,64.0
2.01,1625449482.0,64.0
5.03,1625449482.0,64.0
7.0,1625449482.0,64.0
7.92,1625449482.0,64.0
8.06,1625449482.0,64.0
7.75,1625449482.0,64.0
7.4,1625449482.0,64.0
7.3,1625449482.0,64.0
7.56,1625449482.0,64.0
8.11,1625449482.0,64.0
8.74,1625449482.0,64.0
9.21,1625449482.0,64.0
9.39,1625449482.0,64.0
9.26,1625449482.0,64.0
8.98,1625449482.0,64.0
8.7,1625449482.0,64.0
8.52,1625449482.0,64.0
8.42,1625449482.0,64.0
8.26,1625449482.0,64.0
7.92,1625449482.0,64.0
7.31,1625449482.0,64.0
6.42,1625449482.0,64.0
5.27,1625449482.0,64.0
3.89,1625449482.0,64.0
2.26,1625449482.0,64.0
0.4,1625449482.0,64.0
-1.68,1625449482.0,64.0
-3.93,1625449482.0,64.0
-6.24,1625449482.0,64.0
-8.53,1625449482.0,64.0
-10.75,1625449482.0,64.0
-12.87,1625449482.0,64.0
-14.92,1625449482.0,64.0
-16.93,1625449482.0,64.0
-18.85,1625449482.0,64.0
-20.57,1625449482.0,64.0
-21.86,1625449482.0,64.0
-22.4,1625449482.0,64.0
-21.88,1625449482.0,64.0
-20.04,1625449482.0,64.0
-16.79,1625449482.0,64.0
-12.26,1625449482.0,64.0
-6.82,1625449482.0,64.0
-0.94,1625449482.0,64.0
4.88,1625449482.0,64.0
10.2,1625449482.0,64.0
14.8,1625449482.0,64.0
18.6,1625449482.0,64.0
21.64,1625449482.0,64.0
24.01,1625449482.0,64.0
25.78,1625449482.0,64.0
26.97,1625449482.0,64.0
27.6,1625449482.0,64.0
27.65,1625449482.0,64.0
27.14,1625449482.0,64.0
26.19,1625449482.0,64.0
24.96,1625449482.0,64.0
23.67,1625449482.0,64.0
22.52,1625449482.0,64.0
21.65,1625449482.0,64.0
21.08,1625449482.0,64.0
20.75,1625449482.0,64.0
20.47,1625449482.0,64.0
20.02,1625449482.0,64.0
19.17,1625449482.0,64.0
17.76,1625449482.0,64.0
15.7,1625449482.0,64.0
13.05,1625449482.0,64.0
10.0,1625449482.0,64.0
6.84,1625449482.0,64.0
3.83,1625449482.0,64.0
1.2,1625449482.0,64.0
-1.05,1625449482.0,64.0
-3.04,1625449482.0,64.0
-4.97,1625449482.0,64.0
-7.04,1625449482.0,64.0
-9.36,1625449482.0,64.0
-11.96,1625449482.0,64.0
-14.87,1625449482.0,64.0
-18.05,1625449482.0,64.0
-21.46,1625449482.0,64.0
-24.86,1625449482.0,64.0
-27.88,1625449482.0,64.0
-30.03,1625449482.0,64.0
-30.9,1625449482.0,64.0
-30.27,1625449482.0,64.0
-28.21,1625449482.0,64.0
-24.99,1625449482.0,64.0
-20.96,1625449482.0,64.0
-16.35,1625449482.0,64.0
-11.29,1625449482.0,64.0
-5.82,1625449482.0,64.0
-0.06,1625449482.0,64.0
5.71,1625449482.0,64.0
11.1,1625449482.0,64.0
15.72,1625449482.0,64.0
19.29,1625449482.0,64.0
21.79,1625449482.0,64.0
23.4,1625449482.0,64.0
24.44,1625449482.0,64.0
25.23,1625449482.0,64.0
25.96,1625449482.0,64.0
26.73,1625449482.0,64.0
27.53,1625449482.0,64.0
28.3,1625449482.0,64.0
29.0,1625449482.0,64.0
29.6,1625449482.0,64.0
30.03,1625449482.0,64.0
30.17,1625449482.0,64.0
29.91,1625449482.0,64.0
29.14,1625449482.0,64.0
27.87,1625449482.0,64.0
26.12,1625449482.0,64.0
24.04,1625449482.0,64.0
21.71,1625449482.0,64.0
19.25,1625449482.0,64.0
16.69,1625449482.0,64.0
14.05,1625449482.0,64.0
11.37,1625449482.0,64.0
8.74,1625449482.0,64.0
6.27,1625449482.0,64.0
4.03,1625449482.0,64.0
2.06,1625449482.0,64.0
0.27,1625449482.0,64.0
-1.48,1625449482.0,64.0
-3.32,1625449482.0,64.0
-5.23,1625449482.0,64.0
-7.03,1625449482.0,64.0
-8.39,1625449482.0,64.0
-8.87,1625449482.0,64.0
-8.18,1625449482.0,64.0
-6.18,1625449482.0,64.0
-2.98,1625449482.0,64.0
1.18,1625449482.0,64.0
6.07,1625449482.0,64.0
11.54,1625449482.0,64.0
17.42,1625449482.0,64.0
23.47,1625449482.0,64.0
29.33,1625449482.0,64.0
34.46,1625449482.0,64.0
38.37,1625449482.0,64.0
40.7,1625449482.0,64.0
41.39,1625449482.0,64.0
40.69,1625449482.0,64.0
38.97,1625449482.0,64.0
36.66,1625449482.0,64.0
34.04,1625449482.0,64.0
31.24,1625449482.0,64.0
28.19,1625449482.0,64.0
24.71,1625449482.0,64.0
20.63,1625449482.0,64.0
15.82,1625449482.0,64.0
10.34,1625449482.0,64.0
4.38,1625449482.0,64.0
-1.72,1625449482.0,64.0
-7.59,1625449482.0,64.0
-12.93,1625449482.0,64.0
-17.61,1625449482.0,64.0
-21.67,1625449482.0,64.0
-25.28,1625449482.0,64.0
-28.64,1625449482.0,64.0
-31.95,1625449482.0,64.0
-35.33,1625449482.0,64.0
-38.87,1625449482.0,64.0
-42.58,1625449482.0,64.0
-46.39,1625449482.0,64.0
-50.1,1625449482.0,64.0
-53.4,1625449482.0,64.0
-55.93,1625449482.0,64.0
-57.45,1625449482.0,64.0
-57.89,1625449482.0,64.0
-57.38,1625449482.0,64.0
-56.14,1625449482.0,64.0
-54.32,1625449482.0,64.0
-51.94,1625449482.0,64.0
-48.89,1625449482.0,64.0
-45.03,1625449482.0,64.0
-40.35,1625449482.0,64.0
-35.0,1625449482.0,64.0
-29.19,1625449482.0,64.0
-23.13,1625449482.0,64.0
-16.89,1625449482.0,64.0
-10.52,1625449482.0,64.0
-4.07,1625449482.0,64.0
2.19,1625449482.0,64.0
7.82,1625449482.0,64.0
12.35,1625449482.0,64.0
15.51,1625449482.0,64.0
17.34,1625449482.0,64.0
18.25,1625449482.0,64.0
18.8,1625449482.0,64.0
19.48,1625449482.0,64.0
20.45,1625449482.0,64.0
21.51,1625449482.0,64.0
22.21,1625449482.0,64.0
22.15,1625449482.0,64.0
21.16,1625449482.0,64.0
19.4,1625449482.0,64.0
17.27,1625449482.0,64.0
15.18,1625449482.0,64.0
13.35,1625449482.0,64.0
11.79,1625449482.0,64.0
10.26,1625449482.0,64.0
8.58,1625449482.0,64.0
6.65,1625449482.0,64.0
4.62,1625449482.0,64.0
2.75,1625449482.0,64.0
1.21,1625449482.0,64.0
0.0,1625449482.0,64.0
-1.07,1625449482.0,64.0
-2.33,1625449482.0,64.0
-4.05,1625449482.0,64.0
-6.33,1625449482.0,64.0
-9.09,1625449482.0,64.0
-12.15,1625449482.0,64.0
-15.26,1625449482.0,64.0
-18.29,1625449482.0,64.0
-21.11,1625449482.0,64.0
-23.57,1625449482.0,64.0
-25.47,1625449482.0,64.0
-26.54,1625449482.0,64.0
-26.56,1625449482.0,64.0
-25.45,1625449482.0,64.0
-23.3,1625449482.0,64.0
-20.27,1625449482.0,64.0
-16.57,1625449482.0,64.0
-12.39,1625449482.0,64.0
-7.86,1625449482.0,64.0
-3.14,1625449482.0,64.0
1.5,1625449482.0,64.0
5.7,1625449482.0,64.0
9.11,1625449482.0,64.0
11.5,1625449482.0,64.0
12.9,1625449482.0,64.0
13.57,1625449482.0,64.0
13.9,1625449482.0,64.0
14.24,1625449482.0,64.0
14.76,1625449482.0,64.0
15.45,1625449482.0,64.0
16.11,1625449482.0,64.0
16.51,1625449482.0,64.0
16.49,1625449482.0,64.0
16.07,1625449482.0,64.0
15.4,1625449482.0,64.0
14.73,1625449482.0,64.0
14.26,1625449482.0,64.0
14.03,1625449482.0,64.0
13.89,1625449482.0,64.0
13.62,1625449482.0,64.0
13.01,1625449482.0,64.0
12.0,1625449482.0,64.0
10.68,1625449482.0,64.0
9.18,1625449482.0,64.0
7.54,1625449482.0,64.0
5.68,1625449482.0,64.0
3.43,1625449482.0,64.0
0.63,1625449482.0,64.0
-2.68,1625449482.0,64.0
-6.33,1625449482.0,64.0
-10.04,1625449482.0,64.0
-13.56,1625449482.0,64.0
-16.72,1625449482.0,64.0
-19.46,1625449482.0,64.0
-21.66,1625449482.0,64.0
-23.12,1625449482.0,64.0
-23.6,1625449482.0,64.0
-22.85,1625449482.0,64.0
-20.82,1625449482.0,64.0
-17.61,1625449482.0,64.0
-13.51,1625449482.0,64.0
-8.89,1625449482.0,64.0
-4.06,1625449482.0,64.0
0.68,1625449482.0,64.0
5.04,1625449482.0,64.0
8.73,1625449482.0,64.0
11.46,1625449482.0,64.0
13.05,1625449482.0,64.0
13.53,1625449482.0,64.0
13.14,1625449482.0,64.0
12.28,1625449482.0,64.0
11.38,1625449482.0,64.0
10.68,1625449482.0,64.0
10.22,1625449482.0,64.0
9.85,1625449482.0,64.0
9.4,1625449482.0,64.0
8.77,1625449482.0,64.0
8.0,1625449482.0,64.0
7.22,1625449482.0,64.0
6.58,1625449482.0,64.0
6.08,1625449482.0,64.0
5.69,1625449482.0,64.0
5.32,1625449482.0,64.0
4.91,1625449482.0,64.0
4.45,1625449482.0,64.0
3.96,1625449482.0,64.0
3.45,1625449482.0,64.0
2.84,1625449482.0,64.0
2.0,1625449482.0,64.0
0.77,1625449482.0,64.0
-0.96,1625449482.0,64.0
-3.21,1625449482.0,64.0
-5.93,1625449482.0,64.0
-9.04,1625449482.0,64.0
-12.44,1625449482.0,64.0
-15.97,1625449482.0,64.0
-19.37,1625449482.0,64.0
-22.26,1625449482.0,64.0
-24.19,1625449482.0,64.0
-24.75,1625449482.0,64.0
-23.72,1625449482.0,64.0
-21.16,1625449482.0,64.0
-17.32,1625449482.0,64.0
-12.65,1625449482.0,64.0
-7.53,1625449482.0,64.0
-2.31,1625449482.0,64.0
2.75,1625449482.0,64.0
7.42,1625449482.0,64.0
11.46,1625449482.0,64.0
14.66,1625449482.0,64.0
16.89,1625449482.0,64.0
18.22,1625449482.0,64.0
18.83,1625449482.0,64.0
19.01,1625449482.0,64.0
18.99,1625449482.0,64.0
18.9,1625449482.0,64.0
18.75,1625449482.0,64.0
18.45,1625449482.0,64.0
17.91,1625449482.0,64.0
17.06,1625449482.0,64.0
15.86,1625449482.0,64.0
14.32,1625449482.0,64.0
12.48,1625449482.0,64.0
10.42,1625449482.0,64.0
8.27,1625449482.0,64.0
6.18,1625449482.0,64.0
4.26,1625449482.0,64.0
2.58,1625449482.0,64.0
1.1,1625449482.0,64.0
-0.27,1625449482.0,64.0
-1.65,1625449482.0,64.0
-3.18,1625449482.0,64.0
-4.94,1625449482.0,64.0
-7.01,1625449482.0,64.0
-9.41,1625449482.0,64.0
-12.08,1625449482.0,64.0
-14.95,1625449482.0,64.0
-17.88,1625449482.0,64.0
-20.66,1625449482.0,64.0
-22.99,1625449482.0,64.0
-24.56,1625449482.0,64.0
-25.07,1625449482.0,64.0
-24.32,1625449482.0,64.0
-22.32,1625449482.0,64.0
-19.21,1625449482.0,64.0
-15.27,1625449482.0,64.0
-10.82,1625449482.0,64.0
-6.11,1625449482.0,64.0
-1.32,1625449482.0,64.0
3.34,1625449482.0,64.0
7.64,1625449482.0,64.0
11.3,1625449482.0,64.0
14.06,1625449482.0,64.0
15.82,1625449482.0,64.0
16.7,1625449482.0,64.0
16.97,1625449482.0,64.0
16.97,1625449482.0,64.0
16.96,1625449482.0,64.0
17.06,1625449482.0,64.0
17.22,1625449482.0,64.0
17.28,1625449482.0,64.0
17.07,1625449482.0,64.0
16.43,1625449482.0,64.0
15.32,1625449482.0,64.0
13.76,1625449482.0,64.0
11.83,1625449482.0,64.0
9.66,1625449482.0,64.0
7.32,1625449482.0,64.0
4.9,1625449482.0,64.0
2.43,1625449482.0,64.0
-0.01,1625449482.0,64.0
-2.37,1625449482.0,64.0
-4.54,1625449482.0,64.0
-6.44,1625449482.0,64.0
-8.08,1625449482.0,64.0
-9.52,1625449482.0,64.0
-10.89,1625449482.0,64.0
-12.34,1625449482.0,64.0
-13.98,1625449482.0,64.0
-15.82,1625449482.0,64.0
-17.78,1625449482.0,64.0
-19.71,1625449482.0,64.0
-21.38,1625449482.0,64.0
-22.54,1625449482.0,64.0
-22.93,1625449482.0,64.0
-22.35,1625449482.0,64.0
-20.68,1625449482.0,64.0
-17.93,1625449482.0,64.0
-14.25,1625449482.0,64.0
-9.92,1625449482.0,64.0
-5.33,1625449482.0,64.0
-0.91,1625449482.0,64.0
2.93,1625449482.0,64.0
5.94,1625449482.0,64.0
8.06,1625449482.0,64.0
9.39,1625449482.0,64.0
10.23,1625449482.0,64.0
10.86,1625449482.0,64.0
11.54,1625449482.0,64.0
12.34,1625449482.0,64.0
13.18,1625449482.0,64.0
13.88,1625449482.0,64.0
14.22,1625449482.0,64.0
14.0,1625449482.0,64.0
13.07,1625449482.0,64.0
11.41,1625449482.0,64.0
9.06,1625449482.0,64.0
6.21,1625449482.0,64.0
3.19,1625449482.0,64.0
0.4,1625449482.0,64.0
-1.76,1625449482.0,64.0
-3.03,1625449482.0,64.0
-3.38,1625449482.0,64.0
-3.05,1625449482.0,64.0
-2.46,1625449482.0,64.0
-2.02,1625449482.0,64.0
-2.03,1625449482.0,64.0
-2.51,1625449482.0,64.0
-3.38,1625449482.0,64.0
-4.52,1625449482.0,64.0
-5.92,1625449482.0,64.0
-7.7,1625449482.0,64.0
-10.0,1625449482.0,64.0
-12.85,1625449482.0,64.0
-16.09,1625449482.0,64.0
-19.34,1625449482.0,64.0
-22.1,1625449482.0,64.0
-23.92,1625449482.0,64.0
-24.46,1625449482.0,64.0
-23.6,1625449482.0,64.0
-21.38,1625449482.0,64.0
-18.02,1625449482.0,64.0
-13.81,1625449482.0,64.0
-9.03,1625449482.0,64.0
-3.95,1625449482.0,64.0
1.17,1625449482.0,64.0
6.09,1625449482.0,64.0
10.5,1625449482.0,64.0
14.14,1625449482.0,64.0
16.81,1625449482.0,64.0
18.48,1625449482.0,64.0
19.34,1625449482.0,64.0
19.67,1625449482.0,64.0
19.77,1625449482.0,64.0
19.8,1625449482.0,64.0
19.76,1625449482.0,64.0
19.54,1625449482.0,64.0
19.01,1625449482.0,64.0
18.16,1625449482.0,64.0
17.05,1625449482.0,64.0
15.82,1625449482.0,64.0
14.56,1625449482.0,64.0
13.29,1625449482.0,64.0
11.97,1625449482.0,64.0
10.54,1625449482.0,64.0
8.9,1625449482.0,64.0
6.98,1625449482.0,64.0
4.72,1625449482.0,64.0
2.09,1625449482.0,64.0
-0.84,1625449482.0,64.0
-3.93,1625449482.0,64.0
-6.93,1625449482.0,64.0
-9.63,1625449482.0,64.0
-11.83,1625449482.0,64.0
-13.49,1625449482.0,64.0
-14.68,1625449482.0,64.0
-15.57,1625449482.0,64.0
-16.42,1625449482.0,64.0
-17.51,1625449482.0,64.0
-19.03,1625449482.0,64.0
-21.02,1625449482.0,64.0
-23.28,1625449482.0,64.0
-25.41,1625449482.0,64.0
-26.87,1625449482.0,64.0
-27.21,1625449482.0,64.0
-26.18,1625449482.0,64.0
-23.82,1625449482.0,64.0
-20.39,1625449482.0,64.0
-16.27,1625449482.0,64.0
-11.79,1625449482.0,64.0
-7.19,1625449482.0,64.0
-2.59,1625449482.0,64.0
1.88,1625449482.0,64.0
5.99,1625449482.0,64.0
9.46,1625449482.0,64.0
12.08,1625449482.0,64.0
13.78,1625449482.0,64.0
14.69,1625449482.0,64.0
15.12,1625449482.0,64.0
15.4,1625449482.0,64.0
15.77,1625449482.0,64.0
16.27,1625449482.0,64.0
16.77,1625449482.0,64.0
17.04,1625449482.0,64.0
16.9,1625449482.0,64.0
16.25,1625449482.0,64.0
15.17,1625449482.0,64.0
13.78,1625449482.0,64.0
12.23,1625449482.0,64.0
10.65,1625449482.0,64.0
9.09,1625449482.0,64.0
7.58,1625449482.0,64.0
6.11,1625449482.0,64.0
4.72,1625449482.0,64.0
3.41,1625449482.0,64.0
2.18,1625449482.0,64.0
0.98,1625449482.0,64.0
-0.27,1625449482.0,64.0
-1.68,1625449482.0,64.0
-3.26,1625449482.0,64.0
-4.98,1625449482.0,64.0
-6.77,1625449482.0,64.0
-8.61,1625449482.0,64.0
-10.54,1625449482.0,64.0
-12.63,1625449482.0,64.0
-14.95,1625449482.0,64.0
-17.44,1625449482.0,64.0
-19.97,1625449482.0,64.0
-22.29,1625449482.0,64.0
-24.16,1625449482.0,64.0
-25.35,1625449482.0,64.0
-25.69,1625449482.0,64.0
-25.08,1625449482.0,64.0
-23.41,1625449482.0,64.0
-20.68,1625449482.0,64.0
-17.0,1625449482.0,64.0
-12.59,1625449482.0,64.0
-7.81,1625449482.0,64.0
-3.03,1625449482.0,64.0
1.4,1625449482.0,64.0
5.24,1625449482.0,64.0
8.38,1625449482.0,64.0
10.88,1625449482.0,64.0
12.85,1625449482.0,64.0
14.49,1625449482.0,64.0
15.98,1625449482.0,64.0
17.37,1625449482.0,64.0
18.66,1625449482.0,64.0
19.75,1625449482.0,64.0
20.52,1625449482.0,64.0
20.87,1625449482.0,64.0
20.68,1625449482.0,64.0
19.95,1625449482.0,64.0
18.66,1625449482.0,64.0
16.88,1625449482.0,64.0
14.75,1625449482.0,64.0
12.43,1625449482.0,64.0
10.11,1625449482.0,64.0
7.96,1625449482.0,64.0
6.04,1625449482.0,64.0
4.33,1625449482.0,64.0
2.73,1625449482.0,64.0
1.13,1625449482.0,64.0
-0.56,1625449482.0,64.0
-2.34,1625449482.0,64.0
-4.16,1625449482.0,64.0
-5.92,1625449482.0,64.0
-7.51,1625449482.0,64.0
-8.93,1625449482.0,64.0
-10.27,1625449482.0,64.0
-11.72,1625449482.0,64.0
-13.51,1625449482.0,64.0
-15.79,1625449482.0,64.0
-18.57,1625449482.0,64.0
-21.63,1625449482.0,64.0
-24.6,1625449482.0,64.0
-27.01,1625449482.0,64.0
-28.38,1625449482.0,64.0
-28.38,1625449482.0,64.0
-26.84,1625449482.0,64.0
-23.79,1625449482.0,64.0
-19.5,1625449482.0,64.0
-14.37,1625449482.0,64.0
-8.82,1625449482.0,64.0
-3.26,1625449482.0,64.0
2.01,1625449482.0,64.0
6.77,1625449482.0,64.0
10.82,1625449482.0,64.0
14.01,1625449482.0,64.0
16.21,1625449482.0,64.0
17.43,1625449482.0,64.0
17.85,1625449482.0,64.0
17.79,1625449482.0,64.0
17.6,1625449482.0,64.0
17.52,1625449482.0,64.0
17.63,1625449482.0,64.0
17.8,1625449482.0,64.0
17.82,1625449482.0,64.0
17.54,1625449482.0,64.0
16.89,1625449482.0,64.0
15.92,1625449482.0,64.0
14.73,1625449482.0,64.0
13.39,1625449482.0,64.0
11.95,1625449482.0,64.0
10.42,1625449482.0,64.0
8.84,1625449482.0,64.0
7.22,1625449482.0,64.0
5.61,1625449482.0,64.0
4.01,1625449482.0,64.0
2.43,1625449482.0,64.0
0.85,1625449482.0,64.0
-0.75,1625449482.0,64.0
-2.37,1625449482.0,64.0
-4.02,1625449482.0,64.0
-5.72,1625449482.0,64.0
-7.51,1625449482.0,64.0
-9.46,1625449482.0,64.0
-11.64,1625449482.0,64.0
-14.09,1625449482.0,64.0
-16.84,1625449482.0,64.0
-19.82,1625449482.0,64.0
-22.85,1625449482.0,64.0
-25.56,1625449482.0,64.0
-27.55,1625449482.0,64.0
-28.42,1625449482.0,64.0
-27.9,1625449482.0,64.0
-25.99,1625449482.0,64.0
-22.91,1625449482.0,64.0
-19.01,1625449482.0,64.0
-14.62,1625449482.0,64.0
-10.0,1625449482.0,64.0
-5.29,1625449482.0,64.0
-0.61,1625449482.0,64.0
3.88,1625449482.0,64.0
7.94,1625449482.0,64.0
11.34,1625449482.0,64.0
13.91,1625449482.0,64.0
15.67,1625449482.0,64.0
16.78,1625449482.0,64.0
17.52,1625449482.0,64.0
18.1,1625449482.0,64.0
18.68,1625449482.0,64.0
19.23,1625449482.0,64.0
19.66,1625449482.0,64.0
19.83,1625449482.0,64.0
19.64,1625449482.0,64.0
19.08,1625449482.0,64.0
18.21,1625449482.0,64.0
17.14,1625449482.0,64.0
15.94,1625449482.0,64.0
14.67,1625449482.0,64.0
13.33,1625449482.0,64.0
11.92,1625449482.0,64.0
10.39,1625449482.0,64.0
8.75,1625449482.0,64.0
6.99,1625449482.0,64.0
5.13,1625449482.0,64.0
3.18,1625449482.0,64.0
1.2,1625449482.0,64.0
-0.79,1625449482.0,64.0
-2.74,1625449482.0,64.0
-4.67,1625449482.0,64.0
-6.64,1625449482.0,64.0
-8.76,1625449482.0,64.0
-11.19,1625449482.0,64.0
-14.06,1625449482.0,64.0
-17.41,1625449482.0,64.0
-21.15,1625449482.0,64.0
-25.05,1625449482.0,64.0
-28.8,1625449482.0,64.0
-32.01,1625449482.0,64.0
-34.35,1625449482.0,64.0
-35.51,1625449482.0,64.0
-35.26,1625449482.0,64.0
-33.5,1625449482.0,64.0
-30.28,1625449482.0,64.0
-25.82,1625449482.0,64.0
-20.47,1625449482.0,64.0
-14.6,1625449482.0,64.0
-8.52,1625449482.0,64.0
-2.45,1625449482.0,64.0
3.45,1625449482.0,64.0
9.03,1625449482.0,64.0
14.02,1625449482.0,64.0
18.15,1625449482.0,64.0
21.2,1625449482.0,64.0
23.09,1625449482.0,64.0
23.98,1625449482.0,64.0
24.15,1625449482.0,64.0
23.93,1625449482.0,64.0
23.56,1625449482.0,64.0
23.14,1625449482.0,64.0
22.65,1625449482.0,64.0
22.12,1625449482.0,64.0
21.58,1625449482.0,64.0
21.07,1625449482.0,64.0
20.64,1625449482.0,64.0
20.22,1625449482.0,64.0
19.68,1625449482.0,64.0
18.91,1625449482.0,64.0
17.84,1625449482.0,64.0
16.47,1625449482.0,64.0
14.85,1625449482.0,64.0
13.09,1625449482.0,64.0
11.19,1625449482.0,64.0
9.14,1625449482.0,64.0
6.9,1625449482.0,64.0
4.43,1625449482.0,64.0
1.76,1625449482.0,64.0
-1.06,1625449482.0,64.0
-3.97,1625449482.0,64.0
-6.92,1625449482.0,64.0
-9.86,1625449482.0,64.0
-12.78,1625449482.0,64.0
-15.65,1625449482.0,64.0
-18.44,1625449482.0,64.0
-21.17,1625449482.0,64.0
-23.84,1625449482.0,64.0
-26.46,1625449482.0,64.0
-28.94,1625449482.0,64.0
-31.09,1625449482.0,64.0
-32.56,1625449482.0,64.0
-32.96,1625449482.0,64.0
-31.97,1625449482.0,64.0
-29.52,1625449482.0,64.0
-25.81,1625449482.0,64.0
-21.25,1625449482.0,64.0
-16.3,1625449482.0,64.0
-11.26,1625449482.0,64.0
-6.26,1625449482.0,64.0
-1.27,1625449482.0,64.0
3.71,1625449482.0,64.0
8.54,1625449482.0,64.0
12.9,1625449482.0,64.0
16.43,1625449482.0,64.0
18.9,1625449482.0,64.0
20.35,1625449482.0,64.0
21.03,1625449482.0,64.0
21.29,1625449482.0,64.0
21.41,1625449482.0,64.0
21.49,1625449482.0,64.0
21.54,1625449482.0,64.0
21.45,1625449482.0,64.0
21.18,1625449482.0,64.0
20.72,1625449482.0,64.0
20.07,1625449482.0,64.0
19.22,1625449482.0,64.0
18.14,1625449482.0,64.0
16.77,1625449482.0,64.0
15.11,1625449482.0,64.0
13.17,1625449482.0,64.0
11.0,1625449482.0,64.0
8.65,1625449482.0,64.0
6.2,1625449482.0,64.0
3.72,1625449482.0,64.0
1.3,1625449482.0,64.0
-0.94,1625449482.0,64.0
-2.95,1625449482.0,64.0
-4.67,1625449482.0,64.0
-6.16,1625449482.0,64.0
-7.48,1625449482.0,64.0
-8.74,1625449482.0,64.0
-10.07,1625449482.0,64.0
-11.58,1625449482.0,64.0
-13.33,1625449482.0,64.0
-15.36,1625449482.0,64.0
-17.66,1625449482.0,64.0
-20.12,1625449482.0,64.0
-22.63,1625449482.0,64.0
-25.01,1625449482.0,64.0
-27.0,1625449482.0,64.0
-28.31,1625449482.0,64.0
-28.62,1625449482.0,64.0
-27.7,1625449482.0,64.0
-25.51,1625449482.0,64.0
-22.17,1625449482.0,64.0
-17.98,1625449482.0,64.0
-13.29,1625449482.0,64.0
-8.39,1625449482.0,64.0
-3.53,1625449482.0,64.0
1.14,1625449482.0,64.0
5.47,1625449482.0,64.0
9.33,1625449482.0,64.0
12.59,1625449482.0,64.0
15.2,1625449482.0,64.0
17.18,1625449482.0,64.0
18.6,1625449482.0,64.0
19.56,1625449482.0,64.0
20.13,1625449482.0,64.0
20.37,1625449482.0,64.0
20.39,1625449482.0,64.0
20.33,1625449482.0,64.0
20.3,1625449482.0,64.0
20.34,1625449482.0,64.0
20.29,1625449482.0,64.0
19.87,1625449482.0,64.0
18.8,1625449482.0,64.0
16.96,1625449482.0,64.0
14.47,1625449482.0,64.0
11.69,1625449482.0,64.0
9.01,1625449482.0,64.0
6.75,1625449482.0,64.0
5.0,1625449482.0,64.0
3.67,1625449482.0,64.0
2.59,1625449482.0,64.0
1.59,1625449482.0,64.0
0.58,1625449482.0,64.0
-0.49,1625449482.0,64.0
-1.69,1625449482.0,64.0
-3.14,1625449482.0,64.0
-4.95,1625449482.0,64.0
-7.18,1625449482.0,64.0
-9.78,1625449482.0,64.0
-12.53,1625449482.0,64.0
-15.25,1625449482.0,64.0
-17.78,1625449482.0,64.0
-20.09,1625449482.0,64.0
-22.27,1625449482.0,64.0
-24.41,1625449482.0,64.0
-26.51,1625449482.0,64.0
-28.39,1625449482.0,64.0
-29.71,1625449482.0,64.0
-30.03,1625449482.0,64.0
-29.01,1625449482.0,64.0
-26.53,1625449482.0,64.0
-22.74,1625449482.0,64.0
-18.01,1625449482.0,64.0
-12.79,1625449482.0,64.0
-7.5,1625449482.0,64.0
-2.46,1625449482.0,64.0
2.14,1625449482.0,64.0
6.13,1625449482.0,64.0
9.39,1625449482.0,64.0
11.86,1625449482.0,64.0
13.55,1625449482.0,64.0
14.65,1625449482.0,64.0
15.41,1625449482.0,64.0
16.09,1625449482.0,64.0
16.89,1625449482.0,64.0
17.8,1625449482.0,64.0
18.73,1625449482.0,64.0
19.51,1625449482.0,64.0
20.02,1625449482.0,64.0
20.18,1625449482.0,64.0
20.0,1625449482.0,64.0
19.47,1625449482.0,64.0
18.58,1625449482.0,64.0
17.34,1625449482.0,64.0
15.73,1625449482.0,64.0
13.81,1625449482.0,64.0
11.7,1625449482.0,64.0
9.6,1625449482.0,64.0
7.71,1625449482.0,64.0
6.17,1625449482.0,64.0
4.97,1625449482.0,64.0
3.95,1625449482.0,64.0
2.88,1625449482.0,64.0
1.56,1625449482.0,64.0
-0.06,1625449482.0,64.0
-1.9,1625449482.0,64.0
-3.8,1625449482.0,64.0
-5.66,1625449482.0,64.0
-7.49,1625449482.0,64.0
-9.38,1625449482.0,64.0
-11.5,1625449482.0,64.0
-13.94,1625449482.0,64.0
-16.65,1625449482.0,64.0
-19.52,1625449482.0,64.0
-22.34,1625449482.0,64.0
-24.94,1625449482.0,64.0
-27.09,1625449482.0,64.0
-28.55,1625449482.0,64.0
-29.0,1625449482.0,64.0
-28.18,1625449482.0,64.0
-25.95,1625449482.0,64.0
-22.4,1625449482.0,64.0
-17.88,1625449482.0,64.0
-12.84,1625449482.0,64.0
-7.79,1625449482.0,64.0
-3.08,1625449482.0,64.0
1.09,1625449482.0,64.0
4.68,1625449482.0,64.0
7.72,1625449482.0,64.0
10.24,1625449482.0,64.0
12.31,1625449482.0,64.0
13.92,1625449482.0,64.0
15.15,1625449482.0,64.0
16.06,1625449482.0,64.0
16.67,1625449482.0,64.0
17.01,1625449482.0,64.0
17.06,1625449482.0,64.0
16.84,1625449482.0,64.0
16.38,1625449482.0,64.0
15.69,1625449482.0,64.0
14.84,1625449482.0,64.0
13.84,1625449482.0,64.0
12.75,1625449482.0,64.0
11.62,1625449482.0,64.0
10.48,1625449482.0,64.0
9.32,1625449482.0,64.0
8.11,1625449482.0,64.0
6.78,1625449482.0,64.0
5.31,1625449482.0,64.0
3.69,1625449482.0,64.0
2.04,1625449482.0,64.0
0.5,1625449482.0,64.0
-0.8,1625449482.0,64.0
-1.8,1625449482.0,64.0
-2.55,1625449482.0,64.0
-3.17,1625449482.0,64.0
-3.88,1625449482.0,64.0
-4.9,1625449482.0,64.0
-6.44,1625449482.0,64.0
-8.64,1625449482.0,64.0
-11.52,1625449482.0,64.0
-14.95,1625449482.0,64.0
-18.63,1625449482.0,64.0
-22.09,1625449482.0,64.0
-24.78,1625449482.0,64.0
-26.1,1625449482.0,64.0
-25.61,1625449482.0,64.0
-23.11,1625449482.0,64.0
-18.69,1625449482.0,64.0
-12.76,1625449482.0,64.0
-5.97,1625449482.0,64.0
0.93,1625449482.0,64.0
7.27,1625449482.0,64.0
12.56,1625449482.0,64.0
16.55,1625449482.0,64.0
19.2,1625449482.0,64.0
20.56,1625449482.0,64.0
20.74,1625449482.0,64.0
19.94,1625449482.0,64.0
18.47,1625449482.0,64.0
16.7,1625449482.0,64.0
15.02,1625449482.0,64.0
13.63,1625449482.0,64.0
12.54,1625449482.0,64.0
11.48,1625449482.0,64.0
10.15,1625449482.0,64.0
8.37,1625449482.0,64.0
6.15,1625449482.0,64.0
3.73,1625449482.0,64.0
1.4,1625449482.0,64.0
-0.61,1625449482.0,64.0
-2.31,1625449482.0,64.0
-3.86,1625449482.0,64.0
-5.42,1625449482.0,64.0
-7.05,1625449482.0,64.0
-8.67,1625449482.0,64.0
-10.1,1625449482.0,64.0
-11.19,1625449482.0,64.0
-11.91,1625449482.0,64.0
-12.37,1625449482.0,64.0
-12.77,1625449482.0,64.0
-13.35,1625449482.0,64.0
-14.24,1625449482.0,64.0
-15.51,1625449482.0,64.0
-17.13,1625449482.0,64.0
-19.08,1625449482.0,64.0
-21.29,1625449482.0,64.0
-23.64,1625449482.0,64.0
-25.92,1625449482.0,64.0
-27.78,1625449482.0,64.0
-28.8,1625449482.0,64.0
-28.65,1625449482.0,64.0
-27.15,1625449482.0,64.0
-24.34,1625449482.0,64.0
-20.45,1625449482.0,64.0
-15.81,1625449482.0,64.0
-10.72,1625449482.0,64.0
-5.44,1625449482.0,64.0
-0.15,1625449482.0,64.0
4.98,1625449482.0,64.0
9.73,1625449482.0,64.0
13.87,1625449482.0,64.0
17.23,1625449482.0,64.0
19.75,1625449482.0,64.0
21.5,1625449482.0,64.0
22.67,1625449482.0,64.0
23.46,1625449482.0,64.0
24.09,1625449482.0,64.0
24.65,1625449482.0,64.0
25.12,1625449482.0,64.0
25.35,1625449482.0,64.0
25.18,1625449482.0,64.0
24.5,1625449482.0,64.0
23.3,1625449482.0,64.0
21.67,1625449482.0,64.0
19.81,1625449482.0,64.0
17.9,1625449482.0,64.0
16.02,1625449482.0,64.0
14.12,1625449482.0,64.0
12.1,1625449482.0,64.0
9.82,1625449482.0,64.0
7.26,1625449482.0,64.0
4.56,1625449482.0,64.0
1.93,1625449482.0,64.0
-0.46,1625449482.0,64.0
-2.54,1625449482.0,64.0
-4.38,1625449482.0,64.0
-6.2,1625449482.0,64.0
-8.17,1625449482.0,64.0
-10.45,1625449482.0,64.0
-13.09,1625449482.0,64.0
-16.12,1625449482.0,64.0
-19.49,1625449482.0,64.0
-23.07,1625449482.0,64.0
-26.63,1625449482.0,64.0
-29.8,1625449482.0,64.0
-32.13,1625449482.0,64.0
-33.17,1625449482.0,64.0
-32.61,1625449482.0,64.0
-30.37,1625449482.0,64.0
-26.63,1625449482.0,64.0
-21.72,1625449482.0,64.0
-16.07,1625449482.0,64.0
-10.06,1625449482.0,64.0
-4.04,1625449482.0,64.0
1.71,1625449482.0,64.0
6.9,1625449482.0,64.0
11.3,1625449482.0,64.0
14.73,1625449482.0,64.0
17.15,1625449482.0,64.0
18.69,1625449482.0,64.0
19.61,1625449482.0,64.0
20.26,1625449482.0,64.0
20.92,1625449482.0,64.0
21.71,1625449482.0,64.0
22.55,1625449482.0,64.0
23.23,1625449482.0,64.0
23.52,1625449482.0,64.0
23.33,1625449482.0,64.0
22.69,1625449482.0,64.0
21.7,1625449482.0,64.0
20.43,1625449482.0,64.0
18.89,1625449482.0,64.0
17.0,1625449482.0,64.0
14.74,1625449482.0,64.0
12.15,1625449482.0,64.0
9.4,1625449482.0,64.0
6.75,1625449482.0,64.0
4.39,1625449482.0,64.0
2.36,1625449482.0,64.0
0.55,1625449482.0,64.0
-1.21,1625449482.0,64.0
-3.13,1625449482.0,64.0
-5.31,1625449482.0,64.0
-7.75,1625449482.0,64.0
-10.46,1625449482.0,64.0
-13.43,1625449482.0,64.0
-16.64,1625449482.0,64.0
-20.04,1625449482.0,64.0
-23.49,1625449482.0,64.0
-26.73,1625449482.0,64.0
-29.45,1625449482.0,64.0
-31.34,1625449482.0,64.0
-32.13,1625449482.0,64.0
-31.67,1625449482.0,64.0
-29.9,1625449482.0,64.0
-26.91,1625449482.0,64.0
-22.87,1625449482.0,64.0
-18.02,1625449482.0,64.0
-12.64,1625449482.0,64.0
-7.0,1625449482.0,64.0
-1.34,1625449482.0,64.0
4.12,1625449482.0,64.0
9.18,1625449482.0,64.0
13.61,1625449482.0,64.0
17.22,1625449482.0,64.0
19.94,1625449482.0,64.0
21.87,1625449482.0,64.0
23.22,1625449482.0,64.0
24.28,1625449482.0,64.0
25.26,1625449482.0,64.0
26.23,1625449482.0,64.0
27.1,1625449482.0,64.0
27.69,1625449482.0,64.0
27.81,1625449482.0,64.0
27.33,1625449482.0,64.0
26.24,1625449482.0,64.0
24.63,1625449482.0,64.0
22.65,1625449482.0,64.0
20.47,1625449482.0,64.0
18.25,1625449482.0,64.0
16.03,1625449482.0,64.0
13.77,1625449482.0,64.0
11.41,1625449482.0,64.0
8.9,1625449482.0,64.0
6.33,1625449482.0,64.0
3.87,1625449482.0,64.0
1.7,1625449482.0,64.0
-0.11,1625449482.0,64.0
-1.67,1625449482.0,64.0
-3.23,1625449482.0,64.0
-5.04,1625449482.0,64.0
-7.2,1625449482.0,64.0
-9.67,1625449482.0,64.0
-12.28,1625449482.0,64.0
-14.93,1625449482.0,64.0
-17.62,1625449482.0,64.0
-20.47,1625449482.0,64.0
-23.59,1625449482.0,64.0
-26.92,1625449482.0,64.0
-30.16,1625449482.0,64.0
-32.85,1625449482.0,64.0
-34.42,1625449482.0,64.0
-34.44,1625449482.0,64.0
-32.76,1625449482.0,64.0
-29.48,1625449482.0,64.0
-24.9,1625449482.0,64.0
-19.44,1625449482.0,64.0
-13.42,1625449482.0,64.0
-7.14,1625449482.0,64.0
-0.86,1625449482.0,64.0
5.11,1625449482.0,64.0
10.39,1625449482.0,64.0
14.67,1625449482.0,64.0
17.78,1625449482.0,64.0
19.78,1625449482.0,64.0
20.97,1625449482.0,64.0
21.73,1625449482.0,64.0
22.37,1625449482.0,64.0
23.06,1625449482.0,64.0
23.74,1625449482.0,64.0
24.29,1625449482.0,64.0
24.58,1625449482.0,64.0
24.6,1625449482.0,64.0
24.4,1625449482.0,64.0
24.05,1625449482.0,64.0
23.49,1625449482.0,64.0
22.66,1625449482.0,64.0
21.43,1625449482.0,64.0
19.71,1625449482.0,64.0
17.51,1625449482.0,64.0
14.98,1625449482.0,64.0
12.3,1625449482.0,64.0
9.69,1625449482.0,64.0
7.3,1625449482.0,64.0
5.17,1625449482.0,64.0
3.19,1625449482.0,64.0
1.18,1625449482.0,64.0
-1.01,1625449482.0,64.0
-3.45,1625449482.0,64.0
-6.05,1625449482.0,64.0
-8.57,1625449482.0,64.0
-10.78,1625449482.0,64.0
-12.58,1625449482.0,64.0
-13.98,1625449482.0,64.0
-15.19,1625449482.0,64.0
-16.47,1625449482.0,64.0
-18.06,1625449482.0,64.0
-20.08,1625449482.0,64.0
-22.46,1625449482.0,64.0
-24.98,1625449482.0,64.0
-27.25,1625449482.0,64.0
-28.85,1625449482.0,64.0
-29.38,1625449482.0,64.0
-28.6,1625449482.0,64.0
-26.44,1625449482.0,64.0
-23.03,1625449482.0,64.0
-18.62,1625449482.0,64.0
-13.52,1625449482.0,64.0
-8.05,1625449482.0,64.0
-2.53,1625449482.0,64.0
2.68,1625449482.0,64.0
7.26,1625449482.0,64.0
10.94,1625449482.0,64.0
13.65,1625449482.0,64.0
15.49,1625449482.0,64.0
16.76,1625449482.0,64.0
17.8,1625449482.0,64.0
18.89,1625449482.0,64.0
20.18,1625449482.0,64.0
21.67,1625449482.0,64.0
23.23,1625449482.0,64.0
24.62,1625449482.0,64.0
25.61,1625449482.0,64.0
25.96,1625449482.0,64.0
25.55,1625449482.0,64.0
24.42,1625449482.0,64.0
22.75,1625449482.0,64.0
20.85,1625449482.0,64.0
18.99,1625449482.0,64.0
17.38,1625449482.0,64.0
16.06,1625449482.0,64.0
14.96,1625449482.0,64.0
13.94,1625449482.0,64.0
12.84,1625449482.0,64.0
11.55,1625449482.0,64.0
9.99,1625449482.0,64.0
8.13,1625449482.0,64.0
5.97,1625449482.0,64.0
3.56,1625449482.0,64.0
0.97,1625449482.0,64.0
-1.73,1625449482.0,64.0
-4.41,1625449482.0,64.0
-6.94,1625449482.0,64.0
-9.2,1625449482.0,64.0
-11.09,1625449482.0,64.0
-12.65,1625449482.0,64.0
-14.08,1625449482.0,64.0
-15.65,1625449482.0,64.0
-17.67,1625449482.0,64.0
-20.3,1625449482.0,64.0
-23.42,1625449482.0,64.0
-26.68,1625449482.0,64.0
-29.56,1625449482.0,64.0
-31.57,1625449482.0,64.0
-32.35,1625449482.0,64.0
-31.72,1625449482.0,64.0
-29.67,1625449482.0,64.0
-26.38,1625449482.0,64.0
-22.09,1625449482.0,64.0
-17.09,1625449482.0,64.0
-11.66,1625449482.0,64.0
-6.08,1625449482.0,64.0
-0.57,1625449482.0,64.0
4.62,1625449482.0,64.0
9.25,1625449482.0,64.0
13.06,1625449482.0,64.0
15.89,1625449482.0,64.0
17.76,1625449482.0,64.0
18.91,1625449482.0,64.0
19.72,1625449482.0,64.0
20.53,1625449482.0,64.0
21.51,1625449482.0,64.0
22.54,1625449482.0,64.0
23.36,1625449482.0,64.0
23.68,1625449482.0,64.0
23.33,1625449482.0,64.0
22.34,1625449482.0,64.0
20.87,1625449482.0,64.0
19.12,1625449482.0,64.0
17.22,1625449482.0,64.0
15.26,1625449482.0,64.0
13.27,1625449482.0,64.0
11.26,1625449482.0,64.0
9.29,1625449482.0,64.0
7.44,1625449482.0,64.0
5.77,1625449482.0,64.0
4.32,1625449482.0,64.0
3.06,1625449482.0,64.0
1.91,1625449482.0,64.0
0.77,1625449482.0,64.0
-0.47,1625449482.0,64.0
-1.86,1625449482.0,64.0
-3.4,1625449482.0,64.0
-5.02,1625449482.0,64.0
-6.67,1625449482.0,64.0
-8.32,1625449482.0,64.0
-10.04,1625449482.0,64.0
-11.97,1625449482.0,64.0
-14.22,1625449482.0,64.0
-16.9,1625449482.0,64.0
-19.93,1625449482.0,64.0
-23.15,1625449482.0,64.0
-26.29,1625449482.0,64.0
-29.05,1625449482.0,64.0
-31.1,1625449482.0,64.0
-32.2,1625449482.0,64.0
-32.17,1625449482.0,64.0
-30.92,1625449482.0,64.0
-28.45,1625449482.0,64.0
-24.86,1625449482.0,64.0
-20.32,1625449482.0,64.0
-15.1,1625449482.0,64.0
-9.48,1625449482.0,64.0
-3.81,1625449482.0,64.0
1.53,1625449482.0,64.0
6.2,1625449482.0,64.0
9.94,1625449482.0,64.0
12.66,1625449482.0,64.0
14.41,1625449482.0,64.0
15.43,1625449482.0,64.0
16.02,1625449482.0,64.0
16.47,1625449482.0,64.0
16.93,1625449482.0,64.0
17.4,1625449482.0,64.0
17.8,1625449482.0,64.0
18.04,1625449482.0,64.0
18.08,1625449482.0,64.0
17.89,1625449482.0,64.0
17.5,1625449482.0,64.0
16.87,1625449482.0,64.0
15.96,1625449482.0,64.0
14.71,1625449482.0,64.0
13.11,1625449482.0,64.0
11.25,1625449482.0,64.0
9.28,1625449482.0,64.0
7.36,1625449482.0,64.0
5.63,1625449482.0,64.0
4.12,1625449482.0,64.0
2.84,1625449482.0,64.0
1.71,1625449482.0,64.0
0.64,1625449482.0,64.0
-0.53,1625449482.0,64.0
-1.94,1625449482.0,64.0
-3.78,1625449482.0,64.0
-6.09,1625449482.0,64.0
-8.77,1625449482.0,64.0
-11.51,1625449482.0,64.0
-14.02,1625449482.0,64.0
-16.11,1625449482.0,64.0
-17.81,1625449482.0,64.0
-19.41,1625449482.0,64.0
-21.19,1625449482.0,64.0
-23.25,1625449482.0,64.0
-25.37,1625449482.0,64.0
-27.02,1625449482.0,64.0
-27.59,1625449482.0,64.0
-26.58,1625449482.0,64.0
-23.87,1625449482.0,64.0
-19.68,1625449482.0,64.0
-14.51,1625449482.0,64.0
-8.9,1625449482.0,64.0
-3.33,1625449482.0,64.0
1.83,1625449482.0,64.0
6.37,1625449482.0,64.0
10.14,1625449482.0,64.0
13.04,1625449482.0,64.0
15.05,1625449482.0,64.0
16.2,1625449482.0,64.0
16.63,1625449482.0,64.0
16.57,1625449482.0,64.0
16.31,1625449482.0,64.0
16.12,1625449482.0,64.0
16.14,1625449482.0,64.0
16.39,1625449482.0,64.0
16.7,1625449482.0,64.0
16.87,1625449482.0,64.0
16.71,1625449482.0,64.0
16.14,1625449482.0,64.0
15.2,1625449482.0,64.0
14.02,1625449482.0,64.0
12.77,1625449482.0,64.0
11.52,1625449482.0,64.0
10.24,1625449482.0,64.0
8.82,1625449482.0,64.0
7.1,1625449482.0,64.0
5.03,1625449482.0,64.0
2.64,1625449482.0,64.0
0.05,1625449482.0,64.0
-2.55,1625449482.0,64.0
-4.97,1625449482.0,64.0
-7.14,1625449482.0,64.0
-9.09,1625449482.0,64.0
-10.92,1625449482.0,64.0
-12.73,1625449482.0,64.0
-14.56,1625449482.0,64.0
-16.43,1625449482.0,64.0
-18.32,1625449482.0,64.0
-20.25,1625449482.0,64.0
-22.23,1625449482.0,64.0
-24.28,1625449482.0,64.0
-26.24,1625449482.0,64.0
-27.8,1625449482.0,64.0
-28.55,1625449482.0,64.0
-28.06,1625449482.0,64.0
-26.15,1625449482.0,64.0
-22.88,1625449482.0,64.0
-18.52,1625449482.0,64.0
-13.44,1625449482.0,64.0
-8.0,1625449482.0,64.0
-2.43,1625449482.0,64.0
3.06,1625449482.0,64.0
8.25,1625449482.0,64.0
12.84,1625449482.0,64.0
16.52,1625449482.0,64.0
19.09,1625449482.0,64.0
20.49,1625449482.0,64.0
20.93,1625449482.0,64.0
20.78,1625449482.0,64.0
20.45,1625449482.0,64.0
20.27,1625449482.0,64.0
20.31,1625449482.0,64.0
20.44,1625449482.0,64.0
20.42,1625449482.0,64.0
20.01,1625449482.0,64.0
19.1,1625449482.0,64.0
17.75,1625449482.0,64.0
16.11,1625449482.0,64.0
14.36,1625449482.0,64.0
12.62,1625449482.0,64.0
10.92,1625449482.0,64.0
9.19,1625449482.0,64.0
7.35,1625449482.0,64.0
5.36,1625449482.0,64.0
3.21,1625449482.0,64.0
0.94,1625449482.0,64.0
-1.34,1625449482.0,64.0
-3.51,1625449482.0,64.0
-5.49,1625449482.0,64.0
-7.28,1625449482.0,64.0
-9.0,1625449482.0,64.0
-10.82,1625449482.0,64.0
-12.91,1625449482.0,64.0
-15.31,1625449482.0,64.0
-17.96,1625449482.0,64.0
-20.72,1625449482.0,64.0
-23.4,1625449482.0,64.0
-25.88,1625449482.0,64.0
-28.05,1625449482.0,64.0
-29.79,1625449482.0,64.0
-30.95,1625449482.0,64.0
-31.31,1625449482.0,64.0
-30.64,1625449482.0,64.0
-28.81,1625449482.0,64.0
-25.82,1625449482.0,64.0
-21.85,1625449482.0,64.0
-17.1,1625449482.0,64.0
-11.84,1625449482.0,64.0
-6.29,1625449482.0,64.0
-0.69,1625449482.0,64.0
4.68,1625449482.0,64.0
9.51,1625449482.0,64.0
13.51,1625449482.0,64.0
16.55,1625449482.0,64.0
18.65,1625449482.0,64.0
20.05,1625449482.0,64.0
21.08,1625449482.0,64.0
21.98,1625449482.0,64.0
22.8,1625449482.0,64.0
23.43,1625449482.0,64.0
23.64,1625449482.0,64.0
23.29,1625449482.0,64.0
22.37,1625449482.0,64.0
21.04,1625449482.0,64.0
19.5,1625449482.0,64.0
17.9,1625449482.0,64.0
16.27,1625449482.0,64.0
14.54,1625449482.0,64.0
12.66,1625449482.0,64.0
10.64,1625449482.0,64.0
8.53,1625449482.0,64.0
6.43,1625449482.0,64.0
4.37,1625449482.0,64.0
2.35,1625449482.0,64.0
0.36,1625449482.0,64.0
-1.55,1625449482.0,64.0
-3.27,1625449482.0,64.0
-4.66,1625449482.0,64.0
-5.68,1625449482.0,64.0
-6.45,1625449482.0,64.0
-7.29,1625449482.0,64.0
-8.57,1625449482.0,64.0
-10.59,1625449482.0,64.0
-13.43,1625449482.0,64.0
-16.96,1625449482.0,64.0
-20.85,1625449482.0,64.0
-24.79,1625449482.0,64.0
-28.43,1625449482.0,64.0
-31.48,1625449482.0,64.0
-33.64,1625449482.0,64.0
-34.59,1625449482.0,64.0
-34.06,1625449482.0,64.0
-31.92,1625449482.0,64.0
-28.22,1625449482.0,64.0
-23.22,1625449482.0,64.0
-17.34,1625449482.0,64.0
-10.96,1625449482.0,64.0
-4.43,1625449482.0,64.0
1.98,1625449482.0,64.0
8.03,1625449482.0,64.0
13.43,1625449482.0,64.0
17.88,1625449482.0,64.0
21.16,1625449482.0,64.0
23.19,1625449482.0,64.0
24.11,1625449482.0,64.0
24.19,1625449482.0,64.0
23.8,1625449482.0,64.0
23.24,1625449482.0,64.0
22.71,1625449482.0,64.0
22.26,1625449482.0,64.0
21.81,1625449482.0,64.0
21.25,1625449482.0,64.0
20.43,1625449482.0,64.0
19.28,1625449482.0,64.0
17.8,1625449482.0,64.0
16.08,1625449482.0,64.0
14.23,1625449482.0,64.0
12.37,1625449482.0,64.0
10.56,1625449482.0,64.0
8.81,1625449482.0,64.0
7.06,1625449482.0,64.0
5.3,1625449482.0,64.0
3.51,1625449482.0,64.0
1.76,1625449482.0,64.0
0.1,1625449482.0,64.0
-1.43,1625449482.0,64.0
-2.83,1625449482.0,64.0
-4.19,1625449482.0,64.0
-5.62,1625449482.0,64.0
-7.19,1625449482.0,64.0
-8.94,1625449482.0,64.0
-10.79,1625449482.0,64.0
-12.71,1625449482.0,64.0
-14.71,1625449482.0,64.0
-16.89,1625449482.0,64.0
-19.4,1625449482.0,64.0
-22.3,1625449482.0,64.0
-25.45,1625449482.0,64.0
-28.49,1625449482.0,64.0
-30.87,1625449482.0,64.0
-32.05,1625449482.0,64.0
-31.65,1625449482.0,64.0
-29.59,1625449482.0,64.0
-26.06,1625449482.0,64.0
-21.4,1625449482.0,64.0
-16.04,1625449482.0,64.0
-10.36,1625449482.0,64.0
-4.67,1625449482.0,64.0
0.76,1625449482.0,64.0
5.69,1625449482.0,64.0
9.93,1625449482.0,64.0
13.33,1625449482.0,64.0
15.84,1625449482.0,64.0
17.55,1625449482.0,64.0
18.66,1625449482.0,64.0
19.44,1625449482.0,64.0
20.1,1625449482.0,64.0
20.73,1625449482.0,64.0
21.33,1625449482.0,64.0
21.77,1625449482.0,64.0
21.93,1625449482.0,64.0
21.68,1625449482.0,64.0
20.97,1625449482.0,64.0
19.81,1625449482.0,64.0
18.25,1625449482.0,64.0
16.4,1625449482.0,64.0
14.43,1625449482.0,64.0
12.5,1625449482.0,64.0
10.75,1625449482.0,64.0
9.22,1625449482.0,64.0
7.85,1625449482.0,64.0
6.51,1625449482.0,64.0
5.06,1625449482.0,64.0
3.41,1625449482.0,64.0
1.59,1625449482.0,64.0
-0.34,1625449482.0,64.0
-2.29,1625449482.0,64.0
-4.21,1625449482.0,64.0
-6.09,1625449482.0,64.0
-7.92,1625449482.0,64.0
-9.7,1625449482.0,64.0
-11.46,1625449482.0,64.0
-13.27,1625449482.0,64.0
-15.25,1625449482.0,64.0
-17.53,1625449482.0,64.0
-20.2,1625449482.0,64.0
-23.14,1625449482.0,64.0
-26.02,1625449482.0,64.0
-28.34,1625449482.0,64.0
-29.56,1625449482.0,64.0
-29.36,1625449482.0,64.0
-27.7,1625449482.0,64.0
-24.8,1625449482.0,64.0
-21.08,1625449482.0,64.0
-16.92,1625449482.0,64.0
-12.58,1625449482.0,64.0
-8.16,1625449482.0,64.0
-3.74,1625449482.0,64.0
0.58,1625449482.0,64.0
4.6,1625449482.0,64.0
8.05,1625449482.0,64.0
10.74,1625449482.0,64.0
12.63,1625449482.0,64.0
13.91,1625449482.0,64.0
14.86,1625449482.0,64.0
15.73,1625449482.0,64.0
16.64,1625449482.0,64.0
17.58,1625449482.0,64.0
18.39,1625449482.0,64.0
18.91,1625449482.0,64.0
19.08,1625449482.0,64.0
18.88,1625449482.0,64.0
18.39,1625449482.0,64.0
17.7,1625449482.0,64.0
16.84,1625449482.0,64.0
15.85,1625449482.0,64.0
14.74,1625449482.0,64.0
13.48,1625449482.0,64.0
12.08,1625449482.0,64.0
10.53,1625449482.0,64.0
8.83,1625449482.0,64.0
7.03,1625449482.0,64.0
5.21,1625449482.0,64.0
3.45,1625449482.0,64.0
1.82,1625449482.0,64.0
0.31,1625449482.0,64.0
-1.17,1625449482.0,64.0
-2.76,1625449482.0,64.0
-4.61,1625449482.0,64.0
-6.82,1625449482.0,64.0
-9.36,1625449482.0,64.0
-12.11,1625449482.0,64.0
-14.92,1625449482.0,64.0
-17.65,1625449482.0,64.0
-20.23,1625449482.0,64.0
-22.57,1625449482.0,64.0
-24.54,1625449482.0,64.0
-25.91,1625449482.0,64.0
-26.43,1625449482.0,64.0
-25.88,1625449482.0,64.0
-24.16,1625449482.0,64.0
-21.35,1625449482.0,64.0
-17.6,1625449482.0,64.0
-13.12,1625449482.0,64.0
-8.1,1625449482.0,64.0
-2.75,1625449482.0,64.0
2.68,1625449482.0,64.0
7.89,1625449482.0,64.0
12.5,1625449482.0,64.0
16.2,1625449482.0,64.0
18.76,1625449482.0,64.0
20.23,1625449482.0,64.0
20.84,1625449482.0,64.0
20.95,1625449482.0,64.0
20.89,1625449482.0,64.0
20.93,1625449482.0,64.0
21.13,1625449482.0,64.0
21.42,1625449482.0,64.0
21.6,1625449482.0,64.0
21.45,1625449482.0,64.0
20.86,1625449482.0,64.0
19.81,1625449482.0,64.0
18.4,1625449482.0,64.0
16.78,1625449482.0,64.0
15.06,1625449482.0,64.0
13.31,1625449482.0,64.0
11.54,1625449482.0,64.0
9.71,1625449482.0,64.0
7.82,1625449482.0,64.0
5.91,1625449482.0,64.0
4.04,1625449482.0,64.0
2.27,1625449482.0,64.0
0.6,1625449482.0,64.0
-1.02,1625449482.0,64.0
-2.72,1625449482.0,64.0
-4.65,1625449482.0,64.0
-6.91,1625449482.0,64.0
-9.49,1625449482.0,64.0
-12.32,1625449482.0,64.0
-15.28,1625449482.0,64.0
-18.3,1625449482.0,64.0
-21.39,1625449482.0,64.0
-24.64,1625449482.0,64.0
-28.1,1625449482.0,64.0
-31.68,1625449482.0,64.0
-35.05,1625449482.0,64.0
-37.76,1625449482.0,64.0
-39.3,1625449482.0,64.0
-39.32,1625449482.0,64.0
-37.69,1625449482.0,64.0
-34.55,1625449482.0,64.0
-30.2,1625449482.0,64.0
-24.97,1625449482.0,64.0
-19.16,1625449482.0,64.0
-12.97,1625449482.0,64.0
-6.62,1625449482.0,64.0
-0.36,1625449482.0,64.0
5.5,1625449482.0,64.0
10.69,1625449482.0,64.0
14.96,1625449482.0,64.0
18.25,1625449482.0,64.0
20.6,1625449482.0,64.0
22.15,1625449482.0,64.0
23.07,1625449482.0,64.0
23.5,1625449482.0,64.0
23.56,1625449482.0,64.0
23.34,1625449482.0,64.0
22.95,1625449482.0,64.0
22.48,1625449482.0,64.0
22.03,1625449482.0,64.0
21.62,1625449482.0,64.0
21.17,1625449482.0,64.0
20.54,1625449482.0,64.0
19.55,1625449482.0,64.0
18.07,1625449482.0,64.0
16.1,1625449482.0,64.0
13.74,1625449482.0,64.0
11.21,1625449482.0,64.0
8.7,1625449482.0,64.0
6.34,1625449482.0,64.0
4.16,1625449482.0,64.0
2.09,1625449482.0,64.0
0.06,1625449482.0,64.0
-2.06,1625449482.0,64.0
-4.28,1625449482.0,64.0
-6.62,1625449482.0,64.0
-9.04,1625449482.0,64.0
-11.48,1625449482.0,64.0
-13.93,1625449482.0,64.0
-16.42,1625449482.0,64.0
-18.97,1625449482.0,64.0
-21.59,1625449482.0,64.0
-24.29,1625449482.0,64.0
-27.02,1625449482.0,64.0
-29.67,1625449482.0,64.0
-31.99,1625449482.0,64.0
-33.63,1625449482.0,64.0
-34.22,1625449482.0,64.0
-33.39,1625449482.0,64.0
-30.99,1625449482.0,64.0
-27.09,1625449482.0,64.0
-22.05,1625449482.0,64.0
-16.36,1625449482.0,64.0
-10.48,1625449482.0,64.0
-4.75,1625449482.0,64.0
0.67,1625449482.0,64.0
5.67,1625449482.0,64.0
10.13,1625449482.0,64.0
13.89,1625449482.0,64.0
16.76,1625449482.0,64.0
18.7,1625449482.0,64.0
19.87,1625449482.0,64.0
20.57,1625449482.0,64.0
21.17,1625449482.0,64.0
21.9,1625449482.0,64.0
22.78,1625449482.0,64.0
23.63,1625449482.0,64.0
24.21,1625449482.0,64.0
24.3,1625449482.0,64.0
23.83,1625449482.0,64.0
22.89,1625449482.0,64.0
21.63,1625449482.0,64.0
20.2,1625449482.0,64.0
18.66,1625449482.0,64.0
17.0,1625449482.0,64.0
15.19,1625449482.0,64.0
13.22,1625449482.0,64.0
11.13,1625449482.0,64.0
8.99,1625449482.0,64.0
6.84,1625449482.0,64.0
4.77,1625449482.0,64.0
2.81,1625449482.0,64.0
1.01,1625449482.0,64.0
-0.61,1625449482.0,64.0
-2.13,1625449482.0,64.0
-3.69,1625449482.0,64.0
-5.45,1625449482.0,64.0
-7.58,1625449482.0,64.0
-10.07,1625449482.0,64.0
-12.79,1625449482.0,64.0
-15.56,1625449482.0,64.0
-18.23,1625449482.0,64.0
-20.77,1625449482.0,64.0
-23.3,1625449482.0,64.0
-25.9,1625449482.0,64.0
-28.47,1625449482.0,64.0
-30.73,1625449482.0,64.0
-32.2,1625449482.0,64.0
-32.44,1625449482.0,64.0
-31.24,1625449482.0,64.0
-28.64,1625449482.0,64.0
-24.91,1625449482.0,64.0
-20.44,1625449482.0,64.0
-15.52,1625449482.0,64.0
-10.36,1625449482.0,64.0
-5.09,1625449482.0,64.0
0.15,1625449482.0,64.0
5.15,1625449482.0,64.0
9.67,1625449482.0,64.0
13.5,1625449482.0,64.0
16.53,1625449482.0,64.0
18.81,1625449482.0,64.0
20.44,1625449482.0,64.0
21.55,1625449482.0,64.0
22.22,1625449482.0,64.0
22.47,1625449482.0,64.0
22.3,1625449482.0,64.0
21.74,1625449482.0,64.0
20.87,1625449482.0,64.0
19.79,1625449482.0,64.0
18.65,1625449482.0,64.0
17.51,1625449482.0,64.0
16.35,1625449482.0,64.0
15.13,1625449482.0,64.0
13.74,1625449482.0,64.0
12.12,1625449482.0,64.0
10.25,1625449482.0,64.0
8.22,1625449482.0,64.0
6.16,1625449482.0,64.0
4.16,1625449482.0,64.0
2.27,1625449482.0,64.0
0.47,1625449482.0,64.0
-1.29,1625449482.0,64.0
-3.06,1625449482.0,64.0
-4.88,1625449482.0,64.0
-6.72,1625449482.0,64.0
-8.56,1625449482.0,64.0
-10.41,1625449482.0,64.0
-12.33,1625449482.0,64.0
-14.47,1625449482.0,64.0
-16.99,1625449482.0,64.0
-19.95,1625449482.0,64.0
-23.32,1625449482.0,64.0
-26.87,1625449482.0,64.0
-30.18,1625449482.0,64.0
-32.75,1625449482.0,64.0
-34.14,1625449482.0,64.0
-34.06,1625449482.0,64.0
-32.44,1625449482.0,64.0
-29.38,1625449482.0,64.0
-25.1,1625449482.0,64.0
-19.87,1625449482.0,64.0
-13.98,1625449482.0,64.0
-7.76,1625449482.0,64.0
-1.61,1625449482.0,64.0
4.02,1625449482.0,64.0
8.74,1625449482.0,64.0
12.26,1625449482.0,64.0
14.52,1625449482.0,64.0
15.74,1625449482.0,64.0
16.33,1625449482.0,64.0
16.79,1625449482.0,64.0
17.53,1625449482.0,64.0
18.71,1625449482.0,64.0
20.24,1625449482.0,64.0
21.8,1625449482.0,64.0
22.97,1625449482.0,64.0
23.41,1625449482.0,64.0
23.0,1625449482.0,64.0
21.83,1625449482.0,64.0
20.1,1625449482.0,64.0
18.07,1625449482.0,64.0
15.92,1625449482.0,64.0
13.76,1625449482.0,64.0
11.63,1625449482.0,64.0
9.59,1625449482.0,64.0
7.74,1625449482.0,64.0
6.17,1625449482.0,64.0
4.92,1625449482.0,64.0
3.94,1625449482.0,64.0
3.11,1625449482.0,64.0
2.31,1625449482.0,64.0
1.39,1625449482.0,64.0
0.29,1625449482.0,64.0
-1.03,1625449482.0,64.0
-2.54,1625449482.0,64.0
-4.28,1625449482.0,64.0
-6.34,1625449482.0,64.0
-8.84,1625449482.0,64.0
-11.83,1625449482.0,64.0
-15.28,1625449482.0,64.0
-18.96,1625449482.0,64.0
-22.48,1625449482.0,64.0
-25.36,1625449482.0,64.0
-27.1,1625449482.0,64.0
-27.34,1625449482.0,64.0
-25.91,1625449482.0,64.0
-22.85,1625449482.0,64.0
-18.38,1625449482.0,64.0
-12.86,1625449482.0,64.0
-6.76,1625449482.0,64.0
-0.57,1625449482.0,64.0
5.17,1625449482.0,64.0
10.01,1625449482.0,64.0
13.61,1625449482.0,64.0
15.9,1625449482.0,64.0
17.09,1625449482.0,64.0
17.61,1625449482.0,64.0
17.98,1625449482.0,64.0
18.6,1625449482.0,64.0
19.62,1625449482.0,64.0
20.92,1625449482.0,64.0
22.15,1625449482.0,64.0
22.89,1625449482.0,64.0
22.85,1625449482.0,64.0
21.98,1625449482.0,64.0
20.44,1625449482.0,64.0
18.59,1625449482.0,64.0
16.74,1625449482.0,64.0
15.15,1625449482.0,64.0
13.82,1625449482.0,64.0
12.62,1625449482.0,64.0
11.31,1625449482.0,64.0
9.69,1625449482.0,64.0
7.65,1625449482.0,64.0
5.23,1625449482.0,64.0
2.54,1625449482.0,64.0
-0.23,1625449482.0,64.0
-2.95,1625449482.0,64.0
-5.52,1625449482.0,64.0
-7.95,1625449482.0,64.0
-10.33,1625449482.0,64.0
-12.8,1625449482.0,64.0
-15.53,1625449482.0,64.0
-18.64,1625449482.0,64.0
-22.12,1625449482.0,64.0
-25.86,1625449482.0,64.0
-29.59,1625449482.0,64.0
-32.97,1625449482.0,64.0
-35.59,1625449482.0,64.0
-37.07,1625449482.0,64.0
-37.07,1625449482.0,64.0
-35.43,1625449482.0,64.0
-32.17,1625449482.0,64.0
-27.54,1625449482.0,64.0
-21.96,1625449482.0,64.0
-15.83,1625449482.0,64.0
-9.52,1625449482.0,64.0
-3.24,1625449482.0,64.0
2.88,1625449482.0,64.0
8.7,1625449482.0,64.0
13.97,1625449482.0,64.0
18.4,1625449482.0,64.0
21.7,1625449482.0,64.0
23.81,1625449482.0,64.0
24.88,1625449482.0,64.0
25.29,1625449482.0,64.0
25.4,1625449482.0,64.0
25.48,1625449482.0,64.0
25.57,1625449482.0,64.0
25.54,1625449482.0,64.0
25.21,1625449482.0,64.0
24.45,1625449482.0,64.0
23.26,1625449482.0,64.0
21.72,1625449482.0,64.0
19.91,1625449482.0,64.0
17.88,1625449482.0,64.0
15.67,1625449482.0,64.0
13.32,1625449482.0,64.0
10.91,1625449482.0,64.0
8.53,1625449482.0,64.0
6.27,1625449482.0,64.0
4.17,1625449482.0,64.0
2.25,1625449482.0,64.0
0.42,1625449482.0,64.0
-1.38,1625449482.0,64.0
-3.25,1625449482.0,64.0
-5.24,1625449482.0,64.0
-7.36,1625449482.0,64.0
-9.6,1625449482.0,64.0
-11.92,1625449482.0,64.0
-14.35,1625449482.0,64.0
-16.93,1625449482.0,64.0
-19.75,1625449482.0,64.0
-22.83,1625449482.0,64.0
-26.06,1625449482.0,64.0
-29.17,1625449482.0,64.0
-31.72,1625449482.0,64.0
-33.22,1625449482.0,64.0
-33.25,1625449482.0,64.0
-31.61,1625449482.0,64.0
-28.36,1625449482.0,64.0
-23.8,1625449482.0,64.0
-18.34,1625449482.0,64.0
-12.43,1625449482.0,64.0
-6.39,1625449482.0,64.0
-0.46,1625449482.0,64.0
5.23,1625449482.0,64.0
10.53,1625449482.0,64.0
15.32,1625449482.0,64.0
19.41,1625449482.0,64.0
22.67,1625449482.0,64.0
25.09,1625449482.0,64.0
26.71,1625449482.0,64.0
27.71,1625449482.0,64.0
28.24,1625449482.0,64.0
28.46,1625449482.0,64.0
28.4,1625449482.0,64.0
28.03,1625449482.0,64.0
27.27,1625449482.0,64.0
26.08,1625449482.0,64.0
24.48,1625449482.0,64.0
22.57,1625449482.0,64.0
20.49,1625449482.0,64.0
18.34,1625449482.0,64.0
16.17,1625449482.0,64.0
13.99,1625449482.0,64.0
11.79,1625449482.0,64.0
9.59,1625449482.0,64.0
7.48,1625449482.0,64.0
5.54,1625449482.0,64.0
3.79,1625449482.0,64.0
2.2,1625449482.0,64.0
0.62,1625449482.0,64.0
-1.08,1625449482.0,64.0
-3.03,1625449482.0,64.0
-5.26,1625449482.0,64.0
-7.73,1625449482.0,64.0
-10.33,1625449482.0,64.0
-13.02,1625449482.0,64.0
-15.8,1625449482.0,64.0
-18.72,1625449482.0,64.0
-21.86,1625449482.0,64.0
-25.24,1625449482.0,64.0
-28.72,1625449482.0,64.0
-31.99,1625449482.0,64.0
-34.61,1625449482.0,64.0
-36.13,1625449482.0,64.0
-36.19,1625449482.0,64.0
-34.69,1625449482.0,64.0
-31.78,1625449482.0,64.0
-27.78,1625449482.0,64.0
-23.09,1625449482.0,64.0
-18.05,1625449482.0,64.0
-12.86,1625449482.0,64.0
-7.62,1625449482.0,64.0
-2.41,1625449482.0,64.0
2.64,1625449482.0,64.0
7.28,1625449482.0,64.0
11.24,1625449482.0,64.0
14.32,1625449482.0,64.0
16.48,1625449482.0,64.0
17.91,1625449482.0,64.0
18.95,1625449482.0,64.0
19.95,1625449482.0,64.0
21.13,1625449482.0,64.0
22.49,1625449482.0,64.0
23.79,1625449482.0,64.0
24.72,1625449482.0,64.0
25.01,1625449482.0,64.0
24.55,1625449482.0,64.0
23.43,1625449482.0,64.0
21.88,1625449482.0,64.0
20.11,1625449482.0,64.0
18.28,1625449482.0,64.0
16.43,1625449482.0,64.0
14.5,1625449482.0,64.0
12.4,1625449482.0,64.0
10.12,1625449482.0,64.0
7.7,1625449482.0,64.0
5.31,1625449482.0,64.0
3.1,1625449482.0,64.0
1.16,1625449482.0,64.0
-0.49,1625449482.0,64.0
-1.93,1625449482.0,64.0
-3.29,1625449482.0,64.0
-4.68,1625449482.0,64.0
-6.17,1625449482.0,64.0
-7.83,1625449482.0,64.0
-9.71,1625449482.0,64.0
-11.89,1625449482.0,64.0
-14.45,1625449482.0,64.0
-17.41,1625449482.0,64.0
-20.66,1625449482.0,64.0
-23.96,1625449482.0,64.0
-26.88,1625449482.0,64.0
-28.95,1625449482.0,64.0
-29.72,1625449482.0,64.0
-28.93,1625449482.0,64.0
-26.55,1625449482.0,64.0
-22.79,1625449482.0,64.0
-18.04,1625449482.0,64.0
-12.75,1625449482.0,64.0
-7.33,1625449482.0,64.0
-2.08,1625449482.0,64.0
2.74,1625449482.0,64.0
6.91,1625449482.0,64.0
10.22,1625449482.0,64.0
12.52,1625449482.0,64.0
13.79,1625449482.0,64.0
14.28,1625449482.0,64.0
14.36,1625449482.0,64.0
14.48,1625449482.0,64.0
14.95,1625449482.0,64.0
15.76,1625449482.0,64.0
16.6,1625449482.0,64.0
17.06,1625449482.0,64.0
16.77,1625449482.0,64.0
15.68,1625449482.0,64.0
14.03,1625449482.0,64.0
12.21,1625449482.0,64.0
10.56,1625449482.0,64.0
9.21,1625449482.0,64.0
8.03,1625449482.0,64.0
6.75,1625449482.0,64.0
5.17,1625449482.0,64.0
3.22,1625449482.0,64.0
1.03,1625449482.0,64.0
-1.2,1625449482.0,64.0
-3.32,1625449482.0,64.0
-5.25,1625449482.0,64.0
-7.04,1625449482.0,64.0
-8.81,1625449482.0,64.0
-10.64,1625449482.0,64.0
-12.55,1625449482.0,64.0
-14.48,1625449482.0,64.0
-16.29,1625449482.0,64.0
-17.88,1625449482.0,64.0
-19.23,1625449482.0,64.0
-20.47,1625449482.0,64.0
-21.74,1625449482.0,64.0
-23.15,1625449482.0,64.0
-24.57,1625449482.0,64.0
-25.68,1625449482.0,64.0
-25.99,1625449482.0,64.0
-25.07,1625449482.0,64.0
-22.69,1625449482.0,64.0
-18.95,1625449482.0,64.0
-14.2,1625449482.0,64.0
-8.9,1625449482.0,64.0
-3.47,1625449482.0,64.0
1.78,1625449482.0,64.0
6.67,1625449482.0,64.0
11.02,1625449482.0,64.0
14.68,1625449482.0,64.0
17.5,1625449482.0,64.0
19.4,1625449482.0,64.0
20.46,1625449482.0,64.0
20.92,1625449482.0,64.0
21.12,1625449482.0,64.0
21.36,1625449482.0,64.0
21.8,1625449482.0,64.0
22.41,1625449482.0,64.0
23.03,1625449482.0,64.0
23.43,1625449482.0,64.0
23.43,1625449482.0,64.0
23.0,1625449482.0,64.0
22.16,1625449482.0,64.0
21.0,1625449482.0,64.0
19.53,1625449482.0,64.0
17.72,1625449482.0,64.0
15.5,1625449482.0,64.0
12.88,1625449482.0,64.0
9.93,1625449482.0,64.0
6.82,1625449482.0,64.0
3.76,1625449482.0,64.0
0.93,1625449482.0,64.0
-1.6,1625449482.0,64.0
-3.85,1625449482.0,64.0
-5.92,1625449482.0,64.0
-7.91,1625449482.0,64.0
-9.89,1625449482.0,64.0
-11.86,1625449482.0,64.0
-13.83,1625449482.0,64.0
-15.83,1625449482.0,64.0
-17.97,1625449482.0,64.0
-20.33,1625449482.0,64.0
-22.99,1625449482.0,64.0
-25.88,1625449482.0,64.0
-28.78,1625449482.0,64.0
-31.37,1625449482.0,64.0
-33.24,1625449482.0,64.0
-34.03,1625449482.0,64.0
-33.47,1625449482.0,64.0
-31.49,1625449482.0,64.0
-28.17,1625449482.0,64.0
-23.77,1625449482.0,64.0
-18.57,1625449482.0,64.0
-12.84,1625449482.0,64.0
-6.82,1625449482.0,64.0
-0.69,1625449482.0,64.0
5.3,1625449482.0,64.0
10.86,1625449482.0,64.0
15.65,1625449482.0,64.0
19.37,1625449482.0,64.0
21.87,1625449482.0,64.0
23.19,1625449482.0,64.0
23.59,1625449482.0,64.0
23.45,1625449482.0,64.0
23.15,1625449482.0,64.0
22.93,1625449482.0,64.0
22.88,1625449482.0,64.0
22.94,1625449482.0,64.0
22.95,1625449482.0,64.0
22.71,1625449482.0,64.0
22.06,1625449482.0,64.0
20.9,1625449482.0,64.0
19.23,1625449482.0,64.0
17.13,1625449482.0,64.0
14.77,1625449482.0,64.0
12.27,1625449482.0,64.0
9.74,1625449482.0,64.0
7.2,1625449482.0,64.0
4.68,1625449482.0,64.0
2.2,1625449482.0,64.0
-0.16,1625449482.0,64.0
-2.3,1625449482.0,64.0
-4.13,1625449482.0,64.0
-5.66,1625449482.0,64.0
-6.98,1625449482.0,64.0
-8.27,1625449482.0,64.0
-9.71,1625449482.0,64.0
-11.43,1625449482.0,64.0
-13.54,1625449482.0,64.0
-16.05,1625449482.0,64.0
-18.93,1625449482.0,64.0
-22.09,1625449482.0,64.0
-25.35,1625449482.0,64.0
-28.46,1625449482.0,64.0
-31.1,1625449482.0,64.0
-32.97,1625449482.0,64.0
-33.78,1625449482.0,64.0
-33.37,1625449482.0,64.0
-31.67,1625449482.0,64.0
-28.7,1625449482.0,64.0
-24.59,1625449482.0,64.0
-19.57,1625449482.0,64.0
-13.94,1625449482.0,64.0
-8.03,1625449482.0,64.0
-2.19,1625449482.0,64.0
3.29,1625449482.0,64.0
8.14,1625449482.0,64.0
12.15,1625449482.0,64.0
15.18,1625449482.0,64.0
17.18,1625449482.0,64.0
18.26,1625449482.0,64.0
18.65,1625449482.0,64.0
18.71,1625449482.0,64.0
18.75,1625449482.0,64.0
18.99,1625449482.0,64.0
19.43,1625449482.0,64.0
19.92,1625449482.0,64.0
20.23,1625449482.0,64.0
20.21,1625449482.0,64.0
19.83,1625449482.0,64.0
19.15,1625449482.0,64.0
18.23,1625449482.0,64.0
17.08,1625449482.0,64.0
15.7,1625449482.0,64.0
14.11,1625449482.0,64.0
12.43,1625449482.0,64.0
10.86,1625449482.0,64.0
9.58,1625449482.0,64.0
8.7,1625449482.0,64.0
8.12,1625449482.0,64.0
7.58,1625449482.0,64.0
6.81,1625449482.0,64.0
5.62,1625449482.0,64.0
3.94,1625449482.0,64.0
1.79,1625449482.0,64.0
-0.74,1625449482.0,64.0
-3.58,1625449482.0,64.0
-6.63,1625449482.0,64.0
-9.83,1625449482.0,64.0
-13.1,1625449482.0,64.0
-16.43,1625449482.0,64.0
-19.8,1625449482.0,64.0
-23.19,1625449482.0,64.0
-26.51,1625449482.0,64.0
-29.47,1625449482.0,64.0
-31.67,1625449482.0,64.0
-32.65,1625449482.0,64.0
-32.09,1625449482.0,64.0
-29.96,1625449482.0,64.0
-26.53,1625449482.0,64.0
-22.23,1625449482.0,64.0
-17.58,1625449482.0,64.0
-12.86,1625449482.0,64.0
-8.19,1625449482.0,64.0
-3.52,1625449482.0,64.0
1.14,1625449482.0,64.0
5.67,1625449482.0,64.0
9.75,1625449482.0,64.0
13.04,1625449482.0,64.0
15.35,1625449482.0,64.0
16.75,1625449482.0,64.0
17.58,1625449482.0,64.0
18.29,1625449482.0,64.0
19.16,1625449482.0,64.0
20.22,1625449482.0,64.0
21.22,1625449482.0,64.0
21.84,1625449482.0,64.0
21.84,1625449482.0,64.0
21.23,1625449482.0,64.0
20.21,1625449482.0,64.0
19.0,1625449482.0,64.0
17.73,1625449482.0,64.0
16.41,1625449482.0,64.0
14.92,1625449482.0,64.0
13.21,1625449482.0,64.0
11.31,1625449482.0,64.0
9.35,1625449482.0,64.0
7.47,1625449482.0,64.0
5.68,1625449482.0,64.0
3.93,1625449482.0,64.0
2.1,1625449482.0,64.0
0.11,1625449482.0,64.0
-2.07,1625449482.0,64.0
-4.36,1625449482.0,64.0
-6.66,1625449482.0,64.0
-8.9,1625449482.0,64.0
-11.05,1625449482.0,64.0
-13.17,1625449482.0,64.0
-15.29,1625449482.0,64.0
-17.49,1625449482.0,64.0
-19.84,1625449482.0,64.0
-22.35,1625449482.0,64.0
-24.97,1625449482.0,64.0
-27.55,1625449482.0,64.0
-29.82,1625449482.0,64.0
-31.41,1625449482.0,64.0
-32.0,1625449482.0,64.0
-31.31,1625449482.0,64.0
-29.27,1625449482.0,64.0
-26.01,1625449482.0,64.0
-21.8,1625449482.0,64.0
-17.01,1625449482.0,64.0
-12.01,1625449482.0,64.0
-7.12,1625449482.0,64.0
-2.57,1625449482.0,64.0
1.51,1625449482.0,64.0
5.04,1625449482.0,64.0
8.0,1625449482.0,64.0
10.39,1625449482.0,64.0
12.25,1625449482.0,64.0
13.67,1625449482.0,64.0
14.8,1625449482.0,64.0
15.8,1625449482.0,64.0
16.81,1625449482.0,64.0
17.85,1625449482.0,64.0
18.81,1625449482.0,64.0
19.51,1625449482.0,64.0
19.73,1625449482.0,64.0
19.32,1625449482.0,64.0
18.26,1625449482.0,64.0
16.66,1625449482.0,64.0
14.74,1625449482.0,64.0
12.73,1625449482.0,64.0
10.83,1625449482.0,64.0
9.12,1625449482.0,64.0
7.59,1625449482.0,64.0
6.13,1625449482.0,64.0
4.73,1625449482.0,64.0
3.36,1625449482.0,64.0
2.1,1625449482.0,64.0
1.03,1625449482.0,64.0
0.12,1625449482.0,64.0
-0.79,1625449482.0,64.0
-1.92,1625449482.0,64.0
-3.42,1625449482.0,64.0
-5.3,1625449482.0,64.0
-7.46,1625449482.0,64.0
-9.75,1625449482.0,64.0
-12.1,1625449482.0,64.0
-14.56,1625449482.0,64.0
-17.25,1625449482.0,64.0
-20.18,1625449482.0,64.0
-23.14,1625449482.0,64.0
-25.68,1625449482.0,64.0
-27.29,1625449482.0,64.0
-27.51,1625449482.0,64.0
-26.12,1625449482.0,64.0
-23.23,1625449482.0,64.0
-19.16,1625449482.0,64.0
-14.38,1625449482.0,64.0
-9.31,1625449482.0,64.0
-4.29,1625449482.0,64.0
0.45,1625449482.0,64.0
4.78,1625449482.0,64.0
8.58,1625449482.0,64.0
11.73,1625449482.0,64.0
14.1,1625449482.0,64.0
15.65,1625449482.0,64.0
16.47,1625449482.0,64.0
16.77,1625449482.0,64.0
16.83,1625449482.0,64.0
16.85,1625449482.0,64.0
16.85,1625449482.0,64.0
16.74,1625449482.0,64.0
16.33,1625449482.0,64.0
15.5,1625449482.0,64.0
14.25,1625449482.0,64.0
12.67,1625449482.0,64.0
10.85,1625449482.0,64.0
8.89,1625449482.0,64.0
6.84,1625449482.0,64.0
4.77,1625449482.0,64.0
2.85,1625449482.0,64.0
1.27,1625449482.0,64.0
0.24,1625449482.0,64.0
-0.19,1625449482.0,64.0
-0.18,1625449482.0,64.0
0.02,1625449482.0,64.0
0.09,1625449482.0,64.0
-0.16,1625449482.0,64.0
-0.83,1625449482.0,64.0
-1.91,1625449482.0,64.0
-3.43,1625449482.0,64.0
-5.51,1625449482.0,64.0
-8.33,1625449482.0,64.0
-12.04,1625449482.0,64.0
-16.63,1625449482.0,64.0
-21.83,1625449482.0,64.0
-27.16,1625449482.0,64.0
-32.02,1625449482.0,64.0
-35.94,1625449482.0,64.0
-38.59,1625449482.0,64.0
-39.82,1625449482.0,64.0
-39.52,1625449482.0,64.0
-37.58,1625449482.0,64.0
-33.81,1625449482.0,64.0
-28.11,1625449482.0,64.0
-20.59,1625449482.0,64.0
-11.66,1625449482.0,64.0
-1.98,1625449482.0,64.0
7.59,1625449482.0,64.0
16.28,1625449482.0,64.0
23.54,1625449482.0,64.0
29.17,1625449482.0,64.0
33.3,1625449482.0,64.0
36.28,1625449482.0,64.0
38.52,1625449482.0,64.0
40.31,1625449482.0,64.0
41.77,1625449482.0,64.0
42.77,1625449482.0,64.0
43.07,1625449482.0,64.0
42.42,1625449482.0,64.0
40.7,1625449482.0,64.0
38.0,1625449482.0,64.0
34.53,1625449482.0,64.0
30.59,1625449482.0,64.0
26.41,1625449482.0,64.0
22.16,1625449482.0,64.0
17.97,1625449482.0,64.0
13.94,1625449482.0,64.0
10.22,1625449482.0,64.0
6.91,1625449482.0,64.0
4.05,1625449482.0,64.0
1.5,1625449482.0,64.0
-0.94,1625449482.0,64.0
-3.47,1625449482.0,64.0
-6.19,1625449482.0,64.0
-9.04,1625449482.0,64.0
-11.88,1625449482.0,64.0
-14.53,1625449482.0,64.0
-16.95,1625449482.0,64.0
-19.26,1625449482.0,64.0
-21.66,1625449482.0,64.0
-24.37,1625449482.0,64.0
-27.46,1625449482.0,64.0
-30.83,1625449482.0,64.0
-34.23,1625449482.0,64.0
-37.27,1625449482.0,64.0
-39.56,1625449482.0,64.0
-40.77,1625449482.0,64.0
-40.63,1625449482.0,64.0
-39.04,1625449482.0,64.0
-36.06,1625449482.0,64.0
-31.97,1625449482.0,64.0
-27.16,1625449482.0,64.0
-22.04,1625449482.0,64.0
-16.86,1625449482.0,64.0
-11.72,1625449482.0,64.0
-6.53,1625449482.0,64.0
-1.27,1625449482.0,64.0
3.97,1625449482.0,64.0
8.91,1625449482.0,64.0
13.22,1625449482.0,64.0
16.64,1625449482.0,64.0
19.17,1625449482.0,64.0
21.09,1625449482.0,64.0
22.69,1625449482.0,64.0
24.17,1625449482.0,64.0
25.49,1625449482.0,64.0
26.45,1625449482.0,64.0
26.78,1625449482.0,64.0
26.34,1625449482.0,64.0
25.23,1625449482.0,64.0
23.72,1625449482.0,64.0
22.14,1625449482.0,64.0
20.73,1625449482.0,64.0
19.58,1625449482.0,64.0
18.56,1625449482.0,64.0
17.5,1625449482.0,64.0
16.24,1625449482.0,64.0
14.74,1625449482.0,64.0
13.05,1625449482.0,64.0
11.27,1625449482.0,64.0
9.44,1625449482.0,64.0
7.5,1625449482.0,64.0
5.39,1625449482.0,64.0
3.08,1625449482.0,64.0
0.63,1625449482.0,64.0
-1.82,1625449482.0,64.0
-4.15,1625449482.0,64.0
-6.39,1625449482.0,64.0
-8.74,1625449482.0,64.0
-11.44,1625449482.0,64.0
-14.63,1625449482.0,64.0
-18.21,1625449482.0,64.0
-21.8,1625449482.0,64.0
-24.92,1625449482.0,64.0
-27.11,1625449482.0,64.0
-28.05,1625449482.0,64.0
-27.6,1625449482.0,64.0
-25.79,1625449482.0,64.0
-22.67,1625449482.0,64.0
-18.41,1625449482.0,64.0
-13.19,1625449482.0,64.0
-7.3,1625449482.0,64.0
-1.09,1625449482.0,64.0
4.99,1625449482.0,64.0
10.46,1625449482.0,64.0
14.91,1625449482.0,64.0
18.05,1625449482.0,64.0
19.81,1625449482.0,64.0
20.35,1625449482.0,64.0
20.07,1625449482.0,64.0
19.47,1625449482.0,64.0
18.98,1625449482.0,64.0
18.85,1625449482.0,64.0
19.05,1625449482.0,64.0
19.36,1625449482.0,64.0
19.47,1625449482.0,64.0
19.16,1625449482.0,64.0
18.36,1625449482.0,64.0
17.18,1625449482.0,64.0
15.82,1625449482.0,64.0
14.46,1625449482.0,64.0
13.18,1625449482.0,64.0
12.0,1625449482.0,64.0
10.82,1625449482.0,64.0
9.57,1625449482.0,64.0
8.23,1625449482.0,64.0
6.78,1625449482.0,64.0
5.2,1625449482.0,64.0
3.45,1625449482.0,64.0
1.46,1625449482.0,64.0
-0.83,1625449482.0,64.0
-3.38,1625449482.0,64.0
-6.06,1625449482.0,64.0
-8.66,1625449482.0,64.0
-10.99,1625449482.0,64.0
-12.97,1625449482.0,64.0
-14.68,1625449482.0,64.0
-16.36,1625449482.0,64.0
-18.27,1625449482.0,64.0
-20.63,1625449482.0,64.0
-23.42,1625449482.0,64.0
-26.42,1625449482.0,64.0
-29.23,1625449482.0,64.0
-31.42,1625449482.0,64.0
-32.64,1625449482.0,64.0
-32.72,1625449482.0,64.0
-31.78,1625449482.0,64.0
-30.01,1625449482.0,64.0
-27.62,1625449482.0,64.0
-24.72,1625449482.0,64.0
-21.27,1625449482.0,64.0
-17.23,1625449482.0,64.0
-12.63,1625449482.0,64.0
-7.74,1625449482.0,64.0
-3.02,1625449482.0,64.0
1.06,1625449482.0,64.0
4.17,1625449482.0,64.0
6.28,1625449482.0,64.0
7.62,1625449482.0,64.0
8.55,1625449482.0,64.0
9.34,1625449482.0,64.0
10.13,1625449482.0,64.0
10.87,1625449482.0,64.0
11.48,1625449482.0,64.0
11.88,1625449482.0,64.0
12.09,1625449482.0,64.0
12.11,1625449482.0,64.0
11.94,1625449482.0,64.0
11.57,1625449482.0,64.0
10.94,1625449482.0,64.0
10.12,1625449482.0,64.0
9.2,1625449482.0,64.0
8.32,1625449482.0,64.0
7.58,1625449482.0,64.0
7.01,1625449482.0,64.0
6.48,1625449482.0,64.0
5.88,1625449482.0,64.0
5.07,1625449482.0,64.0
3.95,1625449482.0,64.0
2.53,1625449482.0,64.0
0.83,1625449482.0,64.0
-1.07,1625449482.0,64.0
-3.11,1625449482.0,64.0
-5.21,1625449482.0,64.0
-7.35,1625449482.0,64.0
-9.56,1625449482.0,64.0
-11.9,1625449482.0,64.0
-14.47,1625449482.0,64.0
-17.25,1625449482.0,64.0
-20.15,1625449482.0,64.0
-22.88,1625449482.0,64.0
-25.04,1625449482.0,64.0
-26.19,1625449482.0,64.0
-26.04,1625449482.0,64.0
-24.49,1625449482.0,64.0
-21.64,1625449482.0,64.0
-17.79,1625449482.0,64.0
-13.22,1625449482.0,64.0
-8.21,1625449482.0,64.0
-2.94,1625449482.0,64.0
2.36,1625449482.0,64.0
7.34,1625449482.0,64.0
11.57,1625449482.0,64.0
14.67,1625449482.0,64.0
16.52,1625449482.0,64.0
17.37,1625449482.0,64.0
17.69,1625449482.0,64.0
18.03,1625449482.0,64.0
18.67,1625449482.0,64.0
19.56,1625449482.0,64.0
20.39,1625449482.0,64.0
20.84,1625449482.0,64.0
20.77,1625449482.0,64.0
20.35,1625449482.0,64.0
19.83,1625449482.0,64.0
19.46,1625449482.0,64.0
19.26,1625449482.0,64.0
19.05,1625449482.0,64.0
18.6,1625449482.0,64.0
17.71,1625449482.0,64.0
16.36,1625449482.0,64.0
14.66,1625449482.0,64.0
12.83,1625449482.0,64.0
11.03,1625449482.0,64.0
9.4,1625449482.0,64.0
8.03,1625449482.0,64.0
6.97,1625449482.0,64.0
6.25,1625449482.0,64.0
5.87,1625449482.0,64.0
5.79,1625449482.0,64.0
5.85,1625449482.0,64.0
5.83,1625449482.0,64.0
5.45,1625449482.0,64.0
4.46,1625449482.0,64.0
2.74,1625449482.0,64.0
0.33,1625449482.0,64.0
-2.53,1625449482.0,64.0
-5.43,1625449482.0,64.0
-7.91,1625449482.0,64.0
-9.53,1625449482.0,64.0
-9.94,1625449482.0,64.0
-8.92,1625449482.0,64.0
-6.42,1625449482.0,64.0
-2.52,1625449482.0,64.0
2.51,1625449482.0,64.0
8.25,1625449482.0,64.0
14.24,1625449482.0,64.0
19.98,1625449482.0,64.0
25.09,1625449482.0,64.0
29.37,1625449482.0,64.0
32.81,1625449482.0,64.0
35.53,1625449482.0,64.0
37.79,1625449482.0,64.0
39.83,1625449482.0,64.0
41.81,1625449482.0,64.0
43.78,1625449482.0,64.0
45.62,1625449482.0,64.0
47.11,1625449482.0,64.0
48.03,1625449482.0,64.0
48.21,1625449482.0,64.0
47.57,1625449482.0,64.0
46.1,1625449482.0,64.0
43.78,1625449482.0,64.0
40.61,1625449482.0,64.0
36.62,1625449482.0,64.0
31.89,1625449482.0,64.0
26.58,1625449482.0,64.0
20.89,1625449482.0,64.0
14.99,1625449482.0,64.0
8.99,1625449482.0,64.0
2.94,1625449482.0,64.0
-3.12,1625449482.0,64.0
-9.08,1625449482.0,64.0
-14.77,1625449482.0,64.0
-20.0,1625449482.0,64.0
-24.69,1625449482.0,64.0
-28.87,1625449482.0,64.0
-32.65,1625449482.0,64.0
-36.16,1625449482.0,64.0
-39.5,1625449482.0,64.0
-42.75,1625449482.0,64.0
-45.95,1625449482.0,64.0
-49.08,1625449482.0,64.0
-52.06,1625449482.0,64.0
-54.67,1625449482.0,64.0
-56.54,1625449482.0,64.0
-57.31,1625449482.0,64.0
-56.66,1625449482.0,64.0
-54.5,1625449482.0,64.0
-50.99,1625449482.0,64.0
-46.47,1625449482.0,64.0
-41.31,1625449482.0,64.0
-35.87,1625449482.0,64.0
-30.36,1625449482.0,64.0
-24.88,1625449482.0,64.0
-19.54,1625449482.0,64.0
-14.49,1625449482.0,64.0
-9.98,1625449482.0,64.0
-6.23,1625449482.0,64.0
-3.43,1625449482.0,64.0
-1.53,1625449482.0,64.0
-0.29,1625449482.0,64.0
0.68,1625449482.0,64.0
1.73,1625449482.0,64.0
3.04,1625449482.0,64.0
4.52,1625449482.0,64.0
5.91,1625449482.0,64.0
6.92,1625449482.0,64.0
7.36,1625449482.0,64.0
7.26,1625449482.0,64.0
6.78,1625449482.0,64.0
6.19,1625449482.0,64.0
5.67,1625449482.0,64.0
5.32,1625449482.0,64.0
5.13,1625449482.0,64.0
4.93,1625449482.0,64.0
4.53,1625449482.0,64.0
3.68,1625449482.0,64.0
2.24,1625449482.0,64.0
0.18,1625449482.0,64.0
-2.29,1625449482.0,64.0
-4.83,1625449482.0,64.0
-7.09,1625449482.0,64.0
-8.83,1625449482.0,64.0
-10.08,1625449482.0,64.0
-11.09,1625449482.0,64.0
-12.25,1625449482.0,64.0
-13.9,1625449482.0,64.0
-16.29,1625449482.0,64.0
-19.47,1625449482.0,64.0
-23.36,1625449482.0,64.0
-27.7,1625449482.0,64.0
-32.15,1625449482.0,64.0
-36.28,1625449482.0,64.0
-39.61,1625449482.0,64.0
-41.7,1625449482.0,64.0
-42.23,1625449482.0,64.0
-41.09,1625449482.0,64.0
-38.34,1625449482.0,64.0
-34.2,1625449482.0,64.0
-28.95,1625449482.0,64.0
-22.86,1625449482.0,64.0
-16.24,1625449482.0,64.0
-9.42,1625449482.0,64.0
-2.81,1625449482.0,64.0
3.16,1625449482.0,64.0
8.14,1625449482.0,64.0
11.96,1625449482.0,64.0
14.69,1625449482.0,64.0
16.6,1625449482.0,64.0
18.04,1625449482.0,64.0
19.28,1625449482.0,64.0
20.42,1625449482.0,64.0
21.45,1625449482.0,64.0
22.27,1625449482.0,64.0
22.88,1625449482.0,64.0
23.36,1625449482.0,64.0
23.81,1625449482.0,64.0
24.3,1625449482.0,64.0
24.72,1625449482.0,64.0
24.86,1625449482.0,64.0
24.48,1625449482.0,64.0
23.45,1625449482.0,64.0
21.83,1625449482.0,64.0
19.86,1625449482.0,64.0
17.79,1625449482.0,64.0
15.83,1625449482.0,64.0
14.03,1625449482.0,64.0
12.28,1625449482.0,64.0
10.46,1625449482.0,64.0
8.49,1625449482.0,64.0
6.38,1625449482.0,64.0
4.19,1625449482.0,64.0
2.04,1625449482.0,64.0
-0.03,1625449482.0,64.0
-2.07,1625449482.0,64.0
-4.15,1625449482.0,64.0
-6.4,1625449482.0,64.0
-8.92,1625449482.0,64.0
-11.77,1625449482.0,64.0
-14.96,1625449482.0,64.0
-18.46,1625449482.0,64.0
-22.2,1625449482.0,64.0
-26.03,1625449482.0,64.0
-29.69,1625449482.0,64.0
-32.77,1625449482.0,64.0
-34.81,1625449482.0,64.0
-35.36,1625449482.0,64.0
-34.14,1625449482.0,64.0
-31.12,1625449482.0,64.0
-26.57,1625449482.0,64.0
-20.97,1625449482.0,64.0
-14.83,1625449482.0,64.0
-8.6,1625449482.0,64.0
-2.56,1625449482.0,64.0
3.1,1625449482.0,64.0
8.24,1625449482.0,64.0
12.74,1625449482.0,64.0
16.49,1625449482.0,64.0
19.52,1625449482.0,64.0
21.9,1625449482.0,64.0
23.77,1625449482.0,64.0
25.28,1625449482.0,64.0
26.49,1625449482.0,64.0
27.47,1625449482.0,64.0
28.29,1625449482.0,64.0
29.1,1625449482.0,64.0
30.03,1625449482.0,64.0
31.08,1625449482.0,64.0
32.06,1625449482.0,64.0
32.51,1625449482.0,64.0
31.98,1625449482.0,64.0
30.13,1625449482.0,64.0
27.02,1625449482.0,64.0
23.08,1625449482.0,64.0
19.06,1625449482.0,64.0
15.75,1625449482.0,64.0
13.72,1625449482.0,64.0
13.02,1625449482.0,64.0
13.19,1625449482.0,64.0
13.38,1625449482.0,64.0
12.75,1625449482.0,64.0
10.83,1625449482.0,64.0
7.75,1625449482.0,64.0
4.27,1625449482.0,64.0
1.37,1625449482.0,64.0
-0.16,1625449482.0,64.0
-0.12,1625449482.0,64.0
0.99,1625449482.0,64.0
2.12,1625449482.0,64.0
2.15,1625449482.0,64.0
0.29,1625449482.0,64.0
-3.61,1625449482.0,64.0
-8.94,1625449482.0,64.0
-14.24,1625449482.0,64.0
-17.4,1625449482.0,64.0
-16.3,1625449482.0,64.0
-9.75,1625449482.0,64.0
1.34,1625449482.0,64.0
13.55,1625449482.0,64.0
21.55,1625449482.0,64.0
19.94,1625449482.0,64.0
5.4,1625449482.0,64.0
-21.72,1625449482.0,64.0
-57.39,1625449482.0,64.0
-95.37,1625449482.0,64.0
-129.46,1625449482.0,64.0
-155.58,1625449482.0,64.0
-172.73,1625449482.0,64.0
-182.63,1625449482.0,64.0
-188.37,1625449482.0,64.0
-192.75,1625449482.0,64.0
-196.91,1625449482.0,64.0
-199.83,1625449482.0,64.0
-198.74,1625449482.0,64.0
-190.16,1625449482.0,64.0
-171.12,1625449482.0,64.0
-140.08,1625449482.0,64.0
-97.28,1625449482.0,64.0
-44.71,1625449482.0,64.0
14.01,1625449482.0,64.0
73.73,1625449482.0,64.0
128.13,1625449482.0,64.0
170.54,1625449482.0,64.0
195.62,1625449482.0,64.0
200.96,1625449482.0,64.0
188.04,1625449482.0,64.0
161.73,1625449482.0,64.0
128.41,1625449482.0,64.0
93.75,1625449482.0,64.0
61.48,1625449482.0,64.0
33.43,1625449482.0,64.0
10.53,1625449482.0,64.0
-6.2,1625449482.0,64.0
-15.7,1625449482.0,64.0
-17.29,1625449482.0,64.0
-11.11,1625449482.0,64.0
2.0,1625449482.0,64.0
20.9,1625449482.0,64.0
44.66,1625449482.0,64.0
72.57,1625449482.0,64.0
104.13,1625449482.0,64.0
139.0,1625449482.0,64.0
176.95,1625449482.0,64.0
217.57,1625449482.0,64.0
259.62,1625449482.0,64.0
300.31,1625449482.0,64.0
335.19,1625449482.0,64.0
359.22,1625449482.0,64.0
368.71,1625449482.0,64.0
363.21,1625449482.0,64.0
346.05,1625449482.0,64.0
323.01,1625449482.0,64.0
299.8,1625449482.0,64.0
279.81,1625449482.0,64.0
263.37,1625449482.0,64.0
248.83,1625449482.0,64.0
234.4,1625449482.0,64.0
219.58,1625449482.0,64.0
205.21,1625449482.0,64.0
192.58,1625449482.0,64.0
182.31,1625449482.0,64.0
173.85,1625449482.0,64.0
165.86,1625449482.0,64.0
156.94,1625449482.0,64.0
146.46,1625449482.0,64.0
134.85,1625449482.0,64.0
123.39,1625449482.0,64.0
113.49,1625449482.0,64.0
106.17,1625449482.0,64.0
101.57,1625449482.0,64.0
99.05,1625449482.0,64.0
97.55,1625449482.0,64.0
96.09,1625449482.0,64.0
94.23,1625449482.0,64.0
92.11,1625449482.0,64.0
90.28,1625449482.0,64.0
89.3,1625449482.0,64.0
89.39,1625449482.0,64.0
90.33,1625449482.0,64.0
91.52,1625449482.0,64.0
92.28,1625449482.0,64.0
92.12,1625449482.0,64.0
90.94,1625449482.0,64.0
89.0,1625449482.0,64.0
86.65,1625449482.0,64.0
84.16,1625449482.0,64.0
81.52,1625449482.0,64.0
78.45,1625449482.0,64.0
74.56,1625449482.0,64.0
69.56,1625449482.0,64.0
63.48,1625449482.0,64.0
56.7,1625449482.0,64.0
49.79,1625449482.0,64.0
43.33,1625449482.0,64.0
37.58,1625449482.0,64.0
32.37,1625449482.0,64.0
27.2,1625449482.0,64.0
21.44,1625449482.0,64.0
14.68,1625449482.0,64.0
6.89,1625449482.0,64.0
-1.51,1625449482.0,64.0
-9.95,1625449482.0,64.0
-17.97,1625449482.0,64.0
-25.64,1625449482.0,64.0
-33.56,1625449482.0,64.0
-42.69,1625449482.0,64.0
-53.85,1625449482.0,64.0
-67.27,1625449482.0,64.0
-82.33,1625449482.0,64.0
-97.67,1625449482.0,64.0
-111.78,1625449482.0,64.0
-123.67,1625449482.0,64.0
-133.4,1625449482.0,64.0
-142.27,1625449482.0,64.0
-152.24,1625449482.0,64.0
-165.22,1625449482.0,64.0
-182.11,1625449482.0,64.0
-202.47,1625449482.0,64.0
-224.73,1625449482.0,64.0
-246.98,1625449482.0,64.0
-267.94,1625449482.0,64.0
-287.57,1625449482.0,64.0
-307.11,1625449482.0,64.0
-328.6,1625449482.0,64.0
-354.31,1625449482.0,64.0
-386.27,1625449482.0,64.0
-425.86,1625449482.0,64.0
-473.08,1625449482.0,64.0
-525.55,1625449482.0,64.0
-577.83,1625449482.0,64.0
-621.8,1625449482.0,64.0
-648.4,1625449482.0,64.0
-650.84,1625449482.0,64.0
-627.4,1625449482.0,64.0
-582.52,1625449482.0,64.0
-525.42,1625449482.0,64.0
-466.6,1625449482.0,64.0
-414.12,1625449482.0,64.0
-371.6,1625449482.0,64.0
-338.57,1625449482.0,64.0
-312.79,1625449482.0,64.0
-292.52,1625449482.0,64.0
-277.43,1625449482.0,64.0
-267.71,1625449482.0,64.0
-262.2,1625449482.0,64.0
-257.21,1625449482.0,64.0
-247.15,1625449482.0,64.0
-226.57,1625449482.0,64.0
-192.72,1625449482.0,64.0
-147.13,1625449482.0,64.0
-95.47,1625449482.0,64.0
-45.65,1625449482.0,64.0
-5.02,1625449482.0,64.0
21.9,1625449482.0,64.0
34.5,1625449482.0,64.0
35.65,1625449482.0,64.0
30.24,1625449482.0,64.0
23.27,1625449482.0,64.0
18.49,1625449482.0,64.0
17.76,1625449482.0,64.0
21.28,1625449482.0,64.0
28.21,1625449482.0,64.0
37.31,1625449482.0,64.0
47.31,1625449482.0,64.0
56.89,1625449482.0,64.0
64.7,1625449482.0,64.0
69.69,1625449482.0,64.0
71.52,1625449482.0,64.0
70.89,1625449482.0,64.0
69.26,1625449482.0,64.0
68.07,1625449482.0,64.0
67.67,1625449482.0,64.0
67.02,1625449482.0,64.0
64.2,1625449482.0,64.0
57.76,1625449482.0,64.0
47.91,1625449482.0,64.0
36.66,1625449482.0,64.0
26.94,1625449482.0,64.0
21.0,1625449482.0,64.0
19.27,1625449482.0,64.0
20.45,1625449482.0,64.0
22.49,1625449482.0,64.0
23.95,1625449482.0,64.0
24.68,1625449482.0,64.0
25.6,1625449482.0,64.0
27.81,1625449482.0,64.0
31.79,1625449482.0,64.0
37.31,1625449482.0,64.0
43.8,1625449482.0,64.0
50.91,1625449482.0,64.0
58.73,1625449482.0,64.0
67.55,1625449482.0,64.0
77.29,1625449482.0,64.0
87.04,1625449482.0,64.0
95.07,1625449482.0,64.0
99.17,1625449482.0,64.0
97.5,1625449482.0,64.0
89.4,1625449482.0,64.0
75.79,1625449482.0,64.0
59.14,1625449482.0,64.0
42.85,1625449482.0,64.0
30.12,1625449482.0,64.0
22.99,1625449482.0,64.0
21.73,1625449482.0,64.0
25.03,1625449482.0,64.0
30.7,1625449482.0,64.0
36.66,1625449482.0,64.0
41.6,1625449482.0,64.0
45.22,1625449482.0,64.0
47.92,1625449482.0,64.0
50.38,1625449482.0,64.0
53.08,1625449482.0,64.0
56.16,1625449482.0,64.0
59.48,1625449482.0,64.0
62.86,1625449482.0,64.0
66.15,1625449482.0,64.0
69.4,1625449482.0,64.0
72.54,1625449482.0,64.0
75.36,1625449482.0,64.0
77.36,1625449482.0,64.0
77.81,1625449482.0,64.0
76.08,1625449482.0,64.0
71.9,1625449482.0,64.0
65.59,1625449482.0,64.0
58.04,1625449482.0,64.0
50.39,1625449482.0,64.0
43.58,1625449482.0,64.0
38.03,1625449482.0,64.0
33.48,1625449482.0,64.0
29.22,1625449482.0,64.0
24.5,1625449482.0,64.0
18.85,1625449482.0,64.0
12.3,1625449482.0,64.0
5.42,1625449482.0,64.0
-0.95,1625449482.0,64.0
-5.95,1625449482.0,64.0
-8.96,1625449482.0,64.0
-9.79,1625449482.0,64.0
-8.65,1625449482.0,64.0
-6.02,1625449482.0,64.0
-2.51,1625449482.0,64.0
1.44,1625449482.0,64.0
5.67,1625449482.0,64.0
10.23,1625449482.0,64.0
15.06,1625449482.0,64.0
19.95,1625449482.0,64.0
24.36,1625449482.0,64.0
27.71,1625449482.0,64.0
29.66,1625449482.0,64.0
30.21,1625449482.0,64.0
29.67,1625449482.0,64.0
28.46,1625449482.0,64.0
27.0,1625449482.0,64.0
25.67,1625449482.0,64.0
24.87,1625449482.0,64.0
25.15,1625449482.0,64.0
27.02,1625449482.0,64.0
30.79,1625449482.0,64.0
36.26,1625449482.0,64.0
42.68,1625449482.0,64.0
48.96,1625449482.0,64.0
54.05,1625449482.0,64.0
57.32,1625449482.0,64.0
58.64,1625449482.0,64.0
58.31,1625449482.0,64.0
56.75,1625449482.0,64.0
54.41,1625449482.0,64.0
51.64,1625449482.0,64.0
48.73,1625449482.0,64.0
45.92,1625449482.0,64.0
43.28,1625449482.0,64.0
40.72,1625449482.0,64.0
37.89,1625449482.0,64.0
34.27,1625449482.0,64.0
29.27,1625449482.0,64.0
22.51,1625449482.0,64.0
13.93,1625449482.0,64.0
3.89,1625449482.0,64.0
-6.82,1625449482.0,64.0
-17.16,1625449482.0,64.0
-25.98,1625449482.0,64.0
-32.2,1625449482.0,64.0
-34.95,1625449482.0,64.0
-33.77,1625449482.0,64.0
-28.71,1625449482.0,64.0
-20.23,1625449482.0,64.0
-9.18,1625449482.0,64.0
3.5,1625449482.0,64.0
16.96,1625449482.0,64.0
30.32,1625449482.0,64.0
42.49,1625449482.0,64.0
52.1,1625449482.0,64.0
57.68,1625449482.0,64.0
58.27,1625449482.0,64.0
54.05,1625449482.0,64.0
46.72,1625449482.0,64.0
39.06,1625449482.0,64.0
33.92,1625449482.0,64.0
33.03,1625449482.0,64.0
36.32,1625449482.0,64.0
42.03,1625449482.0,64.0
47.54,1625449482.0,64.0
50.67,1625449482.0,64.0
50.48,1625449482.0,64.0
47.34,1625449482.0,64.0
42.41,1625449482.0,64.0
36.65,1625449482.0,64.0
30.28,1625449482.0,64.0
22.77,1625449482.0,64.0
13.31,1625449482.0,64.0
1.6,1625449482.0,64.0
-11.82,1625449482.0,64.0
-25.7,1625449482.0,64.0
-38.77,1625449482.0,64.0
-50.5,1625449482.0,64.0
-61.38,1625449482.0,64.0
-72.64,1625449482.0,64.0
-85.27,1625449482.0,64.0
-99.25,1625449482.0,64.0
-113.23,1625449482.0,64.0
-124.98,1625449482.0,64.0
-132.46,1625449482.0,64.0
-134.73,1625449482.0,64.0
-132.2,1625449482.0,64.0
-125.99,1625449482.0,64.0
-117.05,1625449482.0,64.0
-105.39,1625449482.0,64.0
-90.2,1625449482.0,64.0
-70.69,1625449482.0,64.0
-47.17,1625449482.0,64.0
-21.58,1625449482.0,64.0
3.0,1625449482.0,64.0
23.62,1625449482.0,64.0
38.68,1625449482.0,64.0
48.64,1625449482.0,64.0
55.49,1625449482.0,64.0
61.62,1625449482.0,64.0
68.54,1625449482.0,64.0
76.3,1625449482.0,64.0
83.75,1625449482.0,64.0
89.52,1625449482.0,64.0
92.83,1625449482.0,64.0
93.8,1625449482.0,64.0
93.14,1625449482.0,64.0
91.48,1625449482.0,64.0
88.98,1625449482.0,64.0
85.31,1625449482.0,64.0
80.07,1625449482.0,64.0
73.3,1625449482.0,64.0
65.64,1625449482.0,64.0
58.16,1625449482.0,64.0
51.88,1625449482.0,64.0
47.35,1625449482.0,64.0
44.43,1625449482.0,64.0
42.34,1625449482.0,64.0
39.98,1625449482.0,64.0
36.35,1625449482.0,64.0
30.93,1625449482.0,64.0
23.93,1625449482.0,64.0
16.22,1625449482.0,64.0
9.09,1625449482.0,64.0
3.73,1625449482.0,64.0
0.72,1625449482.0,64.0
-0.22,1625449482.0,64.0
-0.18,1625449482.0,64.0
-0.47,1625449482.0,64.0
-2.07,1625449482.0,64.0
-5.17,1625449482.0,64.0
-9.21,1625449482.0,64.0
-13.19,1625449482.0,64.0
-16.22,1625449482.0,64.0
-17.86,1625449482.0,64.0
-18.16,1625449482.0,64.0
-17.45,1625449482.0,64.0
-16.01,1625449482.0,64.0
-13.86,1625449482.0,64.0
-10.87,1625449482.0,64.0
-6.88,1625449482.0,64.0
-2.07,1625449482.0,64.0
3.01,1625449482.0,64.0
7.49,1625449482.0,64.0
10.59,1625449482.0,64.0
12.01,1625449482.0,64.0
12.11,1625449482.0,64.0
11.81,1625449482.0,64.0
12.28,1625449482.0,64.0
14.47,1625449482.0,64.0
18.76,1625449482.0,64.0
24.91,1625449482.0,64.0
32.23,1625449482.0,64.0
39.76,1625449482.0,64.0
46.52,1625449482.0,64.0
51.62,1625449482.0,64.0
54.31,1625449482.0,64.0
54.1,1625449482.0,64.0
50.84,1625449482.0,64.0
44.72,1625449482.0,64.0
36.19,1625449482.0,64.0
25.79,1625449482.0,64.0
14.04,1625449482.0,64.0
1.42,1625449482.0,64.0
-11.54,1625449482.0,64.0
-24.19,1625449482.0,64.0
-35.78,1625449482.0,64.0
-45.69,1625449482.0,64.0
-53.64,1625449482.0,64.0
-59.82,1625449482.0,64.0
-64.74,1625449482.0,64.0
-68.93,1625449482.0,64.0
-72.62,1625449482.0,64.0
-75.57,1625449482.0,64.0
-77.26,1625449482.0,64.0
-77.05,1625449482.0,64.0
-74.58,1625449482.0,64.0
-69.81,1625449482.0,64.0
-62.93,1625449482.0,64.0
-54.28,1625449482.0,64.0
-44.28,1625449482.0,64.0
-33.37,1625449482.0,64.0
-22.09,1625449482.0,64.0
-11.07,1625449482.0,64.0
-0.93,1625449482.0,64.0
7.78,1625449482.0,64.0
14.69,1625449482.0,64.0
19.62,1625449482.0,64.0
22.52,1625449482.0,64.0
23.52,1625449482.0,64.0
23.03,1625449482.0,64.0
21.76,1625449482.0,64.0
20.68,1625449482.0,64.0
20.73,1625449482.0,64.0
22.49,1625449482.0,64.0
25.83,1625449482.0,64.0
29.98,1625449482.0,64.0
33.71,1625449482.0,64.0
35.79,1625449482.0,64.0
35.26,1625449482.0,64.0
31.62,1625449482.0,64.0
24.86,1625449482.0,64.0
15.43,1625449482.0,64.0
4.22,1625449482.0,64.0
-7.38,1625449482.0,64.0
-17.72,1625449482.0,64.0
-25.24,1625449482.0,64.0
-28.88,1625449482.0,64.0
-28.41,1625449482.0,64.0
-24.49,1625449482.0,64.0
-18.32,1625449482.0,64.0
-11.2,1625449482.0,64.0
-4.27,1625449482.0,64.0
1.66,1625449482.0,64.0
5.97,1625449482.0,64.0
8.11,1625449482.0,64.0
7.59,1625449482.0,64.0
4.18,1625449482.0,64.0
-1.95,1625449482.0,64.0
-10.09,1625449482.0,64.0
-19.22,1625449482.0,64.0
-28.2,1625449482.0,64.0
-36.16,1625449482.0,64.0
-42.46,1625449482.0,64.0
-46.68,1625449482.0,64.0
-48.47,1625449482.0,64.0
-47.5,1625449482.0,64.0
-43.66,1625449482.0,64.0
-37.16,1625449482.0,64.0
-28.63,1625449482.0,64.0
-18.94,1625449482.0,64.0
-8.86,1625449482.0,64.0
1.1,1625449482.0,64.0
10.8,1625449482.0,64.0
20.19,1625449482.0,64.0
28.95,1625449482.0,64.0
36.34,1625449482.0,64.0
41.36,1625449482.0,64.0
43.19,1625449482.0,64.0
41.78,1625449482.0,64.0
37.98,1625449482.0,64.0
33.31,1625449482.0,64.0
29.42,1625449482.0,64.0
27.46,1625449482.0,64.0
27.73,1625449482.0,64.0
29.71,1625449482.0,64.0
32.45,1625449482.0,64.0
34.99,1625449482.0,64.0
36.73,1625449482.0,64.0
37.45,1625449482.0,64.0
37.19,1625449482.0,64.0
36.04,1625449482.0,64.0
34.03,1625449482.0,64.0
31.13,1625449482.0,64.0
27.33,1625449482.0,64.0
22.77,1625449482.0,64.0
17.64,1625449482.0,64.0
12.26,1625449482.0,64.0
6.99,1625449482.0,64.0
2.12,1625449482.0,64.0
-2.11,1625449482.0,64.0
-5.7,1625449482.0,64.0
-8.8,1625449482.0,64.0
-11.87,1625449482.0,64.0
-15.38,1625449482.0,64.0
-19.79,1625449482.0,64.0
-25.32,1625449482.0,64.0
-31.87,1625449482.0,64.0
-39.08,1625449482.0,64.0
-46.47,1625449482.0,64.0
-53.59,1625449482.0,64.0
-60.1,1625449482.0,64.0
-65.63,1625449482.0,64.0
-69.69,1625449482.0,64.0
-71.59,1625449482.0,64.0
-70.64,1625449482.0,64.0
-66.48,1625449482.0,64.0
-59.32,1625449482.0,64.0
-49.99,1625449482.0,64.0
-39.58,1625449482.0,64.0
-29.07,1625449482.0,64.0
-18.9,1625449482.0,64.0
-9.1,1625449482.0,64.0
0.62,1625449482.0,64.0
10.27,1625449482.0,64.0
19.51,1625449482.0,64.0
27.76,1625449482.0,64.0
34.48,1625449482.0,64.0
39.54,1625449482.0,64.0
43.24,1625449482.0,64.0
46.05,1625449482.0,64.0
48.12,1625449482.0,64.0
49.11,1625449482.0,64.0
48.23,1625449482.0,64.0
44.88,1625449482.0,64.0
38.94,1625449482.0,64.0
31.08,1625449482.0,64.0
22.51,1625449482.0,64.0
14.48,1625449482.0,64.0
7.8,1625449482.0,64.0
2.66,1625449482.0,64.0
-1.27,1625449482.0,64.0
-4.41,1625449482.0,64.0
-7.01,1625449482.0,64.0
-9.16,1625449482.0,64.0
-10.92,1625449482.0,64.0
-12.44,1625449482.0,64.0
-13.96,1625449482.0,64.0
-15.76,1625449482.0,64.0
-17.97,1625449482.0,64.0
-20.59,1625449482.0,64.0
-23.63,1625449482.0,64.0
-27.2,1625449482.0,64.0
-31.46,1625449482.0,64.0
-36.56,1625449482.0,64.0
-42.36,1625449482.0,64.0
-48.46,1625449482.0,64.0
-54.42,1625449482.0,64.0
-60.01,1625449482.0,64.0
-65.44,1625449482.0,64.0
-71.32,1625449482.0,64.0
-78.16,1625449482.0,64.0
-86.11,1625449482.0,64.0
-94.97,1625449482.0,64.0
-104.18,1625449482.0,64.0
-113.21,1625449482.0,64.0
-121.37,1625449482.0,64.0
-127.78,1625449482.0,64.0
-131.05,1625449482.0,64.0
-129.5,1625449482.0,64.0
-121.64,1625449482.0,64.0
-106.74,1625449482.0,64.0
-85.16,1625449482.0,64.0
-58.02,1625449482.0,64.0
-26.37,1625449482.0,64.0
9.72,1625449482.0,64.0
50.98,1625449482.0,64.0
97.78,1625449482.0,64.0
148.55,1625449482.0,64.0
199.16,1625449482.0,64.0
243.71,1625449482.0,64.0
276.73,1625449482.0,64.0
295.45,1625449482.0,64.0
300.49,1625449482.0,64.0
294.88,1625449482.0,64.0
281.96,1625449482.0,64.0
263.39,1625449482.0,64.0
238.88,1625449482.0,64.0
207.33,1625449482.0,64.0
168.15,1625449482.0,64.0
122.07,1625449482.0,64.0
70.52,1625449482.0,64.0
14.71,1625449482.0,64.0
-44.43,1625449482.0,64.0
-105.32,1625449482.0,64.0
-164.36,1625449482.0,64.0
-215.59,1625449482.0,64.0
-252.22,1625449482.0,64.0
-269.27,1625449482.0,64.0
-265.55,1625449482.0,64.0
-243.44,1625449482.0,64.0
-207.29,1625449482.0,64.0
-161.2,1625449482.0,64.0
-108.43,1625449482.0,64.0
-52.51,1625449482.0,64.0
0.96,1625449482.0,64.0
43.92,1625449482.0,64.0
67.75,1625449482.0,64.0
66.97,1625449482.0,64.0
42.39,1625449482.0,64.0
1.5,1625449482.0,64.0
-44.17,1625449482.0,64.0
-83.59,1625449482.0,64.0
-110.01,1625449482.0,64.0
-122.18,1625449482.0,64.0
-122.95,1625449482.0,64.0
-116.5,1625449482.0,64.0
-105.83,1625449482.0,64.0
-92.06,1625449482.0,64.0
-75.29,1625449482.0,64.0
-55.79,1625449482.0,64.0
-35.03,1625449482.0,64.0
-15.4,1625449482.0,64.0
0.67,1625449482.0,64.0
11.86,1625449482.0,64.0
18.54,1625449482.0,64.0
22.54,1625449482.0,64.0
26.24,1625449482.0,64.0
31.37,1625449482.0,64.0
38.27,1625449482.0,64.0
45.86,1625449482.0,64.0
52.21,1625449482.0,64.0
55.58,1625449482.0,64.0
55.2,1625449482.0,64.0
51.64,1625449482.0,64.0
46.43,1625449482.0,64.0
41.38,1625449482.0,64.0
37.76,1625449482.0,64.0
35.89,1625449482.0,64.0
35.19,1625449482.0,64.0
34.56,1625449482.0,64.0
33.1,1625449482.0,64.0
30.43,1625449482.0,64.0
26.9,1625449482.0,64.0
23.31,1625449482.0,64.0
20.45,1625449482.0,64.0
18.73,1625449482.0,64.0
18.08,1625449482.0,64.0
17.99,1625449482.0,64.0
17.82,1625449482.0,64.0
17.1,1625449482.0,64.0
15.59,1625449482.0,64.0
13.3,1625449482.0,64.0
10.35,1625449482.0,64.0
6.9,1625449482.0,64.0
3.11,1625449482.0,64.0
-0.81,1625449482.0,64.0
-4.5,1625449482.0,64.0
-7.46,1625449482.0,64.0
-9.08,1625449482.0,64.0
-8.83,1625449482.0,64.0
-6.41,1625449482.0,64.0
-1.92,1625449482.0,64.0
4.14,1625449482.0,64.0
10.96,1625449482.0,64.0
17.72,1625449482.0,64.0
23.85,1625449482.0,64.0
29.2,1625449482.0,64.0
33.98,1625449482.0,64.0
38.48,1625449482.0,64.0
42.79,1625449482.0,64.0
46.63,1625449482.0,64.0
49.51,1625449482.0,64.0
51.02,1625449482.0,64.0
51.1,1625449482.0,64.0
50.16,1625449482.0,64.0
48.9,1625449482.0,64.0
48.04,1625449482.0,64.0
47.93,1625449482.0,64.0
48.4,1625449482.0,64.0
48.88,1625449482.0,64.0
48.65,1625449482.0,64.0
47.22,1625449482.0,64.0
44.5,1625449482.0,64.0
40.89,1625449482.0,64.0
37.05,1625449482.0,64.0
33.6,1625449482.0,64.0
30.87,1625449482.0,64.0
28.79,1625449482.0,64.0
26.94,1625449482.0,64.0
24.85,1625449482.0,64.0
22.19,1625449482.0,64.0
18.95,1625449482.0,64.0
15.41,1625449482.0,64.0
11.96,1625449482.0,64.0
8.84,1625449482.0,64.0
6.09,1625449482.0,64.0
3.47,1625449482.0,64.0
0.63,1625449482.0,64.0
-2.74,1625449482.0,64.0
-6.93,1625449482.0,64.0
-12.19,1625449482.0,64.0
-18.8,1625449482.0,64.0
-26.91,1625449482.0,64.0
-36.25,1625449482.0,64.0
-45.9,1625449482.0,64.0
-54.24,1625449482.0,64.0
-59.37,1625449482.0,64.0
-59.84,1625449482.0,64.0
-55.28,1625449482.0,64.0
-46.69,1625449482.0,64.0
-36.16,1625449482.0,64.0
-25.97,1625449482.0,64.0
-17.75,1625449482.0,64.0
-11.93,1625449482.0,64.0
-7.75,1625449482.0,64.0
-3.8,1625449482.0,64.0
1.1,1625449482.0,64.0
7.39,1625449482.0,64.0
14.65,1625449482.0,64.0
21.88,1625449482.0,64.0
28.05,1625449482.0,64.0
32.61,1625449482.0,64.0
35.6,1625449482.0,64.0
37.42,1625449482.0,64.0
38.59,1625449482.0,64.0
39.3,1625449482.0,64.0
39.38,1625449482.0,64.0
38.5,1625449482.0,64.0
36.47,1625449482.0,64.0
33.47,1625449482.0,64.0
30.06,1625449482.0,64.0
26.84,1625449482.0,64.0
24.19,1625449482.0,64.0
22.05,1625449482.0,64.0
20.0,1625449482.0,64.0
17.56,1625449482.0,64.0
14.45,1625449482.0,64.0
10.75,1625449482.0,64.0
6.92,1625449482.0,64.0
3.46,1625449482.0,64.0
0.8,1625449482.0,64.0
-1.05,1625449482.0,64.0
-2.32,1625449482.0,64.0
-3.46,1625449482.0,64.0
-4.78,1625449482.0,64.0
-6.38,1625449482.0,64.0
-8.07,1625449482.0,64.0
-9.54,1625449482.0,64.0
-10.59,1625449482.0,64.0
-11.32,1625449482.0,64.0
-12.16,1625449482.0,64.0
-13.75,1625449482.0,64.0
-16.7,1625449482.0,64.0
-21.36,1625449482.0,64.0
-27.55,1625449482.0,64.0
-34.59,1625449482.0,64.0
-41.39,1625449482.0,64.0
-46.66,1625449482.0,64.0
-49.33,1625449482.0,64.0
-48.81,1625449482.0,64.0
-45.19,1625449482.0,64.0
-39.14,1625449482.0,64.0
-31.6,1625449482.0,64.0
-23.35,1625449482.0,64.0
-14.84,1625449482.0,64.0
-6.16,1625449482.0,64.0
2.71,1625449482.0,64.0
11.6,1625449482.0,64.0
20.02,1625449482.0,64.0
27.22,1625449482.0,64.0
32.51,1625449482.0,64.0
35.58,1625449482.0,64.0
36.66,1625449482.0,64.0
36.39,1625449482.0,64.0
35.54,1625449482.0,64.0
34.65,1625449482.0,64.0
33.94,1625449482.0,64.0
33.28,1625449482.0,64.0
32.41,1625449482.0,64.0
31.21,1625449482.0,64.0
29.78,1625449482.0,64.0
28.36,1625449482.0,64.0
27.17,1625449482.0,64.0
26.24,1625449482.0,64.0
25.32,1625449482.0,64.0
24.01,1625449482.0,64.0
22.02,1625449482.0,64.0
19.33,1625449482.0,64.0
16.18,1625449482.0,64.0
13.05,1625449482.0,64.0
10.36,1625449482.0,64.0
8.29,1625449482.0,64.0
6.74,1625449482.0,64.0
5.42,1625449482.0,64.0
4.03,1625449482.0,64.0
2.42,1625449482.0,64.0
0.57,1625449482.0,64.0
-1.46,1625449482.0,64.0
-3.7,1625449482.0,64.0
-6.31,1625449482.0,64.0
-9.48,1625449482.0,64.0
-13.29,1625449482.0,64.0
-17.59,1625449482.0,64.0
-22.13,1625449482.0,64.0
-26.64,1625449482.0,64.0
-30.95,1625449482.0,64.0
-35.02,1625449482.0,64.0
-38.73,1625449482.0,64.0
-41.71,1625449482.0,64.0
-43.41,1625449482.0,64.0
-43.27,1625449482.0,64.0
-41.01,1625449482.0,64.0
-36.79,1625449482.0,64.0
-31.12,1625449482.0,64.0
-24.61,1625449482.0,64.0
-17.68,1625449482.0,64.0
-10.48,1625449482.0,64.0
-3.05,1625449482.0,64.0
4.44,1625449482.0,64.0
11.47,1625449482.0,64.0
17.4,1625449482.0,64.0
21.62,1625449482.0,64.0
23.95,1625449482.0,64.0
24.71,1625449482.0,64.0
24.52,1625449482.0,64.0
24.11,1625449482.0,64.0
23.92,1625449482.0,64.0
24.09,1625449482.0,64.0
24.5,1625449482.0,64.0
24.92,1625449482.0,64.0
25.18,1625449482.0,64.0
25.27,1625449482.0,64.0
25.17,1625449482.0,64.0
24.86,1625449482.0,64.0
24.28,1625449482.0,64.0
23.27,1625449482.0,64.0
21.73,1625449482.0,64.0
19.65,1625449482.0,64.0
17.17,1625449482.0,64.0
14.43,1625449482.0,64.0
11.59,1625449482.0,64.0
8.76,1625449482.0,64.0
6.02,1625449482.0,64.0
3.39,1625449482.0,64.0
0.92,1625449482.0,64.0
-1.32,1625449482.0,64.0
-3.31,1625449482.0,64.0
-5.05,1625449482.0,64.0
-6.63,1625449482.0,64.0
-8.25,1625449482.0,64.0
-10.12,1625449482.0,64.0
-12.52,1625449482.0,64.0
-15.63,1625449482.0,64.0
-19.46,1625449482.0,64.0
-23.95,1625449482.0,64.0
-28.84,1625449482.0,64.0
-33.79,1625449482.0,64.0
-38.46,1625449482.0,64.0
-42.44,1625449482.0,64.0
-45.34,1625449482.0,64.0
-46.74,1625449482.0,64.0
-46.31,1625449482.0,64.0
-43.92,1625449482.0,64.0
-39.66,1625449482.0,64.0
-33.94,1625449482.0,64.0
-27.32,1625449482.0,64.0
-20.34,1625449482.0,64.0
-13.34,1625449482.0,64.0
-6.5,1625449482.0,64.0
0.15,1625449482.0,64.0
6.48,1625449482.0,64.0
12.26,1625449482.0,64.0
17.12,1625449482.0,64.0
20.75,1625449482.0,64.0
23.04,1625449482.0,64.0
24.21,1625449482.0,64.0
24.71,1625449482.0,64.0
25.08,1625449482.0,64.0
25.74,1625449482.0,64.0
26.79,1625449482.0,64.0
28.0,1625449482.0,64.0
28.98,1625449482.0,64.0
29.35,1625449482.0,64.0
28.94,1625449482.0,64.0
27.85,1625449482.0,64.0
26.38,1625449482.0,64.0
24.83,1625449482.0,64.0
23.32,1625449482.0,64.0
21.76,1625449482.0,64.0
19.9,1625449482.0,64.0
17.59,1625449482.0,64.0
14.83,1625449482.0,64.0
11.86,1625449482.0,64.0
8.97,1625449482.0,64.0
6.29,1625449482.0,64.0
3.76,1625449482.0,64.0
1.13,1625449482.0,64.0
-1.82,1625449482.0,64.0
-5.15,1625449482.0,64.0
-8.66,1625449482.0,64.0
-12.11,1625449482.0,64.0
-15.36,1625449482.0,64.0
-18.45,1625449482.0,64.0
-21.62,1625449482.0,64.0
-25.11,1625449482.0,64.0
-29.06,1625449482.0,64.0
-33.42,1625449482.0,64.0
-37.98,1625449482.0,64.0
-42.4,1625449482.0,64.0
-46.26,1625449482.0,64.0
-49.0,1625449482.0,64.0
-50.05,1625449482.0,64.0
-48.94,1625449482.0,64.0
-45.5,1625449482.0,64.0
-39.99,1625449482.0,64.0
-32.99,1625449482.0,64.0
-25.22,1625449482.0,64.0
-17.23,1625449482.0,64.0
-9.33,1625449482.0,64.0
-1.67,1625449482.0,64.0
5.61,1625449482.0,64.0
12.17,1625449482.0,64.0
17.58,1625449482.0,64.0
21.47,1625449482.0,64.0
23.76,1625449482.0,64.0
24.77,1625449482.0,64.0
25.12,1625449482.0,64.0
25.43,1625449482.0,64.0
26.1,1625449482.0,64.0
27.16,1625449482.0,64.0
28.35,1625449482.0,64.0
29.3,1625449482.0,64.0
29.64,1625449482.0,64.0
29.14,1625449482.0,64.0
27.78,1625449482.0,64.0
25.65,1625449482.0,64.0
22.95,1625449482.0,64.0
19.91,1625449482.0,64.0
16.72,1625449482.0,64.0
13.53,1625449482.0,64.0
10.41,1625449482.0,64.0
7.43,1625449482.0,64.0
4.62,1625449482.0,64.0
2.02,1625449482.0,64.0
-0.34,1625449482.0,64.0
-2.46,1625449482.0,64.0
-4.41,1625449482.0,64.0
-6.34,1625449482.0,64.0
-8.39,1625449482.0,64.0
-10.64,1625449482.0,64.0
-13.11,1625449482.0,64.0
-15.72,1625449482.0,64.0
-18.33,1625449482.0,64.0
-20.88,1625449482.0,64.0
-23.37,1625449482.0,64.0
-25.94,1625449482.0,64.0
-28.83,1625449482.0,64.0
-32.27,1625449482.0,64.0
-36.3,1625449482.0,64.0
-40.66,1625449482.0,64.0
-44.76,1625449482.0,64.0
-47.73,1625449482.0,64.0
-48.82,1625449482.0,64.0
-47.57,1625449482.0,64.0
-43.97,1625449482.0,64.0
-38.47,1625449482.0,64.0
-31.69,1625449482.0,64.0
-24.22,1625449482.0,64.0
-16.44,1625449482.0,64.0
-8.61,1625449482.0,64.0
-0.95,1625449482.0,64.0
6.17,1625449482.0,64.0
12.32,1625449482.0,64.0
17.07,1625449482.0,64.0
20.26,1625449482.0,64.0
22.12,1625449482.0,64.0
23.12,1625449482.0,64.0
23.83,1625449482.0,64.0
24.69,1625449482.0,64.0
25.86,1625449482.0,64.0
27.23,1625449482.0,64.0
28.54,1625449482.0,64.0
29.49,1625449482.0,64.0
29.83,1625449482.0,64.0
29.47,1625449482.0,64.0
28.41,1625449482.0,64.0
26.77,1625449482.0,64.0
24.73,1625449482.0,64.0
22.49,1625449482.0,64.0
20.15,1625449482.0,64.0
17.78,1625449482.0,64.0
15.35,1625449482.0,64.0
12.8,1625449482.0,64.0
10.14,1625449482.0,64.0
7.4,1625449482.0,64.0
4.77,1625449482.0,64.0
2.4,1625449482.0,64.0
0.42,1625449482.0,64.0
-1.17,1625449482.0,64.0
-2.45,1625449482.0,64.0
-3.57,1625449482.0,64.0
-4.68,1625449482.0,64.0
-5.97,1625449482.0,64.0
-7.6,1625449482.0,64.0
-9.75,1625449482.0,64.0
-12.52,1625449482.0,64.0
-15.9,1625449482.0,64.0
-19.56,1625449482.0,64.0
-22.88,1625449482.0,64.0
-25.03,1625449482.0,64.0
-25.24,1625449482.0,64.0
-23.0,1625449482.0,64.0
-18.31,1625449482.0,64.0
-11.69,1625449482.0,64.0
-4.06,1625449482.0,64.0
3.53,1625449482.0,64.0
10.27,1625449482.0,64.0
15.77,1625449482.0,64.0
19.99,1625449482.0,64.0
23.2,1625449482.0,64.0
25.7,1625449482.0,64.0
27.65,1625449482.0,64.0
29.09,1625449482.0,64.0
29.98,1625449482.0,64.0
30.4,1625449482.0,64.0
30.55,1625449482.0,64.0
30.75,1625449482.0,64.0
31.21,1625449482.0,64.0
31.9,1625449482.0,64.0
32.56,1625449482.0,64.0
32.76,1625449482.0,64.0
32.1,1625449482.0,64.0
30.37,1625449482.0,64.0
27.62,1625449482.0,64.0
24.1,1625449482.0,64.0
20.17,1625449482.0,64.0
16.17,1625449482.0,64.0
12.37,1625449482.0,64.0
8.88,1625449482.0,64.0
5.68,1625449482.0,64.0
2.72,1625449482.0,64.0
0.01,1625449482.0,64.0
-2.39,1625449482.0,64.0
-4.46,1625449482.0,64.0
-6.3,1625449482.0,64.0
-8.21,1625449482.0,64.0
-10.64,1625449482.0,64.0
-13.99,1625449482.0,64.0
-18.4,1625449482.0,64.0
-23.68,1625449482.0,64.0
-29.39,1625449482.0,64.0
-35.03,1625449482.0,64.0
-40.24,1625449482.0,64.0
-44.83,1625449482.0,64.0
-48.64,1625449482.0,64.0
-51.42,1625449482.0,64.0
-52.82,1625449482.0,64.0
-52.48,1625449482.0,64.0
-50.17,1625449482.0,64.0
-45.96,1625449482.0,64.0
-40.11,1625449482.0,64.0
-32.97,1625449482.0,64.0
-24.79,1625449482.0,64.0
-15.77,1625449482.0,64.0
-6.1,1625449482.0,64.0
3.85,1625449482.0,64.0
13.5,1625449482.0,64.0
22.11,1625449482.0,64.0
28.94,1625449482.0,64.0
33.53,1625449482.0,64.0
35.9,1625449482.0,64.0
36.53,1625449482.0,64.0
36.28,1625449482.0,64.0
36.01,1625449482.0,64.0
36.33,1625449482.0,64.0
37.34,1625449482.0,64.0
38.7,1625449482.0,64.0
39.73,1625449482.0,64.0
39.76,1625449482.0,64.0
38.41,1625449482.0,64.0
35.72,1625449482.0,64.0
32.08,1625449482.0,64.0
28.03,1625449482.0,64.0
23.99,1625449482.0,64.0
20.15,1625449482.0,64.0
16.45,1625449482.0,64.0
12.72,1625449482.0,64.0
8.88,1625449482.0,64.0
4.99,1625449482.0,64.0
1.21,1625449482.0,64.0
-2.24,1625449482.0,64.0
-5.31,1625449482.0,64.0
-8.13,1625449482.0,64.0
-11.01,1625449482.0,64.0
-14.24,1625449482.0,64.0
-18.06,1625449482.0,64.0
-22.42,1625449482.0,64.0
-27.13,1625449482.0,64.0
-31.8,1625449482.0,64.0
-36.01,1625449482.0,64.0
-39.4,1625449482.0,64.0
-41.81,1625449482.0,64.0
-43.22,1625449482.0,64.0
-43.73,1625449482.0,64.0
-43.42,1625449482.0,64.0
-42.23,1625449482.0,64.0
-39.96,1625449482.0,64.0
-36.4,1625449482.0,64.0
-31.41,1625449482.0,64.0
-25.04,1625449482.0,64.0
-17.56,1625449482.0,64.0
-9.38,1625449482.0,64.0
-0.94,1625449482.0,64.0
7.31,1625449482.0,64.0
14.88,1625449482.0,64.0
21.32,1625449482.0,64.0
26.18,1625449482.0,64.0
29.24,1625449482.0,64.0
30.65,1625449482.0,64.0
30.93,1625449482.0,64.0
30.75,1625449482.0,64.0
30.7,1625449482.0,64.0
30.88,1625449482.0,64.0
30.98,1625449482.0,64.0
30.54,1625449482.0,64.0
29.23,1625449482.0,64.0
27.09,1625449482.0,64.0
24.47,1625449482.0,64.0
21.77,1625449482.0,64.0
19.15,1625449482.0,64.0
16.51,1625449482.0,64.0
13.6,1625449482.0,64.0
10.3,1625449482.0,64.0
6.75,1625449482.0,64.0
3.27,1625449482.0,64.0
0.23,1625449482.0,64.0
-2.19,1625449482.0,64.0
-4.11,1625449482.0,64.0
-5.75,1625449482.0,64.0
-7.38,1625449482.0,64.0
-9.25,1625449482.0,64.0
-11.52,1625449482.0,64.0
-14.34,1625449482.0,64.0
-17.77,1625449482.0,64.0
-21.82,1625449482.0,64.0
-26.37,1625449482.0,64.0
-31.21,1625449482.0,64.0
-36.06,1625449482.0,64.0
-40.5,1625449482.0,64.0
-44.03,1625449482.0,64.0
-46.02,1625449482.0,64.0
-45.86,1625449482.0,64.0
-43.17,1625449482.0,64.0
-37.93,1625449482.0,64.0
-30.63,1625449482.0,64.0
-22.1,1625449482.0,64.0
-13.24,1625449482.0,64.0
-4.75,1625449482.0,64.0
3.04,1625449482.0,64.0
10.1,1625449482.0,64.0
16.42,1625449482.0,64.0
21.9,1625449482.0,64.0
26.28,1625449482.0,64.0
29.28,1625449482.0,64.0
30.83,1625449482.0,64.0
31.17,1625449482.0,64.0
30.82,1625449482.0,64.0
30.4,1625449482.0,64.0
30.4,1625449482.0,64.0
31.02,1625449482.0,64.0
32.08,1625449482.0,64.0
33.16,1625449482.0,64.0
33.8,1625449482.0,64.0
33.63,1625449482.0,64.0
32.52,1625449482.0,64.0
30.56,1625449482.0,64.0
27.95,1625449482.0,64.0
24.95,1625449482.0,64.0
21.74,1625449482.0,64.0
18.4,1625449482.0,64.0
14.89,1625449482.0,64.0
11.21,1625449482.0,64.0
7.37,1625449482.0,64.0
3.49,1625449482.0,64.0
-0.29,1625449482.0,64.0
-3.8,1625449482.0,64.0
-6.92,1625449482.0,64.0
-9.64,1625449482.0,64.0
-12.0,1625449482.0,64.0
-14.16,1625449482.0,64.0
-16.35,1625449482.0,64.0
-18.76,1625449482.0,64.0
-21.53,1625449482.0,64.0
-24.71,1625449482.0,64.0
-28.24,1625449482.0,64.0
-32.01,1625449482.0,64.0
-35.84,1625449482.0,64.0
-39.47,1625449482.0,64.0
-42.48,1625449482.0,64.0
-44.3,1625449482.0,64.0
-44.41,1625449482.0,64.0
-42.41,1625449482.0,64.0
-38.31,1625449482.0,64.0
-32.54,1625449482.0,64.0
-25.74,1625449482.0,64.0
-18.56,1625449482.0,64.0
-11.4,1625449482.0,64.0
-4.36,1625449482.0,64.0
2.57,1625449482.0,64.0
9.31,1625449482.0,64.0
15.52,1625449482.0,64.0
20.67,1625449482.0,64.0
24.33,1625449482.0,64.0
26.36,1625449482.0,64.0
27.06,1625449482.0,64.0
27.0,1625449482.0,64.0
26.87,1625449482.0,64.0
27.06,1625449482.0,64.0
27.62,1625449482.0,64.0
28.21,1625449482.0,64.0
28.42,1625449482.0,64.0
27.86,1625449482.0,64.0
26.4,1625449482.0,64.0
24.2,1625449482.0,64.0
21.59,1625449482.0,64.0
18.99,1625449482.0,64.0
16.7,1625449482.0,64.0
14.79,1625449482.0,64.0
13.13,1625449482.0,64.0
11.43,1625449482.0,64.0
9.35,1625449482.0,64.0
6.71,1625449482.0,64.0
3.52,1625449482.0,64.0
-0.02,1625449482.0,64.0
-3.55,1625449482.0,64.0
-6.78,1625449482.0,64.0
-9.51,1625449482.0,64.0
-11.72,1625449482.0,64.0
-13.52,1625449482.0,64.0
-15.12,1625449482.0,64.0
-16.78,1625449482.0,64.0
-18.75,1625449482.0,64.0
-21.22,1625449482.0,64.0
-24.28,1625449482.0,64.0
-27.96,1625449482.0,64.0
-32.09,1625449482.0,64.0
-36.33,1625449482.0,64.0
-40.22,1625449482.0,64.0
-43.13,1625449482.0,64.0
-44.52,1625449482.0,64.0
-44.0,1625449482.0,64.0
-41.47,1625449482.0,64.0
-37.1,1625449482.0,64.0
-31.25,1625449482.0,64.0
-24.3,1625449482.0,64.0
-16.52,1625449482.0,64.0
-8.0,1625449482.0,64.0
1.22,1625449482.0,64.0
10.9,1625449482.0,64.0
20.42,1625449482.0,64.0
28.73,1625449482.0,64.0
34.59,1625449482.0,64.0
37.11,1625449482.0,64.0
36.14,1625449482.0,64.0
32.41,1625449482.0,64.0
27.34,1625449482.0,64.0
22.54,1625449482.0,64.0
19.34,1625449482.0,64.0
18.47,1625449482.0,64.0
19.97,1625449482.0,64.0
23.31,1625449482.0,64.0
27.56,1625449482.0,64.0
31.63,1625449482.0,64.0
34.45,1625449482.0,64.0
35.22,1625449482.0,64.0
33.61,1625449482.0,64.0
29.96,1625449482.0,64.0
25.12,1625449482.0,64.0
20.11,1625449482.0,64.0
15.67,1625449482.0,64.0
12.03,1625449482.0,64.0
8.95,1625449482.0,64.0
6.02,1625449482.0,64.0
3.04,1625449482.0,64.0
0.08,1625449482.0,64.0
-2.63,1625449482.0,64.0
-4.95,1625449482.0,64.0
-7.04,1625449482.0,64.0
-9.31,1625449482.0,64.0
-12.21,1625449482.0,64.0
-15.94,1625449482.0,64.0
-20.32,1625449482.0,64.0
-24.92,1625449482.0,64.0
-29.34,1625449482.0,64.0
-33.38,1625449482.0,64.0
-37.05,1625449482.0,64.0
-40.35,1625449482.0,64.0
-43.07,1625449482.0,64.0
-44.68,1625449482.0,64.0
-44.55,1625449482.0,64.0
-42.21,1625449482.0,64.0
-37.62,1625449482.0,64.0
-31.24,1625449482.0,64.0
-23.82,1625449482.0,64.0
-16.1,1625449482.0,64.0
-8.62,1625449482.0,64.0
-1.58,1625449482.0,64.0
4.99,1625449482.0,64.0
11.14,1625449482.0,64.0
16.75,1625449482.0,64.0
21.53,1625449482.0,64.0
25.18,1625449482.0,64.0
27.5,1625449482.0,64.0
28.55,1625449482.0,64.0
28.68,1625449482.0,64.0
28.42,1625449482.0,64.0
28.2,1625449482.0,64.0
28.26,1625449482.0,64.0
28.51,1625449482.0,64.0
28.62,1625449482.0,64.0
28.19,1625449482.0,64.0
27.0,1625449482.0,64.0
25.02,1625449482.0,64.0
22.43,1625449482.0,64.0
19.48,1625449482.0,64.0
16.34,1625449482.0,64.0
13.14,1625449482.0,64.0
9.97,1625449482.0,64.0
6.94,1625449482.0,64.0
4.19,1625449482.0,64.0
1.86,1625449482.0,64.0
-0.0,1625449482.0,64.0
-1.51,1625449482.0,64.0
-2.86,1625449482.0,64.0
-4.26,1625449482.0,64.0
-5.87,1625449482.0,64.0
-7.71,1625449482.0,64.0
-9.75,1625449482.0,64.0
-11.95,1625449482.0,64.0
-14.39,1625449482.0,64.0
-17.22,1625449482.0,64.0
-20.57,1625449482.0,64.0
-24.5,1625449482.0,64.0
-28.95,1625449482.0,64.0
-33.76,1625449482.0,64.0
-38.6,1625449482.0,64.0
-43.09,1625449482.0,64.0
-46.7,1625449482.0,64.0
-48.82,1625449482.0,64.0
-48.91,1625449482.0,64.0
-46.62,1625449482.0,64.0
-42.01,1625449482.0,64.0
-35.52,1625449482.0,64.0
-27.9,1625449482.0,64.0
-19.92,1625449482.0,64.0
-12.16,1625449482.0,64.0
-4.81,1625449482.0,64.0
2.15,1625449482.0,64.0
8.76,1625449482.0,64.0
14.93,1625449482.0,64.0
20.3,1625449482.0,64.0
24.43,1625449482.0,64.0
27.0,1625449482.0,64.0
28.07,1625449482.0,64.0
28.1,1625449482.0,64.0
27.82,1625449482.0,64.0
27.92,1625449482.0,64.0
28.74,1625449482.0,64.0
30.15,1625449482.0,64.0
31.66,1625449482.0,64.0
32.65,1625449482.0,64.0
32.68,1625449482.0,64.0
31.66,1625449482.0,64.0
29.78,1625449482.0,64.0
27.35,1625449482.0,64.0
24.56,1625449482.0,64.0
21.44,1625449482.0,64.0
18.03,1625449482.0,64.0
14.46,1625449482.0,64.0
11.12,1625449482.0,64.0
8.54,1625449482.0,64.0
7.17,1625449482.0,64.0
7.05,1625449482.0,64.0
7.64,1625449482.0,64.0
7.94,1625449482.0,64.0
6.9,1625449482.0,64.0
3.88,1625449482.0,64.0
-1.07,1625449482.0,64.0
-7.2,1625449482.0,64.0
-13.54,1625449482.0,64.0
-19.39,1625449482.0,64.0
-24.6,1625449482.0,64.0
-29.49,1625449482.0,64.0
-34.46,1625449482.0,64.0
-39.56,1625449482.0,64.0
-44.33,1625449482.0,64.0
-47.97,1625449482.0,64.0
-49.8,1625449482.0,64.0
-49.65,1625449482.0,64.0
-47.91,1625449482.0,64.0
-45.24,1625449482.0,64.0
-42.17,1625449482.0,64.0
-38.74,1625449482.0,64.0
-34.59,1625449482.0,64.0
-29.3,1625449482.0,64.0
-22.72,1625449482.0,64.0
-15.13,1625449482.0,64.0
-7.16,1625449482.0,64.0
0.51,1625449482.0,64.0
7.35,1625449482.0,64.0
13.13,1625449482.0,64.0
17.75,1625449482.0,64.0
21.23,1625449482.0,64.0
23.59,1625449482.0,64.0
24.96,1625449482.0,64.0
25.53,1625449482.0,64.0
25.64,1625449482.0,64.0
25.7,1625449482.0,64.0
25.98,1625449482.0,64.0
26.54,1625449482.0,64.0
27.28,1625449482.0,64.0
27.96,1625449482.0,64.0
28.34,1625449482.0,64.0
28.21,1625449482.0,64.0
27.45,1625449482.0,64.0
26.0,1625449482.0,64.0
23.85,1625449482.0,64.0
21.16,1625449482.0,64.0
18.18,1625449482.0,64.0
15.28,1625449482.0,64.0
12.76,1625449482.0,64.0
10.69,1625449482.0,64.0
8.9,1625449482.0,64.0
7.04,1625449482.0,64.0
4.76,1625449482.0,64.0
1.93,1625449482.0,64.0
-1.35,1625449482.0,64.0
-4.77,1625449482.0,64.0
-8.0,1625449482.0,64.0
-10.92,1625449482.0,64.0
-13.55,1625449482.0,64.0
-16.15,1625449482.0,64.0
-18.95,1625449482.0,64.0
-22.13,1625449482.0,64.0
-25.75,1625449482.0,64.0
-29.79,1625449482.0,64.0
-34.15,1625449482.0,64.0
-38.64,1625449482.0,64.0
-42.93,1625449482.0,64.0
-46.5,1625449482.0,64.0
-48.73,1625449482.0,64.0
-49.05,1625449482.0,64.0
-47.13,1625449482.0,64.0
-43.02,1625449482.0,64.0
-37.11,1625449482.0,64.0
-30.07,1625449482.0,64.0
-22.48,1625449482.0,64.0
-14.81,1625449482.0,64.0
-7.24,1625449482.0,64.0
0.21,1625449482.0,64.0
7.49,1625449482.0,64.0
14.43,1625449482.0,64.0
20.65,1625449482.0,64.0
25.7,1625449482.0,64.0
29.32,1625449482.0,64.0
31.57,1625449482.0,64.0
32.84,1625449482.0,64.0
33.74,1625449482.0,64.0
34.75,1625449482.0,64.0
35.99,1625449482.0,64.0
37.23,1625449482.0,64.0
37.99,1625449482.0,64.0
37.88,1625449482.0,64.0
36.82,1625449482.0,64.0
35.05,1625449482.0,64.0
32.93,1625449482.0,64.0
30.68,1625449482.0,64.0
28.29,1625449482.0,64.0
25.56,1625449482.0,64.0
22.33,1625449482.0,64.0
18.67,1625449482.0,64.0
14.94,1625449482.0,64.0
11.57,1625449482.0,64.0
8.88,1625449482.0,64.0
6.84,1625449482.0,64.0
5.09,1625449482.0,64.0
3.12,1625449482.0,64.0
0.55,1625449482.0,64.0
-2.7,1625449482.0,64.0
-6.47,1625449482.0,64.0
-10.42,1625449482.0,64.0
-14.35,1625449482.0,64.0
-18.17,1625449482.0,64.0
-21.9,1625449482.0,64.0
-25.52,1625449482.0,64.0
-28.85,1625449482.0,64.0
-31.7,1625449482.0,64.0
-33.93,1625449482.0,64.0
-35.72,1625449482.0,64.0
-37.44,1625449482.0,64.0
-39.46,1625449482.0,64.0
-41.76,1625449482.0,64.0
-43.72,1625449482.0,64.0
-44.25,1625449482.0,64.0
-42.34,1625449482.0,64.0
-37.64,1625449482.0,64.0
-30.66,1625449482.0,64.0
-22.5,1625449482.0,64.0
-14.27,1625449482.0,64.0
-6.51,1625449482.0,64.0
0.9,1625449482.0,64.0
8.31,1625449482.0,64.0
15.7,1625449482.0,64.0
22.4,1625449482.0,64.0
27.3,1625449482.0,64.0
29.55,1625449482.0,64.0
29.19,1625449482.0,64.0
27.26,1625449482.0,64.0
25.31,1625449482.0,64.0
24.54,1625449482.0,64.0
25.25,1625449482.0,64.0
26.74,1625449482.0,64.0
27.92,1625449482.0,64.0
27.97,1625449482.0,64.0
26.78,1625449482.0,64.0
24.85,1625449482.0,64.0
22.84,1625449482.0,64.0
21.14,1625449482.0,64.0
19.67,1625449482.0,64.0
18.06,1625449482.0,64.0
15.94,1625449482.0,64.0
13.27,1625449482.0,64.0
10.34,1625449482.0,64.0
7.6,1625449482.0,64.0
5.35,1625449482.0,64.0
3.61,1625449482.0,64.0
2.14,1625449482.0,64.0
0.59,1625449482.0,64.0
-1.28,1625449482.0,64.0
-3.52,1625449482.0,64.0
-5.95,1625449482.0,64.0
-8.37,1625449482.0,64.0
-10.62,1625449482.0,64.0
-12.74,1625449482.0,64.0
-14.91,1625449482.0,64.0
-17.39,1625449482.0,64.0
-20.41,1625449482.0,64.0
-24.05,1625449482.0,64.0
-28.28,1625449482.0,64.0
-32.92,1625449482.0,64.0
-37.61,1625449482.0,64.0
-41.89,1625449482.0,64.0
-45.18,1625449482.0,64.0
-46.92,1625449482.0,64.0
-46.65,1625449482.0,64.0
-44.19,1625449482.0,64.0
-39.62,1625449482.0,64.0
-33.34,1625449482.0,64.0
-25.87,1625449482.0,64.0
-17.75,1625449482.0,64.0
-9.43,1625449482.0,64.0
-1.21,1625449482.0,64.0
6.64,1625449482.0,64.0
13.84,1625449482.0,64.0
20.07,1625449482.0,64.0
25.0,1625449482.0,64.0
28.44,1625449482.0,64.0
30.44,1625449482.0,64.0
31.3,1625449482.0,64.0
31.49,1625449482.0,64.0
31.46,1625449482.0,64.0
31.45,1625449482.0,64.0
31.52,1625449482.0,64.0
31.51,1625449482.0,64.0
31.25,1625449482.0,64.0
30.7,1625449482.0,64.0
29.89,1625449482.0,64.0
28.89,1625449482.0,64.0
27.68,1625449482.0,64.0
26.11,1625449482.0,64.0
24.01,1625449482.0,64.0
21.3,1625449482.0,64.0
18.1,1625449482.0,64.0
14.72,1625449482.0,64.0
11.51,1625449482.0,64.0
8.68,1625449482.0,64.0
6.24,1625449482.0,64.0
4.01,1625449482.0,64.0
1.84,1625449482.0,64.0
-0.37,1625449482.0,64.0
-2.58,1625449482.0,64.0
-4.74,1625449482.0,64.0
-6.83,1625449482.0,64.0
-9.03,1625449482.0,64.0
-11.56,1625449482.0,64.0
-14.67,1625449482.0,64.0
-18.45,1625449482.0,64.0
-22.82,1625449482.0,64.0
-27.62,1625449482.0,64.0
-32.63,1625449482.0,64.0
-37.57,1625449482.0,64.0
-42.07,1625449482.0,64.0
-45.63,1625449482.0,64.0
-47.64,1625449482.0,64.0
-47.6,1625449482.0,64.0
-45.23,1625449482.0,64.0
-40.64,1625449482.0,64.0
-34.3,1625449482.0,64.0
-26.85,1625449482.0,64.0
-18.88,1625449482.0,64.0
-10.8,1625449482.0,64.0
-2.85,1625449482.0,64.0
4.86,1625449482.0,64.0
12.11,1625449482.0,64.0
18.5,1625449482.0,64.0
23.63,1625449482.0,64.0
27.15,1625449482.0,64.0
29.03,1625449482.0,64.0
29.59,1625449482.0,64.0
29.45,1625449482.0,64.0
29.25,1625449482.0,64.0
29.47,1625449482.0,64.0
30.22,1625449482.0,64.0
31.25,1625449482.0,64.0
32.09,1625449482.0,64.0
32.28,1625449482.0,64.0
31.49,1625449482.0,64.0
29.66,1625449482.0,64.0
26.9,1625449482.0,64.0
23.49,1625449482.0,64.0
19.74,1625449482.0,64.0
15.95,1625449482.0,64.0
12.36,1625449482.0,64.0
9.19,1625449482.0,64.0
6.52,1625449482.0,64.0
4.32,1625449482.0,64.0
2.42,1625449482.0,64.0
0.54,1625449482.0,64.0
-1.61,1625449482.0,64.0
-4.23,1625449482.0,64.0
-7.28,1625449482.0,64.0
-10.53,1625449482.0,64.0
-13.51,1625449482.0,64.0
-15.69,1625449482.0,64.0
-16.66,1625449482.0,64.0
-16.33,1625449482.0,64.0
-15.09,1625449482.0,64.0
-13.81,1625449482.0,64.0
-13.61,1625449482.0,64.0
-15.4,1625449482.0,64.0
-19.43,1625449482.0,64.0
-25.07,1625449482.0,64.0
-30.92,1625449482.0,64.0
-35.45,1625449482.0,64.0
-37.61,1625449482.0,64.0
-37.24,1625449482.0,64.0
-35.07,1625449482.0,64.0
-32.1,1625449482.0,64.0
-28.99,1625449482.0,64.0
-25.74,1625449482.0,64.0
-21.86,1625449482.0,64.0
-16.82,1625449482.0,64.0
-10.68,1625449482.0,64.0
-4.2,1625449482.0,64.0
1.49,1625449482.0,64.0
5.45,1625449482.0,64.0
7.49,1625449482.0,64.0
8.25,1625449482.0,64.0
8.85,1625449482.0,64.0
10.27,1625449482.0,64.0
12.82,1625449482.0,64.0
16.05,1625449482.0,64.0
19.08,1625449482.0,64.0
21.05,1625449482.0,64.0
21.56,1625449482.0,64.0
20.83,1625449482.0,64.0
19.43,1625449482.0,64.0
18.0,1625449482.0,64.0
16.89,1625449482.0,64.0
16.04,1625449482.0,64.0
15.11,1625449482.0,64.0
13.79,1625449482.0,64.0
11.95,1625449482.0,64.0
9.68,1625449482.0,64.0
7.3,1625449482.0,64.0
5.07,1625449482.0,64.0
3.11,1625449482.0,64.0
1.36,1625449482.0,64.0
-0.36,1625449482.0,64.0
-2.28,1625449482.0,64.0
-4.61,1625449482.0,64.0
-7.43,1625449482.0,64.0
-10.72,1625449482.0,64.0
-14.25,1625449482.0,64.0
-17.76,1625449482.0,64.0
-21.05,1625449482.0,64.0
-24.09,1625449482.0,64.0
-27.01,1625449482.0,64.0
-29.93,1625449482.0,64.0
-32.78,1625449482.0,64.0
-35.12,1625449482.0,64.0
-36.23,1625449482.0,64.0
-35.36,1625449482.0,64.0
-32.11,1625449482.0,64.0
-26.65,1625449482.0,64.0
-19.68,1625449482.0,64.0
-12.07,1625449482.0,64.0
-4.52,1625449482.0,64.0
2.71,1625449482.0,64.0
9.58,1625449482.0,64.0
16.12,1625449482.0,64.0
22.1,1625449482.0,64.0
27.01,1625449482.0,64.0
30.37,1625449482.0,64.0
32.02,1625449482.0,64.0
32.28,1625449482.0,64.0
31.88,1625449482.0,64.0
31.57,1625449482.0,64.0
31.79,1625449482.0,64.0
32.45,1625449482.0,64.0
33.11,1625449482.0,64.0
33.26,1625449482.0,64.0
32.58,1625449482.0,64.0
31.13,1625449482.0,64.0
29.15,1625449482.0,64.0
26.92,1625449482.0,64.0
24.58,1625449482.0,64.0
22.1,1625449482.0,64.0
19.3,1625449482.0,64.0
16.09,1625449482.0,64.0
12.44,1625449482.0,64.0
8.42,1625449482.0,64.0
4.26,1625449482.0,64.0
0.21,1625449482.0,64.0
-3.48,1625449482.0,64.0
-6.61,1625449482.0,64.0
-9.13,1625449482.0,64.0
-11.2,1625449482.0,64.0
-13.17,1625449482.0,64.0
-15.51,1625449482.0,64.0
-18.66,1625449482.0,64.0
-22.83,1625449482.0,64.0
-27.93,1625449482.0,64.0
-33.46,1625449482.0,64.0
-38.62,1625449482.0,64.0
-42.55,1625449482.0,64.0
-44.53,1625449482.0,64.0
-44.23,1625449482.0,64.0
-41.74,1625449482.0,64.0
-37.51,1625449482.0,64.0
-32.19,1625449482.0,64.0
-26.42,1625449482.0,64.0
-20.6,1625449482.0,64.0
-14.9,1625449482.0,64.0
-9.22,1625449482.0,64.0
-3.28,1625449482.0,64.0
3.34,1625449482.0,64.0
10.93,1625449482.0,64.0
19.44,1625449482.0,64.0
28.34,1625449482.0,64.0
36.68,1625449482.0,64.0
43.38,1625449482.0,64.0
47.65,1625449482.0,64.0
49.28,1625449482.0,64.0
48.65,1625449482.0,64.0
46.51,1625449482.0,64.0
43.53,1625449482.0,64.0
40.08,1625449482.0,64.0
36.06,1625449482.0,64.0
31.17,1625449482.0,64.0
25.23,1625449482.0,64.0
18.51,1625449482.0,64.0
11.74,1625449482.0,64.0
5.94,1625449482.0,64.0
1.94,1625449482.0,64.0
0.01,1625449482.0,64.0
-0.33,1625449482.0,64.0
-0.16,1625449482.0,64.0
-0.61,1625449482.0,64.0
-2.37,1625449482.0,64.0
-5.33,1625449482.0,64.0
-8.74,1625449482.0,64.0
-11.73,1625449482.0,64.0
-13.92,1625449482.0,64.0
-15.68,1625449482.0,64.0
-17.88,1625449482.0,64.0
-21.36,1625449482.0,64.0
-26.41,1625449482.0,64.0
-32.59,1625449482.0,64.0
-38.94,1625449482.0,64.0
-44.44,1625449482.0,64.0
-48.4,1625449482.0,64.0
-50.57,1625449482.0,64.0
-50.95,1625449482.0,64.0
-49.6,1625449482.0,64.0
-46.51,1625449482.0,64.0
-41.58,1625449482.0,64.0
-34.9,1625449482.0,64.0
-26.79,1625449482.0,64.0
-17.72,1625449482.0,64.0
-8.25,1625449482.0,64.0
1.16,1625449482.0,64.0
10.1,1625449482.0,64.0
18.21,1625449482.0,64.0
25.05,1625449482.0,64.0
30.29,1625449482.0,64.0
33.71,1625449482.0,64.0
35.43,1625449482.0,64.0
35.89,1625449482.0,64.0
35.76,1625449482.0,64.0
35.62,1625449482.0,64.0
35.8,1625449482.0,64.0
36.21,1625449482.0,64.0
36.49,1625449482.0,64.0
36.21,1625449482.0,64.0
35.1,1625449482.0,64.0
33.17,1625449482.0,64.0
30.67,1625449482.0,64.0
27.93,1625449482.0,64.0
25.19,1625449482.0,64.0
22.51,1625449482.0,64.0
19.79,1625449482.0,64.0
16.87,1625449482.0,64.0
13.67,1625449482.0,64.0
10.22,1625449482.0,64.0
6.63,1625449482.0,64.0
3.07,1625449482.0,64.0
-0.44,1625449482.0,64.0
-3.97,1625449482.0,64.0
-7.63,1625449482.0,64.0
-11.52,1625449482.0,64.0
-15.65,1625449482.0,64.0
-19.89,1625449482.0,64.0
-24.13,1625449482.0,64.0
-28.3,1625449482.0,64.0
-32.4,1625449482.0,64.0
-36.46,1625449482.0,64.0
-40.4,1625449482.0,64.0
-43.94,1625449482.0,64.0
-46.58,1625449482.0,64.0
-47.72,1625449482.0,64.0
-46.82,1625449482.0,64.0
-43.66,1625449482.0,64.0
-38.38,1625449482.0,64.0
-31.42,1625449482.0,64.0
-23.42,1625449482.0,64.0
-14.91,1625449482.0,64.0
-6.22,1625449482.0,64.0
2.47,1625449482.0,64.0
11.0,1625449482.0,64.0
19.11,1625449482.0,64.0
26.3,1625449482.0,64.0
32.04,1625449482.0,64.0
35.98,1625449482.0,64.0
38.09,1625449482.0,64.0
38.79,1625449482.0,64.0
38.71,1625449482.0,64.0
38.43,1625449482.0,64.0
38.3,1625449482.0,64.0
38.3,1625449482.0,64.0
38.14,1625449482.0,64.0
37.5,1625449482.0,64.0
36.16,1625449482.0,64.0
34.14,1625449482.0,64.0
31.62,1625449482.0,64.0
28.87,1625449482.0,64.0
26.06,1625449482.0,64.0
23.24,1625449482.0,64.0
20.34,1625449482.0,64.0
17.2,1625449482.0,64.0
13.79,1625449482.0,64.0
10.16,1625449482.0,64.0
6.5,1625449482.0,64.0
3.02,1625449482.0,64.0
-0.21,1625449482.0,64.0
-3.19,1625449482.0,64.0
-6.03,1625449482.0,64.0
-8.87,1625449482.0,64.0
-11.72,1625449482.0,64.0
-14.55,1625449482.0,64.0
-17.33,1625449482.0,64.0
-20.06,1625449482.0,64.0
-22.83,1625449482.0,64.0
-25.75,1625449482.0,64.0
-28.97,1625449482.0,64.0
-32.6,1625449482.0,64.0
-36.63,1625449482.0,64.0
-40.94,1625449482.0,64.0
-45.14,1625449482.0,64.0
-48.63,1625449482.0,64.0
-50.57,1625449482.0,64.0
-50.21,1625449482.0,64.0
-47.11,1625449482.0,64.0
-41.35,1625449482.0,64.0
-33.53,1625449482.0,64.0
-24.51,1625449482.0,64.0
-15.08,1625449482.0,64.0
-5.73,1625449482.0,64.0
3.38,1625449482.0,64.0
12.19,1625449482.0,64.0
20.52,1625449482.0,64.0
27.94,1625449482.0,64.0
33.82,1625449482.0,64.0
37.76,1625449482.0,64.0
39.65,1625449482.0,64.0
39.87,1625449482.0,64.0
39.07,1625449482.0,64.0
37.92,1625449482.0,64.0
36.86,1625449482.0,64.0
36.0,1625449482.0,64.0
35.25,1625449482.0,64.0
34.47,1625449482.0,64.0
33.53,1625449482.0,64.0
32.26,1625449482.0,64.0
30.41,1625449482.0,64.0
27.76,1625449482.0,64.0
24.27,1625449482.0,64.0
20.2,1625449482.0,64.0
16.09,1625449482.0,64.0
12.55,1625449482.0,64.0
9.89,1625449482.0,64.0
8.07,1625449482.0,64.0
6.75,1625449482.0,64.0
5.59,1625449482.0,64.0
4.5,1625449482.0,64.0
3.58,1625449482.0,64.0
2.89,1625449482.0,64.0
2.13,1625449482.0,64.0
0.67,1625449482.0,64.0
-2.14,1625449482.0,64.0
-6.53,1625449482.0,64.0
-11.99,1625449482.0,64.0
-17.47,1625449482.0,64.0
-21.93,1625449482.0,64.0
-24.95,1625449482.0,64.0
-26.96,1625449482.0,64.0
-28.94,1625449482.0,64.0
-31.89,1625449482.0,64.0
-36.22,1625449482.0,64.0
-41.57,1625449482.0,64.0
-46.99,1625449482.0,64.0
-51.45,1625449482.0,64.0
-54.15,1625449482.0,64.0
-54.75,1625449482.0,64.0
-53.25,1625449482.0,64.0
-49.8,1625449482.0,64.0
-44.55,1625449482.0,64.0
-37.73,1625449482.0,64.0
-29.61,1625449482.0,64.0
-20.58,1625449482.0,64.0
-11.15,1625449482.0,64.0
-1.84,1625449482.0,64.0
6.79,1625449482.0,64.0
14.22,1625449482.0,64.0
20.03,1625449482.0,64.0
24.04,1625449482.0,64.0
26.29,1625449482.0,64.0
27.21,1625449482.0,64.0
27.38,1625449482.0,64.0
27.41,1625449482.0,64.0
27.66,1625449482.0,64.0
28.18,1625449482.0,64.0
28.74,1625449482.0,64.0
29.07,1625449482.0,64.0
28.97,1625449482.0,64.0
28.47,1625449482.0,64.0
27.73,1625449482.0,64.0
26.83,1625449482.0,64.0
25.75,1625449482.0,64.0
24.29,1625449482.0,64.0
22.21,1625449482.0,64.0
19.36,1625449482.0,64.0
15.85,1625449482.0,64.0
12.01,1625449482.0,64.0
8.3,1625449482.0,64.0
5.09,1625449482.0,64.0
2.53,1625449482.0,64.0
0.44,1625449482.0,64.0
-1.49,1625449482.0,64.0
-3.64,1625449482.0,64.0
-6.21,1625449482.0,64.0
-9.19,1625449482.0,64.0
-12.36,1625449482.0,64.0
-15.48,1625449482.0,64.0
-18.36,1625449482.0,64.0
-21.01,1625449482.0,64.0
-23.54,1625449482.0,64.0
-26.15,1625449482.0,64.0
-28.94,1625449482.0,64.0
-31.9,1625449482.0,64.0
-34.89,1625449482.0,64.0
-37.68,1625449482.0,64.0
-39.98,1625449482.0,64.0
-41.4,1625449482.0,64.0
-41.56,1625449482.0,64.0
-40.07,1625449482.0,64.0
-36.71,1625449482.0,64.0
-31.45,1625449482.0,64.0
-24.5,1625449482.0,64.0
-16.33,1625449482.0,64.0
-7.5,1625449482.0,64.0
1.45,1625449482.0,64.0
10.1,1625449482.0,64.0
18.08,1625449482.0,64.0
25.07,1625449482.0,64.0
30.72,1625449482.0,64.0
34.76,1625449482.0,64.0
37.09,1625449482.0,64.0
37.92,1625449482.0,64.0
37.75,1625449482.0,64.0
37.21,1625449482.0,64.0
36.86,1625449482.0,64.0
36.94,1625449482.0,64.0
37.32,1625449482.0,64.0
37.57,1625449482.0,64.0
37.29,1625449482.0,64.0
36.2,1625449482.0,64.0
34.3,1625449482.0,64.0
31.81,1625449482.0,64.0
29.01,1625449482.0,64.0
26.09,1625449482.0,64.0
23.14,1625449482.0,64.0
20.2,1625449482.0,64.0
17.31,1625449482.0,64.0
14.56,1625449482.0,64.0
12.07,1625449482.0,64.0
9.85,1625449482.0,64.0
7.84,1625449482.0,64.0
5.86,1625449482.0,64.0
3.78,1625449482.0,64.0
1.53,1625449482.0,64.0
-0.89,1625449482.0,64.0
-3.45,1625449482.0,64.0
-6.2,1625449482.0,64.0
-9.25,1625449482.0,64.0
-12.73,1625449482.0,64.0
-16.65,1625449482.0,64.0
-20.98,1625449482.0,64.0
-25.59,1625449482.0,64.0
-30.41,1625449482.0,64.0
-35.31,1625449482.0,64.0
-40.12,1625449482.0,64.0
-44.4,1625449482.0,64.0
-47.49,1625449482.0,64.0
-48.62,1625449482.0,64.0
-47.18,1625449482.0,64.0
-43.07,1625449482.0,64.0
-36.72,1625449482.0,64.0
-28.97,1625449482.0,64.0
-20.76,1625449482.0,64.0
-12.79,1625449482.0,64.0
-5.32,1625449482.0,64.0
1.7,1625449482.0,64.0
8.37,1625449482.0,64.0
14.53,1625449482.0,64.0
19.75,1625449482.0,64.0
23.56,1625449482.0,64.0
25.91,1625449482.0,64.0
27.36,1625449482.0,64.0
29.0,1625449482.0,64.0
31.86,1625449482.0,64.0
36.16,1625449482.0,64.0
41.05,1625449482.0,64.0
44.85,1625449482.0,64.0
46.0,1625449482.0,64.0
43.94,1625449482.0,64.0
39.48,1625449482.0,64.0
34.34,1625449482.0,64.0
30.03,1625449482.0,64.0
26.93,1625449482.0,64.0
24.07,1625449482.0,64.0
19.97,1625449482.0,64.0
13.78,1625449482.0,64.0
6.08,1625449482.0,64.0
-1.3,1625449482.0,64.0
-6.4,1625449482.0,64.0
-8.37,1625449482.0,64.0
-8.06,1625449482.0,64.0
-7.61,1625449482.0,64.0
-9.13,1625449482.0,64.0
-13.44,1625449482.0,64.0
-19.65,1625449482.0,64.0
-25.76,1625449482.0,64.0
-29.94,1625449482.0,64.0
-31.58,1625449482.0,64.0
-31.56,1625449482.0,64.0
-31.62,1625449482.0,64.0
-33.34,1625449482.0,64.0
-37.28,1625449482.0,64.0
-42.87,1625449482.0,64.0
-48.85,1625449482.0,64.0
-53.96,1625449482.0,64.0
-57.46,1625449482.0,64.0
-59.1,1625449482.0,64.0
-58.95,1625449482.0,64.0
-57.09,1625449482.0,64.0
-53.48,1625449482.0,64.0
-48.05,1625449482.0,64.0
-40.91,1625449482.0,64.0
-32.38,1625449482.0,64.0
-22.95,1625449482.0,64.0
-13.15,1625449482.0,64.0
-3.45,1625449482.0,64.0
5.75,1625449482.0,64.0
14.11,1625449482.0,64.0
21.32,1625449482.0,64.0
27.14,1625449482.0,64.0
31.5,1625449482.0,64.0
34.46,1625449482.0,64.0
36.27,1625449482.0,64.0
37.25,1625449482.0,64.0
37.72,1625449482.0,64.0
37.86,1625449482.0,64.0
37.74,1625449482.0,64.0
37.31,1625449482.0,64.0
36.5,1625449482.0,64.0
35.29,1625449482.0,64.0
33.7,1625449482.0,64.0
31.77,1625449482.0,64.0
29.55,1625449482.0,64.0
27.05,1625449482.0,64.0
24.24,1625449482.0,64.0
21.05,1625449482.0,64.0
17.51,1625449482.0,64.0
13.77,1625449482.0,64.0
10.05,1625449482.0,64.0
6.61,1625449482.0,64.0
3.55,1625449482.0,64.0
0.8,1625449482.0,64.0
-1.87,1625449482.0,64.0
-4.68,1625449482.0,64.0
-7.69,1625449482.0,64.0
-10.77,1625449482.0,64.0
-13.71,1625449482.0,64.0
-16.38,1625449482.0,64.0
-18.85,1625449482.0,64.0
-21.37,1625449482.0,64.0
-24.23,1625449482.0,64.0
-27.64,1625449482.0,64.0
-31.55,1625449482.0,64.0
-35.74,1625449482.0,64.0
-39.83,1625449482.0,64.0
-43.48,1625449482.0,64.0
-46.33,1625449482.0,64.0
-48.06,1625449482.0,64.0
-48.32,1625449482.0,64.0
-46.85,1625449482.0,64.0
-43.53,1625449482.0,64.0
-38.43,1625449482.0,64.0
-31.83,1625449482.0,64.0
-24.17,1625449482.0,64.0
-15.94,1625449482.0,64.0
-7.56,1625449482.0,64.0
0.66,1625449482.0,64.0
8.4,1625449482.0,64.0
15.39,1625449482.0,64.0
21.29,1625449482.0,64.0
25.66,1625449482.0,64.0
28.1,1625449482.0,64.0
28.57,1625449482.0,64.0
27.55,1625449482.0,64.0
26.19,1625449482.0,64.0
26.07,1625449482.0,64.0
28.47,1625449482.0,64.0
33.76,1625449482.0,64.0
40.91,1625449482.0,64.0
47.78,1625449482.0,64.0
51.97,1625449482.0,64.0
51.9,1625449482.0,64.0
47.43,1625449482.0,64.0
39.84,1625449482.0,64.0
30.92,1625449482.0,64.0
22.08,1625449482.0,64.0
13.85,1625449482.0,64.0
6.08,1625449482.0,64.0
-1.35,1625449482.0,64.0
-7.91,1625449482.0,64.0
-12.5,1625449482.0,64.0
-14.21,1625449482.0,64.0
-13.06,1625449482.0,64.0
-10.32,1625449482.0,64.0
-8.02,1625449482.0,64.0
-7.88,1625449482.0,64.0
-10.44,1625449482.0,64.0
-14.81,1625449482.0,64.0
-19.31,1625449482.0,64.0
-22.44,1625449482.0,64.0
-23.68,1625449482.0,64.0
-23.56,1625449482.0,64.0
-23.24,1625449482.0,64.0
-23.83,1625449482.0,64.0
-25.86,1625449482.0,64.0
-29.25,1625449482.0,64.0
-33.49,1625449482.0,64.0
-37.9,1625449482.0,64.0
-41.83,1625449482.0,64.0
-44.63,1625449482.0,64.0
-45.69,1625449482.0,64.0
-44.57,1625449482.0,64.0
-41.11,1625449482.0,64.0
-35.55,1625449482.0,64.0
-28.45,1625449482.0,64.0
-20.49,1625449482.0,64.0
-12.23,1625449482.0,64.0
-3.97,1625449482.0,64.0
4.13,1625449482.0,64.0
11.88,1625449482.0,64.0
18.86,1625449482.0,64.0
24.51,1625449482.0,64.0
28.34,1625449482.0,64.0
30.26,1625449482.0,64.0
30.61,1625449482.0,64.0
30.13,1625449482.0,64.0
29.59,1625449482.0,64.0
29.53,1625449482.0,64.0
29.97,1625449482.0,64.0
30.48,1625449482.0,64.0
30.54,1625449482.0,64.0
29.76,1625449482.0,64.0
28.16,1625449482.0,64.0
26.03,1625449482.0,64.0
23.78,1625449482.0,64.0
21.65,1625449482.0,64.0
19.6,1625449482.0,64.0
17.44,1625449482.0,64.0
14.94,1625449482.0,64.0
12.06,1625449482.0,64.0
8.97,1625449482.0,64.0
6.03,1625449482.0,64.0
3.55,1625449482.0,64.0
1.67,1625449482.0,64.0
0.27,1625449482.0,64.0
-0.99,1625449482.0,64.0
-2.45,1625449482.0,64.0
-4.37,1625449482.0,64.0
-6.76,1625449482.0,64.0
-9.46,1625449482.0,64.0
-12.24,1625449482.0,64.0
-14.93,1625449482.0,64.0
-17.57,1625449482.0,64.0
-20.28,1625449482.0,64.0
-23.28,1625449482.0,64.0
-26.54,1625449482.0,64.0
-29.66,1625449482.0,64.0
-31.92,1625449482.0,64.0
-32.46,1625449482.0,64.0
-30.61,1625449482.0,64.0
-26.2,1625449482.0,64.0
-19.65,1625449482.0,64.0
-11.75,1625449482.0,64.0
-3.41,1625449482.0,64.0
4.69,1625449482.0,64.0
12.21,1625449482.0,64.0
19.01,1625449482.0,64.0
25.03,1625449482.0,64.0
30.05,1625449482.0,64.0
33.75,1625449482.0,64.0
35.82,1625449482.0,64.0
36.29,1625449482.0,64.0
35.5,1625449482.0,64.0
34.13,1625449482.0,64.0
32.82,1625449482.0,64.0
31.98,1625449482.0,64.0
31.57,1625449482.0,64.0
31.21,1625449482.0,64.0
30.39,1625449482.0,64.0
28.76,1625449482.0,64.0
26.25,1625449482.0,64.0
23.03,1625449482.0,64.0
19.42,1625449482.0,64.0
15.74,1625449482.0,64.0
12.19,1625449482.0,64.0
8.94,1625449482.0,64.0
6.08,1625449482.0,64.0
3.62,1625449482.0,64.0
1.43,1625449482.0,64.0
-0.75,1625449482.0,64.0
-3.25,1625449482.0,64.0
-6.25,1625449482.0,64.0
-9.69,1625449482.0,64.0
-13.26,1625449482.0,64.0
-16.55,1625449482.0,64.0
-19.31,1625449482.0,64.0
-21.61,1625449482.0,64.0
-23.87,1625449482.0,64.0
-26.64,1625449482.0,64.0
-30.31,1625449482.0,64.0
-34.93,1625449482.0,64.0
-40.1,1625449482.0,64.0
-45.13,1625449482.0,64.0
-49.29,1625449482.0,64.0
-51.9,1625449482.0,64.0
-52.37,1625449482.0,64.0
-50.1,1625449482.0,64.0
-44.6,1625449482.0,64.0
-35.65,1625449482.0,64.0
-23.74,1625449482.0,64.0
-10.12,1625449482.0,64.0
3.28,1625449482.0,64.0
14.55,1625449482.0,64.0
22.5,1625449482.0,64.0
27.13,1625449482.0,64.0
29.37,1625449482.0,64.0
30.41,1625449482.0,64.0
30.89,1625449482.0,64.0
30.69,1625449482.0,64.0
29.26,1625449482.0,64.0
26.45,1625449482.0,64.0
22.99,1625449482.0,64.0
20.31,1625449482.0,64.0
19.67,1625449482.0,64.0
21.26,1625449482.0,64.0
23.88,1625449482.0,64.0
25.59,1625449482.0,64.0
24.82,1625449482.0,64.0
21.37,1625449482.0,64.0
16.39,1625449482.0,64.0
11.72,1625449482.0,64.0
8.73,1625449482.0,64.0
7.61,1625449482.0,64.0
7.46,1625449482.0,64.0
7.01,1625449482.0,64.0
5.42,1625449482.0,64.0
2.72,1625449482.0,64.0
-0.41,1625449482.0,64.0
-3.23,1625449482.0,64.0
-5.43,1625449482.0,64.0
-7.29,1625449482.0,64.0
-9.41,1625449482.0,64.0
-12.28,1625449482.0,64.0
-16.01,1625449482.0,64.0
-20.3,1625449482.0,64.0
-24.72,1625449482.0,64.0
-28.95,1625449482.0,64.0
-32.93,1625449482.0,64.0
-36.78,1625449482.0,64.0
-40.57,1625449482.0,64.0
-44.11,1625449482.0,64.0
-46.91,1625449482.0,64.0
-48.28,1625449482.0,64.0
-47.62,1625449482.0,64.0
-44.63,1625449482.0,64.0
-39.48,1625449482.0,64.0
-32.72,1625449482.0,64.0
-25.03,1625449482.0,64.0
-17.0,1625449482.0,64.0
-8.97,1625449482.0,64.0
-1.04,1625449482.0,64.0
6.77,1625449482.0,64.0
14.31,1625449482.0,64.0
21.23,1625449482.0,64.0
27.07,1625449482.0,64.0
31.38,1625449482.0,64.0
33.98,1625449482.0,64.0
34.98,1625449482.0,64.0
34.8,1625449482.0,64.0
34.01,1625449482.0,64.0
33.06,1625449482.0,64.0
32.17,1625449482.0,64.0
31.32,1625449482.0,64.0
30.3,1625449482.0,64.0
28.9,1625449482.0,64.0
27.02,1625449482.0,64.0
24.74,1625449482.0,64.0
22.17,1625449482.0,64.0
19.45,1625449482.0,64.0
16.57,1625449482.0,64.0
13.52,1625449482.0,64.0
10.3,1625449482.0,64.0
7.03,1625449482.0,64.0
3.96,1625449482.0,64.0
1.34,1625449482.0,64.0
-0.71,1625449482.0,64.0
-2.32,1625449482.0,64.0
-3.77,1625449482.0,64.0
-5.42,1625449482.0,64.0
-7.53,1625449482.0,64.0
-10.11,1625449482.0,64.0
-12.93,1625449482.0,64.0
-15.66,1625449482.0,64.0
-18.05,1625449482.0,64.0
-20.17,1625449482.0,64.0
-22.36,1625449482.0,64.0
-25.14,1625449482.0,64.0
-28.93,1625449482.0,64.0
-33.66,1625449482.0,64.0
-38.69,1625449482.0,64.0
-42.85,1625449482.0,64.0
-44.84,1625449482.0,64.0
-43.76,1625449482.0,64.0
-39.49,1625449482.0,64.0
-32.72,1625449482.0,64.0
-24.65,1625449482.0,64.0
-16.45,1625449482.0,64.0
-8.84,1625449482.0,64.0
-1.9,1625449482.0,64.0
4.67,1625449482.0,64.0
11.29,1625449482.0,64.0
18.05,1625449482.0,64.0
24.77,1625449482.0,64.0
31.04,1625449482.0,64.0
36.47,1625449482.0,64.0
40.82,1625449482.0,64.0
43.95,1625449482.0,64.0
45.72,1625449482.0,64.0
45.96,1625449482.0,64.0
44.65,1625449482.0,64.0
41.98,1625449482.0,64.0
38.49,1625449482.0,64.0
34.89,1625449482.0,64.0
31.72,1625449482.0,64.0
29.09,1625449482.0,64.0
26.57,1625449482.0,64.0
23.38,1625449482.0,64.0
18.8,1625449482.0,64.0
12.67,1625449482.0,64.0
5.49,1625449482.0,64.0
-1.72,1625449482.0,64.0
-7.88,1625449482.0,64.0
-12.39,1625449482.0,64.0
-15.24,1625449482.0,64.0
-16.98,1625449482.0,64.0
-18.28,1625449482.0,64.0
-19.55,1625449482.0,64.0
-20.72,1625449482.0,64.0
-21.4,1625449482.0,64.0
-21.27,1625449482.0,64.0
-20.41,1625449482.0,64.0
-19.44,1625449482.0,64.0
-19.24,1625449482.0,64.0
-20.57,1625449482.0,64.0
-23.65,1625449482.0,64.0
-28.08,1625449482.0,64.0
-33.06,1625449482.0,64.0
-37.79,1625449482.0,64.0
-41.65,1625449482.0,64.0
-44.33,1625449482.0,64.0
-45.64,1625449482.0,64.0
-45.33,1625449482.0,64.0
-43.15,1625449482.0,64.0
-38.9,1625449482.0,64.0
-32.58,1625449482.0,64.0
-24.57,1625449482.0,64.0
-15.52,1625449482.0,64.0
-6.2,1625449482.0,64.0
2.78,1625449482.0,64.0
10.91,1625449482.0,64.0
17.88,1625449482.0,64.0
23.44,1625449482.0,64.0
27.44,1625449482.0,64.0
29.87,1625449482.0,64.0
30.95,1625449482.0,64.0
31.05,1625449482.0,64.0
30.69,1625449482.0,64.0
30.31,1625449482.0,64.0
30.14,1625449482.0,64.0
30.11,1625449482.0,64.0
29.93,1625449482.0,64.0
29.27,1625449482.0,64.0
27.94,1625449482.0,64.0
25.94,1625449482.0,64.0
23.56,1625449482.0,64.0
21.18,1625449482.0,64.0
19.11,1625449482.0,64.0
17.48,1625449482.0,64.0
16.16,1625449482.0,64.0
14.9,1625449482.0,64.0
13.43,1625449482.0,64.0
11.64,1625449482.0,64.0
9.61,1625449482.0,64.0
7.55,1625449482.0,64.0
5.69,1625449482.0,64.0
4.09,1625449482.0,64.0
2.67,1625449482.0,64.0
1.2,1625449482.0,64.0
-0.53,1625449482.0,64.0
-2.65,1625449482.0,64.0
-5.17,1625449482.0,64.0
-8.01,1625449482.0,64.0
-11.15,1625449482.0,64.0
-14.61,1625449482.0,64.0
-18.49,1625449482.0,64.0
-22.69,1625449482.0,64.0
-26.86,1625449482.0,64.0
-30.38,1625449482.0,64.0
-32.41,1625449482.0,64.0
-32.28,1625449482.0,64.0
-29.68,1625449482.0,64.0
-24.79,1625449482.0,64.0
-18.28,1625449482.0,64.0
-10.94,1625449482.0,64.0
-3.46,1625449482.0,64.0
3.79,1625449482.0,64.0
10.63,1625449482.0,64.0
16.95,1625449482.0,64.0
22.5,1625449482.0,64.0
26.89,1625449482.0,64.0
29.68,1625449482.0,64.0
30.71,1625449482.0,64.0
30.18,1625449482.0,64.0
28.69,1625449482.0,64.0
26.99,1625449482.0,64.0
25.67,1625449482.0,64.0
24.95,1625449482.0,64.0
24.67,1625449482.0,64.0
24.46,1625449482.0,64.0
23.94,1625449482.0,64.0
22.93,1625449482.0,64.0
21.45,1625449482.0,64.0
19.66,1625449482.0,64.0
17.68,1625449482.0,64.0
15.52,1625449482.0,64.0
13.13,1625449482.0,64.0
10.43,1625449482.0,64.0
7.45,1625449482.0,64.0
4.28,1625449482.0,64.0
1.07,1625449482.0,64.0
-2.06,1625449482.0,64.0
-5.02,1625449482.0,64.0
-7.83,1625449482.0,64.0
-10.54,1625449482.0,64.0
-13.25,1625449482.0,64.0
-16.07,1625449482.0,64.0
-19.09,1625449482.0,64.0
-22.34,1625449482.0,64.0
-25.79,1625449482.0,64.0
-29.38,1625449482.0,64.0
-33.08,1625449482.0,64.0
-36.91,1625449482.0,64.0
-40.87,1625449482.0,64.0
-44.83,1625449482.0,64.0
-48.37,1625449482.0,64.0
-50.85,1625449482.0,64.0
-51.55,1625449482.0,64.0
-49.98,1625449482.0,64.0
-46.1,1625449482.0,64.0
-40.31,1625449482.0,64.0
-33.16,1625449482.0,64.0
-25.04,1625449482.0,64.0
-16.13,1625449482.0,64.0
-6.49,1625449482.0,64.0
3.52,1625449482.0,64.0
13.09,1625449482.0,64.0
21.11,1625449482.0,64.0
26.66,1625449482.0,64.0
29.42,1625449482.0,64.0
29.94,1625449482.0,64.0
29.23,1625449482.0,64.0
28.24,1625449482.0,64.0
27.37,1625449482.0,64.0
26.45,1625449482.0,64.0
25.15,1625449482.0,64.0
23.4,1625449482.0,64.0
21.61,1625449482.0,64.0
20.42,1625449482.0,64.0
20.17,1625449482.0,64.0
20.5,1625449482.0,64.0
20.56,1625449482.0,64.0
19.42,1625449482.0,64.0
16.74,1625449482.0,64.0
12.98,1625449482.0,64.0
9.13,1625449482.0,64.0
6.12,1625449482.0,64.0
4.26,1625449482.0,64.0
3.1,1625449482.0,64.0
1.72,1625449482.0,64.0
-0.62,1625449482.0,64.0
-4.1,1625449482.0,64.0
-8.3,1625449482.0,64.0
-12.52,1625449482.0,64.0
-16.23,1625449482.0,64.0
-19.31,1625449482.0,64.0
-22.0,1625449482.0,64.0
-24.69,1625449482.0,64.0
-27.7,1625449482.0,64.0
-31.12,1625449482.0,64.0
-34.91,1625449482.0,64.0
-38.91,1625449482.0,64.0
-42.85,1625449482.0,64.0
-46.33,1625449482.0,64.0
-48.75,1625449482.0,64.0
-49.54,1625449482.0,64.0
-48.22,1625449482.0,64.0
-44.76,1625449482.0,64.0
-39.48,1625449482.0,64.0
-33.01,1625449482.0,64.0
-25.96,1625449482.0,64.0
-18.73,1625449482.0,64.0
-11.43,1625449482.0,64.0
-4.0,1625449482.0,64.0
3.54,1625449482.0,64.0
10.96,1625449482.0,64.0
17.83,1625449482.0,64.0
23.62,1625449482.0,64.0
27.94,1625449482.0,64.0
30.67,1625449482.0,64.0
32.03,1625449482.0,64.0
32.46,1625449482.0,64.0
32.51,1625449482.0,64.0
32.53,1625449482.0,64.0
32.64,1625449482.0,64.0
32.66,1625449482.0,64.0
32.25,1625449482.0,64.0
31.14,1625449482.0,64.0
29.26,1625449482.0,64.0
26.77,1625449482.0,64.0
23.99,1625449482.0,64.0
21.16,1625449482.0,64.0
18.35,1625449482.0,64.0
15.42,1625449482.0,64.0
12.2,1625449482.0,64.0
8.65,1625449482.0,64.0
4.92,1625449482.0,64.0
1.34,1625449482.0,64.0
-1.78,1625449482.0,64.0
-4.31,1625449482.0,64.0
-6.4,1625449482.0,64.0
-8.33,1625449482.0,64.0
-10.43,1625449482.0,64.0
-12.85,1625449482.0,64.0
-15.58,1625449482.0,64.0
-18.46,1625449482.0,64.0
-21.36,1625449482.0,64.0
-24.29,1625449482.0,64.0
-27.41,1625449482.0,64.0
-30.94,1625449482.0,64.0
-34.99,1625449482.0,64.0
-39.4,1625449482.0,64.0
-43.65,1625449482.0,64.0
-46.94,1625449482.0,64.0
-48.4,1625449482.0,64.0
-47.4,1625449482.0,64.0
-43.81,1625449482.0,64.0
-37.98,1625449482.0,64.0
-30.64,1625449482.0,64.0
-22.59,1625449482.0,64.0
-14.43,1625449482.0,64.0
-6.45,1625449482.0,64.0
1.3,1625449482.0,64.0
8.79,1625449482.0,64.0
15.82,1625449482.0,64.0
21.99,1625449482.0,64.0
26.79,1625449482.0,64.0
29.85,1625449482.0,64.0
31.21,1625449482.0,64.0
31.27,1625449482.0,64.0
30.74,1625449482.0,64.0
30.31,1625449482.0,64.0
30.41,1625449482.0,64.0
31.06,1625449482.0,64.0
31.88,1625449482.0,64.0
32.37,1625449482.0,64.0
32.13,1625449482.0,64.0
31.03,1625449482.0,64.0
29.19,1625449482.0,64.0
26.85,1625449482.0,64.0
24.21,1625449482.0,64.0
21.38,1625449482.0,64.0
18.35,1625449482.0,64.0
15.15,1625449482.0,64.0
11.87,1625449482.0,64.0
8.67,1625449482.0,64.0
5.73,1625449482.0,64.0
3.09,1625449482.0,64.0
0.74,1625449482.0,64.0
-1.45,1625449482.0,64.0
-3.66,1625449482.0,64.0
-6.02,1625449482.0,64.0
-8.63,1625449482.0,64.0
-11.46,1625449482.0,64.0
-14.46,1625449482.0,64.0
-17.53,1625449482.0,64.0
-20.65,1625449482.0,64.0
-23.87,1625449482.0,64.0
-27.36,1625449482.0,64.0
-31.27,1625449482.0,64.0
-35.59,1625449482.0,64.0
-39.96,1625449482.0,64.0
-43.71,1625449482.0,64.0
-46.11,1625449482.0,64.0
-46.44,1625449482.0,64.0
-44.35,1625449482.0,64.0
-39.78,1625449482.0,64.0
-32.98,1625449482.0,64.0
-24.43,1625449482.0,64.0
-14.75,1625449482.0,64.0
-4.66,1625449482.0,64.0
4.96,1625449482.0,64.0
13.26,1625449482.0,64.0
19.65,1625449482.0,64.0
23.88,1625449482.0,64.0
26.18,1625449482.0,64.0
27.13,1625449482.0,64.0
27.44,1625449482.0,64.0
27.68,1625449482.0,64.0
28.19,1625449482.0,64.0
29.04,1625449482.0,64.0
30.12,1625449482.0,64.0
31.27,1625449482.0,64.0
32.27,1625449482.0,64.0
32.91,1625449482.0,64.0
33.02,1625449482.0,64.0
32.5,1625449482.0,64.0
31.4,1625449482.0,64.0
29.84,1625449482.0,64.0
27.96,1625449482.0,64.0
25.84,1625449482.0,64.0
23.47,1625449482.0,64.0
20.79,1625449482.0,64.0
17.78,1625449482.0,64.0
14.52,1625449482.0,64.0
11.15,1625449482.0,64.0
7.86,1625449482.0,64.0
4.77,1625449482.0,64.0
1.91,1625449482.0,64.0
-0.75,1625449482.0,64.0
-3.27,1625449482.0,64.0
-5.65,1625449482.0,64.0
-7.9,1625449482.0,64.0
-10.11,1625449482.0,64.0
-12.48,1625449482.0,64.0
-15.26,1625449482.0,64.0
-18.66,1625449482.0,64.0
-22.73,1625449482.0,64.0
-27.18,1625449482.0,64.0
-31.42,1625449482.0,64.0
-34.66,1625449482.0,64.0
-36.16,1625449482.0,64.0
-35.41,1625449482.0,64.0
-32.31,1625449482.0,64.0
-27.15,1625449482.0,64.0
-20.51,1625449482.0,64.0
-13.03,1625449482.0,64.0
-5.23,1625449482.0,64.0
2.53,1625449482.0,64.0
10.02,1625449482.0,64.0
17.0,1625449482.0,64.0
23.13,1625449482.0,64.0
28.0,1625449482.0,64.0
31.26,1625449482.0,64.0
32.77,1625449482.0,64.0
32.7,1625449482.0,64.0
31.55,1625449482.0,64.0
29.96,1625449482.0,64.0
28.48,1625449482.0,64.0
27.43,1625449482.0,64.0
26.8,1625449482.0,64.0
26.31,1625449482.0,64.0
25.64,1625449482.0,64.0
24.54,1625449482.0,64.0
22.99,1625449482.0,64.0
21.07,1625449482.0,64.0
18.9,1625449482.0,64.0
16.56,1625449482.0,64.0
14.06,1625449482.0,64.0
11.33,1625449482.0,64.0
8.37,1625449482.0,64.0
5.3,1625449482.0,64.0
2.27,1625449482.0,64.0
-0.53,1625449482.0,64.0
-3.02,1625449482.0,64.0
-5.25,1625449482.0,64.0
-7.37,1625449482.0,64.0
-9.54,1625449482.0,64.0
-11.91,1625449482.0,64.0
-14.58,1625449482.0,64.0
-17.55,1625449482.0,64.0
-20.86,1625449482.0,64.0
-24.51,1625449482.0,64.0
-28.51,1625449482.0,64.0
-32.86,1625449482.0,64.0
-37.47,1625449482.0,64.0
-42.15,1625449482.0,64.0
-46.52,1625449482.0,64.0
-50.01,1625449482.0,64.0
-52.0,1625449482.0,64.0
-51.9,1625449482.0,64.0
-49.38,1625449482.0,64.0
-44.45,1625449482.0,64.0
-37.56,1625449482.0,64.0
-29.32,1625449482.0,64.0
-20.41,1625449482.0,64.0
-11.32,1625449482.0,64.0
-2.29,1625449482.0,64.0
6.52,1625449482.0,64.0
14.94,1625449482.0,64.0
22.56,1625449482.0,64.0
28.83,1625449482.0,64.0
33.24,1625449482.0,64.0
35.52,1625449482.0,64.0
35.78,1625449482.0,64.0
34.58,1625449482.0,64.0
32.62,1625449482.0,64.0
30.58,1625449482.0,64.0
28.93,1625449482.0,64.0
27.87,1625449482.0,64.0
27.49,1625449482.0,64.0
27.8,1625449482.0,64.0
28.82,1625449482.0,64.0
30.44,1625449482.0,64.0
32.33,1625449482.0,64.0
33.88,1625449482.0,64.0
34.25,1625449482.0,64.0
32.79,1625449482.0,64.0
29.29,1625449482.0,64.0
24.16,1625449482.0,64.0
18.28,1625449482.0,64.0
12.51,1625449482.0,64.0
7.29,1625449482.0,64.0
2.49,1625449482.0,64.0
-2.3,1625449482.0,64.0
-7.37,1625449482.0,64.0
-12.5,1625449482.0,64.0
-16.99,1625449482.0,64.0
-20.09,1625449482.0,64.0
-21.57,1625449482.0,64.0
-21.99,1625449482.0,64.0
-22.47,1625449482.0,64.0
-24.12,1625449482.0,64.0
-27.45,1625449482.0,64.0
-32.16,1625449482.0,64.0
-37.36,1625449482.0,64.0
-42.09,1625449482.0,64.0
-45.67,1625449482.0,64.0
-47.85,1625449482.0,64.0
-48.57,1625449482.0,64.0
-47.76,1625449482.0,64.0
-45.22,1625449482.0,64.0
-40.78,1625449482.0,64.0
-34.56,1625449482.0,64.0
-26.96,1625449482.0,64.0
-18.64,1625449482.0,64.0
-10.18,1625449482.0,64.0
-1.95,1625449482.0,64.0
5.93,1625449482.0,64.0
13.41,1625449482.0,64.0
20.28,1625449482.0,64.0
26.22,1625449482.0,64.0
30.87,1625449482.0,64.0
34.03,1625449482.0,64.0
35.77,1625449482.0,64.0
36.43,1625449482.0,64.0
36.43,1625449482.0,64.0
36.16,1625449482.0,64.0
35.84,1625449482.0,64.0
35.5,1625449482.0,64.0
35.08,1625449482.0,64.0
34.44,1625449482.0,64.0
33.45,1625449482.0,64.0
32.06,1625449482.0,64.0
30.26,1625449482.0,64.0
28.05,1625449482.0,64.0
25.46,1625449482.0,64.0
22.51,1625449482.0,64.0
19.22,1625449482.0,64.0
15.68,1625449482.0,64.0
12.03,1625449482.0,64.0
8.44,1625449482.0,64.0
5.05,1625449482.0,64.0
1.86,1625449482.0,64.0
-1.2,1625449482.0,64.0
-4.28,1625449482.0,64.0
-7.41,1625449482.0,64.0
-10.52,1625449482.0,64.0
-13.46,1625449482.0,64.0
-16.15,1625449482.0,64.0
-18.66,1625449482.0,64.0
-21.2,1625449482.0,64.0
-24.03,1625449482.0,64.0
-27.35,1625449482.0,64.0
-31.19,1625449482.0,64.0
-35.37,1625449482.0,64.0
-39.57,1625449482.0,64.0
-43.36,1625449482.0,64.0
-46.21,1625449482.0,64.0
-47.58,1625449482.0,64.0
-46.94,1625449482.0,64.0
-44.03,1625449482.0,64.0
-38.94,1625449482.0,64.0
-32.12,1625449482.0,64.0
-24.28,1625449482.0,64.0
-16.12,1625449482.0,64.0
-8.1,1625449482.0,64.0
-0.38,1625449482.0,64.0
7.04,1625449482.0,64.0
14.09,1625449482.0,64.0
20.49,1625449482.0,64.0
25.78,1625449482.0,64.0
29.55,1625449482.0,64.0
31.67,1625449482.0,64.0
32.39,1625449482.0,64.0
32.26,1625449482.0,64.0
31.85,1625449482.0,64.0
31.56,1625449482.0,64.0
31.45,1625449482.0,64.0
31.31,1625449482.0,64.0
30.83,1625449482.0,64.0
29.82,1625449482.0,64.0
28.26,1625449482.0,64.0
26.28,1625449482.0,64.0
24.14,1625449482.0,64.0
22.03,1625449482.0,64.0
19.94,1625449482.0,64.0
17.69,1625449482.0,64.0
15.04,1625449482.0,64.0
11.83,1625449482.0,64.0
8.17,1625449482.0,64.0
4.45,1625449482.0,64.0
1.2,1625449482.0,64.0
-1.16,1625449482.0,64.0
-2.6,1625449482.0,64.0
-3.54,1625449482.0,64.0
-4.7,1625449482.0,64.0
-6.8,1625449482.0,64.0
-10.15,1625449482.0,64.0
-14.55,1625449482.0,64.0
-19.29,1625449482.0,64.0
-23.65,1625449482.0,64.0
-27.18,1625449482.0,64.0
-30.08,1625449482.0,64.0
-32.94,1625449482.0,64.0
-36.33,1625449482.0,64.0
-40.32,1625449482.0,64.0
-44.26,1625449482.0,64.0
-47.0,1625449482.0,64.0
-47.43,1625449482.0,64.0
-45.01,1625449482.0,64.0
-40.02,1625449482.0,64.0
-33.29,1625449482.0,64.0
-25.76,1625449482.0,64.0
-17.98,1625449482.0,64.0
-10.06,1625449482.0,64.0
-1.85,1625449482.0,64.0
6.63,1625449482.0,64.0
14.94,1625449482.0,64.0
22.24,1625449482.0,64.0
27.65,1625449482.0,64.0
30.63,1625449482.0,64.0
31.19,1625449482.0,64.0
29.93,1625449482.0,64.0
27.7,1625449482.0,64.0
25.42,1625449482.0,64.0
23.69,1625449482.0,64.0
22.78,1625449482.0,64.0
22.56,1625449482.0,64.0
22.66,1625449482.0,64.0
22.66,1625449482.0,64.0
22.24,1625449482.0,64.0
21.27,1625449482.0,64.0
19.84,1625449482.0,64.0
18.17,1625449482.0,64.0
16.46,1625449482.0,64.0
14.81,1625449482.0,64.0
13.15,1625449482.0,64.0
11.35,1625449482.0,64.0
9.29,1625449482.0,64.0
6.98,1625449482.0,64.0
4.58,1625449482.0,64.0
2.27,1625449482.0,64.0
0.22,1625449482.0,64.0
-1.56,1625449482.0,64.0
-3.19,1625449482.0,64.0
-4.88,1625449482.0,64.0
-6.85,1625449482.0,64.0
-9.21,1625449482.0,64.0
-11.93,1625449482.0,64.0
-14.89,1625449482.0,64.0
-17.93,1625449482.0,64.0
-20.95,1625449482.0,64.0
-23.95,1625449482.0,64.0
-26.91,1625449482.0,64.0
-29.67,1625449482.0,64.0
-31.8,1625449482.0,64.0
-32.66,1625449482.0,64.0
-31.58,1625449482.0,64.0
-28.23,1625449482.0,64.0
-22.77,1625449482.0,64.0
-15.85,1625449482.0,64.0
-8.33,1625449482.0,64.0
-0.9,1625449482.0,64.0
6.12,1625449482.0,64.0
12.74,1625449482.0,64.0
19.05,1625449482.0,64.0
24.9,1625449482.0,64.0
29.88,1625449482.0,64.0
33.4,1625449482.0,64.0
35.13,1625449482.0,64.0
35.2,1625449482.0,64.0
34.24,1625449482.0,64.0
33.16,1625449482.0,64.0
32.68,1625449482.0,64.0
33.01,1625449482.0,64.0
33.81,1625449482.0,64.0
34.36,1625449482.0,64.0
34.01,1625449482.0,64.0
32.46,1625449482.0,64.0
29.89,1625449482.0,64.0
26.77,1625449482.0,64.0
23.56,1625449482.0,64.0
20.49,1625449482.0,64.0
17.49,1625449482.0,64.0
14.35,1625449482.0,64.0
10.91,1625449482.0,64.0
7.25,1625449482.0,64.0
3.55,1625449482.0,64.0
0.07,1625449482.0,64.0
-3.08,1625449482.0,64.0
-5.89,1625449482.0,64.0
-8.49,1625449482.0,64.0
-10.95,1625449482.0,64.0
-13.35,1625449482.0,64.0
-15.77,1625449482.0,64.0
-18.32,1625449482.0,64.0
-21.18,1625449482.0,64.0
-24.54,1625449482.0,64.0
-28.52,1625449482.0,64.0
-33.04,1625449482.0,64.0
-37.77,1625449482.0,64.0
-42.14,1625449482.0,64.0
-45.46,1625449482.0,64.0
-46.99,1625449482.0,64.0
-46.2,1625449482.0,64.0
-42.96,1625449482.0,64.0
-37.53,1625449482.0,64.0
-30.54,1625449482.0,64.0
-22.69,1625449482.0,64.0
-14.57,1625449482.0,64.0
-6.48,1625449482.0,64.0
1.47,1625449482.0,64.0
9.13,1625449482.0,64.0
16.17,1625449482.0,64.0
22.02,1625449482.0,64.0
26.13,1625449482.0,64.0
28.18,1625449482.0,64.0
28.35,1625449482.0,64.0
27.21,1625449482.0,64.0
25.56,1625449482.0,64.0
24.14,1625449482.0,64.0
23.42,1625449482.0,64.0
23.6,1625449482.0,64.0
24.58,1625449482.0,64.0
26.03,1625449482.0,64.0
27.37,1625449482.0,64.0
27.79,1625449482.0,64.0
26.54,1625449482.0,64.0
23.3,1625449482.0,64.0
18.38,1625449482.0,64.0
12.73,1625449482.0,64.0
7.56,1625449482.0,64.0
3.74,1625449482.0,64.0
1.41,1625449482.0,64.0
0.03,1625449482.0,64.0
-1.19,1625449482.0,64.0
-2.69,1625449482.0,64.0
-4.4,1625449482.0,64.0
-5.92,1625449482.0,64.0
-6.98,1625449482.0,64.0
-7.85,1625449482.0,64.0
-9.27,1625449482.0,64.0
-11.95,1625449482.0,64.0
-16.07,1625449482.0,64.0
-21.1,1625449482.0,64.0
-26.08,1625449482.0,64.0
-30.24,1625449482.0,64.0
-33.44,1625449482.0,64.0
-36.16,1625449482.0,64.0
-38.99,1625449482.0,64.0
-42.07,1625449482.0,64.0
-44.82,1625449482.0,64.0
-46.19,1625449482.0,64.0
-45.23,1625449482.0,64.0
-41.58,1625449482.0,64.0
-35.69,1625449482.0,64.0
-28.45,1625449482.0,64.0
-20.73,1625449482.0,64.0
-12.97,1625449482.0,64.0
-5.19,1625449482.0,64.0
2.79,1625449482.0,64.0
10.97,1625449482.0,64.0
18.95,1625449482.0,64.0
26.06,1625449482.0,64.0
31.59,1625449482.0,64.0
35.12,1625449482.0,64.0
36.67,1625449482.0,64.0
36.67,1625449482.0,64.0
35.75,1625449482.0,64.0
34.49,1625449482.0,64.0
33.28,1625449482.0,64.0
32.18,1625449482.0,64.0
31.03,1625449482.0,64.0
29.52,1625449482.0,64.0
27.46,1625449482.0,64.0
24.89,1625449482.0,64.0
22.05,1625449482.0,64.0
19.31,1625449482.0,64.0
16.93,1625449482.0,64.0
14.95,1625449482.0,64.0
13.19,1625449482.0,64.0
11.35,1625449482.0,64.0
9.21,1625449482.0,64.0
6.75,1625449482.0,64.0
4.1,1625449482.0,64.0
1.43,1625449482.0,64.0
-1.11,1625449482.0,64.0
-3.56,1625449482.0,64.0
-6.0,1625449482.0,64.0
-8.54,1625449482.0,64.0
-11.21,1625449482.0,64.0
-14.04,1625449482.0,64.0
-17.01,1625449482.0,64.0
-20.11,1625449482.0,64.0
-23.38,1625449482.0,64.0
-26.81,1625449482.0,64.0
-30.43,1625449482.0,64.0
-34.18,1625449482.0,64.0
-37.93,1625449482.0,64.0
-41.39,1625449482.0,64.0
-44.03,1625449482.0,64.0
-45.27,1625449482.0,64.0
-44.54,1625449482.0,64.0
-41.59,1625449482.0,64.0
-36.56,1625449482.0,64.0
-29.99,1625449482.0,64.0
-22.6,1625449482.0,64.0
-15.01,1625449482.0,64.0
-7.56,1625449482.0,64.0
-0.28,1625449482.0,64.0
6.96,1625449482.0,64.0
14.09,1625449482.0,64.0
20.73,1625449482.0,64.0
26.26,1625449482.0,64.0
30.06,1625449482.0,64.0
31.84,1625449482.0,64.0
31.82,1625449482.0,64.0
30.73,1625449482.0,64.0
29.48,1625449482.0,64.0
28.77,1625449482.0,64.0
28.83,1625449482.0,64.0
29.36,1625449482.0,64.0
29.72,1625449482.0,64.0
29.35,1625449482.0,64.0
27.96,1625449482.0,64.0
25.7,1625449482.0,64.0
22.94,1625449482.0,64.0
20.04,1625449482.0,64.0
17.19,1625449482.0,64.0
14.39,1625449482.0,64.0
11.52,1625449482.0,64.0
8.52,1625449482.0,64.0
5.42,1625449482.0,64.0
2.32,1625449482.0,64.0
-0.72,1625449482.0,64.0
-3.74,1625449482.0,64.0
-6.85,1625449482.0,64.0
-10.14,1625449482.0,64.0
-13.5,1625449482.0,64.0
-16.7,1625449482.0,64.0
-19.43,1625449482.0,64.0
-21.57,1625449482.0,64.0
-23.24,1625449482.0,64.0
-24.78,1625449482.0,64.0
-26.56,1625449482.0,64.0
-28.88,1625449482.0,64.0
-31.76,1625449482.0,64.0
-35.0,1625449482.0,64.0
-38.23,1625449482.0,64.0
-41.05,1625449482.0,64.0
-43.02,1625449482.0,64.0
-43.77,1625449482.0,64.0
-42.93,1625449482.0,64.0
-40.27,1625449482.0,64.0
-35.81,1625449482.0,64.0
-29.86,1625449482.0,64.0
-22.93,1625449482.0,64.0
-15.54,1625449482.0,64.0
-7.96,1625449482.0,64.0
-0.2,1625449482.0,64.0
7.74,1625449482.0,64.0
15.58,1625449482.0,64.0
22.6,1625449482.0,64.0
27.77,1625449482.0,64.0
30.32,1625449482.0,64.0
30.18,1625449482.0,64.0
28.15,1625449482.0,64.0
25.54,1625449482.0,64.0
23.54,1625449482.0,64.0
22.66,1625449482.0,64.0
22.62,1625449482.0,64.0
22.66,1625449482.0,64.0
22.23,1625449482.0,64.0
21.23,1625449482.0,64.0
19.97,1625449482.0,64.0
18.77,1625449482.0,64.0
17.66,1625449482.0,64.0
16.27,1625449482.0,64.0
14.2,1625449482.0,64.0
11.28,1625449482.0,64.0
7.84,1625449482.0,64.0
4.43,1625449482.0,64.0
1.53,1625449482.0,64.0
-0.75,1625449482.0,64.0
-2.64,1625449482.0,64.0
-4.56,1625449482.0,64.0
-6.77,1625449482.0,64.0
-9.33,1625449482.0,64.0
-12.1,1625449482.0,64.0
-14.9,1625449482.0,64.0
-17.57,1625449482.0,64.0
-20.01,1625449482.0,64.0
-22.19,1625449482.0,64.0
-24.08,1625449482.0,64.0
-25.76,1625449482.0,64.0
-27.38,1625449482.0,64.0
-29.23,1625449482.0,64.0
-31.58,1625449482.0,64.0
-34.54,1625449482.0,64.0
-37.89,1625449482.0,64.0
-41.1,1625449482.0,64.0
-43.37,1625449482.0,64.0
-43.95,1625449482.0,64.0
-42.36,1625449482.0,64.0
-38.55,1625449482.0,64.0
-32.91,1625449482.0,64.0
-26.1,1625449482.0,64.0
-18.81,1625449482.0,64.0
-11.52,1625449482.0,64.0
-4.49,1625449482.0,64.0
2.23,1625449482.0,64.0
8.58,1625449482.0,64.0
14.36,1625449482.0,64.0
19.24,1625449482.0,64.0
22.93,1625449482.0,64.0
25.3,1625449482.0,64.0
26.56,1625449482.0,64.0
27.21,1625449482.0,64.0
27.81,1625449482.0,64.0
28.77,1625449482.0,64.0
30.11,1625449482.0,64.0
31.52,1625449482.0,64.0
32.5,1625449482.0,64.0
32.66,1625449482.0,64.0
31.87,1625449482.0,64.0
30.3,1625449482.0,64.0
28.28,1625449482.0,64.0
26.16,1625449482.0,64.0
24.15,1625449482.0,64.0
22.29,1625449482.0,64.0
20.56,1625449482.0,64.0
18.88,1625449482.0,64.0
17.23,1625449482.0,64.0
15.56,1625449482.0,64.0
13.8,1625449482.0,64.0
11.88,1625449482.0,64.0
9.74,1625449482.0,64.0
7.39,1625449482.0,64.0
4.91,1625449482.0,64.0
2.37,1625449482.0,64.0
-0.24,1625449482.0,64.0
-3.0,1625449482.0,64.0
-6.04,1625449482.0,64.0
-9.47,1625449482.0,64.0
-13.29,1625449482.0,64.0
-17.46,1625449482.0,64.0
-21.82,1625449482.0,64.0
-26.19,1625449482.0,64.0
-30.26,1625449482.0,64.0
-33.56,1625449482.0,64.0
-35.5,1625449482.0,64.0
-35.56,1625449482.0,64.0
-33.48,1625449482.0,64.0
-29.43,1625449482.0,64.0
-23.96,1625449482.0,64.0
-17.76,1625449482.0,64.0
-11.43,1625449482.0,64.0
-5.25,1625449482.0,64.0
0.71,1625449482.0,64.0
6.45,1625449482.0,64.0
11.78,1625449482.0,64.0
16.31,1625449482.0,64.0
19.64,1625449482.0,64.0
21.55,1625449482.0,64.0
22.24,1625449482.0,64.0
22.19,1625449482.0,64.0
22.03,1625449482.0,64.0
22.19,1625449482.0,64.0
22.83,1625449482.0,64.0
23.75,1625449482.0,64.0
24.61,1625449482.0,64.0
25.08,1625449482.0,64.0
25.01,1625449482.0,64.0
24.45,1625449482.0,64.0
23.49,1625449482.0,64.0
22.16,1625449482.0,64.0
20.39,1625449482.0,64.0
17.99,1625449482.0,64.0
14.88,1625449482.0,64.0
11.16,1625449482.0,64.0
7.18,1625449482.0,64.0
3.32,1625449482.0,64.0
-0.05,1625449482.0,64.0
-2.85,1625449482.0,64.0
-5.3,1625449482.0,64.0
-7.71,1625449482.0,64.0
-10.38,1625449482.0,64.0
-13.48,1625449482.0,64.0
-17.0,1625449482.0,64.0
-20.85,1625449482.0,64.0
-24.87,1625449482.0,64.0
-28.85,1625449482.0,64.0
-32.42,1625449482.0,64.0
-35.15,1625449482.0,64.0
-36.58,1625449482.0,64.0
-36.54,1625449482.0,64.0
-35.17,1625449482.0,64.0
-32.97,1625449482.0,64.0
-30.58,1625449482.0,64.0
-28.37,1625449482.0,64.0
-26.26,1625449482.0,64.0
-23.76,1625449482.0,64.0
-20.24,1625449482.0,64.0
-15.43,1625449482.0,64.0
-9.69,1625449482.0,64.0
-3.92,1625449482.0,64.0
0.89,1625449482.0,64.0
4.08,1625449482.0,64.0
5.73,1625449482.0,64.0
6.58,1625449482.0,64.0
7.53,1625449482.0,64.0
9.16,1625449482.0,64.0
11.35,1625449482.0,64.0
13.52,1625449482.0,64.0
15.11,1625449482.0,64.0
15.99,1625449482.0,64.0
16.6,1625449482.0,64.0
17.58,1625449482.0,64.0
19.29,1625449482.0,64.0
21.43,1625449482.0,64.0
23.14,1625449482.0,64.0
23.53,1625449482.0,64.0
22.21,1625449482.0,64.0
19.57,1625449482.0,64.0
16.49,1625449482.0,64.0
13.86,1625449482.0,64.0
12.05,1625449482.0,64.0
10.82,1625449482.0,64.0
9.51,1625449482.0,64.0
7.57,1625449482.0,64.0
4.81,1625449482.0,64.0
1.5,1625449482.0,64.0
-1.87,1625449482.0,64.0
-4.96,1625449482.0,64.0
-7.6,1625449482.0,64.0
-9.89,1625449482.0,64.0
-12.01,1625449482.0,64.0
-14.11,1625449482.0,64.0
-16.3,1625449482.0,64.0
-18.71,1625449482.0,64.0
-21.5,1625449482.0,64.0
-24.83,1625449482.0,64.0
-28.74,1625449482.0,64.0
-33.07,1625449482.0,64.0
-37.4,1625449482.0,64.0
-41.11,1625449482.0,64.0
-43.56,1625449482.0,64.0
-44.18,1625449482.0,64.0
-42.69,1625449482.0,64.0
-39.1,1625449482.0,64.0
-33.7,1625449482.0,64.0
-26.95,1625449482.0,64.0
-19.36,1625449482.0,64.0
-11.35,1625449482.0,64.0
-3.24,1625449482.0,64.0
4.74,1625449482.0,64.0
12.34,1625449482.0,64.0
19.24,1625449482.0,64.0
25.01,1625449482.0,64.0
29.25,1625449482.0,64.0
31.76,1625449482.0,64.0
32.66,1625449482.0,64.0
32.37,1625449482.0,64.0
31.54,1625449482.0,64.0
30.75,1625449482.0,64.0
30.31,1625449482.0,64.0
30.22,1625449482.0,64.0
30.18,1625449482.0,64.0
29.79,1625449482.0,64.0
28.77,1625449482.0,64.0
27.09,1625449482.0,64.0
24.88,1625449482.0,64.0
22.38,1625449482.0,64.0
19.77,1625449482.0,64.0
17.16,1625449482.0,64.0
14.54,1625449482.0,64.0
11.93,1625449482.0,64.0
9.33,1625449482.0,64.0
6.72,1625449482.0,64.0
4.08,1625449482.0,64.0
1.3,1625449482.0,64.0
-1.65,1625449482.0,64.0
-4.72,1625449482.0,64.0
-7.75,1625449482.0,64.0
-10.57,1625449482.0,64.0
-13.11,1625449482.0,64.0
-15.46,1625449482.0,64.0
-17.89,1625449482.0,64.0
-20.63,1625449482.0,64.0
-23.8,1625449482.0,64.0
-27.36,1625449482.0,64.0
-31.17,1625449482.0,64.0
-35.05,1625449482.0,64.0
-38.8,1625449482.0,64.0
-42.11,1625449482.0,64.0
-44.49,1625449482.0,64.0
-45.3,1625449482.0,64.0
-43.91,1625449482.0,64.0
-40.05,1625449482.0,64.0
-33.94,1625449482.0,64.0
-26.26,1625449482.0,64.0
-17.86,1625449482.0,64.0
-9.44,1625449482.0,64.0
-1.36,1625449482.0,64.0
6.34,1625449482.0,64.0
13.61,1625449482.0,64.0
20.28,1625449482.0,64.0
25.92,1625449482.0,64.0
30.12,1625449482.0,64.0
32.64,1625449482.0,64.0
33.62,1625449482.0,64.0
33.56,1625449482.0,64.0
33.12,1625449482.0,64.0
32.79,1625449482.0,64.0
32.83,1625449482.0,64.0
33.1,1625449482.0,64.0
33.28,1625449482.0,64.0
32.97,1625449482.0,64.0
31.92,1625449482.0,64.0
30.07,1625449482.0,64.0
27.59,1625449482.0,64.0
24.76,1625449482.0,64.0
21.84,1625449482.0,64.0
18.97,1625449482.0,64.0
16.14,1625449482.0,64.0
13.27,1625449482.0,64.0
10.32,1625449482.0,64.0
7.35,1625449482.0,64.0
4.51,1625449482.0,64.0
1.9,1625449482.0,64.0
-0.53,1625449482.0,64.0
-2.92,1625449482.0,64.0
-5.43,1625449482.0,64.0
-8.08,1625449482.0,64.0
-10.75,1625449482.0,64.0
-13.24,1625449482.0,64.0
-15.4,1625449482.0,64.0
-17.26,1625449482.0,64.0
-19.03,1625449482.0,64.0
-21.04,1625449482.0,64.0
-23.63,1625449482.0,64.0
-27.06,1625449482.0,64.0
-31.39,1625449482.0,64.0
-36.43,1625449482.0,64.0
-41.53,1625449482.0,64.0
-45.71,1625449482.0,64.0
-47.84,1625449482.0,64.0
-47.05,1625449482.0,64.0
-43.12,1625449482.0,64.0
-36.6,1625449482.0,64.0
-28.54,1625449482.0,64.0
-19.99,1625449482.0,64.0
-11.6,1625449482.0,64.0
-3.44,1625449482.0,64.0
4.59,1625449482.0,64.0
12.42,1625449482.0,64.0
19.53,1625449482.0,64.0
25.1,1625449482.0,64.0
28.58,1625449482.0,64.0
29.99,1625449482.0,64.0
30.1,1625449482.0,64.0
30.01,1625449482.0,64.0
30.61,1625449482.0,64.0
32.09,1625449482.0,64.0
33.95,1625449482.0,64.0
35.35,1625449482.0,64.0
35.64,1625449482.0,64.0
34.64,1625449482.0,64.0
32.63,1625449482.0,64.0
30.14,1625449482.0,64.0
27.63,1625449482.0,64.0
25.29,1625449482.0,64.0
23.12,1625449482.0,64.0
21.03,1625449482.0,64.0
18.99,1625449482.0,64.0
17.02,1625449482.0,64.0
15.2,1625449482.0,64.0
13.6,1625449482.0,64.0
12.19,1625449482.0,64.0
10.85,1625449482.0,64.0
9.42,1625449482.0,64.0
7.69,1625449482.0,64.0
5.54,1625449482.0,64.0
2.96,1625449482.0,64.0
0.11,1625449482.0,64.0
-2.79,1625449482.0,64.0
-5.52,1625449482.0,64.0
-8.01,1625449482.0,64.0
-10.3,1625449482.0,64.0
-12.6,1625449482.0,64.0
-15.11,1625449482.0,64.0
-18.05,1625449482.0,64.0
-21.47,1625449482.0,64.0
-25.22,1625449482.0,64.0
-28.92,1625449482.0,64.0
-31.99,1625449482.0,64.0
-33.74,1625449482.0,64.0
-33.6,1625449482.0,64.0
-31.34,1625449482.0,64.0
-27.13,1625449482.0,64.0
-21.53,1625449482.0,64.0
-15.2,1625449482.0,64.0
-8.68,1625449482.0,64.0
-2.28,1625449482.0,64.0
3.95,1625449482.0,64.0
9.92,1625449482.0,64.0
15.48,1625449482.0,64.0
20.24,1625449482.0,64.0
23.78,1625449482.0,64.0
25.84,1625449482.0,64.0
26.5,1625449482.0,64.0
26.19,1625449482.0,64.0
25.59,1625449482.0,64.0
25.33,1625449482.0,64.0
25.71,1625449482.0,64.0
26.66,1625449482.0,64.0
27.72,1625449482.0,64.0
28.35,1625449482.0,64.0
28.16,1625449482.0,64.0
27.07,1625449482.0,64.0
25.32,1625449482.0,64.0
23.25,1625449482.0,64.0
21.08,1625449482.0,64.0
18.85,1625449482.0,64.0
16.46,1625449482.0,64.0
13.78,1625449482.0,64.0
10.83,1625449482.0,64.0
7.77,1625449482.0,64.0
4.77,1625449482.0,64.0
1.87,1625449482.0,64.0
-1.03,1625449482.0,64.0
-4.13,1625449482.0,64.0
-7.55,1625449482.0,64.0
-11.16,1625449482.0,64.0
-14.69,1625449482.0,64.0
-17.83,1625449482.0,64.0
-20.5,1625449482.0,64.0
-22.87,1625449482.0,64.0
-25.31,1625449482.0,64.0
-28.15,1625449482.0,64.0
-31.52,1625449482.0,64.0
-35.27,1625449482.0,64.0
-39.04,1625449482.0,64.0
-42.44,1625449482.0,64.0
-45.06,1625449482.0,64.0
-46.54,1625449482.0,64.0
-46.6,1625449482.0,64.0
-45.01,1625449482.0,64.0
-41.66,1625449482.0,64.0
-36.68,1625449482.0,64.0
-30.39,1625449482.0,64.0
-23.25,1625449482.0,64.0
-15.67,1625449482.0,64.0
-7.95,1625449482.0,64.0
-0.23,1625449482.0,64.0
7.29,1625449482.0,64.0
14.23,1625449482.0,64.0
20.01,1625449482.0,64.0
24.02,1625449482.0,64.0
25.94,1625449482.0,64.0
26.06,1625449482.0,64.0
25.26,1625449482.0,64.0
24.82,1625449482.0,64.0
25.86,1625449482.0,64.0
28.77,1625449482.0,64.0
32.98,1625449482.0,64.0
37.16,1625449482.0,64.0
39.79,1625449482.0,64.0
39.93,1625449482.0,64.0
37.56,1625449482.0,64.0
33.45,1625449482.0,64.0
28.62,1625449482.0,64.0
23.78,1625449482.0,64.0
19.11,1625449482.0,64.0
14.42,1625449482.0,64.0
9.68,1625449482.0,64.0
5.23,1625449482.0,64.0
1.67,1625449482.0,64.0
-0.62,1625449482.0,64.0
-1.89,1625449482.0,64.0
-3.04,1625449482.0,64.0
-5.09,1625449482.0,64.0
-8.58,1625449482.0,64.0
-13.19,1625449482.0,64.0
-17.94,1625449482.0,64.0
-21.85,1625449482.0,64.0
-24.53,1625449482.0,64.0
-26.32,1625449482.0,64.0
-28.02,1625449482.0,64.0
-30.31,1625449482.0,64.0
-33.34,1625449482.0,64.0
-36.82,1625449482.0,64.0
-40.23,1625449482.0,64.0
-43.19,1625449482.0,64.0
-45.5,1625449482.0,64.0
-47.04,1625449482.0,64.0
-47.47,1625449482.0,64.0
-46.33,1625449482.0,64.0
-43.13,1625449482.0,64.0
-37.77,1625449482.0,64.0
-30.61,1625449482.0,64.0
-22.38,1625449482.0,64.0
-13.9,1625449482.0,64.0
-5.7,1625449482.0,64.0
1.99,1625449482.0,64.0
9.12,1625449482.0,64.0
15.63,1625449482.0,64.0
21.27,1625449482.0,64.0
25.71,1625449482.0,64.0
28.69,1625449482.0,64.0
30.25,1625449482.0,64.0
30.74,1625449482.0,64.0
30.69,1625449482.0,64.0
30.59,1625449482.0,64.0
30.71,1625449482.0,64.0
31.02,1625449482.0,64.0
31.32,1625449482.0,64.0
31.35,1625449482.0,64.0
30.86,1625449482.0,64.0
29.76,1625449482.0,64.0
28.02,1625449482.0,64.0
25.7,1625449482.0,64.0
22.87,1625449482.0,64.0
19.67,1625449482.0,64.0
16.23,1625449482.0,64.0
12.78,1625449482.0,64.0
9.52,1625449482.0,64.0
6.65,1625449482.0,64.0
4.27,1625449482.0,64.0
2.31,1625449482.0,64.0
0.59,1625449482.0,64.0
-1.19,1625449482.0,64.0
-3.21,1625449482.0,64.0
-5.53,1625449482.0,64.0
-8.09,1625449482.0,64.0
-10.7,1625449482.0,64.0
-13.24,1625449482.0,64.0
-15.72,1625449482.0,64.0
-18.27,1625449482.0,64.0
-21.0,1625449482.0,64.0
-24.0,1625449482.0,64.0
-27.28,1625449482.0,64.0
-30.85,1625449482.0,64.0
-34.7,1625449482.0,64.0
-38.72,1625449482.0,64.0
-42.63,1625449482.0,64.0
-45.85,1625449482.0,64.0
-47.61,1625449482.0,64.0
-47.17,1625449482.0,64.0
-44.19,1625449482.0,64.0
-38.89,1625449482.0,64.0
-31.99,1625449482.0,64.0
-24.42,1625449482.0,64.0
-16.87,1625449482.0,64.0
-9.57,1625449482.0,64.0
-2.36,1625449482.0,64.0
5.0,1625449482.0,64.0
12.47,1625449482.0,64.0
19.59,1625449482.0,64.0
25.61,1625449482.0,64.0
29.79,1625449482.0,64.0
31.82,1625449482.0,64.0
31.98,1625449482.0,64.0
31.04,1625449482.0,64.0
29.92,1625449482.0,64.0
29.35,1625449482.0,64.0
29.59,1625449482.0,64.0
30.36,1625449482.0,64.0
31.09,1625449482.0,64.0
31.18,1625449482.0,64.0
30.27,1625449482.0,64.0
28.37,1625449482.0,64.0
25.84,1625449482.0,64.0
23.13,1625449482.0,64.0
20.51,1625449482.0,64.0
18.1,1625449482.0,64.0
15.86,1625449482.0,64.0
13.8,1625449482.0,64.0
12.11,1625449482.0,64.0
11.0,1625449482.0,64.0
10.43,1625449482.0,64.0
9.88,1625449482.0,64.0
8.44,1625449482.0,64.0
5.26,1625449482.0,64.0
0.13,1625449482.0,64.0
-6.19,1625449482.0,64.0
-12.25,1625449482.0,64.0
-16.63,1625449482.0,64.0
-18.8,1625449482.0,64.0
-19.39,1625449482.0,64.0
-19.81,1625449482.0,64.0
-21.37,1625449482.0,64.0
-24.56,1625449482.0,64.0
-28.92,1625449482.0,64.0
-33.48,1625449482.0,64.0
-37.51,1625449482.0,64.0
-40.88,1625449482.0,64.0
-43.9,1625449482.0,64.0
-46.66,1625449482.0,64.0
-48.65,1625449482.0,64.0
-48.82,1625449482.0,64.0
-46.14,1625449482.0,64.0
-40.27,1625449482.0,64.0
-31.89,1625449482.0,64.0
-22.45,1625449482.0,64.0
-13.39,1625449482.0,64.0
-5.62,1625449482.0,64.0
0.75,1625449482.0,64.0
6.15,1625449482.0,64.0
11.05,1625449482.0,64.0
15.56,1625449482.0,64.0
19.45,1625449482.0,64.0
22.38,1625449482.0,64.0
24.24,1625449482.0,64.0
25.29,1625449482.0,64.0
26.05,1625449482.0,64.0
27.02,1625449482.0,64.0
28.44,1625449482.0,64.0
30.15,1625449482.0,64.0
31.75,1625449482.0,64.0
32.74,1625449482.0,64.0
32.74,1625449482.0,64.0
31.64,1625449482.0,64.0
29.6,1625449482.0,64.0
26.96,1625449482.0,64.0
24.09,1625449482.0,64.0
21.34,1625449482.0,64.0
18.86,1625449482.0,64.0
16.7,1625449482.0,64.0
14.83,1625449482.0,64.0
13.13,1625449482.0,64.0
11.48,1625449482.0,64.0
9.77,1625449482.0,64.0
7.92,1625449482.0,64.0
5.89,1625449482.0,64.0
3.72,1625449482.0,64.0
1.45,1625449482.0,64.0
-0.84,1625449482.0,64.0
-3.13,1625449482.0,64.0
-5.43,1625449482.0,64.0
-7.86,1625449482.0,64.0
-10.48,1625449482.0,64.0
-13.42,1625449482.0,64.0
-16.72,1625449482.0,64.0
-20.37,1625449482.0,64.0
-24.24,1625449482.0,64.0
-28.07,1625449482.0,64.0
-31.41,1625449482.0,64.0
-33.71,1625449482.0,64.0
-34.33,1625449482.0,64.0
-32.85,1625449482.0,64.0
-29.11,1625449482.0,64.0
-23.34,1625449482.0,64.0
-16.07,1625449482.0,64.0
-8.0,1625449482.0,64.0
0.23,1625449482.0,64.0
8.13,1625449482.0,64.0
15.38,1625449482.0,64.0
21.74,1625449482.0,64.0
27.0,1625449482.0,64.0
30.88,1625449482.0,64.0
33.24,1625449482.0,64.0
34.06,1625449482.0,64.0
33.56,1625449482.0,64.0
32.25,1625449482.0,64.0
30.66,1625449482.0,64.0
29.3,1625449482.0,64.0
28.37,1625449482.0,64.0
27.81,1625449482.0,64.0
27.3,1625449482.0,64.0
26.51,1625449482.0,64.0
25.22,1625449482.0,64.0
23.4,1625449482.0,64.0
21.21,1625449482.0,64.0
18.84,1625449482.0,64.0
16.41,1625449482.0,64.0
13.89,1625449482.0,64.0
11.19,1625449482.0,64.0
8.17,1625449482.0,64.0
4.86,1625449482.0,64.0
1.42,1625449482.0,64.0
-1.88,1625449482.0,64.0
-4.82,1625449482.0,64.0
-7.29,1625449482.0,64.0
-9.43,1625449482.0,64.0
-11.47,1625449482.0,64.0
-13.7,1625449482.0,64.0
-16.32,1625449482.0,64.0
-19.35,1625449482.0,64.0
-22.66,1625449482.0,64.0
-26.07,1625449482.0,64.0
-29.51,1625449482.0,64.0
-33.03,1625449482.0,64.0
-36.74,1625449482.0,64.0
-40.64,1625449482.0,64.0
-44.48,1625449482.0,64.0
-47.76,1625449482.0,64.0
-49.75,1625449482.0,64.0
-49.85,1625449482.0,64.0
-47.66,1625449482.0,64.0
-43.15,1625449482.0,64.0
-36.57,1625449482.0,64.0
-28.33,1625449482.0,64.0
-18.94,1625449482.0,64.0
-8.97,1625449482.0,64.0
0.85,1625449482.0,64.0
9.75,1625449482.0,64.0
17.05,1625449482.0,64.0
22.42,1625449482.0,64.0
25.91,1625449482.0,64.0
27.91,1625449482.0,64.0
28.93,1625449482.0,64.0
29.36,1625449482.0,64.0
29.48,1625449482.0,64.0
29.45,1625449482.0,64.0
29.54,1625449482.0,64.0
29.97,1625449482.0,64.0
30.82,1625449482.0,64.0
31.78,1625449482.0,64.0
32.19,1625449482.0,64.0
31.33,1625449482.0,64.0
28.86,1625449482.0,64.0
25.12,1625449482.0,64.0
20.94,1625449482.0,64.0
17.22,1625449482.0,64.0
14.43,1625449482.0,64.0
12.41,1625449482.0,64.0
10.58,1625449482.0,64.0
8.33,1625449482.0,64.0
5.43,1625449482.0,64.0
2.03,1625449482.0,64.0
-1.48,1625449482.0,64.0
-4.82,1625449482.0,64.0
-7.96,1625449482.0,64.0
-11.03,1625449482.0,64.0
-14.13,1625449482.0,64.0
-17.21,1625449482.0,64.0
-20.13,1625449482.0,64.0
-22.72,1625449482.0,64.0
-25.04,1625449482.0,64.0
-27.28,1625449482.0,64.0
-29.77,1625449482.0,64.0
-32.8,1625449482.0,64.0
-36.38,1625449482.0,64.0
-40.18,1625449482.0,64.0
-43.5,1625449482.0,64.0
-45.44,1625449482.0,64.0
-45.22,1625449482.0,64.0
-42.46,1625449482.0,64.0
-37.31,1625449482.0,64.0
-30.33,1625449482.0,64.0
-22.33,1625449482.0,64.0
-13.95,1625449482.0,64.0
-5.55,1625449482.0,64.0
2.74,1625449482.0,64.0
10.82,1625449482.0,64.0
18.4,1625449482.0,64.0
24.96,1625449482.0,64.0
29.98,1625449482.0,64.0
33.11,1625449482.0,64.0
34.41,1625449482.0,64.0
34.38,1625449482.0,64.0
33.75,1625449482.0,64.0
33.2,1625449482.0,64.0
33.13,1625449482.0,64.0
33.53,1625449482.0,64.0
34.06,1625449482.0,64.0
34.24,1625449482.0,64.0
33.64,1625449482.0,64.0
32.04,1625449482.0,64.0
29.5,1625449482.0,64.0
26.24,1625449482.0,64.0
22.55,1625449482.0,64.0
18.71,1625449482.0,64.0
14.94,1625449482.0,64.0
11.36,1625449482.0,64.0
8.06,1625449482.0,64.0
5.08,1625449482.0,64.0
2.44,1625449482.0,64.0
0.1,1625449482.0,64.0
-2.0,1625449482.0,64.0
-3.99,1625449482.0,64.0
-5.97,1625449482.0,64.0
-8.05,1625449482.0,64.0
-10.34,1625449482.0,64.0
-12.87,1625449482.0,64.0
-15.64,1625449482.0,64.0
-18.62,1625449482.0,64.0
-21.77,1625449482.0,64.0
-25.12,1625449482.0,64.0
-28.71,1625449482.0,64.0
-32.52,1625449482.0,64.0
-36.34,1625449482.0,64.0
-39.65,1625449482.0,64.0
-41.74,1625449482.0,64.0
-41.9,1625449482.0,64.0
-39.7,1625449482.0,64.0
-35.19,1625449482.0,64.0
-28.88,1625449482.0,64.0
-21.53,1625449482.0,64.0
-13.82,1625449482.0,64.0
-6.17,1625449482.0,64.0
1.3,1625449482.0,64.0
8.51,1625449482.0,64.0
15.29,1625449482.0,64.0
21.25,1625449482.0,64.0
25.93,1625449482.0,64.0
28.99,1625449482.0,64.0
30.48,1625449482.0,64.0
30.77,1625449482.0,64.0
30.54,1625449482.0,64.0
30.37,1625449482.0,64.0
30.58,1625449482.0,64.0
31.08,1625449482.0,64.0
31.51,1625449482.0,64.0
31.37,1625449482.0,64.0
30.34,1625449482.0,64.0
28.34,1625449482.0,64.0
25.62,1625449482.0,64.0
22.61,1625449482.0,64.0
19.7,1625449482.0,64.0
17.08,1625449482.0,64.0
14.64,1625449482.0,64.0
12.12,1625449482.0,64.0
9.25,1625449482.0,64.0
5.98,1625449482.0,64.0
2.51,1625449482.0,64.0
-0.86,1625449482.0,64.0
-3.85,1625449482.0,64.0
-6.37,1625449482.0,64.0
-8.5,1625449482.0,64.0
-10.38,1625449482.0,64.0
-12.15,1625449482.0,64.0
-13.87,1625449482.0,64.0
-15.68,1625449482.0,64.0
-17.88,1625449482.0,64.0
-20.86,1625449482.0,64.0
-24.88,1625449482.0,64.0
-29.94,1625449482.0,64.0
-35.54,1625449482.0,64.0
-40.9,1625449482.0,64.0
-45.24,1625449482.0,64.0
-48.04,1625449482.0,64.0
-49.06,1625449482.0,64.0
-48.27,1625449482.0,64.0
-45.57,1625449482.0,64.0
-40.78,1625449482.0,64.0
-33.83,1625449482.0,64.0
-24.97,1625449482.0,64.0
-15.0,1625449482.0,64.0
-5.0,1625449482.0,64.0
3.96,1625449482.0,64.0
11.3,1625449482.0,64.0
17.03,1625449482.0,64.0
21.52,1625449482.0,64.0
25.21,1625449482.0,64.0
28.19,1625449482.0,64.0
30.31,1625449482.0,64.0
31.32,1625449482.0,64.0
31.27,1625449482.0,64.0
30.53,1625449482.0,64.0
29.7,1625449482.0,64.0
29.21,1625449482.0,64.0
29.14,1625449482.0,64.0
29.14,1625449482.0,64.0
28.68,1625449482.0,64.0
27.42,1625449482.0,64.0
25.31,1625449482.0,64.0
22.61,1625449482.0,64.0
19.74,1625449482.0,64.0
16.99,1625449482.0,64.0
14.47,1625449482.0,64.0
12.15,1625449482.0,64.0
10.0,1625449482.0,64.0
8.01,1625449482.0,64.0
6.2,1625449482.0,64.0
4.55,1625449482.0,64.0
2.93,1625449482.0,64.0
1.12,1625449482.0,64.0
-1.09,1625449482.0,64.0
-3.82,1625449482.0,64.0
-7.0,1625449482.0,64.0
-10.41,1625449482.0,64.0
-13.83,1625449482.0,64.0
-17.03,1625449482.0,64.0
-19.94,1625449482.0,64.0
-22.61,1625449482.0,64.0
-25.19,1625449482.0,64.0
-27.79,1625449482.0,64.0
-30.41,1625449482.0,64.0
-32.71,1625449482.0,64.0
-34.15,1625449482.0,64.0
-34.04,1625449482.0,64.0
-31.84,1625449482.0,64.0
-27.36,1625449482.0,64.0
-20.89,1625449482.0,64.0
-13.1,1625449482.0,64.0
-4.77,1625449482.0,64.0
3.44,1625449482.0,64.0
11.14,1625449482.0,64.0
18.15,1625449482.0,64.0
24.36,1625449482.0,64.0
29.52,1625449482.0,64.0
33.33,1625449482.0,64.0
35.52,1625449482.0,64.0
36.11,1625449482.0,64.0
35.5,1625449482.0,64.0
34.38,1625449482.0,64.0
33.49,1625449482.0,64.0
33.25,1625449482.0,64.0
33.64,1625449482.0,64.0
34.22,1625449482.0,64.0
34.4,1625449482.0,64.0
33.74,1625449482.0,64.0
32.18,1625449482.0,64.0
29.94,1625449482.0,64.0
27.29,1625449482.0,64.0
24.47,1625449482.0,64.0
21.52,1625449482.0,64.0
18.37,1625449482.0,64.0
14.98,1625449482.0,64.0
11.44,1625449482.0,64.0
7.92,1625449482.0,64.0
4.63,1625449482.0,64.0
1.66,1625449482.0,64.0
-0.99,1625449482.0,64.0
-3.45,1625449482.0,64.0
-5.83,1625449482.0,64.0
-8.25,1625449482.0,64.0
-10.83,1625449482.0,64.0
-13.72,1625449482.0,64.0
-17.02,1625449482.0,64.0
-20.8,1625449482.0,64.0
-25.06,1625449482.0,64.0
-29.69,1625449482.0,64.0
-34.42,1625449482.0,64.0
-38.89,1625449482.0,64.0
-42.6,1625449482.0,64.0
-45.02,1625449482.0,64.0
-45.66,1625449482.0,64.0
-44.23,1625449482.0,64.0
-40.71,1625449482.0,64.0
-35.42,1625449482.0,64.0
-28.88,1625449482.0,64.0
-21.65,1625449482.0,64.0
-14.21,1625449482.0,64.0
-6.83,1625449482.0,64.0
0.39,1625449482.0,64.0
7.32,1625449482.0,64.0
13.76,1625449482.0,64.0
19.34,1625449482.0,64.0
23.66,1625449482.0,64.0
26.39,1625449482.0,64.0
27.49,1625449482.0,64.0
27.22,1625449482.0,64.0
26.21,1625449482.0,64.0
25.13,1625449482.0,64.0
24.52,1625449482.0,64.0
24.49,1625449482.0,64.0
24.76,1625449482.0,64.0
24.84,1625449482.0,64.0
24.27,1625449482.0,64.0
22.88,1625449482.0,64.0
20.83,1625449482.0,64.0
18.45,1625449482.0,64.0
16.04,1625449482.0,64.0
13.73,1625449482.0,64.0
11.42,1625449482.0,64.0
8.99,1625449482.0,64.0
6.39,1625449482.0,64.0
3.73,1625449482.0,64.0
1.2,1625449482.0,64.0
-1.1,1625449482.0,64.0
-3.2,1625449482.0,64.0
-5.29,1625449482.0,64.0
-7.57,1625449482.0,64.0
-10.17,1625449482.0,64.0
-13.07,1625449482.0,64.0
-16.18,1625449482.0,64.0
-19.45,1625449482.0,64.0
-22.87,1625449482.0,64.0
-26.56,1625449482.0,64.0
-30.65,1625449482.0,64.0
-35.2,1625449482.0,64.0
-40.06,1625449482.0,64.0
-44.82,1625449482.0,64.0
-48.85,1625449482.0,64.0
-51.44,1625449482.0,64.0
-51.98,1625449482.0,64.0
-50.11,1625449482.0,64.0
-45.93,1625449482.0,64.0
-39.87,1625449482.0,64.0
-32.62,1625449482.0,64.0
-24.85,1625449482.0,64.0
-16.95,1625449482.0,64.0
-9.06,1625449482.0,64.0
-1.19,1625449482.0,64.0
6.61,1625449482.0,64.0
14.05,1625449482.0,64.0
20.65,1625449482.0,64.0
25.88,1625449482.0,64.0
29.38,1625449482.0,64.0
31.19,1625449482.0,64.0
31.73,1625449482.0,64.0
31.64,1625449482.0,64.0
31.54,1625449482.0,64.0
31.79,1625449482.0,64.0
32.34,1625449482.0,64.0
32.84,1625449482.0,64.0
32.82,1625449482.0,64.0
31.96,1625449482.0,64.0
30.17,1625449482.0,64.0
27.64,1625449482.0,64.0
24.69,1625449482.0,64.0
21.58,1625449482.0,64.0
18.39,1625449482.0,64.0
15.11,1625449482.0,64.0
11.69,1625449482.0,64.0
8.25,1625449482.0,64.0
5.03,1625449482.0,64.0
2.3,1625449482.0,64.0
0.16,1625449482.0,64.0
-1.55,1625449482.0,64.0
-3.13,1625449482.0,64.0
-4.9,1625449482.0,64.0
-7.0,1625449482.0,64.0
-9.36,1625449482.0,64.0
-11.8,1625449482.0,64.0
-14.15,1625449482.0,64.0
-16.4,1625449482.0,64.0
-18.69,1625449482.0,64.0
-21.26,1625449482.0,64.0
-24.33,1625449482.0,64.0
-28.01,1625449482.0,64.0
-32.2,1625449482.0,64.0
-36.57,1625449482.0,64.0
-40.53,1625449482.0,64.0
-43.36,1625449482.0,64.0
-44.37,1625449482.0,64.0
-43.16,1625449482.0,64.0
-39.76,1625449482.0,64.0
-34.61,1625449482.0,64.0
-28.36,1625449482.0,64.0
-21.58,1625449482.0,64.0
-14.63,1625449482.0,64.0
-7.56,1625449482.0,64.0
-0.36,1625449482.0,64.0
6.83,1625449482.0,64.0
13.65,1625449482.0,64.0
19.56,1625449482.0,64.0
24.1,1625449482.0,64.0
27.08,1625449482.0,64.0
28.69,1625449482.0,64.0
29.38,1625449482.0,64.0
29.69,1625449482.0,64.0
30.01,1625449482.0,64.0
30.41,1625449482.0,64.0
30.79,1625449482.0,64.0
30.86,1625449482.0,64.0
30.45,1625449482.0,64.0
29.48,1625449482.0,64.0
28.07,1625449482.0,64.0
26.43,1625449482.0,64.0
24.65,1625449482.0,64.0
22.72,1625449482.0,64.0
20.52,1625449482.0,64.0
17.87,1625449482.0,64.0
14.75,1625449482.0,64.0
11.32,1625449482.0,64.0
7.89,1625449482.0,64.0
4.76,1625449482.0,64.0
2.07,1625449482.0,64.0
-0.29,1625449482.0,64.0
-2.56,1625449482.0,64.0
-5.02,1625449482.0,64.0
-7.76,1625449482.0,64.0
-10.64,1625449482.0,64.0
-13.45,1625449482.0,64.0
-15.98,1625449482.0,64.0
-18.2,1625449482.0,64.0
-20.28,1625449482.0,64.0
-22.5,1625449482.0,64.0
-25.13,1625449482.0,64.0
-28.36,1625449482.0,64.0
-32.22,1625449482.0,64.0
-36.48,1625449482.0,64.0
-40.77,1625449482.0,64.0
-44.48,1625449482.0,64.0
-46.94,1625449482.0,64.0
-47.55,1625449482.0,64.0
-45.96,1625449482.0,64.0
-42.13,1625449482.0,64.0
-36.36,1625449482.0,64.0
-29.22,1625449482.0,64.0
-21.26,1625449482.0,64.0
-13.05,1625449482.0,64.0
-4.91,1625449482.0,64.0
2.89,1625449482.0,64.0
10.13,1625449482.0,64.0
16.48,1625449482.0,64.0
21.66,1625449482.0,64.0
25.38,1625449482.0,64.0
27.57,1625449482.0,64.0
28.39,1625449482.0,64.0
28.22,1625449482.0,64.0
27.6,1625449482.0,64.0
26.99,1625449482.0,64.0
26.67,1625449482.0,64.0
26.62,1625449482.0,64.0
26.64,1625449482.0,64.0
26.47,1625449482.0,64.0
25.93,1625449482.0,64.0
24.96,1625449482.0,64.0
23.64,1625449482.0,64.0
22.05,1625449482.0,64.0
20.23,1625449482.0,64.0
18.12,1625449482.0,64.0
15.68,1625449482.0,64.0
12.91,1625449482.0,64.0
9.94,1625449482.0,64.0
6.97,1625449482.0,64.0
4.22,1625449482.0,64.0
1.79,1625449482.0,64.0
-0.35,1625449482.0,64.0
-2.33,1625449482.0,64.0
-4.27,1625449482.0,64.0
-6.26,1625449482.0,64.0
-8.31,1625449482.0,64.0
-10.38,1625449482.0,64.0
-12.45,1625449482.0,64.0
-14.55,1625449482.0,64.0
-16.78,1625449482.0,64.0
-19.28,1625449482.0,64.0
-22.18,1625449482.0,64.0
-25.52,1625449482.0,64.0
-29.21,1625449482.0,64.0
-32.99,1625449482.0,64.0
-36.39,1625449482.0,64.0
-38.82,1625449482.0,64.0
-39.66,1625449482.0,64.0
-38.53,1625449482.0,64.0
-35.33,1625449482.0,64.0
-30.4,1625449482.0,64.0
-24.32,1625449482.0,64.0
-17.67,1625449482.0,64.0
-10.86,1625449482.0,64.0
-4.05,1625449482.0,64.0
2.74,1625449482.0,64.0
9.37,1625449482.0,64.0
15.44,1625449482.0,64.0
20.36,1625449482.0,64.0
23.62,1625449482.0,64.0
25.14,1625449482.0,64.0
25.35,1625449482.0,64.0
25.11,1625449482.0,64.0
25.29,1625449482.0,64.0
26.3,1625449482.0,64.0
28.03,1625449482.0,64.0
29.83,1625449482.0,64.0
30.98,1625449482.0,64.0
31.06,1625449482.0,64.0
30.07,1625449482.0,64.0
28.4,1625449482.0,64.0
26.55,1625449482.0,64.0
24.83,1625449482.0,64.0
23.27,1625449482.0,64.0
21.7,1625449482.0,64.0
19.91,1625449482.0,64.0
17.82,1625449482.0,64.0
15.53,1625449482.0,64.0
13.16,1625449482.0,64.0
10.84,1625449482.0,64.0
8.58,1625449482.0,64.0
6.27,1625449482.0,64.0
3.77,1625449482.0,64.0
1.0,1625449482.0,64.0
-2.05,1625449482.0,64.0
-5.25,1625449482.0,64.0
-8.49,1625449482.0,64.0
-11.69,1625449482.0,64.0
-14.9,1625449482.0,64.0
-18.3,1625449482.0,64.0
-21.99,1625449482.0,64.0
-25.96,1625449482.0,64.0
-29.8,1625449482.0,64.0
-32.87,1625449482.0,64.0
-34.45,1625449482.0,64.0
-33.88,1625449482.0,64.0
-31.0,1625449482.0,64.0
-26.07,1625449482.0,64.0
-19.73,1625449482.0,64.0
-12.74,1625449482.0,64.0
-5.71,1625449482.0,64.0
1.03,1625449482.0,64.0
7.33,1625449482.0,64.0
13.09,1625449482.0,64.0
18.11,1625449482.0,64.0
22.07,1625449482.0,64.0
24.7,1625449482.0,64.0
25.92,1625449482.0,64.0
25.98,1625449482.0,64.0
25.43,1625449482.0,64.0
24.87,1625449482.0,64.0
24.75,1625449482.0,64.0
25.15,1625449482.0,64.0
25.83,1625449482.0,64.0
26.34,1625449482.0,64.0
26.3,1625449482.0,64.0
25.52,1625449482.0,64.0
24.12,1625449482.0,64.0
22.31,1625449482.0,64.0
20.35,1625449482.0,64.0
18.39,1625449482.0,64.0
16.43,1625449482.0,64.0
14.39,1625449482.0,64.0
12.09,1625449482.0,64.0
9.43,1625449482.0,64.0
6.34,1625449482.0,64.0
2.89,1625449482.0,64.0
-0.78,1625449482.0,64.0
-4.44,1625449482.0,64.0
-7.9,1625449482.0,64.0
-11.08,1625449482.0,64.0
-14.09,1625449482.0,64.0
-17.16,1625449482.0,64.0
-20.57,1625449482.0,64.0
-24.55,1625449482.0,64.0
-29.13,1625449482.0,64.0
-34.19,1625449482.0,64.0
-39.38,1625449482.0,64.0
-44.23,1625449482.0,64.0
-48.19,1625449482.0,64.0
-50.7,1625449482.0,64.0
-51.29,1625449482.0,64.0
-49.69,1625449482.0,64.0
-45.93,1625449482.0,64.0
-40.35,1625449482.0,64.0
-33.49,1625449482.0,64.0
-25.91,1625449482.0,64.0
-18.04,1625449482.0,64.0
-10.09,1625449482.0,64.0
-2.12,1625449482.0,64.0
5.74,1625449482.0,64.0
13.21,1625449482.0,64.0
19.78,1625449482.0,64.0
24.87,1625449482.0,64.0
28.08,1625449482.0,64.0
29.4,1625449482.0,64.0
29.21,1625449482.0,64.0
28.18,1625449482.0,64.0
27.03,1625449482.0,64.0
26.2,1625449482.0,64.0
25.8,1625449482.0,64.0
25.56,1625449482.0,64.0
25.09,1625449482.0,64.0
24.03,1625449482.0,64.0
22.3,1625449482.0,64.0
20.07,1625449482.0,64.0
17.67,1625449482.0,64.0
15.44,1625449482.0,64.0
13.53,1625449482.0,64.0
11.88,1625449482.0,64.0
10.24,1625449482.0,64.0
8.34,1625449482.0,64.0
6.03,1625449482.0,64.0
3.32,1625449482.0,64.0
0.36,1625449482.0,64.0
-2.7,1625449482.0,64.0
-5.74,1625449482.0,64.0
-8.76,1625449482.0,64.0
-11.82,1625449482.0,64.0
-14.97,1625449482.0,64.0
-18.2,1625449482.0,64.0
-21.47,1625449482.0,64.0
-24.79,1625449482.0,64.0
-28.21,1625449482.0,64.0
-31.9,1625449482.0,64.0
-35.98,1625449482.0,64.0
-40.36,1625449482.0,64.0
-44.65,1625449482.0,64.0
-48.16,1625449482.0,64.0
-50.06,1625449482.0,64.0
-49.68,1625449482.0,64.0
-46.81,1625449482.0,64.0
-41.74,1625449482.0,64.0
-35.22,1625449482.0,64.0
-28.04,1625449482.0,64.0
-20.81,1625449482.0,64.0
-13.69,1625449482.0,64.0
-6.59,1625449482.0,64.0
0.62,1625449482.0,64.0
7.79,1625449482.0,64.0
14.44,1625449482.0,64.0
19.92,1625449482.0,64.0
23.76,1625449482.0,64.0
25.89,1625449482.0,64.0
26.71,1625449482.0,64.0
26.83,1625449482.0,64.0
26.86,1625449482.0,64.0
27.11,1625449482.0,64.0
27.54,1625449482.0,64.0
27.89,1625449482.0,64.0
27.9,1625449482.0,64.0
27.39,1625449482.0,64.0
26.37,1625449482.0,64.0
24.92,1625449482.0,64.0
23.14,1625449482.0,64.0
21.1,1625449482.0,64.0
18.84,1625449482.0,64.0
16.44,1625449482.0,64.0
14.01,1625449482.0,64.0
11.68,1625449482.0,64.0
9.51,1625449482.0,64.0
7.46,1625449482.0,64.0
5.39,1625449482.0,64.0
3.1,1625449482.0,64.0
0.43,1625449482.0,64.0
-2.64,1625449482.0,64.0
-5.95,1625449482.0,64.0
-9.29,1625449482.0,64.0
-12.44,1625449482.0,64.0
-15.33,1625449482.0,64.0
-18.02,1625449482.0,64.0
-20.73,1625449482.0,64.0
-23.66,1625449482.0,64.0
-26.98,1625449482.0,64.0
-30.71,1625449482.0,64.0
-34.7,1625449482.0,64.0
-38.64,1625449482.0,64.0
-42.08,1625449482.0,64.0
-44.49,1625449482.0,64.0
-45.39,1625449482.0,64.0
-44.44,1625449482.0,64.0
-41.54,1625449482.0,64.0
-36.84,1625449482.0,64.0
-30.67,1625449482.0,64.0
-23.48,1625449482.0,64.0
-15.71,1625449482.0,64.0
-7.74,1625449482.0,64.0
0.15,1625449482.0,64.0
7.63,1625449482.0,64.0
14.37,1625449482.0,64.0
20.02,1625449482.0,64.0
24.26,1625449482.0,64.0
26.91,1625449482.0,64.0
28.04,1625449482.0,64.0
27.93,1625449482.0,64.0
27.11,1625449482.0,64.0
26.1,1625449482.0,64.0
25.32,1625449482.0,64.0
24.97,1625449482.0,64.0
24.95,1625449482.0,64.0
25.06,1625449482.0,64.0
25.03,1625449482.0,64.0
24.66,1625449482.0,64.0
23.86,1625449482.0,64.0
22.65,1625449482.0,64.0
21.06,1625449482.0,64.0
19.16,1625449482.0,64.0
17.01,1625449482.0,64.0
14.66,1625449482.0,64.0
12.24,1625449482.0,64.0
9.88,1625449482.0,64.0
7.66,1625449482.0,64.0
5.61,1625449482.0,64.0
3.66,1625449482.0,64.0
1.66,1625449482.0,64.0
-0.48,1625449482.0,64.0
-2.8,1625449482.0,64.0
-5.27,1625449482.0,64.0
-7.83,1625449482.0,64.0
-10.38,1625449482.0,64.0
-12.91,1625449482.0,64.0
-15.46,1625449482.0,64.0
-18.14,1625449482.0,64.0
-21.08,1625449482.0,64.0
-24.41,1625449482.0,64.0
-28.14,1625449482.0,64.0
-32.07,1625449482.0,64.0
-35.76,1625449482.0,64.0
-38.47,1625449482.0,64.0
-39.37,1625449482.0,64.0
-37.82,1625449482.0,64.0
-33.64,1625449482.0,64.0
-27.25,1625449482.0,64.0
-19.56,1625449482.0,64.0
-11.56,1625449482.0,64.0
-4.04,1625449482.0,64.0
2.66,1625449482.0,64.0
8.57,1625449482.0,64.0
13.83,1625449482.0,64.0
18.44,1625449482.0,64.0
22.2,1625449482.0,64.0
24.87,1625449482.0,64.0
26.4,1625449482.0,64.0
27.12,1625449482.0,64.0
27.61,1625449482.0,64.0
28.44,1625449482.0,64.0
29.87,1625449482.0,64.0
31.7,1625449482.0,64.0
33.36,1625449482.0,64.0
34.23,1625449482.0,64.0
33.91,1625449482.0,64.0
32.39,1625449482.0,64.0
29.99,1625449482.0,64.0
27.17,1625449482.0,64.0
24.32,1625449482.0,64.0
21.64,1625449482.0,64.0
19.16,1625449482.0,64.0
16.81,1625449482.0,64.0
14.48,1625449482.0,64.0
12.12,1625449482.0,64.0
9.75,1625449482.0,64.0
7.39,1625449482.0,64.0
5.09,1625449482.0,64.0
2.87,1625449482.0,64.0
0.69,1625449482.0,64.0
-1.56,1625449482.0,64.0
-3.99,1625449482.0,64.0
-6.69,1625449482.0,64.0
-9.71,1625449482.0,64.0
-13.09,1625449482.0,64.0
-16.81,1625449482.0,64.0
-20.9,1625449482.0,64.0
-25.29,1625449482.0,64.0
-29.8,1625449482.0,64.0
-33.95,1625449482.0,64.0
-37.08,1625449482.0,64.0
-38.44,1625449482.0,64.0
-37.49,1625449482.0,64.0
-34.12,1625449482.0,64.0
-28.62,1625449482.0,64.0
-21.62,1625449482.0,64.0
-13.79,1625449482.0,64.0
-5.64,1625449482.0,64.0
2.47,1625449482.0,64.0
10.26,1625449482.0,64.0
17.39,1625449482.0,64.0
23.4,1625449482.0,64.0
27.81,1625449482.0,64.0
30.37,1625449482.0,64.0
31.13,1625449482.0,64.0
30.5,1625449482.0,64.0
29.17,1625449482.0,64.0
27.84,1625449482.0,64.0
27.0,1625449482.0,64.0
26.77,1625449482.0,64.0
26.92,1625449482.0,64.0
26.98,1625449482.0,64.0
26.47,1625449482.0,64.0
25.13,1625449482.0,64.0
22.96,1625449482.0,64.0
20.25,1625449482.0,64.0
17.36,1625449482.0,64.0
14.6,1625449482.0,64.0
12.09,1625449482.0,64.0
9.79,1625449482.0,64.0
7.57,1625449482.0,64.0
5.38,1625449482.0,64.0
3.21,1625449482.0,64.0
1.1,1625449482.0,64.0
-0.95,1625449482.0,64.0
-2.97,1625449482.0,64.0
-5.05,1625449482.0,64.0
-7.3,1625449482.0,64.0
-9.8,1625449482.0,64.0
-12.62,1625449482.0,64.0
-15.78,1625449482.0,64.0
-19.33,1625449482.0,64.0
-23.32,1625449482.0,64.0
-27.76,1625449482.0,64.0
-32.54,1625449482.0,64.0
-37.4,1625449482.0,64.0
-41.82,1625449482.0,64.0
-45.16,1625449482.0,64.0
-46.73,1625449482.0,64.0
-45.99,1625449482.0,64.0
-42.82,1625449482.0,64.0
-37.46,1625449482.0,64.0
-30.51,1625449482.0,64.0
-22.67,1625449482.0,64.0
-14.48,1625449482.0,64.0
-6.27,1625449482.0,64.0
1.78,1625449482.0,64.0
9.46,1625449482.0,64.0
16.42,1625449482.0,64.0
22.16,1625449482.0,64.0
26.22,1625449482.0,64.0
28.45,1625449482.0,64.0
29.13,1625449482.0,64.0
28.91,1625449482.0,64.0
28.52,1625449482.0,64.0
28.54,1625449482.0,64.0
29.09,1625449482.0,64.0
29.92,1625449482.0,64.0
30.52,1625449482.0,64.0
30.45,1625449482.0,64.0
29.5,1625449482.0,64.0
27.76,1625449482.0,64.0
25.51,1625449482.0,64.0
23.03,1625449482.0,64.0
20.52,1625449482.0,64.0
17.97,1625449482.0,64.0
15.31,1625449482.0,64.0
12.49,1625449482.0,64.0
9.54,1625449482.0,64.0
6.59,1625449482.0,64.0
3.78,1625449482.0,64.0
1.28,1625449482.0,64.0
-0.9,1625449482.0,64.0
-2.81,1625449482.0,64.0
-4.59,1625449482.0,64.0
-6.46,1625449482.0,64.0
-8.57,1625449482.0,64.0
-11.06,1625449482.0,64.0
-13.98,1625449482.0,64.0
-17.34,1625449482.0,64.0
-21.1,1625449482.0,64.0
-25.21,1625449482.0,64.0
-29.7,1625449482.0,64.0
-34.48,1625449482.0,64.0
-39.36,1625449482.0,64.0
-43.83,1625449482.0,64.0
-47.17,1625449482.0,64.0
-48.58,1625449482.0,64.0
-47.5,1625449482.0,64.0
-43.81,1625449482.0,64.0
-37.91,1625449482.0,64.0
-30.59,1625449482.0,64.0
-22.64,1625449482.0,64.0
-14.61,1625449482.0,64.0
-6.67,1625449482.0,64.0
1.23,1625449482.0,64.0
9.04,1625449482.0,64.0
16.43,1625449482.0,64.0
22.81,1625449482.0,64.0
27.55,1625449482.0,64.0
30.38,1625449482.0,64.0
31.55,1625449482.0,64.0
31.69,1625449482.0,64.0
31.59,1625449482.0,64.0
31.81,1625449482.0,64.0
32.46,1625449482.0,64.0
33.28,1625449482.0,64.0
33.86,1625449482.0,64.0
33.87,1625449482.0,64.0
33.19,1625449482.0,64.0
31.89,1625449482.0,64.0
30.14,1625449482.0,64.0
28.01,1625449482.0,64.0
25.54,1625449482.0,64.0
22.68,1625449482.0,64.0
19.46,1625449482.0,64.0
15.98,1625449482.0,64.0
12.49,1625449482.0,64.0
9.27,1625449482.0,64.0
6.5,1625449482.0,64.0
4.21,1625449482.0,64.0
2.16,1625449482.0,64.0
0.02,1625449482.0,64.0
-2.54,1625449482.0,64.0
-5.65,1625449482.0,64.0
-9.22,1625449482.0,64.0
-12.97,1625449482.0,64.0
-16.59,1625449482.0,64.0
-19.87,1625449482.0,64.0
-22.81,1625449482.0,64.0
-25.59,1625449482.0,64.0
-28.46,1625449482.0,64.0
-31.67,1625449482.0,64.0
-35.32,1625449482.0,64.0
-39.3,1625449482.0,64.0
-43.25,1625449482.0,64.0
-46.67,1625449482.0,64.0
-48.87,1625449482.0,64.0
-49.27,1625449482.0,64.0
-47.48,1625449482.0,64.0
-43.49,1625449482.0,64.0
-37.69,1625449482.0,64.0
-30.7,1625449482.0,64.0
-23.17,1625449482.0,64.0
-15.53,1625449482.0,64.0
-7.92,1625449482.0,64.0
-0.31,1625449482.0,64.0
7.27,1625449482.0,64.0
14.54,1625449482.0,64.0
20.96,1625449482.0,64.0
25.88,1625449482.0,64.0
28.93,1625449482.0,64.0
30.18,1625449482.0,64.0
30.2,1625449482.0,64.0
29.85,1625449482.0,64.0
29.83,1625449482.0,64.0
30.44,1625449482.0,64.0
31.44,1625449482.0,64.0
32.32,1625449482.0,64.0
32.57,1625449482.0,64.0
32.01,1625449482.0,64.0
30.78,1625449482.0,64.0
29.26,1625449482.0,64.0
27.76,1625449482.0,64.0
26.31,1625449482.0,64.0
24.69,1625449482.0,64.0
22.62,1625449482.0,64.0
19.92,1625449482.0,64.0
16.69,1625449482.0,64.0
13.29,1625449482.0,64.0
10.08,1625449482.0,64.0
7.26,1625449482.0,64.0
4.79,1625449482.0,64.0
2.36,1625449482.0,64.0
-0.36,1625449482.0,64.0
-3.52,1625449482.0,64.0
-7.07,1625449482.0,64.0
-10.73,1625449482.0,64.0
-14.19,1625449482.0,64.0
-17.28,1625449482.0,64.0
-20.02,1625449482.0,64.0
-22.57,1625449482.0,64.0
-25.15,1625449482.0,64.0
-27.93,1625449482.0,64.0
-30.99,1625449482.0,64.0
-34.35,1625449482.0,64.0
-37.95,1625449482.0,64.0
-41.64,1625449482.0,64.0
-45.15,1625449482.0,64.0
-48.01,1625449482.0,64.0
-49.62,1625449482.0,64.0
-49.44,1625449482.0,64.0
-47.17,1625449482.0,64.0
-42.91,1625449482.0,64.0
-37.1,1625449482.0,64.0
-30.34,1625449482.0,64.0
-23.14,1625449482.0,64.0
-15.82,1625449482.0,64.0
-8.42,1625449482.0,64.0
-0.94,1625449482.0,64.0
6.5,1625449482.0,64.0
13.56,1625449482.0,64.0
19.7,1625449482.0,64.0
24.41,1625449482.0,64.0
27.46,1625449482.0,64.0
29.0,1625449482.0,64.0
29.51,1625449482.0,64.0
29.65,1625449482.0,64.0
29.93,1625449482.0,64.0
30.54,1625449482.0,64.0
31.31,1625449482.0,64.0
31.85,1625449482.0,64.0
31.76,1625449482.0,64.0
30.82,1625449482.0,64.0
29.09,1625449482.0,64.0
26.83,1625449482.0,64.0
24.34,1625449482.0,64.0
21.78,1625449482.0,64.0
19.18,1625449482.0,64.0
16.44,1625449482.0,64.0
13.45,1625449482.0,64.0
10.26,1625449482.0,64.0
7.05,1625449482.0,64.0
4.04,1625449482.0,64.0
1.39,1625449482.0,64.0
-0.9,1625449482.0,64.0
-2.96,1625449482.0,64.0
-4.99,1625449482.0,64.0
-7.16,1625449482.0,64.0
-9.54,1625449482.0,64.0
-12.07,1625449482.0,64.0
-14.63,1625449482.0,64.0
-17.15,1625449482.0,64.0
-19.59,1625449482.0,64.0
-21.99,1625449482.0,64.0
-24.43,1625449482.0,64.0
-26.99,1625449482.0,64.0
-29.75,1625449482.0,64.0
-32.76,1625449482.0,64.0
-35.98,1625449482.0,64.0
-39.27,1625449482.0,64.0
-42.31,1625449482.0,64.0
-44.63,1625449482.0,64.0
-45.66,1625449482.0,64.0
-44.94,1625449482.0,64.0
-42.18,1625449482.0,64.0
-37.48,1625449482.0,64.0
-31.27,1625449482.0,64.0
-24.15,1625449482.0,64.0
-16.7,1625449482.0,64.0
-9.29,1625449482.0,64.0
-2.0,1625449482.0,64.0
5.18,1625449482.0,64.0
12.17,1625449482.0,64.0
18.58,1625449482.0,64.0
23.85,1625449482.0,64.0
27.43,1625449482.0,64.0
29.16,1625449482.0,64.0
29.38,1625449482.0,64.0
28.89,1625449482.0,64.0
28.56,1625449482.0,64.0
28.94,1625449482.0,64.0
30.01,1625449482.0,64.0
31.23,1625449482.0,64.0
31.95,1625449482.0,64.0
31.73,1625449482.0,64.0
30.55,1625449482.0,64.0
28.74,1625449482.0,64.0
26.77,1625449482.0,64.0
24.84,1625449482.0,64.0
22.95,1625449482.0,64.0
20.92,1625449482.0,64.0
18.57,1625449482.0,64.0
15.97,1625449482.0,64.0
13.36,1625449482.0,64.0
11.04,1625449482.0,64.0
9.1,1625449482.0,64.0
7.47,1625449482.0,64.0
5.89,1625449482.0,64.0
4.12,1625449482.0,64.0
2.09,1625449482.0,64.0
-0.12,1625449482.0,64.0
-2.29,1625449482.0,64.0
-4.28,1625449482.0,64.0
-6.07,1625449482.0,64.0
-7.75,1625449482.0,64.0
-9.46,1625449482.0,64.0
-11.34,1625449482.0,64.0
-13.48,1625449482.0,64.0
-15.94,1625449482.0,64.0
-18.77,1625449482.0,64.0
-21.94,1625449482.0,64.0
-25.23,1625449482.0,64.0
-28.24,1625449482.0,64.0
-30.36,1625449482.0,64.0
-30.95,1625449482.0,64.0
-29.58,1625449482.0,64.0
-26.19,1625449482.0,64.0
-21.1,1625449482.0,64.0
-14.9,1625449482.0,64.0
-8.26,1625449482.0,64.0
-1.71,1625449482.0,64.0
4.46,1625449482.0,64.0
10.13,1625449482.0,64.0
15.24,1625449482.0,64.0
19.65,1625449482.0,64.0
23.18,1625449482.0,64.0
25.64,1625449482.0,64.0
27.05,1625449482.0,64.0
27.68,1625449482.0,64.0
27.99,1625449482.0,64.0
28.42,1625449482.0,64.0
29.2,1625449482.0,64.0
30.23,1625449482.0,64.0
31.19,1625449482.0,64.0
31.68,1625449482.0,64.0
31.49,1625449482.0,64.0
30.57,1625449482.0,64.0
29.06,1625449482.0,64.0
27.13,1625449482.0,64.0
24.86,1625449482.0,64.0
22.25,1625449482.0,64.0
19.33,1625449482.0,64.0
16.17,1625449482.0,64.0
12.91,1625449482.0,64.0
9.68,1625449482.0,64.0
6.49,1625449482.0,64.0
3.28,1625449482.0,64.0
-0.04,1625449482.0,64.0
-3.51,1625449482.0,64.0
-7.03,1625449482.0,64.0
-10.42,1625449482.0,64.0
-13.51,1625449482.0,64.0
-16.31,1625449482.0,64.0
-18.92,1625449482.0,64.0
-21.57,1625449482.0,64.0
-24.42,1625449482.0,64.0
-27.54,1625449482.0,64.0
-30.96,1625449482.0,64.0
-34.72,1625449482.0,64.0
-38.81,1625449482.0,64.0
-43.16,1625449482.0,64.0
-47.44,1625449482.0,64.0
-51.02,1625449482.0,64.0
-53.06,1625449482.0,64.0
-52.83,1625449482.0,64.0
-49.99,1625449482.0,64.0
-44.74,1625449482.0,64.0
-37.78,1625449482.0,64.0
-29.95,1625449482.0,64.0
-21.93,1625449482.0,64.0
-14.03,1625449482.0,64.0
-6.27,1625449482.0,64.0
1.35,1625449482.0,64.0
8.66,1625449482.0,64.0
15.21,1625449482.0,64.0
20.42,1625449482.0,64.0
23.86,1625449482.0,64.0
25.52,1625449482.0,64.0
25.79,1625449482.0,64.0
25.44,1625449482.0,64.0
25.23,1625449482.0,64.0
25.63,1625449482.0,64.0
26.65,1625449482.0,64.0
27.92,1625449482.0,64.0
28.86,1625449482.0,64.0
29.03,1625449482.0,64.0
28.28,1625449482.0,64.0
26.77,1625449482.0,64.0
24.83,1625449482.0,64.0
22.74,1625449482.0,64.0
20.62,1625449482.0,64.0
18.39,1625449482.0,64.0
15.9,1625449482.0,64.0
13.09,1625449482.0,64.0
10.04,1625449482.0,64.0
6.95,1625449482.0,64.0
3.96,1625449482.0,64.0
1.12,1625449482.0,64.0
-1.68,1625449482.0,64.0
-4.59,1625449482.0,64.0
-7.68,1625449482.0,64.0
-10.9,1625449482.0,64.0
-14.12,1625449482.0,64.0
-17.19,1625449482.0,64.0
-20.04,1625449482.0,64.0
-22.77,1625449482.0,64.0
-25.56,1625449482.0,64.0
-28.63,1625449482.0,64.0
-32.14,1625449482.0,64.0
-36.02,1625449482.0,64.0
-39.99,1625449482.0,64.0
-43.45,1625449482.0,64.0
-45.69,1625449482.0,64.0
-46.03,1625449482.0,64.0
-44.11,1625449482.0,64.0
-39.98,1625449482.0,64.0
-34.14,1625449482.0,64.0
-27.27,1625449482.0,64.0
-20.03,1625449482.0,64.0
-12.75,1625449482.0,64.0
-5.49,1625449482.0,64.0
1.77,1625449482.0,64.0
8.93,1625449482.0,64.0
15.59,1625449482.0,64.0
21.14,1625449482.0,64.0
25.1,1625449482.0,64.0
27.33,1625449482.0,64.0
28.21,1625449482.0,64.0
28.45,1625449482.0,64.0
28.75,1625449482.0,64.0
29.51,1625449482.0,64.0
30.62,1625449482.0,64.0
31.64,1625449482.0,64.0
32.08,1625449482.0,64.0
31.69,1625449482.0,64.0
30.5,1625449482.0,64.0
28.79,1625449482.0,64.0
26.75,1625449482.0,64.0
24.47,1625449482.0,64.0
21.86,1625449482.0,64.0
18.8,1625449482.0,64.0
15.36,1625449482.0,64.0
11.71,1625449482.0,64.0
8.14,1625449482.0,64.0
4.88,1625449482.0,64.0
2.03,1625449482.0,64.0
-0.52,1625449482.0,64.0
-2.93,1625449482.0,64.0
-5.38,1625449482.0,64.0
-7.94,1625449482.0,64.0
-10.58,1625449482.0,64.0
-13.22,1625449482.0,64.0
-15.81,1625449482.0,64.0
-18.39,1625449482.0,64.0
-21.1,1625449482.0,64.0
-24.19,1625449482.0,64.0
-27.87,1625449482.0,64.0
-32.2,1625449482.0,64.0
-37.01,1625449482.0,64.0
-41.77,1625449482.0,64.0
-45.77,1625449482.0,64.0
-48.26,1625449482.0,64.0
-48.62,1625449482.0,64.0
-46.65,1625449482.0,64.0
-42.5,1625449482.0,64.0
-36.63,1625449482.0,64.0
-29.58,1625449482.0,64.0
-21.79,1625449482.0,64.0
-13.5,1625449482.0,64.0
-4.84,1625449482.0,64.0
3.96,1625449482.0,64.0
12.48,1625449482.0,64.0
20.03,1625449482.0,64.0
25.92,1625449482.0,64.0
29.7,1625449482.0,64.0
31.42,1625449482.0,64.0
31.65,1625449482.0,64.0
31.27,1625449482.0,64.0
31.14,1625449482.0,64.0
31.62,1625449482.0,64.0
32.57,1625449482.0,64.0
33.43,1625449482.0,64.0
33.55,1625449482.0,64.0
32.55,1625449482.0,64.0
30.41,1625449482.0,64.0
27.48,1625449482.0,64.0
24.25,1625449482.0,64.0
21.13,1625449482.0,64.0
18.29,1625449482.0,64.0
15.65,1625449482.0,64.0
13.08,1625449482.0,64.0
10.45,1625449482.0,64.0
7.74,1625449482.0,64.0
4.98,1625449482.0,64.0
2.3,1625449482.0,64.0
-0.27,1625449482.0,64.0
-2.71,1625449482.0,64.0
-5.1,1625449482.0,64.0
-7.51,1625449482.0,64.0
-10.02,1625449482.0,64.0
-12.63,1625449482.0,64.0
-15.26,1625449482.0,64.0
-17.83,1625449482.0,64.0
-20.21,1625449482.0,64.0
-22.41,1625449482.0,64.0
-24.59,1625449482.0,64.0
-27.01,1625449482.0,64.0
-29.89,1625449482.0,64.0
-33.29,1625449482.0,64.0
-36.9,1625449482.0,64.0
-40.04,1625449482.0,64.0
-41.89,1625449482.0,64.0
-41.73,1625449482.0,64.0
-39.25,1625449482.0,64.0
-34.63,1625449482.0,64.0
-28.43,1625449482.0,64.0
-21.35,1625449482.0,64.0
-13.92,1625449482.0,64.0
-6.46,1625449482.0,64.0
0.94,1625449482.0,64.0
8.17,1625449482.0,64.0
14.93,1625449482.0,64.0
20.77,1625449482.0,64.0
25.21,1625449482.0,64.0
28.01,1625449482.0,64.0
29.35,1625449482.0,64.0
29.77,1625449482.0,64.0
30.01,1625449482.0,64.0
30.67,1625449482.0,64.0
31.92,1625449482.0,64.0
33.5,1625449482.0,64.0
34.84,1625449482.0,64.0
35.38,1625449482.0,64.0
34.87,1625449482.0,64.0
33.41,1625449482.0,64.0
31.35,1625449482.0,64.0
29.11,1625449482.0,64.0
26.9,1625449482.0,64.0
24.72,1625449482.0,64.0
22.41,1625449482.0,64.0
19.86,1625449482.0,64.0
17.08,1625449482.0,64.0
14.26,1625449482.0,64.0
11.58,1625449482.0,64.0
9.2,1625449482.0,64.0
7.14,1625449482.0,64.0
5.27,1625449482.0,64.0
3.43,1625449482.0,64.0
1.51,1625449482.0,64.0
-0.56,1625449482.0,64.0
-2.8,1625449482.0,64.0
-5.17,1625449482.0,64.0
-7.71,1625449482.0,64.0
-10.43,1625449482.0,64.0
-13.43,1625449482.0,64.0
-16.85,1625449482.0,64.0
-20.73,1625449482.0,64.0
-25.0,1625449482.0,64.0
-29.33,1625449482.0,64.0
-33.13,1625449482.0,64.0
-35.64,1625449482.0,64.0
-36.19,1625449482.0,64.0
-34.38,1625449482.0,64.0
-30.25,1625449482.0,64.0
-24.21,1625449482.0,64.0
-16.92,1625449482.0,64.0
-8.99,1625449482.0,64.0
-0.92,1625449482.0,64.0
7.05,1625449482.0,64.0
14.71,1625449482.0,64.0
21.77,1625449482.0,64.0
27.85,1625449482.0,64.0
32.47,1625449482.0,64.0
35.28,1625449482.0,64.0
36.34,1625449482.0,64.0
36.05,1625449482.0,64.0
35.1,1625449482.0,64.0
34.15,1625449482.0,64.0
33.6,1625449482.0,64.0
33.45,1625449482.0,64.0
33.36,1625449482.0,64.0
32.92,1625449482.0,64.0
31.82,1625449482.0,64.0
30.05,1625449482.0,64.0
27.84,1625449482.0,64.0
25.44,1625449482.0,64.0
23.02,1625449482.0,64.0
20.57,1625449482.0,64.0
18.01,1625449482.0,64.0
15.25,1625449482.0,64.0
12.4,1625449482.0,64.0
9.62,1625449482.0,64.0
7.09,1625449482.0,64.0
4.85,1625449482.0,64.0
2.77,1625449482.0,64.0
0.61,1625449482.0,64.0
-1.89,1625449482.0,64.0
-4.79,1625449482.0,64.0
-8.05,1625449482.0,64.0
-11.5,1625449482.0,64.0
-15.01,1625449482.0,64.0
-18.53,1625449482.0,64.0
-22.11,1625449482.0,64.0
-25.87,1625449482.0,64.0
-29.89,1625449482.0,64.0
-34.19,1625449482.0,64.0
-38.63,1625449482.0,64.0
-42.98,1625449482.0,64.0
-46.84,1625449482.0,64.0
-49.68,1625449482.0,64.0
-51.0,1625449482.0,64.0
-50.38,1625449482.0,64.0
-47.62,1625449482.0,64.0
-42.8,1625449482.0,64.0
-36.33,1625449482.0,64.0
-28.73,1625449482.0,64.0
-20.55,1625449482.0,64.0
-12.19,1625449482.0,64.0
-3.87,1625449482.0,64.0
4.23,1625449482.0,64.0
11.88,1625449482.0,64.0
18.72,1625449482.0,64.0
24.38,1625449482.0,64.0
28.56,1625449482.0,64.0
31.31,1625449482.0,64.0
32.95,1625449482.0,64.0
34.05,1625449482.0,64.0
35.09,1625449482.0,64.0
36.28,1625449482.0,64.0
37.49,1625449482.0,64.0
38.31,1625449482.0,64.0
38.3,1625449482.0,64.0
37.22,1625449482.0,64.0
35.16,1625449482.0,64.0
32.47,1625449482.0,64.0
29.58,1625449482.0,64.0
26.83,1625449482.0,64.0
24.25,1625449482.0,64.0
21.64,1625449482.0,64.0
18.71,1625449482.0,64.0
15.28,1625449482.0,64.0
11.45,1625449482.0,64.0
7.56,1625449482.0,64.0
4.01,1625449482.0,64.0
1.0,1625449482.0,64.0
-1.58,1625449482.0,64.0
-4.1,1625449482.0,64.0
-6.95,1625449482.0,64.0
-10.31,1625449482.0,64.0
-14.06,1625449482.0,64.0
-17.84,1625449482.0,64.0
-21.32,1625449482.0,64.0
-24.41,1625449482.0,64.0
-27.28,1625449482.0,64.0
-30.22,1625449482.0,64.0
-33.56,1625449482.0,64.0
-37.4,1625449482.0,64.0
-41.66,1625449482.0,64.0
-46.05,1625449482.0,64.0
-50.13,1625449482.0,64.0
-53.38,1625449482.0,64.0
-55.2,1625449482.0,64.0
-55.12,1625449482.0,64.0
-52.8,1625449482.0,64.0
-48.32,1625449482.0,64.0
-42.02,1625449482.0,64.0
-34.45,1625449482.0,64.0
-26.17,1625449482.0,64.0
-17.6,1625449482.0,64.0
-8.93,1625449482.0,64.0
-0.27,1625449482.0,64.0
8.26,1625449482.0,64.0
16.35,1625449482.0,64.0
23.51,1625449482.0,64.0
29.23,1625449482.0,64.0
33.1,1625449482.0,64.0
35.09,1625449482.0,64.0
35.49,1625449482.0,64.0
34.91,1625449482.0,64.0
33.99,1625449482.0,64.0
33.2,1625449482.0,64.0
32.72,1625449482.0,64.0
32.44,1625449482.0,64.0
32.09,1625449482.0,64.0
31.4,1625449482.0,64.0
30.26,1625449482.0,64.0
28.71,1625449482.0,64.0
26.88,1625449482.0,64.0
24.88,1625449482.0,64.0
22.72,1625449482.0,64.0
20.32,1625449482.0,64.0
17.56,1625449482.0,64.0
14.36,1625449482.0,64.0
10.79,1625449482.0,64.0
7.03,1625449482.0,64.0
3.4,1625449482.0,64.0
0.14,1625449482.0,64.0
-2.64,1625449482.0,64.0
-5.06,1625449482.0,64.0
-7.44,1625449482.0,64.0
-10.06,1625449482.0,64.0
-13.01,1625449482.0,64.0
-16.17,1625449482.0,64.0
-19.17,1625449482.0,64.0
-21.71,1625449482.0,64.0
-23.68,1625449482.0,64.0
-25.28,1625449482.0,64.0
-26.9,1625449482.0,64.0
-28.93,1625449482.0,64.0
-31.61,1625449482.0,64.0
-34.95,1625449482.0,64.0
-38.8,1625449482.0,64.0
-42.95,1625449482.0,64.0
-47.13,1625449482.0,64.0
-50.94,1625449482.0,64.0
-53.81,1625449482.0,64.0
-55.07,1625449482.0,64.0
-54.17,1625449482.0,64.0
-50.9,1625449482.0,64.0
-45.53,1625449482.0,64.0
-38.69,1625449482.0,64.0
-31.13,1625449482.0,64.0
-23.4,1625449482.0,64.0
-15.7,1625449482.0,64.0
-7.98,1625449482.0,64.0
-0.15,1625449482.0,64.0
7.66,1625449482.0,64.0
15.05,1625449482.0,64.0
21.39,1625449482.0,64.0
26.16,1625449482.0,64.0
29.14,1625449482.0,64.0
30.57,1625449482.0,64.0
31.08,1625449482.0,64.0
31.36,1625449482.0,64.0
31.95,1625449482.0,64.0
32.98,1625449482.0,64.0
34.18,1625449482.0,64.0
35.08,1625449482.0,64.0
35.29,1625449482.0,64.0
34.68,1625449482.0,64.0
33.46,1625449482.0,64.0
31.94,1625449482.0,64.0
30.34,1625449482.0,64.0
28.61,1625449482.0,64.0
26.51,1625449482.0,64.0
23.69,1625449482.0,64.0
20.06,1625449482.0,64.0
15.85,1625449482.0,64.0
11.53,1625449482.0,64.0
7.68,1625449482.0,64.0
4.68,1625449482.0,64.0
2.57,1625449482.0,64.0
1.1,1625449482.0,64.0
-0.09,1625449482.0,64.0
-1.31,1625449482.0,64.0
-2.67,1625449482.0,64.0
-4.12,1625449482.0,64.0
-5.51,1625449482.0,64.0
-6.76,1625449482.0,64.0
-7.92,1625449482.0,64.0
-9.14,1625449482.0,64.0
-10.62,1625449482.0,64.0
-12.49,1625449482.0,64.0
-14.85,1625449482.0,64.0
-17.69,1625449482.0,64.0
-20.94,1625449482.0,64.0
-24.49,1625449482.0,64.0
-28.14,1625449482.0,64.0
-31.59,1625449482.0,64.0
-34.37,1625449482.0,64.0
-35.95,1625449482.0,64.0
-35.83,1625449482.0,64.0
-33.76,1625449482.0,64.0
-29.79,1625449482.0,64.0
-24.37,1625449482.0,64.0
-18.1,1625449482.0,64.0
-11.52,1625449482.0,64.0
-4.93,1625449482.0,64.0
1.66,1625449482.0,64.0
8.34,1625449482.0,64.0
15.03,1625449482.0,64.0
21.31,1625449482.0,64.0
26.52,1625449482.0,64.0
30.01,1625449482.0,64.0
31.51,1625449482.0,64.0
31.32,1625449482.0,64.0
30.15,1625449482.0,64.0
28.82,1625449482.0,64.0
27.87,1625449482.0,64.0
27.37,1625449482.0,64.0
27.0,1625449482.0,64.0
26.37,1625449482.0,64.0
25.27,1625449482.0,64.0
23.83,1625449482.0,64.0
22.36,1625449482.0,64.0
21.1,1625449482.0,64.0
20.07,1625449482.0,64.0
19.03,1625449482.0,64.0
17.61,1625449482.0,64.0
15.61,1625449482.0,64.0
13.06,1625449482.0,64.0
10.25,1625449482.0,64.0
7.56,1625449482.0,64.0
5.25,1625449482.0,64.0
3.35,1625449482.0,64.0
1.68,1625449482.0,64.0
-0.1,1625449482.0,64.0
-2.28,1625449482.0,64.0
-4.99,1625449482.0,64.0
-8.1,1625449482.0,64.0
-11.33,1625449482.0,64.0
-14.35,1625449482.0,64.0
-16.96,1625449482.0,64.0
-19.18,1625449482.0,64.0
-21.22,1625449482.0,64.0
-23.41,1625449482.0,64.0
-26.06,1625449482.0,64.0
-29.36,1625449482.0,64.0
-33.28,1625449482.0,64.0
-37.61,1625449482.0,64.0
-41.96,1625449482.0,64.0
-45.77,1625449482.0,64.0
-48.42,1625449482.0,64.0
-49.35,1625449482.0,64.0
-48.21,1625449482.0,64.0
-44.96,1625449482.0,64.0
-39.98,1625449482.0,64.0
-33.87,1625449482.0,64.0
-27.31,1625449482.0,64.0
-20.74,1625449482.0,64.0
-14.31,1625449482.0,64.0
-7.9,1625449482.0,64.0
-1.35,1625449482.0,64.0
5.32,1625449482.0,64.0
11.84,1625449482.0,64.0
17.69,1625449482.0,64.0
22.36,1625449482.0,64.0
25.58,1625449482.0,64.0
27.41,1625449482.0,64.0
28.23,1625449482.0,64.0
28.57,1625449482.0,64.0
28.85,1625449482.0,64.0
29.24,1625449482.0,64.0
29.66,1625449482.0,64.0
29.89,1625449482.0,64.0
29.69,1625449482.0,64.0
28.98,1625449482.0,64.0
27.81,1625449482.0,64.0
26.34,1625449482.0,64.0
24.69,1625449482.0,64.0
22.88,1625449482.0,64.0
20.88,1625449482.0,64.0
18.61,1625449482.0,64.0
16.11,1625449482.0,64.0
13.53,1625449482.0,64.0
11.11,1625449482.0,64.0
9.02,1625449482.0,64.0
7.29,1625449482.0,64.0
5.74,1625449482.0,64.0
4.02,1625449482.0,64.0
1.81,1625449482.0,64.0
-1.09,1625449482.0,64.0
-4.57,1625449482.0,64.0
-8.34,1625449482.0,64.0
-12.01,1625449482.0,64.0
-15.26,1625449482.0,64.0
-17.95,1625449482.0,64.0
-20.19,1625449482.0,64.0
-22.21,1625449482.0,64.0
-24.31,1625449482.0,64.0
-26.79,1625449482.0,64.0
-29.79,1625449482.0,64.0
-33.35,1625449482.0,64.0
-37.39,1625449482.0,64.0
-41.61,1625449482.0,64.0
-45.51,1625449482.0,64.0
-48.41,1625449482.0,64.0
-49.61,1625449482.0,64.0
-48.59,1625449482.0,64.0
-45.25,1625449482.0,64.0
-39.95,1625449482.0,64.0
-33.43,1625449482.0,64.0
-26.47,1625449482.0,64.0
-19.63,1625449482.0,64.0
-13.09,1625449482.0,64.0
-6.67,1625449482.0,64.0
-0.16,1625449482.0,64.0
6.5,1625449482.0,64.0
13.03,1625449482.0,64.0
18.93,1625449482.0,64.0
23.71,1625449482.0,64.0
27.09,1625449482.0,64.0
29.21,1625449482.0,64.0
30.43,1625449482.0,64.0
31.22,1625449482.0,64.0
31.93,1625449482.0,64.0
32.62,1625449482.0,64.0
33.19,1625449482.0,64.0
33.43,1625449482.0,64.0
33.21,1625449482.0,64.0
32.55,1625449482.0,64.0
31.6,1625449482.0,64.0
30.52,1625449482.0,64.0
29.37,1625449482.0,64.0
28.06,1625449482.0,64.0
26.38,1625449482.0,64.0
24.16,1625449482.0,64.0
21.39,1625449482.0,64.0
18.26,1625449482.0,64.0
15.11,1625449482.0,64.0
12.28,1625449482.0,64.0
9.94,1625449482.0,64.0
8.05,1625449482.0,64.0
6.37,1625449482.0,64.0
4.58,1625449482.0,64.0
2.38,1625449482.0,64.0
-0.34,1625449482.0,64.0
-3.49,1625449482.0,64.0
-6.86,1625449482.0,64.0
-10.15,1625449482.0,64.0
-13.16,1625449482.0,64.0
-15.88,1625449482.0,64.0
-18.42,1625449482.0,64.0
-21.03,1625449482.0,64.0
-23.91,1625449482.0,64.0
-27.19,1625449482.0,64.0
-30.87,1625449482.0,64.0
-34.86,1625449482.0,64.0
-39.02,1625449482.0,64.0
-43.15,1625449482.0,64.0
-46.93,1625449482.0,64.0
-49.85,1625449482.0,64.0
-51.27,1625449482.0,64.0
-50.64,1625449482.0,64.0
-47.66,1625449482.0,64.0
-42.54,1625449482.0,64.0
-35.89,1625449482.0,64.0
-28.51,1625449482.0,64.0
-21.04,1625449482.0,64.0
-13.74,1625449482.0,64.0
-6.54,1625449482.0,64.0
0.76,1625449482.0,64.0
8.18,1625449482.0,64.0
15.33,1625449482.0,64.0
21.54,1625449482.0,64.0
26.2,1625449482.0,64.0
29.05,1625449482.0,64.0
30.4,1625449482.0,64.0
30.94,1625449482.0,64.0
31.46,1625449482.0,64.0
32.43,1625449482.0,64.0
33.81,1625449482.0,64.0
35.18,1625449482.0,64.0
36.0,1625449482.0,64.0
35.96,1625449482.0,64.0
35.11,1625449482.0,64.0
33.79,1625449482.0,64.0
32.35,1625449482.0,64.0
30.95,1625449482.0,64.0
29.44,1625449482.0,64.0
27.56,1625449482.0,64.0
25.08,1625449482.0,64.0
22.03,1625449482.0,64.0
18.7,1625449482.0,64.0
15.5,1625449482.0,64.0
12.7,1625449482.0,64.0
10.32,1625449482.0,64.0
8.13,1625449482.0,64.0
5.78,1625449482.0,64.0
2.97,1625449482.0,64.0
-0.34,1625449482.0,64.0
-3.97,1625449482.0,64.0
-7.57,1625449482.0,64.0
-10.79,1625449482.0,64.0
-13.41,1625449482.0,64.0
-15.47,1625449482.0,64.0
-17.15,1625449482.0,64.0
-18.77,1625449482.0,64.0
-20.61,1625449482.0,64.0
-22.88,1625449482.0,64.0
-25.71,1625449482.0,64.0
-29.14,1625449482.0,64.0
-33.14,1625449482.0,64.0
-37.54,1625449482.0,64.0
-41.96,1625449482.0,64.0
-45.78,1625449482.0,64.0
-48.27,1625449482.0,64.0
-48.74,1625449482.0,64.0
-46.8,1625449482.0,64.0
-42.56,1625449482.0,64.0
-36.54,1625449482.0,64.0
-29.5,1625449482.0,64.0
-22.13,1625449482.0,64.0
-14.82,1625449482.0,64.0
-7.63,1625449482.0,64.0
-0.47,1625449482.0,64.0
6.64,1625449482.0,64.0
13.38,1625449482.0,64.0
19.17,1625449482.0,64.0
23.49,1625449482.0,64.0
26.12,1625449482.0,64.0
27.32,1625449482.0,64.0
27.7,1625449482.0,64.0
27.93,1625449482.0,64.0
28.44,1625449482.0,64.0
29.26,1625449482.0,64.0
30.09,1625449482.0,64.0
30.53,1625449482.0,64.0
30.33,1625449482.0,64.0
29.45,1625449482.0,64.0
28.08,1625449482.0,64.0
26.42,1625449482.0,64.0
24.62,1625449482.0,64.0
22.67,1625449482.0,64.0
20.55,1625449482.0,64.0
18.24,1625449482.0,64.0
15.81,1625449482.0,64.0
13.37,1625449482.0,64.0
11.06,1625449482.0,64.0
8.96,1625449482.0,64.0
7.05,1625449482.0,64.0
5.24,1625449482.0,64.0
3.39,1625449482.0,64.0
1.45,1625449482.0,64.0
-0.57,1625449482.0,64.0
-2.6,1625449482.0,64.0
-4.55,1625449482.0,64.0
-6.39,1625449482.0,64.0
-8.15,1625449482.0,64.0
-9.88,1625449482.0,64.0
-11.66,1625449482.0,64.0
-13.56,1625449482.0,64.0
-15.62,1625449482.0,64.0
-17.89,1625449482.0,64.0
-20.44,1625449482.0,64.0
-23.2,1625449482.0,64.0
-25.97,1625449482.0,64.0
-28.25,1625449482.0,64.0
-29.42,1625449482.0,64.0
-28.9,1625449482.0,64.0
-26.4,1625449482.0,64.0
-22.02,1625449482.0,64.0
-16.29,1625449482.0,64.0
-9.88,1625449482.0,64.0
-3.36,1625449482.0,64.0
2.95,1625449482.0,64.0
8.98,1625449482.0,64.0
14.68,1625449482.0,64.0
19.87,1625449482.0,64.0
24.22,1625449482.0,64.0
27.31,1625449482.0,64.0
28.92,1625449482.0,64.0
29.2,1625449482.0,64.0
28.64,1625449482.0,64.0
27.91,1625449482.0,64.0
27.55,1625449482.0,64.0
27.76,1625449482.0,64.0
28.38,1625449482.0,64.0
29.0,1625449482.0,64.0
29.18,1625449482.0,64.0
28.61,1625449482.0,64.0
27.25,1625449482.0,64.0
25.21,1625449482.0,64.0
22.71,1625449482.0,64.0
20.01,1625449482.0,64.0
17.3,1625449482.0,64.0
14.72,1625449482.0,64.0
12.39,1625449482.0,64.0
10.34,1625449482.0,64.0
8.49,1625449482.0,64.0
6.71,1625449482.0,64.0
4.77,1625449482.0,64.0
2.52,1625449482.0,64.0
-0.09,1625449482.0,64.0
-2.94,1625449482.0,64.0
-5.93,1625449482.0,64.0
-8.94,1625449482.0,64.0
-12.0,1625449482.0,64.0
-15.17,1625449482.0,64.0
-18.57,1625449482.0,64.0
-22.28,1625449482.0,64.0
-26.26,1625449482.0,64.0
-30.43,1625449482.0,64.0
-34.58,1625449482.0,64.0
-38.39,1625449482.0,64.0
-41.47,1625449482.0,64.0
-43.31,1625449482.0,64.0
-43.48,1625449482.0,64.0
-41.67,1625449482.0,64.0
-37.93,1625449482.0,64.0
-32.59,1625449482.0,64.0
-26.24,1625449482.0,64.0
-19.5,1625449482.0,64.0
-12.77,1625449482.0,64.0
-6.27,1625449482.0,64.0
0.04,1625449482.0,64.0
6.17,1625449482.0,64.0
12.07,1625449482.0,64.0
17.42,1625449482.0,64.0
21.85,1625449482.0,64.0
25.03,1625449482.0,64.0
26.85,1625449482.0,64.0
27.55,1625449482.0,64.0
27.59,1625449482.0,64.0
27.45,1625449482.0,64.0
27.43,1625449482.0,64.0
27.54,1625449482.0,64.0
27.49,1625449482.0,64.0
26.97,1625449482.0,64.0
25.8,1625449482.0,64.0
24.05,1625449482.0,64.0
22.01,1625449482.0,64.0
19.99,1625449482.0,64.0
18.15,1625449482.0,64.0
16.47,1625449482.0,64.0
14.76,1625449482.0,64.0
12.86,1625449482.0,64.0
10.71,1625449482.0,64.0
8.4,1625449482.0,64.0
6.03,1625449482.0,64.0
3.66,1625449482.0,64.0
1.2,1625449482.0,64.0
-1.45,1625449482.0,64.0
-4.4,1625449482.0,64.0
-7.68,1625449482.0,64.0
-11.14,1625449482.0,64.0
-14.61,1625449482.0,64.0
-17.93,1625449482.0,64.0
-21.06,1625449482.0,64.0
-24.07,1625449482.0,64.0
-27.16,1625449482.0,64.0
-30.52,1625449482.0,64.0
-34.23,1625449482.0,64.0
-38.23,1625449482.0,64.0
-42.1,1625449482.0,64.0
-45.2,1625449482.0,64.0
-46.78,1625449482.0,64.0
-46.29,1625449482.0,64.0
-43.5,1625449482.0,64.0
-38.64,1625449482.0,64.0
-32.32,1625449482.0,64.0
-25.27,1625449482.0,64.0
-18.1,1625449482.0,64.0
-11.13,1625449482.0,64.0
-4.43,1625449482.0,64.0
2.09,1625449482.0,64.0
8.43,1625449482.0,64.0
14.36,1625449482.0,64.0
19.54,1625449482.0,64.0
23.48,1625449482.0,64.0
25.94,1625449482.0,64.0
26.94,1625449482.0,64.0
26.88,1625449482.0,64.0
26.36,1625449482.0,64.0
25.98,1625449482.0,64.0
26.1,1625449482.0,64.0
26.69,1625449482.0,64.0
27.41,1625449482.0,64.0
27.81,1625449482.0,64.0
27.56,1625449482.0,64.0
26.59,1625449482.0,64.0
25.05,1625449482.0,64.0
23.15,1625449482.0,64.0
21.04,1625449482.0,64.0
18.68,1625449482.0,64.0
16.03,1625449482.0,64.0
13.1,1625449482.0,64.0
10.06,1625449482.0,64.0
7.18,1625449482.0,64.0
4.71,1625449482.0,64.0
2.67,1625449482.0,64.0
0.91,1625449482.0,64.0
-0.86,1625449482.0,64.0
-2.91,1625449482.0,64.0
-5.31,1625449482.0,64.0
-7.93,1625449482.0,64.0
-10.57,1625449482.0,64.0
-13.1,1625449482.0,64.0
-15.52,1625449482.0,64.0
-18.04,1625449482.0,64.0
-20.93,1625449482.0,64.0
-24.46,1625449482.0,64.0
-28.73,1625449482.0,64.0
-33.58,1625449482.0,64.0
-38.61,1625449482.0,64.0
-43.15,1625449482.0,64.0
-46.45,1625449482.0,64.0
-47.81,1625449482.0,64.0
-46.83,1625449482.0,64.0
-43.53,1625449482.0,64.0
-38.31,1625449482.0,64.0
-31.83,1625449482.0,64.0
-24.75,1625449482.0,64.0
-17.57,1625449482.0,64.0
-10.44,1625449482.0,64.0
-3.37,1625449482.0,64.0
3.66,1625449482.0,64.0
10.41,1625449482.0,64.0
16.45,1625449482.0,64.0
21.24,1625449482.0,64.0
24.44,1625449482.0,64.0
26.11,1625449482.0,64.0
26.67,1625449482.0,64.0
26.77,1625449482.0,64.0
26.99,1625449482.0,64.0
27.56,1625449482.0,64.0
28.38,1625449482.0,64.0
29.09,1625449482.0,64.0
29.35,1625449482.0,64.0
28.97,1625449482.0,64.0
28.0,1625449482.0,64.0
26.6,1625449482.0,64.0
24.96,1625449482.0,64.0
23.14,1625449482.0,64.0
21.12,1625449482.0,64.0
18.8,1625449482.0,64.0
16.15,1625449482.0,64.0
13.3,1625449482.0,64.0
10.43,1625449482.0,64.0
7.75,1625449482.0,64.0
5.39,1625449482.0,64.0
3.25,1625449482.0,64.0
1.18,1625449482.0,64.0
-1.02,1625449482.0,64.0
-3.46,1625449482.0,64.0
-6.12,1625449482.0,64.0
-8.88,1625449482.0,64.0
-11.59,1625449482.0,64.0
-14.16,1625449482.0,64.0
-16.52,1625449482.0,64.0
-18.76,1625449482.0,64.0
-21.06,1625449482.0,64.0
-23.66,1625449482.0,64.0
-26.78,1625449482.0,64.0
-30.51,1625449482.0,64.0
-34.65,1625449482.0,64.0
-38.67,1625449482.0,64.0
-41.79,1625449482.0,64.0
-43.22,1625449482.0,64.0
-42.47,1625449482.0,64.0
-39.46,1625449482.0,64.0
-34.53,1625449482.0,64.0
-28.28,1625449482.0,64.0
-21.35,1625449482.0,64.0
-14.2,1625449482.0,64.0
-7.09,1625449482.0,64.0
-0.14,1625449482.0,64.0
6.51,1625449482.0,64.0
12.59,1625449482.0,64.0
17.75,1625449482.0,64.0
21.68,1625449482.0,64.0
24.27,1625449482.0,64.0
25.71,1625449482.0,64.0
26.43,1625449482.0,64.0
26.92,1625449482.0,64.0
27.61,1625449482.0,64.0
28.64,1625449482.0,64.0
29.85,1625449482.0,64.0
30.94,1625449482.0,64.0
31.53,1625449482.0,64.0
31.38,1625449482.0,64.0
30.43,1625449482.0,64.0
28.78,1625449482.0,64.0
26.56,1625449482.0,64.0
23.9,1625449482.0,64.0
20.86,1625449482.0,64.0
17.52,1625449482.0,64.0
14.0,1625449482.0,64.0
10.46,1625449482.0,64.0
7.11,1625449482.0,64.0
4.09,1625449482.0,64.0
1.45,1625449482.0,64.0
-0.97,1625449482.0,64.0
-3.34,1625449482.0,64.0
-5.78,1625449482.0,64.0
-8.31,1625449482.0,64.0
-10.76,1625449482.0,64.0
-13.0,1625449482.0,64.0
-14.89,1625449482.0,64.0
-16.49,1625449482.0,64.0
-17.96,1625449482.0,64.0
-19.53,1625449482.0,64.0
-21.49,1625449482.0,64.0
-24.07,1625449482.0,64.0
-27.4,1625449482.0,64.0
-31.42,1625449482.0,64.0
-35.83,1625449482.0,64.0
-40.07,1625449482.0,64.0
-43.44,1625449482.0,64.0
-45.22,1625449482.0,64.0
-44.88,1625449482.0,64.0
-42.24,1625449482.0,64.0
-37.51,1625449482.0,64.0
-31.19,1625449482.0,64.0
-23.9,1625449482.0,64.0
-16.23,1625449482.0,64.0
-8.59,1625449482.0,64.0
-1.24,1625449482.0,64.0
5.65,1625449482.0,64.0
11.88,1625449482.0,64.0
17.25,1625449482.0,64.0
21.55,1625449482.0,64.0
24.74,1625449482.0,64.0
27.05,1625449482.0,64.0
28.89,1625449482.0,64.0
30.8,1625449482.0,64.0
33.14,1625449482.0,64.0
35.87,1625449482.0,64.0
38.57,1625449482.0,64.0
40.63,1625449482.0,64.0
41.51,1625449482.0,64.0
41.0,1625449482.0,64.0
39.24,1625449482.0,64.0
36.63,1625449482.0,64.0
33.6,1625449482.0,64.0
30.42,1625449482.0,64.0
27.19,1625449482.0,64.0
23.87,1625449482.0,64.0
20.46,1625449482.0,64.0
17.1,1625449482.0,64.0
13.99,1625449482.0,64.0
11.36,1625449482.0,64.0
9.26,1625449482.0,64.0
7.62,1625449482.0,64.0
6.15,1625449482.0,64.0
4.61,1625449482.0,64.0
2.84,1625449482.0,64.0
0.85,1625449482.0,64.0
-1.22,1625449482.0,64.0
-3.26,1625449482.0,64.0
-5.29,1625449482.0,64.0
-7.6,1625449482.0,64.0
-10.62,1625449482.0,64.0
-14.67,1625449482.0,64.0
-19.74,1625449482.0,64.0
-25.36,1625449482.0,64.0
-30.71,1625449482.0,64.0
-34.88,1625449482.0,64.0
-37.15,1625449482.0,64.0
-37.17,1625449482.0,64.0
-34.99,1625449482.0,64.0
-30.91,1625449482.0,64.0
-25.3,1625449482.0,64.0
-18.53,1625449482.0,64.0
-10.97,1625449482.0,64.0
-3.03,1625449482.0,64.0
4.81,1625449482.0,64.0
12.05,1625449482.0,64.0
18.25,1625449482.0,64.0
23.09,1625449482.0,64.0
26.38,1625449482.0,64.0
28.11,1625449482.0,64.0
28.43,1625449482.0,64.0
27.77,1625449482.0,64.0
26.63,1625449482.0,64.0
25.56,1625449482.0,64.0
24.89,1625449482.0,64.0
24.62,1625449482.0,64.0
24.51,1625449482.0,64.0
24.2,1625449482.0,64.0
23.51,1625449482.0,64.0
22.48,1625449482.0,64.0
21.3,1625449482.0,64.0
20.07,1625449482.0,64.0
18.67,1625449482.0,64.0
16.76,1625449482.0,64.0
14.08,1625449482.0,64.0
10.66,1625449482.0,64.0
6.83,1625449482.0,64.0
3.09,1625449482.0,64.0
-0.18,1625449482.0,64.0
-2.89,1625449482.0,64.0
-5.33,1625449482.0,64.0
-7.83,1625449482.0,64.0
-10.6,1625449482.0,64.0
-13.61,1625449482.0,64.0
-16.66,1625449482.0,64.0
-19.57,1625449482.0,64.0
-22.35,1625449482.0,64.0
-25.17,1625449482.0,64.0
-28.32,1625449482.0,64.0
-32.04,1625449482.0,64.0
-36.42,1625449482.0,64.0
-41.31,1625449482.0,64.0
-46.32,1625449482.0,64.0
-50.82,1625449482.0,64.0
-54.03,1625449482.0,64.0
-55.2,1625449482.0,64.0
-53.84,1625449482.0,64.0
-49.87,1625449482.0,64.0
-43.67,1625449482.0,64.0
-35.98,1625449482.0,64.0
-27.59,1625449482.0,64.0
-19.1,1625449482.0,64.0
-10.81,1625449482.0,64.0
-2.77,1625449482.0,64.0
5.05,1625449482.0,64.0
12.51,1625449482.0,64.0
19.32,1625449482.0,64.0
25.02,1625449482.0,64.0
29.24,1625449482.0,64.0
31.85,1625449482.0,64.0
33.06,1625449482.0,64.0
33.31,1625449482.0,64.0
33.14,1625449482.0,64.0
32.92,1625449482.0,64.0
32.76,1625449482.0,64.0
32.49,1625449482.0,64.0
31.81,1625449482.0,64.0
30.44,1625449482.0,64.0
28.29,1625449482.0,64.0
25.52,1625449482.0,64.0
22.4,1625449482.0,64.0
19.22,1625449482.0,64.0
16.13,1625449482.0,64.0
13.17,1625449482.0,64.0
10.26,1625449482.0,64.0
7.33,1625449482.0,64.0
4.4,1625449482.0,64.0
1.54,1625449482.0,64.0
-1.16,1625449482.0,64.0
-3.65,1625449482.0,64.0
-5.98,1625449482.0,64.0
-8.22,1625449482.0,64.0
-10.47,1625449482.0,64.0
-12.81,1625449482.0,64.0
-15.27,1625449482.0,64.0
-17.81,1625449482.0,64.0
-20.4,1625449482.0,64.0
-23.02,1625449482.0,64.0
-25.71,1625449482.0,64.0
-28.56,1625449482.0,64.0
-31.6,1625449482.0,64.0
-34.8,1625449482.0,64.0
-37.9,1625449482.0,64.0
-40.38,1625449482.0,64.0
-41.6,1625449482.0,64.0
-40.94,1625449482.0,64.0
-38.08,1625449482.0,64.0
-33.11,1625449482.0,64.0
-26.54,1625449482.0,64.0
-19.02,1625449482.0,64.0
-11.24,1625449482.0,64.0
-3.62,1625449482.0,64.0
3.61,1625449482.0,64.0
10.33,1625449482.0,64.0
16.34,1625449482.0,64.0
21.33,1625449482.0,64.0
24.94,1625449482.0,64.0
27.01,1625449482.0,64.0
27.71,1625449482.0,64.0
27.51,1625449482.0,64.0
27.07,1625449482.0,64.0
26.97,1625449482.0,64.0
27.38,1625449482.0,64.0
28.14,1625449482.0,64.0
28.86,1625449482.0,64.0
29.13,1625449482.0,64.0
28.76,1625449482.0,64.0
27.74,1625449482.0,64.0
26.23,1625449482.0,64.0
24.34,1625449482.0,64.0
22.16,1625449482.0,64.0
19.7,1625449482.0,64.0
17.05,1625449482.0,64.0
14.32,1625449482.0,64.0
11.65,1625449482.0,64.0
9.12,1625449482.0,64.0
6.7,1625449482.0,64.0
4.28,1625449482.0,64.0
1.75,1625449482.0,64.0
-0.95,1625449482.0,64.0
-3.83,1625449482.0,64.0
-6.79,1625449482.0,64.0
-9.75,1625449482.0,64.0
-12.69,1625449482.0,64.0
-15.62,1625449482.0,64.0
-18.63,1625449482.0,64.0
-21.83,1625449482.0,64.0
-25.32,1625449482.0,64.0
-29.19,1625449482.0,64.0
-33.46,1625449482.0,64.0
-37.96,1625449482.0,64.0
-42.29,1625449482.0,64.0
-45.81,1625449482.0,64.0
-47.76,1625449482.0,64.0
-47.56,1625449482.0,64.0
-44.96,1625449482.0,64.0
-40.18,1625449482.0,64.0
-33.82,1625449482.0,64.0
-26.61,1625449482.0,64.0
-19.13,1625449482.0,64.0
-11.62,1625449482.0,64.0
-4.1,1625449482.0,64.0
3.55,1625449482.0,64.0
11.16,1625449482.0,64.0
18.27,1625449482.0,64.0
24.22,1625449482.0,64.0
28.42,1625449482.0,64.0
30.67,1625449482.0,64.0
31.29,1625449482.0,64.0
30.94,1625449482.0,64.0
30.36,1625449482.0,64.0
30.04,1625449482.0,64.0
30.08,1625449482.0,64.0
30.16,1625449482.0,64.0
29.92,1625449482.0,64.0
29.08,1625449482.0,64.0
27.64,1625449482.0,64.0
25.75,1625449482.0,64.0
23.62,1625449482.0,64.0
21.35,1625449482.0,64.0
18.91,1625449482.0,64.0
16.24,1625449482.0,64.0
13.38,1625449482.0,64.0
10.47,1625449482.0,64.0
7.75,1625449482.0,64.0
5.39,1625449482.0,64.0
3.47,1625449482.0,64.0
1.85,1625449482.0,64.0
0.33,1625449482.0,64.0
-1.34,1625449482.0,64.0
-3.31,1625449482.0,64.0
-5.71,1625449482.0,64.0
-8.52,1625449482.0,64.0
-11.68,1625449482.0,64.0
-15.04,1625449482.0,64.0
-18.44,1625449482.0,64.0
-21.78,1625449482.0,64.0
-25.06,1625449482.0,64.0
-28.43,1625449482.0,64.0
-32.05,1625449482.0,64.0
-35.91,1625449482.0,64.0
-39.68,1625449482.0,64.0
-42.68,1625449482.0,64.0
-44.16,1625449482.0,64.0
-43.54,1625449482.0,64.0
-40.68,1625449482.0,64.0
-35.93,1625449482.0,64.0
-29.96,1625449482.0,64.0
-23.4,1625449482.0,64.0
-16.66,1625449482.0,64.0
-9.83,1625449482.0,64.0
-2.85,1625449482.0,64.0
4.23,1625449482.0,64.0
11.08,1625449482.0,64.0
17.15,1625449482.0,64.0
21.86,1625449482.0,64.0
24.95,1625449482.0,64.0
26.58,1625449482.0,64.0
27.33,1625449482.0,64.0
27.87,1625449482.0,64.0
28.7,1625449482.0,64.0
29.9,1625449482.0,64.0
31.23,1625449482.0,64.0
32.31,1625449482.0,64.0
32.82,1625449482.0,64.0
32.72,1625449482.0,64.0
32.14,1625449482.0,64.0
31.19,1625449482.0,64.0
29.84,1625449482.0,64.0
27.93,1625449482.0,64.0
25.36,1625449482.0,64.0
22.22,1625449482.0,64.0
18.89,1625449482.0,64.0
15.85,1625449482.0,64.0
13.41,1625449482.0,64.0
11.58,1625449482.0,64.0
10.13,1625449482.0,64.0
8.77,1625449482.0,64.0
7.34,1625449482.0,64.0
5.89,1625449482.0,64.0
4.43,1625449482.0,64.0
2.75,1625449482.0,64.0
0.4,1625449482.0,64.0
-3.03,1625449482.0,64.0
-7.63,1625449482.0,64.0
-12.96,1625449482.0,64.0
-18.24,1625449482.0,64.0
-22.73,1625449482.0,64.0
-26.09,1625449482.0,64.0
-28.42,1625449482.0,64.0
-29.98,1625449482.0,64.0
-30.83,1625449482.0,64.0
-30.65,1625449482.0,64.0
-28.92,1625449482.0,64.0
-25.3,1625449482.0,64.0
-19.91,1625449482.0,64.0
-13.4,1625449482.0,64.0
-6.57,1625449482.0,64.0
-0.05,1625449482.0,64.0
5.95,1625449482.0,64.0
11.53,1625449482.0,64.0
16.79,1625449482.0,64.0
21.6,1625449482.0,64.0
25.59,1625449482.0,64.0
28.35,1625449482.0,64.0
29.75,1625449482.0,64.0
30.03,1625449482.0,64.0
29.77,1625449482.0,64.0
29.6,1625449482.0,64.0
29.87,1625449482.0,64.0
30.51,1625449482.0,64.0
31.12,1625449482.0,64.0
31.19,1625449482.0,64.0
30.37,1625449482.0,64.0
28.58,1625449482.0,64.0
26.0,1625449482.0,64.0
22.92,1625449482.0,64.0
19.58,1625449482.0,64.0
16.18,1625449482.0,64.0
12.82,1625449482.0,64.0
9.53,1625449482.0,64.0
6.32,1625449482.0,64.0
3.15,1625449482.0,64.0
-0.02,1625449482.0,64.0
-3.23,1625449482.0,64.0
-6.48,1625449482.0,64.0
-9.72,1625449482.0,64.0
-12.9,1625449482.0,64.0
-15.98,1625449482.0,64.0
-19.01,1625449482.0,64.0
-22.14,1625449482.0,64.0
-25.5,1625449482.0,64.0
-29.18,1625449482.0,64.0
-33.16,1625449482.0,64.0
-37.28,1625449482.0,64.0
-41.31,1625449482.0,64.0
-44.89,1625449482.0,64.0
-47.6,1625449482.0,64.0
-48.97,1625449482.0,64.0
-48.61,1625449482.0,64.0
-46.29,1625449482.0,64.0
-42.08,1625449482.0,64.0
-36.32,1625449482.0,64.0
-29.49,1625449482.0,64.0
-22.06,1625449482.0,64.0
-14.31,1625449482.0,64.0
-6.38,1625449482.0,64.0
1.59,1625449482.0,64.0
9.36,1625449482.0,64.0
16.46,1625449482.0,64.0
22.32,1625449482.0,64.0
26.46,1625449482.0,64.0
28.72,1625449482.0,64.0
29.4,1625449482.0,64.0
29.1,1625449482.0,64.0
28.53,1625449482.0,64.0
28.2,1625449482.0,64.0
28.24,1625449482.0,64.0
28.5,1625449482.0,64.0
28.61,1625449482.0,64.0
28.23,1625449482.0,64.0
27.19,1625449482.0,64.0
25.54,1625449482.0,64.0
23.41,1625449482.0,64.0
20.94,1625449482.0,64.0
18.23,1625449482.0,64.0
15.38,1625449482.0,64.0
12.47,1625449482.0,64.0
9.55,1625449482.0,64.0
6.72,1625449482.0,64.0
4.02,1625449482.0,64.0
1.43,1625449482.0,64.0
-1.15,1625449482.0,64.0
-3.78,1625449482.0,64.0
-6.49,1625449482.0,64.0
-9.19,1625449482.0,64.0
-11.7,1625449482.0,64.0
-13.84,1625449482.0,64.0
-15.47,1625449482.0,64.0
-16.67,1625449482.0,64.0
-17.83,1625449482.0,64.0
-19.53,1625449482.0,64.0
-22.27,1625449482.0,64.0
-26.22,1625449482.0,64.0
-31.04,1625449482.0,64.0
-35.88,1625449482.0,64.0
-39.7,1625449482.0,64.0
-41.6,1625449482.0,64.0
-41.15,1625449482.0,64.0
-38.41,1625449482.0,64.0
-33.76,1625449482.0,64.0
-27.67,1625449482.0,64.0
-20.61,1625449482.0,64.0
-13.02,1625449482.0,64.0
-5.43,1625449482.0,64.0
1.58,1625449482.0,64.0
7.43,1625449482.0,64.0
11.82,1625449482.0,64.0
14.72,1625449482.0,64.0
16.44,1625449482.0,64.0
17.4,1625449482.0,64.0
18.0,1625449482.0,64.0
18.55,1625449482.0,64.0
19.32,1625449482.0,64.0
20.47,1625449482.0,64.0
22.05,1625449482.0,64.0
23.92,1625449482.0,64.0
25.66,1625449482.0,64.0
26.74,1625449482.0,64.0
26.74,1625449482.0,64.0
25.56,1625449482.0,64.0
23.44,1625449482.0,64.0
20.86,1625449482.0,64.0
18.22,1625449482.0,64.0
15.64,1625449482.0,64.0
13.04,1625449482.0,64.0
10.2,1625449482.0,64.0
7.08,1625449482.0,64.0
3.82,1625449482.0,64.0
0.75,1625449482.0,64.0
-1.89,1625449482.0,64.0
-3.98,1625449482.0,64.0
-5.68,1625449482.0,64.0
-7.27,1625449482.0,64.0
-8.96,1625449482.0,64.0
-10.88,1625449482.0,64.0
-13.0,1625449482.0,64.0
-15.27,1625449482.0,64.0
-17.71,1625449482.0,64.0
-20.43,1625449482.0,64.0
-23.61,1625449482.0,64.0
-27.32,1625449482.0,64.0
-31.46,1625449482.0,64.0
-35.56,1625449482.0,64.0
-38.95,1625449482.0,64.0
-40.86,1625449482.0,64.0
-40.72,1625449482.0,64.0
-38.35,1625449482.0,64.0
-33.97,1625449482.0,64.0
-28.14,1625449482.0,64.0
-21.54,1625449482.0,64.0
-14.67,1625449482.0,64.0
-7.79,1625449482.0,64.0
-0.93,1625449482.0,64.0
5.9,1625449482.0,64.0
12.51,1625449482.0,64.0
18.49,1625449482.0,64.0
23.24,1625449482.0,64.0
26.31,1625449482.0,64.0
27.53,1625449482.0,64.0
27.25,1625449482.0,64.0
26.16,1625449482.0,64.0
25.08,1625449482.0,64.0
24.59,1625449482.0,64.0
24.86,1625449482.0,64.0
25.58,1625449482.0,64.0
26.17,1625449482.0,64.0
26.07,1625449482.0,64.0
25.01,1625449482.0,64.0
23.09,1625449482.0,64.0
20.68,1625449482.0,64.0
18.2,1625449482.0,64.0
15.92,1625449482.0,64.0
13.9,1625449482.0,64.0
11.98,1625449482.0,64.0
9.95,1625449482.0,64.0
7.63,1625449482.0,64.0
5.01,1625449482.0,64.0
2.2,1625449482.0,64.0
-0.6,1625449482.0,64.0
-3.23,1625449482.0,64.0
-5.65,1625449482.0,64.0
-7.89,1625449482.0,64.0
-10.11,1625449482.0,64.0
-12.5,1625449482.0,64.0
-15.15,1625449482.0,64.0
-18.08,1625449482.0,64.0
-21.21,1625449482.0,64.0
-24.48,1625449482.0,64.0
-27.88,1625449482.0,64.0
-31.43,1625449482.0,64.0
-35.09,1625449482.0,64.0
-38.56,1625449482.0,64.0
-41.33,1625449482.0,64.0
-42.71,1625449482.0,64.0
-42.13,1625449482.0,64.0
-39.32,1625449482.0,64.0
-34.44,1625449482.0,64.0
-28.0,1625449482.0,64.0
-20.66,1625449482.0,64.0
-13.03,1625449482.0,64.0
-5.53,1625449482.0,64.0
1.56,1625449482.0,64.0
8.06,1625449482.0,64.0
13.73,1625449482.0,64.0
18.3,1625449482.0,64.0
21.61,1625449482.0,64.0
23.66,1625449482.0,64.0
24.67,1625449482.0,64.0
25.06,1625449482.0,64.0
25.27,1625449482.0,64.0
25.64,1625449482.0,64.0
26.26,1625449482.0,64.0
26.96,1625449482.0,64.0
27.44,1625449482.0,64.0
27.38,1625449482.0,64.0
26.65,1625449482.0,64.0
25.35,1625449482.0,64.0
23.75,1625449482.0,64.0
22.14,1625449482.0,64.0
20.68,1625449482.0,64.0
19.32,1625449482.0,64.0
17.8,1625449482.0,64.0
15.81,1625449482.0,64.0
13.2,1625449482.0,64.0
10.06,1625449482.0,64.0
6.75,1625449482.0,64.0
3.76,1625449482.0,64.0
1.44,1625449482.0,64.0
-0.1,1625449482.0,64.0
-1.09,1625449482.0,64.0
-1.94,1625449482.0,64.0
-3.11,1625449482.0,64.0
-4.9,1625449482.0,64.0
-7.43,1625449482.0,64.0
-10.66,1625449482.0,64.0
-14.56,1625449482.0,64.0
-19.05,1625449482.0,64.0
-23.9,1625449482.0,64.0
-28.54,1625449482.0,64.0
-32.1,1625449482.0,64.0
-33.64,1625449482.0,64.0
-32.52,1625449482.0,64.0
-28.68,1625449482.0,64.0
-22.73,1625449482.0,64.0
-15.68,1625449482.0,64.0
-8.44,1625449482.0,64.0
-1.6,1625449482.0,64.0
4.61,1625449482.0,64.0
10.09,1625449482.0,64.0
14.58,1625449482.0,64.0
17.64,1625449482.0,64.0
18.92,1625449482.0,64.0
18.54,1625449482.0,64.0
17.14,1625449482.0,64.0
15.75,1625449482.0,64.0
15.2,1625449482.0,64.0
15.78,1625449482.0,64.0
17.07,1625449482.0,64.0
18.36,1625449482.0,64.0
19.08,1625449482.0,64.0
19.09,1625449482.0,64.0
18.68,1625449482.0,64.0
18.2,1625449482.0,64.0
17.85,1625449482.0,64.0
17.51,1625449482.0,64.0
16.92,1625449482.0,64.0
15.98,1625449482.0,64.0
14.79,1625449482.0,64.0
13.55,1625449482.0,64.0
12.4,1625449482.0,64.0
11.19,1625449482.0,64.0
9.54,1625449482.0,64.0
7.17,1625449482.0,64.0
4.04,1625449482.0,64.0
0.51,1625449482.0,64.0
-2.92,1625449482.0,64.0
-5.9,1625449482.0,64.0
-8.46,1625449482.0,64.0
-10.89,1625449482.0,64.0
-13.59,1625449482.0,64.0
-16.73,1625449482.0,64.0
-20.21,1625449482.0,64.0
-23.84,1625449482.0,64.0
-27.44,1625449482.0,64.0
-31.09,1625449482.0,64.0
-34.89,1625449482.0,64.0
-38.8,1625449482.0,64.0
-42.33,1625449482.0,64.0
-44.62,1625449482.0,64.0
-44.77,1625449482.0,64.0
-42.26,1625449482.0,64.0
-37.2,1625449482.0,64.0
-30.34,1625449482.0,64.0
-22.69,1625449482.0,64.0
-15.04,1625449482.0,64.0
-7.78,1625449482.0,64.0
-0.84,1625449482.0,64.0
5.93,1625449482.0,64.0
12.56,1625449482.0,64.0
18.71,1625449482.0,64.0
23.79,1625449482.0,64.0
27.35,1625449482.0,64.0
29.22,1625449482.0,64.0
29.66,1625449482.0,64.0
29.24,1625449482.0,64.0
28.6,1625449482.0,64.0
28.19,1625449482.0,64.0
28.15,1625449482.0,64.0
28.31,1625449482.0,64.0
28.34,1625449482.0,64.0
27.91,1625449482.0,64.0
26.81,1625449482.0,64.0
25.04,1625449482.0,64.0
22.72,1625449482.0,64.0
20.05,1625449482.0,64.0
17.21,1625449482.0,64.0
14.31,1625449482.0,64.0
11.37,1625449482.0,64.0
8.38,1625449482.0,64.0
5.28,1625449482.0,64.0
2.09,1625449482.0,64.0
-1.16,1625449482.0,64.0
-4.35,1625449482.0,64.0
-7.39,1625449482.0,64.0
-10.16,1625449482.0,64.0
-12.62,1625449482.0,64.0
-14.83,1625449482.0,64.0
-16.94,1625449482.0,64.0
-19.15,1625449482.0,64.0
-21.62,1625449482.0,64.0
-24.47,1625449482.0,64.0
-27.72,1625449482.0,64.0
-31.36,1625449482.0,64.0
-35.24,1625449482.0,64.0
-39.06,1625449482.0,64.0
-42.26,1625449482.0,64.0
-44.14,1625449482.0,64.0
-44.04,1625449482.0,64.0
-41.59,1625449482.0,64.0
-36.92,1625449482.0,64.0
-30.57,1625449482.0,64.0
-23.35,1625449482.0,64.0
-15.93,1625449482.0,64.0
-8.66,1625449482.0,64.0
-1.56,1625449482.0,64.0
5.43,1625449482.0,64.0
12.24,1625449482.0,64.0
18.53,1625449482.0,64.0
23.77,1625449482.0,64.0
27.57,1625449482.0,64.0
29.82,1625449482.0,64.0
30.79,1625449482.0,64.0
30.93,1625449482.0,64.0
30.67,1625449482.0,64.0
30.23,1625449482.0,64.0
29.67,1625449482.0,64.0
29.04,1625449482.0,64.0
28.5,1625449482.0,64.0
28.39,1625449482.0,64.0
28.96,1625449482.0,64.0
30.17,1625449482.0,64.0
31.5,1625449482.0,64.0
32.07,1625449482.0,64.0
31.05,1625449482.0,64.0
28.05,1625449482.0,64.0
23.41,1625449482.0,64.0
17.94,1625449482.0,64.0
12.5,1625449482.0,64.0
7.53,1625449482.0,64.0
2.96,1625449482.0,64.0
-1.59,1625449482.0,64.0
-6.33,1625449482.0,64.0
-11.06,1625449482.0,64.0
-15.25,1625449482.0,64.0
-18.52,1625449482.0,64.0
-21.03,1625449482.0,64.0
-23.44,1625449482.0,64.0
-26.49,1625449482.0,64.0
-30.5,1625449482.0,64.0
-35.1,1625449482.0,64.0
-39.48,1625449482.0,64.0
-42.97,1625449482.0,64.0
-45.41,1625449482.0,64.0
-47.19,1625449482.0,64.0
-48.76,1625449482.0,64.0
-50.13,1625449482.0,64.0
-50.71,1625449482.0,64.0
-49.59,1625449482.0,64.0
-46.13,1625449482.0,64.0
-40.4,1625449482.0,64.0
-33.13,1625449482.0,64.0
-25.26,1625449482.0,64.0
-17.47,1625449482.0,64.0
-9.88,1625449482.0,64.0
-2.25,1625449482.0,64.0
5.57,1625449482.0,64.0
13.36,1625449482.0,64.0
20.54,1625449482.0,64.0
26.44,1625449482.0,64.0
30.6,1625449482.0,64.0
33.02,1625449482.0,64.0
34.12,1625449482.0,64.0
34.43,1625449482.0,64.0
34.47,1625449482.0,64.0
34.52,1625449482.0,64.0
34.61,1625449482.0,64.0
34.58,1625449482.0,64.0
34.2,1625449482.0,64.0
33.24,1625449482.0,64.0
31.57,1625449482.0,64.0
29.22,1625449482.0,64.0
26.4,1625449482.0,64.0
23.39,1625449482.0,64.0
20.45,1625449482.0,64.0
17.71,1625449482.0,64.0
15.1,1625449482.0,64.0
12.48,1625449482.0,64.0
9.72,1625449482.0,64.0
6.75,1625449482.0,64.0
3.68,1625449482.0,64.0
0.61,1625449482.0,64.0
-2.35,1625449482.0,64.0
-5.15,1625449482.0,64.0
-7.85,1625449482.0,64.0
-10.57,1625449482.0,64.0
-13.4,1625449482.0,64.0
-16.4,1625449482.0,64.0
-19.55,1625449482.0,64.0
-22.74,1625449482.0,64.0
-25.94,1625449482.0,64.0
-29.2,1625449482.0,64.0
-32.68,1625449482.0,64.0
-36.53,1625449482.0,64.0
-40.7,1625449482.0,64.0
-44.84,1625449482.0,64.0
-48.24,1625449482.0,64.0
-50.04,1625449482.0,64.0
-49.52,1625449482.0,64.0
-46.39,1625449482.0,64.0
-40.95,1625449482.0,64.0
-33.91,1625449482.0,64.0
-26.11,1625449482.0,64.0
-18.22,1625449482.0,64.0
-10.54,1625449482.0,64.0
-3.13,1625449482.0,64.0
4.08,1625449482.0,64.0
10.94,1625449482.0,64.0
17.11,1625449482.0,64.0
22.09,1625449482.0,64.0
25.53,1625449482.0,64.0
27.4,1625449482.0,64.0
28.08,1625449482.0,64.0
28.2,1625449482.0,64.0
28.4,1625449482.0,64.0
29.03,1625449482.0,64.0
29.98,1625449482.0,64.0
30.81,1625449482.0,64.0
30.99,1625449482.0,64.0
30.22,1625449482.0,64.0
28.54,1625449482.0,64.0
26.36,1625449482.0,64.0
24.14,1625449482.0,64.0
22.21,1625449482.0,64.0
20.6,1625449482.0,64.0
19.04,1625449482.0,64.0
17.21,1625449482.0,64.0
14.87,1625449482.0,64.0
12.05,1625449482.0,64.0
9.0,1625449482.0,64.0
6.03,1625449482.0,64.0
3.38,1625449482.0,64.0
1.07,1625449482.0,64.0
-1.01,1625449482.0,64.0
-3.12,1625449482.0,64.0
-5.46,1625449482.0,64.0
-8.1,1625449482.0,64.0
-10.94,1625449482.0,64.0
-13.78,1625449482.0,64.0
-16.4,1625449482.0,64.0
-18.74,1625449482.0,64.0
-20.96,1625449482.0,64.0
-23.29,1625449482.0,64.0
-25.88,1625449482.0,64.0
-28.5,1625449482.0,64.0
-30.56,1625449482.0,64.0
-31.21,1625449482.0,64.0
-29.8,1625449482.0,64.0
-26.14,1625449482.0,64.0
-20.67,1625449482.0,64.0
-14.27,1625449482.0,64.0
-7.83,1625449482.0,64.0
-1.9,1625449482.0,64.0
3.48,1625449482.0,64.0
8.67,1625449482.0,64.0
14.06,1625449482.0,64.0
19.7,1625449482.0,64.0
25.26,1625449482.0,64.0
30.11,1625449482.0,64.0
33.66,1625449482.0,64.0
35.71,1625449482.0,64.0
36.48,1625449482.0,64.0
36.46,1625449482.0,64.0
36.09,1625449482.0,64.0
35.45,1625449482.0,64.0
34.22,1625449482.0,64.0
31.97,1625449482.0,64.0
28.55,1625449482.0,64.0
24.31,1625449482.0,64.0
20.06,1625449482.0,64.0
16.64,1625449482.0,64.0
14.47,1625449482.0,64.0
13.28,1625449482.0,64.0
12.28,1625449482.0,64.0
10.71,1625449482.0,64.0
8.28,1625449482.0,64.0
5.28,1625449482.0,64.0
2.37,1625449482.0,64.0
0.09,1625449482.0,64.0
-1.52,1625449482.0,64.0
-2.85,1625449482.0,64.0
-4.45,1625449482.0,64.0
-6.64,1625449482.0,64.0
-9.34,1625449482.0,64.0
-12.25,1625449482.0,64.0
-15.16,1625449482.0,64.0
-18.21,1625449482.0,64.0
-21.79,1625449482.0,64.0
-26.21,1625449482.0,64.0
-31.43,1625449482.0,64.0
-36.83,1625449482.0,64.0
-41.37,1625449482.0,64.0
-44.0,1625449482.0,64.0
-44.03,1625449482.0,64.0
-41.32,1625449482.0,64.0
-36.32,1625449482.0,64.0
-29.78,1625449482.0,64.0
-22.46,1625449482.0,64.0
-14.93,1625449482.0,64.0
-7.49,1625449482.0,64.0
-0.21,1625449482.0,64.0
6.82,1625449482.0,64.0
13.36,1625449482.0,64.0
19.01,1625449482.0,64.0
23.33,1625449482.0,64.0
25.99,1625449482.0,64.0
27.0,1625449482.0,64.0
26.72,1625449482.0,64.0
25.81,1625449482.0,64.0
24.88,1625449482.0,64.0
24.4,1625449482.0,64.0
24.45,1625449482.0,64.0
24.82,1625449482.0,64.0
25.09,1625449482.0,64.0
24.91,1625449482.0,64.0
24.09,1625449482.0,64.0
22.66,1625449482.0,64.0
20.78,1625449482.0,64.0
18.62,1625449482.0,64.0
16.26,1625449482.0,64.0
13.71,1625449482.0,64.0
10.98,1625449482.0,64.0
8.09,1625449482.0,64.0
5.15,1625449482.0,64.0
2.32,1625449482.0,64.0
-0.3,1625449482.0,64.0
-2.71,1625449482.0,64.0
-4.99,1625449482.0,64.0
-7.34,1625449482.0,64.0
-9.86,1625449482.0,64.0
-12.64,1625449482.0,64.0
-15.65,1625449482.0,64.0
-18.9,1625449482.0,64.0
-22.38,1625449482.0,64.0
-26.18,1625449482.0,64.0
-30.39,1625449482.0,64.0
-34.97,1625449482.0,64.0
-39.8,1625449482.0,64.0
-44.43,1625449482.0,64.0
-48.27,1625449482.0,64.0
-50.61,1625449482.0,64.0
-50.88,1625449482.0,64.0
-48.81,1625449482.0,64.0
-44.51,1625449482.0,64.0
-38.43,1625449482.0,64.0
-31.16,1625449482.0,64.0
-23.2,1625449482.0,64.0
-14.88,1625449482.0,64.0
-6.42,1625449482.0,64.0
1.89,1625449482.0,64.0
9.61,1625449482.0,64.0
16.2,1625449482.0,64.0
21.18,1625449482.0,64.0
24.37,1625449482.0,64.0
26.04,1625449482.0,64.0
26.76,1625449482.0,64.0
27.22,1625449482.0,64.0
27.86,1625449482.0,64.0
28.76,1625449482.0,64.0
29.68,1625449482.0,64.0
30.25,1625449482.0,64.0
30.17,1625449482.0,64.0
29.42,1625449482.0,64.0
28.22,1625449482.0,64.0
26.9,1625449482.0,64.0
25.74,1625449482.0,64.0
24.72,1625449482.0,64.0
23.6,1625449482.0,64.0
21.94,1625449482.0,64.0
19.37,1625449482.0,64.0
15.83,1625449482.0,64.0
11.57,1625449482.0,64.0
7.17,1625449482.0,64.0
3.2,1625449482.0,64.0
-0.03,1625449482.0,64.0
-2.56,1625449482.0,64.0
-4.78,1625449482.0,64.0
-7.21,1625449482.0,64.0
-10.21,1625449482.0,64.0
-13.9,1625449482.0,64.0
-18.13,1625449482.0,64.0
-22.65,1625449482.0,64.0
-27.19,1625449482.0,64.0
-31.4,1625449482.0,64.0
-34.88,1625449482.0,64.0
-37.12,1625449482.0,64.0
-37.65,1625449482.0,64.0
-36.3,1625449482.0,64.0
-33.33,1625449482.0,64.0
-29.43,1625449482.0,64.0
-25.41,1625449482.0,64.0
-21.78,1625449482.0,64.0
-18.53,1625449482.0,64.0
-15.18,1625449482.0,64.0
-11.12,1625449482.0,64.0
-5.98,1625449482.0,64.0
0.11,1625449482.0,64.0
6.58,1625449482.0,64.0
12.7,1625449482.0,64.0
17.84,1625449482.0,64.0
21.59,1625449482.0,64.0
23.83,1625449482.0,64.0
24.62,1625449482.0,64.0
24.25,1625449482.0,64.0
23.12,1625449482.0,64.0
21.72,1625449482.0,64.0
20.47,1625449482.0,64.0
19.61,1625449482.0,64.0
19.1,1625449482.0,64.0
18.74,1625449482.0,64.0
18.32,1625449482.0,64.0
17.72,1625449482.0,64.0
16.88,1625449482.0,64.0
15.65,1625449482.0,64.0
13.8,1625449482.0,64.0
11.09,1625449482.0,64.0
7.45,1625449482.0,64.0
3.17,1625449482.0,64.0
-1.18,1625449482.0,64.0
-4.95,1625449482.0,64.0
-7.74,1625449482.0,64.0
-9.52,1625449482.0,64.0
-10.64,1625449482.0,64.0
-11.53,1625449482.0,64.0
-12.51,1625449482.0,64.0
-13.69,1625449482.0,64.0
-14.98,1625449482.0,64.0
-16.32,1625449482.0,64.0
-17.73,1625449482.0,64.0
-19.34,1625449482.0,64.0
-21.31,1625449482.0,64.0
-23.76,1625449482.0,64.0
-26.72,1625449482.0,64.0
-30.12,1625449482.0,64.0
-33.8,1625449482.0,64.0
-37.41,1625449482.0,64.0
-40.47,1625449482.0,64.0
-42.37,1625449482.0,64.0
-42.54,1625449482.0,64.0
-40.63,1625449482.0,64.0
-36.62,1625449482.0,64.0
-30.87,1625449482.0,64.0
-23.91,1625449482.0,64.0
-16.25,1625449482.0,64.0
-8.25,1625449482.0,64.0
-0.15,1625449482.0,64.0
7.85,1625449482.0,64.0
15.39,1625449482.0,64.0
21.97,1625449482.0,64.0
27.09,1625449482.0,64.0
30.46,1625449482.0,64.0
32.18,1625449482.0,64.0
32.74,1625449482.0,64.0
32.9,1625449482.0,64.0
33.27,1625449482.0,64.0
34.17,1625449482.0,64.0
35.43,1625449482.0,64.0
36.64,1625449482.0,64.0
37.29,1625449482.0,64.0
37.03,1625449482.0,64.0
35.82,1625449482.0,64.0
33.81,1625449482.0,64.0
31.22,1625449482.0,64.0
28.23,1625449482.0,64.0
24.94,1625449482.0,64.0
21.43,1625449482.0,64.0
17.81,1625449482.0,64.0
14.28,1625449482.0,64.0
10.99,1625449482.0,64.0
8.04,1625449482.0,64.0
5.39,1625449482.0,64.0
2.93,1625449482.0,64.0
0.54,1625449482.0,64.0
-1.84,1625449482.0,64.0
-4.2,1625449482.0,64.0
-6.56,1625449482.0,64.0
-8.92,1625449482.0,64.0
-11.37,1625449482.0,64.0
-13.99,1625449482.0,64.0
-16.85,1625449482.0,64.0
-19.91,1625449482.0,64.0
-23.16,1625449482.0,64.0
-26.56,1625449482.0,64.0
-29.98,1625449482.0,64.0
-33.15,1625449482.0,64.0
-35.6,1625449482.0,64.0
-36.75,1625449482.0,64.0
-36.04,1625449482.0,64.0
-33.22,1625449482.0,64.0
-28.4,1625449482.0,64.0
-22.06,1625449482.0,64.0
-14.79,1625449482.0,64.0
-7.12,1625449482.0,64.0
0.6,1625449482.0,64.0
8.09,1625449482.0,64.0
15.01,1625449482.0,64.0
20.93,1625449482.0,64.0
25.41,1625449482.0,64.0
28.21,1625449482.0,64.0
29.48,1625449482.0,64.0
29.78,1625449482.0,64.0
29.84,1625449482.0,64.0
30.3,1625449482.0,64.0
31.43,1625449482.0,64.0
33.06,1625449482.0,64.0
34.68,1625449482.0,64.0
35.72,1625449482.0,64.0
35.74,1625449482.0,64.0
34.6,1625449482.0,64.0
32.44,1625449482.0,64.0
29.7,1625449482.0,64.0
26.93,1625449482.0,64.0
24.7,1625449482.0,64.0
23.37,1625449482.0,64.0
22.88,1625449482.0,64.0
22.7,1625449482.0,64.0
21.98,1625449482.0,64.0
19.94,1625449482.0,64.0
16.24,1625449482.0,64.0
11.22,1625449482.0,64.0
5.71,1625449482.0,64.0
0.6,1625449482.0,64.0
-3.66,1625449482.0,64.0
-7.25,1625449482.0,64.0
-10.68,1625449482.0,64.0
-14.37,1625449482.0,64.0
-18.3,1625449482.0,64.0
-21.98,1625449482.0,64.0
-24.94,1625449482.0,64.0
-27.09,1625449482.0,64.0
-28.94,1625449482.0,64.0
-31.19,1625449482.0,64.0
-34.13,1625449482.0,64.0
-37.2,1625449482.0,64.0
-39.16,1625449482.0,64.0
-38.63,1625449482.0,64.0
-34.88,1625449482.0,64.0
-28.27,1625449482.0,64.0
-19.99,1625449482.0,64.0
-11.45,1625449482.0,64.0
-3.67,1625449482.0,64.0
3.09,1625449482.0,64.0
9.05,1625449482.0,64.0
14.5,1625449482.0,64.0
19.41,1625449482.0,64.0
23.36,1625449482.0,64.0
25.91,1625449482.0,64.0
26.9,1625449482.0,64.0
26.64,1625449482.0,64.0
25.83,1625449482.0,64.0
25.16,1625449482.0,64.0
25.07,1625449482.0,64.0
25.54,1625449482.0,64.0
26.25,1625449482.0,64.0
26.72,1625449482.0,64.0
26.6,1625449482.0,64.0
25.74,1625449482.0,64.0
24.16,1625449482.0,64.0
22.03,1625449482.0,64.0
19.54,1625449482.0,64.0
16.8,1625449482.0,64.0
13.9,1625449482.0,64.0
10.87,1625449482.0,64.0
7.72,1625449482.0,64.0
4.46,1625449482.0,64.0
1.12,1625449482.0,64.0
-2.28,1625449482.0,64.0
-5.63,1625449482.0,64.0
-8.86,1625449482.0,64.0
-11.89,1625449482.0,64.0
-14.76,1625449482.0,64.0
-17.49,1625449482.0,64.0
-20.19,1625449482.0,64.0
-22.9,1625449482.0,64.0
-25.65,1625449482.0,64.0
-28.4,1625449482.0,64.0
-31.19,1625449482.0,64.0
-34.13,1625449482.0,64.0
-37.28,1625449482.0,64.0
-40.58,1625449482.0,64.0
-43.7,1625449482.0,64.0
-46.04,1625449482.0,64.0
-46.84,1625449482.0,64.0
-45.51,1625449482.0,64.0
-41.84,1625449482.0,64.0
-36.1,1625449482.0,64.0
-28.93,1625449482.0,64.0
-21.1,1625449482.0,64.0
-13.22,1625449482.0,64.0
-5.63,1625449482.0,64.0
1.56,1625449482.0,64.0
8.34,1625449482.0,64.0
14.64,1625449482.0,64.0
20.23,1625449482.0,64.0
24.78,1625449482.0,64.0
28.0,1625449482.0,64.0
29.79,1625449482.0,64.0
30.32,1625449482.0,64.0
30.07,1625449482.0,64.0
29.61,1625449482.0,64.0
29.41,1625449482.0,64.0
29.58,1625449482.0,64.0
29.85,1625449482.0,64.0
29.73,1625449482.0,64.0
28.79,1625449482.0,64.0
26.86,1625449482.0,64.0
24.13,1625449482.0,64.0
21.02,1625449482.0,64.0
17.94,1625449482.0,64.0
15.1,1625449482.0,64.0
12.4,1625449482.0,64.0
9.62,1625449482.0,64.0
6.59,1625449482.0,64.0
3.31,1625449482.0,64.0
0.02,1625449482.0,64.0
-2.98,1625449482.0,64.0
-5.48,1625449482.0,64.0
-7.51,1625449482.0,64.0
-9.24,1625449482.0,64.0
-10.97,1625449482.0,64.0
-12.93,1625449482.0,64.0
-15.27,1625449482.0,64.0
-17.96,1625449482.0,64.0
-20.93,1625449482.0,64.0
-24.04,1625449482.0,64.0
-27.2,1625449482.0,64.0
-30.36,1625449482.0,64.0
-33.52,1625449482.0,64.0
-36.66,1625449482.0,64.0
-39.66,1625449482.0,64.0
-42.22,1625449482.0,64.0
-43.85,1625449482.0,64.0
-43.98,1625449482.0,64.0
-42.13,1625449482.0,64.0
-38.1,1625449482.0,64.0
-32.09,1625449482.0,64.0
-24.66,1625449482.0,64.0
-16.48,1625449482.0,64.0
-8.19,1625449482.0,64.0
-0.21,1625449482.0,64.0
7.16,1625449482.0,64.0
13.71,1625449482.0,64.0
19.18,1625449482.0,64.0
23.34,1625449482.0,64.0
26.14,1625449482.0,64.0
27.95,1625449482.0,64.0
29.5,1625449482.0,64.0
31.61,1625449482.0,64.0
34.78,1625449482.0,64.0
38.81,1625449482.0,64.0
42.75,1625449482.0,64.0
45.28,1625449482.0,64.0
45.4,1625449482.0,64.0
42.85,1625449482.0,64.0
38.33,1625449482.0,64.0
33.12,1625449482.0,64.0
28.36,1625449482.0,64.0
24.49,1625449482.0,64.0
21.08,1625449482.0,64.0
17.22,1625449482.0,64.0
12.15,1625449482.0,64.0
5.83,1625449482.0,64.0
-0.97,1625449482.0,64.0
-7.03,1625449482.0,64.0
-11.37,1625449482.0,64.0
-13.74,1625449482.0,64.0
-14.77,1625449482.0,64.0
-15.55,1625449482.0,64.0
-16.99,1625449482.0,64.0
-19.36,1625449482.0,64.0
-22.25,1625449482.0,64.0
-24.95,1625449482.0,64.0
-26.94,1625449482.0,64.0
-28.3,1625449482.0,64.0
-29.63,1625449482.0,64.0
-31.63,1625449482.0,64.0
-34.7,1625449482.0,64.0
-38.71,1625449482.0,64.0
-43.06,1625449482.0,64.0
-47.04,1625449482.0,64.0
-50.08,1625449482.0,64.0
-51.83,1625449482.0,64.0
-52.16,1625449482.0,64.0
-50.98,1625449482.0,64.0
-48.13,1625449482.0,64.0
-43.56,1625449482.0,64.0
-37.35,1625449482.0,64.0
-29.83,1625449482.0,64.0
-21.52,1625449482.0,64.0
-12.97,1625449482.0,64.0
-4.58,1625449482.0,64.0
3.41,1625449482.0,64.0
10.83,1625449482.0,64.0
17.44,1625449482.0,64.0
22.9,1625449482.0,64.0
26.82,1625449482.0,64.0
29.03,1625449482.0,64.0
29.64,1625449482.0,64.0
29.18,1625449482.0,64.0
28.33,1625449482.0,64.0
27.63,1625449482.0,64.0
27.33,1625449482.0,64.0
27.31,1625449482.0,64.0
27.23,1625449482.0,64.0
26.81,1625449482.0,64.0
26.0,1625449482.0,64.0
24.96,1625449482.0,64.0
23.9,1625449482.0,64.0
22.9,1625449482.0,64.0
21.83,1625449482.0,64.0
20.5,1625449482.0,64.0
18.76,1625449482.0,64.0
16.63,1625449482.0,64.0
14.3,1625449482.0,64.0
12.01,1625449482.0,64.0
9.88,1625449482.0,64.0
7.91,1625449482.0,64.0
5.98,1625449482.0,64.0
3.98,1625449482.0,64.0
1.83,1625449482.0,64.0
-0.42,1625449482.0,64.0
-2.73,1625449482.0,64.0
-5.08,1625449482.0,64.0
-7.53,1625449482.0,64.0
-10.12,1625449482.0,64.0
-12.92,1625449482.0,64.0
-15.99,1625449482.0,64.0
-19.31,1625449482.0,64.0
-22.84,1625449482.0,64.0
-26.41,1625449482.0,64.0
-29.7,1625449482.0,64.0
-32.17,1625449482.0,64.0
-33.2,1625449482.0,64.0
-32.29,1625449482.0,64.0
-29.26,1625449482.0,64.0
-24.36,1625449482.0,64.0
-18.16,1625449482.0,64.0
-11.31,1625449482.0,64.0
-4.27,1625449482.0,64.0
2.72,1625449482.0,64.0
9.56,1625449482.0,64.0
16.05,1625449482.0,64.0
21.79,1625449482.0,64.0
26.2,1625449482.0,64.0
28.82,1625449482.0,64.0
29.58,1625449482.0,64.0
28.91,1625449482.0,64.0
27.57,1625449482.0,64.0
26.39,1625449482.0,64.0
25.84,1625449482.0,64.0
25.99,1625449482.0,64.0
26.47,1625449482.0,64.0
26.77,1625449482.0,64.0
26.49,1625449482.0,64.0
25.52,1625449482.0,64.0
23.98,1625449482.0,64.0
22.13,1625449482.0,64.0
20.26,1625449482.0,64.0
18.47,1625449482.0,64.0
16.79,1625449482.0,64.0
15.12,1625449482.0,64.0
13.37,1625449482.0,64.0
11.45,1625449482.0,64.0
9.37,1625449482.0,64.0
7.18,1625449482.0,64.0
4.95,1625449482.0,64.0
2.74,1625449482.0,64.0
0.53,1625449482.0,64.0
-1.72,1625449482.0,64.0
-4.17,1625449482.0,64.0
-6.92,1625449482.0,64.0
-10.07,1625449482.0,64.0
-13.7,1625449482.0,64.0
-17.8,1625449482.0,64.0
-22.28,1625449482.0,64.0
-26.97,1625449482.0,64.0
-31.62,1625449482.0,64.0
-35.88,1625449482.0,64.0
-39.33,1625449482.0,64.0
-41.47,1625449482.0,64.0
-41.86,1625449482.0,64.0
-40.24,1625449482.0,64.0
-36.56,1625449482.0,64.0
-31.08,1625449482.0,64.0
-24.37,1625449482.0,64.0
-17.06,1625449482.0,64.0
-9.75,1625449482.0,64.0
-2.82,1625449482.0,64.0
3.62,1625449482.0,64.0
9.59,1625449482.0,64.0
15.06,1625449482.0,64.0
19.86,1625449482.0,64.0
23.69,1625449482.0,64.0
26.27,1625449482.0,64.0
27.52,1625449482.0,64.0
27.71,1625449482.0,64.0
27.27,1625449482.0,64.0
26.66,1625449482.0,64.0
26.03,1625449482.0,64.0
25.25,1625449482.0,64.0
24.06,1625449482.0,64.0
22.43,1625449482.0,64.0
20.68,1625449482.0,64.0
19.4,1625449482.0,64.0
19.13,1625449482.0,64.0
19.84,1625449482.0,64.0
20.91,1625449482.0,64.0
21.25,1625449482.0,64.0
19.9,1625449482.0,64.0
16.54,1625449482.0,64.0
11.63,1625449482.0,64.0
6.13,1625449482.0,64.0
0.98,1625449482.0,64.0
-3.47,1625449482.0,64.0
-7.57,1625449482.0,64.0
-12.04,1625449482.0,64.0
-17.5,1625449482.0,64.0
-23.98,1625449482.0,64.0
-30.84,1625449482.0,64.0
-37.15,1625449482.0,64.0
-42.14,1625449482.0,64.0
-45.65,1625449482.0,64.0
-48.11,1625449482.0,64.0
-50.3,1625449482.0,64.0
-52.73,1625449482.0,64.0
-55.35,1625449482.0,64.0
-57.45,1625449482.0,64.0
-57.99,1625449482.0,64.0
-56.17,1625449482.0,64.0
-51.72,1625449482.0,64.0
-45.12,1625449482.0,64.0
-37.24,1625449482.0,64.0
-28.97,1625449482.0,64.0
-20.8,1625449482.0,64.0
-12.75,1625449482.0,64.0
-4.63,1625449482.0,64.0
3.67,1625449482.0,64.0
11.84,1625449482.0,64.0
19.3,1625449482.0,64.0
25.28,1625449482.0,64.0
29.28,1625449482.0,64.0
31.3,1625449482.0,64.0
31.8,1625449482.0,64.0
31.53,1625449482.0,64.0
31.21,1625449482.0,64.0
31.25,1625449482.0,64.0
31.65,1625449482.0,64.0
32.06,1625449482.0,64.0
32.0,1625449482.0,64.0
31.09,1625449482.0,64.0
29.29,1625449482.0,64.0
26.77,1625449482.0,64.0
23.91,1625449482.0,64.0
21.01,1625449482.0,64.0
18.22,1625449482.0,64.0
15.44,1625449482.0,64.0
12.54,1625449482.0,64.0
9.5,1625449482.0,64.0
6.44,1625449482.0,64.0
3.61,1625449482.0,64.0
1.23,1625449482.0,64.0
-0.66,1625449482.0,64.0
-2.26,1625449482.0,64.0
-3.81,1625449482.0,64.0
-5.54,1625449482.0,64.0
-7.58,1625449482.0,64.0
-9.86,1625449482.0,64.0
-12.31,1625449482.0,64.0
-14.9,1625449482.0,64.0
-17.7,1625449482.0,64.0
-20.89,1625449482.0,64.0
-24.64,1625449482.0,64.0
-29.03,1625449482.0,64.0
-33.96,1625449482.0,64.0
-39.04,1625449482.0,64.0
-43.59,1625449482.0,64.0
-46.76,1625449482.0,64.0
-47.8,1625449482.0,64.0
-46.26,1625449482.0,64.0
-42.2,1625449482.0,64.0
-36.15,1625449482.0,64.0
-28.86,1625449482.0,64.0
-21.06,1625449482.0,64.0
-13.18,1625449482.0,64.0
-5.35,1625449482.0,64.0
2.41,1625449482.0,64.0
9.98,1625449482.0,64.0
16.99,1625449482.0,64.0
22.84,1625449482.0,64.0
27.02,1625449482.0,64.0
29.28,1625449482.0,64.0
29.9,1625449482.0,64.0
29.5,1625449482.0,64.0
28.86,1625449482.0,64.0
28.57,1625449482.0,64.0
28.78,1625449482.0,64.0
29.27,1625449482.0,64.0
29.56,1625449482.0,64.0
29.23,1625449482.0,64.0
28.14,1625449482.0,64.0
26.41,1625449482.0,64.0
24.35,1625449482.0,64.0
22.25,1625449482.0,64.0
20.19,1625449482.0,64.0
18.1,1625449482.0,64.0
15.84,1625449482.0,64.0
13.36,1625449482.0,64.0
10.68,1625449482.0,64.0
7.94,1625449482.0,64.0
5.27,1625449482.0,64.0
2.71,1625449482.0,64.0
0.24,1625449482.0,64.0
-2.21,1625449482.0,64.0
-4.66,1625449482.0,64.0
-7.1,1625449482.0,64.0
-9.5,1625449482.0,64.0
-11.8,1625449482.0,64.0
-13.97,1625449482.0,64.0
-16.02,1625449482.0,64.0
-18.03,1625449482.0,64.0
-20.17,1625449482.0,64.0
-22.68,1625449482.0,64.0
-25.79,1625449482.0,64.0
-29.51,1625449482.0,64.0
-33.51,1625449482.0,64.0
-37.14,1625449482.0,64.0
-39.56,1625449482.0,64.0
-40.1,1625449482.0,64.0
-38.47,1625449482.0,64.0
-34.8,1625449482.0,64.0
-29.51,1625449482.0,64.0
-22.98,1625449482.0,64.0
-15.49,1625449482.0,64.0
-7.2,1625449482.0,64.0
1.59,1625449482.0,64.0
10.24,1625449482.0,64.0
17.86,1625449482.0,64.0
23.58,1625449482.0,64.0
27.0,1625449482.0,64.0
28.41,1625449482.0,64.0
28.62,1625449482.0,64.0
28.51,1625449482.0,64.0
28.66,1625449482.0,64.0
29.14,1625449482.0,64.0
29.65,1625449482.0,64.0
29.89,1625449482.0,64.0
29.75,1625449482.0,64.0
29.33,1625449482.0,64.0
28.7,1625449482.0,64.0
27.73,1625449482.0,64.0
26.11,1625449482.0,64.0
23.57,1625449482.0,64.0
20.14,1625449482.0,64.0
16.18,1625449482.0,64.0
12.23,1625449482.0,64.0
8.7,1625449482.0,64.0
5.68,1625449482.0,64.0
3.02,1625449482.0,64.0
0.49,1625449482.0,64.0
-1.99,1625449482.0,64.0
-4.34,1625449482.0,64.0
-6.43,1625449482.0,64.0
-8.29,1625449482.0,64.0
-10.06,1625449482.0,64.0
-11.94,1625449482.0,64.0
-14.09,1625449482.0,64.0
-16.45,1625449482.0,64.0
-18.89,1625449482.0,64.0
-21.31,1625449482.0,64.0
-23.77,1625449482.0,64.0
-26.53,1625449482.0,64.0
-29.86,1625449482.0,64.0
-33.84,1625449482.0,64.0
-38.19,1625449482.0,64.0
-42.28,1625449482.0,64.0
-45.25,1625449482.0,64.0
-46.36,1625449482.0,64.0
-45.2,1625449482.0,64.0
-41.82,1625449482.0,64.0
-36.62,1625449482.0,64.0
-30.22,1625449482.0,64.0
-23.11,1625449482.0,64.0
-15.68,1625449482.0,64.0
-8.07,1625449482.0,64.0
-0.39,1625449482.0,64.0
7.15,1625449482.0,64.0
14.19,1625449482.0,64.0
20.23,1625449482.0,64.0
24.85,1625449482.0,64.0
27.83,1625449482.0,64.0
29.29,1625449482.0,64.0
29.64,1625449482.0,64.0
29.52,1625449482.0,64.0
29.47,1625449482.0,64.0
29.81,1625449482.0,64.0
30.54,1625449482.0,64.0
31.34,1625449482.0,64.0
31.75,1625449482.0,64.0
31.43,1625449482.0,64.0
30.26,1625449482.0,64.0
28.38,1625449482.0,64.0
26.08,1625449482.0,64.0
23.6,1625449482.0,64.0
21.1,1625449482.0,64.0
18.62,1625449482.0,64.0
16.08,1625449482.0,64.0
13.47,1625449482.0,64.0
10.82,1625449482.0,64.0
8.22,1625449482.0,64.0
5.77,1625449482.0,64.0
3.5,1625449482.0,64.0
1.38,1625449482.0,64.0
-0.73,1625449482.0,64.0
-2.92,1625449482.0,64.0
-5.31,1625449482.0,64.0
-7.88,1625449482.0,64.0
-10.57,1625449482.0,64.0
-13.26,1625449482.0,64.0
-15.92,1625449482.0,64.0
-18.67,1625449482.0,64.0
-21.65,1625449482.0,64.0
-24.93,1625449482.0,64.0
-28.31,1625449482.0,64.0
-31.28,1625449482.0,64.0
-33.1,1625449482.0,64.0
-33.11,1625449482.0,64.0
-30.9,1625449482.0,64.0
-26.53,1625449482.0,64.0
-20.48,1625449482.0,64.0
-13.4,1625449482.0,64.0
-5.93,1625449482.0,64.0
1.52,1625449482.0,64.0
8.72,1625449482.0,64.0
15.53,1625449482.0,64.0
21.71,1625449482.0,64.0
26.9,1625449482.0,64.0
30.71,1625449482.0,64.0
32.86,1625449482.0,64.0
33.42,1625449482.0,64.0
32.79,1625449482.0,64.0
31.68,1625449482.0,64.0
30.78,1625449482.0,64.0
30.53,1625449482.0,64.0
30.92,1625449482.0,64.0
31.54,1625449482.0,64.0
31.86,1625449482.0,64.0
31.44,1625449482.0,64.0
30.09,1625449482.0,64.0
27.9,1625449482.0,64.0
25.09,1625449482.0,64.0
21.88,1625449482.0,64.0
18.44,1625449482.0,64.0
14.96,1625449482.0,64.0
11.74,1625449482.0,64.0
9.15,1625449482.0,64.0
7.52,1625449482.0,64.0
6.91,1625449482.0,64.0
6.93,1625449482.0,64.0
6.79,1625449482.0,64.0
5.66,1625449482.0,64.0
3.0,1625449482.0,64.0
-1.1,1625449482.0,64.0
-6.08,1625449482.0,64.0
-11.24,1625449482.0,64.0
-16.19,1625449482.0,64.0
-21.09,1625449482.0,64.0
-26.42,1625449482.0,64.0
-32.57,1625449482.0,64.0
-39.36,1625449482.0,64.0
-45.97,1625449482.0,64.0
-51.22,1625449482.0,64.0
-54.17,1625449482.0,64.0
-54.43,1625449482.0,64.0
-52.26,1625449482.0,64.0
-48.27,1625449482.0,64.0
-43.01,1625449482.0,64.0
-36.77,1625449482.0,64.0
-29.61,1625449482.0,64.0
-21.59,1625449482.0,64.0
-13.01,1625449482.0,64.0
-4.45,1625449482.0,64.0
3.43,1625449482.0,64.0
9.99,1625449482.0,64.0
14.86,1625449482.0,64.0
17.94,1625449482.0,64.0
19.43,1625449482.0,64.0
19.76,1625449482.0,64.0
19.55,1625449482.0,64.0
19.41,1625449482.0,64.0
19.82,1625449482.0,64.0
20.86,1625449482.0,64.0
22.24,1625449482.0,64.0
23.41,1625449482.0,64.0
23.86,1625449482.0,64.0
23.35,1625449482.0,64.0
22.02,1625449482.0,64.0
20.26,1625449482.0,64.0
18.46,1625449482.0,64.0
16.81,1625449482.0,64.0
15.19,1625449482.0,64.0
13.36,1625449482.0,64.0
11.04,1625449482.0,64.0
8.18,1625449482.0,64.0
4.92,1625449482.0,64.0
1.59,1625449482.0,64.0
-1.52,1625449482.0,64.0
-4.29,1625449482.0,64.0
-6.83,1625449482.0,64.0
-9.44,1625449482.0,64.0
-12.44,1625449482.0,64.0
-16.0,1625449482.0,64.0
-20.11,1625449482.0,64.0
-24.58,1625449482.0,64.0
-29.2,1625449482.0,64.0
-33.83,1625449482.0,64.0
-38.46,1625449482.0,64.0
-42.99,1625449482.0,64.0
-47.14,1625449482.0,64.0
-50.34,1625449482.0,64.0
-51.83,1625449482.0,64.0
-51.03,1625449482.0,64.0
-47.73,1625449482.0,64.0
-42.25,1625449482.0,64.0
-35.24,1625449482.0,64.0
-27.42,1625449482.0,64.0
-19.27,1625449482.0,64.0
-10.94,1625449482.0,64.0
-2.47,1625449482.0,64.0
6.04,1625449482.0,64.0
14.18,1625449482.0,64.0
21.32,1625449482.0,64.0
26.83,1625449482.0,64.0
30.41,1625449482.0,64.0
32.17,1625449482.0,64.0
32.63,1625449482.0,64.0
32.51,1625449482.0,64.0
32.35,1625449482.0,64.0
32.45,1625449482.0,64.0
32.8,1625449482.0,64.0
33.16,1625449482.0,64.0
33.21,1625449482.0,64.0
32.71,1625449482.0,64.0
31.54,1625449482.0,64.0
29.67,1625449482.0,64.0
27.27,1625449482.0,64.0
24.47,1625449482.0,64.0
21.48,1625449482.0,64.0
18.4,1625449482.0,64.0
15.31,1625449482.0,64.0
12.18,1625449482.0,64.0
9.01,1625449482.0,64.0
5.76,1625449482.0,64.0
2.4,1625449482.0,64.0
-1.05,1625449482.0,64.0
-4.61,1625449482.0,64.0
-8.16,1625449482.0,64.0
-11.59,1625449482.0,64.0
-14.76,1625449482.0,64.0
-17.65,1625449482.0,64.0
-20.41,1625449482.0,64.0
-23.41,1625449482.0,64.0
-27.04,1625449482.0,64.0
-31.43,1625449482.0,64.0
-36.34,1625449482.0,64.0
-41.02,1625449482.0,64.0
-44.45,1625449482.0,64.0
-45.66,1625449482.0,64.0
-44.1,1625449482.0,64.0
-39.81,1625449482.0,64.0
-33.46,1625449482.0,64.0
-26.01,1625449482.0,64.0
-18.4,1625449482.0,64.0
-11.21,1625449482.0,64.0
-4.58,1625449482.0,64.0
1.72,1625449482.0,64.0
8.12,1625449482.0,64.0
15.03,1625449482.0,64.0
22.73,1625449482.0,64.0
31.12,1625449482.0,64.0
39.64,1625449482.0,64.0
47.33,1625449482.0,64.0
53.05,1625449482.0,64.0
55.89,1625449482.0,64.0
55.59,1625449482.0,64.0
52.73,1625449482.0,64.0
48.6,1625449482.0,64.0
44.65,1625449482.0,64.0
41.85,1625449482.0,64.0
40.25,1625449482.0,64.0
39.02,1625449482.0,64.0
36.9,1625449482.0,64.0
32.96,1625449482.0,64.0
27.11,1625449482.0,64.0
20.18,1625449482.0,64.0
13.42,1625449482.0,64.0
7.83,1625449482.0,64.0
3.67,1625449482.0,64.0
0.36,1625449482.0,64.0
-3.04,1625449482.0,64.0
-7.18,1625449482.0,64.0
-11.96,1625449482.0,64.0
-16.52,1625449482.0,64.0
-19.93,1625449482.0,64.0
-21.75,1625449482.0,64.0
-22.49,1625449482.0,64.0
-23.32,1625449482.0,64.0
-25.43,1625449482.0,64.0
-29.27,1625449482.0,64.0
-34.39,1625449482.0,64.0
-39.72,1625449482.0,64.0
-44.25,1625449482.0,64.0
-47.54,1625449482.0,64.0
-49.76,1625449482.0,64.0
-51.28,1625449482.0,64.0
-52.22,1625449482.0,64.0
-52.2,1625449482.0,64.0
-50.56,1625449482.0,64.0
-46.75,1625449482.0,64.0
-40.69,1625449482.0,64.0
-32.82,1625449482.0,64.0
-23.89,1625449482.0,64.0
-14.56,1625449482.0,64.0
-5.35,1625449482.0,64.0
3.41,1625449482.0,64.0
11.36,1625449482.0,64.0
18.05,1625449482.0,64.0
23.05,1625449482.0,64.0
26.14,1625449482.0,64.0
27.5,1625449482.0,64.0
27.63,1625449482.0,64.0
27.24,1625449482.0,64.0
26.93,1625449482.0,64.0
26.97,1625449482.0,64.0
27.32,1625449482.0,64.0
27.72,1625449482.0,64.0
27.9,1625449482.0,64.0
27.68,1625449482.0,64.0
27.05,1625449482.0,64.0
26.1,1625449482.0,64.0
24.9,1625449482.0,64.0
23.49,1625449482.0,64.0
21.85,1625449482.0,64.0
19.94,1625449482.0,64.0
17.73,1625449482.0,64.0
15.29,1625449482.0,64.0
12.72,1625449482.0,64.0
10.11,1625449482.0,64.0
7.46,1625449482.0,64.0
4.74,1625449482.0,64.0
1.91,1625449482.0,64.0
-1.03,1625449482.0,64.0
-4.01,1625449482.0,64.0
-6.9,1625449482.0,64.0
-9.61,1625449482.0,64.0
-12.14,1625449482.0,64.0
-14.6,1625449482.0,64.0
-17.14,1625449482.0,64.0
-19.92,1625449482.0,64.0
-23.08,1625449482.0,64.0
-26.62,1625449482.0,64.0
-30.4,1625449482.0,64.0
-34.08,1625449482.0,64.0
-37.11,1625449482.0,64.0
-38.81,1625449482.0,64.0
-38.58,1625449482.0,64.0
-36.11,1625449482.0,64.0
-31.52,1625449482.0,64.0
-25.27,1625449482.0,64.0
-18.04,1625449482.0,64.0
-10.44,1625449482.0,64.0
-2.87,1625449482.0,64.0
4.42,1625449482.0,64.0
11.28,1625449482.0,64.0
17.49,1625449482.0,64.0
22.71,1625449482.0,64.0
26.59,1625449482.0,64.0
28.92,1625449482.0,64.0
29.78,1625449482.0,64.0
29.54,1625449482.0,64.0
28.75,1625449482.0,64.0
27.95,1625449482.0,64.0
27.56,1625449482.0,64.0
27.76,1625449482.0,64.0
28.53,1625449482.0,64.0
29.68,1625449482.0,64.0
30.87,1625449482.0,64.0
31.7,1625449482.0,64.0
31.74,1625449482.0,64.0
30.62,1625449482.0,64.0
28.23,1625449482.0,64.0
24.79,1625449482.0,64.0
20.79,1625449482.0,64.0
16.78,1625449482.0,64.0
13.05,1625449482.0,64.0
9.55,1625449482.0,64.0
6.02,1625449482.0,64.0
2.26,1625449482.0,64.0
-1.53,1625449482.0,64.0
-4.89,1625449482.0,64.0
-7.4,1625449482.0,64.0
-9.08,1625449482.0,64.0
-10.47,1625449482.0,64.0
-12.34,1625449482.0,64.0
-15.22,1625449482.0,64.0
-18.95,1625449482.0,64.0
-22.83,1625449482.0,64.0
-26.02,1625449482.0,64.0
-28.14,1625449482.0,64.0
-29.54,1625449482.0,64.0
-30.89,1625449482.0,64.0
-32.67,1625449482.0,64.0
-34.65,1625449482.0,64.0
-35.95,1625449482.0,64.0
-35.44,1625449482.0,64.0
-32.49,1625449482.0,64.0
-27.2,1625449482.0,64.0
-20.43,1625449482.0,64.0
-13.24,1625449482.0,64.0
-6.37,1625449482.0,64.0
0.02,1625449482.0,64.0
6.11,1625449482.0,64.0
12.11,1625449482.0,64.0
17.91,1625449482.0,64.0
23.03,1625449482.0,64.0
26.93,1625449482.0,64.0
29.3,1625449482.0,64.0
30.31,1625449482.0,64.0
30.62,1625449482.0,64.0
30.96,1625449482.0,64.0
31.86,1625449482.0,64.0
33.33,1625449482.0,64.0
34.94,1625449482.0,64.0
36.06,1625449482.0,64.0
36.19,1625449482.0,64.0
35.2,1625449482.0,64.0
33.3,1625449482.0,64.0
30.91,1625449482.0,64.0
28.33,1625449482.0,64.0
25.69,1625449482.0,64.0
22.9,1625449482.0,64.0
19.81,1625449482.0,64.0
16.35,1625449482.0,64.0
12.59,1625449482.0,64.0
8.75,1625449482.0,64.0
5.09,1625449482.0,64.0
1.88,1625449482.0,64.0
-0.73,1625449482.0,64.0
-2.66,1625449482.0,64.0
-3.99,1625449482.0,64.0
-4.94,1625449482.0,64.0
-5.82,1625449482.0,64.0
-7.06,1625449482.0,64.0
-9.01,1625449482.0,64.0
-11.93,1625449482.0,64.0
-15.84,1625449482.0,64.0
-20.46,1625449482.0,64.0
-25.27,1625449482.0,64.0
-29.62,1625449482.0,64.0
-32.83,1625449482.0,64.0
-34.36,1625449482.0,64.0
-33.95,1625449482.0,64.0
-31.55,1625449482.0,64.0
-27.4,1625449482.0,64.0
-21.83,1625449482.0,64.0
-15.26,1625449482.0,64.0
-8.01,1625449482.0,64.0
-0.4,1625449482.0,64.0
7.25,1625449482.0,64.0
14.47,1625449482.0,64.0
20.75,1625449482.0,64.0
25.6,1625449482.0,64.0
28.77,1625449482.0,64.0
30.37,1625449482.0,64.0
30.85,1625449482.0,64.0
30.83,1625449482.0,64.0
30.87,1625449482.0,64.0
31.23,1625449482.0,64.0
31.79,1625449482.0,64.0
32.15,1625449482.0,64.0
31.89,1625449482.0,64.0
30.72,1625449482.0,64.0
28.61,1625449482.0,64.0
25.77,1625449482.0,64.0
22.47,1625449482.0,64.0
18.98,1625449482.0,64.0
15.43,1625449482.0,64.0
11.79,1625449482.0,64.0
7.99,1625449482.0,64.0
3.96,1625449482.0,64.0
-0.29,1625449482.0,64.0
-4.63,1625449482.0,64.0
-8.86,1625449482.0,64.0
-12.77,1625449482.0,64.0
-16.23,1625449482.0,64.0
-19.23,1625449482.0,64.0
-21.89,1625449482.0,64.0
-24.45,1625449482.0,64.0
-27.12,1625449482.0,64.0
-30.1,1625449482.0,64.0
-33.48,1625449482.0,64.0
-37.31,1625449482.0,64.0
-41.56,1625449482.0,64.0
-46.09,1625449482.0,64.0
-50.63,1625449482.0,64.0
-54.68,1625449482.0,64.0
-57.59,1625449482.0,64.0
-58.6,1625449482.0,64.0
-57.1,1625449482.0,64.0
-52.77,1625449482.0,64.0
-45.77,1625449482.0,64.0
-36.67,1625449482.0,64.0
-26.36,1625449482.0,64.0
-15.73,1625449482.0,64.0
-5.51,1625449482.0,64.0
3.85,1625449482.0,64.0
12.01,1625449482.0,64.0
18.75,1625449482.0,64.0
23.79,1625449482.0,64.0
26.9,1625449482.0,64.0
28.2,1625449482.0,64.0
28.28,1625449482.0,64.0
28.23,1625449482.0,64.0
29.16,1625449482.0,64.0
31.67,1625449482.0,64.0
35.45,1625449482.0,64.0
39.24,1625449482.0,64.0
41.44,1625449482.0,64.0
40.76,1625449482.0,64.0
36.96,1625449482.0,64.0
30.91,1625449482.0,64.0
24.14,1625449482.0,64.0
18.01,1625449482.0,64.0
13.03,1625449482.0,64.0
8.78,1625449482.0,64.0
4.31,1625449482.0,64.0
-1.1,1625449482.0,64.0
-7.38,1625449482.0,64.0
-13.64,1625449482.0,64.0
-18.71,1625449482.0,64.0
-21.84,1625449482.0,64.0
-23.13,1625449482.0,64.0
-23.48,1625449482.0,64.0
-23.94,1625449482.0,64.0
-25.18,1625449482.0,64.0
-27.11,1625449482.0,64.0
-29.15,1625449482.0,64.0
-30.72,1625449482.0,64.0
-31.8,1625449482.0,64.0
-32.92,1625449482.0,64.0
-34.79,1625449482.0,64.0
-37.8,1625449482.0,64.0
-41.56,1625449482.0,64.0
-45.13,1625449482.0,64.0
-47.31,1625449482.0,64.0
-47.24,1625449482.0,64.0
-44.64,1625449482.0,64.0
-39.86,1625449482.0,64.0
-33.56,1625449482.0,64.0
-26.4,1625449482.0,64.0
-18.83,1625449482.0,64.0
-11.01,1625449482.0,64.0
-2.95,1625449482.0,64.0
5.36,1625449482.0,64.0
13.73,1625449482.0,64.0
21.71,1625449482.0,64.0
28.66,1625449482.0,64.0
33.91,1625449482.0,64.0
37.05,1625449482.0,64.0
38.1,1625449482.0,64.0
37.6,1625449482.0,64.0
36.36,1625449482.0,64.0
35.2,1625449482.0,64.0
34.61,1625449482.0,64.0
34.57,1625449482.0,64.0
34.69,1625449482.0,64.0
34.47,1625449482.0,64.0
33.56,1625449482.0,64.0
31.95,1625449482.0,64.0
29.82,1625449482.0,64.0
27.47,1625449482.0,64.0
25.02,1625449482.0,64.0
22.44,1625449482.0,64.0
19.61,1625449482.0,64.0
16.49,1625449482.0,64.0
13.17,1625449482.0,64.0
9.89,1625449482.0,64.0
6.86,1625449482.0,64.0
4.15,1625449482.0,64.0
1.66,1625449482.0,64.0
-0.87,1625449482.0,64.0
-3.65,1625449482.0,64.0
-6.83,1625449482.0,64.0
-10.4,1625449482.0,64.0
-14.25,1625449482.0,64.0
-18.24,1625449482.0,64.0
-22.27,1625449482.0,64.0
-26.31,1625449482.0,64.0
-30.42,1625449482.0,64.0
-34.71,1625449482.0,64.0
-39.14,1625449482.0,64.0
-43.53,1625449482.0,64.0
-47.38,1625449482.0,64.0
-49.98,1625449482.0,64.0
-50.57,1625449482.0,64.0
-48.61,1625449482.0,64.0
-44.01,1625449482.0,64.0
-37.18,1625449482.0,64.0
-28.88,1625449482.0,64.0
-19.91,1625449482.0,64.0
-10.86,1625449482.0,64.0
-2.0,1625449482.0,64.0
6.58,1625449482.0,64.0
14.72,1625449482.0,64.0
22.08,1625449482.0,64.0
28.13,1625449482.0,64.0
32.39,1625449482.0,64.0
34.69,1625449482.0,64.0
35.29,1625449482.0,64.0
34.86,1625449482.0,64.0
34.15,1625449482.0,64.0
33.7,1625449482.0,64.0
33.63,1625449482.0,64.0
33.67,1625449482.0,64.0
33.34,1625449482.0,64.0
32.24,1625449482.0,64.0
30.26,1625449482.0,64.0
27.6,1625449482.0,64.0
24.62,1625449482.0,64.0
21.63,1625449482.0,64.0
18.86,1625449482.0,64.0
16.27,1625449482.0,64.0
13.74,1625449482.0,64.0
11.16,1625449482.0,64.0
8.5,1625449482.0,64.0
5.84,1625449482.0,64.0
3.32,1625449482.0,64.0
1.02,1625449482.0,64.0
-1.09,1625449482.0,64.0
-3.12,1625449482.0,64.0
-5.25,1625449482.0,64.0
-7.6,1625449482.0,64.0
-10.2,1625449482.0,64.0
-12.97,1625449482.0,64.0
-15.74,1625449482.0,64.0
-18.38,1625449482.0,64.0
-20.92,1625449482.0,64.0
-23.54,1625449482.0,64.0
-26.55,1625449482.0,64.0
-30.18,1625449482.0,64.0
-34.41,1625449482.0,64.0
-38.73,1625449482.0,64.0
-42.28,1625449482.0,64.0
-44.08,1625449482.0,64.0
-43.36,1625449482.0,64.0
-39.91,1625449482.0,64.0
-34.17,1625449482.0,64.0
-27.01,1625449482.0,64.0
-19.38,1625449482.0,64.0
-11.95,1625449482.0,64.0
-4.96,1625449482.0,64.0
1.65,1625449482.0,64.0
7.96,1625449482.0,64.0
13.89,1625449482.0,64.0
19.1,1625449482.0,64.0
23.29,1625449482.0,64.0
26.37,1625449482.0,64.0
28.66,1625449482.0,64.0
30.62,1625449482.0,64.0
32.64,1625449482.0,64.0
34.62,1625449482.0,64.0
36.09,1625449482.0,64.0
36.5,1625449482.0,64.0
35.6,1625449482.0,64.0
33.64,1625449482.0,64.0
31.25,1625449482.0,64.0
28.98,1625449482.0,64.0
26.95,1625449482.0,64.0
24.78,1625449482.0,64.0
21.92,1625449482.0,64.0
18.09,1625449482.0,64.0
13.57,1625449482.0,64.0
9.05,1625449482.0,64.0
5.22,1625449482.0,64.0
2.34,1625449482.0,64.0
0.1,1625449482.0,64.0
-2.09,1625449482.0,64.0
-4.66,1625449482.0,64.0
-7.62,1625449482.0,64.0
-10.58,1625449482.0,64.0
-13.07,1625449482.0,64.0
-14.92,1625449482.0,64.0
-16.34,1625449482.0,64.0
-17.76,1625449482.0,64.0
-19.57,1625449482.0,64.0
-21.88,1625449482.0,64.0
-24.58,1625449482.0,64.0
-27.45,1625449482.0,64.0
-30.41,1625449482.0,64.0
-33.43,1625449482.0,64.0
-36.38,1625449482.0,64.0
-38.86,1625449482.0,64.0
-40.21,1625449482.0,64.0
-39.75,1625449482.0,64.0
-37.02,1625449482.0,64.0
-32.07,1625449482.0,64.0
-25.38,1625449482.0,64.0
-17.69,1625449482.0,64.0
-9.64,1625449482.0,64.0
-1.64,1625449482.0,64.0
6.09,1625449482.0,64.0
13.36,1625449482.0,64.0
19.83,1625449482.0,64.0
25.02,1625449482.0,64.0
28.5,1625449482.0,64.0
30.14,1625449482.0,64.0
30.24,1625449482.0,64.0
29.48,1625449482.0,64.0
28.64,1625449482.0,64.0
28.29,1625449482.0,64.0
28.6,1625449482.0,64.0
29.4,1625449482.0,64.0
30.27,1625449482.0,64.0
30.83,1625449482.0,64.0
30.86,1625449482.0,64.0
30.31,1625449482.0,64.0
29.22,1625449482.0,64.0
27.62,1625449482.0,64.0
25.54,1625449482.0,64.0
23.06,1625449482.0,64.0
20.37,1625449482.0,64.0
17.73,1625449482.0,64.0
15.4,1625449482.0,64.0
13.47,1625449482.0,64.0
11.84,1625449482.0,64.0
10.24,1625449482.0,64.0
8.41,1625449482.0,64.0
6.21,1625449482.0,64.0
3.66,1625449482.0,64.0
0.87,1625449482.0,64.0
-2.02,1625449482.0,64.0
-4.96,1625449482.0,64.0
-7.99,1625449482.0,64.0
-11.17,1625449482.0,64.0
-14.59,1625449482.0,64.0
-18.29,1625449482.0,64.0
-22.26,1625449482.0,64.0
-26.32,1625449482.0,64.0
-30.1,1625449482.0,64.0
-33.02,1625449482.0,64.0
-34.35,1625449482.0,64.0
-33.52,1625449482.0,64.0
-30.31,1625449482.0,64.0
-25.01,1625449482.0,64.0
-18.33,1625449482.0,64.0
-11.09,1625449482.0,64.0
-3.89,1625449482.0,64.0
2.95,1625449482.0,64.0
9.35,1625449482.0,64.0
15.27,1625449482.0,64.0
20.46,1625449482.0,64.0
24.56,1625449482.0,64.0
27.26,1625449482.0,64.0
28.51,1625449482.0,64.0
28.67,1625449482.0,64.0
28.39,1625449482.0,64.0
28.24,1625449482.0,64.0
28.56,1625449482.0,64.0
29.27,1625449482.0,64.0
30.02,1625449482.0,64.0
30.36,1625449482.0,64.0
30.0,1625449482.0,64.0
28.86,1625449482.0,64.0
27.05,1625449482.0,64.0
24.76,1625449482.0,64.0
22.11,1625449482.0,64.0
19.17,1625449482.0,64.0
15.93,1625449482.0,64.0
12.38,1625449482.0,64.0
8.55,1625449482.0,64.0
4.55,1625449482.0,64.0
0.52,1625449482.0,64.0
-3.41,1625449482.0,64.0
-7.13,1625449482.0,64.0
-10.62,1625449482.0,64.0
-13.91,1625449482.0,64.0
-17.05,1625449482.0,64.0
-20.1,1625449482.0,64.0
-23.1,1625449482.0,64.0
-26.11,1625449482.0,64.0
-29.24,1625449482.0,64.0
-32.67,1625449482.0,64.0
-36.49,1625449482.0,64.0
-40.6,1625449482.0,64.0
-44.63,1625449482.0,64.0
-47.95,1625449482.0,64.0
-49.9,1625449482.0,64.0
-50.0,1625449482.0,64.0
-48.11,1625449482.0,64.0
-44.47,1625449482.0,64.0
-39.52,1625449482.0,64.0
-33.62,1625449482.0,64.0
-26.94,1625449482.0,64.0
-19.48,1625449482.0,64.0
-11.18,1625449482.0,64.0
-2.19,1625449482.0,64.0
7.04,1625449482.0,64.0
15.75,1625449482.0,64.0
23.13,1625449482.0,64.0
28.46,1625449482.0,64.0
31.39,1625449482.0,64.0
32.05,1625449482.0,64.0
31.04,1625449482.0,64.0
29.27,1625449482.0,64.0
27.8,1625449482.0,64.0
27.44,1625449482.0,64.0
28.6,1625449482.0,64.0
31.06,1625449482.0,64.0
34.05,1625449482.0,64.0
36.46,1625449482.0,64.0
37.26,1625449482.0,64.0
35.83,1625449482.0,64.0
32.16,1625449482.0,64.0
26.85,1625449482.0,64.0
20.72,1625449482.0,64.0
14.43,1625449482.0,64.0
8.26,1625449482.0,64.0
2.14,1625449482.0,64.0
-4.1,1625449482.0,64.0
-10.39,1625449482.0,64.0
-16.28,1625449482.0,64.0
-21.16,1625449482.0,64.0
-24.63,1625449482.0,64.0
-26.73,1625449482.0,64.0
-28.03,1625449482.0,64.0
-29.32,1625449482.0,64.0
-31.11,1625449482.0,64.0
-33.51,1625449482.0,64.0
-36.24,1625449482.0,64.0
-38.99,1625449482.0,64.0
-41.69,1625449482.0,64.0
-44.49,1625449482.0,64.0
-47.54,1625449482.0,64.0
-50.64,1625449482.0,64.0
-53.15,1625449482.0,64.0
-54.11,1625449482.0,64.0
-52.75,1625449482.0,64.0
-48.79,1625449482.0,64.0
-42.6,1625449482.0,64.0
-34.91,1625449482.0,64.0
-26.48,1625449482.0,64.0
-17.81,1625449482.0,64.0
-9.06,1625449482.0,64.0
-0.26,1625449482.0,64.0
8.45,1625449482.0,64.0
16.75,1625449482.0,64.0
24.1,1625449482.0,64.0
30.01,1625449482.0,64.0
34.17,1625449482.0,64.0
36.61,1625449482.0,64.0
37.66,1625449482.0,64.0
37.82,1625449482.0,64.0
37.56,1625449482.0,64.0
37.21,1625449482.0,64.0
36.84,1625449482.0,64.0
36.36,1625449482.0,64.0
35.58,1625449482.0,64.0
34.33,1625449482.0,64.0
32.6,1625449482.0,64.0
30.41,1625449482.0,64.0
27.88,1625449482.0,64.0
25.04,1625449482.0,64.0
21.83,1625449482.0,64.0
18.23,1625449482.0,64.0
14.3,1625449482.0,64.0
10.22,1625449482.0,64.0
6.24,1625449482.0,64.0
2.58,1625449482.0,64.0
-0.65,1625449482.0,64.0
-3.47,1625449482.0,64.0
-5.98,1625449482.0,64.0
-8.27,1625449482.0,64.0
-10.44,1625449482.0,64.0
-12.58,1625449482.0,64.0
-14.8,1625449482.0,64.0
-17.24,1625449482.0,64.0
-19.99,1625449482.0,64.0
-23.12,1625449482.0,64.0
-26.57,1625449482.0,64.0
-30.26,1625449482.0,64.0
-34.06,1625449482.0,64.0
-37.74,1625449482.0,64.0
-40.97,1625449482.0,64.0
-43.27,1625449482.0,64.0
-44.14,1625449482.0,64.0
-43.14,1625449482.0,64.0
-40.18,1625449482.0,64.0
-35.39,1625449482.0,64.0
-29.14,1625449482.0,64.0
-21.82,1625449482.0,64.0
-13.72,1625449482.0,64.0
-5.1,1625449482.0,64.0
3.74,1625449482.0,64.0
12.3,1625449482.0,64.0
19.9,1625449482.0,64.0
25.85,1625449482.0,64.0
29.78,1625449482.0,64.0
31.73,1625449482.0,64.0
32.25,1625449482.0,64.0
32.07,1625449482.0,64.0
31.89,1625449482.0,64.0
32.06,1625449482.0,64.0
32.51,1625449482.0,64.0
32.88,1625449482.0,64.0
32.71,1625449482.0,64.0
31.7,1625449482.0,64.0
29.78,1625449482.0,64.0
27.08,1625449482.0,64.0
23.91,1625449482.0,64.0
20.62,1625449482.0,64.0
17.68,1625449482.0,64.0
15.51,1625449482.0,64.0
14.42,1625449482.0,64.0
14.39,1625449482.0,64.0
14.9,1625449482.0,64.0
15.1,1625449482.0,64.0
14.12,1625449482.0,64.0
11.58,1625449482.0,64.0
7.77,1625449482.0,64.0
3.48,1625449482.0,64.0
-0.52,1625449482.0,64.0
-3.93,1625449482.0,64.0
-7.09,1625449482.0,64.0
-10.59,1625449482.0,64.0
-14.77,1625449482.0,64.0
-19.36,1625449482.0,64.0
-23.67,1625449482.0,64.0
-27.14,1625449482.0,64.0
-29.87,1625449482.0,64.0
-32.59,1625449482.0,64.0
-36.14,1625449482.0,64.0
-40.77,1625449482.0,64.0
-45.69,1625449482.0,64.0
-49.33,1625449482.0,64.0
-50.16,1625449482.0,64.0
-47.41,1625449482.0,64.0
-41.47,1625449482.0,64.0
-33.5,1625449482.0,64.0
-24.83,1625449482.0,64.0
-16.29,1625449482.0,64.0
-8.07,1625449482.0,64.0
-0.0,1625449482.0,64.0
7.98,1625449482.0,64.0
15.61,1625449482.0,64.0
22.25,1625449482.0,64.0
27.3,1625449482.0,64.0
30.42,1625449482.0,64.0
31.79,1625449482.0,64.0
31.96,1625449482.0,64.0
31.58,1625449482.0,64.0
31.13,1625449482.0,64.0
30.9,1625449482.0,64.0
30.85,1625449482.0,64.0
30.86,1625449482.0,64.0
30.77,1625449482.0,64.0
30.39,1625449482.0,64.0
29.64,1625449482.0,64.0
28.46,1625449482.0,64.0
26.83,1625449482.0,64.0
24.78,1625449482.0,64.0
22.4,1625449482.0,64.0
19.77,1625449482.0,64.0
17.03,1625449482.0,64.0
14.29,1625449482.0,64.0
11.63,1625449482.0,64.0
9.07,1625449482.0,64.0
6.62,1625449482.0,64.0
4.27,1625449482.0,64.0
2.04,1625449482.0,64.0
-0.03,1625449482.0,64.0
-1.98,1625449482.0,64.0
-3.92,1625449482.0,64.0
-6.03,1625449482.0,64.0
-8.5,1625449482.0,64.0
-11.41,1625449482.0,64.0
-14.69,1625449482.0,64.0
-18.14,1625449482.0,64.0
-21.65,1625449482.0,64.0
-25.18,1625449482.0,64.0
-28.85,1625449482.0,64.0
-32.67,1625449482.0,64.0
-36.37,1625449482.0,64.0
-39.33,1625449482.0,64.0
-40.7,1625449482.0,64.0
-39.71,1625449482.0,64.0
-36.08,1625449482.0,64.0
-30.07,1625449482.0,64.0
-22.44,1625449482.0,64.0
-14.06,1625449482.0,64.0
-5.66,1625449482.0,64.0
2.36,1625449482.0,64.0
9.83,1625449482.0,64.0
16.59,1625449482.0,64.0
22.35,1625449482.0,64.0
26.75,1625449482.0,64.0
29.51,1625449482.0,64.0
30.68,1625449482.0,64.0
30.7,1625449482.0,64.0
30.26,1625449482.0,64.0
30.04,1625449482.0,64.0
30.41,1625449482.0,64.0
31.32,1625449482.0,64.0
32.35,1625449482.0,64.0
32.95,1625449482.0,64.0
32.76,1625449482.0,64.0
31.78,1625449482.0,64.0
30.26,1625449482.0,64.0
28.59,1625449482.0,64.0
27.09,1625449482.0,64.0
25.8,1625449482.0,64.0
24.53,1625449482.0,64.0
22.97,1625449482.0,64.0
20.87,1625449482.0,64.0
18.13,1625449482.0,64.0
14.87,1625449482.0,64.0
11.31,1625449482.0,64.0
7.73,1625449482.0,64.0
4.37,1625449482.0,64.0
1.3,1625449482.0,64.0
-1.54,1625449482.0,64.0
-4.35,1625449482.0,64.0
-7.4,1625449482.0,64.0
-10.93,1625449482.0,64.0
-15.05,1625449482.0,64.0
-19.73,1625449482.0,64.0
-24.79,1625449482.0,64.0
-29.89,1625449482.0,64.0
-34.69,1625449482.0,64.0
-38.81,1625449482.0,64.0
-41.86,1625449482.0,64.0
-43.53,1625449482.0,64.0
-43.53,1625449482.0,64.0
-41.73,1625449482.0,64.0
-38.23,1625449482.0,64.0
-33.42,1625449482.0,64.0
-27.76,1625449482.0,64.0
-21.62,1625449482.0,64.0
-15.05,1625449482.0,64.0
-7.76,1625449482.0,64.0
0.53,1625449482.0,64.0
9.72,1625449482.0,64.0
19.04,1625449482.0,64.0
27.14,1625449482.0,64.0
32.55,1625449482.0,64.0
34.37,1625449482.0,64.0
32.82,1625449482.0,64.0
29.17,1625449482.0,64.0
25.19,1625449482.0,64.0
22.26,1625449482.0,64.0
20.77,1625449482.0,64.0
20.03,1625449482.0,64.0
18.77,1625449482.0,64.0
15.96,1625449482.0,64.0
11.44,1625449482.0,64.0
5.94,1625449482.0,64.0
0.67,1625449482.0,64.0
-3.36,1625449482.0,64.0
-5.85,1625449482.0,64.0
-7.23,1625449482.0,64.0
-8.39,1625449482.0,64.0
-10.04,1625449482.0,64.0
-12.37,1625449482.0,64.0
-14.95,1625449482.0,64.0
-17.14,1625449482.0,64.0
-18.47,1625449482.0,64.0
-18.97,1625449482.0,64.0
-19.2,1625449482.0,64.0
-19.9,1625449482.0,64.0
-21.55,1625449482.0,64.0
-24.14,1625449482.0,64.0
-27.22,1625449482.0,64.0
-30.17,1625449482.0,64.0
-32.68,1625449482.0,64.0
-34.86,1625449482.0,64.0
-37.22,1625449482.0,64.0
-40.22,1625449482.0,64.0
-43.93,1625449482.0,64.0
-47.76,1625449482.0,64.0
-50.69,1625449482.0,64.0
-51.61,1625449482.0,64.0
-49.86,1625449482.0,64.0
-45.43,1625449482.0,64.0
-38.87,1625449482.0,64.0
-31.04,1625449482.0,64.0
-22.7,1625449482.0,64.0
-14.28,1625449482.0,64.0
-5.94,1625449482.0,64.0
2.31,1625449482.0,64.0
10.32,1625449482.0,64.0
17.71,1625449482.0,64.0
23.93,1625449482.0,64.0
28.47,1625449482.0,64.0
31.08,1625449482.0,64.0
31.91,1625449482.0,64.0
31.5,1625449482.0,64.0
30.61,1625449482.0,64.0
29.88,1625449482.0,64.0
29.62,1625449482.0,64.0
29.73,1625449482.0,64.0
29.76,1625449482.0,64.0
29.21,1625449482.0,64.0
27.74,1625449482.0,64.0
25.38,1625449482.0,64.0
22.48,1625449482.0,64.0
19.53,1625449482.0,64.0
16.91,1625449482.0,64.0
14.75,1625449482.0,64.0
12.84,1625449482.0,64.0
10.84,1625449482.0,64.0
8.41,1625449482.0,64.0
5.43,1625449482.0,64.0
1.99,1625449482.0,64.0
-1.65,1625449482.0,64.0
-5.21,1625449482.0,64.0
-8.52,1625449482.0,64.0
-11.48,1625449482.0,64.0
-14.11,1625449482.0,64.0
-16.47,1625449482.0,64.0
-18.63,1625449482.0,64.0
-20.67,1625449482.0,64.0
-22.69,1625449482.0,64.0
-24.86,1625449482.0,64.0
-27.45,1625449482.0,64.0
-30.62,1625449482.0,64.0
-34.41,1625449482.0,64.0
-38.54,1625449482.0,64.0
-42.43,1625449482.0,64.0
-45.29,1625449482.0,64.0
-46.4,1625449482.0,64.0
-45.26,1625449482.0,64.0
-41.84,1625449482.0,64.0
-36.5,1625449482.0,64.0
-29.86,1625449482.0,64.0
-22.52,1625449482.0,64.0
-14.91,1625449482.0,64.0
-7.23,1625449482.0,64.0
0.47,1625449482.0,64.0
8.02,1625449482.0,64.0
15.15,1625449482.0,64.0
21.4,1625449482.0,64.0
26.32,1625449482.0,64.0
29.61,1625449482.0,64.0
31.36,1625449482.0,64.0
31.87,1625449482.0,64.0
31.7,1625449482.0,64.0
31.36,1625449482.0,64.0
31.17,1625449482.0,64.0
31.16,1625449482.0,64.0
31.12,1625449482.0,64.0
30.74,1625449482.0,64.0
29.79,1625449482.0,64.0
28.25,1625449482.0,64.0
26.23,1625449482.0,64.0
23.94,1625449482.0,64.0
21.52,1625449482.0,64.0
19.04,1625449482.0,64.0
16.48,1625449482.0,64.0
13.81,1625449482.0,64.0
11.09,1625449482.0,64.0
8.44,1625449482.0,64.0
6.03,1625449482.0,64.0
3.91,1625449482.0,64.0
2.0,1625449482.0,64.0
0.05,1625449482.0,64.0
-2.22,1625449482.0,64.0
-5.0,1625449482.0,64.0
-8.31,1625449482.0,64.0
-11.86,1625449482.0,64.0
-15.12,1625449482.0,64.0
-17.56,1625449482.0,64.0
-18.86,1625449482.0,64.0
-19.14,1625449482.0,64.0
-19.08,1625449482.0,64.0
-19.7,1625449482.0,64.0
-21.84,1625449482.0,64.0
-25.73,1625449482.0,64.0
-30.78,1625449482.0,64.0
-35.72,1625449482.0,64.0
-39.27,1625449482.0,64.0
-40.66,1625449482.0,64.0
-39.88,1625449482.0,64.0
-37.53,1625449482.0,64.0
-34.31,1625449482.0,64.0
-30.48,1625449482.0,64.0
-25.89,1625449482.0,64.0
-20.23,1625449482.0,64.0
-13.49,1625449482.0,64.0
-6.24,1625449482.0,64.0
0.61,1625449482.0,64.0
6.21,1625449482.0,64.0
10.27,1625449482.0,64.0
13.08,1625449482.0,64.0
15.27,1625449482.0,64.0
17.37,1625449482.0,64.0
19.61,1625449482.0,64.0
21.8,1625449482.0,64.0
23.64,1625449482.0,64.0
24.94,1625449482.0,64.0
25.71,1625449482.0,64.0
26.07,1625449482.0,64.0
26.13,1625449482.0,64.0
25.88,1625449482.0,64.0
25.22,1625449482.0,64.0
24.09,1625449482.0,64.0
22.44,1625449482.0,64.0
20.34,1625449482.0,64.0
17.92,1625449482.0,64.0
15.35,1625449482.0,64.0
12.84,1625449482.0,64.0
10.59,1625449482.0,64.0
8.75,1625449482.0,64.0
7.3,1625449482.0,64.0
6.08,1625449482.0,64.0
4.79,1625449482.0,64.0
3.2,1625449482.0,64.0
1.21,1625449482.0,64.0
-1.11,1625449482.0,64.0
-3.62,1625449482.0,64.0
-6.2,1625449482.0,64.0
-8.83,1625449482.0,64.0
-11.62,1625449482.0,64.0
-14.73,1625449482.0,64.0
-18.32,1625449482.0,64.0
-22.44,1625449482.0,64.0
-27.04,1625449482.0,64.0
-31.81,1625449482.0,64.0
-36.27,1625449482.0,64.0
-39.71,1625449482.0,64.0
-41.37,1625449482.0,64.0
-40.69,1625449482.0,64.0
-37.47,1625449482.0,64.0
-32.04,1625449482.0,64.0
-25.06,1625449482.0,64.0
-17.37,1625449482.0,64.0
-9.61,1625449482.0,64.0
-2.11,1625449482.0,64.0
5.06,1625449482.0,64.0
11.93,1625449482.0,64.0
18.37,1625449482.0,64.0
24.07,1625449482.0,64.0
28.58,1625449482.0,64.0
31.63,1625449482.0,64.0
33.25,1625449482.0,64.0
33.83,1625449482.0,64.0
34.01,1625449482.0,64.0
34.34,1625449482.0,64.0
35.08,1625449482.0,64.0
36.12,1625449482.0,64.0
37.08,1625449482.0,64.0
37.53,1625449482.0,64.0
37.24,1625449482.0,64.0
36.21,1625449482.0,64.0
34.61,1625449482.0,64.0
32.66,1625449482.0,64.0
30.5,1625449482.0,64.0
28.16,1625449482.0,64.0
25.62,1625449482.0,64.0
22.92,1625449482.0,64.0
20.15,1625449482.0,64.0
17.41,1625449482.0,64.0
14.8,1625449482.0,64.0
12.3,1625449482.0,64.0
9.83,1625449482.0,64.0
7.28,1625449482.0,64.0
4.55,1625449482.0,64.0
1.62,1625449482.0,64.0
-1.52,1625449482.0,64.0
-4.87,1625449482.0,64.0
-8.48,1625449482.0,64.0
-12.46,1625449482.0,64.0
-16.92,1625449482.0,64.0
-21.91,1625449482.0,64.0
-27.26,1625449482.0,64.0
-32.55,1625449482.0,64.0
-37.12,1625449482.0,64.0
-40.19,1625449482.0,64.0
-41.18,1625449482.0,64.0
-39.83,1625449482.0,64.0
-36.33,1625449482.0,64.0
-31.17,1625449482.0,64.0
-25.0,1625449482.0,64.0
-18.34,1625449482.0,64.0
-11.52,1625449482.0,64.0
-4.79,1625449482.0,64.0
1.62,1625449482.0,64.0
7.53,1625449482.0,64.0
12.77,1625449482.0,64.0
17.31,1625449482.0,64.0
21.23,1625449482.0,64.0
24.57,1625449482.0,64.0
27.27,1625449482.0,64.0
29.12,1625449482.0,64.0
29.93,1625449482.0,64.0
29.74,1625449482.0,64.0
28.86,1625449482.0,64.0
27.69,1625449482.0,64.0
26.43,1625449482.0,64.0
24.91,1625449482.0,64.0
22.7,1625449482.0,64.0
19.54,1625449482.0,64.0
15.6,1625449482.0,64.0
11.56,1625449482.0,64.0
8.26,1625449482.0,64.0
6.09,1625449482.0,64.0
4.74,1625449482.0,64.0
3.35,1625449482.0,64.0
1.1,1625449482.0,64.0
-2.28,1625449482.0,64.0
-6.23,1625449482.0,64.0
-9.84,1625449482.0,64.0
-12.47,1625449482.0,64.0
-14.14,1625449482.0,64.0
-15.61,1625449482.0,64.0
-17.77,1625449482.0,64.0
-21.09,1625449482.0,64.0
-25.35,1625449482.0,64.0
-29.89,1625449482.0,64.0
-34.1,1625449482.0,64.0
-37.82,1625449482.0,64.0
-41.33,1625449482.0,64.0
-44.94,1625449482.0,64.0
-48.57,1625449482.0,64.0
-51.6,1625449482.0,64.0
-53.05,1625449482.0,64.0
-52.16,1625449482.0,64.0
-48.68,1625449482.0,64.0
-43.01,1625449482.0,64.0
-35.87,1625449482.0,64.0
-27.99,1625449482.0,64.0
-19.77,1625449482.0,64.0
-11.36,1625449482.0,64.0
-2.84,1625449482.0,64.0
5.56,1625449482.0,64.0
13.37,1625449482.0,64.0
20.07,1625449482.0,64.0
25.27,1625449482.0,64.0
28.87,1625449482.0,64.0
31.08,1625449482.0,64.0
32.34,1625449482.0,64.0
33.1,1625449482.0,64.0
33.67,1625449482.0,64.0
34.17,1625449482.0,64.0
34.51,1625449482.0,64.0
34.49,1625449482.0,64.0
33.88,1625449482.0,64.0
32.52,1625449482.0,64.0
30.33,1625449482.0,64.0
27.41,1625449482.0,64.0
23.93,1625449482.0,64.0
20.18,1625449482.0,64.0
16.47,1625449482.0,64.0
13.03,1625449482.0,64.0
9.94,1625449482.0,64.0
7.16,1625449482.0,64.0
4.51,1625449482.0,64.0
1.78,1625449482.0,64.0
-1.1,1625449482.0,64.0
-4.1,1625449482.0,64.0
-7.11,1625449482.0,64.0
-9.96,1625449482.0,64.0
-12.62,1625449482.0,64.0
-15.13,1625449482.0,64.0
-17.56,1625449482.0,64.0
-20.06,1625449482.0,64.0
-22.76,1625449482.0,64.0
-25.8,1625449482.0,64.0
-29.28,1625449482.0,64.0
-33.21,1625449482.0,64.0
-37.32,1625449482.0,64.0
-41.12,1625449482.0,64.0
-43.89,1625449482.0,64.0
-44.94,1625449482.0,64.0
-43.79,1625449482.0,64.0
-40.4,1625449482.0,64.0
-35.1,1625449482.0,64.0
-28.46,1625449482.0,64.0
-21.05,1625449482.0,64.0
-13.32,1625449482.0,64.0
-5.5,1625449482.0,64.0
2.26,1625449482.0,64.0
9.83,1625449482.0,64.0
16.94,1625449482.0,64.0
23.22,1625449482.0,64.0
28.22,1625449482.0,64.0
31.63,1625449482.0,64.0
33.38,1625449482.0,64.0
33.73,1625449482.0,64.0
33.2,1625449482.0,64.0
32.4,1625449482.0,64.0
31.85,1625449482.0,64.0
31.72,1625449482.0,64.0
31.82,1625449482.0,64.0
31.72,1625449482.0,64.0
30.96,1625449482.0,64.0
29.28,1625449482.0,64.0
26.77,1625449482.0,64.0
23.72,1625449482.0,64.0
20.52,1625449482.0,64.0
17.44,1625449482.0,64.0
14.53,1625449482.0,64.0
11.74,1625449482.0,64.0
8.95,1625449482.0,64.0
6.14,1625449482.0,64.0
3.34,1625449482.0,64.0
0.65,1625449482.0,64.0
-1.89,1625449482.0,64.0
-4.29,1625449482.0,64.0
-6.62,1625449482.0,64.0
-8.93,1625449482.0,64.0
-11.28,1625449482.0,64.0
-13.74,1625449482.0,64.0
-16.46,1625449482.0,64.0
-19.58,1625449482.0,64.0
-23.28,1625449482.0,64.0
-27.54,1625449482.0,64.0
-32.2,1625449482.0,64.0
-36.85,1625449482.0,64.0
-40.96,1625449482.0,64.0
-43.99,1625449482.0,64.0
-45.5,1625449482.0,64.0
-45.2,1625449482.0,64.0
-43.03,1625449482.0,64.0
-39.04,1625449482.0,64.0
-33.4,1625449482.0,64.0
-26.37,1625449482.0,64.0
-18.21,1625449482.0,64.0
-9.24,1625449482.0,64.0
0.11,1625449482.0,64.0
9.22,1625449482.0,64.0
17.39,1625449482.0,64.0
23.95,1625449482.0,64.0
28.42,1625449482.0,64.0
30.75,1625449482.0,64.0
31.27,1625449482.0,64.0
30.62,1625449482.0,64.0
29.66,1625449482.0,64.0
29.22,1625449482.0,64.0
29.97,1625449482.0,64.0
32.17,1625449482.0,64.0
35.53,1625449482.0,64.0
39.16,1625449482.0,64.0
41.76,1625449482.0,64.0
42.1,1625449482.0,64.0
39.55,1625449482.0,64.0
34.44,1625449482.0,64.0
27.95,1625449482.0,64.0
21.57,1625449482.0,64.0
16.25,1625449482.0,64.0
12.03,1625449482.0,64.0
8.04,1625449482.0,64.0
3.18,1625449482.0,64.0
-3.0,1625449482.0,64.0
-9.94,1625449482.0,64.0
-16.26,1625449482.0,64.0
-20.65,1625449482.0,64.0
-22.56,1625449482.0,64.0
-22.53,1625449482.0,64.0
-21.84,1625449482.0,64.0
-21.67,1625449482.0,64.0
-22.46,1625449482.0,64.0
-23.78,1625449482.0,64.0
-24.9,1625449482.0,64.0
-25.46,1625449482.0,64.0
-25.81,1625449482.0,64.0
-26.82,1625449482.0,64.0
-29.07,1625449482.0,64.0
-32.39,1625449482.0,64.0
-35.61,1625449482.0,64.0
-37.17,1625449482.0,64.0
-35.87,1625449482.0,64.0
-31.4,1625449482.0,64.0
-24.48,1625449482.0,64.0
-16.33,1625449482.0,64.0
-8.05,1625449482.0,64.0
-0.27,1625449482.0,64.0
6.93,1625449482.0,64.0
13.66,1625449482.0,64.0
19.93,1625449482.0,64.0
25.45,1625449482.0,64.0
29.82,1625449482.0,64.0
32.78,1625449482.0,64.0
34.36,1625449482.0,64.0
34.91,1625449482.0,64.0
34.98,1625449482.0,64.0
35.03,1625449482.0,64.0
35.33,1625449482.0,64.0
35.88,1625449482.0,64.0
36.45,1625449482.0,64.0
36.72,1625449482.0,64.0
36.47,1625449482.0,64.0
35.56,1625449482.0,64.0
34.03,1625449482.0,64.0
32.02,1625449482.0,64.0
29.71,1625449482.0,64.0
27.23,1625449482.0,64.0
24.66,1625449482.0,64.0
22.05,1625449482.0,64.0
19.4,1625449482.0,64.0
16.76,1625449482.0,64.0
14.12,1625449482.0,64.0
11.49,1625449482.0,64.0
8.77,1625449482.0,64.0
5.91,1625449482.0,64.0
2.87,1625449482.0,64.0
-0.34,1625449482.0,64.0
-3.62,1625449482.0,64.0
-7.0,1625449482.0,64.0
-10.53,1625449482.0,64.0
-14.37,1625449482.0,64.0
-18.67,1625449482.0,64.0
-23.51,1625449482.0,64.0
-28.73,1625449482.0,64.0
-34.0,1625449482.0,64.0
-38.78,1625449482.0,64.0
-42.46,1625449482.0,64.0
-44.52,1625449482.0,64.0
-44.54,1625449482.0,64.0
-42.37,1625449482.0,64.0
-38.07,1625449482.0,64.0
-31.99,1625449482.0,64.0
-24.68,1625449482.0,64.0
-16.75,1625449482.0,64.0
-8.75,1625449482.0,64.0
-1.15,1625449482.0,64.0
5.71,1625449482.0,64.0
11.57,1625449482.0,64.0
16.22,1625449482.0,64.0
19.48,1625449482.0,64.0
21.27,1625449482.0,64.0
21.72,1625449482.0,64.0
21.23,1625449482.0,64.0
20.37,1625449482.0,64.0
19.73,1625449482.0,64.0
19.67,1625449482.0,64.0
20.21,1625449482.0,64.0
20.99,1625449482.0,64.0
21.45,1625449482.0,64.0
21.13,1625449482.0,64.0
19.85,1625449482.0,64.0
17.77,1625449482.0,64.0
15.23,1625449482.0,64.0
12.63,1625449482.0,64.0
10.15,1625449482.0,64.0
7.8,1625449482.0,64.0
5.43,1625449482.0,64.0
2.9,1625449482.0,64.0
0.14,1625449482.0,64.0
-2.8,1625449482.0,64.0
-5.81,1625449482.0,64.0
-8.81,1625449482.0,64.0
-11.76,1625449482.0,64.0
-14.65,1625449482.0,64.0
-17.52,1625449482.0,64.0
-20.4,1625449482.0,64.0
-23.25,1625449482.0,64.0
-26.04,1625449482.0,64.0
-28.81,1625449482.0,64.0
-31.63,1625449482.0,64.0
-34.58,1625449482.0,64.0
-37.65,1625449482.0,64.0
-40.67,1625449482.0,64.0
-43.24,1625449482.0,64.0
-44.78,1625449482.0,64.0
-44.73,1625449482.0,64.0
-42.66,1625449482.0,64.0
-38.52,1625449482.0,64.0
-32.57,1625449482.0,64.0
-25.34,1625449482.0,64.0
-17.45,1625449482.0,64.0
-9.37,1625449482.0,64.0
-1.46,1625449482.0,64.0
6.07,1625449482.0,64.0
13.01,1625449482.0,64.0
19.09,1625449482.0,64.0
23.95,1625449482.0,64.0
27.3,1625449482.0,64.0
29.04,1625449482.0,64.0
29.42,1625449482.0,64.0
28.95,1625449482.0,64.0
28.31,1625449482.0,64.0
27.99,1625449482.0,64.0
28.13,1625449482.0,64.0
28.46,1625449482.0,64.0
28.53,1625449482.0,64.0
27.93,1625449482.0,64.0
26.53,1625449482.0,64.0
24.46,1625449482.0,64.0
22.09,1625449482.0,64.0
19.66,1625449482.0,64.0
17.27,1625449482.0,64.0
14.85,1625449482.0,64.0
12.27,1625449482.0,64.0
9.52,1625449482.0,64.0
6.66,1625449482.0,64.0
3.86,1625449482.0,64.0
1.23,1625449482.0,64.0
-1.18,1625449482.0,64.0
-3.4,1625449482.0,64.0
-5.5,1625449482.0,64.0
-7.53,1625449482.0,64.0
-9.51,1625449482.0,64.0
-11.49,1625449482.0,64.0
-13.5,1625449482.0,64.0
-15.61,1625449482.0,64.0
-17.9,1625449482.0,64.0
-20.49,1625449482.0,64.0
-23.58,1625449482.0,64.0
-27.34,1625449482.0,64.0
-31.81,1625449482.0,64.0
-36.74,1625449482.0,64.0
-41.51,1625449482.0,64.0
-45.19,1625449482.0,64.0
-46.85,1625449482.0,64.0
-45.88,1625449482.0,64.0
-42.2,1625449482.0,64.0
-36.29,1625449482.0,64.0
-28.97,1625449482.0,64.0
-21.02,1625449482.0,64.0
-12.99,1625449482.0,64.0
-5.13,1625449482.0,64.0
2.53,1625449482.0,64.0
9.92,1625449482.0,64.0
16.79,1625449482.0,64.0
22.73,1625449482.0,64.0
27.29,1625449482.0,64.0
30.21,1625449482.0,64.0
31.56,1625449482.0,64.0
31.79,1625449482.0,64.0
31.47,1625449482.0,64.0
31.14,1625449482.0,64.0
30.99,1625449482.0,64.0
30.88,1625449482.0,64.0
30.49,1625449482.0,64.0
29.49,1625449482.0,64.0
27.78,1625449482.0,64.0
25.49,1625449482.0,64.0
22.93,1625449482.0,64.0
20.27,1625449482.0,64.0
17.51,1625449482.0,64.0
14.48,1625449482.0,64.0
11.0,1625449482.0,64.0
7.11,1625449482.0,64.0
3.04,1625449482.0,64.0
-0.83,1625449482.0,64.0
-4.16,1625449482.0,64.0
-6.86,1625449482.0,64.0
-9.02,1625449482.0,64.0
-10.9,1625449482.0,64.0
-12.78,1625449482.0,64.0
-14.85,1625449482.0,64.0
-17.11,1625449482.0,64.0
-19.46,1625449482.0,64.0
-21.74,1625449482.0,64.0
-23.84,1625449482.0,64.0
-25.82,1625449482.0,64.0
-27.88,1625449482.0,64.0
-30.31,1625449482.0,64.0
-33.31,1625449482.0,64.0
-36.82,1625449482.0,64.0
-40.35,1625449482.0,64.0
-43.1,1625449482.0,64.0
-44.14,1625449482.0,64.0
-42.81,1625449482.0,64.0
-38.97,1625449482.0,64.0
-33.03,1625449482.0,64.0
-25.77,1625449482.0,64.0
-17.95,1625449482.0,64.0
-10.11,1625449482.0,64.0
-2.47,1625449482.0,64.0
4.89,1625449482.0,64.0
11.84,1625449482.0,64.0
18.08,1625449482.0,64.0
23.21,1625449482.0,64.0
26.95,1625449482.0,64.0
29.25,1625449482.0,64.0
30.4,1625449482.0,64.0
30.88,1625449482.0,64.0
31.18,1625449482.0,64.0
31.62,1625449482.0,64.0
32.28,1625449482.0,64.0
33.0,1625449482.0,64.0
33.45,1625449482.0,64.0
33.27,1625449482.0,64.0
32.22,1625449482.0,64.0
30.21,1625449482.0,64.0
27.39,1625449482.0,64.0
24.07,1625449482.0,64.0
20.64,1625449482.0,64.0
17.39,1625449482.0,64.0
14.48,1625449482.0,64.0
11.91,1625449482.0,64.0
9.62,1625449482.0,64.0
7.5,1625449482.0,64.0
5.55,1625449482.0,64.0
3.73,1625449482.0,64.0
2.0,1625449482.0,64.0
0.29,1625449482.0,64.0
-1.5,1625449482.0,64.0
-3.46,1625449482.0,64.0
-5.59,1625449482.0,64.0
-7.89,1625449482.0,64.0
-10.36,1625449482.0,64.0
-13.09,1625449482.0,64.0
-16.24,1625449482.0,64.0
-19.9,1625449482.0,64.0
-23.98,1625449482.0,64.0
-28.08,1625449482.0,64.0
-31.46,1625449482.0,64.0
-33.29,1625449482.0,64.0
-32.87,1625449482.0,64.0
-29.97,1625449482.0,64.0
-24.83,1625449482.0,64.0
-18.11,1625449482.0,64.0
-10.57,1625449482.0,64.0
-2.86,1625449482.0,64.0
4.6,1625449482.0,64.0
11.61,1625449482.0,64.0
17.92,1625449482.0,64.0
23.23,1625449482.0,64.0
27.16,1625449482.0,64.0
29.43,1625449482.0,64.0
30.03,1625449482.0,64.0
29.28,1625449482.0,64.0
27.79,1625449482.0,64.0
26.21,1625449482.0,64.0
25.07,1625449482.0,64.0
24.59,1625449482.0,64.0
24.61,1625449482.0,64.0
24.78,1625449482.0,64.0
24.67,1625449482.0,64.0
23.99,1625449482.0,64.0
22.65,1625449482.0,64.0
20.85,1625449482.0,64.0
18.82,1625449482.0,64.0
16.83,1625449482.0,64.0
14.99,1625449482.0,64.0
13.27,1625449482.0,64.0
11.61,1625449482.0,64.0
9.9,1625449482.0,64.0
8.07,1625449482.0,64.0
6.05,1625449482.0,64.0
3.76,1625449482.0,64.0
1.1,1625449482.0,64.0
-1.97,1625449482.0,64.0
-5.53,1625449482.0,64.0
-9.57,1625449482.0,64.0
-14.04,1625449482.0,64.0
-18.86,1625449482.0,64.0
-23.97,1625449482.0,64.0
-29.23,1625449482.0,64.0
-34.5,1625449482.0,64.0
-39.6,1625449482.0,64.0
-44.3,1625449482.0,64.0
-48.25,1625449482.0,64.0
-51.05,1625449482.0,64.0
-52.19,1625449482.0,64.0
-51.27,1625449482.0,64.0
-48.11,1625449482.0,64.0
-42.84,1625449482.0,64.0
-35.93,1625449482.0,64.0
-28.08,1625449482.0,64.0
-19.91,1625449482.0,64.0
-11.87,1625449482.0,64.0
-4.28,1625449482.0,64.0
2.63,1625449482.0,64.0
8.6,1625449482.0,64.0
13.32,1625449482.0,64.0
16.6,1625449482.0,64.0
18.51,1625449482.0,64.0
19.47,1625449482.0,64.0
20.17,1625449482.0,64.0
21.28,1625449482.0,64.0
23.22,1625449482.0,64.0
26.01,1625449482.0,64.0
29.23,1625449482.0,64.0
32.26,1625449482.0,64.0
34.52,1625449482.0,64.0
35.59,1625449482.0,64.0
35.41,1625449482.0,64.0
34.2,1625449482.0,64.0
32.38,1625449482.0,64.0
30.38,1625449482.0,64.0
28.5,1625449482.0,64.0
26.77,1625449482.0,64.0
25.02,1625449482.0,64.0
23.05,1625449482.0,64.0
20.7,1625449482.0,64.0
18.07,1625449482.0,64.0
15.37,1625449482.0,64.0
12.82,1625449482.0,64.0
10.42,1625449482.0,64.0
7.95,1625449482.0,64.0
4.99,1625449482.0,64.0
1.2,1625449482.0,64.0
-3.47,1625449482.0,64.0
-8.72,1625449482.0,64.0
-14.09,1625449482.0,64.0
-19.19,1625449482.0,64.0
-23.82,1625449482.0,64.0
-28.02,1625449482.0,64.0
-31.86,1625449482.0,64.0
-35.19,1625449482.0,64.0
-37.59,1625449482.0,64.0
-38.48,1625449482.0,64.0
-37.4,1625449482.0,64.0
-34.25,1625449482.0,64.0
-29.41,1625449482.0,64.0
-23.58,1625449482.0,64.0
-17.44,1625449482.0,64.0
-11.45,1625449482.0,64.0
-5.76,1625449482.0,64.0
-0.33,1625449482.0,64.0
4.88,1625449482.0,64.0
9.69,1625449482.0,64.0
13.73,1625449482.0,64.0
16.57,1625449482.0,64.0
18.01,1625449482.0,64.0
18.24,1625449482.0,64.0
17.83,1625449482.0,64.0
17.48,1625449482.0,64.0
17.76,1625449482.0,64.0
18.76,1625449482.0,64.0
20.15,1625449482.0,64.0
21.35,1625449482.0,64.0
21.85,1625449482.0,64.0
21.44,1625449482.0,64.0
20.26,1625449482.0,64.0
18.67,1625449482.0,64.0
16.99,1625449482.0,64.0
15.3,1625449482.0,64.0
13.5,1625449482.0,64.0
11.4,1625449482.0,64.0
8.91,1625449482.0,64.0
6.1,1625449482.0,64.0
3.22,1625449482.0,64.0
0.48,1625449482.0,64.0
-2.03,1625449482.0,64.0
-4.4,1625449482.0,64.0
-6.88,1625449482.0,64.0
-9.74,1625449482.0,64.0
-13.13,1625449482.0,64.0
-17.03,1625449482.0,64.0
-21.25,1625449482.0,64.0
-25.54,1625449482.0,64.0
-29.73,1625449482.0,64.0
-33.81,1625449482.0,64.0
-37.93,1625449482.0,64.0
-42.29,1625449482.0,64.0
-46.88,1625449482.0,64.0
-51.37,1625449482.0,64.0
-55.08,1625449482.0,64.0
-57.07,1625449482.0,64.0
-56.56,1625449482.0,64.0
-53.17,1625449482.0,64.0
-47.12,1625449482.0,64.0
-39.17,1625449482.0,64.0
-30.26,1625449482.0,64.0
-21.26,1625449482.0,64.0
-12.66,1625449482.0,64.0
-4.64,1625449482.0,64.0
2.79,1625449482.0,64.0
9.61,1625449482.0,64.0
15.64,1625449482.0,64.0
20.62,1625449482.0,64.0
24.35,1625449482.0,64.0
26.77,1625449482.0,64.0
28.03,1625449482.0,64.0
28.4,1625449482.0,64.0
28.16,1625449482.0,64.0
27.6,1625449482.0,64.0
26.91,1625449482.0,64.0
26.16,1625449482.0,64.0
25.35,1625449482.0,64.0
24.41,1625449482.0,64.0
23.25,1625449482.0,64.0
21.77,1625449482.0,64.0
19.92,1625449482.0,64.0
17.74,1625449482.0,64.0
15.31,1625449482.0,64.0
12.68,1625449482.0,64.0
9.96,1625449482.0,64.0
7.25,1625449482.0,64.0
4.7,1625449482.0,64.0
2.44,1625449482.0,64.0
0.56,1625449482.0,64.0
-1.02,1625449482.0,64.0
-2.52,1625449482.0,64.0
-4.16,1625449482.0,64.0
-6.12,1625449482.0,64.0
-8.39,1625449482.0,64.0
-10.84,1625449482.0,64.0
-13.33,1625449482.0,64.0
-15.84,1625449482.0,64.0
-18.45,1625449482.0,64.0
-21.35,1625449482.0,64.0
-24.66,1625449482.0,64.0
-28.39,1625449482.0,64.0
-32.35,1625449482.0,64.0
-36.24,1625449482.0,64.0
-39.61,1625449482.0,64.0
-42.01,1625449482.0,64.0
-43.0,1625449482.0,64.0
-42.27,1625449482.0,64.0
-39.74,1625449482.0,64.0
-35.58,1625449482.0,64.0
-30.14,1625449482.0,64.0
-23.79,1625449482.0,64.0
-16.8,1625449482.0,64.0
-9.36,1625449482.0,64.0
-1.69,1625449482.0,64.0
5.85,1625449482.0,64.0
12.68,1625449482.0,64.0
18.13,1625449482.0,64.0
21.63,1625449482.0,64.0
23.01,1625449482.0,64.0
22.54,1625449482.0,64.0
20.87,1625449482.0,64.0
18.8,1625449482.0,64.0
17.07,1625449482.0,64.0
16.21,1625449482.0,64.0
16.47,1625449482.0,64.0
17.86,1625449482.0,64.0
20.15,1625449482.0,64.0
22.94,1625449482.0,64.0
25.69,1625449482.0,64.0
27.93,1625449482.0,64.0
29.37,1625449482.0,64.0
30.05,1625449482.0,64.0
30.25,1625449482.0,64.0
30.36,1625449482.0,64.0
30.65,1625449482.0,64.0
31.12,1625449482.0,64.0
31.57,1625449482.0,64.0
31.78,1625449482.0,64.0
31.61,1625449482.0,64.0
31.08,1625449482.0,64.0
30.32,1625449482.0,64.0
29.4,1625449482.0,64.0
28.26,1625449482.0,64.0
26.77,1625449482.0,64.0
24.84,1625449482.0,64.0
22.45,1625449482.0,64.0
19.73,1625449482.0,64.0
16.84,1625449482.0,64.0
13.89,1625449482.0,64.0
10.9,1625449482.0,64.0
7.78,1625449482.0,64.0
4.47,1625449482.0,64.0
1.0,1625449482.0,64.0
-2.53,1625449482.0,64.0
-6.03,1625449482.0,64.0
-9.41,1625449482.0,64.0
-12.65,1625449482.0,64.0
-15.82,1625449482.0,64.0
-18.97,1625449482.0,64.0
-22.13,1625449482.0,64.0
-25.32,1625449482.0,64.0
-28.49,1625449482.0,64.0
-31.5,1625449482.0,64.0
-34.06,1625449482.0,64.0
-35.68,1625449482.0,64.0
-35.87,1625449482.0,64.0
-34.23,1625449482.0,64.0
-30.62,1625449482.0,64.0
-25.32,1625449482.0,64.0
-18.87,1625449482.0,64.0
-11.94,1625449482.0,64.0
-5.02,1625449482.0,64.0
1.62,1625449482.0,64.0
7.94,1625449482.0,64.0
13.93,1625449482.0,64.0
19.43,1625449482.0,64.0
24.12,1625449482.0,64.0
27.61,1625449482.0,64.0
29.74,1625449482.0,64.0
30.63,1625449482.0,64.0
30.77,1625449482.0,64.0
30.72,1625449482.0,64.0
30.85,1625449482.0,64.0
31.15,1625449482.0,64.0
31.34,1625449482.0,64.0
30.98,1625449482.0,64.0
29.82,1625449482.0,64.0
27.91,1625449482.0,64.0
25.51,1625449482.0,64.0
22.88,1625449482.0,64.0
20.13,1625449482.0,64.0
17.22,1625449482.0,64.0
14.04,1625449482.0,64.0
10.59,1625449482.0,64.0
7.07,1625449482.0,64.0
3.77,1625449482.0,64.0
0.91,1625449482.0,64.0
-1.48,1625449482.0,64.0
-3.56,1625449482.0,64.0
-5.57,1625449482.0,64.0
-7.68,1625449482.0,64.0
-9.95,1625449482.0,64.0
-12.28,1625449482.0,64.0
-14.56,1625449482.0,64.0
-16.8,1625449482.0,64.0
-19.08,1625449482.0,64.0
-21.6,1625449482.0,64.0
-24.51,1625449482.0,64.0
-27.92,1625449482.0,64.0
-31.79,1625449482.0,64.0
-35.95,1625449482.0,64.0
-40.07,1625449482.0,64.0
-43.66,1625449482.0,64.0
-46.11,1625449482.0,64.0
-46.79,1625449482.0,64.0
-45.22,1625449482.0,64.0
-41.27,1625449482.0,64.0
-35.17,1625449482.0,64.0
-27.49,1625449482.0,64.0
-18.94,1625449482.0,64.0
-10.14,1625449482.0,64.0
-1.49,1625449482.0,64.0
6.79,1625449482.0,64.0
14.58,1625449482.0,64.0
21.63,1625449482.0,64.0
27.58,1625449482.0,64.0
32.0,1625449482.0,64.0
34.63,1625449482.0,64.0
35.51,1625449482.0,64.0
35.08,1625449482.0,64.0
34.01,1625449482.0,64.0
32.94,1625449482.0,64.0
32.24,1625449482.0,64.0
31.89,1625449482.0,64.0
31.62,1625449482.0,64.0
31.08,1625449482.0,64.0
30.09,1625449482.0,64.0
28.68,1625449482.0,64.0
27.01,1625449482.0,64.0
25.18,1625449482.0,64.0
23.11,1625449482.0,64.0
20.62,1625449482.0,64.0
17.5,1625449482.0,64.0
13.74,1625449482.0,64.0
9.59,1625449482.0,64.0
5.44,1625449482.0,64.0
1.64,1625449482.0,64.0
-1.64,1625449482.0,64.0
-4.51,1625449482.0,64.0
-7.2,1625449482.0,64.0
-9.91,1625449482.0,64.0
-12.76,1625449482.0,64.0
-15.66,1625449482.0,64.0
-18.47,1625449482.0,64.0
-21.04,1625449482.0,64.0
-23.34,1625449482.0,64.0
-25.44,1625449482.0,64.0
-27.52,1625449482.0,64.0
-29.77,1625449482.0,64.0
-32.38,1625449482.0,64.0
-35.39,1625449482.0,64.0
-38.65,1625449482.0,64.0
-41.78,1625449482.0,64.0
-44.23,1625449482.0,64.0
-45.39,1625449482.0,64.0
-44.77,1625449482.0,64.0
-42.16,1625449482.0,64.0
-37.68,1625449482.0,64.0
-31.69,1625449482.0,64.0
-24.67,1625449482.0,64.0
-17.08,1625449482.0,64.0
-9.29,1625449482.0,64.0
-1.59,1625449482.0,64.0
5.73,1625449482.0,64.0
12.38,1625449482.0,64.0
18.05,1625449482.0,64.0
22.44,1625449482.0,64.0
25.47,1625449482.0,64.0
27.26,1625449482.0,64.0
28.19,1625449482.0,64.0
28.69,1625449482.0,64.0
29.17,1625449482.0,64.0
29.8,1625449482.0,64.0
30.55,1625449482.0,64.0
31.13,1625449482.0,64.0
31.23,1625449482.0,64.0
30.61,1625449482.0,64.0
29.18,1625449482.0,64.0
27.01,1625449482.0,64.0
24.28,1625449482.0,64.0
21.17,1625449482.0,64.0
17.83,1625449482.0,64.0
14.36,1625449482.0,64.0
10.85,1625449482.0,64.0
7.42,1625449482.0,64.0
4.16,1625449482.0,64.0
1.15,1625449482.0,64.0
-1.57,1625449482.0,64.0
-4.05,1625449482.0,64.0
-6.33,1625449482.0,64.0
-8.52,1625449482.0,64.0
-10.63,1625449482.0,64.0
-12.65,1625449482.0,64.0
-14.55,1625449482.0,64.0
-16.34,1625449482.0,64.0
-18.08,1625449482.0,64.0
-19.85,1625449482.0,64.0
-21.74,1625449482.0,64.0
-23.9,1625449482.0,64.0
-26.48,1625449482.0,64.0
-29.63,1625449482.0,64.0
-33.37,1625449482.0,64.0
-37.47,1625449482.0,64.0
-41.41,1625449482.0,64.0
-44.44,1625449482.0,64.0
-45.79,1625449482.0,64.0
-44.93,1625449482.0,64.0
-41.77,1625449482.0,64.0
-36.68,1625449482.0,64.0
-30.27,1625449482.0,64.0
-23.15,1625449482.0,64.0
-15.72,1625449482.0,64.0
-8.16,1625449482.0,64.0
-0.56,1625449482.0,64.0
6.9,1625449482.0,64.0
13.86,1625449482.0,64.0
19.85,1625449482.0,64.0
24.47,1625449482.0,64.0
27.57,1625449482.0,64.0
29.33,1625449482.0,64.0
30.21,1625449482.0,64.0
30.72,1625449482.0,64.0
31.2,1625449482.0,64.0
31.71,1625449482.0,64.0
31.98,1625449482.0,64.0
31.66,1625449482.0,64.0
30.47,1625449482.0,64.0
28.45,1625449482.0,64.0
25.86,1625449482.0,64.0
23.08,1625449482.0,64.0
20.39,1625449482.0,64.0
17.83,1625449482.0,64.0
15.26,1625449482.0,64.0
12.55,1625449482.0,64.0
9.75,1625449482.0,64.0
7.14,1625449482.0,64.0
5.1,1625449482.0,64.0
3.87,1625449482.0,64.0
3.34,1625449482.0,64.0
3.13,1625449482.0,64.0
2.67,1625449482.0,64.0
1.54,1625449482.0,64.0
-0.37,1625449482.0,64.0
-2.9,1625449482.0,64.0
-5.76,1625449482.0,64.0
-8.69,1625449482.0,64.0
-11.59,1625449482.0,64.0
-14.55,1625449482.0,64.0
-17.73,1625449482.0,64.0
-21.28,1625449482.0,64.0
-25.33,1625449482.0,64.0
-29.87,1625449482.0,64.0
-34.7,1625449482.0,64.0
-39.39,1625449482.0,64.0
-43.29,1625449482.0,64.0
-45.67,1625449482.0,64.0
-45.95,1625449482.0,64.0
-43.89,1625449482.0,64.0
-39.72,1625449482.0,64.0
-34.0,1625449482.0,64.0
-27.4,1625449482.0,64.0
-20.42,1625449482.0,64.0
-13.33,1625449482.0,64.0
-6.19,1625449482.0,64.0
0.9,1625449482.0,64.0
7.72,1625449482.0,64.0
13.86,1625449482.0,64.0
18.92,1625449482.0,64.0
22.64,1625449482.0,64.0
25.08,1625449482.0,64.0
26.57,1625449482.0,64.0
27.55,1625449482.0,64.0
28.33,1625449482.0,64.0
29.0,1625449482.0,64.0
29.45,1625449482.0,64.0
29.45,1625449482.0,64.0
28.85,1625449482.0,64.0
27.64,1625449482.0,64.0
25.94,1625449482.0,64.0
24.0,1625449482.0,64.0
22.0,1625449482.0,64.0
20.07,1625449482.0,64.0
18.16,1625449482.0,64.0
16.2,1625449482.0,64.0
14.07,1625449482.0,64.0
11.77,1625449482.0,64.0
9.36,1625449482.0,64.0
6.99,1625449482.0,64.0
4.79,1625449482.0,64.0
2.81,1625449482.0,64.0
1.01,1625449482.0,64.0
-0.78,1625449482.0,64.0
-2.68,1625449482.0,64.0
-4.84,1625449482.0,64.0
-7.25,1625449482.0,64.0
-9.86,1625449482.0,64.0
-12.57,1625449482.0,64.0
-15.32,1625449482.0,64.0
-18.14,1625449482.0,64.0
-21.13,1625449482.0,64.0
-24.44,1625449482.0,64.0
-28.11,1625449482.0,64.0
-32.02,1625449482.0,64.0
-35.79,1625449482.0,64.0
-38.79,1625449482.0,64.0
-40.33,1625449482.0,64.0
-39.8,1625449482.0,64.0
-36.92,1625449482.0,64.0
-31.81,1625449482.0,64.0
-25.03,1625449482.0,64.0
-17.32,1625449482.0,64.0
-9.38,1625449482.0,64.0
-1.7,1625449482.0,64.0
5.51,1625449482.0,64.0
12.13,1625449482.0,64.0
18.04,1625449482.0,64.0
22.98,1625449482.0,64.0
26.68,1625449482.0,64.0
28.97,1625449482.0,64.0
29.95,1625449482.0,64.0
30.03,1625449482.0,64.0
29.73,1625449482.0,64.0
29.51,1625449482.0,64.0
29.55,1625449482.0,64.0
29.75,1625449482.0,64.0
29.83,1625449482.0,64.0
29.57,1625449482.0,64.0
28.88,1625449482.0,64.0
27.82,1625449482.0,64.0
26.54,1625449482.0,64.0
25.07,1625449482.0,64.0
23.38,1625449482.0,64.0
21.31,1625449482.0,64.0
18.76,1625449482.0,64.0
15.73,1625449482.0,64.0
12.38,1625449482.0,64.0
8.95,1625449482.0,64.0
5.68,1625449482.0,64.0
2.7,1625449482.0,64.0
0.01,1625449482.0,64.0
-2.43,1625449482.0,64.0
-4.76,1625449482.0,64.0
-7.09,1625449482.0,64.0
-9.57,1625449482.0,64.0
-12.3,1625449482.0,64.0
-15.32,1625449482.0,64.0
-18.6,1625449482.0,64.0
-22.0,1625449482.0,64.0
-25.36,1625449482.0,64.0
-28.67,1625449482.0,64.0
-31.97,1625449482.0,64.0
-35.4,1625449482.0,64.0
-38.92,1625449482.0,64.0
-42.22,1625449482.0,64.0
-44.7,1625449482.0,64.0
-45.66,1625449482.0,64.0
-44.57,1625449482.0,64.0
-41.35,1625449482.0,64.0
-36.37,1625449482.0,64.0
-30.23,1625449482.0,64.0
-23.48,1625449482.0,64.0
-16.37,1625449482.0,64.0
-8.93,1625449482.0,64.0
-1.21,1625449482.0,64.0
6.51,1625449482.0,64.0
13.71,1625449482.0,64.0
19.7,1625449482.0,64.0
24.03,1625449482.0,64.0
26.64,1625449482.0,64.0
27.9,1625449482.0,64.0
28.44,1625449482.0,64.0
28.84,1625449482.0,64.0
29.41,1625449482.0,64.0
30.14,1625449482.0,64.0
30.81,1625449482.0,64.0
31.08,1625449482.0,64.0
30.68,1625449482.0,64.0
29.52,1625449482.0,64.0
27.63,1625449482.0,64.0
25.2,1625449482.0,64.0
22.49,1625449482.0,64.0
19.74,1625449482.0,64.0
17.15,1625449482.0,64.0
14.8,1625449482.0,64.0
12.66,1625449482.0,64.0
10.64,1625449482.0,64.0
8.62,1625449482.0,64.0
6.51,1625449482.0,64.0
4.23,1625449482.0,64.0
1.76,1625449482.0,64.0
-0.92,1625449482.0,64.0
-3.76,1625449482.0,64.0
-6.76,1625449482.0,64.0
-9.91,1625449482.0,64.0
-13.19,1625449482.0,64.0
-16.55,1625449482.0,64.0
-19.94,1625449482.0,64.0
-23.35,1625449482.0,64.0
-26.83,1625449482.0,64.0
-30.48,1625449482.0,64.0
-34.45,1625449482.0,64.0
-38.72,1625449482.0,64.0
-43.03,1625449482.0,64.0
-46.83,1625449482.0,64.0
-49.33,1625449482.0,64.0
-49.79,1625449482.0,64.0
-47.74,1625449482.0,64.0
-43.19,1625449482.0,64.0
-36.64,1625449482.0,64.0
-28.89,1625449482.0,64.0
-20.69,1625449482.0,64.0
-12.58,1625449482.0,64.0
-4.71,1625449482.0,64.0
2.99,1625449482.0,64.0
10.59,1625449482.0,64.0
17.96,1625449482.0,64.0
24.79,1625449482.0,64.0
30.63,1625449482.0,64.0
35.18,1625449482.0,64.0
38.39,1625449482.0,64.0
40.48,1625449482.0,64.0
41.76,1625449482.0,64.0
42.44,1625449482.0,64.0
42.53,1625449482.0,64.0
41.84,1625449482.0,64.0
40.21,1625449482.0,64.0
37.61,1625449482.0,64.0
34.26,1625449482.0,64.0
30.63,1625449482.0,64.0
27.24,1625449482.0,64.0
24.42,1625449482.0,64.0
22.23,1625449482.0,64.0
20.41,1625449482.0,64.0
18.53,1625449482.0,64.0
16.24,1625449482.0,64.0
13.41,1625449482.0,64.0
10.18,1625449482.0,64.0
6.85,1625449482.0,64.0
3.72,1625449482.0,64.0
0.86,1625449482.0,64.0
-1.88,1625449482.0,64.0
-4.74,1625449482.0,64.0
-7.89,1625449482.0,64.0
-11.33,1625449482.0,64.0
-14.85,1625449482.0,64.0
-18.16,1625449482.0,64.0
-21.02,1625449482.0,64.0
-23.41,1625449482.0,64.0
-25.55,1625449482.0,64.0
-27.83,1625449482.0,64.0
-30.7,1625449482.0,64.0
-34.45,1625449482.0,64.0
-39.05,1625449482.0,64.0
-43.99,1625449482.0,64.0
-48.46,1625449482.0,64.0
-51.54,1625449482.0,64.0
-52.53,1625449482.0,64.0
-51.23,1625449482.0,64.0
-47.89,1625449482.0,64.0
-43.08,1625449482.0,64.0
-37.34,1625449482.0,64.0
-30.99,1625449482.0,64.0
-24.1,1625449482.0,64.0
-16.7,1625449482.0,64.0
-8.9,1625449482.0,64.0
-1.11,1625449482.0,64.0
6.09,1625449482.0,64.0
12.13,1625449482.0,64.0
16.65,1625449482.0,64.0
19.68,1625449482.0,64.0
21.58,1625449482.0,64.0
22.93,1625449482.0,64.0
24.27,1625449482.0,64.0
25.86,1625449482.0,64.0
27.68,1625449482.0,64.0
29.41,1625449482.0,64.0
30.63,1625449482.0,64.0
31.03,1625449482.0,64.0
30.52,1625449482.0,64.0
29.25,1625449482.0,64.0
27.47,1625449482.0,64.0
25.46,1625449482.0,64.0
23.36,1625449482.0,64.0
21.21,1625449482.0,64.0
19.03,1625449482.0,64.0
16.85,1625449482.0,64.0
14.72,1625449482.0,64.0
12.67,1625449482.0,64.0
10.68,1625449482.0,64.0
8.69,1625449482.0,64.0
6.61,1625449482.0,64.0
4.39,1625449482.0,64.0
2.05,1625449482.0,64.0
-0.35,1625449482.0,64.0
-2.8,1625449482.0,64.0
-5.3,1625449482.0,64.0
-7.9,1625449482.0,64.0
-10.66,1625449482.0,64.0
-13.63,1625449482.0,64.0
-16.89,1625449482.0,64.0
-20.49,1625449482.0,64.0
-24.41,1625449482.0,64.0
-28.46,1625449482.0,64.0
-32.25,1625449482.0,64.0
-35.18,1625449482.0,64.0
-36.61,1625449482.0,64.0
-36.11,1625449482.0,64.0
-33.53,1625449482.0,64.0
-29.11,1625449482.0,64.0
-23.36,1625449482.0,64.0
-16.82,1625449482.0,64.0
-9.95,1625449482.0,64.0
-2.96,1625449482.0,64.0
4.06,1625449482.0,64.0
11.02,1625449482.0,64.0
17.65,1625449482.0,64.0
23.47,1625449482.0,64.0
27.94,1625449482.0,64.0
30.69,1625449482.0,64.0
31.7,1625449482.0,64.0
31.37,1625449482.0,64.0
30.36,1625449482.0,64.0
29.34,1625449482.0,64.0
28.68,1625449482.0,64.0
28.32,1625449482.0,64.0
27.95,1625449482.0,64.0
27.18,1625449482.0,64.0
25.83,1625449482.0,64.0
23.94,1625449482.0,64.0
21.76,1625449482.0,64.0
19.52,1625449482.0,64.0
17.34,1625449482.0,64.0
15.22,1625449482.0,64.0
13.12,1625449482.0,64.0
11.0,1625449482.0,64.0
8.84,1625449482.0,64.0
6.63,1625449482.0,64.0
4.29,1625449482.0,64.0
1.75,1625449482.0,64.0
-1.03,1625449482.0,64.0
-4.01,1625449482.0,64.0
-7.04,1625449482.0,64.0
-9.91,1625449482.0,64.0
-12.48,1625449482.0,64.0
-14.76,1625449482.0,64.0
-16.91,1625449482.0,64.0
-19.17,1625449482.0,64.0
-21.8,1625449482.0,64.0
-24.91,1625449482.0,64.0
-28.51,1625449482.0,64.0
-32.38,1625449482.0,64.0
-36.22,1625449482.0,64.0
-39.57,1625449482.0,64.0
-41.93,1625449482.0,64.0
-42.8,1625449482.0,64.0
-41.91,1625449482.0,64.0
-39.36,1625449482.0,64.0
-35.6,1625449482.0,64.0
-31.36,1625449482.0,64.0
-27.3,1625449482.0,64.0
-23.73,1625449482.0,64.0
-20.43,1625449482.0,64.0
-16.8,1625449482.0,64.0
-12.18,1625449482.0,64.0
-6.27,1625449482.0,64.0
0.7,1625449482.0,64.0
7.97,1625449482.0,64.0
14.64,1625449482.0,64.0
20.08,1625449482.0,64.0
24.12,1625449482.0,64.0
27.03,1625449482.0,64.0
29.27,1625449482.0,64.0
31.16,1625449482.0,64.0
32.76,1625449482.0,64.0
33.89,1625449482.0,64.0
34.3,1625449482.0,64.0
33.87,1625449482.0,64.0
32.73,1625449482.0,64.0
31.08,1625449482.0,64.0
29.15,1625449482.0,64.0
27.05,1625449482.0,64.0
24.74,1625449482.0,64.0
22.18,1625449482.0,64.0
19.36,1625449482.0,64.0
16.44,1625449482.0,64.0
13.59,1625449482.0,64.0
10.96,1625449482.0,64.0
8.56,1625449482.0,64.0
6.21,1625449482.0,64.0
3.66,1625449482.0,64.0
0.69,1625449482.0,64.0
-2.72,1625449482.0,64.0
-6.44,1625449482.0,64.0
-10.18,1625449482.0,64.0
-13.73,1625449482.0,64.0
-16.96,1625449482.0,64.0
-20.0,1625449482.0,64.0
-23.07,1625449482.0,64.0
-26.41,1625449482.0,64.0
-30.17,1625449482.0,64.0
-34.32,1625449482.0,64.0
-38.6,1625449482.0,64.0
-42.52,1625449482.0,64.0
-45.49,1625449482.0,64.0
-46.96,1625449482.0,64.0
-46.54,1625449482.0,64.0
-44.11,1625449482.0,64.0
-39.93,1625449482.0,64.0
-34.42,1625449482.0,64.0
-28.08,1625449482.0,64.0
-21.29,1625449482.0,64.0
-14.26,1625449482.0,64.0
-7.01,1625449482.0,64.0
0.45,1625449482.0,64.0
7.93,1625449482.0,64.0
15.03,1625449482.0,64.0
21.15,1625449482.0,64.0
25.77,1625449482.0,64.0
28.63,1625449482.0,64.0
29.93,1625449482.0,64.0
30.24,1625449482.0,64.0
30.28,1625449482.0,64.0
30.62,1625449482.0,64.0
31.41,1625449482.0,64.0
32.41,1625449482.0,64.0
33.13,1625449482.0,64.0
33.18,1625449482.0,64.0
32.43,1625449482.0,64.0
31.07,1625449482.0,64.0
29.43,1625449482.0,64.0
27.73,1625449482.0,64.0
26.01,1625449482.0,64.0
24.09,1625449482.0,64.0
21.8,1625449482.0,64.0
19.11,1625449482.0,64.0
16.16,1625449482.0,64.0
13.2,1625449482.0,64.0
10.3,1625449482.0,64.0
7.42,1625449482.0,64.0
4.44,1625449482.0,64.0
1.4,1625449482.0,64.0
-1.39,1625449482.0,64.0
-3.46,1625449482.0,64.0
-4.53,1625449482.0,64.0
-4.72,1625449482.0,64.0
-4.71,1625449482.0,64.0
-5.44,1625449482.0,64.0
-7.69,1625449482.0,64.0
-11.67,1625449482.0,64.0
-17.07,1625449482.0,64.0
-23.28,1625449482.0,64.0
-29.85,1625449482.0,64.0
-36.52,1625449482.0,64.0
-43.13,1625449482.0,64.0
-49.16,1625449482.0,64.0
-53.6,1625449482.0,64.0
-55.27,1625449482.0,64.0
-53.43,1625449482.0,64.0
-48.29,1625449482.0,64.0
-41.06,1625449482.0,64.0
-33.37,1625449482.0,64.0
-26.45,1625449482.0,64.0
-20.52,1625449482.0,64.0
-14.83,1625449482.0,64.0
-8.35,1625449482.0,64.0
-0.56,1625449482.0,64.0
8.09,1625449482.0,64.0
16.48,1625449482.0,64.0
23.33,1625449482.0,64.0
27.96,1625449482.0,64.0
30.47,1625449482.0,64.0
31.55,1625449482.0,64.0
31.98,1625449482.0,64.0
32.19,1625449482.0,64.0
32.23,1625449482.0,64.0
31.93,1625449482.0,64.0
31.16,1625449482.0,64.0
30.04,1625449482.0,64.0
28.78,1625449482.0,64.0
27.6,1625449482.0,64.0
26.54,1625449482.0,64.0
25.5,1625449482.0,64.0
24.28,1625449482.0,64.0
22.71,1625449482.0,64.0
20.75,1625449482.0,64.0
18.46,1625449482.0,64.0
16.02,1625449482.0,64.0
13.59,1625449482.0,64.0
11.34,1625449482.0,64.0
9.33,1625449482.0,64.0
7.44,1625449482.0,64.0
5.47,1625449482.0,64.0
3.2,1625449482.0,64.0
0.56,1625449482.0,64.0
-2.34,1625449482.0,64.0
-5.24,1625449482.0,64.0
-7.82,1625449482.0,64.0
-9.92,1625449482.0,64.0
-11.64,1625449482.0,64.0
-13.28,1625449482.0,64.0
-15.2,1625449482.0,64.0
-17.7,1625449482.0,64.0
-20.94,1625449482.0,64.0
-24.89,1625449482.0,64.0
-29.38,1625449482.0,64.0
-34.11,1625449482.0,64.0
-38.61,1625449482.0,64.0
-42.34,1625449482.0,64.0
-44.65,1625449482.0,64.0
-45.02,1625449482.0,64.0
-43.2,1625449482.0,64.0
-39.25,1625449482.0,64.0
-33.61,1625449482.0,64.0
-26.83,1625449482.0,64.0
-19.44,1625449482.0,64.0
-11.79,1625449482.0,64.0
-4.06,1625449482.0,64.0
3.58,1625449482.0,64.0
10.86,1625449482.0,64.0
17.38,1625449482.0,64.0
22.66,1625449482.0,64.0
26.38,1625449482.0,64.0
28.51,1625449482.0,64.0
29.36,1625449482.0,64.0
29.44,1625449482.0,64.0
29.29,1625449482.0,64.0
29.25,1625449482.0,64.0
29.39,1625449482.0,64.0
29.63,1625449482.0,64.0
29.88,1625449482.0,64.0
30.06,1625449482.0,64.0
30.14,1625449482.0,64.0
30.02,1625449482.0,64.0
29.47,1625449482.0,64.0
28.17,1625449482.0,64.0
25.88,1625449482.0,64.0
22.56,1625449482.0,64.0
18.44,1625449482.0,64.0
14.13,1625449482.0,64.0
10.4,1625449482.0,64.0
7.99,1625449482.0,64.0
7.27,1625449482.0,64.0
7.99,1625449482.0,64.0
9.27,1625449482.0,64.0
9.89,1625449482.0,64.0
8.78,1625449482.0,64.0
5.42,1625449482.0,64.0
0.16,1625449482.0,64.0
-6.06,1625449482.0,64.0
-12.03,1625449482.0,64.0
-16.94,1625449482.0,64.0
-20.59,1625449482.0,64.0
-23.51,1625449482.0,64.0
-26.56,1625449482.0,64.0
-30.47,1625449482.0,64.0
-35.49,1625449482.0,64.0
-41.21,1625449482.0,64.0
-46.71,1625449482.0,64.0
-50.84,1625449482.0,64.0
-52.67,1625449482.0,64.0
-51.78,1625449482.0,64.0
-48.26,1625449482.0,64.0
-42.62,1625449482.0,64.0
-35.44,1625449482.0,64.0
-27.14,1625449482.0,64.0
-17.99,1625449482.0,64.0
-8.25,1625449482.0,64.0
1.65,1625449482.0,64.0
10.99,1625449482.0,64.0
18.94,1625449482.0,64.0
24.83,1625449482.0,64.0
28.44,1625449482.0,64.0
30.11,1625449482.0,64.0
30.54,1625449482.0,64.0
30.51,1625449482.0,64.0
30.63,1625449482.0,64.0
31.08,1625449482.0,64.0
31.74,1625449482.0,64.0
32.24,1625449482.0,64.0
32.22,1625449482.0,64.0
31.5,1625449482.0,64.0
30.15,1625449482.0,64.0
28.42,1625449482.0,64.0
26.62,1625449482.0,64.0
24.92,1625449482.0,64.0
23.28,1625449482.0,64.0
21.5,1625449482.0,64.0
19.35,1625449482.0,64.0
16.73,1625449482.0,64.0
13.71,1625449482.0,64.0
10.54,1625449482.0,64.0
7.5,1625449482.0,64.0
4.72,1625449482.0,64.0
2.16,1625449482.0,64.0
-0.41,1625449482.0,64.0
-3.21,1625449482.0,64.0
-6.34,1625449482.0,64.0
-9.73,1625449482.0,64.0
-13.2,1625449482.0,64.0
-16.55,1625449482.0,64.0
-19.66,1625449482.0,64.0
-22.57,1625449482.0,64.0
-25.47,1625449482.0,64.0
-28.59,1625449482.0,64.0
-32.11,1625449482.0,64.0
-36.02,1625449482.0,64.0
-40.06,1625449482.0,64.0
-43.7,1625449482.0,64.0
-46.26,1625449482.0,64.0
-47.06,1625449482.0,64.0
-45.65,1625449482.0,64.0
-41.96,1625449482.0,64.0
-36.33,1625449482.0,64.0
-29.38,1625449482.0,64.0
-21.8,1625449482.0,64.0
-14.13,1625449482.0,64.0
-6.59,1625449482.0,64.0
0.74,1625449482.0,64.0
7.82,1625449482.0,64.0
14.48,1625449482.0,64.0
20.35,1625449482.0,64.0
24.97,1625449482.0,64.0
28.08,1625449482.0,64.0
29.68,1625449482.0,64.0
30.13,1625449482.0,64.0
29.99,1625449482.0,64.0
29.77,1625449482.0,64.0
29.71,1625449482.0,64.0
29.78,1625449482.0,64.0
29.74,1625449482.0,64.0
29.35,1625449482.0,64.0
28.49,1625449482.0,64.0
27.21,1625449482.0,64.0
25.57,1625449482.0,64.0
23.58,1625449482.0,64.0
21.15,1625449482.0,64.0
18.18,1625449482.0,64.0
14.68,1625449482.0,64.0
10.92,1625449482.0,64.0
7.27,1625449482.0,64.0
4.04,1625449482.0,64.0
1.35,1625449482.0,64.0
-0.95,1625449482.0,64.0
-3.18,1625449482.0,64.0
-5.56,1625449482.0,64.0
-8.16,1625449482.0,64.0
-10.87,1625449482.0,64.0
-13.56,1625449482.0,64.0
-16.14,1625449482.0,64.0
-18.62,1625449482.0,64.0
-20.96,1625449482.0,64.0
-23.04,1625449482.0,64.0
-24.7,1625449482.0,64.0
-25.94,1625449482.0,64.0
-27.04,1625449482.0,64.0
-28.58,1625449482.0,64.0
-31.01,1625449482.0,64.0
-34.3,1625449482.0,64.0
-37.68,1625449482.0,64.0
-39.91,1625449482.0,64.0
-39.88,1625449482.0,64.0
-37.24,1625449482.0,64.0
-32.5,1625449482.0,64.0
-26.74,1625449482.0,64.0
-20.88,1625449482.0,64.0
-15.2,1625449482.0,64.0
-9.33,1625449482.0,64.0
-2.83,1625449482.0,64.0
4.25,1625449482.0,64.0
11.06,1625449482.0,64.0
16.41,1625449482.0,64.0
19.43,1625449482.0,64.0
20.21,1625449482.0,64.0
19.79,1625449482.0,64.0
19.58,1625449482.0,64.0
20.55,1625449482.0,64.0
22.7,1625449482.0,64.0
25.27,1625449482.0,64.0
27.21,1625449482.0,64.0
27.91,1625449482.0,64.0
27.42,1625449482.0,64.0
26.31,1625449482.0,64.0
25.15,1625449482.0,64.0
24.18,1625449482.0,64.0
23.15,1625449482.0,64.0
21.64,1625449482.0,64.0
19.38,1625449482.0,64.0
16.49,1625449482.0,64.0
13.43,1625449482.0,64.0
10.76,1625449482.0,64.0
8.85,1625449482.0,64.0
7.67,1625449482.0,64.0
6.85,1625449482.0,64.0
5.82,1625449482.0,64.0
4.14,1625449482.0,64.0
1.68,1625449482.0,64.0
-1.44,1625449482.0,64.0
-4.84,1625449482.0,64.0
-8.15,1625449482.0,64.0
-11.15,1625449482.0,64.0
-13.85,1625449482.0,64.0
-16.41,1625449482.0,64.0
-19.01,1625449482.0,64.0
-21.88,1625449482.0,64.0
-25.18,1625449482.0,64.0
-28.94,1625449482.0,64.0
-33.03,1625449482.0,64.0
-36.99,1625449482.0,64.0
-40.14,1625449482.0,64.0
-41.68,1625449482.0,64.0
-40.99,1625449482.0,64.0
-37.92,1625449482.0,64.0
-32.83,1625449482.0,64.0
-26.46,1625449482.0,64.0
-19.61,1625449482.0,64.0
-12.75,1625449482.0,64.0
-6.0,1625449482.0,64.0
0.69,1625449482.0,64.0
7.4,1625449482.0,64.0
13.91,1625449482.0,64.0
19.83,1625449482.0,64.0
24.66,1625449482.0,64.0
28.13,1625449482.0,64.0
30.26,1625449482.0,64.0
31.34,1625449482.0,64.0
31.81,1625449482.0,64.0
32.01,1625449482.0,64.0
32.15,1625449482.0,64.0
32.26,1625449482.0,64.0
32.23,1625449482.0,64.0
31.92,1625449482.0,64.0
31.21,1625449482.0,64.0
29.96,1625449482.0,64.0
28.16,1625449482.0,64.0
25.85,1625449482.0,64.0
23.17,1625449482.0,64.0
20.3,1625449482.0,64.0
17.44,1625449482.0,64.0
14.73,1625449482.0,64.0
12.26,1625449482.0,64.0
10.01,1625449482.0,64.0
7.9,1625449482.0,64.0
5.78,1625449482.0,64.0
3.52,1625449482.0,64.0
1.03,1625449482.0,64.0
-1.65,1625449482.0,64.0
-4.45,1625449482.0,64.0
-7.24,1625449482.0,64.0
-9.89,1625449482.0,64.0
-12.39,1625449482.0,64.0
-14.78,1625449482.0,64.0
-17.22,1625449482.0,64.0
-19.89,1625449482.0,64.0
-22.93,1625449482.0,64.0
-26.38,1625449482.0,64.0
-30.12,1625449482.0,64.0
-33.92,1625449482.0,64.0
-37.35,1625449482.0,64.0
-39.88,1625449482.0,64.0
-40.98,1625449482.0,64.0
-40.22,1625449482.0,64.0
-37.42,1625449482.0,64.0
-32.74,1625449482.0,64.0
-26.6,1625449482.0,64.0
-19.62,1625449482.0,64.0
-12.39,1625449482.0,64.0
-5.31,1625449482.0,64.0
1.42,1625449482.0,64.0
7.7,1625449482.0,64.0
13.41,1625449482.0,64.0
18.29,1625449482.0,64.0
22.02,1625449482.0,64.0
24.39,1625449482.0,64.0
25.42,1625449482.0,64.0
25.48,1625449482.0,64.0
25.17,1625449482.0,64.0
25.05,1625449482.0,64.0
25.44,1625449482.0,64.0
26.25,1625449482.0,64.0
27.12,1625449482.0,64.0
27.57,1625449482.0,64.0
27.29,1625449482.0,64.0
26.25,1625449482.0,64.0
24.64,1625449482.0,64.0
22.76,1625449482.0,64.0
20.8,1625449482.0,64.0
18.82,1625449482.0,64.0
16.74,1625449482.0,64.0
14.44,1625449482.0,64.0
11.88,1625449482.0,64.0
9.11,1625449482.0,64.0
6.3,1625449482.0,64.0
3.58,1625449482.0,64.0
1.03,1625449482.0,64.0
-1.33,1625449482.0,64.0
-3.51,1625449482.0,64.0
-5.53,1625449482.0,64.0
-7.43,1625449482.0,64.0
-9.29,1625449482.0,64.0
-11.27,1625449482.0,64.0
-13.52,1625449482.0,64.0
-16.17,1625449482.0,64.0
-19.24,1625449482.0,64.0
-22.7,1625449482.0,64.0
-26.43,1625449482.0,64.0
-30.3,1625449482.0,64.0
-34.12,1625449482.0,64.0
-37.54,1625449482.0,64.0
-40.02,1625449482.0,64.0
-40.86,1625449482.0,64.0
-39.46,1625449482.0,64.0
-35.57,1625449482.0,64.0
-29.52,1625449482.0,64.0
-22.04,1625449482.0,64.0
-14.07,1625449482.0,64.0
-6.3,1625449482.0,64.0
0.98,1625449482.0,64.0
7.81,1625449482.0,64.0
14.26,1625449482.0,64.0
20.15,1625449482.0,64.0
25.0,1625449482.0,64.0
28.33,1625449482.0,64.0
29.93,1625449482.0,64.0
30.06,1625449482.0,64.0
29.4,1625449482.0,64.0
28.63,1625449482.0,64.0
28.2,1625449482.0,64.0
28.2,1625449482.0,64.0
28.47,1625449482.0,64.0
28.8,1625449482.0,64.0
29.05,1625449482.0,64.0
29.12,1625449482.0,64.0
28.81,1625449482.0,64.0
27.84,1625449482.0,64.0
25.96,1625449482.0,64.0
23.18,1625449482.0,64.0
19.86,1625449482.0,64.0
16.63,1625449482.0,64.0
14.03,1625449482.0,64.0
12.28,1625449482.0,64.0
11.2,1625449482.0,64.0
10.29,1625449482.0,64.0
9.05,1625449482.0,64.0
7.2,1625449482.0,64.0
4.68,1625449482.0,64.0
1.65,1625449482.0,64.0
-1.7,1625449482.0,64.0
-5.22,1625449482.0,64.0
-8.73,1625449482.0,64.0
-12.08,1625449482.0,64.0
-15.2,1625449482.0,64.0
-18.1,1625449482.0,64.0
-21.04,1625449482.0,64.0
-24.34,1625449482.0,64.0
-28.28,1625449482.0,64.0
-32.79,1625449482.0,64.0
-37.41,1625449482.0,64.0
-41.35,1625449482.0,64.0
-43.74,1625449482.0,64.0
-43.99,1625449482.0,64.0
-41.96,1625449482.0,64.0
-37.95,1625449482.0,64.0
-32.59,1625449482.0,64.0
-26.52,1625449482.0,64.0
-20.15,1625449482.0,64.0
-13.64,1625449482.0,64.0
-6.94,1625449482.0,64.0
-0.04,1625449482.0,64.0
6.83,1625449482.0,64.0
13.27,1625449482.0,64.0
18.73,1625449482.0,64.0
22.82,1625449482.0,64.0
25.41,1625449482.0,64.0
26.75,1625449482.0,64.0
27.32,1625449482.0,64.0
27.58,1625449482.0,64.0
27.81,1625449482.0,64.0
28.0,1625449482.0,64.0
27.97,1625449482.0,64.0
27.47,1625449482.0,64.0
26.45,1625449482.0,64.0
24.99,1625449482.0,64.0
23.3,1625449482.0,64.0
21.52,1625449482.0,64.0
19.73,1625449482.0,64.0
17.86,1625449482.0,64.0
15.76,1625449482.0,64.0
13.41,1625449482.0,64.0
10.84,1625449482.0,64.0
8.22,1625449482.0,64.0
5.69,1625449482.0,64.0
3.36,1625449482.0,64.0
1.18,1625449482.0,64.0
-0.96,1625449482.0,64.0
-3.17,1625449482.0,64.0
-5.55,1625449482.0,64.0
-8.08,1625449482.0,64.0
-10.81,1625449482.0,64.0
-13.73,1625449482.0,64.0
-16.94,1625449482.0,64.0
-20.52,1625449482.0,64.0
-24.52,1625449482.0,64.0
-28.9,1625449482.0,64.0
-33.54,1625449482.0,64.0
-38.21,1625449482.0,64.0
-42.58,1625449482.0,64.0
-46.26,1625449482.0,64.0
-48.79,1625449482.0,64.0
-49.75,1625449482.0,64.0
-48.85,1625449482.0,64.0
-45.95,1625449482.0,64.0
-41.19,1625449482.0,64.0
-34.85,1625449482.0,64.0
-27.32,1625449482.0,64.0
-19.02,1625449482.0,64.0
-10.38,1625449482.0,64.0
-1.78,1625449482.0,64.0
6.4,1625449482.0,64.0
13.75,1625449482.0,64.0
19.89,1625449482.0,64.0
24.6,1625449482.0,64.0
27.81,1625449482.0,64.0
29.77,1625449482.0,64.0
30.91,1625449482.0,64.0
31.77,1625449482.0,64.0
32.77,1625449482.0,64.0
34.05,1625449482.0,64.0
35.47,1625449482.0,64.0
36.7,1625449482.0,64.0
37.34,1625449482.0,64.0
37.14,1625449482.0,64.0
36.01,1625449482.0,64.0
33.95,1625449482.0,64.0
31.0,1625449482.0,64.0
27.23,1625449482.0,64.0
22.68,1625449482.0,64.0
17.48,1625449482.0,64.0
11.89,1625449482.0,64.0
6.23,1625449482.0,64.0
0.82,1625449482.0,64.0
-4.1,1625449482.0,64.0
-8.37,1625449482.0,64.0
-11.9,1625449482.0,64.0
-14.65,1625449482.0,64.0
-16.65,1625449482.0,64.0
-18.06,1625449482.0,64.0
-19.1,1625449482.0,64.0
-20.05,1625449482.0,64.0
-21.09,1625449482.0,64.0
-22.32,1625449482.0,64.0
-23.78,1625449482.0,64.0
-25.55,1625449482.0,64.0
-27.72,1625449482.0,64.0
-30.46,1625449482.0,64.0
-33.81,1625449482.0,64.0
-37.55,1625449482.0,64.0
-41.16,1625449482.0,64.0
-43.91,1625449482.0,64.0
-45.13,1625449482.0,64.0
-44.39,1625449482.0,64.0
-41.59,1625449482.0,64.0
-36.94,1625449482.0,64.0
-30.83,1625449482.0,64.0
-23.72,1625449482.0,64.0
-16.0,1625449482.0,64.0
-8.07,1625449482.0,64.0
-0.19,1625449482.0,64.0
7.38,1625449482.0,64.0
14.44,1625449482.0,64.0
20.63,1625449482.0,64.0
25.63,1625449482.0,64.0
29.11,1625449482.0,64.0
30.97,1625449482.0,64.0
31.42,1625449482.0,64.0
30.99,1625449482.0,64.0
30.34,1625449482.0,64.0
30.01,1625449482.0,64.0
30.18,1625449482.0,64.0
30.62,1625449482.0,64.0
30.86,1625449482.0,64.0
30.52,1625449482.0,64.0
29.5,1625449482.0,64.0
27.93,1625449482.0,64.0
26.05,1625449482.0,64.0
23.98,1625449482.0,64.0
21.64,1625449482.0,64.0
18.82,1625449482.0,64.0
15.46,1625449482.0,64.0
11.69,1625449482.0,64.0
7.94,1625449482.0,64.0
4.69,1625449482.0,64.0
2.24,1625449482.0,64.0
0.61,1625449482.0,64.0
-0.53,1625449482.0,64.0
-1.62,1625449482.0,64.0
-3.02,1625449482.0,64.0
-4.89,1625449482.0,64.0
-7.13,1625449482.0,64.0
-9.57,1625449482.0,64.0
-12.02,1625449482.0,64.0
-14.45,1625449482.0,64.0
-16.97,1625449482.0,64.0
-19.77,1625449482.0,64.0
-23.09,1625449482.0,64.0
-27.0,1625449482.0,64.0
-31.44,1625449482.0,64.0
-36.11,1625449482.0,64.0
-40.48,1625449482.0,64.0
-43.91,1625449482.0,64.0
-45.74,1625449482.0,64.0
-45.52,1625449482.0,64.0
-43.04,1625449482.0,64.0
-38.46,1625449482.0,64.0
-32.17,1625449482.0,64.0
-24.73,1625449482.0,64.0
-16.68,1625449482.0,64.0
-8.42,1625449482.0,64.0
-0.26,1625449482.0,64.0
7.6,1625449482.0,64.0
14.88,1625449482.0,64.0
21.28,1625449482.0,64.0
26.49,1625449482.0,64.0
30.31,1625449482.0,64.0
32.72,1625449482.0,64.0
34.0,1625449482.0,64.0
34.56,1625449482.0,64.0
34.83,1625449482.0,64.0
35.09,1625449482.0,64.0
35.34,1625449482.0,64.0
35.37,1625449482.0,64.0
34.92,1625449482.0,64.0
33.86,1625449482.0,64.0
32.27,1625449482.0,64.0
30.39,1625449482.0,64.0
28.46,1625449482.0,64.0
26.52,1625449482.0,64.0
24.43,1625449482.0,64.0
21.92,1625449482.0,64.0
18.85,1625449482.0,64.0
15.31,1625449482.0,64.0
11.66,1625449482.0,64.0
8.34,1625449482.0,64.0
5.65,1625449482.0,64.0
3.65,1625449482.0,64.0
2.15,1625449482.0,64.0
0.92,1625449482.0,64.0
-0.26,1625449482.0,64.0
-1.48,1625449482.0,64.0
-2.86,1625449482.0,64.0
-4.56,1625449482.0,64.0
-6.72,1625449482.0,64.0
-9.47,1625449482.0,64.0
-12.81,1625449482.0,64.0
-16.64,1625449482.0,64.0
-20.84,1625449482.0,64.0
-25.3,1625449482.0,64.0
-29.96,1625449482.0,64.0
-34.58,1625449482.0,64.0
-38.74,1625449482.0,64.0
-41.86,1625449482.0,64.0
-43.38,1625449482.0,64.0
-43.0,1625449482.0,64.0
-40.77,1625449482.0,64.0
-36.98,1625449482.0,64.0
-31.99,1625449482.0,64.0
-26.06,1625449482.0,64.0
-19.35,1625449482.0,64.0
-12.01,1625449482.0,64.0
-4.41,1625449482.0,64.0
2.93,1625449482.0,64.0
9.41,1625449482.0,64.0
14.57,1625449482.0,64.0
18.23,1625449482.0,64.0
20.51,1625449482.0,64.0
21.73,1625449482.0,64.0
22.28,1625449482.0,64.0
22.53,1625449482.0,64.0
22.79,1625449482.0,64.0
23.25,1625449482.0,64.0
23.91,1625449482.0,64.0
24.62,1625449482.0,64.0
25.08,1625449482.0,64.0
25.02,1625449482.0,64.0
24.28,1625449482.0,64.0
22.9,1625449482.0,64.0
21.1,1625449482.0,64.0
19.14,1625449482.0,64.0
17.23,1625449482.0,64.0
15.4,1625449482.0,64.0
13.63,1625449482.0,64.0
11.89,1625449482.0,64.0
10.18,1625449482.0,64.0
8.49,1625449482.0,64.0
6.78,1625449482.0,64.0
4.92,1625449482.0,64.0
2.79,1625449482.0,64.0
0.29,1625449482.0,64.0
-2.5,1625449482.0,64.0
-5.47,1625449482.0,64.0
-8.48,1625449482.0,64.0
-11.45,1625449482.0,64.0
-14.39,1625449482.0,64.0
-17.34,1625449482.0,64.0
-20.38,1625449482.0,64.0
-23.52,1625449482.0,64.0
-26.76,1625449482.0,64.0
-30.06,1625449482.0,64.0
-33.29,1625449482.0,64.0
-36.22,1625449482.0,64.0
-38.36,1625449482.0,64.0
-39.13,1625449482.0,64.0
-37.95,1625449482.0,64.0
-34.54,1625449482.0,64.0
-29.04,1625449482.0,64.0
-21.96,1625449482.0,64.0
-14.04,1625449482.0,64.0
-5.92,1625449482.0,64.0
1.95,1625449482.0,64.0
9.37,1625449482.0,64.0
16.16,1625449482.0,64.0
22.11,1625449482.0,64.0
26.89,1625449482.0,64.0
30.17,1625449482.0,64.0
31.87,1625449482.0,64.0
32.23,1625449482.0,64.0
31.86,1625449482.0,64.0
31.43,1625449482.0,64.0
31.48,1625449482.0,64.0
32.09,1625449482.0,64.0
33.01,1625449482.0,64.0
33.75,1625449482.0,64.0
33.88,1625449482.0,64.0
33.21,1625449482.0,64.0
31.8,1625449482.0,64.0
29.87,1625449482.0,64.0
27.61,1625449482.0,64.0
25.18,1625449482.0,64.0
22.62,1625449482.0,64.0
19.94,1625449482.0,64.0
17.15,1625449482.0,64.0
14.24,1625449482.0,64.0
11.26,1625449482.0,64.0
8.25,1625449482.0,64.0
5.25,1625449482.0,64.0
2.34,1625449482.0,64.0
-0.39,1625449482.0,64.0
-2.9,1625449482.0,64.0
-5.21,1625449482.0,64.0
-7.45,1625449482.0,64.0
-9.82,1625449482.0,64.0
-12.53,1625449482.0,64.0
-15.72,1625449482.0,64.0
-19.43,1625449482.0,64.0
-23.59,1625449482.0,64.0
-27.99,1625449482.0,64.0
-32.29,1625449482.0,64.0
-36.02,1625449482.0,64.0
-38.67,1625449482.0,64.0
-39.76,1625449482.0,64.0
-39.0,1625449482.0,64.0
-36.35,1625449482.0,64.0
-31.97,1625449482.0,64.0
-26.21,1625449482.0,64.0
-19.41,1625449482.0,64.0
-11.9,1625449482.0,64.0
-3.94,1625449482.0,64.0
4.08,1625449482.0,64.0
11.67,1625449482.0,64.0
18.18,1625449482.0,64.0
23.0,1625449482.0,64.0
25.87,1625449482.0,64.0
26.99,1625449482.0,64.0
27.0,1625449482.0,64.0
26.65,1625449482.0,64.0
26.53,1625449482.0,64.0
26.77,1625449482.0,64.0
27.13,1625449482.0,64.0
27.25,1625449482.0,64.0
26.9,1625449482.0,64.0
26.11,1625449482.0,64.0
24.97,1625449482.0,64.0
23.49,1625449482.0,64.0
21.45,1625449482.0,64.0
18.53,1625449482.0,64.0
14.69,1625449482.0,64.0
10.3,1625449482.0,64.0
6.11,1625449482.0,64.0
2.81,1625449482.0,64.0
0.7,1625449482.0,64.0
-0.54,1625449482.0,64.0
-1.61,1625449482.0,64.0
-3.17,1625449482.0,64.0
-5.5,1625449482.0,64.0
-8.39,1625449482.0,64.0
-11.4,1625449482.0,64.0
-14.21,1625449482.0,64.0
-16.79,1625449482.0,64.0
-19.34,1625449482.0,64.0
-22.17,1625449482.0,64.0
-25.4,1625449482.0,64.0
-28.99,1625449482.0,64.0
-32.8,1625449482.0,64.0
-36.77,1625449482.0,64.0
-40.84,1625449482.0,64.0
-44.81,1625449482.0,64.0
-48.21,1625449482.0,64.0
-50.34,1625449482.0,64.0
-50.45,1625449482.0,64.0
-48.1,1625449482.0,64.0
-43.33,1625449482.0,64.0
-36.67,1625449482.0,64.0
-28.83,1625449482.0,64.0
-20.51,1625449482.0,64.0
-12.11,1625449482.0,64.0
-3.77,1625449482.0,64.0
4.43,1625449482.0,64.0
12.33,1625449482.0,64.0
19.52,1625449482.0,64.0
25.53,1625449482.0,64.0
29.95,1625449482.0,64.0
32.64,1625449482.0,64.0
33.83,1625449482.0,64.0
34.05,1625449482.0,64.0
33.84,1625449482.0,64.0
33.62,1625449482.0,64.0
33.49,1625449482.0,64.0
33.31,1625449482.0,64.0
32.79,1625449482.0,64.0
31.74,1625449482.0,64.0
30.09,1625449482.0,64.0
27.97,1625449482.0,64.0
25.55,1625449482.0,64.0
22.95,1625449482.0,64.0
20.21,1625449482.0,64.0
17.3,1625449482.0,64.0
14.21,1625449482.0,64.0
11.0,1625449482.0,64.0
7.79,1625449482.0,64.0
4.7,1625449482.0,64.0
1.79,1625449482.0,64.0
-0.91,1625449482.0,64.0
-3.39,1625449482.0,64.0
-5.68,1625449482.0,64.0
-7.78,1625449482.0,64.0
-9.76,1625449482.0,64.0
-11.77,1625449482.0,64.0
-14.02,1625449482.0,64.0
-16.73,1625449482.0,64.0
-20.03,1625449482.0,64.0
-23.91,1625449482.0,64.0
-28.23,1625449482.0,64.0
-32.74,1625449482.0,64.0
-37.17,1625449482.0,64.0
-41.16,1625449482.0,64.0
-44.25,1625449482.0,64.0
-45.92,1625449482.0,64.0
-45.69,1625449482.0,64.0
-43.29,1625449482.0,64.0
-38.81,1625449482.0,64.0
-32.68,1625449482.0,64.0
-25.49,1625449482.0,64.0
-17.81,1625449482.0,64.0
-9.97,1625449482.0,64.0
-2.15,1625449482.0,64.0
5.52,1625449482.0,64.0
12.81,1625449482.0,64.0
19.27,1625449482.0,64.0
24.43,1625449482.0,64.0
27.94,1625449482.0,64.0
29.79,1625449482.0,64.0
30.36,1625449482.0,64.0
30.19,1625449482.0,64.0
29.85,1625449482.0,64.0
29.75,1625449482.0,64.0
29.98,1625449482.0,64.0
30.38,1625449482.0,64.0
30.7,1625449482.0,64.0
30.6,1625449482.0,64.0
29.87,1625449482.0,64.0
28.39,1625449482.0,64.0
26.15,1625449482.0,64.0
23.31,1625449482.0,64.0
20.15,1625449482.0,64.0
16.95,1625449482.0,64.0
14.0,1625449482.0,64.0
11.46,1625449482.0,64.0
9.31,1625449482.0,64.0
7.33,1625449482.0,64.0
5.2,1625449482.0,64.0
2.65,1625449482.0,64.0
-0.41,1625449482.0,64.0
-3.77,1625449482.0,64.0
-7.05,1625449482.0,64.0
-9.86,1625449482.0,64.0
-12.0,1625449482.0,64.0
-13.6,1625449482.0,64.0
-15.05,1625449482.0,64.0
-16.79,1625449482.0,64.0
-19.13,1625449482.0,64.0
-22.14,1625449482.0,64.0
-25.69,1625449482.0,64.0
-29.62,1625449482.0,64.0
-33.77,1625449482.0,64.0
-37.83,1625449482.0,64.0
-41.21,1625449482.0,64.0
-43.05,1625449482.0,64.0
-42.52,1625449482.0,64.0
-39.29,1625449482.0,64.0
-33.78,1625449482.0,64.0
-27.14,1625449482.0,64.0
-20.75,1625449482.0,64.0
-15.5,1625449482.0,64.0
-11.32,1625449482.0,64.0
-7.23,1625449482.0,64.0
-1.97,1625449482.0,64.0
5.06,1625449482.0,64.0
13.19,1625449482.0,64.0
20.73,1625449482.0,64.0
25.76,1625449482.0,64.0
27.25,1625449482.0,64.0
25.71,1625449482.0,64.0
22.96,1625449482.0,64.0
21.06,1625449482.0,64.0
21.19,1625449482.0,64.0
23.09,1625449482.0,64.0
25.31,1625449482.0,64.0
26.34,1625449482.0,64.0
25.49,1625449482.0,64.0
23.32,1625449482.0,64.0
21.2,1625449482.0,64.0
20.23,1625449482.0,64.0
20.55,1625449482.0,64.0
21.31,1625449482.0,64.0
21.33,1625449482.0,64.0
19.85,1625449482.0,64.0
17.05,1625449482.0,64.0
13.77,1625449482.0,64.0
10.98,1625449482.0,64.0
9.14,1625449482.0,64.0
8.06,1625449482.0,64.0
7.1,1625449482.0,64.0
5.63,1625449482.0,64.0
3.43,1625449482.0,64.0
0.67,1625449482.0,64.0
-2.23,1625449482.0,64.0
-4.88,1625449482.0,64.0
-7.02,1625449482.0,64.0
-8.65,1625449482.0,64.0
-9.96,1625449482.0,64.0
-11.23,1625449482.0,64.0
-12.76,1625449482.0,64.0
-14.78,1625449482.0,64.0
-17.48,1625449482.0,64.0
-20.87,1625449482.0,64.0
-24.89,1625449482.0,64.0
-29.36,1625449482.0,64.0
-34.02,1625449482.0,64.0
-38.49,1625449482.0,64.0
-42.25,1625449482.0,64.0
-44.65,1625449482.0,64.0
-45.09,1625449482.0,64.0
-43.19,1625449482.0,64.0
-38.97,1625449482.0,64.0
-32.9,1625449482.0,64.0
-25.66,1625449482.0,64.0
-17.96,1625449482.0,64.0
-10.24,1625449482.0,64.0
-2.67,1625449482.0,64.0
4.75,1625449482.0,64.0
11.97,1625449482.0,64.0
18.69,1625449482.0,64.0
24.39,1625449482.0,64.0
28.57,1625449482.0,64.0
30.96,1625449482.0,64.0
31.75,1625449482.0,64.0
31.47,1625449482.0,64.0
30.85,1625449482.0,64.0
30.4,1625449482.0,64.0
30.28,1625449482.0,64.0
30.24,1625449482.0,64.0
29.86,1625449482.0,64.0
28.85,1625449482.0,64.0
27.22,1625449482.0,64.0
25.25,1625449482.0,64.0
23.31,1625449482.0,64.0
21.59,1625449482.0,64.0
19.98,1625449482.0,64.0
18.16,1625449482.0,64.0
15.91,1625449482.0,64.0
13.22,1625449482.0,64.0
10.31,1625449482.0,64.0
7.57,1625449482.0,64.0
5.25,1625449482.0,64.0
3.33,1625449482.0,64.0
1.64,1625449482.0,64.0
-0.14,1625449482.0,64.0
-2.18,1625449482.0,64.0
-4.5,1625449482.0,64.0
-6.98,1625449482.0,64.0
-9.5,1625449482.0,64.0
-11.95,1625449482.0,64.0
-14.32,1625449482.0,64.0
-16.61,1625449482.0,64.0
-18.86,1625449482.0,64.0
-21.18,1625449482.0,64.0
-23.74,1625449482.0,64.0
-26.67,1625449482.0,64.0
-30.01,1625449482.0,64.0
-33.56,1625449482.0,64.0
-36.88,1625449482.0,64.0
-39.35,1625449482.0,64.0
-40.41,1625449482.0,64.0
-39.66,1625449482.0,64.0
-37.01,1625449482.0,64.0
-32.64,1625449482.0,64.0
-26.88,1625449482.0,64.0
-20.06,1625449482.0,64.0
-12.47,1625449482.0,64.0
-4.33,1625449482.0,64.0
4.05,1625449482.0,64.0
12.26,1625449482.0,64.0
19.73,1625449482.0,64.0
25.88,1625449482.0,64.0
30.23,1625449482.0,64.0
32.67,1625449482.0,64.0
33.46,1625449482.0,64.0
33.23,1625449482.0,64.0
32.69,1625449482.0,64.0
32.43,1625449482.0,64.0
32.65,1625449482.0,64.0
33.2,1625449482.0,64.0
33.75,1625449482.0,64.0
33.97,1625449482.0,64.0
33.8,1625449482.0,64.0
33.32,1625449482.0,64.0
32.64,1625449482.0,64.0
31.58,1625449482.0,64.0
29.73,1625449482.0,64.0
26.74,1625449482.0,64.0
22.59,1625449482.0,64.0
17.8,1625449482.0,64.0
13.24,1625449482.0,64.0
9.64,1625449482.0,64.0
7.15,1625449482.0,64.0
5.3,1625449482.0,64.0
3.28,1625449482.0,64.0
0.57,1625449482.0,64.0
-2.69,1625449482.0,64.0
-5.83,1625449482.0,64.0
-8.1,1625449482.0,64.0
-9.32,1625449482.0,64.0
-9.98,1625449482.0,64.0
-11.07,1625449482.0,64.0
-13.36,1625449482.0,64.0
-17.0,1625449482.0,64.0
-21.48,1625449482.0,64.0
-26.05,1625449482.0,64.0
-30.2,1625449482.0,64.0
-33.86,1625449482.0,64.0
-37.12,1625449482.0,64.0
-39.87,1625449482.0,64.0
-41.56,1625449482.0,64.0
-41.34,1625449482.0,64.0
-38.57,1625449482.0,64.0
-33.27,1625449482.0,64.0
-26.2,1625449482.0,64.0
-18.56,1625449482.0,64.0
-11.31,1625449482.0,64.0
-4.84,1625449482.0,64.0
1.09,1625449482.0,64.0
6.91,1625449482.0,64.0
12.77,1625449482.0,64.0
18.33,1625449482.0,64.0
22.89,1625449482.0,64.0
25.83,1625449482.0,64.0
26.98,1625449482.0,64.0
26.74,1625449482.0,64.0
25.92,1625449482.0,64.0
25.31,1625449482.0,64.0
25.32,1625449482.0,64.0
25.85,1625449482.0,64.0
26.46,1625449482.0,64.0
26.64,1625449482.0,64.0
26.05,1625449482.0,64.0
24.69,1625449482.0,64.0
22.77,1625449482.0,64.0
20.54,1625449482.0,64.0
18.17,1625449482.0,64.0
15.67,1625449482.0,64.0
12.99,1625449482.0,64.0
10.1,1625449482.0,64.0
7.08,1625449482.0,64.0
4.14,1625449482.0,64.0
1.45,1625449482.0,64.0
-0.96,1625449482.0,64.0
-3.18,1625449482.0,64.0
-5.43,1625449482.0,64.0
-7.93,1625449482.0,64.0
-10.72,1625449482.0,64.0
-13.75,1625449482.0,64.0
-16.88,1625449482.0,64.0
-20.0,1625449482.0,64.0
-23.12,1625449482.0,64.0
-26.36,1625449482.0,64.0
-29.88,1625449482.0,64.0
-33.78,1625449482.0,64.0
-37.97,1625449482.0,64.0
-42.15,1625449482.0,64.0
-45.8,1625449482.0,64.0
-48.34,1625449482.0,64.0
-49.23,1625449482.0,64.0
-48.11,1625449482.0,64.0
-44.93,1625449482.0,64.0
-39.9,1625449482.0,64.0
-33.46,1625449482.0,64.0
-26.16,1625449482.0,64.0
-18.48,1625449482.0,64.0
-10.76,1625449482.0,64.0
-3.17,1625449482.0,64.0
4.16,1625449482.0,64.0
11.03,1625449482.0,64.0
17.14,1625449482.0,64.0
22.1,1625449482.0,64.0
25.63,1625449482.0,64.0
27.68,1625449482.0,64.0
28.55,1625449482.0,64.0
28.8,1625449482.0,64.0
28.99,1625449482.0,64.0
29.49,1625449482.0,64.0
30.33,1625449482.0,64.0
31.17,1625449482.0,64.0
31.56,1625449482.0,64.0
31.13,1625449482.0,64.0
29.75,1625449482.0,64.0
27.57,1625449482.0,64.0
24.89,1625449482.0,64.0
22.03,1625449482.0,64.0
19.16,1625449482.0,64.0
16.29,1625449482.0,64.0
13.28,1625449482.0,64.0
9.98,1625449482.0,64.0
6.4,1625449482.0,64.0
2.7,1625449482.0,64.0
-0.82,1625449482.0,64.0
-3.93,1625449482.0,64.0
-6.52,1625449482.0,64.0
-8.73,1625449482.0,64.0
-10.82,1625449482.0,64.0
-13.05,1625449482.0,64.0
-15.52,1625449482.0,64.0
-18.11,1625449482.0,64.0
-20.57,1625449482.0,64.0
-22.74,1625449482.0,64.0
-24.62,1625449482.0,64.0
-26.48,1625449482.0,64.0
-28.66,1625449482.0,64.0
-31.45,1625449482.0,64.0
-34.83,1625449482.0,64.0
-38.38,1625449482.0,64.0
-41.38,1625449482.0,64.0
-43.03,1625449482.0,64.0
-42.77,1625449482.0,64.0
-40.43,1625449482.0,64.0
-36.18,1625449482.0,64.0
-30.34,1625449482.0,64.0
-23.17,1625449482.0,64.0
-14.8,1625449482.0,64.0
-5.38,1625449482.0,64.0
4.68,1625449482.0,64.0
14.57,1625449482.0,64.0
23.22,1625449482.0,64.0
29.63,1625449482.0,64.0
33.33,1625449482.0,64.0
34.56,1625449482.0,64.0
34.14,1625449482.0,64.0
33.05,1625449482.0,64.0
31.91,1625449482.0,64.0
30.84,1625449482.0,64.0
29.51,1625449482.0,64.0
27.59,1625449482.0,64.0
25.01,1625449482.0,64.0
22.11,1625449482.0,64.0
19.45,1625449482.0,64.0
17.44,1625449482.0,64.0
16.08,1625449482.0,64.0
14.98,1625449482.0,64.0
13.58,1625449482.0,64.0
11.56,1625449482.0,64.0
9.05,1625449482.0,64.0
6.5,1625449482.0,64.0
4.51,1625449482.0,64.0
3.32,1625449482.0,64.0
2.71,1625449482.0,64.0
2.13,1625449482.0,64.0
0.94,1625449482.0,64.0
-1.23,1625449482.0,64.0
-4.27,1625449482.0,64.0
-7.7,1625449482.0,64.0
-10.91,1625449482.0,64.0
-13.48,1625449482.0,64.0
-15.32,1625449482.0,64.0
-16.65,1625449482.0,64.0
-17.83,1625449482.0,64.0
-19.23,1625449482.0,64.0
-21.06,1625449482.0,64.0
-23.41,1625449482.0,64.0
-26.26,1625449482.0,64.0
-29.58,1625449482.0,64.0
-33.26,1625449482.0,64.0
-37.07,1625449482.0,64.0
-40.65,1625449482.0,64.0
-43.4,1625449482.0,64.0
-44.69,1625449482.0,64.0
-43.99,1625449482.0,64.0
-41.06,1625449482.0,64.0
-36.05,1625449482.0,64.0
-29.44,1625449482.0,64.0
-21.85,1625449482.0,64.0
-13.85,1625449482.0,64.0
-5.8,1625449482.0,64.0
2.16,1625449482.0,64.0
9.89,1625449482.0,64.0
17.17,1625449482.0,64.0
23.57,1625449482.0,64.0
28.56,1625449482.0,64.0
31.82,1625449482.0,64.0
33.3,1625449482.0,64.0
33.4,1625449482.0,64.0
32.73,1625449482.0,64.0
31.89,1625449482.0,64.0
31.21,1625449482.0,64.0
30.61,1625449482.0,64.0
29.85,1625449482.0,64.0
28.66,1625449482.0,64.0
26.97,1625449482.0,64.0
24.98,1625449482.0,64.0
22.94,1625449482.0,64.0
21.04,1625449482.0,64.0
19.24,1625449482.0,64.0
17.35,1625449482.0,64.0
15.18,1625449482.0,64.0
12.7,1625449482.0,64.0
10.08,1625449482.0,64.0
7.61,1625449482.0,64.0
5.55,1625449482.0,64.0
3.99,1625449482.0,64.0
2.82,1625449482.0,64.0
1.74,1625449482.0,64.0
0.37,1625449482.0,64.0
-1.53,1625449482.0,64.0
-4.01,1625449482.0,64.0
-6.89,1625449482.0,64.0
-9.82,1625449482.0,64.0
-12.47,1625449482.0,64.0
-14.64,1625449482.0,64.0
-16.29,1625449482.0,64.0
-17.61,1625449482.0,64.0
-18.93,1625449482.0,64.0
-20.61,1625449482.0,64.0
-22.95,1625449482.0,64.0
-26.04,1625449482.0,64.0
-29.69,1625449482.0,64.0
-33.4,1625449482.0,64.0
-36.47,1625449482.0,64.0
-38.2,1625449482.0,64.0
-38.09,1625449482.0,64.0
-36.06,1625449482.0,64.0
-32.43,1625449482.0,64.0
-27.78,1625449482.0,64.0
-22.69,1625449482.0,64.0
-17.46,1625449482.0,64.0
-12.1,1625449482.0,64.0
-6.42,1625449482.0,64.0
-0.3,1625449482.0,64.0
6.09,1625449482.0,64.0
12.17,1625449482.0,64.0
17.22,1625449482.0,64.0
20.58,1625449482.0,64.0
22.02,1625449482.0,64.0
21.9,1625449482.0,64.0
20.95,1625449482.0,64.0
20.03,1625449482.0,64.0
19.79,1625449482.0,64.0
20.53,1625449482.0,64.0
22.24,1625449482.0,64.0
24.69,1625449482.0,64.0
27.5,1625449482.0,64.0
30.16,1625449482.0,64.0
32.08,1625449482.0,64.0
32.67,1625449482.0,64.0
31.49,1625449482.0,64.0
28.54,1625449482.0,64.0
24.28,1625449482.0,64.0
19.52,1625449482.0,64.0
15.12,1625449482.0,64.0
11.59,1625449482.0,64.0
8.94,1625449482.0,64.0
6.77,1625449482.0,64.0
4.57,1625449482.0,64.0
2.1,1625449482.0,64.0
-0.59,1625449482.0,64.0
-3.22,1625449482.0,64.0
-5.59,1625449482.0,64.0
-7.74,1625449482.0,64.0
-9.98,1625449482.0,64.0
-12.65,1625449482.0,64.0
-15.91,1625449482.0,64.0
-19.62,1625449482.0,64.0
-23.37,1625449482.0,64.0
-26.76,1625449482.0,64.0
-29.6,1625449482.0,64.0
-32.04,1625449482.0,64.0
-34.41,1625449482.0,64.0
-37.05,1625449482.0,64.0
-40.14,1625449482.0,64.0
-43.48,1625449482.0,64.0
-46.55,1625449482.0,64.0
-48.65,1625449482.0,64.0
-48.95,1625449482.0,64.0
-46.9,1625449482.0,64.0
-42.37,1625449482.0,64.0
-35.78,1625449482.0,64.0
-28.02,1625449482.0,64.0
-20.07,1625449482.0,64.0
-12.57,1625449482.0,64.0
-5.72,1625449482.0,64.0
0.69,1625449482.0,64.0
6.98,1625449482.0,64.0
13.17,1625449482.0,64.0
18.9,1625449482.0,64.0
23.62,1625449482.0,64.0
26.92,1625449482.0,64.0
28.78,1625449482.0,64.0
29.62,1625449482.0,64.0
30.06,1625449482.0,64.0
30.64,1625449482.0,64.0
31.53,1625449482.0,64.0
32.63,1625449482.0,64.0
33.55,1625449482.0,64.0
33.93,1625449482.0,64.0
33.55,1625449482.0,64.0
32.41,1625449482.0,64.0
30.66,1625449482.0,64.0
28.53,1625449482.0,64.0
26.24,1625449482.0,64.0
23.94,1625449482.0,64.0
21.73,1625449482.0,64.0
19.59,1625449482.0,64.0
17.53,1625449482.0,64.0
15.52,1625449482.0,64.0
13.52,1625449482.0,64.0
11.53,1625449482.0,64.0
9.48,1625449482.0,64.0
7.38,1625449482.0,64.0
5.19,1625449482.0,64.0
2.88,1625449482.0,64.0
0.42,1625449482.0,64.0
-2.21,1625449482.0,64.0
-5.05,1625449482.0,64.0
-8.08,1625449482.0,64.0
-11.22,1625449482.0,64.0
-14.41,1625449482.0,64.0
-17.61,1625449482.0,64.0
-20.84,1625449482.0,64.0
-24.13,1625449482.0,64.0
-27.42,1625449482.0,64.0
-30.38,1625449482.0,64.0
-32.48,1625449482.0,64.0
-33.15,1625449482.0,64.0
-31.92,1625449482.0,64.0
-28.71,1625449482.0,64.0
-23.85,1625449482.0,64.0
-17.96,1625449482.0,64.0
-11.68,1625449482.0,64.0
-5.5,1625449482.0,64.0
0.38,1625449482.0,64.0
5.95,1625449482.0,64.0
11.19,1625449482.0,64.0
15.94,1625449482.0,64.0
19.89,1625449482.0,64.0
22.69,1625449482.0,64.0
24.16,1625449482.0,64.0
24.45,1625449482.0,64.0
23.95,1625449482.0,64.0
23.21,1625449482.0,64.0
22.65,1625449482.0,64.0
22.44,1625449482.0,64.0
22.52,1625449482.0,64.0
22.67,1625449482.0,64.0
22.68,1625449482.0,64.0
22.45,1625449482.0,64.0
21.91,1625449482.0,64.0
20.96,1625449482.0,64.0
19.48,1625449482.0,64.0
17.37,1625449482.0,64.0
14.62,1625449482.0,64.0
11.47,1625449482.0,64.0
8.26,1625449482.0,64.0
5.34,1625449482.0,64.0
2.85,1625449482.0,64.0
0.67,1625449482.0,64.0
-1.55,1625449482.0,64.0
-4.11,1625449482.0,64.0
-7.13,1625449482.0,64.0
-10.46,1625449482.0,64.0
-13.69,1625449482.0,64.0
-16.41,1625449482.0,64.0
-18.4,1625449482.0,64.0
-19.71,1625449482.0,64.0
-20.68,1625449482.0,64.0
-21.74,1625449482.0,64.0
-23.34,1625449482.0,64.0
-25.76,1625449482.0,64.0
-29.02,1625449482.0,64.0
-32.89,1625449482.0,64.0
-36.92,1625449482.0,64.0
-40.54,1625449482.0,64.0
-43.12,1625449482.0,64.0
-44.19,1625449482.0,64.0
-43.46,1625449482.0,64.0
-40.89,1625449482.0,64.0
-36.77,1625449482.0,64.0
-31.55,1625449482.0,64.0
-25.74,1625449482.0,64.0
-19.62,1625449482.0,64.0
-13.19,1625449482.0,64.0
-6.19,1625449482.0,64.0
1.6,1625449482.0,64.0
10.08,1625449482.0,64.0
18.55,1625449482.0,64.0
25.97,1625449482.0,64.0
31.29,1625449482.0,64.0
33.98,1625449482.0,64.0
34.36,1625449482.0,64.0
33.36,1625449482.0,64.0
32.08,1625449482.0,64.0
31.1,1625449482.0,64.0
30.37,1625449482.0,64.0
29.36,1625449482.0,64.0
27.59,1625449482.0,64.0
25.08,1625449482.0,64.0
22.29,1625449482.0,64.0
19.88,1625449482.0,64.0
18.09,1625449482.0,64.0
16.61,1625449482.0,64.0
14.77,1625449482.0,64.0
12.02,1625449482.0,64.0
8.4,1625449482.0,64.0
4.47,1625449482.0,64.0
1.07,1625449482.0,64.0
-1.29,1625449482.0,64.0
-2.72,1625449482.0,64.0
-3.83,1625449482.0,64.0
-5.38,1625449482.0,64.0
-7.81,1625449482.0,64.0
-11.04,1625449482.0,64.0
-14.59,1625449482.0,64.0
-17.92,1625449482.0,64.0
-20.71,1625449482.0,64.0
-23.01,1625449482.0,64.0
-25.11,1625449482.0,64.0
-27.41,1625449482.0,64.0
-30.16,1625449482.0,64.0
-33.45,1625449482.0,64.0
-37.18,1625449482.0,64.0
-41.11,1625449482.0,64.0
-44.88,1625449482.0,64.0
-47.98,1625449482.0,64.0
-49.87,1625449482.0,64.0
-50.03,1625449482.0,64.0
-48.18,1625449482.0,64.0
-44.32,1625449482.0,64.0
-38.78,1625449482.0,64.0
-32.08,1625449482.0,64.0
-24.7,1625449482.0,64.0
-16.96,1625449482.0,64.0
-8.95,1625449482.0,64.0
-0.64,1625449482.0,64.0
7.82,1625449482.0,64.0
16.07,1625449482.0,64.0
23.47,1625449482.0,64.0
29.38,1625449482.0,64.0
33.39,1625449482.0,64.0
35.57,1625449482.0,64.0
36.35,1625449482.0,64.0
36.38,1625449482.0,64.0
36.19,1625449482.0,64.0
35.96,1625449482.0,64.0
35.63,1625449482.0,64.0
34.96,1625449482.0,64.0
33.8,1625449482.0,64.0
32.19,1625449482.0,64.0
30.34,1625449482.0,64.0
28.43,1625449482.0,64.0
26.49,1625449482.0,64.0
24.41,1625449482.0,64.0
21.92,1625449482.0,64.0
18.94,1625449482.0,64.0
15.6,1625449482.0,64.0
12.24,1625449482.0,64.0
9.26,1625449482.0,64.0
6.95,1625449482.0,64.0
5.26,1625449482.0,64.0
3.92,1625449482.0,64.0
2.53,1625449482.0,64.0
0.8,1625449482.0,64.0
-1.36,1625449482.0,64.0
-3.79,1625449482.0,64.0
-6.3,1625449482.0,64.0
-8.77,1625449482.0,64.0
-11.2,1625449482.0,64.0
-13.75,1625449482.0,64.0
-16.59,1625449482.0,64.0
-19.84,1625449482.0,64.0
-23.54,1625449482.0,64.0
-27.66,1625449482.0,64.0
-32.06,1625449482.0,64.0
-36.45,1625449482.0,64.0
-40.4,1625449482.0,64.0
-43.26,1625449482.0,64.0
-44.45,1625449482.0,64.0
-43.51,1625449482.0,64.0
-40.41,1625449482.0,64.0
-35.51,1625449482.0,64.0
-29.43,1625449482.0,64.0
-22.73,1625449482.0,64.0
-15.79,1625449482.0,64.0
-8.7,1625449482.0,64.0
-1.4,1625449482.0,64.0
6.12,1625449482.0,64.0
13.69,1625449482.0,64.0
20.84,1625449482.0,64.0
27.03,1625449482.0,64.0
31.84,1625449482.0,64.0
35.15,1625449482.0,64.0
37.13,1625449482.0,64.0
38.18,1625449482.0,64.0
38.77,1625449482.0,64.0
39.13,1625449482.0,64.0
39.27,1625449482.0,64.0
38.92,1625449482.0,64.0
37.74,1625449482.0,64.0
35.54,1625449482.0,64.0
32.38,1625449482.0,64.0
28.57,1625449482.0,64.0
24.52,1625449482.0,64.0
20.54,1625449482.0,64.0
16.81,1625449482.0,64.0
13.36,1625449482.0,64.0
10.29,1625449482.0,64.0
7.69,1625449482.0,64.0
5.72,1625449482.0,64.0
4.41,1625449482.0,64.0
3.5,1625449482.0,64.0
2.56,1625449482.0,64.0
1.1,1625449482.0,64.0
-1.13,1625449482.0,64.0
-4.1,1625449482.0,64.0
-7.46,1625449482.0,64.0
-10.83,1625449482.0,64.0
-13.95,1625449482.0,64.0
-16.84,1625449482.0,64.0
-19.64,1625449482.0,64.0
-22.59,1625449482.0,64.0
-25.86,1625449482.0,64.0
-29.59,1625449482.0,64.0
-33.91,1625449482.0,64.0
-38.74,1625449482.0,64.0
-43.76,1625449482.0,64.0
-48.3,1625449482.0,64.0
-51.46,1625449482.0,64.0
-52.35,1625449482.0,64.0
-50.51,1625449482.0,64.0
-46.03,1625449482.0,64.0
-39.52,1625449482.0,64.0
-31.86,1625449482.0,64.0
-23.83,1625449482.0,64.0
-15.91,1625449482.0,64.0
-8.31,1625449482.0,64.0
-1.15,1625449482.0,64.0
5.42,1625449482.0,64.0
11.15,1625449482.0,64.0
15.75,1625449482.0,64.0
19.05,1625449482.0,64.0
21.15,1625449482.0,64.0
22.35,1625449482.0,64.0
23.08,1625449482.0,64.0
23.8,1625449482.0,64.0
24.8,1625449482.0,64.0
26.18,1625449482.0,64.0
27.75,1625449482.0,64.0
29.2,1625449482.0,64.0
30.16,1625449482.0,64.0
30.47,1625449482.0,64.0
30.15,1625449482.0,64.0
29.31,1625449482.0,64.0
28.1,1625449482.0,64.0
26.58,1625449482.0,64.0
24.71,1625449482.0,64.0
22.44,1625449482.0,64.0
19.9,1625449482.0,64.0
17.33,1625449482.0,64.0
15.01,1625449482.0,64.0
13.11,1625449482.0,64.0
11.51,1625449482.0,64.0
9.99,1625449482.0,64.0
8.26,1625449482.0,64.0
6.23,1625449482.0,64.0
3.98,1625449482.0,64.0
1.7,1625449482.0,64.0
-0.49,1625449482.0,64.0
-2.63,1625449482.0,64.0
-4.9,1625449482.0,64.0
-7.54,1625449482.0,64.0
-10.7,1625449482.0,64.0
-14.45,1625449482.0,64.0
-18.71,1625449482.0,64.0
-23.3,1625449482.0,64.0
-27.96,1625449482.0,64.0
-32.2,1625449482.0,64.0
-35.37,1625449482.0,64.0
-36.76,1625449482.0,64.0
-35.84,1625449482.0,64.0
-32.45,1625449482.0,64.0
-26.9,1625449482.0,64.0
-19.87,1625449482.0,64.0
-12.13,1625449482.0,64.0
-4.34,1625449482.0,64.0
3.16,1625449482.0,64.0
10.25,1625449482.0,64.0
16.9,1625449482.0,64.0
22.91,1625449482.0,64.0
27.95,1625449482.0,64.0
31.63,1625449482.0,64.0
33.74,1625449482.0,64.0
34.43,1625449482.0,64.0
34.16,1625449482.0,64.0
33.59,1625449482.0,64.0
33.27,1625449482.0,64.0
33.37,1625449482.0,64.0
33.73,1625449482.0,64.0
33.94,1625449482.0,64.0
33.66,1625449482.0,64.0
32.73,1625449482.0,64.0
31.29,1625449482.0,64.0
29.55,1625449482.0,64.0
27.69,1625449482.0,64.0
25.72,1625449482.0,64.0
23.52,1625449482.0,64.0
20.99,1625449482.0,64.0
18.14,1625449482.0,64.0
15.13,1625449482.0,64.0
12.14,1625449482.0,64.0
9.29,1625449482.0,64.0
6.52,1625449482.0,64.0
3.71,1625449482.0,64.0
0.72,1625449482.0,64.0
-2.48,1625449482.0,64.0
-5.79,1625449482.0,64.0
-9.11,1625449482.0,64.0
-12.37,1625449482.0,64.0
-15.66,1625449482.0,64.0
-19.17,1625449482.0,64.0
-23.13,1625449482.0,64.0
-27.67,1625449482.0,64.0
-32.77,1625449482.0,64.0
-38.1,1625449482.0,64.0
-43.1,1625449482.0,64.0
-47.01,1625449482.0,64.0
-49.15,1625449482.0,64.0
-49.07,1625449482.0,64.0
-46.7,1625449482.0,64.0
-42.38,1625449482.0,64.0
-36.68,1625449482.0,64.0
-30.16,1625449482.0,64.0
-23.19,1625449482.0,64.0
-15.88,1625449482.0,64.0
-8.23,1625449482.0,64.0
-0.36,1625449482.0,64.0
7.43,1625449482.0,64.0
14.59,1625449482.0,64.0
20.51,1625449482.0,64.0
24.84,1625449482.0,64.0
27.5,1625449482.0,64.0
28.77,1625449482.0,64.0
29.07,1625449482.0,64.0
28.9,1625449482.0,64.0
28.75,1625449482.0,64.0
29.02,1625449482.0,64.0
29.96,1625449482.0,64.0
31.56,1625449482.0,64.0
33.38,1625449482.0,64.0
34.73,1625449482.0,64.0
34.77,1625449482.0,64.0
33.07,1625449482.0,64.0
29.76,1625449482.0,64.0
25.53,1625449482.0,64.0
21.22,1625449482.0,64.0
17.31,1625449482.0,64.0
13.71,1625449482.0,64.0
9.91,1625449482.0,64.0
5.48,1625449482.0,64.0
0.48,1625449482.0,64.0
-4.53,1625449482.0,64.0
-8.79,1625449482.0,64.0
-11.99,1625449482.0,64.0
-14.47,1625449482.0,64.0
-17.01,1625449482.0,64.0
-20.28,1625449482.0,64.0
-24.37,1625449482.0,64.0
-28.7,1625449482.0,64.0
-32.47,1625449482.0,64.0
-35.22,1625449482.0,64.0
-37.22,1625449482.0,64.0
-39.31,1625449482.0,64.0
-42.3,1625449482.0,64.0
-46.39,1625449482.0,64.0
-50.93,1625449482.0,64.0
-54.71,1625449482.0,64.0
-56.55,1625449482.0,64.0
-55.79,1625449482.0,64.0
-52.49,1625449482.0,64.0
-47.18,1625449482.0,64.0
-40.49,1625449482.0,64.0
-32.82,1625449482.0,64.0
-24.36,1625449482.0,64.0
-15.21,1625449482.0,64.0
-5.62,1625449482.0,64.0
3.98,1625449482.0,64.0
13.0,1625449482.0,64.0
20.87,1625449482.0,64.0
27.21,1625449482.0,64.0
31.9,1625449482.0,64.0
34.97,1625449482.0,64.0
36.64,1625449482.0,64.0
37.21,1625449482.0,64.0
37.04,1625449482.0,64.0
36.47,1625449482.0,64.0
35.79,1625449482.0,64.0
35.1,1625449482.0,64.0
34.41,1625449482.0,64.0
33.6,1625449482.0,64.0
32.53,1625449482.0,64.0
31.1,1625449482.0,64.0
29.28,1625449482.0,64.0
27.04,1625449482.0,64.0
24.41,1625449482.0,64.0
21.47,1625449482.0,64.0
18.32,1625449482.0,64.0
15.11,1625449482.0,64.0
11.97,1625449482.0,64.0
9.01,1625449482.0,64.0
6.18,1625449482.0,64.0
3.36,1625449482.0,64.0
0.45,1625449482.0,64.0
-2.57,1625449482.0,64.0
-5.62,1625449482.0,64.0
-8.55,1625449482.0,64.0
-11.27,1625449482.0,64.0
-13.85,1625449482.0,64.0
-16.43,1625449482.0,64.0
-19.22,1625449482.0,64.0
-22.41,1625449482.0,64.0
-26.04,1625449482.0,64.0
-30.07,1625449482.0,64.0
-34.4,1625449482.0,64.0
-38.8,1625449482.0,64.0
-42.88,1625449482.0,64.0
-46.08,1625449482.0,64.0
-47.76,1625449482.0,64.0
-47.37,1625449482.0,64.0
-44.67,1625449482.0,64.0
-39.84,1625449482.0,64.0
-33.39,1625449482.0,64.0
-25.96,1625449482.0,64.0
-18.11,1625449482.0,64.0
-10.13,1625449482.0,64.0
-2.14,1625449482.0,64.0
5.76,1625449482.0,64.0
13.31,1625449482.0,64.0
20.04,1625449482.0,64.0
25.41,1625449482.0,64.0
29.06,1625449482.0,64.0
31.02,1625449482.0,64.0
31.74,1625449482.0,64.0
31.93,1625449482.0,64.0
32.26,1625449482.0,64.0
33.07,1625449482.0,64.0
34.25,1625449482.0,64.0
35.4,1625449482.0,64.0
36.04,1625449482.0,64.0
35.83,1625449482.0,64.0
34.76,1625449482.0,64.0
33.01,1625449482.0,64.0
30.88,1625449482.0,64.0
28.54,1625449482.0,64.0
26.07,1625449482.0,64.0
23.46,1625449482.0,64.0
20.7,1625449482.0,64.0
17.83,1625449482.0,64.0
14.98,1625449482.0,64.0
12.24,1625449482.0,64.0
9.64,1625449482.0,64.0
7.08,1625449482.0,64.0
4.35,1625449482.0,64.0
1.33,1625449482.0,64.0
-1.96,1625449482.0,64.0
-5.26,1625449482.0,64.0
-8.16,1625449482.0,64.0
-10.28,1625449482.0,64.0
-11.48,1625449482.0,64.0
-12.03,1625449482.0,64.0
-12.66,1625449482.0,64.0
-14.31,1625449482.0,64.0
-17.74,1625449482.0,64.0
-23.22,1625449482.0,64.0
-30.25,1625449482.0,64.0
-37.8,1625449482.0,64.0
-44.54,1625449482.0,64.0
-49.35,1625449482.0,64.0
-51.58,1625449482.0,64.0
-51.11,1625449482.0,64.0
-48.26,1625449482.0,64.0
-43.45,1625449482.0,64.0
-37.13,1625449482.0,64.0
-29.71,1625449482.0,64.0
-21.56,1625449482.0,64.0
-13.08,1625449482.0,64.0
-4.63,1625449482.0,64.0
3.45,1625449482.0,64.0
10.91,1625449482.0,64.0
17.5,1625449482.0,64.0
23.0,1625449482.0,64.0
27.16,1625449482.0,64.0
29.8,1625449482.0,64.0
30.96,1625449482.0,64.0
30.93,1625449482.0,64.0
30.25,1625449482.0,64.0
29.47,1625449482.0,64.0
28.97,1625449482.0,64.0
28.79,1625449482.0,64.0
28.7,1625449482.0,64.0
28.37,1625449482.0,64.0
27.55,1625449482.0,64.0
26.19,1625449482.0,64.0
24.45,1625449482.0,64.0
22.5,1625449482.0,64.0
20.4,1625449482.0,64.0
18.15,1625449482.0,64.0
15.68,1625449482.0,64.0
13.07,1625449482.0,64.0
10.55,1625449482.0,64.0
8.41,1625449482.0,64.0
6.82,1625449482.0,64.0
5.66,1625449482.0,64.0
4.51,1625449482.0,64.0
2.84,1625449482.0,64.0
0.34,1625449482.0,64.0
-2.98,1625449482.0,64.0
-6.72,1625449482.0,64.0
-10.35,1625449482.0,64.0
-13.52,1625449482.0,64.0
-16.16,1625449482.0,64.0
-18.5,1625449482.0,64.0
-20.91,1625449482.0,64.0
-23.76,1625449482.0,64.0
-27.24,1625449482.0,64.0
-31.33,1625449482.0,64.0
-35.76,1625449482.0,64.0
-40.03,1625449482.0,64.0
-43.48,1625449482.0,64.0
-45.38,1625449482.0,64.0
-45.19,1625449482.0,64.0
-42.68,1625449482.0,64.0
-38.04,1625449482.0,64.0
-31.81,1625449482.0,64.0
-24.61,1625449482.0,64.0
-16.98,1625449482.0,64.0
-9.18,1625449482.0,64.0
-1.32,1625449482.0,64.0
6.53,1625449482.0,64.0
14.11,1625449482.0,64.0
20.96,1625449482.0,64.0
26.52,1625449482.0,64.0
30.36,1625449482.0,64.0
32.34,1625449482.0,64.0
32.82,1625449482.0,64.0
32.47,1625449482.0,64.0
32.09,1625449482.0,64.0
32.22,1625449482.0,64.0
32.97,1625449482.0,64.0
34.03,1625449482.0,64.0
34.84,1625449482.0,64.0
34.92,1625449482.0,64.0
34.13,1625449482.0,64.0
32.62,1625449482.0,64.0
30.69,1625449482.0,64.0
28.61,1625449482.0,64.0
26.42,1625449482.0,64.0
23.99,1625449482.0,64.0
21.17,1625449482.0,64.0
17.94,1625449482.0,64.0
14.46,1625449482.0,64.0
10.97,1625449482.0,64.0
7.7,1625449482.0,64.0
4.72,1625449482.0,64.0
1.95,1625449482.0,64.0
-0.76,1625449482.0,64.0
-3.55,1625449482.0,64.0
-6.43,1625449482.0,64.0
-9.33,1625449482.0,64.0
-12.16,1625449482.0,64.0
-14.86,1625449482.0,64.0
-17.52,1625449482.0,64.0
-20.32,1625449482.0,64.0
-23.47,1625449482.0,64.0
-27.06,1625449482.0,64.0
-30.97,1625449482.0,64.0
-34.78,1625449482.0,64.0
-37.89,1625449482.0,64.0
-39.62,1625449482.0,64.0
-39.47,1625449482.0,64.0
-37.22,1625449482.0,64.0
-32.99,1625449482.0,64.0
-27.18,1625449482.0,64.0
-20.33,1625449482.0,64.0
-12.93,1625449482.0,64.0
-5.29,1625449482.0,64.0
2.35,1625449482.0,64.0
9.81,1625449482.0,64.0
16.77,1625449482.0,64.0
22.79,1625449482.0,64.0
27.41,1625449482.0,64.0
30.31,1625449482.0,64.0
31.54,1625449482.0,64.0
31.53,1625449482.0,64.0
30.94,1625449482.0,64.0
30.42,1625449482.0,64.0
30.36,1625449482.0,64.0
30.83,1625449482.0,64.0
31.64,1625449482.0,64.0
32.57,1625449482.0,64.0
33.43,1625449482.0,64.0
34.05,1625449482.0,64.0
34.2,1625449482.0,64.0
33.55,1625449482.0,64.0
31.81,1625449482.0,64.0
28.96,1625449482.0,64.0
25.31,1625449482.0,64.0
21.32,1625449482.0,64.0
17.38,1625449482.0,64.0
13.55,1625449482.0,64.0
9.59,1625449482.0,64.0
5.27,1625449482.0,64.0
0.65,1625449482.0,64.0
-3.83,1625449482.0,64.0
-7.63,1625449482.0,64.0
-10.58,1625449482.0,64.0
-13.03,1625449482.0,64.0
-15.76,1625449482.0,64.0
-19.4,1625449482.0,64.0
-24.07,1625449482.0,64.0
-29.28,1625449482.0,64.0
-34.27,1625449482.0,64.0
-38.5,1625449482.0,64.0
-41.86,1625449482.0,64.0
-44.52,1625449482.0,64.0
-46.55,1625449482.0,64.0
-47.58,1625449482.0,64.0
-46.9,1625449482.0,64.0
-43.96,1625449482.0,64.0
-38.71,1625449482.0,64.0
-31.74,1625449482.0,64.0
-24.05,1625449482.0,64.0
-16.45,1625449482.0,64.0
-9.3,1625449482.0,64.0
-2.45,1625449482.0,64.0
4.41,1625449482.0,64.0
11.27,1625449482.0,64.0
17.68,1625449482.0,64.0
23.0,1625449482.0,64.0
26.68,1625449482.0,64.0
28.64,1625449482.0,64.0
29.32,1625449482.0,64.0
29.42,1625449482.0,64.0
29.56,1625449482.0,64.0
29.98,1625449482.0,64.0
30.54,1625449482.0,64.0
30.79,1625449482.0,64.0
30.27,1625449482.0,64.0
28.79,1625449482.0,64.0
26.41,1625449482.0,64.0
23.42,1625449482.0,64.0
20.2,1625449482.0,64.0
17.01,1625449482.0,64.0
13.98,1625449482.0,64.0
11.02,1625449482.0,64.0
8.02,1625449482.0,64.0
4.9,1625449482.0,64.0
1.72,1625449482.0,64.0
-1.42,1625449482.0,64.0
-4.38,1625449482.0,64.0
-7.12,1625449482.0,64.0
-9.71,1625449482.0,64.0
-12.3,1625449482.0,64.0
-15.03,1625449482.0,64.0
-17.96,1625449482.0,64.0
-21.1,1625449482.0,64.0
-24.42,1625449482.0,64.0
-27.93,1625449482.0,64.0
-31.67,1625449482.0,64.0
-35.69,1625449482.0,64.0
-39.94,1625449482.0,64.0
-44.21,1625449482.0,64.0
-48.02,1625449482.0,64.0
-50.73,1625449482.0,64.0
-51.68,1625449482.0,64.0
-50.41,1625449482.0,64.0
-46.8,1625449482.0,64.0
-41.14,1625449482.0,64.0
-33.96,1625449482.0,64.0
-25.88,1625449482.0,64.0
-17.43,1625449482.0,64.0
-8.91,1625449482.0,64.0
-0.54,1625449482.0,64.0
7.43,1625449482.0,64.0
14.69,1625449482.0,64.0
20.84,1625449482.0,64.0
25.52,1625449482.0,64.0
28.57,1625449482.0,64.0
30.12,1625449482.0,64.0
30.57,1625449482.0,64.0
30.45,1625449482.0,64.0
30.27,1625449482.0,64.0
30.3,1625449482.0,64.0
30.55,1625449482.0,64.0
30.8,1625449482.0,64.0
30.68,1625449482.0,64.0
29.92,1625449482.0,64.0
28.44,1625449482.0,64.0
26.34,1625449482.0,64.0
23.87,1625449482.0,64.0
21.2,1625449482.0,64.0
18.43,1625449482.0,64.0
15.51,1625449482.0,64.0
12.4,1625449482.0,64.0
9.06,1625449482.0,64.0
5.65,1625449482.0,64.0
2.37,1625449482.0,64.0
-0.59,1625449482.0,64.0
-3.14,1625449482.0,64.0
-5.36,1625449482.0,64.0
-7.39,1625449482.0,64.0
-9.39,1625449482.0,64.0
-11.49,1625449482.0,64.0
-13.79,1625449482.0,64.0
-16.4,1625449482.0,64.0
-19.43,1625449482.0,64.0
-23.07,1625449482.0,64.0
-27.47,1625449482.0,64.0
-32.65,1625449482.0,64.0
-38.33,1625449482.0,64.0
-43.86,1625449482.0,64.0
-48.34,1625449482.0,64.0
-50.86,1625449482.0,64.0
-50.74,1625449482.0,64.0
-47.75,1625449482.0,64.0
-42.14,1625449482.0,64.0
-34.44,1625449482.0,64.0
-25.35,1625449482.0,64.0
-15.59,1625449482.0,64.0
-5.85,1625449482.0,64.0
3.2,1625449482.0,64.0
11.04,1625449482.0,64.0
17.36,1625449482.0,64.0
22.23,1625449482.0,64.0
25.99,1625449482.0,64.0
29.06,1625449482.0,64.0
31.57,1625449482.0,64.0
33.36,1625449482.0,64.0
34.05,1625449482.0,64.0
33.47,1625449482.0,64.0
31.9,1625449482.0,64.0
30.03,1625449482.0,64.0
28.6,1625449482.0,64.0
27.98,1625449482.0,64.0
27.95,1625449482.0,64.0
27.81,1625449482.0,64.0
26.84,1625449482.0,64.0
24.7,1625449482.0,64.0
21.64,1625449482.0,64.0
18.18,1625449482.0,64.0
14.78,1625449482.0,64.0
11.51,1625449482.0,64.0
8.11,1625449482.0,64.0
4.28,1625449482.0,64.0
-0.03,1625449482.0,64.0
-4.55,1625449482.0,64.0
-8.81,1625449482.0,64.0
-12.41,1625449482.0,64.0
-15.24,1625449482.0,64.0
-17.46,1625449482.0,64.0
-19.32,1625449482.0,64.0
-21.04,1625449482.0,64.0
-22.68,1625449482.0,64.0
-24.2,1625449482.0,64.0
-25.66,1625449482.0,64.0
-27.26,1625449482.0,64.0
-29.28,1625449482.0,64.0
-31.99,1625449482.0,64.0
-35.52,1625449482.0,64.0
-39.75,1625449482.0,64.0
-44.27,1625449482.0,64.0
-48.44,1625449482.0,64.0
-51.47,1625449482.0,64.0
-52.64,1625449482.0,64.0
-51.52,1625449482.0,64.0
-48.03,1625449482.0,64.0
-42.54,1625449482.0,64.0
-35.67,1625449482.0,64.0
-28.01,1625449482.0,64.0
-19.99,1625449482.0,64.0
-11.79,1625449482.0,64.0
-3.46,1625449482.0,64.0
4.89,1625449482.0,64.0
12.91,1625449482.0,64.0
20.09,1625449482.0,64.0
25.88,1625449482.0,64.0
30.02,1625449482.0,64.0
32.66,1625449482.0,64.0
34.3,1625449482.0,64.0
35.58,1625449482.0,64.0
36.98,1625449482.0,64.0
38.67,1625449482.0,64.0
40.37,1625449482.0,64.0
41.66,1625449482.0,64.0
42.14,1625449482.0,64.0
41.64,1625449482.0,64.0
40.28,1625449482.0,64.0
38.29,1625449482.0,64.0
35.93,1625449482.0,64.0
33.26,1625449482.0,64.0
30.21,1625449482.0,64.0
26.62,1625449482.0,64.0
22.51,1625449482.0,64.0
18.05,1625449482.0,64.0
13.61,1625449482.0,64.0
9.59,1625449482.0,64.0
6.22,1625449482.0,64.0
3.53,1625449482.0,64.0
1.29,1625449482.0,64.0
-0.83,1625449482.0,64.0
-3.11,1625449482.0,64.0
-5.66,1625449482.0,64.0
-8.43,1625449482.0,64.0
-11.33,1625449482.0,64.0
-14.25,1625449482.0,64.0
-17.24,1625449482.0,64.0
-20.46,1625449482.0,64.0
-24.15,1625449482.0,64.0
-28.41,1625449482.0,64.0
-33.14,1625449482.0,64.0
-37.85,1625449482.0,64.0
-41.78,1625449482.0,64.0
-44.02,1625449482.0,64.0
-43.85,1625449482.0,64.0
-40.94,1625449482.0,64.0
-35.51,1625449482.0,64.0
-28.19,1625449482.0,64.0
-19.81,1625449482.0,64.0
-11.15,1625449482.0,64.0
-2.7,1625449482.0,64.0
5.29,1625449482.0,64.0
12.68,1625449482.0,64.0
19.24,1625449482.0,64.0
24.61,1625449482.0,64.0
28.36,1625449482.0,64.0
30.25,1625449482.0,64.0
30.43,1625449482.0,64.0
29.47,1625449482.0,64.0
28.2,1625449482.0,64.0
27.39,1625449482.0,64.0
27.45,1625449482.0,64.0
28.32,1625449482.0,64.0
29.55,1625449482.0,64.0
30.5,1625449482.0,64.0
30.73,1625449482.0,64.0
30.04,1625449482.0,64.0
28.52,1625449482.0,64.0
26.44,1625449482.0,64.0
24.08,1625449482.0,64.0
21.65,1625449482.0,64.0
19.29,1625449482.0,64.0
17.14,1625449482.0,64.0
15.33,1625449482.0,64.0
13.94,1625449482.0,64.0
12.98,1625449482.0,64.0
12.33,1625449482.0,64.0
11.67,1625449482.0,64.0
10.59,1625449482.0,64.0
8.7,1625449482.0,64.0
5.72,1625449482.0,64.0
1.66,1625449482.0,64.0
-3.18,1625449482.0,64.0
-8.35,1625449482.0,64.0
-13.41,1625449482.0,64.0
-18.16,1625449482.0,64.0
-22.68,1625449482.0,64.0
-27.21,1625449482.0,64.0
-31.92,1625449482.0,64.0
-36.55,1625449482.0,64.0
-40.5,1625449482.0,64.0
-42.89,1625449482.0,64.0
-43.04,1625449482.0,64.0
-40.78,1625449482.0,64.0
-36.45,1625449482.0,64.0
-30.7,1625449482.0,64.0
-24.09,1625449482.0,64.0
-16.84,1625449482.0,64.0
-8.89,1625449482.0,64.0
-0.22,1625449482.0,64.0
8.88,1625449482.0,64.0
17.65,1625449482.0,64.0
25.15,1625449482.0,64.0
30.61,1625449482.0,64.0
33.84,1625449482.0,64.0
35.2,1625449482.0,64.0
35.43,1625449482.0,64.0
35.3,1625449482.0,64.0
35.27,1625449482.0,64.0
35.42,1625449482.0,64.0
35.52,1625449482.0,64.0
35.22,1625449482.0,64.0
34.22,1625449482.0,64.0
32.4,1625449482.0,64.0
29.84,1625449482.0,64.0
26.78,1625449482.0,64.0
23.52,1625449482.0,64.0
20.29,1625449482.0,64.0
17.19,1625449482.0,64.0
14.17,1625449482.0,64.0
11.07,1625449482.0,64.0
7.79,1625449482.0,64.0
4.34,1625449482.0,64.0
0.84,1625449482.0,64.0
-2.48,1625449482.0,64.0
-5.46,1625449482.0,64.0
-8.1,1625449482.0,64.0
-10.5,1625449482.0,64.0
-12.87,1625449482.0,64.0
-15.38,1625449482.0,64.0
-18.13,1625449482.0,64.0
-21.19,1625449482.0,64.0
-24.66,1625449482.0,64.0
-28.7,1625449482.0,64.0
-33.48,1625449482.0,64.0
-39.0,1625449482.0,64.0
-44.9,1625449482.0,64.0
-50.46,1625449482.0,64.0
-54.68,1625449482.0,64.0
-56.61,1625449482.0,64.0
-55.73,1625449482.0,64.0
-52.06,1625449482.0,64.0
-46.11,1625449482.0,64.0
-38.7,1625449482.0,64.0
-30.56,1625449482.0,64.0
-22.12,1625449482.0,64.0
-13.54,1625449482.0,64.0
-4.84,1625449482.0,64.0
3.84,1625449482.0,64.0
12.1,1625449482.0,64.0
19.39,1625449482.0,64.0
25.17,1625449482.0,64.0
29.12,1625449482.0,64.0
31.32,1625449482.0,64.0
32.18,1625449482.0,64.0
32.28,1625449482.0,64.0
32.11,1625449482.0,64.0
31.98,1625449482.0,64.0
31.87,1625449482.0,64.0
31.58,1625449482.0,64.0
30.9,1625449482.0,64.0
29.62,1625449482.0,64.0
27.74,1625449482.0,64.0
25.34,1625449482.0,64.0
22.53,1625449482.0,64.0
19.46,1625449482.0,64.0
16.19,1625449482.0,64.0
12.73,1625449482.0,64.0
9.09,1625449482.0,64.0
5.27,1625449482.0,64.0
1.37,1625449482.0,64.0
-2.49,1625449482.0,64.0
-6.17,1625449482.0,64.0
-9.52,1625449482.0,64.0
-12.5,1625449482.0,64.0
-15.09,1625449482.0,64.0
-17.36,1625449482.0,64.0
-19.39,1625449482.0,64.0
-21.27,1625449482.0,64.0
-23.12,1625449482.0,64.0
-25.11,1625449482.0,64.0
-27.46,1625449482.0,64.0
-30.37,1625449482.0,64.0
-33.95,1625449482.0,64.0
-38.09,1625449482.0,64.0
-42.39,1625449482.0,64.0
-46.17,1625449482.0,64.0
-48.68,1625449482.0,64.0
-49.22,1625449482.0,64.0
-47.44,1625449482.0,64.0
-43.39,1625449482.0,64.0
-37.47,1625449482.0,64.0
-30.3,1625449482.0,64.0
-22.44,1625449482.0,64.0
-14.28,1625449482.0,64.0
-5.98,1625449482.0,64.0
2.39,1625449482.0,64.0
10.63,1625449482.0,64.0
18.39,1625449482.0,64.0
25.08,1625449482.0,64.0
30.17,1625449482.0,64.0
33.35,1625449482.0,64.0
34.73,1625449482.0,64.0
34.77,1625449482.0,64.0
34.18,1625449482.0,64.0
33.59,1625449482.0,64.0
33.38,1625449482.0,64.0
33.55,1625449482.0,64.0
33.83,1625449482.0,64.0
33.85,1625449482.0,64.0
33.31,1625449482.0,64.0
32.07,1625449482.0,64.0
30.13,1625449482.0,64.0
27.59,1625449482.0,64.0
24.55,1625449482.0,64.0
21.09,1625449482.0,64.0
17.32,1625449482.0,64.0
13.39,1625449482.0,64.0
9.56,1625449482.0,64.0
6.09,1625449482.0,64.0
3.25,1625449482.0,64.0
1.15,1625449482.0,64.0
-0.2,1625449482.0,64.0
-0.99,1625449482.0,64.0
-1.55,1625449482.0,64.0
-2.3,1625449482.0,64.0
-3.68,1625449482.0,64.0
-5.96,1625449482.0,64.0
-9.14,1625449482.0,64.0
-12.97,1625449482.0,64.0
-17.08,1625449482.0,64.0
-21.2,1625449482.0,64.0
-25.38,1625449482.0,64.0
-29.92,1625449482.0,64.0
-35.09,1625449482.0,64.0
-40.85,1625449482.0,64.0
-46.64,1625449482.0,64.0
-51.51,1625449482.0,64.0
-54.51,1625449482.0,64.0
-55.05,1625449482.0,64.0
-53.11,1625449482.0,64.0
-49.03,1625449482.0,64.0
-43.24,1625449482.0,64.0
-36.02,1625449482.0,64.0
-27.56,1625449482.0,64.0
-18.09,1625449482.0,64.0
-8.08,1625449482.0,64.0
1.76,1625449482.0,64.0
10.64,1625449482.0,64.0
17.98,1625449482.0,64.0
23.5,1625449482.0,64.0
27.25,1625449482.0,64.0
29.47,1625449482.0,64.0
30.45,1625449482.0,64.0
30.58,1625449482.0,64.0
30.3,1625449482.0,64.0
30.03,1625449482.0,64.0
30.03,1625449482.0,64.0
30.28,1625449482.0,64.0
30.52,1625449482.0,64.0
30.37,1625449482.0,64.0
29.65,1625449482.0,64.0
28.37,1625449482.0,64.0
26.78,1625449482.0,64.0
25.07,1625449482.0,64.0
23.25,1625449482.0,64.0
21.16,1625449482.0,64.0
18.61,1625449482.0,64.0
15.58,1625449482.0,64.0
12.29,1625449482.0,64.0
9.13,1625449482.0,64.0
6.37,1625449482.0,64.0
4.14,1625449482.0,64.0
2.24,1625449482.0,64.0
0.37,1625449482.0,64.0
-1.68,1625449482.0,64.0
-3.95,1625449482.0,64.0
-6.33,1625449482.0,64.0
-8.69,1625449482.0,64.0
-11.02,1625449482.0,64.0
-13.47,1625449482.0,64.0
-16.26,1625449482.0,64.0
-19.54,1625449482.0,64.0
-23.43,1625449482.0,64.0
-27.81,1625449482.0,64.0
-32.48,1625449482.0,64.0
-37.11,1625449482.0,64.0
-41.27,1625449482.0,64.0
-44.41,1625449482.0,64.0
-45.93,1625449482.0,64.0
-45.38,1625449482.0,64.0
-42.53,1625449482.0,64.0
-37.57,1625449482.0,64.0
-30.97,1625449482.0,64.0
-23.41,1625449482.0,64.0
-15.43,1625449482.0,64.0
-7.4,1625449482.0,64.0
0.56,1625449482.0,64.0
8.36,1625449482.0,64.0
15.76,1625449482.0,64.0
22.34,1625449482.0,64.0
27.55,1625449482.0,64.0
31.0,1625449482.0,64.0
32.6,1625449482.0,64.0
32.76,1625449482.0,64.0
32.17,1625449482.0,64.0
31.5,1625449482.0,64.0
31.22,1625449482.0,64.0
31.32,1625449482.0,64.0
31.47,1625449482.0,64.0
31.2,1625449482.0,64.0
30.17,1625449482.0,64.0
28.32,1625449482.0,64.0
25.8,1625449482.0,64.0
22.91,1625449482.0,64.0
19.87,1625449482.0,64.0
16.79,1625449482.0,64.0
13.67,1625449482.0,64.0
10.56,1625449482.0,64.0
7.53,1625449482.0,64.0
4.76,1625449482.0,64.0
2.4,1625449482.0,64.0
0.5,1625449482.0,64.0
-1.04,1625449482.0,64.0
-2.41,1625449482.0,64.0
-3.8,1625449482.0,64.0
-5.34,1625449482.0,64.0
-6.99,1625449482.0,64.0
-8.72,1625449482.0,64.0
-10.48,1625449482.0,64.0
-12.27,1625449482.0,64.0
-14.14,1625449482.0,64.0
-16.15,1625449482.0,64.0
-18.35,1625449482.0,64.0
-20.82,1625449482.0,64.0
-23.66,1625449482.0,64.0
-26.98,1625449482.0,64.0
-30.79,1625449482.0,64.0
-34.87,1625449482.0,64.0
-38.73,1625449482.0,64.0
-41.63,1625449482.0,64.0
-42.86,1625449482.0,64.0
-41.94,1625449482.0,64.0
-38.81,1625449482.0,64.0
-33.73,1625449482.0,64.0
-27.17,1625449482.0,64.0
-19.49,1625449482.0,64.0
-10.97,1625449482.0,64.0
-1.74,1625449482.0,64.0
7.84,1625449482.0,64.0
17.1,1625449482.0,64.0
25.09,1625449482.0,64.0
30.95,1625449482.0,64.0
34.22,1625449482.0,64.0
35.09,1625449482.0,64.0
34.28,1625449482.0,64.0
32.66,1625449482.0,64.0
30.89,1625449482.0,64.0
29.22,1625449482.0,64.0
27.64,1625449482.0,64.0
26.14,1625449482.0,64.0
24.95,1625449482.0,64.0
24.43,1625449482.0,64.0
24.87,1625449482.0,64.0
26.18,1625449482.0,64.0
27.81,1625449482.0,64.0
28.94,1625449482.0,64.0
28.95,1625449482.0,64.0
27.58,1625449482.0,64.0
25.05,1625449482.0,64.0
21.85,1625449482.0,64.0
18.37,1625449482.0,64.0
14.77,1625449482.0,64.0
10.96,1625449482.0,64.0
6.85,1625449482.0,64.0
2.49,1625449482.0,64.0
-1.84,1625449482.0,64.0
-5.79,1625449482.0,64.0
-9.14,1625449482.0,64.0
-11.95,1625449482.0,64.0
-14.46,1625449482.0,64.0
-16.97,1625449482.0,64.0
-19.62,1625449482.0,64.0
-22.37,1625449482.0,64.0
-25.13,1625449482.0,64.0
-27.82,1625449482.0,64.0
-30.46,1625449482.0,64.0
-33.06,1625449482.0,64.0
-35.42,1625449482.0,64.0
-37.07,1625449482.0,64.0
-37.36,1625449482.0,64.0
-35.75,1625449482.0,64.0
-32.09,1625449482.0,64.0
-26.71,1625449482.0,64.0
-20.18,1625449482.0,64.0
-13.15,1625449482.0,64.0
-5.99,1625449482.0,64.0
1.15,1625449482.0,64.0
8.2,1625449482.0,64.0
14.99,1625449482.0,64.0
21.09,1625449482.0,64.0
26.0,1625449482.0,64.0
29.31,1625449482.0,64.0
30.94,1625449482.0,64.0
31.22,1625449482.0,64.0
30.7,1625449482.0,64.0
30.03,1625449482.0,64.0
29.65,1625449482.0,64.0
29.7,1625449482.0,64.0
30.03,1625449482.0,64.0
30.25,1625449482.0,64.0
29.92,1625449482.0,64.0
28.72,1625449482.0,64.0
26.53,1625449482.0,64.0
23.5,1625449482.0,64.0
19.96,1625449482.0,64.0
16.3,1625449482.0,64.0
12.79,1625449482.0,64.0
9.57,1625449482.0,64.0
6.59,1625449482.0,64.0
3.7,1625449482.0,64.0
0.8,1625449482.0,64.0
-2.18,1625449482.0,64.0
-5.17,1625449482.0,64.0
-8.05,1625449482.0,64.0
-10.74,1625449482.0,64.0
-13.24,1625449482.0,64.0
-15.61,1625449482.0,64.0
-17.99,1625449482.0,64.0
-20.48,1625449482.0,64.0
-23.15,1625449482.0,64.0
-26.06,1625449482.0,64.0
-29.21,1625449482.0,64.0
-32.65,1625449482.0,64.0
-36.4,1625449482.0,64.0
-40.43,1625449482.0,64.0
-44.48,1625449482.0,64.0
-48.0,1625449482.0,64.0
-50.26,1625449482.0,64.0
-50.49,1625449482.0,64.0
-48.21,1625449482.0,64.0
-43.38,1625449482.0,64.0
-36.43,1625449482.0,64.0
-28.15,1625449482.0,64.0
-19.34,1625449482.0,64.0
-10.6,1625449482.0,64.0
-2.29,1625449482.0,64.0
5.5,1625449482.0,64.0
12.69,1625449482.0,64.0
19.08,1625449482.0,64.0
24.37,1625449482.0,64.0
28.27,1625449482.0,64.0
30.61,1625449482.0,64.0
31.56,1625449482.0,64.0
31.54,1625449482.0,64.0
30.99,1625449482.0,64.0
30.32,1625449482.0,64.0
29.65,1625449482.0,64.0
28.92,1625449482.0,64.0
28.02,1625449482.0,64.0
26.98,1625449482.0,64.0
25.93,1625449482.0,64.0
25.04,1625449482.0,64.0
24.22,1625449482.0,64.0
23.15,1625449482.0,64.0
21.32,1625449482.0,64.0
18.37,1625449482.0,64.0
14.28,1625449482.0,64.0
9.4,1625449482.0,64.0
4.33,1625449482.0,64.0
-0.45,1625449482.0,64.0
-4.74,1625449482.0,64.0
-8.61,1625449482.0,64.0
-12.29,1625449482.0,64.0
-15.87,1625449482.0,64.0
-19.31,1625449482.0,64.0
-22.55,1625449482.0,64.0
-25.68,1625449482.0,64.0
-29.03,1625449482.0,64.0
-33.03,1625449482.0,64.0
-37.91,1625449482.0,64.0
-43.47,1625449482.0,64.0
-49.1,1625449482.0,64.0
-54.05,1625449482.0,64.0
-57.72,1625449482.0,64.0
-59.81,1625449482.0,64.0
-60.21,1625449482.0,64.0
-58.8,1625449482.0,64.0
-55.39,1625449482.0,64.0
-49.77,1625449482.0,64.0
-42.07,1625449482.0,64.0
-32.85,1625449482.0,64.0
-23.02,1625449482.0,64.0
-13.48,1625449482.0,64.0
-4.71,1625449482.0,64.0
3.38,1625449482.0,64.0
11.12,1625449482.0,64.0
18.66,1625449482.0,64.0
25.63,1625449482.0,64.0
31.28,1625449482.0,64.0
34.89,1625449482.0,64.0
36.29,1625449482.0,64.0
36.04,1625449482.0,64.0
35.13,1625449482.0,64.0
34.52,1625449482.0,64.0
34.56,1625449482.0,64.0
34.99,1625449482.0,64.0
35.16,1625449482.0,64.0
34.44,1625449482.0,64.0
32.62,1625449482.0,64.0
29.9,1625449482.0,64.0
26.7,1625449482.0,64.0
23.36,1625449482.0,64.0
20.04,1625449482.0,64.0
16.7,1625449482.0,64.0
13.22,1625449482.0,64.0
9.61,1625449482.0,64.0
5.94,1625449482.0,64.0
2.4,1625449482.0,64.0
-0.87,1625449482.0,64.0
-3.74,1625449482.0,64.0
-6.21,1625449482.0,64.0
-8.34,1625449482.0,64.0
-10.26,1625449482.0,64.0
-12.15,1625449482.0,64.0
-14.18,1625449482.0,64.0
-16.53,1625449482.0,64.0
-19.25,1625449482.0,64.0
-22.37,1625449482.0,64.0
-25.87,1625449482.0,64.0
-29.76,1625449482.0,64.0
-34.07,1625449482.0,64.0
-38.67,1625449482.0,64.0
-43.17,1625449482.0,64.0
-46.88,1625449482.0,64.0
-48.93,1625449482.0,64.0
-48.55,1625449482.0,64.0
-45.45,1625449482.0,64.0
-39.86,1625449482.0,64.0
-32.48,1625449482.0,64.0
-24.22,1625449482.0,64.0
-15.74,1625449482.0,64.0
-7.34,1625449482.0,64.0
0.98,1625449482.0,64.0
9.26,1625449482.0,64.0
17.32,1625449482.0,64.0
24.69,1625449482.0,64.0
30.75,1625449482.0,64.0
34.98,1625449482.0,64.0
37.29,1625449482.0,64.0
38.06,1625449482.0,64.0
37.94,1625449482.0,64.0
37.66,1625449482.0,64.0
37.65,1625449482.0,64.0
37.9,1625449482.0,64.0
38.08,1625449482.0,64.0
37.72,1625449482.0,64.0
36.47,1625449482.0,64.0
34.22,1625449482.0,64.0
31.2,1625449482.0,64.0
27.75,1625449482.0,64.0
24.23,1625449482.0,64.0
20.87,1625449482.0,64.0
17.71,1625449482.0,64.0
14.67,1625449482.0,64.0
11.61,1625449482.0,64.0
8.42,1625449482.0,64.0
5.09,1625449482.0,64.0
1.67,1625449482.0,64.0
-1.69,1625449482.0,64.0
-4.86,1625449482.0,64.0
-7.79,1625449482.0,64.0
-10.56,1625449482.0,64.0
-13.36,1625449482.0,64.0
-16.44,1625449482.0,64.0
-19.98,1625449482.0,64.0
-23.98,1625449482.0,64.0
-28.3,1625449482.0,64.0
-32.76,1625449482.0,64.0
-37.27,1625449482.0,64.0
-41.83,1625449482.0,64.0
-46.38,1625449482.0,64.0
-50.64,1625449482.0,64.0
-54.0,1625449482.0,64.0
-55.63,1625449482.0,64.0
-54.72,1625449482.0,64.0
-50.84,1625449482.0,64.0
-44.15,1625449482.0,64.0
-35.32,1625449482.0,64.0
-25.24,1625449482.0,64.0
-14.76,1625449482.0,64.0
-4.46,1625449482.0,64.0
5.24,1625449482.0,64.0
13.91,1625449482.0,64.0
21.07,1625449482.0,64.0
26.21,1625449482.0,64.0
29.08,1625449482.0,64.0
29.92,1625449482.0,64.0
29.52,1625449482.0,64.0
28.99,1625449482.0,64.0
29.33,1625449482.0,64.0
31.01,1625449482.0,64.0
33.8,1625449482.0,64.0
36.88,1625449482.0,64.0
39.2,1625449482.0,64.0
39.98,1625449482.0,64.0
38.91,1625449482.0,64.0
36.27,1625449482.0,64.0
32.7,1625449482.0,64.0
28.84,1625449482.0,64.0
25.17,1625449482.0,64.0
21.84,1625449482.0,64.0
18.78,1625449482.0,64.0
15.81,1625449482.0,64.0
12.83,1625449482.0,64.0
9.77,1625449482.0,64.0
6.65,1625449482.0,64.0
3.41,1625449482.0,64.0
-0.01,1625449482.0,64.0
-3.73,1625449482.0,64.0
-7.76,1625449482.0,64.0
-12.05,1625449482.0,64.0
-16.4,1625449482.0,64.0
-20.61,1625449482.0,64.0
-24.59,1625449482.0,64.0
-28.35,1625449482.0,64.0
-32.13,1625449482.0,64.0
-36.15,1625449482.0,64.0
-40.55,1625449482.0,64.0
-45.13,1625449482.0,64.0
-49.35,1625449482.0,64.0
-52.41,1625449482.0,64.0
-53.49,1625449482.0,64.0
-52.03,1625449482.0,64.0
-47.94,1625449482.0,64.0
-41.55,1625449482.0,64.0
-33.48,1625449482.0,64.0
-24.4,1625449482.0,64.0
-14.83,1625449482.0,64.0
-5.19,1625449482.0,64.0
4.11,1625449482.0,64.0
12.52,1625449482.0,64.0
19.37,1625449482.0,64.0
24.06,1625449482.0,64.0
26.34,1625449482.0,64.0
26.55,1625449482.0,64.0
25.53,1625449482.0,64.0
24.28,1625449482.0,64.0
23.62,1625449482.0,64.0
23.86,1625449482.0,64.0
24.82,1625449482.0,64.0
26.01,1625449482.0,64.0
26.98,1625449482.0,64.0
27.5,1625449482.0,64.0
27.62,1625449482.0,64.0
27.46,1625449482.0,64.0
27.06,1625449482.0,64.0
26.33,1625449482.0,64.0
25.05,1625449482.0,64.0
23.04,1625449482.0,64.0
20.24,1625449482.0,64.0
16.77,1625449482.0,64.0
12.86,1625449482.0,64.0
8.82,1625449482.0,64.0
4.96,1625449482.0,64.0
1.5,1625449482.0,64.0
-1.47,1625449482.0,64.0
-4.01,1625449482.0,64.0
-6.27,1625449482.0,64.0
-8.44,1625449482.0,64.0
-10.6,1625449482.0,64.0
-12.83,1625449482.0,64.0
-15.15,1625449482.0,64.0
-17.67,1625449482.0,64.0
-20.48,1625449482.0,64.0
-23.59,1625449482.0,64.0
-26.8,1625449482.0,64.0
-29.61,1625449482.0,64.0
-31.33,1625449482.0,64.0
-31.29,1625449482.0,64.0
-29.11,1625449482.0,64.0
-24.85,1625449482.0,64.0
-18.95,1625449482.0,64.0
-12.04,1625449482.0,64.0
-4.64,1625449482.0,64.0
2.96,1625449482.0,64.0
10.62,1625449482.0,64.0
18.24,1625449482.0,64.0
25.46,1625449482.0,64.0
31.71,1625449482.0,64.0
36.34,1625449482.0,64.0
38.85,1625449482.0,64.0
39.25,1625449482.0,64.0
38.09,1625449482.0,64.0
36.26,1625449482.0,64.0
34.68,1625449482.0,64.0
33.87,1625449482.0,64.0
33.86,1625449482.0,64.0
34.25,1625449482.0,64.0
34.51,1625449482.0,64.0
34.21,1625449482.0,64.0
33.19,1625449482.0,64.0
31.59,1625449482.0,64.0
29.56,1625449482.0,64.0
27.25,1625449482.0,64.0
24.67,1625449482.0,64.0
21.69,1625449482.0,64.0
18.26,1625449482.0,64.0
14.35,1625449482.0,64.0
10.11,1625449482.0,64.0
5.73,1625449482.0,64.0
1.46,1625449482.0,64.0
-2.51,1625449482.0,64.0
-6.14,1625449482.0,64.0
-9.53,1625449482.0,64.0
-12.92,1625449482.0,64.0
-16.56,1625449482.0,64.0
-20.63,1625449482.0,64.0
-25.22,1625449482.0,64.0
-30.31,1625449482.0,64.0
-35.7,1625449482.0,64.0
-41.04,1625449482.0,64.0
-45.71,1625449482.0,64.0
-48.97,1625449482.0,64.0
-50.09,1625449482.0,64.0
-48.61,1625449482.0,64.0
-44.51,1625449482.0,64.0
-38.26,1625449482.0,64.0
-30.6,1625449482.0,64.0
-22.25,1625449482.0,64.0
-13.7,1625449482.0,64.0
-5.08,1625449482.0,64.0
3.62,1625449482.0,64.0
12.28,1625449482.0,64.0
20.56,1625449482.0,64.0
27.8,1625449482.0,64.0
33.34,1625449482.0,64.0
36.77,1625449482.0,64.0
38.15,1625449482.0,64.0
37.98,1625449482.0,64.0
37.05,1625449482.0,64.0
36.06,1625449482.0,64.0
35.45,1625449482.0,64.0
35.27,1625449482.0,64.0
35.2,1625449482.0,64.0
34.86,1625449482.0,64.0
33.94,1625449482.0,64.0
32.4,1625449482.0,64.0
30.4,1625449482.0,64.0
28.21,1625449482.0,64.0
26.04,1625449482.0,64.0
23.94,1625449482.0,64.0
21.77,1625449482.0,64.0
19.31,1625449482.0,64.0
16.39,1625449482.0,64.0
12.95,1625449482.0,64.0
9.11,1625449482.0,64.0
5.1,1625449482.0,64.0
1.2,1625449482.0,64.0
-2.48,1625449482.0,64.0
-5.94,1625449482.0,64.0
-9.34,1625449482.0,64.0
-12.98,1625449482.0,64.0
-17.06,1625449482.0,64.0
-21.73,1625449482.0,64.0
-26.98,1625449482.0,64.0
-32.61,1625449482.0,64.0
-38.28,1625449482.0,64.0
-43.49,1625449482.0,64.0
-47.65,1625449482.0,64.0
-50.11,1625449482.0,64.0
-50.34,1625449482.0,64.0
-48.07,1625449482.0,64.0
-43.43,1625449482.0,64.0
-36.9,1625449482.0,64.0
-29.16,1625449482.0,64.0
-20.87,1625449482.0,64.0
-12.47,1625449482.0,64.0
-4.12,1625449482.0,64.0
4.11,1625449482.0,64.0
12.09,1625449482.0,64.0
19.48,1625449482.0,64.0
25.77,1625449482.0,64.0
30.45,1625449482.0,64.0
33.32,1625449482.0,64.0
34.55,1625449482.0,64.0
34.65,1625449482.0,64.0
34.29,1625449482.0,64.0
33.96,1625449482.0,64.0
33.83,1625449482.0,64.0
33.78,1625449482.0,64.0
33.5,1625449482.0,64.0
32.71,1625449482.0,64.0
31.26,1625449482.0,64.0
29.2,1625449482.0,64.0
26.66,1625449482.0,64.0
23.81,1625449482.0,64.0
20.8,1625449482.0,64.0
17.71,1625449482.0,64.0
14.55,1625449482.0,64.0
11.33,1625449482.0,64.0
8.05,1625449482.0,64.0
4.7,1625449482.0,64.0
1.32,1625449482.0,64.0
-2.02,1625449482.0,64.0
-5.23,1625449482.0,64.0
-8.29,1625449482.0,64.0
-11.21,1625449482.0,64.0
-14.08,1625449482.0,64.0
-17.02,1625449482.0,64.0
-20.13,1625449482.0,64.0
-23.47,1625449482.0,64.0
-27.03,1625449482.0,64.0
-30.84,1625449482.0,64.0
-34.89,1625449482.0,64.0
-39.16,1625449482.0,64.0
-43.51,1625449482.0,64.0
-47.58,1625449482.0,64.0
-50.83,1625449482.0,64.0
-52.56,1625449482.0,64.0
-52.18,1625449482.0,64.0
-49.4,1625449482.0,64.0
-44.27,1625449482.0,64.0
-37.24,1625449482.0,64.0
-28.93,1625449482.0,64.0
-19.96,1625449482.0,64.0
-10.78,1625449482.0,64.0
-1.71,1625449482.0,64.0
7.05,1625449482.0,64.0
15.21,1625449482.0,64.0
22.42,1625449482.0,64.0
28.26,1625449482.0,64.0
32.49,1625449482.0,64.0
35.14,1625449482.0,64.0
36.52,1625449482.0,64.0
37.18,1625449482.0,64.0
37.59,1625449482.0,64.0
38.04,1625449482.0,64.0
38.48,1625449482.0,64.0
38.66,1625449482.0,64.0
38.25,1625449482.0,64.0
37.04,1625449482.0,64.0
35.06,1625449482.0,64.0
32.48,1625449482.0,64.0
29.55,1625449482.0,64.0
26.45,1625449482.0,64.0
23.26,1625449482.0,64.0
19.93,1625449482.0,64.0
16.43,1625449482.0,64.0
12.82,1625449482.0,64.0
9.29,1625449482.0,64.0
6.02,1625449482.0,64.0
3.15,1625449482.0,64.0
0.61,1625449482.0,64.0
-1.81,1625449482.0,64.0
-4.38,1625449482.0,64.0
-7.24,1625449482.0,64.0
-10.36,1625449482.0,64.0
-13.55,1625449482.0,64.0
-16.59,1625449482.0,64.0
-19.36,1625449482.0,64.0
-21.93,1625449482.0,64.0
-24.53,1625449482.0,64.0
-27.44,1625449482.0,64.0
-30.87,1625449482.0,64.0
-34.82,1625449482.0,64.0
-39.05,1625449482.0,64.0
-43.05,1625449482.0,64.0
-46.17,1625449482.0,64.0
-47.71,1625449482.0,64.0
-47.17,1625449482.0,64.0
-44.4,1625449482.0,64.0
-39.61,1625449482.0,64.0
-33.3,1625449482.0,64.0
-26.04,1625449482.0,64.0
-18.3,1625449482.0,64.0
-10.34,1625449482.0,64.0
-2.3,1625449482.0,64.0
5.74,1625449482.0,64.0
13.47,1625449482.0,64.0
20.42,1625449482.0,64.0
26.04,1625449482.0,64.0
29.95,1625449482.0,64.0
32.1,1625449482.0,64.0
32.84,1625449482.0,64.0
32.78,1625449482.0,64.0
32.53,1625449482.0,64.0
32.46,1625449482.0,64.0
32.55,1625449482.0,64.0
32.56,1625449482.0,64.0
32.18,1625449482.0,64.0
31.2,1625449482.0,64.0
29.62,1625449482.0,64.0
27.61,1625449482.0,64.0
25.38,1625449482.0,64.0
23.01,1625449482.0,64.0
20.5,1625449482.0,64.0
17.75,1625449482.0,64.0
14.73,1625449482.0,64.0
11.57,1625449482.0,64.0
8.52,1625449482.0,64.0
5.86,1625449482.0,64.0
3.74,1625449482.0,64.0
2.16,1625449482.0,64.0
0.82,1625449482.0,64.0
-0.63,1625449482.0,64.0
-2.5,1625449482.0,64.0
-4.94,1625449482.0,64.0
-7.84,1625449482.0,64.0
-10.97,1625449482.0,64.0
-14.01,1625449482.0,64.0
-16.8,1625449482.0,64.0
-19.27,1625449482.0,64.0
-21.55,1625449482.0,64.0
-23.84,1625449482.0,64.0
-26.45,1625449482.0,64.0
-29.59,1625449482.0,64.0
-33.4,1625449482.0,64.0
-37.74,1625449482.0,64.0
-42.13,1625449482.0,64.0
-45.81,1625449482.0,64.0
-47.91,1625449482.0,64.0
-47.72,1625449482.0,64.0
-44.96,1625449482.0,64.0
-39.87,1625449482.0,64.0
-33.12,1625449482.0,64.0
-25.5,1625449482.0,64.0
-17.65,1625449482.0,64.0
-9.95,1625449482.0,64.0
-2.49,1625449482.0,64.0
4.66,1625449482.0,64.0
11.33,1625449482.0,64.0
17.19,1625449482.0,64.0
21.84,1625449482.0,64.0
25.03,1625449482.0,64.0
26.82,1625449482.0,64.0
27.56,1625449482.0,64.0
27.76,1625449482.0,64.0
27.88,1625449482.0,64.0
28.12,1625449482.0,64.0
28.41,1625449482.0,64.0
28.53,1625449482.0,64.0
28.23,1625449482.0,64.0
27.45,1625449482.0,64.0
26.25,1625449482.0,64.0
24.79,1625449482.0,64.0
23.18,1625449482.0,64.0
21.44,1625449482.0,64.0
19.45,1625449482.0,64.0
17.17,1625449482.0,64.0
14.61,1625449482.0,64.0
11.91,1625449482.0,64.0
9.31,1625449482.0,64.0
6.94,1625449482.0,64.0
4.87,1625449482.0,64.0
3.04,1625449482.0,64.0
1.31,1625449482.0,64.0
-0.41,1625449482.0,64.0
-2.18,1625449482.0,64.0
-3.96,1625449482.0,64.0
-5.74,1625449482.0,64.0
-7.49,1625449482.0,64.0
-9.26,1625449482.0,64.0
-11.15,1625449482.0,64.0
-13.33,1625449482.0,64.0
-15.97,1625449482.0,64.0
-19.22,1625449482.0,64.0
-23.09,1625449482.0,64.0
-27.36,1625449482.0,64.0
-31.53,1625449482.0,64.0
-34.87,1625449482.0,64.0
-36.63,1625449482.0,64.0
-36.24,1625449482.0,64.0
-33.49,1625449482.0,64.0
-28.58,1625449482.0,64.0
-22.01,1625449482.0,64.0
-14.42,1625449482.0,64.0
-6.41,1625449482.0,64.0
1.58,1625449482.0,64.0
9.18,1625449482.0,64.0
16.05,1625449482.0,64.0
21.8,1625449482.0,64.0
26.1,1625449482.0,64.0
28.68,1625449482.0,64.0
29.63,1625449482.0,64.0
29.33,1625449482.0,64.0
28.42,1625449482.0,64.0
27.6,1625449482.0,64.0
27.26,1625449482.0,64.0
27.48,1625449482.0,64.0
27.97,1625449482.0,64.0
28.33,1625449482.0,64.0
28.26,1625449482.0,64.0
27.69,1625449482.0,64.0
26.74,1625449482.0,64.0
25.54,1625449482.0,64.0
24.12,1625449482.0,64.0
22.38,1625449482.0,64.0
20.22,1625449482.0,64.0
17.66,1625449482.0,64.0
14.94,1625449482.0,64.0
12.41,1625449482.0,64.0
10.4,1625449482.0,64.0
9.09,1625449482.0,64.0
8.39,1625449482.0,64.0
8.0,1625449482.0,64.0
7.61,1625449482.0,64.0
6.96,1625449482.0,64.0
5.92,1625449482.0,64.0
4.55,1625449482.0,64.0
2.91,1625449482.0,64.0
1.15,1625449482.0,64.0
-0.66,1625449482.0,64.0
-2.47,1625449482.0,64.0
-4.32,1625449482.0,64.0
-6.23,1625449482.0,64.0
-8.25,1625449482.0,64.0
-10.39,1625449482.0,64.0
-12.6,1625449482.0,64.0
-14.84,1625449482.0,64.0
-17.09,1625449482.0,64.0
-19.42,1625449482.0,64.0
-21.92,1625449482.0,64.0
-24.71,1625449482.0,64.0
-27.85,1625449482.0,64.0
-31.34,1625449482.0,64.0
-35.12,1625449482.0,64.0
-39.1,1625449482.0,64.0
-43.02,1625449482.0,64.0
-46.45,1625449482.0,64.0
-48.83,1625449482.0,64.0
-49.53,1625449482.0,64.0
-48.12,1625449482.0,64.0
-44.5,1625449482.0,64.0
-38.99,1625449482.0,64.0
-32.19,1625449482.0,64.0
-24.79,1625449482.0,64.0
-17.29,1625449482.0,64.0
-9.88,1625449482.0,64.0
-2.63,1625449482.0,64.0
4.48,1625449482.0,64.0
11.19,1625449482.0,64.0
17.11,1625449482.0,64.0
21.73,1625449482.0,64.0
24.76,1625449482.0,64.0
26.27,1625449482.0,64.0
26.67,1625449482.0,64.0
26.59,1625449482.0,64.0
26.57,1625449482.0,64.0
26.86,1625449482.0,64.0
27.33,1625449482.0,64.0
27.63,1625449482.0,64.0
27.39,1625449482.0,64.0
26.42,1625449482.0,64.0
24.81,1625449482.0,64.0
22.8,1625449482.0,64.0
20.6,1625449482.0,64.0
18.31,1625449482.0,64.0
15.88,1625449482.0,64.0
13.16,1625449482.0,64.0
10.06,1625449482.0,64.0
6.67,1625449482.0,64.0
3.17,1625449482.0,64.0
-0.22,1625449482.0,64.0
-3.37,1625449482.0,64.0
-6.29,1625449482.0,64.0
-9.11,1625449482.0,64.0
-11.87,1625449482.0,64.0
-14.58,1625449482.0,64.0
-17.17,1625449482.0,64.0
-19.55,1625449482.0,64.0
-21.74,1625449482.0,64.0
-23.87,1625449482.0,64.0
-26.17,1625449482.0,64.0
-28.88,1625449482.0,64.0
-32.19,1625449482.0,64.0
-36.11,1625449482.0,64.0
-40.4,1625449482.0,64.0
-44.57,1625449482.0,64.0
-47.93,1625449482.0,64.0
-49.75,1625449482.0,64.0
-49.41,1625449482.0,64.0
-46.68,1625449482.0,64.0
-41.75,1625449482.0,64.0
-35.15,1625449482.0,64.0
-27.57,1625449482.0,64.0
-19.58,1625449482.0,64.0
-11.47,1625449482.0,64.0
-3.38,1625449482.0,64.0
4.63,1625449482.0,64.0
12.36,1625449482.0,64.0
19.42,1625449482.0,64.0
25.33,1625449482.0,64.0
29.73,1625449482.0,64.0
32.48,1625449482.0,64.0
33.79,1625449482.0,64.0
34.14,1625449482.0,64.0
34.03,1625449482.0,64.0
33.84,1625449482.0,64.0
33.65,1625449482.0,64.0
33.3,1625449482.0,64.0
32.5,1625449482.0,64.0
31.03,1625449482.0,64.0
28.87,1625449482.0,64.0
26.18,1625449482.0,64.0
23.25,1625449482.0,64.0
20.32,1625449482.0,64.0
17.46,1625449482.0,64.0
14.68,1625449482.0,64.0
11.89,1625449482.0,64.0
9.07,1625449482.0,64.0
6.32,1625449482.0,64.0
3.78,1625449482.0,64.0
1.53,1625449482.0,64.0
-0.45,1625449482.0,64.0
-2.32,1625449482.0,64.0
-4.32,1625449482.0,64.0
-6.62,1625449482.0,64.0
-9.28,1625449482.0,64.0
-12.18,1625449482.0,64.0
-15.06,1625449482.0,64.0
-17.74,1625449482.0,64.0
-20.1,1625449482.0,64.0
-22.26,1625449482.0,64.0
-24.5,1625449482.0,64.0
-27.11,1625449482.0,64.0
-30.29,1625449482.0,64.0
-33.99,1625449482.0,64.0
-37.82,1625449482.0,64.0
-41.13,1625449482.0,64.0
-43.16,1625449482.0,64.0
-43.25,1625449482.0,64.0
-41.1,1625449482.0,64.0
-36.83,1625449482.0,64.0
-30.96,1625449482.0,64.0
-24.25,1625449482.0,64.0
-17.34,1625449482.0,64.0
-10.66,1625449482.0,64.0
-4.28,1625449482.0,64.0
1.85,1625449482.0,64.0
7.81,1625449482.0,64.0
13.45,1625449482.0,64.0
18.4,1625449482.0,64.0
22.22,1625449482.0,64.0
24.68,1625449482.0,64.0
25.86,1625449482.0,64.0
26.16,1625449482.0,64.0
26.18,1625449482.0,64.0
26.37,1625449482.0,64.0
26.96,1625449482.0,64.0
27.83,1625449482.0,64.0
28.69,1625449482.0,64.0
29.23,1625449482.0,64.0
29.27,1625449482.0,64.0
28.83,1625449482.0,64.0
27.97,1625449482.0,64.0
26.73,1625449482.0,64.0
25.03,1625449482.0,64.0
22.77,1625449482.0,64.0
19.87,1625449482.0,64.0
16.45,1625449482.0,64.0
12.74,1625449482.0,64.0
9.04,1625449482.0,64.0
5.6,1625449482.0,64.0
2.44,1625449482.0,64.0
-0.56,1625449482.0,64.0
-3.56,1625449482.0,64.0
-6.66,1625449482.0,64.0
-9.79,1625449482.0,64.0
-12.79,1625449482.0,64.0
-15.53,1625449482.0,64.0
-18.0,1625449482.0,64.0
-20.38,1625449482.0,64.0
-22.93,1625449482.0,64.0
-25.88,1625449482.0,64.0
-29.26,1625449482.0,64.0
-32.99,1625449482.0,64.0
-36.75,1625449482.0,64.0
-40.11,1625449482.0,64.0
-42.58,1625449482.0,64.0
-43.63,1625449482.0,64.0
-42.87,1625449482.0,64.0
-40.09,1625449482.0,64.0
-35.39,1625449482.0,64.0
-29.15,1625449482.0,64.0
-21.92,1625449482.0,64.0
-14.24,1625449482.0,64.0
-6.51,1625449482.0,64.0
1.03,1625449482.0,64.0
8.22,1625449482.0,64.0
14.8,1625449482.0,64.0
20.34,1625449482.0,64.0
24.42,1625449482.0,64.0
26.77,1625449482.0,64.0
27.54,1625449482.0,64.0
27.28,1625449482.0,64.0
26.79,1625449482.0,64.0
26.73,1625449482.0,64.0
27.36,1625449482.0,64.0
28.4,1625449482.0,64.0
29.24,1625449482.0,64.0
29.27,1625449482.0,64.0
28.19,1625449482.0,64.0
26.12,1625449482.0,64.0
23.45,1625449482.0,64.0
20.61,1625449482.0,64.0
17.82,1625449482.0,64.0
15.05,1625449482.0,64.0
12.2,1625449482.0,64.0
9.17,1625449482.0,64.0
6.06,1625449482.0,64.0
3.09,1625449482.0,64.0
0.44,1625449482.0,64.0
-1.9,1625449482.0,64.0
-4.03,1625449482.0,64.0
-6.15,1625449482.0,64.0
-8.37,1625449482.0,64.0
-10.69,1625449482.0,64.0
-13.0,1625449482.0,64.0
-15.23,1625449482.0,64.0
-17.41,1625449482.0,64.0
-19.71,1625449482.0,64.0
-22.37,1625449482.0,64.0
-25.57,1625449482.0,64.0
-29.33,1625449482.0,64.0
-33.41,1625449482.0,64.0
-37.32,1625449482.0,64.0
-40.34,1625449482.0,64.0
-41.74,1625449482.0,64.0
-40.98,1625449482.0,64.0
-37.92,1625449482.0,64.0
-32.82,1625449482.0,64.0
-26.31,1625449482.0,64.0
-19.06,1625449482.0,64.0
-11.63,1625449482.0,64.0
-4.36,1625449482.0,64.0
2.65,1625449482.0,64.0
9.28,1625449482.0,64.0
15.26,1625449482.0,64.0
20.15,1625449482.0,64.0
23.56,1625449482.0,64.0
25.3,1625449482.0,64.0
25.65,1625449482.0,64.0
25.22,1625449482.0,64.0
24.71,1625449482.0,64.0
24.56,1625449482.0,64.0
24.81,1625449482.0,64.0
25.08,1625449482.0,64.0
24.85,1625449482.0,64.0
23.75,1625449482.0,64.0
21.82,1625449482.0,64.0
19.41,1625449482.0,64.0
17.0,1625449482.0,64.0
14.92,1625449482.0,64.0
13.22,1625449482.0,64.0
11.67,1625449482.0,64.0
9.94,1625449482.0,64.0
7.83,1625449482.0,64.0
5.36,1625449482.0,64.0
2.74,1625449482.0,64.0
0.25,1625449482.0,64.0
-2.0,1625449482.0,64.0
-4.09,1625449482.0,64.0
-6.26,1625449482.0,64.0
-8.76,1625449482.0,64.0
-11.74,1625449482.0,64.0
-15.17,1625449482.0,64.0
-18.95,1625449482.0,64.0
-22.92,1625449482.0,64.0
-26.93,1625449482.0,64.0
-30.76,1625449482.0,64.0
-34.06,1625449482.0,64.0
-36.33,1625449482.0,64.0
-37.04,1625449482.0,64.0
-35.79,1625449482.0,64.0
-32.53,1625449482.0,64.0
-27.51,1625449482.0,64.0
-21.3,1625449482.0,64.0
-14.43,1625449482.0,64.0
-7.35,1625449482.0,64.0
-0.35,1625449482.0,64.0
6.35,1625449482.0,64.0
12.43,1625449482.0,64.0
17.53,1625449482.0,64.0
21.29,1625449482.0,64.0
23.57,1625449482.0,64.0
24.55,1625449482.0,64.0
24.72,1625449482.0,64.0
24.68,1625449482.0,64.0
24.87,1625449482.0,64.0
25.43,1625449482.0,64.0
26.11,1625449482.0,64.0
26.48,1625449482.0,64.0
26.19,1625449482.0,64.0
25.12,1625449482.0,64.0
23.42,1625449482.0,64.0
21.42,1625449482.0,64.0
19.41,1625449482.0,64.0
17.46,1625449482.0,64.0
15.46,1625449482.0,64.0
13.14,1625449482.0,64.0
10.3,1625449482.0,64.0
6.96,1625449482.0,64.0
3.31,1625449482.0,64.0
-0.34,1625449482.0,64.0
-3.78,1625449482.0,64.0
-6.98,1625449482.0,64.0
-10.07,1625449482.0,64.0
-13.21,1625449482.0,64.0
-16.53,1625449482.0,64.0
-20.02,1625449482.0,64.0
-23.58,1625449482.0,64.0
-27.15,1625449482.0,64.0
-30.71,1625449482.0,64.0
-34.14,1625449482.0,64.0
-37.2,1625449482.0,64.0
-39.44,1625449482.0,64.0
-40.27,1625449482.0,64.0
-39.22,1625449482.0,64.0
-36.09,1625449482.0,64.0
-31.06,1625449482.0,64.0
-24.58,1625449482.0,64.0
-17.19,1625449482.0,64.0
-9.29,1625449482.0,64.0
-1.25,1625449482.0,64.0
6.6,1625449482.0,64.0
13.82,1625449482.0,64.0
19.87,1625449482.0,64.0
24.26,1625449482.0,64.0
26.79,1625449482.0,64.0
27.71,1625449482.0,64.0
27.64,1625449482.0,64.0
27.32,1625449482.0,64.0
27.34,1625449482.0,64.0
27.85,1625449482.0,64.0
28.61,1625449482.0,64.0
29.09,1625449482.0,64.0
28.83,1625449482.0,64.0
27.61,1625449482.0,64.0
25.54,1625449482.0,64.0
22.93,1625449482.0,64.0
20.1,1625449482.0,64.0
17.19,1625449482.0,64.0
14.21,1625449482.0,64.0
11.03,1625449482.0,64.0
7.56,1625449482.0,64.0
3.85,1625449482.0,64.0
0.08,1625449482.0,64.0
-3.52,1625449482.0,64.0
-6.83,1625449482.0,64.0
-9.81,1625449482.0,64.0
-12.54,1625449482.0,64.0
-15.13,1625449482.0,64.0
-17.68,1625449482.0,64.0
-20.26,1625449482.0,64.0
-22.96,1625449482.0,64.0
-25.94,1625449482.0,64.0
-29.34,1625449482.0,64.0
-33.18,1625449482.0,64.0
-37.22,1625449482.0,64.0
-40.89,1625449482.0,64.0
-43.43,1625449482.0,64.0
-44.09,1625449482.0,64.0
-42.38,1625449482.0,64.0
-38.28,1625449482.0,64.0
-32.24,1625449482.0,64.0
-24.95,1625449482.0,64.0
-17.17,1625449482.0,64.0
-9.44,1625449482.0,64.0
-2.11,1625449482.0,64.0
4.65,1625449482.0,64.0
10.66,1625449482.0,64.0
15.73,1625449482.0,64.0
19.62,1625449482.0,64.0
22.22,1625449482.0,64.0
23.68,1625449482.0,64.0
24.37,1625449482.0,64.0
24.84,1625449482.0,64.0
25.52,1625449482.0,64.0
26.58,1625449482.0,64.0
27.81,1625449482.0,64.0
28.76,1625449482.0,64.0
28.94,1625449482.0,64.0
28.04,1625449482.0,64.0
26.11,1625449482.0,64.0
23.47,1625449482.0,64.0
20.54,1625449482.0,64.0
17.65,1625449482.0,64.0
14.9,1625449482.0,64.0
12.22,1625449482.0,64.0
9.43,1625449482.0,64.0
6.42,1625449482.0,64.0
3.23,1625449482.0,64.0
0.09,1625449482.0,64.0
-2.75,1625449482.0,64.0
-5.13,1625449482.0,64.0
-7.02,1625449482.0,64.0
-8.62,1625449482.0,64.0
-10.19,1625449482.0,64.0
-12.01,1625449482.0,64.0
-14.23,1625449482.0,64.0
-16.9,1625449482.0,64.0
-20.02,1625449482.0,64.0
-23.52,1625449482.0,64.0
-27.25,1625449482.0,64.0
-30.92,1625449482.0,64.0
-34.04,1625449482.0,64.0
-35.93,1625449482.0,64.0
-35.95,1625449482.0,64.0
-33.72,1625449482.0,64.0
-29.28,1625449482.0,64.0
-23.07,1625449482.0,64.0
-15.79,1625449482.0,64.0
-8.17,1625449482.0,64.0
-0.7,1625449482.0,64.0
6.26,1625449482.0,64.0
12.54,1625449482.0,64.0
17.95,1625449482.0,64.0
22.27,1625449482.0,64.0
25.32,1625449482.0,64.0
27.05,1625449482.0,64.0
27.66,1625449482.0,64.0
27.61,1625449482.0,64.0
27.45,1625449482.0,64.0
27.62,1625449482.0,64.0
28.29,1625449482.0,64.0
29.32,1625449482.0,64.0
30.33,1625449482.0,64.0
30.91,1625449482.0,64.0
30.75,1625449482.0,64.0
29.82,1625449482.0,64.0
28.27,1625449482.0,64.0
26.35,1625449482.0,64.0
24.25,1625449482.0,64.0
22.02,1625449482.0,64.0
19.61,1625449482.0,64.0
16.93,1625449482.0,64.0
13.98,1625449482.0,64.0
10.83,1625449482.0,64.0
7.66,1625449482.0,64.0
4.59,1625449482.0,64.0
1.71,1625449482.0,64.0
-1.05,1625449482.0,64.0
-3.84,1625449482.0,64.0
-6.85,1625449482.0,64.0
-10.26,1625449482.0,64.0
-14.16,1625449482.0,64.0
-18.57,1625449482.0,64.0
-23.41,1625449482.0,64.0
-28.41,1625449482.0,64.0
-33.17,1625449482.0,64.0
-37.1,1625449482.0,64.0
-39.57,1625449482.0,64.0
-40.06,1625449482.0,64.0
-38.27,1625449482.0,64.0
-34.29,1625449482.0,64.0
-28.52,1625449482.0,64.0
-21.59,1625449482.0,64.0
-14.12,1625449482.0,64.0
-6.53,1625449482.0,64.0
0.97,1625449482.0,64.0
8.21,1625449482.0,64.0
14.99,1625449482.0,64.0
20.86,1625449482.0,64.0
25.37,1625449482.0,64.0
28.16,1625449482.0,64.0
29.27,1625449482.0,64.0
29.15,1625449482.0,64.0
28.54,1625449482.0,64.0
28.14,1625449482.0,64.0
28.3,1625449482.0,64.0
28.95,1625449482.0,64.0
29.67,1625449482.0,64.0
29.96,1625449482.0,64.0
29.47,1625449482.0,64.0
28.14,1625449482.0,64.0
26.16,1625449482.0,64.0
23.75,1625449482.0,64.0
21.08,1625449482.0,64.0
18.17,1625449482.0,64.0
15.02,1625449482.0,64.0
11.6,1625449482.0,64.0
7.98,1625449482.0,64.0
4.3,1625449482.0,64.0
0.71,1625449482.0,64.0
-2.66,1625449482.0,64.0
-5.77,1625449482.0,64.0
-8.64,1625449482.0,64.0
-11.35,1625449482.0,64.0
-13.96,1625449482.0,64.0
-16.55,1625449482.0,64.0
-19.19,1625449482.0,64.0
-21.96,1625449482.0,64.0
-25.03,1625449482.0,64.0
-28.51,1625449482.0,64.0
-32.46,1625449482.0,64.0
-36.76,1625449482.0,64.0
-41.01,1625449482.0,64.0
-44.54,1625449482.0,64.0
-46.59,1625449482.0,64.0
-46.51,1625449482.0,64.0
-44.01,1625449482.0,64.0
-39.34,1625449482.0,64.0
-33.07,1625449482.0,64.0
-25.95,1625449482.0,64.0
-18.53,1625449482.0,64.0
-11.03,1625449482.0,64.0
-3.45,1625449482.0,64.0
4.27,1625449482.0,64.0
11.96,1625449482.0,64.0
19.15,1625449482.0,64.0
25.19,1625449482.0,64.0
29.55,1625449482.0,64.0
32.07,1625449482.0,64.0
33.02,1625449482.0,64.0
32.99,1625449482.0,64.0
32.59,1625449482.0,64.0
32.27,1625449482.0,64.0
32.13,1625449482.0,64.0
32.0,1625449482.0,64.0
31.56,1625449482.0,64.0
30.57,1625449482.0,64.0
28.93,1625449482.0,64.0
26.72,1625449482.0,64.0
24.17,1625449482.0,64.0
21.48,1625449482.0,64.0
18.77,1625449482.0,64.0
16.02,1625449482.0,64.0
13.17,1625449482.0,64.0
10.18,1625449482.0,64.0
7.09,1625449482.0,64.0
4.08,1625449482.0,64.0
1.26,1625449482.0,64.0
-1.3,1625449482.0,64.0
-3.7,1625449482.0,64.0
-6.11,1625449482.0,64.0
-8.66,1625449482.0,64.0
-11.4,1625449482.0,64.0
-14.26,1625449482.0,64.0
-17.15,1625449482.0,64.0
-20.02,1625449482.0,64.0
-22.93,1625449482.0,64.0
-26.04,1625449482.0,64.0
-29.53,1625449482.0,64.0
-33.49,1625449482.0,64.0
-37.88,1625449482.0,64.0
-42.33,1625449482.0,64.0
-46.29,1625449482.0,64.0
-49.03,1625449482.0,64.0
-49.8,1625449482.0,64.0
-48.15,1625449482.0,64.0
-44.02,1625449482.0,64.0
-37.77,1625449482.0,64.0
-30.05,1625449482.0,64.0
-21.57,1625449482.0,64.0
-12.82,1625449482.0,64.0
-4.14,1625449482.0,64.0
4.31,1625449482.0,64.0
12.33,1625449482.0,64.0
19.57,1625449482.0,64.0
25.6,1625449482.0,64.0
30.02,1625449482.0,64.0
32.76,1625449482.0,64.0
34.05,1625449482.0,64.0
34.42,1625449482.0,64.0
34.5,1625449482.0,64.0
34.71,1625449482.0,64.0
35.15,1625449482.0,64.0
35.63,1625449482.0,64.0
35.79,1625449482.0,64.0
35.32,1625449482.0,64.0
34.13,1625449482.0,64.0
32.35,1625449482.0,64.0
30.23,1625449482.0,64.0
27.96,1625449482.0,64.0
25.61,1625449482.0,64.0
23.14,1625449482.0,64.0
20.48,1625449482.0,64.0
17.65,1625449482.0,64.0
14.76,1625449482.0,64.0
12.01,1625449482.0,64.0
9.54,1625449482.0,64.0
7.36,1625449482.0,64.0
5.3,1625449482.0,64.0
3.11,1625449482.0,64.0
0.56,1625449482.0,64.0
-2.48,1625449482.0,64.0
-5.91,1625449482.0,64.0
-9.54,1625449482.0,64.0
-13.09,1625449482.0,64.0
-16.44,1625449482.0,64.0
-19.57,1625449482.0,64.0
-22.61,1625449482.0,64.0
-25.8,1625449482.0,64.0
-29.34,1625449482.0,64.0
-33.38,1625449482.0,64.0
-37.84,1625449482.0,64.0
-42.46,1625449482.0,64.0
-46.72,1625449482.0,64.0
-49.93,1625449482.0,64.0
-51.37,1625449482.0,64.0
-50.52,1625449482.0,64.0
-47.15,1625449482.0,64.0
-41.5,1625449482.0,64.0
-34.14,1625449482.0,64.0
-25.85,1625449482.0,64.0
-17.26,1625449482.0,64.0
-8.8,1625449482.0,64.0
-0.69,1625449482.0,64.0
6.99,1625449482.0,64.0
14.03,1625449482.0,64.0
20.1,1625449482.0,64.0
24.82,1625449482.0,64.0
27.98,1625449482.0,64.0
29.67,1625449482.0,64.0
30.35,1625449482.0,64.0
30.67,1625449482.0,64.0
31.17,1625449482.0,64.0
32.09,1625449482.0,64.0
33.27,1625449482.0,64.0
34.26,1625449482.0,64.0
34.62,1625449482.0,64.0
34.07,1625449482.0,64.0
32.66,1625449482.0,64.0
30.62,1625449482.0,64.0
28.27,1625449482.0,64.0
25.75,1625449482.0,64.0
23.07,1625449482.0,64.0
20.13,1625449482.0,64.0
16.88,1625449482.0,64.0
13.44,1625449482.0,64.0
10.04,1625449482.0,64.0
6.97,1625449482.0,64.0
4.28,1625449482.0,64.0
1.87,1625449482.0,64.0
-0.57,1625449482.0,64.0
-3.28,1625449482.0,64.0
-6.34,1625449482.0,64.0
-9.6,1625449482.0,64.0
-12.77,1625449482.0,64.0
-15.63,1625449482.0,64.0
-18.17,1625449482.0,64.0
-20.57,1625449482.0,64.0
-23.11,1625449482.0,64.0
-25.96,1625449482.0,64.0
-29.23,1625449482.0,64.0
-32.89,1625449482.0,64.0
-36.9,1625449482.0,64.0
-41.12,1625449482.0,64.0
-45.28,1625449482.0,64.0
-48.85,1625449482.0,64.0
-51.11,1625449482.0,64.0
-51.3,1625449482.0,64.0
-48.93,1625449482.0,64.0
-44.05,1625449482.0,64.0
-37.2,1625449482.0,64.0
-29.31,1625449482.0,64.0
-21.21,1625449482.0,64.0
-13.47,1625449482.0,64.0
-6.21,1625449482.0,64.0
0.68,1625449482.0,64.0
7.29,1625449482.0,64.0
13.46,1625449482.0,64.0
18.77,1625449482.0,64.0
22.82,1625449482.0,64.0
25.42,1625449482.0,64.0
26.77,1625449482.0,64.0
27.34,1625449482.0,64.0
27.69,1625449482.0,64.0
28.17,1625449482.0,64.0
28.81,1625449482.0,64.0
29.34,1625449482.0,64.0
29.38,1625449482.0,64.0
28.65,1625449482.0,64.0
27.12,1625449482.0,64.0
24.97,1625449482.0,64.0
22.51,1625449482.0,64.0
20.05,1625449482.0,64.0
17.8,1625449482.0,64.0
15.85,1625449482.0,64.0
14.2,1625449482.0,64.0
12.82,1625449482.0,64.0
11.63,1625449482.0,64.0
10.51,1625449482.0,64.0
9.34,1625449482.0,64.0
7.95,1625449482.0,64.0
6.16,1625449482.0,64.0
3.89,1625449482.0,64.0
1.11,1625449482.0,64.0
-2.06,1625449482.0,64.0
-5.44,1625449482.0,64.0
-8.8,1625449482.0,64.0
-11.96,1625449482.0,64.0
-14.81,1625449482.0,64.0
-17.39,1625449482.0,64.0
-19.91,1625449482.0,64.0
-22.6,1625449482.0,64.0
-25.69,1625449482.0,64.0
-29.12,1625449482.0,64.0
-32.54,1625449482.0,64.0
-35.31,1625449482.0,64.0
-36.66,1625449482.0,64.0
-35.98,1625449482.0,64.0
-33.0,1625449482.0,64.0
-27.95,1625449482.0,64.0
-21.39,1625449482.0,64.0
-14.03,1625449482.0,64.0
-6.48,1625449482.0,64.0
0.85,1625449482.0,64.0
7.74,1625449482.0,64.0
13.96,1625449482.0,64.0
19.28,1625449482.0,64.0
23.39,1625449482.0,64.0
26.08,1625449482.0,64.0
27.35,1625449482.0,64.0
27.54,1625449482.0,64.0
27.24,1625449482.0,64.0
27.03,1625449482.0,64.0
27.29,1625449482.0,64.0
27.98,1625449482.0,64.0
28.78,1625449482.0,64.0
29.21,1625449482.0,64.0
28.92,1625449482.0,64.0
27.81,1625449482.0,64.0
26.04,1625449482.0,64.0
23.89,1625449482.0,64.0
21.58,1625449482.0,64.0
19.26,1625449482.0,64.0
16.92,1625449482.0,64.0
14.53,1625449482.0,64.0
12.07,1625449482.0,64.0
9.54,1625449482.0,64.0
7.0,1625449482.0,64.0
4.47,1625449482.0,64.0
1.96,1625449482.0,64.0
-0.55,1625449482.0,64.0
-3.07,1625449482.0,64.0
-5.58,1625449482.0,64.0
-8.17,1625449482.0,64.0
-10.83,1625449482.0,64.0
-13.67,1625449482.0,64.0
-16.78,1625449482.0,64.0
-20.23,1625449482.0,64.0
-24.02,1625449482.0,64.0
-28.05,1625449482.0,64.0
-32.09,1625449482.0,64.0
-35.74,1625449482.0,64.0
-38.52,1625449482.0,64.0
-39.85,1625449482.0,64.0
-39.32,1625449482.0,64.0
-36.72,1625449482.0,64.0
-32.26,1625449482.0,64.0
-26.36,1625449482.0,64.0
-19.6,1625449482.0,64.0
-12.52,1625449482.0,64.0
-5.47,1625449482.0,64.0
1.3,1625449482.0,64.0
7.59,1625449482.0,64.0
13.11,1625449482.0,64.0
17.48,1625449482.0,64.0
20.38,1625449482.0,64.0
21.67,1625449482.0,64.0
21.61,1625449482.0,64.0
20.74,1625449482.0,64.0
19.76,1625449482.0,64.0
19.18,1625449482.0,64.0
19.24,1625449482.0,64.0
19.76,1625449482.0,64.0
20.35,1625449482.0,64.0
20.67,1625449482.0,64.0
20.52,1625449482.0,64.0
19.92,1625449482.0,64.0
19.03,1625449482.0,64.0
17.95,1625449482.0,64.0
16.61,1625449482.0,64.0
14.84,1625449482.0,64.0
12.43,1625449482.0,64.0
9.33,1625449482.0,64.0
5.67,1625449482.0,64.0
1.79,1625449482.0,64.0
-1.95,1625449482.0,64.0
-5.24,1625449482.0,64.0
-7.97,1625449482.0,64.0
-10.24,1625449482.0,64.0
-12.25,1625449482.0,64.0
-14.3,1625449482.0,64.0
-16.6,1625449482.0,64.0
-19.33,1625449482.0,64.0
-22.58,1625449482.0,64.0
-26.36,1625449482.0,64.0
-30.61,1625449482.0,64.0
-35.17,1625449482.0,64.0
-39.7,1625449482.0,64.0
-43.64,1625449482.0,64.0
-46.28,1625449482.0,64.0
-46.9,1625449482.0,64.0
-45.06,1625449482.0,64.0
-40.78,1625449482.0,64.0
-34.54,1625449482.0,64.0
-27.05,1625449482.0,64.0
-19.03,1625449482.0,64.0
-10.89,1625449482.0,64.0
-2.75,1625449482.0,64.0
5.3,1625449482.0,64.0
13.06,1625449482.0,64.0
20.06,1625449482.0,64.0
25.69,1625449482.0,64.0
29.52,1625449482.0,64.0
31.53,1625449482.0,64.0
32.16,1625449482.0,64.0
32.13,1625449482.0,64.0
32.06,1625449482.0,64.0
32.21,1625449482.0,64.0
32.46,1625449482.0,64.0
32.5,1625449482.0,64.0
32.03,1625449482.0,64.0
31.0,1625449482.0,64.0
29.57,1625449482.0,64.0
27.98,1625449482.0,64.0
26.38,1625449482.0,64.0
24.71,1625449482.0,64.0
22.77,1625449482.0,64.0
20.35,1625449482.0,64.0
17.37,1625449482.0,64.0
13.9,1625449482.0,64.0
10.15,1625449482.0,64.0
6.31,1625449482.0,64.0
2.56,1625449482.0,64.0
-1.01,1625449482.0,64.0
-4.32,1625449482.0,64.0
-7.33,1625449482.0,64.0
-10.1,1625449482.0,64.0
-12.77,1625449482.0,64.0
-15.72,1625449482.0,64.0
-19.37,1625449482.0,64.0
-24.08,1625449482.0,64.0
-29.95,1625449482.0,64.0
-36.56,1625449482.0,64.0
-43.12,1625449482.0,64.0
-48.7,1625449482.0,64.0
-52.58,1625449482.0,64.0
-54.46,1625449482.0,64.0
-54.45,1625449482.0,64.0
-52.8,1625449482.0,64.0
-49.64,1625449482.0,64.0
-44.92,1625449482.0,64.0
-38.56,1625449482.0,64.0
-30.69,1625449482.0,64.0
-21.84,1625449482.0,64.0
-12.86,1625449482.0,64.0
-4.55,1625449482.0,64.0
2.6,1625449482.0,64.0
8.63,1625449482.0,64.0
13.86,1625449482.0,64.0
18.61,1625449482.0,64.0
22.9,1625449482.0,64.0
26.49,1625449482.0,64.0
29.07,1625449482.0,64.0
30.54,1625449482.0,64.0
31.2,1625449482.0,64.0
31.54,1625449482.0,64.0
32.03,1625449482.0,64.0
32.83,1625449482.0,64.0
33.69,1625449482.0,64.0
34.17,1625449482.0,64.0
33.88,1625449482.0,64.0
32.63,1625449482.0,64.0
30.57,1625449482.0,64.0
27.99,1625449482.0,64.0
25.17,1625449482.0,64.0
22.28,1625449482.0,64.0
19.31,1625449482.0,64.0
16.19,1625449482.0,64.0
12.93,1625449482.0,64.0
9.62,1625449482.0,64.0
6.4,1625449482.0,64.0
3.4,1625449482.0,64.0
0.6,1625449482.0,64.0
-2.14,1625449482.0,64.0
-4.97,1625449482.0,64.0
-8.01,1625449482.0,64.0
-11.27,1625449482.0,64.0
-14.67,1625449482.0,64.0
-18.11,1625449482.0,64.0
-21.65,1625449482.0,64.0
-25.41,1625449482.0,64.0
-29.59,1625449482.0,64.0
-34.27,1625449482.0,64.0
-39.32,1625449482.0,64.0
-44.22,1625449482.0,64.0
-48.19,1625449482.0,64.0
-50.41,1625449482.0,64.0
-50.21,1625449482.0,64.0
-47.34,1625449482.0,64.0
-42.05,1625449482.0,64.0
-34.9,1625449482.0,64.0
-26.63,1625449482.0,64.0
-17.82,1625449482.0,64.0
-8.88,1625449482.0,64.0
-0.1,1625449482.0,64.0
8.27,1625449482.0,64.0
15.87,1625449482.0,64.0
22.27,1625449482.0,64.0
27.14,1625449482.0,64.0
30.35,1625449482.0,64.0
32.15,1625449482.0,64.0
33.02,1625449482.0,64.0
33.53,1625449482.0,64.0
34.09,1625449482.0,64.0
34.81,1625449482.0,64.0
35.48,1625449482.0,64.0
35.74,1625449482.0,64.0
35.27,1625449482.0,64.0
33.97,1625449482.0,64.0
31.92,1625449482.0,64.0
29.41,1625449482.0,64.0
26.71,1625449482.0,64.0
23.97,1625449482.0,64.0
21.23,1625449482.0,64.0
18.44,1625449482.0,64.0
15.57,1625449482.0,64.0
12.7,1625449482.0,64.0
9.95,1625449482.0,64.0
7.4,1625449482.0,64.0
4.98,1625449482.0,64.0
2.51,1625449482.0,64.0
-0.16,1625449482.0,64.0
-3.08,1625449482.0,64.0
-6.16,1625449482.0,64.0
-9.28,1625449482.0,64.0
-12.31,1625449482.0,64.0
-15.28,1625449482.0,64.0
-18.34,1625449482.0,64.0
-21.67,1625449482.0,64.0
-25.32,1625449482.0,64.0
-29.28,1625449482.0,64.0
-33.44,1625449482.0,64.0
-37.61,1625449482.0,64.0
-41.5,1625449482.0,64.0
-44.66,1625449482.0,64.0
-46.49,1625449482.0,64.0
-46.38,1625449482.0,64.0
-43.86,1625449482.0,64.0
-38.91,1625449482.0,64.0
-31.97,1625449482.0,64.0
-23.75,1625449482.0,64.0
-15.03,1625449482.0,64.0
-6.36,1625449482.0,64.0
1.98,1625449482.0,64.0
9.83,1625449482.0,64.0
17.02,1625449482.0,64.0
23.2,1625449482.0,64.0
27.97,1625449482.0,64.0
31.06,1625449482.0,64.0
32.51,1625449482.0,64.0
32.71,1625449482.0,64.0
32.26,1625449482.0,64.0
31.77,1625449482.0,64.0
31.54,1625449482.0,64.0
31.56,1625449482.0,64.0
31.58,1625449482.0,64.0
31.27,1625449482.0,64.0
30.4,1625449482.0,64.0
28.91,1625449482.0,64.0
26.87,1625449482.0,64.0
24.4,1625449482.0,64.0
21.6,1625449482.0,64.0
18.51,1625449482.0,64.0
15.2,1625449482.0,64.0
11.78,1625449482.0,64.0
8.42,1625449482.0,64.0
5.36,1625449482.0,64.0
2.78,1625449482.0,64.0
0.78,1625449482.0,64.0
-0.74,1625449482.0,64.0
-2.0,1625449482.0,64.0
-3.33,1625449482.0,64.0
-4.94,1625449482.0,64.0
-6.93,1625449482.0,64.0
-9.22,1625449482.0,64.0
-11.64,1625449482.0,64.0
-14.08,1625449482.0,64.0
-16.54,1625449482.0,64.0
-19.11,1625449482.0,64.0
-21.96,1625449482.0,64.0
-25.21,1625449482.0,64.0
-28.91,1625449482.0,64.0
-32.91,1625449482.0,64.0
-36.91,1625449482.0,64.0
-40.43,1625449482.0,64.0
-42.87,1625449482.0,64.0
-43.64,1625449482.0,64.0
-42.25,1625449482.0,64.0
-38.56,1625449482.0,64.0
-32.8,1625449482.0,64.0
-25.58,1625449482.0,64.0
-17.61,1625449482.0,64.0
-9.52,1625449482.0,64.0
-1.67,1625449482.0,64.0
5.74,1625449482.0,64.0
12.57,1625449482.0,64.0
18.55,1625449482.0,64.0
23.35,1625449482.0,64.0
26.7,1625449482.0,64.0
28.6,1625449482.0,64.0
29.44,1625449482.0,64.0
29.88,1625449482.0,64.0
30.54,1625449482.0,64.0
31.77,1625449482.0,64.0
33.43,1625449482.0,64.0
35.08,1625449482.0,64.0
36.19,1625449482.0,64.0
36.42,1625449482.0,64.0
35.74,1625449482.0,64.0
34.4,1625449482.0,64.0
32.7,1625449482.0,64.0
30.84,1625449482.0,64.0
28.81,1625449482.0,64.0
26.49,1625449482.0,64.0
23.71,1625449482.0,64.0
20.43,1625449482.0,64.0
16.82,1625449482.0,64.0
13.11,1625449482.0,64.0
9.55,1625449482.0,64.0
6.28,1625449482.0,64.0
3.32,1625449482.0,64.0
0.6,1625449482.0,64.0
-1.98,1625449482.0,64.0
-4.47,1625449482.0,64.0
-6.93,1625449482.0,64.0
-9.41,1625449482.0,64.0
-12.02,1625449482.0,64.0
-14.9,1625449482.0,64.0
-18.24,1625449482.0,64.0
-22.16,1625449482.0,64.0
-26.57,1625449482.0,64.0
-31.15,1625449482.0,64.0
-35.27,1625449482.0,64.0
-38.13,1625449482.0,64.0
-39.0,1625449482.0,64.0
-37.42,1625449482.0,64.0
-33.41,1625449482.0,64.0
-27.46,1625449482.0,64.0
-20.32,1625449482.0,64.0
-12.72,1625449482.0,64.0
-5.17,1625449482.0,64.0
2.07,1625449482.0,64.0
8.88,1625449482.0,64.0
15.07,1625449482.0,64.0
20.31,1625449482.0,64.0
24.24,1625449482.0,64.0
26.59,1625449482.0,64.0
27.44,1625449482.0,64.0
27.18,1625449482.0,64.0
26.4,1625449482.0,64.0
25.64,1625449482.0,64.0
25.23,1625449482.0,64.0
25.16,1625449482.0,64.0
25.25,1625449482.0,64.0
25.25,1625449482.0,64.0
24.94,1625449482.0,64.0
24.18,1625449482.0,64.0
22.9,1625449482.0,64.0
21.08,1625449482.0,64.0
18.74,1625449482.0,64.0
15.97,1625449482.0,64.0
13.0,1625449482.0,64.0
10.07,1625449482.0,64.0
7.35,1625449482.0,64.0
4.84,1625449482.0,64.0
2.39,1625449482.0,64.0
-0.18,1625449482.0,64.0
-2.97,1625449482.0,64.0
-5.84,1625449482.0,64.0
-8.56,1625449482.0,64.0
-10.94,1625449482.0,64.0
-12.99,1625449482.0,64.0
-14.99,1625449482.0,64.0
-17.33,1625449482.0,64.0
-20.33,1625449482.0,64.0
-24.06,1625449482.0,64.0
-28.33,1625449482.0,64.0
-32.83,1625449482.0,64.0
-37.32,1625449482.0,64.0
-41.7,1625449482.0,64.0
-45.81,1625449482.0,64.0
-49.29,1625449482.0,64.0
-51.44,1625449482.0,64.0
-51.43,1625449482.0,64.0
-48.67,1625449482.0,64.0
-43.22,1625449482.0,64.0
-35.87,1625449482.0,64.0
-27.8,1625449482.0,64.0
-20.01,1625449482.0,64.0
-12.8,1625449482.0,64.0
-5.78,1625449482.0,64.0
1.7,1625449482.0,64.0
9.85,1625449482.0,64.0
18.05,1625449482.0,64.0
25.07,1625449482.0,64.0
29.66,1625449482.0,64.0
31.37,1625449482.0,64.0
30.78,1625449482.0,64.0
29.19,1625449482.0,64.0
27.83,1625449482.0,64.0
27.22,1625449482.0,64.0
27.01,1625449482.0,64.0
26.45,1625449482.0,64.0
25.08,1625449482.0,64.0
23.13,1625449482.0,64.0
21.35,1625449482.0,64.0
20.44,1625449482.0,64.0
20.5,1625449482.0,64.0
20.85,1625449482.0,64.0
20.52,1625449482.0,64.0
18.78,1625449482.0,64.0
15.66,1625449482.0,64.0
11.81,1625449482.0,64.0
8.07,1625449482.0,64.0
4.94,1625449482.0,64.0
2.28,1625449482.0,64.0
-0.42,1625449482.0,64.0
-3.69,1625449482.0,64.0
-7.6,1625449482.0,64.0
-11.71,1625449482.0,64.0
-15.33,1625449482.0,64.0
-17.93,1625449482.0,64.0
-19.5,1625449482.0,64.0
-20.48,1625449482.0,64.0
-21.57,1625449482.0,64.0
-23.31,1625449482.0,64.0
-25.92,1625449482.0,64.0
-29.28,1625449482.0,64.0
-33.15,1625449482.0,64.0
-37.28,1625449482.0,64.0
-41.45,1625449482.0,64.0
-45.35,1625449482.0,64.0
-48.42,1625449482.0,64.0
-49.91,1625449482.0,64.0
-49.09,1625449482.0,64.0
-45.65,1625449482.0,64.0
-39.76,1625449482.0,64.0
-32.12,1625449482.0,64.0
-23.56,1625449482.0,64.0
-14.68,1625449482.0,64.0
-5.79,1625449482.0,64.0
3.07,1625449482.0,64.0
11.75,1625449482.0,64.0
19.85,1625449482.0,64.0
26.76,1625449482.0,64.0
31.88,1625449482.0,64.0
34.98,1625449482.0,64.0
36.33,1625449482.0,64.0
36.5,1625449482.0,64.0
36.09,1625449482.0,64.0
35.49,1625449482.0,64.0
34.77,1625449482.0,64.0
33.76,1625449482.0,64.0
32.37,1625449482.0,64.0
30.64,1625449482.0,64.0
28.74,1625449482.0,64.0
26.87,1625449482.0,64.0
25.1,1625449482.0,64.0
23.31,1625449482.0,64.0
21.29,1625449482.0,64.0
18.88,1625449482.0,64.0
16.06,1625449482.0,64.0
12.99,1625449482.0,64.0
9.98,1625449482.0,64.0
7.24,1625449482.0,64.0
4.92,1625449482.0,64.0
2.98,1625449482.0,64.0
1.26,1625449482.0,64.0
-0.47,1625449482.0,64.0
-2.38,1625449482.0,64.0
-4.55,1625449482.0,64.0
-6.96,1625449482.0,64.0
-9.5,1625449482.0,64.0
-12.09,1625449482.0,64.0
-14.69,1625449482.0,64.0
-17.34,1625449482.0,64.0
-20.11,1625449482.0,64.0
-23.06,1625449482.0,64.0
-26.23,1625449482.0,64.0
-29.63,1625449482.0,64.0
-33.23,1625449482.0,64.0
-36.91,1625449482.0,64.0
-40.38,1625449482.0,64.0
-43.04,1625449482.0,64.0
-44.23,1625449482.0,64.0
-43.32,1625449482.0,64.0
-39.99,1625449482.0,64.0
-34.48,1625449482.0,64.0
-27.42,1625449482.0,64.0
-19.65,1625449482.0,64.0
-11.91,1625449482.0,64.0
-4.56,1625449482.0,64.0
2.38,1625449482.0,64.0
9.09,1625449482.0,64.0
15.6,1625449482.0,64.0
21.67,1625449482.0,64.0
26.83,1625449482.0,64.0
30.55,1625449482.0,64.0
32.52,1625449482.0,64.0
32.87,1625449482.0,64.0
32.1,1625449482.0,64.0
30.93,1625449482.0,64.0
30.01,1625449482.0,64.0
29.63,1625449482.0,64.0
29.66,1625449482.0,64.0
29.63,1625449482.0,64.0
29.03,1625449482.0,64.0
27.63,1625449482.0,64.0
25.51,1625449482.0,64.0
23.03,1625449482.0,64.0
20.47,1625449482.0,64.0
17.91,1625449482.0,64.0
15.1,1625449482.0,64.0
11.74,1625449482.0,64.0
7.65,1625449482.0,64.0
3.13,1625449482.0,64.0
-1.19,1625449482.0,64.0
-4.59,1625449482.0,64.0
-6.69,1625449482.0,64.0
-7.72,1625449482.0,64.0
-8.4,1625449482.0,64.0
-9.57,1625449482.0,64.0
-11.78,1625449482.0,64.0
-14.94,1625449482.0,64.0
-18.47,1625449482.0,64.0
-21.61,1625449482.0,64.0
-23.92,1625449482.0,64.0
-25.45,1625449482.0,64.0
-26.72,1625449482.0,64.0
-28.37,1625449482.0,64.0
-30.8,1625449482.0,64.0
-33.99,1625449482.0,64.0
-37.53,1625449482.0,64.0
-40.86,1625449482.0,64.0
-43.43,1625449482.0,64.0
-44.9,1625449482.0,64.0
-45.03,1625449482.0,64.0
-43.62,1625449482.0,64.0
-40.56,1625449482.0,64.0
-35.81,1625449482.0,64.0
-29.59,1625449482.0,64.0
-22.36,1625449482.0,64.0
-14.71,1625449482.0,64.0
-7.15,1625449482.0,64.0
-0.03,1625449482.0,64.0
6.58,1625449482.0,64.0
12.66,1625449482.0,64.0
18.08,1625449482.0,64.0
22.6,1625449482.0,64.0
25.86,1625449482.0,64.0
27.67,1625449482.0,64.0
28.16,1625449482.0,64.0
27.79,1625449482.0,64.0
27.19,1625449482.0,64.0
26.89,1625449482.0,64.0
27.1,1625449482.0,64.0
27.68,1625449482.0,64.0
28.27,1625449482.0,64.0
28.5,1625449482.0,64.0
28.18,1625449482.0,64.0
27.32,1625449482.0,64.0
26.01,1625449482.0,64.0
24.36,1625449482.0,64.0
22.44,1625449482.0,64.0
20.26,1625449482.0,64.0
17.87,1625449482.0,64.0
15.34,1625449482.0,64.0
12.88,1625449482.0,64.0
10.65,1625449482.0,64.0
8.75,1625449482.0,64.0
7.14,1625449482.0,64.0
5.61,1625449482.0,64.0
3.94,1625449482.0,64.0
1.96,1625449482.0,64.0
-0.33,1625449482.0,64.0
-2.78,1625449482.0,64.0
-5.22,1625449482.0,64.0
-7.54,1625449482.0,64.0
-9.8,1625449482.0,64.0
-12.21,1625449482.0,64.0
-14.99,1625449482.0,64.0
-18.28,1625449482.0,64.0
-22.04,1625449482.0,64.0
-26.01,1625449482.0,64.0
-29.77,1625449482.0,64.0
-32.81,1625449482.0,64.0
-34.6,1625449482.0,64.0
-34.65,1625449482.0,64.0
-32.67,1625449482.0,64.0
-28.63,1625449482.0,64.0
-22.82,1625449482.0,64.0
-15.82,1625449482.0,64.0
-8.29,1625449482.0,64.0
-0.73,1625449482.0,64.0
6.53,1625449482.0,64.0
13.36,1625449482.0,64.0
19.61,1625449482.0,64.0
25.03,1625449482.0,64.0
29.21,1625449482.0,64.0
31.82,1625449482.0,64.0
32.82,1625449482.0,64.0
32.57,1625449482.0,64.0
31.76,1625449482.0,64.0
31.14,1625449482.0,64.0
31.15,1625449482.0,64.0
31.79,1625449482.0,64.0
32.71,1625449482.0,64.0
33.31,1625449482.0,64.0
33.15,1625449482.0,64.0
31.99,1625449482.0,64.0
29.82,1625449482.0,64.0
26.88,1625449482.0,64.0
23.46,1625449482.0,64.0
19.88,1625449482.0,64.0
16.41,1625449482.0,64.0
13.23,1625449482.0,64.0
10.38,1625449482.0,64.0
7.75,1625449482.0,64.0
5.18,1625449482.0,64.0
2.45,1625449482.0,64.0
-0.48,1625449482.0,64.0
-3.55,1625449482.0,64.0
-6.54,1625449482.0,64.0
-9.3,1625449482.0,64.0
-11.73,1625449482.0,64.0
-13.88,1625449482.0,64.0
-15.87,1625449482.0,64.0
-17.88,1625449482.0,64.0
-20.11,1625449482.0,64.0
-22.75,1625449482.0,64.0
-26.06,1625449482.0,64.0
-30.17,1625449482.0,64.0
-34.85,1625449482.0,64.0
-39.38,1625449482.0,64.0
-42.65,1625449482.0,64.0
-43.63,1625449482.0,64.0
-41.8,1625449482.0,64.0
-37.52,1625449482.0,64.0
-31.78,1625449482.0,64.0
-25.8,1625449482.0,64.0
-20.26,1625449482.0,64.0
-15.14,1625449482.0,64.0
-9.91,1625449482.0,64.0
-4.15,1625449482.0,64.0
2.02,1625449482.0,64.0
7.87,1625449482.0,64.0
12.52,1625449482.0,64.0
15.57,1625449482.0,64.0
17.26,1625449482.0,64.0
18.34,1625449482.0,64.0
19.52,1625449482.0,64.0
21.03,1625449482.0,64.0
22.56,1625449482.0,64.0
23.56,1625449482.0,64.0
23.72,1625449482.0,64.0
23.05,1625449482.0,64.0
21.86,1625449482.0,64.0
20.42,1625449482.0,64.0
18.78,1625449482.0,64.0
16.74,1625449482.0,64.0
14.14,1625449482.0,64.0
11.08,1625449482.0,64.0
7.99,1625449482.0,64.0
5.47,1625449482.0,64.0
3.88,1625449482.0,64.0
3.25,1625449482.0,64.0
3.19,1625449482.0,64.0
3.16,1625449482.0,64.0
2.72,1625449482.0,64.0
1.66,1625449482.0,64.0
0.07,1625449482.0,64.0
-1.91,1625449482.0,64.0
-4.11,1625449482.0,64.0
-6.53,1625449482.0,64.0
-9.2,1625449482.0,64.0
-12.22,1625449482.0,64.0
-15.6,1625449482.0,64.0
-19.38,1625449482.0,64.0
-23.53,1625449482.0,64.0
-28.03,1625449482.0,64.0
-32.81,1625449482.0,64.0
-37.62,1625449482.0,64.0
-42.01,1625449482.0,64.0
-45.35,1625449482.0,64.0
-47.0,1625449482.0,64.0
-46.48,1625449482.0,64.0
-43.65,1625449482.0,64.0
-38.74,1625449482.0,64.0
-32.28,1625449482.0,64.0
-24.88,1625449482.0,64.0
-17.03,1625449482.0,64.0
-9.08,1625449482.0,64.0
-1.23,1625449482.0,64.0
6.27,1625449482.0,64.0
13.11,1625449482.0,64.0
18.88,1625449482.0,64.0
23.21,1625449482.0,64.0
25.96,1625449482.0,64.0
27.33,1625449482.0,64.0
27.78,1625449482.0,64.0
27.86,1625449482.0,64.0
28.03,1625449482.0,64.0
28.46,1625449482.0,64.0
29.08,1625449482.0,64.0
29.66,1625449482.0,64.0
30.0,1625449482.0,64.0
29.97,1625449482.0,64.0
29.49,1625449482.0,64.0
28.56,1625449482.0,64.0
27.1,1625449482.0,64.0
25.04,1625449482.0,64.0
22.4,1625449482.0,64.0
19.33,1625449482.0,64.0
16.09,1625449482.0,64.0
12.98,1625449482.0,64.0
10.2,1625449482.0,64.0
7.76,1625449482.0,64.0
5.47,1625449482.0,64.0
3.1,1625449482.0,64.0
0.5,1625449482.0,64.0
-2.3,1625449482.0,64.0
-5.12,1625449482.0,64.0
-7.75,1625449482.0,64.0
-10.08,1625449482.0,64.0
-12.17,1625449482.0,64.0
-14.29,1625449482.0,64.0
-16.71,1625449482.0,64.0
-19.69,1625449482.0,64.0
-23.32,1625449482.0,64.0
-27.58,1625449482.0,64.0
-32.25,1625449482.0,64.0
-36.98,1625449482.0,64.0
-41.25,1625449482.0,64.0
-44.42,1625449482.0,64.0
-45.88,1625449482.0,64.0
-45.17,1625449482.0,64.0
-42.15,1625449482.0,64.0
-37.05,1625449482.0,64.0
-30.41,1625449482.0,64.0
-22.89,1625449482.0,64.0
-15.05,1625449482.0,64.0
-7.26,1625449482.0,64.0
0.31,1625449482.0,64.0
7.55,1625449482.0,64.0
14.21,1625449482.0,64.0
19.95,1625449482.0,64.0
24.4,1625449482.0,64.0
27.36,1625449482.0,64.0
28.95,1625449482.0,64.0
29.64,1625449482.0,64.0
30.05,1625449482.0,64.0
30.69,1625449482.0,64.0
31.78,1625449482.0,64.0
33.2,1625449482.0,64.0
34.57,1625449482.0,64.0
35.43,1625449482.0,64.0
35.47,1625449482.0,64.0
34.54,1625449482.0,64.0
32.67,1625449482.0,64.0
30.02,1625449482.0,64.0
26.87,1625449482.0,64.0
23.46,1625449482.0,64.0
20.09,1625449482.0,64.0
16.96,1625449482.0,64.0
14.12,1625449482.0,64.0
11.48,1625449482.0,64.0
8.83,1625449482.0,64.0
5.97,1625449482.0,64.0
2.79,1625449482.0,64.0
-0.61,1625449482.0,64.0
-4.06,1625449482.0,64.0
-7.4,1625449482.0,64.0
-10.61,1625449482.0,64.0
-13.81,1625449482.0,64.0
-17.12,1625449482.0,64.0
-20.58,1625449482.0,64.0
-24.08,1625449482.0,64.0
-27.55,1625449482.0,64.0
-31.03,1625449482.0,64.0
-34.82,1625449482.0,64.0
-39.22,1625449482.0,64.0
-44.27,1625449482.0,64.0
-49.49,1625449482.0,64.0
-53.88,1625449482.0,64.0
-56.32,1625449482.0,64.0
-56.02,1625449482.0,64.0
-52.8,1625449482.0,64.0
-47.16,1625449482.0,64.0
-39.93,1625449482.0,64.0
-31.88,1625449482.0,64.0
-23.46,1625449482.0,64.0
-14.8,1625449482.0,64.0
-5.95,1625449482.0,64.0
2.93,1625449482.0,64.0
11.48,1625449482.0,64.0
19.17,1625449482.0,64.0
25.49,1625449482.0,64.0
30.08,1625449482.0,64.0
32.9,1625449482.0,64.0
34.18,1625449482.0,64.0
34.38,1625449482.0,64.0
33.98,1625449482.0,64.0
33.42,1625449482.0,64.0
32.92,1625449482.0,64.0
32.47,1625449482.0,64.0
31.94,1625449482.0,64.0
31.16,1625449482.0,64.0
30.04,1625449482.0,64.0
28.61,1625449482.0,64.0
26.95,1625449482.0,64.0
25.1,1625449482.0,64.0
23.04,1625449482.0,64.0
20.69,1625449482.0,64.0
18.01,1625449482.0,64.0
15.05,1625449482.0,64.0
11.98,1625449482.0,64.0
8.99,1625449482.0,64.0
6.23,1625449482.0,64.0
3.74,1625449482.0,64.0
1.42,1625449482.0,64.0
-0.86,1625449482.0,64.0
-3.29,1625449482.0,64.0
-5.94,1625449482.0,64.0
-8.83,1625449482.0,64.0
-11.89,1625449482.0,64.0
-15.0,1625449482.0,64.0
-18.0,1625449482.0,64.0
-20.82,1625449482.0,64.0
-23.47,1625449482.0,64.0
-26.15,1625449482.0,64.0
-29.15,1625449482.0,64.0
-32.71,1625449482.0,64.0
-36.83,1625449482.0,64.0
-41.17,1625449482.0,64.0
-45.03,1625449482.0,64.0
-47.58,1625449482.0,64.0
-48.08,1625449482.0,64.0
-46.17,1625449482.0,64.0
-41.94,1625449482.0,64.0
-35.89,1625449482.0,64.0
-28.73,1625449482.0,64.0
-21.09,1625449482.0,64.0
-13.37,1625449482.0,64.0
-5.79,1625449482.0,64.0
1.59,1625449482.0,64.0
8.63,1625449482.0,64.0
15.06,1625449482.0,64.0
20.47,1625449482.0,64.0
24.54,1625449482.0,64.0
27.09,1625449482.0,64.0
28.3,1625449482.0,64.0
28.58,1625449482.0,64.0
28.45,1625449482.0,64.0
28.33,1625449482.0,64.0
28.37,1625449482.0,64.0
28.44,1625449482.0,64.0
28.27,1625449482.0,64.0
27.6,1625449482.0,64.0
26.34,1625449482.0,64.0
24.61,1625449482.0,64.0
22.65,1625449482.0,64.0
20.69,1625449482.0,64.0
18.84,1625449482.0,64.0
17.05,1625449482.0,64.0
15.16,1625449482.0,64.0
13.1,1625449482.0,64.0
10.91,1625449482.0,64.0
8.72,1625449482.0,64.0
6.72,1625449482.0,64.0
4.96,1625449482.0,64.0
3.33,1625449482.0,64.0
1.65,1625449482.0,64.0
-0.28,1625449482.0,64.0
-2.53,1625449482.0,64.0
-5.05,1625449482.0,64.0
-7.67,1625449482.0,64.0
-10.26,1625449482.0,64.0
-12.77,1625449482.0,64.0
-15.26,1625449482.0,64.0
-17.85,1625449482.0,64.0
-20.64,1625449482.0,64.0
-23.65,1625449482.0,64.0
-26.8,1625449482.0,64.0
-29.88,1625449482.0,64.0
-32.55,1625449482.0,64.0
-34.45,1625449482.0,64.0
-35.14,1625449482.0,64.0
-34.22,1625449482.0,64.0
-31.48,1625449482.0,64.0
-26.82,1625449482.0,64.0
-20.47,1625449482.0,64.0
-12.91,1625449482.0,64.0
-4.79,1625449482.0,64.0
3.15,1625449482.0,64.0
10.29,1625449482.0,64.0
16.26,1625449482.0,64.0
20.95,1625449482.0,64.0
24.44,1625449482.0,64.0
26.94,1625449482.0,64.0
28.61,1625449482.0,64.0
29.58,1625449482.0,64.0
29.99,1625449482.0,64.0
30.0,1625449482.0,64.0
29.84,1625449482.0,64.0
29.79,1625449482.0,64.0
30.02,1625449482.0,64.0
30.45,1625449482.0,64.0
30.81,1625449482.0,64.0
30.66,1625449482.0,64.0
29.68,1625449482.0,64.0
27.82,1625449482.0,64.0
25.33,1625449482.0,64.0
22.69,1625449482.0,64.0
20.29,1625449482.0,64.0
18.29,1625449482.0,64.0
16.45,1625449482.0,64.0
14.38,1625449482.0,64.0
11.7,1625449482.0,64.0
8.32,1625449482.0,64.0
4.52,1625449482.0,64.0
0.74,1625449482.0,64.0
-2.59,1625449482.0,64.0
-5.35,1625449482.0,64.0
-7.67,1625449482.0,64.0
-9.95,1625449482.0,64.0
-12.51,1625449482.0,64.0
-15.53,1625449482.0,64.0
-19.07,1625449482.0,64.0
-23.05,1625449482.0,64.0
-27.41,1625449482.0,64.0
-32.02,1625449482.0,64.0
-36.65,1625449482.0,64.0
-40.89,1625449482.0,64.0
-44.12,1625449482.0,64.0
-45.66,1625449482.0,64.0
-45.02,1625449482.0,64.0
-42.05,1625449482.0,64.0
-37.04,1625449482.0,64.0
-30.57,1625449482.0,64.0
-23.26,1625449482.0,64.0
-15.58,1625449482.0,64.0
-7.79,1625449482.0,64.0
-0.03,1625449482.0,64.0
7.53,1625449482.0,64.0
14.51,1625449482.0,64.0
20.37,1625449482.0,64.0
24.62,1625449482.0,64.0
27.05,1625449482.0,64.0
27.9,1625449482.0,64.0
27.8,1625449482.0,64.0
27.57,1625449482.0,64.0
27.75,1625449482.0,64.0
28.52,1625449482.0,64.0
29.53,1625449482.0,64.0
30.22,1625449482.0,64.0
30.09,1625449482.0,64.0
28.9,1625449482.0,64.0
26.76,1625449482.0,64.0
23.95,1625449482.0,64.0
20.8,1625449482.0,64.0
17.54,1625449482.0,64.0
14.25,1625449482.0,64.0
10.99,1625449482.0,64.0
7.81,1625449482.0,64.0
4.77,1625449482.0,64.0
1.89,1625449482.0,64.0
-0.86,1625449482.0,64.0
-3.56,1625449482.0,64.0
-6.29,1625449482.0,64.0
-9.03,1625449482.0,64.0
-11.74,1625449482.0,64.0
-14.37,1625449482.0,64.0
-16.92,1625449482.0,64.0
-19.43,1625449482.0,64.0
-22.01,1625449482.0,64.0
-24.73,1625449482.0,64.0
-27.65,1625449482.0,64.0
-30.81,1625449482.0,64.0
-34.2,1625449482.0,64.0
-37.7,1625449482.0,64.0
-41.03,1625449482.0,64.0
-43.7,1625449482.0,64.0
-45.1,1625449482.0,64.0
-44.67,1625449482.0,64.0
-42.1,1625449482.0,64.0
-37.44,1625449482.0,64.0
-31.09,1625449482.0,64.0
-23.64,1625449482.0,64.0
-15.64,1625449482.0,64.0
-7.49,1625449482.0,64.0
0.57,1625449482.0,64.0
8.38,1625449482.0,64.0
15.69,1625449482.0,64.0
22.11,1625449482.0,64.0
27.19,1625449482.0,64.0
30.61,1625449482.0,64.0
32.3,1625449482.0,64.0
32.58,1625449482.0,64.0
32.06,1625449482.0,64.0
31.39,1625449482.0,64.0
31.04,1625449482.0,64.0
31.13,1625449482.0,64.0
31.43,1625449482.0,64.0
31.54,1625449482.0,64.0
31.08,1625449482.0,64.0
29.95,1625449482.0,64.0
28.24,1625449482.0,64.0
26.19,1625449482.0,64.0
23.98,1625449482.0,64.0
21.65,1625449482.0,64.0
19.16,1625449482.0,64.0
16.43,1625449482.0,64.0
13.46,1625449482.0,64.0
10.35,1625449482.0,64.0
7.25,1625449482.0,64.0
4.23,1625449482.0,64.0
1.28,1625449482.0,64.0
-1.67,1625449482.0,64.0
-4.66,1625449482.0,64.0
-7.62,1625449482.0,64.0
-10.41,1625449482.0,64.0
-12.96,1625449482.0,64.0
-15.33,1625449482.0,64.0
-17.75,1625449482.0,64.0
-20.51,1625449482.0,64.0
-23.91,1625449482.0,64.0
-28.08,1625449482.0,64.0
-32.98,1625449482.0,64.0
-38.34,1625449482.0,64.0
-43.69,1625449482.0,64.0
-48.38,1625449482.0,64.0
-51.64,1625449482.0,64.0
-52.77,1625449482.0,64.0
-51.3,1625449482.0,64.0
-47.21,1625449482.0,64.0
-40.83,1625449482.0,64.0
-32.83,1625449482.0,64.0
-23.91,1625449482.0,64.0
-14.65,1625449482.0,64.0
-5.37,1625449482.0,64.0
3.72,1625449482.0,64.0
12.4,1625449482.0,64.0
20.32,1625449482.0,64.0
26.98,1625449482.0,64.0
31.96,1625449482.0,64.0
35.12,1625449482.0,64.0
36.73,1625449482.0,64.0
37.43,1625449482.0,64.0
37.89,1625449482.0,64.0
38.59,1625449482.0,64.0
39.54,1625449482.0,64.0
40.41,1625449482.0,64.0
40.78,1625449482.0,64.0
40.44,1625449482.0,64.0
39.41,1625449482.0,64.0
37.87,1625449482.0,64.0
35.88,1625449482.0,64.0
33.22,1625449482.0,64.0
29.55,1625449482.0,64.0
24.71,1625449482.0,64.0
18.99,1625449482.0,64.0
13.14,1625449482.0,64.0
8.03,1625449482.0,64.0
4.13,1625449482.0,64.0
1.25,1625449482.0,64.0
-1.38,1625449482.0,64.0
-4.56,1625449482.0,64.0
-8.6,1625449482.0,64.0
-13.04,1625449482.0,64.0
-16.91,1625449482.0,64.0
-19.33,1625449482.0,64.0
-20.17,1625449482.0,64.0
-20.15,1625449482.0,64.0
-20.49,1625449482.0,64.0
-22.27,1625449482.0,64.0
-25.8,1625449482.0,64.0
-30.62,1625449482.0,64.0
-35.84,1625449482.0,64.0
-40.72,1625449482.0,64.0
-44.98,1625449482.0,64.0
-48.7,1625449482.0,64.0
-51.89,1625449482.0,64.0
-54.17,1625449482.0,64.0
-54.73,1625449482.0,64.0
-52.7,1625449482.0,64.0
-47.65,1625449482.0,64.0
-39.94,1625449482.0,64.0
-30.54,1625449482.0,64.0
-20.62,1625449482.0,64.0
-11.03,1625449482.0,64.0
-2.07,1625449482.0,64.0
6.39,1625449482.0,64.0
14.59,1625449482.0,64.0
22.45,1625449482.0,64.0
29.56,1625449482.0,64.0
35.28,1625449482.0,64.0
39.11,1625449482.0,64.0
40.97,1625449482.0,64.0
41.3,1625449482.0,64.0
40.83,1625449482.0,64.0
40.29,1625449482.0,64.0
40.15,1625449482.0,64.0
40.42,1625449482.0,64.0
40.76,1625449482.0,64.0
40.7,1625449482.0,64.0
39.91,1625449482.0,64.0
38.3,1625449482.0,64.0
36.01,1625449482.0,64.0
33.29,1625449482.0,64.0
30.31,1625449482.0,64.0
27.06,1625449482.0,64.0
23.44,1625449482.0,64.0
19.41,1625449482.0,64.0
15.07,1625449482.0,64.0
10.68,1625449482.0,64.0
6.59,1625449482.0,64.0
3.01,1625449482.0,64.0
-0.07,1625449482.0,64.0
-2.88,1625449482.0,64.0
-5.75,1625449482.0,64.0
-8.88,1625449482.0,64.0
-12.31,1625449482.0,64.0
-15.88,1625449482.0,64.0
-19.4,1625449482.0,64.0
-22.73,1625449482.0,64.0
-25.93,1625449482.0,64.0
-29.18,1625449482.0,64.0
-32.71,1625449482.0,64.0
-36.73,1625449482.0,64.0
-41.24,1625449482.0,64.0
-45.99,1625449482.0,64.0
-50.47,1625449482.0,64.0
-53.94,1625449482.0,64.0
-55.6,1625449482.0,64.0
-54.8,1625449482.0,64.0
-51.31,1625449482.0,64.0
-45.33,1625449482.0,64.0
-37.53,1625449482.0,64.0
-28.75,1625449482.0,64.0
-19.74,1625449482.0,64.0
-11.0,1625449482.0,64.0
-2.7,1625449482.0,64.0
5.06,1625449482.0,64.0
12.08,1625449482.0,64.0
18.02,1625449482.0,64.0
22.48,1625449482.0,64.0
25.29,1625449482.0,64.0
26.73,1625449482.0,64.0
27.46,1625449482.0,64.0
28.21,1625449482.0,64.0
29.34,1625449482.0,64.0
30.69,1625449482.0,64.0
31.68,1625449482.0,64.0
31.71,1625449482.0,64.0
30.61,1625449482.0,64.0
28.69,1625449482.0,64.0
26.59,1625449482.0,64.0
24.78,1625449482.0,64.0
23.29,1625449482.0,64.0
21.7,1625449482.0,64.0
19.52,1625449482.0,64.0
16.61,1625449482.0,64.0
13.24,1625449482.0,64.0
9.97,1625449482.0,64.0
7.12,1625449482.0,64.0
4.66,1625449482.0,64.0
2.13,1625449482.0,64.0
-0.92,1625449482.0,64.0
-4.59,1625449482.0,64.0
-8.54,1625449482.0,64.0
-12.19,1625449482.0,64.0
-15.13,1625449482.0,64.0
-17.38,1625449482.0,64.0
-19.35,1625449482.0,64.0
-21.55,1625449482.0,64.0
-24.35,1625449482.0,64.0
-27.72,1625449482.0,64.0
-31.28,1625449482.0,64.0
-34.55,1625449482.0,64.0
-37.03,1625449482.0,64.0
-38.35,1625449482.0,64.0
-38.19,1625449482.0,64.0
-36.35,1625449482.0,64.0
-32.75,1625449482.0,64.0
-27.51,1625449482.0,64.0
-21.06,1625449482.0,64.0
-13.93,1625449482.0,64.0
-6.69,1625449482.0,64.0
0.28,1625449482.0,64.0
6.8,1625449482.0,64.0
12.79,1625449482.0,64.0
18.23,1625449482.0,64.0
22.97,1625449482.0,64.0
26.8,1625449482.0,64.0
29.52,1625449482.0,64.0
31.1,1625449482.0,64.0
31.75,1625449482.0,64.0
31.89,1625449482.0,64.0
31.99,1625449482.0,64.0
32.35,1625449482.0,64.0
33.03,1625449482.0,64.0
33.81,1625449482.0,64.0
34.34,1625449482.0,64.0
34.34,1625449482.0,64.0
33.7,1625449482.0,64.0
32.55,1625449482.0,64.0
31.07,1625449482.0,64.0
29.4,1625449482.0,64.0
27.53,1625449482.0,64.0
25.34,1625449482.0,64.0
22.68,1625449482.0,64.0
19.55,1625449482.0,64.0
16.09,1625449482.0,64.0
12.57,1625449482.0,64.0
9.22,1625449482.0,64.0
6.15,1625449482.0,64.0
3.29,1625449482.0,64.0
0.47,1625449482.0,64.0
-2.5,1625449482.0,64.0
-5.7,1625449482.0,64.0
-9.1,1625449482.0,64.0
-12.59,1625449482.0,64.0
-16.17,1625449482.0,64.0
-19.94,1625449482.0,64.0
-24.14,1625449482.0,64.0
-28.96,1625449482.0,64.0
-34.32,1625449482.0,64.0
-39.71,1625449482.0,64.0
-44.29,1625449482.0,64.0
-47.11,1625449482.0,64.0
-47.48,1625449482.0,64.0
-45.18,1625449482.0,64.0
-40.56,1625449482.0,64.0
-34.3,1625449482.0,64.0
-27.1,1625449482.0,64.0
-19.52,1625449482.0,64.0
-11.83,1625449482.0,64.0
-4.13,1625449482.0,64.0
3.39,1625449482.0,64.0
10.41,1625449482.0,64.0
16.47,1625449482.0,64.0
21.17,1625449482.0,64.0
24.31,1625449482.0,64.0
26.08,1625449482.0,64.0
26.92,1625449482.0,64.0
27.41,1625449482.0,64.0
28.01,1625449482.0,64.0
28.9,1625449482.0,64.0
29.9,1625449482.0,64.0
30.65,1625449482.0,64.0
30.83,1625449482.0,64.0
30.28,1625449482.0,64.0
29.12,1625449482.0,64.0
27.6,1625449482.0,64.0
25.89,1625449482.0,64.0
23.97,1625449482.0,64.0
21.59,1625449482.0,64.0
18.46,1625449482.0,64.0
14.48,1625449482.0,64.0
9.81,1625449482.0,64.0
5.0,1625449482.0,64.0
0.63,1625449482.0,64.0
-2.85,1625449482.0,64.0
-5.35,1625449482.0,64.0
-7.11,1625449482.0,64.0
-8.58,1625449482.0,64.0
-10.19,1625449482.0,64.0
-12.25,1625449482.0,64.0
-14.95,1625449482.0,64.0
-18.45,1625449482.0,64.0
-22.95,1625449482.0,64.0
-28.6,1625449482.0,64.0
-35.21,1625449482.0,64.0
-42.18,1625449482.0,64.0
-48.49,1625449482.0,64.0
-53.02,1625449482.0,64.0
-54.93,1625449482.0,64.0
-54.0,1625449482.0,64.0
-50.62,1625449482.0,64.0
-45.45,1625449482.0,64.0
-39.13,1625449482.0,64.0
-31.96,1625449482.0,64.0
-23.97,1625449482.0,64.0
-15.2,1625449482.0,64.0
-5.95,1625449482.0,64.0
3.08,1625449482.0,64.0
11.03,1625449482.0,64.0
17.22,1625449482.0,64.0
21.49,1625449482.0,64.0
24.28,1625449482.0,64.0
26.34,1625449482.0,64.0
28.3,1625449482.0,64.0
30.38,1625449482.0,64.0
32.34,1625449482.0,64.0
33.71,1625449482.0,64.0
34.14,1625449482.0,64.0
33.64,1625449482.0,64.0
32.56,1625449482.0,64.0
31.33,1625449482.0,64.0
30.23,1625449482.0,64.0
29.19,1625449482.0,64.0
27.86,1625449482.0,64.0
25.89,1625449482.0,64.0
23.09,1625449482.0,64.0
19.62,1625449482.0,64.0
15.84,1625449482.0,64.0
12.11,1625449482.0,64.0
8.63,1625449482.0,64.0
5.45,1625449482.0,64.0
2.46,1625449482.0,64.0
-0.49,1625449482.0,64.0
-3.51,1625449482.0,64.0
-6.64,1625449482.0,64.0
-9.85,1625449482.0,64.0
-13.09,1625449482.0,64.0
-16.33,1625449482.0,64.0
-19.58,1625449482.0,64.0
-22.97,1625449482.0,64.0
-26.7,1625449482.0,64.0
-31.02,1625449482.0,64.0
-35.99,1625449482.0,64.0
-41.3,1625449482.0,64.0
-46.26,1625449482.0,64.0
-49.85,1625449482.0,64.0
-51.13,1625449482.0,64.0
-49.54,1625449482.0,64.0
-45.17,1625449482.0,64.0
-38.68,1625449482.0,64.0
-30.97,1625449482.0,64.0
-22.84,1625449482.0,64.0
-14.69,1625449482.0,64.0
-6.55,1625449482.0,64.0
1.71,1625449482.0,64.0
10.02,1625449482.0,64.0
17.98,1625449482.0,64.0
24.93,1625449482.0,64.0
30.22,1625449482.0,64.0
33.6,1625449482.0,64.0
35.3,1625449482.0,64.0
35.98,1625449482.0,64.0
36.36,1625449482.0,64.0
36.94,1625449482.0,64.0
37.79,1625449482.0,64.0
38.58,1625449482.0,64.0
38.86,1625449482.0,64.0
38.28,1625449482.0,64.0
36.8,1625449482.0,64.0
34.62,1625449482.0,64.0
32.05,1625449482.0,64.0
29.3,1625449482.0,64.0
26.42,1625449482.0,64.0
23.4,1625449482.0,64.0
20.17,1625449482.0,64.0
16.78,1625449482.0,64.0
13.35,1625449482.0,64.0
10.0,1625449482.0,64.0
6.76,1625449482.0,64.0
3.6,1625449482.0,64.0
0.46,1625449482.0,64.0
-2.67,1625449482.0,64.0
-5.72,1625449482.0,64.0
-8.57,1625449482.0,64.0
-11.16,1625449482.0,64.0
-13.54,1625449482.0,64.0
-15.9,1625449482.0,64.0
-18.49,1625449482.0,64.0
-21.53,1625449482.0,64.0
-25.16,1625449482.0,64.0
-29.42,1625449482.0,64.0
-34.16,1625449482.0,64.0
-38.97,1625449482.0,64.0
-43.21,1625449482.0,64.0
-46.06,1625449482.0,64.0
-46.74,1625449482.0,64.0
-44.8,1625449482.0,64.0
-40.26,1625449482.0,64.0
-33.59,1625449482.0,64.0
-25.54,1625449482.0,64.0
-16.78,1625449482.0,64.0
-7.77,1625449482.0,64.0
1.24,1625449482.0,64.0
10.07,1625449482.0,64.0
18.36,1625449482.0,64.0
25.56,1625449482.0,64.0
31.05,1625449482.0,64.0
34.5,1625449482.0,64.0
35.99,1625449482.0,64.0
36.11,1625449482.0,64.0
35.65,1625449482.0,64.0
35.26,1625449482.0,64.0
35.2,1625449482.0,64.0
35.34,1625449482.0,64.0
35.33,1625449482.0,64.0
34.86,1625449482.0,64.0
33.93,1625449482.0,64.0
32.66,1625449482.0,64.0
31.25,1625449482.0,64.0
29.69,1625449482.0,64.0
27.8,1625449482.0,64.0
25.36,1625449482.0,64.0
22.34,1625449482.0,64.0
18.98,1625449482.0,64.0
15.7,1625449482.0,64.0
12.88,1625449482.0,64.0
10.57,1625449482.0,64.0
8.47,1625449482.0,64.0
6.12,1625449482.0,64.0
3.22,1625449482.0,64.0
-0.19,1625449482.0,64.0
-3.72,1625449482.0,64.0
-6.97,1625449482.0,64.0
-9.75,1625449482.0,64.0
-12.29,1625449482.0,64.0
-15.0,1625449482.0,64.0
-18.19,1625449482.0,64.0
-21.81,1625449482.0,64.0
-25.51,1625449482.0,64.0
-28.94,1625449482.0,64.0
-32.11,1625449482.0,64.0
-35.54,1625449482.0,64.0
-39.91,1625449482.0,64.0
-45.47,1625449482.0,64.0
-51.62,1625449482.0,64.0
-56.83,1625449482.0,64.0
-59.22,1625449482.0,64.0
-57.45,1625449482.0,64.0
-51.37,1625449482.0,64.0
-42.03,1625449482.0,64.0
-31.21,1625449482.0,64.0
-20.56,1625449482.0,64.0
-10.88,1625449482.0,64.0
-2.18,1625449482.0,64.0
5.96,1625449482.0,64.0
13.77,1625449482.0,64.0
20.84,1625449482.0,64.0
26.38,1625449482.0,64.0
29.64,1625449482.0,64.0
30.47,1625449482.0,64.0
29.52,1625449482.0,64.0
27.96,1625449482.0,64.0
26.92,1625449482.0,64.0
26.99,1625449482.0,64.0
28.05,1625449482.0,64.0
29.42,1625449482.0,64.0
30.32,1625449482.0,64.0
30.26,1625449482.0,64.0
29.21,1625449482.0,64.0
27.47,1625449482.0,64.0
25.45,1625449482.0,64.0
23.41,1625449482.0,64.0
21.38,1625449482.0,64.0
19.21,1625449482.0,64.0
16.73,1625449482.0,64.0
13.89,1625449482.0,64.0
10.85,1625449482.0,64.0
7.86,1625449482.0,64.0
5.11,1625449482.0,64.0
2.71,1625449482.0,64.0
0.57,1625449482.0,64.0
-1.49,1625449482.0,64.0
-3.64,1625449482.0,64.0
-5.96,1625449482.0,64.0
-8.43,1625449482.0,64.0
-10.92,1625449482.0,64.0
-13.28,1625449482.0,64.0
-15.43,1625449482.0,64.0
-17.39,1625449482.0,64.0
-19.28,1625449482.0,64.0
-21.34,1625449482.0,64.0
-23.83,1625449482.0,64.0
-26.93,1625449482.0,64.0
-30.58,1625449482.0,64.0
-34.41,1625449482.0,64.0
-37.77,1625449482.0,64.0
-39.89,1625449482.0,64.0
-40.1,1625449482.0,64.0
-38.05,1625449482.0,64.0
-33.8,1625449482.0,64.0
-27.78,1625449482.0,64.0
-20.61,1625449482.0,64.0
-12.92,1625449482.0,64.0
-5.16,1625449482.0,64.0
2.42,1625449482.0,64.0
9.64,1625449482.0,64.0
16.31,1625449482.0,64.0
22.05,1625449482.0,64.0
26.43,1625449482.0,64.0
29.12,1625449482.0,64.0
30.1,1625449482.0,64.0
29.8,1625449482.0,64.0
28.97,1625449482.0,64.0
28.39,1625449482.0,64.0
28.5,1625449482.0,64.0
29.25,1625449482.0,64.0
30.17,1625449482.0,64.0
30.66,1625449482.0,64.0
30.36,1625449482.0,64.0
29.25,1625449482.0,64.0
27.65,1625449482.0,64.0
25.89,1625449482.0,64.0
24.2,1625449482.0,64.0
22.51,1625449482.0,64.0
20.59,1625449482.0,64.0
18.25,1625449482.0,64.0
15.5,1625449482.0,64.0
12.59,1625449482.0,64.0
9.89,1625449482.0,64.0
7.61,1625449482.0,64.0
5.71,1625449482.0,64.0
3.92,1625449482.0,64.0
1.88,1625449482.0,64.0
-0.6,1625449482.0,64.0
-3.42,1625449482.0,64.0
-6.31,1625449482.0,64.0
-8.94,1625449482.0,64.0
-11.24,1625449482.0,64.0
-13.43,1625449482.0,64.0
-15.91,1625449482.0,64.0
-19.1,1625449482.0,64.0
-23.17,1625449482.0,64.0
-27.95,1625449482.0,64.0
-32.94,1625449482.0,64.0
-37.48,1625449482.0,64.0
-40.81,1625449482.0,64.0
-42.34,1625449482.0,64.0
-41.71,1625449482.0,64.0
-38.87,1625449482.0,64.0
-34.14,1625449482.0,64.0
-28.01,1625449482.0,64.0
-21.08,1625449482.0,64.0
-13.85,1625449482.0,64.0
-6.64,1625449482.0,64.0
0.36,1625449482.0,64.0
7.03,1625449482.0,64.0
13.21,1625449482.0,64.0
18.68,1625449482.0,64.0
23.21,1625449482.0,64.0
26.67,1625449482.0,64.0
29.05,1625449482.0,64.0
30.43,1625449482.0,64.0
30.98,1625449482.0,64.0
30.89,1625449482.0,64.0
30.39,1625449482.0,64.0
29.72,1625449482.0,64.0
29.02,1625449482.0,64.0
28.25,1625449482.0,64.0
27.17,1625449482.0,64.0
25.43,1625449482.0,64.0
22.83,1625449482.0,64.0
19.51,1625449482.0,64.0
15.93,1625449482.0,64.0
12.69,1625449482.0,64.0
10.14,1625449482.0,64.0
8.22,1625449482.0,64.0
6.47,1625449482.0,64.0
4.36,1625449482.0,64.0
1.68,1625449482.0,64.0
-1.35,1625449482.0,64.0
-4.25,1625449482.0,64.0
-6.64,1625449482.0,64.0
-8.59,1625449482.0,64.0
-10.5,1625449482.0,64.0
-12.91,1625449482.0,64.0
-16.0,1625449482.0,64.0
-19.52,1625449482.0,64.0
-22.92,1625449482.0,64.0
-25.73,1625449482.0,64.0
-27.89,1625449482.0,64.0
-29.81,1625449482.0,64.0
-32.16,1625449482.0,64.0
-35.42,1625449482.0,64.0
-39.67,1625449482.0,64.0
-44.44,1625449482.0,64.0
-48.88,1625449482.0,64.0
-52.09,1625449482.0,64.0
-53.37,1625449482.0,64.0
-52.38,1625449482.0,64.0
-49.11,1625449482.0,64.0
-43.86,1625449482.0,64.0
-37.12,1625449482.0,64.0
-29.42,1625449482.0,64.0
-21.27,1625449482.0,64.0
-13.0,1625449482.0,64.0
-4.78,1625449482.0,64.0
3.26,1625449482.0,64.0
10.96,1625449482.0,64.0
18.01,1625449482.0,64.0
23.95,1625449482.0,64.0
28.4,1625449482.0,64.0
31.2,1625449482.0,64.0
32.54,1625449482.0,64.0
32.95,1625449482.0,64.0
33.09,1625449482.0,64.0
33.45,1625449482.0,64.0
34.19,1625449482.0,64.0
35.12,1625449482.0,64.0
35.77,1625449482.0,64.0
35.75,1625449482.0,64.0
34.84,1625449482.0,64.0
33.06,1625449482.0,64.0
30.69,1625449482.0,64.0
27.98,1625449482.0,64.0
25.12,1625449482.0,64.0
22.13,1625449482.0,64.0
18.94,1625449482.0,64.0
15.48,1625449482.0,64.0
11.78,1625449482.0,64.0
7.98,1625449482.0,64.0
4.3,1625449482.0,64.0
0.91,1625449482.0,64.0
-2.15,1625449482.0,64.0
-4.99,1625449482.0,64.0
-7.75,1625449482.0,64.0
-10.56,1625449482.0,64.0
-13.46,1625449482.0,64.0
-16.35,1625449482.0,64.0
-19.07,1625449482.0,64.0
-21.55,1625449482.0,64.0
-23.81,1625449482.0,64.0
-26.04,1625449482.0,64.0
-28.49,1625449482.0,64.0
-31.43,1625449482.0,64.0
-34.96,1625449482.0,64.0
-38.95,1625449482.0,64.0
-42.91,1625449482.0,64.0
-46.15,1625449482.0,64.0
-47.88,1625449482.0,64.0
-47.47,1625449482.0,64.0
-44.67,1625449482.0,64.0
-39.69,1625449482.0,64.0
-33.06,1625449482.0,64.0
-25.44,1625449482.0,64.0
-17.38,1625449482.0,64.0
-9.21,1625449482.0,64.0
-1.07,1625449482.0,64.0
6.85,1625449482.0,64.0
14.27,1625449482.0,64.0
20.77,1625449482.0,64.0
25.92,1625449482.0,64.0
29.42,1625449482.0,64.0
31.32,1625449482.0,64.0
31.86,1625449482.0,64.0
31.44,1625449482.0,64.0
30.53,1625449482.0,64.0
29.5,1625449482.0,64.0
28.58,1625449482.0,64.0
27.91,1625449482.0,64.0
27.49,1625449482.0,64.0
27.27,1625449482.0,64.0
27.11,1625449482.0,64.0
26.8,1625449482.0,64.0
26.1,1625449482.0,64.0
24.76,1625449482.0,64.0
22.64,1625449482.0,64.0
19.73,1625449482.0,64.0
16.2,1625449482.0,64.0
12.36,1625449482.0,64.0
8.61,1625449482.0,64.0
5.35,1625449482.0,64.0
2.85,1625449482.0,64.0
1.16,1625449482.0,64.0
0.17,1625449482.0,64.0
-0.5,1625449482.0,64.0
-1.29,1625449482.0,64.0
-2.62,1625449482.0,64.0
-4.77,1625449482.0,64.0
-7.7,1625449482.0,64.0
-11.03,1625449482.0,64.0
-14.28,1625449482.0,64.0
-17.05,1625449482.0,64.0
-19.41,1625449482.0,64.0
-21.95,1625449482.0,64.0
-25.52,1625449482.0,64.0
-30.69,1625449482.0,64.0
-37.35,1625449482.0,64.0
-44.45,1625449482.0,64.0
-50.47,1625449482.0,64.0
-54.0,1625449482.0,64.0
-54.41,1625449482.0,64.0
-51.98,1625449482.0,64.0
-47.53,1625449482.0,64.0
-41.85,1625449482.0,64.0
-35.26,1625449482.0,64.0
-27.62,1625449482.0,64.0
-18.83,1625449482.0,64.0
-9.21,1625449482.0,64.0
0.37,1625449482.0,64.0
8.87,1625449482.0,64.0
15.56,1625449482.0,64.0
20.36,1625449482.0,64.0
23.7,1625449482.0,64.0
26.11,1625449482.0,64.0
27.86,1625449482.0,64.0
28.9,1625449482.0,64.0
29.06,1625449482.0,64.0
28.42,1625449482.0,64.0
27.43,1625449482.0,64.0
26.75,1625449482.0,64.0
26.82,1625449482.0,64.0
27.7,1625449482.0,64.0
28.98,1625449482.0,64.0
30.06,1625449482.0,64.0
30.32,1625449482.0,64.0
29.31,1625449482.0,64.0
26.79,1625449482.0,64.0
22.72,1625449482.0,64.0
17.29,1625449482.0,64.0
11.04,1625449482.0,64.0
4.78,1625449482.0,64.0
-0.58,1625449482.0,64.0
-4.32,1625449482.0,64.0
-6.23,1625449482.0,64.0
-6.66,1625449482.0,64.0
-6.31,1625449482.0,64.0
-5.86,1625449482.0,64.0
-5.75,1625449482.0,64.0
-6.05,1625449482.0,64.0
-6.66,1625449482.0,64.0
-7.5,1625449482.0,64.0
-8.65,1625449482.0,64.0
-10.38,1625449482.0,64.0
-12.95,1625449482.0,64.0
-16.46,1625449482.0,64.0
-20.85,1625449482.0,64.0
-25.89,1625449482.0,64.0
-31.21,1625449482.0,64.0
-36.33,1625449482.0,64.0
-40.65,1625449482.0,64.0
-43.5,1625449482.0,64.0
-44.23,1625449482.0,64.0
-42.48,1625449482.0,64.0
-38.27,1625449482.0,64.0
-32.01,1625449482.0,64.0
-24.4,1625449482.0,64.0
-16.11,1625449482.0,64.0
-7.66,1625449482.0,64.0
0.68,1625449482.0,64.0
8.7,1625449482.0,64.0
16.11,1625449482.0,64.0
22.46,1625449482.0,64.0
27.26,1625449482.0,64.0
30.11,1625449482.0,64.0
31.01,1625449482.0,64.0
30.39,1625449482.0,64.0
28.99,1625449482.0,64.0
27.55,1625449482.0,64.0
26.59,1625449482.0,64.0
26.22,1625449482.0,64.0
26.18,1625449482.0,64.0
26.04,1625449482.0,64.0
25.43,1625449482.0,64.0
24.21,1625449482.0,64.0
22.44,1625449482.0,64.0
20.29,1625449482.0,64.0
17.92,1625449482.0,64.0
15.4,1625449482.0,64.0
12.79,1625449482.0,64.0
10.16,1625449482.0,64.0
7.64,1625449482.0,64.0
5.34,1625449482.0,64.0
3.28,1625449482.0,64.0
1.39,1625449482.0,64.0
-0.53,1625449482.0,64.0
-2.64,1625449482.0,64.0
-4.98,1625449482.0,64.0
-7.41,1625449482.0,64.0
-9.73,1625449482.0,64.0
-11.83,1625449482.0,64.0
-13.75,1625449482.0,64.0
-15.67,1625449482.0,64.0
-17.78,1625449482.0,64.0
-20.2,1625449482.0,64.0
-22.92,1625449482.0,64.0
-25.91,1625449482.0,64.0
-29.17,1625449482.0,64.0
-32.64,1625449482.0,64.0
-36.13,1625449482.0,64.0
-39.16,1625449482.0,64.0
-40.96,1625449482.0,64.0
-40.62,1625449482.0,64.0
-37.56,1625449482.0,64.0
-31.76,1625449482.0,64.0
-23.93,1625449482.0,64.0
-15.19,1625449482.0,64.0
-6.57,1625449482.0,64.0
1.4,1625449482.0,64.0
8.73,1625449482.0,64.0
15.71,1625449482.0,64.0
22.34,1625449482.0,64.0
28.1,1625449482.0,64.0
32.11,1625449482.0,64.0
33.72,1625449482.0,64.0
33.03,1625449482.0,64.0
31.09,1625449482.0,64.0
29.36,1625449482.0,64.0
28.9,1625449482.0,64.0
29.78,1625449482.0,64.0
31.06,1625449482.0,64.0
31.47,1625449482.0,64.0
30.27,1625449482.0,64.0
27.76,1625449482.0,64.0
24.98,1625449482.0,64.0
23.02,1625449482.0,64.0
22.23,1625449482.0,64.0
22.03,1625449482.0,64.0
21.34,1625449482.0,64.0
19.36,1625449482.0,64.0
16.01,1625449482.0,64.0
11.98,1625449482.0,64.0
8.16,1625449482.0,64.0
5.08,1625449482.0,64.0
2.67,1625449482.0,64.0
0.41,1625449482.0,64.0
-2.22,1625449482.0,64.0
-5.34,1625449482.0,64.0
-8.66,1625449482.0,64.0
-11.75,1625449482.0,64.0
-14.24,1625449482.0,64.0
-16.14,1625449482.0,64.0
-17.7,1625449482.0,64.0
-19.32,1625449482.0,64.0
-21.34,1625449482.0,64.0
-24.01,1625449482.0,64.0
-27.35,1625449482.0,64.0
-31.14,1625449482.0,64.0
-34.87,1625449482.0,64.0
-37.8,1625449482.0,64.0
-39.1,1625449482.0,64.0
-38.14,1625449482.0,64.0
-34.69,1625449482.0,64.0
-29.01,1625449482.0,64.0
-21.8,1625449482.0,64.0
-13.85,1625449482.0,64.0
-5.81,1625449482.0,64.0
1.93,1625449482.0,64.0
9.25,1625449482.0,64.0
16.0,1625449482.0,64.0
21.89,1625449482.0,64.0
26.44,1625449482.0,64.0
29.2,1625449482.0,64.0
29.98,1625449482.0,64.0
29.08,1625449482.0,64.0
27.23,1625449482.0,64.0
25.3,1625449482.0,64.0
24.0,1625449482.0,64.0
23.6,1625449482.0,64.0
23.88,1625449482.0,64.0
24.36,1625449482.0,64.0
24.56,1625449482.0,64.0
24.2,1625449482.0,64.0
23.25,1625449482.0,64.0
21.83,1625449482.0,64.0
20.08,1625449482.0,64.0
18.04,1625449482.0,64.0
15.67,1625449482.0,64.0
12.91,1625449482.0,64.0
9.78,1625449482.0,64.0
6.45,1625449482.0,64.0
3.14,1625449482.0,64.0
0.11,1625449482.0,64.0
-2.5,1625449482.0,64.0
-4.72,1625449482.0,64.0
-6.75,1625449482.0,64.0
-8.89,1625449482.0,64.0
-11.41,1625449482.0,64.0
-14.44,1625449482.0,64.0
-17.9,1625449482.0,64.0
-21.59,1625449482.0,64.0
-25.33,1625449482.0,64.0
-29.06,1625449482.0,64.0
-32.88,1625449482.0,64.0
-36.9,1625449482.0,64.0
-41.02,1625449482.0,64.0
-44.79,1625449482.0,64.0
-47.5,1625449482.0,64.0
-48.28,1625449482.0,64.0
-46.56,1625449482.0,64.0
-42.25,1625449482.0,64.0
-35.86,1625449482.0,64.0
-28.22,1625449482.0,64.0
-20.17,1625449482.0,64.0
-12.25,1625449482.0,64.0
-4.59,1625449482.0,64.0
2.94,1625449482.0,64.0
10.39,1625449482.0,64.0
17.5,1625449482.0,64.0
23.68,1625449482.0,64.0
28.25,1625449482.0,64.0
30.75,1625449482.0,64.0
31.27,1625449482.0,64.0
30.42,1625449482.0,64.0
29.14,1625449482.0,64.0
28.26,1625449482.0,64.0
28.18,1625449482.0,64.0
28.74,1625449482.0,64.0
29.43,1625449482.0,64.0
29.69,1625449482.0,64.0
29.19,1625449482.0,64.0
27.96,1625449482.0,64.0
26.26,1625449482.0,64.0
24.4,1625449482.0,64.0
22.52,1625449482.0,64.0
20.55,1625449482.0,64.0
18.26,1625449482.0,64.0
15.43,1625449482.0,64.0
12.05,1625449482.0,64.0
8.37,1625449482.0,64.0
4.81,1625449482.0,64.0
1.77,1625449482.0,64.0
-0.54,1625449482.0,64.0
-2.18,1625449482.0,64.0
-3.54,1625449482.0,64.0
-5.15,1625449482.0,64.0
-7.48,1625449482.0,64.0
-10.7,1625449482.0,64.0
-14.62,1625449482.0,64.0
-18.79,1625449482.0,64.0
-22.83,1625449482.0,64.0
-26.69,1625449482.0,64.0
-30.64,1625449482.0,64.0
-34.99,1625449482.0,64.0
-39.67,1625449482.0,64.0
-43.99,1625449482.0,64.0
-46.74,1625449482.0,64.0
-46.82,1625449482.0,64.0
-43.91,1625449482.0,64.0
-38.72,1625449482.0,64.0
-32.76,1625449482.0,64.0
-27.45,1625449482.0,64.0
-23.35,1625449482.0,64.0
-19.82,1625449482.0,64.0
-15.54,1625449482.0,64.0
-9.46,1625449482.0,64.0
-1.65,1625449482.0,64.0
6.56,1625449482.0,64.0
13.35,1625449482.0,64.0
17.39,1625449482.0,64.0
18.59,1625449482.0,64.0
18.04,1625449482.0,64.0
17.27,1625449482.0,64.0
17.32,1625449482.0,64.0
18.28,1625449482.0,64.0
19.48,1625449482.0,64.0
20.18,1625449482.0,64.0
20.13,1625449482.0,64.0
19.77,1625449482.0,64.0
19.8,1625449482.0,64.0
20.57,1625449482.0,64.0
21.83,1625449482.0,64.0
22.82,1625449482.0,64.0
22.72,1625449482.0,64.0
21.21,1625449482.0,64.0
18.49,1625449482.0,64.0
15.24,1625449482.0,64.0
12.12,1625449482.0,64.0
9.54,1625449482.0,64.0
7.52,1625449482.0,64.0
5.83,1625449482.0,64.0
4.2,1625449482.0,64.0
2.47,1625449482.0,64.0
0.63,1625449482.0,64.0
-1.29,1625449482.0,64.0
-3.25,1625449482.0,64.0
-5.38,1625449482.0,64.0
-7.83,1625449482.0,64.0
-10.74,1625449482.0,64.0
-14.14,1625449482.0,64.0
-17.96,1625449482.0,64.0
-22.1,1625449482.0,64.0
-26.46,1625449482.0,64.0
-31.01,1625449482.0,64.0
-35.58,1625449482.0,64.0
-39.84,1625449482.0,64.0
-43.16,1625449482.0,64.0
-44.77,1625449482.0,64.0
-44.04,1625449482.0,64.0
-40.75,1625449482.0,64.0
-35.23,1625449482.0,64.0
-28.2,1625449482.0,64.0
-20.44,1625449482.0,64.0
-12.54,1625449482.0,64.0
-4.75,1625449482.0,64.0
2.86,1625449482.0,64.0
10.2,1625449482.0,64.0
16.9,1625449482.0,64.0
22.44,1625449482.0,64.0
26.29,1625449482.0,64.0
28.34,1625449482.0,64.0
28.93,1625449482.0,64.0
28.82,1625449482.0,64.0
28.83,1625449482.0,64.0
29.44,1625449482.0,64.0
30.65,1625449482.0,64.0
31.97,1625449482.0,64.0
32.75,1625449482.0,64.0
32.57,1625449482.0,64.0
31.34,1625449482.0,64.0
29.35,1625449482.0,64.0
27.03,1625449482.0,64.0
24.67,1625449482.0,64.0
22.31,1625449482.0,64.0
19.84,1625449482.0,64.0
17.06,1625449482.0,64.0
13.93,1625449482.0,64.0
10.6,1625449482.0,64.0
7.32,1625449482.0,64.0
4.24,1625449482.0,64.0
1.41,1625449482.0,64.0
-1.3,1625449482.0,64.0
-4.06,1625449482.0,64.0
-6.98,1625449482.0,64.0
-10.04,1625449482.0,64.0
-13.2,1625449482.0,64.0
-16.4,1625449482.0,64.0
-19.68,1625449482.0,64.0
-23.07,1625449482.0,64.0
-26.67,1625449482.0,64.0
-30.49,1625449482.0,64.0
-34.48,1625449482.0,64.0
-38.49,1625449482.0,64.0
-42.26,1625449482.0,64.0
-45.32,1625449482.0,64.0
-47.09,1625449482.0,64.0
-46.96,1625449482.0,64.0
-44.47,1625449482.0,64.0
-39.6,1625449482.0,64.0
-32.75,1625449482.0,64.0
-24.68,1625449482.0,64.0
-16.24,1625449482.0,64.0
-8.12,1625449482.0,64.0
-0.64,1625449482.0,64.0
6.1,1625449482.0,64.0
12.08,1625449482.0,64.0
17.21,1625449482.0,64.0
21.3,1625449482.0,64.0
24.25,1625449482.0,64.0
26.1,1625449482.0,64.0
27.23,1625449482.0,64.0
28.11,1625449482.0,64.0
29.14,1625449482.0,64.0
30.41,1625449482.0,64.0
31.57,1625449482.0,64.0
32.12,1625449482.0,64.0
31.64,1625449482.0,64.0
30.17,1625449482.0,64.0
28.15,1625449482.0,64.0
26.14,1625449482.0,64.0
24.48,1625449482.0,64.0
23.05,1625449482.0,64.0
21.37,1625449482.0,64.0
18.9,1625449482.0,64.0
15.53,1625449482.0,64.0
11.54,1625449482.0,64.0
7.5,1625449482.0,64.0
3.85,1625449482.0,64.0
0.65,1625449482.0,64.0
-2.39,1625449482.0,64.0
-5.58,1625449482.0,64.0
-9.01,1625449482.0,64.0
-12.43,1625449482.0,64.0
-15.45,1625449482.0,64.0
-17.87,1625449482.0,64.0
-19.83,1625449482.0,64.0
-21.79,1625449482.0,64.0
-24.17,1625449482.0,64.0
-27.15,1625449482.0,64.0
-30.5,1625449482.0,64.0
-33.77,1625449482.0,64.0
-36.39,1625449482.0,64.0
-37.86,1625449482.0,64.0
-37.82,1625449482.0,64.0
-35.96,1625449482.0,64.0
-32.18,1625449482.0,64.0
-26.47,1625449482.0,64.0
-19.14,1625449482.0,64.0
-10.66,1625449482.0,64.0
-1.65,1625449482.0,64.0
7.32,1625449482.0,64.0
15.78,1625449482.0,64.0
23.35,1625449482.0,64.0
29.64,1625449482.0,64.0
34.31,1625449482.0,64.0
37.08,1625449482.0,64.0
37.95,1625449482.0,64.0
37.31,1625449482.0,64.0
35.83,1625449482.0,64.0
34.31,1625449482.0,64.0
33.31,1625449482.0,64.0
32.89,1625449482.0,64.0
32.73,1625449482.0,64.0
32.23,1625449482.0,64.0
30.96,1625449482.0,64.0
28.77,1625449482.0,64.0
25.9,1625449482.0,64.0
22.73,1625449482.0,64.0
19.58,1625449482.0,64.0
16.54,1625449482.0,64.0
13.5,1625449482.0,64.0
10.31,1625449482.0,64.0
6.94,1625449482.0,64.0
3.56,1625449482.0,64.0
0.47,1625449482.0,64.0
-2.12,1625449482.0,64.0
-4.16,1625449482.0,64.0
-5.87,1625449482.0,64.0
-7.64,1625449482.0,64.0
-9.79,1625449482.0,64.0
-12.48,1625449482.0,64.0
-15.61,1625449482.0,64.0
-18.97,1625449482.0,64.0
-22.33,1625449482.0,64.0
-25.65,1625449482.0,64.0
-29.02,1625449482.0,64.0
-32.59,1625449482.0,64.0
-36.33,1625449482.0,64.0
-39.88,1625449482.0,64.0
-42.54,1625449482.0,64.0
-43.47,1625449482.0,64.0
-42.04,1625449482.0,64.0
-38.08,1625449482.0,64.0
-32.06,1625449482.0,64.0
-24.79,1625449482.0,64.0
-17.12,1625449482.0,64.0
-9.59,1625449482.0,64.0
-2.29,1625449482.0,64.0
4.9,1625449482.0,64.0
12.0,1625449482.0,64.0
18.71,1625449482.0,64.0
24.37,1625449482.0,64.0
28.33,1625449482.0,64.0
30.25,1625449482.0,64.0
30.39,1625449482.0,64.0
29.48,1625449482.0,64.0
28.43,1625449482.0,64.0
27.88,1625449482.0,64.0
27.92,1625449482.0,64.0
28.17,1625449482.0,64.0
28.07,1625449482.0,64.0
27.2,1625449482.0,64.0
25.5,1625449482.0,64.0
23.24,1625449482.0,64.0
20.78,1625449482.0,64.0
18.45,1625449482.0,64.0
16.31,1625449482.0,64.0
14.26,1625449482.0,64.0
12.19,1625449482.0,64.0
10.06,1625449482.0,64.0
7.96,1625449482.0,64.0
6.0,1625449482.0,64.0
4.29,1625449482.0,64.0
2.76,1625449482.0,64.0
1.25,1625449482.0,64.0
-0.47,1625449482.0,64.0
-2.6,1625449482.0,64.0
-5.22,1625449482.0,64.0
-8.33,1625449482.0,64.0
-11.77,1625449482.0,64.0
-15.39,1625449482.0,64.0
-19.08,1625449482.0,64.0
-22.85,1625449482.0,64.0
-26.8,1625449482.0,64.0
-31.07,1625449482.0,64.0
-35.59,1625449482.0,64.0
-39.99,1625449482.0,64.0
-43.62,1625449482.0,64.0
-45.59,1625449482.0,64.0
-45.15,1625449482.0,64.0
-41.93,1625449482.0,64.0
-36.1,1625449482.0,64.0
-28.29,1625449482.0,64.0
-19.47,1625449482.0,64.0
-10.52,1625449482.0,64.0
-2.11,1625449482.0,64.0
5.48,1625449482.0,64.0
12.26,1625449482.0,64.0
18.37,1625449482.0,64.0
23.81,1625449482.0,64.0
28.39,1625449482.0,64.0
31.74,1625449482.0,64.0
33.56,1625449482.0,64.0
33.86,1625449482.0,64.0
33.05,1625449482.0,64.0
31.82,1625449482.0,64.0
30.75,1625449482.0,64.0
29.98,1625449482.0,64.0
29.19,1625449482.0,64.0
27.82,1625449482.0,64.0
25.44,1625449482.0,64.0
22.14,1625449482.0,64.0
18.44,1625449482.0,64.0
15.05,1625449482.0,64.0
12.39,1625449482.0,64.0
10.4,1625449482.0,64.0
8.59,1625449482.0,64.0
6.48,1625449482.0,64.0
3.9,1625449482.0,64.0
1.08,1625449482.0,64.0
-1.57,1625449482.0,64.0
-3.82,1625449482.0,64.0
-5.75,1625449482.0,64.0
-7.75,1625449482.0,64.0
-10.18,1625449482.0,64.0
-13.11,1625449482.0,64.0
-16.26,1625449482.0,64.0
-19.14,1625449482.0,64.0
-21.37,1625449482.0,64.0
-22.88,1625449482.0,64.0
-23.94,1625449482.0,64.0
-24.99,1625449482.0,64.0
-26.47,1625449482.0,64.0
-28.61,1625449482.0,64.0
-31.34,1625449482.0,64.0
-34.33,1625449482.0,64.0
-37.03,1625449482.0,64.0
-38.8,1625449482.0,64.0
-39.0,1625449482.0,64.0
-37.21,1625449482.0,64.0
-33.28,1625449482.0,64.0
-27.52,1625449482.0,64.0
-20.48,1625449482.0,64.0
-12.82,1625449482.0,64.0
-5.05,1625449482.0,64.0
2.55,1625449482.0,64.0
9.9,1625449482.0,64.0
16.88,1625449482.0,64.0
23.22,1625449482.0,64.0
28.49,1625449482.0,64.0
32.22,1625449482.0,64.0
34.26,1625449482.0,64.0
34.76,1625449482.0,64.0
34.3,1625449482.0,64.0
33.55,1625449482.0,64.0
33.04,1625449482.0,64.0
32.86,1625449482.0,64.0
32.81,1625449482.0,64.0
32.44,1625449482.0,64.0
31.43,1625449482.0,64.0
29.67,1625449482.0,64.0
27.33,1625449482.0,64.0
24.71,1625449482.0,64.0
22.08,1625449482.0,64.0
19.55,1625449482.0,64.0
17.11,1625449482.0,64.0
14.65,1625449482.0,64.0
12.05,1625449482.0,64.0
9.26,1625449482.0,64.0
6.29,1625449482.0,64.0
3.23,1625449482.0,64.0
0.18,1625449482.0,64.0
-2.76,1625449482.0,64.0
-5.51,1625449482.0,64.0
-8.12,1625449482.0,64.0
-10.62,1625449482.0,64.0
-13.08,1625449482.0,64.0
-15.48,1625449482.0,64.0
-17.76,1625449482.0,64.0
-19.88,1625449482.0,64.0
-21.84,1625449482.0,64.0
-23.83,1625449482.0,64.0
-26.14,1625449482.0,64.0
-29.11,1625449482.0,64.0
-32.83,1625449482.0,64.0
-37.07,1625449482.0,64.0
-41.2,1625449482.0,64.0
-44.37,1625449482.0,64.0
-45.81,1625449482.0,64.0
-45.06,1625449482.0,64.0
-42.15,1625449482.0,64.0
-37.44,1625449482.0,64.0
-31.51,1625449482.0,64.0
-24.9,1625449482.0,64.0
-17.92,1625449482.0,64.0
-10.71,1625449482.0,64.0
-3.4,1625449482.0,64.0
3.78,1625449482.0,64.0
10.42,1625449482.0,64.0
15.97,1625449482.0,64.0
20.05,1625449482.0,64.0
22.53,1625449482.0,64.0
23.7,1625449482.0,64.0
24.14,1625449482.0,64.0
24.53,1625449482.0,64.0
25.34,1625449482.0,64.0
26.74,1625449482.0,64.0
28.45,1625449482.0,64.0
29.95,1625449482.0,64.0
30.73,1625449482.0,64.0
30.49,1625449482.0,64.0
29.22,1625449482.0,64.0
27.19,1625449482.0,64.0
24.72,1625449482.0,64.0
22.12,1625449482.0,64.0
19.52,1625449482.0,64.0
16.98,1625449482.0,64.0
14.49,1625449482.0,64.0
12.11,1625449482.0,64.0
9.82,1625449482.0,64.0
7.54,1625449482.0,64.0
5.09,1625449482.0,64.0
2.31,1625449482.0,64.0
-0.83,1625449482.0,64.0
-4.09,1625449482.0,64.0
-7.08,1625449482.0,64.0
-9.49,1625449482.0,64.0
-11.34,1625449482.0,64.0
-13.04,1625449482.0,64.0
-15.14,1625449482.0,64.0
-18.05,1625449482.0,64.0
-21.76,1625449482.0,64.0
-25.82,1625449482.0,64.0
-29.71,1625449482.0,64.0
-33.09,1625449482.0,64.0
-35.84,1625449482.0,64.0
-37.92,1625449482.0,64.0
-39.0,1625449482.0,64.0
-38.38,1625449482.0,64.0
-35.3,1625449482.0,64.0
-29.44,1625449482.0,64.0
-21.29,1625449482.0,64.0
-12.08,1625449482.0,64.0
-3.21,1625449482.0,64.0
4.35,1625449482.0,64.0
10.45,1625449482.0,64.0
15.49,1625449482.0,64.0
19.94,1625449482.0,64.0
23.86,1625449482.0,64.0
26.77,1625449482.0,64.0
28.11,1625449482.0,64.0
27.77,1625449482.0,64.0
26.34,1625449482.0,64.0
24.85,1625449482.0,64.0
24.34,1625449482.0,64.0
25.2,1625449482.0,64.0
27.08,1625449482.0,64.0
29.14,1625449482.0,64.0
30.51,1625449482.0,64.0
30.71,1625449482.0,64.0
29.74,1625449482.0,64.0
27.98,1625449482.0,64.0
25.88,1625449482.0,64.0
23.77,1625449482.0,64.0
21.76,1625449482.0,64.0
19.82,1625449482.0,64.0
17.81,1625449482.0,64.0
15.58,1625449482.0,64.0
13.0,1625449482.0,64.0
10.01,1625449482.0,64.0
6.66,1625449482.0,64.0
3.14,1625449482.0,64.0
-0.35,1625449482.0,64.0
-3.67,1625449482.0,64.0
-6.87,1625449482.0,64.0
-10.14,1625449482.0,64.0
-13.76,1625449482.0,64.0
-17.94,1625449482.0,64.0
-22.72,1625449482.0,64.0
-27.93,1625449482.0,64.0
-33.31,1625449482.0,64.0
-38.53,1625449482.0,64.0
-43.22,1625449482.0,64.0
-46.96,1625449482.0,64.0
-49.28,1625449482.0,64.0
-49.71,1625449482.0,64.0
-47.93,1625449482.0,64.0
-43.88,1625449482.0,64.0
-37.89,1625449482.0,64.0
-30.54,1625449482.0,64.0
-22.48,1625449482.0,64.0
-14.25,1625449482.0,64.0
-6.2,1625449482.0,64.0
1.46,1625449482.0,64.0
8.52,1625449482.0,64.0
14.73,1625449482.0,64.0
19.74,1625449482.0,64.0
23.26,1625449482.0,64.0
25.2,1625449482.0,64.0
25.72,1625449482.0,64.0
25.25,1625449482.0,64.0
24.35,1625449482.0,64.0
23.51,1625449482.0,64.0
23.03,1625449482.0,64.0
22.93,1625449482.0,64.0
23.03,1625449482.0,64.0
23.01,1625449482.0,64.0
22.59,1625449482.0,64.0
21.6,1625449482.0,64.0
20.0,1625449482.0,64.0
17.9,1625449482.0,64.0
15.43,1625449482.0,64.0
12.82,1625449482.0,64.0
10.18,1625449482.0,64.0
7.59,1625449482.0,64.0
5.04,1625449482.0,64.0
2.5,1625449482.0,64.0
-0.07,1625449482.0,64.0
-2.63,1625449482.0,64.0
-5.13,1625449482.0,64.0
-7.51,1625449482.0,64.0
-9.8,1625449482.0,64.0
-12.11,1625449482.0,64.0
-14.56,1625449482.0,64.0
-17.29,1625449482.0,64.0
-20.32,1625449482.0,64.0
-23.65,1625449482.0,64.0
-27.2,1625449482.0,64.0
-30.94,1625449482.0,64.0
-34.89,1625449482.0,64.0
-38.95,1625449482.0,64.0
-42.83,1625449482.0,64.0
-45.97,1625449482.0,64.0
-47.63,1625449482.0,64.0
-47.07,1625449482.0,64.0
-43.92,1625449482.0,64.0
-38.33,1625449482.0,64.0
-30.95,1625449482.0,64.0
-22.68,1625449482.0,64.0
-14.37,1625449482.0,64.0
-6.52,1625449482.0,64.0
0.76,1625449482.0,64.0
7.54,1625449482.0,64.0
13.85,1625449482.0,64.0
19.45,1625449482.0,64.0
24.01,1625449482.0,64.0
27.24,1625449482.0,64.0
29.15,1625449482.0,64.0
30.18,1625449482.0,64.0
30.93,1625449482.0,64.0
31.86,1625449482.0,64.0
32.98,1625449482.0,64.0
33.83,1625449482.0,64.0
33.78,1625449482.0,64.0
32.45,1625449482.0,64.0
30.01,1625449482.0,64.0
27.06,1625449482.0,64.0
24.3,1625449482.0,64.0
22.01,1625449482.0,64.0
19.95,1625449482.0,64.0
17.59,1625449482.0,64.0
14.56,1625449482.0,64.0
10.98,1625449482.0,64.0
7.4,1625449482.0,64.0
4.45,1625449482.0,64.0
2.27,1625449482.0,64.0
0.43,1625449482.0,64.0
-1.86,1625449482.0,64.0
-5.09,1625449482.0,64.0
-9.09,1625449482.0,64.0
-13.1,1625449482.0,64.0
-16.23,1625449482.0,64.0
-18.1,1625449482.0,64.0
-19.13,1625449482.0,64.0
-20.27,1625449482.0,64.0
-22.48,1625449482.0,64.0
-26.15,1625449482.0,64.0
-31.0,1625449482.0,64.0
-36.28,1625449482.0,64.0
-41.25,1625449482.0,64.0
-45.42,1625449482.0,64.0
-48.58,1625449482.0,64.0
-50.49,1625449482.0,64.0
-50.77,1625449482.0,64.0
-48.9,1625449482.0,64.0
-44.56,1625449482.0,64.0
-37.92,1625449482.0,64.0
-29.67,1625449482.0,64.0
-20.77,1625449482.0,64.0
-12.06,1625449482.0,64.0
-3.95,1625449482.0,64.0
3.53,1625449482.0,64.0
10.55,1625449482.0,64.0
17.08,1625449482.0,64.0
22.8,1625449482.0,64.0
27.29,1625449482.0,64.0
30.25,1625449482.0,64.0
31.88,1625449482.0,64.0
32.71,1625449482.0,64.0
33.48,1625449482.0,64.0
34.63,1625449482.0,64.0
36.16,1625449482.0,64.0
37.69,1625449482.0,64.0
38.63,1625449482.0,64.0
38.56,1625449482.0,64.0
37.38,1625449482.0,64.0
35.26,1625449482.0,64.0
32.5,1625449482.0,64.0
29.37,1625449482.0,64.0
25.99,1625449482.0,64.0
22.43,1625449482.0,64.0
18.74,1625449482.0,64.0
15.01,1625449482.0,64.0
11.38,1625449482.0,64.0
7.91,1625449482.0,64.0
4.58,1625449482.0,64.0
1.3,1625449482.0,64.0
-2.01,1625449482.0,64.0
-5.29,1625449482.0,64.0
-8.41,1625449482.0,64.0
-11.18,1625449482.0,64.0
-13.53,1625449482.0,64.0
-15.54,1625449482.0,64.0
-17.46,1625449482.0,64.0
-19.61,1625449482.0,64.0
-22.26,1625449482.0,64.0
-25.53,1625449482.0,64.0
-29.39,1625449482.0,64.0
-33.62,1625449482.0,64.0
-37.9,1625449482.0,64.0
-41.72,1625449482.0,64.0
-44.52,1625449482.0,64.0
-45.67,1625449482.0,64.0
-44.7,1625449482.0,64.0
-41.42,1625449482.0,64.0
-36.01,1625449482.0,64.0
-28.97,1625449482.0,64.0
-21.0,1625449482.0,64.0
-12.71,1625449482.0,64.0
-4.56,1625449482.0,64.0
3.13,1625449482.0,64.0
10.18,1625449482.0,64.0
16.37,1625449482.0,64.0
21.41,1625449482.0,64.0
25.05,1625449482.0,64.0
27.21,1625449482.0,64.0
28.11,1625449482.0,64.0
28.17,1625449482.0,64.0
27.91,1625449482.0,64.0
27.7,1625449482.0,64.0
27.72,1625449482.0,64.0
27.86,1625449482.0,64.0
27.93,1625449482.0,64.0
27.67,1625449482.0,64.0
26.94,1625449482.0,64.0
25.68,1625449482.0,64.0
23.93,1625449482.0,64.0
21.78,1625449482.0,64.0
19.27,1625449482.0,64.0
16.5,1625449482.0,64.0
13.59,1625449482.0,64.0
10.7,1625449482.0,64.0
8.06,1625449482.0,64.0
5.82,1625449482.0,64.0
3.98,1625449482.0,64.0
2.41,1625449482.0,64.0
0.83,1625449482.0,64.0
-1.06,1625449482.0,64.0
-3.41,1625449482.0,64.0
-6.19,1625449482.0,64.0
-9.22,1625449482.0,64.0
-12.24,1625449482.0,64.0
-15.08,1625449482.0,64.0
-17.75,1625449482.0,64.0
-20.34,1625449482.0,64.0
-22.98,1625449482.0,64.0
-25.79,1625449482.0,64.0
-28.8,1625449482.0,64.0
-31.97,1625449482.0,64.0
-35.12,1625449482.0,64.0
-37.95,1625449482.0,64.0
-40.0,1625449482.0,64.0
-40.79,1625449482.0,64.0
-39.83,1625449482.0,64.0
-36.89,1625449482.0,64.0
-31.92,1625449482.0,64.0
-25.2,1625449482.0,64.0
-17.24,1625449482.0,64.0
-8.71,1625449482.0,64.0
-0.32,1625449482.0,64.0
7.3,1625449482.0,64.0
13.74,1625449482.0,64.0
18.84,1625449482.0,64.0
22.7,1625449482.0,64.0
25.51,1625449482.0,64.0
27.46,1625449482.0,64.0
28.63,1625449482.0,64.0
29.06,1625449482.0,64.0
28.94,1625449482.0,64.0
28.67,1625449482.0,64.0
28.74,1625449482.0,64.0
29.5,1625449482.0,64.0
30.85,1625449482.0,64.0
32.13,1625449482.0,64.0
32.49,1625449482.0,64.0
31.26,1625449482.0,64.0
28.4,1625449482.0,64.0
24.55,1625449482.0,64.0
20.68,1625449482.0,64.0
17.54,1625449482.0,64.0
15.26,1625449482.0,64.0
13.37,1625449482.0,64.0
11.16,1625449482.0,64.0
8.21,1625449482.0,64.0
4.69,1625449482.0,64.0
1.25,1625449482.0,64.0
-1.43,1625449482.0,64.0
-3.03,1625449482.0,64.0
-3.8,1625449482.0,64.0
-4.37,1625449482.0,64.0
-5.39,1625449482.0,64.0
-7.22,1625449482.0,64.0
-9.79,1625449482.0,64.0
-12.78,1625449482.0,64.0
-15.93,1625449482.0,64.0
-19.19,1625449482.0,64.0
-22.67,1625449482.0,64.0
-26.49,1625449482.0,64.0
-30.5,1625449482.0,64.0
-34.19,1625449482.0,64.0
-36.79,1625449482.0,64.0
-37.51,1625449482.0,64.0
-35.85,1625449482.0,64.0
-31.77,1625449482.0,64.0
-25.7,1625449482.0,64.0
-18.42,1625449482.0,64.0
-10.76,1625449482.0,64.0
-3.37,1625449482.0,64.0
3.38,1625449482.0,64.0
9.42,1625449482.0,64.0
14.79,1625449482.0,64.0
19.46,1625449482.0,64.0
23.27,1625449482.0,64.0
26.0,1625449482.0,64.0
27.52,1625449482.0,64.0
27.94,1625449482.0,64.0
27.67,1625449482.0,64.0
27.25,1625449482.0,64.0
27.11,1625449482.0,64.0
27.39,1625449482.0,64.0
27.85,1625449482.0,64.0
28.07,1625449482.0,64.0
27.62,1625449482.0,64.0
26.25,1625449482.0,64.0
23.97,1625449482.0,64.0
20.98,1625449482.0,64.0
17.56,1625449482.0,64.0
13.97,1625449482.0,64.0
10.43,1625449482.0,64.0
7.11,1625449482.0,64.0
4.11,1625449482.0,64.0
1.49,1625449482.0,64.0
-0.82,1625449482.0,64.0
-2.96,1625449482.0,64.0
-5.05,1625449482.0,64.0
-7.16,1625449482.0,64.0
-9.27,1625449482.0,64.0
-11.29,1625449482.0,64.0
-13.1,1625449482.0,64.0
-14.76,1625449482.0,64.0
-16.39,1625449482.0,64.0
-18.25,1625449482.0,64.0
-20.57,1625449482.0,64.0
-23.46,1625449482.0,64.0
-26.92,1625449482.0,64.0
-30.83,1625449482.0,64.0
-34.91,1625449482.0,64.0
-38.82,1625449482.0,64.0
-42.05,1625449482.0,64.0
-43.97,1625449482.0,64.0
-43.99,1625449482.0,64.0
-41.73,1625449482.0,64.0
-37.21,1625449482.0,64.0
-30.88,1625449482.0,64.0
-23.5,1625449482.0,64.0
-15.82,1625449482.0,64.0
-8.36,1625449482.0,64.0
-1.34,1625449482.0,64.0
5.26,1625449482.0,64.0
11.42,1625449482.0,64.0
16.96,1625449482.0,64.0
21.59,1625449482.0,64.0
24.95,1625449482.0,64.0
26.94,1625449482.0,64.0
27.79,1625449482.0,64.0
27.92,1625449482.0,64.0
27.88,1625449482.0,64.0
28.07,1625449482.0,64.0
28.56,1625449482.0,64.0
29.18,1625449482.0,64.0
29.6,1625449482.0,64.0
29.49,1625449482.0,64.0
28.66,1625449482.0,64.0
27.12,1625449482.0,64.0
24.99,1625449482.0,64.0
22.54,1625449482.0,64.0
20.01,1625449482.0,64.0
17.61,1625449482.0,64.0
15.44,1625449482.0,64.0
13.48,1625449482.0,64.0
11.57,1625449482.0,64.0
9.49,1625449482.0,64.0
7.0,1625449482.0,64.0
3.99,1625449482.0,64.0
0.54,1625449482.0,64.0
-3.08,1625449482.0,64.0
-6.56,1625449482.0,64.0
-9.67,1625449482.0,64.0
-12.47,1625449482.0,64.0
-15.28,1625449482.0,64.0
-18.45,1625449482.0,64.0
-22.13,1625449482.0,64.0
-26.2,1625449482.0,64.0
-30.34,1625449482.0,64.0
-34.3,1625449482.0,64.0
-38.02,1625449482.0,64.0
-41.61,1625449482.0,64.0
-45.03,1625449482.0,64.0
-47.81,1625449482.0,64.0
-49.06,1625449482.0,64.0
-47.8,1625449482.0,64.0
-43.53,1625449482.0,64.0
-36.55,1625449482.0,64.0
-27.99,1625449482.0,64.0
-19.19,1625449482.0,64.0
-11.13,1625449482.0,64.0
-4.0,1625449482.0,64.0
2.54,1625449482.0,64.0
8.93,1625449482.0,64.0
15.15,1625449482.0,64.0
20.7,1625449482.0,64.0
24.79,1625449482.0,64.0
26.94,1625449482.0,64.0
27.36,1625449482.0,64.0
26.8,1625449482.0,64.0
26.26,1625449482.0,64.0
26.4,1625449482.0,64.0
27.31,1625449482.0,64.0
28.55,1625449482.0,64.0
29.55,1625449482.0,64.0
29.85,1625449482.0,64.0
29.35,1625449482.0,64.0
28.23,1625449482.0,64.0
26.71,1625449482.0,64.0
24.94,1625449482.0,64.0
22.92,1625449482.0,64.0
20.58,1625449482.0,64.0
17.88,1625449482.0,64.0
14.85,1625449482.0,64.0
11.59,1625449482.0,64.0
8.28,1625449482.0,64.0
5.02,1625449482.0,64.0
1.9,1625449482.0,64.0
-1.03,1625449482.0,64.0
-3.75,1625449482.0,64.0
-6.25,1625449482.0,64.0
-8.57,1625449482.0,64.0
-10.77,1625449482.0,64.0
-12.97,1625449482.0,64.0
-15.27,1625449482.0,64.0
-17.77,1625449482.0,64.0
-20.58,1625449482.0,64.0
-23.77,1625449482.0,64.0
-27.38,1625449482.0,64.0
-31.43,1625449482.0,64.0
-35.79,1625449482.0,64.0
-40.14,1625449482.0,64.0
-43.98,1625449482.0,64.0
-46.59,1625449482.0,64.0
-47.27,1625449482.0,64.0
-45.6,1625449482.0,64.0
-41.52,1625449482.0,64.0
-35.44,1625449482.0,64.0
-28.03,1625449482.0,64.0
-19.99,1625449482.0,64.0
-11.81,1625449482.0,64.0
-3.73,1625449482.0,64.0
4.2,1625449482.0,64.0
11.83,1625449482.0,64.0
18.84,1625449482.0,64.0
24.73,1625449482.0,64.0
29.06,1625449482.0,64.0
31.59,1625449482.0,64.0
32.57,1625449482.0,64.0
32.52,1625449482.0,64.0
32.12,1625449482.0,64.0
31.9,1625449482.0,64.0
31.99,1625449482.0,64.0
32.17,1625449482.0,64.0
32.04,1625449482.0,64.0
31.18,1625449482.0,64.0
29.41,1625449482.0,64.0
26.93,1625449482.0,64.0
24.07,1625449482.0,64.0
21.26,1625449482.0,64.0
18.72,1625449482.0,64.0
16.46,1625449482.0,64.0
14.29,1625449482.0,64.0
11.98,1625449482.0,64.0
9.47,1625449482.0,64.0
6.76,1625449482.0,64.0
4.05,1625449482.0,64.0
1.45,1625449482.0,64.0
-1.0,1625449482.0,64.0
-3.44,1625449482.0,64.0
-6.1,1625449482.0,64.0
-9.12,1625449482.0,64.0
-12.55,1625449482.0,64.0
-16.21,1625449482.0,64.0
-19.87,1625449482.0,64.0
-23.25,1625449482.0,64.0
-26.21,1625449482.0,64.0
-28.8,1625449482.0,64.0
-31.27,1625449482.0,64.0
-33.88,1625449482.0,64.0
-36.8,1625449482.0,64.0
-39.93,1625449482.0,64.0
-42.82,1625449482.0,64.0
-44.77,1625449482.0,64.0
-45.07,1625449482.0,64.0
-43.25,1625449482.0,64.0
-39.2,1625449482.0,64.0
-33.28,1625449482.0,64.0
-26.13,1625449482.0,64.0
-18.41,1625449482.0,64.0
-10.61,1625449482.0,64.0
-2.93,1625449482.0,64.0
4.56,1625449482.0,64.0
11.81,1625449482.0,64.0
18.52,1625449482.0,64.0
24.24,1625449482.0,64.0
28.49,1625449482.0,64.0
30.98,1625449482.0,64.0
31.87,1625449482.0,64.0
31.69,1625449482.0,64.0
31.2,1625449482.0,64.0
31.03,1625449482.0,64.0
31.44,1625449482.0,64.0
32.26,1625449482.0,64.0
33.02,1625449482.0,64.0
33.24,1625449482.0,64.0
32.65,1625449482.0,64.0
31.27,1625449482.0,64.0
29.38,1625449482.0,64.0
27.29,1625449482.0,64.0
25.15,1625449482.0,64.0
22.97,1625449482.0,64.0
20.66,1625449482.0,64.0
18.11,1625449482.0,64.0
15.35,1625449482.0,64.0
12.57,1625449482.0,64.0
10.01,1625449482.0,64.0
7.84,1625449482.0,64.0
6.06,1625449482.0,64.0
4.47,1625449482.0,64.0
2.75,1625449482.0,64.0
0.61,1625449482.0,64.0
-2.09,1625449482.0,64.0
-5.36,1625449482.0,64.0
-9.04,1625449482.0,64.0
-13.0,1625449482.0,64.0
-17.14,1625449482.0,64.0
-21.46,1625449482.0,64.0
-26.0,1625449482.0,64.0
-30.71,1625449482.0,64.0
-35.3,1625449482.0,64.0
-39.31,1625449482.0,64.0
-42.08,1625449482.0,64.0
-43.01,1625449482.0,64.0
-41.68,1625449482.0,64.0
-38.07,1625449482.0,64.0
-32.52,1625449482.0,64.0
-25.63,1625449482.0,64.0
-18.01,1625449482.0,64.0
-10.11,1625449482.0,64.0
-2.1,1625449482.0,64.0
5.93,1625449482.0,64.0
13.82,1625449482.0,64.0
21.18,1625449482.0,64.0
27.36,1625449482.0,64.0
31.71,1625449482.0,64.0
33.86,1625449482.0,64.0
33.92,1625449482.0,64.0
32.55,1625449482.0,64.0
30.62,1625449482.0,64.0
28.95,1625449482.0,64.0
27.96,1625449482.0,64.0
27.59,1625449482.0,64.0
27.39,1625449482.0,64.0
26.85,1625449482.0,64.0
25.62,1625449482.0,64.0
23.63,1625449482.0,64.0
21.1,1625449482.0,64.0
18.34,1625449482.0,64.0
15.62,1625449482.0,64.0
13.11,1625449482.0,64.0
10.82,1625449482.0,64.0
8.71,1625449482.0,64.0
6.67,1625449482.0,64.0
4.57,1625449482.0,64.0
2.3,1625449482.0,64.0
-0.23,1625449482.0,64.0
-3.05,1625449482.0,64.0
-6.1,1625449482.0,64.0
-9.27,1625449482.0,64.0
-12.43,1625449482.0,64.0
-15.54,1625449482.0,64.0
-18.59,1625449482.0,64.0
-21.66,1625449482.0,64.0
-24.84,1625449482.0,64.0
-28.22,1625449482.0,64.0
-31.88,1625449482.0,64.0
-35.83,1625449482.0,64.0
-39.96,1625449482.0,64.0
-43.91,1625449482.0,64.0
-47.15,1625449482.0,64.0
-48.94,1625449482.0,64.0
-48.68,1625449482.0,64.0
-46.01,1625449482.0,64.0
-41.01,1625449482.0,64.0
-34.11,1625449482.0,64.0
-25.97,1625449482.0,64.0
-17.26,1625449482.0,64.0
-8.47,1625449482.0,64.0
0.07,1625449482.0,64.0
8.12,1625449482.0,64.0
15.43,1625449482.0,64.0
21.7,1625449482.0,64.0
26.63,1625449482.0,64.0
30.03,1625449482.0,64.0
31.94,1625449482.0,64.0
32.64,1625449482.0,64.0
32.61,1625449482.0,64.0
32.35,1625449482.0,64.0
32.24,1625449482.0,64.0
32.36,1625449482.0,64.0
32.56,1625449482.0,64.0
32.51,1625449482.0,64.0
31.93,1625449482.0,64.0
30.68,1625449482.0,64.0
28.81,1625449482.0,64.0
26.49,1625449482.0,64.0
23.88,1625449482.0,64.0
21.04,1625449482.0,64.0
17.95,1625449482.0,64.0
14.59,1625449482.0,64.0
10.97,1625449482.0,64.0
7.22,1625449482.0,64.0
3.5,1625449482.0,64.0
-0.07,1625449482.0,64.0
-3.41,1625449482.0,64.0
-6.51,1625449482.0,64.0
-9.35,1625449482.0,64.0
-11.93,1625449482.0,64.0
-14.22,1625449482.0,64.0
-16.21,1625449482.0,64.0
-17.94,1625449482.0,64.0
-19.47,1625449482.0,64.0
-20.97,1625449482.0,64.0
-22.64,1625449482.0,64.0
-24.71,1625449482.0,64.0
-27.38,1625449482.0,64.0
-30.71,1625449482.0,64.0
-34.51,1625449482.0,64.0
-38.28,1625449482.0,64.0
-41.31,1625449482.0,64.0
-42.79,1625449482.0,64.0
-42.17,1625449482.0,64.0
-39.25,1625449482.0,64.0
-34.29,1625449482.0,64.0
-27.75,1625449482.0,64.0
-20.17,1625449482.0,64.0
-11.92,1625449482.0,64.0
-3.24,1625449482.0,64.0
5.67,1625449482.0,64.0
14.5,1625449482.0,64.0
22.72,1625449482.0,64.0
29.65,1625449482.0,64.0
34.68,1625449482.0,64.0
37.48,1625449482.0,64.0
38.18,1625449482.0,64.0
37.33,1625449482.0,64.0
35.71,1625449482.0,64.0
34.01,1625449482.0,64.0
32.66,1625449482.0,64.0
31.67,1625449482.0,64.0
30.8,1625449482.0,64.0
29.73,1625449482.0,64.0
28.23,1625449482.0,64.0
26.29,1625449482.0,64.0
24.04,1625449482.0,64.0
21.64,1625449482.0,64.0
19.18,1625449482.0,64.0
16.62,1625449482.0,64.0
13.9,1625449482.0,64.0
11.03,1625449482.0,64.0
8.12,1625449482.0,64.0
5.36,1625449482.0,64.0
2.93,1625449482.0,64.0
0.88,1625449482.0,64.0
-0.9,1625449482.0,64.0
-2.62,1625449482.0,64.0
-4.47,1625449482.0,64.0
-6.54,1625449482.0,64.0
-8.71,1625449482.0,64.0
-10.82,1625449482.0,64.0
-12.7,1625449482.0,64.0
-14.35,1625449482.0,64.0
-15.93,1625449482.0,64.0
-17.7,1625449482.0,64.0
-19.98,1625449482.0,64.0
-22.96,1625449482.0,64.0
-26.67,1625449482.0,64.0
-30.91,1625449482.0,64.0
-35.21,1625449482.0,64.0
-38.94,1625449482.0,64.0
-41.35,1625449482.0,64.0
-41.77,1625449482.0,64.0
-39.84,1625449482.0,64.0
-35.61,1625449482.0,64.0
-29.57,1625449482.0,64.0
-22.43,1625449482.0,64.0
-14.89,1625449482.0,64.0
-7.41,1625449482.0,64.0
-0.19,1625449482.0,64.0
6.69,1625449482.0,64.0
13.08,1625449482.0,64.0
18.68,1625449482.0,64.0
23.05,1625449482.0,64.0
25.86,1625449482.0,64.0
27.11,1625449482.0,64.0
27.15,1625449482.0,64.0
26.62,1625449482.0,64.0
26.2,1625449482.0,64.0
26.3,1625449482.0,64.0
26.99,1625449482.0,64.0
27.98,1625449482.0,64.0
28.82,1625449482.0,64.0
29.08,1625449482.0,64.0
28.57,1625449482.0,64.0
27.36,1625449482.0,64.0
25.73,1625449482.0,64.0
23.99,1625449482.0,64.0
22.31,1625449482.0,64.0
20.72,1625449482.0,64.0
19.03,1625449482.0,64.0
17.08,1625449482.0,64.0
14.8,1625449482.0,64.0
12.32,1625449482.0,64.0
9.81,1625449482.0,64.0
7.43,1625449482.0,64.0
5.19,1625449482.0,64.0
2.94,1625449482.0,64.0
0.51,1625449482.0,64.0
-2.25,1625449482.0,64.0
-5.32,1625449482.0,64.0
-8.62,1625449482.0,64.0
-12.03,1625449482.0,64.0
-15.48,1625449482.0,64.0
-18.98,1625449482.0,64.0
-22.59,1625449482.0,64.0
-26.32,1625449482.0,64.0
-30.12,1625449482.0,64.0
-33.8,1625449482.0,64.0
-37.0,1625449482.0,64.0
-39.25,1625449482.0,64.0
-40.04,1625449482.0,64.0
-38.93,1625449482.0,64.0
-35.72,1625449482.0,64.0
-30.57,1625449482.0,64.0
-23.96,1625449482.0,64.0
-16.51,1625449482.0,64.0
-8.8,1625449482.0,64.0
-1.22,1625449482.0,64.0
6.03,1625449482.0,64.0
12.77,1625449482.0,64.0
18.75,1625449482.0,64.0
23.58,1625449482.0,64.0
26.86,1625449482.0,64.0
28.4,1625449482.0,64.0
28.41,1625449482.0,64.0
27.48,1625449482.0,64.0
26.41,1625449482.0,64.0
25.85,1625449482.0,64.0
26.05,1625449482.0,64.0
26.83,1625449482.0,64.0
27.63,1625449482.0,64.0
27.94,1625449482.0,64.0
27.45,1625449482.0,64.0
26.16,1625449482.0,64.0
24.32,1625449482.0,64.0
22.23,1625449482.0,64.0
20.03,1625449482.0,64.0
17.73,1625449482.0,64.0
15.26,1625449482.0,64.0
12.6,1625449482.0,64.0
9.84,1625449482.0,64.0
7.13,1625449482.0,64.0
4.62,1625449482.0,64.0
2.3,1625449482.0,64.0
0.04,1625449482.0,64.0
-2.37,1625449482.0,64.0
-5.05,1625449482.0,64.0
-8.02,1625449482.0,64.0
-11.2,1625449482.0,64.0
-14.42,1625449482.0,64.0
-17.62,1625449482.0,64.0
-20.85,1625449482.0,64.0
-24.31,1625449482.0,64.0
-28.14,1625449482.0,64.0
-32.36,1625449482.0,64.0
-36.76,1625449482.0,64.0
-40.83,1625449482.0,64.0
-43.87,1625449482.0,64.0
-45.18,1625449482.0,64.0
-44.28,1625449482.0,64.0
-41.03,1625449482.0,64.0
-35.71,1625449482.0,64.0
-28.88,1625449482.0,64.0
-21.23,1625449482.0,64.0
-13.32,1625449482.0,64.0
-5.47,1625449482.0,64.0
2.18,1625449482.0,64.0
9.54,1625449482.0,64.0
16.37,1625449482.0,64.0
22.26,1625449482.0,64.0
26.72,1625449482.0,64.0
29.43,1625449482.0,64.0
30.44,1625449482.0,64.0
30.17,1625449482.0,64.0
29.32,1625449482.0,64.0
28.54,1625449482.0,64.0
28.21,1625449482.0,64.0
28.28,1625449482.0,64.0
28.37,1625449482.0,64.0
28.05,1625449482.0,64.0
27.01,1625449482.0,64.0
25.19,1625449482.0,64.0
22.76,1625449482.0,64.0
20.03,1625449482.0,64.0
17.2,1625449482.0,64.0
14.4,1625449482.0,64.0
11.66,1625449482.0,64.0
8.96,1625449482.0,64.0
6.34,1625449482.0,64.0
3.87,1625449482.0,64.0
1.59,1625449482.0,64.0
-0.52,1625449482.0,64.0
-2.57,1625449482.0,64.0
-4.72,1625449482.0,64.0
-7.08,1625449482.0,64.0
-9.66,1625449482.0,64.0
-12.43,1625449482.0,64.0
-15.28,1625449482.0,64.0
-18.13,1625449482.0,64.0
-20.97,1625449482.0,64.0
-23.85,1625449482.0,64.0
-26.86,1625449482.0,64.0
-30.13,1625449482.0,64.0
-33.74,1625449482.0,64.0
-37.61,1625449482.0,64.0
-41.43,1625449482.0,64.0
-44.65,1625449482.0,64.0
-46.57,1625449482.0,64.0
-46.55,1625449482.0,64.0
-44.23,1625449482.0,64.0
-39.68,1625449482.0,64.0
-33.35,1625449482.0,64.0
-25.92,1625449482.0,64.0
-17.98,1625449482.0,64.0
-9.97,1625449482.0,64.0
-2.03,1625449482.0,64.0
5.78,1625449482.0,64.0
13.29,1625449482.0,64.0
20.19,1625449482.0,64.0
25.98,1625449482.0,64.0
30.26,1625449482.0,64.0
32.8,1625449482.0,64.0
33.8,1625449482.0,64.0
33.68,1625449482.0,64.0
33.0,1625449482.0,64.0
32.2,1625449482.0,64.0
31.44,1625449482.0,64.0
30.6,1625449482.0,64.0
29.43,1625449482.0,64.0
27.7,1625449482.0,64.0
25.39,1625449482.0,64.0
22.71,1625449482.0,64.0
19.95,1625449482.0,64.0
17.42,1625449482.0,64.0
15.24,1625449482.0,64.0
13.33,1625449482.0,64.0
11.48,1625449482.0,64.0
9.42,1625449482.0,64.0
7.0,1625449482.0,64.0
4.25,1625449482.0,64.0
1.33,1625449482.0,64.0
-1.54,1625449482.0,64.0
-4.23,1625449482.0,64.0
-6.72,1625449482.0,64.0
-9.1,1625449482.0,64.0
-11.49,1625449482.0,64.0
-13.99,1625449482.0,64.0
-16.6,1625449482.0,64.0
-19.26,1625449482.0,64.0
-21.89,1625449482.0,64.0
-24.48,1625449482.0,64.0
-27.11,1625449482.0,64.0
-29.88,1625449482.0,64.0
-32.9,1625449482.0,64.0
-36.07,1625449482.0,64.0
-39.15,1625449482.0,64.0
-41.7,1625449482.0,64.0
-43.15,1625449482.0,64.0
-43.03,1625449482.0,64.0
-41.06,1625449482.0,64.0
-37.27,1625449482.0,64.0
-31.96,1625449482.0,64.0
-25.6,1625449482.0,64.0
-18.66,1625449482.0,64.0
-11.45,1625449482.0,64.0
-4.14,1625449482.0,64.0
3.14,1625449482.0,64.0
10.2,1625449482.0,64.0
16.65,1625449482.0,64.0
21.98,1625449482.0,64.0
25.77,1625449482.0,64.0
27.88,1625449482.0,64.0
28.59,1625449482.0,64.0
28.54,1625449482.0,64.0
28.44,1625449482.0,64.0
28.78,1625449482.0,64.0
29.7,1625449482.0,64.0
30.87,1625449482.0,64.0
31.77,1625449482.0,64.0
31.92,1625449482.0,64.0
31.08,1625449482.0,64.0
29.33,1625449482.0,64.0
26.98,1625449482.0,64.0
24.34,1625449482.0,64.0
21.58,1625449482.0,64.0
18.69,1625449482.0,64.0
15.58,1625449482.0,64.0
12.18,1625449482.0,64.0
8.6,1625449482.0,64.0
5.09,1625449482.0,64.0
1.9,1625449482.0,64.0
-0.77,1625449482.0,64.0
-3.0,1625449482.0,64.0
-5.0,1625449482.0,64.0
-6.99,1625449482.0,64.0
-9.06,1625449482.0,64.0
-11.16,1625449482.0,64.0
-13.13,1625449482.0,64.0
-14.84,1625449482.0,64.0
-16.35,1625449482.0,64.0
-17.85,1625449482.0,64.0
-19.63,1625449482.0,64.0
-21.96,1625449482.0,64.0
-25.02,1625449482.0,64.0
-28.78,1625449482.0,64.0
-33.05,1625449482.0,64.0
-37.39,1625449482.0,64.0
-41.23,1625449482.0,64.0
-43.88,1625449482.0,64.0
-44.76,1625449482.0,64.0
-43.52,1625449482.0,64.0
-40.14,1625449482.0,64.0
-34.94,1625449482.0,64.0
-28.41,1625449482.0,64.0
-21.06,1625449482.0,64.0
-13.3,1625449482.0,64.0
-5.43,1625449482.0,64.0
2.35,1625449482.0,64.0
9.75,1625449482.0,64.0
16.4,1625449482.0,64.0
21.88,1625449482.0,64.0
25.81,1625449482.0,64.0
28.06,1625449482.0,64.0
28.82,1625449482.0,64.0
28.57,1625449482.0,64.0
27.92,1625449482.0,64.0
27.4,1625449482.0,64.0
27.28,1625449482.0,64.0
27.49,1625449482.0,64.0
27.77,1625449482.0,64.0
27.82,1625449482.0,64.0
27.47,1625449482.0,64.0
26.69,1625449482.0,64.0
25.54,1625449482.0,64.0
24.04,1625449482.0,64.0
22.1,1625449482.0,64.0
19.64,1625449482.0,64.0
16.61,1625449482.0,64.0
13.16,1625449482.0,64.0
9.55,1625449482.0,64.0
6.09,1625449482.0,64.0
3.01,1625449482.0,64.0
0.35,1625449482.0,64.0
-1.99,1625449482.0,64.0
-4.22,1625449482.0,64.0
-6.48,1625449482.0,64.0
-8.83,1625449482.0,64.0
-11.18,1625449482.0,64.0
-13.4,1625449482.0,64.0
-15.41,1625449482.0,64.0
-17.23,1625449482.0,64.0
-18.96,1625449482.0,64.0
-20.76,1625449482.0,64.0
-22.81,1625449482.0,64.0
-25.27,1625449482.0,64.0
-28.19,1625449482.0,64.0
-31.56,1625449482.0,64.0
-35.19,1625449482.0,64.0
-38.76,1625449482.0,64.0
-41.78,1625449482.0,64.0
-43.69,1625449482.0,64.0
-43.95,1625449482.0,64.0
-42.22,1625449482.0,64.0
-38.41,1625449482.0,64.0
-32.77,1625449482.0,64.0
-25.8,1625449482.0,64.0
-18.06,1625449482.0,64.0
-10.08,1625449482.0,64.0
-2.27,1625449482.0,64.0
5.08,1625449482.0,64.0
11.75,1625449482.0,64.0
17.51,1625449482.0,64.0
22.19,1625449482.0,64.0
25.69,1625449482.0,64.0
28.05,1625449482.0,64.0
29.5,1625449482.0,64.0
30.4,1625449482.0,64.0
31.06,1625449482.0,64.0
31.74,1625449482.0,64.0
32.47,1625449482.0,64.0
33.11,1625449482.0,64.0
33.39,1625449482.0,64.0
33.02,1625449482.0,64.0
31.86,1625449482.0,64.0
29.98,1625449482.0,64.0
27.63,1625449482.0,64.0
25.13,1625449482.0,64.0
22.74,1625449482.0,64.0
20.53,1625449482.0,64.0
18.43,1625449482.0,64.0
16.28,1625449482.0,64.0
13.95,1625449482.0,64.0
11.44,1625449482.0,64.0
8.86,1625449482.0,64.0
6.36,1625449482.0,64.0
4.03,1625449482.0,64.0
1.81,1625449482.0,64.0
-0.39,1625449482.0,64.0
-2.71,1625449482.0,64.0
-5.18,1625449482.0,64.0
-7.71,1625449482.0,64.0
-10.13,1625449482.0,64.0
-12.28,1625449482.0,64.0
-14.12,1625449482.0,64.0
-15.85,1625449482.0,64.0
-17.81,1625449482.0,64.0
-20.36,1625449482.0,64.0
-23.63,1625449482.0,64.0
-27.3,1625449482.0,64.0
-30.65,1625449482.0,64.0
-32.77,1625449482.0,64.0
-32.89,1625449482.0,64.0
-30.68,1625449482.0,64.0
-26.38,1625449482.0,64.0
-20.58,1625449482.0,64.0
-14.02,1625449482.0,64.0
-7.26,1625449482.0,64.0
-0.57,1625449482.0,64.0
5.94,1625449482.0,64.0
12.21,1625449482.0,64.0
18.01,1625449482.0,64.0
22.91,1625449482.0,64.0
26.49,1625449482.0,64.0
28.5,1625449482.0,64.0
29.04,1625449482.0,64.0
28.56,1625449482.0,64.0
27.71,1625449482.0,64.0
27.11,1625449482.0,64.0
27.04,1625449482.0,64.0
27.45,1625449482.0,64.0
27.98,1625449482.0,64.0
28.22,1625449482.0,64.0
27.84,1625449482.0,64.0
26.74,1625449482.0,64.0
24.99,1625449482.0,64.0
22.76,1625449482.0,64.0
20.17,1625449482.0,64.0
17.3,1625449482.0,64.0
14.24,1625449482.0,64.0
11.08,1625449482.0,64.0
7.94,1625449482.0,64.0
4.94,1625449482.0,64.0
2.17,1625449482.0,64.0
-0.37,1625449482.0,64.0
-2.71,1625449482.0,64.0
-4.91,1625449482.0,64.0
-7.06,1625449482.0,64.0
-9.26,1625449482.0,64.0
-11.66,1625449482.0,64.0
-14.31,1625449482.0,64.0
-17.21,1625449482.0,64.0
-20.32,1625449482.0,64.0
-23.57,1625449482.0,64.0
-26.96,1625449482.0,64.0
-30.61,1625449482.0,64.0
-34.62,1625449482.0,64.0
-38.91,1625449482.0,64.0
-43.12,1625449482.0,64.0
-46.52,1625449482.0,64.0
-48.31,1625449482.0,64.0
-47.87,1625449482.0,64.0
-45.04,1625449482.0,64.0
-40.12,1625449482.0,64.0
-33.76,1625449482.0,64.0
-26.62,1625449482.0,64.0
-19.18,1625449482.0,64.0
-11.68,1625449482.0,64.0
-4.14,1625449482.0,64.0
3.36,1625449482.0,64.0
10.57,1625449482.0,64.0
17.05,1625449482.0,64.0
22.29,1625449482.0,64.0
25.93,1625449482.0,64.0
27.92,1625449482.0,64.0
28.6,1625449482.0,64.0
28.54,1625449482.0,64.0
28.36,1625449482.0,64.0
28.48,1625449482.0,64.0
28.97,1625449482.0,64.0
29.61,1625449482.0,64.0
29.98,1625449482.0,64.0
29.71,1625449482.0,64.0
28.63,1625449482.0,64.0
26.79,1625449482.0,64.0
24.38,1625449482.0,64.0
21.66,1625449482.0,64.0
18.71,1625449482.0,64.0
15.6,1625449482.0,64.0
12.37,1625449482.0,64.0
9.05,1625449482.0,64.0
5.8,1625449482.0,64.0
2.78,1625449482.0,64.0
0.09,1625449482.0,64.0
-2.29,1625449482.0,64.0
-4.51,1625449482.0,64.0
-6.76,1625449482.0,64.0
-9.13,1625449482.0,64.0
-11.54,1625449482.0,64.0
-13.88,1625449482.0,64.0
-16.05,1625449482.0,64.0
-18.09,1625449482.0,64.0
-20.17,1625449482.0,64.0
-22.63,1625449482.0,64.0
-25.72,1625449482.0,64.0
-29.57,1625449482.0,64.0
-33.99,1625449482.0,64.0
-38.5,1625449482.0,64.0
-42.35,1625449482.0,64.0
-44.71,1625449482.0,64.0
-44.97,1625449482.0,64.0
-42.87,1625449482.0,64.0
-38.63,1625449482.0,64.0
-32.79,1625449482.0,64.0
-26.02,1625449482.0,64.0
-18.84,1625449482.0,64.0
-11.56,1625449482.0,64.0
-4.27,1625449482.0,64.0
2.94,1625449482.0,64.0
9.85,1625449482.0,64.0
15.99,1625449482.0,64.0
20.9,1625449482.0,64.0
24.25,1625449482.0,64.0
26.08,1625449482.0,64.0
26.78,1625449482.0,64.0
26.95,1625449482.0,64.0
27.12,1625449482.0,64.0
27.6,1625449482.0,64.0
28.31,1625449482.0,64.0
28.95,1625449482.0,64.0
29.13,1625449482.0,64.0
28.64,1625449482.0,64.0
27.46,1625449482.0,64.0
25.77,1625449482.0,64.0
23.76,1625449482.0,64.0
21.55,1625449482.0,64.0
19.16,1625449482.0,64.0
16.51,1625449482.0,64.0
13.57,1625449482.0,64.0
10.4,1625449482.0,64.0
7.16,1625449482.0,64.0
4.04,1625449482.0,64.0
1.18,1625449482.0,64.0
-1.41,1625449482.0,64.0
-3.85,1625449482.0,64.0
-6.31,1625449482.0,64.0
-8.89,1625449482.0,64.0
-11.61,1625449482.0,64.0
-14.34,1625449482.0,64.0
-16.91,1625449482.0,64.0
-19.24,1625449482.0,64.0
-21.35,1625449482.0,64.0
-23.43,1625449482.0,64.0
-25.76,1625449482.0,64.0
-28.57,1625449482.0,64.0
-31.94,1625449482.0,64.0
-35.69,1625449482.0,64.0
-39.4,1625449482.0,64.0
-42.38,1625449482.0,64.0
-43.93,1625449482.0,64.0
-43.49,1625449482.0,64.0
-40.81,1625449482.0,64.0
-36.09,1625449482.0,64.0
-29.88,1625449482.0,64.0
-22.91,1625449482.0,64.0
-15.77,1625449482.0,64.0
-8.77,1625449482.0,64.0
-1.91,1625449482.0,64.0
4.94,1625449482.0,64.0
11.78,1625449482.0,64.0
18.3,1625449482.0,64.0
23.92,1625449482.0,64.0
28.09,1625449482.0,64.0
30.53,1625449482.0,64.0
31.44,1625449482.0,64.0
31.41,1625449482.0,64.0
31.1,1625449482.0,64.0
31.03,1625449482.0,64.0
31.28,1625449482.0,64.0
31.61,1625449482.0,64.0
31.59,1625449482.0,64.0
30.88,1625449482.0,64.0
29.37,1625449482.0,64.0
27.19,1625449482.0,64.0
24.56,1625449482.0,64.0
21.71,1625449482.0,64.0
18.76,1625449482.0,64.0
15.73,1625449482.0,64.0
12.62,1625449482.0,64.0
9.5,1625449482.0,64.0
6.48,1625449482.0,64.0
3.72,1625449482.0,64.0
1.35,1625449482.0,64.0
-0.69,1625449482.0,64.0
-2.52,1625449482.0,64.0
-4.34,1625449482.0,64.0
-6.28,1625449482.0,64.0
-8.36,1625449482.0,64.0
-10.49,1625449482.0,64.0
-12.6,1625449482.0,64.0
-14.68,1625449482.0,64.0
-16.84,1625449482.0,64.0
-19.29,1625449482.0,64.0
-22.22,1625449482.0,64.0
-25.73,1625449482.0,64.0
-29.78,1625449482.0,64.0
-34.06,1625449482.0,64.0
-38.14,1625449482.0,64.0
-41.43,1625449482.0,64.0
-43.24,1625449482.0,64.0
-43.05,1625449482.0,64.0
-40.56,1625449482.0,64.0
-35.82,1625449482.0,64.0
-29.26,1625449482.0,64.0
-21.5,1625449482.0,64.0
-13.23,1625449482.0,64.0
-4.96,1625449482.0,64.0
3.0,1625449482.0,64.0
10.44,1625449482.0,64.0
17.17,1625449482.0,64.0
22.87,1625449482.0,64.0
27.19,1625449482.0,64.0
29.82,1625449482.0,64.0
30.75,1625449482.0,64.0
30.29,1625449482.0,64.0
29.07,1625449482.0,64.0
27.73,1625449482.0,64.0
26.7,1625449482.0,64.0
26.05,1625449482.0,64.0
25.51,1625449482.0,64.0
24.75,1625449482.0,64.0
23.52,1625449482.0,64.0
21.77,1625449482.0,64.0
19.65,1625449482.0,64.0
17.35,1625449482.0,64.0
15.01,1625449482.0,64.0
12.71,1625449482.0,64.0
10.44,1625449482.0,64.0
8.26,1625449482.0,64.0
6.2,1625449482.0,64.0
4.28,1625449482.0,64.0
2.42,1625449482.0,64.0
0.54,1625449482.0,64.0
-1.43,1625449482.0,64.0
-3.5,1625449482.0,64.0
-5.57,1625449482.0,64.0
-7.51,1625449482.0,64.0
-9.29,1625449482.0,64.0
-10.92,1625449482.0,64.0
-12.48,1625449482.0,64.0
-14.11,1625449482.0,64.0
-15.9,1625449482.0,64.0
-18.02,1625449482.0,64.0
-20.64,1625449482.0,64.0
-23.94,1625449482.0,64.0
-27.94,1625449482.0,64.0
-32.38,1625449482.0,64.0
-36.66,1625449482.0,64.0
-39.92,1625449482.0,64.0
-41.3,1625449482.0,64.0
-40.22,1625449482.0,64.0
-36.6,1625449482.0,64.0
-30.88,1625449482.0,64.0
-23.81,1625449482.0,64.0
-16.18,1625449482.0,64.0
-8.58,1625449482.0,64.0
-1.33,1625449482.0,64.0
5.42,1625449482.0,64.0
11.53,1625449482.0,64.0
16.74,1625449482.0,64.0
20.75,1625449482.0,64.0
23.33,1625449482.0,64.0
24.58,1625449482.0,64.0
24.91,1625449482.0,64.0
24.95,1625449482.0,64.0
25.29,1625449482.0,64.0
26.24,1625449482.0,64.0
27.6,1625449482.0,64.0
28.89,1625449482.0,64.0
29.47,1625449482.0,64.0
28.95,1625449482.0,64.0
27.29,1625449482.0,64.0
24.78,1625449482.0,64.0
21.87,1625449482.0,64.0
18.93,1625449482.0,64.0
16.15,1625449482.0,64.0
13.49,1625449482.0,64.0
10.81,1625449482.0,64.0
8.07,1625449482.0,64.0
5.32,1625449482.0,64.0
2.78,1625449482.0,64.0
0.62,1625449482.0,64.0
-1.09,1625449482.0,64.0
-2.49,1625449482.0,64.0
-3.85,1625449482.0,64.0
-5.47,1625449482.0,64.0
-7.5,1625449482.0,64.0
-9.97,1625449482.0,64.0
-12.71,1625449482.0,64.0
-15.54,1625449482.0,64.0
-18.33,1625449482.0,64.0
-21.07,1625449482.0,64.0
-23.83,1625449482.0,64.0
-26.56,1625449482.0,64.0
-29.04,1625449482.0,64.0
-30.78,1625449482.0,64.0
-31.18,1625449482.0,64.0
-29.69,1625449482.0,64.0
-26.11,1625449482.0,64.0
-20.65,1625449482.0,64.0
-13.88,1625449482.0,64.0
-6.53,1625449482.0,64.0
0.82,1625449482.0,64.0
7.78,1625449482.0,64.0
14.25,1625449482.0,64.0
20.07,1625449482.0,64.0
24.99,1625449482.0,64.0
28.68,1625449482.0,64.0
30.82,1625449482.0,64.0
31.39,1625449482.0,64.0
30.78,1625449482.0,64.0
29.68,1625449482.0,64.0
28.76,1625449482.0,64.0
28.44,1625449482.0,64.0
28.63,1625449482.0,64.0
28.87,1625449482.0,64.0
28.63,1625449482.0,64.0
27.59,1625449482.0,64.0
25.77,1625449482.0,64.0
23.44,1625449482.0,64.0
20.93,1625449482.0,64.0
18.41,1625449482.0,64.0
15.85,1625449482.0,64.0
13.11,1625449482.0,64.0
10.08,1625449482.0,64.0
6.78,1625449482.0,64.0
3.35,1625449482.0,64.0
-0.0,1625449482.0,64.0
-3.11,1625449482.0,64.0
-5.9,1625449482.0,64.0
-8.48,1625449482.0,64.0
-10.99,1625449482.0,64.0
-13.61,1625449482.0,64.0
-16.4,1625449482.0,64.0
-19.37,1625449482.0,64.0
-22.48,1625449482.0,64.0
-25.78,1625449482.0,64.0
-29.36,1625449482.0,64.0
-33.34,1625449482.0,64.0
-37.6,1625449482.0,64.0
-41.68,1625449482.0,64.0
-44.86,1625449482.0,64.0
-46.27,1625449482.0,64.0
-45.3,1625449482.0,64.0
-41.81,1625449482.0,64.0
-36.18,1625449482.0,64.0
-29.15,1625449482.0,64.0
-21.48,1625449482.0,64.0
-13.65,1625449482.0,64.0
-5.83,1625449482.0,64.0
1.98,1625449482.0,64.0
9.71,1625449482.0,64.0
17.04,1625449482.0,64.0
23.4,1625449482.0,64.0
28.19,1625449482.0,64.0
31.05,1625449482.0,64.0
32.05,1625449482.0,64.0
31.74,1625449482.0,64.0
30.93,1625449482.0,64.0
30.34,1625449482.0,64.0
30.32,1625449482.0,64.0
30.75,1625449482.0,64.0
31.2,1625449482.0,64.0
31.12,1625449482.0,64.0
30.2,1625449482.0,64.0
28.39,1625449482.0,64.0
25.95,1625449482.0,64.0
23.16,1625449482.0,64.0
20.26,1625449482.0,64.0
17.27,1625449482.0,64.0
14.08,1625449482.0,64.0
10.64,1625449482.0,64.0
6.99,1625449482.0,64.0
3.34,1625449482.0,64.0
-0.05,1625449482.0,64.0
-2.97,1625449482.0,64.0
-5.44,1625449482.0,64.0
-7.62,1625449482.0,64.0
-9.81,1625449482.0,64.0
-12.23,1625449482.0,64.0
-14.95,1625449482.0,64.0
-17.84,1625449482.0,64.0
-20.66,1625449482.0,64.0
-23.3,1625449482.0,64.0
-25.78,1625449482.0,64.0
-28.33,1625449482.0,64.0
-31.19,1625449482.0,64.0
-34.42,1625449482.0,64.0
-37.72,1625449482.0,64.0
-40.42,1625449482.0,64.0
-41.74,1625449482.0,64.0
-40.96,1625449482.0,64.0
-37.81,1625449482.0,64.0
-32.43,1625449482.0,64.0
-25.38,1625449482.0,64.0
-17.3,1625449482.0,64.0
-8.8,1625449482.0,64.0
-0.3,1625449482.0,64.0
7.9,1625449482.0,64.0
15.48,1625449482.0,64.0
22.07,1625449482.0,64.0
27.28,1625449482.0,64.0
30.81,1625449482.0,64.0
32.59,1625449482.0,64.0
32.92,1625449482.0,64.0
32.35,1625449482.0,64.0
31.49,1625449482.0,64.0
30.85,1625449482.0,64.0
30.58,1625449482.0,64.0
30.53,1625449482.0,64.0
30.32,1625449482.0,64.0
29.55,1625449482.0,64.0
27.93,1625449482.0,64.0
25.5,1625449482.0,64.0
22.51,1625449482.0,64.0
19.3,1625449482.0,64.0
16.2,1625449482.0,64.0
13.33,1625449482.0,64.0
10.67,1625449482.0,64.0
8.11,1625449482.0,64.0
5.55,1625449482.0,64.0
3.01,1625449482.0,64.0
0.57,1625449482.0,64.0
-1.6,1625449482.0,64.0
-3.53,1625449482.0,64.0
-5.32,1625449482.0,64.0
-7.24,1625449482.0,64.0
-9.53,1625449482.0,64.0
-12.29,1625449482.0,64.0
-15.41,1625449482.0,64.0
-18.62,1625449482.0,64.0
-21.67,1625449482.0,64.0
-24.41,1625449482.0,64.0
-26.96,1625449482.0,64.0
-29.62,1625449482.0,64.0
-32.62,1625449482.0,64.0
-35.92,1625449482.0,64.0
-39.05,1625449482.0,64.0
-41.21,1625449482.0,64.0
-41.56,1625449482.0,64.0
-39.58,1625449482.0,64.0
-35.18,1625449482.0,64.0
-28.78,1625449482.0,64.0
-20.99,1625449482.0,64.0
-12.41,1625449482.0,64.0
-3.46,1625449482.0,64.0
5.61,1625449482.0,64.0
14.48,1625449482.0,64.0
22.63,1625449482.0,64.0
29.43,1625449482.0,64.0
34.33,1625449482.0,64.0
37.15,1625449482.0,64.0
38.14,1625449482.0,64.0
37.89,1625449482.0,64.0
36.95,1625449482.0,64.0
35.7,1625449482.0,64.0
34.24,1625449482.0,64.0
32.55,1625449482.0,64.0
30.63,1625449482.0,64.0
28.55,1625449482.0,64.0
26.39,1625449482.0,64.0
24.11,1625449482.0,64.0
21.51,1625449482.0,64.0
18.37,1625449482.0,64.0
14.72,1625449482.0,64.0
10.86,1625449482.0,64.0
7.32,1625449482.0,64.0
4.51,1625449482.0,64.0
2.47,1625449482.0,64.0
0.85,1625449482.0,64.0
-0.85,1625449482.0,64.0
-2.98,1625449482.0,64.0
-5.48,1625449482.0,64.0
-8.0,1625449482.0,64.0
-10.18,1625449482.0,64.0
-11.88,1625449482.0,64.0
-13.32,1625449482.0,64.0
-14.86,1625449482.0,64.0
-16.76,1625449482.0,64.0
-18.99,1625449482.0,64.0
-21.28,1625449482.0,64.0
-23.33,1625449482.0,64.0
-25.03,1625449482.0,64.0
-26.59,1625449482.0,64.0
-28.38,1625449482.0,64.0
-30.67,1625449482.0,64.0
-33.35,1625449482.0,64.0
-35.95,1625449482.0,64.0
-37.69,1625449482.0,64.0
-37.8,1625449482.0,64.0
-35.82,1625449482.0,64.0
-31.71,1625449482.0,64.0
-25.83,1625449482.0,64.0
-18.79,1625449482.0,64.0
-11.19,1625449482.0,64.0
-3.47,1625449482.0,64.0
4.15,1625449482.0,64.0
11.53,1625449482.0,64.0
18.48,1625449482.0,64.0
24.65,1625449482.0,64.0
29.55,1625449482.0,64.0
32.76,1625449482.0,64.0
34.1,1625449482.0,64.0
33.78,1625449482.0,64.0
32.34,1625449482.0,64.0
30.49,1625449482.0,64.0
28.86,1625449482.0,64.0
27.81,1625449482.0,64.0
27.3,1625449482.0,64.0
26.98,1625449482.0,64.0
26.37,1625449482.0,64.0
25.09,1625449482.0,64.0
23.03,1625449482.0,64.0
20.36,1625449482.0,64.0
17.44,1625449482.0,64.0
14.6,1625449482.0,64.0
12.01,1625449482.0,64.0
9.59,1625449482.0,64.0
7.2,1625449482.0,64.0
4.73,1625449482.0,64.0
2.23,1625449482.0,64.0
-0.08,1625449482.0,64.0
-1.99,1625449482.0,64.0
-3.44,1625449482.0,64.0
-4.62,1625449482.0,64.0
-5.87,1625449482.0,64.0
-7.51,1625449482.0,64.0
-9.67,1625449482.0,64.0
-12.26,1625449482.0,64.0
-15.01,1625449482.0,64.0
-17.65,1625449482.0,64.0
-20.04,1625449482.0,64.0
-22.27,1625449482.0,64.0
-24.53,1625449482.0,64.0
-27.1,1625449482.0,64.0
-30.13,1625449482.0,64.0
-33.55,1625449482.0,64.0
-36.97,1625449482.0,64.0
-39.79,1625449482.0,64.0
-41.31,1625449482.0,64.0
-40.93,1625449482.0,64.0
-38.38,1625449482.0,64.0
-33.78,1625449482.0,64.0
-27.62,1625449482.0,64.0
-20.57,1625449482.0,64.0
-13.3,1625449482.0,64.0
-6.27,1625449482.0,64.0
0.28,1625449482.0,64.0
6.25,1625449482.0,64.0
11.56,1625449482.0,64.0
16.07,1625449482.0,64.0
19.57,1625449482.0,64.0
21.9,1625449482.0,64.0
23.03,1625449482.0,64.0
23.22,1625449482.0,64.0
22.9,1625449482.0,64.0
22.55,1625449482.0,64.0
22.47,1625449482.0,64.0
22.73,1625449482.0,64.0
23.13,1625449482.0,64.0
23.31,1625449482.0,64.0
23.02,1625449482.0,64.0
22.24,1625449482.0,64.0
21.09,1625449482.0,64.0
19.85,1625449482.0,64.0
18.71,1625449482.0,64.0
17.72,1625449482.0,64.0
16.8,1625449482.0,64.0
15.84,1625449482.0,64.0
14.71,1625449482.0,64.0
13.35,1625449482.0,64.0
11.76,1625449482.0,64.0
10.01,1625449482.0,64.0
8.16,1625449482.0,64.0
6.26,1625449482.0,64.0
4.26,1625449482.0,64.0
2.03,1625449482.0,64.0
-0.58,1625449482.0,64.0
-3.65,1625449482.0,64.0
-7.07,1625449482.0,64.0
-10.58,1625449482.0,64.0
-13.9,1625449482.0,64.0
-16.87,1625449482.0,64.0
-19.61,1625449482.0,64.0
-22.38,1625449482.0,64.0
-25.36,1625449482.0,64.0
-28.4,1625449482.0,64.0
-30.99,1625449482.0,64.0
-32.47,1625449482.0,64.0
-32.38,1625449482.0,64.0
-30.6,1625449482.0,64.0
-27.43,1625449482.0,64.0
-23.32,1625449482.0,64.0
-18.67,1625449482.0,64.0
-13.69,1625449482.0,64.0
-8.47,1625449482.0,64.0
-3.15,1625449482.0,64.0
2.03,1625449482.0,64.0
6.75,1625449482.0,64.0
10.71,1625449482.0,64.0
13.76,1625449482.0,64.0
15.89,1625449482.0,64.0
17.19,1625449482.0,64.0
17.83,1625449482.0,64.0
18.01,1625449482.0,64.0
18.06,1625449482.0,64.0
18.35,1625449482.0,64.0
19.19,1625449482.0,64.0
20.62,1625449482.0,64.0
22.36,1625449482.0,64.0
23.88,1625449482.0,64.0
24.61,1625449482.0,64.0
24.29,1625449482.0,64.0
22.96,1625449482.0,64.0
20.96,1625449482.0,64.0
18.67,1625449482.0,64.0
16.32,1625449482.0,64.0
13.89,1625449482.0,64.0
11.22,1625449482.0,64.0
8.23,1625449482.0,64.0
4.99,1625449482.0,64.0
1.72,1625449482.0,64.0
-1.41,1625449482.0,64.0
-4.3,1625449482.0,64.0
-7.05,1625449482.0,64.0
-9.78,1625449482.0,64.0
-12.53,1625449482.0,64.0
-15.24,1625449482.0,64.0
-17.7,1625449482.0,64.0
-19.77,1625449482.0,64.0
-21.52,1625449482.0,64.0
-23.23,1625449482.0,64.0
-25.31,1625449482.0,64.0
-28.16,1625449482.0,64.0
-31.89,1625449482.0,64.0
-36.26,1625449482.0,64.0
-40.67,1625449482.0,64.0
-44.29,1625449482.0,64.0
-46.32,1625449482.0,64.0
-46.22,1625449482.0,64.0
-43.87,1625449482.0,64.0
-39.52,1625449482.0,64.0
-33.7,1625449482.0,64.0
-27.03,1625449482.0,64.0
-20.0,1625449482.0,64.0
-12.91,1625449482.0,64.0
-5.85,1625449482.0,64.0
1.12,1625449482.0,64.0
7.88,1625449482.0,64.0
14.13,1625449482.0,64.0
19.48,1625449482.0,64.0
23.52,1625449482.0,64.0
26.06,1625449482.0,64.0
27.24,1625449482.0,64.0
27.51,1625449482.0,64.0
27.46,1625449482.0,64.0
27.55,1625449482.0,64.0
27.91,1625449482.0,64.0
28.32,1625449482.0,64.0
28.35,1625449482.0,64.0
27.6,1625449482.0,64.0
25.92,1625449482.0,64.0
23.46,1625449482.0,64.0
20.59,1625449482.0,64.0
17.63,1625449482.0,64.0
14.75,1625449482.0,64.0
11.87,1625449482.0,64.0
8.86,1625449482.0,64.0
5.68,1625449482.0,64.0
2.46,1625449482.0,64.0
-0.51,1625449482.0,64.0
-2.94,1625449482.0,64.0
-4.72,1625449482.0,64.0
-5.96,1625449482.0,64.0
-6.9,1625449482.0,64.0
-7.8,1625449482.0,64.0
-8.79,1625449482.0,64.0
-9.84,1625449482.0,64.0
-10.96,1625449482.0,64.0
-12.2,1625449482.0,64.0
-13.77,1625449482.0,64.0
-15.91,1625449482.0,64.0
-18.83,1625449482.0,64.0
-22.46,1625449482.0,64.0
-26.5,1625449482.0,64.0
-30.43,1625449482.0,64.0
-33.73,1625449482.0,64.0
-35.98,1625449482.0,64.0
-36.91,1625449482.0,64.0
-36.38,1625449482.0,64.0
-34.32,1625449482.0,64.0
-30.72,1625449482.0,64.0
-25.62,1625449482.0,64.0
-19.31,1625449482.0,64.0
-12.33,1625449482.0,64.0
-5.29,1625449482.0,64.0
1.21,1625449482.0,64.0
6.89,1625449482.0,64.0
11.82,1625449482.0,64.0
16.17,1625449482.0,64.0
20.07,1625449482.0,64.0
23.32,1625449482.0,64.0
25.44,1625449482.0,64.0
25.99,1625449482.0,64.0
24.91,1625449482.0,64.0
22.75,1625449482.0,64.0
20.48,1625449482.0,64.0
19.11,1625449482.0,64.0
19.11,1625449482.0,64.0
20.29,1625449482.0,64.0
21.86,1625449482.0,64.0
22.95,1625449482.0,64.0
23.04,1625449482.0,64.0
22.2,1625449482.0,64.0
20.85,1625449482.0,64.0
19.35,1625449482.0,64.0
17.77,1625449482.0,64.0
15.78,1625449482.0,64.0
12.99,1625449482.0,64.0
9.29,1625449482.0,64.0
5.11,1625449482.0,64.0
1.18,1625449482.0,64.0
-1.77,1625449482.0,64.0
-3.52,1625449482.0,64.0
-4.38,1625449482.0,64.0
-5.05,1625449482.0,64.0
-6.24,1625449482.0,64.0
-8.21,1625449482.0,64.0
-10.72,1625449482.0,64.0
-13.27,1625449482.0,64.0
-15.38,1625449482.0,64.0
-16.88,1625449482.0,64.0
-18.03,1625449482.0,64.0
-19.29,1625449482.0,64.0
-21.09,1625449482.0,64.0
-23.67,1625449482.0,64.0
-26.99,1625449482.0,64.0
-30.77,1625449482.0,64.0
-34.55,1625449482.0,64.0
-37.79,1625449482.0,64.0
-39.84,1625449482.0,64.0
-40.12,1625449482.0,64.0
-38.27,1625449482.0,64.0
-34.29,1625449482.0,64.0
-28.62,1625449482.0,64.0
-21.94,1625449482.0,64.0
-14.87,1625449482.0,64.0
-7.79,1625449482.0,64.0
-0.77,1625449482.0,64.0
6.22,1625449482.0,64.0
13.08,1625449482.0,64.0
19.39,1625449482.0,64.0
24.54,1625449482.0,64.0
27.99,1625449482.0,64.0
29.64,1625449482.0,64.0
29.93,1625449482.0,64.0
29.7,1625449482.0,64.0
29.77,1625449482.0,64.0
30.58,1625449482.0,64.0
32.0,1625449482.0,64.0
33.43,1625449482.0,64.0
34.17,1625449482.0,64.0
33.77,1625449482.0,64.0
32.22,1625449482.0,64.0
29.82,1625449482.0,64.0
27.02,1625449482.0,64.0
24.09,1625449482.0,64.0
21.08,1625449482.0,64.0
17.9,1625449482.0,64.0
14.52,1625449482.0,64.0
11.09,1625449482.0,64.0
7.91,1625449482.0,64.0
5.23,1625449482.0,64.0
3.14,1625449482.0,64.0
1.4,1625449482.0,64.0
-0.33,1625449482.0,64.0
-2.35,1625449482.0,64.0
-4.68,1625449482.0,64.0
-7.15,1625449482.0,64.0
-9.47,1625449482.0,64.0
-11.49,1625449482.0,64.0
-13.29,1625449482.0,64.0
-15.12,1625449482.0,64.0
-17.32,1625449482.0,64.0
-20.13,1625449482.0,64.0
-23.57,1625449482.0,64.0
-27.57,1625449482.0,64.0
-31.9,1625449482.0,64.0
-36.24,1625449482.0,64.0
-40.16,1625449482.0,64.0
-43.08,1625449482.0,64.0
-44.34,1625449482.0,64.0
-43.46,1625449482.0,64.0
-40.26,1625449482.0,64.0
-35.0,1625449482.0,64.0
-28.31,1625449482.0,64.0
-20.91,1625449482.0,64.0
-13.42,1625449482.0,64.0
-6.12,1625449482.0,64.0
0.89,1625449482.0,64.0
7.61,1625449482.0,64.0
13.83,1625449482.0,64.0
19.19,1625449482.0,64.0
23.25,1625449482.0,64.0
25.78,1625449482.0,64.0
26.92,1625449482.0,64.0
27.17,1625449482.0,64.0
27.12,1625449482.0,64.0
27.16,1625449482.0,64.0
27.39,1625449482.0,64.0
27.59,1625449482.0,64.0
27.47,1625449482.0,64.0
26.92,1625449482.0,64.0
26.03,1625449482.0,64.0
25.07,1625449482.0,64.0
24.19,1625449482.0,64.0
23.29,1625449482.0,64.0
21.99,1625449482.0,64.0
19.94,1625449482.0,64.0
17.04,1625449482.0,64.0
13.58,1625449482.0,64.0
10.11,1625449482.0,64.0
7.1,1625449482.0,64.0
4.68,1625449482.0,64.0
2.64,1625449482.0,64.0
0.56,1625449482.0,64.0
-1.84,1625449482.0,64.0
-4.51,1625449482.0,64.0
-7.15,1625449482.0,64.0
-9.44,1625449482.0,64.0
-11.31,1625449482.0,64.0
-13.07,1625449482.0,64.0
-15.22,1625449482.0,64.0
-18.18,1625449482.0,64.0
-22.06,1625449482.0,64.0
-26.52,1625449482.0,64.0
-30.96,1625449482.0,64.0
-34.7,1625449482.0,64.0
-37.2,1625449482.0,64.0
-38.08,1625449482.0,64.0
-37.18,1625449482.0,64.0
-34.48,1625449482.0,64.0
-30.12,1625449482.0,64.0
-24.47,1625449482.0,64.0
-18.01,1625449482.0,64.0
-11.27,1625449482.0,64.0
-4.66,1625449482.0,64.0
1.58,1625449482.0,64.0
7.43,1625449482.0,64.0
12.87,1625449482.0,64.0
17.79,1625449482.0,64.0
21.93,1625449482.0,64.0
24.94,1625449482.0,64.0
26.65,1625449482.0,64.0
27.21,1625449482.0,64.0
27.1,1625449482.0,64.0
26.89,1625449482.0,64.0
27.03,1625449482.0,64.0
27.58,1625449482.0,64.0
28.27,1625449482.0,64.0
28.64,1625449482.0,64.0
28.27,1625449482.0,64.0
27.01,1625449482.0,64.0
25.0,1625449482.0,64.0
22.52,1625449482.0,64.0
19.89,1625449482.0,64.0
17.32,1625449482.0,64.0
14.83,1625449482.0,64.0
12.34,1625449482.0,64.0
9.73,1625449482.0,64.0
6.93,1625449482.0,64.0
3.98,1625449482.0,64.0
1.01,1625449482.0,64.0
-1.79,1625449482.0,64.0
-4.28,1625449482.0,64.0
-6.49,1625449482.0,64.0
-8.6,1625449482.0,64.0
-10.84,1625449482.0,64.0
-13.4,1625449482.0,64.0
-16.36,1625449482.0,64.0
-19.66,1625449482.0,64.0
-23.21,1625449482.0,64.0
-26.95,1625449482.0,64.0
-30.9,1625449482.0,64.0
-35.09,1625449482.0,64.0
-39.31,1625449482.0,64.0
-43.08,1625449482.0,64.0
-45.67,1625449482.0,64.0
-46.32,1625449482.0,64.0
-44.54,1625449482.0,64.0
-40.37,1625449482.0,64.0
-34.28,1625449482.0,64.0
-27.04,1625449482.0,64.0
-19.37,1625449482.0,64.0
-11.73,1625449482.0,64.0
-4.23,1625449482.0,64.0
3.1,1625449482.0,64.0
10.18,1625449482.0,64.0
16.67,1625449482.0,64.0
22.04,1625449482.0,64.0
25.91,1625449482.0,64.0
28.16,1625449482.0,64.0
29.08,1625449482.0,64.0
29.25,1625449482.0,64.0
29.32,1625449482.0,64.0
29.7,1625449482.0,64.0
30.49,1625449482.0,64.0
31.43,1625449482.0,64.0
32.07,1625449482.0,64.0
32.03,1625449482.0,64.0
31.12,1625449482.0,64.0
29.39,1625449482.0,64.0
27.14,1625449482.0,64.0
24.7,1625449482.0,64.0
22.33,1625449482.0,64.0
20.13,1625449482.0,64.0
17.99,1625449482.0,64.0
15.69,1625449482.0,64.0
13.05,1625449482.0,64.0
10.04,1625449482.0,64.0
6.81,1625449482.0,64.0
3.62,1625449482.0,64.0
0.68,1625449482.0,64.0
-1.96,1625449482.0,64.0
-4.4,1625449482.0,64.0
-6.88,1625449482.0,64.0
-9.7,1625449482.0,64.0
-12.99,1625449482.0,64.0
-16.77,1625449482.0,64.0
-20.86,1625449482.0,64.0
-25.04,1625449482.0,64.0
-29.16,1625449482.0,64.0
-33.12,1625449482.0,64.0
-36.86,1625449482.0,64.0
-40.2,1625449482.0,64.0
-42.77,1625449482.0,64.0
-44.05,1625449482.0,64.0
-43.49,1625449482.0,64.0
-40.79,1625449482.0,64.0
-35.99,1625449482.0,64.0
-29.52,1625449482.0,64.0
-21.91,1625449482.0,64.0
-13.58,1625449482.0,64.0
-4.72,1625449482.0,64.0
4.57,1625449482.0,64.0
14.02,1625449482.0,64.0
22.97,1625449482.0,64.0
30.45,1625449482.0,64.0
35.48,1625449482.0,64.0
37.58,1625449482.0,64.0
37.05,1625449482.0,64.0
35.02,1625449482.0,64.0
32.89,1625449482.0,64.0
31.72,1625449482.0,64.0
31.75,1625449482.0,64.0
32.35,1625449482.0,64.0
32.5,1625449482.0,64.0
31.4,1625449482.0,64.0
28.95,1625449482.0,64.0
25.7,1625449482.0,64.0
22.35,1625449482.0,64.0
19.35,1625449482.0,64.0
16.54,1625449482.0,64.0
13.42,1625449482.0,64.0
9.58,1625449482.0,64.0
5.09,1625449482.0,64.0
0.56,1625449482.0,64.0
-3.16,1625449482.0,64.0
-5.51,1625449482.0,64.0
-6.52,1625449482.0,64.0
-6.77,1625449482.0,64.0
-7.0,1625449482.0,64.0
-7.83,1625449482.0,64.0
-9.47,1625449482.0,64.0
-11.84,1625449482.0,64.0
-14.65,1625449482.0,64.0
-17.64,1625449482.0,64.0
-20.66,1625449482.0,64.0
-23.66,1625449482.0,64.0
-26.69,1625449482.0,64.0
-29.79,1625449482.0,64.0
-33.01,1625449482.0,64.0
-36.19,1625449482.0,64.0
-39.01,1625449482.0,64.0
-40.88,1625449482.0,64.0
-41.16,1625449482.0,64.0
-39.39,1625449482.0,64.0
-35.48,1625449482.0,64.0
-29.82,1625449482.0,64.0
-23.11,1625449482.0,64.0
-16.1,1625449482.0,64.0
-9.21,1625449482.0,64.0
-2.51,1625449482.0,64.0
4.23,1625449482.0,64.0
11.13,1625449482.0,64.0
18.03,1625449482.0,64.0
24.36,1625449482.0,64.0
29.35,1625449482.0,64.0
32.45,1625449482.0,64.0
33.52,1625449482.0,64.0
33.01,1625449482.0,64.0
31.7,1625449482.0,64.0
30.46,1625449482.0,64.0
29.81,1625449482.0,64.0
29.83,1625449482.0,64.0
30.17,1625449482.0,64.0
30.27,1625449482.0,64.0
29.73,1625449482.0,64.0
28.39,1625449482.0,64.0
26.36,1625449482.0,64.0
23.88,1625449482.0,64.0
21.09,1625449482.0,64.0
18.01,1625449482.0,64.0
14.54,1625449482.0,64.0
10.67,1625449482.0,64.0
6.55,1625449482.0,64.0
2.56,1625449482.0,64.0
-0.9,1625449482.0,64.0
-3.57,1625449482.0,64.0
-5.52,1625449482.0,64.0
-7.05,1625449482.0,64.0
-8.51,1625449482.0,64.0
-10.18,1625449482.0,64.0
-12.09,1625449482.0,64.0
-14.15,1625449482.0,64.0
-16.2,1625449482.0,64.0
-18.22,1625449482.0,64.0
-20.3,1625449482.0,64.0
-22.62,1625449482.0,64.0
-25.32,1625449482.0,64.0
-28.41,1625449482.0,64.0
-31.73,1625449482.0,64.0
-34.92,1625449482.0,64.0
-37.48,1625449482.0,64.0
-38.79,1625449482.0,64.0
-38.32,1625449482.0,64.0
-35.76,1625449482.0,64.0
-31.18,1625449482.0,64.0
-25.04,1625449482.0,64.0
-18.02,1625449482.0,64.0
-10.79,1625449482.0,64.0
-3.78,1625449482.0,64.0
2.83,1625449482.0,64.0
9.02,1625449482.0,64.0
14.7,1625449482.0,64.0
19.61,1625449482.0,64.0
23.38,1625449482.0,64.0
25.71,1625449482.0,64.0
26.57,1625449482.0,64.0
26.29,1625449482.0,64.0
25.43,1625449482.0,64.0
24.54,1625449482.0,64.0
23.99,1625449482.0,64.0
23.81,1625449482.0,64.0
23.8,1625449482.0,64.0
23.67,1625449482.0,64.0
23.18,1625449482.0,64.0
22.22,1625449482.0,64.0
20.77,1625449482.0,64.0
18.92,1625449482.0,64.0
16.75,1625449482.0,64.0
14.38,1625449482.0,64.0
12.01,1625449482.0,64.0
9.84,1625449482.0,64.0
8.04,1625449482.0,64.0
6.62,1625449482.0,64.0
5.43,1625449482.0,64.0
4.19,1625449482.0,64.0
2.61,1625449482.0,64.0
0.54,1625449482.0,64.0
-1.98,1625449482.0,64.0
-4.82,1625449482.0,64.0
-7.81,1625449482.0,64.0
-10.74,1625449482.0,64.0
-13.39,1625449482.0,64.0
-15.54,1625449482.0,64.0
-17.05,1625449482.0,64.0
-18.02,1625449482.0,64.0
-18.92,1625449482.0,64.0
-20.46,1625449482.0,64.0
-23.31,1625449482.0,64.0
-27.59,1625449482.0,64.0
-32.56,1625449482.0,64.0
-36.8,1625449482.0,64.0
-38.74,1625449482.0,64.0
-37.47,1625449482.0,64.0
-33.16,1625449482.0,64.0
-26.97,1625449482.0,64.0
-20.33,1625449482.0,64.0
-14.18,1625449482.0,64.0
-8.59,1625449482.0,64.0
-3.04,1625449482.0,64.0
2.93,1625449482.0,64.0
9.07,1625449482.0,64.0
14.4,1625449482.0,64.0
17.8,1625449482.0,64.0
18.74,1625449482.0,64.0
17.78,1625449482.0,64.0
16.31,1625449482.0,64.0
15.83,1625449482.0,64.0
17.05,1625449482.0,64.0
19.65,1625449482.0,64.0
22.55,1625449482.0,64.0
24.63,1625449482.0,64.0
25.27,1625449482.0,64.0
24.54,1625449482.0,64.0
22.93,1625449482.0,64.0
20.9,1625449482.0,64.0
18.59,1625449482.0,64.0
15.94,1625449482.0,64.0
12.89,1625449482.0,64.0
9.62,1625449482.0,64.0
6.53,1625449482.0,64.0
4.06,1625449482.0,64.0
2.38,1625449482.0,64.0
1.39,1625449482.0,64.0
0.76,1625449482.0,64.0
0.12,1625449482.0,64.0
-0.74,1625449482.0,64.0
-1.87,1625449482.0,64.0
-3.2,1625449482.0,64.0
-4.71,1625449482.0,64.0
-6.37,1625449482.0,64.0
-8.25,1625449482.0,64.0
-10.42,1625449482.0,64.0
-12.93,1625449482.0,64.0
-15.87,1625449482.0,64.0
-19.29,1625449482.0,64.0
-23.12,1625449482.0,64.0
-27.11,1625449482.0,64.0
-30.74,1625449482.0,64.0
-33.28,1625449482.0,64.0
-33.97,1625449482.0,64.0
-32.35,1625449482.0,64.0
-28.38,1625449482.0,64.0
-22.56,1625449482.0,64.0
-15.7,1625449482.0,64.0
-8.58,1625449482.0,64.0
-1.73,1625449482.0,64.0
4.66,1625449482.0,64.0
10.6,1625449482.0,64.0
16.04,1625449482.0,64.0
20.7,1625449482.0,64.0
24.14,1625449482.0,64.0
25.96,1625449482.0,64.0
26.09,1625449482.0,64.0
24.95,1625449482.0,64.0
23.3,1625449482.0,64.0
22.01,1625449482.0,64.0
21.56,1625449482.0,64.0
21.96,1625449482.0,64.0
22.73,1625449482.0,64.0
23.16,1625449482.0,64.0
22.76,1625449482.0,64.0
21.36,1625449482.0,64.0
19.26,1625449482.0,64.0
16.94,1625449482.0,64.0
14.81,1625449482.0,64.0
12.99,1625449482.0,64.0
11.33,1625449482.0,64.0
9.5,1625449482.0,64.0
7.24,1625449482.0,64.0
4.51,1625449482.0,64.0
1.53,1625449482.0,64.0
-1.37,1625449482.0,64.0
-3.96,1625449482.0,64.0
-6.2,1625449482.0,64.0
-8.27,1625449482.0,64.0
-10.45,1625449482.0,64.0
-12.93,1625449482.0,64.0
-15.74,1625449482.0,64.0
-18.81,1625449482.0,64.0
-22.11,1625449482.0,64.0
-25.65,1625449482.0,64.0
-29.5,1625449482.0,64.0
-33.6,1625449482.0,64.0
-37.59,1625449482.0,64.0
-40.81,1625449482.0,64.0
-42.48,1625449482.0,64.0
-42.0,1625449482.0,64.0
-39.13,1625449482.0,64.0
-34.15,1625449482.0,64.0
-27.67,1625449482.0,64.0
-20.4,1625449482.0,64.0
-12.87,1625449482.0,64.0
-5.3,1625449482.0,64.0
2.2,1625449482.0,64.0
9.56,1625449482.0,64.0
16.48,1625449482.0,64.0
22.45,1625449482.0,64.0
26.93,1625449482.0,64.0
29.57,1625449482.0,64.0
30.43,1625449482.0,64.0
30.0,1625449482.0,64.0
29.08,1625449482.0,64.0
28.36,1625449482.0,64.0
28.22,1625449482.0,64.0
28.56,1625449482.0,64.0
28.94,1625449482.0,64.0
28.78,1625449482.0,64.0
27.7,1625449482.0,64.0
25.59,1625449482.0,64.0
22.61,1625449482.0,64.0
19.04,1625449482.0,64.0
15.11,1625449482.0,64.0
10.96,1625449482.0,64.0
6.71,1625449482.0,64.0
2.62,1625449482.0,64.0
-0.94,1625449482.0,64.0
-3.56,1625449482.0,64.0
-5.03,1625449482.0,64.0
-5.5,1625449482.0,64.0
-5.61,1625449482.0,64.0
-6.23,1625449482.0,64.0
-8.12,1625449482.0,64.0
-11.57,1625449482.0,64.0
-16.24,1625449482.0,64.0
-21.34,1625449482.0,64.0
-26.03,1625449482.0,64.0
-29.88,1625449482.0,64.0
-33.07,1625449482.0,64.0
-36.16,1625449482.0,64.0
-39.61,1625449482.0,64.0
-43.34,1625449482.0,64.0
-46.69,1625449482.0,64.0
-48.65,1625449482.0,64.0
-48.36,1625449482.0,64.0
-45.55,1625449482.0,64.0
-40.59,1625449482.0,64.0
-34.25,1625449482.0,64.0
-27.31,1625449482.0,64.0
-20.27,1625449482.0,64.0
-13.34,1625449482.0,64.0
-6.55,1625449482.0,64.0
0.08,1625449482.0,64.0
6.47,1625449482.0,64.0
12.48,1625449482.0,64.0
17.86,1625449482.0,64.0
22.3,1625449482.0,64.0
25.47,1625449482.0,64.0
27.24,1625449482.0,64.0
27.77,1625449482.0,64.0
27.67,1625449482.0,64.0
27.67,1625449482.0,64.0
28.27,1625449482.0,64.0
29.42,1625449482.0,64.0
30.43,1625449482.0,64.0
30.35,1625449482.0,64.0
28.59,1625449482.0,64.0
25.27,1625449482.0,64.0
21.18,1625449482.0,64.0
17.36,1625449482.0,64.0
14.53,1625449482.0,64.0
12.69,1625449482.0,64.0
11.28,1625449482.0,64.0
9.61,1625449482.0,64.0
7.32,1625449482.0,64.0
4.57,1625449482.0,64.0
1.83,1625449482.0,64.0
-0.43,1625449482.0,64.0
-2.07,1625449482.0,64.0
-3.36,1625449482.0,64.0
-4.78,1625449482.0,64.0
-6.78,1625449482.0,64.0
-9.52,1625449482.0,64.0
-12.92,1625449482.0,64.0
-16.72,1625449482.0,64.0
-20.67,1625449482.0,64.0
-24.65,1625449482.0,64.0
-28.68,1625449482.0,64.0
-32.75,1625449482.0,64.0
-36.73,1625449482.0,64.0
-40.25,1625449482.0,64.0
-42.68,1625449482.0,64.0
-43.33,1625449482.0,64.0
-41.68,1625449482.0,64.0
-37.63,1625449482.0,64.0
-31.51,1625449482.0,64.0
-23.99,1625449482.0,64.0
-15.82,1625449482.0,64.0
-7.59,1625449482.0,64.0
0.37,1625449482.0,64.0
7.97,1625449482.0,64.0
15.07,1625449482.0,64.0
21.42,1625449482.0,64.0
26.62,1625449482.0,64.0
30.29,1625449482.0,64.0
32.32,1625449482.0,64.0
32.98,1625449482.0,64.0
32.81,1625449482.0,64.0
32.42,1625449482.0,64.0
32.21,1625449482.0,64.0
32.23,1625449482.0,64.0
32.23,1625449482.0,64.0
31.8,1625449482.0,64.0
30.67,1625449482.0,64.0
28.81,1625449482.0,64.0
26.41,1625449482.0,64.0
23.77,1625449482.0,64.0
21.11,1625449482.0,64.0
18.49,1625449482.0,64.0
15.85,1625449482.0,64.0
13.17,1625449482.0,64.0
10.51,1625449482.0,64.0
8.03,1625449482.0,64.0
5.92,1625449482.0,64.0
4.18,1625449482.0,64.0
2.63,1625449482.0,64.0
0.89,1625449482.0,64.0
-1.38,1625449482.0,64.0
-4.32,1625449482.0,64.0
-7.73,1625449482.0,64.0
-11.13,1625449482.0,64.0
-14.07,1625449482.0,64.0
-16.3,1625449482.0,64.0
-18.06,1625449482.0,64.0
-19.89,1625449482.0,64.0
-22.45,1625449482.0,64.0
-26.11,1625449482.0,64.0
-30.69,1625449482.0,64.0
-35.44,1625449482.0,64.0
-39.23,1625449482.0,64.0
-40.89,1625449482.0,64.0
-39.54,1625449482.0,64.0
-34.88,1625449482.0,64.0
-27.16,1625449482.0,64.0
-17.21,1625449482.0,64.0
-6.19,1625449482.0,64.0
4.51,1625449482.0,64.0
13.54,1625449482.0,64.0
19.85,1625449482.0,64.0
23.1,1625449482.0,64.0
23.81,1625449482.0,64.0
23.17,1625449482.0,64.0
22.57,1625449482.0,64.0
22.9,1625449482.0,64.0
24.19,1625449482.0,64.0
25.65,1625449482.0,64.0
26.22,1625449482.0,64.0
25.37,1625449482.0,64.0
23.48,1625449482.0,64.0
21.69,1625449482.0,64.0
21.12,1625449482.0,64.0
22.11,1625449482.0,64.0
23.79,1625449482.0,64.0
24.51,1625449482.0,64.0
22.82,1625449482.0,64.0
18.34,1625449482.0,64.0
12.05,1625449482.0,64.0
5.82,1625449482.0,64.0
1.35,1625449482.0,64.0
-0.73,1625449482.0,64.0
-1.11,1625449482.0,64.0
-1.24,1625449482.0,64.0
-2.46,1625449482.0,64.0
-5.2,1625449482.0,64.0
-8.88,1625449482.0,64.0
-12.37,1625449482.0,64.0
-14.73,1625449482.0,64.0
-15.73,1625449482.0,64.0
-15.94,1625449482.0,64.0
-16.26,1625449482.0,64.0
-17.42,1625449482.0,64.0
-19.65,1625449482.0,64.0
-22.64,1625449482.0,64.0
-25.88,1625449482.0,64.0
-29.02,1625449482.0,64.0
-31.98,1625449482.0,64.0
-34.91,1625449482.0,64.0
-37.87,1625449482.0,64.0
-40.61,1625449482.0,64.0
-42.47,1625449482.0,64.0
-42.6,1625449482.0,64.0
-40.25,1625449482.0,64.0
-35.12,1625449482.0,64.0
-27.53,1625449482.0,64.0
-18.3,1625449482.0,64.0
-8.49,1625449482.0,64.0
0.94,1625449482.0,64.0
9.34,1625449482.0,64.0
16.37,1625449482.0,64.0
21.85,1625449482.0,64.0
25.73,1625449482.0,64.0
28.06,1625449482.0,64.0
29.06,1625449482.0,64.0
29.25,1625449482.0,64.0
29.37,1625449482.0,64.0
30.07,1625449482.0,64.0
31.69,1625449482.0,64.0
34.05,1625449482.0,64.0
36.49,1625449482.0,64.0
38.19,1625449482.0,64.0
38.5,1625449482.0,64.0
37.27,1625449482.0,64.0
34.78,1625449482.0,64.0
31.63,1625449482.0,64.0
28.36,1625449482.0,64.0
25.23,1625449482.0,64.0
22.25,1625449482.0,64.0
19.19,1625449482.0,64.0
15.88,1625449482.0,64.0
12.3,1625449482.0,64.0
8.58,1625449482.0,64.0
4.94,1625449482.0,64.0
1.57,1625449482.0,64.0
-1.52,1625449482.0,64.0
-4.44,1625449482.0,64.0
-7.34,1625449482.0,64.0
-10.33,1625449482.0,64.0
-13.45,1625449482.0,64.0
-16.68,1625449482.0,64.0
-19.98,1625449482.0,64.0
-23.38,1625449482.0,64.0
-26.9,1625449482.0,64.0
-30.53,1625449482.0,64.0
-34.04,1625449482.0,64.0
-37.02,1625449482.0,64.0
-38.88,1625449482.0,64.0
-39.05,1625449482.0,64.0
-37.1,1625449482.0,64.0
-32.98,1625449482.0,64.0
-27.03,1625449482.0,64.0
-19.83,1625449482.0,64.0
-12.02,1625449482.0,64.0
-4.18,1625449482.0,64.0
3.34,1625449482.0,64.0
10.27,1625449482.0,64.0
16.42,1625449482.0,64.0
21.61,1625449482.0,64.0
25.66,1625449482.0,64.0
28.46,1625449482.0,64.0
30.04,1625449482.0,64.0
30.62,1625449482.0,64.0
30.5,1625449482.0,64.0
30.0,1625449482.0,64.0
29.41,1625449482.0,64.0
28.89,1625449482.0,64.0
28.49,1625449482.0,64.0
28.06,1625449482.0,64.0
27.41,1625449482.0,64.0
26.32,1625449482.0,64.0
24.63,1625449482.0,64.0
22.33,1625449482.0,64.0
19.51,1625449482.0,64.0
16.39,1625449482.0,64.0
13.15,1625449482.0,64.0
9.89,1625449482.0,64.0
6.67,1625449482.0,64.0
3.54,1625449482.0,64.0
0.68,1625449482.0,64.0
-1.71,1625449482.0,64.0
-3.42,1625449482.0,64.0
-4.49,1625449482.0,64.0
-5.23,1625449482.0,64.0
-6.15,1625449482.0,64.0
-7.79,1625449482.0,64.0
-10.49,1625449482.0,64.0
-14.26,1625449482.0,64.0
-18.83,1625449482.0,64.0
-23.78,1625449482.0,64.0
-28.77,1625449482.0,64.0
-33.56,1625449482.0,64.0
-37.98,1625449482.0,64.0
-41.81,1625449482.0,64.0
-44.65,1625449482.0,64.0
-45.96,1625449482.0,64.0
-45.22,1625449482.0,64.0
-42.22,1625449482.0,64.0
-37.15,1625449482.0,64.0
-30.55,1625449482.0,64.0
-23.19,1625449482.0,64.0
-15.75,1625449482.0,64.0
-8.69,1625449482.0,64.0
-2.23,1625449482.0,64.0
3.53,1625449482.0,64.0
8.51,1625449482.0,64.0
12.62,1625449482.0,64.0
15.85,1625449482.0,64.0
18.3,1625449482.0,64.0
20.2,1625449482.0,64.0
21.73,1625449482.0,64.0
23.01,1625449482.0,64.0
24.0,1625449482.0,64.0
24.64,1625449482.0,64.0
24.93,1625449482.0,64.0
24.97,1625449482.0,64.0
24.82,1625449482.0,64.0
24.37,1625449482.0,64.0
23.38,1625449482.0,64.0
21.58,1625449482.0,64.0
18.91,1625449482.0,64.0
15.67,1625449482.0,64.0
12.41,1625449482.0,64.0
9.66,1625449482.0,64.0
7.63,1625449482.0,64.0
6.13,1625449482.0,64.0
4.7,1625449482.0,64.0
2.88,1625449482.0,64.0
0.54,1625449482.0,64.0
-2.16,1625449482.0,64.0
-4.83,1625449482.0,64.0
-7.14,1625449482.0,64.0
-9.02,1625449482.0,64.0
-10.7,1625449482.0,64.0
-12.56,1625449482.0,64.0
-14.97,1625449482.0,64.0
-18.11,1625449482.0,64.0
-21.95,1625449482.0,64.0
-26.27,1625449482.0,64.0
-30.85,1625449482.0,64.0
-35.41,1625449482.0,64.0
-39.59,1625449482.0,64.0
-42.93,1625449482.0,64.0
-44.85,1625449482.0,64.0
-44.74,1625449482.0,64.0
-42.24,1625449482.0,64.0
-37.4,1625449482.0,64.0
-30.66,1625449482.0,64.0
-22.78,1625449482.0,64.0
-14.54,1625449482.0,64.0
-6.47,1625449482.0,64.0
1.21,1625449482.0,64.0
8.51,1625449482.0,64.0
15.41,1625449482.0,64.0
21.75,1625449482.0,64.0
27.11,1625449482.0,64.0
31.07,1625449482.0,64.0
33.38,1625449482.0,64.0
34.2,1625449482.0,64.0
34.05,1625449482.0,64.0
33.6,1625449482.0,64.0
33.33,1625449482.0,64.0
33.35,1625449482.0,64.0
33.38,1625449482.0,64.0
32.99,1625449482.0,64.0
31.85,1625449482.0,64.0
29.93,1625449482.0,64.0
27.48,1625449482.0,64.0
24.83,1625449482.0,64.0
22.15,1625449482.0,64.0
19.42,1625449482.0,64.0
16.48,1625449482.0,64.0
13.25,1625449482.0,64.0
9.87,1625449482.0,64.0
6.61,1625449482.0,64.0
3.73,1625449482.0,64.0
1.34,1625449482.0,64.0
-0.7,1625449482.0,64.0
-2.65,1625449482.0,64.0
-4.75,1625449482.0,64.0
-7.07,1625449482.0,64.0
-9.58,1625449482.0,64.0
-12.21,1625449482.0,64.0
-14.97,1625449482.0,64.0
-17.94,1625449482.0,64.0
-21.27,1625449482.0,64.0
-25.03,1625449482.0,64.0
-29.21,1625449482.0,64.0
-33.67,1625449482.0,64.0
-38.18,1625449482.0,64.0
-42.37,1625449482.0,64.0
-45.75,1625449482.0,64.0
-47.73,1625449482.0,64.0
-47.73,1625449482.0,64.0
-45.44,1625449482.0,64.0
-40.92,1625449482.0,64.0
-34.6,1625449482.0,64.0
-27.07,1625449482.0,64.0
-18.92,1625449482.0,64.0
-10.53,1625449482.0,64.0
-2.06,1625449482.0,64.0
6.33,1625449482.0,64.0
14.36,1625449482.0,64.0
21.59,1625449482.0,64.0
27.42,1625449482.0,64.0
31.42,1625449482.0,64.0
33.54,1625449482.0,64.0
34.12,1625449482.0,64.0
33.84,1625449482.0,64.0
33.42,1625449482.0,64.0
33.29,1625449482.0,64.0
33.53,1625449482.0,64.0
33.83,1625449482.0,64.0
33.79,1625449482.0,64.0
33.1,1625449482.0,64.0
31.74,1625449482.0,64.0
29.89,1625449482.0,64.0
27.81,1625449482.0,64.0
25.61,1625449482.0,64.0
23.24,1625449482.0,64.0
20.55,1625449482.0,64.0
17.46,1625449482.0,64.0
14.06,1625449482.0,64.0
10.66,1625449482.0,64.0
7.56,1625449482.0,64.0
4.96,1625449482.0,64.0
2.87,1625449482.0,64.0
1.13,1625449482.0,64.0
-0.52,1625449482.0,64.0
-2.23,1625449482.0,64.0
-4.01,1625449482.0,64.0
-5.78,1625449482.0,64.0
-7.42,1625449482.0,64.0
-9.04,1625449482.0,64.0
-10.86,1625449482.0,64.0
-13.18,1625449482.0,64.0
-16.15,1625449482.0,64.0
-19.73,1625449482.0,64.0
-23.73,1625449482.0,64.0
-28.06,1625449482.0,64.0
-32.77,1625449482.0,64.0
-37.96,1625449482.0,64.0
-43.45,1625449482.0,64.0
-48.51,1625449482.0,64.0
-51.89,1625449482.0,64.0
-52.27,1625449482.0,64.0
-48.92,1625449482.0,64.0
-42.16,1625449482.0,64.0
-33.27,1625449482.0,64.0
-23.87,1625449482.0,64.0
-15.12,1625449482.0,64.0
-7.28,1625449482.0,64.0
0.11,1625449482.0,64.0
7.59,1625449482.0,64.0
15.16,1625449482.0,64.0
22.08,1625449482.0,64.0
27.36,1625449482.0,64.0
30.28,1625449482.0,64.0
30.95,1625449482.0,64.0
30.22,1625449482.0,64.0
29.23,1625449482.0,64.0
28.81,1625449482.0,64.0
29.15,1625449482.0,64.0
29.83,1625449482.0,64.0
30.22,1625449482.0,64.0
29.8,1625449482.0,64.0
28.49,1625449482.0,64.0
26.54,1625449482.0,64.0
24.37,1625449482.0,64.0
22.31,1625449482.0,64.0
20.47,1625449482.0,64.0
18.75,1625449482.0,64.0
16.94,1625449482.0,64.0
14.9,1625449482.0,64.0
12.66,1625449482.0,64.0
10.37,1625449482.0,64.0
8.21,1625449482.0,64.0
6.22,1625449482.0,64.0
4.26,1625449482.0,64.0
2.12,1625449482.0,64.0
-0.36,1625449482.0,64.0
-3.2,1625449482.0,64.0
-6.21,1625449482.0,64.0
-9.17,1625449482.0,64.0
-11.97,1625449482.0,64.0
-14.65,1625449482.0,64.0
-17.43,1625449482.0,64.0
-20.55,1625449482.0,64.0
-24.2,1625449482.0,64.0
-28.34,1625449482.0,64.0
-32.76,1625449482.0,64.0
-36.99,1625449482.0,64.0
-40.43,1625449482.0,64.0
-42.42,1625449482.0,64.0
-42.37,1625449482.0,64.0
-39.92,1625449482.0,64.0
-35.11,1625449482.0,64.0
-28.4,1625449482.0,64.0
-20.45,1625449482.0,64.0
-12.04,1625449482.0,64.0
-3.76,1625449482.0,64.0
4.01,1625449482.0,64.0
11.09,1625449482.0,64.0
17.36,1625449482.0,64.0
22.68,1625449482.0,64.0
26.81,1625449482.0,64.0
29.51,1625449482.0,64.0
30.76,1625449482.0,64.0
30.82,1625449482.0,64.0
30.23,1625449482.0,64.0
29.62,1625449482.0,64.0
29.44,1625449482.0,64.0
29.76,1625449482.0,64.0
30.26,1625449482.0,64.0
30.48,1625449482.0,64.0
29.99,1625449482.0,64.0
28.66,1625449482.0,64.0
26.6,1625449482.0,64.0
24.08,1625449482.0,64.0
21.29,1625449482.0,64.0
18.33,1625449482.0,64.0
15.19,1625449482.0,64.0
11.85,1625449482.0,64.0
8.4,1625449482.0,64.0
5.06,1625449482.0,64.0
2.02,1625449482.0,64.0
-0.61,1625449482.0,64.0
-2.84,1625449482.0,64.0
-4.84,1625449482.0,64.0
-6.78,1625449482.0,64.0
-8.8,1625449482.0,64.0
-10.97,1625449482.0,64.0
-13.3,1625449482.0,64.0
-15.78,1625449482.0,64.0
-18.39,1625449482.0,64.0
-21.24,1625449482.0,64.0
-24.46,1625449482.0,64.0
-28.21,1625449482.0,64.0
-32.48,1625449482.0,64.0
-36.99,1625449482.0,64.0
-41.14,1625449482.0,64.0
-44.11,1625449482.0,64.0
-45.12,1625449482.0,64.0
-43.67,1625449482.0,64.0
-39.79,1625449482.0,64.0
-33.97,1625449482.0,64.0
-26.93,1625449482.0,64.0
-19.38,1625449482.0,64.0
-11.79,1625449482.0,64.0
-4.35,1625449482.0,64.0
2.94,1625449482.0,64.0
10.06,1625449482.0,64.0
16.88,1625449482.0,64.0
23.08,1625449482.0,64.0
28.34,1625449482.0,64.0
32.37,1625449482.0,64.0
35.04,1625449482.0,64.0
36.38,1625449482.0,64.0
36.53,1625449482.0,64.0
35.7,1625449482.0,64.0
34.05,1625449482.0,64.0
31.73,1625449482.0,64.0
28.89,1625449482.0,64.0
25.78,1625449482.0,64.0
22.68,1625449482.0,64.0
19.89,1625449482.0,64.0
17.61,1625449482.0,64.0
15.76,1625449482.0,64.0
14.09,1625449482.0,64.0
12.13,1625449482.0,64.0
9.49,1625449482.0,64.0
6.01,1625449482.0,64.0
1.86,1625449482.0,64.0
-2.57,1625449482.0,64.0
-6.83,1625449482.0,64.0
-10.65,1625449482.0,64.0
-14.02,1625449482.0,64.0
-17.03,1625449482.0,64.0
-19.74,1625449482.0,64.0
-22.01,1625449482.0,64.0
-23.65,1625449482.0,64.0
-24.59,1625449482.0,64.0
-25.13,1625449482.0,64.0
-25.88,1625449482.0,64.0
-27.5,1625449482.0,64.0
-30.36,1625449482.0,64.0
-34.35,1625449482.0,64.0
-38.9,1625449482.0,64.0
-43.22,1625449482.0,64.0
-46.62,1625449482.0,64.0
-48.61,1625449482.0,64.0
-48.92,1625449482.0,64.0
-47.38,1625449482.0,64.0
-43.89,1625449482.0,64.0
-38.53,1625449482.0,64.0
-31.57,1625449482.0,64.0
-23.55,1625449482.0,64.0
-15.02,1625449482.0,64.0
-6.46,1625449482.0,64.0
1.91,1625449482.0,64.0
10.0,1625449482.0,64.0
17.68,1625449482.0,64.0
24.61,1625449482.0,64.0
30.3,1625449482.0,64.0
34.27,1625449482.0,64.0
36.38,1625449482.0,64.0
36.84,1625449482.0,64.0
36.28,1625449482.0,64.0
35.34,1625449482.0,64.0
34.48,1625449482.0,64.0
33.78,1625449482.0,64.0
33.0,1625449482.0,64.0
31.82,1625449482.0,64.0
30.03,1625449482.0,64.0
27.73,1625449482.0,64.0
25.19,1625449482.0,64.0
22.66,1625449482.0,64.0
20.26,1625449482.0,64.0
17.95,1625449482.0,64.0
15.56,1625449482.0,64.0
13.03,1625449482.0,64.0
10.41,1625449482.0,64.0
7.85,1625449482.0,64.0
5.52,1625449482.0,64.0
3.39,1625449482.0,64.0
1.28,1625449482.0,64.0
-0.99,1625449482.0,64.0
-3.56,1625449482.0,64.0
-6.39,1625449482.0,64.0
-9.35,1625449482.0,64.0
-12.25,1625449482.0,64.0
-15.04,1625449482.0,64.0
-17.77,1625449482.0,64.0
-20.59,1625449482.0,64.0
-23.68,1625449482.0,64.0
-27.11,1625449482.0,64.0
-30.92,1625449482.0,64.0
-35.01,1625449482.0,64.0
-39.11,1625449482.0,64.0
-42.74,1625449482.0,64.0
-45.25,1625449482.0,64.0
-45.96,1625449482.0,64.0
-44.39,1625449482.0,64.0
-40.45,1625449482.0,64.0
-34.47,1625449482.0,64.0
-27.14,1625449482.0,64.0
-19.16,1625449482.0,64.0
-11.08,1625449482.0,64.0
-3.22,1625449482.0,64.0
4.27,1625449482.0,64.0
11.24,1625449482.0,64.0
17.4,1625449482.0,64.0
22.39,1625449482.0,64.0
25.96,1625449482.0,64.0
28.07,1625449482.0,64.0
29.05,1625449482.0,64.0
29.43,1625449482.0,64.0
29.73,1625449482.0,64.0
30.3,1625449482.0,64.0
31.18,1625449482.0,64.0
32.16,1625449482.0,64.0
32.96,1625449482.0,64.0
33.36,1625449482.0,64.0
33.28,1625449482.0,64.0
32.73,1625449482.0,64.0
31.76,1625449482.0,64.0
30.31,1625449482.0,64.0
28.32,1625449482.0,64.0
25.69,1625449482.0,64.0
22.43,1625449482.0,64.0
18.67,1625449482.0,64.0
14.61,1625449482.0,64.0
10.47,1625449482.0,64.0
6.46,1625449482.0,64.0
2.76,1625449482.0,64.0
-0.46,1625449482.0,64.0
-3.02,1625449482.0,64.0
-4.85,1625449482.0,64.0
-6.09,1625449482.0,64.0
-7.07,1625449482.0,64.0
-8.31,1625449482.0,64.0
-10.23,1625449482.0,64.0
-12.95,1625449482.0,64.0
-16.28,1625449482.0,64.0
-19.88,1625449482.0,64.0
-23.53,1625449482.0,64.0
-27.38,1625449482.0,64.0
-31.7,1625449482.0,64.0
-36.63,1625449482.0,64.0
-41.76,1625449482.0,64.0
-46.05,1625449482.0,64.0
-48.09,1625449482.0,64.0
-46.87,1625449482.0,64.0
-42.23,1625449482.0,64.0
-35.01,1625449482.0,64.0
-26.6,1625449482.0,64.0
-18.21,1625449482.0,64.0
-10.35,1625449482.0,64.0
-2.8,1625449482.0,64.0
4.88,1625449482.0,64.0
12.84,1625449482.0,64.0
20.49,1625449482.0,64.0
26.85,1625449482.0,64.0
31.01,1625449482.0,64.0
32.74,1625449482.0,64.0
32.6,1625449482.0,64.0
31.62,1625449482.0,64.0
30.78,1625449482.0,64.0
30.53,1625449482.0,64.0
30.71,1625449482.0,64.0
30.78,1625449482.0,64.0
30.27,1625449482.0,64.0
28.96,1625449482.0,64.0
27.0,1625449482.0,64.0
24.66,1625449482.0,64.0
22.22,1625449482.0,64.0
19.77,1625449482.0,64.0
17.32,1625449482.0,64.0
14.84,1625449482.0,64.0
12.33,1625449482.0,64.0
9.88,1625449482.0,64.0
7.51,1625449482.0,64.0
5.21,1625449482.0,64.0
2.93,1625449482.0,64.0
0.62,1625449482.0,64.0
-1.73,1625449482.0,64.0
-4.07,1625449482.0,64.0
-6.34,1625449482.0,64.0
-8.53,1625449482.0,64.0
-10.7,1625449482.0,64.0
-13.0,1625449482.0,64.0
-15.55,1625449482.0,64.0
-18.39,1625449482.0,64.0
-21.51,1625449482.0,64.0
-24.82,1625449482.0,64.0
-28.22,1625449482.0,64.0
-31.62,1625449482.0,64.0
-34.85,1625449482.0,64.0
-37.54,1625449482.0,64.0
-39.19,1625449482.0,64.0
-39.15,1625449482.0,64.0
-36.92,1625449482.0,64.0
-32.38,1625449482.0,64.0
-25.87,1625449482.0,64.0
-18.19,1625449482.0,64.0
-10.26,1625449482.0,64.0
-2.82,1625449482.0,64.0
3.79,1625449482.0,64.0
9.56,1625449482.0,64.0
14.6,1625449482.0,64.0
18.88,1625449482.0,64.0
22.21,1625449482.0,64.0
24.33,1625449482.0,64.0
25.21,1625449482.0,64.0
25.26,1625449482.0,64.0
25.13,1625449482.0,64.0
25.54,1625449482.0,64.0
26.79,1625449482.0,64.0
28.64,1625449482.0,64.0
30.45,1625449482.0,64.0
31.54,1625449482.0,64.0
31.51,1625449482.0,64.0
30.33,1625449482.0,64.0
28.35,1625449482.0,64.0
25.91,1625449482.0,64.0
23.25,1625449482.0,64.0
20.42,1625449482.0,64.0
17.36,1625449482.0,64.0
14.02,1625449482.0,64.0
10.47,1625449482.0,64.0
6.9,1625449482.0,64.0
3.5,1625449482.0,64.0
0.4,1625449482.0,64.0
-2.38,1625449482.0,64.0
-4.92,1625449482.0,64.0
-7.33,1625449482.0,64.0
-9.75,1625449482.0,64.0
-12.33,1625449482.0,64.0
-15.2,1625449482.0,64.0
-18.43,1625449482.0,64.0
-22.11,1625449482.0,64.0
-26.23,1625449482.0,64.0
-30.71,1625449482.0,64.0
-35.33,1625449482.0,64.0
-39.7,1625449482.0,64.0
-43.23,1625449482.0,64.0
-45.25,1625449482.0,64.0
-45.19,1625449482.0,64.0
-42.76,1625449482.0,64.0
-38.09,1625449482.0,64.0
-31.66,1625449482.0,64.0
-24.22,1625449482.0,64.0
-16.42,1625449482.0,64.0
-8.7,1625449482.0,64.0
-1.27,1625449482.0,64.0
5.82,1625449482.0,64.0
12.37,1625449482.0,64.0
18.04,1625449482.0,64.0
22.33,1625449482.0,64.0
24.9,1625449482.0,64.0
25.79,1625449482.0,64.0
25.51,1625449482.0,64.0
24.88,1625449482.0,64.0
24.65,1625449482.0,64.0
25.19,1625449482.0,64.0
26.31,1625449482.0,64.0
27.37,1625449482.0,64.0
27.68,1625449482.0,64.0
26.77,1625449482.0,64.0
24.66,1625449482.0,64.0
21.71,1625449482.0,64.0
18.43,1625449482.0,64.0
15.28,1625449482.0,64.0
12.48,1625449482.0,64.0
10.09,1625449482.0,64.0
8.07,1625449482.0,64.0
6.33,1625449482.0,64.0
4.77,1625449482.0,64.0
3.12,1625449482.0,64.0
1.02,1625449482.0,64.0
-1.88,1625449482.0,64.0
-5.72,1625449482.0,64.0
-10.29,1625449482.0,64.0
-15.13,1625449482.0,64.0
-19.71,1625449482.0,64.0
-23.72,1625449482.0,64.0
-27.23,1625449482.0,64.0
-30.59,1625449482.0,64.0
-34.19,1625449482.0,64.0
-38.19,1625449482.0,64.0
-42.41,1625449482.0,64.0
-46.43,1625449482.0,64.0
-49.79,1625449482.0,64.0
-52.12,1625449482.0,64.0
-53.1,1625449482.0,64.0
-52.44,1625449482.0,64.0
-49.76,1625449482.0,64.0
-44.78,1625449482.0,64.0
-37.43,1625449482.0,64.0
-28.09,1625449482.0,64.0
-17.55,1625449482.0,64.0
-6.73,1625449482.0,64.0
3.46,1625449482.0,64.0
12.44,1625449482.0,64.0
19.9,1625449482.0,64.0
25.72,1625449482.0,64.0
29.88,1625449482.0,64.0
32.39,1625449482.0,64.0
33.38,1625449482.0,64.0
33.23,1625449482.0,64.0
32.47,1625449482.0,64.0
31.72,1625449482.0,64.0
31.41,1625449482.0,64.0
31.57,1625449482.0,64.0
31.95,1625449482.0,64.0
32.06,1625449482.0,64.0
31.47,1625449482.0,64.0
29.98,1625449482.0,64.0
27.66,1625449482.0,64.0
24.74,1625449482.0,64.0
21.52,1625449482.0,64.0
18.21,1625449482.0,64.0
14.9,1625449482.0,64.0
11.62,1625449482.0,64.0
8.4,1625449482.0,64.0
5.23,1625449482.0,64.0
2.16,1625449482.0,64.0
-0.83,1625449482.0,64.0
-3.74,1625449482.0,64.0
-6.57,1625449482.0,64.0
-9.3,1625449482.0,64.0
-11.92,1625449482.0,64.0
-14.4,1625449482.0,64.0
-16.8,1625449482.0,64.0
-19.27,1625449482.0,64.0
-21.99,1625449482.0,64.0
-25.14,1625449482.0,64.0
-28.81,1625449482.0,64.0
-33.0,1625449482.0,64.0
-37.48,1625449482.0,64.0
-41.84,1625449482.0,64.0
-45.4,1625449482.0,64.0
-47.42,1625449482.0,64.0
-47.26,1625449482.0,64.0
-44.64,1625449482.0,64.0
-39.71,1625449482.0,64.0
-33.04,1625449482.0,64.0
-25.34,1625449482.0,64.0
-17.2,1625449482.0,64.0
-8.93,1625449482.0,64.0
-0.6,1625449482.0,64.0
7.73,1625449482.0,64.0
15.78,1625449482.0,64.0
23.02,1625449482.0,64.0
28.81,1625449482.0,64.0
32.71,1625449482.0,64.0
34.75,1625449482.0,64.0
35.38,1625449482.0,64.0
35.34,1625449482.0,64.0
35.32,1625449482.0,64.0
35.58,1625449482.0,64.0
36.01,1625449482.0,64.0
36.13,1625449482.0,64.0
35.48,1625449482.0,64.0
33.81,1625449482.0,64.0
31.24,1625449482.0,64.0
28.1,1625449482.0,64.0
24.79,1625449482.0,64.0
21.54,1625449482.0,64.0
18.35,1625449482.0,64.0
15.11,1625449482.0,64.0
11.7,1625449482.0,64.0
8.14,1625449482.0,64.0
4.69,1625449482.0,64.0
1.66,1625449482.0,64.0
-0.66,1625449482.0,64.0
-2.26,1625449482.0,64.0
-3.39,1625449482.0,64.0
-4.5,1625449482.0,64.0
-6.03,1625449482.0,64.0
-8.22,1625449482.0,64.0
-11.06,1625449482.0,64.0
-14.34,1625449482.0,64.0
-17.81,1625449482.0,64.0
-21.39,1625449482.0,64.0
-25.16,1625449482.0,64.0
-29.27,1625449482.0,64.0
-33.68,1625449482.0,64.0
-37.93,1625449482.0,64.0
-41.27,1625449482.0,64.0
-42.88,1625449482.0,64.0
-42.3,1625449482.0,64.0
-39.69,1625449482.0,64.0
-35.69,1625449482.0,64.0
-31.1,1625449482.0,64.0
-26.31,1625449482.0,64.0
-21.17,1625449482.0,64.0
-15.1,1625449482.0,64.0
-7.7,1625449482.0,64.0
0.8,1625449482.0,64.0
9.44,1625449482.0,64.0
16.9,1625449482.0,64.0
22.2,1625449482.0,64.0
25.15,1625449482.0,64.0
26.4,1625449482.0,64.0
26.92,1625449482.0,64.0
27.38,1625449482.0,64.0
27.84,1625449482.0,64.0
27.86,1625449482.0,64.0
27.14,1625449482.0,64.0
25.84,1625449482.0,64.0
24.54,1625449482.0,64.0
23.9,1625449482.0,64.0
24.14,1625449482.0,64.0
24.82,1625449482.0,64.0
25.16,1625449482.0,64.0
24.52,1625449482.0,64.0
22.84,1625449482.0,64.0
20.62,1625449482.0,64.0
18.48,1625449482.0,64.0
16.73,1625449482.0,64.0
15.22,1625449482.0,64.0
13.46,1625449482.0,64.0
11.08,1625449482.0,64.0
8.08,1625449482.0,64.0
4.86,1625449482.0,64.0
1.92,1625449482.0,64.0
-0.42,1625449482.0,64.0
-2.21,1625449482.0,64.0
-3.74,1625449482.0,64.0
-5.3,1625449482.0,64.0
-7.02,1625449482.0,64.0
-8.91,1625449482.0,64.0
-10.93,1625449482.0,64.0
-13.12,1625449482.0,64.0
-15.69,1625449482.0,64.0
-18.92,1625449482.0,64.0
-22.9,1625449482.0,64.0
-27.47,1625449482.0,64.0
-32.09,1625449482.0,64.0
-35.98,1625449482.0,64.0
-38.32,1625449482.0,64.0
-38.45,1625449482.0,64.0
-36.09,1625449482.0,64.0
-31.37,1625449482.0,64.0
-24.79,1625449482.0,64.0
-17.03,1625449482.0,64.0
-8.76,1625449482.0,64.0
-0.48,1625449482.0,64.0
7.48,1625449482.0,64.0
14.92,1625449482.0,64.0
21.58,1625449482.0,64.0
27.13,1625449482.0,64.0
31.2,1625449482.0,64.0
33.56,1625449482.0,64.0
34.29,1625449482.0,64.0
33.82,1625449482.0,64.0
32.86,1625449482.0,64.0
32.06,1625449482.0,64.0
31.82,1625449482.0,64.0
32.05,1625449482.0,64.0
32.31,1625449482.0,64.0
32.01,1625449482.0,64.0
30.77,1625449482.0,64.0
28.5,1625449482.0,64.0
25.49,1625449482.0,64.0
22.14,1625449482.0,64.0
18.81,1625449482.0,64.0
15.67,1625449482.0,64.0
12.74,1625449482.0,64.0
9.99,1625449482.0,64.0
7.41,1625449482.0,64.0
5.07,1625449482.0,64.0
3.05,1625449482.0,64.0
1.36,1625449482.0,64.0
-0.12,1625449482.0,64.0
-1.58,1625449482.0,64.0
-3.32,1625449482.0,64.0
-5.5,1625449482.0,64.0
-8.21,1625449482.0,64.0
-11.38,1625449482.0,64.0
-14.82,1625449482.0,64.0
-18.29,1625449482.0,64.0
-21.65,1625449482.0,64.0
-24.9,1625449482.0,64.0
-28.11,1625449482.0,64.0
-31.39,1625449482.0,64.0
-34.65,1625449482.0,64.0
-37.49,1625449482.0,64.0
-39.28,1625449482.0,64.0
-39.26,1625449482.0,64.0
-36.87,1625449482.0,64.0
-32.03,1625449482.0,64.0
-25.1,1625449482.0,64.0
-16.78,1625449482.0,64.0
-7.89,1625449482.0,64.0
0.93,1625449482.0,64.0
9.28,1625449482.0,64.0
16.91,1625449482.0,64.0
23.69,1625449482.0,64.0
29.4,1625449482.0,64.0
33.82,1625449482.0,64.0
36.74,1625449482.0,64.0
38.12,1625449482.0,64.0
38.16,1625449482.0,64.0
37.25,1625449482.0,64.0
35.9,1625449482.0,64.0
34.55,1625449482.0,64.0
33.4,1625449482.0,64.0
32.34,1625449482.0,64.0
31.06,1625449482.0,64.0
29.21,1625449482.0,64.0
26.63,1625449482.0,64.0
23.46,1625449482.0,64.0
20.1,1625449482.0,64.0
17.03,1625449482.0,64.0
14.5,1625449482.0,64.0
12.41,1625449482.0,64.0
10.32,1625449482.0,64.0
7.69,1625449482.0,64.0
4.27,1625449482.0,64.0
0.26,1625449482.0,64.0
-3.8,1625449482.0,64.0
-7.32,1625449482.0,64.0
-10.06,1625449482.0,64.0
-12.32,1625449482.0,64.0
-14.73,1625449482.0,64.0
-17.83,1625449482.0,64.0
-21.69,1625449482.0,64.0
-25.88,1625449482.0,64.0
-29.77,1625449482.0,64.0
-33.05,1625449482.0,64.0
-36.0,1625449482.0,64.0
-39.29,1625449482.0,64.0
-43.52,1625449482.0,64.0
-48.57,1625449482.0,64.0
-53.48,1625449482.0,64.0
-56.77,1625449482.0,64.0
-57.14,1625449482.0,64.0
-54.06,1625449482.0,64.0
-47.98,1625449482.0,64.0
-40.0,1625449482.0,64.0
-31.31,1625449482.0,64.0
-22.67,1625449482.0,64.0
-14.33,1625449482.0,64.0
-6.23,1625449482.0,64.0
1.63,1625449482.0,64.0
9.04,1625449482.0,64.0
15.54,1625449482.0,64.0
20.69,1625449482.0,64.0
24.23,1625449482.0,64.0
26.27,1625449482.0,64.0
27.12,1625449482.0,64.0
27.32,1625449482.0,64.0
27.39,1625449482.0,64.0
27.7,1625449482.0,64.0
28.34,1625449482.0,64.0
29.11,1625449482.0,64.0
29.56,1625449482.0,64.0
29.21,1625449482.0,64.0
27.72,1625449482.0,64.0
25.1,1625449482.0,64.0
21.73,1625449482.0,64.0
18.19,1625449482.0,64.0
15.01,1625449482.0,64.0
12.43,1625449482.0,64.0
10.41,1625449482.0,64.0
8.64,1625449482.0,64.0
6.81,1625449482.0,64.0
4.71,1625449482.0,64.0
2.29,1625449482.0,64.0
-0.35,1625449482.0,64.0
-3.16,1625449482.0,64.0
-6.11,1625449482.0,64.0
-9.25,1625449482.0,64.0
-12.6,1625449482.0,64.0
-16.15,1625449482.0,64.0
-19.78,1625449482.0,64.0
-23.3,1625449482.0,64.0
-26.6,1625449482.0,64.0
-29.68,1625449482.0,64.0
-32.75,1625449482.0,64.0
-36.05,1625449482.0,64.0
-39.73,1625449482.0,64.0
-43.63,1625449482.0,64.0
-47.22,1625449482.0,64.0
-49.68,1625449482.0,64.0
-50.18,1625449482.0,64.0
-48.23,1625449482.0,64.0
-43.8,1625449482.0,64.0
-37.42,1625449482.0,64.0
-29.85,1625449482.0,64.0
-21.75,1625449482.0,64.0
-13.51,1625449482.0,64.0
-5.15,1625449482.0,64.0
3.35,1625449482.0,64.0
11.85,1625449482.0,64.0
19.86,1625449482.0,64.0
26.64,1625449482.0,64.0
31.57,1625449482.0,64.0
34.43,1625449482.0,64.0
35.5,1625449482.0,64.0
35.5,1625449482.0,64.0
35.17,1625449482.0,64.0
35.04,1625449482.0,64.0
35.18,1625449482.0,64.0
35.39,1625449482.0,64.0
35.29,1625449482.0,64.0
34.65,1625449482.0,64.0
33.43,1625449482.0,64.0
31.74,1625449482.0,64.0
29.71,1625449482.0,64.0
27.44,1625449482.0,64.0
24.9,1625449482.0,64.0
22.02,1625449482.0,64.0
18.78,1625449482.0,64.0
15.28,1625449482.0,64.0
11.71,1625449482.0,64.0
8.33,1625449482.0,64.0
5.31,1625449482.0,64.0
2.66,1625449482.0,64.0
0.22,1625449482.0,64.0
-2.25,1625449482.0,64.0
-4.97,1625449482.0,64.0
-7.99,1625449482.0,64.0
-11.21,1625449482.0,64.0
-14.41,1625449482.0,64.0
-17.45,1625449482.0,64.0
-20.36,1625449482.0,64.0
-23.29,1625449482.0,64.0
-26.54,1625449482.0,64.0
-30.26,1625449482.0,64.0
-34.45,1625449482.0,64.0
-38.85,1625449482.0,64.0
-43.0,1625449482.0,64.0
-46.32,1625449482.0,64.0
-48.26,1625449482.0,64.0
-48.37,1625449482.0,64.0
-46.44,1625449482.0,64.0
-42.47,1625449482.0,64.0
-36.72,1625449482.0,64.0
-29.65,1625449482.0,64.0
-21.73,1625449482.0,64.0
-13.41,1625449482.0,64.0
-4.94,1625449482.0,64.0
3.51,1625449482.0,64.0
11.7,1625449482.0,64.0
19.26,1625449482.0,64.0
25.63,1625449482.0,64.0
30.28,1625449482.0,64.0
32.91,1625449482.0,64.0
33.7,1625449482.0,64.0
33.22,1625449482.0,64.0
32.19,1625449482.0,64.0
31.21,1625449482.0,64.0
30.46,1625449482.0,64.0
29.79,1625449482.0,64.0
28.87,1625449482.0,64.0
27.5,1625449482.0,64.0
25.72,1625449482.0,64.0
23.76,1625449482.0,64.0
21.86,1625449482.0,64.0
20.11,1625449482.0,64.0
18.47,1625449482.0,64.0
16.94,1625449482.0,64.0
15.56,1625449482.0,64.0
14.47,1625449482.0,64.0
13.73,1625449482.0,64.0
13.18,1625449482.0,64.0
12.45,1625449482.0,64.0
11.12,1625449482.0,64.0
8.98,1625449482.0,64.0
6.14,1625449482.0,64.0
2.92,1625449482.0,64.0
-0.33,1625449482.0,64.0
-3.63,1625449482.0,64.0
-7.23,1625449482.0,64.0
-11.38,1625449482.0,64.0
-16.08,1625449482.0,64.0
-20.82,1625449482.0,64.0
-24.87,1625449482.0,64.0
-27.7,1625449482.0,64.0
-29.46,1625449482.0,64.0
-30.94,1625449482.0,64.0
-33.16,1625449482.0,64.0
-36.7,1625449482.0,64.0
-41.15,1625449482.0,64.0
-45.23,1625449482.0,64.0
-47.35,1625449482.0,64.0
-46.37,1625449482.0,64.0
-42.17,1625449482.0,64.0
-35.61,1625449482.0,64.0
-27.94,1625449482.0,64.0
-20.2,1625449482.0,64.0
-12.75,1625449482.0,64.0
-5.39,1625449482.0,64.0
2.21,1625449482.0,64.0
10.02,1625449482.0,64.0
17.49,1625449482.0,64.0
23.68,1625449482.0,64.0
27.81,1625449482.0,64.0
29.69,1625449482.0,64.0
29.79,1625449482.0,64.0
29.06,1625449482.0,64.0
28.47,1625449482.0,64.0
28.53,1625449482.0,64.0
29.24,1625449482.0,64.0
30.16,1625449482.0,64.0
30.65,1625449482.0,64.0
30.36,1625449482.0,64.0
29.22,1625449482.0,64.0
27.49,1625449482.0,64.0
25.48,1625449482.0,64.0
23.4,1625449482.0,64.0
21.26,1625449482.0,64.0
18.97,1625449482.0,64.0
16.45,1625449482.0,64.0
13.69,1625449482.0,64.0
10.86,1625449482.0,64.0
8.17,1625449482.0,64.0
5.74,1625449482.0,64.0
3.58,1625449482.0,64.0
1.56,1625449482.0,64.0
-0.53,1625449482.0,64.0
-2.8,1625449482.0,64.0
-5.29,1625449482.0,64.0
-7.9,1625449482.0,64.0
-10.52,1625449482.0,64.0
-13.08,1625449482.0,64.0
-15.55,1625449482.0,64.0
-18.02,1625449482.0,64.0
-20.56,1625449482.0,64.0
-23.36,1625449482.0,64.0
-26.53,1625449482.0,64.0
-30.08,1625449482.0,64.0
-33.79,1625449482.0,64.0
-37.14,1625449482.0,64.0
-39.33,1625449482.0,64.0
-39.61,1625449482.0,64.0
-37.44,1625449482.0,64.0
-32.8,1625449482.0,64.0
-26.19,1625449482.0,64.0
-18.47,1625449482.0,64.0
-10.4,1625449482.0,64.0
-2.55,1625449482.0,64.0
4.98,1625449482.0,64.0
12.27,1625449482.0,64.0
19.3,1625449482.0,64.0
25.74,1625449482.0,64.0
31.01,1625449482.0,64.0
34.44,1625449482.0,64.0
35.74,1625449482.0,64.0
35.2,1625449482.0,64.0
33.6,1625449482.0,64.0
31.97,1625449482.0,64.0
31.09,1625449482.0,64.0
31.2,1625449482.0,64.0
31.88,1625449482.0,64.0
32.44,1625449482.0,64.0
32.12,1625449482.0,64.0
30.59,1625449482.0,64.0
27.98,1625449482.0,64.0
24.76,1625449482.0,64.0
21.51,1625449482.0,64.0
18.63,1625449482.0,64.0
16.19,1625449482.0,64.0
14.05,1625449482.0,64.0
11.92,1625449482.0,64.0
9.57,1625449482.0,64.0
6.87,1625449482.0,64.0
3.86,1625449482.0,64.0
0.64,1625449482.0,64.0
-2.65,1625449482.0,64.0
-5.9,1625449482.0,64.0
-9.02,1625449482.0,64.0
-11.88,1625449482.0,64.0
-14.39,1625449482.0,64.0
-16.44,1625449482.0,64.0
-18.05,1625449482.0,64.0
-19.44,1625449482.0,64.0
-21.14,1625449482.0,64.0
-23.81,1625449482.0,64.0
-27.98,1625449482.0,64.0
-33.65,1625449482.0,64.0
-39.99,1625449482.0,64.0
-45.49,1625449482.0,64.0
-48.47,1625449482.0,64.0
-47.8,1625449482.0,64.0
-43.49,1625449482.0,64.0
-36.75,1625449482.0,64.0
-29.25,1625449482.0,64.0
-22.37,1625449482.0,64.0
-16.43,1625449482.0,64.0
-10.74,1625449482.0,64.0
-4.32,1625449482.0,64.0
3.22,1625449482.0,64.0
11.09,1625449482.0,64.0
17.69,1625449482.0,64.0
21.49,1625449482.0,64.0
22.06,1625449482.0,64.0
20.34,1625449482.0,64.0
18.13,1625449482.0,64.0
17.11,1625449482.0,64.0
17.89,1625449482.0,64.0
19.83,1625449482.0,64.0
21.6,1625449482.0,64.0
22.07,1625449482.0,64.0
20.93,1625449482.0,64.0
18.73,1625449482.0,64.0
16.39,1625449482.0,64.0
14.47,1625449482.0,64.0
12.94,1625449482.0,64.0
11.28,1625449482.0,64.0
8.97,1625449482.0,64.0
5.87,1625449482.0,64.0
2.37,1625449482.0,64.0
-0.92,1625449482.0,64.0
-3.46,1625449482.0,64.0
-5.09,1625449482.0,64.0
-6.07,1625449482.0,64.0
-6.86,1625449482.0,64.0
-7.95,1625449482.0,64.0
-9.61,1625449482.0,64.0
-11.91,1625449482.0,64.0
-14.71,1625449482.0,64.0
-17.8,1625449482.0,64.0
-20.96,1625449482.0,64.0
-24.06,1625449482.0,64.0
-27.1,1625449482.0,64.0
-30.19,1625449482.0,64.0
-33.54,1625449482.0,64.0
-37.16,1625449482.0,64.0
-40.8,1625449482.0,64.0
-43.83,1625449482.0,64.0
-45.41,1625449482.0,64.0
-44.78,1625449482.0,64.0
-41.58,1625449482.0,64.0
-36.02,1625449482.0,64.0
-28.84,1625449482.0,64.0
-20.91,1625449482.0,64.0
-12.93,1625449482.0,64.0
-5.21,1625449482.0,64.0
2.3,1625449482.0,64.0
9.71,1625449482.0,64.0
16.96,1625449482.0,64.0
23.63,1625449482.0,64.0
29.05,1625449482.0,64.0
32.65,1625449482.0,64.0
34.27,1625449482.0,64.0
34.25,1625449482.0,64.0
33.34,1625449482.0,64.0
32.38,1625449482.0,64.0
31.92,1625449482.0,64.0
32.07,1625449482.0,64.0
32.49,1625449482.0,64.0
32.65,1625449482.0,64.0
32.09,1625449482.0,64.0
30.61,1625449482.0,64.0
28.34,1625449482.0,64.0
25.54,1625449482.0,64.0
22.56,1625449482.0,64.0
19.6,1625449482.0,64.0
16.69,1625449482.0,64.0
13.79,1625449482.0,64.0
10.85,1625449482.0,64.0
7.9,1625449482.0,64.0
5.07,1625449482.0,64.0
2.45,1625449482.0,64.0
0.06,1625449482.0,64.0
-2.2,1625449482.0,64.0
-4.57,1625449482.0,64.0
-7.25,1625449482.0,64.0
-10.3,1625449482.0,64.0
-13.64,1625449482.0,64.0
-17.03,1625449482.0,64.0
-20.25,1625449482.0,64.0
-23.18,1625449482.0,64.0
-25.99,1625449482.0,64.0
-28.91,1625449482.0,64.0
-32.22,1625449482.0,64.0
-36.03,1625449482.0,64.0
-40.05,1625449482.0,64.0
-43.71,1625449482.0,64.0
-46.15,1625449482.0,64.0
-46.59,1625449482.0,64.0
-44.55,1625449482.0,64.0
-40.07,1625449482.0,64.0
-33.65,1625449482.0,64.0
-26.05,1625449482.0,64.0
-17.99,1625449482.0,64.0
-9.88,1625449482.0,64.0
-1.89,1625449482.0,64.0
5.97,1625449482.0,64.0
13.53,1625449482.0,64.0
20.39,1625449482.0,64.0
25.99,1625449482.0,64.0
29.98,1625449482.0,64.0
32.39,1625449482.0,64.0
33.71,1625449482.0,64.0
34.6,1625449482.0,64.0
35.47,1625449482.0,64.0
36.28,1625449482.0,64.0
36.57,1625449482.0,64.0
35.9,1625449482.0,64.0
34.22,1625449482.0,64.0
31.97,1625449482.0,64.0
29.78,1625449482.0,64.0
27.97,1625449482.0,64.0
26.37,1625449482.0,64.0
24.37,1625449482.0,64.0
21.46,1625449482.0,64.0
17.69,1625449482.0,64.0
13.72,1625449482.0,64.0
10.34,1625449482.0,64.0
7.87,1625449482.0,64.0
5.87,1625449482.0,64.0
3.36,1625449482.0,64.0
-0.39,1625449482.0,64.0
-5.34,1625449482.0,64.0
-10.53,1625449482.0,64.0
-14.66,1625449482.0,64.0
-16.91,1625449482.0,64.0
-17.46,1625449482.0,64.0
-17.32,1625449482.0,64.0
-17.67,1625449482.0,64.0
-19.2,1625449482.0,64.0
-21.75,1625449482.0,64.0
-24.72,1625449482.0,64.0
-27.56,1625449482.0,64.0
-30.3,1625449482.0,64.0
-33.33,1625449482.0,64.0
-37.01,1625449482.0,64.0
-41.06,1625449482.0,64.0
-44.47,1625449482.0,64.0
-45.91,1625449482.0,64.0
-44.32,1625449482.0,64.0
-39.48,1625449482.0,64.0
-32.06,1625449482.0,64.0
-23.25,1625449482.0,64.0
-14.16,1625449482.0,64.0
-5.42,1625449482.0,64.0
2.88,1625449482.0,64.0
10.95,1625449482.0,64.0
18.8,1625449482.0,64.0
26.09,1625449482.0,64.0
32.17,1625449482.0,64.0
36.44,1625449482.0,64.0
38.61,1625449482.0,64.0
39.01,1625449482.0,64.0
38.39,1625449482.0,64.0
37.62,1625449482.0,64.0
37.39,1625449482.0,64.0
37.84,1625449482.0,64.0
38.68,1625449482.0,64.0
39.3,1625449482.0,64.0
39.15,1625449482.0,64.0
37.98,1625449482.0,64.0
35.85,1625449482.0,64.0
33.06,1625449482.0,64.0
29.93,1625449482.0,64.0
26.71,1625449482.0,64.0
23.48,1625449482.0,64.0
20.26,1625449482.0,64.0
17.04,1625449482.0,64.0
13.83,1625449482.0,64.0
10.68,1625449482.0,64.0
7.64,1625449482.0,64.0
4.75,1625449482.0,64.0
2.02,1625449482.0,64.0
-0.55,1625449482.0,64.0
-3.04,1625449482.0,64.0
-5.55,1625449482.0,64.0
-8.24,1625449482.0,64.0
-11.17,1625449482.0,64.0
-14.36,1625449482.0,64.0
-17.71,1625449482.0,64.0
-21.15,1625449482.0,64.0
-24.65,1625449482.0,64.0
-28.26,1625449482.0,64.0
-32.07,1625449482.0,64.0
-36.0,1625449482.0,64.0
-39.74,1625449482.0,64.0
-42.67,1625449482.0,64.0
-44.07,1625449482.0,64.0
-43.36,1625449482.0,64.0
-40.25,1625449482.0,64.0
-34.94,1625449482.0,64.0
-27.95,1625449482.0,64.0
-19.99,1625449482.0,64.0
-11.71,1625449482.0,64.0
-3.51,1625449482.0,64.0
4.35,1625449482.0,64.0
11.74,1625449482.0,64.0
18.41,1625449482.0,64.0
23.94,1625449482.0,64.0
27.91,1625449482.0,64.0
30.07,1625449482.0,64.0
30.57,1625449482.0,64.0
30.02,1625449482.0,64.0
29.23,1625449482.0,64.0
28.89,1625449482.0,64.0
29.3,1625449482.0,64.0
30.21,1625449482.0,64.0
31.06,1625449482.0,64.0
31.28,1625449482.0,64.0
30.57,1625449482.0,64.0
29.04,1625449482.0,64.0
27.02,1625449482.0,64.0
24.85,1625449482.0,64.0
22.67,1625449482.0,64.0
20.46,1625449482.0,64.0
18.01,1625449482.0,64.0
15.15,1625449482.0,64.0
11.8,1625449482.0,64.0
8.05,1625449482.0,64.0
4.12,1625449482.0,64.0
0.3,1625449482.0,64.0
-3.18,1625449482.0,64.0
-6.25,1625449482.0,64.0
-9.03,1625449482.0,64.0
-11.75,1625449482.0,64.0
-14.68,1625449482.0,64.0
-17.91,1625449482.0,64.0
-21.46,1625449482.0,64.0
-25.21,1625449482.0,64.0
-29.11,1625449482.0,64.0
-33.16,1625449482.0,64.0
-37.33,1625449482.0,64.0
-41.37,1625449482.0,64.0
-44.71,1625449482.0,64.0
-46.49,1625449482.0,64.0
-45.89,1625449482.0,64.0
-42.49,1625449482.0,64.0
-36.44,1625449482.0,64.0
-28.47,1625449482.0,64.0
-19.58,1625449482.0,64.0
-10.7,1625449482.0,64.0
-2.39,1625449482.0,64.0
5.07,1625449482.0,64.0
11.65,1625449482.0,64.0
17.26,1625449482.0,64.0
21.72,1625449482.0,64.0
24.85,1625449482.0,64.0
26.7,1625449482.0,64.0
27.65,1625449482.0,64.0
28.33,1625449482.0,64.0
29.35,1625449482.0,64.0
30.95,1625449482.0,64.0
32.78,1625449482.0,64.0
34.01,1625449482.0,64.0
33.74,1625449482.0,64.0
31.44,1625449482.0,64.0
27.34,1625449482.0,64.0
22.44,1625449482.0,64.0
18.1,1625449482.0,64.0
15.37,1625449482.0,64.0
14.34,1625449482.0,64.0
14.11,1625449482.0,64.0
13.18,1625449482.0,64.0
10.28,1625449482.0,64.0
5.14,1625449482.0,64.0
-1.34,1625449482.0,64.0
-7.61,1625449482.0,64.0
-12.35,1625449482.0,64.0
-15.22,1625449482.0,64.0
-16.99,1625449482.0,64.0
-18.91,1625449482.0,64.0
-21.83,1625449482.0,64.0
-25.63,1625449482.0,64.0
-29.39,1625449482.0,64.0
-32.19,1625449482.0,64.0
-33.86,1625449482.0,64.0
-35.16,1625449482.0,64.0
-37.32,1625449482.0,64.0
-41.13,1625449482.0,64.0
-46.27,1625449482.0,64.0
-51.42,1625449482.0,64.0
-54.84,1625449482.0,64.0
-55.26,1625449482.0,64.0
-52.37,1625449482.0,64.0
-46.87,1625449482.0,64.0
-39.94,1625449482.0,64.0
-32.59,1625449482.0,64.0
-25.35,1625449482.0,64.0
-18.14,1625449482.0,64.0
-10.62,1625449482.0,64.0
-2.51,1625449482.0,64.0
6.09,1625449482.0,64.0
14.62,1625449482.0,64.0
22.22,1625449482.0,64.0
28.0,1625449482.0,64.0
31.45,1625449482.0,64.0
32.64,1625449482.0,64.0
32.22,1625449482.0,64.0
31.15,1625449482.0,64.0
30.32,1625449482.0,64.0
30.18,1625449482.0,64.0
30.59,1625449482.0,64.0
31.02,1625449482.0,64.0
30.84,1625449482.0,64.0
29.61,1625449482.0,64.0
27.3,1625449482.0,64.0
24.26,1625449482.0,64.0
20.96,1625449482.0,64.0
17.83,1625449482.0,64.0
15.01,1625449482.0,64.0
12.41,1625449482.0,64.0
9.78,1625449482.0,64.0
6.9,1625449482.0,64.0
3.76,1625449482.0,64.0
0.55,1625449482.0,64.0
-2.45,1625449482.0,64.0
-5.02,1625449482.0,64.0
-7.16,1625449482.0,64.0
-9.1,1625449482.0,64.0
-11.2,1625449482.0,64.0
-13.78,1625449482.0,64.0
-16.92,1625449482.0,64.0
-20.53,1625449482.0,64.0
-24.38,1625449482.0,64.0
-28.32,1625449482.0,64.0
-32.33,1625449482.0,64.0
-36.46,1625449482.0,64.0
-40.6,1625449482.0,64.0
-44.35,1625449482.0,64.0
-46.98,1625449482.0,64.0
-47.65,1625449482.0,64.0
-45.8,1625449482.0,64.0
-41.34,1625449482.0,64.0
-34.79,1625449482.0,64.0
-27.0,1625449482.0,64.0
-18.82,1625449482.0,64.0
-10.77,1625449482.0,64.0
-2.98,1625449482.0,64.0
4.62,1625449482.0,64.0
12.07,1625449482.0,64.0
19.11,1625449482.0,64.0
25.24,1625449482.0,64.0
29.94,1625449482.0,64.0
32.94,1625449482.0,64.0
34.34,1625449482.0,64.0
34.65,1625449482.0,64.0
34.51,1625449482.0,64.0
34.42,1625449482.0,64.0
34.51,1625449482.0,64.0
34.6,1625449482.0,64.0
34.3,1625449482.0,64.0
33.3,1625449482.0,64.0
31.47,1625449482.0,64.0
28.95,1625449482.0,64.0
25.98,1625449482.0,64.0
22.78,1625449482.0,64.0
19.48,1625449482.0,64.0
16.09,1625449482.0,64.0
12.57,1625449482.0,64.0
8.87,1625449482.0,64.0
5.04,1625449482.0,64.0
1.19,1625449482.0,64.0
-2.53,1625449482.0,64.0
-5.88,1625449482.0,64.0
-8.59,1625449482.0,64.0
-10.43,1625449482.0,64.0
-11.38,1625449482.0,64.0
-11.75,1625449482.0,64.0
-12.14,1625449482.0,64.0
-13.22,1625449482.0,64.0
-15.42,1625449482.0,64.0
-18.74,1625449482.0,64.0
-22.82,1625449482.0,64.0
-27.2,1625449482.0,64.0
-31.66,1625449482.0,64.0
-36.22,1625449482.0,64.0
-40.94,1625449482.0,64.0
-45.49,1625449482.0,64.0
-48.96,1625449482.0,64.0
-50.17,1625449482.0,64.0
-48.22,1625449482.0,64.0
-43.16,1625449482.0,64.0
-35.99,1625449482.0,64.0
-28.27,1625449482.0,64.0
-21.16,1625449482.0,64.0
-14.85,1625449482.0,64.0
-8.58,1625449482.0,64.0
-1.37,1625449482.0,64.0
7.13,1625449482.0,64.0
16.15,1625449482.0,64.0
24.15,1625449482.0,64.0
29.66,1625449482.0,64.0
32.1,1625449482.0,64.0
32.12,1625449482.0,64.0
31.22,1625449482.0,64.0
30.81,1625449482.0,64.0
31.5,1625449482.0,64.0
32.92,1625449482.0,64.0
34.1,1625449482.0,64.0
34.14,1625449482.0,64.0
32.77,1625449482.0,64.0
30.43,1625449482.0,64.0
27.89,1625449482.0,64.0
25.78,1625449482.0,64.0
24.23,1625449482.0,64.0
22.89,1625449482.0,64.0
21.29,1625449482.0,64.0
19.08,1625449482.0,64.0
16.32,1625449482.0,64.0
13.3,1625449482.0,64.0
10.39,1625449482.0,64.0
7.78,1625449482.0,64.0
5.37,1625449482.0,64.0
2.95,1625449482.0,64.0
0.32,1625449482.0,64.0
-2.51,1625449482.0,64.0
-5.35,1625449482.0,64.0
-7.99,1625449482.0,64.0
-10.37,1625449482.0,64.0
-12.65,1625449482.0,64.0
-15.22,1625449482.0,64.0
-18.51,1625449482.0,64.0
-22.82,1625449482.0,64.0
-28.13,1625449482.0,64.0
-34.06,1625449482.0,64.0
-39.86,1625449482.0,64.0
-44.61,1625449482.0,64.0
-47.36,1625449482.0,64.0
-47.41,1625449482.0,64.0
-44.53,1625449482.0,64.0
-38.97,1625449482.0,64.0
-31.37,1625449482.0,64.0
-22.64,1625449482.0,64.0
-13.51,1625449482.0,64.0
-4.48,1625449482.0,64.0
4.23,1625449482.0,64.0
12.52,1625449482.0,64.0
20.18,1625449482.0,64.0
26.79,1625449482.0,64.0
31.85,1625449482.0,64.0
35.01,1625449482.0,64.0
36.32,1625449482.0,64.0
36.28,1625449482.0,64.0
35.7,1625449482.0,64.0
35.33,1625449482.0,64.0
35.56,1625449482.0,64.0
36.19,1625449482.0,64.0
36.64,1625449482.0,64.0
36.23,1625449482.0,64.0
34.58,1625449482.0,64.0
31.75,1625449482.0,64.0
28.22,1625449482.0,64.0
24.52,1625449482.0,64.0
21.05,1625449482.0,64.0
17.89,1625449482.0,64.0
14.86,1625449482.0,64.0
11.75,1625449482.0,64.0
8.48,1625449482.0,64.0
5.15,1625449482.0,64.0
1.95,1625449482.0,64.0
-0.93,1625449482.0,64.0
-3.49,1625449482.0,64.0
-5.84,1625449482.0,64.0
-8.17,1625449482.0,64.0
-10.65,1625449482.0,64.0
-13.42,1625449482.0,64.0
-16.49,1625449482.0,64.0
-19.85,1625449482.0,64.0
-23.47,1625449482.0,64.0
-27.32,1625449482.0,64.0
-31.41,1625449482.0,64.0
-35.68,1625449482.0,64.0
-39.9,1625449482.0,64.0
-43.59,1625449482.0,64.0
-46.03,1625449482.0,64.0
-46.45,1625449482.0,64.0
-44.28,1625449482.0,64.0
-39.39,1625449482.0,64.0
-32.14,1625449482.0,64.0
-23.3,1625449482.0,64.0
-13.76,1625449482.0,64.0
-4.25,1625449482.0,64.0
4.8,1625449482.0,64.0
13.15,1625449482.0,64.0
20.66,1625449482.0,64.0
27.04,1625449482.0,64.0
31.97,1625449482.0,64.0
35.16,1625449482.0,64.0
36.6,1625449482.0,64.0
36.71,1625449482.0,64.0
36.16,1625449482.0,64.0
35.68,1625449482.0,64.0
35.7,1625449482.0,64.0
36.25,1625449482.0,64.0
36.88,1625449482.0,64.0
37.04,1625449482.0,64.0
36.31,1625449482.0,64.0
34.58,1625449482.0,64.0
32.06,1625449482.0,64.0
29.12,1625449482.0,64.0
26.01,1625449482.0,64.0
22.81,1625449482.0,64.0
19.5,1625449482.0,64.0
15.96,1625449482.0,64.0
12.17,1625449482.0,64.0
8.25,1625449482.0,64.0
4.38,1625449482.0,64.0
0.76,1625449482.0,64.0
-2.5,1625449482.0,64.0
-5.42,1625449482.0,64.0
-8.14,1625449482.0,64.0
-10.86,1625449482.0,64.0
-13.78,1625449482.0,64.0
-17.0,1625449482.0,64.0
-20.56,1625449482.0,64.0
-24.47,1625449482.0,64.0
-28.74,1625449482.0,64.0
-33.32,1625449482.0,64.0
-38.03,1625449482.0,64.0
-42.4,1625449482.0,64.0
-45.75,1625449482.0,64.0
-47.34,1625449482.0,64.0
-46.53,1625449482.0,64.0
-43.16,1625449482.0,64.0
-37.53,1625449482.0,64.0
-30.32,1625449482.0,64.0
-22.25,1625449482.0,64.0
-13.89,1625449482.0,64.0
-5.47,1625449482.0,64.0
2.96,1625449482.0,64.0
11.28,1625449482.0,64.0
19.24,1625449482.0,64.0
26.31,1625449482.0,64.0
31.89,1625449482.0,64.0
35.56,1625449482.0,64.0
37.22,1625449482.0,64.0
37.2,1625449482.0,64.0
36.18,1625449482.0,64.0
34.92,1625449482.0,64.0
33.97,1625449482.0,64.0
33.48,1625449482.0,64.0
33.24,1625449482.0,64.0
32.78,1625449482.0,64.0
31.61,1625449482.0,64.0
29.42,1625449482.0,64.0
26.17,1625449482.0,64.0
22.08,1625449482.0,64.0
17.5,1625449482.0,64.0
12.75,1625449482.0,64.0
8.09,1625449482.0,64.0
3.62,1625449482.0,64.0
-0.68,1625449482.0,64.0
-4.85,1625449482.0,64.0
-8.92,1625449482.0,64.0
-12.82,1625449482.0,64.0
-16.32,1625449482.0,64.0
-19.15,1625449482.0,64.0
-21.16,1625449482.0,64.0
-22.42,1625449482.0,64.0
-23.34,1625449482.0,64.0
-24.5,1625449482.0,64.0
-26.39,1625449482.0,64.0
-29.29,1625449482.0,64.0
-33.12,1625449482.0,64.0
-37.61,1625449482.0,64.0
-42.41,1625449482.0,64.0
-47.24,1625449482.0,64.0
-51.72,1625449482.0,64.0
-55.39,1625449482.0,64.0
-57.55,1625449482.0,64.0
-57.41,1625449482.0,64.0
-54.42,1625449482.0,64.0
-48.5,1625449482.0,64.0
-40.13,1625449482.0,64.0
-30.22,1625449482.0,64.0
-19.69,1625449482.0,64.0
-9.23,1625449482.0,64.0
0.82,1625449482.0,64.0
10.34,1625449482.0,64.0
19.14,1625449482.0,64.0
26.87,1625449482.0,64.0
33.03,1625449482.0,64.0
37.21,1625449482.0,64.0
39.4,1625449482.0,64.0
40.01,1625449482.0,64.0
39.73,1625449482.0,64.0
39.26,1625449482.0,64.0
38.98,1625449482.0,64.0
38.91,1625449482.0,64.0
38.68,1625449482.0,64.0
37.89,1625449482.0,64.0
36.27,1625449482.0,64.0
33.85,1625449482.0,64.0
30.89,1625449482.0,64.0
27.74,1625449482.0,64.0
24.63,1625449482.0,64.0
21.66,1625449482.0,64.0
18.74,1625449482.0,64.0
15.73,1625449482.0,64.0
12.55,1625449482.0,64.0
9.19,1625449482.0,64.0
5.74,1625449482.0,64.0
2.31,1625449482.0,64.0
-1.02,1625449482.0,64.0
-4.23,1625449482.0,64.0
-7.34,1625449482.0,64.0
-10.35,1625449482.0,64.0
-13.29,1625449482.0,64.0
-16.19,1625449482.0,64.0
-19.1,1625449482.0,64.0
-22.14,1625449482.0,64.0
-25.43,1625449482.0,64.0
-29.16,1625449482.0,64.0
-33.38,1625449482.0,64.0
-38.04,1625449482.0,64.0
-42.75,1625449482.0,64.0
-46.93,1625449482.0,64.0
-49.83,1625449482.0,64.0
-50.74,1625449482.0,64.0
-49.24,1625449482.0,64.0
-45.29,1625449482.0,64.0
-39.23,1625449482.0,64.0
-31.67,1625449482.0,64.0
-23.23,1625449482.0,64.0
-14.35,1625449482.0,64.0
-5.36,1625449482.0,64.0
3.54,1625449482.0,64.0
12.08,1625449482.0,64.0
19.87,1625449482.0,64.0
26.43,1625449482.0,64.0
31.34,1625449482.0,64.0
34.39,1625449482.0,64.0
35.7,1625449482.0,64.0
35.74,1625449482.0,64.0
35.17,1625449482.0,64.0
34.66,1625449482.0,64.0
34.7,1625449482.0,64.0
35.42,1625449482.0,64.0
36.62,1625449482.0,64.0
37.79,1625449482.0,64.0
38.34,1625449482.0,64.0
37.8,1625449482.0,64.0
36.04,1625449482.0,64.0
33.34,1625449482.0,64.0
30.25,1625449482.0,64.0
27.28,1625449482.0,64.0
24.63,1625449482.0,64.0
22.08,1625449482.0,64.0
19.14,1625449482.0,64.0
15.45,1625449482.0,64.0
11.08,1625449482.0,64.0
6.54,1625449482.0,64.0
2.4,1625449482.0,64.0
-1.05,1625449482.0,64.0
-4.13,1625449482.0,64.0
-7.51,1625449482.0,64.0
-11.71,1625449482.0,64.0
-16.65,1625449482.0,64.0
-21.62,1625449482.0,64.0
-25.72,1625449482.0,64.0
-28.47,1625449482.0,64.0
-30.21,1625449482.0,64.0
-31.94,1625449482.0,64.0
-34.7,1625449482.0,64.0
-38.98,1625449482.0,64.0
-44.4,1625449482.0,64.0
-49.94,1625449482.0,64.0
-54.47,1625449482.0,64.0
-57.15,1625449482.0,64.0
-57.69,1625449482.0,64.0
-56.15,1625449482.0,64.0
-52.65,1625449482.0,64.0
-47.3,1625449482.0,64.0
-40.17,1625449482.0,64.0
-31.46,1625449482.0,64.0
-21.6,1625449482.0,64.0
-11.17,1625449482.0,64.0
-0.77,1625449482.0,64.0
9.13,1625449482.0,64.0
18.18,1625449482.0,64.0
26.06,1625449482.0,64.0
32.42,1625449482.0,64.0
36.96,1625449482.0,64.0
39.56,1625449482.0,64.0
40.44,1625449482.0,64.0
40.14,1625449482.0,64.0
39.35,1625449482.0,64.0
38.63,1625449482.0,64.0
38.25,1625449482.0,64.0
38.01,1625449482.0,64.0
37.52,1625449482.0,64.0
36.4,1625449482.0,64.0
34.48,1625449482.0,64.0
31.84,1625449482.0,64.0
28.77,1625449482.0,64.0
25.49,1625449482.0,64.0
22.11,1625449482.0,64.0
18.61,1625449482.0,64.0
14.91,1625449482.0,64.0
11.05,1625449482.0,64.0
7.22,1625449482.0,64.0
3.68,1625449482.0,64.0
0.62,1625449482.0,64.0
-1.92,1625449482.0,64.0
-4.06,1625449482.0,64.0
-6.05,1625449482.0,64.0
-8.05,1625449482.0,64.0
-10.09,1625449482.0,64.0
-12.08,1625449482.0,64.0
-13.9,1625449482.0,64.0
-15.55,1625449482.0,64.0
-17.18,1625449482.0,64.0
-19.1,1625449482.0,64.0
-21.67,1625449482.0,64.0
-25.13,1625449482.0,64.0
-29.5,1625449482.0,64.0
-34.45,1625449482.0,64.0
-39.37,1625449482.0,64.0
-43.45,1625449482.0,64.0
-45.88,1625449482.0,64.0
-46.01,1625449482.0,64.0
-43.6,1625449482.0,64.0
-38.84,1625449482.0,64.0
-32.3,1625449482.0,64.0
-24.7,1625449482.0,64.0
-16.7,1625449482.0,64.0
-8.76,1625449482.0,64.0
-1.06,1625449482.0,64.0
6.28,1625449482.0,64.0
13.12,1625449482.0,64.0
19.12,1625449482.0,64.0
23.83,1625449482.0,64.0
26.9,1625449482.0,64.0
28.29,1625449482.0,64.0
28.36,1625449482.0,64.0
27.72,1625449482.0,64.0
27.01,1625449482.0,64.0
26.53,1625449482.0,64.0
26.22,1625449482.0,64.0
25.68,1625449482.0,64.0
24.54,1625449482.0,64.0
22.61,1625449482.0,64.0
20.0,1625449482.0,64.0
17.04,1625449482.0,64.0
14.04,1625449482.0,64.0
11.13,1625449482.0,64.0
8.27,1625449482.0,64.0
5.42,1625449482.0,64.0
2.64,1625449482.0,64.0
0.15,1625449482.0,64.0
-1.79,1625449482.0,64.0
-3.05,1625449482.0,64.0
-3.74,1625449482.0,64.0
-4.21,1625449482.0,64.0
-4.89,1625449482.0,64.0
-6.07,1625449482.0,64.0
-7.78,1625449482.0,64.0
-9.86,1625449482.0,64.0
-12.14,1625449482.0,64.0
-14.49,1625449482.0,64.0
-16.98,1625449482.0,64.0
-19.75,1625449482.0,64.0
-22.94,1625449482.0,64.0
-26.61,1625449482.0,64.0
-30.73,1625449482.0,64.0
-35.13,1625449482.0,64.0
-39.54,1625449482.0,64.0
-43.56,1625449482.0,64.0
-46.61,1625449482.0,64.0
-48.04,1625449482.0,64.0
-47.32,1625449482.0,64.0
-44.15,1625449482.0,64.0
-38.68,1625449482.0,64.0
-31.42,1625449482.0,64.0
-23.1,1625449482.0,64.0
-14.41,1625449482.0,64.0
-5.92,1625449482.0,64.0
2.1,1625449482.0,64.0
9.4,1625449482.0,64.0
15.77,1625449482.0,64.0
20.89,1625449482.0,64.0
24.46,1625449482.0,64.0
26.35,1625449482.0,64.0
26.69,1625449482.0,64.0
26.01,1625449482.0,64.0
24.96,1625449482.0,64.0
24.16,1625449482.0,64.0
23.87,1625449482.0,64.0
23.97,1625449482.0,64.0
24.05,1625449482.0,64.0
23.62,1625449482.0,64.0
22.4,1625449482.0,64.0
20.39,1625449482.0,64.0
17.89,1625449482.0,64.0
15.21,1625449482.0,64.0
12.6,1625449482.0,64.0
10.04,1625449482.0,64.0
7.39,1625449482.0,64.0
4.53,1625449482.0,64.0
1.49,1625449482.0,64.0
-1.53,1625449482.0,64.0
-4.21,1625449482.0,64.0
-6.34,1625449482.0,64.0
-7.99,1625449482.0,64.0
-9.43,1625449482.0,64.0
-11.1,1625449482.0,64.0
-13.35,1625449482.0,64.0
-16.25,1625449482.0,64.0
-19.68,1625449482.0,64.0
-23.34,1625449482.0,64.0
-27.1,1625449482.0,64.0
-30.92,1625449482.0,64.0
-34.96,1625449482.0,64.0
-39.3,1625449482.0,64.0
-43.69,1625449482.0,64.0
-47.53,1625449482.0,64.0
-49.96,1625449482.0,64.0
-50.23,1625449482.0,64.0
-47.92,1625449482.0,64.0
-43.21,1625449482.0,64.0
-36.74,1625449482.0,64.0
-29.39,1625449482.0,64.0
-21.9,1625449482.0,64.0
-14.86,1625449482.0,64.0
-8.69,1625449482.0,64.0
-3.66,1625449482.0,64.0
-0.08,1625449482.0,64.0
1.96,1625449482.0,64.0
2.69,1625449482.0,64.0
2.75,1625449482.0,64.0
3.1,1625449482.0,64.0
4.66,1625449482.0,64.0
8.0,1625449482.0,64.0
13.09,1625449482.0,64.0
19.39,1625449482.0,64.0
26.01,1625449482.0,64.0
32.12,1625449482.0,64.0
37.05,1625449482.0,64.0
40.44,1625449482.0,64.0
42.22,1625449482.0,64.0
42.55,1625449482.0,64.0
41.77,1625449482.0,64.0
40.3,1625449482.0,64.0
38.66,1625449482.0,64.0
37.26,1625449482.0,64.0
36.32,1625449482.0,64.0
35.79,1625449482.0,64.0
35.38,1625449482.0,64.0
34.73,1625449482.0,64.0
33.46,1625449482.0,64.0
31.33,1625449482.0,64.0
28.3,1625449482.0,64.0
24.48,1625449482.0,64.0
20.05,1625449482.0,64.0
15.36,1625449482.0,64.0
10.75,1625449482.0,64.0
6.56,1625449482.0,64.0
3.06,1625449482.0,64.0
0.31,1625449482.0,64.0
-1.83,1625449482.0,64.0
-3.68,1625449482.0,64.0
-5.66,1625449482.0,64.0
-8.08,1625449482.0,64.0
-11.02,1625449482.0,64.0
-14.32,1625449482.0,64.0
-17.7,1625449482.0,64.0
-20.81,1625449482.0,64.0
-23.48,1625449482.0,64.0
-25.63,1625449482.0,64.0
-27.23,1625449482.0,64.0
-28.17,1625449482.0,64.0
-28.18,1625449482.0,64.0
-26.88,1625449482.0,64.0
-23.98,1625449482.0,64.0
-19.38,1625449482.0,64.0
-13.36,1625449482.0,64.0
-6.45,1625449482.0,64.0
0.66,1625449482.0,64.0
7.37,1625449482.0,64.0
13.27,1625449482.0,64.0
18.12,1625449482.0,64.0
21.82,1625449482.0,64.0
24.29,1625449482.0,64.0
25.5,1625449482.0,64.0
25.54,1625449482.0,64.0
24.69,1625449482.0,64.0
23.43,1625449482.0,64.0
22.36,1625449482.0,64.0
21.93,1625449482.0,64.0
22.3,1625449482.0,64.0
23.28,1625449482.0,64.0
24.37,1625449482.0,64.0
25.11,1625449482.0,64.0
25.18,1625449482.0,64.0
24.54,1625449482.0,64.0
23.32,1625449482.0,64.0
21.7,1625449482.0,64.0
19.73,1625449482.0,64.0
17.36,1625449482.0,64.0
14.54,1625449482.0,64.0
11.35,1625449482.0,64.0
7.98,1625449482.0,64.0
4.74,1625449482.0,64.0
1.91,1625449482.0,64.0
-0.41,1625449482.0,64.0
-2.31,1625449482.0,64.0
-4.06,1625449482.0,64.0
-5.97,1625449482.0,64.0
-8.29,1625449482.0,64.0
-11.15,1625449482.0,64.0
-14.51,1625449482.0,64.0
-18.18,1625449482.0,64.0
-21.79,1625449482.0,64.0
-24.83,1625449482.0,64.0
-26.76,1625449482.0,64.0
-27.07,1625449482.0,64.0
-25.48,1625449482.0,64.0
-22.03,1625449482.0,64.0
-17.0,1625449482.0,64.0
-10.91,1625449482.0,64.0
-4.24,1625449482.0,64.0
2.6,1625449482.0,64.0
9.25,1625449482.0,64.0
15.38,1625449482.0,64.0
20.62,1625449482.0,64.0
24.58,1625449482.0,64.0
27.01,1625449482.0,64.0
27.94,1625449482.0,64.0
27.71,1625449482.0,64.0
26.82,1625449482.0,64.0
25.77,1625449482.0,64.0
24.83,1625449482.0,64.0
24.02,1625449482.0,64.0
23.26,1625449482.0,64.0
22.42,1625449482.0,64.0
21.46,1625449482.0,64.0
20.46,1625449482.0,64.0
19.45,1625449482.0,64.0
18.38,1625449482.0,64.0
17.09,1625449482.0,64.0
15.35,1625449482.0,64.0
12.98,1625449482.0,64.0
9.93,1625449482.0,64.0
6.3,1625449482.0,64.0
2.31,1625449482.0,64.0
-1.7,1625449482.0,64.0
-5.46,1625449482.0,64.0
-8.79,1625449482.0,64.0
-11.75,1625449482.0,64.0
-14.55,1625449482.0,64.0
-17.49,1625449482.0,64.0
-20.84,1625449482.0,64.0
-24.73,1625449482.0,64.0
-29.09,1625449482.0,64.0
-33.65,1625449482.0,64.0
-37.99,1625449482.0,64.0
-41.55,1625449482.0,64.0
-43.67,1625449482.0,64.0
-43.77,1625449482.0,64.0
-41.45,1625449482.0,64.0
-36.62,1625449482.0,64.0
-29.64,1625449482.0,64.0
-21.14,1625449482.0,64.0
-11.85,1625449482.0,64.0
-2.43,1625449482.0,64.0
6.7,1625449482.0,64.0
15.27,1625449482.0,64.0
23.01,1625449482.0,64.0
29.56,1625449482.0,64.0
34.49,1625449482.0,64.0
37.45,1625449482.0,64.0
38.35,1625449482.0,64.0
37.5,1625449482.0,64.0
35.56,1625449482.0,64.0
33.29,1625449482.0,64.0
31.32,1625449482.0,64.0
29.88,1625449482.0,64.0
28.86,1625449482.0,64.0
27.84,1625449482.0,64.0
26.44,1625449482.0,64.0
24.42,1625449482.0,64.0
21.89,1625449482.0,64.0
19.11,1625449482.0,64.0
16.39,1625449482.0,64.0
13.87,1625449482.0,64.0
11.44,1625449482.0,64.0
8.88,1625449482.0,64.0
6.01,1625449482.0,64.0
2.87,1625449482.0,64.0
-0.26,1625449482.0,64.0
-3.02,1625449482.0,64.0
-5.25,1625449482.0,64.0
-7.08,1625449482.0,64.0
-8.94,1625449482.0,64.0
-11.35,1625449482.0,64.0
-14.66,1625449482.0,64.0
-18.92,1625449482.0,64.0
-23.89,1625449482.0,64.0
-29.17,1625449482.0,64.0
-34.32,1625449482.0,64.0
-38.86,1625449482.0,64.0
-42.32,1625449482.0,64.0
-44.16,1625449482.0,64.0
-43.97,1625449482.0,64.0
-41.58,1625449482.0,64.0
-37.16,1625449482.0,64.0
-31.19,1625449482.0,64.0
-24.27,1625449482.0,64.0
-16.88,1625449482.0,64.0
-9.24,1625449482.0,64.0
-1.46,1625449482.0,64.0
6.31,1625449482.0,64.0
13.66,1625449482.0,64.0
19.93,1625449482.0,64.0
24.45,1625449482.0,64.0
26.89,1625449482.0,64.0
27.44,1625449482.0,64.0
26.83,1625449482.0,64.0
26.02,1625449482.0,64.0
25.78,1625449482.0,64.0
26.44,1625449482.0,64.0
27.81,1625449482.0,64.0
29.36,1625449482.0,64.0
30.49,1625449482.0,64.0
30.84,1625449482.0,64.0
30.35,1625449482.0,64.0
29.15,1625449482.0,64.0
27.45,1625449482.0,64.0
25.36,1625449482.0,64.0
22.93,1625449482.0,64.0
20.13,1625449482.0,64.0
16.91,1625449482.0,64.0
13.31,1625449482.0,64.0
9.43,1625449482.0,64.0
5.46,1625449482.0,64.0
1.62,1625449482.0,64.0
-1.88,1625449482.0,64.0
-4.95,1625449482.0,64.0
-7.64,1625449482.0,64.0
-10.19,1625449482.0,64.0
-12.92,1625449482.0,64.0
-16.06,1625449482.0,64.0
-19.75,1625449482.0,64.0
-23.9,1625449482.0,64.0
-28.32,1625449482.0,64.0
-32.72,1625449482.0,64.0
-36.74,1625449482.0,64.0
-39.92,1625449482.0,64.0
-41.73,1625449482.0,64.0
-41.59,1625449482.0,64.0
-39.08,1625449482.0,64.0
-34.14,1625449482.0,64.0
-27.15,1625449482.0,64.0
-18.81,1625449482.0,64.0
-9.94,1625449482.0,64.0
-1.15,1625449482.0,64.0
7.25,1625449482.0,64.0
15.12,1625449482.0,64.0
22.33,1625449482.0,64.0
28.51,1625449482.0,64.0
33.19,1625449482.0,64.0
35.89,1625449482.0,64.0
36.5,1625449482.0,64.0
35.33,1625449482.0,64.0
33.08,1625449482.0,64.0
30.56,1625449482.0,64.0
28.35,1625449482.0,64.0
26.64,1625449482.0,64.0
25.27,1625449482.0,64.0
23.88,1625449482.0,64.0
22.24,1625449482.0,64.0
20.34,1625449482.0,64.0
18.37,1625449482.0,64.0
16.59,1625449482.0,64.0
15.2,1625449482.0,64.0
14.13,1625449482.0,64.0
13.19,1625449482.0,64.0
12.09,1625449482.0,64.0
10.63,1625449482.0,64.0
8.75,1625449482.0,64.0
6.55,1625449482.0,64.0
4.12,1625449482.0,64.0
1.57,1625449482.0,64.0
-1.02,1625449482.0,64.0
-3.65,1625449482.0,64.0
-6.25,1625449482.0,64.0
-8.79,1625449482.0,64.0
-11.31,1625449482.0,64.0
-13.92,1625449482.0,64.0
-16.81,1625449482.0,64.0
-20.21,1625449482.0,64.0
-24.22,1625449482.0,64.0
-28.75,1625449482.0,64.0
-33.5,1625449482.0,64.0
-37.91,1625449482.0,64.0
-41.33,1625449482.0,64.0
-43.18,1625449482.0,64.0
-42.97,1625449482.0,64.0
-40.52,1625449482.0,64.0
-35.93,1625449482.0,64.0
-29.62,1625449482.0,64.0
-22.21,1625449482.0,64.0
-14.35,1625449482.0,64.0
-6.57,1625449482.0,64.0
0.87,1625449482.0,64.0
7.86,1625449482.0,64.0
14.31,1625449482.0,64.0
20.04,1625449482.0,64.0
24.71,1625449482.0,64.0
27.91,1625449482.0,64.0
29.43,1625449482.0,64.0
29.42,1625449482.0,64.0
28.45,1625449482.0,64.0
27.27,1625449482.0,64.0
26.54,1625449482.0,64.0
26.54,1625449482.0,64.0
27.07,1625449482.0,64.0
27.63,1625449482.0,64.0
27.66,1625449482.0,64.0
26.79,1625449482.0,64.0
24.99,1625449482.0,64.0
22.48,1625449482.0,64.0
19.61,1625449482.0,64.0
16.65,1625449482.0,64.0
13.78,1625449482.0,64.0
11.0,1625449482.0,64.0
8.21,1625449482.0,64.0
5.36,1625449482.0,64.0
2.42,1625449482.0,64.0
-0.52,1625449482.0,64.0
-3.37,1625449482.0,64.0
-5.97,1625449482.0,64.0
-8.27,1625449482.0,64.0
-10.26,1625449482.0,64.0
-11.98,1625449482.0,64.0
-13.48,1625449482.0,64.0
-14.8,1625449482.0,64.0
-16.04,1625449482.0,64.0
-17.28,1625449482.0,64.0
-18.79,1625449482.0,64.0
-20.89,1625449482.0,64.0
-23.85,1625449482.0,64.0
-27.76,1625449482.0,64.0
-32.37,1625449482.0,64.0
-37.01,1625449482.0,64.0
-40.78,1625449482.0,64.0
-42.75,1625449482.0,64.0
-42.18,1625449482.0,64.0
-38.84,1625449482.0,64.0
-33.07,1625449482.0,64.0
-25.6,1625449482.0,64.0
-17.33,1625449482.0,64.0
-9.06,1625449482.0,64.0
-1.28,1625449482.0,64.0
5.85,1625449482.0,64.0
12.29,1625449482.0,64.0
17.99,1625449482.0,64.0
22.72,1625449482.0,64.0
26.16,1625449482.0,64.0
28.02,1625449482.0,64.0
28.28,1625449482.0,64.0
27.25,1625449482.0,64.0
25.47,1625449482.0,64.0
23.57,1625449482.0,64.0
22.03,1625449482.0,64.0
21.01,1625449482.0,64.0
20.45,1625449482.0,64.0
20.12,1625449482.0,64.0
19.77,1625449482.0,64.0
19.24,1625449482.0,64.0
18.47,1625449482.0,64.0
17.46,1625449482.0,64.0
16.19,1625449482.0,64.0
14.62,1625449482.0,64.0
12.73,1625449482.0,64.0
10.53,1625449482.0,64.0
8.12,1625449482.0,64.0
5.68,1625449482.0,64.0
3.33,1625449482.0,64.0
1.16,1625449482.0,64.0
-0.89,1625449482.0,64.0
-2.96,1625449482.0,64.0
-5.21,1625449482.0,64.0
-7.7,1625449482.0,64.0
-10.39,1625449482.0,64.0
-13.17,1625449482.0,64.0
-15.83,1625449482.0,64.0
-18.23,1625449482.0,64.0
-20.36,1625449482.0,64.0
-22.34,1625449482.0,64.0
-24.46,1625449482.0,64.0
-27.04,1625449482.0,64.0
-30.31,1625449482.0,64.0
-34.25,1625449482.0,64.0
-38.45,1625449482.0,64.0
-42.19,1625449482.0,64.0
-44.58,1625449482.0,64.0
-44.88,1625449482.0,64.0
-42.67,1625449482.0,64.0
-38.01,1625449482.0,64.0
-31.39,1625449482.0,64.0
-23.57,1625449482.0,64.0
-15.3,1625449482.0,64.0
-7.24,1625449482.0,64.0
0.18,1625449482.0,64.0
6.73,1625449482.0,64.0
12.34,1625449482.0,64.0
17.02,1625449482.0,64.0
20.76,1625449482.0,64.0
23.5,1625449482.0,64.0
25.19,1625449482.0,64.0
25.79,1625449482.0,64.0
25.47,1625449482.0,64.0
24.52,1625449482.0,64.0
23.37,1625449482.0,64.0
22.39,1625449482.0,64.0
21.81,1625449482.0,64.0
21.57,1625449482.0,64.0
21.45,1625449482.0,64.0
21.16,1625449482.0,64.0
20.55,1625449482.0,64.0
19.58,1625449482.0,64.0
18.35,1625449482.0,64.0
16.88,1625449482.0,64.0
15.14,1625449482.0,64.0
12.96,1625449482.0,64.0
10.21,1625449482.0,64.0
6.93,1625449482.0,64.0
3.28,1625449482.0,64.0
-0.4,1625449482.0,64.0
-3.83,1625449482.0,64.0
-6.87,1625449482.0,64.0
-9.57,1625449482.0,64.0
-12.04,1625449482.0,64.0
-14.39,1625449482.0,64.0
-16.58,1625449482.0,64.0
-18.52,1625449482.0,64.0
-20.17,1625449482.0,64.0
-21.59,1625449482.0,64.0
-23.01,1625449482.0,64.0
-24.71,1625449482.0,64.0
-26.92,1625449482.0,64.0
-29.71,1625449482.0,64.0
-32.99,1625449482.0,64.0
-36.52,1625449482.0,64.0
-39.93,1625449482.0,64.0
-42.77,1625449482.0,64.0
-44.52,1625449482.0,64.0
-44.75,1625449482.0,64.0
-43.19,1625449482.0,64.0
-39.77,1625449482.0,64.0
-34.75,1625449482.0,64.0
-28.54,1625449482.0,64.0
-21.69,1625449482.0,64.0
-14.7,1625449482.0,64.0
-7.92,1625449482.0,64.0
-1.53,1625449482.0,64.0
4.36,1625449482.0,64.0
9.65,1625449482.0,64.0
14.17,1625449482.0,64.0
17.71,1625449482.0,64.0
20.11,1625449482.0,64.0
21.37,1625449482.0,64.0
21.78,1625449482.0,64.0
21.77,1625449482.0,64.0
21.78,1625449482.0,64.0
22.02,1625449482.0,64.0
22.35,1625449482.0,64.0
22.36,1625449482.0,64.0
21.68,1625449482.0,64.0
20.24,1625449482.0,64.0
18.3,1625449482.0,64.0
16.34,1625449482.0,64.0
14.7,1625449482.0,64.0
13.34,1625449482.0,64.0
11.94,1625449482.0,64.0
10.06,1625449482.0,64.0
7.51,1625449482.0,64.0
4.45,1625449482.0,64.0
1.4,1625449482.0,64.0
-1.19,1625449482.0,64.0
-3.12,1625449482.0,64.0
-4.55,1625449482.0,64.0
-5.88,1625449482.0,64.0
-7.46,1625449482.0,64.0
-9.42,1625449482.0,64.0
-11.65,1625449482.0,64.0
-13.94,1625449482.0,64.0
-16.18,1625449482.0,64.0
-18.4,1625449482.0,64.0
-20.75,1625449482.0,64.0
-23.44,1625449482.0,64.0
-26.58,1625449482.0,64.0
-30.21,1625449482.0,64.0
-34.28,1625449482.0,64.0
-38.66,1625449482.0,64.0
-43.07,1625449482.0,64.0
-47.08,1625449482.0,64.0
-50.08,1625449482.0,64.0
-51.37,1625449482.0,64.0
-50.45,1625449482.0,64.0
-47.13,1625449482.0,64.0
-41.68,1625449482.0,64.0
-34.76,1625449482.0,64.0
-27.18,1625449482.0,64.0
-19.58,1625449482.0,64.0
-12.32,1625449482.0,64.0
-5.41,1625449482.0,64.0
1.28,1625449482.0,64.0
7.8,1625449482.0,64.0
13.92,1625449482.0,64.0
19.2,1625449482.0,64.0
23.16,1625449482.0,64.0
25.55,1625449482.0,64.0
26.55,1625449482.0,64.0
26.65,1625449482.0,64.0
26.47,1625449482.0,64.0
26.45,1625449482.0,64.0
26.7,1625449482.0,64.0
27.04,1625449482.0,64.0
27.12,1625449482.0,64.0
26.72,1625449482.0,64.0
25.8,1625449482.0,64.0
24.44,1625449482.0,64.0
22.8,1625449482.0,64.0
20.96,1625449482.0,64.0
18.94,1625449482.0,64.0
16.68,1625449482.0,64.0
14.19,1625449482.0,64.0
11.59,1625449482.0,64.0
9.03,1625449482.0,64.0
6.66,1625449482.0,64.0
4.56,1625449482.0,64.0
2.71,1625449482.0,64.0
0.93,1625449482.0,64.0
-0.94,1625449482.0,64.0
-3.1,1625449482.0,64.0
-5.63,1625449482.0,64.0
-8.45,1625449482.0,64.0
-11.37,1625449482.0,64.0
-14.18,1625449482.0,64.0
-16.69,1625449482.0,64.0
-18.92,1625449482.0,64.0
-20.98,1625449482.0,64.0
-23.06,1625449482.0,64.0
-25.4,1625449482.0,64.0
-28.17,1625449482.0,64.0
-31.45,1625449482.0,64.0
-35.14,1625449482.0,64.0
-38.95,1625449482.0,64.0
-42.35,1625449482.0,64.0
-44.68,1625449482.0,64.0
-45.38,1625449482.0,64.0
-44.15,1625449482.0,64.0
-41.01,1625449482.0,64.0
-36.31,1625449482.0,64.0
-30.55,1625449482.0,64.0
-24.12,1625449482.0,64.0
-17.29,1625449482.0,64.0
-10.18,1625449482.0,64.0
-2.93,1625449482.0,64.0
4.17,1625449482.0,64.0
10.7,1625449482.0,64.0
16.21,1625449482.0,64.0
20.39,1625449482.0,64.0
23.21,1625449482.0,64.0
24.94,1625449482.0,64.0
26.01,1625449482.0,64.0
26.89,1625449482.0,64.0
27.88,1625449482.0,64.0
29.04,1625449482.0,64.0
30.29,1625449482.0,64.0
31.43,1625449482.0,64.0
32.28,1625449482.0,64.0
32.77,1625449482.0,64.0
32.91,1625449482.0,64.0
32.69,1625449482.0,64.0
32.04,1625449482.0,64.0
30.83,1625449482.0,64.0
28.92,1625449482.0,64.0
26.29,1625449482.0,64.0
23.04,1625449482.0,64.0
19.42,1625449482.0,64.0
15.75,1625449482.0,64.0
12.32,1625449482.0,64.0
9.2,1625449482.0,64.0
6.33,1625449482.0,64.0
3.45,1625449482.0,64.0
0.36,1625449482.0,64.0
-3.0,1625449482.0,64.0
-6.51,1625449482.0,64.0
-9.92,1625449482.0,64.0
-13.01,1625449482.0,64.0
-15.7,1625449482.0,64.0
-18.14,1625449482.0,64.0
-20.52,1625449482.0,64.0
-23.04,1625449482.0,64.0
-25.78,1625449482.0,64.0
-28.71,1625449482.0,64.0
-31.76,1625449482.0,64.0
-34.79,1625449482.0,64.0
-37.62,1625449482.0,64.0
-39.92,1625449482.0,64.0
-41.25,1625449482.0,64.0
-41.1,1625449482.0,64.0
-39.14,1625449482.0,64.0
-35.34,1625449482.0,64.0
-29.99,1625449482.0,64.0
-23.6,1625449482.0,64.0
-16.65,1625449482.0,64.0
-9.46,1625449482.0,64.0
-2.19,1625449482.0,64.0
5.06,1625449482.0,64.0
12.09,1625449482.0,64.0
18.46,1625449482.0,64.0
23.69,1625449482.0,64.0
27.37,1625449482.0,64.0
29.41,1625449482.0,64.0
30.11,1625449482.0,64.0
30.06,1625449482.0,64.0
29.9,1625449482.0,64.0
30.07,1625449482.0,64.0
30.67,1625449482.0,64.0
31.43,1625449482.0,64.0
31.95,1625449482.0,64.0
31.89,1625449482.0,64.0
31.11,1625449482.0,64.0
29.71,1625449482.0,64.0
27.9,1625449482.0,64.0
25.88,1625449482.0,64.0
23.75,1625449482.0,64.0
21.49,1625449482.0,64.0
19.06,1625449482.0,64.0
16.46,1625449482.0,64.0
13.79,1625449482.0,64.0
11.18,1625449482.0,64.0
8.74,1625449482.0,64.0
6.52,1625449482.0,64.0
4.44,1625449482.0,64.0
2.4,1625449482.0,64.0
0.31,1625449482.0,64.0
-1.87,1625449482.0,64.0
-4.1,1625449482.0,64.0
-6.34,1625449482.0,64.0
-8.58,1625449482.0,64.0
-10.84,1625449482.0,64.0
-13.18,1625449482.0,64.0
-15.67,1625449482.0,64.0
-18.43,1625449482.0,64.0
-21.6,1625449482.0,64.0
-25.31,1625449482.0,64.0
-29.57,1625449482.0,64.0
-34.16,1625449482.0,64.0
-38.51,1625449482.0,64.0
-41.8,1625449482.0,64.0
-43.24,1625449482.0,64.0
-42.32,1625449482.0,64.0
-39.04,1625449482.0,64.0
-33.9,1625449482.0,64.0
-27.65,1625449482.0,64.0
-20.99,1625449482.0,64.0
-14.37,1625449482.0,64.0
-7.89,1625449482.0,64.0
-1.58,1625449482.0,64.0
4.5,1625449482.0,64.0
10.09,1625449482.0,64.0
14.84,1625449482.0,64.0
18.42,1625449482.0,64.0
20.69,1625449482.0,64.0
21.8,1625449482.0,64.0
22.11,1625449482.0,64.0
22.09,1625449482.0,64.0
22.12,1625449482.0,64.0
22.42,1625449482.0,64.0
22.97,1625449482.0,64.0
23.57,1625449482.0,64.0
23.93,1625449482.0,64.0
23.82,1625449482.0,64.0
23.18,1625449482.0,64.0
22.15,1625449482.0,64.0
20.95,1625449482.0,64.0
19.78,1625449482.0,64.0
18.7,1625449482.0,64.0
17.6,1625449482.0,64.0
16.35,1625449482.0,64.0
14.85,1625449482.0,64.0
13.19,1625449482.0,64.0
11.55,1625449482.0,64.0
10.05,1625449482.0,64.0
8.59,1625449482.0,64.0
6.95,1625449482.0,64.0
4.83,1625449482.0,64.0
2.14,1625449482.0,64.0
-0.97,1625449482.0,64.0
-4.17,1625449482.0,64.0
-7.18,1625449482.0,64.0
-9.88,1625449482.0,64.0
-12.45,1625449482.0,64.0
-15.25,1625449482.0,64.0
-18.57,1625449482.0,64.0
-22.6,1625449482.0,64.0
-27.22,1625449482.0,64.0
-32.16,1625449482.0,64.0
-36.95,1625449482.0,64.0
-41.05,1625449482.0,64.0
-43.87,1625449482.0,64.0
-44.87,1625449482.0,64.0
-43.72,1625449482.0,64.0
-40.41,1625449482.0,64.0
-35.31,1625449482.0,64.0
-29.01,1625449482.0,64.0
-22.14,1625449482.0,64.0
-15.19,1625449482.0,64.0
-8.35,1625449482.0,64.0
-1.63,1625449482.0,64.0
4.99,1625449482.0,64.0
11.4,1625449482.0,64.0
17.29,1625449482.0,64.0
22.19,1625449482.0,64.0
25.77,1625449482.0,64.0
28.0,1625449482.0,64.0
29.14,1625449482.0,64.0
29.72,1625449482.0,64.0
30.22,1625449482.0,64.0
30.89,1625449482.0,64.0
31.62,1625449482.0,64.0
32.03,1625449482.0,64.0
31.72,1625449482.0,64.0
30.5,1625449482.0,64.0
28.46,1625449482.0,64.0
25.89,1625449482.0,64.0
23.14,1625449482.0,64.0
20.39,1625449482.0,64.0
17.71,1625449482.0,64.0
15.02,1625449482.0,64.0
12.27,1625449482.0,64.0
9.52,1625449482.0,64.0
6.85,1625449482.0,64.0
4.41,1625449482.0,64.0
2.26,1625449482.0,64.0
0.36,1625449482.0,64.0
-1.38,1625449482.0,64.0
-3.07,1625449482.0,64.0
-4.81,1625449482.0,64.0
-6.67,1625449482.0,64.0
-8.69,1625449482.0,64.0
-10.88,1625449482.0,64.0
-13.27,1625449482.0,64.0
-15.92,1625449482.0,64.0
-18.92,1625449482.0,64.0
-22.4,1625449482.0,64.0
-26.45,1625449482.0,64.0
-31.01,1625449482.0,64.0
-35.8,1625449482.0,64.0
-40.28,1625449482.0,64.0
-43.74,1625449482.0,64.0
-45.5,1625449482.0,64.0
-45.09,1625449482.0,64.0
-42.4,1625449482.0,64.0
-37.67,1625449482.0,64.0
-31.36,1625449482.0,64.0
-24.04,1625449482.0,64.0
-16.2,1625449482.0,64.0
-8.24,1625449482.0,64.0
-0.44,1625449482.0,64.0
6.92,1625449482.0,64.0
13.51,1625449482.0,64.0
18.96,1625449482.0,64.0
22.94,1625449482.0,64.0
25.31,1625449482.0,64.0
26.18,1625449482.0,64.0
25.98,1625449482.0,64.0
25.3,1625449482.0,64.0
24.66,1625449482.0,64.0
24.34,1625449482.0,64.0
24.3,1625449482.0,64.0
24.29,1625449482.0,64.0
24.01,1625449482.0,64.0
23.34,1625449482.0,64.0
22.31,1625449482.0,64.0
21.06,1625449482.0,64.0
19.67,1625449482.0,64.0
18.1,1625449482.0,64.0
16.25,1625449482.0,64.0
14.05,1625449482.0,64.0
11.6,1625449482.0,64.0
9.09,1625449482.0,64.0
6.75,1625449482.0,64.0
4.65,1625449482.0,64.0
2.71,1625449482.0,64.0
0.73,1625449482.0,64.0
-1.43,1625449482.0,64.0
-3.78,1625449482.0,64.0
-6.18,1625449482.0,64.0
-8.47,1625449482.0,64.0
-10.59,1625449482.0,64.0
-12.65,1625449482.0,64.0
-14.83,1625449482.0,64.0
-17.39,1625449482.0,64.0
-20.48,1625449482.0,64.0
-24.12,1625449482.0,64.0
-28.22,1625449482.0,64.0
-32.49,1625449482.0,64.0
-36.49,1625449482.0,64.0
-39.61,1625449482.0,64.0
-41.14,1625449482.0,64.0
-40.48,1625449482.0,64.0
-37.26,1625449482.0,64.0
-31.57,1625449482.0,64.0
-23.93,1625449482.0,64.0
-15.09,1625449482.0,64.0
-5.84,1625449482.0,64.0
3.25,1625449482.0,64.0
11.78,1625449482.0,64.0
19.49,1625449482.0,64.0
26.09,1625449482.0,64.0
31.25,1625449482.0,64.0
34.66,1625449482.0,64.0
36.24,1625449482.0,64.0
36.26,1625449482.0,64.0
35.34,1625449482.0,64.0
34.24,1625449482.0,64.0
33.53,1625449482.0,64.0
33.39,1625449482.0,64.0
33.59,1625449482.0,64.0
33.62,1625449482.0,64.0
33.02,1625449482.0,64.0
31.61,1625449482.0,64.0
29.53,1625449482.0,64.0
27.14,1625449482.0,64.0
24.79,1625449482.0,64.0
22.65,1625449482.0,64.0
20.6,1625449482.0,64.0
18.35,1625449482.0,64.0
15.51,1625449482.0,64.0
11.8,1625449482.0,64.0
7.22,1625449482.0,64.0
2.04,1625449482.0,64.0
-3.18,1625449482.0,64.0
-7.76,1625449482.0,64.0
-11.18,1625449482.0,64.0
-13.31,1625449482.0,64.0
-14.49,1625449482.0,64.0
-15.39,1625449482.0,64.0
-16.83,1625449482.0,64.0
-19.35,1625449482.0,64.0
-23.06,1625449482.0,64.0
-27.73,1625449482.0,64.0
-32.86,1625449482.0,64.0
-37.92,1625449482.0,64.0
-42.51,1625449482.0,64.0
-46.3,1625449482.0,64.0
-48.96,1625449482.0,64.0
-50.16,1625449482.0,64.0
-49.57,1625449482.0,64.0
-46.99,1625449482.0,64.0
-42.48,1625449482.0,64.0
-36.39,1625449482.0,64.0
-29.3,1625449482.0,64.0
-21.94,1625449482.0,64.0
-15.0,1625449482.0,64.0
-8.98,1625449482.0,64.0
-4.12,1625449482.0,64.0
-0.48,1625449482.0,64.0
2.08,1625449482.0,64.0
3.77,1625449482.0,64.0
4.88,1625449482.0,64.0
5.73,1625449482.0,64.0
6.63,1625449482.0,64.0
7.9,1625449482.0,64.0
9.67,1625449482.0,64.0
11.9,1625449482.0,64.0
14.37,1625449482.0,64.0
16.73,1625449482.0,64.0
18.65,1625449482.0,64.0
19.9,1625449482.0,64.0
20.38,1625449482.0,64.0
20.06,1625449482.0,64.0
19.07,1625449482.0,64.0
17.57,1625449482.0,64.0
15.78,1625449482.0,64.0
13.99,1625449482.0,64.0
12.38,1625449482.0,64.0
11.01,1625449482.0,64.0
9.76,1625449482.0,64.0
8.43,1625449482.0,64.0
6.85,1625449482.0,64.0
4.99,1625449482.0,64.0
2.97,1625449482.0,64.0
0.98,1625449482.0,64.0
-0.9,1625449482.0,64.0
-2.73,1625449482.0,64.0
-4.76,1625449482.0,64.0
-7.23,1625449482.0,64.0
-10.3,1625449482.0,64.0
-13.96,1625449482.0,64.0
-18.0,1625449482.0,64.0
-22.09,1625449482.0,64.0
-25.73,1625449482.0,64.0
-28.34,1625449482.0,64.0
-29.29,1625449482.0,64.0
-28.04,1625449482.0,64.0
-24.32,1625449482.0,64.0
-18.29,1625449482.0,64.0
-10.56,1625449482.0,64.0
-1.99,1625449482.0,64.0
6.6,1625449482.0,64.0
14.67,1625449482.0,64.0
22.01,1625449482.0,64.0
28.66,1625449482.0,64.0
34.62,1625449482.0,64.0
39.7,1625449482.0,64.0
43.53,1625449482.0,64.0
45.71,1625449482.0,64.0
46.15,1625449482.0,64.0
45.21,1625449482.0,64.0
43.58,1625449482.0,64.0
42.04,1625449482.0,64.0
41.06,1625449482.0,64.0
40.6,1625449482.0,64.0
40.16,1625449482.0,64.0
39.18,1625449482.0,64.0
37.24,1625449482.0,64.0
34.42,1625449482.0,64.0
31.16,1625449482.0,64.0
27.98,1625449482.0,64.0
25.15,1625449482.0,64.0
22.6,1625449482.0,64.0
19.93,1625449482.0,64.0
16.72,1625449482.0,64.0
12.88,1625449482.0,64.0
8.6,1625449482.0,64.0
4.3,1625449482.0,64.0
0.42,1625449482.0,64.0
-2.84,1625449482.0,64.0
-5.55,1625449482.0,64.0
-7.88,1625449482.0,64.0
-10.05,1625449482.0,64.0
-12.15,1625449482.0,64.0
-14.2,1625449482.0,64.0
-16.29,1625449482.0,64.0
-18.57,1625449482.0,64.0
-21.27,1625449482.0,64.0
-24.59,1625449482.0,64.0
-28.43,1625449482.0,64.0
-32.33,1625449482.0,64.0
-35.55,1625449482.0,64.0
-37.23,1625449482.0,64.0
-36.61,1625449482.0,64.0
-33.39,1625449482.0,64.0
-27.81,1625449482.0,64.0
-20.58,1625449482.0,64.0
-12.63,1625449482.0,64.0
-4.78,1625449482.0,64.0
2.5,1625449482.0,64.0
9.08,1625449482.0,64.0
15.01,1625449482.0,64.0
20.3,1625449482.0,64.0
24.68,1625449482.0,64.0
27.77,1625449482.0,64.0
29.32,1625449482.0,64.0
29.42,1625449482.0,64.0
28.63,1625449482.0,64.0
27.76,1625449482.0,64.0
27.49,1625449482.0,64.0
28.04,1625449482.0,64.0
29.08,1625449482.0,64.0
29.93,1625449482.0,64.0
29.98,1625449482.0,64.0
28.93,1625449482.0,64.0
26.98,1625449482.0,64.0
24.63,1625449482.0,64.0
22.35,1625449482.0,64.0
20.35,1625449482.0,64.0
18.47,1625449482.0,64.0
16.37,1625449482.0,64.0
13.71,1625449482.0,64.0
10.45,1625449482.0,64.0
6.76,1625449482.0,64.0
3.01,1625449482.0,64.0
-0.49,1625449482.0,64.0
-3.55,1625449482.0,64.0
-6.21,1625449482.0,64.0
-8.61,1625449482.0,64.0
-10.92,1625449482.0,64.0
-13.27,1625449482.0,64.0
-15.7,1625449482.0,64.0
-18.23,1625449482.0,64.0
-20.9,1625449482.0,64.0
-23.83,1625449482.0,64.0
-27.14,1625449482.0,64.0
-30.83,1625449482.0,64.0
-34.66,1625449482.0,64.0
-38.06,1625449482.0,64.0
-40.31,1625449482.0,64.0
-40.63,1625449482.0,64.0
-38.62,1625449482.0,64.0
-34.3,1625449482.0,64.0
-28.17,1625449482.0,64.0
-20.97,1625449482.0,64.0
-13.38,1625449482.0,64.0
-5.86,1625449482.0,64.0
1.43,1625449482.0,64.0
8.38,1625449482.0,64.0
14.86,1625449482.0,64.0
20.5,1625449482.0,64.0
24.9,1625449482.0,64.0
27.76,1625449482.0,64.0
29.11,1625449482.0,64.0
29.32,1625449482.0,64.0
29.03,1625449482.0,64.0
28.84,1625449482.0,64.0
29.07,1625449482.0,64.0
29.69,1625449482.0,64.0
30.36,1625449482.0,64.0
30.67,1625449482.0,64.0
30.3,1625449482.0,64.0
29.17,1625449482.0,64.0
27.42,1625449482.0,64.0
25.26,1625449482.0,64.0
22.95,1625449482.0,64.0
20.66,1625449482.0,64.0
18.51,1625449482.0,64.0
16.48,1625449482.0,64.0
14.49,1625449482.0,64.0
12.43,1625449482.0,64.0
10.21,1625449482.0,64.0
7.85,1625449482.0,64.0
5.44,1625449482.0,64.0
3.07,1625449482.0,64.0
0.73,1625449482.0,64.0
-1.68,1625449482.0,64.0
-4.31,1625449482.0,64.0
-7.31,1625449482.0,64.0
-10.65,1625449482.0,64.0
-14.24,1625449482.0,64.0
-17.98,1625449482.0,64.0
-21.89,1625449482.0,64.0
-26.05,1625449482.0,64.0
-30.6,1625449482.0,64.0
-35.47,1625449482.0,64.0
-40.25,1625449482.0,64.0
-44.22,1625449482.0,64.0
-46.55,1625449482.0,64.0
-46.59,1625449482.0,64.0
-44.05,1625449482.0,64.0
-39.13,1625449482.0,64.0
-32.39,1625449482.0,64.0
-24.59,1625449482.0,64.0
-16.4,1625449482.0,64.0
-8.29,1625449482.0,64.0
-0.52,1625449482.0,64.0
6.77,1625449482.0,64.0
13.36,1625449482.0,64.0
18.93,1625449482.0,64.0
23.09,1625449482.0,64.0
25.61,1625449482.0,64.0
26.47,1625449482.0,64.0
26.1,1625449482.0,64.0
25.18,1625449482.0,64.0
24.45,1625449482.0,64.0
24.5,1625449482.0,64.0
25.42,1625449482.0,64.0
26.89,1625449482.0,64.0
28.22,1625449482.0,64.0
28.74,1625449482.0,64.0
28.03,1625449482.0,64.0
26.04,1625449482.0,64.0
23.07,1625449482.0,64.0
19.58,1625449482.0,64.0
15.92,1625449482.0,64.0
12.29,1625449482.0,64.0
8.65,1625449482.0,64.0
5.0,1625449482.0,64.0
1.42,1625449482.0,64.0
-1.91,1625449482.0,64.0
-4.82,1625449482.0,64.0
-7.34,1625449482.0,64.0
-9.65,1625449482.0,64.0
-11.96,1625449482.0,64.0
-14.3,1625449482.0,64.0
-16.47,1625449482.0,64.0
-18.23,1625449482.0,64.0
-19.49,1625449482.0,64.0
-20.43,1625449482.0,64.0
-21.48,1625449482.0,64.0
-23.03,1625449482.0,64.0
-25.26,1625449482.0,64.0
-28.06,1625449482.0,64.0
-31.1,1625449482.0,64.0
-34.08,1625449482.0,64.0
-36.71,1625449482.0,64.0
-38.74,1625449482.0,64.0
-39.81,1625449482.0,64.0
-39.42,1625449482.0,64.0
-37.11,1625449482.0,64.0
-32.67,1625449482.0,64.0
-26.36,1625449482.0,64.0
-18.78,1625449482.0,64.0
-10.78,1625449482.0,64.0
-3.05,1625449482.0,64.0
3.99,1625449482.0,64.0
10.22,1625449482.0,64.0
15.62,1625449482.0,64.0
20.14,1625449482.0,64.0
23.65,1625449482.0,64.0
25.96,1625449482.0,64.0
27.08,1625449482.0,64.0
27.2,1625449482.0,64.0
26.84,1625449482.0,64.0
26.55,1625449482.0,64.0
26.76,1625449482.0,64.0
27.53,1625449482.0,64.0
28.59,1625449482.0,64.0
29.45,1625449482.0,64.0
29.67,1625449482.0,64.0
29.08,1625449482.0,64.0
27.77,1625449482.0,64.0
25.97,1625449482.0,64.0
23.9,1625449482.0,64.0
21.58,1625449482.0,64.0
18.89,1625449482.0,64.0
15.71,1625449482.0,64.0
12.08,1625449482.0,64.0
8.23,1625449482.0,64.0
4.55,1625449482.0,64.0
1.33,1625449482.0,64.0
-1.34,1625449482.0,64.0
-3.62,1625449482.0,64.0
-5.79,1625449482.0,64.0
-8.04,1625449482.0,64.0
-10.38,1625449482.0,64.0
-12.69,1625449482.0,64.0
-14.77,1625449482.0,64.0
-16.57,1625449482.0,64.0
-18.18,1625449482.0,64.0
-19.85,1625449482.0,64.0
-21.84,1625449482.0,64.0
-24.35,1625449482.0,64.0
-27.42,1625449482.0,64.0
-30.95,1625449482.0,64.0
-34.73,1625449482.0,64.0
-38.35,1625449482.0,64.0
-41.28,1625449482.0,64.0
-42.87,1625449482.0,64.0
-42.51,1625449482.0,64.0
-39.82,1625449482.0,64.0
-34.87,1625449482.0,64.0
-28.17,1625449482.0,64.0
-20.49,1625449482.0,64.0
-12.58,1625449482.0,64.0
-4.92,1625449482.0,64.0
2.33,1625449482.0,64.0
9.13,1625449482.0,64.0
15.38,1625449482.0,64.0
20.75,1625449482.0,64.0
24.8,1625449482.0,64.0
27.23,1625449482.0,64.0
28.1,1625449482.0,64.0
27.9,1625449482.0,64.0
27.36,1625449482.0,64.0
27.1,1625449482.0,64.0
27.35,1625449482.0,64.0
27.93,1625449482.0,64.0
28.34,1625449482.0,64.0
28.14,1625449482.0,64.0
27.15,1625449482.0,64.0
25.48,1625449482.0,64.0
23.39,1625449482.0,64.0
21.11,1625449482.0,64.0
18.73,1625449482.0,64.0
16.14,1625449482.0,64.0
13.27,1625449482.0,64.0
10.14,1625449482.0,64.0
6.94,1625449482.0,64.0
3.95,1625449482.0,64.0
1.37,1625449482.0,64.0
-0.79,1625449482.0,64.0
-2.6,1625449482.0,64.0
-4.17,1625449482.0,64.0
-5.49,1625449482.0,64.0
-6.45,1625449482.0,64.0
-7.02,1625449482.0,64.0
-7.42,1625449482.0,64.0
-8.11,1625449482.0,64.0
-9.67,1625449482.0,64.0
-12.48,1625449482.0,64.0
-16.53,1625449482.0,64.0
-21.46,1625449482.0,64.0
-26.65,1625449482.0,64.0
-31.52,1625449482.0,64.0
-35.61,1625449482.0,64.0
-38.56,1625449482.0,64.0
-39.94,1625449482.0,64.0
-39.32,1625449482.0,64.0
-36.43,1625449482.0,64.0
-31.38,1625449482.0,64.0
-24.72,1625449482.0,64.0
-17.4,1625449482.0,64.0
-10.3,1625449482.0,64.0
-4.02,1625449482.0,64.0
1.33,1625449482.0,64.0
5.98,1625449482.0,64.0
10.08,1625449482.0,64.0
13.55,1625449482.0,64.0
16.1,1625449482.0,64.0
17.42,1625449482.0,64.0
17.55,1625449482.0,64.0
16.92,1625449482.0,64.0
16.21,1625449482.0,64.0
15.95,1625449482.0,64.0
16.3,1625449482.0,64.0
16.92,1625449482.0,64.0
17.25,1625449482.0,64.0
16.82,1625449482.0,64.0
15.49,1625449482.0,64.0
13.55,1625449482.0,64.0
11.38,1625449482.0,64.0
9.32,1625449482.0,64.0
7.48,1625449482.0,64.0
5.75,1625449482.0,64.0
3.95,1625449482.0,64.0
1.95,1625449482.0,64.0
-0.19,1625449482.0,64.0
-2.31,1625449482.0,64.0
-4.24,1625449482.0,64.0
-5.89,1625449482.0,64.0
-7.36,1625449482.0,64.0
-8.88,1625449482.0,64.0
-10.69,1625449482.0,64.0
-12.91,1625449482.0,64.0
-15.51,1625449482.0,64.0
-18.36,1625449482.0,64.0
-21.37,1625449482.0,64.0
-24.5,1625449482.0,64.0
-27.69,1625449482.0,64.0
-30.75,1625449482.0,64.0
-33.23,1625449482.0,64.0
-34.48,1625449482.0,64.0
-33.9,1625449482.0,64.0
-31.19,1625449482.0,64.0
-26.56,1625449482.0,64.0
-20.62,1625449482.0,64.0
-14.13,1625449482.0,64.0
-7.67,1625449482.0,64.0
-1.6,1625449482.0,64.0
3.96,1625449482.0,64.0
8.79,1625449482.0,64.0
12.61,1625449482.0,64.0
15.07,1625449482.0,64.0
16.01,1625449482.0,64.0
15.61,1625449482.0,64.0
14.47,1625449482.0,64.0
13.35,1625449482.0,64.0
12.82,1625449482.0,64.0
13.14,1625449482.0,64.0
14.06,1625449482.0,64.0
15.07,1625449482.0,64.0
15.68,1625449482.0,64.0
15.59,1625449482.0,64.0
14.71,1625449482.0,64.0
13.19,1625449482.0,64.0
11.22,1625449482.0,64.0
8.94,1625449482.0,64.0
6.4,1625449482.0,64.0
3.63,1625449482.0,64.0
0.63,1625449482.0,64.0
-2.49,1625449482.0,64.0
-5.53,1625449482.0,64.0
-8.32,1625449482.0,64.0
-10.73,1625449482.0,64.0
-12.78,1625449482.0,64.0
-14.63,1625449482.0,64.0
-16.51,1625449482.0,64.0
-18.61,1625449482.0,64.0
-21.01,1625449482.0,64.0
-23.64,1625449482.0,64.0
-26.34,1625449482.0,64.0
-28.94,1625449482.0,64.0
-31.28,1625449482.0,64.0
-33.2,1625449482.0,64.0
-34.46,1625449482.0,64.0
-34.71,1625449482.0,64.0
-33.58,1625449482.0,64.0
-30.89,1625449482.0,64.0
-26.62,1625449482.0,64.0
-21.14,1625449482.0,64.0
-14.94,1625449482.0,64.0
-8.59,1625449482.0,64.0
-2.6,1625449482.0,64.0
2.71,1625449482.0,64.0
7.1,1625449482.0,64.0
10.45,1625449482.0,64.0
12.68,1625449482.0,64.0
13.94,1625449482.0,64.0
14.49,1625449482.0,64.0
14.77,1625449482.0,64.0
15.23,1625449482.0,64.0
16.1,1625449482.0,64.0
17.36,1625449482.0,64.0
18.77,1625449482.0,64.0
19.96,1625449482.0,64.0
20.61,1625449482.0,64.0
20.64,1625449482.0,64.0
20.12,1625449482.0,64.0
19.26,1625449482.0,64.0
18.33,1625449482.0,64.0
17.58,1625449482.0,64.0
17.12,1625449482.0,64.0
16.88,1625449482.0,64.0
16.56,1625449482.0,64.0
15.69,1625449482.0,64.0
13.83,1625449482.0,64.0
10.78,1625449482.0,64.0
6.75,1625449482.0,64.0
2.31,1625449482.0,64.0
-1.84,1625449482.0,64.0
-5.3,1625449482.0,64.0
-8.21,1625449482.0,64.0
-11.18,1625449482.0,64.0
-15.02,1625449482.0,64.0
-20.1,1625449482.0,64.0
-26.09,1625449482.0,64.0
-31.95,1625449482.0,64.0
-36.36,1625449482.0,64.0
-38.34,1625449482.0,64.0
-37.62,1625449482.0,64.0
-34.62,1625449482.0,64.0
-30.08,1625449482.0,64.0
-24.57,1625449482.0,64.0
-18.25,1625449482.0,64.0
-11.08,1625449482.0,64.0
-3.17,1625449482.0,64.0
4.95,1625449482.0,64.0
12.26,1625449482.0,64.0
17.76,1625449482.0,64.0
20.85,1625449482.0,64.0
21.7,1625449482.0,64.0
21.04,1625449482.0,64.0
19.83,1625449482.0,64.0
18.79,1625449482.0,64.0
18.22,1625449482.0,64.0
18.01,1625449482.0,64.0
17.91,1625449482.0,64.0
17.69,1625449482.0,64.0
17.3,1625449482.0,64.0
16.81,1625449482.0,64.0
16.33,1625449482.0,64.0
15.86,1625449482.0,64.0
15.37,1625449482.0,64.0
14.68,1625449482.0,64.0
13.66,1625449482.0,64.0
12.18,1625449482.0,64.0
10.23,1625449482.0,64.0
7.93,1625449482.0,64.0
5.51,1625449482.0,64.0
3.19,1625449482.0,64.0
1.12,1625449482.0,64.0
-0.75,1625449482.0,64.0
-2.58,1625449482.0,64.0
-4.64,1625449482.0,64.0
-7.11,1625449482.0,64.0
-10.1,1625449482.0,64.0
-13.62,1625449482.0,64.0
-17.57,1625449482.0,64.0
-21.77,1625449482.0,64.0
-25.98,1625449482.0,64.0
-29.76,1625449482.0,64.0
-32.58,1625449482.0,64.0
-33.85,1625449482.0,64.0
-33.09,1625449482.0,64.0
-30.15,1625449482.0,64.0
-25.25,1625449482.0,64.0
-18.93,1625449482.0,64.0
-11.89,1625449482.0,64.0
-4.67,1625449482.0,64.0
2.38,1625449482.0,64.0
9.03,1625449482.0,64.0
15.06,1625449482.0,64.0
20.15,1625449482.0,64.0
23.87,1625449482.0,64.0
25.93,1625449482.0,64.0
26.34,1625449482.0,64.0
25.54,1625449482.0,64.0
24.19,1625449482.0,64.0
23.02,1625449482.0,64.0
22.46,1625449482.0,64.0
22.53,1625449482.0,64.0
22.96,1625449482.0,64.0
23.32,1625449482.0,64.0
23.24,1625449482.0,64.0
22.58,1625449482.0,64.0
21.38,1625449482.0,64.0
19.84,1625449482.0,64.0
18.08,1625449482.0,64.0
16.18,1625449482.0,64.0
14.12,1625449482.0,64.0
11.84,1625449482.0,64.0
9.36,1625449482.0,64.0
6.81,1625449482.0,64.0
4.35,1625449482.0,64.0
2.12,1625449482.0,64.0
0.14,1625449482.0,64.0
-1.78,1625449482.0,64.0
-3.93,1625449482.0,64.0
-6.58,1625449482.0,64.0
-9.87,1625449482.0,64.0
-13.79,1625449482.0,64.0
-18.14,1625449482.0,64.0
-22.72,1625449482.0,64.0
-27.26,1625449482.0,64.0
-31.45,1625449482.0,64.0
-34.92,1625449482.0,64.0
-37.14,1625449482.0,64.0
-37.59,1625449482.0,64.0
-35.89,1625449482.0,64.0
-32.0,1625449482.0,64.0
-26.23,1625449482.0,64.0
-19.18,1625449482.0,64.0
-11.46,1625449482.0,64.0
-3.58,1625449482.0,64.0
4.14,1625449482.0,64.0
11.47,1625449482.0,64.0
18.1,1625449482.0,64.0
23.57,1625449482.0,64.0
27.44,1625449482.0,64.0
29.51,1625449482.0,64.0
30.04,1625449482.0,64.0
29.7,1625449482.0,64.0
29.39,1625449482.0,64.0
29.74,1625449482.0,64.0
30.87,1625449482.0,64.0
32.31,1625449482.0,64.0
33.33,1625449482.0,64.0
33.27,1625449482.0,64.0
31.91,1625449482.0,64.0
29.51,1625449482.0,64.0
26.61,1625449482.0,64.0
23.85,1625449482.0,64.0
21.65,1625449482.0,64.0
20.21,1625449482.0,64.0
19.39,1625449482.0,64.0
18.84,1625449482.0,64.0
18.03,1625449482.0,64.0
16.38,1625449482.0,64.0
13.45,1625449482.0,64.0
9.16,1625449482.0,64.0
3.93,1625449482.0,64.0
-1.47,1625449482.0,64.0
-6.21,1625449482.0,64.0
-9.77,1625449482.0,64.0
-12.27,1625449482.0,64.0
-14.39,1625449482.0,64.0
-17.04,1625449482.0,64.0
-20.9,1625449482.0,64.0
-26.07,1625449482.0,64.0
-32.03,1625449482.0,64.0
-37.9,1625449482.0,64.0
-42.95,1625449482.0,64.0
-46.79,1625449482.0,64.0
-49.31,1625449482.0,64.0
-50.43,1625449482.0,64.0
-49.8,1625449482.0,64.0
-46.81,1625449482.0,64.0
-41.06,1625449482.0,64.0
-32.73,1625449482.0,64.0
-22.83,1625449482.0,64.0
-12.82,1625449482.0,64.0
-3.96,1625449482.0,64.0
3.28,1625449482.0,64.0
9.3,1625449482.0,64.0
14.85,1625449482.0,64.0
20.41,1625449482.0,64.0
25.71,1625449482.0,64.0
29.93,1625449482.0,64.0
32.33,1625449482.0,64.0
32.8,1625449482.0,64.0
32.04,1625449482.0,64.0
31.09,1625449482.0,64.0
30.8,1625449482.0,64.0
31.29,1625449482.0,64.0
32.08,1625449482.0,64.0
32.43,1625449482.0,64.0
31.88,1625449482.0,64.0
30.41,1625449482.0,64.0
28.29,1625449482.0,64.0
25.85,1625449482.0,64.0
23.25,1625449482.0,64.0
20.43,1625449482.0,64.0
17.3,1625449482.0,64.0
13.93,1625449482.0,64.0
10.5,1625449482.0,64.0
7.25,1625449482.0,64.0
4.27,1625449482.0,64.0
1.46,1625449482.0,64.0
-1.42,1625449482.0,64.0
-4.53,1625449482.0,64.0
-7.82,1625449482.0,64.0
-11.09,1625449482.0,64.0
-14.08,1625449482.0,64.0
-16.69,1625449482.0,64.0
-19.02,1625449482.0,64.0
-21.33,1625449482.0,64.0
-23.92,1625449482.0,64.0
-26.98,1625449482.0,64.0
-30.53,1625449482.0,64.0
-34.44,1625449482.0,64.0
-38.49,1625449482.0,64.0
-42.39,1625449482.0,64.0
-45.72,1625449482.0,64.0
-47.89,1625449482.0,64.0
-48.28,1625449482.0,64.0
-46.36,1625449482.0,64.0
-41.98,1625449482.0,64.0
-35.46,1625449482.0,64.0
-27.49,1625449482.0,64.0
-18.91,1625449482.0,64.0
-10.47,1625449482.0,64.0
-2.57,1625449482.0,64.0
4.63,1625449482.0,64.0
11.1,1625449482.0,64.0
16.76,1625449482.0,64.0
21.38,1625449482.0,64.0
24.67,1625449482.0,64.0
26.51,1625449482.0,64.0
27.03,1625449482.0,64.0
26.64,1625449482.0,64.0
25.93,1625449482.0,64.0
25.35,1625449482.0,64.0
25.09,1625449482.0,64.0
25.05,1625449482.0,64.0
24.9,1625449482.0,64.0
24.36,1625449482.0,64.0
23.31,1625449482.0,64.0
21.87,1625449482.0,64.0
20.25,1625449482.0,64.0
18.61,1625449482.0,64.0
17.02,1625449482.0,64.0
15.39,1625449482.0,64.0
13.65,1625449482.0,64.0
11.75,1625449482.0,64.0
9.8,1625449482.0,64.0
7.98,1625449482.0,64.0
6.41,1625449482.0,64.0
5.07,1625449482.0,64.0
3.8,1625449482.0,64.0
2.33,1625449482.0,64.0
0.51,1625449482.0,64.0
-1.74,1625449482.0,64.0
-4.37,1625449482.0,64.0
-7.26,1625449482.0,64.0
-10.25,1625449482.0,64.0
-13.21,1625449482.0,64.0
-16.06,1625449482.0,64.0
-18.81,1625449482.0,64.0
-21.5,1625449482.0,64.0
-24.28,1625449482.0,64.0
-27.24,1625449482.0,64.0
-30.35,1625449482.0,64.0
-33.26,1625449482.0,64.0
-35.36,1625449482.0,64.0
-35.95,1625449482.0,64.0
-34.49,1625449482.0,64.0
-30.88,1625449482.0,64.0
-25.5,1625449482.0,64.0
-19.05,1625449482.0,64.0
-12.22,1625449482.0,64.0
-5.42,1625449482.0,64.0
1.18,1625449482.0,64.0
7.56,1625449482.0,64.0
13.55,1625449482.0,64.0
18.78,1625449482.0,64.0
22.76,1625449482.0,64.0
25.23,1625449482.0,64.0
26.28,1625449482.0,64.0
26.38,1625449482.0,64.0
26.07,1625449482.0,64.0
25.72,1625449482.0,64.0
25.31,1625449482.0,64.0
24.64,1625449482.0,64.0
23.55,1625449482.0,64.0
22.09,1625449482.0,64.0
20.54,1625449482.0,64.0
19.17,1625449482.0,64.0
18.05,1625449482.0,64.0
16.94,1625449482.0,64.0
15.51,1625449482.0,64.0
13.57,1625449482.0,64.0
11.29,1625449482.0,64.0
9.14,1625449482.0,64.0
7.54,1625449482.0,64.0
6.62,1625449482.0,64.0
6.13,1625449482.0,64.0
5.58,1625449482.0,64.0
4.57,1625449482.0,64.0
3.01,1625449482.0,64.0
1.15,1625449482.0,64.0
-0.67,1625449482.0,64.0
-2.32,1625449482.0,64.0
-4.01,1625449482.0,64.0
-6.18,1625449482.0,64.0
-9.17,1625449482.0,64.0
-13.02,1625449482.0,64.0
-17.41,1625449482.0,64.0
-21.88,1625449482.0,64.0
-25.98,1625449482.0,64.0
-29.44,1625449482.0,64.0
-32.07,1625449482.0,64.0
-33.66,1625449482.0,64.0
-33.86,1625449482.0,64.0
-32.25,1625449482.0,64.0
-28.61,1625449482.0,64.0
-23.04,1625449482.0,64.0
-16.1,1625449482.0,64.0
-8.59,1625449482.0,64.0
-1.29,1625449482.0,64.0
5.29,1625449482.0,64.0
11.03,1625449482.0,64.0
15.98,1625449482.0,64.0
20.16,1625449482.0,64.0
23.46,1625449482.0,64.0
25.6,1625449482.0,64.0
26.42,1625449482.0,64.0
26.0,1625449482.0,64.0
24.82,1625449482.0,64.0
23.54,1625449482.0,64.0
22.75,1625449482.0,64.0
22.66,1625449482.0,64.0
23.02,1625449482.0,64.0
23.27,1625449482.0,64.0
22.85,1625449482.0,64.0
21.52,1625449482.0,64.0
19.41,1625449482.0,64.0
16.87,1625449482.0,64.0
14.25,1625449482.0,64.0
11.67,1625449482.0,64.0
9.11,1625449482.0,64.0
6.43,1625449482.0,64.0
3.64,1625449482.0,64.0
0.9,1625449482.0,64.0
-1.58,1625449482.0,64.0
-3.63,1625449482.0,64.0
-5.27,1625449482.0,64.0
-6.65,1625449482.0,64.0
-8.04,1625449482.0,64.0
-9.63,1625449482.0,64.0
-11.59,1625449482.0,64.0
-13.95,1625449482.0,64.0
-16.68,1625449482.0,64.0
-19.75,1625449482.0,64.0
-23.05,1625449482.0,64.0
-26.53,1625449482.0,64.0
-30.12,1625449482.0,64.0
-33.77,1625449482.0,64.0
-37.32,1625449482.0,64.0
-40.47,1625449482.0,64.0
-42.73,1625449482.0,64.0
-43.53,1625449482.0,64.0
-42.44,1625449482.0,64.0
-39.33,1625449482.0,64.0
-34.46,1625449482.0,64.0
-28.36,1625449482.0,64.0
-21.67,1625449482.0,64.0
-14.8,1625449482.0,64.0
-7.96,1625449482.0,64.0
-1.12,1625449482.0,64.0
5.7,1625449482.0,64.0
12.33,1625449482.0,64.0
18.35,1625449482.0,64.0
23.26,1625449482.0,64.0
26.68,1625449482.0,64.0
28.57,1625449482.0,64.0
29.26,1625449482.0,64.0
29.3,1625449482.0,64.0
29.22,1625449482.0,64.0
29.32,1625449482.0,64.0
29.54,1625449482.0,64.0
29.63,1625449482.0,64.0
29.29,1625449482.0,64.0
28.37,1625449482.0,64.0
27.0,1625449482.0,64.0
25.32,1625449482.0,64.0
23.53,1625449482.0,64.0
21.62,1625449482.0,64.0
19.46,1625449482.0,64.0
16.92,1625449482.0,64.0
13.99,1625449482.0,64.0
10.87,1625449482.0,64.0
7.86,1625449482.0,64.0
5.22,1625449482.0,64.0
2.98,1625449482.0,64.0
0.97,1625449482.0,64.0
-1.09,1625449482.0,64.0
-3.34,1625449482.0,64.0
-5.79,1625449482.0,64.0
-8.32,1625449482.0,64.0
-10.94,1625449482.0,64.0
-13.8,1625449482.0,64.0
-17.17,1625449482.0,64.0
-21.18,1625449482.0,64.0
-25.61,1625449482.0,64.0
-29.95,1625449482.0,64.0
-33.66,1625449482.0,64.0
-36.5,1625449482.0,64.0
-38.71,1625449482.0,64.0
-40.77,1625449482.0,64.0
-42.96,1625449482.0,64.0
-44.9,1625449482.0,64.0
-45.67,1625449482.0,64.0
-44.31,1625449482.0,64.0
-40.54,1625449482.0,64.0
-35.0,1625449482.0,64.0
-29.03,1625449482.0,64.0
-23.85,1625449482.0,64.0
-19.82,1625449482.0,64.0
-16.27,1625449482.0,64.0
-12.03,1625449482.0,64.0
-6.3,1625449482.0,64.0
0.71,1625449482.0,64.0
7.77,1625449482.0,64.0
13.43,1625449482.0,64.0
16.81,1625449482.0,64.0
18.1,1625449482.0,64.0
18.32,1625449482.0,64.0
18.67,1625449482.0,64.0
19.76,1625449482.0,64.0
21.44,1625449482.0,64.0
23.05,1625449482.0,64.0
23.94,1625449482.0,64.0
23.81,1625449482.0,64.0
22.82,1625449482.0,64.0
21.36,1625449482.0,64.0
19.77,1625449482.0,64.0
18.19,1625449482.0,64.0
16.58,1625449482.0,64.0
14.82,1625449482.0,64.0
12.85,1625449482.0,64.0
10.69,1625449482.0,64.0
8.38,1625449482.0,64.0
6.05,1625449482.0,64.0
3.78,1625449482.0,64.0
1.62,1625449482.0,64.0
-0.47,1625449482.0,64.0
-2.69,1625449482.0,64.0
-5.22,1625449482.0,64.0
-8.23,1625449482.0,64.0
-11.68,1625449482.0,64.0
-15.31,1625449482.0,64.0
-18.81,1625449482.0,64.0
-21.92,1625449482.0,64.0
-24.61,1625449482.0,64.0
-27.11,1625449482.0,64.0
-29.76,1625449482.0,64.0
-32.79,1625449482.0,64.0
-36.21,1625449482.0,64.0
-39.75,1625449482.0,64.0
-42.86,1625449482.0,64.0
-44.87,1625449482.0,64.0
-45.22,1625449482.0,64.0
-43.51,1625449482.0,64.0
-39.7,1625449482.0,64.0
-34.07,1625449482.0,64.0
-27.18,1625449482.0,64.0
-19.7,1625449482.0,64.0
-12.22,1625449482.0,64.0
-5.11,1625449482.0,64.0
1.5,1625449482.0,64.0
7.58,1625449482.0,64.0
13.1,1625449482.0,64.0
17.89,1625449482.0,64.0
21.72,1625449482.0,64.0
24.42,1625449482.0,64.0
26.02,1625449482.0,64.0
26.8,1625449482.0,64.0
27.17,1625449482.0,64.0
27.53,1625449482.0,64.0
28.07,1625449482.0,64.0
28.72,1625449482.0,64.0
29.21,1625449482.0,64.0
29.24,1625449482.0,64.0
28.6,1625449482.0,64.0
27.3,1625449482.0,64.0
25.55,1625449482.0,64.0
23.58,1625449482.0,64.0
21.57,1625449482.0,64.0
19.57,1625449482.0,64.0
17.47,1625449482.0,64.0
15.16,1625449482.0,64.0
12.55,1625449482.0,64.0
9.74,1625449482.0,64.0
6.85,1625449482.0,64.0
4.03,1625449482.0,64.0
1.34,1625449482.0,64.0
-1.28,1625449482.0,64.0
-3.96,1625449482.0,64.0
-6.78,1625449482.0,64.0
-9.68,1625449482.0,64.0
-12.56,1625449482.0,64.0
-15.22,1625449482.0,64.0
-17.62,1625449482.0,64.0
-19.85,1625449482.0,64.0
-22.15,1625449482.0,64.0
-24.74,1625449482.0,64.0
-27.77,1625449482.0,64.0
-31.14,1625449482.0,64.0
-34.48,1625449482.0,64.0
-37.18,1625449482.0,64.0
-38.5,1625449482.0,64.0
-37.84,1625449482.0,64.0
-34.87,1625449482.0,64.0
-29.72,1625449482.0,64.0
-22.93,1625449482.0,64.0
-15.25,1625449482.0,64.0
-7.43,1625449482.0,64.0
0.03,1625449482.0,64.0
6.85,1625449482.0,64.0
12.93,1625449482.0,64.0
18.17,1625449482.0,64.0
22.4,1625449482.0,64.0
25.46,1625449482.0,64.0
27.36,1625449482.0,64.0
28.42,1625449482.0,64.0
29.18,1625449482.0,64.0
30.17,1625449482.0,64.0
31.73,1625449482.0,64.0
33.7,1625449482.0,64.0
35.59,1625449482.0,64.0
36.78,1625449482.0,64.0
36.73,1625449482.0,64.0
35.19,1625449482.0,64.0
32.21,1625449482.0,64.0
28.04,1625449482.0,64.0
23.09,1625449482.0,64.0
17.89,1625449482.0,64.0
12.99,1625449482.0,64.0
8.89,1625449482.0,64.0
5.86,1625449482.0,64.0
3.81,1625449482.0,64.0
2.3,1625449482.0,64.0
0.87,1625449482.0,64.0
-0.82,1625449482.0,64.0
-2.77,1625449482.0,64.0
-4.73,1625449482.0,64.0
-6.45,1625449482.0,64.0
-7.88,1625449482.0,64.0
-9.26,1625449482.0,64.0
-10.98,1625449482.0,64.0
-13.31,1625449482.0,64.0
-16.36,1625449482.0,64.0
-19.97,1625449482.0,64.0
-23.92,1625449482.0,64.0
-27.95,1625449482.0,64.0
-31.74,1625449482.0,64.0
-34.8,1625449482.0,64.0
-36.51,1625449482.0,64.0
-36.23,1625449482.0,64.0
-33.55,1625449482.0,64.0
-28.57,1625449482.0,64.0
-21.82,1625449482.0,64.0
-14.15,1625449482.0,64.0
-6.32,1625449482.0,64.0
1.11,1625449482.0,64.0
7.91,1625449482.0,64.0
13.97,1625449482.0,64.0
19.12,1625449482.0,64.0
23.13,1625449482.0,64.0
25.73,1625449482.0,64.0
26.88,1625449482.0,64.0
26.87,1625449482.0,64.0
26.26,1625449482.0,64.0
25.68,1625449482.0,64.0
25.54,1625449482.0,64.0
25.87,1625449482.0,64.0
26.35,1625449482.0,64.0
26.56,1625449482.0,64.0
26.19,1625449482.0,64.0
25.2,1625449482.0,64.0
23.8,1625449482.0,64.0
22.21,1625449482.0,64.0
20.53,1625449482.0,64.0
18.64,1625449482.0,64.0
16.31,1625449482.0,64.0
13.39,1625449482.0,64.0
9.91,1625449482.0,64.0
6.14,1625449482.0,64.0
2.48,1625449482.0,64.0
-0.71,1625449482.0,64.0
-3.29,1625449482.0,64.0
-5.3,1625449482.0,64.0
-6.97,1625449482.0,64.0
-8.51,1625449482.0,64.0
-10.13,1625449482.0,64.0
-11.94,1625449482.0,64.0
-14.04,1625449482.0,64.0
-16.52,1625449482.0,64.0
-19.46,1625449482.0,64.0
-22.91,1625449482.0,64.0
-26.79,1625449482.0,64.0
-30.84,1625449482.0,64.0
-34.55,1625449482.0,64.0
-37.32,1625449482.0,64.0
-38.54,1625449482.0,64.0
-37.84,1625449482.0,64.0
-35.18,1625449482.0,64.0
-30.86,1625449482.0,64.0
-25.32,1625449482.0,64.0
-19.02,1625449482.0,64.0
-12.26,1625449482.0,64.0
-5.18,1625449482.0,64.0
2.12,1625449482.0,64.0
9.42,1625449482.0,64.0
16.3,1625449482.0,64.0
22.13,1625449482.0,64.0
26.36,1625449482.0,64.0
28.69,1625449482.0,64.0
29.27,1625449482.0,64.0
28.64,1625449482.0,64.0
27.59,1625449482.0,64.0
26.84,1625449482.0,64.0
26.8,1625449482.0,64.0
27.45,1625449482.0,64.0
28.42,1625449482.0,64.0
29.17,1625449482.0,64.0
29.28,1625449482.0,64.0
28.63,1625449482.0,64.0
27.36,1625449482.0,64.0
25.75,1625449482.0,64.0
23.97,1625449482.0,64.0
22.05,1625449482.0,64.0
19.88,1625449482.0,64.0
17.34,1625449482.0,64.0
14.46,1625449482.0,64.0
11.4,1625449482.0,64.0
8.36,1625449482.0,64.0
5.48,1625449482.0,64.0
2.76,1625449482.0,64.0
0.09,1625449482.0,64.0
-2.64,1625449482.0,64.0
-5.46,1625449482.0,64.0
-8.31,1625449482.0,64.0
-11.13,1625449482.0,64.0
-13.91,1625449482.0,64.0
-16.75,1625449482.0,64.0
-19.87,1625449482.0,64.0
-23.46,1625449482.0,64.0
-27.67,1625449482.0,64.0
-32.44,1625449482.0,64.0
-37.51,1625449482.0,64.0
-42.39,1625449482.0,64.0
-46.43,1625449482.0,64.0
-48.85,1625449482.0,64.0
-49.06,1625449482.0,64.0
-46.7,1625449482.0,64.0
-41.79,1625449482.0,64.0
-34.7,1625449482.0,64.0
-26.01,1625449482.0,64.0
-16.39,1625449482.0,64.0
-6.43,1625449482.0,64.0
3.36,1625449482.0,64.0
12.5,1625449482.0,64.0
20.36,1625449482.0,64.0
26.27,1625449482.0,64.0
29.68,1625449482.0,64.0
30.37,1625449482.0,64.0
28.72,1625449482.0,64.0
25.67,1625449482.0,64.0
22.41,1625449482.0,64.0
20.0,1625449482.0,64.0
18.9,1625449482.0,64.0
18.94,1625449482.0,64.0
19.43,1625449482.0,64.0
19.69,1625449482.0,64.0
19.33,1625449482.0,64.0
18.41,1625449482.0,64.0
17.27,1625449482.0,64.0
16.19,1625449482.0,64.0
15.18,1625449482.0,64.0
13.96,1625449482.0,64.0
12.2,1625449482.0,64.0
9.85,1625449482.0,64.0
7.15,1625449482.0,64.0
4.57,1625449482.0,64.0
2.47,1625449482.0,64.0
0.91,1625449482.0,64.0
-0.43,1625449482.0,64.0
-1.94,1625449482.0,64.0
-3.9,1625449482.0,64.0
-6.24,1625449482.0,64.0
-8.63,1625449482.0,64.0
-10.74,1625449482.0,64.0
-12.46,1625449482.0,64.0
-13.99,1625449482.0,64.0
-15.66,1625449482.0,64.0
-17.84,1625449482.0,64.0
-20.7,1625449482.0,64.0
-24.22,1625449482.0,64.0
-28.24,1625449482.0,64.0
-32.54,1625449482.0,64.0
-36.8,1625449482.0,64.0
-40.58,1625449482.0,64.0
-43.3,1625449482.0,64.0
-44.36,1625449482.0,64.0
-43.3,1625449482.0,64.0
-40.03,1625449482.0,64.0
-34.86,1625449482.0,64.0
-28.37,1625449482.0,64.0
-21.18,1625449482.0,64.0
-13.79,1625449482.0,64.0
-6.4,1625449482.0,64.0
0.91,1625449482.0,64.0
7.97,1625449482.0,64.0
14.48,1625449482.0,64.0
19.97,1625449482.0,64.0
23.99,1625449482.0,64.0
26.35,1625449482.0,64.0
27.24,1625449482.0,64.0
27.2,1625449482.0,64.0
26.93,1625449482.0,64.0
27.0,1625449482.0,64.0
27.64,1625449482.0,64.0
28.69,1625449482.0,64.0
29.73,1625449482.0,64.0
30.31,1625449482.0,64.0
30.16,1625449482.0,64.0
29.3,1625449482.0,64.0
27.93,1625449482.0,64.0
26.27,1625449482.0,64.0
24.45,1625449482.0,64.0
22.44,1625449482.0,64.0
20.13,1625449482.0,64.0
17.41,1625449482.0,64.0
14.34,1625449482.0,64.0
11.08,1625449482.0,64.0
7.84,1625449482.0,64.0
4.77,1625449482.0,64.0
1.9,1625449482.0,64.0
-0.84,1625449482.0,64.0
-3.52,1625449482.0,64.0
-6.16,1625449482.0,64.0
-8.7,1625449482.0,64.0
-11.06,1625449482.0,64.0
-13.18,1625449482.0,64.0
-15.07,1625449482.0,64.0
-16.85,1625449482.0,64.0
-18.69,1625449482.0,64.0
-20.83,1625449482.0,64.0
-23.46,1625449482.0,64.0
-26.72,1625449482.0,64.0
-30.45,1625449482.0,64.0
-34.25,1625449482.0,64.0
-37.45,1625449482.0,64.0
-39.3,1625449482.0,64.0
-39.21,1625449482.0,64.0
-36.91,1625449482.0,64.0
-32.57,1625449482.0,64.0
-26.69,1625449482.0,64.0
-19.91,1625449482.0,64.0
-12.75,1625449482.0,64.0
-5.55,1625449482.0,64.0
1.45,1625449482.0,64.0
8.06,1625449482.0,64.0
13.91,1625449482.0,64.0
18.6,1625449482.0,64.0
21.81,1625449482.0,64.0
23.5,1625449482.0,64.0
24.05,1625449482.0,64.0
24.08,1625449482.0,64.0
24.28,1625449482.0,64.0
25.02,1625449482.0,64.0
26.29,1625449482.0,64.0
27.69,1625449482.0,64.0
28.67,1625449482.0,64.0
28.84,1625449482.0,64.0
28.11,1625449482.0,64.0
26.7,1625449482.0,64.0
25.0,1625449482.0,64.0
23.3,1625449482.0,64.0
21.74,1625449482.0,64.0
20.29,1625449482.0,64.0
18.8,1625449482.0,64.0
17.17,1625449482.0,64.0
15.29,1625449482.0,64.0
13.08,1625449482.0,64.0
10.51,1625449482.0,64.0
7.55,1625449482.0,64.0
4.31,1625449482.0,64.0
0.98,1625449482.0,64.0
-2.12,1625449482.0,64.0
-4.65,1625449482.0,64.0
-6.39,1625449482.0,64.0
-7.34,1625449482.0,64.0
-7.77,1625449482.0,64.0
-8.23,1625449482.0,64.0
-9.36,1625449482.0,64.0
-11.72,1625449482.0,64.0
-15.55,1625449482.0,64.0
-20.57,1625449482.0,64.0
-26.09,1625449482.0,64.0
-31.2,1625449482.0,64.0
-35.16,1625449482.0,64.0
-37.55,1625449482.0,64.0
-38.28,1625449482.0,64.0
-37.35,1625449482.0,64.0
-34.71,1625449482.0,64.0
-30.21,1625449482.0,64.0
-23.83,1625449482.0,64.0
-15.93,1625449482.0,64.0
-7.32,1625449482.0,64.0
0.96,1625449482.0,64.0
7.98,1625449482.0,64.0
13.37,1625449482.0,64.0
17.26,1625449482.0,64.0
20.09,1625449482.0,64.0
22.24,1625449482.0,64.0
23.83,1625449482.0,64.0
24.79,1625449482.0,64.0
25.09,1625449482.0,64.0
24.87,1625449482.0,64.0
24.44,1625449482.0,64.0
24.07,1625449482.0,64.0
23.77,1625449482.0,64.0
23.28,1625449482.0,64.0
22.28,1625449482.0,64.0
20.59,1625449482.0,64.0
18.34,1625449482.0,64.0
15.9,1625449482.0,64.0
13.69,1625449482.0,64.0
11.97,1625449482.0,64.0
10.8,1625449482.0,64.0
10.01,1625449482.0,64.0
9.37,1625449482.0,64.0
8.65,1625449482.0,64.0
7.69,1625449482.0,64.0
6.35,1625449482.0,64.0
4.55,1625449482.0,64.0
2.27,1625449482.0,64.0
-0.44,1625449482.0,64.0
-3.42,1625449482.0,64.0
-6.51,1625449482.0,64.0
-9.61,1625449482.0,64.0
-12.69,1625449482.0,64.0
-15.87,1625449482.0,64.0
-19.32,1625449482.0,64.0
-23.22,1625449482.0,64.0
-27.64,1625449482.0,64.0
-32.43,1625449482.0,64.0
-37.13,1625449482.0,64.0
-41.09,1625449482.0,64.0
-43.51,1625449482.0,64.0
-43.78,1625449482.0,64.0
-41.65,1625449482.0,64.0
-37.35,1625449482.0,64.0
-31.42,1625449482.0,64.0
-24.58,1625449482.0,64.0
-17.41,1625449482.0,64.0
-10.2,1625449482.0,64.0
-3.06,1625449482.0,64.0
4.02,1625449482.0,64.0
10.92,1625449482.0,64.0
17.37,1625449482.0,64.0
22.94,1625449482.0,64.0
27.24,1625449482.0,64.0
30.03,1625449482.0,64.0
31.36,1625449482.0,64.0
31.54,1625449482.0,64.0
31.06,1625449482.0,64.0
30.39,1625449482.0,64.0
29.83,1625449482.0,64.0
29.42,1625449482.0,64.0
29.0,1625449482.0,64.0
28.32,1625449482.0,64.0
27.19,1625449482.0,64.0
25.55,1625449482.0,64.0
23.52,1625449482.0,64.0
21.22,1625449482.0,64.0
18.78,1625449482.0,64.0
16.27,1625449482.0,64.0
13.72,1625449482.0,64.0
11.15,1625449482.0,64.0
8.6,1625449482.0,64.0
6.11,1625449482.0,64.0
3.7,1625449482.0,64.0
1.35,1625449482.0,64.0
-1.02,1625449482.0,64.0
-3.44,1625449482.0,64.0
-5.95,1625449482.0,64.0
-8.52,1625449482.0,64.0
-11.13,1625449482.0,64.0
-13.77,1625449482.0,64.0
-16.47,1625449482.0,64.0
-19.27,1625449482.0,64.0
-22.23,1625449482.0,64.0
-25.39,1625449482.0,64.0
-28.74,1625449482.0,64.0
-32.25,1625449482.0,64.0
-35.85,1625449482.0,64.0
-39.34,1625449482.0,64.0
-42.42,1625449482.0,64.0
-44.63,1625449482.0,64.0
-45.48,1625449482.0,64.0
-44.56,1625449482.0,64.0
-41.73,1625449482.0,64.0
-37.14,1625449482.0,64.0
-31.15,1625449482.0,64.0
-24.23,1625449482.0,64.0
-16.77,1625449482.0,64.0
-9.05,1625449482.0,64.0
-1.2,1625449482.0,64.0
6.56,1625449482.0,64.0
13.92,1625449482.0,64.0
20.43,1625449482.0,64.0
25.65,1625449482.0,64.0
29.38,1625449482.0,64.0
31.64,1625449482.0,64.0
32.77,1625449482.0,64.0
33.18,1625449482.0,64.0
33.22,1625449482.0,64.0
33.07,1625449482.0,64.0
32.71,1625449482.0,64.0
32.01,1625449482.0,64.0
30.81,1625449482.0,64.0
29.07,1625449482.0,64.0
26.97,1625449482.0,64.0
24.94,1625449482.0,64.0
23.52,1625449482.0,64.0
23.12,1625449482.0,64.0
23.72,1625449482.0,64.0
24.81,1625449482.0,64.0
25.51,1625449482.0,64.0
24.85,1625449482.0,64.0
22.31,1625449482.0,64.0
18.01,1625449482.0,64.0
12.73,1625449482.0,64.0
7.38,1625449482.0,64.0
2.63,1625449482.0,64.0
-1.5,1625449482.0,64.0
-5.44,1625449482.0,64.0
-9.77,1625449482.0,64.0
-14.75,1625449482.0,64.0
-20.13,1625449482.0,64.0
-25.33,1625449482.0,64.0
-29.72,1625449482.0,64.0
-33.07,1625449482.0,64.0
-35.62,1625449482.0,64.0
-37.95,1625449482.0,64.0
-40.61,1625449482.0,64.0
-43.85,1625449482.0,64.0
-47.47,1625449482.0,64.0
-50.93,1625449482.0,64.0
-53.6,1625449482.0,64.0
-54.87,1625449482.0,64.0
-54.39,1625449482.0,64.0
-51.99,1625449482.0,64.0
-47.77,1625449482.0,64.0
-41.95,1625449482.0,64.0
-34.94,1625449482.0,64.0
-27.21,1625449482.0,64.0
-19.18,1625449482.0,64.0
-11.14,1625449482.0,64.0
-3.29,1625449482.0,64.0
4.24,1625449482.0,64.0
11.21,1625449482.0,64.0
17.3,1625449482.0,64.0
22.16,1625449482.0,64.0
25.58,1625449482.0,64.0
27.65,1625449482.0,64.0
28.75,1625449482.0,64.0
29.41,1625449482.0,64.0
30.08,1625449482.0,64.0
30.92,1625449482.0,64.0
31.82,1625449482.0,64.0
32.48,1625449482.0,64.0
32.65,1625449482.0,64.0
32.22,1625449482.0,64.0
31.3,1625449482.0,64.0
30.04,1625449482.0,64.0
28.51,1625449482.0,64.0
26.65,1625449482.0,64.0
24.31,1625449482.0,64.0
21.39,1625449482.0,64.0
17.98,1625449482.0,64.0
14.32,1625449482.0,64.0
10.8,1625449482.0,64.0
7.7,1625449482.0,64.0
5.1,1625449482.0,64.0
2.82,1625449482.0,64.0
0.6,1625449482.0,64.0
-1.76,1625449482.0,64.0
-4.26,1625449482.0,64.0
-6.77,1625449482.0,64.0
-9.07,1625449482.0,64.0
-11.04,1625449482.0,64.0
-12.76,1625449482.0,64.0
-14.4,1625449482.0,64.0
-16.24,1625449482.0,64.0
-18.46,1625449482.0,64.0
-21.18,1625449482.0,64.0
-24.4,1625449482.0,64.0
-28.02,1625449482.0,64.0
-31.83,1625449482.0,64.0
-35.47,1625449482.0,64.0
-38.42,1625449482.0,64.0
-40.09,1625449482.0,64.0
-39.97,1625449482.0,64.0
-37.74,1625449482.0,64.0
-33.43,1625449482.0,64.0
-27.4,1625449482.0,64.0
-20.23,1625449482.0,64.0
-12.57,1625449482.0,64.0
-4.97,1625449482.0,64.0
2.2,1625449482.0,64.0
8.81,1625449482.0,64.0
14.77,1625449482.0,64.0
20.02,1625449482.0,64.0
24.38,1625449482.0,64.0
27.63,1625449482.0,64.0
29.62,1625449482.0,64.0
30.37,1625449482.0,64.0
30.17,1625449482.0,64.0
29.49,1625449482.0,64.0
28.79,1625449482.0,64.0
28.33,1625449482.0,64.0
28.03,1625449482.0,64.0
27.66,1625449482.0,64.0
26.95,1625449482.0,64.0
25.77,1625449482.0,64.0
24.18,1625449482.0,64.0
22.31,1625449482.0,64.0
20.27,1625449482.0,64.0
18.06,1625449482.0,64.0
15.67,1625449482.0,64.0
13.19,1625449482.0,64.0
10.79,1625449482.0,64.0
8.73,1625449482.0,64.0
7.11,1625449482.0,64.0
5.83,1625449482.0,64.0
4.57,1625449482.0,64.0
3.01,1625449482.0,64.0
0.99,1625449482.0,64.0
-1.4,1625449482.0,64.0
-3.93,1625449482.0,64.0
-6.5,1625449482.0,64.0
-9.12,1625449482.0,64.0
-11.98,1625449482.0,64.0
-15.16,1625449482.0,64.0
-18.56,1625449482.0,64.0
-21.97,1625449482.0,64.0
-25.25,1625449482.0,64.0
-28.44,1625449482.0,64.0
-31.75,1625449482.0,64.0
-35.23,1625449482.0,64.0
-38.42,1625449482.0,64.0
-40.46,1625449482.0,64.0
-40.35,1625449482.0,64.0
-37.48,1625449482.0,64.0
-32.05,1625449482.0,64.0
-25.03,1625449482.0,64.0
-17.62,1625449482.0,64.0
-10.72,1625449482.0,64.0
-4.57,1625449482.0,64.0
1.15,1625449482.0,64.0
6.78,1625449482.0,64.0
12.32,1625449482.0,64.0
17.26,1625449482.0,64.0
20.91,1625449482.0,64.0
22.87,1625449482.0,64.0
23.29,1625449482.0,64.0
22.84,1625449482.0,64.0
22.32,1625449482.0,64.0
22.22,1625449482.0,64.0
22.58,1625449482.0,64.0
23.12,1625449482.0,64.0
23.45,1625449482.0,64.0
23.38,1625449482.0,64.0
22.97,1625449482.0,64.0
22.35,1625449482.0,64.0
21.6,1625449482.0,64.0
20.68,1625449482.0,64.0
19.46,1625449482.0,64.0
17.91,1625449482.0,64.0
16.07,1625449482.0,64.0
14.08,1625449482.0,64.0
12.04,1625449482.0,64.0
9.96,1625449482.0,64.0
7.76,1625449482.0,64.0
5.32,1625449482.0,64.0
2.62,1625449482.0,64.0
-0.24,1625449482.0,64.0
-3.14,1625449482.0,64.0
-5.93,1625449482.0,64.0
-8.54,1625449482.0,64.0
-11.05,1625449482.0,64.0
-13.58,1625449482.0,64.0
-16.25,1625449482.0,64.0
-19.16,1625449482.0,64.0
-22.39,1625449482.0,64.0
-25.99,1625449482.0,64.0
-29.95,1625449482.0,64.0
-34.05,1625449482.0,64.0
-37.81,1625449482.0,64.0
-40.55,1625449482.0,64.0
-41.47,1625449482.0,64.0
-40.0,1625449482.0,64.0
-36.06,1625449482.0,64.0
-30.06,1625449482.0,64.0
-22.88,1625449482.0,64.0
-15.42,1625449482.0,64.0
-8.29,1625449482.0,64.0
-1.67,1625449482.0,64.0
4.57,1625449482.0,64.0
10.56,1625449482.0,64.0
16.25,1625449482.0,64.0
21.24,1625449482.0,64.0
25.06,1625449482.0,64.0
27.32,1625449482.0,64.0
28.08,1625449482.0,64.0
27.75,1625449482.0,64.0
26.99,1625449482.0,64.0
26.37,1625449482.0,64.0
26.23,1625449482.0,64.0
26.58,1625449482.0,64.0
27.2,1625449482.0,64.0
27.8,1625449482.0,64.0
28.04,1625449482.0,64.0
27.73,1625449482.0,64.0
26.78,1625449482.0,64.0
25.19,1625449482.0,64.0
23.08,1625449482.0,64.0
20.63,1625449482.0,64.0
17.98,1625449482.0,64.0
15.27,1625449482.0,64.0
12.52,1625449482.0,64.0
9.75,1625449482.0,64.0
7.0,1625449482.0,64.0
4.34,1625449482.0,64.0
1.9,1625449482.0,64.0
-0.31,1625449482.0,64.0
-2.36,1625449482.0,64.0
-4.45,1625449482.0,64.0
-6.82,1625449482.0,64.0
-9.59,1625449482.0,64.0
-12.77,1625449482.0,64.0
-16.29,1625449482.0,64.0
-20.07,1625449482.0,64.0
-24.12,1625449482.0,64.0
-28.49,1625449482.0,64.0
-33.13,1625449482.0,64.0
-37.76,1625449482.0,64.0
-41.8,1625449482.0,64.0
-44.51,1625449482.0,64.0
-45.16,1625449482.0,64.0
-43.39,1625449482.0,64.0
-39.27,1625449482.0,64.0
-33.31,1625449482.0,64.0
-26.23,1625449482.0,64.0
-18.74,1625449482.0,64.0
-11.31,1625449482.0,64.0
-4.15,1625449482.0,64.0
2.73,1625449482.0,64.0
9.29,1625449482.0,64.0
15.37,1625449482.0,64.0
20.6,1625449482.0,64.0
24.62,1625449482.0,64.0
27.18,1625449482.0,64.0
28.41,1625449482.0,64.0
28.75,1625449482.0,64.0
28.8,1625449482.0,64.0
29.06,1625449482.0,64.0
29.69,1625449482.0,64.0
30.46,1625449482.0,64.0
30.93,1625449482.0,64.0
30.66,1625449482.0,64.0
29.47,1625449482.0,64.0
27.41,1625449482.0,64.0
24.7,1625449482.0,64.0
21.64,1625449482.0,64.0
18.44,1625449482.0,64.0
15.25,1625449482.0,64.0
12.21,1625449482.0,64.0
9.41,1625449482.0,64.0
6.87,1625449482.0,64.0
4.48,1625449482.0,64.0
2.06,1625449482.0,64.0
-0.56,1625449482.0,64.0
-3.4,1625449482.0,64.0
-6.29,1625449482.0,64.0
-8.97,1625449482.0,64.0
-11.24,1625449482.0,64.0
-13.18,1625449482.0,64.0
-15.11,1625449482.0,64.0
-17.46,1625449482.0,64.0
-20.5,1625449482.0,64.0
-24.33,1625449482.0,64.0
-28.86,1625449482.0,64.0
-33.89,1625449482.0,64.0
-39.05,1625449482.0,64.0
-43.78,1625449482.0,64.0
-47.24,1625449482.0,64.0
-48.5,1625449482.0,64.0
-46.85,1625449482.0,64.0
-42.29,1625449482.0,64.0
-35.64,1625449482.0,64.0
-28.3,1625449482.0,64.0
-21.66,1625449482.0,64.0
-16.4,1625449482.0,64.0
-12.29,1625449482.0,64.0
-8.45,1625449482.0,64.0
-3.98,1625449482.0,64.0
1.44,1625449482.0,64.0
7.35,1625449482.0,64.0
12.84,1625449482.0,64.0
17.19,1625449482.0,64.0
20.21,1625449482.0,64.0
22.36,1625449482.0,64.0
24.28,1625449482.0,64.0
26.43,1625449482.0,64.0
28.74,1625449482.0,64.0
30.79,1625449482.0,64.0
32.1,1625449482.0,64.0
32.44,1625449482.0,64.0
31.94,1625449482.0,64.0
30.92,1625449482.0,64.0
29.6,1625449482.0,64.0
27.95,1625449482.0,64.0
25.8,1625449482.0,64.0
22.93,1625449482.0,64.0
19.39,1625449482.0,64.0
15.49,1625449482.0,64.0
11.67,1625449482.0,64.0
8.32,1625449482.0,64.0
5.57,1625449482.0,64.0
3.31,1625449482.0,64.0
1.29,1625449482.0,64.0
-0.74,1625449482.0,64.0
-2.89,1625449482.0,64.0
-5.09,1625449482.0,64.0
-7.24,1625449482.0,64.0
-9.25,1625449482.0,64.0
-11.17,1625449482.0,64.0
-13.13,1625449482.0,64.0
-15.27,1625449482.0,64.0
-17.67,1625449482.0,64.0
-20.41,1625449482.0,64.0
-23.52,1625449482.0,64.0
-27.04,1625449482.0,64.0
-30.95,1625449482.0,64.0
-34.99,1625449482.0,64.0
-38.61,1625449482.0,64.0
-40.97,1625449482.0,64.0
-41.29,1625449482.0,64.0
-39.09,1625449482.0,64.0
-34.48,1625449482.0,64.0
-28.11,1625449482.0,64.0
-20.87,1625449482.0,64.0
-13.53,1625449482.0,64.0
-6.47,1625449482.0,64.0
0.36,1625449482.0,64.0
7.05,1625449482.0,64.0
13.58,1625449482.0,64.0
19.58,1625449482.0,64.0
24.43,1625449482.0,64.0
27.62,1625449482.0,64.0
28.99,1625449482.0,64.0
28.85,1625449482.0,64.0
27.88,1625449482.0,64.0
26.82,1625449482.0,64.0
26.16,1625449482.0,64.0
25.99,1625449482.0,64.0
26.09,1625449482.0,64.0
26.1,1625449482.0,64.0
25.74,1625449482.0,64.0
24.95,1625449482.0,64.0
23.82,1625449482.0,64.0
22.48,1625449482.0,64.0
20.97,1625449482.0,64.0
19.24,1625449482.0,64.0
17.21,1625449482.0,64.0
14.91,1625449482.0,64.0
12.46,1625449482.0,64.0
10.07,1625449482.0,64.0
7.89,1625449482.0,64.0
5.9,1625449482.0,64.0
3.92,1625449482.0,64.0
1.74,1625449482.0,64.0
-0.74,1625449482.0,64.0
-3.47,1625449482.0,64.0
-6.26,1625449482.0,64.0
-8.94,1625449482.0,64.0
-11.4,1625449482.0,64.0
-13.72,1625449482.0,64.0
-16.03,1625449482.0,64.0
-18.48,1625449482.0,64.0
-21.16,1625449482.0,64.0
-24.13,1625449482.0,64.0
-27.38,1625449482.0,64.0
-30.88,1625449482.0,64.0
-34.5,1625449482.0,64.0
-37.87,1625449482.0,64.0
-40.44,1625449482.0,64.0
-41.56,1625449482.0,64.0
-40.68,1625449482.0,64.0
-37.57,1625449482.0,64.0
-32.45,1625449482.0,64.0
-25.84,1625449482.0,64.0
-18.42,1625449482.0,64.0
-10.75,1625449482.0,64.0
-3.17,1625449482.0,64.0
4.17,1625449482.0,64.0
11.19,1625449482.0,64.0
17.67,1625449482.0,64.0
23.25,1625449482.0,64.0
27.52,1625449482.0,64.0
30.18,1625449482.0,64.0
31.3,1625449482.0,64.0
31.24,1625449482.0,64.0
30.63,1625449482.0,64.0
30.03,1625449482.0,64.0
29.77,1625449482.0,64.0
29.8,1625449482.0,64.0
29.84,1625449482.0,64.0
29.54,1625449482.0,64.0
28.73,1625449482.0,64.0
27.44,1625449482.0,64.0
25.8,1625449482.0,64.0
23.94,1625449482.0,64.0
21.8,1625449482.0,64.0
19.25,1625449482.0,64.0
16.3,1625449482.0,64.0
13.15,1625449482.0,64.0
10.29,1625449482.0,64.0
8.26,1625449482.0,64.0
7.34,1625449482.0,64.0
7.25,1625449482.0,64.0
7.29,1625449482.0,64.0
6.6,1625449482.0,64.0
4.62,1625449482.0,64.0
1.39,1625449482.0,64.0
-2.56,1625449482.0,64.0
-6.55,1625449482.0,64.0
-10.17,1625449482.0,64.0
-13.52,1625449482.0,64.0
-17.03,1625449482.0,64.0
-21.07,1625449482.0,64.0
-25.71,1625449482.0,64.0
-30.52,1625449482.0,64.0
-34.94,1625449482.0,64.0
-38.52,1625449482.0,64.0
-41.06,1625449482.0,64.0
-42.59,1625449482.0,64.0
-43.05,1625449482.0,64.0
-42.16,1625449482.0,64.0
-39.4,1625449482.0,64.0
-34.5,1625449482.0,64.0
-27.58,1625449482.0,64.0
-19.33,1625449482.0,64.0
-10.74,1625449482.0,64.0
-2.66,1625449482.0,64.0
4.4,1625449482.0,64.0
10.33,1625449482.0,64.0
15.18,1625449482.0,64.0
18.95,1625449482.0,64.0
21.48,1625449482.0,64.0
22.7,1625449482.0,64.0
22.77,1625449482.0,64.0
22.18,1625449482.0,64.0
21.63,1625449482.0,64.0
21.67,1625449482.0,64.0
22.5,1625449482.0,64.0
23.87,1625449482.0,64.0
25.28,1625449482.0,64.0
26.24,1625449482.0,64.0
26.44,1625449482.0,64.0
25.8,1625449482.0,64.0
24.44,1625449482.0,64.0
22.57,1625449482.0,64.0
20.36,1625449482.0,64.0
18.03,1625449482.0,64.0
15.71,1625449482.0,64.0
13.48,1625449482.0,64.0
11.3,1625449482.0,64.0
9.03,1625449482.0,64.0
6.53,1625449482.0,64.0
3.74,1625449482.0,64.0
0.71,1625449482.0,64.0
-2.41,1625449482.0,64.0
-5.48,1625449482.0,64.0
-8.45,1625449482.0,64.0
-11.39,1625449482.0,64.0
-14.39,1625449482.0,64.0
-17.56,1625449482.0,64.0
-20.94,1625449482.0,64.0
-24.52,1625449482.0,64.0
-28.29,1625449482.0,64.0
-32.19,1625449482.0,64.0
-36.07,1625449482.0,64.0
-39.56,1625449482.0,64.0
-42.13,1625449482.0,64.0
-43.21,1625449482.0,64.0
-42.32,1625449482.0,64.0
-39.31,1625449482.0,64.0
-34.42,1625449482.0,64.0
-28.14,1625449482.0,64.0
-21.04,1625449482.0,64.0
-13.54,1625449482.0,64.0
-5.88,1625449482.0,64.0
1.82,1625449482.0,64.0
9.35,1625449482.0,64.0
16.39,1625449482.0,64.0
22.38,1625449482.0,64.0
26.83,1625449482.0,64.0
29.49,1625449482.0,64.0
30.48,1625449482.0,64.0
30.3,1625449482.0,64.0
29.67,1625449482.0,64.0
29.2,1625449482.0,64.0
29.19,1625449482.0,64.0
29.58,1625449482.0,64.0
30.03,1625449482.0,64.0
30.13,1625449482.0,64.0
29.59,1625449482.0,64.0
28.32,1625449482.0,64.0
26.42,1625449482.0,64.0
24.07,1625449482.0,64.0
21.43,1625449482.0,64.0
18.59,1625449482.0,64.0
15.58,1625449482.0,64.0
12.41,1625449482.0,64.0
9.15,1625449482.0,64.0
5.88,1625449482.0,64.0
2.76,1625449482.0,64.0
-0.06,1625449482.0,64.0
-2.49,1625449482.0,64.0
-4.53,1625449482.0,64.0
-6.29,1625449482.0,64.0
-7.99,1625449482.0,64.0
-9.83,1625449482.0,64.0
-11.89,1625449482.0,64.0
-14.14,1625449482.0,64.0
-16.43,1625449482.0,64.0
-18.7,1625449482.0,64.0
-21.04,1625449482.0,64.0
-23.8,1625449482.0,64.0
-27.36,1625449482.0,64.0
-31.86,1625449482.0,64.0
-36.93,1625449482.0,64.0
-41.66,1625449482.0,64.0
-44.82,1625449482.0,64.0
-45.35,1625449482.0,64.0
-42.81,1625449482.0,64.0
-37.55,1625449482.0,64.0
-30.58,1625449482.0,64.0
-23.04,1625449482.0,64.0
-15.77,1625449482.0,64.0
-9.03,1625449482.0,64.0
-2.7,1625449482.0,64.0
3.42,1625449482.0,64.0
9.24,1625449482.0,64.0
14.39,1625449482.0,64.0
18.55,1625449482.0,64.0
21.72,1625449482.0,64.0
24.39,1625449482.0,64.0
27.29,1625449482.0,64.0
30.84,1625449482.0,64.0
34.8,1625449482.0,64.0
38.27,1625449482.0,64.0
40.23,1625449482.0,64.0
40.08,1625449482.0,64.0
38.09,1625449482.0,64.0
35.12,1625449482.0,64.0
32.05,1625449482.0,64.0
29.16,1625449482.0,64.0
25.91,1625449482.0,64.0
21.47,1625449482.0,64.0
15.35,1625449482.0,64.0
8.03,1625449482.0,64.0
0.82,1625449482.0,64.0
-4.79,1625449482.0,64.0
-8.01,1625449482.0,64.0
-9.16,1625449482.0,64.0
-9.51,1625449482.0,64.0
-10.47,1625449482.0,64.0
-12.7,1625449482.0,64.0
-15.83,1625449482.0,64.0
-18.79,1625449482.0,64.0
-20.66,1625449482.0,64.0
-21.31,1625449482.0,64.0
-21.48,1625449482.0,64.0
-22.24,1625449482.0,64.0
-24.3,1625449482.0,64.0
-27.52,1625449482.0,64.0
-31.15,1625449482.0,64.0
-34.41,1625449482.0,64.0
-36.97,1625449482.0,64.0
-39.02,1625449482.0,64.0
-40.89,1625449482.0,64.0
-42.55,1625449482.0,64.0
-43.39,1625449482.0,64.0
-42.46,1625449482.0,64.0
-39.1,1625449482.0,64.0
-33.29,1625449482.0,64.0
-25.73,1625449482.0,64.0
-17.47,1625449482.0,64.0
-9.34,1625449482.0,64.0
-1.76,1625449482.0,64.0
5.33,1625449482.0,64.0
12.02,1625449482.0,64.0
18.2,1625449482.0,64.0
23.49,1625449482.0,64.0
27.41,1625449482.0,64.0
29.7,1625449482.0,64.0
30.48,1625449482.0,64.0
30.25,1625449482.0,64.0
29.65,1625449482.0,64.0
29.19,1625449482.0,64.0
29.1,1625449482.0,64.0
29.29,1625449482.0,64.0
29.47,1625449482.0,64.0
29.37,1625449482.0,64.0
28.84,1625449482.0,64.0
27.92,1625449482.0,64.0
26.76,1625449482.0,64.0
25.48,1625449482.0,64.0
24.09,1625449482.0,64.0
22.51,1625449482.0,64.0
20.55,1625449482.0,64.0
18.09,1625449482.0,64.0
15.22,1625449482.0,64.0
12.21,1625449482.0,64.0
9.4,1625449482.0,64.0
7.05,1625449482.0,64.0
5.14,1625449482.0,64.0
3.4,1625449482.0,64.0
1.41,1625449482.0,64.0
-1.11,1625449482.0,64.0
-4.21,1625449482.0,64.0
-7.64,1625449482.0,64.0
-11.03,1625449482.0,64.0
-14.08,1625449482.0,64.0
-16.75,1625449482.0,64.0
-19.27,1625449482.0,64.0
-21.96,1625449482.0,64.0
-25.17,1625449482.0,64.0
-28.99,1625449482.0,64.0
-33.24,1625449482.0,64.0
-37.47,1625449482.0,64.0
-41.12,1625449482.0,64.0
-43.56,1625449482.0,64.0
-44.3,1625449482.0,64.0
-42.98,1625449482.0,64.0
-39.38,1625449482.0,64.0
-33.47,1625449482.0,64.0
-25.4,1625449482.0,64.0
-15.64,1625449482.0,64.0
-5.0,1625449482.0,64.0
5.38,1625449482.0,64.0
14.41,1625449482.0,64.0
21.32,1625449482.0,64.0
25.9,1625449482.0,64.0
28.55,1625449482.0,64.0
29.85,1625449482.0,64.0
30.26,1625449482.0,64.0
29.91,1625449482.0,64.0
28.72,1625449482.0,64.0
26.78,1625449482.0,64.0
24.6,1625449482.0,64.0
23.05,1625449482.0,64.0
22.81,1625449482.0,64.0
24.0,1625449482.0,64.0
25.88,1625449482.0,64.0
27.3,1625449482.0,64.0
27.3,1625449482.0,64.0
25.68,1625449482.0,64.0
23.05,1625449482.0,64.0
20.34,1625449482.0,64.0
18.24,1625449482.0,64.0
16.75,1625449482.0,64.0
15.3,1625449482.0,64.0
13.24,1625449482.0,64.0
10.32,1625449482.0,64.0
6.84,1625449482.0,64.0
3.37,1625449482.0,64.0
0.4,1625449482.0,64.0
-2.0,1625449482.0,64.0
-4.11,1625449482.0,64.0
-6.34,1625449482.0,64.0
-8.85,1625449482.0,64.0
-11.55,1625449482.0,64.0
-14.14,1625449482.0,64.0
-16.38,1625449482.0,64.0
-18.23,1625449482.0,64.0
-19.93,1625449482.0,64.0
-21.83,1625449482.0,64.0
-24.25,1625449482.0,64.0
-27.29,1625449482.0,64.0
-30.73,1625449482.0,64.0
-34.02,1625449482.0,64.0
-36.46,1625449482.0,64.0
-37.3,1625449482.0,64.0
-36.05,1625449482.0,64.0
-32.56,1625449482.0,64.0
-27.17,1625449482.0,64.0
-20.47,1625449482.0,64.0
-13.2,1625449482.0,64.0
-5.93,1625449482.0,64.0
1.0,1625449482.0,64.0
7.42,1625449482.0,64.0
13.21,1625449482.0,64.0
18.13,1625449482.0,64.0
21.85,1625449482.0,64.0
24.03,1625449482.0,64.0
24.6,1625449482.0,64.0
23.84,1625449482.0,64.0
22.36,1625449482.0,64.0
20.91,1625449482.0,64.0
20.03,1625449482.0,64.0
19.92,1625449482.0,64.0
20.34,1625449482.0,64.0
20.88,1625449482.0,64.0
21.11,1625449482.0,64.0
20.81,1625449482.0,64.0
20.01,1625449482.0,64.0
18.87,1625449482.0,64.0
17.55,1625449482.0,64.0
16.15,1625449482.0,64.0
14.68,1625449482.0,64.0
13.13,1625449482.0,64.0
11.49,1625449482.0,64.0
9.76,1625449482.0,64.0
7.99,1625449482.0,64.0
6.1,1625449482.0,64.0
4.01,1625449482.0,64.0
1.68,1625449482.0,64.0
-0.91,1625449482.0,64.0
-3.63,1625449482.0,64.0
-6.38,1625449482.0,64.0
-9.05,1625449482.0,64.0
-11.63,1625449482.0,64.0
-14.2,1625449482.0,64.0
-16.92,1625449482.0,64.0
-19.93,1625449482.0,64.0
-23.29,1625449482.0,64.0
-26.94,1625449482.0,64.0
-30.62,1625449482.0,64.0
-33.91,1625449482.0,64.0
-36.25,1625449482.0,64.0
-37.04,1625449482.0,64.0
-35.87,1625449482.0,64.0
-32.62,1625449482.0,64.0
-27.61,1625449482.0,64.0
-21.43,1625449482.0,64.0
-14.79,1625449482.0,64.0
-8.24,1625449482.0,64.0
-2.03,1625449482.0,64.0
3.83,1625449482.0,64.0
9.39,1625449482.0,64.0
14.53,1625449482.0,64.0
18.94,1625449482.0,64.0
22.2,1625449482.0,64.0
24.07,1625449482.0,64.0
24.64,1625449482.0,64.0
24.38,1625449482.0,64.0
23.95,1625449482.0,64.0
23.88,1625449482.0,64.0
24.35,1625449482.0,64.0
25.16,1625449482.0,64.0
25.88,1625449482.0,64.0
26.09,1625449482.0,64.0
25.61,1625449482.0,64.0
24.54,1625449482.0,64.0
23.12,1625449482.0,64.0
21.59,1625449482.0,64.0
20.04,1625449482.0,64.0
18.39,1625449482.0,64.0
16.48,1625449482.0,64.0
14.12,1625449482.0,64.0
11.28,1625449482.0,64.0
8.07,1625449482.0,64.0
4.69,1625449482.0,64.0
1.4,1625449482.0,64.0
-1.61,1625449482.0,64.0
-4.31,1625449482.0,64.0
-6.77,1625449482.0,64.0
-9.1,1625449482.0,64.0
-11.48,1625449482.0,64.0
-14.02,1625449482.0,64.0
-16.83,1625449482.0,64.0
-20.0,1625449482.0,64.0
-23.66,1625449482.0,64.0
-27.83,1625449482.0,64.0
-32.3,1625449482.0,64.0
-36.56,1625449482.0,64.0
-39.83,1625449482.0,64.0
-41.39,1625449482.0,64.0
-40.83,1625449482.0,64.0
-38.33,1625449482.0,64.0
-34.51,1625449482.0,64.0
-30.13,1625449482.0,64.0
-25.64,1625449482.0,64.0
-21.01,1625449482.0,64.0
-15.88,1625449482.0,64.0
-9.96,1625449482.0,64.0
-3.49,1625449482.0,64.0
2.86,1625449482.0,64.0
8.21,1625449482.0,64.0
12.1,1625449482.0,64.0
14.68,1625449482.0,64.0
16.63,1625449482.0,64.0
18.6,1625449482.0,64.0
20.74,1625449482.0,64.0
22.67,1625449482.0,64.0
23.8,1625449482.0,64.0
23.89,1625449482.0,64.0
23.29,1625449482.0,64.0
22.77,1625449482.0,64.0
22.95,1625449482.0,64.0
23.81,1625449482.0,64.0
24.7,1625449482.0,64.0
24.65,1625449482.0,64.0
23.03,1625449482.0,64.0
19.91,1625449482.0,64.0
15.98,1625449482.0,64.0
12.14,1625449482.0,64.0
8.95,1625449482.0,64.0
6.49,1625449482.0,64.0
4.36,1625449482.0,64.0
2.16,1625449482.0,64.0
-0.28,1625449482.0,64.0
-2.81,1625449482.0,64.0
-5.18,1625449482.0,64.0
-7.18,1625449482.0,64.0
-8.88,1625449482.0,64.0
-10.54,1625449482.0,64.0
-12.38,1625449482.0,64.0
-14.54,1625449482.0,64.0
-16.96,1625449482.0,64.0
-19.48,1625449482.0,64.0
-22.08,1625449482.0,64.0
-24.87,1625449482.0,64.0
-28.08,1625449482.0,64.0
-31.82,1625449482.0,64.0
-35.89,1625449482.0,64.0
-39.72,1625449482.0,64.0
-42.51,1625449482.0,64.0
-43.53,1625449482.0,64.0
-42.38,1625449482.0,64.0
-39.07,1625449482.0,64.0
-33.98,1625449482.0,64.0
-27.63,1625449482.0,64.0
-20.49,1625449482.0,64.0
-12.83,1625449482.0,64.0
-4.88,1625449482.0,64.0
3.14,1625449482.0,64.0
10.83,1625449482.0,64.0
17.67,1625449482.0,64.0
23.18,1625449482.0,64.0
27.04,1625449482.0,64.0
29.25,1625449482.0,64.0
30.1,1625449482.0,64.0
30.11,1625449482.0,64.0
29.81,1625449482.0,64.0
29.56,1625449482.0,64.0
29.52,1625449482.0,64.0
29.55,1625449482.0,64.0
29.42,1625449482.0,64.0
28.91,1625449482.0,64.0
27.91,1625449482.0,64.0
26.47,1625449482.0,64.0
24.69,1625449482.0,64.0
22.66,1625449482.0,64.0
20.44,1625449482.0,64.0
18.05,1625449482.0,64.0
15.57,1625449482.0,64.0
13.11,1625449482.0,64.0
10.82,1625449482.0,64.0
8.79,1625449482.0,64.0
6.95,1625449482.0,64.0
5.19,1625449482.0,64.0
3.38,1625449482.0,64.0
1.52,1625449482.0,64.0
-0.35,1625449482.0,64.0
-2.17,1625449482.0,64.0
-4.02,1625449482.0,64.0
-6.11,1625449482.0,64.0
-8.73,1625449482.0,64.0
-12.04,1625449482.0,64.0
-16.03,1625449482.0,64.0
-20.42,1625449482.0,64.0
-24.89,1625449482.0,64.0
-29.19,1625449482.0,64.0
-33.23,1625449482.0,64.0
-36.97,1625449482.0,64.0
-40.3,1625449482.0,64.0
-42.83,1625449482.0,64.0
-44.0,1625449482.0,64.0
-43.25,1625449482.0,64.0
-40.32,1625449482.0,64.0
-35.36,1625449482.0,64.0
-28.91,1625449482.0,64.0
-21.56,1625449482.0,64.0
-13.7,1625449482.0,64.0
-5.38,1625449482.0,64.0
3.58,1625449482.0,64.0
13.07,1625449482.0,64.0
22.42,1625449482.0,64.0
30.41,1625449482.0,64.0
35.7,1625449482.0,64.0
37.56,1625449482.0,64.0
36.31,1625449482.0,64.0
33.2,1625449482.0,64.0
29.87,1625449482.0,64.0
27.48,1625449482.0,64.0
26.25,1625449482.0,64.0
25.52,1625449482.0,64.0
24.39,1625449482.0,64.0
22.4,1625449482.0,64.0
19.82,1625449482.0,64.0
17.39,1625449482.0,64.0
15.68,1625449482.0,64.0
14.69,1625449482.0,64.0
13.81,1625449482.0,64.0
12.28,1625449482.0,64.0
9.75,1625449482.0,64.0
6.52,1625449482.0,64.0
3.28,1625449482.0,64.0
0.71,1625449482.0,64.0
-1.02,1625449482.0,64.0
-2.19,1625449482.0,64.0
-3.35,1625449482.0,64.0
-4.86,1625449482.0,64.0
-6.77,1625449482.0,64.0
-8.79,1625449482.0,64.0
-10.63,1625449482.0,64.0
-12.17,1625449482.0,64.0
-13.53,1625449482.0,64.0
-14.94,1625449482.0,64.0
-16.63,1625449482.0,64.0
-18.69,1625449482.0,64.0
-21.19,1625449482.0,64.0
-24.16,1625449482.0,64.0
-27.59,1625449482.0,64.0
-31.34,1625449482.0,64.0
-35.0,1625449482.0,64.0
-37.88,1625449482.0,64.0
-39.14,1625449482.0,64.0
-38.13,1625449482.0,64.0
-34.64,1625449482.0,64.0
-28.99,1625449482.0,64.0
-21.92,1625449482.0,64.0
-14.29,1625449482.0,64.0
-6.76,1625449482.0,64.0
0.34,1625449482.0,64.0
6.95,1625449482.0,64.0
13.05,1625449482.0,64.0
18.43,1625449482.0,64.0
22.71,1625449482.0,64.0
25.45,1625449482.0,64.0
26.51,1625449482.0,64.0
26.14,1625449482.0,64.0
25.02,1625449482.0,64.0
23.92,1625449482.0,64.0
23.45,1625449482.0,64.0
23.76,1625449482.0,64.0
24.58,1625449482.0,64.0
25.41,1625449482.0,64.0
25.79,1625449482.0,64.0
25.52,1625449482.0,64.0
24.63,1625449482.0,64.0
23.3,1625449482.0,64.0
21.74,1625449482.0,64.0
20.02,1625449482.0,64.0
18.19,1625449482.0,64.0
16.27,1625449482.0,64.0
14.32,1625449482.0,64.0
12.48,1625449482.0,64.0
10.84,1625449482.0,64.0
9.4,1625449482.0,64.0
8.07,1625449482.0,64.0
6.7,1625449482.0,64.0
5.1,1625449482.0,64.0
3.17,1625449482.0,64.0
0.86,1625449482.0,64.0
-1.84,1625449482.0,64.0
-4.87,1625449482.0,64.0
-8.19,1625449482.0,64.0
-11.8,1625449482.0,64.0
-15.74,1625449482.0,64.0
-20.05,1625449482.0,64.0
-24.72,1625449482.0,64.0
-29.53,1625449482.0,64.0
-34.02,1625449482.0,64.0
-37.52,1625449482.0,64.0
-39.26,1625449482.0,64.0
-38.67,1625449482.0,64.0
-35.6,1625449482.0,64.0
-30.31,1625449482.0,64.0
-23.44,1625449482.0,64.0
-15.75,1625449482.0,64.0
-7.87,1625449482.0,64.0
-0.18,1625449482.0,64.0
7.03,1625449482.0,64.0
13.55,1625449482.0,64.0
19.09,1625449482.0,64.0
23.28,1625449482.0,64.0
25.86,1625449482.0,64.0
26.8,1625449482.0,64.0
26.37,1625449482.0,64.0
25.12,1625449482.0,64.0
23.72,1625449482.0,64.0
22.63,1625449482.0,64.0
22.07,1625449482.0,64.0
21.94,1625449482.0,64.0
21.91,1625449482.0,64.0
21.61,1625449482.0,64.0
20.85,1625449482.0,64.0
19.59,1625449482.0,64.0
17.96,1625449482.0,64.0
16.15,1625449482.0,64.0
14.31,1625449482.0,64.0
12.48,1625449482.0,64.0
10.6,1625449482.0,64.0
8.63,1625449482.0,64.0
6.48,1625449482.0,64.0
4.17,1625449482.0,64.0
1.75,1625449482.0,64.0
-0.71,1625449482.0,64.0
-3.16,1625449482.0,64.0
-5.52,1625449482.0,64.0
-7.8,1625449482.0,64.0
-9.98,1625449482.0,64.0
-12.08,1625449482.0,64.0
-14.19,1625449482.0,64.0
-16.47,1625449482.0,64.0
-19.13,1625449482.0,64.0
-22.37,1625449482.0,64.0
-26.24,1625449482.0,64.0
-30.62,1625449482.0,64.0
-35.12,1625449482.0,64.0
-39.18,1625449482.0,64.0
-42.15,1625449482.0,64.0
-43.44,1625449482.0,64.0
-42.63,1625449482.0,64.0
-39.6,1625449482.0,64.0
-34.52,1625449482.0,64.0
-27.82,1625449482.0,64.0
-20.1,1625449482.0,64.0
-11.97,1625449482.0,64.0
-3.92,1625449482.0,64.0
3.74,1625449482.0,64.0
10.79,1625449482.0,64.0
17.07,1625449482.0,64.0
22.35,1625449482.0,64.0
26.34,1625449482.0,64.0
28.85,1625449482.0,64.0
29.87,1625449482.0,64.0
29.73,1625449482.0,64.0
28.99,1625449482.0,64.0
28.23,1625449482.0,64.0
27.86,1625449482.0,64.0
27.91,1625449482.0,64.0
28.11,1625449482.0,64.0
28.03,1625449482.0,64.0
27.29,1625449482.0,64.0
25.73,1625449482.0,64.0
23.41,1625449482.0,64.0
20.58,1625449482.0,64.0
17.55,1625449482.0,64.0
14.71,1625449482.0,64.0
12.41,1625449482.0,64.0
10.93,1625449482.0,64.0
10.33,1625449482.0,64.0
10.46,1625449482.0,64.0
10.86,1625449482.0,64.0
10.9,1625449482.0,64.0
10.04,1625449482.0,64.0
7.97,1625449482.0,64.0
4.75,1625449482.0,64.0
0.75,1625449482.0,64.0
-3.59,1625449482.0,64.0
-7.92,1625449482.0,64.0
-12.11,1625449482.0,64.0
-16.22,1625449482.0,64.0
-20.41,1625449482.0,64.0
-24.81,1625449482.0,64.0
-29.57,1625449482.0,64.0
-34.75,1625449482.0,64.0
-40.36,1625449482.0,64.0
-46.23,1625449482.0,64.0
-51.82,1625449482.0,64.0
-56.33,1625449482.0,64.0
-58.81,1625449482.0,64.0
-58.57,1625449482.0,64.0
-55.42,1625449482.0,64.0
-49.8,1625449482.0,64.0
-42.48,1625449482.0,64.0
-34.22,1625449482.0,64.0
-25.5,1625449482.0,64.0
-16.53,1625449482.0,64.0
-7.48,1625449482.0,64.0
1.28,1625449482.0,64.0
9.14,1625449482.0,64.0
15.5,1625449482.0,64.0
20.07,1625449482.0,64.0
22.97,1625449482.0,64.0
24.75,1625449482.0,64.0
26.02,1625449482.0,64.0
27.22,1625449482.0,64.0
28.48,1625449482.0,64.0
29.63,1625449482.0,64.0
30.46,1625449482.0,64.0
30.8,1625449482.0,64.0
30.6,1625449482.0,64.0
29.87,1625449482.0,64.0
28.67,1625449482.0,64.0
26.99,1625449482.0,64.0
24.85,1625449482.0,64.0
22.29,1625449482.0,64.0
19.41,1625449482.0,64.0
16.41,1625449482.0,64.0
13.48,1625449482.0,64.0
10.78,1625449482.0,64.0
8.36,1625449482.0,64.0
6.1,1625449482.0,64.0
3.76,1625449482.0,64.0
1.13,1625449482.0,64.0
-1.88,1625449482.0,64.0
-5.11,1625449482.0,64.0
-8.24,1625449482.0,64.0
-10.94,1625449482.0,64.0
-13.1,1625449482.0,64.0
-14.84,1625449482.0,64.0
-16.5,1625449482.0,64.0
-18.48,1625449482.0,64.0
-21.06,1625449482.0,64.0
-24.31,1625449482.0,64.0
-28.17,1625449482.0,64.0
-32.4,1625449482.0,64.0
-36.66,1625449482.0,64.0
-40.47,1625449482.0,64.0
-43.2,1625449482.0,64.0
-44.22,1625449482.0,64.0
-43.04,1625449482.0,64.0
-39.52,1625449482.0,64.0
-33.96,1625449482.0,64.0
-26.99,1625449482.0,64.0
-19.31,1625449482.0,64.0
-11.57,1625449482.0,64.0
-4.1,1625449482.0,64.0
3.01,1625449482.0,64.0
9.71,1625449482.0,64.0
15.91,1625449482.0,64.0
21.32,1625449482.0,64.0
25.56,1625449482.0,64.0
28.32,1625449482.0,64.0
29.6,1625449482.0,64.0
29.64,1625449482.0,64.0
28.99,1625449482.0,64.0
28.18,1625449482.0,64.0
27.61,1625449482.0,64.0
27.34,1625449482.0,64.0
27.17,1625449482.0,64.0
26.79,1625449482.0,64.0
25.9,1625449482.0,64.0
24.43,1625449482.0,64.0
22.54,1625449482.0,64.0
20.47,1625449482.0,64.0
18.47,1625449482.0,64.0
16.68,1625449482.0,64.0
15.09,1625449482.0,64.0
13.59,1625449482.0,64.0
12.08,1625449482.0,64.0
10.5,1625449482.0,64.0
8.83,1625449482.0,64.0
7.05,1625449482.0,64.0
5.13,1625449482.0,64.0
3.06,1625449482.0,64.0
0.91,1625449482.0,64.0
-1.12,1625449482.0,64.0
-2.85,1625449482.0,64.0
-4.18,1625449482.0,64.0
-5.3,1625449482.0,64.0
-6.58,1625449482.0,64.0
-8.43,1625449482.0,64.0
-11.16,1625449482.0,64.0
-14.76,1625449482.0,64.0
-19.03,1625449482.0,64.0
-23.7,1625449482.0,64.0
-28.48,1625449482.0,64.0
-33.06,1625449482.0,64.0
-36.91,1625449482.0,64.0
-39.24,1625449482.0,64.0
-39.2,1625449482.0,64.0
-36.2,1625449482.0,64.0
-30.33,1625449482.0,64.0
-22.41,1625449482.0,64.0
-13.65,1625449482.0,64.0
-5.19,1625449482.0,64.0
2.42,1625449482.0,64.0
9.08,1625449482.0,64.0
14.81,1625449482.0,64.0
19.4,1625449482.0,64.0
22.26,1625449482.0,64.0
22.9,1625449482.0,64.0
21.31,1625449482.0,64.0
18.32,1625449482.0,64.0
15.32,1625449482.0,64.0
13.66,1625449482.0,64.0
13.96,1625449482.0,64.0
15.8,1625449482.0,64.0
18.1,1625449482.0,64.0
19.7,1625449482.0,64.0
19.99,1625449482.0,64.0
19.01,1625449482.0,64.0
17.27,1625449482.0,64.0
15.36,1625449482.0,64.0
13.55,1625449482.0,64.0
11.85,1625449482.0,64.0
10.19,1625449482.0,64.0
8.54,1625449482.0,64.0
7.01,1625449482.0,64.0
5.61,1625449482.0,64.0
4.29,1625449482.0,64.0
2.8,1625449482.0,64.0
0.92,1625449482.0,64.0
-1.48,1625449482.0,64.0
-4.32,1625449482.0,64.0
-7.4,1625449482.0,64.0
-10.45,1625449482.0,64.0
-13.3,1625449482.0,64.0
-15.88,1625449482.0,64.0
-18.13,1625449482.0,64.0
-20.1,1625449482.0,64.0
-21.9,1625449482.0,64.0
-23.8,1625449482.0,64.0
-26.13,1625449482.0,64.0
-29.03,1625449482.0,64.0
-32.32,1625449482.0,64.0
-35.35,1625449482.0,64.0
-37.21,1625449482.0,64.0
-37.02,1625449482.0,64.0
-34.32,1625449482.0,64.0
-29.27,1625449482.0,64.0
-22.54,1625449482.0,64.0
-14.99,1625449482.0,64.0
-7.34,1625449482.0,64.0
-0.01,1625449482.0,64.0
6.84,1625449482.0,64.0
13.11,1625449482.0,64.0
18.55,1625449482.0,64.0
22.8,1625449482.0,64.0
25.53,1625449482.0,64.0
26.73,1625449482.0,64.0
26.78,1625449482.0,64.0
26.37,1625449482.0,64.0
26.23,1625449482.0,64.0
26.75,1625449482.0,64.0
27.91,1625449482.0,64.0
29.23,1625449482.0,64.0
30.15,1625449482.0,64.0
30.19,1625449482.0,64.0
29.19,1625449482.0,64.0
27.3,1625449482.0,64.0
24.8,1625449482.0,64.0
22.0,1625449482.0,64.0
19.13,1625449482.0,64.0
16.31,1625449482.0,64.0
13.59,1625449482.0,64.0
10.94,1625449482.0,64.0
8.32,1625449482.0,64.0
5.62,1625449482.0,64.0
2.78,1625449482.0,64.0
-0.21,1625449482.0,64.0
-3.3,1625449482.0,64.0
-6.38,1625449482.0,64.0
-9.34,1625449482.0,64.0
-12.15,1625449482.0,64.0
-14.82,1625449482.0,64.0
-17.44,1625449482.0,64.0
-20.17,1625449482.0,64.0
-23.16,1625449482.0,64.0
-26.59,1625449482.0,64.0
-30.55,1625449482.0,64.0
-34.95,1625449482.0,64.0
-39.37,1625449482.0,64.0
-43.14,1625449482.0,64.0
-45.33,1625449482.0,64.0
-45.18,1625449482.0,64.0
-42.33,1625449482.0,64.0
-37.01,1625449482.0,64.0
-29.94,1625449482.0,64.0
-22.04,1625449482.0,64.0
-14.06,1625449482.0,64.0
-6.43,1625449482.0,64.0
0.75,1625449482.0,64.0
7.49,1625449482.0,64.0
13.64,1625449482.0,64.0
18.9,1625449482.0,64.0
22.92,1625449482.0,64.0
25.56,1625449482.0,64.0
26.96,1625449482.0,64.0
27.57,1625449482.0,64.0
27.91,1625449482.0,64.0
28.37,1625449482.0,64.0
29.05,1625449482.0,64.0
29.76,1625449482.0,64.0
30.21,1625449482.0,64.0
30.1,1625449482.0,64.0
29.37,1625449482.0,64.0
28.19,1625449482.0,64.0
26.96,1625449482.0,64.0
26.12,1625449482.0,64.0
25.86,1625449482.0,64.0
26.01,1625449482.0,64.0
25.95,1625449482.0,64.0
24.88,1625449482.0,64.0
22.19,1625449482.0,64.0
17.74,1625449482.0,64.0
11.99,1625449482.0,64.0
5.67,1625449482.0,64.0
-0.54,1625449482.0,64.0
-6.38,1625449482.0,64.0
-11.94,1625449482.0,64.0
-17.44,1625449482.0,64.0
-22.83,1625449482.0,64.0
-27.73,1625449482.0,64.0
-31.61,1625449482.0,64.0
-34.23,1625449482.0,64.0
-35.96,1625449482.0,64.0
-37.67,1625449482.0,64.0
-40.31,1625449482.0,64.0
-44.18,1625449482.0,64.0
-48.66,1625449482.0,64.0
-52.36,1625449482.0,64.0
-53.74,1625449482.0,64.0
-51.93,1625449482.0,64.0
-46.99,1625449482.0,64.0
-39.91,1625449482.0,64.0
-31.94,1625449482.0,64.0
-23.99,1625449482.0,64.0
-16.35,1625449482.0,64.0
-8.78,1625449482.0,64.0
-0.97,1625449482.0,64.0
7.06,1625449482.0,64.0
14.76,1625449482.0,64.0
21.35,1625449482.0,64.0
26.13,1625449482.0,64.0
28.9,1625449482.0,64.0
29.96,1625449482.0,64.0
29.96,1625449482.0,64.0
29.59,1625449482.0,64.0
29.32,1625449482.0,64.0
29.27,1625449482.0,64.0
29.26,1625449482.0,64.0
29.01,1625449482.0,64.0
28.27,1625449482.0,64.0
26.94,1625449482.0,64.0
25.12,1625449482.0,64.0
23.02,1625449482.0,64.0
20.86,1625449482.0,64.0
18.75,1625449482.0,64.0
16.69,1625449482.0,64.0
14.55,1625449482.0,64.0
12.23,1625449482.0,64.0
9.7,1625449482.0,64.0
7.05,1625449482.0,64.0
4.45,1625449482.0,64.0
2.04,1625449482.0,64.0
-0.13,1625449482.0,64.0
-2.12,1625449482.0,64.0
-4.04,1625449482.0,64.0
-6.01,1625449482.0,64.0
-8.1,1625449482.0,64.0
-10.33,1625449482.0,64.0
-12.7,1625449482.0,64.0
-15.19,1625449482.0,64.0
-17.85,1625449482.0,64.0
-20.81,1625449482.0,64.0
-24.25,1625449482.0,64.0
-28.28,1625449482.0,64.0
-32.83,1625449482.0,64.0
-37.53,1625449482.0,64.0
-41.74,1625449482.0,64.0
-44.66,1625449482.0,64.0
-45.54,1625449482.0,64.0
-44.01,1625449482.0,64.0
-40.12,1625449482.0,64.0
-34.37,1625449482.0,64.0
-27.44,1625449482.0,64.0
-19.97,1625449482.0,64.0
-12.36,1625449482.0,64.0
-4.77,1625449482.0,64.0
2.69,1625449482.0,64.0
9.84,1625449482.0,64.0
16.33,1625449482.0,64.0
21.68,1625449482.0,64.0
25.55,1625449482.0,64.0
27.87,1625449482.0,64.0
28.94,1625449482.0,64.0
29.31,1625449482.0,64.0
29.55,1625449482.0,64.0
29.97,1625449482.0,64.0
30.53,1625449482.0,64.0
30.94,1625449482.0,64.0
30.83,1625449482.0,64.0
30.01,1625449482.0,64.0
28.57,1625449482.0,64.0
26.72,1625449482.0,64.0
24.7,1625449482.0,64.0
22.58,1625449482.0,64.0
20.3,1625449482.0,64.0
17.77,1625449482.0,64.0
14.96,1625449482.0,64.0
12.0,1625449482.0,64.0
9.13,1625449482.0,64.0
6.47,1625449482.0,64.0
4.05,1625449482.0,64.0
1.68,1625449482.0,64.0
-0.83,1625449482.0,64.0
-3.63,1625449482.0,64.0
-6.61,1625449482.0,64.0
-9.56,1625449482.0,64.0
-12.21,1625449482.0,64.0
-14.43,1625449482.0,64.0
-16.24,1625449482.0,64.0
-17.85,1625449482.0,64.0
-19.57,1625449482.0,64.0
-21.69,1625449482.0,64.0
-24.38,1625449482.0,64.0
-27.66,1625449482.0,64.0
-31.36,1625449482.0,64.0
-35.12,1625449482.0,64.0
-38.43,1625449482.0,64.0
-40.7,1625449482.0,64.0
-41.4,1625449482.0,64.0
-40.18,1625449482.0,64.0
-36.9,1625449482.0,64.0
-31.75,1625449482.0,64.0
-25.13,1625449482.0,64.0
-17.57,1625449482.0,64.0
-9.53,1625449482.0,64.0
-1.33,1625449482.0,64.0
6.89,1625449482.0,64.0
15.08,1625449482.0,64.0
23.11,1625449482.0,64.0
30.58,1625449482.0,64.0
36.8,1625449482.0,64.0
41.11,1625449482.0,64.0
43.08,1625449482.0,64.0
42.87,1625449482.0,64.0
41.15,1625449482.0,64.0
38.85,1625449482.0,64.0
36.62,1625449482.0,64.0
34.6,1625449482.0,64.0
32.36,1625449482.0,64.0
29.37,1625449482.0,64.0
25.36,1625449482.0,64.0
20.72,1625449482.0,64.0
16.26,1625449482.0,64.0
12.72,1625449482.0,64.0
10.41,1625449482.0,64.0
8.97,1625449482.0,64.0
7.69,1625449482.0,64.0
5.93,1625449482.0,64.0
3.51,1625449482.0,64.0
0.73,1625449482.0,64.0
-1.83,1625449482.0,64.0
-3.79,1625449482.0,64.0
-5.11,1625449482.0,64.0
-6.09,1625449482.0,64.0
-7.19,1625449482.0,64.0
-8.73,1625449482.0,64.0
-10.71,1625449482.0,64.0
-12.95,1625449482.0,64.0
-15.16,1625449482.0,64.0
-17.14,1625449482.0,64.0
-18.88,1625449482.0,64.0
-20.51,1625449482.0,64.0
-22.28,1625449482.0,64.0
-24.41,1625449482.0,64.0
-27.0,1625449482.0,64.0
-29.96,1625449482.0,64.0
-32.93,1625449482.0,64.0
-35.31,1625449482.0,64.0
-36.43,1625449482.0,64.0
-35.76,1625449482.0,64.0
-33.02,1625449482.0,64.0
-28.33,1625449482.0,64.0
-22.19,1625449482.0,64.0
-15.25,1625449482.0,64.0
-8.16,1625449482.0,64.0
-1.36,1625449482.0,64.0
4.96,1625449482.0,64.0
10.71,1625449482.0,64.0
15.82,1625449482.0,64.0
20.12,1625449482.0,64.0
23.39,1625449482.0,64.0
25.46,1625449482.0,64.0
26.38,1625449482.0,64.0
26.5,1625449482.0,64.0
26.33,1625449482.0,64.0
26.46,1625449482.0,64.0
27.18,1625449482.0,64.0
28.42,1625449482.0,64.0
29.77,1625449482.0,64.0
30.69,1625449482.0,64.0
30.77,1625449482.0,64.0
29.94,1625449482.0,64.0
28.4,1625449482.0,64.0
26.5,1625449482.0,64.0
24.54,1625449482.0,64.0
22.55,1625449482.0,64.0
20.39,1625449482.0,64.0
17.82,1625449482.0,64.0
14.78,1625449482.0,64.0
11.36,1625449482.0,64.0
7.9,1625449482.0,64.0
4.74,1625449482.0,64.0
2.09,1625449482.0,64.0
-0.04,1625449482.0,64.0
-1.88,1625449482.0,64.0
-3.76,1625449482.0,64.0
-5.96,1625449482.0,64.0
-8.6,1625449482.0,64.0
-11.68,1625449482.0,64.0
-15.06,1625449482.0,64.0
-18.62,1625449482.0,64.0
-22.27,1625449482.0,64.0
-25.98,1625449482.0,64.0
-29.69,1625449482.0,64.0
-33.2,1625449482.0,64.0
-36.09,1625449482.0,64.0
-37.82,1625449482.0,64.0
-37.8,1625449482.0,64.0
-35.68,1625449482.0,64.0
-31.48,1625449482.0,64.0
-25.61,1625449482.0,64.0
-18.73,1625449482.0,64.0
-11.48,1625449482.0,64.0
-4.31,1625449482.0,64.0
2.59,1625449482.0,64.0
9.07,1625449482.0,64.0
14.96,1625449482.0,64.0
19.89,1625449482.0,64.0
23.43,1625449482.0,64.0
25.26,1625449482.0,64.0
25.44,1625449482.0,64.0
24.49,1625449482.0,64.0
23.15,1625449482.0,64.0
22.16,1625449482.0,64.0
21.89,1625449482.0,64.0
22.26,1625449482.0,64.0
22.87,1625449482.0,64.0
23.19,1625449482.0,64.0
22.88,1625449482.0,64.0
21.89,1625449482.0,64.0
20.44,1625449482.0,64.0
18.83,1625449482.0,64.0
17.3,1625449482.0,64.0
15.9,1625449482.0,64.0
14.56,1625449482.0,64.0
13.17,1625449482.0,64.0
11.55,1625449482.0,64.0
9.59,1625449482.0,64.0
7.2,1625449482.0,64.0
4.38,1625449482.0,64.0
1.17,1625449482.0,64.0
-2.3,1625449482.0,64.0
-5.93,1625449482.0,64.0
-9.56,1625449482.0,64.0
-13.12,1625449482.0,64.0
-16.61,1625449482.0,64.0
-20.06,1625449482.0,64.0
-23.58,1625449482.0,64.0
-27.27,1625449482.0,64.0
-31.26,1625449482.0,64.0
-35.58,1625449482.0,64.0
-40.17,1625449482.0,64.0
-44.71,1625449482.0,64.0
-48.63,1625449482.0,64.0
-51.18,1625449482.0,64.0
-51.64,1625449482.0,64.0
-49.56,1625449482.0,64.0
-44.96,1625449482.0,64.0
-38.28,1625449482.0,64.0
-30.29,1625449482.0,64.0
-21.76,1625449482.0,64.0
-13.24,1625449482.0,64.0
-5.07,1625449482.0,64.0
2.65,1625449482.0,64.0
9.83,1625449482.0,64.0
16.27,1625449482.0,64.0
21.65,1625449482.0,64.0
25.65,1625449482.0,64.0
28.13,1625449482.0,64.0
29.29,1625449482.0,64.0
29.59,1625449482.0,64.0
29.61,1625449482.0,64.0
29.76,1625449482.0,64.0
30.17,1625449482.0,64.0
30.64,1625449482.0,64.0
30.81,1625449482.0,64.0
30.42,1625449482.0,64.0
29.41,1625449482.0,64.0
27.94,1625449482.0,64.0
26.29,1625449482.0,64.0
24.62,1625449482.0,64.0
22.95,1625449482.0,64.0
21.16,1625449482.0,64.0
19.1,1625449482.0,64.0
16.77,1625449482.0,64.0
14.2,1625449482.0,64.0
11.57,1625449482.0,64.0
8.93,1625449482.0,64.0
6.27,1625449482.0,64.0
3.49,1625449482.0,64.0
0.44,1625449482.0,64.0
-2.9,1625449482.0,64.0
-6.44,1625449482.0,64.0
-10.04,1625449482.0,64.0
-13.53,1625449482.0,64.0
-16.83,1625449482.0,64.0
-19.96,1625449482.0,64.0
-23.05,1625449482.0,64.0
-26.26,1625449482.0,64.0
-29.75,1625449482.0,64.0
-33.64,1625449482.0,64.0
-37.84,1625449482.0,64.0
-42.02,1625449482.0,64.0
-45.63,1625449482.0,64.0
-47.97,1625449482.0,64.0
-48.39,1625449482.0,64.0
-46.51,1625449482.0,64.0
-42.35,1625449482.0,64.0
-36.29,1625449482.0,64.0
-28.96,1625449482.0,64.0
-21.01,1625449482.0,64.0
-12.92,1625449482.0,64.0
-4.92,1625449482.0,64.0
2.9,1625449482.0,64.0
10.38,1625449482.0,64.0
17.25,1625449482.0,64.0
23.1,1625449482.0,64.0
27.53,1625449482.0,64.0
30.39,1625449482.0,64.0
31.79,1625449482.0,64.0
32.16,1625449482.0,64.0
32.02,1625449482.0,64.0
31.78,1625449482.0,64.0
31.59,1625449482.0,64.0
31.39,1625449482.0,64.0
31.01,1625449482.0,64.0
30.3,1625449482.0,64.0
29.2,1625449482.0,64.0
27.74,1625449482.0,64.0
25.94,1625449482.0,64.0
23.78,1625449482.0,64.0
21.24,1625449482.0,64.0
18.29,1625449482.0,64.0
15.04,1625449482.0,64.0
11.63,1625449482.0,64.0
8.3,1625449482.0,64.0
5.23,1625449482.0,64.0
2.52,1625449482.0,64.0
0.21,1625449482.0,64.0
-1.78,1625449482.0,64.0
-3.52,1625449482.0,64.0
-5.13,1625449482.0,64.0
-6.69,1625449482.0,64.0
-8.28,1625449482.0,64.0
-9.95,1625449482.0,64.0
-11.78,1625449482.0,64.0
-13.82,1625449482.0,64.0
-16.18,1625449482.0,64.0
-18.96,1625449482.0,64.0
-22.24,1625449482.0,64.0
-26.08,1625449482.0,64.0
-30.37,1625449482.0,64.0
-34.87,1625449482.0,64.0
-39.18,1625449482.0,64.0
-42.67,1625449482.0,64.0
-44.74,1625449482.0,64.0
-44.85,1625449482.0,64.0
-42.71,1625449482.0,64.0
-38.41,1625449482.0,64.0
-32.36,1625449482.0,64.0
-25.12,1625449482.0,64.0
-17.24,1625449482.0,64.0
-9.15,1625449482.0,64.0
-1.09,1625449482.0,64.0
6.73,1625449482.0,64.0
14.03,1625449482.0,64.0
20.37,1625449482.0,64.0
25.31,1625449482.0,64.0
28.54,1625449482.0,64.0
30.11,1625449482.0,64.0
30.41,1625449482.0,64.0
30.03,1625449482.0,64.0
29.6,1625449482.0,64.0
29.44,1625449482.0,64.0
29.59,1625449482.0,64.0
29.78,1625449482.0,64.0
29.67,1625449482.0,64.0
28.94,1625449482.0,64.0
27.53,1625449482.0,64.0
25.51,1625449482.0,64.0
23.08,1625449482.0,64.0
20.5,1625449482.0,64.0
17.91,1625449482.0,64.0
15.44,1625449482.0,64.0
13.09,1625449482.0,64.0
10.87,1625449482.0,64.0
8.75,1625449482.0,64.0
6.7,1625449482.0,64.0
4.65,1625449482.0,64.0
2.6,1625449482.0,64.0
0.55,1625449482.0,64.0
-1.47,1625449482.0,64.0
-3.4,1625449482.0,64.0
-5.25,1625449482.0,64.0
-7.12,1625449482.0,64.0
-9.1,1625449482.0,64.0
-11.37,1625449482.0,64.0
-14.0,1625449482.0,64.0
-17.0,1625449482.0,64.0
-20.33,1625449482.0,64.0
-23.99,1625449482.0,64.0
-27.99,1625449482.0,64.0
-32.34,1625449482.0,64.0
-36.94,1625449482.0,64.0
-41.44,1625449482.0,64.0
-45.25,1625449482.0,64.0
-47.64,1625449482.0,64.0
-47.95,1625449482.0,64.0
-45.84,1625449482.0,64.0
-41.37,1625449482.0,64.0
-35.03,1625449482.0,64.0
-27.48,1625449482.0,64.0
-19.43,1625449482.0,64.0
-11.41,1625449482.0,64.0
-3.77,1625449482.0,64.0
3.29,1625449482.0,64.0
9.61,1625449482.0,64.0
15.0,1625449482.0,64.0
19.24,1625449482.0,64.0
22.2,1625449482.0,64.0
23.93,1625449482.0,64.0
24.67,1625449482.0,64.0
24.86,1625449482.0,64.0
24.96,1625449482.0,64.0
25.29,1625449482.0,64.0
25.93,1625449482.0,64.0
26.69,1625449482.0,64.0
27.22,1625449482.0,64.0
27.19,1625449482.0,64.0
26.47,1625449482.0,64.0
25.11,1625449482.0,64.0
23.34,1625449482.0,64.0
21.42,1625449482.0,64.0
19.52,1625449482.0,64.0
17.73,1625449482.0,64.0
16.05,1625449482.0,64.0
14.46,1625449482.0,64.0
12.89,1625449482.0,64.0
11.27,1625449482.0,64.0
9.49,1625449482.0,64.0
7.4,1625449482.0,64.0
4.86,1625449482.0,64.0
1.82,1625449482.0,64.0
-1.62,1625449482.0,64.0
-5.24,1625449482.0,64.0
-8.8,1625449482.0,64.0
-12.09,1625449482.0,64.0
-15.08,1625449482.0,64.0
-17.91,1625449482.0,64.0
-20.87,1625449482.0,64.0
-24.19,1625449482.0,64.0
-28.01,1625449482.0,64.0
-32.19,1625449482.0,64.0
-36.34,1625449482.0,64.0
-39.83,1625449482.0,64.0
-41.92,1625449482.0,64.0
-42.0,1625449482.0,64.0
-39.73,1625449482.0,64.0
-35.16,1625449482.0,64.0
-28.76,1625449482.0,64.0
-21.23,1625449482.0,64.0
-13.25,1625449482.0,64.0
-5.36,1625449482.0,64.0
2.16,1625449482.0,64.0
9.13,1625449482.0,64.0
15.37,1625449482.0,64.0
20.6,1625449482.0,64.0
24.47,1625449482.0,64.0
26.78,1625449482.0,64.0
27.69,1625449482.0,64.0
27.73,1625449482.0,64.0
27.62,1625449482.0,64.0
28.01,1625449482.0,64.0
29.15,1625449482.0,64.0
30.83,1625449482.0,64.0
32.52,1625449482.0,64.0
33.63,1625449482.0,64.0
33.77,1625449482.0,64.0
32.89,1625449482.0,64.0
31.24,1625449482.0,64.0
29.14,1625449482.0,64.0
26.82,1625449482.0,64.0
24.35,1625449482.0,64.0
21.62,1625449482.0,64.0
18.52,1625449482.0,64.0
14.99,1625449482.0,64.0
11.14,1625449482.0,64.0
7.19,1625449482.0,64.0
3.4,1625449482.0,64.0
-0.09,1625449482.0,64.0
-3.31,1625449482.0,64.0
-6.39,1625449482.0,64.0
-9.57,1625449482.0,64.0
-12.95,1625449482.0,64.0
-16.58,1625449482.0,64.0
-20.46,1625449482.0,64.0
-24.59,1625449482.0,64.0
-29.03,1625449482.0,64.0
-33.78,1625449482.0,64.0
-38.69,1625449482.0,64.0
-43.33,1625449482.0,64.0
-47.03,1625449482.0,64.0
-49.03,1625449482.0,64.0
-48.75,1625449482.0,64.0
-45.97,1625449482.0,64.0
-40.95,1625449482.0,64.0
-34.26,1625449482.0,64.0
-26.58,1625449482.0,64.0
-18.45,1625449482.0,64.0
-10.23,1625449482.0,64.0
-2.11,1625449482.0,64.0
5.71,1625449482.0,64.0
13.01,1625449482.0,64.0
19.39,1625449482.0,64.0
24.52,1625449482.0,64.0
28.13,1625449482.0,64.0
30.27,1625449482.0,64.0
31.19,1625449482.0,64.0
31.38,1625449482.0,64.0
31.25,1625449482.0,64.0
31.1,1625449482.0,64.0
30.96,1625449482.0,64.0
30.69,1625449482.0,64.0
30.08,1625449482.0,64.0
28.94,1625449482.0,64.0
27.21,1625449482.0,64.0
24.98,1625449482.0,64.0
22.43,1625449482.0,64.0
19.78,1625449482.0,64.0
17.18,1625449482.0,64.0
14.66,1625449482.0,64.0
12.16,1625449482.0,64.0
9.54,1625449482.0,64.0
6.71,1625449482.0,64.0
3.66,1625449482.0,64.0
0.5,1625449482.0,64.0
-2.61,1625449482.0,64.0
-5.49,1625449482.0,64.0
-8.07,1625449482.0,64.0
-10.38,1625449482.0,64.0
-12.56,1625449482.0,64.0
-14.77,1625449482.0,64.0
-17.09,1625449482.0,64.0
-19.63,1625449482.0,64.0
-22.46,1625449482.0,64.0
-25.68,1625449482.0,64.0
-29.34,1625449482.0,64.0
-33.41,1625449482.0,64.0
-37.61,1625449482.0,64.0
-41.34,1625449482.0,64.0
-43.79,1625449482.0,64.0
-44.17,1625449482.0,64.0
-42.02,1625449482.0,64.0
-37.38,1625449482.0,64.0
-30.8,1625449482.0,64.0
-23.11,1625449482.0,64.0
-15.08,1625449482.0,64.0
-7.2,1625449482.0,64.0
0.41,1625449482.0,64.0
7.72,1625449482.0,64.0
14.57,1625449482.0,64.0
20.6,1625449482.0,64.0
25.28,1625449482.0,64.0
28.22,1625449482.0,64.0
29.39,1625449482.0,64.0
29.22,1625449482.0,64.0
28.38,1625449482.0,64.0
27.56,1625449482.0,64.0
27.18,1625449482.0,64.0
27.24,1625449482.0,64.0
27.5,1625449482.0,64.0
27.57,1625449482.0,64.0
27.17,1625449482.0,64.0
26.15,1625449482.0,64.0
24.52,1625449482.0,64.0
22.43,1625449482.0,64.0
20.07,1625449482.0,64.0
17.59,1625449482.0,64.0
15.11,1625449482.0,64.0
12.71,1625449482.0,64.0
10.33,1625449482.0,64.0
7.91,1625449482.0,64.0
5.38,1625449482.0,64.0
2.7,1625449482.0,64.0
-0.13,1625449482.0,64.0
-3.04,1625449482.0,64.0
-5.98,1625449482.0,64.0
-8.93,1625449482.0,64.0
-11.86,1625449482.0,64.0
-14.76,1625449482.0,64.0
-17.66,1625449482.0,64.0
-20.6,1625449482.0,64.0
-23.68,1625449482.0,64.0
-27.05,1625449482.0,64.0
-30.74,1625449482.0,64.0
-34.66,1625449482.0,64.0
-38.48,1625449482.0,64.0
-41.64,1625449482.0,64.0
-43.52,1625449482.0,64.0
-43.55,1625449482.0,64.0
-41.42,1625449482.0,64.0
-37.15,1625449482.0,64.0
-31.07,1625449482.0,64.0
-23.74,1625449482.0,64.0
-15.81,1625449482.0,64.0
-7.78,1625449482.0,64.0
-0.07,1625449482.0,64.0
7.09,1625449482.0,64.0
13.5,1625449482.0,64.0
18.93,1625449482.0,64.0
23.12,1625449482.0,64.0
25.86,1625449482.0,64.0
27.18,1625449482.0,64.0
27.36,1625449482.0,64.0
26.91,1625449482.0,64.0
26.37,1625449482.0,64.0
26.1,1625449482.0,64.0
26.15,1625449482.0,64.0
26.23,1625449482.0,64.0
25.98,1625449482.0,64.0
25.05,1625449482.0,64.0
23.36,1625449482.0,64.0
21.05,1625449482.0,64.0
18.4,1625449482.0,64.0
15.67,1625449482.0,64.0
13.01,1625449482.0,64.0
10.42,1625449482.0,64.0
7.83,1625449482.0,64.0
5.18,1625449482.0,64.0
2.52,1625449482.0,64.0
-0.03,1625449482.0,64.0
-2.36,1625449482.0,64.0
-4.48,1625449482.0,64.0
-6.55,1625449482.0,64.0
-8.76,1625449482.0,64.0
-11.26,1625449482.0,64.0
-14.04,1625449482.0,64.0
-16.94,1625449482.0,64.0
-19.74,1625449482.0,64.0
-22.29,1625449482.0,64.0
-24.66,1625449482.0,64.0
-27.04,1625449482.0,64.0
-29.65,1625449482.0,64.0
-32.54,1625449482.0,64.0
-35.46,1625449482.0,64.0
-37.93,1625449482.0,64.0
-39.28,1625449482.0,64.0
-38.86,1625449482.0,64.0
-36.21,1625449482.0,64.0
-31.22,1625449482.0,64.0
-24.14,1625449482.0,64.0
-15.6,1625449482.0,64.0
-6.39,1625449482.0,64.0
2.73,1625449482.0,64.0
11.16,1625449482.0,64.0
18.5,1625449482.0,64.0
24.5,1625449482.0,64.0
28.99,1625449482.0,64.0
31.84,1625449482.0,64.0
33.07,1625449482.0,64.0
32.96,1625449482.0,64.0
32.01,1625449482.0,64.0
30.91,1625449482.0,64.0
30.24,1625449482.0,64.0
30.27,1625449482.0,64.0
30.86,1625449482.0,64.0
31.57,1625449482.0,64.0
31.88,1625449482.0,64.0
31.42,1625449482.0,64.0
30.11,1625449482.0,64.0
28.1,1625449482.0,64.0
25.68,1625449482.0,64.0
23.09,1625449482.0,64.0
20.49,1625449482.0,64.0
17.92,1625449482.0,64.0
15.37,1625449482.0,64.0
12.85,1625449482.0,64.0
10.36,1625449482.0,64.0
7.87,1625449482.0,64.0
5.36,1625449482.0,64.0
2.79,1625449482.0,64.0
0.16,1625449482.0,64.0
-2.5,1625449482.0,64.0
-5.13,1625449482.0,64.0
-7.7,1625449482.0,64.0
-10.17,1625449482.0,64.0
-12.59,1625449482.0,64.0
-15.04,1625449482.0,64.0
-17.6,1625449482.0,64.0
-20.37,1625449482.0,64.0
-23.42,1625449482.0,64.0
-26.76,1625449482.0,64.0
-30.28,1625449482.0,64.0
-33.73,1625449482.0,64.0
-36.61,1625449482.0,64.0
-38.27,1625449482.0,64.0
-38.11,1625449482.0,64.0
-35.74,1625449482.0,64.0
-31.14,1625449482.0,64.0
-24.73,1625449482.0,64.0
-17.19,1625449482.0,64.0
-9.22,1625449482.0,64.0
-1.36,1625449482.0,64.0
6.07,1625449482.0,64.0
12.91,1625449482.0,64.0
18.95,1625449482.0,64.0
23.91,1625449482.0,64.0
27.43,1625449482.0,64.0
29.36,1625449482.0,64.0
29.91,1625449482.0,64.0
29.6,1625449482.0,64.0
29.17,1625449482.0,64.0
29.19,1625449482.0,64.0
29.86,1625449482.0,64.0
30.94,1625449482.0,64.0
31.93,1625449482.0,64.0
32.29,1625449482.0,64.0
31.74,1625449482.0,64.0
30.32,1625449482.0,64.0
28.29,1625449482.0,64.0
25.99,1625449482.0,64.0
23.65,1625449482.0,64.0
21.34,1625449482.0,64.0
18.96,1625449482.0,64.0
16.41,1625449482.0,64.0
13.61,1625449482.0,64.0
10.6,1625449482.0,64.0
7.52,1625449482.0,64.0
4.54,1625449482.0,64.0
1.81,1625449482.0,64.0
-0.65,1625449482.0,64.0
-2.95,1625449482.0,64.0
-5.24,1625449482.0,64.0
-7.66,1625449482.0,64.0
-10.34,1625449482.0,64.0
-13.36,1625449482.0,64.0
-16.87,1625449482.0,64.0
-20.98,1625449482.0,64.0
-25.71,1625449482.0,64.0
-30.91,1625449482.0,64.0
-36.07,1625449482.0,64.0
-40.42,1625449482.0,64.0
-43.08,1625449482.0,64.0
-43.36,1625449482.0,64.0
-40.99,1625449482.0,64.0
-36.21,1625449482.0,64.0
-29.7,1625449482.0,64.0
-22.21,1625449482.0,64.0
-14.38,1625449482.0,64.0
-6.58,1625449482.0,64.0
1.01,1625449482.0,64.0
8.17,1625449482.0,64.0
14.58,1625449482.0,64.0
19.76,1625449482.0,64.0
23.32,1625449482.0,64.0
25.07,1625449482.0,64.0
25.29,1625449482.0,64.0
24.66,1625449482.0,64.0
24.01,1625449482.0,64.0
23.98,1625449482.0,64.0
24.76,1625449482.0,64.0
26.04,1625449482.0,64.0
27.17,1625449482.0,64.0
27.49,1625449482.0,64.0
26.63,1625449482.0,64.0
24.61,1625449482.0,64.0
21.77,1625449482.0,64.0
18.6,1625449482.0,64.0
15.47,1625449482.0,64.0
12.55,1625449482.0,64.0
9.88,1625449482.0,64.0
7.37,1625449482.0,64.0
4.99,1625449482.0,64.0
2.7,1625449482.0,64.0
0.47,1625449482.0,64.0
-1.76,1625449482.0,64.0
-4.05,1625449482.0,64.0
-6.41,1625449482.0,64.0
-8.83,1625449482.0,64.0
-11.28,1625449482.0,64.0
-13.78,1625449482.0,64.0
-16.44,1625449482.0,64.0
-19.45,1625449482.0,64.0
-22.99,1625449482.0,64.0
-27.1,1625449482.0,64.0
-31.65,1625449482.0,64.0
-36.29,1625449482.0,64.0
-40.6,1625449482.0,64.0
-44.13,1625449482.0,64.0
-46.45,1625449482.0,64.0
-47.18,1625449482.0,64.0
-46.03,1625449482.0,64.0
-42.88,1625449482.0,64.0
-37.87,1625449482.0,64.0
-31.38,1625449482.0,64.0
-23.92,1625449482.0,64.0
-15.99,1625449482.0,64.0
-7.91,1625449482.0,64.0
0.12,1625449482.0,64.0
7.93,1625449482.0,64.0
15.23,1625449482.0,64.0
21.58,1625449482.0,64.0
26.58,1625449482.0,64.0
30.03,1625449482.0,64.0
32.11,1625449482.0,64.0
33.33,1625449482.0,64.0
34.36,1625449482.0,64.0
35.61,1625449482.0,64.0
37.11,1625449482.0,64.0
38.52,1625449482.0,64.0
39.36,1625449482.0,64.0
39.32,1625449482.0,64.0
38.34,1625449482.0,64.0
36.65,1625449482.0,64.0
34.51,1625449482.0,64.0
32.05,1625449482.0,64.0
29.25,1625449482.0,64.0
25.98,1625449482.0,64.0
22.16,1625449482.0,64.0
17.89,1625449482.0,64.0
13.38,1625449482.0,64.0
8.86,1625449482.0,64.0
4.5,1625449482.0,64.0
0.37,1625449482.0,64.0
-3.51,1625449482.0,64.0
-7.15,1625449482.0,64.0
-10.57,1625449482.0,64.0
-13.81,1625449482.0,64.0
-16.98,1625449482.0,64.0
-20.26,1625449482.0,64.0
-23.79,1625449482.0,64.0
-27.6,1625449482.0,64.0
-31.66,1625449482.0,64.0
-35.84,1625449482.0,64.0
-39.99,1625449482.0,64.0
-43.89,1625449482.0,64.0
-47.2,1625449482.0,64.0
-49.46,1625449482.0,64.0
-50.09,1625449482.0,64.0
-48.6,1625449482.0,64.0
-44.74,1625449482.0,64.0
-38.71,1625449482.0,64.0
-31.06,1625449482.0,64.0
-22.56,1625449482.0,64.0
-13.94,1625449482.0,64.0
-5.61,1625449482.0,64.0
2.21,1625449482.0,64.0
9.43,1625449482.0,64.0
15.92,1625449482.0,64.0
21.38,1625449482.0,64.0
25.45,1625449482.0,64.0
27.85,1625449482.0,64.0
28.63,1625449482.0,64.0
28.17,1625449482.0,64.0
27.13,1625449482.0,64.0
26.09,1625449482.0,64.0
25.43,1625449482.0,64.0
25.12,1625449482.0,64.0
24.84,1625449482.0,64.0
24.12,1625449482.0,64.0
22.64,1625449482.0,64.0
20.32,1625449482.0,64.0
17.36,1625449482.0,64.0
14.19,1625449482.0,64.0
11.21,1625449482.0,64.0
8.68,1625449482.0,64.0
6.67,1625449482.0,64.0
5.06,1625449482.0,64.0
3.64,1625449482.0,64.0
2.19,1625449482.0,64.0
0.55,1625449482.0,64.0
-1.44,1625449482.0,64.0
-3.94,1625449482.0,64.0
-7.04,1625449482.0,64.0
-10.77,1625449482.0,64.0
-14.97,1625449482.0,64.0
-19.35,1625449482.0,64.0
-23.52,1625449482.0,64.0
-27.18,1625449482.0,64.0
-30.19,1625449482.0,64.0
-32.64,1625449482.0,64.0
-34.79,1625449482.0,64.0
-36.96,1625449482.0,64.0
-39.36,1625449482.0,64.0
-42.11,1625449482.0,64.0
-45.13,1625449482.0,64.0
-48.11,1625449482.0,64.0
-50.57,1625449482.0,64.0
-51.84,1625449482.0,64.0
-51.3,1625449482.0,64.0
-48.45,1625449482.0,64.0
-43.2,1625449482.0,64.0
-35.86,1625449482.0,64.0
-27.08,1625449482.0,64.0
-17.64,1625449482.0,64.0
-8.25,1625449482.0,64.0
0.7,1625449482.0,64.0
8.98,1625449482.0,64.0
16.51,1625449482.0,64.0
23.12,1625449482.0,64.0
28.51,1625449482.0,64.0
32.36,1625449482.0,64.0
34.52,1625449482.0,64.0
35.12,1625449482.0,64.0
34.59,1625449482.0,64.0
33.54,1625449482.0,64.0
32.45,1625449482.0,64.0
31.57,1625449482.0,64.0
30.84,1625449482.0,64.0
29.95,1625449482.0,64.0
28.62,1625449482.0,64.0
26.66,1625449482.0,64.0
24.12,1625449482.0,64.0
21.21,1625449482.0,64.0
18.18,1625449482.0,64.0
15.24,1625449482.0,64.0
12.48,1625449482.0,64.0
9.91,1625449482.0,64.0
7.48,1625449482.0,64.0
5.22,1625449482.0,64.0
3.19,1625449482.0,64.0
1.5,1625449482.0,64.0
0.21,1625449482.0,64.0
-0.74,1625449482.0,64.0
-1.52,1625449482.0,64.0
-2.37,1625449482.0,64.0
-3.53,1625449482.0,64.0
-5.16,1625449482.0,64.0
-7.3,1625449482.0,64.0
-9.88,1625449482.0,64.0
-12.74,1625449482.0,64.0
-15.67,1625449482.0,64.0
-18.57,1625449482.0,64.0
-21.45,1625449482.0,64.0
-24.42,1625449482.0,64.0
-27.6,1625449482.0,64.0
-30.95,1625449482.0,64.0
-34.06,1625449482.0,64.0
-36.19,1625449482.0,64.0
-36.5,1625449482.0,64.0
-34.37,1625449482.0,64.0
-29.72,1625449482.0,64.0
-23.05,1625449482.0,64.0
-15.28,1625449482.0,64.0
-7.34,1625449482.0,64.0
0.12,1625449482.0,64.0
6.89,1625449482.0,64.0
13.01,1625449482.0,64.0
18.54,1625449482.0,64.0
23.39,1625449482.0,64.0
27.27,1625449482.0,64.0
29.91,1625449482.0,64.0
31.28,1625449482.0,64.0
31.73,1625449482.0,64.0
31.83,1625449482.0,64.0
32.16,1625449482.0,64.0
33.02,1625449482.0,64.0
34.33,1625449482.0,64.0
35.73,1625449482.0,64.0
36.72,1625449482.0,64.0
36.99,1625449482.0,64.0
36.45,1625449482.0,64.0
35.24,1625449482.0,64.0
33.54,1625449482.0,64.0
31.47,1625449482.0,64.0
28.97,1625449482.0,64.0
25.89,1625449482.0,64.0
22.14,1625449482.0,64.0
17.75,1625449482.0,64.0
12.93,1625449482.0,64.0
8.03,1625449482.0,64.0
3.44,1625449482.0,64.0
-0.52,1625449482.0,64.0
-3.7,1625449482.0,64.0
-6.18,1625449482.0,64.0
-8.23,1625449482.0,64.0
-10.22,1625449482.0,64.0
-12.54,1625449482.0,64.0
-15.46,1625449482.0,64.0
-19.1,1625449482.0,64.0
-23.45,1625449482.0,64.0
-28.38,1625449482.0,64.0
-33.71,1625449482.0,64.0
-39.19,1625449482.0,64.0
-44.46,1625449482.0,64.0
-48.97,1625449482.0,64.0
-52.08,1625449482.0,64.0
-53.11,1625449482.0,64.0
-51.63,1625449482.0,64.0
-47.59,1625449482.0,64.0
-41.35,1625449482.0,64.0
-33.59,1625449482.0,64.0
-25.05,1625449482.0,64.0
-16.36,1625449482.0,64.0
-7.84,1625449482.0,64.0
0.28,1625449482.0,64.0
7.84,1625449482.0,64.0
14.52,1625449482.0,64.0
19.93,1625449482.0,64.0
23.75,1625449482.0,64.0
25.93,1625449482.0,64.0
26.76,1625449482.0,64.0
26.78,1625449482.0,64.0
26.58,1625449482.0,64.0
26.53,1625449482.0,64.0
26.77,1625449482.0,64.0
27.15,1625449482.0,64.0
27.44,1625449482.0,64.0
27.44,1625449482.0,64.0
27.03,1625449482.0,64.0
26.17,1625449482.0,64.0
24.85,1625449482.0,64.0
23.08,1625449482.0,64.0
20.84,1625449482.0,64.0
18.2,1625449482.0,64.0
15.29,1625449482.0,64.0
12.25,1625449482.0,64.0
9.26,1625449482.0,64.0
6.43,1625449482.0,64.0
3.82,1625449482.0,64.0
1.45,1625449482.0,64.0
-0.79,1625449482.0,64.0
-3.02,1625449482.0,64.0
-5.4,1625449482.0,64.0
-7.95,1625449482.0,64.0
-10.69,1625449482.0,64.0
-13.55,1625449482.0,64.0
-16.49,1625449482.0,64.0
-19.56,1625449482.0,64.0
-22.84,1625449482.0,64.0
-26.35,1625449482.0,64.0
-29.92,1625449482.0,64.0
-33.08,1625449482.0,64.0
-35.21,1625449482.0,64.0
-35.7,1625449482.0,64.0
-34.15,1625449482.0,64.0
-30.59,1625449482.0,64.0
-25.42,1625449482.0,64.0
-19.26,1625449482.0,64.0
-12.63,1625449482.0,64.0
-5.87,1625449482.0,64.0
0.99,1625449482.0,64.0
8.01,1625449482.0,64.0
15.12,1625449482.0,64.0
21.97,1625449482.0,64.0
27.97,1625449482.0,64.0
32.47,1625449482.0,64.0
35.1,1625449482.0,64.0
35.96,1625449482.0,64.0
35.6,1625449482.0,64.0
34.81,1625449482.0,64.0
34.26,1625449482.0,64.0
34.2,1625449482.0,64.0
34.44,1625449482.0,64.0
34.54,1625449482.0,64.0
34.07,1625449482.0,64.0
32.86,1625449482.0,64.0
31.04,1625449482.0,64.0
28.89,1625449482.0,64.0
26.62,1625449482.0,64.0
24.24,1625449482.0,64.0
21.56,1625449482.0,64.0
18.37,1625449482.0,64.0
14.55,1625449482.0,64.0
10.22,1625449482.0,64.0
5.66,1625449482.0,64.0
1.19,1625449482.0,64.0
-2.97,1625449482.0,64.0
-6.8,1625449482.0,64.0
-10.4,1625449482.0,64.0
-13.91,1625449482.0,64.0
-17.43,1625449482.0,64.0
-20.95,1625449482.0,64.0
-24.4,1625449482.0,64.0
-27.75,1625449482.0,64.0
-31.04,1625449482.0,64.0
-34.38,1625449482.0,64.0
-37.95,1625449482.0,64.0
-41.75,1625449482.0,64.0
-45.64,1625449482.0,64.0
-49.19,1625449482.0,64.0
-51.82,1625449482.0,64.0
-52.88,1625449482.0,64.0
-51.88,1625449482.0,64.0
-48.59,1625449482.0,64.0
-43.19,1625449482.0,64.0
-36.16,1625449482.0,64.0
-28.05,1625449482.0,64.0
-19.44,1625449482.0,64.0
-10.67,1625449482.0,64.0
-1.96,1625449482.0,64.0
6.47,1625449482.0,64.0
14.31,1625449482.0,64.0
21.08,1625449482.0,64.0
26.31,1625449482.0,64.0
29.7,1625449482.0,64.0
31.29,1625449482.0,64.0
31.43,1625449482.0,64.0
30.74,1625449482.0,64.0
29.79,1625449482.0,64.0
28.99,1625449482.0,64.0
28.49,1625449482.0,64.0
28.27,1625449482.0,64.0
28.18,1625449482.0,64.0
28.07,1625449482.0,64.0
27.81,1625449482.0,64.0
27.26,1625449482.0,64.0
26.3,1625449482.0,64.0
24.87,1625449482.0,64.0
22.93,1625449482.0,64.0
20.6,1625449482.0,64.0
18.03,1625449482.0,64.0
15.45,1625449482.0,64.0
13.01,1625449482.0,64.0
10.73,1625449482.0,64.0
8.47,1625449482.0,64.0
6.02,1625449482.0,64.0
3.24,1625449482.0,64.0
0.06,1625449482.0,64.0
-3.42,1625449482.0,64.0
-7.02,1625449482.0,64.0
-10.55,1625449482.0,64.0
-13.87,1625449482.0,64.0
-16.99,1625449482.0,64.0
-19.96,1625449482.0,64.0
-22.88,1625449482.0,64.0
-25.93,1625449482.0,64.0
-29.26,1625449482.0,64.0
-32.98,1625449482.0,64.0
-37.06,1625449482.0,64.0
-41.17,1625449482.0,64.0
-44.7,1625449482.0,64.0
-46.82,1625449482.0,64.0
-46.79,1625449482.0,64.0
-44.23,1625449482.0,64.0
-39.32,1625449482.0,64.0
-32.69,1625449482.0,64.0
-25.15,1625449482.0,64.0
-17.34,1625449482.0,64.0
-9.55,1625449482.0,64.0
-1.78,1625449482.0,64.0
6.02,1625449482.0,64.0
13.68,1625449482.0,64.0
20.71,1625449482.0,64.0
26.45,1625449482.0,64.0
30.36,1625449482.0,64.0
32.33,1625449482.0,64.0
32.78,1625449482.0,64.0
32.42,1625449482.0,64.0
31.99,1625449482.0,64.0
31.92,1625449482.0,64.0
32.18,1625449482.0,64.0
32.41,1625449482.0,64.0
32.19,1625449482.0,64.0
31.28,1625449482.0,64.0
29.71,1625449482.0,64.0
27.74,1625449482.0,64.0
25.62,1625449482.0,64.0
23.45,1625449482.0,64.0
21.15,1625449482.0,64.0
18.51,1625449482.0,64.0
15.39,1625449482.0,64.0
11.85,1625449482.0,64.0
8.11,1625449482.0,64.0
4.53,1625449482.0,64.0
1.31,1625449482.0,64.0
-1.49,1625449482.0,64.0
-4.01,1625449482.0,64.0
-6.48,1625449482.0,64.0
-9.04,1625449482.0,64.0
-11.71,1625449482.0,64.0
-14.35,1625449482.0,64.0
-16.81,1625449482.0,64.0
-19.0,1625449482.0,64.0
-21.02,1625449482.0,64.0
-23.09,1625449482.0,64.0
-25.5,1625449482.0,64.0
-28.52,1625449482.0,64.0
-32.25,1625449482.0,64.0
-36.56,1625449482.0,64.0
-41.04,1625449482.0,64.0
-45.02,1625449482.0,64.0
-47.72,1625449482.0,64.0
-48.39,1625449482.0,64.0
-46.6,1625449482.0,64.0
-42.32,1625449482.0,64.0
-35.96,1625449482.0,64.0
-28.22,1625449482.0,64.0
-19.87,1625449482.0,64.0
-11.5,1625449482.0,64.0
-3.5,1625449482.0,64.0
3.98,1625449482.0,64.0
10.87,1625449482.0,64.0
17.08,1625449482.0,64.0
22.39,1625449482.0,64.0
26.54,1625449482.0,64.0
29.31,1625449482.0,64.0
30.58,1625449482.0,64.0
30.47,1625449482.0,64.0
29.32,1625449482.0,64.0
27.57,1625449482.0,64.0
25.71,1625449482.0,64.0
24.01,1625449482.0,64.0
22.58,1625449482.0,64.0
21.34,1625449482.0,64.0
20.17,1625449482.0,64.0
19.02,1625449482.0,64.0
17.95,1625449482.0,64.0
17.03,1625449482.0,64.0
16.22,1625449482.0,64.0
15.32,1625449482.0,64.0
14.02,1625449482.0,64.0
12.1,1625449482.0,64.0
9.6,1625449482.0,64.0
6.86,1625449482.0,64.0
4.32,1625449482.0,64.0
2.31,1625449482.0,64.0
0.89,1625449482.0,64.0
-0.19,1625449482.0,64.0
-1.29,1625449482.0,64.0
-2.78,1625449482.0,64.0
-4.84,1625449482.0,64.0
-7.46,1625449482.0,64.0
-10.53,1625449482.0,64.0
-13.9,1625449482.0,64.0
-17.49,1625449482.0,64.0
-21.26,1625449482.0,64.0
-25.26,1625449482.0,64.0
-29.53,1625449482.0,64.0
-34.07,1625449482.0,64.0
-38.7,1625449482.0,64.0
-42.96,1625449482.0,64.0
-46.17,1625449482.0,64.0
-47.57,1625449482.0,64.0
-46.57,1625449482.0,64.0
-43.03,1625449482.0,64.0
-37.28,1625449482.0,64.0
-30.06,1625449482.0,64.0
-22.26,1625449482.0,64.0
-14.62,1625449482.0,64.0
-7.55,1625449482.0,64.0
-1.16,1625449482.0,64.0
4.56,1625449482.0,64.0
9.61,1625449482.0,64.0
13.89,1625449482.0,64.0
17.22,1625449482.0,64.0
19.51,1625449482.0,64.0
20.87,1625449482.0,64.0
21.61,1625449482.0,64.0
22.15,1625449482.0,64.0
22.82,1625449482.0,64.0
23.71,1625449482.0,64.0
24.67,1625449482.0,64.0
25.4,1625449482.0,64.0
25.64,1625449482.0,64.0
25.27,1625449482.0,64.0
24.32,1625449482.0,64.0
22.89,1625449482.0,64.0
21.1,1625449482.0,64.0
19.03,1625449482.0,64.0
16.73,1625449482.0,64.0
14.24,1625449482.0,64.0
11.66,1625449482.0,64.0
9.1,1625449482.0,64.0
6.65,1625449482.0,64.0
4.32,1625449482.0,64.0
2.09,1625449482.0,64.0
-0.06,1625449482.0,64.0
-2.16,1625449482.0,64.0
-4.2,1625449482.0,64.0
-6.22,1625449482.0,64.0
-8.2,1625449482.0,64.0
-10.18,1625449482.0,64.0
-12.12,1625449482.0,64.0
-14.04,1625449482.0,64.0
-16.03,1625449482.0,64.0
-18.25,1625449482.0,64.0
-20.89,1625449482.0,64.0
-23.95,1625449482.0,64.0
-27.08,1625449482.0,64.0
-29.59,1625449482.0,64.0
-30.55,1625449482.0,64.0
-29.2,1625449482.0,64.0
-25.25,1625449482.0,64.0
-19.1,1625449482.0,64.0
-11.68,1625449482.0,64.0
-4.1,1625449482.0,64.0
2.74,1625449482.0,64.0
8.43,1625449482.0,64.0
12.99,1625449482.0,64.0
16.7,1625449482.0,64.0
19.79,1625449482.0,64.0
22.33,1625449482.0,64.0
24.16,1625449482.0,64.0
25.15,1625449482.0,64.0
25.3,1625449482.0,64.0
24.83,1625449482.0,64.0
24.11,1625449482.0,64.0
23.41,1625449482.0,64.0
22.82,1625449482.0,64.0
22.19,1625449482.0,64.0
21.37,1625449482.0,64.0
20.35,1625449482.0,64.0
19.43,1625449482.0,64.0
19.04,1625449482.0,64.0
19.43,1625449482.0,64.0
20.34,1625449482.0,64.0
20.98,1625449482.0,64.0
20.3,1625449482.0,64.0
17.65,1625449482.0,64.0
13.15,1625449482.0,64.0
7.79,1625449482.0,64.0
2.98,1625449482.0,64.0
-0.25,1625449482.0,64.0
-1.75,1625449482.0,64.0
-2.41,1625449482.0,64.0
-3.64,1625449482.0,64.0
-6.64,1625449482.0,64.0
-11.8,1625449482.0,64.0
-18.59,1625449482.0,64.0
-25.93,1625449482.0,64.0
-32.83,1625449482.0,64.0
-38.79,1625449482.0,64.0
-43.87,1625449482.0,64.0
-48.32,1625449482.0,64.0
-52.17,1625449482.0,64.0
-54.94,1625449482.0,64.0
-55.83,1625449482.0,64.0
-54.09,1625449482.0,64.0
-49.48,1625449482.0,64.0
-42.51,1625449482.0,64.0
-34.18,1625449482.0,64.0
-25.64,1625449482.0,64.0
-17.66,1625449482.0,64.0
-10.45,1625449482.0,64.0
-3.78,1625449482.0,64.0
2.64,1625449482.0,64.0
8.87,1625449482.0,64.0
14.59,1625449482.0,64.0
19.3,1625449482.0,64.0
22.6,1625449482.0,64.0
24.41,1625449482.0,64.0
25.08,1625449482.0,64.0
25.16,1625449482.0,64.0
25.2,1625449482.0,64.0
25.55,1625449482.0,64.0
26.29,1625449482.0,64.0
27.21,1625449482.0,64.0
27.99,1625449482.0,64.0
28.22,1625449482.0,64.0
27.6,1625449482.0,64.0
25.98,1625449482.0,64.0
23.46,1625449482.0,64.0
20.35,1625449482.0,64.0
17.03,1625449482.0,64.0
13.86,1625449482.0,64.0
10.98,1625449482.0,64.0
8.34,1625449482.0,64.0
5.78,1625449482.0,64.0
3.19,1625449482.0,64.0
0.54,1625449482.0,64.0
-2.0,1625449482.0,64.0
-4.35,1625449482.0,64.0
-6.53,1625449482.0,64.0
-8.73,1625449482.0,64.0
-11.19,1625449482.0,64.0
-14.11,1625449482.0,64.0
-17.5,1625449482.0,64.0
-21.22,1625449482.0,64.0
-25.11,1625449482.0,64.0
-29.07,1625449482.0,64.0
-33.07,1625449482.0,64.0
-37.04,1625449482.0,64.0
-40.63,1625449482.0,64.0
-43.3,1625449482.0,64.0
-44.32,1625449482.0,64.0
-43.11,1625449482.0,64.0
-39.45,1625449482.0,64.0
-33.62,1625449482.0,64.0
-26.3,1625449482.0,64.0
-18.28,1625449482.0,64.0
-10.16,1625449482.0,64.0
-2.28,1625449482.0,64.0
5.28,1625449482.0,64.0
12.44,1625449482.0,64.0
18.98,1625449482.0,64.0
24.46,1625449482.0,64.0
28.43,1625449482.0,64.0
30.64,1625449482.0,64.0
31.28,1625449482.0,64.0
30.91,1625449482.0,64.0
30.31,1625449482.0,64.0
30.05,1625449482.0,64.0
30.33,1625449482.0,64.0
30.9,1625449482.0,64.0
31.21,1625449482.0,64.0
30.82,1625449482.0,64.0
29.57,1625449482.0,64.0
27.62,1625449482.0,64.0
25.31,1625449482.0,64.0
22.9,1625449482.0,64.0
20.48,1625449482.0,64.0
17.97,1625449482.0,64.0
15.26,1625449482.0,64.0
12.3,1625449482.0,64.0
9.17,1625449482.0,64.0
6.0,1625449482.0,64.0
2.9,1625449482.0,64.0
-0.1,1625449482.0,64.0
-3.07,1625449482.0,64.0
-6.09,1625449482.0,64.0
-9.24,1625449482.0,64.0
-12.49,1625449482.0,64.0
-15.8,1625449482.0,64.0
-19.05,1625449482.0,64.0
-22.22,1625449482.0,64.0
-25.36,1625449482.0,64.0
-28.66,1625449482.0,64.0
-32.28,1625449482.0,64.0
-36.25,1625449482.0,64.0
-40.29,1625449482.0,64.0
-43.7,1625449482.0,64.0
-45.62,1625449482.0,64.0
-45.28,1625449482.0,64.0
-42.3,1625449482.0,64.0
-36.93,1625449482.0,64.0
-29.86,1625449482.0,64.0
-21.99,1625449482.0,64.0
-13.98,1625449482.0,64.0
-6.14,1625449482.0,64.0
1.58,1625449482.0,64.0
9.18,1625449482.0,64.0
16.45,1625449482.0,64.0
22.81,1625449482.0,64.0
27.62,1625449482.0,64.0
30.45,1625449482.0,64.0
31.36,1625449482.0,64.0
30.86,1625449482.0,64.0
29.66,1625449482.0,64.0
28.4,1625449482.0,64.0
27.43,1625449482.0,64.0
26.84,1625449482.0,64.0
26.54,1625449482.0,64.0
26.36,1625449482.0,64.0
26.17,1625449482.0,64.0
25.77,1625449482.0,64.0
24.97,1625449482.0,64.0
23.58,1625449482.0,64.0
21.61,1625449482.0,64.0
19.18,1625449482.0,64.0
16.46,1625449482.0,64.0
13.6,1625449482.0,64.0
10.49,1625449482.0,64.0
6.99,1625449482.0,64.0
2.94,1625449482.0,64.0
-1.54,1625449482.0,64.0
-6.11,1625449482.0,64.0
-10.36,1625449482.0,64.0
-13.97,1625449482.0,64.0
-17.04,1625449482.0,64.0
-19.97,1625449482.0,64.0
-23.27,1625449482.0,64.0
-27.24,1625449482.0,64.0
-31.76,1625449482.0,64.0
-36.34,1625449482.0,64.0
-40.47,1625449482.0,64.0
-43.91,1625449482.0,64.0
-46.79,1625449482.0,64.0
-49.44,1625449482.0,64.0
-52.0,1625449482.0,64.0
-54.16,1625449482.0,64.0
-55.13,1625449482.0,64.0
-53.97,1625449482.0,64.0
-50.14,1625449482.0,64.0
-43.74,1625449482.0,64.0
-35.57,1625449482.0,64.0
-26.65,1625449482.0,64.0
-17.8,1625449482.0,64.0
-9.32,1625449482.0,64.0
-1.15,1625449482.0,64.0
6.89,1625449482.0,64.0
14.71,1625449482.0,64.0
21.89,1625449482.0,64.0
27.94,1625449482.0,64.0
32.45,1625449482.0,64.0
35.46,1625449482.0,64.0
37.26,1625449482.0,64.0
38.3,1625449482.0,64.0
38.95,1625449482.0,64.0
39.34,1625449482.0,64.0
39.43,1625449482.0,64.0
39.11,1625449482.0,64.0
38.31,1625449482.0,64.0
37.0,1625449482.0,64.0
35.23,1625449482.0,64.0
33.05,1625449482.0,64.0
30.56,1625449482.0,64.0
27.89,1625449482.0,64.0
25.18,1625449482.0,64.0
22.52,1625449482.0,64.0
19.9,1625449482.0,64.0
17.23,1625449482.0,64.0
14.4,1625449482.0,64.0
11.39,1625449482.0,64.0
8.27,1625449482.0,64.0
5.22,1625449482.0,64.0
2.34,1625449482.0,64.0
-0.4,1625449482.0,64.0
-3.19,1625449482.0,64.0
-6.25,1625449482.0,64.0
-9.72,1625449482.0,64.0
-13.53,1625449482.0,64.0
-17.46,1625449482.0,64.0
-21.29,1625449482.0,64.0
-24.92,1625449482.0,64.0
-28.43,1625449482.0,64.0
-31.99,1625449482.0,64.0
-35.61,1625449482.0,64.0
-39.0,1625449482.0,64.0
-41.55,1625449482.0,64.0
-42.51,1625449482.0,64.0
-41.32,1625449482.0,64.0
-37.8,1625449482.0,64.0
-32.27,1625449482.0,64.0
-25.39,1625449482.0,64.0
-17.91,1625449482.0,64.0
-10.34,1625449482.0,64.0
-2.97,1625449482.0,64.0
4.05,1625449482.0,64.0
10.57,1625449482.0,64.0
16.31,1625449482.0,64.0
20.86,1625449482.0,64.0
23.94,1625449482.0,64.0
25.53,1625449482.0,64.0
25.97,1625449482.0,64.0
25.86,1625449482.0,64.0
25.8,1625449482.0,64.0
26.11,1625449482.0,64.0
26.78,1625449482.0,64.0
27.51,1625449482.0,64.0
27.88,1625449482.0,64.0
27.63,1625449482.0,64.0
26.73,1625449482.0,64.0
25.37,1625449482.0,64.0
23.87,1625449482.0,64.0
22.38,1625449482.0,64.0
20.89,1625449482.0,64.0
19.26,1625449482.0,64.0
17.34,1625449482.0,64.0
15.1,1625449482.0,64.0
12.65,1625449482.0,64.0
10.19,1625449482.0,64.0
7.9,1625449482.0,64.0
5.84,1625449482.0,64.0
3.95,1625449482.0,64.0
2.09,1625449482.0,64.0
0.14,1625449482.0,64.0
-1.95,1625449482.0,64.0
-4.21,1625449482.0,64.0
-6.69,1625449482.0,64.0
-9.46,1625449482.0,64.0
-12.63,1625449482.0,64.0
-16.37,1625449482.0,64.0
-20.71,1625449482.0,64.0
-25.54,1625449482.0,64.0
-30.56,1625449482.0,64.0
-35.13,1625449482.0,64.0
-38.5,1625449482.0,64.0
-39.91,1625449482.0,64.0
-38.84,1625449482.0,64.0
-35.21,1625449482.0,64.0
-29.46,1625449482.0,64.0
-22.34,1625449482.0,64.0
-14.68,1625449482.0,64.0
-7.12,1625449482.0,64.0
0.05,1625449482.0,64.0
6.78,1625449482.0,64.0
13.08,1625449482.0,64.0
18.81,1625449482.0,64.0
23.65,1625449482.0,64.0
27.23,1625449482.0,64.0
29.45,1625449482.0,64.0
30.54,1625449482.0,64.0
31.05,1625449482.0,64.0
31.64,1625449482.0,64.0
32.7,1625449482.0,64.0
34.18,1625449482.0,64.0
35.64,1625449482.0,64.0
36.44,1625449482.0,64.0
36.14,1625449482.0,64.0
34.7,1625449482.0,64.0
32.45,1625449482.0,64.0
29.8,1625449482.0,64.0
27.03,1625449482.0,64.0
24.16,1625449482.0,64.0
21.08,1625449482.0,64.0
17.78,1625449482.0,64.0
14.4,1625449482.0,64.0
11.32,1625449482.0,64.0
8.83,1625449482.0,64.0
6.95,1625449482.0,64.0
5.35,1625449482.0,64.0
3.58,1625449482.0,64.0
1.33,1625449482.0,64.0
-1.38,1625449482.0,64.0
-4.31,1625449482.0,64.0
-7.27,1625449482.0,64.0
-10.31,1625449482.0,64.0
-13.8,1625449482.0,64.0
-18.17,1625449482.0,64.0
-23.51,1625449482.0,64.0
-29.45,1625449482.0,64.0
-35.33,1625449482.0,64.0
-40.43,1625449482.0,64.0
-44.33,1625449482.0,64.0
-47.01,1625449482.0,64.0
-48.64,1625449482.0,64.0
-49.17,1625449482.0,64.0
-48.29,1625449482.0,64.0
-45.38,1625449482.0,64.0
-40.0,1625449482.0,64.0
-32.23,1625449482.0,64.0
-22.72,1625449482.0,64.0
-12.5,1625449482.0,64.0
-2.57,1625449482.0,64.0
6.38,1625449482.0,64.0
14.1,1625449482.0,64.0
20.53,1625449482.0,64.0
25.64,1625449482.0,64.0
29.27,1625449482.0,64.0
31.28,1625449482.0,64.0
31.79,1625449482.0,64.0
31.35,1625449482.0,64.0
30.73,1625449482.0,64.0
30.61,1625449482.0,64.0
31.25,1625449482.0,64.0
32.32,1625449482.0,64.0
33.12,1625449482.0,64.0
32.98,1625449482.0,64.0
31.62,1625449482.0,64.0
29.18,1625449482.0,64.0
26.12,1625449482.0,64.0
22.87,1625449482.0,64.0
19.7,1625449482.0,64.0
16.66,1625449482.0,64.0
13.67,1625449482.0,64.0
10.73,1625449482.0,64.0
7.84,1625449482.0,64.0
5.05,1625449482.0,64.0
2.29,1625449482.0,64.0
-0.53,1625449482.0,64.0
-3.52,1625449482.0,64.0
-6.68,1625449482.0,64.0
-9.93,1625449482.0,64.0
-13.17,1625449482.0,64.0
-16.3,1625449482.0,64.0
-19.37,1625449482.0,64.0
-22.43,1625449482.0,64.0
-25.56,1625449482.0,64.0
-28.79,1625449482.0,64.0
-32.18,1625449482.0,64.0
-35.77,1625449482.0,64.0
-39.6,1625449482.0,64.0
-43.46,1625449482.0,64.0
-46.86,1625449482.0,64.0
-49.03,1625449482.0,64.0
-49.13,1625449482.0,64.0
-46.59,1625449482.0,64.0
-41.36,1625449482.0,64.0
-34.0,1625449482.0,64.0
-25.41,1625449482.0,64.0
-16.52,1625449482.0,64.0
-7.98,1625449482.0,64.0
0.01,1625449482.0,64.0
7.52,1625449482.0,64.0
14.62,1625449482.0,64.0
21.21,1625449482.0,64.0
26.86,1625449482.0,64.0
31.07,1625449482.0,64.0
33.51,1625449482.0,64.0
34.29,1625449482.0,64.0
33.92,1625449482.0,64.0
33.16,1625449482.0,64.0
32.68,1625449482.0,64.0
32.81,1625449482.0,64.0
33.35,1625449482.0,64.0
33.8,1625449482.0,64.0
33.62,1625449482.0,64.0
32.5,1625449482.0,64.0
30.5,1625449482.0,64.0
27.96,1625449482.0,64.0
25.3,1625449482.0,64.0
22.8,1625449482.0,64.0
20.48,1625449482.0,64.0
18.16,1625449482.0,64.0
15.6,1625449482.0,64.0
12.71,1625449482.0,64.0
9.55,1625449482.0,64.0
6.34,1625449482.0,64.0
3.34,1625449482.0,64.0
0.66,1625449482.0,64.0
-1.72,1625449482.0,64.0
-3.99,1625449482.0,64.0
-6.34,1625449482.0,64.0
-8.82,1625449482.0,64.0
-11.39,1625449482.0,64.0
-13.89,1625449482.0,64.0
-16.22,1625449482.0,64.0
-18.44,1625449482.0,64.0
-20.81,1625449482.0,64.0
-23.7,1625449482.0,64.0
-27.39,1625449482.0,64.0
-31.89,1625449482.0,64.0
-36.85,1625449482.0,64.0
-41.6,1625449482.0,64.0
-45.3,1625449482.0,64.0
-47.16,1625449482.0,64.0
-46.64,1625449482.0,64.0
-43.63,1625449482.0,64.0
-38.43,1625449482.0,64.0
-31.67,1625449482.0,64.0
-24.16,1625449482.0,64.0
-16.58,1625449482.0,64.0
-9.28,1625449482.0,64.0
-2.32,1625449482.0,64.0
4.43,1625449482.0,64.0
11.07,1625449482.0,64.0
17.46,1625449482.0,64.0
23.11,1625449482.0,64.0
27.45,1625449482.0,64.0
30.06,1625449482.0,64.0
30.95,1625449482.0,64.0
30.6,1625449482.0,64.0
29.68,1625449482.0,64.0
28.8,1625449482.0,64.0
28.14,1625449482.0,64.0
27.54,1625449482.0,64.0
26.73,1625449482.0,64.0
25.69,1625449482.0,64.0
24.78,1625449482.0,64.0
24.46,1625449482.0,64.0
25.01,1625449482.0,64.0
26.0,1625449482.0,64.0
26.39,1625449482.0,64.0
25.03,1625449482.0,64.0
21.24,1625449482.0,64.0
15.46,1625449482.0,64.0
9.02,1625449482.0,64.0
3.52,1625449482.0,64.0
-0.09,1625449482.0,64.0
-2.02,1625449482.0,64.0
-3.44,1625449482.0,64.0
-5.7,1625449482.0,64.0
-9.36,1625449482.0,64.0
-13.87,1625449482.0,64.0
-17.93,1625449482.0,64.0
-20.46,1625449482.0,64.0
-21.28,1625449482.0,64.0
-21.34,1625449482.0,64.0
-22.04,1625449482.0,64.0
-24.38,1625449482.0,64.0
-28.34,1625449482.0,64.0
-32.98,1625449482.0,64.0
-37.1,1625449482.0,64.0
-40.0,1625449482.0,64.0
-41.69,1625449482.0,64.0
-42.64,1625449482.0,64.0
-43.15,1625449482.0,64.0
-43.01,1625449482.0,64.0
-41.51,1625449482.0,64.0
-37.98,1625449482.0,64.0
-32.23,1625449482.0,64.0
-24.73,1625449482.0,64.0
-16.33,1625449482.0,64.0
-7.85,1625449482.0,64.0
0.25,1625449482.0,64.0
7.8,1625449482.0,64.0
14.75,1625449482.0,64.0
20.9,1625449482.0,64.0
25.97,1625449482.0,64.0
29.68,1625449482.0,64.0
32.04,1625449482.0,64.0
33.35,1625449482.0,64.0
34.08,1625449482.0,64.0
34.62,1625449482.0,64.0
35.1,1625449482.0,64.0
35.39,1625449482.0,64.0
35.24,1625449482.0,64.0
34.5,1625449482.0,64.0
33.13,1625449482.0,64.0
31.21,1625449482.0,64.0
28.93,1625449482.0,64.0
26.41,1625449482.0,64.0
23.79,1625449482.0,64.0
21.18,1625449482.0,64.0
18.64,1625449482.0,64.0
16.25,1625449482.0,64.0
14.03,1625449482.0,64.0
12.0,1625449482.0,64.0
10.14,1625449482.0,64.0
8.4,1625449482.0,64.0
6.67,1625449482.0,64.0
4.78,1625449482.0,64.0
2.56,1625449482.0,64.0
-0.1,1625449482.0,64.0
-3.11,1625449482.0,64.0
-6.25,1625449482.0,64.0
-9.24,1625449482.0,64.0
-11.86,1625449482.0,64.0
-14.09,1625449482.0,64.0
-16.17,1625449482.0,64.0
-18.44,1625449482.0,64.0
-21.22,1625449482.0,64.0
-24.71,1625449482.0,64.0
-28.86,1625449482.0,64.0
-33.32,1625449482.0,64.0
-37.5,1625449482.0,64.0
-40.69,1625449482.0,64.0
-42.22,1625449482.0,64.0
-41.68,1625449482.0,64.0
-39.03,1625449482.0,64.0
-34.56,1625449482.0,64.0
-28.81,1625449482.0,64.0
-22.26,1625449482.0,64.0
-15.2,1625449482.0,64.0
-7.77,1625449482.0,64.0
-0.02,1625449482.0,64.0
7.72,1625449482.0,64.0
14.9,1625449482.0,64.0
20.73,1625449482.0,64.0
24.63,1625449482.0,64.0
26.41,1625449482.0,64.0
26.49,1625449482.0,64.0
25.68,1625449482.0,64.0
24.98,1625449482.0,64.0
25.21,1625449482.0,64.0
26.81,1625449482.0,64.0
29.77,1625449482.0,64.0
33.64,1625449482.0,64.0
37.67,1625449482.0,64.0
40.83,1625449482.0,64.0
42.13,1625449482.0,64.0
40.91,1625449482.0,64.0
37.05,1625449482.0,64.0
31.24,1625449482.0,64.0
24.82,1625449482.0,64.0
19.21,1625449482.0,64.0
15.36,1625449482.0,64.0
13.29,1625449482.0,64.0
12.13,1625449482.0,64.0
10.6,1625449482.0,64.0
7.76,1625449482.0,64.0
3.48,1625449482.0,64.0
-1.49,1625449482.0,64.0
-6.08,1625449482.0,64.0
-9.51,1625449482.0,64.0
-11.82,1625449482.0,64.0
-13.79,1625449482.0,64.0
-16.4,1625449482.0,64.0
-20.24,1625449482.0,64.0
-25.08,1625449482.0,64.0
-30.06,1625449482.0,64.0
-34.15,1625449482.0,64.0
-36.73,1625449482.0,64.0
-37.82,1625449482.0,64.0
-37.94,1625449482.0,64.0
-37.67,1625449482.0,64.0
-37.16,1625449482.0,64.0
-36.04,1625449482.0,64.0
-33.55,1625449482.0,64.0
-29.09,1625449482.0,64.0
-22.55,1625449482.0,64.0
-14.48,1625449482.0,64.0
-5.92,1625449482.0,64.0
2.04,1625449482.0,64.0
8.61,1625449482.0,64.0
13.54,1625449482.0,64.0
17.01,1625449482.0,64.0
19.4,1625449482.0,64.0
21.03,1625449482.0,64.0
21.98,1625449482.0,64.0
22.22,1625449482.0,64.0
21.77,1625449482.0,64.0
20.79,1625449482.0,64.0
19.58,1625449482.0,64.0
18.46,1625449482.0,64.0
17.57,1625449482.0,64.0
16.82,1625449482.0,64.0
15.98,1625449482.0,64.0
14.8,1625449482.0,64.0
13.14,1625449482.0,64.0
11.04,1625449482.0,64.0
8.62,1625449482.0,64.0
6.03,1625449482.0,64.0
3.46,1625449482.0,64.0
1.06,1625449482.0,64.0
-1.01,1625449482.0,64.0
-2.7,1625449482.0,64.0
-4.03,1625449482.0,64.0
-5.22,1625449482.0,64.0
-6.51,1625449482.0,64.0
-8.09,1625449482.0,64.0
-9.96,1625449482.0,64.0
-11.96,1625449482.0,64.0
-13.88,1625449482.0,64.0
-15.61,1625449482.0,64.0
-17.31,1625449482.0,64.0
-19.27,1625449482.0,64.0
-21.81,1625449482.0,64.0
-25.12,1625449482.0,64.0
-29.16,1625449482.0,64.0
-33.67,1625449482.0,64.0
-38.28,1625449482.0,64.0
-42.55,1625449482.0,64.0
-46.06,1625449482.0,64.0
-48.32,1625449482.0,64.0
-48.8,1625449482.0,64.0
-47.18,1625449482.0,64.0
-43.33,1625449482.0,64.0
-37.52,1625449482.0,64.0
-30.26,1625449482.0,64.0
-22.2,1625449482.0,64.0
-13.9,1625449482.0,64.0
-5.67,1625449482.0,64.0
2.28,1625449482.0,64.0
9.83,1625449482.0,64.0
16.72,1625449482.0,64.0
22.63,1625449482.0,64.0
27.26,1625449482.0,64.0
30.5,1625449482.0,64.0
32.49,1625449482.0,64.0
33.64,1625449482.0,64.0
34.36,1625449482.0,64.0
34.99,1625449482.0,64.0
35.62,1625449482.0,64.0
36.14,1625449482.0,64.0
36.29,1625449482.0,64.0
35.79,1625449482.0,64.0
34.44,1625449482.0,64.0
32.19,1625449482.0,64.0
29.15,1625449482.0,64.0
25.56,1625449482.0,64.0
21.74,1625449482.0,64.0
18.0,1625449482.0,64.0
14.54,1625449482.0,64.0
11.43,1625449482.0,64.0
8.66,1625449482.0,64.0
6.08,1625449482.0,64.0
3.59,1625449482.0,64.0
1.09,1625449482.0,64.0
-1.42,1625449482.0,64.0
-3.89,1625449482.0,64.0
-6.25,1625449482.0,64.0
-8.46,1625449482.0,64.0
-10.59,1625449482.0,64.0
-12.77,1625449482.0,64.0
-15.21,1625449482.0,64.0
-18.01,1625449482.0,64.0
-21.16,1625449482.0,64.0
-24.54,1625449482.0,64.0
-28.01,1625449482.0,64.0
-31.5,1625449482.0,64.0
-35.01,1625449482.0,64.0
-38.43,1625449482.0,64.0
-41.44,1625449482.0,64.0
-43.45,1625449482.0,64.0
-43.77,1625449482.0,64.0
-41.98,1625449482.0,64.0
-38.07,1625449482.0,64.0
-32.53,1625449482.0,64.0
-26.0,1625449482.0,64.0
-18.92,1625449482.0,64.0
-11.36,1625449482.0,64.0
-3.15,1625449482.0,64.0
5.73,1625449482.0,64.0
14.88,1625449482.0,64.0
23.39,1625449482.0,64.0
30.21,1625449482.0,64.0
34.63,1625449482.0,64.0
36.52,1625449482.0,64.0
36.43,1625449482.0,64.0
35.07,1625449482.0,64.0
33.13,1625449482.0,64.0
30.9,1625449482.0,64.0
28.47,1625449482.0,64.0
25.89,1625449482.0,64.0
23.31,1625449482.0,64.0
21.0,1625449482.0,64.0
19.08,1625449482.0,64.0
17.46,1625449482.0,64.0
15.79,1625449482.0,64.0
13.7,1625449482.0,64.0
11.06,1625449482.0,64.0
8.03,1625449482.0,64.0
5.05,1625449482.0,64.0
2.53,1625449482.0,64.0
0.73,1625449482.0,64.0
-0.4,1625449482.0,64.0
-1.03,1625449482.0,64.0
-1.46,1625449482.0,64.0
-1.94,1625449482.0,64.0
-2.71,1625449482.0,64.0
-4.02,1625449482.0,64.0
-6.06,1625449482.0,64.0
-8.91,1625449482.0,64.0
-12.35,1625449482.0,64.0
-16.0,1625449482.0,64.0
-19.41,1625449482.0,64.0
-22.32,1625449482.0,64.0
-24.76,1625449482.0,64.0
-27.04,1625449482.0,64.0
-29.57,1625449482.0,64.0
-32.54,1625449482.0,64.0
-35.76,1625449482.0,64.0
-38.67,1625449482.0,64.0
-40.51,1625449482.0,64.0
-40.63,1625449482.0,64.0
-38.69,1625449482.0,64.0
-34.78,1625449482.0,64.0
-29.32,1625449482.0,64.0
-22.87,1625449482.0,64.0
-15.9,1625449482.0,64.0
-8.68,1625449482.0,64.0
-1.32,1625449482.0,64.0
6.09,1625449482.0,64.0
13.35,1625449482.0,64.0
20.05,1625449482.0,64.0
25.63,1625449482.0,64.0
29.67,1625449482.0,64.0
31.94,1625449482.0,64.0
32.66,1625449482.0,64.0
32.31,1625449482.0,64.0
31.53,1625449482.0,64.0
30.81,1625449482.0,64.0
30.33,1625449482.0,64.0
30.0,1625449482.0,64.0
29.5,1625449482.0,64.0
28.49,1625449482.0,64.0
26.78,1625449482.0,64.0
24.37,1625449482.0,64.0
21.44,1625449482.0,64.0
18.25,1625449482.0,64.0
15.12,1625449482.0,64.0
12.26,1625449482.0,64.0
9.8,1625449482.0,64.0
7.76,1625449482.0,64.0
6.06,1625449482.0,64.0
4.56,1625449482.0,64.0
3.14,1625449482.0,64.0
1.79,1625449482.0,64.0
0.49,1625449482.0,64.0
-0.69,1625449482.0,64.0
-1.77,1625449482.0,64.0
-2.89,1625449482.0,64.0
-4.26,1625449482.0,64.0
-6.06,1625449482.0,64.0
-8.34,1625449482.0,64.0
-11.02,1625449482.0,64.0
-13.94,1625449482.0,64.0
-17.04,1625449482.0,64.0
-20.32,1625449482.0,64.0
-23.85,1625449482.0,64.0
-27.61,1625449482.0,64.0
-31.35,1625449482.0,64.0
-34.55,1625449482.0,64.0
-36.48,1625449482.0,64.0
-36.43,1625449482.0,64.0
-33.98,1625449482.0,64.0
-29.14,1625449482.0,64.0
-22.4,1625449482.0,64.0
-14.55,1625449482.0,64.0
-6.44,1625449482.0,64.0
1.22,1625449482.0,64.0
7.98,1625449482.0,64.0
13.64,1625449482.0,64.0
18.2,1625449482.0,64.0
21.71,1625449482.0,64.0
24.27,1625449482.0,64.0
26.04,1625449482.0,64.0
27.19,1625449482.0,64.0
27.88,1625449482.0,64.0
28.28,1625449482.0,64.0
28.46,1625449482.0,64.0
28.39,1625449482.0,64.0
28.07,1625449482.0,64.0
27.48,1625449482.0,64.0
26.67,1625449482.0,64.0
25.73,1625449482.0,64.0
24.8,1625449482.0,64.0
23.98,1625449482.0,64.0
23.41,1625449482.0,64.0
23.13,1625449482.0,64.0
22.98,1625449482.0,64.0
22.54,1625449482.0,64.0
21.17,1625449482.0,64.0
18.32,1625449482.0,64.0
13.87,1625449482.0,64.0
8.33,1625449482.0,64.0
2.65,1625449482.0,64.0
-2.19,1625449482.0,64.0
-5.74,1625449482.0,64.0
-8.3,1625449482.0,64.0
-10.78,1625449482.0,64.0
-14.11,1625449482.0,64.0
-18.63,1625449482.0,64.0
-23.86,1625449482.0,64.0
-28.8,1625449482.0,64.0
-32.54,1625449482.0,64.0
-34.83,1625449482.0,64.0
-36.26,1625449482.0,64.0
-37.72,1625449482.0,64.0
-39.77,1625449482.0,64.0
-42.03,1625449482.0,64.0
-43.28,1625449482.0,64.0
-42.05,1625449482.0,64.0
-37.52,1625449482.0,64.0
-30.15,1625449482.0,64.0
-21.46,1625449482.0,64.0
-13.37,1625449482.0,64.0
-7.23,1625449482.0,64.0
-3.17,1625449482.0,64.0
-0.17,1625449482.0,64.0
3.24,1625449482.0,64.0
8.11,1625449482.0,64.0
14.46,1625449482.0,64.0
21.37,1625449482.0,64.0
27.51,1625449482.0,64.0
31.86,1625449482.0,64.0
34.15,1625449482.0,64.0
34.94,1625449482.0,64.0
35.18,1625449482.0,64.0
35.6,1625449482.0,64.0
36.33,1625449482.0,64.0
36.91,1625449482.0,64.0
36.58,1625449482.0,64.0
34.75,1625449482.0,64.0
31.3,1625449482.0,64.0
26.64,1625449482.0,64.0
21.52,1625449482.0,64.0
16.65,1625449482.0,64.0
12.39,1625449482.0,64.0
8.73,1625449482.0,64.0
5.36,1625449482.0,64.0
2.02,1625449482.0,64.0
-1.4,1625449482.0,64.0
-4.7,1625449482.0,64.0
-7.52,1625449482.0,64.0
-9.52,1625449482.0,64.0
-10.57,1625449482.0,64.0
-10.82,1625449482.0,64.0
-10.68,1625449482.0,64.0
-10.7,1625449482.0,64.0
-11.38,1625449482.0,64.0
-13.06,1625449482.0,64.0
-15.83,1625449482.0,64.0
-19.61,1625449482.0,64.0
-24.23,1625449482.0,64.0
-29.47,1625449482.0,64.0
-35.13,1625449482.0,64.0
-40.85,1625449482.0,64.0
-46.1,1625449482.0,64.0
-50.17,1625449482.0,64.0
-52.31,1625449482.0,64.0
-51.94,1625449482.0,64.0
-48.86,1625449482.0,64.0
-43.35,1625449482.0,64.0
-36.04,1625449482.0,64.0
-27.72,1625449482.0,64.0
-19.04,1625449482.0,64.0
-10.4,1625449482.0,64.0
-1.94,1625449482.0,64.0
6.25,1625449482.0,64.0
13.88,1625449482.0,64.0
20.47,1625449482.0,64.0
25.43,1625449482.0,64.0
28.42,1625449482.0,64.0
29.6,1625449482.0,64.0
29.65,1625449482.0,64.0
29.5,1625449482.0,64.0
29.88,1625449482.0,64.0
30.92,1625449482.0,64.0
32.14,1625449482.0,64.0
32.74,1625449482.0,64.0
32.07,1625449482.0,64.0
30.08,1625449482.0,64.0
27.26,1625449482.0,64.0
24.35,1625449482.0,64.0
21.96,1625449482.0,64.0
20.2,1625449482.0,64.0
18.72,1625449482.0,64.0
16.98,1625449482.0,64.0
14.59,1625449482.0,64.0
11.47,1625449482.0,64.0
7.91,1625449482.0,64.0
4.37,1625449482.0,64.0
1.26,1625449482.0,64.0
-1.25,1625449482.0,64.0
-3.21,1625449482.0,64.0
-4.88,1625449482.0,64.0
-6.59,1625449482.0,64.0
-8.65,1625449482.0,64.0
-11.26,1625449482.0,64.0
-14.61,1625449482.0,64.0
-18.92,1625449482.0,64.0
-24.2,1625449482.0,64.0
-30.17,1625449482.0,64.0
-35.97,1625449482.0,64.0
-40.27,1625449482.0,64.0
-41.75,1625449482.0,64.0
-39.76,1625449482.0,64.0
-34.95,1625449482.0,64.0
-29.04,1625449482.0,64.0
-24.03,1625449482.0,64.0
-20.98,1625449482.0,64.0
-19.52,1625449482.0,64.0
-18.11,1625449482.0,64.0
-15.06,1625449482.0,64.0
-9.73,1625449482.0,64.0
-2.81,1625449482.0,64.0
4.26,1625449482.0,64.0
10.27,1625449482.0,64.0
14.95,1625449482.0,64.0
18.75,1625449482.0,64.0
22.08,1625449482.0,64.0
24.68,1625449482.0,64.0
25.79,1625449482.0,64.0
24.93,1625449482.0,64.0
22.68,1625449482.0,64.0
20.6,1625449482.0,64.0
20.36,1625449482.0,64.0
22.54,1625449482.0,64.0
26.03,1625449482.0,64.0
28.67,1625449482.0,64.0
28.7,1625449482.0,64.0
25.77,1625449482.0,64.0
21.16,1625449482.0,64.0
16.78,1625449482.0,64.0
13.91,1625449482.0,64.0
12.47,1625449482.0,64.0
11.24,1625449482.0,64.0
8.87,1625449482.0,64.0
4.91,1625449482.0,64.0
0.08,1625449482.0,64.0
-4.28,1625449482.0,64.0
-7.15,1625449482.0,64.0
-8.46,1625449482.0,64.0
-9.05,1625449482.0,64.0
-10.11,1625449482.0,64.0
-12.36,1625449482.0,64.0
-15.77,1625449482.0,64.0
-19.63,1625449482.0,64.0
-23.13,1625449482.0,64.0
-25.88,1625449482.0,64.0
-28.1,1625449482.0,64.0
-30.5,1625449482.0,64.0
-33.86,1625449482.0,64.0
-38.53,1625449482.0,64.0
-44.21,1625449482.0,64.0
-49.99,1625449482.0,64.0
-54.52,1625449482.0,64.0
-56.53,1625449482.0,64.0
-55.17,1625449482.0,64.0
-50.3,1625449482.0,64.0
-42.5,1625449482.0,64.0
-32.84,1625449482.0,64.0
-22.49,1625449482.0,64.0
-12.36,1625449482.0,64.0
-2.94,1625449482.0,64.0
5.78,1625449482.0,64.0
13.91,1625449482.0,64.0
21.5,1625449482.0,64.0
28.25,1625449482.0,64.0
33.62,1625449482.0,64.0
37.17,1625449482.0,64.0
38.73,1625449482.0,64.0
38.65,1625449482.0,64.0
37.64,1625449482.0,64.0
36.49,1625449482.0,64.0
35.68,1625449482.0,64.0
35.25,1625449482.0,64.0
34.81,1625449482.0,64.0
33.84,1625449482.0,64.0
31.99,1625449482.0,64.0
29.25,1625449482.0,64.0
25.88,1625449482.0,64.0
22.27,1625449482.0,64.0
18.73,1625449482.0,64.0
15.44,1625449482.0,64.0
12.45,1625449482.0,64.0
9.74,1625449482.0,64.0
7.28,1625449482.0,64.0
5.08,1625449482.0,64.0
3.04,1625449482.0,64.0
1.1,1625449482.0,64.0
-0.81,1625449482.0,64.0
-2.68,1625449482.0,64.0
-4.48,1625449482.0,64.0
-6.16,1625449482.0,64.0
-7.77,1625449482.0,64.0
-9.42,1625449482.0,64.0
-11.26,1625449482.0,64.0
-13.39,1625449482.0,64.0
-15.78,1625449482.0,64.0
-18.43,1625449482.0,64.0
-21.44,1625449482.0,64.0
-24.98,1625449482.0,64.0
-29.21,1625449482.0,64.0
-34.03,1625449482.0,64.0
-38.96,1625449482.0,64.0
-43.14,1625449482.0,64.0
-45.6,1625449482.0,64.0
-45.64,1625449482.0,64.0
-43.02,1625449482.0,64.0
-38.11,1625449482.0,64.0
-31.64,1625449482.0,64.0
-24.41,1625449482.0,64.0
-17.03,1625449482.0,64.0
-9.81,1625449482.0,64.0
-2.8,1625449482.0,64.0
3.91,1625449482.0,64.0
10.18,1625449482.0,64.0
15.73,1625449482.0,64.0
20.17,1625449482.0,64.0
23.3,1625449482.0,64.0
25.15,1625449482.0,64.0
26.05,1625449482.0,64.0
26.49,1625449482.0,64.0
27.01,1625449482.0,64.0
27.92,1625449482.0,64.0
29.29,1625449482.0,64.0
30.85,1625449482.0,64.0
32.13,1625449482.0,64.0
32.67,1625449482.0,64.0
32.19,1625449482.0,64.0
30.71,1625449482.0,64.0
28.57,1625449482.0,64.0
26.26,1625449482.0,64.0
24.16,1625449482.0,64.0
22.35,1625449482.0,64.0
20.55,1625449482.0,64.0
18.27,1625449482.0,64.0
15.19,1625449482.0,64.0
11.43,1625449482.0,64.0
7.55,1625449482.0,64.0
4.32,1625449482.0,64.0
2.28,1625449482.0,64.0
1.35,1625449482.0,64.0
0.88,1625449482.0,64.0
-0.04,1625449482.0,64.0
-2.14,1625449482.0,64.0
-5.52,1625449482.0,64.0
-9.8,1625449482.0,64.0
-14.41,1625449482.0,64.0
-18.99,1625449482.0,64.0
-23.48,1625449482.0,64.0
-27.86,1625449482.0,64.0
-31.82,1625449482.0,64.0
-34.63,1625449482.0,64.0
-35.41,1625449482.0,64.0
-33.59,1625449482.0,64.0
-29.3,1625449482.0,64.0
-23.33,1625449482.0,64.0
-16.76,1625449482.0,64.0
-10.45,1625449482.0,64.0
-4.72,1625449482.0,64.0
0.66,1625449482.0,64.0
6.03,1625449482.0,64.0
11.46,1625449482.0,64.0
16.55,1625449482.0,64.0
20.54,1625449482.0,64.0
22.69,1625449482.0,64.0
22.74,1625449482.0,64.0
21.1,1625449482.0,64.0
18.87,1625449482.0,64.0
17.52,1625449482.0,64.0
18.3,1625449482.0,64.0
21.66,1625449482.0,64.0
27.01,1625449482.0,64.0
32.82,1625449482.0,64.0
37.21,1625449482.0,64.0
38.85,1625449482.0,64.0
37.36,1625449482.0,64.0
33.42,1625449482.0,64.0
28.25,1625449482.0,64.0
22.98,1625449482.0,64.0
18.22,1625449482.0,64.0
14.01,1625449482.0,64.0
10.17,1625449482.0,64.0
6.56,1625449482.0,64.0
3.27,1625449482.0,64.0
0.5,1625449482.0,64.0
-1.68,1625449482.0,64.0
-3.49,1625449482.0,64.0
-5.37,1625449482.0,64.0
-7.7,1625449482.0,64.0
-10.68,1625449482.0,64.0
-14.17,1625449482.0,64.0
-17.81,1625449482.0,64.0
-21.17,1625449482.0,64.0
-23.96,1625449482.0,64.0
-26.17,1625449482.0,64.0
-28.05,1625449482.0,64.0
-30.05,1625449482.0,64.0
-32.52,1625449482.0,64.0
-35.46,1625449482.0,64.0
-38.35,1625449482.0,64.0
-40.29,1625449482.0,64.0
-40.32,1625449482.0,64.0
-37.81,1625449482.0,64.0
-32.8,1625449482.0,64.0
-25.9,1625449482.0,64.0
-18.08,1625449482.0,64.0
-10.22,1625449482.0,64.0
-2.83,1625449482.0,64.0
4.01,1625449482.0,64.0
10.36,1625449482.0,64.0
16.25,1625449482.0,64.0
21.42,1625449482.0,64.0
25.45,1625449482.0,64.0
27.96,1625449482.0,64.0
28.87,1625449482.0,64.0
28.55,1625449482.0,64.0
27.64,1625449482.0,64.0
26.89,1625449482.0,64.0
26.79,1625449482.0,64.0
27.34,1625449482.0,64.0
28.11,1625449482.0,64.0
28.48,1625449482.0,64.0
27.88,1625449482.0,64.0
26.08,1625449482.0,64.0
23.25,1625449482.0,64.0
19.81,1625449482.0,64.0
16.23,1625449482.0,64.0
12.86,1625449482.0,64.0
9.83,1625449482.0,64.0
7.07,1625449482.0,64.0
4.46,1625449482.0,64.0
1.87,1625449482.0,64.0
-0.78,1625449482.0,64.0
-3.45,1625449482.0,64.0
-6.08,1625449482.0,64.0
-8.57,1625449482.0,64.0
-10.89,1625449482.0,64.0
-13.08,1625449482.0,64.0
-15.26,1625449482.0,64.0
-17.66,1625449482.0,64.0
-20.46,1625449482.0,64.0
-23.8,1625449482.0,64.0
-27.69,1625449482.0,64.0
-32.02,1625449482.0,64.0
-36.63,1625449482.0,64.0
-41.23,1625449482.0,64.0
-45.42,1625449482.0,64.0
-48.71,1625449482.0,64.0
-50.48,1625449482.0,64.0
-50.18,1625449482.0,64.0
-47.45,1625449482.0,64.0
-42.3,1625449482.0,64.0
-35.16,1625449482.0,64.0
-26.75,1625449482.0,64.0
-17.8,1625449482.0,64.0
-8.79,1625449482.0,64.0
0.09,1625449482.0,64.0
8.81,1625449482.0,64.0
17.27,1625449482.0,64.0
25.08,1625449482.0,64.0
31.56,1625449482.0,64.0
36.05,1625449482.0,64.0
38.2,1625449482.0,64.0
38.3,1625449482.0,64.0
37.17,1625449482.0,64.0
35.83,1625449482.0,64.0
35.06,1625449482.0,64.0
35.13,1625449482.0,64.0
35.71,1625449482.0,64.0
36.17,1625449482.0,64.0
35.9,1625449482.0,64.0
34.53,1625449482.0,64.0
32.06,1625449482.0,64.0
28.77,1625449482.0,64.0
25.05,1625449482.0,64.0
21.29,1625449482.0,64.0
17.77,1625449482.0,64.0
14.59,1625449482.0,64.0
11.66,1625449482.0,64.0
8.65,1625449482.0,64.0
5.07,1625449482.0,64.0
0.46,1625449482.0,64.0
-5.24,1625449482.0,64.0
-11.63,1625449482.0,64.0
-17.89,1625449482.0,64.0
-23.06,1625449482.0,64.0
-26.47,1625449482.0,64.0
-27.87,1625449482.0,64.0
-27.44,1625449482.0,64.0
-25.63,1625449482.0,64.0
-23.07,1625449482.0,64.0
-20.59,1625449482.0,64.0
-19.2,1625449482.0,64.0
-20.05,1625449482.0,64.0
-23.91,1625449482.0,64.0
-30.67,1625449482.0,64.0
-39.02,1625449482.0,64.0
-46.74,1625449482.0,64.0
-51.52,1625449482.0,64.0
-51.91,1625449482.0,64.0
-47.89,1625449482.0,64.0
-40.66,1625449482.0,64.0
-31.86,1625449482.0,64.0
-22.77,1625449482.0,64.0
-13.9,1625449482.0,64.0
-5.2,1625449482.0,64.0
3.34,1625449482.0,64.0
11.35,1625449482.0,64.0
18.1,1625449482.0,64.0
22.91,1625449482.0,64.0
25.66,1625449482.0,64.0
26.87,1625449482.0,64.0
27.54,1625449482.0,64.0
28.51,1625449482.0,64.0
30.16,1625449482.0,64.0
32.34,1625449482.0,64.0
34.52,1625449482.0,64.0
36.2,1625449482.0,64.0
37.08,1625449482.0,64.0
37.1,1625449482.0,64.0
36.32,1625449482.0,64.0
34.86,1625449482.0,64.0
32.83,1625449482.0,64.0
30.34,1625449482.0,64.0
27.62,1625449482.0,64.0
24.9,1625449482.0,64.0
22.44,1625449482.0,64.0
20.28,1625449482.0,64.0
18.31,1625449482.0,64.0
16.27,1625449482.0,64.0
13.88,1625449482.0,64.0
10.97,1625449482.0,64.0
7.54,1625449482.0,64.0
3.73,1625449482.0,64.0
-0.22,1625449482.0,64.0
-4.12,1625449482.0,64.0
-7.84,1625449482.0,64.0
-11.34,1625449482.0,64.0
-14.67,1625449482.0,64.0
-17.86,1625449482.0,64.0
-20.97,1625449482.0,64.0
-24.1,1625449482.0,64.0
-27.33,1625449482.0,64.0
-30.79,1625449482.0,64.0
-34.47,1625449482.0,64.0
-38.14,1625449482.0,64.0
-41.28,1625449482.0,64.0
-43.17,1625449482.0,64.0
-43.14,1625449482.0,64.0
-40.74,1625449482.0,64.0
-36.05,1625449482.0,64.0
-29.59,1625449482.0,64.0
-22.13,1625449482.0,64.0
-14.38,1625449482.0,64.0
-6.77,1625449482.0,64.0
0.55,1625449482.0,64.0
7.59,1625449482.0,64.0
14.24,1625449482.0,64.0
20.17,1625449482.0,64.0
24.87,1625449482.0,64.0
27.92,1625449482.0,64.0
29.28,1625449482.0,64.0
29.36,1625449482.0,64.0
28.88,1625449482.0,64.0
28.54,1625449482.0,64.0
28.7,1625449482.0,64.0
29.23,1625449482.0,64.0
29.66,1625449482.0,64.0
29.49,1625449482.0,64.0
28.5,1625449482.0,64.0
26.85,1625449482.0,64.0
24.97,1625449482.0,64.0
23.3,1625449482.0,64.0
22.03,1625449482.0,64.0
21.1,1625449482.0,64.0
20.3,1625449482.0,64.0
19.46,1625449482.0,64.0
18.48,1625449482.0,64.0
17.35,1625449482.0,64.0
15.98,1625449482.0,64.0
14.1,1625449482.0,64.0
11.37,1625449482.0,64.0
7.51,1625449482.0,64.0
2.5,1625449482.0,64.0
-3.34,1625449482.0,64.0
-9.41,1625449482.0,64.0
-15.09,1625449482.0,64.0
-19.95,1625449482.0,64.0
-23.91,1625449482.0,64.0
-27.27,1625449482.0,64.0
-30.53,1625449482.0,64.0
-34.25,1625449482.0,64.0
-38.78,1625449482.0,64.0
-44.1,1625449482.0,64.0
-49.82,1625449482.0,64.0
-55.24,1625449482.0,64.0
-59.44,1625449482.0,64.0
-61.57,1625449482.0,64.0
-61.04,1625449482.0,64.0
-57.56,1625449482.0,64.0
-51.34,1625449482.0,64.0
-42.96,1625449482.0,64.0
-33.25,1625449482.0,64.0
-23.13,1625449482.0,64.0
-13.42,1625449482.0,64.0
-4.66,1625449482.0,64.0
2.91,1625449482.0,64.0
9.35,1625449482.0,64.0
14.91,1625449482.0,64.0
19.82,1625449482.0,64.0
24.09,1625449482.0,64.0
27.5,1625449482.0,64.0
29.62,1625449482.0,64.0
30.11,1625449482.0,64.0
28.99,1625449482.0,64.0
26.79,1625449482.0,64.0
24.43,1625449482.0,64.0
22.87,1625449482.0,64.0
22.64,1625449482.0,64.0
23.7,1625449482.0,64.0
25.54,1625449482.0,64.0
27.57,1625449482.0,64.0
29.36,1625449482.0,64.0
30.7,1625449482.0,64.0
31.32,1625449482.0,64.0
30.62,1625449482.0,64.0
27.85,1625449482.0,64.0
22.44,1625449482.0,64.0
14.61,1625449482.0,64.0
5.63,1625449482.0,64.0
-2.61,1625449482.0,64.0
-8.38,1625449482.0,64.0
-11.0,1625449482.0,64.0
-11.15,1625449482.0,64.0
-10.37,1625449482.0,64.0
-10.19,1625449482.0,64.0
-11.27,1625449482.0,64.0
-13.29,1625449482.0,64.0
-15.43,1625449482.0,64.0
-17.06,1625449482.0,64.0
-18.26,1625449482.0,64.0
-19.6,1625449482.0,64.0
-21.7,1625449482.0,64.0
-24.55,1625449482.0,64.0
-27.37,1625449482.0,64.0
-28.95,1625449482.0,64.0
-28.32,1625449482.0,64.0
-25.21,1625449482.0,64.0
-20.17,1625449482.0,64.0
-14.22,1625449482.0,64.0
-8.32,1625449482.0,64.0
-2.98,1625449482.0,64.0
1.76,1625449482.0,64.0
6.17,1625449482.0,64.0
10.43,1625449482.0,64.0
14.56,1625449482.0,64.0
18.39,1625449482.0,64.0
21.76,1625449482.0,64.0
24.66,1625449482.0,64.0
27.3,1625449482.0,64.0
29.96,1625449482.0,64.0
32.79,1625449482.0,64.0
35.63,1625449482.0,64.0
38.1,1625449482.0,64.0
39.73,1625449482.0,64.0
40.19,1625449482.0,64.0
39.43,1625449482.0,64.0
37.56,1625449482.0,64.0
34.71,1625449482.0,64.0
30.89,1625449482.0,64.0
26.05,1625449482.0,64.0
20.23,1625449482.0,64.0
13.81,1625449482.0,64.0
7.51,1625449482.0,64.0
2.16,1625449482.0,64.0
-1.63,1625449482.0,64.0
-3.79,1625449482.0,64.0
-4.77,1625449482.0,64.0
-5.35,1625449482.0,64.0
-6.21,1625449482.0,64.0
-7.71,1625449482.0,64.0
-9.84,1625449482.0,64.0
-12.41,1625449482.0,64.0
-15.23,1625449482.0,64.0
-18.28,1625449482.0,64.0
-21.61,1625449482.0,64.0
-25.27,1625449482.0,64.0
-29.24,1625449482.0,64.0
-33.46,1625449482.0,64.0
-37.94,1625449482.0,64.0
-42.7,1625449482.0,64.0
-47.66,1625449482.0,64.0
-52.48,1625449482.0,64.0
-56.44,1625449482.0,64.0
-58.62,1625449482.0,64.0
-58.21,1625449482.0,64.0
-54.82,1625449482.0,64.0
-48.66,1625449482.0,64.0
-40.45,1625449482.0,64.0
-31.1,1625449482.0,64.0
-21.4,1625449482.0,64.0
-11.84,1625449482.0,64.0
-2.58,1625449482.0,64.0
6.32,1625449482.0,64.0
14.68,1625449482.0,64.0
22.15,1625449482.0,64.0
28.29,1625449482.0,64.0
32.76,1625449482.0,64.0
35.49,1625449482.0,64.0
36.7,1625449482.0,64.0
36.78,1625449482.0,64.0
36.11,1625449482.0,64.0
34.94,1625449482.0,64.0
33.38,1625449482.0,64.0
31.54,1625449482.0,64.0
29.55,1625449482.0,64.0
27.59,1625449482.0,64.0
25.75,1625449482.0,64.0
23.97,1625449482.0,64.0
22.02,1625449482.0,64.0
19.67,1625449482.0,64.0
16.95,1625449482.0,64.0
14.11,1625449482.0,64.0
11.6,1625449482.0,64.0
9.66,1625449482.0,64.0
8.23,1625449482.0,64.0
6.85,1625449482.0,64.0
4.91,1625449482.0,64.0
1.93,1625449482.0,64.0
-2.13,1625449482.0,64.0
-6.89,1625449482.0,64.0
-11.74,1625449482.0,64.0
-16.12,1625449482.0,64.0
-19.64,1625449482.0,64.0
-22.18,1625449482.0,64.0
-23.81,1625449482.0,64.0
-24.76,1625449482.0,64.0
-25.56,1625449482.0,64.0
-27.02,1625449482.0,64.0
-29.97,1625449482.0,64.0
-34.89,1625449482.0,64.0
-41.35,1625449482.0,64.0
-47.79,1625449482.0,64.0
-51.91,1625449482.0,64.0
-51.58,1625449482.0,64.0
-45.89,1625449482.0,64.0
-35.62,1625449482.0,64.0
-23.08,1625449482.0,64.0
-10.99,1625449482.0,64.0
-1.47,1625449482.0,64.0
4.8,1625449482.0,64.0
8.53,1625449482.0,64.0
11.07,1625449482.0,64.0
13.5,1625449482.0,64.0
16.09,1625449482.0,64.0
18.39,1625449482.0,64.0
19.78,1625449482.0,64.0
20.25,1625449482.0,64.0
20.61,1625449482.0,64.0
22.22,1625449482.0,64.0
26.14,1625449482.0,64.0
32.39,1625449482.0,64.0
39.7,1625449482.0,64.0
46.08,1625449482.0,64.0
49.64,1625449482.0,64.0
49.53,1625449482.0,64.0
46.19,1625449482.0,64.0
40.88,1625449482.0,64.0
35.04,1625449482.0,64.0
29.47,1625449482.0,64.0
24.22,1625449482.0,64.0
18.84,1625449482.0,64.0
12.97,1625449482.0,64.0
6.65,1625449482.0,64.0
0.25,1625449482.0,64.0
-5.65,1625449482.0,64.0
-10.69,1625449482.0,64.0
-14.84,1625449482.0,64.0
-18.28,1625449482.0,64.0
-21.33,1625449482.0,64.0
-24.22,1625449482.0,64.0
-27.13,1625449482.0,64.0
-30.12,1625449482.0,64.0
-33.24,1625449482.0,64.0
-36.48,1625449482.0,64.0
-39.83,1625449482.0,64.0
-43.33,1625449482.0,64.0
-46.99,1625449482.0,64.0
-50.82,1625449482.0,64.0
-54.59,1625449482.0,64.0
-57.88,1625449482.0,64.0
-60.04,1625449482.0,64.0
-60.35,1625449482.0,64.0
-58.33,1625449482.0,64.0
-53.93,1625449482.0,64.0
-47.5,1625449482.0,64.0
-39.64,1625449482.0,64.0
-30.97,1625449482.0,64.0
-21.73,1625449482.0,64.0
-11.91,1625449482.0,64.0
-1.37,1625449482.0,64.0
9.81,1625449482.0,64.0
21.11,1625449482.0,64.0
31.52,1625449482.0,64.0
39.93,1625449482.0,64.0
45.54,1625449482.0,64.0
48.13,1625449482.0,64.0
48.22,1625449482.0,64.0
46.7,1625449482.0,64.0
44.49,1625449482.0,64.0
42.2,1625449482.0,64.0
39.95,1625449482.0,64.0
37.64,1625449482.0,64.0
35.1,1625449482.0,64.0
32.28,1625449482.0,64.0
29.3,1625449482.0,64.0
26.3,1625449482.0,64.0
23.31,1625449482.0,64.0
20.31,1625449482.0,64.0
17.2,1625449482.0,64.0
13.92,1625449482.0,64.0
10.54,1625449482.0,64.0
7.15,1625449482.0,64.0
3.88,1625449482.0,64.0
0.81,1625449482.0,64.0
-2.04,1625449482.0,64.0
-4.68,1625449482.0,64.0
-7.16,1625449482.0,64.0
-9.52,1625449482.0,64.0
-11.9,1625449482.0,64.0
-14.44,1625449482.0,64.0
-17.22,1625449482.0,64.0
-20.25,1625449482.0,64.0
-23.44,1625449482.0,64.0
-26.73,1625449482.0,64.0
-30.19,1625449482.0,64.0
-33.97,1625449482.0,64.0
-38.16,1625449482.0,64.0
-42.66,1625449482.0,64.0
-46.91,1625449482.0,64.0
-49.97,1625449482.0,64.0
-50.84,1625449482.0,64.0
-48.77,1625449482.0,64.0
-43.67,1625449482.0,64.0
-36.08,1625449482.0,64.0
-27.04,1625449482.0,64.0
-17.57,1625449482.0,64.0
-8.44,1625449482.0,64.0
0.05,1625449482.0,64.0
7.89,1625449482.0,64.0
14.97,1625449482.0,64.0
21.07,1625449482.0,64.0
25.7,1625449482.0,64.0
28.56,1625449482.0,64.0
29.7,1625449482.0,64.0
29.68,1625449482.0,64.0
29.39,1625449482.0,64.0
29.66,1625449482.0,64.0
30.86,1625449482.0,64.0
32.73,1625449482.0,64.0
34.55,1625449482.0,64.0
35.59,1625449482.0,64.0
35.47,1625449482.0,64.0
34.3,1625449482.0,64.0
32.62,1625449482.0,64.0
31.01,1625449482.0,64.0
29.79,1625449482.0,64.0
28.85,1625449482.0,64.0
27.71,1625449482.0,64.0
25.9,1625449482.0,64.0
23.1,1625449482.0,64.0
19.4,1625449482.0,64.0
15.15,1625449482.0,64.0
10.89,1625449482.0,64.0
7.13,1625449482.0,64.0
4.26,1625449482.0,64.0
2.47,1625449482.0,64.0
1.72,1625449482.0,64.0
1.69,1625449482.0,64.0
1.65,1625449482.0,64.0
0.56,1625449482.0,64.0
-2.65,1625449482.0,64.0
-8.64,1625449482.0,64.0
-17.13,1625449482.0,64.0
-26.85,1625449482.0,64.0
-35.79,1625449482.0,64.0
-41.96,1625449482.0,64.0
-44.09,1625449482.0,64.0
-42.13,1625449482.0,64.0
-37.07,1625449482.0,64.0
-30.42,1625449482.0,64.0
-23.49,1625449482.0,64.0
-17.03,1625449482.0,64.0
-11.18,1625449482.0,64.0
-5.7,1625449482.0,64.0
-0.34,1625449482.0,64.0
4.97,1625449482.0,64.0
10.12,1625449482.0,64.0
14.95,1625449482.0,64.0
19.33,1625449482.0,64.0
23.2,1625449482.0,64.0
26.51,1625449482.0,64.0
29.21,1625449482.0,64.0
31.25,1625449482.0,64.0
32.56,1625449482.0,64.0
33.12,1625449482.0,64.0
32.87,1625449482.0,64.0
31.82,1625449482.0,64.0
30.09,1625449482.0,64.0
27.92,1625449482.0,64.0
25.68,1625449482.0,64.0
23.77,1625449482.0,64.0
22.41,1625449482.0,64.0
21.52,1625449482.0,64.0
20.76,1625449482.0,64.0
19.69,1625449482.0,64.0
17.96,1625449482.0,64.0
15.49,1625449482.0,64.0
12.39,1625449482.0,64.0
8.92,1625449482.0,64.0
5.3,1625449482.0,64.0
1.63,1625449482.0,64.0
-2.1,1625449482.0,64.0
-5.89,1625449482.0,64.0
-9.7,1625449482.0,64.0
-13.47,1625449482.0,64.0
-17.12,1625449482.0,64.0
-20.74,1625449482.0,64.0
-24.46,1625449482.0,64.0
-28.56,1625449482.0,64.0
-33.24,1625449482.0,64.0
-38.55,1625449482.0,64.0
-44.25,1625449482.0,64.0
-49.78,1625449482.0,64.0
-54.32,1625449482.0,64.0
-56.96,1625449482.0,64.0
-57.03,1625449482.0,64.0
-54.24,1625449482.0,64.0
-48.81,1625449482.0,64.0
-41.36,1625449482.0,64.0
-32.69,1625449482.0,64.0
-23.44,1625449482.0,64.0
-14.02,1625449482.0,64.0
-4.62,1625449482.0,64.0
4.68,1625449482.0,64.0
13.58,1625449482.0,64.0
21.58,1625449482.0,64.0
28.06,1625449482.0,64.0
32.53,1625449482.0,64.0
34.86,1625449482.0,64.0
35.42,1625449482.0,64.0
34.96,1625449482.0,64.0
34.3,1625449482.0,64.0
34.08,1625449482.0,64.0
34.45,1625449482.0,64.0
35.1,1625449482.0,64.0
35.48,1625449482.0,64.0
35.06,1625449482.0,64.0
33.57,1625449482.0,64.0
31.11,1625449482.0,64.0
28.08,1625449482.0,64.0
24.9,1625449482.0,64.0
21.91,1625449482.0,64.0
19.14,1625449482.0,64.0
16.38,1625449482.0,64.0
13.29,1625449482.0,64.0
9.58,1625449482.0,64.0
5.24,1625449482.0,64.0
0.59,1625449482.0,64.0
-3.83,1625449482.0,64.0
-7.47,1625449482.0,64.0
-10.05,1625449482.0,64.0
-11.71,1625449482.0,64.0
-13.01,1625449482.0,64.0
-14.65,1625449482.0,64.0
-17.18,1625449482.0,64.0
-20.76,1625449482.0,64.0
-25.17,1625449482.0,64.0
-29.99,1625449482.0,64.0
-34.83,1625449482.0,64.0
-39.36,1625449482.0,64.0
-43.28,1625449482.0,64.0
-46.05,1625449482.0,64.0
-46.91,1625449482.0,64.0
-45.07,1625449482.0,64.0
-40.18,1625449482.0,64.0
-32.75,1625449482.0,64.0
-24.09,1625449482.0,64.0
-15.81,1625449482.0,64.0
-8.99,1625449482.0,64.0
-3.67,1625449482.0,64.0
1.2,1625449482.0,64.0
6.96,1625449482.0,64.0
14.36,1625449482.0,64.0
22.94,1625449482.0,64.0
31.31,1625449482.0,64.0
37.89,1625449482.0,64.0
41.85,1625449482.0,64.0
43.55,1625449482.0,64.0
44.07,1625449482.0,64.0
44.31,1625449482.0,64.0
44.21,1625449482.0,64.0
42.79,1625449482.0,64.0
38.86,1625449482.0,64.0
32.06,1625449482.0,64.0
23.44,1625449482.0,64.0
15.11,1625449482.0,64.0
9.2,1625449482.0,64.0
6.8,1625449482.0,64.0
7.35,1625449482.0,64.0
9.11,1625449482.0,64.0
10.17,1625449482.0,64.0
9.38,1625449482.0,64.0
6.78,1625449482.0,64.0
3.29,1625449482.0,64.0
-0.08,1625449482.0,64.0
-2.77,1625449482.0,64.0
-4.87,1625449482.0,64.0
-6.87,1625449482.0,64.0
-9.22,1625449482.0,64.0
-12.03,1625449482.0,64.0
-15.03,1625449482.0,64.0
-17.86,1625449482.0,64.0
-20.23,1625449482.0,64.0
-22.15,1625449482.0,64.0
-23.91,1625449482.0,64.0
-25.96,1625449482.0,64.0
-28.73,1625449482.0,64.0
-32.49,1625449482.0,64.0
-37.13,1625449482.0,64.0
-42.09,1625449482.0,64.0
-46.37,1625449482.0,64.0
-48.85,1625449482.0,64.0
-48.63,1625449482.0,64.0
-45.42,1625449482.0,64.0
-39.59,1625449482.0,64.0
-32.02,1625449482.0,64.0
-23.67,1625449482.0,64.0
-15.22,1625449482.0,64.0
-6.96,1625449482.0,64.0
1.17,1625449482.0,64.0
9.24,1625449482.0,64.0
17.08,1625449482.0,64.0
24.22,1625449482.0,64.0
30.03,1625449482.0,64.0
34.0,1625449482.0,64.0
36.06,1625449482.0,64.0
36.53,1625449482.0,64.0
36.07,1625449482.0,64.0
35.34,1625449482.0,64.0
34.77,1625449482.0,64.0
34.48,1625449482.0,64.0
34.27,1625449482.0,64.0
33.89,1625449482.0,64.0
33.12,1625449482.0,64.0
31.88,1625449482.0,64.0
30.21,1625449482.0,64.0
28.15,1625449482.0,64.0
25.76,1625449482.0,64.0
23.02,1625449482.0,64.0
19.94,1625449482.0,64.0
16.61,1625449482.0,64.0
13.15,1625449482.0,64.0
9.74,1625449482.0,64.0
6.51,1625449482.0,64.0
3.51,1625449482.0,64.0
0.76,1625449482.0,64.0
-1.77,1625449482.0,64.0
-4.14,1625449482.0,64.0
-6.44,1625449482.0,64.0
-8.82,1625449482.0,64.0
-11.43,1625449482.0,64.0
-14.35,1625449482.0,64.0
-17.59,1625449482.0,64.0
-21.12,1625449482.0,64.0
-24.86,1625449482.0,64.0
-28.85,1625449482.0,64.0
-33.18,1625449482.0,64.0
-37.85,1625449482.0,64.0
-42.66,1625449482.0,64.0
-47.05,1625449482.0,64.0
-50.22,1625449482.0,64.0
-51.34,1625449482.0,64.0
-49.85,1625449482.0,64.0
-45.69,1625449482.0,64.0
-39.25,1625449482.0,64.0
-31.25,1625449482.0,64.0
-22.38,1625449482.0,64.0
-13.17,1625449482.0,64.0
-3.91,1625449482.0,64.0
5.24,1625449482.0,64.0
14.09,1625449482.0,64.0
22.29,1625449482.0,64.0
29.42,1625449482.0,64.0
35.01,1625449482.0,64.0
38.83,1625449482.0,64.0
40.95,1625449482.0,64.0
41.69,1625449482.0,64.0
41.51,1625449482.0,64.0
40.86,1625449482.0,64.0
39.95,1625449482.0,64.0
38.83,1625449482.0,64.0
37.47,1625449482.0,64.0
35.84,1625449482.0,64.0
34.09,1625449482.0,64.0
32.41,1625449482.0,64.0
30.88,1625449482.0,64.0
29.34,1625449482.0,64.0
27.43,1625449482.0,64.0
24.73,1625449482.0,64.0
21.15,1625449482.0,64.0
16.97,1625449482.0,64.0
12.89,1625449482.0,64.0
9.6,1625449482.0,64.0
7.52,1625449482.0,64.0
6.5,1625449482.0,64.0
5.96,1625449482.0,64.0
5.12,1625449482.0,64.0
3.32,1625449482.0,64.0
0.3,1625449482.0,64.0
-3.86,1625449482.0,64.0
-8.81,1625449482.0,64.0
-14.05,1625449482.0,64.0
-19.19,1625449482.0,64.0
-23.96,1625449482.0,64.0
-28.4,1625449482.0,64.0
-32.89,1625449482.0,64.0
-37.95,1625449482.0,64.0
-43.95,1625449482.0,64.0
-50.71,1625449482.0,64.0
-57.3,1625449482.0,64.0
-62.24,1625449482.0,64.0
-64.06,1625449482.0,64.0
-61.95,1625449482.0,64.0
-56.24,1625449482.0,64.0
-48.3,1625449482.0,64.0
-39.9,1625449482.0,64.0
-32.41,1625449482.0,64.0
-26.18,1625449482.0,64.0
-20.5,1625449482.0,64.0
-14.16,1625449482.0,64.0
-6.33,1625449482.0,64.0
2.95,1625449482.0,64.0
12.61,1625449482.0,64.0
21.11,1625449482.0,64.0
27.2,1625449482.0,64.0
30.54,1625449482.0,64.0
31.78,1625449482.0,64.0
32.12,1625449482.0,64.0
32.68,1625449482.0,64.0
33.91,1625449482.0,64.0
35.53,1625449482.0,64.0
36.78,1625449482.0,64.0
37.01,1625449482.0,64.0
36.09,1625449482.0,64.0
34.37,1625449482.0,64.0
32.46,1625449482.0,64.0
30.82,1625449482.0,64.0
29.52,1625449482.0,64.0
28.14,1625449482.0,64.0
26.16,1625449482.0,64.0
23.17,1625449482.0,64.0
19.22,1625449482.0,64.0
14.76,1625449482.0,64.0
10.47,1625449482.0,64.0
6.95,1625449482.0,64.0
4.38,1625449482.0,64.0
2.55,1625449482.0,64.0
0.86,1625449482.0,64.0
-1.22,1625449482.0,64.0
-4.02,1625449482.0,64.0
-7.44,1625449482.0,64.0
-11.1,1625449482.0,64.0
-14.58,1625449482.0,64.0
-17.6,1625449482.0,64.0
-20.21,1625449482.0,64.0
-22.63,1625449482.0,64.0
-25.17,1625449482.0,64.0
-28.05,1625449482.0,64.0
-31.34,1625449482.0,64.0
-34.96,1625449482.0,64.0
-38.61,1625449482.0,64.0
-41.9,1625449482.0,64.0
-44.26,1625449482.0,64.0
-45.1,1625449482.0,64.0
-43.89,1625449482.0,64.0
-40.41,1625449482.0,64.0
-34.85,1625449482.0,64.0
-27.72,1625449482.0,64.0
-19.77,1625449482.0,64.0
-11.6,1625449482.0,64.0
-3.62,1625449482.0,64.0
4.09,1625449482.0,64.0
11.48,1625449482.0,64.0
18.41,1625449482.0,64.0
24.55,1625449482.0,64.0
29.36,1625449482.0,64.0
32.46,1625449482.0,64.0
33.71,1625449482.0,64.0
33.52,1625449482.0,64.0
32.54,1625449482.0,64.0
31.51,1625449482.0,64.0
30.87,1625449482.0,64.0
30.59,1625449482.0,64.0
30.3,1625449482.0,64.0
29.55,1625449482.0,64.0
28.09,1625449482.0,64.0
25.97,1625449482.0,64.0
23.47,1625449482.0,64.0
20.9,1625449482.0,64.0
18.45,1625449482.0,64.0
16.11,1625449482.0,64.0
13.73,1625449482.0,64.0
11.21,1625449482.0,64.0
8.55,1625449482.0,64.0
5.91,1625449482.0,64.0
3.51,1625449482.0,64.0
1.45,1625449482.0,64.0
-0.3,1625449482.0,64.0
-1.93,1625449482.0,64.0
-3.64,1625449482.0,64.0
-5.61,1625449482.0,64.0
-7.85,1625449482.0,64.0
-10.23,1625449482.0,64.0
-12.56,1625449482.0,64.0
-14.68,1625449482.0,64.0
-16.57,1625449482.0,64.0
-18.26,1625449482.0,64.0
-19.85,1625449482.0,64.0
-21.36,1625449482.0,64.0
-22.88,1625449482.0,64.0
-24.55,1625449482.0,64.0
-26.66,1625449482.0,64.0
-29.48,1625449482.0,64.0
-33.12,1625449482.0,64.0
-37.26,1625449482.0,64.0
-41.15,1625449482.0,64.0
-43.71,1625449482.0,64.0
-43.95,1625449482.0,64.0
-41.36,1625449482.0,64.0
-36.08,1625449482.0,64.0
-28.86,1625449482.0,64.0
-20.68,1625449482.0,64.0
-12.4,1625449482.0,64.0
-4.52,1625449482.0,64.0
2.75,1625449482.0,64.0
9.42,1625449482.0,64.0
15.53,1625449482.0,64.0
21.07,1625449482.0,64.0
26.04,1625449482.0,64.0
30.45,1625449482.0,64.0
34.41,1625449482.0,64.0
38.0,1625449482.0,64.0
41.16,1625449482.0,64.0
43.63,1625449482.0,64.0
44.94,1625449482.0,64.0
44.62,1625449482.0,64.0
42.44,1625449482.0,64.0
38.65,1625449482.0,64.0
33.94,1625449482.0,64.0
29.27,1625449482.0,64.0
25.39,1625449482.0,64.0
22.47,1625449482.0,64.0
19.97,1625449482.0,64.0
16.91,1625449482.0,64.0
12.53,1625449482.0,64.0
6.85,1625449482.0,64.0
0.86,1625449482.0,64.0
-3.91,1625449482.0,64.0
-6.22,1625449482.0,64.0
-5.88,1625449482.0,64.0
-4.01,1625449482.0,64.0
-2.51,1625449482.0,64.0
-3.09,1625449482.0,64.0
-6.33,1625449482.0,64.0
-11.44,1625449482.0,64.0
-16.65,1625449482.0,64.0
-20.31,1625449482.0,64.0
-21.74,1625449482.0,64.0
-21.44,1625449482.0,64.0
-20.66,1625449482.0,64.0
-20.56,1625449482.0,64.0
-21.58,1625449482.0,64.0
-23.4,1625449482.0,64.0
-25.42,1625449482.0,64.0
-27.32,1625449482.0,64.0
-29.34,1625449482.0,64.0
-32.03,1625449482.0,64.0
-35.62,1625449482.0,64.0
-39.61,1625449482.0,64.0
-42.79,1625449482.0,64.0
-43.76,1625449482.0,64.0
-41.57,1625449482.0,64.0
-36.17,1625449482.0,64.0
-28.3,1625449482.0,64.0
-19.12,1625449482.0,64.0
-9.72,1625449482.0,64.0
-0.77,1625449482.0,64.0
7.35,1625449482.0,64.0
14.48,1625449482.0,64.0
20.44,1625449482.0,64.0
25.05,1625449482.0,64.0
28.21,1625449482.0,64.0
30.04,1625449482.0,64.0
30.83,1625449482.0,64.0
30.95,1625449482.0,64.0
30.8,1625449482.0,64.0
30.62,1625449482.0,64.0
30.52,1625449482.0,64.0
30.5,1625449482.0,64.0
30.48,1625449482.0,64.0
30.3,1625449482.0,64.0
29.83,1625449482.0,64.0
28.92,1625449482.0,64.0
27.5,1625449482.0,64.0
25.55,1625449482.0,64.0
23.15,1625449482.0,64.0
20.44,1625449482.0,64.0
17.58,1625449482.0,64.0
14.71,1625449482.0,64.0
11.91,1625449482.0,64.0
9.2,1625449482.0,64.0
6.57,1625449482.0,64.0
3.95,1625449482.0,64.0
1.34,1625449482.0,64.0
-1.25,1625449482.0,64.0
-3.77,1625449482.0,64.0
-6.19,1625449482.0,64.0
-8.57,1625449482.0,64.0
-11.07,1625449482.0,64.0
-13.86,1625449482.0,64.0
-17.11,1625449482.0,64.0
-20.86,1625449482.0,64.0
-25.05,1625449482.0,64.0
-29.62,1625449482.0,64.0
-34.45,1625449482.0,64.0
-39.39,1625449482.0,64.0
-44.15,1625449482.0,64.0
-48.25,1625449482.0,64.0
-50.94,1625449482.0,64.0
-51.53,1625449482.0,64.0
-49.49,1625449482.0,64.0
-44.72,1625449482.0,64.0
-37.64,1625449482.0,64.0
-29.03,1625449482.0,64.0
-19.81,1625449482.0,64.0
-10.71,1625449482.0,64.0
-2.17,1625449482.0,64.0
5.73,1625449482.0,64.0
12.97,1625449482.0,64.0
19.44,1625449482.0,64.0
24.9,1625449482.0,64.0
28.99,1625449482.0,64.0
31.5,1625449482.0,64.0
32.51,1625449482.0,64.0
32.44,1625449482.0,64.0
31.85,1625449482.0,64.0
31.29,1625449482.0,64.0
30.98,1625449482.0,64.0
30.87,1625449482.0,64.0
30.76,1625449482.0,64.0
30.48,1625449482.0,64.0
29.95,1625449482.0,64.0
29.16,1625449482.0,64.0
28.04,1625449482.0,64.0
26.42,1625449482.0,64.0
24.1,1625449482.0,64.0
21.07,1625449482.0,64.0
17.55,1625449482.0,64.0
13.98,1625449482.0,64.0
10.74,1625449482.0,64.0
7.99,1625449482.0,64.0
5.59,1625449482.0,64.0
3.25,1625449482.0,64.0
0.72,1625449482.0,64.0
-2.04,1625449482.0,64.0
-5.04,1625449482.0,64.0
-8.45,1625449482.0,64.0
-12.58,1625449482.0,64.0
-17.73,1625449482.0,64.0
-23.75,1625449482.0,64.0
-29.89,1625449482.0,64.0
-35.08,1625449482.0,64.0
-38.44,1625449482.0,64.0
-40.02,1625449482.0,64.0
-40.83,1625449482.0,64.0
-42.28,1625449482.0,64.0
-45.22,1625449482.0,64.0
-49.14,1625449482.0,64.0
-52.34,1625449482.0,64.0
-52.73,1625449482.0,64.0
-49.17,1625449482.0,64.0
-42.23,1625449482.0,64.0
-33.9,1625449482.0,64.0
-26.49,1625449482.0,64.0
-21.33,1625449482.0,64.0
-18.06,1625449482.0,64.0
-15.0,1625449482.0,64.0
-10.37,1625449482.0,64.0
-3.38,1625449482.0,64.0
5.2,1625449482.0,64.0
13.56,1625449482.0,64.0
19.89,1625449482.0,64.0
23.39,1625449482.0,64.0
24.55,1625449482.0,64.0
24.71,1625449482.0,64.0
25.2,1625449482.0,64.0
26.6,1625449482.0,64.0
28.58,1625449482.0,64.0
30.25,1625449482.0,64.0
30.8,1625449482.0,64.0
29.98,1625449482.0,64.0
28.17,1625449482.0,64.0
26.08,1625449482.0,64.0
24.34,1625449482.0,64.0
23.21,1625449482.0,64.0
22.49,1625449482.0,64.0
21.68,1625449482.0,64.0
20.3,1625449482.0,64.0
18.07,1625449482.0,64.0
15.08,1625449482.0,64.0
11.71,1625449482.0,64.0
8.43,1625449482.0,64.0
5.62,1625449482.0,64.0
3.38,1625449482.0,64.0
1.5,1625449482.0,64.0
-0.39,1625449482.0,64.0
-2.66,1625449482.0,64.0
-5.52,1625449482.0,64.0
-8.98,1625449482.0,64.0
-12.81,1625449482.0,64.0
-16.78,1625449482.0,64.0
-20.73,1625449482.0,64.0
-24.67,1625449482.0,64.0
-28.82,1625449482.0,64.0
-33.44,1625449482.0,64.0
-38.57,1625449482.0,64.0
-43.85,1625449482.0,64.0
-48.59,1625449482.0,64.0
-51.78,1625449482.0,64.0
-52.54,1625449482.0,64.0
-50.39,1625449482.0,64.0
-45.53,1625449482.0,64.0
-38.69,1625449482.0,64.0
-30.76,1625449482.0,64.0
-22.53,1625449482.0,64.0
-14.33,1625449482.0,64.0
-6.17,1625449482.0,64.0
2.08,1625449482.0,64.0
10.31,1625449482.0,64.0
18.1,1625449482.0,64.0
24.76,1625449482.0,64.0
29.74,1625449482.0,64.0
32.88,1625449482.0,64.0
34.49,1625449482.0,64.0
35.25,1625449482.0,64.0
35.82,1625449482.0,64.0
36.61,1625449482.0,64.0
37.61,1625449482.0,64.0
38.52,1625449482.0,64.0
38.97,1625449482.0,64.0
38.74,1625449482.0,64.0
37.81,1625449482.0,64.0
36.29,1625449482.0,64.0
34.36,1625449482.0,64.0
32.05,1625449482.0,64.0
29.35,1625449482.0,64.0
26.23,1625449482.0,64.0
22.76,1625449482.0,64.0
19.11,1625449482.0,64.0
15.46,1625449482.0,64.0
11.91,1625449482.0,64.0
8.43,1625449482.0,64.0
4.93,1625449482.0,64.0
1.3,1625449482.0,64.0
-2.45,1625449482.0,64.0
-6.2,1625449482.0,64.0
-9.74,1625449482.0,64.0
-12.96,1625449482.0,64.0
-15.84,1625449482.0,64.0
-18.51,1625449482.0,64.0
-21.13,1625449482.0,64.0
-23.83,1625449482.0,64.0
-26.72,1625449482.0,64.0
-29.89,1625449482.0,64.0
-33.43,1625449482.0,64.0
-37.43,1625449482.0,64.0
-41.75,1625449482.0,64.0
-45.94,1625449482.0,64.0
-49.31,1625449482.0,64.0
-50.99,1625449482.0,64.0
-50.29,1625449482.0,64.0
-46.93,1625449482.0,64.0
-41.14,1625449482.0,64.0
-33.56,1625449482.0,64.0
-24.97,1625449482.0,64.0
-15.97,1625449482.0,64.0
-6.93,1625449482.0,64.0
2.0,1625449482.0,64.0
10.63,1625449482.0,64.0
18.64,1625449482.0,64.0
25.52,1625449482.0,64.0
30.74,1625449482.0,64.0
34.04,1625449482.0,64.0
35.62,1625449482.0,64.0
36.03,1625449482.0,64.0
36.0,1625449482.0,64.0
36.09,1625449482.0,64.0
36.48,1625449482.0,64.0
36.95,1625449482.0,64.0
37.14,1625449482.0,64.0
36.76,1625449482.0,64.0
35.82,1625449482.0,64.0
34.53,1625449482.0,64.0
33.14,1625449482.0,64.0
31.7,1625449482.0,64.0
30.03,1625449482.0,64.0
27.83,1625449482.0,64.0
24.9,1625449482.0,64.0
21.33,1625449482.0,64.0
17.49,1625449482.0,64.0
13.85,1625449482.0,64.0
10.68,1625449482.0,64.0
7.9,1625449482.0,64.0
5.16,1625449482.0,64.0
2.05,1625449482.0,64.0
-1.64,1625449482.0,64.0
-5.79,1625449482.0,64.0
-10.04,1625449482.0,64.0
-13.94,1625449482.0,64.0
-17.2,1625449482.0,64.0
-19.82,1625449482.0,64.0
-22.0,1625449482.0,64.0
-24.11,1625449482.0,64.0
-26.51,1625449482.0,64.0
-29.49,1625449482.0,64.0
-33.19,1625449482.0,64.0
-37.53,1625449482.0,64.0
-42.17,1625449482.0,64.0
-46.44,1625449482.0,64.0
-49.47,1625449482.0,64.0
-50.29,1625449482.0,64.0
-48.27,1625449482.0,64.0
-43.21,1625449482.0,64.0
-35.51,1625449482.0,64.0
-25.99,1625449482.0,64.0
-15.66,1625449482.0,64.0
-5.51,1625449482.0,64.0
3.7,1625449482.0,64.0
11.54,1625449482.0,64.0
17.93,1625449482.0,64.0
23.03,1625449482.0,64.0
27.09,1625449482.0,64.0
30.29,1625449482.0,64.0
32.68,1625449482.0,64.0
34.17,1625449482.0,64.0
34.7,1625449482.0,64.0
34.52,1625449482.0,64.0
34.2,1625449482.0,64.0
34.47,1625449482.0,64.0
35.76,1625449482.0,64.0
37.8,1625449482.0,64.0
39.48,1625449482.0,64.0
39.31,1625449482.0,64.0
36.11,1625449482.0,64.0
29.77,1625449482.0,64.0
21.38,1625449482.0,64.0
12.86,1625449482.0,64.0
6.01,1625449482.0,64.0
1.81,1625449482.0,64.0
0.09,1625449482.0,64.0
-0.16,1625449482.0,64.0
-0.15,1625449482.0,64.0
-0.75,1625449482.0,64.0
-2.26,1625449482.0,64.0
-4.56,1625449482.0,64.0
-7.41,1625449482.0,64.0
-10.55,1625449482.0,64.0
-13.71,1625449482.0,64.0
-16.46,1625449482.0,64.0
-18.23,1625449482.0,64.0
-18.55,1625449482.0,64.0
-17.3,1625449482.0,64.0
-14.95,1625449482.0,64.0
-12.5,1625449482.0,64.0
-11.11,1625449482.0,64.0
-11.82,1625449482.0,64.0
-15.15,1625449482.0,64.0
-20.99,1625449482.0,64.0
-28.61,1625449482.0,64.0
-36.79,1625449482.0,64.0
-44.05,1625449482.0,64.0
-48.99,1625449482.0,64.0
-50.65,1625449482.0,64.0
-48.8,1625449482.0,64.0
-43.96,1625449482.0,64.0
-37.11,1625449482.0,64.0
-29.27,1625449482.0,64.0
-21.08,1625449482.0,64.0
-12.77,1625449482.0,64.0
-4.32,1625449482.0,64.0
4.2,1625449482.0,64.0
12.36,1625449482.0,64.0
19.49,1625449482.0,64.0
24.92,1625449482.0,64.0
28.36,1625449482.0,64.0
30.02,1625449482.0,64.0
30.48,1625449482.0,64.0
30.39,1625449482.0,64.0
30.18,1625449482.0,64.0
29.97,1625449482.0,64.0
29.65,1625449482.0,64.0
29.12,1625449482.0,64.0
28.37,1625449482.0,64.0
27.54,1625449482.0,64.0
26.78,1625449482.0,64.0
26.06,1625449482.0,64.0
25.2,1625449482.0,64.0
23.88,1625449482.0,64.0
21.9,1625449482.0,64.0
19.23,1625449482.0,64.0
16.12,1625449482.0,64.0
12.94,1625449482.0,64.0
10.04,1625449482.0,64.0
7.55,1625449482.0,64.0
5.37,1625449482.0,64.0
3.29,1625449482.0,64.0
1.04,1625449482.0,64.0
-1.51,1625449482.0,64.0
-4.36,1625449482.0,64.0
-7.38,1625449482.0,64.0
-10.39,1625449482.0,64.0
-13.15,1625449482.0,64.0
-15.49,1625449482.0,64.0
-17.42,1625449482.0,64.0
-19.23,1625449482.0,64.0
-21.54,1625449482.0,64.0
-25.12,1625449482.0,64.0
-30.54,1625449482.0,64.0
-37.7,1625449482.0,64.0
-45.6,1625449482.0,64.0
-52.39,1625449482.0,64.0
-56.04,1625449482.0,64.0
-55.06,1625449482.0,64.0
-49.14,1625449482.0,64.0
-39.16,1625449482.0,64.0
-26.77,1625449482.0,64.0
-13.56,1625449482.0,64.0
-0.62,1625449482.0,64.0
11.49,1625449482.0,64.0
22.27,1625449482.0,64.0
30.89,1625449482.0,64.0
36.16,1625449482.0,64.0
37.19,1625449482.0,64.0
34.08,1625449482.0,64.0
28.38,1625449482.0,64.0
22.6,1625449482.0,64.0
19.18,1625449482.0,64.0
19.32,1625449482.0,64.0
22.45,1625449482.0,64.0
26.69,1625449482.0,64.0
29.93,1625449482.0,64.0
30.95,1625449482.0,64.0
29.78,1625449482.0,64.0
27.32,1625449482.0,64.0
24.62,1625449482.0,64.0
22.14,1625449482.0,64.0
19.69,1625449482.0,64.0
16.8,1625449482.0,64.0
13.25,1625449482.0,64.0
9.29,1625449482.0,64.0
5.57,1625449482.0,64.0
2.62,1625449482.0,64.0
0.67,1625449482.0,64.0
-0.54,1625449482.0,64.0
-1.48,1625449482.0,64.0
-2.61,1625449482.0,64.0
-4.17,1625449482.0,64.0
-6.13,1625449482.0,64.0
-8.32,1625449482.0,64.0
-10.6,1625449482.0,64.0
-12.94,1625449482.0,64.0
-15.47,1625449482.0,64.0
-18.41,1625449482.0,64.0
-21.92,1625449482.0,64.0
-25.88,1625449482.0,64.0
-29.84,1625449482.0,64.0
-33.05,1625449482.0,64.0
-34.66,1625449482.0,64.0
-34.0,1625449482.0,64.0
-30.87,1625449482.0,64.0
-25.53,1625449482.0,64.0
-18.64,1625449482.0,64.0
-10.93,1625449482.0,64.0
-2.99,1625449482.0,64.0
4.78,1625449482.0,64.0
12.18,1625449482.0,64.0
18.94,1625449482.0,64.0
24.73,1625449482.0,64.0
29.16,1625449482.0,64.0
31.97,1625449482.0,64.0
33.14,1625449482.0,64.0
33.01,1625449482.0,64.0
32.16,1625449482.0,64.0
31.16,1625449482.0,64.0
30.42,1625449482.0,64.0
30.05,1625449482.0,64.0
29.9,1625449482.0,64.0
29.64,1625449482.0,64.0
28.96,1625449482.0,64.0
27.68,1625449482.0,64.0
25.77,1625449482.0,64.0
23.37,1625449482.0,64.0
20.66,1625449482.0,64.0
17.84,1625449482.0,64.0
15.02,1625449482.0,64.0
12.16,1625449482.0,64.0
9.15,1625449482.0,64.0
5.82,1625449482.0,64.0
2.15,1625449482.0,64.0
-1.73,1625449482.0,64.0
-5.54,1625449482.0,64.0
-9.05,1625449482.0,64.0
-12.14,1625449482.0,64.0
-14.97,1625449482.0,64.0
-17.94,1625449482.0,64.0
-21.42,1625449482.0,64.0
-25.71,1625449482.0,64.0
-30.78,1625449482.0,64.0
-36.43,1625449482.0,64.0
-42.22,1625449482.0,64.0
-47.69,1625449482.0,64.0
-52.38,1625449482.0,64.0
-55.81,1625449482.0,64.0
-57.56,1625449482.0,64.0
-57.27,1625449482.0,64.0
-54.75,1625449482.0,64.0
-49.99,1625449482.0,64.0
-43.26,1625449482.0,64.0
-34.89,1625449482.0,64.0
-25.33,1625449482.0,64.0
-14.89,1625449482.0,64.0
-3.93,1625449482.0,64.0
7.15,1625449482.0,64.0
17.74,1625449482.0,64.0
27.06,1625449482.0,64.0
34.4,1625449482.0,64.0
39.28,1625449482.0,64.0
41.75,1625449482.0,64.0
42.39,1625449482.0,64.0
42.13,1625449482.0,64.0
41.85,1625449482.0,64.0
42.05,1625449482.0,64.0
42.68,1625449482.0,64.0
43.21,1625449482.0,64.0
42.99,1625449482.0,64.0
41.55,1625449482.0,64.0
38.78,1625449482.0,64.0
34.91,1625449482.0,64.0
30.36,1625449482.0,64.0
25.58,1625449482.0,64.0
20.87,1625449482.0,64.0
16.45,1625449482.0,64.0
12.46,1625449482.0,64.0
8.96,1625449482.0,64.0
5.94,1625449482.0,64.0
3.23,1625449482.0,64.0
0.5,1625449482.0,64.0
-2.66,1625449482.0,64.0
-6.54,1625449482.0,64.0
-11.28,1625449482.0,64.0
-16.72,1625449482.0,64.0
-22.53,1625449482.0,64.0
-28.26,1625449482.0,64.0
-33.63,1625449482.0,64.0
-38.47,1625449482.0,64.0
-42.79,1625449482.0,64.0
-46.59,1625449482.0,64.0
-49.72,1625449482.0,64.0
-51.89,1625449482.0,64.0
-52.73,1625449482.0,64.0
-52.04,1625449482.0,64.0
-50.02,1625449482.0,64.0
-47.2,1625449482.0,64.0
-44.13,1625449482.0,64.0
-40.89,1625449482.0,64.0
-36.93,1625449482.0,64.0
-31.23,1625449482.0,64.0
-22.95,1625449482.0,64.0
-12.07,1625449482.0,64.0
0.3,1625449482.0,64.0
12.18,1625449482.0,64.0
21.62,1625449482.0,64.0
27.47,1625449482.0,64.0
29.83,1625449482.0,64.0
29.81,1625449482.0,64.0
28.88,1625449482.0,64.0
28.16,1625449482.0,64.0
28.04,1625449482.0,64.0
28.32,1625449482.0,64.0
28.59,1625449482.0,64.0
28.55,1625449482.0,64.0
28.21,1625449482.0,64.0
27.71,1625449482.0,64.0
27.13,1625449482.0,64.0
26.48,1625449482.0,64.0
25.58,1625449482.0,64.0
24.22,1625449482.0,64.0
22.28,1625449482.0,64.0
19.76,1625449482.0,64.0
16.77,1625449482.0,64.0
13.58,1625449482.0,64.0
10.45,1625449482.0,64.0
7.53,1625449482.0,64.0
4.86,1625449482.0,64.0
2.23,1625449482.0,64.0
-0.71,1625449482.0,64.0
-4.26,1625449482.0,64.0
-8.54,1625449482.0,64.0
-13.37,1625449482.0,64.0
-18.38,1625449482.0,64.0
-23.19,1625449482.0,64.0
-27.66,1625449482.0,64.0
-31.9,1625449482.0,64.0
-36.11,1625449482.0,64.0
-40.27,1625449482.0,64.0
-44.0,1625449482.0,64.0
-46.51,1625449482.0,64.0
-46.93,1625449482.0,64.0
-44.62,1625449482.0,64.0
-39.52,1625449482.0,64.0
-32.11,1625449482.0,64.0
-23.15,1625449482.0,64.0
-13.48,1625449482.0,64.0
-3.66,1625449482.0,64.0
6.0,1625449482.0,64.0
15.28,1625449482.0,64.0
23.88,1625449482.0,64.0
31.37,1625449482.0,64.0
37.19,1625449482.0,64.0
40.96,1625449482.0,64.0
42.65,1625449482.0,64.0
42.61,1625449482.0,64.0
41.57,1625449482.0,64.0
40.27,1625449482.0,64.0
39.24,1625449482.0,64.0
38.63,1625449482.0,64.0
38.22,1625449482.0,64.0
37.62,1625449482.0,64.0
36.46,1625449482.0,64.0
34.59,1625449482.0,64.0
32.07,1625449482.0,64.0
29.16,1625449482.0,64.0
26.12,1625449482.0,64.0
23.13,1625449482.0,64.0
20.26,1625449482.0,64.0
17.46,1625449482.0,64.0
14.71,1625449482.0,64.0
11.98,1625449482.0,64.0
9.3,1625449482.0,64.0
6.61,1625449482.0,64.0
3.87,1625449482.0,64.0
0.96,1625449482.0,64.0
-2.24,1625449482.0,64.0
-5.77,1625449482.0,64.0
-9.56,1625449482.0,64.0
-13.45,1625449482.0,64.0
-17.31,1625449482.0,64.0
-20.97,1625449482.0,64.0
-24.45,1625449482.0,64.0
-27.8,1625449482.0,64.0
-31.21,1625449482.0,64.0
-34.82,1625449482.0,64.0
-38.62,1625449482.0,64.0
-42.34,1625449482.0,64.0
-45.42,1625449482.0,64.0
-47.1,1625449482.0,64.0
-46.64,1625449482.0,64.0
-43.54,1625449482.0,64.0
-37.77,1625449482.0,64.0
-29.79,1625449482.0,64.0
-20.39,1625449482.0,64.0
-10.44,1625449482.0,64.0
-0.61,1625449482.0,64.0
8.67,1625449482.0,64.0
17.18,1625449482.0,64.0
24.77,1625449482.0,64.0
31.25,1625449482.0,64.0
36.42,1625449482.0,64.0
40.24,1625449482.0,64.0
42.93,1625449482.0,64.0
44.98,1625449482.0,64.0
46.87,1625449482.0,64.0
48.86,1625449482.0,64.0
50.73,1625449482.0,64.0
51.77,1625449482.0,64.0
51.08,1625449482.0,64.0
48.0,1625449482.0,64.0
42.46,1625449482.0,64.0
35.1,1625449482.0,64.0
27.1,1625449482.0,64.0
19.78,1625449482.0,64.0
14.19,1625449482.0,64.0
10.85,1625449482.0,64.0
9.65,1625449482.0,64.0
9.88,1625449482.0,64.0
10.61,1625449482.0,64.0
10.82,1625449482.0,64.0
9.76,1625449482.0,64.0
7.03,1625449482.0,64.0
2.6,1625449482.0,64.0
-3.23,1625449482.0,64.0
-9.96,1625449482.0,64.0
-16.9,1625449482.0,64.0
-23.23,1625449482.0,64.0
-28.05,1625449482.0,64.0
-30.49,1625449482.0,64.0
-30.21,1625449482.0,64.0
-27.6,1625449482.0,64.0
-24.06,1625449482.0,64.0
-21.6,1625449482.0,64.0
-22.16,1625449482.0,64.0
-26.74,1625449482.0,64.0
-34.87,1625449482.0,64.0
-44.71,1625449482.0,64.0
-53.73,1625449482.0,64.0
-59.7,1625449482.0,64.0
-61.43,1625449482.0,64.0
-58.98,1625449482.0,64.0
-53.28,1625449482.0,64.0
-45.54,1625449482.0,64.0
-36.75,1625449482.0,64.0
-27.43,1625449482.0,64.0
-17.89,1625449482.0,64.0
-8.37,1625449482.0,64.0
0.68,1625449482.0,64.0
8.78,1625449482.0,64.0
15.47,1625449482.0,64.0
20.58,1625449482.0,64.0
24.26,1625449482.0,64.0
26.88,1625449482.0,64.0
28.96,1625449482.0,64.0
30.92,1625449482.0,64.0
33.01,1625449482.0,64.0
35.13,1625449482.0,64.0
36.98,1625449482.0,64.0
38.18,1625449482.0,64.0
38.41,1625449482.0,64.0
37.66,1625449482.0,64.0
36.16,1625449482.0,64.0
34.35,1625449482.0,64.0
32.55,1625449482.0,64.0
30.93,1625449482.0,64.0
29.33,1625449482.0,64.0
27.48,1625449482.0,64.0
25.05,1625449482.0,64.0
21.87,1625449482.0,64.0
18.06,1625449482.0,64.0
13.82,1625449482.0,64.0
9.48,1625449482.0,64.0
5.27,1625449482.0,64.0
1.38,1625449482.0,64.0
-2.12,1625449482.0,64.0
-5.19,1625449482.0,64.0
-7.87,1625449482.0,64.0
-10.19,1625449482.0,64.0
-12.24,1625449482.0,64.0
-14.15,1625449482.0,64.0
-16.04,1625449482.0,64.0
-18.08,1625449482.0,64.0
-20.39,1625449482.0,64.0
-23.1,1625449482.0,64.0
-26.23,1625449482.0,64.0
-29.65,1625449482.0,64.0
-33.03,1625449482.0,64.0
-35.79,1625449482.0,64.0
-37.21,1625449482.0,64.0
-36.62,1625449482.0,64.0
-33.63,1625449482.0,64.0
-28.29,1625449482.0,64.0
-21.09,1625449482.0,64.0
-12.84,1625449482.0,64.0
-4.32,1625449482.0,64.0
3.84,1625449482.0,64.0
11.35,1625449482.0,64.0
18.1,1625449482.0,64.0
24.04,1625449482.0,64.0
28.96,1625449482.0,64.0
32.52,1625449482.0,64.0
34.45,1625449482.0,64.0
34.77,1625449482.0,64.0
33.91,1625449482.0,64.0
32.59,1625449482.0,64.0
31.58,1625449482.0,64.0
31.23,1625449482.0,64.0
31.45,1625449482.0,64.0
31.73,1625449482.0,64.0
31.44,1625449482.0,64.0
30.2,1625449482.0,64.0
27.97,1625449482.0,64.0
25.07,1625449482.0,64.0
21.86,1625449482.0,64.0
18.66,1625449482.0,64.0
15.55,1625449482.0,64.0
12.5,1625449482.0,64.0
9.47,1625449482.0,64.0
6.43,1625449482.0,64.0
3.43,1625449482.0,64.0
0.49,1625449482.0,64.0
-2.41,1625449482.0,64.0
-5.33,1625449482.0,64.0
-8.31,1625449482.0,64.0
-11.36,1625449482.0,64.0
-14.46,1625449482.0,64.0
-17.62,1625449482.0,64.0
-20.9,1625449482.0,64.0
-24.33,1625449482.0,64.0
-27.92,1625449482.0,64.0
-31.62,1625449482.0,64.0
-35.38,1625449482.0,64.0
-39.2,1625449482.0,64.0
-43.09,1625449482.0,64.0
-47.03,1625449482.0,64.0
-50.71,1625449482.0,64.0
-53.56,1625449482.0,64.0
-54.8,1625449482.0,64.0
-53.7,1625449482.0,64.0
-49.92,1625449482.0,64.0
-43.68,1625449482.0,64.0
-35.66,1625449482.0,64.0
-26.75,1625449482.0,64.0
-17.68,1625449482.0,64.0
-8.87,1625449482.0,64.0
-0.45,1625449482.0,64.0
7.46,1625449482.0,64.0
14.62,1625449482.0,64.0
20.59,1625449482.0,64.0
24.89,1625449482.0,64.0
27.24,1625449482.0,64.0
27.75,1625449482.0,64.0
26.9,1625449482.0,64.0
25.4,1625449482.0,64.0
23.9,1625449482.0,64.0
22.8,1625449482.0,64.0
22.22,1625449482.0,64.0
21.98,1625449482.0,64.0
21.77,1625449482.0,64.0
21.33,1625449482.0,64.0
20.55,1625449482.0,64.0
19.43,1625449482.0,64.0
18.06,1625449482.0,64.0
16.45,1625449482.0,64.0
14.59,1625449482.0,64.0
12.42,1625449482.0,64.0
9.94,1625449482.0,64.0
7.26,1625449482.0,64.0
4.57,1625449482.0,64.0
2.11,1625449482.0,64.0
-0.01,1625449482.0,64.0
-1.83,1625449482.0,64.0
-3.56,1625449482.0,64.0
-5.46,1625449482.0,64.0
-7.8,1625449482.0,64.0
-10.69,1625449482.0,64.0
-14.09,1625449482.0,64.0
-17.82,1625449482.0,64.0
-21.64,1625449482.0,64.0
-25.41,1625449482.0,64.0
-29.1,1625449482.0,64.0
-32.84,1625449482.0,64.0
-36.79,1625449482.0,64.0
-41.02,1625449482.0,64.0
-45.37,1625449482.0,64.0
-49.27,1625449482.0,64.0
-51.98,1625449482.0,64.0
-52.71,1625449482.0,64.0
-50.94,1625449482.0,64.0
-46.59,1625449482.0,64.0
-40.08,1625449482.0,64.0
-32.12,1625449482.0,64.0
-23.48,1625449482.0,64.0
-14.78,1625449482.0,64.0
-6.31,1625449482.0,64.0
1.81,1625449482.0,64.0
9.55,1625449482.0,64.0
16.72,1625449482.0,64.0
22.91,1625449482.0,64.0
27.68,1625449482.0,64.0
30.64,1625449482.0,64.0
31.82,1625449482.0,64.0
31.6,1625449482.0,64.0
30.67,1625449482.0,64.0
29.66,1625449482.0,64.0
28.96,1625449482.0,64.0
28.58,1625449482.0,64.0
28.23,1625449482.0,64.0
27.59,1625449482.0,64.0
26.47,1625449482.0,64.0
24.96,1625449482.0,64.0
23.27,1625449482.0,64.0
21.62,1625449482.0,64.0
20.02,1625449482.0,64.0
18.3,1625449482.0,64.0
16.22,1625449482.0,64.0
13.63,1625449482.0,64.0
10.6,1625449482.0,64.0
7.41,1625449482.0,64.0
4.41,1625449482.0,64.0
1.82,1625449482.0,64.0
-0.37,1625449482.0,64.0
-2.39,1625449482.0,64.0
-4.5,1625449482.0,64.0
-6.86,1625449482.0,64.0
-9.47,1625449482.0,64.0
-12.19,1625449482.0,64.0
-14.89,1625449482.0,64.0
-17.56,1625449482.0,64.0
-20.39,1625449482.0,64.0
-23.64,1625449482.0,64.0
-27.55,1625449482.0,64.0
-32.27,1625449482.0,64.0
-37.61,1625449482.0,64.0
-43.21,1625449482.0,64.0
-48.39,1625449482.0,64.0
-52.39,1625449482.0,64.0
-54.44,1625449482.0,64.0
-54.0,1625449482.0,64.0
-50.87,1625449482.0,64.0
-45.3,1625449482.0,64.0
-37.89,1625449482.0,64.0
-29.35,1625449482.0,64.0
-20.39,1625449482.0,64.0
-11.46,1625449482.0,64.0
-2.78,1625449482.0,64.0
5.48,1625449482.0,64.0
13.13,1625449482.0,64.0
19.78,1625449482.0,64.0
25.0,1625449482.0,64.0
28.49,1625449482.0,64.0
30.29,1625449482.0,64.0
30.8,1625449482.0,64.0
30.66,1625449482.0,64.0
30.46,1625449482.0,64.0
30.51,1625449482.0,64.0
30.8,1625449482.0,64.0
31.04,1625449482.0,64.0
30.96,1625449482.0,64.0
30.39,1625449482.0,64.0
29.38,1625449482.0,64.0
28.03,1625449482.0,64.0
26.42,1625449482.0,64.0
24.47,1625449482.0,64.0
22.03,1625449482.0,64.0
19.09,1625449482.0,64.0
15.75,1625449482.0,64.0
12.33,1625449482.0,64.0
9.15,1625449482.0,64.0
6.39,1625449482.0,64.0
4.01,1625449482.0,64.0
1.82,1625449482.0,64.0
-0.46,1625449482.0,64.0
-2.97,1625449482.0,64.0
-5.7,1625449482.0,64.0
-8.52,1625449482.0,64.0
-11.35,1625449482.0,64.0
-14.16,1625449482.0,64.0
-17.02,1625449482.0,64.0
-20.03,1625449482.0,64.0
-23.25,1625449482.0,64.0
-26.69,1625449482.0,64.0
-30.36,1625449482.0,64.0
-34.32,1625449482.0,64.0
-38.56,1625449482.0,64.0
-42.97,1625449482.0,64.0
-47.13,1625449482.0,64.0
-50.42,1625449482.0,64.0
-52.07,1625449482.0,64.0
-51.45,1625449482.0,64.0
-48.3,1625449482.0,64.0
-42.85,1625449482.0,64.0
-35.67,1625449482.0,64.0
-27.49,1625449482.0,64.0
-18.88,1625449482.0,64.0
-10.18,1625449482.0,64.0
-1.52,1625449482.0,64.0
6.99,1625449482.0,64.0
15.06,1625449482.0,64.0
22.18,1625449482.0,64.0
27.75,1625449482.0,64.0
31.38,1625449482.0,64.0
33.12,1625449482.0,64.0
33.45,1625449482.0,64.0
33.05,1625449482.0,64.0
32.6,1625449482.0,64.0
32.43,1625449482.0,64.0
32.49,1625449482.0,64.0
32.52,1625449482.0,64.0
32.23,1625449482.0,64.0
31.51,1625449482.0,64.0
30.4,1625449482.0,64.0
29.02,1625449482.0,64.0
27.4,1625449482.0,64.0
25.43,1625449482.0,64.0
22.97,1625449482.0,64.0
19.94,1625449482.0,64.0
16.48,1625449482.0,64.0
12.85,1625449482.0,64.0
9.34,1625449482.0,64.0
6.14,1625449482.0,64.0
3.32,1625449482.0,64.0
0.78,1625449482.0,64.0
-1.6,1625449482.0,64.0
-3.99,1625449482.0,64.0
-6.48,1625449482.0,64.0
-9.13,1625449482.0,64.0
-11.96,1625449482.0,64.0
-14.95,1625449482.0,64.0
-18.0,1625449482.0,64.0
-21.06,1625449482.0,64.0
-24.19,1625449482.0,64.0
-27.52,1625449482.0,64.0
-31.29,1625449482.0,64.0
-35.63,1625449482.0,64.0
-40.41,1625449482.0,64.0
-45.14,1625449482.0,64.0
-49.06,1625449482.0,64.0
-51.26,1625449482.0,64.0
-51.08,1625449482.0,64.0
-48.28,1625449482.0,64.0
-43.07,1625449482.0,64.0
-36.02,1625449482.0,64.0
-27.77,1625449482.0,64.0
-18.89,1625449482.0,64.0
-9.79,1625449482.0,64.0
-0.75,1625449482.0,64.0
7.85,1625449482.0,64.0
15.52,1625449482.0,64.0
21.71,1625449482.0,64.0
26.08,1625449482.0,64.0
28.63,1625449482.0,64.0
29.79,1625449482.0,64.0
30.22,1625449482.0,64.0
30.64,1625449482.0,64.0
31.45,1625449482.0,64.0
32.68,1625449482.0,64.0
34.03,1625449482.0,64.0
35.03,1625449482.0,64.0
35.32,1625449482.0,64.0
34.7,1625449482.0,64.0
33.23,1625449482.0,64.0
31.07,1625449482.0,64.0
28.45,1625449482.0,64.0
25.53,1625449482.0,64.0
22.39,1625449482.0,64.0
19.11,1625449482.0,64.0
15.74,1625449482.0,64.0
12.37,1625449482.0,64.0
9.08,1625449482.0,64.0
5.89,1625449482.0,64.0
2.78,1625449482.0,64.0
-0.31,1625449482.0,64.0
-3.42,1625449482.0,64.0
-6.51,1625449482.0,64.0
-9.49,1625449482.0,64.0
-12.26,1625449482.0,64.0
-14.78,1625449482.0,64.0
-17.11,1625449482.0,64.0
-19.43,1625449482.0,64.0
-21.92,1625449482.0,64.0
-24.77,1625449482.0,64.0
-28.0,1625449482.0,64.0
-31.42,1625449482.0,64.0
-34.63,1625449482.0,64.0
-37.08,1625449482.0,64.0
-38.15,1625449482.0,64.0
-37.29,1625449482.0,64.0
-34.3,1625449482.0,64.0
-29.31,1625449482.0,64.0
-22.82,1625449482.0,64.0
-15.55,1625449482.0,64.0
-8.18,1625449482.0,64.0
-1.23,1625449482.0,64.0
5.0,1625449482.0,64.0
10.38,1625449482.0,64.0
14.81,1625449482.0,64.0
18.16,1625449482.0,64.0
20.37,1625449482.0,64.0
21.48,1625449482.0,64.0
21.77,1625449482.0,64.0
21.69,1625449482.0,64.0
21.65,1625449482.0,64.0
21.94,1625449482.0,64.0
22.55,1625449482.0,64.0
23.19,1625449482.0,64.0
23.48,1625449482.0,64.0
23.14,1625449482.0,64.0
22.09,1625449482.0,64.0
20.52,1625449482.0,64.0
18.72,1625449482.0,64.0
16.97,1625449482.0,64.0
15.35,1625449482.0,64.0
13.82,1625449482.0,64.0
12.21,1625449482.0,64.0
10.41,1625449482.0,64.0
8.42,1625449482.0,64.0
6.34,1625449482.0,64.0
4.33,1625449482.0,64.0
2.43,1625449482.0,64.0
0.52,1625449482.0,64.0
-1.61,1625449482.0,64.0
-4.24,1625449482.0,64.0
-7.48,1625449482.0,64.0
-11.29,1625449482.0,64.0
-15.48,1625449482.0,64.0
-19.9,1625449482.0,64.0
-24.44,1625449482.0,64.0
-29.1,1625449482.0,64.0
-33.82,1625449482.0,64.0
-38.3,1625449482.0,64.0
-41.99,1625449482.0,64.0
-44.15,1625449482.0,64.0
-44.09,1625449482.0,64.0
-41.47,1625449482.0,64.0
-36.44,1625449482.0,64.0
-29.53,1625449482.0,64.0
-21.46,1625449482.0,64.0
-12.89,1625449482.0,64.0
-4.22,1625449482.0,64.0
4.27,1625449482.0,64.0
12.34,1625449482.0,64.0
19.63,1625449482.0,64.0
25.64,1625449482.0,64.0
29.91,1625449482.0,64.0
32.29,1625449482.0,64.0
33.03,1625449482.0,64.0
32.76,1625449482.0,64.0
32.25,1625449482.0,64.0
32.07,1625449482.0,64.0
32.38,1625449482.0,64.0
32.95,1625449482.0,64.0
33.26,1625449482.0,64.0
32.89,1625449482.0,64.0
31.59,1625449482.0,64.0
29.44,1625449482.0,64.0
26.71,1625449482.0,64.0
23.73,1625449482.0,64.0
20.73,1625449482.0,64.0
17.72,1625449482.0,64.0
14.6,1625449482.0,64.0
11.22,1625449482.0,64.0
7.52,1625449482.0,64.0
3.57,1625449482.0,64.0
-0.36,1625449482.0,64.0
-4.04,1625449482.0,64.0
-7.33,1625449482.0,64.0
-10.25,1625449482.0,64.0
-13.04,1625449482.0,64.0
-15.97,1625449482.0,64.0
-19.25,1625449482.0,64.0
-23.0,1625449482.0,64.0
-27.19,1625449482.0,64.0
-31.82,1625449482.0,64.0
-36.82,1625449482.0,64.0
-42.04,1625449482.0,64.0
-47.13,1625449482.0,64.0
-51.44,1625449482.0,64.0
-54.1,1625449482.0,64.0
-54.24,1625449482.0,64.0
-51.36,1625449482.0,64.0
-45.5,1625449482.0,64.0
-37.27,1625449482.0,64.0
-27.64,1625449482.0,64.0
-17.56,1625449482.0,64.0
-7.64,1625449482.0,64.0
1.85,1625449482.0,64.0
10.8,1625449482.0,64.0
19.06,1625449482.0,64.0
26.27,1625449482.0,64.0
31.95,1625449482.0,64.0
35.75,1625449482.0,64.0
37.63,1625449482.0,64.0
38.0,1625449482.0,64.0
37.48,1625449482.0,64.0
36.71,1625449482.0,64.0
36.03,1625449482.0,64.0
35.44,1625449482.0,64.0
34.7,1625449482.0,64.0
33.49,1625449482.0,64.0
31.69,1625449482.0,64.0
29.35,1625449482.0,64.0
26.66,1625449482.0,64.0
23.86,1625449482.0,64.0
21.04,1625449482.0,64.0
18.16,1625449482.0,64.0
15.11,1625449482.0,64.0
11.76,1625449482.0,64.0
8.11,1625449482.0,64.0
4.3,1625449482.0,64.0
0.57,1625449482.0,64.0
-2.84,1625449482.0,64.0
-5.76,1625449482.0,64.0
-8.15,1625449482.0,64.0
-10.14,1625449482.0,64.0
-11.97,1625449482.0,64.0
-13.95,1625449482.0,64.0
-16.39,1625449482.0,64.0
-19.45,1625449482.0,64.0
-23.24,1625449482.0,64.0
-27.73,1625449482.0,64.0
-32.72,1625449482.0,64.0
-37.86,1625449482.0,64.0
-42.51,1625449482.0,64.0
-45.93,1625449482.0,64.0
-47.32,1625449482.0,64.0
-46.14,1625449482.0,64.0
-42.18,1625449482.0,64.0
-35.77,1625449482.0,64.0
-27.57,1625449482.0,64.0
-18.32,1625449482.0,64.0
-8.73,1625449482.0,64.0
0.74,1625449482.0,64.0
9.77,1625449482.0,64.0
18.04,1625449482.0,64.0
25.15,1625449482.0,64.0
30.67,1625449482.0,64.0
34.27,1625449482.0,64.0
35.93,1625449482.0,64.0
36.04,1625449482.0,64.0
35.22,1625449482.0,64.0
34.2,1625449482.0,64.0
33.49,1625449482.0,64.0
33.21,1625449482.0,64.0
33.11,1625449482.0,64.0
32.75,1625449482.0,64.0
31.74,1625449482.0,64.0
29.92,1625449482.0,64.0
27.36,1625449482.0,64.0
24.29,1625449482.0,64.0
20.97,1625449482.0,64.0
17.54,1625449482.0,64.0
14.05,1625449482.0,64.0
10.51,1625449482.0,64.0
7.0,1625449482.0,64.0
3.69,1625449482.0,64.0
0.74,1625449482.0,64.0
-1.73,1625449482.0,64.0
-3.74,1625449482.0,64.0
-5.46,1625449482.0,64.0
-7.09,1625449482.0,64.0
-8.86,1625449482.0,64.0
-10.9,1625449482.0,64.0
-13.22,1625449482.0,64.0
-15.79,1625449482.0,64.0
-18.56,1625449482.0,64.0
-21.59,1625449482.0,64.0
-24.99,1625449482.0,64.0
-28.83,1625449482.0,64.0
-33.02,1625449482.0,64.0
-37.22,1625449482.0,64.0
-40.8,1625449482.0,64.0
-42.98,1625449482.0,64.0
-43.05,1625449482.0,64.0
-40.55,1625449482.0,64.0
-35.5,1625449482.0,64.0
-28.3,1625449482.0,64.0
-19.68,1625449482.0,64.0
-10.39,1625449482.0,64.0
-1.04,1625449482.0,64.0
7.94,1625449482.0,64.0
16.27,1625449482.0,64.0
23.65,1625449482.0,64.0
29.76,1625449482.0,64.0
34.23,1625449482.0,64.0
36.87,1625449482.0,64.0
37.74,1625449482.0,64.0
37.31,1625449482.0,64.0
36.23,1625449482.0,64.0
35.15,1625449482.0,64.0
34.44,1625449482.0,64.0
34.03,1625449482.0,64.0
33.63,1625449482.0,64.0
32.85,1625449482.0,64.0
31.44,1625449482.0,64.0
29.41,1625449482.0,64.0
26.96,1625449482.0,64.0
24.31,1625449482.0,64.0
21.59,1625449482.0,64.0
18.84,1625449482.0,64.0
15.99,1625449482.0,64.0
13.05,1625449482.0,64.0
10.04,1625449482.0,64.0
7.07,1625449482.0,64.0
4.23,1625449482.0,64.0
1.6,1625449482.0,64.0
-0.85,1625449482.0,64.0
-3.24,1625449482.0,64.0
-5.65,1625449482.0,64.0
-8.17,1625449482.0,64.0
-10.83,1625449482.0,64.0
-13.64,1625449482.0,64.0
-16.57,1625449482.0,64.0
-19.66,1625449482.0,64.0
-22.91,1625449482.0,64.0
-26.39,1625449482.0,64.0
-30.14,1625449482.0,64.0
-34.15,1625449482.0,64.0
-38.28,1625449482.0,64.0
-42.17,1625449482.0,64.0
-45.27,1625449482.0,64.0
-46.87,1625449482.0,64.0
-46.33,1625449482.0,64.0
-43.33,1625449482.0,64.0
-37.91,1625449482.0,64.0
-30.62,1625449482.0,64.0
-22.14,1625449482.0,64.0
-13.21,1625449482.0,64.0
-4.34,1625449482.0,64.0
4.17,1625449482.0,64.0
12.09,1625449482.0,64.0
19.12,1625449482.0,64.0
24.89,1625449482.0,64.0
29.02,1625449482.0,64.0
31.38,1625449482.0,64.0
32.23,1625449482.0,64.0
32.1,1625449482.0,64.0
31.69,1625449482.0,64.0
31.51,1625449482.0,64.0
31.74,1625449482.0,64.0
32.15,1625449482.0,64.0
32.37,1625449482.0,64.0
32.04,1625449482.0,64.0
31.03,1625449482.0,64.0
29.41,1625449482.0,64.0
27.39,1625449482.0,64.0
25.15,1625449482.0,64.0
22.76,1625449482.0,64.0
20.18,1625449482.0,64.0
17.42,1625449482.0,64.0
14.56,1625449482.0,64.0
11.81,1625449482.0,64.0
9.32,1625449482.0,64.0
7.18,1625449482.0,64.0
5.28,1625449482.0,64.0
3.38,1625449482.0,64.0
1.31,1625449482.0,64.0
-0.97,1625449482.0,64.0
-3.36,1625449482.0,64.0
-5.66,1625449482.0,64.0
-7.76,1625449482.0,64.0
-9.72,1625449482.0,64.0
-11.72,1625449482.0,64.0
-14.03,1625449482.0,64.0
-16.85,1625449482.0,64.0
-20.22,1625449482.0,64.0
-24.12,1625449482.0,64.0
-28.45,1625449482.0,64.0
-33.05,1625449482.0,64.0
-37.66,1625449482.0,64.0
-41.87,1625449482.0,64.0
-45.03,1625449482.0,64.0
-46.44,1625449482.0,64.0
-45.56,1625449482.0,64.0
-42.17,1625449482.0,64.0
-36.54,1625449482.0,64.0
-29.35,1625449482.0,64.0
-21.41,1625449482.0,64.0
-13.41,1625449482.0,64.0
-5.76,1625449482.0,64.0
1.44,1625449482.0,64.0
8.19,1625449482.0,64.0
14.36,1625449482.0,64.0
19.68,1625449482.0,64.0
23.73,1625449482.0,64.0
26.28,1625449482.0,64.0
27.44,1625449482.0,64.0
27.65,1625449482.0,64.0
27.57,1625449482.0,64.0
27.77,1625449482.0,64.0
28.42,1625449482.0,64.0
29.29,1625449482.0,64.0
29.93,1625449482.0,64.0
29.86,1625449482.0,64.0
28.9,1625449482.0,64.0
27.17,1625449482.0,64.0
24.93,1625449482.0,64.0
22.45,1625449482.0,64.0
19.89,1625449482.0,64.0
17.28,1625449482.0,64.0
14.57,1625449482.0,64.0
11.8,1625449482.0,64.0
9.08,1625449482.0,64.0
6.52,1625449482.0,64.0
4.17,1625449482.0,64.0
1.95,1625449482.0,64.0
-0.33,1625449482.0,64.0
-2.84,1625449482.0,64.0
-5.65,1625449482.0,64.0
-8.72,1625449482.0,64.0
-11.86,1625449482.0,64.0
-14.91,1625449482.0,64.0
-17.77,1625449482.0,64.0
-20.49,1625449482.0,64.0
-23.22,1625449482.0,64.0
-26.22,1625449482.0,64.0
-29.67,1625449482.0,64.0
-33.61,1625449482.0,64.0
-37.82,1625449482.0,64.0
-41.81,1625449482.0,64.0
-44.92,1625449482.0,64.0
-46.43,1625449482.0,64.0
-45.76,1625449482.0,64.0
-42.65,1625449482.0,64.0
-37.24,1625449482.0,64.0
-30.03,1625449482.0,64.0
-21.73,1625449482.0,64.0
-13.08,1625449482.0,64.0
-4.65,1625449482.0,64.0
3.19,1625449482.0,64.0
10.17,1625449482.0,64.0
16.12,1625449482.0,64.0
20.87,1625449482.0,64.0
24.24,1625449482.0,64.0
26.22,1625449482.0,64.0
27.04,1625449482.0,64.0
27.13,1625449482.0,64.0
27.06,1625449482.0,64.0
27.26,1625449482.0,64.0
27.91,1625449482.0,64.0
28.88,1625449482.0,64.0
29.81,1625449482.0,64.0
30.3,1625449482.0,64.0
30.08,1625449482.0,64.0
29.03,1625449482.0,64.0
27.18,1625449482.0,64.0
24.65,1625449482.0,64.0
21.52,1625449482.0,64.0
17.96,1625449482.0,64.0
14.11,1625449482.0,64.0
10.16,1625449482.0,64.0
6.37,1625449482.0,64.0
2.89,1625449482.0,64.0
-0.19,1625449482.0,64.0
-2.96,1625449482.0,64.0
-5.5,1625449482.0,64.0
-7.97,1625449482.0,64.0
-10.48,1625449482.0,64.0
-13.07,1625449482.0,64.0
-15.83,1625449482.0,64.0
-18.77,1625449482.0,64.0
-21.91,1625449482.0,64.0
-25.26,1625449482.0,64.0
-28.79,1625449482.0,64.0
-32.52,1625449482.0,64.0
-36.37,1625449482.0,64.0
-40.17,1625449482.0,64.0
-43.55,1625449482.0,64.0
-45.96,1625449482.0,64.0
-46.76,1625449482.0,64.0
-45.45,1625449482.0,64.0
-41.87,1625449482.0,64.0
-36.22,1625449482.0,64.0
-29.07,1625449482.0,64.0
-21.05,1625449482.0,64.0
-12.69,1625449482.0,64.0
-4.3,1625449482.0,64.0
3.89,1625449482.0,64.0
11.65,1625449482.0,64.0
18.53,1625449482.0,64.0
23.97,1625449482.0,64.0
27.45,1625449482.0,64.0
28.72,1625449482.0,64.0
28.01,1625449482.0,64.0
25.96,1625449482.0,64.0
23.47,1625449482.0,64.0
21.37,1625449482.0,64.0
20.2,1625449482.0,64.0
20.02,1625449482.0,64.0
20.57,1625449482.0,64.0
21.42,1625449482.0,64.0
22.09,1625449482.0,64.0
22.28,1625449482.0,64.0
21.83,1625449482.0,64.0
20.77,1625449482.0,64.0
19.25,1625449482.0,64.0
17.46,1625449482.0,64.0
15.58,1625449482.0,64.0
13.67,1625449482.0,64.0
11.76,1625449482.0,64.0
9.76,1625449482.0,64.0
7.56,1625449482.0,64.0
5.1,1625449482.0,64.0
2.35,1625449482.0,64.0
-0.66,1625449482.0,64.0
-3.95,1625449482.0,64.0
-7.54,1625449482.0,64.0
-11.44,1625449482.0,64.0
-15.61,1625449482.0,64.0
-19.94,1625449482.0,64.0
-24.31,1625449482.0,64.0
-28.66,1625449482.0,64.0
-33.04,1625449482.0,64.0
-37.53,1625449482.0,64.0
-42.1,1625449482.0,64.0
-46.37,1625449482.0,64.0
-49.71,1625449482.0,64.0
-51.28,1625449482.0,64.0
-50.46,1625449482.0,64.0
-47.02,1625449482.0,64.0
-41.29,1625449482.0,64.0
-33.97,1625449482.0,64.0
-25.8,1625449482.0,64.0
-17.32,1625449482.0,64.0
-8.75,1625449482.0,64.0
-0.18,1625449482.0,64.0
8.27,1625449482.0,64.0
16.23,1625449482.0,64.0
23.19,1625449482.0,64.0
28.65,1625449482.0,64.0
32.39,1625449482.0,64.0
34.49,1625449482.0,64.0
35.37,1625449482.0,64.0
35.53,1625449482.0,64.0
35.39,1625449482.0,64.0
35.21,1625449482.0,64.0
34.96,1625449482.0,64.0
34.54,1625449482.0,64.0
33.75,1625449482.0,64.0
32.4,1625449482.0,64.0
30.4,1625449482.0,64.0
27.73,1625449482.0,64.0
24.52,1625449482.0,64.0
20.93,1625449482.0,64.0
17.18,1625449482.0,64.0
13.43,1625449482.0,64.0
9.79,1625449482.0,64.0
6.36,1625449482.0,64.0
3.15,1625449482.0,64.0
0.23,1625449482.0,64.0
-2.42,1625449482.0,64.0
-4.83,1625449482.0,64.0
-7.11,1625449482.0,64.0
-9.42,1625449482.0,64.0
-11.94,1625449482.0,64.0
-14.81,1625449482.0,64.0
-18.02,1625449482.0,64.0
-21.5,1625449482.0,64.0
-25.11,1625449482.0,64.0
-28.76,1625449482.0,64.0
-32.45,1625449482.0,64.0
-36.24,1625449482.0,64.0
-40.16,1625449482.0,64.0
-44.05,1625449482.0,64.0
-47.46,1625449482.0,64.0
-49.72,1625449482.0,64.0
-50.16,1625449482.0,64.0
-48.26,1625449482.0,64.0
-43.97,1625449482.0,64.0
-37.69,1625449482.0,64.0
-30.06,1625449482.0,64.0
-21.81,1625449482.0,64.0
-13.47,1625449482.0,64.0
-5.29,1625449482.0,64.0
2.57,1625449482.0,64.0
9.96,1625449482.0,64.0
16.61,1625449482.0,64.0
22.17,1625449482.0,64.0
26.35,1625449482.0,64.0
29.1,1625449482.0,64.0
30.63,1625449482.0,64.0
31.38,1625449482.0,64.0
31.79,1625449482.0,64.0
32.18,1625449482.0,64.0
32.66,1625449482.0,64.0
33.1,1625449482.0,64.0
33.29,1625449482.0,64.0
32.98,1625449482.0,64.0
32.05,1625449482.0,64.0
30.47,1625449482.0,64.0
28.34,1625449482.0,64.0
25.71,1625449482.0,64.0
22.69,1625449482.0,64.0
19.34,1625449482.0,64.0
15.72,1625449482.0,64.0
11.88,1625449482.0,64.0
7.92,1625449482.0,64.0
3.94,1625449482.0,64.0
0.09,1625449482.0,64.0
-3.46,1625449482.0,64.0
-6.56,1625449482.0,64.0
-9.17,1625449482.0,64.0
-11.39,1625449482.0,64.0
-13.42,1625449482.0,64.0
-15.53,1625449482.0,64.0
-17.93,1625449482.0,64.0
-20.75,1625449482.0,64.0
-24.02,1625449482.0,64.0
-27.7,1625449482.0,64.0
-31.73,1625449482.0,64.0
-35.99,1625449482.0,64.0
-40.2,1625449482.0,64.0
-43.85,1625449482.0,64.0
-46.23,1625449482.0,64.0
-46.59,1625449482.0,64.0
-44.41,1625449482.0,64.0
-39.62,1625449482.0,64.0
-32.66,1625449482.0,64.0
-24.27,1625449482.0,64.0
-15.33,1625449482.0,64.0
-6.47,1625449482.0,64.0
1.9,1625449482.0,64.0
9.59,1625449482.0,64.0
16.47,1625449482.0,64.0
22.3,1625449482.0,64.0
26.77,1625449482.0,64.0
29.61,1625449482.0,64.0
30.81,1625449482.0,64.0
30.68,1625449482.0,64.0
29.8,1625449482.0,64.0
28.83,1625449482.0,64.0
28.22,1625449482.0,64.0
28.11,1625449482.0,64.0
28.28,1625449482.0,64.0
28.35,1625449482.0,64.0
27.95,1625449482.0,64.0
26.91,1625449482.0,64.0
25.23,1625449482.0,64.0
23.08,1625449482.0,64.0
20.57,1625449482.0,64.0
17.78,1625449482.0,64.0
14.73,1625449482.0,64.0
11.43,1625449482.0,64.0
7.98,1625449482.0,64.0
4.49,1625449482.0,64.0
1.14,1625449482.0,64.0
-2.0,1625449482.0,64.0
-4.93,1625449482.0,64.0
-7.67,1625449482.0,64.0
-10.33,1625449482.0,64.0
-12.97,1625449482.0,64.0
-15.66,1625449482.0,64.0
-18.42,1625449482.0,64.0
-21.26,1625449482.0,64.0
-24.18,1625449482.0,64.0
-27.23,1625449482.0,64.0
-30.49,1625449482.0,64.0
-34.03,1625449482.0,64.0
-37.85,1625449482.0,64.0
-41.74,1625449482.0,64.0
-45.22,1625449482.0,64.0
-47.6,1625449482.0,64.0
-48.09,1625449482.0,64.0
-46.14,1625449482.0,64.0
-41.61,1625449482.0,64.0
-34.81,1625449482.0,64.0
-26.39,1625449482.0,64.0
-17.18,1625449482.0,64.0
-7.82,1625449482.0,64.0
1.21,1625449482.0,64.0
9.62,1625449482.0,64.0
17.16,1625449482.0,64.0
23.51,1625449482.0,64.0
28.33,1625449482.0,64.0
31.42,1625449482.0,64.0
32.87,1625449482.0,64.0
33.09,1625449482.0,64.0
32.74,1625449482.0,64.0
32.41,1625449482.0,64.0
32.4,1625449482.0,64.0
32.62,1625449482.0,64.0
32.72,1625449482.0,64.0
32.29,1625449482.0,64.0
31.06,1625449482.0,64.0
29.06,1625449482.0,64.0
26.48,1625449482.0,64.0
23.58,1625449482.0,64.0
20.56,1625449482.0,64.0
17.48,1625449482.0,64.0
14.36,1625449482.0,64.0
11.22,1625449482.0,64.0
8.16,1625449482.0,64.0
5.28,1625449482.0,64.0
2.72,1625449482.0,64.0
0.52,1625449482.0,64.0
-1.32,1625449482.0,64.0
-2.88,1625449482.0,64.0
-4.29,1625449482.0,64.0
-5.68,1625449482.0,64.0
-7.22,1625449482.0,64.0
-9.05,1625449482.0,64.0
-11.28,1625449482.0,64.0
-13.97,1625449482.0,64.0
-17.15,1625449482.0,64.0
-20.82,1625449482.0,64.0
-24.92,1625449482.0,64.0
-29.3,1625449482.0,64.0
-33.59,1625449482.0,64.0
-37.22,1625449482.0,64.0
-39.52,1625449482.0,64.0
-39.84,1625449482.0,64.0
-37.78,1625449482.0,64.0
-33.36,1625449482.0,64.0
-27.04,1625449482.0,64.0
-19.55,1625449482.0,64.0
-11.68,1625449482.0,64.0
-4.03,1625449482.0,64.0
3.07,1625449482.0,64.0
9.51,1625449482.0,64.0
15.23,1625449482.0,64.0
20.12,1625449482.0,64.0
23.98,1625449482.0,64.0
26.59,1625449482.0,64.0
27.94,1625449482.0,64.0
28.27,1625449482.0,64.0
28.02,1625449482.0,64.0
27.69,1625449482.0,64.0
27.6,1625449482.0,64.0
27.78,1625449482.0,64.0
28.02,1625449482.0,64.0
28.02,1625449482.0,64.0
27.52,1625449482.0,64.0
26.47,1625449482.0,64.0
24.98,1625449482.0,64.0
23.27,1625449482.0,64.0
21.52,1625449482.0,64.0
19.83,1625449482.0,64.0
18.16,1625449482.0,64.0
16.41,1625449482.0,64.0
14.47,1625449482.0,64.0
12.31,1625449482.0,64.0
10.01,1625449482.0,64.0
7.71,1625449482.0,64.0
5.5,1625449482.0,64.0
3.41,1625449482.0,64.0
1.35,1625449482.0,64.0
-0.86,1625449482.0,64.0
-3.35,1625449482.0,64.0
-6.16,1625449482.0,64.0
-9.24,1625449482.0,64.0
-12.51,1625449482.0,64.0
-15.9,1625449482.0,64.0
-19.43,1625449482.0,64.0
-23.03,1625449482.0,64.0
-26.56,1625449482.0,64.0
-29.62,1625449482.0,64.0
-31.6,1625449482.0,64.0
-31.92,1625449482.0,64.0
-30.12,1625449482.0,64.0
-26.16,1625449482.0,64.0
-20.37,1625449482.0,64.0
-13.35,1625449482.0,64.0
-5.76,1625449482.0,64.0
1.84,1625449482.0,64.0
9.03,1625449482.0,64.0
15.52,1625449482.0,64.0
21.02,1625449482.0,64.0
25.23,1625449482.0,64.0
27.91,1625449482.0,64.0
29.05,1625449482.0,64.0
28.94,1625449482.0,64.0
28.19,1625449482.0,64.0
27.43,1625449482.0,64.0
27.13,1625449482.0,64.0
27.34,1625449482.0,64.0
27.74,1625449482.0,64.0
27.83,1625449482.0,64.0
27.23,1625449482.0,64.0
25.85,1625449482.0,64.0
23.87,1625449482.0,64.0
21.62,1625449482.0,64.0
19.3,1625449482.0,64.0
16.94,1625449482.0,64.0
14.4,1625449482.0,64.0
11.51,1625449482.0,64.0
8.28,1625449482.0,64.0
4.86,1625449482.0,64.0
1.53,1625449482.0,64.0
-1.46,1625449482.0,64.0
-4.01,1625449482.0,64.0
-6.15,1625449482.0,64.0
-8.05,1625449482.0,64.0
-9.91,1625449482.0,64.0
-11.9,1625449482.0,64.0
-14.16,1625449482.0,64.0
-16.86,1625449482.0,64.0
-20.19,1625449482.0,64.0
-24.28,1625449482.0,64.0
-29.12,1625449482.0,64.0
-34.34,1625449482.0,64.0
-39.24,1625449482.0,64.0
-42.89,1625449482.0,64.0
-44.39,1625449482.0,64.0
-43.21,1625449482.0,64.0
-39.37,1625449482.0,64.0
-33.42,1625449482.0,64.0
-26.15,1625449482.0,64.0
-18.33,1625449482.0,64.0
-10.46,1625449482.0,64.0
-2.78,1625449482.0,64.0
4.64,1625449482.0,64.0
11.57,1625449482.0,64.0
17.66,1625449482.0,64.0
22.47,1625449482.0,64.0
25.65,1625449482.0,64.0
27.22,1625449482.0,64.0
27.58,1625449482.0,64.0
27.37,1625449482.0,64.0
27.17,1625449482.0,64.0
27.31,1625449482.0,64.0
27.65,1625449482.0,64.0
27.82,1625449482.0,64.0
27.41,1625449482.0,64.0
26.22,1625449482.0,64.0
24.37,1625449482.0,64.0
22.13,1625449482.0,64.0
19.84,1625449482.0,64.0
17.65,1625449482.0,64.0
15.47,1625449482.0,64.0
13.09,1625449482.0,64.0
10.35,1625449482.0,64.0
7.21,1625449482.0,64.0
3.87,1625449482.0,64.0
0.61,1625449482.0,64.0
-2.33,1625449482.0,64.0
-4.91,1625449482.0,64.0
-7.32,1625449482.0,64.0
-9.82,1625449482.0,64.0
-12.67,1625449482.0,64.0
-15.95,1625449482.0,64.0
-19.61,1625449482.0,64.0
-23.52,1625449482.0,64.0
-27.61,1625449482.0,64.0
-31.89,1625449482.0,64.0
-36.34,1625449482.0,64.0
-40.73,1625449482.0,64.0
-44.5,1625449482.0,64.0
-46.85,1625449482.0,64.0
-46.91,1625449482.0,64.0
-44.12,1625449482.0,64.0
-38.47,1625449482.0,64.0
-30.49,1625449482.0,64.0
-21.1,1625449482.0,64.0
-11.25,1625449482.0,64.0
-1.57,1625449482.0,64.0
7.68,1625449482.0,64.0
16.48,1625449482.0,64.0
24.76,1625449482.0,64.0
32.23,1625449482.0,64.0
38.34,1625449482.0,64.0
42.6,1625449482.0,64.0
44.8,1625449482.0,64.0
45.28,1625449482.0,64.0
44.77,1625449482.0,64.0
44.05,1625449482.0,64.0
43.53,1625449482.0,64.0
43.11,1625449482.0,64.0
42.26,1625449482.0,64.0
40.37,1625449482.0,64.0
37.18,1625449482.0,64.0
32.87,1625449482.0,64.0
27.97,1625449482.0,64.0
23.06,1625449482.0,64.0
18.47,1625449482.0,64.0
14.24,1625449482.0,64.0
10.19,1625449482.0,64.0
6.1,1625449482.0,64.0
1.92,1625449482.0,64.0
-2.21,1625449482.0,64.0
-6.06,1625449482.0,64.0
-9.47,1625449482.0,64.0
-12.47,1625449482.0,64.0
-15.34,1625449482.0,64.0
-18.47,1625449482.0,64.0
-22.23,1625449482.0,64.0
-26.7,1625449482.0,64.0
-31.6,1625449482.0,64.0
-36.26,1625449482.0,64.0
-39.99,1625449482.0,64.0
-42.34,1625449482.0,64.0
-43.38,1625449482.0,64.0
-43.7,1625449482.0,64.0
-44.0,1625449482.0,64.0
-44.61,1625449482.0,64.0
-45.18,1625449482.0,64.0
-44.74,1625449482.0,64.0
-42.12,1625449482.0,64.0
-36.65,1625449482.0,64.0
-28.47,1625449482.0,64.0
-18.53,1625449482.0,64.0
-8.12,1625449482.0,64.0
1.68,1625449482.0,64.0
10.39,1625449482.0,64.0
18.03,1625449482.0,64.0
24.77,1625449482.0,64.0
30.6,1625449482.0,64.0
35.28,1625449482.0,64.0
38.49,1625449482.0,64.0
40.1,1625449482.0,64.0
40.37,1625449482.0,64.0
39.78,1625449482.0,64.0
38.92,1625449482.0,64.0
38.05,1625449482.0,64.0
37.13,1625449482.0,64.0
35.95,1625449482.0,64.0
34.28,1625449482.0,64.0
32.07,1625449482.0,64.0
29.49,1625449482.0,64.0
26.74,1625449482.0,64.0
23.93,1625449482.0,64.0
20.95,1625449482.0,64.0
17.58,1625449482.0,64.0
13.61,1625449482.0,64.0
9.12,1625449482.0,64.0
4.42,1625449482.0,64.0
0.01,1625449482.0,64.0
-3.76,1625449482.0,64.0
-6.9,1625449482.0,64.0
-9.87,1625449482.0,64.0
-13.35,1625449482.0,64.0
-17.81,1625449482.0,64.0
-23.2,1625449482.0,64.0
-28.82,1625449482.0,64.0
-33.66,1625449482.0,64.0
-37.0,1625449482.0,64.0
-38.87,1625449482.0,64.0
-40.13,1625449482.0,64.0
-42.11,1625449482.0,64.0
-45.81,1625449482.0,64.0
-51.14,1625449482.0,64.0
-56.88,1625449482.0,64.0
-61.12,1625449482.0,64.0
-61.89,1625449482.0,64.0
-58.43,1625449482.0,64.0
-51.31,1625449482.0,64.0
-41.94,1625449482.0,64.0
-31.73,1625449482.0,64.0
-21.26,1625449482.0,64.0
-10.41,1625449482.0,64.0
0.62,1625449482.0,64.0
10.61,1625449482.0,64.0
17.55,1625449482.0,64.0
19.84,1625449482.0,64.0
17.71,1625449482.0,64.0
13.67,1625449482.0,64.0
11.33,1625449482.0,64.0
13.23,1625449482.0,64.0
19.04,1625449482.0,64.0
25.51,1625449482.0,64.0
28.49,1625449482.0,64.0
25.76,1625449482.0,64.0
18.65,1625449482.0,64.0
11.43,1625449482.0,64.0
8.49,1625449482.0,64.0
11.46,1625449482.0,64.0
18.02,1625449482.0,64.0
23.36,1625449482.0,64.0
23.16,1625449482.0,64.0
16.35,1625449482.0,64.0
5.51,1625449482.0,64.0
-4.85,1625449482.0,64.0
-10.78,1625449482.0,64.0
-11.17,1625449482.0,64.0
-8.25,1625449482.0,64.0
-5.77,1625449482.0,64.0
-7.05,1625449482.0,64.0
-13.07,1625449482.0,64.0
-22.12,1625449482.0,64.0
-31.06,1625449482.0,64.0
-37.07,1625449482.0,64.0
-39.04,1625449482.0,64.0
-38.02,1625449482.0,64.0
-36.42,1625449482.0,64.0
-36.56,1625449482.0,64.0
-39.41,1625449482.0,64.0
-44.02,1625449482.0,64.0
-48.02,1625449482.0,64.0
-48.82,1625449482.0,64.0
-44.92,1625449482.0,64.0
-36.61,1625449482.0,64.0
-25.8,1625449482.0,64.0
-14.99,1625449482.0,64.0
-6.07,1625449482.0,64.0
0.35,1625449482.0,64.0
4.94,1625449482.0,64.0
8.93,1625449482.0,64.0
13.24,1625449482.0,64.0
17.93,1625449482.0,64.0
22.28,1625449482.0,64.0
25.32,1625449482.0,64.0
26.42,1625449482.0,64.0
25.76,1625449482.0,64.0
24.2,1625449482.0,64.0
22.94,1625449482.0,64.0
22.9,1625449482.0,64.0
24.36,1625449482.0,64.0
26.88,1625449482.0,64.0
29.53,1625449482.0,64.0
31.28,1625449482.0,64.0
31.39,1625449482.0,64.0
29.67,1625449482.0,64.0
26.43,1625449482.0,64.0
22.33,1625449482.0,64.0
18.07,1625449482.0,64.0
14.06,1625449482.0,64.0
10.4,1625449482.0,64.0
6.84,1625449482.0,64.0
3.08,1625449482.0,64.0
-1.08,1625449482.0,64.0
-5.53,1625449482.0,64.0
-9.91,1625449482.0,64.0
-13.78,1625449482.0,64.0
-16.81,1625449482.0,64.0
-18.98,1625449482.0,64.0
-20.55,1625449482.0,64.0
-21.94,1625449482.0,64.0
-23.6,1625449482.0,64.0
-25.77,1625449482.0,64.0
-28.39,1625449482.0,64.0
-31.06,1625449482.0,64.0
-33.13,1625449482.0,64.0
-33.91,1625449482.0,64.0
-32.87,1625449482.0,64.0
-29.86,1625449482.0,64.0
-25.14,1625449482.0,64.0
-19.21,1625449482.0,64.0
-12.67,1625449482.0,64.0
-6.02,1625449482.0,64.0
0.34,1625449482.0,64.0
6.08,1625449482.0,64.0
10.87,1625449482.0,64.0
14.37,1625449482.0,64.0
16.42,1625449482.0,64.0
17.13,1625449482.0,64.0
17.01,1625449482.0,64.0
16.81,1625449482.0,64.0
17.25,1625449482.0,64.0
18.69,1625449482.0,64.0
21.01,1625449482.0,64.0
23.64,1625449482.0,64.0
25.8,1625449482.0,64.0
26.81,1625449482.0,64.0
26.35,1625449482.0,64.0
24.57,1625449482.0,64.0
22.12,1625449482.0,64.0
19.78,1625449482.0,64.0
18.23,1625449482.0,64.0
17.74,1625449482.0,64.0
18.11,1625449482.0,64.0
18.73,1625449482.0,64.0
18.81,1625449482.0,64.0
17.69,1625449482.0,64.0
15.02,1625449482.0,64.0
10.87,1625449482.0,64.0
5.59,1625449482.0,64.0
-0.33,1625449482.0,64.0
-6.45,1625449482.0,64.0
-12.46,1625449482.0,64.0
-18.16,1625449482.0,64.0
-23.35,1625449482.0,64.0
-27.81,1625449482.0,64.0
-31.24,1625449482.0,64.0
-33.3,1625449482.0,64.0
-33.75,1625449482.0,64.0
-32.54,1625449482.0,64.0
-29.79,1625449482.0,64.0
-25.71,1625449482.0,64.0
-20.51,1625449482.0,64.0
-14.29,1625449482.0,64.0
-7.13,1625449482.0,64.0
0.78,1625449482.0,64.0
9.02,1625449482.0,64.0
16.86,1625449482.0,64.0
23.42,1625449482.0,64.0
28.01,1625449482.0,64.0
30.33,1625449482.0,64.0
30.66,1625449482.0,64.0
29.74,1625449482.0,64.0
28.48,1625449482.0,64.0
27.59,1625449482.0,64.0
27.38,1625449482.0,64.0
27.81,1625449482.0,64.0
28.62,1625449482.0,64.0
29.56,1625449482.0,64.0
30.42,1625449482.0,64.0
31.07,1625449482.0,64.0
31.33,1625449482.0,64.0
31.0,1625449482.0,64.0
29.82,1625449482.0,64.0
27.74,1625449482.0,64.0
24.87,1625449482.0,64.0
21.57,1625449482.0,64.0
18.34,1625449482.0,64.0
15.61,1625449482.0,64.0
13.61,1625449482.0,64.0
12.27,1625449482.0,64.0
11.22,1625449482.0,64.0
9.92,1625449482.0,64.0
7.82,1625449482.0,64.0
4.53,1625449482.0,64.0
0.0,1625449482.0,64.0
-5.47,1625449482.0,64.0
-11.32,1625449482.0,64.0
-16.75,1625449482.0,64.0
-21.02,1625449482.0,64.0
-23.45,1625449482.0,64.0
-23.63,1625449482.0,64.0
-21.44,1625449482.0,64.0
-17.06,1625449482.0,64.0
-10.96,1625449482.0,64.0
-3.75,1625449482.0,64.0
3.91,1625449482.0,64.0
11.49,1625449482.0,64.0
18.56,1625449482.0,64.0
24.81,1625449482.0,64.0
29.88,1625449482.0,64.0
33.43,1625449482.0,64.0
35.18,1625449482.0,64.0
35.09,1625449482.0,64.0
33.55,1625449482.0,64.0
31.27,1625449482.0,64.0
29.11,1625449482.0,64.0
27.71,1625449482.0,64.0
27.2,1625449482.0,64.0
27.24,1625449482.0,64.0
27.19,1625449482.0,64.0
26.47,1625449482.0,64.0
24.82,1625449482.0,64.0
22.4,1625449482.0,64.0
19.59,1625449482.0,64.0
16.74,1625449482.0,64.0
13.96,1625449482.0,64.0
11.08,1625449482.0,64.0
7.83,1625449482.0,64.0
4.04,1625449482.0,64.0
-0.21,1625449482.0,64.0
-4.61,1625449482.0,64.0
-8.77,1625449482.0,64.0
-12.43,1625449482.0,64.0
-15.69,1625449482.0,64.0
-18.9,1625449482.0,64.0
-22.53,1625449482.0,64.0
-26.96,1625449482.0,64.0
-32.26,1625449482.0,64.0
-38.24,1625449482.0,64.0
-44.45,1625449482.0,64.0
-50.33,1625449482.0,64.0
-55.27,1625449482.0,64.0
-58.69,1625449482.0,64.0
-60.09,1625449482.0,64.0
-59.04,1625449482.0,64.0
-55.44,1625449482.0,64.0
-49.48,1625449482.0,64.0
-41.68,1625449482.0,64.0
-32.74,1625449482.0,64.0
-23.37,1625449482.0,64.0
-14.06,1625449482.0,64.0
-5.07,1625449482.0,64.0
3.47,1625449482.0,64.0
11.4,1625449482.0,64.0
18.44,1625449482.0,64.0
24.24,1625449482.0,64.0
28.46,1625449482.0,64.0
30.98,1625449482.0,64.0
32.07,1625449482.0,64.0
32.23,1625449482.0,64.0
32.07,1625449482.0,64.0
32.06,1625449482.0,64.0
32.3,1625449482.0,64.0
32.43,1625449482.0,64.0
31.95,1625449482.0,64.0
30.36,1625449482.0,64.0
27.45,1625449482.0,64.0
23.37,1625449482.0,64.0
18.61,1625449482.0,64.0
13.8,1625449482.0,64.0
9.49,1625449482.0,64.0
6.0,1625449482.0,64.0
3.28,1625449482.0,64.0
1.05,1625449482.0,64.0
-1.17,1625449482.0,64.0
-3.85,1625449482.0,64.0
-7.21,1625449482.0,64.0
-11.07,1625449482.0,64.0
-14.98,1625449482.0,64.0
-18.38,1625449482.0,64.0
-20.89,1625449482.0,64.0
-22.65,1625449482.0,64.0
-24.18,1625449482.0,64.0
-26.2,1625449482.0,64.0
-29.18,1625449482.0,64.0
-33.08,1625449482.0,64.0
-37.32,1625449482.0,64.0
-41.01,1625449482.0,64.0
-43.4,1625449482.0,64.0
-44.04,1625449482.0,64.0
-42.91,1625449482.0,64.0
-40.12,1625449482.0,64.0
-35.86,1625449482.0,64.0
-30.16,1625449482.0,64.0
-23.04,1625449482.0,64.0
-14.66,1625449482.0,64.0
-5.41,1625449482.0,64.0
4.14,1625449482.0,64.0
13.36,1625449482.0,64.0
21.67,1625449482.0,64.0
28.65,1625449482.0,64.0
34.06,1625449482.0,64.0
37.75,1625449482.0,64.0
39.72,1625449482.0,64.0
40.19,1625449482.0,64.0
39.59,1625449482.0,64.0
38.52,1625449482.0,64.0
37.58,1625449482.0,64.0
37.09,1625449482.0,64.0
36.97,1625449482.0,64.0
36.85,1625449482.0,64.0
36.23,1625449482.0,64.0
34.8,1625449482.0,64.0
32.57,1625449482.0,64.0
29.81,1625449482.0,64.0
26.88,1625449482.0,64.0
24.02,1625449482.0,64.0
21.25,1625449482.0,64.0
18.43,1625449482.0,64.0
15.37,1625449482.0,64.0
12.09,1625449482.0,64.0
8.73,1625449482.0,64.0
5.48,1625449482.0,64.0
2.47,1625449482.0,64.0
-0.32,1625449482.0,64.0
-3.04,1625449482.0,64.0
-5.81,1625449482.0,64.0
-8.67,1625449482.0,64.0
-11.56,1625449482.0,64.0
-14.41,1625449482.0,64.0
-17.23,1625449482.0,64.0
-20.09,1625449482.0,64.0
-23.19,1625449482.0,64.0
-26.64,1625449482.0,64.0
-30.41,1625449482.0,64.0
-34.27,1625449482.0,64.0
-37.73,1625449482.0,64.0
-40.15,1625449482.0,64.0
-40.85,1625449482.0,64.0
-39.27,1625449482.0,64.0
-35.16,1625449482.0,64.0
-28.78,1625449482.0,64.0
-20.85,1625449482.0,64.0
-12.33,1625449482.0,64.0
-4.11,1625449482.0,64.0
3.3,1625449482.0,64.0
9.77,1625449482.0,64.0
15.42,1625449482.0,64.0
20.35,1625449482.0,64.0
24.45,1625449482.0,64.0
27.42,1625449482.0,64.0
29.01,1625449482.0,64.0
29.24,1625449482.0,64.0
28.48,1625449482.0,64.0
27.42,1625449482.0,64.0
26.73,1625449482.0,64.0
26.77,1625449482.0,64.0
27.51,1625449482.0,64.0
28.51,1625449482.0,64.0
29.18,1625449482.0,64.0
29.13,1625449482.0,64.0
28.22,1625449482.0,64.0
26.63,1625449482.0,64.0
24.73,1625449482.0,64.0
22.81,1625449482.0,64.0
20.96,1625449482.0,64.0
19.1,1625449482.0,64.0
17.11,1625449482.0,64.0
14.88,1625449482.0,64.0
12.46,1625449482.0,64.0
9.96,1625449482.0,64.0
7.43,1625449482.0,64.0
4.86,1625449482.0,64.0
2.15,1625449482.0,64.0
-0.76,1625449482.0,64.0
-3.79,1625449482.0,64.0
-6.8,1625449482.0,64.0
-9.59,1625449482.0,64.0
-12.09,1625449482.0,64.0
-14.32,1625449482.0,64.0
-16.46,1625449482.0,64.0
-18.75,1625449482.0,64.0
-21.37,1625449482.0,64.0
-24.41,1625449482.0,64.0
-27.75,1625449482.0,64.0
-31.09,1625449482.0,64.0
-33.94,1625449482.0,64.0
-35.64,1625449482.0,64.0
-35.56,1625449482.0,64.0
-33.32,1625449482.0,64.0
-28.95,1625449482.0,64.0
-22.91,1625449482.0,64.0
-15.95,1625449482.0,64.0
-8.88,1625449482.0,64.0
-2.28,1625449482.0,64.0
3.59,1625449482.0,64.0
8.71,1625449482.0,64.0
13.12,1625449482.0,64.0
16.74,1625449482.0,64.0
19.45,1625449482.0,64.0
21.11,1625449482.0,64.0
21.71,1625449482.0,64.0
21.51,1625449482.0,64.0
20.92,1625449482.0,64.0
20.43,1625449482.0,64.0
20.36,1625449482.0,64.0
20.85,1625449482.0,64.0
21.76,1625449482.0,64.0
22.83,1625449482.0,64.0
23.69,1625449482.0,64.0
23.96,1625449482.0,64.0
23.33,1625449482.0,64.0
21.59,1625449482.0,64.0
18.78,1625449482.0,64.0
15.08,1625449482.0,64.0
10.8,1625449482.0,64.0
6.25,1625449482.0,64.0
1.69,1625449482.0,64.0
-2.77,1625449482.0,64.0
-7.03,1625449482.0,64.0
-10.92,1625449482.0,64.0
-14.22,1625449482.0,64.0
-16.77,1625449482.0,64.0
-18.57,1625449482.0,64.0
-19.85,1625449482.0,64.0
-21.01,1625449482.0,64.0
-22.36,1625449482.0,64.0
-23.99,1625449482.0,64.0
-25.7,1625449482.0,64.0
-27.12,1625449482.0,64.0
-28.1,1625449482.0,64.0
-28.73,1625449482.0,64.0
-29.4,1625449482.0,64.0
-30.59,1625449482.0,64.0
-32.51,1625449482.0,64.0
-35.04,1625449482.0,64.0
-37.63,1625449482.0,64.0
-39.56,1625449482.0,64.0
-40.18,1625449482.0,64.0
-39.05,1625449482.0,64.0
-36.06,1625449482.0,64.0
-31.39,1625449482.0,64.0
-25.39,1625449482.0,64.0
-18.56,1625449482.0,64.0
-11.44,1625449482.0,64.0
-4.53,1625449482.0,64.0
1.78,1625449482.0,64.0
7.23,1625449482.0,64.0
11.68,1625449482.0,64.0
15.16,1625449482.0,64.0
17.69,1625449482.0,64.0
19.33,1625449482.0,64.0
20.16,1625449482.0,64.0
20.31,1625449482.0,64.0
20.03,1625449482.0,64.0
19.64,1625449482.0,64.0
19.39,1625449482.0,64.0
19.39,1625449482.0,64.0
19.49,1625449482.0,64.0
19.38,1625449482.0,64.0
18.73,1625449482.0,64.0
17.38,1625449482.0,64.0
15.43,1625449482.0,64.0
13.19,1625449482.0,64.0
11.01,1625449482.0,64.0
9.09,1625449482.0,64.0
7.41,1625449482.0,64.0
5.84,1625449482.0,64.0
4.18,1625449482.0,64.0
2.42,1625449482.0,64.0
0.7,1625449482.0,64.0
-0.8,1625449482.0,64.0
-1.93,1625449482.0,64.0
-2.71,1625449482.0,64.0
-3.36,1625449482.0,64.0
-4.16,1625449482.0,64.0
-5.31,1625449482.0,64.0
-6.91,1625449482.0,64.0
-8.87,1625449482.0,64.0
-11.04,1625449482.0,64.0
-13.27,1625449482.0,64.0
-15.47,1625449482.0,64.0
-17.66,1625449482.0,64.0
-19.99,1625449482.0,64.0
-22.61,1625449482.0,64.0
-25.6,1625449482.0,64.0
-28.87,1625449482.0,64.0
-32.05,1625449482.0,64.0
-34.63,1625449482.0,64.0
-35.99,1625449482.0,64.0
-35.63,1625449482.0,64.0
-33.3,1625449482.0,64.0
-29.17,1625449482.0,64.0
-23.71,1625449482.0,64.0
-17.64,1625449482.0,64.0
-11.64,1625449482.0,64.0
-6.16,1625449482.0,64.0
-1.41,1625449482.0,64.0
2.55,1625449482.0,64.0
5.75,1625449482.0,64.0
8.11,1625449482.0,64.0
9.51,1625449482.0,64.0
9.87,1625449482.0,64.0
9.34,1625449482.0,64.0
8.34,1625449482.0,64.0
7.47,1625449482.0,64.0
7.24,1625449482.0,64.0
7.79,1625449482.0,64.0
8.87,1625449482.0,64.0
9.92,1625449482.0,64.0
10.44,1625449482.0,64.0
10.21,1625449482.0,64.0
9.45,1625449482.0,64.0
8.65,1625449482.0,64.0
8.24,1625449482.0,64.0
8.4,1625449482.0,64.0
8.91,1625449482.0,64.0
9.3,1625449482.0,64.0
9.07,1625449482.0,64.0
8.01,1625449482.0,64.0
6.25,1625449482.0,64.0
4.15,1625449482.0,64.0
2.09,1625449482.0,64.0
0.33,1625449482.0,64.0
-1.1,1625449482.0,64.0
-2.28,1625449482.0,64.0
-3.3,1625449482.0,64.0
-4.14,1625449482.0,64.0
-4.81,1625449482.0,64.0
-5.47,1625449482.0,64.0
-6.58,1625449482.0,64.0
-8.78,1625449482.0,64.0
-12.53,1625449482.0,64.0
-17.8,1625449482.0,64.0
-23.99,1625449482.0,64.0
-30.02,1625449482.0,64.0
-34.84,1625449482.0,64.0
-37.78,1625449482.0,64.0
-38.69,1625449482.0,64.0
-37.81,1625449482.0,64.0
-35.46,1625449482.0,64.0
-31.78,1625449482.0,64.0
-26.85,1625449482.0,64.0
-20.88,1625449482.0,64.0
-14.44,1625449482.0,64.0
-8.36,1625449482.0,64.0
-3.39,1625449482.0,64.0
0.16,1625449482.0,64.0
2.5,1625449482.0,64.0
4.15,1625449482.0,64.0
5.56,1625449482.0,64.0
6.76,1625449482.0,64.0
7.55,1625449482.0,64.0
7.71,1625449482.0,64.0
7.3,1625449482.0,64.0
6.74,1625449482.0,64.0
6.61,1625449482.0,64.0
7.24,1625449482.0,64.0
8.5,1625449482.0,64.0
9.97,1625449482.0,64.0
11.11,1625449482.0,64.0
11.68,1625449482.0,64.0
11.78,1625449482.0,64.0
11.64,1625449482.0,64.0
11.47,1625449482.0,64.0
11.21,1625449482.0,64.0
10.68,1625449482.0,64.0
9.67,1625449482.0,64.0
8.18,1625449482.0,64.0
6.38,1625449482.0,64.0
4.55,1625449482.0,64.0
2.84,1625449482.0,64.0
1.27,1625449482.0,64.0
-0.3,1625449482.0,64.0
-1.99,1625449482.0,64.0
-3.81,1625449482.0,64.0
-5.7,1625449482.0,64.0
-7.51,1625449482.0,64.0
-9.21,1625449482.0,64.0
-10.85,1625449482.0,64.0
-12.53,1625449482.0,64.0
-14.37,1625449482.0,64.0
-16.43,1625449482.0,64.0
-18.71,1625449482.0,64.0
-21.17,1625449482.0,64.0
-23.63,1625449482.0,64.0
-25.76,1625449482.0,64.0
-27.12,1625449482.0,64.0
-27.19,1625449482.0,64.0
-25.61,1625449482.0,64.0
-22.34,1625449482.0,64.0
-17.71,1625449482.0,64.0
-12.37,1625449482.0,64.0
-7.03,1625449482.0,64.0
-2.26,1625449482.0,64.0
1.61,1625449482.0,64.0
4.54,1625449482.0,64.0
6.61,1625449482.0,64.0
7.98,1625449482.0,64.0
8.72,1625449482.0,64.0
8.9,1625449482.0,64.0
8.64,1625449482.0,64.0
8.19,1625449482.0,64.0
7.83,1625449482.0,64.0
7.85,1625449482.0,64.0
8.43,1625449482.0,64.0
9.5,1625449482.0,64.0
10.85,1625449482.0,64.0
12.1,1625449482.0,64.0
12.9,1625449482.0,64.0
13.09,1625449482.0,64.0
12.62,1625449482.0,64.0
11.62,1625449482.0,64.0
10.25,1625449482.0,64.0
8.72,1625449482.0,64.0
7.19,1625449482.0,64.0
5.78,1625449482.0,64.0
4.54,1625449482.0,64.0
3.42,1625449482.0,64.0
2.31,1625449482.0,64.0
1.12,1625449482.0,64.0
-0.23,1625449482.0,64.0
-1.67,1625449482.0,64.0
-3.09,1625449482.0,64.0
-4.41,1625449482.0,64.0
-5.6,1625449482.0,64.0
-6.77,1625449482.0,64.0
-8.07,1625449482.0,64.0
-9.65,1625449482.0,64.0
-11.6,1625449482.0,64.0
-13.93,1625449482.0,64.0
-16.63,1625449482.0,64.0
-19.63,1625449482.0,64.0
-22.71,1625449482.0,64.0
-25.5,1625449482.0,64.0
-27.47,1625449482.0,64.0
-28.04,1625449482.0,64.0
-26.86,1625449482.0,64.0
-23.86,1625449482.0,64.0
-19.41,1625449482.0,64.0
-14.11,1625449482.0,64.0
-8.62,1625449482.0,64.0
-3.44,1625449482.0,64.0
1.17,1625449482.0,64.0
5.2,1625449482.0,64.0
8.66,1625449482.0,64.0
11.48,1625449482.0,64.0
13.54,1625449482.0,64.0
14.63,1625449482.0,64.0
14.73,1625449482.0,64.0
14.02,1625449482.0,64.0
12.95,1625449482.0,64.0
12.13,1625449482.0,64.0
12.02,1625449482.0,64.0
12.75,1625449482.0,64.0
14.02,1625449482.0,64.0
15.31,1625449482.0,64.0
16.09,1625449482.0,64.0
16.04,1625449482.0,64.0
15.13,1625449482.0,64.0
13.43,1625449482.0,64.0
11.04,1625449482.0,64.0
8.05,1625449482.0,64.0
4.61,1625449482.0,64.0
0.91,1625449482.0,64.0
-2.74,1625449482.0,64.0
-6.08,1625449482.0,64.0
-9.0,1625449482.0,64.0
-11.62,1625449482.0,64.0
-14.13,1625449482.0,64.0
-16.68,1625449482.0,64.0
-19.27,1625449482.0,64.0
-21.73,1625449482.0,64.0
-23.98,1625449482.0,64.0
-26.07,1625449482.0,64.0
-28.16,1625449482.0,64.0
-30.38,1625449482.0,64.0
-32.75,1625449482.0,64.0
-35.12,1625449482.0,64.0
-37.26,1625449482.0,64.0
-38.92,1625449482.0,64.0
-39.81,1625449482.0,64.0
-39.62,1625449482.0,64.0
-38.02,1625449482.0,64.0
-34.72,1625449482.0,64.0
-29.74,1625449482.0,64.0
-23.47,1625449482.0,64.0
-16.57,1625449482.0,64.0
-9.76,1625449482.0,64.0
-3.51,1625449482.0,64.0
2.06,1625449482.0,64.0
7.07,1625449482.0,64.0
11.64,1625449482.0,64.0
15.67,1625449482.0,64.0
18.92,1625449482.0,64.0
21.17,1625449482.0,64.0
22.46,1625449482.0,64.0
23.19,1625449482.0,64.0
23.89,1625449482.0,64.0
25.01,1625449482.0,64.0
26.6,1625449482.0,64.0
28.31,1625449482.0,64.0
29.6,1625449482.0,64.0
30.02,1625449482.0,64.0
29.47,1625449482.0,64.0
28.15,1625449482.0,64.0
26.5,1625449482.0,64.0
24.93,1625449482.0,64.0
23.64,1625449482.0,64.0
22.57,1625449482.0,64.0
21.51,1625449482.0,64.0
20.19,1625449482.0,64.0
18.48,1625449482.0,64.0
16.42,1625449482.0,64.0
14.14,1625449482.0,64.0
11.8,1625449482.0,64.0
9.49,1625449482.0,64.0
7.18,1625449482.0,64.0
4.75,1625449482.0,64.0
2.09,1625449482.0,64.0
-0.9,1625449482.0,64.0
-4.2,1625449482.0,64.0
-7.76,1625449482.0,64.0
-11.5,1625449482.0,64.0
-15.35,1625449482.0,64.0
-19.13,1625449482.0,64.0
-22.57,1625449482.0,64.0
-25.22,1625449482.0,64.0
-26.55,1625449482.0,64.0
-26.11,1625449482.0,64.0
-23.72,1625449482.0,64.0
-19.59,1625449482.0,64.0
-14.21,1625449482.0,64.0
-8.26,1625449482.0,64.0
-2.36,1625449482.0,64.0
3.06,1625449482.0,64.0
7.75,1625449482.0,64.0
11.62,1625449482.0,64.0
14.58,1625449482.0,64.0
16.59,1625449482.0,64.0
17.8,1625449482.0,64.0
18.46,1625449482.0,64.0
18.98,1625449482.0,64.0
19.77,1625449482.0,64.0
20.98,1625449482.0,64.0
22.45,1625449482.0,64.0
23.75,1625449482.0,64.0
24.33,1625449482.0,64.0
23.87,1625449482.0,64.0
22.4,1625449482.0,64.0
20.23,1625449482.0,64.0
17.84,1625449482.0,64.0
15.56,1625449482.0,64.0
13.43,1625449482.0,64.0
11.27,1625449482.0,64.0
8.84,1625449482.0,64.0
6.01,1625449482.0,64.0
2.92,1625449482.0,64.0
-0.05,1625449482.0,64.0
-2.56,1625449482.0,64.0
-4.38,1625449482.0,64.0
-5.59,1625449482.0,64.0
-6.53,1625449482.0,64.0
-7.62,1625449482.0,64.0
-9.21,1625449482.0,64.0
-11.44,1625449482.0,64.0
-14.26,1625449482.0,64.0
-17.43,1625449482.0,64.0
-20.75,1625449482.0,64.0
-23.95,1625449482.0,64.0
-26.81,1625449482.0,64.0
-29.05,1625449482.0,64.0
-30.39,1625449482.0,64.0
-30.55,1625449482.0,64.0
-29.45,1625449482.0,64.0
-27.19,1625449482.0,64.0
-24.06,1625449482.0,64.0
-20.48,1625449482.0,64.0
-16.72,1625449482.0,64.0
-12.91,1625449482.0,64.0
-8.99,1625449482.0,64.0
-4.92,1625449482.0,64.0
-0.8,1625449482.0,64.0
3.03,1625449482.0,64.0
6.18,1625449482.0,64.0
8.37,1625449482.0,64.0
9.56,1625449482.0,64.0
10.08,1625449482.0,64.0
10.42,1625449482.0,64.0
11.1,1625449482.0,64.0
12.44,1625449482.0,64.0
14.47,1625449482.0,64.0
16.96,1625449482.0,64.0
19.49,1625449482.0,64.0
21.6,1625449482.0,64.0
22.87,1625449482.0,64.0
23.14,1625449482.0,64.0
22.49,1625449482.0,64.0
21.16,1625449482.0,64.0
19.42,1625449482.0,64.0
17.43,1625449482.0,64.0
15.22,1625449482.0,64.0
12.7,1625449482.0,64.0
9.88,1625449482.0,64.0
6.9,1625449482.0,64.0
4.04,1625449482.0,64.0
1.6,1625449482.0,64.0
-0.3,1625449482.0,64.0
-1.75,1625449482.0,64.0
-3.02,1625449482.0,64.0
-4.36,1625449482.0,64.0
-5.94,1625449482.0,64.0
-7.8,1625449482.0,64.0
-9.97,1625449482.0,64.0
-12.58,1625449482.0,64.0
-15.81,1625449482.0,64.0
-19.79,1625449482.0,64.0
-24.36,1625449482.0,64.0
-29.06,1625449482.0,64.0
-33.06,1625449482.0,64.0
-35.5,1625449482.0,64.0
-35.67,1625449482.0,64.0
-33.34,1625449482.0,64.0
-28.84,1625449482.0,64.0
-22.91,1625449482.0,64.0
-16.46,1625449482.0,64.0
-10.17,1625449482.0,64.0
-4.37,1625449482.0,64.0
1.03,1625449482.0,64.0
6.31,1625449482.0,64.0
11.57,1625449482.0,64.0
16.6,1625449482.0,64.0
20.93,1625449482.0,64.0
24.08,1625449482.0,64.0
25.88,1625449482.0,64.0
26.68,1625449482.0,64.0
27.13,1625449482.0,64.0
27.91,1625449482.0,64.0
29.29,1625449482.0,64.0
31.05,1625449482.0,64.0
32.57,1625449482.0,64.0
33.21,1625449482.0,64.0
32.65,1625449482.0,64.0
30.97,1625449482.0,64.0
28.61,1625449482.0,64.0
26.05,1625449482.0,64.0
23.61,1625449482.0,64.0
21.34,1625449482.0,64.0
19.11,1625449482.0,64.0
16.76,1625449482.0,64.0
14.16,1625449482.0,64.0
11.29,1625449482.0,64.0
8.2,1625449482.0,64.0
5.0,1625449482.0,64.0
1.78,1625449482.0,64.0
-1.35,1625449482.0,64.0
-4.34,1625449482.0,64.0
-7.23,1625449482.0,64.0
-10.1,1625449482.0,64.0
-13.09,1625449482.0,64.0
-16.34,1625449482.0,64.0
-19.95,1625449482.0,64.0
-23.94,1625449482.0,64.0
-28.27,1625449482.0,64.0
-32.85,1625449482.0,64.0
-37.44,1625449482.0,64.0
-41.6,1625449482.0,64.0
-44.67,1625449482.0,64.0
-45.96,1625449482.0,64.0
-44.86,1625449482.0,64.0
-41.2,1625449482.0,64.0
-35.28,1625449482.0,64.0
-27.81,1625449482.0,64.0
-19.62,1625449482.0,64.0
-11.39,1625449482.0,64.0
-3.46,1625449482.0,64.0
4.1,1625449482.0,64.0
11.26,1625449482.0,64.0
17.89,1625449482.0,64.0
23.65,1625449482.0,64.0
28.19,1625449482.0,64.0
31.28,1625449482.0,64.0
33.06,1625449482.0,64.0
33.93,1625449482.0,64.0
34.43,1625449482.0,64.0
34.97,1625449482.0,64.0
35.62,1625449482.0,64.0
36.21,1625449482.0,64.0
36.36,1625449482.0,64.0
35.86,1625449482.0,64.0
34.67,1625449482.0,64.0
33.03,1625449482.0,64.0
31.23,1625449482.0,64.0
29.45,1625449482.0,64.0
27.65,1625449482.0,64.0
25.61,1625449482.0,64.0
23.07,1625449482.0,64.0
19.89,1625449482.0,64.0
16.21,1625449482.0,64.0
12.39,1625449482.0,64.0
8.86,1625449482.0,64.0
5.98,1625449482.0,64.0
3.87,1625449482.0,64.0
2.4,1625449482.0,64.0
1.28,1625449482.0,64.0
0.17,1625449482.0,64.0
-1.26,1625449482.0,64.0
-3.29,1625449482.0,64.0
-6.08,1625449482.0,64.0
-9.76,1625449482.0,64.0
-14.31,1625449482.0,64.0
-19.58,1625449482.0,64.0
-25.32,1625449482.0,64.0
-31.29,1625449482.0,64.0
-37.29,1625449482.0,64.0
-43.17,1625449482.0,64.0
-48.66,1625449482.0,64.0
-53.32,1625449482.0,64.0
-56.53,1625449482.0,64.0
-57.62,1625449482.0,64.0
-56.14,1625449482.0,64.0
-52.0,1625449482.0,64.0
-45.52,1625449482.0,64.0
-37.35,1625449482.0,64.0
-28.14,1625449482.0,64.0
-18.5,1625449482.0,64.0
-8.87,1625449482.0,64.0
0.38,1625449482.0,64.0
8.9,1625449482.0,64.0
16.28,1625449482.0,64.0
22.22,1625449482.0,64.0
26.54,1625449482.0,64.0
29.32,1625449482.0,64.0
30.85,1625449482.0,64.0
31.56,1625449482.0,64.0
31.93,1625449482.0,64.0
32.37,1625449482.0,64.0
33.13,1625449482.0,64.0
34.17,1625449482.0,64.0
35.23,1625449482.0,64.0
35.94,1625449482.0,64.0
35.95,1625449482.0,64.0
35.13,1625449482.0,64.0
33.53,1625449482.0,64.0
31.39,1625449482.0,64.0
28.93,1625449482.0,64.0
26.35,1625449482.0,64.0
23.69,1625449482.0,64.0
21.02,1625449482.0,64.0
18.39,1625449482.0,64.0
15.94,1625449482.0,64.0
13.77,1625449482.0,64.0
11.85,1625449482.0,64.0
10.05,1625449482.0,64.0
8.11,1625449482.0,64.0
5.82,1625449482.0,64.0
3.12,1625449482.0,64.0
0.12,1625449482.0,64.0
-3.01,1625449482.0,64.0
-6.11,1625449482.0,64.0
-9.13,1625449482.0,64.0
-12.12,1625449482.0,64.0
-15.21,1625449482.0,64.0
-18.58,1625449482.0,64.0
-22.42,1625449482.0,64.0
-26.89,1625449482.0,64.0
-32.0,1625449482.0,64.0
-37.47,1625449482.0,64.0
-42.72,1625449482.0,64.0
-46.84,1625449482.0,64.0
-48.94,1625449482.0,64.0
-48.35,1625449482.0,64.0
-44.91,1625449482.0,64.0
-39.05,1625449482.0,64.0
-31.57,1625449482.0,64.0
-23.34,1625449482.0,64.0
-14.99,1625449482.0,64.0
-6.81,1625449482.0,64.0
1.19,1625449482.0,64.0
8.95,1625449482.0,64.0
16.21,1625449482.0,64.0
22.53,1625449482.0,64.0
27.41,1625449482.0,64.0
30.56,1625449482.0,64.0
32.13,1625449482.0,64.0
32.62,1625449482.0,64.0
32.68,1625449482.0,64.0
32.86,1625449482.0,64.0
33.38,1625449482.0,64.0
34.09,1625449482.0,64.0
34.7,1625449482.0,64.0
34.93,1625449482.0,64.0
34.66,1625449482.0,64.0
33.91,1625449482.0,64.0
32.75,1625449482.0,64.0
31.19,1625449482.0,64.0
29.24,1625449482.0,64.0
26.86,1625449482.0,64.0
24.07,1625449482.0,64.0
21.01,1625449482.0,64.0
17.86,1625449482.0,64.0
14.84,1625449482.0,64.0
12.04,1625449482.0,64.0
9.45,1625449482.0,64.0
6.95,1625449482.0,64.0
4.41,1625449482.0,64.0
1.67,1625449482.0,64.0
-1.32,1625449482.0,64.0
-4.49,1625449482.0,64.0
-7.78,1625449482.0,64.0
-11.07,1625449482.0,64.0
-14.3,1625449482.0,64.0
-17.52,1625449482.0,64.0
-20.78,1625449482.0,64.0
-24.15,1625449482.0,64.0
-27.7,1625449482.0,64.0
-31.45,1625449482.0,64.0
-35.34,1625449482.0,64.0
-39.26,1625449482.0,64.0
-42.95,1625449482.0,64.0
-45.97,1625449482.0,64.0
-47.75,1625449482.0,64.0
-47.7,1625449482.0,64.0
-45.36,1625449482.0,64.0
-40.62,1625449482.0,64.0
-33.74,1625449482.0,64.0
-25.27,1625449482.0,64.0
-15.9,1625449482.0,64.0
-6.21,1625449482.0,64.0
3.27,1625449482.0,64.0
12.09,1625449482.0,64.0
19.79,1625449482.0,64.0
25.9,1625449482.0,64.0
30.14,1625449482.0,64.0
32.54,1625449482.0,64.0
33.52,1625449482.0,64.0
33.71,1625449482.0,64.0
33.74,1625449482.0,64.0
34.05,1625449482.0,64.0
34.83,1625449482.0,64.0
36.08,1625449482.0,64.0
37.69,1625449482.0,64.0
39.37,1625449482.0,64.0
40.54,1625449482.0,64.0
40.49,1625449482.0,64.0
38.51,1625449482.0,64.0
34.39,1625449482.0,64.0
28.65,1625449482.0,64.0
22.32,1625449482.0,64.0
16.4,1625449482.0,64.0
11.38,1625449482.0,64.0
6.96,1625449482.0,64.0
2.51,1625449482.0,64.0
-2.27,1625449482.0,64.0
-6.84,1625449482.0,64.0
-10.05,1625449482.0,64.0
-10.93,1625449482.0,64.0
-9.55,1625449482.0,64.0
-7.21,1625449482.0,64.0
-5.84,1625449482.0,64.0
-6.81,1625449482.0,64.0
-10.1,1625449482.0,64.0
-14.43,1625449482.0,64.0
-18.1,1625449482.0,64.0
-20.15,1625449482.0,64.0
-20.95,1625449482.0,64.0
-21.84,1625449482.0,64.0
-24.19,1625449482.0,64.0
-28.51,1625449482.0,64.0
-34.17,1625449482.0,64.0
-39.94,1625449482.0,64.0
-44.66,1625449482.0,64.0
-47.72,1625449482.0,64.0
-49.07,1625449482.0,64.0
-48.84,1625449482.0,64.0
-47.09,1625449482.0,64.0
-43.66,1625449482.0,64.0
-38.5,1625449482.0,64.0
-31.79,1625449482.0,64.0
-23.99,1625449482.0,64.0
-15.61,1625449482.0,64.0
-7.16,1625449482.0,64.0
0.99,1625449482.0,64.0
8.47,1625449482.0,64.0
14.91,1625449482.0,64.0
19.97,1625449482.0,64.0
23.49,1625449482.0,64.0
25.66,1625449482.0,64.0
27.01,1625449482.0,64.0
28.13,1625449482.0,64.0
29.49,1625449482.0,64.0
31.19,1625449482.0,64.0
32.99,1625449482.0,64.0
34.5,1625449482.0,64.0
35.38,1625449482.0,64.0
35.48,1625449482.0,64.0
34.88,1625449482.0,64.0
33.77,1625449482.0,64.0
32.32,1625449482.0,64.0
30.59,1625449482.0,64.0
28.54,1625449482.0,64.0
26.08,1625449482.0,64.0
23.23,1625449482.0,64.0
20.11,1625449482.0,64.0
16.91,1625449482.0,64.0
13.85,1625449482.0,64.0
11.06,1625449482.0,64.0
8.49,1625449482.0,64.0
5.98,1625449482.0,64.0
3.34,1625449482.0,64.0
0.46,1625449482.0,64.0
-2.7,1625449482.0,64.0
-6.0,1625449482.0,64.0
-9.29,1625449482.0,64.0
-12.4,1625449482.0,64.0
-15.32,1625449482.0,64.0
-18.2,1625449482.0,64.0
-21.31,1625449482.0,64.0
-24.94,1625449482.0,64.0
-29.24,1625449482.0,64.0
-34.1,1625449482.0,64.0
-39.08,1625449482.0,64.0
-43.49,1625449482.0,64.0
-46.54,1625449482.0,64.0
-47.57,1625449482.0,64.0
-46.2,1625449482.0,64.0
-42.4,1625449482.0,64.0
-36.51,1625449482.0,64.0
-29.15,1625449482.0,64.0
-21.01,1625449482.0,64.0
-12.75,1625449482.0,64.0
-4.81,1625449482.0,64.0
2.56,1625449482.0,64.0
9.25,1625449482.0,64.0
15.14,1625449482.0,64.0
20.02,1625449482.0,64.0
23.66,1625449482.0,64.0
25.87,1625449482.0,64.0
26.68,1625449482.0,64.0
26.38,1625449482.0,64.0
25.51,1625449482.0,64.0
24.6,1625449482.0,64.0
24.12,1625449482.0,64.0
24.2,1625449482.0,64.0
24.67,1625449482.0,64.0
25.13,1625449482.0,64.0
25.22,1625449482.0,64.0
24.7,1625449482.0,64.0
23.56,1625449482.0,64.0
22.0,1625449482.0,64.0
20.29,1625449482.0,64.0
18.6,1625449482.0,64.0
16.96,1625449482.0,64.0
15.24,1625449482.0,64.0
13.24,1625449482.0,64.0
10.84,1625449482.0,64.0
8.05,1625449482.0,64.0
5.0,1625449482.0,64.0
1.89,1625449482.0,64.0
-1.11,1625449482.0,64.0
-3.86,1625449482.0,64.0
-6.28,1625449482.0,64.0
-8.25,1625449482.0,64.0
-9.69,1625449482.0,64.0
-10.59,1625449482.0,64.0
-11.16,1625449482.0,64.0
-11.89,1625449482.0,64.0
-13.49,1625449482.0,64.0
-16.64,1625449482.0,64.0
-21.57,1625449482.0,64.0
-27.86,1625449482.0,64.0
-34.48,1625449482.0,64.0
-40.05,1625449482.0,64.0
-43.41,1625449482.0,64.0
-43.91,1625449482.0,64.0
-41.6,1625449482.0,64.0
-37.03,1625449482.0,64.0
-30.88,1625449482.0,64.0
-23.75,1625449482.0,64.0
-16.09,1625449482.0,64.0
-8.33,1625449482.0,64.0
-0.99,1625449482.0,64.0
5.38,1625449482.0,64.0
10.33,1625449482.0,64.0
13.75,1625449482.0,64.0
15.9,1625449482.0,64.0
17.29,1625449482.0,64.0
18.44,1625449482.0,64.0
19.64,1625449482.0,64.0
20.96,1625449482.0,64.0
22.29,1625449482.0,64.0
23.49,1625449482.0,64.0
24.51,1625449482.0,64.0
25.28,1625449482.0,64.0
25.7,1625449482.0,64.0
25.61,1625449482.0,64.0
24.89,1625449482.0,64.0
23.5,1625449482.0,64.0
21.61,1625449482.0,64.0
19.47,1625449482.0,64.0
17.34,1625449482.0,64.0
15.32,1625449482.0,64.0
13.39,1625449482.0,64.0
11.42,1625449482.0,64.0
9.29,1625449482.0,64.0
6.97,1625449482.0,64.0
4.53,1625449482.0,64.0
2.04,1625449482.0,64.0
-0.46,1625449482.0,64.0
-3.01,1625449482.0,64.0
-5.72,1625449482.0,64.0
-8.68,1625449482.0,64.0
-11.91,1625449482.0,64.0
-15.35,1625449482.0,64.0
-18.91,1625449482.0,64.0
-22.52,1625449482.0,64.0
-26.22,1625449482.0,64.0
-30.08,1625449482.0,64.0
-34.15,1625449482.0,64.0
-38.23,1625449482.0,64.0
-41.82,1625449482.0,64.0
-44.15,1625449482.0,64.0
-44.42,1625449482.0,64.0
-42.11,1625449482.0,64.0
-37.26,1625449482.0,64.0
-30.45,1625449482.0,64.0
-22.66,1625449482.0,64.0
-14.81,1625449482.0,64.0
-7.51,1625449482.0,64.0
-0.96,1625449482.0,64.0
4.88,1625449482.0,64.0
10.1,1625449482.0,64.0
14.61,1625449482.0,64.0
18.2,1625449482.0,64.0
20.73,1625449482.0,64.0
22.25,1625449482.0,64.0
23.12,1625449482.0,64.0
23.8,1625449482.0,64.0
24.67,1625449482.0,64.0
25.78,1625449482.0,64.0
26.9,1625449482.0,64.0
27.63,1625449482.0,64.0
27.62,1625449482.0,64.0
26.79,1625449482.0,64.0
25.28,1625449482.0,64.0
23.39,1625449482.0,64.0
21.35,1625449482.0,64.0
19.29,1625449482.0,64.0
17.18,1625449482.0,64.0
15.0,1625449482.0,64.0
12.72,1625449482.0,64.0
10.42,1625449482.0,64.0
8.14,1625449482.0,64.0
5.91,1625449482.0,64.0
3.67,1625449482.0,64.0
1.34,1625449482.0,64.0
-1.17,1625449482.0,64.0
-3.86,1625449482.0,64.0
-6.68,1625449482.0,64.0
-9.55,1625449482.0,64.0
-12.38,1625449482.0,64.0
-15.11,1625449482.0,64.0
-17.82,1625449482.0,64.0
-20.63,1625449482.0,64.0
-23.81,1625449482.0,64.0
-27.57,1625449482.0,64.0
-31.93,1625449482.0,64.0
-36.56,1625449482.0,64.0
-40.82,1625449482.0,64.0
-43.82,1625449482.0,64.0
-44.76,1625449482.0,64.0
-43.14,1625449482.0,64.0
-38.92,1625449482.0,64.0
-32.53,1625449482.0,64.0
-24.72,1625449482.0,64.0
-16.33,1625449482.0,64.0
-8.07,1625449482.0,64.0
-0.43,1625449482.0,64.0
6.27,1625449482.0,64.0
11.94,1625449482.0,64.0
16.5,1625449482.0,64.0
19.92,1625449482.0,64.0
22.19,1625449482.0,64.0
23.35,1625449482.0,64.0
23.6,1625449482.0,64.0
23.29,1625449482.0,64.0
22.92,1625449482.0,64.0
22.97,1625449482.0,64.0
23.77,1625449482.0,64.0
25.4,1625449482.0,64.0
27.69,1625449482.0,64.0
30.28,1625449482.0,64.0
32.64,1625449482.0,64.0
34.17,1625449482.0,64.0
34.28,1625449482.0,64.0
32.61,1625449482.0,64.0
29.14,1625449482.0,64.0
24.31,1625449482.0,64.0
18.92,1625449482.0,64.0
13.7,1625449482.0,64.0
9.11,1625449482.0,64.0
5.06,1625449482.0,64.0
1.13,1625449482.0,64.0
-3.1,1625449482.0,64.0
-7.73,1625449482.0,64.0
-12.44,1625449482.0,64.0
-16.69,1625449482.0,64.0
-20.07,1625449482.0,64.0
-22.59,1625449482.0,64.0
-24.63,1625449482.0,64.0
-26.71,1625449482.0,64.0
-29.17,1625449482.0,64.0
-32.14,1625449482.0,64.0
-35.5,1625449482.0,64.0
-39.11,1625449482.0,64.0
-42.8,1625449482.0,64.0
-46.39,1625449482.0,64.0
-49.48,1625449482.0,64.0
-51.41,1625449482.0,64.0
-51.42,1625449482.0,64.0
-48.94,1625449482.0,64.0
-43.79,1625449482.0,64.0
-36.36,1625449482.0,64.0
-27.46,1625449482.0,64.0
-17.96,1625449482.0,64.0
-8.59,1625449482.0,64.0
0.25,1625449482.0,64.0
8.49,1625449482.0,64.0
16.08,1625449482.0,64.0
22.93,1625449482.0,64.0
28.73,1625449482.0,64.0
33.09,1625449482.0,64.0
35.75,1625449482.0,64.0
36.72,1625449482.0,64.0
36.39,1625449482.0,64.0
35.37,1625449482.0,64.0
34.28,1625449482.0,64.0
33.46,1625449482.0,64.0
32.93,1625449482.0,64.0
32.45,1625449482.0,64.0
31.72,1625449482.0,64.0
30.53,1625449482.0,64.0
28.85,1625449482.0,64.0
26.82,1625449482.0,64.0
24.6,1625449482.0,64.0
22.27,1625449482.0,64.0
19.85,1625449482.0,64.0
17.31,1625449482.0,64.0
14.63,1625449482.0,64.0
11.81,1625449482.0,64.0
8.94,1625449482.0,64.0
6.08,1625449482.0,64.0
3.25,1625449482.0,64.0
0.41,1625449482.0,64.0
-2.49,1625449482.0,64.0
-5.57,1625449482.0,64.0
-8.91,1625449482.0,64.0
-12.57,1625449482.0,64.0
-16.56,1625449482.0,64.0
-20.84,1625449482.0,64.0
-25.34,1625449482.0,64.0
-29.98,1625449482.0,64.0
-34.68,1625449482.0,64.0
-39.35,1625449482.0,64.0
-43.78,1625449482.0,64.0
-47.64,1625449482.0,64.0
-50.33,1625449482.0,64.0
-51.23,1625449482.0,64.0
-49.79,1625449482.0,64.0
-45.79,1625449482.0,64.0
-39.48,1625449482.0,64.0
-31.48,1625449482.0,64.0
-22.6,1625449482.0,64.0
-13.54,1625449482.0,64.0
-4.71,1625449482.0,64.0
3.77,1625449482.0,64.0
11.9,1625449482.0,64.0
19.57,1625449482.0,64.0
26.47,1625449482.0,64.0
32.06,1625449482.0,64.0
35.95,1625449482.0,64.0
38.0,1625449482.0,64.0
38.52,1625449482.0,64.0
38.15,1625449482.0,64.0
37.58,1625449482.0,64.0
37.28,1625449482.0,64.0
37.37,1625449482.0,64.0
37.59,1625449482.0,64.0
37.54,1625449482.0,64.0
36.86,1625449482.0,64.0
35.49,1625449482.0,64.0
33.52,1625449482.0,64.0
31.22,1625449482.0,64.0
28.76,1625449482.0,64.0
26.18,1625449482.0,64.0
23.42,1625449482.0,64.0
20.39,1625449482.0,64.0
17.05,1625449482.0,64.0
13.45,1625449482.0,64.0
9.73,1625449482.0,64.0
6.03,1625449482.0,64.0
2.45,1625449482.0,64.0
-0.95,1625449482.0,64.0
-4.22,1625449482.0,64.0
-7.41,1625449482.0,64.0
-10.61,1625449482.0,64.0
-13.88,1625449482.0,64.0
-17.27,1625449482.0,64.0
-20.74,1625449482.0,64.0
-24.27,1625449482.0,64.0
-27.88,1625449482.0,64.0
-31.65,1625449482.0,64.0
-35.76,1625449482.0,64.0
-40.16,1625449482.0,64.0
-44.52,1625449482.0,64.0
-48.13,1625449482.0,64.0
-50.11,1625449482.0,64.0
-49.68,1625449482.0,64.0
-46.57,1625449482.0,64.0
-41.1,1625449482.0,64.0
-34.0,1625449482.0,64.0
-26.12,1625449482.0,64.0
-18.04,1625449482.0,64.0
-9.86,1625449482.0,64.0
-1.5,1625449482.0,64.0
7.05,1625449482.0,64.0
15.44,1625449482.0,64.0
22.93,1625449482.0,64.0
28.73,1625449482.0,64.0
32.4,1625449482.0,64.0
34.08,1625449482.0,64.0
34.5,1625449482.0,64.0
34.62,1625449482.0,64.0
35.2,1625449482.0,64.0
36.44,1625449482.0,64.0
37.98,1625449482.0,64.0
39.15,1625449482.0,64.0
39.38,1625449482.0,64.0
38.5,1625449482.0,64.0
36.76,1625449482.0,64.0
34.62,1625449482.0,64.0
32.45,1625449482.0,64.0
30.36,1625449482.0,64.0
28.19,1625449482.0,64.0
25.8,1625449482.0,64.0
23.2,1625449482.0,64.0
20.71,1625449482.0,64.0
18.79,1625449482.0,64.0
17.65,1625449482.0,64.0
17.04,1625449482.0,64.0
16.15,1625449482.0,64.0
14.0,1625449482.0,64.0
9.93,1625449482.0,64.0
3.99,1625449482.0,64.0
-3.03,1625449482.0,64.0
-10.08,1625449482.0,64.0
-16.42,1625449482.0,64.0
-22.0,1625449482.0,64.0
-27.33,1625449482.0,64.0
-32.95,1625449482.0,64.0
-38.93,1625449482.0,64.0
-44.68,1625449482.0,64.0
-49.39,1625449482.0,64.0
-52.62,1625449482.0,64.0
-54.69,1625449482.0,64.0
-56.42,1625449482.0,64.0
-58.51,1625449482.0,64.0
-60.76,1625449482.0,64.0
-62.0,1625449482.0,64.0
-60.61,1625449482.0,64.0
-55.47,1625449482.0,64.0
-46.7,1625449482.0,64.0
-35.65,1625449482.0,64.0
-24.21,1625449482.0,64.0
-13.84,1625449482.0,64.0
-5.01,1625449482.0,64.0
2.74,1625449482.0,64.0
10.15,1625449482.0,64.0
17.53,1625449482.0,64.0
24.5,1625449482.0,64.0
30.21,1625449482.0,64.0
33.95,1625449482.0,64.0
35.69,1625449482.0,64.0
36.09,1625449482.0,64.0
36.18,1625449482.0,64.0
36.76,1625449482.0,64.0
38.06,1625449482.0,64.0
39.73,1625449482.0,64.0
41.11,1625449482.0,64.0
41.63,1625449482.0,64.0
41.09,1625449482.0,64.0
39.75,1625449482.0,64.0
38.04,1625449482.0,64.0
36.38,1625449482.0,64.0
34.91,1625449482.0,64.0
33.47,1625449482.0,64.0
31.74,1625449482.0,64.0
29.43,1625449482.0,64.0
26.46,1625449482.0,64.0
22.97,1625449482.0,64.0
19.31,1625449482.0,64.0
15.83,1625449482.0,64.0
12.72,1625449482.0,64.0
9.95,1625449482.0,64.0
7.27,1625449482.0,64.0
4.42,1625449482.0,64.0
1.21,1625449482.0,64.0
-2.37,1625449482.0,64.0
-6.18,1625449482.0,64.0
-9.99,1625449482.0,64.0
-13.62,1625449482.0,64.0
-17.04,1625449482.0,64.0
-20.33,1625449482.0,64.0
-23.67,1625449482.0,64.0
-27.21,1625449482.0,64.0
-31.06,1625449482.0,64.0
-35.18,1625449482.0,64.0
-39.44,1625449482.0,64.0
-43.54,1625449482.0,64.0
-47.11,1625449482.0,64.0
-49.62,1625449482.0,64.0
-50.47,1625449482.0,64.0
-49.19,1625449482.0,64.0
-45.45,1625449482.0,64.0
-39.25,1625449482.0,64.0
-30.94,1625449482.0,64.0
-21.14,1625449482.0,64.0
-10.65,1625449482.0,64.0
-0.22,1625449482.0,64.0
9.49,1625449482.0,64.0
18.08,1625449482.0,64.0
25.34,1625449482.0,64.0
31.2,1625449482.0,64.0
35.68,1625449482.0,64.0
38.86,1625449482.0,64.0
40.88,1625449482.0,64.0
41.94,1625449482.0,64.0
42.31,1625449482.0,64.0
42.28,1625449482.0,64.0
42.21,1625449482.0,64.0
42.27,1625449482.0,64.0
42.53,1625449482.0,64.0
42.84,1625449482.0,64.0
42.93,1625449482.0,64.0
42.4,1625449482.0,64.0
40.93,1625449482.0,64.0
38.38,1625449482.0,64.0
34.81,1625449482.0,64.0
30.54,1625449482.0,64.0
26.01,1625449482.0,64.0
21.7,1625449482.0,64.0
17.97,1625449482.0,64.0
15.03,1625449482.0,64.0
12.92,1625449482.0,64.0
11.53,1625449482.0,64.0
10.63,1625449482.0,64.0
9.78,1625449482.0,64.0
8.4,1625449482.0,64.0
5.81,1625449482.0,64.0
1.45,1625449482.0,64.0
-4.73,1625449482.0,64.0
-12.23,1625449482.0,64.0
-20.04,1625449482.0,64.0
-27.09,1625449482.0,64.0
-32.82,1625449482.0,64.0
-37.55,1625449482.0,64.0
-42.33,1625449482.0,64.0
-48.21,1625449482.0,64.0
-55.46,1625449482.0,64.0
-63.05,1625449482.0,64.0
-68.99,1625449482.0,64.0
-71.22,1625449482.0,64.0
-68.67,1625449482.0,64.0
-61.8,1625449482.0,64.0
-52.32,1625449482.0,64.0
-42.17,1625449482.0,64.0
-32.63,1625449482.0,64.0
-23.84,1625449482.0,64.0
-15.17,1625449482.0,64.0
-6.03,1625449482.0,64.0
3.49,1625449482.0,64.0
12.54,1625449482.0,64.0
19.93,1625449482.0,64.0
24.87,1625449482.0,64.0
27.43,1625449482.0,64.0
28.43,1625449482.0,64.0
28.96,1625449482.0,64.0
29.82,1625449482.0,64.0
31.25,1625449482.0,64.0
32.89,1625449482.0,64.0
34.27,1625449482.0,64.0
35.02,1625449482.0,64.0
35.09,1625449482.0,64.0
34.71,1625449482.0,64.0
34.17,1625449482.0,64.0
33.63,1625449482.0,64.0
33.05,1625449482.0,64.0
32.21,1625449482.0,64.0
30.77,1625449482.0,64.0
28.45,1625449482.0,64.0
25.13,1625449482.0,64.0
20.93,1625449482.0,64.0
16.15,1625449482.0,64.0
11.2,1625449482.0,64.0
6.42,1625449482.0,64.0
1.95,1625449482.0,64.0
-2.25,1625449482.0,64.0
-6.37,1625449482.0,64.0
-10.57,1625449482.0,64.0
-14.82,1625449482.0,64.0
-18.96,1625449482.0,64.0
-22.73,1625449482.0,64.0
-26.02,1625449482.0,64.0
-28.87,1625449482.0,64.0
-31.55,1625449482.0,64.0
-34.37,1625449482.0,64.0
-37.59,1625449482.0,64.0
-41.3,1625449482.0,64.0
-45.34,1625449482.0,64.0
-49.34,1625449482.0,64.0
-52.69,1625449482.0,64.0
-54.69,1625449482.0,64.0
-54.64,1625449482.0,64.0
-52.12,1625449482.0,64.0
-47.06,1625449482.0,64.0
-39.86,1625449482.0,64.0
-31.19,1625449482.0,64.0
-21.82,1625449482.0,64.0
-12.4,1625449482.0,64.0
-3.31,1625449482.0,64.0
5.29,1625449482.0,64.0
13.32,1625449482.0,64.0
20.58,1625449482.0,64.0
26.77,1625449482.0,64.0
31.48,1625449482.0,64.0
34.54,1625449482.0,64.0
36.11,1625449482.0,64.0
36.68,1625449482.0,64.0
36.97,1625449482.0,64.0
37.56,1625449482.0,64.0
38.67,1625449482.0,64.0
40.11,1625449482.0,64.0
41.43,1625449482.0,64.0
42.15,1625449482.0,64.0
41.99,1625449482.0,64.0
40.96,1625449482.0,64.0
39.21,1625449482.0,64.0
36.9,1625449482.0,64.0
34.12,1625449482.0,64.0
30.83,1625449482.0,64.0
27.03,1625449482.0,64.0
22.87,1625449482.0,64.0
18.63,1625449482.0,64.0
14.62,1625449482.0,64.0
11.06,1625449482.0,64.0
7.91,1625449482.0,64.0
4.99,1625449482.0,64.0
2.0,1625449482.0,64.0
-1.23,1625449482.0,64.0
-4.73,1625449482.0,64.0
-8.35,1625449482.0,64.0
-11.89,1625449482.0,64.0
-15.21,1625449482.0,64.0
-18.27,1625449482.0,64.0
-21.19,1625449482.0,64.0
-24.16,1625449482.0,64.0
-27.38,1625449482.0,64.0
-31.03,1625449482.0,64.0
-35.16,1625449482.0,64.0
-39.69,1625449482.0,64.0
-44.32,1625449482.0,64.0
-48.53,1625449482.0,64.0
-51.59,1625449482.0,64.0
-52.77,1625449482.0,64.0
-51.49,1625449482.0,64.0
-47.6,1625449482.0,64.0
-41.44,1625449482.0,64.0
-33.69,1625449482.0,64.0
-25.17,1625449482.0,64.0
-16.47,1625449482.0,64.0
-7.78,1625449482.0,64.0
0.95,1625449482.0,64.0
9.69,1625449482.0,64.0
18.08,1625449482.0,64.0
25.34,1625449482.0,64.0
30.52,1625449482.0,64.0
33.1,1625449482.0,64.0
33.21,1625449482.0,64.0
31.7,1625449482.0,64.0
29.7,1625449482.0,64.0
28.13,1625449482.0,64.0
27.29,1625449482.0,64.0
26.93,1625449482.0,64.0
26.59,1625449482.0,64.0
26.0,1625449482.0,64.0
25.19,1625449482.0,64.0
24.4,1625449482.0,64.0
23.71,1625449482.0,64.0
22.93,1625449482.0,64.0
21.66,1625449482.0,64.0
19.58,1625449482.0,64.0
16.73,1625449482.0,64.0
13.46,1625449482.0,64.0
10.22,1625449482.0,64.0
7.23,1625449482.0,64.0
4.42,1625449482.0,64.0
1.51,1625449482.0,64.0
-1.71,1625449482.0,64.0
-5.2,1625449482.0,64.0
-8.71,1625449482.0,64.0
-12.0,1625449482.0,64.0
-14.99,1625449482.0,64.0
-17.76,1625449482.0,64.0
-20.42,1625449482.0,64.0
-22.98,1625449482.0,64.0
-25.3,1625449482.0,64.0
-27.21,1625449482.0,64.0
-28.76,1625449482.0,64.0
-30.21,1625449482.0,64.0
-32.0,1625449482.0,64.0
-34.55,1625449482.0,64.0
-38.01,1625449482.0,64.0
-42.19,1625449482.0,64.0
-46.57,1625449482.0,64.0
-50.45,1625449482.0,64.0
-53.05,1625449482.0,64.0
-53.68,1625449482.0,64.0
-51.92,1625449482.0,64.0
-47.69,1625449482.0,64.0
-41.33,1625449482.0,64.0
-33.49,1625449482.0,64.0
-24.91,1625449482.0,64.0
-16.16,1625449482.0,64.0
-7.55,1625449482.0,64.0
0.78,1625449482.0,64.0
8.7,1625449482.0,64.0
15.94,1625449482.0,64.0
22.09,1625449482.0,64.0
26.78,1625449482.0,64.0
29.9,1625449482.0,64.0
31.74,1625449482.0,64.0
32.84,1625449482.0,64.0
33.74,1625449482.0,64.0
34.72,1625449482.0,64.0
35.71,1625449482.0,64.0
36.4,1625449482.0,64.0
36.4,1625449482.0,64.0
35.52,1625449482.0,64.0
33.77,1625449482.0,64.0
31.36,1625449482.0,64.0
28.52,1625449482.0,64.0
25.41,1625449482.0,64.0
22.13,1625449482.0,64.0
18.73,1625449482.0,64.0
15.28,1625449482.0,64.0
11.94,1625449482.0,64.0
8.86,1625449482.0,64.0
6.16,1625449482.0,64.0
3.86,1625449482.0,64.0
1.86,1625449482.0,64.0
-0.0,1625449482.0,64.0
-1.92,1625449482.0,64.0
-4.01,1625449482.0,64.0
-6.36,1625449482.0,64.0
-8.92,1625449482.0,64.0
-11.59,1625449482.0,64.0
-14.32,1625449482.0,64.0
-17.06,1625449482.0,64.0
-19.86,1625449482.0,64.0
-22.79,1625449482.0,64.0
-25.99,1625449482.0,64.0
-29.55,1625449482.0,64.0
-33.53,1625449482.0,64.0
-37.76,1625449482.0,64.0
-41.81,1625449482.0,64.0
-45.01,1625449482.0,64.0
-46.6,1625449482.0,64.0
-45.93,1625449482.0,64.0
-42.73,1625449482.0,64.0
-37.21,1625449482.0,64.0
-30.0,1625449482.0,64.0
-21.91,1625449482.0,64.0
-13.66,1625449482.0,64.0
-5.69,1625449482.0,64.0
1.79,1625449482.0,64.0
8.66,1625449482.0,64.0
14.74,1625449482.0,64.0
19.69,1625449482.0,64.0
23.21,1625449482.0,64.0
25.19,1625449482.0,64.0
25.91,1625449482.0,64.0
25.97,1625449482.0,64.0
26.06,1625449482.0,64.0
26.69,1625449482.0,64.0
27.96,1625449482.0,64.0
29.58,1625449482.0,64.0
30.97,1625449482.0,64.0
31.6,1625449482.0,64.0
31.16,1625449482.0,64.0
29.66,1625449482.0,64.0
27.35,1625449482.0,64.0
24.62,1625449482.0,64.0
21.78,1625449482.0,64.0
19.08,1625449482.0,64.0
16.56,1625449482.0,64.0
14.18,1625449482.0,64.0
11.8,1625449482.0,64.0
9.39,1625449482.0,64.0
6.92,1625449482.0,64.0
4.53,1625449482.0,64.0
2.37,1625449482.0,64.0
0.5,1625449482.0,64.0
-1.11,1625449482.0,64.0
-2.64,1625449482.0,64.0
-4.32,1625449482.0,64.0
-6.34,1625449482.0,64.0
-8.82,1625449482.0,64.0
-11.78,1625449482.0,64.0
-15.17,1625449482.0,64.0
-18.96,1625449482.0,64.0
-23.05,1625449482.0,64.0
-27.22,1625449482.0,64.0
-31.05,1625449482.0,64.0
-33.95,1625449482.0,64.0
-35.26,1625449482.0,64.0
-34.46,1625449482.0,64.0
-31.37,1625449482.0,64.0
-26.15,1625449482.0,64.0
-19.32,1625449482.0,64.0
-11.54,1625449482.0,64.0
-3.36,1625449482.0,64.0
4.79,1625449482.0,64.0
12.63,1625449482.0,64.0
19.84,1625449482.0,64.0
26.03,1625449482.0,64.0
30.64,1625449482.0,64.0
33.25,1625449482.0,64.0
33.77,1625449482.0,64.0
32.6,1625449482.0,64.0
30.61,1625449482.0,64.0
28.77,1625449482.0,64.0
27.87,1625449482.0,64.0
28.12,1625449482.0,64.0
29.07,1625449482.0,64.0
29.96,1625449482.0,64.0
29.96,1625449482.0,64.0
28.63,1625449482.0,64.0
26.0,1625449482.0,64.0
22.54,1625449482.0,64.0
18.91,1625449482.0,64.0
15.73,1625449482.0,64.0
13.34,1625449482.0,64.0
11.84,1625449482.0,64.0
11.09,1625449482.0,64.0
10.81,1625449482.0,64.0
10.58,1625449482.0,64.0
9.85,1625449482.0,64.0
7.92,1625449482.0,64.0
4.22,1625449482.0,64.0
-1.51,1625449482.0,64.0
-8.88,1625449482.0,64.0
-16.99,1625449482.0,64.0
-24.73,1625449482.0,64.0
-31.36,1625449482.0,64.0
-36.8,1625449482.0,64.0
-41.63,1625449482.0,64.0
-46.51,1625449482.0,64.0
-51.64,1625449482.0,64.0
-56.47,1625449482.0,64.0
-59.92,1625449482.0,64.0
-61.03,1625449482.0,64.0
-59.45,1625449482.0,64.0
-55.59,1625449482.0,64.0
-50.21,1625449482.0,64.0
-43.96,1625449482.0,64.0
-37.03,1625449482.0,64.0
-29.25,1625449482.0,64.0
-20.58,1625449482.0,64.0
-11.39,1625449482.0,64.0
-2.49,1625449482.0,64.0
5.19,1625449482.0,64.0
11.01,1625449482.0,64.0
14.93,1625449482.0,64.0
17.31,1625449482.0,64.0
18.72,1625449482.0,64.0
19.66,1625449482.0,64.0
20.39,1625449482.0,64.0
21.13,1625449482.0,64.0
22.03,1625449482.0,64.0
23.22,1625449482.0,64.0
24.67,1625449482.0,64.0
26.15,1625449482.0,64.0
27.25,1625449482.0,64.0
27.57,1625449482.0,64.0
27.0,1625449482.0,64.0
25.62,1625449482.0,64.0
23.75,1625449482.0,64.0
21.69,1625449482.0,64.0
19.56,1625449482.0,64.0
17.32,1625449482.0,64.0
14.87,1625449482.0,64.0
12.15,1625449482.0,64.0
9.23,1625449482.0,64.0
6.32,1625449482.0,64.0
3.57,1625449482.0,64.0
1.04,1625449482.0,64.0
-1.35,1625449482.0,64.0
-3.79,1625449482.0,64.0
-6.47,1625449482.0,64.0
-9.5,1625449482.0,64.0
-12.89,1625449482.0,64.0
-16.63,1625449482.0,64.0
-20.74,1625449482.0,64.0
-25.26,1625449482.0,64.0
-30.13,1625449482.0,64.0
-35.1,1625449482.0,64.0
-39.62,1625449482.0,64.0
-42.9,1625449482.0,64.0
-44.13,1625449482.0,64.0
-42.83,1625449482.0,64.0
-38.97,1625449482.0,64.0
-33.04,1625449482.0,64.0
-25.81,1625449482.0,64.0
-18.0,1625449482.0,64.0
-10.07,1625449482.0,64.0
-2.17,1625449482.0,64.0
5.69,1625449482.0,64.0
13.37,1625449482.0,64.0
20.51,1625449482.0,64.0
26.52,1625449482.0,64.0
30.73,1625449482.0,64.0
32.68,1625449482.0,64.0
32.27,1625449482.0,64.0
29.87,1625449482.0,64.0
26.23,1625449482.0,64.0
22.23,1625449482.0,64.0
18.67,1625449482.0,64.0
15.95,1625449482.0,64.0
14.03,1625449482.0,64.0
12.54,1625449482.0,64.0
11.08,1625449482.0,64.0
9.45,1625449482.0,64.0
7.8,1625449482.0,64.0
6.47,1625449482.0,64.0
5.73,1625449482.0,64.0
5.5,1625449482.0,64.0
5.37,1625449482.0,64.0
4.75,1625449482.0,64.0
3.3,1625449482.0,64.0
1.1,1625449482.0,64.0
-1.37,1625449482.0,64.0
-3.58,1625449482.0,64.0
-5.31,1625449482.0,64.0
-6.81,1625449482.0,64.0
-8.65,1625449482.0,64.0
-11.29,1625449482.0,64.0
-14.75,1625449482.0,64.0
-18.54,1625449482.0,64.0
-22.08,1625449482.0,64.0
-25.07,1625449482.0,64.0
-27.81,1625449482.0,64.0
-30.9,1625449482.0,64.0
-34.85,1625449482.0,64.0
-39.45,1625449482.0,64.0
-43.71,1625449482.0,64.0
-46.16,1625449482.0,64.0
-45.59,1625449482.0,64.0
-41.59,1625449482.0,64.0
-34.72,1625449482.0,64.0
-26.2,1625449482.0,64.0
-17.25,1625449482.0,64.0
-8.67,1625449482.0,64.0
-0.64,1625449482.0,64.0
6.98,1625449482.0,64.0
14.21,1625449482.0,64.0
20.78,1625449482.0,64.0
26.13,1625449482.0,64.0
29.73,1625449482.0,64.0
31.42,1625449482.0,64.0
31.54,1625449482.0,64.0
30.82,1625449482.0,64.0
30.08,1625449482.0,64.0
29.83,1625449482.0,64.0
30.14,1625449482.0,64.0
30.65,1625449482.0,64.0
30.79,1625449482.0,64.0
30.11,1625449482.0,64.0
28.42,1625449482.0,64.0
25.9,1625449482.0,64.0
22.97,1625449482.0,64.0
20.01,1625449482.0,64.0
17.3,1625449482.0,64.0
14.83,1625449482.0,64.0
12.46,1625449482.0,64.0
10.0,1625449482.0,64.0
7.36,1625449482.0,64.0
4.52,1625449482.0,64.0
1.61,1625449482.0,64.0
-1.26,1625449482.0,64.0
-4.0,1625449482.0,64.0
-6.6,1625449482.0,64.0
-9.11,1625449482.0,64.0
-11.57,1625449482.0,64.0
-14.1,1625449482.0,64.0
-16.78,1625449482.0,64.0
-19.76,1625449482.0,64.0
-23.19,1625449482.0,64.0
-27.18,1625449482.0,64.0
-31.68,1625449482.0,64.0
-36.41,1625449482.0,64.0
-40.84,1625449482.0,64.0
-44.31,1625449482.0,64.0
-46.16,1625449482.0,64.0
-45.89,1625449482.0,64.0
-43.32,1625449482.0,64.0
-38.61,1625449482.0,64.0
-32.21,1625449482.0,64.0
-24.72,1625449482.0,64.0
-16.7,1625449482.0,64.0
-8.59,1625449482.0,64.0
-0.74,1625449482.0,64.0
6.58,1625449482.0,64.0
13.05,1625449482.0,64.0
18.36,1625449482.0,64.0
22.25,1625449482.0,64.0
24.66,1625449482.0,64.0
25.78,1625449482.0,64.0
26.07,1625449482.0,64.0
26.12,1625449482.0,64.0
26.42,1625449482.0,64.0
27.15,1625449482.0,64.0
28.18,1625449482.0,64.0
29.09,1625449482.0,64.0
29.42,1625449482.0,64.0
28.89,1625449482.0,64.0
27.46,1625449482.0,64.0
25.4,1625449482.0,64.0
23.07,1625449482.0,64.0
20.77,1625449482.0,64.0
18.61,1625449482.0,64.0
16.52,1625449482.0,64.0
14.32,1625449482.0,64.0
11.88,1625449482.0,64.0
9.25,1625449482.0,64.0
6.6,1625449482.0,64.0
4.18,1625449482.0,64.0
2.17,1625449482.0,64.0
0.57,1625449482.0,64.0
-0.82,1625449482.0,64.0
-2.27,1625449482.0,64.0
-4.03,1625449482.0,64.0
-6.23,1625449482.0,64.0
-8.83,1625449482.0,64.0
-11.78,1625449482.0,64.0
-14.99,1625449482.0,64.0
-18.46,1625449482.0,64.0
-22.14,1625449482.0,64.0
-25.78,1625449482.0,64.0
-28.88,1625449482.0,64.0
-30.74,1625449482.0,64.0
-30.62,1625449482.0,64.0
-28.03,1625449482.0,64.0
-22.91,1625449482.0,64.0
-15.64,1625449482.0,64.0
-7.0,1625449482.0,64.0
2.11,1625449482.0,64.0
10.88,1625449482.0,64.0
18.64,1625449482.0,64.0
24.91,1625449482.0,64.0
29.46,1625449482.0,64.0
32.21,1625449482.0,64.0
33.33,1625449482.0,64.0
33.23,1625449482.0,64.0
32.62,1625449482.0,64.0
32.32,1625449482.0,64.0
33.0,1625449482.0,64.0
34.85,1625449482.0,64.0
37.45,1625449482.0,64.0
39.71,1625449482.0,64.0
40.26,1625449482.0,64.0
37.98,1625449482.0,64.0
32.62,1625449482.0,64.0
25.03,1625449482.0,64.0
16.92,1625449482.0,64.0
10.06,1625449482.0,64.0
5.47,1625449482.0,64.0
2.97,1625449482.0,64.0
1.41,1625449482.0,64.0
-0.58,1625449482.0,64.0
-3.69,1625449482.0,64.0
-7.59,1625449482.0,64.0
-11.27,1625449482.0,64.0
-13.82,1625449482.0,64.0
-15.17,1625449482.0,64.0
-16.15,1625449482.0,64.0
-17.95,1625449482.0,64.0
-21.24,1625449482.0,64.0
-25.82,1625449482.0,64.0
-30.69,1625449482.0,64.0
-34.87,1625449482.0,64.0
-37.98,1625449482.0,64.0
-40.39,1625449482.0,64.0
-42.78,1625449482.0,64.0
-45.41,1625449482.0,64.0
-47.73,1625449482.0,64.0
-48.57,1625449482.0,64.0
-46.78,1625449482.0,64.0
-41.84,1625449482.0,64.0
-34.2,1625449482.0,64.0
-24.99,1625449482.0,64.0
-15.36,1625449482.0,64.0
-6.07,1625449482.0,64.0
2.64,1625449482.0,64.0
10.76,1625449482.0,64.0
18.18,1625449482.0,64.0
24.5,1625449482.0,64.0
29.17,1625449482.0,64.0
31.87,1625449482.0,64.0
32.75,1625449482.0,64.0
32.41,1625449482.0,64.0
31.67,1625449482.0,64.0
31.2,1625449482.0,64.0
31.18,1625449482.0,64.0
31.43,1625449482.0,64.0
31.47,1625449482.0,64.0
30.94,1625449482.0,64.0
29.69,1625449482.0,64.0
27.86,1625449482.0,64.0
25.7,1625449482.0,64.0
23.41,1625449482.0,64.0
21.08,1625449482.0,64.0
18.62,1625449482.0,64.0
15.95,1625449482.0,64.0
12.98,1625449482.0,64.0
9.76,1625449482.0,64.0
6.37,1625449482.0,64.0
2.94,1625449482.0,64.0
-0.43,1625449482.0,64.0
-3.76,1625449482.0,64.0
-7.07,1625449482.0,64.0
-10.42,1625449482.0,64.0
-13.88,1625449482.0,64.0
-17.53,1625449482.0,64.0
-21.43,1625449482.0,64.0
-25.65,1625449482.0,64.0
-30.27,1625449482.0,64.0
-35.23,1625449482.0,64.0
-40.31,1625449482.0,64.0
-45.01,1625449482.0,64.0
-48.68,1625449482.0,64.0
-50.56,1625449482.0,64.0
-50.1,1625449482.0,64.0
-47.1,1625449482.0,64.0
-41.75,1625449482.0,64.0
-34.63,1625449482.0,64.0
-26.46,1625449482.0,64.0
-17.88,1625449482.0,64.0
-9.34,1625449482.0,64.0
-1.07,1625449482.0,64.0
6.76,1625449482.0,64.0
13.93,1625449482.0,64.0
20.06,1625449482.0,64.0
24.79,1625449482.0,64.0
27.9,1625449482.0,64.0
29.52,1625449482.0,64.0
30.08,1625449482.0,64.0
30.18,1625449482.0,64.0
30.31,1625449482.0,64.0
30.66,1625449482.0,64.0
31.11,1625449482.0,64.0
31.39,1625449482.0,64.0
31.16,1625449482.0,64.0
30.23,1625449482.0,64.0
28.57,1625449482.0,64.0
26.31,1625449482.0,64.0
23.68,1625449482.0,64.0
20.91,1625449482.0,64.0
18.2,1625449482.0,64.0
15.69,1625449482.0,64.0
13.35,1625449482.0,64.0
11.05,1625449482.0,64.0
8.53,1625449482.0,64.0
5.65,1625449482.0,64.0
2.33,1625449482.0,64.0
-1.31,1625449482.0,64.0
-5.08,1625449482.0,64.0
-8.79,1625449482.0,64.0
-12.35,1625449482.0,64.0
-15.81,1625449482.0,64.0
-19.29,1625449482.0,64.0
-22.9,1625449482.0,64.0
-26.72,1625449482.0,64.0
-30.75,1625449482.0,64.0
-34.97,1625449482.0,64.0
-39.27,1625449482.0,64.0
-43.43,1625449482.0,64.0
-47.02,1625449482.0,64.0
-49.43,1625449482.0,64.0
-49.99,1625449482.0,64.0
-48.2,1625449482.0,64.0
-43.94,1625449482.0,64.0
-37.55,1625449482.0,64.0
-29.72,1625449482.0,64.0
-21.2,1625449482.0,64.0
-12.58,1625449482.0,64.0
-4.16,1625449482.0,64.0
3.96,1625449482.0,64.0
11.65,1625449482.0,64.0
18.63,1625449482.0,64.0
24.48,1625449482.0,64.0
28.83,1625449482.0,64.0
31.57,1625449482.0,64.0
32.96,1625449482.0,64.0
33.55,1625449482.0,64.0
33.91,1625449482.0,64.0
34.41,1625449482.0,64.0
35.06,1625449482.0,64.0
35.61,1625449482.0,64.0
35.74,1625449482.0,64.0
35.17,1625449482.0,64.0
33.88,1625449482.0,64.0
31.92,1625449482.0,64.0
29.42,1625449482.0,64.0
26.4,1625449482.0,64.0
22.86,1625449482.0,64.0
18.89,1625449482.0,64.0
14.71,1625449482.0,64.0
10.69,1625449482.0,64.0
7.18,1625449482.0,64.0
4.38,1625449482.0,64.0
2.16,1625449482.0,64.0
0.19,1625449482.0,64.0
-1.88,1625449482.0,64.0
-4.21,1625449482.0,64.0
-6.69,1625449482.0,64.0
-9.09,1625449482.0,64.0
-11.26,1625449482.0,64.0
-13.25,1625449482.0,64.0
-15.38,1625449482.0,64.0
-18.07,1625449482.0,64.0
-21.64,1625449482.0,64.0
-26.23,1625449482.0,64.0
-31.67,1625449482.0,64.0
-37.58,1625449482.0,64.0
-43.39,1625449482.0,64.0
-48.35,1625449482.0,64.0
-51.6,1625449482.0,64.0
-52.24,1625449482.0,64.0
-49.62,1625449482.0,64.0
-43.59,1625449482.0,64.0
-34.7,1625449482.0,64.0
-24.17,1625449482.0,64.0
-13.46,1625449482.0,64.0
-3.85,1625449482.0,64.0
3.92,1625449482.0,64.0
9.83,1625449482.0,64.0
14.26,1625449482.0,64.0
17.7,1625449482.0,64.0
20.41,1625449482.0,64.0
22.29,1625449482.0,64.0
23.07,1625449482.0,64.0
22.64,1625449482.0,64.0
21.28,1625449482.0,64.0
19.63,1625449482.0,64.0
18.55,1625449482.0,64.0
18.67,1625449482.0,64.0
20.02,1625449482.0,64.0
22.02,1625449482.0,64.0
23.65,1625449482.0,64.0
23.98,1625449482.0,64.0
22.6,1625449482.0,64.0
19.92,1625449482.0,64.0
16.85,1625449482.0,64.0
14.35,1625449482.0,64.0
12.88,1625449482.0,64.0
12.14,1625449482.0,64.0
11.36,1625449482.0,64.0
9.77,1625449482.0,64.0
7.13,1625449482.0,64.0
3.8,1625449482.0,64.0
0.57,1625449482.0,64.0
-1.93,1625449482.0,64.0
-3.52,1625449482.0,64.0
-4.59,1625449482.0,64.0
-5.78,1625449482.0,64.0
-7.57,1625449482.0,64.0
-10.09,1625449482.0,64.0
-13.1,1625449482.0,64.0
-16.25,1625449482.0,64.0
-19.41,1625449482.0,64.0
-22.69,1625449482.0,64.0
-26.41,1625449482.0,64.0
-30.8,1625449482.0,64.0
-35.78,1625449482.0,64.0
-40.76,1625449482.0,64.0
-44.83,1625449482.0,64.0
-46.93,1625449482.0,64.0
-46.27,1625449482.0,64.0
-42.55,1625449482.0,64.0
-36.14,1625449482.0,64.0
-27.88,1625449482.0,64.0
-18.8,1625449482.0,64.0
-9.79,1625449482.0,64.0
-1.4,1625449482.0,64.0
6.1,1625449482.0,64.0
12.6,1625449482.0,64.0
18.03,1625449482.0,64.0
22.25,1625449482.0,64.0
25.14,1625449482.0,64.0
26.79,1625449482.0,64.0
27.55,1625449482.0,64.0
28.0,1625449482.0,64.0
28.74,1625449482.0,64.0
30.13,1625449482.0,64.0
32.16,1625449482.0,64.0
34.44,1625449482.0,64.0
36.39,1625449482.0,64.0
37.45,1625449482.0,64.0
37.32,1625449482.0,64.0
35.97,1625449482.0,64.0
33.64,1625449482.0,64.0
30.68,1625449482.0,64.0
27.44,1625449482.0,64.0
24.14,1625449482.0,64.0
20.88,1625449482.0,64.0
17.72,1625449482.0,64.0
14.66,1625449482.0,64.0
11.79,1625449482.0,64.0
9.14,1625449482.0,64.0
6.61,1625449482.0,64.0
3.99,1625449482.0,64.0
0.94,1625449482.0,64.0
-2.78,1625449482.0,64.0
-7.21,1625449482.0,64.0
-12.1,1625449482.0,64.0
-17.05,1625449482.0,64.0
-21.72,1625449482.0,64.0
-26.06,1625449482.0,64.0
-30.29,1625449482.0,64.0
-34.61,1625449482.0,64.0
-38.97,1625449482.0,64.0
-42.85,1625449482.0,64.0
-45.44,1625449482.0,64.0
-45.93,1625449482.0,64.0
-43.9,1625449482.0,64.0
-39.43,1625449482.0,64.0
-33.0,1625449482.0,64.0
-25.28,1625449482.0,64.0
-16.82,1625449482.0,64.0
-8.03,1625449482.0,64.0
0.73,1625449482.0,64.0
9.09,1625449482.0,64.0
16.55,1625449482.0,64.0
22.64,1625449482.0,64.0
27.02,1625449482.0,64.0
29.64,1625449482.0,64.0
30.75,1625449482.0,64.0
30.83,1625449482.0,64.0
30.43,1625449482.0,64.0
30.04,1625449482.0,64.0
29.99,1625449482.0,64.0
30.31,1625449482.0,64.0
30.83,1625449482.0,64.0
31.16,1625449482.0,64.0
30.92,1625449482.0,64.0
29.85,1625449482.0,64.0
27.92,1625449482.0,64.0
25.32,1625449482.0,64.0
22.31,1625449482.0,64.0
19.17,1625449482.0,64.0
16.05,1625449482.0,64.0
12.95,1625449482.0,64.0
9.8,1625449482.0,64.0
6.46,1625449482.0,64.0
2.88,1625449482.0,64.0
-0.87,1625449482.0,64.0
-4.64,1625449482.0,64.0
-8.22,1625449482.0,64.0
-11.45,1625449482.0,64.0
-14.34,1625449482.0,64.0
-17.03,1625449482.0,64.0
-19.76,1625449482.0,64.0
-22.76,1625449482.0,64.0
-26.23,1625449482.0,64.0
-30.23,1625449482.0,64.0
-34.68,1625449482.0,64.0
-39.4,1625449482.0,64.0
-44.01,1625449482.0,64.0
-47.94,1625449482.0,64.0
-50.45,1625449482.0,64.0
-50.85,1625449482.0,64.0
-48.66,1625449482.0,64.0
-43.88,1625449482.0,64.0
-36.97,1625449482.0,64.0
-28.67,1625449482.0,64.0
-19.79,1625449482.0,64.0
-10.92,1625449482.0,64.0
-2.38,1625449482.0,64.0
5.66,1625449482.0,64.0
13.02,1625449482.0,64.0
19.43,1625449482.0,64.0
24.53,1625449482.0,64.0
28.08,1625449482.0,64.0
30.04,1625449482.0,64.0
30.73,1625449482.0,64.0
30.65,1625449482.0,64.0
30.38,1625449482.0,64.0
30.33,1625449482.0,64.0
30.62,1625449482.0,64.0
31.09,1625449482.0,64.0
31.39,1625449482.0,64.0
31.17,1625449482.0,64.0
30.25,1625449482.0,64.0
28.64,1625449482.0,64.0
26.56,1625449482.0,64.0
24.28,1625449482.0,64.0
21.97,1625449482.0,64.0
19.69,1625449482.0,64.0
17.33,1625449482.0,64.0
14.78,1625449482.0,64.0
11.92,1625449482.0,64.0
8.77,1625449482.0,64.0
5.4,1625449482.0,64.0
1.93,1625449482.0,64.0
-1.51,1625449482.0,64.0
-4.86,1625449482.0,64.0
-8.11,1625449482.0,64.0
-11.33,1625449482.0,64.0
-14.61,1625449482.0,64.0
-18.04,1625449482.0,64.0
-21.68,1625449482.0,64.0
-25.55,1625449482.0,64.0
-29.67,1625449482.0,64.0
-34.02,1625449482.0,64.0
-38.48,1625449482.0,64.0
-42.78,1625449482.0,64.0
-46.43,1625449482.0,64.0
-48.75,1625449482.0,64.0
-49.02,1625449482.0,64.0
-46.78,1625449482.0,64.0
-41.97,1625449482.0,64.0
-35.02,1625449482.0,64.0
-26.74,1625449482.0,64.0
-17.93,1625449482.0,64.0
-9.21,1625449482.0,64.0
-0.94,1625449482.0,64.0
6.78,1625449482.0,64.0
13.79,1625449482.0,64.0
19.81,1625449482.0,64.0
24.45,1625449482.0,64.0
27.38,1625449482.0,64.0
28.62,1625449482.0,64.0
28.58,1625449482.0,64.0
27.96,1625449482.0,64.0
27.43,1625449482.0,64.0
27.41,1625449482.0,64.0
27.88,1625449482.0,64.0
28.54,1625449482.0,64.0
28.95,1625449482.0,64.0
28.88,1625449482.0,64.0
28.3,1625449482.0,64.0
27.37,1625449482.0,64.0
26.24,1625449482.0,64.0
24.94,1625449482.0,64.0
23.36,1625449482.0,64.0
21.34,1625449482.0,64.0
18.78,1625449482.0,64.0
15.77,1625449482.0,64.0
12.54,1625449482.0,64.0
9.33,1625449482.0,64.0
6.35,1625449482.0,64.0
3.63,1625449482.0,64.0
1.09,1625449482.0,64.0
-1.48,1625449482.0,64.0
-4.3,1625449482.0,64.0
-7.48,1625449482.0,64.0
-11.08,1625449482.0,64.0
-15.01,1625449482.0,64.0
-19.2,1625449482.0,64.0
-23.52,1625449482.0,64.0
-27.97,1625449482.0,64.0
-32.52,1625449482.0,64.0
-37.14,1625449482.0,64.0
-41.59,1625449482.0,64.0
-45.48,1625449482.0,64.0
-48.2,1625449482.0,64.0
-49.1,1625449482.0,64.0
-47.68,1625449482.0,64.0
-43.69,1625449482.0,64.0
-37.31,1625449482.0,64.0
-29.02,1625449482.0,64.0
-19.55,1625449482.0,64.0
-9.69,1625449482.0,64.0
-0.21,1625449482.0,64.0
8.22,1625449482.0,64.0
15.13,1625449482.0,64.0
20.27,1625449482.0,64.0
23.65,1625449482.0,64.0
25.49,1625449482.0,64.0
26.18,1625449482.0,64.0
26.18,1625449482.0,64.0
25.92,1625449482.0,64.0
25.74,1625449482.0,64.0
25.83,1625449482.0,64.0
26.28,1625449482.0,64.0
26.98,1625449482.0,64.0
27.7,1625449482.0,64.0
28.14,1625449482.0,64.0
27.99,1625449482.0,64.0
27.05,1625449482.0,64.0
25.33,1625449482.0,64.0
22.99,1625449482.0,64.0
20.32,1625449482.0,64.0
17.59,1625449482.0,64.0
14.93,1625449482.0,64.0
12.41,1625449482.0,64.0
9.95,1625449482.0,64.0
7.47,1625449482.0,64.0
4.84,1625449482.0,64.0
2.02,1625449482.0,64.0
-1.03,1625449482.0,64.0
-4.24,1625449482.0,64.0
-7.5,1625449482.0,64.0
-10.7,1625449482.0,64.0
-13.78,1625449482.0,64.0
-16.67,1625449482.0,64.0
-19.4,1625449482.0,64.0
-22.05,1625449482.0,64.0
-24.73,1625449482.0,64.0
-27.53,1625449482.0,64.0
-30.58,1625449482.0,64.0
-33.9,1625449482.0,64.0
-37.38,1625449482.0,64.0
-40.69,1625449482.0,64.0
-43.24,1625449482.0,64.0
-44.34,1625449482.0,64.0
-43.36,1625449482.0,64.0
-40.03,1625449482.0,64.0
-34.54,1625449482.0,64.0
-27.46,1625449482.0,64.0
-19.59,1625449482.0,64.0
-11.59,1625449482.0,64.0
-3.95,1625449482.0,64.0
3.13,1625449482.0,64.0
9.56,1625449482.0,64.0
15.19,1625449482.0,64.0
19.76,1625449482.0,64.0
23.0,1625449482.0,64.0
24.75,1625449482.0,64.0
25.17,1625449482.0,64.0
24.7,1625449482.0,64.0
23.93,1625449482.0,64.0
23.32,1625449482.0,64.0
23.09,1625449482.0,64.0
23.14,1625449482.0,64.0
23.19,1625449482.0,64.0
22.93,1625449482.0,64.0
22.26,1625449482.0,64.0
21.18,1625449482.0,64.0
19.76,1625449482.0,64.0
18.07,1625449482.0,64.0
16.1,1625449482.0,64.0
13.86,1625449482.0,64.0
11.42,1625449482.0,64.0
8.98,1625449482.0,64.0
6.78,1625449482.0,64.0
4.99,1625449482.0,64.0
3.62,1625449482.0,64.0
2.45,1625449482.0,64.0
1.16,1625449482.0,64.0
-0.55,1625449482.0,64.0
-2.79,1625449482.0,64.0
-5.52,1625449482.0,64.0
-8.52,1625449482.0,64.0
-11.58,1625449482.0,64.0
-14.62,1625449482.0,64.0
-17.68,1625449482.0,64.0
-20.96,1625449482.0,64.0
-24.7,1625449482.0,64.0
-29.03,1625449482.0,64.0
-33.86,1625449482.0,64.0
-38.82,1625449482.0,64.0
-43.27,1625449482.0,64.0
-46.44,1625449482.0,64.0
-47.61,1625449482.0,64.0
-46.31,1625449482.0,64.0
-42.5,1625449482.0,64.0
-36.51,1625449482.0,64.0
-28.97,1625449482.0,64.0
-20.56,1625449482.0,64.0
-11.88,1625449482.0,64.0
-3.39,1625449482.0,64.0
4.56,1625449482.0,64.0
11.67,1625449482.0,64.0
17.7,1625449482.0,64.0
22.49,1625449482.0,64.0
26.0,1625449482.0,64.0
28.37,1625449482.0,64.0
29.76,1625449482.0,64.0
30.36,1625449482.0,64.0
30.34,1625449482.0,64.0
29.86,1625449482.0,64.0
29.12,1625449482.0,64.0
28.43,1625449482.0,64.0
27.96,1625449482.0,64.0
27.69,1625449482.0,64.0
27.35,1625449482.0,64.0
26.52,1625449482.0,64.0
24.9,1625449482.0,64.0
22.59,1625449482.0,64.0
20.03,1625449482.0,64.0
17.74,1625449482.0,64.0
15.98,1625449482.0,64.0
14.52,1625449482.0,64.0
12.77,1625449482.0,64.0
10.22,1625449482.0,64.0
6.84,1625449482.0,64.0
3.19,1625449482.0,64.0
0.09,1625449482.0,64.0
-1.87,1625449482.0,64.0
-2.73,1625449482.0,64.0
-3.18,1625449482.0,64.0
-4.13,1625449482.0,64.0
-6.24,1625449482.0,64.0
-9.59,1625449482.0,64.0
-13.83,1625449482.0,64.0
-18.47,1625449482.0,64.0
-23.23,1625449482.0,64.0
-28.03,1625449482.0,64.0
-32.84,1625449482.0,64.0
-37.27,1625449482.0,64.0
-40.58,1625449482.0,64.0
-41.88,1625449482.0,64.0
-40.46,1625449482.0,64.0
-36.21,1625449482.0,64.0
-29.63,1625449482.0,64.0
-21.68,1625449482.0,64.0
-13.35,1625449482.0,64.0
-5.41,1625449482.0,64.0
1.78,1625449482.0,64.0
8.11,1625449482.0,64.0
13.56,1625449482.0,64.0
18.01,1625449482.0,64.0
21.28,1625449482.0,64.0
23.28,1625449482.0,64.0
24.18,1625449482.0,64.0
24.4,1625449482.0,64.0
24.53,1625449482.0,64.0
25.05,1625449482.0,64.0
26.09,1625449482.0,64.0
27.43,1625449482.0,64.0
28.56,1625449482.0,64.0
28.95,1625449482.0,64.0
28.28,1625449482.0,64.0
26.57,1625449482.0,64.0
24.1,1625449482.0,64.0
21.24,1625449482.0,64.0
18.31,1625449482.0,64.0
15.47,1625449482.0,64.0
12.72,1625449482.0,64.0
10.02,1625449482.0,64.0
7.26,1625449482.0,64.0
4.34,1625449482.0,64.0
1.24,1625449482.0,64.0
-2.01,1625449482.0,64.0
-5.32,1625449482.0,64.0
-8.63,1625449482.0,64.0
-11.9,1625449482.0,64.0
-15.15,1625449482.0,64.0
-18.49,1625449482.0,64.0
-22.03,1625449482.0,64.0
-25.8,1625449482.0,64.0
-29.8,1625449482.0,64.0
-33.96,1625449482.0,64.0
-38.18,1625449482.0,64.0
-42.37,1625449482.0,64.0
-46.27,1625449482.0,64.0
-49.5,1625449482.0,64.0
-51.48,1625449482.0,64.0
-51.61,1625449482.0,64.0
-49.45,1625449482.0,64.0
-44.94,1625449482.0,64.0
-38.45,1625449482.0,64.0
-30.62,1625449482.0,64.0
-22.17,1625449482.0,64.0
-13.64,1625449482.0,64.0
-5.33,1625449482.0,64.0
2.62,1625449482.0,64.0
10.07,1625449482.0,64.0
16.74,1625449482.0,64.0
22.21,1625449482.0,64.0
26.15,1625449482.0,64.0
28.47,1625449482.0,64.0
29.4,1625449482.0,64.0
29.49,1625449482.0,64.0
29.33,1625449482.0,64.0
29.34,1625449482.0,64.0
29.62,1625449482.0,64.0
29.96,1625449482.0,64.0
29.94,1625449482.0,64.0
29.25,1625449482.0,64.0
27.75,1625449482.0,64.0
25.46,1625449482.0,64.0
22.57,1625449482.0,64.0
19.23,1625449482.0,64.0
15.58,1625449482.0,64.0
11.77,1625449482.0,64.0
7.98,1625449482.0,64.0
4.41,1625449482.0,64.0
1.24,1625449482.0,64.0
-1.51,1625449482.0,64.0
-3.99,1625449482.0,64.0
-6.44,1625449482.0,64.0
-9.05,1625449482.0,64.0
-11.87,1625449482.0,64.0
-14.71,1625449482.0,64.0
-17.39,1625449482.0,64.0
-19.85,1625449482.0,64.0
-22.35,1625449482.0,64.0
-25.32,1625449482.0,64.0
-29.26,1625449482.0,64.0
-34.46,1625449482.0,64.0
-40.91,1625449482.0,64.0
-48.3,1625449482.0,64.0
-56.06,1625449482.0,64.0
-63.48,1625449482.0,64.0
-69.81,1625449482.0,64.0
-74.36,1625449482.0,64.0
-76.57,1625449482.0,64.0
-76.21,1625449482.0,64.0
-73.44,1625449482.0,64.0
-68.78,1625449482.0,64.0
-62.85,1625449482.0,64.0
-56.09,1625449482.0,64.0
-48.62,1625449482.0,64.0
-40.35,1625449482.0,64.0
-31.29,1625449482.0,64.0
-21.86,1625449482.0,64.0
-13.02,1625449482.0,64.0
-6.05,1625449482.0,64.0
-1.97,1625449482.0,64.0
-1.03,1625449482.0,64.0
-2.51,1625449482.0,64.0
-4.98,1625449482.0,64.0
-6.87,1625449482.0,64.0
-7.22,1625449482.0,64.0
-5.79,1625449482.0,64.0
-3.08,1625449482.0,64.0
0.09,1625449482.0,64.0
3.16,1625449482.0,64.0
5.79,1625449482.0,64.0
7.82,1625449482.0,64.0
9.05,1625449482.0,64.0
9.31,1625449482.0,64.0
8.71,1625449482.0,64.0
7.9,1625449482.0,64.0
8.03,1625449482.0,64.0
10.22,1625449482.0,64.0
14.95,1625449482.0,64.0
21.62,1625449482.0,64.0
28.83,1625449482.0,64.0
35.09,1625449482.0,64.0
39.49,1625449482.0,64.0
41.93,1625449482.0,64.0
42.81,1625449482.0,64.0
42.43,1625449482.0,64.0
40.67,1625449482.0,64.0
37.24,1625449482.0,64.0
32.09,1625449482.0,64.0
26.04,1625449482.0,64.0
20.56,1625449482.0,64.0
17.14,1625449482.0,64.0
16.5,1625449482.0,64.0
18.17,1625449482.0,64.0
20.8,1625449482.0,64.0
23.04,1625449482.0,64.0
24.43,1625449482.0,64.0
25.55,1625449482.0,64.0
28.0,1625449482.0,64.0
33.57,1625449482.0,64.0
43.42,1625449482.0,64.0
57.7,1625449482.0,64.0
75.3,1625449482.0,64.0
93.79,1625449482.0,64.0
109.7,1625449482.0,64.0
119.18,1625449482.0,64.0
118.89,1625449482.0,64.0
107.44,1625449482.0,64.0
86.26,1625449482.0,64.0
59.87,1625449482.0,64.0
34.55,1625449482.0,64.0
16.23,1625449482.0,64.0
8.04,1625449482.0,64.0
9.35,1625449482.0,64.0
16.34,1625449482.0,64.0
24.26,1625449482.0,64.0
29.85,1625449482.0,64.0
32.59,1625449482.0,64.0
34.17,1625449482.0,64.0
36.81,1625449482.0,64.0
41.53,1625449482.0,64.0
47.49,1625449482.0,64.0
52.65,1625449482.0,64.0
55.27,1625449482.0,64.0
54.95,1625449482.0,64.0
52.85,1625449482.0,64.0
50.84,1625449482.0,64.0
50.33,1625449482.0,64.0
51.65,1625449482.0,64.0
53.97,1625449482.0,64.0
55.81,1625449482.0,64.0
55.74,1625449482.0,64.0
52.68,1625449482.0,64.0
46.31,1625449482.0,64.0
37.26,1625449482.0,64.0
26.5,1625449482.0,64.0
15.2,1625449482.0,64.0
4.84,1625449482.0,64.0
-3.03,1625449482.0,64.0
-6.89,1625449482.0,64.0
-5.89,1625449482.0,64.0
-0.65,1625449482.0,64.0
6.8,1625449482.0,64.0
14.0,1625449482.0,64.0
18.51,1625449482.0,64.0
18.92,1625449482.0,64.0
15.4,1625449482.0,64.0
9.1,1625449482.0,64.0
1.05,1625449482.0,64.0
-8.53,1625449482.0,64.0
-20.59,1625449482.0,64.0
-35.98,1625449482.0,64.0
-53.91,1625449482.0,64.0
-72.67,1625449482.0,64.0
-90.31,1625449482.0,64.0
-105.42,1625449482.0,64.0
-117.94,1625449482.0,64.0
-129.05,1625449482.0,64.0
-140.15,1625449482.0,64.0
-152.07,1625449482.0,64.0
-163.74,1625449482.0,64.0
-171.87,1625449482.0,64.0
-173.33,1625449482.0,64.0
-166.53,1625449482.0,64.0
-151.81,1625449482.0,64.0
-131.35,1625449482.0,64.0
-108.27,1625449482.0,64.0
-82.36,1625449482.0,64.0
-53.97,1625449482.0,64.0
-26.76,1625449482.0,64.0
0.45,1625449482.0,64.0
32.13,1625449482.0,64.0
71.82,1625449482.0,64.0
120.97,1625449482.0,64.0
177.81,1625449482.0,64.0
236.88,1625449482.0,64.0
289.93,1625449482.0,64.0
327.51,1625449482.0,64.0
342.55,1625449482.0,64.0
333.14,1625449482.0,64.0
301.85,1625449482.0,64.0
254.36,1625449482.0,64.0
197.51,1625449482.0,64.0
137.26,1625449482.0,64.0
77.97,1625449482.0,64.0
22.8,1625449482.0,64.0
-25.64,1625449482.0,64.0
-64.48,1625449482.0,64.0
-90.81,1625449482.0,64.0
-103.82,1625449482.0,64.0
-105.67,1625449482.0,64.0
-100.53,1625449482.0,64.0
-92.96,1625449482.0,64.0
-85.91,1625449482.0,64.0
-79.76,1625449482.0,64.0
-72.8,1625449482.0,64.0
-62.32,1625449482.0,64.0
-46.0,1625449482.0,64.0
-23.39,1625449482.0,64.0
4.06,1625449482.0,64.0
34.06,1625449482.0,64.0
64.1,1625449482.0,64.0
91.74,1625449482.0,64.0
114.54,1625449482.0,64.0
130.11,1625449482.0,64.0
137.04,1625449482.0,64.0
135.94,1625449482.0,64.0
129.74,1625449482.0,64.0
122.91,1625449482.0,64.0
119.73,1625449482.0,64.0
122.23,1625449482.0,64.0
129.09,1625449482.0,64.0
136.35,1625449482.0,64.0
139.4,1625449482.0,64.0
135.29,1625449482.0,64.0
123.77,1625449482.0,64.0
106.66,1625449482.0,64.0
86.27,1625449482.0,64.0
63.97,1625449482.0,64.0
39.76,1625449482.0,64.0
12.89,1625449482.0,64.0
-17.25,1625449482.0,64.0
-50.6,1625449482.0,64.0
-86.5,1625449482.0,64.0
-124.01,1625449482.0,64.0
-162.06,1625449482.0,64.0
-199.47,1625449482.0,64.0
-234.83,1625449482.0,64.0
-266.57,1625449482.0,64.0
-293.12,1625449482.0,64.0
-313.05,1625449482.0,64.0
-325.21,1625449482.0,64.0
-328.54,1625449482.0,64.0
-322.29,1625449482.0,64.0
-306.35,1625449482.0,64.0
-281.75,1625449482.0,64.0
-251.11,1625449482.0,64.0
-218.22,1625449482.0,64.0
-187.19,1625449482.0,64.0
-161.03,1625449482.0,64.0
-140.73,1625449482.0,64.0
-125.12,1625449482.0,64.0
-111.72,1625449482.0,64.0
-98.01,1625449482.0,64.0
-82.69,1625449482.0,64.0
-66.05,1625449482.0,64.0
-49.76,1625449482.0,64.0
-36.14,1625449482.0,64.0
-27.25,1625449482.0,64.0
-24.24,1625449482.0,64.0
-26.98,1625449482.0,64.0
-34.03,1625449482.0,64.0
-43.11,1625449482.0,64.0
-51.74,1625449482.0,64.0
-57.91,1625449482.0,64.0
-60.62,1625449482.0,64.0
-59.97,1625449482.0,64.0
-56.91,1625449482.0,64.0
-52.66,1625449482.0,64.0
-48.35,1625449482.0,64.0
-44.67,1625449482.0,64.0
-42.0,1625449482.0,64.0
-40.37,1625449482.0,64.0
-39.73,1625449482.0,64.0
-40.03,1625449482.0,64.0
-41.09,1625449482.0,64.0
-42.64,1625449482.0,64.0
-44.2,1625449482.0,64.0
-45.16,1625449482.0,64.0
-44.77,1625449482.0,64.0
-42.33,1625449482.0,64.0
-37.32,1625449482.0,64.0
-29.66,1625449482.0,64.0
-19.87,1625449482.0,64.0
-8.98,1625449482.0,64.0
1.81,1625449482.0,64.0
11.65,1625449482.0,64.0
20.34,1625449482.0,64.0
28.36,1625449482.0,64.0
36.4,1625449482.0,64.0
44.86,1625449482.0,64.0
53.42,1625449482.0,64.0
61.17,1625449482.0,64.0
66.97,1625449482.0,64.0
69.95,1625449482.0,64.0
69.78,1625449482.0,64.0
66.53,1625449482.0,64.0
60.56,1625449482.0,64.0
52.59,1625449482.0,64.0
44.0,1625449482.0,64.0
37.11,1625449482.0,64.0
34.84,1625449482.0,64.0
39.78,1625449482.0,64.0
52.87,1625449482.0,64.0
72.44,1625449482.0,64.0
94.39,1625449482.0,64.0
113.4,1625449482.0,64.0
124.82,1625449482.0,64.0
126.08,1625449482.0,64.0
117.3,1625449482.0,64.0
100.66,1625449482.0,64.0
79.28,1625449482.0,64.0
56.17,1625449482.0,64.0
33.72,1625449482.0,64.0
13.68,1625449482.0,64.0
-2.71,1625449482.0,64.0
-14.84,1625449482.0,64.0
-22.94,1625449482.0,64.0
-28.21,1625449482.0,64.0
-32.45,1625449482.0,64.0
-37.47,1625449482.0,64.0
-44.25,1625449482.0,64.0
-52.54,1625449482.0,64.0
-60.84,1625449482.0,64.0
-67.11,1625449482.0,64.0
-69.51,1625449482.0,64.0
-67.05,1625449482.0,64.0
-59.87,1625449482.0,64.0
-49.05,1625449482.0,64.0
-36.25,1625449482.0,64.0
-23.13,1625449482.0,64.0
-11.09,1625449482.0,64.0
-0.92,1625449482.0,64.0
7.14,1625449482.0,64.0
13.28,1625449482.0,64.0
17.93,1625449482.0,64.0
21.51,1625449482.0,64.0
24.24,1625449482.0,64.0
26.04,1625449482.0,64.0
26.71,1625449482.0,64.0
26.05,1625449482.0,64.0
24.19,1625449482.0,64.0
21.58,1625449482.0,64.0
18.91,1625449482.0,64.0
16.9,1625449482.0,64.0
15.93,1625449482.0,64.0
15.99,1625449482.0,64.0
16.57,1625449482.0,64.0
16.99,1625449482.0,64.0
16.56,1625449482.0,64.0
14.85,1625449482.0,64.0
11.8,1625449482.0,64.0
7.6,1625449482.0,64.0
2.64,1625449482.0,64.0
-2.68,1625449482.0,64.0
-7.94,1625449482.0,64.0
-12.8,1625449482.0,64.0
-17.06,1625449482.0,64.0
-20.63,1625449482.0,64.0
-23.73,1625449482.0,64.0
-26.74,1625449482.0,64.0
-30.11,1625449482.0,64.0
-34.09,1625449482.0,64.0
-38.53,1625449482.0,64.0
-42.81,1625449482.0,64.0
-45.98,1625449482.0,64.0
-47.04,1625449482.0,64.0
-45.26,1625449482.0,64.0
-40.26,1625449482.0,64.0
-32.1,1625449482.0,64.0
-21.13,1625449482.0,64.0
-7.93,1625449482.0,64.0
6.7,1625449482.0,64.0
21.82,1625449482.0,64.0
36.38,1625449482.0,64.0
49.35,1625449482.0,64.0
59.99,1625449482.0,64.0
67.98,1625449482.0,64.0
73.55,1625449482.0,64.0
77.25,1625449482.0,64.0
79.74,1625449482.0,64.0
81.46,1625449482.0,64.0
82.45,1625449482.0,64.0
82.38,1625449482.0,64.0
80.78,1625449482.0,64.0
77.23,1625449482.0,64.0
71.65,1625449482.0,64.0
64.18,1625449482.0,64.0
55.2,1625449482.0,64.0
45.09,1625449482.0,64.0
34.21,1625449482.0,64.0
22.83,1625449482.0,64.0
11.23,1625449482.0,64.0
-0.26,1625449482.0,64.0
-11.22,1625449482.0,64.0
-21.29,1625449482.0,64.0
-30.19,1625449482.0,64.0
-37.86,1625449482.0,64.0
-44.47,1625449482.0,64.0
-50.31,1625449482.0,64.0
-55.72,1625449482.0,64.0
-60.97,1625449482.0,64.0
-66.19,1625449482.0,64.0
-71.3,1625449482.0,64.0
-76.01,1625449482.0,64.0
-79.82,1625449482.0,64.0
-82.11,1625449482.0,64.0
-82.22,1625449482.0,64.0
-79.7,1625449482.0,64.0
-74.4,1625449482.0,64.0
-66.61,1625449482.0,64.0
-56.96,1625449482.0,64.0
-46.29,1625449482.0,64.0
-35.38,1625449482.0,64.0
-24.77,1625449482.0,64.0
-14.77,1625449482.0,64.0
-5.56,1625449482.0,64.0
2.66,1625449482.0,64.0
9.63,1625449482.0,64.0
15.12,1625449482.0,64.0
19.08,1625449482.0,64.0
21.8,1625449482.0,64.0
23.82,1625449482.0,64.0
25.84,1625449482.0,64.0
28.39,1625449482.0,64.0
31.66,1625449482.0,64.0
35.37,1625449482.0,64.0
38.92,1625449482.0,64.0
41.65,1625449482.0,64.0
43.14,1625449482.0,64.0
43.35,1625449482.0,64.0
42.62,1625449482.0,64.0
41.55,1625449482.0,64.0
40.69,1625449482.0,64.0
40.34,1625449482.0,64.0
40.45,1625449482.0,64.0
40.7,1625449482.0,64.0
40.68,1625449482.0,64.0
40.02,1625449482.0,64.0
38.57,1625449482.0,64.0
36.29,1625449482.0,64.0
33.3,1625449482.0,64.0
29.67,1625449482.0,64.0
25.45,1625449482.0,64.0
20.68,1625449482.0,64.0
15.38,1625449482.0,64.0
9.57,1625449482.0,64.0
3.39,1625449482.0,64.0
-2.9,1625449482.0,64.0
-8.87,1625449482.0,64.0
-13.93,1625449482.0,64.0
-17.45,1625449482.0,64.0
-18.92,1625449482.0,64.0
-18.14,1625449482.0,64.0
-15.31,1625449482.0,64.0
-10.95,1625449482.0,64.0
-5.65,1625449482.0,64.0
0.08,1625449482.0,64.0
5.92,1625449482.0,64.0
11.69,1625449482.0,64.0
17.2,1625449482.0,64.0
22.07,1625449482.0,64.0
25.81,1625449482.0,64.0
27.97,1625449482.0,64.0
28.37,1625449482.0,64.0
27.22,1625449482.0,64.0
25.1,1625449482.0,64.0
22.71,1625449482.0,64.0
20.63,1625449482.0,64.0
19.08,1625449482.0,64.0
17.87,1625449482.0,64.0
16.63,1625449482.0,64.0
14.93,1625449482.0,64.0
12.6,1625449482.0,64.0
9.77,1625449482.0,64.0
6.82,1625449482.0,64.0
4.18,1625449482.0,64.0
2.13,1625449482.0,64.0
0.68,1625449482.0,64.0
-0.45,1625449482.0,64.0
-1.56,1625449482.0,64.0
-2.9,1625449482.0,64.0
-4.48,1625449482.0,64.0
-6.12,1625449482.0,64.0
-7.54,1625449482.0,64.0
-8.57,1625449482.0,64.0
-9.19,1625449482.0,64.0
-9.59,1625449482.0,64.0
-10.07,1625449482.0,64.0
-10.98,1625449482.0,64.0
-12.58,1625449482.0,64.0
-15.01,1625449482.0,64.0
-18.14,1625449482.0,64.0
-21.57,1625449482.0,64.0
-24.69,1625449482.0,64.0
-26.68,1625449482.0,64.0
-26.8,1625449482.0,64.0
-24.6,1625449482.0,64.0
-20.01,1625449482.0,64.0
-13.47,1625449482.0,64.0
-5.65,1625449482.0,64.0
2.65,1625449482.0,64.0
10.7,1625449482.0,64.0
17.98,1625449482.0,64.0
24.11,1625449482.0,64.0
28.86,1625449482.0,64.0
32.07,1625449482.0,64.0
33.76,1625449482.0,64.0
34.07,1625449482.0,64.0
33.44,1625449482.0,64.0
32.44,1625449482.0,64.0
31.64,1625449482.0,64.0
31.45,1625449482.0,64.0
31.94,1625449482.0,64.0
32.84,1625449482.0,64.0
33.67,1625449482.0,64.0
33.94,1625449482.0,64.0
33.29,1625449482.0,64.0
31.65,1625449482.0,64.0
29.15,1625449482.0,64.0
26.04,1625449482.0,64.0
22.55,1625449482.0,64.0
18.83,1625449482.0,64.0
14.98,1625449482.0,64.0
11.06,1625449482.0,64.0
7.26,1625449482.0,64.0
3.86,1625449482.0,64.0
1.2,1625449482.0,64.0
-0.53,1625449482.0,64.0
-1.36,1625449482.0,64.0
-1.63,1625449482.0,64.0
-1.85,1625449482.0,64.0
-2.53,1625449482.0,64.0
-4.03,1625449482.0,64.0
-6.43,1625449482.0,64.0
-9.55,1625449482.0,64.0
-12.98,1625449482.0,64.0
-16.14,1625449482.0,64.0
-18.51,1625449482.0,64.0
-19.68,1625449482.0,64.0
-19.52,1625449482.0,64.0
-18.14,1625449482.0,64.0
-15.8,1625449482.0,64.0
-12.73,1625449482.0,64.0
-9.07,1625449482.0,64.0
-4.77,1625449482.0,64.0
0.25,1625449482.0,64.0
5.87,1625449482.0,64.0
11.67,1625449482.0,64.0
16.95,1625449482.0,64.0
21.0,1625449482.0,64.0
23.45,1625449482.0,64.0
24.46,1625449482.0,64.0
24.6,1625449482.0,64.0
24.6,1625449482.0,64.0
24.9,1625449482.0,64.0
25.52,1625449482.0,64.0
26.05,1625449482.0,64.0
25.98,1625449482.0,64.0
25.01,1625449482.0,64.0
23.16,1625449482.0,64.0
20.82,1625449482.0,64.0
18.41,1625449482.0,64.0
16.2,1625449482.0,64.0
14.2,1625449482.0,64.0
12.2,1625449482.0,64.0
10.01,1625449482.0,64.0
7.6,1625449482.0,64.0
5.07,1625449482.0,64.0
2.64,1625449482.0,64.0
0.5,1625449482.0,64.0
-1.33,1625449482.0,64.0
-2.94,1625449482.0,64.0
-4.53,1625449482.0,64.0
-6.3,1625449482.0,64.0
-8.34,1625449482.0,64.0
-10.73,1625449482.0,64.0
-13.39,1625449482.0,64.0
-16.28,1625449482.0,64.0
-19.27,1625449482.0,64.0
-22.1,1625449482.0,64.0
-24.39,1625449482.0,64.0
-25.7,1625449482.0,64.0
-25.59,1625449482.0,64.0
-23.81,1625449482.0,64.0
-20.37,1625449482.0,64.0
-15.52,1625449482.0,64.0
-9.73,1625449482.0,64.0
-3.48,1625449482.0,64.0
2.77,1625449482.0,64.0
8.68,1625449482.0,64.0
14.01,1625449482.0,64.0
18.58,1625449482.0,64.0
22.25,1625449482.0,64.0
24.91,1625449482.0,64.0
26.59,1625449482.0,64.0
27.36,1625449482.0,64.0
27.44,1625449482.0,64.0
27.03,1625449482.0,64.0
26.37,1625449482.0,64.0
25.55,1625449482.0,64.0
24.55,1625449482.0,64.0
23.29,1625449482.0,64.0
21.61,1625449482.0,64.0
19.46,1625449482.0,64.0
16.89,1625449482.0,64.0
14.02,1625449482.0,64.0
11.05,1625449482.0,64.0
8.13,1625449482.0,64.0
5.38,1625449482.0,64.0
2.83,1625449482.0,64.0
0.45,1625449482.0,64.0
-1.87,1625449482.0,64.0
-4.15,1625449482.0,64.0
-6.39,1625449482.0,64.0
-8.52,1625449482.0,64.0
-10.45,1625449482.0,64.0
-12.1,1625449482.0,64.0
-13.54,1625449482.0,64.0
-14.93,1625449482.0,64.0
-16.55,1625449482.0,64.0
-18.69,1625449482.0,64.0
-21.53,1625449482.0,64.0
-24.97,1625449482.0,64.0
-28.68,1625449482.0,64.0
-32.0,1625449482.0,64.0
-34.23,1625449482.0,64.0
-34.73,1625449482.0,64.0
-33.18,1625449482.0,64.0
-29.64,1625449482.0,64.0
-24.54,1625449482.0,64.0
-18.51,1625449482.0,64.0
-12.22,1625449482.0,64.0
-6.16,1625449482.0,64.0
-0.57,1625449482.0,64.0
4.47,1625449482.0,64.0
8.94,1625449482.0,64.0
12.8,1625449482.0,64.0
15.96,1625449482.0,64.0
18.31,1625449482.0,64.0
19.81,1625449482.0,64.0
20.57,1625449482.0,64.0
20.84,1625449482.0,64.0
20.87,1625449482.0,64.0
20.8,1625449482.0,64.0
20.65,1625449482.0,64.0
20.27,1625449482.0,64.0
19.54,1625449482.0,64.0
18.42,1625449482.0,64.0
17.04,1625449482.0,64.0
15.62,1625449482.0,64.0
14.37,1625449482.0,64.0
13.35,1625449482.0,64.0
12.46,1625449482.0,64.0
11.43,1625449482.0,64.0
10.0,1625449482.0,64.0
8.03,1625449482.0,64.0
5.55,1625449482.0,64.0
2.83,1625449482.0,64.0
0.13,1625449482.0,64.0
-2.39,1625449482.0,64.0
-4.74,1625449482.0,64.0
-7.13,1625449482.0,64.0
-9.78,1625449482.0,64.0
-12.84,1625449482.0,64.0
-16.26,1625449482.0,64.0
-19.88,1625449482.0,64.0
-23.53,1625449482.0,64.0
-27.09,1625449482.0,64.0
-30.48,1625449482.0,64.0
-33.53,1625449482.0,64.0
-35.86,1625449482.0,64.0
-36.96,1625449482.0,64.0
-36.31,1625449482.0,64.0
-33.68,1625449482.0,64.0
-29.24,1625449482.0,64.0
-23.5,1625449482.0,64.0
-17.09,1625449482.0,64.0
-10.56,1625449482.0,64.0
-4.23,1625449482.0,64.0
1.75,1625449482.0,64.0
7.17,1625449482.0,64.0
11.82,1625449482.0,64.0
15.38,1625449482.0,64.0
17.71,1625449482.0,64.0
18.93,1625449482.0,64.0
19.43,1625449482.0,64.0
19.68,1625449482.0,64.0
20.04,1625449482.0,64.0
20.6,1625449482.0,64.0
21.18,1625449482.0,64.0
21.58,1625449482.0,64.0
21.61,1625449482.0,64.0
21.24,1625449482.0,64.0
20.56,1625449482.0,64.0
19.64,1625449482.0,64.0
18.53,1625449482.0,64.0
17.17,1625449482.0,64.0
15.46,1625449482.0,64.0
13.31,1625449482.0,64.0
10.74,1625449482.0,64.0
7.85,1625449482.0,64.0
4.82,1625449482.0,64.0
1.9,1625449482.0,64.0
-0.69,1625449482.0,64.0
-2.81,1625449482.0,64.0
-4.48,1625449482.0,64.0
-5.86,1625449482.0,64.0
-7.28,1625449482.0,64.0
-9.01,1625449482.0,64.0
-11.32,1625449482.0,64.0
-14.23,1625449482.0,64.0
-17.63,1625449482.0,64.0
-21.17,1625449482.0,64.0
-24.4,1625449482.0,64.0
-26.82,1625449482.0,64.0
-28.02,1625449482.0,64.0
-27.73,1625449482.0,64.0
-25.86,1625449482.0,64.0
-22.55,1625449482.0,64.0
-18.13,1625449482.0,64.0
-12.98,1625449482.0,64.0
-7.56,1625449482.0,64.0
-2.27,1625449482.0,64.0
2.57,1625449482.0,64.0
6.75,1625449482.0,64.0
10.1,1625449482.0,64.0
12.49,1625449482.0,64.0
13.9,1625449482.0,64.0
14.47,1625449482.0,64.0
14.48,1625449482.0,64.0
14.29,1625449482.0,64.0
14.27,1625449482.0,64.0
14.61,1625449482.0,64.0
15.24,1625449482.0,64.0
15.95,1625449482.0,64.0
16.44,1625449482.0,64.0
16.54,1625449482.0,64.0
16.34,1625449482.0,64.0
16.01,1625449482.0,64.0
15.71,1625449482.0,64.0
15.43,1625449482.0,64.0
14.95,1625449482.0,64.0
13.94,1625449482.0,64.0
12.19,1625449482.0,64.0
9.69,1625449482.0,64.0
6.7,1625449482.0,64.0
3.59,1625449482.0,64.0
0.64,1625449482.0,64.0
-2.11,1625449482.0,64.0
-4.73,1625449482.0,64.0
-7.4,1625449482.0,64.0
-10.22,1625449482.0,64.0
-13.12,1625449482.0,64.0
-15.96,1625449482.0,64.0
-18.63,1625449482.0,64.0
-21.08,1625449482.0,64.0
-23.29,1625449482.0,64.0
-25.19,1625449482.0,64.0
-26.56,1625449482.0,64.0
-27.06,1625449482.0,64.0
-26.32,1625449482.0,64.0
-24.11,1625449482.0,64.0
-20.44,1625449482.0,64.0
-15.59,1625449482.0,64.0
-10.04,1625449482.0,64.0
-4.28,1625449482.0,64.0
1.24,1625449482.0,64.0
6.13,1625449482.0,64.0
10.1,1625449482.0,64.0
12.93,1625449482.0,64.0
14.59,1625449482.0,64.0
15.17,1625449482.0,64.0
14.97,1625449482.0,64.0
14.41,1625449482.0,64.0
13.91,1625449482.0,64.0
13.68,1625449482.0,64.0
13.79,1625449482.0,64.0
14.02,1625449482.0,64.0
14.08,1625449482.0,64.0
13.81,1625449482.0,64.0
13.19,1625449482.0,64.0
12.37,1625449482.0,64.0
11.58,1625449482.0,64.0
10.93,1625449482.0,64.0
10.32,1625449482.0,64.0
9.5,1625449482.0,64.0
8.15,1625449482.0,64.0
6.05,1625449482.0,64.0
3.27,1625449482.0,64.0
0.04,1625449482.0,64.0
-3.29,1625449482.0,64.0
-6.42,1625449482.0,64.0
-9.24,1625449482.0,64.0
-11.79,1625449482.0,64.0
-14.24,1625449482.0,64.0
-16.74,1625449482.0,64.0
-19.44,1625449482.0,64.0
-22.39,1625449482.0,64.0
-25.58,1625449482.0,64.0
-28.92,1625449482.0,64.0
-32.17,1625449482.0,64.0
-34.95,1625449482.0,64.0
-36.76,1625449482.0,64.0
-37.1,1625449482.0,64.0
-35.63,1625449482.0,64.0
-32.32,1625449482.0,64.0
-27.43,1625449482.0,64.0
-21.45,1625449482.0,64.0
-14.89,1625449482.0,64.0
-8.19,1625449482.0,64.0
-1.71,1625449482.0,64.0
4.25,1625449482.0,64.0
9.39,1625449482.0,64.0
13.49,1625449482.0,64.0
16.45,1625449482.0,64.0
18.4,1625449482.0,64.0
19.69,1625449482.0,64.0
20.71,1625449482.0,64.0
21.78,1625449482.0,64.0
22.98,1625449482.0,64.0
24.21,1625449482.0,64.0
25.26,1625449482.0,64.0
25.93,1625449482.0,64.0
26.08,1625449482.0,64.0
25.67,1625449482.0,64.0
24.76,1625449482.0,64.0
23.39,1625449482.0,64.0
21.71,1625449482.0,64.0
19.85,1625449482.0,64.0
17.92,1625449482.0,64.0
16.01,1625449482.0,64.0
14.11,1625449482.0,64.0
12.18,1625449482.0,64.0
10.18,1625449482.0,64.0
8.12,1625449482.0,64.0
6.01,1625449482.0,64.0
3.87,1625449482.0,64.0
1.66,1625449482.0,64.0
-0.72,1625449482.0,64.0
-3.37,1625449482.0,64.0
-6.37,1625449482.0,64.0
-9.68,1625449482.0,64.0
-13.19,1625449482.0,64.0
-16.79,1625449482.0,64.0
-20.36,1625449482.0,64.0
-23.76,1625449482.0,64.0
-26.76,1625449482.0,64.0
-29.02,1625449482.0,64.0
-30.09,1625449482.0,64.0
-29.58,1625449482.0,64.0
-27.31,1625449482.0,64.0
-23.36,1625449482.0,64.0
-18.08,1625449482.0,64.0
-11.94,1625449482.0,64.0
-5.48,1625449482.0,64.0
0.85,1625449482.0,64.0
6.59,1625449482.0,64.0
11.36,1625449482.0,64.0
14.84,1625449482.0,64.0
16.92,1625449482.0,64.0
17.75,1625449482.0,64.0
17.76,1625449482.0,64.0
17.48,1625449482.0,64.0
17.38,1625449482.0,64.0
17.67,1625449482.0,64.0
18.33,1625449482.0,64.0
19.15,1625449482.0,64.0
19.9,1625449482.0,64.0
20.42,1625449482.0,64.0
20.71,1625449482.0,64.0
20.77,1625449482.0,64.0
20.63,1625449482.0,64.0
20.28,1625449482.0,64.0
19.64,1625449482.0,64.0
18.64,1625449482.0,64.0
17.2,1625449482.0,64.0
15.33,1625449482.0,64.0
13.04,1625449482.0,64.0
10.39,1625449482.0,64.0
7.46,1625449482.0,64.0
4.35,1625449482.0,64.0
1.25,1625449482.0,64.0
-1.72,1625449482.0,64.0
-4.47,1625449482.0,64.0
-7.01,1625449482.0,64.0
-9.48,1625449482.0,64.0
-12.05,1625449482.0,64.0
-14.9,1625449482.0,64.0
-18.14,1625449482.0,64.0
-21.75,1625449482.0,64.0
-25.56,1625449482.0,64.0
-29.23,1625449482.0,64.0
-32.34,1625449482.0,64.0
-34.45,1625449482.0,64.0
-35.15,1625449482.0,64.0
-34.21,1625449482.0,64.0
-31.6,1625449482.0,64.0
-27.52,1625449482.0,64.0
-22.32,1625449482.0,64.0
-16.45,1625449482.0,64.0
-10.31,1625449482.0,64.0
-4.29,1625449482.0,64.0
1.26,1625449482.0,64.0
6.05,1625449482.0,64.0
9.87,1625449482.0,64.0
12.62,1625449482.0,64.0
14.39,1625449482.0,64.0
15.4,1625449482.0,64.0
15.92,1625449482.0,64.0
16.28,1625449482.0,64.0
16.68,1625449482.0,64.0
17.2,1625449482.0,64.0
17.79,1625449482.0,64.0
18.33,1625449482.0,64.0
18.7,1625449482.0,64.0
18.83,1625449482.0,64.0
18.69,1625449482.0,64.0
18.28,1625449482.0,64.0
17.58,1625449482.0,64.0
16.56,1625449482.0,64.0
15.15,1625449482.0,64.0
13.31,1625449482.0,64.0
11.02,1625449482.0,64.0
8.3,1625449482.0,64.0
5.28,1625449482.0,64.0
2.13,1625449482.0,64.0
-0.96,1625449482.0,64.0
-3.88,1625449482.0,64.0
-6.62,1625449482.0,64.0
-9.25,1625449482.0,64.0
-11.87,1625449482.0,64.0
-14.53,1625449482.0,64.0
-17.24,1625449482.0,64.0
-19.94,1625449482.0,64.0
-22.58,1625449482.0,64.0
-25.21,1625449482.0,64.0
-27.88,1625449482.0,64.0
-30.63,1625449482.0,64.0
-33.33,1625449482.0,64.0
-35.64,1625449482.0,64.0
-37.05,1625449482.0,64.0
-37.05,1625449482.0,64.0
-35.26,1625449482.0,64.0
-31.64,1625449482.0,64.0
-26.49,1625449482.0,64.0
-20.35,1625449482.0,64.0
-13.88,1625449482.0,64.0
-7.69,1625449482.0,64.0
-2.22,1625449482.0,64.0
2.32,1625449482.0,64.0
5.87,1625449482.0,64.0
8.47,1625449482.0,64.0
10.22,1625449482.0,64.0
11.25,1625449482.0,64.0
11.77,1625449482.0,64.0
12.05,1625449482.0,64.0
12.37,1625449482.0,64.0
12.97,1625449482.0,64.0
13.93,1625449482.0,64.0
15.1,1625449482.0,64.0
16.21,1625449482.0,64.0
16.94,1625449482.0,64.0
17.1,1625449482.0,64.0
16.64,1625449482.0,64.0
15.68,1625449482.0,64.0
14.35,1625449482.0,64.0
12.81,1625449482.0,64.0
11.08,1625449482.0,64.0
9.16,1625449482.0,64.0
7.06,1625449482.0,64.0
4.77,1625449482.0,64.0
2.35,1625449482.0,64.0
-0.16,1625449482.0,64.0
-2.7,1625449482.0,64.0
-5.22,1625449482.0,64.0
-7.66,1625449482.0,64.0
-9.95,1625449482.0,64.0
-12.05,1625449482.0,64.0
-13.93,1625449482.0,64.0
-15.66,1625449482.0,64.0
-17.36,1625449482.0,64.0
-19.2,1625449482.0,64.0
-21.35,1625449482.0,64.0
-23.85,1625449482.0,64.0
-26.62,1625449482.0,64.0
-29.3,1625449482.0,64.0
-31.36,1625449482.0,64.0
-32.2,1625449482.0,64.0
-31.4,1625449482.0,64.0
-28.83,1625449482.0,64.0
-24.67,1625449482.0,64.0
-19.39,1625449482.0,64.0
-13.52,1625449482.0,64.0
-7.54,1625449482.0,64.0
-1.79,1625449482.0,64.0
3.51,1625449482.0,64.0
8.23,1625449482.0,64.0
12.29,1625449482.0,64.0
15.63,1625449482.0,64.0
18.28,1625449482.0,64.0
20.35,1625449482.0,64.0
22.06,1625449482.0,64.0
23.61,1625449482.0,64.0
25.17,1625449482.0,64.0
26.81,1625449482.0,64.0
28.47,1625449482.0,64.0
30.03,1625449482.0,64.0
31.34,1625449482.0,64.0
32.26,1625449482.0,64.0
32.69,1625449482.0,64.0
32.56,1625449482.0,64.0
31.84,1625449482.0,64.0
30.55,1625449482.0,64.0
28.72,1625449482.0,64.0
26.49,1625449482.0,64.0
23.98,1625449482.0,64.0
21.32,1625449482.0,64.0
18.66,1625449482.0,64.0
16.09,1625449482.0,64.0
13.71,1625449482.0,64.0
11.54,1625449482.0,64.0
9.52,1625449482.0,64.0
7.56,1625449482.0,64.0
5.48,1625449482.0,64.0
3.19,1625449482.0,64.0
0.62,1625449482.0,64.0
-2.23,1625449482.0,64.0
-5.3,1625449482.0,64.0
-8.55,1625449482.0,64.0
-11.87,1625449482.0,64.0
-15.09,1625449482.0,64.0
-17.94,1625449482.0,64.0
-20.04,1625449482.0,64.0
-21.0,1625449482.0,64.0
-20.56,1625449482.0,64.0
-18.7,1625449482.0,64.0
-15.59,1625449482.0,64.0
-11.57,1625449482.0,64.0
-7.02,1625449482.0,64.0
-2.36,1625449482.0,64.0
2.07,1625449482.0,64.0
5.89,1625449482.0,64.0
8.82,1625449482.0,64.0
10.67,1625449482.0,64.0
11.5,1625449482.0,64.0
11.59,1625449482.0,64.0
11.36,1625449482.0,64.0
11.3,1625449482.0,64.0
11.68,1625449482.0,64.0
12.57,1625449482.0,64.0
13.78,1625449482.0,64.0
14.97,1625449482.0,64.0
15.82,1625449482.0,64.0
16.15,1625449482.0,64.0
15.97,1625449482.0,64.0
15.38,1625449482.0,64.0
14.56,1625449482.0,64.0
13.57,1625449482.0,64.0
12.43,1625449482.0,64.0
11.07,1625449482.0,64.0
9.44,1625449482.0,64.0
7.51,1625449482.0,64.0
5.31,1625449482.0,64.0
2.89,1625449482.0,64.0
0.28,1625449482.0,64.0
-2.5,1625449482.0,64.0
-5.47,1625449482.0,64.0
-8.6,1625449482.0,64.0
-11.83,1625449482.0,64.0
-15.06,1625449482.0,64.0
-18.16,1625449482.0,64.0
-21.11,1625449482.0,64.0
-23.94,1625449482.0,64.0
-26.75,1625449482.0,64.0
-29.58,1625449482.0,64.0
-32.33,1625449482.0,64.0
-34.65,1625449482.0,64.0
-36.09,1625449482.0,64.0
-36.16,1625449482.0,64.0
-34.58,1625449482.0,64.0
-31.42,1625449482.0,64.0
-27.04,1625449482.0,64.0
-21.94,1625449482.0,64.0
-16.57,1625449482.0,64.0
-11.17,1625449482.0,64.0
-5.81,1625449482.0,64.0
-0.54,1625449482.0,64.0
4.49,1625449482.0,64.0
9.04,1625449482.0,64.0
12.83,1625449482.0,64.0
15.72,1625449482.0,64.0
17.77,1625449482.0,64.0
19.21,1625449482.0,64.0
20.3,1625449482.0,64.0
21.21,1625449482.0,64.0
21.95,1625449482.0,64.0
22.37,1625449482.0,64.0
22.32,1625449482.0,64.0
21.73,1625449482.0,64.0
20.71,1625449482.0,64.0
19.44,1625449482.0,64.0
18.15,1625449482.0,64.0
16.93,1625449482.0,64.0
15.74,1625449482.0,64.0
14.38,1625449482.0,64.0
12.62,1625449482.0,64.0
10.28,1625449482.0,64.0
7.33,1625449482.0,64.0
3.95,1625449482.0,64.0
0.41,1625449482.0,64.0
-3.01,1625449482.0,64.0
-6.11,1625449482.0,64.0
-8.86,1625449482.0,64.0
-11.34,1625449482.0,64.0
-13.7,1625449482.0,64.0
-16.07,1625449482.0,64.0
-18.58,1625449482.0,64.0
-21.31,1625449482.0,64.0
-24.36,1625449482.0,64.0
-27.71,1625449482.0,64.0
-31.28,1625449482.0,64.0
-34.74,1625449482.0,64.0
-37.63,1625449482.0,64.0
-39.34,1625449482.0,64.0
-39.36,1625449482.0,64.0
-37.43,1625449482.0,64.0
-33.61,1625449482.0,64.0
-28.34,1625449482.0,64.0
-22.16,1625449482.0,64.0
-15.58,1625449482.0,64.0
-9.0,1625449482.0,64.0
-2.65,1625449482.0,64.0
3.27,1625449482.0,64.0
8.56,1625449482.0,64.0
12.92,1625449482.0,64.0
16.11,1625449482.0,64.0
18.0,1625449482.0,64.0
18.73,1625449482.0,64.0
18.64,1625449482.0,64.0
18.17,1625449482.0,64.0
17.78,1625449482.0,64.0
17.74,1625449482.0,64.0
18.12,1625449482.0,64.0
18.78,1625449482.0,64.0
19.51,1625449482.0,64.0
20.08,1625449482.0,64.0
20.36,1625449482.0,64.0
20.32,1625449482.0,64.0
20.02,1625449482.0,64.0
19.52,1625449482.0,64.0
18.85,1625449482.0,64.0
17.9,1625449482.0,64.0
16.53,1625449482.0,64.0
14.62,1625449482.0,64.0
12.14,1625449482.0,64.0
9.23,1625449482.0,64.0
6.14,1625449482.0,64.0
3.06,1625449482.0,64.0
0.09,1625449482.0,64.0
-2.83,1625449482.0,64.0
-5.84,1625449482.0,64.0
-9.1,1625449482.0,64.0
-12.63,1625449482.0,64.0
-16.38,1625449482.0,64.0
-20.31,1625449482.0,64.0
-24.39,1625449482.0,64.0
-28.64,1625449482.0,64.0
-33.0,1625449482.0,64.0
-37.22,1625449482.0,64.0
-40.78,1625449482.0,64.0
-43.04,1625449482.0,64.0
-43.39,1625449482.0,64.0
-41.53,1625449482.0,64.0
-37.52,1625449482.0,64.0
-31.76,1625449482.0,64.0
-24.82,1625449482.0,64.0
-17.21,1625449482.0,64.0
-9.35,1625449482.0,64.0
-1.63,1625449482.0,64.0
5.59,1625449482.0,64.0
11.9,1625449482.0,64.0
16.96,1625449482.0,64.0
20.62,1625449482.0,64.0
23.02,1625449482.0,64.0
24.57,1625449482.0,64.0
25.76,1625449482.0,64.0
27.02,1625449482.0,64.0
28.49,1625449482.0,64.0
30.06,1625449482.0,64.0
31.47,1625449482.0,64.0
32.41,1625449482.0,64.0
32.73,1625449482.0,64.0
32.4,1625449482.0,64.0
31.56,1625449482.0,64.0
30.42,1625449482.0,64.0
29.13,1625449482.0,64.0
27.75,1625449482.0,64.0
26.25,1625449482.0,64.0
24.57,1625449482.0,64.0
22.71,1625449482.0,64.0
20.71,1625449482.0,64.0
18.65,1625449482.0,64.0
16.62,1625449482.0,64.0
14.62,1625449482.0,64.0
12.56,1625449482.0,64.0
10.28,1625449482.0,64.0
7.58,1625449482.0,64.0
4.34,1625449482.0,64.0
0.56,1625449482.0,64.0
-3.63,1625449482.0,64.0
-8.08,1625449482.0,64.0
-12.68,1625449482.0,64.0
-17.39,1625449482.0,64.0
-22.2,1625449482.0,64.0
-27.08,1625449482.0,64.0
-31.82,1625449482.0,64.0
-36.0,1625449482.0,64.0
-39.05,1625449482.0,64.0
-40.44,1625449482.0,64.0
-39.83,1625449482.0,64.0
-37.21,1625449482.0,64.0
-32.89,1625449482.0,64.0
-27.33,1625449482.0,64.0
-20.97,1625449482.0,64.0
-14.13,1625449482.0,64.0
-7.05,1625449482.0,64.0
0.04,1625449482.0,64.0
6.8,1625449482.0,64.0
12.77,1625449482.0,64.0
17.57,1625449482.0,64.0
20.98,1625449482.0,64.0
23.08,1625449482.0,64.0
24.18,1625449482.0,64.0
24.71,1625449482.0,64.0
25.04,1625449482.0,64.0
25.38,1625449482.0,64.0
25.75,1625449482.0,64.0
26.07,1625449482.0,64.0
26.23,1625449482.0,64.0
26.14,1625449482.0,64.0
25.72,1625449482.0,64.0
24.9,1625449482.0,64.0
23.64,1625449482.0,64.0
21.89,1625449482.0,64.0
19.68,1625449482.0,64.0
17.14,1625449482.0,64.0
14.46,1625449482.0,64.0
11.83,1625449482.0,64.0
9.41,1625449482.0,64.0
7.25,1625449482.0,64.0
5.28,1625449482.0,64.0
3.38,1625449482.0,64.0
1.42,1625449482.0,64.0
-0.71,1625449482.0,64.0
-3.11,1625449482.0,64.0
-5.83,1625449482.0,64.0
-8.89,1625449482.0,64.0
-12.31,1625449482.0,64.0
-16.02,1625449482.0,64.0
-20.01,1625449482.0,64.0
-24.27,1625449482.0,64.0
-28.79,1625449482.0,64.0
-33.56,1625449482.0,64.0
-38.38,1625449482.0,64.0
-42.8,1625449482.0,64.0
-46.17,1625449482.0,64.0
-47.75,1625449482.0,64.0
-47.01,1625449482.0,64.0
-43.85,1625449482.0,64.0
-38.6,1625449482.0,64.0
-31.97,1625449482.0,64.0
-24.72,1625449482.0,64.0
-17.51,1625449482.0,64.0
-10.81,1625449482.0,64.0
-4.84,1625449482.0,64.0
0.24,1625449482.0,64.0
4.33,1625449482.0,64.0
7.39,1625449482.0,64.0
9.47,1625449482.0,64.0
10.8,1625449482.0,64.0
11.69,1625449482.0,64.0
12.42,1625449482.0,64.0
13.16,1625449482.0,64.0
13.91,1625449482.0,64.0
14.51,1625449482.0,64.0
14.76,1625449482.0,64.0
14.49,1625449482.0,64.0
13.57,1625449482.0,64.0
12.02,1625449482.0,64.0
9.94,1625449482.0,64.0
7.5,1625449482.0,64.0
4.88,1625449482.0,64.0
2.22,1625449482.0,64.0
-0.39,1625449482.0,64.0
-2.9,1625449482.0,64.0
-5.37,1625449482.0,64.0
-7.84,1625449482.0,64.0
-10.36,1625449482.0,64.0
-12.91,1625449482.0,64.0
-15.44,1625449482.0,64.0
-17.83,1625449482.0,64.0
-19.97,1625449482.0,64.0
-21.78,1625449482.0,64.0
-23.27,1625449482.0,64.0
-24.55,1625449482.0,64.0
-25.83,1625449482.0,64.0
-27.37,1625449482.0,64.0
-29.37,1625449482.0,64.0
-31.97,1625449482.0,64.0
-35.13,1625449482.0,64.0
-38.7,1625449482.0,64.0
-42.33,1625449482.0,64.0
-45.55,1625449482.0,64.0
-47.71,1625449482.0,64.0
-48.2,1625449482.0,64.0
-46.58,1625449482.0,64.0
-42.72,1625449482.0,64.0
-36.92,1625449482.0,64.0
-29.76,1625449482.0,64.0
-21.93,1625449482.0,64.0
-13.99,1625449482.0,64.0
-6.28,1625449482.0,64.0
1.01,1625449482.0,64.0
7.75,1625449482.0,64.0
13.68,1625449482.0,64.0
18.5,1625449482.0,64.0
21.99,1625449482.0,64.0
24.14,1625449482.0,64.0
25.27,1625449482.0,64.0
25.88,1625449482.0,64.0
26.48,1625449482.0,64.0
27.35,1625449482.0,64.0
28.45,1625449482.0,64.0
29.51,1625449482.0,64.0
30.13,1625449482.0,64.0
30.01,1625449482.0,64.0
29.04,1625449482.0,64.0
27.34,1625449482.0,64.0
25.15,1625449482.0,64.0
22.74,1625449482.0,64.0
20.35,1625449482.0,64.0
18.09,1625449482.0,64.0
15.98,1625449482.0,64.0
13.99,1625449482.0,64.0
12.09,1625449482.0,64.0
10.27,1625449482.0,64.0
8.59,1625449482.0,64.0
7.1,1625449482.0,64.0
5.77,1625449482.0,64.0
4.53,1625449482.0,64.0
3.2,1625449482.0,64.0
1.63,1625449482.0,64.0
-0.27,1625449482.0,64.0
-2.48,1625449482.0,64.0
-4.94,1625449482.0,64.0
-7.57,1625449482.0,64.0
-10.34,1625449482.0,64.0
-13.24,1625449482.0,64.0
-16.2,1625449482.0,64.0
-18.97,1625449482.0,64.0
-21.07,1625449482.0,64.0
-21.91,1625449482.0,64.0
-20.95,1625449482.0,64.0
-17.95,1625449482.0,64.0
-13.03,1625449482.0,64.0
-6.66,1625449482.0,64.0
0.46,1625449482.0,64.0
7.63,1625449482.0,64.0
14.27,1625449482.0,64.0
19.95,1625449482.0,64.0
24.46,1625449482.0,64.0
27.7,1625449482.0,64.0
29.72,1625449482.0,64.0
30.74,1625449482.0,64.0
31.06,1625449482.0,64.0
31.05,1625449482.0,64.0
31.0,1625449482.0,64.0
31.04,1625449482.0,64.0
31.12,1625449482.0,64.0
31.01,1625449482.0,64.0
30.52,1625449482.0,64.0
29.55,1625449482.0,64.0
28.14,1625449482.0,64.0
26.47,1625449482.0,64.0
24.76,1625449482.0,64.0
23.12,1625449482.0,64.0
21.49,1625449482.0,64.0
19.63,1625449482.0,64.0
17.25,1625449482.0,64.0
14.1,1625449482.0,64.0
10.15,1625449482.0,64.0
5.66,1625449482.0,64.0
1.09,1625449482.0,64.0
-3.05,1625449482.0,64.0
-6.31,1625449482.0,64.0
-8.54,1625449482.0,64.0
-9.91,1625449482.0,64.0
-10.76,1625449482.0,64.0
-11.55,1625449482.0,64.0
-12.67,1625449482.0,64.0
-14.29,1625449482.0,64.0
-16.41,1625449482.0,64.0
-18.9,1625449482.0,64.0
-21.47,1625449482.0,64.0
-23.76,1625449482.0,64.0
-25.32,1625449482.0,64.0
-25.73,1625449482.0,64.0
-24.72,1625449482.0,64.0
-22.23,1625449482.0,64.0
-18.45,1625449482.0,64.0
-13.7,1625449482.0,64.0
-8.39,1625449482.0,64.0
-2.79,1625449482.0,64.0
2.94,1625449482.0,64.0
8.67,1625449482.0,64.0
14.26,1625449482.0,64.0
19.44,1625449482.0,64.0
23.86,1625449482.0,64.0
27.25,1625449482.0,64.0
29.52,1625449482.0,64.0
30.78,1625449482.0,64.0
31.28,1625449482.0,64.0
31.32,1625449482.0,64.0
31.03,1625449482.0,64.0
30.42,1625449482.0,64.0
29.36,1625449482.0,64.0
27.76,1625449482.0,64.0
25.62,1625449482.0,64.0
23.09,1625449482.0,64.0
20.43,1625449482.0,64.0
17.86,1625449482.0,64.0
15.51,1625449482.0,64.0
13.28,1625449482.0,64.0
10.99,1625449482.0,64.0
8.46,1625449482.0,64.0
5.63,1625449482.0,64.0
2.62,1625449482.0,64.0
-0.31,1625449482.0,64.0
-2.89,1625449482.0,64.0
-4.96,1625449482.0,64.0
-6.58,1625449482.0,64.0
-8.0,1625449482.0,64.0
-9.49,1625449482.0,64.0
-11.29,1625449482.0,64.0
-13.51,1625449482.0,64.0
-16.16,1625449482.0,64.0
-19.26,1625449482.0,64.0
-22.85,1625449482.0,64.0
-26.9,1625449482.0,64.0
-31.22,1625449482.0,64.0
-35.42,1625449482.0,64.0
-38.84,1625449482.0,64.0
-40.79,1625449482.0,64.0
-40.7,1625449482.0,64.0
-38.35,1625449482.0,64.0
-33.88,1625449482.0,64.0
-27.74,1625449482.0,64.0
-20.49,1625449482.0,64.0
-12.68,1625449482.0,64.0
-4.74,1625449482.0,64.0
2.92,1625449482.0,64.0
9.92,1625449482.0,64.0
15.92,1625449482.0,64.0
20.63,1625449482.0,64.0
23.98,1625449482.0,64.0
26.09,1625449482.0,64.0
27.28,1625449482.0,64.0
27.94,1625449482.0,64.0
28.39,1625449482.0,64.0
28.78,1625449482.0,64.0
29.08,1625449482.0,64.0
29.16,1625449482.0,64.0
28.79,1625449482.0,64.0
27.82,1625449482.0,64.0
26.17,1625449482.0,64.0
23.93,1625449482.0,64.0
21.25,1625449482.0,64.0
18.37,1625449482.0,64.0
15.51,1625449482.0,64.0
12.78,1625449482.0,64.0
10.2,1625449482.0,64.0
7.67,1625449482.0,64.0
5.13,1625449482.0,64.0
2.54,1625449482.0,64.0
-0.09,1625449482.0,64.0
-2.7,1625449482.0,64.0
-5.26,1625449482.0,64.0
-7.78,1625449482.0,64.0
-10.28,1625449482.0,64.0
-12.82,1625449482.0,64.0
-15.45,1625449482.0,64.0
-18.24,1625449482.0,64.0
-21.3,1625449482.0,64.0
-24.73,1625449482.0,64.0
-28.57,1625449482.0,64.0
-32.67,1625449482.0,64.0
-36.62,1625449482.0,64.0
-39.83,1625449482.0,64.0
-41.67,1625449482.0,64.0
-41.66,1625449482.0,64.0
-39.61,1625449482.0,64.0
-35.61,1625449482.0,64.0
-30.0,1625449482.0,64.0
-23.2,1625449482.0,64.0
-15.68,1625449482.0,64.0
-7.85,1625449482.0,64.0
-0.21,1625449482.0,64.0
6.74,1625449482.0,64.0
12.52,1625449482.0,64.0
16.79,1625449482.0,64.0
19.51,1625449482.0,64.0
20.96,1625449482.0,64.0
21.64,1625449482.0,64.0
22.1,1625449482.0,64.0
22.76,1625449482.0,64.0
23.78,1625449482.0,64.0
25.02,1625449482.0,64.0
26.14,1625449482.0,64.0
26.72,1625449482.0,64.0
26.44,1625449482.0,64.0
25.22,1625449482.0,64.0
23.19,1625449482.0,64.0
20.62,1625449482.0,64.0
17.83,1625449482.0,64.0
15.08,1625449482.0,64.0
12.54,1625449482.0,64.0
10.29,1625449482.0,64.0
8.34,1625449482.0,64.0
6.71,1625449482.0,64.0
5.35,1625449482.0,64.0
4.12,1625449482.0,64.0
2.81,1625449482.0,64.0
1.11,1625449482.0,64.0
-1.29,1625449482.0,64.0
-4.51,1625449482.0,64.0
-8.46,1625449482.0,64.0
-12.84,1625449482.0,64.0
-17.27,1625449482.0,64.0
-21.42,1625449482.0,64.0
-25.25,1625449482.0,64.0
-28.88,1625449482.0,64.0
-32.56,1625449482.0,64.0
-36.44,1625449482.0,64.0
-40.35,1625449482.0,64.0
-43.81,1625449482.0,64.0
-46.15,1625449482.0,64.0
-46.75,1625449482.0,64.0
-45.29,1625449482.0,64.0
-41.88,1625449482.0,64.0
-36.88,1625449482.0,64.0
-30.81,1625449482.0,64.0
-24.12,1625449482.0,64.0
-17.11,1625449482.0,64.0
-10.01,1625449482.0,64.0
-3.05,1625449482.0,64.0
3.44,1625449482.0,64.0
9.03,1625449482.0,64.0
13.37,1625449482.0,64.0
16.3,1625449482.0,64.0
17.92,1625449482.0,64.0
18.6,1625449482.0,64.0
18.81,1625449482.0,64.0
18.95,1625449482.0,64.0
19.28,1625449482.0,64.0
19.82,1625449482.0,64.0
20.52,1625449482.0,64.0
21.21,1625449482.0,64.0
21.77,1625449482.0,64.0
22.06,1625449482.0,64.0
22.02,1625449482.0,64.0
21.57,1625449482.0,64.0
20.7,1625449482.0,64.0
19.38,1625449482.0,64.0
17.67,1625449482.0,64.0
15.63,1625449482.0,64.0
13.31,1625449482.0,64.0
10.75,1625449482.0,64.0
8.0,1625449482.0,64.0
5.16,1625449482.0,64.0
2.33,1625449482.0,64.0
-0.34,1625449482.0,64.0
-2.77,1625449482.0,64.0
-4.99,1625449482.0,64.0
-7.1,1625449482.0,64.0
-9.29,1625449482.0,64.0
-11.69,1625449482.0,64.0
-14.38,1625449482.0,64.0
-17.36,1625449482.0,64.0
-20.54,1625449482.0,64.0
-23.87,1625449482.0,64.0
-27.32,1625449482.0,64.0
-30.9,1625449482.0,64.0
-34.51,1625449482.0,64.0
-37.87,1625449482.0,64.0
-40.52,1625449482.0,64.0
-41.9,1625449482.0,64.0
-41.51,1625449482.0,64.0
-39.1,1625449482.0,64.0
-34.74,1625449482.0,64.0
-28.81,1625449482.0,64.0
-21.82,1625449482.0,64.0
-14.27,1625449482.0,64.0
-6.59,1625449482.0,64.0
0.92,1625449482.0,64.0
7.94,1625449482.0,64.0
14.11,1625449482.0,64.0
19.03,1625449482.0,64.0
22.43,1625449482.0,64.0
24.26,1625449482.0,64.0
24.82,1625449482.0,64.0
24.64,1625449482.0,64.0
24.33,1625449482.0,64.0
24.31,1625449482.0,64.0
24.69,1625449482.0,64.0
25.35,1625449482.0,64.0
25.98,1625449482.0,64.0
26.31,1625449482.0,64.0
26.22,1625449482.0,64.0
25.71,1625449482.0,64.0
24.85,1625449482.0,64.0
23.63,1625449482.0,64.0
22.01,1625449482.0,64.0
19.86,1625449482.0,64.0
17.14,1625449482.0,64.0
13.94,1625449482.0,64.0
10.54,1625449482.0,64.0
7.31,1625449482.0,64.0
4.57,1625449482.0,64.0
2.44,1625449482.0,64.0
0.79,1625449482.0,64.0
-0.7,1625449482.0,64.0
-2.39,1625449482.0,64.0
-4.55,1625449482.0,64.0
-7.21,1625449482.0,64.0
-10.22,1625449482.0,64.0
-13.35,1625449482.0,64.0
-16.43,1625449482.0,64.0
-19.44,1625449482.0,64.0
-22.51,1625449482.0,64.0
-25.85,1625449482.0,64.0
-29.68,1625449482.0,64.0
-34.06,1625449482.0,64.0
-38.9,1625449482.0,64.0
-43.89,1625449482.0,64.0
-48.55,1625449482.0,64.0
-52.37,1625449482.0,64.0
-54.87,1625449482.0,64.0
-55.73,1625449482.0,64.0
-54.78,1625449482.0,64.0
-51.95,1625449482.0,64.0
-47.3,1625449482.0,64.0
-41.0,1625449482.0,64.0
-33.42,1625449482.0,64.0
-25.11,1625449482.0,64.0
-16.77,1625449482.0,64.0
-9.08,1625449482.0,64.0
-2.54,1625449482.0,64.0
2.68,1625449482.0,64.0
6.66,1625449482.0,64.0
9.65,1625449482.0,64.0
11.92,1625449482.0,64.0
13.63,1625449482.0,64.0
14.89,1625449482.0,64.0
15.81,1625449482.0,64.0
16.5,1625449482.0,64.0
17.02,1625449482.0,64.0
17.43,1625449482.0,64.0
17.65,1625449482.0,64.0
17.54,1625449482.0,64.0
17.01,1625449482.0,64.0
16.03,1625449482.0,64.0
14.7,1625449482.0,64.0
13.11,1625449482.0,64.0
11.41,1625449482.0,64.0
9.64,1625449482.0,64.0
7.84,1625449482.0,64.0
6.06,1625449482.0,64.0
4.34,1625449482.0,64.0
2.74,1625449482.0,64.0
1.26,1625449482.0,64.0
-0.1,1625449482.0,64.0
-1.43,1625449482.0,64.0
-2.81,1625449482.0,64.0
-4.33,1625449482.0,64.0
-6.04,1625449482.0,64.0
-7.97,1625449482.0,64.0
-10.09,1625449482.0,64.0
-12.35,1625449482.0,64.0
-14.7,1625449482.0,64.0
-17.11,1625449482.0,64.0
-19.63,1625449482.0,64.0
-22.35,1625449482.0,64.0
-25.36,1625449482.0,64.0
-28.6,1625449482.0,64.0
-31.8,1625449482.0,64.0
-34.43,1625449482.0,64.0
-35.84,1625449482.0,64.0
-35.5,1625449482.0,64.0
-33.08,1625449482.0,64.0
-28.65,1625449482.0,64.0
-22.51,1625449482.0,64.0
-15.12,1625449482.0,64.0
-6.95,1625449482.0,64.0
1.57,1625449482.0,64.0
10.02,1625449482.0,64.0
17.92,1625449482.0,64.0
24.72,1625449482.0,64.0
29.99,1625449482.0,64.0
33.52,1625449482.0,64.0
35.46,1625449482.0,64.0
36.28,1625449482.0,64.0
36.62,1625449482.0,64.0
37.01,1625449482.0,64.0
37.75,1625449482.0,64.0
38.85,1625449482.0,64.0
40.12,1625449482.0,64.0
41.29,1625449482.0,64.0
42.11,1625449482.0,64.0
42.47,1625449482.0,64.0
42.22,1625449482.0,64.0
41.35,1625449482.0,64.0
39.86,1625449482.0,64.0
37.84,1625449482.0,64.0
35.47,1625449482.0,64.0
32.94,1625449482.0,64.0
30.42,1625449482.0,64.0
27.95,1625449482.0,64.0
25.51,1625449482.0,64.0
23.03,1625449482.0,64.0
20.5,1625449482.0,64.0
17.93,1625449482.0,64.0
15.4,1625449482.0,64.0
12.96,1625449482.0,64.0
10.62,1625449482.0,64.0
8.32,1625449482.0,64.0
5.94,1625449482.0,64.0
3.38,1625449482.0,64.0
0.52,1625449482.0,64.0
-2.73,1625449482.0,64.0
-6.42,1625449482.0,64.0
-10.52,1625449482.0,64.0
-14.88,1625449482.0,64.0
-19.14,1625449482.0,64.0
-22.76,1625449482.0,64.0
-25.16,1625449482.0,64.0
-25.86,1625449482.0,64.0
-24.61,1625449482.0,64.0
-21.47,1625449482.0,64.0
-16.76,1625449482.0,64.0
-10.95,1625449482.0,64.0
-4.51,1625449482.0,64.0
2.09,1625449482.0,64.0
8.44,1625449482.0,64.0
14.21,1625449482.0,64.0
19.06,1625449482.0,64.0
22.77,1625449482.0,64.0
25.25,1625449482.0,64.0
26.6,1625449482.0,64.0
27.09,1625449482.0,64.0
27.07,1625449482.0,64.0
26.86,1625449482.0,64.0
26.73,1625449482.0,64.0
26.73,1625449482.0,64.0
26.8,1625449482.0,64.0
26.8,1625449482.0,64.0
26.57,1625449482.0,64.0
26.02,1625449482.0,64.0
25.14,1625449482.0,64.0
24.0,1625449482.0,64.0
22.69,1625449482.0,64.0
21.28,1625449482.0,64.0
19.77,1625449482.0,64.0
18.15,1625449482.0,64.0
16.39,1625449482.0,64.0
14.45,1625449482.0,64.0
12.3,1625449482.0,64.0
9.94,1625449482.0,64.0
7.4,1625449482.0,64.0
4.74,1625449482.0,64.0
2.03,1625449482.0,64.0
-0.73,1625449482.0,64.0
-3.54,1625449482.0,64.0
-6.46,1625449482.0,64.0
-9.51,1625449482.0,64.0
-12.74,1625449482.0,64.0
-16.19,1625449482.0,64.0
-19.86,1625449482.0,64.0
-23.77,1625449482.0,64.0
-27.92,1625449482.0,64.0
-32.15,1625449482.0,64.0
-36.15,1625449482.0,64.0
-39.32,1625449482.0,64.0
-41.02,1625449482.0,64.0
-40.7,1625449482.0,64.0
-38.13,1625449482.0,64.0
-33.57,1625449482.0,64.0
-27.57,1625449482.0,64.0
-20.86,1625449482.0,64.0
-14.07,1625449482.0,64.0
-7.54,1625449482.0,64.0
-1.41,1625449482.0,64.0
4.28,1625449482.0,64.0
9.44,1625449482.0,64.0
13.84,1625449482.0,64.0
17.22,1625449482.0,64.0
19.41,1625449482.0,64.0
20.46,1625449482.0,64.0
20.64,1625449482.0,64.0
20.35,1625449482.0,64.0
19.92,1625449482.0,64.0
19.54,1625449482.0,64.0
19.18,1625449482.0,64.0
18.68,1625449482.0,64.0
17.85,1625449482.0,64.0
16.54,1625449482.0,64.0
14.74,1625449482.0,64.0
12.53,1625449482.0,64.0
10.01,1625449482.0,64.0
7.3,1625449482.0,64.0
4.51,1625449482.0,64.0
1.73,1625449482.0,64.0
-0.96,1625449482.0,64.0
-3.51,1625449482.0,64.0
-5.93,1625449482.0,64.0
-8.27,1625449482.0,64.0
-10.59,1625449482.0,64.0
-12.92,1625449482.0,64.0
-15.29,1625449482.0,64.0
-17.64,1625449482.0,64.0
-19.97,1625449482.0,64.0
-22.3,1625449482.0,64.0
-24.76,1625449482.0,64.0
-27.47,1625449482.0,64.0
-30.51,1625449482.0,64.0
-33.85,1625449482.0,64.0
-37.46,1625449482.0,64.0
-41.31,1625449482.0,64.0
-45.42,1625449482.0,64.0
-49.75,1625449482.0,64.0
-54.08,1625449482.0,64.0
-57.91,1625449482.0,64.0
-60.51,1625449482.0,64.0
-61.08,1625449482.0,64.0
-59.1,1625449482.0,64.0
-54.54,1625449482.0,64.0
-47.84,1625449482.0,64.0
-39.74,1625449482.0,64.0
-31.0,1625449482.0,64.0
-22.14,1625449482.0,64.0
-13.46,1625449482.0,64.0
-5.15,1625449482.0,64.0
2.57,1625449482.0,64.0
9.4,1625449482.0,64.0
15.03,1625449482.0,64.0
19.33,1625449482.0,64.0
22.38,1625449482.0,64.0
24.47,1625449482.0,64.0
26.04,1625449482.0,64.0
27.38,1625449482.0,64.0
28.68,1625449482.0,64.0
29.9,1625449482.0,64.0
30.88,1625449482.0,64.0
31.46,1625449482.0,64.0
31.51,1625449482.0,64.0
31.01,1625449482.0,64.0
29.96,1625449482.0,64.0
28.42,1625449482.0,64.0
26.46,1625449482.0,64.0
24.16,1625449482.0,64.0
21.62,1625449482.0,64.0
18.94,1625449482.0,64.0
16.29,1625449482.0,64.0
13.81,1625449482.0,64.0
11.57,1625449482.0,64.0
9.48,1625449482.0,64.0
7.35,1625449482.0,64.0
4.93,1625449482.0,64.0
2.02,1625449482.0,64.0
-1.42,1625449482.0,64.0
-5.24,1625449482.0,64.0
-9.22,1625449482.0,64.0
-13.11,1625449482.0,64.0
-16.76,1625449482.0,64.0
-20.2,1625449482.0,64.0
-23.65,1625449482.0,64.0
-27.4,1625449482.0,64.0
-31.74,1625449482.0,64.0
-36.71,1625449482.0,64.0
-42.06,1625449482.0,64.0
-47.16,1625449482.0,64.0
-51.18,1625449482.0,64.0
-53.23,1625449482.0,64.0
-52.74,1625449482.0,64.0
-49.64,1625449482.0,64.0
-44.36,1625449482.0,64.0
-37.69,1625449482.0,64.0
-30.56,1625449482.0,64.0
-23.73,1625449482.0,64.0
-17.71,1625449482.0,64.0
-12.65,1625449482.0,64.0
-8.43,1625449482.0,64.0
-4.75,1625449482.0,64.0
-1.23,1625449482.0,64.0
2.53,1625449482.0,64.0
6.83,1625449482.0,64.0
11.81,1625449482.0,64.0
17.39,1625449482.0,64.0
23.35,1625449482.0,64.0
29.36,1625449482.0,64.0
35.11,1625449482.0,64.0
40.32,1625449482.0,64.0
44.8,1625449482.0,64.0
48.36,1625449482.0,64.0
50.77,1625449482.0,64.0
51.87,1625449482.0,64.0
51.5,1625449482.0,64.0
49.69,1625449482.0,64.0
46.59,1625449482.0,64.0
42.46,1625449482.0,64.0
37.63,1625449482.0,64.0
32.42,1625449482.0,64.0
27.11,1625449482.0,64.0
21.87,1625449482.0,64.0
16.83,1625449482.0,64.0
11.99,1625449482.0,64.0
7.28,1625449482.0,64.0
2.63,1625449482.0,64.0
-2.02,1625449482.0,64.0
-6.6,1625449482.0,64.0
-11.02,1625449482.0,64.0
-15.15,1625449482.0,64.0
-18.98,1625449482.0,64.0
-22.6,1625449482.0,64.0
-26.23,1625449482.0,64.0
-30.12,1625449482.0,64.0
-34.45,1625449482.0,64.0
-39.29,1625449482.0,64.0
-44.48,1625449482.0,64.0
-49.61,1625449482.0,64.0
-54.04,1625449482.0,64.0
-57.13,1625449482.0,64.0
-58.31,1625449482.0,64.0
-57.38,1625449482.0,64.0
-54.45,1625449482.0,64.0
-49.83,1625449482.0,64.0
-43.91,1625449482.0,64.0
-36.96,1625449482.0,64.0
-29.17,1625449482.0,64.0
-20.74,1625449482.0,64.0
-12.02,1625449482.0,64.0
-3.5,1625449482.0,64.0
4.24,1625449482.0,64.0
10.79,1625449482.0,64.0
16.04,1625449482.0,64.0
20.19,1625449482.0,64.0
23.63,1625449482.0,64.0
26.72,1625449482.0,64.0
29.64,1625449482.0,64.0
32.32,1625449482.0,64.0
34.5,1625449482.0,64.0
35.92,1625449482.0,64.0
36.39,1625449482.0,64.0
35.89,1625449482.0,64.0
34.58,1625449482.0,64.0
32.64,1625449482.0,64.0
30.26,1625449482.0,64.0
27.53,1625449482.0,64.0
24.47,1625449482.0,64.0
21.1,1625449482.0,64.0
17.49,1625449482.0,64.0
13.78,1625449482.0,64.0
10.13,1625449482.0,64.0
6.64,1625449482.0,64.0
3.36,1625449482.0,64.0
0.25,1625449482.0,64.0
-2.77,1625449482.0,64.0
-5.79,1625449482.0,64.0
-8.87,1625449482.0,64.0
-12.09,1625449482.0,64.0
-15.54,1625449482.0,64.0
-19.32,1625449482.0,64.0
-23.44,1625449482.0,64.0
-27.87,1625449482.0,64.0
-32.5,1625449482.0,64.0
-37.25,1625449482.0,64.0
-42.09,1625449482.0,64.0
-47.0,1625449482.0,64.0
-51.85,1625449482.0,64.0
-56.31,1625449482.0,64.0
-59.74,1625449482.0,64.0
-61.4,1625449482.0,64.0
-60.69,1625449482.0,64.0
-57.37,1625449482.0,64.0
-51.63,1625449482.0,64.0
-44.05,1625449482.0,64.0
-35.28,1625449482.0,64.0
-25.9,1625449482.0,64.0
-16.37,1625449482.0,64.0
-7.02,1625449482.0,64.0
1.73,1625449482.0,64.0
9.43,1625449482.0,64.0
15.71,1625449482.0,64.0
20.4,1625449482.0,64.0
23.63,1625449482.0,64.0
25.78,1625449482.0,64.0
27.28,1625449482.0,64.0
28.47,1625449482.0,64.0
29.48,1625449482.0,64.0
30.18,1625449482.0,64.0
30.31,1625449482.0,64.0
29.62,1625449482.0,64.0
28.06,1625449482.0,64.0
25.79,1625449482.0,64.0
23.21,1625449482.0,64.0
20.83,1625449482.0,64.0
19.08,1625449482.0,64.0
18.18,1625449482.0,64.0
18.07,1625449482.0,64.0
18.46,1625449482.0,64.0
18.94,1625449482.0,64.0
19.17,1625449482.0,64.0
18.94,1625449482.0,64.0
18.21,1625449482.0,64.0
16.95,1625449482.0,64.0
15.15,1625449482.0,64.0
12.8,1625449482.0,64.0
9.94,1625449482.0,64.0
6.71,1625449482.0,64.0
3.35,1625449482.0,64.0
0.12,1625449482.0,64.0
-2.8,1625449482.0,64.0
-5.47,1625449482.0,64.0
-8.11,1625449482.0,64.0
-11.06,1625449482.0,64.0
-14.54,1625449482.0,64.0
-18.46,1625449482.0,64.0
-22.33,1625449482.0,64.0
-25.37,1625449482.0,64.0
-26.71,1625449482.0,64.0
-25.76,1625449482.0,64.0
-22.4,1625449482.0,64.0
-16.97,1625449482.0,64.0
-10.11,1625449482.0,64.0
-2.59,1625449482.0,64.0
4.99,1625449482.0,64.0
12.16,1625449482.0,64.0
18.58,1625449482.0,64.0
23.99,1625449482.0,64.0
28.16,1625449482.0,64.0
30.99,1625449482.0,64.0
32.63,1625449482.0,64.0
33.47,1625449482.0,64.0
34.03,1625449482.0,64.0
34.74,1625449482.0,64.0
35.83,1625449482.0,64.0
37.25,1625449482.0,64.0
38.71,1625449482.0,64.0
39.93,1625449482.0,64.0
40.7,1625449482.0,64.0
40.92,1625449482.0,64.0
40.62,1625449482.0,64.0
39.89,1625449482.0,64.0
38.81,1625449482.0,64.0
37.43,1625449482.0,64.0
35.8,1625449482.0,64.0
33.97,1625449482.0,64.0
31.93,1625449482.0,64.0
29.64,1625449482.0,64.0
26.99,1625449482.0,64.0
23.9,1625449482.0,64.0
20.36,1625449482.0,64.0
16.49,1625449482.0,64.0
12.46,1625449482.0,64.0
8.44,1625449482.0,64.0
4.47,1625449482.0,64.0
0.47,1625449482.0,64.0
-3.75,1625449482.0,64.0
-8.39,1625449482.0,64.0
-13.51,1625449482.0,64.0
-19.04,1625449482.0,64.0
-24.69,1625449482.0,64.0
-30.12,1625449482.0,64.0
-34.88,1625449482.0,64.0
-38.51,1625449482.0,64.0
-40.55,1625449482.0,64.0
-40.56,1625449482.0,64.0
-38.29,1625449482.0,64.0
-33.71,1625449482.0,64.0
-27.19,1625449482.0,64.0
-19.33,1625449482.0,64.0
-10.93,1625449482.0,64.0
-2.76,1625449482.0,64.0
4.59,1625449482.0,64.0
10.74,1625449482.0,64.0
15.55,1625449482.0,64.0
19.01,1625449482.0,64.0
21.3,1625449482.0,64.0
22.68,1625449482.0,64.0
23.49,1625449482.0,64.0
24.09,1625449482.0,64.0
24.74,1625449482.0,64.0
25.54,1625449482.0,64.0
26.35,1625449482.0,64.0
26.9,1625449482.0,64.0
26.88,1625449482.0,64.0
26.14,1625449482.0,64.0
24.66,1625449482.0,64.0
22.61,1625449482.0,64.0
20.2,1625449482.0,64.0
17.6,1625449482.0,64.0
14.93,1625449482.0,64.0
12.21,1625449482.0,64.0
9.42,1625449482.0,64.0
6.52,1625449482.0,64.0
3.47,1625449482.0,64.0
0.3,1625449482.0,64.0
-2.95,1625449482.0,64.0
-6.24,1625449482.0,64.0
-9.51,1625449482.0,64.0
-12.72,1625449482.0,64.0
-15.91,1625449482.0,64.0
-19.18,1625449482.0,64.0
-22.67,1625449482.0,64.0
-26.51,1625449482.0,64.0
-30.78,1625449482.0,64.0
-35.46,1625449482.0,64.0
-40.4,1625449482.0,64.0
-45.3,1625449482.0,64.0
-49.7,1625449482.0,64.0
-53.07,1625449482.0,64.0
-54.89,1625449482.0,64.0
-54.72,1625449482.0,64.0
-52.36,1625449482.0,64.0
-47.89,1625449482.0,64.0
-41.66,1625449482.0,64.0
-34.17,1625449482.0,64.0
-25.93,1625449482.0,64.0
-17.3,1625449482.0,64.0
-8.6,1625449482.0,64.0
-0.07,1625449482.0,64.0
7.94,1625449482.0,64.0
15.0,1625449482.0,64.0
20.69,1625449482.0,64.0
24.75,1625449482.0,64.0
27.22,1625449482.0,64.0
28.46,1625449482.0,64.0
29.04,1625449482.0,64.0
29.49,1625449482.0,64.0
30.16,1625449482.0,64.0
31.06,1625449482.0,64.0
31.98,1625449482.0,64.0
32.53,1625449482.0,64.0
32.39,1625449482.0,64.0
31.37,1625449482.0,64.0
29.44,1625449482.0,64.0
26.67,1625449482.0,64.0
23.19,1625449482.0,64.0
19.2,1625449482.0,64.0
14.86,1625449482.0,64.0
10.45,1625449482.0,64.0
6.3,1625449482.0,64.0
2.72,1625449482.0,64.0
-0.03,1625449482.0,64.0
-1.83,1625449482.0,64.0
-2.75,1625449482.0,64.0
-3.07,1625449482.0,64.0
-3.19,1625449482.0,64.0
-3.59,1625449482.0,64.0
-4.79,1625449482.0,64.0
-7.17,1625449482.0,64.0
-10.96,1625449482.0,64.0
-16.08,1625449482.0,64.0
-22.17,1625449482.0,64.0
-28.7,1625449482.0,64.0
-35.04,1625449482.0,64.0
-40.61,1625449482.0,64.0
-44.99,1625449482.0,64.0
-47.88,1625449482.0,64.0
-49.07,1625449482.0,64.0
-48.45,1625449482.0,64.0
-45.96,1625449482.0,64.0
-41.73,1625449482.0,64.0
-36.06,1625449482.0,64.0
-29.38,1625449482.0,64.0
-22.1,1625449482.0,64.0
-14.56,1625449482.0,64.0
-7.03,1625449482.0,64.0
0.33,1625449482.0,64.0
7.27,1625449482.0,64.0
13.55,1625449482.0,64.0
18.83,1625449482.0,64.0
22.9,1625449482.0,64.0
25.75,1625449482.0,64.0
27.59,1625449482.0,64.0
28.79,1625449482.0,64.0
29.73,1625449482.0,64.0
30.66,1625449482.0,64.0
31.67,1625449482.0,64.0
32.64,1625449482.0,64.0
33.38,1625449482.0,64.0
33.7,1625449482.0,64.0
33.49,1625449482.0,64.0
32.73,1625449482.0,64.0
31.47,1625449482.0,64.0
29.79,1625449482.0,64.0
27.79,1625449482.0,64.0
25.54,1625449482.0,64.0
23.04,1625449482.0,64.0
20.31,1625449482.0,64.0
17.3,1625449482.0,64.0
14.03,1625449482.0,64.0
10.56,1625449482.0,64.0
6.96,1625449482.0,64.0
3.36,1625449482.0,64.0
-0.19,1625449482.0,64.0
-3.69,1625449482.0,64.0
-7.22,1625449482.0,64.0
-10.86,1625449482.0,64.0
-14.67,1625449482.0,64.0
-18.61,1625449482.0,64.0
-22.62,1625449482.0,64.0
-26.64,1625449482.0,64.0
-30.7,1625449482.0,64.0
-34.84,1625449482.0,64.0
-39.11,1625449482.0,64.0
-43.36,1625449482.0,64.0
-47.22,1625449482.0,64.0
-50.13,1625449482.0,64.0
-51.45,1625449482.0,64.0
-50.65,1625449482.0,64.0
-47.55,1625449482.0,64.0
-42.27,1625449482.0,64.0
-35.18,1625449482.0,64.0
-26.82,1625449482.0,64.0
-17.72,1625449482.0,64.0
-8.42,1625449482.0,64.0
0.57,1625449482.0,64.0
8.72,1625449482.0,64.0
15.55,1625449482.0,64.0
20.76,1625449482.0,64.0
24.32,1625449482.0,64.0
26.54,1625449482.0,64.0
27.88,1625449482.0,64.0
28.85,1625449482.0,64.0
29.78,1625449482.0,64.0
30.76,1625449482.0,64.0
31.65,1625449482.0,64.0
32.2,1625449482.0,64.0
32.17,1625449482.0,64.0
31.39,1625449482.0,64.0
29.84,1625449482.0,64.0
27.55,1625449482.0,64.0
24.62,1625449482.0,64.0
21.19,1625449482.0,64.0
17.44,1625449482.0,64.0
13.56,1625449482.0,64.0
9.77,1625449482.0,64.0
6.22,1625449482.0,64.0
2.95,1625449482.0,64.0
-0.09,1625449482.0,64.0
-2.98,1625449482.0,64.0
-5.75,1625449482.0,64.0
-8.38,1625449482.0,64.0
-10.84,1625449482.0,64.0
-13.12,1625449482.0,64.0
-15.29,1625449482.0,64.0
-17.48,1625449482.0,64.0
-19.77,1625449482.0,64.0
-22.19,1625449482.0,64.0
-24.71,1625449482.0,64.0
-27.27,1625449482.0,64.0
-29.87,1625449482.0,64.0
-32.51,1625449482.0,64.0
-35.08,1625449482.0,64.0
-37.26,1625449482.0,64.0
-38.54,1625449482.0,64.0
-38.39,1625449482.0,64.0
-36.47,1625449482.0,64.0
-32.8,1625449482.0,64.0
-27.78,1625449482.0,64.0
-21.96,1625449482.0,64.0
-15.87,1625449482.0,64.0
-9.78,1625449482.0,64.0
-3.8,1625449482.0,64.0
1.99,1625449482.0,64.0
7.43,1625449482.0,64.0
12.21,1625449482.0,64.0
16.04,1625449482.0,64.0
18.81,1625449482.0,64.0
20.74,1625449482.0,64.0
22.23,1625449482.0,64.0
23.77,1625449482.0,64.0
25.68,1625449482.0,64.0
27.93,1625449482.0,64.0
30.23,1625449482.0,64.0
32.13,1625449482.0,64.0
33.19,1625449482.0,64.0
33.19,1625449482.0,64.0
32.18,1625449482.0,64.0
30.42,1625449482.0,64.0
28.37,1625449482.0,64.0
26.45,1625449482.0,64.0
24.9,1625449482.0,64.0
23.73,1625449482.0,64.0
22.67,1625449482.0,64.0
21.4,1625449482.0,64.0
19.63,1625449482.0,64.0
17.36,1625449482.0,64.0
14.76,1625449482.0,64.0
12.13,1625449482.0,64.0
9.73,1625449482.0,64.0
7.59,1625449482.0,64.0
5.61,1625449482.0,64.0
3.52,1625449482.0,64.0
1.08,1625449482.0,64.0
-1.87,1625449482.0,64.0
-5.34,1625449482.0,64.0
-9.35,1625449482.0,64.0
-13.83,1625449482.0,64.0
-18.67,1625449482.0,64.0
-23.65,1625449482.0,64.0
-28.37,1625449482.0,64.0
-32.28,1625449482.0,64.0
-34.77,1625449482.0,64.0
-35.3,1625449482.0,64.0
-33.59,1625449482.0,64.0
-29.7,1625449482.0,64.0
-24.08,1625449482.0,64.0
-17.3,1625449482.0,64.0
-10.0,1625449482.0,64.0
-2.61,1625449482.0,64.0
4.6,1625449482.0,64.0
11.44,1625449482.0,64.0
17.66,1625449482.0,64.0
22.94,1625449482.0,64.0
27.01,1625449482.0,64.0
29.76,1625449482.0,64.0
31.31,1625449482.0,64.0
32.04,1625449482.0,64.0
32.39,1625449482.0,64.0
32.66,1625449482.0,64.0
32.95,1625449482.0,64.0
33.13,1625449482.0,64.0
33.03,1625449482.0,64.0
32.51,1625449482.0,64.0
31.54,1625449482.0,64.0
30.19,1625449482.0,64.0
28.49,1625449482.0,64.0
26.44,1625449482.0,64.0
23.98,1625449482.0,64.0
21.08,1625449482.0,64.0
17.74,1625449482.0,64.0
14.09,1625449482.0,64.0
10.29,1625449482.0,64.0
6.57,1625449482.0,64.0
3.09,1625449482.0,64.0
-0.1,1625449482.0,64.0
-3.07,1625449482.0,64.0
-6.02,1625449482.0,64.0
-9.18,1625449482.0,64.0
-12.67,1625449482.0,64.0
-16.52,1625449482.0,64.0
-20.58,1625449482.0,64.0
-24.68,1625449482.0,64.0
-28.74,1625449482.0,64.0
-32.81,1625449482.0,64.0
-37.07,1625449482.0,64.0
-41.56,1625449482.0,64.0
-46.06,1625449482.0,64.0
-50.02,1625449482.0,64.0
-52.67,1625449482.0,64.0
-53.32,1625449482.0,64.0
-51.66,1625449482.0,64.0
-47.78,1625449482.0,64.0
-42.16,1625449482.0,64.0
-35.32,1625449482.0,64.0
-27.68,1625449482.0,64.0
-19.44,1625449482.0,64.0
-10.73,1625449482.0,64.0
-1.84,1625449482.0,64.0
6.72,1625449482.0,64.0
14.23,1625449482.0,64.0
20.12,1625449482.0,64.0
24.09,1625449482.0,64.0
26.34,1625449482.0,64.0
27.39,1625449482.0,64.0
27.91,1625449482.0,64.0
28.45,1625449482.0,64.0
29.24,1625449482.0,64.0
30.24,1625449482.0,64.0
31.16,1625449482.0,64.0
31.69,1625449482.0,64.0
31.58,1625449482.0,64.0
30.73,1625449482.0,64.0
29.2,1625449482.0,64.0
27.15,1625449482.0,64.0
24.76,1625449482.0,64.0
22.2,1625449482.0,64.0
19.53,1625449482.0,64.0
16.7,1625449482.0,64.0
13.68,1625449482.0,64.0
10.45,1625449482.0,64.0
7.1,1625449482.0,64.0
3.79,1625449482.0,64.0
0.62,1625449482.0,64.0
-2.4,1625449482.0,64.0
-5.35,1625449482.0,64.0
-8.4,1625449482.0,64.0
-11.71,1625449482.0,64.0
-15.28,1625449482.0,64.0
-19.0,1625449482.0,64.0
-22.79,1625449482.0,64.0
-26.58,1625449482.0,64.0
-30.44,1625449482.0,64.0
-34.41,1625449482.0,64.0
-38.38,1625449482.0,64.0
-42.03,1625449482.0,64.0
-44.82,1625449482.0,64.0
-46.13,1625449482.0,64.0
-45.51,1625449482.0,64.0
-42.84,1625449482.0,64.0
-38.29,1625449482.0,64.0
-32.32,1625449482.0,64.0
-25.44,1625449482.0,64.0
-18.14,1625449482.0,64.0
-10.85,1625449482.0,64.0
-4.0,1625449482.0,64.0
1.95,1625449482.0,64.0
6.63,1625449482.0,64.0
9.82,1625449482.0,64.0
11.6,1625449482.0,64.0
12.34,1625449482.0,64.0
12.61,1625449482.0,64.0
12.98,1625449482.0,64.0
13.84,1625449482.0,64.0
15.29,1625449482.0,64.0
17.19,1625449482.0,64.0
19.2,1625449482.0,64.0
20.97,1625449482.0,64.0
22.21,1625449482.0,64.0
22.69,1625449482.0,64.0
22.27,1625449482.0,64.0
20.93,1625449482.0,64.0
18.72,1625449482.0,64.0
15.82,1625449482.0,64.0
12.5,1625449482.0,64.0
9.07,1625449482.0,64.0
5.84,1625449482.0,64.0
3.01,1625449482.0,64.0
0.63,1625449482.0,64.0
-1.4,1625449482.0,64.0
-3.26,1625449482.0,64.0
-5.12,1625449482.0,64.0
-7.05,1625449482.0,64.0
-9.01,1625449482.0,64.0
-10.94,1625449482.0,64.0
-12.81,1625449482.0,64.0
-14.64,1625449482.0,64.0
-16.58,1625449482.0,64.0
-18.79,1625449482.0,64.0
-21.37,1625449482.0,64.0
-24.39,1625449482.0,64.0
-27.84,1625449482.0,64.0
-31.66,1625449482.0,64.0
-35.71,1625449482.0,64.0
-39.7,1625449482.0,64.0
-43.11,1625449482.0,64.0
-45.25,1625449482.0,64.0
-45.46,1625449482.0,64.0
-43.32,1625449482.0,64.0
-38.84,1625449482.0,64.0
-32.48,1625449482.0,64.0
-24.96,1625449482.0,64.0
-17.06,1625449482.0,64.0
-9.35,1625449482.0,64.0
-2.2,1625449482.0,64.0
4.18,1625449482.0,64.0
9.63,1625449482.0,64.0
13.94,1625449482.0,64.0
17.0,1625449482.0,64.0
18.91,1625449482.0,64.0
20.03,1625449482.0,64.0
20.88,1625449482.0,64.0
21.9,1625449482.0,64.0
23.27,1625449482.0,64.0
24.83,1625449482.0,64.0
26.2,1625449482.0,64.0
26.95,1625449482.0,64.0
26.81,1625449482.0,64.0
25.72,1625449482.0,64.0
23.79,1625449482.0,64.0
21.18,1625449482.0,64.0
18.12,1625449482.0,64.0
14.79,1625449482.0,64.0
11.39,1625449482.0,64.0
8.09,1625449482.0,64.0
4.99,1625449482.0,64.0
2.08,1625449482.0,64.0
-0.73,1625449482.0,64.0
-3.5,1625449482.0,64.0
-6.25,1625449482.0,64.0
-8.84,1625449482.0,64.0
-11.13,1625449482.0,64.0
-13.06,1625449482.0,64.0
-14.71,1625449482.0,64.0
-16.3,1625449482.0,64.0
-18.09,1625449482.0,64.0
-20.26,1625449482.0,64.0
-22.91,1625449482.0,64.0
-25.97,1625449482.0,64.0
-29.36,1625449482.0,64.0
-32.95,1625449482.0,64.0
-36.6,1625449482.0,64.0
-40.06,1625449482.0,64.0
-42.96,1625449482.0,64.0
-44.86,1625449482.0,64.0
-45.32,1625449482.0,64.0
-44.03,1625449482.0,64.0
-40.86,1625449482.0,64.0
-35.98,1625449482.0,64.0
-29.7,1625449482.0,64.0
-22.44,1625449482.0,64.0
-14.62,1625449482.0,64.0
-6.62,1625449482.0,64.0
1.17,1625449482.0,64.0
8.41,1625449482.0,64.0
14.77,1625449482.0,64.0
20.03,1625449482.0,64.0
24.07,1625449482.0,64.0
26.96,1625449482.0,64.0
28.96,1625449482.0,64.0
30.38,1625449482.0,64.0
31.53,1625449482.0,64.0
32.54,1625449482.0,64.0
33.35,1625449482.0,64.0
33.77,1625449482.0,64.0
33.51,1625449482.0,64.0
32.4,1625449482.0,64.0
30.47,1625449482.0,64.0
27.96,1625449482.0,64.0
25.3,1625449482.0,64.0
22.96,1625449482.0,64.0
21.23,1625449482.0,64.0
20.19,1625449482.0,64.0
19.63,1625449482.0,64.0
19.2,1625449482.0,64.0
18.59,1625449482.0,64.0
17.69,1625449482.0,64.0
16.53,1625449482.0,64.0
15.27,1625449482.0,64.0
13.95,1625449482.0,64.0
12.47,1625449482.0,64.0
10.56,1625449482.0,64.0
7.91,1625449482.0,64.0
4.39,1625449482.0,64.0
0.08,1625449482.0,64.0
-4.76,1625449482.0,64.0
-9.84,1625449482.0,64.0
-14.95,1625449482.0,64.0
-19.97,1625449482.0,64.0
-24.83,1625449482.0,64.0
-29.27,1625449482.0,64.0
-32.85,1625449482.0,64.0
-35.01,1625449482.0,64.0
-35.16,1625449482.0,64.0
-33.02,1625449482.0,64.0
-28.66,1625449482.0,64.0
-22.51,1625449482.0,64.0
-15.16,1625449482.0,64.0
-7.26,1625449482.0,64.0
0.63,1625449482.0,64.0
8.05,1625449482.0,64.0
14.62,1625449482.0,64.0
20.01,1625449482.0,64.0
24.01,1625449482.0,64.0
26.6,1625449482.0,64.0
27.99,1625449482.0,64.0
28.6,1625449482.0,64.0
28.86,1625449482.0,64.0
29.14,1625449482.0,64.0
29.55,1625449482.0,64.0
30.0,1625449482.0,64.0
30.24,1625449482.0,64.0
30.06,1625449482.0,64.0
29.33,1625449482.0,64.0
28.03,1625449482.0,64.0
26.23,1625449482.0,64.0
24.01,1625449482.0,64.0
21.46,1625449482.0,64.0
18.67,1625449482.0,64.0
15.75,1625449482.0,64.0
12.88,1625449482.0,64.0
10.19,1625449482.0,64.0
7.75,1625449482.0,64.0
5.53,1625449482.0,64.0
3.38,1625449482.0,64.0
1.14,1625449482.0,64.0
-1.33,1625449482.0,64.0
-4.05,1625449482.0,64.0
-6.95,1625449482.0,64.0
-9.91,1625449482.0,64.0
-12.86,1625449482.0,64.0
-15.81,1625449482.0,64.0
-18.91,1625449482.0,64.0
-22.35,1625449482.0,64.0
-26.23,1625449482.0,64.0
-30.5,1625449482.0,64.0
-34.82,1625449482.0,64.0
-38.58,1625449482.0,64.0
-41.09,1625449482.0,64.0
-41.68,1625449482.0,64.0
-40.02,1625449482.0,64.0
-36.12,1625449482.0,64.0
-30.36,1625449482.0,64.0
-23.32,1625449482.0,64.0
-15.63,1625449482.0,64.0
-7.74,1625449482.0,64.0
0.0,1625449482.0,64.0
7.35,1625449482.0,64.0
14.09,1625449482.0,64.0
19.93,1625449482.0,64.0
24.63,1625449482.0,64.0
28.03,1625449482.0,64.0
30.19,1625449482.0,64.0
31.39,1625449482.0,64.0
32.08,1625449482.0,64.0
32.67,1625449482.0,64.0
33.35,1625449482.0,64.0
34.09,1625449482.0,64.0
34.65,1625449482.0,64.0
34.73,1625449482.0,64.0
34.11,1625449482.0,64.0
32.75,1625449482.0,64.0
30.75,1625449482.0,64.0
28.3,1625449482.0,64.0
25.52,1625449482.0,64.0
22.51,1625449482.0,64.0
19.28,1625449482.0,64.0
15.86,1625449482.0,64.0
12.36,1625449482.0,64.0
8.94,1625449482.0,64.0
5.76,1625449482.0,64.0
2.93,1625449482.0,64.0
0.38,1625449482.0,64.0
-2.06,1625449482.0,64.0
-4.64,1625449482.0,64.0
-7.55,1625449482.0,64.0
-10.88,1625449482.0,64.0
-14.62,1625449482.0,64.0
-18.68,1625449482.0,64.0
-23.03,1625449482.0,64.0
-27.64,1625449482.0,64.0
-32.54,1625449482.0,64.0
-37.64,1625449482.0,64.0
-42.65,1625449482.0,64.0
-47.09,1625449482.0,64.0
-50.26,1625449482.0,64.0
-51.47,1625449482.0,64.0
-50.2,1625449482.0,64.0
-46.3,1625449482.0,64.0
-40.01,1625449482.0,64.0
-31.91,1625449482.0,64.0
-22.74,1625449482.0,64.0
-13.24,1625449482.0,64.0
-4.02,1625449482.0,64.0
4.48,1625449482.0,64.0
11.87,1625449482.0,64.0
17.82,1625449482.0,64.0
22.12,1625449482.0,64.0
24.69,1625449482.0,64.0
25.72,1625449482.0,64.0
25.57,1625449482.0,64.0
24.79,1625449482.0,64.0
23.88,1625449482.0,64.0
23.23,1625449482.0,64.0
22.97,1625449482.0,64.0
23.06,1625449482.0,64.0
23.28,1625449482.0,64.0
23.4,1625449482.0,64.0
23.21,1625449482.0,64.0
22.56,1625449482.0,64.0
21.38,1625449482.0,64.0
19.59,1625449482.0,64.0
17.11,1625449482.0,64.0
13.82,1625449482.0,64.0
9.66,1625449482.0,64.0
4.78,1625449482.0,64.0
-0.41,1625449482.0,64.0
-5.23,1625449482.0,64.0
-9.01,1625449482.0,64.0
-11.29,1625449482.0,64.0
-12.08,1625449482.0,64.0
-11.82,1625449482.0,64.0
-11.15,1625449482.0,64.0
-10.69,1625449482.0,64.0
-10.81,1625449482.0,64.0
-11.64,1625449482.0,64.0
-13.25,1625449482.0,64.0
-15.78,1625449482.0,64.0
-19.41,1625449482.0,64.0
-24.25,1625449482.0,64.0
-30.08,1625449482.0,64.0
-36.23,1625449482.0,64.0
-41.74,1625449482.0,64.0
-45.57,1625449482.0,64.0
-46.99,1625449482.0,64.0
-45.74,1625449482.0,64.0
-42.1,1625449482.0,64.0
-36.64,1625449482.0,64.0
-30.04,1625449482.0,64.0
-22.83,1625449482.0,64.0
-15.27,1625449482.0,64.0
-7.54,1625449482.0,64.0
0.29,1625449482.0,64.0
7.99,1625449482.0,64.0
15.25,1625449482.0,64.0
21.7,1625449482.0,64.0
27.09,1625449482.0,64.0
31.34,1625449482.0,64.0
34.59,1625449482.0,64.0
37.09,1625449482.0,64.0
39.03,1625449482.0,64.0
40.47,1625449482.0,64.0
41.36,1625449482.0,64.0
41.56,1625449482.0,64.0
40.99,1625449482.0,64.0
39.67,1625449482.0,64.0
37.73,1625449482.0,64.0
35.34,1625449482.0,64.0
32.66,1625449482.0,64.0
29.78,1625449482.0,64.0
26.79,1625449482.0,64.0
23.81,1625449482.0,64.0
21.01,1625449482.0,64.0
18.53,1625449482.0,64.0
16.43,1625449482.0,64.0
14.61,1625449482.0,64.0
12.83,1625449482.0,64.0
10.84,1625449482.0,64.0
8.41,1625449482.0,64.0
5.5,1625449482.0,64.0
2.2,1625449482.0,64.0
-1.3,1625449482.0,64.0
-4.88,1625449482.0,64.0
-8.46,1625449482.0,64.0
-12.05,1625449482.0,64.0
-15.67,1625449482.0,64.0
-19.38,1625449482.0,64.0
-23.25,1625449482.0,64.0
-27.34,1625449482.0,64.0
-31.68,1625449482.0,64.0
-36.2,1625449482.0,64.0
-40.58,1625449482.0,64.0
-44.29,1625449482.0,64.0
-46.69,1625449482.0,64.0
-47.22,1625449482.0,64.0
-45.58,1625449482.0,64.0
-41.86,1625449482.0,64.0
-36.45,1625449482.0,64.0
-29.88,1625449482.0,64.0
-22.63,1625449482.0,64.0
-15.1,1625449482.0,64.0
-7.61,1625449482.0,64.0
-0.46,1625449482.0,64.0
5.98,1625449482.0,64.0
11.36,1625449482.0,64.0
15.4,1625449482.0,64.0
18.09,1625449482.0,64.0
19.65,1625449482.0,64.0
20.53,1625449482.0,64.0
21.18,1625449482.0,64.0
21.89,1625449482.0,64.0
22.73,1625449482.0,64.0
23.51,1625449482.0,64.0
23.92,1625449482.0,64.0
23.72,1625449482.0,64.0
22.74,1625449482.0,64.0
20.98,1625449482.0,64.0
18.57,1625449482.0,64.0
15.66,1625449482.0,64.0
12.46,1625449482.0,64.0
9.15,1625449482.0,64.0
5.87,1625449482.0,64.0
2.76,1625449482.0,64.0
-0.06,1625449482.0,64.0
-2.56,1625449482.0,64.0
-4.74,1625449482.0,64.0
-6.65,1625449482.0,64.0
-8.41,1625449482.0,64.0
-10.18,1625449482.0,64.0
-12.07,1625449482.0,64.0
-14.14,1625449482.0,64.0
-16.33,1625449482.0,64.0
-18.49,1625449482.0,64.0
-20.44,1625449482.0,64.0
-22.09,1625449482.0,64.0
-23.5,1625449482.0,64.0
-24.88,1625449482.0,64.0
-26.55,1625449482.0,64.0
-28.71,1625449482.0,64.0
-31.27,1625449482.0,64.0
-33.85,1625449482.0,64.0
-35.76,1625449482.0,64.0
-36.3,1625449482.0,64.0
-34.93,1625449482.0,64.0
-31.51,1625449482.0,64.0
-26.26,1625449482.0,64.0
-19.62,1625449482.0,64.0
-12.11,1625449482.0,64.0
-4.17,1625449482.0,64.0
3.87,1625449482.0,64.0
11.69,1625449482.0,64.0
18.94,1625449482.0,64.0
25.24,1625449482.0,64.0
30.27,1625449482.0,64.0
33.87,1625449482.0,64.0
36.13,1625449482.0,64.0
37.35,1625449482.0,64.0
37.9,1625449482.0,64.0
38.1,1625449482.0,64.0
38.19,1625449482.0,64.0
38.32,1625449482.0,64.0
38.56,1625449482.0,64.0
39.02,1625449482.0,64.0
39.76,1625449482.0,64.0
40.76,1625449482.0,64.0
41.9,1625449482.0,64.0
43.0,1625449482.0,64.0
43.82,1625449482.0,64.0
44.16,1625449482.0,64.0
43.81,1625449482.0,64.0
42.61,1625449482.0,64.0
40.42,1625449482.0,64.0
37.09,1625449482.0,64.0
32.62,1625449482.0,64.0
27.15,1625449482.0,64.0
21.03,1625449482.0,64.0
14.72,1625449482.0,64.0
8.7,1625449482.0,64.0
3.3,1625449482.0,64.0
-1.35,1625449482.0,64.0
-5.29,1625449482.0,64.0
-8.66,1625449482.0,64.0
-11.67,1625449482.0,64.0
-14.53,1625449482.0,64.0
-17.46,1625449482.0,64.0
-20.63,1625449482.0,64.0
-24.1,1625449482.0,64.0
-27.73,1625449482.0,64.0
-31.13,1625449482.0,64.0
-33.67,1625449482.0,64.0
-34.75,1625449482.0,64.0
-33.92,1625449482.0,64.0
-31.13,1625449482.0,64.0
-26.71,1625449482.0,64.0
-21.2,1625449482.0,64.0
-15.2,1625449482.0,64.0
-9.18,1625449482.0,64.0
-3.42,1625449482.0,64.0
1.95,1625449482.0,64.0
6.77,1625449482.0,64.0
10.89,1625449482.0,64.0
14.18,1625449482.0,64.0
16.57,1625449482.0,64.0
18.14,1625449482.0,64.0
19.09,1625449482.0,64.0
19.71,1625449482.0,64.0
20.25,1625449482.0,64.0
20.86,1625449482.0,64.0
21.56,1625449482.0,64.0
22.28,1625449482.0,64.0
22.89,1625449482.0,64.0
23.23,1625449482.0,64.0
23.17,1625449482.0,64.0
22.6,1625449482.0,64.0
21.45,1625449482.0,64.0
19.72,1625449482.0,64.0
17.47,1625449482.0,64.0
14.82,1625449482.0,64.0
11.89,1625449482.0,64.0
8.78,1625449482.0,64.0
5.55,1625449482.0,64.0
2.23,1625449482.0,64.0
-1.11,1625449482.0,64.0
-4.38,1625449482.0,64.0
-7.45,1625449482.0,64.0
-10.28,1625449482.0,64.0
-12.92,1625449482.0,64.0
-15.52,1625449482.0,64.0
-18.28,1625449482.0,64.0
-21.3,1625449482.0,64.0
-24.6,1625449482.0,64.0
-28.09,1625449482.0,64.0
-31.71,1625449482.0,64.0
-35.45,1625449482.0,64.0
-39.26,1625449482.0,64.0
-42.99,1625449482.0,64.0
-46.3,1625449482.0,64.0
-48.62,1625449482.0,64.0
-49.41,1625449482.0,64.0
-48.28,1625449482.0,64.0
-45.15,1625449482.0,64.0
-40.28,1625449482.0,64.0
-34.07,1625449482.0,64.0
-26.94,1625449482.0,64.0
-19.24,1625449482.0,64.0
-11.25,1625449482.0,64.0
-3.25,1625449482.0,64.0
4.39,1625449482.0,64.0
11.21,1625449482.0,64.0
16.79,1625449482.0,64.0
20.88,1625449482.0,64.0
23.51,1625449482.0,64.0
25.02,1625449482.0,64.0
25.92,1625449482.0,64.0
26.65,1625449482.0,64.0
27.47,1625449482.0,64.0
28.35,1625449482.0,64.0
29.07,1625449482.0,64.0
29.33,1625449482.0,64.0
28.96,1625449482.0,64.0
27.95,1625449482.0,64.0
26.43,1625449482.0,64.0
24.58,1625449482.0,64.0
22.53,1625449482.0,64.0
20.34,1625449482.0,64.0
18.02,1625449482.0,64.0
15.66,1625449482.0,64.0
13.41,1625449482.0,64.0
11.43,1625449482.0,64.0
9.83,1625449482.0,64.0
8.54,1625449482.0,64.0
7.33,1625449482.0,64.0
5.92,1625449482.0,64.0
4.09,1625449482.0,64.0
1.77,1625449482.0,64.0
-0.94,1625449482.0,64.0
-3.85,1625449482.0,64.0
-6.81,1625449482.0,64.0
-9.81,1625449482.0,64.0
-12.9,1625449482.0,64.0
-16.2,1625449482.0,64.0
-19.81,1625449482.0,64.0
-23.75,1625449482.0,64.0
-27.94,1625449482.0,64.0
-32.16,1625449482.0,64.0
-36.09,1625449482.0,64.0
-39.3,1625449482.0,64.0
-41.32,1625449482.0,64.0
-41.82,1625449482.0,64.0
-40.64,1625449482.0,64.0
-37.92,1625449482.0,64.0
-34.0,1625449482.0,64.0
-29.23,1625449482.0,64.0
-23.87,1625449482.0,64.0
-18.06,1625449482.0,64.0
-11.83,1625449482.0,64.0
-5.33,1625449482.0,64.0
1.09,1625449482.0,64.0
6.9,1625449482.0,64.0
11.53,1625449482.0,64.0
14.69,1625449482.0,64.0
16.44,1625449482.0,64.0
17.19,1625449482.0,64.0
17.5,1625449482.0,64.0
17.82,1625449482.0,64.0
18.35,1625449482.0,64.0
19.0,1625449482.0,64.0
19.56,1625449482.0,64.0
19.88,1625449482.0,64.0
19.96,1625449482.0,64.0
19.9,1625449482.0,64.0
19.77,1625449482.0,64.0
19.53,1625449482.0,64.0
18.97,1625449482.0,64.0
17.81,1625449482.0,64.0
15.83,1625449482.0,64.0
13.0,1625449482.0,64.0
9.52,1625449482.0,64.0
5.71,1625449482.0,64.0
1.93,1625449482.0,64.0
-1.55,1625449482.0,64.0
-4.61,1625449482.0,64.0
-7.28,1625449482.0,64.0
-9.7,1625449482.0,64.0
-12.03,1625449482.0,64.0
-14.38,1625449482.0,64.0
-16.8,1625449482.0,64.0
-19.31,1625449482.0,64.0
-21.9,1625449482.0,64.0
-24.57,1625449482.0,64.0
-27.34,1625449482.0,64.0
-30.23,1625449482.0,64.0
-33.25,1625449482.0,64.0
-36.34,1625449482.0,64.0
-39.24,1625449482.0,64.0
-41.59,1625449482.0,64.0
-42.89,1625449482.0,64.0
-42.7,1625449482.0,64.0
-40.75,1625449482.0,64.0
-36.98,1625449482.0,64.0
-31.65,1625449482.0,64.0
-25.15,1625449482.0,64.0
-17.93,1625449482.0,64.0
-10.4,1625449482.0,64.0
-2.93,1625449482.0,64.0
4.14,1625449482.0,64.0
10.47,1625449482.0,64.0
15.78,1625449482.0,64.0
19.89,1625449482.0,64.0
22.8,1625449482.0,64.0
24.67,1625449482.0,64.0
25.82,1625449482.0,64.0
26.58,1625449482.0,64.0
27.2,1625449482.0,64.0
27.8,1625449482.0,64.0
28.36,1625449482.0,64.0
28.74,1625449482.0,64.0
28.71,1625449482.0,64.0
28.13,1625449482.0,64.0
26.92,1625449482.0,64.0
25.14,1625449482.0,64.0
22.94,1625449482.0,64.0
20.47,1625449482.0,64.0
17.82,1625449482.0,64.0
15.03,1625449482.0,64.0
12.13,1625449482.0,64.0
9.15,1625449482.0,64.0
6.17,1625449482.0,64.0
3.28,1625449482.0,64.0
0.52,1625449482.0,64.0
-2.17,1625449482.0,64.0
-4.93,1625449482.0,64.0
-7.93,1625449482.0,64.0
-11.23,1625449482.0,64.0
-14.76,1625449482.0,64.0
-18.34,1625449482.0,64.0
-21.77,1625449482.0,64.0
-24.96,1625449482.0,64.0
-28.03,1625449482.0,64.0
-31.21,1625449482.0,64.0
-34.76,1625449482.0,64.0
-38.7,1625449482.0,64.0
-42.81,1625449482.0,64.0
-46.6,1625449482.0,64.0
-49.45,1625449482.0,64.0
-50.79,1625449482.0,64.0
-50.26,1625449482.0,64.0
-47.81,1625449482.0,64.0
-43.63,1625449482.0,64.0
-38.09,1625449482.0,64.0
-31.57,1625449482.0,64.0
-24.42,1625449482.0,64.0
-16.96,1625449482.0,64.0
-9.48,1625449482.0,64.0
-2.36,1625449482.0,64.0
4.01,1625449482.0,64.0
9.3,1625449482.0,64.0
13.29,1625449482.0,64.0
16.03,1625449482.0,64.0
17.71,1625449482.0,64.0
18.67,1625449482.0,64.0
19.15,1625449482.0,64.0
19.27,1625449482.0,64.0
18.98,1625449482.0,64.0
18.22,1625449482.0,64.0
16.93,1625449482.0,64.0
15.25,1625449482.0,64.0
13.39,1625449482.0,64.0
11.6,1625449482.0,64.0
10.08,1625449482.0,64.0
8.92,1625449482.0,64.0
8.14,1625449482.0,64.0
7.65,1625449482.0,64.0
7.37,1625449482.0,64.0
7.22,1625449482.0,64.0
7.14,1625449482.0,64.0
7.06,1625449482.0,64.0
6.9,1625449482.0,64.0
6.53,1625449482.0,64.0
5.84,1625449482.0,64.0
4.78,1625449482.0,64.0
3.33,1625449482.0,64.0
1.57,1625449482.0,64.0
-0.39,1625449482.0,64.0
-2.5,1625449482.0,64.0
-4.78,1625449482.0,64.0
-7.33,1625449482.0,64.0
-10.29,1625449482.0,64.0
-13.71,1625449482.0,64.0
-17.43,1625449482.0,64.0
-21.03,1625449482.0,64.0
-23.91,1625449482.0,64.0
-25.4,1625449482.0,64.0
-24.91,1625449482.0,64.0
-22.15,1625449482.0,64.0
-17.2,1625449482.0,64.0
-10.49,1625449482.0,64.0
-2.67,1625449482.0,64.0
5.57,1625449482.0,64.0
13.59,1625449482.0,64.0
20.94,1625449482.0,64.0
27.26,1625449482.0,64.0
32.31,1625449482.0,64.0
35.98,1625449482.0,64.0
38.3,1625449482.0,64.0
39.52,1625449482.0,64.0
40.06,1625449482.0,64.0
40.4,1625449482.0,64.0
40.87,1625449482.0,64.0
41.62,1625449482.0,64.0
42.54,1625449482.0,64.0
43.32,1625449482.0,64.0
43.67,1625449482.0,64.0
43.38,1625449482.0,64.0
42.43,1625449482.0,64.0
40.92,1625449482.0,64.0
38.95,1625449482.0,64.0
36.58,1625449482.0,64.0
33.75,1625449482.0,64.0
30.34,1625449482.0,64.0
26.32,1625449482.0,64.0
21.78,1625449482.0,64.0
16.94,1625449482.0,64.0
12.13,1625449482.0,64.0
7.59,1625449482.0,64.0
3.41,1625449482.0,64.0
-0.44,1625449482.0,64.0
-4.05,1625449482.0,64.0
-7.51,1625449482.0,64.0
-10.87,1625449482.0,64.0
-14.18,1625449482.0,64.0
-17.62,1625449482.0,64.0
-21.43,1625449482.0,64.0
-25.86,1625449482.0,64.0
-31.0,1625449482.0,64.0
-36.63,1625449482.0,64.0
-42.16,1625449482.0,64.0
-46.83,1625449482.0,64.0
-49.87,1625449482.0,64.0
-50.74,1625449482.0,64.0
-49.3,1625449482.0,64.0
-45.75,1625449482.0,64.0
-40.55,1625449482.0,64.0
-34.24,1625449482.0,64.0
-27.26,1625449482.0,64.0
-19.97,1625449482.0,64.0
-12.62,1625449482.0,64.0
-5.49,1625449482.0,64.0
1.09,1625449482.0,64.0
6.79,1625449482.0,64.0
11.39,1625449482.0,64.0
14.84,1625449482.0,64.0
17.3,1625449482.0,64.0
19.11,1625449482.0,64.0
20.63,1625449482.0,64.0
22.08,1625449482.0,64.0
23.53,1625449482.0,64.0
24.85,1625449482.0,64.0
25.89,1625449482.0,64.0
26.53,1625449482.0,64.0
26.71,1625449482.0,64.0
26.45,1625449482.0,64.0
25.81,1625449482.0,64.0
24.81,1625449482.0,64.0
23.45,1625449482.0,64.0
21.73,1625449482.0,64.0
19.58,1625449482.0,64.0
17.04,1625449482.0,64.0
14.12,1625449482.0,64.0
10.94,1625449482.0,64.0
7.61,1625449482.0,64.0
4.26,1625449482.0,64.0
0.91,1625449482.0,64.0
-2.48,1625449482.0,64.0
-5.98,1625449482.0,64.0
-9.69,1625449482.0,64.0
-13.56,1625449482.0,64.0
-17.49,1625449482.0,64.0
-21.34,1625449482.0,64.0
-25.05,1625449482.0,64.0
-28.69,1625449482.0,64.0
-32.42,1625449482.0,64.0
-36.33,1625449482.0,64.0
-40.26,1625449482.0,64.0
-43.81,1625449482.0,64.0
-46.35,1625449482.0,64.0
-47.28,1625449482.0,64.0
-46.24,1625449482.0,64.0
-43.25,1625449482.0,64.0
-38.54,1625449482.0,64.0
-32.46,1625449482.0,64.0
-25.27,1625449482.0,64.0
-17.09,1625449482.0,64.0
-8.14,1625449482.0,64.0
1.19,1625449482.0,64.0
10.21,1625449482.0,64.0
18.13,1625449482.0,64.0
24.29,1625449482.0,64.0
28.5,1625449482.0,64.0
31.04,1625449482.0,64.0
32.5,1625449482.0,64.0
33.45,1625449482.0,64.0
34.23,1625449482.0,64.0
34.82,1625449482.0,64.0
35.01,1625449482.0,64.0
34.67,1625449482.0,64.0
33.81,1625449482.0,64.0
32.57,1625449482.0,64.0
31.07,1625449482.0,64.0
29.25,1625449482.0,64.0
26.98,1625449482.0,64.0
24.06,1625449482.0,64.0
20.46,1625449482.0,64.0
16.32,1625449482.0,64.0
11.96,1625449482.0,64.0
7.68,1625449482.0,64.0
3.71,1625449482.0,64.0
0.14,1625449482.0,64.0
-3.04,1625449482.0,64.0
-5.92,1625449482.0,64.0
-8.61,1625449482.0,64.0
-11.25,1625449482.0,64.0
-13.99,1625449482.0,64.0
-16.94,1625449482.0,64.0
-20.18,1625449482.0,64.0
-23.74,1625449482.0,64.0
-27.62,1625449482.0,64.0
-31.82,1625449482.0,64.0
-36.3,1625449482.0,64.0
-40.96,1625449482.0,64.0
-45.5,1625449482.0,64.0
-49.47,1625449482.0,64.0
-52.29,1625449482.0,64.0
-53.36,1625449482.0,64.0
-52.28,1625449482.0,64.0
-48.9,1625449482.0,64.0
-43.4,1625449482.0,64.0
-36.19,1625449482.0,64.0
-27.85,1625449482.0,64.0
-18.94,1625449482.0,64.0
-9.96,1625449482.0,64.0
-1.32,1625449482.0,64.0
6.62,1625449482.0,64.0
13.56,1625449482.0,64.0
19.26,1625449482.0,64.0
23.6,1625449482.0,64.0
26.65,1625449482.0,64.0
28.59,1625449482.0,64.0
29.77,1625449482.0,64.0
30.52,1625449482.0,64.0
31.14,1625449482.0,64.0
31.75,1625449482.0,64.0
32.31,1625449482.0,64.0
32.65,1625449482.0,64.0
32.58,1625449482.0,64.0
31.98,1625449482.0,64.0
30.85,1625449482.0,64.0
29.34,1625449482.0,64.0
27.63,1625449482.0,64.0
25.85,1625449482.0,64.0
23.97,1625449482.0,64.0
21.82,1625449482.0,64.0
19.23,1625449482.0,64.0
16.08,1625449482.0,64.0
12.46,1625449482.0,64.0
8.64,1625449482.0,64.0
4.89,1625449482.0,64.0
1.4,1625449482.0,64.0
-1.86,1625449482.0,64.0
-5.1,1625449482.0,64.0
-8.53,1625449482.0,64.0
-12.29,1625449482.0,64.0
-16.3,1625449482.0,64.0
-20.42,1625449482.0,64.0
-24.5,1625449482.0,64.0
-28.51,1625449482.0,64.0
-32.52,1625449482.0,64.0
-36.54,1625449482.0,64.0
-40.32,1625449482.0,64.0
-43.33,1625449482.0,64.0
-44.89,1625449482.0,64.0
-44.4,1625449482.0,64.0
-41.57,1625449482.0,64.0
-36.59,1625449482.0,64.0
-29.99,1625449482.0,64.0
-22.43,1625449482.0,64.0
-14.5,1625449482.0,64.0
-6.57,1625449482.0,64.0
1.08,1625449482.0,64.0
8.28,1625449482.0,64.0
14.73,1625449482.0,64.0
20.14,1625449482.0,64.0
24.26,1625449482.0,64.0
27.03,1625449482.0,64.0
28.65,1625449482.0,64.0
29.51,1625449482.0,64.0
30.08,1625449482.0,64.0
30.73,1625449482.0,64.0
31.6,1625449482.0,64.0
32.59,1625449482.0,64.0
33.42,1625449482.0,64.0
33.79,1625449482.0,64.0
33.51,1625449482.0,64.0
32.51,1625449482.0,64.0
30.95,1625449482.0,64.0
29.0,1625449482.0,64.0
26.83,1625449482.0,64.0
24.52,1625449482.0,64.0
22.05,1625449482.0,64.0
19.35,1625449482.0,64.0
16.36,1625449482.0,64.0
13.09,1625449482.0,64.0
9.65,1625449482.0,64.0
6.16,1625449482.0,64.0
2.7,1625449482.0,64.0
-0.75,1625449482.0,64.0
-4.27,1625449482.0,64.0
-8.01,1625449482.0,64.0
-12.08,1625449482.0,64.0
-16.49,1625449482.0,64.0
-21.18,1625449482.0,64.0
-26.07,1625449482.0,64.0
-31.08,1625449482.0,64.0
-36.16,1625449482.0,64.0
-41.18,1625449482.0,64.0
-45.84,1625449482.0,64.0
-49.61,1625449482.0,64.0
-51.84,1625449482.0,64.0
-51.94,1625449482.0,64.0
-49.6,1625449482.0,64.0
-44.91,1625449482.0,64.0
-38.41,1625449482.0,64.0
-30.85,1625449482.0,64.0
-23.02,1625449482.0,64.0
-15.64,1625449482.0,64.0
-9.22,1625449482.0,64.0
-4.05,1625449482.0,64.0
-0.32,1625449482.0,64.0
1.96,1625449482.0,64.0
2.95,1625449482.0,64.0
2.9,1625449482.0,64.0
2.22,1625449482.0,64.0
1.33,1625449482.0,64.0
0.62,1625449482.0,64.0
0.36,1625449482.0,64.0
0.68,1625449482.0,64.0
1.51,1625449482.0,64.0
2.67,1625449482.0,64.0
3.87,1625449482.0,64.0
4.86,1625449482.0,64.0
5.46,1625449482.0,64.0
5.68,1625449482.0,64.0
5.65,1625449482.0,64.0
5.57,1625449482.0,64.0
5.61,1625449482.0,64.0
5.76,1625449482.0,64.0
5.88,1625449482.0,64.0
5.71,1625449482.0,64.0
5.07,1625449482.0,64.0
3.93,1625449482.0,64.0
2.44,1625449482.0,64.0
0.87,1625449482.0,64.0
-0.52,1625449482.0,64.0
-1.57,1625449482.0,64.0
-2.31,1625449482.0,64.0
-2.87,1625449482.0,64.0
-3.45,1625449482.0,64.0
-4.28,1625449482.0,64.0
-5.58,1625449482.0,64.0
-7.48,1625449482.0,64.0
-10.01,1625449482.0,64.0
-12.98,1625449482.0,64.0
-15.95,1625449482.0,64.0
-18.23,1625449482.0,64.0
-19.13,1625449482.0,64.0
-18.03,1625449482.0,64.0
-14.71,1625449482.0,64.0
-9.31,1625449482.0,64.0
-2.37,1625449482.0,64.0
5.47,1625449482.0,64.0
13.58,1625449482.0,64.0
21.42,1625449482.0,64.0
28.6,1625449482.0,64.0
34.77,1625449482.0,64.0
39.61,1625449482.0,64.0
42.92,1625449482.0,64.0
44.74,1625449482.0,64.0
45.4,1625449482.0,64.0
45.46,1625449482.0,64.0
45.57,1625449482.0,64.0
46.17,1625449482.0,64.0
47.34,1625449482.0,64.0
48.87,1625449482.0,64.0
50.26,1625449482.0,64.0
51.05,1625449482.0,64.0
50.89,1625449482.0,64.0
49.68,1625449482.0,64.0
47.51,1625449482.0,64.0
44.62,1625449482.0,64.0
41.26,1625449482.0,64.0
37.59,1625449482.0,64.0
33.67,1625449482.0,64.0
29.46,1625449482.0,64.0
24.91,1625449482.0,64.0
20.07,1625449482.0,64.0
15.11,1625449482.0,64.0
10.33,1625449482.0,64.0
5.96,1625449482.0,64.0
2.09,1625449482.0,64.0
-1.42,1625449482.0,64.0
-4.82,1625449482.0,64.0
-8.39,1625449482.0,64.0
-12.31,1625449482.0,64.0
-16.63,1625449482.0,64.0
-21.29,1625449482.0,64.0
-26.17,1625449482.0,64.0
-31.09,1625449482.0,64.0
-35.71,1625449482.0,64.0
-39.56,1625449482.0,64.0
-42.07,1625449482.0,64.0
-42.68,1625449482.0,64.0
-41.08,1625449482.0,64.0
-37.28,1625449482.0,64.0
-31.61,1625449482.0,64.0
-24.6,1625449482.0,64.0
-16.77,1625449482.0,64.0
-8.59,1625449482.0,64.0
-0.45,1625449482.0,64.0
7.27,1625449482.0,64.0
14.17,1625449482.0,64.0
19.86,1625449482.0,64.0
24.14,1625449482.0,64.0
27.07,1625449482.0,64.0
28.93,1625449482.0,64.0
30.15,1625449482.0,64.0
31.07,1625449482.0,64.0
31.85,1625449482.0,64.0
32.41,1625449482.0,64.0
32.55,1625449482.0,64.0
32.06,1625449482.0,64.0
30.85,1625449482.0,64.0
28.94,1625449482.0,64.0
26.43,1625449482.0,64.0
23.46,1625449482.0,64.0
20.13,1625449482.0,64.0
16.57,1625449482.0,64.0
12.86,1625449482.0,64.0
9.09,1625449482.0,64.0
5.33,1625449482.0,64.0
1.63,1625449482.0,64.0
-1.98,1625449482.0,64.0
-5.49,1625449482.0,64.0
-8.88,1625449482.0,64.0
-12.12,1625449482.0,64.0
-15.22,1625449482.0,64.0
-18.18,1625449482.0,64.0
-21.13,1625449482.0,64.0
-24.21,1625449482.0,64.0
-27.68,1625449482.0,64.0
-31.79,1625449482.0,64.0
-36.68,1625449482.0,64.0
-42.23,1625449482.0,64.0
-48.04,1625449482.0,64.0
-53.29,1625449482.0,64.0
-57.01,1625449482.0,64.0
-58.22,1625449482.0,64.0
-56.28,1625449482.0,64.0
-51.09,1625449482.0,64.0
-43.2,1625449482.0,64.0
-33.57,1625449482.0,64.0
-23.34,1625449482.0,64.0
-13.53,1625449482.0,64.0
-4.8,1625449482.0,64.0
2.53,1625449482.0,64.0
8.39,1625449482.0,64.0
12.83,1625449482.0,64.0
15.95,1625449482.0,64.0
17.9,1625449482.0,64.0
19.0,1625449482.0,64.0
19.69,1625449482.0,64.0
20.47,1625449482.0,64.0
21.71,1625449482.0,64.0
23.45,1625449482.0,64.0
25.33,1625449482.0,64.0
26.79,1625449482.0,64.0
27.23,1625449482.0,64.0
26.34,1625449482.0,64.0
24.18,1625449482.0,64.0
21.13,1625449482.0,64.0
17.74,1625449482.0,64.0
14.46,1625449482.0,64.0
11.63,1625449482.0,64.0
9.37,1625449482.0,64.0
7.69,1625449482.0,64.0
6.54,1625449482.0,64.0
5.78,1625449482.0,64.0
5.16,1625449482.0,64.0
4.36,1625449482.0,64.0
3.08,1625449482.0,64.0
1.17,1625449482.0,64.0
-1.35,1625449482.0,64.0
-4.25,1625449482.0,64.0
-7.27,1625449482.0,64.0
-10.31,1625449482.0,64.0
-13.45,1625449482.0,64.0
-16.98,1625449482.0,64.0
-21.22,1625449482.0,64.0
-26.37,1625449482.0,64.0
-32.31,1625449482.0,64.0
-38.6,1625449482.0,64.0
-44.48,1625449482.0,64.0
-49.08,1625449482.0,64.0
-51.59,1625449482.0,64.0
-51.43,1625449482.0,64.0
-48.44,1625449482.0,64.0
-42.97,1625449482.0,64.0
-35.93,1625449482.0,64.0
-28.63,1625449482.0,64.0
-22.56,1625449482.0,64.0
-18.91,1625449482.0,64.0
-18.22,1625449482.0,64.0
-20.13,1625449482.0,64.0
-23.43,1625449482.0,64.0
-26.5,1625449482.0,64.0
-27.85,1625449482.0,64.0
-26.58,1625449482.0,64.0
-22.53,1625449482.0,64.0
-16.17,1625449482.0,64.0
-8.26,1625449482.0,64.0
0.47,1625449482.0,64.0
9.42,1625449482.0,64.0
18.1,1625449482.0,64.0
25.98,1625449482.0,64.0
32.51,1625449482.0,64.0
37.21,1625449482.0,64.0
39.86,1625449482.0,64.0
40.68,1625449482.0,64.0
40.24,1625449482.0,64.0
39.35,1625449482.0,64.0
38.65,1625449482.0,64.0
38.44,1625449482.0,64.0
38.62,1625449482.0,64.0
38.82,1625449482.0,64.0
38.63,1625449482.0,64.0
37.75,1625449482.0,64.0
36.16,1625449482.0,64.0
33.98,1625449482.0,64.0
31.43,1625449482.0,64.0
28.66,1625449482.0,64.0
25.71,1625449482.0,64.0
22.56,1625449482.0,64.0
19.24,1625449482.0,64.0
15.85,1625449482.0,64.0
12.54,1625449482.0,64.0
9.44,1625449482.0,64.0
6.62,1625449482.0,64.0
4.0,1625449482.0,64.0
1.41,1625449482.0,64.0
-1.36,1625449482.0,64.0
-4.51,1625449482.0,64.0
-8.12,1625449482.0,64.0
-12.14,1625449482.0,64.0
-16.42,1625449482.0,64.0
-20.81,1625449482.0,64.0
-25.2,1625449482.0,64.0
-29.55,1625449482.0,64.0
-33.9,1625449482.0,64.0
-38.22,1625449482.0,64.0
-42.35,1625449482.0,64.0
-45.96,1625449482.0,64.0
-48.51,1625449482.0,64.0
-49.41,1625449482.0,64.0
-48.16,1625449482.0,64.0
-44.49,1625449482.0,64.0
-38.46,1625449482.0,64.0
-30.44,1625449482.0,64.0
-21.02,1625449482.0,64.0
-10.89,1625449482.0,64.0
-0.78,1625449482.0,64.0
8.67,1625449482.0,64.0
16.91,1625449482.0,64.0
23.55,1625449482.0,64.0
28.43,1625449482.0,64.0
31.62,1625449482.0,64.0
33.46,1625449482.0,64.0
34.43,1625449482.0,64.0
34.99,1625449482.0,64.0
35.44,1625449482.0,64.0
35.78,1625449482.0,64.0
35.8,1625449482.0,64.0
35.22,1625449482.0,64.0
33.85,1625449482.0,64.0
31.71,1625449482.0,64.0
29.05,1625449482.0,64.0
26.21,1625449482.0,64.0
23.52,1625449482.0,64.0
21.15,1625449482.0,64.0
19.12,1625449482.0,64.0
17.3,1625449482.0,64.0
15.5,1625449482.0,64.0
13.57,1625449482.0,64.0
11.39,1625449482.0,64.0
8.85,1625449482.0,64.0
5.85,1625449482.0,64.0
2.3,1625449482.0,64.0
-1.82,1625449482.0,64.0
-6.44,1625449482.0,64.0
-11.29,1625449482.0,64.0
-16.04,1625449482.0,64.0
-20.37,1625449482.0,64.0
-24.17,1625449482.0,64.0
-27.61,1625449482.0,64.0
-31.12,1625449482.0,64.0
-35.15,1625449482.0,64.0
-39.96,1625449482.0,64.0
-45.4,1625449482.0,64.0
-50.84,1625449482.0,64.0
-55.35,1625449482.0,64.0
-57.95,1625449482.0,64.0
-57.94,1625449482.0,64.0
-55.07,1625449482.0,64.0
-49.57,1625449482.0,64.0
-42.0,1625449482.0,64.0
-33.03,1625449482.0,64.0
-23.33,1625449482.0,64.0
-13.41,1625449482.0,64.0
-3.76,1625449482.0,64.0
5.15,1625449482.0,64.0
12.86,1625449482.0,64.0
18.98,1625449482.0,64.0
23.32,1625449482.0,64.0
25.99,1625449482.0,64.0
27.41,1625449482.0,64.0
28.19,1625449482.0,64.0
28.93,1625449482.0,64.0
30.0,1625449482.0,64.0
31.39,1625449482.0,64.0
32.83,1625449482.0,64.0
33.89,1625449482.0,64.0
34.21,1625449482.0,64.0
33.7,1625449482.0,64.0
32.54,1625449482.0,64.0
30.96,1625449482.0,64.0
29.22,1625449482.0,64.0
27.37,1625449482.0,64.0
25.33,1625449482.0,64.0
22.94,1625449482.0,64.0
20.16,1625449482.0,64.0
17.08,1625449482.0,64.0
13.9,1625449482.0,64.0
10.82,1625449482.0,64.0
7.89,1625449482.0,64.0
5.04,1625449482.0,64.0
2.07,1625449482.0,64.0
-1.18,1625449482.0,64.0
-4.84,1625449482.0,64.0
-8.84,1625449482.0,64.0
-13.04,1625449482.0,64.0
-17.22,1625449482.0,64.0
-21.23,1625449482.0,64.0
-25.06,1625449482.0,64.0
-28.84,1625449482.0,64.0
-32.77,1625449482.0,64.0
-36.95,1625449482.0,64.0
-41.2,1625449482.0,64.0
-45.04,1625449482.0,64.0
-47.78,1625449482.0,64.0
-48.69,1625449482.0,64.0
-47.33,1625449482.0,64.0
-43.63,1625449482.0,64.0
-37.91,1625449482.0,64.0
-30.74,1625449482.0,64.0
-22.73,1625449482.0,64.0
-14.44,1625449482.0,64.0
-6.32,1625449482.0,64.0
1.2,1625449482.0,64.0
7.71,1625449482.0,64.0
12.89,1625449482.0,64.0
16.56,1625449482.0,64.0
18.82,1625449482.0,64.0
20.0,1625449482.0,64.0
20.56,1625449482.0,64.0
20.9,1625449482.0,64.0
21.29,1625449482.0,64.0
21.76,1625449482.0,64.0
22.18,1625449482.0,64.0
22.4,1625449482.0,64.0
22.27,1625449482.0,64.0
21.72,1625449482.0,64.0
20.74,1625449482.0,64.0
19.35,1625449482.0,64.0
17.58,1625449482.0,64.0
15.43,1625449482.0,64.0
12.97,1625449482.0,64.0
10.33,1625449482.0,64.0
7.72,1625449482.0,64.0
5.33,1625449482.0,64.0
3.3,1625449482.0,64.0
1.58,1625449482.0,64.0
0.07,1625449482.0,64.0
-1.46,1625449482.0,64.0
-3.19,1625449482.0,64.0
-5.23,1625449482.0,64.0
-7.57,1625449482.0,64.0
-10.2,1625449482.0,64.0
-13.11,1625449482.0,64.0
-16.26,1625449482.0,64.0
-19.65,1625449482.0,64.0
-23.21,1625449482.0,64.0
-26.88,1625449482.0,64.0
-30.53,1625449482.0,64.0
-34.0,1625449482.0,64.0
-37.12,1625449482.0,64.0
-39.63,1625449482.0,64.0
-41.22,1625449482.0,64.0
-41.53,1625449482.0,64.0
-40.33,1625449482.0,64.0
-37.48,1625449482.0,64.0
-33.1,1625449482.0,64.0
-27.51,1625449482.0,64.0
-21.05,1625449482.0,64.0
-14.11,1625449482.0,64.0
-7.08,1625449482.0,64.0
-0.32,1625449482.0,64.0
5.78,1625449482.0,64.0
10.89,1625449482.0,64.0
14.79,1625449482.0,64.0
17.52,1625449482.0,64.0
19.31,1625449482.0,64.0
20.61,1625449482.0,64.0
21.77,1625449482.0,64.0
23.07,1625449482.0,64.0
24.51,1625449482.0,64.0
25.92,1625449482.0,64.0
27.02,1625449482.0,64.0
27.63,1625449482.0,64.0
27.66,1625449482.0,64.0
27.17,1625449482.0,64.0
26.34,1625449482.0,64.0
25.32,1625449482.0,64.0
24.21,1625449482.0,64.0
23.07,1625449482.0,64.0
21.85,1625449482.0,64.0
20.57,1625449482.0,64.0
19.24,1625449482.0,64.0
17.89,1625449482.0,64.0
16.56,1625449482.0,64.0
15.22,1625449482.0,64.0
13.75,1625449482.0,64.0
12.02,1625449482.0,64.0
9.95,1625449482.0,64.0
7.5,1625449482.0,64.0
4.77,1625449482.0,64.0
1.9,1625449482.0,64.0
-1.08,1625449482.0,64.0
-4.19,1625449482.0,64.0
-7.56,1625449482.0,64.0
-11.35,1625449482.0,64.0
-15.5,1625449482.0,64.0
-19.74,1625449482.0,64.0
-23.53,1625449482.0,64.0
-26.2,1625449482.0,64.0
-27.12,1625449482.0,64.0
-25.94,1625449482.0,64.0
-22.68,1625449482.0,64.0
-17.6,1625449482.0,64.0
-11.24,1625449482.0,64.0
-4.13,1625449482.0,64.0
3.16,1625449482.0,64.0
10.11,1625449482.0,64.0
16.24,1625449482.0,64.0
21.15,1625449482.0,64.0
24.56,1625449482.0,64.0
26.47,1625449482.0,64.0
27.15,1625449482.0,64.0
27.07,1625449482.0,64.0
26.81,1625449482.0,64.0
26.76,1625449482.0,64.0
27.04,1625449482.0,64.0
27.52,1625449482.0,64.0
27.87,1625449482.0,64.0
27.76,1625449482.0,64.0
27.01,1625449482.0,64.0
25.64,1625449482.0,64.0
23.83,1625449482.0,64.0
21.78,1625449482.0,64.0
19.64,1625449482.0,64.0
17.42,1625449482.0,64.0
15.06,1625449482.0,64.0
12.47,1625449482.0,64.0
9.62,1625449482.0,64.0
6.56,1625449482.0,64.0
3.43,1625449482.0,64.0
0.34,1625449482.0,64.0
-2.61,1625449482.0,64.0
-5.49,1625449482.0,64.0
-8.4,1625449482.0,64.0
-11.48,1625449482.0,64.0
-14.87,1625449482.0,64.0
-18.67,1625449482.0,64.0
-22.92,1625449482.0,64.0
-27.62,1625449482.0,64.0
-32.75,1625449482.0,64.0
-38.11,1625449482.0,64.0
-43.3,1625449482.0,64.0
-47.73,1625449482.0,64.0
-50.72,1625449482.0,64.0
-51.67,1625449482.0,64.0
-50.24,1625449482.0,64.0
-46.42,1625449482.0,64.0
-40.52,1625449482.0,64.0
-33.06,1625449482.0,64.0
-24.54,1625449482.0,64.0
-15.46,1625449482.0,64.0
-6.25,1625449482.0,64.0
2.64,1625449482.0,64.0
10.72,1625449482.0,64.0
17.53,1625449482.0,64.0
22.68,1625449482.0,64.0
26.02,1625449482.0,64.0
27.7,1625449482.0,64.0
28.13,1625449482.0,64.0
27.86,1625449482.0,64.0
27.45,1625449482.0,64.0
27.22,1625449482.0,64.0
27.19,1625449482.0,64.0
27.16,1625449482.0,64.0
26.82,1625449482.0,64.0
25.96,1625449482.0,64.0
24.57,1625449482.0,64.0
22.81,1625449482.0,64.0
20.88,1625449482.0,64.0
18.94,1625449482.0,64.0
16.97,1625449482.0,64.0
14.9,1625449482.0,64.0
12.62,1625449482.0,64.0
10.07,1625449482.0,64.0
7.32,1625449482.0,64.0
4.43,1625449482.0,64.0
1.5,1625449482.0,64.0
-1.44,1625449482.0,64.0
-4.41,1625449482.0,64.0
-7.49,1625449482.0,64.0
-10.74,1625449482.0,64.0
-14.22,1625449482.0,64.0
-18.0,1625449482.0,64.0
-22.16,1625449482.0,64.0
-26.73,1625449482.0,64.0
-31.67,1625449482.0,64.0
-36.8,1625449482.0,64.0
-41.78,1625449482.0,64.0
-46.15,1625449482.0,64.0
-49.38,1625449482.0,64.0
-50.9,1625449482.0,64.0
-50.3,1625449482.0,64.0
-47.38,1625449482.0,64.0
-42.22,1625449482.0,64.0
-35.13,1625449482.0,64.0
-26.64,1625449482.0,64.0
-17.38,1625449482.0,64.0
-7.97,1625449482.0,64.0
1.05,1625449482.0,64.0
9.22,1625449482.0,64.0
16.22,1625449482.0,64.0
21.84,1625449482.0,64.0
26.02,1625449482.0,64.0
28.95,1625449482.0,64.0
30.95,1625449482.0,64.0
32.42,1625449482.0,64.0
33.7,1625449482.0,64.0
34.93,1625449482.0,64.0
35.99,1625449482.0,64.0
36.6,1625449482.0,64.0
36.45,1625449482.0,64.0
35.36,1625449482.0,64.0
33.36,1625449482.0,64.0
30.7,1625449482.0,64.0
27.73,1625449482.0,64.0
24.75,1625449482.0,64.0
21.91,1625449482.0,64.0
19.16,1625449482.0,64.0
16.32,1625449482.0,64.0
13.27,1625449482.0,64.0
9.98,1625449482.0,64.0
6.62,1625449482.0,64.0
3.41,1625449482.0,64.0
0.55,1625449482.0,64.0
-1.96,1625449482.0,64.0
-4.32,1625449482.0,64.0
-6.87,1625449482.0,64.0
-9.89,1625449482.0,64.0
-13.52,1625449482.0,64.0
-17.75,1625449482.0,64.0
-22.47,1625449482.0,64.0
-27.59,1625449482.0,64.0
-33.0,1625449482.0,64.0
-38.56,1625449482.0,64.0
-43.94,1625449482.0,64.0
-48.57,1625449482.0,64.0
-51.7,1625449482.0,64.0
-52.61,1625449482.0,64.0
-50.85,1625449482.0,64.0
-46.42,1625449482.0,64.0
-39.75,1625449482.0,64.0
-31.58,1625449482.0,64.0
-22.66,1625449482.0,64.0
-13.6,1625449482.0,64.0
-4.8,1625449482.0,64.0
3.46,1625449482.0,64.0
10.93,1625449482.0,64.0
17.3,1625449482.0,64.0
22.31,1625449482.0,64.0
25.9,1625449482.0,64.0
28.25,1625449482.0,64.0
29.77,1625449482.0,64.0
30.98,1625449482.0,64.0
32.28,1625449482.0,64.0
33.79,1625449482.0,64.0
35.37,1625449482.0,64.0
36.65,1625449482.0,64.0
37.29,1625449482.0,64.0
37.1,1625449482.0,64.0
36.03,1625449482.0,64.0
34.17,1625449482.0,64.0
31.75,1625449482.0,64.0
28.93,1625449482.0,64.0
25.87,1625449482.0,64.0
22.65,1625449482.0,64.0
19.29,1625449482.0,64.0
15.8,1625449482.0,64.0
12.18,1625449482.0,64.0
8.49,1625449482.0,64.0
4.77,1625449482.0,64.0
1.11,1625449482.0,64.0
-2.4,1625449482.0,64.0
-5.77,1625449482.0,64.0
-8.99,1625449482.0,64.0
-12.14,1625449482.0,64.0
-15.34,1625449482.0,64.0
-18.65,1625449482.0,64.0
-22.07,1625449482.0,64.0
-25.56,1625449482.0,64.0
-29.06,1625449482.0,64.0
-32.58,1625449482.0,64.0
-36.16,1625449482.0,64.0
-39.77,1625449482.0,64.0
-43.24,1625449482.0,64.0
-46.09,1625449482.0,64.0
-47.63,1625449482.0,64.0
-47.13,1625449482.0,64.0
-44.1,1625449482.0,64.0
-38.49,1625449482.0,64.0
-30.8,1625449482.0,64.0
-21.8,1625449482.0,64.0
-12.26,1625449482.0,64.0
-2.86,1625449482.0,64.0
5.96,1625449482.0,64.0
13.89,1625449482.0,64.0
20.64,1625449482.0,64.0
25.98,1625449482.0,64.0
29.78,1625449482.0,64.0
32.16,1625449482.0,64.0
33.46,1625449482.0,64.0
34.19,1625449482.0,64.0
34.74,1625449482.0,64.0
35.32,1625449482.0,64.0
35.86,1625449482.0,64.0
36.05,1625449482.0,64.0
35.61,1625449482.0,64.0
34.34,1625449482.0,64.0
32.24,1625449482.0,64.0
29.47,1625449482.0,64.0
26.27,1625449482.0,64.0
22.87,1625449482.0,64.0
19.45,1625449482.0,64.0
16.12,1625449482.0,64.0
12.9,1625449482.0,64.0
9.76,1625449482.0,64.0
6.62,1625449482.0,64.0
3.44,1625449482.0,64.0
0.22,1625449482.0,64.0
-3.01,1625449482.0,64.0
-6.17,1625449482.0,64.0
-9.23,1625449482.0,64.0
-12.19,1625449482.0,64.0
-15.14,1625449482.0,64.0
-18.2,1625449482.0,64.0
-21.41,1625449482.0,64.0
-24.8,1625449482.0,64.0
-28.36,1625449482.0,64.0
-32.09,1625449482.0,64.0
-36.0,1625449482.0,64.0
-40.14,1625449482.0,64.0
-44.4,1625449482.0,64.0
-48.47,1625449482.0,64.0
-51.78,1625449482.0,64.0
-53.61,1625449482.0,64.0
-53.35,1625449482.0,64.0
-50.73,1625449482.0,64.0
-45.88,1625449482.0,64.0
-39.36,1625449482.0,64.0
-31.85,1625449482.0,64.0
-23.99,1625449482.0,64.0
-16.2,1625449482.0,64.0
-8.76,1625449482.0,64.0
-1.9,1625449482.0,64.0
4.11,1625449482.0,64.0
8.98,1625449482.0,64.0
12.52,1625449482.0,64.0
14.83,1625449482.0,64.0
16.26,1625449482.0,64.0
17.35,1625449482.0,64.0
18.61,1625449482.0,64.0
20.26,1625449482.0,64.0
22.21,1625449482.0,64.0
24.1,1625449482.0,64.0
25.53,1625449482.0,64.0
26.24,1625449482.0,64.0
26.15,1625449482.0,64.0
25.37,1625449482.0,64.0
24.07,1625449482.0,64.0
22.35,1625449482.0,64.0
20.27,1625449482.0,64.0
17.83,1625449482.0,64.0
15.1,1625449482.0,64.0
12.2,1625449482.0,64.0
9.32,1625449482.0,64.0
6.6,1625449482.0,64.0
4.12,1625449482.0,64.0
1.82,1625449482.0,64.0
-0.45,1625449482.0,64.0
-2.79,1625449482.0,64.0
-5.26,1625449482.0,64.0
-7.83,1625449482.0,64.0
-10.43,1625449482.0,64.0
-12.99,1625449482.0,64.0
-15.5,1625449482.0,64.0
-18.06,1625449482.0,64.0
-20.82,1625449482.0,64.0
-23.92,1625449482.0,64.0
-27.44,1625449482.0,64.0
-31.28,1625449482.0,64.0
-35.08,1625449482.0,64.0
-38.27,1625449482.0,64.0
-40.12,1625449482.0,64.0
-39.94,1625449482.0,64.0
-37.32,1625449482.0,64.0
-32.2,1625449482.0,64.0
-24.94,1625449482.0,64.0
-16.18,1625449482.0,64.0
-6.67,1625449482.0,64.0
2.92,1625449482.0,64.0
11.97,1625449482.0,64.0
20.04,1625449482.0,64.0
26.74,1625449482.0,64.0
31.8,1625449482.0,64.0
35.17,1625449482.0,64.0
37.02,1625449482.0,64.0
37.81,1625449482.0,64.0
38.16,1625449482.0,64.0
38.66,1625449482.0,64.0
39.7,1625449482.0,64.0
41.29,1625449482.0,64.0
43.15,1625449482.0,64.0
44.83,1625449482.0,64.0
45.87,1625449482.0,64.0
45.97,1625449482.0,64.0
45.02,1625449482.0,64.0
43.08,1625449482.0,64.0
40.25,1625449482.0,64.0
36.71,1625449482.0,64.0
32.59,1625449482.0,64.0
28.08,1625449482.0,64.0
23.39,1625449482.0,64.0
18.74,1625449482.0,64.0
14.32,1625449482.0,64.0
10.24,1625449482.0,64.0
6.52,1625449482.0,64.0
3.09,1625449482.0,64.0
-0.19,1625449482.0,64.0
-3.45,1625449482.0,64.0
-6.82,1625449482.0,64.0
-10.36,1625449482.0,64.0
-14.08,1625449482.0,64.0
-17.97,1625449482.0,64.0
-21.95,1625449482.0,64.0
-25.95,1625449482.0,64.0
-29.91,1625449482.0,64.0
-33.73,1625449482.0,64.0
-37.19,1625449482.0,64.0
-39.87,1625449482.0,64.0
-41.22,1625449482.0,64.0
-40.72,1625449482.0,64.0
-38.07,1625449482.0,64.0
-33.31,1625449482.0,64.0
-26.89,1625449482.0,64.0
-19.42,1625449482.0,64.0
-11.51,1625449482.0,64.0
-3.62,1625449482.0,64.0
3.98,1625449482.0,64.0
11.08,1625449482.0,64.0
17.47,1625449482.0,64.0
22.84,1625449482.0,64.0
26.97,1625449482.0,64.0
29.79,1625449482.0,64.0
31.49,1625449482.0,64.0
32.45,1625449482.0,64.0
33.08,1625449482.0,64.0
33.66,1625449482.0,64.0
34.19,1625449482.0,64.0
34.47,1625449482.0,64.0
34.26,1625449482.0,64.0
33.33,1625449482.0,64.0
31.64,1625449482.0,64.0
29.32,1625449482.0,64.0
26.62,1625449482.0,64.0
23.73,1625449482.0,64.0
20.79,1625449482.0,64.0
17.8,1625449482.0,64.0
14.65,1625449482.0,64.0
11.22,1625449482.0,64.0
7.43,1625449482.0,64.0
3.35,1625449482.0,64.0
-0.88,1625449482.0,64.0
-5.08,1625449482.0,64.0
-9.06,1625449482.0,64.0
-12.81,1625449482.0,64.0
-16.42,1625449482.0,64.0
-20.04,1625449482.0,64.0
-23.82,1625449482.0,64.0
-27.86,1625449482.0,64.0
-32.16,1625449482.0,64.0
-36.73,1625449482.0,64.0
-41.56,1625449482.0,64.0
-46.59,1625449482.0,64.0
-51.63,1625449482.0,64.0
-56.29,1625449482.0,64.0
-59.93,1625449482.0,64.0
-61.82,1625449482.0,64.0
-61.32,1625449482.0,64.0
-58.1,1625449482.0,64.0
-52.28,1625449482.0,64.0
-44.38,1625449482.0,64.0
-35.1,1625449482.0,64.0
-25.14,1625449482.0,64.0
-15.04,1625449482.0,64.0
-5.17,1625449482.0,64.0
4.17,1625449482.0,64.0
12.6,1625449482.0,64.0
19.77,1625449482.0,64.0
25.37,1625449482.0,64.0
29.3,1625449482.0,64.0
31.77,1625449482.0,64.0
33.19,1625449482.0,64.0
34.05,1625449482.0,64.0
34.7,1625449482.0,64.0
35.28,1625449482.0,64.0
35.74,1625449482.0,64.0
35.92,1625449482.0,64.0
35.71,1625449482.0,64.0
35.03,1625449482.0,64.0
33.84,1625449482.0,64.0
32.11,1625449482.0,64.0
29.86,1625449482.0,64.0
27.13,1625449482.0,64.0
24.09,1625449482.0,64.0
20.92,1625449482.0,64.0
17.77,1625449482.0,64.0
14.7,1625449482.0,64.0
11.66,1625449482.0,64.0
8.54,1625449482.0,64.0
5.24,1625449482.0,64.0
1.76,1625449482.0,64.0
-1.84,1625449482.0,64.0
-5.45,1625449482.0,64.0
-9.05,1625449482.0,64.0
-12.67,1625449482.0,64.0
-16.42,1625449482.0,64.0
-20.32,1625449482.0,64.0
-24.38,1625449482.0,64.0
-28.59,1625449482.0,64.0
-32.9,1625449482.0,64.0
-37.33,1625449482.0,64.0
-41.83,1625449482.0,64.0
-46.19,1625449482.0,64.0
-49.98,1625449482.0,64.0
-52.57,1625449482.0,64.0
-53.3,1625449482.0,64.0
-51.69,1625449482.0,64.0
-47.61,1625449482.0,64.0
-41.35,1625449482.0,64.0
-33.48,1625449482.0,64.0
-24.69,1625449482.0,64.0
-15.58,1625449482.0,64.0
-6.57,1625449482.0,64.0
2.07,1625449482.0,64.0
10.06,1625449482.0,64.0
17.14,1625449482.0,64.0
22.99,1625449482.0,64.0
27.39,1625449482.0,64.0
30.33,1625449482.0,64.0
32.04,1625449482.0,64.0
32.97,1625449482.0,64.0
33.63,1625449482.0,64.0
34.36,1625449482.0,64.0
35.22,1625449482.0,64.0
36.03,1625449482.0,64.0
36.43,1625449482.0,64.0
36.15,1625449482.0,64.0
35.05,1625449482.0,64.0
33.2,1625449482.0,64.0
30.79,1625449482.0,64.0
28.0,1625449482.0,64.0
24.98,1625449482.0,64.0
21.73,1625449482.0,64.0
18.26,1625449482.0,64.0
14.55,1625449482.0,64.0
10.65,1625449482.0,64.0
6.69,1625449482.0,64.0
2.77,1625449482.0,64.0
-1.01,1625449482.0,64.0
-4.65,1625449482.0,64.0
-8.21,1625449482.0,64.0
-11.78,1625449482.0,64.0
-15.44,1625449482.0,64.0
-19.2,1625449482.0,64.0
-23.01,1625449482.0,64.0
-26.8,1625449482.0,64.0
-30.55,1625449482.0,64.0
-34.28,1625449482.0,64.0
-38.14,1625449482.0,64.0
-42.2,1625449482.0,64.0
-46.4,1625449482.0,64.0
-50.41,1625449482.0,64.0
-53.66,1625449482.0,64.0
-55.44,1625449482.0,64.0
-55.12,1625449482.0,64.0
-52.37,1625449482.0,64.0
-47.21,1625449482.0,64.0
-40.1,1625449482.0,64.0
-31.67,1625449482.0,64.0
-22.56,1625449482.0,64.0
-13.34,1625449482.0,64.0
-4.39,1625449482.0,64.0
4.0,1625449482.0,64.0
11.56,1625449482.0,64.0
18.04,1625449482.0,64.0
23.28,1625449482.0,64.0
27.31,1625449482.0,64.0
30.33,1625449482.0,64.0
32.68,1625449482.0,64.0
34.66,1625449482.0,64.0
36.4,1625449482.0,64.0
37.86,1625449482.0,64.0
38.88,1625449482.0,64.0
39.28,1625449482.0,64.0
38.97,1625449482.0,64.0
37.99,1625449482.0,64.0
36.47,1625449482.0,64.0
34.51,1625449482.0,64.0
32.17,1625449482.0,64.0
29.44,1625449482.0,64.0
26.38,1625449482.0,64.0
23.03,1625449482.0,64.0
19.49,1625449482.0,64.0
15.88,1625449482.0,64.0
12.25,1625449482.0,64.0
8.64,1625449482.0,64.0
5.07,1625449482.0,64.0
1.58,1625449482.0,64.0
-1.76,1625449482.0,64.0
-4.96,1625449482.0,64.0
-8.07,1625449482.0,64.0
-11.22,1625449482.0,64.0
-14.55,1625449482.0,64.0
-18.1,1625449482.0,64.0
-21.77,1625449482.0,64.0
-25.41,1625449482.0,64.0
-28.95,1625449482.0,64.0
-32.43,1625449482.0,64.0
-36.02,1625449482.0,64.0
-39.81,1625449482.0,64.0
-43.64,1625449482.0,64.0
-47.0,1625449482.0,64.0
-49.19,1625449482.0,64.0
-49.55,1625449482.0,64.0
-47.69,1625449482.0,64.0
-43.69,1625449482.0,64.0
-37.95,1625449482.0,64.0
-31.1,1625449482.0,64.0
-23.63,1625449482.0,64.0
-15.87,1625449482.0,64.0
-8.0,1625449482.0,64.0
-0.24,1625449482.0,64.0
7.11,1625449482.0,64.0
13.63,1625449482.0,64.0
18.9,1625449482.0,64.0
22.67,1625449482.0,64.0
25.03,1625449482.0,64.0
26.34,1625449482.0,64.0
27.1,1625449482.0,64.0
27.76,1625449482.0,64.0
28.52,1625449482.0,64.0
29.28,1625449482.0,64.0
29.81,1625449482.0,64.0
29.84,1625449482.0,64.0
29.28,1625449482.0,64.0
28.17,1625449482.0,64.0
26.65,1625449482.0,64.0
24.81,1625449482.0,64.0
22.63,1625449482.0,64.0
20.07,1625449482.0,64.0
17.09,1625449482.0,64.0
13.74,1625449482.0,64.0
10.12,1625449482.0,64.0
6.36,1625449482.0,64.0
2.55,1625449482.0,64.0
-1.34,1625449482.0,64.0
-5.3,1625449482.0,64.0
-9.37,1625449482.0,64.0
-13.49,1625449482.0,64.0
-17.58,1625449482.0,64.0
-21.59,1625449482.0,64.0
-25.52,1625449482.0,64.0
-29.43,1625449482.0,64.0
-33.4,1625449482.0,64.0
-37.53,1625449482.0,64.0
-41.88,1625449482.0,64.0
-46.52,1625449482.0,64.0
-51.49,1625449482.0,64.0
-56.69,1625449482.0,64.0
-61.88,1625449482.0,64.0
-66.55,1625449482.0,64.0
-70.03,1625449482.0,64.0
-71.55,1625449482.0,64.0
-70.5,1625449482.0,64.0
-66.58,1625449482.0,64.0
-59.97,1625449482.0,64.0
-51.2,1625449482.0,64.0
-41.06,1625449482.0,64.0
-30.31,1625449482.0,64.0
-19.63,1625449482.0,64.0
-9.5,1625449482.0,64.0
-0.29,1625449482.0,64.0
7.69,1625449482.0,64.0
14.2,1625449482.0,64.0
19.17,1625449482.0,64.0
22.74,1625449482.0,64.0
25.23,1625449482.0,64.0
27.13,1625449482.0,64.0
28.91,1625449482.0,64.0
30.83,1625449482.0,64.0
32.92,1625449482.0,64.0
34.89,1625449482.0,64.0
36.37,1625449482.0,64.0
37.07,1625449482.0,64.0
36.89,1625449482.0,64.0
35.98,1625449482.0,64.0
34.6,1625449482.0,64.0
33.02,1625449482.0,64.0
31.38,1625449482.0,64.0
29.64,1625449482.0,64.0
27.74,1625449482.0,64.0
25.61,1625449482.0,64.0
23.3,1625449482.0,64.0
20.89,1625449482.0,64.0
18.43,1625449482.0,64.0
15.91,1625449482.0,64.0
13.19,1625449482.0,64.0
10.18,1625449482.0,64.0
6.89,1625449482.0,64.0
3.44,1625449482.0,64.0
0.03,1625449482.0,64.0
-3.16,1625449482.0,64.0
-6.08,1625449482.0,64.0
-8.81,1625449482.0,64.0
-11.53,1625449482.0,64.0
-14.49,1625449482.0,64.0
-17.9,1625449482.0,64.0
-21.78,1625449482.0,64.0
-25.93,1625449482.0,64.0
-29.88,1625449482.0,64.0
-32.94,1625449482.0,64.0
-34.41,1625449482.0,64.0
-33.76,1625449482.0,64.0
-30.81,1625449482.0,64.0
-25.76,1625449482.0,64.0
-19.07,1625449482.0,64.0
-11.32,1625449482.0,64.0
-3.08,1625449482.0,64.0
5.11,1625449482.0,64.0
12.74,1625449482.0,64.0
19.37,1625449482.0,64.0
24.69,1625449482.0,64.0
28.63,1625449482.0,64.0
31.39,1625449482.0,64.0
33.41,1625449482.0,64.0
35.18,1625449482.0,64.0
37.0,1625449482.0,64.0
38.96,1625449482.0,64.0
40.87,1625449482.0,64.0
42.47,1625449482.0,64.0
43.5,1625449482.0,64.0
43.85,1625449482.0,64.0
43.53,1625449482.0,64.0
42.7,1625449482.0,64.0
41.53,1625449482.0,64.0
40.12,1625449482.0,64.0
38.47,1625449482.0,64.0
36.48,1625449482.0,64.0
34.01,1625449482.0,64.0
30.93,1625449482.0,64.0
27.27,1625449482.0,64.0
23.27,1625449482.0,64.0
19.37,1625449482.0,64.0
16.09,1625449482.0,64.0
13.77,1625449482.0,64.0
12.49,1625449482.0,64.0
11.94,1625449482.0,64.0
11.6,1625449482.0,64.0
10.96,1625449482.0,64.0
9.7,1625449482.0,64.0
7.75,1625449482.0,64.0
5.29,1625449482.0,64.0
2.53,1625449482.0,64.0
-0.39,1625449482.0,64.0
-3.36,1625449482.0,64.0
-6.25,1625449482.0,64.0
-8.77,1625449482.0,64.0
-10.45,1625449482.0,64.0
-10.74,1625449482.0,64.0
-9.21,1625449482.0,64.0
-5.65,1625449482.0,64.0
-0.12,1625449482.0,64.0
7.09,1625449482.0,64.0
15.65,1625449482.0,64.0
25.19,1625449482.0,64.0
35.3,1625449482.0,64.0
45.49,1625449482.0,64.0
55.13,1625449482.0,64.0
63.55,1625449482.0,64.0
70.23,1625449482.0,64.0
74.98,1625449482.0,64.0
78.07,1625449482.0,64.0
80.11,1625449482.0,64.0
81.82,1625449482.0,64.0
83.72,1625449482.0,64.0
86.06,1625449482.0,64.0
88.72,1625449482.0,64.0
91.47,1625449482.0,64.0
94.1,1625449482.0,64.0
96.66,1625449482.0,64.0
99.35,1625449482.0,64.0
102.42,1625449482.0,64.0
105.94,1625449482.0,64.0
109.64,1625449482.0,64.0
112.93,1625449482.0,64.0
114.92,1625449482.0,64.0
114.79,1625449482.0,64.0
111.9,1625449482.0,64.0
106.02,1625449482.0,64.0
97.35,1625449482.0,64.0
86.45,1625449482.0,64.0
73.97,1625449482.0,64.0
60.49,1625449482.0,64.0
46.39,1625449482.0,64.0
31.82,1625449482.0,64.0
16.77,1625449482.0,64.0
1.21,1625449482.0,64.0
-14.82,1625449482.0,64.0
-31.11,1625449482.0,64.0
-47.26,1625449482.0,64.0
-62.67,1625449482.0,64.0
-76.63,1625449482.0,64.0
-88.4,1625449482.0,64.0
-97.41,1625449482.0,64.0
-103.38,1625449482.0,64.0
-106.36,1625449482.0,64.0
-106.71,1625449482.0,64.0
-104.93,1625449482.0,64.0
-101.38,1625449482.0,64.0
-96.18,1625449482.0,64.0
-89.34,1625449482.0,64.0
-80.93,1625449482.0,64.0
-71.37,1625449482.0,64.0
-61.53,1625449482.0,64.0
-52.54,1625449482.0,64.0
-45.26,1625449482.0,64.0
-39.94,1625449482.0,64.0
-36.01,1625449482.0,64.0
-32.21,1625449482.0,64.0
-27.08,1625449482.0,64.0
-19.67,1625449482.0,64.0
-9.84,1625449482.0,64.0
1.53,1625449482.0,64.0
13.0,1625449482.0,64.0
23.13,1625449482.0,64.0
30.88,1625449482.0,64.0
35.97,1625449482.0,64.0
38.99,1625449482.0,64.0
41.27,1625449482.0,64.0
44.67,1625449482.0,64.0
51.31,1625449482.0,64.0
62.6,1625449482.0,64.0
78.56,1625449482.0,64.0
97.29,1625449482.0,64.0
114.74,1625449482.0,64.0
126.0,1625449482.0,64.0
127.05,1625449482.0,64.0
116.27,1625449482.0,64.0
94.96,1625449482.0,64.0
67.02,1625449482.0,64.0
36.78,1625449482.0,64.0
7.87,1625449482.0,64.0
-17.53,1625449482.0,64.0
-39.83,1625449482.0,64.0
-61.02,1625449482.0,64.0
-83.46,1625449482.0,64.0
-108.73,1625449482.0,64.0
-136.77,1625449482.0,64.0
-164.98,1625449482.0,64.0
-190.58,1625449482.0,64.0
-211.09,1625449482.0,64.0
-225.23,1625449482.0,64.0
-234.79,1625449482.0,64.0
-243.23,1625449482.0,64.0
-253.65,1625449482.0,64.0
-267.17,1625449482.0,64.0
-282.39,1625449482.0,64.0
-294.97,1625449482.0,64.0
-301.87,1625449482.0,64.0
-301.36,1625449482.0,64.0
-292.76,1625449482.0,64.0
-277.97,1625449482.0,64.0
-260.17,1625449482.0,64.0
-242.75,1625449482.0,64.0
-229.05,1625449482.0,64.0
-221.92,1625449482.0,64.0
-221.46,1625449482.0,64.0
-228.14,1625449482.0,64.0
-241.07,1625449482.0,64.0
-246.14,1625449482.0,64.0
-231.54,1625449482.0,64.0
-191.39,1625449482.0,64.0
-128.9,1625449482.0,64.0
-55.36,1625449482.0,64.0
4.9,1625449482.0,64.0
44.23,1625449482.0,64.0
60.6,1625449482.0,64.0
53.69,1625449482.0,64.0
24.03,1625449482.0,64.0
-23.9,1625449482.0,64.0
-83.93,1625449482.0,64.0
-146.25,1625449482.0,64.0
-199.09,1625449482.0,64.0
-232.49,1625449482.0,64.0
-240.25,1625449482.0,64.0
-225.09,1625449482.0,64.0
-195.37,1625449482.0,64.0
-160.29,1625449482.0,64.0
-127.33,1625449482.0,64.0
-99.76,1625449482.0,64.0
-76.4,1625449482.0,64.0
-53.96,1625449482.0,64.0
-29.55,1625449482.0,64.0
-0.94,1625449482.0,64.0
30.73,1625449482.0,64.0
63.27,1625449482.0,64.0
95.47,1625449482.0,64.0
126.98,1625449482.0,64.0
158.34,1625449482.0,64.0
191.03,1625449482.0,64.0
227.18,1625449482.0,64.0
269.24,1625449482.0,64.0
320.5,1625449482.0,64.0
382.34,1625449482.0,64.0
453.65,1625449482.0,64.0
530.13,1625449482.0,64.0
603.79,1625449482.0,64.0
664.54,1625449482.0,64.0
703.14,1625449482.0,64.0
714.15,1625449482.0,64.0
697.44,1625449482.0,64.0
657.97,1625449482.0,64.0
602.47,1625449482.0,64.0
536.82,1625449482.0,64.0
464.04,1625449482.0,64.0
383.76,1625449482.0,64.0
293.66,1625449482.0,64.0
192.57,1625449482.0,64.0
82.87,1625449482.0,64.0
-28.3,1625449482.0,64.0
-130.03,1625449482.0,64.0
-210.91,1625449482.0,64.0
-262.31,1625449482.0,64.0
-280.39,1625449482.0,64.0
-266.28,1625449482.0,64.0
-224.6,1625449482.0,64.0
-161.6,1625449482.0,64.0
-84.22,1625449482.0,64.0
-0.45,1625449482.0,64.0
80.39,1625449482.0,64.0
148.4,1625449482.0,64.0
195.35,1625449482.0,64.0
217.62,1625449482.0,64.0
217.83,1625449482.0,64.0
203.78,1625449482.0,64.0
185.41,1625449482.0,64.0
170.9,1625449482.0,64.0
164.05,1625449482.0,64.0
164.17,1625449482.0,64.0
167.93,1625449482.0,64.0
171.57,1625449482.0,64.0
172.65,1625449482.0,64.0
170.37,1625449482.0,64.0
164.67,1625449482.0,64.0
155.83,1625449482.0,64.0
144.04,1625449482.0,64.0
129.58,1625449482.0,64.0
112.92,1625449482.0,64.0
94.68,1625449482.0,64.0
75.69,1625449482.0,64.0
56.76,1625449482.0,64.0
38.61,1625449482.0,64.0
21.23,1625449482.0,64.0
4.46,1625449482.0,64.0
-11.7,1625449482.0,64.0
-26.9,1625449482.0,64.0
-40.47,1625449482.0,64.0
-51.81,1625449482.0,64.0
-60.62,1625449482.0,64.0
-66.97,1625449482.0,64.0
-71.3,1625449482.0,64.0
-75.73,1625449482.0,64.0
-82.24,1625449482.0,64.0
-91.83,1625449482.0,64.0
-104.05,1625449482.0,64.0
-117.31,1625449482.0,64.0
-129.9,1625449482.0,64.0
-140.6,1625449482.0,64.0
-148.83,1625449482.0,64.0
-154.49,1625449482.0,64.0
-160.61,1625449482.0,64.0
-169.81,1625449482.0,64.0
-182.95,1625449482.0,64.0
-198.33,1625449482.0,64.0
-212.64,1625449482.0,64.0
-223.02,1625449482.0,64.0
-228.05,1625449482.0,64.0
-227.71,1625449482.0,64.0
-222.76,1625449482.0,64.0
-218.63,1625449482.0,64.0
-219.91,1625449482.0,64.0
-228.33,1625449482.0,64.0
-241.8,1625449482.0,64.0
-256.21,1625449482.0,64.0
-268.92,1625449482.0,64.0
-280.0,1625449482.0,64.0
-291.79,1625449482.0,64.0
-307.56,1625449482.0,64.0
-335.89,1625449482.0,64.0
-383.36,1625449482.0,64.0
-451.89,1625449482.0,64.0
-537.49,1625449482.0,64.0
-632.78,1625449482.0,64.0
-731.89,1625449482.0,64.0
-831.94,1625449482.0,64.0
-932.7,1625449482.0,64.0
-996.25,1625449482.0,64.0
-995.0,1625449482.0,64.0
-920.24,1625449482.0,64.0
-788.35,1625449482.0,64.0
-628.93,1625449482.0,64.0
-466.79,1625449482.0,64.0
-313.82,1625449482.0,64.0
-170.46,1625449482.0,64.0
-32.88,1625449482.0,64.0
100.66,1625449482.0,64.0
222.1,1625449482.0,64.0
320.7,1625449482.0,64.0
389.43,1625449482.0,64.0
427.9,1625449482.0,64.0
449.38,1625449482.0,64.0
468.13,1625449482.0,64.0
494.77,1625449482.0,64.0
532.8,1625449482.0,64.0
577.81,1625449482.0,64.0
618.62,1625449482.0,64.0
641.98,1625449482.0,64.0
633.9,1625449482.0,64.0
591.45,1625449482.0,64.0
521.84,1625449482.0,64.0
437.05,1625449482.0,64.0
350.25,1625449482.0,64.0
274.14,1625449482.0,64.0
214.12,1625449482.0,64.0
170.63,1625449482.0,64.0
141.95,1625449482.0,64.0
125.55,1625449482.0,64.0
119.23,1625449482.0,64.0
119.98,1625449482.0,64.0
122.61,1625449482.0,64.0
121.45,1625449482.0,64.0
111.47,1625449482.0,64.0
90.91,1625449482.0,64.0
61.47,1625449482.0,64.0
26.62,1625449482.0,64.0
-9.9,1625449482.0,64.0
-44.21,1625449482.0,64.0
-73.3,1625449482.0,64.0
-95.91,1625449482.0,64.0
-111.97,1625449482.0,64.0
-122.55,1625449482.0,64.0
-129.39,1625449482.0,64.0
-134.0,1625449482.0,64.0
-137.69,1625449482.0,64.0
-140.97,1625449482.0,64.0
-142.87,1625449482.0,64.0
-141.8,1625449482.0,64.0
-137.15,1625449482.0,64.0
-128.5,1625449482.0,64.0
-116.75,1625449482.0,64.0
-103.74,1625449482.0,64.0
-90.93,1625449482.0,64.0
-79.8,1625449482.0,64.0
-71.4,1625449482.0,64.0
-65.74,1625449482.0,64.0
-62.31,1625449482.0,64.0
-60.46,1625449482.0,64.0
-59.72,1625449482.0,64.0
-60.13,1625449482.0,64.0
-62.08,1625449482.0,64.0
-65.34,1625449482.0,64.0
-69.67,1625449482.0,64.0
-74.56,1625449482.0,64.0
-78.96,1625449482.0,64.0
-81.61,1625449482.0,64.0
-81.25,1625449482.0,64.0
-76.87,1625449482.0,64.0
-67.71,1625449482.0,64.0
-56.62,1625449482.0,64.0
-44.88,1625449482.0,64.0
-33.23,1625449482.0,64.0
-21.77,1625449482.0,64.0
-10.1,1625449482.0,64.0
2.27,1625449482.0,64.0
15.47,1625449482.0,64.0
29.09,1625449482.0,64.0
42.08,1625449482.0,64.0
53.21,1625449482.0,64.0
62.15,1625449482.0,64.0
69.26,1625449482.0,64.0
75.67,1625449482.0,64.0
83.07,1625449482.0,64.0
93.04,1625449482.0,64.0
106.51,1625449482.0,64.0
123.47,1625449482.0,64.0
143.09,1625449482.0,64.0
164.08,1625449482.0,64.0
185.83,1625449482.0,64.0
208.28,1625449482.0,64.0
232.14,1625449482.0,64.0
258.91,1625449482.0,64.0
290.82,1625449482.0,64.0
330.54,1625449482.0,64.0
380.44,1625449482.0,64.0
440.92,1625449482.0,64.0
508.85,1625449482.0,64.0
577.11,1625449482.0,64.0
635.36,1625449482.0,64.0
673.06,1625449482.0,64.0
683.2,1625449482.0,64.0
665.01,1625449482.0,64.0
624.13,1625449482.0,64.0
570.08,1625449482.0,64.0
512.18,1625449482.0,64.0
456.2,1625449482.0,64.0
403.35,1625449482.0,64.0
351.42,1625449482.0,64.0
297.45,1625449482.0,64.0
240.27,1625449482.0,64.0
181.25,1625449482.0,64.0
123.47,1625449482.0,64.0
70.09,1625449482.0,64.0
22.71,1625449482.0,64.0
-19.11,1625449482.0,64.0
-57.55,1625449482.0,64.0
-95.6,1625449482.0,64.0
-136.34,1625449482.0,64.0
-182.13,1625449482.0,64.0
-234.23,1625449482.0,64.0
-292.1,1625449482.0,64.0
-352.59,1625449482.0,64.0
-409.5,1625449482.0,64.0
-454.54,1625449482.0,64.0
-479.7,1625449482.0,64.0
-480.43,1625449482.0,64.0
-458.16,1625449482.0,64.0
-420.75,1625449482.0,64.0
-380.25,1625449482.0,64.0
-348.52,1625449482.0,64.0
-332.71,1625449482.0,64.0
-332.63,1625449482.0,64.0
-341.14,1625449482.0,64.0
-347.22,1625449482.0,64.0
-340.36,1625449482.0,64.0
-314.31,1625449482.0,64.0
-269.04,1625449482.0,64.0
-210.53,1625449482.0,64.0
-148.65,1625449482.0,64.0
-94.0,1625449482.0,64.0
-54.72,1625449482.0,64.0
-34.24,1625449482.0,64.0
-30.84,1625449482.0,64.0
-38.98,1625449482.0,64.0
-51.71,1625449482.0,64.0
-63.18,1625449482.0,64.0
-70.07,1625449482.0,64.0
-71.62,1625449482.0,64.0
-68.66,1625449482.0,64.0
-62.58,1625449482.0,64.0
-54.73,1625449482.0,64.0
-46.29,1625449482.0,64.0
-38.62,1625449482.0,64.0
-33.14,1625449482.0,64.0
-30.85,1625449482.0,64.0
-31.62,1625449482.0,64.0
-33.98,1625449482.0,64.0
-35.63,1625449482.0,64.0
-34.4,1625449482.0,64.0
-29.29,1625449482.0,64.0
-21.01,1625449482.0,64.0
-11.61,1625449482.0,64.0
-3.61,1625449482.0,64.0
0.96,1625449482.0,64.0
1.28,1625449482.0,64.0
-2.2,1625449482.0,64.0
-8.1,1625449482.0,64.0
-14.86,1625449482.0,64.0
-21.24,1625449482.0,64.0
-26.65,1625449482.0,64.0
-31.11,1625449482.0,64.0
-34.8,1625449482.0,64.0
-37.45,1625449482.0,64.0
-38.04,1625449482.0,64.0
-34.83,1625449482.0,64.0
-26.01,1625449482.0,64.0
-10.51,1625449482.0,64.0
11.05,1625449482.0,64.0
36.17,1625449482.0,64.0
60.99,1625449482.0,64.0
81.64,1625449482.0,64.0
95.75,1625449482.0,64.0
103.11,1625449482.0,64.0
105.56,1625449482.0,64.0
105.43,1625449482.0,64.0
103.94,1625449482.0,64.0
100.27,1625449482.0,64.0
91.6,1625449482.0,64.0
74.18,1625449482.0,64.0
44.72,1625449482.0,64.0
1.63,1625449482.0,64.0
-53.96,1625449482.0,64.0
-117.76,1625449482.0,64.0
-182.46,1625449482.0,64.0
-238.75,1625449482.0,64.0
-277.31,1625449482.0,64.0
-291.25,1625449482.0,64.0
-278.37,1625449482.0,64.0
-241.86,1625449482.0,64.0
-189.47,1625449482.0,64.0
-131.13,1625449482.0,64.0
-75.96,1625449482.0,64.0
-30.38,1625449482.0,64.0
2.68,1625449482.0,64.0
23.33,1625449482.0,64.0
33.53,1625449482.0,64.0
36.06,1625449482.0,64.0
33.86,1625449482.0,64.0
29.7,1625449482.0,64.0
25.82,1625449482.0,64.0
23.74,1625449482.0,64.0
23.97,1625449482.0,64.0
25.93,1625449482.0,64.0
28.57,1625449482.0,64.0
30.48,1625449482.0,64.0
30.54,1625449482.0,64.0
28.46,1625449482.0,64.0
24.99,1625449482.0,64.0
21.78,1625449482.0,64.0
21.09,1625449482.0,64.0
24.77,1625449482.0,64.0
33.56,1625449482.0,64.0
47.25,1625449482.0,64.0
64.32,1625449482.0,64.0
82.54,1625449482.0,64.0
99.75,1625449482.0,64.0
114.44,1625449482.0,64.0
126.01,1625449482.0,64.0
135.29,1625449482.0,64.0
143.46,1625449482.0,64.0
151.19,1625449482.0,64.0
159.58,1625449482.0,64.0
169.12,1625449482.0,64.0
179.95,1625449482.0,64.0
191.96,1625449482.0,64.0
204.72,1625449482.0,64.0
216.77,1625449482.0,64.0
227.55,1625449482.0,64.0
236.6,1625449482.0,64.0
243.54,1625449482.0,64.0
250.15,1625449482.0,64.0
258.3,1625449482.0,64.0
269.1,1625449482.0,64.0
282.24,1625449482.0,64.0
295.68,1625449482.0,64.0
305.39,1625449482.0,64.0
309.52,1625449482.0,64.0
307.91,1625449482.0,64.0
301.73,1625449482.0,64.0
295.47,1625449482.0,64.0
293.2,1625449482.0,64.0
296.97,1625449482.0,64.0
306.15,1625449482.0,64.0
317.8,1625449482.0,64.0
326.81,1625449482.0,64.0
331.4,1625449482.0,64.0
331.89,1625449482.0,64.0
314.16,1625449482.0,64.0
269.42,1625449482.0,64.0
194.69,1625449482.0,64.0
94.37,1625449482.0,64.0
-21.66,1625449482.0,64.0
-131.68,1625449482.0,64.0
-231.62,1625449482.0,64.0
-319.65,1625449482.0,64.0
-392.79,1625449482.0,64.0
-447.7,1625449482.0,64.0
-480.42,1625449482.0,64.0
-489.36,1625449482.0,64.0
-478.01,1625449482.0,64.0
-452.78,1625449482.0,64.0
-422.67,1625449482.0,64.0
-397.21,1625449482.0,64.0
-379.68,1625449482.0,64.0
-368.69,1625449482.0,64.0
-360.97,1625449482.0,64.0
-352.28,1625449482.0,64.0
-340.51,1625449482.0,64.0
-325.65,1625449482.0,64.0
-308.52,1625449482.0,64.0
-290.09,1625449482.0,64.0
-272.04,1625449482.0,64.0
-254.04,1625449482.0,64.0
-236.21,1625449482.0,64.0
-219.48,1625449482.0,64.0
-204.11,1625449482.0,64.0
-189.86,1625449482.0,64.0
-175.73,1625449482.0,64.0
-160.11,1625449482.0,64.0
-141.57,1625449482.0,64.0
-119.91,1625449482.0,64.0
-94.61,1625449482.0,64.0
-67.57,1625449482.0,64.0
-40.7,1625449482.0,64.0
-15.02,1625449482.0,64.0
9.35,1625449482.0,64.0
33.14,1625449482.0,64.0
57.6,1625449482.0,64.0
84.06,1625449482.0,64.0
113.61,1625449482.0,64.0
147.71,1625449482.0,64.0
186.95,1625449482.0,64.0
229.99,1625449482.0,64.0
272.43,1625449482.0,64.0
306.99,1625449482.0,64.0
325.51,1625449482.0,64.0
322.36,1625449482.0,64.0
297.39,1625449482.0,64.0
256.92,1625449482.0,64.0
212.09,1625449482.0,64.0
174.51,1625449482.0,64.0
151.97,1625449482.0,64.0
145.87,1625449482.0,64.0
151.86,1625449482.0,64.0
162.92,1625449482.0,64.0
172.98,1625449482.0,64.0
178.77,1625449482.0,64.0
179.57,1625449482.0,64.0
175.22,1625449482.0,64.0
164.75,1625449482.0,64.0
146.72,1625449482.0,64.0
120.89,1625449482.0,64.0
90.03,1625449482.0,64.0
59.89,1625449482.0,64.0
36.88,1625449482.0,64.0
24.3,1625449482.0,64.0
19.74,1625449482.0,64.0
15.66,1625449482.0,64.0
3.2,1625449482.0,64.0
-22.74,1625449482.0,64.0
-60.13,1625449482.0,64.0
-100.4,1625449482.0,64.0
-132.58,1625449482.0,64.0
-148.61,1625449482.0,64.0
-146.88,1625449482.0,64.0
-132.31,1625449482.0,64.0
-113.29,1625449482.0,64.0
-97.7,1625449482.0,64.0
-90.05,1625449482.0,64.0
-91.01,1625449482.0,64.0
-98.62,1625449482.0,64.0
-110.15,1625449482.0,64.0
-123.35,1625449482.0,64.0
-136.64,1625449482.0,64.0
-148.9,1625449482.0,64.0
-159.11,1625449482.0,64.0
-166.35,1625449482.0,64.0
-170.07,1625449482.0,64.0
-170.29,1625449482.0,64.0
-167.5,1625449482.0,64.0
-162.51,1625449482.0,64.0
-156.06,1625449482.0,64.0
-148.53,1625449482.0,64.0
-139.93,1625449482.0,64.0
-129.93,1625449482.0,64.0
-118.16,1625449482.0,64.0
-104.42,1625449482.0,64.0
-88.9,1625449482.0,64.0
-72.29,1625449482.0,64.0
-55.65,1625449482.0,64.0
-40.28,1625449482.0,64.0
-27.34,1625449482.0,64.0
-17.57,1625449482.0,64.0
-11.01,1625449482.0,64.0
-6.98,1625449482.0,64.0
-4.29,1625449482.0,64.0
-1.66,1625449482.0,64.0
1.78,1625449482.0,64.0
6.24,1625449482.0,64.0
11.29,1625449482.0,64.0
16.12,1625449482.0,64.0
19.93,1625449482.0,64.0
22.25,1625449482.0,64.0
23.04,1625449482.0,64.0
22.55,1625449482.0,64.0
21.15,1625449482.0,64.0
19.15,1625449482.0,64.0
16.78,1625449482.0,64.0
14.16,1625449482.0,64.0
11.41,1625449482.0,64.0
8.61,1625449482.0,64.0
5.73,1625449482.0,64.0
2.61,1625449482.0,64.0
-1.08,1625449482.0,64.0
-5.62,1625449482.0,64.0
-11.08,1625449482.0,64.0
-17.18,1625449482.0,64.0
-23.33,1625449482.0,64.0
-28.78,1625449482.0,64.0
-32.89,1625449482.0,64.0
-35.17,1625449482.0,64.0
-35.35,1625449482.0,64.0
-33.28,1625449482.0,64.0
-28.86,1625449482.0,64.0
-22.17,1625449482.0,64.0
-13.53,1625449482.0,64.0
-3.63,1625449482.0,64.0
6.54,1625449482.0,64.0
15.97,1625449482.0,64.0
23.87,1625449482.0,64.0
29.86,1625449482.0,64.0
34.02,1625449482.0,64.0
36.65,1625449482.0,64.0
38.13,1625449482.0,64.0
38.78,1625449482.0,64.0
38.88,1625449482.0,64.0
38.66,1625449482.0,64.0
38.32,1625449482.0,64.0
38.04,1625449482.0,64.0
37.87,1625449482.0,64.0
37.74,1625449482.0,64.0
37.47,1625449482.0,64.0
36.87,1625449482.0,64.0
35.8,1625449482.0,64.0
34.19,1625449482.0,64.0
32.03,1625449482.0,64.0
29.37,1625449482.0,64.0
26.26,1625449482.0,64.0
22.85,1625449482.0,64.0
19.34,1625449482.0,64.0
15.91,1625449482.0,64.0
12.64,1625449482.0,64.0
9.47,1625449482.0,64.0
6.15,1625449482.0,64.0
2.4,1625449482.0,64.0
-1.97,1625449482.0,64.0
-6.94,1625449482.0,64.0
-12.23,1625449482.0,64.0
-17.34,1625449482.0,64.0
-21.62,1625449482.0,64.0
-24.34,1625449482.0,64.0
-24.88,1625449482.0,64.0
-22.78,1625449482.0,64.0
-17.95,1625449482.0,64.0
-10.68,1625449482.0,64.0
-1.62,1625449482.0,64.0
8.39,1625449482.0,64.0
18.58,1625449482.0,64.0
28.33,1625449482.0,64.0
37.28,1625449482.0,64.0
45.17,1625449482.0,64.0
51.72,1625449482.0,64.0
56.63,1625449482.0,64.0
59.63,1625449482.0,64.0
60.65,1625449482.0,64.0
59.98,1625449482.0,64.0
58.22,1625449482.0,64.0
56.05,1625449482.0,64.0
54.03,1625449482.0,64.0
52.36,1625449482.0,64.0
50.97,1625449482.0,64.0
49.57,1625449482.0,64.0
47.95,1625449482.0,64.0
46.03,1625449482.0,64.0
43.87,1625449482.0,64.0
41.53,1625449482.0,64.0
38.95,1625449482.0,64.0
35.97,1625449482.0,64.0
32.38,1625449482.0,64.0
28.14,1625449482.0,64.0
23.34,1625449482.0,64.0
18.2,1625449482.0,64.0
13.0,1625449482.0,64.0
7.88,1625449482.0,64.0
2.8,1625449482.0,64.0
-2.38,1625449482.0,64.0
-7.78,1625449482.0,64.0
-13.45,1625449482.0,64.0
-19.22,1625449482.0,64.0
-24.64,1625449482.0,64.0
-29.14,1625449482.0,64.0
-32.07,1625449482.0,64.0
-32.87,1625449482.0,64.0
-31.23,1625449482.0,64.0
-27.21,1625449482.0,64.0
-21.22,1625449482.0,64.0
-13.87,1625449482.0,64.0
-5.81,1625449482.0,64.0
2.43,1625449482.0,64.0
10.51,1625449482.0,64.0
18.16,1625449482.0,64.0
25.05,1625449482.0,64.0
30.8,1625449482.0,64.0
34.96,1625449482.0,64.0
37.27,1625449482.0,64.0
37.8,1625449482.0,64.0
36.93,1625449482.0,64.0
35.32,1625449482.0,64.0
33.61,1625449482.0,64.0
32.21,1625449482.0,64.0
31.22,1625449482.0,64.0
30.44,1625449482.0,64.0
29.52,1625449482.0,64.0
28.2,1625449482.0,64.0
26.32,1625449482.0,64.0
23.89,1625449482.0,64.0
20.99,1625449482.0,64.0
17.7,1625449482.0,64.0
14.09,1625449482.0,64.0
10.22,1625449482.0,64.0
6.27,1625449482.0,64.0
2.44,1625449482.0,64.0
-1.0,1625449482.0,64.0
-3.86,1625449482.0,64.0
-6.15,1625449482.0,64.0
-8.08,1625449482.0,64.0
-10.02,1625449482.0,64.0
-12.42,1625449482.0,64.0
-15.59,1625449482.0,64.0
-19.67,1625449482.0,64.0
-24.49,1625449482.0,64.0
-29.58,1625449482.0,64.0
-34.2,1625449482.0,64.0
-37.52,1625449482.0,64.0
-38.79,1625449482.0,64.0
-37.55,1625449482.0,64.0
-33.79,1625449482.0,64.0
-27.91,1625449482.0,64.0
-20.55,1625449482.0,64.0
-12.38,1625449482.0,64.0
-3.94,1625449482.0,64.0
4.38,1625449482.0,64.0
12.25,1625449482.0,64.0
19.3,1625449482.0,64.0
25.02,1625449482.0,64.0
29.0,1625449482.0,64.0
31.03,1625449482.0,64.0
31.33,1625449482.0,64.0
30.48,1625449482.0,64.0
29.28,1625449482.0,64.0
28.41,1625449482.0,64.0
28.19,1625449482.0,64.0
28.58,1625449482.0,64.0
29.27,1625449482.0,64.0
29.87,1625449482.0,64.0
30.05,1625449482.0,64.0
29.72,1625449482.0,64.0
28.86,1625449482.0,64.0
27.58,1625449482.0,64.0
25.91,1625449482.0,64.0
23.84,1625449482.0,64.0
21.32,1625449482.0,64.0
18.28,1625449482.0,64.0
14.73,1625449482.0,64.0
10.77,1625449482.0,64.0
6.61,1625449482.0,64.0
2.5,1625449482.0,64.0
-1.27,1625449482.0,64.0
-4.52,1625449482.0,64.0
-7.23,1625449482.0,64.0
-9.54,1625449482.0,64.0
-11.71,1625449482.0,64.0
-14.05,1625449482.0,64.0
-16.83,1625449482.0,64.0
-20.21,1625449482.0,64.0
-24.21,1625449482.0,64.0
-28.62,1625449482.0,64.0
-33.03,1625449482.0,64.0
-36.77,1625449482.0,64.0
-39.07,1625449482.0,64.0
-39.23,1625449482.0,64.0
-36.83,1625449482.0,64.0
-31.91,1625449482.0,64.0
-24.94,1625449482.0,64.0
-16.67,1625449482.0,64.0
-7.88,1625449482.0,64.0
0.84,1625449482.0,64.0
9.07,1625449482.0,64.0
16.53,1625449482.0,64.0
22.94,1625449482.0,64.0
27.98,1625449482.0,64.0
31.36,1625449482.0,64.0
32.96,1625449482.0,64.0
32.95,1625449482.0,64.0
31.78,1625449482.0,64.0
30.08,1625449482.0,64.0
28.41,1625449482.0,64.0
27.09,1625449482.0,64.0
26.19,1625449482.0,64.0
25.62,1625449482.0,64.0
25.17,1625449482.0,64.0
24.72,1625449482.0,64.0
24.18,1625449482.0,64.0
23.5,1625449482.0,64.0
22.59,1625449482.0,64.0
21.35,1625449482.0,64.0
19.68,1625449482.0,64.0
17.57,1625449482.0,64.0
15.12,1625449482.0,64.0
12.53,1625449482.0,64.0
9.98,1625449482.0,64.0
7.62,1625449482.0,64.0
5.42,1625449482.0,64.0
3.3,1625449482.0,64.0
1.1,1625449482.0,64.0
-1.28,1625449482.0,64.0
-3.87,1625449482.0,64.0
-6.63,1625449482.0,64.0
-9.52,1625449482.0,64.0
-12.52,1625449482.0,64.0
-15.65,1625449482.0,64.0
-18.96,1625449482.0,64.0
-22.45,1625449482.0,64.0
-26.08,1625449482.0,64.0
-29.74,1625449482.0,64.0
-33.26,1625449482.0,64.0
-36.43,1625449482.0,64.0
-38.91,1625449482.0,64.0
-40.23,1625449482.0,64.0
-39.86,1625449482.0,64.0
-37.38,1625449482.0,64.0
-32.67,1625449482.0,64.0
-26.05,1625449482.0,64.0
-18.19,1625449482.0,64.0
-9.92,1625449482.0,64.0
-1.92,1625449482.0,64.0
5.41,1625449482.0,64.0
11.94,1625449482.0,64.0
17.62,1625449482.0,64.0
22.29,1625449482.0,64.0
25.66,1625449482.0,64.0
27.43,1625449482.0,64.0
27.56,1625449482.0,64.0
26.38,1625449482.0,64.0
24.52,1625449482.0,64.0
22.69,1625449482.0,64.0
21.38,1625449482.0,64.0
20.72,1625449482.0,64.0
20.48,1625449482.0,64.0
20.33,1625449482.0,64.0
19.95,1625449482.0,64.0
19.22,1625449482.0,64.0
18.13,1625449482.0,64.0
16.73,1625449482.0,64.0
15.04,1625449482.0,64.0
13.0,1625449482.0,64.0
10.62,1625449482.0,64.0
8.01,1625449482.0,64.0
5.35,1625449482.0,64.0
2.91,1625449482.0,64.0
0.84,1625449482.0,64.0
-0.84,1625449482.0,64.0
-2.29,1625449482.0,64.0
-3.73,1625449482.0,64.0
-5.35,1625449482.0,64.0
-7.2,1625449482.0,64.0
-9.19,1625449482.0,64.0
-11.16,1625449482.0,64.0
-12.98,1625449482.0,64.0
-14.57,1625449482.0,64.0
-16.0,1625449482.0,64.0
-17.4,1625449482.0,64.0
-18.99,1625449482.0,64.0
-20.99,1625449482.0,64.0
-23.55,1625449482.0,64.0
-26.66,1625449482.0,64.0
-30.05,1625449482.0,64.0
-33.24,1625449482.0,64.0
-35.52,1625449482.0,64.0
-36.22,1625449482.0,64.0
-34.84,1625449482.0,64.0
-31.31,1625449482.0,64.0
-25.94,1625449482.0,64.0
-19.32,1625449482.0,64.0
-12.16,1625449482.0,64.0
-5.02,1625449482.0,64.0
1.66,1625449482.0,64.0
7.66,1625449482.0,64.0
12.77,1625449482.0,64.0
16.83,1625449482.0,64.0
19.69,1625449482.0,64.0
21.3,1625449482.0,64.0
21.83,1625449482.0,64.0
21.6,1625449482.0,64.0
21.04,1625449482.0,64.0
20.53,1625449482.0,64.0
20.26,1625449482.0,64.0
20.17,1625449482.0,64.0
20.03,1625449482.0,64.0
19.62,1625449482.0,64.0
18.8,1625449482.0,64.0
17.58,1625449482.0,64.0
16.04,1625449482.0,64.0
14.27,1625449482.0,64.0
12.34,1625449482.0,64.0
10.26,1625449482.0,64.0
8.06,1625449482.0,64.0
5.8,1625449482.0,64.0
3.54,1625449482.0,64.0
1.31,1625449482.0,64.0
-0.83,1625449482.0,64.0
-2.9,1625449482.0,64.0
-4.84,1625449482.0,64.0
-6.61,1625449482.0,64.0
-8.16,1625449482.0,64.0
-9.48,1625449482.0,64.0
-10.61,1625449482.0,64.0
-11.67,1625449482.0,64.0
-12.78,1625449482.0,64.0
-14.01,1625449482.0,64.0
-15.43,1625449482.0,64.0
-17.1,1625449482.0,64.0
-19.1,1625449482.0,64.0
-21.55,1625449482.0,64.0
-24.51,1625449482.0,64.0
-27.95,1625449482.0,64.0
-31.61,1625449482.0,64.0
-35.01,1625449482.0,64.0
-37.51,1625449482.0,64.0
-38.46,1625449482.0,64.0
-37.4,1625449482.0,64.0
-34.21,1625449482.0,64.0
-29.13,1625449482.0,64.0
-22.72,1625449482.0,64.0
-15.64,1625449482.0,64.0
-8.49,1625449482.0,64.0
-1.65,1625449482.0,64.0
4.66,1625449482.0,64.0
10.32,1625449482.0,64.0
15.14,1625449482.0,64.0
18.85,1625449482.0,64.0
21.16,1625449482.0,64.0
21.97,1625449482.0,64.0
21.48,1625449482.0,64.0
20.22,1625449482.0,64.0
18.84,1625449482.0,64.0
17.87,1625449482.0,64.0
17.53,1625449482.0,64.0
17.65,1625449482.0,64.0
17.86,1625449482.0,64.0
17.78,1625449482.0,64.0
17.2,1625449482.0,64.0
16.17,1625449482.0,64.0
14.82,1625449482.0,64.0
13.34,1625449482.0,64.0
11.79,1625449482.0,64.0
10.13,1625449482.0,64.0
8.33,1625449482.0,64.0
6.43,1625449482.0,64.0
4.53,1625449482.0,64.0
2.75,1625449482.0,64.0
1.21,1625449482.0,64.0
-0.13,1625449482.0,64.0
-1.37,1625449482.0,64.0
-2.62,1625449482.0,64.0
-3.97,1625449482.0,64.0
-5.45,1625449482.0,64.0
-7.05,1625449482.0,64.0
-8.73,1625449482.0,64.0
-10.5,1625449482.0,64.0
-12.37,1625449482.0,64.0
-14.34,1625449482.0,64.0
-16.37,1625449482.0,64.0
-18.48,1625449482.0,64.0
-20.71,1625449482.0,64.0
-23.17,1625449482.0,64.0
-25.88,1625449482.0,64.0
-28.72,1625449482.0,64.0
-31.31,1625449482.0,64.0
-33.1,1625449482.0,64.0
-33.49,1625449482.0,64.0
-32.09,1625449482.0,64.0
-28.84,1625449482.0,64.0
-24.09,1625449482.0,64.0
-18.39,1625449482.0,64.0
-12.35,1625449482.0,64.0
-6.41,1625449482.0,64.0
-0.82,1625449482.0,64.0
4.3,1625449482.0,64.0
8.81,1625449482.0,64.0
12.51,1625449482.0,64.0
15.23,1625449482.0,64.0
16.84,1625449482.0,64.0
17.47,1625449482.0,64.0
17.46,1625449482.0,64.0
17.25,1625449482.0,64.0
17.26,1625449482.0,64.0
17.65,1625449482.0,64.0
18.32,1625449482.0,64.0
19.02,1625449482.0,64.0
19.44,1625449482.0,64.0
19.41,1625449482.0,64.0
18.89,1625449482.0,64.0
17.97,1625449482.0,64.0
16.75,1625449482.0,64.0
15.28,1625449482.0,64.0
13.61,1625449482.0,64.0
11.69,1625449482.0,64.0
9.53,1625449482.0,64.0
7.18,1625449482.0,64.0
4.73,1625449482.0,64.0
2.28,1625449482.0,64.0
-0.09,1625449482.0,64.0
-2.34,1625449482.0,64.0
-4.47,1625449482.0,64.0
-6.49,1625449482.0,64.0
-8.38,1625449482.0,64.0
-10.09,1625449482.0,64.0
-11.6,1625449482.0,64.0
-12.9,1625449482.0,64.0
-14.07,1625449482.0,64.0
-15.29,1625449482.0,64.0
-16.75,1625449482.0,64.0
-18.58,1625449482.0,64.0
-20.81,1625449482.0,64.0
-23.35,1625449482.0,64.0
-25.98,1625449482.0,64.0
-28.45,1625449482.0,64.0
-30.39,1625449482.0,64.0
-31.42,1625449482.0,64.0
-31.12,1625449482.0,64.0
-29.21,1625449482.0,64.0
-25.56,1625449482.0,64.0
-20.32,1625449482.0,64.0
-13.94,1625449482.0,64.0
-6.94,1625449482.0,64.0
0.1,1625449482.0,64.0
6.68,1625449482.0,64.0
12.46,1625449482.0,64.0
17.16,1625449482.0,64.0
20.63,1625449482.0,64.0
22.79,1625449482.0,64.0
23.68,1625449482.0,64.0
23.51,1625449482.0,64.0
22.61,1625449482.0,64.0
21.38,1625449482.0,64.0
20.18,1625449482.0,64.0
19.23,1625449482.0,64.0
18.56,1625449482.0,64.0
18.05,1625449482.0,64.0
17.46,1625449482.0,64.0
16.59,1625449482.0,64.0
15.36,1625449482.0,64.0
13.81,1625449482.0,64.0
12.07,1625449482.0,64.0
10.26,1625449482.0,64.0
8.46,1625449482.0,64.0
6.64,1625449482.0,64.0
4.81,1625449482.0,64.0
2.97,1625449482.0,64.0
1.23,1625449482.0,64.0
-0.29,1625449482.0,64.0
-1.53,1625449482.0,64.0
-2.58,1625449482.0,64.0
-3.6,1625449482.0,64.0
-4.75,1625449482.0,64.0
-6.11,1625449482.0,64.0
-7.64,1625449482.0,64.0
-9.21,1625449482.0,64.0
-10.71,1625449482.0,64.0
-12.16,1625449482.0,64.0
-13.66,1625449482.0,64.0
-15.4,1625449482.0,64.0
-17.48,1625449482.0,64.0
-19.9,1625449482.0,64.0
-22.56,1625449482.0,64.0
-25.27,1625449482.0,64.0
-27.83,1625449482.0,64.0
-29.94,1625449482.0,64.0
-31.21,1625449482.0,64.0
-31.22,1625449482.0,64.0
-29.61,1625449482.0,64.0
-26.25,1625449482.0,64.0
-21.36,1625449482.0,64.0
-15.41,1625449482.0,64.0
-9.02,1625449482.0,64.0
-2.74,1625449482.0,64.0
3.07,1625449482.0,64.0
8.22,1625449482.0,64.0
12.59,1625449482.0,64.0
16.06,1625449482.0,64.0
18.46,1625449482.0,64.0
19.72,1625449482.0,64.0
19.9,1625449482.0,64.0
19.27,1625449482.0,64.0
18.26,1625449482.0,64.0
17.32,1625449482.0,64.0
16.78,1625449482.0,64.0
16.74,1625449482.0,64.0
17.1,1625449482.0,64.0
17.59,1625449482.0,64.0
17.93,1625449482.0,64.0
17.88,1625449482.0,64.0
17.35,1625449482.0,64.0
16.35,1625449482.0,64.0
14.96,1625449482.0,64.0
13.29,1625449482.0,64.0
11.39,1625449482.0,64.0
9.37,1625449482.0,64.0
7.29,1625449482.0,64.0
5.23,1625449482.0,64.0
3.26,1625449482.0,64.0
1.4,1625449482.0,64.0
-0.4,1625449482.0,64.0
-2.16,1625449482.0,64.0
-3.89,1625449482.0,64.0
-5.52,1625449482.0,64.0
-6.98,1625449482.0,64.0
-8.24,1625449482.0,64.0
-9.37,1625449482.0,64.0
-10.54,1625449482.0,64.0
-11.92,1625449482.0,64.0
-13.61,1625449482.0,64.0
-15.63,1625449482.0,64.0
-17.85,1625449482.0,64.0
-20.17,1625449482.0,64.0
-22.47,1625449482.0,64.0
-24.67,1625449482.0,64.0
-26.59,1625449482.0,64.0
-27.89,1625449482.0,64.0
-28.11,1625449482.0,64.0
-26.78,1625449482.0,64.0
-23.64,1625449482.0,64.0
-18.83,1625449482.0,64.0
-12.88,1625449482.0,64.0
-6.52,1625449482.0,64.0
-0.45,1625449482.0,64.0
4.89,1625449482.0,64.0
9.37,1625449482.0,64.0
13.01,1625449482.0,64.0
15.85,1625449482.0,64.0
17.86,1625449482.0,64.0
18.94,1625449482.0,64.0
19.11,1625449482.0,64.0
18.61,1625449482.0,64.0
17.84,1625449482.0,64.0
17.26,1625449482.0,64.0
17.13,1625449482.0,64.0
17.44,1625449482.0,64.0
17.9,1625449482.0,64.0
18.13,1625449482.0,64.0
17.84,1625449482.0,64.0
16.95,1625449482.0,64.0
15.6,1625449482.0,64.0
14.07,1625449482.0,64.0
12.57,1625449482.0,64.0
11.26,1625449482.0,64.0
10.08,1625449482.0,64.0
8.92,1625449482.0,64.0
7.58,1625449482.0,64.0
5.98,1625449482.0,64.0
4.12,1625449482.0,64.0
2.13,1625449482.0,64.0
0.1,1625449482.0,64.0
-1.89,1625449482.0,64.0
-3.86,1625449482.0,64.0
-5.88,1625449482.0,64.0
-7.97,1625449482.0,64.0
-10.12,1625449482.0,64.0
-12.23,1625449482.0,64.0
-14.17,1625449482.0,64.0
-15.91,1625449482.0,64.0
-17.52,1625449482.0,64.0
-19.19,1625449482.0,64.0
-21.13,1625449482.0,64.0
-23.43,1625449482.0,64.0
-26.01,1625449482.0,64.0
-28.5,1625449482.0,64.0
-30.37,1625449482.0,64.0
-31.05,1625449482.0,64.0
-30.09,1625449482.0,64.0
-27.34,1625449482.0,64.0
-22.96,1625449482.0,64.0
-17.37,1625449482.0,64.0
-11.09,1625449482.0,64.0
-4.61,1625449482.0,64.0
1.68,1625449482.0,64.0
7.49,1625449482.0,64.0
12.51,1625449482.0,64.0
16.45,1625449482.0,64.0
19.04,1625449482.0,64.0
20.2,1625449482.0,64.0
20.12,1625449482.0,64.0
19.27,1625449482.0,64.0
18.24,1625449482.0,64.0
17.58,1625449482.0,64.0
17.52,1625449482.0,64.0
17.93,1625449482.0,64.0
18.47,1625449482.0,64.0
18.76,1625449482.0,64.0
18.53,1625449482.0,64.0
17.78,1625449482.0,64.0
16.7,1625449482.0,64.0
15.5,1625449482.0,64.0
14.34,1625449482.0,64.0
13.17,1625449482.0,64.0
11.86,1625449482.0,64.0
10.25,1625449482.0,64.0
8.29,1625449482.0,64.0
6.06,1625449482.0,64.0
3.72,1625449482.0,64.0
1.44,1625449482.0,64.0
-0.65,1625449482.0,64.0
-2.52,1625449482.0,64.0
-4.15,1625449482.0,64.0
-5.63,1625449482.0,64.0
-7.0,1625449482.0,64.0
-8.36,1625449482.0,64.0
-9.78,1625449482.0,64.0
-11.36,1625449482.0,64.0
-13.16,1625449482.0,64.0
-15.22,1625449482.0,64.0
-17.57,1625449482.0,64.0
-20.21,1625449482.0,64.0
-23.12,1625449482.0,64.0
-26.2,1625449482.0,64.0
-29.22,1625449482.0,64.0
-31.83,1625449482.0,64.0
-33.52,1625449482.0,64.0
-33.79,1625449482.0,64.0
-32.28,1625449482.0,64.0
-28.9,1625449482.0,64.0
-23.82,1625449482.0,64.0
-17.5,1625449482.0,64.0
-10.52,1625449482.0,64.0
-3.44,1625449482.0,64.0
3.26,1625449482.0,64.0
9.26,1625449482.0,64.0
14.37,1625449482.0,64.0
18.45,1625449482.0,64.0
21.4,1625449482.0,64.0
23.21,1625449482.0,64.0
24.0,1625449482.0,64.0
24.02,1625449482.0,64.0
23.68,1625449482.0,64.0
23.37,1625449482.0,64.0
23.34,1625449482.0,64.0
23.62,1625449482.0,64.0
23.97,1625449482.0,64.0
24.02,1625449482.0,64.0
23.45,1625449482.0,64.0
22.09,1625449482.0,64.0
19.99,1625449482.0,64.0
17.33,1625449482.0,64.0
14.36,1625449482.0,64.0
11.26,1625449482.0,64.0
8.13,1625449482.0,64.0
4.99,1625449482.0,64.0
1.85,1625449482.0,64.0
-1.31,1625449482.0,64.0
-4.44,1625449482.0,64.0
-7.43,1625449482.0,64.0
-10.16,1625449482.0,64.0
-12.52,1625449482.0,64.0
-14.45,1625449482.0,64.0
-15.95,1625449482.0,64.0
-17.05,1625449482.0,64.0
-17.79,1625449482.0,64.0
-18.14,1625449482.0,64.0
-18.14,1625449482.0,64.0
-17.86,1625449482.0,64.0
-17.46,1625449482.0,64.0
-17.14,1625449482.0,64.0
-17.17,1625449482.0,64.0
-17.73,1625449482.0,64.0
-18.9,1625449482.0,64.0
-20.66,1625449482.0,64.0
-22.75,1625449482.0,64.0
-24.8,1625449482.0,64.0
-26.25,1625449482.0,64.0
-26.5,1625449482.0,64.0
-25.07,1625449482.0,64.0
-21.73,1625449482.0,64.0
-16.53,1625449482.0,64.0
-9.79,1625449482.0,64.0
-1.93,1625449482.0,64.0
6.65,1625449482.0,64.0
15.49,1625449482.0,64.0
24.08,1625449482.0,64.0
31.75,1625449482.0,64.0
37.76,1625449482.0,64.0
41.51,1625449482.0,64.0
42.75,1625449482.0,64.0
41.73,1625449482.0,64.0
39.18,1625449482.0,64.0
36.05,1625449482.0,64.0
33.23,1625449482.0,64.0
31.33,1625449482.0,64.0
30.44,1625449482.0,64.0
30.27,1625449482.0,64.0
30.24,1625449482.0,64.0
29.74,1625449482.0,64.0
28.37,1625449482.0,64.0
26.07,1625449482.0,64.0
23.15,1625449482.0,64.0
20.07,1625449482.0,64.0
17.26,1625449482.0,64.0
14.87,1625449482.0,64.0
12.71,1625449482.0,64.0
10.48,1625449482.0,64.0
7.86,1625449482.0,64.0
4.83,1625449482.0,64.0
1.58,1625449482.0,64.0
-1.52,1625449482.0,64.0
-4.16,1625449482.0,64.0
-6.2,1625449482.0,64.0
-7.67,1625449482.0,64.0
-8.77,1625449482.0,64.0
-9.67,1625449482.0,64.0
-10.59,1625449482.0,64.0
-11.66,1625449482.0,64.0
-13.1,1625449482.0,64.0
-15.11,1625449482.0,64.0
-17.85,1625449482.0,64.0
-21.29,1625449482.0,64.0
-25.11,1625449482.0,64.0
-28.66,1625449482.0,64.0
-31.12,1625449482.0,64.0
-31.77,1625449482.0,64.0
-30.18,1625449482.0,64.0
-26.51,1625449482.0,64.0
-21.31,1625449482.0,64.0
-15.31,1625449482.0,64.0
-9.13,1625449482.0,64.0
-3.08,1625449482.0,64.0
2.81,1625449482.0,64.0
8.61,1625449482.0,64.0
14.29,1625449482.0,64.0
19.61,1625449482.0,64.0
24.16,1625449482.0,64.0
27.51,1625449482.0,64.0
29.42,1625449482.0,64.0
29.85,1625449482.0,64.0
29.07,1625449482.0,64.0
27.55,1625449482.0,64.0
25.83,1625449482.0,64.0
24.35,1625449482.0,64.0
23.32,1625449482.0,64.0
22.56,1625449482.0,64.0
21.62,1625449482.0,64.0
19.98,1625449482.0,64.0
17.32,1625449482.0,64.0
13.71,1625449482.0,64.0
9.61,1625449482.0,64.0
5.67,1625449482.0,64.0
2.38,1625449482.0,64.0
-0.04,1625449482.0,64.0
-1.77,1625449482.0,64.0
-3.26,1625449482.0,64.0
-5.13,1625449482.0,64.0
-8.02,1625449482.0,64.0
-12.28,1625449482.0,64.0
-17.75,1625449482.0,64.0
-23.49,1625449482.0,64.0
-27.83,1625449482.0,64.0
-28.73,1625449482.0,64.0
-24.69,1625449482.0,64.0
-15.52,1625449482.0,64.0
-2.78,1625449482.0,64.0
10.59,1625449482.0,64.0
21.23,1625449482.0,64.0
26.51,1625449482.0,64.0
25.36,1625449482.0,64.0
18.47,1625449482.0,64.0
7.83,1625449482.0,64.0
-4.03,1625449482.0,64.0
-14.69,1625449482.0,64.0
-22.34,1625449482.0,64.0
-26.08,1625449482.0,64.0
-25.94,1625449482.0,64.0
-22.97,1625449482.0,64.0
-18.86,1625449482.0,64.0
-15.53,1625449482.0,64.0
-14.45,1625449482.0,64.0
-16.19,1625449482.0,64.0
-20.19,1625449482.0,64.0
-25.08,1625449482.0,64.0
-29.21,1625449482.0,64.0
-31.18,1625449482.0,64.0
-30.27,1625449482.0,64.0
-26.34,1625449482.0,64.0
-19.84,1625449482.0,64.0
-11.6,1625449482.0,64.0
-2.75,1625449482.0,64.0
5.47,1625449482.0,64.0
11.85,1625449482.0,64.0
15.58,1625449482.0,64.0
16.45,1625449482.0,64.0
15.0,1625449482.0,64.0
12.37,1625449482.0,64.0
9.84,1625449482.0,64.0
8.35,1625449482.0,64.0
8.2,1625449482.0,64.0
9.0,1625449482.0,64.0
9.9,1625449482.0,64.0
10.04,1625449482.0,64.0
8.97,1625449482.0,64.0
6.73,1625449482.0,64.0
3.85,1625449482.0,64.0
1.02,1625449482.0,64.0
-1.12,1625449482.0,64.0
-2.27,1625449482.0,64.0
-2.43,1625449482.0,64.0
-1.94,1625449482.0,64.0
-1.23,1625449482.0,64.0
-0.67,1625449482.0,64.0
-0.5,1625449482.0,64.0
-0.71,1625449482.0,64.0
-1.22,1625449482.0,64.0
-1.88,1625449482.0,64.0
-2.55,1625449482.0,64.0
-3.04,1625449482.0,64.0
-3.2,1625449482.0,64.0
-2.91,1625449482.0,64.0
-2.33,1625449482.0,64.0
-2.04,1625449482.0,64.0
-2.96,1625449482.0,64.0
-6.15,1625449482.0,64.0
-12.23,1625449482.0,64.0
-21.03,1625449482.0,64.0
-31.47,1625449482.0,64.0
-41.93,1625449482.0,64.0
-50.79,1625449482.0,64.0
-56.98,1625449482.0,64.0
-60.17,1625449482.0,64.0
-60.56,1625449482.0,64.0
-58.5,1625449482.0,64.0
-54.15,1625449482.0,64.0
-47.52,1625449482.0,64.0
-38.68,1625449482.0,64.0
-28.05,1625449482.0,64.0
-16.45,1625449482.0,64.0
-4.92,1625449482.0,64.0
5.62,1625449482.0,64.0
14.72,1625449482.0,64.0
22.41,1625449482.0,64.0
28.94,1625449482.0,64.0
34.52,1625449482.0,64.0
39.09,1625449482.0,64.0
42.36,1625449482.0,64.0
44.0,1625449482.0,64.0
43.9,1625449482.0,64.0
42.3,1625449482.0,64.0
39.76,1625449482.0,64.0
36.92,1625449482.0,64.0
34.25,1625449482.0,64.0
31.94,1625449482.0,64.0
29.88,1625449482.0,64.0
27.83,1625449482.0,64.0
25.53,1625449482.0,64.0
22.9,1625449482.0,64.0
19.96,1625449482.0,64.0
16.92,1625449482.0,64.0
14.03,1625449482.0,64.0
11.54,1625449482.0,64.0
9.62,1625449482.0,64.0
8.24,1625449482.0,64.0
7.15,1625449482.0,64.0
5.9,1625449482.0,64.0
4.0,1625449482.0,64.0
1.15,1625449482.0,64.0
-2.67,1625449482.0,64.0
-7.23,1625449482.0,64.0
-12.11,1625449482.0,64.0
-16.9,1625449482.0,64.0
-21.33,1625449482.0,64.0
-25.22,1625449482.0,64.0
-28.56,1625449482.0,64.0
-31.33,1625449482.0,64.0
-33.64,1625449482.0,64.0
-35.67,1625449482.0,64.0
-37.71,1625449482.0,64.0
-40.07,1625449482.0,64.0
-42.95,1625449482.0,64.0
-46.32,1625449482.0,64.0
-49.87,1625449482.0,64.0
-53.12,1625449482.0,64.0
-55.41,1625449482.0,64.0
-56.19,1625449482.0,64.0
-55.0,1625449482.0,64.0
-51.58,1625449482.0,64.0
-45.98,1625449482.0,64.0
-38.48,1625449482.0,64.0
-29.63,1625449482.0,64.0
-20.08,1625449482.0,64.0
-10.45,1625449482.0,64.0
-1.19,1625449482.0,64.0
7.36,1625449482.0,64.0
14.96,1625449482.0,64.0
21.32,1625449482.0,64.0
26.1,1625449482.0,64.0
29.02,1625449482.0,64.0
30.01,1625449482.0,64.0
29.35,1625449482.0,64.0
27.64,1625449482.0,64.0
25.65,1625449482.0,64.0
24.03,1625449482.0,64.0
23.12,1625449482.0,64.0
22.93,1625449482.0,64.0
23.22,1625449482.0,64.0
23.69,1625449482.0,64.0
24.1,1625449482.0,64.0
24.28,1625449482.0,64.0
24.12,1625449482.0,64.0
23.57,1625449482.0,64.0
22.62,1625449482.0,64.0
21.31,1625449482.0,64.0
19.75,1625449482.0,64.0
18.05,1625449482.0,64.0
16.27,1625449482.0,64.0
14.42,1625449482.0,64.0
12.42,1625449482.0,64.0
10.14,1625449482.0,64.0
7.47,1625449482.0,64.0
4.42,1625449482.0,64.0
1.12,1625449482.0,64.0
-2.11,1625449482.0,64.0
-4.85,1625449482.0,64.0
-6.75,1625449482.0,64.0
-7.69,1625449482.0,64.0
-7.86,1625449482.0,64.0
-7.79,1625449482.0,64.0
-8.12,1625449482.0,64.0
-9.38,1625449482.0,64.0
-11.78,1625449482.0,64.0
-15.14,1625449482.0,64.0
-18.96,1625449482.0,64.0
-22.59,1625449482.0,64.0
-25.32,1625449482.0,64.0
-26.55,1625449482.0,64.0
-25.9,1625449482.0,64.0
-23.26,1625449482.0,64.0
-18.86,1625449482.0,64.0
-13.26,1625449482.0,64.0
-7.13,1625449482.0,64.0
-1.11,1625449482.0,64.0
4.42,1625449482.0,64.0
9.28,1625449482.0,64.0
13.47,1625449482.0,64.0
17.01,1625449482.0,64.0
19.79,1625449482.0,64.0
21.7,1625449482.0,64.0
22.64,1625449482.0,64.0
22.72,1625449482.0,64.0
22.21,1625449482.0,64.0
21.48,1625449482.0,64.0
20.87,1625449482.0,64.0
20.56,1625449482.0,64.0
20.54,1625449482.0,64.0
20.66,1625449482.0,64.0
20.74,1625449482.0,64.0
20.59,1625449482.0,64.0
20.12,1625449482.0,64.0
19.27,1625449482.0,64.0
18.0,1625449482.0,64.0
16.32,1625449482.0,64.0
14.26,1625449482.0,64.0
11.86,1625449482.0,64.0
9.21,1625449482.0,64.0
6.37,1625449482.0,64.0
3.44,1625449482.0,64.0
0.55,1625449482.0,64.0
-2.23,1625449482.0,64.0
-4.81,1625449482.0,64.0
-7.12,1625449482.0,64.0
-9.14,1625449482.0,64.0
-10.93,1625449482.0,64.0
-12.58,1625449482.0,64.0
-14.25,1625449482.0,64.0
-16.07,1625449482.0,64.0
-18.17,1625449482.0,64.0
-20.54,1625449482.0,64.0
-23.13,1625449482.0,64.0
-25.74,1625449482.0,64.0
-28.11,1625449482.0,64.0
-29.93,1625449482.0,64.0
-30.78,1625449482.0,64.0
-30.29,1625449482.0,64.0
-28.16,1625449482.0,64.0
-24.33,1625449482.0,64.0
-18.98,1625449482.0,64.0
-12.54,1625449482.0,64.0
-5.64,1625449482.0,64.0
1.13,1625449482.0,64.0
7.29,1625449482.0,64.0
12.6,1625449482.0,64.0
16.99,1625449482.0,64.0
20.47,1625449482.0,64.0
23.06,1625449482.0,64.0
24.72,1625449482.0,64.0
25.48,1625449482.0,64.0
25.46,1625449482.0,64.0
24.95,1625449482.0,64.0
24.28,1625449482.0,64.0
23.74,1625449482.0,64.0
23.39,1625449482.0,64.0
23.15,1625449482.0,64.0
22.77,1625449482.0,64.0
22.06,1625449482.0,64.0
20.93,1625449482.0,64.0
19.48,1625449482.0,64.0
17.86,1625449482.0,64.0
16.19,1625449482.0,64.0
14.52,1625449482.0,64.0
12.81,1625449482.0,64.0
10.98,1625449482.0,64.0
9.01,1625449482.0,64.0
6.88,1625449482.0,64.0
4.64,1625449482.0,64.0
2.37,1625449482.0,64.0
0.14,1625449482.0,64.0
-1.99,1625449482.0,64.0
-3.96,1625449482.0,64.0
-5.77,1625449482.0,64.0
-7.52,1625449482.0,64.0
-9.38,1625449482.0,64.0
-11.61,1625449482.0,64.0
-14.39,1625449482.0,64.0
-17.83,1625449482.0,64.0
-21.88,1625449482.0,64.0
-26.29,1625449482.0,64.0
-30.68,1625449482.0,64.0
-34.51,1625449482.0,64.0
-37.26,1625449482.0,64.0
-38.4,1625449482.0,64.0
-37.54,1625449482.0,64.0
-34.57,1625449482.0,64.0
-29.65,1625449482.0,64.0
-23.26,1625449482.0,64.0
-16.06,1625449482.0,64.0
-8.74,1625449482.0,64.0
-1.8,1625449482.0,64.0
4.5,1625449482.0,64.0
10.07,1625449482.0,64.0
14.9,1625449482.0,64.0
18.9,1625449482.0,64.0
21.87,1625449482.0,64.0
23.64,1625449482.0,64.0
24.2,1625449482.0,64.0
23.76,1625449482.0,64.0
22.78,1625449482.0,64.0
21.79,1625449482.0,64.0
21.18,1625449482.0,64.0
21.08,1625449482.0,64.0
21.35,1625449482.0,64.0
21.64,1625449482.0,64.0
21.58,1625449482.0,64.0
20.95,1625449482.0,64.0
19.63,1625449482.0,64.0
17.68,1625449482.0,64.0
15.24,1625449482.0,64.0
12.48,1625449482.0,64.0
9.6,1625449482.0,64.0
6.76,1625449482.0,64.0
4.14,1625449482.0,64.0
1.81,1625449482.0,64.0
-0.23,1625449482.0,64.0
-2.05,1625449482.0,64.0
-3.8,1625449482.0,64.0
-5.6,1625449482.0,64.0
-7.51,1625449482.0,64.0
-9.53,1625449482.0,64.0
-11.65,1625449482.0,64.0
-13.85,1625449482.0,64.0
-16.14,1625449482.0,64.0
-18.58,1625449482.0,64.0
-21.24,1625449482.0,64.0
-24.13,1625449482.0,64.0
-27.32,1625449482.0,64.0
-30.76,1625449482.0,64.0
-34.34,1625449482.0,64.0
-37.74,1625449482.0,64.0
-40.38,1625449482.0,64.0
-41.57,1625449482.0,64.0
-40.65,1625449482.0,64.0
-37.32,1625449482.0,64.0
-31.71,1625449482.0,64.0
-24.48,1625449482.0,64.0
-16.49,1625449482.0,64.0
-8.58,1625449482.0,64.0
-1.26,1625449482.0,64.0
5.25,1625449482.0,64.0
11.0,1625449482.0,64.0
16.04,1625449482.0,64.0
20.27,1625449482.0,64.0
23.51,1625449482.0,64.0
25.59,1625449482.0,64.0
26.47,1625449482.0,64.0
26.43,1625449482.0,64.0
25.89,1625449482.0,64.0
25.33,1625449482.0,64.0
25.04,1625449482.0,64.0
25.04,1625449482.0,64.0
25.18,1625449482.0,64.0
25.17,1625449482.0,64.0
24.82,1625449482.0,64.0
24.06,1625449482.0,64.0
22.95,1625449482.0,64.0
21.56,1625449482.0,64.0
19.92,1625449482.0,64.0
18.0,1625449482.0,64.0
15.77,1625449482.0,64.0
13.3,1625449482.0,64.0
10.7,1625449482.0,64.0
8.12,1625449482.0,64.0
5.68,1625449482.0,64.0
3.39,1625449482.0,64.0
1.13,1625449482.0,64.0
-1.2,1625449482.0,64.0
-3.68,1625449482.0,64.0
-6.25,1625449482.0,64.0
-8.78,1625449482.0,64.0
-11.1,1625449482.0,64.0
-13.12,1625449482.0,64.0
-14.86,1625449482.0,64.0
-16.45,1625449482.0,64.0
-18.13,1625449482.0,64.0
-20.16,1625449482.0,64.0
-22.74,1625449482.0,64.0
-25.99,1625449482.0,64.0
-29.8,1625449482.0,64.0
-33.87,1625449482.0,64.0
-37.6,1625449482.0,64.0
-40.3,1625449482.0,64.0
-41.3,1625449482.0,64.0
-40.17,1625449482.0,64.0
-36.86,1625449482.0,64.0
-31.68,1625449482.0,64.0
-25.21,1625449482.0,64.0
-18.05,1625449482.0,64.0
-10.69,1625449482.0,64.0
-3.44,1625449482.0,64.0
3.5,1625449482.0,64.0
9.91,1625449482.0,64.0
15.5,1625449482.0,64.0
19.96,1625449482.0,64.0
23.05,1625449482.0,64.0
24.79,1625449482.0,64.0
25.46,1625449482.0,64.0
25.54,1625449482.0,64.0
25.47,1625449482.0,64.0
25.54,1625449482.0,64.0
25.73,1625449482.0,64.0
25.86,1625449482.0,64.0
25.72,1625449482.0,64.0
25.2,1625449482.0,64.0
24.38,1625449482.0,64.0
23.4,1625449482.0,64.0
22.34,1625449482.0,64.0
21.15,1625449482.0,64.0
19.66,1625449482.0,64.0
17.72,1625449482.0,64.0
15.31,1625449482.0,64.0
12.55,1625449482.0,64.0
9.73,1625449482.0,64.0
7.14,1625449482.0,64.0
4.93,1625449482.0,64.0
3.1,1625449482.0,64.0
1.5,1625449482.0,64.0
-0.11,1625449482.0,64.0
-1.95,1625449482.0,64.0
-4.1,1625449482.0,64.0
-6.52,1625449482.0,64.0
-9.04,1625449482.0,64.0
-11.45,1625449482.0,64.0
-13.69,1625449482.0,64.0
-15.81,1625449482.0,64.0
-18.04,1625449482.0,64.0
-20.62,1625449482.0,64.0
-23.7,1625449482.0,64.0
-27.27,1625449482.0,64.0
-31.14,1625449482.0,64.0
-35.04,1625449482.0,64.0
-38.66,1625449482.0,64.0
-41.63,1625449482.0,64.0
-43.53,1625449482.0,64.0
-43.89,1625449482.0,64.0
-42.32,1625449482.0,64.0
-38.68,1625449482.0,64.0
-33.18,1625449482.0,64.0
-26.34,1625449482.0,64.0
-18.86,1625449482.0,64.0
-11.3,1625449482.0,64.0
-3.97,1625449482.0,64.0
3.02,1625449482.0,64.0
9.62,1625449482.0,64.0
15.67,1625449482.0,64.0
20.88,1625449482.0,64.0
24.88,1625449482.0,64.0
27.5,1625449482.0,64.0
28.83,1625449482.0,64.0
29.25,1625449482.0,64.0
29.31,1625449482.0,64.0
29.45,1625449482.0,64.0
29.85,1625449482.0,64.0
30.44,1625449482.0,64.0
30.96,1625449482.0,64.0
31.08,1625449482.0,64.0
30.65,1625449482.0,64.0
29.67,1625449482.0,64.0
28.33,1625449482.0,64.0
26.85,1625449482.0,64.0
25.32,1625449482.0,64.0
23.69,1625449482.0,64.0
21.81,1625449482.0,64.0
19.51,1625449482.0,64.0
16.77,1625449482.0,64.0
13.73,1625449482.0,64.0
10.71,1625449482.0,64.0
7.95,1625449482.0,64.0
5.59,1625449482.0,64.0
3.56,1625449482.0,64.0
1.67,1625449482.0,64.0
-0.32,1625449482.0,64.0
-2.54,1625449482.0,64.0
-5.01,1625449482.0,64.0
-7.6,1625449482.0,64.0
-10.14,1625449482.0,64.0
-12.49,1625449482.0,64.0
-14.6,1625449482.0,64.0
-16.54,1625449482.0,64.0
-18.44,1625449482.0,64.0
-20.5,1625449482.0,64.0
-22.92,1625449482.0,64.0
-25.81,1625449482.0,64.0
-29.2,1625449482.0,64.0
-32.9,1625449482.0,64.0
-36.53,1625449482.0,64.0
-39.54,1625449482.0,64.0
-41.26,1625449482.0,64.0
-41.1,1625449482.0,64.0
-38.74,1625449482.0,64.0
-34.23,1625449482.0,64.0
-27.99,1625449482.0,64.0
-20.76,1625449482.0,64.0
-13.28,1625449482.0,64.0
-6.24,1625449482.0,64.0
-0.08,1625449482.0,64.0
4.98,1625449482.0,64.0
8.85,1625449482.0,64.0
11.6,1625449482.0,64.0
13.38,1625449482.0,64.0
14.47,1625449482.0,64.0
15.26,1625449482.0,64.0
16.14,1625449482.0,64.0
17.43,1625449482.0,64.0
19.26,1625449482.0,64.0
21.48,1625449482.0,64.0
23.79,1625449482.0,64.0
25.76,1625449482.0,64.0
27.02,1625449482.0,64.0
27.36,1625449482.0,64.0
26.78,1625449482.0,64.0
25.51,1625449482.0,64.0
23.84,1625449482.0,64.0
22.08,1625449482.0,64.0
20.39,1625449482.0,64.0
18.76,1625449482.0,64.0
17.04,1625449482.0,64.0
15.02,1625449482.0,64.0
12.49,1625449482.0,64.0
9.37,1625449482.0,64.0
5.82,1625449482.0,64.0
2.17,1625449482.0,64.0
-1.08,1625449482.0,64.0
-3.43,1625449482.0,64.0
-4.62,1625449482.0,64.0
-4.66,1625449482.0,64.0
-3.89,1625449482.0,64.0
-2.83,1625449482.0,64.0
-2.05,1625449482.0,64.0
-1.97,1625449482.0,64.0
-2.86,1625449482.0,64.0
-4.85,1625449482.0,64.0
-7.98,1625449482.0,64.0
-12.22,1625449482.0,64.0
-17.46,1625449482.0,64.0
-23.43,1625449482.0,64.0
-29.67,1625449482.0,64.0
-35.66,1625449482.0,64.0
-40.88,1625449482.0,64.0
-44.9,1625449482.0,64.0
-47.42,1625449482.0,64.0
-48.24,1625449482.0,64.0
-47.24,1625449482.0,64.0
-44.34,1625449482.0,64.0
-39.58,1625449482.0,64.0
-33.11,1625449482.0,64.0
-25.29,1625449482.0,64.0
-16.63,1625449482.0,64.0
-7.82,1625449482.0,64.0
0.45,1625449482.0,64.0
7.48,1625449482.0,64.0
12.72,1625449482.0,64.0
15.93,1625449482.0,64.0
17.25,1625449482.0,64.0
17.18,1625449482.0,64.0
16.47,1625449482.0,64.0
15.8,1625449482.0,64.0
15.53,1625449482.0,64.0
15.5,1625449482.0,64.0
15.19,1625449482.0,64.0
13.95,1625449482.0,64.0
11.42,1625449482.0,64.0
7.75,1625449482.0,64.0
3.55,1625449482.0,64.0
-0.34,1625449482.0,64.0
-3.19,1625449482.0,64.0
-4.6,1625449482.0,64.0
-4.56,1625449482.0,64.0
-3.41,1625449482.0,64.0
-1.82,1625449482.0,64.0
-0.71,1625449482.0,64.0
-1.05,1625449482.0,64.0
-3.39,1625449482.0,64.0
-7.35,1625449482.0,64.0
-11.45,1625449482.0,64.0
-13.48,1625449482.0,64.0
-11.51,1625449482.0,64.0
-4.96,1625449482.0,64.0
4.68,1625449482.0,64.0
14.27,1625449482.0,64.0
20.29,1625449482.0,64.0
20.55,1625449482.0,64.0
15.17,1625449482.0,64.0
6.52,1625449482.0,64.0
-1.94,1625449482.0,64.0
-7.34,1625449482.0,64.0
-8.52,1625449482.0,64.0
-6.19,1625449482.0,64.0
-2.19,1625449482.0,64.0
1.62,1625449482.0,64.0
4.27,1625449482.0,64.0
5.78,1625449482.0,64.0
6.82,1625449482.0,64.0
8.16,1625449482.0,64.0
10.24,1625449482.0,64.0
13.27,1625449482.0,64.0
17.29,1625449482.0,64.0
22.42,1625449482.0,64.0
28.76,1625449482.0,64.0
36.13,1625449482.0,64.0
43.93,1625449482.0,64.0
51.09,1625449482.0,64.0
56.55,1625449482.0,64.0
59.66,1625449482.0,64.0
60.59,1625449482.0,64.0
60.38,1625449482.0,64.0
60.56,1625449482.0,64.0
62.49,1625449482.0,64.0
66.65,1625449482.0,64.0
72.36,1625449482.0,64.0
77.84,1625449482.0,64.0
80.82,1625449482.0,64.0
79.25,1625449482.0,64.0
72.11,1625449482.0,64.0
59.7,1625449482.0,64.0
43.51,1625449482.0,64.0
25.85,1625449482.0,64.0
9.07,1625449482.0,64.0
-4.91,1625449482.0,64.0
-15.07,1625449482.0,64.0
-21.27,1625449482.0,64.0
-24.15,1625449482.0,64.0
-24.85,1625449482.0,64.0
-24.6,1625449482.0,64.0
-24.52,1625449482.0,64.0
-25.36,1625449482.0,64.0
-27.48,1625449482.0,64.0
-30.78,1625449482.0,64.0
-34.79,1625449482.0,64.0
-38.82,1625449482.0,64.0
-42.1,1625449482.0,64.0
-44.13,1625449482.0,64.0
-44.85,1625449482.0,64.0
-44.84,1625449482.0,64.0
-45.22,1625449482.0,64.0
-47.23,1625449482.0,64.0
-51.72,1625449482.0,64.0
-58.68,1625449482.0,64.0
-67.11,1625449482.0,64.0
-75.38,1625449482.0,64.0
-81.82,1625449482.0,64.0
-85.35,1625449482.0,64.0
-85.73,1625449482.0,64.0
-83.41,1625449482.0,64.0
-79.1,1625449482.0,64.0
-73.29,1625449482.0,64.0
-66.18,1625449482.0,64.0
-57.79,1625449482.0,64.0
-48.25,1625449482.0,64.0
-38.0,1625449482.0,64.0
-27.66,1625449482.0,64.0
-17.9,1625449482.0,64.0
-9.09,1625449482.0,64.0
-1.41,1625449482.0,64.0
5.13,1625449482.0,64.0
10.4,1625449482.0,64.0
14.16,1625449482.0,64.0
16.16,1625449482.0,64.0
16.31,1625449482.0,64.0
14.83,1625449482.0,64.0
12.33,1625449482.0,64.0
9.59,1625449482.0,64.0
7.44,1625449482.0,64.0
6.5,1625449482.0,64.0
7.03,1625449482.0,64.0
8.88,1625449482.0,64.0
11.55,1625449482.0,64.0
14.38,1625449482.0,64.0
16.75,1625449482.0,64.0
18.37,1625449482.0,64.0
19.24,1625449482.0,64.0
19.54,1625449482.0,64.0
19.38,1625449482.0,64.0
18.53,1625449482.0,64.0
16.38,1625449482.0,64.0
12.1,1625449482.0,64.0
5.1,1625449482.0,64.0
-4.6,1625449482.0,64.0
-16.01,1625449482.0,64.0
-27.32,1625449482.0,64.0
-36.38,1625449482.0,64.0
-41.4,1625449482.0,64.0
-41.65,1625449482.0,64.0
-37.7,1625449482.0,64.0
-31.2,1625449482.0,64.0
-24.22,1625449482.0,64.0
-18.5,1625449482.0,64.0
-14.96,1625449482.0,64.0
-13.62,1625449482.0,64.0
-13.95,1625449482.0,64.0
-15.32,1625449482.0,64.0
-17.31,1625449482.0,64.0
-19.73,1625449482.0,64.0
-22.47,1625449482.0,64.0
-25.39,1625449482.0,64.0
-28.18,1625449482.0,64.0
-30.39,1625449482.0,64.0
-31.43,1625449482.0,64.0
-30.55,1625449482.0,64.0
-26.98,1625449482.0,64.0
-20.28,1625449482.0,64.0
-10.53,1625449482.0,64.0
1.52,1625449482.0,64.0
14.55,1625449482.0,64.0
27.19,1625449482.0,64.0
38.34,1625449482.0,64.0
47.45,1625449482.0,64.0
54.33,1625449482.0,64.0
58.86,1625449482.0,64.0
60.78,1625449482.0,64.0
59.79,1625449482.0,64.0
55.95,1625449482.0,64.0
50.03,1625449482.0,64.0
43.43,1625449482.0,64.0
37.81,1625449482.0,64.0
34.4,1625449482.0,64.0
33.52,1625449482.0,64.0
34.59,1625449482.0,64.0
36.53,1625449482.0,64.0
38.29,1625449482.0,64.0
39.23,1625449482.0,64.0
39.11,1625449482.0,64.0
38.01,1625449482.0,64.0
36.15,1625449482.0,64.0
33.82,1625449482.0,64.0
31.35,1625449482.0,64.0
29.04,1625449482.0,64.0
27.02,1625449482.0,64.0
25.03,1625449482.0,64.0
22.43,1625449482.0,64.0
18.36,1625449482.0,64.0
12.28,1625449482.0,64.0
4.24,1625449482.0,64.0
-4.96,1625449482.0,64.0
-14.05,1625449482.0,64.0
-21.7,1625449482.0,64.0
-26.98,1625449482.0,64.0
-29.63,1625449482.0,64.0
-29.93,1625449482.0,64.0
-28.57,1625449482.0,64.0
-26.28,1625449482.0,64.0
-23.64,1625449482.0,64.0
-20.99,1625449482.0,64.0
-18.34,1625449482.0,64.0
-15.52,1625449482.0,64.0
-12.37,1625449482.0,64.0
-8.9,1625449482.0,64.0
-5.34,1625449482.0,64.0
-2.12,1625449482.0,64.0
0.39,1625449482.0,64.0
2.03,1625449482.0,64.0
2.99,1625449482.0,64.0
3.67,1625449482.0,64.0
4.48,1625449482.0,64.0
5.57,1625449482.0,64.0
6.78,1625449482.0,64.0
7.69,1625449482.0,64.0
7.98,1625449482.0,64.0
7.57,1625449482.0,64.0
6.68,1625449482.0,64.0
5.68,1625449482.0,64.0
4.85,1625449482.0,64.0
4.16,1625449482.0,64.0
3.34,1625449482.0,64.0
1.98,1625449482.0,64.0
-0.12,1625449482.0,64.0
-2.84,1625449482.0,64.0
-5.76,1625449482.0,64.0
-8.35,1625449482.0,64.0
-10.25,1625449482.0,64.0
-11.46,1625449482.0,64.0
-12.32,1625449482.0,64.0
-13.34,1625449482.0,64.0
-15.0,1625449482.0,64.0
-17.59,1625449482.0,64.0
-21.07,1625449482.0,64.0
-25.2,1625449482.0,64.0
-29.51,1625449482.0,64.0
-33.46,1625449482.0,64.0
-36.47,1625449482.0,64.0
-38.04,1625449482.0,64.0
-37.78,1625449482.0,64.0
-35.52,1625449482.0,64.0
-31.39,1625449482.0,64.0
-25.78,1625449482.0,64.0
-19.24,1625449482.0,64.0
-12.32,1625449482.0,64.0
-5.46,1625449482.0,64.0
1.09,1625449482.0,64.0
7.16,1625449482.0,64.0
12.6,1625449482.0,64.0
17.19,1625449482.0,64.0
20.67,1625449482.0,64.0
22.88,1625449482.0,64.0
23.88,1625449482.0,64.0
23.91,1625449482.0,64.0
23.4,1625449482.0,64.0
22.72,1625449482.0,64.0
22.15,1625449482.0,64.0
21.73,1625449482.0,64.0
21.35,1625449482.0,64.0
20.83,1625449482.0,64.0
20.05,1625449482.0,64.0
18.93,1625449482.0,64.0
17.45,1625449482.0,64.0
15.58,1625449482.0,64.0
13.35,1625449482.0,64.0
10.77,1625449482.0,64.0
7.91,1625449482.0,64.0
4.9,1625449482.0,64.0
1.92,1625449482.0,64.0
-0.86,1625449482.0,64.0
-3.28,1625449482.0,64.0
-5.28,1625449482.0,64.0
-6.88,1625449482.0,64.0
-8.2,1625449482.0,64.0
-9.43,1625449482.0,64.0
-10.79,1625449482.0,64.0
-12.51,1625449482.0,64.0
-14.75,1625449482.0,64.0
-17.5,1625449482.0,64.0
-20.54,1625449482.0,64.0
-23.41,1625449482.0,64.0
-25.44,1625449482.0,64.0
-26.01,1625449482.0,64.0
-24.64,1625449482.0,64.0
-21.19,1625449482.0,64.0
-15.89,1625449482.0,64.0
-9.18,1625449482.0,64.0
-1.6,1625449482.0,64.0
6.38,1625449482.0,64.0
14.37,1625449482.0,64.0
21.98,1625449482.0,64.0
28.74,1625449482.0,64.0
34.08,1625449482.0,64.0
37.5,1625449482.0,64.0
38.81,1625449482.0,64.0
38.21,1625449482.0,64.0
36.33,1625449482.0,64.0
33.96,1625449482.0,64.0
31.8,1625449482.0,64.0
30.23,1625449482.0,64.0
29.21,1625449482.0,64.0
28.4,1625449482.0,64.0
27.4,1625449482.0,64.0
25.91,1625449482.0,64.0
23.86,1625449482.0,64.0
21.32,1625449482.0,64.0
18.45,1625449482.0,64.0
15.37,1625449482.0,64.0
12.12,1625449482.0,64.0
8.71,1625449482.0,64.0
5.12,1625449482.0,64.0
1.39,1625449482.0,64.0
-2.41,1625449482.0,64.0
-6.16,1625449482.0,64.0
-9.68,1625449482.0,64.0
-12.84,1625449482.0,64.0
-15.55,1625449482.0,64.0
-17.83,1625449482.0,64.0
-19.85,1625449482.0,64.0
-21.84,1625449482.0,64.0
-24.08,1625449482.0,64.0
-26.77,1625449482.0,64.0
-30.0,1625449482.0,64.0
-33.6,1625449482.0,64.0
-37.19,1625449482.0,64.0
-40.14,1625449482.0,64.0
-41.78,1625449482.0,64.0
-41.49,1625449482.0,64.0
-38.95,1625449482.0,64.0
-34.22,1625449482.0,64.0
-27.72,1625449482.0,64.0
-20.12,1625449482.0,64.0
-12.05,1625449482.0,64.0
-4.01,1625449482.0,64.0
3.71,1625449482.0,64.0
10.85,1625449482.0,64.0
17.14,1625449482.0,64.0
22.22,1625449482.0,64.0
25.77,1625449482.0,64.0
27.71,1625449482.0,64.0
28.29,1625449482.0,64.0
28.08,1625449482.0,64.0
27.71,1625449482.0,64.0
27.59,1625449482.0,64.0
27.77,1625449482.0,64.0
27.96,1625449482.0,64.0
27.76,1625449482.0,64.0
26.87,1625449482.0,64.0
25.26,1625449482.0,64.0
23.13,1625449482.0,64.0
20.79,1625449482.0,64.0
18.45,1625449482.0,64.0
16.21,1625449482.0,64.0
14.02,1625449482.0,64.0
11.73,1625449482.0,64.0
9.26,1625449482.0,64.0
6.53,1625449482.0,64.0
3.6,1625449482.0,64.0
0.58,1625449482.0,64.0
-2.37,1625449482.0,64.0
-5.15,1625449482.0,64.0
-7.71,1625449482.0,64.0
-10.11,1625449482.0,64.0
-12.49,1625449482.0,64.0
-15.01,1625449482.0,64.0
-17.85,1625449482.0,64.0
-21.1,1625449482.0,64.0
-24.77,1625449482.0,64.0
-28.7,1625449482.0,64.0
-32.59,1625449482.0,64.0
-35.94,1625449482.0,64.0
-38.16,1625449482.0,64.0
-38.7,1625449482.0,64.0
-37.2,1625449482.0,64.0
-33.62,1625449482.0,64.0
-28.23,1625449482.0,64.0
-21.5,1625449482.0,64.0
-13.94,1625449482.0,64.0
-5.97,1625449482.0,64.0
2.1,1625449482.0,64.0
10.02,1625449482.0,64.0
17.4,1625449482.0,64.0
23.76,1625449482.0,64.0
28.54,1625449482.0,64.0
31.39,1625449482.0,64.0
32.32,1625449482.0,64.0
31.78,1625449482.0,64.0
30.5,1625449482.0,64.0
29.21,1625449482.0,64.0
28.36,1625449482.0,64.0
27.97,1625449482.0,64.0
27.68,1625449482.0,64.0
27.02,1625449482.0,64.0
25.62,1625449482.0,64.0
23.36,1625449482.0,64.0
20.41,1625449482.0,64.0
17.11,1625449482.0,64.0
13.86,1625449482.0,64.0
10.99,1625449482.0,64.0
8.62,1625449482.0,64.0
6.69,1625449482.0,64.0
4.97,1625449482.0,64.0
3.14,1625449482.0,64.0
0.95,1625449482.0,64.0
-1.67,1625449482.0,64.0
-4.59,1625449482.0,64.0
-7.53,1625449482.0,64.0
-10.2,1625449482.0,64.0
-12.47,1625449482.0,64.0
-14.43,1625449482.0,64.0
-16.3,1625449482.0,64.0
-18.34,1625449482.0,64.0
-20.77,1625449482.0,64.0
-23.78,1625449482.0,64.0
-27.62,1625449482.0,64.0
-32.48,1625449482.0,64.0
-38.36,1625449482.0,64.0
-44.81,1625449482.0,64.0
-50.76,1625449482.0,64.0
-54.79,1625449482.0,64.0
-55.52,1625449482.0,64.0
-52.29,1625449482.0,64.0
-45.4,1625449482.0,64.0
-36.1,1625449482.0,64.0
-25.87,1625449482.0,64.0
-15.84,1625449482.0,64.0
-6.31,1625449482.0,64.0
3.06,1625449482.0,64.0
12.77,1625449482.0,64.0
22.85,1625449482.0,64.0
32.65,1625449482.0,64.0
41.12,1625449482.0,64.0
47.26,1625449482.0,64.0
50.69,1625449482.0,64.0
51.76,1625449482.0,64.0
51.24,1625449482.0,64.0
49.88,1625449482.0,64.0
48.04,1625449482.0,64.0
45.64,1625449482.0,64.0
42.38,1625449482.0,64.0
38.07,1625449482.0,64.0
32.87,1625449482.0,64.0
27.25,1625449482.0,64.0
21.77,1625449482.0,64.0
16.79,1625449482.0,64.0
12.33,1625449482.0,64.0
8.06,1625449482.0,64.0
3.58,1625449482.0,64.0
-1.41,1625449482.0,64.0
-6.89,1625449482.0,64.0
-12.55,1625449482.0,64.0
-17.89,1625449482.0,64.0
-22.43,1625449482.0,64.0
-25.85,1625449482.0,64.0
-28.12,1625449482.0,64.0
-29.42,1625449482.0,64.0
-30.09,1625449482.0,64.0
-30.47,1625449482.0,64.0
-30.82,1625449482.0,64.0
-31.26,1625449482.0,64.0
-31.81,1625449482.0,64.0
-32.4,1625449482.0,64.0
-33.0,1625449482.0,64.0
-33.61,1625449482.0,64.0
-34.35,1625449482.0,64.0
-35.32,1625449482.0,64.0
-36.61,1625449482.0,64.0
-38.08,1625449482.0,64.0
-39.42,1625449482.0,64.0
-40.09,1625449482.0,64.0
-39.49,1625449482.0,64.0
-37.15,1625449482.0,64.0
-32.9,1625449482.0,64.0
-26.89,1625449482.0,64.0
-19.58,1625449482.0,64.0
-11.5,1625449482.0,64.0
-3.13,1625449482.0,64.0
5.26,1625449482.0,64.0
13.5,1625449482.0,64.0
21.44,1625449482.0,64.0
28.79,1625449482.0,64.0
35.14,1625449482.0,64.0
40.01,1625449482.0,64.0
43.11,1625449482.0,64.0
44.43,1625449482.0,64.0
44.29,1625449482.0,64.0
43.2,1625449482.0,64.0
41.65,1625449482.0,64.0
39.92,1625449482.0,64.0
38.0,1625449482.0,64.0
35.7,1625449482.0,64.0
32.8,1625449482.0,64.0
29.28,1625449482.0,64.0
25.36,1625449482.0,64.0
21.41,1625449482.0,64.0
17.82,1625449482.0,64.0
14.79,1625449482.0,64.0
12.26,1625449482.0,64.0
10.04,1625449482.0,64.0
7.9,1625449482.0,64.0
5.74,1625449482.0,64.0
3.58,1625449482.0,64.0
1.58,1625449482.0,64.0
-0.17,1625449482.0,64.0
-1.66,1625449482.0,64.0
-3.05,1625449482.0,64.0
-4.56,1625449482.0,64.0
-6.3,1625449482.0,64.0
-8.29,1625449482.0,64.0
-10.38,1625449482.0,64.0
-12.4,1625449482.0,64.0
-14.22,1625449482.0,64.0
-15.83,1625449482.0,64.0
-17.36,1625449482.0,64.0
-19.0,1625449482.0,64.0
-20.96,1625449482.0,64.0
-23.36,1625449482.0,64.0
-26.25,1625449482.0,64.0
-29.53,1625449482.0,64.0
-32.92,1625449482.0,64.0
-35.98,1625449482.0,64.0
-38.12,1625449482.0,64.0
-38.71,1625449482.0,64.0
-37.37,1625449482.0,64.0
-34.02,1625449482.0,64.0
-28.94,1625449482.0,64.0
-22.66,1625449482.0,64.0
-15.71,1625449482.0,64.0
-8.47,1625449482.0,64.0
-1.19,1625449482.0,64.0
5.97,1625449482.0,64.0
12.74,1625449482.0,64.0
18.68,1625449482.0,64.0
23.31,1625449482.0,64.0
26.28,1625449482.0,64.0
27.65,1625449482.0,64.0
27.8,1625449482.0,64.0
27.36,1625449482.0,64.0
26.95,1625449482.0,64.0
26.87,1625449482.0,64.0
27.08,1625449482.0,64.0
27.25,1625449482.0,64.0
27.0,1625449482.0,64.0
26.12,1625449482.0,64.0
24.63,1625449482.0,64.0
22.73,1625449482.0,64.0
20.64,1625449482.0,64.0
18.48,1625449482.0,64.0
16.22,1625449482.0,64.0
13.75,1625449482.0,64.0
11.01,1625449482.0,64.0
8.09,1625449482.0,64.0
5.17,1625449482.0,64.0
2.51,1625449482.0,64.0
0.29,1625449482.0,64.0
-1.45,1625449482.0,64.0
-2.81,1625449482.0,64.0
-4.04,1625449482.0,64.0
-5.33,1625449482.0,64.0
-6.83,1625449482.0,64.0
-8.57,1625449482.0,64.0
-10.53,1625449482.0,64.0
-12.66,1625449482.0,64.0
-14.97,1625449482.0,64.0
-17.52,1625449482.0,64.0
-20.36,1625449482.0,64.0
-23.55,1625449482.0,64.0
-27.05,1625449482.0,64.0
-30.74,1625449482.0,64.0
-34.36,1625449482.0,64.0
-37.55,1625449482.0,64.0
-39.81,1625449482.0,64.0
-40.61,1625449482.0,64.0
-39.58,1625449482.0,64.0
-36.51,1625449482.0,64.0
-31.58,1625449482.0,64.0
-25.24,1625449482.0,64.0
-18.08,1625449482.0,64.0
-10.62,1625449482.0,64.0
-3.24,1625449482.0,64.0
3.86,1625449482.0,64.0
10.52,1625449482.0,64.0
16.52,1625449482.0,64.0
21.52,1625449482.0,64.0
25.2,1625449482.0,64.0
27.42,1625449482.0,64.0
28.32,1625449482.0,64.0
28.3,1625449482.0,64.0
27.9,1625449482.0,64.0
27.56,1625449482.0,64.0
27.55,1625449482.0,64.0
27.8,1625449482.0,64.0
28.07,1625449482.0,64.0
28.07,1625449482.0,64.0
27.54,1625449482.0,64.0
26.39,1625449482.0,64.0
24.66,1625449482.0,64.0
22.48,1625449482.0,64.0
20.01,1625449482.0,64.0
17.38,1625449482.0,64.0
14.69,1625449482.0,64.0
11.99,1625449482.0,64.0
9.3,1625449482.0,64.0
6.68,1625449482.0,64.0
4.18,1625449482.0,64.0
1.81,1625449482.0,64.0
-0.43,1625449482.0,64.0
-2.59,1625449482.0,64.0
-4.75,1625449482.0,64.0
-6.97,1625449482.0,64.0
-9.26,1625449482.0,64.0
-11.6,1625449482.0,64.0
-13.94,1625449482.0,64.0
-16.2,1625449482.0,64.0
-18.44,1625449482.0,64.0
-20.79,1625449482.0,64.0
-23.43,1625449482.0,64.0
-26.59,1625449482.0,64.0
-30.37,1625449482.0,64.0
-34.65,1625449482.0,64.0
-39.0,1625449482.0,64.0
-42.75,1625449482.0,64.0
-45.09,1625449482.0,64.0
-45.42,1625449482.0,64.0
-43.44,1625449482.0,64.0
-39.29,1625449482.0,64.0
-33.46,1625449482.0,64.0
-26.55,1625449482.0,64.0
-19.11,1625449482.0,64.0
-11.51,1625449482.0,64.0
-3.93,1625449482.0,64.0
3.54,1625449482.0,64.0
10.68,1625449482.0,64.0
17.17,1625449482.0,64.0
22.58,1625449482.0,64.0
26.52,1625449482.0,64.0
28.81,1625449482.0,64.0
29.59,1625449482.0,64.0
29.29,1625449482.0,64.0
28.45,1625449482.0,64.0
27.53,1625449482.0,64.0
26.77,1625449482.0,64.0
26.19,1625449482.0,64.0
25.69,1625449482.0,64.0
25.13,1625449482.0,64.0
24.48,1625449482.0,64.0
23.79,1625449482.0,64.0
23.08,1625449482.0,64.0
22.33,1625449482.0,64.0
21.39,1625449482.0,64.0
20.06,1625449482.0,64.0
18.21,1625449482.0,64.0
15.87,1625449482.0,64.0
13.2,1625449482.0,64.0
10.41,1625449482.0,64.0
7.71,1625449482.0,64.0
5.15,1625449482.0,64.0
2.66,1625449482.0,64.0
0.13,1625449482.0,64.0
-2.55,1625449482.0,64.0
-5.39,1625449482.0,64.0
-8.27,1625449482.0,64.0
-11.03,1625449482.0,64.0
-13.53,1625449482.0,64.0
-15.78,1625449482.0,64.0
-17.9,1625449482.0,64.0
-20.12,1625449482.0,64.0
-22.63,1625449482.0,64.0
-25.55,1625449482.0,64.0
-28.91,1625449482.0,64.0
-32.69,1625449482.0,64.0
-36.79,1625449482.0,64.0
-41.03,1625449482.0,64.0
-45.1,1625449482.0,64.0
-48.51,1625449482.0,64.0
-50.6,1625449482.0,64.0
-50.78,1625449482.0,64.0
-48.61,1625449482.0,64.0
-44.01,1625449482.0,64.0
-37.31,1625449482.0,64.0
-29.11,1625449482.0,64.0
-20.12,1625449482.0,64.0
-10.97,1625449482.0,64.0
-2.15,1625449482.0,64.0
6.02,1625449482.0,64.0
13.26,1625449482.0,64.0
19.33,1625449482.0,64.0
23.99,1625449482.0,64.0
27.18,1625449482.0,64.0
29.02,1625449482.0,64.0
29.93,1625449482.0,64.0
30.44,1625449482.0,64.0
30.99,1625449482.0,64.0
31.82,1625449482.0,64.0
32.8,1625449482.0,64.0
33.61,1625449482.0,64.0
33.86,1625449482.0,64.0
33.32,1625449482.0,64.0
32.02,1625449482.0,64.0
30.18,1625449482.0,64.0
28.08,1625449482.0,64.0
25.92,1625449482.0,64.0
23.74,1625449482.0,64.0
21.48,1625449482.0,64.0
19.03,1625449482.0,64.0
16.41,1625449482.0,64.0
13.71,1625449482.0,64.0
11.08,1625449482.0,64.0
8.58,1625449482.0,64.0
6.15,1625449482.0,64.0
3.64,1625449482.0,64.0
0.89,1625449482.0,64.0
-2.09,1625449482.0,64.0
-5.15,1625449482.0,64.0
-8.06,1625449482.0,64.0
-10.61,1625449482.0,64.0
-12.79,1625449482.0,64.0
-14.78,1625449482.0,64.0
-16.86,1625449482.0,64.0
-19.26,1625449482.0,64.0
-22.08,1625449482.0,64.0
-25.26,1625449482.0,64.0
-28.65,1625449482.0,64.0
-32.06,1625449482.0,64.0
-35.32,1625449482.0,64.0
-38.22,1625449482.0,64.0
-40.47,1625449482.0,64.0
-41.68,1625449482.0,64.0
-41.4,1625449482.0,64.0
-39.32,1625449482.0,64.0
-35.39,1625449482.0,64.0
-29.88,1625449482.0,64.0
-23.26,1625449482.0,64.0
-16.11,1625449482.0,64.0
-8.85,1625449482.0,64.0
-1.74,1625449482.0,64.0
5.08,1625449482.0,64.0
11.45,1625449482.0,64.0
17.1,1625449482.0,64.0
21.7,1625449482.0,64.0
24.97,1625449482.0,64.0
26.9,1625449482.0,64.0
27.79,1625449482.0,64.0
28.16,1625449482.0,64.0
28.48,1625449482.0,64.0
29.02,1625449482.0,64.0
29.71,1625449482.0,64.0
30.24,1625449482.0,64.0
30.25,1625449482.0,64.0
29.5,1625449482.0,64.0
28.03,1625449482.0,64.0
26.01,1625449482.0,64.0
23.65,1625449482.0,64.0
21.09,1625449482.0,64.0
18.41,1625449482.0,64.0
15.61,1625449482.0,64.0
12.75,1625449482.0,64.0
9.94,1625449482.0,64.0
7.36,1625449482.0,64.0
5.15,1625449482.0,64.0
3.38,1625449482.0,64.0
1.99,1625449482.0,64.0
0.79,1625449482.0,64.0
-0.49,1625449482.0,64.0
-2.04,1625449482.0,64.0
-3.95,1625449482.0,64.0
-6.15,1625449482.0,64.0
-8.47,1625449482.0,64.0
-10.75,1625449482.0,64.0
-12.96,1625449482.0,64.0
-15.22,1625449482.0,64.0
-17.73,1625449482.0,64.0
-20.67,1625449482.0,64.0
-24.17,1625449482.0,64.0
-28.22,1625449482.0,64.0
-32.62,1625449482.0,64.0
-36.97,1625449482.0,64.0
-40.75,1625449482.0,64.0
-43.3,1625449482.0,64.0
-43.99,1625449482.0,64.0
-42.43,1625449482.0,64.0
-38.59,1625449482.0,64.0
-32.87,1625449482.0,64.0
-25.93,1625449482.0,64.0
-18.46,1625449482.0,64.0
-10.95,1625449482.0,64.0
-3.68,1625449482.0,64.0
3.28,1625449482.0,64.0
9.79,1625449482.0,64.0
15.61,1625449482.0,64.0
20.4,1625449482.0,64.0
23.95,1625449482.0,64.0
26.21,1625449482.0,64.0
27.42,1625449482.0,64.0
27.99,1625449482.0,64.0
28.3,1625449482.0,64.0
28.6,1625449482.0,64.0
28.91,1625449482.0,64.0
29.1,1625449482.0,64.0
29.02,1625449482.0,64.0
28.55,1625449482.0,64.0
27.67,1625449482.0,64.0
26.4,1625449482.0,64.0
24.79,1625449482.0,64.0
22.88,1625449482.0,64.0
20.71,1625449482.0,64.0
18.35,1625449482.0,64.0
15.89,1625449482.0,64.0
13.45,1625449482.0,64.0
11.14,1625449482.0,64.0
9.04,1625449482.0,64.0
7.17,1625449482.0,64.0
5.45,1625449482.0,64.0
3.75,1625449482.0,64.0
1.92,1625449482.0,64.0
-0.17,1625449482.0,64.0
-2.55,1625449482.0,64.0
-5.16,1625449482.0,64.0
-7.9,1625449482.0,64.0
-10.67,1625449482.0,64.0
-13.44,1625449482.0,64.0
-16.24,1625449482.0,64.0
-19.19,1625449482.0,64.0
-22.38,1625449482.0,64.0
-25.91,1625449482.0,64.0
-29.77,1625449482.0,64.0
-33.83,1625449482.0,64.0
-37.77,1625449482.0,64.0
-41.02,1625449482.0,64.0
-42.94,1625449482.0,64.0
-42.91,1625449482.0,64.0
-40.56,1625449482.0,64.0
-35.96,1625449482.0,64.0
-29.58,1625449482.0,64.0
-22.16,1625449482.0,64.0
-14.45,1625449482.0,64.0
-7.04,1625449482.0,64.0
-0.25,1625449482.0,64.0
5.75,1625449482.0,64.0
10.83,1625449482.0,64.0
14.85,1625449482.0,64.0
17.64,1625449482.0,64.0
19.22,1625449482.0,64.0
19.83,1625449482.0,64.0
19.95,1625449482.0,64.0
20.1,1625449482.0,64.0
20.71,1625449482.0,64.0
21.9,1625449482.0,64.0
23.47,1625449482.0,64.0
25.02,1625449482.0,64.0
26.11,1625449482.0,64.0
26.43,1625449482.0,64.0
25.88,1625449482.0,64.0
24.54,1625449482.0,64.0
22.6,1625449482.0,64.0
20.33,1625449482.0,64.0
17.92,1625449482.0,64.0
15.56,1625449482.0,64.0
13.34,1625449482.0,64.0
11.31,1625449482.0,64.0
9.42,1625449482.0,64.0
7.57,1625449482.0,64.0
5.63,1625449482.0,64.0
3.53,1625449482.0,64.0
1.27,1625449482.0,64.0
-1.06,1625449482.0,64.0
-3.32,1625449482.0,64.0
-5.41,1625449482.0,64.0
-7.3,1625449482.0,64.0
-9.05,1625449482.0,64.0
-10.75,1625449482.0,64.0
-12.55,1625449482.0,64.0
-14.59,1625449482.0,64.0
-17.03,1625449482.0,64.0
-20.05,1625449482.0,64.0
-23.72,1625449482.0,64.0
-27.9,1625449482.0,64.0
-32.22,1625449482.0,64.0
-35.99,1625449482.0,64.0
-38.43,1625449482.0,64.0
-38.88,1625449482.0,64.0
-37.0,1625449482.0,64.0
-32.88,1625449482.0,64.0
-27.04,1625449482.0,64.0
-20.2,1625449482.0,64.0
-13.01,1625449482.0,64.0
-5.97,1625449482.0,64.0
0.63,1625449482.0,64.0
6.62,1625449482.0,64.0
11.75,1625449482.0,64.0
15.77,1625449482.0,64.0
18.43,1625449482.0,64.0
19.68,1625449482.0,64.0
19.76,1625449482.0,64.0
19.18,1625449482.0,64.0
18.51,1625449482.0,64.0
18.16,1625449482.0,64.0
18.22,1625449482.0,64.0
18.46,1625449482.0,64.0
18.5,1625449482.0,64.0
18.03,1625449482.0,64.0
16.94,1625449482.0,64.0
15.34,1625449482.0,64.0
13.41,1625449482.0,64.0
11.3,1625449482.0,64.0
9.09,1625449482.0,64.0
6.78,1625449482.0,64.0
4.4,1625449482.0,64.0
2.05,1625449482.0,64.0
-0.13,1625449482.0,64.0
-2.05,1625449482.0,64.0
-3.67,1625449482.0,64.0
-5.09,1625449482.0,64.0
-6.48,1625449482.0,64.0
-8.01,1625449482.0,64.0
-9.77,1625449482.0,64.0
-11.76,1625449482.0,64.0
-13.93,1625449482.0,64.0
-16.19,1625449482.0,64.0
-18.5,1625449482.0,64.0
-20.85,1625449482.0,64.0
-23.36,1625449482.0,64.0
-26.15,1625449482.0,64.0
-29.3,1625449482.0,64.0
-32.72,1625449482.0,64.0
-36.14,1625449482.0,64.0
-39.04,1625449482.0,64.0
-40.79,1625449482.0,64.0
-40.84,1625449482.0,64.0
-38.89,1625449482.0,64.0
-35.04,1625449482.0,64.0
-29.75,1625449482.0,64.0
-23.6,1625449482.0,64.0
-17.14,1625449482.0,64.0
-10.7,1625449482.0,64.0
-4.4,1625449482.0,64.0
1.72,1625449482.0,64.0
7.5,1625449482.0,64.0
12.65,1625449482.0,64.0
16.79,1625449482.0,64.0
19.65,1625449482.0,64.0
21.26,1625449482.0,64.0
21.94,1625449482.0,64.0
22.2,1625449482.0,64.0
22.51,1625449482.0,64.0
23.14,1625449482.0,64.0
24.05,1625449482.0,64.0
24.97,1625449482.0,64.0
25.52,1625449482.0,64.0
25.4,1625449482.0,64.0
24.5,1625449482.0,64.0
22.87,1625449482.0,64.0
20.75,1625449482.0,64.0
18.42,1625449482.0,64.0
16.13,1625449482.0,64.0
13.98,1625449482.0,64.0
11.97,1625449482.0,64.0
10.0,1625449482.0,64.0
8.01,1625449482.0,64.0
6.01,1625449482.0,64.0
4.06,1625449482.0,64.0
2.23,1625449482.0,64.0
0.55,1625449482.0,64.0
-1.04,1625449482.0,64.0
-2.7,1625449482.0,64.0
-4.54,1625449482.0,64.0
-6.67,1625449482.0,64.0
-9.11,1625449482.0,64.0
-11.81,1625449482.0,64.0
-14.77,1625449482.0,64.0
-17.95,1625449482.0,64.0
-21.3,1625449482.0,64.0
-24.68,1625449482.0,64.0
-27.77,1625449482.0,64.0
-30.05,1625449482.0,64.0
-30.97,1625449482.0,64.0
-30.05,1625449482.0,64.0
-27.1,1625449482.0,64.0
-22.27,1625449482.0,64.0
-16.02,1625449482.0,64.0
-8.94,1625449482.0,64.0
-1.65,1625449482.0,64.0
5.37,1625449482.0,64.0
11.72,1625449482.0,64.0
17.07,1625449482.0,64.0
21.17,1625449482.0,64.0
23.86,1625449482.0,64.0
25.2,1625449482.0,64.0
25.51,1625449482.0,64.0
25.28,1625449482.0,64.0
25.04,1625449482.0,64.0
25.14,1625449482.0,64.0
25.65,1625449482.0,64.0
26.33,1625449482.0,64.0
26.83,1625449482.0,64.0
26.84,1625449482.0,64.0
26.2,1625449482.0,64.0
24.92,1625449482.0,64.0
23.16,1625449482.0,64.0
21.07,1625449482.0,64.0
18.75,1625449482.0,64.0
16.26,1625449482.0,64.0
13.58,1625449482.0,64.0
10.7,1625449482.0,64.0
7.65,1625449482.0,64.0
4.53,1625449482.0,64.0
1.46,1625449482.0,64.0
-1.45,1625449482.0,64.0
-4.14,1625449482.0,64.0
-6.6,1625449482.0,64.0
-8.93,1625449482.0,64.0
-11.28,1625449482.0,64.0
-13.83,1625449482.0,64.0
-16.73,1625449482.0,64.0
-20.05,1625449482.0,64.0
-23.78,1625449482.0,64.0
-27.76,1625449482.0,64.0
-31.74,1625449482.0,64.0
-35.34,1625449482.0,64.0
-38.08,1625449482.0,64.0
-39.42,1625449482.0,64.0
-38.91,1625449482.0,64.0
-36.27,1625449482.0,64.0
-31.57,1625449482.0,64.0
-25.19,1625449482.0,64.0
-17.76,1625449482.0,64.0
-9.95,1625449482.0,64.0
-2.35,1625449482.0,64.0
4.66,1625449482.0,64.0
10.82,1625449482.0,64.0
15.91,1625449482.0,64.0
19.8,1625449482.0,64.0
22.35,1625449482.0,64.0
23.64,1625449482.0,64.0
23.96,1625449482.0,64.0
23.79,1625449482.0,64.0
23.6,1625449482.0,64.0
23.7,1625449482.0,64.0
24.1,1625449482.0,64.0
24.51,1625449482.0,64.0
24.57,1625449482.0,64.0
23.99,1625449482.0,64.0
22.7,1625449482.0,64.0
20.88,1625449482.0,64.0
18.79,1625449482.0,64.0
16.71,1625449482.0,64.0
14.74,1625449482.0,64.0
12.86,1625449482.0,64.0
10.94,1625449482.0,64.0
8.82,1625449482.0,64.0
6.4,1625449482.0,64.0
3.69,1625449482.0,64.0
0.82,1625449482.0,64.0
-2.06,1625449482.0,64.0
-4.82,1625449482.0,64.0
-7.42,1625449482.0,64.0
-9.97,1625449482.0,64.0
-12.67,1625449482.0,64.0
-15.72,1625449482.0,64.0
-19.26,1625449482.0,64.0
-23.3,1625449482.0,64.0
-27.72,1625449482.0,64.0
-32.31,1625449482.0,64.0
-36.7,1625449482.0,64.0
-40.44,1625449482.0,64.0
-43.0,1625449482.0,64.0
-43.84,1625449482.0,64.0
-42.54,1625449482.0,64.0
-38.98,1625449482.0,64.0
-33.37,1625449482.0,64.0
-26.2,1625449482.0,64.0
-18.11,1625449482.0,64.0
-9.7,1625449482.0,64.0
-1.43,1625449482.0,64.0
6.35,1625449482.0,64.0
13.39,1625449482.0,64.0
19.46,1625449482.0,64.0
24.31,1625449482.0,64.0
27.79,1625449482.0,64.0
29.93,1625449482.0,64.0
30.99,1625449482.0,64.0
31.37,1625449482.0,64.0
31.54,1625449482.0,64.0
31.76,1625449482.0,64.0
32.07,1625449482.0,64.0
32.32,1625449482.0,64.0
32.21,1625449482.0,64.0
31.52,1625449482.0,64.0
30.17,1625449482.0,64.0
28.18,1625449482.0,64.0
25.7,1625449482.0,64.0
22.89,1625449482.0,64.0
19.91,1625449482.0,64.0
16.91,1625449482.0,64.0
13.97,1625449482.0,64.0
11.1,1625449482.0,64.0
8.27,1625449482.0,64.0
5.4,1625449482.0,64.0
2.45,1625449482.0,64.0
-0.58,1625449482.0,64.0
-3.61,1625449482.0,64.0
-6.51,1625449482.0,64.0
-9.19,1625449482.0,64.0
-11.66,1625449482.0,64.0
-14.04,1625449482.0,64.0
-16.51,1625449482.0,64.0
-19.3,1625449482.0,64.0
-22.58,1625449482.0,64.0
-26.45,1625449482.0,64.0
-30.83,1625449482.0,64.0
-35.39,1625449482.0,64.0
-39.64,1625449482.0,64.0
-42.85,1625449482.0,64.0
-44.36,1625449482.0,64.0
-43.69,1625449482.0,64.0
-40.7,1625449482.0,64.0
-35.61,1625449482.0,64.0
-28.89,1625449482.0,64.0
-21.1,1625449482.0,64.0
-12.73,1625449482.0,64.0
-4.2,1625449482.0,64.0
4.16,1625449482.0,64.0
11.98,1625449482.0,64.0
18.9,1625449482.0,64.0
24.59,1625449482.0,64.0
28.82,1625449482.0,64.0
31.55,1625449482.0,64.0
32.97,1625449482.0,64.0
33.38,1625449482.0,64.0
33.16,1625449482.0,64.0
32.64,1625449482.0,64.0
32.05,1625449482.0,64.0
31.41,1625449482.0,64.0
30.7,1625449482.0,64.0
29.82,1625449482.0,64.0
28.65,1625449482.0,64.0
27.16,1625449482.0,64.0
25.34,1625449482.0,64.0
23.23,1625449482.0,64.0
20.95,1625449482.0,64.0
18.63,1625449482.0,64.0
16.41,1625449482.0,64.0
14.39,1625449482.0,64.0
12.57,1625449482.0,64.0
10.83,1625449482.0,64.0
9.01,1625449482.0,64.0
6.97,1625449482.0,64.0
4.68,1625449482.0,64.0
2.17,1625449482.0,64.0
-0.47,1625449482.0,64.0
-3.16,1625449482.0,64.0
-5.94,1625449482.0,64.0
-8.86,1625449482.0,64.0
-11.97,1625449482.0,64.0
-15.25,1625449482.0,64.0
-18.7,1625449482.0,64.0
-22.33,1625449482.0,64.0
-26.23,1625449482.0,64.0
-30.47,1625449482.0,64.0
-35.0,1625449482.0,64.0
-39.49,1625449482.0,64.0
-43.3,1625449482.0,64.0
-45.65,1625449482.0,64.0
-45.86,1625449482.0,64.0
-43.6,1625449482.0,64.0
-39.01,1625449482.0,64.0
-32.61,1625449482.0,64.0
-25.11,1625449482.0,64.0
-17.1,1625449482.0,64.0
-8.98,1625449482.0,64.0
-0.94,1625449482.0,64.0
6.9,1625449482.0,64.0
14.36,1625449482.0,64.0
21.1,1625449482.0,64.0
26.71,1625449482.0,64.0
30.86,1625449482.0,64.0
33.46,1625449482.0,64.0
34.73,1625449482.0,64.0
35.1,1625449482.0,64.0
35.06,1625449482.0,64.0
34.95,1625449482.0,64.0
34.83,1625449482.0,64.0
34.56,1625449482.0,64.0
33.93,1625449482.0,64.0
32.81,1625449482.0,64.0
31.26,1625449482.0,64.0
29.38,1625449482.0,64.0
27.29,1625449482.0,64.0
24.99,1625449482.0,64.0
22.31,1625449482.0,64.0
19.13,1625449482.0,64.0
15.43,1625449482.0,64.0
11.48,1625449482.0,64.0
7.69,1625449482.0,64.0
4.51,1625449482.0,64.0
2.18,1625449482.0,64.0
0.62,1625449482.0,64.0
-0.51,1625449482.0,64.0
-1.71,1625449482.0,64.0
-3.3,1625449482.0,64.0
-5.41,1625449482.0,64.0
-7.88,1625449482.0,64.0
-10.48,1625449482.0,64.0
-13.01,1625449482.0,64.0
-15.46,1625449482.0,64.0
-17.92,1625449482.0,64.0
-20.6,1625449482.0,64.0
-23.63,1625449482.0,64.0
-27.11,1625449482.0,64.0
-31.01,1625449482.0,64.0
-35.22,1625449482.0,64.0
-39.49,1625449482.0,64.0
-43.4,1625449482.0,64.0
-46.33,1625449482.0,64.0
-47.55,1625449482.0,64.0
-46.5,1625449482.0,64.0
-42.91,1625449482.0,64.0
-36.93,1625449482.0,64.0
-29.13,1625449482.0,64.0
-20.26,1625449482.0,64.0
-11.06,1625449482.0,64.0
-2.08,1625449482.0,64.0
6.28,1625449482.0,64.0
13.78,1625449482.0,64.0
20.2,1625449482.0,64.0
25.33,1625449482.0,64.0
29.06,1625449482.0,64.0
31.45,1625449482.0,64.0
32.79,1625449482.0,64.0
33.52,1625449482.0,64.0
34.11,1625449482.0,64.0
34.83,1625449482.0,64.0
35.7,1625449482.0,64.0
36.53,1625449482.0,64.0
37.0,1625449482.0,64.0
36.88,1625449482.0,64.0
36.13,1625449482.0,64.0
34.9,1625449482.0,64.0
33.42,1625449482.0,64.0
31.87,1625449482.0,64.0
30.28,1625449482.0,64.0
28.46,1625449482.0,64.0
26.2,1625449482.0,64.0
23.28,1625449482.0,64.0
19.71,1625449482.0,64.0
15.67,1625449482.0,64.0
11.47,1625449482.0,64.0
7.46,1625449482.0,64.0
3.86,1625449482.0,64.0
0.73,1625449482.0,64.0
-2.03,1625449482.0,64.0
-4.57,1625449482.0,64.0
-7.01,1625449482.0,64.0
-9.34,1625449482.0,64.0
-11.5,1625449482.0,64.0
-13.4,1625449482.0,64.0
-15.07,1625449482.0,64.0
-16.63,1625449482.0,64.0
-18.25,1625449482.0,64.0
-20.08,1625449482.0,64.0
-22.22,1625449482.0,64.0
-24.71,1625449482.0,64.0
-27.56,1625449482.0,64.0
-30.75,1625449482.0,64.0
-34.12,1625449482.0,64.0
-37.33,1625449482.0,64.0
-39.84,1625449482.0,64.0
-41.02,1625449482.0,64.0
-40.31,1625449482.0,64.0
-37.45,1625449482.0,64.0
-32.57,1625449482.0,64.0
-26.1,1625449482.0,64.0
-18.63,1625449482.0,64.0
-10.75,1625449482.0,64.0
-2.95,1625449482.0,64.0
4.38,1625449482.0,64.0
10.85,1625449482.0,64.0
16.14,1625449482.0,64.0
20.03,1625449482.0,64.0
22.51,1625449482.0,64.0
23.82,1625449482.0,64.0
24.41,1625449482.0,64.0
24.79,1625449482.0,64.0
25.34,1625449482.0,64.0
26.2,1625449482.0,64.0
27.22,1625449482.0,64.0
28.05,1625449482.0,64.0
28.36,1625449482.0,64.0
27.91,1625449482.0,64.0
26.71,1625449482.0,64.0
24.92,1625449482.0,64.0
22.8,1625449482.0,64.0
20.61,1625449482.0,64.0
18.49,1625449482.0,64.0
16.46,1625449482.0,64.0
14.48,1625449482.0,64.0
12.47,1625449482.0,64.0
10.43,1625449482.0,64.0
8.39,1625449482.0,64.0
6.45,1625449482.0,64.0
4.63,1625449482.0,64.0
2.91,1625449482.0,64.0
1.12,1625449482.0,64.0
-0.89,1625449482.0,64.0
-3.26,1625449482.0,64.0
-5.99,1625449482.0,64.0
-8.96,1625449482.0,64.0
-11.95,1625449482.0,64.0
-14.77,1625449482.0,64.0
-17.39,1625449482.0,64.0
-19.99,1625449482.0,64.0
-22.86,1625449482.0,64.0
-26.28,1625449482.0,64.0
-30.41,1625449482.0,64.0
-35.11,1625449482.0,64.0
-40.06,1625449482.0,64.0
-44.76,1625449482.0,64.0
-48.64,1625449482.0,64.0
-51.19,1625449482.0,64.0
-52.0,1625449482.0,64.0
-50.79,1625449482.0,64.0
-47.48,1625449482.0,64.0
-42.18,1625449482.0,64.0
-35.21,1625449482.0,64.0
-27.08,1625449482.0,64.0
-18.36,1625449482.0,64.0
-9.61,1625449482.0,64.0
-1.31,1625449482.0,64.0
6.21,1625449482.0,64.0
12.66,1625449482.0,64.0
17.88,1625449482.0,64.0
21.77,1625449482.0,64.0
24.42,1625449482.0,64.0
26.09,1625449482.0,64.0
27.19,1625449482.0,64.0
28.15,1625449482.0,64.0
29.23,1625449482.0,64.0
30.46,1625449482.0,64.0
31.55,1625449482.0,64.0
32.15,1625449482.0,64.0
31.96,1625449482.0,64.0
30.96,1625449482.0,64.0
29.36,1625449482.0,64.0
27.53,1625449482.0,64.0
25.73,1625449482.0,64.0
24.01,1625449482.0,64.0
22.2,1625449482.0,64.0
20.09,1625449482.0,64.0
17.63,1625449482.0,64.0
14.93,1625449482.0,64.0
12.25,1625449482.0,64.0
9.85,1625449482.0,64.0
7.77,1625449482.0,64.0
5.86,1625449482.0,64.0
3.85,1625449482.0,64.0
1.51,1625449482.0,64.0
-1.23,1625449482.0,64.0
-4.23,1625449482.0,64.0
-7.29,1625449482.0,64.0
-10.19,1625449482.0,64.0
-12.83,1625449482.0,64.0
-15.21,1625449482.0,64.0
-17.43,1625449482.0,64.0
-19.63,1625449482.0,64.0
-21.99,1625449482.0,64.0
-24.7,1625449482.0,64.0
-27.9,1625449482.0,64.0
-31.66,1625449482.0,64.0
-35.89,1625449482.0,64.0
-40.28,1625449482.0,64.0
-44.34,1625449482.0,64.0
-47.43,1625449482.0,64.0
-48.9,1625449482.0,64.0
-48.27,1625449482.0,64.0
-45.37,1625449482.0,64.0
-40.41,1625449482.0,64.0
-33.89,1625449482.0,64.0
-26.46,1625449482.0,64.0
-18.75,1625449482.0,64.0
-11.22,1625449482.0,64.0
-4.11,1625449482.0,64.0
2.44,1625449482.0,64.0
8.25,1625449482.0,64.0
13.11,1625449482.0,64.0
16.77,1625449482.0,64.0
19.14,1625449482.0,64.0
20.35,1625449482.0,64.0
20.78,1625449482.0,64.0
20.92,1625449482.0,64.0
21.17,1625449482.0,64.0
21.68,1625449482.0,64.0
22.34,1625449482.0,64.0
22.89,1625449482.0,64.0
23.13,1625449482.0,64.0
22.98,1625449482.0,64.0
22.52,1625449482.0,64.0
21.92,1625449482.0,64.0
21.22,1625449482.0,64.0
20.39,1625449482.0,64.0
19.27,1625449482.0,64.0
17.71,1625449482.0,64.0
15.67,1625449482.0,64.0
13.24,1625449482.0,64.0
10.66,1625449482.0,64.0
8.17,1625449482.0,64.0
5.96,1625449482.0,64.0
4.05,1625449482.0,64.0
2.28,1625449482.0,64.0
0.42,1625449482.0,64.0
-1.78,1625449482.0,64.0
-4.37,1625449482.0,64.0
-7.26,1625449482.0,64.0
-10.23,1625449482.0,64.0
-13.01,1625449482.0,64.0
-15.48,1625449482.0,64.0
-17.68,1625449482.0,64.0
-19.8,1625449482.0,64.0
-22.11,1625449482.0,64.0
-24.84,1625449482.0,64.0
-28.12,1625449482.0,64.0
-31.9,1625449482.0,64.0
-35.91,1625449482.0,64.0
-39.76,1625449482.0,64.0
-42.86,1625449482.0,64.0
-44.59,1625449482.0,64.0
-44.4,1625449482.0,64.0
-41.99,1625449482.0,64.0
-37.38,1625449482.0,64.0
-30.97,1625449482.0,64.0
-23.34,1625449482.0,64.0
-15.17,1625449482.0,64.0
-6.97,1625449482.0,64.0
0.9,1625449482.0,64.0
8.27,1625449482.0,64.0
14.97,1625449482.0,64.0
20.8,1625449482.0,64.0
25.54,1625449482.0,64.0
29.01,1625449482.0,64.0
31.18,1625449482.0,64.0
32.27,1625449482.0,64.0
32.64,1625449482.0,64.0
32.7,1625449482.0,64.0
32.75,1625449482.0,64.0
32.93,1625449482.0,64.0
33.18,1625449482.0,64.0
33.33,1625449482.0,64.0
33.17,1625449482.0,64.0
32.51,1625449482.0,64.0
31.21,1625449482.0,64.0
29.24,1625449482.0,64.0
26.65,1625449482.0,64.0
23.63,1625449482.0,64.0
20.37,1625449482.0,64.0
17.11,1625449482.0,64.0
13.98,1625449482.0,64.0
11.06,1625449482.0,64.0
8.31,1625449482.0,64.0
5.7,1625449482.0,64.0
3.15,1625449482.0,64.0
0.59,1625449482.0,64.0
-2.04,1625449482.0,64.0
-4.75,1625449482.0,64.0
-7.51,1625449482.0,64.0
-10.24,1625449482.0,64.0
-12.78,1625449482.0,64.0
-15.02,1625449482.0,64.0
-16.98,1625449482.0,64.0
-18.82,1625449482.0,64.0
-20.86,1625449482.0,64.0
-23.39,1625449482.0,64.0
-26.57,1625449482.0,64.0
-30.24,1625449482.0,64.0
-33.95,1625449482.0,64.0
-37.06,1625449482.0,64.0
-38.81,1625449482.0,64.0
-38.63,1625449482.0,64.0
-36.22,1625449482.0,64.0
-31.68,1625449482.0,64.0
-25.45,1625449482.0,64.0
-18.22,1625449482.0,64.0
-10.65,1625449482.0,64.0
-3.24,1625449482.0,64.0
3.68,1625449482.0,64.0
9.97,1625449482.0,64.0
15.46,1625449482.0,64.0
19.92,1625449482.0,64.0
23.07,1625449482.0,64.0
24.78,1625449482.0,64.0
25.19,1625449482.0,64.0
24.74,1625449482.0,64.0
24.02,1625449482.0,64.0
23.54,1625449482.0,64.0
23.51,1625449482.0,64.0
23.78,1625449482.0,64.0
24.02,1625449482.0,64.0
23.88,1625449482.0,64.0
23.19,1625449482.0,64.0
21.96,1625449482.0,64.0
20.35,1625449482.0,64.0
18.5,1625449482.0,64.0
16.49,1625449482.0,64.0
14.37,1625449482.0,64.0
12.16,1625449482.0,64.0
9.95,1625449482.0,64.0
7.85,1625449482.0,64.0
5.95,1625449482.0,64.0
4.27,1625449482.0,64.0
2.74,1625449482.0,64.0
1.23,1625449482.0,64.0
-0.4,1625449482.0,64.0
-2.24,1625449482.0,64.0
-4.34,1625449482.0,64.0
-6.71,1625449482.0,64.0
-9.33,1625449482.0,64.0
-12.22,1625449482.0,64.0
-15.38,1625449482.0,64.0
-18.79,1625449482.0,64.0
-22.43,1625449482.0,64.0
-26.3,1625449482.0,64.0
-30.38,1625449482.0,64.0
-34.6,1625449482.0,64.0
-38.72,1625449482.0,64.0
-42.32,1625449482.0,64.0
-44.75,1625449482.0,64.0
-45.39,1625449482.0,64.0
-43.78,1625449482.0,64.0
-39.91,1625449482.0,64.0
-34.17,1625449482.0,64.0
-27.24,1625449482.0,64.0
-19.8,1625449482.0,64.0
-12.29,1625449482.0,64.0
-4.83,1625449482.0,64.0
2.59,1625449482.0,64.0
9.96,1625449482.0,64.0
17.03,1625449482.0,64.0
23.38,1625449482.0,64.0
28.55,1625449482.0,64.0
32.23,1625449482.0,64.0
34.34,1625449482.0,64.0
35.03,1625449482.0,64.0
34.52,1625449482.0,64.0
33.03,1625449482.0,64.0
30.71,1625449482.0,64.0
27.81,1625449482.0,64.0
24.64,1625449482.0,64.0
21.6,1625449482.0,64.0
19.04,1625449482.0,64.0
17.1,1625449482.0,64.0
15.67,1625449482.0,64.0
14.44,1625449482.0,64.0
13.03,1625449482.0,64.0
11.19,1625449482.0,64.0
8.9,1625449482.0,64.0
6.32,1625449482.0,64.0
3.7,1625449482.0,64.0
1.23,1625449482.0,64.0
-1.02,1625449482.0,64.0
-3.07,1625449482.0,64.0
-5.02,1625449482.0,64.0
-6.96,1625449482.0,64.0
-9.01,1625449482.0,64.0
-11.26,1625449482.0,64.0
-13.77,1625449482.0,64.0
-16.42,1625449482.0,64.0
-18.86,1625449482.0,64.0
-20.6,1625449482.0,64.0
-21.2,1625449482.0,64.0
-20.57,1625449482.0,64.0
-19.1,1625449482.0,64.0
-17.53,1625449482.0,64.0
-16.6,1625449482.0,64.0
-16.61,1625449482.0,64.0
-17.31,1625449482.0,64.0
-17.94,1625449482.0,64.0
-17.71,1625449482.0,64.0
-16.14,1625449482.0,64.0
-13.28,1625449482.0,64.0
-9.51,1625449482.0,64.0
-5.2,1625449482.0,64.0
-0.49,1625449482.0,64.0
4.69,1625449482.0,64.0
10.34,1625449482.0,64.0
16.13,1625449482.0,64.0
21.21,1625449482.0,64.0
24.56,1625449482.0,64.0
25.31,1625449482.0,64.0
23.22,1625449482.0,64.0
18.86,1625449482.0,64.0
13.41,1625449482.0,64.0
8.26,1625449482.0,64.0
4.5,1625449482.0,64.0
2.68,1625449482.0,64.0
2.68,1625449482.0,64.0
4.03,1625449482.0,64.0
6.12,1625449482.0,64.0
8.45,1625449482.0,64.0
10.72,1625449482.0,64.0
12.74,1625449482.0,64.0
14.34,1625449482.0,64.0
15.4,1625449482.0,64.0
15.79,1625449482.0,64.0
15.49,1625449482.0,64.0
14.64,1625449482.0,64.0
13.42,1625449482.0,64.0
12.06,1625449482.0,64.0
10.66,1625449482.0,64.0
9.21,1625449482.0,64.0
7.57,1625449482.0,64.0
5.62,1625449482.0,64.0
3.28,1625449482.0,64.0
0.56,1625449482.0,64.0
-2.39,1625449482.0,64.0
-5.41,1625449482.0,64.0
-8.31,1625449482.0,64.0
-10.97,1625449482.0,64.0
-13.38,1625449482.0,64.0
-15.65,1625449482.0,64.0
-18.02,1625449482.0,64.0
-20.77,1625449482.0,64.0
-24.21,1625449482.0,64.0
-28.53,1625449482.0,64.0
-33.69,1625449482.0,64.0
-39.31,1625449482.0,64.0
-44.65,1625449482.0,64.0
-48.71,1625449482.0,64.0
-50.55,1625449482.0,64.0
-49.49,1625449482.0,64.0
-45.4,1625449482.0,64.0
-38.63,1625449482.0,64.0
-29.87,1625449482.0,64.0
-19.91,1625449482.0,64.0
-9.4,1625449482.0,64.0
1.22,1625449482.0,64.0
11.61,1625449482.0,64.0
21.39,1625449482.0,64.0
30.08,1625449482.0,64.0
37.14,1625449482.0,64.0
42.17,1625449482.0,64.0
45.09,1625449482.0,64.0
46.14,1625449482.0,64.0
45.78,1625449482.0,64.0
44.52,1625449482.0,64.0
42.74,1625449482.0,64.0
40.66,1625449482.0,64.0
38.35,1625449482.0,64.0
35.86,1625449482.0,64.0
33.3,1625449482.0,64.0
30.84,1625449482.0,64.0
28.65,1625449482.0,64.0
26.82,1625449482.0,64.0
25.32,1625449482.0,64.0
23.98,1625449482.0,64.0
22.55,1625449482.0,64.0
20.81,1625449482.0,64.0
18.66,1625449482.0,64.0
16.16,1625449482.0,64.0
13.49,1625449482.0,64.0
10.82,1625449482.0,64.0
8.21,1625449482.0,64.0
5.61,1625449482.0,64.0
2.86,1625449482.0,64.0
-0.19,1625449482.0,64.0
-3.57,1625449482.0,64.0
-7.18,1625449482.0,64.0
-10.85,1625449482.0,64.0
-14.46,1625449482.0,64.0
-17.94,1625449482.0,64.0
-21.35,1625449482.0,64.0
-24.78,1625449482.0,64.0
-28.34,1625449482.0,64.0
-32.14,1625449482.0,64.0
-36.2,1625449482.0,64.0
-40.43,1625449482.0,64.0
-44.53,1625449482.0,64.0
-48.01,1625449482.0,64.0
-50.23,1625449482.0,64.0
-50.58,1625449482.0,64.0
-48.62,1625449482.0,64.0
-44.29,1625449482.0,64.0
-37.84,1625449482.0,64.0
-29.73,1625449482.0,64.0
-20.52,1625449482.0,64.0
-10.74,1625449482.0,64.0
-0.89,1625449482.0,64.0
8.56,1625449482.0,64.0
17.05,1625449482.0,64.0
24.15,1625449482.0,64.0
29.55,1625449482.0,64.0
33.17,1625449482.0,64.0
35.27,1625449482.0,64.0
36.27,1625449482.0,64.0
36.67,1625449482.0,64.0
36.86,1625449482.0,64.0
37.02,1625449482.0,64.0
37.17,1625449482.0,64.0
37.24,1625449482.0,64.0
37.11,1625449482.0,64.0
36.64,1625449482.0,64.0
35.75,1625449482.0,64.0
34.36,1625449482.0,64.0
32.36,1625449482.0,64.0
29.74,1625449482.0,64.0
26.57,1625449482.0,64.0
23.02,1625449482.0,64.0
19.33,1625449482.0,64.0
15.73,1625449482.0,64.0
12.38,1625449482.0,64.0
9.33,1625449482.0,64.0
6.49,1625449482.0,64.0
3.75,1625449482.0,64.0
0.96,1625449482.0,64.0
-2.0,1625449482.0,64.0
-5.24,1625449482.0,64.0
-8.82,1625449482.0,64.0
-12.75,1625449482.0,64.0
-16.97,1625449482.0,64.0
-21.28,1625449482.0,64.0
-25.42,1625449482.0,64.0
-29.12,1625449482.0,64.0
-32.22,1625449482.0,64.0
-34.77,1625449482.0,64.0
-37.02,1625449482.0,64.0
-39.28,1625449482.0,64.0
-41.74,1625449482.0,64.0
-44.36,1625449482.0,64.0
-46.72,1625449482.0,64.0
-48.26,1625449482.0,64.0
-48.37,1625449482.0,64.0
-46.65,1625449482.0,64.0
-43.04,1625449482.0,64.0
-37.8,1625449482.0,64.0
-31.38,1625449482.0,64.0
-24.25,1625449482.0,64.0
-16.84,1625449482.0,64.0
-9.46,1625449482.0,64.0
-2.45,1625449482.0,64.0
3.88,1625449482.0,64.0
9.23,1625449482.0,64.0
13.41,1625449482.0,64.0
16.44,1625449482.0,64.0
18.56,1625449482.0,64.0
20.2,1625449482.0,64.0
21.83,1625449482.0,64.0
23.78,1625449482.0,64.0
26.03,1625449482.0,64.0
28.29,1625449482.0,64.0
30.1,1625449482.0,64.0
31.05,1625449482.0,64.0
30.96,1625449482.0,64.0
29.97,1625449482.0,64.0
28.43,1625449482.0,64.0
26.74,1625449482.0,64.0
25.14,1625449482.0,64.0
23.57,1625449482.0,64.0
21.81,1625449482.0,64.0
19.56,1625449482.0,64.0
16.65,1625449482.0,64.0
13.14,1625449482.0,64.0
9.32,1625449482.0,64.0
5.54,1625449482.0,64.0
2.16,1625449482.0,64.0
-0.6,1625449482.0,64.0
-2.64,1625449482.0,64.0
-3.98,1625449482.0,64.0
-4.78,1625449482.0,64.0
-5.34,1625449482.0,64.0
-5.95,1625449482.0,64.0
-6.98,1625449482.0,64.0
-8.67,1625449482.0,64.0
-11.16,1625449482.0,64.0
-14.36,1625449482.0,64.0
-18.07,1625449482.0,64.0
-22.0,1625449482.0,64.0
-25.81,1625449482.0,64.0
-29.15,1625449482.0,64.0
-31.61,1625449482.0,64.0
-32.74,1625449482.0,64.0
-32.14,1625449482.0,64.0
-29.6,1625449482.0,64.0
-25.19,1625449482.0,64.0
-19.29,1625449482.0,64.0
-12.47,1625449482.0,64.0
-5.37,1625449482.0,64.0
1.52,1625449482.0,64.0
7.89,1625449482.0,64.0
13.57,1625449482.0,64.0
18.45,1625449482.0,64.0
22.36,1625449482.0,64.0
25.1,1625449482.0,64.0
26.59,1625449482.0,64.0
26.93,1625449482.0,64.0
26.46,1625449482.0,64.0
25.69,1625449482.0,64.0
25.12,1625449482.0,64.0
25.01,1625449482.0,64.0
25.34,1625449482.0,64.0
25.8,1625449482.0,64.0
25.95,1625449482.0,64.0
25.41,1625449482.0,64.0
24.07,1625449482.0,64.0
22.03,1625449482.0,64.0
19.57,1625449482.0,64.0
17.01,1625449482.0,64.0
14.54,1625449482.0,64.0
12.19,1625449482.0,64.0
9.86,1625449482.0,64.0
7.43,1625449482.0,64.0
4.9,1625449482.0,64.0
2.41,1625449482.0,64.0
0.15,1625449482.0,64.0
-1.78,1625449482.0,64.0
-3.41,1625449482.0,64.0
-4.96,1625449482.0,64.0
-6.7,1625449482.0,64.0
-8.86,1625449482.0,64.0
-11.48,1625449482.0,64.0
-14.48,1625449482.0,64.0
-17.7,1625449482.0,64.0
-21.03,1625449482.0,64.0
-24.5,1625449482.0,64.0
-28.21,1625449482.0,64.0
-32.22,1625449482.0,64.0
-36.45,1625449482.0,64.0
-40.5,1625449482.0,64.0
-43.73,1625449482.0,64.0
-45.39,1625449482.0,64.0
-44.87,1625449482.0,64.0
-41.9,1625449482.0,64.0
-36.69,1625449482.0,64.0
-29.77,1625449482.0,64.0
-21.88,1625449482.0,64.0
-13.65,1625449482.0,64.0
-5.53,1625449482.0,64.0
2.21,1625449482.0,64.0
9.33,1625449482.0,64.0
15.56,1625449482.0,64.0
20.6,1625449482.0,64.0
24.19,1625449482.0,64.0
26.33,1625449482.0,64.0
27.24,1625449482.0,64.0
27.35,1625449482.0,64.0
27.15,1625449482.0,64.0
26.99,1625449482.0,64.0
27.07,1625449482.0,64.0
27.35,1625449482.0,64.0
27.69,1625449482.0,64.0
27.86,1625449482.0,64.0
27.67,1625449482.0,64.0
26.94,1625449482.0,64.0
25.59,1625449482.0,64.0
23.63,1625449482.0,64.0
21.15,1625449482.0,64.0
18.25,1625449482.0,64.0
15.04,1625449482.0,64.0
11.61,1625449482.0,64.0
8.04,1625449482.0,64.0
4.46,1625449482.0,64.0
0.94,1625449482.0,64.0
-2.4,1625449482.0,64.0
-5.49,1625449482.0,64.0
-8.33,1625449482.0,64.0
-10.91,1625449482.0,64.0
-13.31,1625449482.0,64.0
-15.64,1625449482.0,64.0
-18.06,1625449482.0,64.0
-20.77,1625449482.0,64.0
-23.98,1625449482.0,64.0
-27.77,1625449482.0,64.0
-32.11,1625449482.0,64.0
-36.8,1625449482.0,64.0
-41.47,1625449482.0,64.0
-45.62,1625449482.0,64.0
-48.65,1625449482.0,64.0
-49.94,1625449482.0,64.0
-49.02,1625449482.0,64.0
-45.66,1625449482.0,64.0
-40.03,1625449482.0,64.0
-32.64,1625449482.0,64.0
-24.27,1625449482.0,64.0
-15.64,1625449482.0,64.0
-7.26,1625449482.0,64.0
0.63,1625449482.0,64.0
7.99,1625449482.0,64.0
14.78,1625449482.0,64.0
20.8,1625449482.0,64.0
25.76,1625449482.0,64.0
29.39,1625449482.0,64.0
31.6,1625449482.0,64.0
32.59,1625449482.0,64.0
32.75,1625449482.0,64.0
32.51,1625449482.0,64.0
32.19,1625449482.0,64.0
31.94,1625449482.0,64.0
31.69,1625449482.0,64.0
31.32,1625449482.0,64.0
30.66,1625449482.0,64.0
29.61,1625449482.0,64.0
28.13,1625449482.0,64.0
26.25,1625449482.0,64.0
24.09,1625449482.0,64.0
21.78,1625449482.0,64.0
19.43,1625449482.0,64.0
17.07,1625449482.0,64.0
14.64,1625449482.0,64.0
12.04,1625449482.0,64.0
9.18,1625449482.0,64.0
6.07,1625449482.0,64.0
2.79,1625449482.0,64.0
-0.58,1625449482.0,64.0
-3.96,1625449482.0,64.0
-7.32,1625449482.0,64.0
-10.66,1625449482.0,64.0
-13.96,1625449482.0,64.0
-17.22,1625449482.0,64.0
-20.4,1625449482.0,64.0
-23.5,1625449482.0,64.0
-26.6,1625449482.0,64.0
-29.84,1625449482.0,64.0
-33.36,1625449482.0,64.0
-37.24,1625449482.0,64.0
-41.34,1625449482.0,64.0
-45.32,1625449482.0,64.0
-48.61,1625449482.0,64.0
-50.52,1625449482.0,64.0
-50.43,1625449482.0,64.0
-47.99,1625449482.0,64.0
-43.22,1625449482.0,64.0
-36.53,1625449482.0,64.0
-28.56,1625449482.0,64.0
-19.94,1625449482.0,64.0
-11.11,1625449482.0,64.0
-2.34,1625449482.0,64.0
6.24,1625449482.0,64.0
14.37,1625449482.0,64.0
21.66,1625449482.0,64.0
27.6,1625449482.0,64.0
31.79,1625449482.0,64.0
34.15,1625449482.0,64.0
34.98,1625449482.0,64.0
34.89,1625449482.0,64.0
34.52,1625449482.0,64.0
34.33,1625449482.0,64.0
34.42,1625449482.0,64.0
34.61,1625449482.0,64.0
34.54,1625449482.0,64.0
33.93,1625449482.0,64.0
32.68,1625449482.0,64.0
30.81,1625449482.0,64.0
28.47,1625449482.0,64.0
25.82,1625449482.0,64.0
22.97,1625449482.0,64.0
20.03,1625449482.0,64.0
17.07,1625449482.0,64.0
14.18,1625449482.0,64.0
11.41,1625449482.0,64.0
8.86,1625449482.0,64.0
6.51,1625449482.0,64.0
4.31,1625449482.0,64.0
2.08,1625449482.0,64.0
-0.37,1625449482.0,64.0
-3.17,1625449482.0,64.0
-6.37,1625449482.0,64.0
-9.81,1625449482.0,64.0
-13.22,1625449482.0,64.0
-16.36,1625449482.0,64.0
-19.1,1625449482.0,64.0
-21.57,1625449482.0,64.0
-24.07,1625449482.0,64.0
-26.99,1625449482.0,64.0
-30.62,1625449482.0,64.0
-34.98,1625449482.0,64.0
-39.8,1625449482.0,64.0
-44.53,1625449482.0,64.0
-48.44,1625449482.0,64.0
-50.86,1625449482.0,64.0
-51.29,1625449482.0,64.0
-49.54,1625449482.0,64.0
-45.8,1625449482.0,64.0
-40.43,1625449482.0,64.0
-33.93,1625449482.0,64.0
-26.61,1625449482.0,64.0
-18.65,1625449482.0,64.0
-10.09,1625449482.0,64.0
-1.13,1625449482.0,64.0
7.83,1625449482.0,64.0
16.19,1625449482.0,64.0
23.26,1625449482.0,64.0
28.64,1625449482.0,64.0
32.3,1625449482.0,64.0
34.58,1625449482.0,64.0
36.04,1625449482.0,64.0
37.18,1625449482.0,64.0
38.28,1625449482.0,64.0
39.32,1625449482.0,64.0
40.17,1625449482.0,64.0
40.62,1625449482.0,64.0
40.61,1625449482.0,64.0
40.17,1625449482.0,64.0
39.35,1625449482.0,64.0
38.18,1625449482.0,64.0
36.6,1625449482.0,64.0
34.49,1625449482.0,64.0
31.76,1625449482.0,64.0
28.43,1625449482.0,64.0
24.66,1625449482.0,64.0
20.76,1625449482.0,64.0
17.08,1625449482.0,64.0
13.8,1625449482.0,64.0
10.93,1625449482.0,64.0
8.25,1625449482.0,64.0
5.45,1625449482.0,64.0
2.31,1625449482.0,64.0
-1.18,1625449482.0,64.0
-4.87,1625449482.0,64.0
-8.49,1625449482.0,64.0
-11.89,1625449482.0,64.0
-15.19,1625449482.0,64.0
-18.59,1625449482.0,64.0
-22.36,1625449482.0,64.0
-26.6,1625449482.0,64.0
-31.2,1625449482.0,64.0
-35.9,1625449482.0,64.0
-40.45,1625449482.0,64.0
-44.64,1625449482.0,64.0
-48.25,1625449482.0,64.0
-51.03,1625449482.0,64.0
-52.56,1625449482.0,64.0
-52.36,1625449482.0,64.0
-50.05,1625449482.0,64.0
-45.52,1625449482.0,64.0
-39.03,1625449482.0,64.0
-31.1,1625449482.0,64.0
-22.32,1625449482.0,64.0
-13.22,1625449482.0,64.0
-4.2,1625449482.0,64.0
4.41,1625449482.0,64.0
12.26,1625449482.0,64.0
18.99,1625449482.0,64.0
24.33,1625449482.0,64.0
28.17,1625449482.0,64.0
30.67,1625449482.0,64.0
32.22,1625449482.0,64.0
33.24,1625449482.0,64.0
34.02,1625449482.0,64.0
34.71,1625449482.0,64.0
35.19,1625449482.0,64.0
35.24,1625449482.0,64.0
34.68,1625449482.0,64.0
33.44,1625449482.0,64.0
31.6,1625449482.0,64.0
29.3,1625449482.0,64.0
26.69,1625449482.0,64.0
23.83,1625449482.0,64.0
20.73,1625449482.0,64.0
17.38,1625449482.0,64.0
13.84,1625449482.0,64.0
10.25,1625449482.0,64.0
6.82,1625449482.0,64.0
3.7,1625449482.0,64.0
0.95,1625449482.0,64.0
-1.47,1625449482.0,64.0
-3.67,1625449482.0,64.0
-5.74,1625449482.0,64.0
-7.74,1625449482.0,64.0
-9.63,1625449482.0,64.0
-11.38,1625449482.0,64.0
-12.96,1625449482.0,64.0
-14.42,1625449482.0,64.0
-15.9,1625449482.0,64.0
-17.55,1625449482.0,64.0
-19.6,1625449482.0,64.0
-22.18,1625449482.0,64.0
-25.38,1625449482.0,64.0
-29.15,1625449482.0,64.0
-33.38,1625449482.0,64.0
-37.78,1625449482.0,64.0
-41.93,1625449482.0,64.0
-45.26,1625449482.0,64.0
-47.16,1625449482.0,64.0
-47.08,1625449482.0,64.0
-44.74,1625449482.0,64.0
-40.18,1625449482.0,64.0
-33.82,1625449482.0,64.0
-26.29,1625449482.0,64.0
-18.2,1625449482.0,64.0
-10.04,1625449482.0,64.0
-2.12,1625449482.0,64.0
5.29,1625449482.0,64.0
11.94,1625449482.0,64.0
17.48,1625449482.0,64.0
21.67,1625449482.0,64.0
24.43,1625449482.0,64.0
26.03,1625449482.0,64.0
26.93,1625449482.0,64.0
27.67,1625449482.0,64.0
28.61,1625449482.0,64.0
29.79,1625449482.0,64.0
31.0,1625449482.0,64.0
31.85,1625449482.0,64.0
32.07,1625449482.0,64.0
31.59,1625449482.0,64.0
30.53,1625449482.0,64.0
29.1,1625449482.0,64.0
27.46,1625449482.0,64.0
25.63,1625449482.0,64.0
23.56,1625449482.0,64.0
21.23,1625449482.0,64.0
18.65,1625449482.0,64.0
15.95,1625449482.0,64.0
13.25,1625449482.0,64.0
10.63,1625449482.0,64.0
8.08,1625449482.0,64.0
5.52,1625449482.0,64.0
2.86,1625449482.0,64.0
0.13,1625449482.0,64.0
-2.62,1625449482.0,64.0
-5.25,1625449482.0,64.0
-7.7,1625449482.0,64.0
-9.96,1625449482.0,64.0
-12.13,1625449482.0,64.0
-14.34,1625449482.0,64.0
-16.71,1625449482.0,64.0
-19.34,1625449482.0,64.0
-22.3,1625449482.0,64.0
-25.61,1625449482.0,64.0
-29.25,1625449482.0,64.0
-33.0,1625449482.0,64.0
-36.42,1625449482.0,64.0
-38.84,1625449482.0,64.0
-39.54,1625449482.0,64.0
-37.99,1625449482.0,64.0
-34.02,1625449482.0,64.0
-27.91,1625449482.0,64.0
-20.32,1625449482.0,64.0
-12.08,1625449482.0,64.0
-3.89,1625449482.0,64.0
3.78,1625449482.0,64.0
10.63,1625449482.0,64.0
16.49,1625449482.0,64.0
21.16,1625449482.0,64.0
24.51,1625449482.0,64.0
26.49,1625449482.0,64.0
27.28,1625449482.0,64.0
27.3,1625449482.0,64.0
27.08,1625449482.0,64.0
27.1,1625449482.0,64.0
27.62,1625449482.0,64.0
28.65,1625449482.0,64.0
29.91,1625449482.0,64.0
31.08,1625449482.0,64.0
31.83,1625449482.0,64.0
31.96,1625449482.0,64.0
31.41,1625449482.0,64.0
30.21,1625449482.0,64.0
28.4,1625449482.0,64.0
26.03,1625449482.0,64.0
23.18,1625449482.0,64.0
19.93,1625449482.0,64.0
16.42,1625449482.0,64.0
12.78,1625449482.0,64.0
9.11,1625449482.0,64.0
5.44,1625449482.0,64.0
1.78,1625449482.0,64.0
-1.85,1625449482.0,64.0
-5.38,1625449482.0,64.0
-8.71,1625449482.0,64.0
-11.77,1625449482.0,64.0
-14.58,1625449482.0,64.0
-17.26,1625449482.0,64.0
-20.01,1625449482.0,64.0
-23.06,1625449482.0,64.0
-26.56,1625449482.0,64.0
-30.56,1625449482.0,64.0
-34.97,1625449482.0,64.0
-39.56,1625449482.0,64.0
-43.93,1625449482.0,64.0
-47.54,1625449482.0,64.0
-49.77,1625449482.0,64.0
-50.09,1625449482.0,64.0
-48.17,1625449482.0,64.0
-44.03,1625449482.0,64.0
-37.95,1625449482.0,64.0
-30.42,1625449482.0,64.0
-21.97,1625449482.0,64.0
-13.09,1625449482.0,64.0
-4.22,1625449482.0,64.0
4.22,1625449482.0,64.0
11.78,1625449482.0,64.0
18.05,1625449482.0,64.0
22.75,1625449482.0,64.0
25.81,1625449482.0,64.0
27.46,1625449482.0,64.0
28.14,1625449482.0,64.0
28.37,1625449482.0,64.0
28.6,1625449482.0,64.0
29.03,1625449482.0,64.0
29.64,1625449482.0,64.0
30.18,1625449482.0,64.0
30.36,1625449482.0,64.0
29.93,1625449482.0,64.0
28.79,1625449482.0,64.0
26.98,1625449482.0,64.0
24.64,1625449482.0,64.0
21.96,1625449482.0,64.0
19.15,1625449482.0,64.0
16.37,1625449482.0,64.0
13.77,1625449482.0,64.0
11.44,1625449482.0,64.0
9.47,1625449482.0,64.0
7.79,1625449482.0,64.0
6.26,1625449482.0,64.0
4.65,1625449482.0,64.0
2.75,1625449482.0,64.0
0.43,1625449482.0,64.0
-2.27,1625449482.0,64.0
-5.22,1625449482.0,64.0
-8.26,1625449482.0,64.0
-11.27,1625449482.0,64.0
-14.21,1625449482.0,64.0
-17.14,1625449482.0,64.0
-20.2,1625449482.0,64.0
-23.47,1625449482.0,64.0
-27.04,1625449482.0,64.0
-30.88,1625449482.0,64.0
-34.78,1625449482.0,64.0
-38.28,1625449482.0,64.0
-40.7,1625449482.0,64.0
-41.34,1625449482.0,64.0
-39.64,1625449482.0,64.0
-35.53,1625449482.0,64.0
-29.42,1625449482.0,64.0
-22.03,1625449482.0,64.0
-14.17,1625449482.0,64.0
-6.36,1625449482.0,64.0
1.14,1625449482.0,64.0
8.25,1625449482.0,64.0
14.84,1625449482.0,64.0
20.66,1625449482.0,64.0
25.31,1625449482.0,64.0
28.51,1625449482.0,64.0
30.27,1625449482.0,64.0
30.9,1625449482.0,64.0
30.92,1625449482.0,64.0
30.79,1625449482.0,64.0
30.73,1625449482.0,64.0
30.69,1625449482.0,64.0
30.49,1625449482.0,64.0
29.93,1625449482.0,64.0
28.93,1625449482.0,64.0
27.59,1625449482.0,64.0
26.02,1625449482.0,64.0
24.3,1625449482.0,64.0
22.46,1625449482.0,64.0
20.45,1625449482.0,64.0
18.22,1625449482.0,64.0
15.77,1625449482.0,64.0
13.14,1625449482.0,64.0
10.38,1625449482.0,64.0
7.51,1625449482.0,64.0
4.55,1625449482.0,64.0
1.48,1625449482.0,64.0
-1.69,1625449482.0,64.0
-4.94,1625449482.0,64.0
-8.22,1625449482.0,64.0
-11.44,1625449482.0,64.0
-14.54,1625449482.0,64.0
-17.5,1625449482.0,64.0
-20.33,1625449482.0,64.0
-23.15,1625449482.0,64.0
-26.07,1625449482.0,64.0
-29.24,1625449482.0,64.0
-32.8,1625449482.0,64.0
-36.73,1625449482.0,64.0
-40.87,1625449482.0,64.0
-44.88,1625449482.0,64.0
-48.17,1625449482.0,64.0
-50.09,1625449482.0,64.0
-50.07,1625449482.0,64.0
-47.79,1625449482.0,64.0
-43.23,1625449482.0,64.0
-36.76,1625449482.0,64.0
-28.89,1625449482.0,64.0
-20.16,1625449482.0,64.0
-11.04,1625449482.0,64.0
-1.91,1625449482.0,64.0
6.88,1625449482.0,64.0
14.92,1625449482.0,64.0
21.78,1625449482.0,64.0
27.07,1625449482.0,64.0
30.61,1625449482.0,64.0
32.5,1625449482.0,64.0
33.1,1625449482.0,64.0
32.9,1625449482.0,64.0
32.34,1625449482.0,64.0
31.71,1625449482.0,64.0
31.03,1625449482.0,64.0
30.16,1625449482.0,64.0
28.95,1625449482.0,64.0
27.27,1625449482.0,64.0
25.14,1625449482.0,64.0
22.62,1625449482.0,64.0
19.84,1625449482.0,64.0
16.93,1625449482.0,64.0
13.99,1625449482.0,64.0
11.17,1625449482.0,64.0
8.57,1625449482.0,64.0
6.27,1625449482.0,64.0
4.25,1625449482.0,64.0
2.38,1625449482.0,64.0
0.49,1625449482.0,64.0
-1.57,1625449482.0,64.0
-3.87,1625449482.0,64.0
-6.36,1625449482.0,64.0
-8.98,1625449482.0,64.0
-11.67,1625449482.0,64.0
-14.39,1625449482.0,64.0
-17.18,1625449482.0,64.0
-20.1,1625449482.0,64.0
-23.2,1625449482.0,64.0
-26.55,1625449482.0,64.0
-30.21,1625449482.0,64.0
-34.28,1625449482.0,64.0
-38.79,1625449482.0,64.0
-43.69,1625449482.0,64.0
-48.71,1625449482.0,64.0
-53.33,1625449482.0,64.0
-56.88,1625449482.0,64.0
-58.58,1625449482.0,64.0
-57.88,1625449482.0,64.0
-54.56,1625449482.0,64.0
-48.87,1625449482.0,64.0
-41.43,1625449482.0,64.0
-33.04,1625449482.0,64.0
-24.44,1625449482.0,64.0
-16.12,1625449482.0,64.0
-8.29,1625449482.0,64.0
-0.99,1625449482.0,64.0
5.71,1625449482.0,64.0
11.65,1625449482.0,64.0
16.62,1625449482.0,64.0
20.47,1625449482.0,64.0
23.25,1625449482.0,64.0
25.28,1625449482.0,64.0
26.98,1625449482.0,64.0
28.74,1625449482.0,64.0
30.74,1625449482.0,64.0
32.89,1625449482.0,64.0
34.97,1625449482.0,64.0
36.72,1625449482.0,64.0
37.95,1625449482.0,64.0
38.56,1625449482.0,64.0
38.48,1625449482.0,64.0
37.56,1625449482.0,64.0
35.67,1625449482.0,64.0
32.72,1625449482.0,64.0
28.86,1625449482.0,64.0
24.46,1625449482.0,64.0
20.1,1625449482.0,64.0
16.29,1625449482.0,64.0
13.39,1625449482.0,64.0
11.41,1625449482.0,64.0
10.13,1625449482.0,64.0
9.22,1625449482.0,64.0
8.39,1625449482.0,64.0
7.5,1625449482.0,64.0
6.43,1625449482.0,64.0
5.07,1625449482.0,64.0
3.18,1625449482.0,64.0
0.5,1625449482.0,64.0
-3.14,1625449482.0,64.0
-7.61,1625449482.0,64.0
-12.6,1625449482.0,64.0
-17.65,1625449482.0,64.0
-22.36,1625449482.0,64.0
-26.46,1625449482.0,64.0
-29.8,1625449482.0,64.0
-32.15,1625449482.0,64.0
-33.13,1625449482.0,64.0
-32.23,1625449482.0,64.0
-29.08,1625449482.0,64.0
-23.6,1625449482.0,64.0
-16.24,1625449482.0,64.0
-7.81,1625449482.0,64.0
0.8,1625449482.0,64.0
8.86,1625449482.0,64.0
16.04,1625449482.0,64.0
22.27,1625449482.0,64.0
27.6,1625449482.0,64.0
31.93,1625449482.0,64.0
35.08,1625449482.0,64.0
36.86,1625449482.0,64.0
37.28,1625449482.0,64.0
36.63,1625449482.0,64.0
35.43,1625449482.0,64.0
34.23,1625449482.0,64.0
33.39,1625449482.0,64.0
33.02,1625449482.0,64.0
32.92,1625449482.0,64.0
32.82,1625449482.0,64.0
32.42,1625449482.0,64.0
31.51,1625449482.0,64.0
29.97,1625449482.0,64.0
27.83,1625449482.0,64.0
25.17,1625449482.0,64.0
22.14,1625449482.0,64.0
18.9,1625449482.0,64.0
15.56,1625449482.0,64.0
12.15,1625449482.0,64.0
8.6,1625449482.0,64.0
4.88,1625449482.0,64.0
0.98,1625449482.0,64.0
-3.06,1625449482.0,64.0
-7.16,1625449482.0,64.0
-11.22,1625449482.0,64.0
-15.21,1625449482.0,64.0
-19.1,1625449482.0,64.0
-22.88,1625449482.0,64.0
-26.55,1625449482.0,64.0
-30.11,1625449482.0,64.0
-33.52,1625449482.0,64.0
-36.8,1625449482.0,64.0
-39.93,1625449482.0,64.0
-42.85,1625449482.0,64.0
-45.43,1625449482.0,64.0
-47.41,1625449482.0,64.0
-48.47,1625449482.0,64.0
-48.29,1625449482.0,64.0
-46.59,1625449482.0,64.0
-43.23,1625449482.0,64.0
-38.23,1625449482.0,64.0
-31.75,1625449482.0,64.0
-24.14,1625449482.0,64.0
-15.73,1625449482.0,64.0
-6.93,1625449482.0,64.0
1.93,1625449482.0,64.0
10.54,1625449482.0,64.0
18.57,1625449482.0,64.0
25.7,1625449482.0,64.0
31.66,1625449482.0,64.0
36.33,1625449482.0,64.0
39.77,1625449482.0,64.0
42.25,1625449482.0,64.0
44.11,1625449482.0,64.0
45.63,1625449482.0,64.0
46.86,1625449482.0,64.0
47.63,1625449482.0,64.0
47.57,1625449482.0,64.0
46.35,1625449482.0,64.0
43.81,1625449482.0,64.0
40.11,1625449482.0,64.0
35.65,1625449482.0,64.0
30.96,1625449482.0,64.0
26.52,1625449482.0,64.0
22.58,1625449482.0,64.0
19.11,1625449482.0,64.0
15.85,1625449482.0,64.0
12.45,1625449482.0,64.0
8.65,1625449482.0,64.0
4.29,1625449482.0,64.0
-0.64,1625449482.0,64.0
-6.01,1625449482.0,64.0
-11.6,1625449482.0,64.0
-17.08,1625449482.0,64.0
-22.1,1625449482.0,64.0
-26.36,1625449482.0,64.0
-29.76,1625449482.0,64.0
-32.53,1625449482.0,64.0
-35.19,1625449482.0,64.0
-38.3,1625449482.0,64.0
-42.16,1625449482.0,64.0
-46.57,1625449482.0,64.0
-50.69,1625449482.0,64.0
-53.44,1625449482.0,64.0
-53.81,1625449482.0,64.0
-51.32,1625449482.0,64.0
-46.13,1625449482.0,64.0
-38.9,1625449482.0,64.0
-30.5,1625449482.0,64.0
-21.62,1625449482.0,64.0
-12.76,1625449482.0,64.0
-4.2,1625449482.0,64.0
3.78,1625449482.0,64.0
10.81,1625449482.0,64.0
16.42,1625449482.0,64.0
20.29,1625449482.0,64.0
22.44,1625449482.0,64.0
23.33,1625449482.0,64.0
23.72,1625449482.0,64.0
24.37,1625449482.0,64.0
25.72,1625449482.0,64.0
27.72,1625449482.0,64.0
29.83,1625449482.0,64.0
31.32,1625449482.0,64.0
31.61,1625449482.0,64.0
30.45,1625449482.0,64.0
28.03,1625449482.0,64.0
24.78,1625449482.0,64.0
21.11,1625449482.0,64.0
17.27,1625449482.0,64.0
13.3,1625449482.0,64.0
9.17,1625449482.0,64.0
4.9,1625449482.0,64.0
0.59,1625449482.0,64.0
-3.51,1625449482.0,64.0
-7.22,1625449482.0,64.0
-10.45,1625449482.0,64.0
-13.33,1625449482.0,64.0
-16.08,1625449482.0,64.0
-18.97,1625449482.0,64.0
-22.12,1625449482.0,64.0
-25.57,1625449482.0,64.0
-29.28,1625449482.0,64.0
-33.17,1625449482.0,64.0
-37.16,1625449482.0,64.0
-41.12,1625449482.0,64.0
-44.74,1625449482.0,64.0
-47.56,1625449482.0,64.0
-48.95,1625449482.0,64.0
-48.36,1625449482.0,64.0
-45.43,1625449482.0,64.0
-40.22,1625449482.0,64.0
-33.09,1625449482.0,64.0
-24.62,1625449482.0,64.0
-15.37,1625449482.0,64.0
-5.82,1625449482.0,64.0
3.62,1625449482.0,64.0
12.59,1625449482.0,64.0
20.62,1625449482.0,64.0
27.24,1625449482.0,64.0
32.04,1625449482.0,64.0
34.97,1625449482.0,64.0
36.29,1625449482.0,64.0
36.62,1625449482.0,64.0
36.64,1625449482.0,64.0
36.84,1625449482.0,64.0
37.35,1625449482.0,64.0
37.9,1625449482.0,64.0
38.07,1625449482.0,64.0
37.44,1625449482.0,64.0
35.9,1625449482.0,64.0
33.62,1625449482.0,64.0
30.98,1625449482.0,64.0
28.34,1625449482.0,64.0
25.87,1625449482.0,64.0
23.5,1625449482.0,64.0
20.95,1625449482.0,64.0
17.97,1625449482.0,64.0
14.44,1625449482.0,64.0
10.41,1625449482.0,64.0
6.08,1625449482.0,64.0
1.67,1625449482.0,64.0
-2.7,1625449482.0,64.0
-7.11,1625449482.0,64.0
-11.74,1625449482.0,64.0
-16.86,1625449482.0,64.0
-22.55,1625449482.0,64.0
-28.71,1625449482.0,64.0
-35.05,1625449482.0,64.0
-41.1,1625449482.0,64.0
-46.35,1625449482.0,64.0
-50.31,1625449482.0,64.0
-52.59,1625449482.0,64.0
-52.95,1625449482.0,64.0
-51.25,1625449482.0,64.0
-47.5,1625449482.0,64.0
-41.83,1625449482.0,64.0
-34.51,1625449482.0,64.0
-25.93,1625449482.0,64.0
-16.59,1625449482.0,64.0
-7.08,1625449482.0,64.0
2.03,1625449482.0,64.0
10.21,1625449482.0,64.0
17.07,1625449482.0,64.0
22.39,1625449482.0,64.0
26.11,1625449482.0,64.0
28.35,1625449482.0,64.0
29.43,1625449482.0,64.0
29.76,1625449482.0,64.0
29.73,1625449482.0,64.0
29.62,1625449482.0,64.0
29.47,1625449482.0,64.0
29.06,1625449482.0,64.0
28.08,1625449482.0,64.0
26.28,1625449482.0,64.0
23.63,1625449482.0,64.0
20.39,1625449482.0,64.0
16.97,1625449482.0,64.0
13.7,1625449482.0,64.0
10.71,1625449482.0,64.0
7.89,1625449482.0,64.0
4.99,1625449482.0,64.0
1.85,1625449482.0,64.0
-1.52,1625449482.0,64.0
-4.95,1625449482.0,64.0
-8.19,1625449482.0,64.0
-11.08,1625449482.0,64.0
-13.62,1625449482.0,64.0
-16.02,1625449482.0,64.0
-18.51,1625449482.0,64.0
-21.34,1625449482.0,64.0
-24.71,1625449482.0,64.0
-28.64,1625449482.0,64.0
-33.04,1625449482.0,64.0
-37.67,1625449482.0,64.0
-42.1,1625449482.0,64.0
-45.79,1625449482.0,64.0
-48.16,1625449482.0,64.0
-48.68,1625449482.0,64.0
-47.04,1625449482.0,64.0
-43.17,1625449482.0,64.0
-37.26,1625449482.0,64.0
-29.67,1625449482.0,64.0
-20.84,1625449482.0,64.0
-11.26,1625449482.0,64.0
-1.4,1625449482.0,64.0
8.19,1625449482.0,64.0
16.95,1625449482.0,64.0
24.31,1625449482.0,64.0
29.79,1625449482.0,64.0
33.25,1625449482.0,64.0
34.9,1625449482.0,64.0
35.28,1625449482.0,64.0
35.14,1625449482.0,64.0
35.09,1625449482.0,64.0
35.41,1625449482.0,64.0
36.01,1625449482.0,64.0
36.46,1625449482.0,64.0
36.27,1625449482.0,64.0
35.19,1625449482.0,64.0
33.21,1625449482.0,64.0
30.62,1625449482.0,64.0
27.81,1625449482.0,64.0
25.07,1625449482.0,64.0
22.46,1625449482.0,64.0
19.79,1625449482.0,64.0
16.78,1625449482.0,64.0
13.23,1625449482.0,64.0
9.2,1625449482.0,64.0
4.93,1625449482.0,64.0
0.78,1625449482.0,64.0
-2.95,1625449482.0,64.0
-6.18,1625449482.0,64.0
-9.01,1625449482.0,64.0
-11.7,1625449482.0,64.0
-14.51,1625449482.0,64.0
-17.62,1625449482.0,64.0
-21.12,1625449482.0,64.0
-25.09,1625449482.0,64.0
-29.5,1625449482.0,64.0
-34.17,1625449482.0,64.0
-38.65,1625449482.0,64.0
-42.19,1625449482.0,64.0
-43.91,1625449482.0,64.0
-43.06,1625449482.0,64.0
-39.32,1625449482.0,64.0
-32.88,1625449482.0,64.0
-24.42,1625449482.0,64.0
-14.84,1625449482.0,64.0
-4.94,1625449482.0,64.0
4.65,1625449482.0,64.0
13.52,1625449482.0,64.0
21.37,1625449482.0,64.0
27.89,1625449482.0,64.0
32.77,1625449482.0,64.0
35.86,1625449482.0,64.0
37.28,1625449482.0,64.0
37.44,1625449482.0,64.0
36.91,1625449482.0,64.0
36.25,1625449482.0,64.0
35.74,1625449482.0,64.0
35.38,1625449482.0,64.0
34.94,1625449482.0,64.0
34.12,1625449482.0,64.0
32.74,1625449482.0,64.0
30.82,1625449482.0,64.0
28.5,1625449482.0,64.0
25.93,1625449482.0,64.0
23.22,1625449482.0,64.0
20.37,1625449482.0,64.0
17.33,1625449482.0,64.0
14.03,1625449482.0,64.0
10.43,1625449482.0,64.0
6.53,1625449482.0,64.0
2.43,1625449482.0,64.0
-1.69,1625449482.0,64.0
-5.64,1625449482.0,64.0
-9.21,1625449482.0,64.0
-12.34,1625449482.0,64.0
-15.09,1625449482.0,64.0
-17.7,1625449482.0,64.0
-20.45,1625449482.0,64.0
-23.59,1625449482.0,64.0
-27.25,1625449482.0,64.0
-31.43,1625449482.0,64.0
-35.97,1625449482.0,64.0
-40.51,1625449482.0,64.0
-44.56,1625449482.0,64.0
-47.51,1625449482.0,64.0
-48.68,1625449482.0,64.0
-47.53,1625449482.0,64.0
-43.83,1625449482.0,64.0
-37.77,1625449482.0,64.0
-29.91,1625449482.0,64.0
-21.06,1625449482.0,64.0
-11.93,1625449482.0,64.0
-3.03,1625449482.0,64.0
5.4,1625449482.0,64.0
13.23,1625449482.0,64.0
20.27,1625449482.0,64.0
26.17,1625449482.0,64.0
30.59,1625449482.0,64.0
33.34,1625449482.0,64.0
34.56,1625449482.0,64.0
34.74,1625449482.0,64.0
34.47,1625449482.0,64.0
34.23,1625449482.0,64.0
34.2,1625449482.0,64.0
34.24,1625449482.0,64.0
34.07,1625449482.0,64.0
33.42,1625449482.0,64.0
32.24,1625449482.0,64.0
30.63,1625449482.0,64.0
28.78,1625449482.0,64.0
26.82,1625449482.0,64.0
24.78,1625449482.0,64.0
22.61,1625449482.0,64.0
20.18,1625449482.0,64.0
17.47,1625449482.0,64.0
14.48,1625449482.0,64.0
11.34,1625449482.0,64.0
8.17,1625449482.0,64.0
5.12,1625449482.0,64.0
2.27,1625449482.0,64.0
-0.37,1625449482.0,64.0
-2.82,1625449482.0,64.0
-5.2,1625449482.0,64.0
-7.6,1625449482.0,64.0
-10.21,1625449482.0,64.0
-13.19,1625449482.0,64.0
-16.72,1625449482.0,64.0
-20.91,1625449482.0,64.0
-25.84,1625449482.0,64.0
-31.45,1625449482.0,64.0
-37.44,1625449482.0,64.0
-43.23,1625449482.0,64.0
-47.98,1625449482.0,64.0
-50.83,1625449482.0,64.0
-51.09,1625449482.0,64.0
-48.53,1625449482.0,64.0
-43.45,1625449482.0,64.0
-36.53,1625449482.0,64.0
-28.58,1625449482.0,64.0
-20.22,1625449482.0,64.0
-11.8,1625449482.0,64.0
-3.43,1625449482.0,64.0
4.71,1625449482.0,64.0
12.28,1625449482.0,64.0
18.76,1625449482.0,64.0
23.65,1625449482.0,64.0
26.75,1625449482.0,64.0
28.27,1625449482.0,64.0
28.74,1625449482.0,64.0
28.76,1625449482.0,64.0
28.81,1625449482.0,64.0
29.03,1625449482.0,64.0
29.35,1625449482.0,64.0
29.5,1625449482.0,64.0
29.25,1625449482.0,64.0
28.47,1625449482.0,64.0
27.12,1625449482.0,64.0
25.24,1625449482.0,64.0
22.88,1625449482.0,64.0
20.08,1625449482.0,64.0
16.89,1625449482.0,64.0
13.36,1625449482.0,64.0
9.6,1625449482.0,64.0
5.76,1625449482.0,64.0
2.02,1625449482.0,64.0
-1.48,1625449482.0,64.0
-4.65,1625449482.0,64.0
-7.54,1625449482.0,64.0
-10.2,1625449482.0,64.0
-12.71,1625449482.0,64.0
-15.1,1625449482.0,64.0
-17.35,1625449482.0,64.0
-19.42,1625449482.0,64.0
-21.3,1625449482.0,64.0
-23.05,1625449482.0,64.0
-24.8,1625449482.0,64.0
-26.73,1625449482.0,64.0
-29.03,1625449482.0,64.0
-31.86,1625449482.0,64.0
-35.27,1625449482.0,64.0
-39.19,1625449482.0,64.0
-43.31,1625449482.0,64.0
-47.12,1625449482.0,64.0
-49.91,1625449482.0,64.0
-50.9,1625449482.0,64.0
-49.53,1625449482.0,64.0
-45.53,1625449482.0,64.0
-39.13,1625449482.0,64.0
-30.89,1625449482.0,64.0
-21.52,1625449482.0,64.0
-11.64,1625449482.0,64.0
-1.62,1625449482.0,64.0
8.25,1625449482.0,64.0
17.67,1625449482.0,64.0
26.16,1625449482.0,64.0
33.14,1625449482.0,64.0
38.05,1625449482.0,64.0
40.72,1625449482.0,64.0
41.45,1625449482.0,64.0
40.95,1625449482.0,64.0
40.03,1625449482.0,64.0
39.28,1625449482.0,64.0
38.88,1625449482.0,64.0
38.65,1625449482.0,64.0
38.27,1625449482.0,64.0
37.51,1625449482.0,64.0
36.32,1625449482.0,64.0
34.86,1625449482.0,64.0
33.31,1625449482.0,64.0
31.71,1625449482.0,64.0
29.94,1625449482.0,64.0
27.76,1625449482.0,64.0
24.96,1625449482.0,64.0
21.49,1625449482.0,64.0
17.5,1625449482.0,64.0
13.3,1625449482.0,64.0
9.2,1625449482.0,64.0
5.42,1625449482.0,64.0
2.0,1625449482.0,64.0
-1.19,1625449482.0,64.0
-4.32,1625449482.0,64.0
-7.51,1625449482.0,64.0
-10.72,1625449482.0,64.0
-13.82,1625449482.0,64.0
-16.65,1625449482.0,64.0
-19.18,1625449482.0,64.0
-21.55,1625449482.0,64.0
-23.98,1625449482.0,64.0
-26.69,1625449482.0,64.0
-29.78,1625449482.0,64.0
-33.21,1625449482.0,64.0
-36.89,1625449482.0,64.0
-40.71,1625449482.0,64.0
-44.58,1625449482.0,64.0
-48.29,1625449482.0,64.0
-51.43,1625449482.0,64.0
-53.4,1625449482.0,64.0
-53.54,1625449482.0,64.0
-51.37,1625449482.0,64.0
-46.79,1625449482.0,64.0
-40.15,1625449482.0,64.0
-32.09,1625449482.0,64.0
-23.31,1625449482.0,64.0
-14.38,1625449482.0,64.0
-5.69,1625449482.0,64.0
2.53,1625449482.0,64.0
10.01,1625449482.0,64.0
16.44,1625449482.0,64.0
21.51,1625449482.0,64.0
25.05,1625449482.0,64.0
27.14,1625449482.0,64.0
28.15,1625449482.0,64.0
28.59,1625449482.0,64.0
28.95,1625449482.0,64.0
29.47,1625449482.0,64.0
30.14,1625449482.0,64.0
30.71,1625449482.0,64.0
30.86,1625449482.0,64.0
30.39,1625449482.0,64.0
29.27,1625449482.0,64.0
27.64,1625449482.0,64.0
25.67,1625449482.0,64.0
23.52,1625449482.0,64.0
21.26,1625449482.0,64.0
18.84,1625449482.0,64.0
16.2,1625449482.0,64.0
13.33,1625449482.0,64.0
10.3,1625449482.0,64.0
7.29,1625449482.0,64.0
4.5,1625449482.0,64.0
2.12,1625449482.0,64.0
0.19,1625449482.0,64.0
-1.44,1625449482.0,64.0
-3.0,1625449482.0,64.0
-4.75,1625449482.0,64.0
-6.85,1625449482.0,64.0
-9.33,1625449482.0,64.0
-12.07,1625449482.0,64.0
-15.01,1625449482.0,64.0
-18.1,1625449482.0,64.0
-21.37,1625449482.0,64.0
-24.85,1625449482.0,64.0
-28.55,1625449482.0,64.0
-32.4,1625449482.0,64.0
-36.34,1625449482.0,64.0
-40.28,1625449482.0,64.0
-44.1,1625449482.0,64.0
-47.55,1625449482.0,64.0
-50.19,1625449482.0,64.0
-51.41,1625449482.0,64.0
-50.66,1625449482.0,64.0
-47.6,1625449482.0,64.0
-42.28,1625449482.0,64.0
-35.16,1625449482.0,64.0
-26.93,1625449482.0,64.0
-18.22,1625449482.0,64.0
-9.53,1625449482.0,64.0
-1.2,1625449482.0,64.0
6.5,1625449482.0,64.0
13.24,1625449482.0,64.0
18.68,1625449482.0,64.0
22.55,1625449482.0,64.0
24.86,1625449482.0,64.0
25.91,1625449482.0,64.0
26.21,1625449482.0,64.0
26.32,1625449482.0,64.0
26.59,1625449482.0,64.0
27.08,1625449482.0,64.0
27.61,1625449482.0,64.0
27.91,1625449482.0,64.0
27.74,1625449482.0,64.0
27.0,1625449482.0,64.0
25.76,1625449482.0,64.0
24.16,1625449482.0,64.0
22.34,1625449482.0,64.0
20.41,1625449482.0,64.0
18.38,1625449482.0,64.0
16.19,1625449482.0,64.0
13.82,1625449482.0,64.0
11.29,1625449482.0,64.0
8.67,1625449482.0,64.0
6.09,1625449482.0,64.0
3.67,1625449482.0,64.0
1.4,1625449482.0,64.0
-0.84,1625449482.0,64.0
-3.22,1625449482.0,64.0
-5.91,1625449482.0,64.0
-8.92,1625449482.0,64.0
-12.13,1625449482.0,64.0
-15.32,1625449482.0,64.0
-18.29,1625449482.0,64.0
-21.02,1625449482.0,64.0
-23.58,1625449482.0,64.0
-26.17,1625449482.0,64.0
-28.97,1625449482.0,64.0
-32.11,1625449482.0,64.0
-35.64,1625449482.0,64.0
-39.53,1625449482.0,64.0
-43.55,1625449482.0,64.0
-47.26,1625449482.0,64.0
-50.05,1625449482.0,64.0
-51.19,1625449482.0,64.0
-50.1,1625449482.0,64.0
-46.55,1625449482.0,64.0
-40.74,1625449482.0,64.0
-33.23,1625449482.0,64.0
-24.78,1625449482.0,64.0
-16.03,1625449482.0,64.0
-7.46,1625449482.0,64.0
0.6,1625449482.0,64.0
7.92,1625449482.0,64.0
14.2,1625449482.0,64.0
19.17,1625449482.0,64.0
22.67,1625449482.0,64.0
24.77,1625449482.0,64.0
25.85,1625449482.0,64.0
26.42,1625449482.0,64.0
26.99,1625449482.0,64.0
27.75,1625449482.0,64.0
28.59,1625449482.0,64.0
29.12,1625449482.0,64.0
28.93,1625449482.0,64.0
27.85,1625449482.0,64.0
25.99,1625449482.0,64.0
23.73,1625449482.0,64.0
21.46,1625449482.0,64.0
19.41,1625449482.0,64.0
17.59,1625449482.0,64.0
15.91,1625449482.0,64.0
14.24,1625449482.0,64.0
12.63,1625449482.0,64.0
11.18,1625449482.0,64.0
10.01,1625449482.0,64.0
9.08,1625449482.0,64.0
8.17,1625449482.0,64.0
7.03,1625449482.0,64.0
5.43,1625449482.0,64.0
3.33,1625449482.0,64.0
0.84,1625449482.0,64.0
-1.9,1625449482.0,64.0
-4.73,1625449482.0,64.0
-7.58,1625449482.0,64.0
-10.45,1625449482.0,64.0
-13.36,1625449482.0,64.0
-16.39,1625449482.0,64.0
-19.68,1625449482.0,64.0
-23.3,1625449482.0,64.0
-27.24,1625449482.0,64.0
-31.21,1625449482.0,64.0
-34.68,1625449482.0,64.0
-36.91,1625449482.0,64.0
-37.24,1625449482.0,64.0
-35.24,1625449482.0,64.0
-30.96,1625449482.0,64.0
-24.86,1625449482.0,64.0
-17.65,1625449482.0,64.0
-10.04,1625449482.0,64.0
-2.64,1625449482.0,64.0
4.16,1625449482.0,64.0
10.11,1625449482.0,64.0
15.07,1625449482.0,64.0
18.9,1625449482.0,64.0
21.55,1625449482.0,64.0
23.07,1625449482.0,64.0
23.72,1625449482.0,64.0
23.88,1625449482.0,64.0
24.05,1625449482.0,64.0
24.59,1625449482.0,64.0
25.66,1625449482.0,64.0
27.12,1625449482.0,64.0
28.56,1625449482.0,64.0
29.49,1625449482.0,64.0
29.5,1625449482.0,64.0
28.45,1625449482.0,64.0
26.43,1625449482.0,64.0
23.73,1625449482.0,64.0
20.69,1625449482.0,64.0
17.57,1625449482.0,64.0
14.51,1625449482.0,64.0
11.5,1625449482.0,64.0
8.5,1625449482.0,64.0
5.39,1625449482.0,64.0
2.06,1625449482.0,64.0
-1.53,1625449482.0,64.0
-5.32,1625449482.0,64.0
-9.13,1625449482.0,64.0
-12.65,1625449482.0,64.0
-15.67,1625449482.0,64.0
-18.09,1625449482.0,64.0
-20.08,1625449482.0,64.0
-22.03,1625449482.0,64.0
-24.33,1625449482.0,64.0
-27.3,1625449482.0,64.0
-31.0,1625449482.0,64.0
-35.28,1625449482.0,64.0
-39.75,1625449482.0,64.0
-43.92,1625449482.0,64.0
-47.12,1625449482.0,64.0
-48.7,1625449482.0,64.0
-48.11,1625449482.0,64.0
-45.09,1625449482.0,64.0
-39.8,1625449482.0,64.0
-32.79,1625449482.0,64.0
-24.85,1625449482.0,64.0
-16.74,1625449482.0,64.0
-8.98,1625449482.0,64.0
-1.83,1625449482.0,64.0
4.67,1625449482.0,64.0
10.46,1625449482.0,64.0
15.47,1625449482.0,64.0
19.56,1625449482.0,64.0
22.64,1625449482.0,64.0
24.79,1625449482.0,64.0
26.24,1625449482.0,64.0
27.31,1625449482.0,64.0
28.29,1625449482.0,64.0
29.32,1625449482.0,64.0
30.36,1625449482.0,64.0
31.2,1625449482.0,64.0
31.6,1625449482.0,64.0
31.35,1625449482.0,64.0
30.36,1625449482.0,64.0
28.69,1625449482.0,64.0
26.48,1625449482.0,64.0
23.9,1625449482.0,64.0
21.09,1625449482.0,64.0
18.1,1625449482.0,64.0
14.94,1625449482.0,64.0
11.57,1625449482.0,64.0
8.02,1625449482.0,64.0
4.35,1625449482.0,64.0
0.68,1625449482.0,64.0
-2.84,1625449482.0,64.0
-6.19,1625449482.0,64.0
-9.39,1625449482.0,64.0
-12.62,1625449482.0,64.0
-16.01,1625449482.0,64.0
-19.65,1625449482.0,64.0
-23.53,1625449482.0,64.0
-27.56,1625449482.0,64.0
-31.69,1625449482.0,64.0
-35.93,1625449482.0,64.0
-40.3,1625449482.0,64.0
-44.75,1625449482.0,64.0
-48.99,1625449482.0,64.0
-52.48,1625449482.0,64.0
-54.48,1625449482.0,64.0
-54.31,1625449482.0,64.0
-51.62,1625449482.0,64.0
-46.45,1625449482.0,64.0
-39.26,1625449482.0,64.0
-30.68,1625449482.0,64.0
-21.37,1625449482.0,64.0
-11.82,1625449482.0,64.0
-2.4,1625449482.0,64.0
6.56,1625449482.0,64.0
14.67,1625449482.0,64.0
21.51,1625449482.0,64.0
26.78,1625449482.0,64.0
30.39,1625449482.0,64.0
32.64,1625449482.0,64.0
34.08,1625449482.0,64.0
35.28,1625449482.0,64.0
36.65,1625449482.0,64.0
38.23,1625449482.0,64.0
39.76,1625449482.0,64.0
40.84,1625449482.0,64.0
41.18,1625449482.0,64.0
40.67,1625449482.0,64.0
39.42,1625449482.0,64.0
37.62,1625449482.0,64.0
35.42,1625449482.0,64.0
32.9,1625449482.0,64.0
30.05,1625449482.0,64.0
26.88,1625449482.0,64.0
23.48,1625449482.0,64.0
19.96,1625449482.0,64.0
16.47,1625449482.0,64.0
13.03,1625449482.0,64.0
9.65,1625449482.0,64.0
6.29,1625449482.0,64.0
2.95,1625449482.0,64.0
-0.33,1625449482.0,64.0
-3.52,1625449482.0,64.0
-6.67,1625449482.0,64.0
-9.97,1625449482.0,64.0
-13.6,1625449482.0,64.0
-17.78,1625449482.0,64.0
-22.55,1625449482.0,64.0
-27.88,1625449482.0,64.0
-33.6,1625449482.0,64.0
-39.46,1625449482.0,64.0
-45.07,1625449482.0,64.0
-49.84,1625449482.0,64.0
-53.05,1625449482.0,64.0
-53.99,1625449482.0,64.0
-52.14,1625449482.0,64.0
-47.41,1625449482.0,64.0
-40.21,1625449482.0,64.0
-31.27,1625449482.0,64.0
-21.43,1625449482.0,64.0
-11.36,1625449482.0,64.0
-1.54,1625449482.0,64.0
7.73,1625449482.0,64.0
16.16,1625449482.0,64.0
23.39,1625449482.0,64.0
29.05,1625449482.0,64.0
32.91,1625449482.0,64.0
35.03,1625449482.0,64.0
35.78,1625449482.0,64.0
35.76,1625449482.0,64.0
35.55,1625449482.0,64.0
35.56,1625449482.0,64.0
35.89,1625449482.0,64.0
36.37,1625449482.0,64.0
36.75,1625449482.0,64.0
36.77,1625449482.0,64.0
36.33,1625449482.0,64.0
35.45,1625449482.0,64.0
34.21,1625449482.0,64.0
32.64,1625449482.0,64.0
30.7,1625449482.0,64.0
28.31,1625449482.0,64.0
25.43,1625449482.0,64.0
22.12,1625449482.0,64.0
18.58,1625449482.0,64.0
15.04,1625449482.0,64.0
11.64,1625449482.0,64.0
8.37,1625449482.0,64.0
5.05,1625449482.0,64.0
1.47,1625449482.0,64.0
-2.5,1625449482.0,64.0
-6.79,1625449482.0,64.0
-11.2,1625449482.0,64.0
-15.49,1625449482.0,64.0
-19.54,1625449482.0,64.0
-23.39,1625449482.0,64.0
-27.29,1625449482.0,64.0
-31.52,1625449482.0,64.0
-36.32,1625449482.0,64.0
-41.64,1625449482.0,64.0
-47.09,1625449482.0,64.0
-51.98,1625449482.0,64.0
-55.41,1625449482.0,64.0
-56.53,1625449482.0,64.0
-54.7,1625449482.0,64.0
-49.84,1625449482.0,64.0
-42.32,1625449482.0,64.0
-32.94,1625449482.0,64.0
-22.62,1625449482.0,64.0
-12.12,1625449482.0,64.0
-1.97,1625449482.0,64.0
7.54,1625449482.0,64.0
16.14,1625449482.0,64.0
23.53,1625449482.0,64.0
29.34,1625449482.0,64.0
33.35,1625449482.0,64.0
35.61,1625449482.0,64.0
36.61,1625449482.0,64.0
37.06,1625449482.0,64.0
37.61,1625449482.0,64.0
38.58,1625449482.0,64.0
39.8,1625449482.0,64.0
40.86,1625449482.0,64.0
41.28,1625449482.0,64.0
40.83,1625449482.0,64.0
39.6,1625449482.0,64.0
37.81,1625449482.0,64.0
35.71,1625449482.0,64.0
33.35,1625449482.0,64.0
30.64,1625449482.0,64.0
27.46,1625449482.0,64.0
23.83,1625449482.0,64.0
19.88,1625449482.0,64.0
15.88,1625449482.0,64.0
12.03,1625449482.0,64.0
8.44,1625449482.0,64.0
5.08,1625449482.0,64.0
1.86,1625449482.0,64.0
-1.32,1625449482.0,64.0
-4.49,1625449482.0,64.0
-7.64,1625449482.0,64.0
-10.75,1625449482.0,64.0
-13.84,1625449482.0,64.0
-16.97,1625449482.0,64.0
-20.21,1625449482.0,64.0
-23.65,1625449482.0,64.0
-27.42,1625449482.0,64.0
-31.6,1625449482.0,64.0
-36.21,1625449482.0,64.0
-41.03,1625449482.0,64.0
-45.62,1625449482.0,64.0
-49.27,1625449482.0,64.0
-51.17,1625449482.0,64.0
-50.64,1625449482.0,64.0
-47.33,1625449482.0,64.0
-41.39,1625449482.0,64.0
-33.39,1625449482.0,64.0
-24.12,1625449482.0,64.0
-14.38,1625449482.0,64.0
-4.78,1625449482.0,64.0
4.3,1625449482.0,64.0
12.58,1625449482.0,64.0
19.82,1625449482.0,64.0
25.79,1625449482.0,64.0
30.3,1625449482.0,64.0
33.38,1625449482.0,64.0
35.24,1625449482.0,64.0
36.28,1625449482.0,64.0
36.94,1625449482.0,64.0
37.53,1625449482.0,64.0
38.11,1625449482.0,64.0
38.57,1625449482.0,64.0
38.66,1625449482.0,64.0
38.22,1625449482.0,64.0
37.19,1625449482.0,64.0
35.58,1625449482.0,64.0
33.52,1625449482.0,64.0
31.13,1625449482.0,64.0
28.46,1625449482.0,64.0
25.55,1625449482.0,64.0
22.41,1625449482.0,64.0
19.09,1625449482.0,64.0
15.62,1625449482.0,64.0
12.11,1625449482.0,64.0
8.64,1625449482.0,64.0
5.26,1625449482.0,64.0
2.0,1625449482.0,64.0
-1.15,1625449482.0,64.0
-4.24,1625449482.0,64.0
-7.34,1625449482.0,64.0
-10.53,1625449482.0,64.0
-13.89,1625449482.0,64.0
-17.47,1625449482.0,64.0
-21.26,1625449482.0,64.0
-25.2,1625449482.0,64.0
-29.3,1625449482.0,64.0
-33.54,1625449482.0,64.0
-38.01,1625449482.0,64.0
-42.7,1625449482.0,64.0
-47.36,1625449482.0,64.0
-51.48,1625449482.0,64.0
-54.28,1625449482.0,64.0
-54.97,1625449482.0,64.0
-52.99,1625449482.0,64.0
-48.26,1625449482.0,64.0
-41.21,1625449482.0,64.0
-32.57,1625449482.0,64.0
-23.15,1625449482.0,64.0
-13.61,1625449482.0,64.0
-4.36,1625449482.0,64.0
4.34,1625449482.0,64.0
12.24,1625449482.0,64.0
19.06,1625449482.0,64.0
24.5,1625449482.0,64.0
28.35,1625449482.0,64.0
30.67,1625449482.0,64.0
31.76,1625449482.0,64.0
32.1,1625449482.0,64.0
32.18,1625449482.0,64.0
32.32,1625449482.0,64.0
32.6,1625449482.0,64.0
32.9,1625449482.0,64.0
33.05,1625449482.0,64.0
32.87,1625449482.0,64.0
32.26,1625449482.0,64.0
31.18,1625449482.0,64.0
29.63,1625449482.0,64.0
27.59,1625449482.0,64.0
25.1,1625449482.0,64.0
22.18,1625449482.0,64.0
18.92,1625449482.0,64.0
15.46,1625449482.0,64.0
11.94,1625449482.0,64.0
8.47,1625449482.0,64.0
5.09,1625449482.0,64.0
1.84,1625449482.0,64.0
-1.31,1625449482.0,64.0
-4.36,1625449482.0,64.0
-7.33,1625449482.0,64.0
-10.24,1625449482.0,64.0
-13.09,1625449482.0,64.0
-15.91,1625449482.0,64.0
-18.69,1625449482.0,64.0
-21.51,1625449482.0,64.0
-24.42,1625449482.0,64.0
-27.53,1625449482.0,64.0
-30.91,1625449482.0,64.0
-34.56,1625449482.0,64.0
-38.29,1625449482.0,64.0
-41.72,1625449482.0,64.0
-44.24,1625449482.0,64.0
-45.12,1625449482.0,64.0
-43.81,1625449482.0,64.0
-40.04,1625449482.0,64.0
-34.02,1625449482.0,64.0
-26.29,1625449482.0,64.0
-17.62,1625449482.0,64.0
-8.71,1625449482.0,64.0
-0.08,1625449482.0,64.0
7.89,1625449482.0,64.0
14.89,1625449482.0,64.0
20.59,1625449482.0,64.0
24.74,1625449482.0,64.0
27.24,1625449482.0,64.0
28.32,1625449482.0,64.0
28.51,1625449482.0,64.0
28.48,1625449482.0,64.0
28.78,1625449482.0,64.0
29.62,1625449482.0,64.0
30.83,1625449482.0,64.0
32.01,1625449482.0,64.0
32.75,1625449482.0,64.0
32.78,1625449482.0,64.0
32.08,1625449482.0,64.0
30.77,1625449482.0,64.0
28.98,1625449482.0,64.0
26.83,1625449482.0,64.0
24.34,1625449482.0,64.0
21.52,1625449482.0,64.0
18.42,1625449482.0,64.0
15.11,1625449482.0,64.0
11.68,1625449482.0,64.0
8.21,1625449482.0,64.0
4.79,1625449482.0,64.0
1.46,1625449482.0,64.0
-1.73,1625449482.0,64.0
-4.76,1625449482.0,64.0
-7.66,1625449482.0,64.0
-10.51,1625449482.0,64.0
-13.42,1625449482.0,64.0
-16.49,1625449482.0,64.0
-19.77,1625449482.0,64.0
-23.31,1625449482.0,64.0
-27.13,1625449482.0,64.0
-31.14,1625449482.0,64.0
-35.22,1625449482.0,64.0
-39.03,1625449482.0,64.0
-42.02,1625449482.0,64.0
-43.5,1625449482.0,64.0
-42.8,1625449482.0,64.0
-39.57,1625449482.0,64.0
-33.9,1625449482.0,64.0
-26.35,1625449482.0,64.0
-17.71,1625449482.0,64.0
-8.84,1625449482.0,64.0
-0.38,1625449482.0,64.0
7.23,1625449482.0,64.0
13.73,1625449482.0,64.0
18.9,1625449482.0,64.0
22.6,1625449482.0,64.0
24.8,1625449482.0,64.0
25.66,1625449482.0,64.0
25.59,1625449482.0,64.0
25.13,1625449482.0,64.0
24.78,1625449482.0,64.0
24.85,1625449482.0,64.0
25.33,1625449482.0,64.0
25.94,1625449482.0,64.0
26.3,1625449482.0,64.0
26.1,1625449482.0,64.0
25.14,1625449482.0,64.0
23.48,1625449482.0,64.0
21.26,1625449482.0,64.0
18.69,1625449482.0,64.0
15.92,1625449482.0,64.0
13.01,1625449482.0,64.0
9.99,1625449482.0,64.0
6.88,1625449482.0,64.0
3.71,1625449482.0,64.0
0.53,1625449482.0,64.0
-2.62,1625449482.0,64.0
-5.7,1625449482.0,64.0
-8.75,1625449482.0,64.0
-11.81,1625449482.0,64.0
-14.92,1625449482.0,64.0
-18.13,1625449482.0,64.0
-21.51,1625449482.0,64.0
-25.13,1625449482.0,64.0
-29.09,1625449482.0,64.0
-33.45,1625449482.0,64.0
-38.16,1625449482.0,64.0
-43.0,1625449482.0,64.0
-47.48,1625449482.0,64.0
-50.96,1625449482.0,64.0
-52.7,1625449482.0,64.0
-52.1,1625449482.0,64.0
-48.9,1625449482.0,64.0
-43.25,1625449482.0,64.0
-35.64,1625449482.0,64.0
-26.83,1625449482.0,64.0
-17.54,1625449482.0,64.0
-8.28,1625449482.0,64.0
0.6,1625449482.0,64.0
8.89,1625449482.0,64.0
16.36,1625449482.0,64.0
22.71,1625449482.0,64.0
27.64,1625449482.0,64.0
31.01,1625449482.0,64.0
32.94,1625449482.0,64.0
33.86,1625449482.0,64.0
34.34,1625449482.0,64.0
34.85,1625449482.0,64.0
35.57,1625449482.0,64.0
36.33,1625449482.0,64.0
36.77,1625449482.0,64.0
36.51,1625449482.0,64.0
35.41,1625449482.0,64.0
33.51,1625449482.0,64.0
31.11,1625449482.0,64.0
28.49,1625449482.0,64.0
25.84,1625449482.0,64.0
23.14,1625449482.0,64.0
20.26,1625449482.0,64.0
17.02,1625449482.0,64.0
13.31,1625449482.0,64.0
9.16,1625449482.0,64.0
4.77,1625449482.0,64.0
0.45,1625449482.0,64.0
-3.54,1625449482.0,64.0
-7.04,1625449482.0,64.0
-10.07,1625449482.0,64.0
-12.86,1625449482.0,64.0
-15.71,1625449482.0,64.0
-18.94,1625449482.0,64.0
-22.77,1625449482.0,64.0
-27.32,1625449482.0,64.0
-32.55,1625449482.0,64.0
-38.29,1625449482.0,64.0
-44.18,1625449482.0,64.0
-49.66,1625449482.0,64.0
-54.07,1625449482.0,64.0
-56.66,1625449482.0,64.0
-56.87,1625449482.0,64.0
-54.38,1625449482.0,64.0
-49.26,1625449482.0,64.0
-41.89,1625449482.0,64.0
-32.86,1625449482.0,64.0
-22.81,1625449482.0,64.0
-12.27,1625449482.0,64.0
-1.75,1625449482.0,64.0
8.32,1625449482.0,64.0
17.42,1625449482.0,64.0
25.03,1625449482.0,64.0
30.71,1625449482.0,64.0
34.22,1625449482.0,64.0
35.74,1625449482.0,64.0
35.77,1625449482.0,64.0
35.03,1625449482.0,64.0
34.14,1625449482.0,64.0
33.5,1625449482.0,64.0
33.1,1625449482.0,64.0
32.7,1625449482.0,64.0
31.98,1625449482.0,64.0
30.73,1625449482.0,64.0
28.93,1625449482.0,64.0
26.67,1625449482.0,64.0
24.08,1625449482.0,64.0
21.16,1625449482.0,64.0
17.83,1625449482.0,64.0
13.91,1625449482.0,64.0
9.34,1625449482.0,64.0
4.2,1625449482.0,64.0
-1.25,1625449482.0,64.0
-6.58,1625449482.0,64.0
-11.4,1625449482.0,64.0
-15.5,1625449482.0,64.0
-19.03,1625449482.0,64.0
-22.51,1625449482.0,64.0
-26.77,1625449482.0,64.0
-32.62,1625449482.0,64.0
-40.66,1625449482.0,64.0
-51.09,1625449482.0,64.0
-63.7,1625449482.0,64.0
-78.09,1625449482.0,64.0
-93.73,1625449482.0,64.0
-109.98,1625449482.0,64.0
-125.92,1625449482.0,64.0
-140.36,1625449482.0,64.0
-151.92,1625449482.0,64.0
-159.42,1625449482.0,64.0
-162.46,1625449482.0,64.0
-161.59,1625449482.0,64.0
-158.3,1625449482.0,64.0
-154.13,1625449482.0,64.0
-149.9,1625449482.0,64.0
-145.1,1625449482.0,64.0
-137.88,1625449482.0,64.0
-125.86,1625449482.0,64.0
-106.99,1625449482.0,64.0
-80.23,1625449482.0,64.0
-45.57,1625449482.0,64.0
-3.66,1625449482.0,64.0
44.33,1625449482.0,64.0
96.45,1625449482.0,64.0
149.35,1625449482.0,64.0
198.1,1625449482.0,64.0
236.7,1625449482.0,64.0
259.68,1625449482.0,64.0
263.85,1625449482.0,64.0
249.51,1625449482.0,64.0
220.36,1625449482.0,64.0
182.13,1625449482.0,64.0
140.78,1625449482.0,64.0
101.1,1625449482.0,64.0
66.25,1625449482.0,64.0
37.97,1625449482.0,64.0
17.01,1625449482.0,64.0
3.22,1625449482.0,64.0
-4.45,1625449482.0,64.0
-7.98,1625449482.0,64.0
-9.74,1625449482.0,64.0
-11.68,1625449482.0,64.0
-14.51,1625449482.0,64.0
-17.44,1625449482.0,64.0
-18.45,1625449482.0,64.0
-14.94,1625449482.0,64.0
-4.53,1625449482.0,64.0
14.27,1625449482.0,64.0
41.49,1625449482.0,64.0
75.41,1625449482.0,64.0
112.52,1625449482.0,64.0
148.18,1625449482.0,64.0
177.71,1625449482.0,64.0
197.72,1625449482.0,64.0
207.29,1625449482.0,64.0
208.07,1625449482.0,64.0
203.38,1625449482.0,64.0
196.61,1625449482.0,64.0
189.67,1625449482.0,64.0
182.38,1625449482.0,64.0
173.09,1625449482.0,64.0
160.02,1625449482.0,64.0
142.63,1625449482.0,64.0
122.17,1625449482.0,64.0
101.25,1625449482.0,64.0
82.72,1625449482.0,64.0
68.65,1625449482.0,64.0
59.8,1625449482.0,64.0
55.84,1625449482.0,64.0
55.93,1625449482.0,64.0
59.4,1625449482.0,64.0
65.89,1625449482.0,64.0
75.07,1625449482.0,64.0
86.19,1625449482.0,64.0
97.66,1625449482.0,64.0
107.15,1625449482.0,64.0
112.02,1625449482.0,64.0
110.17,1625449482.0,64.0
100.74,1625449482.0,64.0
84.55,1625449482.0,64.0
63.86,1625449482.0,64.0
41.76,1625449482.0,64.0
21.05,1625449482.0,64.0
3.4,1625449482.0,64.0
-11.05,1625449482.0,64.0
-23.39,1625449482.0,64.0
-35.21,1625449482.0,64.0
-47.73,1625449482.0,64.0
-61.27,1625449482.0,64.0
-75.21,1625449482.0,64.0
-88.37,1625449482.0,64.0
-99.43,1625449482.0,64.0
-107.26,1625449482.0,64.0
-111.05,1625449482.0,64.0
-110.25,1625449482.0,64.0
-104.69,1625449482.0,64.0
-94.67,1625449482.0,64.0
-81.18,1625449482.0,64.0
-66.12,1625449482.0,64.0
-52.06,1625449482.0,64.0
-41.84,1625449482.0,64.0
-37.73,1625449482.0,64.0
-40.69,1625449482.0,64.0
-49.86,1625449482.0,64.0
-62.62,1625449482.0,64.0
-75.39,1625449482.0,64.0
-84.73,1625449482.0,64.0
-88.46,1625449482.0,64.0
-86.26,1625449482.0,64.0
-79.52,1625449482.0,64.0
-70.62,1625449482.0,64.0
-62.01,1625449482.0,64.0
-55.46,1625449482.0,64.0
-51.9,1625449482.0,64.0
-51.57,1625449482.0,64.0
-54.29,1625449482.0,64.0
-59.56,1625449482.0,64.0
-66.44,1625449482.0,64.0
-73.51,1625449482.0,64.0
-79.07,1625449482.0,64.0
-81.65,1625449482.0,64.0
-80.63,1625449482.0,64.0
-76.58,1625449482.0,64.0
-70.99,1625449482.0,64.0
-65.72,1625449482.0,64.0
-62.12,1625449482.0,64.0
-60.57,1625449482.0,64.0
-60.48,1625449482.0,64.0
-60.69,1625449482.0,64.0
-60.12,1625449482.0,64.0
-58.14,1625449482.0,64.0
-54.72,1625449482.0,64.0
-50.22,1625449482.0,64.0
-45.11,1625449482.0,64.0
-39.79,1625449482.0,64.0
-34.63,1625449482.0,64.0
-29.98,1625449482.0,64.0
-26.3,1625449482.0,64.0
-24.06,1625449482.0,64.0
-23.62,1625449482.0,64.0
-25.12,1625449482.0,64.0
-28.4,1625449482.0,64.0
-33.12,1625449482.0,64.0
-38.76,1625449482.0,64.0
-44.75,1625449482.0,64.0
-50.43,1625449482.0,64.0
-55.09,1625449482.0,64.0
-57.98,1625449482.0,64.0
-58.48,1625449482.0,64.0
-56.21,1625449482.0,64.0
-51.18,1625449482.0,64.0
-43.69,1625449482.0,64.0
-34.26,1625449482.0,64.0
-23.52,1625449482.0,64.0
-12.14,1625449482.0,64.0
-0.93,1625449482.0,64.0
9.21,1625449482.0,64.0
17.36,1625449482.0,64.0
22.86,1625449482.0,64.0
25.54,1625449482.0,64.0
25.95,1625449482.0,64.0
25.08,1625449482.0,64.0
24.05,1625449482.0,64.0
23.64,1625449482.0,64.0
24.03,1625449482.0,64.0
24.82,1625449482.0,64.0
25.37,1625449482.0,64.0
25.12,1625449482.0,64.0
23.84,1625449482.0,64.0
21.66,1625449482.0,64.0
18.88,1625449482.0,64.0
15.76,1625449482.0,64.0
12.35,1625449482.0,64.0
8.6,1625449482.0,64.0
4.39,1625449482.0,64.0
-0.27,1625449482.0,64.0
-5.26,1625449482.0,64.0
-10.32,1625449482.0,64.0
-15.21,1625449482.0,64.0
-19.81,1625449482.0,64.0
-24.17,1625449482.0,64.0
-28.52,1625449482.0,64.0
-33.2,1625449482.0,64.0
-38.54,1625449482.0,64.0
-44.77,1625449482.0,64.0
-52.0,1625449482.0,64.0
-60.13,1625449482.0,64.0
-68.8,1625449482.0,64.0
-77.37,1625449482.0,64.0
-84.81,1625449482.0,64.0
-89.89,1625449482.0,64.0
-91.36,1625449482.0,64.0
-88.33,1625449482.0,64.0
-80.55,1625449482.0,64.0
-68.59,1625449482.0,64.0
-53.63,1625449482.0,64.0
-37.12,1625449482.0,64.0
-20.43,1625449482.0,64.0
-4.55,1625449482.0,64.0
9.84,1625449482.0,64.0
22.26,1625449482.0,64.0
32.27,1625449482.0,64.0
39.5,1625449482.0,64.0
43.86,1625449482.0,64.0
45.66,1625449482.0,64.0
45.65,1625449482.0,64.0
44.75,1625449482.0,64.0
43.79,1625449482.0,64.0
43.16,1625449482.0,64.0
42.8,1625449482.0,64.0
42.31,1625449482.0,64.0
41.31,1625449482.0,64.0
39.62,1625449482.0,64.0
37.3,1625449482.0,64.0
34.56,1625449482.0,64.0
31.56,1625449482.0,64.0
28.31,1625449482.0,64.0
24.7,1625449482.0,64.0
20.63,1625449482.0,64.0
16.06,1625449482.0,64.0
11.14,1625449482.0,64.0
6.08,1625449482.0,64.0
1.07,1625449482.0,64.0
-3.78,1625449482.0,64.0
-8.52,1625449482.0,64.0
-13.33,1625449482.0,64.0
-18.48,1625449482.0,64.0
-24.26,1625449482.0,64.0
-30.89,1625449482.0,64.0
-38.49,1625449482.0,64.0
-46.84,1625449482.0,64.0
-55.31,1625449482.0,64.0
-62.84,1625449482.0,64.0
-68.21,1625449482.0,64.0
-70.36,1625449482.0,64.0
-68.75,1625449482.0,64.0
-63.54,1625449482.0,64.0
-55.41,1625449482.0,64.0
-45.3,1625449482.0,64.0
-33.99,1625449482.0,64.0
-22.02,1625449482.0,64.0
-9.8,1625449482.0,64.0
2.16,1625449482.0,64.0
13.11,1625449482.0,64.0
22.14,1625449482.0,64.0
28.58,1625449482.0,64.0
32.25,1625449482.0,64.0
33.68,1625449482.0,64.0
33.86,1625449482.0,64.0
33.87,1625449482.0,64.0
34.42,1625449482.0,64.0
35.67,1625449482.0,64.0
37.31,1625449482.0,64.0
38.83,1625449482.0,64.0
39.94,1625449482.0,64.0
40.65,1625449482.0,64.0
41.29,1625449482.0,64.0
42.19,1625449482.0,64.0
43.51,1625449482.0,64.0
44.98,1625449482.0,64.0
46.06,1625449482.0,64.0
46.12,1625449482.0,64.0
44.77,1625449482.0,64.0
42.05,1625449482.0,64.0
38.43,1625449482.0,64.0
34.61,1625449482.0,64.0
31.21,1625449482.0,64.0
28.58,1625449482.0,64.0
26.72,1625449482.0,64.0
25.26,1625449482.0,64.0
23.65,1625449482.0,64.0
21.16,1625449482.0,64.0
17.11,1625449482.0,64.0
11.02,1625449482.0,64.0
2.89,1625449482.0,64.0
-6.68,1625449482.0,64.0
-16.56,1625449482.0,64.0
-25.32,1625449482.0,64.0
-31.69,1625449482.0,64.0
-34.93,1625449482.0,64.0
-34.96,1625449482.0,64.0
-32.24,1625449482.0,64.0
-27.42,1625449482.0,64.0
-21.15,1625449482.0,64.0
-14.13,1625449482.0,64.0
-7.24,1625449482.0,64.0
-1.7,1625449482.0,64.0
1.14,1625449482.0,64.0
0.35,1625449482.0,64.0
-4.12,1625449482.0,64.0
-11.2,1625449482.0,64.0
-19.03,1625449482.0,64.0
-25.72,1625449482.0,64.0
-30.12,1625449482.0,64.0
-32.12,1625449482.0,64.0
-32.46,1625449482.0,64.0
-32.23,1625449482.0,64.0
-32.31,1625449482.0,64.0
-33.1,1625449482.0,64.0
-34.62,1625449482.0,64.0
-36.7,1625449482.0,64.0
-39.05,1625449482.0,64.0
-41.24,1625449482.0,64.0
-42.47,1625449482.0,64.0
-41.69,1625449482.0,64.0
-37.85,1625449482.0,64.0
-30.52,1625449482.0,64.0
-20.37,1625449482.0,64.0
-9.22,1625449482.0,64.0
0.37,1625449482.0,64.0
5.95,1625449482.0,64.0
5.9,1625449482.0,64.0
-0.19,1625449482.0,64.0
-11.66,1625449482.0,64.0
-27.18,1625449482.0,64.0
-45.19,1625449482.0,64.0
-63.99,1625449482.0,64.0
-81.66,1625449482.0,64.0
-95.83,1625449482.0,64.0
-103.94,1625449482.0,64.0
-103.93,1625449482.0,64.0
-95.34,1625449482.0,64.0
-80.07,1625449482.0,64.0
-62.14,1625449482.0,64.0
-46.4,1625449482.0,64.0
-36.45,1625449482.0,64.0
-33.02,1625449482.0,64.0
-33.68,1625449482.0,64.0
-34.17,1625449482.0,64.0
-30.76,1625449482.0,64.0
-22.19,1625449482.0,64.0
-10.35,1625449482.0,64.0
0.95,1625449482.0,64.0
8.11,1625449482.0,64.0
9.66,1625449482.0,64.0
6.94,1625449482.0,64.0
3.2,1625449482.0,64.0
2.04,1625449482.0,64.0
5.8,1625449482.0,64.0
15.14,1625449482.0,64.0
29.18,1625449482.0,64.0
46.11,1625449482.0,64.0
63.61,1625449482.0,64.0
78.98,1625449482.0,64.0
89.41,1625449482.0,64.0
92.58,1625449482.0,64.0
87.5,1625449482.0,64.0
75.08,1625449482.0,64.0
58.04,1625449482.0,64.0
39.89,1625449482.0,64.0
23.66,1625449482.0,64.0
10.98,1625449482.0,64.0
1.75,1625449482.0,64.0
-5.15,1625449482.0,64.0
-11.06,1625449482.0,64.0
-16.91,1625449482.0,64.0
-23.07,1625449482.0,64.0
-29.75,1625449482.0,64.0
-37.23,1625449482.0,64.0
-45.81,1625449482.0,64.0
-55.4,1625449482.0,64.0
-65.13,1625449482.0,64.0
-73.33,1625449482.0,64.0
-77.96,1625449482.0,64.0
-77.34,1625449482.0,64.0
-70.84,1625449482.0,64.0
-59.15,1625449482.0,64.0
-43.94,1625449482.0,64.0
-27.2,1625449482.0,64.0
-10.54,1625449482.0,64.0
5.2,1625449482.0,64.0
19.85,1625449482.0,64.0
33.53,1625449482.0,64.0
46.18,1625449482.0,64.0
57.36,1625449482.0,64.0
66.42,1625449482.0,64.0
72.79,1625449482.0,64.0
76.37,1625449482.0,64.0
77.62,1625449482.0,64.0
77.38,1625449482.0,64.0
76.57,1625449482.0,64.0
75.79,1625449482.0,64.0
75.24,1625449482.0,64.0
74.69,1625449482.0,64.0
73.72,1625449482.0,64.0
71.93,1625449482.0,64.0
69.12,1625449482.0,64.0
65.24,1625449482.0,64.0
60.41,1625449482.0,64.0
54.78,1625449482.0,64.0
48.46,1625449482.0,64.0
41.56,1625449482.0,64.0
34.19,1625449482.0,64.0
26.54,1625449482.0,64.0
18.87,1625449482.0,64.0
11.43,1625449482.0,64.0
4.39,1625449482.0,64.0
-2.22,1625449482.0,64.0
-8.51,1625449482.0,64.0
-14.65,1625449482.0,64.0
-20.86,1625449482.0,64.0
-27.35,1625449482.0,64.0
-34.3,1625449482.0,64.0
-41.81,1625449482.0,64.0
-49.78,1625449482.0,64.0
-57.75,1625449482.0,64.0
-64.85,1625449482.0,64.0
-69.9,1625449482.0,64.0
-71.64,1625449482.0,64.0
-69.22,1625449482.0,64.0
-62.45,1625449482.0,64.0
-51.87,1625449482.0,64.0
-38.61,1625449482.0,64.0
-23.92,1625449482.0,64.0
-8.86,1625449482.0,64.0
5.82,1625449482.0,64.0
19.62,1625449482.0,64.0
32.04,1625449482.0,64.0
42.46,1625449482.0,64.0
50.27,1625449482.0,64.0
55.08,1625449482.0,64.0
56.98,1625449482.0,64.0
56.68,1625449482.0,64.0
55.25,1625449482.0,64.0
53.78,1625449482.0,64.0
53.0,1625449482.0,64.0
53.1,1625449482.0,64.0
53.76,1625449482.0,64.0
54.49,1625449482.0,64.0
54.78,1625449482.0,64.0
54.34,1625449482.0,64.0
53.16,1625449482.0,64.0
51.37,1625449482.0,64.0
49.15,1625449482.0,64.0
46.58,1625449482.0,64.0
43.61,1625449482.0,64.0
40.06,1625449482.0,64.0
35.82,1625449482.0,64.0
30.82,1625449482.0,64.0
25.24,1625449482.0,64.0
19.4,1625449482.0,64.0
13.63,1625449482.0,64.0
8.18,1625449482.0,64.0
3.04,1625449482.0,64.0
-2.02,1625449482.0,64.0
-7.39,1625449482.0,64.0
-13.35,1625449482.0,64.0
-20.02,1625449482.0,64.0
-27.32,1625449482.0,64.0
-35.09,1625449482.0,64.0
-43.11,1625449482.0,64.0
-51.1,1625449482.0,64.0
-58.55,1625449482.0,64.0
-64.7,1625449482.0,64.0
-68.52,1625449482.0,64.0
-69.01,1625449482.0,64.0
-65.56,1625449482.0,64.0
-58.19,1625449482.0,64.0
-47.58,1625449482.0,64.0
-34.85,1625449482.0,64.0
-21.14,1625449482.0,64.0
-7.32,1625449482.0,64.0
6.06,1625449482.0,64.0
18.66,1625449482.0,64.0
30.18,1625449482.0,64.0
40.11,1625449482.0,64.0
47.9,1625449482.0,64.0
53.12,1625449482.0,64.0
55.73,1625449482.0,64.0
56.23,1625449482.0,64.0
55.52,1625449482.0,64.0
54.58,1625449482.0,64.0
54.15,1625449482.0,64.0
54.43,1625449482.0,64.0
55.07,1625449482.0,64.0
55.44,1625449482.0,64.0
54.93,1625449482.0,64.0
53.21,1625449482.0,64.0
50.35,1625449482.0,64.0
46.72,1625449482.0,64.0
42.67,1625449482.0,64.0
38.49,1625449482.0,64.0
34.26,1625449482.0,64.0
29.94,1625449482.0,64.0
25.52,1625449482.0,64.0
21.05,1625449482.0,64.0
16.65,1625449482.0,64.0
12.45,1625449482.0,64.0
8.52,1625449482.0,64.0
4.81,1625449482.0,64.0
1.23,1625449482.0,64.0
-2.38,1625449482.0,64.0
-6.18,1625449482.0,64.0
-10.29,1625449482.0,64.0
-14.79,1625449482.0,64.0
-19.71,1625449482.0,64.0
-25.08,1625449482.0,64.0
-30.92,1625449482.0,64.0
-37.26,1625449482.0,64.0
-44.01,1625449482.0,64.0
-50.78,1625449482.0,64.0
-56.86,1625449482.0,64.0
-61.21,1625449482.0,64.0
-62.73,1625449482.0,64.0
-60.67,1625449482.0,64.0
-54.84,1625449482.0,64.0
-45.79,1625449482.0,64.0
-34.5,1625449482.0,64.0
-22.13,1625449482.0,64.0
-9.63,1625449482.0,64.0
2.38,1625449482.0,64.0
13.53,1625449482.0,64.0
23.5,1625449482.0,64.0
31.95,1625449482.0,64.0
38.51,1625449482.0,64.0
42.93,1625449482.0,64.0
45.31,1625449482.0,64.0
46.11,1625449482.0,64.0
46.05,1625449482.0,64.0
45.81,1625449482.0,64.0
45.82,1625449482.0,64.0
46.15,1625449482.0,64.0
46.5,1625449482.0,64.0
46.45,1625449482.0,64.0
45.66,1625449482.0,64.0
44.0,1625449482.0,64.0
41.61,1625449482.0,64.0
38.73,1625449482.0,64.0
35.61,1625449482.0,64.0
32.36,1625449482.0,64.0
28.96,1625449482.0,64.0
25.31,1625449482.0,64.0
21.4,1625449482.0,64.0
17.28,1625449482.0,64.0
13.15,1625449482.0,64.0
9.21,1625449482.0,64.0
5.57,1625449482.0,64.0
2.21,1625449482.0,64.0
-1.0,1625449482.0,64.0
-4.22,1625449482.0,64.0
-7.57,1625449482.0,64.0
-11.07,1625449482.0,64.0
-14.72,1625449482.0,64.0
-18.51,1625449482.0,64.0
-22.59,1625449482.0,64.0
-27.16,1625449482.0,64.0
-32.32,1625449482.0,64.0
-37.93,1625449482.0,64.0
-43.47,1625449482.0,64.0
-48.06,1625449482.0,64.0
-50.7,1625449482.0,64.0
-50.6,1625449482.0,64.0
-47.46,1625449482.0,64.0
-41.56,1625449482.0,64.0
-33.62,1625449482.0,64.0
-24.55,1625449482.0,64.0
-15.15,1625449482.0,64.0
-5.98,1625449482.0,64.0
2.58,1625449482.0,64.0
10.3,1625449482.0,64.0
16.91,1625449482.0,64.0
22.12,1625449482.0,64.0
25.74,1625449482.0,64.0
27.78,1625449482.0,64.0
28.55,1625449482.0,64.0
28.6,1625449482.0,64.0
28.53,1625449482.0,64.0
28.8,1625449482.0,64.0
29.58,1625449482.0,64.0
30.68,1625449482.0,64.0
31.73,1625449482.0,64.0
32.26,1625449482.0,64.0
32.0,1625449482.0,64.0
30.89,1625449482.0,64.0
29.12,1625449482.0,64.0
26.92,1625449482.0,64.0
24.47,1625449482.0,64.0
21.81,1625449482.0,64.0
18.84,1625449482.0,64.0
15.4,1625449482.0,64.0
11.46,1625449482.0,64.0
7.12,1625449482.0,64.0
2.63,1625449482.0,64.0
-1.75,1625449482.0,64.0
-5.82,1625449482.0,64.0
-9.59,1625449482.0,64.0
-13.18,1625449482.0,64.0
-16.82,1625449482.0,64.0
-20.69,1625449482.0,64.0
-24.89,1625449482.0,64.0
-29.4,1625449482.0,64.0
-34.23,1625449482.0,64.0
-39.38,1625449482.0,64.0
-44.79,1625449482.0,64.0
-50.26,1625449482.0,64.0
-55.3,1625449482.0,64.0
-59.15,1625449482.0,64.0
-60.94,1625449482.0,64.0
-59.92,1625449482.0,64.0
-55.8,1625449482.0,64.0
-48.81,1625449482.0,64.0
-39.67,1625449482.0,64.0
-29.27,1625449482.0,64.0
-18.46,1625449482.0,64.0
-7.84,1625449482.0,64.0
2.2,1625449482.0,64.0
11.37,1625449482.0,64.0
19.32,1625449482.0,64.0
25.63,1625449482.0,64.0
29.97,1625449482.0,64.0
32.25,1625449482.0,64.0
32.81,1625449482.0,64.0
32.26,1625449482.0,64.0
31.35,1625449482.0,64.0
30.61,1625449482.0,64.0
30.26,1625449482.0,64.0
30.15,1625449482.0,64.0
29.95,1625449482.0,64.0
29.38,1625449482.0,64.0
28.34,1625449482.0,64.0
26.9,1625449482.0,64.0
25.23,1625449482.0,64.0
23.44,1625449482.0,64.0
21.5,1625449482.0,64.0
19.27,1625449482.0,64.0
16.63,1625449482.0,64.0
13.5,1625449482.0,64.0
9.95,1625449482.0,64.0
6.16,1625449482.0,64.0
2.34,1625449482.0,64.0
-1.37,1625449482.0,64.0
-4.92,1625449482.0,64.0
-8.37,1625449482.0,64.0
-11.82,1625449482.0,64.0
-15.38,1625449482.0,64.0
-19.09,1625449482.0,64.0
-23.0,1625449482.0,64.0
-27.21,1625449482.0,64.0
-31.86,1625449482.0,64.0
-37.05,1625449482.0,64.0
-42.8,1625449482.0,64.0
-48.81,1625449482.0,64.0
-54.43,1625449482.0,64.0
-58.77,1625449482.0,64.0
-60.92,1625449482.0,64.0
-60.22,1625449482.0,64.0
-56.51,1625449482.0,64.0
-50.19,1625449482.0,64.0
-41.95,1625449482.0,64.0
-32.63,1625449482.0,64.0
-22.93,1625449482.0,64.0
-13.34,1625449482.0,64.0
-4.19,1625449482.0,64.0
4.21,1625449482.0,64.0
11.53,1625449482.0,64.0
17.45,1625449482.0,64.0
21.79,1625449482.0,64.0
24.62,1625449482.0,64.0
26.33,1625449482.0,64.0
27.44,1625449482.0,64.0
28.48,1625449482.0,64.0
29.77,1625449482.0,64.0
31.35,1625449482.0,64.0
33.03,1625449482.0,64.0
34.44,1625449482.0,64.0
35.25,1625449482.0,64.0
35.23,1625449482.0,64.0
34.31,1625449482.0,64.0
32.53,1625449482.0,64.0
30.03,1625449482.0,64.0
27.0,1625449482.0,64.0
23.64,1625449482.0,64.0
20.1,1625449482.0,64.0
16.52,1625449482.0,64.0
12.94,1625449482.0,64.0
9.36,1625449482.0,64.0
5.76,1625449482.0,64.0
2.11,1625449482.0,64.0
-1.59,1625449482.0,64.0
-5.31,1625449482.0,64.0
-9.03,1625449482.0,64.0
-12.82,1625449482.0,64.0
-16.74,1625449482.0,64.0
-20.91,1625449482.0,64.0
-25.39,1625449482.0,64.0
-30.2,1625449482.0,64.0
-35.33,1625449482.0,64.0
-40.72,1625449482.0,64.0
-46.27,1625449482.0,64.0
-51.67,1625449482.0,64.0
-56.39,1625449482.0,64.0
-59.66,1625449482.0,64.0
-60.67,1625449482.0,64.0
-58.76,1625449482.0,64.0
-53.8,1625449482.0,64.0
-46.14,1625449482.0,64.0
-36.6,1625449482.0,64.0
-26.13,1625449482.0,64.0
-15.61,1625449482.0,64.0
-5.67,1625449482.0,64.0
3.36,1625449482.0,64.0
11.25,1625449482.0,64.0
17.82,1625449482.0,64.0
22.93,1625449482.0,64.0
26.54,1625449482.0,64.0
28.79,1625449482.0,64.0
30.05,1625449482.0,64.0
30.79,1625449482.0,64.0
31.41,1625449482.0,64.0
32.15,1625449482.0,64.0
33.0,1625449482.0,64.0
33.74,1625449482.0,64.0
34.11,1625449482.0,64.0
33.91,1625449482.0,64.0
33.07,1625449482.0,64.0
31.64,1625449482.0,64.0
29.73,1625449482.0,64.0
27.49,1625449482.0,64.0
25.03,1625449482.0,64.0
22.44,1625449482.0,64.0
19.75,1625449482.0,64.0
16.96,1625449482.0,64.0
14.05,1625449482.0,64.0
10.95,1625449482.0,64.0
7.64,1625449482.0,64.0
4.14,1625449482.0,64.0
0.52,1625449482.0,64.0
-3.1,1625449482.0,64.0
-6.67,1625449482.0,64.0
-10.19,1625449482.0,64.0
-13.74,1625449482.0,64.0
-17.5,1625449482.0,64.0
-21.62,1625449482.0,64.0
-26.2,1625449482.0,64.0
-31.27,1625449482.0,64.0
-36.78,1625449482.0,64.0
-42.54,1625449482.0,64.0
-48.22,1625449482.0,64.0
-53.24,1625449482.0,64.0
-56.86,1625449482.0,64.0
-58.32,1625449482.0,64.0
-57.06,1625449482.0,64.0
-52.87,1625449482.0,64.0
-46.04,1625449482.0,64.0
-37.24,1625449482.0,64.0
-27.31,1625449482.0,64.0
-16.98,1625449482.0,64.0
-6.83,1625449482.0,64.0
2.75,1625449482.0,64.0
11.42,1625449482.0,64.0
18.85,1625449482.0,64.0
24.71,1625449482.0,64.0
28.8,1625449482.0,64.0
31.19,1625449482.0,64.0
32.27,1625449482.0,64.0
32.65,1625449482.0,64.0
32.96,1625449482.0,64.0
33.67,1625449482.0,64.0
34.91,1625449482.0,64.0
36.48,1625449482.0,64.0
37.94,1625449482.0,64.0
38.83,1625449482.0,64.0
38.81,1625449482.0,64.0
37.79,1625449482.0,64.0
35.84,1625449482.0,64.0
33.19,1625449482.0,64.0
30.08,1625449482.0,64.0
26.68,1625449482.0,64.0
23.07,1625449482.0,64.0
19.31,1625449482.0,64.0
15.43,1625449482.0,64.0
11.55,1625449482.0,64.0
7.77,1625449482.0,64.0
4.2,1625449482.0,64.0
0.89,1625449482.0,64.0
-2.23,1625449482.0,64.0
-5.34,1625449482.0,64.0
-8.64,1625449482.0,64.0
-12.27,1625449482.0,64.0
-16.27,1625449482.0,64.0
-20.55,1625449482.0,64.0
-24.98,1625449482.0,64.0
-29.52,1625449482.0,64.0
-34.23,1625449482.0,64.0
-39.24,1625449482.0,64.0
-44.61,1625449482.0,64.0
-50.08,1625449482.0,64.0
-55.04,1625449482.0,64.0
-58.56,1625449482.0,64.0
-59.69,1625449482.0,64.0
-57.74,1625449482.0,64.0
-52.58,1625449482.0,64.0
-44.66,1625449482.0,64.0
-34.92,1625449482.0,64.0
-24.39,1625449482.0,64.0
-14.0,1625449482.0,64.0
-4.31,1625449482.0,64.0
4.34,1625449482.0,64.0
11.82,1625449482.0,64.0
18.0,1625449482.0,64.0
22.74,1625449482.0,64.0
26.01,1625449482.0,64.0
27.92,1625449482.0,64.0
28.86,1625449482.0,64.0
29.36,1625449482.0,64.0
29.97,1625449482.0,64.0
30.97,1625449482.0,64.0
32.32,1625449482.0,64.0
33.67,1625449482.0,64.0
34.58,1625449482.0,64.0
34.69,1625449482.0,64.0
33.87,1625449482.0,64.0
32.25,1625449482.0,64.0
30.09,1625449482.0,64.0
27.73,1625449482.0,64.0
25.35,1625449482.0,64.0
23.05,1625449482.0,64.0
20.75,1625449482.0,64.0
18.37,1625449482.0,64.0
15.78,1625449482.0,64.0
12.92,1625449482.0,64.0
9.78,1625449482.0,64.0
6.37,1625449482.0,64.0
2.72,1625449482.0,64.0
-1.13,1625449482.0,64.0
-5.16,1625449482.0,64.0
-9.28,1625449482.0,64.0
-13.4,1625449482.0,64.0
-17.38,1625449482.0,64.0
-21.15,1625449482.0,64.0
-24.71,1625449482.0,64.0
-28.23,1625449482.0,64.0
-31.93,1625449482.0,64.0
-35.97,1625449482.0,64.0
-40.26,1625449482.0,64.0
-44.38,1625449482.0,64.0
-47.59,1625449482.0,64.0
-49.05,1625449482.0,64.0
-48.07,1625449482.0,64.0
-44.33,1625449482.0,64.0
-38.04,1625449482.0,64.0
-29.82,1625449482.0,64.0
-20.48,1625449482.0,64.0
-10.85,1625449482.0,64.0
-1.6,1625449482.0,64.0
6.75,1625449482.0,64.0
13.84,1625449482.0,64.0
19.42,1625449482.0,64.0
23.39,1625449482.0,64.0
25.86,1625449482.0,64.0
27.2,1625449482.0,64.0
27.96,1625449482.0,64.0
28.7,1625449482.0,64.0
29.78,1625449482.0,64.0
31.27,1625449482.0,64.0
32.93,1625449482.0,64.0
34.41,1625449482.0,64.0
35.36,1625449482.0,64.0
35.58,1625449482.0,64.0
35.05,1625449482.0,64.0
33.8,1625449482.0,64.0
31.95,1625449482.0,64.0
29.62,1625449482.0,64.0
26.93,1625449482.0,64.0
24.03,1625449482.0,64.0
21.02,1625449482.0,64.0
17.98,1625449482.0,64.0
14.92,1625449482.0,64.0
11.84,1625449482.0,64.0
8.7,1625449482.0,64.0
5.46,1625449482.0,64.0
2.11,1625449482.0,64.0
-1.38,1625449482.0,64.0
-5.08,1625449482.0,64.0
-9.02,1625449482.0,64.0
-13.25,1625449482.0,64.0
-17.77,1625449482.0,64.0
-22.58,1625449482.0,64.0
-27.69,1625449482.0,64.0
-33.06,1625449482.0,64.0
-38.5,1625449482.0,64.0
-43.61,1625449482.0,64.0
-47.7,1625449482.0,64.0
-49.92,1625449482.0,64.0
-49.53,1625449482.0,64.0
-46.16,1625449482.0,64.0
-40.0,1625449482.0,64.0
-31.71,1625449482.0,64.0
-22.24,1625449482.0,64.0
-12.51,1625449482.0,64.0
-3.22,1625449482.0,64.0
5.19,1625449482.0,64.0
12.46,1625449482.0,64.0
18.38,1625449482.0,64.0
22.77,1625449482.0,64.0
25.58,1625449482.0,64.0
27.03,1625449482.0,64.0
27.6,1625449482.0,64.0
27.97,1625449482.0,64.0
28.71,1625449482.0,64.0
30.07,1625449482.0,64.0
31.87,1625449482.0,64.0
33.67,1625449482.0,64.0
34.92,1625449482.0,64.0
35.27,1625449482.0,64.0
34.59,1625449482.0,64.0
32.97,1625449482.0,64.0
30.59,1625449482.0,64.0
27.57,1625449482.0,64.0
24.0,1625449482.0,64.0
19.94,1625449482.0,64.0
15.51,1625449482.0,64.0
10.9,1625449482.0,64.0
6.28,1625449482.0,64.0
1.85,1625449482.0,64.0
-2.32,1625449482.0,64.0
-6.17,1625449482.0,64.0
-9.72,1625449482.0,64.0
-13.08,1625449482.0,64.0
-16.39,1625449482.0,64.0
-19.82,1625449482.0,64.0
-23.58,1625449482.0,64.0
-27.81,1625449482.0,64.0
-32.54,1625449482.0,64.0
-37.66,1625449482.0,64.0
-42.89,1625449482.0,64.0
-47.81,1625449482.0,64.0
-51.86,1625449482.0,64.0
-54.39,1625449482.0,64.0
-54.8,1625449482.0,64.0
-52.67,1625449482.0,64.0
-47.91,1625449482.0,64.0
-40.77,1625449482.0,64.0
-31.83,1625449482.0,64.0
-21.79,1625449482.0,64.0
-11.32,1625449482.0,64.0
-0.99,1625449482.0,64.0
8.76,1625449482.0,64.0
17.53,1625449482.0,64.0
24.87,1625449482.0,64.0
30.4,1625449482.0,64.0
33.91,1625449482.0,64.0
35.54,1625449482.0,64.0
35.79,1625449482.0,64.0
35.41,1625449482.0,64.0
35.16,1625449482.0,64.0
35.49,1625449482.0,64.0
36.4,1625449482.0,64.0
37.5,1625449482.0,64.0
38.2,1625449482.0,64.0
38.04,1625449482.0,64.0
36.82,1625449482.0,64.0
34.69,1625449482.0,64.0
32.02,1625449482.0,64.0
29.19,1625449482.0,64.0
26.45,1625449482.0,64.0
23.79,1625449482.0,64.0
21.0,1625449482.0,64.0
17.84,1625449482.0,64.0
14.21,1625449482.0,64.0
10.17,1625449482.0,64.0
5.96,1625449482.0,64.0
1.84,1625449482.0,64.0
-2.05,1625449482.0,64.0
-5.77,1625449482.0,64.0
-9.53,1625449482.0,64.0
-13.6,1625449482.0,64.0
-18.15,1625449482.0,64.0
-23.21,1625449482.0,64.0
-28.72,1625449482.0,64.0
-34.56,1625449482.0,64.0
-40.54,1625449482.0,64.0
-46.43,1625449482.0,64.0
-51.76,1625449482.0,64.0
-55.84,1625449482.0,64.0
-57.91,1625449482.0,64.0
-57.26,1625449482.0,64.0
-53.61,1625449482.0,64.0
-47.13,1625449482.0,64.0
-38.4,1625449482.0,64.0
-28.28,1625449482.0,64.0
-17.59,1625449482.0,64.0
-6.91,1625449482.0,64.0
3.32,1625449482.0,64.0
12.79,1625449482.0,64.0
21.19,1625449482.0,64.0
28.17,1625449482.0,64.0
33.46,1625449482.0,64.0
37.0,1625449482.0,64.0
39.06,1625449482.0,64.0
40.19,1625449482.0,64.0
40.99,1625449482.0,64.0
41.82,1625449482.0,64.0
42.72,1625449482.0,64.0
43.42,1625449482.0,64.0
43.51,1625449482.0,64.0
42.76,1625449482.0,64.0
41.15,1625449482.0,64.0
38.92,1625449482.0,64.0
36.33,1625449482.0,64.0
33.6,1625449482.0,64.0
30.74,1625449482.0,64.0
27.67,1625449482.0,64.0
24.31,1625449482.0,64.0
20.63,1625449482.0,64.0
16.65,1625449482.0,64.0
12.47,1625449482.0,64.0
8.13,1625449482.0,64.0
3.71,1625449482.0,64.0
-0.73,1625449482.0,64.0
-5.12,1625449482.0,64.0
-9.4,1625449482.0,64.0
-13.59,1625449482.0,64.0
-17.77,1625449482.0,64.0
-22.11,1625449482.0,64.0
-26.79,1625449482.0,64.0
-31.92,1625449482.0,64.0
-37.51,1625449482.0,64.0
-43.4,1625449482.0,64.0
-49.2,1625449482.0,64.0
-54.29,1625449482.0,64.0
-57.97,1625449482.0,64.0
-59.49,1625449482.0,64.0
-58.32,1625449482.0,64.0
-54.29,1625449482.0,64.0
-47.61,1625449482.0,64.0
-38.81,1625449482.0,64.0
-28.64,1625449482.0,64.0
-17.81,1625449482.0,64.0
-6.94,1625449482.0,64.0
3.45,1625449482.0,64.0
12.95,1625449482.0,64.0
21.2,1625449482.0,64.0
27.91,1625449482.0,64.0
32.91,1625449482.0,64.0
36.26,1625449482.0,64.0
38.28,1625449482.0,64.0
39.46,1625449482.0,64.0
40.3,1625449482.0,64.0
41.13,1625449482.0,64.0
42.03,1625449482.0,64.0
42.79,1625449482.0,64.0
43.02,1625449482.0,64.0
42.38,1625449482.0,64.0
40.69,1625449482.0,64.0
38.02,1625449482.0,64.0
34.69,1625449482.0,64.0
31.11,1625449482.0,64.0
27.62,1625449482.0,64.0
24.37,1625449482.0,64.0
21.33,1625449482.0,64.0
18.28,1625449482.0,64.0
15.02,1625449482.0,64.0
11.4,1625449482.0,64.0
7.45,1625449482.0,64.0
3.29,1625449482.0,64.0
-0.86,1625449482.0,64.0
-4.87,1625449482.0,64.0
-8.68,1625449482.0,64.0
-12.35,1625449482.0,64.0
-16.03,1625449482.0,64.0
-19.91,1625449482.0,64.0
-24.15,1625449482.0,64.0
-28.89,1625449482.0,64.0
-34.24,1625449482.0,64.0
-40.21,1625449482.0,64.0
-46.62,1625449482.0,64.0
-53.02,1625449482.0,64.0
-58.68,1625449482.0,64.0
-62.68,1625449482.0,64.0
-64.16,1625449482.0,64.0
-62.53,1625449482.0,64.0
-57.7,1625449482.0,64.0
-50.1,1625449482.0,64.0
-40.49,1625449482.0,64.0
-29.73,1625449482.0,64.0
-18.52,1625449482.0,64.0
-7.42,1625449482.0,64.0
3.1,1625449482.0,64.0
12.59,1625449482.0,64.0
20.57,1625449482.0,64.0
26.66,1625449482.0,64.0
30.77,1625449482.0,64.0
33.15,1625449482.0,64.0
34.34,1625449482.0,64.0
34.94,1625449482.0,64.0
35.37,1625449482.0,64.0
35.73,1625449482.0,64.0
35.94,1625449482.0,64.0
35.79,1625449482.0,64.0
35.17,1625449482.0,64.0
34.1,1625449482.0,64.0
32.67,1625449482.0,64.0
30.89,1625449482.0,64.0
28.76,1625449482.0,64.0
26.23,1625449482.0,64.0
23.29,1625449482.0,64.0
20.03,1625449482.0,64.0
16.63,1625449482.0,64.0
13.2,1625449482.0,64.0
9.83,1625449482.0,64.0
6.52,1625449482.0,64.0
3.24,1625449482.0,64.0
0.03,1625449482.0,64.0
-3.05,1625449482.0,64.0
-5.95,1625449482.0,64.0
-8.73,1625449482.0,64.0
-11.55,1625449482.0,64.0
-14.68,1625449482.0,64.0
-18.29,1625449482.0,64.0
-22.46,1625449482.0,64.0
-27.07,1625449482.0,64.0
-31.91,1625449482.0,64.0
-36.7,1625449482.0,64.0
-41.19,1625449482.0,64.0
-45.04,1625449482.0,64.0
-47.77,1625449482.0,64.0
-48.86,1625449482.0,64.0
-47.76,1625449482.0,64.0
-44.17,1625449482.0,64.0
-38.17,1625449482.0,64.0
-30.17,1625449482.0,64.0
-20.88,1625449482.0,64.0
-11.03,1625449482.0,64.0
-1.33,1625449482.0,64.0
7.67,1625449482.0,64.0
15.49,1625449482.0,64.0
21.73,1625449482.0,64.0
26.13,1625449482.0,64.0
28.68,1625449482.0,64.0
29.7,1625449482.0,64.0
29.75,1625449482.0,64.0
29.54,1625449482.0,64.0
29.64,1625449482.0,64.0
30.29,1625449482.0,64.0
31.39,1625449482.0,64.0
32.56,1625449482.0,64.0
33.35,1625449482.0,64.0
33.36,1625449482.0,64.0
32.4,1625449482.0,64.0
30.47,1625449482.0,64.0
27.81,1625449482.0,64.0
24.75,1625449482.0,64.0
21.61,1625449482.0,64.0
18.61,1625449482.0,64.0
15.86,1625449482.0,64.0
13.25,1625449482.0,64.0
10.65,1625449482.0,64.0
7.92,1625449482.0,64.0
5.02,1625449482.0,64.0
1.95,1625449482.0,64.0
-1.21,1625449482.0,64.0
-4.44,1625449482.0,64.0
-7.79,1625449482.0,64.0
-11.33,1625449482.0,64.0
-15.17,1625449482.0,64.0
-19.35,1625449482.0,64.0
-23.95,1625449482.0,64.0
-28.93,1625449482.0,64.0
-34.23,1625449482.0,64.0
-39.56,1625449482.0,64.0
-44.42,1625449482.0,64.0
-48.12,1625449482.0,64.0
-49.95,1625449482.0,64.0
-49.34,1625449482.0,64.0
-46.05,1625449482.0,64.0
-40.27,1625449482.0,64.0
-32.51,1625449482.0,64.0
-23.47,1625449482.0,64.0
-13.85,1625449482.0,64.0
-4.26,1625449482.0,64.0
4.8,1625449482.0,64.0
12.88,1625449482.0,64.0
19.55,1625449482.0,64.0
24.48,1625449482.0,64.0
27.53,1625449482.0,64.0
28.9,1625449482.0,64.0
29.12,1625449482.0,64.0
28.89,1625449482.0,64.0
28.88,1625449482.0,64.0
29.43,1625449482.0,64.0
30.49,1625449482.0,64.0
31.63,1625449482.0,64.0
32.35,1625449482.0,64.0
32.26,1625449482.0,64.0
31.27,1625449482.0,64.0
29.57,1625449482.0,64.0
27.42,1625449482.0,64.0
25.05,1625449482.0,64.0
22.47,1625449482.0,64.0
19.57,1625449482.0,64.0
16.21,1625449482.0,64.0
12.38,1625449482.0,64.0
8.21,1625449482.0,64.0
3.89,1625449482.0,64.0
-0.42,1625449482.0,64.0
-4.71,1625449482.0,64.0
-9.02,1625449482.0,64.0
-13.47,1625449482.0,64.0
-18.09,1625449482.0,64.0
-22.81,1625449482.0,64.0
-27.5,1625449482.0,64.0
-32.03,1625449482.0,64.0
-36.3,1625449482.0,64.0
-40.21,1625449482.0,64.0
-43.59,1625449482.0,64.0
-46.11,1625449482.0,64.0
-47.26,1625449482.0,64.0
-46.51,1625449482.0,64.0
-43.41,1625449482.0,64.0
-37.93,1625449482.0,64.0
-30.41,1625449482.0,64.0
-21.5,1625449482.0,64.0
-11.97,1625449482.0,64.0
-2.42,1625449482.0,64.0
6.78,1625449482.0,64.0
15.43,1625449482.0,64.0
23.29,1625449482.0,64.0
29.99,1625449482.0,64.0
35.05,1625449482.0,64.0
38.1,1625449482.0,64.0
39.13,1625449482.0,64.0
38.58,1625449482.0,64.0
37.2,1625449482.0,64.0
35.79,1625449482.0,64.0
34.86,1625449482.0,64.0
34.46,1625449482.0,64.0
34.32,1625449482.0,64.0
34.01,1625449482.0,64.0
33.2,1625449482.0,64.0
31.75,1625449482.0,64.0
29.75,1625449482.0,64.0
27.28,1625449482.0,64.0
24.41,1625449482.0,64.0
21.09,1625449482.0,64.0
17.25,1625449482.0,64.0
12.87,1625449482.0,64.0
8.04,1625449482.0,64.0
3.02,1625449482.0,64.0
-1.9,1625449482.0,64.0
-6.45,1625449482.0,64.0
-10.58,1625449482.0,64.0
-14.43,1625449482.0,64.0
-18.37,1625449482.0,64.0
-22.78,1625449482.0,64.0
-27.96,1625449482.0,64.0
-33.96,1625449482.0,64.0
-40.6,1625449482.0,64.0
-47.56,1625449482.0,64.0
-54.37,1625449482.0,64.0
-60.54,1625449482.0,64.0
-65.52,1625449482.0,64.0
-68.74,1625449482.0,64.0
-69.61,1625449482.0,64.0
-67.72,1625449482.0,64.0
-62.95,1625449482.0,64.0
-55.52,1625449482.0,64.0
-45.97,1625449482.0,64.0
-35.01,1625449482.0,64.0
-23.34,1625449482.0,64.0
-11.54,1625449482.0,64.0
-0.12,1625449482.0,64.0
10.44,1625449482.0,64.0
19.64,1625449482.0,64.0
27.03,1625449482.0,64.0
32.36,1625449482.0,64.0
35.74,1625449482.0,64.0
37.63,1625449482.0,64.0
38.77,1625449482.0,64.0
39.82,1625449482.0,64.0
41.1,1625449482.0,64.0
42.5,1625449482.0,64.0
43.51,1625449482.0,64.0
43.58,1625449482.0,64.0
42.36,1625449482.0,64.0
39.89,1625449482.0,64.0
36.52,1625449482.0,64.0
32.69,1625449482.0,64.0
28.71,1625449482.0,64.0
24.61,1625449482.0,64.0
20.27,1625449482.0,64.0
15.63,1625449482.0,64.0
10.73,1625449482.0,64.0
5.85,1625449482.0,64.0
1.26,1625449482.0,64.0
-2.87,1625449482.0,64.0
-6.59,1625449482.0,64.0
-10.18,1625449482.0,64.0
-13.97,1625449482.0,64.0
-18.29,1625449482.0,64.0
-23.35,1625449482.0,64.0
-29.22,1625449482.0,64.0
-35.84,1625449482.0,64.0
-43.01,1625449482.0,64.0
-50.33,1625449482.0,64.0
-57.15,1625449482.0,64.0
-62.6,1625449482.0,64.0
-65.73,1625449482.0,64.0
-65.81,1625449482.0,64.0
-62.51,1625449482.0,64.0
-56.03,1625449482.0,64.0
-46.98,1625449482.0,64.0
-36.18,1625449482.0,64.0
-24.46,1625449482.0,64.0
-12.5,1625449482.0,64.0
-0.89,1625449482.0,64.0
9.83,1625449482.0,64.0
19.09,1625449482.0,64.0
26.41,1625449482.0,64.0
31.52,1625449482.0,64.0
34.58,1625449482.0,64.0
36.15,1625449482.0,64.0
37.02,1625449482.0,64.0
37.89,1625449482.0,64.0
39.11,1625449482.0,64.0
40.59,1625449482.0,64.0
41.86,1625449482.0,64.0
42.38,1625449482.0,64.0
41.75,1625449482.0,64.0
39.89,1625449482.0,64.0
37.04,1625449482.0,64.0
33.56,1625449482.0,64.0
29.8,1625449482.0,64.0
25.96,1625449482.0,64.0
22.06,1625449482.0,64.0
18.01,1625449482.0,64.0
13.74,1625449482.0,64.0
9.24,1625449482.0,64.0
4.59,1625449482.0,64.0
-0.11,1625449482.0,64.0
-4.77,1625449482.0,64.0
-9.35,1625449482.0,64.0
-13.88,1625449482.0,64.0
-18.46,1625449482.0,64.0
-23.19,1625449482.0,64.0
-28.2,1625449482.0,64.0
-33.56,1625449482.0,64.0
-39.21,1625449482.0,64.0
-44.97,1625449482.0,64.0
-50.4,1625449482.0,64.0
-54.86,1625449482.0,64.0
-57.59,1625449482.0,64.0
-57.84,1625449482.0,64.0
-55.12,1625449482.0,64.0
-49.34,1625449482.0,64.0
-40.85,1625449482.0,64.0
-30.39,1625449482.0,64.0
-18.82,1625449482.0,64.0
-6.98,1625449482.0,64.0
4.41,1625449482.0,64.0
14.81,1625449482.0,64.0
23.72,1625449482.0,64.0
30.71,1625449482.0,64.0
35.49,1625449482.0,64.0
38.07,1625449482.0,64.0
38.8,1625449482.0,64.0
38.35,1625449482.0,64.0
37.44,1625449482.0,64.0
36.62,1625449482.0,64.0
36.03,1625449482.0,64.0
35.5,1625449482.0,64.0
34.61,1625449482.0,64.0
33.04,1625449482.0,64.0
30.65,1625449482.0,64.0
27.58,1625449482.0,64.0
24.15,1625449482.0,64.0
20.66,1625449482.0,64.0
17.31,1625449482.0,64.0
14.1,1625449482.0,64.0
10.92,1625449482.0,64.0
7.6,1625449482.0,64.0
4.05,1625449482.0,64.0
0.31,1625449482.0,64.0
-3.52,1625449482.0,64.0
-7.32,1625449482.0,64.0
-11.03,1625449482.0,64.0
-14.71,1625449482.0,64.0
-18.49,1625449482.0,64.0
-22.51,1625449482.0,64.0
-26.9,1625449482.0,64.0
-31.75,1625449482.0,64.0
-36.99,1625449482.0,64.0
-42.46,1625449482.0,64.0
-47.78,1625449482.0,64.0
-52.39,1625449482.0,64.0
-55.57,1625449482.0,64.0
-56.61,1625449482.0,64.0
-55.0,1625449482.0,64.0
-50.58,1625449482.0,64.0
-43.56,1625449482.0,64.0
-34.47,1625449482.0,64.0
-23.95,1625449482.0,64.0
-12.67,1625449482.0,64.0
-1.25,1625449482.0,64.0
9.68,1625449482.0,64.0
19.44,1625449482.0,64.0
27.43,1625449482.0,64.0
33.21,1625449482.0,64.0
36.71,1625449482.0,64.0
38.29,1625449482.0,64.0
38.63,1625449482.0,64.0
38.53,1625449482.0,64.0
38.59,1625449482.0,64.0
39.02,1625449482.0,64.0
39.63,1625449482.0,64.0
40.0,1625449482.0,64.0
39.73,1625449482.0,64.0
38.66,1625449482.0,64.0
36.89,1625449482.0,64.0
34.66,1625449482.0,64.0
32.19,1625449482.0,64.0
29.59,1625449482.0,64.0
26.77,1625449482.0,64.0
23.64,1625449482.0,64.0
20.15,1625449482.0,64.0
16.38,1625449482.0,64.0
12.53,1625449482.0,64.0
8.74,1625449482.0,64.0
5.04,1625449482.0,64.0
1.36,1625449482.0,64.0
-2.45,1625449482.0,64.0
-6.52,1625449482.0,64.0
-10.9,1625449482.0,64.0
-15.6,1625449482.0,64.0
-20.64,1625449482.0,64.0
-26.0,1625449482.0,64.0
-31.61,1625449482.0,64.0
-37.21,1625449482.0,64.0
-42.25,1625449482.0,64.0
-45.94,1625449482.0,64.0
-47.46,1625449482.0,64.0
-46.19,1625449482.0,64.0
-41.92,1625449482.0,64.0
-34.9,1625449482.0,64.0
-25.77,1625449482.0,64.0
-15.31,1625449482.0,64.0
-4.35,1625449482.0,64.0
6.37,1625449482.0,64.0
16.15,1625449482.0,64.0
24.38,1625449482.0,64.0
30.57,1625449482.0,64.0
34.49,1625449482.0,64.0
36.3,1625449482.0,64.0
36.49,1625449482.0,64.0
35.82,1625449482.0,64.0
35.01,1625449482.0,64.0
34.53,1625449482.0,64.0
34.44,1625449482.0,64.0
34.53,1625449482.0,64.0
34.42,1625449482.0,64.0
33.75,1625449482.0,64.0
32.36,1625449482.0,64.0
30.27,1625449482.0,64.0
27.6,1625449482.0,64.0
24.51,1625449482.0,64.0
21.15,1625449482.0,64.0
17.59,1625449482.0,64.0
13.86,1625449482.0,64.0
10.04,1625449482.0,64.0
6.2,1625449482.0,64.0
2.45,1625449482.0,64.0
-1.15,1625449482.0,64.0
-4.63,1625449482.0,64.0
-8.13,1625449482.0,64.0
-11.86,1625449482.0,64.0
-16.03,1625449482.0,64.0
-20.79,1625449482.0,64.0
-26.17,1625449482.0,64.0
-32.07,1625449482.0,64.0
-38.2,1625449482.0,64.0
-44.15,1625449482.0,64.0
-49.3,1625449482.0,64.0
-52.94,1625449482.0,64.0
-54.38,1625449482.0,64.0
-53.14,1625449482.0,64.0
-49.03,1625449482.0,64.0
-42.28,1625449482.0,64.0
-33.41,1625449482.0,64.0
-23.12,1625449482.0,64.0
-12.17,1625449482.0,64.0
-1.28,1625449482.0,64.0
8.85,1625449482.0,64.0
17.58,1625449482.0,64.0
24.39,1625449482.0,64.0
28.95,1625449482.0,64.0
31.36,1625449482.0,64.0
32.04,1625449482.0,64.0
31.71,1625449482.0,64.0
31.12,1625449482.0,64.0
30.76,1625449482.0,64.0
30.78,1625449482.0,64.0
30.98,1625449482.0,64.0
30.96,1625449482.0,64.0
30.38,1625449482.0,64.0
29.12,1625449482.0,64.0
27.29,1625449482.0,64.0
25.07,1625449482.0,64.0
22.59,1625449482.0,64.0
19.82,1625449482.0,64.0
16.57,1625449482.0,64.0
12.69,1625449482.0,64.0
8.19,1625449482.0,64.0
3.32,1625449482.0,64.0
-1.49,1625449482.0,64.0
-5.89,1625449482.0,64.0
-9.75,1625449482.0,64.0
-13.2,1625449482.0,64.0
-16.6,1625449482.0,64.0
-20.3,1625449482.0,64.0
-24.55,1625449482.0,64.0
-29.4,1625449482.0,64.0
-34.69,1625449482.0,64.0
-40.15,1625449482.0,64.0
-45.36,1625449482.0,64.0
-49.8,1625449482.0,64.0
-52.81,1625449482.0,64.0
-53.76,1625449482.0,64.0
-52.16,1625449482.0,64.0
-47.89,1625449482.0,64.0
-41.23,1625449482.0,64.0
-32.77,1625449482.0,64.0
-23.19,1625449482.0,64.0
-13.14,1625449482.0,64.0
-3.1,1625449482.0,64.0
6.51,1625449482.0,64.0
15.28,1625449482.0,64.0
22.75,1625449482.0,64.0
28.47,1625449482.0,64.0
32.18,1625449482.0,64.0
33.98,1625449482.0,64.0
34.32,1625449482.0,64.0
33.93,1625449482.0,64.0
33.47,1625449482.0,64.0
33.33,1625449482.0,64.0
33.53,1625449482.0,64.0
33.75,1625449482.0,64.0
33.6,1625449482.0,64.0
32.78,1625449482.0,64.0
31.25,1625449482.0,64.0
29.19,1625449482.0,64.0
26.83,1625449482.0,64.0
24.27,1625449482.0,64.0
21.46,1625449482.0,64.0
18.22,1625449482.0,64.0
14.37,1625449482.0,64.0
9.92,1625449482.0,64.0
5.06,1625449482.0,64.0
0.14,1625449482.0,64.0
-4.55,1625449482.0,64.0
-8.85,1625449482.0,64.0
-12.82,1625449482.0,64.0
-16.66,1625449482.0,64.0
-20.68,1625449482.0,64.0
-25.08,1625449482.0,64.0
-30.0,1625449482.0,64.0
-35.38,1625449482.0,64.0
-41.11,1625449482.0,64.0
-46.91,1625449482.0,64.0
-52.32,1625449482.0,64.0
-56.75,1625449482.0,64.0
-59.48,1625449482.0,64.0
-59.86,1625449482.0,64.0
-57.47,1625449482.0,64.0
-52.27,1625449482.0,64.0
-44.65,1625449482.0,64.0
-35.26,1625449482.0,64.0
-24.84,1625449482.0,64.0
-14.07,1625449482.0,64.0
-3.48,1625449482.0,64.0
6.46,1625449482.0,64.0
15.25,1625449482.0,64.0
22.42,1625449482.0,64.0
27.57,1625449482.0,64.0
30.64,1625449482.0,64.0
31.9,1625449482.0,64.0
32.01,1625449482.0,64.0
31.71,1625449482.0,64.0
31.59,1625449482.0,64.0
31.91,1625449482.0,64.0
32.49,1625449482.0,64.0
32.95,1625449482.0,64.0
32.82,1625449482.0,64.0
31.91,1625449482.0,64.0
30.25,1625449482.0,64.0
28.09,1625449482.0,64.0
25.72,1625449482.0,64.0
23.33,1625449482.0,64.0
20.9,1625449482.0,64.0
18.24,1625449482.0,64.0
15.13,1625449482.0,64.0
11.49,1625449482.0,64.0
7.4,1625449482.0,64.0
3.1,1625449482.0,64.0
-1.15,1625449482.0,64.0
-5.18,1625449482.0,64.0
-9.01,1625449482.0,64.0
-12.82,1625449482.0,64.0
-16.82,1625449482.0,64.0
-21.24,1625449482.0,64.0
-26.14,1625449482.0,64.0
-31.49,1625449482.0,64.0
-37.21,1625449482.0,64.0
-43.11,1625449482.0,64.0
-48.9,1625449482.0,64.0
-54.14,1625449482.0,64.0
-58.19,1625449482.0,64.0
-60.33,1625449482.0,64.0
-59.96,1625449482.0,64.0
-56.77,1625449482.0,64.0
-50.83,1625449482.0,64.0
-42.57,1625449482.0,64.0
-32.65,1625449482.0,64.0
-21.75,1625449482.0,64.0
-10.49,1625449482.0,64.0
0.61,1625449482.0,64.0
11.01,1625449482.0,64.0
20.14,1625449482.0,64.0
27.45,1625449482.0,64.0
32.57,1625449482.0,64.0
35.46,1625449482.0,64.0
36.52,1625449482.0,64.0
36.4,1625449482.0,64.0
35.87,1625449482.0,64.0
35.49,1625449482.0,64.0
35.48,1625449482.0,64.0
35.69,1625449482.0,64.0
35.73,1625449482.0,64.0
35.22,1625449482.0,64.0
33.95,1625449482.0,64.0
31.96,1625449482.0,64.0
29.45,1625449482.0,64.0
26.62,1625449482.0,64.0
23.59,1625449482.0,64.0
20.37,1625449482.0,64.0
16.93,1625449482.0,64.0
13.24,1625449482.0,64.0
9.38,1625449482.0,64.0
5.49,1625449482.0,64.0
1.74,1625449482.0,64.0
-1.78,1625449482.0,64.0
-5.12,1625449482.0,64.0
-8.39,1625449482.0,64.0
-11.75,1625449482.0,64.0
-15.33,1625449482.0,64.0
-19.17,1625449482.0,64.0
-23.26,1625449482.0,64.0
-27.57,1625449482.0,64.0
-32.16,1625449482.0,64.0
-37.07,1625449482.0,64.0
-42.29,1625449482.0,64.0
-47.62,1625449482.0,64.0
-52.6,1625449482.0,64.0
-56.52,1625449482.0,64.0
-58.58,1625449482.0,64.0
-58.14,1625449482.0,64.0
-54.88,1625449482.0,64.0
-48.91,1625449482.0,64.0
-40.74,1625449482.0,64.0
-31.11,1625449482.0,64.0
-20.75,1625449482.0,64.0
-10.32,1625449482.0,64.0
-0.37,1625449482.0,64.0
8.65,1625449482.0,64.0
16.34,1625449482.0,64.0
22.36,1625449482.0,64.0
26.58,1625449482.0,64.0
29.1,1625449482.0,64.0
30.34,1625449482.0,64.0
30.92,1625449482.0,64.0
31.44,1625449482.0,64.0
32.27,1625449482.0,64.0
33.43,1625449482.0,64.0
34.63,1625449482.0,64.0
35.44,1625449482.0,64.0
35.48,1625449482.0,64.0
34.56,1625449482.0,64.0
32.7,1625449482.0,64.0
30.07,1625449482.0,64.0
26.92,1625449482.0,64.0
23.47,1625449482.0,64.0
19.9,1625449482.0,64.0
16.34,1625449482.0,64.0
12.86,1625449482.0,64.0
9.47,1625449482.0,64.0
6.13,1625449482.0,64.0
2.81,1625449482.0,64.0
-0.5,1625449482.0,64.0
-3.76,1625449482.0,64.0
-6.92,1625449482.0,64.0
-10.0,1625449482.0,64.0
-13.06,1625449482.0,64.0
-16.26,1625449482.0,64.0
-19.73,1625449482.0,64.0
-23.51,1625449482.0,64.0
-27.61,1625449482.0,64.0
-32.01,1625449482.0,64.0
-36.69,1625449482.0,64.0
-41.61,1625449482.0,64.0
-46.53,1625449482.0,64.0
-50.97,1625449482.0,64.0
-54.15,1625449482.0,64.0
-55.22,1625449482.0,64.0
-53.48,1625449482.0,64.0
-48.72,1625449482.0,64.0
-41.25,1625449482.0,64.0
-31.84,1625449482.0,64.0
-21.41,1625449482.0,64.0
-10.86,1625449482.0,64.0
-0.88,1625449482.0,64.0
8.05,1625449482.0,64.0
15.56,1625449482.0,64.0
21.36,1625449482.0,64.0
25.33,1625449482.0,64.0
27.61,1625449482.0,64.0
28.63,1625449482.0,64.0
29.03,1625449482.0,64.0
29.45,1625449482.0,64.0
30.27,1625449482.0,64.0
31.53,1625449482.0,64.0
32.96,1625449482.0,64.0
34.12,1625449482.0,64.0
34.64,1625449482.0,64.0
34.37,1625449482.0,64.0
33.36,1625449482.0,64.0
31.78,1625449482.0,64.0
29.84,1625449482.0,64.0
27.65,1625449482.0,64.0
25.28,1625449482.0,64.0
22.74,1625449482.0,64.0
20.01,1625449482.0,64.0
17.06,1625449482.0,64.0
13.88,1625449482.0,64.0
10.45,1625449482.0,64.0
6.86,1625449482.0,64.0
3.25,1625449482.0,64.0
-0.25,1625449482.0,64.0
-3.59,1625449482.0,64.0
-6.84,1625449482.0,64.0
-10.23,1625449482.0,64.0
-14.02,1625449482.0,64.0
-18.38,1625449482.0,64.0
-23.33,1625449482.0,64.0
-28.77,1625449482.0,64.0
-34.47,1625449482.0,64.0
-40.12,1625449482.0,64.0
-45.33,1625449482.0,64.0
-49.55,1625449482.0,64.0
-52.12,1625449482.0,64.0
-52.41,1625449482.0,64.0
-49.97,1625449482.0,64.0
-44.77,1625449482.0,64.0
-37.2,1625449482.0,64.0
-27.99,1625449482.0,64.0
-17.94,1625449482.0,64.0
-7.76,1625449482.0,64.0
2.03,1625449482.0,64.0
11.04,1625449482.0,64.0
18.9,1625449482.0,64.0
25.23,1625449482.0,64.0
29.75,1625449482.0,64.0
32.41,1625449482.0,64.0
33.54,1625449482.0,64.0
33.77,1625449482.0,64.0
33.81,1625449482.0,64.0
34.18,1625449482.0,64.0
34.97,1625449482.0,64.0
35.86,1625449482.0,64.0
36.32,1625449482.0,64.0
35.89,1625449482.0,64.0
34.39,1625449482.0,64.0
31.93,1625449482.0,64.0
28.87,1625449482.0,64.0
25.55,1625449482.0,64.0
22.21,1625449482.0,64.0
18.95,1625449482.0,64.0
15.72,1625449482.0,64.0
12.41,1625449482.0,64.0
8.97,1625449482.0,64.0
5.39,1625449482.0,64.0
1.69,1625449482.0,64.0
-2.07,1625449482.0,64.0
-5.84,1625449482.0,64.0
-9.64,1625449482.0,64.0
-13.49,1625449482.0,64.0
-17.45,1625449482.0,64.0
-21.63,1625449482.0,64.0
-26.11,1625449482.0,64.0
-31.0,1625449482.0,64.0
-36.37,1625449482.0,64.0
-42.22,1625449482.0,64.0
-48.37,1625449482.0,64.0
-54.38,1625449482.0,64.0
-59.56,1625449482.0,64.0
-63.03,1625449482.0,64.0
-63.94,1625449482.0,64.0
-61.75,1625449482.0,64.0
-56.4,1625449482.0,64.0
-48.32,1625449482.0,64.0
-38.34,1625449482.0,64.0
-27.39,1625449482.0,64.0
-16.25,1625449482.0,64.0
-5.48,1625449482.0,64.0
4.55,1625449482.0,64.0
13.56,1625449482.0,64.0
21.22,1625449482.0,64.0
27.23,1625449482.0,64.0
31.41,1625449482.0,64.0
33.85,1625449482.0,64.0
34.98,1625449482.0,64.0
35.42,1625449482.0,64.0
35.83,1625449482.0,64.0
36.6,1625449482.0,64.0
37.72,1625449482.0,64.0
38.9,1625449482.0,64.0
39.62,1625449482.0,64.0
39.5,1625449482.0,64.0
38.41,1625449482.0,64.0
36.51,1625449482.0,64.0
34.11,1625449482.0,64.0
31.52,1625449482.0,64.0
28.87,1625449482.0,64.0
26.06,1625449482.0,64.0
22.87,1625449482.0,64.0
19.11,1625449482.0,64.0
14.76,1625449482.0,64.0
10.03,1625449482.0,64.0
5.25,1625449482.0,64.0
0.73,1625449482.0,64.0
-3.36,1625449482.0,64.0
-7.06,1625449482.0,64.0
-10.62,1625449482.0,64.0
-14.36,1625449482.0,64.0
-18.53,1625449482.0,64.0
-23.22,1625449482.0,64.0
-28.42,1625449482.0,64.0
-34.02,1625449482.0,64.0
-39.92,1625449482.0,64.0
-45.99,1625449482.0,64.0
-51.98,1625449482.0,64.0
-57.41,1625449482.0,64.0
-61.5,1625449482.0,64.0
-63.4,1625449482.0,64.0
-62.33,1625449482.0,64.0
-58.0,1625449482.0,64.0
-50.66,1625449482.0,64.0
-41.07,1625449482.0,64.0
-30.17,1625449482.0,64.0
-18.81,1625449482.0,64.0
-7.59,1625449482.0,64.0
3.16,1625449482.0,64.0
13.14,1625449482.0,64.0
21.97,1625449482.0,64.0
29.26,1625449482.0,64.0
34.68,1625449482.0,64.0
38.22,1625449482.0,64.0
40.24,1625449482.0,64.0
41.34,1625449482.0,64.0
42.12,1625449482.0,64.0
42.96,1625449482.0,64.0
43.87,1625449482.0,64.0
44.58,1625449482.0,64.0
44.69,1625449482.0,64.0
43.94,1625449482.0,64.0
42.23,1625449482.0,64.0
39.74,1625449482.0,64.0
36.75,1625449482.0,64.0
33.55,1625449482.0,64.0
30.32,1625449482.0,64.0
27.08,1625449482.0,64.0
23.72,1625449482.0,64.0
20.09,1625449482.0,64.0
16.11,1625449482.0,64.0
11.81,1625449482.0,64.0
7.36,1625449482.0,64.0
2.91,1625449482.0,64.0
-1.4,1625449482.0,64.0
-5.58,1625449482.0,64.0
-9.7,1625449482.0,64.0
-13.89,1625449482.0,64.0
-18.24,1625449482.0,64.0
-22.79,1625449482.0,64.0
-27.56,1625449482.0,64.0
-32.6,1625449482.0,64.0
-38.02,1625449482.0,64.0
-43.84,1625449482.0,64.0
-49.87,1625449482.0,64.0
-55.6,1625449482.0,64.0
-60.19,1625449482.0,64.0
-62.66,1625449482.0,64.0
-62.22,1625449482.0,64.0
-58.51,1625449482.0,64.0
-51.79,1625449482.0,64.0
-42.78,1625449482.0,64.0
-32.37,1625449482.0,64.0
-21.37,1625449482.0,64.0
-10.33,1625449482.0,64.0
0.39,1625449482.0,64.0
10.43,1625449482.0,64.0
19.33,1625449482.0,64.0
26.53,1625449482.0,64.0
31.58,1625449482.0,64.0
34.48,1625449482.0,64.0
35.69,1625449482.0,64.0
36.01,1625449482.0,64.0
36.26,1625449482.0,64.0
36.91,1625449482.0,64.0
37.95,1625449482.0,64.0
39.0,1625449482.0,64.0
39.57,1625449482.0,64.0
39.3,1625449482.0,64.0
38.13,1625449482.0,64.0
36.22,1625449482.0,64.0
33.84,1625449482.0,64.0
31.18,1625449482.0,64.0
28.34,1625449482.0,64.0
25.31,1625449482.0,64.0
22.06,1625449482.0,64.0
18.6,1625449482.0,64.0
15.03,1625449482.0,64.0
11.46,1625449482.0,64.0
8.03,1625449482.0,64.0
4.8,1625449482.0,64.0
1.74,1625449482.0,64.0
-1.25,1625449482.0,64.0
-4.34,1625449482.0,64.0
-7.65,1625449482.0,64.0
-11.31,1625449482.0,64.0
-15.32,1625449482.0,64.0
-19.68,1625449482.0,64.0
-24.42,1625449482.0,64.0
-29.59,1625449482.0,64.0
-35.25,1625449482.0,64.0
-41.37,1625449482.0,64.0
-47.72,1625449482.0,64.0
-53.73,1625449482.0,64.0
-58.55,1625449482.0,64.0
-61.25,1625449482.0,64.0
-61.02,1625449482.0,64.0
-57.51,1625449482.0,64.0
-50.87,1625449482.0,64.0
-41.77,1625449482.0,64.0
-31.1,1625449482.0,64.0
-19.74,1625449482.0,64.0
-8.42,1625449482.0,64.0
2.34,1625449482.0,64.0
12.13,1625449482.0,64.0
20.56,1625449482.0,64.0
27.27,1625449482.0,64.0
32.05,1625449482.0,64.0
34.99,1625449482.0,64.0
36.52,1625449482.0,64.0
37.29,1625449482.0,64.0
37.93,1625449482.0,64.0
38.82,1625449482.0,64.0
39.96,1625449482.0,64.0
41.05,1625449482.0,64.0
41.67,1625449482.0,64.0
41.56,1625449482.0,64.0
40.62,1625449482.0,64.0
38.96,1625449482.0,64.0
36.77,1625449482.0,64.0
34.14,1625449482.0,64.0
31.12,1625449482.0,64.0
27.68,1625449482.0,64.0
23.86,1625449482.0,64.0
19.77,1625449482.0,64.0
15.58,1625449482.0,64.0
11.54,1625449482.0,64.0
7.77,1625449482.0,64.0
4.34,1625449482.0,64.0
1.21,1625449482.0,64.0
-1.8,1625449482.0,64.0
-4.88,1625449482.0,64.0
-8.25,1625449482.0,64.0
-12.08,1625449482.0,64.0
-16.41,1625449482.0,64.0
-21.19,1625449482.0,64.0
-26.34,1625449482.0,64.0
-31.77,1625449482.0,64.0
-37.5,1625449482.0,64.0
-43.54,1625449482.0,64.0
-49.77,1625449482.0,64.0
-55.72,1625449482.0,64.0
-60.61,1625449482.0,64.0
-63.45,1625449482.0,64.0
-63.44,1625449482.0,64.0
-60.21,1625449482.0,64.0
-53.97,1625449482.0,64.0
-45.43,1625449482.0,64.0
-35.48,1625449482.0,64.0
-24.92,1625449482.0,64.0
-14.25,1625449482.0,64.0
-3.87,1625449482.0,64.0
5.87,1625449482.0,64.0
14.46,1625449482.0,64.0
21.41,1625449482.0,64.0
26.39,1625449482.0,64.0
29.48,1625449482.0,64.0
31.19,1625449482.0,64.0
32.29,1625449482.0,64.0
33.5,1625449482.0,64.0
35.22,1625449482.0,64.0
37.44,1625449482.0,64.0
39.76,1625449482.0,64.0
41.66,1625449482.0,64.0
42.66,1625449482.0,64.0
42.52,1625449482.0,64.0
41.22,1625449482.0,64.0
38.96,1625449482.0,64.0
36.0,1625449482.0,64.0
32.59,1625449482.0,64.0
28.97,1625449482.0,64.0
25.26,1625449482.0,64.0
21.52,1625449482.0,64.0
17.79,1625449482.0,64.0
14.08,1625449482.0,64.0
10.39,1625449482.0,64.0
6.72,1625449482.0,64.0
3.03,1625449482.0,64.0
-0.75,1625449482.0,64.0
-4.67,1625449482.0,64.0
-8.76,1625449482.0,64.0
-12.95,1625449482.0,64.0
-17.11,1625449482.0,64.0
-21.12,1625449482.0,64.0
-24.93,1625449482.0,64.0
-28.64,1625449482.0,64.0
-32.43,1625449482.0,64.0
-36.47,1625449482.0,64.0
-40.71,1625449482.0,64.0
-44.8,1625449482.0,64.0
-48.04,1625449482.0,64.0
-49.54,1625449482.0,64.0
-48.52,1625449482.0,64.0
-44.57,1625449482.0,64.0
-37.8,1625449482.0,64.0
-28.78,1625449482.0,64.0
-18.4,1625449482.0,64.0
-7.57,1625449482.0,64.0
2.93,1625449482.0,64.0
12.48,1625449482.0,64.0
20.6,1625449482.0,64.0
26.92,1625449482.0,64.0
31.26,1625449482.0,64.0
33.7,1625449482.0,64.0
34.66,1625449482.0,64.0
34.84,1625449482.0,64.0
34.96,1625449482.0,64.0
35.57,1625449482.0,64.0
36.83,1625449482.0,64.0
38.5,1625449482.0,64.0
40.11,1625449482.0,64.0
41.12,1625449482.0,64.0
41.13,1625449482.0,64.0
39.98,1625449482.0,64.0
37.76,1625449482.0,64.0
34.69,1625449482.0,64.0
31.07,1625449482.0,64.0
27.15,1625449482.0,64.0
23.1,1625449482.0,64.0
18.98,1625449482.0,64.0
14.84,1625449482.0,64.0
10.69,1625449482.0,64.0
6.55,1625449482.0,64.0
2.47,1625449482.0,64.0
-1.53,1625449482.0,64.0
-5.46,1625449482.0,64.0
-9.34,1625449482.0,64.0
-13.18,1625449482.0,64.0
-16.98,1625449482.0,64.0
-20.71,1625449482.0,64.0
-24.43,1625449482.0,64.0
-28.25,1625449482.0,64.0
-32.39,1625449482.0,64.0
-37.02,1625449482.0,64.0
-42.11,1625449482.0,64.0
-47.29,1625449482.0,64.0
-51.85,1625449482.0,64.0
-54.85,1625449482.0,64.0
-55.37,1625449482.0,64.0
-52.82,1625449482.0,64.0
-47.14,1625449482.0,64.0
-38.8,1625449482.0,64.0
-28.63,1625449482.0,64.0
-17.55,1625449482.0,64.0
-6.33,1625449482.0,64.0
4.46,1625449482.0,64.0
14.4,1625449482.0,64.0
23.11,1625449482.0,64.0
30.21,1625449482.0,64.0
35.41,1625449482.0,64.0
38.67,1625449482.0,64.0
40.31,1625449482.0,64.0
40.91,1625449482.0,64.0
41.15,1625449482.0,64.0
41.51,1625449482.0,64.0
42.08,1625449482.0,64.0
42.54,1625449482.0,64.0
42.41,1625449482.0,64.0
41.24,1625449482.0,64.0
38.87,1625449482.0,64.0
35.48,1625449482.0,64.0
31.45,1625449482.0,64.0
27.24,1625449482.0,64.0
23.15,1625449482.0,64.0
19.25,1625449482.0,64.0
15.41,1625449482.0,64.0
11.46,1625449482.0,64.0
7.31,1625449482.0,64.0
3.04,1625449482.0,64.0
-1.14,1625449482.0,64.0
-5.03,1625449482.0,64.0
-8.55,1625449482.0,64.0
-11.79,1625449482.0,64.0
-14.97,1625449482.0,64.0
-18.32,1625449482.0,64.0
-22.0,1625449482.0,64.0
-26.06,1625449482.0,64.0
-30.52,1625449482.0,64.0
-35.4,1625449482.0,64.0
-40.72,1625449482.0,64.0
-46.41,1625449482.0,64.0
-52.17,1625449482.0,64.0
-57.44,1625449482.0,64.0
-61.37,1625449482.0,64.0
-63.08,1625449482.0,64.0
-61.89,1625449482.0,64.0
-57.58,1625449482.0,64.0
-50.46,1625449482.0,64.0
-41.21,1625449482.0,64.0
-30.64,1625449482.0,64.0
-19.47,1625449482.0,64.0
-8.26,1625449482.0,64.0
2.6,1625449482.0,64.0
12.7,1625449482.0,64.0
21.55,1625449482.0,64.0
28.7,1625449482.0,64.0
33.81,1625449482.0,64.0
36.92,1625449482.0,64.0
38.4,1625449482.0,64.0
38.92,1625449482.0,64.0
39.15,1625449482.0,64.0
39.53,1625449482.0,64.0
40.17,1625449482.0,64.0
40.86,1625449482.0,64.0
41.26,1625449482.0,64.0
41.04,1625449482.0,64.0
40.02,1625449482.0,64.0
38.22,1625449482.0,64.0
35.86,1625449482.0,64.0
33.21,1625449482.0,64.0
30.51,1625449482.0,64.0
27.89,1625449482.0,64.0
25.24,1625449482.0,64.0
22.36,1625449482.0,64.0
19.0,1625449482.0,64.0
15.01,1625449482.0,64.0
10.47,1625449482.0,64.0
5.62,1625449482.0,64.0
0.77,1625449482.0,64.0
-3.9,1625449482.0,64.0
-8.36,1625449482.0,64.0
-12.75,1625449482.0,64.0
-17.25,1625449482.0,64.0
-21.99,1625449482.0,64.0
-26.99,1625449482.0,64.0
-32.22,1625449482.0,64.0
-37.71,1625449482.0,64.0
-43.51,1625449482.0,64.0
-49.66,1625449482.0,64.0
-55.87,1625449482.0,64.0
-61.52,1625449482.0,64.0
-65.55,1625449482.0,64.0
-66.87,1625449482.0,64.0
-64.69,1625449482.0,64.0
-58.87,1625449482.0,64.0
-50.0,1625449482.0,64.0
-39.12,1625449482.0,64.0
-27.32,1625449482.0,64.0
-15.39,1625449482.0,64.0
-3.78,1625449482.0,64.0
7.27,1625449482.0,64.0
17.42,1625449482.0,64.0
26.14,1625449482.0,64.0
32.87,1625449482.0,64.0
37.28,1625449482.0,64.0
39.56,1625449482.0,64.0
40.41,1625449482.0,64.0
40.73,1625449482.0,64.0
41.24,1625449482.0,64.0
42.21,1625449482.0,64.0
43.41,1625449482.0,64.0
44.31,1625449482.0,64.0
44.42,1625449482.0,64.0
43.53,1625449482.0,64.0
41.64,1625449482.0,64.0
38.99,1625449482.0,64.0
35.84,1625449482.0,64.0
32.4,1625449482.0,64.0
28.82,1625449482.0,64.0
25.16,1625449482.0,64.0
21.41,1625449482.0,64.0
17.54,1625449482.0,64.0
13.48,1625449482.0,64.0
9.17,1625449482.0,64.0
4.63,1625449482.0,64.0
-0.06,1625449482.0,64.0
-4.73,1625449482.0,64.0
-9.23,1625449482.0,64.0
-13.51,1625449482.0,64.0
-17.59,1625449482.0,64.0
-21.6,1625449482.0,64.0
-25.66,1625449482.0,64.0
-29.92,1625449482.0,64.0
-34.49,1625449482.0,64.0
-39.47,1625449482.0,64.0
-44.87,1625449482.0,64.0
-50.55,1625449482.0,64.0
-56.13,1625449482.0,64.0
-60.91,1625449482.0,64.0
-64.07,1625449482.0,64.0
-64.8,1625449482.0,64.0
-62.59,1625449482.0,64.0
-57.38,1625449482.0,64.0
-49.58,1625449482.0,64.0
-39.93,1625449482.0,64.0
-29.19,1625449482.0,64.0
-18.02,1625449482.0,64.0
-6.88,1625449482.0,64.0
3.82,1625449482.0,64.0
13.69,1625449482.0,64.0
22.27,1625449482.0,64.0
29.16,1625449482.0,64.0
34.13,1625449482.0,64.0
37.28,1625449482.0,64.0
39.0,1625449482.0,64.0
39.88,1625449482.0,64.0
40.48,1625449482.0,64.0
41.14,1625449482.0,64.0
41.91,1625449482.0,64.0
42.59,1625449482.0,64.0
42.9,1625449482.0,64.0
42.57,1625449482.0,64.0
41.51,1625449482.0,64.0
39.77,1625449482.0,64.0
37.51,1625449482.0,64.0
34.86,1625449482.0,64.0
31.89,1625449482.0,64.0
28.57,1625449482.0,64.0
24.83,1625449482.0,64.0
20.66,1625449482.0,64.0
16.16,1625449482.0,64.0
11.48,1625449482.0,64.0
6.86,1625449482.0,64.0
2.42,1625449482.0,64.0
-1.8,1625449482.0,64.0
-5.88,1625449482.0,64.0
-9.99,1625449482.0,64.0
-14.22,1625449482.0,64.0
-18.67,1625449482.0,64.0
-23.37,1625449482.0,64.0
-28.33,1625449482.0,64.0
-33.54,1625449482.0,64.0
-39.07,1625449482.0,64.0
-44.9,1625449482.0,64.0
-50.95,1625449482.0,64.0
-56.95,1625449482.0,64.0
-62.33,1625449482.0,64.0
-66.3,1625449482.0,64.0
-67.99,1625449482.0,64.0
-66.66,1625449482.0,64.0
-62.04,1625449482.0,64.0
-54.33,1625449482.0,64.0
-44.26,1625449482.0,64.0
-32.77,1625449482.0,64.0
-20.79,1625449482.0,64.0
-9.04,1625449482.0,64.0
2.02,1625449482.0,64.0
12.03,1625449482.0,64.0
20.68,1625449482.0,64.0
27.59,1625449482.0,64.0
32.51,1625449482.0,64.0
35.43,1625449482.0,64.0
36.67,1625449482.0,64.0
36.87,1625449482.0,64.0
36.72,1625449482.0,64.0
36.79,1625449482.0,64.0
37.3,1625449482.0,64.0
38.17,1625449482.0,64.0
39.06,1625449482.0,64.0
39.55,1625449482.0,64.0
39.33,1625449482.0,64.0
38.26,1625449482.0,64.0
36.35,1625449482.0,64.0
33.74,1625449482.0,64.0
30.61,1625449482.0,64.0
27.15,1625449482.0,64.0
23.47,1625449482.0,64.0
19.67,1625449482.0,64.0
15.79,1625449482.0,64.0
11.83,1625449482.0,64.0
7.8,1625449482.0,64.0
3.7,1625449482.0,64.0
-0.46,1625449482.0,64.0
-4.67,1625449482.0,64.0
-8.97,1625449482.0,64.0
-13.38,1625449482.0,64.0
-17.95,1625449482.0,64.0
-22.66,1625449482.0,64.0
-27.5,1625449482.0,64.0
-32.4,1625449482.0,64.0
-37.38,1625449482.0,64.0
-42.48,1625449482.0,64.0
-47.79,1625449482.0,64.0
-53.31,1625449482.0,64.0
-58.81,1625449482.0,64.0
-63.7,1625449482.0,64.0
-67.09,1625449482.0,64.0
-68.04,1625449482.0,64.0
-65.86,1625449482.0,64.0
-60.33,1625449482.0,64.0
-51.87,1625449482.0,64.0
-41.31,1625449482.0,64.0
-29.67,1625449482.0,64.0
-17.83,1625449482.0,64.0
-6.49,1625449482.0,64.0
3.89,1625449482.0,64.0
12.91,1625449482.0,64.0
20.23,1625449482.0,64.0
25.58,1625449482.0,64.0
28.91,1625449482.0,64.0
30.53,1625449482.0,64.0
31.06,1625449482.0,64.0
31.29,1625449482.0,64.0
31.85,1625449482.0,64.0
33.05,1625449482.0,64.0
34.75,1625449482.0,64.0
36.54,1625449482.0,64.0
37.89,1625449482.0,64.0
38.41,1625449482.0,64.0
37.97,1625449482.0,64.0
36.7,1625449482.0,64.0
34.91,1625449482.0,64.0
32.97,1625449482.0,64.0
31.19,1625449482.0,64.0
29.73,1625449482.0,64.0
28.59,1625449482.0,64.0
27.57,1625449482.0,64.0
26.36,1625449482.0,64.0
24.62,1625449482.0,64.0
22.05,1625449482.0,64.0
18.56,1625449482.0,64.0
14.23,1625449482.0,64.0
9.33,1625449482.0,64.0
4.18,1625449482.0,64.0
-0.91,1625449482.0,64.0
-5.76,1625449482.0,64.0
-10.36,1625449482.0,64.0
-14.83,1625449482.0,64.0
-19.33,1625449482.0,64.0
-23.95,1625449482.0,64.0
-28.65,1625449482.0,64.0
-33.13,1625449482.0,64.0
-36.89,1625449482.0,64.0
-39.29,1625449482.0,64.0
-39.68,1625449482.0,64.0
-37.66,1625449482.0,64.0
-33.15,1625449482.0,64.0
-26.49,1625449482.0,64.0
-18.31,1625449482.0,64.0
-9.4,1625449482.0,64.0
-0.48,1625449482.0,64.0
7.9,1625449482.0,64.0
15.36,1625449482.0,64.0
21.68,1625449482.0,64.0
26.7,1625449482.0,64.0
30.35,1625449482.0,64.0
32.7,1625449482.0,64.0
34.04,1625449482.0,64.0
34.85,1625449482.0,64.0
35.62,1625449482.0,64.0
36.67,1625449482.0,64.0
37.97,1625449482.0,64.0
39.09,1625449482.0,64.0
39.44,1625449482.0,64.0
38.53,1625449482.0,64.0
36.19,1625449482.0,64.0
32.67,1625449482.0,64.0
28.48,1625449482.0,64.0
24.16,1625449482.0,64.0
20.03,1625449482.0,64.0
16.16,1625449482.0,64.0
12.41,1625449482.0,64.0
8.59,1625449482.0,64.0
4.62,1625449482.0,64.0
0.51,1625449482.0,64.0
-3.67,1625449482.0,64.0
-7.87,1625449482.0,64.0
-12.07,1625449482.0,64.0
-16.26,1625449482.0,64.0
-20.44,1625449482.0,64.0
-24.54,1625449482.0,64.0
-28.51,1625449482.0,64.0
-32.29,1625449482.0,64.0
-35.98,1625449482.0,64.0
-39.77,1625449482.0,64.0
-43.87,1625449482.0,64.0
-48.39,1625449482.0,64.0
-53.12,1625449482.0,64.0
-57.55,1625449482.0,64.0
-60.87,1625449482.0,64.0
-62.23,1625449482.0,64.0
-60.96,1625449482.0,64.0
-56.84,1625449482.0,64.0
-50.09,1625449482.0,64.0
-41.25,1625449482.0,64.0
-31.0,1625449482.0,64.0
-19.88,1625449482.0,64.0
-8.36,1625449482.0,64.0
3.13,1625449482.0,64.0
14.05,1625449482.0,64.0
23.71,1625449482.0,64.0
31.44,1625449482.0,64.0
36.83,1625449482.0,64.0
39.96,1625449482.0,64.0
41.38,1625449482.0,64.0
41.94,1625449482.0,64.0
42.41,1625449482.0,64.0
43.21,1625449482.0,64.0
44.27,1625449482.0,64.0
45.18,1625449482.0,64.0
45.44,1625449482.0,64.0
44.69,1625449482.0,64.0
42.84,1625449482.0,64.0
40.09,1625449482.0,64.0
36.73,1625449482.0,64.0
33.03,1625449482.0,64.0
29.13,1625449482.0,64.0
25.01,1625449482.0,64.0
20.59,1625449482.0,64.0
15.84,1625449482.0,64.0
10.8,1625449482.0,64.0
5.61,1625449482.0,64.0
0.37,1625449482.0,64.0
-4.87,1625449482.0,64.0
-10.23,1625449482.0,64.0
-15.88,1625449482.0,64.0
-21.94,1625449482.0,64.0
-28.4,1625449482.0,64.0
-35.1,1625449482.0,64.0
-41.86,1625449482.0,64.0
-48.53,1625449482.0,64.0
-55.04,1625449482.0,64.0
-61.23,1625449482.0,64.0
-66.77,1625449482.0,64.0
-71.02,1625449482.0,64.0
-73.22,1625449482.0,64.0
-72.64,1625449482.0,64.0
-68.94,1625449482.0,64.0
-62.22,1625449482.0,64.0
-53.06,1625449482.0,64.0
-42.26,1625449482.0,64.0
-30.59,1625449482.0,64.0
-18.69,1625449482.0,64.0
-7.06,1625449482.0,64.0
3.83,1625449482.0,64.0
13.5,1625449482.0,64.0
21.44,1625449482.0,64.0
27.29,1625449482.0,64.0
31.02,1625449482.0,64.0
32.97,1625449482.0,64.0
33.85,1625449482.0,64.0
34.48,1625449482.0,64.0
35.48,1625449482.0,64.0
37.08,1625449482.0,64.0
39.02,1625449482.0,64.0
40.71,1625449482.0,64.0
41.53,1625449482.0,64.0
41.03,1625449482.0,64.0
39.14,1625449482.0,64.0
36.09,1625449482.0,64.0
32.28,1625449482.0,64.0
28.08,1625449482.0,64.0
23.73,1625449482.0,64.0
19.29,1625449482.0,64.0
14.76,1625449482.0,64.0
10.15,1625449482.0,64.0
5.56,1625449482.0,64.0
1.15,1625449482.0,64.0
-2.92,1625449482.0,64.0
-6.64,1625449482.0,64.0
-10.16,1625449482.0,64.0
-13.78,1625449482.0,64.0
-17.76,1625449482.0,64.0
-22.33,1625449482.0,64.0
-27.53,1625449482.0,64.0
-33.31,1625449482.0,64.0
-39.51,1625449482.0,64.0
-45.87,1625449482.0,64.0
-51.97,1625449482.0,64.0
-57.22,1625449482.0,64.0
-60.84,1625449482.0,64.0
-62.05,1625449482.0,64.0
-60.35,1625449482.0,64.0
-55.61,1625449482.0,64.0
-48.25,1625449482.0,64.0
-38.99,1625449482.0,64.0
-28.69,1625449482.0,64.0
-18.11,1625449482.0,64.0
-7.78,1625449482.0,64.0
1.86,1625449482.0,64.0
10.35,1625449482.0,64.0
17.15,1625449482.0,64.0
21.75,1625449482.0,64.0
23.86,1625449482.0,64.0
23.61,1625449482.0,64.0
21.64,1625449482.0,64.0
18.89,1625449482.0,64.0
16.37,1625449482.0,64.0
14.83,1625449482.0,64.0
14.56,1625449482.0,64.0
15.43,1625449482.0,64.0
17.0,1625449482.0,64.0
18.78,1625449482.0,64.0
20.42,1625449482.0,64.0
21.8,1625449482.0,64.0
22.9,1625449482.0,64.0
23.78,1625449482.0,64.0
24.3,1625449482.0,64.0
24.2,1625449482.0,64.0
23.11,1625449482.0,64.0
20.77,1625449482.0,64.0
17.19,1625449482.0,64.0
12.65,1625449482.0,64.0
7.61,1625449482.0,64.0
2.51,1625449482.0,64.0
-2.37,1625449482.0,64.0
-6.96,1625449482.0,64.0
-11.15,1625449482.0,64.0
-14.73,1625449482.0,64.0
-17.34,1625449482.0,64.0
-18.57,1625449482.0,64.0
-18.32,1625449482.0,64.0
-16.89,1625449482.0,64.0
-14.96,1625449482.0,64.0
-13.25,1625449482.0,64.0
-12.14,1625449482.0,64.0
-11.43,1625449482.0,64.0
-10.45,1625449482.0,64.0
-8.41,1625449482.0,64.0
-4.75,1625449482.0,64.0
0.53,1625449482.0,64.0
7.03,1625449482.0,64.0
14.11,1625449482.0,64.0
21.28,1625449482.0,64.0
28.23,1625449482.0,64.0
34.79,1625449482.0,64.0
40.71,1625449482.0,64.0
45.59,1625449482.0,64.0
48.99,1625449482.0,64.0
50.62,1625449482.0,64.0
50.54,1625449482.0,64.0
49.21,1625449482.0,64.0
47.29,1625449482.0,64.0
45.41,1625449482.0,64.0
43.89,1625449482.0,64.0
42.75,1625449482.0,64.0
41.72,1625449482.0,64.0
40.47,1625449482.0,64.0
38.78,1625449482.0,64.0
36.54,1625449482.0,64.0
33.77,1625449482.0,64.0
30.59,1625449482.0,64.0
27.08,1625449482.0,64.0
23.29,1625449482.0,64.0
19.25,1625449482.0,64.0
14.92,1625449482.0,64.0
10.36,1625449482.0,64.0
5.68,1625449482.0,64.0
1.07,1625449482.0,64.0
-3.29,1625449482.0,64.0
-7.25,1625449482.0,64.0
-10.83,1625449482.0,64.0
-14.17,1625449482.0,64.0
-17.5,1625449482.0,64.0
-21.08,1625449482.0,64.0
-25.07,1625449482.0,64.0
-29.53,1625449482.0,64.0
-34.41,1625449482.0,64.0
-39.52,1625449482.0,64.0
-44.46,1625449482.0,64.0
-48.63,1625449482.0,64.0
-51.3,1625449482.0,64.0
-51.72,1625449482.0,64.0
-49.39,1625449482.0,64.0
-44.18,1625449482.0,64.0
-36.42,1625449482.0,64.0
-26.76,1625449482.0,64.0
-15.98,1625449482.0,64.0
-4.87,1625449482.0,64.0
5.82,1625449482.0,64.0
15.43,1625449482.0,64.0
23.35,1625449482.0,64.0
29.09,1625449482.0,64.0
32.44,1625449482.0,64.0
33.6,1625449482.0,64.0
33.17,1625449482.0,64.0
31.97,1625449482.0,64.0
30.77,1625449482.0,64.0
30.03,1625449482.0,64.0
29.8,1625449482.0,64.0
29.8,1625449482.0,64.0
29.59,1625449482.0,64.0
28.83,1625449482.0,64.0
27.39,1625449482.0,64.0
25.29,1625449482.0,64.0
22.72,1625449482.0,64.0
19.8,1625449482.0,64.0
16.55,1625449482.0,64.0
12.95,1625449482.0,64.0
8.97,1625449482.0,64.0
4.69,1625449482.0,64.0
0.34,1625449482.0,64.0
-3.79,1625449482.0,64.0
-7.47,1625449482.0,64.0
-10.67,1625449482.0,64.0
-13.59,1625449482.0,64.0
-16.57,1625449482.0,64.0
-19.96,1625449482.0,64.0
-23.99,1625449482.0,64.0
-28.72,1625449482.0,64.0
-34.01,1625449482.0,64.0
-39.61,1625449482.0,64.0
-45.18,1625449482.0,64.0
-50.24,1625449482.0,64.0
-54.17,1625449482.0,64.0
-56.27,1625449482.0,64.0
-55.87,1625449482.0,64.0
-52.56,1625449482.0,64.0
-46.33,1625449482.0,64.0
-37.68,1625449482.0,64.0
-27.39,1625449482.0,64.0
-16.41,1625449482.0,64.0
-5.6,1625449482.0,64.0
4.34,1625449482.0,64.0
12.93,1625449482.0,64.0
19.81,1625449482.0,64.0
24.77,1625449482.0,64.0
27.79,1625449482.0,64.0
29.08,1625449482.0,64.0
29.09,1625449482.0,64.0
28.4,1625449482.0,64.0
27.55,1625449482.0,64.0
26.85,1625449482.0,64.0
26.3,1625449482.0,64.0
25.68,1625449482.0,64.0
24.7,1625449482.0,64.0
23.17,1625449482.0,64.0
21.1,1625449482.0,64.0
18.67,1625449482.0,64.0
16.09,1625449482.0,64.0
13.55,1625449482.0,64.0
11.1,1625449482.0,64.0
8.65,1625449482.0,64.0
6.13,1625449482.0,64.0
3.47,1625449482.0,64.0
0.72,1625449482.0,64.0
-1.95,1625449482.0,64.0
-4.44,1625449482.0,64.0
-6.68,1625449482.0,64.0
-8.75,1625449482.0,64.0
-10.81,1625449482.0,64.0
-13.08,1625449482.0,64.0
-15.72,1625449482.0,64.0
-18.82,1625449482.0,64.0
-22.41,1625449482.0,64.0
-26.45,1625449482.0,64.0
-30.73,1625449482.0,64.0
-34.87,1625449482.0,64.0
-38.25,1625449482.0,64.0
-40.12,1625449482.0,64.0
-39.76,1625449482.0,64.0
-36.7,1625449482.0,64.0
-30.95,1625449482.0,64.0
-22.92,1625449482.0,64.0
-13.36,1625449482.0,64.0
-3.1,1625449482.0,64.0
7.16,1625449482.0,64.0
16.88,1625449482.0,64.0
25.71,1625449482.0,64.0
33.34,1625449482.0,64.0
39.5,1625449482.0,64.0
43.94,1625449482.0,64.0
46.59,1625449482.0,64.0
47.63,1625449482.0,64.0
47.47,1625449482.0,64.0
46.66,1625449482.0,64.0
45.7,1625449482.0,64.0
44.83,1625449482.0,64.0
43.99,1625449482.0,64.0
42.88,1625449482.0,64.0
41.16,1625449482.0,64.0
38.62,1625449482.0,64.0
35.33,1625449482.0,64.0
31.54,1625449482.0,64.0
27.61,1625449482.0,64.0
23.81,1625449482.0,64.0
20.21,1625449482.0,64.0
16.74,1625449482.0,64.0
13.17,1625449482.0,64.0
9.34,1625449482.0,64.0
5.22,1625449482.0,64.0
0.9,1625449482.0,64.0
-3.43,1625449482.0,64.0
-7.6,1625449482.0,64.0
-11.55,1625449482.0,64.0
-15.37,1625449482.0,64.0
-19.27,1625449482.0,64.0
-23.43,1625449482.0,64.0
-28.01,1625449482.0,64.0
-33.08,1625449482.0,64.0
-38.64,1625449482.0,64.0
-44.63,1625449482.0,64.0
-50.96,1625449482.0,64.0
-57.37,1625449482.0,64.0
-63.43,1625449482.0,64.0
-68.42,1625449482.0,64.0
-71.45,1625449482.0,64.0
-71.68,1625449482.0,64.0
-68.54,1625449482.0,64.0
-61.97,1625449482.0,64.0
-52.45,1625449482.0,64.0
-40.88,1625449482.0,64.0
-28.34,1625449482.0,64.0
-15.82,1625449482.0,64.0
-4.06,1625449482.0,64.0
6.51,1625449482.0,64.0
15.63,1625449482.0,64.0
23.21,1625449482.0,64.0
29.16,1625449482.0,64.0
33.52,1625449482.0,64.0
36.4,1625449482.0,64.0
38.09,1625449482.0,64.0
38.96,1625449482.0,64.0
39.38,1625449482.0,64.0
39.64,1625449482.0,64.0
39.85,1625449482.0,64.0
39.98,1625449482.0,64.0
39.93,1625449482.0,64.0
39.52,1625449482.0,64.0
38.63,1625449482.0,64.0
37.16,1625449482.0,64.0
35.1,1625449482.0,64.0
32.49,1625449482.0,64.0
29.36,1625449482.0,64.0
25.78,1625449482.0,64.0
21.8,1625449482.0,64.0
17.57,1625449482.0,64.0
13.24,1625449482.0,64.0
9.05,1625449482.0,64.0
5.28,1625449482.0,64.0
2.09,1625449482.0,64.0
-0.52,1625449482.0,64.0
-2.71,1625449482.0,64.0
-4.75,1625449482.0,64.0
-6.89,1625449482.0,64.0
-9.27,1625449482.0,64.0
-11.96,1625449482.0,64.0
-15.01,1625449482.0,64.0
-18.52,1625449482.0,64.0
-22.75,1625449482.0,64.0
-27.96,1625449482.0,64.0
-34.29,1625449482.0,64.0
-41.63,1625449482.0,64.0
-49.47,1625449482.0,64.0
-56.98,1625449482.0,64.0
-63.1,1625449482.0,64.0
-66.77,1625449482.0,64.0
-67.21,1625449482.0,64.0
-64.12,1625449482.0,64.0
-57.67,1625449482.0,64.0
-48.51,1625449482.0,64.0
-37.56,1625449482.0,64.0
-25.76,1625449482.0,64.0
-13.92,1625449482.0,64.0
-2.71,1625449482.0,64.0
7.38,1625449482.0,64.0
15.97,1625449482.0,64.0
22.8,1625449482.0,64.0
27.8,1625449482.0,64.0
31.21,1625449482.0,64.0
33.52,1625449482.0,64.0
35.42,1625449482.0,64.0
37.51,1625449482.0,64.0
40.15,1625449482.0,64.0
43.25,1625449482.0,64.0
46.36,1625449482.0,64.0
48.87,1625449482.0,64.0
50.31,1625449482.0,64.0
50.44,1625449482.0,64.0
49.3,1625449482.0,64.0
47.16,1625449482.0,64.0
44.22,1625449482.0,64.0
40.57,1625449482.0,64.0
36.2,1625449482.0,64.0
31.1,1625449482.0,64.0
25.37,1625449482.0,64.0
19.31,1625449482.0,64.0
13.25,1625449482.0,64.0
7.47,1625449482.0,64.0
2.07,1625449482.0,64.0
-3.06,1625449482.0,64.0
-8.06,1625449482.0,64.0
-13.02,1625449482.0,64.0
-17.82,1625449482.0,64.0
-22.25,1625449482.0,64.0
-26.12,1625449482.0,64.0
-29.41,1625449482.0,64.0
-32.35,1625449482.0,64.0
-35.29,1625449482.0,64.0
-38.58,1625449482.0,64.0
-42.48,1625449482.0,64.0
-47.06,1625449482.0,64.0
-52.25,1625449482.0,64.0
-57.87,1625449482.0,64.0
-63.53,1625449482.0,64.0
-68.65,1625449482.0,64.0
-72.39,1625449482.0,64.0
-73.84,1625449482.0,64.0
-72.25,1625449482.0,64.0
-67.32,1625449482.0,64.0
-59.36,1625449482.0,64.0
-49.22,1625449482.0,64.0
-38.0,1625449482.0,64.0
-26.69,1625449482.0,64.0
-15.95,1625449482.0,64.0
-6.11,1625449482.0,64.0
2.72,1625449482.0,64.0
10.45,1625449482.0,64.0
16.96,1625449482.0,64.0
22.13,1625449482.0,64.0
26.05,1625449482.0,64.0
29.06,1625449482.0,64.0
31.68,1625449482.0,64.0
34.32,1625449482.0,64.0
37.13,1625449482.0,64.0
39.85,1625449482.0,64.0
42.0,1625449482.0,64.0
43.12,1625449482.0,64.0
43.11,1625449482.0,64.0
42.15,1625449482.0,64.0
40.62,1625449482.0,64.0
38.81,1625449482.0,64.0
36.73,1625449482.0,64.0
34.18,1625449482.0,64.0
30.9,1625449482.0,64.0
26.77,1625449482.0,64.0
21.94,1625449482.0,64.0
16.78,1625449482.0,64.0
11.67,1625449482.0,64.0
6.87,1625449482.0,64.0
2.47,1625449482.0,64.0
-1.6,1625449482.0,64.0
-5.45,1625449482.0,64.0
-9.09,1625449482.0,64.0
-12.47,1625449482.0,64.0
-15.47,1625449482.0,64.0
-17.98,1625449482.0,64.0
-19.95,1625449482.0,64.0
-21.42,1625449482.0,64.0
-22.54,1625449482.0,64.0
-23.59,1625449482.0,64.0
-24.96,1625449482.0,64.0
-27.09,1625449482.0,64.0
-30.36,1625449482.0,64.0
-34.96,1625449482.0,64.0
-40.64,1625449482.0,64.0
-46.74,1625449482.0,64.0
-52.13,1625449482.0,64.0
-55.61,1625449482.0,64.0
-56.19,1625449482.0,64.0
-53.46,1625449482.0,64.0
-47.63,1625449482.0,64.0
-39.49,1625449482.0,64.0
-30.02,1625449482.0,64.0
-20.14,1625449482.0,64.0
-10.49,1625449482.0,64.0
-1.42,1625449482.0,64.0
6.84,1625449482.0,64.0
14.03,1625449482.0,64.0
19.87,1625449482.0,64.0
24.16,1625449482.0,64.0
26.97,1625449482.0,64.0
28.7,1625449482.0,64.0
30.02,1625449482.0,64.0
31.52,1625449482.0,64.0
33.51,1625449482.0,64.0
35.84,1625449482.0,64.0
38.04,1625449482.0,64.0
39.6,1625449482.0,64.0
40.21,1625449482.0,64.0
39.91,1625449482.0,64.0
38.94,1625449482.0,64.0
37.57,1625449482.0,64.0
35.91,1625449482.0,64.0
33.93,1625449482.0,64.0
31.52,1625449482.0,64.0
28.6,1625449482.0,64.0
25.27,1625449482.0,64.0
21.65,1625449482.0,64.0
17.88,1625449482.0,64.0
13.99,1625449482.0,64.0
10.0,1625449482.0,64.0
5.85,1625449482.0,64.0
1.61,1625449482.0,64.0
-2.61,1625449482.0,64.0
-6.65,1625449482.0,64.0
-10.35,1625449482.0,64.0
-13.61,1625449482.0,64.0
-16.41,1625449482.0,64.0
-18.9,1625449482.0,64.0
-21.36,1625449482.0,64.0
-24.19,1625449482.0,64.0
-27.77,1625449482.0,64.0
-32.37,1625449482.0,64.0
-37.98,1625449482.0,64.0
-44.21,1625449482.0,64.0
-50.27,1625449482.0,64.0
-55.09,1625449482.0,64.0
-57.6,1625449482.0,64.0
-57.01,1625449482.0,64.0
-53.09,1625449482.0,64.0
-46.21,1625449482.0,64.0
-37.22,1625449482.0,64.0
-27.11,1625449482.0,64.0
-16.75,1625449482.0,64.0
-6.72,1625449482.0,64.0
2.64,1625449482.0,64.0
11.17,1625449482.0,64.0
18.7,1625449482.0,64.0
25.06,1625449482.0,64.0
30.16,1625449482.0,64.0
34.14,1625449482.0,64.0
37.25,1625449482.0,64.0
39.86,1625449482.0,64.0
42.22,1625449482.0,64.0
44.35,1625449482.0,64.0
46.07,1625449482.0,64.0
47.08,1625449482.0,64.0
47.09,1625449482.0,64.0
45.89,1625449482.0,64.0
43.45,1625449482.0,64.0
39.87,1625449482.0,64.0
35.38,1625449482.0,64.0
30.34,1625449482.0,64.0
25.09,1625449482.0,64.0
19.9,1625449482.0,64.0
14.9,1625449482.0,64.0
10.04,1625449482.0,64.0
5.25,1625449482.0,64.0
0.48,1625449482.0,64.0
-4.16,1625449482.0,64.0
-8.48,1625449482.0,64.0
-12.29,1625449482.0,64.0
-15.5,1625449482.0,64.0
-18.23,1625449482.0,64.0
-20.71,1625449482.0,64.0
-23.22,1625449482.0,64.0
-26.01,1625449482.0,64.0
-29.23,1625449482.0,64.0
-32.99,1625449482.0,64.0
-37.41,1625449482.0,64.0
-42.56,1625449482.0,64.0
-48.41,1625449482.0,64.0
-54.6,1625449482.0,64.0
-60.41,1625449482.0,64.0
-64.8,1625449482.0,64.0
-66.74,1625449482.0,64.0
-65.51,1625449482.0,64.0
-60.99,1625449482.0,64.0
-53.69,1625449482.0,64.0
-44.49,1625449482.0,64.0
-34.28,1625449482.0,64.0
-23.68,1625449482.0,64.0
-12.95,1625449482.0,64.0
-2.24,1625449482.0,64.0
8.2,1625449482.0,64.0
17.89,1625449482.0,64.0
26.15,1625449482.0,64.0
32.42,1625449482.0,64.0
36.52,1625449482.0,64.0
38.69,1625449482.0,64.0
39.53,1625449482.0,64.0
39.7,1625449482.0,64.0
39.67,1625449482.0,64.0
39.7,1625449482.0,64.0
39.84,1625449482.0,64.0
40.05,1625449482.0,64.0
40.26,1625449482.0,64.0
40.33,1625449482.0,64.0
40.04,1625449482.0,64.0
39.14,1625449482.0,64.0
37.35,1625449482.0,64.0
34.56,1625449482.0,64.0
30.82,1625449482.0,64.0
26.37,1625449482.0,64.0
21.54,1625449482.0,64.0
16.63,1625449482.0,64.0
11.85,1625449482.0,64.0
7.28,1625449482.0,64.0
2.92,1625449482.0,64.0
-1.29,1625449482.0,64.0
-5.44,1625449482.0,64.0
-9.63,1625449482.0,64.0
-13.98,1625449482.0,64.0
-18.51,1625449482.0,64.0
-23.14,1625449482.0,64.0
-27.63,1625449482.0,64.0
-31.68,1625449482.0,64.0
-35.08,1625449482.0,64.0
-37.88,1625449482.0,64.0
-40.46,1625449482.0,64.0
-43.29,1625449482.0,64.0
-46.7,1625449482.0,64.0
-50.56,1625449482.0,64.0
-54.17,1625449482.0,64.0
-56.47,1625449482.0,64.0
-56.42,1625449482.0,64.0
-53.41,1625449482.0,64.0
-47.55,1625449482.0,64.0
-39.42,1625449482.0,64.0
-29.89,1625449482.0,64.0
-19.73,1625449482.0,64.0
-9.48,1625449482.0,64.0
0.5,1625449482.0,64.0
9.8,1625449482.0,64.0
17.89,1625449482.0,64.0
24.27,1625449482.0,64.0
28.71,1625449482.0,64.0
31.59,1625449482.0,64.0
33.76,1625449482.0,64.0
36.25,1625449482.0,64.0
39.74,1625449482.0,64.0
44.23,1625449482.0,64.0
49.04,1625449482.0,64.0
53.1,1625449482.0,64.0
55.56,1625449482.0,64.0
56.03,1625449482.0,64.0
54.7,1625449482.0,64.0
52.05,1625449482.0,64.0
48.51,1625449482.0,64.0
44.29,1625449482.0,64.0
39.44,1625449482.0,64.0
33.99,1625449482.0,64.0
28.11,1625449482.0,64.0
22.2,1625449482.0,64.0
16.63,1625449482.0,64.0
11.62,1625449482.0,64.0
7.12,1625449482.0,64.0
2.87,1625449482.0,64.0
-1.39,1625449482.0,64.0
-5.75,1625449482.0,64.0
-10.04,1625449482.0,64.0
-13.95,1625449482.0,64.0
-17.21,1625449482.0,64.0
-19.78,1625449482.0,64.0
-21.94,1625449482.0,64.0
-24.15,1625449482.0,64.0
-26.92,1625449482.0,64.0
-30.57,1625449482.0,64.0
-35.21,1625449482.0,64.0
-40.69,1625449482.0,64.0
-46.69,1625449482.0,64.0
-52.72,1625449482.0,64.0
-58.16,1625449482.0,64.0
-62.24,1625449482.0,64.0
-64.2,1625449482.0,64.0
-63.47,1625449482.0,64.0
-59.83,1625449482.0,64.0
-53.54,1625449482.0,64.0
-45.19,1625449482.0,64.0
-35.53,1625449482.0,64.0
-25.11,1625449482.0,64.0
-14.25,1625449482.0,64.0
-3.11,1625449482.0,64.0
8.1,1625449482.0,64.0
18.86,1625449482.0,64.0
28.4,1625449482.0,64.0
35.89,1625449482.0,64.0
40.89,1625449482.0,64.0
43.49,1625449482.0,64.0
44.42,1625449482.0,64.0
44.6,1625449482.0,64.0
44.82,1625449482.0,64.0
45.39,1625449482.0,64.0
46.11,1625449482.0,64.0
46.51,1625449482.0,64.0
46.15,1625449482.0,64.0
44.86,1625449482.0,64.0
42.76,1625449482.0,64.0
40.06,1625449482.0,64.0
36.98,1625449482.0,64.0
33.66,1625449482.0,64.0
30.23,1625449482.0,64.0
26.81,1625449482.0,64.0
23.55,1625449482.0,64.0
20.56,1625449482.0,64.0
17.84,1625449482.0,64.0
15.3,1625449482.0,64.0
12.78,1625449482.0,64.0
10.19,1625449482.0,64.0
7.46,1625449482.0,64.0
4.66,1625449482.0,64.0
1.76,1625449482.0,64.0
-1.25,1625449482.0,64.0
-4.47,1625449482.0,64.0
-8.0,1625449482.0,64.0
-11.84,1625449482.0,64.0
-15.87,1625449482.0,64.0
-19.83,1625449482.0,64.0
-23.5,1625449482.0,64.0
-26.69,1625449482.0,64.0
-29.31,1625449482.0,64.0
-31.32,1625449482.0,64.0
-32.56,1625449482.0,64.0
-32.77,1625449482.0,64.0
-31.56,1625449482.0,64.0
-28.59,1625449482.0,64.0
-23.72,1625449482.0,64.0
-17.17,1625449482.0,64.0
-9.52,1625449482.0,64.0
-1.51,1625449482.0,64.0
6.17,1625449482.0,64.0
13.06,1625449482.0,64.0
18.95,1625449482.0,64.0
23.79,1625449482.0,64.0
27.6,1625449482.0,64.0
30.53,1625449482.0,64.0
32.92,1625449482.0,64.0
35.4,1625449482.0,64.0
38.82,1625449482.0,64.0
43.9,1625449482.0,64.0
50.86,1625449482.0,64.0
59.18,1625449482.0,64.0
67.65,1625449482.0,64.0
74.71,1625449482.0,64.0
79.03,1625449482.0,64.0
79.91,1625449482.0,64.0
77.34,1625449482.0,64.0
71.93,1625449482.0,64.0
64.42,1625449482.0,64.0
55.53,1625449482.0,64.0
45.76,1625449482.0,64.0
35.46,1625449482.0,64.0
24.97,1625449482.0,64.0
14.66,1625449482.0,64.0
4.84,1625449482.0,64.0
-4.31,1625449482.0,64.0
-12.83,1625449482.0,64.0
-21.0,1625449482.0,64.0
-29.14,1625449482.0,64.0
-37.52,1625449482.0,64.0
-46.26,1625449482.0,64.0
-55.27,1625449482.0,64.0
-64.42,1625449482.0,64.0
-73.59,1625449482.0,64.0
-82.75,1625449482.0,64.0
-91.8,1625449482.0,64.0
-100.55,1625449482.0,64.0
-108.71,1625449482.0,64.0
-115.97,1625449482.0,64.0
-122.19,1625449482.0,64.0
-127.46,1625449482.0,64.0
-131.98,1625449482.0,64.0
-135.88,1625449482.0,64.0
-138.85,1625449482.0,64.0
-140.2,1625449482.0,64.0
-138.94,1625449482.0,64.0
-134.28,1625449482.0,64.0
-125.94,1625449482.0,64.0
-114.35,1625449482.0,64.0
-100.42,1625449482.0,64.0
-85.15,1625449482.0,64.0
-69.32,1625449482.0,64.0
-53.39,1625449482.0,64.0
-37.6,1625449482.0,64.0
-22.29,1625449482.0,64.0
-7.99,1625449482.0,64.0
4.64,1625449482.0,64.0
15.02,1625449482.0,64.0
23.02,1625449482.0,64.0
28.94,1625449482.0,64.0
33.5,1625449482.0,64.0
37.51,1625449482.0,64.0
41.52,1625449482.0,64.0
45.71,1625449482.0,64.0
49.85,1625449482.0,64.0
53.43,1625449482.0,64.0
55.92,1625449482.0,64.0
56.95,1625449482.0,64.0
56.42,1625449482.0,64.0
54.48,1625449482.0,64.0
51.41,1625449482.0,64.0
47.55,1625449482.0,64.0
43.17,1625449482.0,64.0
38.5,1625449482.0,64.0
33.71,1625449482.0,64.0
29.0,1625449482.0,64.0
24.6,1625449482.0,64.0
20.69,1625449482.0,64.0
17.32,1625449482.0,64.0
14.37,1625449482.0,64.0
11.57,1625449482.0,64.0
8.62,1625449482.0,64.0
5.33,1625449482.0,64.0
1.67,1625449482.0,64.0
-2.26,1625449482.0,64.0
-6.27,1625449482.0,64.0
-10.25,1625449482.0,64.0
-14.19,1625449482.0,64.0
-18.14,1625449482.0,64.0
-22.21,1625449482.0,64.0
-26.46,1625449482.0,64.0
-30.79,1625449482.0,64.0
-34.91,1625449482.0,64.0
-38.32,1625449482.0,64.0
-40.31,1625449482.0,64.0
-40.12,1625449482.0,64.0
-37.14,1625449482.0,64.0
-31.07,1625449482.0,64.0
-22.11,1625449482.0,64.0
-10.88,1625449482.0,64.0
1.75,1625449482.0,64.0
14.89,1625449482.0,64.0
27.81,1625449482.0,64.0
40.03,1625449482.0,64.0
51.21,1625449482.0,64.0
61.12,1625449482.0,64.0
69.54,1625449482.0,64.0
76.31,1625449482.0,64.0
81.45,1625449482.0,64.0
85.19,1625449482.0,64.0
87.98,1625449482.0,64.0
90.35,1625449482.0,64.0
92.75,1625449482.0,64.0
95.35,1625449482.0,64.0
98.03,1625449482.0,64.0
100.42,1625449482.0,64.0
102.04,1625449482.0,64.0
102.51,1625449482.0,64.0
101.55,1625449482.0,64.0
99.12,1625449482.0,64.0
95.32,1625449482.0,64.0
90.46,1625449482.0,64.0
84.91,1625449482.0,64.0
79.09,1625449482.0,64.0
73.37,1625449482.0,64.0
67.95,1625449482.0,64.0
62.74,1625449482.0,64.0
57.4,1625449482.0,64.0
51.39,1625449482.0,64.0
44.21,1625449482.0,64.0
35.56,1625449482.0,64.0
25.65,1625449482.0,64.0
15.19,1625449482.0,64.0
5.28,1625449482.0,64.0
-3.13,1625449482.0,64.0
-9.61,1625449482.0,64.0
-14.64,1625449482.0,64.0
-19.37,1625449482.0,64.0
-25.15,1625449482.0,64.0
-32.75,1625449482.0,64.0
-41.86,1625449482.0,64.0
-50.99,1625449482.0,64.0
-57.94,1625449482.0,64.0
-60.48,1625449482.0,64.0
-56.83,1625449482.0,64.0
-46.14,1625449482.0,64.0
-28.58,1625449482.0,64.0
-5.48,1625449482.0,64.0
20.79,1625449482.0,64.0
47.07,1625449482.0,64.0
70.06,1625449482.0,64.0
87.11,1625449482.0,64.0
96.95,1625449482.0,64.0
99.9,1625449482.0,64.0
97.41,1625449482.0,64.0
91.33,1625449482.0,64.0
83.08,1625449482.0,64.0
73.32,1625449482.0,64.0
62.02,1625449482.0,64.0
48.86,1625449482.0,64.0
33.67,1625449482.0,64.0
16.57,1625449482.0,64.0
-2.04,1625449482.0,64.0
-21.66,1625449482.0,64.0
-41.67,1625449482.0,64.0
-61.35,1625449482.0,64.0
-79.78,1625449482.0,64.0
-96.03,1625449482.0,64.0
-109.3,1625449482.0,64.0
-119.18,1625449482.0,64.0
-125.81,1625449482.0,64.0
-129.74,1625449482.0,64.0
-131.77,1625449482.0,64.0
-132.69,1625449482.0,64.0
-133.08,1625449482.0,64.0
-133.22,1625449482.0,64.0
-133.18,1625449482.0,64.0
-132.8,1625449482.0,64.0
-131.73,1625449482.0,64.0
-129.51,1625449482.0,64.0
-125.58,1625449482.0,64.0
-119.49,1625449482.0,64.0
-111.1,1625449482.0,64.0
-100.82,1625449482.0,64.0
-89.68,1625449482.0,64.0
-79.09,1625449482.0,64.0
-70.47,1625449482.0,64.0
-64.88,1625449482.0,64.0
-62.65,1625449482.0,64.0
-63.31,1625449482.0,64.0
-65.78,1625449482.0,64.0
-68.57,1625449482.0,64.0
-70.2,1625449482.0,64.0
-69.41,1625449482.0,64.0
-65.38,1625449482.0,64.0
-57.76,1625449482.0,64.0
-46.72,1625449482.0,64.0
-32.83,1625449482.0,64.0
-16.94,1625449482.0,64.0
0.03,1625449482.0,64.0
17.15,1625449482.0,64.0
33.67,1625449482.0,64.0
48.95,1625449482.0,64.0
62.49,1625449482.0,64.0
73.92,1625449482.0,64.0
83.01,1625449482.0,64.0
89.69,1625449482.0,64.0
94.11,1625449482.0,64.0
96.55,1625449482.0,64.0
97.37,1625449482.0,64.0
96.85,1625449482.0,64.0
95.23,1625449482.0,64.0
92.54,1625449482.0,64.0
88.77,1625449482.0,64.0
83.9,1625449482.0,64.0
77.99,1625449482.0,64.0
71.2,1625449482.0,64.0
63.8,1625449482.0,64.0
56.15,1625449482.0,64.0
48.53,1625449482.0,64.0
41.19,1625449482.0,64.0
34.3,1625449482.0,64.0
27.97,1625449482.0,64.0
22.29,1625449482.0,64.0
17.36,1625449482.0,64.0
13.23,1625449482.0,64.0
9.86,1625449482.0,64.0
7.04,1625449482.0,64.0
4.35,1625449482.0,64.0
1.23,1625449482.0,64.0
-2.8,1625449482.0,64.0
-7.96,1625449482.0,64.0
-14.06,1625449482.0,64.0
-20.56,1625449482.0,64.0
-26.86,1625449482.0,64.0
-32.57,1625449482.0,64.0
-37.64,1625449482.0,64.0
-42.29,1625449482.0,64.0
-46.65,1625449482.0,64.0
-50.47,1625449482.0,64.0
-53.02,1625449482.0,64.0
-53.34,1625449482.0,64.0
-50.67,1625449482.0,64.0
-44.89,1625449482.0,64.0
-36.62,1625449482.0,64.0
-26.91,1625449482.0,64.0
-16.9,1625449482.0,64.0
-7.4,1625449482.0,64.0
1.21,1625449482.0,64.0
8.78,1625449482.0,64.0
15.27,1625449482.0,64.0
20.52,1625449482.0,64.0
24.35,1625449482.0,64.0
26.67,1625449482.0,64.0
27.71,1625449482.0,64.0
27.97,1625449482.0,64.0
28.09,1625449482.0,64.0
28.59,1625449482.0,64.0
29.63,1625449482.0,64.0
30.99,1625449482.0,64.0
32.2,1625449482.0,64.0
32.78,1625449482.0,64.0
32.41,1625449482.0,64.0
31.1,1625449482.0,64.0
29.08,1625449482.0,64.0
26.69,1625449482.0,64.0
24.21,1625449482.0,64.0
21.72,1625449482.0,64.0
19.19,1625449482.0,64.0
16.46,1625449482.0,64.0
13.42,1625449482.0,64.0
10.1,1625449482.0,64.0
6.66,1625449482.0,64.0
3.34,1625449482.0,64.0
0.36,1625449482.0,64.0
-2.22,1625449482.0,64.0
-4.53,1625449482.0,64.0
-6.85,1625449482.0,64.0
-9.43,1625449482.0,64.0
-12.42,1625449482.0,64.0
-15.85,1625449482.0,64.0
-19.7,1625449482.0,64.0
-23.89,1625449482.0,64.0
-28.33,1625449482.0,64.0
-32.76,1625449482.0,64.0
-36.64,1625449482.0,64.0
-39.11,1625449482.0,64.0
-39.25,1625449482.0,64.0
-36.36,1625449482.0,64.0
-30.32,1625449482.0,64.0
-21.66,1625449482.0,64.0
-11.41,1625449482.0,64.0
-0.73,1625449482.0,64.0
9.43,1625449482.0,64.0
18.52,1625449482.0,64.0
26.33,1625449482.0,64.0
32.75,1625449482.0,64.0
37.64,1625449482.0,64.0
40.82,1625449482.0,64.0
42.21,1625449482.0,64.0
41.97,1625449482.0,64.0
40.57,1625449482.0,64.0
38.71,1625449482.0,64.0
37.01,1625449482.0,64.0
35.81,1625449482.0,64.0
35.1,1625449482.0,64.0
34.51,1625449482.0,64.0
33.61,1625449482.0,64.0
32.05,1625449482.0,64.0
29.73,1625449482.0,64.0
26.79,1625449482.0,64.0
23.44,1625449482.0,64.0
19.89,1625449482.0,64.0
16.25,1625449482.0,64.0
12.53,1625449482.0,64.0
8.69,1625449482.0,64.0
4.71,1625449482.0,64.0
0.64,1625449482.0,64.0
-3.44,1625449482.0,64.0
-7.42,1625449482.0,64.0
-11.18,1625449482.0,64.0
-14.73,1625449482.0,64.0
-18.11,1625449482.0,64.0
-21.44,1625449482.0,64.0
-24.89,1625449482.0,64.0
-28.6,1625449482.0,64.0
-32.67,1625449482.0,64.0
-37.11,1625449482.0,64.0
-41.86,1625449482.0,64.0
-46.86,1625449482.0,64.0
-52.08,1625449482.0,64.0
-57.42,1625449482.0,64.0
-62.59,1625449482.0,64.0
-67.06,1625449482.0,64.0
-70.09,1625449482.0,64.0
-70.92,1625449482.0,64.0
-69.02,1625449482.0,64.0
-64.31,1625449482.0,64.0
-57.14,1625449482.0,64.0
-48.1,1625449482.0,64.0
-37.84,1625449482.0,64.0
-26.88,1625449482.0,64.0
-15.63,1625449482.0,64.0
-4.55,1625449482.0,64.0
5.81,1625449482.0,64.0
14.77,1625449482.0,64.0
21.84,1625449482.0,64.0
26.9,1625449482.0,64.0
30.41,1625449482.0,64.0
33.18,1625449482.0,64.0
36.15,1625449482.0,64.0
39.9,1625449482.0,64.0
44.42,1625449482.0,64.0
49.22,1625449482.0,64.0
53.46,1625449482.0,64.0
56.44,1625449482.0,64.0
57.76,1625449482.0,64.0
57.46,1625449482.0,64.0
55.8,1625449482.0,64.0
53.16,1625449482.0,64.0
49.78,1625449482.0,64.0
45.81,1625449482.0,64.0
41.33,1625449482.0,64.0
36.47,1625449482.0,64.0
31.43,1625449482.0,64.0
26.41,1625449482.0,64.0
21.56,1625449482.0,64.0
16.85,1625449482.0,64.0
12.18,1625449482.0,64.0
7.39,1625449482.0,64.0
2.41,1625449482.0,64.0
-2.74,1625449482.0,64.0
-7.93,1625449482.0,64.0
-13.08,1625449482.0,64.0
-18.15,1625449482.0,64.0
-23.21,1625449482.0,64.0
-28.4,1625449482.0,64.0
-33.86,1625449482.0,64.0
-39.71,1625449482.0,64.0
-45.91,1625449482.0,64.0
-52.23,1625449482.0,64.0
-58.17,1625449482.0,64.0
-62.96,1625449482.0,64.0
-65.73,1625449482.0,64.0
-65.7,1625449482.0,64.0
-62.44,1625449482.0,64.0
-56.04,1625449482.0,64.0
-47.07,1625449482.0,64.0
-36.38,1625449482.0,64.0
-24.86,1625449482.0,64.0
-13.24,1625449482.0,64.0
-1.99,1625449482.0,64.0
8.56,1625449482.0,64.0
18.11,1625449482.0,64.0
26.31,1625449482.0,64.0
32.82,1625449482.0,64.0
37.46,1625449482.0,64.0
40.33,1625449482.0,64.0
41.82,1625449482.0,64.0
42.52,1625449482.0,64.0
42.97,1625449482.0,64.0
43.51,1625449482.0,64.0
44.19,1625449482.0,64.0
44.8,1625449482.0,64.0
45.04,1625449482.0,64.0
44.65,1625449482.0,64.0
43.49,1625449482.0,64.0
41.53,1625449482.0,64.0
38.82,1625449482.0,64.0
35.47,1625449482.0,64.0
31.62,1625449482.0,64.0
27.42,1625449482.0,64.0
23.1,1625449482.0,64.0
18.82,1625449482.0,64.0
14.68,1625449482.0,64.0
10.75,1625449482.0,64.0
7.01,1625449482.0,64.0
3.42,1625449482.0,64.0
-0.09,1625449482.0,64.0
-3.62,1625449482.0,64.0
-7.22,1625449482.0,64.0
-10.93,1625449482.0,64.0
-14.76,1625449482.0,64.0
-18.69,1625449482.0,64.0
-22.68,1625449482.0,64.0
-26.72,1625449482.0,64.0
-30.88,1625449482.0,64.0
-35.25,1625449482.0,64.0
-39.94,1625449482.0,64.0
-44.99,1625449482.0,64.0
-50.3,1625449482.0,64.0
-55.59,1625449482.0,64.0
-60.33,1625449482.0,64.0
-63.8,1625449482.0,64.0
-65.25,1625449482.0,64.0
-64.05,1625449482.0,64.0
-59.87,1625449482.0,64.0
-52.86,1625449482.0,64.0
-43.52,1625449482.0,64.0
-32.6,1625449482.0,64.0
-20.89,1625449482.0,64.0
-9.05,1625449482.0,64.0
2.39,1625449482.0,64.0
13.02,1625449482.0,64.0
22.42,1625449482.0,64.0
30.25,1625449482.0,64.0
36.22,1625449482.0,64.0
40.31,1625449482.0,64.0
42.8,1625449482.0,64.0
44.17,1625449482.0,64.0
45.02,1625449482.0,64.0
45.76,1625449482.0,64.0
46.57,1625449482.0,64.0
47.32,1625449482.0,64.0
47.74,1625449482.0,64.0
47.5,1625449482.0,64.0
46.42,1625449482.0,64.0
44.51,1625449482.0,64.0
41.91,1625449482.0,64.0
38.81,1625449482.0,64.0
35.32,1625449482.0,64.0
31.52,1625449482.0,64.0
27.41,1625449482.0,64.0
23.06,1625449482.0,64.0
18.62,1625449482.0,64.0
14.29,1625449482.0,64.0
10.32,1625449482.0,64.0
6.78,1625449482.0,64.0
3.62,1625449482.0,64.0
0.61,1625449482.0,64.0
-2.51,1625449482.0,64.0
-5.91,1625449482.0,64.0
-9.56,1625449482.0,64.0
-13.33,1625449482.0,64.0
-17.0,1625449482.0,64.0
-20.46,1625449482.0,64.0
-23.74,1625449482.0,64.0
-26.99,1625449482.0,64.0
-30.42,1625449482.0,64.0
-34.25,1625449482.0,64.0
-38.6,1625449482.0,64.0
-43.54,1625449482.0,64.0
-48.93,1625449482.0,64.0
-54.42,1625449482.0,64.0
-59.35,1625449482.0,64.0
-62.91,1625449482.0,64.0
-64.24,1625449482.0,64.0
-62.75,1625449482.0,64.0
-58.27,1625449482.0,64.0
-51.13,1625449482.0,64.0
-41.98,1625449482.0,64.0
-31.57,1625449482.0,64.0
-20.57,1625449482.0,64.0
-9.5,1625449482.0,64.0
1.2,1625449482.0,64.0
11.08,1625449482.0,64.0
19.7,1625449482.0,64.0
26.67,1625449482.0,64.0
31.85,1625449482.0,64.0
35.41,1625449482.0,64.0
37.83,1625449482.0,64.0
39.66,1625449482.0,64.0
41.33,1625449482.0,64.0
43.02,1625449482.0,64.0
44.66,1625449482.0,64.0
45.96,1625449482.0,64.0
46.6,1625449482.0,64.0
46.38,1625449482.0,64.0
45.22,1625449482.0,64.0
43.24,1625449482.0,64.0
40.61,1625449482.0,64.0
37.5,1625449482.0,64.0
34.0,1625449482.0,64.0
30.13,1625449482.0,64.0
25.91,1625449482.0,64.0
21.42,1625449482.0,64.0
16.88,1625449482.0,64.0
12.59,1625449482.0,64.0
8.82,1625449482.0,64.0
5.64,1625449482.0,64.0
2.87,1625449482.0,64.0
0.2,1625449482.0,64.0
-2.74,1625449482.0,64.0
-6.12,1625449482.0,64.0
-9.87,1625449482.0,64.0
-13.8,1625449482.0,64.0
-17.71,1625449482.0,64.0
-21.49,1625449482.0,64.0
-25.15,1625449482.0,64.0
-28.77,1625449482.0,64.0
-32.44,1625449482.0,64.0
-36.27,1625449482.0,64.0
-40.34,1625449482.0,64.0
-44.76,1625449482.0,64.0
-49.52,1625449482.0,64.0
-54.45,1625449482.0,64.0
-59.05,1625449482.0,64.0
-62.56,1625449482.0,64.0
-64.12,1625449482.0,64.0
-62.99,1625449482.0,64.0
-58.84,1625449482.0,64.0
-51.84,1625449482.0,64.0
-42.61,1625449482.0,64.0
-31.98,1625449482.0,64.0
-20.79,1625449482.0,64.0
-9.69,1625449482.0,64.0
0.81,1625449482.0,64.0
10.37,1625449482.0,64.0
18.67,1625449482.0,64.0
25.46,1625449482.0,64.0
30.56,1625449482.0,64.0
33.98,1625449482.0,64.0
36.01,1625449482.0,64.0
37.1,1625449482.0,64.0
37.84,1625449482.0,64.0
38.63,1625449482.0,64.0
39.62,1625449482.0,64.0
40.69,1625449482.0,64.0
41.55,1625449482.0,64.0
41.9,1625449482.0,64.0
41.56,1625449482.0,64.0
40.5,1625449482.0,64.0
38.8,1625449482.0,64.0
36.62,1625449482.0,64.0
34.07,1625449482.0,64.0
31.21,1625449482.0,64.0
28.11,1625449482.0,64.0
24.83,1625449482.0,64.0
21.52,1625449482.0,64.0
18.29,1625449482.0,64.0
15.23,1625449482.0,64.0
12.32,1625449482.0,64.0
9.49,1625449482.0,64.0
6.62,1625449482.0,64.0
3.63,1625449482.0,64.0
0.47,1625449482.0,64.0
-2.83,1625449482.0,64.0
-6.24,1625449482.0,64.0
-9.74,1625449482.0,64.0
-13.33,1625449482.0,64.0
-17.08,1625449482.0,64.0
-21.04,1625449482.0,64.0
-25.31,1625449482.0,64.0
-30.01,1625449482.0,64.0
-35.16,1625449482.0,64.0
-40.64,1625449482.0,64.0
-46.04,1625449482.0,64.0
-50.68,1625449482.0,64.0
-53.67,1625449482.0,64.0
-54.26,1625449482.0,64.0
-52.03,1625449482.0,64.0
-47.06,1625449482.0,64.0
-39.89,1625449482.0,64.0
-31.29,1625449482.0,64.0
-22.01,1625449482.0,64.0
-12.56,1625449482.0,64.0
-3.26,1625449482.0,64.0
5.68,1625449482.0,64.0
13.97,1625449482.0,64.0
21.19,1625449482.0,64.0
26.98,1625449482.0,64.0
31.1,1625449482.0,64.0
33.66,1625449482.0,64.0
35.02,1625449482.0,64.0
35.72,1625449482.0,64.0
36.23,1625449482.0,64.0
36.82,1625449482.0,64.0
37.5,1625449482.0,64.0
38.07,1625449482.0,64.0
38.26,1625449482.0,64.0
37.84,1625449482.0,64.0
36.66,1625449482.0,64.0
34.7,1625449482.0,64.0
32.02,1625449482.0,64.0
28.78,1625449482.0,64.0
25.18,1625449482.0,64.0
21.37,1625449482.0,64.0
17.49,1625449482.0,64.0
13.59,1625449482.0,64.0
9.67,1625449482.0,64.0
5.69,1625449482.0,64.0
1.66,1625449482.0,64.0
-2.39,1625449482.0,64.0
-6.4,1625449482.0,64.0
-10.29,1625449482.0,64.0
-14.09,1625449482.0,64.0
-17.85,1625449482.0,64.0
-21.67,1625449482.0,64.0
-25.66,1625449482.0,64.0
-29.86,1625449482.0,64.0
-34.26,1625449482.0,64.0
-38.89,1625449482.0,64.0
-43.85,1625449482.0,64.0
-49.18,1625449482.0,64.0
-54.8,1625449482.0,64.0
-60.37,1625449482.0,64.0
-65.16,1625449482.0,64.0
-68.27,1625449482.0,64.0
-68.83,1625449482.0,64.0
-66.31,1625449482.0,64.0
-60.75,1625449482.0,64.0
-52.68,1625449482.0,64.0
-42.87,1625449482.0,64.0
-32.09,1625449482.0,64.0
-20.9,1625449482.0,64.0
-9.65,1625449482.0,64.0
1.4,1625449482.0,64.0
11.84,1625449482.0,64.0
21.11,1625449482.0,64.0
28.64,1625449482.0,64.0
34.08,1625449482.0,64.0
37.53,1625449482.0,64.0
39.45,1625449482.0,64.0
40.55,1625449482.0,64.0
41.39,1625449482.0,64.0
42.25,1625449482.0,64.0
43.05,1625449482.0,64.0
43.52,1625449482.0,64.0
43.41,1625449482.0,64.0
42.67,1625449482.0,64.0
41.43,1625449482.0,64.0
39.84,1625449482.0,64.0
37.99,1625449482.0,64.0
35.79,1625449482.0,64.0
33.08,1625449482.0,64.0
29.77,1625449482.0,64.0
25.91,1625449482.0,64.0
21.73,1625449482.0,64.0
17.48,1625449482.0,64.0
13.38,1625449482.0,64.0
9.49,1625449482.0,64.0
5.72,1625449482.0,64.0
1.98,1625449482.0,64.0
-1.84,1625449482.0,64.0
-5.74,1625449482.0,64.0
-9.72,1625449482.0,64.0
-13.78,1625449482.0,64.0
-18.0,1625449482.0,64.0
-22.47,1625449482.0,64.0
-27.25,1625449482.0,64.0
-32.39,1625449482.0,64.0
-37.87,1625449482.0,64.0
-43.68,1625449482.0,64.0
-49.74,1625449482.0,64.0
-55.85,1625449482.0,64.0
-61.51,1625449482.0,64.0
-66.0,1625449482.0,64.0
-68.45,1625449482.0,64.0
-68.1,1625449482.0,64.0
-64.61,1625449482.0,64.0
-58.15,1625449482.0,64.0
-49.41,1625449482.0,64.0
-39.24,1625449482.0,64.0
-28.47,1625449482.0,64.0
-17.65,1625449482.0,64.0
-7.09,1625449482.0,64.0
2.96,1625449482.0,64.0
12.23,1625449482.0,64.0
20.32,1625449482.0,64.0
26.91,1625449482.0,64.0
31.82,1625449482.0,64.0
35.18,1625449482.0,64.0
37.35,1625449482.0,64.0
38.71,1625449482.0,64.0
39.54,1625449482.0,64.0
39.86,1625449482.0,64.0
39.6,1625449482.0,64.0
38.69,1625449482.0,64.0
37.15,1625449482.0,64.0
35.19,1625449482.0,64.0
33.03,1625449482.0,64.0
30.79,1625449482.0,64.0
28.38,1625449482.0,64.0
25.6,1625449482.0,64.0
22.18,1625449482.0,64.0
17.98,1625449482.0,64.0
13.07,1625449482.0,64.0
7.7,1625449482.0,64.0
2.31,1625449482.0,64.0
-2.62,1625449482.0,64.0
-6.65,1625449482.0,64.0
-9.51,1625449482.0,64.0
-11.06,1625449482.0,64.0
-11.47,1625449482.0,64.0
-11.04,1625449482.0,64.0
-10.28,1625449482.0,64.0
-9.77,1625449482.0,64.0
-10.06,1625449482.0,64.0
-11.6,1625449482.0,64.0
-14.65,1625449482.0,64.0
-19.25,1625449482.0,64.0
-25.15,1625449482.0,64.0
-31.99,1625449482.0,64.0
-39.19,1625449482.0,64.0
-46.12,1625449482.0,64.0
-52.05,1625449482.0,64.0
-56.27,1625449482.0,64.0
-58.13,1625449482.0,64.0
-57.18,1625449482.0,64.0
-53.25,1625449482.0,64.0
-46.56,1625449482.0,64.0
-37.7,1625449482.0,64.0
-27.48,1625449482.0,64.0
-16.68,1625449482.0,64.0
-5.94,1625449482.0,64.0
4.27,1625449482.0,64.0
13.55,1625449482.0,64.0
21.5,1625449482.0,64.0
27.65,1625449482.0,64.0
31.7,1625449482.0,64.0
33.62,1625449482.0,64.0
33.89,1625449482.0,64.0
33.39,1625449482.0,64.0
33.06,1625449482.0,64.0
33.65,1625449482.0,64.0
35.33,1625449482.0,64.0
37.78,1625449482.0,64.0
40.35,1625449482.0,64.0
42.39,1625449482.0,64.0
43.5,1625449482.0,64.0
43.62,1625449482.0,64.0
42.92,1625449482.0,64.0
41.65,1625449482.0,64.0
39.99,1625449482.0,64.0
37.98,1625449482.0,64.0
35.59,1625449482.0,64.0
32.79,1625449482.0,64.0
29.61,1625449482.0,64.0
26.16,1625449482.0,64.0
22.52,1625449482.0,64.0
18.75,1625449482.0,64.0
14.78,1625449482.0,64.0
10.48,1625449482.0,64.0
5.77,1625449482.0,64.0
0.65,1625449482.0,64.0
-4.73,1625449482.0,64.0
-10.15,1625449482.0,64.0
-15.41,1625449482.0,64.0
-20.41,1625449482.0,64.0
-25.24,1625449482.0,64.0
-30.1,1625449482.0,64.0
-35.24,1625449482.0,64.0
-40.78,1625449482.0,64.0
-46.54,1625449482.0,64.0
-52.0,1625449482.0,64.0
-56.39,1625449482.0,64.0
-58.82,1625449482.0,64.0
-58.58,1625449482.0,64.0
-55.37,1625449482.0,64.0
-49.38,1625449482.0,64.0
-41.21,1625449482.0,64.0
-31.57,1625449482.0,64.0
-21.16,1625449482.0,64.0
-10.43,1625449482.0,64.0
0.33,1625449482.0,64.0
10.83,1625449482.0,64.0
20.67,1625449482.0,64.0
29.3,1625449482.0,64.0
36.17,1625449482.0,64.0
40.97,1625449482.0,64.0
43.73,1625449482.0,64.0
44.85,1625449482.0,64.0
44.9,1625449482.0,64.0
44.44,1625449482.0,64.0
43.91,1625449482.0,64.0
43.5,1625449482.0,64.0
43.23,1625449482.0,64.0
42.95,1625449482.0,64.0
42.43,1625449482.0,64.0
41.38,1625449482.0,64.0
39.61,1625449482.0,64.0
37.07,1625449482.0,64.0
33.94,1625449482.0,64.0
30.54,1625449482.0,64.0
27.2,1625449482.0,64.0
24.14,1625449482.0,64.0
21.4,1625449482.0,64.0
18.87,1625449482.0,64.0
16.39,1625449482.0,64.0
13.83,1625449482.0,64.0
11.13,1625449482.0,64.0
8.22,1625449482.0,64.0
5.06,1625449482.0,64.0
1.61,1625449482.0,64.0
-2.12,1625449482.0,64.0
-6.04,1625449482.0,64.0
-9.96,1625449482.0,64.0
-13.73,1625449482.0,64.0
-17.37,1625449482.0,64.0
-21.11,1625449482.0,64.0
-25.32,1625449482.0,64.0
-30.3,1625449482.0,64.0
-36.04,1625449482.0,64.0
-42.1,1625449482.0,64.0
-47.6,1625449482.0,64.0
-51.52,1625449482.0,64.0
-52.93,1625449482.0,64.0
-51.33,1625449482.0,64.0
-46.77,1625449482.0,64.0
-39.74,1625449482.0,64.0
-30.93,1625449482.0,64.0
-21.01,1625449482.0,64.0
-10.49,1625449482.0,64.0
0.2,1625449482.0,64.0
10.62,1625449482.0,64.0
20.26,1625449482.0,64.0
28.6,1625449482.0,64.0
35.29,1625449482.0,64.0
40.25,1625449482.0,64.0
43.76,1625449482.0,64.0
46.3,1625449482.0,64.0
48.33,1625449482.0,64.0
50.1,1625449482.0,64.0
51.56,1625449482.0,64.0
52.36,1625449482.0,64.0
52.05,1625449482.0,64.0
50.21,1625449482.0,64.0
46.57,1625449482.0,64.0
41.07,1625449482.0,64.0
33.84,1625449482.0,64.0
25.19,1625449482.0,64.0
15.54,1625449482.0,64.0
5.33,1625449482.0,64.0
-5.03,1625449482.0,64.0
-15.24,1625449482.0,64.0
-25.2,1625449482.0,64.0
-34.99,1625449482.0,64.0
-44.87,1625449482.0,64.0
-55.24,1625449482.0,64.0
-66.44,1625449482.0,64.0
-78.65,1625449482.0,64.0
-91.65,1625449482.0,64.0
-104.77,1625449482.0,64.0
-117.0,1625449482.0,64.0
-127.18,1625449482.0,64.0
-134.39,1625449482.0,64.0
-138.18,1625449482.0,64.0
-138.77,1625449482.0,64.0
-136.85,1625449482.0,64.0
-133.32,1625449482.0,64.0
-128.83,1625449482.0,64.0
-123.54,1625449482.0,64.0
-117.0,1625449482.0,64.0
-108.41,1625449482.0,64.0
-96.98,1625449482.0,64.0
-82.21,1625449482.0,64.0
-64.09,1625449482.0,64.0
-43.03,1625449482.0,64.0
-19.76,1625449482.0,64.0
4.83,1625449482.0,64.0
29.75,1625449482.0,64.0
53.96,1625449482.0,64.0
76.4,1625449482.0,64.0
95.98,1625449482.0,64.0
111.79,1625449482.0,64.0
123.21,1625449482.0,64.0
130.07,1625449482.0,64.0
132.64,1625449482.0,64.0
131.65,1625449482.0,64.0
128.05,1625449482.0,64.0
122.72,1625449482.0,64.0
116.23,1625449482.0,64.0
108.67,1625449482.0,64.0
99.82,1625449482.0,64.0
89.44,1625449482.0,64.0
77.64,1625449482.0,64.0
65.14,1625449482.0,64.0
53.12,1625449482.0,64.0
42.92,1625449482.0,64.0
35.8,1625449482.0,64.0
32.97,1625449482.0,64.0
35.68,1625449482.0,64.0
45.22,1625449482.0,64.0
62.35,1625449482.0,64.0
86.45,1625449482.0,64.0
114.86,1625449482.0,64.0
143.03,1625449482.0,64.0
165.76,1625449482.0,64.0
178.84,1625449482.0,64.0
180.6,1625449482.0,64.0
172.14,1625449482.0,64.0
156.48,1625449482.0,64.0
137.06,1625449482.0,64.0
116.45,1625449482.0,64.0
95.92,1625449482.0,64.0
75.88,1625449482.0,64.0
56.65,1625449482.0,64.0
38.96,1625449482.0,64.0
23.87,1625449482.0,64.0
12.11,1625449482.0,64.0
3.69,1625449482.0,64.0
-2.19,1625449482.0,64.0
-6.69,1625449482.0,64.0
-10.66,1625449482.0,64.0
-14.28,1625449482.0,64.0
-17.0,1625449482.0,64.0
-17.96,1625449482.0,64.0
-16.39,1625449482.0,64.0
-12.04,1625449482.0,64.0
-5.17,1625449482.0,64.0
3.43,1625449482.0,64.0
12.72,1625449482.0,64.0
21.51,1625449482.0,64.0
28.74,1625449482.0,64.0
33.7,1625449482.0,64.0
36.32,1625449482.0,64.0
37.31,1625449482.0,64.0
38.02,1625449482.0,64.0
39.83,1625449482.0,64.0
43.47,1625449482.0,64.0
48.47,1625449482.0,64.0
53.26,1625449482.0,64.0
55.84,1625449482.0,64.0
54.92,1625449482.0,64.0
50.67,1625449482.0,64.0
44.93,1625449482.0,64.0
40.39,1625449482.0,64.0
39.23,1625449482.0,64.0
42.02,1625449482.0,64.0
47.1,1625449482.0,64.0
51.14,1625449482.0,64.0
50.25,1625449482.0,64.0
41.4,1625449482.0,64.0
23.25,1625449482.0,64.0
-3.58,1625449482.0,64.0
-36.83,1625449482.0,64.0
-73.28,1625449482.0,64.0
-109.44,1625449482.0,64.0
-142.23,1625449482.0,64.0
-169.66,1625449482.0,64.0
-191.4,1625449482.0,64.0
-208.92,1625449482.0,64.0
-224.99,1625449482.0,64.0
-242.31,1625449482.0,64.0
-262.0,1625449482.0,64.0
-282.63,1625449482.0,64.0
-300.47,1625449482.0,64.0
-310.92,1625449482.0,64.0
-310.55,1625449482.0,64.0
-298.39,1625449482.0,64.0
-276.12,1625449482.0,64.0
-247.02,1625449482.0,64.0
-214.34,1625449482.0,64.0
-180.17,1625449482.0,64.0
-145.22,1625449482.0,64.0
-109.37,1625449482.0,64.0
-72.63,1625449482.0,64.0
-35.6,1625449482.0,64.0
0.61,1625449482.0,64.0
34.98,1625449482.0,64.0
67.16,1625449482.0,64.0
97.74,1625449482.0,64.0
127.93,1625449482.0,64.0
158.86,1625449482.0,64.0
191.02,1625449482.0,64.0
223.86,1625449482.0,64.0
255.92,1625449482.0,64.0
285.28,1625449482.0,64.0
310.08,1625449482.0,64.0
328.91,1625449482.0,64.0
341.08,1625449482.0,64.0
346.54,1625449482.0,64.0
345.66,1625449482.0,64.0
338.95,1625449482.0,64.0
326.76,1625449482.0,64.0
309.22,1625449482.0,64.0
286.41,1625449482.0,64.0
258.59,1625449482.0,64.0
226.45,1625449482.0,64.0
191.2,1625449482.0,64.0
154.32,1625449482.0,64.0
117.21,1625449482.0,64.0
80.7,1625449482.0,64.0
44.85,1625449482.0,64.0
9.04,1625449482.0,64.0
-27.77,1625449482.0,64.0
-66.69,1625449482.0,64.0
-108.57,1625449482.0,64.0
-153.7,1625449482.0,64.0
-201.59,1625449482.0,64.0
-250.66,1625449482.0,64.0
-298.17,1625449482.0,64.0
-340.56,1625449482.0,64.0
-374.17,1625449482.0,64.0
-396.16,1625449482.0,64.0
-405.31,1625449482.0,64.0
-402.26,1625449482.0,64.0
-389.12,1625449482.0,64.0
-368.61,1625449482.0,64.0
-343.23,1625449482.0,64.0
-314.64,1625449482.0,64.0
-283.76,1625449482.0,64.0
-251.18,1625449482.0,64.0
-217.64,1625449482.0,64.0
-184.34,1625449482.0,64.0
-152.74,1625449482.0,64.0
-124.06,1625449482.0,64.0
-98.83,1625449482.0,64.0
-76.73,1625449482.0,64.0
-56.84,1625449482.0,64.0
-38.24,1625449482.0,64.0
-20.52,1625449482.0,64.0
-4.08,1625449482.0,64.0
10.2,1625449482.0,64.0
21.47,1625449482.0,64.0
29.51,1625449482.0,64.0
34.9,1625449482.0,64.0
38.73,1625449482.0,64.0
42.04,1625449482.0,64.0
45.23,1625449482.0,64.0
47.92,1625449482.0,64.0
49.25,1625449482.0,64.0
48.48,1625449482.0,64.0
45.53,1625449482.0,64.0
41.22,1625449482.0,64.0
36.96,1625449482.0,64.0
34.06,1625449482.0,64.0
33.12,1625449482.0,64.0
33.62,1625449482.0,64.0
34.16,1625449482.0,64.0
33.13,1625449482.0,64.0
29.45,1625449482.0,64.0
23.12,1625449482.0,64.0
15.21,1625449482.0,64.0
7.33,1625449482.0,64.0
0.74,1625449482.0,64.0
-4.23,1625449482.0,64.0
-8.38,1625449482.0,64.0
-13.01,1625449482.0,64.0
-19.15,1625449482.0,64.0
-26.72,1625449482.0,64.0
-34.4,1625449482.0,64.0
-40.08,1625449482.0,64.0
-41.66,1625449482.0,64.0
-37.83,1625449482.0,64.0
-28.26,1625449482.0,64.0
-13.48,1625449482.0,64.0
5.49,1625449482.0,64.0
27.14,1625449482.0,64.0
49.34,1625449482.0,64.0
69.2,1625449482.0,64.0
83.62,1625449482.0,64.0
90.79,1625449482.0,64.0
91.64,1625449482.0,64.0
90.53,1625449482.0,64.0
93.82,1625449482.0,64.0
107.14,1625449482.0,64.0
132.52,1625449482.0,64.0
167.21,1625449482.0,64.0
204.96,1625449482.0,64.0
239.02,1625449482.0,64.0
265.05,1625449482.0,64.0
282.15,1625449482.0,64.0
291.77,1625449482.0,64.0
295.37,1625449482.0,64.0
292.64,1625449482.0,64.0
281.47,1625449482.0,64.0
259.33,1625449482.0,64.0
225.2,1625449482.0,64.0
180.48,1625449482.0,64.0
128.53,1625449482.0,64.0
73.35,1625449482.0,64.0
18.38,1625449482.0,64.0
-33.86,1625449482.0,64.0
-81.65,1625449482.0,64.0
-123.63,1625449482.0,64.0
-158.7,1625449482.0,64.0
-186.34,1625449482.0,64.0
-206.72,1625449482.0,64.0
-220.69,1625449482.0,64.0
-229.62,1625449482.0,64.0
-234.98,1625449482.0,64.0
-238.23,1625449482.0,64.0
-240.69,1625449482.0,64.0
-243.39,1625449482.0,64.0
-246.75,1625449482.0,64.0
-250.2,1625449482.0,64.0
-252.05,1625449482.0,64.0
-249.94,1625449482.0,64.0
-241.68,1625449482.0,64.0
-226.26,1625449482.0,64.0
-204.34,1625449482.0,64.0
-178.11,1625449482.0,64.0
-150.37,1625449482.0,64.0
-123.51,1625449482.0,64.0
-98.84,1625449482.0,64.0
-76.63,1625449482.0,64.0
-56.57,1625449482.0,64.0
-38.46,1625449482.0,64.0
-22.58,1625449482.0,64.0
-9.45,1625449482.0,64.0
0.47,1625449482.0,64.0
7.22,1625449482.0,64.0
11.41,1625449482.0,64.0
14.04,1625449482.0,64.0
16.17,1625449482.0,64.0
18.66,1625449482.0,64.0
21.92,1625449482.0,64.0
25.98,1625449482.0,64.0
30.49,1625449482.0,64.0
34.75,1625449482.0,64.0
37.97,1625449482.0,64.0
39.4,1625449482.0,64.0
38.74,1625449482.0,64.0
36.26,1625449482.0,64.0
32.76,1625449482.0,64.0
29.2,1625449482.0,64.0
26.27,1625449482.0,64.0
24.09,1625449482.0,64.0
22.05,1625449482.0,64.0
19.37,1625449482.0,64.0
15.49,1625449482.0,64.0
10.56,1625449482.0,64.0
5.5,1625449482.0,64.0
1.54,1625449482.0,64.0
-0.39,1625449482.0,64.0
-0.32,1625449482.0,64.0
0.6,1625449482.0,64.0
0.44,1625449482.0,64.0
-2.75,1625449482.0,64.0
-9.98,1625449482.0,64.0
-20.83,1625449482.0,64.0
-33.27,1625449482.0,64.0
-43.99,1625449482.0,64.0
-48.96,1625449482.0,64.0
-44.16,1625449482.0,64.0
-26.6,1625449482.0,64.0
4.41,1625449482.0,64.0
46.35,1625449482.0,64.0
93.33,1625449482.0,64.0
137.35,1625449482.0,64.0
170.94,1625449482.0,64.0
190.06,1625449482.0,64.0
195.73,1625449482.0,64.0
193.22,1625449482.0,64.0
189.29,1625449482.0,64.0
188.58,1625449482.0,64.0
191.64,1625449482.0,64.0
195.18,1625449482.0,64.0
194.25,1625449482.0,64.0
184.87,1625449482.0,64.0
165.42,1625449482.0,64.0
136.65,1625449482.0,64.0
100.78,1625449482.0,64.0
60.49,1625449482.0,64.0
18.15,1625449482.0,64.0
-24.19,1625449482.0,64.0
-65.14,1625449482.0,64.0
-104.14,1625449482.0,64.0
-141.35,1625449482.0,64.0
-176.99,1625449482.0,64.0
-210.23,1625449482.0,64.0
-238.15,1625449482.0,64.0
-255.83,1625449482.0,64.0
-258.4,1625449482.0,64.0
-243.12,1625449482.0,64.0
-211.19,1625449482.0,64.0
-167.98,1625449482.0,64.0
-121.2,1625449482.0,64.0
-78.34,1625449482.0,64.0
-44.42,1625449482.0,64.0
-20.71,1625449482.0,64.0
-5.37,1625449482.0,64.0
4.37,1625449482.0,64.0
10.79,1625449482.0,64.0
14.56,1625449482.0,64.0
14.92,1625449482.0,64.0
10.74,1625449482.0,64.0
1.65,1625449482.0,64.0
-11.6,1625449482.0,64.0
-26.76,1625449482.0,64.0
-38.26,1625449482.0,64.0
-41.62,1625449482.0,64.0
-34.32,1625449482.0,64.0
-17.05,1625449482.0,64.0
6.5,1625449482.0,64.0
31.27,1625449482.0,64.0
53.03,1625449482.0,64.0
69.45,1625449482.0,64.0
81.0,1625449482.0,64.0
89.56,1625449482.0,64.0
96.26,1625449482.0,64.0
101.02,1625449482.0,64.0
102.29,1625449482.0,64.0
98.13,1625449482.0,64.0
87.27,1625449482.0,64.0
69.54,1625449482.0,64.0
44.66,1625449482.0,64.0
13.33,1625449482.0,64.0
-23.27,1625449482.0,64.0
-63.63,1625449482.0,64.0
-104.83,1625449482.0,64.0
-142.23,1625449482.0,64.0
-169.86,1625449482.0,64.0
-182.43,1625449482.0,64.0
-173.51,1625449482.0,64.0
-145.47,1625449482.0,64.0
-106.29,1625449482.0,64.0
-65.76,1625449482.0,64.0
-31.58,1625449482.0,64.0
-6.82,1625449482.0,64.0
9.71,1625449482.0,64.0
21.45,1625449482.0,64.0
31.53,1625449482.0,64.0
41.02,1625449482.0,64.0
48.9,1625449482.0,64.0
54.7,1625449482.0,64.0
59.23,1625449482.0,64.0
64.35,1625449482.0,64.0
71.98,1625449482.0,64.0
83.02,1625449482.0,64.0
97.13,1625449482.0,64.0
112.51,1625449482.0,64.0
126.24,1625449482.0,64.0
135.22,1625449482.0,64.0
137.98,1625449482.0,64.0
134.99,1625449482.0,64.0
128.42,1625449482.0,64.0
121.2,1625449482.0,64.0
113.65,1625449482.0,64.0
106.3,1625449482.0,64.0
98.88,1625449482.0,64.0
90.38,1625449482.0,64.0
79.42,1625449482.0,64.0
65.31,1625449482.0,64.0
48.11,1625449482.0,64.0
28.4,1625449482.0,64.0
7.13,1625449482.0,64.0
-14.48,1625449482.0,64.0
-34.42,1625449482.0,64.0
-50.33,1625449482.0,64.0
-59.87,1625449482.0,64.0
-61.54,1625449482.0,64.0
-55.1,1625449482.0,64.0
-41.98,1625449482.0,64.0
-25.06,1625449482.0,64.0
-7.94,1625449482.0,64.0
6.02,1625449482.0,64.0
14.67,1625449482.0,64.0
17.03,1625449482.0,64.0
13.19,1625449482.0,64.0
4.15,1625449482.0,64.0
-8.49,1625449482.0,64.0
-22.89,1625449482.0,64.0
-37.24,1625449482.0,64.0
-50.21,1625449482.0,64.0
-61.21,1625449482.0,64.0
-70.33,1625449482.0,64.0
-78.34,1625449482.0,64.0
-86.03,1625449482.0,64.0
-93.61,1625449482.0,64.0
-100.22,1625449482.0,64.0
-104.14,1625449482.0,64.0
-103.21,1625449482.0,64.0
-95.91,1625449482.0,64.0
-81.99,1625449482.0,64.0
-62.67,1625449482.0,64.0
-40.29,1625449482.0,64.0
-17.52,1625449482.0,64.0
3.62,1625449482.0,64.0
22.1,1625449482.0,64.0
37.94,1625449482.0,64.0
51.68,1625449482.0,64.0
63.79,1625449482.0,64.0
74.36,1625449482.0,64.0
83.0,1625449482.0,64.0
89.15,1625449482.0,64.0
92.46,1625449482.0,64.0
93.03,1625449482.0,64.0
91.43,1625449482.0,64.0
88.51,1625449482.0,64.0
85.11,1625449482.0,64.0
81.73,1625449482.0,64.0
78.47,1625449482.0,64.0
75.08,1625449482.0,64.0
71.21,1625449482.0,64.0
66.66,1625449482.0,64.0
61.5,1625449482.0,64.0
56.03,1625449482.0,64.0
50.56,1625449482.0,64.0
45.22,1625449482.0,64.0
39.92,1625449482.0,64.0
34.37,1625449482.0,64.0
28.38,1625449482.0,64.0
21.96,1625449482.0,64.0
15.41,1625449482.0,64.0
9.18,1625449482.0,64.0
3.66,1625449482.0,64.0
-0.97,1625449482.0,64.0
-4.81,1625449482.0,64.0
-8.21,1625449482.0,64.0
-11.64,1625449482.0,64.0
-15.48,1625449482.0,64.0
-19.98,1625449482.0,64.0
-25.19,1625449482.0,64.0
-31.0,1625449482.0,64.0
-37.2,1625449482.0,64.0
-43.51,1625449482.0,64.0
-49.58,1625449482.0,64.0
-55.0,1625449482.0,64.0
-59.24,1625449482.0,64.0
-61.59,1625449482.0,64.0
-61.38,1625449482.0,64.0
-58.12,1625449482.0,64.0
-51.73,1625449482.0,64.0
-42.65,1625449482.0,64.0
-31.72,1625449482.0,64.0
-19.92,1625449482.0,64.0
-8.11,1625449482.0,64.0
3.1,1625449482.0,64.0
13.36,1625449482.0,64.0
22.35,1625449482.0,64.0
29.71,1625449482.0,64.0
35.06,1625449482.0,64.0
38.22,1625449482.0,64.0
39.36,1625449482.0,64.0
39.08,1625449482.0,64.0
38.19,1625449482.0,64.0
37.41,1625449482.0,64.0
37.11,1625449482.0,64.0
37.22,1625449482.0,64.0
37.27,1625449482.0,64.0
36.76,1625449482.0,64.0
35.32,1625449482.0,64.0
32.86,1625449482.0,64.0
29.6,1625449482.0,64.0
25.94,1625449482.0,64.0
22.31,1625449482.0,64.0
19.02,1625449482.0,64.0
16.19,1625449482.0,64.0
13.7,1625449482.0,64.0
11.28,1625449482.0,64.0
8.68,1625449482.0,64.0
5.71,1625449482.0,64.0
2.38,1625449482.0,64.0
-1.19,1625449482.0,64.0
-4.82,1625449482.0,64.0
-8.37,1625449482.0,64.0
-11.79,1625449482.0,64.0
-15.14,1625449482.0,64.0
-18.5,1625449482.0,64.0
-21.98,1625449482.0,64.0
-25.67,1625449482.0,64.0
-29.71,1625449482.0,64.0
-34.18,1625449482.0,64.0
-39.11,1625449482.0,64.0
-44.33,1625449482.0,64.0
-49.44,1625449482.0,64.0
-53.68,1625449482.0,64.0
-56.15,1625449482.0,64.0
-55.95,1625449482.0,64.0
-52.55,1625449482.0,64.0
-45.98,1625449482.0,64.0
-36.86,1625449482.0,64.0
-26.18,1625449482.0,64.0
-14.97,1625449482.0,64.0
-4.03,1625449482.0,64.0
6.23,1625449482.0,64.0
15.61,1625449482.0,64.0
23.94,1625449482.0,64.0
30.97,1625449482.0,64.0
36.37,1625449482.0,64.0
39.9,1625449482.0,64.0
41.6,1625449482.0,64.0
41.79,1625449482.0,64.0
40.95,1625449482.0,64.0
39.54,1625449482.0,64.0
37.84,1625449482.0,64.0
36.0,1625449482.0,64.0
33.99,1625449482.0,64.0
31.8,1625449482.0,64.0
29.44,1625449482.0,64.0
26.96,1625449482.0,64.0
24.41,1625449482.0,64.0
21.76,1625449482.0,64.0
18.96,1625449482.0,64.0
15.94,1625449482.0,64.0
12.71,1625449482.0,64.0
9.35,1625449482.0,64.0
6.02,1625449482.0,64.0
2.91,1625449482.0,64.0
0.16,1625449482.0,64.0
-2.18,1625449482.0,64.0
-4.22,1625449482.0,64.0
-6.16,1625449482.0,64.0
-8.25,1625449482.0,64.0
-10.71,1625449482.0,64.0
-13.6,1625449482.0,64.0
-16.86,1625449482.0,64.0
-20.28,1625449482.0,64.0
-23.67,1625449482.0,64.0
-26.87,1625449482.0,64.0
-29.89,1625449482.0,64.0
-32.88,1625449482.0,64.0
-36.11,1625449482.0,64.0
-39.78,1625449482.0,64.0
-43.84,1625449482.0,64.0
-47.9,1625449482.0,64.0
-51.11,1625449482.0,64.0
-52.45,1625449482.0,64.0
-50.95,1625449482.0,64.0
-46.05,1625449482.0,64.0
-37.83,1625449482.0,64.0
-27.06,1625449482.0,64.0
-14.97,1625449482.0,64.0
-2.87,1625449482.0,64.0
8.16,1625449482.0,64.0
17.52,1625449482.0,64.0
25.02,1625449482.0,64.0
30.75,1625449482.0,64.0
34.89,1625449482.0,64.0
37.63,1625449482.0,64.0
39.14,1625449482.0,64.0
39.68,1625449482.0,64.0
39.55,1625449482.0,64.0
39.1,1625449482.0,64.0
38.61,1625449482.0,64.0
38.18,1625449482.0,64.0
37.69,1625449482.0,64.0
36.9,1625449482.0,64.0
35.55,1625449482.0,64.0
33.52,1625449482.0,64.0
30.85,1625449482.0,64.0
27.73,1625449482.0,64.0
24.35,1625449482.0,64.0
20.85,1625449482.0,64.0
17.22,1625449482.0,64.0
13.43,1625449482.0,64.0
9.52,1625449482.0,64.0
5.64,1625449482.0,64.0
2.07,1625449482.0,64.0
-0.92,1625449482.0,64.0
-3.13,1625449482.0,64.0
-4.63,1625449482.0,64.0
-5.68,1625449482.0,64.0
-6.63,1625449482.0,64.0
-7.8,1625449482.0,64.0
-9.4,1625449482.0,64.0
-11.45,1625449482.0,64.0
-13.88,1625449482.0,64.0
-16.56,1625449482.0,64.0
-19.46,1625449482.0,64.0
-22.62,1625449482.0,64.0
-26.13,1625449482.0,64.0
-30.03,1625449482.0,64.0
-34.16,1625449482.0,64.0
-38.02,1625449482.0,64.0
-40.89,1625449482.0,64.0
-41.93,1625449482.0,64.0
-40.49,1625449482.0,64.0
-36.38,1625449482.0,64.0
-29.96,1625449482.0,64.0
-21.99,1625449482.0,64.0
-13.43,1625449482.0,64.0
-5.05,1625449482.0,64.0
2.66,1625449482.0,64.0
9.52,1625449482.0,64.0
15.47,1625449482.0,64.0
20.36,1625449482.0,64.0
23.92,1625449482.0,64.0
25.88,1625449482.0,64.0
26.21,1625449482.0,64.0
25.23,1625449482.0,64.0
23.57,1625449482.0,64.0
21.94,1625449482.0,64.0
20.88,1625449482.0,64.0
20.51,1625449482.0,64.0
20.55,1625449482.0,64.0
20.55,1625449482.0,64.0
20.08,1625449482.0,64.0
19.02,1625449482.0,64.0
17.47,1625449482.0,64.0
15.68,1625449482.0,64.0
13.83,1625449482.0,64.0
11.9,1625449482.0,64.0
9.78,1625449482.0,64.0
7.29,1625449482.0,64.0
4.37,1625449482.0,64.0
1.08,1625449482.0,64.0
-2.41,1625449482.0,64.0
-5.96,1625449482.0,64.0
-9.43,1625449482.0,64.0
-12.76,1625449482.0,64.0
-15.9,1625449482.0,64.0
-18.71,1625449482.0,64.0
-21.15,1625449482.0,64.0
-23.24,1625449482.0,64.0
-25.17,1625449482.0,64.0
-27.3,1625449482.0,64.0
-30.02,1625449482.0,64.0
-33.57,1625449482.0,64.0
-37.93,1625449482.0,64.0
-42.69,1625449482.0,64.0
-47.12,1625449482.0,64.0
-50.3,1625449482.0,64.0
-51.34,1625449482.0,64.0
-49.62,1625449482.0,64.0
-44.99,1625449482.0,64.0
-37.8,1625449482.0,64.0
-28.78,1625449482.0,64.0
-18.83,1625449482.0,64.0
-8.77,1625449482.0,64.0
0.84,1625449482.0,64.0
9.71,1625449482.0,64.0
17.64,1625449482.0,64.0
24.39,1625449482.0,64.0
29.64,1625449482.0,64.0
33.08,1625449482.0,64.0
34.69,1625449482.0,64.0
34.85,1625449482.0,64.0
34.24,1625449482.0,64.0
33.66,1625449482.0,64.0
33.66,1625449482.0,64.0
34.31,1625449482.0,64.0
35.26,1625449482.0,64.0
35.89,1625449482.0,64.0
35.68,1625449482.0,64.0
34.4,1625449482.0,64.0
32.15,1625449482.0,64.0
29.25,1625449482.0,64.0
25.99,1625449482.0,64.0
22.57,1625449482.0,64.0
19.02,1625449482.0,64.0
15.31,1625449482.0,64.0
11.44,1625449482.0,64.0
7.47,1625449482.0,64.0
3.53,1625449482.0,64.0
-0.24,1625449482.0,64.0
-3.73,1625449482.0,64.0
-6.84,1625449482.0,64.0
-9.6,1625449482.0,64.0
-12.09,1625449482.0,64.0
-14.52,1625449482.0,64.0
-17.14,1625449482.0,64.0
-20.22,1625449482.0,64.0
-23.93,1625449482.0,64.0
-28.35,1625449482.0,64.0
-33.39,1625449482.0,64.0
-38.84,1625449482.0,64.0
-44.3,1625449482.0,64.0
-49.18,1625449482.0,64.0
-52.67,1625449482.0,64.0
-53.96,1625449482.0,64.0
-52.39,1625449482.0,64.0
-47.72,1625449482.0,64.0
-40.33,1625449482.0,64.0
-31.02,1625449482.0,64.0
-20.81,1625449482.0,64.0
-10.58,1625449482.0,64.0
-0.87,1625449482.0,64.0
8.1,1625449482.0,64.0
16.21,1625449482.0,64.0
23.21,1625449482.0,64.0
28.72,1625449482.0,64.0
32.39,1625449482.0,64.0
34.16,1625449482.0,64.0
34.42,1625449482.0,64.0
33.88,1625449482.0,64.0
33.29,1625449482.0,64.0
33.14,1625449482.0,64.0
33.45,1625449482.0,64.0
33.89,1625449482.0,64.0
34.0,1625449482.0,64.0
33.43,1625449482.0,64.0
32.06,1625449482.0,64.0
29.99,1625449482.0,64.0
27.41,1625449482.0,64.0
24.5,1625449482.0,64.0
21.39,1625449482.0,64.0
18.16,1625449482.0,64.0
14.88,1625449482.0,64.0
11.6,1625449482.0,64.0
8.31,1625449482.0,64.0
4.97,1625449482.0,64.0
1.59,1625449482.0,64.0
-1.8,1625449482.0,64.0
-5.03,1625449482.0,64.0
-7.93,1625449482.0,64.0
-10.45,1625449482.0,64.0
-12.73,1625449482.0,64.0
-15.08,1625449482.0,64.0
-17.91,1625449482.0,64.0
-21.53,1625449482.0,64.0
-26.06,1625449482.0,64.0
-31.35,1625449482.0,64.0
-37.13,1625449482.0,64.0
-43.05,1625449482.0,64.0
-48.69,1625449482.0,64.0
-53.5,1625449482.0,64.0
-56.77,1625449482.0,64.0
-57.7,1625449482.0,64.0
-55.65,1625449482.0,64.0
-50.37,1625449482.0,64.0
-42.2,1625449482.0,64.0
-32.0,1625449482.0,64.0
-20.84,1625449482.0,64.0
-9.67,1625449482.0,64.0
0.9,1625449482.0,64.0
10.54,1625449482.0,64.0
19.01,1625449482.0,64.0
26.0,1625449482.0,64.0
31.14,1625449482.0,64.0
34.14,1625449482.0,64.0
35.12,1625449482.0,64.0
34.62,1625449482.0,64.0
33.52,1625449482.0,64.0
32.66,1625449482.0,64.0
32.52,1625449482.0,64.0
33.08,1625449482.0,64.0
33.85,1625449482.0,64.0
34.23,1625449482.0,64.0
33.73,1625449482.0,64.0
32.23,1625449482.0,64.0
29.9,1625449482.0,64.0
27.08,1625449482.0,64.0
24.0,1625449482.0,64.0
20.81,1625449482.0,64.0
17.49,1625449482.0,64.0
13.97,1625449482.0,64.0
10.24,1625449482.0,64.0
6.32,1625449482.0,64.0
2.36,1625449482.0,64.0
-1.54,1625449482.0,64.0
-5.35,1625449482.0,64.0
-9.04,1625449482.0,64.0
-12.6,1625449482.0,64.0
-16.03,1625449482.0,64.0
-19.34,1625449482.0,64.0
-22.55,1625449482.0,64.0
-25.75,1625449482.0,64.0
-29.06,1625449482.0,64.0
-32.65,1625449482.0,64.0
-36.61,1625449482.0,64.0
-40.93,1625449482.0,64.0
-45.4,1625449482.0,64.0
-49.53,1625449482.0,64.0
-52.58,1625449482.0,64.0
-53.65,1625449482.0,64.0
-51.97,1625449482.0,64.0
-47.14,1625449482.0,64.0
-39.36,1625449482.0,64.0
-29.39,1625449482.0,64.0
-18.27,1625449482.0,64.0
-7.06,1625449482.0,64.0
3.48,1625449482.0,64.0
12.96,1625449482.0,64.0
21.2,1625449482.0,64.0
28.04,1625449482.0,64.0
33.25,1625449482.0,64.0
36.58,1625449482.0,64.0
37.99,1625449482.0,64.0
37.82,1625449482.0,64.0
36.7,1625449482.0,64.0
35.39,1625449482.0,64.0
34.49,1625449482.0,64.0
34.16,1625449482.0,64.0
34.19,1625449482.0,64.0
34.11,1625449482.0,64.0
33.5,1625449482.0,64.0
32.14,1625449482.0,64.0
30.09,1625449482.0,64.0
27.56,1625449482.0,64.0
24.76,1625449482.0,64.0
21.81,1625449482.0,64.0
18.71,1625449482.0,64.0
15.47,1625449482.0,64.0
12.04,1625449482.0,64.0
8.52,1625449482.0,64.0
4.98,1625449482.0,64.0
1.58,1625449482.0,64.0
-1.63,1625449482.0,64.0
-4.6,1625449482.0,64.0
-7.36,1625449482.0,64.0
-10.02,1625449482.0,64.0
-12.68,1625449482.0,64.0
-15.51,1625449482.0,64.0
-18.64,1625449482.0,64.0
-22.12,1625449482.0,64.0
-25.93,1625449482.0,64.0
-30.02,1625449482.0,64.0
-34.33,1625449482.0,64.0
-38.81,1625449482.0,64.0
-43.31,1625449482.0,64.0
-47.45,1625449482.0,64.0
-50.63,1625449482.0,64.0
-52.06,1625449482.0,64.0
-51.02,1625449482.0,64.0
-47.06,1625449482.0,64.0
-40.25,1625449482.0,64.0
-31.13,1625449482.0,64.0
-20.52,1625449482.0,64.0
-9.36,1625449482.0,64.0
1.61,1625449482.0,64.0
11.85,1625449482.0,64.0
20.94,1625449482.0,64.0
28.54,1625449482.0,64.0
34.31,1625449482.0,64.0
38.07,1625449482.0,64.0
39.85,1625449482.0,64.0
40.03,1625449482.0,64.0
39.18,1625449482.0,64.0
38.0,1625449482.0,64.0
36.97,1625449482.0,64.0
36.36,1625449482.0,64.0
36.07,1625449482.0,64.0
35.85,1625449482.0,64.0
35.37,1625449482.0,64.0
34.38,1625449482.0,64.0
32.78,1625449482.0,64.0
30.56,1625449482.0,64.0
27.86,1625449482.0,64.0
24.85,1625449482.0,64.0
21.65,1625449482.0,64.0
18.36,1625449482.0,64.0
15.01,1625449482.0,64.0
11.63,1625449482.0,64.0
8.24,1625449482.0,64.0
4.92,1625449482.0,64.0
1.78,1625449482.0,64.0
-1.15,1625449482.0,64.0
-3.92,1625449482.0,64.0
-6.68,1625449482.0,64.0
-9.6,1625449482.0,64.0
-12.78,1625449482.0,64.0
-16.2,1625449482.0,64.0
-19.69,1625449482.0,64.0
-23.08,1625449482.0,64.0
-26.35,1625449482.0,64.0
-29.63,1625449482.0,64.0
-33.2,1625449482.0,64.0
-37.31,1625449482.0,64.0
-41.97,1625449482.0,64.0
-46.79,1625449482.0,64.0
-50.87,1625449482.0,64.0
-53.11,1625449482.0,64.0
-52.48,1625449482.0,64.0
-48.45,1625449482.0,64.0
-41.18,1625449482.0,64.0
-31.46,1625449482.0,64.0
-20.44,1625449482.0,64.0
-9.24,1625449482.0,64.0
1.33,1625449482.0,64.0
10.82,1625449482.0,64.0
19.0,1625449482.0,64.0
25.66,1625449482.0,64.0
30.55,1625449482.0,64.0
33.54,1625449482.0,64.0
34.74,1625449482.0,64.0
34.61,1625449482.0,64.0
33.91,1625449482.0,64.0
33.3,1625449482.0,64.0
33.2,1625449482.0,64.0
33.55,1625449482.0,64.0
33.97,1625449482.0,64.0
33.98,1625449482.0,64.0
33.25,1625449482.0,64.0
31.72,1625449482.0,64.0
29.54,1625449482.0,64.0
26.94,1625449482.0,64.0
24.1,1625449482.0,64.0
21.04,1625449482.0,64.0
17.75,1625449482.0,64.0
14.25,1625449482.0,64.0
10.64,1625449482.0,64.0
7.12,1625449482.0,64.0
3.88,1625449482.0,64.0
1.06,1625449482.0,64.0
-1.35,1625449482.0,64.0
-3.48,1625449482.0,64.0
-5.53,1625449482.0,64.0
-7.67,1625449482.0,64.0
-10.02,1625449482.0,64.0
-12.6,1625449482.0,64.0
-15.39,1625449482.0,64.0
-18.38,1625449482.0,64.0
-21.62,1625449482.0,64.0
-25.23,1625449482.0,64.0
-29.3,1625449482.0,64.0
-33.84,1625449482.0,64.0
-38.59,1625449482.0,64.0
-43.03,1625449482.0,64.0
-46.34,1625449482.0,64.0
-47.66,1625449482.0,64.0
-46.34,1625449482.0,64.0
-42.12,1625449482.0,64.0
-35.28,1625449482.0,64.0
-26.49,1625449482.0,64.0
-16.63,1625449482.0,64.0
-6.52,1625449482.0,64.0
3.19,1625449482.0,64.0
12.05,1625449482.0,64.0
19.74,1625449482.0,64.0
25.95,1625449482.0,64.0
30.37,1625449482.0,64.0
32.84,1625449482.0,64.0
33.41,1625449482.0,64.0
32.5,1625449482.0,64.0
30.82,1625449482.0,64.0
29.17,1625449482.0,64.0
28.19,1625449482.0,64.0
28.12,1625449482.0,64.0
28.74,1625449482.0,64.0
29.53,1625449482.0,64.0
29.89,1625449482.0,64.0
29.38,1625449482.0,64.0
27.85,1625449482.0,64.0
25.42,1625449482.0,64.0
22.36,1625449482.0,64.0
18.95,1625449482.0,64.0
15.35,1625449482.0,64.0
11.69,1625449482.0,64.0
7.96,1625449482.0,64.0
4.21,1625449482.0,64.0
0.42,1625449482.0,64.0
-3.36,1625449482.0,64.0
-7.08,1625449482.0,64.0
-10.69,1625449482.0,64.0
-14.15,1625449482.0,64.0
-17.46,1625449482.0,64.0
-20.65,1625449482.0,64.0
-23.78,1625449482.0,64.0
-26.94,1625449482.0,64.0
-30.17,1625449482.0,64.0
-33.55,1625449482.0,64.0
-37.14,1625449482.0,64.0
-41.02,1625449482.0,64.0
-45.1,1625449482.0,64.0
-49.12,1625449482.0,64.0
-52.5,1625449482.0,64.0
-54.42,1625449482.0,64.0
-54.03,1625449482.0,64.0
-50.79,1625449482.0,64.0
-44.63,1625449482.0,64.0
-36.05,1625449482.0,64.0
-25.89,1625449482.0,64.0
-15.09,1625449482.0,64.0
-4.38,1625449482.0,64.0
5.8,1625449482.0,64.0
15.19,1625449482.0,64.0
23.53,1625449482.0,64.0
30.46,1625449482.0,64.0
35.53,1625449482.0,64.0
38.46,1625449482.0,64.0
39.3,1625449482.0,64.0
38.57,1625449482.0,64.0
37.11,1625449482.0,64.0
35.74,1625449482.0,64.0
35.02,1625449482.0,64.0
35.0,1625449482.0,64.0
35.31,1625449482.0,64.0
35.38,1625449482.0,64.0
34.72,1625449482.0,64.0
33.13,1625449482.0,64.0
30.66,1625449482.0,64.0
27.58,1625449482.0,64.0
24.17,1625449482.0,64.0
20.64,1625449482.0,64.0
17.09,1625449482.0,64.0
13.61,1625449482.0,64.0
10.26,1625449482.0,64.0
7.05,1625449482.0,64.0
4.02,1625449482.0,64.0
1.12,1625449482.0,64.0
-1.74,1625449482.0,64.0
-4.63,1625449482.0,64.0
-7.61,1625449482.0,64.0
-10.7,1625449482.0,64.0
-13.88,1625449482.0,64.0
-17.15,1625449482.0,64.0
-20.6,1625449482.0,64.0
-24.29,1625449482.0,64.0
-28.32,1625449482.0,64.0
-32.74,1625449482.0,64.0
-37.52,1625449482.0,64.0
-42.53,1625449482.0,64.0
-47.48,1625449482.0,64.0
-51.89,1625449482.0,64.0
-55.05,1625449482.0,64.0
-56.2,1625449482.0,64.0
-54.69,1625449482.0,64.0
-50.23,1625449482.0,64.0
-43.0,1625449482.0,64.0
-33.66,1625449482.0,64.0
-23.08,1625449482.0,64.0
-12.14,1625449482.0,64.0
-1.44,1625449482.0,64.0
8.64,1625449482.0,64.0
17.84,1625449482.0,64.0
25.87,1625449482.0,64.0
32.3,1625449482.0,64.0
36.76,1625449482.0,64.0
39.1,1625449482.0,64.0
39.57,1625449482.0,64.0
38.84,1625449482.0,64.0
37.73,1625449482.0,64.0
36.96,1625449482.0,64.0
36.82,1625449482.0,64.0
37.14,1625449482.0,64.0
37.43,1625449482.0,64.0
37.14,1625449482.0,64.0
35.93,1625449482.0,64.0
33.7,1625449482.0,64.0
30.65,1625449482.0,64.0
27.09,1625449482.0,64.0
23.25,1625449482.0,64.0
19.34,1625449482.0,64.0
15.43,1625449482.0,64.0
11.6,1625449482.0,64.0
7.9,1625449482.0,64.0
4.42,1625449482.0,64.0
1.16,1625449482.0,64.0
-1.94,1625449482.0,64.0
-5.01,1625449482.0,64.0
-8.19,1625449482.0,64.0
-11.58,1625449482.0,64.0
-15.12,1625449482.0,64.0
-18.7,1625449482.0,64.0
-22.2,1625449482.0,64.0
-25.52,1625449482.0,64.0
-28.65,1625449482.0,64.0
-31.67,1625449482.0,64.0
-34.73,1625449482.0,64.0
-37.99,1625449482.0,64.0
-41.61,1625449482.0,64.0
-45.6,1625449482.0,64.0
-49.75,1625449482.0,64.0
-53.53,1625449482.0,64.0
-56.16,1625449482.0,64.0
-56.76,1625449482.0,64.0
-54.66,1625449482.0,64.0
-49.62,1625449482.0,64.0
-41.95,1625449482.0,64.0
-32.36,1625449482.0,64.0
-21.7,1625449482.0,64.0
-10.68,1625449482.0,64.0
0.16,1625449482.0,64.0
10.5,1625449482.0,64.0
19.99,1625449482.0,64.0
28.19,1625449482.0,64.0
34.67,1625449482.0,64.0
39.11,1625449482.0,64.0
41.53,1625449482.0,64.0
42.27,1625449482.0,64.0
42.0,1625449482.0,64.0
41.37,1625449482.0,64.0
40.85,1625449482.0,64.0
40.5,1625449482.0,64.0
40.15,1625449482.0,64.0
39.44,1625449482.0,64.0
38.12,1625449482.0,64.0
36.14,1625449482.0,64.0
33.58,1625449482.0,64.0
30.64,1625449482.0,64.0
27.46,1625449482.0,64.0
24.11,1625449482.0,64.0
20.56,1625449482.0,64.0
16.8,1625449482.0,64.0
12.89,1625449482.0,64.0
8.91,1625449482.0,64.0
5.04,1625449482.0,64.0
1.38,1625449482.0,64.0
-2.05,1625449482.0,64.0
-5.28,1625449482.0,64.0
-8.38,1625449482.0,64.0
-11.41,1625449482.0,64.0
-14.39,1625449482.0,64.0
-17.35,1625449482.0,64.0
-20.31,1625449482.0,64.0
-23.3,1625449482.0,64.0
-26.36,1625449482.0,64.0
-29.56,1625449482.0,64.0
-32.95,1625449482.0,64.0
-36.59,1625449482.0,64.0
-40.51,1625449482.0,64.0
-44.58,1625449482.0,64.0
-48.49,1625449482.0,64.0
-51.63,1625449482.0,64.0
-53.23,1625449482.0,64.0
-52.54,1625449482.0,64.0
-49.1,1625449482.0,64.0
-42.91,1625449482.0,64.0
-34.49,1625449482.0,64.0
-24.63,1625449482.0,64.0
-14.19,1625449482.0,64.0
-3.87,1625449482.0,64.0
5.83,1625449482.0,64.0
14.57,1625449482.0,64.0
22.02,1625449482.0,64.0
27.89,1625449482.0,64.0
31.96,1625449482.0,64.0
34.24,1625449482.0,64.0
35.03,1625449482.0,64.0
34.88,1625449482.0,64.0
34.39,1625449482.0,64.0
33.99,1625449482.0,64.0
33.78,1625449482.0,64.0
33.62,1625449482.0,64.0
33.24,1625449482.0,64.0
32.4,1625449482.0,64.0
31.05,1625449482.0,64.0
29.35,1625449482.0,64.0
27.49,1625449482.0,64.0
25.65,1625449482.0,64.0
23.84,1625449482.0,64.0
21.99,1625449482.0,64.0
19.98,1625449482.0,64.0
17.77,1625449482.0,64.0
15.39,1625449482.0,64.0
12.91,1625449482.0,64.0
10.39,1625449482.0,64.0
7.87,1625449482.0,64.0
5.33,1625449482.0,64.0
2.73,1625449482.0,64.0
-0.01,1625449482.0,64.0
-2.94,1625449482.0,64.0
-6.14,1625449482.0,64.0
-9.62,1625449482.0,64.0
-13.38,1625449482.0,64.0
-17.38,1625449482.0,64.0
-21.54,1625449482.0,64.0
-25.82,1625449482.0,64.0
-30.18,1625449482.0,64.0
-34.68,1625449482.0,64.0
-39.34,1625449482.0,64.0
-44.12,1625449482.0,64.0
-48.7,1625449482.0,64.0
-52.47,1625449482.0,64.0
-54.61,1625449482.0,64.0
-54.32,1625449482.0,64.0
-51.07,1625449482.0,64.0
-44.86,1625449482.0,64.0
-36.22,1625449482.0,64.0
-26.08,1625449482.0,64.0
-15.45,1625449482.0,64.0
-5.11,1625449482.0,64.0
4.42,1625449482.0,64.0
12.88,1625449482.0,64.0
20.07,1625449482.0,64.0
25.75,1625449482.0,64.0
29.7,1625449482.0,64.0
31.83,1625449482.0,64.0
32.38,1625449482.0,64.0
31.91,1625449482.0,64.0
31.16,1625449482.0,64.0
30.74,1625449482.0,64.0
30.97,1625449482.0,64.0
31.66,1625449482.0,64.0
32.37,1625449482.0,64.0
32.56,1625449482.0,64.0
31.89,1625449482.0,64.0
30.37,1625449482.0,64.0
28.22,1625449482.0,64.0
25.78,1625449482.0,64.0
23.29,1625449482.0,64.0
20.8,1625449482.0,64.0
18.24,1625449482.0,64.0
15.47,1625449482.0,64.0
12.46,1625449482.0,64.0
9.26,1625449482.0,64.0
5.99,1625449482.0,64.0
2.75,1625449482.0,64.0
-0.43,1625449482.0,64.0
-3.6,1625449482.0,64.0
-6.76,1625449482.0,64.0
-9.94,1625449482.0,64.0
-13.12,1625449482.0,64.0
-16.27,1625449482.0,64.0
-19.38,1625449482.0,64.0
-22.51,1625449482.0,64.0
-25.76,1625449482.0,64.0
-29.26,1625449482.0,64.0
-33.11,1625449482.0,64.0
-37.29,1625449482.0,64.0
-41.52,1625449482.0,64.0
-45.3,1625449482.0,64.0
-47.89,1625449482.0,64.0
-48.5,1625449482.0,64.0
-46.53,1625449482.0,64.0
-41.78,1625449482.0,64.0
-34.48,1625449482.0,64.0
-25.3,1625449482.0,64.0
-15.09,1625449482.0,64.0
-4.69,1625449482.0,64.0
5.2,1625449482.0,64.0
14.06,1625449482.0,64.0
21.45,1625449482.0,64.0
27.05,1625449482.0,64.0
30.64,1625449482.0,64.0
32.25,1625449482.0,64.0
32.22,1625449482.0,64.0
31.18,1625449482.0,64.0
29.86,1625449482.0,64.0
28.93,1625449482.0,64.0
28.76,1625449482.0,64.0
29.29,1625449482.0,64.0
30.17,1625449482.0,64.0
30.86,1625449482.0,64.0
30.88,1625449482.0,64.0
29.91,1625449482.0,64.0
27.88,1625449482.0,64.0
24.95,1625449482.0,64.0
21.4,1625449482.0,64.0
17.57,1625449482.0,64.0
13.73,1625449482.0,64.0
10.04,1625449482.0,64.0
6.53,1625449482.0,64.0
3.21,1625449482.0,64.0
0.03,1625449482.0,64.0
-3.05,1625449482.0,64.0
-6.0,1625449482.0,64.0
-8.81,1625449482.0,64.0
-11.5,1625449482.0,64.0
-14.16,1625449482.0,64.0
-16.9,1625449482.0,64.0
-19.86,1625449482.0,64.0
-23.12,1625449482.0,64.0
-26.72,1625449482.0,64.0
-30.71,1625449482.0,64.0
-35.09,1625449482.0,64.0
-39.87,1625449482.0,64.0
-44.89,1625449482.0,64.0
-49.74,1625449482.0,64.0
-53.67,1625449482.0,64.0
-55.71,1625449482.0,64.0
-54.99,1625449482.0,64.0
-51.0,1625449482.0,64.0
-43.9,1625449482.0,64.0
-34.4,1625449482.0,64.0
-23.55,1625449482.0,64.0
-12.3,1625449482.0,64.0
-1.32,1625449482.0,64.0
9.07,1625449482.0,64.0
18.64,1625449482.0,64.0
27.03,1625449482.0,64.0
33.74,1625449482.0,64.0
38.26,1625449482.0,64.0
40.4,1625449482.0,64.0
40.44,1625449482.0,64.0
39.18,1625449482.0,64.0
37.6,1625449482.0,64.0
36.55,1625449482.0,64.0
36.41,1625449482.0,64.0
37.04,1625449482.0,64.0
37.93,1625449482.0,64.0
38.44,1625449482.0,64.0
38.08,1625449482.0,64.0
36.64,1625449482.0,64.0
34.25,1625449482.0,64.0
31.24,1625449482.0,64.0
28.0,1625449482.0,64.0
24.82,1625449482.0,64.0
21.82,1625449482.0,64.0
18.86,1625449482.0,64.0
15.67,1625449482.0,64.0
12.07,1625449482.0,64.0
8.07,1625449482.0,64.0
4.07,1625449482.0,64.0
0.6,1625449482.0,64.0
-1.86,1625449482.0,64.0
-3.34,1625449482.0,64.0
-4.4,1625449482.0,64.0
-6.04,1625449482.0,64.0
-9.27,1625449482.0,64.0
-14.78,1625449482.0,64.0
-22.9,1625449482.0,64.0
-33.68,1625449482.0,64.0
-47.02,1625449482.0,64.0
-62.54,1625449482.0,64.0
-79.14,1625449482.0,64.0
-94.79,1625449482.0,64.0
-106.61,1625449482.0,64.0
-111.75,1625449482.0,64.0
-108.45,1625449482.0,64.0
-96.94,1625449482.0,64.0
-79.49,1625449482.0,64.0
-59.49,1625449482.0,64.0
-40.07,1625449482.0,64.0
-23.04,1625449482.0,64.0
-8.53,1625449482.0,64.0
4.35,1625449482.0,64.0
16.5,1625449482.0,64.0
28.09,1625449482.0,64.0
38.42,1625449482.0,64.0
46.47,1625449482.0,64.0
51.63,1625449482.0,64.0
54.18,1625449482.0,64.0
55.2,1625449482.0,64.0
56.08,1625449482.0,64.0
57.76,1625449482.0,64.0
60.38,1625449482.0,64.0
63.18,1625449482.0,64.0
64.92,1625449482.0,64.0
64.43,1625449482.0,64.0
61.08,1625449482.0,64.0
54.88,1625449482.0,64.0
46.46,1625449482.0,64.0
36.81,1625449482.0,64.0
27.09,1625449482.0,64.0
18.44,1625449482.0,64.0
11.85,1625449482.0,64.0
7.92,1625449482.0,64.0
6.76,1625449482.0,64.0
7.91,1625449482.0,64.0
10.41,1625449482.0,64.0
13.06,1625449482.0,64.0
14.78,1625449482.0,64.0
14.86,1625449482.0,64.0
13.23,1625449482.0,64.0
10.44,1625449482.0,64.0
7.41,1625449482.0,64.0
5.1,1625449482.0,64.0
4.12,1625449482.0,64.0
4.48,1625449482.0,64.0
5.64,1625449482.0,64.0
6.71,1625449482.0,64.0
6.87,1625449482.0,64.0
5.63,1625449482.0,64.0
3.0,1625449482.0,64.0
-0.55,1625449482.0,64.0
-4.26,1625449482.0,64.0
-7.34,1625449482.0,64.0
-9.18,1625449482.0,64.0
-9.44,1625449482.0,64.0
-8.14,1625449482.0,64.0
-5.52,1625449482.0,64.0
-2.02,1625449482.0,64.0
1.92,1625449482.0,64.0
6.0,1625449482.0,64.0
10.05,1625449482.0,64.0
14.01,1625449482.0,64.0
17.73,1625449482.0,64.0
20.94,1625449482.0,64.0
23.24,1625449482.0,64.0
24.34,1625449482.0,64.0
24.25,1625449482.0,64.0
23.34,1625449482.0,64.0
22.17,1625449482.0,64.0
21.29,1625449482.0,64.0
20.93,1625449482.0,64.0
20.89,1625449482.0,64.0
20.68,1625449482.0,64.0
19.75,1625449482.0,64.0
17.76,1625449482.0,64.0
14.79,1625449482.0,64.0
11.24,1625449482.0,64.0
7.65,1625449482.0,64.0
4.46,1625449482.0,64.0
1.79,1625449482.0,64.0
-0.54,1625449482.0,64.0
-2.95,1625449482.0,64.0
-5.82,1625449482.0,64.0
-9.37,1625449482.0,64.0
-13.48,1625449482.0,64.0
-17.71,1625449482.0,64.0
-21.54,1625449482.0,64.0
-24.54,1625449482.0,64.0
-26.65,1625449482.0,64.0
-28.19,1625449482.0,64.0
-29.77,1625449482.0,64.0
-31.85,1625449482.0,64.0
-34.52,1625449482.0,64.0
-37.35,1625449482.0,64.0
-39.74,1625449482.0,64.0
-41.23,1625449482.0,64.0
-41.86,1625449482.0,64.0
-42.1,1625449482.0,64.0
-42.55,1625449482.0,64.0
-43.5,1625449482.0,64.0
-44.76,1625449482.0,64.0
-45.85,1625449482.0,64.0
-46.22,1625449482.0,64.0
-45.51,1625449482.0,64.0
-43.54,1625449482.0,64.0
-40.05,1625449482.0,64.0
-34.58,1625449482.0,64.0
-26.53,1625449482.0,64.0
-15.68,1625449482.0,64.0
-2.51,1625449482.0,64.0
11.6,1625449482.0,64.0
24.71,1625449482.0,64.0
35.03,1625449482.0,64.0
41.48,1625449482.0,64.0
44.04,1625449482.0,64.0
43.66,1625449482.0,64.0
41.68,1625449482.0,64.0
39.26,1625449482.0,64.0
37.16,1625449482.0,64.0
35.58,1625449482.0,64.0
34.34,1625449482.0,64.0
33.18,1625449482.0,64.0
31.87,1625449482.0,64.0
30.37,1625449482.0,64.0
28.9,1625449482.0,64.0
27.75,1625449482.0,64.0
26.99,1625449482.0,64.0
26.44,1625449482.0,64.0
25.67,1625449482.0,64.0
24.06,1625449482.0,64.0
21.02,1625449482.0,64.0
16.44,1625449482.0,64.0
10.89,1625449482.0,64.0
5.66,1625449482.0,64.0
2.14,1625449482.0,64.0
0.96,1625449482.0,64.0
1.76,1625449482.0,64.0
3.25,1625449482.0,64.0
3.89,1625449482.0,64.0
2.44,1625449482.0,64.0
-1.25,1625449482.0,64.0
-6.41,1625449482.0,64.0
-11.79,1625449482.0,64.0
-16.68,1625449482.0,64.0
-21.52,1625449482.0,64.0
-27.2,1625449482.0,64.0
-34.63,1625449482.0,64.0
-44.22,1625449482.0,64.0
-56.31,1625449482.0,64.0
-70.72,1625449482.0,64.0
-86.92,1625449482.0,64.0
-103.54,1625449482.0,64.0
-116.52,1625449482.0,64.0
-121.83,1625449482.0,64.0
-116.25,1625449482.0,64.0
-99.11,1625449482.0,64.0
-73.16,1625449482.0,64.0
-44.36,1625449482.0,64.0
-18.69,1625449482.0,64.0
-0.12,1625449482.0,64.0
10.94,1625449482.0,64.0
15.55,1625449482.0,64.0
14.9,1625449482.0,64.0
9.96,1625449482.0,64.0
0.98,1625449482.0,64.0
-13.05,1625449482.0,64.0
-33.61,1625449482.0,64.0
-61.31,1625449482.0,64.0
-95.9,1625449482.0,64.0
-135.66,1625449482.0,64.0
-179.52,1625449482.0,64.0
-226.4,1625449482.0,64.0
-273.76,1625449482.0,64.0
-317.01,1625449482.0,64.0
-343.56,1625449482.0,64.0
-344.85,1625449482.0,64.0
-317.99,1625449482.0,64.0
-272.92,1625449482.0,64.0
-217.48,1625449482.0,64.0
-159.94,1625449482.0,64.0
-107.19,1625449482.0,64.0
-62.98,1625449482.0,64.0
-27.47,1625449482.0,64.0
1.7,1625449482.0,64.0
25.91,1625449482.0,64.0
46.36,1625449482.0,64.0
64.09,1625449482.0,64.0
81.28,1625449482.0,64.0
99.68,1625449482.0,64.0
121.03,1625449482.0,64.0
146.88,1625449482.0,64.0
177.7,1625449482.0,64.0
212.11,1625449482.0,64.0
245.9,1625449482.0,64.0
273.71,1625449482.0,64.0
290.6,1625449482.0,64.0
294.36,1625449482.0,64.0
285.15,1625449482.0,64.0
266.02,1625449482.0,64.0
241.88,1625449482.0,64.0
217.47,1625449482.0,64.0
195.44,1625449482.0,64.0
175.18,1625449482.0,64.0
154.78,1625449482.0,64.0
133.29,1625449482.0,64.0
112.98,1625449482.0,64.0
98.11,1625449482.0,64.0
92.96,1625449482.0,64.0
99.07,1625449482.0,64.0
113.75,1625449482.0,64.0
130.94,1625449482.0,64.0
143.89,1625449482.0,64.0
148.51,1625449482.0,64.0
144.69,1625449482.0,64.0
135.54,1625449482.0,64.0
124.33,1625449482.0,64.0
112.5,1625449482.0,64.0
99.4,1625449482.0,64.0
83.84,1625449482.0,64.0
65.97,1625449482.0,64.0
48.01,1625449482.0,64.0
33.49,1625449482.0,64.0
25.14,1625449482.0,64.0
23.44,1625449482.0,64.0
26.26,1625449482.0,64.0
30.24,1625449482.0,64.0
32.54,1625449482.0,64.0
32.03,1625449482.0,64.0
29.29,1625449482.0,64.0
25.67,1625449482.0,64.0
22.27,1625449482.0,64.0
19.19,1625449482.0,64.0
15.59,1625449482.0,64.0
10.3,1625449482.0,64.0
2.64,1625449482.0,64.0
-7.13,1625449482.0,64.0
-17.83,1625449482.0,64.0
-27.91,1625449482.0,64.0
-36.16,1625449482.0,64.0
-42.12,1625449482.0,64.0
-46.25,1625449482.0,64.0
-49.62,1625449482.0,64.0
-53.48,1625449482.0,64.0
-58.75,1625449482.0,64.0
-65.66,1625449482.0,64.0
-73.42,1625449482.0,64.0
-80.1,1625449482.0,64.0
-83.08,1625449482.0,64.0
-79.78,1625449482.0,64.0
-68.8,1625449482.0,64.0
-50.75,1625449482.0,64.0
-28.53,1625449482.0,64.0
-6.56,1625449482.0,64.0
10.67,1625449482.0,64.0
20.12,1625449482.0,64.0
21.1,1625449482.0,64.0
15.13,1625449482.0,64.0
4.89,1625449482.0,64.0
-6.93,1625449482.0,64.0
-18.5,1625449482.0,64.0
-29.12,1625449482.0,64.0
-38.97,1625449482.0,64.0
-48.71,1625449482.0,64.0
-59.02,1625449482.0,64.0
-70.14,1625449482.0,64.0
-81.79,1625449482.0,64.0
-93.24,1625449482.0,64.0
-103.55,1625449482.0,64.0
-111.96,1625449482.0,64.0
-118.31,1625449482.0,64.0
-123.15,1625449482.0,64.0
-127.69,1625449482.0,64.0
-133.32,1625449482.0,64.0
-140.62,1625449482.0,64.0
-148.72,1625449482.0,64.0
-154.88,1625449482.0,64.0
-154.82,1625449482.0,64.0
-143.77,1625449482.0,64.0
-117.84,1625449482.0,64.0
-75.56,1625449482.0,64.0
-19.08,1625449482.0,64.0
45.51,1625449482.0,64.0
109.09,1625449482.0,64.0
161.67,1625449482.0,64.0
194.94,1625449482.0,64.0
204.7,1625449482.0,64.0
191.5,1625449482.0,64.0
159.76,1625449482.0,64.0
115.55,1625449482.0,64.0
64.23,1625449482.0,64.0
9.04,1625449482.0,64.0
-48.75,1625449482.0,64.0
-108.65,1625449482.0,64.0
-169.24,1625449482.0,64.0
-227.22,1625449482.0,64.0
-277.75,1625449482.0,64.0
-315.66,1625449482.0,64.0
-336.9,1625449482.0,64.0
-339.61,1625449482.0,64.0
-324.44,1625449482.0,64.0
-294.02,1625449482.0,64.0
-252.38,1625449482.0,64.0
-204.07,1625449482.0,64.0
-153.35,1625449482.0,64.0
-103.85,1625449482.0,64.0
-58.08,1625449482.0,64.0
-17.19,1625449482.0,64.0
19.12,1625449482.0,64.0
52.67,1625449482.0,64.0
86.81,1625449482.0,64.0
125.99,1625449482.0,64.0
174.34,1625449482.0,64.0
233.72,1625449482.0,64.0
301.71,1625449482.0,64.0
371.01,1625449482.0,64.0
431.12,1625449482.0,64.0
471.61,1625449482.0,64.0
485.86,1625449482.0,64.0
473.55,1625449482.0,64.0
440.24,1625449482.0,64.0
394.58,1625449482.0,64.0
344.57,1625449482.0,64.0
294.58,1625449482.0,64.0
244.75,1625449482.0,64.0
192.36,1625449482.0,64.0
134.49,1625449482.0,64.0
70.35,1625449482.0,64.0
2.36,1625449482.0,64.0
-64.32,1625449482.0,64.0
-123.38,1625449482.0,64.0
-169.4,1625449482.0,64.0
-199.54,1625449482.0,64.0
-214.3,1625449482.0,64.0
-217.12,1625449482.0,64.0
-212.86,1625449482.0,64.0
-205.86,1625449482.0,64.0
-198.63,1625449482.0,64.0
-191.5,1625449482.0,64.0
-183.56,1625449482.0,64.0
-173.92,1625449482.0,64.0
-162.7,1625449482.0,64.0
-150.97,1625449482.0,64.0
-139.9,1625449482.0,64.0
-129.84,1625449482.0,64.0
-119.9,1625449482.0,64.0
-108.44,1625449482.0,64.0
-94.16,1625449482.0,64.0
-76.97,1625449482.0,64.0
-58.33,1625449482.0,64.0
-40.84,1625449482.0,64.0
-27.1,1625449482.0,64.0
-18.62,1625449482.0,64.0
-15.19,1625449482.0,64.0
-14.99,1625449482.0,64.0
-15.42,1625449482.0,64.0
-14.05,1625449482.0,64.0
-9.65,1625449482.0,64.0
-2.51,1625449482.0,64.0
5.76,1625449482.0,64.0
12.92,1625449482.0,64.0
16.96,1625449482.0,64.0
16.8,1625449482.0,64.0
12.56,1625449482.0,64.0
5.58,1625449482.0,64.0
-2.11,1625449482.0,64.0
-8.5,1625449482.0,64.0
-12.28,1625449482.0,64.0
-13.43,1625449482.0,64.0
-13.34,1625449482.0,64.0
-14.53,1625449482.0,64.0
-20.1,1625449482.0,64.0
-33.14,1625449482.0,64.0
-55.84,1625449482.0,64.0
-88.63,1625449482.0,64.0
-129.32,1625449482.0,64.0
-172.85,1625449482.0,64.0
-211.89,1625449482.0,64.0
-238.64,1625449482.0,64.0
-247.13,1625449482.0,64.0
-235.16,1625449482.0,64.0
-204.91,1625449482.0,64.0
-161.83,1625449482.0,64.0
-112.35,1625449482.0,64.0
-61.33,1625449482.0,64.0
-10.6,1625449482.0,64.0
40.9,1625449482.0,64.0
95.65,1625449482.0,64.0
155.36,1625449482.0,64.0
219.34,1625449482.0,64.0
283.96,1625449482.0,64.0
343.21,1625449482.0,64.0
390.16,1625449482.0,64.0
418.78,1625449482.0,64.0
425.27,1625449482.0,64.0
408.68,1625449482.0,64.0
370.77,1625449482.0,64.0
315.38,1625449482.0,64.0
247.8,1625449482.0,64.0
174.34,1625449482.0,64.0
101.76,1625449482.0,64.0
36.43,1625449482.0,64.0
-16.88,1625449482.0,64.0
-56.21,1625449482.0,64.0
-83.0,1625449482.0,64.0
-101.34,1625449482.0,64.0
-116.26,1625449482.0,64.0
-131.74,1625449482.0,64.0
-149.4,1625449482.0,64.0
-168.62,1625449482.0,64.0
-187.84,1625449482.0,64.0
-206.16,1625449482.0,64.0
-224.13,1625449482.0,64.0
-243.22,1625449482.0,64.0
-264.13,1625449482.0,64.0
-285.35,1625449482.0,64.0
-302.74,1625449482.0,64.0
-310.71,1625449482.0,64.0
-304.21,1625449482.0,64.0
-280.47,1625449482.0,64.0
-239.96,1625449482.0,64.0
-186.05,1625449482.0,64.0
-123.93,1625449482.0,64.0
-59.56,1625449482.0,64.0
1.14,1625449482.0,64.0
52.89,1625449482.0,64.0
91.55,1625449482.0,64.0
114.86,1625449482.0,64.0
123.17,1625449482.0,64.0
119.49,1625449482.0,64.0
108.83,1625449482.0,64.0
96.63,1625449482.0,64.0
87.28,1625449482.0,64.0
83.0,1625449482.0,64.0
84.0,1625449482.0,64.0
89.16,1625449482.0,64.0
96.9,1625449482.0,64.0
105.67,1625449482.0,64.0
114.12,1625449482.0,64.0
121.13,1625449482.0,64.0
125.9,1625449482.0,64.0
128.25,1625449482.0,64.0
128.68,1625449482.0,64.0
128.14,1625449482.0,64.0
127.59,1625449482.0,64.0
127.46,1625449482.0,64.0
127.51,1625449482.0,64.0
127.14,1625449482.0,64.0
125.84,1625449482.0,64.0
123.6,1625449482.0,64.0
120.82,1625449482.0,64.0
118.03,1625449482.0,64.0
115.39,1625449482.0,64.0
112.65,1625449482.0,64.0
109.2,1625449482.0,64.0
104.54,1625449482.0,64.0
98.44,1625449482.0,64.0
90.94,1625449482.0,64.0
82.18,1625449482.0,64.0
72.23,1625449482.0,64.0
61.22,1625449482.0,64.0
49.46,1625449482.0,64.0
37.65,1625449482.0,64.0
26.74,1625449482.0,64.0
17.63,1625449482.0,64.0
10.77,1625449482.0,64.0
5.99,1625449482.0,64.0
2.52,1625449482.0,64.0
-0.68,1625449482.0,64.0
-4.65,1625449482.0,64.0
-10.21,1625449482.0,64.0
-17.92,1625449482.0,64.0
-27.98,1625449482.0,64.0
-40.21,1625449482.0,64.0
-53.78,1625449482.0,64.0
-67.15,1625449482.0,64.0
-78.2,1625449482.0,64.0
-84.8,1625449482.0,64.0
-85.46,1625449482.0,64.0
-79.95,1625449482.0,64.0
-69.26,1625449482.0,64.0
-55.24,1625449482.0,64.0
-39.86,1625449482.0,64.0
-24.66,1625449482.0,64.0
-10.63,1625449482.0,64.0
1.71,1625449482.0,64.0
12.01,1625449482.0,64.0
19.95,1625449482.0,64.0
25.34,1625449482.0,64.0
28.33,1625449482.0,64.0
29.49,1625449482.0,64.0
29.68,1625449482.0,64.0
29.86,1625449482.0,64.0
30.72,1625449482.0,64.0
32.63,1625449482.0,64.0
35.46,1625449482.0,64.0
38.66,1625449482.0,64.0
41.45,1625449482.0,64.0
42.97,1625449482.0,64.0
42.59,1625449482.0,64.0
40.17,1625449482.0,64.0
36.11,1625449482.0,64.0
31.17,1625449482.0,64.0
26.2,1625449482.0,64.0
21.8,1625449482.0,64.0
18.2,1625449482.0,64.0
15.36,1625449482.0,64.0
13.2,1625449482.0,64.0
11.78,1625449482.0,64.0
11.31,1625449482.0,64.0
12.07,1625449482.0,64.0
14.13,1625449482.0,64.0
17.24,1625449482.0,64.0
20.65,1625449482.0,64.0
23.21,1625449482.0,64.0
23.49,1625449482.0,64.0
20.18,1625449482.0,64.0
12.53,1625449482.0,64.0
0.86,1625449482.0,64.0
-13.34,1625449482.0,64.0
-27.62,1625449482.0,64.0
-39.23,1625449482.0,64.0
-45.97,1625449482.0,64.0
-46.87,1625449482.0,64.0
-42.37,1625449482.0,64.0
-34.06,1625449482.0,64.0
-24.17,1625449482.0,64.0
-14.95,1625449482.0,64.0
-8.26,1625449482.0,64.0
-5.34,1625449482.0,64.0
-6.72,1625449482.0,64.0
-12.22,1625449482.0,64.0
-20.97,1625449482.0,64.0
-31.59,1625449482.0,64.0
-42.5,1625449482.0,64.0
-52.34,1625449482.0,64.0
-60.36,1625449482.0,64.0
-66.62,1625449482.0,64.0
-71.84,1625449482.0,64.0
-77.19,1625449482.0,64.0
-83.83,1625449482.0,64.0
-92.54,1625449482.0,64.0
-103.42,1625449482.0,64.0
-115.63,1625449482.0,64.0
-127.52,1625449482.0,64.0
-136.84,1625449482.0,64.0
-141.29,1625449482.0,64.0
-139.14,1625449482.0,64.0
-129.75,1625449482.0,64.0
-113.74,1625449482.0,64.0
-92.77,1625449482.0,64.0
-69.01,1625449482.0,64.0
-44.5,1625449482.0,64.0
-20.83,1625449482.0,64.0
1.03,1625449482.0,64.0
20.48,1625449482.0,64.0
37.18,1625449482.0,64.0
50.91,1625449482.0,64.0
61.69,1625449482.0,64.0
69.75,1625449482.0,64.0
75.36,1625449482.0,64.0
78.66,1625449482.0,64.0
79.45,1625449482.0,64.0
77.29,1625449482.0,64.0
71.91,1625449482.0,64.0
63.58,1625449482.0,64.0
53.45,1625449482.0,64.0
43.43,1625449482.0,64.0
35.74,1625449482.0,64.0
32.27,1625449482.0,64.0
34.02,1625449482.0,64.0
40.83,1625449482.0,64.0
51.33,1625449482.0,64.0
63.35,1625449482.0,64.0
74.38,1625449482.0,64.0
82.21,1625449482.0,64.0
85.53,1625449482.0,64.0
84.16,1625449482.0,64.0
79.06,1625449482.0,64.0
71.81,1625449482.0,64.0
64.11,1625449482.0,64.0
57.17,1625449482.0,64.0
51.53,1625449482.0,64.0
47.06,1625449482.0,64.0
43.23,1625449482.0,64.0
39.43,1625449482.0,64.0
35.16,1625449482.0,64.0
30.14,1625449482.0,64.0
24.2,1625449482.0,64.0
17.26,1625449482.0,64.0
9.17,1625449482.0,64.0
-0.17,1625449482.0,64.0
-10.74,1625449482.0,64.0
-22.21,1625449482.0,64.0
-33.92,1625449482.0,64.0
-44.93,1625449482.0,64.0
-54.3,1625449482.0,64.0
-61.34,1625449482.0,64.0
-65.87,1625449482.0,64.0
-68.27,1625449482.0,64.0
-69.28,1625449482.0,64.0
-69.78,1625449482.0,64.0
-70.57,1625449482.0,64.0
-72.22,1625449482.0,64.0
-75.03,1625449482.0,64.0
-78.94,1625449482.0,64.0
-83.57,1625449482.0,64.0
-88.21,1625449482.0,64.0
-91.87,1625449482.0,64.0
-93.53,1625449482.0,64.0
-92.31,1625449482.0,64.0
-87.65,1625449482.0,64.0
-79.42,1625449482.0,64.0
-67.93,1625449482.0,64.0
-53.83,1625449482.0,64.0
-38.06,1625449482.0,64.0
-21.69,1625449482.0,64.0
-5.78,1625449482.0,64.0
8.67,1625449482.0,64.0
21.02,1625449482.0,64.0
30.94,1625449482.0,64.0
38.54,1625449482.0,64.0
44.26,1625449482.0,64.0
48.64,1625449482.0,64.0
52.21,1625449482.0,64.0
55.28,1625449482.0,64.0
57.92,1625449482.0,64.0
59.9,1625449482.0,64.0
60.85,1625449482.0,64.0
60.38,1625449482.0,64.0
58.37,1625449482.0,64.0
55.14,1625449482.0,64.0
51.37,1625449482.0,64.0
47.89,1625449482.0,64.0
45.26,1625449482.0,64.0
43.53,1625449482.0,64.0
42.27,1625449482.0,64.0
40.92,1625449482.0,64.0
39.11,1625449482.0,64.0
36.93,1625449482.0,64.0
34.82,1625449482.0,64.0
33.19,1625449482.0,64.0
32.13,1625449482.0,64.0
31.23,1625449482.0,64.0
29.83,1625449482.0,64.0
27.32,1625449482.0,64.0
23.5,1625449482.0,64.0
18.54,1625449482.0,64.0
12.79,1625449482.0,64.0
6.62,1625449482.0,64.0
0.27,1625449482.0,64.0
-6.02,1625449482.0,64.0
-12.07,1625449482.0,64.0
-17.76,1625449482.0,64.0
-23.27,1625449482.0,64.0
-29.05,1625449482.0,64.0
-35.82,1625449482.0,64.0
-44.19,1625449482.0,64.0
-54.29,1625449482.0,64.0
-65.59,1625449482.0,64.0
-76.94,1625449482.0,64.0
-87.07,1625449482.0,64.0
-94.92,1625449482.0,64.0
-100.06,1625449482.0,64.0
-102.63,1625449482.0,64.0
-103.18,1625449482.0,64.0
-102.21,1625449482.0,64.0
-100.02,1625449482.0,64.0
-96.6,1625449482.0,64.0
-91.74,1625449482.0,64.0
-85.23,1625449482.0,64.0
-77.09,1625449482.0,64.0
-67.68,1625449482.0,64.0
-57.7,1625449482.0,64.0
-48.01,1625449482.0,64.0
-39.38,1625449482.0,64.0
-32.25,1625449482.0,64.0
-26.62,1625449482.0,64.0
-22.23,1625449482.0,64.0
-18.74,1625449482.0,64.0
-16.04,1625449482.0,64.0
-14.32,1625449482.0,64.0
-13.84,1625449482.0,64.0
-14.68,1625449482.0,64.0
-16.54,1625449482.0,64.0
-18.71,1625449482.0,64.0
-20.42,1625449482.0,64.0
-21.21,1625449482.0,64.0
-21.16,1625449482.0,64.0
-20.94,1625449482.0,64.0
-21.42,1625449482.0,64.0
-23.28,1625449482.0,64.0
-26.76,1625449482.0,64.0
-31.58,1625449482.0,64.0
-37.27,1625449482.0,64.0
-43.41,1625449482.0,64.0
-49.78,1625449482.0,64.0
-56.39,1625449482.0,64.0
-63.08,1625449482.0,64.0
-69.39,1625449482.0,64.0
-74.43,1625449482.0,64.0
-77.16,1625449482.0,64.0
-76.71,1625449482.0,64.0
-72.69,1625449482.0,64.0
-65.35,1625449482.0,64.0
-55.39,1625449482.0,64.0
-43.74,1625449482.0,64.0
-31.22,1625449482.0,64.0
-18.46,1625449482.0,64.0
-5.95,1625449482.0,64.0
5.86,1625449482.0,64.0
16.46,1625449482.0,64.0
25.41,1625449482.0,64.0
32.38,1625449482.0,64.0
37.26,1625449482.0,64.0
40.22,1625449482.0,64.0
41.6,1625449482.0,64.0
41.89,1625449482.0,64.0
41.75,1625449482.0,64.0
41.96,1625449482.0,64.0
43.35,1625449482.0,64.0
46.63,1625449482.0,64.0
52.2,1625449482.0,64.0
60.04,1625449482.0,64.0
69.72,1625449482.0,64.0
80.54,1625449482.0,64.0
91.68,1625449482.0,64.0
102.18,1625449482.0,64.0
111.15,1625449482.0,64.0
117.69,1625449482.0,64.0
121.21,1625449482.0,64.0
121.51,1625449482.0,64.0
119.02,1625449482.0,64.0
114.66,1625449482.0,64.0
109.56,1625449482.0,64.0
104.64,1625449482.0,64.0
100.18,1625449482.0,64.0
95.75,1625449482.0,64.0
90.33,1625449482.0,64.0
82.8,1625449482.0,64.0
72.36,1625449482.0,64.0
58.9,1625449482.0,64.0
42.97,1625449482.0,64.0
25.6,1625449482.0,64.0
7.99,1625449482.0,64.0
-8.85,1625449482.0,64.0
-24.19,1625449482.0,64.0
-37.49,1625449482.0,64.0
-48.25,1625449482.0,64.0
-55.85,1625449482.0,64.0
-59.63,1625449482.0,64.0
-59.15,1625449482.0,64.0
-54.44,1625449482.0,64.0
-46.19,1625449482.0,64.0
-35.58,1625449482.0,64.0
-23.85,1625449482.0,64.0
-11.67,1625449482.0,64.0
1.18,1625449482.0,64.0
15.52,1625449482.0,64.0
32.1,1625449482.0,64.0
50.59,1625449482.0,64.0
69.22,1625449482.0,64.0
85.22,1625449482.0,64.0
96.02,1625449482.0,64.0
100.61,1625449482.0,64.0
100.13,1625449482.0,64.0
97.19,1625449482.0,64.0
94.51,1625449482.0,64.0
93.34,1625449482.0,64.0
92.88,1625449482.0,64.0
90.99,1625449482.0,64.0
85.68,1625449482.0,64.0
76.49,1625449482.0,64.0
64.97,1625449482.0,64.0
53.82,1625449482.0,64.0
45.44,1625449482.0,64.0
40.62,1625449482.0,64.0
38.19,1625449482.0,64.0
35.72,1625449482.0,64.0
30.85,1625449482.0,64.0
22.44,1625449482.0,64.0
10.99,1625449482.0,64.0
-1.74,1625449482.0,64.0
-13.78,1625449482.0,64.0
-23.74,1625449482.0,64.0
-31.24,1625449482.0,64.0
-36.56,1625449482.0,64.0
-40.09,1625449482.0,64.0
-41.78,1625449482.0,64.0
-41.04,1625449482.0,64.0
-37.23,1625449482.0,64.0
-30.1,1625449482.0,64.0
-20.18,1625449482.0,64.0
-8.63,1625449482.0,64.0
3.21,1625449482.0,64.0
14.42,1625449482.0,64.0
24.69,1625449482.0,64.0
34.37,1625449482.0,64.0
44.0,1625449482.0,64.0
53.95,1625449482.0,64.0
64.11,1625449482.0,64.0
73.75,1625449482.0,64.0
81.76,1625449482.0,64.0
86.9,1625449482.0,64.0
88.24,1625449482.0,64.0
85.47,1625449482.0,64.0
79.03,1625449482.0,64.0
70.05,1625449482.0,64.0
59.95,1625449482.0,64.0
50.03,1625449482.0,64.0
41.07,1625449482.0,64.0
33.21,1625449482.0,64.0
26.2,1625449482.0,64.0
19.72,1625449482.0,64.0
13.68,1625449482.0,64.0
8.31,1625449482.0,64.0
3.98,1625449482.0,64.0
0.86,1625449482.0,64.0
-1.29,1625449482.0,64.0
-3.06,1625449482.0,64.0
-5.21,1625449482.0,64.0
-8.32,1625449482.0,64.0
-12.56,1625449482.0,64.0
-17.75,1625449482.0,64.0
-23.42,1625449482.0,64.0
-29.07,1625449482.0,64.0
-34.31,1625449482.0,64.0
-38.87,1625449482.0,64.0
-42.64,1625449482.0,64.0
-45.65,1625449482.0,64.0
-48.16,1625449482.0,64.0
-50.66,1625449482.0,64.0
-53.87,1625449482.0,64.0
-58.58,1625449482.0,64.0
-65.38,1625449482.0,64.0
-74.43,1625449482.0,64.0
-85.29,1625449482.0,64.0
-97.05,1625449482.0,64.0
-108.54,1625449482.0,64.0
-118.61,1625449482.0,64.0
-126.29,1625449482.0,64.0
-130.92,1625449482.0,64.0
-132.14,1625449482.0,64.0
-129.86,1625449482.0,64.0
-124.23,1625449482.0,64.0
-115.56,1625449482.0,64.0
-104.28,1625449482.0,64.0
-90.88,1625449482.0,64.0
-75.93,1625449482.0,64.0
-60.1,1625449482.0,64.0
-44.16,1625449482.0,64.0
-28.96,1625449482.0,64.0
-15.35,1625449482.0,64.0
-4.03,1625449482.0,64.0
4.6,1625449482.0,64.0
10.57,1625449482.0,64.0
14.36,1625449482.0,64.0
16.83,1625449482.0,64.0
19.05,1625449482.0,64.0
21.92,1625449482.0,64.0
25.94,1625449482.0,64.0
31.01,1625449482.0,64.0
36.52,1625449482.0,64.0
41.56,1625449482.0,64.0
45.33,1625449482.0,64.0
47.5,1625449482.0,64.0
48.16,1625449482.0,64.0
47.85,1625449482.0,64.0
47.14,1625449482.0,64.0
46.44,1625449482.0,64.0
45.94,1625449482.0,64.0
45.73,1625449482.0,64.0
46.09,1625449482.0,64.0
47.62,1625449482.0,64.0
51.14,1625449482.0,64.0
57.22,1625449482.0,64.0
65.73,1625449482.0,64.0
75.48,1625449482.0,64.0
84.52,1625449482.0,64.0
90.71,1625449482.0,64.0
92.44,1625449482.0,64.0
88.92,1625449482.0,64.0
80.03,1625449482.0,64.0
65.79,1625449482.0,64.0
45.93,1625449482.0,64.0
20.1,1625449482.0,64.0
-11.5,1625449482.0,64.0
-47.31,1625449482.0,64.0
-84.21,1625449482.0,64.0
-118.25,1625449482.0,64.0
-145.91,1625449482.0,64.0
-165.28,1625449482.0,64.0
-176.42,1625449482.0,64.0
-180.77,1625449482.0,64.0
-179.86,1625449482.0,64.0
-174.47,1625449482.0,64.0
-164.31,1625449482.0,64.0
-148.78,1625449482.0,64.0
-127.97,1625449482.0,64.0
-103.17,1625449482.0,64.0
-76.8,1625449482.0,64.0
-51.53,1625449482.0,64.0
-29.42,1625449482.0,64.0
-11.45,1625449482.0,64.0
2.32,1625449482.0,64.0
12.1,1625449482.0,64.0
17.76,1625449482.0,64.0
18.63,1625449482.0,64.0
13.94,1625449482.0,64.0
3.5,1625449482.0,64.0
-11.72,1625449482.0,64.0
-29.45,1625449482.0,64.0
-46.63,1625449482.0,64.0
-60.29,1625449482.0,64.0
-68.46,1625449482.0,64.0
-70.7,1625449482.0,64.0
-68.07,1625449482.0,64.0
-62.59,1625449482.0,64.0
-56.4,1625449482.0,64.0
-51.15,1625449482.0,64.0
-47.59,1625449482.0,64.0
-45.7,1625449482.0,64.0
-45.12,1625449482.0,64.0
-45.63,1625449482.0,64.0
-47.25,1625449482.0,64.0
-50.12,1625449482.0,64.0
-54.1,1625449482.0,64.0
-58.71,1625449482.0,64.0
-63.31,1625449482.0,64.0
-67.59,1625449482.0,64.0
-72.03,1625449482.0,64.0
-77.84,1625449482.0,64.0
-86.27,1625449482.0,64.0
-97.68,1625449482.0,64.0
-110.95,1625449482.0,64.0
-123.56,1625449482.0,64.0
-132.57,1625449482.0,64.0
-135.78,1625449482.0,64.0
-132.41,1625449482.0,64.0
-123.12,1625449482.0,64.0
-109.46,1625449482.0,64.0
-93.06,1625449482.0,64.0
-75.15,1625449482.0,64.0
-56.52,1625449482.0,64.0
-37.59,1625449482.0,64.0
-18.48,1625449482.0,64.0
1.06,1625449482.0,64.0
21.89,1625449482.0,64.0
45.4,1625449482.0,64.0
72.84,1625449482.0,64.0
104.32,1625449482.0,64.0
137.99,1625449482.0,64.0
170.12,1625449482.0,64.0
196.26,1625449482.0,64.0
213.02,1625449482.0,64.0
219.37,1625449482.0,64.0
216.87,1625449482.0,64.0
208.54,1625449482.0,64.0
197.23,1625449482.0,64.0
184.31,1625449482.0,64.0
169.46,1625449482.0,64.0
151.67,1625449482.0,64.0
130.46,1625449482.0,64.0
106.65,1625449482.0,64.0
82.16,1625449482.0,64.0
59.14,1625449482.0,64.0
38.98,1625449482.0,64.0
22.09,1625449482.0,64.0
8.27,1625449482.0,64.0
-2.68,1625449482.0,64.0
-10.69,1625449482.0,64.0
-15.62,1625449482.0,64.0
-17.73,1625449482.0,64.0
-17.99,1625449482.0,64.0
-17.91,1625449482.0,64.0
-19.13,1625449482.0,64.0
-22.83,1625449482.0,64.0
-29.2,1625449482.0,64.0
-37.36,1625449482.0,64.0
-45.55,1625449482.0,64.0
-51.59,1625449482.0,64.0
-53.47,1625449482.0,64.0
-49.82,1625449482.0,64.0
-40.39,1625449482.0,64.0
-25.96,1625449482.0,64.0
-8.12,1625449482.0,64.0
11.25,1625449482.0,64.0
30.6,1625449482.0,64.0
49.03,1625449482.0,64.0
66.35,1625449482.0,64.0
82.79,1625449482.0,64.0
98.54,1625449482.0,64.0
113.31,1625449482.0,64.0
126.19,1625449482.0,64.0
135.86,1625449482.0,64.0
141.09,1625449482.0,64.0
141.28,1625449482.0,64.0
136.81,1625449482.0,64.0
128.94,1625449482.0,64.0
119.41,1625449482.0,64.0
109.75,1625449482.0,64.0
100.75,1625449482.0,64.0
92.4,1625449482.0,64.0
84.15,1625449482.0,64.0
75.47,1625449482.0,64.0
66.27,1625449482.0,64.0
56.97,1625449482.0,64.0
48.3,1625449482.0,64.0
40.84,1625449482.0,64.0
34.77,1625449482.0,64.0
29.76,1625449482.0,64.0
25.26,1625449482.0,64.0
20.7,1625449482.0,64.0
15.84,1625449482.0,64.0
10.68,1625449482.0,64.0
5.31,1625449482.0,64.0
-0.34,1625449482.0,64.0
-6.69,1625449482.0,64.0
-14.59,1625449482.0,64.0
-25.09,1625449482.0,64.0
-39.13,1625449482.0,64.0
-57.01,1625449482.0,64.0
-78.02,1625449482.0,64.0
-100.29,1625449482.0,64.0
-121.12,1625449482.0,64.0
-137.52,1625449482.0,64.0
-147.08,1625449482.0,64.0
-148.61,1625449482.0,64.0
-142.42,1625449482.0,64.0
-130.12,1625449482.0,64.0
-114.12,1625449482.0,64.0
-96.92,1625449482.0,64.0
-80.65,1625449482.0,64.0
-66.79,1625449482.0,64.0
-56.17,1625449482.0,64.0
-49.06,1625449482.0,64.0
-45.22,1625449482.0,64.0
-43.98,1625449482.0,64.0
-44.34,1625449482.0,64.0
-45.12,1625449482.0,64.0
-45.27,1625449482.0,64.0
-44.05,1625449482.0,64.0
-41.23,1625449482.0,64.0
-36.94,1625449482.0,64.0
-31.43,1625449482.0,64.0
-24.75,1625449482.0,64.0
-16.43,1625449482.0,64.0
-5.58,1625449482.0,64.0
8.79,1625449482.0,64.0
27.06,1625449482.0,64.0
48.49,1625449482.0,64.0
71.1,1625449482.0,64.0
92.14,1625449482.0,64.0
108.89,1625449482.0,64.0
119.51,1625449482.0,64.0
123.43,1625449482.0,64.0
121.27,1625449482.0,64.0
114.38,1625449482.0,64.0
104.39,1625449482.0,64.0
92.94,1625449482.0,64.0
81.52,1625449482.0,64.0
71.42,1625449482.0,64.0
63.44,1625449482.0,64.0
57.67,1625449482.0,64.0
53.37,1625449482.0,64.0
49.15,1625449482.0,64.0
43.57,1625449482.0,64.0
35.65,1625449482.0,64.0
25.25,1625449482.0,64.0
13.06,1625449482.0,64.0
0.17,1625449482.0,64.0
-12.33,1625449482.0,64.0
-23.72,1625449482.0,64.0
-33.67,1625449482.0,64.0
-42.14,1625449482.0,64.0
-49.21,1625449482.0,64.0
-54.95,1625449482.0,64.0
-59.5,1625449482.0,64.0
-63.16,1625449482.0,64.0
-66.35,1625449482.0,64.0
-69.51,1625449482.0,64.0
-72.8,1625449482.0,64.0
-75.88,1625449482.0,64.0
-77.88,1625449482.0,64.0
-77.79,1625449482.0,64.0
-75.01,1625449482.0,64.0
-69.7,1625449482.0,64.0
-62.77,1625449482.0,64.0
-55.38,1625449482.0,64.0
-48.19,1625449482.0,64.0
-40.98,1625449482.0,64.0
-32.76,1625449482.0,64.0
-22.6,1625449482.0,64.0
-10.35,1625449482.0,64.0
2.93,1625449482.0,64.0
15.33,1625449482.0,64.0
24.85,1625449482.0,64.0
30.34,1625449482.0,64.0
31.96,1625449482.0,64.0
30.97,1625449482.0,64.0
29.0,1625449482.0,64.0
27.33,1625449482.0,64.0
26.41,1625449482.0,64.0
25.94,1625449482.0,64.0
25.28,1625449482.0,64.0
23.92,1625449482.0,64.0
21.75,1625449482.0,64.0
19.06,1625449482.0,64.0
16.29,1625449482.0,64.0
13.79,1625449482.0,64.0
11.67,1625449482.0,64.0
9.77,1625449482.0,64.0
7.79,1625449482.0,64.0
5.36,1625449482.0,64.0
2.24,1625449482.0,64.0
-1.58,1625449482.0,64.0
-5.97,1625449482.0,64.0
-10.63,1625449482.0,64.0
-15.22,1625449482.0,64.0
-19.39,1625449482.0,64.0
-22.81,1625449482.0,64.0
-25.12,1625449482.0,64.0
-25.89,1625449482.0,64.0
-24.65,1625449482.0,64.0
-21.1,1625449482.0,64.0
-15.23,1625449482.0,64.0
-7.38,1625449482.0,64.0
1.74,1625449482.0,64.0
11.28,1625449482.0,64.0
20.35,1625449482.0,64.0
28.29,1625449482.0,64.0
34.67,1625449482.0,64.0
39.34,1625449482.0,64.0
42.46,1625449482.0,64.0
44.31,1625449482.0,64.0
45.28,1625449482.0,64.0
45.61,1625449482.0,64.0
45.37,1625449482.0,64.0
44.38,1625449482.0,64.0
42.47,1625449482.0,64.0
39.65,1625449482.0,64.0
36.29,1625449482.0,64.0
33.02,1625449482.0,64.0
30.47,1625449482.0,64.0
28.95,1625449482.0,64.0
28.24,1625449482.0,64.0
27.72,1625449482.0,64.0
26.62,1625449482.0,64.0
24.4,1625449482.0,64.0
21.01,1625449482.0,64.0
16.85,1625449482.0,64.0
12.66,1625449482.0,64.0
9.2,1625449482.0,64.0
6.95,1625449482.0,64.0
6.04,1625449482.0,64.0
6.14,1625449482.0,64.0
6.67,1625449482.0,64.0
6.89,1625449482.0,64.0
6.2,1625449482.0,64.0
4.24,1625449482.0,64.0
0.99,1625449482.0,64.0
-3.26,1625449482.0,64.0
-8.07,1625449482.0,64.0
-13.03,1625449482.0,64.0
-17.86,1625449482.0,64.0
-22.43,1625449482.0,64.0
-26.57,1625449482.0,64.0
-30.03,1625449482.0,64.0
-32.39,1625449482.0,64.0
-33.07,1625449482.0,64.0
-31.49,1625449482.0,64.0
-27.26,1625449482.0,64.0
-20.28,1625449482.0,64.0
-10.89,1625449482.0,64.0
0.21,1625449482.0,64.0
12.02,1625449482.0,64.0
23.43,1625449482.0,64.0
33.43,1625449482.0,64.0
41.29,1625449482.0,64.0
46.81,1625449482.0,64.0
50.29,1625449482.0,64.0
52.54,1625449482.0,64.0
54.65,1625449482.0,64.0
57.58,1625449482.0,64.0
61.79,1625449482.0,64.0
66.95,1625449482.0,64.0
71.94,1625449482.0,64.0
75.23,1625449482.0,64.0
75.58,1625449482.0,64.0
72.53,1625449482.0,64.0
66.68,1625449482.0,64.0
59.35,1625449482.0,64.0
51.92,1625449482.0,64.0
45.15,1625449482.0,64.0
38.93,1625449482.0,64.0
32.52,1625449482.0,64.0
25.08,1625449482.0,64.0
16.19,1625449482.0,64.0
6.09,1625449482.0,64.0
-4.49,1625449482.0,64.0
-14.75,1625449482.0,64.0
-24.01,1625449482.0,64.0
-31.92,1625449482.0,64.0
-38.35,1625449482.0,64.0
-43.33,1625449482.0,64.0
-47.06,1625449482.0,64.0
-49.86,1625449482.0,64.0
-52.23,1625449482.0,64.0
-54.73,1625449482.0,64.0
-57.89,1625449482.0,64.0
-62.11,1625449482.0,64.0
-67.61,1625449482.0,64.0
-74.3,1625449482.0,64.0
-81.72,1625449482.0,64.0
-88.97,1625449482.0,64.0
-94.81,1625449482.0,64.0
-97.91,1625449482.0,64.0
-97.2,1625449482.0,64.0
-92.31,1625449482.0,64.0
-83.72,1625449482.0,64.0
-72.68,1625449482.0,64.0
-60.74,1625449482.0,64.0
-49.34,1625449482.0,64.0
-39.36,1625449482.0,64.0
-31.09,1625449482.0,64.0
-24.43,1625449482.0,64.0
-19.17,1625449482.0,64.0
-15.25,1625449482.0,64.0
-12.73,1625449482.0,64.0
-11.68,1625449482.0,64.0
-11.96,1625449482.0,64.0
-13.17,1625449482.0,64.0
-14.73,1625449482.0,64.0
-16.13,1625449482.0,64.0
-17.13,1625449482.0,64.0
-17.84,1625449482.0,64.0
-18.67,1625449482.0,64.0
-20.15,1625449482.0,64.0
-22.73,1625449482.0,64.0
-26.55,1625449482.0,64.0
-31.43,1625449482.0,64.0
-36.81,1625449482.0,64.0
-41.86,1625449482.0,64.0
-45.66,1625449482.0,64.0
-47.42,1625449482.0,64.0
-46.72,1625449482.0,64.0
-43.65,1625449482.0,64.0
-38.77,1625449482.0,64.0
-33.04,1625449482.0,64.0
-27.5,1625449482.0,64.0
-23.14,1625449482.0,64.0
-20.81,1625449482.0,64.0
-21.22,1625449482.0,64.0
-24.97,1625449482.0,64.0
-32.41,1625449482.0,64.0
-43.28,1625449482.0,64.0
-56.54,1625449482.0,64.0
-70.29,1625449482.0,64.0
-82.01,1625449482.0,64.0
-89.27,1625449482.0,64.0
-90.41,1625449482.0,64.0
-85.11,1625449482.0,64.0
-74.36,1625449482.0,64.0
-60.14,1625449482.0,64.0
-44.57,1625449482.0,64.0
-29.32,1625449482.0,64.0
-15.27,1625449482.0,64.0
-2.65,1625449482.0,64.0
8.6,1625449482.0,64.0
18.52,1625449482.0,64.0
27.08,1625449482.0,64.0
34.47,1625449482.0,64.0
41.27,1625449482.0,64.0
48.51,1625449482.0,64.0
57.27,1625449482.0,64.0
68.09,1625449482.0,64.0
80.44,1625449482.0,64.0
92.65,1625449482.0,64.0
102.31,1625449482.0,64.0
107.05,1625449482.0,64.0
105.36,1625449482.0,64.0
96.93,1625449482.0,64.0
82.71,1625449482.0,64.0
64.55,1625449482.0,64.0
44.76,1625449482.0,64.0
25.7,1625449482.0,64.0
9.49,1625449482.0,64.0
-2.43,1625449482.0,64.0
-9.54,1625449482.0,64.0
-12.4,1625449482.0,64.0
-12.47,1625449482.0,64.0
-11.59,1625449482.0,64.0
-11.33,1625449482.0,64.0
-12.47,1625449482.0,64.0
-14.87,1625449482.0,64.0
-17.73,1625449482.0,64.0
-20.11,1625449482.0,64.0
-21.46,1625449482.0,64.0
-21.77,1625449482.0,64.0
-21.52,1625449482.0,64.0
-21.31,1625449482.0,64.0
-21.64,1625449482.0,64.0
-22.84,1625449482.0,64.0
-25.02,1625449482.0,64.0
-28.2,1625449482.0,64.0
-32.12,1625449482.0,64.0
-36.27,1625449482.0,64.0
-39.71,1625449482.0,64.0
-41.23,1625449482.0,64.0
-39.7,1625449482.0,64.0
-34.48,1625449482.0,64.0
-25.75,1625449482.0,64.0
-14.52,1625449482.0,64.0
-2.33,1625449482.0,64.0
9.32,1625449482.0,64.0
19.4,1625449482.0,64.0
27.55,1625449482.0,64.0
33.91,1625449482.0,64.0
38.85,1625449482.0,64.0
42.72,1625449482.0,64.0
45.73,1625449482.0,64.0
48.11,1625449482.0,64.0
50.1,1625449482.0,64.0
52.03,1625449482.0,64.0
54.06,1625449482.0,64.0
56.2,1625449482.0,64.0
58.25,1625449482.0,64.0
59.98,1625449482.0,64.0
61.37,1625449482.0,64.0
62.66,1625449482.0,64.0
64.1,1625449482.0,64.0
65.72,1625449482.0,64.0
67.1,1625449482.0,64.0
67.5,1625449482.0,64.0
66.12,1625449482.0,64.0
62.48,1625449482.0,64.0
56.6,1625449482.0,64.0
48.84,1625449482.0,64.0
39.69,1625449482.0,64.0
29.6,1625449482.0,64.0
18.94,1625449482.0,64.0
8.14,1625449482.0,64.0
-2.23,1625449482.0,64.0
-11.6,1625449482.0,64.0
-19.71,1625449482.0,64.0
-26.75,1625449482.0,64.0
-33.46,1625449482.0,64.0
-40.75,1625449482.0,64.0
-49.39,1625449482.0,64.0
-59.59,1625449482.0,64.0
-71.0,1625449482.0,64.0
-82.83,1625449482.0,64.0
-94.09,1625449482.0,64.0
-103.74,1625449482.0,64.0
-110.72,1625449482.0,64.0
-114.06,1625449482.0,64.0
-112.98,1625449482.0,64.0
-107.07,1625449482.0,64.0
-96.48,1625449482.0,64.0
-81.91,1625449482.0,64.0
-64.58,1625449482.0,64.0
-45.94,1625449482.0,64.0
-27.54,1625449482.0,64.0
-10.94,1625449482.0,64.0
2.46,1625449482.0,64.0
11.5,1625449482.0,64.0
15.61,1625449482.0,64.0
15.1,1625449482.0,64.0
11.23,1625449482.0,64.0
6.03,1625449482.0,64.0
1.77,1625449482.0,64.0
0.26,1625449482.0,64.0
2.44,1625449482.0,64.0
8.32,1625449482.0,64.0
17.2,1625449482.0,64.0
28.12,1625449482.0,64.0
40.04,1625449482.0,64.0
51.99,1625449482.0,64.0
63.09,1625449482.0,64.0
72.65,1625449482.0,64.0
80.42,1625449482.0,64.0
86.77,1625449482.0,64.0
92.69,1625449482.0,64.0
99.37,1625449482.0,64.0
107.63,1625449482.0,64.0
117.43,1625449482.0,64.0
127.74,1625449482.0,64.0
136.86,1625449482.0,64.0
143.11,1625449482.0,64.0
145.29,1625449482.0,64.0
142.95,1625449482.0,64.0
136.3,1625449482.0,64.0
125.94,1625449482.0,64.0
112.6,1625449482.0,64.0
97.02,1625449482.0,64.0
79.91,1625449482.0,64.0
61.96,1625449482.0,64.0
43.8,1625449482.0,64.0
25.97,1625449482.0,64.0
8.83,1625449482.0,64.0
-7.32,1625449482.0,64.0
-22.29,1625449482.0,64.0
-35.85,1625449482.0,64.0
-47.71,1625449482.0,64.0
-57.45,1625449482.0,64.0
-64.6,1625449482.0,64.0
-68.83,1625449482.0,64.0
-70.02,1625449482.0,64.0
-68.5,1625449482.0,64.0
-64.81,1625449482.0,64.0
-59.56,1625449482.0,64.0
-53.09,1625449482.0,64.0
-45.4,1625449482.0,64.0
-36.29,1625449482.0,64.0
-25.69,1625449482.0,64.0
-13.89,1625449482.0,64.0
-1.54,1625449482.0,64.0
10.63,1625449482.0,64.0
22.16,1625449482.0,64.0
33.07,1625449482.0,64.0
43.82,1625449482.0,64.0
54.93,1625449482.0,64.0
66.59,1625449482.0,64.0
78.5,1625449482.0,64.0
89.95,1625449482.0,64.0
100.1,1625449482.0,64.0
108.31,1625449482.0,64.0
114.4,1625449482.0,64.0
118.63,1625449482.0,64.0
121.64,1625449482.0,64.0
124.26,1625449482.0,64.0
127.17,1625449482.0,64.0
130.63,1625449482.0,64.0
134.21,1625449482.0,64.0
136.79,1625449482.0,64.0
136.78,1625449482.0,64.0
132.67,1625449482.0,64.0
123.45,1625449482.0,64.0
108.85,1625449482.0,64.0
89.44,1625449482.0,64.0
66.22,1625449482.0,64.0
40.41,1625449482.0,64.0
13.2,1625449482.0,64.0
-14.28,1625449482.0,64.0
-40.93,1625449482.0,64.0
-65.76,1625449482.0,64.0
-87.99,1625449482.0,64.0
-107.31,1625449482.0,64.0
-123.83,1625449482.0,64.0
-138.09,1625449482.0,64.0
-150.76,1625449482.0,64.0
-162.43,1625449482.0,64.0
-173.37,1625449482.0,64.0
-183.5,1625449482.0,64.0
-192.41,1625449482.0,64.0
-199.35,1625449482.0,64.0
-203.51,1625449482.0,64.0
-204.16,1625449482.0,64.0
-200.96,1625449482.0,64.0
-194.09,1625449482.0,64.0
-184.26,1625449482.0,64.0
-172.51,1625449482.0,64.0
-159.83,1625449482.0,64.0
-146.97,1625449482.0,64.0
-134.34,1625449482.0,64.0
-122.17,1625449482.0,64.0
-110.59,1625449482.0,64.0
-99.81,1625449482.0,64.0
-89.95,1625449482.0,64.0
-80.92,1625449482.0,64.0
-72.36,1625449482.0,64.0
-63.67,1625449482.0,64.0
-54.3,1625449482.0,64.0
-43.95,1625449482.0,64.0
-32.79,1625449482.0,64.0
-21.32,1625449482.0,64.0
-10.21,1625449482.0,64.0
-0.08,1625449482.0,64.0
8.67,1625449482.0,64.0
15.9,1625449482.0,64.0
21.58,1625449482.0,64.0
25.77,1625449482.0,64.0
28.57,1625449482.0,64.0
30.17,1625449482.0,64.0
30.84,1625449482.0,64.0
30.94,1625449482.0,64.0
30.77,1625449482.0,64.0
30.52,1625449482.0,64.0
30.22,1625449482.0,64.0
29.81,1625449482.0,64.0
29.24,1625449482.0,64.0
28.56,1625449482.0,64.0
27.95,1625449482.0,64.0
27.52,1625449482.0,64.0
27.36,1625449482.0,64.0
27.31,1625449482.0,64.0
27.17,1625449482.0,64.0
26.66,1625449482.0,64.0
25.56,1625449482.0,64.0
23.73,1625449482.0,64.0
21.07,1625449482.0,64.0
17.56,1625449482.0,64.0
13.26,1625449482.0,64.0
8.44,1625449482.0,64.0
3.62,1625449482.0,64.0
-0.5,1625449482.0,64.0
-3.18,1625449482.0,64.0
-3.93,1625449482.0,64.0
-2.64,1625449482.0,64.0
0.35,1625449482.0,64.0
4.43,1625449482.0,64.0
8.9,1625449482.0,64.0
13.24,1625449482.0,64.0
17.12,1625449482.0,64.0
20.43,1625449482.0,64.0
23.1,1625449482.0,64.0
25.0,1625449482.0,64.0
26.0,1625449482.0,64.0
25.99,1625449482.0,64.0
25.04,1625449482.0,64.0
23.37,1625449482.0,64.0
21.32,1625449482.0,64.0
19.26,1625449482.0,64.0
17.46,1625449482.0,64.0
16.1,1625449482.0,64.0
15.26,1625449482.0,64.0
14.98,1625449482.0,64.0
15.32,1625449482.0,64.0
16.47,1625449482.0,64.0
18.66,1625449482.0,64.0
22.05,1625449482.0,64.0
26.49,1625449482.0,64.0
31.35,1625449482.0,64.0
35.49,1625449482.0,64.0
37.58,1625449482.0,64.0
36.59,1625449482.0,64.0
32.18,1625449482.0,64.0
24.78,1625449482.0,64.0
15.26,1625449482.0,64.0
4.42,1625449482.0,64.0
-7.32,1625449482.0,64.0
-19.88,1625449482.0,64.0
-33.18,1625449482.0,64.0
-46.76,1625449482.0,64.0
-59.55,1625449482.0,64.0
-70.29,1625449482.0,64.0
-77.93,1625449482.0,64.0
-82.12,1625449482.0,64.0
-83.31,1625449482.0,64.0
-82.47,1625449482.0,64.0
-80.7,1625449482.0,64.0
-78.82,1625449482.0,64.0
-77.17,1625449482.0,64.0
-75.64,1625449482.0,64.0
-73.77,1625449482.0,64.0
-70.93,1625449482.0,64.0
-66.52,1625449482.0,64.0
-60.14,1625449482.0,64.0
-51.73,1625449482.0,64.0
-41.58,1625449482.0,64.0
-30.31,1625449482.0,64.0
-18.66,1625449482.0,64.0
-7.4,1625449482.0,64.0
2.87,1625449482.0,64.0
11.7,1625449482.0,64.0
18.79,1625449482.0,64.0
24.04,1625449482.0,64.0
27.55,1625449482.0,64.0
29.61,1625449482.0,64.0
30.72,1625449482.0,64.0
31.48,1625449482.0,64.0
32.43,1625449482.0,64.0
34.02,1625449482.0,64.0
36.43,1625449482.0,64.0
39.67,1625449482.0,64.0
43.59,1625449482.0,64.0
47.98,1625449482.0,64.0
52.62,1625449482.0,64.0
57.28,1625449482.0,64.0
61.61,1625449482.0,64.0
65.15,1625449482.0,64.0
67.41,1625449482.0,64.0
67.91,1625449482.0,64.0
66.36,1625449482.0,64.0
62.68,1625449482.0,64.0
57.02,1625449482.0,64.0
49.7,1625449482.0,64.0
41.08,1625449482.0,64.0
31.57,1625449482.0,64.0
21.52,1625449482.0,64.0
11.23,1625449482.0,64.0
0.85,1625449482.0,64.0
-9.57,1625449482.0,64.0
-20.07,1625449482.0,64.0
-30.65,1625449482.0,64.0
-41.22,1625449482.0,64.0
-51.56,1625449482.0,64.0
-61.37,1625449482.0,64.0
-70.39,1625449482.0,64.0
-78.45,1625449482.0,64.0
-85.34,1625449482.0,64.0
-90.75,1625449482.0,64.0
-94.12,1625449482.0,64.0
-94.8,1625449482.0,64.0
-92.24,1625449482.0,64.0
-86.19,1625449482.0,64.0
-76.75,1625449482.0,64.0
-64.34,1625449482.0,64.0
-49.54,1625449482.0,64.0
-32.89,1625449482.0,64.0
-15.02,1625449482.0,64.0
3.36,1625449482.0,64.0
21.34,1625449482.0,64.0
37.96,1625449482.0,64.0
52.38,1625449482.0,64.0
64.25,1625449482.0,64.0
73.75,1625449482.0,64.0
81.58,1625449482.0,64.0
88.71,1625449482.0,64.0
96.02,1625449482.0,64.0
104.01,1625449482.0,64.0
112.62,1625449482.0,64.0
121.16,1625449482.0,64.0
128.52,1625449482.0,64.0
133.34,1625449482.0,64.0
134.51,1625449482.0,64.0
131.47,1625449482.0,64.0
124.51,1625449482.0,64.0
114.66,1625449482.0,64.0
103.39,1625449482.0,64.0
92.13,1625449482.0,64.0
81.84,1625449482.0,64.0
72.8,1625449482.0,64.0
64.75,1625449482.0,64.0
57.28,1625449482.0,64.0
50.11,1625449482.0,64.0
43.27,1625449482.0,64.0
36.93,1625449482.0,64.0
31.25,1625449482.0,64.0
26.01,1625449482.0,64.0
20.72,1625449482.0,64.0
14.76,1625449482.0,64.0
7.72,1625449482.0,64.0
-0.37,1625449482.0,64.0
-9.03,1625449482.0,64.0
-17.55,1625449482.0,64.0
-25.25,1625449482.0,64.0
-31.73,1625449482.0,64.0
-36.84,1625449482.0,64.0
-40.53,1625449482.0,64.0
-42.67,1625449482.0,64.0
-42.92,1625449482.0,64.0
-40.88,1625449482.0,64.0
-36.22,1625449482.0,64.0
-28.88,1625449482.0,64.0
-19.07,1625449482.0,64.0
-7.09,1625449482.0,64.0
6.85,1625449482.0,64.0
22.75,1625449482.0,64.0
40.73,1625449482.0,64.0
60.77,1625449482.0,64.0
82.5,1625449482.0,64.0
105.07,1625449482.0,64.0
127.3,1625449482.0,64.0
147.9,1625449482.0,64.0
165.77,1625449482.0,64.0
180.11,1625449482.0,64.0
190.49,1625449482.0,64.0
196.74,1625449482.0,64.0
198.69,1625449482.0,64.0
196.19,1625449482.0,64.0
189.03,1625449482.0,64.0
177.09,1625449482.0,64.0
160.47,1625449482.0,64.0
139.73,1625449482.0,64.0
115.92,1625449482.0,64.0
90.67,1625449482.0,64.0
65.96,1625449482.0,64.0
43.71,1625449482.0,64.0
25.29,1625449482.0,64.0
11.11,1625449482.0,64.0
0.42,1625449482.0,64.0
-8.37,1625449482.0,64.0
-17.23,1625449482.0,64.0
-27.84,1625449482.0,64.0
-41.15,1625449482.0,64.0
-57.36,1625449482.0,64.0
-76.02,1625449482.0,64.0
-96.36,1625449482.0,64.0
-117.4,1625449482.0,64.0
-138.0,1625449482.0,64.0
-156.86,1625449482.0,64.0
-172.7,1625449482.0,64.0
-184.5,1625449482.0,64.0
-191.98,1625449482.0,64.0
-195.71,1625449482.0,64.0
-197.01,1625449482.0,64.0
-197.53,1625449482.0,64.0
-198.63,1625449482.0,64.0
-200.96,1625449482.0,64.0
-204.19,1625449482.0,64.0
-207.24,1625449482.0,64.0
-208.64,1625449482.0,64.0
-207.01,1625449482.0,64.0
-201.4,1625449482.0,64.0
-191.46,1625449482.0,64.0
-177.43,1625449482.0,64.0
-160.0,1625449482.0,64.0
-140.08,1625449482.0,64.0
-118.75,1625449482.0,64.0
-97.1,1625449482.0,64.0
-76.22,1625449482.0,64.0
-57.15,1625449482.0,64.0
-40.73,1625449482.0,64.0
-27.48,1625449482.0,64.0
-17.46,1625449482.0,64.0
-10.27,1625449482.0,64.0
-5.12,1625449482.0,64.0
-0.98,1625449482.0,64.0
3.1,1625449482.0,64.0
7.82,1625449482.0,64.0
13.48,1625449482.0,64.0
19.97,1625449482.0,64.0
26.88,1625449482.0,64.0
33.68,1625449482.0,64.0
39.92,1625449482.0,64.0
45.28,1625449482.0,64.0
49.61,1625449482.0,64.0
52.83,1625449482.0,64.0
55.04,1625449482.0,64.0
56.4,1625449482.0,64.0
57.29,1625449482.0,64.0
58.14,1625449482.0,64.0
59.39,1625449482.0,64.0
61.29,1625449482.0,64.0
63.74,1625449482.0,64.0
66.35,1625449482.0,64.0
68.52,1625449482.0,64.0
69.69,1625449482.0,64.0
69.52,1625449482.0,64.0
68.01,1625449482.0,64.0
65.47,1625449482.0,64.0
62.34,1625449482.0,64.0
59.13,1625449482.0,64.0
56.08,1625449482.0,64.0
53.01,1625449482.0,64.0
49.09,1625449482.0,64.0
42.96,1625449482.0,64.0
32.92,1625449482.0,64.0
17.58,1625449482.0,64.0
-3.51,1625449482.0,64.0
-29.37,1625449482.0,64.0
-57.49,1625449482.0,64.0
-84.44,1625449482.0,64.0
-106.74,1625449482.0,64.0
-121.85,1625449482.0,64.0
-128.83,1625449482.0,64.0
-128.28,1625449482.0,64.0
-121.95,1625449482.0,64.0
-111.97,1625449482.0,64.0
-100.38,1625449482.0,64.0
-88.69,1625449482.0,64.0
-77.94,1625449482.0,64.0
-68.65,1625449482.0,64.0
-60.99,1625449482.0,64.0
-54.81,1625449482.0,64.0
-49.68,1625449482.0,64.0
-45.06,1625449482.0,64.0
-40.46,1625449482.0,64.0
-35.59,1625449482.0,64.0
-30.41,1625449482.0,64.0
-25.12,1625449482.0,64.0
-20.06,1625449482.0,64.0
-15.59,1625449482.0,64.0
-12.0,1625449482.0,64.0
-9.49,1625449482.0,64.0
-8.09,1625449482.0,64.0
-7.59,1625449482.0,64.0
-7.63,1625449482.0,64.0
-7.78,1625449482.0,64.0
-7.76,1625449482.0,64.0
-7.47,1625449482.0,64.0
-7.11,1625449482.0,64.0
-7.01,1625449482.0,64.0
-7.5,1625449482.0,64.0
-8.73,1625449482.0,64.0
-10.62,1625449482.0,64.0
-12.93,1625449482.0,64.0
-15.41,1625449482.0,64.0
-17.93,1625449482.0,64.0
-20.48,1625449482.0,64.0
-23.17,1625449482.0,64.0
-26.02,1625449482.0,64.0
-29.04,1625449482.0,64.0
-32.11,1625449482.0,64.0
-35.17,1625449482.0,64.0
-38.14,1625449482.0,64.0
-40.85,1625449482.0,64.0
-42.87,1625449482.0,64.0
-43.46,1625449482.0,64.0
-41.67,1625449482.0,64.0
-36.64,1625449482.0,64.0
-28.0,1625449482.0,64.0
-16.07,1625449482.0,64.0
-1.88,1625449482.0,64.0
13.13,1625449482.0,64.0
27.5,1625449482.0,64.0
40.06,1625449482.0,64.0
50.04,1625449482.0,64.0
56.99,1625449482.0,64.0
60.68,1625449482.0,64.0
61.18,1625449482.0,64.0
58.92,1625449482.0,64.0
54.71,1625449482.0,64.0
49.74,1625449482.0,64.0
45.26,1625449482.0,64.0
42.21,1625449482.0,64.0
40.98,1625449482.0,64.0
41.26,1625449482.0,64.0
42.32,1625449482.0,64.0
43.27,1625449482.0,64.0
43.46,1625449482.0,64.0
42.59,1625449482.0,64.0
40.82,1625449482.0,64.0
38.44,1625449482.0,64.0
35.8,1625449482.0,64.0
33.11,1625449482.0,64.0
30.43,1625449482.0,64.0
27.69,1625449482.0,64.0
24.82,1625449482.0,64.0
21.77,1625449482.0,64.0
18.6,1625449482.0,64.0
15.4,1625449482.0,64.0
12.26,1625449482.0,64.0
9.22,1625449482.0,64.0
6.31,1625449482.0,64.0
3.48,1625449482.0,64.0
0.64,1625449482.0,64.0
-2.34,1625449482.0,64.0
-5.66,1625449482.0,64.0
-9.65,1625449482.0,64.0
-14.64,1625449482.0,64.0
-20.9,1625449482.0,64.0
-28.38,1625449482.0,64.0
-36.48,1625449482.0,64.0
-44.12,1625449482.0,64.0
-49.84,1625449482.0,64.0
-52.22,1625449482.0,64.0
-50.39,1625449482.0,64.0
-44.23,1625449482.0,64.0
-34.4,1625449482.0,64.0
-22.02,1625449482.0,64.0
-8.31,1625449482.0,64.0
5.66,1625449482.0,64.0
19.03,1625449482.0,64.0
31.11,1625449482.0,64.0
41.28,1625449482.0,64.0
49.05,1625449482.0,64.0
54.26,1625449482.0,64.0
57.12,1625449482.0,64.0
58.26,1625449482.0,64.0
58.54,1625449482.0,64.0
58.7,1625449482.0,64.0
59.06,1625449482.0,64.0
59.46,1625449482.0,64.0
59.31,1625449482.0,64.0
57.9,1625449482.0,64.0
54.74,1625449482.0,64.0
49.72,1625449482.0,64.0
43.22,1625449482.0,64.0
35.89,1625449482.0,64.0
28.51,1625449482.0,64.0
21.6,1625449482.0,64.0
15.43,1625449482.0,64.0
9.94,1625449482.0,64.0
4.95,1625449482.0,64.0
0.31,1625449482.0,64.0
-4.01,1625449482.0,64.0
-7.89,1625449482.0,64.0
-11.23,1625449482.0,64.0
-14.04,1625449482.0,64.0
-16.55,1625449482.0,64.0
-19.1,1625449482.0,64.0
-22.1,1625449482.0,64.0
-25.83,1625449482.0,64.0
-30.38,1625449482.0,64.0
-35.7,1625449482.0,64.0
-41.64,1625449482.0,64.0
-47.99,1625449482.0,64.0
-54.35,1625449482.0,64.0
-60.1,1625449482.0,64.0
-64.34,1625449482.0,64.0
-66.03,1625449482.0,64.0
-64.27,1625449482.0,64.0
-58.55,1625449482.0,64.0
-49.03,1625449482.0,64.0
-36.33,1625449482.0,64.0
-21.37,1625449482.0,64.0
-4.94,1625449482.0,64.0
12.44,1625449482.0,64.0
30.43,1625449482.0,64.0
48.61,1625449482.0,64.0
66.16,1625449482.0,64.0
81.84,1625449482.0,64.0
94.24,1625449482.0,64.0
102.31,1625449482.0,64.0
105.72,1625449482.0,64.0
105.08,1625449482.0,64.0
101.59,1625449482.0,64.0
96.55,1625449482.0,64.0
90.84,1625449482.0,64.0
84.71,1625449482.0,64.0
77.89,1625449482.0,64.0
70.03,1625449482.0,64.0
61.0,1625449482.0,64.0
51.1,1625449482.0,64.0
40.89,1625449482.0,64.0
30.93,1625449482.0,64.0
21.54,1625449482.0,64.0
12.69,1625449482.0,64.0
4.12,1625449482.0,64.0
-4.48,1625449482.0,64.0
-13.23,1625449482.0,64.0
-22.0,1625449482.0,64.0
-30.46,1625449482.0,64.0
-38.2,1625449482.0,64.0
-45.05,1625449482.0,64.0
-51.06,1625449482.0,64.0
-56.57,1625449482.0,64.0
-62.04,1625449482.0,64.0
-67.81,1625449482.0,64.0
-73.97,1625449482.0,64.0
-80.43,1625449482.0,64.0
-86.97,1625449482.0,64.0
-93.38,1625449482.0,64.0
-99.47,1625449482.0,64.0
-104.92,1625449482.0,64.0
-109.16,1625449482.0,64.0
-111.38,1625449482.0,64.0
-110.63,1625449482.0,64.0
-106.16,1625449482.0,64.0
-97.63,1625449482.0,64.0
-85.23,1625449482.0,64.0
-69.56,1625449482.0,64.0
-51.48,1625449482.0,64.0
-31.96,1625449482.0,64.0
-12.07,1625449482.0,64.0
7.02,1625449482.0,64.0
24.09,1625449482.0,64.0
38.08,1625449482.0,64.0
48.38,1625449482.0,64.0
55.02,1625449482.0,64.0
58.77,1625449482.0,64.0
60.77,1625449482.0,64.0
62.16,1625449482.0,64.0
63.67,1625449482.0,64.0
65.4,1625449482.0,64.0
66.97,1625449482.0,64.0
67.74,1625449482.0,64.0
67.15,1625449482.0,64.0
64.99,1625449482.0,64.0
61.45,1625449482.0,64.0
57.01,1625449482.0,64.0
52.24,1625449482.0,64.0
47.61,1625449482.0,64.0
43.26,1625449482.0,64.0
39.01,1625449482.0,64.0
34.4,1625449482.0,64.0
28.95,1625449482.0,64.0
22.43,1625449482.0,64.0
14.99,1625449482.0,64.0
7.2,1625449482.0,64.0
-0.22,1625449482.0,64.0
-6.7,1625449482.0,64.0
-12.01,1625449482.0,64.0
-16.27,1625449482.0,64.0
-19.93,1625449482.0,64.0
-23.71,1625449482.0,64.0
-28.6,1625449482.0,64.0
-35.84,1625449482.0,64.0
-46.57,1625449482.0,64.0
-61.29,1625449482.0,64.0
-79.3,1625449482.0,64.0
-98.43,1625449482.0,64.0
-115.44,1625449482.0,64.0
-127.01,1625449482.0,64.0
-130.87,1625449482.0,64.0
-126.57,1625449482.0,64.0
-115.48,1625449482.0,64.0
-100.05,1625449482.0,64.0
-82.66,1625449482.0,64.0
-64.87,1625449482.0,64.0
-47.21,1625449482.0,64.0
-29.58,1625449482.0,64.0
-11.94,1625449482.0,64.0
5.21,1625449482.0,64.0
20.82,1625449482.0,64.0
33.75,1625449482.0,64.0
43.26,1625449482.0,64.0
49.45,1625449482.0,64.0
53.19,1625449482.0,64.0
55.76,1625449482.0,64.0
58.34,1625449482.0,64.0
61.66,1625449482.0,64.0
65.92,1625449482.0,64.0
70.93,1625449482.0,64.0
76.31,1625449482.0,64.0
81.63,1625449482.0,64.0
86.41,1625449482.0,64.0
90.07,1625449482.0,64.0
92.01,1625449482.0,64.0
91.8,1625449482.0,64.0
89.34,1625449482.0,64.0
84.9,1625449482.0,64.0
79.04,1625449482.0,64.0
72.22,1625449482.0,64.0
64.7,1625449482.0,64.0
56.42,1625449482.0,64.0
47.15,1625449482.0,64.0
36.74,1625449482.0,64.0
25.34,1625449482.0,64.0
13.39,1625449482.0,64.0
1.49,1625449482.0,64.0
-9.85,1625449482.0,64.0
-20.35,1625449482.0,64.0
-30.09,1625449482.0,64.0
-39.33,1625449482.0,64.0
-48.39,1625449482.0,64.0
-57.5,1625449482.0,64.0
-66.72,1625449482.0,64.0
-76.0,1625449482.0,64.0
-85.04,1625449482.0,64.0
-93.23,1625449482.0,64.0
-99.55,1625449482.0,64.0
-102.71,1625449482.0,64.0
-101.41,1625449482.0,64.0
-94.86,1625449482.0,64.0
-83.1,1625449482.0,64.0
-67.03,1625449482.0,64.0
-48.15,1625449482.0,64.0
-27.91,1625449482.0,64.0
-7.46,1625449482.0,64.0
12.53,1625449482.0,64.0
31.63,1625449482.0,64.0
49.28,1625449482.0,64.0
64.74,1625449482.0,64.0
77.3,1625449482.0,64.0
86.58,1625449482.0,64.0
92.88,1625449482.0,64.0
97.04,1625449482.0,64.0
100.05,1625449482.0,64.0
102.57,1625449482.0,64.0
104.66,1625449482.0,64.0
105.89,1625449482.0,64.0
105.68,1625449482.0,64.0
103.8,1625449482.0,64.0
100.51,1625449482.0,64.0
96.42,1625449482.0,64.0
92.23,1625449482.0,64.0
88.31,1625449482.0,64.0
84.57,1625449482.0,64.0
80.61,1625449482.0,64.0
75.9,1625449482.0,64.0
70.08,1625449482.0,64.0
63.14,1625449482.0,64.0
55.43,1625449482.0,64.0
47.69,1625449482.0,64.0
40.97,1625449482.0,64.0
36.36,1625449482.0,64.0
34.68,1625449482.0,64.0
36.02,1625449482.0,64.0
39.51,1625449482.0,64.0
43.5,1625449482.0,64.0
46.03,1625449482.0,64.0
45.66,1625449482.0,64.0
41.92,1625449482.0,64.0
35.48,1625449482.0,64.0
27.77,1625449482.0,64.0
20.27,1625449482.0,64.0
13.98,1625449482.0,64.0
9.15,1625449482.0,64.0
5.39,1625449482.0,64.0
2.1,1625449482.0,64.0
-1.27,1625449482.0,64.0
-4.97,1625449482.0,64.0
-8.98,1625449482.0,64.0
-13.04,1625449482.0,64.0
-16.76,1625449482.0,64.0
-19.74,1625449482.0,64.0
-21.58,1625449482.0,64.0
-22.02,1625449482.0,64.0
-20.88,1625449482.0,64.0
-18.08,1625449482.0,64.0
-13.69,1625449482.0,64.0
-7.95,1625449482.0,64.0
-1.4,1625449482.0,64.0
5.15,1625449482.0,64.0
10.81,1625449482.0,64.0
14.83,1625449482.0,64.0
17.05,1625449482.0,64.0
17.93,1625449482.0,64.0
18.46,1625449482.0,64.0
19.64,1625449482.0,64.0
22.06,1625449482.0,64.0
25.54,1625449482.0,64.0
29.24,1625449482.0,64.0
32.14,1625449482.0,64.0
33.39,1625449482.0,64.0
32.66,1625449482.0,64.0
30.07,1625449482.0,64.0
26.0,1625449482.0,64.0
20.87,1625449482.0,64.0
15.05,1625449482.0,64.0
8.85,1625449482.0,64.0
2.65,1625449482.0,64.0
-3.12,1625449482.0,64.0
-8.03,1625449482.0,64.0
-11.82,1625449482.0,64.0
-14.48,1625449482.0,64.0
-16.3,1625449482.0,64.0
-17.75,1625449482.0,64.0
-19.31,1625449482.0,64.0
-21.36,1625449482.0,64.0
-24.05,1625449482.0,64.0
-27.28,1625449482.0,64.0
-30.75,1625449482.0,64.0
-34.12,1625449482.0,64.0
-37.25,1625449482.0,64.0
-40.25,1625449482.0,64.0
-43.43,1625449482.0,64.0
-47.1,1625449482.0,64.0
-51.26,1625449482.0,64.0
-55.5,1625449482.0,64.0
-59.13,1625449482.0,64.0
-61.42,1625449482.0,64.0
-61.98,1625449482.0,64.0
-60.85,1625449482.0,64.0
-58.48,1625449482.0,64.0
-55.42,1625449482.0,64.0
-52.0,1625449482.0,64.0
-48.25,1625449482.0,64.0
-44.02,1625449482.0,64.0
-39.23,1625449482.0,64.0
-34.06,1625449482.0,64.0
-29.02,1625449482.0,64.0
-24.73,1625449482.0,64.0
-21.7,1625449482.0,64.0
-20.07,1625449482.0,64.0
-19.6,1625449482.0,64.0
-19.79,1625449482.0,64.0
-20.19,1625449482.0,64.0
-20.52,1625449482.0,64.0
-20.75,1625449482.0,64.0
-21.01,1625449482.0,64.0
-21.44,1625449482.0,64.0
-22.09,1625449482.0,64.0
-22.88,1625449482.0,64.0
-23.75,1625449482.0,64.0
-24.65,1625449482.0,64.0
-25.75,1625449482.0,64.0
-27.32,1625449482.0,64.0
-29.67,1625449482.0,64.0
-33.06,1625449482.0,64.0
-37.52,1625449482.0,64.0
-42.87,1625449482.0,64.0
-48.75,1625449482.0,64.0
-54.75,1625449482.0,64.0
-60.61,1625449482.0,64.0
-66.29,1625449482.0,64.0
-71.95,1625449482.0,64.0
-77.94,1625449482.0,64.0
-84.62,1625449482.0,64.0
-92.22,1625449482.0,64.0
-100.81,1625449482.0,64.0
-110.26,1625449482.0,64.0
-120.34,1625449482.0,64.0
-130.76,1625449482.0,64.0
-141.27,1625449482.0,64.0
-151.62,1625449482.0,64.0
-161.4,1625449482.0,64.0
-169.94,1625449482.0,64.0
-176.2,1625449482.0,64.0
-178.92,1625449482.0,64.0
-176.98,1625449482.0,64.0
-169.72,1625449482.0,64.0
-157.25,1625449482.0,64.0
-140.36,1625449482.0,64.0
-120.18,1625449482.0,64.0
-97.73,1625449482.0,64.0
-73.74,1625449482.0,64.0
-48.62,1625449482.0,64.0
-22.85,1625449482.0,64.0
2.68,1625449482.0,64.0
26.68,1625449482.0,64.0
47.78,1625449482.0,64.0
65.04,1625449482.0,64.0
78.37,1625449482.0,64.0
88.55,1625449482.0,64.0
96.85,1625449482.0,64.0
104.5,1625449482.0,64.0
112.23,1625449482.0,64.0
120.01,1625449482.0,64.0
127.3,1625449482.0,64.0
133.32,1625449482.0,64.0
137.33,1625449482.0,64.0
138.92,1625449482.0,64.0
137.95,1625449482.0,64.0
134.59,1625449482.0,64.0
129.21,1625449482.0,64.0
122.3,1625449482.0,64.0
114.42,1625449482.0,64.0
106.05,1625449482.0,64.0
97.53,1625449482.0,64.0
88.97,1625449482.0,64.0
80.33,1625449482.0,64.0
71.54,1625449482.0,64.0
62.71,1625449482.0,64.0
54.25,1625449482.0,64.0
46.86,1625449482.0,64.0
41.31,1625449482.0,64.0
38.27,1625449482.0,64.0
37.96,1625449482.0,64.0
40.22,1625449482.0,64.0
44.66,1625449482.0,64.0
50.99,1625449482.0,64.0
59.13,1625449482.0,64.0
69.38,1625449482.0,64.0
82.39,1625449482.0,64.0
99.08,1625449482.0,64.0
120.26,1625449482.0,64.0
146.04,1625449482.0,64.0
175.11,1625449482.0,64.0
204.34,1625449482.0,64.0
229.14,1625449482.0,64.0
244.54,1625449482.0,64.0
246.92,1625449482.0,64.0
235.26,1625449482.0,64.0
211.51,1625449482.0,64.0
179.7,1625449482.0,64.0
144.24,1625449482.0,64.0
108.41,1625449482.0,64.0
73.77,1625449482.0,64.0
40.56,1625449482.0,64.0
8.72,1625449482.0,64.0
-21.23,1625449482.0,64.0
-47.97,1625449482.0,64.0
-70.02,1625449482.0,64.0
-86.38,1625449482.0,64.0
-96.98,1625449482.0,64.0
-102.62,1625449482.0,64.0
-104.6,1625449482.0,64.0
-104.26,1625449482.0,64.0
-102.67,1625449482.0,64.0
-100.47,1625449482.0,64.0
-97.91,1625449482.0,64.0
-94.94,1625449482.0,64.0
-91.31,1625449482.0,64.0
-86.81,1625449482.0,64.0
-81.5,1625449482.0,64.0
-75.82,1625449482.0,64.0
-70.48,1625449482.0,64.0
-66.11,1625449482.0,64.0
-62.98,1625449482.0,64.0
-60.8,1625449482.0,64.0
-58.88,1625449482.0,64.0
-56.62,1625449482.0,64.0
-54.02,1625449482.0,64.0
-51.88,1625449482.0,64.0
-51.56,1625449482.0,64.0
-54.41,1625449482.0,64.0
-61.04,1625449482.0,64.0
-71.06,1625449482.0,64.0
-83.18,1625449482.0,64.0
-95.92,1625449482.0,64.0
-108.16,1625449482.0,64.0
-119.54,1625449482.0,64.0
-130.37,1625449482.0,64.0
-141.22,1625449482.0,64.0
-152.4,1625449482.0,64.0
-163.89,1625449482.0,64.0
-175.41,1625449482.0,64.0
-186.74,1625449482.0,64.0
-197.78,1625449482.0,64.0
-208.27,1625449482.0,64.0
-217.39,1625449482.0,64.0
-223.58,1625449482.0,64.0
-224.72,1625449482.0,64.0
-219.06,1625449482.0,64.0
-205.98,1625449482.0,64.0
-186.53,1625449482.0,64.0
-163.08,1625449482.0,64.0
-138.45,1625449482.0,64.0
-114.85,1625449482.0,64.0
-93.27,1625449482.0,64.0
-73.66,1625449482.0,64.0
-55.43,1625449482.0,64.0
-38.27,1625449482.0,64.0
-22.38,1625449482.0,64.0
-8.34,1625449482.0,64.0
3.39,1625449482.0,64.0
12.82,1625449482.0,64.0
20.46,1625449482.0,64.0
27.0,1625449482.0,64.0
32.89,1625449482.0,64.0
38.12,1625449482.0,64.0
42.23,1625449482.0,64.0
44.69,1625449482.0,64.0
45.21,1625449482.0,64.0
44.07,1625449482.0,64.0
42.0,1625449482.0,64.0
39.94,1625449482.0,64.0
38.7,1625449482.0,64.0
38.56,1625449482.0,64.0
39.26,1625449482.0,64.0
40.14,1625449482.0,64.0
40.48,1625449482.0,64.0
39.86,1625449482.0,64.0
38.25,1625449482.0,64.0
35.97,1625449482.0,64.0
33.39,1625449482.0,64.0
30.64,1625449482.0,64.0
27.39,1625449482.0,64.0
23.07,1625449482.0,64.0
17.16,1625449482.0,64.0
9.7,1625449482.0,64.0
1.6,1625449482.0,64.0
-5.45,1625449482.0,64.0
-9.43,1625449482.0,64.0
-8.64,1625449482.0,64.0
-2.33,1625449482.0,64.0
9.05,1625449482.0,64.0
24.11,1625449482.0,64.0
41.1,1625449482.0,64.0
58.54,1625449482.0,64.0
75.63,1625449482.0,64.0
92.07,1625449482.0,64.0
107.71,1625449482.0,64.0
122.22,1625449482.0,64.0
134.95,1625449482.0,64.0
145.26,1625449482.0,64.0
152.91,1625449482.0,64.0
158.27,1625449482.0,64.0
162.16,1625449482.0,64.0
165.45,1625449482.0,64.0
168.47,1625449482.0,64.0
170.91,1625449482.0,64.0
171.89,1625449482.0,64.0
170.44,1625449482.0,64.0
165.85,1625449482.0,64.0
157.97,1625449482.0,64.0
147.1,1625449482.0,64.0
133.78,1625449482.0,64.0
118.56,1625449482.0,64.0
101.85,1625449482.0,64.0
84.01,1625449482.0,64.0
65.45,1625449482.0,64.0
46.71,1625449482.0,64.0
28.52,1625449482.0,64.0
11.69,1625449482.0,64.0
-3.08,1625449482.0,64.0
-15.32,1625449482.0,64.0
-24.99,1625449482.0,64.0
-32.43,1625449482.0,64.0
-38.31,1625449482.0,64.0
-43.45,1625449482.0,64.0
-48.57,1625449482.0,64.0
-54.09,1625449482.0,64.0
-60.08,1625449482.0,64.0
-66.36,1625449482.0,64.0
-72.73,1625449482.0,64.0
-79.13,1625449482.0,64.0
-85.8,1625449482.0,64.0
-93.13,1625449482.0,64.0
-101.44,1625449482.0,64.0
-110.66,1625449482.0,64.0
-120.17,1625449482.0,64.0
-128.79,1625449482.0,64.0
-135.0,1625449482.0,64.0
-137.35,1625449482.0,64.0
-134.78,1625449482.0,64.0
-126.87,1625449482.0,64.0
-113.88,1625449482.0,64.0
-96.73,1625449482.0,64.0
-76.79,1625449482.0,64.0
-55.78,1625449482.0,64.0
-35.51,1625449482.0,64.0
-17.67,1625449482.0,64.0
-3.48,1625449482.0,64.0
6.65,1625449482.0,64.0
13.18,1625449482.0,64.0
17.39,1625449482.0,64.0
20.92,1625449482.0,64.0
25.25,1625449482.0,64.0
31.18,1625449482.0,64.0
38.6,1625449482.0,64.0
46.6,1625449482.0,64.0
53.92,1625449482.0,64.0
59.43,1625449482.0,64.0
62.53,1625449482.0,64.0
63.26,1625449482.0,64.0
62.07,1625449482.0,64.0
59.56,1625449482.0,64.0
56.17,1625449482.0,64.0
52.09,1625449482.0,64.0
47.31,1625449482.0,64.0
41.75,1625449482.0,64.0
35.45,1625449482.0,64.0
28.5,1625449482.0,64.0
21.02,1625449482.0,64.0
13.04,1625449482.0,64.0
4.48,1625449482.0,64.0
-4.77,1625449482.0,64.0
-14.68,1625449482.0,64.0
-24.97,1625449482.0,64.0
-35.15,1625449482.0,64.0
-44.69,1625449482.0,64.0
-53.26,1625449482.0,64.0
-60.85,1625449482.0,64.0
-67.85,1625449482.0,64.0
-74.76,1625449482.0,64.0
-81.93,1625449482.0,64.0
-89.29,1625449482.0,64.0
-96.22,1625449482.0,64.0
-101.71,1625449482.0,64.0
-104.61,1625449482.0,64.0
-103.94,1625449482.0,64.0
-99.2,1625449482.0,64.0
-90.45,1625449482.0,64.0
-78.26,1625449482.0,64.0
-63.62,1625449482.0,64.0
-47.79,1625449482.0,64.0
-32.12,1625449482.0,64.0
-18.0,1625449482.0,64.0
-6.53,1625449482.0,64.0
1.71,1625449482.0,64.0
6.9,1625449482.0,64.0
9.93,1625449482.0,64.0
12.16,1625449482.0,64.0
14.92,1625449482.0,64.0
18.93,1625449482.0,64.0
24.19,1625449482.0,64.0
29.92,1625449482.0,64.0
35.09,1625449482.0,64.0
38.82,1625449482.0,64.0
40.8,1625449482.0,64.0
41.43,1625449482.0,64.0
41.63,1625449482.0,64.0
42.58,1625449482.0,64.0
45.32,1625449482.0,64.0
50.47,1625449482.0,64.0
57.99,1625449482.0,64.0
67.27,1625449482.0,64.0
77.22,1625449482.0,64.0
86.59,1625449482.0,64.0
94.27,1625449482.0,64.0
99.51,1625449482.0,64.0
102.01,1625449482.0,64.0
101.83,1625449482.0,64.0
99.24,1625449482.0,64.0
94.56,1625449482.0,64.0
88.05,1625449482.0,64.0
79.89,1625449482.0,64.0
70.24,1625449482.0,64.0
59.34,1625449482.0,64.0
47.51,1625449482.0,64.0
35.16,1625449482.0,64.0
22.75,1625449482.0,64.0
10.83,1625449482.0,64.0
-0.0,1625449482.0,64.0
-9.08,1625449482.0,64.0
-15.68,1625449482.0,64.0
-19.15,1625449482.0,64.0
-19.06,1625449482.0,64.0
-15.35,1625449482.0,64.0
-8.39,1625449482.0,64.0
1.05,1625449482.0,64.0
12.0,1625449482.0,64.0
23.47,1625449482.0,64.0
34.57,1625449482.0,64.0
44.58,1625449482.0,64.0
52.83,1625449482.0,64.0
58.66,1625449482.0,64.0
61.47,1625449482.0,64.0
60.86,1625449482.0,64.0
56.85,1625449482.0,64.0
50.08,1625449482.0,64.0
41.67,1625449482.0,64.0
33.08,1625449482.0,64.0
25.61,1625449482.0,64.0
20.13,1625449482.0,64.0
16.9,1625449482.0,64.0
15.59,1625449482.0,64.0
15.58,1625449482.0,64.0
16.12,1625449482.0,64.0
16.54,1625449482.0,64.0
16.38,1625449482.0,64.0
15.29,1625449482.0,64.0
13.13,1625449482.0,64.0
9.92,1625449482.0,64.0
5.83,1625449482.0,64.0
1.13,1625449482.0,64.0
-3.92,1625449482.0,64.0
-9.09,1625449482.0,64.0
-14.24,1625449482.0,64.0
-19.23,1625449482.0,64.0
-23.98,1625449482.0,64.0
-28.38,1625449482.0,64.0
-32.48,1625449482.0,64.0
-36.5,1625449482.0,64.0
-40.82,1625449482.0,64.0
-45.91,1625449482.0,64.0
-52.03,1625449482.0,64.0
-59.09,1625449482.0,64.0
-66.65,1625449482.0,64.0
-73.89,1625449482.0,64.0
-79.87,1625449482.0,64.0
-83.59,1625449482.0,64.0
-84.24,1625449482.0,64.0
-81.29,1625449482.0,64.0
-74.6,1625449482.0,64.0
-64.44,1625449482.0,64.0
-51.39,1625449482.0,64.0
-36.27,1625449482.0,64.0
-19.93,1625449482.0,64.0
-3.13,1625449482.0,64.0
13.42,1625449482.0,64.0
29.04,1625449482.0,64.0
43.09,1625449482.0,64.0
54.93,1625449482.0,64.0
64.15,1625449482.0,64.0
70.84,1625449482.0,64.0
75.61,1625449482.0,64.0
79.46,1625449482.0,64.0
83.41,1625449482.0,64.0
88.01,1625449482.0,64.0
93.1,1625449482.0,64.0
97.84,1625449482.0,64.0
101.1,1625449482.0,64.0
101.95,1625449482.0,64.0
100.03,1625449482.0,64.0
95.64,1625449482.0,64.0
89.49,1625449482.0,64.0
82.33,1625449482.0,64.0
74.64,1625449482.0,64.0
66.47,1625449482.0,64.0
57.58,1625449482.0,64.0
47.6,1625449482.0,64.0
36.36,1625449482.0,64.0
24.03,1625449482.0,64.0
11.03,1625449482.0,64.0
-2.0,1625449482.0,64.0
-14.45,1625449482.0,64.0
-25.89,1625449482.0,64.0
-36.14,1625449482.0,64.0
-45.3,1625449482.0,64.0
-53.72,1625449482.0,64.0
-61.91,1625449482.0,64.0
-70.54,1625449482.0,64.0
-80.32,1625449482.0,64.0
-91.8,1625449482.0,64.0
-105.01,1625449482.0,64.0
-119.22,1625449482.0,64.0
-132.83,1625449482.0,64.0
-143.66,1625449482.0,64.0
-149.6,1625449482.0,64.0
-149.21,1625449482.0,64.0
-142.18,1625449482.0,64.0
-129.28,1625449482.0,64.0
-111.93,1625449482.0,64.0
-91.75,1625449482.0,64.0
-70.18,1625449482.0,64.0
-48.45,1625449482.0,64.0
-27.7,1625449482.0,64.0
-9.04,1625449482.0,64.0
6.67,1625449482.0,64.0
19.06,1625449482.0,64.0
28.57,1625449482.0,64.0
36.47,1625449482.0,64.0
44.58,1625449482.0,64.0
54.79,1625449482.0,64.0
68.58,1625449482.0,64.0
86.58,1625449482.0,64.0
108.37,1625449482.0,64.0
132.48,1625449482.0,64.0
156.5,1625449482.0,64.0
177.63,1625449482.0,64.0
193.19,1625449482.0,64.0
201.21,1625449482.0,64.0
200.88,1625449482.0,64.0
192.54,1625449482.0,64.0
177.43,1625449482.0,64.0
157.21,1625449482.0,64.0
133.52,1625449482.0,64.0
107.73,1625449482.0,64.0
80.98,1625449482.0,64.0
54.29,1625449482.0,64.0
28.63,1625449482.0,64.0
4.85,1625449482.0,64.0
-16.45,1625449482.0,64.0
-35.07,1625449482.0,64.0
-51.27,1625449482.0,64.0
-65.52,1625449482.0,64.0
-78.42,1625449482.0,64.0
-90.38,1625449482.0,64.0
-101.59,1625449482.0,64.0
-112.07,1625449482.0,64.0
-121.72,1625449482.0,64.0
-130.39,1625449482.0,64.0
-137.91,1625449482.0,64.0
-143.89,1625449482.0,64.0
-147.73,1625449482.0,64.0
-148.6,1625449482.0,64.0
-145.63,1625449482.0,64.0
-138.17,1625449482.0,64.0
-125.98,1625449482.0,64.0
-109.3,1625449482.0,64.0
-88.82,1625449482.0,64.0
-65.57,1625449482.0,64.0
-40.78,1625449482.0,64.0
-15.79,1625449482.0,64.0
8.13,1625449482.0,64.0
29.83,1625449482.0,64.0
48.49,1625449482.0,64.0
63.73,1625449482.0,64.0
75.65,1625449482.0,64.0
84.64,1625449482.0,64.0
91.14,1625449482.0,64.0
95.47,1625449482.0,64.0
97.81,1625449482.0,64.0
98.44,1625449482.0,64.0
97.89,1625449482.0,64.0
96.95,1625449482.0,64.0
96.4,1625449482.0,64.0
96.57,1625449482.0,64.0
97.02,1625449482.0,64.0
96.59,1625449482.0,64.0
93.86,1625449482.0,64.0
87.82,1625449482.0,64.0
78.35,1625449482.0,64.0
66.33,1625449482.0,64.0
53.22,1625449482.0,64.0
40.46,1625449482.0,64.0
28.97,1625449482.0,64.0
19.0,1625449482.0,64.0
10.32,1625449482.0,64.0
2.55,1625449482.0,64.0
-4.6,1625449482.0,64.0
-11.32,1625449482.0,64.0
-17.72,1625449482.0,64.0
-23.99,1625449482.0,64.0
-30.33,1625449482.0,64.0
-36.88,1625449482.0,64.0
-43.7,1625449482.0,64.0
-50.76,1625449482.0,64.0
-58.01,1625449482.0,64.0
-65.51,1625449482.0,64.0
-73.31,1625449482.0,64.0
-81.27,1625449482.0,64.0
-88.87,1625449482.0,64.0
-95.14,1625449482.0,64.0
-98.92,1625449482.0,64.0
-99.22,1625449482.0,64.0
-95.61,1625449482.0,64.0
-88.39,1625449482.0,64.0
-78.45,1625449482.0,64.0
-67.0,1625449482.0,64.0
-55.24,1625449482.0,64.0
-44.2,1625449482.0,64.0
-34.68,1625449482.0,64.0
-27.28,1625449482.0,64.0
-22.32,1625449482.0,64.0
-19.79,1625449482.0,64.0
-19.21,1625449482.0,64.0
-19.69,1625449482.0,64.0
-20.24,1625449482.0,64.0
-19.99,1625449482.0,64.0
-18.53,1625449482.0,64.0
-15.94,1625449482.0,64.0
-12.7,1625449482.0,64.0
-9.52,1625449482.0,64.0
-7.14,1625449482.0,64.0
-6.1,1625449482.0,64.0
-6.68,1625449482.0,64.0
-8.81,1625449482.0,64.0
-12.08,1625449482.0,64.0
-15.88,1625449482.0,64.0
-19.6,1625449482.0,64.0
-22.85,1625449482.0,64.0
-25.59,1625449482.0,64.0
-28.1,1625449482.0,64.0
-30.78,1625449482.0,64.0
-33.83,1625449482.0,64.0
-37.3,1625449482.0,64.0
-41.11,1625449482.0,64.0
-45.33,1625449482.0,64.0
-50.27,1625449482.0,64.0
-56.32,1625449482.0,64.0
-63.63,1625449482.0,64.0
-71.9,1625449482.0,64.0
-80.4,1625449482.0,64.0
-88.27,1625449482.0,64.0
-95.0,1625449482.0,64.0
-100.45,1625449482.0,64.0
-104.77,1625449482.0,64.0
-107.93,1625449482.0,64.0
-109.43,1625449482.0,64.0
-108.3,1625449482.0,64.0
-103.53,1625449482.0,64.0
-94.56,1625449482.0,64.0
-81.58,1625449482.0,64.0
-65.33,1625449482.0,64.0
-46.73,1625449482.0,64.0
-26.49,1625449482.0,64.0
-5.09,1625449482.0,64.0
17.0,1625449482.0,64.0
38.96,1625449482.0,64.0
59.58,1625449482.0,64.0
77.5,1625449482.0,64.0
91.62,1625449482.0,64.0
101.52,1625449482.0,64.0
107.45,1625449482.0,64.0
110.15,1625449482.0,64.0
110.43,1625449482.0,64.0
108.88,1625449482.0,64.0
105.68,1625449482.0,64.0
100.84,1625449482.0,64.0
94.44,1625449482.0,64.0
86.96,1625449482.0,64.0
79.43,1625449482.0,64.0
73.27,1625449482.0,64.0
69.81,1625449482.0,64.0
69.78,1625449482.0,64.0
72.85,1625449482.0,64.0
77.58,1625449482.0,64.0
81.84,1625449482.0,64.0
83.52,1625449482.0,64.0
81.3,1625449482.0,64.0
75.0,1625449482.0,64.0
65.45,1625449482.0,64.0
53.95,1625449482.0,64.0
41.63,1625449482.0,64.0
29.05,1625449482.0,64.0
16.12,1625449482.0,64.0
2.41,1625449482.0,64.0
-12.48,1625449482.0,64.0
-28.68,1625449482.0,64.0
-45.95,1625449482.0,64.0
-63.74,1625449482.0,64.0
-81.2,1625449482.0,64.0
-97.05,1625449482.0,64.0
-109.46,1625449482.0,64.0
-116.16,1625449482.0,64.0
-114.89,1625449482.0,64.0
-104.21,1625449482.0,64.0
-84.24,1625449482.0,64.0
-56.99,1625449482.0,64.0
-25.95,1625449482.0,64.0
4.87,1625449482.0,64.0
32.11,1625449482.0,64.0
53.88,1625449482.0,64.0
69.86,1625449482.0,64.0
80.74,1625449482.0,64.0
87.43,1625449482.0,64.0
90.44,1625449482.0,64.0
89.85,1625449482.0,64.0
85.54,1625449482.0,64.0
77.73,1625449482.0,64.0
67.19,1625449482.0,64.0
55.15,1625449482.0,64.0
42.94,1625449482.0,64.0
31.58,1625449482.0,64.0
21.5,1625449482.0,64.0
12.59,1625449482.0,64.0
4.45,1625449482.0,64.0
-3.24,1625449482.0,64.0
-10.56,1625449482.0,64.0
-17.23,1625449482.0,64.0
-22.92,1625449482.0,64.0
-27.57,1625449482.0,64.0
-31.46,1625449482.0,64.0
-35.28,1625449482.0,64.0
-39.75,1625449482.0,64.0
-45.27,1625449482.0,64.0
-51.68,1625449482.0,64.0
-58.28,1625449482.0,64.0
-64.16,1625449482.0,64.0
-68.65,1625449482.0,64.0
-71.64,1625449482.0,64.0
-73.69,1625449482.0,64.0
-75.73,1625449482.0,64.0
-78.7,1625449482.0,64.0
-83.18,1625449482.0,64.0
-89.15,1625449482.0,64.0
-96.07,1625449482.0,64.0
-103.01,1625449482.0,64.0
-108.83,1625449482.0,64.0
-112.35,1625449482.0,64.0
-112.57,1625449482.0,64.0
-108.82,1625449482.0,64.0
-100.92,1625449482.0,64.0
-89.28,1625449482.0,64.0
-74.81,1625449482.0,64.0
-58.61,1625449482.0,64.0
-41.44,1625449482.0,64.0
-23.27,1625449482.0,64.0
-3.12,1625449482.0,64.0
20.44,1625449482.0,64.0
48.45,1625449482.0,64.0
80.6,1625449482.0,64.0
114.91,1625449482.0,64.0
148.17,1625449482.0,64.0
177.06,1625449482.0,64.0
199.46,1625449482.0,64.0
215.11,1625449482.0,64.0
225.23,1625449482.0,64.0
231.48,1625449482.0,64.0
234.71,1625449482.0,64.0
234.42,1625449482.0,64.0
229.17,1625449482.0,64.0
217.55,1625449482.0,64.0
199.34,1625449482.0,64.0
175.69,1625449482.0,64.0
148.8,1625449482.0,64.0
120.92,1625449482.0,64.0
93.76,1625449482.0,64.0
68.36,1625449482.0,64.0
45.49,1625449482.0,64.0
26.03,1625449482.0,64.0
11.02,1625449482.0,64.0
1.26,1625449482.0,64.0
-3.28,1625449482.0,64.0
-3.59,1625449482.0,64.0
-1.4,1625449482.0,64.0
1.57,1625449482.0,64.0
4.26,1625449482.0,64.0
6.43,1625449482.0,64.0
8.31,1625449482.0,64.0
10.03,1625449482.0,64.0
11.15,1625449482.0,64.0
10.61,1625449482.0,64.0
7.1,1625449482.0,64.0
-0.44,1625449482.0,64.0
-12.38,1625449482.0,64.0
-28.25,1625449482.0,64.0
-46.68,1625449482.0,64.0
-65.57,1625449482.0,64.0
-82.43,1625449482.0,64.0
-94.88,1625449482.0,64.0
-101.18,1625449482.0,64.0
-100.63,1625449482.0,64.0
-93.69,1625449482.0,64.0
-81.67,1625449482.0,64.0
-66.28,1625449482.0,64.0
-49.22,1625449482.0,64.0
-31.94,1625449482.0,64.0
-15.71,1625449482.0,64.0
-1.65,1625449482.0,64.0
9.38,1625449482.0,64.0
16.98,1625449482.0,64.0
21.47,1625449482.0,64.0
23.84,1625449482.0,64.0
25.39,1625449482.0,64.0
27.15,1625449482.0,64.0
29.38,1625449482.0,64.0
31.51,1625449482.0,64.0
32.36,1625449482.0,64.0
30.81,1625449482.0,64.0
26.25,1625449482.0,64.0
18.93,1625449482.0,64.0
9.8,1625449482.0,64.0
0.14,1625449482.0,64.0
-8.95,1625449482.0,64.0
-16.85,1625449482.0,64.0
-23.55,1625449482.0,64.0
-29.38,1625449482.0,64.0
-34.82,1625449482.0,64.0
-40.14,1625449482.0,64.0
-45.33,1625449482.0,64.0
-50.17,1625449482.0,64.0
-54.46,1625449482.0,64.0
-58.16,1625449482.0,64.0
-61.47,1625449482.0,64.0
-64.74,1625449482.0,64.0
-68.31,1625449482.0,64.0
-72.4,1625449482.0,64.0
-77.12,1625449482.0,64.0
-82.49,1625449482.0,64.0
-88.5,1625449482.0,64.0
-95.08,1625449482.0,64.0
-101.87,1625449482.0,64.0
-108.17,1625449482.0,64.0
-112.81,1625449482.0,64.0
-114.41,1625449482.0,64.0
-111.76,1625449482.0,64.0
-104.24,1625449482.0,64.0
-92.0,1625449482.0,64.0
-75.9,1625449482.0,64.0
-57.2,1625449482.0,64.0
-37.18,1625449482.0,64.0
-16.95,1625449482.0,64.0
2.55,1625449482.0,64.0
20.51,1625449482.0,64.0
36.17,1625449482.0,64.0
48.94,1625449482.0,64.0
58.65,1625449482.0,64.0
65.64,1625449482.0,64.0
70.77,1625449482.0,64.0
75.14,1625449482.0,64.0
79.66,1625449482.0,64.0
84.76,1625449482.0,64.0
90.33,1625449482.0,64.0
95.82,1625449482.0,64.0
100.61,1625449482.0,64.0
104.28,1625449482.0,64.0
106.76,1625449482.0,64.0
108.28,1625449482.0,64.0
109.21,1625449482.0,64.0
109.88,1625449482.0,64.0
110.53,1625449482.0,64.0
111.25,1625449482.0,64.0
111.98,1625449482.0,64.0
112.46,1625449482.0,64.0
112.22,1625449482.0,64.0
110.61,1625449482.0,64.0
106.86,1625449482.0,64.0
100.29,1625449482.0,64.0
90.39,1625449482.0,64.0
76.94,1625449482.0,64.0
60.1,1625449482.0,64.0
40.44,1625449482.0,64.0
18.83,1625449482.0,64.0
-3.58,1625449482.0,64.0
-25.61,1625449482.0,64.0
-46.26,1625449482.0,64.0
-64.86,1625449482.0,64.0
-81.02,1625449482.0,64.0
-94.47,1625449482.0,64.0
-104.82,1625449482.0,64.0
-111.46,1625449482.0,64.0
-113.72,1625449482.0,64.0
-111.2,1625449482.0,64.0
-104.07,1625449482.0,64.0
-93.23,1625449482.0,64.0
-80.03,1625449482.0,64.0
-65.92,1625449482.0,64.0
-52.15,1625449482.0,64.0
-39.52,1625449482.0,64.0
-28.5,1625449482.0,64.0
-19.32,1625449482.0,64.0
-12.18,1625449482.0,64.0
-7.21,1625449482.0,64.0
-4.46,1625449482.0,64.0
-3.68,1625449482.0,64.0
-4.32,1625449482.0,64.0
-5.59,1625449482.0,64.0
-6.66,1625449482.0,64.0
-6.94,1625449482.0,64.0
-6.22,1625449482.0,64.0
-4.73,1625449482.0,64.0
-2.97,1625449482.0,64.0
-1.48,1625449482.0,64.0
-0.53,1625449482.0,64.0
-0.11,1625449482.0,64.0
0.03,1625449482.0,64.0
0.23,1625449482.0,64.0
0.64,1625449482.0,64.0
1.18,1625449482.0,64.0
1.56,1625449482.0,64.0
1.46,1625449482.0,64.0
0.61,1625449482.0,64.0
-1.01,1625449482.0,64.0
-3.27,1625449482.0,64.0
-5.88,1625449482.0,64.0
-8.57,1625449482.0,64.0
-11.19,1625449482.0,64.0
-13.75,1625449482.0,64.0
-16.38,1625449482.0,64.0
-19.25,1625449482.0,64.0
-22.56,1625449482.0,64.0
-26.44,1625449482.0,64.0
-30.93,1625449482.0,64.0
-36.01,1625449482.0,64.0
-41.37,1625449482.0,64.0
-46.44,1625449482.0,64.0
-50.28,1625449482.0,64.0
-51.75,1625449482.0,64.0
-49.8,1625449482.0,64.0
-43.75,1625449482.0,64.0
-33.62,1625449482.0,64.0
-20.07,1625449482.0,64.0
-4.26,1625449482.0,64.0
12.44,1625449482.0,64.0
28.75,1625449482.0,64.0
43.68,1625449482.0,64.0
56.6,1625449482.0,64.0
67.19,1625449482.0,64.0
75.39,1625449482.0,64.0
81.38,1625449482.0,64.0
85.44,1625449482.0,64.0
87.88,1625449482.0,64.0
88.97,1625449482.0,64.0
88.9,1625449482.0,64.0
87.77,1625449482.0,64.0
85.67,1625449482.0,64.0
82.72,1625449482.0,64.0
79.07,1625449482.0,64.0
74.89,1625449482.0,64.0
70.35,1625449482.0,64.0
65.5,1625449482.0,64.0
60.4,1625449482.0,64.0
55.02,1625449482.0,64.0
49.36,1625449482.0,64.0
43.45,1625449482.0,64.0
37.42,1625449482.0,64.0
31.44,1625449482.0,64.0
25.71,1625449482.0,64.0
20.41,1625449482.0,64.0
15.6,1625449482.0,64.0
11.18,1625449482.0,64.0
6.91,1625449482.0,64.0
2.45,1625449482.0,64.0
-2.51,1625449482.0,64.0
-8.15,1625449482.0,64.0
-14.47,1625449482.0,64.0
-21.35,1625449482.0,64.0
-28.73,1625449482.0,64.0
-36.61,1625449482.0,64.0
-45.13,1625449482.0,64.0
-54.41,1625449482.0,64.0
-64.31,1625449482.0,64.0
-74.29,1625449482.0,64.0
-83.4,1625449482.0,64.0
-90.45,1625449482.0,64.0
-94.38,1625449482.0,64.0
-94.39,1625449482.0,64.0
-90.12,1625449482.0,64.0
-81.56,1625449482.0,64.0
-69.06,1625449482.0,64.0
-53.23,1625449482.0,64.0
-35.02,1625449482.0,64.0
-15.79,1625449482.0,64.0
2.93,1625449482.0,64.0
19.67,1625449482.0,64.0
33.46,1625449482.0,64.0
44.13,1625449482.0,64.0
52.24,1625449482.0,64.0
58.85,1625449482.0,64.0
65.05,1625449482.0,64.0
71.51,1625449482.0,64.0
78.34,1625449482.0,64.0
85.16,1625449482.0,64.0
91.26,1625449482.0,64.0
95.89,1625449482.0,64.0
98.39,1625449482.0,64.0
98.35,1625449482.0,64.0
95.65,1625449482.0,64.0
90.47,1625449482.0,64.0
83.27,1625449482.0,64.0
74.72,1625449482.0,64.0
65.52,1625449482.0,64.0
56.29,1625449482.0,64.0
47.51,1625449482.0,64.0
39.42,1625449482.0,64.0
32.09,1625449482.0,64.0
25.59,1625449482.0,64.0
20.04,1625449482.0,64.0
15.64,1625449482.0,64.0
12.64,1625449482.0,64.0
11.14,1625449482.0,64.0
10.94,1625449482.0,64.0
11.4,1625449482.0,64.0
11.58,1625449482.0,64.0
10.49,1625449482.0,64.0
7.43,1625449482.0,64.0
2.26,1625449482.0,64.0
-4.55,1625449482.0,64.0
-12.08,1625449482.0,64.0
-19.25,1625449482.0,64.0
-25.08,1625449482.0,64.0
-28.93,1625449482.0,64.0
-30.61,1625449482.0,64.0
-30.4,1625449482.0,64.0
-29.03,1625449482.0,64.0
-27.58,1625449482.0,64.0
-27.2,1625449482.0,64.0
-28.79,1625449482.0,64.0
-32.7,1625449482.0,64.0
-38.64,1625449482.0,64.0
-45.79,1625449482.0,64.0
-53.13,1625449482.0,64.0
-59.76,1625449482.0,64.0
-65.1,1625449482.0,64.0
-68.86,1625449482.0,64.0
-70.88,1625449482.0,64.0
-71.04,1625449482.0,64.0
-69.22,1625449482.0,64.0
-65.4,1625449482.0,64.0
-59.81,1625449482.0,64.0
-53.01,1625449482.0,64.0
-45.76,1625449482.0,64.0
-38.81,1625449482.0,64.0
-32.72,1625449482.0,64.0
-27.73,1625449482.0,64.0
-23.77,1625449482.0,64.0
-20.51,1625449482.0,64.0
-17.62,1625449482.0,64.0
-14.89,1625449482.0,64.0
-12.39,1625449482.0,64.0
-10.4,1625449482.0,64.0
-9.3,1625449482.0,64.0
-9.34,1625449482.0,64.0
-10.51,1625449482.0,64.0
-12.48,1625449482.0,64.0
-14.78,1625449482.0,64.0
-17.08,1625449482.0,64.0
-19.36,1625449482.0,64.0
-21.86,1625449482.0,64.0
-24.91,1625449482.0,64.0
-28.57,1625449482.0,64.0
-32.48,1625449482.0,64.0
-35.95,1625449482.0,64.0
-38.21,1625449482.0,64.0
-38.85,1625449482.0,64.0
-38.08,1625449482.0,64.0
-36.63,1625449482.0,64.0
-35.51,1625449482.0,64.0
-35.58,1625449482.0,64.0
-37.2,1625449482.0,64.0
-40.28,1625449482.0,64.0
-44.27,1625449482.0,64.0
-48.56,1625449482.0,64.0
-52.73,1625449482.0,64.0
-56.72,1625449482.0,64.0
-60.84,1625449482.0,64.0
-65.69,1625449482.0,64.0
-71.89,1625449482.0,64.0
-79.76,1625449482.0,64.0
-89.06,1625449482.0,64.0
-98.9,1625449482.0,64.0
-107.87,1625449482.0,64.0
-114.36,1625449482.0,64.0
-117.07,1625449482.0,64.0
-115.33,1625449482.0,64.0
-109.24,1625449482.0,64.0
-99.66,1625449482.0,64.0
-87.91,1625449482.0,64.0
-75.49,1625449482.0,64.0
-63.65,1625449482.0,64.0
-53.01,1625449482.0,64.0
-43.12,1625449482.0,64.0
-32.53,1625449482.0,64.0
-19.23,1625449482.0,64.0
-1.7,1625449482.0,64.0
20.23,1625449482.0,64.0
44.89,1625449482.0,64.0
69.29,1625449482.0,64.0
90.18,1625449482.0,64.0
105.38,1625449482.0,64.0
114.4,1625449482.0,64.0
118.3,1625449482.0,64.0
118.75,1625449482.0,64.0
117.01,1625449482.0,64.0
113.54,1625449482.0,64.0
108.15,1625449482.0,64.0
100.59,1625449482.0,64.0
91.11,1625449482.0,64.0
80.43,1625449482.0,64.0
69.42,1625449482.0,64.0
58.57,1625449482.0,64.0
47.86,1625449482.0,64.0
36.89,1625449482.0,64.0
25.26,1625449482.0,64.0
12.99,1625449482.0,64.0
0.59,1625449482.0,64.0
-11.04,1625449482.0,64.0
-21.02,1625449482.0,64.0
-28.81,1625449482.0,64.0
-34.44,1625449482.0,64.0
-38.49,1625449482.0,64.0
-41.8,1625449482.0,64.0
-45.23,1625449482.0,64.0
-49.33,1625449482.0,64.0
-54.29,1625449482.0,64.0
-59.96,1625449482.0,64.0
-66.03,1625449482.0,64.0
-72.07,1625449482.0,64.0
-77.63,1625449482.0,64.0
-82.22,1625449482.0,64.0
-85.32,1625449482.0,64.0
-86.47,1625449482.0,64.0
-85.35,1625449482.0,64.0
-81.84,1625449482.0,64.0
-76.01,1625449482.0,64.0
-68.1,1625449482.0,64.0
-58.44,1625449482.0,64.0
-47.35,1625449482.0,64.0
-35.19,1625449482.0,64.0
-22.26,1625449482.0,64.0
-8.82,1625449482.0,64.0
4.93,1625449482.0,64.0
18.79,1625449482.0,64.0
32.52,1625449482.0,64.0
45.74,1625449482.0,64.0
57.93,1625449482.0,64.0
68.53,1625449482.0,64.0
77.05,1625449482.0,64.0
83.29,1625449482.0,64.0
87.37,1625449482.0,64.0
89.73,1625449482.0,64.0
90.87,1625449482.0,64.0
91.21,1625449482.0,64.0
90.94,1625449482.0,64.0
90.05,1625449482.0,64.0
88.36,1625449482.0,64.0
85.73,1625449482.0,64.0
82.09,1625449482.0,64.0
77.49,1625449482.0,64.0
72.04,1625449482.0,64.0
65.88,1625449482.0,64.0
59.09,1625449482.0,64.0
51.75,1625449482.0,64.0
43.99,1625449482.0,64.0
35.96,1625449482.0,64.0
27.83,1625449482.0,64.0
19.72,1625449482.0,64.0
11.57,1625449482.0,64.0
3.16,1625449482.0,64.0
-5.9,1625449482.0,64.0
-15.96,1625449482.0,64.0
-27.24,1625449482.0,64.0
-39.7,1625449482.0,64.0
-52.9,1625449482.0,64.0
-66.11,1625449482.0,64.0
-78.26,1625449482.0,64.0
-88.16,1625449482.0,64.0
-94.59,1625449482.0,64.0
-96.58,1625449482.0,64.0
-93.67,1625449482.0,64.0
-86.03,1625449482.0,64.0
-74.5,1625449482.0,64.0
-60.46,1625449482.0,64.0
-45.51,1625449482.0,64.0
-31.16,1625449482.0,64.0
-18.56,1625449482.0,64.0
-8.32,1625449482.0,64.0
-0.53,1625449482.0,64.0
5.1,1625449482.0,64.0
9.18,1625449482.0,64.0
12.34,1625449482.0,64.0
15.19,1625449482.0,64.0
18.12,1625449482.0,64.0
21.3,1625449482.0,64.0
24.64,1625449482.0,64.0
27.91,1625449482.0,64.0
30.74,1625449482.0,64.0
32.78,1625449482.0,64.0
33.73,1625449482.0,64.0
33.4,1625449482.0,64.0
31.79,1625449482.0,64.0
29.09,1625449482.0,64.0
25.65,1625449482.0,64.0
21.83,1625449482.0,64.0
17.84,1625449482.0,64.0
13.64,1625449482.0,64.0
8.98,1625449482.0,64.0
3.59,1625449482.0,64.0
-2.64,1625449482.0,64.0
-9.58,1625449482.0,64.0
-16.86,1625449482.0,64.0
-24.16,1625449482.0,64.0
-31.34,1625449482.0,64.0
-38.52,1625449482.0,64.0
-46.0,1625449482.0,64.0
-54.17,1625449482.0,64.0
-63.3,1625449482.0,64.0
-73.54,1625449482.0,64.0
-84.72,1625449482.0,64.0
-96.33,1625449482.0,64.0
-107.3,1625449482.0,64.0
-116.14,1625449482.0,64.0
-121.14,1625449482.0,64.0
-120.88,1625449482.0,64.0
-114.71,1625449482.0,64.0
-102.95,1625449482.0,64.0
-86.76,1625449482.0,64.0
-67.7,1625449482.0,64.0
-47.2,1625449482.0,64.0
-26.33,1625449482.0,64.0
-5.8,1625449482.0,64.0
13.85,1625449482.0,64.0
32.03,1625449482.0,64.0
48.07,1625449482.0,64.0
61.35,1625449482.0,64.0
71.53,1625449482.0,64.0
78.7,1625449482.0,64.0
83.33,1625449482.0,64.0
86.14,1625449482.0,64.0
87.72,1625449482.0,64.0
88.44,1625449482.0,64.0
88.3,1625449482.0,64.0
87.08,1625449482.0,64.0
84.47,1625449482.0,64.0
80.36,1625449482.0,64.0
74.9,1625449482.0,64.0
68.51,1625449482.0,64.0
61.72,1625449482.0,64.0
54.97,1625449482.0,64.0
48.47,1625449482.0,64.0
42.22,1625449482.0,64.0
36.08,1625449482.0,64.0
29.97,1625449482.0,64.0
23.96,1625449482.0,64.0
18.25,1625449482.0,64.0
13.03,1625449482.0,64.0
8.32,1625449482.0,64.0
3.91,1625449482.0,64.0
-0.64,1625449482.0,64.0
-5.71,1625449482.0,64.0
-11.58,1625449482.0,64.0
-18.24,1625449482.0,64.0
-25.62,1625449482.0,64.0
-33.7,1625449482.0,64.0
-42.7,1625449482.0,64.0
-52.89,1625449482.0,64.0
-64.29,1625449482.0,64.0
-76.23,1625449482.0,64.0
-87.27,1625449482.0,64.0
-95.48,1625449482.0,64.0
-98.94,1625449482.0,64.0
-96.45,1625449482.0,64.0
-87.84,1625449482.0,64.0
-73.94,1625449482.0,64.0
-56.3,1625449482.0,64.0
-36.65,1625449482.0,64.0
-16.7,1625449482.0,64.0
2.07,1625449482.0,64.0
18.4,1625449482.0,64.0
31.29,1625449482.0,64.0
40.21,1625449482.0,64.0
45.22,1625449482.0,64.0
47.1,1625449482.0,64.0
47.1,1625449482.0,64.0
46.58,1625449482.0,64.0
46.5,1625449482.0,64.0
47.23,1625449482.0,64.0
48.53,1625449482.0,64.0
49.83,1625449482.0,64.0
50.53,1625449482.0,64.0
50.32,1625449482.0,64.0
49.2,1625449482.0,64.0
47.39,1625449482.0,64.0
45.11,1625449482.0,64.0
42.46,1625449482.0,64.0
39.37,1625449482.0,64.0
35.73,1625449482.0,64.0
31.49,1625449482.0,64.0
26.75,1625449482.0,64.0
21.75,1625449482.0,64.0
16.76,1625449482.0,64.0
11.92,1625449482.0,64.0
7.24,1625449482.0,64.0
2.47,1625449482.0,64.0
-2.69,1625449482.0,64.0
-8.51,1625449482.0,64.0
-15.13,1625449482.0,64.0
-22.56,1625449482.0,64.0
-30.81,1625449482.0,64.0
-39.9,1625449482.0,64.0
-49.96,1625449482.0,64.0
-60.96,1625449482.0,64.0
-72.53,1625449482.0,64.0
-83.79,1625449482.0,64.0
-93.37,1625449482.0,64.0
-99.73,1625449482.0,64.0
-101.57,1625449482.0,64.0
-98.22,1625449482.0,64.0
-89.87,1625449482.0,64.0
-77.44,1625449482.0,64.0
-62.28,1625449482.0,64.0
-45.83,1625449482.0,64.0
-29.38,1625449482.0,64.0
-14.05,1625449482.0,64.0
-0.69,1625449482.0,64.0
10.0,1625449482.0,64.0
17.69,1625449482.0,64.0
22.41,1625449482.0,64.0
24.69,1625449482.0,64.0
25.46,1625449482.0,64.0
25.77,1625449482.0,64.0
26.52,1625449482.0,64.0
28.17,1625449482.0,64.0
30.68,1625449482.0,64.0
33.64,1625449482.0,64.0
36.48,1625449482.0,64.0
38.7,1625449482.0,64.0
40.01,1625449482.0,64.0
40.35,1625449482.0,64.0
39.79,1625449482.0,64.0
38.54,1625449482.0,64.0
36.85,1625449482.0,64.0
35.02,1625449482.0,64.0
33.29,1625449482.0,64.0
31.83,1625449482.0,64.0
30.58,1625449482.0,64.0
29.34,1625449482.0,64.0
27.86,1625449482.0,64.0
26.12,1625449482.0,64.0
24.37,1625449482.0,64.0
23.21,1625449482.0,64.0
23.2,1625449482.0,64.0
24.67,1625449482.0,64.0
27.43,1625449482.0,64.0
30.79,1625449482.0,64.0
33.69,1625449482.0,64.0
35.0,1625449482.0,64.0
33.74,1625449482.0,64.0
29.3,1625449482.0,64.0
21.61,1625449482.0,64.0
11.2,1625449482.0,64.0
-0.71,1625449482.0,64.0
-12.38,1625449482.0,64.0
-21.84,1625449482.0,64.0
-27.39,1625449482.0,64.0
-27.97,1625449482.0,64.0
-23.5,1625449482.0,64.0
-14.79,1625449482.0,64.0
-3.29,1625449482.0,64.0
9.28,1625449482.0,64.0
21.4,1625449482.0,64.0
31.94,1625449482.0,64.0
40.32,1625449482.0,64.0
46.41,1625449482.0,64.0
50.36,1625449482.0,64.0
52.38,1625449482.0,64.0
52.62,1625449482.0,64.0
51.35,1625449482.0,64.0
49.02,1625449482.0,64.0
46.44,1625449482.0,64.0
44.57,1625449482.0,64.0
44.1,1625449482.0,64.0
45.09,1625449482.0,64.0
46.66,1625449482.0,64.0
47.33,1625449482.0,64.0
45.61,1625449482.0,64.0
40.67,1625449482.0,64.0
32.74,1625449482.0,64.0
22.99,1625449482.0,64.0
12.9,1625449482.0,64.0
3.63,1625449482.0,64.0
-4.37,1625449482.0,64.0
-11.36,1625449482.0,64.0
-17.98,1625449482.0,64.0
-24.71,1625449482.0,64.0
-31.57,1625449482.0,64.0
-38.07,1625449482.0,64.0
-43.32,1625449482.0,64.0
-46.43,1625449482.0,64.0
-47.0,1625449482.0,64.0
-45.38,1625449482.0,64.0
-42.73,1625449482.0,64.0
-40.72,1625449482.0,64.0
-40.99,1625449482.0,64.0
-44.59,1625449482.0,64.0
-51.63,1625449482.0,64.0
-61.3,1625449482.0,64.0
-72.16,1625449482.0,64.0
-82.56,1625449482.0,64.0
-91.09,1625449482.0,64.0
-96.87,1625449482.0,64.0
-99.6,1625449482.0,64.0
-99.41,1625449482.0,64.0
-96.6,1625449482.0,64.0
-91.44,1625449482.0,64.0
-84.12,1625449482.0,64.0
-74.8,1625449482.0,64.0
-63.95,1625449482.0,64.0
-52.34,1625449482.0,64.0
-41.12,1625449482.0,64.0
-31.56,1625449482.0,64.0
-24.67,1625449482.0,64.0
-20.93,1625449482.0,64.0
-20.06,1625449482.0,64.0
-20.88,1625449482.0,64.0
-21.38,1625449482.0,64.0
-19.17,1625449482.0,64.0
-12.0,1625449482.0,64.0
1.32,1625449482.0,64.0
20.3,1625449482.0,64.0
42.64,1625449482.0,64.0
64.91,1625449482.0,64.0
83.75,1625449482.0,64.0
97.15,1625449482.0,64.0
104.95,1625449482.0,64.0
108.45,1625449482.0,64.0
109.31,1625449482.0,64.0
108.56,1625449482.0,64.0
106.1,1625449482.0,64.0
101.32,1625449482.0,64.0
93.99,1625449482.0,64.0
85.13,1625449482.0,64.0
76.9,1625449482.0,64.0
71.94,1625449482.0,64.0
72.27,1625449482.0,64.0
78.46,1625449482.0,64.0
89.45,1625449482.0,64.0
102.83,1625449482.0,64.0
115.33,1625449482.0,64.0
123.41,1625449482.0,64.0
123.77,1625449482.0,64.0
114.18,1625449482.0,64.0
94.37,1625449482.0,64.0
66.78,1625449482.0,64.0
36.49,1625449482.0,64.0
9.99,1625449482.0,64.0
-6.96,1625449482.0,64.0
-11.6,1625449482.0,64.0
-5.14,1625449482.0,64.0
7.81,1625449482.0,64.0
21.39,1625449482.0,64.0
30.74,1625449482.0,64.0
33.56,1625449482.0,64.0
30.11,1625449482.0,64.0
22.41,1625449482.0,64.0
12.89,1625449482.0,64.0
3.72,1625449482.0,64.0
-3.4,1625449482.0,64.0
-7.33,1625449482.0,64.0
-7.5,1625449482.0,64.0
-4.39,1625449482.0,64.0
0.34,1625449482.0,64.0
4.1,1625449482.0,64.0
4.52,1625449482.0,64.0
0.45,1625449482.0,64.0
-7.46,1625449482.0,64.0
-17.05,1625449482.0,64.0
-25.68,1625449482.0,64.0
-31.19,1625449482.0,64.0
-32.33,1625449482.0,64.0
-28.67,1625449482.0,64.0
-20.26,1625449482.0,64.0
-7.49,1625449482.0,64.0
8.8,1625449482.0,64.0
27.07,1625449482.0,64.0
45.07,1625449482.0,64.0
60.11,1625449482.0,64.0
69.6,1625449482.0,64.0
71.7,1625449482.0,64.0
65.43,1625449482.0,64.0
50.78,1625449482.0,64.0
28.62,1625449482.0,64.0
0.47,1625449482.0,64.0
-31.64,1625449482.0,64.0
-65.31,1625449482.0,64.0
-97.98,1625449482.0,64.0
-127.13,1625449482.0,64.0
-150.2,1625449482.0,64.0
-164.71,1625449482.0,64.0
-168.36,1625449482.0,64.0
-159.67,1625449482.0,64.0
-138.49,1625449482.0,64.0
-106.52,1625449482.0,64.0
-67.29,1625449482.0,64.0
-25.42,1625449482.0,64.0
14.13,1625449482.0,64.0
47.12,1625449482.0,64.0
70.71,1625449482.0,64.0
84.03,1625449482.0,64.0
88.64,1625449482.0,64.0
88.93,1625449482.0,64.0
91.92,1625449482.0,64.0
105.62,1625449482.0,64.0
136.27,1625449482.0,64.0
185.11,1625449482.0,64.0
246.54,1625449482.0,64.0
309.02,1625449482.0,64.0
358.77,1625449482.0,64.0
384.86,1625449482.0,64.0
383.08,1625449482.0,64.0
356.91,1625449482.0,64.0
315.03,1625449482.0,64.0
266.95,1625449482.0,64.0
219.22,1625449482.0,64.0
174.01,1625449482.0,64.0
130.19,1625449482.0,64.0
85.67,1625449482.0,64.0
39.31,1625449482.0,64.0
-8.72,1625449482.0,64.0
-57.61,1625449482.0,64.0
-106.58,1625449482.0,64.0
-154.98,1625449482.0,64.0
-201.54,1625449482.0,64.0
-243.86,1625449482.0,64.0
-278.6,1625449482.0,64.0
-302.81,1625449482.0,64.0
-315.21,1625449482.0,64.0
-317.0,1625449482.0,64.0
-311.43,1625449482.0,64.0
-302.41,1625449482.0,64.0
-292.92,1625449482.0,64.0
-284.14,1625449482.0,64.0
-275.45,1625449482.0,64.0
-265.2,1625449482.0,64.0
-251.63,1625449482.0,64.0
-233.54,1625449482.0,64.0
-210.56,1625449482.0,64.0
-183.04,1625449482.0,64.0
-151.98,1625449482.0,64.0
-119.03,1625449482.0,64.0
-86.34,1625449482.0,64.0
-56.29,1625449482.0,64.0
-31.0,1625449482.0,64.0
-11.74,1625449482.0,64.0
1.54,1625449482.0,64.0
10.14,1625449482.0,64.0
16.15,1625449482.0,64.0
21.63,1625449482.0,64.0
27.88,1625449482.0,64.0
35.02,1625449482.0,64.0
42.15,1625449482.0,64.0
47.87,1625449482.0,64.0
51.01,1625449482.0,64.0
51.17,1625449482.0,64.0
48.79,1625449482.0,64.0
44.9,1625449482.0,64.0
40.61,1625449482.0,64.0
36.69,1625449482.0,64.0
33.35,1625449482.0,64.0
30.29,1625449482.0,64.0
27.01,1625449482.0,64.0
22.96,1625449482.0,64.0
17.84,1625449482.0,64.0
11.54,1625449482.0,64.0
4.14,1625449482.0,64.0
-4.15,1625449482.0,64.0
-13.05,1625449482.0,64.0
-22.24,1625449482.0,64.0
-31.47,1625449482.0,64.0
-40.65,1625449482.0,64.0
-49.8,1625449482.0,64.0
-58.97,1625449482.0,64.0
-68.06,1625449482.0,64.0
-76.54,1625449482.0,64.0
-83.53,1625449482.0,64.0
-87.92,1625449482.0,64.0
-88.75,1625449482.0,64.0
-85.62,1625449482.0,64.0
-78.76,1625449482.0,64.0
-69.01,1625449482.0,64.0
-57.5,1625449482.0,64.0
-45.39,1625449482.0,64.0
-33.71,1625449482.0,64.0
-23.25,1625449482.0,64.0
-14.62,1625449482.0,64.0
-8.17,1625449482.0,64.0
-3.87,1625449482.0,64.0
-1.19,1625449482.0,64.0
0.81,1625449482.0,64.0
3.27,1625449482.0,64.0
7.19,1625449482.0,64.0
12.98,1625449482.0,64.0
20.46,1625449482.0,64.0
28.88,1625449482.0,64.0
37.29,1625449482.0,64.0
44.74,1625449482.0,64.0
50.62,1625449482.0,64.0
54.61,1625449482.0,64.0
56.67,1625449482.0,64.0
56.96,1625449482.0,64.0
55.76,1625449482.0,64.0
53.36,1625449482.0,64.0
50.05,1625449482.0,64.0
46.09,1625449482.0,64.0
41.62,1625449482.0,64.0
36.79,1625449482.0,64.0
31.72,1625449482.0,64.0
26.53,1625449482.0,64.0
21.33,1625449482.0,64.0
16.04,1625449482.0,64.0
10.49,1625449482.0,64.0
4.46,1625449482.0,64.0
-2.1,1625449482.0,64.0
-8.84,1625449482.0,64.0
-15.01,1625449482.0,64.0
-19.59,1625449482.0,64.0
-21.62,1625449482.0,64.0
-20.6,1625449482.0,64.0
-16.57,1625449482.0,64.0
-10.06,1625449482.0,64.0
-1.78,1625449482.0,64.0
7.61,1625449482.0,64.0
17.65,1625449482.0,64.0
27.95,1625449482.0,64.0
38.09,1625449482.0,64.0
47.43,1625449482.0,64.0
55.26,1625449482.0,64.0
60.99,1625449482.0,64.0
64.41,1625449482.0,64.0
65.72,1625449482.0,64.0
65.51,1625449482.0,64.0
64.47,1625449482.0,64.0
63.15,1625449482.0,64.0
61.78,1625449482.0,64.0
60.37,1625449482.0,64.0
58.75,1625449482.0,64.0
56.71,1625449482.0,64.0
54.11,1625449482.0,64.0
50.83,1625449482.0,64.0
46.84,1625449482.0,64.0
42.12,1625449482.0,64.0
36.69,1625449482.0,64.0
30.63,1625449482.0,64.0
24.11,1625449482.0,64.0
17.35,1625449482.0,64.0
10.6,1625449482.0,64.0
4.03,1625449482.0,64.0
-2.26,1625449482.0,64.0
-8.29,1625449482.0,64.0
-14.18,1625449482.0,64.0
-20.13,1625449482.0,64.0
-26.35,1625449482.0,64.0
-32.95,1625449482.0,64.0
-39.85,1625449482.0,64.0
-46.74,1625449482.0,64.0
-52.97,1625449482.0,64.0
-57.64,1625449482.0,64.0
-59.82,1625449482.0,64.0
-58.73,1625449482.0,64.0
-54.01,1625449482.0,64.0
-45.76,1625449482.0,64.0
-34.58,1625449482.0,64.0
-21.32,1625449482.0,64.0
-6.95,1625449482.0,64.0
7.65,1625449482.0,64.0
21.65,1625449482.0,64.0
34.31,1625449482.0,64.0
44.95,1625449482.0,64.0
53.05,1625449482.0,64.0
58.4,1625449482.0,64.0
61.14,1625449482.0,64.0
61.81,1625449482.0,64.0
61.12,1625449482.0,64.0
59.79,1625449482.0,64.0
58.31,1625449482.0,64.0
56.85,1625449482.0,64.0
55.33,1625449482.0,64.0
53.51,1625449482.0,64.0
51.2,1625449482.0,64.0
48.21,1625449482.0,64.0
44.47,1625449482.0,64.0
39.91,1625449482.0,64.0
34.55,1625449482.0,64.0
28.46,1625449482.0,64.0
21.86,1625449482.0,64.0
15.07,1625449482.0,64.0
8.37,1625449482.0,64.0
1.93,1625449482.0,64.0
-4.26,1625449482.0,64.0
-10.37,1625449482.0,64.0
-16.59,1625449482.0,64.0
-23.1,1625449482.0,64.0
-29.96,1625449482.0,64.0
-37.16,1625449482.0,64.0
-44.6,1625449482.0,64.0
-52.06,1625449482.0,64.0
-59.1,1625449482.0,64.0
-64.96,1625449482.0,64.0
-68.64,1625449482.0,64.0
-69.1,1625449482.0,64.0
-65.65,1625449482.0,64.0
-58.14,1625449482.0,64.0
-47.11,1625449482.0,64.0
-33.53,1625449482.0,64.0
-18.49,1625449482.0,64.0
-2.95,1625449482.0,64.0
12.38,1625449482.0,64.0
26.87,1625449482.0,64.0
39.88,1625449482.0,64.0
50.67,1625449482.0,64.0
58.51,1625449482.0,64.0
63.01,1625449482.0,64.0
64.29,1625449482.0,64.0
63.01,1625449482.0,64.0
60.21,1625449482.0,64.0
56.96,1625449482.0,64.0
54.02,1625449482.0,64.0
51.7,1625449482.0,64.0
49.79,1625449482.0,64.0
47.83,1625449482.0,64.0
45.33,1625449482.0,64.0
41.98,1625449482.0,64.0
37.77,1625449482.0,64.0
32.89,1625449482.0,64.0
27.65,1625449482.0,64.0
22.31,1625449482.0,64.0
17.02,1625449482.0,64.0
11.86,1625449482.0,64.0
6.81,1625449482.0,64.0
1.9,1625449482.0,64.0
-2.92,1625449482.0,64.0
-7.71,1625449482.0,64.0
-12.63,1625449482.0,64.0
-17.9,1625449482.0,64.0
-23.77,1625449482.0,64.0
-30.42,1625449482.0,64.0
-37.87,1625449482.0,64.0
-45.96,1625449482.0,64.0
-54.29,1625449482.0,64.0
-62.22,1625449482.0,64.0
-68.85,1625449482.0,64.0
-73.09,1625449482.0,64.0
-73.84,1625449482.0,64.0
-70.3,1625449482.0,64.0
-62.2,1625449482.0,64.0
-49.99,1625449482.0,64.0
-34.76,1625449482.0,64.0
-18.05,1625449482.0,64.0
-1.47,1625449482.0,64.0
13.66,1625449482.0,64.0
26.44,1625449482.0,64.0
36.5,1625449482.0,64.0
43.96,1625449482.0,64.0
49.24,1625449482.0,64.0
52.94,1625449482.0,64.0
55.64,1625449482.0,64.0
57.67,1625449482.0,64.0
59.12,1625449482.0,64.0
59.81,1625449482.0,64.0
59.57,1625449482.0,64.0
58.39,1625449482.0,64.0
56.67,1625449482.0,64.0
55.06,1625449482.0,64.0
54.28,1625449482.0,64.0
54.84,1625449482.0,64.0
56.59,1625449482.0,64.0
58.75,1625449482.0,64.0
59.9,1625449482.0,64.0
58.28,1625449482.0,64.0
52.44,1625449482.0,64.0
42.08,1625449482.0,64.0
28.89,1625449482.0,64.0
17.06,1625449482.0,64.0
12.49,1625449482.0,64.0
20.83,1625449482.0,64.0
44.82,1625449482.0,64.0
82.04,1625449482.0,64.0
124.78,1625449482.0,64.0
162.29,1625449482.0,64.0
184.71,1625449482.0,64.0
186.82,1625449482.0,64.0
169.78,1625449482.0,64.0
140.01,1625449482.0,64.0
105.86,1625449482.0,64.0
74.1,1625449482.0,64.0
47.71,1625449482.0,64.0
25.86,1625449482.0,64.0
5.57,1625449482.0,64.0
-16.41,1625449482.0,64.0
-42.2,1625449482.0,64.0
-72.26,1625449482.0,64.0
-105.45,1625449482.0,64.0
-139.17,1625449482.0,64.0
-169.43,1625449482.0,64.0
-191.15,1625449482.0,64.0
-199.08,1625449482.0,64.0
-189.32,1625449482.0,64.0
-161.03,1625449482.0,64.0
-117.19,1625449482.0,64.0
-64.12,1625449482.0,64.0
-9.82,1625449482.0,64.0
38.39,1625449482.0,64.0
75.6,1625449482.0,64.0
99.99,1625449482.0,64.0
112.21,1625449482.0,64.0
113.94,1625449482.0,64.0
106.46,1625449482.0,64.0
90.05,1625449482.0,64.0
64.5,1625449482.0,64.0
30.75,1625449482.0,64.0
-7.61,1625449482.0,64.0
-44.2,1625449482.0,64.0
-71.4,1625449482.0,64.0
-83.33,1625449482.0,64.0
-78.39,1625449482.0,64.0
-60.14,1625449482.0,64.0
-35.55,1625449482.0,64.0
-11.91,1625449482.0,64.0
6.27,1625449482.0,64.0
18.51,1625449482.0,64.0
27.13,1625449482.0,64.0
34.54,1625449482.0,64.0
40.78,1625449482.0,64.0
42.84,1625449482.0,64.0
35.93,1625449482.0,64.0
16.02,1625449482.0,64.0
-17.68,1625449482.0,64.0
-61.52,1625449482.0,64.0
-107.91,1625449482.0,64.0
-147.36,1625449482.0,64.0
-171.35,1625449482.0,64.0
-175.03,1625449482.0,64.0
-158.88,1625449482.0,64.0
-128.23,1625449482.0,64.0
-90.99,1625449482.0,64.0
-54.49,1625449482.0,64.0
-22.95,1625449482.0,64.0
2.95,1625449482.0,64.0
24.52,1625449482.0,64.0
42.42,1625449482.0,64.0
54.78,1625449482.0,64.0
57.33,1625449482.0,64.0
45.72,1625449482.0,64.0
18.32,1625449482.0,64.0
-21.95,1625449482.0,64.0
-68.03,1625449482.0,64.0
-110.88,1625449482.0,64.0
-142.4,1625449482.0,64.0
-157.4,1625449482.0,64.0
-154.28,1625449482.0,64.0
-134.36,1625449482.0,64.0
-100.86,1625449482.0,64.0
-58.06,1625449482.0,64.0
-10.76,1625449482.0,64.0
36.06,1625449482.0,64.0
77.87,1625449482.0,64.0
111.17,1625449482.0,64.0
133.84,1625449482.0,64.0
144.98,1625449482.0,64.0
144.33,1625449482.0,64.0
131.78,1625449482.0,64.0
107.52,1625449482.0,64.0
72.85,1625449482.0,64.0
30.9,1625449482.0,64.0
-13.2,1625449482.0,64.0
-53.53,1625449482.0,64.0
-85.21,1625449482.0,64.0
-106.03,1625449482.0,64.0
-116.98,1625449482.0,64.0
-121.31,1625449482.0,64.0
-122.7,1625449482.0,64.0
-123.71,1625449482.0,64.0
-125.01,1625449482.0,64.0
-125.95,1625449482.0,64.0
-125.5,1625449482.0,64.0
-123.21,1625449482.0,64.0
-119.39,1625449482.0,64.0
-114.7,1625449482.0,64.0
-109.47,1625449482.0,64.0
-103.29,1625449482.0,64.0
-95.15,1625449482.0,64.0
-84.06,1625449482.0,64.0
-69.64,1625449482.0,64.0
-52.42,1625449482.0,64.0
-33.85,1625449482.0,64.0
-15.8,1625449482.0,64.0
-0.0,1625449482.0,64.0
12.34,1625449482.0,64.0
20.86,1625449482.0,64.0
25.99,1625449482.0,64.0
28.74,1625449482.0,64.0
30.41,1625449482.0,64.0
32.05,1625449482.0,64.0
34.28,1625449482.0,64.0
37.06,1625449482.0,64.0
39.84,1625449482.0,64.0
41.9,1625449482.0,64.0
42.63,1625449482.0,64.0
41.83,1625449482.0,64.0
39.76,1625449482.0,64.0
36.93,1625449482.0,64.0
33.81,1625449482.0,64.0
30.65,1625449482.0,64.0
27.36,1625449482.0,64.0
23.66,1625449482.0,64.0
19.28,1625449482.0,64.0
14.18,1625449482.0,64.0
8.56,1625449482.0,64.0
2.8,1625449482.0,64.0
-2.7,1625449482.0,64.0
-7.68,1625449482.0,64.0
-12.06,1625449482.0,64.0
-15.99,1625449482.0,64.0
-19.66,1625449482.0,64.0
-23.3,1625449482.0,64.0
-27.16,1625449482.0,64.0
-31.46,1625449482.0,64.0
-36.34,1625449482.0,64.0
-41.74,1625449482.0,64.0
-47.26,1625449482.0,64.0
-52.13,1625449482.0,64.0
-55.38,1625449482.0,64.0
-56.09,1625449482.0,64.0
-53.68,1625449482.0,64.0
-48.09,1625449482.0,64.0
-39.77,1625449482.0,64.0
-29.52,1625449482.0,64.0
-18.22,1625449482.0,64.0
-6.69,1625449482.0,64.0
4.38,1625449482.0,64.0
14.41,1625449482.0,64.0
22.86,1625449482.0,64.0
29.28,1625449482.0,64.0
33.43,1625449482.0,64.0
35.4,1625449482.0,64.0
35.62,1625449482.0,64.0
34.82,1625449482.0,64.0
33.75,1625449482.0,64.0
32.99,1625449482.0,64.0
32.8,1625449482.0,64.0
33.04,1625449482.0,64.0
33.33,1625449482.0,64.0
33.2,1625449482.0,64.0
32.28,1625449482.0,64.0
30.41,1625449482.0,64.0
27.69,1625449482.0,64.0
24.38,1625449482.0,64.0
20.78,1625449482.0,64.0
17.12,1625449482.0,64.0
13.51,1625449482.0,64.0
9.95,1625449482.0,64.0
6.37,1625449482.0,64.0
2.73,1625449482.0,64.0
-0.98,1625449482.0,64.0
-4.73,1625449482.0,64.0
-8.51,1625449482.0,64.0
-12.36,1625449482.0,64.0
-16.36,1625449482.0,64.0
-20.62,1625449482.0,64.0
-25.29,1625449482.0,64.0
-30.44,1625449482.0,64.0
-36.12,1625449482.0,64.0
-42.27,1625449482.0,64.0
-48.76,1625449482.0,64.0
-55.2,1625449482.0,64.0
-61.05,1625449482.0,64.0
-65.54,1625449482.0,64.0
-67.84,1625449482.0,64.0
-67.27,1625449482.0,64.0
-63.48,1625449482.0,64.0
-56.58,1625449482.0,64.0
-47.13,1625449482.0,64.0
-35.97,1625449482.0,64.0
-23.95,1625449482.0,64.0
-11.85,1625449482.0,64.0
-0.26,1625449482.0,64.0
10.3,1625449482.0,64.0
19.34,1625449482.0,64.0
26.38,1625449482.0,64.0
31.13,1625449482.0,64.0
33.64,1625449482.0,64.0
34.39,1625449482.0,64.0
34.25,1625449482.0,64.0
34.07,1625449482.0,64.0
34.48,1625449482.0,64.0
35.54,1625449482.0,64.0
36.86,1625449482.0,64.0
37.84,1625449482.0,64.0
38.0,1625449482.0,64.0
37.18,1625449482.0,64.0
35.55,1625449482.0,64.0
33.43,1625449482.0,64.0
31.07,1625449482.0,64.0
28.53,1625449482.0,64.0
25.72,1625449482.0,64.0
22.54,1625449482.0,64.0
18.94,1625449482.0,64.0
15.02,1625449482.0,64.0
10.98,1625449482.0,64.0
6.98,1625449482.0,64.0
3.07,1625449482.0,64.0
-0.74,1625449482.0,64.0
-4.52,1625449482.0,64.0
-8.31,1625449482.0,64.0
-12.16,1625449482.0,64.0
-16.13,1625449482.0,64.0
-20.28,1625449482.0,64.0
-24.74,1625449482.0,64.0
-29.63,1625449482.0,64.0
-35.03,1625449482.0,64.0
-40.96,1625449482.0,64.0
-47.26,1625449482.0,64.0
-53.54,1625449482.0,64.0
-59.1,1625449482.0,64.0
-63.03,1625449482.0,64.0
-64.38,1625449482.0,64.0
-62.47,1625449482.0,64.0
-57.09,1625449482.0,64.0
-48.67,1625449482.0,64.0
-38.08,1625449482.0,64.0
-26.39,1625449482.0,64.0
-14.54,1625449482.0,64.0
-3.25,1625449482.0,64.0
7.07,1625449482.0,64.0
16.07,1625449482.0,64.0
23.46,1625449482.0,64.0
28.96,1625449482.0,64.0
32.53,1625449482.0,64.0
34.43,1625449482.0,64.0
35.23,1625449482.0,64.0
35.65,1625449482.0,64.0
36.28,1625449482.0,64.0
37.41,1625449482.0,64.0
38.91,1625449482.0,64.0
40.35,1625449482.0,64.0
41.26,1625449482.0,64.0
41.29,1625449482.0,64.0
40.31,1625449482.0,64.0
38.48,1625449482.0,64.0
36.01,1625449482.0,64.0
33.11,1625449482.0,64.0
29.91,1625449482.0,64.0
26.43,1625449482.0,64.0
22.67,1625449482.0,64.0
18.67,1625449482.0,64.0
14.55,1625449482.0,64.0
10.46,1625449482.0,64.0
6.58,1625449482.0,64.0
2.96,1625449482.0,64.0
-0.44,1625449482.0,64.0
-3.77,1625449482.0,64.0
-7.24,1625449482.0,64.0
-11.01,1625449482.0,64.0
-15.15,1625449482.0,64.0
-19.66,1625449482.0,64.0
-24.52,1625449482.0,64.0
-29.7,1625449482.0,64.0
-35.26,1625449482.0,64.0
-41.24,1625449482.0,64.0
-47.54,1625449482.0,64.0
-53.69,1625449482.0,64.0
-58.92,1625449482.0,64.0
-62.22,1625449482.0,64.0
-62.62,1625449482.0,64.0
-59.61,1625449482.0,64.0
-53.24,1625449482.0,64.0
-44.12,1625449482.0,64.0
-33.21,1625449482.0,64.0
-21.48,1625449482.0,64.0
-9.72,1625449482.0,64.0
1.48,1625449482.0,64.0
11.66,1625449482.0,64.0
20.36,1625449482.0,64.0
27.18,1625449482.0,64.0
31.88,1625449482.0,64.0
34.56,1625449482.0,64.0
35.61,1625449482.0,64.0
35.78,1625449482.0,64.0
35.81,1625449482.0,64.0
36.26,1625449482.0,64.0
37.31,1625449482.0,64.0
38.75,1625449482.0,64.0
40.1,1625449482.0,64.0
40.83,1625449482.0,64.0
40.6,1625449482.0,64.0
39.37,1625449482.0,64.0
37.37,1625449482.0,64.0
34.9,1625449482.0,64.0
32.22,1625449482.0,64.0
29.42,1625449482.0,64.0
26.4,1625449482.0,64.0
23.0,1625449482.0,64.0
19.1,1625449482.0,64.0
14.72,1625449482.0,64.0
10.04,1625449482.0,64.0
5.34,1625449482.0,64.0
0.87,1625449482.0,64.0
-3.22,1625449482.0,64.0
-6.97,1625449482.0,64.0
-10.59,1625449482.0,64.0
-14.36,1625449482.0,64.0
-18.56,1625449482.0,64.0
-23.29,1625449482.0,64.0
-28.51,1625449482.0,64.0
-34.09,1625449482.0,64.0
-39.94,1625449482.0,64.0
-45.96,1625449482.0,64.0
-51.96,1625449482.0,64.0
-57.64,1625449482.0,64.0
-62.32,1625449482.0,64.0
-65.18,1625449482.0,64.0
-65.32,1625449482.0,64.0
-62.19,1625449482.0,64.0
-55.74,1625449482.0,64.0
-46.43,1625449482.0,64.0
-35.11,1625449482.0,64.0
-22.69,1625449482.0,64.0
-10.05,1625449482.0,64.0
2.14,1625449482.0,64.0
13.25,1625449482.0,64.0
22.74,1625449482.0,64.0
30.19,1625449482.0,64.0
35.39,1625449482.0,64.0
38.53,1625449482.0,64.0
40.13,1625449482.0,64.0
40.97,1625449482.0,64.0
41.8,1625449482.0,64.0
43.12,1625449482.0,64.0
45.02,1625449482.0,64.0
47.19,1625449482.0,64.0
49.1,1625449482.0,64.0
50.19,1625449482.0,64.0
50.09,1625449482.0,64.0
48.73,1625449482.0,64.0
46.29,1625449482.0,64.0
43.06,1625449482.0,64.0
39.38,1625449482.0,64.0
35.48,1625449482.0,64.0
31.44,1625449482.0,64.0
27.29,1625449482.0,64.0
23.02,1625449482.0,64.0
18.65,1625449482.0,64.0
14.21,1625449482.0,64.0
9.7,1625449482.0,64.0
5.08,1625449482.0,64.0
0.3,1625449482.0,64.0
-4.7,1625449482.0,64.0
-9.92,1625449482.0,64.0
-15.36,1625449482.0,64.0
-21.0,1625449482.0,64.0
-26.89,1625449482.0,64.0
-33.11,1625449482.0,64.0
-39.71,1625449482.0,64.0
-46.6,1625449482.0,64.0
-53.44,1625449482.0,64.0
-59.62,1625449482.0,64.0
-64.29,1625449482.0,64.0
-66.51,1625449482.0,64.0
-65.55,1625449482.0,64.0
-61.06,1625449482.0,64.0
-53.21,1625449482.0,64.0
-42.7,1625449482.0,64.0
-30.5,1625449482.0,64.0
-17.65,1625449482.0,64.0
-5.05,1625449482.0,64.0
6.68,1625449482.0,64.0
17.08,1625449482.0,64.0
25.8,1625449482.0,64.0
32.54,1625449482.0,64.0
37.12,1625449482.0,64.0
39.65,1625449482.0,64.0
40.6,1625449482.0,64.0
40.72,1625449482.0,64.0
40.82,1625449482.0,64.0
41.44,1625449482.0,64.0
42.66,1625449482.0,64.0
44.1,1625449482.0,64.0
45.14,1625449482.0,64.0
45.24,1625449482.0,64.0
44.14,1625449482.0,64.0
41.93,1625449482.0,64.0
38.92,1625449482.0,64.0
35.43,1625449482.0,64.0
31.75,1625449482.0,64.0
28.01,1625449482.0,64.0
24.25,1625449482.0,64.0
20.52,1625449482.0,64.0
16.84,1625449482.0,64.0
13.23,1625449482.0,64.0
9.63,1625449482.0,64.0
5.96,1625449482.0,64.0
2.11,1625449482.0,64.0
-2.04,1625449482.0,64.0
-6.5,1625449482.0,64.0
-11.3,1625449482.0,64.0
-16.39,1625449482.0,64.0
-21.8,1625449482.0,64.0
-27.62,1625449482.0,64.0
-34.0,1625449482.0,64.0
-41.06,1625449482.0,64.0
-48.77,1625449482.0,64.0
-56.86,1625449482.0,64.0
-64.67,1625449482.0,64.0
-71.27,1625449482.0,64.0
-75.51,1625449482.0,64.0
-76.41,1625449482.0,64.0
-73.43,1625449482.0,64.0
-66.62,1625449482.0,64.0
-56.71,1625449482.0,64.0
-44.8,1625449482.0,64.0
-32.09,1625449482.0,64.0
-19.58,1625449482.0,64.0
-8.01,1625449482.0,64.0
2.1,1625449482.0,64.0
10.39,1625449482.0,64.0
16.6,1625449482.0,64.0
20.71,1625449482.0,64.0
23.04,1625449482.0,64.0
24.26,1625449482.0,64.0
25.25,1625449482.0,64.0
26.79,1625449482.0,64.0
29.27,1625449482.0,64.0
32.54,1625449482.0,64.0
36.03,1625449482.0,64.0
38.99,1625449482.0,64.0
40.8,1625449482.0,64.0
41.21,1625449482.0,64.0
40.31,1625449482.0,64.0
38.41,1625449482.0,64.0
35.9,1625449482.0,64.0
33.0,1625449482.0,64.0
29.84,1625449482.0,64.0
26.43,1625449482.0,64.0
22.82,1625449482.0,64.0
19.1,1625449482.0,64.0
15.41,1625449482.0,64.0
11.82,1625449482.0,64.0
8.3,1625449482.0,64.0
4.73,1625449482.0,64.0
0.96,1625449482.0,64.0
-3.07,1625449482.0,64.0
-7.31,1625449482.0,64.0
-11.56,1625449482.0,64.0
-15.63,1625449482.0,64.0
-19.39,1625449482.0,64.0
-22.9,1625449482.0,64.0
-26.37,1625449482.0,64.0
-30.08,1625449482.0,64.0
-34.27,1625449482.0,64.0
-38.94,1625449482.0,64.0
-43.68,1625449482.0,64.0
-47.64,1625449482.0,64.0
-49.67,1625449482.0,64.0
-48.6,1625449482.0,64.0
-43.61,1625449482.0,64.0
-34.53,1625449482.0,64.0
-21.93,1625449482.0,64.0
-6.99,1625449482.0,64.0
8.76,1625449482.0,64.0
23.78,1625449482.0,64.0
36.69,1625449482.0,64.0
46.49,1625449482.0,64.0
52.58,1625449482.0,64.0
54.92,1625449482.0,64.0
54.01,1625449482.0,64.0
50.9,1625449482.0,64.0
46.89,1625449482.0,64.0
43.16,1625449482.0,64.0
40.48,1625449482.0,64.0
38.96,1625449482.0,64.0
38.16,1625449482.0,64.0
37.35,1625449482.0,64.0
35.88,1625449482.0,64.0
33.37,1625449482.0,64.0
29.74,1625449482.0,64.0
25.14,1625449482.0,64.0
19.87,1625449482.0,64.0
14.28,1625449482.0,64.0
8.71,1625449482.0,64.0
3.55,1625449482.0,64.0
-0.85,1625449482.0,64.0
-4.34,1625449482.0,64.0
-6.95,1625449482.0,64.0
-8.97,1625449482.0,64.0
-10.83,1625449482.0,64.0
-12.91,1625449482.0,64.0
-15.34,1625449482.0,64.0
-17.98,1625449482.0,64.0
-20.5,1625449482.0,64.0
-22.56,1625449482.0,64.0
-24.06,1625449482.0,64.0
-25.2,1625449482.0,64.0
-26.45,1625449482.0,64.0
-28.31,1625449482.0,64.0
-31.06,1625449482.0,64.0
-34.54,1625449482.0,64.0
-38.18,1625449482.0,64.0
-41.05,1625449482.0,64.0
-42.23,1625449482.0,64.0
-41.03,1625449482.0,64.0
-37.17,1625449482.0,64.0
-30.82,1625449482.0,64.0
-22.41,1625449482.0,64.0
-12.53,1625449482.0,64.0
-1.68,1625449482.0,64.0
9.68,1625449482.0,64.0
21.12,1625449482.0,64.0
32.16,1625449482.0,64.0
42.23,1625449482.0,64.0
50.82,1625449482.0,64.0
57.63,1625449482.0,64.0
62.7,1625449482.0,64.0
66.43,1625449482.0,64.0
69.39,1625449482.0,64.0
72.09,1625449482.0,64.0
74.67,1625449482.0,64.0
76.92,1625449482.0,64.0
78.26,1625449482.0,64.0
78.1,1625449482.0,64.0
76.04,1625449482.0,64.0
72.08,1625449482.0,64.0
66.56,1625449482.0,64.0
60.07,1625449482.0,64.0
53.2,1625449482.0,64.0
46.33,1625449482.0,64.0
39.59,1625449482.0,64.0
32.91,1625449482.0,64.0
26.2,1625449482.0,64.0
19.46,1625449482.0,64.0
12.86,1625449482.0,64.0
6.66,1625449482.0,64.0
1.04,1625449482.0,64.0
-3.97,1625449482.0,64.0
-8.55,1625449482.0,64.0
-13.08,1625449482.0,64.0
-17.97,1625449482.0,64.0
-23.52,1625449482.0,64.0
-29.95,1625449482.0,64.0
-37.28,1625449482.0,64.0
-45.38,1625449482.0,64.0
-53.99,1625449482.0,64.0
-62.56,1625449482.0,64.0
-70.27,1625449482.0,64.0
-76.13,1625449482.0,64.0
-79.16,1625449482.0,64.0
-78.7,1625449482.0,64.0
-74.63,1625449482.0,64.0
-67.37,1625449482.0,64.0
-57.71,1625449482.0,64.0
-46.52,1625449482.0,64.0
-34.52,1625449482.0,64.0
-22.2,1625449482.0,64.0
-10.03,1625449482.0,64.0
1.4,1625449482.0,64.0
11.35,1625449482.0,64.0
19.07,1625449482.0,64.0
24.14,1625449482.0,64.0
26.63,1625449482.0,64.0
27.16,1625449482.0,64.0
26.65,1625449482.0,64.0
25.96,1625449482.0,64.0
25.63,1625449482.0,64.0
25.81,1625449482.0,64.0
26.37,1625449482.0,64.0
27.06,1625449482.0,64.0
27.73,1625449482.0,64.0
28.39,1625449482.0,64.0
29.11,1625449482.0,64.0
29.95,1625449482.0,64.0
30.87,1625449482.0,64.0
31.66,1625449482.0,64.0
31.96,1625449482.0,64.0
31.36,1625449482.0,64.0
29.51,1625449482.0,64.0
26.26,1625449482.0,64.0
21.74,1625449482.0,64.0
16.32,1625449482.0,64.0
10.55,1625449482.0,64.0
4.94,1625449482.0,64.0
-0.17,1625449482.0,64.0
-4.71,1625449482.0,64.0
-8.82,1625449482.0,64.0
-12.89,1625449482.0,64.0
-17.3,1625449482.0,64.0
-22.39,1625449482.0,64.0
-28.32,1625449482.0,64.0
-35.01,1625449482.0,64.0
-42.0,1625449482.0,64.0
-48.52,1625449482.0,64.0
-53.58,1625449482.0,64.0
-56.19,1625449482.0,64.0
-55.64,1625449482.0,64.0
-51.74,1625449482.0,64.0
-44.82,1625449482.0,64.0
-35.66,1625449482.0,64.0
-25.11,1625449482.0,64.0
-13.89,1625449482.0,64.0
-2.43,1625449482.0,64.0
9.01,1625449482.0,64.0
20.13,1625449482.0,64.0
30.45,1625449482.0,64.0
39.29,1625449482.0,64.0
46.07,1625449482.0,64.0
50.54,1625449482.0,64.0
52.99,1625449482.0,64.0
54.08,1625449482.0,64.0
54.59,1625449482.0,64.0
54.97,1625449482.0,64.0
55.24,1625449482.0,64.0
54.99,1625449482.0,64.0
53.77,1625449482.0,64.0
51.36,1625449482.0,64.0
47.93,1625449482.0,64.0
43.99,1625449482.0,64.0
40.05,1625449482.0,64.0
36.37,1625449482.0,64.0
32.83,1625449482.0,64.0
29.07,1625449482.0,64.0
24.71,1625449482.0,64.0
19.6,1625449482.0,64.0
13.88,1625449482.0,64.0
7.92,1625449482.0,64.0
2.15,1625449482.0,64.0
-3.19,1625449482.0,64.0
-8.09,1625449482.0,64.0
-12.76,1625449482.0,64.0
-17.5,1625449482.0,64.0
-22.56,1625449482.0,64.0
-28.08,1625449482.0,64.0
-34.07,1625449482.0,64.0
-40.5,1625449482.0,64.0
-47.31,1625449482.0,64.0
-54.38,1625449482.0,64.0
-61.4,1625449482.0,64.0
-67.76,1625449482.0,64.0
-72.55,1625449482.0,64.0
-74.81,1625449482.0,64.0
-73.76,1625449482.0,64.0
-69.11,1625449482.0,64.0
-61.14,1625449482.0,64.0
-50.6,1625449482.0,64.0
-38.48,1625449482.0,64.0
-25.65,1625449482.0,64.0
-12.79,1625449482.0,64.0
-0.37,1625449482.0,64.0
11.23,1625449482.0,64.0
21.57,1625449482.0,64.0
30.22,1625449482.0,64.0
36.86,1625449482.0,64.0
41.4,1625449482.0,64.0
44.13,1625449482.0,64.0
45.6,1625449482.0,64.0
46.46,1625449482.0,64.0
47.25,1625449482.0,64.0
48.22,1625449482.0,64.0
49.26,1625449482.0,64.0
50.01,1625449482.0,64.0
50.0,1625449482.0,64.0
48.92,1625449482.0,64.0
46.69,1625449482.0,64.0
43.49,1625449482.0,64.0
39.73,1625449482.0,64.0
35.74,1625449482.0,64.0
31.77,1625449482.0,64.0
27.83,1625449482.0,64.0
23.8,1625449482.0,64.0
19.52,1625449482.0,64.0
14.92,1625449482.0,64.0
10.01,1625449482.0,64.0
4.94,1625449482.0,64.0
-0.13,1625449482.0,64.0
-5.08,1625449482.0,64.0
-9.85,1625449482.0,64.0
-14.46,1625449482.0,64.0
-18.98,1625449482.0,64.0
-23.54,1625449482.0,64.0
-28.25,1625449482.0,64.0
-33.27,1625449482.0,64.0
-38.77,1625449482.0,64.0
-44.89,1625449482.0,64.0
-51.71,1625449482.0,64.0
-59.06,1625449482.0,64.0
-66.4,1625449482.0,64.0
-72.82,1625449482.0,64.0
-77.16,1625449482.0,64.0
-78.34,1625449482.0,64.0
-75.7,1625449482.0,64.0
-69.16,1625449482.0,64.0
-59.31,1625449482.0,64.0
-47.1,1625449482.0,64.0
-33.57,1625449482.0,64.0
-19.54,1625449482.0,64.0
-5.65,1625449482.0,64.0
7.62,1625449482.0,64.0
19.76,1625449482.0,64.0
30.27,1625449482.0,64.0
38.68,1625449482.0,64.0
44.77,1625449482.0,64.0
48.69,1625449482.0,64.0
50.89,1625449482.0,64.0
51.97,1625449482.0,64.0
52.5,1625449482.0,64.0
52.8,1625449482.0,64.0
52.97,1625449482.0,64.0
52.87,1625449482.0,64.0
52.3,1625449482.0,64.0
51.13,1625449482.0,64.0
49.29,1625449482.0,64.0
46.85,1625449482.0,64.0
43.93,1625449482.0,64.0
40.62,1625449482.0,64.0
36.99,1625449482.0,64.0
33.08,1625449482.0,64.0
28.94,1625449482.0,64.0
24.66,1625449482.0,64.0
20.33,1625449482.0,64.0
16.04,1625449482.0,64.0
11.78,1625449482.0,64.0
7.45,1625449482.0,64.0
2.93,1625449482.0,64.0
-1.9,1625449482.0,64.0
-7.04,1625449482.0,64.0
-12.4,1625449482.0,64.0
-17.82,1625449482.0,64.0
-23.14,1625449482.0,64.0
-28.35,1625449482.0,64.0
-33.52,1625449482.0,64.0
-38.83,1625449482.0,64.0
-44.47,1625449482.0,64.0
-50.56,1625449482.0,64.0
-57.17,1625449482.0,64.0
-64.09,1625449482.0,64.0
-70.87,1625449482.0,64.0
-76.75,1625449482.0,64.0
-80.77,1625449482.0,64.0
-81.95,1625449482.0,64.0
-79.62,1625449482.0,64.0
-73.54,1625449482.0,64.0
-64.06,1625449482.0,64.0
-51.96,1625449482.0,64.0
-38.2,1625449482.0,64.0
-23.74,1625449482.0,64.0
-9.33,1625449482.0,64.0
4.42,1625449482.0,64.0
17.01,1625449482.0,64.0
27.89,1625449482.0,64.0
36.61,1625449482.0,64.0
42.88,1625449482.0,64.0
46.75,1625449482.0,64.0
48.7,1625449482.0,64.0
49.41,1625449482.0,64.0
49.64,1625449482.0,64.0
49.88,1625449482.0,64.0
50.28,1625449482.0,64.0
50.69,1625449482.0,64.0
50.79,1625449482.0,64.0
50.28,1625449482.0,64.0
49.04,1625449482.0,64.0
47.09,1625449482.0,64.0
44.55,1625449482.0,64.0
41.52,1625449482.0,64.0
38.09,1625449482.0,64.0
34.25,1625449482.0,64.0
30.08,1625449482.0,64.0
25.65,1625449482.0,64.0
21.11,1625449482.0,64.0
16.66,1625449482.0,64.0
12.44,1625449482.0,64.0
8.48,1625449482.0,64.0
4.64,1625449482.0,64.0
0.7,1625449482.0,64.0
-3.59,1625449482.0,64.0
-8.33,1625449482.0,64.0
-13.48,1625449482.0,64.0
-18.86,1625449482.0,64.0
-24.24,1625449482.0,64.0
-29.51,1625449482.0,64.0
-34.69,1625449482.0,64.0
-39.94,1625449482.0,64.0
-45.49,1625449482.0,64.0
-51.54,1625449482.0,64.0
-58.09,1625449482.0,64.0
-64.84,1625449482.0,64.0
-71.14,1625449482.0,64.0
-76.03,1625449482.0,64.0
-78.42,1625449482.0,64.0
-77.4,1625449482.0,64.0
-72.55,1625449482.0,64.0
-64.07,1625449482.0,64.0
-52.77,1625449482.0,64.0
-39.73,1625449482.0,64.0
-26.06,1625449482.0,64.0
-12.53,1625449482.0,64.0
0.39,1625449482.0,64.0
12.35,1625449482.0,64.0
23.05,1625449482.0,64.0
32.08,1625449482.0,64.0
39.04,1625449482.0,64.0
43.79,1625449482.0,64.0
46.55,1625449482.0,64.0
47.9,1625449482.0,64.0
48.58,1625449482.0,64.0
49.19,1625449482.0,64.0
50.01,1625449482.0,64.0
50.93,1625449482.0,64.0
51.63,1625449482.0,64.0
51.72,1625449482.0,64.0
50.91,1625449482.0,64.0
49.12,1625449482.0,64.0
46.45,1625449482.0,64.0
43.08,1625449482.0,64.0
39.26,1625449482.0,64.0
35.18,1625449482.0,64.0
30.92,1625449482.0,64.0
26.53,1625449482.0,64.0
22.05,1625449482.0,64.0
17.46,1625449482.0,64.0
12.8,1625449482.0,64.0
8.14,1625449482.0,64.0
3.53,1625449482.0,64.0
-0.99,1625449482.0,64.0
-5.41,1625449482.0,64.0
-9.73,1625449482.0,64.0
-13.93,1625449482.0,64.0
-18.07,1625449482.0,64.0
-22.24,1625449482.0,64.0
-26.56,1625449482.0,64.0
-31.19,1625449482.0,64.0
-36.27,1625449482.0,64.0
-41.88,1625449482.0,64.0
-48.08,1625449482.0,64.0
-54.88,1625449482.0,64.0
-62.12,1625449482.0,64.0
-69.36,1625449482.0,64.0
-75.79,1625449482.0,64.0
-80.33,1625449482.0,64.0
-81.89,1625449482.0,64.0
-79.72,1625449482.0,64.0
-73.69,1625449482.0,64.0
-64.33,1625449482.0,64.0
-52.65,1625449482.0,64.0
-39.69,1625449482.0,64.0
-26.31,1625449482.0,64.0
-13.06,1625449482.0,64.0
-0.27,1625449482.0,64.0
11.65,1625449482.0,64.0
22.15,1625449482.0,64.0
30.66,1625449482.0,64.0
36.83,1625449482.0,64.0
40.74,1625449482.0,64.0
42.97,1625449482.0,64.0
44.35,1625449482.0,64.0
45.61,1625449482.0,64.0
47.12,1625449482.0,64.0
48.78,1625449482.0,64.0
50.22,1625449482.0,64.0
51.03,1625449482.0,64.0
50.95,1625449482.0,64.0
49.98,1625449482.0,64.0
48.28,1625449482.0,64.0
46.06,1625449482.0,64.0
43.37,1625449482.0,64.0
40.21,1625449482.0,64.0
36.55,1625449482.0,64.0
32.42,1625449482.0,64.0
27.99,1625449482.0,64.0
23.51,1625449482.0,64.0
19.14,1625449482.0,64.0
14.97,1625449482.0,64.0
10.93,1625449482.0,64.0
6.87,1625449482.0,64.0
2.7,1625449482.0,64.0
-1.62,1625449482.0,64.0
-6.07,1625449482.0,64.0
-10.59,1625449482.0,64.0
-15.23,1625449482.0,64.0
-20.11,1625449482.0,64.0
-25.42,1625449482.0,64.0
-31.28,1625449482.0,64.0
-37.76,1625449482.0,64.0
-44.84,1625449482.0,64.0
-52.4,1625449482.0,64.0
-60.14,1625449482.0,64.0
-67.48,1625449482.0,64.0
-73.56,1625449482.0,64.0
-77.39,1625449482.0,64.0
-78.03,1625449482.0,64.0
-74.99,1625449482.0,64.0
-68.36,1625449482.0,64.0
-58.78,1625449482.0,64.0
-47.26,1625449482.0,64.0
-34.76,1625449482.0,64.0
-22.04,1625449482.0,64.0
-9.55,1625449482.0,64.0
2.36,1625449482.0,64.0
13.29,1625449482.0,64.0
22.7,1625449482.0,64.0
30.06,1625449482.0,64.0
35.06,1625449482.0,64.0
37.83,1625449482.0,64.0
38.98,1625449482.0,64.0
39.35,1625449482.0,64.0
39.7,1625449482.0,64.0
40.46,1625449482.0,64.0
41.57,1625449482.0,64.0
42.65,1625449482.0,64.0
43.18,1625449482.0,64.0
42.8,1625449482.0,64.0
41.38,1625449482.0,64.0
39.01,1625449482.0,64.0
35.92,1625449482.0,64.0
32.3,1625449482.0,64.0
28.3,1625449482.0,64.0
23.99,1625449482.0,64.0
19.43,1625449482.0,64.0
14.71,1625449482.0,64.0
9.94,1625449482.0,64.0
5.24,1625449482.0,64.0
0.65,1625449482.0,64.0
-3.86,1625449482.0,64.0
-8.41,1625449482.0,64.0
-13.13,1625449482.0,64.0
-18.11,1625449482.0,64.0
-23.29,1625449482.0,64.0
-28.54,1625449482.0,64.0
-33.69,1625449482.0,64.0
-38.65,1625449482.0,64.0
-43.51,1625449482.0,64.0
-48.49,1625449482.0,64.0
-53.85,1625449482.0,64.0
-59.72,1625449482.0,64.0
-65.92,1625449482.0,64.0
-71.91,1625449482.0,64.0
-76.75,1625449482.0,64.0
-79.36,1625449482.0,64.0
-78.82,1625449482.0,64.0
-74.63,1625449482.0,64.0
-66.89,1625449482.0,64.0
-56.25,1625449482.0,64.0
-43.64,1625449482.0,64.0
-30.04,1625449482.0,64.0
-16.28,1625449482.0,64.0
-3.04,1625449482.0,64.0
9.07,1625449482.0,64.0
19.46,1625449482.0,64.0
27.57,1625449482.0,64.0
33.07,1625449482.0,64.0
36.09,1625449482.0,64.0
37.24,1625449482.0,64.0
37.48,1625449482.0,64.0
37.75,1625449482.0,64.0
38.64,1625449482.0,64.0
40.18,1625449482.0,64.0
41.99,1625449482.0,64.0
43.46,1625449482.0,64.0
44.1,1625449482.0,64.0
43.69,1625449482.0,64.0
42.26,1625449482.0,64.0
39.96,1625449482.0,64.0
36.95,1625449482.0,64.0
33.31,1625449482.0,64.0
29.08,1625449482.0,64.0
24.37,1625449482.0,64.0
19.35,1625449482.0,64.0
14.24,1625449482.0,64.0
9.27,1625449482.0,64.0
4.59,1625449482.0,64.0
0.27,1625449482.0,64.0
-3.72,1625449482.0,64.0
-7.45,1625449482.0,64.0
-11.04,1625449482.0,64.0
-14.63,1625449482.0,64.0
-18.39,1625449482.0,64.0
-22.47,1625449482.0,64.0
-26.97,1625449482.0,64.0
-31.99,1625449482.0,64.0
-37.62,1625449482.0,64.0
-43.82,1625449482.0,64.0
-50.4,1625449482.0,64.0
-56.88,1625449482.0,64.0
-62.45,1625449482.0,64.0
-66.05,1625449482.0,64.0
-66.65,1625449482.0,64.0
-63.6,1625449482.0,64.0
-56.76,1625449482.0,64.0
-46.66,1625449482.0,64.0
-34.2,1625449482.0,64.0
-20.45,1625449482.0,64.0
-6.39,1625449482.0,64.0
7.17,1625449482.0,64.0
19.59,1625449482.0,64.0
30.27,1625449482.0,64.0
38.76,1625449482.0,64.0
44.88,1625449482.0,64.0
48.81,1625449482.0,64.0
51.13,1625449482.0,64.0
52.63,1625449482.0,64.0
54.04,1625449482.0,64.0
55.78,1625449482.0,64.0
57.84,1625449482.0,64.0
59.82,1625449482.0,64.0
61.26,1625449482.0,64.0
61.79,1625449482.0,64.0
61.23,1625449482.0,64.0
59.65,1625449482.0,64.0
57.25,1625449482.0,64.0
54.2,1625449482.0,64.0
50.64,1625449482.0,64.0
46.63,1625449482.0,64.0
42.17,1625449482.0,64.0
37.26,1625449482.0,64.0
31.95,1625449482.0,64.0
26.31,1625449482.0,64.0
20.48,1625449482.0,64.0
14.63,1625449482.0,64.0
8.91,1625449482.0,64.0
3.42,1625449482.0,64.0
-1.9,1625449482.0,64.0
-7.2,1625449482.0,64.0
-12.67,1625449482.0,64.0
-18.52,1625449482.0,64.0
-24.9,1625449482.0,64.0
-31.84,1625449482.0,64.0
-39.23,1625449482.0,64.0
-46.78,1625449482.0,64.0
-53.92,1625449482.0,64.0
-59.82,1625449482.0,64.0
-63.51,1625449482.0,64.0
-64.04,1625449482.0,64.0
-60.86,1625449482.0,64.0
-54.04,1625449482.0,64.0
-44.25,1625449482.0,64.0
-32.55,1625449482.0,64.0
-20.07,1625449482.0,64.0
-7.64,1625449482.0,64.0
4.26,1625449482.0,64.0
15.3,1625449482.0,64.0
25.19,1625449482.0,64.0
33.42,1625449482.0,64.0
39.5,1625449482.0,64.0
43.15,1625449482.0,64.0
44.55,1625449482.0,64.0
44.4,1625449482.0,64.0
43.65,1625449482.0,64.0
43.16,1625449482.0,64.0
43.36,1625449482.0,64.0
44.15,1625449482.0,64.0
45.03,1625449482.0,64.0
45.39,1625449482.0,64.0
44.81,1625449482.0,64.0
43.19,1625449482.0,64.0
40.68,1625449482.0,64.0
37.56,1625449482.0,64.0
34.04,1625449482.0,64.0
30.16,1625449482.0,64.0
25.77,1625449482.0,64.0
20.76,1625449482.0,64.0
15.07,1625449482.0,64.0
8.88,1625449482.0,64.0
2.53,1625449482.0,64.0
-3.62,1625449482.0,64.0
-9.28,1625449482.0,64.0
-14.4,1625449482.0,64.0
-19.15,1625449482.0,64.0
-23.86,1625449482.0,64.0
-28.84,1625449482.0,64.0
-34.33,1625449482.0,64.0
-40.41,1625449482.0,64.0
-47.03,1625449482.0,64.0
-54.02,1625449482.0,64.0
-61.06,1625449482.0,64.0
-67.65,1625449482.0,64.0
-73.05,1625449482.0,64.0
-76.43,1625449482.0,64.0
-76.97,1625449482.0,64.0
-74.11,1625449482.0,64.0
-67.78,1625449482.0,64.0
-58.35,1625449482.0,64.0
-46.56,1625449482.0,64.0
-33.25,1625449482.0,64.0
-19.19,1625449482.0,64.0
-4.94,1625449482.0,64.0
9.0,1625449482.0,64.0
22.1,1625449482.0,64.0
33.71,1625449482.0,64.0
43.15,1625449482.0,64.0
49.92,1625449482.0,64.0
53.94,1625449482.0,64.0
55.69,1625449482.0,64.0
56.01,1625449482.0,64.0
55.82,1625449482.0,64.0
55.78,1625449482.0,64.0
56.07,1625449482.0,64.0
56.44,1625449482.0,64.0
56.39,1625449482.0,64.0
55.46,1625449482.0,64.0
53.46,1625449482.0,64.0
50.45,1625449482.0,64.0
46.68,1625449482.0,64.0
42.43,1625449482.0,64.0
37.89,1625449482.0,64.0
33.13,1625449482.0,64.0
28.14,1625449482.0,64.0
22.93,1625449482.0,64.0
17.52,1625449482.0,64.0
11.99,1625449482.0,64.0
6.44,1625449482.0,64.0
0.97,1625449482.0,64.0
-4.32,1625449482.0,64.0
-9.42,1625449482.0,64.0
-14.38,1625449482.0,64.0
-19.38,1625449482.0,64.0
-24.62,1625449482.0,64.0
-30.29,1625449482.0,64.0
-36.5,1625449482.0,64.0
-43.31,1625449482.0,64.0
-50.66,1625449482.0,64.0
-58.48,1625449482.0,64.0
-66.59,1625449482.0,64.0
-74.57,1625449482.0,64.0
-81.7,1625449482.0,64.0
-86.95,1625449482.0,64.0
-89.19,1625449482.0,64.0
-87.52,1625449482.0,64.0
-81.61,1625449482.0,64.0
-71.78,1625449482.0,64.0
-58.94,1625449482.0,64.0
-44.28,1625449482.0,64.0
-28.81,1625449482.0,64.0
-13.28,1625449482.0,64.0
1.9,1625449482.0,64.0
16.4,1625449482.0,64.0
29.75,1625449482.0,64.0
41.32,1625449482.0,64.0
50.46,1625449482.0,64.0
56.81,1625449482.0,64.0
60.52,1625449482.0,64.0
62.22,1625449482.0,64.0
62.84,1625449482.0,64.0
63.16,1625449482.0,64.0
63.61,1625449482.0,64.0
64.14,1625449482.0,64.0
64.43,1625449482.0,64.0
64.11,1625449482.0,64.0
62.97,1625449482.0,64.0
60.99,1625449482.0,64.0
58.27,1625449482.0,64.0
54.87,1625449482.0,64.0
50.83,1625449482.0,64.0
46.18,1625449482.0,64.0
41.0,1625449482.0,64.0
35.46,1625449482.0,64.0
29.82,1625449482.0,64.0
24.31,1625449482.0,64.0
19.11,1625449482.0,64.0
14.25,1625449482.0,64.0
9.61,1625449482.0,64.0
4.98,1625449482.0,64.0
0.12,1625449482.0,64.0
-5.11,1625449482.0,64.0
-10.7,1625449482.0,64.0
-16.5,1625449482.0,64.0
-22.28,1625449482.0,64.0
-27.91,1625449482.0,64.0
-33.39,1625449482.0,64.0
-38.92,1625449482.0,64.0
-44.85,1625449482.0,64.0
-51.48,1625449482.0,64.0
-59.0,1625449482.0,64.0
-67.34,1625449482.0,64.0
-76.15,1625449482.0,64.0
-84.8,1625449482.0,64.0
-92.32,1625449482.0,64.0
-97.62,1625449482.0,64.0
-99.57,1625449482.0,64.0
-97.41,1625449482.0,64.0
-90.88,1625449482.0,64.0
-80.36,1625449482.0,64.0
-66.69,1625449482.0,64.0
-50.94,1625449482.0,64.0
-34.1,1625449482.0,64.0
-16.89,1625449482.0,64.0
0.11,1625449482.0,64.0
16.35,1625449482.0,64.0
31.12,1625449482.0,64.0
43.66,1625449482.0,64.0
53.34,1625449482.0,64.0
59.93,1625449482.0,64.0
63.78,1625449482.0,64.0
65.65,1625449482.0,64.0
66.48,1625449482.0,64.0
67.02,1625449482.0,64.0
67.59,1625449482.0,64.0
68.09,1625449482.0,64.0
68.18,1625449482.0,64.0
67.55,1625449482.0,64.0
66.06,1625449482.0,64.0
63.84,1625449482.0,64.0
61.13,1625449482.0,64.0
58.14,1625449482.0,64.0
54.92,1625449482.0,64.0
51.41,1625449482.0,64.0
47.48,1625449482.0,64.0
43.06,1625449482.0,64.0
38.17,1625449482.0,64.0
32.92,1625449482.0,64.0
27.53,1625449482.0,64.0
22.18,1625449482.0,64.0
17.0,1625449482.0,64.0
12.02,1625449482.0,64.0
7.16,1625449482.0,64.0
2.24,1625449482.0,64.0
-2.94,1625449482.0,64.0
-8.53,1625449482.0,64.0
-14.49,1625449482.0,64.0
-20.6,1625449482.0,64.0
-26.57,1625449482.0,64.0
-32.11,1625449482.0,64.0
-37.08,1625449482.0,64.0
-41.61,1625449482.0,64.0
-46.01,1625449482.0,64.0
-50.69,1625449482.0,64.0
-56.02,1625449482.0,64.0
-62.15,1625449482.0,64.0
-69.04,1625449482.0,64.0
-76.34,1625449482.0,64.0
-83.42,1625449482.0,64.0
-89.41,1625449482.0,64.0
-93.26,1625449482.0,64.0
-94.02,1625449482.0,64.0
-91.03,1625449482.0,64.0
-84.15,1625449482.0,64.0
-73.79,1625449482.0,64.0
-60.76,1625449482.0,64.0
-46.01,1625449482.0,64.0
-30.42,1625449482.0,64.0
-14.64,1625449482.0,64.0
0.82,1625449482.0,64.0
15.45,1625449482.0,64.0
28.65,1625449482.0,64.0
39.7,1625449482.0,64.0
48.0,1625449482.0,64.0
53.25,1625449482.0,64.0
55.67,1625449482.0,64.0
55.99,1625449482.0,64.0
55.28,1625449482.0,64.0
54.55,1625449482.0,64.0
54.45,1625449482.0,64.0
55.08,1625449482.0,64.0
56.0,1625449482.0,64.0
56.53,1625449482.0,64.0
56.09,1625449482.0,64.0
54.43,1625449482.0,64.0
51.66,1625449482.0,64.0
48.11,1625449482.0,64.0
44.06,1625449482.0,64.0
39.65,1625449482.0,64.0
34.85,1625449482.0,64.0
29.62,1625449482.0,64.0
24.04,1625449482.0,64.0
18.4,1625449482.0,64.0
13.04,1625449482.0,64.0
8.27,1625449482.0,64.0
4.2,1625449482.0,64.0
0.74,1625449482.0,64.0
-2.39,1625449482.0,64.0
-5.54,1625449482.0,64.0
-9.0,1625449482.0,64.0
-12.94,1625449482.0,64.0
-17.28,1625449482.0,64.0
-21.8,1625449482.0,64.0
-26.18,1625449482.0,64.0
-30.19,1625449482.0,64.0
-33.83,1625449482.0,64.0
-37.37,1625449482.0,64.0
-41.24,1625449482.0,64.0
-45.91,1625449482.0,64.0
-51.62,1625449482.0,64.0
-58.33,1625449482.0,64.0
-65.77,1625449482.0,64.0
-73.55,1625449482.0,64.0
-81.22,1625449482.0,64.0
-88.26,1625449482.0,64.0
-94.02,1625449482.0,64.0
-97.58,1625449482.0,64.0
-98.0,1625449482.0,64.0
-94.55,1625449482.0,64.0
-87.02,1625449482.0,64.0
-75.89,1625449482.0,64.0
-62.2,1625449482.0,64.0
-47.17,1625449482.0,64.0
-31.89,1625449482.0,64.0
-17.1,1625449482.0,64.0
-3.24,1625449482.0,64.0
9.36,1625449482.0,64.0
20.36,1625449482.0,64.0
29.38,1625449482.0,64.0
36.2,1625449482.0,64.0
40.89,1625449482.0,64.0
43.89,1625449482.0,64.0
45.87,1625449482.0,64.0
47.47,1625449482.0,64.0
49.09,1625449482.0,64.0
50.76,1625449482.0,64.0
52.28,1625449482.0,64.0
53.34,1625449482.0,64.0
53.73,1625449482.0,64.0
53.41,1625449482.0,64.0
52.4,1625449482.0,64.0
50.78,1625449482.0,64.0
48.52,1625449482.0,64.0
45.61,1625449482.0,64.0
41.98,1625449482.0,64.0
37.75,1625449482.0,64.0
33.15,1625449482.0,64.0
28.55,1625449482.0,64.0
24.33,1625449482.0,64.0
20.73,1625449482.0,64.0
17.77,1625449482.0,64.0
15.26,1625449482.0,64.0
12.93,1625449482.0,64.0
10.54,1625449482.0,64.0
8.0,1625449482.0,64.0
5.35,1625449482.0,64.0
2.65,1625449482.0,64.0
-0.12,1625449482.0,64.0
-3.09,1625449482.0,64.0
-6.46,1625449482.0,64.0
-10.38,1625449482.0,64.0
-14.9,1625449482.0,64.0
-19.92,1625449482.0,64.0
-25.35,1625449482.0,64.0
-31.05,1625449482.0,64.0
-36.9,1625449482.0,64.0
-42.65,1625449482.0,64.0
-47.75,1625449482.0,64.0
-51.38,1625449482.0,64.0
-52.58,1625449482.0,64.0
-50.56,1625449482.0,64.0
-45.01,1625449482.0,64.0
-36.3,1625449482.0,64.0
-25.31,1625449482.0,64.0
-13.16,1625449482.0,64.0
-0.89,1625449482.0,64.0
10.75,1625449482.0,64.0
21.3,1625449482.0,64.0
30.45,1625449482.0,64.0
37.88,1625449482.0,64.0
43.28,1625449482.0,64.0
46.46,1625449482.0,64.0
47.57,1625449482.0,64.0
47.21,1625449482.0,64.0
46.21,1625449482.0,64.0
45.43,1625449482.0,64.0
45.41,1625449482.0,64.0
46.23,1625449482.0,64.0
47.48,1625449482.0,64.0
48.57,1625449482.0,64.0
48.93,1625449482.0,64.0
48.21,1625449482.0,64.0
46.43,1625449482.0,64.0
43.75,1625449482.0,64.0
40.47,1625449482.0,64.0
36.8,1625449482.0,64.0
32.87,1625449482.0,64.0
28.75,1625449482.0,64.0
24.45,1625449482.0,64.0
20.03,1625449482.0,64.0
15.46,1625449482.0,64.0
10.74,1625449482.0,64.0
5.85,1625449482.0,64.0
0.81,1625449482.0,64.0
-4.33,1625449482.0,64.0
-9.44,1625449482.0,64.0
-14.43,1625449482.0,64.0
-19.27,1625449482.0,64.0
-24.1,1625449482.0,64.0
-29.1,1625449482.0,64.0
-34.47,1625449482.0,64.0
-40.33,1625449482.0,64.0
-46.74,1625449482.0,64.0
-53.61,1625449482.0,64.0
-60.71,1625449482.0,64.0
-67.59,1625449482.0,64.0
-73.51,1625449482.0,64.0
-77.53,1625449482.0,64.0
-78.73,1625449482.0,64.0
-76.47,1625449482.0,64.0
-70.64,1625449482.0,64.0
-61.76,1625449482.0,64.0
-50.74,1625449482.0,64.0
-38.64,1625449482.0,64.0
-26.3,1625449482.0,64.0
-14.26,1625449482.0,64.0
-2.76,1625449482.0,64.0
7.95,1625449482.0,64.0
17.53,1625449482.0,64.0
25.55,1625449482.0,64.0
31.64,1625449482.0,64.0
35.72,1625449482.0,64.0
38.07,1625449482.0,64.0
39.27,1625449482.0,64.0
39.97,1625449482.0,64.0
40.64,1625449482.0,64.0
41.45,1625449482.0,64.0
42.25,1625449482.0,64.0
42.75,1625449482.0,64.0
42.7,1625449482.0,64.0
41.97,1625449482.0,64.0
40.57,1625449482.0,64.0
38.55,1625449482.0,64.0
36.0,1625449482.0,64.0
32.98,1625449482.0,64.0
29.6,1625449482.0,64.0
25.97,1625449482.0,64.0
22.2,1625449482.0,64.0
18.35,1625449482.0,64.0
14.37,1625449482.0,64.0
10.17,1625449482.0,64.0
5.62,1625449482.0,64.0
0.68,1625449482.0,64.0
-4.53,1625449482.0,64.0
-9.82,1625449482.0,64.0
-14.97,1625449482.0,64.0
-19.84,1625449482.0,64.0
-24.51,1625449482.0,64.0
-29.23,1625449482.0,64.0
-34.3,1625449482.0,64.0
-40.02,1625449482.0,64.0
-46.55,1625449482.0,64.0
-53.92,1625449482.0,64.0
-61.91,1625449482.0,64.0
-70.06,1625449482.0,64.0
-77.58,1625449482.0,64.0
-83.43,1625449482.0,64.0
-86.5,1625449482.0,64.0
-85.93,1625449482.0,64.0
-81.4,1625449482.0,64.0
-73.25,1625449482.0,64.0
-62.33,1625449482.0,64.0
-49.72,1625449482.0,64.0
-36.32,1625449482.0,64.0
-22.77,1625449482.0,64.0
-9.37,1625449482.0,64.0
3.61,1625449482.0,64.0
15.81,1625449482.0,64.0
26.73,1625449482.0,64.0
35.89,1625449482.0,64.0
42.99,1625449482.0,64.0
48.1,1625449482.0,64.0
51.57,1625449482.0,64.0
53.88,1625449482.0,64.0
55.46,1625449482.0,64.0
56.57,1625449482.0,64.0
57.26,1625449482.0,64.0
57.45,1625449482.0,64.0
57.07,1625449482.0,64.0
56.03,1625449482.0,64.0
54.3,1625449482.0,64.0
51.91,1625449482.0,64.0
48.93,1625449482.0,64.0
45.46,1625449482.0,64.0
41.61,1625449482.0,64.0
37.47,1625449482.0,64.0
33.1,1625449482.0,64.0
28.52,1625449482.0,64.0
23.76,1625449482.0,64.0
18.82,1625449482.0,64.0
13.74,1625449482.0,64.0
8.55,1625449482.0,64.0
3.3,1625449482.0,64.0
-1.94,1625449482.0,64.0
-7.13,1625449482.0,64.0
-12.19,1625449482.0,64.0
-17.08,1625449482.0,64.0
-21.86,1625449482.0,64.0
-26.71,1625449482.0,64.0
-31.87,1625449482.0,64.0
-37.6,1625449482.0,64.0
-44.12,1625449482.0,64.0
-51.49,1625449482.0,64.0
-59.55,1625449482.0,64.0
-67.81,1625449482.0,64.0
-75.49,1625449482.0,64.0
-81.51,1625449482.0,64.0
-84.75,1625449482.0,64.0
-84.3,1625449482.0,64.0
-79.78,1625449482.0,64.0
-71.47,1625449482.0,64.0
-60.17,1625449482.0,64.0
-46.96,1625449482.0,64.0
-32.82,1625449482.0,64.0
-18.4,1625449482.0,64.0
-4.1,1625449482.0,64.0
9.71,1625449482.0,64.0
22.53,1625449482.0,64.0
33.66,1625449482.0,64.0
42.43,1625449482.0,64.0
48.53,1625449482.0,64.0
52.13,1625449482.0,64.0
53.9,1625449482.0,64.0
54.68,1625449482.0,64.0
55.18,1625449482.0,64.0
55.72,1625449482.0,64.0
56.25,1625449482.0,64.0
56.45,1625449482.0,64.0
56.0,1625449482.0,64.0
54.73,1625449482.0,64.0
52.67,1625449482.0,64.0
49.96,1625449482.0,64.0
46.78,1625449482.0,64.0
43.23,1625449482.0,64.0
39.36,1625449482.0,64.0
35.23,1625449482.0,64.0
30.88,1625449482.0,64.0
26.39,1625449482.0,64.0
21.86,1625449482.0,64.0
17.26,1625449482.0,64.0
12.52,1625449482.0,64.0
7.53,1625449482.0,64.0
2.2,1625449482.0,64.0
-3.43,1625449482.0,64.0
-9.16,1625449482.0,64.0
-14.77,1625449482.0,64.0
-20.1,1625449482.0,64.0
-25.13,1625449482.0,64.0
-29.97,1625449482.0,64.0
-34.79,1625449482.0,64.0
-39.77,1625449482.0,64.0
-45.09,1625449482.0,64.0
-50.89,1625449482.0,64.0
-57.22,1625449482.0,64.0
-63.95,1625449482.0,64.0
-70.58,1625449482.0,64.0
-76.18,1625449482.0,64.0
-79.62,1625449482.0,64.0
-79.75,1625449482.0,64.0
-75.93,1625449482.0,64.0
-68.17,1625449482.0,64.0
-57.14,1625449482.0,64.0
-43.91,1625449482.0,64.0
-29.57,1625449482.0,64.0
-14.93,1625449482.0,64.0
-0.49,1625449482.0,64.0
13.35,1625449482.0,64.0
26.11,1625449482.0,64.0
37.18,1625449482.0,64.0
45.91,1625449482.0,64.0
51.95,1625449482.0,64.0
55.43,1625449482.0,64.0
56.96,1625449482.0,64.0
57.42,1625449482.0,64.0
57.57,1625449482.0,64.0
57.81,1625449482.0,64.0
58.1,1625449482.0,64.0
58.1,1625449482.0,64.0
57.46,1625449482.0,64.0
55.95,1625449482.0,64.0
53.56,1625449482.0,64.0
50.44,1625449482.0,64.0
46.71,1625449482.0,64.0
42.52,1625449482.0,64.0
37.97,1625449482.0,64.0
33.2,1625449482.0,64.0
28.38,1625449482.0,64.0
23.66,1625449482.0,64.0
19.12,1625449482.0,64.0
14.73,1625449482.0,64.0
10.39,1625449482.0,64.0
6.01,1625449482.0,64.0
1.52,1625449482.0,64.0
-3.07,1625449482.0,64.0
-7.74,1625449482.0,64.0
-12.5,1625449482.0,64.0
-17.4,1625449482.0,64.0
-22.45,1625449482.0,64.0
-27.65,1625449482.0,64.0
-32.93,1625449482.0,64.0
-38.26,1625449482.0,64.0
-43.66,1625449482.0,64.0
-49.28,1625449482.0,64.0
-55.29,1625449482.0,64.0
-61.66,1625449482.0,64.0
-68.01,1625449482.0,64.0
-73.49,1625449482.0,64.0
-77.01,1625449482.0,64.0
-77.5,1625449482.0,64.0
-74.3,1625449482.0,64.0
-67.43,1625449482.0,64.0
-57.46,1625449482.0,64.0
-45.36,1625449482.0,64.0
-32.05,1625449482.0,64.0
-18.31,1625449482.0,64.0
-4.62,1625449482.0,64.0
8.58,1625449482.0,64.0
20.78,1625449482.0,64.0
31.34,1625449482.0,64.0
39.69,1625449482.0,64.0
45.49,1625449482.0,64.0
48.84,1625449482.0,64.0
50.33,1625449482.0,64.0
50.75,1625449482.0,64.0
50.84,1625449482.0,64.0
51.01,1625449482.0,64.0
51.27,1625449482.0,64.0
51.31,1625449482.0,64.0
50.73,1625449482.0,64.0
49.26,1625449482.0,64.0
46.85,1625449482.0,64.0
43.65,1625449482.0,64.0
39.92,1625449482.0,64.0
35.9,1625449482.0,64.0
31.77,1625449482.0,64.0
27.59,1625449482.0,64.0
23.39,1625449482.0,64.0
19.17,1625449482.0,64.0
14.93,1625449482.0,64.0
10.67,1625449482.0,64.0
6.37,1625449482.0,64.0
1.96,1625449482.0,64.0
-2.65,1625449482.0,64.0
-7.58,1625449482.0,64.0
-12.9,1625449482.0,64.0
-18.6,1625449482.0,64.0
-24.59,1625449482.0,64.0
-30.77,1625449482.0,64.0
-37.03,1625449482.0,64.0
-43.24,1625449482.0,64.0
-49.43,1625449482.0,64.0
-55.64,1625449482.0,64.0
-61.99,1625449482.0,64.0
-68.59,1625449482.0,64.0
-75.34,1625449482.0,64.0
-81.87,1625449482.0,64.0
-87.44,1625449482.0,64.0
-91.0,1625449482.0,64.0
-91.48,1625449482.0,64.0
-88.12,1625449482.0,64.0
-80.79,1625449482.0,64.0
-70.03,1625449482.0,64.0
-56.9,1625449482.0,64.0
-42.6,1625449482.0,64.0
-28.12,1625449482.0,64.0
-14.16,1625449482.0,64.0
-1.21,1625449482.0,64.0
10.32,1625449482.0,64.0
19.96,1625449482.0,64.0
27.27,1625449482.0,64.0
32.04,1625449482.0,64.0
34.55,1625449482.0,64.0
35.52,1625449482.0,64.0
35.92,1625449482.0,64.0
36.6,1625449482.0,64.0
38.01,1625449482.0,64.0
40.14,1625449482.0,64.0
42.57,1625449482.0,64.0
44.77,1625449482.0,64.0
46.24,1625449482.0,64.0
46.68,1625449482.0,64.0
45.97,1625449482.0,64.0
44.19,1625449482.0,64.0
41.52,1625449482.0,64.0
38.2,1625449482.0,64.0
34.51,1625449482.0,64.0
30.68,1625449482.0,64.0
26.86,1625449482.0,64.0
23.12,1625449482.0,64.0
19.47,1625449482.0,64.0
15.85,1625449482.0,64.0
12.23,1625449482.0,64.0
8.56,1625449482.0,64.0
4.77,1625449482.0,64.0
0.79,1625449482.0,64.0
-3.47,1625449482.0,64.0
-7.99,1625449482.0,64.0
-12.73,1625449482.0,64.0
-17.59,1625449482.0,64.0
-22.5,1625449482.0,64.0
-27.46,1625449482.0,64.0
-32.48,1625449482.0,64.0
-37.51,1625449482.0,64.0
-42.29,1625449482.0,64.0
-46.28,1625449482.0,64.0
-48.74,1625449482.0,64.0
-48.85,1625449482.0,64.0
-46.06,1625449482.0,64.0
-40.23,1625449482.0,64.0
-31.72,1625449482.0,64.0
-21.26,1625449482.0,64.0
-9.69,1625449482.0,64.0
2.24,1625449482.0,64.0
13.95,1625449482.0,64.0
24.93,1625449482.0,64.0
34.68,1625449482.0,64.0
42.58,1625449482.0,64.0
48.06,1625449482.0,64.0
50.9,1625449482.0,64.0
51.36,1625449482.0,64.0
50.23,1625449482.0,64.0
48.57,1625449482.0,64.0
47.31,1625449482.0,64.0
46.89,1625449482.0,64.0
47.2,1625449482.0,64.0
47.66,1625449482.0,64.0
47.61,1625449482.0,64.0
46.6,1625449482.0,64.0
44.55,1625449482.0,64.0
41.64,1625449482.0,64.0
38.21,1625449482.0,64.0
34.51,1625449482.0,64.0
30.64,1625449482.0,64.0
26.58,1625449482.0,64.0
22.23,1625449482.0,64.0
17.55,1625449482.0,64.0
12.59,1625449482.0,64.0
7.47,1625449482.0,64.0
2.35,1625449482.0,64.0
-2.6,1625449482.0,64.0
-7.31,1625449482.0,64.0
-11.76,1625449482.0,64.0
-16.06,1625449482.0,64.0
-20.36,1625449482.0,64.0
-24.91,1625449482.0,64.0
-29.92,1625449482.0,64.0
-35.54,1625449482.0,64.0
-41.8,1625449482.0,64.0
-48.48,1625449482.0,64.0
-55.06,1625449482.0,64.0
-60.75,1625449482.0,64.0
-64.57,1625449482.0,64.0
-65.6,1625449482.0,64.0
-63.25,1625449482.0,64.0
-57.47,1625449482.0,64.0
-48.75,1625449482.0,64.0
-38.04,1625449482.0,64.0
-26.38,1625449482.0,64.0
-14.74,1625449482.0,64.0
-3.73,1625449482.0,64.0
6.29,1625449482.0,64.0
15.1,1625449482.0,64.0
22.58,1625449482.0,64.0
28.53,1625449482.0,64.0
32.91,1625449482.0,64.0
35.86,1625449482.0,64.0
37.75,1625449482.0,64.0
39.11,1625449482.0,64.0
40.44,1625449482.0,64.0
42.0,1625449482.0,64.0
43.69,1625449482.0,64.0
45.19,1625449482.0,64.0
45.99,1625449482.0,64.0
45.74,1625449482.0,64.0
44.33,1625449482.0,64.0
41.9,1625449482.0,64.0
38.78,1625449482.0,64.0
35.27,1625449482.0,64.0
31.58,1625449482.0,64.0
27.71,1625449482.0,64.0
23.51,1625449482.0,64.0
18.75,1625449482.0,64.0
13.28,1625449482.0,64.0
7.09,1625449482.0,64.0
0.37,1625449482.0,64.0
-6.53,1625449482.0,64.0
-13.23,1625449482.0,64.0
-19.42,1625449482.0,64.0
-25.02,1625449482.0,64.0
-30.17,1625449482.0,64.0
-35.15,1625449482.0,64.0
-40.27,1625449482.0,64.0
-45.77,1625449482.0,64.0
-51.76,1625449482.0,64.0
-58.17,1625449482.0,64.0
-64.78,1625449482.0,64.0
-71.11,1625449482.0,64.0
-76.44,1625449482.0,64.0
-79.81,1625449482.0,64.0
-80.31,1625449482.0,64.0
-77.29,1625449482.0,64.0
-70.64,1625449482.0,64.0
-60.81,1625449482.0,64.0
-48.65,1625449482.0,64.0
-35.1,1625449482.0,64.0
-20.91,1625449482.0,64.0
-6.61,1625449482.0,64.0
7.41,1625449482.0,64.0
20.67,1625449482.0,64.0
32.52,1625449482.0,64.0
42.29,1625449482.0,64.0
49.48,1625449482.0,64.0
54.02,1625449482.0,64.0
56.29,1625449482.0,64.0
57.06,1625449482.0,64.0
57.09,1625449482.0,64.0
56.95,1625449482.0,64.0
56.88,1625449482.0,64.0
56.72,1625449482.0,64.0
56.18,1625449482.0,64.0
54.94,1625449482.0,64.0
52.8,1625449482.0,64.0
49.71,1625449482.0,64.0
45.84,1625449482.0,64.0
41.41,1625449482.0,64.0
36.65,1625449482.0,64.0
31.79,1625449482.0,64.0
26.93,1625449482.0,64.0
22.1,1625449482.0,64.0
17.29,1625449482.0,64.0
12.54,1625449482.0,64.0
7.9,1625449482.0,64.0
3.45,1625449482.0,64.0
-0.78,1625449482.0,64.0
-4.85,1625449482.0,64.0
-8.94,1625449482.0,64.0
-13.32,1625449482.0,64.0
-18.25,1625449482.0,64.0
-23.91,1625449482.0,64.0
-30.3,1625449482.0,64.0
-37.3,1625449482.0,64.0
-44.69,1625449482.0,64.0
-52.3,1625449482.0,64.0
-59.99,1625449482.0,64.0
-67.49,1625449482.0,64.0
-74.33,1625449482.0,64.0
-79.76,1625449482.0,64.0
-82.84,1625449482.0,64.0
-82.7,1625449482.0,64.0
-78.8,1625449482.0,64.0
-71.19,1625449482.0,64.0
-60.48,1625449482.0,64.0
-47.56,1625449482.0,64.0
-33.34,1625449482.0,64.0
-18.54,1625449482.0,64.0
-3.62,1625449482.0,64.0
10.96,1625449482.0,64.0
24.62,1625449482.0,64.0
36.61,1625449482.0,64.0
46.22,1625449482.0,64.0
53.03,1625449482.0,64.0
57.1,1625449482.0,64.0
58.99,1625449482.0,64.0
59.53,1625449482.0,64.0
59.5,1625449482.0,64.0
59.4,1625449482.0,64.0
59.32,1625449482.0,64.0
59.04,1625449482.0,64.0
58.24,1625449482.0,64.0
56.64,1625449482.0,64.0
54.12,1625449482.0,64.0
50.7,1625449482.0,64.0
46.54,1625449482.0,64.0
41.86,1625449482.0,64.0
36.89,1625449482.0,64.0
31.87,1625449482.0,64.0
26.99,1625449482.0,64.0
22.35,1625449482.0,64.0
17.99,1625449482.0,64.0
13.8,1625449482.0,64.0
9.62,1625449482.0,64.0
5.24,1625449482.0,64.0
0.55,1625449482.0,64.0
-4.52,1625449482.0,64.0
-9.86,1625449482.0,64.0
-15.35,1625449482.0,64.0
-20.88,1625449482.0,64.0
-26.39,1625449482.0,64.0
-31.92,1625449482.0,64.0
-37.59,1625449482.0,64.0
-43.49,1625449482.0,64.0
-49.77,1625449482.0,64.0
-56.52,1625449482.0,64.0
-63.73,1625449482.0,64.0
-71.16,1625449482.0,64.0
-78.24,1625449482.0,64.0
-84.02,1625449482.0,64.0
-87.36,1625449482.0,64.0
-87.23,1625449482.0,64.0
-83.09,1625449482.0,64.0
-75.04,1625449482.0,64.0
-63.79,1625449482.0,64.0
-50.38,1625449482.0,64.0
-35.81,1625449482.0,64.0
-20.81,1625449482.0,64.0
-5.83,1625449482.0,64.0
8.75,1625449482.0,64.0
22.4,1625449482.0,64.0
34.42,1625449482.0,64.0
44.02,1625449482.0,64.0
50.81,1625449482.0,64.0
54.89,1625449482.0,64.0
56.96,1625449482.0,64.0
57.99,1625449482.0,64.0
58.85,1625449482.0,64.0
59.96,1625449482.0,64.0
61.19,1625449482.0,64.0
62.05,1625449482.0,64.0
62.03,1625449482.0,64.0
60.85,1625449482.0,64.0
58.58,1625449482.0,64.0
55.51,1625449482.0,64.0
51.97,1625449482.0,64.0
48.15,1625449482.0,64.0
44.04,1625449482.0,64.0
39.48,1625449482.0,64.0
34.4,1625449482.0,64.0
28.86,1625449482.0,64.0
23.15,1625449482.0,64.0
17.64,1625449482.0,64.0
12.66,1625449482.0,64.0
8.31,1625449482.0,64.0
4.39,1625449482.0,64.0
0.52,1625449482.0,64.0
-3.67,1625449482.0,64.0
-8.36,1625449482.0,64.0
-13.45,1625449482.0,64.0
-18.68,1625449482.0,64.0
-23.78,1625449482.0,64.0
-28.7,1625449482.0,64.0
-33.59,1625449482.0,64.0
-38.73,1625449482.0,64.0
-44.41,1625449482.0,64.0
-50.79,1625449482.0,64.0
-57.86,1625449482.0,64.0
-65.46,1625449482.0,64.0
-73.17,1625449482.0,64.0
-80.36,1625449482.0,64.0
-86.07,1625449482.0,64.0
-89.19,1625449482.0,64.0
-88.72,1625449482.0,64.0
-84.06,1625449482.0,64.0
-75.27,1625449482.0,64.0
-63.06,1625449482.0,64.0
-48.55,1625449482.0,64.0
-32.88,1625449482.0,64.0
-16.99,1625449482.0,64.0
-1.47,1625449482.0,64.0
13.23,1625449482.0,64.0
26.64,1625449482.0,64.0
38.2,1625449482.0,64.0
47.35,1625449482.0,64.0
53.76,1625449482.0,64.0
57.54,1625449482.0,64.0
59.3,1625449482.0,64.0
59.9,1625449482.0,64.0
60.2,1625449482.0,64.0
60.69,1625449482.0,64.0
61.39,1625449482.0,64.0
61.95,1625449482.0,64.0
61.9,1625449482.0,64.0
60.91,1625449482.0,64.0
58.94,1625449482.0,64.0
56.18,1625449482.0,64.0
52.85,1625449482.0,64.0
49.1,1625449482.0,64.0
44.9,1625449482.0,64.0
40.13,1625449482.0,64.0
34.73,1625449482.0,64.0
28.8,1625449482.0,64.0
22.65,1625449482.0,64.0
16.65,1625449482.0,64.0
11.16,1625449482.0,64.0
6.32,1625449482.0,64.0
2.07,1625449482.0,64.0
-1.87,1625449482.0,64.0
-5.82,1625449482.0,64.0
-10.06,1625449482.0,64.0
-14.72,1625449482.0,64.0
-19.8,1625449482.0,64.0
-25.26,1625449482.0,64.0
-31.05,1625449482.0,64.0
-37.18,1625449482.0,64.0
-43.71,1625449482.0,64.0
-50.68,1625449482.0,64.0
-58.12,1625449482.0,64.0
-65.94,1625449482.0,64.0
-73.96,1625449482.0,64.0
-81.74,1625449482.0,64.0
-88.67,1625449482.0,64.0
-93.87,1625449482.0,64.0
-96.41,1625449482.0,64.0
-95.56,1625449482.0,64.0
-90.97,1625449482.0,64.0
-82.88,1625449482.0,64.0
-71.96,1625449482.0,64.0
-59.17,1625449482.0,64.0
-45.43,1625449482.0,64.0
-31.47,1625449482.0,64.0
-17.81,1625449482.0,64.0
-4.97,1625449482.0,64.0
6.52,1625449482.0,64.0
16.05,1625449482.0,64.0
23.11,1625449482.0,64.0
27.57,1625449482.0,64.0
29.71,1625449482.0,64.0
30.19,1625449482.0,64.0
29.85,1625449482.0,64.0
29.38,1625449482.0,64.0
29.18,1625449482.0,64.0
29.29,1625449482.0,64.0
29.53,1625449482.0,64.0
29.61,1625449482.0,64.0
29.35,1625449482.0,64.0
28.7,1625449482.0,64.0
27.68,1625449482.0,64.0
26.36,1625449482.0,64.0
24.74,1625449482.0,64.0
22.76,1625449482.0,64.0
20.38,1625449482.0,64.0
17.61,1625449482.0,64.0
14.6,1625449482.0,64.0
11.63,1625449482.0,64.0
9.0,1625449482.0,64.0
6.9,1625449482.0,64.0
5.26,1625449482.0,64.0
3.79,1625449482.0,64.0
2.07,1625449482.0,64.0
-0.25,1625449482.0,64.0
-3.31,1625449482.0,64.0
-7.01,1625449482.0,64.0
-11.07,1625449482.0,64.0
-15.23,1625449482.0,64.0
-19.32,1625449482.0,64.0
-23.35,1625449482.0,64.0
-27.5,1625449482.0,64.0
-31.99,1625449482.0,64.0
-37.01,1625449482.0,64.0
-42.58,1625449482.0,64.0
-48.47,1625449482.0,64.0
-54.17,1625449482.0,64.0
-58.86,1625449482.0,64.0
-61.59,1625449482.0,64.0
-61.46,1625449482.0,64.0
-57.89,1625449482.0,64.0
-50.76,1625449482.0,64.0
-40.56,1625449482.0,64.0
-28.18,1625449482.0,64.0
-14.69,1625449482.0,64.0
-1.13,1625449482.0,64.0
11.63,1625449482.0,64.0
22.91,1625449482.0,64.0
32.25,1625449482.0,64.0
39.35,1625449482.0,64.0
44.13,1625449482.0,64.0
46.83,1625449482.0,64.0
48.0,1625449482.0,64.0
48.42,1625449482.0,64.0
48.9,1625449482.0,64.0
49.99,1625449482.0,64.0
51.81,1625449482.0,64.0
54.07,1625449482.0,64.0
56.23,1625449482.0,64.0
57.74,1625449482.0,64.0
58.17,1625449482.0,64.0
57.34,1625449482.0,64.0
55.31,1625449482.0,64.0
52.25,1625449482.0,64.0
48.48,1625449482.0,64.0
44.33,1625449482.0,64.0
40.12,1625449482.0,64.0
36.07,1625449482.0,64.0
32.24,1625449482.0,64.0
28.56,1625449482.0,64.0
24.84,1625449482.0,64.0
20.93,1625449482.0,64.0
16.72,1625449482.0,64.0
12.28,1625449482.0,64.0
7.72,1625449482.0,64.0
3.16,1625449482.0,64.0
-1.41,1625449482.0,64.0
-6.09,1625449482.0,64.0
-10.98,1625449482.0,64.0
-16.22,1625449482.0,64.0
-21.79,1625449482.0,64.0
-27.67,1625449482.0,64.0
-33.74,1625449482.0,64.0
-39.86,1625449482.0,64.0
-45.75,1625449482.0,64.0
-50.92,1625449482.0,64.0
-54.62,1625449482.0,64.0
-55.99,1625449482.0,64.0
-54.32,1625449482.0,64.0
-49.28,1625449482.0,64.0
-41.18,1625449482.0,64.0
-30.78,1625449482.0,64.0
-19.13,1625449482.0,64.0
-7.2,1625449482.0,64.0
4.27,1625449482.0,64.0
14.83,1625449482.0,64.0
24.16,1625449482.0,64.0
31.92,1625449482.0,64.0
37.81,1625449482.0,64.0
41.64,1625449482.0,64.0
43.48,1625449482.0,64.0
43.71,1625449482.0,64.0
42.98,1625449482.0,64.0
41.97,1625449482.0,64.0
41.19,1625449482.0,64.0
40.82,1625449482.0,64.0
40.69,1625449482.0,64.0
40.4,1625449482.0,64.0
39.55,1625449482.0,64.0
37.9,1625449482.0,64.0
35.47,1625449482.0,64.0
32.52,1625449482.0,64.0
29.37,1625449482.0,64.0
26.23,1625449482.0,64.0
23.11,1625449482.0,64.0
19.85,1625449482.0,64.0
16.2,1625449482.0,64.0
12.01,1625449482.0,64.0
7.41,1625449482.0,64.0
2.67,1625449482.0,64.0
-1.93,1625449482.0,64.0
-6.24,1625449482.0,64.0
-10.38,1625449482.0,64.0
-14.65,1625449482.0,64.0
-19.37,1625449482.0,64.0
-24.75,1625449482.0,64.0
-30.8,1625449482.0,64.0
-37.4,1625449482.0,64.0
-44.38,1625449482.0,64.0
-51.58,1625449482.0,64.0
-58.78,1625449482.0,64.0
-65.57,1625449482.0,64.0
-71.21,1625449482.0,64.0
-74.78,1625449482.0,64.0
-75.39,1625449482.0,64.0
-72.53,1625449482.0,64.0
-66.23,1625449482.0,64.0
-57.07,1625449482.0,64.0
-45.91,1625449482.0,64.0
-33.62,1625449482.0,64.0
-20.86,1625449482.0,64.0
-8.05,1625449482.0,64.0
4.48,1625449482.0,64.0
16.29,1625449482.0,64.0
26.76,1625449482.0,64.0
35.24,1625449482.0,64.0
41.3,1625449482.0,64.0
44.89,1625449482.0,64.0
46.5,1625449482.0,64.0
46.9,1625449482.0,64.0
46.95,1625449482.0,64.0
47.25,1625449482.0,64.0
47.98,1625449482.0,64.0
48.9,1625449482.0,64.0
49.52,1625449482.0,64.0
49.35,1625449482.0,64.0
48.04,1625449482.0,64.0
45.56,1625449482.0,64.0
42.11,1625449482.0,64.0
38.02,1625449482.0,64.0
33.6,1625449482.0,64.0
29.07,1625449482.0,64.0
24.46,1625449482.0,64.0
19.72,1625449482.0,64.0
14.74,1625449482.0,64.0
9.53,1625449482.0,64.0
4.19,1625449482.0,64.0
-1.11,1625449482.0,64.0
-6.22,1625449482.0,64.0
-11.1,1625449482.0,64.0
-15.84,1625449482.0,64.0
-20.62,1625449482.0,64.0
-25.61,1625449482.0,64.0
-30.95,1625449482.0,64.0
-36.74,1625449482.0,64.0
-43.0,1625449482.0,64.0
-49.77,1625449482.0,64.0
-57.01,1625449482.0,64.0
-64.51,1625449482.0,64.0
-71.82,1625449482.0,64.0
-78.18,1625449482.0,64.0
-82.6,1625449482.0,64.0
-84.1,1625449482.0,64.0
-82.03,1625449482.0,64.0
-76.23,1625449482.0,64.0
-67.11,1625449482.0,64.0
-55.5,1625449482.0,64.0
-42.35,1625449482.0,64.0
-28.44,1625449482.0,64.0
-14.34,1625449482.0,64.0
-0.42,1625449482.0,64.0
12.95,1625449482.0,64.0
25.24,1625449482.0,64.0
35.77,1625449482.0,64.0
43.93,1625449482.0,64.0
49.42,1625449482.0,64.0
52.44,1625449482.0,64.0
53.65,1625449482.0,64.0
53.93,1625449482.0,64.0
54.06,1625449482.0,64.0
54.48,1625449482.0,64.0
55.17,1625449482.0,64.0
55.8,1625449482.0,64.0
55.93,1625449482.0,64.0
55.27,1625449482.0,64.0
53.74,1625449482.0,64.0
51.44,1625449482.0,64.0
48.52,1625449482.0,64.0
45.1,1625449482.0,64.0
41.23,1625449482.0,64.0
36.95,1625449482.0,64.0
32.3,1625449482.0,64.0
27.36,1625449482.0,64.0
22.24,1625449482.0,64.0
17.01,1625449482.0,64.0
11.73,1625449482.0,64.0
6.36,1625449482.0,64.0
0.9,1625449482.0,64.0
-4.67,1625449482.0,64.0
-10.36,1625449482.0,64.0
-16.2,1625449482.0,64.0
-22.23,1625449482.0,64.0
-28.53,1625449482.0,64.0
-35.2,1625449482.0,64.0
-42.33,1625449482.0,64.0
-49.98,1625449482.0,64.0
-58.12,1625449482.0,64.0
-66.51,1625449482.0,64.0
-74.63,1625449482.0,64.0
-81.66,1625449482.0,64.0
-86.55,1625449482.0,64.0
-88.27,1625449482.0,64.0
-86.18,1625449482.0,64.0
-80.1,1625449482.0,64.0
-70.47,1625449482.0,64.0
-58.08,1625449482.0,64.0
-43.84,1625449482.0,64.0
-28.55,1625449482.0,64.0
-12.91,1625449482.0,64.0
2.49,1625449482.0,64.0
16.98,1625449482.0,64.0
29.82,1625449482.0,64.0
40.32,1625449482.0,64.0
48.1,1625449482.0,64.0
53.21,1625449482.0,64.0
56.22,1625449482.0,64.0
57.94,1625449482.0,64.0
59.16,1625449482.0,64.0
60.35,1625449482.0,64.0
61.56,1625449482.0,64.0
62.53,1625449482.0,64.0
62.84,1625449482.0,64.0
62.19,1625449482.0,64.0
60.46,1625449482.0,64.0
57.76,1625449482.0,64.0
54.31,1625449482.0,64.0
50.36,1625449482.0,64.0
46.11,1625449482.0,64.0
41.7,1625449482.0,64.0
37.16,1625449482.0,64.0
32.55,1625449482.0,64.0
27.86,1625449482.0,64.0
23.12,1625449482.0,64.0
18.33,1625449482.0,64.0
13.46,1625449482.0,64.0
8.51,1625449482.0,64.0
3.4,1625449482.0,64.0
-1.92,1625449482.0,64.0
-7.48,1625449482.0,64.0
-13.24,1625449482.0,64.0
-19.12,1625449482.0,64.0
-25.06,1625449482.0,64.0
-31.06,1625449482.0,64.0
-37.2,1625449482.0,64.0
-43.66,1625449482.0,64.0
-50.64,1625449482.0,64.0
-58.28,1625449482.0,64.0
-66.48,1625449482.0,64.0
-74.75,1625449482.0,64.0
-82.27,1625449482.0,64.0
-87.94,1625449482.0,64.0
-90.63,1625449482.0,64.0
-89.48,1625449482.0,64.0
-84.19,1625449482.0,64.0
-75.03,1625449482.0,64.0
-62.75,1625449482.0,64.0
-48.35,1625449482.0,64.0
-32.8,1625449482.0,64.0
-16.9,1625449482.0,64.0
-1.31,1625449482.0,64.0
13.37,1625449482.0,64.0
26.51,1625449482.0,64.0
37.47,1625449482.0,64.0
45.81,1625449482.0,64.0
51.4,1625449482.0,64.0
54.58,1625449482.0,64.0
56.04,1625449482.0,64.0
56.64,1625449482.0,64.0
57.08,1625449482.0,64.0
57.74,1625449482.0,64.0
58.51,1625449482.0,64.0
59.0,1625449482.0,64.0
58.71,1625449482.0,64.0
57.36,1625449482.0,64.0
54.92,1625449482.0,64.0
51.63,1625449482.0,64.0
47.81,1625449482.0,64.0
43.67,1625449482.0,64.0
39.28,1625449482.0,64.0
34.59,1625449482.0,64.0
29.61,1625449482.0,64.0
24.48,1625449482.0,64.0
19.43,1625449482.0,64.0
14.7,1625449482.0,64.0
10.42,1625449482.0,64.0
6.5,1625449482.0,64.0
2.74,1625449482.0,64.0
-1.09,1625449482.0,64.0
-5.14,1625449482.0,64.0
-9.45,1625449482.0,64.0
-13.98,1625449482.0,64.0
-18.7,1625449482.0,64.0
-23.6,1625449482.0,64.0
-28.75,1625449482.0,64.0
-34.23,1625449482.0,64.0
-40.11,1625449482.0,64.0
-46.44,1625449482.0,64.0
-53.26,1625449482.0,64.0
-60.52,1625449482.0,64.0
-67.95,1625449482.0,64.0
-74.93,1625449482.0,64.0
-80.52,1625449482.0,64.0
-83.61,1625449482.0,64.0
-83.21,1625449482.0,64.0
-78.8,1625449482.0,64.0
-70.47,1625449482.0,64.0
-58.87,1625449482.0,64.0
-44.97,1625449482.0,64.0
-29.82,1625449482.0,64.0
-14.31,1625449482.0,64.0
0.86,1625449482.0,64.0
15.01,1625449482.0,64.0
27.46,1625449482.0,64.0
37.59,1625449482.0,64.0
45.01,1625449482.0,64.0
49.73,1625449482.0,64.0
52.24,1625449482.0,64.0
53.39,1625449482.0,64.0
54.04,1625449482.0,64.0
54.8,1625449482.0,64.0
55.87,1625449482.0,64.0
57.04,1625449482.0,64.0
57.87,1625449482.0,64.0
57.95,1625449482.0,64.0
57.07,1625449482.0,64.0
55.25,1625449482.0,64.0
52.67,1625449482.0,64.0
49.5,1625449482.0,64.0
45.86,1625449482.0,64.0
41.73,1625449482.0,64.0
37.11,1625449482.0,64.0
32.08,1625449482.0,64.0
26.84,1625449482.0,64.0
21.69,1625449482.0,64.0
16.87,1625449482.0,64.0
12.44,1625449482.0,64.0
8.3,1625449482.0,64.0
4.17,1625449482.0,64.0
-0.19,1625449482.0,64.0
-4.94,1625449482.0,64.0
-10.04,1625449482.0,64.0
-15.37,1625449482.0,64.0
-20.79,1625449482.0,64.0
-26.26,1625449482.0,64.0
-31.84,1625449482.0,64.0
-37.64,1625449482.0,64.0
-43.73,1625449482.0,64.0
-50.15,1625449482.0,64.0
-56.88,1625449482.0,64.0
-63.85,1625449482.0,64.0
-70.93,1625449482.0,64.0
-77.84,1625449482.0,64.0
-84.04,1625449482.0,64.0
-88.76,1625449482.0,64.0
-91.02,1625449482.0,64.0
-89.95,1625449482.0,64.0
-85.01,1625449482.0,64.0
-76.26,1625449482.0,64.0
-64.36,1625449482.0,64.0
-50.41,1625449482.0,64.0
-35.57,1625449482.0,64.0
-20.84,1625449482.0,64.0
-6.95,1625449482.0,64.0
5.61,1625449482.0,64.0
16.39,1625449482.0,64.0
24.99,1625449482.0,64.0
31.15,1625449482.0,64.0
34.89,1625449482.0,64.0
36.68,1625449482.0,64.0
37.33,1625449482.0,64.0
37.69,1625449482.0,64.0
38.41,1625449482.0,64.0
39.63,1625449482.0,64.0
41.06,1625449482.0,64.0
42.22,1625449482.0,64.0
42.6,1625449482.0,64.0
41.96,1625449482.0,64.0
40.29,1625449482.0,64.0
37.75,1625449482.0,64.0
34.48,1625449482.0,64.0
30.58,1625449482.0,64.0
26.11,1625449482.0,64.0
21.15,1625449482.0,64.0
15.94,1625449482.0,64.0
10.78,1625449482.0,64.0
6.0,1625449482.0,64.0
1.8,1625449482.0,64.0
-1.85,1625449482.0,64.0
-5.23,1625449482.0,64.0
-8.65,1625449482.0,64.0
-12.39,1625449482.0,64.0
-16.52,1625449482.0,64.0
-20.88,1625449482.0,64.0
-25.25,1625449482.0,64.0
-29.43,1625449482.0,64.0
-33.34,1625449482.0,64.0
-37.09,1625449482.0,64.0
-40.88,1625449482.0,64.0
-44.96,1625449482.0,64.0
-49.55,1625449482.0,64.0
-54.73,1625449482.0,64.0
-60.31,1625449482.0,64.0
-65.76,1625449482.0,64.0
-70.2,1625449482.0,64.0
-72.59,1625449482.0,64.0
-71.97,1625449482.0,64.0
-67.83,1625449482.0,64.0
-60.32,1625449482.0,64.0
-50.09,1625449482.0,64.0
-38.07,1625449482.0,64.0
-25.16,1625449482.0,64.0
-12.04,1625449482.0,64.0
0.81,1625449482.0,64.0
12.91,1625449482.0,64.0
23.72,1625449482.0,64.0
32.62,1625449482.0,64.0
39.18,1625449482.0,64.0
43.33,1625449482.0,64.0
45.55,1625449482.0,64.0
46.68,1625449482.0,64.0
47.66,1625449482.0,64.0
49.12,1625449482.0,64.0
51.17,1625449482.0,64.0
53.46,1625449482.0,64.0
55.33,1625449482.0,64.0
56.23,1625449482.0,64.0
55.88,1625449482.0,64.0
54.39,1625449482.0,64.0
52.09,1625449482.0,64.0
49.36,1625449482.0,64.0
46.39,1625449482.0,64.0
43.19,1625449482.0,64.0
39.72,1625449482.0,64.0
35.98,1625449482.0,64.0
32.08,1625449482.0,64.0
28.22,1625449482.0,64.0
24.51,1625449482.0,64.0
20.89,1625449482.0,64.0
17.19,1625449482.0,64.0
13.24,1625449482.0,64.0
8.98,1625449482.0,64.0
4.48,1625449482.0,64.0
-0.13,1625449482.0,64.0
-4.8,1625449482.0,64.0
-9.67,1625449482.0,64.0
-15.01,1625449482.0,64.0
-21.09,1625449482.0,64.0
-28.05,1625449482.0,64.0
-35.74,1625449482.0,64.0
-43.67,1625449482.0,64.0
-51.06,1625449482.0,64.0
-56.93,1625449482.0,64.0
-60.32,1625449482.0,64.0
-60.47,1625449482.0,64.0
-57.05,1625449482.0,64.0
-50.3,1625449482.0,64.0
-40.9,1625449482.0,64.0
-29.83,1625449482.0,64.0
-18.01,1625449482.0,64.0
-6.18,1625449482.0,64.0
5.14,1625449482.0,64.0
15.5,1625449482.0,64.0
24.47,1625449482.0,64.0
31.59,1625449482.0,64.0
36.58,1625449482.0,64.0
39.5,1625449482.0,64.0
40.77,1625449482.0,64.0
41.13,1625449482.0,64.0
41.32,1625449482.0,64.0
41.8,1625449482.0,64.0
42.64,1625449482.0,64.0
43.54,1625449482.0,64.0
44.08,1625449482.0,64.0
43.88,1625449482.0,64.0
42.78,1625449482.0,64.0
40.76,1625449482.0,64.0
37.93,1625449482.0,64.0
34.39,1625449482.0,64.0
30.25,1625449482.0,64.0
25.67,1625449482.0,64.0
20.81,1625449482.0,64.0
15.82,1625449482.0,64.0
10.83,1625449482.0,64.0
5.87,1625449482.0,64.0
0.96,1625449482.0,64.0
-3.9,1625449482.0,64.0
-8.66,1625449482.0,64.0
-13.28,1625449482.0,64.0
-17.72,1625449482.0,64.0
-22.1,1625449482.0,64.0
-26.63,1625449482.0,64.0
-31.59,1625449482.0,64.0
-37.16,1625449482.0,64.0
-43.48,1625449482.0,64.0
-50.57,1625449482.0,64.0
-58.32,1625449482.0,64.0
-66.52,1625449482.0,64.0
-74.66,1625449482.0,64.0
-81.93,1625449482.0,64.0
-87.28,1625449482.0,64.0
-89.67,1625449482.0,64.0
-88.34,1625449482.0,64.0
-83.1,1625449482.0,64.0
-74.37,1625449482.0,64.0
-62.94,1625449482.0,64.0
-49.73,1625449482.0,64.0
-35.45,1625449482.0,64.0
-20.64,1625449482.0,64.0
-5.73,1625449482.0,64.0
8.72,1625449482.0,64.0
21.9,1625449482.0,64.0
32.95,1625449482.0,64.0
41.22,1625449482.0,64.0
46.55,1625449482.0,64.0
49.36,1625449482.0,64.0
50.52,1625449482.0,64.0
50.98,1625449482.0,64.0
51.43,1625449482.0,64.0
52.16,1625449482.0,64.0
53.05,1625449482.0,64.0
53.72,1625449482.0,64.0
53.82,1625449482.0,64.0
53.13,1625449482.0,64.0
51.58,1625449482.0,64.0
49.24,1625449482.0,64.0
46.24,1625449482.0,64.0
42.67,1625449482.0,64.0
38.62,1625449482.0,64.0
34.18,1625449482.0,64.0
29.38,1625449482.0,64.0
24.29,1625449482.0,64.0
18.95,1625449482.0,64.0
13.44,1625449482.0,64.0
7.82,1625449482.0,64.0
2.15,1625449482.0,64.0
-3.54,1625449482.0,64.0
-9.26,1625449482.0,64.0
-15.03,1625449482.0,64.0
-20.92,1625449482.0,64.0
-26.99,1625449482.0,64.0
-33.28,1625449482.0,64.0
-39.83,1625449482.0,64.0
-46.7,1625449482.0,64.0
-53.97,1625449482.0,64.0
-61.69,1625449482.0,64.0
-69.7,1625449482.0,64.0
-77.56,1625449482.0,64.0
-84.44,1625449482.0,64.0
-89.2,1625449482.0,64.0
-90.73,1625449482.0,64.0
-88.22,1625449482.0,64.0
-81.48,1625449482.0,64.0
-70.96,1625449482.0,64.0
-57.58,1625449482.0,64.0
-42.44,1625449482.0,64.0
-26.48,1625449482.0,64.0
-10.39,1625449482.0,64.0
5.22,1625449482.0,64.0
19.75,1625449482.0,64.0
32.51,1625449482.0,64.0
42.86,1625449482.0,64.0
50.48,1625449482.0,64.0
55.51,1625449482.0,64.0
58.52,1625449482.0,64.0
60.35,1625449482.0,64.0
61.75,1625449482.0,64.0
63.15,1625449482.0,64.0
64.56,1625449482.0,64.0
65.74,1625449482.0,64.0
66.31,1625449482.0,64.0
65.95,1625449482.0,64.0
64.48,1625449482.0,64.0
61.84,1625449482.0,64.0
58.15,1625449482.0,64.0
53.6,1625449482.0,64.0
48.44,1625449482.0,64.0
42.93,1625449482.0,64.0
37.32,1625449482.0,64.0
31.75,1625449482.0,64.0
26.34,1625449482.0,64.0
21.11,1625449482.0,64.0
16.04,1625449482.0,64.0
11.06,1625449482.0,64.0
6.09,1625449482.0,64.0
1.02,1625449482.0,64.0
-4.22,1625449482.0,64.0
-9.68,1625449482.0,64.0
-15.35,1625449482.0,64.0
-21.17,1625449482.0,64.0
-27.07,1625449482.0,64.0
-33.03,1625449482.0,64.0
-39.08,1625449482.0,64.0
-45.35,1625449482.0,64.0
-52.04,1625449482.0,64.0
-59.28,1625449482.0,64.0
-66.96,1625449482.0,64.0
-74.62,1625449482.0,64.0
-81.35,1625449482.0,64.0
-85.91,1625449482.0,64.0
-87.13,1625449482.0,64.0
-84.21,1625449482.0,64.0
-77.05,1625449482.0,64.0
-66.23,1625449482.0,64.0
-52.77,1625449482.0,64.0
-37.81,1625449482.0,64.0
-22.31,1625449482.0,64.0
-6.98,1625449482.0,64.0
7.66,1625449482.0,64.0
21.11,1625449482.0,64.0
32.8,1625449482.0,64.0
42.2,1625449482.0,64.0
49.04,1625449482.0,64.0
53.46,1625449482.0,64.0
55.98,1625449482.0,64.0
57.36,1625449482.0,64.0
58.31,1625449482.0,64.0
59.23,1625449482.0,64.0
60.23,1625449482.0,64.0
61.11,1625449482.0,64.0
61.59,1625449482.0,64.0
61.43,1625449482.0,64.0
60.51,1625449482.0,64.0
58.78,1625449482.0,64.0
56.18,1625449482.0,64.0
52.66,1625449482.0,64.0
48.23,1625449482.0,64.0
43.03,1625449482.0,64.0
37.34,1625449482.0,64.0
31.52,1625449482.0,64.0
25.96,1625449482.0,64.0
20.85,1625449482.0,64.0
16.21,1625449482.0,64.0
11.87,1625449482.0,64.0
7.53,1625449482.0,64.0
2.92,1625449482.0,64.0
-2.09,1625449482.0,64.0
-7.44,1625449482.0,64.0
-12.96,1625449482.0,64.0
-18.47,1625449482.0,64.0
-23.9,1625449482.0,64.0
-29.3,1625449482.0,64.0
-34.82,1625449482.0,64.0
-40.66,1625449482.0,64.0
-46.91,1625449482.0,64.0
-53.57,1625449482.0,64.0
-60.55,1625449482.0,64.0
-67.61,1625449482.0,64.0
-74.27,1625449482.0,64.0
-79.81,1625449482.0,64.0
-83.29,1625449482.0,64.0
-83.73,1625449482.0,64.0
-80.45,1625449482.0,64.0
-73.26,1625449482.0,64.0
-62.62,1625449482.0,64.0
-49.44,1625449482.0,64.0
-34.8,1625449482.0,64.0
-19.68,1625449482.0,64.0
-4.76,1625449482.0,64.0
9.44,1625449482.0,64.0
22.42,1625449482.0,64.0
33.63,1625449482.0,64.0
42.57,1625449482.0,64.0
48.97,1625449482.0,64.0
52.98,1625449482.0,64.0
55.18,1625449482.0,64.0
56.36,1625449482.0,64.0
57.23,1625449482.0,64.0
58.17,1625449482.0,64.0
59.16,1625449482.0,64.0
59.86,1625449482.0,64.0
59.9,1625449482.0,64.0
59.01,1625449482.0,64.0
57.12,1625449482.0,64.0
54.37,1625449482.0,64.0
50.93,1625449482.0,64.0
46.95,1625449482.0,64.0
42.52,1625449482.0,64.0
37.73,1625449482.0,64.0
32.7,1625449482.0,64.0
27.63,1625449482.0,64.0
22.74,1625449482.0,64.0
18.21,1625449482.0,64.0
14.06,1625449482.0,64.0
10.15,1625449482.0,64.0
6.17,1625449482.0,64.0
1.78,1625449482.0,64.0
-3.23,1625449482.0,64.0
-8.9,1625449482.0,64.0
-15.05,1625449482.0,64.0
-21.42,1625449482.0,64.0
-27.75,1625449482.0,64.0
-33.93,1625449482.0,64.0
-40.03,1625449482.0,64.0
-46.27,1625449482.0,64.0
-52.95,1625449482.0,64.0
-60.26,1625449482.0,64.0
-68.21,1625449482.0,64.0
-76.47,1625449482.0,64.0
-84.35,1625449482.0,64.0
-90.94,1625449482.0,64.0
-95.13,1625449482.0,64.0
-96.0,1625449482.0,64.0
-92.97,1625449482.0,64.0
-86.04,1625449482.0,64.0
-75.8,1625449482.0,64.0
-63.17,1625449482.0,64.0
-49.22,1625449482.0,64.0
-34.84,1625449482.0,64.0
-20.68,1625449482.0,64.0
-7.24,1625449482.0,64.0
5.02,1625449482.0,64.0
15.59,1625449482.0,64.0
24.01,1625449482.0,64.0
30.09,1625449482.0,64.0
34.06,1625449482.0,64.0
36.58,1625449482.0,64.0
38.49,1625449482.0,64.0
40.47,1625449482.0,64.0
42.78,1625449482.0,64.0
45.23,1625449482.0,64.0
47.29,1625449482.0,64.0
48.43,1625449482.0,64.0
48.35,1625449482.0,64.0
47.06,1625449482.0,64.0
44.81,1625449482.0,64.0
41.96,1625449482.0,64.0
38.76,1625449482.0,64.0
35.33,1625449482.0,64.0
31.66,1625449482.0,64.0
27.69,1625449482.0,64.0
23.46,1625449482.0,64.0
19.08,1625449482.0,64.0
14.74,1625449482.0,64.0
10.64,1625449482.0,64.0
6.9,1625449482.0,64.0
3.52,1625449482.0,64.0
0.35,1625449482.0,64.0
-2.77,1625449482.0,64.0
-6.01,1625449482.0,64.0
-9.49,1625449482.0,64.0
-13.3,1625449482.0,64.0
-17.45,1625449482.0,64.0
-21.89,1625449482.0,64.0
-26.52,1625449482.0,64.0
-31.18,1625449482.0,64.0
-35.77,1625449482.0,64.0
-40.24,1625449482.0,64.0
-44.56,1625449482.0,64.0
-48.63,1625449482.0,64.0
-52.14,1625449482.0,64.0
-54.58,1625449482.0,64.0
-55.19,1625449482.0,64.0
-53.29,1625449482.0,64.0
-48.43,1625449482.0,64.0
-40.57,1625449482.0,64.0
-30.09,1625449482.0,64.0
-17.7,1625449482.0,64.0
-4.24,1625449482.0,64.0
9.42,1625449482.0,64.0
22.4,1625449482.0,64.0
33.78,1625449482.0,64.0
42.75,1625449482.0,64.0
48.62,1625449482.0,64.0
51.17,1625449482.0,64.0
50.68,1625449482.0,64.0
47.97,1625449482.0,64.0
44.2,1625449482.0,64.0
40.58,1625449482.0,64.0
38.08,1625449482.0,64.0
37.13,1625449482.0,64.0
37.66,1625449482.0,64.0
39.19,1625449482.0,64.0
40.98,1625449482.0,64.0
42.36,1625449482.0,64.0
42.82,1625449482.0,64.0
42.18,1625449482.0,64.0
40.52,1625449482.0,64.0
38.1,1625449482.0,64.0
35.24,1625449482.0,64.0
32.19,1625449482.0,64.0
29.08,1625449482.0,64.0
25.93,1625449482.0,64.0
22.73,1625449482.0,64.0
19.46,1625449482.0,64.0
16.15,1625449482.0,64.0
12.86,1625449482.0,64.0
9.62,1625449482.0,64.0
6.37,1625449482.0,64.0
2.98,1625449482.0,64.0
-0.69,1625449482.0,64.0
-4.83,1625449482.0,64.0
-9.53,1625449482.0,64.0
-14.85,1625449482.0,64.0
-20.83,1625449482.0,64.0
-27.41,1625449482.0,64.0
-34.43,1625449482.0,64.0
-41.5,1625449482.0,64.0
-47.93,1625449482.0,64.0
-52.82,1625449482.0,64.0
-55.27,1625449482.0,64.0
-54.63,1625449482.0,64.0
-50.8,1625449482.0,64.0
-44.22,1625449482.0,64.0
-35.71,1625449482.0,64.0
-26.14,1625449482.0,64.0
-16.2,1625449482.0,64.0
-6.3,1625449482.0,64.0
3.29,1625449482.0,64.0
12.15,1625449482.0,64.0
19.71,1625449482.0,64.0
25.42,1625449482.0,64.0
28.99,1625449482.0,64.0
30.74,1625449482.0,64.0
31.49,1625449482.0,64.0
32.35,1625449482.0,64.0
34.16,1625449482.0,64.0
37.13,1625449482.0,64.0
40.71,1625449482.0,64.0
43.82,1625449482.0,64.0
45.35,1625449482.0,64.0
44.53,1625449482.0,64.0
41.3,1625449482.0,64.0
36.17,1625449482.0,64.0
30.0,1625449482.0,64.0
23.6,1625449482.0,64.0
17.42,1625449482.0,64.0
11.57,1625449482.0,64.0
5.82,1625449482.0,64.0
-0.09,1625449482.0,64.0
-6.28,1625449482.0,64.0
-12.61,1625449482.0,64.0
-18.78,1625449482.0,64.0
-24.47,1625449482.0,64.0
-29.53,1625449482.0,64.0
-34.08,1625449482.0,64.0
-38.46,1625449482.0,64.0
-43.07,1625449482.0,64.0
-48.13,1625449482.0,64.0
-53.71,1625449482.0,64.0
-59.64,1625449482.0,64.0
-65.72,1625449482.0,64.0
-71.73,1625449482.0,64.0
-77.39,1625449482.0,64.0
-82.27,1625449482.0,64.0
-85.65,1625449482.0,64.0
-86.64,1625449482.0,64.0
-84.33,1625449482.0,64.0
-78.19,1625449482.0,64.0
-68.28,1625449482.0,64.0
-55.27,1625449482.0,64.0
-40.23,1625449482.0,64.0
-24.28,1625449482.0,64.0
-8.34,1625449482.0,64.0
6.96,1625449482.0,64.0
21.11,1625449482.0,64.0
33.59,1625449482.0,64.0
43.77,1625449482.0,64.0
51.05,1625449482.0,64.0
55.13,1625449482.0,64.0
56.23,1625449482.0,64.0
55.12,1625449482.0,64.0
52.88,1625449482.0,64.0
50.52,1625449482.0,64.0
48.66,1625449482.0,64.0
47.32,1625449482.0,64.0
46.12,1625449482.0,64.0
44.62,1625449482.0,64.0
42.65,1625449482.0,64.0
40.46,1625449482.0,64.0
38.54,1625449482.0,64.0
37.26,1625449482.0,64.0
36.55,1625449482.0,64.0
35.81,1625449482.0,64.0
34.18,1625449482.0,64.0
30.91,1625449482.0,64.0
25.86,1625449482.0,64.0
19.56,1625449482.0,64.0
13.01,1625449482.0,64.0
7.18,1625449482.0,64.0
2.47,1625449482.0,64.0
-1.44,1625449482.0,64.0
-5.5,1625449482.0,64.0
-10.81,1625449482.0,64.0
-18.21,1625449482.0,64.0
-27.98,1625449482.0,64.0
-39.75,1625449482.0,64.0
-52.6,1625449482.0,64.0
-65.25,1625449482.0,64.0
-76.17,1625449482.0,64.0
-83.97,1625449482.0,64.0
-87.68,1625449482.0,64.0
-87.09,1625449482.0,64.0
-82.89,1625449482.0,64.0
-76.41,1625449482.0,64.0
-69.14,1625449482.0,64.0
-62.09,1625449482.0,64.0
-55.49,1625449482.0,64.0
-48.86,1625449482.0,64.0
-41.51,1625449482.0,64.0
-33.07,1625449482.0,64.0
-23.71,1625449482.0,64.0
-14.02,1625449482.0,64.0
-4.71,1625449482.0,64.0
3.74,1625449482.0,64.0
11.2,1625449482.0,64.0
17.84,1625449482.0,64.0
24.07,1625449482.0,64.0
30.38,1625449482.0,64.0
37.2,1625449482.0,64.0
44.84,1625449482.0,64.0
53.2,1625449482.0,64.0
61.73,1625449482.0,64.0
69.44,1625449482.0,64.0
75.25,1625449482.0,64.0
78.43,1625449482.0,64.0
78.9,1625449482.0,64.0
77.2,1625449482.0,64.0
74.22,1625449482.0,64.0
70.79,1625449482.0,64.0
67.34,1625449482.0,64.0
63.97,1625449482.0,64.0
60.55,1625449482.0,64.0
56.96,1625449482.0,64.0
53.22,1625449482.0,64.0
49.38,1625449482.0,64.0
45.39,1625449482.0,64.0
41.06,1625449482.0,64.0
36.12,1625449482.0,64.0
30.3,1625449482.0,64.0
23.59,1625449482.0,64.0
16.21,1625449482.0,64.0
8.63,1625449482.0,64.0
1.39,1625449482.0,64.0
-5.13,1625449482.0,64.0
-10.82,1625449482.0,64.0
-15.89,1625449482.0,64.0
-20.79,1625449482.0,64.0
-26.04,1625449482.0,64.0
-32.06,1625449482.0,64.0
-39.07,1625449482.0,64.0
-47.06,1625449482.0,64.0
-55.74,1625449482.0,64.0
-64.67,1625449482.0,64.0
-73.19,1625449482.0,64.0
-80.51,1625449482.0,64.0
-85.73,1625449482.0,64.0
-88.04,1625449482.0,64.0
-86.85,1625449482.0,64.0
-82.02,1625449482.0,64.0
-73.8,1625449482.0,64.0
-62.76,1625449482.0,64.0
-49.63,1625449482.0,64.0
-35.09,1625449482.0,64.0
-19.76,1625449482.0,64.0
-4.31,1625449482.0,64.0
10.48,1625449482.0,64.0
23.65,1625449482.0,64.0
34.26,1625449482.0,64.0
41.68,1625449482.0,64.0
45.86,1625449482.0,64.0
47.37,1625449482.0,64.0
47.23,1625449482.0,64.0
46.56,1625449482.0,64.0
46.1,1625449482.0,64.0
46.06,1625449482.0,64.0
46.14,1625449482.0,64.0
45.84,1625449482.0,64.0
44.72,1625449482.0,64.0
42.61,1625449482.0,64.0
39.61,1625449482.0,64.0
35.99,1625449482.0,64.0
31.96,1625449482.0,64.0
27.61,1625449482.0,64.0
22.95,1625449482.0,64.0
17.99,1625449482.0,64.0
12.78,1625449482.0,64.0
7.4,1625449482.0,64.0
1.99,1625449482.0,64.0
-3.34,1625449482.0,64.0
-8.53,1625449482.0,64.0
-13.69,1625449482.0,64.0
-18.96,1625449482.0,64.0
-24.55,1625449482.0,64.0
-30.66,1625449482.0,64.0
-37.41,1625449482.0,64.0
-44.81,1625449482.0,64.0
-52.74,1625449482.0,64.0
-60.88,1625449482.0,64.0
-68.7,1625449482.0,64.0
-75.46,1625449482.0,64.0
-80.27,1625449482.0,64.0
-82.29,1625449482.0,64.0
-80.89,1625449482.0,64.0
-75.85,1625449482.0,64.0
-67.45,1625449482.0,64.0
-56.34,1625449482.0,64.0
-43.37,1625449482.0,64.0
-29.42,1625449482.0,64.0
-15.19,1625449482.0,64.0
-1.29,1625449482.0,64.0
11.68,1625449482.0,64.0
23.13,1625449482.0,64.0
32.48,1625449482.0,64.0
39.38,1625449482.0,64.0
43.86,1625449482.0,64.0
46.33,1625449482.0,64.0
47.51,1625449482.0,64.0
48.13,1625449482.0,64.0
48.72,1625449482.0,64.0
49.41,1625449482.0,64.0
50.04,1625449482.0,64.0
50.29,1625449482.0,64.0
49.83,1625449482.0,64.0
48.52,1625449482.0,64.0
46.37,1625449482.0,64.0
43.48,1625449482.0,64.0
40.0,1625449482.0,64.0
36.01,1625449482.0,64.0
31.6,1625449482.0,64.0
26.88,1625449482.0,64.0
21.98,1625449482.0,64.0
17.08,1625449482.0,64.0
12.4,1625449482.0,64.0
8.12,1625449482.0,64.0
4.32,1625449482.0,64.0
0.96,1625449482.0,64.0
-2.18,1625449482.0,64.0
-5.4,1625449482.0,64.0
-9.03,1625449482.0,64.0
-13.34,1625449482.0,64.0
-18.44,1625449482.0,64.0
-24.26,1625449482.0,64.0
-30.54,1625449482.0,64.0
-36.9,1625449482.0,64.0
-42.76,1625449482.0,64.0
-47.43,1625449482.0,64.0
-50.1,1625449482.0,64.0
-50.01,1625449482.0,64.0
-46.68,1625449482.0,64.0
-39.98,1625449482.0,64.0
-30.28,1625449482.0,64.0
-18.34,1625449482.0,64.0
-5.05,1625449482.0,64.0
8.71,1625449482.0,64.0
22.2,1625449482.0,64.0
34.73,1625449482.0,64.0
45.6,1625449482.0,64.0
54.12,1625449482.0,64.0
59.79,1625449482.0,64.0
62.58,1625449482.0,64.0
62.96,1625449482.0,64.0
61.9,1625449482.0,64.0
60.45,1625449482.0,64.0
59.38,1625449482.0,64.0
58.89,1625449482.0,64.0
58.64,1625449482.0,64.0
57.98,1625449482.0,64.0
56.38,1625449482.0,64.0
53.6,1625449482.0,64.0
49.78,1625449482.0,64.0
45.24,1625449482.0,64.0
40.32,1625449482.0,64.0
35.16,1625449482.0,64.0
29.75,1625449482.0,64.0
24.01,1625449482.0,64.0
17.92,1625449482.0,64.0
11.65,1625449482.0,64.0
5.48,1625449482.0,64.0
-0.3,1625449482.0,64.0
-5.56,1625449482.0,64.0
-10.37,1625449482.0,64.0
-15.04,1625449482.0,64.0
-19.95,1625449482.0,64.0
-25.43,1625449482.0,64.0
-31.62,1625449482.0,64.0
-38.5,1625449482.0,64.0
-45.88,1625449482.0,64.0
-53.45,1625449482.0,64.0
-60.74,1625449482.0,64.0
-67.09,1625449482.0,64.0
-71.69,1625449482.0,64.0
-73.67,1625449482.0,64.0
-72.36,1625449482.0,64.0
-67.47,1625449482.0,64.0
-59.24,1625449482.0,64.0
-48.27,1625449482.0,64.0
-35.42,1625449482.0,64.0
-21.48,1625449482.0,64.0
-7.08,1625449482.0,64.0
7.22,1625449482.0,64.0
20.83,1625449482.0,64.0
33.0,1625449482.0,64.0
42.94,1625449482.0,64.0
50.05,1625449482.0,64.0
54.15,1625449482.0,64.0
55.69,1625449482.0,64.0
55.55,1625449482.0,64.0
54.77,1625449482.0,64.0
54.11,1625449482.0,64.0
53.86,1625449482.0,64.0
53.8,1625449482.0,64.0
53.45,1625449482.0,64.0
52.33,1625449482.0,64.0
50.21,1625449482.0,64.0
47.15,1625449482.0,64.0
43.41,1625449482.0,64.0
39.31,1625449482.0,64.0
35.0,1625449482.0,64.0
30.51,1625449482.0,64.0
25.69,1625449482.0,64.0
20.41,1625449482.0,64.0
14.65,1625449482.0,64.0
8.59,1625449482.0,64.0
2.53,1625449482.0,64.0
-3.3,1625449482.0,64.0
-8.84,1625449482.0,64.0
-14.27,1625449482.0,64.0
-19.92,1625449482.0,64.0
-26.08,1625449482.0,64.0
-32.83,1625449482.0,64.0
-40.08,1625449482.0,64.0
-47.61,1625449482.0,64.0
-55.2,1625449482.0,64.0
-62.73,1625449482.0,64.0
-69.95,1625449482.0,64.0
-76.38,1625449482.0,64.0
-81.23,1625449482.0,64.0
-83.54,1625449482.0,64.0
-82.42,1625449482.0,64.0
-77.45,1625449482.0,64.0
-68.75,1625449482.0,64.0
-56.95,1625449482.0,64.0
-42.96,1625449482.0,64.0
-27.67,1625449482.0,64.0
-11.82,1625449482.0,64.0
4.01,1625449482.0,64.0
19.16,1625449482.0,64.0
32.88,1625449482.0,64.0
44.33,1625449482.0,64.0
52.83,1625449482.0,64.0
58.09,1625449482.0,64.0
60.39,1625449482.0,64.0
60.53,1625449482.0,64.0
59.57,1625449482.0,64.0
58.49,1625449482.0,64.0
57.85,1625449482.0,64.0
57.71,1625449482.0,64.0
57.72,1625449482.0,64.0
57.34,1625449482.0,64.0
56.15,1625449482.0,64.0
53.88,1625449482.0,64.0
50.54,1625449482.0,64.0
46.27,1625449482.0,64.0
41.28,1625449482.0,64.0
35.83,1625449482.0,64.0
30.17,1625449482.0,64.0
24.51,1625449482.0,64.0
18.96,1625449482.0,64.0
13.56,1625449482.0,64.0
8.2,1625449482.0,64.0
2.76,1625449482.0,64.0
-2.86,1625449482.0,64.0
-8.71,1625449482.0,64.0
-14.7,1625449482.0,64.0
-20.7,1625449482.0,64.0
-26.63,1625449482.0,64.0
-32.51,1625449482.0,64.0
-38.38,1625449482.0,64.0
-44.39,1625449482.0,64.0
-50.73,1625449482.0,64.0
-57.54,1625449482.0,64.0
-64.88,1625449482.0,64.0
-72.6,1625449482.0,64.0
-80.21,1625449482.0,64.0
-86.91,1625449482.0,64.0
-91.66,1625449482.0,64.0
-93.43,1625449482.0,64.0
-91.5,1625449482.0,64.0
-85.64,1625449482.0,64.0
-76.18,1625449482.0,64.0
-63.83,1625449482.0,64.0
-49.51,1625449482.0,64.0
-34.04,1625449482.0,64.0
-18.09,1625449482.0,64.0
-2.25,1625449482.0,64.0
12.9,1625449482.0,64.0
26.64,1625449482.0,64.0
38.23,1625449482.0,64.0
47.11,1625449482.0,64.0
53.08,1625449482.0,64.0
56.48,1625449482.0,64.0
58.07,1625449482.0,64.0
58.76,1625449482.0,64.0
59.28,1625449482.0,64.0
59.95,1625449482.0,64.0
60.65,1625449482.0,64.0
61.02,1625449482.0,64.0
60.67,1625449482.0,64.0
59.44,1625449482.0,64.0
57.37,1625449482.0,64.0
54.66,1625449482.0,64.0
51.43,1625449482.0,64.0
47.67,1625449482.0,64.0
43.28,1625449482.0,64.0
38.2,1625449482.0,64.0
32.55,1625449482.0,64.0
26.6,1625449482.0,64.0
20.71,1625449482.0,64.0
15.18,1625449482.0,64.0
10.12,1625449482.0,64.0
5.41,1625449482.0,64.0
0.77,1625449482.0,64.0
-4.13,1625449482.0,64.0
-9.51,1625449482.0,64.0
-15.39,1625449482.0,64.0
-21.55,1625449482.0,64.0
-27.68,1625449482.0,64.0
-33.48,1625449482.0,64.0
-38.88,1625449482.0,64.0
-44.04,1625449482.0,64.0
-49.39,1625449482.0,64.0
-55.41,1625449482.0,64.0
-62.4,1625449482.0,64.0
-70.38,1625449482.0,64.0
-78.89,1625449482.0,64.0
-87.12,1625449482.0,64.0
-94.02,1625449482.0,64.0
-98.5,1625449482.0,64.0
-99.61,1625449482.0,64.0
-96.75,1625449482.0,64.0
-89.8,1625449482.0,64.0
-79.09,1625449482.0,64.0
-65.38,1625449482.0,64.0
-49.62,1625449482.0,64.0
-32.8,1625449482.0,64.0
-15.82,1625449482.0,64.0
0.56,1625449482.0,64.0
15.65,1625449482.0,64.0
28.75,1625449482.0,64.0
39.26,1625449482.0,64.0
46.89,1625449482.0,64.0
51.72,1625449482.0,64.0
54.35,1625449482.0,64.0
55.66,1625449482.0,64.0
56.49,1625449482.0,64.0
57.35,1625449482.0,64.0
58.26,1625449482.0,64.0
58.84,1625449482.0,64.0
58.64,1625449482.0,64.0
57.4,1625449482.0,64.0
55.23,1625449482.0,64.0
52.45,1625449482.0,64.0
49.45,1625449482.0,64.0
46.38,1625449482.0,64.0
43.2,1625449482.0,64.0
39.71,1625449482.0,64.0
35.74,1625449482.0,64.0
31.27,1625449482.0,64.0
26.48,1625449482.0,64.0
21.61,1625449482.0,64.0
16.87,1625449482.0,64.0
12.33,1625449482.0,64.0
7.89,1625449482.0,64.0
3.39,1625449482.0,64.0
-1.33,1625449482.0,64.0
-6.33,1625449482.0,64.0
-11.59,1625449482.0,64.0
-17.03,1625449482.0,64.0
-22.6,1625449482.0,64.0
-28.27,1625449482.0,64.0
-34.13,1625449482.0,64.0
-40.26,1625449482.0,64.0
-46.72,1625449482.0,64.0
-53.52,1625449482.0,64.0
-60.62,1625449482.0,64.0
-67.97,1625449482.0,64.0
-75.38,1625449482.0,64.0
-82.41,1625449482.0,64.0
-88.32,1625449482.0,64.0
-92.08,1625449482.0,64.0
-92.67,1625449482.0,64.0
-89.33,1625449482.0,64.0
-81.91,1625449482.0,64.0
-70.89,1625449482.0,64.0
-57.26,1625449482.0,64.0
-42.13,1625449482.0,64.0
-26.44,1625449482.0,64.0
-10.91,1625449482.0,64.0
3.92,1625449482.0,64.0
17.48,1625449482.0,64.0
29.12,1625449482.0,64.0
38.24,1625449482.0,64.0
44.51,1625449482.0,64.0
48.11,1625449482.0,64.0
49.7,1625449482.0,64.0
50.23,1625449482.0,64.0
50.56,1625449482.0,64.0
51.21,1625449482.0,64.0
52.14,1625449482.0,64.0
52.98,1625449482.0,64.0
53.24,1625449482.0,64.0
52.57,1625449482.0,64.0
50.87,1625449482.0,64.0
48.31,1625449482.0,64.0
45.14,1625449482.0,64.0
41.57,1625449482.0,64.0
37.72,1625449482.0,64.0
33.59,1625449482.0,64.0
29.18,1625449482.0,64.0
24.55,1625449482.0,64.0
19.84,1625449482.0,64.0
15.26,1625449482.0,64.0
10.92,1625449482.0,64.0
6.83,1625449482.0,64.0
2.84,1625449482.0,64.0
-1.24,1625449482.0,64.0
-5.59,1625449482.0,64.0
-10.24,1625449482.0,64.0
-15.1,1625449482.0,64.0
-20.03,1625449482.0,64.0
-24.92,1625449482.0,64.0
-29.8,1625449482.0,64.0
-34.81,1625449482.0,64.0
-40.15,1625449482.0,64.0
-46.02,1625449482.0,64.0
-52.57,1625449482.0,64.0
-59.81,1625449482.0,64.0
-67.62,1625449482.0,64.0
-75.59,1625449482.0,64.0
-82.97,1625449482.0,64.0
-88.72,1625449482.0,64.0
-91.69,1625449482.0,64.0
-90.92,1625449482.0,64.0
-85.93,1625449482.0,64.0
-76.88,1625449482.0,64.0
-64.53,1625449482.0,64.0
-49.96,1625449482.0,64.0
-34.33,1625449482.0,64.0
-18.63,1625449482.0,64.0
-3.63,1625449482.0,64.0
10.04,1625449482.0,64.0
21.82,1625449482.0,64.0
31.28,1625449482.0,64.0
38.22,1625449482.0,64.0
42.77,1625449482.0,64.0
45.42,1625449482.0,64.0
46.9,1625449482.0,64.0
47.89,1625449482.0,64.0
48.8,1625449482.0,64.0
49.67,1625449482.0,64.0
50.26,1625449482.0,64.0
50.2,1625449482.0,64.0
49.24,1625449482.0,64.0
47.32,1625449482.0,64.0
44.54,1625449482.0,64.0
41.07,1625449482.0,64.0
37.08,1625449482.0,64.0
32.68,1625449482.0,64.0
27.97,1625449482.0,64.0
23.13,1625449482.0,64.0
18.39,1625449482.0,64.0
14.01,1625449482.0,64.0
10.16,1625449482.0,64.0
6.89,1625449482.0,64.0
4.02,1625449482.0,64.0
1.21,1625449482.0,64.0
-1.9,1625449482.0,64.0
-5.64,1625449482.0,64.0
-10.1,1625449482.0,64.0
-15.24,1625449482.0,64.0
-20.8,1625449482.0,64.0
-26.52,1625449482.0,64.0
-32.2,1625449482.0,64.0
-37.74,1625449482.0,64.0
-43.26,1625449482.0,64.0
-48.99,1625449482.0,64.0
-55.19,1625449482.0,64.0
-62.01,1625449482.0,64.0
-69.32,1625449482.0,64.0
-76.62,1625449482.0,64.0
-83.0,1625449482.0,64.0
-87.34,1625449482.0,64.0
-88.5,1625449482.0,64.0
-85.73,1625449482.0,64.0
-78.81,1625449482.0,64.0
-68.13,1625449482.0,64.0
-54.53,1625449482.0,64.0
-39.1,1625449482.0,64.0
-22.91,1625449482.0,64.0
-6.99,1625449482.0,64.0
7.7,1625449482.0,64.0
20.27,1625449482.0,64.0
29.98,1625449482.0,64.0
36.41,1625449482.0,64.0
39.7,1625449482.0,64.0
40.58,1625449482.0,64.0
40.24,1625449482.0,64.0
39.96,1625449482.0,64.0
40.63,1625449482.0,64.0
42.53,1625449482.0,64.0
45.28,1625449482.0,64.0
48.1,1625449482.0,64.0
50.27,1625449482.0,64.0
51.35,1625449482.0,64.0
51.33,1625449482.0,64.0
50.42,1625449482.0,64.0
48.92,1625449482.0,64.0
47.0,1625449482.0,64.0
44.68,1625449482.0,64.0
41.9,1625449482.0,64.0
38.6,1625449482.0,64.0
34.77,1625449482.0,64.0
30.46,1625449482.0,64.0
25.71,1625449482.0,64.0
20.64,1625449482.0,64.0
15.39,1625449482.0,64.0
10.17,1625449482.0,64.0
5.15,1625449482.0,64.0
0.41,1625449482.0,64.0
-4.09,1625449482.0,64.0
-8.53,1625449482.0,64.0
-13.15,1625449482.0,64.0
-18.17,1625449482.0,64.0
-23.74,1625449482.0,64.0
-29.95,1625449482.0,64.0
-36.74,1625449482.0,64.0
-43.86,1625449482.0,64.0
-50.71,1625449482.0,64.0
-56.39,1625449482.0,64.0
-59.82,1625449482.0,64.0
-60.0,1625449482.0,64.0
-56.39,1625449482.0,64.0
-49.04,1625449482.0,64.0
-38.59,1625449482.0,64.0
-26.09,1625449482.0,64.0
-12.67,1625449482.0,64.0
0.65,1625449482.0,64.0
13.0,1625449482.0,64.0
23.69,1625449482.0,64.0
32.18,1625449482.0,64.0
38.13,1625449482.0,64.0
41.51,1625449482.0,64.0
42.71,1625449482.0,64.0
42.44,1625449482.0,64.0
41.61,1625449482.0,64.0
40.99,1625449482.0,64.0
41.01,1625449482.0,64.0
41.61,1625449482.0,64.0
42.36,1625449482.0,64.0
42.66,1625449482.0,64.0
42.0,1625449482.0,64.0
40.16,1625449482.0,64.0
37.23,1625449482.0,64.0
33.52,1625449482.0,64.0
29.41,1625449482.0,64.0
25.14,1625449482.0,64.0
20.79,1625449482.0,64.0
16.27,1625449482.0,64.0
11.43,1625449482.0,64.0
6.23,1625449482.0,64.0
0.79,1625449482.0,64.0
-4.67,1625449482.0,64.0
-9.9,1625449482.0,64.0
-14.74,1625449482.0,64.0
-19.19,1625449482.0,64.0
-23.44,1625449482.0,64.0
-27.77,1625449482.0,64.0
-32.48,1625449482.0,64.0
-37.84,1625449482.0,64.0
-44.04,1625449482.0,64.0
-51.16,1625449482.0,64.0
-59.04,1625449482.0,64.0
-67.21,1625449482.0,64.0
-74.78,1625449482.0,64.0
-80.54,1625449482.0,64.0
-83.28,1625449482.0,64.0
-82.11,1625449482.0,64.0
-76.78,1625449482.0,64.0
-67.67,1625449482.0,64.0
-55.65,1625449482.0,64.0
-41.75,1625449482.0,64.0
-26.86,1625449482.0,64.0
-11.69,1625449482.0,64.0
3.17,1625449482.0,64.0
17.05,1625449482.0,64.0
29.18,1625449482.0,64.0
38.88,1625449482.0,64.0
45.75,1625449482.0,64.0
49.92,1625449482.0,64.0
52.05,1625449482.0,64.0
53.09,1625449482.0,64.0
53.88,1625449482.0,64.0
54.91,1625449482.0,64.0
56.13,1625449482.0,64.0
57.12,1625449482.0,64.0
57.38,1625449482.0,64.0
56.57,1625449482.0,64.0
54.64,1625449482.0,64.0
51.8,1625449482.0,64.0
48.35,1625449482.0,64.0
44.5,1625449482.0,64.0
40.34,1625449482.0,64.0
35.83,1625449482.0,64.0
30.89,1625449482.0,64.0
25.52,1625449482.0,64.0
19.82,1625449482.0,64.0
13.94,1625449482.0,64.0
8.04,1625449482.0,64.0
2.23,1625449482.0,64.0
-3.5,1625449482.0,64.0
-9.25,1625449482.0,64.0
-15.12,1625449482.0,64.0
-21.21,1625449482.0,64.0
-27.57,1625449482.0,64.0
-34.23,1625449482.0,64.0
-41.27,1625449482.0,64.0
-48.76,1625449482.0,64.0
-56.72,1625449482.0,64.0
-64.87,1625449482.0,64.0
-72.57,1625449482.0,64.0
-78.77,1625449482.0,64.0
-82.27,1625449482.0,64.0
-82.04,1625449482.0,64.0
-77.56,1625449482.0,64.0
-68.98,1625449482.0,64.0
-57.03,1625449482.0,64.0
-42.73,1625449482.0,64.0
-27.09,1625449482.0,64.0
-10.96,1625449482.0,64.0
5.01,1625449482.0,64.0
20.19,1625449482.0,64.0
33.85,1625449482.0,64.0
45.21,1625449482.0,64.0
53.63,1625449482.0,64.0
58.91,1625449482.0,64.0
61.41,1625449482.0,64.0
61.98,1625449482.0,64.0
61.67,1625449482.0,64.0
61.36,1625449482.0,64.0
61.45,1625449482.0,64.0
61.85,1625449482.0,64.0
62.1,1625449482.0,64.0
61.64,1625449482.0,64.0
60.07,1625449482.0,64.0
57.28,1625449482.0,64.0
53.45,1625449482.0,64.0
48.86,1625449482.0,64.0
43.82,1625449482.0,64.0
38.48,1625449482.0,64.0
32.92,1625449482.0,64.0
27.11,1625449482.0,64.0
21.1,1625449482.0,64.0
14.98,1625449482.0,64.0
8.91,1625449482.0,64.0
3.0,1625449482.0,64.0
-2.81,1625449482.0,64.0
-8.73,1625449482.0,64.0
-15.12,1625449482.0,64.0
-22.19,1625449482.0,64.0
-29.95,1625449482.0,64.0
-38.09,1625449482.0,64.0
-46.18,1625449482.0,64.0
-53.79,1625449482.0,64.0
-60.79,1625449482.0,64.0
-67.25,1625449482.0,64.0
-73.24,1625449482.0,64.0
-78.56,1625449482.0,64.0
-82.51,1625449482.0,64.0
-84.05,1625449482.0,64.0
-82.11,1625449482.0,64.0
-76.03,1625449482.0,64.0
-65.88,1625449482.0,64.0
-52.4,1625449482.0,64.0
-36.75,1625449482.0,64.0
-20.04,1625449482.0,64.0
-3.13,1625449482.0,64.0
13.37,1625449482.0,64.0
28.89,1625449482.0,64.0
42.74,1625449482.0,64.0
54.12,1625449482.0,64.0
62.33,1625449482.0,64.0
67.2,1625449482.0,64.0
69.16,1625449482.0,64.0
69.24,1625449482.0,64.0
68.56,1625449482.0,64.0
68.02,1625449482.0,64.0
67.95,1625449482.0,64.0
68.12,1625449482.0,64.0
68.04,1625449482.0,64.0
67.17,1625449482.0,64.0
65.25,1625449482.0,64.0
62.27,1625449482.0,64.0
58.43,1625449482.0,64.0
53.94,1625449482.0,64.0
49.01,1625449482.0,64.0
43.78,1625449482.0,64.0
38.3,1625449482.0,64.0
32.64,1625449482.0,64.0
26.83,1625449482.0,64.0
20.92,1625449482.0,64.0
15.02,1625449482.0,64.0
9.22,1625449482.0,64.0
3.63,1625449482.0,64.0
-1.72,1625449482.0,64.0
-6.88,1625449482.0,64.0
-12.0,1625449482.0,64.0
-17.3,1625449482.0,64.0
-22.91,1625449482.0,64.0
-28.88,1625449482.0,64.0
-35.24,1625449482.0,64.0
-41.96,1625449482.0,64.0
-49.08,1625449482.0,64.0
-56.61,1625449482.0,64.0
-64.32,1625449482.0,64.0
-71.69,1625449482.0,64.0
-77.76,1625449482.0,64.0
-81.36,1625449482.0,64.0
-81.36,1625449482.0,64.0
-77.11,1625449482.0,64.0
-68.64,1625449482.0,64.0
-56.65,1625449482.0,64.0
-42.24,1625449482.0,64.0
-26.61,1625449482.0,64.0
-10.74,1625449482.0,64.0
4.61,1625449482.0,64.0
18.8,1625449482.0,64.0
31.22,1625449482.0,64.0
41.25,1625449482.0,64.0
48.48,1625449482.0,64.0
52.83,1625449482.0,64.0
54.77,1625449482.0,64.0
55.18,1625449482.0,64.0
55.04,1625449482.0,64.0
55.13,1625449482.0,64.0
55.76,1625449482.0,64.0
56.71,1625449482.0,64.0
57.44,1625449482.0,64.0
57.4,1625449482.0,64.0
56.2,1625449482.0,64.0
53.74,1625449482.0,64.0
50.19,1625449482.0,64.0
45.79,1625449482.0,64.0
40.81,1625449482.0,64.0
35.49,1625449482.0,64.0
30.03,1625449482.0,64.0
24.59,1625449482.0,64.0
19.33,1625449482.0,64.0
14.32,1625449482.0,64.0
9.56,1625449482.0,64.0
4.96,1625449482.0,64.0
0.37,1625449482.0,64.0
-4.3,1625449482.0,64.0
-9.11,1625449482.0,64.0
-14.04,1625449482.0,64.0
-19.05,1625449482.0,64.0
-24.1,1625449482.0,64.0
-29.21,1625449482.0,64.0
-34.43,1625449482.0,64.0
-39.89,1625449482.0,64.0
-45.78,1625449482.0,64.0
-52.24,1625449482.0,64.0
-59.27,1625449482.0,64.0
-66.52,1625449482.0,64.0
-73.23,1625449482.0,64.0
-78.31,1625449482.0,64.0
-80.54,1625449482.0,64.0
-78.98,1625449482.0,64.0
-73.23,1625449482.0,64.0
-63.54,1625449482.0,64.0
-50.76,1625449482.0,64.0
-35.96,1625449482.0,64.0
-20.27,1625449482.0,64.0
-4.64,1625449482.0,64.0
10.14,1625449482.0,64.0
23.39,1625449482.0,64.0
34.51,1625449482.0,64.0
43.1,1625449482.0,64.0
49.02,1625449482.0,64.0
52.55,1625449482.0,64.0
54.28,1625449482.0,64.0
54.94,1625449482.0,64.0
55.2,1625449482.0,64.0
55.39,1625449482.0,64.0
55.51,1625449482.0,64.0
55.3,1625449482.0,64.0
54.42,1625449482.0,64.0
52.64,1625449482.0,64.0
49.91,1625449482.0,64.0
46.34,1625449482.0,64.0
42.14,1625449482.0,64.0
37.54,1625449482.0,64.0
32.71,1625449482.0,64.0
27.74,1625449482.0,64.0
22.7,1625449482.0,64.0
17.64,1625449482.0,64.0
12.63,1625449482.0,64.0
7.76,1625449482.0,64.0
3.12,1625449482.0,64.0
-1.32,1625449482.0,64.0
-5.64,1625449482.0,64.0
-10.0,1625449482.0,64.0
-14.51,1625449482.0,64.0
-19.25,1625449482.0,64.0
-24.22,1625449482.0,64.0
-29.41,1625449482.0,64.0
-34.82,1625449482.0,64.0
-40.5,1625449482.0,64.0
-46.56,1625449482.0,64.0
-53.08,1625449482.0,64.0
-60.15,1625449482.0,64.0
-67.68,1625449482.0,64.0
-75.37,1625449482.0,64.0
-82.55,1625449482.0,64.0
-88.24,1625449482.0,64.0
-91.29,1625449482.0,64.0
-90.75,1625449482.0,64.0
-86.14,1625449482.0,64.0
-77.63,1625449482.0,64.0
-65.97,1625449482.0,64.0
-52.2,1625449482.0,64.0
-37.34,1625449482.0,64.0
-22.18,1625449482.0,64.0
-7.34,1625449482.0,64.0
6.55,1625449482.0,64.0
18.75,1625449482.0,64.0
28.49,1625449482.0,64.0
35.22,1625449482.0,64.0
38.9,1625449482.0,64.0
40.09,1625449482.0,64.0
39.85,1625449482.0,64.0
39.28,1625449482.0,64.0
39.2,1625449482.0,64.0
39.86,1625449482.0,64.0
41.0,1625449482.0,64.0
42.02,1625449482.0,64.0
42.37,1625449482.0,64.0
41.66,1625449482.0,64.0
39.82,1625449482.0,64.0
37.0,1625449482.0,64.0
33.44,1625449482.0,64.0
29.37,1625449482.0,64.0
24.96,1625449482.0,64.0
20.37,1625449482.0,64.0
15.69,1625449482.0,64.0
11.07,1625449482.0,64.0
6.67,1625449482.0,64.0
2.61,1625449482.0,64.0
-1.08,1625449482.0,64.0
-4.49,1625449482.0,64.0
-7.83,1625449482.0,64.0
-11.27,1625449482.0,64.0
-14.88,1625449482.0,64.0
-18.63,1625449482.0,64.0
-22.36,1625449482.0,64.0
-25.95,1625449482.0,64.0
-29.39,1625449482.0,64.0
-32.86,1625449482.0,64.0
-36.69,1625449482.0,64.0
-41.22,1625449482.0,64.0
-46.64,1625449482.0,64.0
-52.78,1625449482.0,64.0
-59.09,1625449482.0,64.0
-64.6,1625449482.0,64.0
-68.16,1625449482.0,64.0
-68.74,1625449482.0,64.0
-65.68,1625449482.0,64.0
-58.93,1625449482.0,64.0
-49.05,1625449482.0,64.0
-37.02,1625449482.0,64.0
-23.92,1625449482.0,64.0
-10.69,1625449482.0,64.0
1.92,1625449482.0,64.0
13.33,1625449482.0,64.0
23.08,1625449482.0,64.0
30.84,1625449482.0,64.0
36.43,1625449482.0,64.0
40.01,1625449482.0,64.0
42.07,1625449482.0,64.0
43.37,1625449482.0,64.0
44.67,1625449482.0,64.0
46.49,1625449482.0,64.0
48.9,1625449482.0,64.0
51.53,1625449482.0,64.0
53.83,1625449482.0,64.0
55.27,1625449482.0,64.0
55.57,1625449482.0,64.0
54.78,1625449482.0,64.0
53.13,1625449482.0,64.0
50.9,1625449482.0,64.0
48.25,1625449482.0,64.0
45.18,1625449482.0,64.0
41.63,1625449482.0,64.0
37.58,1625449482.0,64.0
33.08,1625449482.0,64.0
28.35,1625449482.0,64.0
23.57,1625449482.0,64.0
18.85,1625449482.0,64.0
14.21,1625449482.0,64.0
9.6,1625449482.0,64.0
4.91,1625449482.0,64.0
0.04,1625449482.0,64.0
-5.09,1625449482.0,64.0
-10.52,1625449482.0,64.0
-16.28,1625449482.0,64.0
-22.36,1625449482.0,64.0
-28.75,1625449482.0,64.0
-35.36,1625449482.0,64.0
-41.92,1625449482.0,64.0
-47.96,1625449482.0,64.0
-52.76,1625449482.0,64.0
-55.48,1625449482.0,64.0
-55.36,1625449482.0,64.0
-51.98,1625449482.0,64.0
-45.43,1625449482.0,64.0
-36.28,1625449482.0,64.0
-25.42,1625449482.0,64.0
-13.79,1625449482.0,64.0
-2.14,1625449482.0,64.0
8.97,1625449482.0,64.0
19.06,1625449482.0,64.0
27.66,1625449482.0,64.0
34.26,1625449482.0,64.0
38.48,1625449482.0,64.0
40.31,1625449482.0,64.0
40.21,1625449482.0,64.0
39.02,1625449482.0,64.0
37.65,1625449482.0,64.0
36.75,1625449482.0,64.0
36.51,1625449482.0,64.0
36.63,1625449482.0,64.0
36.56,1625449482.0,64.0
35.81,1625449482.0,64.0
34.15,1625449482.0,64.0
31.61,1625449482.0,64.0
28.36,1625449482.0,64.0
24.58,1625449482.0,64.0
20.35,1625449482.0,64.0
15.73,1625449482.0,64.0
10.77,1625449482.0,64.0
5.6,1625449482.0,64.0
0.46,1625449482.0,64.0
-4.45,1625449482.0,64.0
-9.0,1625449482.0,64.0
-13.24,1625449482.0,64.0
-17.33,1625449482.0,64.0
-21.5,1625449482.0,64.0
-25.98,1625449482.0,64.0
-30.94,1625449482.0,64.0
-36.47,1625449482.0,64.0
-42.65,1625449482.0,64.0
-49.53,1625449482.0,64.0
-57.06,1625449482.0,64.0
-65.03,1625449482.0,64.0
-72.88,1625449482.0,64.0
-79.76,1625449482.0,64.0
-84.63,1625449482.0,64.0
-86.48,1625449482.0,64.0
-84.68,1625449482.0,64.0
-79.11,1625449482.0,64.0
-70.19,1625449482.0,64.0
-58.66,1625449482.0,64.0
-45.39,1625449482.0,64.0
-31.12,1625449482.0,64.0
-16.47,1625449482.0,64.0
-2.08,1625449482.0,64.0
11.34,1625449482.0,64.0
22.92,1625449482.0,64.0
31.93,1625449482.0,64.0
38.0,1625449482.0,64.0
41.42,1625449482.0,64.0
42.99,1625449482.0,64.0
43.8,1625449482.0,64.0
44.74,1625449482.0,64.0
46.15,1625449482.0,64.0
47.76,1625449482.0,64.0
48.92,1625449482.0,64.0
49.03,1625449482.0,64.0
47.77,1625449482.0,64.0
45.29,1625449482.0,64.0
42.02,1625449482.0,64.0
38.43,1625449482.0,64.0
34.79,1625449482.0,64.0
31.13,1625449482.0,64.0
27.25,1625449482.0,64.0
22.92,1625449482.0,64.0
18.02,1625449482.0,64.0
12.57,1625449482.0,64.0
6.79,1625449482.0,64.0
0.94,1625449482.0,64.0
-4.76,1625449482.0,64.0
-10.24,1625449482.0,64.0
-15.66,1625449482.0,64.0
-21.26,1625449482.0,64.0
-27.3,1625449482.0,64.0
-33.94,1625449482.0,64.0
-41.21,1625449482.0,64.0
-49.06,1625449482.0,64.0
-57.36,1625449482.0,64.0
-65.89,1625449482.0,64.0
-74.21,1625449482.0,64.0
-81.54,1625449482.0,64.0
-86.79,1625449482.0,64.0
-88.81,1625449482.0,64.0
-86.73,1625449482.0,64.0
-80.25,1625449482.0,64.0
-69.78,1625449482.0,64.0
-56.22,1625449482.0,64.0
-40.73,1625449482.0,64.0
-24.29,1625449482.0,64.0
-7.7,1625449482.0,64.0
8.43,1625449482.0,64.0
23.45,1625449482.0,64.0
36.65,1625449482.0,64.0
47.34,1625449482.0,64.0
55.05,1625449482.0,64.0
59.82,1625449482.0,64.0
62.13,1625449482.0,64.0
62.85,1625449482.0,64.0
62.82,1625449482.0,64.0
62.64,1625449482.0,64.0
62.51,1625449482.0,64.0
62.29,1625449482.0,64.0
61.7,1625449482.0,64.0
60.46,1625449482.0,64.0
58.47,1625449482.0,64.0
55.75,1625449482.0,64.0
52.45,1625449482.0,64.0
48.73,1625449482.0,64.0
44.69,1625449482.0,64.0
40.33,1625449482.0,64.0
35.57,1625449482.0,64.0
30.27,1625449482.0,64.0
24.34,1625449482.0,64.0
17.79,1625449482.0,64.0
10.81,1625449482.0,64.0
3.75,1625449482.0,64.0
-3.05,1625449482.0,64.0
-9.33,1625449482.0,64.0
-15.05,1625449482.0,64.0
-20.44,1625449482.0,64.0
-25.86,1625449482.0,64.0
-31.63,1625449482.0,64.0
-37.98,1625449482.0,64.0
-44.95,1625449482.0,64.0
-52.51,1625449482.0,64.0
-60.54,1625449482.0,64.0
-68.77,1625449482.0,64.0
-76.62,1625449482.0,64.0
-83.19,1625449482.0,64.0
-87.25,1625449482.0,64.0
-87.6,1625449482.0,64.0
-83.51,1625449482.0,64.0
-74.91,1625449482.0,64.0
-62.53,1625449482.0,64.0
-47.54,1625449482.0,64.0
-31.2,1625449482.0,64.0
-14.5,1625449482.0,64.0
1.9,1625449482.0,64.0
17.49,1625449482.0,64.0
31.78,1625449482.0,64.0
44.13,1625449482.0,64.0
53.94,1625449482.0,64.0
60.86,1625449482.0,64.0
64.99,1625449482.0,64.0
66.87,1625449482.0,64.0
67.37,1625449482.0,64.0
67.32,1625449482.0,64.0
67.26,1625449482.0,64.0
67.34,1625449482.0,64.0
67.34,1625449482.0,64.0
66.88,1625449482.0,64.0
65.66,1625449482.0,64.0
63.54,1625449482.0,64.0
60.6,1625449482.0,64.0
57.02,1625449482.0,64.0
52.99,1625449482.0,64.0
48.61,1625449482.0,64.0
43.97,1625449482.0,64.0
39.12,1625449482.0,64.0
34.15,1625449482.0,64.0
29.15,1625449482.0,64.0
24.13,1625449482.0,64.0
19.07,1625449482.0,64.0
13.82,1625449482.0,64.0
8.26,1625449482.0,64.0
2.33,1625449482.0,64.0
-3.91,1625449482.0,64.0
-10.3,1625449482.0,64.0
-16.66,1625449482.0,64.0
-22.88,1625449482.0,64.0
-28.95,1625449482.0,64.0
-34.98,1625449482.0,64.0
-41.15,1625449482.0,64.0
-47.67,1625449482.0,64.0
-54.71,1625449482.0,64.0
-62.25,1625449482.0,64.0
-69.95,1625449482.0,64.0
-77.11,1625449482.0,64.0
-82.73,1625449482.0,64.0
-85.64,1625449482.0,64.0
-84.88,1625449482.0,64.0
-79.95,1625449482.0,64.0
-70.93,1625449482.0,64.0
-58.48,1625449482.0,64.0
-43.52,1625449482.0,64.0
-27.04,1625449482.0,64.0
-9.88,1625449482.0,64.0
7.27,1625449482.0,64.0
23.63,1625449482.0,64.0
38.34,1625449482.0,64.0
50.49,1625449482.0,64.0
59.41,1625449482.0,64.0
64.87,1625449482.0,64.0
67.29,1625449482.0,64.0
67.56,1625449482.0,64.0
66.72,1625449482.0,64.0
65.63,1625449482.0,64.0
64.65,1625449482.0,64.0
63.72,1625449482.0,64.0
62.56,1625449482.0,64.0
60.9,1625449482.0,64.0
58.67,1625449482.0,64.0
55.98,1625449482.0,64.0
52.99,1625449482.0,64.0
49.75,1625449482.0,64.0
46.21,1625449482.0,64.0
42.26,1625449482.0,64.0
37.85,1625449482.0,64.0
33.08,1625449482.0,64.0
28.14,1625449482.0,64.0
23.29,1625449482.0,64.0
18.68,1625449482.0,64.0
14.38,1625449482.0,64.0
10.25,1625449482.0,64.0
6.1,1625449482.0,64.0
1.74,1625449482.0,64.0
-2.94,1625449482.0,64.0
-7.89,1625449482.0,64.0
-12.99,1625449482.0,64.0
-18.05,1625449482.0,64.0
-22.98,1625449482.0,64.0
-27.81,1625449482.0,64.0
-32.71,1625449482.0,64.0
-37.88,1625449482.0,64.0
-43.5,1625449482.0,64.0
-49.63,1625449482.0,64.0
-56.23,1625449482.0,64.0
-63.11,1625449482.0,64.0
-69.95,1625449482.0,64.0
-76.18,1625449482.0,64.0
-81.05,1625449482.0,64.0
-83.62,1625449482.0,64.0
-83.07,1625449482.0,64.0
-78.86,1625449482.0,64.0
-70.97,1625449482.0,64.0
-59.83,1625449482.0,64.0
-46.17,1625449482.0,64.0
-30.83,1625449482.0,64.0
-14.61,1625449482.0,64.0
1.73,1625449482.0,64.0
17.36,1625449482.0,64.0
31.37,1625449482.0,64.0
42.89,1625449482.0,64.0
51.31,1625449482.0,64.0
56.55,1625449482.0,64.0
59.11,1625449482.0,64.0
59.92,1625449482.0,64.0
59.95,1625449482.0,64.0
59.91,1625449482.0,64.0
59.97,1625449482.0,64.0
59.89,1625449482.0,64.0
59.23,1625449482.0,64.0
57.64,1625449482.0,64.0
55.05,1625449482.0,64.0
51.65,1625449482.0,64.0
47.76,1625449482.0,64.0
43.64,1625449482.0,64.0
39.43,1625449482.0,64.0
35.09,1625449482.0,64.0
30.54,1625449482.0,64.0
25.76,1625449482.0,64.0
20.8,1625449482.0,64.0
15.84,1625449482.0,64.0
11.02,1625449482.0,64.0
6.45,1625449482.0,64.0
2.16,1625449482.0,64.0
-2.0,1625449482.0,64.0
-6.22,1625449482.0,64.0
-10.71,1625449482.0,64.0
-15.56,1625449482.0,64.0
-20.73,1625449482.0,64.0
-26.04,1625449482.0,64.0
-31.22,1625449482.0,64.0
-36.04,1625449482.0,64.0
-40.39,1625449482.0,64.0
-44.33,1625449482.0,64.0
-48.02,1625449482.0,64.0
-51.7,1625449482.0,64.0
-55.56,1625449482.0,64.0
-59.8,1625449482.0,64.0
-64.52,1625449482.0,64.0
-69.81,1625449482.0,64.0
-75.57,1625449482.0,64.0
-81.45,1625449482.0,64.0
-86.71,1625449482.0,64.0
-90.3,1625449482.0,64.0
-91.09,1625449482.0,64.0
-88.22,1625449482.0,64.0
-81.38,1625449482.0,64.0
-70.95,1625449482.0,64.0
-57.83,1625449482.0,64.0
-43.21,1625449482.0,64.0
-28.19,1625449482.0,64.0
-13.66,1625449482.0,64.0
-0.23,1625449482.0,64.0
11.57,1625449482.0,64.0
21.26,1625449482.0,64.0
28.47,1625449482.0,64.0
33.12,1625449482.0,64.0
35.57,1625449482.0,64.0
36.55,1625449482.0,64.0
37.02,1625449482.0,64.0
37.79,1625449482.0,64.0
39.2,1625449482.0,64.0
41.06,1625449482.0,64.0
42.81,1625449482.0,64.0
43.83,1625449482.0,64.0
43.75,1625449482.0,64.0
42.53,1625449482.0,64.0
40.41,1625449482.0,64.0
37.71,1625449482.0,64.0
34.64,1625449482.0,64.0
31.28,1625449482.0,64.0
27.62,1625449482.0,64.0
23.67,1625449482.0,64.0
19.56,1625449482.0,64.0
15.52,1625449482.0,64.0
11.82,1625449482.0,64.0
8.62,1625449482.0,64.0
5.94,1625449482.0,64.0
3.61,1625449482.0,64.0
1.37,1625449482.0,64.0
-1.07,1625449482.0,64.0
-3.92,1625449482.0,64.0
-7.25,1625449482.0,64.0
-10.96,1625449482.0,64.0
-14.87,1625449482.0,64.0
-18.78,1625449482.0,64.0
-22.54,1625449482.0,64.0
-26.14,1625449482.0,64.0
-29.61,1625449482.0,64.0
-33.06,1625449482.0,64.0
-36.54,1625449482.0,64.0
-40.14,1625449482.0,64.0
-43.95,1625449482.0,64.0
-48.07,1625449482.0,64.0
-52.57,1625449482.0,64.0
-57.24,1625449482.0,64.0
-61.53,1625449482.0,64.0
-64.51,1625449482.0,64.0
-65.06,1625449482.0,64.0
-62.21,1625449482.0,64.0
-55.53,1625449482.0,64.0
-45.3,1625449482.0,64.0
-32.44,1625449482.0,64.0
-18.17,1625449482.0,64.0
-3.68,1625449482.0,64.0
10.15,1625449482.0,64.0
22.72,1625449482.0,64.0
33.63,1625449482.0,64.0
42.56,1625449482.0,64.0
49.26,1625449482.0,64.0
53.72,1625449482.0,64.0
56.25,1625449482.0,64.0
57.46,1625449482.0,64.0
58.03,1625449482.0,64.0
58.52,1625449482.0,64.0
59.14,1625449482.0,64.0
59.75,1625449482.0,64.0
60.03,1625449482.0,64.0
59.67,1625449482.0,64.0
58.55,1625449482.0,64.0
56.7,1625449482.0,64.0
54.25,1625449482.0,64.0
51.3,1625449482.0,64.0
47.91,1625449482.0,64.0
44.06,1625449482.0,64.0
39.77,1625449482.0,64.0
35.1,1625449482.0,64.0
30.19,1625449482.0,64.0
25.23,1625449482.0,64.0
20.35,1625449482.0,64.0
15.58,1625449482.0,64.0
10.86,1625449482.0,64.0
6.03,1625449482.0,64.0
1.0,1625449482.0,64.0
-4.26,1625449482.0,64.0
-9.65,1625449482.0,64.0
-15.02,1625449482.0,64.0
-20.23,1625449482.0,64.0
-25.27,1625449482.0,64.0
-30.27,1625449482.0,64.0
-35.41,1625449482.0,64.0
-40.88,1625449482.0,64.0
-46.79,1625449482.0,64.0
-53.19,1625449482.0,64.0
-60.05,1625449482.0,64.0
-67.2,1625449482.0,64.0
-74.21,1625449482.0,64.0
-80.32,1625449482.0,64.0
-84.54,1625449482.0,64.0
-85.84,1625449482.0,64.0
-83.52,1625449482.0,64.0
-77.47,1625449482.0,64.0
-68.23,1625449482.0,64.0
-56.74,1625449482.0,64.0
-44.03,1625449482.0,64.0
-30.91,1625449482.0,64.0
-17.84,1625449482.0,64.0
-5.12,1625449482.0,64.0
6.9,1625449482.0,64.0
17.68,1625449482.0,64.0
26.52,1625449482.0,64.0
32.93,1625449482.0,64.0
36.86,1625449482.0,64.0
38.82,1625449482.0,64.0
39.68,1625449482.0,64.0
40.34,1625449482.0,64.0
41.32,1625449482.0,64.0
42.72,1625449482.0,64.0
44.21,1625449482.0,64.0
45.36,1625449482.0,64.0
45.88,1625449482.0,64.0
45.69,1625449482.0,64.0
44.86,1625449482.0,64.0
43.47,1625449482.0,64.0
41.47,1625449482.0,64.0
38.72,1625449482.0,64.0
35.14,1625449482.0,64.0
30.77,1625449482.0,64.0
25.88,1625449482.0,64.0
20.84,1625449482.0,64.0
15.97,1625449482.0,64.0
11.41,1625449482.0,64.0
7.04,1625449482.0,64.0
2.63,1625449482.0,64.0
-2.16,1625449482.0,64.0
-7.51,1625449482.0,64.0
-13.41,1625449482.0,64.0
-19.61,1625449482.0,64.0
-25.77,1625449482.0,64.0
-31.56,1625449482.0,64.0
-36.82,1625449482.0,64.0
-41.69,1625449482.0,64.0
-46.48,1625449482.0,64.0
-51.67,1625449482.0,64.0
-57.68,1625449482.0,64.0
-64.74,1625449482.0,64.0
-72.8,1625449482.0,64.0
-81.42,1625449482.0,64.0
-89.81,1625449482.0,64.0
-96.88,1625449482.0,64.0
-101.43,1625449482.0,64.0
-102.43,1625449482.0,64.0
-99.28,1625449482.0,64.0
-92.01,1625449482.0,64.0
-81.22,1625449482.0,64.0
-67.86,1625449482.0,64.0
-52.95,1625449482.0,64.0
-37.31,1625449482.0,64.0
-21.5,1625449482.0,64.0
-5.93,1625449482.0,64.0
8.95,1625449482.0,64.0
22.57,1625449482.0,64.0
34.25,1625449482.0,64.0
43.46,1625449482.0,64.0
50.03,1625449482.0,64.0
54.25,1625449482.0,64.0
56.75,1625449482.0,64.0
58.31,1625449482.0,64.0
59.52,1625449482.0,64.0
60.62,1625449482.0,64.0
61.53,1625449482.0,64.0
61.93,1625449482.0,64.0
61.61,1625449482.0,64.0
60.5,1625449482.0,64.0
58.81,1625449482.0,64.0
56.8,1625449482.0,64.0
54.69,1625449482.0,64.0
52.43,1625449482.0,64.0
49.75,1625449482.0,64.0
46.32,1625449482.0,64.0
41.96,1625449482.0,64.0
36.78,1625449482.0,64.0
31.16,1625449482.0,64.0
25.57,1625449482.0,64.0
20.37,1625449482.0,64.0
15.65,1625449482.0,64.0
11.18,1625449482.0,64.0
6.61,1625449482.0,64.0
1.63,1625449482.0,64.0
-3.86,1625449482.0,64.0
-9.71,1625449482.0,64.0
-15.64,1625449482.0,64.0
-21.38,1625449482.0,64.0
-26.89,1625449482.0,64.0
-32.28,1625449482.0,64.0
-37.89,1625449482.0,64.0
-44.04,1625449482.0,64.0
-51.02,1625449482.0,64.0
-58.94,1625449482.0,64.0
-67.64,1625449482.0,64.0
-76.75,1625449482.0,64.0
-85.55,1625449482.0,64.0
-93.05,1625449482.0,64.0
-98.15,1625449482.0,64.0
-99.79,1625449482.0,64.0
-97.29,1625449482.0,64.0
-90.49,1625449482.0,64.0
-79.87,1625449482.0,64.0
-66.32,1625449482.0,64.0
-50.9,1625449482.0,64.0
-34.52,1625449482.0,64.0
-17.86,1625449482.0,64.0
-1.46,1625449482.0,64.0
14.12,1625449482.0,64.0
28.22,1625449482.0,64.0
40.15,1625449482.0,64.0
49.38,1625449482.0,64.0
55.82,1625449482.0,64.0
59.92,1625449482.0,64.0
62.51,1625449482.0,64.0
64.52,1625449482.0,64.0
66.53,1625449482.0,64.0
68.66,1625449482.0,64.0
70.55,1625449482.0,64.0
71.69,1625449482.0,64.0
71.68,1625449482.0,64.0
70.47,1625449482.0,64.0
68.32,1625449482.0,64.0
65.63,1625449482.0,64.0
62.66,1625449482.0,64.0
59.46,1625449482.0,64.0
55.85,1625449482.0,64.0
51.6,1625449482.0,64.0
46.61,1625449482.0,64.0
41.0,1625449482.0,64.0
35.11,1625449482.0,64.0
29.38,1625449482.0,64.0
24.18,1625449482.0,64.0
19.61,1625449482.0,64.0
15.49,1625449482.0,64.0
11.44,1625449482.0,64.0
7.05,1625449482.0,64.0
2.04,1625449482.0,64.0
-3.59,1625449482.0,64.0
-9.58,1625449482.0,64.0
-15.55,1625449482.0,64.0
-21.17,1625449482.0,64.0
-26.36,1625449482.0,64.0
-31.29,1625449482.0,64.0
-36.31,1625449482.0,64.0
-41.83,1625449482.0,64.0
-48.13,1625449482.0,64.0
-55.37,1625449482.0,64.0
-63.49,1625449482.0,64.0
-72.14,1625449482.0,64.0
-80.71,1625449482.0,64.0
-88.26,1625449482.0,64.0
-93.63,1625449482.0,64.0
-95.65,1625449482.0,64.0
-93.53,1625449482.0,64.0
-87.06,1625449482.0,64.0
-76.71,1625449482.0,64.0
-63.49,1625449482.0,64.0
-48.56,1625449482.0,64.0
-32.94,1625449482.0,64.0
-17.28,1625449482.0,64.0
-2.02,1625449482.0,64.0
12.47,1625449482.0,64.0
25.62,1625449482.0,64.0
36.79,1625449482.0,64.0
45.45,1625449482.0,64.0
51.48,1625449482.0,64.0
55.31,1625449482.0,64.0
57.79,1625449482.0,64.0
59.84,1625449482.0,64.0
62.09,1625449482.0,64.0
64.66,1625449482.0,64.0
67.2,1625449482.0,64.0
69.19,1625449482.0,64.0
70.16,1625449482.0,64.0
69.94,1625449482.0,64.0
68.64,1625449482.0,64.0
66.49,1625449482.0,64.0
63.64,1625449482.0,64.0
60.16,1625449482.0,64.0
55.99,1625449482.0,64.0
51.15,1625449482.0,64.0
45.74,1625449482.0,64.0
40.06,1625449482.0,64.0
34.44,1625449482.0,64.0
29.2,1625449482.0,64.0
24.46,1625449482.0,64.0
20.14,1625449482.0,64.0
15.99,1625449482.0,64.0
11.68,1625449482.0,64.0
6.92,1625449482.0,64.0
1.63,1625449482.0,64.0
-4.07,1625449482.0,64.0
-9.94,1625449482.0,64.0
-15.65,1625449482.0,64.0
-20.99,1625449482.0,64.0
-25.94,1625449482.0,64.0
-30.69,1625449482.0,64.0
-35.58,1625449482.0,64.0
-40.99,1625449482.0,64.0
-47.15,1625449482.0,64.0
-54.15,1625449482.0,64.0
-61.88,1625449482.0,64.0
-70.0,1625449482.0,64.0
-77.93,1625449482.0,64.0
-84.75,1625449482.0,64.0
-89.4,1625449482.0,64.0
-90.78,1625449482.0,64.0
-88.16,1625449482.0,64.0
-81.35,1625449482.0,64.0
-70.83,1625449482.0,64.0
-57.57,1625449482.0,64.0
-42.69,1625449482.0,64.0
-27.19,1625449482.0,64.0
-11.8,1625449482.0,64.0
2.94,1625449482.0,64.0
16.52,1625449482.0,64.0
28.33,1625449482.0,64.0
37.77,1625449482.0,64.0
44.45,1625449482.0,64.0
48.46,1625449482.0,64.0
50.4,1625449482.0,64.0
51.22,1625449482.0,64.0
51.88,1625449482.0,64.0
52.96,1625449482.0,64.0
54.51,1625449482.0,64.0
56.12,1625449482.0,64.0
57.18,1625449482.0,64.0
57.2,1625449482.0,64.0
56.06,1625449482.0,64.0
53.91,1625449482.0,64.0
51.03,1625449482.0,64.0
47.66,1625449482.0,64.0
43.84,1625449482.0,64.0
39.51,1625449482.0,64.0
34.58,1625449482.0,64.0
29.13,1625449482.0,64.0
23.37,1625449482.0,64.0
17.66,1625449482.0,64.0
12.33,1625449482.0,64.0
7.58,1625449482.0,64.0
3.44,1625449482.0,64.0
-0.23,1625449482.0,64.0
-3.73,1625449482.0,64.0
-7.35,1625449482.0,64.0
-11.32,1625449482.0,64.0
-15.67,1625449482.0,64.0
-20.3,1625449482.0,64.0
-24.96,1625449482.0,64.0
-29.44,1625449482.0,64.0
-33.66,1625449482.0,64.0
-37.73,1625449482.0,64.0
-41.94,1625449482.0,64.0
-46.56,1625449482.0,64.0
-51.84,1625449482.0,64.0
-57.82,1625449482.0,64.0
-64.33,1625449482.0,64.0
-70.93,1625449482.0,64.0
-76.88,1625449482.0,64.0
-81.25,1625449482.0,64.0
-83.07,1625449482.0,64.0
-81.56,1625449482.0,64.0
-76.37,1625449482.0,64.0
-67.7,1625449482.0,64.0
-56.24,1625449482.0,64.0
-42.97,1625449482.0,64.0
-28.86,1625449482.0,64.0
-14.76,1625449482.0,64.0
-1.29,1625449482.0,64.0
11.03,1625449482.0,64.0
21.7,1625449482.0,64.0
30.36,1625449482.0,64.0
36.8,1625449482.0,64.0
41.19,1625449482.0,64.0
43.97,1625449482.0,64.0
45.78,1625449482.0,64.0
47.18,1625449482.0,64.0
48.48,1625449482.0,64.0
49.69,1625449482.0,64.0
50.61,1625449482.0,64.0
50.98,1625449482.0,64.0
50.63,1625449482.0,64.0
49.55,1625449482.0,64.0
47.79,1625449482.0,64.0
45.41,1625449482.0,64.0
42.46,1625449482.0,64.0
38.96,1625449482.0,64.0
34.98,1625449482.0,64.0
30.7,1625449482.0,64.0
26.36,1625449482.0,64.0
22.17,1625449482.0,64.0
18.3,1625449482.0,64.0
14.77,1625449482.0,64.0
11.51,1625449482.0,64.0
8.43,1625449482.0,64.0
5.48,1625449482.0,64.0
2.66,1625449482.0,64.0
-0.04,1625449482.0,64.0
-2.57,1625449482.0,64.0
-4.93,1625449482.0,64.0
-7.17,1625449482.0,64.0
-9.38,1625449482.0,64.0
-11.72,1625449482.0,64.0
-14.39,1625449482.0,64.0
-17.66,1625449482.0,64.0
-21.74,1625449482.0,64.0
-26.7,1625449482.0,64.0
-32.3,1625449482.0,64.0
-37.96,1625449482.0,64.0
-42.72,1625449482.0,64.0
-45.48,1625449482.0,64.0
-45.32,1625449482.0,64.0
-41.75,1625449482.0,64.0
-34.89,1625449482.0,64.0
-25.38,1625449482.0,64.0
-14.22,1625449482.0,64.0
-2.4,1625449482.0,64.0
9.25,1625449482.0,64.0
20.17,1625449482.0,64.0
29.92,1625449482.0,64.0
38.19,1625449482.0,64.0
44.64,1625449482.0,64.0
49.11,1625449482.0,64.0
51.7,1625449482.0,64.0
52.82,1625449482.0,64.0
53.19,1625449482.0,64.0
53.49,1625449482.0,64.0
54.2,1625449482.0,64.0
55.41,1625449482.0,64.0
56.79,1625449482.0,64.0
57.85,1625449482.0,64.0
58.05,1625449482.0,64.0
57.08,1625449482.0,64.0
54.85,1625449482.0,64.0
51.52,1625449482.0,64.0
47.32,1625449482.0,64.0
42.55,1625449482.0,64.0
37.41,1625449482.0,64.0
32.11,1625449482.0,64.0
26.76,1625449482.0,64.0
21.42,1625449482.0,64.0
16.15,1625449482.0,64.0
10.92,1625449482.0,64.0
5.73,1625449482.0,64.0
0.55,1625449482.0,64.0
-4.6,1625449482.0,64.0
-9.75,1625449482.0,64.0
-14.91,1625449482.0,64.0
-20.09,1625449482.0,64.0
-25.35,1625449482.0,64.0
-30.73,1625449482.0,64.0
-36.33,1625449482.0,64.0
-42.23,1625449482.0,64.0
-48.53,1625449482.0,64.0
-55.23,1625449482.0,64.0
-62.22,1625449482.0,64.0
-69.15,1625449482.0,64.0
-75.35,1625449482.0,64.0
-79.95,1625449482.0,64.0
-81.97,1625449482.0,64.0
-80.69,1625449482.0,64.0
-75.76,1625449482.0,64.0
-67.42,1625449482.0,64.0
-56.31,1625449482.0,64.0
-43.3,1625449482.0,64.0
-29.26,1625449482.0,64.0
-14.91,1625449482.0,64.0
-0.93,1625449482.0,64.0
12.08,1625449482.0,64.0
23.42,1625449482.0,64.0
32.54,1625449482.0,64.0
39.11,1625449482.0,64.0
43.25,1625449482.0,64.0
45.48,1625449482.0,64.0
46.52,1625449482.0,64.0
47.11,1625449482.0,64.0
47.69,1625449482.0,64.0
48.33,1625449482.0,64.0
48.87,1625449482.0,64.0
49.04,1625449482.0,64.0
48.61,1625449482.0,64.0
47.53,1625449482.0,64.0
45.77,1625449482.0,64.0
43.35,1625449482.0,64.0
40.25,1625449482.0,64.0
36.47,1625449482.0,64.0
32.06,1625449482.0,64.0
27.22,1625449482.0,64.0
22.21,1625449482.0,64.0
17.35,1625449482.0,64.0
12.77,1625449482.0,64.0
8.43,1625449482.0,64.0
4.1,1625449482.0,64.0
-0.52,1625449482.0,64.0
-5.61,1625449482.0,64.0
-11.2,1625449482.0,64.0
-17.12,1625449482.0,64.0
-23.19,1625449482.0,64.0
-29.26,1625449482.0,64.0
-35.35,1625449482.0,64.0
-41.53,1625449482.0,64.0
-47.98,1625449482.0,64.0
-54.83,1625449482.0,64.0
-62.19,1625449482.0,64.0
-70.04,1625449482.0,64.0
-78.14,1625449482.0,64.0
-85.92,1625449482.0,64.0
-92.4,1625449482.0,64.0
-96.39,1625449482.0,64.0
-96.77,1625449482.0,64.0
-92.85,1625449482.0,64.0
-84.64,1625449482.0,64.0
-72.87,1625449482.0,64.0
-58.67,1625449482.0,64.0
-43.2,1625449482.0,64.0
-27.38,1625449482.0,64.0
-11.76,1625449482.0,64.0
3.25,1625449482.0,64.0
17.24,1625449482.0,64.0
29.67,1625449482.0,64.0
39.96,1625449482.0,64.0
47.73,1625449482.0,64.0
53.03,1625449482.0,64.0
56.33,1625449482.0,64.0
58.37,1625449482.0,64.0
59.84,1625449482.0,64.0
61.17,1625449482.0,64.0
62.37,1625449482.0,64.0
63.22,1625449482.0,64.0
63.41,1625449482.0,64.0
62.81,1625449482.0,64.0
61.45,1625449482.0,64.0
59.53,1625449482.0,64.0
57.2,1625449482.0,64.0
54.52,1625449482.0,64.0
51.35,1625449482.0,64.0
47.55,1625449482.0,64.0
43.03,1625449482.0,64.0
37.9,1625449482.0,64.0
32.42,1625449482.0,64.0
26.93,1625449482.0,64.0
21.68,1625449482.0,64.0
16.67,1625449482.0,64.0
11.75,1625449482.0,64.0
6.62,1625449482.0,64.0
1.06,1625449482.0,64.0
-4.99,1625449482.0,64.0
-11.39,1625449482.0,64.0
-17.86,1625449482.0,64.0
-24.14,1625449482.0,64.0
-30.1,1625449482.0,64.0
-35.8,1625449482.0,64.0
-41.46,1625449482.0,64.0
-47.41,1625449482.0,64.0
-53.97,1625449482.0,64.0
-61.26,1625449482.0,64.0
-69.19,1625449482.0,64.0
-77.23,1625449482.0,64.0
-84.5,1625449482.0,64.0
-89.79,1625449482.0,64.0
-91.94,1625449482.0,64.0
-90.1,1625449482.0,64.0
-84.06,1625449482.0,64.0
-74.23,1625449482.0,64.0
-61.55,1625449482.0,64.0
-47.1,1625449482.0,64.0
-31.82,1625449482.0,64.0
-16.37,1625449482.0,64.0
-1.16,1625449482.0,64.0
13.42,1625449482.0,64.0
26.85,1625449482.0,64.0
38.51,1625449482.0,64.0
47.81,1625449482.0,64.0
54.48,1625449482.0,64.0
58.73,1625449482.0,64.0
61.17,1625449482.0,64.0
62.6,1625449482.0,64.0
63.67,1625449482.0,64.0
64.64,1625449482.0,64.0
65.36,1625449482.0,64.0
65.48,1625449482.0,64.0
64.68,1625449482.0,64.0
62.91,1625449482.0,64.0
60.38,1625449482.0,64.0
57.36,1625449482.0,64.0
54.0,1625449482.0,64.0
50.27,1625449482.0,64.0
45.96,1625449482.0,64.0
41.01,1625449482.0,64.0
35.52,1625449482.0,64.0
29.83,1625449482.0,64.0
24.36,1625449482.0,64.0
19.44,1625449482.0,64.0
15.13,1625449482.0,64.0
11.22,1625449482.0,64.0
7.4,1625449482.0,64.0
3.31,1625449482.0,64.0
-1.24,1625449482.0,64.0
-6.25,1625449482.0,64.0
-11.59,1625449482.0,64.0
-17.06,1625449482.0,64.0
-22.43,1625449482.0,64.0
-27.62,1625449482.0,64.0
-32.67,1625449482.0,64.0
-37.78,1625449482.0,64.0
-43.3,1625449482.0,64.0
-49.53,1625449482.0,64.0
-56.68,1625449482.0,64.0
-64.71,1625449482.0,64.0
-73.25,1625449482.0,64.0
-81.52,1625449482.0,64.0
-88.48,1625449482.0,64.0
-92.96,1625449482.0,64.0
-93.95,1625449482.0,64.0
-90.91,1625449482.0,64.0
-83.81,1625449482.0,64.0
-73.18,1625449482.0,64.0
-59.9,1625449482.0,64.0
-44.88,1625449482.0,64.0
-28.97,1625449482.0,64.0
-12.81,1625449482.0,64.0
3.06,1625449482.0,64.0
18.05,1625449482.0,64.0
31.47,1625449482.0,64.0
42.64,1625449482.0,64.0
51.09,1625449482.0,64.0
56.79,1625449482.0,64.0
60.21,1625449482.0,64.0
62.12,1625449482.0,64.0
63.36,1625449482.0,64.0
64.53,1625449482.0,64.0
65.76,1625449482.0,64.0
66.83,1625449482.0,64.0
67.27,1625449482.0,64.0
66.73,1625449482.0,64.0
65.08,1625449482.0,64.0
62.44,1625449482.0,64.0
59.09,1625449482.0,64.0
55.27,1625449482.0,64.0
51.1,1625449482.0,64.0
46.52,1625449482.0,64.0
41.46,1625449482.0,64.0
35.91,1625449482.0,64.0
30.02,1625449482.0,64.0
24.11,1625449482.0,64.0
18.52,1625449482.0,64.0
13.48,1625449482.0,64.0
9.01,1625449482.0,64.0
4.9,1625449482.0,64.0
0.78,1625449482.0,64.0
-3.72,1625449482.0,64.0
-8.83,1625449482.0,64.0
-14.56,1625449482.0,64.0
-20.7,1625449482.0,64.0
-26.9,1625449482.0,64.0
-32.86,1625449482.0,64.0
-38.42,1625449482.0,64.0
-43.67,1625449482.0,64.0
-48.84,1625449482.0,64.0
-54.26,1625449482.0,64.0
-60.23,1625449482.0,64.0
-66.92,1625449482.0,64.0
-74.34,1625449482.0,64.0
-82.18,1625449482.0,64.0
-89.85,1625449482.0,64.0
-96.48,1625449482.0,64.0
-100.99,1625449482.0,64.0
-102.37,1625449482.0,64.0
-99.9,1625449482.0,64.0
-93.38,1625449482.0,64.0
-83.12,1625449482.0,64.0
-69.91,1625449482.0,64.0
-54.72,1625449482.0,64.0
-38.47,1625449482.0,64.0
-21.94,1625449482.0,64.0
-5.83,1625449482.0,64.0
9.2,1625449482.0,64.0
22.47,1625449482.0,64.0
33.34,1625449482.0,64.0
41.41,1625449482.0,64.0
46.72,1625449482.0,64.0
49.78,1625449482.0,64.0
51.4,1625449482.0,64.0
52.44,1625449482.0,64.0
53.51,1625449482.0,64.0
54.76,1625449482.0,64.0
55.95,1625449482.0,64.0
56.62,1625449482.0,64.0
56.4,1625449482.0,64.0
55.18,1625449482.0,64.0
53.14,1625449482.0,64.0
50.63,1625449482.0,64.0
47.93,1625449482.0,64.0
45.14,1625449482.0,64.0
42.12,1625449482.0,64.0
38.61,1625449482.0,64.0
34.43,1625449482.0,64.0
29.61,1625449482.0,64.0
24.4,1625449482.0,64.0
19.25,1625449482.0,64.0
14.53,1625449482.0,64.0
10.45,1625449482.0,64.0
6.93,1625449482.0,64.0
3.72,1625449482.0,64.0
0.51,1625449482.0,64.0
-2.93,1625449482.0,64.0
-6.62,1625449482.0,64.0
-10.47,1625449482.0,64.0
-14.34,1625449482.0,64.0
-18.14,1625449482.0,64.0
-21.85,1625449482.0,64.0
-25.56,1625449482.0,64.0
-29.37,1625449482.0,64.0
-33.39,1625449482.0,64.0
-37.73,1625449482.0,64.0
-42.46,1625449482.0,64.0
-47.51,1625449482.0,64.0
-52.61,1625449482.0,64.0
-57.12,1625449482.0,64.0
-60.14,1625449482.0,64.0
-60.64,1625449482.0,64.0
-57.82,1625449482.0,64.0
-51.36,1625449482.0,64.0
-41.55,1625449482.0,64.0
-29.17,1625449482.0,64.0
-15.29,1625449482.0,64.0
-0.94,1625449482.0,64.0
13.06,1625449482.0,64.0
26.12,1625449482.0,64.0
37.8,1625449482.0,64.0
47.69,1625449482.0,64.0
55.49,1625449482.0,64.0
61.06,1625449482.0,64.0
64.55,1625449482.0,64.0
66.43,1625449482.0,64.0
67.3,1625449482.0,64.0
67.8,1625449482.0,64.0
68.28,1625449482.0,64.0
68.81,1625449482.0,64.0
69.17,1625449482.0,64.0
69.01,1625449482.0,64.0
68.06,1625449482.0,64.0
66.21,1625449482.0,64.0
63.49,1625449482.0,64.0
60.02,1625449482.0,64.0
55.92,1625449482.0,64.0
51.26,1625449482.0,64.0
46.12,1625449482.0,64.0
40.67,1625449482.0,64.0
35.11,1625449482.0,64.0
29.75,1625449482.0,64.0
24.81,1625449482.0,64.0
20.35,1625449482.0,64.0
16.23,1625449482.0,64.0
12.2,1625449482.0,64.0
7.95,1625449482.0,64.0
3.31,1625449482.0,64.0
-1.71,1625449482.0,64.0
-6.99,1625449482.0,64.0
-12.37,1625449482.0,64.0
-17.8,1625449482.0,64.0
-23.35,1625449482.0,64.0
-29.19,1625449482.0,64.0
-35.54,1625449482.0,64.0
-42.54,1625449482.0,64.0
-50.2,1625449482.0,64.0
-58.35,1625449482.0,64.0
-66.61,1625449482.0,64.0
-74.3,1625449482.0,64.0
-80.52,1625449482.0,64.0
-84.24,1625449482.0,64.0
-84.61,1625449482.0,64.0
-81.15,1625449482.0,64.0
-74.02,1625449482.0,64.0
-63.88,1625449482.0,64.0
-51.75,1625449482.0,64.0
-38.62,1625449482.0,64.0
-25.23,1625449482.0,64.0
-12.08,1625449482.0,64.0
0.47,1625449482.0,64.0
12.04,1625449482.0,64.0
22.13,1625449482.0,64.0
30.27,1625449482.0,64.0
36.2,1625449482.0,64.0
40.07,1625449482.0,64.0
42.4,1625449482.0,64.0
43.9,1625449482.0,64.0
45.17,1625449482.0,64.0
46.5,1625449482.0,64.0
47.8,1625449482.0,64.0
48.8,1625449482.0,64.0
49.19,1625449482.0,64.0
48.77,1625449482.0,64.0
47.49,1625449482.0,64.0
45.41,1625449482.0,64.0
42.61,1625449482.0,64.0
39.13,1625449482.0,64.0
35.08,1625449482.0,64.0
30.6,1625449482.0,64.0
25.87,1625449482.0,64.0
21.1,1625449482.0,64.0
16.4,1625449482.0,64.0
11.81,1625449482.0,64.0
7.29,1625449482.0,64.0
2.8,1625449482.0,64.0
-1.74,1625449482.0,64.0
-6.35,1625449482.0,64.0
-11.07,1625449482.0,64.0
-15.9,1625449482.0,64.0
-20.84,1625449482.0,64.0
-25.86,1625449482.0,64.0
-30.98,1625449482.0,64.0
-36.33,1625449482.0,64.0
-42.09,1625449482.0,64.0
-48.48,1625449482.0,64.0
-55.65,1625449482.0,64.0
-63.55,1625449482.0,64.0
-71.95,1625449482.0,64.0
-80.33,1625449482.0,64.0
-87.94,1625449482.0,64.0
-93.86,1625449482.0,64.0
-97.18,1625449482.0,64.0
-97.11,1625449482.0,64.0
-93.23,1625449482.0,64.0
-85.59,1625449482.0,64.0
-74.72,1625449482.0,64.0
-61.44,1625449482.0,64.0
-46.64,1625449482.0,64.0
-31.08,1625449482.0,64.0
-15.32,1625449482.0,64.0
0.17,1625449482.0,64.0
14.83,1625449482.0,64.0
27.97,1625449482.0,64.0
38.87,1625449482.0,64.0
47.05,1625449482.0,64.0
52.51,1625449482.0,64.0
55.78,1625449482.0,64.0
57.71,1625449482.0,64.0
59.15,1625449482.0,64.0
60.56,1625449482.0,64.0
61.98,1625449482.0,64.0
63.03,1625449482.0,64.0
63.26,1625449482.0,64.0
62.43,1625449482.0,64.0
60.53,1625449482.0,64.0
57.82,1625449482.0,64.0
54.55,1625449482.0,64.0
50.85,1625449482.0,64.0
46.72,1625449482.0,64.0
42.09,1625449482.0,64.0
36.97,1625449482.0,64.0
31.54,1625449482.0,64.0
26.1,1625449482.0,64.0
20.95,1625449482.0,64.0
16.22,1625449482.0,64.0
11.85,1625449482.0,64.0
7.57,1625449482.0,64.0
3.08,1625449482.0,64.0
-1.81,1625449482.0,64.0
-7.13,1625449482.0,64.0
-12.73,1625449482.0,64.0
-18.37,1625449482.0,64.0
-23.9,1625449482.0,64.0
-29.33,1625449482.0,64.0
-34.83,1625449482.0,64.0
-40.73,1625449482.0,64.0
-47.38,1625449482.0,64.0
-55.01,1625449482.0,64.0
-63.67,1625449482.0,64.0
-73.06,1625449482.0,64.0
-82.58,1625449482.0,64.0
-91.31,1625449482.0,64.0
-98.15,1625449482.0,64.0
-101.97,1625449482.0,64.0
-101.91,1625449482.0,64.0
-97.58,1625449482.0,64.0
-89.13,1625449482.0,64.0
-77.25,1625449482.0,64.0
-62.91,1625449482.0,64.0
-47.1,1625449482.0,64.0
-30.61,1625449482.0,64.0
-13.98,1625449482.0,64.0
2.37,1625449482.0,64.0
17.96,1625449482.0,64.0
32.15,1625449482.0,64.0
44.23,1625449482.0,64.0
53.63,1625449482.0,64.0
60.17,1625449482.0,64.0
64.15,1625449482.0,64.0
66.26,1625449482.0,64.0
67.29,1625449482.0,64.0
67.84,1625449482.0,64.0
68.19,1625449482.0,64.0
68.28,1625449482.0,64.0
67.94,1625449482.0,64.0
66.99,1625449482.0,64.0
65.36,1625449482.0,64.0
63.07,1625449482.0,64.0
60.18,1625449482.0,64.0
56.71,1625449482.0,64.0
52.63,1625449482.0,64.0
47.92,1625449482.0,64.0
42.65,1625449482.0,64.0
36.98,1625449482.0,64.0
31.17,1625449482.0,64.0
25.51,1625449482.0,64.0
20.17,1625449482.0,64.0
15.15,1625449482.0,64.0
10.28,1625449482.0,64.0
5.29,1625449482.0,64.0
-0.12,1625449482.0,64.0
-6.06,1625449482.0,64.0
-12.45,1625449482.0,64.0
-19.04,1625449482.0,64.0
-25.5,1625449482.0,64.0
-31.61,1625449482.0,64.0
-37.36,1625449482.0,64.0
-42.93,1625449482.0,64.0
-48.66,1625449482.0,64.0
-54.88,1625449482.0,64.0
-61.87,1625449482.0,64.0
-69.64,1625449482.0,64.0
-77.89,1625449482.0,64.0
-85.99,1625449482.0,64.0
-92.97,1625449482.0,64.0
-97.71,1625449482.0,64.0
-99.18,1625449482.0,64.0
-96.67,1625449482.0,64.0
-90.04,1625449482.0,64.0
-79.67,1625449482.0,64.0
-66.33,1625449482.0,64.0
-50.9,1625449482.0,64.0
-34.19,1625449482.0,64.0
-16.88,1625449482.0,64.0
0.38,1625449482.0,64.0
16.81,1625449482.0,64.0
31.52,1625449482.0,64.0
43.59,1625449482.0,64.0
52.44,1625449482.0,64.0
58.01,1625449482.0,64.0
60.86,1625449482.0,64.0
61.94,1625449482.0,64.0
62.22,1625449482.0,64.0
62.38,1625449482.0,64.0
62.6,1625449482.0,64.0
62.66,1625449482.0,64.0
62.2,1625449482.0,64.0
60.89,1625449482.0,64.0
58.69,1625449482.0,64.0
55.74,1625449482.0,64.0
52.26,1625449482.0,64.0
48.42,1625449482.0,64.0
44.25,1625449482.0,64.0
39.67,1625449482.0,64.0
34.6,1625449482.0,64.0
29.09,1625449482.0,64.0
23.32,1625449482.0,64.0
17.6,1625449482.0,64.0
12.19,1625449482.0,64.0
7.22,1625449482.0,64.0
2.57,1625449482.0,64.0
-2.02,1625449482.0,64.0
-6.85,1625449482.0,64.0
-12.09,1625449482.0,64.0
-17.66,1625449482.0,64.0
-23.35,1625449482.0,64.0
-28.9,1625449482.0,64.0
-34.12,1625449482.0,64.0
-39.0,1625449482.0,64.0
-43.73,1625449482.0,64.0
-48.52,1625449482.0,64.0
-53.66,1625449482.0,64.0
-59.35,1625449482.0,64.0
-65.72,1625449482.0,64.0
-72.69,1625449482.0,64.0
-79.94,1625449482.0,64.0
-86.8,1625449482.0,64.0
-92.26,1625449482.0,64.0
-95.21,1625449482.0,64.0
-94.65,1625449482.0,64.0
-90.08,1625449482.0,64.0
-81.6,1625449482.0,64.0
-69.88,1625449482.0,64.0
-55.95,1625449482.0,64.0
-40.83,1625449482.0,64.0
-25.34,1625449482.0,64.0
-10.05,1625449482.0,64.0
4.57,1625449482.0,64.0
18.01,1625449482.0,64.0
29.58,1625449482.0,64.0
38.68,1625449482.0,64.0
44.94,1625449482.0,64.0
48.53,1625449482.0,64.0
50.15,1625449482.0,64.0
50.78,1625449482.0,64.0
51.32,1625449482.0,64.0
52.24,1625449482.0,64.0
53.53,1625449482.0,64.0
54.79,1625449482.0,64.0
55.59,1625449482.0,64.0
55.69,1625449482.0,64.0
55.13,1625449482.0,64.0
54.1,1625449482.0,64.0
52.75,1625449482.0,64.0
51.07,1625449482.0,64.0
48.87,1625449482.0,64.0
45.98,1625449482.0,64.0
42.4,1625449482.0,64.0
38.34,1625449482.0,64.0
34.22,1625449482.0,64.0
30.46,1625449482.0,64.0
27.24,1625449482.0,64.0
24.48,1625449482.0,64.0
21.89,1625449482.0,64.0
19.1,1625449482.0,64.0
15.87,1625449482.0,64.0
12.11,1625449482.0,64.0
7.94,1625449482.0,64.0
3.48,1625449482.0,64.0
-1.19,1625449482.0,64.0
-6.09,1625449482.0,64.0
-11.26,1625449482.0,64.0
-16.68,1625449482.0,64.0
-22.28,1625449482.0,64.0
-27.94,1625449482.0,64.0
-33.53,1625449482.0,64.0
-38.93,1625449482.0,64.0
-43.9,1625449482.0,64.0
-47.94,1625449482.0,64.0
-50.3,1625449482.0,64.0
-50.14,1625449482.0,64.0
-46.81,1625449482.0,64.0
-40.18,1625449482.0,64.0
-30.71,1625449482.0,64.0
-19.3,1625449482.0,64.0
-6.99,1625449482.0,64.0
5.41,1625449482.0,64.0
17.34,1625449482.0,64.0
28.46,1625449482.0,64.0
38.38,1625449482.0,64.0
46.66,1625449482.0,64.0
52.86,1625449482.0,64.0
56.78,1625449482.0,64.0
58.67,1625449482.0,64.0
59.15,1625449482.0,64.0
59.03,1625449482.0,64.0
58.98,1625449482.0,64.0
59.26,1625449482.0,64.0
59.73,1625449482.0,64.0
60.0,1625449482.0,64.0
59.59,1625449482.0,64.0
58.21,1625449482.0,64.0
55.81,1625449482.0,64.0
52.48,1625449482.0,64.0
48.43,1625449482.0,64.0
43.83,1625449482.0,64.0
38.83,1625449482.0,64.0
33.56,1625449482.0,64.0
28.18,1625449482.0,64.0
22.84,1625449482.0,64.0
17.7,1625449482.0,64.0
12.83,1625449482.0,64.0
8.2,1625449482.0,64.0
3.69,1625449482.0,64.0
-0.81,1625449482.0,64.0
-5.43,1625449482.0,64.0
-10.19,1625449482.0,64.0
-15.09,1625449482.0,64.0
-20.15,1625449482.0,64.0
-25.43,1625449482.0,64.0
-30.96,1625449482.0,64.0
-36.81,1625449482.0,64.0
-42.99,1625449482.0,64.0
-49.54,1625449482.0,64.0
-56.47,1625449482.0,64.0
-63.66,1625449482.0,64.0
-70.75,1625449482.0,64.0
-77.02,1625449482.0,64.0
-81.46,1625449482.0,64.0
-83.0,1625449482.0,64.0
-80.89,1625449482.0,64.0
-74.99,1625449482.0,64.0
-65.77,1625449482.0,64.0
-54.17,1625449482.0,64.0
-41.16,1625449482.0,64.0
-27.48,1625449482.0,64.0
-13.6,1625449482.0,64.0
0.19,1625449482.0,64.0
13.43,1625449482.0,64.0
25.48,1625449482.0,64.0
35.6,1625449482.0,64.0
43.23,1625449482.0,64.0
48.28,1625449482.0,64.0
51.15,1625449482.0,64.0
52.58,1625449482.0,64.0
53.29,1625449482.0,64.0
53.76,1625449482.0,64.0
54.11,1625449482.0,64.0
54.23,1625449482.0,64.0
53.94,1625449482.0,64.0
53.14,1625449482.0,64.0
51.82,1625449482.0,64.0
49.99,1625449482.0,64.0
47.56,1625449482.0,64.0
44.38,1625449482.0,64.0
40.34,1625449482.0,64.0
35.49,1625449482.0,64.0
30.1,1625449482.0,64.0
24.54,1625449482.0,64.0
19.14,1625449482.0,64.0
14.13,1625449482.0,64.0
9.47,1625449482.0,64.0
4.97,1625449482.0,64.0
0.37,1625449482.0,64.0
-4.53,1625449482.0,64.0
-9.75,1625449482.0,64.0
-15.25,1625449482.0,64.0
-20.85,1625449482.0,64.0
-26.43,1625449482.0,64.0
-31.93,1625449482.0,64.0
-37.45,1625449482.0,64.0
-43.21,1625449482.0,64.0
-49.44,1625449482.0,64.0
-56.36,1625449482.0,64.0
-63.99,1625449482.0,64.0
-72.1,1625449482.0,64.0
-80.17,1625449482.0,64.0
-87.32,1625449482.0,64.0
-92.53,1625449482.0,64.0
-94.75,1625449482.0,64.0
-93.26,1625449482.0,64.0
-87.81,1625449482.0,64.0
-78.74,1625449482.0,64.0
-66.79,1625449482.0,64.0
-52.87,1625449482.0,64.0
-37.77,1625449482.0,64.0
-22.11,1625449482.0,64.0
-6.31,1625449482.0,64.0
9.15,1625449482.0,64.0
23.62,1625449482.0,64.0
36.31,1625449482.0,64.0
46.5,1625449482.0,64.0
53.85,1625449482.0,64.0
58.57,1625449482.0,64.0
61.27,1625449482.0,64.0
62.77,1625449482.0,64.0
63.75,1625449482.0,64.0
64.49,1625449482.0,64.0
64.93,1625449482.0,64.0
64.78,1625449482.0,64.0
63.78,1625449482.0,64.0
61.89,1625449482.0,64.0
59.27,1625449482.0,64.0
56.16,1625449482.0,64.0
52.7,1625449482.0,64.0
48.86,1625449482.0,64.0
44.49,1625449482.0,64.0
39.44,1625449482.0,64.0
33.74,1625449482.0,64.0
27.63,1625449482.0,64.0
21.48,1625449482.0,64.0
15.68,1625449482.0,64.0
10.39,1625449482.0,64.0
5.56,1625449482.0,64.0
0.92,1625449482.0,64.0
-3.83,1625449482.0,64.0
-8.86,1625449482.0,64.0
-14.15,1625449482.0,64.0
-19.56,1625449482.0,64.0
-24.93,1625449482.0,64.0
-30.17,1625449482.0,64.0
-35.33,1625449482.0,64.0
-40.57,1625449482.0,64.0
-46.08,1625449482.0,64.0
-52.08,1625449482.0,64.0
-58.75,1625449482.0,64.0
-66.18,1625449482.0,64.0
-74.16,1625449482.0,64.0
-82.14,1625449482.0,64.0
-89.19,1625449482.0,64.0
-94.09,1625449482.0,64.0
-95.67,1625449482.0,64.0
-93.15,1625449482.0,64.0
-86.35,1625449482.0,64.0
-75.73,1625449482.0,64.0
-62.23,1625449482.0,64.0
-46.9,1625449482.0,64.0
-30.61,1625449482.0,64.0
-14.01,1625449482.0,64.0
2.41,1625449482.0,64.0
18.12,1625449482.0,64.0
32.39,1625449482.0,64.0
44.41,1625449482.0,64.0
53.5,1625449482.0,64.0
59.42,1625449482.0,64.0
62.56,1625449482.0,64.0
63.71,1625449482.0,64.0
63.87,1625449482.0,64.0
63.73,1625449482.0,64.0
63.57,1625449482.0,64.0
63.2,1625449482.0,64.0
62.23,1625449482.0,64.0
60.43,1625449482.0,64.0
57.84,1625449482.0,64.0
54.78,1625449482.0,64.0
51.62,1625449482.0,64.0
48.63,1625449482.0,64.0
45.74,1625449482.0,64.0
42.67,1625449482.0,64.0
39.13,1625449482.0,64.0
34.97,1625449482.0,64.0
30.35,1625449482.0,64.0
25.62,1625449482.0,64.0
21.2,1625449482.0,64.0
17.29,1625449482.0,64.0
13.79,1625449482.0,64.0
10.33,1625449482.0,64.0
6.41,1625449482.0,64.0
1.68,1625449482.0,64.0
-3.93,1625449482.0,64.0
-10.14,1625449482.0,64.0
-16.49,1625449482.0,64.0
-22.48,1625449482.0,64.0
-27.89,1625449482.0,64.0
-32.76,1625449482.0,64.0
-37.51,1625449482.0,64.0
-42.73,1625449482.0,64.0
-49.11,1625449482.0,64.0
-57.19,1625449482.0,64.0
-67.11,1625449482.0,64.0
-78.42,1625449482.0,64.0
-89.88,1625449482.0,64.0
-99.69,1625449482.0,64.0
-105.73,1625449482.0,64.0
-106.22,1625449482.0,64.0
-100.24,1625449482.0,64.0
-87.99,1625449482.0,64.0
-70.76,1625449482.0,64.0
-50.39,1625449482.0,64.0
-28.71,1625449482.0,64.0
-6.99,1625449482.0,64.0
14.24,1625449482.0,64.0
34.93,1625449482.0,64.0
55.02,1625449482.0,64.0
74.03,1625449482.0,64.0
90.86,1625449482.0,64.0
104.06,1625449482.0,64.0
112.4,1625449482.0,64.0
115.6,1625449482.0,64.0
114.77,1625449482.0,64.0
112.41,1625449482.0,64.0
111.67,1625449482.0,64.0
115.22,1625449482.0,64.0
124.35,1625449482.0,64.0
138.62,1625449482.0,64.0
156.26,1625449482.0,64.0
174.98,1625449482.0,64.0
192.68,1625449482.0,64.0
207.69,1625449482.0,64.0
218.75,1625449482.0,64.0
224.84,1625449482.0,64.0
225.49,1625449482.0,64.0
221.02,1625449482.0,64.0
212.69,1625449482.0,64.0
202.32,1625449482.0,64.0
191.36,1625449482.0,64.0
179.93,1625449482.0,64.0
166.55,1625449482.0,64.0
148.76,1625449482.0,64.0
124.48,1625449482.0,64.0
93.35,1625449482.0,64.0
57.22,1625449482.0,64.0
19.5,1625449482.0,64.0
-16.25,1625449482.0,64.0
-47.73,1625449482.0,64.0
-74.79,1625449482.0,64.0
-99.25,1625449482.0,64.0
-124.17,1625449482.0,64.0
-152.62,1625449482.0,64.0
-186.67,1625449482.0,64.0
-226.76,1625449482.0,64.0
-271.52,1625449482.0,64.0
-317.93,1625449482.0,64.0
-361.88,1625449482.0,64.0
-398.99,1625449482.0,64.0
-425.34,1625449482.0,64.0
-438.25,1625449482.0,64.0
-436.81,1625449482.0,64.0
-421.97,1625449482.0,64.0
-396.28,1625449482.0,64.0
-363.21,1625449482.0,64.0
-326.3,1625449482.0,64.0
-288.43,1625449482.0,64.0
-251.36,1625449482.0,64.0
-215.7,1625449482.0,64.0
-181.26,1625449482.0,64.0
-147.63,1625449482.0,64.0
-114.79,1625449482.0,64.0
-83.34,1625449482.0,64.0
-54.39,1625449482.0,64.0
-29.09,1625449482.0,64.0
-8.09,1625449482.0,64.0
8.86,1625449482.0,64.0
22.76,1625449482.0,64.0
34.95,1625449482.0,64.0
46.58,1625449482.0,64.0
58.14,1625449482.0,64.0
69.55,1625449482.0,64.0
80.33,1625449482.0,64.0
89.84,1625449482.0,64.0
97.43,1625449482.0,64.0
102.4,1625449482.0,64.0
104.09,1625449482.0,64.0
102.48,1625449482.0,64.0
98.83,1625449482.0,64.0
96.19,1625449482.0,64.0
98.88,1625449482.0,64.0
110.96,1625449482.0,64.0
134.32,1625449482.0,64.0
167.37,1625449482.0,64.0
205.16,1625449482.0,64.0
240.98,1625449482.0,64.0
268.68,1625449482.0,64.0
284.55,1625449482.0,64.0
287.92,1625449482.0,64.0
280.4,1625449482.0,64.0
264.55,1625449482.0,64.0
242.73,1625449482.0,64.0
216.62,1625449482.0,64.0
187.36,1625449482.0,64.0
155.81,1625449482.0,64.0
122.49,1625449482.0,64.0
87.32,1625449482.0,64.0
49.21,1625449482.0,64.0
6.19,1625449482.0,64.0
-43.77,1625449482.0,64.0
-101.45,1625449482.0,64.0
-164.98,1625449482.0,64.0
-229.3,1625449482.0,64.0
-286.87,1625449482.0,64.0
-329.7,1625449482.0,64.0
-351.88,1625449482.0,64.0
-351.65,1625449482.0,64.0
-331.7,1625449482.0,64.0
-298.07,1625449482.0,64.0
-257.65,1625449482.0,64.0
-216.16,1625449482.0,64.0
-176.97,1625449482.0,64.0
-141.45,1625449482.0,64.0
-109.94,1625449482.0,64.0
-82.67,1625449482.0,64.0
-59.96,1625449482.0,64.0
-41.85,1625449482.0,64.0
-27.68,1625449482.0,64.0
-16.01,1625449482.0,64.0
-5.22,1625449482.0,64.0
5.83,1625449482.0,64.0
17.33,1625449482.0,64.0
28.58,1625449482.0,64.0
38.41,1625449482.0,64.0
45.76,1625449482.0,64.0
50.2,1625449482.0,64.0
51.99,1625449482.0,64.0
51.95,1625449482.0,64.0
51.06,1625449482.0,64.0
50.09,1625449482.0,64.0
49.35,1625449482.0,64.0
48.7,1625449482.0,64.0
47.67,1625449482.0,64.0
45.75,1625449482.0,64.0
42.66,1625449482.0,64.0
38.49,1625449482.0,64.0
33.63,1625449482.0,64.0
28.62,1625449482.0,64.0
23.85,1625449482.0,64.0
19.45,1625449482.0,64.0
15.23,1625449482.0,64.0
10.84,1625449482.0,64.0
5.91,1625449482.0,64.0
0.2,1625449482.0,64.0
-6.36,1625449482.0,64.0
-13.73,1625449482.0,64.0
-21.78,1625449482.0,64.0
-30.18,1625449482.0,64.0
-38.28,1625449482.0,64.0
-45.16,1625449482.0,64.0
-49.66,1625449482.0,64.0
-50.73,1625449482.0,64.0
-47.73,1625449482.0,64.0
-40.66,1625449482.0,64.0
-30.18,1625449482.0,64.0
-17.36,1625449482.0,64.0
-3.32,1625449482.0,64.0
10.96,1625449482.0,64.0
24.8,1625449482.0,64.0
37.71,1625449482.0,64.0
49.21,1625449482.0,64.0
58.78,1625449482.0,64.0
65.95,1625449482.0,64.0
70.49,1625449482.0,64.0
72.59,1625449482.0,64.0
72.9,1625449482.0,64.0
72.32,1625449482.0,64.0
71.74,1625449482.0,64.0
71.64,1625449482.0,64.0
72.02,1625449482.0,64.0
72.42,1625449482.0,64.0
72.31,1625449482.0,64.0
71.24,1625449482.0,64.0
69.11,1625449482.0,64.0
66.09,1625449482.0,64.0
62.47,1625449482.0,64.0
58.48,1625449482.0,64.0
54.24,1625449482.0,64.0
49.67,1625449482.0,64.0
44.69,1625449482.0,64.0
39.26,1625449482.0,64.0
33.43,1625449482.0,64.0
27.34,1625449482.0,64.0
21.16,1625449482.0,64.0
14.99,1625449482.0,64.0
8.88,1625449482.0,64.0
2.81,1625449482.0,64.0
-3.26,1625449482.0,64.0
-9.37,1625449482.0,64.0
-15.57,1625449482.0,64.0
-21.94,1625449482.0,64.0
-28.59,1625449482.0,64.0
-35.73,1625449482.0,64.0
-43.58,1625449482.0,64.0
-52.22,1625449482.0,64.0
-61.41,1625449482.0,64.0
-70.4,1625449482.0,64.0
-78.0,1625449482.0,64.0
-82.76,1625449482.0,64.0
-83.46,1625449482.0,64.0
-79.5,1625449482.0,64.0
-71.1,1625449482.0,64.0
-59.24,1625449482.0,64.0
-45.25,1625449482.0,64.0
-30.32,1625449482.0,64.0
-15.27,1625449482.0,64.0
-0.53,1625449482.0,64.0
13.6,1625449482.0,64.0
26.72,1625449482.0,64.0
38.18,1625449482.0,64.0
47.28,1625449482.0,64.0
53.58,1625449482.0,64.0
57.16,1625449482.0,64.0
58.69,1625449482.0,64.0
59.17,1625449482.0,64.0
59.59,1625449482.0,64.0
60.59,1625449482.0,64.0
62.29,1625449482.0,64.0
64.37,1625449482.0,64.0
66.32,1625449482.0,64.0
67.6,1625449482.0,64.0
67.91,1625449482.0,64.0
67.12,1625449482.0,64.0
65.25,1625449482.0,64.0
62.29,1625449482.0,64.0
58.19,1625449482.0,64.0
52.85,1625449482.0,64.0
46.3,1625449482.0,64.0
38.76,1625449482.0,64.0
30.63,1625449482.0,64.0
22.48,1625449482.0,64.0
14.8,1625449482.0,64.0
7.94,1625449482.0,64.0
1.96,1625449482.0,64.0
-3.27,1625449482.0,64.0
-7.99,1625449482.0,64.0
-12.51,1625449482.0,64.0
-17.12,1625449482.0,64.0
-22.08,1625449482.0,64.0
-27.65,1625449482.0,64.0
-34.05,1625449482.0,64.0
-41.44,1625449482.0,64.0
-49.78,1625449482.0,64.0
-58.85,1625449482.0,64.0
-68.05,1625449482.0,64.0
-76.41,1625449482.0,64.0
-82.69,1625449482.0,64.0
-85.59,1625449482.0,64.0
-84.13,1625449482.0,64.0
-77.98,1625449482.0,64.0
-67.6,1625449482.0,64.0
-54.04,1625449482.0,64.0
-38.61,1625449482.0,64.0
-22.48,1625449482.0,64.0
-6.34,1625449482.0,64.0
9.44,1625449482.0,64.0
24.57,1625449482.0,64.0
38.54,1625449482.0,64.0
50.57,1625449482.0,64.0
59.85,1625449482.0,64.0
65.89,1625449482.0,64.0
68.89,1625449482.0,64.0
69.62,1625449482.0,64.0
69.21,1625449482.0,64.0
68.64,1625449482.0,64.0
68.36,1625449482.0,64.0
68.24,1625449482.0,64.0
67.8,1625449482.0,64.0
66.54,1625449482.0,64.0
64.23,1625449482.0,64.0
60.93,1625449482.0,64.0
56.91,1625449482.0,64.0
52.36,1625449482.0,64.0
47.36,1625449482.0,64.0
41.85,1625449482.0,64.0
35.8,1625449482.0,64.0
29.3,1625449482.0,64.0
22.56,1625449482.0,64.0
15.84,1625449482.0,64.0
9.37,1625449482.0,64.0
3.29,1625449482.0,64.0
-2.38,1625449482.0,64.0
-7.7,1625449482.0,64.0
-12.76,1625449482.0,64.0
-17.72,1625449482.0,64.0
-22.74,1625449482.0,64.0
-27.96,1625449482.0,64.0
-33.5,1625449482.0,64.0
-39.4,1625449482.0,64.0
-45.72,1625449482.0,64.0
-52.5,1625449482.0,64.0
-59.86,1625449482.0,64.0
-67.76,1625449482.0,64.0
-75.86,1625449482.0,64.0
-83.38,1625449482.0,64.0
-89.09,1625449482.0,64.0
-91.65,1625449482.0,64.0
-90.03,1625449482.0,64.0
-83.89,1625449482.0,64.0
-73.65,1625449482.0,64.0
-60.29,1625449482.0,64.0
-44.95,1625449482.0,64.0
-28.63,1625449482.0,64.0
-11.96,1625449482.0,64.0
4.53,1625449482.0,64.0
20.22,1625449482.0,64.0
34.29,1625449482.0,64.0
45.8,1625449482.0,64.0
54.03,1625449482.0,64.0
58.87,1625449482.0,64.0
60.92,1625449482.0,64.0
61.27,1625449482.0,64.0
61.11,1625449482.0,64.0
61.25,1625449482.0,64.0
61.84,1625449482.0,64.0
62.49,1625449482.0,64.0
62.58,1625449482.0,64.0
61.67,1625449482.0,64.0
59.61,1625449482.0,64.0
56.6,1625449482.0,64.0
52.96,1625449482.0,64.0
48.95,1625449482.0,64.0
44.66,1625449482.0,64.0
40.06,1625449482.0,64.0
35.13,1625449482.0,64.0
29.93,1625449482.0,64.0
24.61,1625449482.0,64.0
19.33,1625449482.0,64.0
14.19,1625449482.0,64.0
9.17,1625449482.0,64.0
4.13,1625449482.0,64.0
-1.08,1625449482.0,64.0
-6.54,1625449482.0,64.0
-12.19,1625449482.0,64.0
-17.91,1625449482.0,64.0
-23.56,1625449482.0,64.0
-29.1,1625449482.0,64.0
-34.67,1625449482.0,64.0
-40.54,1625449482.0,64.0
-47.05,1625449482.0,64.0
-54.41,1625449482.0,64.0
-62.64,1625449482.0,64.0
-71.39,1625449482.0,64.0
-79.92,1625449482.0,64.0
-87.21,1625449482.0,64.0
-92.04,1625449482.0,64.0
-93.33,1625449482.0,64.0
-90.39,1625449482.0,64.0
-83.16,1625449482.0,64.0
-72.12,1625449482.0,64.0
-58.28,1625449482.0,64.0
-42.72,1625449482.0,64.0
-26.48,1625449482.0,64.0
-10.36,1625449482.0,64.0
4.94,1625449482.0,64.0
18.7,1625449482.0,64.0
30.2,1625449482.0,64.0
38.83,1625449482.0,64.0
44.34,1625449482.0,64.0
47.07,1625449482.0,64.0
47.89,1625449482.0,64.0
47.91,1625449482.0,64.0
48.05,1625449482.0,64.0
48.76,1625449482.0,64.0
49.93,1625449482.0,64.0
51.06,1625449482.0,64.0
51.55,1625449482.0,64.0
51.03,1625449482.0,64.0
49.39,1625449482.0,64.0
46.77,1625449482.0,64.0
43.36,1625449482.0,64.0
39.33,1625449482.0,64.0
34.8,1625449482.0,64.0
29.86,1625449482.0,64.0
24.64,1625449482.0,64.0
19.33,1625449482.0,64.0
14.12,1625449482.0,64.0
9.14,1625449482.0,64.0
4.44,1625449482.0,64.0
-0.01,1625449482.0,64.0
-4.3,1625449482.0,64.0
-8.53,1625449482.0,64.0
-12.78,1625449482.0,64.0
-17.06,1625449482.0,64.0
-21.37,1625449482.0,64.0
-25.73,1625449482.0,64.0
-30.16,1625449482.0,64.0
-34.78,1625449482.0,64.0
-39.71,1625449482.0,64.0
-45.1,1625449482.0,64.0
-51.05,1625449482.0,64.0
-57.53,1625449482.0,64.0
-64.25,1625449482.0,64.0
-70.59,1625449482.0,64.0
-75.62,1625449482.0,64.0
-78.22,1625449482.0,64.0
-77.38,1625449482.0,64.0
-72.53,1625449482.0,64.0
-63.69,1625449482.0,64.0
-51.54,1625449482.0,64.0
-37.16,1625449482.0,64.0
-21.75,1625449482.0,64.0
-6.35,1625449482.0,64.0
8.22,1625449482.0,64.0
21.35,1625449482.0,64.0
32.49,1625449482.0,64.0
41.19,1625449482.0,64.0
47.24,1625449482.0,64.0
50.75,1625449482.0,64.0
52.3,1625449482.0,64.0
52.71,1625449482.0,64.0
52.89,1625449482.0,64.0
53.42,1625449482.0,64.0
54.46,1625449482.0,64.0
55.71,1625449482.0,64.0
56.6,1625449482.0,64.0
56.62,1625449482.0,64.0
55.46,1625449482.0,64.0
53.15,1625449482.0,64.0
49.91,1625449482.0,64.0
46.1,1625449482.0,64.0
41.98,1625449482.0,64.0
37.71,1625449482.0,64.0
33.33,1625449482.0,64.0
28.81,1625449482.0,64.0
24.17,1625449482.0,64.0
19.46,1625449482.0,64.0
14.82,1625449482.0,64.0
10.32,1625449482.0,64.0
6.01,1625449482.0,64.0
1.79,1625449482.0,64.0
-2.53,1625449482.0,64.0
-7.12,1625449482.0,64.0
-12.13,1625449482.0,64.0
-17.6,1625449482.0,64.0
-23.53,1625449482.0,64.0
-29.86,1625449482.0,64.0
-36.66,1625449482.0,64.0
-43.98,1625449482.0,64.0
-51.8,1625449482.0,64.0
-59.83,1625449482.0,64.0
-67.36,1625449482.0,64.0
-73.3,1625449482.0,64.0
-76.39,1625449482.0,64.0
-75.62,1625449482.0,64.0
-70.56,1625449482.0,64.0
-61.54,1625449482.0,64.0
-49.47,1625449482.0,64.0
-35.55,1625449482.0,64.0
-20.97,1625449482.0,64.0
-6.63,1625449482.0,64.0
6.82,1625449482.0,64.0
18.85,1625449482.0,64.0
28.96,1625449482.0,64.0
36.68,1625449482.0,64.0
41.72,1625449482.0,64.0
44.22,1625449482.0,64.0
44.75,1625449482.0,64.0
44.23,1625449482.0,64.0
43.62,1625449482.0,64.0
43.55,1625449482.0,64.0
44.16,1625449482.0,64.0
45.07,1625449482.0,64.0
45.68,1625449482.0,64.0
45.4,1625449482.0,64.0
43.91,1625449482.0,64.0
41.21,1625449482.0,64.0
37.54,1625449482.0,64.0
33.21,1625449482.0,64.0
28.48,1625449482.0,64.0
23.51,1625449482.0,64.0
18.37,1625449482.0,64.0
13.08,1625449482.0,64.0
7.68,1625449482.0,64.0
2.23,1625449482.0,64.0
-3.2,1625449482.0,64.0
-8.56,1625449482.0,64.0
-13.83,1625449482.0,64.0
-19.04,1625449482.0,64.0
-24.28,1625449482.0,64.0
-29.65,1625449482.0,64.0
-35.23,1625449482.0,64.0
-41.14,1625449482.0,64.0
-47.46,1625449482.0,64.0
-54.27,1625449482.0,64.0
-61.66,1625449482.0,64.0
-69.57,1625449482.0,64.0
-77.72,1625449482.0,64.0
-85.41,1625449482.0,64.0
-91.57,1625449482.0,64.0
-94.95,1625449482.0,64.0
-94.43,1625449482.0,64.0
-89.45,1625449482.0,64.0
-80.15,1625449482.0,64.0
-67.4,1625449482.0,64.0
-52.37,1625449482.0,64.0
-36.21,1625449482.0,64.0
-19.71,1625449482.0,64.0
-3.37,1625449482.0,64.0
12.41,1625449482.0,64.0
27.06,1625449482.0,64.0
39.79,1625449482.0,64.0
49.78,1625449482.0,64.0
56.47,1625449482.0,64.0
59.94,1625449482.0,64.0
60.89,1625449482.0,64.0
60.44,1625449482.0,64.0
59.68,1625449482.0,64.0
59.31,1625449482.0,64.0
59.46,1625449482.0,64.0
59.81,1625449482.0,64.0
59.87,1625449482.0,64.0
59.17,1625449482.0,64.0
57.48,1625449482.0,64.0
54.77,1625449482.0,64.0
51.09,1625449482.0,64.0
46.55,1625449482.0,64.0
41.25,1625449482.0,64.0
35.32,1625449482.0,64.0
28.92,1625449482.0,64.0
22.27,1625449482.0,64.0
15.63,1625449482.0,64.0
9.2,1625449482.0,64.0
3.1,1625449482.0,64.0
-2.72,1625449482.0,64.0
-8.36,1625449482.0,64.0
-13.97,1625449482.0,64.0
-19.68,1625449482.0,64.0
-25.51,1625449482.0,64.0
-31.47,1625449482.0,64.0
-37.48,1625449482.0,64.0
-43.58,1625449482.0,64.0
-49.85,1625449482.0,64.0
-56.55,1625449482.0,64.0
-63.93,1625449482.0,64.0
-72.12,1625449482.0,64.0
-80.95,1625449482.0,64.0
-89.79,1625449482.0,64.0
-97.54,1625449482.0,64.0
-102.83,1625449482.0,64.0
-104.36,1625449482.0,64.0
-101.28,1625449482.0,64.0
-93.43,1625449482.0,64.0
-81.38,1625449482.0,64.0
-66.19,1625449482.0,64.0
-49.01,1625449482.0,64.0
-30.86,1625449482.0,64.0
-12.49,1625449482.0,64.0
5.48,1625449482.0,64.0
22.37,1625449482.0,64.0
37.39,1625449482.0,64.0
49.71,1625449482.0,64.0
58.76,1625449482.0,64.0
64.54,1625449482.0,64.0
67.66,1625449482.0,64.0
69.13,1625449482.0,64.0
69.92,1625449482.0,64.0
70.66,1625449482.0,64.0
71.45,1625449482.0,64.0
71.98,1625449482.0,64.0
71.83,1625449482.0,64.0
70.73,1625449482.0,64.0
68.64,1625449482.0,64.0
65.76,1625449482.0,64.0
62.27,1625449482.0,64.0
58.25,1625449482.0,64.0
53.64,1625449482.0,64.0
48.35,1625449482.0,64.0
42.42,1625449482.0,64.0
36.04,1625449482.0,64.0
29.55,1625449482.0,64.0
23.24,1625449482.0,64.0
17.26,1625449482.0,64.0
11.54,1625449482.0,64.0
5.87,1625449482.0,64.0
0.05,1625449482.0,64.0
-6.0,1625449482.0,64.0
-12.2,1625449482.0,64.0
-18.37,1625449482.0,64.0
-24.33,1625449482.0,64.0
-30.07,1625449482.0,64.0
-35.74,1625449482.0,64.0
-41.63,1625449482.0,64.0
-48.04,1625449482.0,64.0
-55.2,1625449482.0,64.0
-63.22,1625449482.0,64.0
-71.98,1625449482.0,64.0
-81.15,1625449482.0,64.0
-90.0,1625449482.0,64.0
-97.45,1625449482.0,64.0
-102.21,1625449482.0,64.0
-103.07,1625449482.0,64.0
-99.29,1625449482.0,64.0
-90.83,1625449482.0,64.0
-78.35,1625449482.0,64.0
-62.95,1625449482.0,64.0
-45.82,1625449482.0,64.0
-27.89,1625449482.0,64.0
-9.82,1625449482.0,64.0
7.84,1625449482.0,64.0
24.44,1625449482.0,64.0
39.17,1625449482.0,64.0
51.17,1625449482.0,64.0
59.92,1625449482.0,64.0
65.46,1625449482.0,64.0
68.48,1625449482.0,64.0
69.99,1625449482.0,64.0
70.96,1625449482.0,64.0
71.97,1625449482.0,64.0
72.99,1625449482.0,64.0
73.65,1625449482.0,64.0
73.48,1625449482.0,64.0
72.21,1625449482.0,64.0
69.88,1625449482.0,64.0
66.76,1625449482.0,64.0
63.13,1625449482.0,64.0
59.1,1625449482.0,64.0
54.64,1625449482.0,64.0
49.61,1625449482.0,64.0
43.96,1625449482.0,64.0
37.85,1625449482.0,64.0
31.59,1625449482.0,64.0
25.56,1625449482.0,64.0
19.98,1625449482.0,64.0
14.88,1625449482.0,64.0
10.02,1625449482.0,64.0
5.05,1625449482.0,64.0
-0.35,1625449482.0,64.0
-6.3,1625449482.0,64.0
-12.63,1625449482.0,64.0
-19.0,1625449482.0,64.0
-25.05,1625449482.0,64.0
-30.59,1625449482.0,64.0
-35.73,1625449482.0,64.0
-40.81,1625449482.0,64.0
-46.3,1625449482.0,64.0
-52.55,1625449482.0,64.0
-59.7,1625449482.0,64.0
-67.64,1625449482.0,64.0
-76.08,1625449482.0,64.0
-84.5,1625449482.0,64.0
-92.13,1625449482.0,64.0
-97.95,1625449482.0,64.0
-100.81,1625449482.0,64.0
-99.67,1625449482.0,64.0
-93.95,1625449482.0,64.0
-83.76,1625449482.0,64.0
-69.87,1625449482.0,64.0
-53.46,1625449482.0,64.0
-35.71,1625449482.0,64.0
-17.56,1625449482.0,64.0
0.37,1625449482.0,64.0
17.52,1625449482.0,64.0
33.22,1625449482.0,64.0
46.64,1625449482.0,64.0
57.0,1625449482.0,64.0
63.88,1625449482.0,64.0
67.5,1625449482.0,64.0
68.72,1625449482.0,64.0
68.68,1625449482.0,64.0
68.41,1625449482.0,64.0
68.44,1625449482.0,64.0
68.72,1625449482.0,64.0
68.85,1625449482.0,64.0
68.35,1625449482.0,64.0
67.02,1625449482.0,64.0
64.95,1625449482.0,64.0
62.39,1625449482.0,64.0
59.52,1625449482.0,64.0
56.31,1625449482.0,64.0
52.59,1625449482.0,64.0
48.17,1625449482.0,64.0
43.03,1625449482.0,64.0
37.38,1625449482.0,64.0
31.57,1625449482.0,64.0
26.04,1625449482.0,64.0
21.08,1625449482.0,64.0
16.74,1625449482.0,64.0
12.82,1625449482.0,64.0
8.97,1625449482.0,64.0
4.79,1625449482.0,64.0
-0.03,1625449482.0,64.0
-5.55,1625449482.0,64.0
-11.57,1625449482.0,64.0
-17.75,1625449482.0,64.0
-23.72,1625449482.0,64.0
-29.35,1625449482.0,64.0
-34.71,1625449482.0,64.0
-40.11,1625449482.0,64.0
-45.87,1625449482.0,64.0
-52.23,1625449482.0,64.0
-59.26,1625449482.0,64.0
-66.88,1625449482.0,64.0
-74.85,1625449482.0,64.0
-82.74,1625449482.0,64.0
-89.81,1625449482.0,64.0
-95.01,1625449482.0,64.0
-97.19,1625449482.0,64.0
-95.3,1625449482.0,64.0
-88.86,1625449482.0,64.0
-78.09,1625449482.0,64.0
-63.84,1625449482.0,64.0
-47.35,1625449482.0,64.0
-29.82,1625449482.0,64.0
-12.2,1625449482.0,64.0
4.8,1625449482.0,64.0
20.6,1625449482.0,64.0
34.51,1625449482.0,64.0
45.88,1625449482.0,64.0
54.2,1625449482.0,64.0
59.41,1625449482.0,64.0
62.01,1625449482.0,64.0
62.91,1625449482.0,64.0
63.09,1625449482.0,64.0
63.28,1625449482.0,64.0
63.73,1625449482.0,64.0
64.25,1625449482.0,64.0
64.36,1625449482.0,64.0
63.64,1625449482.0,64.0
61.92,1625449482.0,64.0
59.28,1625449482.0,64.0
55.95,1625449482.0,64.0
52.16,1625449482.0,64.0
48.0,1625449482.0,64.0
43.49,1625449482.0,64.0
38.55,1625449482.0,64.0
33.18,1625449482.0,64.0
27.5,1625449482.0,64.0
21.77,1625449482.0,64.0
16.33,1625449482.0,64.0
11.41,1625449482.0,64.0
7.04,1625449482.0,64.0
2.99,1625449482.0,64.0
-1.14,1625449482.0,64.0
-5.73,1625449482.0,64.0
-10.95,1625449482.0,64.0
-16.68,1625449482.0,64.0
-22.63,1625449482.0,64.0
-28.43,1625449482.0,64.0
-33.93,1625449482.0,64.0
-39.19,1625449482.0,64.0
-44.45,1625449482.0,64.0
-49.97,1625449482.0,64.0
-55.89,1625449482.0,64.0
-62.26,1625449482.0,64.0
-69.02,1625449482.0,64.0
-76.14,1625449482.0,64.0
-83.42,1625449482.0,64.0
-90.38,1625449482.0,64.0
-96.16,1625449482.0,64.0
-99.61,1625449482.0,64.0
-99.58,1625449482.0,64.0
-95.33,1625449482.0,64.0
-86.79,1625449482.0,64.0
-74.59,1625449482.0,64.0
-59.85,1625449482.0,64.0
-43.81,1625449482.0,64.0
-27.47,1625449482.0,64.0
-11.6,1625449482.0,64.0
3.22,1625449482.0,64.0
16.43,1625449482.0,64.0
27.43,1625449482.0,64.0
35.78,1625449482.0,64.0
41.42,1625449482.0,64.0
44.74,1625449482.0,64.0
46.57,1625449482.0,64.0
47.83,1625449482.0,64.0
49.24,1625449482.0,64.0
51.04,1625449482.0,64.0
53.01,1625449482.0,64.0
54.67,1625449482.0,64.0
55.56,1625449482.0,64.0
55.4,1625449482.0,64.0
54.19,1625449482.0,64.0
52.05,1625449482.0,64.0
49.14,1625449482.0,64.0
45.54,1625449482.0,64.0
41.26,1625449482.0,64.0
36.34,1625449482.0,64.0
30.87,1625449482.0,64.0
25.12,1625449482.0,64.0
19.43,1625449482.0,64.0
14.15,1625449482.0,64.0
9.49,1625449482.0,64.0
5.41,1625449482.0,64.0
1.68,1625449482.0,64.0
-2.01,1625449482.0,64.0
-5.91,1625449482.0,64.0
-10.15,1625449482.0,64.0
-14.64,1625449482.0,64.0
-19.25,1625449482.0,64.0
-23.8,1625449482.0,64.0
-28.17,1625449482.0,64.0
-32.35,1625449482.0,64.0
-36.42,1625449482.0,64.0
-40.58,1625449482.0,64.0
-45.12,1625449482.0,64.0
-50.24,1625449482.0,64.0
-55.83,1625449482.0,64.0
-61.35,1625449482.0,64.0
-65.79,1625449482.0,64.0
-67.91,1625449482.0,64.0
-66.61,1625449482.0,64.0
-61.34,1625449482.0,64.0
-52.3,1625449482.0,64.0
-40.33,1625449482.0,64.0
-26.58,1625449482.0,64.0
-12.15,1625449482.0,64.0
2.11,1625449482.0,64.0
15.59,1625449482.0,64.0
27.79,1625449482.0,64.0
38.2,1625449482.0,64.0
46.31,1625449482.0,64.0
51.88,1625449482.0,64.0
55.07,1625449482.0,64.0
56.46,1625449482.0,64.0
56.98,1625449482.0,64.0
57.47,1625449482.0,64.0
58.46,1625449482.0,64.0
60.0,1625449482.0,64.0
61.71,1625449482.0,64.0
63.03,1625449482.0,64.0
63.45,1625449482.0,64.0
62.65,1625449482.0,64.0
60.56,1625449482.0,64.0
57.3,1625449482.0,64.0
53.08,1625449482.0,64.0
48.2,1625449482.0,64.0
42.97,1625449482.0,64.0
37.65,1625449482.0,64.0
32.43,1625449482.0,64.0
27.34,1625449482.0,64.0
22.29,1625449482.0,64.0
17.11,1625449482.0,64.0
11.63,1625449482.0,64.0
5.78,1625449482.0,64.0
-0.43,1625449482.0,64.0
-6.92,1625449482.0,64.0
-13.62,1625449482.0,64.0
-20.48,1625449482.0,64.0
-27.49,1625449482.0,64.0
-34.65,1625449482.0,64.0
-41.97,1625449482.0,64.0
-49.45,1625449482.0,64.0
-57.07,1625449482.0,64.0
-64.73,1625449482.0,64.0
-72.1,1625449482.0,64.0
-78.56,1625449482.0,64.0
-83.18,1625449482.0,64.0
-84.93,1625449482.0,64.0
-83.02,1625449482.0,64.0
-77.17,1625449482.0,64.0
-67.74,1625449482.0,64.0
-55.65,1625449482.0,64.0
-41.97,1625449482.0,64.0
-27.68,1625449482.0,64.0
-13.42,1625449482.0,64.0
0.36,1625449482.0,64.0
13.27,1625449482.0,64.0
24.77,1625449482.0,64.0
34.23,1625449482.0,64.0
41.1,1625449482.0,64.0
45.28,1625449482.0,64.0
47.17,1625449482.0,64.0
47.64,1625449482.0,64.0
47.72,1625449482.0,64.0
48.17,1625449482.0,64.0
49.25,1625449482.0,64.0
50.63,1625449482.0,64.0
51.64,1625449482.0,64.0
51.56,1625449482.0,64.0
50.01,1625449482.0,64.0
47.05,1625449482.0,64.0
43.12,1625449482.0,64.0
38.78,1625449482.0,64.0
34.48,1625449482.0,64.0
30.32,1625449482.0,64.0
26.09,1625449482.0,64.0
21.42,1625449482.0,64.0
16.02,1625449482.0,64.0
9.83,1625449482.0,64.0
3.09,1625449482.0,64.0
-3.84,1625449482.0,64.0
-10.61,1625449482.0,64.0
-17.06,1625449482.0,64.0
-23.23,1625449482.0,64.0
-29.35,1625449482.0,64.0
-35.67,1625449482.0,64.0
-42.33,1625449482.0,64.0
-49.44,1625449482.0,64.0
-56.99,1625449482.0,64.0
-65.01,1625449482.0,64.0
-73.42,1625449482.0,64.0
-82.0,1625449482.0,64.0
-90.15,1625449482.0,64.0
-96.92,1625449482.0,64.0
-101.12,1625449482.0,64.0
-101.64,1625449482.0,64.0
-97.84,1625449482.0,64.0
-89.74,1625449482.0,64.0
-77.96,1625449482.0,64.0
-63.51,1625449482.0,64.0
-47.43,1625449482.0,64.0
-30.52,1625449482.0,64.0
-13.31,1625449482.0,64.0
3.78,1625449482.0,64.0
20.17,1625449482.0,64.0
35.11,1625449482.0,64.0
47.72,1625449482.0,64.0
57.33,1625449482.0,64.0
63.74,1625449482.0,64.0
67.31,1625449482.0,64.0
68.93,1625449482.0,64.0
69.56,1625449482.0,64.0
69.95,1625449482.0,64.0
70.36,1625449482.0,64.0
70.59,1625449482.0,64.0
70.17,1625449482.0,64.0
68.64,1625449482.0,64.0
65.79,1625449482.0,64.0
61.69,1625449482.0,64.0
56.66,1625449482.0,64.0
51.02,1625449482.0,64.0
45.03,1625449482.0,64.0
38.83,1625449482.0,64.0
32.44,1625449482.0,64.0
25.92,1625449482.0,64.0
19.31,1625449482.0,64.0
12.68,1625449482.0,64.0
6.14,1625449482.0,64.0
-0.21,1625449482.0,64.0
-6.3,1625449482.0,64.0
-12.12,1625449482.0,64.0
-17.72,1625449482.0,64.0
-23.25,1625449482.0,64.0
-28.92,1625449482.0,64.0
-34.98,1625449482.0,64.0
-41.6,1625449482.0,64.0
-48.85,1625449482.0,64.0
-56.69,1625449482.0,64.0
-65.0,1625449482.0,64.0
-73.55,1625449482.0,64.0
-81.88,1625449482.0,64.0
-89.27,1625449482.0,64.0
-94.66,1625449482.0,64.0
-96.86,1625449482.0,64.0
-94.89,1625449482.0,64.0
-88.29,1625449482.0,64.0
-77.4,1625449482.0,64.0
-63.17,1625449482.0,64.0
-46.82,1625449482.0,64.0
-29.51,1625449482.0,64.0
-12.06,1625449482.0,64.0
5.01,1625449482.0,64.0
21.2,1625449482.0,64.0
35.9,1625449482.0,64.0
48.31,1625449482.0,64.0
57.76,1625449482.0,64.0
63.95,1625449482.0,64.0
67.19,1625449482.0,64.0
68.32,1625449482.0,64.0
68.41,1625449482.0,64.0
68.34,1625449482.0,64.0
68.53,1625449482.0,64.0
68.85,1625449482.0,64.0
68.86,1625449482.0,64.0
68.06,1625449482.0,64.0
66.17,1625449482.0,64.0
63.22,1625449482.0,64.0
59.44,1625449482.0,64.0
55.11,1625449482.0,64.0
50.42,1625449482.0,64.0
45.45,1625449482.0,64.0
40.2,1625449482.0,64.0
34.72,1625449482.0,64.0
29.11,1625449482.0,64.0
23.5,1625449482.0,64.0
17.95,1625449482.0,64.0
12.46,1625449482.0,64.0
6.91,1625449482.0,64.0
1.14,1625449482.0,64.0
-5.0,1625449482.0,64.0
-11.54,1625449482.0,64.0
-18.45,1625449482.0,64.0
-25.6,1625449482.0,64.0
-32.82,1625449482.0,64.0
-40.0,1625449482.0,64.0
-47.1,1625449482.0,64.0
-54.25,1625449482.0,64.0
-61.6,1625449482.0,64.0
-69.24,1625449482.0,64.0
-76.91,1625449482.0,64.0
-83.92,1625449482.0,64.0
-89.14,1625449482.0,64.0
-91.28,1625449482.0,64.0
-89.26,1625449482.0,64.0
-82.62,1625449482.0,64.0
-71.6,1625449482.0,64.0
-57.1,1625449482.0,64.0
-40.32,1625449482.0,64.0
-22.4,1625449482.0,64.0
-4.25,1625449482.0,64.0
13.38,1625449482.0,64.0
29.77,1625449482.0,64.0
44.13,1625449482.0,64.0
55.71,1625449482.0,64.0
63.97,1625449482.0,64.0
68.95,1625449482.0,64.0
71.24,1625449482.0,64.0
71.87,1625449482.0,64.0
71.91,1625449482.0,64.0
72.09,1625449482.0,64.0
72.57,1625449482.0,64.0
73.05,1625449482.0,64.0
72.99,1625449482.0,64.0
71.89,1625449482.0,64.0
69.49,1625449482.0,64.0
65.83,1625449482.0,64.0
61.19,1625449482.0,64.0
55.9,1625449482.0,64.0
50.32,1625449482.0,64.0
44.68,1625449482.0,64.0
39.11,1625449482.0,64.0
33.61,1625449482.0,64.0
28.1,1625449482.0,64.0
22.51,1625449482.0,64.0
16.72,1625449482.0,64.0
10.78,1625449482.0,64.0
4.76,1625449482.0,64.0
-1.21,1625449482.0,64.0
-7.01,1625449482.0,64.0
-12.62,1625449482.0,64.0
-18.05,1625449482.0,64.0
-23.38,1625449482.0,64.0
-28.66,1625449482.0,64.0
-33.99,1625449482.0,64.0
-39.51,1625449482.0,64.0
-45.45,1625449482.0,64.0
-52.07,1625449482.0,64.0
-59.52,1625449482.0,64.0
-67.67,1625449482.0,64.0
-75.91,1625449482.0,64.0
-83.17,1625449482.0,64.0
-88.1,1625449482.0,64.0
-89.43,1625449482.0,64.0
-86.38,1625449482.0,64.0
-78.86,1625449482.0,64.0
-67.46,1625449482.0,64.0
-53.18,1625449482.0,64.0
-37.1,1625449482.0,64.0
-20.13,1625449482.0,64.0
-3.04,1625449482.0,64.0
13.53,1625449482.0,64.0
28.8,1625449482.0,64.0
41.9,1625449482.0,64.0
52.0,1625449482.0,64.0
58.68,1625449482.0,64.0
62.14,1625449482.0,64.0
63.17,1625449482.0,64.0
62.95,1625449482.0,64.0
62.59,1625449482.0,64.0
62.78,1625449482.0,64.0
63.6,1625449482.0,64.0
64.6,1625449482.0,64.0
65.13,1625449482.0,64.0
64.66,1625449482.0,64.0
62.99,1625449482.0,64.0
60.17,1625449482.0,64.0
56.46,1625449482.0,64.0
52.05,1625449482.0,64.0
47.09,1625449482.0,64.0
41.68,1625449482.0,64.0
35.96,1625449482.0,64.0
30.15,1625449482.0,64.0
24.55,1625449482.0,64.0
19.43,1625449482.0,64.0
14.86,1625449482.0,64.0
10.71,1625449482.0,64.0
6.67,1625449482.0,64.0
2.4,1625449482.0,64.0
-2.36,1625449482.0,64.0
-7.67,1625449482.0,64.0
-13.4,1625449482.0,64.0
-19.34,1625449482.0,64.0
-25.25,1625449482.0,64.0
-31.01,1625449482.0,64.0
-36.63,1625449482.0,64.0
-42.3,1625449482.0,64.0
-48.28,1625449482.0,64.0
-54.81,1625449482.0,64.0
-62.0,1625449482.0,64.0
-69.63,1625449482.0,64.0
-77.12,1625449482.0,64.0
-83.53,1625449482.0,64.0
-87.73,1625449482.0,64.0
-88.67,1625449482.0,64.0
-85.64,1625449482.0,64.0
-78.52,1625449482.0,64.0
-67.72,1625449482.0,64.0
-54.07,1625449482.0,64.0
-38.56,1625449482.0,64.0
-22.14,1625449482.0,64.0
-5.6,1625449482.0,64.0
10.35,1625449482.0,64.0
25.02,1625449482.0,64.0
37.69,1625449482.0,64.0
47.74,1625449482.0,64.0
54.85,1625449482.0,64.0
59.18,1625449482.0,64.0
61.35,1625449482.0,64.0
62.24,1625449482.0,64.0
62.66,1625449482.0,64.0
63.03,1625449482.0,64.0
63.33,1625449482.0,64.0
63.24,1625449482.0,64.0
62.36,1625449482.0,64.0
60.49,1625449482.0,64.0
57.65,1625449482.0,64.0
54.05,1625449482.0,64.0
49.86,1625449482.0,64.0
45.19,1625449482.0,64.0
40.01,1625449482.0,64.0
34.36,1625449482.0,64.0
28.34,1625449482.0,64.0
22.23,1625449482.0,64.0
16.39,1625449482.0,64.0
11.08,1625449482.0,64.0
6.38,1625449482.0,64.0
2.15,1625449482.0,64.0
-1.86,1625449482.0,64.0
-5.99,1625449482.0,64.0
-10.42,1625449482.0,64.0
-15.22,1625449482.0,64.0
-20.33,1625449482.0,64.0
-25.59,1625449482.0,64.0
-30.84,1625449482.0,64.0
-36.0,1625449482.0,64.0
-41.08,1625449482.0,64.0
-46.21,1625449482.0,64.0
-51.67,1625449482.0,64.0
-57.72,1625449482.0,64.0
-64.59,1625449482.0,64.0
-72.28,1625449482.0,64.0
-80.41,1625449482.0,64.0
-88.25,1625449482.0,64.0
-94.73,1625449482.0,64.0
-98.73,1625449482.0,64.0
-99.24,1625449482.0,64.0
-95.69,1625449482.0,64.0
-88.02,1625449482.0,64.0
-76.71,1625449482.0,64.0
-62.64,1625449482.0,64.0
-46.83,1625449482.0,64.0
-30.27,1625449482.0,64.0
-13.81,1625449482.0,64.0
1.84,1625449482.0,64.0
15.96,1625449482.0,64.0
27.87,1625449482.0,64.0
36.98,1625449482.0,64.0
43.03,1625449482.0,64.0
46.21,1625449482.0,64.0
47.25,1625449482.0,64.0
47.14,1625449482.0,64.0
46.84,1625449482.0,64.0
46.91,1625449482.0,64.0
47.41,1625449482.0,64.0
47.97,1625449482.0,64.0
48.13,1625449482.0,64.0
47.52,1625449482.0,64.0
46.03,1625449482.0,64.0
43.74,1625449482.0,64.0
40.83,1625449482.0,64.0
37.43,1625449482.0,64.0
33.64,1625449482.0,64.0
29.55,1625449482.0,64.0
25.26,1625449482.0,64.0
20.92,1625449482.0,64.0
16.61,1625449482.0,64.0
12.34,1625449482.0,64.0
8.02,1625449482.0,64.0
3.53,1625449482.0,64.0
-1.17,1625449482.0,64.0
-6.03,1625449482.0,64.0
-10.92,1625449482.0,64.0
-15.7,1625449482.0,64.0
-20.35,1625449482.0,64.0
-24.98,1625449482.0,64.0
-29.74,1625449482.0,64.0
-34.81,1625449482.0,64.0
-40.31,1625449482.0,64.0
-46.26,1625449482.0,64.0
-52.66,1625449482.0,64.0
-59.49,1625449482.0,64.0
-66.66,1625449482.0,64.0
-73.82,1625449482.0,64.0
-80.29,1625449482.0,64.0
-85.01,1625449482.0,64.0
-86.77,1625449482.0,64.0
-84.57,1625449482.0,64.0
-78.03,1625449482.0,64.0
-67.51,1625449482.0,64.0
-54.04,1625449482.0,64.0
-38.95,1625449482.0,64.0
-23.53,1625449482.0,64.0
-8.79,1625449482.0,64.0
4.55,1625449482.0,64.0
15.91,1625449482.0,64.0
24.77,1625449482.0,64.0
30.77,1625449482.0,64.0
33.87,1625449482.0,64.0
34.51,1625449482.0,64.0
33.56,1625449482.0,64.0
32.13,1625449482.0,64.0
31.13,1625449482.0,64.0
31.02,1625449482.0,64.0
31.71,1625449482.0,64.0
32.69,1625449482.0,64.0
33.31,1625449482.0,64.0
33.02,1625449482.0,64.0
31.56,1625449482.0,64.0
29.0,1625449482.0,64.0
25.66,1625449482.0,64.0
22.0,1625449482.0,64.0
18.4,1625449482.0,64.0
15.11,1625449482.0,64.0
12.14,1625449482.0,64.0
9.4,1625449482.0,64.0
6.71,1625449482.0,64.0
3.99,1625449482.0,64.0
1.25,1625449482.0,64.0
-1.37,1625449482.0,64.0
-3.73,1625449482.0,64.0
-5.82,1625449482.0,64.0
-7.74,1625449482.0,64.0
-9.75,1625449482.0,64.0
-12.16,1625449482.0,64.0
-15.25,1625449482.0,64.0
-19.23,1625449482.0,64.0
-24.22,1625449482.0,64.0
-30.29,1625449482.0,64.0
-37.38,1625449482.0,64.0
-45.24,1625449482.0,64.0
-53.18,1625449482.0,64.0
-60.17,1625449482.0,64.0
-64.84,1625449482.0,64.0
-65.96,1625449482.0,64.0
-62.72,1625449482.0,64.0
-55.13,1625449482.0,64.0
-43.98,1625449482.0,64.0
-30.56,1625449482.0,64.0
-16.19,1625449482.0,64.0
-1.88,1625449482.0,64.0
11.77,1625449482.0,64.0
24.47,1625449482.0,64.0
35.97,1625449482.0,64.0
45.92,1625449482.0,64.0
53.87,1625449482.0,64.0
59.55,1625449482.0,64.0
63.02,1625449482.0,64.0
64.77,1625449482.0,64.0
65.59,1625449482.0,64.0
66.2,1625449482.0,64.0
67.0,1625449482.0,64.0
67.93,1625449482.0,64.0
68.45,1625449482.0,64.0
67.97,1625449482.0,64.0
66.02,1625449482.0,64.0
62.6,1625449482.0,64.0
58.03,1625449482.0,64.0
52.81,1625449482.0,64.0
47.39,1625449482.0,64.0
41.94,1625449482.0,64.0
36.4,1625449482.0,64.0
30.6,1625449482.0,64.0
24.41,1625449482.0,64.0
17.83,1625449482.0,64.0
11.06,1625449482.0,64.0
4.28,1625449482.0,64.0
-2.33,1625449482.0,64.0
-8.69,1625449482.0,64.0
-14.81,1625449482.0,64.0
-20.79,1625449482.0,64.0
-26.76,1625449482.0,64.0
-32.86,1625449482.0,64.0
-39.25,1625449482.0,64.0
-46.13,1625449482.0,64.0
-53.62,1625449482.0,64.0
-61.76,1625449482.0,64.0
-70.27,1625449482.0,64.0
-78.53,1625449482.0,64.0
-85.5,1625449482.0,64.0
-89.92,1625449482.0,64.0
-90.69,1625449482.0,64.0
-87.17,1625449482.0,64.0
-79.45,1625449482.0,64.0
-68.25,1625449482.0,64.0
-54.7,1625449482.0,64.0
-39.86,1625449482.0,64.0
-24.56,1625449482.0,64.0
-9.33,1625449482.0,64.0
5.43,1625449482.0,64.0
19.2,1625449482.0,64.0
31.29,1625449482.0,64.0
40.95,1625449482.0,64.0
47.71,1625449482.0,64.0
51.63,1625449482.0,64.0
53.32,1625449482.0,64.0
53.72,1625449482.0,64.0
53.72,1625449482.0,64.0
53.88,1625449482.0,64.0
54.22,1625449482.0,64.0
54.36,1625449482.0,64.0
53.81,1625449482.0,64.0
52.23,1625449482.0,64.0
49.55,1625449482.0,64.0
45.95,1625449482.0,64.0
41.72,1625449482.0,64.0
37.03,1625449482.0,64.0
31.93,1625449482.0,64.0
26.37,1625449482.0,64.0
20.33,1625449482.0,64.0
13.87,1625449482.0,64.0
7.22,1625449482.0,64.0
0.66,1625449482.0,64.0
-5.59,1625449482.0,64.0
-11.38,1625449482.0,64.0
-16.75,1625449482.0,64.0
-21.84,1625449482.0,64.0
-26.87,1625449482.0,64.0
-32.09,1625449482.0,64.0
-37.71,1625449482.0,64.0
-43.89,1625449482.0,64.0
-50.72,1625449482.0,64.0
-58.26,1625449482.0,64.0
-66.47,1625449482.0,64.0
-75.17,1625449482.0,64.0
-83.92,1625449482.0,64.0
-91.95,1625449482.0,64.0
-98.24,1625449482.0,64.0
-101.64,1625449482.0,64.0
-101.19,1625449482.0,64.0
-96.32,1625449482.0,64.0
-87.09,1625449482.0,64.0
-74.12,1625449482.0,64.0
-58.41,1625449482.0,64.0
-41.05,1625449482.0,64.0
-22.96,1625449482.0,64.0
-4.88,1625449482.0,64.0
12.6,1625449482.0,64.0
28.81,1625449482.0,64.0
43.04,1625449482.0,64.0
54.55,1625449482.0,64.0
62.85,1625449482.0,64.0
67.94,1625449482.0,64.0
70.37,1625449482.0,64.0
71.14,1625449482.0,64.0
71.34,1625449482.0,64.0
71.72,1625449482.0,64.0
72.51,1625449482.0,64.0
73.36,1625449482.0,64.0
73.66,1625449482.0,64.0
72.85,1625449482.0,64.0
70.68,1625449482.0,64.0
67.25,1625449482.0,64.0
62.87,1625449482.0,64.0
57.86,1625449482.0,64.0
52.44,1625449482.0,64.0
46.7,1625449482.0,64.0
40.67,1625449482.0,64.0
34.4,1625449482.0,64.0
27.97,1625449482.0,64.0
21.46,1625449482.0,64.0
14.89,1625449482.0,64.0
8.26,1625449482.0,64.0
1.54,1625449482.0,64.0
-5.28,1625449482.0,64.0
-12.15,1625449482.0,64.0
-19.0,1625449482.0,64.0
-25.77,1625449482.0,64.0
-32.45,1625449482.0,64.0
-39.12,1625449482.0,64.0
-45.95,1625449482.0,64.0
-53.14,1625449482.0,64.0
-60.89,1625449482.0,64.0
-69.21,1625449482.0,64.0
-77.81,1625449482.0,64.0
-85.93,1625449482.0,64.0
-92.41,1625449482.0,64.0
-95.83,1625449482.0,64.0
-95.02,1625449482.0,64.0
-89.35,1625449482.0,64.0
-78.97,1625449482.0,64.0
-64.79,1625449482.0,64.0
-48.07,1625449482.0,64.0
-30.08,1625449482.0,64.0
-11.78,1625449482.0,64.0
6.22,1625449482.0,64.0
23.4,1625449482.0,64.0
39.15,1625449482.0,64.0
52.65,1625449482.0,64.0
63.15,1625449482.0,64.0
70.23,1625449482.0,64.0
74.1,1625449482.0,64.0
75.6,1625449482.0,64.0
75.84,1625449482.0,64.0
75.86,1625449482.0,64.0
76.15,1625449482.0,64.0
76.59,1625449482.0,64.0
76.66,1625449482.0,64.0
75.71,1625449482.0,64.0
73.37,1625449482.0,64.0
69.68,1625449482.0,64.0
64.98,1625449482.0,64.0
59.69,1625449482.0,64.0
54.11,1625449482.0,64.0
48.31,1625449482.0,64.0
42.24,1625449482.0,64.0
35.86,1625449482.0,64.0
29.25,1625449482.0,64.0
22.64,1625449482.0,64.0
16.29,1625449482.0,64.0
10.37,1625449482.0,64.0
4.82,1625449482.0,64.0
-0.52,1625449482.0,64.0
-5.85,1625449482.0,64.0
-11.27,1625449482.0,64.0
-16.74,1625449482.0,64.0
-22.15,1625449482.0,64.0
-27.43,1625449482.0,64.0
-32.61,1625449482.0,64.0
-37.89,1625449482.0,64.0
-43.51,1625449482.0,64.0
-49.73,1625449482.0,64.0
-56.67,1625449482.0,64.0
-64.26,1625449482.0,64.0
-72.15,1625449482.0,64.0
-79.61,1625449482.0,64.0
-85.62,1625449482.0,64.0
-89.0,1625449482.0,64.0
-88.68,1625449482.0,64.0
-84.05,1625449482.0,64.0
-75.07,1625449482.0,64.0
-62.37,1625449482.0,64.0
-46.92,1625449482.0,64.0
-29.79,1625449482.0,64.0
-11.93,1625449482.0,64.0
5.9,1625449482.0,64.0
22.97,1625449482.0,64.0
38.48,1625449482.0,64.0
51.57,1625449482.0,64.0
61.54,1625449482.0,64.0
68.07,1625449482.0,64.0
71.45,1625449482.0,64.0
72.47,1625449482.0,64.0
72.16,1625449482.0,64.0
71.44,1625449482.0,64.0
70.82,1625449482.0,64.0
70.36,1625449482.0,64.0
69.82,1625449482.0,64.0
68.83,1625449482.0,64.0
67.16,1625449482.0,64.0
64.73,1625449482.0,64.0
61.58,1625449482.0,64.0
57.8,1625449482.0,64.0
53.45,1625449482.0,64.0
48.57,1625449482.0,64.0
43.21,1625449482.0,64.0
37.49,1625449482.0,64.0
31.6,1625449482.0,64.0
25.76,1625449482.0,64.0
20.19,1625449482.0,64.0
15.03,1625449482.0,64.0
10.26,1625449482.0,64.0
5.73,1625449482.0,64.0
1.16,1625449482.0,64.0
-3.73,1625449482.0,64.0
-9.09,1625449482.0,64.0
-14.9,1625449482.0,64.0
-20.98,1625449482.0,64.0
-27.11,1625449482.0,64.0
-33.11,1625449482.0,64.0
-38.97,1625449482.0,64.0
-44.84,1625449482.0,64.0
-50.93,1625449482.0,64.0
-57.44,1625449482.0,64.0
-64.48,1625449482.0,64.0
-71.96,1625449482.0,64.0
-79.53,1625449482.0,64.0
-86.57,1625449482.0,64.0
-92.18,1625449482.0,64.0
-95.28,1625449482.0,64.0
-94.85,1625449482.0,64.0
-90.25,1625449482.0,64.0
-81.44,1625449482.0,64.0
-68.97,1625449482.0,64.0
-53.83,1625449482.0,64.0
-37.09,1625449482.0,64.0
-19.74,1625449482.0,64.0
-2.55,1625449482.0,64.0
13.81,1625449482.0,64.0
28.63,1625449482.0,64.0
41.15,1625449482.0,64.0
50.8,1625449482.0,64.0
57.38,1625449482.0,64.0
61.23,1625449482.0,64.0
63.14,1625449482.0,64.0
64.06,1625449482.0,64.0
64.73,1625449482.0,64.0
65.43,1625449482.0,64.0
66.04,1625449482.0,64.0
66.17,1625449482.0,64.0
65.51,1625449482.0,64.0
63.95,1625449482.0,64.0
61.61,1625449482.0,64.0
58.7,1625449482.0,64.0
55.39,1625449482.0,64.0
51.65,1625449482.0,64.0
47.32,1625449482.0,64.0
42.24,1625449482.0,64.0
36.36,1625449482.0,64.0
29.92,1625449482.0,64.0
23.31,1625449482.0,64.0
17.06,1625449482.0,64.0
11.53,1625449482.0,64.0
6.79,1625449482.0,64.0
2.59,1625449482.0,64.0
-1.5,1625449482.0,64.0
-5.92,1625449482.0,64.0
-10.85,1625449482.0,64.0
-16.18,1625449482.0,64.0
-21.6,1625449482.0,64.0
-26.81,1625449482.0,64.0
-31.71,1625449482.0,64.0
-36.48,1625449482.0,64.0
-41.49,1625449482.0,64.0
-47.07,1625449482.0,64.0
-53.41,1625449482.0,64.0
-60.47,1625449482.0,64.0
-68.03,1625449482.0,64.0
-75.78,1625449482.0,64.0
-83.25,1625449482.0,64.0
-89.82,1625449482.0,64.0
-94.61,1625449482.0,64.0
-96.6,1625449482.0,64.0
-94.84,1625449482.0,64.0
-88.78,1625449482.0,64.0
-78.53,1625449482.0,64.0
-64.85,1625449482.0,64.0
-48.98,1625449482.0,64.0
-32.25,1625449482.0,64.0
-15.78,1625449482.0,64.0
-0.42,1625449482.0,64.0
13.28,1625449482.0,64.0
24.9,1625449482.0,64.0
34.07,1625449482.0,64.0
40.61,1625449482.0,64.0
44.59,1625449482.0,64.0
46.46,1625449482.0,64.0
46.98,1625449482.0,64.0
46.96,1625449482.0,64.0
47.03,1625449482.0,64.0
47.39,1625449482.0,64.0
47.86,1625449482.0,64.0
48.05,1625449482.0,64.0
47.61,1625449482.0,64.0
46.43,1625449482.0,64.0
44.58,1625449482.0,64.0
42.25,1625449482.0,64.0
39.58,1625449482.0,64.0
36.55,1625449482.0,64.0
33.03,1625449482.0,64.0
28.91,1625449482.0,64.0
24.21,1625449482.0,64.0
19.18,1625449482.0,64.0
14.2,1625449482.0,64.0
9.63,1625449482.0,64.0
5.67,1625449482.0,64.0
2.23,1625449482.0,64.0
-0.97,1625449482.0,64.0
-4.34,1625449482.0,64.0
-8.22,1625449482.0,64.0
-12.71,1625449482.0,64.0
-17.71,1625449482.0,64.0
-22.96,1625449482.0,64.0
-28.15,1625449482.0,64.0
-33.1,1625449482.0,64.0
-37.79,1625449482.0,64.0
-42.37,1625449482.0,64.0
-47.1,1625449482.0,64.0
-52.28,1625449482.0,64.0
-58.09,1625449482.0,64.0
-64.52,1625449482.0,64.0
-71.26,1625449482.0,64.0
-77.56,1625449482.0,64.0
-82.41,1625449482.0,64.0
-84.65,1625449482.0,64.0
-83.35,1625449482.0,64.0
-78.07,1625449482.0,64.0
-69.01,1625449482.0,64.0
-56.98,1625449482.0,64.0
-43.08,1625449482.0,64.0
-28.48,1625449482.0,64.0
-14.13,1625449482.0,64.0
-0.78,1625449482.0,64.0
11.05,1625449482.0,64.0
20.97,1625449482.0,64.0
28.72,1625449482.0,64.0
34.25,1625449482.0,64.0
37.78,1625449482.0,64.0
39.85,1625449482.0,64.0
41.1,1625449482.0,64.0
42.18,1625449482.0,64.0
43.44,1625449482.0,64.0
44.94,1625449482.0,64.0
46.43,1625449482.0,64.0
47.46,1625449482.0,64.0
47.65,1625449482.0,64.0
46.74,1625449482.0,64.0
44.73,1625449482.0,64.0
41.77,1625449482.0,64.0
38.17,1625449482.0,64.0
34.19,1625449482.0,64.0
30.1,1625449482.0,64.0
26.04,1625449482.0,64.0
22.11,1625449482.0,64.0
18.34,1625449482.0,64.0
14.69,1625449482.0,64.0
11.12,1625449482.0,64.0
7.62,1625449482.0,64.0
4.19,1625449482.0,64.0
0.87,1625449482.0,64.0
-2.27,1625449482.0,64.0
-5.23,1625449482.0,64.0
-8.11,1625449482.0,64.0
-11.07,1625449482.0,64.0
-14.31,1625449482.0,64.0
-17.95,1625449482.0,64.0
-22.05,1625449482.0,64.0
-26.6,1625449482.0,64.0
-31.6,1625449482.0,64.0
-37.05,1625449482.0,64.0
-42.86,1625449482.0,64.0
-48.72,1625449482.0,64.0
-53.93,1625449482.0,64.0
-57.54,1625449482.0,64.0
-58.48,1625449482.0,64.0
-55.98,1625449482.0,64.0
-49.87,1625449482.0,64.0
-40.65,1625449482.0,64.0
-29.27,1625449482.0,64.0
-16.79,1625449482.0,64.0
-4.05,1625449482.0,64.0
8.45,1625449482.0,64.0
20.34,1625449482.0,64.0
31.23,1625449482.0,64.0
40.53,1625449482.0,64.0
47.61,1625449482.0,64.0
52.09,1625449482.0,64.0
54.08,1625449482.0,64.0
54.18,1625449482.0,64.0
53.37,1625449482.0,64.0
52.56,1625449482.0,64.0
52.26,1625449482.0,64.0
52.48,1625449482.0,64.0
52.78,1625449482.0,64.0
52.61,1625449482.0,64.0
51.55,1625449482.0,64.0
49.47,1625449482.0,64.0
46.47,1625449482.0,64.0
42.82,1625449482.0,64.0
38.73,1625449482.0,64.0
34.35,1625449482.0,64.0
29.72,1625449482.0,64.0
24.88,1625449482.0,64.0
19.88,1625449482.0,64.0
14.83,1625449482.0,64.0
9.88,1625449482.0,64.0
5.11,1625449482.0,64.0
0.59,1625449482.0,64.0
-3.75,1625449482.0,64.0
-8.02,1625449482.0,64.0
-12.32,1625449482.0,64.0
-16.82,1625449482.0,64.0
-21.65,1625449482.0,64.0
-26.95,1625449482.0,64.0
-32.83,1625449482.0,64.0
-39.37,1625449482.0,64.0
-46.65,1625449482.0,64.0
-54.6,1625449482.0,64.0
-63.01,1625449482.0,64.0
-71.3,1625449482.0,64.0
-78.59,1625449482.0,64.0
-83.73,1625449482.0,64.0
-85.64,1625449482.0,64.0
-83.64,1625449482.0,64.0
-77.61,1625449482.0,64.0
-68.04,1625449482.0,64.0
-55.81,1625449482.0,64.0
-41.93,1625449482.0,64.0
-27.22,1625449482.0,64.0
-12.33,1625449482.0,64.0
2.2,1625449482.0,64.0
15.8,1625449482.0,64.0
27.76,1625449482.0,64.0
37.41,1625449482.0,64.0
44.3,1625449482.0,64.0
48.44,1625449482.0,64.0
50.31,1625449482.0,64.0
50.77,1625449482.0,64.0
50.66,1625449482.0,64.0
50.64,1625449482.0,64.0
50.86,1625449482.0,64.0
51.18,1625449482.0,64.0
51.2,1625449482.0,64.0
50.54,1625449482.0,64.0
48.97,1625449482.0,64.0
46.41,1625449482.0,64.0
42.92,1625449482.0,64.0
38.61,1625449482.0,64.0
33.66,1625449482.0,64.0
28.24,1625449482.0,64.0
22.53,1625449482.0,64.0
16.69,1625449482.0,64.0
10.82,1625449482.0,64.0
5.05,1625449482.0,64.0
-0.55,1625449482.0,64.0
-5.83,1625449482.0,64.0
-10.69,1625449482.0,64.0
-15.12,1625449482.0,64.0
-19.25,1625449482.0,64.0
-23.38,1625449482.0,64.0
-27.87,1625449482.0,64.0
-33.06,1625449482.0,64.0
-39.15,1625449482.0,64.0
-46.23,1625449482.0,64.0
-54.27,1625449482.0,64.0
-63.12,1625449482.0,64.0
-72.52,1625449482.0,64.0
-81.92,1625449482.0,64.0
-90.49,1625449482.0,64.0
-97.09,1625449482.0,64.0
-100.52,1625449482.0,64.0
-99.81,1625449482.0,64.0
-94.51,1625449482.0,64.0
-84.86,1625449482.0,64.0
-71.66,1625449482.0,64.0
-56.07,1625449482.0,64.0
-39.17,1625449482.0,64.0
-21.88,1625449482.0,64.0
-4.82,1625449482.0,64.0
11.43,1625449482.0,64.0
26.27,1625449482.0,64.0
39.02,1625449482.0,64.0
49.07,1625449482.0,64.0
56.15,1625449482.0,64.0
60.48,1625449482.0,64.0
62.77,1625449482.0,64.0
63.91,1625449482.0,64.0
64.66,1625449482.0,64.0
65.38,1625449482.0,64.0
66.0,1625449482.0,64.0
66.14,1625449482.0,64.0
65.47,1625449482.0,64.0
63.8,1625449482.0,64.0
61.18,1625449482.0,64.0
57.84,1625449482.0,64.0
53.93,1625449482.0,64.0
49.51,1625449482.0,64.0
44.55,1625449482.0,64.0
39.03,1625449482.0,64.0
33.07,1625449482.0,64.0
26.95,1625449482.0,64.0
21.01,1625449482.0,64.0
15.5,1625449482.0,64.0
10.45,1625449482.0,64.0
5.68,1625449482.0,64.0
0.9,1625449482.0,64.0
-4.13,1625449482.0,64.0
-9.5,1625449482.0,64.0
-15.17,1625449482.0,64.0
-21.09,1625449482.0,64.0
-27.24,1625449482.0,64.0
-33.75,1625449482.0,64.0
-40.8,1625449482.0,64.0
-48.59,1625449482.0,64.0
-57.19,1625449482.0,64.0
-66.52,1625449482.0,64.0
-76.19,1625449482.0,64.0
-85.48,1625449482.0,64.0
-93.3,1625449482.0,64.0
-98.41,1625449482.0,64.0
-99.63,1625449482.0,64.0
-96.25,1625449482.0,64.0
-88.23,1625449482.0,64.0
-76.23,1625449482.0,64.0
-61.32,1625449482.0,64.0
-44.68,1625449482.0,64.0
-27.24,1625449482.0,64.0
-9.68,1625449482.0,64.0
7.49,1625449482.0,64.0
23.68,1625449482.0,64.0
38.13,1625449482.0,64.0
50.04,1625449482.0,64.0
58.82,1625449482.0,64.0
64.43,1625449482.0,64.0
67.39,1625449482.0,64.0
68.66,1625449482.0,64.0
69.24,1625449482.0,64.0
69.86,1625449482.0,64.0
70.72,1625449482.0,64.0
71.59,1625449482.0,64.0
71.96,1625449482.0,64.0
71.34,1625449482.0,64.0
69.44,1625449482.0,64.0
66.19,1625449482.0,64.0
61.74,1625449482.0,64.0
56.33,1625449482.0,64.0
50.2,1625449482.0,64.0
43.64,1625449482.0,64.0
36.91,1625449482.0,64.0
30.29,1625449482.0,64.0
24.0,1625449482.0,64.0
18.14,1625449482.0,64.0
12.68,1625449482.0,64.0
7.49,1625449482.0,64.0
2.42,1625449482.0,64.0
-2.67,1625449482.0,64.0
-7.84,1625449482.0,64.0
-13.08,1625449482.0,64.0
-18.39,1625449482.0,64.0
-23.84,1625449482.0,64.0
-29.49,1625449482.0,64.0
-35.47,1625449482.0,64.0
-41.94,1625449482.0,64.0
-49.05,1625449482.0,64.0
-56.89,1625449482.0,64.0
-65.37,1625449482.0,64.0
-74.06,1625449482.0,64.0
-82.09,1625449482.0,64.0
-88.22,1625449482.0,64.0
-91.06,1625449482.0,64.0
-89.57,1625449482.0,64.0
-83.33,1625449482.0,64.0
-72.7,1625449482.0,64.0
-58.68,1625449482.0,64.0
-42.52,1625449482.0,64.0
-25.37,1625449482.0,64.0
-8.05,1625449482.0,64.0
8.84,1625449482.0,64.0
24.74,1625449482.0,64.0
38.98,1625449482.0,64.0
50.78,1625449482.0,64.0
59.51,1625449482.0,64.0
64.99,1625449482.0,64.0
67.67,1625449482.0,64.0
68.46,1625449482.0,64.0
68.39,1625449482.0,64.0
68.27,1625449482.0,64.0
68.38,1625449482.0,64.0
68.58,1625449482.0,64.0
68.4,1625449482.0,64.0
67.41,1625449482.0,64.0
65.37,1625449482.0,64.0
62.26,1625449482.0,64.0
58.23,1625449482.0,64.0
53.52,1625449482.0,64.0
48.35,1625449482.0,64.0
42.93,1625449482.0,64.0
37.43,1625449482.0,64.0
31.94,1625449482.0,64.0
26.54,1625449482.0,64.0
21.29,1625449482.0,64.0
16.19,1625449482.0,64.0
11.23,1625449482.0,64.0
6.38,1625449482.0,64.0
1.53,1625449482.0,64.0
-3.42,1625449482.0,64.0
-8.62,1625449482.0,64.0
-14.11,1625449482.0,64.0
-19.91,1625449482.0,64.0
-25.94,1625449482.0,64.0
-32.15,1625449482.0,64.0
-38.5,1625449482.0,64.0
-45.03,1625449482.0,64.0
-51.81,1625449482.0,64.0
-58.96,1625449482.0,64.0
-66.47,1625449482.0,64.0
-74.07,1625449482.0,64.0
-81.08,1625449482.0,64.0
-86.48,1625449482.0,64.0
-89.04,1625449482.0,64.0
-87.71,1625449482.0,64.0
-81.98,1625449482.0,64.0
-72.03,1625449482.0,64.0
-58.74,1625449482.0,64.0
-43.31,1625449482.0,64.0
-26.93,1625449482.0,64.0
-10.54,1625449482.0,64.0
5.16,1625449482.0,64.0
19.65,1625449482.0,64.0
32.32,1625449482.0,64.0
42.57,1625449482.0,64.0
49.95,1625449482.0,64.0
54.47,1625449482.0,64.0
56.65,1625449482.0,64.0
57.42,1625449482.0,64.0
57.73,1625449482.0,64.0
58.2,1625449482.0,64.0
58.98,1625449482.0,64.0
59.75,1625449482.0,64.0
60.03,1625449482.0,64.0
59.47,1625449482.0,64.0
57.93,1625449482.0,64.0
55.56,1625449482.0,64.0
52.53,1625449482.0,64.0
48.94,1625449482.0,64.0
44.77,1625449482.0,64.0
39.97,1625449482.0,64.0
34.56,1625449482.0,64.0
28.7,1625449482.0,64.0
22.68,1625449482.0,64.0
16.81,1625449482.0,64.0
11.28,1625449482.0,64.0
6.15,1625449482.0,64.0
1.27,1625449482.0,64.0
-3.57,1625449482.0,64.0
-8.57,1625449482.0,64.0
-13.84,1625449482.0,64.0
-19.33,1625449482.0,64.0
-24.92,1625449482.0,64.0
-30.44,1625449482.0,64.0
-35.83,1625449482.0,64.0
-41.1,1625449482.0,64.0
-46.42,1625449482.0,64.0
-51.98,1625449482.0,64.0
-57.99,1625449482.0,64.0
-64.52,1625449482.0,64.0
-71.4,1625449482.0,64.0
-78.07,1625449482.0,64.0
-83.58,1625449482.0,64.0
-86.72,1625449482.0,64.0
-86.35,1625449482.0,64.0
-81.8,1625449482.0,64.0
-73.12,1625449482.0,64.0
-61.07,1625449482.0,64.0
-46.83,1625449482.0,64.0
-31.66,1625449482.0,64.0
-16.54,1625449482.0,64.0
-2.14,1625449482.0,64.0
11.03,1625449482.0,64.0
22.46,1625449482.0,64.0
31.63,1625449482.0,64.0
38.13,1625449482.0,64.0
42.03,1625449482.0,64.0
43.88,1625449482.0,64.0
44.66,1625449482.0,64.0
45.29,1625449482.0,64.0
46.33,1625449482.0,64.0
47.72,1625449482.0,64.0
48.93,1625449482.0,64.0
49.34,1625449482.0,64.0
48.54,1625449482.0,64.0
46.53,1625449482.0,64.0
43.64,1625449482.0,64.0
40.31,1625449482.0,64.0
36.81,1625449482.0,64.0
33.17,1625449482.0,64.0
29.26,1625449482.0,64.0
24.97,1625449482.0,64.0
20.38,1625449482.0,64.0
15.7,1625449482.0,64.0
11.21,1625449482.0,64.0
7.05,1625449482.0,64.0
3.2,1625449482.0,64.0
-0.54,1625449482.0,64.0
-4.34,1625449482.0,64.0
-8.33,1625449482.0,64.0
-12.47,1625449482.0,64.0
-16.63,1625449482.0,64.0
-20.77,1625449482.0,64.0
-24.93,1625449482.0,64.0
-29.29,1625449482.0,64.0
-34.06,1625449482.0,64.0
-39.43,1625449482.0,64.0
-45.45,1625449482.0,64.0
-52.06,1625449482.0,64.0
-58.95,1625449482.0,64.0
-65.56,1625449482.0,64.0
-71.03,1625449482.0,64.0
-74.34,1625449482.0,64.0
-74.47,1625449482.0,64.0
-70.82,1625449482.0,64.0
-63.31,1625449482.0,64.0
-52.51,1625449482.0,64.0
-39.39,1625449482.0,64.0
-25.07,1625449482.0,64.0
-10.49,1625449482.0,64.0
3.57,1625449482.0,64.0
16.51,1625449482.0,64.0
27.71,1625449482.0,64.0
36.54,1625449482.0,64.0
42.61,1625449482.0,64.0
45.95,1625449482.0,64.0
47.17,1625449482.0,64.0
47.31,1625449482.0,64.0
47.47,1625449482.0,64.0
48.36,1625449482.0,64.0
50.15,1625449482.0,64.0
52.44,1625449482.0,64.0
54.56,1625449482.0,64.0
55.91,1625449482.0,64.0
56.18,1625449482.0,64.0
55.32,1625449482.0,64.0
53.52,1625449482.0,64.0
51.04,1625449482.0,64.0
48.1,1625449482.0,64.0
44.84,1625449482.0,64.0
41.32,1625449482.0,64.0
37.58,1625449482.0,64.0
33.6,1625449482.0,64.0
29.34,1625449482.0,64.0
24.8,1625449482.0,64.0
20.0,1625449482.0,64.0
15.02,1625449482.0,64.0
9.92,1625449482.0,64.0
4.81,1625449482.0,64.0
-0.26,1625449482.0,64.0
-5.26,1625449482.0,64.0
-10.18,1625449482.0,64.0
-15.1,1625449482.0,64.0
-20.15,1625449482.0,64.0
-25.6,1625449482.0,64.0
-31.73,1625449482.0,64.0
-38.73,1625449482.0,64.0
-46.41,1625449482.0,64.0
-54.13,1625449482.0,64.0
-60.81,1625449482.0,64.0
-65.1,1625449482.0,64.0
-65.92,1625449482.0,64.0
-62.67,1625449482.0,64.0
-55.54,1625449482.0,64.0
-45.29,1625449482.0,64.0
-33.05,1625449482.0,64.0
-19.87,1625449482.0,64.0
-6.6,1625449482.0,64.0
6.22,1625449482.0,64.0
18.14,1625449482.0,64.0
28.63,1625449482.0,64.0
37.19,1625449482.0,64.0
43.4,1625449482.0,64.0
47.18,1625449482.0,64.0
48.95,1625449482.0,64.0
49.47,1625449482.0,64.0
49.63,1625449482.0,64.0
50.1,1625449482.0,64.0
51.12,1625449482.0,64.0
52.42,1625449482.0,64.0
53.45,1625449482.0,64.0
53.65,1625449482.0,64.0
52.69,1625449482.0,64.0
50.51,1625449482.0,64.0
47.26,1625449482.0,64.0
43.13,1625449482.0,64.0
38.26,1625449482.0,64.0
32.69,1625449482.0,64.0
26.42,1625449482.0,64.0
19.56,1625449482.0,64.0
12.3,1625449482.0,64.0
4.91,1625449482.0,64.0
-2.32,1625449482.0,64.0
-9.12,1625449482.0,64.0
-15.39,1625449482.0,64.0
-21.15,1625449482.0,64.0
-26.52,1625449482.0,64.0
-31.72,1625449482.0,64.0
-36.92,1625449482.0,64.0
-42.31,1625449482.0,64.0
-48.05,1625449482.0,64.0
-54.22,1625449482.0,64.0
-60.93,1625449482.0,64.0
-68.21,1625449482.0,64.0
-75.89,1625449482.0,64.0
-83.45,1625449482.0,64.0
-90.02,1625449482.0,64.0
-94.44,1625449482.0,64.0
-95.61,1625449482.0,64.0
-92.83,1625449482.0,64.0
-86.03,1625449482.0,64.0
-75.79,1625449482.0,64.0
-62.99,1625449482.0,64.0
-48.55,1625449482.0,64.0
-33.15,1625449482.0,64.0
-17.25,1625449482.0,64.0
-1.28,1625449482.0,64.0
14.1,1625449482.0,64.0
27.94,1625449482.0,64.0
39.24,1625449482.0,64.0
47.28,1625449482.0,64.0
51.96,1625449482.0,64.0
53.95,1625449482.0,64.0
54.42,1625449482.0,64.0
54.58,1625449482.0,64.0
55.26,1625449482.0,64.0
56.63,1625449482.0,64.0
58.21,1625449482.0,64.0
59.24,1625449482.0,64.0
59.09,1625449482.0,64.0
57.47,1625449482.0,64.0
54.55,1625449482.0,64.0
50.73,1625449482.0,64.0
46.38,1625449482.0,64.0
41.7,1625449482.0,64.0
36.69,1625449482.0,64.0
31.23,1625449482.0,64.0
25.3,1625449482.0,64.0
19.0,1625449482.0,64.0
12.56,1625449482.0,64.0
6.2,1625449482.0,64.0
-0.0,1625449482.0,64.0
-6.09,1625449482.0,64.0
-12.2,1625449482.0,64.0
-18.44,1625449482.0,64.0
-24.88,1625449482.0,64.0
-31.48,1625449482.0,64.0
-38.17,1625449482.0,64.0
-44.91,1625449482.0,64.0
-51.79,1625449482.0,64.0
-58.96,1625449482.0,64.0
-66.59,1625449482.0,64.0
-74.62,1625449482.0,64.0
-82.63,1625449482.0,64.0
-89.77,1625449482.0,64.0
-94.86,1625449482.0,64.0
-96.67,1625449482.0,64.0
-94.35,1625449482.0,64.0
-87.64,1625449482.0,64.0
-76.99,1625449482.0,64.0
-63.35,1625449482.0,64.0
-47.81,1625449482.0,64.0
-31.28,1625449482.0,64.0
-14.42,1625449482.0,64.0
2.3,1625449482.0,64.0
18.3,1625449482.0,64.0
32.77,1625449482.0,64.0
44.81,1625449482.0,64.0
53.71,1625449482.0,64.0
59.31,1625449482.0,64.0
62.09,1625449482.0,64.0
63.03,1625449482.0,64.0
63.18,1625449482.0,64.0
63.31,1625449482.0,64.0
63.68,1625449482.0,64.0
64.07,1625449482.0,64.0
64.06,1625449482.0,64.0
63.28,1625449482.0,64.0
61.59,1625449482.0,64.0
59.03,1625449482.0,64.0
55.79,1625449482.0,64.0
51.95,1625449482.0,64.0
47.55,1625449482.0,64.0
42.57,1625449482.0,64.0
36.99,1625449482.0,64.0
30.89,1625449482.0,64.0
24.48,1625449482.0,64.0
17.96,1625449482.0,64.0
11.54,1625449482.0,64.0
5.32,1625449482.0,64.0
-0.71,1625449482.0,64.0
-6.65,1625449482.0,64.0
-12.57,1625449482.0,64.0
-18.53,1625449482.0,64.0
-24.53,1625449482.0,64.0
-30.52,1625449482.0,64.0
-36.53,1625449482.0,64.0
-42.6,1625449482.0,64.0
-48.88,1625449482.0,64.0
-55.52,1625449482.0,64.0
-62.65,1625449482.0,64.0
-70.26,1625449482.0,64.0
-78.08,1625449482.0,64.0
-85.45,1625449482.0,64.0
-91.31,1625449482.0,64.0
-94.46,1625449482.0,64.0
-93.76,1625449482.0,64.0
-88.63,1625449482.0,64.0
-79.19,1625449482.0,64.0
-66.24,1625449482.0,64.0
-50.97,1625449482.0,64.0
-34.55,1625449482.0,64.0
-17.86,1625449482.0,64.0
-1.47,1625449482.0,64.0
14.13,1625449482.0,64.0
28.38,1625449482.0,64.0
40.6,1625449482.0,64.0
50.15,1625449482.0,64.0
56.82,1625449482.0,64.0
60.87,1625449482.0,64.0
62.98,1625449482.0,64.0
63.98,1625449482.0,64.0
64.52,1625449482.0,64.0
64.9,1625449482.0,64.0
65.11,1625449482.0,64.0
64.99,1625449482.0,64.0
64.34,1625449482.0,64.0
63.04,1625449482.0,64.0
61.03,1625449482.0,64.0
58.23,1625449482.0,64.0
54.6,1625449482.0,64.0
50.13,1625449482.0,64.0
44.91,1625449482.0,64.0
39.18,1625449482.0,64.0
33.25,1625449482.0,64.0
27.43,1625449482.0,64.0
21.93,1625449482.0,64.0
16.78,1625449482.0,64.0
11.88,1625449482.0,64.0
7.02,1625449482.0,64.0
1.99,1625449482.0,64.0
-3.36,1625449482.0,64.0
-9.07,1625449482.0,64.0
-15.03,1625449482.0,64.0
-21.1,1625449482.0,64.0
-27.16,1625449482.0,64.0
-33.18,1625449482.0,64.0
-39.26,1625449482.0,64.0
-45.55,1625449482.0,64.0
-52.28,1625449482.0,64.0
-59.59,1625449482.0,64.0
-67.48,1625449482.0,64.0
-75.65,1625449482.0,64.0
-83.41,1625449482.0,64.0
-89.74,1625449482.0,64.0
-93.42,1625449482.0,64.0
-93.41,1625449482.0,64.0
-89.09,1625449482.0,64.0
-80.48,1625449482.0,64.0
-68.18,1625449482.0,64.0
-53.14,1625449482.0,64.0
-36.41,1625449482.0,64.0
-18.94,1625449482.0,64.0
-1.53,1625449482.0,64.0
15.06,1625449482.0,64.0
30.08,1625449482.0,64.0
42.75,1625449482.0,64.0
52.48,1625449482.0,64.0
59.05,1625449482.0,64.0
62.77,1625449482.0,64.0
64.36,1625449482.0,64.0
64.82,1625449482.0,64.0
64.99,1625449482.0,64.0
65.35,1625449482.0,64.0
65.94,1625449482.0,64.0
66.44,1625449482.0,64.0
66.41,1625449482.0,64.0
65.57,1625449482.0,64.0
63.77,1625449482.0,64.0
61.03,1625449482.0,64.0
57.4,1625449482.0,64.0
52.89,1625449482.0,64.0
47.52,1625449482.0,64.0
41.43,1625449482.0,64.0
34.92,1625449482.0,64.0
28.41,1625449482.0,64.0
22.29,1625449482.0,64.0
16.77,1625449482.0,64.0
11.83,1625449482.0,64.0
7.19,1625449482.0,64.0
2.5,1625449482.0,64.0
-2.47,1625449482.0,64.0
-7.77,1625449482.0,64.0
-13.27,1625449482.0,64.0
-18.81,1625449482.0,64.0
-24.3,1625449482.0,64.0
-29.82,1625449482.0,64.0
-35.57,1625449482.0,64.0
-41.78,1625449482.0,64.0
-48.62,1625449482.0,64.0
-56.15,1625449482.0,64.0
-64.31,1625449482.0,64.0
-72.83,1625449482.0,64.0
-81.2,1625449482.0,64.0
-88.58,1625449482.0,64.0
-93.88,1625449482.0,64.0
-95.95,1625449482.0,64.0
-93.88,1625449482.0,64.0
-87.32,1625449482.0,64.0
-76.59,1625449482.0,64.0
-62.63,1625449482.0,64.0
-46.64,1625449482.0,64.0
-29.77,1625449482.0,64.0
-12.96,1625449482.0,64.0
3.03,1625449482.0,64.0
17.5,1625449482.0,64.0
29.76,1625449482.0,64.0
39.2,1625449482.0,64.0
45.51,1625449482.0,64.0
48.93,1625449482.0,64.0
50.26,1625449482.0,64.0
50.6,1625449482.0,64.0
50.99,1625449482.0,64.0
51.98,1625449482.0,64.0
53.53,1625449482.0,64.0
55.11,1625449482.0,64.0
56.01,1625449482.0,64.0
55.72,1625449482.0,64.0
54.13,1625449482.0,64.0
51.45,1625449482.0,64.0
48.08,1625449482.0,64.0
44.35,1625449482.0,64.0
40.4,1625449482.0,64.0
36.2,1625449482.0,64.0
31.66,1625449482.0,64.0
26.73,1625449482.0,64.0
21.52,1625449482.0,64.0
16.21,1625449482.0,64.0
11.0,1625449482.0,64.0
5.97,1625449482.0,64.0
1.08,1625449482.0,64.0
-3.78,1625449482.0,64.0
-8.73,1625449482.0,64.0
-13.78,1625449482.0,64.0
-18.91,1625449482.0,64.0
-24.05,1625449482.0,64.0
-29.23,1625449482.0,64.0
-34.52,1625449482.0,64.0
-40.03,1625449482.0,64.0
-45.85,1625449482.0,64.0
-52.05,1625449482.0,64.0
-58.64,1625449482.0,64.0
-65.52,1625449482.0,64.0
-72.4,1625449482.0,64.0
-78.64,1625449482.0,64.0
-83.23,1625449482.0,64.0
-85.03,1625449482.0,64.0
-83.04,1625449482.0,64.0
-76.81,1625449482.0,64.0
-66.67,1625449482.0,64.0
-53.62,1625449482.0,64.0
-38.93,1625449482.0,64.0
-23.77,1625449482.0,64.0
-8.94,1625449482.0,64.0
5.08,1625449482.0,64.0
17.85,1625449482.0,64.0
28.87,1625449482.0,64.0
37.54,1625449482.0,64.0
43.44,1625449482.0,64.0
46.59,1625449482.0,64.0
47.56,1625449482.0,64.0
47.32,1625449482.0,64.0
46.84,1625449482.0,64.0
46.77,1625449482.0,64.0
47.2,1625449482.0,64.0
47.8,1625449482.0,64.0
48.02,1625449482.0,64.0
47.45,1625449482.0,64.0
45.92,1625449482.0,64.0
43.59,1625449482.0,64.0
40.74,1625449482.0,64.0
37.64,1625449482.0,64.0
34.45,1625449482.0,64.0
31.22,1625449482.0,64.0
27.9,1625449482.0,64.0
24.49,1625449482.0,64.0
21.0,1625449482.0,64.0
17.52,1625449482.0,64.0
14.16,1625449482.0,64.0
10.92,1625449482.0,64.0
7.76,1625449482.0,64.0
4.57,1625449482.0,64.0
1.21,1625449482.0,64.0
-2.43,1625449482.0,64.0
-6.36,1625449482.0,64.0
-10.59,1625449482.0,64.0
-15.07,1625449482.0,64.0
-19.83,1625449482.0,64.0
-24.96,1625449482.0,64.0
-30.63,1625449482.0,64.0
-36.9,1625449482.0,64.0
-43.61,1625449482.0,64.0
-50.25,1625449482.0,64.0
-55.9,1625449482.0,64.0
-59.41,1625449482.0,64.0
-59.73,1625449482.0,64.0
-56.21,1625449482.0,64.0
-48.87,1625449482.0,64.0
-38.34,1625449482.0,64.0
-25.6,1625449482.0,64.0
-11.7,1625449482.0,64.0
2.47,1625449482.0,64.0
16.25,1625449482.0,64.0
29.02,1625449482.0,64.0
40.14,1625449482.0,64.0
48.94,1625449482.0,64.0
54.92,1625449482.0,64.0
58.01,1625449482.0,64.0
58.71,1625449482.0,64.0
57.94,1625449482.0,64.0
56.76,1625449482.0,64.0
55.97,1625449482.0,64.0
55.87,1625449482.0,64.0
56.21,1625449482.0,64.0
56.46,1625449482.0,64.0
56.04,1625449482.0,64.0
54.58,1625449482.0,64.0
51.98,1625449482.0,64.0
48.4,1625449482.0,64.0
44.11,1625449482.0,64.0
39.35,1625449482.0,64.0
34.31,1625449482.0,64.0
29.08,1625449482.0,64.0
23.69,1625449482.0,64.0
18.17,1625449482.0,64.0
12.58,1625449482.0,64.0
7.0,1625449482.0,64.0
1.54,1625449482.0,64.0
-3.76,1625449482.0,64.0
-8.91,1625449482.0,64.0
-14.02,1625449482.0,64.0
-19.21,1625449482.0,64.0
-24.62,1625449482.0,64.0
-30.34,1625449482.0,64.0
-36.42,1625449482.0,64.0
-42.93,1625449482.0,64.0
-49.95,1625449482.0,64.0
-57.49,1625449482.0,64.0
-65.32,1625449482.0,64.0
-72.91,1625449482.0,64.0
-79.35,1625449482.0,64.0
-83.49,1625449482.0,64.0
-84.29,1625449482.0,64.0
-81.1,1625449482.0,64.0
-73.91,1625449482.0,64.0
-63.3,1625449482.0,64.0
-50.21,1625449482.0,64.0
-35.65,1625449482.0,64.0
-20.46,1625449482.0,64.0
-5.3,1625449482.0,64.0
9.23,1625449482.0,64.0
22.44,1625449482.0,64.0
33.58,1625449482.0,64.0
42.0,1625449482.0,64.0
47.46,1625449482.0,64.0
50.29,1625449482.0,64.0
51.28,1625449482.0,64.0
51.4,1625449482.0,64.0
51.4,1625449482.0,64.0
51.59,1625449482.0,64.0
51.77,1625449482.0,64.0
51.5,1625449482.0,64.0
50.39,1625449482.0,64.0
48.25,1625449482.0,64.0
45.2,1625449482.0,64.0
41.5,1625449482.0,64.0
37.44,1625449482.0,64.0
33.2,1625449482.0,64.0
28.82,1625449482.0,64.0
24.24,1625449482.0,64.0
19.34,1625449482.0,64.0
14.05,1625449482.0,64.0
8.37,1625449482.0,64.0
2.4,1625449482.0,64.0
-3.64,1625449482.0,64.0
-9.52,1625449482.0,64.0
-15.06,1625449482.0,64.0
-20.23,1625449482.0,64.0
-25.18,1625449482.0,64.0
-30.22,1625449482.0,64.0
-35.63,1625449482.0,64.0
-41.67,1625449482.0,64.0
-48.43,1625449482.0,64.0
-55.88,1625449482.0,64.0
-63.79,1625449482.0,64.0
-71.78,1625449482.0,64.0
-79.2,1625449482.0,64.0
-85.08,1625449482.0,64.0
-88.29,1625449482.0,64.0
-87.81,1625449482.0,64.0
-83.06,1625449482.0,64.0
-74.09,1625449482.0,64.0
-61.6,1625449482.0,64.0
-46.61,1625449482.0,64.0
-30.23,1625449482.0,64.0
-13.31,1625449482.0,64.0
3.48,1625449482.0,64.0
19.5,1625449482.0,64.0
34.0,1625449482.0,64.0
46.09,1625449482.0,64.0
55.04,1625449482.0,64.0
60.51,1625449482.0,64.0
62.88,1625449482.0,64.0
63.07,1625449482.0,64.0
62.29,1625449482.0,64.0
61.49,1625449482.0,64.0
61.16,1625449482.0,64.0
61.16,1625449482.0,64.0
61.01,1625449482.0,64.0
60.12,1625449482.0,64.0
58.14,1625449482.0,64.0
55.03,1625449482.0,64.0
51.04,1625449482.0,64.0
46.48,1625449482.0,64.0
41.64,1625449482.0,64.0
36.64,1625449482.0,64.0
31.5,1625449482.0,64.0
26.2,1625449482.0,64.0
20.68,1625449482.0,64.0
14.94,1625449482.0,64.0
9.01,1625449482.0,64.0
2.96,1625449482.0,64.0
-3.12,1625449482.0,64.0
-9.2,1625449482.0,64.0
-15.32,1625449482.0,64.0
-21.61,1625449482.0,64.0
-28.23,1625449482.0,64.0
-35.32,1625449482.0,64.0
-42.96,1625449482.0,64.0
-51.04,1625449482.0,64.0
-59.41,1625449482.0,64.0
-67.86,1625449482.0,64.0
-76.14,1625449482.0,64.0
-83.87,1625449482.0,64.0
-90.43,1625449482.0,64.0
-94.95,1625449482.0,64.0
-96.37,1625449482.0,64.0
-93.77,1625449482.0,64.0
-86.72,1625449482.0,64.0
-75.4,1625449482.0,64.0
-60.65,1625449482.0,64.0
-43.6,1625449482.0,64.0
-25.4,1625449482.0,64.0
-6.95,1625449482.0,64.0
11.03,1625449482.0,64.0
27.9,1625449482.0,64.0
42.96,1625449482.0,64.0
55.42,1625449482.0,64.0
64.65,1625449482.0,64.0
70.43,1625449482.0,64.0
73.17,1625449482.0,64.0
73.7,1625449482.0,64.0
73.1,1625449482.0,64.0
72.2,1625449482.0,64.0
71.43,1625449482.0,64.0
70.7,1625449482.0,64.0
69.64,1625449482.0,64.0
67.83,1625449482.0,64.0
65.05,1625449482.0,64.0
61.31,1625449482.0,64.0
56.77,1625449482.0,64.0
51.66,1625449482.0,64.0
46.16,1625449482.0,64.0
40.4,1625449482.0,64.0
34.42,1625449482.0,64.0
28.32,1625449482.0,64.0
22.21,1625449482.0,64.0
16.22,1625449482.0,64.0
10.5,1625449482.0,64.0
5.11,1625449482.0,64.0
0.02,1625449482.0,64.0
-4.9,1625449482.0,64.0
-9.83,1625449482.0,64.0
-14.98,1625449482.0,64.0
-20.49,1625449482.0,64.0
-26.4,1625449482.0,64.0
-32.63,1625449482.0,64.0
-39.01,1625449482.0,64.0
-45.47,1625449482.0,64.0
-52.07,1625449482.0,64.0
-58.98,1625449482.0,64.0
-66.35,1625449482.0,64.0
-73.99,1625449482.0,64.0
-81.24,1625449482.0,64.0
-86.91,1625449482.0,64.0
-89.6,1625449482.0,64.0
-88.1,1625449482.0,64.0
-81.85,1625449482.0,64.0
-71.13,1625449482.0,64.0
-56.9,1625449482.0,64.0
-40.47,1625449482.0,64.0
-23.03,1625449482.0,64.0
-5.46,1625449482.0,64.0
11.62,1625449482.0,64.0
27.6,1625449482.0,64.0
41.74,1625449482.0,64.0
53.17,1625449482.0,64.0
61.21,1625449482.0,64.0
65.74,1625449482.0,64.0
67.32,1625449482.0,64.0
67.06,1625449482.0,64.0
66.2,1625449482.0,64.0
65.65,1625449482.0,64.0
65.64,1625449482.0,64.0
65.82,1625449482.0,64.0
65.59,1625449482.0,64.0
64.43,1625449482.0,64.0
62.18,1625449482.0,64.0
58.99,1625449482.0,64.0
55.11,1625449482.0,64.0
50.71,1625449482.0,64.0
45.8,1625449482.0,64.0
40.28,1625449482.0,64.0
34.16,1625449482.0,64.0
27.64,1625449482.0,64.0
21.11,1625449482.0,64.0
15.02,1625449482.0,64.0
9.68,1625449482.0,64.0
5.1,1625449482.0,64.0
1.05,1625449482.0,64.0
-2.86,1625449482.0,64.0
-6.98,1625449482.0,64.0
-11.49,1625449482.0,64.0
-16.32,1625449482.0,64.0
-21.26,1625449482.0,64.0
-26.13,1625449482.0,64.0
-30.89,1625449482.0,64.0
-35.72,1625449482.0,64.0
-40.97,1625449482.0,64.0
-47.05,1625449482.0,64.0
-54.2,1625449482.0,64.0
-62.41,1625449482.0,64.0
-71.25,1625449482.0,64.0
-79.88,1625449482.0,64.0
-87.18,1625449482.0,64.0
-91.91,1625449482.0,64.0
-92.96,1625449482.0,64.0
-89.67,1625449482.0,64.0
-81.95,1625449482.0,64.0
-70.32,1625449482.0,64.0
-55.69,1625449482.0,64.0
-39.14,1625449482.0,64.0
-21.64,1625449482.0,64.0
-4.06,1625449482.0,64.0
12.79,1625449482.0,64.0
28.1,1625449482.0,64.0
40.97,1625449482.0,64.0
50.71,1625449482.0,64.0
57.02,1625449482.0,64.0
60.21,1625449482.0,64.0
61.15,1625449482.0,64.0
61.0,1625449482.0,64.0
60.76,1625449482.0,64.0
60.99,1625449482.0,64.0
61.6,1625449482.0,64.0
62.12,1625449482.0,64.0
62.0,1625449482.0,64.0
60.87,1625449482.0,64.0
58.76,1625449482.0,64.0
55.92,1625449482.0,64.0
52.68,1625449482.0,64.0
49.17,1625449482.0,64.0
45.35,1625449482.0,64.0
40.97,1625449482.0,64.0
35.86,1625449482.0,64.0
30.02,1625449482.0,64.0
23.7,1625449482.0,64.0
17.36,1625449482.0,64.0
11.41,1625449482.0,64.0
6.12,1625449482.0,64.0
1.44,1625449482.0,64.0
-2.92,1625449482.0,64.0
-7.33,1625449482.0,64.0
-12.09,1625449482.0,64.0
-17.24,1625449482.0,64.0
-22.61,1625449482.0,64.0
-27.87,1625449482.0,64.0
-32.79,1625449482.0,64.0
-37.32,1625449482.0,64.0
-41.7,1625449482.0,64.0
-46.32,1625449482.0,64.0
-51.6,1625449482.0,64.0
-57.82,1625449482.0,64.0
-65.03,1625449482.0,64.0
-72.98,1625449482.0,64.0
-81.08,1625449482.0,64.0
-88.42,1625449482.0,64.0
-93.87,1625449482.0,64.0
-96.22,1625449482.0,64.0
-94.48,1625449482.0,64.0
-88.14,1625449482.0,64.0
-77.41,1625449482.0,64.0
-63.08,1625449482.0,64.0
-46.39,1625449482.0,64.0
-28.64,1625449482.0,64.0
-10.94,1625449482.0,64.0
5.84,1625449482.0,64.0
21.03,1625449482.0,64.0
34.06,1625449482.0,64.0
44.39,1625449482.0,64.0
51.75,1625449482.0,64.0
56.19,1625449482.0,64.0
58.22,1625449482.0,64.0
58.69,1625449482.0,64.0
58.48,1625449482.0,64.0
58.27,1625449482.0,64.0
58.28,1625449482.0,64.0
58.36,1625449482.0,64.0
58.12,1625449482.0,64.0
57.21,1625449482.0,64.0
55.44,1625449482.0,64.0
52.85,1625449482.0,64.0
49.61,1625449482.0,64.0
45.88,1625449482.0,64.0
41.74,1625449482.0,64.0
37.15,1625449482.0,64.0
32.06,1625449482.0,64.0
26.51,1625449482.0,64.0
20.71,1625449482.0,64.0
14.98,1625449482.0,64.0
9.67,1625449482.0,64.0
5.02,1625449482.0,64.0
0.99,1625449482.0,64.0
-2.7,1625449482.0,64.0
-6.47,1625449482.0,64.0
-10.71,1625449482.0,64.0
-15.58,1625449482.0,64.0
-20.96,1625449482.0,64.0
-26.54,1625449482.0,64.0
-31.97,1625449482.0,64.0
-37.08,1625449482.0,64.0
-41.89,1625449482.0,64.0
-46.62,1625449482.0,64.0
-51.58,1625449482.0,64.0
-57.06,1625449482.0,64.0
-63.25,1625449482.0,64.0
-70.13,1625449482.0,64.0
-77.42,1625449482.0,64.0
-84.47,1625449482.0,64.0
-90.3,1625449482.0,64.0
-93.75,1625449482.0,64.0
-93.75,1625449482.0,64.0
-89.65,1625449482.0,64.0
-81.44,1625449482.0,64.0
-69.76,1625449482.0,64.0
-55.7,1625449482.0,64.0
-40.44,1625449482.0,64.0
-24.96,1625449482.0,64.0
-10.01,1625449482.0,64.0
3.88,1625449482.0,64.0
16.19,1625449482.0,64.0
26.41,1625449482.0,64.0
34.09,1625449482.0,64.0
39.09,1625449482.0,64.0
41.68,1625449482.0,64.0
42.59,1625449482.0,64.0
42.7,1625449482.0,64.0
42.78,1625449482.0,64.0
43.22,1625449482.0,64.0
43.91,1625449482.0,64.0
44.43,1625449482.0,64.0
44.29,1625449482.0,64.0
43.13,1625449482.0,64.0
40.9,1625449482.0,64.0
37.74,1625449482.0,64.0
33.91,1625449482.0,64.0
29.67,1625449482.0,64.0
25.21,1625449482.0,64.0
20.66,1625449482.0,64.0
16.13,1625449482.0,64.0
11.76,1625449482.0,64.0
7.65,1625449482.0,64.0
3.83,1625449482.0,64.0
0.27,1625449482.0,64.0
-3.22,1625449482.0,64.0
-6.84,1625449482.0,64.0
-10.78,1625449482.0,64.0
-15.06,1625449482.0,64.0
-19.51,1625449482.0,64.0
-23.89,1625449482.0,64.0
-27.96,1625449482.0,64.0
-31.66,1625449482.0,64.0
-35.16,1625449482.0,64.0
-38.8,1625449482.0,64.0
-42.94,1625449482.0,64.0
-47.84,1625449482.0,64.0
-53.57,1625449482.0,64.0
-59.94,1625449482.0,64.0
-66.45,1625449482.0,64.0
-72.36,1625449482.0,64.0
-76.61,1625449482.0,64.0
-78.11,1625449482.0,64.0
-75.9,1625449482.0,64.0
-69.54,1625449482.0,64.0
-59.24,1625449482.0,64.0
-45.87,1625449482.0,64.0
-30.67,1625449482.0,64.0
-14.91,1625449482.0,64.0
0.43,1625449482.0,64.0
14.66,1625449482.0,64.0
27.34,1625449482.0,64.0
38.07,1625449482.0,64.0
46.52,1625449482.0,64.0
52.52,1625449482.0,64.0
56.22,1625449482.0,64.0
58.14,1625449482.0,64.0
59.07,1625449482.0,64.0
59.76,1625449482.0,64.0
60.7,1625449482.0,64.0
61.9,1625449482.0,64.0
63.04,1625449482.0,64.0
63.6,1625449482.0,64.0
63.15,1625449482.0,64.0
61.45,1625449482.0,64.0
58.52,1625449482.0,64.0
54.53,1625449482.0,64.0
49.8,1625449482.0,64.0
44.62,1625449482.0,64.0
39.22,1625449482.0,64.0
33.74,1625449482.0,64.0
28.27,1625449482.0,64.0
22.85,1625449482.0,64.0
17.46,1625449482.0,64.0
12.12,1625449482.0,64.0
6.86,1625449482.0,64.0
1.67,1625449482.0,64.0
-3.41,1625449482.0,64.0
-8.41,1625449482.0,64.0
-13.39,1625449482.0,64.0
-18.51,1625449482.0,64.0
-23.9,1625449482.0,64.0
-29.73,1625449482.0,64.0
-36.11,1625449482.0,64.0
-43.07,1625449482.0,64.0
-50.61,1625449482.0,64.0
-58.66,1625449482.0,64.0
-66.91,1625449482.0,64.0
-74.79,1625449482.0,64.0
-81.4,1625449482.0,64.0
-85.59,1625449482.0,64.0
-86.31,1625449482.0,64.0
-82.84,1625449482.0,64.0
-75.12,1625449482.0,64.0
-63.77,1625449482.0,64.0
-49.83,1625449482.0,64.0
-34.49,1625449482.0,64.0
-18.79,1625449482.0,64.0
-3.5,1625449482.0,64.0
10.83,1625449482.0,64.0
23.66,1625449482.0,64.0
34.46,1625449482.0,64.0
42.73,1625449482.0,64.0
48.22,1625449482.0,64.0
51.1,1625449482.0,64.0
52.02,1625449482.0,64.0
51.92,1625449482.0,64.0
51.73,1625449482.0,64.0
52.03,1625449482.0,64.0
52.94,1625449482.0,64.0
54.09,1625449482.0,64.0
54.88,1625449482.0,64.0
54.77,1625449482.0,64.0
53.42,1625449482.0,64.0
50.82,1625449482.0,64.0
47.13,1625449482.0,64.0
42.59,1625449482.0,64.0
37.43,1625449482.0,64.0
31.82,1625449482.0,64.0
25.91,1625449482.0,64.0
19.84,1625449482.0,64.0
13.76,1625449482.0,64.0
7.78,1625449482.0,64.0
1.98,1625449482.0,64.0
-3.63,1625449482.0,64.0
-9.14,1625449482.0,64.0
-14.69,1625449482.0,64.0
-20.38,1625449482.0,64.0
-26.29,1625449482.0,64.0
-32.47,1625449482.0,64.0
-38.94,1625449482.0,64.0
-45.76,1625449482.0,64.0
-53.04,1625449482.0,64.0
-60.97,1625449482.0,64.0
-69.65,1625449482.0,64.0
-78.95,1625449482.0,64.0
-88.35,1625449482.0,64.0
-96.84,1625449482.0,64.0
-103.1,1625449482.0,64.0
-105.77,1625449482.0,64.0
-103.87,1625449482.0,64.0
-97.06,1625449482.0,64.0
-85.73,1625449482.0,64.0
-70.86,1625449482.0,64.0
-53.68,1625449482.0,64.0
-35.34,1625449482.0,64.0
-16.74,1625449482.0,64.0
1.46,1625449482.0,64.0
18.7,1625449482.0,64.0
34.28,1625449482.0,64.0
47.44,1625449482.0,64.0
57.48,1625449482.0,64.0
64.12,1625449482.0,64.0
67.65,1625449482.0,64.0
68.91,1625449482.0,64.0
68.99,1625449482.0,64.0
68.84,1625449482.0,64.0
68.92,1625449482.0,64.0
69.16,1625449482.0,64.0
69.12,1625449482.0,64.0
68.32,1625449482.0,64.0
66.47,1625449482.0,64.0
63.57,1625449482.0,64.0
59.85,1625449482.0,64.0
55.54,1625449482.0,64.0
50.84,1625449482.0,64.0
45.81,1625449482.0,64.0
40.44,1625449482.0,64.0
34.78,1625449482.0,64.0
28.89,1625449482.0,64.0
22.89,1625449482.0,64.0
16.9,1625449482.0,64.0
11.01,1625449482.0,64.0
5.24,1625449482.0,64.0
-0.45,1625449482.0,64.0
-6.11,1625449482.0,64.0
-11.78,1625449482.0,64.0
-17.47,1625449482.0,64.0
-23.19,1625449482.0,64.0
-29.03,1625449482.0,64.0
-35.14,1625449482.0,64.0
-41.75,1625449482.0,64.0
-49.04,1625449482.0,64.0
-57.13,1625449482.0,64.0
-65.92,1625449482.0,64.0
-75.0,1625449482.0,64.0
-83.64,1625449482.0,64.0
-90.71,1625449482.0,64.0
-94.89,1625449482.0,64.0
-94.97,1625449482.0,64.0
-90.14,1625449482.0,64.0
-80.35,1625449482.0,64.0
-66.32,1625449482.0,64.0
-49.35,1625449482.0,64.0
-30.9,1625449482.0,64.0
-12.17,1625449482.0,64.0
5.98,1625449482.0,64.0
23.01,1625449482.0,64.0
38.38,1625449482.0,64.0
51.48,1625449482.0,64.0
61.63,1625449482.0,64.0
68.37,1625449482.0,64.0
71.83,1625449482.0,64.0
72.72,1625449482.0,64.0
72.15,1625449482.0,64.0
71.26,1625449482.0,64.0
70.77,1625449482.0,64.0
70.8,1625449482.0,64.0
70.96,1625449482.0,64.0
70.64,1625449482.0,64.0
69.35,1625449482.0,64.0
66.87,1625449482.0,64.0
63.29,1625449482.0,64.0
58.84,1625449482.0,64.0
53.76,1625449482.0,64.0
48.2,1625449482.0,64.0
42.21,1625449482.0,64.0
35.9,1625449482.0,64.0
29.42,1625449482.0,64.0
22.98,1625449482.0,64.0
16.81,1625449482.0,64.0
10.99,1625449482.0,64.0
5.51,1625449482.0,64.0
0.23,1625449482.0,64.0
-4.99,1625449482.0,64.0
-10.25,1625449482.0,64.0
-15.6,1625449482.0,64.0
-21.06,1625449482.0,64.0
-26.67,1625449482.0,64.0
-32.53,1625449482.0,64.0
-38.79,1625449482.0,64.0
-45.63,1625449482.0,64.0
-53.18,1625449482.0,64.0
-61.44,1625449482.0,64.0
-70.14,1625449482.0,64.0
-78.63,1625449482.0,64.0
-85.88,1625449482.0,64.0
-90.61,1625449482.0,64.0
-91.56,1625449482.0,64.0
-87.92,1625449482.0,64.0
-79.55,1625449482.0,64.0
-67.02,1625449482.0,64.0
-51.45,1625449482.0,64.0
-34.06,1625449482.0,64.0
-15.99,1625449482.0,64.0
1.9,1625449482.0,64.0
18.9,1625449482.0,64.0
34.3,1625449482.0,64.0
47.32,1625449482.0,64.0
57.3,1625449482.0,64.0
63.87,1625449482.0,64.0
67.24,1625449482.0,64.0
68.15,1625449482.0,64.0
67.67,1625449482.0,64.0
66.82,1625449482.0,64.0
66.25,1625449482.0,64.0
66.11,1625449482.0,64.0
66.11,1625449482.0,64.0
65.83,1625449482.0,64.0
64.86,1625449482.0,64.0
62.98,1625449482.0,64.0
60.13,1625449482.0,64.0
56.37,1625449482.0,64.0
51.79,1625449482.0,64.0
46.55,1625449482.0,64.0
40.85,1625449482.0,64.0
34.97,1625449482.0,64.0
29.16,1625449482.0,64.0
23.58,1625449482.0,64.0
18.21,1625449482.0,64.0
12.93,1625449482.0,64.0
7.55,1625449482.0,64.0
1.97,1625449482.0,64.0
-3.83,1625449482.0,64.0
-9.76,1625449482.0,64.0
-15.72,1625449482.0,64.0
-21.65,1625449482.0,64.0
-27.53,1625449482.0,64.0
-33.43,1625449482.0,64.0
-39.39,1625449482.0,64.0
-45.51,1625449482.0,64.0
-51.89,1625449482.0,64.0
-58.7,1625449482.0,64.0
-65.97,1625449482.0,64.0
-73.55,1625449482.0,64.0
-80.8,1625449482.0,64.0
-86.62,1625449482.0,64.0
-89.64,1625449482.0,64.0
-88.61,1625449482.0,64.0
-82.86,1625449482.0,64.0
-72.54,1625449482.0,64.0
-58.55,1625449482.0,64.0
-42.23,1625449482.0,64.0
-24.87,1625449482.0,64.0
-7.47,1625449482.0,64.0
9.32,1625449482.0,64.0
24.96,1625449482.0,64.0
38.82,1625449482.0,64.0
50.16,1625449482.0,64.0
58.36,1625449482.0,64.0
63.25,1625449482.0,64.0
65.27,1625449482.0,64.0
65.39,1625449482.0,64.0
64.75,1625449482.0,64.0
64.23,1625449482.0,64.0
64.17,1625449482.0,64.0
64.36,1625449482.0,64.0
64.25,1625449482.0,64.0
63.27,1625449482.0,64.0
61.12,1625449482.0,64.0
57.82,1625449482.0,64.0
53.66,1625449482.0,64.0
49.0,1625449482.0,64.0
44.11,1625449482.0,64.0
39.09,1625449482.0,64.0
33.95,1625449482.0,64.0
28.62,1625449482.0,64.0
23.08,1625449482.0,64.0
17.43,1625449482.0,64.0
11.83,1625449482.0,64.0
6.4,1625449482.0,64.0
1.16,1625449482.0,64.0
-4.04,1625449482.0,64.0
-9.38,1625449482.0,64.0
-15.0,1625449482.0,64.0
-20.88,1625449482.0,64.0
-26.91,1625449482.0,64.0
-32.89,1625449482.0,64.0
-38.76,1625449482.0,64.0
-44.63,1625449482.0,64.0
-50.72,1625449482.0,64.0
-57.3,1625449482.0,64.0
-64.48,1625449482.0,64.0
-72.05,1625449482.0,64.0
-79.37,1625449482.0,64.0
-85.42,1625449482.0,64.0
-88.93,1625449482.0,64.0
-88.76,1625449482.0,64.0
-84.19,1625449482.0,64.0
-75.16,1625449482.0,64.0
-62.33,1625449482.0,64.0
-46.84,1625449482.0,64.0
-30.03,1625449482.0,64.0
-13.1,1625449482.0,64.0
3.06,1625449482.0,64.0
17.84,1625449482.0,64.0
30.74,1625449482.0,64.0
41.35,1625449482.0,64.0
49.3,1625449482.0,64.0
54.46,1625449482.0,64.0
57.1,1625449482.0,64.0
57.87,1625449482.0,64.0
57.67,1625449482.0,64.0
57.29,1625449482.0,64.0
57.2,1625449482.0,64.0
57.36,1625449482.0,64.0
57.34,1625449482.0,64.0
56.63,1625449482.0,64.0
54.85,1625449482.0,64.0
51.95,1625449482.0,64.0
48.16,1625449482.0,64.0
43.81,1625449482.0,64.0
39.12,1625449482.0,64.0
34.16,1625449482.0,64.0
28.88,1625449482.0,64.0
23.24,1625449482.0,64.0
17.34,1625449482.0,64.0
11.4,1625449482.0,64.0
5.68,1625449482.0,64.0
0.39,1625449482.0,64.0
-4.43,1625449482.0,64.0
-8.9,1625449482.0,64.0
-13.24,1625449482.0,64.0
-17.67,1625449482.0,64.0
-22.33,1625449482.0,64.0
-27.26,1625449482.0,64.0
-32.4,1625449482.0,64.0
-37.67,1625449482.0,64.0
-43.06,1625449482.0,64.0
-48.62,1625449482.0,64.0
-54.52,1625449482.0,64.0
-60.97,1625449482.0,64.0
-68.04,1625449482.0,64.0
-75.44,1625449482.0,64.0
-82.43,1625449482.0,64.0
-87.89,1625449482.0,64.0
-90.5,1625449482.0,64.0
-89.21,1625449482.0,64.0
-83.54,1625449482.0,64.0
-73.72,1625449482.0,64.0
-60.67,1625449482.0,64.0
-45.58,1625449482.0,64.0
-29.65,1625449482.0,64.0
-13.85,1625449482.0,64.0
1.08,1625449482.0,64.0
14.51,1625449482.0,64.0
25.83,1625449482.0,64.0
34.55,1625449482.0,64.0
40.41,1625449482.0,64.0
43.63,1625449482.0,64.0
44.89,1625449482.0,64.0
45.14,1625449482.0,64.0
45.28,1625449482.0,64.0
45.84,1625449482.0,64.0
46.83,1625449482.0,64.0
47.89,1625449482.0,64.0
48.51,1625449482.0,64.0
48.29,1625449482.0,64.0
47.08,1625449482.0,64.0
44.96,1625449482.0,64.0
42.11,1625449482.0,64.0
38.72,1625449482.0,64.0
34.88,1625449482.0,64.0
30.71,1625449482.0,64.0
26.26,1625449482.0,64.0
21.63,1625449482.0,64.0
16.94,1625449482.0,64.0
12.28,1625449482.0,64.0
7.67,1625449482.0,64.0
3.09,1625449482.0,64.0
-1.53,1625449482.0,64.0
-6.2,1625449482.0,64.0
-10.91,1625449482.0,64.0
-15.65,1625449482.0,64.0
-20.39,1625449482.0,64.0
-25.15,1625449482.0,64.0
-29.95,1625449482.0,64.0
-34.85,1625449482.0,64.0
-39.96,1625449482.0,64.0
-45.42,1625449482.0,64.0
-51.4,1625449482.0,64.0
-57.95,1625449482.0,64.0
-64.93,1625449482.0,64.0
-71.8,1625449482.0,64.0
-77.68,1625449482.0,64.0
-81.38,1625449482.0,64.0
-81.82,1625449482.0,64.0
-78.3,1625449482.0,64.0
-70.78,1625449482.0,64.0
-59.88,1625449482.0,64.0
-46.63,1625449482.0,64.0
-32.24,1625449482.0,64.0
-17.74,1625449482.0,64.0
-3.91,1625449482.0,64.0
8.63,1625449482.0,64.0
19.38,1625449482.0,64.0
27.92,1625449482.0,64.0
34.03,1625449482.0,64.0
37.79,1625449482.0,64.0
39.66,1625449482.0,64.0
40.44,1625449482.0,64.0
40.97,1625449482.0,64.0
41.87,1625449482.0,64.0
43.33,1625449482.0,64.0
45.15,1625449482.0,64.0
46.89,1625449482.0,64.0
48.1,1625449482.0,64.0
48.46,1625449482.0,64.0
47.86,1625449482.0,64.0
46.37,1625449482.0,64.0
44.19,1625449482.0,64.0
41.51,1625449482.0,64.0
38.54,1625449482.0,64.0
35.4,1625449482.0,64.0
32.18,1625449482.0,64.0
28.89,1625449482.0,64.0
25.53,1625449482.0,64.0
22.13,1625449482.0,64.0
18.68,1625449482.0,64.0
15.21,1625449482.0,64.0
11.71,1625449482.0,64.0
8.11,1625449482.0,64.0
4.31,1625449482.0,64.0
0.13,1625449482.0,64.0
-4.55,1625449482.0,64.0
-9.86,1625449482.0,64.0
-15.82,1625449482.0,64.0
-22.47,1625449482.0,64.0
-29.77,1625449482.0,64.0
-37.66,1625449482.0,64.0
-45.9,1625449482.0,64.0
-53.94,1625449482.0,64.0
-60.9,1625449482.0,64.0
-65.62,1625449482.0,64.0
-66.99,1625449482.0,64.0
-64.25,1625449482.0,64.0
-57.37,1625449482.0,64.0
-46.99,1625449482.0,64.0
-34.29,1625449482.0,64.0
-20.51,1625449482.0,64.0
-6.66,1625449482.0,64.0
6.58,1625449482.0,64.0
18.81,1625449482.0,64.0
29.64,1625449482.0,64.0
38.6,1625449482.0,64.0
45.14,1625449482.0,64.0
48.95,1625449482.0,64.0
50.13,1625449482.0,64.0
49.32,1625449482.0,64.0
47.49,1625449482.0,64.0
45.61,1625449482.0,64.0
44.29,1625449482.0,64.0
43.57,1625449482.0,64.0
43.09,1625449482.0,64.0
42.25,1625449482.0,64.0
40.57,1625449482.0,64.0
37.85,1625449482.0,64.0
34.18,1625449482.0,64.0
29.84,1625449482.0,64.0
25.16,1625449482.0,64.0
20.38,1625449482.0,64.0
15.62,1625449482.0,64.0
10.88,1625449482.0,64.0
6.15,1625449482.0,64.0
1.36,1625449482.0,64.0
-3.51,1625449482.0,64.0
-8.51,1625449482.0,64.0
-13.6,1625449482.0,64.0
-18.73,1625449482.0,64.0
-23.83,1625449482.0,64.0
-28.87,1625449482.0,64.0
-33.89,1625449482.0,64.0
-39.07,1625449482.0,64.0
-44.66,1625449482.0,64.0
-50.93,1625449482.0,64.0
-58.07,1625449482.0,64.0
-66.11,1625449482.0,64.0
-74.78,1625449482.0,64.0
-83.49,1625449482.0,64.0
-91.25,1625449482.0,64.0
-96.84,1625449482.0,64.0
-99.03,1625449482.0,64.0
-96.91,1625449482.0,64.0
-90.17,1625449482.0,64.0
-79.23,1625449482.0,64.0
-65.05,1625449482.0,64.0
-48.87,1625449482.0,64.0
-31.82,1625449482.0,64.0
-14.72,1625449482.0,64.0
1.8,1625449482.0,64.0
17.22,1625449482.0,64.0
30.9,1625449482.0,64.0
42.14,1625449482.0,64.0
50.44,1625449482.0,64.0
55.73,1625449482.0,64.0
58.46,1625449482.0,64.0
59.51,1625449482.0,64.0
59.79,1625449482.0,64.0
59.95,1625449482.0,64.0
60.21,1625449482.0,64.0
60.44,1625449482.0,64.0
60.33,1625449482.0,64.0
59.58,1625449482.0,64.0
58.01,1625449482.0,64.0
55.51,1625449482.0,64.0
52.08,1625449482.0,64.0
47.76,1625449482.0,64.0
42.71,1625449482.0,64.0
37.16,1625449482.0,64.0
31.38,1625449482.0,64.0
25.53,1625449482.0,64.0
19.72,1625449482.0,64.0
13.89,1625449482.0,64.0
8.02,1625449482.0,64.0
2.1,1625449482.0,64.0
-3.77,1625449482.0,64.0
-9.5,1625449482.0,64.0
-15.07,1625449482.0,64.0
-20.62,1625449482.0,64.0
-26.38,1625449482.0,64.0
-32.53,1625449482.0,64.0
-39.12,1625449482.0,64.0
-46.09,1625449482.0,64.0
-53.36,1625449482.0,64.0
-60.92,1625449482.0,64.0
-68.82,1625449482.0,64.0
-77.07,1625449482.0,64.0
-85.4,1625449482.0,64.0
-93.09,1625449482.0,64.0
-98.98,1625449482.0,64.0
-101.72,1625449482.0,64.0
-100.16,1625449482.0,64.0
-93.76,1625449482.0,64.0
-82.77,1625449482.0,64.0
-68.09,1625449482.0,64.0
-50.99,1625449482.0,64.0
-32.72,1625449482.0,64.0
-14.21,1625449482.0,64.0
3.86,1625449482.0,64.0
20.94,1625449482.0,64.0
36.43,1625449482.0,64.0
49.66,1625449482.0,64.0
59.95,1625449482.0,64.0
67.02,1625449482.0,64.0
71.05,1625449482.0,64.0
72.76,1625449482.0,64.0
73.14,1625449482.0,64.0
73.08,1625449482.0,64.0
73.04,1625449482.0,64.0
73.07,1625449482.0,64.0
72.85,1625449482.0,64.0
72.03,1625449482.0,64.0
70.4,1625449482.0,64.0
67.99,1625449482.0,64.0
64.93,1625449482.0,64.0
61.35,1625449482.0,64.0
57.27,1625449482.0,64.0
52.59,1625449482.0,64.0
47.25,1625449482.0,64.0
41.32,1625449482.0,64.0
35.01,1625449482.0,64.0
28.62,1625449482.0,64.0
22.35,1625449482.0,64.0
16.25,1625449482.0,64.0
10.25,1625449482.0,64.0
4.21,1625449482.0,64.0
-1.94,1625449482.0,64.0
-8.13,1625449482.0,64.0
-14.27,1625449482.0,64.0
-20.29,1625449482.0,64.0
-26.25,1625449482.0,64.0
-32.34,1625449482.0,64.0
-38.75,1625449482.0,64.0
-45.66,1625449482.0,64.0
-53.14,1625449482.0,64.0
-61.17,1625449482.0,64.0
-69.69,1625449482.0,64.0
-78.44,1625449482.0,64.0
-86.91,1625449482.0,64.0
-94.15,1625449482.0,64.0
-98.91,1625449482.0,64.0
-99.92,1625449482.0,64.0
-96.24,1625449482.0,64.0
-87.69,1625449482.0,64.0
-74.88,1625449482.0,64.0
-58.96,1625449482.0,64.0
-41.22,1625449482.0,64.0
-22.75,1625449482.0,64.0
-4.31,1625449482.0,64.0
13.51,1625449482.0,64.0
30.05,1625449482.0,64.0
44.53,1625449482.0,64.0
56.15,1625449482.0,64.0
64.43,1625449482.0,64.0
69.43,1625449482.0,64.0
71.83,1625449482.0,64.0
72.62,1625449482.0,64.0
72.79,1625449482.0,64.0
72.93,1625449482.0,64.0
73.16,1625449482.0,64.0
73.27,1625449482.0,64.0
72.9,1625449482.0,64.0
71.89,1625449482.0,64.0
70.27,1625449482.0,64.0
68.18,1625449482.0,64.0
65.71,1625449482.0,64.0
62.77,1625449482.0,64.0
59.08,1625449482.0,64.0
54.33,1625449482.0,64.0
48.42,1625449482.0,64.0
41.54,1625449482.0,64.0
34.2,1625449482.0,64.0
27.02,1625449482.0,64.0
20.52,1625449482.0,64.0
14.92,1625449482.0,64.0
10.05,1625449482.0,64.0
5.45,1625449482.0,64.0
0.63,1625449482.0,64.0
-4.73,1625449482.0,64.0
-10.69,1625449482.0,64.0
-17.01,1625449482.0,64.0
-23.34,1625449482.0,64.0
-29.39,1625449482.0,64.0
-35.06,1625449482.0,64.0
-40.5,1625449482.0,64.0
-46.03,1625449482.0,64.0
-51.99,1625449482.0,64.0
-58.63,1625449482.0,64.0
-66.08,1625449482.0,64.0
-74.23,1625449482.0,64.0
-82.71,1625449482.0,64.0
-90.79,1625449482.0,64.0
-97.37,1625449482.0,64.0
-101.14,1625449482.0,64.0
-100.83,1625449482.0,64.0
-95.67,1625449482.0,64.0
-85.66,1625449482.0,64.0
-71.6,1625449482.0,64.0
-54.8,1625449482.0,64.0
-36.64,1625449482.0,64.0
-18.2,1625449482.0,64.0
-0.22,1625449482.0,64.0
16.77,1625449482.0,64.0
32.18,1625449482.0,64.0
45.28,1625449482.0,64.0
55.43,1625449482.0,64.0
62.35,1625449482.0,64.0
66.36,1625449482.0,64.0
68.34,1625449482.0,64.0
69.38,1625449482.0,64.0
70.33,1625449482.0,64.0
71.52,1625449482.0,64.0
72.72,1625449482.0,64.0
73.44,1625449482.0,64.0
73.23,1625449482.0,64.0
71.93,1625449482.0,64.0
69.69,1625449482.0,64.0
66.79,1625449482.0,64.0
63.4,1625449482.0,64.0
59.58,1625449482.0,64.0
55.23,1625449482.0,64.0
50.21,1625449482.0,64.0
44.54,1625449482.0,64.0
38.38,1625449482.0,64.0
32.11,1625449482.0,64.0
26.12,1625449482.0,64.0
20.73,1625449482.0,64.0
16.03,1625449482.0,64.0
11.82,1625449482.0,64.0
7.74,1625449482.0,64.0
3.39,1625449482.0,64.0
-1.5,1625449482.0,64.0
-7.01,1625449482.0,64.0
-12.97,1625449482.0,64.0
-19.09,1625449482.0,64.0
-25.1,1625449482.0,64.0
-30.85,1625449482.0,64.0
-36.36,1625449482.0,64.0
-41.83,1625449482.0,64.0
-47.55,1625449482.0,64.0
-53.82,1625449482.0,64.0
-60.85,1625449482.0,64.0
-68.64,1625449482.0,64.0
-76.88,1625449482.0,64.0
-84.9,1625449482.0,64.0
-91.71,1625449482.0,64.0
-96.15,1625449482.0,64.0
-97.14,1625449482.0,64.0
-93.96,1625449482.0,64.0
-86.41,1625449482.0,64.0
-74.92,1625449482.0,64.0
-60.32,1625449482.0,64.0
-43.65,1625449482.0,64.0
-25.89,1625449482.0,64.0
-7.92,1625449482.0,64.0
9.53,1625449482.0,64.0
25.67,1625449482.0,64.0
39.71,1625449482.0,64.0
50.9,1625449482.0,64.0
58.81,1625449482.0,64.0
63.54,1625449482.0,64.0
65.75,1625449482.0,64.0
66.45,1625449482.0,64.0
66.59,1625449482.0,64.0
66.78,1625449482.0,64.0
67.1,1625449482.0,64.0
67.28,1625449482.0,64.0
66.92,1625449482.0,64.0
65.79,1625449482.0,64.0
63.91,1625449482.0,64.0
61.44,1625449482.0,64.0
58.55,1625449482.0,64.0
55.25,1625449482.0,64.0
51.4,1625449482.0,64.0
46.85,1625449482.0,64.0
41.54,1625449482.0,64.0
35.66,1625449482.0,64.0
29.56,1625449482.0,64.0
23.66,1625449482.0,64.0
18.24,1625449482.0,64.0
13.4,1625449482.0,64.0
8.97,1625449482.0,64.0
4.59,1625449482.0,64.0
-0.09,1625449482.0,64.0
-5.3,1625449482.0,64.0
-11.03,1625449482.0,64.0
-17.04,1625449482.0,64.0
-22.97,1625449482.0,64.0
-28.51,1625449482.0,64.0
-33.48,1625449482.0,64.0
-37.97,1625449482.0,64.0
-42.23,1625449482.0,64.0
-46.6,1625449482.0,64.0
-51.41,1625449482.0,64.0
-56.9,1625449482.0,64.0
-63.25,1625449482.0,64.0
-70.41,1625449482.0,64.0
-78.14,1625449482.0,64.0
-85.81,1625449482.0,64.0
-92.42,1625449482.0,64.0
-96.73,1625449482.0,64.0
-97.52,1625449482.0,64.0
-94.05,1625449482.0,64.0
-86.23,1625449482.0,64.0
-74.7,1625449482.0,64.0
-60.57,1625449482.0,64.0
-45.02,1625449482.0,64.0
-28.99,1625449482.0,64.0
-13.15,1625449482.0,64.0
1.96,1625449482.0,64.0
15.79,1625449482.0,64.0
27.66,1625449482.0,64.0
36.92,1625449482.0,64.0
43.29,1625449482.0,64.0
47.0,1625449482.0,64.0
48.81,1625449482.0,64.0
49.73,1625449482.0,64.0
50.63,1625449482.0,64.0
51.9,1625449482.0,64.0
53.41,1625449482.0,64.0
54.7,1625449482.0,64.0
55.28,1625449482.0,64.0
54.85,1625449482.0,64.0
53.46,1625449482.0,64.0
51.33,1625449482.0,64.0
48.68,1625449482.0,64.0
45.66,1625449482.0,64.0
42.21,1625449482.0,64.0
38.24,1625449482.0,64.0
33.68,1625449482.0,64.0
28.62,1625449482.0,64.0
23.27,1625449482.0,64.0
17.96,1625449482.0,64.0
12.9,1625449482.0,64.0
8.17,1625449482.0,64.0
3.65,1625449482.0,64.0
-0.89,1625449482.0,64.0
-5.67,1625449482.0,64.0
-10.74,1625449482.0,64.0
-16.0,1625449482.0,64.0
-21.27,1625449482.0,64.0
-26.32,1625449482.0,64.0
-31.08,1625449482.0,64.0
-35.58,1625449482.0,64.0
-40.01,1625449482.0,64.0
-44.56,1625449482.0,64.0
-49.39,1625449482.0,64.0
-54.66,1625449482.0,64.0
-60.37,1625449482.0,64.0
-66.33,1625449482.0,64.0
-72.02,1625449482.0,64.0
-76.58,1625449482.0,64.0
-78.93,1625449482.0,64.0
-78.03,1625449482.0,64.0
-73.25,1625449482.0,64.0
-64.59,1625449482.0,64.0
-52.69,1625449482.0,64.0
-38.6,1625449482.0,64.0
-23.56,1625449482.0,64.0
-8.57,1625449482.0,64.0
5.51,1625449482.0,64.0
18.05,1625449482.0,64.0
28.54,1625449482.0,64.0
36.58,1625449482.0,64.0
42.0,1625449482.0,64.0
45.05,1625449482.0,64.0
46.35,1625449482.0,64.0
46.8,1625449482.0,64.0
47.28,1625449482.0,64.0
48.36,1625449482.0,64.0
50.17,1625449482.0,64.0
52.37,1625449482.0,64.0
54.43,1625449482.0,64.0
55.8,1625449482.0,64.0
56.14,1625449482.0,64.0
55.37,1625449482.0,64.0
53.56,1625449482.0,64.0
50.91,1625449482.0,64.0
47.59,1625449482.0,64.0
43.77,1625449482.0,64.0
39.6,1625449482.0,64.0
35.18,1625449482.0,64.0
30.63,1625449482.0,64.0
26.03,1625449482.0,64.0
21.38,1625449482.0,64.0
16.69,1625449482.0,64.0
11.91,1625449482.0,64.0
7.02,1625449482.0,64.0
2.03,1625449482.0,64.0
-3.06,1625449482.0,64.0
-8.23,1625449482.0,64.0
-13.52,1625449482.0,64.0
-18.96,1625449482.0,64.0
-24.57,1625449482.0,64.0
-30.43,1625449482.0,64.0
-36.6,1625449482.0,64.0
-43.19,1625449482.0,64.0
-50.28,1625449482.0,64.0
-57.78,1625449482.0,64.0
-65.27,1625449482.0,64.0
-71.93,1625449482.0,64.0
-76.6,1625449482.0,64.0
-78.11,1625449482.0,64.0
-75.6,1625449482.0,64.0
-68.88,1625449482.0,64.0
-58.45,1625449482.0,64.0
-45.36,1625449482.0,64.0
-30.91,1625449482.0,64.0
-16.21,1625449482.0,64.0
-2.11,1625449482.0,64.0
10.84,1625449482.0,64.0
22.2,1625449482.0,64.0
31.62,1625449482.0,64.0
38.76,1625449482.0,64.0
43.5,1625449482.0,64.0
46.01,1625449482.0,64.0
46.84,1625449482.0,64.0
46.75,1625449482.0,64.0
46.46,1625449482.0,64.0
46.46,1625449482.0,64.0
46.83,1625449482.0,64.0
47.35,1625449482.0,64.0
47.62,1625449482.0,64.0
47.25,1625449482.0,64.0
46.0,1625449482.0,64.0
43.83,1625449482.0,64.0
40.84,1625449482.0,64.0
37.21,1625449482.0,64.0
33.14,1625449482.0,64.0
28.78,1625449482.0,64.0
24.24,1625449482.0,64.0
19.56,1625449482.0,64.0
14.73,1625449482.0,64.0
9.72,1625449482.0,64.0
4.52,1625449482.0,64.0
-0.8,1625449482.0,64.0
-6.18,1625449482.0,64.0
-11.53,1625449482.0,64.0
-16.81,1625449482.0,64.0
-22.11,1625449482.0,64.0
-27.59,1625449482.0,64.0
-33.47,1625449482.0,64.0
-39.97,1625449482.0,64.0
-47.21,1625449482.0,64.0
-55.21,1625449482.0,64.0
-63.93,1625449482.0,64.0
-73.17,1625449482.0,64.0
-82.53,1625449482.0,64.0
-91.3,1625449482.0,64.0
-98.45,1625449482.0,64.0
-102.71,1625449482.0,64.0
-102.97,1625449482.0,64.0
-98.57,1625449482.0,64.0
-89.6,1625449482.0,64.0
-76.84,1625449482.0,64.0
-61.54,1625449482.0,64.0
-44.95,1625449482.0,64.0
-27.98,1625449482.0,64.0
-11.13,1625449482.0,64.0
5.27,1625449482.0,64.0
20.83,1625449482.0,64.0
34.89,1625449482.0,64.0
46.66,1625449482.0,64.0
55.44,1625449482.0,64.0
61.07,1625449482.0,64.0
63.95,1625449482.0,64.0
64.96,1625449482.0,64.0
65.11,1625449482.0,64.0
65.15,1625449482.0,64.0
65.39,1625449482.0,64.0
65.68,1625449482.0,64.0
65.66,1625449482.0,64.0
64.99,1625449482.0,64.0
63.47,1625449482.0,64.0
61.12,1625449482.0,64.0
58.02,1625449482.0,64.0
54.32,1625449482.0,64.0
50.07,1625449482.0,64.0
45.29,1625449482.0,64.0
40.01,1625449482.0,64.0
34.31,1625449482.0,64.0
28.33,1625449482.0,64.0
22.27,1625449482.0,64.0
16.29,1625449482.0,64.0
10.49,1625449482.0,64.0
4.87,1625449482.0,64.0
-0.67,1625449482.0,64.0
-6.3,1625449482.0,64.0
-12.21,1625449482.0,64.0
-18.49,1625449482.0,64.0
-25.17,1625449482.0,64.0
-32.21,1625449482.0,64.0
-39.56,1625449482.0,64.0
-47.23,1625449482.0,64.0
-55.32,1625449482.0,64.0
-63.98,1625449482.0,64.0
-73.22,1625449482.0,64.0
-82.79,1625449482.0,64.0
-91.94,1625449482.0,64.0
-99.53,1625449482.0,64.0
-104.18,1625449482.0,64.0
-104.73,1625449482.0,64.0
-100.55,1625449482.0,64.0
-91.75,1625449482.0,64.0
-79.09,1625449482.0,64.0
-63.65,1625449482.0,64.0
-46.5,1625449482.0,64.0
-28.43,1625449482.0,64.0
-10.03,1625449482.0,64.0
8.15,1625449482.0,64.0
25.38,1625449482.0,64.0
40.75,1625449482.0,64.0
53.34,1625449482.0,64.0
62.61,1625449482.0,64.0
68.53,1625449482.0,64.0
71.74,1625449482.0,64.0
73.22,1625449482.0,64.0
73.95,1625449482.0,64.0
74.48,1625449482.0,64.0
74.92,1625449482.0,64.0
74.95,1625449482.0,64.0
74.14,1625449482.0,64.0
72.27,1625449482.0,64.0
69.33,1625449482.0,64.0
65.55,1625449482.0,64.0
61.19,1625449482.0,64.0
56.4,1625449482.0,64.0
51.19,1625449482.0,64.0
45.5,1625449482.0,64.0
39.37,1625449482.0,64.0
32.94,1625449482.0,64.0
26.5,1625449482.0,64.0
20.27,1625449482.0,64.0
14.38,1625449482.0,64.0
8.77,1625449482.0,64.0
3.25,1625449482.0,64.0
-2.39,1625449482.0,64.0
-8.32,1625449482.0,64.0
-14.6,1625449482.0,64.0
-21.17,1625449482.0,64.0
-27.88,1625449482.0,64.0
-34.61,1625449482.0,64.0
-41.3,1625449482.0,64.0
-47.98,1625449482.0,64.0
-54.78,1625449482.0,64.0
-61.91,1625449482.0,64.0
-69.53,1625449482.0,64.0
-77.61,1625449482.0,64.0
-85.75,1625449482.0,64.0
-93.06,1625449482.0,64.0
-98.26,1625449482.0,64.0
-99.97,1625449482.0,64.0
-97.15,1625449482.0,64.0
-89.44,1625449482.0,64.0
-77.3,1625449482.0,64.0
-61.87,1625449482.0,64.0
-44.55,1625449482.0,64.0
-26.57,1625449482.0,64.0
-8.72,1625449482.0,64.0
8.52,1625449482.0,64.0
24.71,1625449482.0,64.0
39.24,1625449482.0,64.0
51.28,1625449482.0,64.0
60.18,1625449482.0,64.0
65.74,1625449482.0,64.0
68.46,1625449482.0,64.0
69.39,1625449482.0,64.0
69.69,1625449482.0,64.0
70.16,1625449482.0,64.0
71.0,1625449482.0,64.0
71.87,1625449482.0,64.0
72.2,1625449482.0,64.0
71.6,1625449482.0,64.0
69.92,1625449482.0,64.0
67.28,1625449482.0,64.0
63.86,1625449482.0,64.0
59.78,1625449482.0,64.0
55.05,1625449482.0,64.0
49.68,1625449482.0,64.0
43.82,1625449482.0,64.0
37.72,1625449482.0,64.0
31.77,1625449482.0,64.0
26.21,1625449482.0,64.0
21.13,1625449482.0,64.0
16.37,1625449482.0,64.0
11.6,1625449482.0,64.0
6.51,1625449482.0,64.0
0.93,1625449482.0,64.0
-5.08,1625449482.0,64.0
-11.28,1625449482.0,64.0
-17.43,1625449482.0,64.0
-23.41,1625449482.0,64.0
-29.32,1625449482.0,64.0
-35.35,1625449482.0,64.0
-41.73,1625449482.0,64.0
-48.59,1625449482.0,64.0
-55.94,1625449482.0,64.0
-63.7,1625449482.0,64.0
-71.73,1625449482.0,64.0
-79.72,1625449482.0,64.0
-87.16,1625449482.0,64.0
-93.19,1625449482.0,64.0
-96.68,1625449482.0,64.0
-96.49,1625449482.0,64.0
-91.84,1625449482.0,64.0
-82.63,1625449482.0,64.0
-69.47,1625449482.0,64.0
-53.54,1625449482.0,64.0
-36.14,1625449482.0,64.0
-18.37,1625449482.0,64.0
-1.01,1625449482.0,64.0
15.45,1625449482.0,64.0
30.52,1625449482.0,64.0
43.62,1625449482.0,64.0
54.12,1625449482.0,64.0
61.54,1625449482.0,64.0
65.88,1625449482.0,64.0
67.73,1625449482.0,64.0
68.08,1625449482.0,64.0
67.98,1625449482.0,64.0
68.1,1625449482.0,64.0
68.55,1625449482.0,64.0
68.98,1625449482.0,64.0
68.9,1625449482.0,64.0
67.92,1625449482.0,64.0
65.99,1625449482.0,64.0
63.33,1625449482.0,64.0
60.21,1625449482.0,64.0
56.75,1625449482.0,64.0
52.89,1625449482.0,64.0
48.44,1625449482.0,64.0
43.28,1625449482.0,64.0
37.53,1625449482.0,64.0
31.51,1625449482.0,64.0
25.67,1625449482.0,64.0
20.33,1625449482.0,64.0
15.58,1625449482.0,64.0
11.12,1625449482.0,64.0
6.49,1625449482.0,64.0
1.25,1625449482.0,64.0
-4.79,1625449482.0,64.0
-11.49,1625449482.0,64.0
-18.46,1625449482.0,64.0
-25.28,1625449482.0,64.0
-31.7,1625449482.0,64.0
-37.75,1625449482.0,64.0
-43.64,1625449482.0,64.0
-49.66,1625449482.0,64.0
-56.03,1625449482.0,64.0
-62.91,1625449482.0,64.0
-70.33,1625449482.0,64.0
-78.17,1625449482.0,64.0
-86.01,1625449482.0,64.0
-93.01,1625449482.0,64.0
-98.0,1625449482.0,64.0
-99.68,1625449482.0,64.0
-97.06,1625449482.0,64.0
-89.87,1625449482.0,64.0
-78.57,1625449482.0,64.0
-64.16,1625449482.0,64.0
-47.8,1625449482.0,64.0
-30.46,1625449482.0,64.0
-12.88,1625449482.0,64.0
4.27,1625449482.0,64.0
20.19,1625449482.0,64.0
33.95,1625449482.0,64.0
44.66,1625449482.0,64.0
51.85,1625449482.0,64.0
55.81,1625449482.0,64.0
57.43,1625449482.0,64.0
57.91,1625449482.0,64.0
58.27,1625449482.0,64.0
59.0,1625449482.0,64.0
59.97,1625449482.0,64.0
60.66,1625449482.0,64.0
60.53,1625449482.0,64.0
59.32,1625449482.0,64.0
57.09,1625449482.0,64.0
54.13,1625449482.0,64.0
50.73,1625449482.0,64.0
46.99,1625449482.0,64.0
42.88,1625449482.0,64.0
38.29,1625449482.0,64.0
33.21,1625449482.0,64.0
27.8,1625449482.0,64.0
22.38,1625449482.0,64.0
17.29,1625449482.0,64.0
12.71,1625449482.0,64.0
8.63,1625449482.0,64.0
4.81,1625449482.0,64.0
0.95,1625449482.0,64.0
-3.27,1625449482.0,64.0
-8.03,1625449482.0,64.0
-13.31,1625449482.0,64.0
-18.95,1625449482.0,64.0
-24.76,1625449482.0,64.0
-30.58,1625449482.0,64.0
-36.36,1625449482.0,64.0
-42.17,1625449482.0,64.0
-48.13,1625449482.0,64.0
-54.36,1625449482.0,64.0
-60.9,1625449482.0,64.0
-67.7,1625449482.0,64.0
-74.48,1625449482.0,64.0
-80.66,1625449482.0,64.0
-85.37,1625449482.0,64.0
-87.54,1625449482.0,64.0
-86.16,1625449482.0,64.0
-80.68,1625449482.0,64.0
-71.15,1625449482.0,64.0
-58.31,1625449482.0,64.0
-43.39,1625449482.0,64.0
-27.68,1625449482.0,64.0
-12.29,1625449482.0,64.0
2.01,1625449482.0,64.0
14.64,1625449482.0,64.0
25.2,1625449482.0,64.0
33.36,1625449482.0,64.0
38.96,1625449482.0,64.0
42.15,1625449482.0,64.0
43.44,1625449482.0,64.0
43.61,1625449482.0,64.0
43.52,1625449482.0,64.0
43.83,1625449482.0,64.0
44.81,1625449482.0,64.0
46.33,1625449482.0,64.0
47.9,1625449482.0,64.0
48.91,1625449482.0,64.0
48.86,1625449482.0,64.0
47.5,1625449482.0,64.0
44.89,1625449482.0,64.0
41.35,1625449482.0,64.0
37.33,1625449482.0,64.0
33.21,1625449482.0,64.0
29.21,1625449482.0,64.0
25.33,1625449482.0,64.0
21.49,1625449482.0,64.0
17.54,1625449482.0,64.0
13.47,1625449482.0,64.0
9.37,1625449482.0,64.0
5.37,1625449482.0,64.0
1.6,1625449482.0,64.0
-1.9,1625449482.0,64.0
-5.2,1625449482.0,64.0
-8.41,1625449482.0,64.0
-11.7,1625449482.0,64.0
-15.19,1625449482.0,64.0
-18.98,1625449482.0,64.0
-23.15,1625449482.0,64.0
-27.86,1625449482.0,64.0
-33.28,1625449482.0,64.0
-39.48,1625449482.0,64.0
-46.24,1625449482.0,64.0
-52.88,1625449482.0,64.0
-58.29,1625449482.0,64.0
-61.21,1625449482.0,64.0
-60.55,1625449482.0,64.0
-55.81,1625449482.0,64.0
-47.25,1625449482.0,64.0
-35.77,1625449482.0,64.0
-22.54,1625449482.0,64.0
-8.68,1625449482.0,64.0
5.01,1625449482.0,64.0
17.99,1625449482.0,64.0
29.79,1625449482.0,64.0
39.93,1625449482.0,64.0
47.82,1625449482.0,64.0
53.08,1625449482.0,64.0
55.69,1625449482.0,64.0
56.15,1625449482.0,64.0
55.38,1625449482.0,64.0
54.36,1625449482.0,64.0
53.82,1625449482.0,64.0
53.95,1625449482.0,64.0
54.42,1625449482.0,64.0
54.6,1625449482.0,64.0
53.84,1625449482.0,64.0
51.8,1625449482.0,64.0
48.5,1625449482.0,64.0
44.17,1625449482.0,64.0
39.21,1625449482.0,64.0
33.89,1625449482.0,64.0
28.38,1625449482.0,64.0
22.73,1625449482.0,64.0
16.98,1625449482.0,64.0
11.18,1625449482.0,64.0
5.43,1625449482.0,64.0
-0.14,1625449482.0,64.0
-5.47,1625449482.0,64.0
-10.56,1625449482.0,64.0
-15.44,1625449482.0,64.0
-20.22,1625449482.0,64.0
-25.01,1625449482.0,64.0
-29.92,1625449482.0,64.0
-35.09,1625449482.0,64.0
-40.66,1625449482.0,64.0
-46.82,1625449482.0,64.0
-53.7,1625449482.0,64.0
-61.31,1625449482.0,64.0
-69.4,1625449482.0,64.0
-77.34,1625449482.0,64.0
-84.11,1625449482.0,64.0
-88.53,1625449482.0,64.0
-89.49,1625449482.0,64.0
-86.29,1625449482.0,64.0
-78.85,1625449482.0,64.0
-67.8,1625449482.0,64.0
-54.18,1625449482.0,64.0
-39.15,1625449482.0,64.0
-23.66,1625449482.0,64.0
-8.33,1625449482.0,64.0
6.39,1625449482.0,64.0
20.01,1625449482.0,64.0
31.88,1625449482.0,64.0
41.3,1625449482.0,64.0
47.76,1625449482.0,64.0
51.32,1625449482.0,64.0
52.6,1625449482.0,64.0
52.68,1625449482.0,64.0
52.6,1625449482.0,64.0
53.04,1625449482.0,64.0
54.03,1625449482.0,64.0
55.08,1625449482.0,64.0
55.52,1625449482.0,64.0
54.82,1625449482.0,64.0
52.83,1625449482.0,64.0
49.68,1625449482.0,64.0
45.7,1625449482.0,64.0
41.18,1625449482.0,64.0
36.31,1625449482.0,64.0
31.11,1625449482.0,64.0
25.57,1625449482.0,64.0
19.68,1625449482.0,64.0
13.52,1625449482.0,64.0
7.22,1625449482.0,64.0
0.93,1625449482.0,64.0
-5.2,1625449482.0,64.0
-11.09,1625449482.0,64.0
-16.81,1625449482.0,64.0
-22.5,1625449482.0,64.0
-28.36,1625449482.0,64.0
-34.58,1625449482.0,64.0
-41.24,1625449482.0,64.0
-48.33,1625449482.0,64.0
-55.81,1625449482.0,64.0
-63.65,1625449482.0,64.0
-71.84,1625449482.0,64.0
-80.27,1625449482.0,64.0
-88.46,1625449482.0,64.0
-95.54,1625449482.0,64.0
-100.26,1625449482.0,64.0
-101.35,1625449482.0,64.0
-97.92,1625449482.0,64.0
-89.85,1625449482.0,64.0
-77.77,1625449482.0,64.0
-62.83,1625449482.0,64.0
-46.25,1625449482.0,64.0
-28.91,1625449482.0,64.0
-11.38,1625449482.0,64.0
5.97,1625449482.0,64.0
22.66,1625449482.0,64.0
37.88,1625449482.0,64.0
50.65,1625449482.0,64.0
60.12,1625449482.0,64.0
65.97,1625449482.0,64.0
68.6,1625449482.0,64.0
69.02,1625449482.0,64.0
68.45,1625449482.0,64.0
67.89,1625449482.0,64.0
67.78,1625449482.0,64.0
68.03,1625449482.0,64.0
68.11,1625449482.0,64.0
67.47,1625449482.0,64.0
65.74,1625449482.0,64.0
62.83,1625449482.0,64.0
58.91,1625449482.0,64.0
54.19,1625449482.0,64.0
48.88,1625449482.0,64.0
43.14,1625449482.0,64.0
37.08,1625449482.0,64.0
30.86,1625449482.0,64.0
24.63,1625449482.0,64.0
18.53,1625449482.0,64.0
12.59,1625449482.0,64.0
6.78,1625449482.0,64.0
0.96,1625449482.0,64.0
-5.02,1625449482.0,64.0
-11.25,1625449482.0,64.0
-17.76,1625449482.0,64.0
-24.52,1625449482.0,64.0
-31.49,1625449482.0,64.0
-38.62,1625449482.0,64.0
-45.89,1625449482.0,64.0
-53.32,1625449482.0,64.0
-60.97,1625449482.0,64.0
-68.94,1625449482.0,64.0
-77.2,1625449482.0,64.0
-85.46,1625449482.0,64.0
-93.05,1625449482.0,64.0
-98.9,1625449482.0,64.0
-101.74,1625449482.0,64.0
-100.48,1625449482.0,64.0
-94.51,1625449482.0,64.0
-83.9,1625449482.0,64.0
-69.38,1625449482.0,64.0
-52.06,1625449482.0,64.0
-33.16,1625449482.0,64.0
-13.75,1625449482.0,64.0
5.28,1625449482.0,64.0
23.19,1625449482.0,64.0
39.25,1625449482.0,64.0
52.72,1625449482.0,64.0
63.05,1625449482.0,64.0
70.0,1625449482.0,64.0
73.84,1625449482.0,64.0
75.29,1625449482.0,64.0
75.29,1625449482.0,64.0
74.71,1625449482.0,64.0
74.11,1625449482.0,64.0
73.54,1625449482.0,64.0
72.8,1625449482.0,64.0
71.53,1625449482.0,64.0
69.51,1625449482.0,64.0
66.68,1625449482.0,64.0
63.16,1625449482.0,64.0
59.02,1625449482.0,64.0
54.31,1625449482.0,64.0
48.97,1625449482.0,64.0
43.02,1625449482.0,64.0
36.61,1625449482.0,64.0
30.07,1625449482.0,64.0
23.79,1625449482.0,64.0
18.12,1625449482.0,64.0
13.21,1625449482.0,64.0
8.91,1625449482.0,64.0
4.84,1625449482.0,64.0
0.58,1625449482.0,64.0
-4.21,1625449482.0,64.0
-9.58,1625449482.0,64.0
-15.4,1625449482.0,64.0
-21.4,1625449482.0,64.0
-27.38,1625449482.0,64.0
-33.28,1625449482.0,64.0
-39.25,1625449482.0,64.0
-45.54,1625449482.0,64.0
-52.43,1625449482.0,64.0
-60.1,1625449482.0,64.0
-68.57,1625449482.0,64.0
-77.6,1625449482.0,64.0
-86.61,1625449482.0,64.0
-94.62,1625449482.0,64.0
-100.34,1625449482.0,64.0
-102.48,1625449482.0,64.0
-100.05,1625449482.0,64.0
-92.72,1625449482.0,64.0
-80.9,1625449482.0,64.0
-65.58,1625449482.0,64.0
-47.93,1625449482.0,64.0
-29.03,1625449482.0,64.0
-9.7,1625449482.0,64.0
9.34,1625449482.0,64.0
27.32,1625449482.0,64.0
43.31,1625449482.0,64.0
56.35,1625449482.0,64.0
65.77,1625449482.0,64.0
71.51,1625449482.0,64.0
74.18,1625449482.0,64.0
74.91,1625449482.0,64.0
74.81,1625449482.0,64.0
74.68,1625449482.0,64.0
74.74,1625449482.0,64.0
74.74,1625449482.0,64.0
74.26,1625449482.0,64.0
72.94,1625449482.0,64.0
70.68,1625449482.0,64.0
67.62,1625449482.0,64.0
63.99,1625449482.0,64.0
59.99,1625449482.0,64.0
55.66,1625449482.0,64.0
50.99,1625449482.0,64.0
45.89,1625449482.0,64.0
40.35,1625449482.0,64.0
34.47,1625449482.0,64.0
28.42,1625449482.0,64.0
22.49,1625449482.0,64.0
16.89,1625449482.0,64.0
11.73,1625449482.0,64.0
6.96,1625449482.0,64.0
2.33,1625449482.0,64.0
-2.51,1625449482.0,64.0
-7.81,1625449482.0,64.0
-13.62,1625449482.0,64.0
-19.74,1625449482.0,64.0
-25.83,1625449482.0,64.0
-31.56,1625449482.0,64.0
-36.82,1625449482.0,64.0
-41.76,1625449482.0,64.0
-46.74,1625449482.0,64.0
-52.2,1625449482.0,64.0
-58.44,1625449482.0,64.0
-65.57,1625449482.0,64.0
-73.46,1625449482.0,64.0
-81.75,1625449482.0,64.0
-89.77,1625449482.0,64.0
-96.61,1625449482.0,64.0
-101.1,1625449482.0,64.0
-102.11,1625449482.0,64.0
-98.83,1625449482.0,64.0
-91.06,1625449482.0,64.0
-79.31,1625449482.0,64.0
-64.59,1625449482.0,64.0
-48.06,1625449482.0,64.0
-30.7,1625449482.0,64.0
-13.2,1625449482.0,64.0
3.93,1625449482.0,64.0
20.08,1625449482.0,64.0
34.46,1625449482.0,64.0
46.15,1625449482.0,64.0
54.52,1625449482.0,64.0
59.47,1625449482.0,64.0
61.6,1625449482.0,64.0
61.99,1625449482.0,64.0
61.8,1625449482.0,64.0
61.79,1625449482.0,64.0
62.17,1625449482.0,64.0
62.66,1625449482.0,64.0
62.74,1625449482.0,64.0
62.0,1625449482.0,64.0
60.32,1625449482.0,64.0
57.85,1625449482.0,64.0
54.81,1625449482.0,64.0
51.36,1625449482.0,64.0
47.49,1625449482.0,64.0
43.1,1625449482.0,64.0
38.1,1625449482.0,64.0
32.57,1625449482.0,64.0
26.73,1625449482.0,64.0
20.93,1625449482.0,64.0
15.52,1625449482.0,64.0
10.67,1625449482.0,64.0
6.39,1625449482.0,64.0
2.47,1625449482.0,64.0
-1.34,1625449482.0,64.0
-5.3,1625449482.0,64.0
-9.54,1625449482.0,64.0
-14.05,1625449482.0,64.0
-18.68,1625449482.0,64.0
-23.3,1625449482.0,64.0
-27.86,1625449482.0,64.0
-32.42,1625449482.0,64.0
-37.14,1625449482.0,64.0
-42.18,1625449482.0,64.0
-47.63,1625449482.0,64.0
-53.49,1625449482.0,64.0
-59.68,1625449482.0,64.0
-66.06,1625449482.0,64.0
-72.45,1625449482.0,64.0
-78.45,1625449482.0,64.0
-83.44,1625449482.0,64.0
-86.54,1625449482.0,64.0
-86.8,1625449482.0,64.0
-83.49,1625449482.0,64.0
-76.34,1625449482.0,64.0
-65.67,1625449482.0,64.0
-52.25,1625449482.0,64.0
-37.13,1625449482.0,64.0
-21.32,1625449482.0,64.0
-5.72,1625449482.0,64.0
8.87,1625449482.0,64.0
21.72,1625449482.0,64.0
32.16,1625449482.0,64.0
39.77,1625449482.0,64.0
44.56,1625449482.0,64.0
47.04,1625449482.0,64.0
48.13,1625449482.0,64.0
48.78,1625449482.0,64.0
49.7,1625449482.0,64.0
51.03,1625449482.0,64.0
52.5,1625449482.0,64.0
53.6,1625449482.0,64.0
53.93,1625449482.0,64.0
53.33,1625449482.0,64.0
51.83,1625449482.0,64.0
49.64,1625449482.0,64.0
46.88,1625449482.0,64.0
43.65,1625449482.0,64.0
40.02,1625449482.0,64.0
36.12,1625449482.0,64.0
32.14,1625449482.0,64.0
28.34,1625449482.0,64.0
24.9,1625449482.0,64.0
21.91,1625449482.0,64.0
19.33,1625449482.0,64.0
17.05,1625449482.0,64.0
14.84,1625449482.0,64.0
12.45,1625449482.0,64.0
9.7,1625449482.0,64.0
6.44,1625449482.0,64.0
2.68,1625449482.0,64.0
-1.51,1625449482.0,64.0
-5.97,1625449482.0,64.0
-10.6,1625449482.0,64.0
-15.41,1625449482.0,64.0
-20.49,1625449482.0,64.0
-25.94,1625449482.0,64.0
-31.87,1625449482.0,64.0
-38.25,1625449482.0,64.0
-44.95,1625449482.0,64.0
-51.6,1625449482.0,64.0
-57.57,1625449482.0,64.0
-61.97,1625449482.0,64.0
-63.86,1625449482.0,64.0
-62.42,1625449482.0,64.0
-57.25,1625449482.0,64.0
-48.57,1625449482.0,64.0
-37.06,1625449482.0,64.0
-23.75,1625449482.0,64.0
-9.63,1625449482.0,64.0
4.51,1625449482.0,64.0
18.04,1625449482.0,64.0
30.37,1625449482.0,64.0
40.91,1625449482.0,64.0
49.02,1625449482.0,64.0
54.3,1625449482.0,64.0
56.8,1625449482.0,64.0
57.07,1625449482.0,64.0
56.06,1625449482.0,64.0
54.75,1625449482.0,64.0
53.86,1625449482.0,64.0
53.63,1625449482.0,64.0
53.83,1625449482.0,64.0
53.99,1625449482.0,64.0
53.59,1625449482.0,64.0
52.3,1625449482.0,64.0
50.01,1625449482.0,64.0
46.75,1625449482.0,64.0
42.62,1625449482.0,64.0
37.74,1625449482.0,64.0
32.24,1625449482.0,64.0
26.29,1625449482.0,64.0
20.16,1625449482.0,64.0
14.18,1625449482.0,64.0
8.66,1625449482.0,64.0
3.73,1625449482.0,64.0
-0.69,1625449482.0,64.0
-4.91,1625449482.0,64.0
-9.28,1625449482.0,64.0
-14.1,1625449482.0,64.0
-19.46,1625449482.0,64.0
-25.26,1625449482.0,64.0
-31.27,1625449482.0,64.0
-37.3,1625449482.0,64.0
-43.34,1625449482.0,64.0
-49.46,1625449482.0,64.0
-55.89,1625449482.0,64.0
-62.83,1625449482.0,64.0
-70.41,1625449482.0,64.0
-78.6,1625449482.0,64.0
-87.1,1625449482.0,64.0
-95.31,1625449482.0,64.0
-102.26,1625449482.0,64.0
-106.78,1625449482.0,64.0
-107.75,1625449482.0,64.0
-104.43,1625449482.0,64.0
-96.74,1625449482.0,64.0
-85.24,1625449482.0,64.0
-70.95,1625449482.0,64.0
-54.95,1625449482.0,64.0
-38.15,1625449482.0,64.0
-21.11,1625449482.0,64.0
-4.24,1625449482.0,64.0
12.02,1625449482.0,64.0
27.03,1625449482.0,64.0
40.05,1625449482.0,64.0
50.42,1625449482.0,64.0
57.89,1625449482.0,64.0
62.7,1625449482.0,64.0
65.45,1625449482.0,64.0
66.91,1625449482.0,64.0
67.65,1625449482.0,64.0
67.96,1625449482.0,64.0
67.83,1625449482.0,64.0
67.17,1625449482.0,64.0
65.91,1625449482.0,64.0
64.14,1625449482.0,64.0
61.96,1625449482.0,64.0
59.42,1625449482.0,64.0
56.38,1625449482.0,64.0
52.66,1625449482.0,64.0
48.05,1625449482.0,64.0
42.51,1625449482.0,64.0
36.27,1625449482.0,64.0
29.71,1625449482.0,64.0
23.26,1625449482.0,64.0
17.23,1625449482.0,64.0
11.68,1625449482.0,64.0
6.42,1625449482.0,64.0
1.13,1625449482.0,64.0
-4.5,1625449482.0,64.0
-10.66,1625449482.0,64.0
-17.31,1625449482.0,64.0
-24.22,1625449482.0,64.0
-31.1,1625449482.0,64.0
-37.71,1625449482.0,64.0
-43.99,1625449482.0,64.0
-50.06,1625449482.0,64.0
-56.22,1625449482.0,64.0
-62.82,1625449482.0,64.0
-70.17,1625449482.0,64.0
-78.39,1625449482.0,64.0
-87.32,1625449482.0,64.0
-96.41,1625449482.0,64.0
-104.72,1625449482.0,64.0
-110.99,1625449482.0,64.0
-113.92,1625449482.0,64.0
-112.47,1625449482.0,64.0
-106.23,1625449482.0,64.0
-95.49,1625449482.0,64.0
-81.19,1625449482.0,64.0
-64.51,1625449482.0,64.0
-46.57,1625449482.0,64.0
-28.15,1625449482.0,64.0
-9.74,1625449482.0,64.0
8.21,1625449482.0,64.0
25.13,1625449482.0,64.0
40.18,1625449482.0,64.0
52.51,1625449482.0,64.0
61.54,1625449482.0,64.0
67.25,1625449482.0,64.0
70.24,1625449482.0,64.0
71.48,1625449482.0,64.0
71.98,1625449482.0,64.0
72.4,1625449482.0,64.0
72.95,1625449482.0,64.0
73.41,1625449482.0,64.0
73.38,1625449482.0,64.0
72.54,1625449482.0,64.0
70.77,1625449482.0,64.0
68.14,1625449482.0,64.0
64.81,1625449482.0,64.0
60.85,1625449482.0,64.0
56.23,1625449482.0,64.0
50.86,1625449482.0,64.0
44.71,1625449482.0,64.0
37.95,1625449482.0,64.0
30.95,1625449482.0,64.0
24.17,1625449482.0,64.0
17.94,1625449482.0,64.0
12.33,1625449482.0,64.0
7.12,1625449482.0,64.0
1.87,1625449482.0,64.0
-3.77,1625449482.0,64.0
-9.95,1625449482.0,64.0
-16.47,1625449482.0,64.0
-22.91,1625449482.0,64.0
-28.93,1625449482.0,64.0
-34.39,1625449482.0,64.0
-39.48,1625449482.0,64.0
-44.66,1625449482.0,64.0
-50.4,1625449482.0,64.0
-57.07,1625449482.0,64.0
-64.76,1625449482.0,64.0
-73.31,1625449482.0,64.0
-82.27,1625449482.0,64.0
-90.93,1625449482.0,64.0
-98.31,1625449482.0,64.0
-103.24,1625449482.0,64.0
-104.56,1625449482.0,64.0
-101.43,1625449482.0,64.0
-93.67,1625449482.0,64.0
-81.78,1625449482.0,64.0
-66.85,1625449482.0,64.0
-50.16,1625449482.0,64.0
-32.79,1625449482.0,64.0
-15.45,1625449482.0,64.0
1.44,1625449482.0,64.0
17.5,1625449482.0,64.0
32.16,1625449482.0,64.0
44.68,1625449482.0,64.0
54.37,1625449482.0,64.0
60.96,1625449482.0,64.0
64.75,1625449482.0,64.0
66.58,1625449482.0,64.0
67.5,1625449482.0,64.0
68.39,1625449482.0,64.0
69.63,1625449482.0,64.0
71.1,1625449482.0,64.0
72.36,1625449482.0,64.0
72.94,1625449482.0,64.0
72.55,1625449482.0,64.0
71.13,1625449482.0,64.0
68.8,1625449482.0,64.0
65.68,1625449482.0,64.0
61.89,1625449482.0,64.0
57.45,1625449482.0,64.0
52.38,1625449482.0,64.0
46.79,1625449482.0,64.0
40.83,1625449482.0,64.0
34.75,1625449482.0,64.0
28.81,1625449482.0,64.0
23.2,1625449482.0,64.0
17.98,1625449482.0,64.0
13.02,1625449482.0,64.0
8.09,1625449482.0,64.0
2.86,1625449482.0,64.0
-2.92,1625449482.0,64.0
-9.31,1625449482.0,64.0
-16.15,1625449482.0,64.0
-23.08,1625449482.0,64.0
-29.71,1625449482.0,64.0
-35.84,1625449482.0,64.0
-41.58,1625449482.0,64.0
-47.28,1625449482.0,64.0
-53.44,1625449482.0,64.0
-60.5,1625449482.0,64.0
-68.64,1625449482.0,64.0
-77.64,1625449482.0,64.0
-86.89,1625449482.0,64.0
-95.38,1625449482.0,64.0
-101.91,1625449482.0,64.0
-105.28,1625449482.0,64.0
-104.53,1625449482.0,64.0
-99.24,1625449482.0,64.0
-89.6,1625449482.0,64.0
-76.33,1625449482.0,64.0
-60.5,1625449482.0,64.0
-43.17,1625449482.0,64.0
-25.21,1625449482.0,64.0
-7.24,1625449482.0,64.0
10.18,1625449482.0,64.0
26.45,1625449482.0,64.0
40.81,1625449482.0,64.0
52.5,1625449482.0,64.0
61.07,1625449482.0,64.0
66.55,1625449482.0,64.0
69.54,1625449482.0,64.0
71.02,1625449482.0,64.0
71.94,1625449482.0,64.0
72.87,1625449482.0,64.0
73.85,1625449482.0,64.0
74.52,1625449482.0,64.0
74.4,1625449482.0,64.0
73.19,1625449482.0,64.0
70.89,1625449482.0,64.0
67.77,1625449482.0,64.0
64.16,1625449482.0,64.0
60.26,1625449482.0,64.0
56.03,1625449482.0,64.0
51.33,1625449482.0,64.0
46.04,1625449482.0,64.0
40.23,1625449482.0,64.0
34.23,1625449482.0,64.0
28.45,1625449482.0,64.0
23.25,1625449482.0,64.0
18.71,1625449482.0,64.0
14.6,1625449482.0,64.0
10.49,1625449482.0,64.0
5.98,1625449482.0,64.0
0.88,1625449482.0,64.0
-4.73,1625449482.0,64.0
-10.54,1625449482.0,64.0
-16.25,1625449482.0,64.0
-21.7,1625449482.0,64.0
-26.93,1625449482.0,64.0
-32.14,1625449482.0,64.0
-37.61,1625449482.0,64.0
-43.55,1625449482.0,64.0
-50.14,1625449482.0,64.0
-57.47,1625449482.0,64.0
-65.54,1625449482.0,64.0
-74.18,1625449482.0,64.0
-82.95,1625449482.0,64.0
-91.0,1625449482.0,64.0
-97.14,1625449482.0,64.0
-100.02,1625449482.0,64.0
-98.59,1625449482.0,64.0
-92.38,1625449482.0,64.0
-81.7,1625449482.0,64.0
-67.54,1625449482.0,64.0
-51.21,1625449482.0,64.0
-33.94,1625449482.0,64.0
-16.67,1625449482.0,64.0
-0.02,1625449482.0,64.0
15.48,1625449482.0,64.0
29.22,1625449482.0,64.0
40.52,1625449482.0,64.0
48.89,1625449482.0,64.0
54.26,1625449482.0,64.0
57.19,1625449482.0,64.0
58.62,1625449482.0,64.0
59.56,1625449482.0,64.0
60.66,1625449482.0,64.0
62.02,1625449482.0,64.0
63.27,1625449482.0,64.0
63.85,1625449482.0,64.0
63.41,1625449482.0,64.0
61.92,1625449482.0,64.0
59.63,1625449482.0,64.0
56.85,1625449482.0,64.0
53.76,1625449482.0,64.0
50.27,1625449482.0,64.0
46.23,1625449482.0,64.0
41.55,1625449482.0,64.0
36.29,1625449482.0,64.0
30.75,1625449482.0,64.0
25.25,1625449482.0,64.0
20.09,1625449482.0,64.0
15.35,1625449482.0,64.0
10.88,1625449482.0,64.0
6.42,1625449482.0,64.0
1.69,1625449482.0,64.0
-3.51,1625449482.0,64.0
-9.15,1625449482.0,64.0
-15.08,1625449482.0,64.0
-21.03,1625449482.0,64.0
-26.82,1625449482.0,64.0
-32.27,1625449482.0,64.0
-37.41,1625449482.0,64.0
-42.39,1625449482.0,64.0
-47.44,1625449482.0,64.0
-52.85,1625449482.0,64.0
-58.86,1625449482.0,64.0
-65.53,1625449482.0,64.0
-72.65,1625449482.0,64.0
-79.62,1625449482.0,64.0
-85.47,1625449482.0,64.0
-89.03,1625449482.0,64.0
-89.19,1625449482.0,64.0
-85.25,1625449482.0,64.0
-77.16,1625449482.0,64.0
-65.5,1625449482.0,64.0
-51.28,1625449482.0,64.0
-35.72,1625449482.0,64.0
-19.92,1625449482.0,64.0
-4.75,1625449482.0,64.0
9.12,1625449482.0,64.0
21.16,1625449482.0,64.0
30.94,1625449482.0,64.0
38.18,1625449482.0,64.0
42.84,1625449482.0,64.0
45.27,1625449482.0,64.0
46.14,1625449482.0,64.0
46.28,1625449482.0,64.0
46.46,1625449482.0,64.0
47.13,1625449482.0,64.0
48.3,1625449482.0,64.0
49.61,1625449482.0,64.0
50.52,1625449482.0,64.0
50.55,1625449482.0,64.0
49.52,1625449482.0,64.0
47.51,1625449482.0,64.0
44.79,1625449482.0,64.0
41.63,1625449482.0,64.0
38.23,1625449482.0,64.0
34.64,1625449482.0,64.0
30.89,1625449482.0,64.0
27.02,1625449482.0,64.0
23.15,1625449482.0,64.0
19.34,1625449482.0,64.0
15.63,1625449482.0,64.0
11.92,1625449482.0,64.0
8.08,1625449482.0,64.0
3.98,1625449482.0,64.0
-0.42,1625449482.0,64.0
-5.02,1625449482.0,64.0
-9.68,1625449482.0,64.0
-14.31,1625449482.0,64.0
-18.86,1625449482.0,64.0
-23.43,1625449482.0,64.0
-28.17,1625449482.0,64.0
-33.24,1625449482.0,64.0
-38.77,1625449482.0,64.0
-44.65,1625449482.0,64.0
-50.5,1625449482.0,64.0
-55.55,1625449482.0,64.0
-58.79,1625449482.0,64.0
-59.2,1625449482.0,64.0
-56.08,1625449482.0,64.0
-49.27,1625449482.0,64.0
-39.26,1625449482.0,64.0
-27.0,1625449482.0,64.0
-13.57,1625449482.0,64.0
0.06,1625449482.0,64.0
13.19,1625449482.0,64.0
25.3,1625449482.0,64.0
35.93,1625449482.0,64.0
44.56,1625449482.0,64.0
50.77,1625449482.0,64.0
54.39,1625449482.0,64.0
55.69,1625449482.0,64.0
55.37,1625449482.0,64.0
54.41,1625449482.0,64.0
53.65,1625449482.0,64.0
53.56,1625449482.0,64.0
54.04,1625449482.0,64.0
54.61,1625449482.0,64.0
54.58,1625449482.0,64.0
53.44,1625449482.0,64.0
50.97,1625449482.0,64.0
47.29,1625449482.0,64.0
42.71,1625449482.0,64.0
37.62,1625449482.0,64.0
32.34,1625449482.0,64.0
27.04,1625449482.0,64.0
21.78,1625449482.0,64.0
16.5,1625449482.0,64.0
11.15,1625449482.0,64.0
5.7,1625449482.0,64.0
0.18,1625449482.0,64.0
-5.31,1625449482.0,64.0
-10.66,1625449482.0,64.0
-15.74,1625449482.0,64.0
-20.55,1625449482.0,64.0
-25.17,1625449482.0,64.0
-29.78,1625449482.0,64.0
-34.57,1625449482.0,64.0
-39.77,1625449482.0,64.0
-45.61,1625449482.0,64.0
-52.27,1625449482.0,64.0
-59.78,1625449482.0,64.0
-67.91,1625449482.0,64.0
-76.03,1625449482.0,64.0
-83.05,1625449482.0,64.0
-87.68,1625449482.0,64.0
-88.71,1625449482.0,64.0
-85.47,1625449482.0,64.0
-78.02,1625449482.0,64.0
-67.07,1625449482.0,64.0
-53.76,1625449482.0,64.0
-39.2,1625449482.0,64.0
-24.23,1625449482.0,64.0
-9.38,1625449482.0,64.0
4.91,1625449482.0,64.0
18.1,1625449482.0,64.0
29.51,1625449482.0,64.0
38.46,1625449482.0,64.0
44.56,1625449482.0,64.0
47.96,1625449482.0,64.0
49.36,1625449482.0,64.0
49.74,1625449482.0,64.0
50.03,1625449482.0,64.0
50.78,1625449482.0,64.0
52.01,1625449482.0,64.0
53.36,1625449482.0,64.0
54.29,1625449482.0,64.0
54.28,1625449482.0,64.0
53.01,1625449482.0,64.0
50.38,1625449482.0,64.0
46.53,1625449482.0,64.0
41.73,1625449482.0,64.0
36.36,1625449482.0,64.0
30.76,1625449482.0,64.0
25.19,1625449482.0,64.0
19.71,1625449482.0,64.0
14.23,1625449482.0,64.0
8.57,1625449482.0,64.0
2.62,1625449482.0,64.0
-3.57,1625449482.0,64.0
-9.78,1625449482.0,64.0
-15.79,1625449482.0,64.0
-21.51,1625449482.0,64.0
-27.06,1625449482.0,64.0
-32.75,1625449482.0,64.0
-38.89,1625449482.0,64.0
-45.72,1625449482.0,64.0
-53.32,1625449482.0,64.0
-61.63,1625449482.0,64.0
-70.45,1625449482.0,64.0
-79.41,1625449482.0,64.0
-87.83,1625449482.0,64.0
-94.73,1625449482.0,64.0
-98.86,1625449482.0,64.0
-99.07,1625449482.0,64.0
-94.68,1625449482.0,64.0
-85.75,1625449482.0,64.0
-73.09,1625449482.0,64.0
-57.95,1625449482.0,64.0
-41.51,1625449482.0,64.0
-24.65,1625449482.0,64.0
-7.81,1625449482.0,64.0
8.66,1625449482.0,64.0
24.26,1625449482.0,64.0
38.16,1625449482.0,64.0
49.41,1625449482.0,64.0
57.26,1625449482.0,64.0
61.63,1625449482.0,64.0
63.19,1625449482.0,64.0
63.07,1625449482.0,64.0
62.45,1625449482.0,64.0
62.03,1625449482.0,64.0
61.91,1625449482.0,64.0
61.67,1625449482.0,64.0
60.74,1625449482.0,64.0
58.74,1625449482.0,64.0
55.67,1625449482.0,64.0
51.76,1625449482.0,64.0
47.34,1625449482.0,64.0
42.62,1625449482.0,64.0
37.68,1625449482.0,64.0
32.47,1625449482.0,64.0
26.99,1625449482.0,64.0
21.3,1625449482.0,64.0
15.55,1625449482.0,64.0
9.87,1625449482.0,64.0
4.34,1625449482.0,64.0
-1.05,1625449482.0,64.0
-6.4,1625449482.0,64.0
-11.84,1625449482.0,64.0
-17.54,1625449482.0,64.0
-23.67,1625449482.0,64.0
-30.34,1625449482.0,64.0
-37.62,1625449482.0,64.0
-45.44,1625449482.0,64.0
-53.76,1625449482.0,64.0
-62.5,1625449482.0,64.0
-71.56,1625449482.0,64.0
-80.67,1625449482.0,64.0
-89.24,1625449482.0,64.0
-96.34,1625449482.0,64.0
-100.71,1625449482.0,64.0
-101.19,1625449482.0,64.0
-97.04,1625449482.0,64.0
-88.2,1625449482.0,64.0
-75.35,1625449482.0,64.0
-59.61,1625449482.0,64.0
-42.18,1625449482.0,64.0
-24.02,1625449482.0,64.0
-5.83,1625449482.0,64.0
11.79,1625449482.0,64.0
28.13,1625449482.0,64.0
42.3,1625449482.0,64.0
53.48,1625449482.0,64.0
61.19,1625449482.0,64.0
65.57,1625449482.0,64.0
67.39,1625449482.0,64.0
67.78,1625449482.0,64.0
67.82,1625449482.0,64.0
68.15,1625449482.0,64.0
68.87,1625449482.0,64.0
69.56,1625449482.0,64.0
69.64,1625449482.0,64.0
68.6,1625449482.0,64.0
66.25,1625449482.0,64.0
62.63,1625449482.0,64.0
58.0,1625449482.0,64.0
52.63,1625449482.0,64.0
46.76,1625449482.0,64.0
40.56,1625449482.0,64.0
34.17,1625449482.0,64.0
27.72,1625449482.0,64.0
21.31,1625449482.0,64.0
15.05,1625449482.0,64.0
8.99,1625449482.0,64.0
3.12,1625449482.0,64.0
-2.61,1625449482.0,64.0
-8.26,1625449482.0,64.0
-13.88,1625449482.0,64.0
-19.57,1625449482.0,64.0
-25.46,1625449482.0,64.0
-31.73,1625449482.0,64.0
-38.5,1625449482.0,64.0
-45.83,1625449482.0,64.0
-53.71,1625449482.0,64.0
-62.01,1625449482.0,64.0
-70.55,1625449482.0,64.0
-78.94,1625449482.0,64.0
-86.57,1625449482.0,64.0
-92.48,1625449482.0,64.0
-95.58,1625449482.0,64.0
-94.81,1625449482.0,64.0
-89.56,1625449482.0,64.0
-79.87,1625449482.0,64.0
-66.43,1625449482.0,64.0
-50.33,1625449482.0,64.0
-32.71,1625449482.0,64.0
-14.52,1625449482.0,64.0
3.53,1625449482.0,64.0
20.75,1625449482.0,64.0
36.43,1625449482.0,64.0
49.7,1625449482.0,64.0
59.8,1625449482.0,64.0
66.43,1625449482.0,64.0
69.9,1625449482.0,64.0
71.07,1625449482.0,64.0
71.09,1625449482.0,64.0
70.86,1625449482.0,64.0
70.76,1625449482.0,64.0
70.63,1625449482.0,64.0
69.98,1625449482.0,64.0
68.39,1625449482.0,64.0
65.68,1625449482.0,64.0
61.96,1625449482.0,64.0
57.47,1625449482.0,64.0
52.37,1625449482.0,64.0
46.71,1625449482.0,64.0
40.45,1625449482.0,64.0
33.7,1625449482.0,64.0
26.74,1625449482.0,64.0
20.02,1625449482.0,64.0
14.02,1625449482.0,64.0
8.95,1625449482.0,64.0
4.69,1625449482.0,64.0
0.83,1625449482.0,64.0
-3.27,1625449482.0,64.0
-8.14,1625449482.0,64.0
-14.02,1625449482.0,64.0
-20.74,1625449482.0,64.0
-27.8,1625449482.0,64.0
-34.56,1625449482.0,64.0
-40.6,1625449482.0,64.0
-45.92,1625449482.0,64.0
-51.02,1625449482.0,64.0
-56.7,1625449482.0,64.0
-63.68,1625449482.0,64.0
-72.23,1625449482.0,64.0
-81.82,1625449482.0,64.0
-91.16,1625449482.0,64.0
-98.46,1625449482.0,64.0
-101.91,1625449482.0,64.0
-100.23,1625449482.0,64.0
-93.01,1625449482.0,64.0
-81.0,1625449482.0,64.0
-66.0,1625449482.0,64.0
-50.59,1625449482.0,64.0
-37.5,1625449482.0,64.0
-28.86,1625449482.0,64.0
-25.58,1625449482.0,64.0
-26.96,1625449482.0,64.0
-31.0,1625449482.0,64.0
-34.99,1625449482.0,64.0
-36.5,1625449482.0,64.0
-34.03,1625449482.0,64.0
-27.37,1625449482.0,64.0
-17.26,1625449482.0,64.0
-4.81,1625449482.0,64.0
8.95,1625449482.0,64.0
23.26,1625449482.0,64.0
37.51,1625449482.0,64.0
50.94,1625449482.0,64.0
62.57,1625449482.0,64.0
71.44,1625449482.0,64.0
76.9,1625449482.0,64.0
79.0,1625449482.0,64.0
78.53,1625449482.0,64.0
76.71,1625449482.0,64.0
74.8,1625449482.0,64.0
73.56,1625449482.0,64.0
73.1,1625449482.0,64.0
72.96,1625449482.0,64.0
72.41,1625449482.0,64.0
70.82,1625449482.0,64.0
67.93,1625449482.0,64.0
63.85,1625449482.0,64.0
58.94,1625449482.0,64.0
53.57,1625449482.0,64.0
47.99,1625449482.0,64.0
42.24,1625449482.0,64.0
36.29,1625449482.0,64.0
30.14,1625449482.0,64.0
23.88,1625449482.0,64.0
17.7,1625449482.0,64.0
11.81,1625449482.0,64.0
6.34,1625449482.0,64.0
1.3,1625449482.0,64.0
-3.46,1625449482.0,64.0
-8.17,1625449482.0,64.0
-13.05,1625449482.0,64.0
-18.23,1625449482.0,64.0
-23.64,1625449482.0,64.0
-29.09,1625449482.0,64.0
-34.44,1625449482.0,64.0
-39.64,1625449482.0,64.0
-44.92,1625449482.0,64.0
-50.6,1625449482.0,64.0
-56.96,1625449482.0,64.0
-63.83,1625449482.0,64.0
-70.52,1625449482.0,64.0
-75.82,1625449482.0,64.0
-78.36,1625449482.0,64.0
-77.08,1625449482.0,64.0
-71.54,1625449482.0,64.0
-62.09,1625449482.0,64.0
-49.65,1625449482.0,64.0
-35.36,1625449482.0,64.0
-20.33,1625449482.0,64.0
-5.42,1625449482.0,64.0
8.67,1625449482.0,64.0
21.28,1625449482.0,64.0
31.82,1625449482.0,64.0
39.87,1625449482.0,64.0
45.31,1625449482.0,64.0
48.54,1625449482.0,64.0
50.34,1625449482.0,64.0
51.69,1625449482.0,64.0
53.35,1625449482.0,64.0
55.68,1625449482.0,64.0
58.44,1625449482.0,64.0
61.03,1625449482.0,64.0
62.76,1625449482.0,64.0
63.14,1625449482.0,64.0
62.02,1625449482.0,64.0
59.6,1625449482.0,64.0
56.23,1625449482.0,64.0
52.28,1625449482.0,64.0
48.02,1625449482.0,64.0
43.58,1625449482.0,64.0
38.98,1625449482.0,64.0
34.2,1625449482.0,64.0
29.22,1625449482.0,64.0
24.06,1625449482.0,64.0
18.77,1625449482.0,64.0
13.42,1625449482.0,64.0
8.07,1625449482.0,64.0
2.71,1625449482.0,64.0
-2.7,1625449482.0,64.0
-8.26,1625449482.0,64.0
-14.02,1625449482.0,64.0
-20.0,1625449482.0,64.0
-26.2,1625449482.0,64.0
-32.62,1625449482.0,64.0
-39.35,1625449482.0,64.0
-46.45,1625449482.0,64.0
-53.76,1625449482.0,64.0
-60.78,1625449482.0,64.0
-66.54,1625449482.0,64.0
-69.82,1625449482.0,64.0
-69.54,1625449482.0,64.0
-65.12,1625449482.0,64.0
-56.76,1625449482.0,64.0
-45.32,1625449482.0,64.0
-31.99,1625449482.0,64.0
-17.83,1625449482.0,64.0
-3.61,1625449482.0,64.0
10.19,1625449482.0,64.0
23.14,1625449482.0,64.0
34.62,1625449482.0,64.0
43.86,1625449482.0,64.0
50.24,1625449482.0,64.0
53.63,1625449482.0,64.0
54.53,1625449482.0,64.0
53.95,1625449482.0,64.0
53.04,1625449482.0,64.0
52.58,1625449482.0,64.0
52.73,1625449482.0,64.0
53.06,1625449482.0,64.0
52.85,1625449482.0,64.0
51.53,1625449482.0,64.0
48.85,1625449482.0,64.0
45.01,1625449482.0,64.0
40.45,1625449482.0,64.0
35.62,1625449482.0,64.0
30.78,1625449482.0,64.0
25.93,1625449482.0,64.0
20.91,1625449482.0,64.0
15.55,1625449482.0,64.0
9.78,1625449482.0,64.0
3.72,1625449482.0,64.0
-2.37,1625449482.0,64.0
-8.23,1625449482.0,64.0
-13.68,1625449482.0,64.0
-18.74,1625449482.0,64.0
-23.66,1625449482.0,64.0
-28.8,1625449482.0,64.0
-34.5,1625449482.0,64.0
-40.97,1625449482.0,64.0
-48.22,1625449482.0,64.0
-56.15,1625449482.0,64.0
-64.57,1625449482.0,64.0
-73.15,1625449482.0,64.0
-81.4,1625449482.0,64.0
-88.53,1625449482.0,64.0
-93.48,1625449482.0,64.0
-95.16,1625449482.0,64.0
-92.74,1625449482.0,64.0
-85.94,1625449482.0,64.0
-75.17,1625449482.0,64.0
-61.39,1625449482.0,64.0
-45.69,1625449482.0,64.0
-29.07,1625449482.0,64.0
-12.27,1625449482.0,64.0
4.18,1625449482.0,64.0
19.7,1625449482.0,64.0
33.52,1625449482.0,64.0
44.81,1625449482.0,64.0
52.96,1625449482.0,64.0
57.79,1625449482.0,64.0
59.78,1625449482.0,64.0
59.86,1625449482.0,64.0
59.07,1625449482.0,64.0
58.2,1625449482.0,64.0
57.56,1625449482.0,64.0
56.93,1625449482.0,64.0
55.87,1625449482.0,64.0
53.93,1625449482.0,64.0
50.89,1625449482.0,64.0
46.88,1625449482.0,64.0
42.25,1625449482.0,64.0
37.4,1625449482.0,64.0
32.6,1625449482.0,64.0
27.9,1625449482.0,64.0
23.13,1625449482.0,64.0
18.04,1625449482.0,64.0
12.43,1625449482.0,64.0
6.3,1625449482.0,64.0
-0.13,1625449482.0,64.0
-6.55,1625449482.0,64.0
-12.69,1625449482.0,64.0
-18.52,1625449482.0,64.0
-24.24,1625449482.0,64.0
-30.16,1625449482.0,64.0
-36.56,1625449482.0,64.0
-43.52,1625449482.0,64.0
-51.02,1625449482.0,64.0
-58.97,1625449482.0,64.0
-67.26,1625449482.0,64.0
-75.75,1625449482.0,64.0
-84.06,1625449482.0,64.0
-91.47,1625449482.0,64.0
-96.87,1625449482.0,64.0
-99.03,1625449482.0,64.0
-96.89,1625449482.0,64.0
-90.05,1625449482.0,64.0
-78.84,1625449482.0,64.0
-64.22,1625449482.0,64.0
-47.42,1625449482.0,64.0
-29.61,1625449482.0,64.0
-11.64,1625449482.0,64.0
5.83,1625449482.0,64.0
22.22,1625449482.0,64.0
36.84,1625449482.0,64.0
48.94,1625449482.0,64.0
57.9,1625449482.0,64.0
63.53,1625449482.0,64.0
66.17,1625449482.0,64.0
66.65,1625449482.0,64.0
65.98,1625449482.0,64.0
65.02,1625449482.0,64.0
64.24,1625449482.0,64.0
63.66,1625449482.0,64.0
62.98,1625449482.0,64.0
61.76,1625449482.0,64.0
59.68,1625449482.0,64.0
56.58,1625449482.0,64.0
52.55,1625449482.0,64.0
47.86,1625449482.0,64.0
42.78,1625449482.0,64.0
37.53,1625449482.0,64.0
32.18,1625449482.0,64.0
26.64,1625449482.0,64.0
20.77,1625449482.0,64.0
14.56,1625449482.0,64.0
8.07,1625449482.0,64.0
1.54,1625449482.0,64.0
-4.79,1625449482.0,64.0
-10.81,1625449482.0,64.0
-16.59,1625449482.0,64.0
-22.32,1625449482.0,64.0
-28.26,1625449482.0,64.0
-34.6,1625449482.0,64.0
-41.39,1625449482.0,64.0
-48.59,1625449482.0,64.0
-56.15,1625449482.0,64.0
-64.05,1625449482.0,64.0
-72.27,1625449482.0,64.0
-80.57,1625449482.0,64.0
-88.4,1625449482.0,64.0
-94.74,1625449482.0,64.0
-98.34,1625449482.0,64.0
-98.01,1625449482.0,64.0
-93.04,1625449482.0,64.0
-83.45,1625449482.0,64.0
-69.95,1625449482.0,64.0
-53.69,1625449482.0,64.0
-35.9,1625449482.0,64.0
-17.61,1625449482.0,64.0
0.41,1625449482.0,64.0
17.5,1625449482.0,64.0
32.94,1625449482.0,64.0
45.93,1625449482.0,64.0
55.79,1625449482.0,64.0
62.21,1625449482.0,64.0
65.44,1625449482.0,64.0
66.3,1625449482.0,64.0
65.9,1625449482.0,64.0
65.23,1625449482.0,64.0
64.91,1625449482.0,64.0
64.99,1625449482.0,64.0
65.07,1625449482.0,64.0
64.6,1625449482.0,64.0
63.13,1625449482.0,64.0
60.45,1625449482.0,64.0
56.65,1625449482.0,64.0
51.94,1625449482.0,64.0
46.62,1625449482.0,64.0
40.88,1625449482.0,64.0
34.88,1625449482.0,64.0
28.69,1625449482.0,64.0
22.41,1625449482.0,64.0
16.18,1625449482.0,64.0
10.16,1625449482.0,64.0
4.43,1625449482.0,64.0
-0.99,1625449482.0,64.0
-6.23,1625449482.0,64.0
-11.47,1625449482.0,64.0
-16.86,1625449482.0,64.0
-22.48,1625449482.0,64.0
-28.25,1625449482.0,64.0
-34.02,1625449482.0,64.0
-39.69,1625449482.0,64.0
-45.27,1625449482.0,64.0
-50.99,1625449482.0,64.0
-57.17,1625449482.0,64.0
-64.11,1625449482.0,64.0
-71.76,1625449482.0,64.0
-79.58,1625449482.0,64.0
-86.47,1625449482.0,64.0
-91.03,1625449482.0,64.0
-91.86,1625449482.0,64.0
-88.11,1625449482.0,64.0
-79.66,1625449482.0,64.0
-67.17,1625449482.0,64.0
-51.79,1625449482.0,64.0
-34.73,1625449482.0,64.0
-17.0,1625449482.0,64.0
0.64,1625449482.0,64.0
17.55,1625449482.0,64.0
32.98,1625449482.0,64.0
46.07,1625449482.0,64.0
56.05,1625449482.0,64.0
62.52,1625449482.0,64.0
65.7,1625449482.0,64.0
66.47,1625449482.0,64.0
65.98,1625449482.0,64.0
65.27,1625449482.0,64.0
64.92,1625449482.0,64.0
64.89,1625449482.0,64.0
64.78,1625449482.0,64.0
64.05,1625449482.0,64.0
62.36,1625449482.0,64.0
59.66,1625449482.0,64.0
56.09,1625449482.0,64.0
51.84,1625449482.0,64.0
47.06,1625449482.0,64.0
41.83,1625449482.0,64.0
36.21,1625449482.0,64.0
30.32,1625449482.0,64.0
24.26,1625449482.0,64.0
18.16,1625449482.0,64.0
12.04,1625449482.0,64.0
5.88,1625449482.0,64.0
-0.38,1625449482.0,64.0
-6.78,1625449482.0,64.0
-13.24,1625449482.0,64.0
-19.71,1625449482.0,64.0
-26.08,1625449482.0,64.0
-32.34,1625449482.0,64.0
-38.55,1625449482.0,64.0
-44.76,1625449482.0,64.0
-51.04,1625449482.0,64.0
-57.49,1625449482.0,64.0
-64.19,1625449482.0,64.0
-71.2,1625449482.0,64.0
-78.5,1625449482.0,64.0
-85.71,1625449482.0,64.0
-92.07,1625449482.0,64.0
-96.44,1625449482.0,64.0
-97.52,1625449482.0,64.0
-94.33,1625449482.0,64.0
-86.54,1625449482.0,64.0
-74.6,1625449482.0,64.0
-59.61,1625449482.0,64.0
-42.9,1625449482.0,64.0
-25.66,1625449482.0,64.0
-8.71,1625449482.0,64.0
7.33,1625449482.0,64.0
21.92,1625449482.0,64.0
34.45,1625449482.0,64.0
44.25,1625449482.0,64.0
50.95,1625449482.0,64.0
54.68,1625449482.0,64.0
56.15,1625449482.0,64.0
56.36,1625449482.0,64.0
56.28,1625449482.0,64.0
56.43,1625449482.0,64.0
56.78,1625449482.0,64.0
56.92,1625449482.0,64.0
56.35,1625449482.0,64.0
54.77,1625449482.0,64.0
52.14,1625449482.0,64.0
48.62,1625449482.0,64.0
44.46,1625449482.0,64.0
39.83,1625449482.0,64.0
34.8,1625449482.0,64.0
29.51,1625449482.0,64.0
24.1,1625449482.0,64.0
18.77,1625449482.0,64.0
13.66,1625449482.0,64.0
8.8,1625449482.0,64.0
4.09,1625449482.0,64.0
-0.66,1625449482.0,64.0
-5.62,1625449482.0,64.0
-10.87,1625449482.0,64.0
-16.34,1625449482.0,64.0
-21.88,1625449482.0,64.0
-27.28,1625449482.0,64.0
-32.4,1625449482.0,64.0
-37.27,1625449482.0,64.0
-42.09,1625449482.0,64.0
-47.14,1625449482.0,64.0
-52.73,1625449482.0,64.0
-58.99,1625449482.0,64.0
-65.71,1625449482.0,64.0
-72.18,1625449482.0,64.0
-77.31,1625449482.0,64.0
-79.79,1625449482.0,64.0
-78.53,1625449482.0,64.0
-72.92,1625449482.0,64.0
-63.1,1625449482.0,64.0
-49.86,1625449482.0,64.0
-34.38,1625449482.0,64.0
-17.94,1625449482.0,64.0
-1.66,1625449482.0,64.0
13.54,1625449482.0,64.0
26.93,1625449482.0,64.0
37.89,1625449482.0,64.0
45.98,1625449482.0,64.0
51.09,1625449482.0,64.0
53.6,1625449482.0,64.0
54.32,1625449482.0,64.0
54.34,1625449482.0,64.0
54.64,1625449482.0,64.0
55.75,1625449482.0,64.0
57.64,1625449482.0,64.0
59.83,1625449482.0,64.0
61.59,1625449482.0,64.0
62.32,1625449482.0,64.0
61.72,1625449482.0,64.0
59.81,1625449482.0,64.0
56.83,1625449482.0,64.0
53.12,1625449482.0,64.0
48.97,1625449482.0,64.0
44.55,1625449482.0,64.0
39.94,1625449482.0,64.0
35.11,1625449482.0,64.0
30.03,1625449482.0,64.0
24.76,1625449482.0,64.0
19.41,1625449482.0,64.0
14.14,1625449482.0,64.0
9.08,1625449482.0,64.0
4.25,1625449482.0,64.0
-0.46,1625449482.0,64.0
-5.25,1625449482.0,64.0
-10.35,1625449482.0,64.0
-15.89,1625449482.0,64.0
-21.97,1625449482.0,64.0
-28.67,1625449482.0,64.0
-36.03,1625449482.0,64.0
-44.04,1625449482.0,64.0
-52.43,1625449482.0,64.0
-60.56,1625449482.0,64.0
-67.35,1625449482.0,64.0
-71.51,1625449482.0,64.0
-71.9,1625449482.0,64.0
-67.9,1625449482.0,64.0
-59.71,1625449482.0,64.0
-48.15,1625449482.0,64.0
-34.45,1625449482.0,64.0
-19.79,1625449482.0,64.0
-5.1,1625449482.0,64.0
9.01,1625449482.0,64.0
22.0,1625449482.0,64.0
33.25,1625449482.0,64.0
42.1,1625449482.0,64.0
48.04,1625449482.0,64.0
51.01,1625449482.0,64.0
51.55,1625449482.0,64.0
50.68,1625449482.0,64.0
49.52,1625449482.0,64.0
48.9,1625449482.0,64.0
49.05,1625449482.0,64.0
49.64,1625449482.0,64.0
50.05,1625449482.0,64.0
49.69,1625449482.0,64.0
48.25,1625449482.0,64.0
45.76,1625449482.0,64.0
42.44,1625449482.0,64.0
38.57,1625449482.0,64.0
34.33,1625449482.0,64.0
29.71,1625449482.0,64.0
24.59,1625449482.0,64.0
18.85,1625449482.0,64.0
12.43,1625449482.0,64.0
5.47,1625449482.0,64.0
-1.76,1625449482.0,64.0
-8.88,1625449482.0,64.0
-15.61,1625449482.0,64.0
-21.85,1625449482.0,64.0
-27.7,1625449482.0,64.0
-33.46,1625449482.0,64.0
-39.5,1625449482.0,64.0
-46.14,1625449482.0,64.0
-53.54,1625449482.0,64.0
-61.7,1625449482.0,64.0
-70.44,1625449482.0,64.0
-79.35,1625449482.0,64.0
-87.75,1625449482.0,64.0
-94.62,1625449482.0,64.0
-98.8,1625449482.0,64.0
-99.15,1625449482.0,64.0
-94.95,1625449482.0,64.0
-86.07,1625449482.0,64.0
-73.11,1625449482.0,64.0
-57.15,1625449482.0,64.0
-39.48,1625449482.0,64.0
-21.23,1625449482.0,64.0
-3.29,1625449482.0,64.0
13.64,1625449482.0,64.0
28.89,1625449482.0,64.0
41.74,1625449482.0,64.0
51.52,1625449482.0,64.0
57.9,1625449482.0,64.0
61.11,1625449482.0,64.0
61.93,1625449482.0,64.0
61.49,1625449482.0,64.0
60.87,1625449482.0,64.0
60.67,1625449482.0,64.0
60.91,1625449482.0,64.0
61.08,1625449482.0,64.0
60.53,1625449482.0,64.0
58.79,1625449482.0,64.0
55.75,1625449482.0,64.0
51.65,1625449482.0,64.0
46.86,1625449482.0,64.0
41.71,1625449482.0,64.0
36.35,1625449482.0,64.0
30.76,1625449482.0,64.0
24.82,1625449482.0,64.0
18.45,1625449482.0,64.0
11.67,1625449482.0,64.0
4.63,1625449482.0,64.0
-2.46,1625449482.0,64.0
-9.35,1625449482.0,64.0
-15.87,1625449482.0,64.0
-22.03,1625449482.0,64.0
-27.96,1625449482.0,64.0
-33.96,1625449482.0,64.0
-40.37,1625449482.0,64.0
-47.5,1625449482.0,64.0
-55.52,1625449482.0,64.0
-64.41,1625449482.0,64.0
-73.88,1625449482.0,64.0
-83.4,1625449482.0,64.0
-92.16,1625449482.0,64.0
-99.09,1625449482.0,64.0
-103.03,1625449482.0,64.0
-102.93,1625449482.0,64.0
-98.18,1625449482.0,64.0
-88.78,1625449482.0,64.0
-75.35,1625449482.0,64.0
-58.99,1625449482.0,64.0
-40.94,1625449482.0,64.0
-22.27,1625449482.0,64.0
-3.8,1625449482.0,64.0
13.77,1625449482.0,64.0
29.76,1625449482.0,64.0
43.4,1625449482.0,64.0
53.99,1625449482.0,64.0
61.16,1625449482.0,64.0
65.14,1625449482.0,64.0
66.71,1625449482.0,64.0
66.99,1625449482.0,64.0
66.93,1625449482.0,64.0
67.06,1625449482.0,64.0
67.3,1625449482.0,64.0
67.21,1625449482.0,64.0
66.24,1625449482.0,64.0
64.04,1625449482.0,64.0
60.59,1625449482.0,64.0
56.14,1625449482.0,64.0
50.98,1625449482.0,64.0
45.38,1625449482.0,64.0
39.45,1625449482.0,64.0
33.27,1625449482.0,64.0
26.89,1625449482.0,64.0
20.37,1625449482.0,64.0
13.84,1625449482.0,64.0
7.42,1625449482.0,64.0
1.24,1625449482.0,64.0
-4.61,1625449482.0,64.0
-10.13,1625449482.0,64.0
-15.43,1625449482.0,64.0
-20.67,1625449482.0,64.0
-26.15,1625449482.0,64.0
-32.1,1625449482.0,64.0
-38.69,1625449482.0,64.0
-45.98,1625449482.0,64.0
-53.93,1625449482.0,64.0
-62.4,1625449482.0,64.0
-71.14,1625449482.0,64.0
-79.68,1625449482.0,64.0
-87.23,1625449482.0,64.0
-92.73,1625449482.0,64.0
-94.94,1625449482.0,64.0
-92.82,1625449482.0,64.0
-85.93,1625449482.0,64.0
-74.51,1625449482.0,64.0
-59.46,1625449482.0,64.0
-42.03,1625449482.0,64.0
-23.48,1625449482.0,64.0
-4.83,1625449482.0,64.0
13.12,1625449482.0,64.0
29.61,1625449482.0,64.0
43.9,1625449482.0,64.0
55.24,1625449482.0,64.0
63.17,1625449482.0,64.0
67.69,1625449482.0,64.0
69.39,1625449482.0,64.0
69.31,1625449482.0,64.0
68.51,1625449482.0,64.0
67.78,1625449482.0,64.0
67.35,1625449482.0,64.0
66.97,1625449482.0,64.0
66.09,1625449482.0,64.0
64.21,1625449482.0,64.0
61.09,1625449482.0,64.0
56.83,1625449482.0,64.0
51.72,1625449482.0,64.0
46.11,1625449482.0,64.0
40.18,1625449482.0,64.0
34.0,1625449482.0,64.0
27.57,1625449482.0,64.0
20.92,1625449482.0,64.0
14.23,1625449482.0,64.0
7.75,1625449482.0,64.0
1.69,1625449482.0,64.0
-3.85,1625449482.0,64.0
-8.99,1625449482.0,64.0
-13.96,1625449482.0,64.0
-19.07,1625449482.0,64.0
-24.53,1625449482.0,64.0
-30.41,1625449482.0,64.0
-36.71,1625449482.0,64.0
-43.35,1625449482.0,64.0
-50.36,1625449482.0,64.0
-57.78,1625449482.0,64.0
-65.63,1625449482.0,64.0
-73.72,1625449482.0,64.0
-81.47,1625449482.0,64.0
-87.9,1625449482.0,64.0
-91.75,1625449482.0,64.0
-91.85,1625449482.0,64.0
-87.42,1625449482.0,64.0
-78.44,1625449482.0,64.0
-65.53,1625449482.0,64.0
-49.81,1625449482.0,64.0
-32.48,1625449482.0,64.0
-14.57,1625449482.0,64.0
3.08,1625449482.0,64.0
19.73,1625449482.0,64.0
34.61,1625449482.0,64.0
46.88,1625449482.0,64.0
55.85,1625449482.0,64.0
61.28,1625449482.0,64.0
63.52,1625449482.0,64.0
63.52,1625449482.0,64.0
62.44,1625449482.0,64.0
61.29,1625449482.0,64.0
60.6,1625449482.0,64.0
60.33,1625449482.0,64.0
60.01,1625449482.0,64.0
59.11,1625449482.0,64.0
57.22,1625449482.0,64.0
54.23,1625449482.0,64.0
50.27,1625449482.0,64.0
45.56,1625449482.0,64.0
40.33,1625449482.0,64.0
34.72,1625449482.0,64.0
28.79,1625449482.0,64.0
22.6,1625449482.0,64.0
16.3,1625449482.0,64.0
10.09,1625449482.0,64.0
4.15,1625449482.0,64.0
-1.42,1625449482.0,64.0
-6.68,1625449482.0,64.0
-11.82,1625449482.0,64.0
-17.0,1625449482.0,64.0
-22.36,1625449482.0,64.0
-27.9,1625449482.0,64.0
-33.59,1625449482.0,64.0
-39.36,1625449482.0,64.0
-45.24,1625449482.0,64.0
-51.33,1625449482.0,64.0
-57.81,1625449482.0,64.0
-64.76,1625449482.0,64.0
-72.0,1625449482.0,64.0
-78.97,1625449482.0,64.0
-84.71,1625449482.0,64.0
-88.03,1625449482.0,64.0
-87.82,1625449482.0,64.0
-83.35,1625449482.0,64.0
-74.48,1625449482.0,64.0
-61.77,1625449482.0,64.0
-46.2,1625449482.0,64.0
-29.01,1625449482.0,64.0
-11.35,1625449482.0,64.0
5.76,1625449482.0,64.0
21.46,1625449482.0,64.0
35.01,1625449482.0,64.0
45.78,1625449482.0,64.0
53.48,1625449482.0,64.0
58.25,1625449482.0,64.0
60.74,1625449482.0,64.0
61.95,1625449482.0,64.0
62.85,1625449482.0,64.0
64.12,1625449482.0,64.0
65.89,1625449482.0,64.0
67.85,1625449482.0,64.0
69.46,1625449482.0,64.0
70.34,1625449482.0,64.0
70.4,1625449482.0,64.0
69.89,1625449482.0,64.0
69.19,1625449482.0,64.0
68.54,1625449482.0,64.0
67.94,1625449482.0,64.0
67.07,1625449482.0,64.0
65.57,1625449482.0,64.0
63.13,1625449482.0,64.0
59.69,1625449482.0,64.0
55.53,1625449482.0,64.0
51.17,1625449482.0,64.0
47.24,1625449482.0,64.0
44.16,1625449482.0,64.0
41.83,1625449482.0,64.0
39.43,1625449482.0,64.0
35.62,1625449482.0,64.0
28.93,1625449482.0,64.0
18.46,1625449482.0,64.0
4.42,1625449482.0,64.0
-11.74,1625449482.0,64.0
-27.81,1625449482.0,64.0
-41.54,1625449482.0,64.0
-51.55,1625449482.0,64.0
-57.63,1625449482.0,64.0
-60.42,1625449482.0,64.0
-60.82,1625449482.0,64.0
-59.14,1625449482.0,64.0
-54.87,1625449482.0,64.0
-46.81,1625449482.0,64.0
-33.77,1625449482.0,64.0
-15.28,1625449482.0,64.0
7.88,1625449482.0,64.0
33.82,1625449482.0,64.0
60.11,1625449482.0,64.0
84.6,1625449482.0,64.0
106.0,1625449482.0,64.0
124.17,1625449482.0,64.0
139.83,1625449482.0,64.0
154.06,1625449482.0,64.0
167.74,1625449482.0,64.0
180.92,1625449482.0,64.0
193.18,1625449482.0,64.0
203.86,1625449482.0,64.0
212.17,1625449482.0,64.0
217.29,1625449482.0,64.0
218.32,1625449482.0,64.0
214.32,1625449482.0,64.0
204.75,1625449482.0,64.0
189.86,1625449482.0,64.0
170.2,1625449482.0,64.0
146.92,1625449482.0,64.0
121.15,1625449482.0,64.0
93.48,1625449482.0,64.0
63.99,1625449482.0,64.0
32.53,1625449482.0,64.0
-0.94,1625449482.0,64.0
-36.13,1625449482.0,64.0
-72.49,1625449482.0,64.0
-110.72,1625449482.0,64.0
-151.74,1625449482.0,64.0
-196.62,1625449482.0,64.0
-245.77,1625449482.0,64.0
-298.32,1625449482.0,64.0
-351.84,1625449482.0,64.0
-402.69,1625449482.0,64.0
-446.34,1625449482.0,64.0
-477.83,1625449482.0,64.0
-494.06,1625449482.0,64.0
-493.57,1625449482.0,64.0
-477.8,1625449482.0,64.0
-451.37,1625449482.0,64.0
-421.04,1625449482.0,64.0
-393.88,1625449482.0,64.0
-375.09,1625449482.0,64.0
-366.54,1625449482.0,64.0
-357.92,1625449482.0,64.0
-339.06,1625449482.0,64.0
-301.85,1625449482.0,64.0
-244.4,1625449482.0,64.0
-172.13,1625449482.0,64.0
-94.76,1625449482.0,64.0
-21.29,1625449482.0,64.0
43.11,1625449482.0,64.0
97.0,1625449482.0,64.0
140.68,1625449482.0,64.0
173.18,1625449482.0,64.0
193.09,1625449482.0,64.0
199.36,1625449482.0,64.0
192.65,1625449482.0,64.0
175.85,1625449482.0,64.0
153.41,1625449482.0,64.0
129.73,1625449482.0,64.0
107.64,1625449482.0,64.0
87.48,1625449482.0,64.0
66.87,1625449482.0,64.0
42.42,1625449482.0,64.0
10.88,1625449482.0,64.0
-29.37,1625449482.0,64.0
-76.96,1625449482.0,64.0
-126.95,1625449482.0,64.0
-171.72,1625449482.0,64.0
-203.04,1625449482.0,64.0
-214.83,1625449482.0,64.0
-206.05,1625449482.0,64.0
-180.96,1625449482.0,64.0
-147.76,1625449482.0,64.0
-115.47,1625449482.0,64.0
-90.62,1625449482.0,64.0
-75.48,1625449482.0,64.0
-68.44,1625449482.0,64.0
-65.89,1625449482.0,64.0
-65.12,1625449482.0,64.0
-64.89,1625449482.0,64.0
-65.05,1625449482.0,64.0
-65.68,1625449482.0,64.0
-66.24,1625449482.0,64.0
-65.4,1625449482.0,64.0
-61.65,1625449482.0,64.0
-54.28,1625449482.0,64.0
-43.81,1625449482.0,64.0
-31.62,1625449482.0,64.0
-19.3,1625449482.0,64.0
-7.77,1625449482.0,64.0
3.1,1625449482.0,64.0
14.28,1625449482.0,64.0
26.98,1625449482.0,64.0
41.92,1625449482.0,64.0
58.95,1625449482.0,64.0
77.08,1625449482.0,64.0
94.95,1625449482.0,64.0
111.54,1625449482.0,64.0
126.55,1625449482.0,64.0
140.54,1625449482.0,64.0
154.82,1625449482.0,64.0
171.08,1625449482.0,64.0
190.62,1625449482.0,64.0
213.62,1625449482.0,64.0
238.54,1625449482.0,64.0
262.11,1625449482.0,64.0
280.23,1625449482.0,64.0
289.25,1625449482.0,64.0
287.35,1625449482.0,64.0
275.24,1625449482.0,64.0
255.79,1625449482.0,64.0
232.77,1625449482.0,64.0
209.39,1625449482.0,64.0
187.47,1625449482.0,64.0
167.36,1625449482.0,64.0
148.76,1625449482.0,64.0
131.41,1625449482.0,64.0
115.47,1625449482.0,64.0
101.24,1625449482.0,64.0
88.64,1625449482.0,64.0
76.94,1625449482.0,64.0
64.92,1625449482.0,64.0
51.47,1625449482.0,64.0
36.13,1625449482.0,64.0
19.32,1625449482.0,64.0
2.19,1625449482.0,64.0
-13.73,1625449482.0,64.0
-26.94,1625449482.0,64.0
-36.26,1625449482.0,64.0
-40.89,1625449482.0,64.0
-40.56,1625449482.0,64.0
-35.48,1625449482.0,64.0
-26.34,1625449482.0,64.0
-14.18,1625449482.0,64.0
-0.12,1625449482.0,64.0
14.78,1625449482.0,64.0
29.6,1625449482.0,64.0
43.56,1625449482.0,64.0
55.86,1625449482.0,64.0
65.66,1625449482.0,64.0
72.21,1625449482.0,64.0
75.14,1625449482.0,64.0
74.7,1625449482.0,64.0
71.83,1625449482.0,64.0
67.95,1625449482.0,64.0
64.42,1625449482.0,64.0
62.17,1625449482.0,64.0
61.42,1625449482.0,64.0
61.71,1625449482.0,64.0
62.19,1625449482.0,64.0
61.96,1625449482.0,64.0
60.39,1625449482.0,64.0
57.18,1625449482.0,64.0
52.37,1625449482.0,64.0
46.19,1625449482.0,64.0
38.94,1625449482.0,64.0
30.88,1625449482.0,64.0
22.21,1625449482.0,64.0
13.17,1625449482.0,64.0
4.04,1625449482.0,64.0
-4.83,1625449482.0,64.0
-12.99,1625449482.0,64.0
-20.12,1625449482.0,64.0
-26.08,1625449482.0,64.0
-31.1,1625449482.0,64.0
-35.66,1625449482.0,64.0
-40.4,1625449482.0,64.0
-45.84,1625449482.0,64.0
-52.36,1625449482.0,64.0
-59.99,1625449482.0,64.0
-68.51,1625449482.0,64.0
-77.39,1625449482.0,64.0
-85.76,1625449482.0,64.0
-92.43,1625449482.0,64.0
-96.08,1625449482.0,64.0
-95.54,1625449482.0,64.0
-90.14,1625449482.0,64.0
-80.03,1625449482.0,64.0
-66.09,1625449482.0,64.0
-49.69,1625449482.0,64.0
-32.23,1625449482.0,64.0
-14.76,1625449482.0,64.0
2.03,1625449482.0,64.0
17.75,1625449482.0,64.0
31.87,1625449482.0,64.0
43.7,1625449482.0,64.0
52.44,1625449482.0,64.0
57.61,1625449482.0,64.0
59.3,1625449482.0,64.0
58.37,1625449482.0,64.0
56.1,1625449482.0,64.0
53.77,1625449482.0,64.0
52.18,1625449482.0,64.0
51.38,1625449482.0,64.0
50.82,1625449482.0,64.0
49.77,1625449482.0,64.0
47.71,1625449482.0,64.0
44.55,1625449482.0,64.0
40.62,1625449482.0,64.0
36.4,1625449482.0,64.0
32.22,1625449482.0,64.0
28.13,1625449482.0,64.0
23.86,1625449482.0,64.0
19.1,1625449482.0,64.0
13.66,1625449482.0,64.0
7.65,1625449482.0,64.0
1.42,1625449482.0,64.0
-4.57,1625449482.0,64.0
-9.96,1625449482.0,64.0
-14.66,1625449482.0,64.0
-18.9,1625449482.0,64.0
-23.06,1625449482.0,64.0
-27.54,1625449482.0,64.0
-32.65,1625449482.0,64.0
-38.53,1625449482.0,64.0
-45.19,1625449482.0,64.0
-52.57,1625449482.0,64.0
-60.45,1625449482.0,64.0
-68.35,1625449482.0,64.0
-75.42,1625449482.0,64.0
-80.51,1625449482.0,64.0
-82.37,1625449482.0,64.0
-80.0,1625449482.0,64.0
-73.03,1625449482.0,64.0
-61.82,1625449482.0,64.0
-47.37,1625449482.0,64.0
-30.96,1625449482.0,64.0
-13.78,1625449482.0,64.0
3.24,1625449482.0,64.0
19.43,1625449482.0,64.0
34.16,1625449482.0,64.0
46.72,1625449482.0,64.0
56.38,1625449482.0,64.0
62.68,1625449482.0,64.0
65.64,1625449482.0,64.0
65.94,1625449482.0,64.0
64.71,1625449482.0,64.0
63.19,1625449482.0,64.0
62.26,1625449482.0,64.0
62.16,1625449482.0,64.0
62.52,1625449482.0,64.0
62.66,1625449482.0,64.0
61.91,1625449482.0,64.0
59.98,1625449482.0,64.0
56.91,1625449482.0,64.0
53.02,1625449482.0,64.0
48.65,1625449482.0,64.0
44.02,1625449482.0,64.0
39.19,1625449482.0,64.0
34.17,1625449482.0,64.0
28.98,1625449482.0,64.0
23.79,1625449482.0,64.0
18.75,1625449482.0,64.0
14.0,1625449482.0,64.0
9.51,1625449482.0,64.0
5.16,1625449482.0,64.0
0.76,1625449482.0,64.0
-3.84,1625449482.0,64.0
-8.71,1625449482.0,64.0
-13.87,1625449482.0,64.0
-19.35,1625449482.0,64.0
-25.18,1625449482.0,64.0
-31.46,1625449482.0,64.0
-38.29,1625449482.0,64.0
-45.69,1625449482.0,64.0
-53.52,1625449482.0,64.0
-61.43,1625449482.0,64.0
-68.72,1625449482.0,64.0
-74.44,1625449482.0,64.0
-77.45,1625449482.0,64.0
-76.75,1625449482.0,64.0
-71.8,1625449482.0,64.0
-62.7,1625449482.0,64.0
-50.2,1625449482.0,64.0
-35.48,1625449482.0,64.0
-19.77,1625449482.0,64.0
-4.13,1625449482.0,64.0
10.69,1625449482.0,64.0
24.1,1625449482.0,64.0
35.57,1625449482.0,64.0
44.58,1625449482.0,64.0
50.73,1625449482.0,64.0
53.97,1625449482.0,64.0
54.72,1625449482.0,64.0
53.77,1625449482.0,64.0
52.11,1625449482.0,64.0
50.54,1625449482.0,64.0
49.51,1625449482.0,64.0
49.0,1625449482.0,64.0
48.71,1625449482.0,64.0
48.24,1625449482.0,64.0
47.24,1625449482.0,64.0
45.56,1625449482.0,64.0
43.18,1625449482.0,64.0
40.25,1625449482.0,64.0
36.91,1625449482.0,64.0
33.36,1625449482.0,64.0
29.73,1625449482.0,64.0
26.13,1625449482.0,64.0
22.63,1625449482.0,64.0
19.29,1625449482.0,64.0
16.11,1625449482.0,64.0
13.08,1625449482.0,64.0
10.16,1625449482.0,64.0
7.24,1625449482.0,64.0
4.29,1625449482.0,64.0
1.29,1625449482.0,64.0
-1.59,1625449482.0,64.0
-4.08,1625449482.0,64.0
-5.91,1625449482.0,64.0
-7.04,1625449482.0,64.0
-7.84,1625449482.0,64.0
-8.91,1625449482.0,64.0
-10.83,1625449482.0,64.0
-13.51,1625449482.0,64.0
-15.85,1625449482.0,64.0
-15.82,1625449482.0,64.0
-10.99,1625449482.0,64.0
0.48,1625449482.0,64.0
19.16,1625449482.0,64.0
43.95,1625449482.0,64.0
72.48,1625449482.0,64.0
101.71,1625449482.0,64.0
128.66,1625449482.0,64.0
150.95,1625449482.0,64.0
166.94,1625449482.0,64.0
175.75,1625449482.0,64.0
177.23,1625449482.0,64.0
171.89,1625449482.0,64.0
160.7,1625449482.0,64.0
144.91,1625449482.0,64.0
125.63,1625449482.0,64.0
103.77,1625449482.0,64.0
80.15,1625449482.0,64.0
55.8,1625449482.0,64.0
32.23,1625449482.0,64.0
11.21,1625449482.0,64.0
-5.77,1625449482.0,64.0
-18.4,1625449482.0,64.0
-27.82,1625449482.0,64.0
-36.38,1625449482.0,64.0
-46.45,1625449482.0,64.0
-59.28,1625449482.0,64.0
-74.39,1625449482.0,64.0
-89.75,1625449482.0,64.0
-102.96,1625449482.0,64.0
-112.4,1625449482.0,64.0
-118.1,1625449482.0,64.0
-121.3,1625449482.0,64.0
-123.96,1625449482.0,64.0
-127.53,1625449482.0,64.0
-132.1,1625449482.0,64.0
-136.07,1625449482.0,64.0
-135.93,1625449482.0,64.0
-126.66,1625449482.0,64.0
-102.45,1625449482.0,64.0
-58.36,1625449482.0,64.0
7.59,1625449482.0,64.0
92.37,1625449482.0,64.0
187.39,1625449482.0,64.0
280.19,1625449482.0,64.0
357.94,1625449482.0,64.0
411.54,1625449482.0,64.0
438.26,1625449482.0,64.0
441.69,1625449482.0,64.0
429.31,1625449482.0,64.0
408.94,1625449482.0,64.0
386.01,1625449482.0,64.0
362.88,1625449482.0,64.0
339.86,1625449482.0,64.0
316.89,1625449482.0,64.0
294.57,1625449482.0,64.0
274.0,1625449482.0,64.0
255.83,1625449482.0,64.0
239.43,1625449482.0,64.0
222.94,1625449482.0,64.0
204.24,1625449482.0,64.0
182.24,1625449482.0,64.0
157.51,1625449482.0,64.0
131.96,1625449482.0,64.0
108.04,1625449482.0,64.0
87.45,1625449482.0,64.0
70.4,1625449482.0,64.0
55.65,1625449482.0,64.0
41.24,1625449482.0,64.0
25.48,1625449482.0,64.0
7.67,1625449482.0,64.0
-11.69,1625449482.0,64.0
-31.4,1625449482.0,64.0
-50.32,1625449482.0,64.0
-68.08,1625449482.0,64.0
-85.33,1625449482.0,64.0
-103.32,1625449482.0,64.0
-123.24,1625449482.0,64.0
-145.52,1625449482.0,64.0
-169.58,1625449482.0,64.0
-194.18,1625449482.0,64.0
-217.96,1625449482.0,64.0
-240.17,1625449482.0,64.0
-260.97,1625449482.0,64.0
-281.25,1625449482.0,64.0
-302.11,1625449482.0,64.0
-324.38,1625449482.0,64.0
-348.28,1625449482.0,64.0
-373.29,1625449482.0,64.0
-398.23,1625449482.0,64.0
-421.64,1625449482.0,64.0
-441.66,1625449482.0,64.0
-456.48,1625449482.0,64.0
-464.87,1625449482.0,64.0
-466.39,1625449482.0,64.0
-461.85,1625449482.0,64.0
-452.29,1625449482.0,64.0
-437.73,1625449482.0,64.0
-416.39,1625449482.0,64.0
-385.08,1625449482.0,64.0
-340.23,1625449482.0,64.0
-279.67,1625449482.0,64.0
-204.09,1625449482.0,64.0
-117.33,1625449482.0,64.0
-26.21,1625449482.0,64.0
61.37,1625449482.0,64.0
138.38,1625449482.0,64.0
200.07,1625449482.0,64.0
243.87,1625449482.0,64.0
269.85,1625449482.0,64.0
280.08,1625449482.0,64.0
277.81,1625449482.0,64.0
267.25,1625449482.0,64.0
251.48,1625449482.0,64.0
232.78,1625449482.0,64.0
213.16,1625449482.0,64.0
194.33,1625449482.0,64.0
175.69,1625449482.0,64.0
155.94,1625449482.0,64.0
132.95,1625449482.0,64.0
104.16,1625449482.0,64.0
69.22,1625449482.0,64.0
26.84,1625449482.0,64.0
-22.88,1625449482.0,64.0
-77.09,1625449482.0,64.0
-131.16,1625449482.0,64.0
-183.84,1625449482.0,64.0
-234.97,1625449482.0,64.0
-286.07,1625449482.0,64.0
-339.36,1625449482.0,64.0
-392.66,1625449482.0,64.0
-447.08,1625449482.0,64.0
-503.72,1625449482.0,64.0
-561.52,1625449482.0,64.0
-618.69,1625449482.0,64.0
-678.48,1625449482.0,64.0
-743.21,1625449482.0,64.0
-813.22,1625449482.0,64.0
-885.33,1625449482.0,64.0
-947.01,1625449482.0,64.0
-992.0,1625449482.0,64.0
-1018.46,1625449482.0,64.0
-1027.0,1625449482.0,64.0
-1021.53,1625449482.0,64.0
-1013.36,1625449482.0,64.0
-1010.57,1625449482.0,64.0
-1015.51,1625449482.0,64.0
-1024.26,1625449482.0,64.0
-1021.48,1625449482.0,64.0
-1003.18,1625449482.0,64.0
-974.33,1625449482.0,64.0
-944.16,1625449482.0,64.0
-871.6,1625449482.0,64.0
-730.92,1625449482.0,64.0
-514.98,1625449482.0,64.0
-243.63,1625449482.0,64.0
-7.2,1625449482.0,64.0
170.75,1625449482.0,64.0
292.61,1625449482.0,64.0
369.66,1625449482.0,64.0
430.69,1625449482.0,64.0
489.65,1625449482.0,64.0
545.09,1625449482.0,64.0
590.52,1625449482.0,64.0
618.54,1625449482.0,64.0
625.73,1625449482.0,64.0
622.81,1625449482.0,64.0
615.74,1625449482.0,64.0
608.33,1625449482.0,64.0
603.72,1625449482.0,64.0
601.7,1625449482.0,64.0
595.95,1625449482.0,64.0
581.15,1625449482.0,64.0
554.96,1625449482.0,64.0
519.39,1625449482.0,64.0
486.06,1625449482.0,64.0
459.93,1625449482.0,64.0
441.5,1625449482.0,64.0
429.69,1625449482.0,64.0
421.34,1625449482.0,64.0
411.22,1625449482.0,64.0
396.3,1625449482.0,64.0
376.08,1625449482.0,64.0
352.71,1625449482.0,64.0
333.76,1625449482.0,64.0
322.15,1625449482.0,64.0
317.75,1625449482.0,64.0
319.43,1625449482.0,64.0
325.0,1625449482.0,64.0
331.76,1625449482.0,64.0
338.48,1625449482.0,64.0
345.63,1625449482.0,64.0
355.29,1625449482.0,64.0
372.1,1625449482.0,64.0
397.58,1625449482.0,64.0
429.91,1625449482.0,64.0
464.52,1625449482.0,64.0
494.45,1625449482.0,64.0
512.59,1625449482.0,64.0
514.23,1625449482.0,64.0
498.58,1625449482.0,64.0
468.63,1625449482.0,64.0
430.55,1625449482.0,64.0
389.86,1625449482.0,64.0
350.13,1625449482.0,64.0
312.78,1625449482.0,64.0
277.54,1625449482.0,64.0
243.96,1625449482.0,64.0
212.21,1625449482.0,64.0
183.07,1625449482.0,64.0
156.99,1625449482.0,64.0
133.91,1625449482.0,64.0
112.84,1625449482.0,64.0
92.11,1625449482.0,64.0
69.98,1625449482.0,64.0
45.21,1625449482.0,64.0
17.66,1625449482.0,64.0
-11.54,1625449482.0,64.0
-40.57,1625449482.0,64.0
-68.3,1625449482.0,64.0
-94.25,1625449482.0,64.0
-118.81,1625449482.0,64.0
-142.84,1625449482.0,64.0
-167.07,1625449482.0,64.0
-191.81,1625449482.0,64.0
-216.83,1625449482.0,64.0
-241.69,1625449482.0,64.0
-265.93,1625449482.0,64.0
-289.71,1625449482.0,64.0
-312.34,1625449482.0,64.0
-331.82,1625449482.0,64.0
-345.29,1625449482.0,64.0
-350.33,1625449482.0,64.0
-346.32,1625449482.0,64.0
-334.89,1625449482.0,64.0
-319.14,1625449482.0,64.0
-296.4,1625449482.0,64.0
-264.81,1625449482.0,64.0
-223.25,1625449482.0,64.0
-172.89,1625449482.0,64.0
-117.48,1625449482.0,64.0
-62.5,1625449482.0,64.0
-13.45,1625449482.0,64.0
25.72,1625449482.0,64.0
53.16,1625449482.0,64.0
68.65,1625449482.0,64.0
71.84,1625449482.0,64.0
62.87,1625449482.0,64.0
43.18,1625449482.0,64.0
16.79,1625449482.0,64.0
-9.66,1625449482.0,64.0
-29.43,1625449482.0,64.0
-37.37,1625449482.0,64.0
-32.08,1625449482.0,64.0
-16.69,1625449482.0,64.0
1.49,1625449482.0,64.0
14.62,1625449482.0,64.0
16.8,1625449482.0,64.0
6.21,1625449482.0,64.0
-14.04,1625449482.0,64.0
-38.15,1625449482.0,64.0
-60.98,1625449482.0,64.0
-79.84,1625449482.0,64.0
-94.26,1625449482.0,64.0
-105.06,1625449482.0,64.0
-112.62,1625449482.0,64.0
-116.53,1625449482.0,64.0
-116.26,1625449482.0,64.0
-112.15,1625449482.0,64.0
-105.09,1625449482.0,64.0
-96.91,1625449482.0,64.0
-89.76,1625449482.0,64.0
-84.96,1625449482.0,64.0
-82.84,1625449482.0,64.0
-82.69,1625449482.0,64.0
-83.38,1625449482.0,64.0
-83.98,1625449482.0,64.0
-84.3,1625449482.0,64.0
-84.65,1625449482.0,64.0
-85.91,1625449482.0,64.0
-88.8,1625449482.0,64.0
-93.26,1625449482.0,64.0
-98.34,1625449482.0,64.0
-102.34,1625449482.0,64.0
-103.37,1625449482.0,64.0
-99.71,1625449482.0,64.0
-93.02,1625449482.0,64.0
-84.47,1625449482.0,64.0
-75.33,1625449482.0,64.0
-66.44,1625449482.0,64.0
-57.89,1625449482.0,64.0
-49.08,1625449482.0,64.0
-39.11,1625449482.0,64.0
-27.39,1625449482.0,64.0
-14.0,1625449482.0,64.0
0.19,1625449482.0,64.0
14.27,1625449482.0,64.0
27.28,1625449482.0,64.0
38.82,1625449482.0,64.0
49.33,1625449482.0,64.0
59.85,1625449482.0,64.0
71.55,1625449482.0,64.0
85.05,1625449482.0,64.0
100.16,1625449482.0,64.0
115.95,1625449482.0,64.0
131.46,1625449482.0,64.0
145.81,1625449482.0,64.0
158.78,1625449482.0,64.0
170.74,1625449482.0,64.0
182.72,1625449482.0,64.0
196.12,1625449482.0,64.0
212.72,1625449482.0,64.0
234.25,1625449482.0,64.0
261.57,1625449482.0,64.0
293.7,1625449482.0,64.0
326.63,1625449482.0,64.0
353.57,1625449482.0,64.0
366.79,1625449482.0,64.0
360.47,1625449482.0,64.0
333.29,1625449482.0,64.0
289.21,1625449482.0,64.0
236.07,1625449482.0,64.0
182.58,1625449482.0,64.0
135.55,1625449482.0,64.0
98.43,1625449482.0,64.0
71.79,1625449482.0,64.0
54.88,1625449482.0,64.0
46.87,1625449482.0,64.0
46.86,1625449482.0,64.0
53.2,1625449482.0,64.0
62.98,1625449482.0,64.0
72.36,1625449482.0,64.0
78.0,1625449482.0,64.0
78.34,1625449482.0,64.0
74.18,1625449482.0,64.0
67.9,1625449482.0,64.0
62.08,1625449482.0,64.0
58.21,1625449482.0,64.0
56.29,1625449482.0,64.0
55.32,1625449482.0,64.0
54.06,1625449482.0,64.0
51.75,1625449482.0,64.0
48.13,1625449482.0,64.0
43.33,1625449482.0,64.0
37.53,1625449482.0,64.0
30.91,1625449482.0,64.0
23.72,1625449482.0,64.0
16.37,1625449482.0,64.0
9.34,1625449482.0,64.0
3.0,1625449482.0,64.0
-2.57,1625449482.0,64.0
-7.71,1625449482.0,64.0
-13.04,1625449482.0,64.0
-19.13,1625449482.0,64.0
-26.31,1625449482.0,64.0
-34.42,1625449482.0,64.0
-42.87,1625449482.0,64.0
-50.93,1625449482.0,64.0
-57.96,1625449482.0,64.0
-63.72,1625449482.0,64.0
-68.48,1625449482.0,64.0
-72.9,1625449482.0,64.0
-77.75,1625449482.0,64.0
-83.56,1625449482.0,64.0
-90.29,1625449482.0,64.0
-97.26,1625449482.0,64.0
-103.19,1625449482.0,64.0
-106.44,1625449482.0,64.0
-105.37,1625449482.0,64.0
-98.71,1625449482.0,64.0
-86.0,1625449482.0,64.0
-67.79,1625449482.0,64.0
-45.65,1625449482.0,64.0
-21.8,1625449482.0,64.0
1.49,1625449482.0,64.0
22.53,1625449482.0,64.0
40.58,1625449482.0,64.0
55.82,1625449482.0,64.0
68.89,1625449482.0,64.0
80.25,1625449482.0,64.0
89.78,1625449482.0,64.0
96.74,1625449482.0,64.0
100.24,1625449482.0,64.0
99.69,1625449482.0,64.0
95.18,1625449482.0,64.0
87.49,1625449482.0,64.0
77.68,1625449482.0,64.0
66.7,1625449482.0,64.0
55.17,1625449482.0,64.0
43.31,1625449482.0,64.0
31.2,1625449482.0,64.0
18.92,1625449482.0,64.0
6.76,1625449482.0,64.0
-4.94,1625449482.0,64.0
-15.92,1625449482.0,64.0
-26.22,1625449482.0,64.0
-36.19,1625449482.0,64.0
-46.32,1625449482.0,64.0
-56.99,1625449482.0,64.0
-68.23,1625449482.0,64.0
-79.61,1625449482.0,64.0
-90.38,1625449482.0,64.0
-99.78,1625449482.0,64.0
-107.49,1625449482.0,64.0
-113.84,1625449482.0,64.0
-119.75,1625449482.0,64.0
-126.45,1625449482.0,64.0
-134.94,1625449482.0,64.0
-145.39,1625449482.0,64.0
-156.87,1625449482.0,64.0
-167.5,1625449482.0,64.0
-175.01,1625449482.0,64.0
-177.32,1625449482.0,64.0
-173.2,1625449482.0,64.0
-162.47,1625449482.0,64.0
-145.9,1625449482.0,64.0
-124.95,1625449482.0,64.0
-101.47,1625449482.0,64.0
-77.61,1625449482.0,64.0
-55.75,1625449482.0,64.0
-38.31,1625449482.0,64.0
-27.15,1625449482.0,64.0
-22.9,1625449482.0,64.0
-24.5,1625449482.0,64.0
-29.35,1625449482.0,64.0
-34.2,1625449482.0,64.0
-36.33,1625449482.0,64.0
-34.49,1625449482.0,64.0
-29.08,1625449482.0,64.0
-21.62,1625449482.0,64.0
-13.83,1625449482.0,64.0
-7.01,1625449482.0,64.0
-1.8,1625449482.0,64.0
1.66,1625449482.0,64.0
3.4,1625449482.0,64.0
3.48,1625449482.0,64.0
2.05,1625449482.0,64.0
-0.51,1625449482.0,64.0
-3.57,1625449482.0,64.0
-6.53,1625449482.0,64.0
-9.06,1625449482.0,64.0
-11.28,1625449482.0,64.0
-13.72,1625449482.0,64.0
-17.07,1625449482.0,64.0
-21.87,1625449482.0,64.0
-28.41,1625449482.0,64.0
-36.63,1625449482.0,64.0
-46.19,1625449482.0,64.0
-56.41,1625449482.0,64.0
-66.33,1625449482.0,64.0
-74.83,1625449482.0,64.0
-80.57,1625449482.0,64.0
-82.19,1625449482.0,64.0
-78.77,1625449482.0,64.0
-70.17,1625449482.0,64.0
-57.14,1625449482.0,64.0
-41.18,1625449482.0,64.0
-23.88,1625449482.0,64.0
-6.51,1625449482.0,64.0
10.27,1625449482.0,64.0
26.49,1625449482.0,64.0
42.51,1625449482.0,64.0
58.37,1625449482.0,64.0
73.28,1625449482.0,64.0
85.58,1625449482.0,64.0
93.34,1625449482.0,64.0
95.31,1625449482.0,64.0
91.55,1625449482.0,64.0
83.43,1625449482.0,64.0
73.55,1625449482.0,64.0
64.98,1625449482.0,64.0
59.96,1625449482.0,64.0
59.07,1625449482.0,64.0
61.04,1625449482.0,64.0
63.33,1625449482.0,64.0
63.55,1625449482.0,64.0
60.08,1625449482.0,64.0
51.87,1625449482.0,64.0
40.07,1625449482.0,64.0
28.22,1625449482.0,64.0
20.81,1625449482.0,64.0
21.69,1625449482.0,64.0
32.32,1625449482.0,64.0
50.86,1625449482.0,64.0
73.33,1625449482.0,64.0
94.52,1625449482.0,64.0
108.18,1625449482.0,64.0
111.22,1625449482.0,64.0
105.21,1625449482.0,64.0
94.71,1625449482.0,64.0
85.41,1625449482.0,64.0
82.13,1625449482.0,64.0
87.1,1625449482.0,64.0
100.53,1625449482.0,64.0
118.97,1625449482.0,64.0
133.05,1625449482.0,64.0
133.35,1625449482.0,64.0
115.0,1625449482.0,64.0
78.6,1625449482.0,64.0
31.0,1625449482.0,64.0
-16.44,1625449482.0,64.0
-51.75,1625449482.0,64.0
-64.62,1625449482.0,64.0
-50.76,1625449482.0,64.0
-15.93,1625449482.0,64.0
31.4,1625449482.0,64.0
85.51,1625449482.0,64.0
143.23,1625449482.0,64.0
204.03,1625449482.0,64.0
268.19,1625449482.0,64.0
321.8,1625449482.0,64.0
350.44,1625449482.0,64.0
364.65,1625449482.0,64.0
368.46,1625449482.0,64.0
354.28,1625449482.0,64.0
321.67,1625449482.0,64.0
274.85,1625449482.0,64.0
220.79,1625449482.0,64.0
166.33,1625449482.0,64.0
115.67,1625449482.0,64.0
71.34,1625449482.0,64.0
33.39,1625449482.0,64.0
-2.68,1625449482.0,64.0
-39.4,1625449482.0,64.0
-74.6,1625449482.0,64.0
-104.95,1625449482.0,64.0
-127.88,1625449482.0,64.0
-143.03,1625449482.0,64.0
-152.6,1625449482.0,64.0
-158.74,1625449482.0,64.0
-163.41,1625449482.0,64.0
-170.48,1625449482.0,64.0
-181.57,1625449482.0,64.0
-194.6,1625449482.0,64.0
-206.49,1625449482.0,64.0
-214.33,1625449482.0,64.0
-216.64,1625449482.0,64.0
-214.15,1625449482.0,64.0
-208.24,1625449482.0,64.0
-200.36,1625449482.0,64.0
-192.28,1625449482.0,64.0
-183.34,1625449482.0,64.0
-170.58,1625449482.0,64.0
-152.02,1625449482.0,64.0
-128.63,1625449482.0,64.0
-104.32,1625449482.0,64.0
-83.84,1625449482.0,64.0
-69.23,1625449482.0,64.0
-58.28,1625449482.0,64.0
-45.53,1625449482.0,64.0
-23.74,1625449482.0,64.0
13.12,1625449482.0,64.0
66.34,1625449482.0,64.0
131.36,1625449482.0,64.0
198.96,1625449482.0,64.0
258.19,1625449482.0,64.0
299.85,1625449482.0,64.0
319.03,1625449482.0,64.0
315.98,1625449482.0,64.0
295.82,1625449482.0,64.0
266.57,1625449482.0,64.0
235.98,1625449482.0,64.0
209.12,1625449482.0,64.0
187.57,1625449482.0,64.0
170.25,1625449482.0,64.0
155.17,1625449482.0,64.0
140.92,1625449482.0,64.0
127.19,1625449482.0,64.0
114.32,1625449482.0,64.0
102.57,1625449482.0,64.0
91.73,1625449482.0,64.0
81.28,1625449482.0,64.0
70.82,1625449482.0,64.0
60.31,1625449482.0,64.0
49.88,1625449482.0,64.0
39.8,1625449482.0,64.0
30.07,1625449482.0,64.0
20.43,1625449482.0,64.0
10.49,1625449482.0,64.0
-0.35,1625449482.0,64.0
-12.78,1625449482.0,64.0
-27.71,1625449482.0,64.0
-46.21,1625449482.0,64.0
-69.3,1625449482.0,64.0
-97.72,1625449482.0,64.0
-131.96,1625449482.0,64.0
-172.45,1625449482.0,64.0
-219.6,1625449482.0,64.0
-273.32,1625449482.0,64.0
-331.97,1625449482.0,64.0
-391.22,1625449482.0,64.0
-444.05,1625449482.0,64.0
-482.14,1625449482.0,64.0
-498.42,1625449482.0,64.0
-489.61,1625449482.0,64.0
-457.23,1625449482.0,64.0
-406.34,1625449482.0,64.0
-342.81,1625449482.0,64.0
-270.75,1625449482.0,64.0
-192.14,1625449482.0,64.0
-108.62,1625449482.0,64.0
-24.32,1625449482.0,64.0
52.76,1625449482.0,64.0
111.83,1625449482.0,64.0
142.91,1625449482.0,64.0
140.94,1625449482.0,64.0
108.23,1625449482.0,64.0
53.98,1625449482.0,64.0
-8.82,1625449482.0,64.0
-67.61,1625449482.0,64.0
-113.34,1625449482.0,64.0
-142.05,1625449482.0,64.0
-154.23,1625449482.0,64.0
-153.26,1625449482.0,64.0
-143.72,1625449482.0,64.0
-130.11,1625449482.0,64.0
-116.25,1625449482.0,64.0
-105.04,1625449482.0,64.0
-98.45,1625449482.0,64.0
-97.46,1625449482.0,64.0
-102.04,1625449482.0,64.0
-111.15,1625449482.0,64.0
-122.65,1625449482.0,64.0
-133.76,1625449482.0,64.0
-141.67,1625449482.0,64.0
-144.42,1625449482.0,64.0
-141.41,1625449482.0,64.0
-133.48,1625449482.0,64.0
-122.34,1625449482.0,64.0
-109.88,1625449482.0,64.0
-97.29,1625449482.0,64.0
-84.73,1625449482.0,64.0
-71.51,1625449482.0,64.0
-56.69,1625449482.0,64.0
-39.64,1625449482.0,64.0
-20.33,1625449482.0,64.0
0.61,1625449482.0,64.0
22.07,1625449482.0,64.0
42.71,1625449482.0,64.0
61.29,1625449482.0,64.0
76.89,1625449482.0,64.0
89.18,1625449482.0,64.0
98.46,1625449482.0,64.0
105.52,1625449482.0,64.0
111.23,1625449482.0,64.0
116.13,1625449482.0,64.0
120.1,1625449482.0,64.0
122.5,1625449482.0,64.0
122.6,1625449482.0,64.0
120.2,1625449482.0,64.0
115.88,1625449482.0,64.0
110.88,1625449482.0,64.0
106.57,1625449482.0,64.0
103.79,1625449482.0,64.0
102.49,1625449482.0,64.0
101.77,1625449482.0,64.0
100.35,1625449482.0,64.0
97.16,1625449482.0,64.0
91.64,1625449482.0,64.0
83.86,1625449482.0,64.0
74.29,1625449482.0,64.0
63.54,1625449482.0,64.0
52.27,1625449482.0,64.0
41.11,1625449482.0,64.0
30.62,1625449482.0,64.0
21.18,1625449482.0,64.0
12.79,1625449482.0,64.0
5.02,1625449482.0,64.0
-2.91,1625449482.0,64.0
-11.77,1625449482.0,64.0
-21.93,1625449482.0,64.0
-33.08,1625449482.0,64.0
-44.36,1625449482.0,64.0
-54.62,1625449482.0,64.0
-62.89,1625449482.0,64.0
-68.52,1625449482.0,64.0
-71.19,1625449482.0,64.0
-70.68,1625449482.0,64.0
-66.82,1625449482.0,64.0
-59.52,1625449482.0,64.0
-49.06,1625449482.0,64.0
-36.1,1625449482.0,64.0
-21.68,1625449482.0,64.0
-6.91,1625449482.0,64.0
7.29,1625449482.0,64.0
20.29,1625449482.0,64.0
31.77,1625449482.0,64.0
41.52,1625449482.0,64.0
49.41,1625449482.0,64.0
55.48,1625449482.0,64.0
60.04,1625449482.0,64.0
63.67,1625449482.0,64.0
67.0,1625449482.0,64.0
70.49,1625449482.0,64.0
74.19,1625449482.0,64.0
77.7,1625449482.0,64.0
80.33,1625449482.0,64.0
81.38,1625449482.0,64.0
80.42,1625449482.0,64.0
77.42,1625449482.0,64.0
72.82,1625449482.0,64.0
67.33,1625449482.0,64.0
61.69,1625449482.0,64.0
56.37,1625449482.0,64.0
51.42,1625449482.0,64.0
46.46,1625449482.0,64.0
40.92,1625449482.0,64.0
34.37,1625449482.0,64.0
26.72,1625449482.0,64.0
18.27,1625449482.0,64.0
9.51,1625449482.0,64.0
0.83,1625449482.0,64.0
-7.57,1625449482.0,64.0
-15.72,1625449482.0,64.0
-23.68,1625449482.0,64.0
-31.37,1625449482.0,64.0
-38.48,1625449482.0,64.0
-44.49,1625449482.0,64.0
-48.82,1625449482.0,64.0
-50.94,1625449482.0,64.0
-50.5,1625449482.0,64.0
-47.38,1625449482.0,64.0
-41.71,1625449482.0,64.0
-33.8,1625449482.0,64.0
-23.98,1625449482.0,64.0
-12.56,1625449482.0,64.0
0.13,1625449482.0,64.0
13.6,1625449482.0,64.0
27.07,1625449482.0,64.0
39.57,1625449482.0,64.0
50.01,1625449482.0,64.0
57.61,1625449482.0,64.0
62.07,1625449482.0,64.0
63.68,1625449482.0,64.0
63.07,1625449482.0,64.0
61.09,1625449482.0,64.0
58.46,1625449482.0,64.0
55.65,1625449482.0,64.0
52.81,1625449482.0,64.0
49.8,1625449482.0,64.0
46.32,1625449482.0,64.0
42.08,1625449482.0,64.0
36.96,1625449482.0,64.0
31.03,1625449482.0,64.0
24.51,1625449482.0,64.0
17.71,1625449482.0,64.0
10.79,1625449482.0,64.0
3.88,1625449482.0,64.0
-2.89,1625449482.0,64.0
-9.27,1625449482.0,64.0
-14.91,1625449482.0,64.0
-19.58,1625449482.0,64.0
-23.31,1625449482.0,64.0
-26.52,1625449482.0,64.0
-29.87,1625449482.0,64.0
-33.98,1625449482.0,64.0
-39.15,1625449482.0,64.0
-45.31,1625449482.0,64.0
-52.15,1625449482.0,64.0
-59.42,1625449482.0,64.0
-67.06,1625449482.0,64.0
-75.0,1625449482.0,64.0
-82.98,1625449482.0,64.0
-90.2,1625449482.0,64.0
-95.41,1625449482.0,64.0
-97.19,1625449482.0,64.0
-94.46,1625449482.0,64.0
-86.93,1625449482.0,64.0
-75.14,1625449482.0,64.0
-60.29,1625449482.0,64.0
-43.84,1625449482.0,64.0
-27.1,1625449482.0,64.0
-11.1,1625449482.0,64.0
3.25,1625449482.0,64.0
15.08,1625449482.0,64.0
23.62,1625449482.0,64.0
28.51,1625449482.0,64.0
30.14,1625449482.0,64.0
29.77,1625449482.0,64.0
29.18,1625449482.0,64.0
29.97,1625449482.0,64.0
32.93,1625449482.0,64.0
37.78,1625449482.0,64.0
43.32,1625449482.0,64.0
48.14,1625449482.0,64.0
51.23,1625449482.0,64.0
52.37,1625449482.0,64.0
52.02,1625449482.0,64.0
50.91,1625449482.0,64.0
49.56,1625449482.0,64.0
47.94,1625449482.0,64.0
45.62,1625449482.0,64.0
41.96,1625449482.0,64.0
36.6,1625449482.0,64.0
29.61,1625449482.0,64.0
21.52,1625449482.0,64.0
13.04,1625449482.0,64.0
4.76,1625449482.0,64.0
-3.15,1625449482.0,64.0
-10.85,1625449482.0,64.0
-18.56,1625449482.0,64.0
-26.21,1625449482.0,64.0
-33.41,1625449482.0,64.0
-39.67,1625449482.0,64.0
-44.7,1625449482.0,64.0
-48.65,1625449482.0,64.0
-51.88,1625449482.0,64.0
-54.5,1625449482.0,64.0
-56.01,1625449482.0,64.0
-55.22,1625449482.0,64.0
-50.77,1625449482.0,64.0
-41.82,1625449482.0,64.0
-28.59,1625449482.0,64.0
-12.36,1625449482.0,64.0
5.02,1625449482.0,64.0
21.81,1625449482.0,64.0
36.85,1625449482.0,64.0
49.56,1625449482.0,64.0
59.72,1625449482.0,64.0
67.22,1625449482.0,64.0
72.05,1625449482.0,64.0
74.46,1625449482.0,64.0
75.15,1625449482.0,64.0
75.21,1625449482.0,64.0
75.72,1625449482.0,64.0
77.24,1625449482.0,64.0
79.49,1625449482.0,64.0
81.4,1625449482.0,64.0
81.63,1625449482.0,64.0
79.13,1625449482.0,64.0
73.68,1625449482.0,64.0
65.92,1625449482.0,64.0
56.96,1625449482.0,64.0
47.91,1625449482.0,64.0
39.37,1625449482.0,64.0
31.38,1625449482.0,64.0
23.61,1625449482.0,64.0
15.82,1625449482.0,64.0
8.14,1625449482.0,64.0
1.15,1625449482.0,64.0
-4.57,1625449482.0,64.0
-8.78,1625449482.0,64.0
-11.98,1625449482.0,64.0
-15.19,1625449482.0,64.0
-19.66,1625449482.0,64.0
-26.26,1625449482.0,64.0
-35.15,1625449482.0,64.0
-45.72,1625449482.0,64.0
-56.83,1625449482.0,64.0
-67.15,1625449482.0,64.0
-75.45,1625449482.0,64.0
-80.71,1625449482.0,64.0
-82.18,1625449482.0,64.0
-79.43,1625449482.0,64.0
-72.48,1625449482.0,64.0
-61.8,1625449482.0,64.0
-48.3,1625449482.0,64.0
-33.06,1625449482.0,64.0
-17.09,1625449482.0,64.0
-1.21,1625449482.0,64.0
13.91,1625449482.0,64.0
27.55,1625449482.0,64.0
38.88,1625449482.0,64.0
47.09,1625449482.0,64.0
51.66,1625449482.0,64.0
52.67,1625449482.0,64.0
50.83,1625449482.0,64.0
47.32,1625449482.0,64.0
43.41,1625449482.0,64.0
39.96,1625449482.0,64.0
37.3,1625449482.0,64.0
35.28,1625449482.0,64.0
33.47,1625449482.0,64.0
31.49,1625449482.0,64.0
29.21,1625449482.0,64.0
26.71,1625449482.0,64.0
24.15,1625449482.0,64.0
21.62,1625449482.0,64.0
18.92,1625449482.0,64.0
15.72,1625449482.0,64.0
11.7,1625449482.0,64.0
6.74,1625449482.0,64.0
1.14,1625449482.0,64.0
-4.38,1625449482.0,64.0
-9.03,1625449482.0,64.0
-12.34,1625449482.0,64.0
-14.45,1625449482.0,64.0
-16.09,1625449482.0,64.0
-18.35,1625449482.0,64.0
-22.18,1625449482.0,64.0
-28.05,1625449482.0,64.0
-35.55,1625449482.0,64.0
-43.41,1625449482.0,64.0
-49.81,1625449482.0,64.0
-53.01,1625449482.0,64.0
-51.91,1625449482.0,64.0
-46.43,1625449482.0,64.0
-37.44,1625449482.0,64.0
-26.26,1625449482.0,64.0
-14.18,1625449482.0,64.0
-1.69,1625449482.0,64.0
11.69,1625449482.0,64.0
26.79,1625449482.0,64.0
43.91,1625449482.0,64.0
62.1,1625449482.0,64.0
79.18,1625449482.0,64.0
92.73,1625449482.0,64.0
101.4,1625449482.0,64.0
105.15,1625449482.0,64.0
105.73,1625449482.0,64.0
105.39,1625449482.0,64.0
105.42,1625449482.0,64.0
105.08,1625449482.0,64.0
102.18,1625449482.0,64.0
94.86,1625449482.0,64.0
83.11,1625449482.0,64.0
69.01,1625449482.0,64.0
54.04,1625449482.0,64.0
38.53,1625449482.0,64.0
21.56,1625449482.0,64.0
2.37,1625449482.0,64.0
-17.91,1625449482.0,64.0
-35.58,1625449482.0,64.0
-45.87,1625449482.0,64.0
-45.89,1625449482.0,64.0
-36.93,1625449482.0,64.0
-26.52,1625449482.0,64.0
-23.31,1625449482.0,64.0
-32.13,1625449482.0,64.0
-51.37,1625449482.0,64.0
-74.71,1625449482.0,64.0
-95.57,1625449482.0,64.0
-111.81,1625449482.0,64.0
-127.3,1625449482.0,64.0
-149.63,1625449482.0,64.0
-188.43,1625449482.0,64.0
-247.78,1625449482.0,64.0
-323.44,1625449482.0,64.0
-403.72,1625449482.0,64.0
-474.72,1625449482.0,64.0
-525.8,1625449482.0,64.0
-553.21,1625449482.0,64.0
-559.98,1625449482.0,64.0
-539.87,1625449482.0,64.0
-492.91,1625449482.0,64.0
-423.42,1625449482.0,64.0
-339.1,1625449482.0,64.0
-247.86,1625449482.0,64.0
-156.42,1625449482.0,64.0
-70.34,1625449482.0,64.0
5.15,1625449482.0,64.0
63.49,1625449482.0,64.0
105.61,1625449482.0,64.0
133.58,1625449482.0,64.0
152.28,1625449482.0,64.0
168.52,1625449482.0,64.0
190.08,1625449482.0,64.0
222.87,1625449482.0,64.0
269.34,1625449482.0,64.0
326.18,1625449482.0,64.0
386.76,1625449482.0,64.0
443.18,1625449482.0,64.0
485.58,1625449482.0,64.0
506.92,1625449482.0,64.0
499.53,1625449482.0,64.0
463.31,1625449482.0,64.0
405.32,1625449482.0,64.0
337.11,1625449482.0,64.0
269.97,1625449482.0,64.0
210.99,1625449482.0,64.0
162.53,1625449482.0,64.0
122.34,1625449482.0,64.0
88.29,1625449482.0,64.0
60.11,1625449482.0,64.0
39.89,1625449482.0,64.0
29.17,1625449482.0,64.0
26.95,1625449482.0,64.0
29.57,1625449482.0,64.0
32.18,1625449482.0,64.0
31.62,1625449482.0,64.0
26.39,1625449482.0,64.0
17.63,1625449482.0,64.0
7.8,1625449482.0,64.0
-0.02,1625449482.0,64.0
-4.18,1625449482.0,64.0
-5.4,1625449482.0,64.0
-6.52,1625449482.0,64.0
-11.73,1625449482.0,64.0
-23.79,1625449482.0,64.0
-43.53,1625449482.0,64.0
-69.14,1625449482.0,64.0
-97.51,1625449482.0,64.0
-124.85,1625449482.0,64.0
-148.24,1625449482.0,64.0
-166.79,1625449482.0,64.0
-179.05,1625449482.0,64.0
-187.36,1625449482.0,64.0
-194.48,1625449482.0,64.0
-202.74,1625449482.0,64.0
-213.17,1625449482.0,64.0
-226.1,1625449482.0,64.0
-239.65,1625449482.0,64.0
-249.46,1625449482.0,64.0
-249.21,1625449482.0,64.0
-232.63,1625449482.0,64.0
-196.89,1625449482.0,64.0
-144.35,1625449482.0,64.0
-85.04,1625449482.0,64.0
-28.76,1625449482.0,64.0
14.38,1625449482.0,64.0
38.35,1625449482.0,64.0
43.18,1625449482.0,64.0
34.21,1625449482.0,64.0
19.37,1625449482.0,64.0
5.56,1625449482.0,64.0
-2.85,1625449482.0,64.0
-4.47,1625449482.0,64.0
0.4,1625449482.0,64.0
9.7,1625449482.0,64.0
21.42,1625449482.0,64.0
33.57,1625449482.0,64.0
44.4,1625449482.0,64.0
52.89,1625449482.0,64.0
58.93,1625449482.0,64.0
63.44,1625449482.0,64.0
67.82,1625449482.0,64.0
73.5,1625449482.0,64.0
80.15,1625449482.0,64.0
86.73,1625449482.0,64.0
91.63,1625449482.0,64.0
93.73,1625449482.0,64.0
93.52,1625449482.0,64.0
93.22,1625449482.0,64.0
96.42,1625449482.0,64.0
105.14,1625449482.0,64.0
121.4,1625449482.0,64.0
145.1,1625449482.0,64.0
174.39,1625449482.0,64.0
205.13,1625449482.0,64.0
231.94,1625449482.0,64.0
249.81,1625449482.0,64.0
255.43,1625449482.0,64.0
248.03,1625449482.0,64.0
229.42,1625449482.0,64.0
203.54,1625449482.0,64.0
171.24,1625449482.0,64.0
135.99,1625449482.0,64.0
101.73,1625449482.0,64.0
71.73,1625449482.0,64.0
47.9,1625449482.0,64.0
30.7,1625449482.0,64.0
19.63,1625449482.0,64.0
13.52,1625449482.0,64.0
10.66,1625449482.0,64.0
8.97,1625449482.0,64.0
7.26,1625449482.0,64.0
4.92,1625449482.0,64.0
1.69,1625449482.0,64.0
-1.73,1625449482.0,64.0
-4.18,1625449482.0,64.0
-4.53,1625449482.0,64.0
-2.38,1625449482.0,64.0
1.08,1625449482.0,64.0
4.0,1625449482.0,64.0
5.09,1625449482.0,64.0
3.58,1625449482.0,64.0
-0.43,1625449482.0,64.0
-6.01,1625449482.0,64.0
-11.92,1625449482.0,64.0
-15.1,1625449482.0,64.0
-13.72,1625449482.0,64.0
-8.77,1625449482.0,64.0
-2.79,1625449482.0,64.0
1.37,1625449482.0,64.0
1.2,1625449482.0,64.0
-4.81,1625449482.0,64.0
-16.81,1625449482.0,64.0
-33.75,1625449482.0,64.0
-53.85,1625449482.0,64.0
-75.4,1625449482.0,64.0
-99.52,1625449482.0,64.0
-128.88,1625449482.0,64.0
-166.26,1625449482.0,64.0
-213.61,1625449482.0,64.0
-271.41,1625449482.0,64.0
-338.97,1625449482.0,64.0
-415.09,1625449482.0,64.0
-498.49,1625449482.0,64.0
-572.49,1625449482.0,64.0
-621.16,1625449482.0,64.0
-632.24,1625449482.0,64.0
-600.77,1625449482.0,64.0
-530.65,1625449482.0,64.0
-432.69,1625449482.0,64.0
-321.5,1625449482.0,64.0
-212.11,1625449482.0,64.0
-116.74,1625449482.0,64.0
-41.04,1625449482.0,64.0
13.76,1625449482.0,64.0
50.43,1625449482.0,64.0
74.53,1625449482.0,64.0
91.36,1625449482.0,64.0
104.53,1625449482.0,64.0
115.16,1625449482.0,64.0
124.79,1625449482.0,64.0
135.26,1625449482.0,64.0
149.9,1625449482.0,64.0
170.2,1625449482.0,64.0
195.54,1625449482.0,64.0
225.32,1625449482.0,64.0
258.89,1625449482.0,64.0
294.95,1625449482.0,64.0
330.76,1625449482.0,64.0
361.62,1625449482.0,64.0
374.54,1625449482.0,64.0
360.62,1625449482.0,64.0
322.71,1625449482.0,64.0
263.08,1625449482.0,64.0
187.16,1625449482.0,64.0
103.03,1625449482.0,64.0
20.1,1625449482.0,64.0
-52.78,1625449482.0,64.0
-108.96,1625449482.0,64.0
-143.52,1625449482.0,64.0
-154.52,1625449482.0,64.0
-145.21,1625449482.0,64.0
-123.98,1625449482.0,64.0
-99.63,1625449482.0,64.0
-81.35,1625449482.0,64.0
-75.32,1625449482.0,64.0
-82.3,1625449482.0,64.0
-98.53,1625449482.0,64.0
-118.39,1625449482.0,64.0
-136.22,1625449482.0,64.0
-148.33,1625449482.0,64.0
-153.96,1625449482.0,64.0
-153.24,1625449482.0,64.0
-147.09,1625449482.0,64.0
-136.8,1625449482.0,64.0
-123.39,1625449482.0,64.0
-107.78,1625449482.0,64.0
-90.48,1625449482.0,64.0
-70.97,1625449482.0,64.0
-48.3,1625449482.0,64.0
-22.25,1625449482.0,64.0
7.3,1625449482.0,64.0
40.18,1625449482.0,64.0
73.37,1625449482.0,64.0
104.81,1625449482.0,64.0
133.34,1625449482.0,64.0
158.69,1625449482.0,64.0
181.41,1625449482.0,64.0
202.54,1625449482.0,64.0
223.31,1625449482.0,64.0
245.77,1625449482.0,64.0
272.45,1625449482.0,64.0
305.0,1625449482.0,64.0
343.12,1625449482.0,64.0
383.25,1625449482.0,64.0
418.58,1625449482.0,64.0
441.04,1625449482.0,64.0
444.21,1625449482.0,64.0
425.46,1625449482.0,64.0
386.43,1625449482.0,64.0
331.52,1625449482.0,64.0
264.98,1625449482.0,64.0
190.44,1625449482.0,64.0
111.53,1625449482.0,64.0
33.53,1625449482.0,64.0
-36.05,1625449482.0,64.0
-89.0,1625449482.0,64.0
-119.68,1625449482.0,64.0
-129.13,1625449482.0,64.0
-122.81,1625449482.0,64.0
-110.87,1625449482.0,64.0
-103.13,1625449482.0,64.0
-104.23,1625449482.0,64.0
-111.8,1625449482.0,64.0
-118.88,1625449482.0,64.0
-118.22,1625449482.0,64.0
-105.56,1625449482.0,64.0
-80.19,1625449482.0,64.0
-44.68,1625449482.0,64.0
-4.39,1625449482.0,64.0
34.37,1625449482.0,64.0
65.32,1625449482.0,64.0
83.75,1625449482.0,64.0
87.79,1625449482.0,64.0
78.74,1625449482.0,64.0
60.6,1625449482.0,64.0
36.41,1625449482.0,64.0
11.49,1625449482.0,64.0
-10.23,1625449482.0,64.0
-27.02,1625449482.0,64.0
-39.38,1625449482.0,64.0
-48.6,1625449482.0,64.0
-56.04,1625449482.0,64.0
-62.73,1625449482.0,64.0
-69.69,1625449482.0,64.0
-78.08,1625449482.0,64.0
-90.28,1625449482.0,64.0
-110.28,1625449482.0,64.0
-140.45,1625449482.0,64.0
-182.05,1625449482.0,64.0
-234.1,1625449482.0,64.0
-292.49,1625449482.0,64.0
-350.76,1625449482.0,64.0
-400.17,1625449482.0,64.0
-431.16,1625449482.0,64.0
-437.81,1625449482.0,64.0
-420.71,1625449482.0,64.0
-386.04,1625449482.0,64.0
-343.33,1625449482.0,64.0
-301.57,1625449482.0,64.0
-261.51,1625449482.0,64.0
-223.17,1625449482.0,64.0
-190.78,1625449482.0,64.0
-162.58,1625449482.0,64.0
-134.36,1625449482.0,64.0
-105.37,1625449482.0,64.0
-76.66,1625449482.0,64.0
-49.58,1625449482.0,64.0
-24.5,1625449482.0,64.0
-0.39,1625449482.0,64.0
24.03,1625449482.0,64.0
50.62,1625449482.0,64.0
82.14,1625449482.0,64.0
120.12,1625449482.0,64.0
165.18,1625449482.0,64.0
217.53,1625449482.0,64.0
276.29,1625449482.0,64.0
338.5,1625449482.0,64.0
398.34,1625449482.0,64.0
446.91,1625449482.0,64.0
475.38,1625449482.0,64.0
478.88,1625449482.0,64.0
457.85,1625449482.0,64.0
418.56,1625449482.0,64.0
371.22,1625449482.0,64.0
325.77,1625449482.0,64.0
288.08,1625449482.0,64.0
258.48,1625449482.0,64.0
232.9,1625449482.0,64.0
206.8,1625449482.0,64.0
178.27,1625449482.0,64.0
148.12,1625449482.0,64.0
118.43,1625449482.0,64.0
90.49,1625449482.0,64.0
63.29,1625449482.0,64.0
33.58,1625449482.0,64.0
-2.63,1625449482.0,64.0
-48.59,1625449482.0,64.0
-105.16,1625449482.0,64.0
-169.83,1625449482.0,64.0
-237.34,1625449482.0,64.0
-300.25,1625449482.0,64.0
-350.01,1625449482.0,64.0
-378.83,1625449482.0,64.0
-381.96,1625449482.0,64.0
-359.55,1625449482.0,64.0
-316.85,1625449482.0,64.0
-262.51,1625449482.0,64.0
-205.72,1625449482.0,64.0
-153.55,1625449482.0,64.0
-109.58,1625449482.0,64.0
-74.21,1625449482.0,64.0
-46.28,1625449482.0,64.0
-24.77,1625449482.0,64.0
-9.48,1625449482.0,64.0
-0.57,1625449482.0,64.0
2.45,1625449482.0,64.0
1.32,1625449482.0,64.0
-1.25,1625449482.0,64.0
-2.64,1625449482.0,64.0
-1.42,1625449482.0,64.0
2.16,1625449482.0,64.0
6.27,1625449482.0,64.0
8.72,1625449482.0,64.0
8.22,1625449482.0,64.0
5.11,1625449482.0,64.0
1.28,1625449482.0,64.0
-0.83,1625449482.0,64.0
0.56,1625449482.0,64.0
5.45,1625449482.0,64.0
11.95,1625449482.0,64.0
16.94,1625449482.0,64.0
17.42,1625449482.0,64.0
11.71,1625449482.0,64.0
0.02,1625449482.0,64.0
-15.82,1625449482.0,64.0
-33.26,1625449482.0,64.0
-50.01,1625449482.0,64.0
-64.72,1625449482.0,64.0
-76.96,1625449482.0,64.0
-86.7,1625449482.0,64.0
-93.75,1625449482.0,64.0
-97.55,1625449482.0,64.0
-97.3,1625449482.0,64.0
-92.49,1625449482.0,64.0
-83.29,1625449482.0,64.0
-70.68,1625449482.0,64.0
-56.24,1625449482.0,64.0
-41.7,1625449482.0,64.0
-28.53,1625449482.0,64.0
-17.69,1625449482.0,64.0
-9.54,1625449482.0,64.0
-3.9,1625449482.0,64.0
-0.18,1625449482.0,64.0
2.46,1625449482.0,64.0
4.97,1625449482.0,64.0
8.15,1625449482.0,64.0
12.49,1625449482.0,64.0
18.09,1625449482.0,64.0
24.66,1625449482.0,64.0
31.69,1625449482.0,64.0
38.58,1625449482.0,64.0
44.87,1625449482.0,64.0
50.24,1625449482.0,64.0
54.55,1625449482.0,64.0
57.79,1625449482.0,64.0
59.96,1625449482.0,64.0
61.0,1625449482.0,64.0
60.74,1625449482.0,64.0
58.93,1625449482.0,64.0
55.38,1625449482.0,64.0
50.14,1625449482.0,64.0
43.59,1625449482.0,64.0
36.47,1625449482.0,64.0
29.73,1625449482.0,64.0
24.32,1625449482.0,64.0
20.96,1625449482.0,64.0
19.95,1625449482.0,64.0
21.07,1625449482.0,64.0
23.69,1625449482.0,64.0
26.86,1625449482.0,64.0
29.67,1625449482.0,64.0
31.38,1625449482.0,64.0
31.59,1625449482.0,64.0
30.13,1625449482.0,64.0
26.99,1625449482.0,64.0
22.16,1625449482.0,64.0
15.73,1625449482.0,64.0
8.06,1625449482.0,64.0
-0.0,1625449482.0,64.0
-7.06,1625449482.0,64.0
-11.53,1625449482.0,64.0
-12.2,1625449482.0,64.0
-8.76,1625449482.0,64.0
-1.97,1625449482.0,64.0
6.63,1625449482.0,64.0
15.34,1625449482.0,64.0
22.87,1625449482.0,64.0
28.64,1625449482.0,64.0
32.73,1625449482.0,64.0
35.55,1625449482.0,64.0
37.52,1625449482.0,64.0
38.87,1625449482.0,64.0
39.66,1625449482.0,64.0
39.81,1625449482.0,64.0
39.2,1625449482.0,64.0
37.73,1625449482.0,64.0
35.3,1625449482.0,64.0
31.91,1625449482.0,64.0
27.7,1625449482.0,64.0
22.98,1625449482.0,64.0
18.18,1625449482.0,64.0
13.7,1625449482.0,64.0
9.83,1625449482.0,64.0
6.65,1625449482.0,64.0
4.06,1625449482.0,64.0
1.89,1625449482.0,64.0
-0.04,1625449482.0,64.0
-1.82,1625449482.0,64.0
-3.52,1625449482.0,64.0
-5.21,1625449482.0,64.0
-6.99,1625449482.0,64.0
-9.04,1625449482.0,64.0
-11.58,1625449482.0,64.0
-14.82,1625449482.0,64.0
-18.85,1625449482.0,64.0
-23.59,1625449482.0,64.0
-28.81,1625449482.0,64.0
-34.11,1625449482.0,64.0
-38.98,1625449482.0,64.0
-42.82,1625449482.0,64.0
-45.01,1625449482.0,64.0
-44.99,1625449482.0,64.0
-42.3,1625449482.0,64.0
-36.81,1625449482.0,64.0
-28.74,1625449482.0,64.0
-18.73,1625449482.0,64.0
-7.75,1625449482.0,64.0
3.04,1625449482.0,64.0
12.57,1625449482.0,64.0
20.05,1625449482.0,64.0
25.1,1625449482.0,64.0
27.81,1625449482.0,64.0
28.57,1625449482.0,64.0
27.96,1625449482.0,64.0
26.53,1625449482.0,64.0
24.69,1625449482.0,64.0
22.71,1625449482.0,64.0
20.69,1625449482.0,64.0
18.67,1625449482.0,64.0
16.67,1625449482.0,64.0
14.76,1625449482.0,64.0
12.98,1625449482.0,64.0
11.4,1625449482.0,64.0
10.02,1625449482.0,64.0
8.78,1625449482.0,64.0
7.53,1625449482.0,64.0
6.11,1625449482.0,64.0
4.38,1625449482.0,64.0
2.31,1625449482.0,64.0
-0.04,1625449482.0,64.0
-2.57,1625449482.0,64.0
-5.23,1625449482.0,64.0
-8.09,1625449482.0,64.0
-11.27,1625449482.0,64.0
-14.93,1625449482.0,64.0
-19.12,1625449482.0,64.0
-23.79,1625449482.0,64.0
-28.76,1625449482.0,64.0
-33.8,1625449482.0,64.0
-38.58,1625449482.0,64.0
-42.7,1625449482.0,64.0
-45.6,1625449482.0,64.0
-46.64,1625449482.0,64.0
-45.22,1625449482.0,64.0
-41.1,1625449482.0,64.0
-34.49,1625449482.0,64.0
-26.09,1625449482.0,64.0
-16.87,1625449482.0,64.0
-7.72,1625449482.0,64.0
0.75,1625449482.0,64.0
8.26,1625449482.0,64.0
14.77,1625449482.0,64.0
20.22,1625449482.0,64.0
24.51,1625449482.0,64.0
27.48,1625449482.0,64.0
29.11,1625449482.0,64.0
29.62,1625449482.0,64.0
29.35,1625449482.0,64.0
28.71,1625449482.0,64.0
27.92,1625449482.0,64.0
27.03,1625449482.0,64.0
25.95,1625449482.0,64.0
24.65,1625449482.0,64.0
23.23,1625449482.0,64.0
21.87,1625449482.0,64.0
20.69,1625449482.0,64.0
19.65,1625449482.0,64.0
18.53,1625449482.0,64.0
17.03,1625449482.0,64.0
14.95,1625449482.0,64.0
12.35,1625449482.0,64.0
9.46,1625449482.0,64.0
6.61,1625449482.0,64.0
3.98,1625449482.0,64.0
1.58,1625449482.0,64.0
-0.81,1625449482.0,64.0
-3.48,1625449482.0,64.0
-6.7,1625449482.0,64.0
-10.65,1625449482.0,64.0
-15.32,1625449482.0,64.0
-20.57,1625449482.0,64.0
-26.03,1625449482.0,64.0
-31.12,1625449482.0,64.0
-35.11,1625449482.0,64.0
-37.21,1625449482.0,64.0
-36.8,1625449482.0,64.0
-33.68,1625449482.0,64.0
-28.08,1625449482.0,64.0
-20.6,1625449482.0,64.0
-12.0,1625449482.0,64.0
-2.95,1625449482.0,64.0
5.97,1625449482.0,64.0
14.29,1625449482.0,64.0
21.53,1625449482.0,64.0
27.21,1625449482.0,64.0
30.97,1625449482.0,64.0
32.74,1625449482.0,64.0
32.86,1625449482.0,64.0
32.0,1625449482.0,64.0
30.9,1625449482.0,64.0
30.11,1625449482.0,64.0
29.83,1625449482.0,64.0
29.86,1625449482.0,64.0
29.83,1625449482.0,64.0
29.39,1625449482.0,64.0
28.38,1625449482.0,64.0
26.85,1625449482.0,64.0
24.95,1625449482.0,64.0
22.81,1625449482.0,64.0
20.48,1625449482.0,64.0
17.9,1625449482.0,64.0
15.04,1625449482.0,64.0
11.91,1625449482.0,64.0
8.66,1625449482.0,64.0
5.53,1625449482.0,64.0
2.66,1625449482.0,64.0
0.11,1625449482.0,64.0
-2.28,1625449482.0,64.0
-4.78,1625449482.0,64.0
-7.67,1625449482.0,64.0
-11.09,1625449482.0,64.0
-15.05,1625449482.0,64.0
-19.37,1625449482.0,64.0
-23.77,1625449482.0,64.0
-27.82,1625449482.0,64.0
-31.03,1625449482.0,64.0
-32.86,1625449482.0,64.0
-32.82,1625449482.0,64.0
-30.64,1625449482.0,64.0
-26.3,1625449482.0,64.0
-20.11,1625449482.0,64.0
-12.6,1625449482.0,64.0
-4.34,1625449482.0,64.0
4.09,1625449482.0,64.0
12.23,1625449482.0,64.0
19.66,1625449482.0,64.0
25.97,1625449482.0,64.0
30.77,1625449482.0,64.0
33.83,1625449482.0,64.0
35.12,1625449482.0,64.0
34.93,1625449482.0,64.0
33.83,1625449482.0,64.0
32.45,1625449482.0,64.0
31.34,1625449482.0,64.0
30.76,1625449482.0,64.0
30.61,1625449482.0,64.0
30.55,1625449482.0,64.0
30.1,1625449482.0,64.0
28.95,1625449482.0,64.0
27.03,1625449482.0,64.0
24.58,1625449482.0,64.0
21.95,1625449482.0,64.0
19.49,1625449482.0,64.0
17.32,1625449482.0,64.0
15.28,1625449482.0,64.0
13.08,1625449482.0,64.0
10.42,1625449482.0,64.0
7.22,1625449482.0,64.0
3.7,1625449482.0,64.0
0.2,1625449482.0,64.0
-2.92,1625449482.0,64.0
-5.52,1625449482.0,64.0
-7.8,1625449482.0,64.0
-10.12,1625449482.0,64.0
-12.94,1625449482.0,64.0
-16.57,1625449482.0,64.0
-21.08,1625449482.0,64.0
-26.2,1625449482.0,64.0
-31.36,1625449482.0,64.0
-35.78,1625449482.0,64.0
-38.6,1625449482.0,64.0
-39.12,1625449482.0,64.0
-37.02,1625449482.0,64.0
-32.4,1625449482.0,64.0
-25.83,1625449482.0,64.0
-18.14,1625449482.0,64.0
-10.13,1625449482.0,64.0
-2.42,1625449482.0,64.0
4.66,1625449482.0,64.0
10.96,1625449482.0,64.0
16.34,1625449482.0,64.0
20.64,1625449482.0,64.0
23.72,1625449482.0,64.0
25.57,1625449482.0,64.0
26.44,1625449482.0,64.0
26.8,1625449482.0,64.0
27.12,1625449482.0,64.0
27.7,1625449482.0,64.0
28.55,1625449482.0,64.0
29.41,1625449482.0,64.0
29.93,1625449482.0,64.0
29.8,1625449482.0,64.0
28.89,1625449482.0,64.0
27.23,1625449482.0,64.0
24.96,1625449482.0,64.0
22.17,1625449482.0,64.0
18.92,1625449482.0,64.0
15.2,1625449482.0,64.0
11.02,1625449482.0,64.0
6.45,1625449482.0,64.0
1.73,1625449482.0,64.0
-2.82,1625449482.0,64.0
-6.8,1625449482.0,64.0
-9.84,1625449482.0,64.0
-11.74,1625449482.0,64.0
-12.5,1625449482.0,64.0
-12.33,1625449482.0,64.0
-11.61,1625449482.0,64.0
-10.85,1625449482.0,64.0
-10.51,1625449482.0,64.0
-10.99,1625449482.0,64.0
-12.5,1625449482.0,64.0
-15.08,1625449482.0,64.0
-18.57,1625449482.0,64.0
-22.66,1625449482.0,64.0
-26.88,1625449482.0,64.0
-30.64,1625449482.0,64.0
-33.33,1625449482.0,64.0
-34.42,1625449482.0,64.0
-33.57,1625449482.0,64.0
-30.73,1625449482.0,64.0
-26.15,1625449482.0,64.0
-20.3,1625449482.0,64.0
-13.69,1625449482.0,64.0
-6.78,1625449482.0,64.0
0.1,1625449482.0,64.0
6.67,1625449482.0,64.0
12.62,1625449482.0,64.0
17.56,1625449482.0,64.0
21.08,1625449482.0,64.0
22.95,1625449482.0,64.0
23.28,1625449482.0,64.0
22.53,1625449482.0,64.0
21.4,1625449482.0,64.0
20.55,1625449482.0,64.0
20.37,1625449482.0,64.0
20.87,1625449482.0,64.0
21.72,1625449482.0,64.0
22.47,1625449482.0,64.0
22.75,1625449482.0,64.0
22.38,1625449482.0,64.0
21.4,1625449482.0,64.0
19.98,1625449482.0,64.0
18.28,1625449482.0,64.0
16.43,1625449482.0,64.0
14.51,1625449482.0,64.0
12.59,1625449482.0,64.0
10.75,1625449482.0,64.0
9.06,1625449482.0,64.0
7.53,1625449482.0,64.0
6.11,1625449482.0,64.0
4.65,1625449482.0,64.0
2.97,1625449482.0,64.0
0.96,1625449482.0,64.0
-1.43,1625449482.0,64.0
-4.12,1625449482.0,64.0
-7.0,1625449482.0,64.0
-9.96,1625449482.0,64.0
-12.89,1625449482.0,64.0
-15.77,1625449482.0,64.0
-18.59,1625449482.0,64.0
-21.38,1625449482.0,64.0
-24.17,1625449482.0,64.0
-26.99,1625449482.0,64.0
-29.84,1625449482.0,64.0
-32.54,1625449482.0,64.0
-34.76,1625449482.0,64.0
-36.01,1625449482.0,64.0
-35.78,1625449482.0,64.0
-33.75,1625449482.0,64.0
-29.85,1625449482.0,64.0
-24.4,1625449482.0,64.0
-17.9,1625449482.0,64.0
-10.94,1625449482.0,64.0
-4.0,1625449482.0,64.0
2.52,1625449482.0,64.0
8.3,1625449482.0,64.0
13.03,1625449482.0,64.0
16.42,1625449482.0,64.0
18.32,1625449482.0,64.0
18.85,1625449482.0,64.0
18.44,1625449482.0,64.0
17.75,1625449482.0,64.0
17.43,1625449482.0,64.0
17.88,1625449482.0,64.0
19.02,1625449482.0,64.0
20.42,1625449482.0,64.0
21.44,1625449482.0,64.0
21.59,1625449482.0,64.0
20.71,1625449482.0,64.0
19.01,1625449482.0,64.0
16.88,1625449482.0,64.0
14.69,1625449482.0,64.0
12.57,1625449482.0,64.0
10.41,1625449482.0,64.0
7.98,1625449482.0,64.0
5.04,1625449482.0,64.0
1.52,1625449482.0,64.0
-2.5,1625449482.0,64.0
-6.73,1625449482.0,64.0
-10.69,1625449482.0,64.0
-13.76,1625449482.0,64.0
-15.25,1625449482.0,64.0
-14.68,1625449482.0,64.0
-11.96,1625449482.0,64.0
-7.56,1625449482.0,64.0
-2.45,1625449482.0,64.0
2.19,1625449482.0,64.0
5.31,1625449482.0,64.0
6.32,1625449482.0,64.0
5.25,1625449482.0,64.0
2.59,1625449482.0,64.0
-0.99,1625449482.0,64.0
-4.91,1625449482.0,64.0
-8.81,1625449482.0,64.0
-12.51,1625449482.0,64.0
-15.85,1625449482.0,64.0
-18.54,1625449482.0,64.0
-20.21,1625449482.0,64.0
-20.51,1625449482.0,64.0
-19.34,1625449482.0,64.0
-16.98,1625449482.0,64.0
-13.96,1625449482.0,64.0
-10.89,1625449482.0,64.0
-8.16,1625449482.0,64.0
-5.78,1625449482.0,64.0
-3.44,1625449482.0,64.0
-0.77,1625449482.0,64.0
2.39,1625449482.0,64.0
5.86,1625449482.0,64.0
9.23,1625449482.0,64.0
12.04,1625449482.0,64.0
14.08,1625449482.0,64.0
15.42,1625449482.0,64.0
16.37,1625449482.0,64.0
17.21,1625449482.0,64.0
18.09,1625449482.0,64.0
18.9,1625449482.0,64.0
19.41,1625449482.0,64.0
19.37,1625449482.0,64.0
18.66,1625449482.0,64.0
17.29,1625449482.0,64.0
15.39,1625449482.0,64.0
13.17,1625449482.0,64.0
10.84,1625449482.0,64.0
8.59,1625449482.0,64.0
6.54,1625449482.0,64.0
4.77,1625449482.0,64.0
3.27,1625449482.0,64.0
2.0,1625449482.0,64.0
0.95,1625449482.0,64.0
0.1,1625449482.0,64.0
-0.52,1625449482.0,64.0
-0.96,1625449482.0,64.0
-1.36,1625449482.0,64.0
-1.95,1625449482.0,64.0
-2.97,1625449482.0,64.0
-4.57,1625449482.0,64.0
-6.77,1625449482.0,64.0
-9.45,1625449482.0,64.0
-12.51,1625449482.0,64.0
-15.87,1625449482.0,64.0
-19.55,1625449482.0,64.0
-23.53,1625449482.0,64.0
-27.6,1625449482.0,64.0
-31.34,1625449482.0,64.0
-34.08,1625449482.0,64.0
-35.16,1625449482.0,64.0
-34.14,1625449482.0,64.0
-31.02,1625449482.0,64.0
-26.19,1625449482.0,64.0
-20.34,1625449482.0,64.0
-14.18,1625449482.0,64.0
-8.23,1625449482.0,64.0
-2.75,1625449482.0,64.0
2.21,1625449482.0,64.0
6.69,1625449482.0,64.0
10.66,1625449482.0,64.0
14.0,1625449482.0,64.0
16.54,1625449482.0,64.0
18.17,1625449482.0,64.0
18.96,1625449482.0,64.0
19.18,1625449482.0,64.0
19.2,1625449482.0,64.0
19.39,1625449482.0,64.0
19.86,1625449482.0,64.0
20.49,1625449482.0,64.0
20.91,1625449482.0,64.0
20.73,1625449482.0,64.0
19.72,1625449482.0,64.0
17.97,1625449482.0,64.0
15.79,1625449482.0,64.0
13.59,1625449482.0,64.0
11.67,1625449482.0,64.0
10.11,1625449482.0,64.0
8.79,1625449482.0,64.0
7.52,1625449482.0,64.0
6.12,1625449482.0,64.0
4.58,1625449482.0,64.0
3.03,1625449482.0,64.0
1.66,1625449482.0,64.0
0.63,1625449482.0,64.0
-0.01,1625449482.0,64.0
-0.34,1625449482.0,64.0
-0.52,1625449482.0,64.0
-0.74,1625449482.0,64.0
-1.18,1625449482.0,64.0
-1.93,1625449482.0,64.0
-3.04,1625449482.0,64.0
-4.54,1625449482.0,64.0
-6.47,1625449482.0,64.0
-8.86,1625449482.0,64.0
-11.75,1625449482.0,64.0
-15.1,1625449482.0,64.0
-18.71,1625449482.0,64.0
-22.21,1625449482.0,64.0
-25.06,1625449482.0,64.0
-26.68,1625449482.0,64.0
-26.56,1625449482.0,64.0
-24.48,1625449482.0,64.0
-20.56,1625449482.0,64.0
-15.26,1625449482.0,64.0
-9.26,1625449482.0,64.0
-3.2,1625449482.0,64.0
2.4,1625449482.0,64.0
7.24,1625449482.0,64.0
11.16,1625449482.0,64.0
14.09,1625449482.0,64.0
15.96,1625449482.0,64.0
16.73,1625449482.0,64.0
16.57,1625449482.0,64.0
15.84,1625449482.0,64.0
15.07,1625449482.0,64.0
14.79,1625449482.0,64.0
15.26,1625449482.0,64.0
16.35,1625449482.0,64.0
17.61,1625449482.0,64.0
18.43,1625449482.0,64.0
18.36,1625449482.0,64.0
17.28,1625449482.0,64.0
15.43,1625449482.0,64.0
13.24,1625449482.0,64.0
11.14,1625449482.0,64.0
9.31,1625449482.0,64.0
7.73,1625449482.0,64.0
6.19,1625449482.0,64.0
4.49,1625449482.0,64.0
2.56,1625449482.0,64.0
0.49,1625449482.0,64.0
-1.52,1625449482.0,64.0
-3.33,1625449482.0,64.0
-4.84,1625449482.0,64.0
-6.14,1625449482.0,64.0
-7.42,1625449482.0,64.0
-8.87,1625449482.0,64.0
-10.63,1625449482.0,64.0
-12.73,1625449482.0,64.0
-15.07,1625449482.0,64.0
-17.51,1625449482.0,64.0
-19.91,1625449482.0,64.0
-22.16,1625449482.0,64.0
-24.12,1625449482.0,64.0
-25.52,1625449482.0,64.0
-25.95,1625449482.0,64.0
-24.98,1625449482.0,64.0
-22.35,1625449482.0,64.0
-18.11,1625449482.0,64.0
-12.72,1625449482.0,64.0
-6.83,1625449482.0,64.0
-1.09,1625449482.0,64.0
4.12,1625449482.0,64.0
8.67,1625449482.0,64.0
12.64,1625449482.0,64.0
16.07,1625449482.0,64.0
18.85,1625449482.0,64.0
20.75,1625449482.0,64.0
21.55,1625449482.0,64.0
21.25,1625449482.0,64.0
20.09,1625449482.0,64.0
18.52,1625449482.0,64.0
17.03,1625449482.0,64.0
15.95,1625449482.0,64.0
15.33,1625449482.0,64.0
14.97,1625449482.0,64.0
14.55,1625449482.0,64.0
13.76,1625449482.0,64.0
12.54,1625449482.0,64.0
11.03,1625449482.0,64.0
9.55,1625449482.0,64.0
8.37,1625449482.0,64.0
7.58,1625449482.0,64.0
6.99,1625449482.0,64.0
6.27,1625449482.0,64.0
5.08,1625449482.0,64.0
3.31,1625449482.0,64.0
1.12,1625449482.0,64.0
-1.14,1625449482.0,64.0
-3.12,1625449482.0,64.0
-4.63,1625449482.0,64.0
-5.74,1625449482.0,64.0
-6.74,1625449482.0,64.0
-7.98,1625449482.0,64.0
-9.72,1625449482.0,64.0
-12.03,1625449482.0,64.0
-14.82,1625449482.0,64.0
-17.94,1625449482.0,64.0
-21.24,1625449482.0,64.0
-24.57,1625449482.0,64.0
-27.74,1625449482.0,64.0
-30.39,1625449482.0,64.0
-32.0,1625449482.0,64.0
-31.97,1625449482.0,64.0
-29.88,1625449482.0,64.0
-25.67,1625449482.0,64.0
-19.75,1625449482.0,64.0
-12.84,1625449482.0,64.0
-5.75,1625449482.0,64.0
0.93,1625449482.0,64.0
6.93,1625449482.0,64.0
12.24,1625449482.0,64.0
16.9,1625449482.0,64.0
20.8,1625449482.0,64.0
23.67,1625449482.0,64.0
25.13,1625449482.0,64.0
25.02,1625449482.0,64.0
23.49,1625449482.0,64.0
21.07,1625449482.0,64.0
18.49,1625449482.0,64.0
16.43,1625449482.0,64.0
15.25,1625449482.0,64.0
14.92,1625449482.0,64.0
15.05,1625449482.0,64.0
15.18,1625449482.0,64.0
14.94,1625449482.0,64.0
14.15,1625449482.0,64.0
12.86,1625449482.0,64.0
11.25,1625449482.0,64.0
9.49,1625449482.0,64.0
7.71,1625449482.0,64.0
5.92,1625449482.0,64.0
4.1,1625449482.0,64.0
2.23,1625449482.0,64.0
0.35,1625449482.0,64.0
-1.4,1625449482.0,64.0
-2.87,1625449482.0,64.0
-3.93,1625449482.0,64.0
-4.54,1625449482.0,64.0
-4.86,1625449482.0,64.0
-5.14,1625449482.0,64.0
-5.7,1625449482.0,64.0
-6.76,1625449482.0,64.0
-8.42,1625449482.0,64.0
-10.6,1625449482.0,64.0
-13.13,1625449482.0,64.0
-15.77,1625449482.0,64.0
-18.37,1625449482.0,64.0
-20.82,1625449482.0,64.0
-23.0,1625449482.0,64.0
-24.75,1625449482.0,64.0
-25.75,1625449482.0,64.0
-25.67,1625449482.0,64.0
-24.24,1625449482.0,64.0
-21.41,1625449482.0,64.0
-17.42,1625449482.0,64.0
-12.74,1625449482.0,64.0
-7.88,1625449482.0,64.0
-3.26,1625449482.0,64.0
0.97,1625449482.0,64.0
4.87,1625449482.0,64.0
8.55,1625449482.0,64.0
12.0,1625449482.0,64.0
15.09,1625449482.0,64.0
17.6,1625449482.0,64.0
19.4,1625449482.0,64.0
20.52,1625449482.0,64.0
21.1,1625449482.0,64.0
21.36,1625449482.0,64.0
21.42,1625449482.0,64.0
21.29,1625449482.0,64.0
20.9,1625449482.0,64.0
20.2,1625449482.0,64.0
19.22,1625449482.0,64.0
18.04,1625449482.0,64.0
16.73,1625449482.0,64.0
15.3,1625449482.0,64.0
13.68,1625449482.0,64.0
11.75,1625449482.0,64.0
9.44,1625449482.0,64.0
6.78,1625449482.0,64.0
3.85,1625449482.0,64.0
0.82,1625449482.0,64.0
-2.16,1625449482.0,64.0
-4.89,1625449482.0,64.0
-7.25,1625449482.0,64.0
-9.1,1625449482.0,64.0
-10.42,1625449482.0,64.0
-11.21,1625449482.0,64.0
-11.61,1625449482.0,64.0
-11.84,1625449482.0,64.0
-12.19,1625449482.0,64.0
-12.9,1625449482.0,64.0
-14.15,1625449482.0,64.0
-15.92,1625449482.0,64.0
-18.12,1625449482.0,64.0
-20.58,1625449482.0,64.0
-23.14,1625449482.0,64.0
-25.66,1625449482.0,64.0
-27.91,1625449482.0,64.0
-29.51,1625449482.0,64.0
-29.99,1625449482.0,64.0
-28.89,1625449482.0,64.0
-25.94,1625449482.0,64.0
-21.3,1625449482.0,64.0
-15.47,1625449482.0,64.0
-9.12,1625449482.0,64.0
-2.88,1625449482.0,64.0
2.9,1625449482.0,64.0
8.12,1625449482.0,64.0
12.73,1625449482.0,64.0
16.61,1625449482.0,64.0
19.5,1625449482.0,64.0
21.13,1625449482.0,64.0
21.39,1625449482.0,64.0
20.52,1625449482.0,64.0
19.03,1625449482.0,64.0
17.55,1625449482.0,64.0
16.55,1625449482.0,64.0
16.18,1625449482.0,64.0
16.27,1625449482.0,64.0
16.45,1625449482.0,64.0
16.34,1625449482.0,64.0
15.7,1625449482.0,64.0
14.52,1625449482.0,64.0
12.95,1625449482.0,64.0
11.2,1625449482.0,64.0
9.46,1625449482.0,64.0
7.82,1625449482.0,64.0
6.29,1625449482.0,64.0
4.8,1625449482.0,64.0
3.31,1625449482.0,64.0
1.83,1625449482.0,64.0
0.42,1625449482.0,64.0
-0.88,1625449482.0,64.0
-2.03,1625449482.0,64.0
-3.12,1625449482.0,64.0
-4.27,1625449482.0,64.0
-5.64,1625449482.0,64.0
-7.3,1625449482.0,64.0
-9.24,1625449482.0,64.0
-11.33,1625449482.0,64.0
-13.47,1625449482.0,64.0
-15.55,1625449482.0,64.0
-17.55,1625449482.0,64.0
-19.46,1625449482.0,64.0
-21.2,1625449482.0,64.0
-22.55,1625449482.0,64.0
-23.15,1625449482.0,64.0
-22.66,1625449482.0,64.0
-20.82,1625449482.0,64.0
-17.64,1625449482.0,64.0
-13.36,1625449482.0,64.0
-8.39,1625449482.0,64.0
-3.21,1625449482.0,64.0
1.79,1625449482.0,64.0
6.29,1625449482.0,64.0
10.05,1625449482.0,64.0
12.9,1625449482.0,64.0
14.73,1625449482.0,64.0
15.57,1625449482.0,64.0
15.62,1625449482.0,64.0
15.24,1625449482.0,64.0
14.84,1625449482.0,64.0
14.76,1625449482.0,64.0
15.17,1625449482.0,64.0
15.97,1625449482.0,64.0
16.86,1625449482.0,64.0
17.44,1625449482.0,64.0
17.39,1625449482.0,64.0
16.56,1625449482.0,64.0
15.02,1625449482.0,64.0
13.01,1625449482.0,64.0
10.85,1625449482.0,64.0
8.81,1625449482.0,64.0
7.01,1625449482.0,64.0
5.42,1625449482.0,64.0
3.89,1625449482.0,64.0
2.23,1625449482.0,64.0
0.36,1625449482.0,64.0
-1.69,1625449482.0,64.0
-3.81,1625449482.0,64.0
-5.83,1625449482.0,64.0
-7.59,1625449482.0,64.0
-9.04,1625449482.0,64.0
-10.22,1625449482.0,64.0
-11.25,1625449482.0,64.0
-12.32,1625449482.0,64.0
-13.61,1625449482.0,64.0
-15.25,1625449482.0,64.0
-17.25,1625449482.0,64.0
-19.5,1625449482.0,64.0
-21.76,1625449482.0,64.0
-23.67,1625449482.0,64.0
-24.88,1625449482.0,64.0
-25.02,1625449482.0,64.0
-23.84,1625449482.0,64.0
-21.26,1625449482.0,64.0
-17.36,1625449482.0,64.0
-12.47,1625449482.0,64.0
-7.05,1625449482.0,64.0
-1.61,1625449482.0,64.0
3.4,1625449482.0,64.0
7.72,1625449482.0,64.0
11.27,1625449482.0,64.0
14.1,1625449482.0,64.0
16.26,1625449482.0,64.0
17.69,1625449482.0,64.0
18.34,1625449482.0,64.0
18.22,1625449482.0,64.0
17.56,1625449482.0,64.0
16.74,1625449482.0,64.0
16.25,1625449482.0,64.0
16.38,1625449482.0,64.0
17.1,1625449482.0,64.0
18.07,1625449482.0,64.0
18.79,1625449482.0,64.0
18.85,1625449482.0,64.0
18.07,1625449482.0,64.0
16.6,1625449482.0,64.0
14.73,1625449482.0,64.0
12.73,1625449482.0,64.0
10.71,1625449482.0,64.0
8.66,1625449482.0,64.0
6.5,1625449482.0,64.0
4.22,1625449482.0,64.0
1.9,1625449482.0,64.0
-0.33,1625449482.0,64.0
-2.32,1625449482.0,64.0
-4.03,1625449482.0,64.0
-5.52,1625449482.0,64.0
-6.9,1625449482.0,64.0
-8.33,1625449482.0,64.0
-9.91,1625449482.0,64.0
-11.66,1625449482.0,64.0
-13.55,1625449482.0,64.0
-15.54,1625449482.0,64.0
-17.59,1625449482.0,64.0
-19.75,1625449482.0,64.0
-22.05,1625449482.0,64.0
-24.49,1625449482.0,64.0
-26.95,1625449482.0,64.0
-29.14,1625449482.0,64.0
-30.64,1625449482.0,64.0
-31.03,1625449482.0,64.0
-29.98,1625449482.0,64.0
-27.39,1625449482.0,64.0
-23.41,1625449482.0,64.0
-18.42,1625449482.0,64.0
-12.87,1625449482.0,64.0
-7.16,1625449482.0,64.0
-1.56,1625449482.0,64.0
3.77,1625449482.0,64.0
8.73,1625449482.0,64.0
13.14,1625449482.0,64.0
16.77,1625449482.0,64.0
19.4,1625449482.0,64.0
20.91,1625449482.0,64.0
21.4,1625449482.0,64.0
21.18,1625449482.0,64.0
20.68,1625449482.0,64.0
20.23,1625449482.0,64.0
19.99,1625449482.0,64.0
19.88,1625449482.0,64.0
19.7,1625449482.0,64.0
19.19,1625449482.0,64.0
18.24,1625449482.0,64.0
16.88,1625449482.0,64.0
15.25,1625449482.0,64.0
13.51,1625449482.0,64.0
11.77,1625449482.0,64.0
10.01,1625449482.0,64.0
8.18,1625449482.0,64.0
6.22,1625449482.0,64.0
4.18,1625449482.0,64.0
2.15,1625449482.0,64.0
0.3,1625449482.0,64.0
-1.24,1625449482.0,64.0
-2.47,1625449482.0,64.0
-3.51,1625449482.0,64.0
-4.54,1625449482.0,64.0
-5.72,1625449482.0,64.0
-7.19,1625449482.0,64.0
-9.02,1625449482.0,64.0
-11.2,1625449482.0,64.0
-13.7,1625449482.0,64.0
-16.43,1625449482.0,64.0
-19.31,1625449482.0,64.0
-22.2,1625449482.0,64.0
-24.95,1625449482.0,64.0
-27.37,1625449482.0,64.0
-29.18,1625449482.0,64.0
-30.08,1625449482.0,64.0
-29.74,1625449482.0,64.0
-28.0,1625449482.0,64.0
-24.85,1625449482.0,64.0
-20.56,1625449482.0,64.0
-15.54,1625449482.0,64.0
-10.21,1625449482.0,64.0
-4.86,1625449482.0,64.0
0.38,1625449482.0,64.0
5.47,1625449482.0,64.0
10.27,1625449482.0,64.0
14.45,1625449482.0,64.0
17.58,1625449482.0,64.0
19.27,1625449482.0,64.0
19.48,1625449482.0,64.0
18.56,1625449482.0,64.0
17.2,1625449482.0,64.0
16.09,1625449482.0,64.0
15.67,1625449482.0,64.0
15.95,1625449482.0,64.0
16.58,1625449482.0,64.0
17.11,1625449482.0,64.0
17.21,1625449482.0,64.0
16.83,1625449482.0,64.0
16.1,1625449482.0,64.0
15.2,1625449482.0,64.0
14.21,1625449482.0,64.0
13.11,1625449482.0,64.0
11.82,1625449482.0,64.0
10.32,1625449482.0,64.0
8.69,1625449482.0,64.0
7.09,1625449482.0,64.0
5.68,1625449482.0,64.0
4.54,1625449482.0,64.0
3.63,1625449482.0,64.0
2.8,1625449482.0,64.0
1.83,1625449482.0,64.0
0.55,1625449482.0,64.0
-1.13,1625449482.0,64.0
-3.15,1625449482.0,64.0
-5.3,1625449482.0,64.0
-7.36,1625449482.0,64.0
-9.18,1625449482.0,64.0
-10.73,1625449482.0,64.0
-12.17,1625449482.0,64.0
-13.72,1625449482.0,64.0
-15.57,1625449482.0,64.0
-17.81,1625449482.0,64.0
-20.37,1625449482.0,64.0
-23.08,1625449482.0,64.0
-25.64,1625449482.0,64.0
-27.72,1625449482.0,64.0
-28.91,1625449482.0,64.0
-28.9,1625449482.0,64.0
-27.48,1625449482.0,64.0
-24.67,1625449482.0,64.0
-20.77,1625449482.0,64.0
-16.21,1625449482.0,64.0
-11.44,1625449482.0,64.0
-6.73,1625449482.0,64.0
-2.13,1625449482.0,64.0
2.47,1625449482.0,64.0
7.15,1625449482.0,64.0
11.82,1625449482.0,64.0
16.14,1625449482.0,64.0
19.61,1625449482.0,64.0
21.85,1625449482.0,64.0
22.72,1625449482.0,64.0
22.45,1625449482.0,64.0
21.54,1625449482.0,64.0
20.55,1625449482.0,64.0
19.84,1625449482.0,64.0
19.5,1625449482.0,64.0
19.33,1625449482.0,64.0
19.03,1625449482.0,64.0
18.38,1625449482.0,64.0
17.31,1625449482.0,64.0
15.89,1625449482.0,64.0
14.29,1625449482.0,64.0
12.56,1625449482.0,64.0
10.72,1625449482.0,64.0
8.68,1625449482.0,64.0
6.42,1625449482.0,64.0
4.01,1625449482.0,64.0
1.61,1625449482.0,64.0
-0.56,1625449482.0,64.0
-2.32,1625449482.0,64.0
-3.65,1625449482.0,64.0
-4.66,1625449482.0,64.0
-5.56,1625449482.0,64.0
-6.51,1625449482.0,64.0
-7.58,1625449482.0,64.0
-8.68,1625449482.0,64.0
-9.65,1625449482.0,64.0
-10.36,1625449482.0,64.0
-10.88,1625449482.0,64.0
-11.41,1625449482.0,64.0
-12.23,1625449482.0,64.0
-13.5,1625449482.0,64.0
-15.24,1625449482.0,64.0
-17.3,1625449482.0,64.0
-19.46,1625449482.0,64.0
-21.56,1625449482.0,64.0
-23.46,1625449482.0,64.0
-25.03,1625449482.0,64.0
-26.01,1625449482.0,64.0
-26.08,1625449482.0,64.0
-24.91,1625449482.0,64.0
-22.39,1625449482.0,64.0
-18.65,1625449482.0,64.0
-14.09,1625449482.0,64.0
-9.12,1625449482.0,64.0
-4.11,1625449482.0,64.0
0.77,1625449482.0,64.0
5.4,1625449482.0,64.0
9.62,1625449482.0,64.0
13.18,1625449482.0,64.0
15.75,1625449482.0,64.0
17.15,1625449482.0,64.0
17.4,1625449482.0,64.0
16.86,1625449482.0,64.0
16.06,1625449482.0,64.0
15.51,1625449482.0,64.0
15.43,1625449482.0,64.0
15.74,1625449482.0,64.0
16.1,1625449482.0,64.0
16.14,1625449482.0,64.0
15.66,1625449482.0,64.0
14.7,1625449482.0,64.0
13.49,1625449482.0,64.0
12.24,1625449482.0,64.0
11.07,1625449482.0,64.0
9.91,1625449482.0,64.0
8.66,1625449482.0,64.0
7.28,1625449482.0,64.0
5.87,1625449482.0,64.0
4.63,1625449482.0,64.0
3.7,1625449482.0,64.0
3.08,1625449482.0,64.0
2.57,1625449482.0,64.0
1.89,1625449482.0,64.0
0.8,1625449482.0,64.0
-0.76,1625449482.0,64.0
-2.62,1625449482.0,64.0
-4.52,1625449482.0,64.0
-6.23,1625449482.0,64.0
-7.65,1625449482.0,64.0
-8.88,1625449482.0,64.0
-10.17,1625449482.0,64.0
-11.77,1625449482.0,64.0
-13.81,1625449482.0,64.0
-16.28,1625449482.0,64.0
-18.96,1625449482.0,64.0
-21.56,1625449482.0,64.0
-23.7,1625449482.0,64.0
-25.02,1625449482.0,64.0
-25.25,1625449482.0,64.0
-24.28,1625449482.0,64.0
-22.15,1625449482.0,64.0
-19.08,1625449482.0,64.0
-15.4,1625449482.0,64.0
-11.47,1625449482.0,64.0
-7.53,1625449482.0,64.0
-3.68,1625449482.0,64.0
0.12,1625449482.0,64.0
3.96,1625449482.0,64.0
7.82,1625449482.0,64.0
11.54,1625449482.0,64.0
14.79,1625449482.0,64.0
17.24,1625449482.0,64.0
18.71,1625449482.0,64.0
19.21,1625449482.0,64.0
18.98,1625449482.0,64.0
18.35,1625449482.0,64.0
17.62,1625449482.0,64.0
16.96,1625449482.0,64.0
16.38,1625449482.0,64.0
15.82,1625449482.0,64.0
15.22,1625449482.0,64.0
14.58,1625449482.0,64.0
13.95,1625449482.0,64.0
13.35,1625449482.0,64.0
12.72,1625449482.0,64.0
11.94,1625449482.0,64.0
10.88,1625449482.0,64.0
9.48,1625449482.0,64.0
7.78,1625449482.0,64.0
5.96,1625449482.0,64.0
4.2,1625449482.0,64.0
2.65,1625449482.0,64.0
1.31,1625449482.0,64.0
0.05,1625449482.0,64.0
-1.37,1625449482.0,64.0
-3.15,1625449482.0,64.0
-5.37,1625449482.0,64.0
-7.91,1625449482.0,64.0
-10.51,1625449482.0,64.0
-12.91,1625449482.0,64.0
-14.94,1625449482.0,64.0
-16.63,1625449482.0,64.0
-18.17,1625449482.0,64.0
-19.79,1625449482.0,64.0
-21.65,1625449482.0,64.0
-23.77,1625449482.0,64.0
-26.03,1625449482.0,64.0
-28.24,1625449482.0,64.0
-30.16,1625449482.0,64.0
-31.52,1625449482.0,64.0
-32.03,1625449482.0,64.0
-31.37,1625449482.0,64.0
-29.38,1625449482.0,64.0
-26.09,1625449482.0,64.0
-21.79,1625449482.0,64.0
-16.94,1625449482.0,64.0
-11.96,1625449482.0,64.0
-7.08,1625449482.0,64.0
-2.28,1625449482.0,64.0
2.58,1625449482.0,64.0
7.54,1625449482.0,64.0
12.37,1625449482.0,64.0
16.6,1625449482.0,64.0
19.73,1625449482.0,64.0
21.51,1625449482.0,64.0
22.07,1625449482.0,64.0
21.86,1625449482.0,64.0
21.4,1625449482.0,64.0
21.02,1625449482.0,64.0
20.76,1625449482.0,64.0
20.41,1625449482.0,64.0
19.71,1625449482.0,64.0
18.56,1625449482.0,64.0
17.05,1625449482.0,64.0
15.38,1625449482.0,64.0
13.7,1625449482.0,64.0
12.06,1625449482.0,64.0
10.37,1625449482.0,64.0
8.56,1625449482.0,64.0
6.64,1625449482.0,64.0
4.8,1625449482.0,64.0
3.26,1625449482.0,64.0
2.17,1625449482.0,64.0
1.53,1625449482.0,64.0
1.15,1625449482.0,64.0
0.78,1625449482.0,64.0
0.2,1625449482.0,64.0
-0.75,1625449482.0,64.0
-2.1,1625449482.0,64.0
-3.81,1625449482.0,64.0
-5.76,1625449482.0,64.0
-7.77,1625449482.0,64.0
-9.63,1625449482.0,64.0
-11.13,1625449482.0,64.0
-12.15,1625449482.0,64.0
-12.79,1625449482.0,64.0
-13.27,1625449482.0,64.0
-13.95,1625449482.0,64.0
-15.16,1625449482.0,64.0
-17.07,1625449482.0,64.0
-19.66,1625449482.0,64.0
-22.67,1625449482.0,64.0
-25.7,1625449482.0,64.0
-28.25,1625449482.0,64.0
-29.84,1625449482.0,64.0
-30.07,1625449482.0,64.0
-28.75,1625449482.0,64.0
-25.95,1625449482.0,64.0
-21.98,1625449482.0,64.0
-17.29,1625449482.0,64.0
-12.3,1625449482.0,64.0
-7.28,1625449482.0,64.0
-2.28,1625449482.0,64.0
2.72,1625449482.0,64.0
7.67,1625449482.0,64.0
12.34,1625449482.0,64.0
16.34,1625449482.0,64.0
19.29,1625449482.0,64.0
20.92,1625449482.0,64.0
21.33,1625449482.0,64.0
20.88,1625449482.0,64.0
20.08,1625449482.0,64.0
19.38,1625449482.0,64.0
19.0,1625449482.0,64.0
18.88,1625449482.0,64.0
18.77,1625449482.0,64.0
18.37,1625449482.0,64.0
17.46,1625449482.0,64.0
16.01,1625449482.0,64.0
14.23,1625449482.0,64.0
12.47,1625449482.0,64.0
11.1,1625449482.0,64.0
10.34,1625449482.0,64.0
10.18,1625449482.0,64.0
10.27,1625449482.0,64.0
10.02,1625449482.0,64.0
8.84,1625449482.0,64.0
6.37,1625449482.0,64.0
2.65,1625449482.0,64.0
-1.81,1625449482.0,64.0
-6.27,1625449482.0,64.0
-10.03,1625449482.0,64.0
-12.67,1625449482.0,64.0
-14.21,1625449482.0,64.0
-14.93,1625449482.0,64.0
-15.18,1625449482.0,64.0
-15.19,1625449482.0,64.0
-15.01,1625449482.0,64.0
-14.6,1625449482.0,64.0
-13.98,1625449482.0,64.0
-13.37,1625449482.0,64.0
-13.1,1625449482.0,64.0
-13.45,1625449482.0,64.0
-14.51,1625449482.0,64.0
-16.12,1625449482.0,64.0
-17.91,1625449482.0,64.0
-19.52,1625449482.0,64.0
-20.72,1625449482.0,64.0
-21.42,1625449482.0,64.0
-21.57,1625449482.0,64.0
-21.08,1625449482.0,64.0
-19.85,1625449482.0,64.0
-17.76,1625449482.0,64.0
-14.87,1625449482.0,64.0
-11.38,1625449482.0,64.0
-7.58,1625449482.0,64.0
-3.73,1625449482.0,64.0
0.06,1625449482.0,64.0
3.85,1625449482.0,64.0
7.69,1625449482.0,64.0
11.47,1625449482.0,64.0
14.91,1625449482.0,64.0
17.62,1625449482.0,64.0
19.25,1625449482.0,64.0
19.78,1625449482.0,64.0
19.49,1625449482.0,64.0
18.88,1625449482.0,64.0
18.45,1625449482.0,64.0
18.45,1625449482.0,64.0
18.83,1625449482.0,64.0
19.26,1625449482.0,64.0
19.39,1625449482.0,64.0
18.96,1625449482.0,64.0
17.96,1625449482.0,64.0
16.55,1625449482.0,64.0
14.98,1625449482.0,64.0
13.39,1625449482.0,64.0
11.83,1625449482.0,64.0
10.22,1625449482.0,64.0
8.46,1625449482.0,64.0
6.54,1625449482.0,64.0
4.54,1625449482.0,64.0
2.62,1625449482.0,64.0
0.91,1625449482.0,64.0
-0.54,1625449482.0,64.0
-1.78,1625449482.0,64.0
-2.98,1625449482.0,64.0
-4.31,1625449482.0,64.0
-5.88,1625449482.0,64.0
-7.68,1625449482.0,64.0
-9.56,1625449482.0,64.0
-11.32,1625449482.0,64.0
-12.76,1625449482.0,64.0
-13.84,1625449482.0,64.0
-14.68,1625449482.0,64.0
-15.51,1625449482.0,64.0
-16.61,1625449482.0,64.0
-18.15,1625449482.0,64.0
-20.17,1625449482.0,64.0
-22.57,1625449482.0,64.0
-25.13,1625449482.0,64.0
-27.6,1625449482.0,64.0
-29.67,1625449482.0,64.0
-31.06,1625449482.0,64.0
-31.44,1625449482.0,64.0
-30.53,1625449482.0,64.0
-28.23,1625449482.0,64.0
-24.62,1625449482.0,64.0
-19.99,1625449482.0,64.0
-14.72,1625449482.0,64.0
-9.12,1625449482.0,64.0
-3.37,1625449482.0,64.0
2.44,1625449482.0,64.0
8.15,1625449482.0,64.0
13.42,1625449482.0,64.0
17.77,1625449482.0,64.0
20.72,1625449482.0,64.0
22.07,1625449482.0,64.0
22.02,1625449482.0,64.0
21.14,1625449482.0,64.0
20.14,1625449482.0,64.0
19.51,1625449482.0,64.0
19.41,1625449482.0,64.0
19.64,1625449482.0,64.0
19.84,1625449482.0,64.0
19.7,1625449482.0,64.0
19.05,1625449482.0,64.0
17.95,1625449482.0,64.0
16.51,1625449482.0,64.0
14.88,1625449482.0,64.0
13.19,1625449482.0,64.0
11.5,1625449482.0,64.0
9.86,1625449482.0,64.0
8.27,1625449482.0,64.0
6.72,1625449482.0,64.0
5.19,1625449482.0,64.0
3.69,1625449482.0,64.0
2.25,1625449482.0,64.0
0.94,1625449482.0,64.0
-0.21,1625449482.0,64.0
-1.19,1625449482.0,64.0
-2.1,1625449482.0,64.0
-3.04,1625449482.0,64.0
-4.08,1625449482.0,64.0
-5.28,1625449482.0,64.0
-6.65,1625449482.0,64.0
-8.2,1625449482.0,64.0
-9.96,1625449482.0,64.0
-11.98,1625449482.0,64.0
-14.25,1625449482.0,64.0
-16.74,1625449482.0,64.0
-19.4,1625449482.0,64.0
-22.07,1625449482.0,64.0
-24.57,1625449482.0,64.0
-26.54,1625449482.0,64.0
-27.5,1625449482.0,64.0
-26.98,1625449482.0,64.0
-24.65,1625449482.0,64.0
-20.53,1625449482.0,64.0
-15.03,1625449482.0,64.0
-8.81,1625449482.0,64.0
-2.59,1625449482.0,64.0
3.11,1625449482.0,64.0
8.02,1625449482.0,64.0
12.12,1625449482.0,64.0
15.43,1625449482.0,64.0
17.94,1625449482.0,64.0
19.58,1625449482.0,64.0
20.3,1625449482.0,64.0
20.18,1625449482.0,64.0
19.48,1625449482.0,64.0
18.58,1625449482.0,64.0
17.85,1625449482.0,64.0
17.51,1625449482.0,64.0
17.59,1625449482.0,64.0
17.89,1625449482.0,64.0
18.1,1625449482.0,64.0
17.94,1625449482.0,64.0
17.25,1625449482.0,64.0
16.03,1625449482.0,64.0
14.43,1625449482.0,64.0
12.68,1625449482.0,64.0
10.98,1625449482.0,64.0
9.46,1625449482.0,64.0
8.1,1625449482.0,64.0
6.78,1625449482.0,64.0
5.38,1625449482.0,64.0
3.84,1625449482.0,64.0
2.17,1625449482.0,64.0
0.48,1625449482.0,64.0
-1.18,1625449482.0,64.0
-2.78,1625449482.0,64.0
-4.39,1625449482.0,64.0
-6.1,1625449482.0,64.0
-8.02,1625449482.0,64.0
-10.13,1625449482.0,64.0
-12.36,1625449482.0,64.0
-14.61,1625449482.0,64.0
-16.81,1625449482.0,64.0
-18.99,1625449482.0,64.0
-21.28,1625449482.0,64.0
-23.75,1625449482.0,64.0
-26.35,1625449482.0,64.0
-28.78,1625449482.0,64.0
-30.5,1625449482.0,64.0
-30.94,1625449482.0,64.0
-29.69,1625449482.0,64.0
-26.69,1625449482.0,64.0
-22.3,1625449482.0,64.0
-17.11,1625449482.0,64.0
-11.7,1625449482.0,64.0
-6.43,1625449482.0,64.0
-1.33,1625449482.0,64.0
3.71,1625449482.0,64.0
8.74,1625449482.0,64.0
13.59,1625449482.0,64.0
17.88,1625449482.0,64.0
21.18,1625449482.0,64.0
23.21,1625449482.0,64.0
24.02,1625449482.0,64.0
23.92,1625449482.0,64.0
23.34,1625449482.0,64.0
22.66,1625449482.0,64.0
22.11,1625449482.0,64.0
21.7,1625449482.0,64.0
21.33,1625449482.0,64.0
20.86,1625449482.0,64.0
20.18,1625449482.0,64.0
19.23,1625449482.0,64.0
18.03,1625449482.0,64.0
16.63,1625449482.0,64.0
15.12,1625449482.0,64.0
13.54,1625449482.0,64.0
11.94,1625449482.0,64.0
10.32,1625449482.0,64.0
8.66,1625449482.0,64.0
6.98,1625449482.0,64.0
5.31,1625449482.0,64.0
3.69,1625449482.0,64.0
2.2,1625449482.0,64.0
0.84,1625449482.0,64.0
-0.46,1625449482.0,64.0
-1.81,1625449482.0,64.0
-3.36,1625449482.0,64.0
-5.19,1625449482.0,64.0
-7.31,1625449482.0,64.0
-9.63,1625449482.0,64.0
-12.02,1625449482.0,64.0
-14.42,1625449482.0,64.0
-16.81,1625449482.0,64.0
-19.24,1625449482.0,64.0
-21.78,1625449482.0,64.0
-24.39,1625449482.0,64.0
-26.91,1625449482.0,64.0
-28.96,1625449482.0,64.0
-30.1,1625449482.0,64.0
-29.92,1625449482.0,64.0
-28.22,1625449482.0,64.0
-25.07,1625449482.0,64.0
-20.83,1625449482.0,64.0
-15.99,1625449482.0,64.0
-10.96,1625449482.0,64.0
-5.98,1625449482.0,64.0
-1.11,1625449482.0,64.0
3.67,1625449482.0,64.0
8.27,1625449482.0,64.0
12.45,1625449482.0,64.0
15.84,1625449482.0,64.0
18.12,1625449482.0,64.0
19.2,1625449482.0,64.0
19.25,1625449482.0,64.0
18.63,1625449482.0,64.0
17.76,1625449482.0,64.0
16.97,1625449482.0,64.0
16.44,1625449482.0,64.0
16.24,1625449482.0,64.0
16.34,1625449482.0,64.0
16.67,1625449482.0,64.0
17.1,1625449482.0,64.0
17.45,1625449482.0,64.0
17.54,1625449482.0,64.0
17.25,1625449482.0,64.0
16.52,1625449482.0,64.0
15.38,1625449482.0,64.0
13.89,1625449482.0,64.0
12.1,1625449482.0,64.0
10.0,1625449482.0,64.0
7.61,1625449482.0,64.0
4.97,1625449482.0,64.0
2.22,1625449482.0,64.0
-0.45,1625449482.0,64.0
-2.81,1625449482.0,64.0
-4.71,1625449482.0,64.0
-6.07,1625449482.0,64.0
-6.92,1625449482.0,64.0
-7.42,1625449482.0,64.0
-7.8,1625449482.0,64.0
-8.36,1625449482.0,64.0
-9.35,1625449482.0,64.0
-10.94,1625449482.0,64.0
-13.16,1625449482.0,64.0
-15.91,1625449482.0,64.0
-18.93,1625449482.0,64.0
-21.88,1625449482.0,64.0
-24.4,1625449482.0,64.0
-26.13,1625449482.0,64.0
-26.76,1625449482.0,64.0
-26.17,1625449482.0,64.0
-24.38,1625449482.0,64.0
-21.58,1625449482.0,64.0
-18.05,1625449482.0,64.0
-14.08,1625449482.0,64.0
-9.81,1625449482.0,64.0
-5.29,1625449482.0,64.0
-0.52,1625449482.0,64.0
4.37,1625449482.0,64.0
9.14,1625449482.0,64.0
13.39,1625449482.0,64.0
16.71,1625449482.0,64.0
18.85,1625449482.0,64.0
19.83,1625449482.0,64.0
19.92,1625449482.0,64.0
19.51,1625449482.0,64.0
18.99,1625449482.0,64.0
18.62,1625449482.0,64.0
18.45,1625449482.0,64.0
18.38,1625449482.0,64.0
18.23,1625449482.0,64.0
17.86,1625449482.0,64.0
17.15,1625449482.0,64.0
16.11,1625449482.0,64.0
14.79,1625449482.0,64.0
13.27,1625449482.0,64.0
11.63,1625449482.0,64.0
9.95,1625449482.0,64.0
8.25,1625449482.0,64.0
6.57,1625449482.0,64.0
4.94,1625449482.0,64.0
3.41,1625449482.0,64.0
2.0,1625449482.0,64.0
0.68,1625449482.0,64.0
-0.61,1625449482.0,64.0
-1.98,1625449482.0,64.0
-3.49,1625449482.0,64.0
-5.14,1625449482.0,64.0
-6.88,1625449482.0,64.0
-8.64,1625449482.0,64.0
-10.38,1625449482.0,64.0
-12.11,1625449482.0,64.0
-13.9,1625449482.0,64.0
-15.8,1625449482.0,64.0
-17.82,1625449482.0,64.0
-19.93,1625449482.0,64.0
-22.08,1625449482.0,64.0
-24.17,1625449482.0,64.0
-26.06,1625449482.0,64.0
-27.48,1625449482.0,64.0
-28.09,1625449482.0,64.0
-27.54,1625449482.0,64.0
-25.6,1625449482.0,64.0
-22.32,1625449482.0,64.0
-18.02,1625449482.0,64.0
-13.19,1625449482.0,64.0
-8.27,1625449482.0,64.0
-3.53,1625449482.0,64.0
0.96,1625449482.0,64.0
5.16,1625449482.0,64.0
8.98,1625449482.0,64.0
12.16,1625449482.0,64.0
14.43,1625449482.0,64.0
15.61,1625449482.0,64.0
15.85,1625449482.0,64.0
15.54,1625449482.0,64.0
15.2,1625449482.0,64.0
15.22,1625449482.0,64.0
15.7,1625449482.0,64.0
16.47,1625449482.0,64.0
17.19,1625449482.0,64.0
17.52,1625449482.0,64.0
17.29,1625449482.0,64.0
16.49,1625449482.0,64.0
15.26,1625449482.0,64.0
13.77,1625449482.0,64.0
12.17,1625449482.0,64.0
10.55,1625449482.0,64.0
8.96,1625449482.0,64.0
7.43,1625449482.0,64.0
5.95,1625449482.0,64.0
4.5,1625449482.0,64.0
3.05,1625449482.0,64.0
1.55,1625449482.0,64.0
-0.07,1625449482.0,64.0
-1.85,1625449482.0,64.0
-3.81,1625449482.0,64.0
-5.87,1625449482.0,64.0
-7.89,1625449482.0,64.0
-9.67,1625449482.0,64.0
-11.08,1625449482.0,64.0
-12.08,1625449482.0,64.0
-12.74,1625449482.0,64.0
-13.22,1625449482.0,64.0
-13.74,1625449482.0,64.0
-14.45,1625449482.0,64.0
-15.46,1625449482.0,64.0
-16.84,1625449482.0,64.0
-18.54,1625449482.0,64.0
-20.45,1625449482.0,64.0
-22.32,1625449482.0,64.0
-23.78,1625449482.0,64.0
-24.41,1625449482.0,64.0
-23.85,1625449482.0,64.0
-21.91,1625449482.0,64.0
-18.64,1625449482.0,64.0
-14.28,1625449482.0,64.0
-9.23,1625449482.0,64.0
-3.91,1625449482.0,64.0
1.31,1625449482.0,64.0
6.1,1625449482.0,64.0
10.14,1625449482.0,64.0
13.12,1625449482.0,64.0
14.72,1625449482.0,64.0
14.76,1625449482.0,64.0
13.33,1625449482.0,64.0
10.87,1625449482.0,64.0
8.09,1625449482.0,64.0
5.8,1625449482.0,64.0
4.63,1625449482.0,64.0
4.84,1625449482.0,64.0
6.25,1625449482.0,64.0
8.37,1625449482.0,64.0
10.6,1625449482.0,64.0
12.46,1625449482.0,64.0
13.7,1625449482.0,64.0
14.29,1625449482.0,64.0
14.28,1625449482.0,64.0
13.75,1625449482.0,64.0
12.75,1625449482.0,64.0
11.31,1625449482.0,64.0
9.55,1625449482.0,64.0
7.64,1625449482.0,64.0
5.76,1625449482.0,64.0
4.05,1625449482.0,64.0
2.52,1625449482.0,64.0
1.07,1625449482.0,64.0
-0.41,1625449482.0,64.0
-2.03,1625449482.0,64.0
-3.75,1625449482.0,64.0
-5.5,1625449482.0,64.0
-7.19,1625449482.0,64.0
-8.79,1625449482.0,64.0
-10.32,1625449482.0,64.0
-11.83,1625449482.0,64.0
-13.38,1625449482.0,64.0
-15.03,1625449482.0,64.0
-16.83,1625449482.0,64.0
-18.79,1625449482.0,64.0
-20.82,1625449482.0,64.0
-22.65,1625449482.0,64.0
-23.83,1625449482.0,64.0
-23.84,1625449482.0,64.0
-22.33,1625449482.0,64.0
-19.25,1625449482.0,64.0
-14.94,1625449482.0,64.0
-10.04,1625449482.0,64.0
-5.17,1625449482.0,64.0
-0.79,1625449482.0,64.0
2.97,1625449482.0,64.0
6.19,1625449482.0,64.0
8.94,1625449482.0,64.0
11.2,1625449482.0,64.0
12.83,1625449482.0,64.0
13.73,1625449482.0,64.0
13.94,1625449482.0,64.0
13.8,1625449482.0,64.0
13.75,1625449482.0,64.0
14.21,1625449482.0,64.0
15.31,1625449482.0,64.0
16.86,1625449482.0,64.0
18.42,1625449482.0,64.0
19.5,1625449482.0,64.0
19.84,1625449482.0,64.0
19.37,1625449482.0,64.0
18.29,1625449482.0,64.0
16.85,1625449482.0,64.0
15.24,1625449482.0,64.0
13.52,1625449482.0,64.0
11.69,1625449482.0,64.0
9.71,1625449482.0,64.0
7.58,1625449482.0,64.0
5.4,1625449482.0,64.0
3.26,1625449482.0,64.0
1.25,1625449482.0,64.0
-0.58,1625449482.0,64.0
-2.27,1625449482.0,64.0
-3.85,1625449482.0,64.0
-5.39,1625449482.0,64.0
-6.95,1625449482.0,64.0
-8.65,1625449482.0,64.0
-10.62,1625449482.0,64.0
-13.09,1625449482.0,64.0
-16.27,1625449482.0,64.0
-20.27,1625449482.0,64.0
-24.98,1625449482.0,64.0
-30.03,1625449482.0,64.0
-34.77,1625449482.0,64.0
-38.45,1625449482.0,64.0
-40.39,1625449482.0,64.0
-40.16,1625449482.0,64.0
-37.7,1625449482.0,64.0
-33.3,1625449482.0,64.0
-27.5,1625449482.0,64.0
-20.92,1625449482.0,64.0
-14.15,1625449482.0,64.0
-7.64,1625449482.0,64.0
-1.66,1625449482.0,64.0
3.68,1625449482.0,64.0
8.4,1625449482.0,64.0
12.55,1625449482.0,64.0
16.14,1625449482.0,64.0
19.12,1625449482.0,64.0
21.37,1625449482.0,64.0
22.77,1625449482.0,64.0
23.27,1625449482.0,64.0
22.99,1625449482.0,64.0
22.19,1625449482.0,64.0
21.17,1625449482.0,64.0
20.15,1625449482.0,64.0
19.2,1625449482.0,64.0
18.27,1625449482.0,64.0
17.27,1625449482.0,64.0
16.14,1625449482.0,64.0
14.88,1625449482.0,64.0
13.54,1625449482.0,64.0
12.15,1625449482.0,64.0
10.74,1625449482.0,64.0
9.31,1625449482.0,64.0
7.91,1625449482.0,64.0
6.64,1625449482.0,64.0
5.57,1625449482.0,64.0
4.75,1625449482.0,64.0
4.14,1625449482.0,64.0
3.59,1625449482.0,64.0
2.91,1625449482.0,64.0
1.88,1625449482.0,64.0
0.27,1625449482.0,64.0
-2.08,1625449482.0,64.0
-5.25,1625449482.0,64.0
-9.22,1625449482.0,64.0
-13.76,1625449482.0,64.0
-18.5,1625449482.0,64.0
-23.0,1625449482.0,64.0
-26.91,1625449482.0,64.0
-30.05,1625449482.0,64.0
-32.42,1625449482.0,64.0
-34.04,1625449482.0,64.0
-34.85,1625449482.0,64.0
-34.61,1625449482.0,64.0
-33.01,1625449482.0,64.0
-29.9,1625449482.0,64.0
-25.38,1625449482.0,64.0
-19.89,1625449482.0,64.0
-13.95,1625449482.0,64.0
-8.01,1625449482.0,64.0
-2.22,1625449482.0,64.0
3.42,1625449482.0,64.0
8.86,1625449482.0,64.0
13.87,1625449482.0,64.0
17.99,1625449482.0,64.0
20.75,1625449482.0,64.0
21.89,1625449482.0,64.0
21.57,1625449482.0,64.0
20.35,1625449482.0,64.0
18.9,1625449482.0,64.0
17.82,1625449482.0,64.0
17.39,1625449482.0,64.0
17.56,1625449482.0,64.0
18.09,1625449482.0,64.0
18.66,1625449482.0,64.0
19.02,1625449482.0,64.0
19.0,1625449482.0,64.0
18.52,1625449482.0,64.0
17.53,1625449482.0,64.0
16.01,1625449482.0,64.0
14.01,1625449482.0,64.0
11.67,1625449482.0,64.0
9.19,1625449482.0,64.0
6.86,1625449482.0,64.0
4.92,1625449482.0,64.0
3.51,1625449482.0,64.0
2.66,1625449482.0,64.0
2.23,1625449482.0,64.0
2.01,1625449482.0,64.0
1.76,1625449482.0,64.0
1.28,1625449482.0,64.0
0.4,1625449482.0,64.0
-0.95,1625449482.0,64.0
-2.76,1625449482.0,64.0
-4.95,1625449482.0,64.0
-7.42,1625449482.0,64.0
-10.07,1625449482.0,64.0
-12.87,1625449482.0,64.0
-15.88,1625449482.0,64.0
-19.11,1625449482.0,64.0
-22.44,1625449482.0,64.0
-25.57,1625449482.0,64.0
-27.91,1625449482.0,64.0
-28.83,1625449482.0,64.0
-27.79,1625449482.0,64.0
-24.62,1625449482.0,64.0
-19.6,1625449482.0,64.0
-13.42,1625449482.0,64.0
-6.92,1625449482.0,64.0
-0.81,1625449482.0,64.0
4.59,1625449482.0,64.0
9.34,1625449482.0,64.0
13.71,1625449482.0,64.0
17.96,1625449482.0,64.0
22.1,1625449482.0,64.0
25.85,1625449482.0,64.0
28.79,1625449482.0,64.0
30.63,1625449482.0,64.0
31.33,1625449482.0,64.0
31.19,1625449482.0,64.0
30.8,1625449482.0,64.0
30.88,1625449482.0,64.0
32.0,1625449482.0,64.0
34.44,1625449482.0,64.0
37.99,1625449482.0,64.0
41.96,1625449482.0,64.0
45.32,1625449482.0,64.0
47.09,1625449482.0,64.0
46.77,1625449482.0,64.0
44.75,1625449482.0,64.0
42.28,1625449482.0,64.0
41.1,1625449482.0,64.0
42.61,1625449482.0,64.0
47.18,1625449482.0,64.0
53.74,1625449482.0,64.0
60.11,1625449482.0,64.0
63.89,1625449482.0,64.0
63.61,1625449482.0,64.0
59.68,1625449482.0,64.0
54.38,1625449482.0,64.0
51.03,1625449482.0,64.0
52.4,1625449482.0,64.0
59.32,1625449482.0,64.0
70.02,1625449482.0,64.0
80.86,1625449482.0,64.0
87.85,1625449482.0,64.0
88.44,1625449482.0,64.0
82.42,1625449482.0,64.0
71.52,1625449482.0,64.0
58.38,1625449482.0,64.0
45.15,1625449482.0,64.0
33.06,1625449482.0,64.0
22.69,1625449482.0,64.0
14.3,1625449482.0,64.0
7.8,1625449482.0,64.0
2.17,1625449482.0,64.0
-4.76,1625449482.0,64.0
-15.65,1625449482.0,64.0
-31.85,1625449482.0,64.0
-51.37,1625449482.0,64.0
-68.28,1625449482.0,64.0
-74.53,1625449482.0,64.0
-63.85,1625449482.0,64.0
-35.74,1625449482.0,64.0
3.37,1625449482.0,64.0
42.71,1625449482.0,64.0
72.72,1625449482.0,64.0
90.6,1625449482.0,64.0
102.45,1625449482.0,64.0
120.6,1625449482.0,64.0
157.17,1625449482.0,64.0
217.4,1625449482.0,64.0
296.29,1625449482.0,64.0
380.46,1625449482.0,64.0
454.15,1625449482.0,64.0
505.76,1625449482.0,64.0
531.94,1625449482.0,64.0
537.11,1625449482.0,64.0
529.36,1625449482.0,64.0
515.69,1625449482.0,64.0
498.77,1625449482.0,64.0
477.59,1625449482.0,64.0
449.76,1625449482.0,64.0
414.62,1625449482.0,64.0
374.49,1625449482.0,64.0
333.72,1625449482.0,64.0
296.35,1625449482.0,64.0
263.84,1625449482.0,64.0
234.49,1625449482.0,64.0
204.66,1625449482.0,64.0
171.07,1625449482.0,64.0
132.74,1625449482.0,64.0
91.68,1625449482.0,64.0
52.02,1625449482.0,64.0
18.15,1625449482.0,64.0
-7.19,1625449482.0,64.0
-23.96,1625449482.0,64.0
-34.47,1625449482.0,64.0
-42.19,1625449482.0,64.0
-50.03,1625449482.0,64.0
-59.27,1625449482.0,64.0
-69.19,1625449482.0,64.0
-77.74,1625449482.0,64.0
-82.71,1625449482.0,64.0
-82.82,1625449482.0,64.0
-78.26,1625449482.0,64.0
-70.53,1625449482.0,64.0
-61.7,1625449482.0,64.0
-53.55,1625449482.0,64.0
-47.01,1625449482.0,64.0
-42.02,1625449482.0,64.0
-38.3,1625449482.0,64.0
-35.45,1625449482.0,64.0
-33.26,1625449482.0,64.0
-31.85,1625449482.0,64.0
-31.5,1625449482.0,64.0
-32.56,1625449482.0,64.0
-35.27,1625449482.0,64.0
-39.62,1625449482.0,64.0
-45.35,1625449482.0,64.0
-52.42,1625449482.0,64.0
-60.71,1625449482.0,64.0
-70.03,1625449482.0,64.0
-79.98,1625449482.0,64.0
-90.06,1625449482.0,64.0
-99.72,1625449482.0,64.0
-108.48,1625449482.0,64.0
-116.02,1625449482.0,64.0
-122.17,1625449482.0,64.0
-127.94,1625449482.0,64.0
-134.32,1625449482.0,64.0
-141.94,1625449482.0,64.0
-150.73,1625449482.0,64.0
-160.04,1625449482.0,64.0
-168.97,1625449482.0,64.0
-176.83,1625449482.0,64.0
-183.3,1625449482.0,64.0
-188.37,1625449482.0,64.0
-195.07,1625449482.0,64.0
-206.09,1625449482.0,64.0
-222.79,1625449482.0,64.0
-244.38,1625449482.0,64.0
-268.19,1625449482.0,64.0
-290.87,1625449482.0,64.0
-309.72,1625449482.0,64.0
-323.25,1625449482.0,64.0
-331.21,1625449482.0,64.0
-340.11,1625449482.0,64.0
-356.25,1625449482.0,64.0
-383.57,1625449482.0,64.0
-421.86,1625449482.0,64.0
-467.31,1625449482.0,64.0
-514.62,1625449482.0,64.0
-559.63,1625449482.0,64.0
-600.3,1625449482.0,64.0
-636.5,1625449482.0,64.0
-678.6,1625449482.0,64.0
-736.09,1625449482.0,64.0
-814.16,1625449482.0,64.0
-910.78,1625449482.0,64.0
-1017.88,1625449482.0,64.0
-1124.82,1625449482.0,64.0
-1222.71,1625449482.0,64.0
-1306.32,1625449482.0,64.0
-1373.86,1625449482.0,64.0
-1438.16,1625449482.0,64.0
-1511.73,1625449482.0,64.0
-1602.18,1625449482.0,64.0
-1708.12,1625449482.0,64.0
-1820.7,1625449482.0,64.0
-1927.69,1625449482.0,64.0
-2019.04,1625449482.0,64.0
-2089.24,1625449482.0,64.0
-2059.85,1625449482.0,64.0
-1878.71,1625449482.0,64.0
-1527.91,1625449482.0,64.0
-1038.97,1625449482.0,64.0
-482.02,1625449482.0,64.0
65.04,1625449482.0,64.0
546.21,1625449482.0,64.0
935.89,1625449482.0,64.0
1232.63,1625449482.0,64.0
1448.12,1625449482.0,64.0
1586.25,1625449482.0,64.0
1651.85,1625449482.0,64.0
1650.04,1625449482.0,64.0
1596.79,1625449482.0,64.0
1511.11,1625449482.0,64.0
1412.18,1625449482.0,64.0
1315.15,1625449482.0,64.0
1229.57,1625449482.0,64.0
1159.82,1625449482.0,64.0
1096.82,1625449482.0,64.0
1029.88,1625449482.0,64.0
950.85,1625449482.0,64.0
857.74,1625449482.0,64.0
753.27,1625449482.0,64.0
645.11,1625449482.0,64.0
538.84,1625449482.0,64.0
437.78,1625449482.0,64.0
344.59,1625449482.0,64.0
257.26,1625449482.0,64.0
176.28,1625449482.0,64.0
105.0,1625449482.0,64.0
48.8,1625449482.0,64.0
11.62,1625449482.0,64.0
-5.95,1625449482.0,64.0
-7.87,1625449482.0,64.0
-0.18,1625449482.0,64.0
11.76,1625449482.0,64.0
22.17,1625449482.0,64.0
27.79,1625449482.0,64.0
27.39,1625449482.0,64.0
21.48,1625449482.0,64.0
11.3,1625449482.0,64.0
-1.02,1625449482.0,64.0
-13.21,1625449482.0,64.0
-22.85,1625449482.0,64.0
-27.97,1625449482.0,64.0
-28.71,1625449482.0,64.0
-26.54,1625449482.0,64.0
-23.66,1625449482.0,64.0
-22.1,1625449482.0,64.0
-23.01,1625449482.0,64.0
-26.15,1625449482.0,64.0
-30.44,1625449482.0,64.0
-34.32,1625449482.0,64.0
-36.38,1625449482.0,64.0
-35.95,1625449482.0,64.0
-33.31,1625449482.0,64.0
-29.51,1625449482.0,64.0
-25.92,1625449482.0,64.0
-23.66,1625449482.0,64.0
-23.16,1625449482.0,64.0
-24.11,1625449482.0,64.0
-25.66,1625449482.0,64.0
-26.85,1625449482.0,64.0
-27.01,1625449482.0,64.0
-26.0,1625449482.0,64.0
-24.13,1625449482.0,64.0
-21.98,1625449482.0,64.0
-19.98,1625449482.0,64.0
-18.3,1625449482.0,64.0
-16.8,1625449482.0,64.0
-15.12,1625449482.0,64.0
-12.88,1625449482.0,64.0
-9.88,1625449482.0,64.0
-6.2,1625449482.0,64.0
-2.09,1625449482.0,64.0
2.05,1625449482.0,64.0
5.93,1625449482.0,64.0
9.34,1625449482.0,64.0
12.25,1625449482.0,64.0
14.69,1625449482.0,64.0
16.76,1625449482.0,64.0
18.52,1625449482.0,64.0
20.06,1625449482.0,64.0
21.43,1625449482.0,64.0
22.74,1625449482.0,64.0
24.09,1625449482.0,64.0
25.57,1625449482.0,64.0
27.25,1625449482.0,64.0
29.13,1625449482.0,64.0
31.2,1625449482.0,64.0
33.43,1625449482.0,64.0
35.85,1625449482.0,64.0
38.59,1625449482.0,64.0
41.79,1625449482.0,64.0
45.6,1625449482.0,64.0
50.07,1625449482.0,64.0
55.17,1625449482.0,64.0
60.75,1625449482.0,64.0
66.61,1625449482.0,64.0
72.58,1625449482.0,64.0
78.59,1625449482.0,64.0
84.71,1625449482.0,64.0
91.07,1625449482.0,64.0
97.87,1625449482.0,64.0
105.21,1625449482.0,64.0
113.09,1625449482.0,64.0
121.44,1625449482.0,64.0
130.11,1625449482.0,64.0
138.92,1625449482.0,64.0
147.77,1625449482.0,64.0
156.61,1625449482.0,64.0
165.49,1625449482.0,64.0
174.72,1625449482.0,64.0
184.85,1625449482.0,64.0
196.62,1625449482.0,64.0
210.57,1625449482.0,64.0
226.56,1625449482.0,64.0
243.43,1625449482.0,64.0
258.99,1625449482.0,64.0
270.64,1625449482.0,64.0
276.18,1625449482.0,64.0
274.53,1625449482.0,64.0
266.03,1625449482.0,64.0
252.16,1625449482.0,64.0
235.03,1625449482.0,64.0
216.72,1625449482.0,64.0
198.98,1625449482.0,64.0
183.11,1625449482.0,64.0
169.96,1625449482.0,64.0
159.88,1625449482.0,64.0
152.61,1625449482.0,64.0
147.27,1625449482.0,64.0
142.49,1625449482.0,64.0
136.85,1625449482.0,64.0
129.33,1625449482.0,64.0
119.65,1625449482.0,64.0
108.22,1625449482.0,64.0
95.83,1625449482.0,64.0
83.17,1625449482.0,64.0
70.53,1625449482.0,64.0
57.65,1625449482.0,64.0
44.06,1625449482.0,64.0
29.41,1625449482.0,64.0
13.82,1625449482.0,64.0
-2.15,1625449482.0,64.0
-17.67,1625449482.0,64.0
-32.1,1625449482.0,64.0
-45.23,1625449482.0,64.0
-57.26,1625449482.0,64.0
-68.41,1625449482.0,64.0
-78.54,1625449482.0,64.0
-86.93,1625449482.0,64.0
-92.28,1625449482.0,64.0
-93.12,1625449482.0,64.0
-88.2,1625449482.0,64.0
-76.9,1625449482.0,64.0
-59.52,1625449482.0,64.0
-37.31,1625449482.0,64.0
-12.39,1625449482.0,64.0
12.63,1625449482.0,64.0
35.17,1625449482.0,64.0
53.28,1625449482.0,64.0
66.1,1625449482.0,64.0
74.0,1625449482.0,64.0
78.25,1625449482.0,64.0
80.56,1625449482.0,64.0
82.55,1625449482.0,64.0
85.49,1625449482.0,64.0
90.04,1625449482.0,64.0
96.26,1625449482.0,64.0
103.54,1625449482.0,64.0
110.69,1625449482.0,64.0
116.15,1625449482.0,64.0
118.49,1625449482.0,64.0
116.85,1625449482.0,64.0
111.23,1625449482.0,64.0
102.49,1625449482.0,64.0
91.91,1625449482.0,64.0
80.71,1625449482.0,64.0
69.75,1625449482.0,64.0
59.5,1625449482.0,64.0
50.18,1625449482.0,64.0
41.91,1625449482.0,64.0
34.73,1625449482.0,64.0
28.38,1625449482.0,64.0
22.3,1625449482.0,64.0
15.64,1625449482.0,64.0
7.63,1625449482.0,64.0
-2.1,1625449482.0,64.0
-13.33,1625449482.0,64.0
-25.33,1625449482.0,64.0
-37.06,1625449482.0,64.0
-47.33,1625449482.0,64.0
-55.15,1625449482.0,64.0
-59.83,1625449482.0,64.0
-61.02,1625449482.0,64.0
-58.85,1625449482.0,64.0
-53.87,1625449482.0,64.0
-46.9,1625449482.0,64.0
-38.77,1625449482.0,64.0
-30.1,1625449482.0,64.0
-21.19,1625449482.0,64.0
-12.13,1625449482.0,64.0
-3.09,1625449482.0,64.0
5.5,1625449482.0,64.0
12.92,1625449482.0,64.0
18.47,1625449482.0,64.0
21.81,1625449482.0,64.0
23.25,1625449482.0,64.0
23.6,1625449482.0,64.0
23.85,1625449482.0,64.0
24.63,1625449482.0,64.0
25.95,1625449482.0,64.0
27.24,1625449482.0,64.0
27.66,1625449482.0,64.0
26.54,1625449482.0,64.0
23.66,1625449482.0,64.0
19.29,1625449482.0,64.0
14.0,1625449482.0,64.0
8.45,1625449482.0,64.0
3.26,1625449482.0,64.0
-1.15,1625449482.0,64.0
-4.51,1625449482.0,64.0
-6.84,1625449482.0,64.0
-8.42,1625449482.0,64.0
-9.77,1625449482.0,64.0
-11.41,1625449482.0,64.0
-13.73,1625449482.0,64.0
-16.84,1625449482.0,64.0
-20.66,1625449482.0,64.0
-25.08,1625449482.0,64.0
-30.07,1625449482.0,64.0
-35.73,1625449482.0,64.0
-42.07,1625449482.0,64.0
-48.76,1625449482.0,64.0
-55.03,1625449482.0,64.0
-59.77,1625449482.0,64.0
-61.85,1625449482.0,64.0
-60.52,1625449482.0,64.0
-55.72,1625449482.0,64.0
-48.04,1625449482.0,64.0
-38.6,1625449482.0,64.0
-28.63,1625449482.0,64.0
-19.11,1625449482.0,64.0
-10.5,1625449482.0,64.0
-2.73,1625449482.0,64.0
4.55,1625449482.0,64.0
11.61,1625449482.0,64.0
18.36,1625449482.0,64.0
24.3,1625449482.0,64.0
28.79,1625449482.0,64.0
31.41,1625449482.0,64.0
32.29,1625449482.0,64.0
32.05,1625449482.0,64.0
31.56,1625449482.0,64.0
31.43,1625449482.0,64.0
31.82,1625449482.0,64.0
32.3,1625449482.0,64.0
32.17,1625449482.0,64.0
30.84,1625449482.0,64.0
28.15,1625449482.0,64.0
24.38,1625449482.0,64.0
20.11,1625449482.0,64.0
15.9,1625449482.0,64.0
12.07,1625449482.0,64.0
8.58,1625449482.0,64.0
5.18,1625449482.0,64.0
1.57,1625449482.0,64.0
-2.38,1625449482.0,64.0
-6.57,1625449482.0,64.0
-10.76,1625449482.0,64.0
-14.7,1625449482.0,64.0
-18.29,1625449482.0,64.0
-21.65,1625449482.0,64.0
-25.05,1625449482.0,64.0
-28.79,1625449482.0,64.0
-33.02,1625449482.0,64.0
-37.65,1625449482.0,64.0
-42.22,1625449482.0,64.0
-46.05,1625449482.0,64.0
-48.36,1625449482.0,64.0
-48.52,1625449482.0,64.0
-46.27,1625449482.0,64.0
-41.82,1625449482.0,64.0
-35.73,1625449482.0,64.0
-28.67,1625449482.0,64.0
-21.2,1625449482.0,64.0
-13.58,1625449482.0,64.0
-5.88,1625449482.0,64.0
1.84,1625449482.0,64.0
9.3,1625449482.0,64.0
15.95,1625449482.0,64.0
21.08,1625449482.0,64.0
24.19,1625449482.0,64.0
25.23,1625449482.0,64.0
24.68,1625449482.0,64.0
23.36,1625449482.0,64.0
22.08,1625449482.0,64.0
21.26,1625449482.0,64.0
20.83,1625449482.0,64.0
20.35,1625449482.0,64.0
19.29,1625449482.0,64.0
17.45,1625449482.0,64.0
14.98,1625449482.0,64.0
12.34,1625449482.0,64.0
10.01,1625449482.0,64.0
8.22,1625449482.0,64.0
6.8,1625449482.0,64.0
5.31,1625449482.0,64.0
3.28,1625449482.0,64.0
0.47,1625449482.0,64.0
-3.0,1625449482.0,64.0
-6.66,1625449482.0,64.0
-9.94,1625449482.0,64.0
-12.39,1625449482.0,64.0
-13.87,1625449482.0,64.0
-14.63,1625449482.0,64.0
-15.2,1625449482.0,64.0
-16.22,1625449482.0,64.0
-18.23,1625449482.0,64.0
-21.48,1625449482.0,64.0
-25.91,1625449482.0,64.0
-31.16,1625449482.0,64.0
-36.68,1625449482.0,64.0
-41.77,1625449482.0,64.0
-45.73,1625449482.0,64.0
-47.87,1625449482.0,64.0
-47.69,1625449482.0,64.0
-44.92,1625449482.0,64.0
-39.72,1625449482.0,64.0
-32.64,1625449482.0,64.0
-24.43,1625449482.0,64.0
-15.85,1625449482.0,64.0
-7.48,1625449482.0,64.0
0.4,1625449482.0,64.0
7.64,1625449482.0,64.0
14.09,1625449482.0,64.0
19.46,1625449482.0,64.0
23.36,1625449482.0,64.0
25.51,1625449482.0,64.0
25.99,1625449482.0,64.0
25.27,1625449482.0,64.0
24.07,1625449482.0,64.0
23.06,1625449482.0,64.0
22.58,1625449482.0,64.0
22.48,1625449482.0,64.0
22.29,1625449482.0,64.0
21.5,1625449482.0,64.0
19.87,1625449482.0,64.0
17.55,1625449482.0,64.0
15.06,1625449482.0,64.0
12.97,1625449482.0,64.0
11.61,1625449482.0,64.0
10.88,1625449482.0,64.0
10.29,1625449482.0,64.0
9.2,1625449482.0,64.0
7.15,1625449482.0,64.0
4.02,1625449482.0,64.0
0.05,1625449482.0,64.0
-4.31,1625449482.0,64.0
-8.64,1625449482.0,64.0
-12.63,1625449482.0,64.0
-16.07,1625449482.0,64.0
-18.76,1625449482.0,64.0
-20.58,1625449482.0,64.0
-21.6,1625449482.0,64.0
-22.18,1625449482.0,64.0
-23.06,1625449482.0,64.0
-25.07,1625449482.0,64.0
-28.79,1625449482.0,64.0
-34.17,1625449482.0,64.0
-40.48,1625449482.0,64.0
-46.44,1625449482.0,64.0
-50.66,1625449482.0,64.0
-52.07,1625449482.0,64.0
-50.23,1625449482.0,64.0
-45.37,1625449482.0,64.0
-38.2,1625449482.0,64.0
-29.68,1625449482.0,64.0
-20.71,1625449482.0,64.0
-11.96,1625449482.0,64.0
-3.88,1625449482.0,64.0
3.29,1625449482.0,64.0
9.36,1625449482.0,64.0
14.14,1625449482.0,64.0
17.46,1625449482.0,64.0
19.27,1625449482.0,64.0
19.68,1625449482.0,64.0
19.04,1625449482.0,64.0
17.79,1625449482.0,64.0
16.32,1625449482.0,64.0
14.87,1625449482.0,64.0
13.48,1625449482.0,64.0
12.1,1625449482.0,64.0
10.66,1625449482.0,64.0
9.16,1625449482.0,64.0
7.69,1625449482.0,64.0
6.4,1625449482.0,64.0
5.42,1625449482.0,64.0
4.84,1625449482.0,64.0
4.65,1625449482.0,64.0
4.72,1625449482.0,64.0
4.88,1625449482.0,64.0
4.85,1625449482.0,64.0
4.45,1625449482.0,64.0
3.55,1625449482.0,64.0
2.17,1625449482.0,64.0
0.41,1625449482.0,64.0
-1.62,1625449482.0,64.0
-3.93,1625449482.0,64.0
-6.63,1625449482.0,64.0
-9.86,1625449482.0,64.0
-13.7,1625449482.0,64.0
-18.03,1625449482.0,64.0
-22.57,1625449482.0,64.0
-26.92,1625449482.0,64.0
-30.73,1625449482.0,64.0
-33.73,1625449482.0,64.0
-35.81,1625449482.0,64.0
-36.84,1625449482.0,64.0
-36.71,1625449482.0,64.0
-35.26,1625449482.0,64.0
-32.4,1625449482.0,64.0
-28.21,1625449482.0,64.0
-22.96,1625449482.0,64.0
-17.11,1625449482.0,64.0
-11.1,1625449482.0,64.0
-5.26,1625449482.0,64.0
0.22,1625449482.0,64.0
5.23,1625449482.0,64.0
9.63,1625449482.0,64.0
13.19,1625449482.0,64.0
15.66,1625449482.0,64.0
16.89,1625449482.0,64.0
16.98,1625449482.0,64.0
16.3,1625449482.0,64.0
15.39,1625449482.0,64.0
14.75,1625449482.0,64.0
14.66,1625449482.0,64.0
15.05,1625449482.0,64.0
15.61,1625449482.0,64.0
15.95,1625449482.0,64.0
15.8,1625449482.0,64.0
15.14,1625449482.0,64.0
14.12,1625449482.0,64.0
12.98,1625449482.0,64.0
11.79,1625449482.0,64.0
10.43,1625449482.0,64.0
8.65,1625449482.0,64.0
6.26,1625449482.0,64.0
3.31,1625449482.0,64.0
0.1,1625449482.0,64.0
-2.92,1625449482.0,64.0
-5.4,1625449482.0,64.0
-7.3,1625449482.0,64.0
-8.9,1625449482.0,64.0
-10.67,1625449482.0,64.0
-12.97,1625449482.0,64.0
-15.9,1625449482.0,64.0
-19.32,1625449482.0,64.0
-22.9,1625449482.0,64.0
-26.38,1625449482.0,64.0
-29.59,1625449482.0,64.0
-32.37,1625449482.0,64.0
-34.48,1625449482.0,64.0
-35.52,1625449482.0,64.0
-35.03,1625449482.0,64.0
-32.77,1625449482.0,64.0
-28.81,1625449482.0,64.0
-23.56,1625449482.0,64.0
-17.6,1625449482.0,64.0
-11.45,1625449482.0,64.0
-5.43,1625449482.0,64.0
0.35,1625449482.0,64.0
5.77,1625449482.0,64.0
10.63,1625449482.0,64.0
14.63,1625449482.0,64.0
17.53,1625449482.0,64.0
19.27,1625449482.0,64.0
20.04,1625449482.0,64.0
20.21,1625449482.0,64.0
20.15,1625449482.0,64.0
20.07,1625449482.0,64.0
20.03,1625449482.0,64.0
19.97,1625449482.0,64.0
19.81,1625449482.0,64.0
19.42,1625449482.0,64.0
18.73,1625449482.0,64.0
17.67,1625449482.0,64.0
16.25,1625449482.0,64.0
14.51,1625449482.0,64.0
12.57,1625449482.0,64.0
10.53,1625449482.0,64.0
8.44,1625449482.0,64.0
6.29,1625449482.0,64.0
4.06,1625449482.0,64.0
1.75,1625449482.0,64.0
-0.55,1625449482.0,64.0
-2.7,1625449482.0,64.0
-4.59,1625449482.0,64.0
-6.21,1625449482.0,64.0
-7.64,1625449482.0,64.0
-9.08,1625449482.0,64.0
-10.74,1625449482.0,64.0
-12.76,1625449482.0,64.0
-15.18,1625449482.0,64.0
-17.95,1625449482.0,64.0
-20.93,1625449482.0,64.0
-23.94,1625449482.0,64.0
-26.72,1625449482.0,64.0
-28.94,1625449482.0,64.0
-30.22,1625449482.0,64.0
-30.25,1625449482.0,64.0
-28.83,1625449482.0,64.0
-26.09,1625449482.0,64.0
-22.32,1625449482.0,64.0
-17.95,1625449482.0,64.0
-13.33,1625449482.0,64.0
-8.62,1625449482.0,64.0
-3.79,1625449482.0,64.0
1.18,1625449482.0,64.0
6.18,1625449482.0,64.0
10.85,1625449482.0,64.0
14.67,1625449482.0,64.0
17.19,1625449482.0,64.0
18.26,1625449482.0,64.0
18.08,1625449482.0,64.0
17.14,1625449482.0,64.0
15.95,1625449482.0,64.0
14.88,1625449482.0,64.0
14.06,1625449482.0,64.0
13.43,1625449482.0,64.0
12.84,1625449482.0,64.0
12.21,1625449482.0,64.0
11.5,1625449482.0,64.0
10.79,1625449482.0,64.0
10.13,1625449482.0,64.0
9.49,1625449482.0,64.0
8.78,1625449482.0,64.0
7.86,1625449482.0,64.0
6.61,1625449482.0,64.0
5.05,1625449482.0,64.0
3.3,1625449482.0,64.0
1.54,1625449482.0,64.0
-0.05,1625449482.0,64.0
-1.39,1625449482.0,64.0
-2.52,1625449482.0,64.0
-3.58,1625449482.0,64.0
-4.74,1625449482.0,64.0
-6.2,1625449482.0,64.0
-8.13,1625449482.0,64.0
-10.58,1625449482.0,64.0
-13.56,1625449482.0,64.0
-16.93,1625449482.0,64.0
-20.43,1625449482.0,64.0
-23.76,1625449482.0,64.0
-26.63,1625449482.0,64.0
-28.78,1625449482.0,64.0
-30.0,1625449482.0,64.0
-30.09,1625449482.0,64.0
-28.84,1625449482.0,64.0
-26.08,1625449482.0,64.0
-21.83,1625449482.0,64.0
-16.35,1625449482.0,64.0
-10.2,1625449482.0,64.0
-4.01,1625449482.0,64.0
1.69,1625449482.0,64.0
6.61,1625449482.0,64.0
10.72,1625449482.0,64.0
14.03,1625449482.0,64.0
16.48,1625449482.0,64.0
17.82,1625449482.0,64.0
17.79,1625449482.0,64.0
16.33,1625449482.0,64.0
13.74,1625449482.0,64.0
10.63,1625449482.0,64.0
7.74,1625449482.0,64.0
5.66,1625449482.0,64.0
4.63,1625449482.0,64.0
4.64,1625449482.0,64.0
5.53,1625449482.0,64.0
7.15,1625449482.0,64.0
9.39,1625449482.0,64.0
12.04,1625449482.0,64.0
14.74,1625449482.0,64.0
16.96,1625449482.0,64.0
18.16,1625449482.0,64.0
18.02,1625449482.0,64.0
16.53,1625449482.0,64.0
14.0,1625449482.0,64.0
10.96,1625449482.0,64.0
7.87,1625449482.0,64.0
5.04,1625449482.0,64.0
2.59,1625449482.0,64.0
0.48,1625449482.0,64.0
-1.35,1625449482.0,64.0
-2.99,1625449482.0,64.0
-4.57,1625449482.0,64.0
-6.26,1625449482.0,64.0
-8.21,1625449482.0,64.0
-10.57,1625449482.0,64.0
-13.36,1625449482.0,64.0
-16.5,1625449482.0,64.0
-19.81,1625449482.0,64.0
-23.04,1625449482.0,64.0
-25.87,1625449482.0,64.0
-27.95,1625449482.0,64.0
-28.94,1625449482.0,64.0
-28.5,1625449482.0,64.0
-26.52,1625449482.0,64.0
-23.13,1625449482.0,64.0
-18.68,1625449482.0,64.0
-13.67,1625449482.0,64.0
-8.54,1625449482.0,64.0
-3.57,1625449482.0,64.0
1.15,1625449482.0,64.0
5.56,1625449482.0,64.0
9.56,1625449482.0,64.0
12.91,1625449482.0,64.0
15.39,1625449482.0,64.0
16.92,1625449482.0,64.0
17.65,1625449482.0,64.0
17.96,1625449482.0,64.0
18.27,1625449482.0,64.0
18.86,1625449482.0,64.0
19.73,1625449482.0,64.0
20.65,1625449482.0,64.0
21.26,1625449482.0,64.0
21.27,1625449482.0,64.0
20.61,1625449482.0,64.0
19.37,1625449482.0,64.0
17.7,1625449482.0,64.0
15.76,1625449482.0,64.0
13.62,1625449482.0,64.0
11.37,1625449482.0,64.0
9.1,1625449482.0,64.0
7.03,1625449482.0,64.0
5.36,1625449482.0,64.0
4.16,1625449482.0,64.0
3.3,1625449482.0,64.0
2.46,1625449482.0,64.0
1.23,1625449482.0,64.0
-0.63,1625449482.0,64.0
-3.1,1625449482.0,64.0
-5.91,1625449482.0,64.0
-8.73,1625449482.0,64.0
-11.37,1625449482.0,64.0
-13.88,1625449482.0,64.0
-16.44,1625449482.0,64.0
-19.16,1625449482.0,64.0
-21.96,1625449482.0,64.0
-24.52,1625449482.0,64.0
-26.44,1625449482.0,64.0
-27.38,1625449482.0,64.0
-27.19,1625449482.0,64.0
-25.86,1625449482.0,64.0
-23.48,1625449482.0,64.0
-20.14,1625449482.0,64.0
-16.03,1625449482.0,64.0
-11.49,1625449482.0,64.0
-6.97,1625449482.0,64.0
-2.91,1625449482.0,64.0
0.46,1625449482.0,64.0
3.22,1625449482.0,64.0
5.68,1625449482.0,64.0
8.21,1625449482.0,64.0
10.98,1625449482.0,64.0
13.94,1625449482.0,64.0
16.78,1625449482.0,64.0
19.18,1625449482.0,64.0
20.93,1625449482.0,64.0
21.99,1625449482.0,64.0
22.45,1625449482.0,64.0
22.4,1625449482.0,64.0
21.95,1625449482.0,64.0
21.16,1625449482.0,64.0
20.08,1625449482.0,64.0
18.77,1625449482.0,64.0
17.32,1625449482.0,64.0
15.76,1625449482.0,64.0
14.12,1625449482.0,64.0
12.31,1625449482.0,64.0
10.22,1625449482.0,64.0
7.8,1625449482.0,64.0
5.04,1625449482.0,64.0
2.11,1625449482.0,64.0
-0.72,1625449482.0,64.0
-3.11,1625449482.0,64.0
-4.8,1625449482.0,64.0
-5.65,1625449482.0,64.0
-5.69,1625449482.0,64.0
-5.15,1625449482.0,64.0
-4.35,1625449482.0,64.0
-3.72,1625449482.0,64.0
-3.69,1625449482.0,64.0
-4.58,1625449482.0,64.0
-6.58,1625449482.0,64.0
-9.6,1625449482.0,64.0
-13.36,1625449482.0,64.0
-17.42,1625449482.0,64.0
-21.27,1625449482.0,64.0
-24.4,1625449482.0,64.0
-26.37,1625449482.0,64.0
-26.78,1625449482.0,64.0
-25.34,1625449482.0,64.0
-21.99,1625449482.0,64.0
-16.94,1625449482.0,64.0
-10.7,1625449482.0,64.0
-3.94,1625449482.0,64.0
2.63,1625449482.0,64.0
8.45,1625449482.0,64.0
13.16,1625449482.0,64.0
16.57,1625449482.0,64.0
18.63,1625449482.0,64.0
19.38,1625449482.0,64.0
18.97,1625449482.0,64.0
17.7,1625449482.0,64.0
15.97,1625449482.0,64.0
14.2,1625449482.0,64.0
12.74,1625449482.0,64.0
11.78,1625449482.0,64.0
11.34,1625449482.0,64.0
11.34,1625449482.0,64.0
11.65,1625449482.0,64.0
12.16,1625449482.0,64.0
12.76,1625449482.0,64.0
13.32,1625449482.0,64.0
13.64,1625449482.0,64.0
13.52,1625449482.0,64.0
12.86,1625449482.0,64.0
11.66,1625449482.0,64.0
10.06,1625449482.0,64.0
8.23,1625449482.0,64.0
6.26,1625449482.0,64.0
4.17,1625449482.0,64.0
1.95,1625449482.0,64.0
-0.39,1625449482.0,64.0
-2.71,1625449482.0,64.0
-4.82,1625449482.0,64.0
-6.6,1625449482.0,64.0
-8.06,1625449482.0,64.0
-9.39,1625449482.0,64.0
-10.79,1625449482.0,64.0
-12.37,1625449482.0,64.0
-14.1,1625449482.0,64.0
-15.83,1625449482.0,64.0
-17.41,1625449482.0,64.0
-18.8,1625449482.0,64.0
-20.0,1625449482.0,64.0
-20.95,1625449482.0,64.0
-21.42,1625449482.0,64.0
-21.04,1625449482.0,64.0
-19.45,1625449482.0,64.0
-16.48,1625449482.0,64.0
-12.31,1625449482.0,64.0
-7.41,1625449482.0,64.0
-2.34,1625449482.0,64.0
2.42,1625449482.0,64.0
6.57,1625449482.0,64.0
10.03,1625449482.0,64.0
12.72,1625449482.0,64.0
14.61,1625449482.0,64.0
15.62,1625449482.0,64.0
15.82,1625449482.0,64.0
15.43,1625449482.0,64.0
14.86,1625449482.0,64.0
14.52,1625449482.0,64.0
14.66,1625449482.0,64.0
15.24,1625449482.0,64.0
15.92,1625449482.0,64.0
16.29,1625449482.0,64.0
16.03,1625449482.0,64.0
15.04,1625449482.0,64.0
13.47,1625449482.0,64.0
11.57,1625449482.0,64.0
9.6,1625449482.0,64.0
7.67,1625449482.0,64.0
5.82,1625449482.0,64.0
4.04,1625449482.0,64.0
2.34,1625449482.0,64.0
0.78,1625449482.0,64.0
-0.61,1625449482.0,64.0
-1.81,1625449482.0,64.0
-2.83,1625449482.0,64.0
-3.71,1625449482.0,64.0
-4.55,1625449482.0,64.0
-5.42,1625449482.0,64.0
-6.46,1625449482.0,64.0
-7.77,1625449482.0,64.0
-9.43,1625449482.0,64.0
-11.43,1625449482.0,64.0
-13.66,1625449482.0,64.0
-15.99,1625449482.0,64.0
-18.26,1625449482.0,64.0
-20.36,1625449482.0,64.0
-22.09,1625449482.0,64.0
-23.19,1625449482.0,64.0
-23.31,1625449482.0,64.0
-22.15,1625449482.0,64.0
-19.58,1625449482.0,64.0
-15.75,1625449482.0,64.0
-11.05,1625449482.0,64.0
-5.96,1625449482.0,64.0
-0.89,1625449482.0,64.0
3.92,1625449482.0,64.0
8.31,1625449482.0,64.0
12.12,1625449482.0,64.0
15.13,1625449482.0,64.0
17.12,1625449482.0,64.0
17.99,1625449482.0,64.0
17.86,1625449482.0,64.0
17.07,1625449482.0,64.0
16.05,1625449482.0,64.0
15.11,1625449482.0,64.0
14.37,1625449482.0,64.0
13.75,1625449482.0,64.0
13.1,1625449482.0,64.0
12.31,1625449482.0,64.0
11.39,1625449482.0,64.0
10.38,1625449482.0,64.0
9.34,1625449482.0,64.0
8.29,1625449482.0,64.0
7.19,1625449482.0,64.0
6.02,1625449482.0,64.0
4.82,1625449482.0,64.0
3.63,1625449482.0,64.0
2.5,1625449482.0,64.0
1.41,1625449482.0,64.0
0.25,1625449482.0,64.0
-1.09,1625449482.0,64.0
-2.69,1625449482.0,64.0
-4.5,1625449482.0,64.0
-6.34,1625449482.0,64.0
-8.03,1625449482.0,64.0
-9.45,1625449482.0,64.0
-10.67,1625449482.0,64.0
-11.85,1625449482.0,64.0
-13.15,1625449482.0,64.0
-14.61,1625449482.0,64.0
-16.13,1625449482.0,64.0
-17.55,1625449482.0,64.0
-18.75,1625449482.0,64.0
-19.71,1625449482.0,64.0
-20.43,1625449482.0,64.0
-20.82,1625449482.0,64.0
-20.65,1625449482.0,64.0
-19.58,1625449482.0,64.0
-17.33,1625449482.0,64.0
-13.84,1625449482.0,64.0
-9.37,1625449482.0,64.0
-4.4,1625449482.0,64.0
0.51,1625449482.0,64.0
4.92,1625449482.0,64.0
8.56,1625449482.0,64.0
11.35,1625449482.0,64.0
13.3,1625449482.0,64.0
14.45,1625449482.0,64.0
14.91,1625449482.0,64.0
14.84,1625449482.0,64.0
14.46,1625449482.0,64.0
14.06,1625449482.0,64.0
13.84,1625449482.0,64.0
13.89,1625449482.0,64.0
14.13,1625449482.0,64.0
14.33,1625449482.0,64.0
14.21,1625449482.0,64.0
13.6,1625449482.0,64.0
12.49,1625449482.0,64.0
11.01,1625449482.0,64.0
9.39,1625449482.0,64.0
7.84,1625449482.0,64.0
6.45,1625449482.0,64.0
5.19,1625449482.0,64.0
3.97,1625449482.0,64.0
2.67,1625449482.0,64.0
1.25,1625449482.0,64.0
-0.28,1625449482.0,64.0
-1.84,1625449482.0,64.0
-3.3,1625449482.0,64.0
-4.53,1625449482.0,64.0
-5.43,1625449482.0,64.0
-6.02,1625449482.0,64.0
-6.48,1625449482.0,64.0
-7.07,1625449482.0,64.0
-8.08,1625449482.0,64.0
-9.65,1625449482.0,64.0
-11.74,1625449482.0,64.0
-14.13,1625449482.0,64.0
-16.57,1625449482.0,64.0
-18.89,1625449482.0,64.0
-21.0,1625449482.0,64.0
-22.81,1625449482.0,64.0
-24.13,1625449482.0,64.0
-24.58,1625449482.0,64.0
-23.8,1625449482.0,64.0
-21.58,1625449482.0,64.0
-18.03,1625449482.0,64.0
-13.58,1625449482.0,64.0
-8.78,1625449482.0,64.0
-4.02,1625449482.0,64.0
0.51,1625449482.0,64.0
4.79,1625449482.0,64.0
8.78,1625449482.0,64.0
12.27,1625449482.0,64.0
14.96,1625449482.0,64.0
16.6,1625449482.0,64.0
17.22,1625449482.0,64.0
17.15,1625449482.0,64.0
16.86,1625449482.0,64.0
16.73,1625449482.0,64.0
16.83,1625449482.0,64.0
16.97,1625449482.0,64.0
16.84,1625449482.0,64.0
16.25,1625449482.0,64.0
15.19,1625449482.0,64.0
13.8,1625449482.0,64.0
12.26,1625449482.0,64.0
10.69,1625449482.0,64.0
9.12,1625449482.0,64.0
7.59,1625449482.0,64.0
6.14,1625449482.0,64.0
4.83,1625449482.0,64.0
3.65,1625449482.0,64.0
2.56,1625449482.0,64.0
1.43,1625449482.0,64.0
0.18,1625449482.0,64.0
-1.19,1625449482.0,64.0
-2.59,1625449482.0,64.0
-3.91,1625449482.0,64.0
-5.1,1625449482.0,64.0
-6.23,1625449482.0,64.0
-7.44,1625449482.0,64.0
-8.88,1625449482.0,64.0
-10.57,1625449482.0,64.0
-12.41,1625449482.0,64.0
-14.26,1625449482.0,64.0
-16.01,1625449482.0,64.0
-17.63,1625449482.0,64.0
-19.12,1625449482.0,64.0
-20.4,1625449482.0,64.0
-21.22,1625449482.0,64.0
-21.18,1625449482.0,64.0
-19.93,1625449482.0,64.0
-17.32,1625449482.0,64.0
-13.57,1625449482.0,64.0
-9.2,1625449482.0,64.0
-4.8,1625449482.0,64.0
-0.82,1625449482.0,64.0
2.6,1625449482.0,64.0
5.54,1625449482.0,64.0
8.15,1625449482.0,64.0
10.44,1625449482.0,64.0
12.26,1625449482.0,64.0
13.38,1625449482.0,64.0
13.7,1625449482.0,64.0
13.31,1625449482.0,64.0
12.55,1625449482.0,64.0
11.81,1625449482.0,64.0
11.36,1625449482.0,64.0
11.25,1625449482.0,64.0
11.34,1625449482.0,64.0
11.38,1625449482.0,64.0
11.2,1625449482.0,64.0
10.72,1625449482.0,64.0
9.99,1625449482.0,64.0
9.11,1625449482.0,64.0
8.1,1625449482.0,64.0
6.93,1625449482.0,64.0
5.57,1625449482.0,64.0
3.99,1625449482.0,64.0
2.25,1625449482.0,64.0
0.49,1625449482.0,64.0
-1.16,1625449482.0,64.0
-2.58,1625449482.0,64.0
-3.73,1625449482.0,64.0
-4.67,1625449482.0,64.0
-5.51,1625449482.0,64.0
-6.4,1625449482.0,64.0
-7.49,1625449482.0,64.0
-8.84,1625449482.0,64.0
-10.4,1625449482.0,64.0
-12.03,1625449482.0,64.0
-13.56,1625449482.0,64.0
-14.92,1625449482.0,64.0
-16.14,1625449482.0,64.0
-17.36,1625449482.0,64.0
-18.66,1625449482.0,64.0
-19.93,1625449482.0,64.0
-20.84,1625449482.0,64.0
-20.89,1625449482.0,64.0
-19.68,1625449482.0,64.0
-17.1,1625449482.0,64.0
-13.36,1625449482.0,64.0
-8.9,1625449482.0,64.0
-4.19,1625449482.0,64.0
0.43,1625449482.0,64.0
4.74,1625449482.0,64.0
8.57,1625449482.0,64.0
11.69,1625449482.0,64.0
13.85,1625449482.0,64.0
14.87,1625449482.0,64.0
14.79,1625449482.0,64.0
13.92,1625449482.0,64.0
12.78,1625449482.0,64.0
11.88,1625449482.0,64.0
11.51,1625449482.0,64.0
11.71,1625449482.0,64.0
12.2,1625449482.0,64.0
12.58,1625449482.0,64.0
12.5,1625449482.0,64.0
11.79,1625449482.0,64.0
10.5,1625449482.0,64.0
8.85,1625449482.0,64.0
7.14,1625449482.0,64.0
5.57,1625449482.0,64.0
4.17,1625449482.0,64.0
2.86,1625449482.0,64.0
1.45,1625449482.0,64.0
-0.14,1625449482.0,64.0
-1.9,1625449482.0,64.0
-3.68,1625449482.0,64.0
-5.33,1625449482.0,64.0
-6.76,1625449482.0,64.0
-8.03,1625449482.0,64.0
-9.26,1625449482.0,64.0
-10.61,1625449482.0,64.0
-12.16,1625449482.0,64.0
-13.87,1625449482.0,64.0
-15.67,1625449482.0,64.0
-17.51,1625449482.0,64.0
-19.38,1625449482.0,64.0
-21.27,1625449482.0,64.0
-23.07,1625449482.0,64.0
-24.51,1625449482.0,64.0
-25.17,1625449482.0,64.0
-24.63,1625449482.0,64.0
-22.64,1625449482.0,64.0
-19.21,1625449482.0,64.0
-14.68,1625449482.0,64.0
-9.57,1625449482.0,64.0
-4.39,1625449482.0,64.0
0.45,1625449482.0,64.0
4.79,1625449482.0,64.0
8.55,1625449482.0,64.0
11.73,1625449482.0,64.0
14.28,1625449482.0,64.0
16.13,1625449482.0,64.0
17.24,1625449482.0,64.0
17.7,1625449482.0,64.0
17.71,1625449482.0,64.0
17.55,1625449482.0,64.0
17.48,1625449482.0,64.0
17.59,1625449482.0,64.0
17.84,1625449482.0,64.0
18.01,1625449482.0,64.0
17.85,1625449482.0,64.0
17.19,1625449482.0,64.0
16.0,1625449482.0,64.0
14.42,1625449482.0,64.0
12.73,1625449482.0,64.0
11.17,1625449482.0,64.0
9.92,1625449482.0,64.0
8.95,1625449482.0,64.0
8.08,1625449482.0,64.0
7.0,1625449482.0,64.0
5.46,1625449482.0,64.0
3.36,1625449482.0,64.0
0.86,1625449482.0,64.0
-1.74,1625449482.0,64.0
-4.09,1625449482.0,64.0
-5.94,1625449482.0,64.0
-7.28,1625449482.0,64.0
-8.34,1625449482.0,64.0
-9.42,1625449482.0,64.0
-10.83,1625449482.0,64.0
-12.75,1625449482.0,64.0
-15.18,1625449482.0,64.0
-18.0,1625449482.0,64.0
-21.0,1625449482.0,64.0
-23.89,1625449482.0,64.0
-26.31,1625449482.0,64.0
-27.82,1625449482.0,64.0
-27.97,1625449482.0,64.0
-26.44,1625449482.0,64.0
-23.25,1625449482.0,64.0
-18.76,1625449482.0,64.0
-13.62,1625449482.0,64.0
-8.53,1625449482.0,64.0
-3.92,1625449482.0,64.0
0.11,1625449482.0,64.0
3.79,1625449482.0,64.0
7.38,1625449482.0,64.0
11.0,1625449482.0,64.0
14.44,1625449482.0,64.0
17.36,1625449482.0,64.0
19.41,1625449482.0,64.0
20.45,1625449482.0,64.0
20.61,1625449482.0,64.0
20.2,1625449482.0,64.0
19.63,1625449482.0,64.0
19.19,1625449482.0,64.0
19.08,1625449482.0,64.0
19.29,1625449482.0,64.0
19.69,1625449482.0,64.0
20.02,1625449482.0,64.0
19.97,1625449482.0,64.0
19.33,1625449482.0,64.0
18.04,1625449482.0,64.0
16.27,1625449482.0,64.0
14.31,1625449482.0,64.0
12.49,1625449482.0,64.0
11.0,1625449482.0,64.0
9.81,1625449482.0,64.0
8.7,1625449482.0,64.0
7.34,1625449482.0,64.0
5.52,1625449482.0,64.0
3.23,1625449482.0,64.0
0.69,1625449482.0,64.0
-1.73,1625449482.0,64.0
-3.71,1625449482.0,64.0
-5.13,1625449482.0,64.0
-6.06,1625449482.0,64.0
-6.79,1625449482.0,64.0
-7.65,1625449482.0,64.0
-8.83,1625449482.0,64.0
-10.41,1625449482.0,64.0
-12.38,1625449482.0,64.0
-14.68,1625449482.0,64.0
-17.34,1625449482.0,64.0
-20.35,1625449482.0,64.0
-23.57,1625449482.0,64.0
-26.67,1625449482.0,64.0
-29.1,1625449482.0,64.0
-30.31,1625449482.0,64.0
-29.95,1625449482.0,64.0
-28.0,1625449482.0,64.0
-24.75,1625449482.0,64.0
-20.68,1625449482.0,64.0
-16.18,1625449482.0,64.0
-11.48,1625449482.0,64.0
-6.64,1625449482.0,64.0
-1.7,1625449482.0,64.0
3.17,1625449482.0,64.0
7.65,1625449482.0,64.0
11.35,1625449482.0,64.0
13.98,1625449482.0,64.0
15.51,1625449482.0,64.0
16.15,1625449482.0,64.0
16.21,1625449482.0,64.0
15.97,1625449482.0,64.0
15.57,1625449482.0,64.0
14.99,1625449482.0,64.0
14.2,1625449482.0,64.0
13.21,1625449482.0,64.0
12.18,1625449482.0,64.0
11.3,1625449482.0,64.0
10.77,1625449482.0,64.0
10.67,1625449482.0,64.0
10.88,1625449482.0,64.0
11.14,1625449482.0,64.0
11.11,1625449482.0,64.0
10.51,1625449482.0,64.0
9.26,1625449482.0,64.0
7.52,1625449482.0,64.0
5.68,1625449482.0,64.0
4.15,1625449482.0,64.0
3.21,1625449482.0,64.0
2.77,1625449482.0,64.0
2.39,1625449482.0,64.0
1.51,1625449482.0,64.0
-0.3,1625449482.0,64.0
-3.06,1625449482.0,64.0
-6.34,1625449482.0,64.0
-9.49,1625449482.0,64.0
-11.98,1625449482.0,64.0
-13.7,1625449482.0,64.0
-14.99,1625449482.0,64.0
-16.5,1625449482.0,64.0
-18.87,1625449482.0,64.0
-22.54,1625449482.0,64.0
-27.56,1625449482.0,64.0
-33.67,1625449482.0,64.0
-40.28,1625449482.0,64.0
-46.61,1625449482.0,64.0
-51.75,1625449482.0,64.0
-54.84,1625449482.0,64.0
-55.24,1625449482.0,64.0
-52.76,1625449482.0,64.0
-47.62,1625449482.0,64.0
-40.36,1625449482.0,64.0
-31.55,1625449482.0,64.0
-21.65,1625449482.0,64.0
-11.01,1625449482.0,64.0
-0.03,1625449482.0,64.0
10.67,1625449482.0,64.0
20.31,1625449482.0,64.0
28.22,1625449482.0,64.0
34.17,1625449482.0,64.0
38.57,1625449482.0,64.0
42.29,1625449482.0,64.0
46.18,1625449482.0,64.0
50.7,1625449482.0,64.0
55.6,1625449482.0,64.0
60.08,1625449482.0,64.0
63.18,1625449482.0,64.0
64.12,1625449482.0,64.0
62.57,1625449482.0,64.0
58.66,1625449482.0,64.0
52.85,1625449482.0,64.0
45.7,1625449482.0,64.0
37.78,1625449482.0,64.0
29.59,1625449482.0,64.0
21.55,1625449482.0,64.0
14.03,1625449482.0,64.0
7.31,1625449482.0,64.0
1.59,1625449482.0,64.0
-3.06,1625449482.0,64.0
-6.71,1625449482.0,64.0
-9.51,1625449482.0,64.0
-11.67,1625449482.0,64.0
-13.32,1625449482.0,64.0
-14.51,1625449482.0,64.0
-15.26,1625449482.0,64.0
-15.69,1625449482.0,64.0
-16.09,1625449482.0,64.0
-16.93,1625449482.0,64.0
-18.7,1625449482.0,64.0
-21.65,1625449482.0,64.0
-25.66,1625449482.0,64.0
-30.23,1625449482.0,64.0
-34.67,1625449482.0,64.0
-38.4,1625449482.0,64.0
-41.11,1625449482.0,64.0
-42.71,1625449482.0,64.0
-43.27,1625449482.0,64.0
-42.78,1625449482.0,64.0
-41.15,1625449482.0,64.0
-38.29,1625449482.0,64.0
-34.23,1625449482.0,64.0
-29.15,1625449482.0,64.0
-23.36,1625449482.0,64.0
-17.18,1625449482.0,64.0
-10.91,1625449482.0,64.0
-4.79,1625449482.0,64.0
0.93,1625449482.0,64.0
5.95,1625449482.0,64.0
9.95,1625449482.0,64.0
12.7,1625449482.0,64.0
14.2,1625449482.0,64.0
14.69,1625449482.0,64.0
14.66,1625449482.0,64.0
14.62,1625449482.0,64.0
14.9,1625449482.0,64.0
15.57,1625449482.0,64.0
16.44,1625449482.0,64.0
17.27,1625449482.0,64.0
17.79,1625449482.0,64.0
17.89,1625449482.0,64.0
17.5,1625449482.0,64.0
16.64,1625449482.0,64.0
15.39,1625449482.0,64.0
13.88,1625449482.0,64.0
12.3,1625449482.0,64.0
10.87,1625449482.0,64.0
9.77,1625449482.0,64.0
8.96,1625449482.0,64.0
8.23,1625449482.0,64.0
7.22,1625449482.0,64.0
5.66,1625449482.0,64.0
3.45,1625449482.0,64.0
0.83,1625449482.0,64.0
-1.75,1625449482.0,64.0
-3.79,1625449482.0,64.0
-4.97,1625449482.0,64.0
-5.25,1625449482.0,64.0
-4.93,1625449482.0,64.0
-4.53,1625449482.0,64.0
-4.5,1625449482.0,64.0
-5.05,1625449482.0,64.0
-6.05,1625449482.0,64.0
-7.0,1625449482.0,64.0
-7.32,1625449482.0,64.0
-6.53,1625449482.0,64.0
-4.43,1625449482.0,64.0
-1.17,1625449482.0,64.0
2.81,1625449482.0,64.0
7.03,1625449482.0,64.0
11.03,1625449482.0,64.0
14.43,1625449482.0,64.0
17.03,1625449482.0,64.0
18.67,1625449482.0,64.0
19.22,1625449482.0,64.0
18.62,1625449482.0,64.0
16.8,1625449482.0,64.0
13.76,1625449482.0,64.0
9.56,1625449482.0,64.0
4.34,1625449482.0,64.0
-1.62,1625449482.0,64.0
-7.92,1625449482.0,64.0
-14.1,1625449482.0,64.0
-19.69,1625449482.0,64.0
-24.29,1625449482.0,64.0
-27.58,1625449482.0,64.0
-29.36,1625449482.0,64.0
-29.55,1625449482.0,64.0
-28.31,1625449482.0,64.0
-26.05,1625449482.0,64.0
-23.34,1625449482.0,64.0
-20.82,1625449482.0,64.0
-18.97,1625449482.0,64.0
-17.96,1625449482.0,64.0
-17.67,1625449482.0,64.0
-17.79,1625449482.0,64.0
-17.99,1625449482.0,64.0
-18.12,1625449482.0,64.0
-18.13,1625449482.0,64.0
-18.06,1625449482.0,64.0
-18.02,1625449482.0,64.0
-18.12,1625449482.0,64.0
-18.57,1625449482.0,64.0
-19.64,1625449482.0,64.0
-21.48,1625449482.0,64.0
-23.97,1625449482.0,64.0
-26.61,1625449482.0,64.0
-28.59,1625449482.0,64.0
-29.1,1625449482.0,64.0
-27.65,1625449482.0,64.0
-24.28,1625449482.0,64.0
-19.52,1625449482.0,64.0
-14.08,1625449482.0,64.0
-8.6,1625449482.0,64.0
-3.44,1625449482.0,64.0
1.32,1625449482.0,64.0
5.71,1625449482.0,64.0
9.73,1625449482.0,64.0
13.26,1625449482.0,64.0
16.12,1625449482.0,64.0
18.22,1625449482.0,64.0
19.6,1625449482.0,64.0
20.43,1625449482.0,64.0
20.9,1625449482.0,64.0
21.17,1625449482.0,64.0
21.33,1625449482.0,64.0
21.41,1625449482.0,64.0
21.4,1625449482.0,64.0
21.39,1625449482.0,64.0
21.46,1625449482.0,64.0
21.69,1625449482.0,64.0
22.06,1625449482.0,64.0
22.4,1625449482.0,64.0
22.33,1625449482.0,64.0
21.45,1625449482.0,64.0
19.49,1625449482.0,64.0
16.45,1625449482.0,64.0
12.69,1625449482.0,64.0
8.88,1625449482.0,64.0
5.77,1625449482.0,64.0
3.86,1625449482.0,64.0
3.26,1625449482.0,64.0
3.59,1625449482.0,64.0
4.11,1625449482.0,64.0
4.04,1625449482.0,64.0
2.79,1625449482.0,64.0
0.16,1625449482.0,64.0
-3.63,1625449482.0,64.0
-8.12,1625449482.0,64.0
-12.69,1625449482.0,64.0
-16.74,1625449482.0,64.0
-19.83,1625449482.0,64.0
-21.67,1625449482.0,64.0
-22.18,1625449482.0,64.0
-21.42,1625449482.0,64.0
-19.54,1625449482.0,64.0
-16.73,1625449482.0,64.0
-13.1,1625449482.0,64.0
-8.72,1625449482.0,64.0
-3.67,1625449482.0,64.0
1.86,1625449482.0,64.0
7.51,1625449482.0,64.0
12.82,1625449482.0,64.0
17.28,1625449482.0,64.0
20.64,1625449482.0,64.0
22.89,1625449482.0,64.0
24.24,1625449482.0,64.0
24.92,1625449482.0,64.0
24.97,1625449482.0,64.0
24.19,1625449482.0,64.0
22.26,1625449482.0,64.0
18.93,1625449482.0,64.0
14.19,1625449482.0,64.0
8.39,1625449482.0,64.0
2.06,1625449482.0,64.0
-4.21,1625449482.0,64.0
-9.94,1625449482.0,64.0
-14.86,1625449482.0,64.0
-18.82,1625449482.0,64.0
-21.76,1625449482.0,64.0
-23.69,1625449482.0,64.0
-24.64,1625449482.0,64.0
-24.76,1625449482.0,64.0
-24.24,1625449482.0,64.0
-23.34,1625449482.0,64.0
-22.35,1625449482.0,64.0
-21.52,1625449482.0,64.0
-21.01,1625449482.0,64.0
-20.91,1625449482.0,64.0
-21.24,1625449482.0,64.0
-21.95,1625449482.0,64.0
-22.94,1625449482.0,64.0
-24.02,1625449482.0,64.0
-24.86,1625449482.0,64.0
-25.03,1625449482.0,64.0
-24.09,1625449482.0,64.0
-21.7,1625449482.0,64.0
-17.79,1625449482.0,64.0
-12.64,1625449482.0,64.0
-6.79,1625449482.0,64.0
-0.89,1625449482.0,64.0
4.56,1625449482.0,64.0
9.25,1625449482.0,64.0
13.08,1625449482.0,64.0
16.03,1625449482.0,64.0
18.08,1625449482.0,64.0
19.13,1625449482.0,64.0
19.22,1625449482.0,64.0
18.56,1625449482.0,64.0
17.6,1625449482.0,64.0
16.83,1625449482.0,64.0
16.61,1625449482.0,64.0
16.98,1625449482.0,64.0
17.66,1625449482.0,64.0
18.23,1625449482.0,64.0
18.3,1625449482.0,64.0
17.76,1625449482.0,64.0
16.78,1625449482.0,64.0
15.73,1625449482.0,64.0
14.96,1625449482.0,64.0
14.64,1625449482.0,64.0
14.7,1625449482.0,64.0
14.88,1625449482.0,64.0
14.83,1625449482.0,64.0
14.33,1625449482.0,64.0
13.3,1625449482.0,64.0
11.83,1625449482.0,64.0
10.07,1625449482.0,64.0
8.13,1625449482.0,64.0
6.04,1625449482.0,64.0
3.75,1625449482.0,64.0
1.19,1625449482.0,64.0
-1.64,1625449482.0,64.0
-4.66,1625449482.0,64.0
-7.72,1625449482.0,64.0
-10.65,1625449482.0,64.0
-13.26,1625449482.0,64.0
-15.34,1625449482.0,64.0
-16.65,1625449482.0,64.0
-16.95,1625449482.0,64.0
-16.11,1625449482.0,64.0
-14.12,1625449482.0,64.0
-11.21,1625449482.0,64.0
-7.74,1625449482.0,64.0
-4.16,1625449482.0,64.0
-0.9,1625449482.0,64.0
1.68,1625449482.0,64.0
3.36,1625449482.0,64.0
4.04,1625449482.0,64.0
3.83,1625449482.0,64.0
2.97,1625449482.0,64.0
1.87,1625449482.0,64.0
0.92,1625449482.0,64.0
0.41,1625449482.0,64.0
0.37,1625449482.0,64.0
0.62,1625449482.0,64.0
0.84,1625449482.0,64.0
0.74,1625449482.0,64.0
0.16,1625449482.0,64.0
-0.86,1625449482.0,64.0
-2.13,1625449482.0,64.0
-3.42,1625449482.0,64.0
-4.52,1625449482.0,64.0
-5.24,1625449482.0,64.0
-5.45,1625449482.0,64.0
-5.06,1625449482.0,64.0
-4.07,1625449482.0,64.0
-2.59,1625449482.0,64.0
-0.87,1625449482.0,64.0
0.82,1625449482.0,64.0
2.2,1625449482.0,64.0
3.07,1625449482.0,64.0
3.32,1625449482.0,64.0
2.9,1625449482.0,64.0
1.79,1625449482.0,64.0
-0.08,1625449482.0,64.0
-2.7,1625449482.0,64.0
-5.89,1625449482.0,64.0
-9.29,1625449482.0,64.0
-12.35,1625449482.0,64.0
-14.47,1625449482.0,64.0
-15.18,1625449482.0,64.0
-14.31,1625449482.0,64.0
-12.1,1625449482.0,64.0
-9.04,1625449482.0,64.0
-5.74,1625449482.0,64.0
-2.67,1625449482.0,64.0
-0.06,1625449482.0,64.0
2.09,1625449482.0,64.0
3.86,1625449482.0,64.0
5.27,1625449482.0,64.0
6.22,1625449482.0,64.0
6.61,1625449482.0,64.0
6.51,1625449482.0,64.0
6.17,1625449482.0,64.0
5.99,1625449482.0,64.0
6.3,1625449482.0,64.0
7.15,1625449482.0,64.0
8.26,1625449482.0,64.0
9.1,1625449482.0,64.0
9.16,1625449482.0,64.0
8.16,1625449482.0,64.0
6.15,1625449482.0,64.0
3.41,1625449482.0,64.0
0.33,1625449482.0,64.0
-2.69,1625449482.0,64.0
-5.34,1625449482.0,64.0
-7.46,1625449482.0,64.0
-8.94,1625449482.0,64.0
-9.78,1625449482.0,64.0
-10.04,1625449482.0,64.0
-9.85,1625449482.0,64.0
-9.41,1625449482.0,64.0
-9.02,1625449482.0,64.0
-8.99,1625449482.0,64.0
-9.64,1625449482.0,64.0
-11.13,1625449482.0,64.0
-13.45,1625449482.0,64.0
-16.33,1625449482.0,64.0
-19.28,1625449482.0,64.0
-21.72,1625449482.0,64.0
-23.11,1625449482.0,64.0
-23.11,1625449482.0,64.0
-21.63,1625449482.0,64.0
-18.8,1625449482.0,64.0
-14.85,1625449482.0,64.0
-10.03,1625449482.0,64.0
-4.54,1625449482.0,64.0
1.44,1625449482.0,64.0
7.67,1625449482.0,64.0
13.78,1625449482.0,64.0
19.27,1625449482.0,64.0
23.54,1625449482.0,64.0
26.07,1625449482.0,64.0
26.6,1625449482.0,64.0
25.29,1625449482.0,64.0
22.64,1625449482.0,64.0
19.44,1625449482.0,64.0
16.4,1625449482.0,64.0
14.02,1625449482.0,64.0
12.4,1625449482.0,64.0
11.3,1625449482.0,64.0
10.32,1625449482.0,64.0
9.09,1625449482.0,64.0
7.45,1625449482.0,64.0
5.47,1625449482.0,64.0
3.36,1625449482.0,64.0
1.31,1625449482.0,64.0
-0.58,1625449482.0,64.0
-2.37,1625449482.0,64.0
-4.15,1625449482.0,64.0
-6.0,1625449482.0,64.0
-7.88,1625449482.0,64.0
-9.66,1625449482.0,64.0
-11.2,1625449482.0,64.0
-12.46,1625449482.0,64.0
-13.54,1625449482.0,64.0
-14.71,1625449482.0,64.0
-16.26,1625449482.0,64.0
-18.36,1625449482.0,64.0
-21.01,1625449482.0,64.0
-23.89,1625449482.0,64.0
-26.53,1625449482.0,64.0
-28.33,1625449482.0,64.0
-28.83,1625449482.0,64.0
-27.7,1625449482.0,64.0
-24.87,1625449482.0,64.0
-20.44,1625449482.0,64.0
-14.74,1625449482.0,64.0
-8.24,1625449482.0,64.0
-1.53,1625449482.0,64.0
4.75,1625449482.0,64.0
10.12,1625449482.0,64.0
14.24,1625449482.0,64.0
17.04,1625449482.0,64.0
18.65,1625449482.0,64.0
19.28,1625449482.0,64.0
19.19,1625449482.0,64.0
18.58,1625449482.0,64.0
17.67,1625449482.0,64.0
16.68,1625449482.0,64.0
15.91,1625449482.0,64.0
15.56,1625449482.0,64.0
15.7,1625449482.0,64.0
16.22,1625449482.0,64.0
16.81,1625449482.0,64.0
17.13,1625449482.0,64.0
16.91,1625449482.0,64.0
15.99,1625449482.0,64.0
14.38,1625449482.0,64.0
12.24,1625449482.0,64.0
9.79,1625449482.0,64.0
7.31,1625449482.0,64.0
5.03,1625449482.0,64.0
3.12,1625449482.0,64.0
1.61,1625449482.0,64.0
0.39,1625449482.0,64.0
-0.73,1625449482.0,64.0
-2.01,1625449482.0,64.0
-3.66,1625449482.0,64.0
-5.77,1625449482.0,64.0
-8.34,1625449482.0,64.0
-11.26,1625449482.0,64.0
-14.43,1625449482.0,64.0
-17.7,1625449482.0,64.0
-20.91,1625449482.0,64.0
-23.82,1625449482.0,64.0
-26.05,1625449482.0,64.0
-27.22,1625449482.0,64.0
-26.97,1625449482.0,64.0
-25.2,1625449482.0,64.0
-22.09,1625449482.0,64.0
-18.07,1625449482.0,64.0
-13.64,1625449482.0,64.0
-9.22,1625449482.0,64.0
-4.98,1625449482.0,64.0
-0.88,1625449482.0,64.0
3.19,1625449482.0,64.0
7.23,1625449482.0,64.0
11.13,1625449482.0,64.0
14.69,1625449482.0,64.0
17.78,1625449482.0,64.0
20.44,1625449482.0,64.0
22.82,1625449482.0,64.0
25.02,1625449482.0,64.0
26.99,1625449482.0,64.0
28.43,1625449482.0,64.0
28.95,1625449482.0,64.0
28.26,1625449482.0,64.0
26.37,1625449482.0,64.0
23.65,1625449482.0,64.0
20.66,1625449482.0,64.0
17.93,1625449482.0,64.0
15.74,1625449482.0,64.0
14.02,1625449482.0,64.0
12.44,1625449482.0,64.0
10.66,1625449482.0,64.0
8.45,1625449482.0,64.0
5.83,1625449482.0,64.0
3.01,1625449482.0,64.0
0.24,1625449482.0,64.0
-2.29,1625449482.0,64.0
-4.52,1625449482.0,64.0
-6.53,1625449482.0,64.0
-8.42,1625449482.0,64.0
-10.27,1625449482.0,64.0
-12.08,1625449482.0,64.0
-13.86,1625449482.0,64.0
-15.65,1625449482.0,64.0
-17.46,1625449482.0,64.0
-19.31,1625449482.0,64.0
-21.04,1625449482.0,64.0
-22.33,1625449482.0,64.0
-22.79,1625449482.0,64.0
-22.05,1625449482.0,64.0
-20.0,1625449482.0,64.0
-16.79,1625449482.0,64.0
-12.81,1625449482.0,64.0
-8.52,1625449482.0,64.0
-4.28,1625449482.0,64.0
-0.34,1625449482.0,64.0
3.18,1625449482.0,64.0
6.13,1625449482.0,64.0
8.35,1625449482.0,64.0
9.68,1625449482.0,64.0
10.06,1625449482.0,64.0
9.67,1625449482.0,64.0
8.86,1625449482.0,64.0
8.06,1625449482.0,64.0
7.58,1625449482.0,64.0
7.47,1625449482.0,64.0
7.59,1625449482.0,64.0
7.64,1625449482.0,64.0
7.35,1625449482.0,64.0
6.6,1625449482.0,64.0
5.39,1625449482.0,64.0
3.85,1625449482.0,64.0
2.12,1625449482.0,64.0
0.38,1625449482.0,64.0
-1.26,1625449482.0,64.0
-2.72,1625449482.0,64.0
-3.98,1625449482.0,64.0
-5.11,1625449482.0,64.0
-6.18,1625449482.0,64.0
-7.27,1625449482.0,64.0
-8.4,1625449482.0,64.0
-9.48,1625449482.0,64.0
-10.4,1625449482.0,64.0
-11.12,1625449482.0,64.0
-11.66,1625449482.0,64.0
-12.19,1625449482.0,64.0
-12.9,1625449482.0,64.0
-14.0,1625449482.0,64.0
-15.62,1625449482.0,64.0
-17.79,1625449482.0,64.0
-20.42,1625449482.0,64.0
-23.27,1625449482.0,64.0
-25.99,1625449482.0,64.0
-28.1,1625449482.0,64.0
-29.17,1625449482.0,64.0
-28.9,1625449482.0,64.0
-27.26,1625449482.0,64.0
-24.43,1625449482.0,64.0
-20.74,1625449482.0,64.0
-16.52,1625449482.0,64.0
-11.95,1625449482.0,64.0
-7.05,1625449482.0,64.0
-1.81,1625449482.0,64.0
3.74,1625449482.0,64.0
9.4,1625449482.0,64.0
14.82,1625449482.0,64.0
19.58,1625449482.0,64.0
23.33,1625449482.0,64.0
25.9,1625449482.0,64.0
27.35,1625449482.0,64.0
27.94,1625449482.0,64.0
27.94,1625449482.0,64.0
27.61,1625449482.0,64.0
27.12,1625449482.0,64.0
26.57,1625449482.0,64.0
26.0,1625449482.0,64.0
25.46,1625449482.0,64.0
24.96,1625449482.0,64.0
24.41,1625449482.0,64.0
23.7,1625449482.0,64.0
22.66,1625449482.0,64.0
21.19,1625449482.0,64.0
19.29,1625449482.0,64.0
17.08,1625449482.0,64.0
14.76,1625449482.0,64.0
12.48,1625449482.0,64.0
10.31,1625449482.0,64.0
8.21,1625449482.0,64.0
6.1,1625449482.0,64.0
3.95,1625449482.0,64.0
1.82,1625449482.0,64.0
-0.14,1625449482.0,64.0
-1.8,1625449482.0,64.0
-3.03,1625449482.0,64.0
-3.87,1625449482.0,64.0
-4.45,1625449482.0,64.0
-5.03,1625449482.0,64.0
-5.95,1625449482.0,64.0
-7.47,1625449482.0,64.0
-9.78,1625449482.0,64.0
-12.88,1625449482.0,64.0
-16.59,1625449482.0,64.0
-20.54,1625449482.0,64.0
-24.22,1625449482.0,64.0
-27.12,1625449482.0,64.0
-28.71,1625449482.0,64.0
-28.69,1625449482.0,64.0
-26.98,1625449482.0,64.0
-23.8,1625449482.0,64.0
-19.61,1625449482.0,64.0
-14.96,1625449482.0,64.0
-10.31,1625449482.0,64.0
-5.92,1625449482.0,64.0
-1.81,1625449482.0,64.0
2.12,1625449482.0,64.0
5.91,1625449482.0,64.0
9.43,1625449482.0,64.0
12.34,1625449482.0,64.0
14.31,1625449482.0,64.0
15.17,1625449482.0,64.0
15.04,1625449482.0,64.0
14.32,1625449482.0,64.0
13.48,1625449482.0,64.0
12.88,1625449482.0,64.0
12.64,1625449482.0,64.0
12.65,1625449482.0,64.0
12.72,1625449482.0,64.0
12.72,1625449482.0,64.0
12.65,1625449482.0,64.0
12.57,1625449482.0,64.0
12.52,1625449482.0,64.0
12.42,1625449482.0,64.0
12.12,1625449482.0,64.0
11.46,1625449482.0,64.0
10.39,1625449482.0,64.0
8.99,1625449482.0,64.0
7.41,1625449482.0,64.0
5.84,1625449482.0,64.0
4.36,1625449482.0,64.0
3.0,1625449482.0,64.0
1.71,1625449482.0,64.0
0.39,1625449482.0,64.0
-1.05,1625449482.0,64.0
-2.72,1625449482.0,64.0
-4.65,1625449482.0,64.0
-6.81,1625449482.0,64.0
-9.09,1625449482.0,64.0
-11.27,1625449482.0,64.0
-13.15,1625449482.0,64.0
-14.66,1625449482.0,64.0
-15.9,1625449482.0,64.0
-17.11,1625449482.0,64.0
-18.53,1625449482.0,64.0
-20.3,1625449482.0,64.0
-22.27,1625449482.0,64.0
-24.04,1625449482.0,64.0
-25.09,1625449482.0,64.0
-24.96,1625449482.0,64.0
-23.48,1625449482.0,64.0
-20.75,1625449482.0,64.0
-17.19,1625449482.0,64.0
-13.31,1625449482.0,64.0
-9.59,1625449482.0,64.0
-6.33,1625449482.0,64.0
-3.69,1625449482.0,64.0
-1.74,1625449482.0,64.0
-0.54,1625449482.0,64.0
-0.16,1625449482.0,64.0
-0.58,1625449482.0,64.0
-1.65,1625449482.0,64.0
-2.9,1625449482.0,64.0
-3.75,1625449482.0,64.0
-3.64,1625449482.0,64.0
-2.31,1625449482.0,64.0
0.08,1625449482.0,64.0
2.98,1625449482.0,64.0
5.71,1625449482.0,64.0
7.75,1625449482.0,64.0
8.89,1625449482.0,64.0
9.24,1625449482.0,64.0
9.09,1625449482.0,64.0
8.68,1625449482.0,64.0
8.05,1625449482.0,64.0
7.12,1625449482.0,64.0
5.82,1625449482.0,64.0
4.16,1625449482.0,64.0
2.37,1625449482.0,64.0
0.72,1625449482.0,64.0
-0.54,1625449482.0,64.0
-1.35,1625449482.0,64.0
-1.78,1625449482.0,64.0
-2.04,1625449482.0,64.0
-2.31,1625449482.0,64.0
-2.75,1625449482.0,64.0
-3.42,1625449482.0,64.0
-4.36,1625449482.0,64.0
-5.53,1625449482.0,64.0
-6.88,1625449482.0,64.0
-8.31,1625449482.0,64.0
-9.72,1625449482.0,64.0
-11.0,1625449482.0,64.0
-12.12,1625449482.0,64.0
-13.18,1625449482.0,64.0
-14.3,1625449482.0,64.0
-15.54,1625449482.0,64.0
-16.77,1625449482.0,64.0
-17.64,1625449482.0,64.0
-17.67,1625449482.0,64.0
-16.4,1625449482.0,64.0
-13.66,1625449482.0,64.0
-9.64,1625449482.0,64.0
-4.87,1625449482.0,64.0
-0.08,1625449482.0,64.0
4.1,1625449482.0,64.0
7.27,1625449482.0,64.0
9.4,1625449482.0,64.0
10.71,1625449482.0,64.0
11.5,1625449482.0,64.0
12.05,1625449482.0,64.0
12.5,1625449482.0,64.0
12.92,1625449482.0,64.0
13.36,1625449482.0,64.0
13.9,1625449482.0,64.0
14.57,1625449482.0,64.0
15.28,1625449482.0,64.0
15.86,1625449482.0,64.0
16.01,1625449482.0,64.0
15.53,1625449482.0,64.0
14.34,1625449482.0,64.0
12.63,1625449482.0,64.0
10.67,1625449482.0,64.0
8.75,1625449482.0,64.0
7.06,1625449482.0,64.0
5.61,1625449482.0,64.0
4.33,1625449482.0,64.0
3.12,1625449482.0,64.0
1.93,1625449482.0,64.0
0.75,1625449482.0,64.0
-0.43,1625449482.0,64.0
-1.58,1625449482.0,64.0
-2.72,1625449482.0,64.0
-3.88,1625449482.0,64.0
-5.09,1625449482.0,64.0
-6.38,1625449482.0,64.0
-7.75,1625449482.0,64.0
-9.15,1625449482.0,64.0
-10.54,1625449482.0,64.0
-11.92,1625449482.0,64.0
-13.33,1625449482.0,64.0
-14.87,1625449482.0,64.0
-16.63,1625449482.0,64.0
-18.58,1625449482.0,64.0
-20.51,1625449482.0,64.0
-22.07,1625449482.0,64.0
-22.82,1625449482.0,64.0
-22.42,1625449482.0,64.0
-20.72,1625449482.0,64.0
-17.85,1625449482.0,64.0
-14.12,1625449482.0,64.0
-9.91,1625449482.0,64.0
-5.57,1625449482.0,64.0
-1.36,1625449482.0,64.0
2.56,1625449482.0,64.0
6.05,1625449482.0,64.0
8.93,1625449482.0,64.0
11.07,1625449482.0,64.0
12.37,1625449482.0,64.0
12.87,1625449482.0,64.0
12.76,1625449482.0,64.0
12.35,1625449482.0,64.0
11.95,1625449482.0,64.0
11.75,1625449482.0,64.0
11.73,1625449482.0,64.0
11.72,1625449482.0,64.0
11.49,1625449482.0,64.0
10.9,1625449482.0,64.0
9.96,1625449482.0,64.0
8.87,1625449482.0,64.0
7.81,1625449482.0,64.0
6.9,1625449482.0,64.0
6.1,1625449482.0,64.0
5.21,1625449482.0,64.0
4.07,1625449482.0,64.0
2.61,1625449482.0,64.0
0.93,1625449482.0,64.0
-0.8,1625449482.0,64.0
-2.39,1625449482.0,64.0
-3.79,1625449482.0,64.0
-5.07,1625449482.0,64.0
-6.33,1625449482.0,64.0
-7.69,1625449482.0,64.0
-9.22,1625449482.0,64.0
-10.93,1625449482.0,64.0
-12.84,1625449482.0,64.0
-14.97,1625449482.0,64.0
-17.36,1625449482.0,64.0
-19.97,1625449482.0,64.0
-22.68,1625449482.0,64.0
-25.24,1625449482.0,64.0
-27.31,1625449482.0,64.0
-28.54,1625449482.0,64.0
-28.66,1625449482.0,64.0
-27.59,1625449482.0,64.0
-25.44,1625449482.0,64.0
-22.49,1625449482.0,64.0
-19.09,1625449482.0,64.0
-15.47,1625449482.0,64.0
-11.68,1625449482.0,64.0
-7.58,1625449482.0,64.0
-2.92,1625449482.0,64.0
2.31,1625449482.0,64.0
7.84,1625449482.0,64.0
13.11,1625449482.0,64.0
17.4,1625449482.0,64.0
20.2,1625449482.0,64.0
21.38,1625449482.0,64.0
21.21,1625449482.0,64.0
20.25,1625449482.0,64.0
19.03,1625449482.0,64.0
17.9,1625449482.0,64.0
16.95,1625449482.0,64.0
16.13,1625449482.0,64.0
15.39,1625449482.0,64.0
14.76,1625449482.0,64.0
14.36,1625449482.0,64.0
14.18,1625449482.0,64.0
14.09,1625449482.0,64.0
13.77,1625449482.0,64.0
12.9,1625449482.0,64.0
11.34,1625449482.0,64.0
9.15,1625449482.0,64.0
6.66,1625449482.0,64.0
4.26,1625449482.0,64.0
2.25,1625449482.0,64.0
0.72,1625449482.0,64.0
-0.42,1625449482.0,64.0
-1.38,1625449482.0,64.0
-2.39,1625449482.0,64.0
-3.6,1625449482.0,64.0
-5.08,1625449482.0,64.0
-6.81,1625449482.0,64.0
-8.79,1625449482.0,64.0
-11.0,1625449482.0,64.0
-13.46,1625449482.0,64.0
-16.15,1625449482.0,64.0
-18.95,1625449482.0,64.0
-21.56,1625449482.0,64.0
-23.58,1625449482.0,64.0
-24.53,1625449482.0,64.0
-24.09,1625449482.0,64.0
-22.21,1625449482.0,64.0
-19.07,1625449482.0,64.0
-15.09,1625449482.0,64.0
-10.68,1625449482.0,64.0
-6.2,1625449482.0,64.0
-1.83,1625449482.0,64.0
2.36,1625449482.0,64.0
6.44,1625449482.0,64.0
10.43,1625449482.0,64.0
14.36,1625449482.0,64.0
18.15,1625449482.0,64.0
21.65,1625449482.0,64.0
24.62,1625449482.0,64.0
26.79,1625449482.0,64.0
28.01,1625449482.0,64.0
28.27,1625449482.0,64.0
27.72,1625449482.0,64.0
26.61,1625449482.0,64.0
25.18,1625449482.0,64.0
23.55,1625449482.0,64.0
21.77,1625449482.0,64.0
19.82,1625449482.0,64.0
17.74,1625449482.0,64.0
15.59,1625449482.0,64.0
13.49,1625449482.0,64.0
11.55,1625449482.0,64.0
9.8,1625449482.0,64.0
8.22,1625449482.0,64.0
6.72,1625449482.0,64.0
5.23,1625449482.0,64.0
3.65,1625449482.0,64.0
1.99,1625449482.0,64.0
0.26,1625449482.0,64.0
-1.48,1625449482.0,64.0
-3.17,1625449482.0,64.0
-4.77,1625449482.0,64.0
-6.33,1625449482.0,64.0
-7.92,1625449482.0,64.0
-9.6,1625449482.0,64.0
-11.41,1625449482.0,64.0
-13.34,1625449482.0,64.0
-15.35,1625449482.0,64.0
-17.38,1625449482.0,64.0
-19.43,1625449482.0,64.0
-21.45,1625449482.0,64.0
-23.35,1625449482.0,64.0
-24.92,1625449482.0,64.0
-25.82,1625449482.0,64.0
-25.7,1625449482.0,64.0
-24.3,1625449482.0,64.0
-21.58,1625449482.0,64.0
-17.75,1625449482.0,64.0
-13.18,1625449482.0,64.0
-8.29,1625449482.0,64.0
-3.37,1625449482.0,64.0
1.42,1625449482.0,64.0
6.02,1625449482.0,64.0
10.32,1625449482.0,64.0
14.07,1625449482.0,64.0
16.96,1625449482.0,64.0
18.75,1625449482.0,64.0
19.41,1625449482.0,64.0
19.2,1625449482.0,64.0
18.57,1625449482.0,64.0
17.96,1625449482.0,64.0
17.61,1625449482.0,64.0
17.48,1625449482.0,64.0
17.4,1625449482.0,64.0
17.18,1625449482.0,64.0
16.75,1625449482.0,64.0
16.17,1625449482.0,64.0
15.54,1625449482.0,64.0
14.88,1625449482.0,64.0
14.05,1625449482.0,64.0
12.9,1625449482.0,64.0
11.3,1625449482.0,64.0
9.28,1625449482.0,64.0
7.05,1625449482.0,64.0
4.89,1625449482.0,64.0
3.03,1625449482.0,64.0
1.51,1625449482.0,64.0
0.23,1625449482.0,64.0
-1.01,1625449482.0,64.0
-2.34,1625449482.0,64.0
-3.84,1625449482.0,64.0
-5.47,1625449482.0,64.0
-7.16,1625449482.0,64.0
-8.89,1625449482.0,64.0
-10.62,1625449482.0,64.0
-12.37,1625449482.0,64.0
-14.14,1625449482.0,64.0
-15.93,1625449482.0,64.0
-17.77,1625449482.0,64.0
-19.68,1625449482.0,64.0
-21.59,1625449482.0,64.0
-23.34,1625449482.0,64.0
-24.6,1625449482.0,64.0
-24.96,1625449482.0,64.0
-24.12,1625449482.0,64.0
-22.01,1625449482.0,64.0
-18.83,1625449482.0,64.0
-14.95,1625449482.0,64.0
-10.77,1625449482.0,64.0
-6.54,1625449482.0,64.0
-2.36,1625449482.0,64.0
1.75,1625449482.0,64.0
5.74,1625449482.0,64.0
9.4,1625449482.0,64.0
12.43,1625449482.0,64.0
14.57,1625449482.0,64.0
15.76,1625449482.0,64.0
16.15,1625449482.0,64.0
16.08,1625449482.0,64.0
15.9,1625449482.0,64.0
15.81,1625449482.0,64.0
15.8,1625449482.0,64.0
15.76,1625449482.0,64.0
15.57,1625449482.0,64.0
15.25,1625449482.0,64.0
14.89,1625449482.0,64.0
14.57,1625449482.0,64.0
14.23,1625449482.0,64.0
13.68,1625449482.0,64.0
12.68,1625449482.0,64.0
11.1,1625449482.0,64.0
9.02,1625449482.0,64.0
6.75,1625449482.0,64.0
4.66,1625449482.0,64.0
3.09,1625449482.0,64.0
2.15,1625449482.0,64.0
1.72,1625449482.0,64.0
1.48,1625449482.0,64.0
1.07,1625449482.0,64.0
0.2,1625449482.0,64.0
-1.26,1625449482.0,64.0
-3.25,1625449482.0,64.0
-5.6,1625449482.0,64.0
-8.08,1625449482.0,64.0
-10.5,1625449482.0,64.0
-12.77,1625449482.0,64.0
-14.89,1625449482.0,64.0
-16.86,1625449482.0,64.0
-18.72,1625449482.0,64.0
-20.45,1625449482.0,64.0
-21.96,1625449482.0,64.0
-23.18,1625449482.0,64.0
-23.98,1625449482.0,64.0
-24.22,1625449482.0,64.0
-23.76,1625449482.0,64.0
-22.49,1625449482.0,64.0
-20.35,1625449482.0,64.0
-17.35,1625449482.0,64.0
-13.6,1625449482.0,64.0
-9.26,1625449482.0,64.0
-4.57,1625449482.0,64.0
0.21,1625449482.0,64.0
4.82,1625449482.0,64.0
8.98,1625449482.0,64.0
12.49,1625449482.0,64.0
15.25,1625449482.0,64.0
17.26,1625449482.0,64.0
18.63,1625449482.0,64.0
19.53,1625449482.0,64.0
20.08,1625449482.0,64.0
20.38,1625449482.0,64.0
20.44,1625449482.0,64.0
20.28,1625449482.0,64.0
19.9,1625449482.0,64.0
19.35,1625449482.0,64.0
18.69,1625449482.0,64.0
17.94,1625449482.0,64.0
17.07,1625449482.0,64.0
16.03,1625449482.0,64.0
14.76,1625449482.0,64.0
13.28,1625449482.0,64.0
11.62,1625449482.0,64.0
9.85,1625449482.0,64.0
8.02,1625449482.0,64.0
6.17,1625449482.0,64.0
4.36,1625449482.0,64.0
2.63,1625449482.0,64.0
1.05,1625449482.0,64.0
-0.34,1625449482.0,64.0
-1.54,1625449482.0,64.0
-2.61,1625449482.0,64.0
-3.64,1625449482.0,64.0
-4.7,1625449482.0,64.0
-5.83,1625449482.0,64.0
-7.05,1625449482.0,64.0
-8.37,1625449482.0,64.0
-9.79,1625449482.0,64.0
-11.31,1625449482.0,64.0
-12.92,1625449482.0,64.0
-14.62,1625449482.0,64.0
-16.42,1625449482.0,64.0
-18.3,1625449482.0,64.0
-20.17,1625449482.0,64.0
-21.87,1625449482.0,64.0
-23.13,1625449482.0,64.0
-23.62,1625449482.0,64.0
-23.06,1625449482.0,64.0
-21.3,1625449482.0,64.0
-18.46,1625449482.0,64.0
-14.79,1625449482.0,64.0
-10.63,1625449482.0,64.0
-6.26,1625449482.0,64.0
-1.86,1625449482.0,64.0
2.46,1625449482.0,64.0
6.56,1625449482.0,64.0
10.17,1625449482.0,64.0
12.95,1625449482.0,64.0
14.63,1625449482.0,64.0
15.14,1625449482.0,64.0
14.71,1625449482.0,64.0
13.78,1625449482.0,64.0
12.82,1625449482.0,64.0
12.11,1625449482.0,64.0
11.69,1625449482.0,64.0
11.43,1625449482.0,64.0
11.17,1625449482.0,64.0
10.82,1625449482.0,64.0
10.46,1625449482.0,64.0
10.17,1625449482.0,64.0
10.01,1625449482.0,64.0
9.9,1625449482.0,64.0
9.69,1625449482.0,64.0
9.2,1625449482.0,64.0
8.31,1625449482.0,64.0
7.03,1625449482.0,64.0
5.44,1625449482.0,64.0
3.72,1625449482.0,64.0
2.06,1625449482.0,64.0
0.61,1625449482.0,64.0
-0.53,1625449482.0,64.0
-1.38,1625449482.0,64.0
-2.06,1625449482.0,64.0
-2.7,1625449482.0,64.0
-3.4,1625449482.0,64.0
-4.19,1625449482.0,64.0
-5.06,1625449482.0,64.0
-5.99,1625449482.0,64.0
-7.04,1625449482.0,64.0
-8.29,1625449482.0,64.0
-9.88,1625449482.0,64.0
-11.83,1625449482.0,64.0
-14.13,1625449482.0,64.0
-16.65,1625449482.0,64.0
-19.19,1625449482.0,64.0
-21.54,1625449482.0,64.0
-23.4,1625449482.0,64.0
-24.48,1625449482.0,64.0
-24.52,1625449482.0,64.0
-23.38,1625449482.0,64.0
-21.1,1625449482.0,64.0
-17.91,1625449482.0,64.0
-14.16,1625449482.0,64.0
-10.17,1625449482.0,64.0
-6.15,1625449482.0,64.0
-2.2,1625449482.0,64.0
1.64,1625449482.0,64.0
5.27,1625449482.0,64.0
8.47,1625449482.0,64.0
11.0,1625449482.0,64.0
12.67,1625449482.0,64.0
13.48,1625449482.0,64.0
13.63,1625449482.0,64.0
13.44,1625449482.0,64.0
13.19,1625449482.0,64.0
13.01,1625449482.0,64.0
12.9,1625449482.0,64.0
12.76,1625449482.0,64.0
12.52,1625449482.0,64.0
12.18,1625449482.0,64.0
11.75,1625449482.0,64.0
11.27,1625449482.0,64.0
10.69,1625449482.0,64.0
9.91,1625449482.0,64.0
8.88,1625449482.0,64.0
7.61,1625449482.0,64.0
6.19,1625449482.0,64.0
4.78,1625449482.0,64.0
3.47,1625449482.0,64.0
2.31,1625449482.0,64.0
1.26,1625449482.0,64.0
0.27,1625449482.0,64.0
-0.7,1625449482.0,64.0
-1.64,1625449482.0,64.0
-2.53,1625449482.0,64.0
-3.39,1625449482.0,64.0
-4.24,1625449482.0,64.0
-5.15,1625449482.0,64.0
-6.21,1625449482.0,64.0
-7.43,1625449482.0,64.0
-8.77,1625449482.0,64.0
-10.17,1625449482.0,64.0
-11.62,1625449482.0,64.0
-13.13,1625449482.0,64.0
-14.73,1625449482.0,64.0
-16.33,1625449482.0,64.0
-17.72,1625449482.0,64.0
-18.54,1625449482.0,64.0
-18.43,1625449482.0,64.0
-17.16,1625449482.0,64.0
-14.81,1625449482.0,64.0
-11.65,1625449482.0,64.0
-8.1,1625449482.0,64.0
-4.49,1625449482.0,64.0
-1.01,1625449482.0,64.0
2.34,1625449482.0,64.0
5.54,1625449482.0,64.0
8.52,1625449482.0,64.0
11.07,1625449482.0,64.0
12.95,1625449482.0,64.0
14.01,1625449482.0,64.0
14.3,1625449482.0,64.0
14.05,1625449482.0,64.0
13.62,1625449482.0,64.0
13.31,1625449482.0,64.0
13.31,1625449482.0,64.0
13.56,1625449482.0,64.0
13.87,1625449482.0,64.0
14.0,1625449482.0,64.0
13.76,1625449482.0,64.0
13.13,1625449482.0,64.0
12.18,1625449482.0,64.0
11.07,1625449482.0,64.0
9.96,1625449482.0,64.0
8.95,1625449482.0,64.0
8.03,1625449482.0,64.0
7.15,1625449482.0,64.0
6.21,1625449482.0,64.0
5.12,1625449482.0,64.0
3.86,1625449482.0,64.0
2.41,1625449482.0,64.0
0.8,1625449482.0,64.0
-0.93,1625449482.0,64.0
-2.8,1625449482.0,64.0
-4.8,1625449482.0,64.0
-6.98,1625449482.0,64.0
-9.32,1625449482.0,64.0
-11.8,1625449482.0,64.0
-14.31,1625449482.0,64.0
-16.78,1625449482.0,64.0
-19.12,1625449482.0,64.0
-21.31,1625449482.0,64.0
-23.32,1625449482.0,64.0
-25.12,1625449482.0,64.0
-26.55,1625449482.0,64.0
-27.35,1625449482.0,64.0
-27.2,1625449482.0,64.0
-25.86,1625449482.0,64.0
-23.29,1625449482.0,64.0
-19.63,1625449482.0,64.0
-15.21,1625449482.0,64.0
-10.41,1625449482.0,64.0
-5.54,1625449482.0,64.0
-0.85,1625449482.0,64.0
3.49,1625449482.0,64.0
7.29,1625449482.0,64.0
10.41,1625449482.0,64.0
12.73,1625449482.0,64.0
14.26,1625449482.0,64.0
15.13,1625449482.0,64.0
15.57,1625449482.0,64.0
15.82,1625449482.0,64.0
16.04,1625449482.0,64.0
16.27,1625449482.0,64.0
16.43,1625449482.0,64.0
16.38,1625449482.0,64.0
16.0,1625449482.0,64.0
15.18,1625449482.0,64.0
13.93,1625449482.0,64.0
12.37,1625449482.0,64.0
10.7,1625449482.0,64.0
9.12,1625449482.0,64.0
7.73,1625449482.0,64.0
6.54,1625449482.0,64.0
5.41,1625449482.0,64.0
4.23,1625449482.0,64.0
2.97,1625449482.0,64.0
1.71,1625449482.0,64.0
0.61,1625449482.0,64.0
-0.22,1625449482.0,64.0
-0.79,1625449482.0,64.0
-1.25,1625449482.0,64.0
-1.86,1625449482.0,64.0
-2.82,1625449482.0,64.0
-4.23,1625449482.0,64.0
-6.08,1625449482.0,64.0
-8.27,1625449482.0,64.0
-10.7,1625449482.0,64.0
-13.28,1625449482.0,64.0
-15.99,1625449482.0,64.0
-18.74,1625449482.0,64.0
-21.39,1625449482.0,64.0
-23.62,1625449482.0,64.0
-25.09,1625449482.0,64.0
-25.46,1625449482.0,64.0
-24.51,1625449482.0,64.0
-22.24,1625449482.0,64.0
-18.87,1625449482.0,64.0
-14.72,1625449482.0,64.0
-10.13,1625449482.0,64.0
-5.42,1625449482.0,64.0
-0.78,1625449482.0,64.0
3.62,1625449482.0,64.0
7.63,1625449482.0,64.0
11.09,1625449482.0,64.0
13.86,1625449482.0,64.0
15.86,1625449482.0,64.0
17.16,1625449482.0,64.0
17.91,1625449482.0,64.0
18.32,1625449482.0,64.0
18.59,1625449482.0,64.0
18.83,1625449482.0,64.0
19.06,1625449482.0,64.0
19.2,1625449482.0,64.0
19.14,1625449482.0,64.0
18.75,1625449482.0,64.0
17.97,1625449482.0,64.0
16.82,1625449482.0,64.0
15.39,1625449482.0,64.0
13.78,1625449482.0,64.0
12.15,1625449482.0,64.0
10.59,1625449482.0,64.0
9.16,1625449482.0,64.0
7.82,1625449482.0,64.0
6.51,1625449482.0,64.0
5.16,1625449482.0,64.0
3.74,1625449482.0,64.0
2.27,1625449482.0,64.0
0.78,1625449482.0,64.0
-0.71,1625449482.0,64.0
-2.19,1625449482.0,64.0
-3.71,1625449482.0,64.0
-5.31,1625449482.0,64.0
-7.03,1625449482.0,64.0
-8.9,1625449482.0,64.0
-10.85,1625449482.0,64.0
-12.83,1625449482.0,64.0
-14.79,1625449482.0,64.0
-16.72,1625449482.0,64.0
-18.63,1625449482.0,64.0
-20.5,1625449482.0,64.0
-22.18,1625449482.0,64.0
-23.39,1625449482.0,64.0
-23.82,1625449482.0,64.0
-23.21,1625449482.0,64.0
-21.49,1625449482.0,64.0
-18.78,1625449482.0,64.0
-15.34,1625449482.0,64.0
-11.43,1625449482.0,64.0
-7.24,1625449482.0,64.0
-2.92,1625449482.0,64.0
1.43,1625449482.0,64.0
5.62,1625449482.0,64.0
9.38,1625449482.0,64.0
12.43,1625449482.0,64.0
14.56,1625449482.0,64.0
15.77,1625449482.0,64.0
16.24,1625449482.0,64.0
16.26,1625449482.0,64.0
16.11,1625449482.0,64.0
16.0,1625449482.0,64.0
15.95,1625449482.0,64.0
15.84,1625449482.0,64.0
15.47,1625449482.0,64.0
14.62,1625449482.0,64.0
13.21,1625449482.0,64.0
11.32,1625449482.0,64.0
9.2,1625449482.0,64.0
7.17,1625449482.0,64.0
5.49,1625449482.0,64.0
4.3,1625449482.0,64.0
3.54,1625449482.0,64.0
3.05,1625449482.0,64.0
2.66,1625449482.0,64.0
2.23,1625449482.0,64.0
1.71,1625449482.0,64.0
1.11,1625449482.0,64.0
0.38,1625449482.0,64.0
-0.54,1625449482.0,64.0
-1.73,1625449482.0,64.0
-3.24,1625449482.0,64.0
-5.0,1625449482.0,64.0
-6.81,1625449482.0,64.0
-8.47,1625449482.0,64.0
-9.89,1625449482.0,64.0
-11.12,1625449482.0,64.0
-12.4,1625449482.0,64.0
-13.99,1625449482.0,64.0
-16.02,1625449482.0,64.0
-18.43,1625449482.0,64.0
-20.94,1625449482.0,64.0
-23.12,1625449482.0,64.0
-24.6,1625449482.0,64.0
-25.12,1625449482.0,64.0
-24.61,1625449482.0,64.0
-23.11,1625449482.0,64.0
-20.71,1625449482.0,64.0
-17.52,1625449482.0,64.0
-13.62,1625449482.0,64.0
-9.1,1625449482.0,64.0
-4.11,1625449482.0,64.0
1.16,1625449482.0,64.0
6.42,1625449482.0,64.0
11.32,1625449482.0,64.0
15.48,1625449482.0,64.0
18.64,1625449482.0,64.0
20.7,1625449482.0,64.0
21.84,1625449482.0,64.0
22.41,1625449482.0,64.0
22.77,1625449482.0,64.0
23.19,1625449482.0,64.0
23.73,1625449482.0,64.0
24.28,1625449482.0,64.0
24.62,1625449482.0,64.0
24.57,1625449482.0,64.0
24.03,1625449482.0,64.0
22.99,1625449482.0,64.0
21.49,1625449482.0,64.0
19.58,1625449482.0,64.0
17.41,1625449482.0,64.0
15.11,1625449482.0,64.0
12.84,1625449482.0,64.0
10.74,1625449482.0,64.0
8.85,1625449482.0,64.0
7.15,1625449482.0,64.0
5.56,1625449482.0,64.0
4.05,1625449482.0,64.0
2.56,1625449482.0,64.0
1.11,1625449482.0,64.0
-0.3,1625449482.0,64.0
-1.72,1625449482.0,64.0
-3.2,1625449482.0,64.0
-4.79,1625449482.0,64.0
-6.48,1625449482.0,64.0
-8.19,1625449482.0,64.0
-9.77,1625449482.0,64.0
-11.14,1625449482.0,64.0
-12.29,1625449482.0,64.0
-13.37,1625449482.0,64.0
-14.59,1625449482.0,64.0
-16.17,1625449482.0,64.0
-18.19,1625449482.0,64.0
-20.48,1625449482.0,64.0
-22.69,1625449482.0,64.0
-24.33,1625449482.0,64.0
-24.99,1625449482.0,64.0
-24.41,1625449482.0,64.0
-22.58,1625449482.0,64.0
-19.71,1625449482.0,64.0
-16.1,1625449482.0,64.0
-12.05,1625449482.0,64.0
-7.82,1625449482.0,64.0
-3.58,1625449482.0,64.0
0.5,1625449482.0,64.0
4.3,1625449482.0,64.0
7.67,1625449482.0,64.0
10.51,1625449482.0,64.0
12.74,1625449482.0,64.0
14.35,1625449482.0,64.0
15.39,1625449482.0,64.0
15.98,1625449482.0,64.0
16.3,1625449482.0,64.0
16.53,1625449482.0,64.0
16.77,1625449482.0,64.0
17.04,1625449482.0,64.0
17.23,1625449482.0,64.0
17.17,1625449482.0,64.0
16.71,1625449482.0,64.0
15.79,1625449482.0,64.0
14.5,1625449482.0,64.0
13.02,1625449482.0,64.0
11.51,1625449482.0,64.0
10.1,1625449482.0,64.0
8.87,1625449482.0,64.0
7.91,1625449482.0,64.0
7.27,1625449482.0,64.0
6.98,1625449482.0,64.0
6.98,1625449482.0,64.0
7.1,1625449482.0,64.0
7.12,1625449482.0,64.0
6.81,1625449482.0,64.0
5.99,1625449482.0,64.0
4.55,1625449482.0,64.0
2.45,1625449482.0,64.0
-0.3,1625449482.0,64.0
-3.66,1625449482.0,64.0
-7.42,1625449482.0,64.0
-11.32,1625449482.0,64.0
-15.03,1625449482.0,64.0
-18.32,1625449482.0,64.0
-21.11,1625449482.0,64.0
-23.49,1625449482.0,64.0
-25.59,1625449482.0,64.0
-27.43,1625449482.0,64.0
-28.91,1625449482.0,64.0
-29.77,1625449482.0,64.0
-29.75,1625449482.0,64.0
-28.71,1625449482.0,64.0
-26.65,1625449482.0,64.0
-23.69,1625449482.0,64.0
-20.05,1625449482.0,64.0
-15.9,1625449482.0,64.0
-11.41,1625449482.0,64.0
-6.73,1625449482.0,64.0
-2.0,1625449482.0,64.0
2.57,1625449482.0,64.0
6.76,1625449482.0,64.0
10.28,1625449482.0,64.0
12.92,1625449482.0,64.0
14.6,1625449482.0,64.0
15.4,1625449482.0,64.0
15.63,1625449482.0,64.0
15.66,1625449482.0,64.0
15.82,1625449482.0,64.0
16.24,1625449482.0,64.0
16.8,1625449482.0,64.0
17.22,1625449482.0,64.0
17.18,1625449482.0,64.0
16.55,1625449482.0,64.0
15.43,1625449482.0,64.0
14.09,1625449482.0,64.0
12.86,1625449482.0,64.0
11.92,1625449482.0,64.0
11.26,1625449482.0,64.0
10.71,1625449482.0,64.0
10.02,1625449482.0,64.0
8.98,1625449482.0,64.0
7.54,1625449482.0,64.0
5.79,1625449482.0,64.0
3.89,1625449482.0,64.0
2.0,1625449482.0,64.0
0.21,1625449482.0,64.0
-1.45,1625449482.0,64.0
-3.0,1625449482.0,64.0
-4.46,1625449482.0,64.0
-5.83,1625449482.0,64.0
-7.11,1625449482.0,64.0
-8.29,1625449482.0,64.0
-9.4,1625449482.0,64.0
-10.54,1625449482.0,64.0
-11.84,1625449482.0,64.0
-13.43,1625449482.0,64.0
-15.39,1625449482.0,64.0
-17.71,1625449482.0,64.0
-20.24,1625449482.0,64.0
-22.7,1625449482.0,64.0
-24.75,1625449482.0,64.0
-26.05,1625449482.0,64.0
-26.33,1625449482.0,64.0
-25.46,1625449482.0,64.0
-23.44,1625449482.0,64.0
-20.44,1625449482.0,64.0
-16.69,1625449482.0,64.0
-12.48,1625449482.0,64.0
-8.08,1625449482.0,64.0
-3.74,1625449482.0,64.0
0.4,1625449482.0,64.0
4.22,1625449482.0,64.0
7.61,1625449482.0,64.0
10.47,1625449482.0,64.0
12.66,1625449482.0,64.0
14.1,1625449482.0,64.0
14.8,1625449482.0,64.0
14.9,1625449482.0,64.0
14.67,1625449482.0,64.0
14.38,1625449482.0,64.0
14.2,1625449482.0,64.0
14.18,1625449482.0,64.0
14.23,1625449482.0,64.0
14.21,1625449482.0,64.0
14.03,1625449482.0,64.0
13.64,1625449482.0,64.0
13.04,1625449482.0,64.0
12.26,1625449482.0,64.0
11.28,1625449482.0,64.0
10.1,1625449482.0,64.0
8.72,1625449482.0,64.0
7.17,1625449482.0,64.0
5.56,1625449482.0,64.0
3.96,1625449482.0,64.0
2.42,1625449482.0,64.0
0.93,1625449482.0,64.0
-0.53,1625449482.0,64.0
-1.99,1625449482.0,64.0
-3.45,1625449482.0,64.0
-4.86,1625449482.0,64.0
-6.16,1625449482.0,64.0
-7.31,1625449482.0,64.0
-8.3,1625449482.0,64.0
-9.19,1625449482.0,64.0
-10.1,1625449482.0,64.0
-11.16,1625449482.0,64.0
-12.5,1625449482.0,64.0
-14.17,1625449482.0,64.0
-16.14,1625449482.0,64.0
-18.22,1625449482.0,64.0
-20.13,1625449482.0,64.0
-21.52,1625449482.0,64.0
-22.06,1625449482.0,64.0
-21.53,1625449482.0,64.0
-19.88,1625449482.0,64.0
-17.22,1625449482.0,64.0
-13.76,1625449482.0,64.0
-9.75,1625449482.0,64.0
-5.37,1625449482.0,64.0
-0.76,1625449482.0,64.0
3.91,1625449482.0,64.0
8.38,1625449482.0,64.0
12.27,1625449482.0,64.0
15.17,1625449482.0,64.0
16.78,1625449482.0,64.0
17.04,1625449482.0,64.0
16.2,1625449482.0,64.0
14.71,1625449482.0,64.0
13.09,1625449482.0,64.0
11.78,1625449482.0,64.0
10.98,1625449482.0,64.0
10.71,1625449482.0,64.0
10.83,1625449482.0,64.0
11.15,1625449482.0,64.0
11.44,1625449482.0,64.0
11.52,1625449482.0,64.0
11.24,1625449482.0,64.0
10.55,1625449482.0,64.0
9.48,1625449482.0,64.0
8.14,1625449482.0,64.0
6.65,1625449482.0,64.0
5.14,1625449482.0,64.0
3.64,1625449482.0,64.0
2.16,1625449482.0,64.0
0.64,1625449482.0,64.0
-0.95,1625449482.0,64.0
-2.63,1625449482.0,64.0
-4.36,1625449482.0,64.0
-6.08,1625449482.0,64.0
-7.72,1625449482.0,64.0
-9.23,1625449482.0,64.0
-10.58,1625449482.0,64.0
-11.78,1625449482.0,64.0
-12.85,1625449482.0,64.0
-13.81,1625449482.0,64.0
-14.73,1625449482.0,64.0
-15.69,1625449482.0,64.0
-16.79,1625449482.0,64.0
-18.02,1625449482.0,64.0
-19.27,1625449482.0,64.0
-20.24,1625449482.0,64.0
-20.54,1625449482.0,64.0
-19.85,1625449482.0,64.0
-18.02,1625449482.0,64.0
-15.18,1625449482.0,64.0
-11.61,1625449482.0,64.0
-7.61,1625449482.0,64.0
-3.37,1625449482.0,64.0
1.03,1625449482.0,64.0
5.48,1625449482.0,64.0
9.79,1625449482.0,64.0
13.58,1625449482.0,64.0
16.5,1625449482.0,64.0
18.33,1625449482.0,64.0
19.11,1625449482.0,64.0
19.09,1625449482.0,64.0
18.64,1625449482.0,64.0
18.0,1625449482.0,64.0
17.3,1625449482.0,64.0
16.52,1625449482.0,64.0
15.59,1625449482.0,64.0
14.49,1625449482.0,64.0
13.25,1625449482.0,64.0
11.94,1625449482.0,64.0
10.61,1625449482.0,64.0
9.3,1625449482.0,64.0
8.01,1625449482.0,64.0
6.76,1625449482.0,64.0
5.55,1625449482.0,64.0
4.34,1625449482.0,64.0
3.1,1625449482.0,64.0
1.8,1625449482.0,64.0
0.52,1625449482.0,64.0
-0.68,1625449482.0,64.0
-1.69,1625449482.0,64.0
-2.51,1625449482.0,64.0
-3.25,1625449482.0,64.0
-4.09,1625449482.0,64.0
-5.25,1625449482.0,64.0
-6.81,1625449482.0,64.0
-8.77,1625449482.0,64.0
-10.99,1625449482.0,64.0
-13.32,1625449482.0,64.0
-15.64,1625449482.0,64.0
-17.86,1625449482.0,64.0
-19.84,1625449482.0,64.0
-21.33,1625449482.0,64.0
-22.04,1625449482.0,64.0
-21.66,1625449482.0,64.0
-20.04,1625449482.0,64.0
-17.29,1625449482.0,64.0
-13.67,1625449482.0,64.0
-9.52,1625449482.0,64.0
-5.16,1625449482.0,64.0
-0.75,1625449482.0,64.0
3.56,1625449482.0,64.0
7.6,1625449482.0,64.0
11.14,1625449482.0,64.0
13.91,1625449482.0,64.0
15.7,1625449482.0,64.0
16.53,1625449482.0,64.0
16.63,1625449482.0,64.0
16.37,1625449482.0,64.0
16.14,1625449482.0,64.0
16.2,1625449482.0,64.0
16.57,1625449482.0,64.0
17.07,1625449482.0,64.0
17.42,1625449482.0,64.0
17.34,1625449482.0,64.0
16.66,1625449482.0,64.0
15.35,1625449482.0,64.0
13.59,1625449482.0,64.0
11.6,1625449482.0,64.0
9.63,1625449482.0,64.0
7.81,1625449482.0,64.0
6.17,1625449482.0,64.0
4.63,1625449482.0,64.0
3.11,1625449482.0,64.0
1.59,1625449482.0,64.0
0.09,1625449482.0,64.0
-1.31,1625449482.0,64.0
-2.6,1625449482.0,64.0
-3.78,1625449482.0,64.0
-4.93,1625449482.0,64.0
-6.16,1625449482.0,64.0
-7.54,1625449482.0,64.0
-9.12,1625449482.0,64.0
-10.95,1625449482.0,64.0
-13.04,1625449482.0,64.0
-15.4,1625449482.0,64.0
-17.97,1625449482.0,64.0
-20.54,1625449482.0,64.0
-22.74,1625449482.0,64.0
-24.19,1625449482.0,64.0
-24.54,1625449482.0,64.0
-23.69,1625449482.0,64.0
-21.72,1625449482.0,64.0
-18.93,1625449482.0,64.0
-15.63,1625449482.0,64.0
-12.05,1625449482.0,64.0
-8.31,1625449482.0,64.0
-4.42,1625449482.0,64.0
-0.42,1625449482.0,64.0
3.6,1625449482.0,64.0
7.44,1625449482.0,64.0
10.87,1625449482.0,64.0
13.71,1625449482.0,64.0
15.84,1625449482.0,64.0
17.25,1625449482.0,64.0
18.02,1625449482.0,64.0
18.29,1625449482.0,64.0
18.24,1625449482.0,64.0
18.07,1625449482.0,64.0
17.93,1625449482.0,64.0
17.86,1625449482.0,64.0
17.85,1625449482.0,64.0
17.76,1625449482.0,64.0
17.38,1625449482.0,64.0
16.52,1625449482.0,64.0
15.04,1625449482.0,64.0
12.93,1625449482.0,64.0
10.36,1625449482.0,64.0
7.6,1625449482.0,64.0
4.96,1625449482.0,64.0
2.68,1625449482.0,64.0
0.84,1625449482.0,64.0
-0.59,1625449482.0,64.0
-1.75,1625449482.0,64.0
-2.71,1625449482.0,64.0
-3.56,1625449482.0,64.0
-4.3,1625449482.0,64.0
-4.99,1625449482.0,64.0
-5.74,1625449482.0,64.0
-6.73,1625449482.0,64.0
-8.15,1625449482.0,64.0
-10.06,1625449482.0,64.0
-12.41,1625449482.0,64.0
-15.01,1625449482.0,64.0
-17.67,1625449482.0,64.0
-20.2,1625449482.0,64.0
-22.47,1625449482.0,64.0
-24.33,1625449482.0,64.0
-25.62,1625449482.0,64.0
-26.09,1625449482.0,64.0
-25.54,1625449482.0,64.0
-23.87,1625449482.0,64.0
-21.11,1625449482.0,64.0
-17.42,1625449482.0,64.0
-13.01,1625449482.0,64.0
-8.13,1625449482.0,64.0
-2.96,1625449482.0,64.0
2.28,1625449482.0,64.0
7.35,1625449482.0,64.0
11.93,1625449482.0,64.0
15.67,1625449482.0,64.0
18.34,1625449482.0,64.0
19.87,1625449482.0,64.0
20.42,1625449482.0,64.0
20.3,1625449482.0,64.0
19.88,1625449482.0,64.0
19.41,1625449482.0,64.0
19.03,1625449482.0,64.0
18.72,1625449482.0,64.0
18.43,1625449482.0,64.0
18.06,1625449482.0,64.0
17.57,1625449482.0,64.0
16.95,1625449482.0,64.0
16.18,1625449482.0,64.0
15.21,1625449482.0,64.0
14.0,1625449482.0,64.0
12.52,1625449482.0,64.0
10.77,1625449482.0,64.0
8.81,1625449482.0,64.0
6.76,1625449482.0,64.0
4.71,1625449482.0,64.0
2.79,1625449482.0,64.0
1.1,1625449482.0,64.0
-0.34,1625449482.0,64.0
-1.55,1625449482.0,64.0
-2.63,1625449482.0,64.0
-3.72,1625449482.0,64.0
-4.95,1625449482.0,64.0
-6.42,1625449482.0,64.0
-8.15,1625449482.0,64.0
-10.13,1625449482.0,64.0
-12.31,1625449482.0,64.0
-14.65,1625449482.0,64.0
-17.14,1625449482.0,64.0
-19.75,1625449482.0,64.0
-22.43,1625449482.0,64.0
-25.0,1625449482.0,64.0
-27.19,1625449482.0,64.0
-28.66,1625449482.0,64.0
-29.05,1625449482.0,64.0
-28.17,1625449482.0,64.0
-26.03,1625449482.0,64.0
-22.84,1625449482.0,64.0
-18.97,1625449482.0,64.0
-14.74,1625449482.0,64.0
-10.34,1625449482.0,64.0
-5.82,1625449482.0,64.0
-1.15,1625449482.0,64.0
3.61,1625449482.0,64.0
8.28,1625449482.0,64.0
12.5,1625449482.0,64.0
15.88,1625449482.0,64.0
18.2,1625449482.0,64.0
19.48,1625449482.0,64.0
19.94,1625449482.0,64.0
19.94,1625449482.0,64.0
19.8,1625449482.0,64.0
19.68,1625449482.0,64.0
19.58,1625449482.0,64.0
19.42,1625449482.0,64.0
19.07,1625449482.0,64.0
18.43,1625449482.0,64.0
17.51,1625449482.0,64.0
16.37,1625449482.0,64.0
15.08,1625449482.0,64.0
13.67,1625449482.0,64.0
12.15,1625449482.0,64.0
10.51,1625449482.0,64.0
8.74,1625449482.0,64.0
6.91,1625449482.0,64.0
5.12,1625449482.0,64.0
3.49,1625449482.0,64.0
2.09,1625449482.0,64.0
0.9,1625449482.0,64.0
-0.22,1625449482.0,64.0
-1.45,1625449482.0,64.0
-2.93,1625449482.0,64.0
-4.72,1625449482.0,64.0
-6.72,1625449482.0,64.0
-8.73,1625449482.0,64.0
-10.56,1625449482.0,64.0
-12.09,1625449482.0,64.0
-13.38,1625449482.0,64.0
-14.61,1625449482.0,64.0
-16.02,1625449482.0,64.0
-17.82,1625449482.0,64.0
-20.05,1625449482.0,64.0
-22.54,1625449482.0,64.0
-25.0,1625449482.0,64.0
-27.04,1625449482.0,64.0
-28.34,1625449482.0,64.0
-28.7,1625449482.0,64.0
-28.0,1625449482.0,64.0
-26.19,1625449482.0,64.0
-23.33,1625449482.0,64.0
-19.48,1625449482.0,64.0
-14.85,1625449482.0,64.0
-9.7,1625449482.0,64.0
-4.41,1625449482.0,64.0
0.59,1625449482.0,64.0
4.87,1625449482.0,64.0
8.12,1625449482.0,64.0
10.26,1625449482.0,64.0
11.46,1625449482.0,64.0
12.08,1625449482.0,64.0
12.57,1625449482.0,64.0
13.26,1625449482.0,64.0
14.26,1625449482.0,64.0
15.49,1625449482.0,64.0
16.73,1625449482.0,64.0
17.77,1625449482.0,64.0
18.52,1625449482.0,64.0
18.99,1625449482.0,64.0
19.22,1625449482.0,64.0
19.21,1625449482.0,64.0
18.88,1625449482.0,64.0
18.12,1625449482.0,64.0
16.89,1625449482.0,64.0
15.25,1625449482.0,64.0
13.39,1625449482.0,64.0
11.53,1625449482.0,64.0
9.83,1625449482.0,64.0
8.35,1625449482.0,64.0
7.05,1625449482.0,64.0
5.8,1625449482.0,64.0
4.47,1625449482.0,64.0
3.03,1625449482.0,64.0
1.52,1625449482.0,64.0
0.07,1625449482.0,64.0
-1.21,1625449482.0,64.0
-2.29,1625449482.0,64.0
-3.24,1625449482.0,64.0
-4.19,1625449482.0,64.0
-5.24,1625449482.0,64.0
-6.34,1625449482.0,64.0
-7.4,1625449482.0,64.0
-8.36,1625449482.0,64.0
-9.3,1625449482.0,64.0
-10.49,1625449482.0,64.0
-12.22,1625449482.0,64.0
-14.61,1625449482.0,64.0
-17.41,1625449482.0,64.0
-20.03,1625449482.0,64.0
-21.7,1625449482.0,64.0
-21.8,1625449482.0,64.0
-20.14,1625449482.0,64.0
-16.96,1625449482.0,64.0
-12.83,1625449482.0,64.0
-8.34,1625449482.0,64.0
-3.88,1625449482.0,64.0
0.38,1625449482.0,64.0
4.38,1625449482.0,64.0
8.08,1625449482.0,64.0
11.27,1625449482.0,64.0
13.73,1625449482.0,64.0
15.3,1625449482.0,64.0
16.02,1625449482.0,64.0
16.16,1625449482.0,64.0
16.08,1625449482.0,64.0
16.06,1625449482.0,64.0
16.16,1625449482.0,64.0
16.27,1625449482.0,64.0
16.17,1625449482.0,64.0
15.73,1625449482.0,64.0
14.96,1625449482.0,64.0
13.98,1625449482.0,64.0
12.92,1625449482.0,64.0
11.86,1625449482.0,64.0
10.79,1625449482.0,64.0
9.69,1625449482.0,64.0
8.52,1625449482.0,64.0
7.32,1625449482.0,64.0
6.1,1625449482.0,64.0
4.92,1625449482.0,64.0
3.77,1625449482.0,64.0
2.63,1625449482.0,64.0
1.5,1625449482.0,64.0
0.37,1625449482.0,64.0
-0.77,1625449482.0,64.0
-1.95,1625449482.0,64.0
-3.26,1625449482.0,64.0
-4.76,1625449482.0,64.0
-6.52,1625449482.0,64.0
-8.52,1625449482.0,64.0
-10.65,1625449482.0,64.0
-12.76,1625449482.0,64.0
-14.74,1625449482.0,64.0
-16.57,1625449482.0,64.0
-18.31,1625449482.0,64.0
-20.07,1625449482.0,64.0
-21.82,1625449482.0,64.0
-23.35,1625449482.0,64.0
-24.32,1625449482.0,64.0
-24.33,1625449482.0,64.0
-23.16,1625449482.0,64.0
-20.81,1625449482.0,64.0
-17.56,1625449482.0,64.0
-13.75,1625449482.0,64.0
-9.71,1625449482.0,64.0
-5.57,1625449482.0,64.0
-1.33,1625449482.0,64.0
2.98,1625449482.0,64.0
7.19,1625449482.0,64.0
11.02,1625449482.0,64.0
14.1,1625449482.0,64.0
16.2,1625449482.0,64.0
17.29,1625449482.0,64.0
17.61,1625449482.0,64.0
17.5,1625449482.0,64.0
17.3,1625449482.0,64.0
17.23,1625449482.0,64.0
17.33,1625449482.0,64.0
17.51,1625449482.0,64.0
17.64,1625449482.0,64.0
17.58,1625449482.0,64.0
17.21,1625449482.0,64.0
16.47,1625449482.0,64.0
15.37,1625449482.0,64.0
13.93,1625449482.0,64.0
12.23,1625449482.0,64.0
10.4,1625449482.0,64.0
8.6,1625449482.0,64.0
6.97,1625449482.0,64.0
5.57,1625449482.0,64.0
4.37,1625449482.0,64.0
3.2,1625449482.0,64.0
1.87,1625449482.0,64.0
0.21,1625449482.0,64.0
-1.81,1625449482.0,64.0
-4.09,1625449482.0,64.0
-6.37,1625449482.0,64.0
-8.43,1625449482.0,64.0
-10.13,1625449482.0,64.0
-11.5,1625449482.0,64.0
-12.69,1625449482.0,64.0
-13.89,1625449482.0,64.0
-15.2,1625449482.0,64.0
-16.66,1625449482.0,64.0
-18.23,1625449482.0,64.0
-19.88,1625449482.0,64.0
-21.52,1625449482.0,64.0
-22.98,1625449482.0,64.0
-23.95,1625449482.0,64.0
-24.06,1625449482.0,64.0
-22.88,1625449482.0,64.0
-20.2,1625449482.0,64.0
-16.02,1625449482.0,64.0
-10.68,1625449482.0,64.0
-4.7,1625449482.0,64.0
1.34,1625449482.0,64.0
6.97,1625449482.0,64.0
11.93,1625449482.0,64.0
16.12,1625449482.0,64.0
19.59,1625449482.0,64.0
22.4,1625449482.0,64.0
24.6,1625449482.0,64.0
26.28,1625449482.0,64.0
27.55,1625449482.0,64.0
28.58,1625449482.0,64.0
29.51,1625449482.0,64.0
30.47,1625449482.0,64.0
31.42,1625449482.0,64.0
32.25,1625449482.0,64.0
32.81,1625449482.0,64.0
33.06,1625449482.0,64.0
33.05,1625449482.0,64.0
32.9,1625449482.0,64.0
32.6,1625449482.0,64.0
32.02,1625449482.0,64.0
30.81,1625449482.0,64.0
28.54,1625449482.0,64.0
24.88,1625449482.0,64.0
19.71,1625449482.0,64.0
13.2,1625449482.0,64.0
5.8,1625449482.0,64.0
-1.86,1625449482.0,64.0
-9.13,1625449482.0,64.0
-15.52,1625449482.0,64.0
-20.73,1625449482.0,64.0
-24.79,1625449482.0,64.0
-27.89,1625449482.0,64.0
-30.32,1625449482.0,64.0
-32.36,1625449482.0,64.0
-34.11,1625449482.0,64.0
-35.62,1625449482.0,64.0
-36.89,1625449482.0,64.0
-37.97,1625449482.0,64.0
-39.02,1625449482.0,64.0
-40.24,1625449482.0,64.0
-41.76,1625449482.0,64.0
-43.54,1625449482.0,64.0
-45.25,1625449482.0,64.0
-46.36,1625449482.0,64.0
-46.34,1625449482.0,64.0
-44.79,1625449482.0,64.0
-41.68,1625449482.0,64.0
-37.29,1625449482.0,64.0
-32.07,1625449482.0,64.0
-26.46,1625449482.0,64.0
-20.68,1625449482.0,64.0
-14.7,1625449482.0,64.0
-8.43,1625449482.0,64.0
-1.85,1625449482.0,64.0
4.77,1625449482.0,64.0
10.94,1625449482.0,64.0
16.03,1625449482.0,64.0
19.56,1625449482.0,64.0
21.38,1625449482.0,64.0
21.75,1625449482.0,64.0
21.27,1625449482.0,64.0
20.6,1625449482.0,64.0
20.24,1625449482.0,64.0
20.36,1625449482.0,64.0
20.8,1625449482.0,64.0
21.2,1625449482.0,64.0
21.25,1625449482.0,64.0
20.81,1625449482.0,64.0
19.92,1625449482.0,64.0
18.76,1625449482.0,64.0
17.5,1625449482.0,64.0
16.21,1625449482.0,64.0
14.87,1625449482.0,64.0
13.42,1625449482.0,64.0
11.8,1625449482.0,64.0
10.02,1625449482.0,64.0
8.08,1625449482.0,64.0
6.03,1625449482.0,64.0
3.92,1625449482.0,64.0
1.85,1625449482.0,64.0
-0.07,1625449482.0,64.0
-1.74,1625449482.0,64.0
-3.19,1625449482.0,64.0
-4.5,1625449482.0,64.0
-5.83,1625449482.0,64.0
-7.34,1625449482.0,64.0
-9.1,1625449482.0,64.0
-11.11,1625449482.0,64.0
-13.28,1625449482.0,64.0
-15.55,1625449482.0,64.0
-17.82,1625449482.0,64.0
-20.04,1625449482.0,64.0
-22.13,1625449482.0,64.0
-23.93,1625449482.0,64.0
-25.22,1625449482.0,64.0
-25.76,1625449482.0,64.0
-25.26,1625449482.0,64.0
-23.58,1625449482.0,64.0
-20.72,1625449482.0,64.0
-16.86,1625449482.0,64.0
-12.28,1625449482.0,64.0
-7.33,1625449482.0,64.0
-2.27,1625449482.0,64.0
2.73,1625449482.0,64.0
7.56,1625449482.0,64.0
12.02,1625449482.0,64.0
15.84,1625449482.0,64.0
18.7,1625449482.0,64.0
20.37,1625449482.0,64.0
20.89,1625449482.0,64.0
20.5,1625449482.0,64.0
19.63,1625449482.0,64.0
18.7,1625449482.0,64.0
17.96,1625449482.0,64.0
17.51,1625449482.0,64.0
17.33,1625449482.0,64.0
17.35,1625449482.0,64.0
17.57,1625449482.0,64.0
17.92,1625449482.0,64.0
18.29,1625449482.0,64.0
18.45,1625449482.0,64.0
18.1,1625449482.0,64.0
17.04,1625449482.0,64.0
15.18,1625449482.0,64.0
12.68,1625449482.0,64.0
9.84,1625449482.0,64.0
7.0,1625449482.0,64.0
4.41,1625449482.0,64.0
2.19,1625449482.0,64.0
0.29,1625449482.0,64.0
-1.38,1625449482.0,64.0
-2.96,1625449482.0,64.0
-4.53,1625449482.0,64.0
-6.15,1625449482.0,64.0
-7.84,1625449482.0,64.0
-9.57,1625449482.0,64.0
-11.35,1625449482.0,64.0
-13.18,1625449482.0,64.0
-15.11,1625449482.0,64.0
-17.2,1625449482.0,64.0
-19.49,1625449482.0,64.0
-21.98,1625449482.0,64.0
-24.52,1625449482.0,64.0
-26.85,1625449482.0,64.0
-28.59,1625449482.0,64.0
-29.36,1625449482.0,64.0
-28.88,1625449482.0,64.0
-27.06,1625449482.0,64.0
-24.0,1625449482.0,64.0
-19.98,1625449482.0,64.0
-15.35,1625449482.0,64.0
-10.41,1625449482.0,64.0
-5.38,1625449482.0,64.0
-0.44,1625449482.0,64.0
4.2,1625449482.0,64.0
8.29,1625449482.0,64.0
11.54,1625449482.0,64.0
13.72,1625449482.0,64.0
14.79,1625449482.0,64.0
14.96,1625449482.0,64.0
14.67,1625449482.0,64.0
14.38,1625449482.0,64.0
14.44,1625449482.0,64.0
14.92,1625449482.0,64.0
15.61,1625449482.0,64.0
16.19,1625449482.0,64.0
16.36,1625449482.0,64.0
15.98,1625449482.0,64.0
15.12,1625449482.0,64.0
13.97,1625449482.0,64.0
12.73,1625449482.0,64.0
11.55,1625449482.0,64.0
10.49,1625449482.0,64.0
9.51,1625449482.0,64.0
8.58,1625449482.0,64.0
7.61,1625449482.0,64.0
6.57,1625449482.0,64.0
5.41,1625449482.0,64.0
4.1,1625449482.0,64.0
2.64,1625449482.0,64.0
1.04,1625449482.0,64.0
-0.64,1625449482.0,64.0
-2.31,1625449482.0,64.0
-3.9,1625449482.0,64.0
-5.33,1625449482.0,64.0
-6.6,1625449482.0,64.0
-7.8,1625449482.0,64.0
-9.07,1625449482.0,64.0
-10.57,1625449482.0,64.0
-12.42,1625449482.0,64.0
-14.6,1625449482.0,64.0
-16.88,1625449482.0,64.0
-18.88,1625449482.0,64.0
-20.19,1625449482.0,64.0
-20.44,1625449482.0,64.0
-19.44,1625449482.0,64.0
-17.25,1625449482.0,64.0
-14.07,1625449482.0,64.0
-10.19,1625449482.0,64.0
-5.94,1625449482.0,64.0
-1.65,1625449482.0,64.0
2.37,1625449482.0,64.0
5.8,1625449482.0,64.0
8.42,1625449482.0,64.0
10.13,1625449482.0,64.0
10.97,1625449482.0,64.0
11.14,1625449482.0,64.0
10.95,1625449482.0,64.0
10.69,1625449482.0,64.0
10.58,1625449482.0,64.0
10.66,1625449482.0,64.0
10.89,1625449482.0,64.0
11.11,1625449482.0,64.0
11.13,1625449482.0,64.0
10.83,1625449482.0,64.0
10.12,1625449482.0,64.0
9.03,1625449482.0,64.0
7.63,1625449482.0,64.0
6.07,1625449482.0,64.0
4.45,1625449482.0,64.0
2.89,1625449482.0,64.0
1.42,1625449482.0,64.0
0.05,1625449482.0,64.0
-1.26,1625449482.0,64.0
-2.56,1625449482.0,64.0
-3.89,1625449482.0,64.0
-5.27,1625449482.0,64.0
-6.68,1625449482.0,64.0
-8.07,1625449482.0,64.0
-9.44,1625449482.0,64.0
-10.79,1625449482.0,64.0
-12.18,1625449482.0,64.0
-13.69,1625449482.0,64.0
-15.37,1625449482.0,64.0
-17.19,1625449482.0,64.0
-19.03,1625449482.0,64.0
-20.7,1625449482.0,64.0
-21.98,1625449482.0,64.0
-22.66,1625449482.0,64.0
-22.51,1625449482.0,64.0
-21.32,1625449482.0,64.0
-18.96,1625449482.0,64.0
-15.43,1625449482.0,64.0
-10.9,1625449482.0,64.0
-5.8,1625449482.0,64.0
-0.63,1625449482.0,64.0
4.11,1625449482.0,64.0
8.12,1625449482.0,64.0
11.32,1625449482.0,64.0
13.79,1625449482.0,64.0
15.64,1625449482.0,64.0
16.9,1625449482.0,64.0
17.56,1625449482.0,64.0
17.68,1625449482.0,64.0
17.41,1625449482.0,64.0
17.02,1625449482.0,64.0
16.77,1625449482.0,64.0
16.78,1625449482.0,64.0
16.95,1625449482.0,64.0
17.08,1625449482.0,64.0
16.91,1625449482.0,64.0
16.35,1625449482.0,64.0
15.42,1625449482.0,64.0
14.26,1625449482.0,64.0
12.98,1625449482.0,64.0
11.65,1625449482.0,64.0
10.25,1625449482.0,64.0
8.73,1625449482.0,64.0
7.11,1625449482.0,64.0
5.43,1625449482.0,64.0
3.68,1625449482.0,64.0
1.89,1625449482.0,64.0
0.04,1625449482.0,64.0
-1.83,1625449482.0,64.0
-3.63,1625449482.0,64.0
-5.22,1625449482.0,64.0
-6.53,1625449482.0,64.0
-7.61,1625449482.0,64.0
-8.67,1625449482.0,64.0
-9.97,1625449482.0,64.0
-11.7,1625449482.0,64.0
-13.9,1625449482.0,64.0
-16.43,1625449482.0,64.0
-18.98,1625449482.0,64.0
-21.22,1625449482.0,64.0
-22.84,1625449482.0,64.0
-23.62,1625449482.0,64.0
-23.45,1625449482.0,64.0
-22.32,1625449482.0,64.0
-20.26,1625449482.0,64.0
-17.42,1625449482.0,64.0
-14.0,1625449482.0,64.0
-10.17,1625449482.0,64.0
-6.11,1625449482.0,64.0
-1.91,1625449482.0,64.0
2.38,1625449482.0,64.0
6.69,1625449482.0,64.0
10.83,1625449482.0,64.0
14.5,1625449482.0,64.0
17.39,1625449482.0,64.0
19.24,1625449482.0,64.0
20.01,1625449482.0,64.0
19.9,1625449482.0,64.0
19.27,1625449482.0,64.0
18.51,1625449482.0,64.0
17.92,1625449482.0,64.0
17.61,1625449482.0,64.0
17.53,1625449482.0,64.0
17.5,1625449482.0,64.0
17.3,1625449482.0,64.0
16.75,1625449482.0,64.0
15.79,1625449482.0,64.0
14.44,1625449482.0,64.0
12.79,1625449482.0,64.0
11.0,1625449482.0,64.0
9.16,1625449482.0,64.0
7.33,1625449482.0,64.0
5.47,1625449482.0,64.0
3.56,1625449482.0,64.0
1.62,1625449482.0,64.0
-0.21,1625449482.0,64.0
-1.8,1625449482.0,64.0
-3.07,1625449482.0,64.0
-4.12,1625449482.0,64.0
-5.21,1625449482.0,64.0
-6.62,1625449482.0,64.0
-8.51,1625449482.0,64.0
-10.8,1625449482.0,64.0
-13.27,1625449482.0,64.0
-15.65,1625449482.0,64.0
-17.79,1625449482.0,64.0
-19.71,1625449482.0,64.0
-21.48,1625449482.0,64.0
-23.09,1625449482.0,64.0
-24.31,1625449482.0,64.0
-24.74,1625449482.0,64.0
-24.01,1625449482.0,64.0
-21.94,1625449482.0,64.0
-18.68,1625449482.0,64.0
-14.59,1625449482.0,64.0
-10.1,1625449482.0,64.0
-5.47,1625449482.0,64.0
-0.81,1625449482.0,64.0
3.87,1625449482.0,64.0
8.48,1625449482.0,64.0
12.75,1625449482.0,64.0
16.26,1625449482.0,64.0
18.62,1625449482.0,64.0
19.7,1625449482.0,64.0
19.68,1625449482.0,64.0
19.02,1625449482.0,64.0
18.23,1625449482.0,64.0
17.68,1625449482.0,64.0
17.5,1625449482.0,64.0
17.54,1625449482.0,64.0
17.54,1625449482.0,64.0
17.3,1625449482.0,64.0
16.7,1625449482.0,64.0
15.75,1625449482.0,64.0
14.55,1625449482.0,64.0
13.13,1625449482.0,64.0
11.5,1625449482.0,64.0
9.64,1625449482.0,64.0
7.56,1625449482.0,64.0
5.38,1625449482.0,64.0
3.27,1625449482.0,64.0
1.43,1625449482.0,64.0
-0.01,1625449482.0,64.0
-1.06,1625449482.0,64.0
-1.88,1625449482.0,64.0
-2.7,1625449482.0,64.0
-3.69,1625449482.0,64.0
-4.97,1625449482.0,64.0
-6.48,1625449482.0,64.0
-8.13,1625449482.0,64.0
-9.81,1625449482.0,64.0
-11.53,1625449482.0,64.0
-13.34,1625449482.0,64.0
-15.34,1625449482.0,64.0
-17.56,1625449482.0,64.0
-19.92,1625449482.0,64.0
-22.16,1625449482.0,64.0
-23.94,1625449482.0,64.0
-24.91,1625449482.0,64.0
-24.81,1625449482.0,64.0
-23.58,1625449482.0,64.0
-21.3,1625449482.0,64.0
-18.15,1625449482.0,64.0
-14.33,1625449482.0,64.0
-9.98,1625449482.0,64.0
-5.18,1625449482.0,64.0
-0.05,1625449482.0,64.0
5.23,1625449482.0,64.0
10.35,1625449482.0,64.0
14.92,1625449482.0,64.0
18.58,1625449482.0,64.0
21.13,1625449482.0,64.0
22.53,1625449482.0,64.0
23.02,1625449482.0,64.0
22.9,1625449482.0,64.0
22.49,1625449482.0,64.0
21.95,1625449482.0,64.0
21.29,1625449482.0,64.0
20.4,1625449482.0,64.0
19.17,1625449482.0,64.0
17.63,1625449482.0,64.0
15.94,1625449482.0,64.0
14.31,1625449482.0,64.0
12.87,1625449482.0,64.0
11.63,1625449482.0,64.0
10.45,1625449482.0,64.0
9.21,1625449482.0,64.0
7.9,1625449482.0,64.0
6.59,1625449482.0,64.0
5.4,1625449482.0,64.0
4.38,1625449482.0,64.0
3.46,1625449482.0,64.0
2.45,1625449482.0,64.0
1.23,1625449482.0,64.0
-0.32,1625449482.0,64.0
-2.15,1625449482.0,64.0
-4.21,1625449482.0,64.0
-6.46,1625449482.0,64.0
-8.85,1625449482.0,64.0
-11.34,1625449482.0,64.0
-13.8,1625449482.0,64.0
-16.06,1625449482.0,64.0
-18.0,1625449482.0,64.0
-19.6,1625449482.0,64.0
-20.97,1625449482.0,64.0
-22.24,1625449482.0,64.0
-23.45,1625449482.0,64.0
-24.39,1625449482.0,64.0
-24.71,1625449482.0,64.0
-24.07,1625449482.0,64.0
-22.3,1625449482.0,64.0
-19.47,1625449482.0,64.0
-15.87,1625449482.0,64.0
-11.77,1625449482.0,64.0
-7.36,1625449482.0,64.0
-2.71,1625449482.0,64.0
2.09,1625449482.0,64.0
6.82,1625449482.0,64.0
11.13,1625449482.0,64.0
14.55,1625449482.0,64.0
16.78,1625449482.0,64.0
17.75,1625449482.0,64.0
17.75,1625449482.0,64.0
17.25,1625449482.0,64.0
16.73,1625449482.0,64.0
16.51,1625449482.0,64.0
16.62,1625449482.0,64.0
16.91,1625449482.0,64.0
17.14,1625449482.0,64.0
17.09,1625449482.0,64.0
16.68,1625449482.0,64.0
15.92,1625449482.0,64.0
14.89,1625449482.0,64.0
13.69,1625449482.0,64.0
12.38,1625449482.0,64.0
10.95,1625449482.0,64.0
9.36,1625449482.0,64.0
7.57,1625449482.0,64.0
5.56,1625449482.0,64.0
3.39,1625449482.0,64.0
1.19,1625449482.0,64.0
-0.9,1625449482.0,64.0
-2.76,1625449482.0,64.0
-4.33,1625449482.0,64.0
-5.64,1625449482.0,64.0
-6.8,1625449482.0,64.0
-8.0,1625449482.0,64.0
-9.37,1625449482.0,64.0
-10.97,1625449482.0,64.0
-12.76,1625449482.0,64.0
-14.59,1625449482.0,64.0
-16.33,1625449482.0,64.0
-17.9,1625449482.0,64.0
-19.36,1625449482.0,64.0
-20.81,1625449482.0,64.0
-22.35,1625449482.0,64.0
-23.91,1625449482.0,64.0
-25.26,1625449482.0,64.0
-26.05,1625449482.0,64.0
-25.97,1625449482.0,64.0
-24.88,1625449482.0,64.0
-22.84,1625449482.0,64.0
-20.03,1625449482.0,64.0
-16.59,1625449482.0,64.0
-12.6,1625449482.0,64.0
-8.03,1625449482.0,64.0
-2.93,1625449482.0,64.0
2.47,1625449482.0,64.0
7.66,1625449482.0,64.0
12.03,1625449482.0,64.0
15.09,1625449482.0,64.0
16.67,1625449482.0,64.0
17.04,1625449482.0,64.0
16.74,1625449482.0,64.0
16.36,1625449482.0,64.0
16.24,1625449482.0,64.0
16.43,1625449482.0,64.0
16.69,1625449482.0,64.0
16.77,1625449482.0,64.0
16.59,1625449482.0,64.0
16.22,1625449482.0,64.0
15.86,1625449482.0,64.0
15.61,1625449482.0,64.0
15.36,1625449482.0,64.0
14.87,1625449482.0,64.0
13.88,1625449482.0,64.0
12.31,1625449482.0,64.0
10.3,1625449482.0,64.0
8.14,1625449482.0,64.0
6.13,1625449482.0,64.0
4.43,1625449482.0,64.0
3.01,1625449482.0,64.0
1.71,1625449482.0,64.0
0.36,1625449482.0,64.0
-1.11,1625449482.0,64.0
-2.67,1625449482.0,64.0
-4.17,1625449482.0,64.0
-5.48,1625449482.0,64.0
-6.58,1625449482.0,64.0
-7.55,1625449482.0,64.0
-8.56,1625449482.0,64.0
-9.84,1625449482.0,64.0
-11.58,1625449482.0,64.0
-13.79,1625449482.0,64.0
-16.3,1625449482.0,64.0
-18.72,1625449482.0,64.0
-20.53,1625449482.0,64.0
-21.27,1625449482.0,64.0
-20.63,1625449482.0,64.0
-18.63,1625449482.0,64.0
-15.53,1625449482.0,64.0
-11.73,1625449482.0,64.0
-7.6,1625449482.0,64.0
-3.38,1625449482.0,64.0
0.82,1625449482.0,64.0
4.91,1625449482.0,64.0
8.7,1625449482.0,64.0
11.9,1625449482.0,64.0
14.22,1625449482.0,64.0
15.52,1625449482.0,64.0
15.95,1625449482.0,64.0
15.88,1625449482.0,64.0
15.74,1625449482.0,64.0
15.83,1625449482.0,64.0
16.2,1625449482.0,64.0
16.64,1625449482.0,64.0
16.85,1625449482.0,64.0
16.61,1625449482.0,64.0
15.89,1625449482.0,64.0
14.81,1625449482.0,64.0
13.53,1625449482.0,64.0
12.16,1625449482.0,64.0
10.72,1625449482.0,64.0
9.21,1625449482.0,64.0
7.6,1625449482.0,64.0
5.98,1625449482.0,64.0
4.47,1625449482.0,64.0
3.15,1625449482.0,64.0
2.0,1625449482.0,64.0
0.87,1625449482.0,64.0
-0.4,1625449482.0,64.0
-1.95,1625449482.0,64.0
-3.78,1625449482.0,64.0
-5.73,1625449482.0,64.0
-7.66,1625449482.0,64.0
-9.5,1625449482.0,64.0
-11.28,1625449482.0,64.0
-13.14,1625449482.0,64.0
-15.22,1625449482.0,64.0
-17.58,1625449482.0,64.0
-20.14,1625449482.0,64.0
-22.71,1625449482.0,64.0
-24.96,1625449482.0,64.0
-26.58,1625449482.0,64.0
-27.28,1625449482.0,64.0
-26.88,1625449482.0,64.0
-25.33,1625449482.0,64.0
-22.71,1625449482.0,64.0
-19.19,1625449482.0,64.0
-14.97,1625449482.0,64.0
-10.26,1625449482.0,64.0
-5.26,1625449482.0,64.0
-0.23,1625449482.0,64.0
4.51,1625449482.0,64.0
8.61,1625449482.0,64.0
11.73,1625449482.0,64.0
13.68,1625449482.0,64.0
14.52,1625449482.0,64.0
14.5,1625449482.0,64.0
14.02,1625449482.0,64.0
13.42,1625449482.0,64.0
12.94,1625449482.0,64.0
12.63,1625449482.0,64.0
12.37,1625449482.0,64.0
11.99,1625449482.0,64.0
11.38,1625449482.0,64.0
10.5,1625449482.0,64.0
9.45,1625449482.0,64.0
8.41,1625449482.0,64.0
7.49,1625449482.0,64.0
6.74,1625449482.0,64.0
6.1,1625449482.0,64.0
5.46,1625449482.0,64.0
4.71,1625449482.0,64.0
3.82,1625449482.0,64.0
2.83,1625449482.0,64.0
1.79,1625449482.0,64.0
0.75,1625449482.0,64.0
-0.3,1625449482.0,64.0
-1.48,1625449482.0,64.0
-2.91,1625449482.0,64.0
-4.69,1625449482.0,64.0
-6.8,1625449482.0,64.0
-9.08,1625449482.0,64.0
-11.34,1625449482.0,64.0
-13.39,1625449482.0,64.0
-15.17,1625449482.0,64.0
-16.81,1625449482.0,64.0
-18.51,1625449482.0,64.0
-20.39,1625449482.0,64.0
-22.35,1625449482.0,64.0
-24.02,1625449482.0,64.0
-24.91,1625449482.0,64.0
-24.61,1625449482.0,64.0
-22.97,1625449482.0,64.0
-20.16,1625449482.0,64.0
-16.49,1625449482.0,64.0
-12.26,1625449482.0,64.0
-7.64,1625449482.0,64.0
-2.67,1625449482.0,64.0
2.59,1625449482.0,64.0
7.93,1625449482.0,64.0
12.95,1625449482.0,64.0
17.11,1625449482.0,64.0
20.01,1625449482.0,64.0
21.5,1625449482.0,64.0
21.76,1625449482.0,64.0
21.22,1625449482.0,64.0
20.39,1625449482.0,64.0
19.63,1625449482.0,64.0
19.09,1625449482.0,64.0
18.68,1625449482.0,64.0
18.19,1625449482.0,64.0
17.45,1625449482.0,64.0
16.38,1625449482.0,64.0
15.03,1625449482.0,64.0
13.52,1625449482.0,64.0
11.94,1625449482.0,64.0
10.33,1625449482.0,64.0
8.67,1625449482.0,64.0
6.97,1625449482.0,64.0
5.26,1625449482.0,64.0
3.61,1625449482.0,64.0
2.08,1625449482.0,64.0
0.69,1625449482.0,64.0
-0.61,1625449482.0,64.0
-1.91,1625449482.0,64.0
-3.3,1625449482.0,64.0
-4.84,1625449482.0,64.0
-6.56,1625449482.0,64.0
-8.43,1625449482.0,64.0
-10.44,1625449482.0,64.0
-12.53,1625449482.0,64.0
-14.68,1625449482.0,64.0
-16.87,1625449482.0,64.0
-19.1,1625449482.0,64.0
-21.32,1625449482.0,64.0
-23.38,1625449482.0,64.0
-25.01,1625449482.0,64.0
-25.87,1625449482.0,64.0
-25.65,1625449482.0,64.0
-24.2,1625449482.0,64.0
-21.6,1625449482.0,64.0
-18.09,1625449482.0,64.0
-14.0,1625449482.0,64.0
-9.58,1625449482.0,64.0
-4.96,1625449482.0,64.0
-0.19,1625449482.0,64.0
4.66,1625449482.0,64.0
9.42,1625449482.0,64.0
13.8,1625449482.0,64.0
17.55,1625449482.0,64.0
20.46,1625449482.0,64.0
22.5,1625449482.0,64.0
23.81,1625449482.0,64.0
24.57,1625449482.0,64.0
25.02,1625449482.0,64.0
25.31,1625449482.0,64.0
25.58,1625449482.0,64.0
25.86,1625449482.0,64.0
26.09,1625449482.0,64.0
26.16,1625449482.0,64.0
25.88,1625449482.0,64.0
25.09,1625449482.0,64.0
23.74,1625449482.0,64.0
21.93,1625449482.0,64.0
19.89,1625449482.0,64.0
17.91,1625449482.0,64.0
16.21,1625449482.0,64.0
14.91,1625449482.0,64.0
14.01,1625449482.0,64.0
13.41,1625449482.0,64.0
13.01,1625449482.0,64.0
12.77,1625449482.0,64.0
12.68,1625449482.0,64.0
12.76,1625449482.0,64.0
13.0,1625449482.0,64.0
13.35,1625449482.0,64.0
13.74,1625449482.0,64.0
14.11,1625449482.0,64.0
14.37,1625449482.0,64.0
14.35,1625449482.0,64.0
13.78,1625449482.0,64.0
12.21,1625449482.0,64.0
9.19,1625449482.0,64.0
4.43,1625449482.0,64.0
-1.91,1625449482.0,64.0
-9.19,1625449482.0,64.0
-16.34,1625449482.0,64.0
-22.21,1625449482.0,64.0
-25.94,1625449482.0,64.0
-27.23,1625449482.0,64.0
-26.42,1625449482.0,64.0
-24.23,1625449482.0,64.0
-21.38,1625449482.0,64.0
-18.37,1625449482.0,64.0
-15.31,1625449482.0,64.0
-12.11,1625449482.0,64.0
-8.71,1625449482.0,64.0
-5.23,1625449482.0,64.0
-1.98,1625449482.0,64.0
0.71,1625449482.0,64.0
2.71,1625449482.0,64.0
4.08,1625449482.0,64.0
5.02,1625449482.0,64.0
5.7,1625449482.0,64.0
6.09,1625449482.0,64.0
6.02,1625449482.0,64.0
5.26,1625449482.0,64.0
3.73,1625449482.0,64.0
1.52,1625449482.0,64.0
-1.13,1625449482.0,64.0
-3.93,1625449482.0,64.0
-6.7,1625449482.0,64.0
-9.35,1625449482.0,64.0
-11.9,1625449482.0,64.0
-14.36,1625449482.0,64.0
-16.7,1625449482.0,64.0
-18.9,1625449482.0,64.0
-20.91,1625449482.0,64.0
-22.67,1625449482.0,64.0
-24.11,1625449482.0,64.0
-25.16,1625449482.0,64.0
-25.73,1625449482.0,64.0
-25.84,1625449482.0,64.0
-25.57,1625449482.0,64.0
-25.09,1625449482.0,64.0
-24.6,1625449482.0,64.0
-24.2,1625449482.0,64.0
-23.94,1625449482.0,64.0
-23.73,1625449482.0,64.0
-23.52,1625449482.0,64.0
-23.34,1625449482.0,64.0
-23.31,1625449482.0,64.0
-23.54,1625449482.0,64.0
-24.04,1625449482.0,64.0
-24.71,1625449482.0,64.0
-25.18,1625449482.0,64.0
-25.04,1625449482.0,64.0
-23.92,1625449482.0,64.0
-21.57,1625449482.0,64.0
-18.03,1625449482.0,64.0
-13.53,1625449482.0,64.0
-8.46,1625449482.0,64.0
-3.24,1625449482.0,64.0
1.84,1625449482.0,64.0
6.64,1625449482.0,64.0
11.11,1625449482.0,64.0
15.21,1625449482.0,64.0
18.8,1625449482.0,64.0
21.64,1625449482.0,64.0
23.54,1625449482.0,64.0
24.49,1625449482.0,64.0
24.68,1625449482.0,64.0
24.48,1625449482.0,64.0
24.24,1625449482.0,64.0
24.08,1625449482.0,64.0
23.87,1625449482.0,64.0
23.28,1625449482.0,64.0
22.03,1625449482.0,64.0
20.08,1625449482.0,64.0
17.66,1625449482.0,64.0
15.13,1625449482.0,64.0
12.83,1625449482.0,64.0
10.89,1625449482.0,64.0
9.18,1625449482.0,64.0
7.48,1625449482.0,64.0
5.63,1625449482.0,64.0
3.6,1625449482.0,64.0
1.54,1625449482.0,64.0
-0.32,1625449482.0,64.0
-1.83,1625449482.0,64.0
-2.94,1625449482.0,64.0
-3.77,1625449482.0,64.0
-4.53,1625449482.0,64.0
-5.38,1625449482.0,64.0
-6.5,1625449482.0,64.0
-7.96,1625449482.0,64.0
-9.78,1625449482.0,64.0
-11.88,1625449482.0,64.0
-14.16,1625449482.0,64.0
-16.41,1625449482.0,64.0
-18.46,1625449482.0,64.0
-20.24,1625449482.0,64.0
-21.72,1625449482.0,64.0
-22.95,1625449482.0,64.0
-23.87,1625449482.0,64.0
-24.25,1625449482.0,64.0
-23.74,1625449482.0,64.0
-22.01,1625449482.0,64.0
-18.87,1625449482.0,64.0
-14.44,1625449482.0,64.0
-9.1,1625449482.0,64.0
-3.38,1625449482.0,64.0
2.19,1625449482.0,64.0
7.22,1625449482.0,64.0
11.4,1625449482.0,64.0
14.53,1625449482.0,64.0
16.47,1625449482.0,64.0
17.25,1625449482.0,64.0
17.08,1625449482.0,64.0
16.37,1625449482.0,64.0
15.64,1625449482.0,64.0
15.34,1625449482.0,64.0
15.7,1625449482.0,64.0
16.63,1625449482.0,64.0
17.84,1625449482.0,64.0
18.97,1625449482.0,64.0
19.74,1625449482.0,64.0
20.08,1625449482.0,64.0
19.99,1625449482.0,64.0
19.53,1625449482.0,64.0
18.71,1625449482.0,64.0
17.52,1625449482.0,64.0
15.99,1625449482.0,64.0
14.19,1625449482.0,64.0
12.3,1625449482.0,64.0
10.53,1625449482.0,64.0
9.1,1625449482.0,64.0
8.12,1625449482.0,64.0
7.6,1625449482.0,64.0
7.44,1625449482.0,64.0
7.48,1625449482.0,64.0
7.52,1625449482.0,64.0
7.37,1625449482.0,64.0
6.94,1625449482.0,64.0
6.21,1625449482.0,64.0
5.33,1625449482.0,64.0
4.48,1625449482.0,64.0
3.78,1625449482.0,64.0
3.13,1625449482.0,64.0
2.25,1625449482.0,64.0
0.77,1625449482.0,64.0
-1.45,1625449482.0,64.0
-4.15,1625449482.0,64.0
-6.66,1625449482.0,64.0
-8.14,1625449482.0,64.0
-8.0,1625449482.0,64.0
-6.14,1625449482.0,64.0
-3.08,1625449482.0,64.0
0.32,1625449482.0,64.0
3.25,1625449482.0,64.0
5.25,1625449482.0,64.0
6.25,1625449482.0,64.0
6.5,1625449482.0,64.0
6.3,1625449482.0,64.0
5.82,1625449482.0,64.0
5.1,1625449482.0,64.0
4.14,1625449482.0,64.0
3.03,1625449482.0,64.0
1.97,1625449482.0,64.0
1.31,1625449482.0,64.0
1.36,1625449482.0,64.0
2.29,1625449482.0,64.0
4.02,1625449482.0,64.0
6.2,1625449482.0,64.0
8.33,1625449482.0,64.0
9.87,1625449482.0,64.0
10.46,1625449482.0,64.0
10.02,1625449482.0,64.0
8.75,1625449482.0,64.0
7.02,1625449482.0,64.0
5.09,1625449482.0,64.0
3.06,1625449482.0,64.0
0.79,1625449482.0,64.0
-1.94,1625449482.0,64.0
-5.23,1625449482.0,64.0
-8.91,1625449482.0,64.0
-12.58,1625449482.0,64.0
-15.74,1625449482.0,64.0
-18.02,1625449482.0,64.0
-19.36,1625449482.0,64.0
-20.03,1625449482.0,64.0
-20.6,1625449482.0,64.0
-21.63,1625449482.0,64.0
-23.45,1625449482.0,64.0
-25.98,1625449482.0,64.0
-28.72,1625449482.0,64.0
-30.93,1625449482.0,64.0
-31.97,1625449482.0,64.0
-31.47,1625449482.0,64.0
-29.47,1625449482.0,64.0
-26.29,1625449482.0,64.0
-22.33,1625449482.0,64.0
-17.88,1625449482.0,64.0
-13.07,1625449482.0,64.0
-7.96,1625449482.0,64.0
-2.69,1625449482.0,64.0
2.45,1625449482.0,64.0
7.04,1625449482.0,64.0
10.7,1625449482.0,64.0
13.27,1625449482.0,64.0
14.82,1625449482.0,64.0
15.65,1625449482.0,64.0
16.13,1625449482.0,64.0
16.55,1625449482.0,64.0
17.0,1625449482.0,64.0
17.42,1625449482.0,64.0
17.64,1625449482.0,64.0
17.49,1625449482.0,64.0
16.85,1625449482.0,64.0
15.73,1625449482.0,64.0
14.23,1625449482.0,64.0
12.44,1625449482.0,64.0
10.47,1625449482.0,64.0
8.36,1625449482.0,64.0
6.2,1625449482.0,64.0
4.1,1625449482.0,64.0
2.17,1625449482.0,64.0
0.53,1625449482.0,64.0
-0.83,1625449482.0,64.0
-2.04,1625449482.0,64.0
-3.3,1625449482.0,64.0
-4.8,1625449482.0,64.0
-6.7,1625449482.0,64.0
-9.05,1625449482.0,64.0
-11.84,1625449482.0,64.0
-15.03,1625449482.0,64.0
-18.52,1625449482.0,64.0
-22.14,1625449482.0,64.0
-25.56,1625449482.0,64.0
-28.37,1625449482.0,64.0
-30.12,1625449482.0,64.0
-30.49,1625449482.0,64.0
-29.41,1625449482.0,64.0
-27.0,1625449482.0,64.0
-23.56,1625449482.0,64.0
-19.37,1625449482.0,64.0
-14.66,1625449482.0,64.0
-9.55,1625449482.0,64.0
-4.13,1625449482.0,64.0
1.42,1625449482.0,64.0
6.81,1625449482.0,64.0
11.59,1625449482.0,64.0
15.34,1625449482.0,64.0
17.79,1625449482.0,64.0
18.96,1625449482.0,64.0
19.18,1625449482.0,64.0
18.92,1625449482.0,64.0
18.62,1625449482.0,64.0
18.52,1625449482.0,64.0
18.63,1625449482.0,64.0
18.78,1625449482.0,64.0
18.76,1625449482.0,64.0
18.45,1625449482.0,64.0
17.81,1625449482.0,64.0
16.84,1625449482.0,64.0
15.53,1625449482.0,64.0
13.84,1625449482.0,64.0
11.74,1625449482.0,64.0
9.3,1625449482.0,64.0
6.66,1625449482.0,64.0
3.98,1625449482.0,64.0
1.41,1625449482.0,64.0
-1.01,1625449482.0,64.0
-3.27,1625449482.0,64.0
-5.38,1625449482.0,64.0
-7.35,1625449482.0,64.0
-9.19,1625449482.0,64.0
-10.97,1625449482.0,64.0
-12.82,1625449482.0,64.0
-14.9,1625449482.0,64.0
-17.33,1625449482.0,64.0
-20.08,1625449482.0,64.0
-22.98,1625449482.0,64.0
-25.74,1625449482.0,64.0
-28.04,1625449482.0,64.0
-29.59,1625449482.0,64.0
-30.19,1625449482.0,64.0
-29.68,1625449482.0,64.0
-27.99,1625449482.0,64.0
-25.11,1625449482.0,64.0
-21.17,1625449482.0,64.0
-16.4,1625449482.0,64.0
-11.1,1625449482.0,64.0
-5.54,1625449482.0,64.0
0.04,1625449482.0,64.0
5.46,1625449482.0,64.0
10.51,1625449482.0,64.0
14.92,1625449482.0,64.0
18.39,1625449482.0,64.0
20.72,1625449482.0,64.0
21.91,1625449482.0,64.0
22.17,1625449482.0,64.0
21.89,1625449482.0,64.0
21.42,1625449482.0,64.0
20.94,1625449482.0,64.0
20.44,1625449482.0,64.0
19.75,1625449482.0,64.0
18.78,1625449482.0,64.0
17.56,1625449482.0,64.0
16.24,1625449482.0,64.0
15.03,1625449482.0,64.0
14.06,1625449482.0,64.0
13.27,1625449482.0,64.0
12.52,1625449482.0,64.0
11.62,1625449482.0,64.0
10.4,1625449482.0,64.0
8.82,1625449482.0,64.0
6.88,1625449482.0,64.0
4.66,1625449482.0,64.0
2.25,1625449482.0,64.0
-0.28,1625449482.0,64.0
-2.83,1625449482.0,64.0
-5.3,1625449482.0,64.0
-7.63,1625449482.0,64.0
-9.82,1625449482.0,64.0
-11.95,1625449482.0,64.0
-14.15,1625449482.0,64.0
-16.57,1625449482.0,64.0
-19.25,1625449482.0,64.0
-22.11,1625449482.0,64.0
-24.91,1625449482.0,64.0
-27.34,1625449482.0,64.0
-29.04,1625449482.0,64.0
-29.67,1625449482.0,64.0
-29.03,1625449482.0,64.0
-27.03,1625449482.0,64.0
-23.74,1625449482.0,64.0
-19.39,1625449482.0,64.0
-14.27,1625449482.0,64.0
-8.67,1625449482.0,64.0
-2.82,1625449482.0,64.0
3.1,1625449482.0,64.0
8.89,1625449482.0,64.0
14.24,1625449482.0,64.0
18.79,1625449482.0,64.0
22.16,1625449482.0,64.0
24.13,1625449482.0,64.0
24.77,1625449482.0,64.0
24.42,1625449482.0,64.0
23.57,1625449482.0,64.0
22.71,1625449482.0,64.0
22.15,1625449482.0,64.0
21.92,1625449482.0,64.0
21.89,1625449482.0,64.0
21.76,1625449482.0,64.0
21.31,1625449482.0,64.0
20.4,1625449482.0,64.0
19.02,1625449482.0,64.0
17.28,1625449482.0,64.0
15.32,1625449482.0,64.0
13.25,1625449482.0,64.0
11.15,1625449482.0,64.0
9.09,1625449482.0,64.0
7.08,1625449482.0,64.0
5.2,1625449482.0,64.0
3.46,1625449482.0,64.0
1.82,1625449482.0,64.0
0.2,1625449482.0,64.0
-1.54,1625449482.0,64.0
-3.48,1625449482.0,64.0
-5.63,1625449482.0,64.0
-7.88,1625449482.0,64.0
-10.12,1625449482.0,64.0
-12.27,1625449482.0,64.0
-14.32,1625449482.0,64.0
-16.33,1625449482.0,64.0
-18.39,1625449482.0,64.0
-20.59,1625449482.0,64.0
-23.0,1625449482.0,64.0
-25.64,1625449482.0,64.0
-28.39,1625449482.0,64.0
-30.92,1625449482.0,64.0
-32.76,1625449482.0,64.0
-33.34,1625449482.0,64.0
-32.26,1625449482.0,64.0
-29.42,1625449482.0,64.0
-25.08,1625449482.0,64.0
-19.73,1625449482.0,64.0
-13.92,1625449482.0,64.0
-8.1,1625449482.0,64.0
-2.6,1625449482.0,64.0
2.35,1625449482.0,64.0
6.54,1625449482.0,64.0
9.73,1625449482.0,64.0
11.78,1625449482.0,64.0
12.68,1625449482.0,64.0
12.65,1625449482.0,64.0
12.01,1625449482.0,64.0
11.1,1625449482.0,64.0
10.13,1625449482.0,64.0
9.12,1625449482.0,64.0
7.95,1625449482.0,64.0
6.49,1625449482.0,64.0
4.68,1625449482.0,64.0
2.66,1625449482.0,64.0
0.73,1625449482.0,64.0
-0.72,1625449482.0,64.0
-1.27,1625449482.0,64.0
-0.59,1625449482.0,64.0
1.48,1625449482.0,64.0
4.86,1625449482.0,64.0
9.26,1625449482.0,64.0
14.17,1625449482.0,64.0
19.0,1625449482.0,64.0
23.21,1625449482.0,64.0
26.43,1625449482.0,64.0
28.52,1625449482.0,64.0
29.5,1625449482.0,64.0
29.45,1625449482.0,64.0
28.44,1625449482.0,64.0
26.5,1625449482.0,64.0
23.74,1625449482.0,64.0
20.37,1625449482.0,64.0
16.71,1625449482.0,64.0
13.08,1625449482.0,64.0
9.7,1625449482.0,64.0
6.6,1625449482.0,64.0
3.65,1625449482.0,64.0
0.68,1625449482.0,64.0
-2.42,1625449482.0,64.0
-5.65,1625449482.0,64.0
-8.95,1625449482.0,64.0
-12.19,1625449482.0,64.0
-15.24,1625449482.0,64.0
-17.86,1625449482.0,64.0
-19.72,1625449482.0,64.0
-20.41,1625449482.0,64.0
-19.63,1625449482.0,64.0
-17.28,1625449482.0,64.0
-13.52,1625449482.0,64.0
-8.78,1625449482.0,64.0
-3.58,1625449482.0,64.0
1.55,1625449482.0,64.0
6.18,1625449482.0,64.0
10.02,1625449482.0,64.0
12.89,1625449482.0,64.0
14.73,1625449482.0,64.0
15.66,1625449482.0,64.0
15.93,1625449482.0,64.0
15.92,1625449482.0,64.0
15.96,1625449482.0,64.0
16.24,1625449482.0,64.0
16.73,1625449482.0,64.0
17.22,1625449482.0,64.0
17.44,1625449482.0,64.0
17.19,1625449482.0,64.0
16.44,1625449482.0,64.0
15.28,1625449482.0,64.0
13.89,1625449482.0,64.0
12.36,1625449482.0,64.0
10.73,1625449482.0,64.0
8.99,1625449482.0,64.0
7.17,1625449482.0,64.0
5.38,1625449482.0,64.0
3.77,1625449482.0,64.0
2.48,1625449482.0,64.0
1.56,1625449482.0,64.0
0.94,1625449482.0,64.0
0.49,1625449482.0,64.0
0.09,1625449482.0,64.0
-0.37,1625449482.0,64.0
-0.98,1625449482.0,64.0
-1.85,1625449482.0,64.0
-3.09,1625449482.0,64.0
-4.8,1625449482.0,64.0
-6.96,1625449482.0,64.0
-9.44,1625449482.0,64.0
-12.09,1625449482.0,64.0
-14.79,1625449482.0,64.0
-17.54,1625449482.0,64.0
-20.37,1625449482.0,64.0
-23.21,1625449482.0,64.0
-25.82,1625449482.0,64.0
-27.78,1625449482.0,64.0
-28.63,1625449482.0,64.0
-28.11,1625449482.0,64.0
-26.18,1625449482.0,64.0
-23.06,1625449482.0,64.0
-19.03,1625449482.0,64.0
-14.35,1625449482.0,64.0
-9.21,1625449482.0,64.0
-3.76,1625449482.0,64.0
1.74,1625449482.0,64.0
6.93,1625449482.0,64.0
11.41,1625449482.0,64.0
14.9,1625449482.0,64.0
17.3,1625449482.0,64.0
18.73,1625449482.0,64.0
19.45,1625449482.0,64.0
19.76,1625449482.0,64.0
19.96,1625449482.0,64.0
20.24,1625449482.0,64.0
20.73,1625449482.0,64.0
21.37,1625449482.0,64.0
21.97,1625449482.0,64.0
22.22,1625449482.0,64.0
21.81,1625449482.0,64.0
20.53,1625449482.0,64.0
18.41,1625449482.0,64.0
15.66,1625449482.0,64.0
12.61,1625449482.0,64.0
9.57,1625449482.0,64.0
6.69,1625449482.0,64.0
4.06,1625449482.0,64.0
1.73,1625449482.0,64.0
-0.18,1625449482.0,64.0
-1.46,1625449482.0,64.0
-2.01,1625449482.0,64.0
-1.85,1625449482.0,64.0
-1.26,1625449482.0,64.0
-0.64,1625449482.0,64.0
-0.45,1625449482.0,64.0
-1.01,1625449482.0,64.0
-2.45,1625449482.0,64.0
-4.74,1625449482.0,64.0
-7.72,1625449482.0,64.0
-11.19,1625449482.0,64.0
-14.91,1625449482.0,64.0
-18.61,1625449482.0,64.0
-22.06,1625449482.0,64.0
-25.01,1625449482.0,64.0
-27.27,1625449482.0,64.0
-28.64,1625449482.0,64.0
-29.01,1625449482.0,64.0
-28.33,1625449482.0,64.0
-26.65,1625449482.0,64.0
-24.19,1625449482.0,64.0
-21.21,1625449482.0,64.0
-17.94,1625449482.0,64.0
-14.47,1625449482.0,64.0
-10.7,1625449482.0,64.0
-6.42,1625449482.0,64.0
-1.56,1625449482.0,64.0
3.63,1625449482.0,64.0
8.54,1625449482.0,64.0
12.33,1625449482.0,64.0
14.33,1625449482.0,64.0
14.27,1625449482.0,64.0
12.48,1625449482.0,64.0
9.73,1625449482.0,64.0
6.93,1625449482.0,64.0
4.79,1625449482.0,64.0
3.59,1625449482.0,64.0
3.18,1625449482.0,64.0
3.13,1625449482.0,64.0
3.05,1625449482.0,64.0
2.72,1625449482.0,64.0
2.16,1625449482.0,64.0
1.51,1625449482.0,64.0
0.89,1625449482.0,64.0
0.35,1625449482.0,64.0
-0.21,1625449482.0,64.0
-0.93,1625449482.0,64.0
-1.91,1625449482.0,64.0
-3.18,1625449482.0,64.0
-4.64,1625449482.0,64.0
-6.07,1625449482.0,64.0
-7.22,1625449482.0,64.0
-7.89,1625449482.0,64.0
-8.03,1625449482.0,64.0
-7.9,1625449482.0,64.0
-7.86,1625449482.0,64.0
-8.33,1625449482.0,64.0
-9.51,1625449482.0,64.0
-11.29,1625449482.0,64.0
-13.32,1625449482.0,64.0
-15.15,1625449482.0,64.0
-16.51,1625449482.0,64.0
-17.36,1625449482.0,64.0
-17.88,1625449482.0,64.0
-18.23,1625449482.0,64.0
-18.34,1625449482.0,64.0
-17.93,1625449482.0,64.0
-16.54,1625449482.0,64.0
-13.84,1625449482.0,64.0
-9.76,1625449482.0,64.0
-4.55,1625449482.0,64.0
1.32,1625449482.0,64.0
7.36,1625449482.0,64.0
13.22,1625449482.0,64.0
18.72,1625449482.0,64.0
23.75,1625449482.0,64.0
28.22,1625449482.0,64.0
31.95,1625449482.0,64.0
34.7,1625449482.0,64.0
36.29,1625449482.0,64.0
36.67,1625449482.0,64.0
36.03,1625449482.0,64.0
34.68,1625449482.0,64.0
33.01,1625449482.0,64.0
31.27,1625449482.0,64.0
29.62,1625449482.0,64.0
28.02,1625449482.0,64.0
26.36,1625449482.0,64.0
24.54,1625449482.0,64.0
22.5,1625449482.0,64.0
20.17,1625449482.0,64.0
17.53,1625449482.0,64.0
14.47,1625449482.0,64.0
10.95,1625449482.0,64.0
6.98,1625449482.0,64.0
2.67,1625449482.0,64.0
-1.74,1625449482.0,64.0
-5.94,1625449482.0,64.0
-9.67,1625449482.0,64.0
-12.77,1625449482.0,64.0
-15.28,1625449482.0,64.0
-17.42,1625449482.0,64.0
-19.48,1625449482.0,64.0
-21.7,1625449482.0,64.0
-24.17,1625449482.0,64.0
-26.76,1625449482.0,64.0
-29.3,1625449482.0,64.0
-31.61,1625449482.0,64.0
-33.61,1625449482.0,64.0
-35.35,1625449482.0,64.0
-36.89,1625449482.0,64.0
-38.17,1625449482.0,64.0
-38.97,1625449482.0,64.0
-38.94,1625449482.0,64.0
-37.76,1625449482.0,64.0
-35.31,1625449482.0,64.0
-31.67,1625449482.0,64.0
-27.18,1625449482.0,64.0
-22.2,1625449482.0,64.0
-16.98,1625449482.0,64.0
-11.62,1625449482.0,64.0
-6.05,1625449482.0,64.0
-0.22,1625449482.0,64.0
5.79,1625449482.0,64.0
11.68,1625449482.0,64.0
16.98,1625449482.0,64.0
21.21,1625449482.0,64.0
24.1,1625449482.0,64.0
25.66,1625449482.0,64.0
26.18,1625449482.0,64.0
26.11,1625449482.0,64.0
25.83,1625449482.0,64.0
25.56,1625449482.0,64.0
25.36,1625449482.0,64.0
25.2,1625449482.0,64.0
25.02,1625449482.0,64.0
24.78,1625449482.0,64.0
24.4,1625449482.0,64.0
23.72,1625449482.0,64.0
22.47,1625449482.0,64.0
20.41,1625449482.0,64.0
17.45,1625449482.0,64.0
13.76,1625449482.0,64.0
9.73,1625449482.0,64.0
5.81,1625449482.0,64.0
2.37,1625449482.0,64.0
-0.43,1625449482.0,64.0
-2.62,1625449482.0,64.0
-4.39,1625449482.0,64.0
-5.87,1625449482.0,64.0
-7.18,1625449482.0,64.0
-8.36,1625449482.0,64.0
-9.49,1625449482.0,64.0
-10.67,1625449482.0,64.0
-12.03,1625449482.0,64.0
-13.74,1625449482.0,64.0
-15.84,1625449482.0,64.0
-18.32,1625449482.0,64.0
-21.06,1625449482.0,64.0
-23.85,1625449482.0,64.0
-26.45,1625449482.0,64.0
-28.65,1625449482.0,64.0
-30.21,1625449482.0,64.0
-30.95,1625449482.0,64.0
-30.67,1625449482.0,64.0
-29.19,1625449482.0,64.0
-26.36,1625449482.0,64.0
-22.13,1625449482.0,64.0
-16.64,1625449482.0,64.0
-10.23,1625449482.0,64.0
-3.48,1625449482.0,64.0
2.9,1625449482.0,64.0
8.25,1625449482.0,64.0
12.15,1625449482.0,64.0
14.48,1625449482.0,64.0
15.45,1625449482.0,64.0
15.5,1625449482.0,64.0
15.03,1625449482.0,64.0
14.4,1625449482.0,64.0
13.74,1625449482.0,64.0
13.04,1625449482.0,64.0
12.23,1625449482.0,64.0
11.23,1625449482.0,64.0
10.06,1625449482.0,64.0
8.78,1625449482.0,64.0
7.47,1625449482.0,64.0
6.19,1625449482.0,64.0
4.98,1625449482.0,64.0
3.8,1625449482.0,64.0
2.64,1625449482.0,64.0
1.45,1625449482.0,64.0
0.27,1625449482.0,64.0
-0.88,1625449482.0,64.0
-1.92,1625449482.0,64.0
-2.81,1625449482.0,64.0
-3.54,1625449482.0,64.0
-4.23,1625449482.0,64.0
-5.04,1625449482.0,64.0
-6.18,1625449482.0,64.0
-7.76,1625449482.0,64.0
-9.75,1625449482.0,64.0
-11.99,1625449482.0,64.0
-14.28,1625449482.0,64.0
-16.51,1625449482.0,64.0
-18.62,1625449482.0,64.0
-20.62,1625449482.0,64.0
-22.41,1625449482.0,64.0
-23.71,1625449482.0,64.0
-24.16,1625449482.0,64.0
-23.42,1625449482.0,64.0
-21.34,1625449482.0,64.0
-18.07,1625449482.0,64.0
-13.95,1625449482.0,64.0
-9.35,1625449482.0,64.0
-4.56,1625449482.0,64.0
0.31,1625449482.0,64.0
5.25,1625449482.0,64.0
10.2,1625449482.0,64.0
14.96,1625449482.0,64.0
19.19,1625449482.0,64.0
22.55,1625449482.0,64.0
24.79,1625449482.0,64.0
25.88,1625449482.0,64.0
26.03,1625449482.0,64.0
25.59,1625449482.0,64.0
24.95,1625449482.0,64.0
24.33,1625449482.0,64.0
23.79,1625449482.0,64.0
23.22,1625449482.0,64.0
22.45,1625449482.0,64.0
21.37,1625449482.0,64.0
20.0,1625449482.0,64.0
18.43,1625449482.0,64.0
16.78,1625449482.0,64.0
15.08,1625449482.0,64.0
13.31,1625449482.0,64.0
11.41,1625449482.0,64.0
9.38,1625449482.0,64.0
7.29,1625449482.0,64.0
5.27,1625449482.0,64.0
3.38,1625449482.0,64.0
1.63,1625449482.0,64.0
-0.04,1625449482.0,64.0
-1.7,1625449482.0,64.0
-3.41,1625449482.0,64.0
-5.15,1625449482.0,64.0
-6.9,1625449482.0,64.0
-8.65,1625449482.0,64.0
-10.42,1625449482.0,64.0
-12.29,1625449482.0,64.0
-14.35,1625449482.0,64.0
-16.65,1625449482.0,64.0
-19.17,1625449482.0,64.0
-21.79,1625449482.0,64.0
-24.24,1625449482.0,64.0
-26.17,1625449482.0,64.0
-27.18,1625449482.0,64.0
-26.99,1625449482.0,64.0
-25.48,1625449482.0,64.0
-22.75,1625449482.0,64.0
-19.05,1625449482.0,64.0
-14.69,1625449482.0,64.0
-9.96,1625449482.0,64.0
-5.06,1625449482.0,64.0
-0.14,1625449482.0,64.0
4.66,1625449482.0,64.0
9.15,1625449482.0,64.0
13.08,1625449482.0,64.0
16.26,1625449482.0,64.0
18.58,1625449482.0,64.0
20.06,1625449482.0,64.0
20.85,1625449482.0,64.0
21.16,1625449482.0,64.0
21.16,1625449482.0,64.0
20.93,1625449482.0,64.0
20.53,1625449482.0,64.0
19.96,1625449482.0,64.0
19.25,1625449482.0,64.0
18.4,1625449482.0,64.0
17.41,1625449482.0,64.0
16.26,1625449482.0,64.0
14.91,1625449482.0,64.0
13.31,1625449482.0,64.0
11.44,1625449482.0,64.0
9.37,1625449482.0,64.0
7.17,1625449482.0,64.0
4.99,1625449482.0,64.0
2.9,1625449482.0,64.0
0.95,1625449482.0,64.0
-0.88,1625449482.0,64.0
-2.63,1625449482.0,64.0
-4.31,1625449482.0,64.0
-5.93,1625449482.0,64.0
-7.47,1625449482.0,64.0
-8.93,1625449482.0,64.0
-10.4,1625449482.0,64.0
-11.99,1625449482.0,64.0
-13.79,1625449482.0,64.0
-15.8,1625449482.0,64.0
-17.95,1625449482.0,64.0
-20.11,1625449482.0,64.0
-22.24,1625449482.0,64.0
-24.33,1625449482.0,64.0
-26.44,1625449482.0,64.0
-28.45,1625449482.0,64.0
-30.06,1625449482.0,64.0
-30.78,1625449482.0,64.0
-30.12,1625449482.0,64.0
-27.84,1625449482.0,64.0
-24.05,1625449482.0,64.0
-19.19,1625449482.0,64.0
-13.82,1625449482.0,64.0
-8.4,1625449482.0,64.0
-3.22,1625449482.0,64.0
1.62,1625449482.0,64.0
6.07,1625449482.0,64.0
10.01,1625449482.0,64.0
13.29,1625449482.0,64.0
15.79,1625449482.0,64.0
17.46,1625449482.0,64.0
18.42,1625449482.0,64.0
18.82,1625449482.0,64.0
18.85,1625449482.0,64.0
18.62,1625449482.0,64.0
18.26,1625449482.0,64.0
17.9,1625449482.0,64.0
17.64,1625449482.0,64.0
17.51,1625449482.0,64.0
17.43,1625449482.0,64.0
17.21,1625449482.0,64.0
16.65,1625449482.0,64.0
15.63,1625449482.0,64.0
14.2,1625449482.0,64.0
12.54,1625449482.0,64.0
10.86,1625449482.0,64.0
9.31,1625449482.0,64.0
7.94,1625449482.0,64.0
6.69,1625449482.0,64.0
5.51,1625449482.0,64.0
4.33,1625449482.0,64.0
3.16,1625449482.0,64.0
1.97,1625449482.0,64.0
0.77,1625449482.0,64.0
-0.49,1625449482.0,64.0
-1.87,1625449482.0,64.0
-3.37,1625449482.0,64.0
-4.94,1625449482.0,64.0
-6.53,1625449482.0,64.0
-8.11,1625449482.0,64.0
-9.75,1625449482.0,64.0
-11.57,1625449482.0,64.0
-13.65,1625449482.0,64.0
-15.97,1625449482.0,64.0
-18.35,1625449482.0,64.0
-20.42,1625449482.0,64.0
-21.76,1625449482.0,64.0
-21.98,1625449482.0,64.0
-20.84,1625449482.0,64.0
-18.36,1625449482.0,64.0
-14.73,1625449482.0,64.0
-10.32,1625449482.0,64.0
-5.52,1625449482.0,64.0
-0.71,1625449482.0,64.0
3.78,1625449482.0,64.0
7.72,1625449482.0,64.0
10.97,1625449482.0,64.0
13.46,1625449482.0,64.0
15.16,1625449482.0,64.0
16.13,1625449482.0,64.0
16.41,1625449482.0,64.0
16.18,1625449482.0,64.0
15.64,1625449482.0,64.0
15.06,1625449482.0,64.0
14.62,1625449482.0,64.0
14.38,1625449482.0,64.0
14.22,1625449482.0,64.0
13.91,1625449482.0,64.0
13.25,1625449482.0,64.0
12.15,1625449482.0,64.0
10.72,1625449482.0,64.0
9.12,1625449482.0,64.0
7.56,1625449482.0,64.0
6.14,1625449482.0,64.0
4.87,1625449482.0,64.0
3.68,1625449482.0,64.0
2.49,1625449482.0,64.0
1.25,1625449482.0,64.0
-0.01,1625449482.0,64.0
-1.28,1625449482.0,64.0
-2.52,1625449482.0,64.0
-3.76,1625449482.0,64.0
-5.04,1625449482.0,64.0
-6.43,1625449482.0,64.0
-8.01,1625449482.0,64.0
-9.82,1625449482.0,64.0
-11.85,1625449482.0,64.0
-14.05,1625449482.0,64.0
-16.37,1625449482.0,64.0
-18.71,1625449482.0,64.0
-21.01,1625449482.0,64.0
-23.16,1625449482.0,64.0
-25.01,1625449482.0,64.0
-26.33,1625449482.0,64.0
-26.84,1625449482.0,64.0
-26.31,1625449482.0,64.0
-24.66,1625449482.0,64.0
-21.96,1625449482.0,64.0
-18.4,1625449482.0,64.0
-14.24,1625449482.0,64.0
-9.71,1625449482.0,64.0
-4.99,1625449482.0,64.0
-0.28,1625449482.0,64.0
4.24,1625449482.0,64.0
8.3,1625449482.0,64.0
11.66,1625449482.0,64.0
14.15,1625449482.0,64.0
15.74,1625449482.0,64.0
16.55,1625449482.0,64.0
16.81,1625449482.0,64.0
16.77,1625449482.0,64.0
16.67,1625449482.0,64.0
16.62,1625449482.0,64.0
16.64,1625449482.0,64.0
16.65,1625449482.0,64.0
16.53,1625449482.0,64.0
16.16,1625449482.0,64.0
15.43,1625449482.0,64.0
14.33,1625449482.0,64.0
12.9,1625449482.0,64.0
11.27,1625449482.0,64.0
9.58,1625449482.0,64.0
7.94,1625449482.0,64.0
6.43,1625449482.0,64.0
5.04,1625449482.0,64.0
3.7,1625449482.0,64.0
2.36,1625449482.0,64.0
0.92,1625449482.0,64.0
-0.63,1625449482.0,64.0
-2.31,1625449482.0,64.0
-4.11,1625449482.0,64.0
-6.02,1625449482.0,64.0
-8.01,1625449482.0,64.0
-10.06,1625449482.0,64.0
-12.1,1625449482.0,64.0
-14.06,1625449482.0,64.0
-15.93,1625449482.0,64.0
-17.78,1625449482.0,64.0
-19.73,1625449482.0,64.0
-21.9,1625449482.0,64.0
-24.22,1625449482.0,64.0
-26.38,1625449482.0,64.0
-27.89,1625449482.0,64.0
-28.26,1625449482.0,64.0
-27.2,1625449482.0,64.0
-24.76,1625449482.0,64.0
-21.29,1625449482.0,64.0
-17.25,1625449482.0,64.0
-12.99,1625449482.0,64.0
-8.7,1625449482.0,64.0
-4.33,1625449482.0,64.0
0.14,1625449482.0,64.0
4.66,1625449482.0,64.0
8.97,1625449482.0,64.0
12.74,1625449482.0,64.0
15.7,1625449482.0,64.0
17.74,1625449482.0,64.0
18.94,1625449482.0,64.0
19.5,1625449482.0,64.0
19.68,1625449482.0,64.0
19.65,1625449482.0,64.0
19.52,1625449482.0,64.0
19.3,1625449482.0,64.0
18.97,1625449482.0,64.0
18.53,1625449482.0,64.0
17.97,1625449482.0,64.0
17.31,1625449482.0,64.0
16.51,1625449482.0,64.0
15.54,1625449482.0,64.0
14.37,1625449482.0,64.0
12.98,1625449482.0,64.0
11.39,1625449482.0,64.0
9.66,1625449482.0,64.0
7.82,1625449482.0,64.0
5.92,1625449482.0,64.0
3.98,1625449482.0,64.0
2.05,1625449482.0,64.0
0.19,1625449482.0,64.0
-1.53,1625449482.0,64.0
-3.07,1625449482.0,64.0
-4.45,1625449482.0,64.0
-5.77,1625449482.0,64.0
-7.13,1625449482.0,64.0
-8.66,1625449482.0,64.0
-10.41,1625449482.0,64.0
-12.36,1625449482.0,64.0
-14.45,1625449482.0,64.0
-16.63,1625449482.0,64.0
-18.86,1625449482.0,64.0
-21.13,1625449482.0,64.0
-23.38,1625449482.0,64.0
-25.42,1625449482.0,64.0
-26.97,1625449482.0,64.0
-27.68,1625449482.0,64.0
-27.23,1625449482.0,64.0
-25.47,1625449482.0,64.0
-22.5,1625449482.0,64.0
-18.61,1625449482.0,64.0
-14.18,1625449482.0,64.0
-9.53,1625449482.0,64.0
-4.82,1625449482.0,64.0
-0.11,1625449482.0,64.0
4.56,1625449482.0,64.0
9.07,1625449482.0,64.0
13.14,1625449482.0,64.0
16.43,1625449482.0,64.0
18.7,1625449482.0,64.0
19.91,1625449482.0,64.0
20.26,1625449482.0,64.0
20.09,1625449482.0,64.0
19.78,1625449482.0,64.0
19.59,1625449482.0,64.0
19.62,1625449482.0,64.0
19.82,1625449482.0,64.0
20.04,1625449482.0,64.0
20.09,1625449482.0,64.0
19.82,1625449482.0,64.0
19.09,1625449482.0,64.0
17.85,1625449482.0,64.0
16.11,1625449482.0,64.0
14.03,1625449482.0,64.0
11.82,1625449482.0,64.0
9.66,1625449482.0,64.0
7.71,1625449482.0,64.0
6.0,1625449482.0,64.0
4.5,1625449482.0,64.0
3.1,1625449482.0,64.0
1.73,1625449482.0,64.0
0.29,1625449482.0,64.0
-1.27,1625449482.0,64.0
-2.93,1625449482.0,64.0
-4.67,1625449482.0,64.0
-6.4,1625449482.0,64.0
-8.03,1625449482.0,64.0
-9.52,1625449482.0,64.0
-10.92,1625449482.0,64.0
-12.31,1625449482.0,64.0
-13.84,1625449482.0,64.0
-15.61,1625449482.0,64.0
-17.67,1625449482.0,64.0
-19.97,1625449482.0,64.0
-22.35,1625449482.0,64.0
-24.54,1625449482.0,64.0
-26.17,1625449482.0,64.0
-26.83,1625449482.0,64.0
-26.22,1625449482.0,64.0
-24.21,1625449482.0,64.0
-20.95,1625449482.0,64.0
-16.76,1625449482.0,64.0
-12.07,1625449482.0,64.0
-7.21,1625449482.0,64.0
-2.37,1625449482.0,64.0
2.39,1625449482.0,64.0
7.02,1625449482.0,64.0
11.35,1625449482.0,64.0
15.13,1625449482.0,64.0
18.02,1625449482.0,64.0
19.84,1625449482.0,64.0
20.61,1625449482.0,64.0
20.6,1625449482.0,64.0
20.21,1625449482.0,64.0
19.83,1625449482.0,64.0
19.67,1625449482.0,64.0
19.72,1625449482.0,64.0
19.84,1625449482.0,64.0
19.82,1625449482.0,64.0
19.56,1625449482.0,64.0
19.07,1625449482.0,64.0
18.44,1625449482.0,64.0
17.71,1625449482.0,64.0
16.91,1625449482.0,64.0
15.99,1625449482.0,64.0
14.87,1625449482.0,64.0
13.55,1625449482.0,64.0
12.04,1625449482.0,64.0
10.43,1625449482.0,64.0
8.74,1625449482.0,64.0
6.97,1625449482.0,64.0
5.01,1625449482.0,64.0
2.78,1625449482.0,64.0
0.18,1625449482.0,64.0
-2.74,1625449482.0,64.0
-5.87,1625449482.0,64.0
-9.0,1625449482.0,64.0
-11.92,1625449482.0,64.0
-14.45,1625449482.0,64.0
-16.5,1625449482.0,64.0
-18.05,1625449482.0,64.0
-19.15,1625449482.0,64.0
-19.96,1625449482.0,64.0
-20.69,1625449482.0,64.0
-21.56,1625449482.0,64.0
-22.7,1625449482.0,64.0
-24.1,1625449482.0,64.0
-25.47,1625449482.0,64.0
-26.37,1625449482.0,64.0
-26.34,1625449482.0,64.0
-25.07,1625449482.0,64.0
-22.53,1625449482.0,64.0
-18.95,1625449482.0,64.0
-14.67,1625449482.0,64.0
-10.01,1625449482.0,64.0
-5.16,1625449482.0,64.0
-0.25,1625449482.0,64.0
4.59,1625449482.0,64.0
9.15,1625449482.0,64.0
13.15,1625449482.0,64.0
16.33,1625449482.0,64.0
18.59,1625449482.0,64.0
20.01,1625449482.0,64.0
20.78,1625449482.0,64.0
21.13,1625449482.0,64.0
21.22,1625449482.0,64.0
21.07,1625449482.0,64.0
20.67,1625449482.0,64.0
20.0,1625449482.0,64.0
19.12,1625449482.0,64.0
18.1,1625449482.0,64.0
17.06,1625449482.0,64.0
16.0,1625449482.0,64.0
14.87,1625449482.0,64.0
13.56,1625449482.0,64.0
11.99,1625449482.0,64.0
10.2,1625449482.0,64.0
8.3,1625449482.0,64.0
6.47,1625449482.0,64.0
4.82,1625449482.0,64.0
3.41,1625449482.0,64.0
2.16,1625449482.0,64.0
0.96,1625449482.0,64.0
-0.31,1625449482.0,64.0
-1.69,1625449482.0,64.0
-3.13,1625449482.0,64.0
-4.5,1625449482.0,64.0
-5.72,1625449482.0,64.0
-6.78,1625449482.0,64.0
-7.76,1625449482.0,64.0
-8.84,1625449482.0,64.0
-10.15,1625449482.0,64.0
-11.73,1625449482.0,64.0
-13.53,1625449482.0,64.0
-15.46,1625449482.0,64.0
-17.44,1625449482.0,64.0
-19.46,1625449482.0,64.0
-21.48,1625449482.0,64.0
-23.37,1625449482.0,64.0
-24.82,1625449482.0,64.0
-25.39,1625449482.0,64.0
-24.68,1625449482.0,64.0
-22.5,1625449482.0,64.0
-19.02,1625449482.0,64.0
-14.69,1625449482.0,64.0
-10.04,1625449482.0,64.0
-5.47,1625449482.0,64.0
-1.14,1625449482.0,64.0
2.96,1625449482.0,64.0
6.85,1625449482.0,64.0
10.41,1625449482.0,64.0
13.4,1625449482.0,64.0
15.52,1625449482.0,64.0
16.68,1625449482.0,64.0
16.99,1625449482.0,64.0
16.78,1625449482.0,64.0
16.45,1625449482.0,64.0
16.24,1625449482.0,64.0
16.25,1625449482.0,64.0
16.37,1625449482.0,64.0
16.46,1625449482.0,64.0
16.37,1625449482.0,64.0
16.05,1625449482.0,64.0
15.46,1625449482.0,64.0
14.6,1625449482.0,64.0
13.46,1625449482.0,64.0
12.06,1625449482.0,64.0
10.47,1625449482.0,64.0
8.81,1625449482.0,64.0
7.18,1625449482.0,64.0
5.69,1625449482.0,64.0
4.35,1625449482.0,64.0
3.15,1625449482.0,64.0
2.0,1625449482.0,64.0
0.85,1625449482.0,64.0
-0.37,1625449482.0,64.0
-1.72,1625449482.0,64.0
-3.24,1625449482.0,64.0
-4.99,1625449482.0,64.0
-6.96,1625449482.0,64.0
-9.15,1625449482.0,64.0
-11.46,1625449482.0,64.0
-13.76,1625449482.0,64.0
-15.96,1625449482.0,64.0
-17.98,1625449482.0,64.0
-19.89,1625449482.0,64.0
-21.8,1625449482.0,64.0
-23.79,1625449482.0,64.0
-25.84,1625449482.0,64.0
-27.72,1625449482.0,64.0
-29.07,1625449482.0,64.0
-29.46,1625449482.0,64.0
-28.57,1625449482.0,64.0
-26.26,1625449482.0,64.0
-22.64,1625449482.0,64.0
-17.96,1625449482.0,64.0
-12.61,1625449482.0,64.0
-6.94,1625449482.0,64.0
-1.33,1625449482.0,64.0
3.87,1625449482.0,64.0
8.32,1625449482.0,64.0
11.73,1625449482.0,64.0
13.94,1625449482.0,64.0
14.99,1625449482.0,64.0
15.17,1625449482.0,64.0
14.87,1625449482.0,64.0
14.49,1625449482.0,64.0
14.27,1625449482.0,64.0
14.28,1625449482.0,64.0
14.4,1625449482.0,64.0
14.44,1625449482.0,64.0
14.24,1625449482.0,64.0
13.72,1625449482.0,64.0
12.89,1625449482.0,64.0
11.82,1625449482.0,64.0
10.6,1625449482.0,64.0
9.27,1625449482.0,64.0
7.89,1625449482.0,64.0
6.52,1625449482.0,64.0
5.27,1625449482.0,64.0
4.19,1625449482.0,64.0
3.32,1625449482.0,64.0
2.59,1625449482.0,64.0
1.88,1625449482.0,64.0
1.02,1625449482.0,64.0
-0.09,1625449482.0,64.0
-1.49,1625449482.0,64.0
-3.11,1625449482.0,64.0
-4.8,1625449482.0,64.0
-6.4,1625449482.0,64.0
-7.79,1625449482.0,64.0
-8.94,1625449482.0,64.0
-9.89,1625449482.0,64.0
-10.81,1625449482.0,64.0
-11.91,1625449482.0,64.0
-13.44,1625449482.0,64.0
-15.53,1625449482.0,64.0
-18.06,1625449482.0,64.0
-20.63,1625449482.0,64.0
-22.62,1625449482.0,64.0
-23.4,1625449482.0,64.0
-22.57,1625449482.0,64.0
-20.1,1625449482.0,64.0
-16.29,1625449482.0,64.0
-11.65,1625449482.0,64.0
-6.66,1625449482.0,64.0
-1.64,1625449482.0,64.0
3.17,1625449482.0,64.0
7.61,1625449482.0,64.0
11.42,1625449482.0,64.0
14.33,1625449482.0,64.0
16.12,1625449482.0,64.0
16.8,1625449482.0,64.0
16.64,1625449482.0,64.0
16.08,1625449482.0,64.0
15.54,1625449482.0,64.0
15.34,1625449482.0,64.0
15.52,1625449482.0,64.0
15.98,1625449482.0,64.0
16.47,1625449482.0,64.0
16.73,1625449482.0,64.0
16.61,1625449482.0,64.0
16.03,1625449482.0,64.0
15.04,1625449482.0,64.0
13.76,1625449482.0,64.0
12.34,1625449482.0,64.0
10.92,1625449482.0,64.0
9.6,1625449482.0,64.0
8.41,1625449482.0,64.0
7.32,1625449482.0,64.0
6.28,1625449482.0,64.0
5.24,1625449482.0,64.0
4.13,1625449482.0,64.0
2.91,1625449482.0,64.0
1.51,1625449482.0,64.0
-0.07,1625449482.0,64.0
-1.78,1625449482.0,64.0
-3.5,1625449482.0,64.0
-5.08,1625449482.0,64.0
-6.47,1625449482.0,64.0
-7.66,1625449482.0,64.0
-8.83,1625449482.0,64.0
-10.19,1625449482.0,64.0
-11.93,1625449482.0,64.0
-14.1,1625449482.0,64.0
-16.5,1625449482.0,64.0
-18.73,1625449482.0,64.0
-20.29,1625449482.0,64.0
-20.74,1625449482.0,64.0
-19.85,1625449482.0,64.0
-17.62,1625449482.0,64.0
-14.26,1625449482.0,64.0
-10.1,1625449482.0,64.0
-5.44,1625449482.0,64.0
-0.6,1625449482.0,64.0
4.16,1625449482.0,64.0
8.58,1625449482.0,64.0
12.39,1625449482.0,64.0
15.36,1625449482.0,64.0
17.37,1625449482.0,64.0
18.47,1625449482.0,64.0
18.83,1625449482.0,64.0
18.71,1625449482.0,64.0
18.37,1625449482.0,64.0
17.94,1625449482.0,64.0
17.47,1625449482.0,64.0
16.92,1625449482.0,64.0
16.17,1625449482.0,64.0
15.18,1625449482.0,64.0
13.94,1625449482.0,64.0
12.51,1625449482.0,64.0
11.0,1625449482.0,64.0
9.53,1625449482.0,64.0
8.14,1625449482.0,64.0
6.81,1625449482.0,64.0
5.45,1625449482.0,64.0
3.95,1625449482.0,64.0
2.24,1625449482.0,64.0
0.32,1625449482.0,64.0
-1.74,1625449482.0,64.0
-3.84,1625449482.0,64.0
-5.91,1625449482.0,64.0
-7.91,1625449482.0,64.0
-9.86,1625449482.0,64.0
-11.8,1625449482.0,64.0
-13.77,1625449482.0,64.0
-15.74,1625449482.0,64.0
-17.69,1625449482.0,64.0
-19.56,1625449482.0,64.0
-21.36,1625449482.0,64.0
-23.08,1625449482.0,64.0
-24.72,1625449482.0,64.0
-26.17,1625449482.0,64.0
-27.2,1625449482.0,64.0
-27.5,1625449482.0,64.0
-26.79,1625449482.0,64.0
-24.89,1625449482.0,64.0
-21.8,1625449482.0,64.0
-17.69,1625449482.0,64.0
-12.82,1625449482.0,64.0
-7.46,1625449482.0,64.0
-1.84,1625449482.0,64.0
3.83,1625449482.0,64.0
9.29,1625449482.0,64.0
14.23,1625449482.0,64.0
18.29,1625449482.0,64.0
21.19,1625449482.0,64.0
22.85,1625449482.0,64.0
23.38,1625449482.0,64.0
23.1,1625449482.0,64.0
22.44,1625449482.0,64.0
21.72,1625449482.0,64.0
21.11,1625449482.0,64.0
20.57,1625449482.0,64.0
19.93,1625449482.0,64.0
19.02,1625449482.0,64.0
17.74,1625449482.0,64.0
16.12,1625449482.0,64.0
14.29,1625449482.0,64.0
12.37,1625449482.0,64.0
10.43,1625449482.0,64.0
8.49,1625449482.0,64.0
6.54,1625449482.0,64.0
4.59,1625449482.0,64.0
2.67,1625449482.0,64.0
0.84,1625449482.0,64.0
-0.88,1625449482.0,64.0
-2.47,1625449482.0,64.0
-3.94,1625449482.0,64.0
-5.28,1625449482.0,64.0
-6.53,1625449482.0,64.0
-7.75,1625449482.0,64.0
-9.1,1625449482.0,64.0
-10.73,1625449482.0,64.0
-12.75,1625449482.0,64.0
-15.13,1625449482.0,64.0
-17.73,1625449482.0,64.0
-20.35,1625449482.0,64.0
-22.84,1625449482.0,64.0
-25.09,1625449482.0,64.0
-27.03,1625449482.0,64.0
-28.51,1625449482.0,64.0
-29.23,1625449482.0,64.0
-28.8,1625449482.0,64.0
-26.92,1625449482.0,64.0
-23.53,1625449482.0,64.0
-18.9,1625449482.0,64.0
-13.54,1625449482.0,64.0
-7.99,1625449482.0,64.0
-2.65,1625449482.0,64.0
2.35,1625449482.0,64.0
7.05,1625449482.0,64.0
11.48,1625449482.0,64.0
15.55,1625449482.0,64.0
18.96,1625449482.0,64.0
21.39,1625449482.0,64.0
22.64,1625449482.0,64.0
22.81,1625449482.0,64.0
22.25,1625449482.0,64.0
21.43,1625449482.0,64.0
20.74,1625449482.0,64.0
20.38,1625449482.0,64.0
20.27,1625449482.0,64.0
20.18,1625449482.0,64.0
19.84,1625449482.0,64.0
19.05,1625449482.0,64.0
17.77,1625449482.0,64.0
16.08,1625449482.0,64.0
14.12,1625449482.0,64.0
12.03,1625449482.0,64.0
9.9,1625449482.0,64.0
7.79,1625449482.0,64.0
5.75,1625449482.0,64.0
3.82,1625449482.0,64.0
1.99,1625449482.0,64.0
0.25,1625449482.0,64.0
-1.44,1625449482.0,64.0
-3.12,1625449482.0,64.0
-4.84,1625449482.0,64.0
-6.59,1625449482.0,64.0
-8.38,1625449482.0,64.0
-10.2,1625449482.0,64.0
-12.06,1625449482.0,64.0
-13.97,1625449482.0,64.0
-15.93,1625449482.0,64.0
-17.93,1625449482.0,64.0
-19.96,1625449482.0,64.0
-22.06,1625449482.0,64.0
-24.24,1625449482.0,64.0
-26.41,1625449482.0,64.0
-28.36,1625449482.0,64.0
-29.7,1625449482.0,64.0
-29.98,1625449482.0,64.0
-28.8,1625449482.0,64.0
-26.02,1625449482.0,64.0
-21.82,1625449482.0,64.0
-16.56,1625449482.0,64.0
-10.71,1625449482.0,64.0
-4.63,1625449482.0,64.0
1.44,1625449482.0,64.0
7.37,1625449482.0,64.0
12.95,1625449482.0,64.0
17.89,1625449482.0,64.0
21.84,1625449482.0,64.0
24.56,1625449482.0,64.0
26.08,1625449482.0,64.0
26.7,1625449482.0,64.0
26.9,1625449482.0,64.0
27.07,1625449482.0,64.0
27.38,1625449482.0,64.0
27.67,1625449482.0,64.0
27.59,1625449482.0,64.0
26.81,1625449482.0,64.0
25.25,1625449482.0,64.0
23.12,1625449482.0,64.0
20.76,1625449482.0,64.0
18.46,1625449482.0,64.0
16.31,1625449482.0,64.0
14.18,1625449482.0,64.0
11.86,1625449482.0,64.0
9.26,1625449482.0,64.0
6.46,1625449482.0,64.0
3.73,1625449482.0,64.0
1.34,1625449482.0,64.0
-0.58,1625449482.0,64.0
-2.08,1625449482.0,64.0
-3.4,1625449482.0,64.0
-4.72,1625449482.0,64.0
-6.15,1625449482.0,64.0
-7.6,1625449482.0,64.0
-8.87,1625449482.0,64.0
-9.82,1625449482.0,64.0
-10.45,1625449482.0,64.0
-10.96,1625449482.0,64.0
-11.64,1625449482.0,64.0
-12.75,1625449482.0,64.0
-14.44,1625449482.0,64.0
-16.7,1625449482.0,64.0
-19.39,1625449482.0,64.0
-22.31,1625449482.0,64.0
-25.25,1625449482.0,64.0
-27.93,1625449482.0,64.0
-30.01,1625449482.0,64.0
-31.12,1625449482.0,64.0
-30.94,1625449482.0,64.0
-29.3,1625449482.0,64.0
-26.27,1625449482.0,64.0
-22.12,1625449482.0,64.0
-17.24,1625449482.0,64.0
-11.95,1625449482.0,64.0
-6.43,1625449482.0,64.0
-0.74,1625449482.0,64.0
5.07,1625449482.0,64.0
10.81,1625449482.0,64.0
16.08,1625449482.0,64.0
20.39,1625449482.0,64.0
23.33,1625449482.0,64.0
24.78,1625449482.0,64.0
24.93,1625449482.0,64.0
24.26,1625449482.0,64.0
23.27,1625449482.0,64.0
22.37,1625449482.0,64.0
21.69,1625449482.0,64.0
21.18,1625449482.0,64.0
20.67,1625449482.0,64.0
20.04,1625449482.0,64.0
19.2,1625449482.0,64.0
18.17,1625449482.0,64.0
16.98,1625449482.0,64.0
15.68,1625449482.0,64.0
14.28,1625449482.0,64.0
12.79,1625449482.0,64.0
11.24,1625449482.0,64.0
9.64,1625449482.0,64.0
7.99,1625449482.0,64.0
6.29,1625449482.0,64.0
4.54,1625449482.0,64.0
2.75,1625449482.0,64.0
0.91,1625449482.0,64.0
-0.99,1625449482.0,64.0
-2.93,1625449482.0,64.0
-4.86,1625449482.0,64.0
-6.7,1625449482.0,64.0
-8.35,1625449482.0,64.0
-9.75,1625449482.0,64.0
-10.94,1625449482.0,64.0
-12.07,1625449482.0,64.0
-13.36,1625449482.0,64.0
-14.96,1625449482.0,64.0
-16.93,1625449482.0,64.0
-19.22,1625449482.0,64.0
-21.7,1625449482.0,64.0
-24.21,1625449482.0,64.0
-26.63,1625449482.0,64.0
-28.78,1625449482.0,64.0
-30.45,1625449482.0,64.0
-31.35,1625449482.0,64.0
-31.24,1625449482.0,64.0
-29.96,1625449482.0,64.0
-27.5,1625449482.0,64.0
-24.02,1625449482.0,64.0
-19.76,1625449482.0,64.0
-14.97,1625449482.0,64.0
-9.82,1625449482.0,64.0
-4.48,1625449482.0,64.0
0.91,1625449482.0,64.0
6.15,1625449482.0,64.0
10.93,1625449482.0,64.0
14.9,1625449482.0,64.0
17.79,1625449482.0,64.0
19.5,1625449482.0,64.0
20.2,1625449482.0,64.0
20.24,1625449482.0,64.0
20.03,1625449482.0,64.0
19.84,1625449482.0,64.0
19.7,1625449482.0,64.0
19.45,1625449482.0,64.0
18.87,1625449482.0,64.0
17.88,1625449482.0,64.0
16.59,1625449482.0,64.0
15.25,1625449482.0,64.0
14.09,1625449482.0,64.0
13.17,1625449482.0,64.0
12.33,1625449482.0,64.0
11.36,1625449482.0,64.0
10.11,1625449482.0,64.0
8.6,1625449482.0,64.0
7.04,1625449482.0,64.0
5.67,1625449482.0,64.0
4.65,1625449482.0,64.0
3.95,1625449482.0,64.0
3.41,1625449482.0,64.0
2.79,1625449482.0,64.0
1.87,1625449482.0,64.0
0.6,1625449482.0,64.0
-0.99,1625449482.0,64.0
-2.74,1625449482.0,64.0
-4.51,1625449482.0,64.0
-6.17,1625449482.0,64.0
-7.67,1625449482.0,64.0
-9.03,1625449482.0,64.0
-10.35,1625449482.0,64.0
-11.76,1625449482.0,64.0
-13.43,1625449482.0,64.0
-15.5,1625449482.0,64.0
-18.04,1625449482.0,64.0
-20.97,1625449482.0,64.0
-24.01,1625449482.0,64.0
-26.71,1625449482.0,64.0
-28.54,1625449482.0,64.0
-29.05,1625449482.0,64.0
-28.02,1625449482.0,64.0
-25.42,1625449482.0,64.0
-21.51,1625449482.0,64.0
-16.62,1625449482.0,64.0
-11.16,1625449482.0,64.0
-5.51,1625449482.0,64.0
0.01,1625449482.0,64.0
5.09,1625449482.0,64.0
9.49,1625449482.0,64.0
13.07,1625449482.0,64.0
15.8,1625449482.0,64.0
17.82,1625449482.0,64.0
19.38,1625449482.0,64.0
20.7,1625449482.0,64.0
21.9,1625449482.0,64.0
22.95,1625449482.0,64.0
23.67,1625449482.0,64.0
23.87,1625449482.0,64.0
23.48,1625449482.0,64.0
22.52,1625449482.0,64.0
21.18,1625449482.0,64.0
19.67,1625449482.0,64.0
18.13,1625449482.0,64.0
16.62,1625449482.0,64.0
15.11,1625449482.0,64.0
13.58,1625449482.0,64.0
12.03,1625449482.0,64.0
10.45,1625449482.0,64.0
8.86,1625449482.0,64.0
7.21,1625449482.0,64.0
5.43,1625449482.0,64.0
3.46,1625449482.0,64.0
1.31,1625449482.0,64.0
-0.91,1625449482.0,64.0
-3.11,1625449482.0,64.0
-5.15,1625449482.0,64.0
-6.96,1625449482.0,64.0
-8.52,1625449482.0,64.0
-9.81,1625449482.0,64.0
-10.86,1625449482.0,64.0
-11.71,1625449482.0,64.0
-12.53,1625449482.0,64.0
-13.51,1625449482.0,64.0
-14.9,1625449482.0,64.0
-16.84,1625449482.0,64.0
-19.31,1625449482.0,64.0
-22.07,1625449482.0,64.0
-24.72,1625449482.0,64.0
-26.8,1625449482.0,64.0
-27.95,1625449482.0,64.0
-27.96,1625449482.0,64.0
-26.76,1625449482.0,64.0
-24.41,1625449482.0,64.0
-21.02,1625449482.0,64.0
-16.75,1625449482.0,64.0
-11.79,1625449482.0,64.0
-6.38,1625449482.0,64.0
-0.8,1625449482.0,64.0
4.62,1625449482.0,64.0
9.58,1625449482.0,64.0
13.78,1625449482.0,64.0
17.03,1625449482.0,64.0
19.18,1625449482.0,64.0
20.27,1625449482.0,64.0
20.45,1625449482.0,64.0
20.02,1625449482.0,64.0
19.35,1625449482.0,64.0
18.71,1625449482.0,64.0
18.26,1625449482.0,64.0
17.91,1625449482.0,64.0
17.52,1625449482.0,64.0
16.91,1625449482.0,64.0
15.99,1625449482.0,64.0
14.82,1625449482.0,64.0
13.5,1625449482.0,64.0
12.14,1625449482.0,64.0
10.8,1625449482.0,64.0
9.46,1625449482.0,64.0
8.02,1625449482.0,64.0
6.44,1625449482.0,64.0
4.71,1625449482.0,64.0
2.94,1625449482.0,64.0
1.25,1625449482.0,64.0
-0.26,1625449482.0,64.0
-1.57,1625449482.0,64.0
-2.78,1625449482.0,64.0
-4.07,1625449482.0,64.0
-5.6,1625449482.0,64.0
-7.47,1625449482.0,64.0
-9.66,1625449482.0,64.0
-12.08,1625449482.0,64.0
-14.58,1625449482.0,64.0
-17.05,1625449482.0,64.0
-19.43,1625449482.0,64.0
-21.72,1625449482.0,64.0
-23.95,1625449482.0,64.0
-26.09,1625449482.0,64.0
-28.05,1625449482.0,64.0
-29.65,1625449482.0,64.0
-30.64,1625449482.0,64.0
-30.73,1625449482.0,64.0
-29.71,1625449482.0,64.0
-27.44,1625449482.0,64.0
-23.96,1625449482.0,64.0
-19.48,1625449482.0,64.0
-14.31,1625449482.0,64.0
-8.79,1625449482.0,64.0
-3.16,1625449482.0,64.0
2.35,1625449482.0,64.0
7.57,1625449482.0,64.0
12.25,1625449482.0,64.0
16.11,1625449482.0,64.0
18.87,1625449482.0,64.0
20.4,1625449482.0,64.0
20.77,1625449482.0,64.0
20.3,1625449482.0,64.0
19.42,1625449482.0,64.0
18.57,1625449482.0,64.0
18.04,1625449482.0,64.0
17.89,1625449482.0,64.0
17.96,1625449482.0,64.0
18.03,1625449482.0,64.0
17.86,1625449482.0,64.0
17.32,1625449482.0,64.0
16.39,1625449482.0,64.0
15.13,1625449482.0,64.0
13.58,1625449482.0,64.0
11.77,1625449482.0,64.0
9.69,1625449482.0,64.0
7.39,1625449482.0,64.0
4.97,1625449482.0,64.0
2.63,1625449482.0,64.0
0.59,1625449482.0,64.0
-1.01,1625449482.0,64.0
-2.13,1625449482.0,64.0
-2.9,1625449482.0,64.0
-3.48,1625449482.0,64.0
-4.07,1625449482.0,64.0
-4.77,1625449482.0,64.0
-5.62,1625449482.0,64.0
-6.65,1625449482.0,64.0
-7.88,1625449482.0,64.0
-9.36,1625449482.0,64.0
-11.13,1625449482.0,64.0
-13.28,1625449482.0,64.0
-15.84,1625449482.0,64.0
-18.82,1625449482.0,64.0
-22.09,1625449482.0,64.0
-25.38,1625449482.0,64.0
-28.31,1625449482.0,64.0
-30.41,1625449482.0,64.0
-31.26,1625449482.0,64.0
-30.67,1625449482.0,64.0
-28.65,1625449482.0,64.0
-25.4,1625449482.0,64.0
-21.17,1625449482.0,64.0
-16.24,1625449482.0,64.0
-10.81,1625449482.0,64.0
-5.08,1625449482.0,64.0
0.77,1625449482.0,64.0
6.47,1625449482.0,64.0
11.75,1625449482.0,64.0
16.35,1625449482.0,64.0
20.05,1625449482.0,64.0
22.74,1625449482.0,64.0
24.39,1625449482.0,64.0
25.06,1625449482.0,64.0
24.96,1625449482.0,64.0
24.34,1625449482.0,64.0
23.52,1625449482.0,64.0
22.76,1625449482.0,64.0
22.22,1625449482.0,64.0
21.9,1625449482.0,64.0
21.67,1625449482.0,64.0
21.36,1625449482.0,64.0
20.81,1625449482.0,64.0
19.91,1625449482.0,64.0
18.68,1625449482.0,64.0
17.14,1625449482.0,64.0
15.33,1625449482.0,64.0
13.28,1625449482.0,64.0
11.03,1625449482.0,64.0
8.67,1625449482.0,64.0
6.36,1625449482.0,64.0
4.27,1625449482.0,64.0
2.53,1625449482.0,64.0
1.12,1625449482.0,64.0
-0.13,1625449482.0,64.0
-1.49,1625449482.0,64.0
-3.18,1625449482.0,64.0
-5.3,1625449482.0,64.0
-7.75,1625449482.0,64.0
-10.33,1625449482.0,64.0
-12.83,1625449482.0,64.0
-15.18,1625449482.0,64.0
-17.42,1625449482.0,64.0
-19.67,1625449482.0,64.0
-22.08,1625449482.0,64.0
-24.69,1625449482.0,64.0
-27.39,1625449482.0,64.0
-29.93,1625449482.0,64.0
-31.92,1625449482.0,64.0
-32.96,1625449482.0,64.0
-32.66,1625449482.0,64.0
-30.85,1625449482.0,64.0
-27.54,1625449482.0,64.0
-22.98,1625449482.0,64.0
-17.53,1625449482.0,64.0
-11.58,1625449482.0,64.0
-5.41,1625449482.0,64.0
0.78,1625449482.0,64.0
6.79,1625449482.0,64.0
12.39,1625449482.0,64.0
17.22,1625449482.0,64.0
20.92,1625449482.0,64.0
23.28,1625449482.0,64.0
24.3,1625449482.0,64.0
24.3,1625449482.0,64.0
23.73,1625449482.0,64.0
23.06,1625449482.0,64.0
22.6,1625449482.0,64.0
22.4,1625449482.0,64.0
22.35,1625449482.0,64.0
22.22,1625449482.0,64.0
21.84,1625449482.0,64.0
21.14,1625449482.0,64.0
20.14,1625449482.0,64.0
18.92,1625449482.0,64.0
17.53,1625449482.0,64.0
15.98,1625449482.0,64.0
14.25,1625449482.0,64.0
12.3,1625449482.0,64.0
10.13,1625449482.0,64.0
7.82,1625449482.0,64.0
5.48,1625449482.0,64.0
3.26,1625449482.0,64.0
1.29,1625449482.0,64.0
-0.39,1625449482.0,64.0
-1.87,1625449482.0,64.0
-3.33,1625449482.0,64.0
-4.96,1625449482.0,64.0
-6.84,1625449482.0,64.0
-8.92,1625449482.0,64.0
-11.04,1625449482.0,64.0
-13.07,1625449482.0,64.0
-14.95,1625449482.0,64.0
-16.75,1625449482.0,64.0
-18.61,1625449482.0,64.0
-20.66,1625449482.0,64.0
-22.91,1625449482.0,64.0
-25.26,1625449482.0,64.0
-27.53,1625449482.0,64.0
-29.51,1625449482.0,64.0
-30.89,1625449482.0,64.0
-31.34,1625449482.0,64.0
-30.52,1625449482.0,64.0
-28.19,1625449482.0,64.0
-24.31,1625449482.0,64.0
-19.12,1625449482.0,64.0
-13.08,1625449482.0,64.0
-6.69,1625449482.0,64.0
-0.38,1625449482.0,64.0
5.58,1625449482.0,64.0
11.03,1625449482.0,64.0
15.86,1625449482.0,64.0
19.86,1625449482.0,64.0
22.79,1625449482.0,64.0
24.49,1625449482.0,64.0
25.04,1625449482.0,64.0
24.75,1625449482.0,64.0
24.1,1625449482.0,64.0
23.55,1625449482.0,64.0
23.34,1625449482.0,64.0
23.42,1625449482.0,64.0
23.52,1625449482.0,64.0
23.3,1625449482.0,64.0
22.49,1625449482.0,64.0
21.03,1625449482.0,64.0
19.02,1625449482.0,64.0
16.71,1625449482.0,64.0
14.3,1625449482.0,64.0
11.98,1625449482.0,64.0
9.84,1625449482.0,64.0
7.94,1625449482.0,64.0
6.33,1625449482.0,64.0
5.04,1625449482.0,64.0
4.05,1625449482.0,64.0
3.3,1625449482.0,64.0
2.65,1625449482.0,64.0
1.93,1625449482.0,64.0
0.99,1625449482.0,64.0
-0.29,1625449482.0,64.0
-1.96,1625449482.0,64.0
-3.98,1625449482.0,64.0
-6.21,1625449482.0,64.0
-8.49,1625449482.0,64.0
-10.62,1625449482.0,64.0
-12.51,1625449482.0,64.0
-14.18,1625449482.0,64.0
-15.78,1625449482.0,64.0
-17.54,1625449482.0,64.0
-19.63,1625449482.0,64.0
-22.07,1625449482.0,64.0
-24.65,1625449482.0,64.0
-26.96,1625449482.0,64.0
-28.5,1625449482.0,64.0
-28.85,1625449482.0,64.0
-27.77,1625449482.0,64.0
-25.29,1625449482.0,64.0
-21.56,1625449482.0,64.0
-16.86,1625449482.0,64.0
-11.47,1625449482.0,64.0
-5.68,1625449482.0,64.0
0.23,1625449482.0,64.0
5.94,1625449482.0,64.0
11.13,1625449482.0,64.0
15.49,1625449482.0,64.0
18.83,1625449482.0,64.0
21.1,1625449482.0,64.0
22.41,1625449482.0,64.0
22.98,1625449482.0,64.0
23.05,1625449482.0,64.0
22.85,1625449482.0,64.0
22.53,1625449482.0,64.0
22.17,1625449482.0,64.0
21.81,1625449482.0,64.0
21.41,1625449482.0,64.0
20.89,1625449482.0,64.0
20.13,1625449482.0,64.0
19.08,1625449482.0,64.0
17.76,1625449482.0,64.0
16.24,1625449482.0,64.0
14.62,1625449482.0,64.0
12.96,1625449482.0,64.0
11.23,1625449482.0,64.0
9.41,1625449482.0,64.0
7.48,1625449482.0,64.0
5.51,1625449482.0,64.0
3.66,1625449482.0,64.0
2.04,1625449482.0,64.0
0.68,1625449482.0,64.0
-0.52,1625449482.0,64.0
-1.72,1625449482.0,64.0
-3.07,1625449482.0,64.0
-4.66,1625449482.0,64.0
-6.46,1625449482.0,64.0
-8.39,1625449482.0,64.0
-10.37,1625449482.0,64.0
-12.34,1625449482.0,64.0
-14.31,1625449482.0,64.0
-16.33,1625449482.0,64.0
-18.52,1625449482.0,64.0
-20.96,1625449482.0,64.0
-23.62,1625449482.0,64.0
-26.31,1625449482.0,64.0
-28.61,1625449482.0,64.0
-30.02,1625449482.0,64.0
-30.08,1625449482.0,64.0
-28.59,1625449482.0,64.0
-25.66,1625449482.0,64.0
-21.67,1625449482.0,64.0
-17.13,1625449482.0,64.0
-12.41,1625449482.0,64.0
-7.71,1625449482.0,64.0
-3.03,1625449482.0,64.0
1.65,1625449482.0,64.0
6.27,1625449482.0,64.0
10.58,1625449482.0,64.0
14.22,1625449482.0,64.0
16.85,1625449482.0,64.0
18.32,1625449482.0,64.0
18.72,1625449482.0,64.0
18.38,1625449482.0,64.0
17.74,1625449482.0,64.0
17.2,1625449482.0,64.0
17.0,1625449482.0,64.0
17.08,1625449482.0,64.0
17.19,1625449482.0,64.0
17.0,1625449482.0,64.0
16.26,1625449482.0,64.0
14.9,1625449482.0,64.0
13.09,1625449482.0,64.0
11.13,1625449482.0,64.0
9.33,1625449482.0,64.0
7.86,1625449482.0,64.0
6.77,1625449482.0,64.0
5.96,1625449482.0,64.0
5.24,1625449482.0,64.0
4.45,1625449482.0,64.0
3.42,1625449482.0,64.0
2.1,1625449482.0,64.0
0.48,1625449482.0,64.0
-1.36,1625449482.0,64.0
-3.29,1625449482.0,64.0
-5.17,1625449482.0,64.0
-6.89,1625449482.0,64.0
-8.44,1625449482.0,64.0
-9.82,1625449482.0,64.0
-11.11,1625449482.0,64.0
-12.35,1625449482.0,64.0
-13.62,1625449482.0,64.0
-14.97,1625449482.0,64.0
-16.5,1625449482.0,64.0
-18.3,1625449482.0,64.0
-20.39,1625449482.0,64.0
-22.64,1625449482.0,64.0
-24.74,1625449482.0,64.0
-26.24,1625449482.0,64.0
-26.69,1625449482.0,64.0
-25.71,1625449482.0,64.0
-23.18,1625449482.0,64.0
-19.27,1625449482.0,64.0
-14.34,1625449482.0,64.0
-8.89,1625449482.0,64.0
-3.4,1625449482.0,64.0
1.77,1625449482.0,64.0
6.4,1625449482.0,64.0
10.4,1625449482.0,64.0
13.74,1625449482.0,64.0
16.39,1625449482.0,64.0
18.29,1625449482.0,64.0
19.43,1625449482.0,64.0
19.87,1625449482.0,64.0
19.8,1625449482.0,64.0
19.47,1625449482.0,64.0
19.14,1625449482.0,64.0
18.94,1625449482.0,64.0
18.87,1625449482.0,64.0
18.81,1625449482.0,64.0
18.58,1625449482.0,64.0
18.06,1625449482.0,64.0
17.21,1625449482.0,64.0
16.11,1625449482.0,64.0
14.84,1625449482.0,64.0
13.44,1625449482.0,64.0
11.96,1625449482.0,64.0
10.42,1625449482.0,64.0
8.85,1625449482.0,64.0
7.31,1625449482.0,64.0
5.84,1625449482.0,64.0
4.44,1625449482.0,64.0
3.07,1625449482.0,64.0
1.66,1625449482.0,64.0
0.16,1625449482.0,64.0
-1.47,1625449482.0,64.0
-3.19,1625449482.0,64.0
-4.94,1625449482.0,64.0
-6.65,1625449482.0,64.0
-8.27,1625449482.0,64.0
-9.75,1625449482.0,64.0
-11.13,1625449482.0,64.0
-12.52,1625449482.0,64.0
-14.09,1625449482.0,64.0
-16.0,1625449482.0,64.0
-18.28,1625449482.0,64.0
-20.71,1625449482.0,64.0
-22.85,1625449482.0,64.0
-24.1,1625449482.0,64.0
-23.98,1625449482.0,64.0
-22.3,1625449482.0,64.0
-19.17,1625449482.0,64.0
-15.01,1625449482.0,64.0
-10.31,1625449482.0,64.0
-5.45,1625449482.0,64.0
-0.69,1625449482.0,64.0
3.84,1625449482.0,64.0
8.0,1625449482.0,64.0
11.61,1625449482.0,64.0
14.44,1625449482.0,64.0
16.36,1625449482.0,64.0
17.38,1625449482.0,64.0
17.68,1625449482.0,64.0
17.49,1625449482.0,64.0
17.06,1625449482.0,64.0
16.54,1625449482.0,64.0
16.01,1625449482.0,64.0
15.5,1625449482.0,64.0
15.0,1625449482.0,64.0
14.48,1625449482.0,64.0
13.87,1625449482.0,64.0
13.06,1625449482.0,64.0
11.9,1625449482.0,64.0
10.31,1625449482.0,64.0
8.31,1625449482.0,64.0
6.03,1625449482.0,64.0
3.65,1625449482.0,64.0
1.37,1625449482.0,64.0
-0.73,1625449482.0,64.0
-2.62,1625449482.0,64.0
-4.37,1625449482.0,64.0
-6.04,1625449482.0,64.0
-7.67,1625449482.0,64.0
-9.3,1625449482.0,64.0
-10.93,1625449482.0,64.0
-12.6,1625449482.0,64.0
-14.35,1625449482.0,64.0
-16.23,1625449482.0,64.0
-18.28,1625449482.0,64.0
-20.55,1625449482.0,64.0
-23.04,1625449482.0,64.0
-25.73,1625449482.0,64.0
-28.54,1625449482.0,64.0
-31.27,1625449482.0,64.0
-33.56,1625449482.0,64.0
-34.99,1625449482.0,64.0
-35.12,1625449482.0,64.0
-33.7,1625449482.0,64.0
-30.7,1625449482.0,64.0
-26.38,1625449482.0,64.0
-21.17,1625449482.0,64.0
-15.55,1625449482.0,64.0
-9.88,1625449482.0,64.0
-4.33,1625449482.0,64.0
1.08,1625449482.0,64.0
6.34,1625449482.0,64.0
11.36,1625449482.0,64.0
15.91,1625449482.0,64.0
19.7,1625449482.0,64.0
22.44,1625449482.0,64.0
24.07,1625449482.0,64.0
24.7,1625449482.0,64.0
24.64,1625449482.0,64.0
24.25,1625449482.0,64.0
23.82,1625449482.0,64.0
23.45,1625449482.0,64.0
23.06,1625449482.0,64.0
22.45,1625449482.0,64.0
21.44,1625449482.0,64.0
19.9,1625449482.0,64.0
17.85,1625449482.0,64.0
15.45,1625449482.0,64.0
12.88,1625449482.0,64.0
10.35,1625449482.0,64.0
8.0,1625449482.0,64.0
5.86,1625449482.0,64.0
3.89,1625449482.0,64.0
2.02,1625449482.0,64.0
0.19,1625449482.0,64.0
-1.64,1625449482.0,64.0
-3.46,1625449482.0,64.0
-5.26,1625449482.0,64.0
-7.07,1625449482.0,64.0
-8.94,1625449482.0,64.0
-10.91,1625449482.0,64.0
-12.99,1625449482.0,64.0
-15.18,1625449482.0,64.0
-17.4,1625449482.0,64.0
-19.6,1625449482.0,64.0
-21.78,1625449482.0,64.0
-23.99,1625449482.0,64.0
-26.27,1625449482.0,64.0
-28.56,1625449482.0,64.0
-30.64,1625449482.0,64.0
-32.11,1625449482.0,64.0
-32.53,1625449482.0,64.0
-31.53,1625449482.0,64.0
-29.0,1625449482.0,64.0
-25.08,1625449482.0,64.0
-20.15,1625449482.0,64.0
-14.62,1625449482.0,64.0
-8.82,1625449482.0,64.0
-2.94,1625449482.0,64.0
2.91,1625449482.0,64.0
8.57,1625449482.0,64.0
13.72,1625449482.0,64.0
17.94,1625449482.0,64.0
20.85,1625449482.0,64.0
22.32,1625449482.0,64.0
22.57,1625449482.0,64.0
22.09,1625449482.0,64.0
21.47,1625449482.0,64.0
21.16,1625449482.0,64.0
21.27,1625449482.0,64.0
21.65,1625449482.0,64.0
21.98,1625449482.0,64.0
21.94,1625449482.0,64.0
21.35,1625449482.0,64.0
20.18,1625449482.0,64.0
18.53,1625449482.0,64.0
16.54,1625449482.0,64.0
14.38,1625449482.0,64.0
12.27,1625449482.0,64.0
10.5,1625449482.0,64.0
9.41,1625449482.0,64.0
9.29,1625449482.0,64.0
10.24,1625449482.0,64.0
12.13,1625449482.0,64.0
14.62,1625449482.0,64.0
17.2,1625449482.0,64.0
19.41,1625449482.0,64.0
20.83,1625449482.0,64.0
21.16,1625449482.0,64.0
20.21,1625449482.0,64.0
17.82,1625449482.0,64.0
13.89,1625449482.0,64.0
8.43,1625449482.0,64.0
1.65,1625449482.0,64.0
-6.1,1625449482.0,64.0
-14.28,1625449482.0,64.0
-22.28,1625449482.0,64.0
-29.55,1625449482.0,64.0
-35.59,1625449482.0,64.0
-40.04,1625449482.0,64.0
-42.58,1625449482.0,64.0
-43.06,1625449482.0,64.0
-41.45,1625449482.0,64.0
-37.94,1625449482.0,64.0
-32.96,1625449482.0,64.0
-27.08,1625449482.0,64.0
-20.9,1625449482.0,64.0
-14.84,1625449482.0,64.0
-9.11,1625449482.0,64.0
-3.73,1625449482.0,64.0
1.28,1625449482.0,64.0
5.82,1625449482.0,64.0
9.61,1625449482.0,64.0
12.32,1625449482.0,64.0
13.79,1625449482.0,64.0
14.08,1625449482.0,64.0
13.55,1625449482.0,64.0
12.62,1625449482.0,64.0
11.66,1625449482.0,64.0
10.85,1625449482.0,64.0
10.19,1625449482.0,64.0
9.65,1625449482.0,64.0
9.2,1625449482.0,64.0
8.86,1625449482.0,64.0
8.63,1625449482.0,64.0
8.44,1625449482.0,64.0
8.13,1625449482.0,64.0
7.48,1625449482.0,64.0
6.33,1625449482.0,64.0
4.7,1625449482.0,64.0
2.74,1625449482.0,64.0
0.69,1625449482.0,64.0
-1.2,1625449482.0,64.0
-2.82,1625449482.0,64.0
-4.17,1625449482.0,64.0
-5.42,1625449482.0,64.0
-6.8,1625449482.0,64.0
-8.51,1625449482.0,64.0
-10.67,1625449482.0,64.0
-13.24,1625449482.0,64.0
-16.05,1625449482.0,64.0
-18.8,1625449482.0,64.0
-21.26,1625449482.0,64.0
-23.29,1625449482.0,64.0
-24.92,1625449482.0,64.0
-26.35,1625449482.0,64.0
-27.79,1625449482.0,64.0
-29.34,1625449482.0,64.0
-30.82,1625449482.0,64.0
-31.87,1625449482.0,64.0
-32.04,1625449482.0,64.0
-30.98,1625449482.0,64.0
-28.52,1625449482.0,64.0
-24.71,1625449482.0,64.0
-19.73,1625449482.0,64.0
-13.82,1625449482.0,64.0
-7.25,1625449482.0,64.0
-0.43,1625449482.0,64.0
6.2,1625449482.0,64.0
12.13,1625449482.0,64.0
16.97,1625449482.0,64.0
20.6,1625449482.0,64.0
23.1,1625449482.0,64.0
24.73,1625449482.0,64.0
25.77,1625449482.0,64.0
26.4,1625449482.0,64.0
26.71,1625449482.0,64.0
26.75,1625449482.0,64.0
26.57,1625449482.0,64.0
26.24,1625449482.0,64.0
25.8,1625449482.0,64.0
25.22,1625449482.0,64.0
24.41,1625449482.0,64.0
23.3,1625449482.0,64.0
21.91,1625449482.0,64.0
20.38,1625449482.0,64.0
18.87,1625449482.0,64.0
17.48,1625449482.0,64.0
16.14,1625449482.0,64.0
14.65,1625449482.0,64.0
12.71,1625449482.0,64.0
10.07,1625449482.0,64.0
6.63,1625449482.0,64.0
2.54,1625449482.0,64.0
-1.84,1625449482.0,64.0
-6.05,1625449482.0,64.0
-9.65,1625449482.0,64.0
-12.35,1625449482.0,64.0
-14.15,1625449482.0,64.0
-15.27,1625449482.0,64.0
-16.09,1625449482.0,64.0
-16.98,1625449482.0,64.0
-18.26,1625449482.0,64.0
-20.03,1625449482.0,64.0
-22.24,1625449482.0,64.0
-24.66,1625449482.0,64.0
-26.9,1625449482.0,64.0
-28.47,1625449482.0,64.0
-28.82,1625449482.0,64.0
-27.5,1625449482.0,64.0
-24.27,1625449482.0,64.0
-19.25,1625449482.0,64.0
-12.87,1625449482.0,64.0
-5.78,1625449482.0,64.0
1.38,1625449482.0,64.0
8.1,1625449482.0,64.0
14.1,1625449482.0,64.0
19.24,1625449482.0,64.0
23.45,1625449482.0,64.0
26.62,1625449482.0,64.0
28.68,1625449482.0,64.0
29.63,1625449482.0,64.0
29.66,1625449482.0,64.0
29.04,1625449482.0,64.0
28.11,1625449482.0,64.0
27.12,1625449482.0,64.0
26.18,1625449482.0,64.0
25.3,1625449482.0,64.0
24.43,1625449482.0,64.0
23.49,1625449482.0,64.0
22.39,1625449482.0,64.0
21.0,1625449482.0,64.0
19.24,1625449482.0,64.0
17.07,1625449482.0,64.0
14.55,1625449482.0,64.0
11.8,1625449482.0,64.0
9.01,1625449482.0,64.0
6.29,1625449482.0,64.0
3.67,1625449482.0,64.0
1.12,1625449482.0,64.0
-1.38,1625449482.0,64.0
-3.76,1625449482.0,64.0
-5.91,1625449482.0,64.0
-7.69,1625449482.0,64.0
-9.09,1625449482.0,64.0
-10.23,1625449482.0,64.0
-11.31,1625449482.0,64.0
-12.55,1625449482.0,64.0
-14.11,1625449482.0,64.0
-16.04,1625449482.0,64.0
-18.32,1625449482.0,64.0
-20.83,1625449482.0,64.0
-23.39,1625449482.0,64.0
-25.69,1625449482.0,64.0
-27.33,1625449482.0,64.0
-27.91,1625449482.0,64.0
-27.16,1625449482.0,64.0
-25.03,1625449482.0,64.0
-21.69,1625449482.0,64.0
-17.45,1625449482.0,64.0
-12.56,1625449482.0,64.0
-7.22,1625449482.0,64.0
-1.51,1625449482.0,64.0
4.43,1625449482.0,64.0
10.34,1625449482.0,64.0
15.82,1625449482.0,64.0
20.39,1625449482.0,64.0
23.67,1625449482.0,64.0
25.53,1625449482.0,64.0
26.1,1625449482.0,64.0
25.75,1625449482.0,64.0
24.97,1625449482.0,64.0
24.19,1625449482.0,64.0
23.69,1625449482.0,64.0
23.51,1625449482.0,64.0
23.5,1625449482.0,64.0
23.38,1625449482.0,64.0
22.83,1625449482.0,64.0
21.66,1625449482.0,64.0
19.81,1625449482.0,64.0
17.35,1625449482.0,64.0
14.53,1625449482.0,64.0
11.72,1625449482.0,64.0
9.34,1625449482.0,64.0
7.68,1625449482.0,64.0
6.84,1625449482.0,64.0
6.55,1625449482.0,64.0
6.36,1625449482.0,64.0
5.73,1625449482.0,64.0
4.31,1625449482.0,64.0
2.08,1625449482.0,64.0
-0.72,1625449482.0,64.0
-3.74,1625449482.0,64.0
-6.71,1625449482.0,64.0
-9.49,1625449482.0,64.0
-12.11,1625449482.0,64.0
-14.63,1625449482.0,64.0
-17.11,1625449482.0,64.0
-19.56,1625449482.0,64.0
-21.96,1625449482.0,64.0
-24.25,1625449482.0,64.0
-26.27,1625449482.0,64.0
-27.78,1625449482.0,64.0
-28.42,1625449482.0,64.0
-27.93,1625449482.0,64.0
-26.12,1625449482.0,64.0
-23.09,1625449482.0,64.0
-19.08,1625449482.0,64.0
-14.42,1625449482.0,64.0
-9.4,1625449482.0,64.0
-4.23,1625449482.0,64.0
0.92,1625449482.0,64.0
5.88,1625449482.0,64.0
10.42,1625449482.0,64.0
14.3,1625449482.0,64.0
17.37,1625449482.0,64.0
19.59,1625449482.0,64.0
21.08,1625449482.0,64.0
22.0,1625449482.0,64.0
22.53,1625449482.0,64.0
22.74,1625449482.0,64.0
22.62,1625449482.0,64.0
22.12,1625449482.0,64.0
21.24,1625449482.0,64.0
20.0,1625449482.0,64.0
18.58,1625449482.0,64.0
17.11,1625449482.0,64.0
15.68,1625449482.0,64.0
14.32,1625449482.0,64.0
12.96,1625449482.0,64.0
11.54,1625449482.0,64.0
10.01,1625449482.0,64.0
8.4,1625449482.0,64.0
6.75,1625449482.0,64.0
5.07,1625449482.0,64.0
3.32,1625449482.0,64.0
1.43,1625449482.0,64.0
-0.6,1625449482.0,64.0
-2.74,1625449482.0,64.0
-4.88,1625449482.0,64.0
-6.92,1625449482.0,64.0
-8.79,1625449482.0,64.0
-10.56,1625449482.0,64.0
-12.34,1625449482.0,64.0
-14.28,1625449482.0,64.0
-16.44,1625449482.0,64.0
-18.83,1625449482.0,64.0
-21.38,1625449482.0,64.0
-23.99,1625449482.0,64.0
-26.54,1625449482.0,64.0
-28.86,1625449482.0,64.0
-30.73,1625449482.0,64.0
-31.84,1625449482.0,64.0
-31.85,1625449482.0,64.0
-30.51,1625449482.0,64.0
-27.7,1625449482.0,64.0
-23.56,1625449482.0,64.0
-18.41,1625449482.0,64.0
-12.7,1625449482.0,64.0
-6.84,1625449482.0,64.0
-1.12,1625449482.0,64.0
4.29,1625449482.0,64.0
9.26,1625449482.0,64.0
13.66,1625449482.0,64.0
17.3,1625449482.0,64.0
20.0,1625449482.0,64.0
21.66,1625449482.0,64.0
22.35,1625449482.0,64.0
22.29,1625449482.0,64.0
21.78,1625449482.0,64.0
21.09,1625449482.0,64.0
20.4,1625449482.0,64.0
19.78,1625449482.0,64.0
19.25,1625449482.0,64.0
18.73,1625449482.0,64.0
18.13,1625449482.0,64.0
17.31,1625449482.0,64.0
16.13,1625449482.0,64.0
14.52,1625449482.0,64.0
12.53,1625449482.0,64.0
10.27,1625449482.0,64.0
7.95,1625449482.0,64.0
5.72,1625449482.0,64.0
3.66,1625449482.0,64.0
1.79,1625449482.0,64.0
0.06,1625449482.0,64.0
-1.55,1625449482.0,64.0
-3.1,1625449482.0,64.0
-4.62,1625449482.0,64.0
-6.16,1625449482.0,64.0
-7.82,1625449482.0,64.0
-9.64,1625449482.0,64.0
-11.61,1625449482.0,64.0
-13.65,1625449482.0,64.0
-15.61,1625449482.0,64.0
-17.38,1625449482.0,64.0
-18.92,1625449482.0,64.0
-20.29,1625449482.0,64.0
-21.63,1625449482.0,64.0
-23.1,1625449482.0,64.0
-24.85,1625449482.0,64.0
-26.84,1625449482.0,64.0
-28.81,1625449482.0,64.0
-30.32,1625449482.0,64.0
-30.8,1625449482.0,64.0
-29.78,1625449482.0,64.0
-27.03,1625449482.0,64.0
-22.7,1625449482.0,64.0
-17.18,1625449482.0,64.0
-11.02,1625449482.0,64.0
-4.74,1625449482.0,64.0
1.26,1625449482.0,64.0
6.73,1625449482.0,64.0
11.48,1625449482.0,64.0
15.36,1625449482.0,64.0
18.19,1625449482.0,64.0
19.93,1625449482.0,64.0
20.62,1625449482.0,64.0
20.51,1625449482.0,64.0
19.96,1625449482.0,64.0
19.35,1625449482.0,64.0
19.0,1625449482.0,64.0
19.07,1625449482.0,64.0
19.49,1625449482.0,64.0
20.05,1625449482.0,64.0
20.46,1625449482.0,64.0
20.44,1625449482.0,64.0
19.85,1625449482.0,64.0
18.65,1625449482.0,64.0
16.91,1625449482.0,64.0
14.74,1625449482.0,64.0
12.31,1625449482.0,64.0
9.81,1625449482.0,64.0
7.51,1625449482.0,64.0
5.63,1625449482.0,64.0
4.35,1625449482.0,64.0
3.6,1625449482.0,64.0
3.17,1625449482.0,64.0
2.7,1625449482.0,64.0
1.81,1625449482.0,64.0
0.27,1625449482.0,64.0
-1.91,1625449482.0,64.0
-4.58,1625449482.0,64.0
-7.46,1625449482.0,64.0
-10.3,1625449482.0,64.0
-12.94,1625449482.0,64.0
-15.3,1625449482.0,64.0
-17.39,1625449482.0,64.0
-19.27,1625449482.0,64.0
-21.08,1625449482.0,64.0
-22.99,1625449482.0,64.0
-25.16,1625449482.0,64.0
-27.65,1625449482.0,64.0
-30.29,1625449482.0,64.0
-32.67,1625449482.0,64.0
-34.21,1625449482.0,64.0
-34.4,1625449482.0,64.0
-32.92,1625449482.0,64.0
-29.83,1625449482.0,64.0
-25.42,1625449482.0,64.0
-20.11,1625449482.0,64.0
-14.23,1625449482.0,64.0
-8.0,1625449482.0,64.0
-1.6,1625449482.0,64.0
4.67,1625449482.0,64.0
10.38,1625449482.0,64.0
15.04,1625449482.0,64.0
18.28,1625449482.0,64.0
20.07,1625449482.0,64.0
20.71,1625449482.0,64.0
20.71,1625449482.0,64.0
20.55,1625449482.0,64.0
20.53,1625449482.0,64.0
20.64,1625449482.0,64.0
20.76,1625449482.0,64.0
20.73,1625449482.0,64.0
20.47,1625449482.0,64.0
19.97,1625449482.0,64.0
19.27,1625449482.0,64.0
18.37,1625449482.0,64.0
17.22,1625449482.0,64.0
15.78,1625449482.0,64.0
14.06,1625449482.0,64.0
12.11,1625449482.0,64.0
10.07,1625449482.0,64.0
8.08,1625449482.0,64.0
6.25,1625449482.0,64.0
4.59,1625449482.0,64.0
3.03,1625449482.0,64.0
1.43,1625449482.0,64.0
-0.36,1625449482.0,64.0
-2.41,1625449482.0,64.0
-4.61,1625449482.0,64.0
-6.79,1625449482.0,64.0
-8.72,1625449482.0,64.0
-10.31,1625449482.0,64.0
-11.6,1625449482.0,64.0
-12.84,1625449482.0,64.0
-14.3,1625449482.0,64.0
-16.19,1625449482.0,64.0
-18.54,1625449482.0,64.0
-21.2,1625449482.0,64.0
-23.96,1625449482.0,64.0
-26.59,1625449482.0,64.0
-28.87,1625449482.0,64.0
-30.57,1625449482.0,64.0
-31.4,1625449482.0,64.0
-31.03,1625449482.0,64.0
-29.25,1625449482.0,64.0
-26.06,1625449482.0,64.0
-21.72,1625449482.0,64.0
-16.69,1625449482.0,64.0
-11.41,1625449482.0,64.0
-6.16,1625449482.0,64.0
-1.0,1625449482.0,64.0
4.07,1625449482.0,64.0
8.95,1625449482.0,64.0
13.36,1625449482.0,64.0
16.91,1625449482.0,64.0
19.3,1625449482.0,64.0
20.51,1625449482.0,64.0
20.82,1625449482.0,64.0
20.66,1625449482.0,64.0
20.42,1625449482.0,64.0
20.25,1625449482.0,64.0
20.1,1625449482.0,64.0
19.81,1625449482.0,64.0
19.33,1625449482.0,64.0
18.71,1625449482.0,64.0
18.1,1625449482.0,64.0
17.56,1625449482.0,64.0
17.0,1625449482.0,64.0
16.21,1625449482.0,64.0
14.99,1625449482.0,64.0
13.27,1625449482.0,64.0
11.13,1625449482.0,64.0
8.74,1625449482.0,64.0
6.35,1625449482.0,64.0
4.11,1625449482.0,64.0
2.15,1625449482.0,64.0
0.52,1625449482.0,64.0
-0.8,1625449482.0,64.0
-1.9,1625449482.0,64.0
-2.95,1625449482.0,64.0
-4.16,1625449482.0,64.0
-5.73,1625449482.0,64.0
-7.74,1625449482.0,64.0
-10.11,1625449482.0,64.0
-12.66,1625449482.0,64.0
-15.12,1625449482.0,64.0
-17.36,1625449482.0,64.0
-19.35,1625449482.0,64.0
-21.24,1625449482.0,64.0
-23.2,1625449482.0,64.0
-25.36,1625449482.0,64.0
-27.63,1625449482.0,64.0
-29.68,1625449482.0,64.0
-31.04,1625449482.0,64.0
-31.25,1625449482.0,64.0
-29.99,1625449482.0,64.0
-27.26,1625449482.0,64.0
-23.36,1625449482.0,64.0
-18.77,1625449482.0,64.0
-14.0,1625449482.0,64.0
-9.38,1625449482.0,64.0
-5.05,1625449482.0,64.0
-0.95,1625449482.0,64.0
3.05,1625449482.0,64.0
7.0,1625449482.0,64.0
10.85,1625449482.0,64.0
14.36,1625449482.0,64.0
17.25,1625449482.0,64.0
19.3,1625449482.0,64.0
20.49,1625449482.0,64.0
20.97,1625449482.0,64.0
21.02,1625449482.0,64.0
20.87,1625449482.0,64.0
20.66,1625449482.0,64.0
20.36,1625449482.0,64.0
19.91,1625449482.0,64.0
19.27,1625449482.0,64.0
18.46,1625449482.0,64.0
17.5,1625449482.0,64.0
16.39,1625449482.0,64.0
15.05,1625449482.0,64.0
13.36,1625449482.0,64.0
11.29,1625449482.0,64.0
8.9,1625449482.0,64.0
6.4,1625449482.0,64.0
4.02,1625449482.0,64.0
1.95,1625449482.0,64.0
0.25,1625449482.0,64.0
-1.14,1625449482.0,64.0
-2.32,1625449482.0,64.0
-3.37,1625449482.0,64.0
-4.32,1625449482.0,64.0
-5.15,1625449482.0,64.0
-5.85,1625449482.0,64.0
-6.48,1625449482.0,64.0
-7.18,1625449482.0,64.0
-8.15,1625449482.0,64.0
-9.55,1625449482.0,64.0
-11.49,1625449482.0,64.0
-13.91,1625449482.0,64.0
-16.72,1625449482.0,64.0
-19.77,1625449482.0,64.0
-22.95,1625449482.0,64.0
-26.11,1625449482.0,64.0
-29.03,1625449482.0,64.0
-31.3,1625449482.0,64.0
-32.41,1625449482.0,64.0
-31.9,1625449482.0,64.0
-29.53,1625449482.0,64.0
-25.44,1625449482.0,64.0
-20.06,1625449482.0,64.0
-13.97,1625449482.0,64.0
-7.73,1625449482.0,64.0
-1.7,1625449482.0,64.0
3.87,1625449482.0,64.0
8.81,1625449482.0,64.0
12.95,1625449482.0,64.0
16.13,1625449482.0,64.0
18.27,1625449482.0,64.0
19.43,1625449482.0,64.0
19.85,1625449482.0,64.0
19.86,1625449482.0,64.0
19.8,1625449482.0,64.0
19.86,1625449482.0,64.0
20.09,1625449482.0,64.0
20.41,1625449482.0,64.0
20.68,1625449482.0,64.0
20.78,1625449482.0,64.0
20.61,1625449482.0,64.0
20.15,1625449482.0,64.0
19.39,1625449482.0,64.0
18.33,1625449482.0,64.0
16.98,1625449482.0,64.0
15.35,1625449482.0,64.0
13.46,1625449482.0,64.0
11.37,1625449482.0,64.0
9.16,1625449482.0,64.0
6.95,1625449482.0,64.0
4.81,1625449482.0,64.0
2.8,1625449482.0,64.0
0.94,1625449482.0,64.0
-0.81,1625449482.0,64.0
-2.48,1625449482.0,64.0
-4.14,1625449482.0,64.0
-5.87,1625449482.0,64.0
-7.71,1625449482.0,64.0
-9.7,1625449482.0,64.0
-11.79,1625449482.0,64.0
-13.86,1625449482.0,64.0
-15.81,1625449482.0,64.0
-17.58,1625449482.0,64.0
-19.29,1625449482.0,64.0
-21.17,1625449482.0,64.0
-23.44,1625449482.0,64.0
-26.18,1625449482.0,64.0
-29.17,1625449482.0,64.0
-31.89,1625449482.0,64.0
-33.68,1625449482.0,64.0
-33.95,1625449482.0,64.0
-32.34,1625449482.0,64.0
-28.86,1625449482.0,64.0
-23.83,1625449482.0,64.0
-17.78,1625449482.0,64.0
-11.27,1625449482.0,64.0
-4.8,1625449482.0,64.0
1.26,1625449482.0,64.0
6.66,1625449482.0,64.0
11.21,1625449482.0,64.0
14.82,1625449482.0,64.0
17.43,1625449482.0,64.0
19.1,1625449482.0,64.0
19.97,1625449482.0,64.0
20.32,1625449482.0,64.0
20.44,1625449482.0,64.0
20.56,1625449482.0,64.0
20.77,1625449482.0,64.0
20.94,1625449482.0,64.0
20.83,1625449482.0,64.0
20.23,1625449482.0,64.0
19.02,1625449482.0,64.0
17.33,1625449482.0,64.0
15.4,1625449482.0,64.0
13.49,1625449482.0,64.0
11.73,1625449482.0,64.0
10.1,1625449482.0,64.0
8.44,1625449482.0,64.0
6.61,1625449482.0,64.0
4.56,1625449482.0,64.0
2.36,1625449482.0,64.0
0.17,1625449482.0,64.0
-1.87,1625449482.0,64.0
-3.69,1625449482.0,64.0
-5.34,1625449482.0,64.0
-6.86,1625449482.0,64.0
-8.31,1625449482.0,64.0
-9.7,1625449482.0,64.0
-11.01,1625449482.0,64.0
-12.28,1625449482.0,64.0
-13.53,1625449482.0,64.0
-14.89,1625449482.0,64.0
-16.43,1625449482.0,64.0
-18.24,1625449482.0,64.0
-20.31,1625449482.0,64.0
-22.57,1625449482.0,64.0
-24.76,1625449482.0,64.0
-26.48,1625449482.0,64.0
-27.24,1625449482.0,64.0
-26.61,1625449482.0,64.0
-24.34,1625449482.0,64.0
-20.53,1625449482.0,64.0
-15.55,1625449482.0,64.0
-9.95,1625449482.0,64.0
-4.26,1625449482.0,64.0
1.19,1625449482.0,64.0
6.23,1625449482.0,64.0
10.82,1625449482.0,64.0
14.87,1625449482.0,64.0
18.18,1625449482.0,64.0
20.53,1625449482.0,64.0
21.79,1625449482.0,64.0
22.04,1625449482.0,64.0
21.58,1625449482.0,64.0
20.86,1625449482.0,64.0
20.22,1625449482.0,64.0
19.84,1625449482.0,64.0
19.69,1625449482.0,64.0
19.59,1625449482.0,64.0
19.35,1625449482.0,64.0
18.83,1625449482.0,64.0
18.0,1625449482.0,64.0
16.89,1625449482.0,64.0
15.52,1625449482.0,64.0
13.93,1625449482.0,64.0
12.13,1625449482.0,64.0
10.17,1625449482.0,64.0
8.07,1625449482.0,64.0
5.93,1625449482.0,64.0
3.83,1625449482.0,64.0
1.87,1625449482.0,64.0
0.07,1625449482.0,64.0
-1.55,1625449482.0,64.0
-3.01,1625449482.0,64.0
-4.39,1625449482.0,64.0
-5.77,1625449482.0,64.0
-7.22,1625449482.0,64.0
-8.81,1625449482.0,64.0
-10.55,1625449482.0,64.0
-12.45,1625449482.0,64.0
-14.5,1625449482.0,64.0
-16.69,1625449482.0,64.0
-18.96,1625449482.0,64.0
-21.15,1625449482.0,64.0
-22.99,1625449482.0,64.0
-24.12,1625449482.0,64.0
-24.19,1625449482.0,64.0
-22.95,1625449482.0,64.0
-20.39,1625449482.0,64.0
-16.66,1625449482.0,64.0
-12.08,1625449482.0,64.0
-6.94,1625449482.0,64.0
-1.52,1625449482.0,64.0
3.99,1625449482.0,64.0
9.32,1625449482.0,64.0
14.09,1625449482.0,64.0
17.88,1625449482.0,64.0
20.33,1625449482.0,64.0
21.38,1625449482.0,64.0
21.25,1625449482.0,64.0
20.43,1625449482.0,64.0
19.45,1625449482.0,64.0
18.72,1625449482.0,64.0
18.33,1625449482.0,64.0
18.17,1625449482.0,64.0
18.01,1625449482.0,64.0
17.67,1625449482.0,64.0
17.08,1625449482.0,64.0
16.25,1625449482.0,64.0
15.27,1625449482.0,64.0
14.22,1625449482.0,64.0
13.12,1625449482.0,64.0
11.95,1625449482.0,64.0
10.62,1625449482.0,64.0
9.02,1625449482.0,64.0
7.04,1625449482.0,64.0
4.68,1625449482.0,64.0
2.07,1625449482.0,64.0
-0.52,1625449482.0,64.0
-2.76,1625449482.0,64.0
-4.47,1625449482.0,64.0
-5.65,1625449482.0,64.0
-6.53,1625449482.0,64.0
-7.47,1625449482.0,64.0
-8.85,1625449482.0,64.0
-10.92,1625449482.0,64.0
-13.75,1625449482.0,64.0
-17.19,1625449482.0,64.0
-20.86,1625449482.0,64.0
-24.17,1625449482.0,64.0
-26.45,1625449482.0,64.0
-27.06,1625449482.0,64.0
-25.72,1625449482.0,64.0
-22.69,1625449482.0,64.0
-18.77,1625449482.0,64.0
-15.12,1625449482.0,64.0
-12.82,1625449482.0,64.0
-12.52,1625449482.0,64.0
-14.23,1625449482.0,64.0
-17.35,1625449482.0,64.0
-20.97,1625449482.0,64.0
-24.19,1625449482.0,64.0
-26.29,1625449482.0,64.0
-26.85,1625449482.0,64.0
-25.68,1625449482.0,64.0
-22.76,1625449482.0,64.0
-18.2,1625449482.0,64.0
-12.31,1625449482.0,64.0
-5.54,1625449482.0,64.0
1.57,1625449482.0,64.0
8.51,1625449482.0,64.0
14.85,1625449482.0,64.0
20.3,1625449482.0,64.0
24.62,1625449482.0,64.0
27.61,1625449482.0,64.0
29.16,1625449482.0,64.0
29.34,1625449482.0,64.0
28.43,1625449482.0,64.0
26.89,1625449482.0,64.0
25.27,1625449482.0,64.0
23.93,1625449482.0,64.0
22.99,1625449482.0,64.0
22.26,1625449482.0,64.0
21.45,1625449482.0,64.0
20.29,1625449482.0,64.0
18.74,1625449482.0,64.0
16.9,1625449482.0,64.0
14.94,1625449482.0,64.0
12.99,1625449482.0,64.0
11.05,1625449482.0,64.0
9.04,1625449482.0,64.0
6.88,1625449482.0,64.0
4.55,1625449482.0,64.0
2.15,1625449482.0,64.0
-0.17,1625449482.0,64.0
-2.27,1625449482.0,64.0
-4.07,1625449482.0,64.0
-5.59,1625449482.0,64.0
-6.98,1625449482.0,64.0
-8.42,1625449482.0,64.0
-10.1,1625449482.0,64.0
-12.16,1625449482.0,64.0
-14.65,1625449482.0,64.0
-17.49,1625449482.0,64.0
-20.56,1625449482.0,64.0
-23.69,1625449482.0,64.0
-26.69,1625449482.0,64.0
-29.36,1625449482.0,64.0
-31.41,1625449482.0,64.0
-32.51,1625449482.0,64.0
-32.31,1625449482.0,64.0
-30.6,1625449482.0,64.0
-27.36,1625449482.0,64.0
-22.78,1625449482.0,64.0
-17.24,1625449482.0,64.0
-11.13,1625449482.0,64.0
-4.76,1625449482.0,64.0
1.72,1625449482.0,64.0
8.2,1625449482.0,64.0
14.53,1625449482.0,64.0
20.4,1625449482.0,64.0
25.33,1625449482.0,64.0
28.85,1625449482.0,64.0
30.67,1625449482.0,64.0
30.84,1625449482.0,64.0
29.8,1625449482.0,64.0
28.19,1625449482.0,64.0
26.64,1625449482.0,64.0
25.53,1625449482.0,64.0
24.92,1625449482.0,64.0
24.57,1625449482.0,64.0
24.11,1625449482.0,64.0
23.24,1625449482.0,64.0
21.85,1625449482.0,64.0
20.01,1625449482.0,64.0
17.91,1625449482.0,64.0
15.75,1625449482.0,64.0
13.63,1625449482.0,64.0
11.52,1625449482.0,64.0
9.33,1625449482.0,64.0
6.96,1625449482.0,64.0
4.43,1625449482.0,64.0
1.84,1625449482.0,64.0
-0.65,1625449482.0,64.0
-2.9,1625449482.0,64.0
-4.89,1625449482.0,64.0
-6.68,1625449482.0,64.0
-8.48,1625449482.0,64.0
-10.45,1625449482.0,64.0
-12.71,1625449482.0,64.0
-15.27,1625449482.0,64.0
-18.03,1625449482.0,64.0
-20.89,1625449482.0,64.0
-23.77,1625449482.0,64.0
-26.65,1625449482.0,64.0
-29.49,1625449482.0,64.0
-32.15,1625449482.0,64.0
-34.31,1625449482.0,64.0
-35.5,1625449482.0,64.0
-35.24,1625449482.0,64.0
-33.18,1625449482.0,64.0
-29.29,1625449482.0,64.0
-23.88,1625449482.0,64.0
-17.53,1625449482.0,64.0
-10.82,1625449482.0,64.0
-4.2,1625449482.0,64.0
2.12,1625449482.0,64.0
8.11,1625449482.0,64.0
13.74,1625449482.0,64.0
18.85,1625449482.0,64.0
23.15,1625449482.0,64.0
26.32,1625449482.0,64.0
28.17,1625449482.0,64.0
28.77,1625449482.0,64.0
28.42,1625449482.0,64.0
27.57,1625449482.0,64.0
26.6,1625449482.0,64.0
25.72,1625449482.0,64.0
24.97,1625449482.0,64.0
24.26,1625449482.0,64.0
23.49,1625449482.0,64.0
22.59,1625449482.0,64.0
21.49,1625449482.0,64.0
20.18,1625449482.0,64.0
18.64,1625449482.0,64.0
16.87,1625449482.0,64.0
14.91,1625449482.0,64.0
12.85,1625449482.0,64.0
10.81,1625449482.0,64.0
8.96,1625449482.0,64.0
7.43,1625449482.0,64.0
6.29,1625449482.0,64.0
5.49,1625449482.0,64.0
4.86,1625449482.0,64.0
4.08,1625449482.0,64.0
2.83,1625449482.0,64.0
0.92,1625449482.0,64.0
-1.62,1625449482.0,64.0
-4.57,1625449482.0,64.0
-7.59,1625449482.0,64.0
-10.45,1625449482.0,64.0
-13.09,1625449482.0,64.0
-15.67,1625449482.0,64.0
-18.37,1625449482.0,64.0
-21.37,1625449482.0,64.0
-24.65,1625449482.0,64.0
-28.08,1625449482.0,64.0
-31.44,1625449482.0,64.0
-34.46,1625449482.0,64.0
-36.84,1625449482.0,64.0
-38.19,1625449482.0,64.0
-38.14,1625449482.0,64.0
-36.39,1625449482.0,64.0
-32.87,1625449482.0,64.0
-27.8,1625449482.0,64.0
-21.64,1625449482.0,64.0
-14.9,1625449482.0,64.0
-7.96,1625449482.0,64.0
-1.03,1625449482.0,64.0
5.8,1625449482.0,64.0
12.37,1625449482.0,64.0
18.34,1625449482.0,64.0
23.25,1625449482.0,64.0
26.69,1625449482.0,64.0
28.54,1625449482.0,64.0
29.09,1625449482.0,64.0
28.85,1625449482.0,64.0
28.37,1625449482.0,64.0
27.95,1625449482.0,64.0
27.57,1625449482.0,64.0
26.98,1625449482.0,64.0
26.01,1625449482.0,64.0
24.66,1625449482.0,64.0
23.11,1625449482.0,64.0
21.62,1625449482.0,64.0
20.34,1625449482.0,64.0
19.2,1625449482.0,64.0
18.0,1625449482.0,64.0
16.53,1625449482.0,64.0
14.74,1625449482.0,64.0
12.74,1625449482.0,64.0
10.71,1625449482.0,64.0
8.83,1625449482.0,64.0
7.12,1625449482.0,64.0
5.48,1625449482.0,64.0
3.76,1625449482.0,64.0
1.84,1625449482.0,64.0
-0.3,1625449482.0,64.0
-2.61,1625449482.0,64.0
-4.97,1625449482.0,64.0
-7.31,1625449482.0,64.0
-9.58,1625449482.0,64.0
-11.78,1625449482.0,64.0
-13.9,1625449482.0,64.0
-15.94,1625449482.0,64.0
-17.92,1625449482.0,64.0
-19.86,1625449482.0,64.0
-21.88,1625449482.0,64.0
-24.09,1625449482.0,64.0
-26.56,1625449482.0,64.0
-29.25,1625449482.0,64.0
-31.9,1625449482.0,64.0
-34.1,1625449482.0,64.0
-35.35,1625449482.0,64.0
-35.23,1625449482.0,64.0
-33.49,1625449482.0,64.0
-30.2,1625449482.0,64.0
-25.61,1625449482.0,64.0
-20.13,1625449482.0,64.0
-14.13,1625449482.0,64.0
-7.86,1625449482.0,64.0
-1.48,1625449482.0,64.0
4.86,1625449482.0,64.0
10.94,1625449482.0,64.0
16.4,1625449482.0,64.0
20.82,1625449482.0,64.0
23.9,1625449482.0,64.0
25.62,1625449482.0,64.0
26.22,1625449482.0,64.0
26.16,1625449482.0,64.0
25.89,1625449482.0,64.0
25.68,1625449482.0,64.0
25.52,1625449482.0,64.0
25.25,1625449482.0,64.0
24.63,1625449482.0,64.0
23.58,1625449482.0,64.0
22.2,1625449482.0,64.0
20.67,1625449482.0,64.0
19.23,1625449482.0,64.0
17.98,1625449482.0,64.0
16.87,1625449482.0,64.0
15.75,1625449482.0,64.0
14.45,1625449482.0,64.0
12.84,1625449482.0,64.0
10.88,1625449482.0,64.0
8.63,1625449482.0,64.0
6.22,1625449482.0,64.0
3.75,1625449482.0,64.0
1.3,1625449482.0,64.0
-1.06,1625449482.0,64.0
-3.31,1625449482.0,64.0
-5.44,1625449482.0,64.0
-7.48,1625449482.0,64.0
-9.48,1625449482.0,64.0
-11.52,1625449482.0,64.0
-13.63,1625449482.0,64.0
-15.78,1625449482.0,64.0
-17.83,1625449482.0,64.0
-19.59,1625449482.0,64.0
-20.89,1625449482.0,64.0
-21.69,1625449482.0,64.0
-22.13,1625449482.0,64.0
-22.52,1625449482.0,64.0
-23.23,1625449482.0,64.0
-24.48,1625449482.0,64.0
-26.22,1625449482.0,64.0
-28.15,1625449482.0,64.0
-29.76,1625449482.0,64.0
-30.54,1625449482.0,64.0
-30.09,1625449482.0,64.0
-28.25,1625449482.0,64.0
-25.06,1625449482.0,64.0
-20.66,1625449482.0,64.0
-15.3,1625449482.0,64.0
-9.22,1625449482.0,64.0
-2.73,1625449482.0,64.0
3.82,1625449482.0,64.0
9.99,1625449482.0,64.0
15.38,1625449482.0,64.0
19.64,1625449482.0,64.0
22.6,1625449482.0,64.0
24.31,1625449482.0,64.0
25.02,1625449482.0,64.0
25.09,1625449482.0,64.0
24.87,1625449482.0,64.0
24.64,1625449482.0,64.0
24.49,1625449482.0,64.0
24.41,1625449482.0,64.0
24.29,1625449482.0,64.0
24.01,1625449482.0,64.0
23.49,1625449482.0,64.0
22.73,1625449482.0,64.0
21.68,1625449482.0,64.0
20.35,1625449482.0,64.0
18.7,1625449482.0,64.0
16.72,1625449482.0,64.0
14.49,1625449482.0,64.0
12.08,1625449482.0,64.0
9.64,1625449482.0,64.0
7.28,1625449482.0,64.0
5.04,1625449482.0,64.0
2.93,1625449482.0,64.0
0.91,1625449482.0,64.0
-1.09,1625449482.0,64.0
-3.11,1625449482.0,64.0
-5.15,1625449482.0,64.0
-7.17,1625449482.0,64.0
-9.1,1625449482.0,64.0
-10.87,1625449482.0,64.0
-12.47,1625449482.0,64.0
-13.97,1625449482.0,64.0
-15.46,1625449482.0,64.0
-17.08,1625449482.0,64.0
-18.94,1625449482.0,64.0
-21.1,1625449482.0,64.0
-23.63,1625449482.0,64.0
-26.47,1625449482.0,64.0
-29.5,1625449482.0,64.0
-32.45,1625449482.0,64.0
-34.88,1625449482.0,64.0
-36.33,1625449482.0,64.0
-36.36,1625449482.0,64.0
-34.7,1625449482.0,64.0
-31.38,1625449482.0,64.0
-26.66,1625449482.0,64.0
-20.97,1625449482.0,64.0
-14.76,1625449482.0,64.0
-8.45,1625449482.0,64.0
-2.33,1625449482.0,64.0
3.37,1625449482.0,64.0
8.42,1625449482.0,64.0
12.63,1625449482.0,64.0
15.86,1625449482.0,64.0
18.05,1625449482.0,64.0
19.32,1625449482.0,64.0
19.88,1625449482.0,64.0
20.02,1625449482.0,64.0
20.01,1625449482.0,64.0
19.98,1625449482.0,64.0
19.93,1625449482.0,64.0
19.76,1625449482.0,64.0
19.33,1625449482.0,64.0
18.57,1625449482.0,64.0
17.5,1625449482.0,64.0
16.24,1625449482.0,64.0
14.91,1625449482.0,64.0
13.61,1625449482.0,64.0
12.36,1625449482.0,64.0
11.08,1625449482.0,64.0
9.69,1625449482.0,64.0
8.12,1625449482.0,64.0
6.41,1625449482.0,64.0
4.68,1625449482.0,64.0
3.08,1625449482.0,64.0
1.71,1625449482.0,64.0
0.55,1625449482.0,64.0
-0.53,1625449482.0,64.0
-1.73,1625449482.0,64.0
-3.19,1625449482.0,64.0
-4.92,1625449482.0,64.0
-6.79,1625449482.0,64.0
-8.6,1625449482.0,64.0
-10.17,1625449482.0,64.0
-11.46,1625449482.0,64.0
-12.6,1625449482.0,64.0
-13.87,1625449482.0,64.0
-15.56,1625449482.0,64.0
-17.84,1625449482.0,64.0
-20.67,1625449482.0,64.0
-23.73,1625449482.0,64.0
-26.54,1625449482.0,64.0
-28.51,1625449482.0,64.0
-29.12,1625449482.0,64.0
-28.01,1625449482.0,64.0
-25.11,1625449482.0,64.0
-20.61,1625449482.0,64.0
-14.94,1625449482.0,64.0
-8.68,1625449482.0,64.0
-2.36,1625449482.0,64.0
3.57,1625449482.0,64.0
8.84,1625449482.0,64.0
13.36,1625449482.0,64.0
17.03,1625449482.0,64.0
19.8,1625449482.0,64.0
21.57,1625449482.0,64.0
22.3,1625449482.0,64.0
22.06,1625449482.0,64.0
21.05,1625449482.0,64.0
19.66,1625449482.0,64.0
18.28,1625449482.0,64.0
17.26,1625449482.0,64.0
16.8,1625449482.0,64.0
16.88,1625449482.0,64.0
17.35,1625449482.0,64.0
17.93,1625449482.0,64.0
18.33,1625449482.0,64.0
18.29,1625449482.0,64.0
17.64,1625449482.0,64.0
16.35,1625449482.0,64.0
14.46,1625449482.0,64.0
12.17,1625449482.0,64.0
9.71,1625449482.0,64.0
7.27,1625449482.0,64.0
4.99,1625449482.0,64.0
2.9,1625449482.0,64.0
0.94,1625449482.0,64.0
-0.96,1625449482.0,64.0
-2.89,1625449482.0,64.0
-4.92,1625449482.0,64.0
-7.07,1625449482.0,64.0
-9.34,1625449482.0,64.0
-11.7,1625449482.0,64.0
-14.09,1625449482.0,64.0
-16.5,1625449482.0,64.0
-18.92,1625449482.0,64.0
-21.39,1625449482.0,64.0
-24.0,1625449482.0,64.0
-26.77,1625449482.0,64.0
-29.54,1625449482.0,64.0
-31.98,1625449482.0,64.0
-33.57,1625449482.0,64.0
-33.8,1625449482.0,64.0
-32.29,1625449482.0,64.0
-28.97,1625449482.0,64.0
-24.1,1625449482.0,64.0
-18.18,1625449482.0,64.0
-11.78,1625449482.0,64.0
-5.4,1625449482.0,64.0
0.61,1625449482.0,64.0
6.09,1625449482.0,64.0
10.93,1625449482.0,64.0
15.02,1625449482.0,64.0
18.21,1625449482.0,64.0
20.35,1625449482.0,64.0
21.43,1625449482.0,64.0
21.63,1625449482.0,64.0
21.26,1625449482.0,64.0
20.76,1625449482.0,64.0
20.44,1625449482.0,64.0
20.46,1625449482.0,64.0
20.76,1625449482.0,64.0
21.08,1625449482.0,64.0
21.11,1625449482.0,64.0
20.57,1625449482.0,64.0
19.32,1625449482.0,64.0
17.4,1625449482.0,64.0
14.97,1625449482.0,64.0
12.31,1625449482.0,64.0
9.67,1625449482.0,64.0
7.21,1625449482.0,64.0
4.96,1625449482.0,64.0
2.81,1625449482.0,64.0
0.67,1625449482.0,64.0
-1.55,1625449482.0,64.0
-3.8,1625449482.0,64.0
-6.01,1625449482.0,64.0
-8.09,1625449482.0,64.0
-10.01,1625449482.0,64.0
-11.84,1625449482.0,64.0
-13.69,1625449482.0,64.0
-15.7,1625449482.0,64.0
-17.92,1625449482.0,64.0
-20.33,1625449482.0,64.0
-22.92,1625449482.0,64.0
-25.65,1625449482.0,64.0
-28.49,1625449482.0,64.0
-31.34,1625449482.0,64.0
-33.94,1625449482.0,64.0
-35.81,1625449482.0,64.0
-36.43,1625449482.0,64.0
-35.31,1625449482.0,64.0
-32.27,1625449482.0,64.0
-27.53,1625449482.0,64.0
-21.6,1625449482.0,64.0
-15.11,1625449482.0,64.0
-8.56,1625449482.0,64.0
-2.21,1625449482.0,64.0
3.87,1625449482.0,64.0
9.66,1625449482.0,64.0
15.03,1625449482.0,64.0
19.67,1625449482.0,64.0
23.21,1625449482.0,64.0
25.36,1625449482.0,64.0
26.12,1625449482.0,64.0
25.76,1625449482.0,64.0
24.74,1625449482.0,64.0
23.56,1625449482.0,64.0
22.56,1625449482.0,64.0
21.83,1625449482.0,64.0
21.26,1625449482.0,64.0
20.65,1625449482.0,64.0
19.8,1625449482.0,64.0
18.6,1625449482.0,64.0
17.07,1625449482.0,64.0
15.28,1625449482.0,64.0
13.37,1625449482.0,64.0
11.46,1625449482.0,64.0
9.6,1625449482.0,64.0
7.82,1625449482.0,64.0
6.04,1625449482.0,64.0
4.23,1625449482.0,64.0
2.35,1625449482.0,64.0
0.43,1625449482.0,64.0
-1.51,1625449482.0,64.0
-3.44,1625449482.0,64.0
-5.42,1625449482.0,64.0
-7.58,1625449482.0,64.0
-10.03,1625449482.0,64.0
-12.83,1625449482.0,64.0
-15.89,1625449482.0,64.0
-19.06,1625449482.0,64.0
-22.15,1625449482.0,64.0
-25.04,1625449482.0,64.0
-27.71,1625449482.0,64.0
-30.18,1625449482.0,64.0
-32.41,1625449482.0,64.0
-34.26,1625449482.0,64.0
-35.37,1625449482.0,64.0
-35.34,1625449482.0,64.0
-33.76,1625449482.0,64.0
-30.38,1625449482.0,64.0
-25.25,1625449482.0,64.0
-18.68,1625449482.0,64.0
-11.18,1625449482.0,64.0
-3.38,1625449482.0,64.0
4.16,1625449482.0,64.0
10.96,1625449482.0,64.0
16.68,1625449482.0,64.0
21.1,1625449482.0,64.0
24.11,1625449482.0,64.0
25.76,1625449482.0,64.0
26.26,1625449482.0,64.0
25.97,1625449482.0,64.0
25.36,1625449482.0,64.0
24.82,1625449482.0,64.0
24.6,1625449482.0,64.0
24.71,1625449482.0,64.0
24.94,1625449482.0,64.0
24.98,1625449482.0,64.0
24.56,1625449482.0,64.0
23.59,1625449482.0,64.0
22.12,1625449482.0,64.0
20.37,1625449482.0,64.0
18.53,1625449482.0,64.0
16.75,1625449482.0,64.0
15.07,1625449482.0,64.0
13.41,1625449482.0,64.0
11.65,1625449482.0,64.0
9.65,1625449482.0,64.0
7.37,1625449482.0,64.0
4.82,1625449482.0,64.0
2.11,1625449482.0,64.0
-0.61,1625449482.0,64.0
-3.2,1625449482.0,64.0
-5.56,1625449482.0,64.0
-7.71,1625449482.0,64.0
-9.74,1625449482.0,64.0
-11.79,1625449482.0,64.0
-13.98,1625449482.0,64.0
-16.36,1625449482.0,64.0
-18.9,1625449482.0,64.0
-21.57,1625449482.0,64.0
-24.33,1625449482.0,64.0
-27.12,1625449482.0,64.0
-29.82,1625449482.0,64.0
-32.18,1625449482.0,64.0
-33.78,1625449482.0,64.0
-34.18,1625449482.0,64.0
-33.01,1625449482.0,64.0
-30.16,1625449482.0,64.0
-25.82,1625449482.0,64.0
-20.37,1625449482.0,64.0
-14.27,1625449482.0,64.0
-7.87,1625449482.0,64.0
-1.41,1625449482.0,64.0
4.96,1625449482.0,64.0
11.03,1625449482.0,64.0
16.49,1625449482.0,64.0
20.98,1625449482.0,64.0
24.18,1625449482.0,64.0
25.99,1625449482.0,64.0
26.57,1625449482.0,64.0
26.29,1625449482.0,64.0
25.59,1625449482.0,64.0
24.84,1625449482.0,64.0
24.24,1625449482.0,64.0
23.85,1625449482.0,64.0
23.57,1625449482.0,64.0
23.27,1625449482.0,64.0
22.77,1625449482.0,64.0
21.93,1625449482.0,64.0
20.62,1625449482.0,64.0
18.83,1625449482.0,64.0
16.62,1625449482.0,64.0
14.15,1625449482.0,64.0
11.6,1625449482.0,64.0
9.12,1625449482.0,64.0
6.82,1625449482.0,64.0
4.75,1625449482.0,64.0
2.91,1625449482.0,64.0
1.25,1625449482.0,64.0
-0.31,1625449482.0,64.0
-1.86,1625449482.0,64.0
-3.51,1625449482.0,64.0
-5.31,1625449482.0,64.0
-7.28,1625449482.0,64.0
-9.37,1625449482.0,64.0
-11.53,1625449482.0,64.0
-13.74,1625449482.0,64.0
-15.99,1625449482.0,64.0
-18.29,1625449482.0,64.0
-20.71,1625449482.0,64.0
-23.26,1625449482.0,64.0
-25.93,1625449482.0,64.0
-28.62,1625449482.0,64.0
-31.08,1625449482.0,64.0
-32.91,1625449482.0,64.0
-33.63,1625449482.0,64.0
-32.82,1625449482.0,64.0
-30.27,1625449482.0,64.0
-26.1,1625449482.0,64.0
-20.7,1625449482.0,64.0
-14.56,1625449482.0,64.0
-8.13,1625449482.0,64.0
-1.65,1625449482.0,64.0
4.7,1625449482.0,64.0
10.74,1625449482.0,64.0
16.15,1625449482.0,64.0
20.52,1625449482.0,64.0
23.5,1625449482.0,64.0
25.0,1625449482.0,64.0
25.28,1625449482.0,64.0
24.83,1625449482.0,64.0
24.19,1625449482.0,64.0
23.69,1625449482.0,64.0
23.4,1625449482.0,64.0
23.14,1625449482.0,64.0
22.68,1625449482.0,64.0
21.87,1625449482.0,64.0
20.68,1625449482.0,64.0
19.15,1625449482.0,64.0
17.37,1625449482.0,64.0
15.43,1625449482.0,64.0
13.37,1625449482.0,64.0
11.23,1625449482.0,64.0
9.1,1625449482.0,64.0
7.06,1625449482.0,64.0
5.18,1625449482.0,64.0
3.51,1625449482.0,64.0
2.02,1625449482.0,64.0
0.69,1625449482.0,64.0
-0.53,1625449482.0,64.0
-1.67,1625449482.0,64.0
-2.78,1625449482.0,64.0
-3.88,1625449482.0,64.0
-5.02,1625449482.0,64.0
-6.23,1625449482.0,64.0
-7.56,1625449482.0,64.0
-9.11,1625449482.0,64.0
-10.94,1625449482.0,64.0
-13.14,1625449482.0,64.0
-15.73,1625449482.0,64.0
-18.63,1625449482.0,64.0
-21.74,1625449482.0,64.0
-24.93,1625449482.0,64.0
-28.05,1625449482.0,64.0
-30.9,1625449482.0,64.0
-33.18,1625449482.0,64.0
-34.46,1625449482.0,64.0
-34.27,1625449482.0,64.0
-32.22,1625449482.0,64.0
-28.22,1625449482.0,64.0
-22.55,1625449482.0,64.0
-15.77,1625449482.0,64.0
-8.57,1625449482.0,64.0
-1.53,1625449482.0,64.0
5.02,1625449482.0,64.0
10.96,1625449482.0,64.0
16.22,1625449482.0,64.0
20.67,1625449482.0,64.0
24.08,1625449482.0,64.0
26.23,1625449482.0,64.0
27.09,1625449482.0,64.0
26.88,1625449482.0,64.0
26.06,1625449482.0,64.0
25.14,1625449482.0,64.0
24.45,1625449482.0,64.0
24.01,1625449482.0,64.0
23.61,1625449482.0,64.0
22.93,1625449482.0,64.0
21.78,1625449482.0,64.0
20.17,1625449482.0,64.0
18.29,1625449482.0,64.0
16.38,1625449482.0,64.0
14.6,1625449482.0,64.0
12.94,1625449482.0,64.0
11.28,1625449482.0,64.0
9.48,1625449482.0,64.0
7.45,1625449482.0,64.0
5.26,1625449482.0,64.0
3.02,1625449482.0,64.0
0.87,1625449482.0,64.0
-1.08,1625449482.0,64.0
-2.83,1625449482.0,64.0
-4.44,1625449482.0,64.0
-6.02,1625449482.0,64.0
-7.7,1625449482.0,64.0
-9.55,1625449482.0,64.0
-11.62,1625449482.0,64.0
-13.85,1625449482.0,64.0
-16.14,1625449482.0,64.0
-18.38,1625449482.0,64.0
-20.49,1625449482.0,64.0
-22.49,1625449482.0,64.0
-24.45,1625449482.0,64.0
-26.45,1625449482.0,64.0
-28.44,1625449482.0,64.0
-30.18,1625449482.0,64.0
-31.25,1625449482.0,64.0
-31.15,1625449482.0,64.0
-29.57,1625449482.0,64.0
-26.41,1625449482.0,64.0
-21.93,1625449482.0,64.0
-16.54,1625449482.0,64.0
-10.69,1625449482.0,64.0
-4.67,1625449482.0,64.0
1.36,1625449482.0,64.0
7.28,1625449482.0,64.0
12.89,1625449482.0,64.0
17.84,1625449482.0,64.0
21.69,1625449482.0,64.0
24.11,1625449482.0,64.0
25.08,1625449482.0,64.0
24.92,1625449482.0,64.0
24.19,1625449482.0,64.0
23.46,1625449482.0,64.0
23.1,1625449482.0,64.0
23.15,1625449482.0,64.0
23.42,1625449482.0,64.0
23.57,1625449482.0,64.0
23.35,1625449482.0,64.0
22.61,1625449482.0,64.0
21.36,1625449482.0,64.0
19.65,1625449482.0,64.0
17.59,1625449482.0,64.0
15.29,1625449482.0,64.0
12.84,1625449482.0,64.0
10.36,1625449482.0,64.0
7.94,1625449482.0,64.0
5.64,1625449482.0,64.0
3.49,1625449482.0,64.0
1.48,1625449482.0,64.0
-0.4,1625449482.0,64.0
-2.18,1625449482.0,64.0
-3.88,1625449482.0,64.0
-5.61,1625449482.0,64.0
-7.46,1625449482.0,64.0
-9.56,1625449482.0,64.0
-11.94,1625449482.0,64.0
-14.57,1625449482.0,64.0
-17.29,1625449482.0,64.0
-19.91,1625449482.0,64.0
-22.29,1625449482.0,64.0
-24.37,1625449482.0,64.0
-26.26,1625449482.0,64.0
-28.18,1625449482.0,64.0
-30.29,1625449482.0,64.0
-32.62,1625449482.0,64.0
-34.92,1625449482.0,64.0
-36.68,1625449482.0,64.0
-37.31,1625449482.0,64.0
-36.29,1625449482.0,64.0
-33.38,1625449482.0,64.0
-28.68,1625449482.0,64.0
-22.57,1625449482.0,64.0
-15.62,1625449482.0,64.0
-8.39,1625449482.0,64.0
-1.32,1625449482.0,64.0
5.24,1625449482.0,64.0
11.04,1625449482.0,64.0
15.91,1625449482.0,64.0
19.75,1625449482.0,64.0
22.59,1625449482.0,64.0
24.61,1625449482.0,64.0
26.1,1625449482.0,64.0
27.33,1625449482.0,64.0
28.45,1625449482.0,64.0
29.42,1625449482.0,64.0
30.04,1625449482.0,64.0
30.1,1625449482.0,64.0
29.45,1625449482.0,64.0
28.11,1625449482.0,64.0
26.22,1625449482.0,64.0
23.93,1625449482.0,64.0
21.33,1625449482.0,64.0
18.42,1625449482.0,64.0
15.22,1625449482.0,64.0
11.84,1625449482.0,64.0
8.52,1625449482.0,64.0
5.6,1625449482.0,64.0
3.35,1625449482.0,64.0
1.8,1625449482.0,64.0
0.73,1625449482.0,64.0
-0.26,1625449482.0,64.0
-1.61,1625449482.0,64.0
-3.54,1625449482.0,64.0
-5.99,1625449482.0,64.0
-8.66,1625449482.0,64.0
-11.23,1625449482.0,64.0
-13.47,1625449482.0,64.0
-15.4,1625449482.0,64.0
-17.19,1625449482.0,64.0
-19.03,1625449482.0,64.0
-21.06,1625449482.0,64.0
-23.31,1625449482.0,64.0
-25.72,1625449482.0,64.0
-28.28,1625449482.0,64.0
-30.94,1625449482.0,64.0
-33.55,1625449482.0,64.0
-35.82,1625449482.0,64.0
-37.26,1625449482.0,64.0
-37.33,1625449482.0,64.0
-35.59,1625449482.0,64.0
-31.87,1625449482.0,64.0
-26.37,1625449482.0,64.0
-19.62,1625449482.0,64.0
-12.29,1625449482.0,64.0
-5.01,1625449482.0,64.0
1.72,1625449482.0,64.0
7.62,1625449482.0,64.0
12.56,1625449482.0,64.0
16.49,1625449482.0,64.0
19.41,1625449482.0,64.0
21.34,1625449482.0,64.0
22.38,1625449482.0,64.0
22.7,1625449482.0,64.0
22.49,1625449482.0,64.0
21.98,1625449482.0,64.0
21.33,1625449482.0,64.0
20.61,1625449482.0,64.0
19.86,1625449482.0,64.0
19.08,1625449482.0,64.0
18.28,1625449482.0,64.0
17.43,1625449482.0,64.0
16.52,1625449482.0,64.0
15.49,1625449482.0,64.0
14.27,1625449482.0,64.0
12.84,1625449482.0,64.0
11.21,1625449482.0,64.0
9.47,1625449482.0,64.0
7.69,1625449482.0,64.0
5.92,1625449482.0,64.0
4.19,1625449482.0,64.0
2.48,1625449482.0,64.0
0.8,1625449482.0,64.0
-0.82,1625449482.0,64.0
-2.3,1625449482.0,64.0
-3.62,1625449482.0,64.0
-4.79,1625449482.0,64.0
-5.94,1625449482.0,64.0
-7.24,1625449482.0,64.0
-8.85,1625449482.0,64.0
-10.83,1625449482.0,64.0
-13.07,1625449482.0,64.0
-15.41,1625449482.0,64.0
-17.69,1625449482.0,64.0
-19.91,1625449482.0,64.0
-22.1,1625449482.0,64.0
-24.28,1625449482.0,64.0
-26.27,1625449482.0,64.0
-27.6,1625449482.0,64.0
-27.68,1625449482.0,64.0
-26.0,1625449482.0,64.0
-22.41,1625449482.0,64.0
-17.18,1625449482.0,64.0
-10.9,1625449482.0,64.0
-4.26,1625449482.0,64.0
2.17,1625449482.0,64.0
8.03,1625449482.0,64.0
13.11,1625449482.0,64.0
17.25,1625449482.0,64.0
20.28,1625449482.0,64.0
22.05,1625449482.0,64.0
22.6,1625449482.0,64.0
22.21,1625449482.0,64.0
21.33,1625449482.0,64.0
20.49,1625449482.0,64.0
20.03,1625449482.0,64.0
20.05,1625449482.0,64.0
20.39,1625449482.0,64.0
20.73,1625449482.0,64.0
20.76,1625449482.0,64.0
20.28,1625449482.0,64.0
19.2,1625449482.0,64.0
17.58,1625449482.0,64.0
15.5,1625449482.0,64.0
13.1,1625449482.0,64.0
10.52,1625449482.0,64.0
7.93,1625449482.0,64.0
5.47,1625449482.0,64.0
3.24,1625449482.0,64.0
1.23,1625449482.0,64.0
-0.64,1625449482.0,64.0
-2.49,1625449482.0,64.0
-4.41,1625449482.0,64.0
-6.4,1625449482.0,64.0
-8.37,1625449482.0,64.0
-10.23,1625449482.0,64.0
-11.89,1625449482.0,64.0
-13.38,1625449482.0,64.0
-14.79,1625449482.0,64.0
-16.28,1625449482.0,64.0
-18.02,1625449482.0,64.0
-20.07,1625449482.0,64.0
-22.38,1625449482.0,64.0
-24.76,1625449482.0,64.0
-26.84,1625449482.0,64.0
-28.22,1625449482.0,64.0
-28.49,1625449482.0,64.0
-27.37,1625449482.0,64.0
-24.79,1625449482.0,64.0
-20.86,1625449482.0,64.0
-15.84,1625449482.0,64.0
-10.09,1625449482.0,64.0
-3.97,1625449482.0,64.0
2.19,1625449482.0,64.0
8.05,1625449482.0,64.0
13.29,1625449482.0,64.0
17.55,1625449482.0,64.0
20.55,1625449482.0,64.0
22.18,1625449482.0,64.0
22.55,1625449482.0,64.0
21.97,1625449482.0,64.0
20.9,1625449482.0,64.0
19.79,1625449482.0,64.0
18.94,1625449482.0,64.0
18.47,1625449482.0,64.0
18.3,1625449482.0,64.0
18.22,1625449482.0,64.0
17.97,1625449482.0,64.0
17.35,1625449482.0,64.0
16.25,1625449482.0,64.0
14.74,1625449482.0,64.0
12.98,1625449482.0,64.0
11.13,1625449482.0,64.0
9.3,1625449482.0,64.0
7.49,1625449482.0,64.0
5.62,1625449482.0,64.0
3.61,1625449482.0,64.0
1.44,1625449482.0,64.0
-0.81,1625449482.0,64.0
-2.98,1625449482.0,64.0
-4.99,1625449482.0,64.0
-6.85,1625449482.0,64.0
-8.68,1625449482.0,64.0
-10.64,1625449482.0,64.0
-12.85,1625449482.0,64.0
-15.32,1625449482.0,64.0
-17.99,1625449482.0,64.0
-20.83,1625449482.0,64.0
-23.84,1625449482.0,64.0
-27.03,1625449482.0,64.0
-30.3,1625449482.0,64.0
-33.36,1625449482.0,64.0
-35.72,1625449482.0,64.0
-36.79,1625449482.0,64.0
-36.09,1625449482.0,64.0
-33.41,1625449482.0,64.0
-28.9,1625449482.0,64.0
-23.0,1625449482.0,64.0
-16.26,1625449482.0,64.0
-9.19,1625449482.0,64.0
-2.12,1625449482.0,64.0
4.76,1625449482.0,64.0
11.28,1625449482.0,64.0
17.21,1625449482.0,64.0
22.23,1625449482.0,64.0
25.98,1625449482.0,64.0
28.27,1625449482.0,64.0
29.14,1625449482.0,64.0
28.92,1625449482.0,64.0
28.12,1625449482.0,64.0
27.25,1625449482.0,64.0
26.6,1625449482.0,64.0
26.2,1625449482.0,64.0
25.85,1625449482.0,64.0
25.25,1625449482.0,64.0
24.17,1625449482.0,64.0
22.52,1625449482.0,64.0
20.38,1625449482.0,64.0
17.93,1625449482.0,64.0
15.34,1625449482.0,64.0
12.76,1625449482.0,64.0
10.23,1625449482.0,64.0
7.74,1625449482.0,64.0
5.25,1625449482.0,64.0
2.74,1625449482.0,64.0
0.26,1625449482.0,64.0
-2.12,1625449482.0,64.0
-4.29,1625449482.0,64.0
-6.25,1625449482.0,64.0
-8.08,1625449482.0,64.0
-9.98,1625449482.0,64.0
-12.12,1625449482.0,64.0
-14.6,1625449482.0,64.0
-17.35,1625449482.0,64.0
-20.24,1625449482.0,64.0
-23.11,1625449482.0,64.0
-25.91,1625449482.0,64.0
-28.62,1625449482.0,64.0
-31.17,1625449482.0,64.0
-33.37,1625449482.0,64.0
-34.82,1625449482.0,64.0
-35.1,1625449482.0,64.0
-33.85,1625449482.0,64.0
-30.94,1625449482.0,64.0
-26.48,1625449482.0,64.0
-20.81,1625449482.0,64.0
-14.33,1625449482.0,64.0
-7.43,1625449482.0,64.0
-0.45,1625449482.0,64.0
6.31,1625449482.0,64.0
12.53,1625449482.0,64.0
17.88,1625449482.0,64.0
22.08,1625449482.0,64.0
24.94,1625449482.0,64.0
26.49,1625449482.0,64.0
26.97,1625449482.0,64.0
26.75,1625449482.0,64.0
26.23,1625449482.0,64.0
25.72,1625449482.0,64.0
25.33,1625449482.0,64.0
25.06,1625449482.0,64.0
24.83,1625449482.0,64.0
24.54,1625449482.0,64.0
24.11,1625449482.0,64.0
23.45,1625449482.0,64.0
22.45,1625449482.0,64.0
21.0,1625449482.0,64.0
19.09,1625449482.0,64.0
16.77,1625449482.0,64.0
14.21,1625449482.0,64.0
11.57,1625449482.0,64.0
8.96,1625449482.0,64.0
6.39,1625449482.0,64.0
3.85,1625449482.0,64.0
1.36,1625449482.0,64.0
-0.99,1625449482.0,64.0
-3.11,1625449482.0,64.0
-4.98,1625449482.0,64.0
-6.71,1625449482.0,64.0
-8.53,1625449482.0,64.0
-10.66,1625449482.0,64.0
-13.23,1625449482.0,64.0
-16.18,1625449482.0,64.0
-19.33,1625449482.0,64.0
-22.5,1625449482.0,64.0
-25.6,1625449482.0,64.0
-28.68,1625449482.0,64.0
-31.73,1625449482.0,64.0
-34.63,1625449482.0,64.0
-36.98,1625449482.0,64.0
-38.22,1625449482.0,64.0
-37.8,1625449482.0,64.0
-35.41,1625449482.0,64.0
-31.13,1625449482.0,64.0
-25.34,1625449482.0,64.0
-18.6,1625449482.0,64.0
-11.4,1625449482.0,64.0
-4.08,1625449482.0,64.0
3.13,1625449482.0,64.0
10.0,1625449482.0,64.0
16.18,1625449482.0,64.0
21.28,1625449482.0,64.0
24.99,1625449482.0,64.0
27.2,1625449482.0,64.0
28.11,1625449482.0,64.0
28.12,1625449482.0,64.0
27.7,1625449482.0,64.0
27.19,1625449482.0,64.0
26.77,1625449482.0,64.0
26.43,1625449482.0,64.0
26.08,1625449482.0,64.0
25.59,1625449482.0,64.0
24.89,1625449482.0,64.0
23.9,1625449482.0,64.0
22.57,1625449482.0,64.0
20.84,1625449482.0,64.0
18.67,1625449482.0,64.0
16.1,1625449482.0,64.0
13.24,1625449482.0,64.0
10.26,1625449482.0,64.0
7.38,1625449482.0,64.0
4.79,1625449482.0,64.0
2.58,1625449482.0,64.0
0.73,1625449482.0,64.0
-0.92,1625449482.0,64.0
-2.57,1625449482.0,64.0
-4.4,1625449482.0,64.0
-6.52,1625449482.0,64.0
-8.91,1625449482.0,64.0
-11.49,1625449482.0,64.0
-14.11,1625449482.0,64.0
-16.67,1625449482.0,64.0
-19.13,1625449482.0,64.0
-21.56,1625449482.0,64.0
-24.08,1625449482.0,64.0
-26.82,1625449482.0,64.0
-29.82,1625449482.0,64.0
-32.94,1625449482.0,64.0
-35.79,1625449482.0,64.0
-37.78,1625449482.0,64.0
-38.31,1625449482.0,64.0
-36.96,1625449482.0,64.0
-33.63,1625449482.0,64.0
-28.62,1625449482.0,64.0
-22.46,1625449482.0,64.0
-15.71,1625449482.0,64.0
-8.82,1625449482.0,64.0
-2.0,1625449482.0,64.0
4.6,1625449482.0,64.0
10.86,1625449482.0,64.0
16.52,1625449482.0,64.0
21.21,1625449482.0,64.0
24.61,1625449482.0,64.0
26.6,1625449482.0,64.0
27.33,1625449482.0,64.0
27.22,1625449482.0,64.0
26.76,1625449482.0,64.0
26.39,1625449482.0,64.0
26.28,1625449482.0,64.0
26.36,1625449482.0,64.0
26.35,1625449482.0,64.0
25.92,1625449482.0,64.0
24.92,1625449482.0,64.0
23.34,1625449482.0,64.0
21.34,1625449482.0,64.0
19.13,1625449482.0,64.0
16.83,1625449482.0,64.0
14.47,1625449482.0,64.0
12.04,1625449482.0,64.0
9.54,1625449482.0,64.0
7.07,1625449482.0,64.0
4.82,1625449482.0,64.0
2.9,1625449482.0,64.0
1.32,1625449482.0,64.0
-0.12,1625449482.0,64.0
-1.69,1625449482.0,64.0
-3.64,1625449482.0,64.0
-5.99,1625449482.0,64.0
-8.56,1625449482.0,64.0
-11.08,1625449482.0,64.0
-13.31,1625449482.0,64.0
-15.19,1625449482.0,64.0
-16.86,1625449482.0,64.0
-18.57,1625449482.0,64.0
-20.53,1625449482.0,64.0
-22.87,1625449482.0,64.0
-25.58,1625449482.0,64.0
-28.52,1625449482.0,64.0
-31.42,1625449482.0,64.0
-33.87,1625449482.0,64.0
-35.37,1625449482.0,64.0
-35.38,1625449482.0,64.0
-33.48,1625449482.0,64.0
-29.6,1625449482.0,64.0
-24.03,1625449482.0,64.0
-17.39,1625449482.0,64.0
-10.4,1625449482.0,64.0
-3.63,1625449482.0,64.0
2.64,1625449482.0,64.0
8.36,1625449482.0,64.0
13.53,1625449482.0,64.0
18.12,1625449482.0,64.0
21.93,1625449482.0,64.0
24.77,1625449482.0,64.0
26.51,1625449482.0,64.0
27.24,1625449482.0,64.0
27.22,1625449482.0,64.0
26.77,1625449482.0,64.0
26.15,1625449482.0,64.0
25.46,1625449482.0,64.0
24.69,1625449482.0,64.0
23.79,1625449482.0,64.0
22.71,1625449482.0,64.0
21.5,1625449482.0,64.0
20.24,1625449482.0,64.0
18.99,1625449482.0,64.0
17.8,1625449482.0,64.0
16.61,1625449482.0,64.0
15.31,1625449482.0,64.0
13.75,1625449482.0,64.0
11.81,1625449482.0,64.0
9.5,1625449482.0,64.0
6.92,1625449482.0,64.0
4.28,1625449482.0,64.0
1.76,1625449482.0,64.0
-0.53,1625449482.0,64.0
-2.63,1625449482.0,64.0
-4.68,1625449482.0,64.0
-6.87,1625449482.0,64.0
-9.28,1625449482.0,64.0
-11.93,1625449482.0,64.0
-14.73,1625449482.0,64.0
-17.56,1625449482.0,64.0
-20.36,1625449482.0,64.0
-23.11,1625449482.0,64.0
-25.85,1625449482.0,64.0
-28.62,1625449482.0,64.0
-31.4,1625449482.0,64.0
-34.15,1625449482.0,64.0
-36.72,1625449482.0,64.0
-38.91,1625449482.0,64.0
-40.36,1625449482.0,64.0
-40.71,1625449482.0,64.0
-39.53,1625449482.0,64.0
-36.57,1625449482.0,64.0
-31.84,1625449482.0,64.0
-25.64,1625449482.0,64.0
-18.5,1625449482.0,64.0
-11.0,1625449482.0,64.0
-3.65,1625449482.0,64.0
3.25,1625449482.0,64.0
9.49,1625449482.0,64.0
14.88,1625449482.0,64.0
19.19,1625449482.0,64.0
22.21,1625449482.0,64.0
23.85,1625449482.0,64.0
24.3,1625449482.0,64.0
23.98,1625449482.0,64.0
23.39,1625449482.0,64.0
22.98,1625449482.0,64.0
22.89,1625449482.0,64.0
23.04,1625449482.0,64.0
23.18,1625449482.0,64.0
23.04,1625449482.0,64.0
22.48,1625449482.0,64.0
21.5,1625449482.0,64.0
20.18,1625449482.0,64.0
18.62,1625449482.0,64.0
16.86,1625449482.0,64.0
14.94,1625449482.0,64.0
12.87,1625449482.0,64.0
10.71,1625449482.0,64.0
8.55,1625449482.0,64.0
6.51,1625449482.0,64.0
4.66,1625449482.0,64.0
3.02,1625449482.0,64.0
1.48,1625449482.0,64.0
-0.11,1625449482.0,64.0
-1.9,1625449482.0,64.0
-3.95,1625449482.0,64.0
-6.2,1625449482.0,64.0
-8.47,1625449482.0,64.0
-10.61,1625449482.0,64.0
-12.53,1625449482.0,64.0
-14.28,1625449482.0,64.0
-16.04,1625449482.0,64.0
-18.05,1625449482.0,64.0
-20.5,1625449482.0,64.0
-23.43,1625449482.0,64.0
-26.67,1625449482.0,64.0
-29.75,1625449482.0,64.0
-32.09,1625449482.0,64.0
-33.04,1625449482.0,64.0
-32.13,1625449482.0,64.0
-29.19,1625449482.0,64.0
-24.43,1625449482.0,64.0
-18.32,1625449482.0,64.0
-11.48,1625449482.0,64.0
-4.48,1625449482.0,64.0
2.24,1625449482.0,64.0
8.35,1625449482.0,64.0
13.59,1625449482.0,64.0
17.74,1625449482.0,64.0
20.63,1625449482.0,64.0
22.25,1625449482.0,64.0
22.83,1625449482.0,64.0
22.82,1625449482.0,64.0
22.74,1625449482.0,64.0
22.99,1625449482.0,64.0
23.7,1625449482.0,64.0
24.68,1625449482.0,64.0
25.54,1625449482.0,64.0
25.85,1625449482.0,64.0
25.36,1625449482.0,64.0
24.04,1625449482.0,64.0
22.06,1625449482.0,64.0
19.69,1625449482.0,64.0
17.16,1625449482.0,64.0
14.62,1625449482.0,64.0
12.12,1625449482.0,64.0
9.71,1625449482.0,64.0
7.4,1625449482.0,64.0
5.22,1625449482.0,64.0
3.17,1625449482.0,64.0
1.19,1625449482.0,64.0
-0.74,1625449482.0,64.0
-2.68,1625449482.0,64.0
-4.66,1625449482.0,64.0
-6.65,1625449482.0,64.0
-8.62,1625449482.0,64.0
-10.61,1625449482.0,64.0
-12.63,1625449482.0,64.0
-14.75,1625449482.0,64.0
-17.05,1625449482.0,64.0
-19.59,1625449482.0,64.0
-22.41,1625449482.0,64.0
-25.49,1625449482.0,64.0
-28.68,1625449482.0,64.0
-31.62,1625449482.0,64.0
-33.8,1625449482.0,64.0
-34.64,1625449482.0,64.0
-33.71,1625449482.0,64.0
-30.87,1625449482.0,64.0
-26.35,1625449482.0,64.0
-20.64,1625449482.0,64.0
-14.29,1625449482.0,64.0
-7.72,1625449482.0,64.0
-1.22,1625449482.0,64.0
5.02,1625449482.0,64.0
10.77,1625449482.0,64.0
15.74,1625449482.0,64.0
19.62,1625449482.0,64.0
22.23,1625449482.0,64.0
23.6,1625449482.0,64.0
23.99,1625449482.0,64.0
23.76,1625449482.0,64.0
23.25,1625449482.0,64.0
22.73,1625449482.0,64.0
22.27,1625449482.0,64.0
21.86,1625449482.0,64.0
21.43,1625449482.0,64.0
20.88,1625449482.0,64.0
20.12,1625449482.0,64.0
19.09,1625449482.0,64.0
17.71,1625449482.0,64.0
15.93,1625449482.0,64.0
13.74,1625449482.0,64.0
11.19,1625449482.0,64.0
8.4,1625449482.0,64.0
5.57,1625449482.0,64.0
2.9,1625449482.0,64.0
0.56,1625449482.0,64.0
-1.41,1625449482.0,64.0
-3.12,1625449482.0,64.0
-4.77,1625449482.0,64.0
-6.57,1625449482.0,64.0
-8.63,1625449482.0,64.0
-10.93,1625449482.0,64.0
-13.43,1625449482.0,64.0
-16.05,1625449482.0,64.0
-18.83,1625449482.0,64.0
-21.84,1625449482.0,64.0
-25.15,1625449482.0,64.0
-28.74,1625449482.0,64.0
-32.42,1625449482.0,64.0
-35.84,1625449482.0,64.0
-38.51,1625449482.0,64.0
-39.95,1625449482.0,64.0
-39.8,1625449482.0,64.0
-37.88,1625449482.0,64.0
-34.29,1625449482.0,64.0
-29.31,1625449482.0,64.0
-23.34,1625449482.0,64.0
-16.7,1625449482.0,64.0
-9.68,1625449482.0,64.0
-2.44,1625449482.0,64.0
4.84,1625449482.0,64.0
11.85,1625449482.0,64.0
18.18,1625449482.0,64.0
23.3,1625449482.0,64.0
26.87,1625449482.0,64.0
28.79,1625449482.0,64.0
29.33,1625449482.0,64.0
28.99,1625449482.0,64.0
28.33,1625449482.0,64.0
27.8,1625449482.0,64.0
27.53,1625449482.0,64.0
27.43,1625449482.0,64.0
27.2,1625449482.0,64.0
26.55,1625449482.0,64.0
25.27,1625449482.0,64.0
23.34,1625449482.0,64.0
20.89,1625449482.0,64.0
18.15,1625449482.0,64.0
15.34,1625449482.0,64.0
12.63,1625449482.0,64.0
10.1,1625449482.0,64.0
7.71,1625449482.0,64.0
5.38,1625449482.0,64.0
3.02,1625449482.0,64.0
0.6,1625449482.0,64.0
-1.88,1625449482.0,64.0
-4.33,1625449482.0,64.0
-6.67,1625449482.0,64.0
-8.9,1625449482.0,64.0
-11.06,1625449482.0,64.0
-13.26,1625449482.0,64.0
-15.61,1625449482.0,64.0
-18.18,1625449482.0,64.0
-20.94,1625449482.0,64.0
-23.85,1625449482.0,64.0
-26.85,1625449482.0,64.0
-29.88,1625449482.0,64.0
-32.8,1625449482.0,64.0
-35.34,1625449482.0,64.0
-37.05,1625449482.0,64.0
-37.41,1625449482.0,64.0
-35.96,1625449482.0,64.0
-32.52,1625449482.0,64.0
-27.27,1625449482.0,64.0
-20.72,1625449482.0,64.0
-13.49,1625449482.0,64.0
-6.12,1625449482.0,64.0
1.05,1625449482.0,64.0
7.88,1625449482.0,64.0
14.26,1625449482.0,64.0
19.98,1625449482.0,64.0
24.69,1625449482.0,64.0
28.03,1625449482.0,64.0
29.78,1625449482.0,64.0
30.06,1625449482.0,64.0
29.3,1625449482.0,64.0
28.11,1625449482.0,64.0
27.02,1625449482.0,64.0
26.31,1625449482.0,64.0
25.97,1625449482.0,64.0
25.71,1625449482.0,64.0
25.19,1625449482.0,64.0
24.16,1625449482.0,64.0
22.55,1625449482.0,64.0
20.44,1625449482.0,64.0
18.03,1625449482.0,64.0
15.52,1625449482.0,64.0
13.02,1625449482.0,64.0
10.59,1625449482.0,64.0
8.18,1625449482.0,64.0
5.78,1625449482.0,64.0
3.4,1625449482.0,64.0
1.1,1625449482.0,64.0
-1.07,1625449482.0,64.0
-3.04,1625449482.0,64.0
-4.87,1625449482.0,64.0
-6.68,1625449482.0,64.0
-8.6,1625449482.0,64.0
-10.74,1625449482.0,64.0
-13.13,1625449482.0,64.0
-15.71,1625449482.0,64.0
-18.38,1625449482.0,64.0
-21.04,1625449482.0,64.0
-23.68,1625449482.0,64.0
-26.36,1625449482.0,64.0
-29.13,1625449482.0,64.0
-31.94,1625449482.0,64.0
-34.56,1625449482.0,64.0
-36.55,1625449482.0,64.0
-37.33,1625449482.0,64.0
-36.41,1625449482.0,64.0
-33.54,1625449482.0,64.0
-28.83,1625449482.0,64.0
-22.68,1625449482.0,64.0
-15.64,1625449482.0,64.0
-8.22,1625449482.0,64.0
-0.79,1625449482.0,64.0
6.4,1625449482.0,64.0
13.09,1625449482.0,64.0
19.0,1625449482.0,64.0
23.76,1625449482.0,64.0
27.1,1625449482.0,64.0
28.93,1625449482.0,64.0
29.39,1625449482.0,64.0
28.89,1625449482.0,64.0
27.86,1625449482.0,64.0
26.73,1625449482.0,64.0
25.7,1625449482.0,64.0
24.8,1625449482.0,64.0
23.95,1625449482.0,64.0
23.07,1625449482.0,64.0
22.14,1625449482.0,64.0
21.21,1625449482.0,64.0
20.3,1625449482.0,64.0
19.36,1625449482.0,64.0
18.27,1625449482.0,64.0
16.85,1625449482.0,64.0
15.01,1625449482.0,64.0
12.78,1625449482.0,64.0
10.3,1625449482.0,64.0
7.79,1625449482.0,64.0
5.37,1625449482.0,64.0
3.03,1625449482.0,64.0
0.69,1625449482.0,64.0
-1.77,1625449482.0,64.0
-4.37,1625449482.0,64.0
-7.08,1625449482.0,64.0
-9.78,1625449482.0,64.0
-12.39,1625449482.0,64.0
-14.82,1625449482.0,64.0
-17.04,1625449482.0,64.0
-19.02,1625449482.0,64.0
-20.76,1625449482.0,64.0
-22.29,1625449482.0,64.0
-23.74,1625449482.0,64.0
-25.25,1625449482.0,64.0
-26.89,1625449482.0,64.0
-28.59,1625449482.0,64.0
-30.02,1625449482.0,64.0
-30.75,1625449482.0,64.0
-30.33,1625449482.0,64.0
-28.49,1625449482.0,64.0
-25.2,1625449482.0,64.0
-20.65,1625449482.0,64.0
-15.12,1625449482.0,64.0
-8.87,1625449482.0,64.0
-2.16,1625449482.0,64.0
4.74,1625449482.0,64.0
11.44,1625449482.0,64.0
17.44,1625449482.0,64.0
22.17,1625449482.0,64.0
25.21,1625449482.0,64.0
26.45,1625449482.0,64.0
26.16,1625449482.0,64.0
24.88,1625449482.0,64.0
23.24,1625449482.0,64.0
21.73,1625449482.0,64.0
20.59,1625449482.0,64.0
19.81,1625449482.0,64.0
19.24,1625449482.0,64.0
18.72,1625449482.0,64.0
18.17,1625449482.0,64.0
17.6,1625449482.0,64.0
17.01,1625449482.0,64.0
16.35,1625449482.0,64.0
15.51,1625449482.0,64.0
14.36,1625449482.0,64.0
12.86,1625449482.0,64.0
11.08,1625449482.0,64.0
9.19,1625449482.0,64.0
7.35,1625449482.0,64.0
5.63,1625449482.0,64.0
3.94,1625449482.0,64.0
2.16,1625449482.0,64.0
0.14,1625449482.0,64.0
-2.13,1625449482.0,64.0
-4.52,1625449482.0,64.0
-6.84,1625449482.0,64.0
-8.9,1625449482.0,64.0
-10.65,1625449482.0,64.0
-12.16,1625449482.0,64.0
-13.63,1625449482.0,64.0
-15.29,1625449482.0,64.0
-17.29,1625449482.0,64.0
-19.67,1625449482.0,64.0
-22.35,1625449482.0,64.0
-25.09,1625449482.0,64.0
-27.54,1625449482.0,64.0
-29.26,1625449482.0,64.0
-29.77,1625449482.0,64.0
-28.69,1625449482.0,64.0
-25.85,1625449482.0,64.0
-21.41,1625449482.0,64.0
-15.8,1625449482.0,64.0
-9.64,1625449482.0,64.0
-3.51,1625449482.0,64.0
2.22,1625449482.0,64.0
7.44,1625449482.0,64.0
12.17,1625449482.0,64.0
16.42,1625449482.0,64.0
20.04,1625449482.0,64.0
22.77,1625449482.0,64.0
24.36,1625449482.0,64.0
24.76,1625449482.0,64.0
24.19,1625449482.0,64.0
23.11,1625449482.0,64.0
21.96,1625449482.0,64.0
21.07,1625449482.0,64.0
20.45,1625449482.0,64.0
19.89,1625449482.0,64.0
19.09,1625449482.0,64.0
17.8,1625449482.0,64.0
15.97,1625449482.0,64.0
13.75,1625449482.0,64.0
11.42,1625449482.0,64.0
9.29,1625449482.0,64.0
7.53,1625449482.0,64.0
6.18,1625449482.0,64.0
5.09,1625449482.0,64.0
4.09,1625449482.0,64.0
3.04,1625449482.0,64.0
1.94,1625449482.0,64.0
0.86,1625449482.0,64.0
-0.1,1625449482.0,64.0
-0.95,1625449482.0,64.0
-1.79,1625449482.0,64.0
-2.84,1625449482.0,64.0
-4.29,1625449482.0,64.0
-6.24,1625449482.0,64.0
-8.62,1625449482.0,64.0
-11.27,1625449482.0,64.0
-13.99,1625449482.0,64.0
-16.66,1625449482.0,64.0
-19.21,1625449482.0,64.0
-21.65,1625449482.0,64.0
-23.9,1625449482.0,64.0
-25.74,1625449482.0,64.0
-26.78,1625449482.0,64.0
-26.56,1625449482.0,64.0
-24.7,1625449482.0,64.0
-21.11,1625449482.0,64.0
-16.05,1625449482.0,64.0
-10.07,1625449482.0,64.0
-3.81,1625449482.0,64.0
2.15,1625449482.0,64.0
7.42,1625449482.0,64.0
11.81,1625449482.0,64.0
15.2,1625449482.0,64.0
17.51,1625449482.0,64.0
18.68,1625449482.0,64.0
18.8,1625449482.0,64.0
18.17,1625449482.0,64.0
17.24,1625449482.0,64.0
16.51,1625449482.0,64.0
16.32,1625449482.0,64.0
16.72,1625449482.0,64.0
17.46,1625449482.0,64.0
18.1,1625449482.0,64.0
18.22,1625449482.0,64.0
17.6,1625449482.0,64.0
16.24,1625449482.0,64.0
14.3,1625449482.0,64.0
12.03,1625449482.0,64.0
9.6,1625449482.0,64.0
7.11,1625449482.0,64.0
4.6,1625449482.0,64.0
2.07,1625449482.0,64.0
-0.43,1625449482.0,64.0
-2.82,1625449482.0,64.0
-4.98,1625449482.0,64.0
-6.86,1625449482.0,64.0
-8.42,1625449482.0,64.0
-9.74,1625449482.0,64.0
-10.92,1625449482.0,64.0
-12.12,1625449482.0,64.0
-13.42,1625449482.0,64.0
-14.92,1625449482.0,64.0
-16.66,1625449482.0,64.0
-18.68,1625449482.0,64.0
-21.03,1625449482.0,64.0
-23.69,1625449482.0,64.0
-26.55,1625449482.0,64.0
-29.32,1625449482.0,64.0
-31.57,1625449482.0,64.0
-32.76,1625449482.0,64.0
-32.42,1625449482.0,64.0
-30.33,1625449482.0,64.0
-26.57,1625449482.0,64.0
-21.51,1625449482.0,64.0
-15.67,1625449482.0,64.0
-9.54,1625449482.0,64.0
-3.48,1625449482.0,64.0
2.32,1625449482.0,64.0
7.7,1625449482.0,64.0
12.48,1625449482.0,64.0
16.39,1625449482.0,64.0
19.12,1625449482.0,64.0
20.53,1625449482.0,64.0
20.72,1625449482.0,64.0
20.03,1625449482.0,64.0
18.94,1625449482.0,64.0
17.88,1625449482.0,64.0
17.02,1625449482.0,64.0
16.34,1625449482.0,64.0
15.64,1625449482.0,64.0
14.73,1625449482.0,64.0
13.5,1625449482.0,64.0
12.02,1625449482.0,64.0
10.4,1625449482.0,64.0
8.77,1625449482.0,64.0
7.21,1625449482.0,64.0
5.73,1625449482.0,64.0
4.31,1625449482.0,64.0
2.91,1625449482.0,64.0
1.47,1625449482.0,64.0
-0.06,1625449482.0,64.0
-1.72,1625449482.0,64.0
-3.54,1625449482.0,64.0
-5.51,1625449482.0,64.0
-7.61,1625449482.0,64.0
-9.82,1625449482.0,64.0
-12.18,1625449482.0,64.0
-14.71,1625449482.0,64.0
-17.4,1625449482.0,64.0
-20.19,1625449482.0,64.0
-22.98,1625449482.0,64.0
-25.7,1625449482.0,64.0
-28.31,1625449482.0,64.0
-30.8,1625449482.0,64.0
-33.06,1625449482.0,64.0
-34.85,1625449482.0,64.0
-35.73,1625449482.0,64.0
-35.24,1625449482.0,64.0
-33.05,1625449482.0,64.0
-29.16,1625449482.0,64.0
-23.88,1625449482.0,64.0
-17.72,1625449482.0,64.0
-11.17,1625449482.0,64.0
-4.62,1625449482.0,64.0
1.75,1625449482.0,64.0
7.81,1625449482.0,64.0
13.38,1625449482.0,64.0
18.18,1625449482.0,64.0
21.9,1625449482.0,64.0
24.31,1625449482.0,64.0
25.39,1625449482.0,64.0
25.37,1625449482.0,64.0
24.66,1625449482.0,64.0
23.72,1625449482.0,64.0
22.9,1625449482.0,64.0
22.32,1625449482.0,64.0
21.92,1625449482.0,64.0
21.48,1625449482.0,64.0
20.78,1625449482.0,64.0
19.69,1625449482.0,64.0
18.17,1625449482.0,64.0
16.26,1625449482.0,64.0
13.99,1625449482.0,64.0
11.39,1625449482.0,64.0
8.49,1625449482.0,64.0
5.36,1625449482.0,64.0
2.16,1625449482.0,64.0
-0.91,1625449482.0,64.0
-3.64,1625449482.0,64.0
-5.87,1625449482.0,64.0
-7.53,1625449482.0,64.0
-8.61,1625449482.0,64.0
-9.25,1625449482.0,64.0
-9.67,1625449482.0,64.0
-10.22,1625449482.0,64.0
-11.28,1625449482.0,64.0
-13.14,1625449482.0,64.0
-15.92,1625449482.0,64.0
-19.49,1625449482.0,64.0
-23.58,1625449482.0,64.0
-27.81,1625449482.0,64.0
-31.84,1625449482.0,64.0
-35.3,1625449482.0,64.0
-37.78,1625449482.0,64.0
-38.83,1625449482.0,64.0
-38.04,1625449482.0,64.0
-35.18,1625449482.0,64.0
-30.33,1625449482.0,64.0
-23.92,1625449482.0,64.0
-16.55,1625449482.0,64.0
-8.86,1625449482.0,64.0
-1.32,1625449482.0,64.0
5.79,1625449482.0,64.0
12.29,1625449482.0,64.0
18.02,1625449482.0,64.0
22.74,1625449482.0,64.0
26.22,1625449482.0,64.0
28.37,1625449482.0,64.0
29.28,1625449482.0,64.0
29.25,1625449482.0,64.0
28.7,1625449482.0,64.0
27.97,1625449482.0,64.0
27.25,1625449482.0,64.0
26.5,1625449482.0,64.0
25.58,1625449482.0,64.0
24.3,1625449482.0,64.0
22.61,1625449482.0,64.0
20.56,1625449482.0,64.0
18.32,1625449482.0,64.0
16.06,1625449482.0,64.0
13.95,1625449482.0,64.0
12.07,1625449482.0,64.0
10.41,1625449482.0,64.0
8.88,1625449482.0,64.0
7.32,1625449482.0,64.0
5.52,1625449482.0,64.0
3.34,1625449482.0,64.0
0.79,1625449482.0,64.0
-1.99,1625449482.0,64.0
-4.71,1625449482.0,64.0
-7.12,1625449482.0,64.0
-9.15,1625449482.0,64.0
-10.92,1625449482.0,64.0
-12.71,1625449482.0,64.0
-14.78,1625449482.0,64.0
-17.28,1625449482.0,64.0
-20.17,1625449482.0,64.0
-23.29,1625449482.0,64.0
-26.48,1625449482.0,64.0
-29.6,1625449482.0,64.0
-32.5,1625449482.0,64.0
-34.9,1625449482.0,64.0
-36.4,1625449482.0,64.0
-36.48,1625449482.0,64.0
-34.74,1625449482.0,64.0
-31.07,1625449482.0,64.0
-25.69,1625449482.0,64.0
-19.11,1625449482.0,64.0
-11.94,1625449482.0,64.0
-4.73,1625449482.0,64.0
2.2,1625449482.0,64.0
8.64,1625449482.0,64.0
14.45,1625449482.0,64.0
19.41,1625449482.0,64.0
23.31,1625449482.0,64.0
25.98,1625449482.0,64.0
27.41,1625449482.0,64.0
27.81,1625449482.0,64.0
27.56,1625449482.0,64.0
27.04,1625449482.0,64.0
26.53,1625449482.0,64.0
26.13,1625449482.0,64.0
25.77,1625449482.0,64.0
25.3,1625449482.0,64.0
24.58,1625449482.0,64.0
23.52,1625449482.0,64.0
22.1,1625449482.0,64.0
20.3,1625449482.0,64.0
18.15,1625449482.0,64.0
15.68,1625449482.0,64.0
12.97,1625449482.0,64.0
10.15,1625449482.0,64.0
7.36,1625449482.0,64.0
4.7,1625449482.0,64.0
2.27,1625449482.0,64.0
0.06,1625449482.0,64.0
-1.96,1625449482.0,64.0
-3.86,1625449482.0,64.0
-5.7,1625449482.0,64.0
-7.51,1625449482.0,64.0
-9.27,1625449482.0,64.0
-10.97,1625449482.0,64.0
-12.61,1625449482.0,64.0
-14.25,1625449482.0,64.0
-15.96,1625449482.0,64.0
-17.89,1625449482.0,64.0
-20.13,1625449482.0,64.0
-22.76,1625449482.0,64.0
-25.71,1625449482.0,64.0
-28.77,1625449482.0,64.0
-31.55,1625449482.0,64.0
-33.54,1625449482.0,64.0
-34.24,1625449482.0,64.0
-33.24,1625449482.0,64.0
-30.41,1625449482.0,64.0
-25.89,1625449482.0,64.0
-20.08,1625449482.0,64.0
-13.49,1625449482.0,64.0
-6.64,1625449482.0,64.0
0.1,1625449482.0,64.0
6.48,1625449482.0,64.0
12.32,1625449482.0,64.0
17.38,1625449482.0,64.0
21.41,1625449482.0,64.0
24.18,1625449482.0,64.0
25.58,1625449482.0,64.0
25.77,1625449482.0,64.0
25.12,1625449482.0,64.0
24.15,1625449482.0,64.0
23.26,1625449482.0,64.0
22.66,1625449482.0,64.0
22.28,1625449482.0,64.0
21.88,1625449482.0,64.0
21.19,1625449482.0,64.0
20.05,1625449482.0,64.0
18.48,1625449482.0,64.0
16.66,1625449482.0,64.0
14.81,1625449482.0,64.0
13.1,1625449482.0,64.0
11.56,1625449482.0,64.0
10.06,1625449482.0,64.0
8.45,1625449482.0,64.0
6.6,1625449482.0,64.0
4.54,1625449482.0,64.0
2.46,1625449482.0,64.0
0.58,1625449482.0,64.0
-0.97,1625449482.0,64.0
-2.2,1625449482.0,64.0
-3.34,1625449482.0,64.0
-4.66,1625449482.0,64.0
-6.35,1625449482.0,64.0
-8.4,1625449482.0,64.0
-10.61,1625449482.0,64.0
-12.76,1625449482.0,64.0
-14.7,1625449482.0,64.0
-16.49,1625449482.0,64.0
-18.37,1625449482.0,64.0
-20.62,1625449482.0,64.0
-23.41,1625449482.0,64.0
-26.65,1625449482.0,64.0
-29.95,1625449482.0,64.0
-32.69,1625449482.0,64.0
-34.19,1625449482.0,64.0
-33.93,1625449482.0,64.0
-31.74,1625449482.0,64.0
-27.77,1625449482.0,64.0
-22.46,1625449482.0,64.0
-16.33,1625449482.0,64.0
-9.78,1625449482.0,64.0
-3.07,1625449482.0,64.0
3.64,1625449482.0,64.0
10.18,1625449482.0,64.0
16.23,1625449482.0,64.0
21.32,1625449482.0,64.0
25.04,1625449482.0,64.0
27.12,1625449482.0,64.0
27.68,1625449482.0,64.0
27.15,1625449482.0,64.0
26.12,1625449482.0,64.0
25.17,1625449482.0,64.0
24.65,1625449482.0,64.0
24.61,1625449482.0,64.0
24.81,1625449482.0,64.0
24.91,1625449482.0,64.0
24.58,1625449482.0,64.0
23.64,1625449482.0,64.0
22.06,1625449482.0,64.0
19.95,1625449482.0,64.0
17.49,1625449482.0,64.0
14.9,1625449482.0,64.0
12.39,1625449482.0,64.0
10.11,1625449482.0,64.0
8.17,1625449482.0,64.0
6.54,1625449482.0,64.0
5.14,1625449482.0,64.0
3.82,1625449482.0,64.0
2.44,1625449482.0,64.0
0.96,1625449482.0,64.0
-0.62,1625449482.0,64.0
-2.2,1625449482.0,64.0
-3.74,1625449482.0,64.0
-5.27,1625449482.0,64.0
-6.88,1625449482.0,64.0
-8.67,1625449482.0,64.0
-10.68,1625449482.0,64.0
-12.91,1625449482.0,64.0
-15.3,1625449482.0,64.0
-17.84,1625449482.0,64.0
-20.51,1625449482.0,64.0
-23.26,1625449482.0,64.0
-25.83,1625449482.0,64.0
-27.78,1625449482.0,64.0
-28.53,1625449482.0,64.0
-27.64,1625449482.0,64.0
-24.94,1625449482.0,64.0
-20.69,1625449482.0,64.0
-15.43,1625449482.0,64.0
-9.73,1625449482.0,64.0
-4.03,1625449482.0,64.0
1.44,1625449482.0,64.0
6.56,1625449482.0,64.0
11.19,1625449482.0,64.0
15.04,1625449482.0,64.0
17.79,1625449482.0,64.0
19.22,1625449482.0,64.0
19.37,1625449482.0,64.0
18.64,1625449482.0,64.0
17.62,1625449482.0,64.0
16.88,1625449482.0,64.0
16.74,1625449482.0,64.0
17.17,1625449482.0,64.0
17.87,1625449482.0,64.0
18.4,1625449482.0,64.0
18.41,1625449482.0,64.0
17.73,1625449482.0,64.0
16.4,1625449482.0,64.0
14.61,1625449482.0,64.0
12.54,1625449482.0,64.0
10.34,1625449482.0,64.0
8.04,1625449482.0,64.0
5.66,1625449482.0,64.0
3.24,1625449482.0,64.0
0.84,1625449482.0,64.0
-1.5,1625449482.0,64.0
-3.74,1625449482.0,64.0
-5.91,1625449482.0,64.0
-8.0,1625449482.0,64.0
-10.0,1625449482.0,64.0
-11.79,1625449482.0,64.0
-13.27,1625449482.0,64.0
-14.38,1625449482.0,64.0
-15.26,1625449482.0,64.0
-16.2,1625449482.0,64.0
-17.53,1625449482.0,64.0
-19.54,1625449482.0,64.0
-22.25,1625449482.0,64.0
-25.45,1625449482.0,64.0
-28.73,1625449482.0,64.0
-31.6,1625449482.0,64.0
-33.58,1625449482.0,64.0
-34.24,1625449482.0,64.0
-33.35,1625449482.0,64.0
-30.83,1625449482.0,64.0
-26.83,1625449482.0,64.0
-21.67,1625449482.0,64.0
-15.74,1625449482.0,64.0
-9.41,1625449482.0,64.0
-2.94,1625449482.0,64.0
3.49,1625449482.0,64.0
9.72,1625449482.0,64.0
15.48,1625449482.0,64.0
20.39,1625449482.0,64.0
24.07,1625449482.0,64.0
26.23,1625449482.0,64.0
26.88,1625449482.0,64.0
26.26,1625449482.0,64.0
24.87,1625449482.0,64.0
23.24,1625449482.0,64.0
21.82,1625449482.0,64.0
20.84,1625449482.0,64.0
20.32,1625449482.0,64.0
20.07,1625449482.0,64.0
19.82,1625449482.0,64.0
19.27,1625449482.0,64.0
18.24,1625449482.0,64.0
16.65,1625449482.0,64.0
14.57,1625449482.0,64.0
12.16,1625449482.0,64.0
9.62,1625449482.0,64.0
7.12,1625449482.0,64.0
4.78,1625449482.0,64.0
2.6,1625449482.0,64.0
0.52,1625449482.0,64.0
-1.54,1625449482.0,64.0
-3.6,1625449482.0,64.0
-5.62,1625449482.0,64.0
-7.56,1625449482.0,64.0
-9.35,1625449482.0,64.0
-11.03,1625449482.0,64.0
-12.66,1625449482.0,64.0
-14.31,1625449482.0,64.0
-16.07,1625449482.0,64.0
-17.97,1625449482.0,64.0
-20.09,1625449482.0,64.0
-22.49,1625449482.0,64.0
-25.21,1625449482.0,64.0
-28.17,1625449482.0,64.0
-31.08,1625449482.0,64.0
-33.4,1625449482.0,64.0
-34.48,1625449482.0,64.0
-33.77,1625449482.0,64.0
-30.99,1625449482.0,64.0
-26.27,1625449482.0,64.0
-20.07,1625449482.0,64.0
-13.05,1625449482.0,64.0
-5.78,1625449482.0,64.0
1.31,1625449482.0,64.0
8.0,1625449482.0,64.0
14.11,1625449482.0,64.0
19.49,1625449482.0,64.0
23.87,1625449482.0,64.0
26.99,1625449482.0,64.0
28.7,1625449482.0,64.0
29.1,1625449482.0,64.0
28.54,1625449482.0,64.0
27.52,1625449482.0,64.0
26.54,1625449482.0,64.0
25.88,1625449482.0,64.0
25.57,1625449482.0,64.0
25.4,1625449482.0,64.0
25.06,1625449482.0,64.0
24.27,1625449482.0,64.0
22.88,1625449482.0,64.0
20.92,1625449482.0,64.0
18.53,1625449482.0,64.0
15.93,1625449482.0,64.0
13.36,1625449482.0,64.0
11.01,1625449482.0,64.0
8.99,1625449482.0,64.0
7.35,1625449482.0,64.0
6.04,1625449482.0,64.0
4.88,1625449482.0,64.0
3.62,1625449482.0,64.0
1.96,1625449482.0,64.0
-0.31,1625449482.0,64.0
-3.22,1625449482.0,64.0
-6.56,1625449482.0,64.0
-9.94,1625449482.0,64.0
-12.9,1625449482.0,64.0
-15.14,1625449482.0,64.0
-16.64,1625449482.0,64.0
-17.65,1625449482.0,64.0
-18.62,1625449482.0,64.0
-20.0,1625449482.0,64.0
-22.1,1625449482.0,64.0
-24.98,1625449482.0,64.0
-28.45,1625449482.0,64.0
-32.13,1625449482.0,64.0
-35.47,1625449482.0,64.0
-37.81,1625449482.0,64.0
-38.53,1625449482.0,64.0
-37.18,1625449482.0,64.0
-33.66,1625449482.0,64.0
-28.22,1625449482.0,64.0
-21.52,1625449482.0,64.0
-14.36,1625449482.0,64.0
-7.48,1625449482.0,64.0
-1.4,1625449482.0,64.0
3.76,1625449482.0,64.0
8.1,1625449482.0,64.0
11.86,1625449482.0,64.0
15.19,1625449482.0,64.0
18.09,1625449482.0,64.0
20.41,1625449482.0,64.0
22.03,1625449482.0,64.0
22.92,1625449482.0,64.0
23.21,1625449482.0,64.0
23.14,1625449482.0,64.0
22.85,1625449482.0,64.0
22.39,1625449482.0,64.0
21.65,1625449482.0,64.0
20.47,1625449482.0,64.0
18.81,1625449482.0,64.0
16.76,1625449482.0,64.0
14.56,1625449482.0,64.0
12.38,1625449482.0,64.0
10.3,1625449482.0,64.0
8.28,1625449482.0,64.0
6.14,1625449482.0,64.0
3.8,1625449482.0,64.0
1.26,1625449482.0,64.0
-1.29,1625449482.0,64.0
-3.6,1625449482.0,64.0
-5.47,1625449482.0,64.0
-6.87,1625449482.0,64.0
-7.93,1625449482.0,64.0
-8.95,1625449482.0,64.0
-10.23,1625449482.0,64.0
-11.99,1625449482.0,64.0
-14.25,1625449482.0,64.0
-16.8,1625449482.0,64.0
-19.37,1625449482.0,64.0
-21.67,1625449482.0,64.0
-23.57,1625449482.0,64.0
-25.15,1625449482.0,64.0
-26.66,1625449482.0,64.0
-28.36,1625449482.0,64.0
-30.42,1625449482.0,64.0
-32.77,1625449482.0,64.0
-35.06,1625449482.0,64.0
-36.73,1625449482.0,64.0
-37.15,1625449482.0,64.0
-35.81,1625449482.0,64.0
-32.5,1625449482.0,64.0
-27.33,1625449482.0,64.0
-20.71,1625449482.0,64.0
-13.27,1625449482.0,64.0
-5.65,1625449482.0,64.0
1.56,1625449482.0,64.0
8.0,1625449482.0,64.0
13.5,1625449482.0,64.0
18.01,1625449482.0,64.0
21.62,1625449482.0,64.0
24.45,1625449482.0,64.0
26.62,1625449482.0,64.0
28.27,1625449482.0,64.0
29.48,1625449482.0,64.0
30.31,1625449482.0,64.0
30.76,1625449482.0,64.0
30.86,1625449482.0,64.0
30.69,1625449482.0,64.0
30.31,1625449482.0,64.0
29.78,1625449482.0,64.0
29.12,1625449482.0,64.0
28.22,1625449482.0,64.0
26.95,1625449482.0,64.0
25.19,1625449482.0,64.0
22.93,1625449482.0,64.0
20.3,1625449482.0,64.0
17.51,1625449482.0,64.0
14.76,1625449482.0,64.0
12.15,1625449482.0,64.0
9.61,1625449482.0,64.0
6.98,1625449482.0,64.0
4.13,1625449482.0,64.0
0.99,1625449482.0,64.0
-2.37,1625449482.0,64.0
-5.78,1625449482.0,64.0
-9.09,1625449482.0,64.0
-12.17,1625449482.0,64.0
-15.02,1625449482.0,64.0
-17.69,1625449482.0,64.0
-20.26,1625449482.0,64.0
-22.84,1625449482.0,64.0
-25.49,1625449482.0,64.0
-28.26,1625449482.0,64.0
-31.11,1625449482.0,64.0
-33.88,1625449482.0,64.0
-36.28,1625449482.0,64.0
-37.9,1625449482.0,64.0
-38.27,1625449482.0,64.0
-37.04,1625449482.0,64.0
-34.1,1625449482.0,64.0
-29.59,1625449482.0,64.0
-23.89,1625449482.0,64.0
-17.43,1625449482.0,64.0
-10.59,1625449482.0,64.0
-3.63,1625449482.0,64.0
3.17,1625449482.0,64.0
9.47,1625449482.0,64.0
14.85,1625449482.0,64.0
18.88,1625449482.0,64.0
21.29,1625449482.0,64.0
22.16,1625449482.0,64.0
21.89,1625449482.0,64.0
21.06,1625449482.0,64.0
20.22,1625449482.0,64.0
19.69,1625449482.0,64.0
19.5,1625449482.0,64.0
19.48,1625449482.0,64.0
19.41,1625449482.0,64.0
19.12,1625449482.0,64.0
18.55,1625449482.0,64.0
17.67,1625449482.0,64.0
16.5,1625449482.0,64.0
15.05,1625449482.0,64.0
13.36,1625449482.0,64.0
11.47,1625449482.0,64.0
9.47,1625449482.0,64.0
7.4,1625449482.0,64.0
5.32,1625449482.0,64.0
3.27,1625449482.0,64.0
1.24,1625449482.0,64.0
-0.75,1625449482.0,64.0
-2.74,1625449482.0,64.0
-4.75,1625449482.0,64.0
-6.78,1625449482.0,64.0
-8.82,1625449482.0,64.0
-10.79,1625449482.0,64.0
-12.58,1625449482.0,64.0
-14.15,1625449482.0,64.0
-15.59,1625449482.0,64.0
-17.06,1625449482.0,64.0
-18.76,1625449482.0,64.0
-20.81,1625449482.0,64.0
-23.1,1625449482.0,64.0
-25.25,1625449482.0,64.0
-26.72,1625449482.0,64.0
-26.95,1625449482.0,64.0
-25.53,1625449482.0,64.0
-22.33,1625449482.0,64.0
-17.56,1625449482.0,64.0
-11.66,1625449482.0,64.0
-5.17,1625449482.0,64.0
1.41,1625449482.0,64.0
7.66,1625449482.0,64.0
13.23,1625449482.0,64.0
17.79,1625449482.0,64.0
21.03,1625449482.0,64.0
22.74,1625449482.0,64.0
22.96,1625449482.0,64.0
22.0,1625449482.0,64.0
20.49,1625449482.0,64.0
19.08,1625449482.0,64.0
18.27,1625449482.0,64.0
18.18,1625449482.0,64.0
18.57,1625449482.0,64.0
19.01,1625449482.0,64.0
19.09,1625449482.0,64.0
18.61,1625449482.0,64.0
17.57,1625449482.0,64.0
16.16,1625449482.0,64.0
14.59,1625449482.0,64.0
12.99,1625449482.0,64.0
11.41,1625449482.0,64.0
9.83,1625449482.0,64.0
8.18,1625449482.0,64.0
6.43,1625449482.0,64.0
4.57,1625449482.0,64.0
2.63,1625449482.0,64.0
0.65,1625449482.0,64.0
-1.34,1625449482.0,64.0
-3.35,1625449482.0,64.0
-5.41,1625449482.0,64.0
-7.59,1625449482.0,64.0
-9.88,1625449482.0,64.0
-12.27,1625449482.0,64.0
-14.67,1625449482.0,64.0
-17.02,1625449482.0,64.0
-19.32,1625449482.0,64.0
-21.61,1625449482.0,64.0
-23.91,1625449482.0,64.0
-26.06,1625449482.0,64.0
-27.75,1625449482.0,64.0
-28.51,1625449482.0,64.0
-27.88,1625449482.0,64.0
-25.6,1625449482.0,64.0
-21.72,1625449482.0,64.0
-16.58,1625449482.0,64.0
-10.67,1625449482.0,64.0
-4.46,1625449482.0,64.0
1.72,1625449482.0,64.0
7.67,1625449482.0,64.0
13.18,1625449482.0,64.0
17.95,1625449482.0,64.0
21.57,1625449482.0,64.0
23.71,1625449482.0,64.0
24.25,1625449482.0,64.0
23.5,1625449482.0,64.0
22.06,1625449482.0,64.0
20.65,1625449482.0,64.0
19.77,1625449482.0,64.0
19.54,1625449482.0,64.0
19.69,1625449482.0,64.0
19.76,1625449482.0,64.0
19.31,1625449482.0,64.0
18.13,1625449482.0,64.0
16.29,1625449482.0,64.0
14.03,1625449482.0,64.0
11.64,1625449482.0,64.0
9.35,1625449482.0,64.0
7.29,1625449482.0,64.0
5.44,1625449482.0,64.0
3.75,1625449482.0,64.0
2.13,1625449482.0,64.0
0.48,1625449482.0,64.0
-1.22,1625449482.0,64.0
-3.0,1625449482.0,64.0
-4.84,1625449482.0,64.0
-6.74,1625449482.0,64.0
-8.75,1625449482.0,64.0
-10.89,1625449482.0,64.0
-13.22,1625449482.0,64.0
-15.75,1625449482.0,64.0
-18.48,1625449482.0,64.0
-21.4,1625449482.0,64.0
-24.49,1625449482.0,64.0
-27.64,1625449482.0,64.0
-30.67,1625449482.0,64.0
-33.25,1625449482.0,64.0
-34.92,1625449482.0,64.0
-35.26,1625449482.0,64.0
-34.02,1625449482.0,64.0
-31.17,1625449482.0,64.0
-26.99,1625449482.0,64.0
-21.9,1625449482.0,64.0
-16.34,1625449482.0,64.0
-10.59,1625449482.0,64.0
-4.74,1625449482.0,64.0
1.19,1625449482.0,64.0
7.16,1625449482.0,64.0
12.98,1625449482.0,64.0
18.26,1625449482.0,64.0
22.55,1625449482.0,64.0
25.54,1625449482.0,64.0
27.18,1625449482.0,64.0
27.74,1625449482.0,64.0
27.64,1625449482.0,64.0
27.32,1625449482.0,64.0
27.03,1625449482.0,64.0
26.83,1625449482.0,64.0
26.61,1625449482.0,64.0
26.19,1625449482.0,64.0
25.38,1625449482.0,64.0
24.02,1625449482.0,64.0
21.95,1625449482.0,64.0
19.12,1625449482.0,64.0
15.67,1625449482.0,64.0
11.96,1625449482.0,64.0
8.46,1625449482.0,64.0
5.57,1625449482.0,64.0
3.37,1625449482.0,64.0
1.62,1625449482.0,64.0
-0.05,1625449482.0,64.0
-1.97,1625449482.0,64.0
-4.15,1625449482.0,64.0
-6.31,1625449482.0,64.0
-8.17,1625449482.0,64.0
-9.64,1625449482.0,64.0
-10.98,1625449482.0,64.0
-12.65,1625449482.0,64.0
-15.02,1625449482.0,64.0
-18.17,1625449482.0,64.0
-21.77,1625449482.0,64.0
-25.31,1625449482.0,64.0
-28.29,1625449482.0,64.0
-30.42,1625449482.0,64.0
-31.59,1625449482.0,64.0
-31.74,1625449482.0,64.0
-30.77,1625449482.0,64.0
-28.48,1625449482.0,64.0
-24.75,1625449482.0,64.0
-19.64,1625449482.0,64.0
-13.49,1625449482.0,64.0
-6.82,1625449482.0,64.0
-0.18,1625449482.0,64.0
5.95,1625449482.0,64.0
11.27,1625449482.0,64.0
15.65,1625449482.0,64.0
19.05,1625449482.0,64.0
21.46,1625449482.0,64.0
22.92,1625449482.0,64.0
23.55,1625449482.0,64.0
23.61,1625449482.0,64.0
23.41,1625449482.0,64.0
23.24,1625449482.0,64.0
23.25,1625449482.0,64.0
23.37,1625449482.0,64.0
23.34,1625449482.0,64.0
22.85,1625449482.0,64.0
21.65,1625449482.0,64.0
19.73,1625449482.0,64.0
17.27,1625449482.0,64.0
14.54,1625449482.0,64.0
11.84,1625449482.0,64.0
9.36,1625449482.0,64.0
7.16,1625449482.0,64.0
5.22,1625449482.0,64.0
3.45,1625449482.0,64.0
1.73,1625449482.0,64.0
-0.03,1625449482.0,64.0
-1.84,1625449482.0,64.0
-3.67,1625449482.0,64.0
-5.42,1625449482.0,64.0
-6.98,1625449482.0,64.0
-8.32,1625449482.0,64.0
-9.52,1625449482.0,64.0
-10.77,1625449482.0,64.0
-12.36,1625449482.0,64.0
-14.52,1625449482.0,64.0
-17.38,1625449482.0,64.0
-20.81,1625449482.0,64.0
-24.5,1625449482.0,64.0
-27.93,1625449482.0,64.0
-30.51,1625449482.0,64.0
-31.69,1625449482.0,64.0
-31.07,1625449482.0,64.0
-28.54,1625449482.0,64.0
-24.26,1625449482.0,64.0
-18.68,1625449482.0,64.0
-12.32,1625449482.0,64.0
-5.7,1625449482.0,64.0
0.82,1625449482.0,64.0
7.02,1625449482.0,64.0
12.74,1625449482.0,64.0
17.78,1625449482.0,64.0
21.87,1625449482.0,64.0
24.75,1625449482.0,64.0
26.3,1625449482.0,64.0
26.63,1625449482.0,64.0
26.1,1625449482.0,64.0
25.17,1625449482.0,64.0
24.18,1625449482.0,64.0
23.27,1625449482.0,64.0
22.31,1625449482.0,64.0
21.05,1625449482.0,64.0
19.31,1625449482.0,64.0
17.12,1625449482.0,64.0
14.69,1625449482.0,64.0
12.29,1625449482.0,64.0
10.12,1625449482.0,64.0
8.23,1625449482.0,64.0
6.49,1625449482.0,64.0
4.77,1625449482.0,64.0
2.96,1625449482.0,64.0
1.05,1625449482.0,64.0
-0.9,1625449482.0,64.0
-2.85,1625449482.0,64.0
-4.77,1625449482.0,64.0
-6.66,1625449482.0,64.0
-8.52,1625449482.0,64.0
-10.34,1625449482.0,64.0
-12.06,1625449482.0,64.0
-13.67,1625449482.0,64.0
-15.21,1625449482.0,64.0
-16.81,1625449482.0,64.0
-18.67,1625449482.0,64.0
-20.91,1625449482.0,64.0
-23.47,1625449482.0,64.0
-26.01,1625449482.0,64.0
-27.99,1625449482.0,64.0
-28.81,1625449482.0,64.0
-27.96,1625449482.0,64.0
-25.26,1625449482.0,64.0
-20.91,1625449482.0,64.0
-15.4,1625449482.0,64.0
-9.35,1625449482.0,64.0
-3.3,1625449482.0,64.0
2.41,1625449482.0,64.0
7.59,1625449482.0,64.0
12.09,1625449482.0,64.0
15.71,1625449482.0,64.0
18.24,1625449482.0,64.0
19.5,1625449482.0,64.0
19.54,1625449482.0,64.0
18.7,1625449482.0,64.0
17.51,1625449482.0,64.0
16.5,1625449482.0,64.0
15.99,1625449482.0,64.0
15.96,1625449482.0,64.0
16.14,1625449482.0,64.0
16.18,1625449482.0,64.0
15.83,1625449482.0,64.0
15.02,1625449482.0,64.0
13.82,1625449482.0,64.0
12.4,1625449482.0,64.0
10.89,1625449482.0,64.0
9.35,1625449482.0,64.0
7.78,1625449482.0,64.0
6.15,1625449482.0,64.0
4.37,1625449482.0,64.0
2.38,1625449482.0,64.0
0.13,1625449482.0,64.0
-2.35,1625449482.0,64.0
-4.99,1625449482.0,64.0
-7.61,1625449482.0,64.0
-10.03,1625449482.0,64.0
-12.17,1625449482.0,64.0
-14.07,1625449482.0,64.0
-15.9,1625449482.0,64.0
-17.87,1625449482.0,64.0
-20.17,1625449482.0,64.0
-22.83,1625449482.0,64.0
-25.66,1625449482.0,64.0
-28.31,1625449482.0,64.0
-30.24,1625449482.0,64.0
-30.94,1625449482.0,64.0
-30.04,1625449482.0,64.0
-27.39,1625449482.0,64.0
-23.12,1625449482.0,64.0
-17.57,1625449482.0,64.0
-11.18,1625449482.0,64.0
-4.4,1625449482.0,64.0
2.34,1625449482.0,64.0
8.63,1625449482.0,64.0
14.03,1625449482.0,64.0
18.13,1625449482.0,64.0
20.67,1625449482.0,64.0
21.66,1625449482.0,64.0
21.42,1625449482.0,64.0
20.53,1625449482.0,64.0
19.58,1625449482.0,64.0
18.99,1625449482.0,64.0
18.82,1625449482.0,64.0
18.87,1625449482.0,64.0
18.77,1625449482.0,64.0
18.21,1625449482.0,64.0
17.07,1625449482.0,64.0
15.42,1625449482.0,64.0
13.49,1625449482.0,64.0
11.53,1625449482.0,64.0
9.73,1625449482.0,64.0
8.14,1625449482.0,64.0
6.72,1625449482.0,64.0
5.33,1625449482.0,64.0
3.84,1625449482.0,64.0
2.16,1625449482.0,64.0
0.23,1625449482.0,64.0
-1.92,1625449482.0,64.0
-4.29,1625449482.0,64.0
-6.85,1625449482.0,64.0
-9.57,1625449482.0,64.0
-12.38,1625449482.0,64.0
-15.17,1625449482.0,64.0
-17.8,1625449482.0,64.0
-20.18,1625449482.0,64.0
-22.31,1625449482.0,64.0
-24.21,1625449482.0,64.0
-25.87,1625449482.0,64.0
-27.12,1625449482.0,64.0
-27.63,1625449482.0,64.0
-27.0,1625449482.0,64.0
-24.94,1625449482.0,64.0
-21.39,1625449482.0,64.0
-16.61,1625449482.0,64.0
-11.02,1625449482.0,64.0
-5.1,1625449482.0,64.0
0.8,1625449482.0,64.0
6.43,1625449482.0,64.0
11.58,1625449482.0,64.0
16.0,1625449482.0,64.0
19.4,1625449482.0,64.0
21.54,1625449482.0,64.0
22.38,1625449482.0,64.0
22.18,1625449482.0,64.0
21.41,1625449482.0,64.0
20.6,1625449482.0,64.0
20.11,1625449482.0,64.0
20.01,1625449482.0,64.0
20.07,1625449482.0,64.0
19.94,1625449482.0,64.0
19.29,1625449482.0,64.0
17.94,1625449482.0,64.0
15.94,1625449482.0,64.0
13.47,1625449482.0,64.0
10.77,1625449482.0,64.0
8.1,1625449482.0,64.0
5.62,1625449482.0,64.0
3.43,1625449482.0,64.0
1.5,1625449482.0,64.0
-0.27,1625449482.0,64.0
-2.08,1625449482.0,64.0
-4.07,1625449482.0,64.0
-6.27,1625449482.0,64.0
-8.55,1625449482.0,64.0
-10.72,1625449482.0,64.0
-12.63,1625449482.0,64.0
-14.25,1625449482.0,64.0
-15.71,1625449482.0,64.0
-17.2,1625449482.0,64.0
-18.88,1625449482.0,64.0
-20.77,1625449482.0,64.0
-22.79,1625449482.0,64.0
-24.81,1625449482.0,64.0
-26.67,1625449482.0,64.0
-28.15,1625449482.0,64.0
-29.0,1625449482.0,64.0
-28.89,1625449482.0,64.0
-27.45,1625449482.0,64.0
-24.46,1625449482.0,64.0
-19.95,1625449482.0,64.0
-14.28,1625449482.0,64.0
-8.0,1625449482.0,64.0
-1.75,1625449482.0,64.0
3.99,1625449482.0,64.0
8.92,1625449482.0,64.0
12.94,1625449482.0,64.0
16.01,1625449482.0,64.0
18.11,1625449482.0,64.0
19.23,1625449482.0,64.0
19.47,1625449482.0,64.0
19.02,1625449482.0,64.0
18.26,1625449482.0,64.0
17.55,1625449482.0,64.0
17.16,1625449482.0,64.0
17.12,1625449482.0,64.0
17.28,1625449482.0,64.0
17.32,1625449482.0,64.0
17.01,1625449482.0,64.0
16.23,1625449482.0,64.0
15.0,1625449482.0,64.0
13.43,1625449482.0,64.0
11.61,1625449482.0,64.0
9.61,1625449482.0,64.0
7.45,1625449482.0,64.0
5.15,1625449482.0,64.0
2.76,1625449482.0,64.0
0.36,1625449482.0,64.0
-1.96,1625449482.0,64.0
-4.13,1625449482.0,64.0
-6.06,1625449482.0,64.0
-7.72,1625449482.0,64.0
-9.1,1625449482.0,64.0
-10.29,1625449482.0,64.0
-11.38,1625449482.0,64.0
-12.52,1625449482.0,64.0
-13.84,1625449482.0,64.0
-15.39,1625449482.0,64.0
-17.19,1625449482.0,64.0
-19.2,1625449482.0,64.0
-21.36,1625449482.0,64.0
-23.5,1625449482.0,64.0
-25.36,1625449482.0,64.0
-26.54,1625449482.0,64.0
-26.59,1625449482.0,64.0
-25.18,1625449482.0,64.0
-22.19,1625449482.0,64.0
-17.85,1625449482.0,64.0
-12.64,1625449482.0,64.0
-7.13,1625449482.0,64.0
-1.72,1625449482.0,64.0
3.38,1625449482.0,64.0
8.12,1625449482.0,64.0
12.45,1625449482.0,64.0
16.15,1625449482.0,64.0
18.92,1625449482.0,64.0
20.48,1625449482.0,64.0
20.8,1625449482.0,64.0
20.22,1625449482.0,64.0
19.3,1625449482.0,64.0
18.6,1625449482.0,64.0
18.45,1625449482.0,64.0
18.8,1625449482.0,64.0
19.3,1625449482.0,64.0
19.53,1625449482.0,64.0
19.18,1625449482.0,64.0
18.19,1625449482.0,64.0
16.73,1625449482.0,64.0
15.03,1625449482.0,64.0
13.3,1625449482.0,64.0
11.61,1625449482.0,64.0
9.94,1625449482.0,64.0
8.21,1625449482.0,64.0
6.35,1625449482.0,64.0
4.39,1625449482.0,64.0
2.39,1625449482.0,64.0
0.47,1625449482.0,64.0
-1.26,1625449482.0,64.0
-2.73,1625449482.0,64.0
-3.99,1625449482.0,64.0
-5.11,1625449482.0,64.0
-6.25,1625449482.0,64.0
-7.53,1625449482.0,64.0
-9.05,1625449482.0,64.0
-10.88,1625449482.0,64.0
-13.03,1625449482.0,64.0
-15.48,1625449482.0,64.0
-18.13,1625449482.0,64.0
-20.77,1625449482.0,64.0
-23.02,1625449482.0,64.0
-24.44,1625449482.0,64.0
-24.61,1625449482.0,64.0
-23.26,1625449482.0,64.0
-20.36,1625449482.0,64.0
-16.16,1625449482.0,64.0
-11.04,1625449482.0,64.0
-5.47,1625449482.0,64.0
0.2,1625449482.0,64.0
5.65,1625449482.0,64.0
10.62,1625449482.0,64.0
14.81,1625449482.0,64.0
17.9,1625449482.0,64.0
19.63,1625449482.0,64.0
19.96,1625449482.0,64.0
19.15,1625449482.0,64.0
17.72,1625449482.0,64.0
16.33,1625449482.0,64.0
15.46,1625449482.0,64.0
15.26,1625449482.0,64.0
15.54,1625449482.0,64.0
15.85,1625449482.0,64.0
15.76,1625449482.0,64.0
14.99,1625449482.0,64.0
13.58,1625449482.0,64.0
11.72,1625449482.0,64.0
9.7,1625449482.0,64.0
7.76,1625449482.0,64.0
5.97,1625449482.0,64.0
4.29,1625449482.0,64.0
2.62,1625449482.0,64.0
0.84,1625449482.0,64.0
-1.09,1625449482.0,64.0
-3.18,1625449482.0,64.0
-5.37,1625449482.0,64.0
-7.58,1625449482.0,64.0
-9.72,1625449482.0,64.0
-11.77,1625449482.0,64.0
-13.72,1625449482.0,64.0
-15.58,1625449482.0,64.0
-17.43,1625449482.0,64.0
-19.37,1625449482.0,64.0
-21.5,1625449482.0,64.0
-23.93,1625449482.0,64.0
-26.63,1625449482.0,64.0
-29.36,1625449482.0,64.0
-31.68,1625449482.0,64.0
-32.98,1625449482.0,64.0
-32.67,1625449482.0,64.0
-30.35,1625449482.0,64.0
-26.0,1625449482.0,64.0
-20.0,1625449482.0,64.0
-13.04,1625449482.0,64.0
-5.94,1625449482.0,64.0
0.55,1625449482.0,64.0
5.9,1625449482.0,64.0
9.82,1625449482.0,64.0
12.25,1625449482.0,64.0
13.37,1625449482.0,64.0
13.49,1625449482.0,64.0
13.07,1625449482.0,64.0
12.57,1625449482.0,64.0
12.34,1625449482.0,64.0
12.55,1625449482.0,64.0
13.11,1625449482.0,64.0
13.85,1625449482.0,64.0
14.58,1625449482.0,64.0
15.21,1625449482.0,64.0
15.75,1625449482.0,64.0
16.18,1625449482.0,64.0
16.36,1625449482.0,64.0
16.04,1625449482.0,64.0
14.94,1625449482.0,64.0
12.96,1625449482.0,64.0
10.29,1625449482.0,64.0
7.33,1625449482.0,64.0
4.51,1625449482.0,64.0
2.07,1625449482.0,64.0
-0.04,1625449482.0,64.0
-2.03,1625449482.0,64.0
-4.13,1625449482.0,64.0
-6.4,1625449482.0,64.0
-8.7,1625449482.0,64.0
-10.83,1625449482.0,64.0
-12.66,1625449482.0,64.0
-14.2,1625449482.0,64.0
-15.61,1625449482.0,64.0
-17.09,1625449482.0,64.0
-18.83,1625449482.0,64.0
-20.88,1625449482.0,64.0
-23.19,1625449482.0,64.0
-25.53,1625449482.0,64.0
-27.58,1625449482.0,64.0
-28.93,1625449482.0,64.0
-29.13,1625449482.0,64.0
-27.88,1625449482.0,64.0
-25.08,1625449482.0,64.0
-20.92,1625449482.0,64.0
-15.82,1625449482.0,64.0
-10.27,1625449482.0,64.0
-4.72,1625449482.0,64.0
0.6,1625449482.0,64.0
5.59,1625449482.0,64.0
10.23,1625449482.0,64.0
14.43,1625449482.0,64.0
17.98,1625449482.0,64.0
20.63,1625449482.0,64.0
22.22,1625449482.0,64.0
22.82,1625449482.0,64.0
22.71,1625449482.0,64.0
22.32,1625449482.0,64.0
22.02,1625449482.0,64.0
21.99,1625449482.0,64.0
22.12,1625449482.0,64.0
22.15,1625449482.0,64.0
21.78,1625449482.0,64.0
20.83,1625449482.0,64.0
19.28,1625449482.0,64.0
17.26,1625449482.0,64.0
14.94,1625449482.0,64.0
12.48,1625449482.0,64.0
9.96,1625449482.0,64.0
7.47,1625449482.0,64.0
5.04,1625449482.0,64.0
2.72,1625449482.0,64.0
0.55,1625449482.0,64.0
-1.4,1625449482.0,64.0
-3.09,1625449482.0,64.0
-4.51,1625449482.0,64.0
-5.73,1625449482.0,64.0
-6.89,1625449482.0,64.0
-8.18,1625449482.0,64.0
-9.74,1625449482.0,64.0
-11.68,1625449482.0,64.0
-14.02,1625449482.0,64.0
-16.68,1625449482.0,64.0
-19.56,1625449482.0,64.0
-22.52,1625449482.0,64.0
-25.38,1625449482.0,64.0
-27.88,1625449482.0,64.0
-29.65,1625449482.0,64.0
-30.3,1625449482.0,64.0
-29.47,1625449482.0,64.0
-27.02,1625449482.0,64.0
-23.06,1625449482.0,64.0
-17.93,1625449482.0,64.0
-12.07,1625449482.0,64.0
-5.92,1625449482.0,64.0
0.22,1625449482.0,64.0
6.12,1625449482.0,64.0
11.57,1625449482.0,64.0
16.3,1625449482.0,64.0
20.0,1625449482.0,64.0
22.39,1625449482.0,64.0
23.38,1625449482.0,64.0
23.14,1625449482.0,64.0
22.09,1625449482.0,64.0
20.76,1625449482.0,64.0
19.63,1625449482.0,64.0
18.93,1625449482.0,64.0
18.64,1625449482.0,64.0
18.47,1625449482.0,64.0
18.08,1625449482.0,64.0
17.22,1625449482.0,64.0
15.82,1625449482.0,64.0
13.99,1625449482.0,64.0
11.94,1625449482.0,64.0
9.82,1625449482.0,64.0
7.74,1625449482.0,64.0
5.7,1625449482.0,64.0
3.66,1625449482.0,64.0
1.57,1625449482.0,64.0
-0.52,1625449482.0,64.0
-2.57,1625449482.0,64.0
-4.48,1625449482.0,64.0
-6.22,1625449482.0,64.0
-7.77,1625449482.0,64.0
-9.14,1625449482.0,64.0
-10.33,1625449482.0,64.0
-11.38,1625449482.0,64.0
-12.34,1625449482.0,64.0
-13.37,1625449482.0,64.0
-14.7,1625449482.0,64.0
-16.61,1625449482.0,64.0
-19.23,1625449482.0,64.0
-22.44,1625449482.0,64.0
-25.78,1625449482.0,64.0
-28.5,1625449482.0,64.0
-29.8,1625449482.0,64.0
-29.08,1625449482.0,64.0
-26.2,1625449482.0,64.0
-21.47,1625449482.0,64.0
-15.58,1625449482.0,64.0
-9.29,1625449482.0,64.0
-3.2,1625449482.0,64.0
2.34,1625449482.0,64.0
7.24,1625449482.0,64.0
11.47,1625449482.0,64.0
14.97,1625449482.0,64.0
17.61,1625449482.0,64.0
19.21,1625449482.0,64.0
19.74,1625449482.0,64.0
19.38,1625449482.0,64.0
18.52,1625449482.0,64.0
17.6,1625449482.0,64.0
16.96,1625449482.0,64.0
16.69,1625449482.0,64.0
16.62,1625449482.0,64.0
16.45,1625449482.0,64.0
15.89,1625449482.0,64.0
14.82,1625449482.0,64.0
13.3,1625449482.0,64.0
11.54,1625449482.0,64.0
9.81,1625449482.0,64.0
8.32,1625449482.0,64.0
7.16,1625449482.0,64.0
6.27,1625449482.0,64.0
5.52,1625449482.0,64.0
4.75,1625449482.0,64.0
3.85,1625449482.0,64.0
2.78,1625449482.0,64.0
1.57,1625449482.0,64.0
0.27,1625449482.0,64.0
-1.13,1625449482.0,64.0
-2.67,1625449482.0,64.0
-4.42,1625449482.0,64.0
-6.4,1625449482.0,64.0
-8.59,1625449482.0,64.0
-10.93,1625449482.0,64.0
-13.38,1625449482.0,64.0
-15.88,1625449482.0,64.0
-18.37,1625449482.0,64.0
-20.65,1625449482.0,64.0
-22.37,1625449482.0,64.0
-23.08,1625449482.0,64.0
-22.36,1625449482.0,64.0
-20.02,1625449482.0,64.0
-16.15,1625449482.0,64.0
-11.12,1625449482.0,64.0
-5.44,1625449482.0,64.0
0.42,1625449482.0,64.0
6.06,1625449482.0,64.0
11.17,1625449482.0,64.0
15.47,1625449482.0,64.0
18.7,1625449482.0,64.0
20.66,1625449482.0,64.0
21.31,1625449482.0,64.0
20.89,1625449482.0,64.0
19.85,1625449482.0,64.0
18.77,1625449482.0,64.0
18.11,1625449482.0,64.0
18.1,1625449482.0,64.0
18.63,1625449482.0,64.0
19.34,1625449482.0,64.0
19.81,1625449482.0,64.0
19.68,1625449482.0,64.0
18.77,1625449482.0,64.0
17.15,1625449482.0,64.0
14.98,1625449482.0,64.0
12.5,1625449482.0,64.0
9.91,1625449482.0,64.0
7.34,1625449482.0,64.0
4.9,1625449482.0,64.0
2.61,1625449482.0,64.0
0.5,1625449482.0,64.0
-1.42,1625449482.0,64.0
-3.18,1625449482.0,64.0
-4.81,1625449482.0,64.0
-6.42,1625449482.0,64.0
-8.11,1625449482.0,64.0
-10.0,1625449482.0,64.0
-12.14,1625449482.0,64.0
-14.51,1625449482.0,64.0
-17.04,1625449482.0,64.0
-19.68,1625449482.0,64.0
-22.34,1625449482.0,64.0
-24.94,1625449482.0,64.0
-27.28,1625449482.0,64.0
-29.02,1625449482.0,64.0
-29.72,1625449482.0,64.0
-28.96,1625449482.0,64.0
-26.49,1625449482.0,64.0
-22.39,1625449482.0,64.0
-17.06,1625449482.0,64.0
-11.04,1625449482.0,64.0
-4.88,1625449482.0,64.0
1.07,1625449482.0,64.0
6.67,1625449482.0,64.0
11.83,1625449482.0,64.0
16.41,1625449482.0,64.0
20.16,1625449482.0,64.0
22.77,1625449482.0,64.0
24.04,1625449482.0,64.0
24.08,1625449482.0,64.0
23.29,1625449482.0,64.0
22.22,1625449482.0,64.0
21.37,1625449482.0,64.0
20.95,1625449482.0,64.0
20.81,1625449482.0,64.0
20.56,1625449482.0,64.0
19.83,1625449482.0,64.0
18.44,1625449482.0,64.0
16.52,1625449482.0,64.0
14.37,1625449482.0,64.0
12.27,1625449482.0,64.0
10.37,1625449482.0,64.0
8.64,1625449482.0,64.0
6.9,1625449482.0,64.0
5.0,1625449482.0,64.0
2.89,1625449482.0,64.0
0.62,1625449482.0,64.0
-1.65,1625449482.0,64.0
-3.79,1625449482.0,64.0
-5.73,1625449482.0,64.0
-7.5,1625449482.0,64.0
-9.22,1625449482.0,64.0
-11.01,1625449482.0,64.0
-13.04,1625449482.0,64.0
-15.4,1625449482.0,64.0
-18.11,1625449482.0,64.0
-21.09,1625449482.0,64.0
-24.19,1625449482.0,64.0
-27.11,1625449482.0,64.0
-29.47,1625449482.0,64.0
-30.85,1625449482.0,64.0
-30.89,1625449482.0,64.0
-29.4,1625449482.0,64.0
-26.43,1625449482.0,64.0
-22.24,1625449482.0,64.0
-17.19,1625449482.0,64.0
-11.61,1625449482.0,64.0
-5.78,1625449482.0,64.0
0.11,1625449482.0,64.0
5.87,1625449482.0,64.0
11.24,1625449482.0,64.0
15.92,1625449482.0,64.0
19.64,1625449482.0,64.0
22.23,1625449482.0,64.0
23.66,1625449482.0,64.0
24.01,1625449482.0,64.0
23.52,1625449482.0,64.0
22.47,1625449482.0,64.0
21.24,1625449482.0,64.0
20.21,1625449482.0,64.0
19.65,1625449482.0,64.0
19.62,1625449482.0,64.0
19.92,1625449482.0,64.0
20.09,1625449482.0,64.0
19.61,1625449482.0,64.0
18.13,1625449482.0,64.0
15.63,1625449482.0,64.0
12.42,1625449482.0,64.0
9.02,1625449482.0,64.0
5.93,1625449482.0,64.0
3.41,1625449482.0,64.0
1.43,1625449482.0,64.0
-0.2,1625449482.0,64.0
-1.68,1625449482.0,64.0
-3.1,1625449482.0,64.0
-4.43,1625449482.0,64.0
-5.65,1625449482.0,64.0
-6.82,1625449482.0,64.0
-8.15,1625449482.0,64.0
-9.83,1625449482.0,64.0
-11.98,1625449482.0,64.0
-14.52,1625449482.0,64.0
-17.24,1625449482.0,64.0
-19.97,1625449482.0,64.0
-22.65,1625449482.0,64.0
-25.28,1625449482.0,64.0
-27.85,1625449482.0,64.0
-30.14,1625449482.0,64.0
-31.69,1625449482.0,64.0
-31.94,1625449482.0,64.0
-30.5,1625449482.0,64.0
-27.25,1625449482.0,64.0
-22.47,1625449482.0,64.0
-16.64,1625449482.0,64.0
-10.27,1625449482.0,64.0
-3.7,1625449482.0,64.0
2.85,1625449482.0,64.0
9.23,1625449482.0,64.0
15.14,1625449482.0,64.0
20.14,1625449482.0,64.0
23.79,1625449482.0,64.0
25.78,1625449482.0,64.0
26.19,1625449482.0,64.0
25.47,1625449482.0,64.0
24.25,1625449482.0,64.0
23.09,1625449482.0,64.0
22.3,1625449482.0,64.0
21.79,1625449482.0,64.0
21.28,1625449482.0,64.0
20.43,1625449482.0,64.0
19.05,1625449482.0,64.0
17.19,1625449482.0,64.0
15.07,1625449482.0,64.0
12.96,1625449482.0,64.0
11.1,1625449482.0,64.0
9.61,1625449482.0,64.0
8.43,1625449482.0,64.0
7.41,1625449482.0,64.0
6.28,1625449482.0,64.0
4.84,1625449482.0,64.0
2.98,1625449482.0,64.0
0.74,1625449482.0,64.0
-1.69,1625449482.0,64.0
-4.1,1625449482.0,64.0
-6.36,1625449482.0,64.0
-8.46,1625449482.0,64.0
-10.53,1625449482.0,64.0
-12.68,1625449482.0,64.0
-14.96,1625449482.0,64.0
-17.34,1625449482.0,64.0
-19.74,1625449482.0,64.0
-22.09,1625449482.0,64.0
-24.37,1625449482.0,64.0
-26.53,1625449482.0,64.0
-28.35,1625449482.0,64.0
-29.48,1625449482.0,64.0
-29.42,1625449482.0,64.0
-27.79,1625449482.0,64.0
-24.44,1625449482.0,64.0
-19.59,1625449482.0,64.0
-13.75,1625449482.0,64.0
-7.48,1625449482.0,64.0
-1.27,1625449482.0,64.0
4.59,1625449482.0,64.0
9.97,1625449482.0,64.0
14.7,1625449482.0,64.0
18.55,1625449482.0,64.0
21.21,1625449482.0,64.0
22.5,1625449482.0,64.0
22.49,1625449482.0,64.0
21.54,1625449482.0,64.0
20.26,1625449482.0,64.0
19.19,1625449482.0,64.0
18.64,1625449482.0,64.0
18.56,1625449482.0,64.0
18.65,1625449482.0,64.0
18.48,1625449482.0,64.0
17.77,1625449482.0,64.0
16.44,1625449482.0,64.0
14.63,1625449482.0,64.0
12.58,1625449482.0,64.0
10.5,1625449482.0,64.0
8.48,1625449482.0,64.0
6.53,1625449482.0,64.0
4.59,1625449482.0,64.0
2.65,1625449482.0,64.0
0.7,1625449482.0,64.0
-1.22,1625449482.0,64.0
-3.08,1625449482.0,64.0
-4.88,1625449482.0,64.0
-6.65,1625449482.0,64.0
-8.43,1625449482.0,64.0
-10.23,1625449482.0,64.0
-12.05,1625449482.0,64.0
-13.84,1625449482.0,64.0
-15.55,1625449482.0,64.0
-17.18,1625449482.0,64.0
-18.83,1625449482.0,64.0
-20.69,1625449482.0,64.0
-22.91,1625449482.0,64.0
-25.49,1625449482.0,64.0
-28.14,1625449482.0,64.0
-30.29,1625449482.0,64.0
-31.32,1625449482.0,64.0
-30.71,1625449482.0,64.0
-28.3,1625449482.0,64.0
-24.24,1625449482.0,64.0
-18.96,1625449482.0,64.0
-12.95,1625449482.0,64.0
-6.67,1625449482.0,64.0
-0.46,1625449482.0,64.0
5.33,1625449482.0,64.0
10.38,1625449482.0,64.0
14.39,1625449482.0,64.0
17.2,1625449482.0,64.0
18.82,1625449482.0,64.0
19.41,1625449482.0,64.0
19.28,1625449482.0,64.0
18.71,1625449482.0,64.0
17.93,1625449482.0,64.0
17.13,1625449482.0,64.0
16.4,1625449482.0,64.0
15.84,1625449482.0,64.0
15.45,1625449482.0,64.0
15.17,1625449482.0,64.0
14.83,1625449482.0,64.0
14.24,1625449482.0,64.0
13.22,1625449482.0,64.0
11.72,1625449482.0,64.0
9.85,1625449482.0,64.0
7.81,1625449482.0,64.0
5.89,1625449482.0,64.0
4.3,1625449482.0,64.0
3.1,1625449482.0,64.0
2.19,1625449482.0,64.0
1.34,1625449482.0,64.0
0.33,1625449482.0,64.0
-0.99,1625449482.0,64.0
-2.63,1625449482.0,64.0
-4.51,1625449482.0,64.0
-6.53,1625449482.0,64.0
-8.64,1625449482.0,64.0
-10.81,1625449482.0,64.0
-13.04,1625449482.0,64.0
-15.28,1625449482.0,64.0
-17.51,1625449482.0,64.0
-19.69,1625449482.0,64.0
-21.82,1625449482.0,64.0
-23.9,1625449482.0,64.0
-25.83,1625449482.0,64.0
-27.35,1625449482.0,64.0
-28.04,1625449482.0,64.0
-27.43,1625449482.0,64.0
-25.2,1625449482.0,64.0
-21.35,1625449482.0,64.0
-16.21,1625449482.0,64.0
-10.3,1625449482.0,64.0
-4.14,1625449482.0,64.0
1.9,1625449482.0,64.0
7.6,1625449482.0,64.0
12.77,1625449482.0,64.0
17.16,1625449482.0,64.0
20.46,1625449482.0,64.0
22.45,1625449482.0,64.0
23.13,1625449482.0,64.0
22.86,1625449482.0,64.0
22.16,1625449482.0,64.0
21.55,1625449482.0,64.0
21.28,1625449482.0,64.0
21.32,1625449482.0,64.0
21.36,1625449482.0,64.0
21.09,1625449482.0,64.0
20.36,1625449482.0,64.0
19.2,1625449482.0,64.0
17.76,1625449482.0,64.0
16.18,1625449482.0,64.0
14.53,1625449482.0,64.0
12.76,1625449482.0,64.0
10.78,1625449482.0,64.0
8.56,1625449482.0,64.0
6.11,1625449482.0,64.0
3.57,1625449482.0,64.0
1.07,1625449482.0,64.0
-1.24,1625449482.0,64.0
-3.26,1625449482.0,64.0
-4.96,1625449482.0,64.0
-6.37,1625449482.0,64.0
-7.58,1625449482.0,64.0
-8.71,1625449482.0,64.0
-9.84,1625449482.0,64.0
-11.12,1625449482.0,64.0
-12.64,1625449482.0,64.0
-14.54,1625449482.0,64.0
-16.9,1625449482.0,64.0
-19.67,1625449482.0,64.0
-22.62,1625449482.0,64.0
-25.25,1625449482.0,64.0
-26.94,1625449482.0,64.0
-27.08,1625449482.0,64.0
-25.3,1625449482.0,64.0
-21.63,1625449482.0,64.0
-16.43,1625449482.0,64.0
-10.31,1625449482.0,64.0
-3.91,1625449482.0,64.0
2.24,1625449482.0,64.0
7.77,1625449482.0,64.0
12.44,1625449482.0,64.0
16.07,1625449482.0,64.0
18.56,1625449482.0,64.0
19.88,1625449482.0,64.0
20.24,1625449482.0,64.0
19.98,1625449482.0,64.0
19.55,1625449482.0,64.0
19.35,1625449482.0,64.0
19.54,1625449482.0,64.0
19.95,1625449482.0,64.0
20.22,1625449482.0,64.0
19.92,1625449482.0,64.0
18.8,1625449482.0,64.0
16.93,1625449482.0,64.0
14.62,1625449482.0,64.0
12.3,1625449482.0,64.0
10.29,1625449482.0,64.0
8.67,1625449482.0,64.0
7.32,1625449482.0,64.0
6.0,1625449482.0,64.0
4.49,1625449482.0,64.0
2.62,1625449482.0,64.0
0.32,1625449482.0,64.0
-2.42,1625449482.0,64.0
-5.52,1625449482.0,64.0
-8.78,1625449482.0,64.0
-11.92,1625449482.0,64.0
-14.6,1625449482.0,64.0
-16.64,1625449482.0,64.0
-18.09,1625449482.0,64.0
-19.33,1625449482.0,64.0
-20.9,1625449482.0,64.0
-23.22,1625449482.0,64.0
-26.41,1625449482.0,64.0
-30.08,1625449482.0,64.0
-33.48,1625449482.0,64.0
-35.71,1625449482.0,64.0
-36.1,1625449482.0,64.0
-34.39,1625449482.0,64.0
-30.74,1625449482.0,64.0
-25.65,1625449482.0,64.0
-19.61,1625449482.0,64.0
-13.0,1625449482.0,64.0
-6.07,1625449482.0,64.0
1.03,1625449482.0,64.0
8.04,1625449482.0,64.0
14.53,1625449482.0,64.0
19.96,1625449482.0,64.0
23.88,1625449482.0,64.0
26.08,1625449482.0,64.0
26.73,1625449482.0,64.0
26.28,1625449482.0,64.0
25.34,1625449482.0,64.0
24.38,1625449482.0,64.0
23.67,1625449482.0,64.0
23.15,1625449482.0,64.0
22.6,1625449482.0,64.0
21.78,1625449482.0,64.0
20.56,1625449482.0,64.0
18.96,1625449482.0,64.0
17.09,1625449482.0,64.0
15.13,1625449482.0,64.0
13.15,1625449482.0,64.0
11.2,1625449482.0,64.0
9.29,1625449482.0,64.0
7.41,1625449482.0,64.0
5.56,1625449482.0,64.0
3.72,1625449482.0,64.0
1.84,1625449482.0,64.0
-0.09,1625449482.0,64.0
-2.04,1625449482.0,64.0
-3.94,1625449482.0,64.0
-5.79,1625449482.0,64.0
-7.64,1625449482.0,64.0
-9.63,1625449482.0,64.0
-11.92,1625449482.0,64.0
-14.59,1625449482.0,64.0
-17.55,1625449482.0,64.0
-20.6,1625449482.0,64.0
-23.49,1625449482.0,64.0
-25.99,1625449482.0,64.0
-27.9,1625449482.0,64.0
-28.96,1625449482.0,64.0
-28.9,1625449482.0,64.0
-27.45,1625449482.0,64.0
-24.48,1625449482.0,64.0
-20.09,1625449482.0,64.0
-14.63,1625449482.0,64.0
-8.53,1625449482.0,64.0
-2.19,1625449482.0,64.0
4.12,1625449482.0,64.0
10.19,1625449482.0,64.0
15.78,1625449482.0,64.0
20.53,1625449482.0,64.0
24.03,1625449482.0,64.0
26.03,1625449482.0,64.0
26.53,1625449482.0,64.0
25.88,1625449482.0,64.0
24.68,1625449482.0,64.0
23.5,1625449482.0,64.0
22.75,1625449482.0,64.0
22.49,1625449482.0,64.0
22.52,1625449482.0,64.0
22.44,1625449482.0,64.0
21.9,1625449482.0,64.0
20.69,1625449482.0,64.0
18.83,1625449482.0,64.0
16.54,1625449482.0,64.0
14.1,1625449482.0,64.0
11.74,1625449482.0,64.0
9.57,1625449482.0,64.0
7.54,1625449482.0,64.0
5.54,1625449482.0,64.0
3.54,1625449482.0,64.0
1.57,1625449482.0,64.0
-0.27,1625449482.0,64.0
-1.9,1625449482.0,64.0
-3.37,1625449482.0,64.0
-4.86,1625449482.0,64.0
-6.6,1625449482.0,64.0
-8.77,1625449482.0,64.0
-11.39,1625449482.0,64.0
-14.36,1625449482.0,64.0
-17.48,1625449482.0,64.0
-20.62,1625449482.0,64.0
-23.74,1625449482.0,64.0
-26.84,1625449482.0,64.0
-29.82,1625449482.0,64.0
-32.42,1625449482.0,64.0
-34.13,1625449482.0,64.0
-34.41,1625449482.0,64.0
-32.84,1625449482.0,64.0
-29.32,1625449482.0,64.0
-24.1,1625449482.0,64.0
-17.7,1625449482.0,64.0
-10.72,1625449482.0,64.0
-3.63,1625449482.0,64.0
3.17,1625449482.0,64.0
9.46,1625449482.0,64.0
15.0,1625449482.0,64.0
19.56,1625449482.0,64.0
22.92,1625449482.0,64.0
24.98,1625449482.0,64.0
25.8,1625449482.0,64.0
25.66,1625449482.0,64.0
24.94,1625449482.0,64.0
24.01,1625449482.0,64.0
23.15,1625449482.0,64.0
22.42,1625449482.0,64.0
21.76,1625449482.0,64.0
20.99,1625449482.0,64.0
19.97,1625449482.0,64.0
18.63,1625449482.0,64.0
17.04,1625449482.0,64.0
15.29,1625449482.0,64.0
13.42,1625449482.0,64.0
11.43,1625449482.0,64.0
9.24,1625449482.0,64.0
6.85,1625449482.0,64.0
4.38,1625449482.0,64.0
2.0,1625449482.0,64.0
-0.11,1625449482.0,64.0
-1.88,1625449482.0,64.0
-3.43,1625449482.0,64.0
-4.96,1625449482.0,64.0
-6.64,1625449482.0,64.0
-8.5,1625449482.0,64.0
-10.41,1625449482.0,64.0
-12.17,1625449482.0,64.0
-13.69,1625449482.0,64.0
-15.05,1625449482.0,64.0
-16.48,1625449482.0,64.0
-18.25,1625449482.0,64.0
-20.53,1625449482.0,64.0
-23.25,1625449482.0,64.0
-26.13,1625449482.0,64.0
-28.68,1625449482.0,64.0
-30.36,1625449482.0,64.0
-30.66,1625449482.0,64.0
-29.26,1625449482.0,64.0
-26.15,1625449482.0,64.0
-21.57,1625449482.0,64.0
-16.02,1625449482.0,64.0
-10.03,1625449482.0,64.0
-4.02,1625449482.0,64.0
1.76,1625449482.0,64.0
7.22,1625449482.0,64.0
12.28,1625449482.0,64.0
16.75,1625449482.0,64.0
20.31,1625449482.0,64.0
22.67,1625449482.0,64.0
23.73,1625449482.0,64.0
23.69,1625449482.0,64.0
22.98,1625449482.0,64.0
22.07,1625449482.0,64.0
21.3,1625449482.0,64.0
20.73,1625449482.0,64.0
20.18,1625449482.0,64.0
19.41,1625449482.0,64.0
18.24,1625449482.0,64.0
16.64,1625449482.0,64.0
14.71,1625449482.0,64.0
12.57,1625449482.0,64.0
10.36,1625449482.0,64.0
8.16,1625449482.0,64.0
6.05,1625449482.0,64.0
4.1,1625449482.0,64.0
2.35,1625449482.0,64.0
0.82,1625449482.0,64.0
-0.53,1625449482.0,64.0
-1.79,1625449482.0,64.0
-3.01,1625449482.0,64.0
-4.22,1625449482.0,64.0
-5.44,1625449482.0,64.0
-6.66,1625449482.0,64.0
-7.92,1625449482.0,64.0
-9.29,1625449482.0,64.0
-10.86,1625449482.0,64.0
-12.7,1625449482.0,64.0
-14.78,1625449482.0,64.0
-17.08,1625449482.0,64.0
-19.53,1625449482.0,64.0
-22.11,1625449482.0,64.0
-24.74,1625449482.0,64.0
-27.26,1625449482.0,64.0
-29.31,1625449482.0,64.0
-30.41,1625449482.0,64.0
-30.08,1625449482.0,64.0
-28.03,1625449482.0,64.0
-24.26,1625449482.0,64.0
-19.1,1625449482.0,64.0
-13.03,1625449482.0,64.0
-6.52,1625449482.0,64.0
0.02,1625449482.0,64.0
6.32,1625449482.0,64.0
12.03,1625449482.0,64.0
16.79,1625449482.0,64.0
20.2,1625449482.0,64.0
22.02,1625449482.0,64.0
22.32,1625449482.0,64.0
21.53,1625449482.0,64.0
20.3,1625449482.0,64.0
19.3,1625449482.0,64.0
18.93,1625449482.0,64.0
19.25,1625449482.0,64.0
20.01,1625449482.0,64.0
20.77,1625449482.0,64.0
21.15,1625449482.0,64.0
20.94,1625449482.0,64.0
20.1,1625449482.0,64.0
18.73,1625449482.0,64.0
16.93,1625449482.0,64.0
14.78,1625449482.0,64.0
12.29,1625449482.0,64.0
9.5,1625449482.0,64.0
6.48,1625449482.0,64.0
3.42,1625449482.0,64.0
0.52,1625449482.0,64.0
-2.06,1625449482.0,64.0
-4.24,1625449482.0,64.0
-6.08,1625449482.0,64.0
-7.66,1625449482.0,64.0
-9.09,1625449482.0,64.0
-10.45,1625449482.0,64.0
-11.76,1625449482.0,64.0
-13.06,1625449482.0,64.0
-14.36,1625449482.0,64.0
-15.69,1625449482.0,64.0
-17.13,1625449482.0,64.0
-18.74,1625449482.0,64.0
-20.6,1625449482.0,64.0
-22.78,1625449482.0,64.0
-25.23,1625449482.0,64.0
-27.7,1625449482.0,64.0
-29.7,1625449482.0,64.0
-30.55,1625449482.0,64.0
-29.64,1625449482.0,64.0
-26.62,1625449482.0,64.0
-21.65,1625449482.0,64.0
-15.32,1625449482.0,64.0
-8.5,1625449482.0,64.0
-1.99,1625449482.0,64.0
3.68,1625449482.0,64.0
8.35,1625449482.0,64.0
12.11,1625449482.0,64.0
15.12,1625449482.0,64.0
17.45,1625449482.0,64.0
19.12,1625449482.0,64.0
20.13,1625449482.0,64.0
20.59,1625449482.0,64.0
20.69,1625449482.0,64.0
20.65,1625449482.0,64.0
20.6,1625449482.0,64.0
20.55,1625449482.0,64.0
20.34,1625449482.0,64.0
19.77,1625449482.0,64.0
18.72,1625449482.0,64.0
17.17,1625449482.0,64.0
15.23,1625449482.0,64.0
13.07,1625449482.0,64.0
10.81,1625449482.0,64.0
8.55,1625449482.0,64.0
6.31,1625449482.0,64.0
4.08,1625449482.0,64.0
1.89,1625449482.0,64.0
-0.22,1625449482.0,64.0
-2.24,1625449482.0,64.0
-4.16,1625449482.0,64.0
-5.96,1625449482.0,64.0
-7.63,1625449482.0,64.0
-9.15,1625449482.0,64.0
-10.54,1625449482.0,64.0
-11.85,1625449482.0,64.0
-13.2,1625449482.0,64.0
-14.75,1625449482.0,64.0
-16.64,1625449482.0,64.0
-18.94,1625449482.0,64.0
-21.66,1625449482.0,64.0
-24.71,1625449482.0,64.0
-27.93,1625449482.0,64.0
-31.09,1625449482.0,64.0
-33.83,1625449482.0,64.0
-35.69,1625449482.0,64.0
-36.15,1625449482.0,64.0
-34.83,1625449482.0,64.0
-31.63,1625449482.0,64.0
-26.79,1625449482.0,64.0
-20.84,1625449482.0,64.0
-14.38,1625449482.0,64.0
-7.83,1625449482.0,64.0
-1.38,1625449482.0,64.0
4.94,1625449482.0,64.0
11.08,1625449482.0,64.0
16.76,1625449482.0,64.0
21.5,1625449482.0,64.0
24.8,1625449482.0,64.0
26.39,1625449482.0,64.0
26.41,1625449482.0,64.0
25.4,1625449482.0,64.0
24.04,1625449482.0,64.0
22.9,1625449482.0,64.0
22.19,1625449482.0,64.0
21.8,1625449482.0,64.0
21.43,1625449482.0,64.0
20.76,1625449482.0,64.0
19.68,1625449482.0,64.0
18.22,1625449482.0,64.0
16.52,1625449482.0,64.0
14.69,1625449482.0,64.0
12.74,1625449482.0,64.0
10.66,1625449482.0,64.0
8.42,1625449482.0,64.0
6.06,1625449482.0,64.0
3.65,1625449482.0,64.0
1.27,1625449482.0,64.0
-1.05,1625449482.0,64.0
-3.3,1625449482.0,64.0
-5.51,1625449482.0,64.0
-7.72,1625449482.0,64.0
-9.92,1625449482.0,64.0
-12.15,1625449482.0,64.0
-14.43,1625449482.0,64.0
-16.8,1625449482.0,64.0
-19.3,1625449482.0,64.0
-21.9,1625449482.0,64.0
-24.53,1625449482.0,64.0
-27.1,1625449482.0,64.0
-29.54,1625449482.0,64.0
-31.76,1625449482.0,64.0
-33.59,1625449482.0,64.0
-34.77,1625449482.0,64.0
-34.9,1625449482.0,64.0
-33.56,1625449482.0,64.0
-30.49,1625449482.0,64.0
-25.78,1625449482.0,64.0
-19.81,1625449482.0,64.0
-13.17,1625449482.0,64.0
-6.45,1625449482.0,64.0
-0.05,1625449482.0,64.0
5.85,1625449482.0,64.0
11.15,1625449482.0,64.0
15.73,1625449482.0,64.0
19.4,1625449482.0,64.0
21.93,1625449482.0,64.0
23.23,1625449482.0,64.0
23.4,1625449482.0,64.0
22.8,1625449482.0,64.0
21.86,1625449482.0,64.0
20.98,1625449482.0,64.0
20.4,1625449482.0,64.0
20.14,1625449482.0,64.0
20.04,1625449482.0,64.0
19.82,1625449482.0,64.0
19.21,1625449482.0,64.0
18.02,1625449482.0,64.0
16.19,1625449482.0,64.0
13.86,1625449482.0,64.0
11.28,1625449482.0,64.0
8.77,1625449482.0,64.0
6.57,1625449482.0,64.0
4.79,1625449482.0,64.0
3.41,1625449482.0,64.0
2.33,1625449482.0,64.0
1.43,1625449482.0,64.0
0.57,1625449482.0,64.0
-0.36,1625449482.0,64.0
-1.5,1625449482.0,64.0
-2.99,1625449482.0,64.0
-4.91,1625449482.0,64.0
-7.28,1625449482.0,64.0
-9.99,1625449482.0,64.0
-12.82,1625449482.0,64.0
-15.54,1625449482.0,64.0
-17.98,1625449482.0,64.0
-20.15,1625449482.0,64.0
-22.25,1625449482.0,64.0
-24.55,1625449482.0,64.0
-27.23,1625449482.0,64.0
-30.18,1625449482.0,64.0
-32.95,1625449482.0,64.0
-34.83,1625449482.0,64.0
-35.11,1625449482.0,64.0
-33.34,1625449482.0,64.0
-29.51,1625449482.0,64.0
-24.04,1625449482.0,64.0
-17.53,1625449482.0,64.0
-10.56,1625449482.0,64.0
-3.53,1625449482.0,64.0
3.32,1625449482.0,64.0
9.81,1625449482.0,64.0
15.62,1625449482.0,64.0
20.35,1625449482.0,64.0
23.61,1625449482.0,64.0
25.24,1625449482.0,64.0
25.44,1625449482.0,64.0
24.7,1625449482.0,64.0
23.64,1625449482.0,64.0
22.74,1625449482.0,64.0
22.23,1625449482.0,64.0
22.03,1625449482.0,64.0
21.91,1625449482.0,64.0
21.6,1625449482.0,64.0
20.93,1625449482.0,64.0
19.85,1625449482.0,64.0
18.35,1625449482.0,64.0
16.48,1625449482.0,64.0
14.29,1625449482.0,64.0
11.9,1625449482.0,64.0
9.45,1625449482.0,64.0
7.16,1625449482.0,64.0
5.17,1625449482.0,64.0
3.54,1625449482.0,64.0
2.19,1625449482.0,64.0
0.91,1625449482.0,64.0
-0.55,1625449482.0,64.0
-2.41,1625449482.0,64.0
-4.7,1625449482.0,64.0
-7.31,1625449482.0,64.0
-10.0,1625449482.0,64.0
-12.52,1625449482.0,64.0
-14.7,1625449482.0,64.0
-16.55,1625449482.0,64.0
-18.2,1625449482.0,64.0
-19.9,1625449482.0,64.0
-21.85,1625449482.0,64.0
-24.18,1625449482.0,64.0
-26.79,1625449482.0,64.0
-29.42,1625449482.0,64.0
-31.59,1625449482.0,64.0
-32.8,1625449482.0,64.0
-32.58,1625449482.0,64.0
-30.65,1625449482.0,64.0
-27.03,1625449482.0,64.0
-22.0,1625449482.0,64.0
-16.04,1625449482.0,64.0
-9.63,1625449482.0,64.0
-3.19,1625449482.0,64.0
3.0,1625449482.0,64.0
8.72,1625449482.0,64.0
13.73,1625449482.0,64.0
17.74,1625449482.0,64.0
20.46,1625449482.0,64.0
21.72,1625449482.0,64.0
21.66,1625449482.0,64.0
20.72,1625449482.0,64.0
19.52,1625449482.0,64.0
18.65,1625449482.0,64.0
18.44,1625449482.0,64.0
18.81,1625449482.0,64.0
19.4,1625449482.0,64.0
19.74,1625449482.0,64.0
19.49,1625449482.0,64.0
18.59,1625449482.0,64.0
17.2,1625449482.0,64.0
15.56,1625449482.0,64.0
13.92,1625449482.0,64.0
12.38,1625449482.0,64.0
10.97,1625449482.0,64.0
9.66,1625449482.0,64.0
8.42,1625449482.0,64.0
7.2,1625449482.0,64.0
5.92,1625449482.0,64.0
4.42,1625449482.0,64.0
2.61,1625449482.0,64.0
0.47,1625449482.0,64.0
-1.87,1625449482.0,64.0
-4.18,1625449482.0,64.0
-6.22,1625449482.0,64.0
-7.91,1625449482.0,64.0
-9.31,1625449482.0,64.0
-10.6,1625449482.0,64.0
-12.04,1625449482.0,64.0
-13.82,1625449482.0,64.0
-16.06,1625449482.0,64.0
-18.73,1625449482.0,64.0
-21.6,1625449482.0,64.0
-24.24,1625449482.0,64.0
-26.06,1625449482.0,64.0
-26.45,1625449482.0,64.0
-24.96,1625449482.0,64.0
-21.53,1625449482.0,64.0
-16.51,1625449482.0,64.0
-10.54,1625449482.0,64.0
-4.34,1625449482.0,64.0
1.58,1625449482.0,64.0
6.89,1625449482.0,64.0
11.49,1625449482.0,64.0
15.3,1625449482.0,64.0
18.2,1625449482.0,64.0
20.05,1625449482.0,64.0
20.79,1625449482.0,64.0
20.59,1625449482.0,64.0
19.81,1625449482.0,64.0
18.91,1625449482.0,64.0
18.27,1625449482.0,64.0
18.07,1625449482.0,64.0
18.21,1625449482.0,64.0
18.46,1625449482.0,64.0
18.52,1625449482.0,64.0
18.17,1625449482.0,64.0
17.32,1625449482.0,64.0
16.0,1625449482.0,64.0
14.37,1625449482.0,64.0
12.61,1625449482.0,64.0
10.92,1625449482.0,64.0
9.35,1625449482.0,64.0
7.82,1625449482.0,64.0
6.12,1625449482.0,64.0
4.01,1625449482.0,64.0
1.42,1625449482.0,64.0
-1.5,1625449482.0,64.0
-4.37,1625449482.0,64.0
-6.77,1625449482.0,64.0
-8.44,1625449482.0,64.0
-9.48,1625449482.0,64.0
-10.26,1625449482.0,64.0
-11.34,1625449482.0,64.0
-13.1,1625449482.0,64.0
-15.67,1625449482.0,64.0
-18.82,1625449482.0,64.0
-22.11,1625449482.0,64.0
-25.09,1625449482.0,64.0
-27.35,1625449482.0,64.0
-28.54,1625449482.0,64.0
-28.4,1625449482.0,64.0
-26.73,1625449482.0,64.0
-23.51,1625449482.0,64.0
-18.9,1625449482.0,64.0
-13.28,1625449482.0,64.0
-7.17,1625449482.0,64.0
-1.04,1625449482.0,64.0
4.74,1625449482.0,64.0
9.95,1625449482.0,64.0
14.43,1625449482.0,64.0
18.03,1625449482.0,64.0
20.57,1625449482.0,64.0
21.95,1625449482.0,64.0
22.26,1625449482.0,64.0
21.77,1625449482.0,64.0
20.88,1625449482.0,64.0
19.97,1625449482.0,64.0
19.26,1625449482.0,64.0
18.79,1625449482.0,64.0
18.46,1625449482.0,64.0
18.11,1625449482.0,64.0
17.59,1625449482.0,64.0
16.79,1625449482.0,64.0
15.67,1625449482.0,64.0
14.22,1625449482.0,64.0
12.44,1625449482.0,64.0
10.39,1625449482.0,64.0
8.15,1625449482.0,64.0
5.83,1625449482.0,64.0
3.49,1625449482.0,64.0
1.21,1625449482.0,64.0
-0.98,1625449482.0,64.0
-3.06,1625449482.0,64.0
-5.0,1625449482.0,64.0
-6.86,1625449482.0,64.0
-8.7,1625449482.0,64.0
-10.64,1625449482.0,64.0
-12.79,1625449482.0,64.0
-15.19,1625449482.0,64.0
-17.82,1625449482.0,64.0
-20.59,1625449482.0,64.0
-23.38,1625449482.0,64.0
-26.07,1625449482.0,64.0
-28.48,1625449482.0,64.0
-30.39,1625449482.0,64.0
-31.5,1625449482.0,64.0
-31.49,1625449482.0,64.0
-30.13,1625449482.0,64.0
-27.3,1625449482.0,64.0
-23.15,1625449482.0,64.0
-18.0,1625449482.0,64.0
-12.26,1625449482.0,64.0
-6.26,1625449482.0,64.0
-0.26,1625449482.0,64.0
5.59,1625449482.0,64.0
11.13,1625449482.0,64.0
16.09,1625449482.0,64.0
20.12,1625449482.0,64.0
22.93,1625449482.0,64.0
24.37,1625449482.0,64.0
24.61,1625449482.0,64.0
24.02,1625449482.0,64.0
23.11,1625449482.0,64.0
22.3,1625449482.0,64.0
21.77,1625449482.0,64.0
21.44,1625449482.0,64.0
21.08,1625449482.0,64.0
20.45,1625449482.0,64.0
19.38,1625449482.0,64.0
17.85,1625449482.0,64.0
16.01,1625449482.0,64.0
13.99,1625449482.0,64.0
11.95,1625449482.0,64.0
9.93,1625449482.0,64.0
7.89,1625449482.0,64.0
5.81,1625449482.0,64.0
3.68,1625449482.0,64.0
1.58,1625449482.0,64.0
-0.36,1625449482.0,64.0
-2.05,1625449482.0,64.0
-3.49,1625449482.0,64.0
-4.8,1625449482.0,64.0
-6.17,1625449482.0,64.0
-7.79,1625449482.0,64.0
-9.78,1625449482.0,64.0
-12.12,1625449482.0,64.0
-14.75,1625449482.0,64.0
-17.56,1625449482.0,64.0
-20.5,1625449482.0,64.0
-23.45,1625449482.0,64.0
-26.23,1625449482.0,64.0
-28.5,1625449482.0,64.0
-29.78,1625449482.0,64.0
-29.64,1625449482.0,64.0
-27.85,1625449482.0,64.0
-24.49,1625449482.0,64.0
-19.93,1625449482.0,64.0
-14.64,1625449482.0,64.0
-9.01,1625449482.0,64.0
-3.25,1625449482.0,64.0
2.62,1625449482.0,64.0
8.5,1625449482.0,64.0
14.1,1625449482.0,64.0
18.87,1625449482.0,64.0
22.2,1625449482.0,64.0
23.7,1625449482.0,64.0
23.39,1625449482.0,64.0
21.8,1625449482.0,64.0
19.73,1625449482.0,64.0
17.91,1625449482.0,64.0
16.79,1625449482.0,64.0
16.38,1625449482.0,64.0
16.42,1625449482.0,64.0
16.55,1625449482.0,64.0
16.47,1625449482.0,64.0
16.06,1625449482.0,64.0
15.36,1625449482.0,64.0
14.43,1625449482.0,64.0
13.31,1625449482.0,64.0
11.98,1625449482.0,64.0
10.41,1625449482.0,64.0
8.56,1625449482.0,64.0
6.45,1625449482.0,64.0
4.15,1625449482.0,64.0
1.77,1625449482.0,64.0
-0.57,1625449482.0,64.0
-2.81,1625449482.0,64.0
-4.95,1625449482.0,64.0
-7.04,1625449482.0,64.0
-9.2,1625449482.0,64.0
-11.46,1625449482.0,64.0
-13.81,1625449482.0,64.0
-16.13,1625449482.0,64.0
-18.35,1625449482.0,64.0
-20.45,1625449482.0,64.0
-22.58,1625449482.0,64.0
-24.9,1625449482.0,64.0
-27.45,1625449482.0,64.0
-30.0,1625449482.0,64.0
-32.02,1625449482.0,64.0
-32.87,1625449482.0,64.0
-32.01,1625449482.0,64.0
-29.22,1625449482.0,64.0
-24.7,1625449482.0,64.0
-18.96,1625449482.0,64.0
-12.6,1625449482.0,64.0
-6.11,1625449482.0,64.0
0.22,1625449482.0,64.0
6.23,1625449482.0,64.0
11.76,1625449482.0,64.0
16.56,1625449482.0,64.0
20.29,1625449482.0,64.0
22.68,1625449482.0,64.0
23.67,1625449482.0,64.0
23.49,1625449482.0,64.0
22.61,1625449482.0,64.0
21.55,1625449482.0,64.0
20.69,1625449482.0,64.0
20.16,1625449482.0,64.0
19.79,1625449482.0,64.0
19.28,1625449482.0,64.0
18.37,1625449482.0,64.0
16.94,1625449482.0,64.0
15.05,1625449482.0,64.0
12.91,1625449482.0,64.0
10.72,1625449482.0,64.0
8.64,1625449482.0,64.0
6.71,1625449482.0,64.0
4.94,1625449482.0,64.0
3.25,1625449482.0,64.0
1.59,1625449482.0,64.0
-0.09,1625449482.0,64.0
-1.82,1625449482.0,64.0
-3.6,1625449482.0,64.0
-5.41,1625449482.0,64.0
-7.17,1625449482.0,64.0
-8.82,1625449482.0,64.0
-10.34,1625449482.0,64.0
-11.77,1625449482.0,64.0
-13.22,1625449482.0,64.0
-14.82,1625449482.0,64.0
-16.7,1625449482.0,64.0
-18.86,1625449482.0,64.0
-21.24,1625449482.0,64.0
-23.61,1625449482.0,64.0
-25.66,1625449482.0,64.0
-27.03,1625449482.0,64.0
-27.29,1625449482.0,64.0
-26.13,1625449482.0,64.0
-23.39,1625449482.0,64.0
-19.16,1625449482.0,64.0
-13.77,1625449482.0,64.0
-7.72,1625449482.0,64.0
-1.47,1625449482.0,64.0
4.55,1625449482.0,64.0
10.1,1625449482.0,64.0
14.95,1625449482.0,64.0
18.91,1625449482.0,64.0
21.78,1625449482.0,64.0
23.45,1625449482.0,64.0
23.97,1625449482.0,64.0
23.64,1625449482.0,64.0
22.92,1625449482.0,64.0
22.27,1625449482.0,64.0
21.94,1625449482.0,64.0
21.94,1625449482.0,64.0
21.99,1625449482.0,64.0
21.75,1625449482.0,64.0
20.96,1625449482.0,64.0
19.59,1625449482.0,64.0
17.84,1625449482.0,64.0
16.04,1625449482.0,64.0
14.48,1625449482.0,64.0
13.26,1625449482.0,64.0
12.2,1625449482.0,64.0
10.99,1625449482.0,64.0
9.33,1625449482.0,64.0
7.16,1625449482.0,64.0
4.64,1625449482.0,64.0
2.13,1625449482.0,64.0
-0.07,1625449482.0,64.0
-1.85,1625449482.0,64.0
-3.38,1625449482.0,64.0
-5.0,1625449482.0,64.0
-6.98,1625449482.0,64.0
-9.42,1625449482.0,64.0
-12.22,1625449482.0,64.0
-15.2,1625449482.0,64.0
-18.23,1625449482.0,64.0
-21.3,1625449482.0,64.0
-24.4,1625449482.0,64.0
-27.35,1625449482.0,64.0
-29.74,1625449482.0,64.0
-30.98,1625449482.0,64.0
-30.56,1625449482.0,64.0
-28.25,1625449482.0,64.0
-24.24,1625449482.0,64.0
-19.05,1625449482.0,64.0
-13.29,1625449482.0,64.0
-7.42,1625449482.0,64.0
-1.66,1625449482.0,64.0
3.92,1625449482.0,64.0
9.23,1625449482.0,64.0
14.05,1625449482.0,64.0
17.99,1625449482.0,64.0
20.69,1625449482.0,64.0
22.01,1625449482.0,64.0
22.14,1625449482.0,64.0
21.57,1625449482.0,64.0
20.85,1625449482.0,64.0
20.39,1625449482.0,64.0
20.33,1625449482.0,64.0
20.48,1625449482.0,64.0
20.55,1625449482.0,64.0
20.24,1625449482.0,64.0
19.42,1625449482.0,64.0
18.12,1625449482.0,64.0
16.46,1625449482.0,64.0
14.55,1625449482.0,64.0
12.49,1625449482.0,64.0
10.29,1625449482.0,64.0
8.0,1625449482.0,64.0
5.7,1625449482.0,64.0
3.5,1625449482.0,64.0
1.47,1625449482.0,64.0
-0.38,1625449482.0,64.0
-2.07,1625449482.0,64.0
-3.63,1625449482.0,64.0
-5.1,1625449482.0,64.0
-6.54,1625449482.0,64.0
-8.03,1625449482.0,64.0
-9.73,1625449482.0,64.0
-11.81,1625449482.0,64.0
-14.39,1625449482.0,64.0
-17.45,1625449482.0,64.0
-20.87,1625449482.0,64.0
-24.4,1625449482.0,64.0
-27.79,1625449482.0,64.0
-30.74,1625449482.0,64.0
-32.94,1625449482.0,64.0
-34.04,1625449482.0,64.0
-33.68,1625449482.0,64.0
-31.61,1625449482.0,64.0
-27.79,1625449482.0,64.0
-22.46,1625449482.0,64.0
-16.06,1625449482.0,64.0
-9.1,1625449482.0,64.0
-2.0,1625449482.0,64.0
4.93,1625449482.0,64.0
11.44,1625449482.0,64.0
17.24,1625449482.0,64.0
21.99,1625449482.0,64.0
25.33,1625449482.0,64.0
27.09,1625449482.0,64.0
27.36,1625449482.0,64.0
26.56,1625449482.0,64.0
25.25,1625449482.0,64.0
23.93,1625449482.0,64.0
22.92,1625449482.0,64.0
22.29,1625449482.0,64.0
21.87,1625449482.0,64.0
21.42,1625449482.0,64.0
20.71,1625449482.0,64.0
19.57,1625449482.0,64.0
17.97,1625449482.0,64.0
15.94,1625449482.0,64.0
13.63,1625449482.0,64.0
11.2,1625449482.0,64.0
8.85,1625449482.0,64.0
6.67,1625449482.0,64.0
4.64,1625449482.0,64.0
2.68,1625449482.0,64.0
0.65,1625449482.0,64.0
-1.54,1625449482.0,64.0
-3.84,1625449482.0,64.0
-6.15,1625449482.0,64.0
-8.35,1625449482.0,64.0
-10.38,1625449482.0,64.0
-12.33,1625449482.0,64.0
-14.36,1625449482.0,64.0
-16.61,1625449482.0,64.0
-19.11,1625449482.0,64.0
-21.74,1625449482.0,64.0
-24.31,1625449482.0,64.0
-26.68,1625449482.0,64.0
-28.84,1625449482.0,64.0
-30.79,1625449482.0,64.0
-32.47,1625449482.0,64.0
-33.62,1625449482.0,64.0
-33.78,1625449482.0,64.0
-32.43,1625449482.0,64.0
-29.25,1625449482.0,64.0
-24.3,1625449482.0,64.0
-17.98,1625449482.0,64.0
-10.89,1625449482.0,64.0
-3.61,1625449482.0,64.0
3.44,1625449482.0,64.0
9.96,1625449482.0,64.0
15.68,1625449482.0,64.0
20.29,1625449482.0,64.0
23.53,1625449482.0,64.0
25.31,1625449482.0,64.0
25.82,1625449482.0,64.0
25.5,1625449482.0,64.0
24.87,1625449482.0,64.0
24.37,1625449482.0,64.0
24.17,1625449482.0,64.0
24.19,1625449482.0,64.0
24.18,1625449482.0,64.0
23.85,1625449482.0,64.0
23.02,1625449482.0,64.0
21.58,1625449482.0,64.0
19.57,1625449482.0,64.0
17.09,1625449482.0,64.0
14.32,1625449482.0,64.0
11.49,1625449482.0,64.0
8.83,1625449482.0,64.0
6.52,1625449482.0,64.0
4.57,1625449482.0,64.0
2.86,1625449482.0,64.0
1.18,1625449482.0,64.0
-0.67,1625449482.0,64.0
-2.76,1625449482.0,64.0
-5.02,1625449482.0,64.0
-7.32,1625449482.0,64.0
-9.51,1625449482.0,64.0
-11.52,1625449482.0,64.0
-13.38,1625449482.0,64.0
-15.13,1625449482.0,64.0
-16.81,1625449482.0,64.0
-18.39,1625449482.0,64.0
-19.91,1625449482.0,64.0
-21.45,1625449482.0,64.0
-23.23,1625449482.0,64.0
-25.43,1625449482.0,64.0
-28.08,1625449482.0,64.0
-30.91,1625449482.0,64.0
-33.37,1625449482.0,64.0
-34.77,1625449482.0,64.0
-34.51,1625449482.0,64.0
-32.35,1625449482.0,64.0
-28.42,1625449482.0,64.0
-23.16,1625449482.0,64.0
-17.13,1625449482.0,64.0
-10.75,1625449482.0,64.0
-4.31,1625449482.0,64.0
2.02,1625449482.0,64.0
8.06,1625449482.0,64.0
13.49,1625449482.0,64.0
17.95,1625449482.0,64.0
21.08,1625449482.0,64.0
22.78,1625449482.0,64.0
23.2,1625449482.0,64.0
22.75,1625449482.0,64.0
21.92,1625449482.0,64.0
21.08,1625449482.0,64.0
20.41,1625449482.0,64.0
19.86,1625449482.0,64.0
19.25,1625449482.0,64.0
18.41,1625449482.0,64.0
17.2,1625449482.0,64.0
15.61,1625449482.0,64.0
13.73,1625449482.0,64.0
11.65,1625449482.0,64.0
9.52,1625449482.0,64.0
7.43,1625449482.0,64.0
5.49,1625449482.0,64.0
3.78,1625449482.0,64.0
2.37,1625449482.0,64.0
1.25,1625449482.0,64.0
0.35,1625449482.0,64.0
-0.47,1625449482.0,64.0
-1.38,1625449482.0,64.0
-2.52,1625449482.0,64.0
-3.94,1625449482.0,64.0
-5.59,1625449482.0,64.0
-7.38,1625449482.0,64.0
-9.21,1625449482.0,64.0
-11.03,1625449482.0,64.0
-12.86,1625449482.0,64.0
-14.74,1625449482.0,64.0
-16.69,1625449482.0,64.0
-18.77,1625449482.0,64.0
-21.02,1625449482.0,64.0
-23.47,1625449482.0,64.0
-26.1,1625449482.0,64.0
-28.68,1625449482.0,64.0
-30.76,1625449482.0,64.0
-31.78,1625449482.0,64.0
-31.17,1625449482.0,64.0
-28.65,1625449482.0,64.0
-24.33,1625449482.0,64.0
-18.66,1625449482.0,64.0
-12.26,1625449482.0,64.0
-5.71,1625449482.0,64.0
0.61,1625449482.0,64.0
6.47,1625449482.0,64.0
11.71,1625449482.0,64.0
16.1,1625449482.0,64.0
19.4,1625449482.0,64.0
21.43,1625449482.0,64.0
22.23,1625449482.0,64.0
22.09,1625449482.0,64.0
21.47,1625449482.0,64.0
20.85,1625449482.0,64.0
20.51,1625449482.0,64.0
20.53,1625449482.0,64.0
20.77,1625449482.0,64.0
21.0,1625449482.0,64.0
20.97,1625449482.0,64.0
20.52,1625449482.0,64.0
19.58,1625449482.0,64.0
18.12,1625449482.0,64.0
16.24,1625449482.0,64.0
14.09,1625449482.0,64.0
11.86,1625449482.0,64.0
9.77,1625449482.0,64.0
7.95,1625449482.0,64.0
6.42,1625449482.0,64.0
5.05,1625449482.0,64.0
3.65,1625449482.0,64.0
2.1,1625449482.0,64.0
0.33,1625449482.0,64.0
-1.61,1625449482.0,64.0
-3.62,1625449482.0,64.0
-5.64,1625449482.0,64.0
-7.64,1625449482.0,64.0
-9.65,1625449482.0,64.0
-11.69,1625449482.0,64.0
-13.73,1625449482.0,64.0
-15.78,1625449482.0,64.0
-17.83,1625449482.0,64.0
-19.96,1625449482.0,64.0
-22.26,1625449482.0,64.0
-24.7,1625449482.0,64.0
-27.02,1625449482.0,64.0
-28.7,1625449482.0,64.0
-29.12,1625449482.0,64.0
-27.75,1625449482.0,64.0
-24.46,1625449482.0,64.0
-19.57,1625449482.0,64.0
-13.73,1625449482.0,64.0
-7.67,1625449482.0,64.0
-1.92,1625449482.0,64.0
3.3,1625449482.0,64.0
7.98,1625449482.0,64.0
12.2,1625449482.0,64.0
15.89,1625449482.0,64.0
18.82,1625449482.0,64.0
20.73,1625449482.0,64.0
21.5,1625449482.0,64.0
21.3,1625449482.0,64.0
20.51,1625449482.0,64.0
19.52,1625449482.0,64.0
18.61,1625449482.0,64.0
17.82,1625449482.0,64.0
17.02,1625449482.0,64.0
16.1,1625449482.0,64.0
15.04,1625449482.0,64.0
13.91,1625449482.0,64.0
12.74,1625449482.0,64.0
11.47,1625449482.0,64.0
9.93,1625449482.0,64.0
7.96,1625449482.0,64.0
5.54,1625449482.0,64.0
2.84,1625449482.0,64.0
0.19,1625449482.0,64.0
-2.1,1625449482.0,64.0
-3.85,1625449482.0,64.0
-5.07,1625449482.0,64.0
-5.96,1625449482.0,64.0
-6.74,1625449482.0,64.0
-7.61,1625449482.0,64.0
-8.73,1625449482.0,64.0
-10.14,1625449482.0,64.0
-11.87,1625449482.0,64.0
-13.9,1625449482.0,64.0
-16.23,1625449482.0,64.0
-18.86,1625449482.0,64.0
-21.75,1625449482.0,64.0
-24.85,1625449482.0,64.0
-27.98,1625449482.0,64.0
-30.82,1625449482.0,64.0
-32.93,1625449482.0,64.0
-33.82,1625449482.0,64.0
-33.14,1625449482.0,64.0
-30.77,1625449482.0,64.0
-26.86,1625449482.0,64.0
-21.8,1625449482.0,64.0
-15.98,1625449482.0,64.0
-9.75,1625449482.0,64.0
-3.28,1625449482.0,64.0
3.34,1625449482.0,64.0
9.96,1625449482.0,64.0
16.26,1625449482.0,64.0
21.76,1625449482.0,64.0
25.93,1625449482.0,64.0
28.41,1625449482.0,64.0
29.17,1625449482.0,64.0
28.57,1625449482.0,64.0
27.19,1625449482.0,64.0
25.69,1625449482.0,64.0
24.51,1625449482.0,64.0
23.77,1625449482.0,64.0
23.27,1625449482.0,64.0
22.63,1625449482.0,64.0
21.51,1625449482.0,64.0
19.78,1625449482.0,64.0
17.55,1625449482.0,64.0
15.14,1625449482.0,64.0
12.92,1625449482.0,64.0
11.11,1625449482.0,64.0
9.73,1625449482.0,64.0
8.6,1625449482.0,64.0
7.38,1625449482.0,64.0
5.8,1625449482.0,64.0
3.72,1625449482.0,64.0
1.23,1625449482.0,64.0
-1.46,1625449482.0,64.0
-4.08,1625449482.0,64.0
-6.46,1625449482.0,64.0
-8.62,1625449482.0,64.0
-10.71,1625449482.0,64.0
-12.93,1625449482.0,64.0
-15.41,1625449482.0,64.0
-18.13,1625449482.0,64.0
-20.98,1625449482.0,64.0
-23.87,1625449482.0,64.0
-26.73,1625449482.0,64.0
-29.55,1625449482.0,64.0
-32.25,1625449482.0,64.0
-34.58,1625449482.0,64.0
-36.03,1625449482.0,64.0
-36.04,1625449482.0,64.0
-34.22,1625449482.0,64.0
-30.5,1625449482.0,64.0
-25.24,1625449482.0,64.0
-19.03,1625449482.0,64.0
-12.5,1625449482.0,64.0
-6.05,1625449482.0,64.0
0.18,1625449482.0,64.0
6.16,1625449482.0,64.0
11.84,1625449482.0,64.0
16.97,1625449482.0,64.0
21.17,1625449482.0,64.0
24.06,1625449482.0,64.0
25.48,1625449482.0,64.0
25.61,1625449482.0,64.0
24.81,1625449482.0,64.0
23.59,1625449482.0,64.0
22.31,1625449482.0,64.0
21.2,1625449482.0,64.0
20.28,1625449482.0,64.0
19.51,1625449482.0,64.0
18.82,1625449482.0,64.0
18.15,1625449482.0,64.0
17.44,1625449482.0,64.0
16.55,1625449482.0,64.0
15.35,1625449482.0,64.0
13.67,1625449482.0,64.0
11.39,1625449482.0,64.0
8.53,1625449482.0,64.0
5.17,1625449482.0,64.0
1.55,1625449482.0,64.0
-2.04,1625449482.0,64.0
-5.27,1625449482.0,64.0
-7.85,1625449482.0,64.0
-9.64,1625449482.0,64.0
-10.66,1625449482.0,64.0
-11.11,1625449482.0,64.0
-11.32,1625449482.0,64.0
-11.61,1625449482.0,64.0
-12.24,1625449482.0,64.0
-13.33,1625449482.0,64.0
-14.96,1625449482.0,64.0
-17.14,1625449482.0,64.0
-19.9,1625449482.0,64.0
-23.14,1625449482.0,64.0
-26.62,1625449482.0,64.0
-29.83,1625449482.0,64.0
-32.12,1625449482.0,64.0
-32.87,1625449482.0,64.0
-31.7,1625449482.0,64.0
-28.63,1625449482.0,64.0
-24.03,1625449482.0,64.0
-18.43,1625449482.0,64.0
-12.32,1625449482.0,64.0
-5.99,1625449482.0,64.0
0.42,1625449482.0,64.0
6.8,1625449482.0,64.0
12.93,1625449482.0,64.0
18.45,1625449482.0,64.0
22.9,1625449482.0,64.0
25.99,1625449482.0,64.0
27.65,1625449482.0,64.0
28.15,1625449482.0,64.0
27.9,1625449482.0,64.0
27.34,1625449482.0,64.0
26.79,1625449482.0,64.0
26.34,1625449482.0,64.0
25.88,1625449482.0,64.0
25.22,1625449482.0,64.0
24.13,1625449482.0,64.0
22.47,1625449482.0,64.0
20.2,1625449482.0,64.0
17.42,1625449482.0,64.0
14.34,1625449482.0,64.0
11.18,1625449482.0,64.0
8.19,1625449482.0,64.0
5.52,1625449482.0,64.0
3.22,1625449482.0,64.0
1.31,1625449482.0,64.0
-0.31,1625449482.0,64.0
-1.71,1625449482.0,64.0
-2.98,1625449482.0,64.0
-4.18,1625449482.0,64.0
-5.35,1625449482.0,64.0
-6.59,1625449482.0,64.0
-8.02,1625449482.0,64.0
-9.77,1625449482.0,64.0
-11.92,1625449482.0,64.0
-14.48,1625449482.0,64.0
-17.34,1625449482.0,64.0
-20.31,1625449482.0,64.0
-23.23,1625449482.0,64.0
-26.03,1625449482.0,64.0
-28.69,1625449482.0,64.0
-31.13,1625449482.0,64.0
-33.15,1625449482.0,64.0
-34.32,1625449482.0,64.0
-34.15,1625449482.0,64.0
-32.22,1625449482.0,64.0
-28.42,1625449482.0,64.0
-22.99,1625449482.0,64.0
-16.44,1625449482.0,64.0
-9.38,1625449482.0,64.0
-2.33,1625449482.0,64.0
4.39,1625449482.0,64.0
10.6,1625449482.0,64.0
16.12,1625449482.0,64.0
20.75,1625449482.0,64.0
24.19,1625449482.0,64.0
26.22,1625449482.0,64.0
26.8,1625449482.0,64.0
26.19,1625449482.0,64.0
24.86,1625449482.0,64.0
23.41,1625449482.0,64.0
22.34,1625449482.0,64.0
21.85,1625449482.0,64.0
21.87,1625449482.0,64.0
22.08,1625449482.0,64.0
22.11,1625449482.0,64.0
21.64,1625449482.0,64.0
20.52,1625449482.0,64.0
18.78,1625449482.0,64.0
16.52,1625449482.0,64.0
13.95,1625449482.0,64.0
11.28,1625449482.0,64.0
8.73,1625449482.0,64.0
6.46,1625449482.0,64.0
4.57,1625449482.0,64.0
3.05,1625449482.0,64.0
1.78,1625449482.0,64.0
0.61,1625449482.0,64.0
-0.61,1625449482.0,64.0
-1.93,1625449482.0,64.0
-3.39,1625449482.0,64.0
-4.97,1625449482.0,64.0
-6.65,1625449482.0,64.0
-8.47,1625449482.0,64.0
-10.44,1625449482.0,64.0
-12.6,1625449482.0,64.0
-14.97,1625449482.0,64.0
-17.53,1625449482.0,64.0
-20.16,1625449482.0,64.0
-22.62,1625449482.0,64.0
-24.49,1625449482.0,64.0
-25.27,1625449482.0,64.0
-24.51,1625449482.0,64.0
-21.96,1625449482.0,64.0
-17.73,1625449482.0,64.0
-12.25,1625449482.0,64.0
-6.11,1625449482.0,64.0
0.08,1625449482.0,64.0
5.89,1625449482.0,64.0
11.01,1625449482.0,64.0
15.29,1625449482.0,64.0
18.55,1625449482.0,64.0
20.68,1625449482.0,64.0
21.62,1625449482.0,64.0
21.51,1625449482.0,64.0
20.69,1625449482.0,64.0
19.63,1625449482.0,64.0
18.8,1625449482.0,64.0
18.45,1625449482.0,64.0
18.57,1625449482.0,64.0
18.89,1625449482.0,64.0
19.02,1625449482.0,64.0
18.65,1625449482.0,64.0
17.64,1625449482.0,64.0
16.1,1625449482.0,64.0
14.27,1625449482.0,64.0
12.42,1625449482.0,64.0
10.71,1625449482.0,64.0
9.09,1625449482.0,64.0
7.44,1625449482.0,64.0
5.61,1625449482.0,64.0
3.51,1625449482.0,64.0
1.14,1625449482.0,64.0
-1.42,1625449482.0,64.0
-4.05,1625449482.0,64.0
-6.64,1625449482.0,64.0
-9.07,1625449482.0,64.0
-11.3,1625449482.0,64.0
-13.32,1625449482.0,64.0
-15.24,1625449482.0,64.0
-17.24,1625449482.0,64.0
-19.51,1625449482.0,64.0
-22.18,1625449482.0,64.0
-25.18,1625449482.0,64.0
-28.23,1625449482.0,64.0
-30.88,1625449482.0,64.0
-32.6,1625449482.0,64.0
-32.95,1625449482.0,64.0
-31.67,1625449482.0,64.0
-28.72,1625449482.0,64.0
-24.28,1625449482.0,64.0
-18.7,1625449482.0,64.0
-12.41,1625449482.0,64.0
-5.81,1625449482.0,64.0
0.76,1625449482.0,64.0
7.09,1625449482.0,64.0
12.95,1625449482.0,64.0
18.09,1625449482.0,64.0
22.19,1625449482.0,64.0
24.97,1625449482.0,64.0
26.25,1625449482.0,64.0
26.15,1625449482.0,64.0
25.07,1625449482.0,64.0
23.56,1625449482.0,64.0
22.15,1625449482.0,64.0
21.14,1625449482.0,64.0
20.53,1625449482.0,64.0
20.09,1625449482.0,64.0
19.49,1625449482.0,64.0
18.53,1625449482.0,64.0
17.17,1625449482.0,64.0
15.53,1625449482.0,64.0
13.76,1625449482.0,64.0
11.92,1625449482.0,64.0
9.98,1625449482.0,64.0
7.82,1625449482.0,64.0
5.4,1625449482.0,64.0
2.75,1625449482.0,64.0
0.02,1625449482.0,64.0
-2.59,1625449482.0,64.0
-4.92,1625449482.0,64.0
-6.95,1625449482.0,64.0
-8.75,1625449482.0,64.0
-10.51,1625449482.0,64.0
-12.41,1625449482.0,64.0
-14.52,1625449482.0,64.0
-16.88,1625449482.0,64.0
-19.39,1625449482.0,64.0
-21.98,1625449482.0,64.0
-24.58,1625449482.0,64.0
-27.12,1625449482.0,64.0
-29.5,1625449482.0,64.0
-31.46,1625449482.0,64.0
-32.6,1625449482.0,64.0
-32.44,1625449482.0,64.0
-30.62,1625449482.0,64.0
-27.06,1625449482.0,64.0
-22.04,1625449482.0,64.0
-16.1,1625449482.0,64.0
-9.81,1625449482.0,64.0
-3.6,1625449482.0,64.0
2.35,1625449482.0,64.0
8.02,1625449482.0,64.0
13.36,1625449482.0,64.0
18.14,1625449482.0,64.0
21.98,1625449482.0,64.0
24.46,1625449482.0,64.0
25.41,1625449482.0,64.0
25.05,1625449482.0,64.0
23.92,1625449482.0,64.0
22.69,1625449482.0,64.0
21.87,1625449482.0,64.0
21.62,1625449482.0,64.0
21.69,1625449482.0,64.0
21.64,1625449482.0,64.0
21.02,1625449482.0,64.0
19.6,1625449482.0,64.0
17.44,1625449482.0,64.0
14.78,1625449482.0,64.0
11.95,1625449482.0,64.0
9.2,1625449482.0,64.0
6.68,1625449482.0,64.0
4.36,1625449482.0,64.0
2.2,1625449482.0,64.0
0.14,1625449482.0,64.0
-1.85,1625449482.0,64.0
-3.74,1625449482.0,64.0
-5.49,1625449482.0,64.0
-7.14,1625449482.0,64.0
-8.81,1625449482.0,64.0
-10.68,1625449482.0,64.0
-12.92,1625449482.0,64.0
-15.58,1625449482.0,64.0
-18.59,1625449482.0,64.0
-21.76,1625449482.0,64.0
-24.93,1625449482.0,64.0
-28.0,1625449482.0,64.0
-30.92,1625449482.0,64.0
-33.59,1625449482.0,64.0
-35.78,1625449482.0,64.0
-37.11,1625449482.0,64.0
-37.12,1625449482.0,64.0
-35.45,1625449482.0,64.0
-31.99,1625449482.0,64.0
-26.95,1625449482.0,64.0
-20.76,1625449482.0,64.0
-13.95,1625449482.0,64.0
-6.96,1625449482.0,64.0
-0.08,1625449482.0,64.0
6.51,1625449482.0,64.0
12.64,1625449482.0,64.0
17.96,1625449482.0,64.0
22.05,1625449482.0,64.0
24.51,1625449482.0,64.0
25.23,1625449482.0,64.0
24.54,1625449482.0,64.0
23.18,1625449482.0,64.0
22.01,1625449482.0,64.0
21.6,1625449482.0,64.0
22.04,1625449482.0,64.0
22.91,1625449482.0,64.0
23.55,1625449482.0,64.0
23.47,1625449482.0,64.0
22.58,1625449482.0,64.0
21.13,1625449482.0,64.0
19.48,1625449482.0,64.0
17.83,1625449482.0,64.0
16.14,1625449482.0,64.0
14.16,1625449482.0,64.0
11.69,1625449482.0,64.0
8.74,1625449482.0,64.0
5.56,1625449482.0,64.0
2.51,1625449482.0,64.0
-0.15,1625449482.0,64.0
-2.3,1625449482.0,64.0
-4.05,1625449482.0,64.0
-5.6,1625449482.0,64.0
-7.13,1625449482.0,64.0
-8.74,1625449482.0,64.0
-10.45,1625449482.0,64.0
-12.23,1625449482.0,64.0
-14.06,1625449482.0,64.0
-15.96,1625449482.0,64.0
-18.05,1625449482.0,64.0
-20.4,1625449482.0,64.0
-23.04,1625449482.0,64.0
-25.82,1625449482.0,64.0
-28.42,1625449482.0,64.0
-30.38,1625449482.0,64.0
-31.25,1625449482.0,64.0
-30.68,1625449482.0,64.0
-28.56,1625449482.0,64.0
-24.98,1625449482.0,64.0
-20.21,1625449482.0,64.0
-14.57,1625449482.0,64.0
-8.39,1625449482.0,64.0
-1.96,1625449482.0,64.0
4.42,1625449482.0,64.0
10.49,1625449482.0,64.0
15.93,1625449482.0,64.0
20.45,1625449482.0,64.0
23.75,1625449482.0,64.0
25.65,1625449482.0,64.0
26.14,1625449482.0,64.0
25.45,1625449482.0,64.0
24.06,1625449482.0,64.0
22.52,1625449482.0,64.0
21.28,1625449482.0,64.0
20.5,1625449482.0,64.0
19.97,1625449482.0,64.0
19.27,1625449482.0,64.0
18.0,1625449482.0,64.0
16.06,1625449482.0,64.0
13.65,1625449482.0,64.0
11.18,1625449482.0,64.0
9.0,1625449482.0,64.0
7.26,1625449482.0,64.0
5.82,1625449482.0,64.0
4.42,1625449482.0,64.0
2.9,1625449482.0,64.0
1.28,1625449482.0,64.0
-0.26,1625449482.0,64.0
-1.54,1625449482.0,64.0
-2.57,1625449482.0,64.0
-3.57,1625449482.0,64.0
-4.87,1625449482.0,64.0
-6.77,1625449482.0,64.0
-9.35,1625449482.0,64.0
-12.44,1625449482.0,64.0
-15.73,1625449482.0,64.0
-18.92,1625449482.0,64.0
-21.9,1625449482.0,64.0
-24.7,1625449482.0,64.0
-27.43,1625449482.0,64.0
-30.13,1625449482.0,64.0
-32.59,1625449482.0,64.0
-34.4,1625449482.0,64.0
-35.05,1625449482.0,64.0
-34.14,1625449482.0,64.0
-31.49,1625449482.0,64.0
-27.22,1625449482.0,64.0
-21.72,1625449482.0,64.0
-15.47,1625449482.0,64.0
-8.94,1625449482.0,64.0
-2.49,1625449482.0,64.0
3.64,1625449482.0,64.0
9.26,1625449482.0,64.0
14.17,1625449482.0,64.0
18.13,1625449482.0,64.0
20.89,1625449482.0,64.0
22.36,1625449482.0,64.0
22.63,1625449482.0,64.0
22.04,1625449482.0,64.0
21.08,1625449482.0,64.0
20.18,1625449482.0,64.0
19.65,1625449482.0,64.0
19.54,1625449482.0,64.0
19.71,1625449482.0,64.0
19.86,1625449482.0,64.0
19.7,1625449482.0,64.0
19.01,1625449482.0,64.0
17.7,1625449482.0,64.0
15.81,1625449482.0,64.0
13.49,1625449482.0,64.0
10.95,1625449482.0,64.0
8.41,1625449482.0,64.0
6.03,1625449482.0,64.0
3.91,1625449482.0,64.0
2.08,1625449482.0,64.0
0.47,1625449482.0,64.0
-0.98,1625449482.0,64.0
-2.36,1625449482.0,64.0
-3.77,1625449482.0,64.0
-5.25,1625449482.0,64.0
-6.81,1625449482.0,64.0
-8.44,1625449482.0,64.0
-10.12,1625449482.0,64.0
-11.88,1625449482.0,64.0
-13.77,1625449482.0,64.0
-15.86,1625449482.0,64.0
-18.18,1625449482.0,64.0
-20.72,1625449482.0,64.0
-23.33,1625449482.0,64.0
-25.78,1625449482.0,64.0
-27.72,1625449482.0,64.0
-28.74,1625449482.0,64.0
-28.45,1625449482.0,64.0
-26.57,1625449482.0,64.0
-23.06,1625449482.0,64.0
-18.17,1625449482.0,64.0
-12.36,1625449482.0,64.0
-6.19,1625449482.0,64.0
-0.15,1625449482.0,64.0
5.41,1625449482.0,64.0
10.27,1625449482.0,64.0
14.26,1625449482.0,64.0
17.29,1625449482.0,64.0
19.3,1625449482.0,64.0
20.39,1625449482.0,64.0
20.84,1625449482.0,64.0
21.0,1625449482.0,64.0
21.18,1625449482.0,64.0
21.53,1625449482.0,64.0
21.97,1625449482.0,64.0
22.26,1625449482.0,64.0
22.18,1625449482.0,64.0
21.57,1625449482.0,64.0
20.41,1625449482.0,64.0
18.8,1625449482.0,64.0
16.85,1625449482.0,64.0
14.68,1625449482.0,64.0
12.41,1625449482.0,64.0
10.1,1625449482.0,64.0
7.82,1625449482.0,64.0
5.6,1625449482.0,64.0
3.47,1625449482.0,64.0
1.45,1625449482.0,64.0
-0.44,1625449482.0,64.0
-2.15,1625449482.0,64.0
-3.66,1625449482.0,64.0
-4.95,1625449482.0,64.0
-6.08,1625449482.0,64.0
-7.13,1625449482.0,64.0
-8.23,1625449482.0,64.0
-9.56,1625449482.0,64.0
-11.24,1625449482.0,64.0
-13.4,1625449482.0,64.0
-16.13,1625449482.0,64.0
-19.38,1625449482.0,64.0
-22.95,1625449482.0,64.0
-26.45,1625449482.0,64.0
-29.33,1625449482.0,64.0
-31.01,1625449482.0,64.0
-31.06,1625449482.0,64.0
-29.3,1625449482.0,64.0
-25.84,1625449482.0,64.0
-21.05,1625449482.0,64.0
-15.42,1625449482.0,64.0
-9.36,1625449482.0,64.0
-3.15,1625449482.0,64.0
3.06,1625449482.0,64.0
9.14,1625449482.0,64.0
14.83,1625449482.0,64.0
19.76,1625449482.0,64.0
23.49,1625449482.0,64.0
25.7,1625449482.0,64.0
26.35,1625449482.0,64.0
25.76,1625449482.0,64.0
24.46,1625449482.0,64.0
23.02,1625449482.0,64.0
21.84,1625449482.0,64.0
21.04,1625449482.0,64.0
20.43,1625449482.0,64.0
19.73,1625449482.0,64.0
18.69,1625449482.0,64.0
17.24,1625449482.0,64.0
15.49,1625449482.0,64.0
13.65,1625449482.0,64.0
11.91,1625449482.0,64.0
10.29,1625449482.0,64.0
8.72,1625449482.0,64.0
7.01,1625449482.0,64.0
5.05,1625449482.0,64.0
2.83,1625449482.0,64.0
0.47,1625449482.0,64.0
-1.83,1625449482.0,64.0
-3.92,1625449482.0,64.0
-5.75,1625449482.0,64.0
-7.4,1625449482.0,64.0
-9.05,1625449482.0,64.0
-10.87,1625449482.0,64.0
-12.97,1625449482.0,64.0
-15.41,1625449482.0,64.0
-18.17,1625449482.0,64.0
-21.2,1625449482.0,64.0
-24.4,1625449482.0,64.0
-27.64,1625449482.0,64.0
-30.66,1625449482.0,64.0
-33.1,1625449482.0,64.0
-34.52,1625449482.0,64.0
-34.5,1625449482.0,64.0
-32.74,1625449482.0,64.0
-29.22,1625449482.0,64.0
-24.19,1625449482.0,64.0
-18.16,1625449482.0,64.0
-11.66,1625449482.0,64.0
-5.16,1625449482.0,64.0
1.11,1625449482.0,64.0
7.07,1625449482.0,64.0
12.67,1625449482.0,64.0
17.78,1625449482.0,64.0
22.06,1625449482.0,64.0
25.14,1625449482.0,64.0
26.8,1625449482.0,64.0
27.1,1625449482.0,64.0
26.47,1625449482.0,64.0
25.46,1625449482.0,64.0
24.56,1625449482.0,64.0
23.98,1625449482.0,64.0
23.61,1625449482.0,64.0
23.18,1625449482.0,64.0
22.41,1625449482.0,64.0
21.23,1625449482.0,64.0
19.72,1625449482.0,64.0
18.09,1625449482.0,64.0
16.51,1625449482.0,64.0
15.02,1625449482.0,64.0
13.55,1625449482.0,64.0
12.0,1625449482.0,64.0
10.25,1625449482.0,64.0
8.23,1625449482.0,64.0
5.93,1625449482.0,64.0
3.37,1625449482.0,64.0
0.64,1625449482.0,64.0
-2.18,1625449482.0,64.0
-4.98,1625449482.0,64.0
-7.69,1625449482.0,64.0
-10.25,1625449482.0,64.0
-12.62,1625449482.0,64.0
-14.82,1625449482.0,64.0
-16.89,1625449482.0,64.0
-18.97,1625449482.0,64.0
-21.22,1625449482.0,64.0
-23.79,1625449482.0,64.0
-26.7,1625449482.0,64.0
-29.7,1625449482.0,64.0
-32.37,1625449482.0,64.0
-34.11,1625449482.0,64.0
-34.34,1625449482.0,64.0
-32.68,1625449482.0,64.0
-29.03,1625449482.0,64.0
-23.63,1625449482.0,64.0
-16.98,1625449482.0,64.0
-9.7,1625449482.0,64.0
-2.37,1625449482.0,64.0
4.52,1625449482.0,64.0
10.69,1625449482.0,64.0
15.95,1625449482.0,64.0
20.22,1625449482.0,64.0
23.42,1625449482.0,64.0
25.48,1625449482.0,64.0
26.43,1625449482.0,64.0
26.4,1625449482.0,64.0
25.67,1625449482.0,64.0
24.62,1625449482.0,64.0
23.64,1625449482.0,64.0
22.97,1625449482.0,64.0
22.64,1625449482.0,64.0
22.48,1625449482.0,64.0
22.21,1625449482.0,64.0
21.6,1625449482.0,64.0
20.54,1625449482.0,64.0
19.05,1625449482.0,64.0
17.27,1625449482.0,64.0
15.32,1625449482.0,64.0
13.29,1625449482.0,64.0
11.18,1625449482.0,64.0
8.91,1625449482.0,64.0
6.43,1625449482.0,64.0
3.75,1625449482.0,64.0
0.98,1625449482.0,64.0
-1.76,1625449482.0,64.0
-4.32,1625449482.0,64.0
-6.65,1625449482.0,64.0
-8.75,1625449482.0,64.0
-10.71,1625449482.0,64.0
-12.61,1625449482.0,64.0
-14.55,1625449482.0,64.0
-16.57,1625449482.0,64.0
-18.68,1625449482.0,64.0
-20.9,1625449482.0,64.0
-23.28,1625449482.0,64.0
-25.82,1625449482.0,64.0
-28.42,1625449482.0,64.0
-30.79,1625449482.0,64.0
-32.46,1625449482.0,64.0
-32.91,1625449482.0,64.0
-31.73,1625449482.0,64.0
-28.8,1625449482.0,64.0
-24.31,1625449482.0,64.0
-18.7,1625449482.0,64.0
-12.5,1625449482.0,64.0
-6.1,1625449482.0,64.0
0.28,1625449482.0,64.0
6.52,1625449482.0,64.0
12.44,1625449482.0,64.0
17.74,1625449482.0,64.0
21.99,1625449482.0,64.0
24.77,1625449482.0,64.0
25.95,1625449482.0,64.0
25.73,1625449482.0,64.0
24.63,1625449482.0,64.0
23.32,1625449482.0,64.0
22.34,1625449482.0,64.0
21.94,1625449482.0,64.0
22.01,1625449482.0,64.0
22.21,1625449482.0,64.0
22.12,1625449482.0,64.0
21.47,1625449482.0,64.0
20.11,1625449482.0,64.0
18.13,1625449482.0,64.0
15.69,1625449482.0,64.0
12.99,1625449482.0,64.0
10.22,1625449482.0,64.0
7.52,1625449482.0,64.0
4.99,1625449482.0,64.0
2.69,1625449482.0,64.0
0.62,1625449482.0,64.0
-1.25,1625449482.0,64.0
-3.05,1625449482.0,64.0
-4.92,1625449482.0,64.0
-7.01,1625449482.0,64.0
-9.42,1625449482.0,64.0
-12.11,1625449482.0,64.0
-14.94,1625449482.0,64.0
-17.72,1625449482.0,64.0
-20.26,1625449482.0,64.0
-22.5,1625449482.0,64.0
-24.51,1625449482.0,64.0
-26.51,1625449482.0,64.0
-28.68,1625449482.0,64.0
-31.11,1625449482.0,64.0
-33.61,1625449482.0,64.0
-35.73,1625449482.0,64.0
-36.85,1625449482.0,64.0
-36.41,1625449482.0,64.0
-34.06,1625449482.0,64.0
-29.83,1625449482.0,64.0
-24.12,1625449482.0,64.0
-17.51,1625449482.0,64.0
-10.56,1625449482.0,64.0
-3.69,1625449482.0,64.0
2.9,1625449482.0,64.0
9.05,1625449482.0,64.0
14.52,1625449482.0,64.0
18.96,1625449482.0,64.0
22.02,1625449482.0,64.0
23.54,1625449482.0,64.0
23.7,1625449482.0,64.0
23.02,1625449482.0,64.0
22.14,1625449482.0,64.0
21.59,1625449482.0,64.0
21.55,1625449482.0,64.0
21.83,1625449482.0,64.0
22.03,1625449482.0,64.0
21.76,1625449482.0,64.0
20.81,1625449482.0,64.0
19.23,1625449482.0,64.0
17.23,1625449482.0,64.0
15.05,1625449482.0,64.0
12.85,1625449482.0,64.0
10.72,1625449482.0,64.0
8.66,1625449482.0,64.0
6.64,1625449482.0,64.0
4.68,1625449482.0,64.0
2.77,1625449482.0,64.0
0.92,1625449482.0,64.0
-0.85,1625449482.0,64.0
-2.54,1625449482.0,64.0
-4.17,1625449482.0,64.0
-5.77,1625449482.0,64.0
-7.4,1625449482.0,64.0
-9.1,1625449482.0,64.0
-10.87,1625449482.0,64.0
-12.7,1625449482.0,64.0
-14.56,1625449482.0,64.0
-16.49,1625449482.0,64.0
-18.6,1625449482.0,64.0
-21.0,1625449482.0,64.0
-23.73,1625449482.0,64.0
-26.61,1625449482.0,64.0
-29.19,1625449482.0,64.0
-30.87,1625449482.0,64.0
-31.08,1625449482.0,64.0
-29.42,1625449482.0,64.0
-25.89,1625449482.0,64.0
-20.78,1625449482.0,64.0
-14.6,1625449482.0,64.0
-7.86,1625449482.0,64.0
-0.99,1625449482.0,64.0
5.63,1625449482.0,64.0
11.66,1625449482.0,64.0
16.72,1625449482.0,64.0
20.45,1625449482.0,64.0
22.62,1625449482.0,64.0
23.31,1625449482.0,64.0
22.88,1625449482.0,64.0
21.91,1625449482.0,64.0
20.99,1625449482.0,64.0
20.46,1625449482.0,64.0
20.36,1625449482.0,64.0
20.46,1625449482.0,64.0
20.44,1625449482.0,64.0
20.06,1625449482.0,64.0
19.24,1625449482.0,64.0
18.06,1625449482.0,64.0
16.68,1625449482.0,64.0
15.17,1625449482.0,64.0
13.57,1625449482.0,64.0
11.83,1625449482.0,64.0
9.88,1625449482.0,64.0
7.68,1625449482.0,64.0
5.25,1625449482.0,64.0
2.66,1625449482.0,64.0
-0.0,1625449482.0,64.0
-2.6,1625449482.0,64.0
-5.03,1625449482.0,64.0
-7.21,1625449482.0,64.0
-9.17,1625449482.0,64.0
-11.01,1625449482.0,64.0
-12.86,1625449482.0,64.0
-14.88,1625449482.0,64.0
-17.13,1625449482.0,64.0
-19.59,1625449482.0,64.0
-22.19,1625449482.0,64.0
-24.79,1625449482.0,64.0
-27.15,1625449482.0,64.0
-28.96,1625449482.0,64.0
-29.8,1625449482.0,64.0
-29.3,1625449482.0,64.0
-27.21,1625449482.0,64.0
-23.55,1625449482.0,64.0
-18.62,1625449482.0,64.0
-12.88,1625449482.0,64.0
-6.8,1625449482.0,64.0
-0.74,1625449482.0,64.0
5.09,1625449482.0,64.0
10.55,1625449482.0,64.0
15.43,1625449482.0,64.0
19.45,1625449482.0,64.0
22.27,1625449482.0,64.0
23.71,1625449482.0,64.0
23.8,1625449482.0,64.0
22.92,1625449482.0,64.0
21.6,1625449482.0,64.0
20.38,1625449482.0,64.0
19.59,1625449482.0,64.0
19.31,1625449482.0,64.0
19.32,1625449482.0,64.0
19.32,1625449482.0,64.0
18.99,1625449482.0,64.0
18.12,1625449482.0,64.0
16.63,1625449482.0,64.0
14.59,1625449482.0,64.0
12.07,1625449482.0,64.0
9.23,1625449482.0,64.0
6.23,1625449482.0,64.0
3.25,1625449482.0,64.0
0.44,1625449482.0,64.0
-2.1,1625449482.0,64.0
-4.36,1625449482.0,64.0
-6.37,1625449482.0,64.0
-8.21,1625449482.0,64.0
-9.99,1625449482.0,64.0
-11.77,1625449482.0,64.0
-13.64,1625449482.0,64.0
-15.68,1625449482.0,64.0
-17.96,1625449482.0,64.0
-20.54,1625449482.0,64.0
-23.44,1625449482.0,64.0
-26.65,1625449482.0,64.0
-30.02,1625449482.0,64.0
-33.25,1625449482.0,64.0
-35.89,1625449482.0,64.0
-37.4,1625449482.0,64.0
-37.3,1625449482.0,64.0
-35.33,1625449482.0,64.0
-31.52,1625449482.0,64.0
-26.19,1625449482.0,64.0
-19.81,1625449482.0,64.0
-12.84,1625449482.0,64.0
-5.62,1625449482.0,64.0
1.66,1625449482.0,64.0
8.79,1625449482.0,64.0
15.45,1625449482.0,64.0
21.17,1625449482.0,64.0
25.46,1625449482.0,64.0
27.99,1625449482.0,64.0
28.77,1625449482.0,64.0
28.22,1625449482.0,64.0
26.98,1625449482.0,64.0
25.71,1625449482.0,64.0
24.81,1625449482.0,64.0
24.34,1625449482.0,64.0
24.09,1625449482.0,64.0
23.7,1625449482.0,64.0
22.9,1625449482.0,64.0
21.56,1625449482.0,64.0
19.75,1625449482.0,64.0
17.63,1625449482.0,64.0
15.39,1625449482.0,64.0
13.18,1625449482.0,64.0
11.06,1625449482.0,64.0
9.0,1625449482.0,64.0
6.88,1625449482.0,64.0
4.61,1625449482.0,64.0
2.15,1625449482.0,64.0
-0.42,1625449482.0,64.0
-2.93,1625449482.0,64.0
-5.27,1625449482.0,64.0
-7.41,1625449482.0,64.0
-9.5,1625449482.0,64.0
-11.76,1625449482.0,64.0
-14.32,1625449482.0,64.0
-17.15,1625449482.0,64.0
-20.08,1625449482.0,64.0
-22.84,1625449482.0,64.0
-25.31,1625449482.0,64.0
-27.49,1625449482.0,64.0
-29.49,1625449482.0,64.0
-31.26,1625449482.0,64.0
-32.53,1625449482.0,64.0
-32.82,1625449482.0,64.0
-31.6,1625449482.0,64.0
-28.63,1625449482.0,64.0
-24.03,1625449482.0,64.0
-18.27,1625449482.0,64.0
-11.96,1625449482.0,64.0
-5.57,1625449482.0,64.0
0.67,1625449482.0,64.0
6.72,1625449482.0,64.0
12.51,1625449482.0,64.0
17.81,1625449482.0,64.0
22.23,1625449482.0,64.0
25.35,1625449482.0,64.0
26.97,1625449482.0,64.0
27.23,1625449482.0,64.0
26.57,1625449482.0,64.0
25.58,1625449482.0,64.0
24.76,1625449482.0,64.0
24.34,1625449482.0,64.0
24.25,1625449482.0,64.0
24.17,1625449482.0,64.0
23.75,1625449482.0,64.0
22.7,1625449482.0,64.0
20.94,1625449482.0,64.0
18.56,1625449482.0,64.0
15.78,1625449482.0,64.0
12.92,1625449482.0,64.0
10.24,1625449482.0,64.0
7.9,1625449482.0,64.0
5.93,1625449482.0,64.0
4.22,1625449482.0,64.0
2.6,1625449482.0,64.0
0.94,1625449482.0,64.0
-0.83,1625449482.0,64.0
-2.71,1625449482.0,64.0
-4.64,1625449482.0,64.0
-6.63,1625449482.0,64.0
-8.72,1625449482.0,64.0
-10.97,1625449482.0,64.0
-13.42,1625449482.0,64.0
-16.01,1625449482.0,64.0
-18.62,1625449482.0,64.0
-21.14,1625449482.0,64.0
-23.55,1625449482.0,64.0
-25.94,1625449482.0,64.0
-28.42,1625449482.0,64.0
-30.94,1625449482.0,64.0
-33.23,1625449482.0,64.0
-34.78,1625449482.0,64.0
-34.96,1625449482.0,64.0
-33.31,1625449482.0,64.0
-29.67,1625449482.0,64.0
-24.28,1625449482.0,64.0
-17.65,1625449482.0,64.0
-10.35,1625449482.0,64.0
-2.86,1625449482.0,64.0
4.47,1625449482.0,64.0
11.38,1625449482.0,64.0
17.58,1625449482.0,64.0
22.7,1625449482.0,64.0
26.38,1625449482.0,64.0
28.43,1625449482.0,64.0
28.95,1625449482.0,64.0
28.35,1625449482.0,64.0
27.22,1625449482.0,64.0
26.08,1625449482.0,64.0
25.23,1625449482.0,64.0
24.7,1625449482.0,64.0
24.31,1625449482.0,64.0
23.82,1625449482.0,64.0
23.03,1625449482.0,64.0
21.86,1625449482.0,64.0
20.36,1625449482.0,64.0
18.6,1625449482.0,64.0
16.68,1625449482.0,64.0
14.71,1625449482.0,64.0
12.69,1625449482.0,64.0
10.62,1625449482.0,64.0
8.43,1625449482.0,64.0
6.11,1625449482.0,64.0
3.69,1625449482.0,64.0
1.27,1625449482.0,64.0
-0.98,1625449482.0,64.0
-3.0,1625449482.0,64.0
-4.82,1625449482.0,64.0
-6.57,1625449482.0,64.0
-8.46,1625449482.0,64.0
-10.61,1625449482.0,64.0
-13.04,1625449482.0,64.0
-15.64,1625449482.0,64.0
-18.19,1625449482.0,64.0
-20.52,1625449482.0,64.0
-22.59,1625449482.0,64.0
-24.53,1625449482.0,64.0
-26.56,1625449482.0,64.0
-28.88,1625449482.0,64.0
-31.43,1625449482.0,64.0
-33.8,1625449482.0,64.0
-35.35,1625449482.0,64.0
-35.37,1625449482.0,64.0
-33.42,1625449482.0,64.0
-29.45,1625449482.0,64.0
-23.87,1625449482.0,64.0
-17.33,1625449482.0,64.0
-10.44,1625449482.0,64.0
-3.62,1625449482.0,64.0
2.94,1625449482.0,64.0
9.11,1625449482.0,64.0
14.64,1625449482.0,64.0
19.19,1625449482.0,64.0
22.41,1625449482.0,64.0
24.13,1625449482.0,64.0
24.55,1625449482.0,64.0
24.1,1625449482.0,64.0
23.36,1625449482.0,64.0
22.73,1625449482.0,64.0
22.33,1625449482.0,64.0
22.03,1625449482.0,64.0
21.59,1625449482.0,64.0
20.84,1625449482.0,64.0
19.73,1625449482.0,64.0
18.36,1625449482.0,64.0
16.8,1625449482.0,64.0
15.1,1625449482.0,64.0
13.22,1625449482.0,64.0
11.16,1625449482.0,64.0
8.98,1625449482.0,64.0
6.8,1625449482.0,64.0
4.74,1625449482.0,64.0
2.9,1625449482.0,64.0
1.23,1625449482.0,64.0
-0.36,1625449482.0,64.0
-2.01,1625449482.0,64.0
-3.84,1625449482.0,64.0
-5.85,1625449482.0,64.0
-7.99,1625449482.0,64.0
-10.18,1625449482.0,64.0
-12.33,1625449482.0,64.0
-14.39,1625449482.0,64.0
-16.38,1625449482.0,64.0
-18.31,1625449482.0,64.0
-20.23,1625449482.0,64.0
-22.2,1625449482.0,64.0
-24.29,1625449482.0,64.0
-26.58,1625449482.0,64.0
-29.12,1625449482.0,64.0
-31.78,1625449482.0,64.0
-34.24,1625449482.0,64.0
-36.04,1625449482.0,64.0
-36.63,1625449482.0,64.0
-35.56,1625449482.0,64.0
-32.67,1625449482.0,64.0
-28.06,1625449482.0,64.0
-22.11,1625449482.0,64.0
-15.33,1625449482.0,64.0
-8.18,1625449482.0,64.0
-1.06,1625449482.0,64.0
5.69,1625449482.0,64.0
11.83,1625449482.0,64.0
17.06,1625449482.0,64.0
21.18,1625449482.0,64.0
24.06,1625449482.0,64.0
25.71,1625449482.0,64.0
26.33,1625449482.0,64.0
26.19,1625449482.0,64.0
25.62,1625449482.0,64.0
24.84,1625449482.0,64.0
23.99,1625449482.0,64.0
23.04,1625449482.0,64.0
21.92,1625449482.0,64.0
20.54,1625449482.0,64.0
18.91,1625449482.0,64.0
17.13,1625449482.0,64.0
15.34,1625449482.0,64.0
13.68,1625449482.0,64.0
12.24,1625449482.0,64.0
11.0,1625449482.0,64.0
9.95,1625449482.0,64.0
9.07,1625449482.0,64.0
8.41,1625449482.0,64.0
7.96,1625449482.0,64.0
7.71,1625449482.0,64.0
7.49,1625449482.0,64.0
7.04,1625449482.0,64.0
6.06,1625449482.0,64.0
4.36,1625449482.0,64.0
1.93,1625449482.0,64.0
-1.04,1625449482.0,64.0
-4.25,1625449482.0,64.0
-7.39,1625449482.0,64.0
-10.27,1625449482.0,64.0
-12.88,1625449482.0,64.0
-15.35,1625449482.0,64.0
-17.86,1625449482.0,64.0
-20.51,1625449482.0,64.0
-23.26,1625449482.0,64.0
-25.88,1625449482.0,64.0
-27.99,1625449482.0,64.0
-29.15,1625449482.0,64.0
-28.96,1625449482.0,64.0
-27.15,1625449482.0,64.0
-23.65,1625449482.0,64.0
-18.63,1625449482.0,64.0
-12.47,1625449482.0,64.0
-5.69,1625449482.0,64.0
1.17,1625449482.0,64.0
7.62,1625449482.0,64.0
13.25,1625449482.0,64.0
17.78,1625449482.0,64.0
21.0,1625449482.0,64.0
22.84,1625449482.0,64.0
23.36,1625449482.0,64.0
22.83,1625449482.0,64.0
21.63,1625449482.0,64.0
20.25,1625449482.0,64.0
19.09,1625449482.0,64.0
18.39,1625449482.0,64.0
18.11,1625449482.0,64.0
18.05,1625449482.0,64.0
17.86,1625449482.0,64.0
17.29,1625449482.0,64.0
16.17,1625449482.0,64.0
14.53,1625449482.0,64.0
12.56,1625449482.0,64.0
10.5,1625449482.0,64.0
8.56,1625449482.0,64.0
6.83,1625449482.0,64.0
5.24,1625449482.0,64.0
3.65,1625449482.0,64.0
1.91,1625449482.0,64.0
-0.07,1625449482.0,64.0
-2.24,1625449482.0,64.0
-4.51,1625449482.0,64.0
-6.8,1625449482.0,64.0
-9.03,1625449482.0,64.0
-11.24,1625449482.0,64.0
-13.46,1625449482.0,64.0
-15.74,1625449482.0,64.0
-18.09,1625449482.0,64.0
-20.49,1625449482.0,64.0
-22.96,1625449482.0,64.0
-25.55,1625449482.0,64.0
-28.24,1625449482.0,64.0
-30.94,1625449482.0,64.0
-33.36,1625449482.0,64.0
-35.06,1625449482.0,64.0
-35.48,1625449482.0,64.0
-34.17,1625449482.0,64.0
-30.94,1625449482.0,64.0
-25.91,1625449482.0,64.0
-19.56,1625449482.0,64.0
-12.53,1625449482.0,64.0
-5.44,1625449482.0,64.0
1.27,1625449482.0,64.0
7.38,1625449482.0,64.0
12.82,1625449482.0,64.0
17.53,1625449482.0,64.0
21.42,1625449482.0,64.0
24.3,1625449482.0,64.0
26.06,1625449482.0,64.0
26.7,1625449482.0,64.0
26.41,1625449482.0,64.0
25.58,1625449482.0,64.0
24.62,1625449482.0,64.0
23.79,1625449482.0,64.0
23.15,1625449482.0,64.0
22.51,1625449482.0,64.0
21.57,1625449482.0,64.0
20.14,1625449482.0,64.0
18.15,1625449482.0,64.0
15.78,1625449482.0,64.0
13.29,1625449482.0,64.0
10.94,1625449482.0,64.0
8.84,1625449482.0,64.0
6.95,1625449482.0,64.0
5.15,1625449482.0,64.0
3.3,1625449482.0,64.0
1.31,1625449482.0,64.0
-0.82,1625449482.0,64.0
-3.04,1625449482.0,64.0
-5.27,1625449482.0,64.0
-7.44,1625449482.0,64.0
-9.51,1625449482.0,64.0
-11.47,1625449482.0,64.0
-13.35,1625449482.0,64.0
-15.24,1625449482.0,64.0
-17.25,1625449482.0,64.0
-19.49,1625449482.0,64.0
-22.03,1625449482.0,64.0
-24.88,1625449482.0,64.0
-27.95,1625449482.0,64.0
-31.08,1625449482.0,64.0
-33.99,1625449482.0,64.0
-36.33,1625449482.0,64.0
-37.66,1625449482.0,64.0
-37.6,1625449482.0,64.0
-35.87,1625449482.0,64.0
-32.44,1625449482.0,64.0
-27.49,1625449482.0,64.0
-21.42,1625449482.0,64.0
-14.65,1625449482.0,64.0
-7.57,1625449482.0,64.0
-0.46,1625449482.0,64.0
6.53,1625449482.0,64.0
13.17,1625449482.0,64.0
19.15,1625449482.0,64.0
24.05,1625449482.0,64.0
27.49,1625449482.0,64.0
29.26,1625449482.0,64.0
29.51,1625449482.0,64.0
28.67,1625449482.0,64.0
27.33,1625449482.0,64.0
26.04,1625449482.0,64.0
25.09,1625449482.0,64.0
24.5,1625449482.0,64.0
24.04,1625449482.0,64.0
23.45,1625449482.0,64.0
22.53,1625449482.0,64.0
21.24,1625449482.0,64.0
19.66,1625449482.0,64.0
17.89,1625449482.0,64.0
16.01,1625449482.0,64.0
14.04,1625449482.0,64.0
11.96,1625449482.0,64.0
9.76,1625449482.0,64.0
7.46,1625449482.0,64.0
5.11,1625449482.0,64.0
2.78,1625449482.0,64.0
0.49,1625449482.0,64.0
-1.77,1625449482.0,64.0
-4.05,1625449482.0,64.0
-6.38,1625449482.0,64.0
-8.75,1625449482.0,64.0
-11.12,1625449482.0,64.0
-13.44,1625449482.0,64.0
-15.67,1625449482.0,64.0
-17.89,1625449482.0,64.0
-20.15,1625449482.0,64.0
-22.54,1625449482.0,64.0
-25.07,1625449482.0,64.0
-27.77,1625449482.0,64.0
-30.6,1625449482.0,64.0
-33.41,1625449482.0,64.0
-35.93,1625449482.0,64.0
-37.67,1625449482.0,64.0
-38.03,1625449482.0,64.0
-36.49,1625449482.0,64.0
-32.86,1625449482.0,64.0
-27.36,1625449482.0,64.0
-20.6,1625449482.0,64.0
-13.34,1625449482.0,64.0
-6.17,1625449482.0,64.0
0.62,1625449482.0,64.0
7.02,1625449482.0,64.0
13.02,1625449482.0,64.0
18.48,1625449482.0,64.0
23.0,1625449482.0,64.0
26.15,1625449482.0,64.0
27.66,1625449482.0,64.0
27.67,1625449482.0,64.0
26.72,1625449482.0,64.0
25.52,1625449482.0,64.0
24.68,1625449482.0,64.0
24.46,1625449482.0,64.0
24.72,1625449482.0,64.0
25.07,1625449482.0,64.0
25.05,1625449482.0,64.0
24.36,1625449482.0,64.0
22.93,1625449482.0,64.0
20.91,1625449482.0,64.0
18.57,1625449482.0,64.0
16.15,1625449482.0,64.0
13.8,1625449482.0,64.0
11.56,1625449482.0,64.0
9.42,1625449482.0,64.0
7.33,1625449482.0,64.0
5.29,1625449482.0,64.0
3.33,1625449482.0,64.0
1.48,1625449482.0,64.0
-0.34,1625449482.0,64.0
-2.22,1625449482.0,64.0
-4.29,1625449482.0,64.0
-6.57,1625449482.0,64.0
-8.97,1625449482.0,64.0
-11.36,1625449482.0,64.0
-13.58,1625449482.0,64.0
-15.6,1625449482.0,64.0
-17.49,1625449482.0,64.0
-19.42,1625449482.0,64.0
-21.54,1625449482.0,64.0
-23.95,1625449482.0,64.0
-26.69,1625449482.0,64.0
-29.66,1625449482.0,64.0
-32.64,1625449482.0,64.0
-35.2,1625449482.0,64.0
-36.85,1625449482.0,64.0
-37.03,1625449482.0,64.0
-35.36,1625449482.0,64.0
-31.76,1625449482.0,64.0
-26.49,1625449482.0,64.0
-20.06,1625449482.0,64.0
-13.04,1625449482.0,64.0
-5.89,1625449482.0,64.0
1.13,1625449482.0,64.0
7.86,1625449482.0,64.0
14.12,1625449482.0,64.0
19.6,1625449482.0,64.0
23.91,1625449482.0,64.0
26.73,1625449482.0,64.0
27.96,1625449482.0,64.0
27.85,1625449482.0,64.0
26.92,1625449482.0,64.0
25.79,1625449482.0,64.0
24.94,1625449482.0,64.0
24.55,1625449482.0,64.0
24.5,1625449482.0,64.0
24.48,1625449482.0,64.0
24.14,1625449482.0,64.0
23.28,1625449482.0,64.0
21.88,1625449482.0,64.0
20.09,1625449482.0,64.0
18.08,1625449482.0,64.0
16.01,1625449482.0,64.0
13.95,1625449482.0,64.0
11.9,1625449482.0,64.0
9.83,1625449482.0,64.0
7.74,1625449482.0,64.0
5.68,1625449482.0,64.0
3.71,1625449482.0,64.0
1.87,1625449482.0,64.0
0.11,1625449482.0,64.0
-1.64,1625449482.0,64.0
-3.52,1625449482.0,64.0
-5.6,1625449482.0,64.0
-7.88,1625449482.0,64.0
-10.31,1625449482.0,64.0
-12.81,1625449482.0,64.0
-15.33,1625449482.0,64.0
-17.88,1625449482.0,64.0
-20.55,1625449482.0,64.0
-23.4,1625449482.0,64.0
-26.45,1625449482.0,64.0
-29.62,1625449482.0,64.0
-32.64,1625449482.0,64.0
-35.14,1625449482.0,64.0
-36.61,1625449482.0,64.0
-36.56,1625449482.0,64.0
-34.7,1625449482.0,64.0
-30.98,1625449482.0,64.0
-25.67,1625449482.0,64.0
-19.23,1625449482.0,64.0
-12.18,1625449482.0,64.0
-4.97,1625449482.0,64.0
2.13,1625449482.0,64.0
8.91,1625449482.0,64.0
15.16,1625449482.0,64.0
20.56,1625449482.0,64.0
24.76,1625449482.0,64.0
27.49,1625449482.0,64.0
28.69,1625449482.0,64.0
28.62,1625449482.0,64.0
27.79,1625449482.0,64.0
26.72,1625449482.0,64.0
25.84,1625449482.0,64.0
25.27,1625449482.0,64.0
24.91,1625449482.0,64.0
24.53,1625449482.0,64.0
23.94,1625449482.0,64.0
23.12,1625449482.0,64.0
22.2,1625449482.0,64.0
21.38,1625449482.0,64.0
20.81,1625449482.0,64.0
20.51,1625449482.0,64.0
20.38,1625449482.0,64.0
20.22,1625449482.0,64.0
19.83,1625449482.0,64.0
18.97,1625449482.0,64.0
17.41,1625449482.0,64.0
14.94,1625449482.0,64.0
11.37,1625449482.0,64.0
6.69,1625449482.0,64.0
1.05,1625449482.0,64.0
-5.23,1625449482.0,64.0
-11.69,1625449482.0,64.0
-17.87,1625449482.0,64.0
-23.42,1625449482.0,64.0
-28.12,1625449482.0,64.0
-31.91,1625449482.0,64.0
-34.9,1625449482.0,64.0
-37.29,1625449482.0,64.0
-39.35,1625449482.0,64.0
-41.25,1625449482.0,64.0
-42.97,1625449482.0,64.0
-44.18,1625449482.0,64.0
-44.35,1625449482.0,64.0
-42.91,1625449482.0,64.0
-39.5,1625449482.0,64.0
-34.12,1625449482.0,64.0
-27.15,1625449482.0,64.0
-19.22,1625449482.0,64.0
-10.92,1625449482.0,64.0
-2.69,1625449482.0,64.0
5.18,1625449482.0,64.0
12.51,1625449482.0,64.0
18.99,1625449482.0,64.0
24.32,1625449482.0,64.0
28.14,1625449482.0,64.0
30.28,1625449482.0,64.0
30.83,1625449482.0,64.0
30.17,1625449482.0,64.0
28.84,1625449482.0,64.0
27.42,1625449482.0,64.0
26.36,1625449482.0,64.0
25.88,1625449482.0,64.0
25.97,1625449482.0,64.0
26.44,1625449482.0,64.0
27.01,1625449482.0,64.0
27.47,1625449482.0,64.0
27.7,1625449482.0,64.0
27.63,1625449482.0,64.0
27.21,1625449482.0,64.0
26.26,1625449482.0,64.0
24.55,1625449482.0,64.0
21.88,1625449482.0,64.0
18.22,1625449482.0,64.0
13.83,1625449482.0,64.0
9.11,1625449482.0,64.0
4.53,1625449482.0,64.0
0.3,1625449482.0,64.0
-3.61,1625449482.0,64.0
-7.43,1625449482.0,64.0
-11.39,1625449482.0,64.0
-15.6,1625449482.0,64.0
-19.97,1625449482.0,64.0
-24.42,1625449482.0,64.0
-29.01,1625449482.0,64.0
-33.99,1625449482.0,64.0
-39.64,1625449482.0,64.0
-45.97,1625449482.0,64.0
-52.48,1625449482.0,64.0
-58.17,1625449482.0,64.0
-61.83,1625449482.0,64.0
-62.52,1625449482.0,64.0
-59.94,1625449482.0,64.0
-54.48,1625449482.0,64.0
-47.01,1625449482.0,64.0
-38.48,1625449482.0,64.0
-29.51,1625449482.0,64.0
-20.37,1625449482.0,64.0
-11.16,1625449482.0,64.0
-2.03,1625449482.0,64.0
6.59,1625449482.0,64.0
14.17,1625449482.0,64.0
20.26,1625449482.0,64.0
24.8,1625449482.0,64.0
28.12,1625449482.0,64.0
30.73,1625449482.0,64.0
33.07,1625449482.0,64.0
35.3,1625449482.0,64.0
37.32,1625449482.0,64.0
38.84,1625449482.0,64.0
39.7,1625449482.0,64.0
39.88,1625449482.0,64.0
39.54,1625449482.0,64.0
38.83,1625449482.0,64.0
37.77,1625449482.0,64.0
36.17,1625449482.0,64.0
33.79,1625449482.0,64.0
30.44,1625449482.0,64.0
26.18,1625449482.0,64.0
21.38,1625449482.0,64.0
16.63,1625449482.0,64.0
12.53,1625449482.0,64.0
9.57,1625449482.0,64.0
7.92,1625449482.0,64.0
7.35,1625449482.0,64.0
7.37,1625449482.0,64.0
7.32,1625449482.0,64.0
6.57,1625449482.0,64.0
4.66,1625449482.0,64.0
1.42,1625449482.0,64.0
-3.04,1625449482.0,64.0
-8.3,1625449482.0,64.0
-13.69,1625449482.0,64.0
-18.44,1625449482.0,64.0
-21.83,1625449482.0,64.0
-23.4,1625449482.0,64.0
-23.02,1625449482.0,64.0
-20.89,1625449482.0,64.0
-17.38,1625449482.0,64.0
-12.89,1625449482.0,64.0
-7.68,1625449482.0,64.0
-1.88,1625449482.0,64.0
4.42,1625449482.0,64.0
10.99,1625449482.0,64.0
17.3,1625449482.0,64.0
22.61,1625449482.0,64.0
26.14,1625449482.0,64.0
27.42,1625449482.0,64.0
26.42,1625449482.0,64.0
23.69,1625449482.0,64.0
20.08,1625449482.0,64.0
16.43,1625449482.0,64.0
13.36,1625449482.0,64.0
11.04,1625449482.0,64.0
9.33,1625449482.0,64.0
7.96,1625449482.0,64.0
6.71,1625449482.0,64.0
5.49,1625449482.0,64.0
4.34,1625449482.0,64.0
3.3,1625449482.0,64.0
2.35,1625449482.0,64.0
1.33,1625449482.0,64.0
0.08,1625449482.0,64.0
-1.56,1625449482.0,64.0
-3.62,1625449482.0,64.0
-5.98,1625449482.0,64.0
-8.4,1625449482.0,64.0
-10.56,1625449482.0,64.0
-12.24,1625449482.0,64.0
-13.41,1625449482.0,64.0
-14.31,1625449482.0,64.0
-15.36,1625449482.0,64.0
-17.02,1625449482.0,64.0
-19.59,1625449482.0,64.0
-23.1,1625449482.0,64.0
-27.29,1625449482.0,64.0
-31.66,1625449482.0,64.0
-35.69,1625449482.0,64.0
-38.83,1625449482.0,64.0
-40.63,1625449482.0,64.0
-40.74,1625449482.0,64.0
-38.98,1625449482.0,64.0
-35.31,1625449482.0,64.0
-29.91,1625449482.0,64.0
-23.13,1625449482.0,64.0
-15.42,1625449482.0,64.0
-7.26,1625449482.0,64.0
0.95,1625449482.0,64.0
8.84,1625449482.0,64.0
16.03,1625449482.0,64.0
22.13,1625449482.0,64.0
26.75,1625449482.0,64.0
29.7,1625449482.0,64.0
31.01,1625449482.0,64.0
31.04,1625449482.0,64.0
30.31,1625449482.0,64.0
29.36,1625449482.0,64.0
28.55,1625449482.0,64.0
27.96,1625449482.0,64.0
27.47,1625449482.0,64.0
26.86,1625449482.0,64.0
25.94,1625449482.0,64.0
24.59,1625449482.0,64.0
22.82,1625449482.0,64.0
20.69,1625449482.0,64.0
18.24,1625449482.0,64.0
15.53,1625449482.0,64.0
12.55,1625449482.0,64.0
9.29,1625449482.0,64.0
5.79,1625449482.0,64.0
2.11,1625449482.0,64.0
-1.59,1625449482.0,64.0
-5.14,1625449482.0,64.0
-8.37,1625449482.0,64.0
-11.16,1625449482.0,64.0
-13.56,1625449482.0,64.0
-15.73,1625449482.0,64.0
-17.87,1625449482.0,64.0
-20.17,1625449482.0,64.0
-22.71,1625449482.0,64.0
-25.47,1625449482.0,64.0
-28.36,1625449482.0,64.0
-31.27,1625449482.0,64.0
-34.08,1625449482.0,64.0
-36.68,1625449482.0,64.0
-38.89,1625449482.0,64.0
-40.42,1625449482.0,64.0
-40.85,1625449482.0,64.0
-39.72,1625449482.0,64.0
-36.7,1625449482.0,64.0
-31.68,1625449482.0,64.0
-24.93,1625449482.0,64.0
-16.97,1625449482.0,64.0
-8.43,1625449482.0,64.0
0.13,1625449482.0,64.0
8.3,1625449482.0,64.0
15.78,1625449482.0,64.0
22.26,1625449482.0,64.0
27.42,1625449482.0,64.0
30.94,1625449482.0,64.0
32.65,1625449482.0,64.0
32.69,1625449482.0,64.0
31.51,1625449482.0,64.0
29.7,1625449482.0,64.0
27.84,1625449482.0,64.0
26.25,1625449482.0,64.0
24.95,1625449482.0,64.0
23.78,1625449482.0,64.0
22.52,1625449482.0,64.0
21.0,1625449482.0,64.0
19.22,1625449482.0,64.0
17.22,1625449482.0,64.0
15.11,1625449482.0,64.0
12.96,1625449482.0,64.0
10.82,1625449482.0,64.0
8.73,1625449482.0,64.0
6.68,1625449482.0,64.0
4.68,1625449482.0,64.0
2.71,1625449482.0,64.0
0.72,1625449482.0,64.0
-1.31,1625449482.0,64.0
-3.36,1625449482.0,64.0
-5.4,1625449482.0,64.0
-7.36,1625449482.0,64.0
-9.22,1625449482.0,64.0
-10.99,1625449482.0,64.0
-12.75,1625449482.0,64.0
-14.6,1625449482.0,64.0
-16.61,1625449482.0,64.0
-18.84,1625449482.0,64.0
-21.32,1625449482.0,64.0
-24.07,1625449482.0,64.0
-27.12,1625449482.0,64.0
-30.36,1625449482.0,64.0
-33.53,1625449482.0,64.0
-36.12,1625449482.0,64.0
-37.48,1625449482.0,64.0
-37.04,1625449482.0,64.0
-34.46,1625449482.0,64.0
-29.8,1625449482.0,64.0
-23.48,1625449482.0,64.0
-16.14,1625449482.0,64.0
-8.36,1625449482.0,64.0
-0.56,1625449482.0,64.0
7.01,1625449482.0,64.0
14.17,1625449482.0,64.0
20.68,1625449482.0,64.0
26.16,1625449482.0,64.0
30.22,1625449482.0,64.0
32.57,1625449482.0,64.0
33.23,1625449482.0,64.0
32.56,1625449482.0,64.0
31.09,1625449482.0,64.0
29.45,1625449482.0,64.0
28.06,1625449482.0,64.0
27.1,1625449482.0,64.0
26.43,1625449482.0,64.0
25.74,1625449482.0,64.0
24.71,1625449482.0,64.0
23.15,1625449482.0,64.0
21.05,1625449482.0,64.0
18.59,1625449482.0,64.0
16.03,1625449482.0,64.0
13.57,1625449482.0,64.0
11.31,1625449482.0,64.0
9.19,1625449482.0,64.0
7.08,1625449482.0,64.0
4.85,1625449482.0,64.0
2.47,1625449482.0,64.0
0.01,1625449482.0,64.0
-2.4,1625449482.0,64.0
-4.68,1625449482.0,64.0
-6.87,1625449482.0,64.0
-9.04,1625449482.0,64.0
-11.3,1625449482.0,64.0
-13.65,1625449482.0,64.0
-15.99,1625449482.0,64.0
-18.19,1625449482.0,64.0
-20.16,1625449482.0,64.0
-21.94,1625449482.0,64.0
-23.73,1625449482.0,64.0
-25.8,1625449482.0,64.0
-28.37,1625449482.0,64.0
-31.49,1625449482.0,64.0
-34.95,1625449482.0,64.0
-38.27,1625449482.0,64.0
-40.78,1625449482.0,64.0
-41.75,1625449482.0,64.0
-40.66,1625449482.0,64.0
-37.35,1625449482.0,64.0
-32.01,1625449482.0,64.0
-25.2,1625449482.0,64.0
-17.57,1625449482.0,64.0
-9.7,1625449482.0,64.0
-1.97,1625449482.0,64.0
5.41,1625449482.0,64.0
12.28,1625449482.0,64.0
18.41,1625449482.0,64.0
23.46,1625449482.0,64.0
27.09,1625449482.0,64.0
29.12,1625449482.0,64.0
29.65,1625449482.0,64.0
29.06,1625449482.0,64.0
27.88,1625449482.0,64.0
26.63,1625449482.0,64.0
25.62,1625449482.0,64.0
24.92,1625449482.0,64.0
24.42,1625449482.0,64.0
23.9,1625449482.0,64.0
23.2,1625449482.0,64.0
22.22,1625449482.0,64.0
20.95,1625449482.0,64.0
19.4,1625449482.0,64.0
17.58,1625449482.0,64.0
15.51,1625449482.0,64.0
13.18,1625449482.0,64.0
10.65,1625449482.0,64.0
8.03,1625449482.0,64.0
5.47,1625449482.0,64.0
3.12,1625449482.0,64.0
1.07,1625449482.0,64.0
-0.72,1625449482.0,64.0
-2.37,1625449482.0,64.0
-4.0,1625449482.0,64.0
-5.75,1625449482.0,64.0
-7.64,1625449482.0,64.0
-9.65,1625449482.0,64.0
-11.68,1625449482.0,64.0
-13.64,1625449482.0,64.0
-15.48,1625449482.0,64.0
-17.25,1625449482.0,64.0
-19.08,1625449482.0,64.0
-21.11,1625449482.0,64.0
-23.46,1625449482.0,64.0
-26.11,1625449482.0,64.0
-28.87,1625449482.0,64.0
-31.34,1625449482.0,64.0
-32.93,1625449482.0,64.0
-33.06,1625449482.0,64.0
-31.32,1625449482.0,64.0
-27.59,1625449482.0,64.0
-22.13,1625449482.0,64.0
-15.5,1625449482.0,64.0
-8.3,1625449482.0,64.0
-1.1,1625449482.0,64.0
5.76,1625449482.0,64.0
12.03,1625449482.0,64.0
17.53,1625449482.0,64.0
22.05,1625449482.0,64.0
25.34,1625449482.0,64.0
27.24,1625449482.0,64.0
27.8,1625449482.0,64.0
27.3,1625449482.0,64.0
26.18,1625449482.0,64.0
24.92,1625449482.0,64.0
23.89,1625449482.0,64.0
23.23,1625449482.0,64.0
22.86,1625449482.0,64.0
22.55,1625449482.0,64.0
22.02,1625449482.0,64.0
21.04,1625449482.0,64.0
19.5,1625449482.0,64.0
17.45,1625449482.0,64.0
15.06,1625449482.0,64.0
12.52,1625449482.0,64.0
10.0,1625449482.0,64.0
7.58,1625449482.0,64.0
5.24,1625449482.0,64.0
2.93,1625449482.0,64.0
0.65,1625449482.0,64.0
-1.59,1625449482.0,64.0
-3.71,1625449482.0,64.0
-5.73,1625449482.0,64.0
-7.67,1625449482.0,64.0
-9.59,1625449482.0,64.0
-11.54,1625449482.0,64.0
-13.52,1625449482.0,64.0
-15.54,1625449482.0,64.0
-17.6,1625449482.0,64.0
-19.75,1625449482.0,64.0
-22.08,1625449482.0,64.0
-24.7,1625449482.0,64.0
-27.6,1625449482.0,64.0
-30.66,1625449482.0,64.0
-33.63,1625449482.0,64.0
-36.12,1625449482.0,64.0
-37.67,1625449482.0,64.0
-37.85,1625449482.0,64.0
-36.34,1625449482.0,64.0
-33.01,1625449482.0,64.0
-27.94,1625449482.0,64.0
-21.47,1625449482.0,64.0
-14.09,1625449482.0,64.0
-6.35,1625449482.0,64.0
1.2,1625449482.0,64.0
8.14,1625449482.0,64.0
14.14,1625449482.0,64.0
18.94,1625449482.0,64.0
22.33,1625449482.0,64.0
24.25,1625449482.0,64.0
24.78,1625449482.0,64.0
24.29,1625449482.0,64.0
23.29,1625449482.0,64.0
22.35,1625449482.0,64.0
21.9,1625449482.0,64.0
22.0,1625449482.0,64.0
22.41,1625449482.0,64.0
22.64,1625449482.0,64.0
22.23,1625449482.0,64.0
20.92,1625449482.0,64.0
18.75,1625449482.0,64.0
15.98,1625449482.0,64.0
12.96,1625449482.0,64.0
10.01,1625449482.0,64.0
7.36,1625449482.0,64.0
5.11,1625449482.0,64.0
3.27,1625449482.0,64.0
1.78,1625449482.0,64.0
0.48,1625449482.0,64.0
-0.82,1625449482.0,64.0
-2.34,1625449482.0,64.0
-4.15,1625449482.0,64.0
-6.21,1625449482.0,64.0
-8.39,1625449482.0,64.0
-10.52,1625449482.0,64.0
-12.51,1625449482.0,64.0
-14.41,1625449482.0,64.0
-16.34,1625449482.0,64.0
-18.41,1625449482.0,64.0
-20.68,1625449482.0,64.0
-23.12,1625449482.0,64.0
-25.66,1625449482.0,64.0
-28.3,1625449482.0,64.0
-31.03,1625449482.0,64.0
-33.83,1625449482.0,64.0
-36.49,1625449482.0,64.0
-38.55,1625449482.0,64.0
-39.41,1625449482.0,64.0
-38.48,1625449482.0,64.0
-35.44,1625449482.0,64.0
-30.45,1625449482.0,64.0
-24.05,1625449482.0,64.0
-16.96,1625449482.0,64.0
-9.8,1625449482.0,64.0
-2.9,1625449482.0,64.0
3.72,1625449482.0,64.0
10.15,1625449482.0,64.0
16.37,1625449482.0,64.0
22.08,1625449482.0,64.0
26.83,1625449482.0,64.0
30.19,1625449482.0,64.0
32.01,1625449482.0,64.0
32.5,1625449482.0,64.0
32.13,1625449482.0,64.0
31.4,1625449482.0,64.0
30.69,1625449482.0,64.0
30.06,1625449482.0,64.0
29.4,1625449482.0,64.0
28.51,1625449482.0,64.0
27.24,1625449482.0,64.0
25.6,1625449482.0,64.0
23.67,1625449482.0,64.0
21.54,1625449482.0,64.0
19.25,1625449482.0,64.0
16.78,1625449482.0,64.0
14.15,1625449482.0,64.0
11.42,1625449482.0,64.0
8.75,1625449482.0,64.0
6.32,1625449482.0,64.0
4.28,1625449482.0,64.0
2.6,1625449482.0,64.0
1.1,1625449482.0,64.0
-0.53,1625449482.0,64.0
-2.57,1625449482.0,64.0
-5.19,1625449482.0,64.0
-8.32,1625449482.0,64.0
-11.69,1625449482.0,64.0
-14.93,1625449482.0,64.0
-17.69,1625449482.0,64.0
-19.83,1625449482.0,64.0
-21.42,1625449482.0,64.0
-22.8,1625449482.0,64.0
-24.39,1625449482.0,64.0
-26.58,1625449482.0,64.0
-29.56,1625449482.0,64.0
-33.23,1625449482.0,64.0
-37.17,1625449482.0,64.0
-40.73,1625449482.0,64.0
-43.12,1625449482.0,64.0
-43.65,1625449482.0,64.0
-41.9,1625449482.0,64.0
-37.84,1625449482.0,64.0
-31.88,1625449482.0,64.0
-24.7,1625449482.0,64.0
-17.05,1625449482.0,64.0
-9.53,1625449482.0,64.0
-2.43,1625449482.0,64.0
4.2,1625449482.0,64.0
10.38,1625449482.0,64.0
16.07,1625449482.0,64.0
21.08,1625449482.0,64.0
25.08,1625449482.0,64.0
27.82,1625449482.0,64.0
29.25,1625449482.0,64.0
29.58,1625449482.0,64.0
29.21,1625449482.0,64.0
28.56,1625449482.0,64.0
27.92,1625449482.0,64.0
27.37,1625449482.0,64.0
26.86,1625449482.0,64.0
26.21,1625449482.0,64.0
25.3,1625449482.0,64.0
24.02,1625449482.0,64.0
22.34,1625449482.0,64.0
20.29,1625449482.0,64.0
17.95,1625449482.0,64.0
15.44,1625449482.0,64.0
12.9,1625449482.0,64.0
10.44,1625449482.0,64.0
8.11,1625449482.0,64.0
5.88,1625449482.0,64.0
3.74,1625449482.0,64.0
1.68,1625449482.0,64.0
-0.28,1625449482.0,64.0
-2.12,1625449482.0,64.0
-3.93,1625449482.0,64.0
-5.83,1625449482.0,64.0
-7.92,1625449482.0,64.0
-10.24,1625449482.0,64.0
-12.67,1625449482.0,64.0
-15.02,1625449482.0,64.0
-17.14,1625449482.0,64.0
-19.05,1625449482.0,64.0
-20.98,1625449482.0,64.0
-23.24,1625449482.0,64.0
-26.05,1625449482.0,64.0
-29.44,1625449482.0,64.0
-33.13,1625449482.0,64.0
-36.61,1625449482.0,64.0
-39.22,1625449482.0,64.0
-40.34,1625449482.0,64.0
-39.51,1625449482.0,64.0
-36.56,1625449482.0,64.0
-31.66,1625449482.0,64.0
-25.25,1625449482.0,64.0
-17.96,1625449482.0,64.0
-10.38,1625449482.0,64.0
-3.0,1625449482.0,64.0
3.86,1625449482.0,64.0
9.99,1625449482.0,64.0
15.18,1625449482.0,64.0
19.26,1625449482.0,64.0
22.07,1625449482.0,64.0
23.6,1625449482.0,64.0
24.12,1625449482.0,64.0
24.04,1625449482.0,64.0
23.87,1625449482.0,64.0
23.95,1625449482.0,64.0
24.37,1625449482.0,64.0
24.99,1625449482.0,64.0
25.53,1625449482.0,64.0
25.74,1625449482.0,64.0
25.53,1625449482.0,64.0
24.9,1625449482.0,64.0
23.91,1625449482.0,64.0
22.62,1625449482.0,64.0
20.99,1625449482.0,64.0
18.95,1625449482.0,64.0
16.47,1625449482.0,64.0
13.61,1625449482.0,64.0
10.51,1625449482.0,64.0
7.42,1625449482.0,64.0
4.56,1625449482.0,64.0
2.08,1625449482.0,64.0
-0.04,1625449482.0,64.0
-1.96,1625449482.0,64.0
-3.92,1625449482.0,64.0
-6.16,1625449482.0,64.0
-8.78,1625449482.0,64.0
-11.74,1625449482.0,64.0
-14.81,1625449482.0,64.0
-17.77,1625449482.0,64.0
-20.45,1625449482.0,64.0
-22.83,1625449482.0,64.0
-25.08,1625449482.0,64.0
-27.47,1625449482.0,64.0
-30.19,1625449482.0,64.0
-33.28,1625449482.0,64.0
-36.52,1625449482.0,64.0
-39.45,1625449482.0,64.0
-41.49,1625449482.0,64.0
-42.08,1625449482.0,64.0
-40.9,1625449482.0,64.0
-37.91,1625449482.0,64.0
-33.35,1625449482.0,64.0
-27.6,1625449482.0,64.0
-21.06,1625449482.0,64.0
-14.03,1625449482.0,64.0
-6.7,1625449482.0,64.0
0.71,1625449482.0,64.0
7.89,1625449482.0,64.0
14.41,1625449482.0,64.0
19.76,1625449482.0,64.0
23.59,1625449482.0,64.0
25.8,1625449482.0,64.0
26.62,1625449482.0,64.0
26.55,1625449482.0,64.0
26.14,1625449482.0,64.0
25.83,1625449482.0,64.0
25.82,1625449482.0,64.0
26.05,1625449482.0,64.0
26.3,1625449482.0,64.0
26.28,1625449482.0,64.0
25.83,1625449482.0,64.0
24.92,1625449482.0,64.0
23.62,1625449482.0,64.0
22.04,1625449482.0,64.0
20.27,1625449482.0,64.0
18.28,1625449482.0,64.0
16.04,1625449482.0,64.0
13.55,1625449482.0,64.0
10.93,1625449482.0,64.0
8.37,1625449482.0,64.0
6.07,1625449482.0,64.0
4.14,1625449482.0,64.0
2.54,1625449482.0,64.0
1.12,1625449482.0,64.0
-0.31,1625449482.0,64.0
-1.89,1625449482.0,64.0
-3.68,1625449482.0,64.0
-5.68,1625449482.0,64.0
-7.81,1625449482.0,64.0
-9.98,1625449482.0,64.0
-12.12,1625449482.0,64.0
-14.18,1625449482.0,64.0
-16.21,1625449482.0,64.0
-18.33,1625449482.0,64.0
-20.72,1625449482.0,64.0
-23.45,1625449482.0,64.0
-26.36,1625449482.0,64.0
-29.0,1625449482.0,64.0
-30.7,1625449482.0,64.0
-30.78,1625449482.0,64.0
-28.83,1625449482.0,64.0
-24.84,1625449482.0,64.0
-19.22,1625449482.0,64.0
-12.62,1625449482.0,64.0
-5.7,1625449482.0,64.0
1.04,1625449482.0,64.0
7.29,1625449482.0,64.0
12.85,1625449482.0,64.0
17.52,1625449482.0,64.0
21.11,1625449482.0,64.0
23.46,1625449482.0,64.0
24.57,1625449482.0,64.0
24.63,1625449482.0,64.0
24.04,1625449482.0,64.0
23.26,1625449482.0,64.0
22.64,1625449482.0,64.0
22.33,1625449482.0,64.0
22.21,1625449482.0,64.0
22.04,1625449482.0,64.0
21.56,1625449482.0,64.0
20.62,1625449482.0,64.0
19.23,1625449482.0,64.0
17.5,1625449482.0,64.0
15.6,1625449482.0,64.0
13.68,1625449482.0,64.0
11.87,1625449482.0,64.0
10.2,1625449482.0,64.0
8.66,1625449482.0,64.0
7.2,1625449482.0,64.0
5.73,1625449482.0,64.0
4.19,1625449482.0,64.0
2.5,1625449482.0,64.0
0.62,1625449482.0,64.0
-1.47,1625449482.0,64.0
-3.77,1625449482.0,64.0
-6.31,1625449482.0,64.0
-9.07,1625449482.0,64.0
-12.06,1625449482.0,64.0
-15.22,1625449482.0,64.0
-18.47,1625449482.0,64.0
-21.72,1625449482.0,64.0
-24.88,1625449482.0,64.0
-27.85,1625449482.0,64.0
-30.44,1625449482.0,64.0
-32.35,1625449482.0,64.0
-33.18,1625449482.0,64.0
-32.54,1625449482.0,64.0
-30.2,1625449482.0,64.0
-26.16,1625449482.0,64.0
-20.71,1625449482.0,64.0
-14.35,1625449482.0,64.0
-7.56,1625449482.0,64.0
-0.78,1625449482.0,64.0
5.74,1625449482.0,64.0
11.82,1625449482.0,64.0
17.28,1625449482.0,64.0
21.84,1625449482.0,64.0
25.21,1625449482.0,64.0
27.18,1625449482.0,64.0
27.82,1625449482.0,64.0
27.46,1625449482.0,64.0
26.64,1625449482.0,64.0
25.9,1625449482.0,64.0
25.58,1625449482.0,64.0
25.65,1625449482.0,64.0
25.82,1625449482.0,64.0
25.68,1625449482.0,64.0
24.88,1625449482.0,64.0
23.33,1625449482.0,64.0
21.16,1625449482.0,64.0
18.63,1625449482.0,64.0
16.0,1625449482.0,64.0
13.44,1625449482.0,64.0
10.98,1625449482.0,64.0
8.63,1625449482.0,64.0
6.38,1625449482.0,64.0
4.2,1625449482.0,64.0
2.05,1625449482.0,64.0
-0.16,1625449482.0,64.0
-2.51,1625449482.0,64.0
-5.05,1625449482.0,64.0
-7.76,1625449482.0,64.0
-10.55,1625449482.0,64.0
-13.3,1625449482.0,64.0
-15.96,1625449482.0,64.0
-18.54,1625449482.0,64.0
-21.09,1625449482.0,64.0
-23.7,1625449482.0,64.0
-26.46,1625449482.0,64.0
-29.37,1625449482.0,64.0
-32.36,1625449482.0,64.0
-35.2,1625449482.0,64.0
-37.53,1625449482.0,64.0
-38.86,1625449482.0,64.0
-38.69,1625449482.0,64.0
-36.63,1625449482.0,64.0
-32.58,1625449482.0,64.0
-26.77,1625449482.0,64.0
-19.66,1625449482.0,64.0
-11.86,1625449482.0,64.0
-3.89,1625449482.0,64.0
3.83,1625449482.0,64.0
11.02,1625449482.0,64.0
17.42,1625449482.0,64.0
22.78,1625449482.0,64.0
26.84,1625449482.0,64.0
29.44,1625449482.0,64.0
30.59,1625449482.0,64.0
30.58,1625449482.0,64.0
29.9,1625449482.0,64.0
29.04,1625449482.0,64.0
28.4,1625449482.0,64.0
28.06,1625449482.0,64.0
27.83,1625449482.0,64.0
27.38,1625449482.0,64.0
26.38,1625449482.0,64.0
24.65,1625449482.0,64.0
22.27,1625449482.0,64.0
19.44,1625449482.0,64.0
16.45,1625449482.0,64.0
13.55,1625449482.0,64.0
10.89,1625449482.0,64.0
8.5,1625449482.0,64.0
6.31,1625449482.0,64.0
4.21,1625449482.0,64.0
2.06,1625449482.0,64.0
-0.23,1625449482.0,64.0
-2.65,1625449482.0,64.0
-5.12,1625449482.0,64.0
-7.49,1625449482.0,64.0
-9.63,1625449482.0,64.0
-11.56,1625449482.0,64.0
-13.43,1625449482.0,64.0
-15.45,1625449482.0,64.0
-17.83,1625449482.0,64.0
-20.64,1625449482.0,64.0
-23.78,1625449482.0,64.0
-27.07,1625449482.0,64.0
-30.33,1625449482.0,64.0
-33.38,1625449482.0,64.0
-36.01,1625449482.0,64.0
-37.9,1625449482.0,64.0
-38.58,1625449482.0,64.0
-37.59,1625449482.0,64.0
-34.65,1625449482.0,64.0
-29.82,1625449482.0,64.0
-23.54,1625449482.0,64.0
-16.48,1625449482.0,64.0
-9.28,1625449482.0,64.0
-2.29,1625449482.0,64.0
4.41,1625449482.0,64.0
10.86,1625449482.0,64.0
17.03,1625449482.0,64.0
22.58,1625449482.0,64.0
27.05,1625449482.0,64.0
29.98,1625449482.0,64.0
31.29,1625449482.0,64.0
31.28,1625449482.0,64.0
30.61,1625449482.0,64.0
29.91,1625449482.0,64.0
29.53,1625449482.0,64.0
29.43,1625449482.0,64.0
29.25,1625449482.0,64.0
28.57,1625449482.0,64.0
27.2,1625449482.0,64.0
25.21,1625449482.0,64.0
22.88,1625449482.0,64.0
20.46,1625449482.0,64.0
18.04,1625449482.0,64.0
15.56,1625449482.0,64.0
12.91,1625449482.0,64.0
10.08,1625449482.0,64.0
7.24,1625449482.0,64.0
4.64,1625449482.0,64.0
2.47,1625449482.0,64.0
0.73,1625449482.0,64.0
-0.79,1625449482.0,64.0
-2.41,1625449482.0,64.0
-4.35,1625449482.0,64.0
-6.68,1625449482.0,64.0
-9.3,1625449482.0,64.0
-12.01,1625449482.0,64.0
-14.68,1625449482.0,64.0
-17.21,1625449482.0,64.0
-19.61,1625449482.0,64.0
-21.94,1625449482.0,64.0
-24.28,1625449482.0,64.0
-26.72,1625449482.0,64.0
-29.36,1625449482.0,64.0
-32.24,1625449482.0,64.0
-35.27,1625449482.0,64.0
-38.09,1625449482.0,64.0
-40.12,1625449482.0,64.0
-40.66,1625449482.0,64.0
-39.1,1625449482.0,64.0
-35.23,1625449482.0,64.0
-29.31,1625449482.0,64.0
-21.96,1625449482.0,64.0
-13.9,1625449482.0,64.0
-5.76,1625449482.0,64.0
2.08,1625449482.0,64.0
9.42,1625449482.0,64.0
16.11,1625449482.0,64.0
21.89,1625449482.0,64.0
26.46,1625449482.0,64.0
29.53,1625449482.0,64.0
31.07,1625449482.0,64.0
31.32,1625449482.0,64.0
30.77,1625449482.0,64.0
29.94,1625449482.0,64.0
29.17,1625449482.0,64.0
28.56,1625449482.0,64.0
27.94,1625449482.0,64.0
27.05,1625449482.0,64.0
25.69,1625449482.0,64.0
23.83,1625449482.0,64.0
21.59,1625449482.0,64.0
19.19,1625449482.0,64.0
16.84,1625449482.0,64.0
14.66,1625449482.0,64.0
12.64,1625449482.0,64.0
10.73,1625449482.0,64.0
8.8,1625449482.0,64.0
6.8,1625449482.0,64.0
4.69,1625449482.0,64.0
2.49,1625449482.0,64.0
0.25,1625449482.0,64.0
-1.99,1625449482.0,64.0
-4.21,1625449482.0,64.0
-6.4,1625449482.0,64.0
-8.61,1625449482.0,64.0
-10.84,1625449482.0,64.0
-13.1,1625449482.0,64.0
-15.37,1625449482.0,64.0
-17.64,1625449482.0,64.0
-19.88,1625449482.0,64.0
-22.15,1625449482.0,64.0
-24.56,1625449482.0,64.0
-27.24,1625449482.0,64.0
-30.24,1625449482.0,64.0
-33.41,1625449482.0,64.0
-36.37,1625449482.0,64.0
-38.55,1625449482.0,64.0
-39.34,1625449482.0,64.0
-38.29,1625449482.0,64.0
-35.25,1625449482.0,64.0
-30.4,1625449482.0,64.0
-24.19,1625449482.0,64.0
-17.18,1625449482.0,64.0
-9.85,1625449482.0,64.0
-2.56,1625449482.0,64.0
4.44,1625449482.0,64.0
10.92,1625449482.0,64.0
16.61,1625449482.0,64.0
21.24,1625449482.0,64.0
24.55,1625449482.0,64.0
26.49,1625449482.0,64.0
27.23,1625449482.0,64.0
27.14,1625449482.0,64.0
26.66,1625449482.0,64.0
26.16,1625449482.0,64.0
25.82,1625449482.0,64.0
25.58,1625449482.0,64.0
25.25,1625449482.0,64.0
24.65,1625449482.0,64.0
23.64,1625449482.0,64.0
22.24,1625449482.0,64.0
20.56,1625449482.0,64.0
18.7,1625449482.0,64.0
16.72,1625449482.0,64.0
14.61,1625449482.0,64.0
12.3,1625449482.0,64.0
9.82,1625449482.0,64.0
7.28,1625449482.0,64.0
4.91,1625449482.0,64.0
2.95,1625449482.0,64.0
1.51,1625449482.0,64.0
0.52,1625449482.0,64.0
-0.36,1625449482.0,64.0
-1.51,1625449482.0,64.0
-3.25,1625449482.0,64.0
-5.65,1625449482.0,64.0
-8.57,1625449482.0,64.0
-11.68,1625449482.0,64.0
-14.72,1625449482.0,64.0
-17.53,1625449482.0,64.0
-20.14,1625449482.0,64.0
-22.65,1625449482.0,64.0
-25.18,1625449482.0,64.0
-27.78,1625449482.0,64.0
-30.47,1625449482.0,64.0
-33.21,1625449482.0,64.0
-35.95,1625449482.0,64.0
-38.49,1625449482.0,64.0
-40.5,1625449482.0,64.0
-41.49,1625449482.0,64.0
-40.93,1625449482.0,64.0
-38.41,1625449482.0,64.0
-33.86,1625449482.0,64.0
-27.57,1625449482.0,64.0
-20.09,1625449482.0,64.0
-12.05,1625449482.0,64.0
-3.97,1625449482.0,64.0
3.78,1625449482.0,64.0
10.97,1625449482.0,64.0
17.35,1625449482.0,64.0
22.65,1625449482.0,64.0
26.61,1625449482.0,64.0
29.11,1625449482.0,64.0
30.24,1625449482.0,64.0
30.31,1625449482.0,64.0
29.77,1625449482.0,64.0
29.02,1625449482.0,64.0
28.3,1625449482.0,64.0
27.69,1625449482.0,64.0
27.13,1625449482.0,64.0
26.47,1625449482.0,64.0
25.58,1625449482.0,64.0
24.33,1625449482.0,64.0
22.7,1625449482.0,64.0
20.71,1625449482.0,64.0
18.51,1625449482.0,64.0
16.25,1625449482.0,64.0
14.07,1625449482.0,64.0
12.03,1625449482.0,64.0
10.06,1625449482.0,64.0
8.11,1625449482.0,64.0
6.1,1625449482.0,64.0
4.06,1625449482.0,64.0
2.02,1625449482.0,64.0
0.04,1625449482.0,64.0
-1.89,1625449482.0,64.0
-3.82,1625449482.0,64.0
-5.79,1625449482.0,64.0
-7.79,1625449482.0,64.0
-9.76,1625449482.0,64.0
-11.64,1625449482.0,64.0
-13.39,1625449482.0,64.0
-15.08,1625449482.0,64.0
-16.84,1625449482.0,64.0
-18.83,1625449482.0,64.0
-21.16,1625449482.0,64.0
-23.87,1625449482.0,64.0
-26.88,1625449482.0,64.0
-29.96,1625449482.0,64.0
-32.71,1625449482.0,64.0
-34.6,1625449482.0,64.0
-35.06,1625449482.0,64.0
-33.65,1625449482.0,64.0
-30.19,1625449482.0,64.0
-24.91,1625449482.0,64.0
-18.32,1625449482.0,64.0
-11.07,1625449482.0,64.0
-3.71,1625449482.0,64.0
3.34,1625449482.0,64.0
9.87,1625449482.0,64.0
15.69,1625449482.0,64.0
20.52,1625449482.0,64.0
24.08,1625449482.0,64.0
26.14,1625449482.0,64.0
26.71,1625449482.0,64.0
26.14,1625449482.0,64.0
25.02,1625449482.0,64.0
23.94,1625449482.0,64.0
23.3,1625449482.0,64.0
23.21,1625449482.0,64.0
23.46,1625449482.0,64.0
23.71,1625449482.0,64.0
23.64,1625449482.0,64.0
23.04,1625449482.0,64.0
21.9,1625449482.0,64.0
20.29,1625449482.0,64.0
18.33,1625449482.0,64.0
16.14,1625449482.0,64.0
13.79,1625449482.0,64.0
11.35,1625449482.0,64.0
8.89,1625449482.0,64.0
6.49,1625449482.0,64.0
4.19,1625449482.0,64.0
2.02,1625449482.0,64.0
-0.04,1625449482.0,64.0
-2.07,1625449482.0,64.0
-4.13,1625449482.0,64.0
-6.24,1625449482.0,64.0
-8.4,1625449482.0,64.0
-10.55,1625449482.0,64.0
-12.67,1625449482.0,64.0
-14.79,1625449482.0,64.0
-16.98,1625449482.0,64.0
-19.34,1625449482.0,64.0
-21.97,1625449482.0,64.0
-24.9,1625449482.0,64.0
-28.04,1625449482.0,64.0
-31.19,1625449482.0,64.0
-33.96,1625449482.0,64.0
-35.84,1625449482.0,64.0
-36.27,1625449482.0,64.0
-34.83,1625449482.0,64.0
-31.37,1625449482.0,64.0
-26.1,1625449482.0,64.0
-19.5,1625449482.0,64.0
-12.2,1625449482.0,64.0
-4.76,1625449482.0,64.0
2.45,1625449482.0,64.0
9.19,1625449482.0,64.0
15.27,1625449482.0,64.0
20.45,1625449482.0,64.0
24.44,1625449482.0,64.0
26.96,1625449482.0,64.0
27.97,1625449482.0,64.0
27.7,1625449482.0,64.0
26.63,1625449482.0,64.0
25.33,1625449482.0,64.0
24.25,1625449482.0,64.0
23.58,1625449482.0,64.0
23.19,1625449482.0,64.0
22.81,1625449482.0,64.0
22.15,1625449482.0,64.0
21.05,1625449482.0,64.0
19.54,1625449482.0,64.0
17.77,1625449482.0,64.0
15.91,1625449482.0,64.0
14.01,1625449482.0,64.0
12.02,1625449482.0,64.0
9.86,1625449482.0,64.0
7.5,1625449482.0,64.0
5.07,1625449482.0,64.0
2.72,1625449482.0,64.0
0.61,1625449482.0,64.0
-1.3,1625449482.0,64.0
-3.18,1625449482.0,64.0
-5.24,1625449482.0,64.0
-7.6,1625449482.0,64.0
-10.17,1625449482.0,64.0
-12.73,1625449482.0,64.0
-15.05,1625449482.0,64.0
-17.09,1625449482.0,64.0
-19.02,1625449482.0,64.0
-21.13,1625449482.0,64.0
-23.72,1625449482.0,64.0
-26.9,1625449482.0,64.0
-30.54,1625449482.0,64.0
-34.29,1625449482.0,64.0
-37.67,1625449482.0,64.0
-40.17,1625449482.0,64.0
-41.33,1625449482.0,64.0
-40.84,1625449482.0,64.0
-38.52,1625449482.0,64.0
-34.43,1625449482.0,64.0
-28.78,1625449482.0,64.0
-21.96,1625449482.0,64.0
-14.41,1625449482.0,64.0
-6.56,1625449482.0,64.0
1.21,1625449482.0,64.0
8.58,1625449482.0,64.0
15.32,1625449482.0,64.0
21.19,1625449482.0,64.0
25.96,1625449482.0,64.0
29.46,1625449482.0,64.0
31.61,1625449482.0,64.0
32.47,1625449482.0,64.0
32.31,1625449482.0,64.0
31.49,1625449482.0,64.0
30.43,1625449482.0,64.0
29.41,1625449482.0,64.0
28.51,1625449482.0,64.0
27.66,1625449482.0,64.0
26.68,1625449482.0,64.0
25.43,1625449482.0,64.0
23.88,1625449482.0,64.0
22.09,1625449482.0,64.0
20.17,1625449482.0,64.0
18.2,1625449482.0,64.0
16.17,1625449482.0,64.0
14.02,1625449482.0,64.0
11.72,1625449482.0,64.0
9.25,1625449482.0,64.0
6.65,1625449482.0,64.0
3.97,1625449482.0,64.0
1.24,1625449482.0,64.0
-1.55,1625449482.0,64.0
-4.44,1625449482.0,64.0
-7.43,1625449482.0,64.0
-10.49,1625449482.0,64.0
-13.48,1625449482.0,64.0
-16.22,1625449482.0,64.0
-18.61,1625449482.0,64.0
-20.6,1625449482.0,64.0
-22.35,1625449482.0,64.0
-24.13,1625449482.0,64.0
-26.28,1625449482.0,64.0
-29.07,1625449482.0,64.0
-32.53,1625449482.0,64.0
-36.39,1625449482.0,64.0
-40.06,1625449482.0,64.0
-42.84,1625449482.0,64.0
-43.98,1625449482.0,64.0
-43.01,1625449482.0,64.0
-39.79,1625449482.0,64.0
-34.56,1625449482.0,64.0
-27.85,1625449482.0,64.0
-20.27,1625449482.0,64.0
-12.39,1625449482.0,64.0
-4.56,1625449482.0,64.0
3.03,1625449482.0,64.0
10.3,1625449482.0,64.0
17.1,1625449482.0,64.0
23.11,1625449482.0,64.0
27.95,1625449482.0,64.0
31.3,1625449482.0,64.0
33.12,1625449482.0,64.0
33.64,1625449482.0,64.0
33.32,1625449482.0,64.0
32.62,1625449482.0,64.0
31.86,1625449482.0,64.0
31.08,1625449482.0,64.0
30.18,1625449482.0,64.0
29.03,1625449482.0,64.0
27.62,1625449482.0,64.0
26.01,1625449482.0,64.0
24.31,1625449482.0,64.0
22.52,1625449482.0,64.0
20.55,1625449482.0,64.0
18.3,1625449482.0,64.0
15.72,1625449482.0,64.0
12.95,1625449482.0,64.0
10.2,1625449482.0,64.0
7.7,1625449482.0,64.0
5.57,1625449482.0,64.0
3.8,1625449482.0,64.0
2.24,1625449482.0,64.0
0.71,1625449482.0,64.0
-0.97,1625449482.0,64.0
-2.89,1625449482.0,64.0
-5.11,1625449482.0,64.0
-7.59,1625449482.0,64.0
-10.27,1625449482.0,64.0
-13.08,1625449482.0,64.0
-15.97,1625449482.0,64.0
-18.86,1625449482.0,64.0
-21.77,1625449482.0,64.0
-24.74,1625449482.0,64.0
-27.91,1625449482.0,64.0
-31.35,1625449482.0,64.0
-35.02,1625449482.0,64.0
-38.65,1625449482.0,64.0
-41.72,1625449482.0,64.0
-43.59,1625449482.0,64.0
-43.72,1625449482.0,64.0
-41.84,1625449482.0,64.0
-38.04,1625449482.0,64.0
-32.7,1625449482.0,64.0
-26.29,1625449482.0,64.0
-19.22,1625449482.0,64.0
-11.7,1625449482.0,64.0
-3.87,1625449482.0,64.0
4.09,1625449482.0,64.0
11.86,1625449482.0,64.0
18.93,1625449482.0,64.0
24.73,1625449482.0,64.0
28.84,1625449482.0,64.0
31.13,1625449482.0,64.0
31.86,1625449482.0,64.0
31.53,1625449482.0,64.0
30.74,1625449482.0,64.0
29.98,1625449482.0,64.0
29.43,1625449482.0,64.0
29.03,1625449482.0,64.0
28.53,1625449482.0,64.0
27.65,1625449482.0,64.0
26.29,1625449482.0,64.0
24.55,1625449482.0,64.0
22.65,1625449482.0,64.0
20.79,1625449482.0,64.0
19.08,1625449482.0,64.0
17.45,1625449482.0,64.0
15.75,1625449482.0,64.0
13.82,1625449482.0,64.0
11.62,1625449482.0,64.0
9.16,1625449482.0,64.0
6.53,1625449482.0,64.0
3.82,1625449482.0,64.0
1.08,1625449482.0,64.0
-1.64,1625449482.0,64.0
-4.28,1625449482.0,64.0
-6.78,1625449482.0,64.0
-9.12,1625449482.0,64.0
-11.31,1625449482.0,64.0
-13.42,1625449482.0,64.0
-15.57,1625449482.0,64.0
-17.86,1625449482.0,64.0
-20.38,1625449482.0,64.0
-23.19,1625449482.0,64.0
-26.28,1625449482.0,64.0
-29.65,1625449482.0,64.0
-33.17,1625449482.0,64.0
-36.61,1625449482.0,64.0
-39.58,1625449482.0,64.0
-41.6,1625449482.0,64.0
-42.18,1625449482.0,64.0
-40.96,1625449482.0,64.0
-37.83,1625449482.0,64.0
-32.9,1625449482.0,64.0
-26.52,1625449482.0,64.0
-19.11,1625449482.0,64.0
-11.08,1625449482.0,64.0
-2.8,1625449482.0,64.0
5.4,1625449482.0,64.0
13.15,1625449482.0,64.0
20.0,1625449482.0,64.0
25.47,1625449482.0,64.0
29.17,1625449482.0,64.0
30.97,1625449482.0,64.0
31.13,1625449482.0,64.0
30.22,1625449482.0,64.0
28.97,1625449482.0,64.0
27.96,1625449482.0,64.0
27.46,1625449482.0,64.0
27.36,1625449482.0,64.0
27.28,1625449482.0,64.0
26.81,1625449482.0,64.0
25.65,1625449482.0,64.0
23.74,1625449482.0,64.0
21.26,1625449482.0,64.0
18.55,1625449482.0,64.0
15.9,1625449482.0,64.0
13.5,1625449482.0,64.0
11.38,1625449482.0,64.0
9.44,1625449482.0,64.0
7.56,1625449482.0,64.0
5.65,1625449482.0,64.0
3.69,1625449482.0,64.0
1.65,1625449482.0,64.0
-0.48,1625449482.0,64.0
-2.71,1625449482.0,64.0
-5.03,1625449482.0,64.0
-7.34,1625449482.0,64.0
-9.5,1625449482.0,64.0
-11.37,1625449482.0,64.0
-12.96,1625449482.0,64.0
-14.43,1625449482.0,64.0
-16.05,1625449482.0,64.0
-18.06,1625449482.0,64.0
-20.54,1625449482.0,64.0
-23.44,1625449482.0,64.0
-26.6,1625449482.0,64.0
-29.86,1625449482.0,64.0
-33.0,1625449482.0,64.0
-35.72,1625449482.0,64.0
-37.54,1625449482.0,64.0
-37.9,1625449482.0,64.0
-36.31,1625449482.0,64.0
-32.59,1625449482.0,64.0
-26.94,1625449482.0,64.0
-19.94,1625449482.0,64.0
-12.26,1625449482.0,64.0
-4.49,1625449482.0,64.0
3.0,1625449482.0,64.0
9.97,1625449482.0,64.0
16.22,1625449482.0,64.0
21.45,1625449482.0,64.0
25.32,1625449482.0,64.0
27.62,1625449482.0,64.0
28.43,1625449482.0,64.0
28.18,1625449482.0,64.0
27.44,1625449482.0,64.0
26.74,1625449482.0,64.0
26.35,1625449482.0,64.0
26.2,1625449482.0,64.0
26.04,1625449482.0,64.0
25.6,1625449482.0,64.0
24.75,1625449482.0,64.0
23.53,1625449482.0,64.0
22.04,1625449482.0,64.0
20.35,1625449482.0,64.0
18.42,1625449482.0,64.0
16.21,1625449482.0,64.0
13.74,1625449482.0,64.0
11.14,1625449482.0,64.0
8.65,1625449482.0,64.0
6.44,1625449482.0,64.0
4.6,1625449482.0,64.0
3.02,1625449482.0,64.0
1.52,1625449482.0,64.0
-0.1,1625449482.0,64.0
-1.95,1625449482.0,64.0
-4.01,1625449482.0,64.0
-6.17,1625449482.0,64.0
-8.33,1625449482.0,64.0
-10.45,1625449482.0,64.0
-12.55,1625449482.0,64.0
-14.74,1625449482.0,64.0
-17.09,1625449482.0,64.0
-19.63,1625449482.0,64.0
-22.35,1625449482.0,64.0
-25.21,1625449482.0,64.0
-28.16,1625449482.0,64.0
-31.13,1625449482.0,64.0
-33.91,1625449482.0,64.0
-36.08,1625449482.0,64.0
-37.08,1625449482.0,64.0
-36.29,1625449482.0,64.0
-33.29,1625449482.0,64.0
-28.06,1625449482.0,64.0
-20.95,1625449482.0,64.0
-12.65,1625449482.0,64.0
-3.9,1625449482.0,64.0
4.67,1625449482.0,64.0
12.59,1625449482.0,64.0
19.52,1625449482.0,64.0
25.13,1625449482.0,64.0
29.14,1625449482.0,64.0
31.36,1625449482.0,64.0
31.86,1625449482.0,64.0
30.96,1625449482.0,64.0
29.24,1625449482.0,64.0
27.32,1625449482.0,64.0
25.68,1625449482.0,64.0
24.51,1625449482.0,64.0
23.75,1625449482.0,64.0
23.18,1625449482.0,64.0
22.53,1625449482.0,64.0
21.61,1625449482.0,64.0
20.3,1625449482.0,64.0
18.6,1625449482.0,64.0
16.54,1625449482.0,64.0
14.22,1625449482.0,64.0
11.77,1625449482.0,64.0
9.35,1625449482.0,64.0
7.07,1625449482.0,64.0
4.99,1625449482.0,64.0
3.08,1625449482.0,64.0
1.21,1625449482.0,64.0
-0.79,1625449482.0,64.0
-3.04,1625449482.0,64.0
-5.58,1625449482.0,64.0
-8.33,1625449482.0,64.0
-11.1,1625449482.0,64.0
-13.73,1625449482.0,64.0
-16.07,1625449482.0,64.0
-18.1,1625449482.0,64.0
-19.92,1625449482.0,64.0
-21.73,1625449482.0,64.0
-23.8,1625449482.0,64.0
-26.3,1625449482.0,64.0
-29.31,1625449482.0,64.0
-32.62,1625449482.0,64.0
-35.79,1625449482.0,64.0
-38.18,1625449482.0,64.0
-39.12,1625449482.0,64.0
-38.11,1625449482.0,64.0
-34.98,1625449482.0,64.0
-29.94,1625449482.0,64.0
-23.46,1625449482.0,64.0
-16.15,1625449482.0,64.0
-8.51,1625449482.0,64.0
-0.88,1625449482.0,64.0
6.52,1625449482.0,64.0
13.51,1625449482.0,64.0
19.83,1625449482.0,64.0
25.12,1625449482.0,64.0
29.03,1625449482.0,64.0
31.4,1625449482.0,64.0
32.28,1625449482.0,64.0
32.03,1625449482.0,64.0
31.16,1625449482.0,64.0
30.15,1625449482.0,64.0
29.35,1625449482.0,64.0
28.81,1625449482.0,64.0
28.39,1625449482.0,64.0
27.79,1625449482.0,64.0
26.75,1625449482.0,64.0
25.15,1625449482.0,64.0
23.03,1625449482.0,64.0
20.53,1625449482.0,64.0
17.8,1625449482.0,64.0
14.96,1625449482.0,64.0
12.13,1625449482.0,64.0
9.37,1625449482.0,64.0
6.7,1625449482.0,64.0
4.15,1625449482.0,64.0
1.69,1625449482.0,64.0
-0.75,1625449482.0,64.0
-3.2,1625449482.0,64.0
-5.69,1625449482.0,64.0
-8.16,1625449482.0,64.0
-10.53,1625449482.0,64.0
-12.68,1625449482.0,64.0
-14.6,1625449482.0,64.0
-16.32,1625449482.0,64.0
-17.94,1625449482.0,64.0
-19.61,1625449482.0,64.0
-21.44,1625449482.0,64.0
-23.53,1625449482.0,64.0
-25.93,1625449482.0,64.0
-28.66,1625449482.0,64.0
-31.6,1625449482.0,64.0
-34.44,1625449482.0,64.0
-36.67,1625449482.0,64.0
-37.68,1625449482.0,64.0
-36.85,1625449482.0,64.0
-33.83,1625449482.0,64.0
-28.67,1625449482.0,64.0
-21.77,1625449482.0,64.0
-13.85,1625449482.0,64.0
-5.64,1625449482.0,64.0
2.26,1625449482.0,64.0
9.52,1625449482.0,64.0
15.94,1625449482.0,64.0
21.41,1625449482.0,64.0
25.8,1625449482.0,64.0
28.91,1625449482.0,64.0
30.67,1625449482.0,64.0
31.19,1625449482.0,64.0
30.84,1625449482.0,64.0
30.07,1625449482.0,64.0
29.29,1625449482.0,64.0
28.69,1625449482.0,64.0
28.19,1625449482.0,64.0
27.54,1625449482.0,64.0
26.51,1625449482.0,64.0
25.03,1625449482.0,64.0
23.2,1625449482.0,64.0
21.18,1625449482.0,64.0
19.12,1625449482.0,64.0
17.0,1625449482.0,64.0
14.73,1625449482.0,64.0
12.22,1625449482.0,64.0
9.5,1625449482.0,64.0
6.73,1625449482.0,64.0
4.14,1625449482.0,64.0
1.9,1625449482.0,64.0
0.04,1625449482.0,64.0
-1.58,1625449482.0,64.0
-3.19,1625449482.0,64.0
-4.99,1625449482.0,64.0
-7.09,1625449482.0,64.0
-9.5,1625449482.0,64.0
-12.13,1625449482.0,64.0
-14.92,1625449482.0,64.0
-17.81,1625449482.0,64.0
-20.78,1625449482.0,64.0
-23.84,1625449482.0,64.0
-27.0,1625449482.0,64.0
-30.24,1625449482.0,64.0
-33.52,1625449482.0,64.0
-36.64,1625449482.0,64.0
-39.3,1625449482.0,64.0
-41.02,1625449482.0,64.0
-41.26,1625449482.0,64.0
-39.61,1625449482.0,64.0
-35.91,1625449482.0,64.0
-30.35,1625449482.0,64.0
-23.4,1625449482.0,64.0
-15.69,1625449482.0,64.0
-7.79,1625449482.0,64.0
-0.11,1625449482.0,64.0
7.11,1625449482.0,64.0
13.66,1625449482.0,64.0
19.32,1625449482.0,64.0
23.81,1625449482.0,64.0
26.86,1625449482.0,64.0
28.38,1625449482.0,64.0
28.55,1625449482.0,64.0
27.81,1625449482.0,64.0
26.77,1625449482.0,64.0
25.93,1625449482.0,64.0
25.56,1625449482.0,64.0
25.59,1625449482.0,64.0
25.7,1625449482.0,64.0
25.5,1625449482.0,64.0
24.7,1625449482.0,64.0
23.24,1625449482.0,64.0
21.24,1625449482.0,64.0
18.93,1625449482.0,64.0
16.49,1625449482.0,64.0
14.02,1625449482.0,64.0
11.55,1625449482.0,64.0
9.08,1625449482.0,64.0
6.63,1625449482.0,64.0
4.23,1625449482.0,64.0
1.9,1625449482.0,64.0
-0.35,1625449482.0,64.0
-2.59,1625449482.0,64.0
-4.87,1625449482.0,64.0
-7.28,1625449482.0,64.0
-9.81,1625449482.0,64.0
-12.46,1625449482.0,64.0
-15.19,1625449482.0,64.0
-17.93,1625449482.0,64.0
-20.62,1625449482.0,64.0
-23.22,1625449482.0,64.0
-25.75,1625449482.0,64.0
-28.3,1625449482.0,64.0
-31.02,1625449482.0,64.0
-34.0,1625449482.0,64.0
-37.16,1625449482.0,64.0
-40.13,1625449482.0,64.0
-42.28,1625449482.0,64.0
-42.91,1625449482.0,64.0
-41.45,1625449482.0,64.0
-37.76,1625449482.0,64.0
-32.07,1625449482.0,64.0
-24.94,1625449482.0,64.0
-17.04,1625449482.0,64.0
-8.93,1625449482.0,64.0
-1.03,1625449482.0,64.0
6.41,1625449482.0,64.0
13.17,1625449482.0,64.0
18.99,1625449482.0,64.0
23.6,1625449482.0,64.0
26.8,1625449482.0,64.0
28.56,1625449482.0,64.0
29.09,1625449482.0,64.0
28.8,1625449482.0,64.0
28.15,1625449482.0,64.0
27.52,1625449482.0,64.0
27.05,1625449482.0,64.0
26.68,1625449482.0,64.0
26.22,1625449482.0,64.0
25.48,1625449482.0,64.0
24.38,1625449482.0,64.0
22.94,1625449482.0,64.0
21.23,1625449482.0,64.0
19.31,1625449482.0,64.0
17.19,1625449482.0,64.0
14.86,1625449482.0,64.0
12.35,1625449482.0,64.0
9.77,1625449482.0,64.0
7.27,1625449482.0,64.0
5.0,1625449482.0,64.0
3.02,1625449482.0,64.0
1.27,1625449482.0,64.0
-0.39,1625449482.0,64.0
-2.16,1625449482.0,64.0
-4.18,1625449482.0,64.0
-6.5,1625449482.0,64.0
-9.05,1625449482.0,64.0
-11.67,1625449482.0,64.0
-14.18,1625449482.0,64.0
-16.49,1625449482.0,64.0
-18.61,1625449482.0,64.0
-20.7,1625449482.0,64.0
-23.01,1625449482.0,64.0
-25.71,1625449482.0,64.0
-28.86,1625449482.0,64.0
-32.22,1625449482.0,64.0
-35.28,1625449482.0,64.0
-37.38,1625449482.0,64.0
-37.84,1625449482.0,64.0
-36.22,1625449482.0,64.0
-32.46,1625449482.0,64.0
-26.89,1625449482.0,64.0
-20.1,1625449482.0,64.0
-12.7,1625449482.0,64.0
-5.16,1625449482.0,64.0
2.24,1625449482.0,64.0
9.32,1625449482.0,64.0
15.8,1625449482.0,64.0
21.27,1625449482.0,64.0
25.24,1625449482.0,64.0
27.43,1625449482.0,64.0
27.91,1625449482.0,64.0
27.2,1625449482.0,64.0
26.02,1625449482.0,64.0
25.01,1625449482.0,64.0
24.5,1625449482.0,64.0
24.41,1625449482.0,64.0
24.45,1625449482.0,64.0
24.3,1625449482.0,64.0
23.75,1625449482.0,64.0
22.77,1625449482.0,64.0
21.44,1625449482.0,64.0
19.84,1625449482.0,64.0
18.05,1625449482.0,64.0
16.19,1625449482.0,64.0
14.35,1625449482.0,64.0
12.64,1625449482.0,64.0
11.09,1625449482.0,64.0
9.67,1625449482.0,64.0
8.24,1625449482.0,64.0
6.72,1625449482.0,64.0
5.05,1625449482.0,64.0
3.3,1625449482.0,64.0
1.54,1625449482.0,64.0
-0.2,1625449482.0,64.0
-1.96,1625449482.0,64.0
-3.81,1625449482.0,64.0
-5.82,1625449482.0,64.0
-8.04,1625449482.0,64.0
-10.48,1625449482.0,64.0
-13.17,1625449482.0,64.0
-16.07,1625449482.0,64.0
-19.02,1625449482.0,64.0
-21.66,1625449482.0,64.0
-23.49,1625449482.0,64.0
-24.06,1625449482.0,64.0
-23.22,1625449482.0,64.0
-21.27,1625449482.0,64.0
-18.95,1625449482.0,64.0
-17.15,1625449482.0,64.0
-16.61,1625449482.0,64.0
-17.62,1625449482.0,64.0
-20.01,1625449482.0,64.0
-23.27,1625449482.0,64.0
-26.71,1625449482.0,64.0
-29.72,1625449482.0,64.0
-31.79,1625449482.0,64.0
-32.53,1625449482.0,64.0
-31.62,1625449482.0,64.0
-28.88,1625449482.0,64.0
-24.28,1625449482.0,64.0
-18.03,1625449482.0,64.0
-10.56,1625449482.0,64.0
-2.46,1625449482.0,64.0
5.62,1625449482.0,64.0
13.07,1625449482.0,64.0
19.4,1625449482.0,64.0
24.28,1625449482.0,64.0
27.62,1625449482.0,64.0
29.49,1625449482.0,64.0
30.14,1625449482.0,64.0
29.88,1625449482.0,64.0
29.09,1625449482.0,64.0
28.07,1625449482.0,64.0
27.08,1625449482.0,64.0
26.22,1625449482.0,64.0
25.44,1625449482.0,64.0
24.56,1625449482.0,64.0
23.35,1625449482.0,64.0
21.62,1625449482.0,64.0
19.34,1625449482.0,64.0
16.63,1625449482.0,64.0
13.72,1625449482.0,64.0
10.86,1625449482.0,64.0
8.21,1625449482.0,64.0
5.8,1625449482.0,64.0
3.59,1625449482.0,64.0
1.47,1625449482.0,64.0
-0.62,1625449482.0,64.0
-2.72,1625449482.0,64.0
-4.88,1625449482.0,64.0
-7.13,1625449482.0,64.0
-9.52,1625449482.0,64.0
-12.13,1625449482.0,64.0
-15.0,1625449482.0,64.0
-18.14,1625449482.0,64.0
-21.51,1625449482.0,64.0
-25.07,1625449482.0,64.0
-28.76,1625449482.0,64.0
-32.5,1625449482.0,64.0
-36.16,1625449482.0,64.0
-39.49,1625449482.0,64.0
-42.09,1625449482.0,64.0
-43.41,1625449482.0,64.0
-42.93,1625449482.0,64.0
-40.26,1625449482.0,64.0
-35.42,1625449482.0,64.0
-28.78,1625449482.0,64.0
-21.0,1625449482.0,64.0
-12.77,1625449482.0,64.0
-4.61,1625449482.0,64.0
3.3,1625449482.0,64.0
10.9,1625449482.0,64.0
18.16,1625449482.0,64.0
24.8,1625449482.0,64.0
30.34,1625449482.0,64.0
34.24,1625449482.0,64.0
36.2,1625449482.0,64.0
36.36,1625449482.0,64.0
35.26,1625449482.0,64.0
33.67,1625449482.0,64.0
32.24,1625449482.0,64.0
31.26,1625449482.0,64.0
30.65,1625449482.0,64.0
30.02,1625449482.0,64.0
28.98,1625449482.0,64.0
27.35,1625449482.0,64.0
25.21,1625449482.0,64.0
22.82,1625449482.0,64.0
20.47,1625449482.0,64.0
18.26,1625449482.0,64.0
16.12,1625449482.0,64.0
13.83,1625449482.0,64.0
11.16,1625449482.0,64.0
8.02,1625449482.0,64.0
4.47,1625449482.0,64.0
0.75,1625449482.0,64.0
-2.9,1625449482.0,64.0
-6.26,1625449482.0,64.0
-9.27,1625449482.0,64.0
-11.95,1625449482.0,64.0
-14.43,1625449482.0,64.0
-16.9,1625449482.0,64.0
-19.5,1625449482.0,64.0
-22.34,1625449482.0,64.0
-25.44,1625449482.0,64.0
-28.76,1625449482.0,64.0
-32.21,1625449482.0,64.0
-35.64,1625449482.0,64.0
-38.88,1625449482.0,64.0
-41.61,1625449482.0,64.0
-43.43,1625449482.0,64.0
-43.81,1625449482.0,64.0
-42.31,1625449482.0,64.0
-38.73,1625449482.0,64.0
-33.16,1625449482.0,64.0
-26.03,1625449482.0,64.0
-17.95,1625449482.0,64.0
-9.48,1625449482.0,64.0
-1.04,1625449482.0,64.0
7.08,1625449482.0,64.0
14.64,1625449482.0,64.0
21.28,1625449482.0,64.0
26.56,1625449482.0,64.0
30.13,1625449482.0,64.0
31.85,1625449482.0,64.0
31.99,1625449482.0,64.0
31.13,1625449482.0,64.0
29.95,1625449482.0,64.0
28.96,1625449482.0,64.0
28.32,1625449482.0,64.0
27.85,1625449482.0,64.0
27.23,1625449482.0,64.0
26.13,1625449482.0,64.0
24.43,1625449482.0,64.0
22.22,1625449482.0,64.0
19.68,1625449482.0,64.0
17.05,1625449482.0,64.0
14.47,1625449482.0,64.0
12.03,1625449482.0,64.0
9.75,1625449482.0,64.0
7.59,1625449482.0,64.0
5.5,1625449482.0,64.0
3.42,1625449482.0,64.0
1.28,1625449482.0,64.0
-0.93,1625449482.0,64.0
-3.14,1625449482.0,64.0
-5.27,1625449482.0,64.0
-7.28,1625449482.0,64.0
-9.25,1625449482.0,64.0
-11.36,1625449482.0,64.0
-13.82,1625449482.0,64.0
-16.76,1625449482.0,64.0
-20.15,1625449482.0,64.0
-23.86,1625449482.0,64.0
-27.67,1625449482.0,64.0
-31.36,1625449482.0,64.0
-34.74,1625449482.0,64.0
-37.51,1625449482.0,64.0
-39.25,1625449482.0,64.0
-39.43,1625449482.0,64.0
-37.57,1625449482.0,64.0
-33.45,1625449482.0,64.0
-27.32,1625449482.0,64.0
-19.77,1625449482.0,64.0
-11.57,1625449482.0,64.0
-3.35,1625449482.0,64.0
4.5,1625449482.0,64.0
11.86,1625449482.0,64.0
18.64,1625449482.0,64.0
24.58,1625449482.0,64.0
29.29,1625449482.0,64.0
32.4,1625449482.0,64.0
33.76,1625449482.0,64.0
33.61,1625449482.0,64.0
32.5,1625449482.0,64.0
31.12,1625449482.0,64.0
29.98,1625449482.0,64.0
29.26,1625449482.0,64.0
28.84,1625449482.0,64.0
28.42,1625449482.0,64.0
27.73,1625449482.0,64.0
26.63,1625449482.0,64.0
25.05,1625449482.0,64.0
23.04,1625449482.0,64.0
20.64,1625449482.0,64.0
17.91,1625449482.0,64.0
14.94,1625449482.0,64.0
11.89,1625449482.0,64.0
8.91,1625449482.0,64.0
6.12,1625449482.0,64.0
3.55,1625449482.0,64.0
1.14,1625449482.0,64.0
-1.19,1625449482.0,64.0
-3.52,1625449482.0,64.0
-5.85,1625449482.0,64.0
-8.19,1625449482.0,64.0
-10.51,1625449482.0,64.0
-12.85,1625449482.0,64.0
-15.25,1625449482.0,64.0
-17.77,1625449482.0,64.0
-20.44,1625449482.0,64.0
-23.22,1625449482.0,64.0
-26.11,1625449482.0,64.0
-29.09,1625449482.0,64.0
-32.09,1625449482.0,64.0
-34.97,1625449482.0,64.0
-37.37,1625449482.0,64.0
-38.76,1625449482.0,64.0
-38.61,1625449482.0,64.0
-36.53,1625449482.0,64.0
-32.5,1625449482.0,64.0
-26.91,1625449482.0,64.0
-20.34,1625449482.0,64.0
-13.4,1625449482.0,64.0
-6.43,1625449482.0,64.0
0.52,1625449482.0,64.0
7.51,1625449482.0,64.0
14.47,1625449482.0,64.0
21.05,1625449482.0,64.0
26.67,1625449482.0,64.0
30.75,1625449482.0,64.0
33.02,1625449482.0,64.0
33.69,1625449482.0,64.0
33.33,1625449482.0,64.0
32.61,1625449482.0,64.0
32.01,1625449482.0,64.0
31.68,1625449482.0,64.0
31.4,1625449482.0,64.0
30.89,1625449482.0,64.0
29.93,1625449482.0,64.0
28.49,1625449482.0,64.0
26.69,1625449482.0,64.0
24.63,1625449482.0,64.0
22.34,1625449482.0,64.0
19.75,1625449482.0,64.0
16.85,1625449482.0,64.0
13.71,1625449482.0,64.0
10.55,1625449482.0,64.0
7.67,1625449482.0,64.0
5.32,1625449482.0,64.0
3.63,1625449482.0,64.0
2.49,1625449482.0,64.0
1.64,1625449482.0,64.0
0.71,1625449482.0,64.0
-0.57,1625449482.0,64.0
-2.35,1625449482.0,64.0
-4.57,1625449482.0,64.0
-7.08,1625449482.0,64.0
-9.68,1625449482.0,64.0
-12.26,1625449482.0,64.0
-14.84,1625449482.0,64.0
-17.54,1625449482.0,64.0
-20.49,1625449482.0,64.0
-23.74,1625449482.0,64.0
-27.26,1625449482.0,64.0
-30.95,1625449482.0,64.0
-34.57,1625449482.0,64.0
-37.82,1625449482.0,64.0
-40.24,1625449482.0,64.0
-41.28,1625449482.0,64.0
-40.43,1625449482.0,64.0
-37.4,1625449482.0,64.0
-32.25,1625449482.0,64.0
-25.44,1625449482.0,64.0
-17.64,1625449482.0,64.0
-9.51,1625449482.0,64.0
-1.54,1625449482.0,64.0
5.98,1625449482.0,64.0
12.86,1625449482.0,64.0
18.87,1625449482.0,64.0
23.69,1625449482.0,64.0
27.08,1625449482.0,64.0
28.95,1625449482.0,64.0
29.52,1625449482.0,64.0
29.22,1625449482.0,64.0
28.55,1625449482.0,64.0
27.88,1625449482.0,64.0
27.38,1625449482.0,64.0
26.97,1625449482.0,64.0
26.51,1625449482.0,64.0
25.82,1625449482.0,64.0
24.83,1625449482.0,64.0
23.48,1625449482.0,64.0
21.81,1625449482.0,64.0
19.87,1625449482.0,64.0
17.75,1625449482.0,64.0
15.52,1625449482.0,64.0
13.28,1625449482.0,64.0
11.03,1625449482.0,64.0
8.79,1625449482.0,64.0
6.52,1625449482.0,64.0
4.27,1625449482.0,64.0
2.06,1625449482.0,64.0
-0.03,1625449482.0,64.0
-2.03,1625449482.0,64.0
-4.0,1625449482.0,64.0
-6.04,1625449482.0,64.0
-8.2,1625449482.0,64.0
-10.46,1625449482.0,64.0
-12.7,1625449482.0,64.0
-14.82,1625449482.0,64.0
-16.76,1625449482.0,64.0
-18.59,1625449482.0,64.0
-20.45,1625449482.0,64.0
-22.5,1625449482.0,64.0
-24.83,1625449482.0,64.0
-27.42,1625449482.0,64.0
-30.09,1625449482.0,64.0
-32.54,1625449482.0,64.0
-34.4,1625449482.0,64.0
-35.23,1625449482.0,64.0
-34.67,1625449482.0,64.0
-32.49,1625449482.0,64.0
-28.65,1625449482.0,64.0
-23.33,1625449482.0,64.0
-16.89,1625449482.0,64.0
-9.76,1625449482.0,64.0
-2.39,1625449482.0,64.0
4.79,1625449482.0,64.0
11.35,1625449482.0,64.0
16.87,1625449482.0,64.0
21.0,1625449482.0,64.0
23.56,1625449482.0,64.0
24.61,1625449482.0,64.0
24.54,1625449482.0,64.0
23.9,1625449482.0,64.0
23.3,1625449482.0,64.0
23.09,1625449482.0,64.0
23.28,1625449482.0,64.0
23.54,1625449482.0,64.0
23.37,1625449482.0,64.0
22.32,1625449482.0,64.0
20.24,1625449482.0,64.0
17.34,1625449482.0,64.0
14.07,1625449482.0,64.0
11.0,1625449482.0,64.0
8.52,1625449482.0,64.0
6.77,1625449482.0,64.0
5.61,1625449482.0,64.0
4.73,1625449482.0,64.0
3.83,1625449482.0,64.0
2.76,1625449482.0,64.0
1.52,1625449482.0,64.0
0.24,1625449482.0,64.0
-0.98,1625449482.0,64.0
-2.13,1625449482.0,64.0
-3.3,1625449482.0,64.0
-4.64,1625449482.0,64.0
-6.22,1625449482.0,64.0
-8.06,1625449482.0,64.0
-10.09,1625449482.0,64.0
-12.27,1625449482.0,64.0
-14.64,1625449482.0,64.0
-17.31,1625449482.0,64.0
-20.4,1625449482.0,64.0
-23.87,1625449482.0,64.0
-27.52,1625449482.0,64.0
-30.91,1625449482.0,64.0
-33.46,1625449482.0,64.0
-34.66,1625449482.0,64.0
-34.13,1625449482.0,64.0
-31.77,1625449482.0,64.0
-27.75,1625449482.0,64.0
-22.44,1625449482.0,64.0
-16.31,1625449482.0,64.0
-9.77,1625449482.0,64.0
-3.15,1625449482.0,64.0
3.35,1625449482.0,64.0
9.5,1625449482.0,64.0
15.0,1625449482.0,64.0
19.47,1625449482.0,64.0
22.58,1625449482.0,64.0
24.14,1625449482.0,64.0
24.29,1625449482.0,64.0
23.44,1625449482.0,64.0
22.15,1625449482.0,64.0
20.92,1625449482.0,64.0
20.01,1625449482.0,64.0
19.41,1625449482.0,64.0
18.98,1625449482.0,64.0
18.53,1625449482.0,64.0
17.93,1625449482.0,64.0
17.13,1625449482.0,64.0
16.06,1625449482.0,64.0
14.63,1625449482.0,64.0
12.77,1625449482.0,64.0
10.49,1625449482.0,64.0
7.93,1625449482.0,64.0
5.31,1625449482.0,64.0
2.84,1625449482.0,64.0
0.63,1625449482.0,64.0
-1.32,1625449482.0,64.0
-3.15,1625449482.0,64.0
-4.97,1625449482.0,64.0
-6.85,1625449482.0,64.0
-8.77,1625449482.0,64.0
-10.69,1625449482.0,64.0
-12.63,1625449482.0,64.0
-14.68,1625449482.0,64.0
-16.98,1625449482.0,64.0
-19.64,1625449482.0,64.0
-22.68,1625449482.0,64.0
-25.98,1625449482.0,64.0
-29.36,1625449482.0,64.0
-32.66,1625449482.0,64.0
-35.75,1625449482.0,64.0
-38.49,1625449482.0,64.0
-40.65,1625449482.0,64.0
-41.88,1625449482.0,64.0
-41.74,1625449482.0,64.0
-39.84,1625449482.0,64.0
-36.08,1625449482.0,64.0
-30.69,1625449482.0,64.0
-24.18,1625449482.0,64.0
-17.15,1625449482.0,64.0
-10.04,1625449482.0,64.0
-3.09,1625449482.0,64.0
3.69,1625449482.0,64.0
10.24,1625449482.0,64.0
16.32,1625449482.0,64.0
21.49,1625449482.0,64.0
25.26,1625449482.0,64.0
27.34,1625449482.0,64.0
27.84,1625449482.0,64.0
27.28,1625449482.0,64.0
26.33,1625449482.0,64.0
25.56,1625449482.0,64.0
25.19,1625449482.0,64.0
25.11,1625449482.0,64.0
24.98,1625449482.0,64.0
24.52,1625449482.0,64.0
23.59,1625449482.0,64.0
22.27,1625449482.0,64.0
20.65,1625449482.0,64.0
18.81,1625449482.0,64.0
16.73,1625449482.0,64.0
14.33,1625449482.0,64.0
11.62,1625449482.0,64.0
8.7,1625449482.0,64.0
5.78,1625449482.0,64.0
3.1,1625449482.0,64.0
0.78,1625449482.0,64.0
-1.18,1625449482.0,64.0
-2.93,1625449482.0,64.0
-4.69,1625449482.0,64.0
-6.64,1625449482.0,64.0
-8.83,1625449482.0,64.0
-11.22,1625449482.0,64.0
-13.67,1625449482.0,64.0
-16.04,1625449482.0,64.0
-18.33,1625449482.0,64.0
-20.63,1625449482.0,64.0
-23.12,1625449482.0,64.0
-25.98,1625449482.0,64.0
-29.27,1625449482.0,64.0
-32.87,1625449482.0,64.0
-36.43,1625449482.0,64.0
-39.46,1625449482.0,64.0
-41.35,1625449482.0,64.0
-41.58,1625449482.0,64.0
-39.85,1625449482.0,64.0
-36.15,1625449482.0,64.0
-30.8,1625449482.0,64.0
-24.34,1625449482.0,64.0
-17.32,1625449482.0,64.0
-10.17,1625449482.0,64.0
-3.05,1625449482.0,64.0
3.99,1625449482.0,64.0
10.88,1625449482.0,64.0
17.36,1625449482.0,64.0
22.94,1625449482.0,64.0
27.08,1625449482.0,64.0
29.44,1625449482.0,64.0
30.09,1625449482.0,64.0
29.49,1625449482.0,64.0
28.33,1625449482.0,64.0
27.22,1625449482.0,64.0
26.47,1625449482.0,64.0
26.02,1625449482.0,64.0
25.66,1625449482.0,64.0
25.1,1625449482.0,64.0
24.25,1625449482.0,64.0
23.14,1625449482.0,64.0
21.84,1625449482.0,64.0
20.33,1625449482.0,64.0
18.51,1625449482.0,64.0
16.18,1625449482.0,64.0
13.23,1625449482.0,64.0
9.67,1625449482.0,64.0
5.72,1625449482.0,64.0
1.74,1625449482.0,64.0
-1.87,1625449482.0,64.0
-4.79,1625449482.0,64.0
-6.9,1625449482.0,64.0
-8.32,1625449482.0,64.0
-9.33,1625449482.0,64.0
-10.29,1625449482.0,64.0
-11.45,1625449482.0,64.0
-12.93,1625449482.0,64.0
-14.67,1625449482.0,64.0
-16.55,1625449482.0,64.0
-18.46,1625449482.0,64.0
-20.41,1625449482.0,64.0
-22.51,1625449482.0,64.0
-24.96,1625449482.0,64.0
-27.92,1625449482.0,64.0
-31.36,1625449482.0,64.0
-35.04,1625449482.0,64.0
-38.38,1625449482.0,64.0
-40.68,1625449482.0,64.0
-41.17,1625449482.0,64.0
-39.37,1625449482.0,64.0
-35.18,1625449482.0,64.0
-28.98,1625449482.0,64.0
-21.44,1625449482.0,64.0
-13.32,1625449482.0,64.0
-5.23,1625449482.0,64.0
2.48,1625449482.0,64.0
9.59,1625449482.0,64.0
15.93,1625449482.0,64.0
21.23,1625449482.0,64.0
25.2,1625449482.0,64.0
27.63,1625449482.0,64.0
28.55,1625449482.0,64.0
28.33,1625449482.0,64.0
27.52,1625449482.0,64.0
26.7,1625449482.0,64.0
26.23,1625449482.0,64.0
26.19,1625449482.0,64.0
26.36,1625449482.0,64.0
26.45,1625449482.0,64.0
26.14,1625449482.0,64.0
25.3,1625449482.0,64.0
23.91,1625449482.0,64.0
22.05,1625449482.0,64.0
19.86,1625449482.0,64.0
17.48,1625449482.0,64.0
15.02,1625449482.0,64.0
12.56,1625449482.0,64.0
10.15,1625449482.0,64.0
7.83,1625449482.0,64.0
5.65,1625449482.0,64.0
3.69,1625449482.0,64.0
1.96,1625449482.0,64.0
0.43,1625449482.0,64.0
-1.08,1625449482.0,64.0
-2.81,1625449482.0,64.0
-4.97,1625449482.0,64.0
-7.6,1625449482.0,64.0
-10.56,1625449482.0,64.0
-13.54,1625449482.0,64.0
-16.3,1625449482.0,64.0
-18.77,1625449482.0,64.0
-21.12,1625449482.0,64.0
-23.66,1625449482.0,64.0
-26.62,1625449482.0,64.0
-29.95,1625449482.0,64.0
-33.24,1625449482.0,64.0
-35.84,1625449482.0,64.0
-37.09,1625449482.0,64.0
-36.51,1625449482.0,64.0
-33.98,1625449482.0,64.0
-29.69,1625449482.0,64.0
-24.03,1625449482.0,64.0
-17.44,1625449482.0,64.0
-10.31,1625449482.0,64.0
-2.98,1625449482.0,64.0
4.22,1625449482.0,64.0
10.91,1625449482.0,64.0
16.69,1625449482.0,64.0
21.2,1625449482.0,64.0
24.26,1625449482.0,64.0
25.93,1625449482.0,64.0
26.48,1625449482.0,64.0
26.35,1625449482.0,64.0
25.94,1625449482.0,64.0
25.56,1625449482.0,64.0
25.31,1625449482.0,64.0
25.16,1625449482.0,64.0
24.95,1625449482.0,64.0
24.47,1625449482.0,64.0
23.57,1625449482.0,64.0
22.17,1625449482.0,64.0
20.31,1625449482.0,64.0
18.12,1625449482.0,64.0
15.8,1625449482.0,64.0
13.51,1625449482.0,64.0
11.34,1625449482.0,64.0
9.28,1625449482.0,64.0
7.25,1625449482.0,64.0
5.2,1625449482.0,64.0
3.08,1625449482.0,64.0
0.91,1625449482.0,64.0
-1.31,1625449482.0,64.0
-3.59,1625449482.0,64.0
-5.94,1625449482.0,64.0
-8.33,1625449482.0,64.0
-10.74,1625449482.0,64.0
-13.05,1625449482.0,64.0
-15.19,1625449482.0,64.0
-17.19,1625449482.0,64.0
-19.16,1625449482.0,64.0
-21.31,1625449482.0,64.0
-23.82,1625449482.0,64.0
-26.67,1625449482.0,64.0
-29.56,1625449482.0,64.0
-31.94,1625449482.0,64.0
-33.12,1625449482.0,64.0
-32.57,1625449482.0,64.0
-30.02,1625449482.0,64.0
-25.59,1625449482.0,64.0
-19.72,1625449482.0,64.0
-13.01,1625449482.0,64.0
-6.05,1625449482.0,64.0
0.72,1625449482.0,64.0
7.05,1625449482.0,64.0
12.75,1625449482.0,64.0
17.68,1625449482.0,64.0
21.68,1625449482.0,64.0
24.58,1625449482.0,64.0
26.31,1625449482.0,64.0
26.97,1625449482.0,64.0
26.83,1625449482.0,64.0
26.24,1625449482.0,64.0
25.55,1625449482.0,64.0
24.98,1625449482.0,64.0
24.53,1625449482.0,64.0
24.04,1625449482.0,64.0
23.28,1625449482.0,64.0
22.09,1625449482.0,64.0
20.45,1625449482.0,64.0
18.44,1625449482.0,64.0
16.23,1625449482.0,64.0
13.94,1625449482.0,64.0
11.62,1625449482.0,64.0
9.26,1625449482.0,64.0
6.83,1625449482.0,64.0
4.3,1625449482.0,64.0
1.67,1625449482.0,64.0
-1.05,1625449482.0,64.0
-3.79,1625449482.0,64.0
-6.49,1625449482.0,64.0
-9.06,1625449482.0,64.0
-11.42,1625449482.0,64.0
-13.58,1625449482.0,64.0
-15.65,1625449482.0,64.0
-17.79,1625449482.0,64.0
-20.16,1625449482.0,64.0
-22.82,1625449482.0,64.0
-25.76,1625449482.0,64.0
-28.89,1625449482.0,64.0
-32.11,1625449482.0,64.0
-35.24,1625449482.0,64.0
-38.0,1625449482.0,64.0
-39.93,1625449482.0,64.0
-40.46,1625449482.0,64.0
-39.06,1625449482.0,64.0
-35.46,1625449482.0,64.0
-29.87,1625449482.0,64.0
-22.82,1625449482.0,64.0
-15.06,1625449482.0,64.0
-7.2,1625449482.0,64.0
0.37,1625449482.0,64.0
7.55,1625449482.0,64.0
14.27,1625449482.0,64.0
20.39,1625449482.0,64.0
25.58,1625449482.0,64.0
29.44,1625449482.0,64.0
31.77,1625449482.0,64.0
32.64,1625449482.0,64.0
32.45,1625449482.0,64.0
31.74,1625449482.0,64.0
31.01,1625449482.0,64.0
30.51,1625449482.0,64.0
30.22,1625449482.0,64.0
29.86,1625449482.0,64.0
29.12,1625449482.0,64.0
27.76,1625449482.0,64.0
25.75,1625449482.0,64.0
23.22,1625449482.0,64.0
20.41,1625449482.0,64.0
17.53,1625449482.0,64.0
14.71,1625449482.0,64.0
12.0,1625449482.0,64.0
9.4,1625449482.0,64.0
6.89,1625449482.0,64.0
4.47,1625449482.0,64.0
2.15,1625449482.0,64.0
-0.11,1625449482.0,64.0
-2.36,1625449482.0,64.0
-4.65,1625449482.0,64.0
-6.99,1625449482.0,64.0
-9.4,1625449482.0,64.0
-11.87,1625449482.0,64.0
-14.42,1625449482.0,64.0
-17.11,1625449482.0,64.0
-20.02,1625449482.0,64.0
-23.22,1625449482.0,64.0
-26.73,1625449482.0,64.0
-30.47,1625449482.0,64.0
-34.21,1625449482.0,64.0
-37.54,1625449482.0,64.0
-39.93,1625449482.0,64.0
-40.83,1625449482.0,64.0
-39.79,1625449482.0,64.0
-36.65,1625449482.0,64.0
-31.55,1625449482.0,64.0
-24.92,1625449482.0,64.0
-17.33,1625449482.0,64.0
-9.33,1625449482.0,64.0
-1.39,1625449482.0,64.0
6.13,1625449482.0,64.0
12.92,1625449482.0,64.0
18.7,1625449482.0,64.0
23.23,1625449482.0,64.0
26.38,1625449482.0,64.0
28.18,1625449482.0,64.0
28.82,1625449482.0,64.0
28.63,1625449482.0,64.0
28.0,1625449482.0,64.0
27.29,1625449482.0,64.0
26.74,1625449482.0,64.0
26.42,1625449482.0,64.0
26.19,1625449482.0,64.0
25.81,1625449482.0,64.0
25.02,1625449482.0,64.0
23.66,1625449482.0,64.0
21.74,1625449482.0,64.0
19.43,1625449482.0,64.0
16.91,1625449482.0,64.0
14.34,1625449482.0,64.0
11.79,1625449482.0,64.0
9.24,1625449482.0,64.0
6.65,1625449482.0,64.0
4.0,1625449482.0,64.0
1.35,1625449482.0,64.0
-1.2,1625449482.0,64.0
-3.54,1625449482.0,64.0
-5.54,1625449482.0,64.0
-7.21,1625449482.0,64.0
-8.61,1625449482.0,64.0
-9.96,1625449482.0,64.0
-11.51,1625449482.0,64.0
-13.51,1625449482.0,64.0
-16.05,1625449482.0,64.0
-19.09,1625449482.0,64.0
-22.5,1625449482.0,64.0
-26.14,1625449482.0,64.0
-29.83,1625449482.0,64.0
-33.34,1625449482.0,64.0
-36.26,1625449482.0,64.0
-37.99,1625449482.0,64.0
-37.91,1625449482.0,64.0
-35.6,1625449482.0,64.0
-31.06,1625449482.0,64.0
-24.77,1625449482.0,64.0
-17.44,1625449482.0,64.0
-9.82,1625449482.0,64.0
-2.39,1625449482.0,64.0
4.6,1625449482.0,64.0
11.07,1625449482.0,64.0
16.86,1625449482.0,64.0
21.72,1625449482.0,64.0
25.35,1625449482.0,64.0
27.58,1625449482.0,64.0
28.5,1625449482.0,64.0
28.48,1625449482.0,64.0
27.95,1625449482.0,64.0
27.3,1625449482.0,64.0
26.74,1625449482.0,64.0
26.28,1625449482.0,64.0
25.8,1625449482.0,64.0
25.15,1625449482.0,64.0
24.23,1625449482.0,64.0
22.94,1625449482.0,64.0
21.23,1625449482.0,64.0
19.1,1625449482.0,64.0
16.61,1625449482.0,64.0
13.88,1625449482.0,64.0
11.05,1625449482.0,64.0
8.25,1625449482.0,64.0
5.54,1625449482.0,64.0
2.92,1625449482.0,64.0
0.38,1625449482.0,64.0
-2.02,1625449482.0,64.0
-4.22,1625449482.0,64.0
-6.14,1625449482.0,64.0
-7.74,1625449482.0,64.0
-9.16,1625449482.0,64.0
-10.57,1625449482.0,64.0
-12.18,1625449482.0,64.0
-14.13,1625449482.0,64.0
-16.43,1625449482.0,64.0
-19.02,1625449482.0,64.0
-21.82,1625449482.0,64.0
-24.81,1625449482.0,64.0
-27.99,1625449482.0,64.0
-31.29,1625449482.0,64.0
-34.45,1625449482.0,64.0
-37.02,1625449482.0,64.0
-38.39,1625449482.0,64.0
-38.04,1625449482.0,64.0
-35.66,1625449482.0,64.0
-31.3,1625449482.0,64.0
-25.35,1625449482.0,64.0
-18.37,1625449482.0,64.0
-10.91,1625449482.0,64.0
-3.39,1625449482.0,64.0
3.89,1625449482.0,64.0
10.69,1625449482.0,64.0
16.7,1625449482.0,64.0
21.58,1625449482.0,64.0
25.01,1625449482.0,64.0
26.86,1625449482.0,64.0
27.27,1625449482.0,64.0
26.65,1625449482.0,64.0
25.53,1625449482.0,64.0
24.43,1625449482.0,64.0
23.68,1625449482.0,64.0
23.36,1625449482.0,64.0
23.31,1625449482.0,64.0
23.25,1625449482.0,64.0
22.89,1625449482.0,64.0
22.04,1625449482.0,64.0
20.63,1625449482.0,64.0
18.74,1625449482.0,64.0
16.48,1625449482.0,64.0
14.02,1625449482.0,64.0
11.51,1625449482.0,64.0
9.07,1625449482.0,64.0
6.77,1625449482.0,64.0
4.67,1625449482.0,64.0
2.77,1625449482.0,64.0
1.02,1625449482.0,64.0
-0.7,1625449482.0,64.0
-2.53,1625449482.0,64.0
-4.59,1625449482.0,64.0
-6.86,1625449482.0,64.0
-9.25,1625449482.0,64.0
-11.59,1625449482.0,64.0
-13.78,1625449482.0,64.0
-15.84,1625449482.0,64.0
-17.9,1625449482.0,64.0
-20.18,1625449482.0,64.0
-22.81,1625449482.0,64.0
-25.75,1625449482.0,64.0
-28.73,1625449482.0,64.0
-31.32,1625449482.0,64.0
-33.03,1625449482.0,64.0
-33.41,1625449482.0,64.0
-32.14,1625449482.0,64.0
-29.07,1625449482.0,64.0
-24.29,1625449482.0,64.0
-18.08,1625449482.0,64.0
-10.91,1625449482.0,64.0
-3.39,1625449482.0,64.0
3.92,1625449482.0,64.0
10.56,1625449482.0,64.0
16.23,1625449482.0,64.0
20.76,1625449482.0,64.0
24.08,1625449482.0,64.0
26.17,1625449482.0,64.0
27.07,1625449482.0,64.0
26.95,1625449482.0,64.0
26.12,1625449482.0,64.0
25.0,1625449482.0,64.0
23.99,1625449482.0,64.0
23.34,1625449482.0,64.0
23.01,1625449482.0,64.0
22.73,1625449482.0,64.0
22.16,1625449482.0,64.0
21.04,1625449482.0,64.0
19.31,1625449482.0,64.0
17.1,1625449482.0,64.0
14.67,1625449482.0,64.0
12.25,1625449482.0,64.0
9.97,1625449482.0,64.0
7.79,1625449482.0,64.0
5.6,1625449482.0,64.0
3.24,1625449482.0,64.0
0.65,1625449482.0,64.0
-2.08,1625449482.0,64.0
-4.77,1625449482.0,64.0
-7.16,1625449482.0,64.0
-9.14,1625449482.0,64.0
-10.7,1625449482.0,64.0
-12.06,1625449482.0,64.0
-13.53,1625449482.0,64.0
-15.37,1625449482.0,64.0
-17.73,1625449482.0,64.0
-20.56,1625449482.0,64.0
-23.66,1625449482.0,64.0
-26.81,1625449482.0,64.0
-29.79,1625449482.0,64.0
-32.38,1625449482.0,64.0
-34.32,1625449482.0,64.0
-35.21,1625449482.0,64.0
-34.63,1625449482.0,64.0
-32.26,1625449482.0,64.0
-28.05,1625449482.0,64.0
-22.29,1625449482.0,64.0
-15.55,1625449482.0,64.0
-8.44,1625449482.0,64.0
-1.45,1625449482.0,64.0
5.16,1625449482.0,64.0
11.3,1625449482.0,64.0
16.86,1625449482.0,64.0
21.67,1625449482.0,64.0
25.42,1625449482.0,64.0
27.9,1625449482.0,64.0
29.1,1625449482.0,64.0
29.28,1625449482.0,64.0
28.88,1625449482.0,64.0
28.3,1625449482.0,64.0
27.76,1625449482.0,64.0
27.21,1625449482.0,64.0
26.45,1625449482.0,64.0
25.23,1625449482.0,64.0
23.43,1625449482.0,64.0
21.08,1625449482.0,64.0
18.34,1625449482.0,64.0
15.4,1625449482.0,64.0
12.49,1625449482.0,64.0
9.74,1625449482.0,64.0
7.23,1625449482.0,64.0
4.91,1625449482.0,64.0
2.66,1625449482.0,64.0
0.35,1625449482.0,64.0
-2.08,1625449482.0,64.0
-4.61,1625449482.0,64.0
-7.09,1625449482.0,64.0
-9.33,1625449482.0,64.0
-11.27,1625449482.0,64.0
-13.02,1625449482.0,64.0
-14.8,1625449482.0,64.0
-16.87,1625449482.0,64.0
-19.38,1625449482.0,64.0
-22.3,1625449482.0,64.0
-25.51,1625449482.0,64.0
-28.85,1625449482.0,64.0
-32.15,1625449482.0,64.0
-35.28,1625449482.0,64.0
-38.01,1625449482.0,64.0
-39.95,1625449482.0,64.0
-40.62,1625449482.0,64.0
-39.59,1625449482.0,64.0
-36.58,1625449482.0,64.0
-31.63,1625449482.0,64.0
-25.08,1625449482.0,64.0
-17.44,1625449482.0,64.0
-9.24,1625449482.0,64.0
-0.94,1625449482.0,64.0
7.05,1625449482.0,64.0
14.38,1625449482.0,64.0
20.66,1625449482.0,64.0
25.54,1625449482.0,64.0
28.83,1625449482.0,64.0
30.54,1625449482.0,64.0
30.98,1625449482.0,64.0
30.64,1625449482.0,64.0
29.95,1625449482.0,64.0
29.22,1625449482.0,64.0
28.53,1625449482.0,64.0
27.81,1625449482.0,64.0
26.94,1625449482.0,64.0
25.83,1625449482.0,64.0
24.45,1625449482.0,64.0
22.76,1625449482.0,64.0
20.79,1625449482.0,64.0
18.56,1625449482.0,64.0
16.13,1625449482.0,64.0
13.65,1625449482.0,64.0
11.2,1625449482.0,64.0
8.78,1625449482.0,64.0
6.31,1625449482.0,64.0
3.65,1625449482.0,64.0
0.7,1625449482.0,64.0
-2.44,1625449482.0,64.0
-5.59,1625449482.0,64.0
-8.49,1625449482.0,64.0
-11.03,1625449482.0,64.0
-13.24,1625449482.0,64.0
-15.34,1625449482.0,64.0
-17.58,1625449482.0,64.0
-20.13,1625449482.0,64.0
-23.05,1625449482.0,64.0
-26.25,1625449482.0,64.0
-29.62,1625449482.0,64.0
-33.05,1625449482.0,64.0
-36.39,1625449482.0,64.0
-39.42,1625449482.0,64.0
-41.76,1625449482.0,64.0
-42.93,1625449482.0,64.0
-42.4,1625449482.0,64.0
-39.77,1625449482.0,64.0
-34.93,1625449482.0,64.0
-28.14,1625449482.0,64.0
-19.93,1625449482.0,64.0
-11.01,1625449482.0,64.0
-2.01,1625449482.0,64.0
6.59,1625449482.0,64.0
14.49,1625449482.0,64.0
21.41,1625449482.0,64.0
27.07,1625449482.0,64.0
31.11,1625449482.0,64.0
33.3,1625449482.0,64.0
33.68,1625449482.0,64.0
32.64,1625449482.0,64.0
30.9,1625449482.0,64.0
29.2,1625449482.0,64.0
28.09,1625449482.0,64.0
27.68,1625449482.0,64.0
27.73,1625449482.0,64.0
27.8,1625449482.0,64.0
27.5,1625449482.0,64.0
26.62,1625449482.0,64.0
25.12,1625449482.0,64.0
23.11,1625449482.0,64.0
20.66,1625449482.0,64.0
17.87,1625449482.0,64.0
14.84,1625449482.0,64.0
11.76,1625449482.0,64.0
8.85,1625449482.0,64.0
6.32,1625449482.0,64.0
4.26,1625449482.0,64.0
2.59,1625449482.0,64.0
1.07,1625449482.0,64.0
-0.58,1625449482.0,64.0
-2.59,1625449482.0,64.0
-5.04,1625449482.0,64.0
-7.81,1625449482.0,64.0
-10.72,1625449482.0,64.0
-13.58,1625449482.0,64.0
-16.34,1625449482.0,64.0
-19.05,1625449482.0,64.0
-21.77,1625449482.0,64.0
-24.56,1625449482.0,64.0
-27.42,1625449482.0,64.0
-30.35,1625449482.0,64.0
-33.34,1625449482.0,64.0
-36.35,1625449482.0,64.0
-39.17,1625449482.0,64.0
-41.34,1625449482.0,64.0
-42.13,1625449482.0,64.0
-40.85,1625449482.0,64.0
-37.09,1625449482.0,64.0
-31.0,1625449482.0,64.0
-23.28,1625449482.0,64.0
-14.88,1625449482.0,64.0
-6.62,1625449482.0,64.0
1.06,1625449482.0,64.0
8.1,1625449482.0,64.0
14.64,1625449482.0,64.0
20.64,1625449482.0,64.0
25.83,1625449482.0,64.0
29.76,1625449482.0,64.0
32.1,1625449482.0,64.0
32.82,1625449482.0,64.0
32.36,1625449482.0,64.0
31.36,1625449482.0,64.0
30.44,1625449482.0,64.0
29.91,1625449482.0,64.0
29.71,1625449482.0,64.0
29.53,1625449482.0,64.0
29.03,1625449482.0,64.0
28.03,1625449482.0,64.0
26.52,1625449482.0,64.0
24.57,1625449482.0,64.0
22.27,1625449482.0,64.0
19.67,1625449482.0,64.0
16.8,1625449482.0,64.0
13.75,1625449482.0,64.0
10.72,1625449482.0,64.0
7.92,1625449482.0,64.0
5.5,1625449482.0,64.0
3.43,1625449482.0,64.0
1.55,1625449482.0,64.0
-0.39,1625449482.0,64.0
-2.53,1625449482.0,64.0
-4.88,1625449482.0,64.0
-7.33,1625449482.0,64.0
-9.79,1625449482.0,64.0
-12.19,1625449482.0,64.0
-14.56,1625449482.0,64.0
-16.93,1625449482.0,64.0
-19.32,1625449482.0,64.0
-21.71,1625449482.0,64.0
-24.1,1625449482.0,64.0
-26.53,1625449482.0,64.0
-29.05,1625449482.0,64.0
-31.66,1625449482.0,64.0
-34.18,1625449482.0,64.0
-36.21,1625449482.0,64.0
-37.2,1625449482.0,64.0
-36.66,1625449482.0,64.0
-34.31,1625449482.0,64.0
-30.14,1625449482.0,64.0
-24.44,1625449482.0,64.0
-17.61,1625449482.0,64.0
-10.03,1625449482.0,64.0
-2.05,1625449482.0,64.0
5.99,1625449482.0,64.0
13.66,1625449482.0,64.0
20.45,1625449482.0,64.0
25.84,1625449482.0,64.0
29.46,1625449482.0,64.0
31.26,1625449482.0,64.0
31.54,1625449482.0,64.0
30.83,1625449482.0,64.0
29.69,1625449482.0,64.0
28.57,1625449482.0,64.0
27.68,1625449482.0,64.0
27.01,1625449482.0,64.0
26.4,1625449482.0,64.0
25.62,1625449482.0,64.0
24.46,1625449482.0,64.0
22.77,1625449482.0,64.0
20.57,1625449482.0,64.0
18.0,1625449482.0,64.0
15.28,1625449482.0,64.0
12.62,1625449482.0,64.0
10.12,1625449482.0,64.0
7.77,1625449482.0,64.0
5.48,1625449482.0,64.0
3.16,1625449482.0,64.0
0.83,1625449482.0,64.0
-1.44,1625449482.0,64.0
-3.55,1625449482.0,64.0
-5.46,1625449482.0,64.0
-7.21,1625449482.0,64.0
-8.87,1625449482.0,64.0
-10.56,1625449482.0,64.0
-12.37,1625449482.0,64.0
-14.33,1625449482.0,64.0
-16.49,1625449482.0,64.0
-18.84,1625449482.0,64.0
-21.41,1625449482.0,64.0
-24.19,1625449482.0,64.0
-27.21,1625449482.0,64.0
-30.45,1625449482.0,64.0
-33.83,1625449482.0,64.0
-37.08,1625449482.0,64.0
-39.7,1625449482.0,64.0
-41.05,1625449482.0,64.0
-40.48,1625449482.0,64.0
-37.62,1625449482.0,64.0
-32.49,1625449482.0,64.0
-25.58,1625449482.0,64.0
-17.67,1625449482.0,64.0
-9.55,1625449482.0,64.0
-1.79,1625449482.0,64.0
5.3,1625449482.0,64.0
11.62,1625449482.0,64.0
17.1,1625449482.0,64.0
21.6,1625449482.0,64.0
24.94,1625449482.0,64.0
27.0,1625449482.0,64.0
27.84,1625449482.0,64.0
27.74,1625449482.0,64.0
27.14,1625449482.0,64.0
26.48,1625449482.0,64.0
26.04,1625449482.0,64.0
25.88,1625449482.0,64.0
25.86,1625449482.0,64.0
25.7,1625449482.0,64.0
25.18,1625449482.0,64.0
24.14,1625449482.0,64.0
22.56,1625449482.0,64.0
20.55,1625449482.0,64.0
18.23,1625449482.0,64.0
15.73,1625449482.0,64.0
13.13,1625449482.0,64.0
10.49,1625449482.0,64.0
7.86,1625449482.0,64.0
5.33,1625449482.0,64.0
2.96,1625449482.0,64.0
0.81,1625449482.0,64.0
-1.15,1625449482.0,64.0
-3.0,1625449482.0,64.0
-4.81,1625449482.0,64.0
-6.67,1625449482.0,64.0
-8.6,1625449482.0,64.0
-10.58,1625449482.0,64.0
-12.6,1625449482.0,64.0
-14.68,1625449482.0,64.0
-16.84,1625449482.0,64.0
-19.12,1625449482.0,64.0
-21.55,1625449482.0,64.0
-24.14,1625449482.0,64.0
-26.84,1625449482.0,64.0
-29.46,1625449482.0,64.0
-31.62,1625449482.0,64.0
-32.78,1625449482.0,64.0
-32.36,1625449482.0,64.0
-29.94,1625449482.0,64.0
-25.48,1625449482.0,64.0
-19.32,1625449482.0,64.0
-12.04,1625449482.0,64.0
-4.34,1625449482.0,64.0
3.19,1625449482.0,64.0
10.11,1625449482.0,64.0
16.01,1625449482.0,64.0
20.57,1625449482.0,64.0
23.51,1625449482.0,64.0
24.73,1625449482.0,64.0
24.46,1625449482.0,64.0
23.22,1625449482.0,64.0
21.69,1625449482.0,64.0
20.44,1625449482.0,64.0
19.79,1625449482.0,64.0
19.66,1625449482.0,64.0
19.75,1625449482.0,64.0
19.66,1625449482.0,64.0
19.07,1625449482.0,64.0
17.82,1625449482.0,64.0
15.95,1625449482.0,64.0
13.59,1625449482.0,64.0
10.94,1625449482.0,64.0
8.22,1625449482.0,64.0
5.65,1625449482.0,64.0
3.36,1625449482.0,64.0
1.42,1625449482.0,64.0
-0.27,1625449482.0,64.0
-1.86,1625449482.0,64.0
-3.51,1625449482.0,64.0
-5.32,1625449482.0,64.0
-7.31,1625449482.0,64.0
-9.43,1625449482.0,64.0
-11.63,1625449482.0,64.0
-13.93,1625449482.0,64.0
-16.38,1625449482.0,64.0
-19.0,1625449482.0,64.0
-21.76,1625449482.0,64.0
-24.56,1625449482.0,64.0
-27.26,1625449482.0,64.0
-29.74,1625449482.0,64.0
-31.91,1625449482.0,64.0
-33.65,1625449482.0,64.0
-34.73,1625449482.0,64.0
-34.82,1625449482.0,64.0
-33.57,1625449482.0,64.0
-30.73,1625449482.0,64.0
-26.32,1625449482.0,64.0
-20.61,1625449482.0,64.0
-14.06,1625449482.0,64.0
-7.1,1625449482.0,64.0
-0.06,1625449482.0,64.0
6.82,1625449482.0,64.0
13.34,1625449482.0,64.0
19.17,1625449482.0,64.0
23.92,1625449482.0,64.0
27.17,1625449482.0,64.0
28.73,1625449482.0,64.0
28.74,1625449482.0,64.0
27.72,1625449482.0,64.0
26.34,1625449482.0,64.0
25.19,1625449482.0,64.0
24.56,1625449482.0,64.0
24.42,1625449482.0,64.0
24.46,1625449482.0,64.0
24.32,1625449482.0,64.0
23.71,1625449482.0,64.0
22.51,1625449482.0,64.0
20.67,1625449482.0,64.0
18.25,1625449482.0,64.0
15.35,1625449482.0,64.0
12.16,1625449482.0,64.0
8.96,1625449482.0,64.0
6.01,1625449482.0,64.0
3.46,1625449482.0,64.0
1.25,1625449482.0,64.0
-0.86,1625449482.0,64.0
-3.15,1625449482.0,64.0
-5.76,1625449482.0,64.0
-8.63,1625449482.0,64.0
-11.52,1625449482.0,64.0
-14.18,1625449482.0,64.0
-16.51,1625449482.0,64.0
-18.57,1625449482.0,64.0
-20.54,1625449482.0,64.0
-22.64,1625449482.0,64.0
-25.01,1625449482.0,64.0
-27.71,1625449482.0,64.0
-30.74,1625449482.0,64.0
-33.95,1625449482.0,64.0
-37.03,1625449482.0,64.0
-39.49,1625449482.0,64.0
-40.7,1625449482.0,64.0
-40.08,1625449482.0,64.0
-37.29,1625449482.0,64.0
-32.36,1625449482.0,64.0
-25.72,1625449482.0,64.0
-18.01,1625449482.0,64.0
-9.89,1625449482.0,64.0
-1.86,1625449482.0,64.0
5.75,1625449482.0,64.0
12.73,1625449482.0,64.0
18.89,1625449482.0,64.0
23.93,1625449482.0,64.0
27.56,1625449482.0,64.0
29.64,1625449482.0,64.0
30.31,1625449482.0,64.0
29.96,1625449482.0,64.0
29.18,1625449482.0,64.0
28.47,1625449482.0,64.0
28.09,1625449482.0,64.0
27.96,1625449482.0,64.0
27.75,1625449482.0,64.0
27.12,1625449482.0,64.0
25.87,1625449482.0,64.0
23.99,1625449482.0,64.0
21.68,1625449482.0,64.0
19.16,1625449482.0,64.0
16.58,1625449482.0,64.0
14.0,1625449482.0,64.0
11.37,1625449482.0,64.0
8.65,1625449482.0,64.0
5.88,1625449482.0,64.0
3.14,1625449482.0,64.0
0.55,1625449482.0,64.0
-1.79,1625449482.0,64.0
-3.88,1625449482.0,64.0
-5.83,1625449482.0,64.0
-7.8,1625449482.0,64.0
-9.95,1625449482.0,64.0
-12.37,1625449482.0,64.0
-15.06,1625449482.0,64.0
-17.94,1625449482.0,64.0
-20.92,1625449482.0,64.0
-23.95,1625449482.0,64.0
-27.02,1625449482.0,64.0
-30.15,1625449482.0,64.0
-33.33,1625449482.0,64.0
-36.38,1625449482.0,64.0
-38.91,1625449482.0,64.0
-40.35,1625449482.0,64.0
-40.08,1625449482.0,64.0
-37.69,1625449482.0,64.0
-33.1,1625449482.0,64.0
-26.62,1625449482.0,64.0
-18.9,1625449482.0,64.0
-10.65,1625449482.0,64.0
-2.45,1625449482.0,64.0
5.35,1625449482.0,64.0
12.56,1625449482.0,64.0
19.0,1625449482.0,64.0
24.38,1625449482.0,64.0
28.37,1625449482.0,64.0
30.72,1625449482.0,64.0
31.43,1625449482.0,64.0
30.85,1625449482.0,64.0
29.53,1625449482.0,64.0
28.07,1625449482.0,64.0
26.86,1625449482.0,64.0
26.06,1625449482.0,64.0
25.5,1625449482.0,64.0
24.94,1625449482.0,64.0
24.13,1625449482.0,64.0
22.97,1625449482.0,64.0
21.5,1625449482.0,64.0
19.82,1625449482.0,64.0
18.04,1625449482.0,64.0
16.17,1625449482.0,64.0
14.17,1625449482.0,64.0
11.9,1625449482.0,64.0
9.29,1625449482.0,64.0
6.34,1625449482.0,64.0
3.15,1625449482.0,64.0
-0.06,1625449482.0,64.0
-3.1,1625449482.0,64.0
-5.87,1625449482.0,64.0
-8.34,1625449482.0,64.0
-10.56,1625449482.0,64.0
-12.58,1625449482.0,64.0
-14.46,1625449482.0,64.0
-16.24,1625449482.0,64.0
-18.03,1625449482.0,64.0
-19.96,1625449482.0,64.0
-22.21,1625449482.0,64.0
-24.9,1625449482.0,64.0
-28.05,1625449482.0,64.0
-31.51,1625449482.0,64.0
-34.93,1625449482.0,64.0
-37.82,1625449482.0,64.0
-39.58,1625449482.0,64.0
-39.64,1625449482.0,64.0
-37.6,1625449482.0,64.0
-33.36,1625449482.0,64.0
-27.19,1625449482.0,64.0
-19.7,1625449482.0,64.0
-11.58,1625449482.0,64.0
-3.45,1625449482.0,64.0
4.29,1625449482.0,64.0
11.46,1625449482.0,64.0
17.91,1625449482.0,64.0
23.44,1625449482.0,64.0
27.74,1625449482.0,64.0
30.55,1625449482.0,64.0
31.82,1625449482.0,64.0
31.82,1625449482.0,64.0
31.06,1625449482.0,64.0
30.11,1625449482.0,64.0
29.36,1625449482.0,64.0
28.86,1625449482.0,64.0
28.45,1625449482.0,64.0
27.86,1625449482.0,64.0
26.9,1625449482.0,64.0
25.51,1625449482.0,64.0
23.8,1625449482.0,64.0
21.85,1625449482.0,64.0
19.7,1625449482.0,64.0
17.33,1625449482.0,64.0
14.72,1625449482.0,64.0
11.9,1625449482.0,64.0
8.95,1625449482.0,64.0
6.03,1625449482.0,64.0
3.26,1625449482.0,64.0
0.69,1625449482.0,64.0
-1.7,1625449482.0,64.0
-3.95,1625449482.0,64.0
-6.1,1625449482.0,64.0
-8.15,1625449482.0,64.0
-10.06,1625449482.0,64.0
-11.83,1625449482.0,64.0
-13.52,1625449482.0,64.0
-15.25,1625449482.0,64.0
-17.19,1625449482.0,64.0
-19.43,1625449482.0,64.0
-21.99,1625449482.0,64.0
-24.82,1625449482.0,64.0
-27.84,1625449482.0,64.0
-30.92,1625449482.0,64.0
-33.86,1625449482.0,64.0
-36.31,1625449482.0,64.0
-37.75,1625449482.0,64.0
-37.62,1625449482.0,64.0
-35.42,1625449482.0,64.0
-31.01,1625449482.0,64.0
-24.63,1625449482.0,64.0
-16.91,1625449482.0,64.0
-8.59,1625449482.0,64.0
-0.29,1625449482.0,64.0
7.61,1625449482.0,64.0
14.91,1625449482.0,64.0
21.41,1625449482.0,64.0
26.82,1625449482.0,64.0
30.73,1625449482.0,64.0
32.83,1625449482.0,64.0
33.09,1625449482.0,64.0
31.92,1625449482.0,64.0
30.03,1625449482.0,64.0
28.23,1625449482.0,64.0
27.05,1625449482.0,64.0
26.59,1625449482.0,64.0
26.57,1625449482.0,64.0
26.45,1625449482.0,64.0
25.78,1625449482.0,64.0
24.33,1625449482.0,64.0
22.17,1625449482.0,64.0
19.52,1625449482.0,64.0
16.65,1625449482.0,64.0
13.75,1625449482.0,64.0
10.91,1625449482.0,64.0
8.2,1625449482.0,64.0
5.67,1625449482.0,64.0
3.4,1625449482.0,64.0
1.44,1625449482.0,64.0
-0.26,1625449482.0,64.0
-1.84,1625449482.0,64.0
-3.5,1625449482.0,64.0
-5.43,1625449482.0,64.0
-7.64,1625449482.0,64.0
-9.99,1625449482.0,64.0
-12.29,1625449482.0,64.0
-14.39,1625449482.0,64.0
-16.26,1625449482.0,64.0
-18.05,1625449482.0,64.0
-20.02,1625449482.0,64.0
-22.36,1625449482.0,64.0
-25.17,1625449482.0,64.0
-28.43,1625449482.0,64.0
-31.94,1625449482.0,64.0
-35.4,1625449482.0,64.0
-38.39,1625449482.0,64.0
-40.39,1625449482.0,64.0
-40.84,1625449482.0,64.0
-39.29,1625449482.0,64.0
-35.52,1625449482.0,64.0
-29.68,1625449482.0,64.0
-22.32,1625449482.0,64.0
-14.16,1625449482.0,64.0
-5.93,1625449482.0,64.0
1.84,1625449482.0,64.0
8.91,1625449482.0,64.0
15.14,1625449482.0,64.0
20.38,1625449482.0,64.0
24.43,1625449482.0,64.0
27.04,1625449482.0,64.0
28.14,1625449482.0,64.0
27.94,1625449482.0,64.0
26.92,1625449482.0,64.0
25.72,1625449482.0,64.0
24.84,1625449482.0,64.0
24.48,1625449482.0,64.0
24.51,1625449482.0,64.0
24.58,1625449482.0,64.0
24.31,1625449482.0,64.0
23.52,1625449482.0,64.0
22.2,1625449482.0,64.0
20.5,1625449482.0,64.0
18.57,1625449482.0,64.0
16.49,1625449482.0,64.0
14.28,1625449482.0,64.0
11.89,1625449482.0,64.0
9.34,1625449482.0,64.0
6.72,1625449482.0,64.0
4.21,1625449482.0,64.0
1.96,1625449482.0,64.0
0.02,1625449482.0,64.0
-1.7,1625449482.0,64.0
-3.42,1625449482.0,64.0
-5.33,1625449482.0,64.0
-7.53,1625449482.0,64.0
-9.95,1625449482.0,64.0
-12.4,1625449482.0,64.0
-14.62,1625449482.0,64.0
-16.51,1625449482.0,64.0
-18.1,1625449482.0,64.0
-19.63,1625449482.0,64.0
-21.41,1625449482.0,64.0
-23.69,1625449482.0,64.0
-26.53,1625449482.0,64.0
-29.71,1625449482.0,64.0
-32.72,1625449482.0,64.0
-34.91,1625449482.0,64.0
-35.6,1625449482.0,64.0
-34.32,1625449482.0,64.0
-30.91,1625449482.0,64.0
-25.57,1625449482.0,64.0
-18.79,1625449482.0,64.0
-11.2,1625449482.0,64.0
-3.42,1625449482.0,64.0
4.05,1625449482.0,64.0
10.85,1625449482.0,64.0
16.67,1625449482.0,64.0
21.23,1625449482.0,64.0
24.32,1625449482.0,64.0
25.87,1625449482.0,64.0
26.07,1625449482.0,64.0
25.35,1625449482.0,64.0
24.28,1625449482.0,64.0
23.36,1625449482.0,64.0
22.84,1625449482.0,64.0
22.63,1625449482.0,64.0
22.46,1625449482.0,64.0
22.0,1625449482.0,64.0
21.06,1625449482.0,64.0
19.64,1625449482.0,64.0
17.89,1625449482.0,64.0
15.97,1625449482.0,64.0
14.0,1625449482.0,64.0
11.98,1625449482.0,64.0
9.92,1625449482.0,64.0
7.82,1625449482.0,64.0
5.74,1625449482.0,64.0
3.73,1625449482.0,64.0
1.85,1625449482.0,64.0
0.12,1625449482.0,64.0
-1.45,1625449482.0,64.0
-2.86,1625449482.0,64.0
-4.14,1625449482.0,64.0
-5.35,1625449482.0,64.0
-6.65,1625449482.0,64.0
-8.25,1625449482.0,64.0
-10.31,1625449482.0,64.0
-12.89,1625449482.0,64.0
-15.85,1625449482.0,64.0
-18.94,1625449482.0,64.0
-21.86,1625449482.0,64.0
-24.46,1625449482.0,64.0
-26.65,1625449482.0,64.0
-28.35,1625449482.0,64.0
-29.35,1625449482.0,64.0
-29.2,1625449482.0,64.0
-27.4,1625449482.0,64.0
-23.68,1625449482.0,64.0
-18.2,1625449482.0,64.0
-11.6,1625449482.0,64.0
-4.72,1625449482.0,64.0
1.72,1625449482.0,64.0
7.38,1625449482.0,64.0
12.18,1625449482.0,64.0
16.17,1625449482.0,64.0
19.24,1625449482.0,64.0
21.14,1625449482.0,64.0
21.62,1625449482.0,64.0
20.77,1625449482.0,64.0
19.03,1625449482.0,64.0
17.1,1625449482.0,64.0
15.63,1625449482.0,64.0
14.86,1625449482.0,64.0
14.61,1625449482.0,64.0
14.42,1625449482.0,64.0
13.85,1625449482.0,64.0
12.69,1625449482.0,64.0
11.02,1625449482.0,64.0
9.12,1625449482.0,64.0
7.27,1625449482.0,64.0
5.66,1625449482.0,64.0
4.29,1625449482.0,64.0
3.02,1625449482.0,64.0
1.63,1625449482.0,64.0
-0.05,1625449482.0,64.0
-2.08,1625449482.0,64.0
-4.31,1625449482.0,64.0
-6.49,1625449482.0,64.0
-8.32,1625449482.0,64.0
-9.64,1625449482.0,64.0
-10.46,1625449482.0,64.0
-10.97,1625449482.0,64.0
-11.47,1625449482.0,64.0
-12.24,1625449482.0,64.0
-13.47,1625449482.0,64.0
-15.25,1625449482.0,64.0
-17.55,1625449482.0,64.0
-20.25,1625449482.0,64.0
-23.08,1625449482.0,64.0
-25.65,1625449482.0,64.0
-27.44,1625449482.0,64.0
-27.86,1625449482.0,64.0
-26.4,1625449482.0,64.0
-22.84,1625449482.0,64.0
-17.36,1625449482.0,64.0
-10.48,1625449482.0,64.0
-2.94,1625449482.0,64.0
4.56,1625449482.0,64.0
11.57,1625449482.0,64.0
17.9,1625449482.0,64.0
23.47,1625449482.0,64.0
28.14,1625449482.0,64.0
31.62,1625449482.0,64.0
33.5,1625449482.0,64.0
33.48,1625449482.0,64.0
31.64,1625449482.0,64.0
28.47,1625449482.0,64.0
24.75,1625449482.0,64.0
21.32,1625449482.0,64.0
18.75,1625449482.0,64.0
17.22,1625449482.0,64.0
16.55,1625449482.0,64.0
16.31,1625449482.0,64.0
16.03,1625449482.0,64.0
15.29,1625449482.0,64.0
13.83,1625449482.0,64.0
11.54,1625449482.0,64.0
8.42,1625449482.0,64.0
4.47,1625449482.0,64.0
-0.37,1625449482.0,64.0
-6.11,1625449482.0,64.0
-12.71,1625449482.0,64.0
-19.87,1625449482.0,64.0
-27.05,1625449482.0,64.0
-33.59,1625449482.0,64.0
-38.96,1625449482.0,64.0
-42.95,1625449482.0,64.0
-45.71,1625449482.0,64.0
-47.66,1625449482.0,64.0
-49.25,1625449482.0,64.0
-50.85,1625449482.0,64.0
-52.74,1625449482.0,64.0
-55.16,1625449482.0,64.0
-58.28,1625449482.0,64.0
-62.05,1625449482.0,64.0
-65.96,1625449482.0,64.0
-68.88,1625449482.0,64.0
-69.4,1625449482.0,64.0
-66.19,1625449482.0,64.0
-58.65,1625449482.0,64.0
-47.17,1625449482.0,64.0
-33.11,1625449482.0,64.0
-18.34,1625449482.0,64.0
-4.65,1625449482.0,64.0
6.7,1625449482.0,64.0
15.18,1625449482.0,64.0
20.92,1625449482.0,64.0
24.48,1625449482.0,64.0
26.64,1625449482.0,64.0
28.16,1625449482.0,64.0
29.63,1625449482.0,64.0
31.4,1625449482.0,64.0
33.5,1625449482.0,64.0
35.7,1625449482.0,64.0
37.65,1625449482.0,64.0
39.03,1625449482.0,64.0
39.65,1625449482.0,64.0
39.51,1625449482.0,64.0
38.78,1625449482.0,64.0
37.72,1625449482.0,64.0
36.61,1625449482.0,64.0
35.66,1625449482.0,64.0
35.0,1625449482.0,64.0
34.62,1625449482.0,64.0
34.37,1625449482.0,64.0
34.03,1625449482.0,64.0
33.35,1625449482.0,64.0
32.12,1625449482.0,64.0
30.2,1625449482.0,64.0
27.56,1625449482.0,64.0
24.36,1625449482.0,64.0
20.9,1625449482.0,64.0
17.59,1625449482.0,64.0
14.83,1625449482.0,64.0
12.78,1625449482.0,64.0
11.25,1625449482.0,64.0
9.81,1625449482.0,64.0
8.01,1625449482.0,64.0
5.67,1625449482.0,64.0
3.15,1625449482.0,64.0
1.27,1625449482.0,64.0
0.91,1625449482.0,64.0
2.72,1625449482.0,64.0
6.87,1625449482.0,64.0
13.18,1625449482.0,64.0
21.32,1625449482.0,64.0
30.85,1625449482.0,64.0
41.16,1625449482.0,64.0
51.33,1625449482.0,64.0
60.26,1625449482.0,64.0
67.18,1625449482.0,64.0
72.21,1625449482.0,64.0
76.43,1625449482.0,64.0
81.38,1625449482.0,64.0
88.01,1625449482.0,64.0
95.8,1625449482.0,64.0
102.7,1625449482.0,64.0
106.01,1625449482.0,64.0
103.9,1625449482.0,64.0
96.35,1625449482.0,64.0
85.22,1625449482.0,64.0
73.52,1625449482.0,64.0
64.58,1625449482.0,64.0
61.48,1625449482.0,64.0
66.65,1625449482.0,64.0
81.26,1625449482.0,64.0
104.31,1625449482.0,64.0
131.9,1625449482.0,64.0
157.73,1625449482.0,64.0
175.03,1625449482.0,64.0
179.07,1625449482.0,64.0
169.23,1625449482.0,64.0
149.13,1625449482.0,64.0
124.83,1625449482.0,64.0
102.05,1625449482.0,64.0
84.03,1625449482.0,64.0
70.96,1625449482.0,64.0
61.05,1625449482.0,64.0
52.19,1625449482.0,64.0
43.2,1625449482.0,64.0
34.08,1625449482.0,64.0
25.53,1625449482.0,64.0
18.43,1625449482.0,64.0
13.54,1625449482.0,64.0
11.38,1625449482.0,64.0
11.99,1625449482.0,64.0
14.73,1625449482.0,64.0
18.09,1625449482.0,64.0
19.71,1625449482.0,64.0
16.8,1625449482.0,64.0
6.69,1625449482.0,64.0
-12.45,1625449482.0,64.0
-41.03,1625449482.0,64.0
-77.56,1625449482.0,64.0
-118.78,1625449482.0,64.0
-160.25,1625449482.0,64.0
-197.59,1625449482.0,64.0
-227.74,1625449482.0,64.0
-249.68,1625449482.0,64.0
-264.33,1625449482.0,64.0
-273.68,1625449482.0,64.0
-279.66,1625449482.0,64.0
-283.23,1625449482.0,64.0
-284.35,1625449482.0,64.0
-282.35,1625449482.0,64.0
-276.54,1625449482.0,64.0
-266.85,1625449482.0,64.0
-253.71,1625449482.0,64.0
-237.75,1625449482.0,64.0
-219.2,1625449482.0,64.0
-197.3,1625449482.0,64.0
-170.23,1625449482.0,64.0
-135.52,1625449482.0,64.0
-91.0,1625449482.0,64.0
-36.11,1625449482.0,64.0
27.04,1625449482.0,64.0
93.74,1625449482.0,64.0
157.9,1625449482.0,64.0
214.06,1625449482.0,64.0
259.35,1625449482.0,64.0
294.06,1625449482.0,64.0
320.82,1625449482.0,64.0
342.46,1625449482.0,64.0
360.07,1625449482.0,64.0
372.26,1625449482.0,64.0
376.11,1625449482.0,64.0
369.16,1625449482.0,64.0
351.2,1625449482.0,64.0
324.81,1625449482.0,64.0
294.23,1625449482.0,64.0
263.36,1625449482.0,64.0
234.08,1625449482.0,64.0
205.66,1625449482.0,64.0
175.8,1625449482.0,64.0
142.49,1625449482.0,64.0
105.51,1625449482.0,64.0
66.65,1625449482.0,64.0
28.99,1625449482.0,64.0
-4.78,1625449482.0,64.0
-33.79,1625449482.0,64.0
-59.36,1625449482.0,64.0
-84.39,1625449482.0,64.0
-112.15,1625449482.0,64.0
-145.39,1625449482.0,64.0
-185.54,1625449482.0,64.0
-232.56,1625449482.0,64.0
-284.25,1625449482.0,64.0
-336.08,1625449482.0,64.0
-381.19,1625449482.0,64.0
-411.43,1625449482.0,64.0
-419.95,1625449482.0,64.0
-403.72,1625449482.0,64.0
-365.19,1625449482.0,64.0
-311.68,1625449482.0,64.0
-252.79,1625449482.0,64.0
-197.07,1625449482.0,64.0
-149.37,1625449482.0,64.0
-110.63,1625449482.0,64.0
-79.52,1625449482.0,64.0
-54.88,1625449482.0,64.0
-37.15,1625449482.0,64.0
-28.17,1625449482.0,64.0
-29.61,1625449482.0,64.0
-41.46,1625449482.0,64.0
-61.64,1625449482.0,64.0
-86.9,1625449482.0,64.0
-114.0,1625449482.0,64.0
-140.09,1625449482.0,64.0
-162.48,1625449482.0,64.0
-178.16,1625449482.0,64.0
-184.04,1625449482.0,64.0
-178.29,1625449482.0,64.0
-161.95,1625449482.0,64.0
-139.27,1625449482.0,64.0
-116.78,1625449482.0,64.0
-101.08,1625449482.0,64.0
-96.05,1625449482.0,64.0
-101.63,1625449482.0,64.0
-113.62,1625449482.0,64.0
-125.17,1625449482.0,64.0
-128.55,1625449482.0,64.0
-117.14,1625449482.0,64.0
-87.65,1625449482.0,64.0
-41.83,1625449482.0,64.0
12.4,1625449482.0,64.0
61.96,1625449482.0,64.0
91.56,1625449482.0,64.0
88.47,1625449482.0,64.0
47.55,1625449482.0,64.0
-26.25,1625449482.0,64.0
-119.01,1625449482.0,64.0
-212.38,1625449482.0,64.0
-289.58,1625449482.0,64.0
-340.25,1625449482.0,64.0
-362.33,1625449482.0,64.0
-360.67,1625449482.0,64.0
-343.41,1625449482.0,64.0
-318.24,1625449482.0,64.0
-290.21,1625449482.0,64.0
-261.49,1625449482.0,64.0
-232.58,1625449482.0,64.0
-203.76,1625449482.0,64.0
-175.79,1625449482.0,64.0
-149.5,1625449482.0,64.0
-125.06,1625449482.0,64.0
-101.17,1625449482.0,64.0
-75.65,1625449482.0,64.0
-46.48,1625449482.0,64.0
-13.0,1625449482.0,64.0
23.68,1625449482.0,64.0
61.32,1625449482.0,64.0
97.55,1625449482.0,64.0
131.08,1625449482.0,64.0
162.03,1625449482.0,64.0
191.33,1625449482.0,64.0
219.7,1625449482.0,64.0
246.81,1625449482.0,64.0
271.07,1625449482.0,64.0
290.19,1625449482.0,64.0
302.19,1625449482.0,64.0
306.25,1625449482.0,64.0
303.09,1625449482.0,64.0
294.66,1625449482.0,64.0
283.49,1625449482.0,64.0
271.82,1625449482.0,64.0
261.11,1625449482.0,64.0
251.77,1625449482.0,64.0
243.28,1625449482.0,64.0
234.54,1625449482.0,64.0
224.31,1625449482.0,64.0
211.76,1625449482.0,64.0
196.79,1625449482.0,64.0
180.18,1625449482.0,64.0
163.35,1625449482.0,64.0
147.87,1625449482.0,64.0
134.94,1625449482.0,64.0
124.95,1625449482.0,64.0
117.44,1625449482.0,64.0
111.29,1625449482.0,64.0
105.34,1625449482.0,64.0
98.81,1625449482.0,64.0
91.66,1625449482.0,64.0
84.45,1625449482.0,64.0
77.95,1625449482.0,64.0
72.72,1625449482.0,64.0
68.75,1625449482.0,64.0
65.46,1625449482.0,64.0
62.02,1625449482.0,64.0
57.56,1625449482.0,64.0
51.34,1625449482.0,64.0
42.75,1625449482.0,64.0
31.54,1625449482.0,64.0
18.32,1625449482.0,64.0
5.09,1625449482.0,64.0
-4.75,1625449482.0,64.0
-7.43,1625449482.0,64.0
-0.58,1625449482.0,64.0
15.18,1625449482.0,64.0
35.72,1625449482.0,64.0
54.69,1625449482.0,64.0
66.02,1625449482.0,64.0
66.41,1625449482.0,64.0
56.46,1625449482.0,64.0
39.76,1625449482.0,64.0
20.82,1625449482.0,64.0
2.85,1625449482.0,64.0
-13.1,1625449482.0,64.0
-27.6,1625449482.0,64.0
-41.32,1625449482.0,64.0
-53.91,1625449482.0,64.0
-63.91,1625449482.0,64.0
-69.65,1625449482.0,64.0
-70.37,1625449482.0,64.0
-66.87,1625449482.0,64.0
-61.15,1625449482.0,64.0
-55.49,1625449482.0,64.0
-51.3,1625449482.0,64.0
-48.61,1625449482.0,64.0
-46.27,1625449482.0,64.0
-42.72,1625449482.0,64.0
-36.91,1625449482.0,64.0
-28.9,1625449482.0,64.0
-19.83,1625449482.0,64.0
-11.41,1625449482.0,64.0
-5.06,1625449482.0,64.0
-1.38,1625449482.0,64.0
0.1,1625449482.0,64.0
0.54,1625449482.0,64.0
1.16,1625449482.0,64.0
2.69,1625449482.0,64.0
5.03,1625449482.0,64.0
7.46,1625449482.0,64.0
9.1,1625449482.0,64.0
9.42,1625449482.0,64.0
8.47,1625449482.0,64.0
6.86,1625449482.0,64.0
5.31,1625449482.0,64.0
4.32,1625449482.0,64.0
3.91,1625449482.0,64.0
3.69,1625449482.0,64.0
3.11,1625449482.0,64.0
1.75,1625449482.0,64.0
-0.54,1625449482.0,64.0
-3.65,1625449482.0,64.0
-7.23,1625449482.0,64.0
-10.88,1625449482.0,64.0
-14.15,1625449482.0,64.0
-16.6,1625449482.0,64.0
-17.83,1625449482.0,64.0
-17.54,1625449482.0,64.0
-15.66,1625449482.0,64.0
-12.36,1625449482.0,64.0
-8.03,1625449482.0,64.0
-3.16,1625449482.0,64.0
1.85,1625449482.0,64.0
6.74,1625449482.0,64.0
11.47,1625449482.0,64.0
16.04,1625449482.0,64.0
20.41,1625449482.0,64.0
24.33,1625449482.0,64.0
27.39,1625449482.0,64.0
29.16,1625449482.0,64.0
29.41,1625449482.0,64.0
28.26,1625449482.0,64.0
26.18,1625449482.0,64.0
23.83,1625449482.0,64.0
21.84,1625449482.0,64.0
20.5,1625449482.0,64.0
19.76,1625449482.0,64.0
19.23,1625449482.0,64.0
18.47,1625449482.0,64.0
17.15,1625449482.0,64.0
15.24,1625449482.0,64.0
12.94,1625449482.0,64.0
10.58,1625449482.0,64.0
8.46,1625449482.0,64.0
6.7,1625449482.0,64.0
5.25,1625449482.0,64.0
3.94,1625449482.0,64.0
2.56,1625449482.0,64.0
1.0,1625449482.0,64.0
-0.73,1625449482.0,64.0
-2.53,1625449482.0,64.0
-4.24,1625449482.0,64.0
-5.75,1625449482.0,64.0
-7.06,1625449482.0,64.0
-8.28,1625449482.0,64.0
-9.59,1625449482.0,64.0
-11.13,1625449482.0,64.0
-13.01,1625449482.0,64.0
-15.19,1625449482.0,64.0
-17.53,1625449482.0,64.0
-19.88,1625449482.0,64.0
-22.04,1625449482.0,64.0
-23.87,1625449482.0,64.0
-25.2,1625449482.0,64.0
-25.84,1625449482.0,64.0
-25.56,1625449482.0,64.0
-24.15,1625449482.0,64.0
-21.51,1625449482.0,64.0
-17.73,1625449482.0,64.0
-13.13,1625449482.0,64.0
-8.15,1625449482.0,64.0
-3.18,1625449482.0,64.0
1.51,1625449482.0,64.0
5.81,1625449482.0,64.0
9.69,1625449482.0,64.0
13.04,1625449482.0,64.0
15.68,1625449482.0,64.0
17.34,1625449482.0,64.0
17.94,1625449482.0,64.0
17.58,1625449482.0,64.0
16.65,1625449482.0,64.0
15.6,1625449482.0,64.0
14.78,1625449482.0,64.0
14.32,1625449482.0,64.0
14.1,1625449482.0,64.0
13.92,1625449482.0,64.0
13.54,1625449482.0,64.0
12.88,1625449482.0,64.0
11.91,1625449482.0,64.0
10.67,1625449482.0,64.0
9.21,1625449482.0,64.0
7.58,1625449482.0,64.0
5.89,1625449482.0,64.0
4.26,1625449482.0,64.0
2.85,1625449482.0,64.0
1.69,1625449482.0,64.0
0.67,1625449482.0,64.0
-0.42,1625449482.0,64.0
-1.78,1625449482.0,64.0
-3.51,1625449482.0,64.0
-5.5,1625449482.0,64.0
-7.51,1625449482.0,64.0
-9.24,1625449482.0,64.0
-10.58,1625449482.0,64.0
-11.56,1625449482.0,64.0
-12.42,1625449482.0,64.0
-13.47,1625449482.0,64.0
-14.94,1625449482.0,64.0
-16.89,1625449482.0,64.0
-19.22,1625449482.0,64.0
-21.7,1625449482.0,64.0
-24.0,1625449482.0,64.0
-25.78,1625449482.0,64.0
-26.68,1625449482.0,64.0
-26.39,1625449482.0,64.0
-24.72,1625449482.0,64.0
-21.69,1625449482.0,64.0
-17.54,1625449482.0,64.0
-12.7,1625449482.0,64.0
-7.65,1625449482.0,64.0
-2.78,1625449482.0,64.0
1.71,1625449482.0,64.0
5.73,1625449482.0,64.0
9.27,1625449482.0,64.0
12.25,1625449482.0,64.0
14.51,1625449482.0,64.0
15.92,1625449482.0,64.0
16.46,1625449482.0,64.0
16.28,1625449482.0,64.0
15.71,1625449482.0,64.0
15.1,1625449482.0,64.0
14.7,1625449482.0,64.0
14.57,1625449482.0,64.0
14.6,1625449482.0,64.0
14.54,1625449482.0,64.0
14.2,1625449482.0,64.0
13.49,1625449482.0,64.0
12.45,1625449482.0,64.0
11.22,1625449482.0,64.0
9.89,1625449482.0,64.0
8.53,1625449482.0,64.0
7.16,1625449482.0,64.0
5.76,1625449482.0,64.0
4.36,1625449482.0,64.0
2.99,1625449482.0,64.0
1.7,1625449482.0,64.0
0.49,1625449482.0,64.0
-0.69,1625449482.0,64.0
-1.91,1625449482.0,64.0
-3.22,1625449482.0,64.0
-4.6,1625449482.0,64.0
-6.01,1625449482.0,64.0
-7.44,1625449482.0,64.0
-8.89,1625449482.0,64.0
-10.43,1625449482.0,64.0
-12.11,1625449482.0,64.0
-13.93,1625449482.0,64.0
-15.87,1625449482.0,64.0
-17.9,1625449482.0,64.0
-19.97,1625449482.0,64.0
-22.02,1625449482.0,64.0
-23.9,1625449482.0,64.0
-25.33,1625449482.0,64.0
-25.98,1625449482.0,64.0
-25.47,1625449482.0,64.0
-23.59,1625449482.0,64.0
-20.39,1625449482.0,64.0
-16.18,1625449482.0,64.0
-11.43,1625449482.0,64.0
-6.64,1625449482.0,64.0
-2.14,1625449482.0,64.0
1.96,1625449482.0,64.0
5.72,1625449482.0,64.0
9.22,1625449482.0,64.0
12.47,1625449482.0,64.0
15.3,1625449482.0,64.0
17.45,1625449482.0,64.0
18.7,1625449482.0,64.0
19.0,1625449482.0,64.0
18.52,1625449482.0,64.0
17.6,1625449482.0,64.0
16.63,1625449482.0,64.0
15.86,1625449482.0,64.0
15.32,1625449482.0,64.0
14.89,1625449482.0,64.0
14.35,1625449482.0,64.0
13.56,1625449482.0,64.0
12.55,1625449482.0,64.0
11.47,1625449482.0,64.0
10.47,1625449482.0,64.0
9.64,1625449482.0,64.0
8.88,1625449482.0,64.0
8.0,1625449482.0,64.0
6.81,1625449482.0,64.0
5.28,1625449482.0,64.0
3.5,1625449482.0,64.0
1.7,1625449482.0,64.0
0.05,1625449482.0,64.0
-1.39,1625449482.0,64.0
-2.73,1625449482.0,64.0
-4.11,1625449482.0,64.0
-5.61,1625449482.0,64.0
-7.23,1625449482.0,64.0
-8.88,1625449482.0,64.0
-10.55,1625449482.0,64.0
-12.24,1625449482.0,64.0
-14.0,1625449482.0,64.0
-15.84,1625449482.0,64.0
-17.66,1625449482.0,64.0
-19.33,1625449482.0,64.0
-20.76,1625449482.0,64.0
-21.93,1625449482.0,64.0
-22.81,1625449482.0,64.0
-23.32,1625449482.0,64.0
-23.23,1625449482.0,64.0
-22.2,1625449482.0,64.0
-19.94,1625449482.0,64.0
-16.39,1625449482.0,64.0
-11.8,1625449482.0,64.0
-6.66,1625449482.0,64.0
-1.46,1625449482.0,64.0
3.45,1625449482.0,64.0
7.92,1625449482.0,64.0
11.89,1625449482.0,64.0
15.27,1625449482.0,64.0
17.85,1625449482.0,64.0
19.4,1625449482.0,64.0
19.82,1625449482.0,64.0
19.22,1625449482.0,64.0
17.96,1625449482.0,64.0
16.54,1625449482.0,64.0
15.38,1625449482.0,64.0
14.72,1625449482.0,64.0
14.53,1625449482.0,64.0
14.65,1625449482.0,64.0
14.83,1625449482.0,64.0
14.8,1625449482.0,64.0
14.39,1625449482.0,64.0
13.47,1625449482.0,64.0
12.01,1625449482.0,64.0
10.1,1625449482.0,64.0
7.94,1625449482.0,64.0
5.76,1625449482.0,64.0
3.81,1625449482.0,64.0
2.18,1625449482.0,64.0
0.86,1625449482.0,64.0
-0.32,1625449482.0,64.0
-1.52,1625449482.0,64.0
-2.89,1625449482.0,64.0
-4.49,1625449482.0,64.0
-6.35,1625449482.0,64.0
-8.49,1625449482.0,64.0
-10.82,1625449482.0,64.0
-13.16,1625449482.0,64.0
-15.19,1625449482.0,64.0
-16.54,1625449482.0,64.0
-16.97,1625449482.0,64.0
-16.51,1625449482.0,64.0
-15.52,1625449482.0,64.0
-14.56,1625449482.0,64.0
-14.19,1625449482.0,64.0
-14.71,1625449482.0,64.0
-16.06,1625449482.0,64.0
-17.85,1625449482.0,64.0
-19.49,1625449482.0,64.0
-20.4,1625449482.0,64.0
-20.18,1625449482.0,64.0
-18.69,1625449482.0,64.0
-16.03,1625449482.0,64.0
-12.47,1625449482.0,64.0
-8.33,1625449482.0,64.0
-3.9,1625449482.0,64.0
0.61,1625449482.0,64.0
5.01,1625449482.0,64.0
9.05,1625449482.0,64.0
12.46,1625449482.0,64.0
14.95,1625449482.0,64.0
16.39,1625449482.0,64.0
16.88,1625449482.0,64.0
16.72,1625449482.0,64.0
16.33,1625449482.0,64.0
16.03,1625449482.0,64.0
15.94,1625449482.0,64.0
15.93,1625449482.0,64.0
15.76,1625449482.0,64.0
15.28,1625449482.0,64.0
14.45,1625449482.0,64.0
13.43,1625449482.0,64.0
12.43,1625449482.0,64.0
11.63,1625449482.0,64.0
11.04,1625449482.0,64.0
10.5,1625449482.0,64.0
9.76,1625449482.0,64.0
8.6,1625449482.0,64.0
6.94,1625449482.0,64.0
4.88,1625449482.0,64.0
2.67,1625449482.0,64.0
0.61,1625449482.0,64.0
-1.07,1625449482.0,64.0
-2.3,1625449482.0,64.0
-3.1,1625449482.0,64.0
-3.62,1625449482.0,64.0
-4.07,1625449482.0,64.0
-4.66,1625449482.0,64.0
-5.61,1625449482.0,64.0
-7.09,1625449482.0,64.0
-9.2,1625449482.0,64.0
-11.88,1625449482.0,64.0
-14.95,1625449482.0,64.0
-18.11,1625449482.0,64.0
-21.03,1625449482.0,64.0
-23.4,1625449482.0,64.0
-24.95,1625449482.0,64.0
-25.46,1625449482.0,64.0
-24.79,1625449482.0,64.0
-22.89,1625449482.0,64.0
-19.87,1625449482.0,64.0
-15.93,1625449482.0,64.0
-11.4,1625449482.0,64.0
-6.58,1625449482.0,64.0
-1.74,1625449482.0,64.0
2.95,1625449482.0,64.0
7.32,1625449482.0,64.0
11.19,1625449482.0,64.0
14.31,1625449482.0,64.0
16.45,1625449482.0,64.0
17.53,1625449482.0,64.0
17.65,1625449482.0,64.0
17.14,1625449482.0,64.0
16.43,1625449482.0,64.0
15.88,1625449482.0,64.0
15.7,1625449482.0,64.0
15.83,1625449482.0,64.0
16.04,1625449482.0,64.0
16.06,1625449482.0,64.0
15.63,1625449482.0,64.0
14.67,1625449482.0,64.0
13.22,1625449482.0,64.0
11.45,1625449482.0,64.0
9.54,1625449482.0,64.0
7.66,1625449482.0,64.0
5.88,1625449482.0,64.0
4.22,1625449482.0,64.0
2.63,1625449482.0,64.0
1.04,1625449482.0,64.0
-0.6,1625449482.0,64.0
-2.27,1625449482.0,64.0
-3.92,1625449482.0,64.0
-5.48,1625449482.0,64.0
-6.92,1625449482.0,64.0
-8.28,1625449482.0,64.0
-9.68,1625449482.0,64.0
-11.22,1625449482.0,64.0
-13.0,1625449482.0,64.0
-15.01,1625449482.0,64.0
-17.2,1625449482.0,64.0
-19.47,1625449482.0,64.0
-21.71,1625449482.0,64.0
-23.79,1625449482.0,64.0
-25.43,1625449482.0,64.0
-26.32,1625449482.0,64.0
-26.1,1625449482.0,64.0
-24.55,1625449482.0,64.0
-21.67,1625449482.0,64.0
-17.7,1625449482.0,64.0
-13.06,1625449482.0,64.0
-8.11,1625449482.0,64.0
-3.06,1625449482.0,64.0
2.01,1625449482.0,64.0
7.04,1625449482.0,64.0
11.86,1625449482.0,64.0
16.1,1625449482.0,64.0
19.35,1625449482.0,64.0
21.3,1625449482.0,64.0
21.95,1625449482.0,64.0
21.59,1625449482.0,64.0
20.67,1625449482.0,64.0
19.68,1625449482.0,64.0
18.89,1625449482.0,64.0
18.34,1625449482.0,64.0
17.88,1625449482.0,64.0
17.31,1625449482.0,64.0
16.47,1625449482.0,64.0
15.33,1625449482.0,64.0
13.98,1625449482.0,64.0
12.52,1625449482.0,64.0
11.03,1625449482.0,64.0
9.5,1625449482.0,64.0
7.88,1625449482.0,64.0
6.13,1625449482.0,64.0
4.32,1625449482.0,64.0
2.58,1625449482.0,64.0
1.07,1625449482.0,64.0
-0.15,1625449482.0,64.0
-1.13,1625449482.0,64.0
-2.07,1625449482.0,64.0
-3.21,1625449482.0,64.0
-4.73,1625449482.0,64.0
-6.7,1625449482.0,64.0
-9.05,1625449482.0,64.0
-11.62,1625449482.0,64.0
-14.27,1625449482.0,64.0
-16.89,1625449482.0,64.0
-19.48,1625449482.0,64.0
-22.06,1625449482.0,64.0
-24.59,1625449482.0,64.0
-26.85,1625449482.0,64.0
-28.44,1625449482.0,64.0
-28.85,1625449482.0,64.0
-27.61,1625449482.0,64.0
-24.53,1625449482.0,64.0
-19.83,1625449482.0,64.0
-14.06,1625449482.0,64.0
-7.97,1625449482.0,64.0
-2.21,1625449482.0,64.0
2.91,1625449482.0,64.0
7.43,1625449482.0,64.0
11.67,1625449482.0,64.0
15.92,1625449482.0,64.0
20.25,1625449482.0,64.0
24.39,1625449482.0,64.0
27.79,1625449482.0,64.0
29.88,1625449482.0,64.0
30.26,1625449482.0,64.0
29.03,1625449482.0,64.0
26.77,1625449482.0,64.0
24.45,1625449482.0,64.0
23.07,1625449482.0,64.0
23.31,1625449482.0,64.0
25.19,1625449482.0,64.0
27.98,1625449482.0,64.0
30.47,1625449482.0,64.0
31.46,1625449482.0,64.0
30.33,1625449482.0,64.0
27.41,1625449482.0,64.0
23.86,1625449482.0,64.0
21.23,1625449482.0,64.0
20.69,1625449482.0,64.0
22.53,1625449482.0,64.0
25.99,1625449482.0,64.0
29.61,1625449482.0,64.0
31.82,1625449482.0,64.0
31.42,1625449482.0,64.0
27.81,1625449482.0,64.0
21.07,1625449482.0,64.0
12.18,1625449482.0,64.0
3.33,1625449482.0,64.0
-2.1,1625449482.0,64.0
-0.28,1625449482.0,64.0
11.36,1625449482.0,64.0
32.4,1625449482.0,64.0
58.39,1625449482.0,64.0
81.8,1625449482.0,64.0
94.5,1625449482.0,64.0
91.12,1625449482.0,64.0
71.28,1625449482.0,64.0
39.74,1625449482.0,64.0
4.31,1625449482.0,64.0
-27.36,1625449482.0,64.0
-50.38,1625449482.0,64.0
-63.51,1625449482.0,64.0
-68.34,1625449482.0,64.0
-67.58,1625449482.0,64.0
-63.74,1625449482.0,64.0
-58.56,1625449482.0,64.0
-53.39,1625449482.0,64.0
-49.54,1625449482.0,64.0
-48.24,1625449482.0,64.0
-50.06,1625449482.0,64.0
-54.33,1625449482.0,64.0
-58.9,1625449482.0,64.0
-60.82,1625449482.0,64.0
-57.53,1625449482.0,64.0
-48.14,1625449482.0,64.0
-33.89,1625449482.0,64.0
-17.65,1625449482.0,64.0
-2.56,1625449482.0,64.0
9.28,1625449482.0,64.0
17.65,1625449482.0,64.0
23.96,1625449482.0,64.0
30.23,1625449482.0,64.0
37.88,1625449482.0,64.0
46.86,1625449482.0,64.0
55.49,1625449482.0,64.0
61.16,1625449482.0,64.0
61.51,1625449482.0,64.0
55.8,1625449482.0,64.0
46.02,1625449482.0,64.0
37.14,1625449482.0,64.0
36.24,1625449482.0,64.0
50.3,1625449482.0,64.0
83.38,1625449482.0,64.0
134.21,1625449482.0,64.0
195.35,1625449482.0,64.0
254.77,1625449482.0,64.0
299.32,1625449482.0,64.0
318.95,1625449482.0,64.0
310.0,1625449482.0,64.0
276.21,1625449482.0,64.0
227.18,1625449482.0,64.0
175.08,1625449482.0,64.0
130.97,1625449482.0,64.0
102.14,1625449482.0,64.0
91.17,1625449482.0,64.0
96.47,1625449482.0,64.0
113.82,1625449482.0,64.0
137.98,1625449482.0,64.0
164.0,1625449482.0,64.0
187.84,1625449482.0,64.0
206.76,1625449482.0,64.0
219.45,1625449482.0,64.0
226.23,1625449482.0,64.0
228.9,1625449482.0,64.0
230.21,1625449482.0,64.0
232.88,1625449482.0,64.0
238.26,1625449482.0,64.0
245.7,1625449482.0,64.0
252.63,1625449482.0,64.0
255.65,1625449482.0,64.0
251.92,1625449482.0,64.0
240.2,1625449482.0,64.0
221.11,1625449482.0,64.0
196.54,1625449482.0,64.0
168.74,1625449482.0,64.0
139.66,1625449482.0,64.0
110.66,1625449482.0,64.0
82.63,1625449482.0,64.0
56.09,1625449482.0,64.0
31.14,1625449482.0,64.0
7.31,1625449482.0,64.0
-16.31,1625449482.0,64.0
-40.77,1625449482.0,64.0
-66.63,1625449482.0,64.0
-93.59,1625449482.0,64.0
-120.63,1625449482.0,64.0
-146.45,1625449482.0,64.0
-170.25,1625449482.0,64.0
-192.09,1625449482.0,64.0
-212.94,1625449482.0,64.0
-234.31,1625449482.0,64.0
-257.74,1625449482.0,64.0
-284.4,1625449482.0,64.0
-314.8,1625449482.0,64.0
-348.57,1625449482.0,64.0
-384.26,1625449482.0,64.0
-419.41,1625449482.0,64.0
-451.0,1625449482.0,64.0
-476.29,1625449482.0,64.0
-493.67,1625449482.0,64.0
-503.18,1625449482.0,64.0
-506.31,1625449482.0,64.0
-505.2,1625449482.0,64.0
-501.55,1625449482.0,64.0
-495.93,1625449482.0,64.0
-487.7,1625449482.0,64.0
-475.6,1625449482.0,64.0
-458.56,1625449482.0,64.0
-436.28,1625449482.0,64.0
-409.27,1625449482.0,64.0
-378.51,1625449482.0,64.0
-345.03,1625449482.0,64.0
-309.57,1625449482.0,64.0
-272.58,1625449482.0,64.0
-234.41,1625449482.0,64.0
-195.53,1625449482.0,64.0
-156.64,1625449482.0,64.0
-118.7,1625449482.0,64.0
-82.84,1625449482.0,64.0
-50.08,1625449482.0,64.0
-21.12,1625449482.0,64.0
3.83,1625449482.0,64.0
25.07,1625449482.0,64.0
43.22,1625449482.0,64.0
58.9,1625449482.0,64.0
72.45,1625449482.0,64.0
83.8,1625449482.0,64.0
92.6,1625449482.0,64.0
98.52,1625449482.0,64.0
101.57,1625449482.0,64.0
102.24,1625449482.0,64.0
101.36,1625449482.0,64.0
99.76,1625449482.0,64.0
97.97,1625449482.0,64.0
96.04,1625449482.0,64.0
93.68,1625449482.0,64.0
90.57,1625449482.0,64.0
86.67,1625449482.0,64.0
82.28,1625449482.0,64.0
77.9,1625449482.0,64.0
73.98,1625449482.0,64.0
70.68,1625449482.0,64.0
67.77,1625449482.0,64.0
64.8,1625449482.0,64.0
61.3,1625449482.0,64.0
56.97,1625449482.0,64.0
51.76,1625449482.0,64.0
45.82,1625449482.0,64.0
39.39,1625449482.0,64.0
32.67,1625449482.0,64.0
25.68,1625449482.0,64.0
18.28,1625449482.0,64.0
10.32,1625449482.0,64.0
1.77,1625449482.0,64.0
-7.04,1625449482.0,64.0
-15.39,1625449482.0,64.0
-22.29,1625449482.0,64.0
-26.72,1625449482.0,64.0
-28.0,1625449482.0,64.0
-25.98,1625449482.0,64.0
-21.05,1625449482.0,64.0
-13.99,1625449482.0,64.0
-5.63,1625449482.0,64.0
3.33,1625449482.0,64.0
12.36,1625449482.0,64.0
21.02,1625449482.0,64.0
28.9,1625449482.0,64.0
35.54,1625449482.0,64.0
40.52,1625449482.0,64.0
43.69,1625449482.0,64.0
45.22,1625449482.0,64.0
45.64,1625449482.0,64.0
45.61,1625449482.0,64.0
45.75,1625449482.0,64.0
46.35,1625449482.0,64.0
47.35,1625449482.0,64.0
48.39,1625449482.0,64.0
49.02,1625449482.0,64.0
48.93,1625449482.0,64.0
48.02,1625449482.0,64.0
46.43,1625449482.0,64.0
44.39,1625449482.0,64.0
42.13,1625449482.0,64.0
39.75,1625449482.0,64.0
37.22,1625449482.0,64.0
34.39,1625449482.0,64.0
31.07,1625449482.0,64.0
27.08,1625449482.0,64.0
22.34,1625449482.0,64.0
16.87,1625449482.0,64.0
10.86,1625449482.0,64.0
4.64,1625449482.0,64.0
-1.46,1625449482.0,64.0
-7.15,1625449482.0,64.0
-12.34,1625449482.0,64.0
-17.16,1625449482.0,64.0
-21.9,1625449482.0,64.0
-26.87,1625449482.0,64.0
-32.31,1625449482.0,64.0
-38.28,1625449482.0,64.0
-44.68,1625449482.0,64.0
-51.19,1625449482.0,64.0
-57.28,1625449482.0,64.0
-62.2,1625449482.0,64.0
-65.07,1625449482.0,64.0
-65.1,1625449482.0,64.0
-61.85,1625449482.0,64.0
-55.39,1625449482.0,64.0
-46.34,1625449482.0,64.0
-35.61,1625449482.0,64.0
-24.15,1625449482.0,64.0
-12.64,1625449482.0,64.0
-1.46,1625449482.0,64.0
9.17,1625449482.0,64.0
18.97,1625449482.0,64.0
27.53,1625449482.0,64.0
34.38,1625449482.0,64.0
39.26,1625449482.0,64.0
42.31,1625449482.0,64.0
44.12,1625449482.0,64.0
45.48,1625449482.0,64.0
47.06,1625449482.0,64.0
49.1,1625449482.0,64.0
51.35,1625449482.0,64.0
53.25,1625449482.0,64.0
54.27,1625449482.0,64.0
54.11,1625449482.0,64.0
52.85,1625449482.0,64.0
50.81,1625449482.0,64.0
48.34,1625449482.0,64.0
45.63,1625449482.0,64.0
42.67,1625449482.0,64.0
39.33,1625449482.0,64.0
35.49,1625449482.0,64.0
31.19,1625449482.0,64.0
26.59,1625449482.0,64.0
21.94,1625449482.0,64.0
17.45,1625449482.0,64.0
13.2,1625449482.0,64.0
9.15,1625449482.0,64.0
5.18,1625449482.0,64.0
1.15,1625449482.0,64.0
-3.03,1625449482.0,64.0
-7.43,1625449482.0,64.0
-12.11,1625449482.0,64.0
-17.15,1625449482.0,64.0
-22.64,1625449482.0,64.0
-28.67,1625449482.0,64.0
-35.17,1625449482.0,64.0
-41.89,1625449482.0,64.0
-48.21,1625449482.0,64.0
-53.23,1625449482.0,64.0
-55.93,1625449482.0,64.0
-55.42,1625449482.0,64.0
-51.3,1625449482.0,64.0
-43.77,1625449482.0,64.0
-33.58,1625449482.0,64.0
-21.79,1625449482.0,64.0
-9.51,1625449482.0,64.0
2.38,1625449482.0,64.0
13.22,1625449482.0,64.0
22.49,1625449482.0,64.0
29.83,1625449482.0,64.0
34.98,1625449482.0,64.0
37.97,1625449482.0,64.0
39.18,1625449482.0,64.0
39.33,1625449482.0,64.0
39.28,1625449482.0,64.0
39.73,1625449482.0,64.0
40.96,1625449482.0,64.0
42.78,1625449482.0,64.0
44.63,1625449482.0,64.0
45.86,1625449482.0,64.0
45.99,1625449482.0,64.0
44.86,1625449482.0,64.0
42.63,1625449482.0,64.0
39.63,1625449482.0,64.0
36.2,1625449482.0,64.0
32.51,1625449482.0,64.0
28.62,1625449482.0,64.0
24.49,1625449482.0,64.0
20.08,1625449482.0,64.0
15.39,1625449482.0,64.0
10.54,1625449482.0,64.0
5.66,1625449482.0,64.0
0.87,1625449482.0,64.0
-3.75,1625449482.0,64.0
-8.17,1625449482.0,64.0
-12.42,1625449482.0,64.0
-16.53,1625449482.0,64.0
-20.54,1625449482.0,64.0
-24.52,1625449482.0,64.0
-28.57,1625449482.0,64.0
-32.81,1625449482.0,64.0
-37.33,1625449482.0,64.0
-42.03,1625449482.0,64.0
-46.49,1625449482.0,64.0
-49.98,1625449482.0,64.0
-51.59,1625449482.0,64.0
-50.51,1625449482.0,64.0
-46.34,1625449482.0,64.0
-39.26,1625449482.0,64.0
-29.94,1625449482.0,64.0
-19.25,1625449482.0,64.0
-7.96,1625449482.0,64.0
3.37,1625449482.0,64.0
14.33,1625449482.0,64.0
24.47,1625449482.0,64.0
33.16,1625449482.0,64.0
39.76,1625449482.0,64.0
43.86,1625449482.0,64.0
45.61,1625449482.0,64.0
45.79,1625449482.0,64.0
45.51,1625449482.0,64.0
45.8,1625449482.0,64.0
47.14,1625449482.0,64.0
49.3,1625449482.0,64.0
51.55,1625449482.0,64.0
53.01,1625449482.0,64.0
53.12,1625449482.0,64.0
51.74,1625449482.0,64.0
49.18,1625449482.0,64.0
45.89,1625449482.0,64.0
42.28,1625449482.0,64.0
38.5,1625449482.0,64.0
34.54,1625449482.0,64.0
30.25,1625449482.0,64.0
25.59,1625449482.0,64.0
20.54,1625449482.0,64.0
15.26,1625449482.0,64.0
9.89,1625449482.0,64.0
4.6,1625449482.0,64.0
-0.55,1625449482.0,64.0
-5.55,1625449482.0,64.0
-10.48,1625449482.0,64.0
-15.44,1625449482.0,64.0
-20.51,1625449482.0,64.0
-25.81,1625449482.0,64.0
-31.46,1625449482.0,64.0
-37.6,1625449482.0,64.0
-44.3,1625449482.0,64.0
-51.41,1625449482.0,64.0
-58.49,1625449482.0,64.0
-64.7,1625449482.0,64.0
-68.96,1625449482.0,64.0
-70.25,1625449482.0,64.0
-67.88,1625449482.0,64.0
-61.78,1625449482.0,64.0
-52.49,1625449482.0,64.0
-40.99,1625449482.0,64.0
-28.33,1625449482.0,64.0
-15.38,1625449482.0,64.0
-2.65,1625449482.0,64.0
9.54,1625449482.0,64.0
20.9,1625449482.0,64.0
31.0,1625449482.0,64.0
39.33,1625449482.0,64.0
45.46,1625449482.0,64.0
49.32,1625449482.0,64.0
51.27,1625449482.0,64.0
52.05,1625449482.0,64.0
52.48,1625449482.0,64.0
53.07,1625449482.0,64.0
53.89,1625449482.0,64.0
54.64,1625449482.0,64.0
54.83,1625449482.0,64.0
54.11,1625449482.0,64.0
52.36,1625449482.0,64.0
49.73,1625449482.0,64.0
46.49,1625449482.0,64.0
42.92,1625449482.0,64.0
39.15,1625449482.0,64.0
35.25,1625449482.0,64.0
31.23,1625449482.0,64.0
27.08,1625449482.0,64.0
22.81,1625449482.0,64.0
18.41,1625449482.0,64.0
13.88,1625449482.0,64.0
9.26,1625449482.0,64.0
4.57,1625449482.0,64.0
-0.13,1625449482.0,64.0
-4.82,1625449482.0,64.0
-9.51,1625449482.0,64.0
-14.28,1625449482.0,64.0
-19.21,1625449482.0,64.0
-24.47,1625449482.0,64.0
-30.2,1625449482.0,64.0
-36.47,1625449482.0,64.0
-43.18,1625449482.0,64.0
-49.92,1625449482.0,64.0
-56.01,1625449482.0,64.0
-60.5,1625449482.0,64.0
-62.47,1625449482.0,64.0
-61.2,1625449482.0,64.0
-56.49,1625449482.0,64.0
-48.64,1625449482.0,64.0
-38.41,1625449482.0,64.0
-26.7,1625449482.0,64.0
-14.38,1625449482.0,64.0
-2.11,1625449482.0,64.0
9.58,1625449482.0,64.0
20.24,1625449482.0,64.0
29.38,1625449482.0,64.0
36.54,1625449482.0,64.0
41.45,1625449482.0,64.0
44.21,1625449482.0,64.0
45.34,1625449482.0,64.0
45.63,1625449482.0,64.0
45.82,1625449482.0,64.0
46.37,1625449482.0,64.0
47.27,1625449482.0,64.0
48.18,1625449482.0,64.0
48.63,1625449482.0,64.0
48.25,1625449482.0,64.0
46.95,1625449482.0,64.0
44.85,1625449482.0,64.0
42.17,1625449482.0,64.0
39.07,1625449482.0,64.0
35.63,1625449482.0,64.0
31.84,1625449482.0,64.0
27.68,1625449482.0,64.0
23.17,1625449482.0,64.0
18.41,1625449482.0,64.0
13.57,1625449482.0,64.0
8.85,1625449482.0,64.0
4.4,1625449482.0,64.0
0.27,1625449482.0,64.0
-3.64,1625449482.0,64.0
-7.51,1625449482.0,64.0
-11.58,1625449482.0,64.0
-16.04,1625449482.0,64.0
-20.91,1625449482.0,64.0
-26.08,1625449482.0,64.0
-31.36,1625449482.0,64.0
-36.63,1625449482.0,64.0
-41.84,1625449482.0,64.0
-46.99,1625449482.0,64.0
-52.05,1625449482.0,64.0
-56.71,1625449482.0,64.0
-60.39,1625449482.0,64.0
-62.33,1625449482.0,64.0
-61.78,1625449482.0,64.0
-58.29,1625449482.0,64.0
-51.9,1625449482.0,64.0
-43.05,1625449482.0,64.0
-32.48,1625449482.0,64.0
-20.95,1625449482.0,64.0
-9.07,1625449482.0,64.0
2.65,1625449482.0,64.0
13.8,1625449482.0,64.0
23.87,1625449482.0,64.0
32.29,1625449482.0,64.0
38.55,1625449482.0,64.0
42.4,1625449482.0,64.0
44.04,1625449482.0,64.0
44.05,1625449482.0,64.0
43.26,1625449482.0,64.0
42.43,1625449482.0,64.0
42.0,1625449482.0,64.0
42.02,1625449482.0,64.0
42.23,1625449482.0,64.0
42.25,1625449482.0,64.0
41.74,1625449482.0,64.0
40.55,1625449482.0,64.0
38.64,1625449482.0,64.0
36.05,1625449482.0,64.0
32.85,1625449482.0,64.0
29.13,1625449482.0,64.0
25.07,1625449482.0,64.0
20.9,1625449482.0,64.0
16.85,1625449482.0,64.0
13.12,1625449482.0,64.0
9.74,1625449482.0,64.0
6.6,1625449482.0,64.0
3.46,1625449482.0,64.0
0.04,1625449482.0,64.0
-3.83,1625449482.0,64.0
-8.18,1625449482.0,64.0
-12.86,1625449482.0,64.0
-17.62,1625449482.0,64.0
-22.23,1625449482.0,64.0
-26.52,1625449482.0,64.0
-30.53,1625449482.0,64.0
-34.47,1625449482.0,64.0
-38.66,1625449482.0,64.0
-43.39,1625449482.0,64.0
-48.76,1625449482.0,64.0
-54.61,1625449482.0,64.0
-60.44,1625449482.0,64.0
-65.5,1625449482.0,64.0
-68.88,1625449482.0,64.0
-69.74,1625449482.0,64.0
-67.53,1625449482.0,64.0
-62.09,1625449482.0,64.0
-53.72,1625449482.0,64.0
-43.09,1625449482.0,64.0
-31.05,1625449482.0,64.0
-18.41,1625449482.0,64.0
-5.88,1625449482.0,64.0
5.91,1625449482.0,64.0
16.44,1625449482.0,64.0
25.16,1625449482.0,64.0
31.71,1625449482.0,64.0
35.94,1625449482.0,64.0
38.13,1625449482.0,64.0
38.92,1625449482.0,64.0
39.11,1625449482.0,64.0
39.42,1625449482.0,64.0
40.18,1625449482.0,64.0
41.32,1625449482.0,64.0
42.41,1625449482.0,64.0
42.97,1625449482.0,64.0
42.68,1625449482.0,64.0
41.46,1625449482.0,64.0
39.4,1625449482.0,64.0
36.72,1625449482.0,64.0
33.58,1625449482.0,64.0
30.1,1625449482.0,64.0
26.38,1625449482.0,64.0
22.53,1625449482.0,64.0
18.69,1625449482.0,64.0
14.97,1625449482.0,64.0
11.43,1625449482.0,64.0
8.0,1625449482.0,64.0
4.58,1625449482.0,64.0
1.04,1625449482.0,64.0
-2.69,1625449482.0,64.0
-6.63,1625449482.0,64.0
-10.75,1625449482.0,64.0
-14.99,1625449482.0,64.0
-19.33,1625449482.0,64.0
-23.76,1625449482.0,64.0
-28.33,1625449482.0,64.0
-33.13,1625449482.0,64.0
-38.28,1625449482.0,64.0
-43.85,1625449482.0,64.0
-49.84,1625449482.0,64.0
-56.01,1625449482.0,64.0
-61.85,1625449482.0,64.0
-66.58,1625449482.0,64.0
-69.31,1625449482.0,64.0
-69.25,1625449482.0,64.0
-65.98,1625449482.0,64.0
-59.58,1625449482.0,64.0
-50.64,1625449482.0,64.0
-40.04,1625449482.0,64.0
-28.69,1625449482.0,64.0
-17.3,1625449482.0,64.0
-6.29,1625449482.0,64.0
4.09,1625449482.0,64.0
13.64,1625449482.0,64.0
22.03,1625449482.0,64.0
28.86,1625449482.0,64.0
33.86,1625449482.0,64.0
37.04,1625449482.0,64.0
38.77,1625449482.0,64.0
39.71,1625449482.0,64.0
40.48,1625449482.0,64.0
41.45,1625449482.0,64.0
42.59,1625449482.0,64.0
43.54,1625449482.0,64.0
43.83,1625449482.0,64.0
43.18,1625449482.0,64.0
41.56,1625449482.0,64.0
39.16,1625449482.0,64.0
36.22,1625449482.0,64.0
32.89,1625449482.0,64.0
29.2,1625449482.0,64.0
25.09,1625449482.0,64.0
20.61,1625449482.0,64.0
15.93,1625449482.0,64.0
11.41,1625449482.0,64.0
7.4,1625449482.0,64.0
4.08,1625449482.0,64.0
1.44,1625449482.0,64.0
-0.79,1625449482.0,64.0
-2.95,1625449482.0,64.0
-5.35,1625449482.0,64.0
-8.16,1625449482.0,64.0
-11.36,1625449482.0,64.0
-14.86,1625449482.0,64.0
-18.55,1625449482.0,64.0
-22.33,1625449482.0,64.0
-26.17,1625449482.0,64.0
-30.17,1625449482.0,64.0
-34.48,1625449482.0,64.0
-39.31,1625449482.0,64.0
-44.79,1625449482.0,64.0
-50.75,1625449482.0,64.0
-56.62,1625449482.0,64.0
-61.38,1625449482.0,64.0
-63.85,1625449482.0,64.0
-63.05,1625449482.0,64.0
-58.61,1625449482.0,64.0
-50.9,1625449482.0,64.0
-40.87,1625449482.0,64.0
-29.67,1625449482.0,64.0
-18.28,1625449482.0,64.0
-7.24,1625449482.0,64.0
3.17,1625449482.0,64.0
12.79,1625449482.0,64.0
21.31,1625449482.0,64.0
28.3,1625449482.0,64.0
33.4,1625449482.0,64.0
36.5,1625449482.0,64.0
37.92,1625449482.0,64.0
38.27,1625449482.0,64.0
38.25,1625449482.0,64.0
38.4,1625449482.0,64.0
38.93,1625449482.0,64.0
39.73,1625449482.0,64.0
40.45,1625449482.0,64.0
40.71,1625449482.0,64.0
40.17,1625449482.0,64.0
38.67,1625449482.0,64.0
36.21,1625449482.0,64.0
32.94,1625449482.0,64.0
29.12,1625449482.0,64.0
25.0,1625449482.0,64.0
20.79,1625449482.0,64.0
16.62,1625449482.0,64.0
12.55,1625449482.0,64.0
8.59,1625449482.0,64.0
4.73,1625449482.0,64.0
0.98,1625449482.0,64.0
-2.67,1625449482.0,64.0
-6.27,1625449482.0,64.0
-9.88,1625449482.0,64.0
-13.55,1625449482.0,64.0
-17.34,1625449482.0,64.0
-21.28,1625449482.0,64.0
-25.4,1625449482.0,64.0
-29.75,1625449482.0,64.0
-34.44,1625449482.0,64.0
-39.55,1625449482.0,64.0
-45.09,1625449482.0,64.0
-50.89,1625449482.0,64.0
-56.48,1625449482.0,64.0
-61.14,1625449482.0,64.0
-63.91,1625449482.0,64.0
-63.93,1625449482.0,64.0
-60.67,1625449482.0,64.0
-54.14,1625449482.0,64.0
-44.93,1625449482.0,64.0
-33.97,1625449482.0,64.0
-22.27,1625449482.0,64.0
-10.64,1625449482.0,64.0
0.34,1625449482.0,64.0
10.31,1625449482.0,64.0
18.93,1625449482.0,64.0
25.88,1625449482.0,64.0
30.9,1625449482.0,64.0
33.96,1625449482.0,64.0
35.4,1625449482.0,64.0
35.81,1625449482.0,64.0
35.92,1625449482.0,64.0
36.27,1625449482.0,64.0
37.07,1625449482.0,64.0
38.16,1625449482.0,64.0
39.09,1625449482.0,64.0
39.35,1625449482.0,64.0
38.56,1625449482.0,64.0
36.57,1625449482.0,64.0
33.56,1625449482.0,64.0
29.88,1625449482.0,64.0
25.97,1625449482.0,64.0
22.16,1625449482.0,64.0
18.59,1625449482.0,64.0
15.15,1625449482.0,64.0
11.64,1625449482.0,64.0
7.85,1625449482.0,64.0
3.73,1625449482.0,64.0
-0.62,1625449482.0,64.0
-4.98,1625449482.0,64.0
-9.14,1625449482.0,64.0
-12.99,1625449482.0,64.0
-16.59,1625449482.0,64.0
-20.07,1625449482.0,64.0
-23.55,1625449482.0,64.0
-27.14,1625449482.0,64.0
-30.9,1625449482.0,64.0
-34.88,1625449482.0,64.0
-39.22,1625449482.0,64.0
-44.05,1625449482.0,64.0
-49.38,1625449482.0,64.0
-54.94,1625449482.0,64.0
-60.12,1625449482.0,64.0
-63.97,1625449482.0,64.0
-65.52,1625449482.0,64.0
-64.03,1625449482.0,64.0
-59.3,1625449482.0,64.0
-51.71,1625449482.0,64.0
-42.04,1625449482.0,64.0
-31.16,1625449482.0,64.0
-19.78,1625449482.0,64.0
-8.36,1625449482.0,64.0
2.83,1625449482.0,64.0
13.48,1625449482.0,64.0
23.12,1625449482.0,64.0
31.18,1625449482.0,64.0
37.11,1625449482.0,64.0
40.75,1625449482.0,64.0
42.38,1625449482.0,64.0
42.71,1625449482.0,64.0
42.55,1625449482.0,64.0
42.53,1625449482.0,64.0
42.88,1625449482.0,64.0
43.39,1625449482.0,64.0
43.65,1625449482.0,64.0
43.25,1625449482.0,64.0
42.02,1625449482.0,64.0
40.0,1625449482.0,64.0
37.39,1625449482.0,64.0
34.38,1625449482.0,64.0
31.07,1625449482.0,64.0
27.5,1625449482.0,64.0
23.7,1625449482.0,64.0
19.71,1625449482.0,64.0
15.64,1625449482.0,64.0
11.58,1625449482.0,64.0
7.58,1625449482.0,64.0
3.63,1625449482.0,64.0
-0.31,1625449482.0,64.0
-4.3,1625449482.0,64.0
-8.38,1625449482.0,64.0
-12.57,1625449482.0,64.0
-16.95,1625449482.0,64.0
-21.59,1625449482.0,64.0
-26.58,1625449482.0,64.0
-32.01,1625449482.0,64.0
-37.9,1625449482.0,64.0
-44.22,1625449482.0,64.0
-50.86,1625449482.0,64.0
-57.53,1625449482.0,64.0
-63.77,1625449482.0,64.0
-68.87,1625449482.0,64.0
-71.99,1625449482.0,64.0
-72.33,1625449482.0,64.0
-69.38,1625449482.0,64.0
-63.11,1625449482.0,64.0
-53.97,1625449482.0,64.0
-42.79,1625449482.0,64.0
-30.46,1625449482.0,64.0
-17.72,1625449482.0,64.0
-5.06,1625449482.0,64.0
7.19,1625449482.0,64.0
18.68,1625449482.0,64.0
28.93,1625449482.0,64.0
37.4,1625449482.0,64.0
43.68,1625449482.0,64.0
47.72,1625449482.0,64.0
49.88,1625449482.0,64.0
50.86,1625449482.0,64.0
51.42,1625449482.0,64.0
52.04,1625449482.0,64.0
52.84,1625449482.0,64.0
53.58,1625449482.0,64.0
53.84,1625449482.0,64.0
53.28,1625449482.0,64.0
51.72,1625449482.0,64.0
49.25,1625449482.0,64.0
46.07,1625449482.0,64.0
42.47,1625449482.0,64.0
38.65,1625449482.0,64.0
34.77,1625449482.0,64.0
30.88,1625449482.0,64.0
26.99,1625449482.0,64.0
23.09,1625449482.0,64.0
19.18,1625449482.0,64.0
15.26,1625449482.0,64.0
11.33,1625449482.0,64.0
7.31,1625449482.0,64.0
3.14,1625449482.0,64.0
-1.3,1625449482.0,64.0
-6.05,1625449482.0,64.0
-11.11,1625449482.0,64.0
-16.37,1625449482.0,64.0
-21.69,1625449482.0,64.0
-26.96,1625449482.0,64.0
-32.2,1625449482.0,64.0
-37.57,1625449482.0,64.0
-43.31,1625449482.0,64.0
-49.59,1625449482.0,64.0
-56.27,1625449482.0,64.0
-62.8,1625449482.0,64.0
-68.26,1625449482.0,64.0
-71.51,1625449482.0,64.0
-71.63,1625449482.0,64.0
-68.16,1625449482.0,64.0
-61.31,1625449482.0,64.0
-51.8,1625449482.0,64.0
-40.54,1625449482.0,64.0
-28.35,1625449482.0,64.0
-15.76,1625449482.0,64.0
-3.07,1625449482.0,64.0
9.42,1625449482.0,64.0
21.29,1625449482.0,64.0
31.87,1625449482.0,64.0
40.46,1625449482.0,64.0
46.6,1625449482.0,64.0
50.24,1625449482.0,64.0
51.85,1625449482.0,64.0
52.21,1625449482.0,64.0
52.16,1625449482.0,64.0
52.3,1625449482.0,64.0
52.86,1625449482.0,64.0
53.67,1625449482.0,64.0
54.36,1625449482.0,64.0
54.54,1625449482.0,64.0
53.94,1625449482.0,64.0
52.51,1625449482.0,64.0
50.33,1625449482.0,64.0
47.54,1625449482.0,64.0
44.22,1625449482.0,64.0
40.4,1625449482.0,64.0
36.1,1625449482.0,64.0
31.4,1625449482.0,64.0
26.48,1625449482.0,64.0
21.56,1625449482.0,64.0
16.85,1625449482.0,64.0
12.4,1625449482.0,64.0
8.13,1625449482.0,64.0
3.87,1625449482.0,64.0
-0.53,1625449482.0,64.0
-5.09,1625449482.0,64.0
-9.69,1625449482.0,64.0
-14.2,1625449482.0,64.0
-18.54,1625449482.0,64.0
-22.76,1625449482.0,64.0
-27.08,1625449482.0,64.0
-31.77,1625449482.0,64.0
-37.09,1625449482.0,64.0
-43.16,1625449482.0,64.0
-49.97,1625449482.0,64.0
-57.24,1625449482.0,64.0
-64.5,1625449482.0,64.0
-71.01,1625449482.0,64.0
-75.83,1625449482.0,64.0
-78.03,1625449482.0,64.0
-76.85,1625449482.0,64.0
-71.97,1625449482.0,64.0
-63.59,1625449482.0,64.0
-52.46,1625449482.0,64.0
-39.58,1625449482.0,64.0
-25.94,1625449482.0,64.0
-12.31,1625449482.0,64.0
0.87,1625449482.0,64.0
13.31,1625449482.0,64.0
24.69,1625449482.0,64.0
34.55,1625449482.0,64.0
42.37,1625449482.0,64.0
47.77,1625449482.0,64.0
50.81,1625449482.0,64.0
52.05,1625449482.0,64.0
52.37,1625449482.0,64.0
52.58,1625449482.0,64.0
53.12,1625449482.0,64.0
53.91,1625449482.0,64.0
54.51,1625449482.0,64.0
54.46,1625449482.0,64.0
53.54,1625449482.0,64.0
51.85,1625449482.0,64.0
49.66,1625449482.0,64.0
47.16,1625449482.0,64.0
44.33,1625449482.0,64.0
40.96,1625449482.0,64.0
36.89,1625449482.0,64.0
32.14,1625449482.0,64.0
27.02,1625449482.0,64.0
22.01,1625449482.0,64.0
17.52,1625449482.0,64.0
13.72,1625449482.0,64.0
10.44,1625449482.0,64.0
7.26,1625449482.0,64.0
3.72,1625449482.0,64.0
-0.46,1625449482.0,64.0
-5.26,1625449482.0,64.0
-10.37,1625449482.0,64.0
-15.4,1625449482.0,64.0
-20.0,1625449482.0,64.0
-24.1,1625449482.0,64.0
-27.89,1625449482.0,64.0
-31.72,1625449482.0,64.0
-35.98,1625449482.0,64.0
-40.91,1625449482.0,64.0
-46.53,1625449482.0,64.0
-52.63,1625449482.0,64.0
-58.77,1625449482.0,64.0
-64.28,1625449482.0,64.0
-68.36,1625449482.0,64.0
-70.14,1625449482.0,64.0
-68.94,1625449482.0,64.0
-64.44,1625449482.0,64.0
-56.84,1625449482.0,64.0
-46.79,1625449482.0,64.0
-35.18,1625449482.0,64.0
-22.92,1625449482.0,64.0
-10.71,1625449482.0,64.0
0.97,1625449482.0,64.0
11.74,1625449482.0,64.0
21.25,1625449482.0,64.0
29.12,1625449482.0,64.0
35.05,1625449482.0,64.0
39.0,1625449482.0,64.0
41.3,1625449482.0,64.0
42.53,1625449482.0,64.0
43.34,1625449482.0,64.0
44.16,1625449482.0,64.0
45.07,1625449482.0,64.0
45.86,1625449482.0,64.0
46.15,1625449482.0,64.0
45.72,1625449482.0,64.0
44.53,1625449482.0,64.0
42.75,1625449482.0,64.0
40.6,1625449482.0,64.0
38.19,1625449482.0,64.0
35.48,1625449482.0,64.0
32.34,1625449482.0,64.0
28.72,1625449482.0,64.0
24.76,1625449482.0,64.0
20.74,1625449482.0,64.0
17.02,1625449482.0,64.0
13.83,1625449482.0,64.0
11.12,1625449482.0,64.0
8.61,1625449482.0,64.0
5.86,1625449482.0,64.0
2.54,1625449482.0,64.0
-1.47,1625449482.0,64.0
-5.99,1625449482.0,64.0
-10.65,1625449482.0,64.0
-15.1,1625449482.0,64.0
-19.13,1625449482.0,64.0
-22.79,1625449482.0,64.0
-26.34,1625449482.0,64.0
-30.06,1625449482.0,64.0
-34.23,1625449482.0,64.0
-38.96,1625449482.0,64.0
-44.23,1625449482.0,64.0
-49.84,1625449482.0,64.0
-55.43,1625449482.0,64.0
-60.44,1625449482.0,64.0
-64.13,1625449482.0,64.0
-65.72,1625449482.0,64.0
-64.54,1625449482.0,64.0
-60.32,1625449482.0,64.0
-53.27,1625449482.0,64.0
-44.05,1625449482.0,64.0
-33.49,1625449482.0,64.0
-22.38,1625449482.0,64.0
-11.29,1625449482.0,64.0
-0.62,1625449482.0,64.0
9.3,1625449482.0,64.0
18.0,1625449482.0,64.0
25.0,1625449482.0,64.0
29.98,1625449482.0,64.0
32.96,1625449482.0,64.0
34.47,1625449482.0,64.0
35.28,1625449482.0,64.0
36.13,1625449482.0,64.0
37.36,1625449482.0,64.0
38.85,1625449482.0,64.0
40.14,1625449482.0,64.0
40.73,1625449482.0,64.0
40.33,1625449482.0,64.0
38.93,1625449482.0,64.0
36.74,1625449482.0,64.0
34.04,1625449482.0,64.0
31.03,1625449482.0,64.0
27.8,1625449482.0,64.0
24.41,1625449482.0,64.0
20.95,1625449482.0,64.0
17.56,1625449482.0,64.0
14.4,1625449482.0,64.0
11.54,1625449482.0,64.0
8.91,1625449482.0,64.0
6.34,1625449482.0,64.0
3.59,1625449482.0,64.0
0.49,1625449482.0,64.0
-2.99,1625449482.0,64.0
-6.7,1625449482.0,64.0
-10.46,1625449482.0,64.0
-14.11,1625449482.0,64.0
-17.63,1625449482.0,64.0
-21.13,1625449482.0,64.0
-24.79,1625449482.0,64.0
-28.8,1625449482.0,64.0
-33.27,1625449482.0,64.0
-38.26,1625449482.0,64.0
-43.72,1625449482.0,64.0
-49.41,1625449482.0,64.0
-54.83,1625449482.0,64.0
-59.21,1625449482.0,64.0
-61.63,1625449482.0,64.0
-61.28,1625449482.0,64.0
-57.75,1625449482.0,64.0
-51.16,1625449482.0,64.0
-42.17,1625449482.0,64.0
-31.68,1625449482.0,64.0
-20.64,1625449482.0,64.0
-9.73,1625449482.0,64.0
0.57,1625449482.0,64.0
9.97,1625449482.0,64.0
18.18,1625449482.0,64.0
24.92,1625449482.0,64.0
29.92,1625449482.0,64.0
33.13,1625449482.0,64.0
34.78,1625449482.0,64.0
35.39,1625449482.0,64.0
35.58,1625449482.0,64.0
35.83,1625449482.0,64.0
36.34,1625449482.0,64.0
36.98,1625449482.0,64.0
37.41,1625449482.0,64.0
37.28,1625449482.0,64.0
36.38,1625449482.0,64.0
34.67,1625449482.0,64.0
32.28,1625449482.0,64.0
29.37,1625449482.0,64.0
26.12,1625449482.0,64.0
22.66,1625449482.0,64.0
19.1,1625449482.0,64.0
15.5,1625449482.0,64.0
11.93,1625449482.0,64.0
8.36,1625449482.0,64.0
4.75,1625449482.0,64.0
1.08,1625449482.0,64.0
-2.65,1625449482.0,64.0
-6.45,1625449482.0,64.0
-10.31,1625449482.0,64.0
-14.25,1625449482.0,64.0
-18.32,1625449482.0,64.0
-22.54,1625449482.0,64.0
-26.92,1625449482.0,64.0
-31.44,1625449482.0,64.0
-36.12,1625449482.0,64.0
-41.06,1625449482.0,64.0
-46.38,1625449482.0,64.0
-52.18,1625449482.0,64.0
-58.32,1625449482.0,64.0
-64.35,1625449482.0,64.0
-69.45,1625449482.0,64.0
-72.65,1625449482.0,64.0
-73.06,1625449482.0,64.0
-70.18,1625449482.0,64.0
-64.03,1625449482.0,64.0
-55.12,1625449482.0,64.0
-44.23,1625449482.0,64.0
-32.22,1625449482.0,64.0
-19.73,1625449482.0,64.0
-7.25,1625449482.0,64.0
4.85,1625449482.0,64.0
16.14,1625449482.0,64.0
26.08,1625449482.0,64.0
34.13,1625449482.0,64.0
39.95,1625449482.0,64.0
43.58,1625449482.0,64.0
45.48,1625449482.0,64.0
46.35,1625449482.0,64.0
46.86,1625449482.0,64.0
47.4,1625449482.0,64.0
48.0,1625449482.0,64.0
48.44,1625449482.0,64.0
48.44,1625449482.0,64.0
47.84,1625449482.0,64.0
46.64,1625449482.0,64.0
44.92,1625449482.0,64.0
42.71,1625449482.0,64.0
39.98,1625449482.0,64.0
36.66,1625449482.0,64.0
32.76,1625449482.0,64.0
28.44,1625449482.0,64.0
23.96,1625449482.0,64.0
19.59,1625449482.0,64.0
15.45,1625449482.0,64.0
11.52,1625449482.0,64.0
7.59,1625449482.0,64.0
3.45,1625449482.0,64.0
-1.03,1625449482.0,64.0
-5.84,1625449482.0,64.0
-10.79,1625449482.0,64.0
-15.66,1625449482.0,64.0
-20.27,1625449482.0,64.0
-24.56,1625449482.0,64.0
-28.67,1625449482.0,64.0
-32.88,1625449482.0,64.0
-37.54,1625449482.0,64.0
-42.97,1625449482.0,64.0
-49.3,1625449482.0,64.0
-56.39,1625449482.0,64.0
-63.71,1625449482.0,64.0
-70.41,1625449482.0,64.0
-75.46,1625449482.0,64.0
-77.83,1625449482.0,64.0
-76.84,1625449482.0,64.0
-72.28,1625449482.0,64.0
-64.5,1625449482.0,64.0
-54.28,1625449482.0,64.0
-42.51,1625449482.0,64.0
-29.99,1625449482.0,64.0
-17.23,1625449482.0,64.0
-4.55,1625449482.0,64.0
7.78,1625449482.0,64.0
19.35,1625449482.0,64.0
29.53,1625449482.0,64.0
37.65,1625449482.0,64.0
43.31,1625449482.0,64.0
46.59,1625449482.0,64.0
48.11,1625449482.0,64.0
48.75,1625449482.0,64.0
49.32,1625449482.0,64.0
50.21,1625449482.0,64.0
51.36,1625449482.0,64.0
52.36,1625449482.0,64.0
52.74,1625449482.0,64.0
52.23,1625449482.0,64.0
50.78,1625449482.0,64.0
48.48,1625449482.0,64.0
45.45,1625449482.0,64.0
41.8,1625449482.0,64.0
37.61,1625449482.0,64.0
33.01,1625449482.0,64.0
28.25,1625449482.0,64.0
23.59,1625449482.0,64.0
19.25,1625449482.0,64.0
15.29,1625449482.0,64.0
11.62,1625449482.0,64.0
8.03,1625449482.0,64.0
4.27,1625449482.0,64.0
0.2,1625449482.0,64.0
-4.19,1625449482.0,64.0
-8.8,1625449482.0,64.0
-13.4,1625449482.0,64.0
-17.85,1625449482.0,64.0
-22.15,1625449482.0,64.0
-26.46,1625449482.0,64.0
-31.07,1625449482.0,64.0
-36.23,1625449482.0,64.0
-42.07,1625449482.0,64.0
-48.5,1625449482.0,64.0
-55.19,1625449482.0,64.0
-61.56,1625449482.0,64.0
-66.85,1625449482.0,64.0
-70.21,1625449482.0,64.0
-70.87,1625449482.0,64.0
-68.32,1625449482.0,64.0
-62.52,1625449482.0,64.0
-53.89,1625449482.0,64.0
-43.19,1625449482.0,64.0
-31.3,1625449482.0,64.0
-18.93,1625449482.0,64.0
-6.57,1625449482.0,64.0
5.41,1625449482.0,64.0
16.62,1625449482.0,64.0
26.54,1625449482.0,64.0
34.63,1625449482.0,64.0
40.5,1625449482.0,64.0
44.2,1625449482.0,64.0
46.15,1625449482.0,64.0
47.08,1625449482.0,64.0
47.65,1625449482.0,64.0
48.28,1625449482.0,64.0
49.02,1625449482.0,64.0
49.68,1625449482.0,64.0
49.92,1625449482.0,64.0
49.54,1625449482.0,64.0
48.4,1625449482.0,64.0
46.52,1625449482.0,64.0
43.98,1625449482.0,64.0
40.86,1625449482.0,64.0
37.28,1625449482.0,64.0
33.37,1625449482.0,64.0
29.29,1625449482.0,64.0
25.19,1625449482.0,64.0
21.22,1625449482.0,64.0
17.45,1625449482.0,64.0
13.86,1625449482.0,64.0
10.36,1625449482.0,64.0
6.78,1625449482.0,64.0
2.99,1625449482.0,64.0
-1.08,1625449482.0,64.0
-5.39,1625449482.0,64.0
-9.82,1625449482.0,64.0
-14.23,1625449482.0,64.0
-18.53,1625449482.0,64.0
-22.76,1625449482.0,64.0
-27.03,1625449482.0,64.0
-31.54,1625449482.0,64.0
-36.45,1625449482.0,64.0
-41.87,1625449482.0,64.0
-47.83,1625449482.0,64.0
-54.13,1625449482.0,64.0
-60.37,1625449482.0,64.0
-65.89,1625449482.0,64.0
-69.84,1625449482.0,64.0
-71.31,1625449482.0,64.0
-69.67,1625449482.0,64.0
-64.7,1625449482.0,64.0
-56.71,1625449482.0,64.0
-46.44,1625449482.0,64.0
-34.78,1625449482.0,64.0
-22.52,1625449482.0,64.0
-10.24,1625449482.0,64.0
1.74,1625449482.0,64.0
13.04,1625449482.0,64.0
23.21,1625449482.0,64.0
31.66,1625449482.0,64.0
37.91,1625449482.0,64.0
41.79,1625449482.0,64.0
43.62,1625449482.0,64.0
44.12,1625449482.0,64.0
44.15,1625449482.0,64.0
44.31,1625449482.0,64.0
44.77,1625449482.0,64.0
45.3,1625449482.0,64.0
45.48,1625449482.0,64.0
45.02,1625449482.0,64.0
43.83,1625449482.0,64.0
42.06,1625449482.0,64.0
39.85,1625449482.0,64.0
37.26,1625449482.0,64.0
34.23,1625449482.0,64.0
30.7,1625449482.0,64.0
26.69,1625449482.0,64.0
22.39,1625449482.0,64.0
18.07,1625449482.0,64.0
13.93,1625449482.0,64.0
10.09,1625449482.0,64.0
6.48,1625449482.0,64.0
2.99,1625449482.0,64.0
-0.55,1625449482.0,64.0
-4.25,1625449482.0,64.0
-8.12,1625449482.0,64.0
-12.18,1625449482.0,64.0
-16.36,1625449482.0,64.0
-20.62,1625449482.0,64.0
-24.89,1625449482.0,64.0
-29.15,1625449482.0,64.0
-33.44,1625449482.0,64.0
-37.87,1625449482.0,64.0
-42.59,1625449482.0,64.0
-47.69,1625449482.0,64.0
-53.05,1625449482.0,64.0
-58.27,1625449482.0,64.0
-62.58,1625449482.0,64.0
-65.04,1625449482.0,64.0
-64.76,1625449482.0,64.0
-61.22,1625449482.0,64.0
-54.48,1625449482.0,64.0
-45.13,1625449482.0,64.0
-34.1,1625449482.0,64.0
-22.34,1625449482.0,64.0
-10.57,1625449482.0,64.0
0.74,1625449482.0,64.0
11.27,1625449482.0,64.0
20.62,1625449482.0,64.0
28.36,1625449482.0,64.0
34.09,1625449482.0,64.0
37.68,1625449482.0,64.0
39.4,1625449482.0,64.0
39.89,1625449482.0,64.0
39.9,1625449482.0,64.0
40.06,1625449482.0,64.0
40.6,1625449482.0,64.0
41.4,1625449482.0,64.0
42.06,1625449482.0,64.0
42.15,1625449482.0,64.0
41.39,1625449482.0,64.0
39.71,1625449482.0,64.0
37.22,1625449482.0,64.0
34.15,1625449482.0,64.0
30.69,1625449482.0,64.0
26.95,1625449482.0,64.0
22.99,1625449482.0,64.0
18.81,1625449482.0,64.0
14.46,1625449482.0,64.0
10.05,1625449482.0,64.0
5.74,1625449482.0,64.0
1.67,1625449482.0,64.0
-2.12,1625449482.0,64.0
-5.72,1625449482.0,64.0
-9.3,1625449482.0,64.0
-13.04,1625449482.0,64.0
-17.01,1625449482.0,64.0
-21.17,1625449482.0,64.0
-25.43,1625449482.0,64.0
-29.72,1625449482.0,64.0
-34.08,1625449482.0,64.0
-38.71,1625449482.0,64.0
-43.88,1625449482.0,64.0
-49.77,1625449482.0,64.0
-56.27,1625449482.0,64.0
-62.86,1625449482.0,64.0
-68.66,1625449482.0,64.0
-72.6,1625449482.0,64.0
-73.74,1625449482.0,64.0
-71.59,1625449482.0,64.0
-66.29,1625449482.0,64.0
-58.52,1625449482.0,64.0
-49.26,1625449482.0,64.0
-39.56,1625449482.0,64.0
-30.31,1625449482.0,64.0
-22.18,1625449482.0,64.0
-15.62,1625449482.0,64.0
-10.82,1625449482.0,64.0
-7.56,1625449482.0,64.0
-5.25,1625449482.0,64.0
-2.96,1625449482.0,64.0
0.3,1625449482.0,64.0
5.25,1625449482.0,64.0
12.07,1625449482.0,64.0
20.36,1625449482.0,64.0
29.33,1625449482.0,64.0
38.09,1625449482.0,64.0
45.82,1625449482.0,64.0
51.96,1625449482.0,64.0
56.21,1625449482.0,64.0
58.46,1625449482.0,64.0
58.88,1625449482.0,64.0
57.91,1625449482.0,64.0
56.18,1625449482.0,64.0
54.39,1625449482.0,64.0
53.08,1625449482.0,64.0
52.42,1625449482.0,64.0
52.2,1625449482.0,64.0
51.93,1625449482.0,64.0
51.04,1625449482.0,64.0
49.14,1625449482.0,64.0
46.14,1625449482.0,64.0
42.27,1625449482.0,64.0
37.95,1625449482.0,64.0
33.62,1625449482.0,64.0
29.61,1625449482.0,64.0
26.0,1625449482.0,64.0
22.69,1625449482.0,64.0
19.44,1625449482.0,64.0
16.04,1625449482.0,64.0
12.35,1625449482.0,64.0
8.33,1625449482.0,64.0
4.04,1625449482.0,64.0
-0.45,1625449482.0,64.0
-5.1,1625449482.0,64.0
-9.88,1625449482.0,64.0
-14.8,1625449482.0,64.0
-19.89,1625449482.0,64.0
-25.15,1625449482.0,64.0
-30.64,1625449482.0,64.0
-36.37,1625449482.0,64.0
-42.3,1625449482.0,64.0
-48.2,1625449482.0,64.0
-53.61,1625449482.0,64.0
-57.79,1625449482.0,64.0
-59.93,1625449482.0,64.0
-59.35,1625449482.0,64.0
-55.73,1625449482.0,64.0
-49.25,1625449482.0,64.0
-40.54,1625449482.0,64.0
-30.43,1625449482.0,64.0
-19.75,1625449482.0,64.0
-9.09,1625449482.0,64.0
1.12,1625449482.0,64.0
10.55,1625449482.0,64.0
18.83,1625449482.0,64.0
25.53,1625449482.0,64.0
30.37,1625449482.0,64.0
33.33,1625449482.0,64.0
34.76,1625449482.0,64.0
35.34,1625449482.0,64.0
35.75,1625449482.0,64.0
36.46,1625449482.0,64.0
37.49,1625449482.0,64.0
38.54,1625449482.0,64.0
39.13,1625449482.0,64.0
38.89,1625449482.0,64.0
37.7,1625449482.0,64.0
35.64,1625449482.0,64.0
32.96,1625449482.0,64.0
29.89,1625449482.0,64.0
26.57,1625449482.0,64.0
23.07,1625449482.0,64.0
19.41,1625449482.0,64.0
15.58,1625449482.0,64.0
11.55,1625449482.0,64.0
7.32,1625449482.0,64.0
2.93,1625449482.0,64.0
-1.51,1625449482.0,64.0
-5.9,1625449482.0,64.0
-10.16,1625449482.0,64.0
-14.35,1625449482.0,64.0
-18.62,1625449482.0,64.0
-23.16,1625449482.0,64.0
-28.08,1625449482.0,64.0
-33.39,1625449482.0,64.0
-39.04,1625449482.0,64.0
-44.93,1625449482.0,64.0
-50.96,1625449482.0,64.0
-56.88,1625449482.0,64.0
-62.23,1625449482.0,64.0
-66.24,1625449482.0,64.0
-68.02,1625449482.0,64.0
-66.77,1625449482.0,64.0
-62.14,1625449482.0,64.0
-54.39,1625449482.0,64.0
-44.29,1625449482.0,64.0
-32.8,1625449482.0,64.0
-20.76,1625449482.0,64.0
-8.72,1625449482.0,64.0
3.01,1625449482.0,64.0
14.13,1625449482.0,64.0
24.17,1625449482.0,64.0
32.51,1625449482.0,64.0
38.6,1625449482.0,64.0
42.27,1625449482.0,64.0
43.85,1625449482.0,64.0
44.15,1625449482.0,64.0
44.09,1625449482.0,64.0
44.33,1625449482.0,64.0
45.03,1625449482.0,64.0
45.83,1625449482.0,64.0
46.12,1625449482.0,64.0
45.4,1625449482.0,64.0
43.5,1625449482.0,64.0
40.66,1625449482.0,64.0
37.28,1625449482.0,64.0
33.76,1625449482.0,64.0
30.25,1625449482.0,64.0
26.71,1625449482.0,64.0
22.97,1625449482.0,64.0
18.9,1625449482.0,64.0
14.48,1625449482.0,64.0
9.84,1625449482.0,64.0
5.18,1625449482.0,64.0
0.65,1625449482.0,64.0
-3.68,1625449482.0,64.0
-7.81,1625449482.0,64.0
-11.86,1625449482.0,64.0
-15.96,1625449482.0,64.0
-20.22,1625449482.0,64.0
-24.79,1625449482.0,64.0
-29.76,1625449482.0,64.0
-35.23,1625449482.0,64.0
-41.22,1625449482.0,64.0
-47.62,1625449482.0,64.0
-54.09,1625449482.0,64.0
-60.03,1625449482.0,64.0
-64.59,1625449482.0,64.0
-66.9,1625449482.0,64.0
-66.27,1625449482.0,64.0
-62.45,1625449482.0,64.0
-55.66,1625449482.0,64.0
-46.53,1625449482.0,64.0
-35.86,1625449482.0,64.0
-24.33,1625449482.0,64.0
-12.44,1625449482.0,64.0
-0.56,1625449482.0,64.0
10.92,1625449482.0,64.0
21.47,1625449482.0,64.0
30.41,1625449482.0,64.0
37.21,1625449482.0,64.0
41.62,1625449482.0,64.0
43.95,1625449482.0,64.0
44.86,1625449482.0,64.0
45.12,1625449482.0,64.0
45.34,1625449482.0,64.0
45.73,1625449482.0,64.0
46.12,1625449482.0,64.0
46.22,1625449482.0,64.0
45.72,1625449482.0,64.0
44.48,1625449482.0,64.0
42.51,1625449482.0,64.0
39.87,1625449482.0,64.0
36.64,1625449482.0,64.0
32.9,1625449482.0,64.0
28.74,1625449482.0,64.0
24.32,1625449482.0,64.0
19.88,1625449482.0,64.0
15.6,1625449482.0,64.0
11.62,1625449482.0,64.0
7.91,1625449482.0,64.0
4.36,1625449482.0,64.0
0.85,1625449482.0,64.0
-2.74,1625449482.0,64.0
-6.44,1625449482.0,64.0
-10.3,1625449482.0,64.0
-14.38,1625449482.0,64.0
-18.73,1625449482.0,64.0
-23.38,1625449482.0,64.0
-28.31,1625449482.0,64.0
-33.52,1625449482.0,64.0
-39.01,1625449482.0,64.0
-44.84,1625449482.0,64.0
-51.05,1625449482.0,64.0
-57.45,1625449482.0,64.0
-63.54,1625449482.0,64.0
-68.4,1625449482.0,64.0
-70.93,1625449482.0,64.0
-70.21,1625449482.0,64.0
-65.79,1625449482.0,64.0
-57.89,1625449482.0,64.0
-47.33,1625449482.0,64.0
-35.14,1625449482.0,64.0
-22.27,1625449482.0,64.0
-9.41,1625449482.0,64.0
2.95,1625449482.0,64.0
14.36,1625449482.0,64.0
24.31,1625449482.0,64.0
32.25,1625449482.0,64.0
37.84,1625449482.0,64.0
41.14,1625449482.0,64.0
42.66,1625449482.0,64.0
43.22,1625449482.0,64.0
43.65,1625449482.0,64.0
44.43,1625449482.0,64.0
45.59,1625449482.0,64.0
46.77,1625449482.0,64.0
47.42,1625449482.0,64.0
47.13,1625449482.0,64.0
45.74,1625449482.0,64.0
43.37,1625449482.0,64.0
40.31,1625449482.0,64.0
36.87,1625449482.0,64.0
33.26,1625449482.0,64.0
29.56,1625449482.0,64.0
25.82,1625449482.0,64.0
22.01,1625449482.0,64.0
18.21,1625449482.0,64.0
14.49,1625449482.0,64.0
10.89,1625449482.0,64.0
7.43,1625449482.0,64.0
3.99,1625449482.0,64.0
0.45,1625449482.0,64.0
-3.32,1625449482.0,64.0
-7.36,1625449482.0,64.0
-11.61,1625449482.0,64.0
-15.99,1625449482.0,64.0
-20.46,1625449482.0,64.0
-25.09,1625449482.0,64.0
-30.01,1625449482.0,64.0
-35.37,1625449482.0,64.0
-41.26,1625449482.0,64.0
-47.59,1625449482.0,64.0
-54.04,1625449482.0,64.0
-60.02,1625449482.0,64.0
-64.75,1625449482.0,64.0
-67.37,1625449482.0,64.0
-67.15,1625449482.0,64.0
-63.73,1625449482.0,64.0
-57.19,1625449482.0,64.0
-48.06,1625449482.0,64.0
-37.15,1625449482.0,64.0
-25.33,1625449482.0,64.0
-13.28,1625449482.0,64.0
-1.47,1625449482.0,64.0
9.79,1625449482.0,64.0
20.14,1625449482.0,64.0
29.14,1625449482.0,64.0
36.25,1625449482.0,64.0
41.1,1625449482.0,64.0
43.69,1625449482.0,64.0
44.49,1625449482.0,64.0
44.32,1625449482.0,64.0
44.05,1625449482.0,64.0
44.23,1625449482.0,64.0
44.93,1625449482.0,64.0
45.81,1625449482.0,64.0
46.3,1625449482.0,64.0
45.93,1625449482.0,64.0
44.53,1625449482.0,64.0
42.18,1625449482.0,64.0
39.11,1625449482.0,64.0
35.6,1625449482.0,64.0
31.81,1625449482.0,64.0
27.89,1625449482.0,64.0
23.92,1625449482.0,64.0
20.0,1625449482.0,64.0
16.21,1625449482.0,64.0
12.55,1625449482.0,64.0
8.97,1625449482.0,64.0
5.37,1625449482.0,64.0
1.7,1625449482.0,64.0
-2.08,1625449482.0,64.0
-5.96,1625449482.0,64.0
-9.92,1625449482.0,64.0
-13.97,1625449482.0,64.0
-18.16,1625449482.0,64.0
-22.49,1625449482.0,64.0
-26.99,1625449482.0,64.0
-31.67,1625449482.0,64.0
-36.59,1625449482.0,64.0
-41.83,1625449482.0,64.0
-47.38,1625449482.0,64.0
-53.04,1625449482.0,64.0
-58.24,1625449482.0,64.0
-62.14,1625449482.0,64.0
-63.76,1625449482.0,64.0
-62.29,1625449482.0,64.0
-57.44,1625449482.0,64.0
-49.47,1625449482.0,64.0
-39.22,1625449482.0,64.0
-27.7,1625449482.0,64.0
-15.85,1625449482.0,64.0
-4.34,1625449482.0,64.0
6.43,1625449482.0,64.0
16.18,1625449482.0,64.0
24.56,1625449482.0,64.0
31.17,1625449482.0,64.0
35.7,1625449482.0,64.0
38.12,1625449482.0,64.0
38.83,1625449482.0,64.0
38.59,1625449482.0,64.0
38.25,1625449482.0,64.0
38.39,1625449482.0,64.0
39.11,1625449482.0,64.0
40.04,1625449482.0,64.0
40.59,1625449482.0,64.0
40.23,1625449482.0,64.0
38.76,1625449482.0,64.0
36.32,1625449482.0,64.0
33.31,1625449482.0,64.0
30.11,1625449482.0,64.0
26.91,1625449482.0,64.0
23.76,1625449482.0,64.0
20.58,1625449482.0,64.0
17.31,1625449482.0,64.0
13.97,1625449482.0,64.0
10.6,1625449482.0,64.0
7.23,1625449482.0,64.0
3.84,1625449482.0,64.0
0.35,1625449482.0,64.0
-3.3,1625449482.0,64.0
-7.06,1625449482.0,64.0
-10.84,1625449482.0,64.0
-14.5,1625449482.0,64.0
-17.99,1625449482.0,64.0
-21.42,1625449482.0,64.0
-24.97,1625449482.0,64.0
-28.88,1625449482.0,64.0
-33.29,1625449482.0,64.0
-38.2,1625449482.0,64.0
-43.38,1625449482.0,64.0
-48.43,1625449482.0,64.0
-52.73,1625449482.0,64.0
-55.52,1625449482.0,64.0
-56.03,1625449482.0,64.0
-53.73,1625449482.0,64.0
-48.43,1625449482.0,64.0
-40.47,1625449482.0,64.0
-30.55,1625449482.0,64.0
-19.54,1625449482.0,64.0
-8.32,1625449482.0,64.0
2.45,1625449482.0,64.0
12.23,1625449482.0,64.0
20.6,1625449482.0,64.0
27.17,1625449482.0,64.0
31.69,1625449482.0,64.0
34.17,1625449482.0,64.0
35.02,1625449482.0,64.0
34.9,1625449482.0,64.0
34.56,1625449482.0,64.0
34.55,1625449482.0,64.0
35.04,1625449482.0,64.0
35.8,1625449482.0,64.0
36.42,1625449482.0,64.0
36.5,1625449482.0,64.0
35.79,1625449482.0,64.0
34.23,1625449482.0,64.0
31.86,1625449482.0,64.0
28.82,1625449482.0,64.0
25.29,1625449482.0,64.0
21.45,1625449482.0,64.0
17.52,1625449482.0,64.0
13.66,1625449482.0,64.0
9.95,1625449482.0,64.0
6.42,1625449482.0,64.0
2.99,1625449482.0,64.0
-0.39,1625449482.0,64.0
-3.77,1625449482.0,64.0
-7.2,1625449482.0,64.0
-10.73,1625449482.0,64.0
-14.42,1625449482.0,64.0
-18.37,1625449482.0,64.0
-22.61,1625449482.0,64.0
-27.16,1625449482.0,64.0
-32.02,1625449482.0,64.0
-37.19,1625449482.0,64.0
-42.64,1625449482.0,64.0
-48.25,1625449482.0,64.0
-53.7,1625449482.0,64.0
-58.34,1625449482.0,64.0
-61.31,1625449482.0,64.0
-61.76,1625449482.0,64.0
-59.12,1625449482.0,64.0
-53.35,1625449482.0,64.0
-44.96,1625449482.0,64.0
-34.81,1625449482.0,64.0
-23.78,1625449482.0,64.0
-12.57,1625449482.0,64.0
-1.57,1625449482.0,64.0
8.99,1625449482.0,64.0
18.83,1625449482.0,64.0
27.54,1625449482.0,64.0
34.57,1625449482.0,64.0
39.53,1625449482.0,64.0
42.32,1625449482.0,64.0
43.28,1625449482.0,64.0
43.08,1625449482.0,64.0
42.42,1625449482.0,64.0
41.83,1625449482.0,64.0
41.48,1625449482.0,64.0
41.2,1625449482.0,64.0
40.69,1625449482.0,64.0
39.64,1625449482.0,64.0
37.89,1625449482.0,64.0
35.49,1625449482.0,64.0
32.57,1625449482.0,64.0
29.31,1625449482.0,64.0
25.84,1625449482.0,64.0
22.22,1625449482.0,64.0
18.48,1625449482.0,64.0
14.63,1625449482.0,64.0
10.74,1625449482.0,64.0
6.88,1625449482.0,64.0
3.13,1625449482.0,64.0
-0.43,1625449482.0,64.0
-3.83,1625449482.0,64.0
-7.16,1625449482.0,64.0
-10.62,1625449482.0,64.0
-14.44,1625449482.0,64.0
-18.77,1625449482.0,64.0
-23.67,1625449482.0,64.0
-29.06,1625449482.0,64.0
-34.82,1625449482.0,64.0
-40.83,1625449482.0,64.0
-46.99,1625449482.0,64.0
-53.14,1625449482.0,64.0
-58.9,1625449482.0,64.0
-63.62,1625449482.0,64.0
-66.38,1625449482.0,64.0
-66.28,1625449482.0,64.0
-62.77,1625449482.0,64.0
-55.89,1625449482.0,64.0
-46.3,1625449482.0,64.0
-35.0,1625449482.0,64.0
-23.01,1625449482.0,64.0
-11.09,1625449482.0,64.0
0.35,1625449482.0,64.0
11.07,1625449482.0,64.0
20.8,1625449482.0,64.0
29.14,1625449482.0,64.0
35.66,1625449482.0,64.0
40.06,1625449482.0,64.0
42.39,1625449482.0,64.0
43.08,1625449482.0,64.0
42.85,1625449482.0,64.0
42.42,1625449482.0,64.0
42.24,1625449482.0,64.0
42.39,1625449482.0,64.0
42.62,1625449482.0,64.0
42.56,1625449482.0,64.0
41.89,1625449482.0,64.0
40.49,1625449482.0,64.0
38.43,1625449482.0,64.0
35.86,1625449482.0,64.0
32.93,1625449482.0,64.0
29.69,1625449482.0,64.0
26.12,1625449482.0,64.0
22.14,1625449482.0,64.0
17.8,1625449482.0,64.0
13.18,1625449482.0,64.0
8.47,1625449482.0,64.0
3.87,1625449482.0,64.0
-0.47,1625449482.0,64.0
-4.49,1625449482.0,64.0
-8.26,1625449482.0,64.0
-11.95,1625449482.0,64.0
-15.79,1625449482.0,64.0
-20.02,1625449482.0,64.0
-24.76,1625449482.0,64.0
-30.06,1625449482.0,64.0
-35.84,1625449482.0,64.0
-41.95,1625449482.0,64.0
-48.22,1625449482.0,64.0
-54.4,1625449482.0,64.0
-60.03,1625449482.0,64.0
-64.46,1625449482.0,64.0
-66.84,1625449482.0,64.0
-66.39,1625449482.0,64.0
-62.62,1625449482.0,64.0
-55.62,1625449482.0,64.0
-46.01,1625449482.0,64.0
-34.76,1625449482.0,64.0
-22.83,1625449482.0,64.0
-10.93,1625449482.0,64.0
0.54,1625449482.0,64.0
11.34,1625449482.0,64.0
21.12,1625449482.0,64.0
29.44,1625449482.0,64.0
35.79,1625449482.0,64.0
39.91,1625449482.0,64.0
41.97,1625449482.0,64.0
42.59,1625449482.0,64.0
42.57,1625449482.0,64.0
42.6,1625449482.0,64.0
42.95,1625449482.0,64.0
43.47,1625449482.0,64.0
43.76,1625449482.0,64.0
43.4,1625449482.0,64.0
42.19,1625449482.0,64.0
40.15,1625449482.0,64.0
37.44,1625449482.0,64.0
34.26,1625449482.0,64.0
30.74,1625449482.0,64.0
26.94,1625449482.0,64.0
22.92,1625449482.0,64.0
18.76,1625449482.0,64.0
14.58,1625449482.0,64.0
10.49,1625449482.0,64.0
6.55,1625449482.0,64.0
2.74,1625449482.0,64.0
-1.01,1625449482.0,64.0
-4.78,1625449482.0,64.0
-8.66,1625449482.0,64.0
-12.69,1625449482.0,64.0
-16.87,1625449482.0,64.0
-21.16,1625449482.0,64.0
-25.53,1625449482.0,64.0
-29.99,1625449482.0,64.0
-34.65,1625449482.0,64.0
-39.65,1625449482.0,64.0
-45.12,1625449482.0,64.0
-50.94,1625449482.0,64.0
-56.68,1625449482.0,64.0
-61.52,1625449482.0,64.0
-64.45,1625449482.0,64.0
-64.59,1625449482.0,64.0
-61.41,1625449482.0,64.0
-55.01,1625449482.0,64.0
-45.95,1625449482.0,64.0
-35.09,1625449482.0,64.0
-23.3,1625449482.0,64.0
-11.27,1625449482.0,64.0
0.47,1625449482.0,64.0
11.46,1625449482.0,64.0
21.21,1625449482.0,64.0
29.23,1625449482.0,64.0
35.14,1625449482.0,64.0
38.88,1625449482.0,64.0
40.73,1625449482.0,64.0
41.3,1625449482.0,64.0
41.32,1625449482.0,64.0
41.4,1625449482.0,64.0
41.84,1625449482.0,64.0
42.59,1625449482.0,64.0
43.33,1625449482.0,64.0
43.62,1625449482.0,64.0
43.09,1625449482.0,64.0
41.52,1625449482.0,64.0
38.96,1625449482.0,64.0
35.61,1625449482.0,64.0
31.8,1625449482.0,64.0
27.86,1625449482.0,64.0
24.09,1625449482.0,64.0
20.63,1625449482.0,64.0
17.51,1625449482.0,64.0
14.66,1625449482.0,64.0
11.93,1625449482.0,64.0
9.17,1625449482.0,64.0
6.25,1625449482.0,64.0
3.05,1625449482.0,64.0
-0.5,1625449482.0,64.0
-4.47,1625449482.0,64.0
-8.88,1625449482.0,64.0
-13.71,1625449482.0,64.0
-18.88,1625449482.0,64.0
-24.22,1625449482.0,64.0
-29.58,1625449482.0,64.0
-34.85,1625449482.0,64.0
-40.05,1625449482.0,64.0
-45.23,1625449482.0,64.0
-50.38,1625449482.0,64.0
-55.28,1625449482.0,64.0
-59.4,1625449482.0,64.0
-62.0,1625449482.0,64.0
-62.28,1625449482.0,64.0
-59.7,1625449482.0,64.0
-54.14,1625449482.0,64.0
-46.0,1625449482.0,64.0
-35.98,1625449482.0,64.0
-24.92,1625449482.0,64.0
-13.51,1625449482.0,64.0
-2.3,1625449482.0,64.0
8.27,1625449482.0,64.0
17.71,1625449482.0,64.0
25.5,1625449482.0,64.0
31.18,1625449482.0,64.0
34.63,1625449482.0,64.0
36.18,1625449482.0,64.0
36.55,1625449482.0,64.0
36.66,1625449482.0,64.0
37.2,1625449482.0,64.0
38.41,1625449482.0,64.0
40.03,1625449482.0,64.0
41.46,1625449482.0,64.0
42.09,1625449482.0,64.0
41.56,1625449482.0,64.0
39.89,1625449482.0,64.0
37.38,1625449482.0,64.0
34.42,1625449482.0,64.0
31.37,1625449482.0,64.0
28.36,1625449482.0,64.0
25.42,1625449482.0,64.0
22.45,1625449482.0,64.0
19.34,1625449482.0,64.0
16.04,1625449482.0,64.0
12.54,1625449482.0,64.0
8.88,1625449482.0,64.0
5.1,1625449482.0,64.0
1.24,1625449482.0,64.0
-2.65,1625449482.0,64.0
-6.58,1625449482.0,64.0
-10.54,1625449482.0,64.0
-14.57,1625449482.0,64.0
-18.71,1625449482.0,64.0
-23.04,1625449482.0,64.0
-27.59,1625449482.0,64.0
-32.38,1625449482.0,64.0
-37.36,1625449482.0,64.0
-42.41,1625449482.0,64.0
-47.26,1625449482.0,64.0
-51.45,1625449482.0,64.0
-54.33,1625449482.0,64.0
-55.18,1625449482.0,64.0
-53.38,1625449482.0,64.0
-48.66,1625449482.0,64.0
-41.19,1625449482.0,64.0
-31.6,1625449482.0,64.0
-20.77,1625449482.0,64.0
-9.62,1625449482.0,64.0
1.07,1625449482.0,64.0
10.75,1625449482.0,64.0
19.0,1625449482.0,64.0
25.53,1625449482.0,64.0
30.19,1625449482.0,64.0
33.03,1625449482.0,64.0
34.36,1625449482.0,64.0
34.71,1625449482.0,64.0
34.71,1625449482.0,64.0
34.86,1625449482.0,64.0
35.38,1625449482.0,64.0
36.12,1625449482.0,64.0
36.65,1625449482.0,64.0
36.48,1625449482.0,64.0
35.26,1625449482.0,64.0
32.92,1625449482.0,64.0
29.68,1625449482.0,64.0
25.94,1625449482.0,64.0
22.11,1625449482.0,64.0
18.49,1625449482.0,64.0
15.17,1625449482.0,64.0
12.04,1625449482.0,64.0
8.98,1625449482.0,64.0
5.86,1625449482.0,64.0
2.62,1625449482.0,64.0
-0.73,1625449482.0,64.0
-4.15,1625449482.0,64.0
-7.64,1625449482.0,64.0
-11.22,1625449482.0,64.0
-14.92,1625449482.0,64.0
-18.76,1625449482.0,64.0
-22.75,1625449482.0,64.0
-26.89,1625449482.0,64.0
-31.24,1625449482.0,64.0
-35.87,1625449482.0,64.0
-40.88,1625449482.0,64.0
-46.27,1625449482.0,64.0
-51.85,1625449482.0,64.0
-57.12,1625449482.0,64.0
-61.27,1625449482.0,64.0
-63.35,1625449482.0,64.0
-62.51,1625449482.0,64.0
-58.29,1625449482.0,64.0
-50.83,1625449482.0,64.0
-40.81,1625449482.0,64.0
-29.21,1625449482.0,64.0
-17.02,1625449482.0,64.0
-4.97,1625449482.0,64.0
6.49,1625449482.0,64.0
17.0,1625449482.0,64.0
26.21,1625449482.0,64.0
33.72,1625449482.0,64.0
39.17,1625449482.0,64.0
42.46,1625449482.0,64.0
43.91,1625449482.0,64.0
44.11,1625449482.0,64.0
43.8,1625449482.0,64.0
43.52,1625449482.0,64.0
43.47,1625449482.0,64.0
43.49,1625449482.0,64.0
43.19,1625449482.0,64.0
42.21,1625449482.0,64.0
40.37,1625449482.0,64.0
37.69,1625449482.0,64.0
34.37,1625449482.0,64.0
30.67,1625449482.0,64.0
26.83,1625449482.0,64.0
23.03,1625449482.0,64.0
19.37,1625449482.0,64.0
15.83,1625449482.0,64.0
12.39,1625449482.0,64.0
8.98,1625449482.0,64.0
5.55,1625449482.0,64.0
2.08,1625449482.0,64.0
-1.44,1625449482.0,64.0
-5.02,1625449482.0,64.0
-8.68,1625449482.0,64.0
-12.48,1625449482.0,64.0
-16.47,1625449482.0,64.0
-20.72,1625449482.0,64.0
-25.23,1625449482.0,64.0
-30.01,1625449482.0,64.0
-35.05,1625449482.0,64.0
-40.32,1625449482.0,64.0
-45.87,1625449482.0,64.0
-51.62,1625449482.0,64.0
-57.29,1625449482.0,64.0
-62.34,1625449482.0,64.0
-65.93,1625449482.0,64.0
-67.19,1625449482.0,64.0
-65.45,1625449482.0,64.0
-60.49,1625449482.0,64.0
-52.62,1625449482.0,64.0
-42.57,1625449482.0,64.0
-31.2,1625449482.0,64.0
-19.26,1625449482.0,64.0
-7.27,1625449482.0,64.0
4.39,1625449482.0,64.0
15.32,1625449482.0,64.0
24.98,1625449482.0,64.0
32.79,1625449482.0,64.0
38.33,1625449482.0,64.0
41.58,1625449482.0,64.0
42.96,1625449482.0,64.0
43.27,1625449482.0,64.0
43.27,1625449482.0,64.0
43.54,1625449482.0,64.0
44.17,1625449482.0,64.0
44.92,1625449482.0,64.0
45.36,1625449482.0,64.0
45.1,1625449482.0,64.0
43.97,1625449482.0,64.0
42.0,1625449482.0,64.0
39.34,1625449482.0,64.0
36.18,1625449482.0,64.0
32.66,1625449482.0,64.0
28.91,1625449482.0,64.0
25.04,1625449482.0,64.0
21.14,1625449482.0,64.0
17.34,1625449482.0,64.0
13.7,1625449482.0,64.0
10.25,1625449482.0,64.0
6.92,1625449482.0,64.0
3.57,1625449482.0,64.0
-0.01,1625449482.0,64.0
-3.96,1625449482.0,64.0
-8.35,1625449482.0,64.0
-13.12,1625449482.0,64.0
-18.1,1625449482.0,64.0
-23.1,1625449482.0,64.0
-28.01,1625449482.0,64.0
-32.78,1625449482.0,64.0
-37.52,1625449482.0,64.0
-42.43,1625449482.0,64.0
-47.72,1625449482.0,64.0
-53.47,1625449482.0,64.0
-59.49,1625449482.0,64.0
-65.2,1625449482.0,64.0
-69.73,1625449482.0,64.0
-72.08,1625449482.0,64.0
-71.45,1625449482.0,64.0
-67.52,1625449482.0,64.0
-60.52,1625449482.0,64.0
-51.15,1625449482.0,64.0
-40.28,1625449482.0,64.0
-28.64,1625449482.0,64.0
-16.71,1625449482.0,64.0
-4.75,1625449482.0,64.0
6.93,1625449482.0,64.0
17.87,1625449482.0,64.0
27.42,1625449482.0,64.0
34.96,1625449482.0,64.0
40.16,1625449482.0,64.0
43.17,1625449482.0,64.0
44.57,1625449482.0,64.0
45.13,1625449482.0,64.0
45.52,1625449482.0,64.0
46.04,1625449482.0,64.0
46.61,1625449482.0,64.0
46.91,1625449482.0,64.0
46.58,1625449482.0,64.0
45.44,1625449482.0,64.0
43.55,1625449482.0,64.0
41.08,1625449482.0,64.0
38.23,1625449482.0,64.0
35.11,1625449482.0,64.0
31.67,1625449482.0,64.0
27.87,1625449482.0,64.0
23.73,1625449482.0,64.0
19.39,1625449482.0,64.0
15.12,1625449482.0,64.0
11.14,1625449482.0,64.0
7.56,1625449482.0,64.0
4.26,1625449482.0,64.0
0.98,1625449482.0,64.0
-2.58,1625449482.0,64.0
-6.59,1625449482.0,64.0
-11.03,1625449482.0,64.0
-15.69,1625449482.0,64.0
-20.25,1625449482.0,64.0
-24.51,1625449482.0,64.0
-28.45,1625449482.0,64.0
-32.29,1625449482.0,64.0
-36.35,1625449482.0,64.0
-40.96,1625449482.0,64.0
-46.29,1625449482.0,64.0
-52.21,1625449482.0,64.0
-58.31,1625449482.0,64.0
-63.87,1625449482.0,64.0
-68.01,1625449482.0,64.0
-69.89,1625449482.0,64.0
-68.88,1625449482.0,64.0
-64.78,1625449482.0,64.0
-57.79,1625449482.0,64.0
-48.48,1625449482.0,64.0
-37.59,1625449482.0,64.0
-25.79,1625449482.0,64.0
-13.64,1625449482.0,64.0
-1.6,1625449482.0,64.0
9.86,1625449482.0,64.0
20.18,1625449482.0,64.0
28.76,1625449482.0,64.0
35.16,1625449482.0,64.0
39.29,1625449482.0,64.0
41.51,1625449482.0,64.0
42.52,1625449482.0,64.0
43.09,1625449482.0,64.0
43.78,1625449482.0,64.0
44.76,1625449482.0,64.0
45.82,1625449482.0,64.0
46.57,1625449482.0,64.0
46.69,1625449482.0,64.0
46.02,1625449482.0,64.0
44.6,1625449482.0,64.0
42.58,1625449482.0,64.0
40.05,1625449482.0,64.0
37.07,1625449482.0,64.0
33.66,1625449482.0,64.0
29.86,1625449482.0,64.0
25.82,1625449482.0,64.0
21.74,1625449482.0,64.0
17.85,1625449482.0,64.0
14.24,1625449482.0,64.0
10.9,1625449482.0,64.0
7.67,1625449482.0,64.0
4.36,1625449482.0,64.0
0.83,1625449482.0,64.0
-2.98,1625449482.0,64.0
-7.01,1625449482.0,64.0
-11.19,1625449482.0,64.0
-15.47,1625449482.0,64.0
-19.87,1625449482.0,64.0
-24.46,1625449482.0,64.0
-29.28,1625449482.0,64.0
-34.4,1625449482.0,64.0
-39.79,1625449482.0,64.0
-45.47,1625449482.0,64.0
-51.42,1625449482.0,64.0
-57.57,1625449482.0,64.0
-63.61,1625449482.0,64.0
-68.98,1625449482.0,64.0
-72.83,1625449482.0,64.0
-74.22,1625449482.0,64.0
-72.43,1625449482.0,64.0
-67.21,1625449482.0,64.0
-58.93,1625449482.0,64.0
-48.42,1625449482.0,64.0
-36.66,1625449482.0,64.0
-24.47,1625449482.0,64.0
-12.33,1625449482.0,64.0
-0.52,1625449482.0,64.0
10.71,1625449482.0,64.0
20.89,1625449482.0,64.0
29.46,1625449482.0,64.0
35.89,1625449482.0,64.0
40.09,1625449482.0,64.0
42.44,1625449482.0,64.0
43.76,1625449482.0,64.0
44.88,1625449482.0,64.0
46.35,1625449482.0,64.0
48.18,1625449482.0,64.0
49.98,1625449482.0,64.0
51.15,1625449482.0,64.0
51.23,1625449482.0,64.0
50.1,1625449482.0,64.0
47.89,1625449482.0,64.0
44.93,1625449482.0,64.0
41.49,1625449482.0,64.0
37.79,1625449482.0,64.0
33.9,1625449482.0,64.0
29.93,1625449482.0,64.0
26.0,1625449482.0,64.0
22.25,1625449482.0,64.0
18.81,1625449482.0,64.0
15.69,1625449482.0,64.0
12.69,1625449482.0,64.0
9.52,1625449482.0,64.0
5.9,1625449482.0,64.0
1.7,1625449482.0,64.0
-2.94,1625449482.0,64.0
-7.67,1625449482.0,64.0
-12.16,1625449482.0,64.0
-16.22,1625449482.0,64.0
-19.95,1625449482.0,64.0
-23.67,1625449482.0,64.0
-27.75,1625449482.0,64.0
-32.43,1625449482.0,64.0
-37.74,1625449482.0,64.0
-43.5,1625449482.0,64.0
-49.36,1625449482.0,64.0
-54.86,1625449482.0,64.0
-59.39,1625449482.0,64.0
-62.25,1625449482.0,64.0
-62.68,1625449482.0,64.0
-60.14,1625449482.0,64.0
-54.52,1625449482.0,64.0
-46.3,1625449482.0,64.0
-36.38,1625449482.0,64.0
-25.75,1625449482.0,64.0
-15.24,1625449482.0,64.0
-5.32,1625449482.0,64.0
3.8,1625449482.0,64.0
11.86,1625449482.0,64.0
18.54,1625449482.0,64.0
23.43,1625449482.0,64.0
26.33,1625449482.0,64.0
27.49,1625449482.0,64.0
27.63,1625449482.0,64.0
27.69,1625449482.0,64.0
28.47,1625449482.0,64.0
30.29,1625449482.0,64.0
32.84,1625449482.0,64.0
35.41,1625449482.0,64.0
37.2,1625449482.0,64.0
37.61,1625449482.0,64.0
36.49,1625449482.0,64.0
34.04,1625449482.0,64.0
30.7,1625449482.0,64.0
26.91,1625449482.0,64.0
23.02,1625449482.0,64.0
19.21,1625449482.0,64.0
15.56,1625449482.0,64.0
12.12,1625449482.0,64.0
8.96,1625449482.0,64.0
6.1,1625449482.0,64.0
3.51,1625449482.0,64.0
1.04,1625449482.0,64.0
-1.53,1625449482.0,64.0
-4.46,1625449482.0,64.0
-7.94,1625449482.0,64.0
-12.01,1625449482.0,64.0
-16.64,1625449482.0,64.0
-21.68,1625449482.0,64.0
-26.98,1625449482.0,64.0
-32.42,1625449482.0,64.0
-37.95,1625449482.0,64.0
-43.57,1625449482.0,64.0
-49.22,1625449482.0,64.0
-54.71,1625449482.0,64.0
-59.55,1625449482.0,64.0
-63.04,1625449482.0,64.0
-64.33,1625449482.0,64.0
-62.74,1625449482.0,64.0
-58.03,1625449482.0,64.0
-50.47,1625449482.0,64.0
-40.82,1625449482.0,64.0
-30.0,1625449482.0,64.0
-18.79,1625449482.0,64.0
-7.69,1625449482.0,64.0
3.05,1625449482.0,64.0
13.26,1625449482.0,64.0
22.64,1625449482.0,64.0
30.71,1625449482.0,64.0
37.0,1625449482.0,64.0
41.24,1625449482.0,64.0
43.58,1625449482.0,64.0
44.53,1625449482.0,64.0
44.83,1625449482.0,64.0
45.09,1625449482.0,64.0
45.6,1625449482.0,64.0
46.28,1625449482.0,64.0
46.74,1625449482.0,64.0
46.55,1625449482.0,64.0
45.36,1625449482.0,64.0
43.09,1625449482.0,64.0
39.88,1625449482.0,64.0
36.05,1625449482.0,64.0
31.93,1625449482.0,64.0
27.85,1625449482.0,64.0
23.96,1625449482.0,64.0
20.32,1625449482.0,64.0
16.85,1625449482.0,64.0
13.44,1625449482.0,64.0
9.95,1625449482.0,64.0
6.29,1625449482.0,64.0
2.45,1625449482.0,64.0
-1.56,1625449482.0,64.0
-5.71,1625449482.0,64.0
-9.95,1625449482.0,64.0
-14.28,1625449482.0,64.0
-18.69,1625449482.0,64.0
-23.22,1625449482.0,64.0
-27.9,1625449482.0,64.0
-32.83,1625449482.0,64.0
-38.07,1625449482.0,64.0
-43.7,1625449482.0,64.0
-49.65,1625449482.0,64.0
-55.63,1625449482.0,64.0
-61.08,1625449482.0,64.0
-65.18,1625449482.0,64.0
-67.05,1625449482.0,64.0
-66.0,1625449482.0,64.0
-61.78,1625449482.0,64.0
-54.64,1625449482.0,64.0
-45.26,1625449482.0,64.0
-34.49,1625449482.0,64.0
-23.06,1625449482.0,64.0
-11.48,1625449482.0,64.0
-0.09,1625449482.0,64.0
10.82,1625449482.0,64.0
20.82,1625449482.0,64.0
29.4,1625449482.0,64.0
36.05,1625449482.0,64.0
40.55,1625449482.0,64.0
43.09,1625449482.0,64.0
44.22,1625449482.0,64.0
44.68,1625449482.0,64.0
45.05,1625449482.0,64.0
45.57,1625449482.0,64.0
46.13,1625449482.0,64.0
46.37,1625449482.0,64.0
45.98,1625449482.0,64.0
44.79,1625449482.0,64.0
42.84,1625449482.0,64.0
40.35,1625449482.0,64.0
37.52,1625449482.0,64.0
34.47,1625449482.0,64.0
31.23,1625449482.0,64.0
27.77,1625449482.0,64.0
24.05,1625449482.0,64.0
20.08,1625449482.0,64.0
15.94,1625449482.0,64.0
11.7,1625449482.0,64.0
7.43,1625449482.0,64.0
3.18,1625449482.0,64.0
-1.04,1625449482.0,64.0
-5.21,1625449482.0,64.0
-9.33,1625449482.0,64.0
-13.38,1625449482.0,64.0
-17.42,1625449482.0,64.0
-21.55,1625449482.0,64.0
-25.96,1625449482.0,64.0
-30.84,1625449482.0,64.0
-36.34,1625449482.0,64.0
-42.48,1625449482.0,64.0
-49.09,1625449482.0,64.0
-55.75,1625449482.0,64.0
-61.82,1625449482.0,64.0
-66.47,1625449482.0,64.0
-68.83,1625449482.0,64.0
-68.21,1625449482.0,64.0
-64.25,1625449482.0,64.0
-57.07,1625449482.0,64.0
-47.24,1625449482.0,64.0
-35.62,1625449482.0,64.0
-23.12,1625449482.0,64.0
-10.54,1625449482.0,64.0
1.52,1625449482.0,64.0
12.58,1625449482.0,64.0
22.25,1625449482.0,64.0
30.2,1625449482.0,64.0
36.21,1625449482.0,64.0
40.31,1625449482.0,64.0
42.79,1625449482.0,64.0
44.22,1625449482.0,64.0
45.24,1625449482.0,64.0
46.33,1625449482.0,64.0
47.68,1625449482.0,64.0
49.12,1625449482.0,64.0
50.25,1625449482.0,64.0
50.63,1625449482.0,64.0
49.96,1625449482.0,64.0
48.2,1625449482.0,64.0
45.48,1625449482.0,64.0
42.03,1625449482.0,64.0
38.05,1625449482.0,64.0
33.69,1625449482.0,64.0
29.11,1625449482.0,64.0
24.47,1625449482.0,64.0
19.98,1625449482.0,64.0
15.79,1625449482.0,64.0
11.9,1625449482.0,64.0
8.18,1625449482.0,64.0
4.36,1625449482.0,64.0
0.26,1625449482.0,64.0
-4.15,1625449482.0,64.0
-8.73,1625449482.0,64.0
-13.21,1625449482.0,64.0
-17.42,1625449482.0,64.0
-21.31,1625449482.0,64.0
-25.02,1625449482.0,64.0
-28.81,1625449482.0,64.0
-32.92,1625449482.0,64.0
-37.49,1625449482.0,64.0
-42.56,1625449482.0,64.0
-47.98,1625449482.0,64.0
-53.37,1625449482.0,64.0
-58.08,1625449482.0,64.0
-61.27,1625449482.0,64.0
-62.08,1625449482.0,64.0
-59.87,1625449482.0,64.0
-54.48,1625449482.0,64.0
-46.29,1625449482.0,64.0
-36.11,1625449482.0,64.0
-24.88,1625449482.0,64.0
-13.4,1625449482.0,64.0
-2.16,1625449482.0,64.0
8.54,1625449482.0,64.0
18.46,1625449482.0,64.0
27.2,1625449482.0,64.0
34.3,1625449482.0,64.0
39.35,1625449482.0,64.0
42.29,1625449482.0,64.0
43.52,1625449482.0,64.0
43.74,1625449482.0,64.0
43.69,1625449482.0,64.0
43.81,1625449482.0,64.0
44.16,1625449482.0,64.0
44.44,1625449482.0,64.0
44.27,1625449482.0,64.0
43.37,1625449482.0,64.0
41.73,1625449482.0,64.0
39.47,1625449482.0,64.0
36.8,1625449482.0,64.0
33.85,1625449482.0,64.0
30.67,1625449482.0,64.0
27.3,1625449482.0,64.0
23.79,1625449482.0,64.0
20.24,1625449482.0,64.0
16.77,1625449482.0,64.0
13.43,1625449482.0,64.0
10.21,1625449482.0,64.0
7.03,1625449482.0,64.0
3.81,1625449482.0,64.0
0.49,1625449482.0,64.0
-2.95,1625449482.0,64.0
-6.55,1625449482.0,64.0
-10.3,1625449482.0,64.0
-14.27,1625449482.0,64.0
-18.46,1625449482.0,64.0
-22.88,1625449482.0,64.0
-27.49,1625449482.0,64.0
-32.27,1625449482.0,64.0
-37.23,1625449482.0,64.0
-42.36,1625449482.0,64.0
-47.59,1625449482.0,64.0
-52.58,1625449482.0,64.0
-56.74,1625449482.0,64.0
-59.26,1625449482.0,64.0
-59.32,1625449482.0,64.0
-56.38,1625449482.0,64.0
-50.33,1625449482.0,64.0
-41.59,1625449482.0,64.0
-30.93,1625449482.0,64.0
-19.23,1625449482.0,64.0
-7.25,1625449482.0,64.0
4.38,1625449482.0,64.0
15.21,1625449482.0,64.0
24.77,1625449482.0,64.0
32.57,1625449482.0,64.0
38.25,1625449482.0,64.0
41.69,1625449482.0,64.0
43.19,1625449482.0,64.0
43.44,1625449482.0,64.0
43.24,1625449482.0,64.0
43.25,1625449482.0,64.0
43.76,1625449482.0,64.0
44.6,1625449482.0,64.0
45.33,1625449482.0,64.0
45.47,1625449482.0,64.0
44.7,1625449482.0,64.0
42.92,1625449482.0,64.0
40.23,1625449482.0,64.0
36.87,1625449482.0,64.0
33.1,1625449482.0,64.0
29.21,1625449482.0,64.0
25.47,1625449482.0,64.0
22.0,1625449482.0,64.0
18.84,1625449482.0,64.0
15.87,1625449482.0,64.0
12.89,1625449482.0,64.0
9.74,1625449482.0,64.0
6.34,1625449482.0,64.0
2.69,1625449482.0,64.0
-1.11,1625449482.0,64.0
-4.98,1625449482.0,64.0
-8.89,1625449482.0,64.0
-12.8,1625449482.0,64.0
-16.74,1625449482.0,64.0
-20.7,1625449482.0,64.0
-24.72,1625449482.0,64.0
-28.89,1625449482.0,64.0
-33.33,1625449482.0,64.0
-38.12,1625449482.0,64.0
-43.17,1625449482.0,64.0
-48.08,1625449482.0,64.0
-52.12,1625449482.0,64.0
-54.38,1625449482.0,64.0
-54.05,1625449482.0,64.0
-50.69,1625449482.0,64.0
-44.45,1625449482.0,64.0
-35.95,1625449482.0,64.0
-26.1,1625449482.0,64.0
-15.78,1625449482.0,64.0
-5.67,1625449482.0,64.0
3.78,1625449482.0,64.0
12.22,1625449482.0,64.0
19.32,1625449482.0,64.0
24.75,1625449482.0,64.0
28.3,1625449482.0,64.0
30.06,1625449482.0,64.0
30.5,1625449482.0,64.0
30.31,1625449482.0,64.0
30.2,1625449482.0,64.0
30.6,1625449482.0,64.0
31.57,1625449482.0,64.0
32.74,1625449482.0,64.0
33.58,1625449482.0,64.0
33.58,1625449482.0,64.0
32.51,1625449482.0,64.0
30.43,1625449482.0,64.0
27.66,1625449482.0,64.0
24.57,1625449482.0,64.0
21.48,1625449482.0,64.0
18.55,1625449482.0,64.0
15.74,1625449482.0,64.0
12.85,1625449482.0,64.0
9.65,1625449482.0,64.0
5.97,1625449482.0,64.0
1.83,1625449482.0,64.0
-2.59,1625449482.0,64.0
-6.98,1625449482.0,64.0
-11.07,1625449482.0,64.0
-14.8,1625449482.0,64.0
-18.31,1625449482.0,64.0
-21.88,1625449482.0,64.0
-25.8,1625449482.0,64.0
-30.22,1625449482.0,64.0
-35.12,1625449482.0,64.0
-40.38,1625449482.0,64.0
-45.85,1625449482.0,64.0
-51.3,1625449482.0,64.0
-56.32,1625449482.0,64.0
-60.26,1625449482.0,64.0
-62.29,1625449482.0,64.0
-61.62,1625449482.0,64.0
-57.83,1625449482.0,64.0
-51.07,1625449482.0,64.0
-42.04,1625449482.0,64.0
-31.72,1625449482.0,64.0
-20.99,1625449482.0,64.0
-10.4,1625449482.0,64.0
-0.18,1625449482.0,64.0
9.59,1625449482.0,64.0
18.68,1625449482.0,64.0
26.65,1625449482.0,64.0
32.97,1625449482.0,64.0
37.26,1625449482.0,64.0
39.52,1625449482.0,64.0
40.23,1625449482.0,64.0
40.16,1625449482.0,64.0
40.03,1625449482.0,64.0
40.27,1625449482.0,64.0
40.82,1625449482.0,64.0
41.23,1625449482.0,64.0
40.95,1625449482.0,64.0
39.59,1625449482.0,64.0
37.11,1625449482.0,64.0
33.79,1625449482.0,64.0
30.07,1625449482.0,64.0
26.36,1625449482.0,64.0
22.83,1625449482.0,64.0
19.41,1625449482.0,64.0
15.92,1625449482.0,64.0
12.18,1625449482.0,64.0
8.14,1625449482.0,64.0
3.91,1625449482.0,64.0
-0.34,1625449482.0,64.0
-4.48,1625449482.0,64.0
-8.46,1625449482.0,64.0
-12.39,1625449482.0,64.0
-16.39,1625449482.0,64.0
-20.61,1625449482.0,64.0
-25.12,1625449482.0,64.0
-29.96,1625449482.0,64.0
-35.14,1625449482.0,64.0
-40.66,1625449482.0,64.0
-46.47,1625449482.0,64.0
-52.42,1625449482.0,64.0
-58.14,1625449482.0,64.0
-63.05,1625449482.0,64.0
-66.36,1625449482.0,64.0
-67.27,1625449482.0,64.0
-65.2,1625449482.0,64.0
-59.97,1625449482.0,64.0
-51.91,1625449482.0,64.0
-41.71,1625449482.0,64.0
-30.26,1625449482.0,64.0
-18.32,1625449482.0,64.0
-6.43,1625449482.0,64.0
5.05,1625449482.0,64.0
15.8,1625449482.0,64.0
25.4,1625449482.0,64.0
33.33,1625449482.0,64.0
39.16,1625449482.0,64.0
42.73,1625449482.0,64.0
44.32,1625449482.0,64.0
44.58,1625449482.0,64.0
44.29,1625449482.0,64.0
44.08,1625449482.0,64.0
44.22,1625449482.0,64.0
44.61,1625449482.0,64.0
44.86,1625449482.0,64.0
44.55,1625449482.0,64.0
43.4,1625449482.0,64.0
41.32,1625449482.0,64.0
38.48,1625449482.0,64.0
35.1,1625449482.0,64.0
31.48,1625449482.0,64.0
27.83,1625449482.0,64.0
24.27,1625449482.0,64.0
20.81,1625449482.0,64.0
17.35,1625449482.0,64.0
13.76,1625449482.0,64.0
9.9,1625449482.0,64.0
5.7,1625449482.0,64.0
1.19,1625449482.0,64.0
-3.54,1625449482.0,64.0
-8.38,1625449482.0,64.0
-13.19,1625449482.0,64.0
-17.9,1625449482.0,64.0
-22.5,1625449482.0,64.0
-26.99,1625449482.0,64.0
-31.46,1625449482.0,64.0
-36.02,1625449482.0,64.0
-40.83,1625449482.0,64.0
-46.03,1625449482.0,64.0
-51.64,1625449482.0,64.0
-57.41,1625449482.0,64.0
-62.75,1625449482.0,64.0
-66.77,1625449482.0,64.0
-68.53,1625449482.0,64.0
-67.26,1625449482.0,64.0
-62.71,1625449482.0,64.0
-55.16,1625449482.0,64.0
-45.37,1625449482.0,64.0
-34.23,1625449482.0,64.0
-22.56,1625449482.0,64.0
-10.93,1625449482.0,64.0
0.29,1625449482.0,64.0
10.78,1625449482.0,64.0
20.13,1625449482.0,64.0
27.9,1625449482.0,64.0
33.72,1625449482.0,64.0
37.58,1625449482.0,64.0
39.83,1625449482.0,64.0
41.1,1625449482.0,64.0
42.07,1625449482.0,64.0
43.18,1625449482.0,64.0
44.53,1625449482.0,64.0
45.85,1625449482.0,64.0
46.73,1625449482.0,64.0
46.84,1625449482.0,64.0
46.01,1625449482.0,64.0
44.29,1625449482.0,64.0
41.82,1625449482.0,64.0
38.8,1625449482.0,64.0
35.35,1625449482.0,64.0
31.53,1625449482.0,64.0
27.42,1625449482.0,64.0
23.09,1625449482.0,64.0
18.68,1625449482.0,64.0
14.37,1625449482.0,64.0
10.28,1625449482.0,64.0
6.45,1625449482.0,64.0
2.81,1625449482.0,64.0
-0.79,1625449482.0,64.0
-4.5,1625449482.0,64.0
-8.41,1625449482.0,64.0
-12.51,1625449482.0,64.0
-16.76,1625449482.0,64.0
-21.1,1625449482.0,64.0
-25.57,1625449482.0,64.0
-30.25,1625449482.0,64.0
-35.29,1625449482.0,64.0
-40.81,1625449482.0,64.0
-46.85,1625449482.0,64.0
-53.26,1625449482.0,64.0
-59.61,1625449482.0,64.0
-65.2,1625449482.0,64.0
-69.14,1625449482.0,64.0
-70.56,1625449482.0,64.0
-68.9,1625449482.0,64.0
-64.04,1625449482.0,64.0
-56.37,1625449482.0,64.0
-46.61,1625449482.0,64.0
-35.54,1625449482.0,64.0
-23.82,1625449482.0,64.0
-11.89,1625449482.0,64.0
-0.11,1625449482.0,64.0
11.09,1625449482.0,64.0
21.16,1625449482.0,64.0
29.47,1625449482.0,64.0
35.6,1625449482.0,64.0
39.51,1625449482.0,64.0
41.61,1625449482.0,64.0
42.65,1625449482.0,64.0
43.38,1625449482.0,64.0
44.29,1625449482.0,64.0
45.45,1625449482.0,64.0
46.56,1625449482.0,64.0
47.18,1625449482.0,64.0
46.94,1625449482.0,64.0
45.74,1625449482.0,64.0
43.71,1625449482.0,64.0
41.11,1625449482.0,64.0
38.14,1625449482.0,64.0
34.86,1625449482.0,64.0
31.23,1625449482.0,64.0
27.23,1625449482.0,64.0
23.0,1625449482.0,64.0
18.78,1625449482.0,64.0
14.84,1625449482.0,64.0
11.34,1625449482.0,64.0
8.21,1625449482.0,64.0
5.21,1625449482.0,64.0
2.03,1625449482.0,64.0
-1.51,1625449482.0,64.0
-5.4,1625449482.0,64.0
-9.48,1625449482.0,64.0
-13.57,1625449482.0,64.0
-17.59,1625449482.0,64.0
-21.57,1625449482.0,64.0
-25.66,1625449482.0,64.0
-29.95,1625449482.0,64.0
-34.5,1625449482.0,64.0
-39.32,1625449482.0,64.0
-44.45,1625449482.0,64.0
-49.85,1625449482.0,64.0
-55.31,1625449482.0,64.0
-60.36,1625449482.0,64.0
-64.22,1625449482.0,64.0
-65.97,1625449482.0,64.0
-64.82,1625449482.0,64.0
-60.39,1625449482.0,64.0
-52.87,1625449482.0,64.0
-42.92,1625449482.0,64.0
-31.41,1625449482.0,64.0
-19.21,1625449482.0,64.0
-6.96,1625449482.0,64.0
4.82,1625449482.0,64.0
15.65,1625449482.0,64.0
24.98,1625449482.0,64.0
32.27,1625449482.0,64.0
37.23,1625449482.0,64.0
39.96,1625449482.0,64.0
41.01,1625449482.0,64.0
41.21,1625449482.0,64.0
41.38,1625449482.0,64.0
41.94,1625449482.0,64.0
42.92,1625449482.0,64.0
43.91,1625449482.0,64.0
44.43,1625449482.0,64.0
44.08,1625449482.0,64.0
42.76,1625449482.0,64.0
40.61,1625449482.0,64.0
37.85,1625449482.0,64.0
34.72,1625449482.0,64.0
31.38,1625449482.0,64.0
27.9,1625449482.0,64.0
24.35,1625449482.0,64.0
20.79,1625449482.0,64.0
17.3,1625449482.0,64.0
13.89,1625449482.0,64.0
10.53,1625449482.0,64.0
7.1,1625449482.0,64.0
3.46,1625449482.0,64.0
-0.47,1625449482.0,64.0
-4.65,1625449482.0,64.0
-8.95,1625449482.0,64.0
-13.23,1625449482.0,64.0
-17.36,1625449482.0,64.0
-21.29,1625449482.0,64.0
-25.1,1625449482.0,64.0
-28.89,1625449482.0,64.0
-32.81,1625449482.0,64.0
-37.0,1625449482.0,64.0
-41.54,1625449482.0,64.0
-46.33,1625449482.0,64.0
-50.99,1625449482.0,64.0
-54.85,1625449482.0,64.0
-57.04,1625449482.0,64.0
-56.75,1625449482.0,64.0
-53.51,1625449482.0,64.0
-47.38,1625449482.0,64.0
-38.93,1625449482.0,64.0
-29.04,1625449482.0,64.0
-18.58,1625449482.0,64.0
-8.19,1625449482.0,64.0
1.75,1625449482.0,64.0
11.02,1625449482.0,64.0
19.35,1625449482.0,64.0
26.33,1625449482.0,64.0
31.59,1625449482.0,64.0
34.93,1625449482.0,64.0
36.59,1625449482.0,64.0
37.17,1625449482.0,64.0
37.43,1625449482.0,64.0
37.98,1625449482.0,64.0
39.0,1625449482.0,64.0
40.2,1625449482.0,64.0
41.06,1625449482.0,64.0
41.08,1625449482.0,64.0
40.06,1625449482.0,64.0
38.1,1625449482.0,64.0
35.51,1625449482.0,64.0
32.61,1625449482.0,64.0
29.54,1625449482.0,64.0
26.29,1625449482.0,64.0
22.8,1625449482.0,64.0
19.03,1625449482.0,64.0
15.04,1625449482.0,64.0
10.94,1625449482.0,64.0
6.84,1625449482.0,64.0
2.75,1625449482.0,64.0
-1.34,1625449482.0,64.0
-5.48,1625449482.0,64.0
-9.62,1625449482.0,64.0
-13.71,1625449482.0,64.0
-17.69,1625449482.0,64.0
-21.59,1625449482.0,64.0
-25.55,1625449482.0,64.0
-29.81,1625449482.0,64.0
-34.6,1625449482.0,64.0
-40.05,1625449482.0,64.0
-46.11,1625449482.0,64.0
-52.49,1625449482.0,64.0
-58.66,1625449482.0,64.0
-63.88,1625449482.0,64.0
-67.28,1625449482.0,64.0
-68.07,1625449482.0,64.0
-65.71,1625449482.0,64.0
-60.15,1625449482.0,64.0
-51.86,1625449482.0,64.0
-41.63,1625449482.0,64.0
-30.39,1625449482.0,64.0
-18.88,1625449482.0,64.0
-7.53,1625449482.0,64.0
3.45,1625449482.0,64.0
13.84,1625449482.0,64.0
23.31,1625449482.0,64.0
31.34,1625449482.0,64.0
37.46,1625449482.0,64.0
41.46,1625449482.0,64.0
43.58,1625449482.0,64.0
44.45,1625449482.0,64.0
44.81,1625449482.0,64.0
45.2,1625449482.0,64.0
45.76,1625449482.0,64.0
46.24,1625449482.0,64.0
46.23,1625449482.0,64.0
45.42,1625449482.0,64.0
43.73,1625449482.0,64.0
41.33,1625449482.0,64.0
38.51,1625449482.0,64.0
35.56,1625449482.0,64.0
32.66,1625449482.0,64.0
29.85,1625449482.0,64.0
27.11,1625449482.0,64.0
24.4,1625449482.0,64.0
21.69,1625449482.0,64.0
18.94,1625449482.0,64.0
16.13,1625449482.0,64.0
13.17,1625449482.0,64.0
9.94,1625449482.0,64.0
6.3,1625449482.0,64.0
2.1,1625449482.0,64.0
-2.77,1625449482.0,64.0
-8.33,1625449482.0,64.0
-14.49,1625449482.0,64.0
-21.05,1625449482.0,64.0
-27.75,1625449482.0,64.0
-34.43,1625449482.0,64.0
-41.0,1625449482.0,64.0
-47.45,1625449482.0,64.0
-53.71,1625449482.0,64.0
-59.48,1625449482.0,64.0
-64.23,1625449482.0,64.0
-67.19,1625449482.0,64.0
-67.64,1625449482.0,64.0
-65.1,1625449482.0,64.0
-59.61,1625449482.0,64.0
-51.69,1625449482.0,64.0
-42.15,1625449482.0,64.0
-31.85,1625449482.0,64.0
-21.36,1625449482.0,64.0
-11.02,1625449482.0,64.0
-0.95,1625449482.0,64.0
8.62,1625449482.0,64.0
17.31,1625449482.0,64.0
24.55,1625449482.0,64.0
29.85,1625449482.0,64.0
33.07,1625449482.0,64.0
34.52,1625449482.0,64.0
34.92,1625449482.0,64.0
35.1,1625449482.0,64.0
35.69,1625449482.0,64.0
36.85,1625449482.0,64.0
38.28,1625449482.0,64.0
39.45,1625449482.0,64.0
39.84,1625449482.0,64.0
39.14,1625449482.0,64.0
37.38,1625449482.0,64.0
34.73,1625449482.0,64.0
31.44,1625449482.0,64.0
27.73,1625449482.0,64.0
23.77,1625449482.0,64.0
19.65,1625449482.0,64.0
15.51,1625449482.0,64.0
11.46,1625449482.0,64.0
7.56,1625449482.0,64.0
3.84,1625449482.0,64.0
0.23,1625449482.0,64.0
-3.33,1625449482.0,64.0
-6.92,1625449482.0,64.0
-10.6,1625449482.0,64.0
-14.41,1625449482.0,64.0
-18.42,1625449482.0,64.0
-22.65,1625449482.0,64.0
-27.06,1625449482.0,64.0
-31.53,1625449482.0,64.0
-35.92,1625449482.0,64.0
-40.18,1625449482.0,64.0
-44.31,1625449482.0,64.0
-48.27,1625449482.0,64.0
-51.8,1625449482.0,64.0
-54.32,1625449482.0,64.0
-55.02,1625449482.0,64.0
-53.1,1625449482.0,64.0
-48.16,1625449482.0,64.0
-40.37,1625449482.0,64.0
-30.39,1625449482.0,64.0
-19.16,1625449482.0,64.0
-7.49,1625449482.0,64.0
4.06,1625449482.0,64.0
15.12,1625449482.0,64.0
25.32,1625449482.0,64.0
34.12,1625449482.0,64.0
40.88,1625449482.0,64.0
45.12,1625449482.0,64.0
46.83,1625449482.0,64.0
46.59,1625449482.0,64.0
45.35,1625449482.0,64.0
44.1,1625449482.0,64.0
43.43,1625449482.0,64.0
43.34,1625449482.0,64.0
43.31,1625449482.0,64.0
42.63,1625449482.0,64.0
40.7,1625449482.0,64.0
37.33,1625449482.0,64.0
32.76,1625449482.0,64.0
27.49,1625449482.0,64.0
22.05,1625449482.0,64.0
16.79,1625449482.0,64.0
11.83,1625449482.0,64.0
7.06,1625449482.0,64.0
2.37,1625449482.0,64.0
-2.27,1625449482.0,64.0
-6.76,1625449482.0,64.0
-10.9,1625449482.0,64.0
-14.57,1625449482.0,64.0
-17.75,1625449482.0,64.0
-20.63,1625449482.0,64.0
-23.44,1625449482.0,64.0
-26.4,1625449482.0,64.0
-29.6,1625449482.0,64.0
-33.01,1625449482.0,64.0
-36.54,1625449482.0,64.0
-40.17,1625449482.0,64.0
-43.92,1625449482.0,64.0
-47.81,1625449482.0,64.0
-51.66,1625449482.0,64.0
-54.97,1625449482.0,64.0
-57.02,1625449482.0,64.0
-56.97,1625449482.0,64.0
-54.27,1625449482.0,64.0
-48.8,1625449482.0,64.0
-40.95,1625449482.0,64.0
-31.46,1625449482.0,64.0
-21.18,1625449482.0,64.0
-10.79,1625449482.0,64.0
-0.77,1625449482.0,64.0
8.53,1625449482.0,64.0
16.8,1625449482.0,64.0
23.65,1625449482.0,64.0
28.8,1625449482.0,64.0
32.2,1625449482.0,64.0
34.13,1625449482.0,64.0
35.13,1625449482.0,64.0
35.8,1625449482.0,64.0
36.55,1625449482.0,64.0
37.5,1625449482.0,64.0
38.4,1625449482.0,64.0
38.9,1625449482.0,64.0
38.64,1625449482.0,64.0
37.41,1625449482.0,64.0
35.23,1625449482.0,64.0
32.28,1625449482.0,64.0
28.81,1625449482.0,64.0
25.08,1625449482.0,64.0
21.3,1625449482.0,64.0
17.56,1625449482.0,64.0
13.85,1625449482.0,64.0
10.14,1625449482.0,64.0
6.39,1625449482.0,64.0
2.56,1625449482.0,64.0
-1.34,1625449482.0,64.0
-5.34,1625449482.0,64.0
-9.49,1625449482.0,64.0
-13.84,1625449482.0,64.0
-18.42,1625449482.0,64.0
-23.21,1625449482.0,64.0
-28.12,1625449482.0,64.0
-33.13,1625449482.0,64.0
-38.24,1625449482.0,64.0
-43.42,1625449482.0,64.0
-48.52,1625449482.0,64.0
-53.15,1625449482.0,64.0
-56.64,1625449482.0,64.0
-58.21,1625449482.0,64.0
-57.2,1625449482.0,64.0
-53.36,1625449482.0,64.0
-46.89,1625449482.0,64.0
-38.38,1625449482.0,64.0
-28.55,1625449482.0,64.0
-18.06,1625449482.0,64.0
-7.38,1625449482.0,64.0
3.1,1625449482.0,64.0
12.91,1625449482.0,64.0
21.47,1625449482.0,64.0
28.2,1625449482.0,64.0
32.74,1625449482.0,64.0
35.23,1625449482.0,64.0
36.36,1625449482.0,64.0
37.04,1625449482.0,64.0
38.08,1625449482.0,64.0
39.8,1625449482.0,64.0
41.89,1625449482.0,64.0
43.62,1625449482.0,64.0
44.23,1625449482.0,64.0
43.31,1625449482.0,64.0
40.95,1625449482.0,64.0
37.65,1625449482.0,64.0
34.0,1625449482.0,64.0
30.4,1625449482.0,64.0
26.9,1625449482.0,64.0
23.31,1625449482.0,64.0
19.38,1625449482.0,64.0
15.05,1625449482.0,64.0
10.47,1625449482.0,64.0
5.98,1625449482.0,64.0
1.91,1625449482.0,64.0
-1.59,1625449482.0,64.0
-4.62,1625449482.0,64.0
-7.49,1625449482.0,64.0
-10.58,1625449482.0,64.0
-14.18,1625449482.0,64.0
-18.43,1625449482.0,64.0
-23.32,1625449482.0,64.0
-28.71,1625449482.0,64.0
-34.38,1625449482.0,64.0
-40.0,1625449482.0,64.0
-45.06,1625449482.0,64.0
-48.89,1625449482.0,64.0
-50.76,1625449482.0,64.0
-50.13,1625449482.0,64.0
-46.79,1625449482.0,64.0
-40.98,1625449482.0,64.0
-33.28,1625449482.0,64.0
-24.37,1625449482.0,64.0
-14.8,1625449482.0,64.0
-4.9,1625449482.0,64.0
5.15,1625449482.0,64.0
15.02,1625449482.0,64.0
24.18,1625449482.0,64.0
31.84,1625449482.0,64.0
37.28,1625449482.0,64.0
40.14,1625449482.0,64.0
40.67,1625449482.0,64.0
39.65,1625449482.0,64.0
38.15,1625449482.0,64.0
37.03,1625449482.0,64.0
36.7,1625449482.0,64.0
37.0,1625449482.0,64.0
37.4,1625449482.0,64.0
37.33,1625449482.0,64.0
36.41,1625449482.0,64.0
34.63,1625449482.0,64.0
32.19,1625449482.0,64.0
29.37,1625449482.0,64.0
26.32,1625449482.0,64.0
23.0,1625449482.0,64.0
19.21,1625449482.0,64.0
14.78,1625449482.0,64.0
9.67,1625449482.0,64.0
4.07,1625449482.0,64.0
-1.69,1625449482.0,64.0
-7.2,1625449482.0,64.0
-12.2,1625449482.0,64.0
-16.6,1625449482.0,64.0
-20.49,1625449482.0,64.0
-24.05,1625449482.0,64.0
-27.55,1625449482.0,64.0
-31.21,1625449482.0,64.0
-35.29,1625449482.0,64.0
-39.9,1625449482.0,64.0
-45.01,1625449482.0,64.0
-50.27,1625449482.0,64.0
-55.02,1625449482.0,64.0
-58.38,1625449482.0,64.0
-59.49,1625449482.0,64.0
-57.73,1625449482.0,64.0
-52.97,1625449482.0,64.0
-45.53,1625449482.0,64.0
-36.04,1625449482.0,64.0
-25.25,1625449482.0,64.0
-13.79,1625449482.0,64.0
-2.15,1625449482.0,64.0
9.24,1625449482.0,64.0
19.9,1625449482.0,64.0
29.27,1625449482.0,64.0
36.81,1625449482.0,64.0
42.17,1625449482.0,64.0
45.39,1625449482.0,64.0
46.95,1625449482.0,64.0
47.57,1625449482.0,64.0
47.97,1625449482.0,64.0
48.58,1625449482.0,64.0
49.39,1625449482.0,64.0
50.02,1625449482.0,64.0
49.97,1625449482.0,64.0
48.92,1625449482.0,64.0
46.82,1625449482.0,64.0
43.89,1625449482.0,64.0
40.52,1625449482.0,64.0
37.01,1625449482.0,64.0
33.47,1625449482.0,64.0
29.83,1625449482.0,64.0
25.93,1625449482.0,64.0
21.64,1625449482.0,64.0
17.02,1625449482.0,64.0
12.29,1625449482.0,64.0
7.79,1625449482.0,64.0
3.76,1625449482.0,64.0
0.26,1625449482.0,64.0
-2.91,1625449482.0,64.0
-6.16,1625449482.0,64.0
-9.91,1625449482.0,64.0
-14.42,1625449482.0,64.0
-19.73,1625449482.0,64.0
-25.63,1625449482.0,64.0
-31.85,1625449482.0,64.0
-38.09,1625449482.0,64.0
-44.07,1625449482.0,64.0
-49.39,1625449482.0,64.0
-53.55,1625449482.0,64.0
-55.86,1625449482.0,64.0
-55.73,1625449482.0,64.0
-52.83,1625449482.0,64.0
-47.27,1625449482.0,64.0
-39.56,1625449482.0,64.0
-30.42,1625449482.0,64.0
-20.53,1625449482.0,64.0
-10.36,1625449482.0,64.0
-0.24,1625449482.0,64.0
9.51,1625449482.0,64.0
18.44,1625449482.0,64.0
25.98,1625449482.0,64.0
31.61,1625449482.0,64.0
35.13,1625449482.0,64.0
36.75,1625449482.0,64.0
37.06,1625449482.0,64.0
36.81,1625449482.0,64.0
36.59,1625449482.0,64.0
36.63,1625449482.0,64.0
36.72,1625449482.0,64.0
36.46,1625449482.0,64.0
35.38,1625449482.0,64.0
33.26,1625449482.0,64.0
30.15,1625449482.0,64.0
26.36,1625449482.0,64.0
22.31,1625449482.0,64.0
18.35,1625449482.0,64.0
14.66,1625449482.0,64.0
11.18,1625449482.0,64.0
7.74,1625449482.0,64.0
4.1,1625449482.0,64.0
0.13,1625449482.0,64.0
-4.15,1625449482.0,64.0
-8.57,1625449482.0,64.0
-12.96,1625449482.0,64.0
-17.3,1625449482.0,64.0
-21.76,1625449482.0,64.0
-26.71,1625449482.0,64.0
-32.52,1625449482.0,64.0
-39.35,1625449482.0,64.0
-47.07,1625449482.0,64.0
-55.22,1625449482.0,64.0
-63.19,1625449482.0,64.0
-70.31,1625449482.0,64.0
-75.92,1625449482.0,64.0
-79.36,1625449482.0,64.0
-80.04,1625449482.0,64.0
-77.41,1625449482.0,64.0
-71.19,1625449482.0,64.0
-61.51,1625449482.0,64.0
-48.98,1625449482.0,64.0
-34.59,1625449482.0,64.0
-19.44,1625449482.0,64.0
-4.51,1625449482.0,64.0
9.47,1625449482.0,64.0
22.03,1625449482.0,64.0
32.83,1625449482.0,64.0
41.58,1625449482.0,64.0
48.06,1625449482.0,64.0
52.21,1625449482.0,64.0
54.26,1625449482.0,64.0
54.73,1625449482.0,64.0
54.31,1625449482.0,64.0
53.67,1625449482.0,64.0
53.27,1625449482.0,64.0
53.24,1625449482.0,64.0
53.39,1625449482.0,64.0
53.39,1625449482.0,64.0
52.88,1625449482.0,64.0
51.63,1625449482.0,64.0
49.58,1625449482.0,64.0
46.82,1625449482.0,64.0
43.51,1625449482.0,64.0
39.82,1625449482.0,64.0
35.85,1625449482.0,64.0
31.61,1625449482.0,64.0
27.1,1625449482.0,64.0
22.31,1625449482.0,64.0
17.31,1625449482.0,64.0
12.26,1625449482.0,64.0
7.31,1625449482.0,64.0
2.54,1625449482.0,64.0
-2.08,1625449482.0,64.0
-6.7,1625449482.0,64.0
-11.51,1625449482.0,64.0
-16.6,1625449482.0,64.0
-22.01,1625449482.0,64.0
-27.72,1625449482.0,64.0
-33.64,1625449482.0,64.0
-39.64,1625449482.0,64.0
-45.42,1625449482.0,64.0
-50.52,1625449482.0,64.0
-54.24,1625449482.0,64.0
-55.87,1625449482.0,64.0
-54.83,1625449482.0,64.0
-50.96,1625449482.0,64.0
-44.56,1625449482.0,64.0
-36.3,1625449482.0,64.0
-27.02,1625449482.0,64.0
-17.5,1625449482.0,64.0
-8.32,1625449482.0,64.0
0.1,1625449482.0,64.0
7.42,1625449482.0,64.0
13.29,1625449482.0,64.0
17.44,1625449482.0,64.0
19.77,1625449482.0,64.0
20.52,1625449482.0,64.0
20.22,1625449482.0,64.0
19.53,1625449482.0,64.0
18.96,1625449482.0,64.0
18.57,1625449482.0,64.0
17.98,1625449482.0,64.0
16.58,1625449482.0,64.0
13.96,1625449482.0,64.0
10.19,1625449482.0,64.0
5.9,1625449482.0,64.0
1.99,1625449482.0,64.0
-0.76,1625449482.0,64.0
-2.05,1625449482.0,64.0
-2.11,1625449482.0,64.0
-1.53,1625449482.0,64.0
-0.91,1625449482.0,64.0
-0.66,1625449482.0,64.0
-0.88,1625449482.0,64.0
-1.53,1625449482.0,64.0
-2.54,1625449482.0,64.0
-3.9,1625449482.0,64.0
-5.71,1625449482.0,64.0
-8.02,1625449482.0,64.0
-10.88,1625449482.0,64.0
-14.34,1625449482.0,64.0
-18.49,1625449482.0,64.0
-23.47,1625449482.0,64.0
-29.32,1625449482.0,64.0
-35.83,1625449482.0,64.0
-42.33,1625449482.0,64.0
-47.78,1625449482.0,64.0
-51.06,1625449482.0,64.0
-51.21,1625449482.0,64.0
-47.9,1625449482.0,64.0
-41.39,1625449482.0,64.0
-32.51,1625449482.0,64.0
-22.27,1625449482.0,64.0
-11.62,1625449482.0,64.0
-1.24,1625449482.0,64.0
8.43,1625449482.0,64.0
17.07,1625449482.0,64.0
24.34,1625449482.0,64.0
29.89,1625449482.0,64.0
33.46,1625449482.0,64.0
35.04,1625449482.0,64.0
35.0,1625449482.0,64.0
33.96,1625449482.0,64.0
32.65,1625449482.0,64.0
31.66,1625449482.0,64.0
31.17,1625449482.0,64.0
31.01,1625449482.0,64.0
30.74,1625449482.0,64.0
29.95,1625449482.0,64.0
28.44,1625449482.0,64.0
26.3,1625449482.0,64.0
23.82,1625449482.0,64.0
21.27,1625449482.0,64.0
18.72,1625449482.0,64.0
16.03,1625449482.0,64.0
12.95,1625449482.0,64.0
9.36,1625449482.0,64.0
5.33,1625449482.0,64.0
1.17,1625449482.0,64.0
-2.78,1625449482.0,64.0
-6.3,1625449482.0,64.0
-9.42,1625449482.0,64.0
-12.37,1625449482.0,64.0
-15.46,1625449482.0,64.0
-18.93,1625449482.0,64.0
-22.91,1625449482.0,64.0
-27.43,1625449482.0,64.0
-32.43,1625449482.0,64.0
-37.73,1625449482.0,64.0
-43.02,1625449482.0,64.0
-47.78,1625449482.0,64.0
-51.35,1625449482.0,64.0
-53.08,1625449482.0,64.0
-52.48,1625449482.0,64.0
-49.41,1625449482.0,64.0
-44.08,1625449482.0,64.0
-36.98,1625449482.0,64.0
-28.69,1625449482.0,64.0
-19.7,1625449482.0,64.0
-10.39,1625449482.0,64.0
-1.02,1625449482.0,64.0
8.07,1625449482.0,64.0
16.4,1625449482.0,64.0
23.39,1625449482.0,64.0
28.52,1625449482.0,64.0
31.55,1625449482.0,64.0
32.71,1625449482.0,64.0
32.65,1625449482.0,64.0
32.19,1625449482.0,64.0
31.96,1625449482.0,64.0
32.19,1625449482.0,64.0
32.63,1625449482.0,64.0
32.81,1625449482.0,64.0
32.29,1625449482.0,64.0
30.93,1625449482.0,64.0
28.89,1625449482.0,64.0
26.52,1625449482.0,64.0
24.09,1625449482.0,64.0
21.66,1625449482.0,64.0
19.1,1625449482.0,64.0
16.15,1625449482.0,64.0
12.62,1625449482.0,64.0
8.51,1625449482.0,64.0
4.0,1625449482.0,64.0
-0.59,1625449482.0,64.0
-4.98,1625449482.0,64.0
-9.04,1625449482.0,64.0
-12.82,1625449482.0,64.0
-16.53,1625449482.0,64.0
-20.43,1625449482.0,64.0
-24.71,1625449482.0,64.0
-29.41,1625449482.0,64.0
-34.51,1625449482.0,64.0
-39.94,1625449482.0,64.0
-45.61,1625449482.0,64.0
-51.41,1625449482.0,64.0
-56.97,1625449482.0,64.0
-61.71,1625449482.0,64.0
-64.81,1625449482.0,64.0
-65.45,1625449482.0,64.0
-63.13,1625449482.0,64.0
-57.84,1625449482.0,64.0
-50.07,1625449482.0,64.0
-40.64,1625449482.0,64.0
-30.33,1625449482.0,64.0
-19.74,1625449482.0,64.0
-9.23,1625449482.0,64.0
0.94,1625449482.0,64.0
10.41,1625449482.0,64.0
18.72,1625449482.0,64.0
25.39,1625449482.0,64.0
30.16,1625449482.0,64.0
33.16,1625449482.0,64.0
34.83,1625449482.0,64.0
35.8,1625449482.0,64.0
36.62,1625449482.0,64.0
37.53,1625449482.0,64.0
38.48,1625449482.0,64.0
39.22,1625449482.0,64.0
39.44,1625449482.0,64.0
38.93,1625449482.0,64.0
37.64,1625449482.0,64.0
35.66,1625449482.0,64.0
33.12,1625449482.0,64.0
30.17,1625449482.0,64.0
26.93,1625449482.0,64.0
23.45,1625449482.0,64.0
19.75,1625449482.0,64.0
15.87,1625449482.0,64.0
11.84,1625449482.0,64.0
7.7,1625449482.0,64.0
3.54,1625449482.0,64.0
-0.58,1625449482.0,64.0
-4.6,1625449482.0,64.0
-8.5,1625449482.0,64.0
-12.28,1625449482.0,64.0
-15.97,1625449482.0,64.0
-19.64,1625449482.0,64.0
-23.42,1625449482.0,64.0
-27.45,1625449482.0,64.0
-31.87,1625449482.0,64.0
-36.77,1625449482.0,64.0
-42.12,1625449482.0,64.0
-47.69,1625449482.0,64.0
-53.05,1625449482.0,64.0
-57.56,1625449482.0,64.0
-60.45,1625449482.0,64.0
-61.01,1625449482.0,64.0
-58.77,1625449482.0,64.0
-53.68,1625449482.0,64.0
-46.14,1625449482.0,64.0
-36.85,1625449482.0,64.0
-26.59,1625449482.0,64.0
-16.01,1625449482.0,64.0
-5.53,1625449482.0,64.0
4.6,1625449482.0,64.0
14.1,1625449482.0,64.0
22.56,1625449482.0,64.0
29.51,1625449482.0,64.0
34.56,1625449482.0,64.0
37.64,1625449482.0,64.0
39.1,1625449482.0,64.0
39.58,1625449482.0,64.0
39.76,1625449482.0,64.0
40.1,1625449482.0,64.0
40.69,1625449482.0,64.0
41.28,1625449482.0,64.0
41.55,1625449482.0,64.0
41.27,1625449482.0,64.0
40.35,1625449482.0,64.0
38.85,1625449482.0,64.0
36.83,1625449482.0,64.0
34.34,1625449482.0,64.0
31.4,1625449482.0,64.0
28.08,1625449482.0,64.0
24.56,1625449482.0,64.0
21.01,1625449482.0,64.0
17.54,1625449482.0,64.0
14.16,1625449482.0,64.0
10.78,1625449482.0,64.0
7.27,1625449482.0,64.0
3.61,1625449482.0,64.0
-0.16,1625449482.0,64.0
-3.9,1625449482.0,64.0
-7.55,1625449482.0,64.0
-11.13,1625449482.0,64.0
-14.79,1625449482.0,64.0
-18.68,1625449482.0,64.0
-22.94,1625449482.0,64.0
-27.57,1625449482.0,64.0
-32.55,1625449482.0,64.0
-37.79,1625449482.0,64.0
-43.21,1625449482.0,64.0
-48.61,1625449482.0,64.0
-53.58,1625449482.0,64.0
-57.44,1625449482.0,64.0
-59.36,1625449482.0,64.0
-58.58,1625449482.0,64.0
-54.69,1625449482.0,64.0
-47.85,1625449482.0,64.0
-38.71,1625449482.0,64.0
-28.23,1625449482.0,64.0
-17.33,1625449482.0,64.0
-6.65,1625449482.0,64.0
3.42,1625449482.0,64.0
12.66,1625449482.0,64.0
20.78,1625449482.0,64.0
27.45,1625449482.0,64.0
32.35,1625449482.0,64.0
35.39,1625449482.0,64.0
36.86,1625449482.0,64.0
37.32,1625449482.0,64.0
37.45,1625449482.0,64.0
37.76,1625449482.0,64.0
38.43,1625449482.0,64.0
39.31,1625449482.0,64.0
40.07,1625449482.0,64.0
40.37,1625449482.0,64.0
39.98,1625449482.0,64.0
38.83,1625449482.0,64.0
36.98,1625449482.0,64.0
34.54,1625449482.0,64.0
31.62,1625449482.0,64.0
28.33,1625449482.0,64.0
24.8,1625449482.0,64.0
21.17,1625449482.0,64.0
17.58,1625449482.0,64.0
14.14,1625449482.0,64.0
10.87,1625449482.0,64.0
7.72,1625449482.0,64.0
4.54,1625449482.0,64.0
1.2,1625449482.0,64.0
-2.37,1625449482.0,64.0
-6.18,1625449482.0,64.0
-10.14,1625449482.0,64.0
-14.17,1625449482.0,64.0
-18.22,1625449482.0,64.0
-22.32,1625449482.0,64.0
-26.57,1625449482.0,64.0
-31.1,1625449482.0,64.0
-35.98,1625449482.0,64.0
-41.22,1625449482.0,64.0
-46.63,1625449482.0,64.0
-51.82,1625449482.0,64.0
-56.15,1625449482.0,64.0
-58.84,1625449482.0,64.0
-59.11,1625449482.0,64.0
-56.46,1625449482.0,64.0
-50.83,1625449482.0,64.0
-42.67,1625449482.0,64.0
-32.78,1625449482.0,64.0
-22.11,1625449482.0,64.0
-11.46,1625449482.0,64.0
-1.4,1625449482.0,64.0
7.74,1625449482.0,64.0
15.71,1625449482.0,64.0
22.29,1625449482.0,64.0
27.29,1625449482.0,64.0
30.65,1625449482.0,64.0
32.54,1625449482.0,64.0
33.42,1625449482.0,64.0
33.87,1625449482.0,64.0
34.41,1625449482.0,64.0
35.3,1625449482.0,64.0
36.47,1625449482.0,64.0
37.61,1625449482.0,64.0
38.3,1625449482.0,64.0
38.21,1625449482.0,64.0
37.19,1625449482.0,64.0
35.3,1625449482.0,64.0
32.7,1625449482.0,64.0
29.63,1625449482.0,64.0
26.3,1625449482.0,64.0
22.85,1625449482.0,64.0
19.33,1625449482.0,64.0
15.77,1625449482.0,64.0
12.16,1625449482.0,64.0
8.52,1625449482.0,64.0
4.89,1625449482.0,64.0
1.38,1625449482.0,64.0
-1.92,1625449482.0,64.0
-4.94,1625449482.0,64.0
-7.76,1625449482.0,64.0
-10.57,1625449482.0,64.0
-13.63,1625449482.0,64.0
-17.14,1625449482.0,64.0
-21.2,1625449482.0,64.0
-25.77,1625449482.0,64.0
-30.72,1625449482.0,64.0
-35.94,1625449482.0,64.0
-41.34,1625449482.0,64.0
-46.71,1625449482.0,64.0
-51.62,1625449482.0,64.0
-55.33,1625449482.0,64.0
-56.94,1625449482.0,64.0
-55.68,1625449482.0,64.0
-51.2,1625449482.0,64.0
-43.82,1625449482.0,64.0
-34.38,1625449482.0,64.0
-23.95,1625449482.0,64.0
-13.48,1625449482.0,64.0
-3.61,1625449482.0,64.0
5.35,1625449482.0,64.0
13.21,1625449482.0,64.0
19.78,1625449482.0,64.0
24.84,1625449482.0,64.0
28.3,1625449482.0,64.0
30.3,1625449482.0,64.0
31.29,1625449482.0,64.0
31.89,1625449482.0,64.0
32.64,1625449482.0,64.0
33.82,1625449482.0,64.0
35.37,1625449482.0,64.0
36.93,1625449482.0,64.0
38.06,1625449482.0,64.0
38.41,1625449482.0,64.0
37.83,1625449482.0,64.0
36.38,1625449482.0,64.0
34.26,1625449482.0,64.0
31.7,1625449482.0,64.0
28.86,1625449482.0,64.0
25.83,1625449482.0,64.0
22.61,1625449482.0,64.0
19.18,1625449482.0,64.0
15.58,1625449482.0,64.0
11.93,1625449482.0,64.0
8.38,1625449482.0,64.0
5.06,1625449482.0,64.0
1.93,1625449482.0,64.0
-1.13,1625449482.0,64.0
-4.34,1625449482.0,64.0
-7.85,1625449482.0,64.0
-11.7,1625449482.0,64.0
-15.8,1625449482.0,64.0
-20.03,1625449482.0,64.0
-24.29,1625449482.0,64.0
-28.63,1625449482.0,64.0
-33.2,1625449482.0,64.0
-38.16,1625449482.0,64.0
-43.44,1625449482.0,64.0
-48.67,1625449482.0,64.0
-53.12,1625449482.0,64.0
-55.87,1625449482.0,64.0
-56.04,1625449482.0,64.0
-53.17,1625449482.0,64.0
-47.33,1625449482.0,64.0
-39.13,1625449482.0,64.0
-29.49,1625449482.0,64.0
-19.33,1625449482.0,64.0
-9.37,1625449482.0,64.0
-0.05,1625449482.0,64.0
8.3,1625449482.0,64.0
15.39,1625449482.0,64.0
20.91,1625449482.0,64.0
24.64,1625449482.0,64.0
26.65,1625449482.0,64.0
27.38,1625449482.0,64.0
27.55,1625449482.0,64.0
27.89,1625449482.0,64.0
28.87,1625449482.0,64.0
30.54,1625449482.0,64.0
32.49,1625449482.0,64.0
34.14,1625449482.0,64.0
34.96,1625449482.0,64.0
34.69,1625449482.0,64.0
33.38,1625449482.0,64.0
31.35,1625449482.0,64.0
28.94,1625449482.0,64.0
26.42,1625449482.0,64.0
23.85,1625449482.0,64.0
21.17,1625449482.0,64.0
18.24,1625449482.0,64.0
14.99,1625449482.0,64.0
11.48,1625449482.0,64.0
7.81,1625449482.0,64.0
4.16,1625449482.0,64.0
0.63,1625449482.0,64.0
-2.76,1625449482.0,64.0
-6.05,1625449482.0,64.0
-9.33,1625449482.0,64.0
-12.65,1625449482.0,64.0
-16.03,1625449482.0,64.0
-19.52,1625449482.0,64.0
-23.24,1625449482.0,64.0
-27.32,1625449482.0,64.0
-31.81,1625449482.0,64.0
-36.59,1625449482.0,64.0
-41.21,1625449482.0,64.0
-44.94,1625449482.0,64.0
-46.93,1625449482.0,64.0
-46.47,1625449482.0,64.0
-43.16,1625449482.0,64.0
-37.13,1625449482.0,64.0
-28.96,1625449482.0,64.0
-19.5,1625449482.0,64.0
-9.69,1625449482.0,64.0
-0.33,1625449482.0,64.0
7.95,1625449482.0,64.0
14.74,1625449482.0,64.0
19.79,1625449482.0,64.0
23.04,1625449482.0,64.0
24.67,1625449482.0,64.0
25.12,1625449482.0,64.0
24.99,1625449482.0,64.0
24.89,1625449482.0,64.0
25.26,1625449482.0,64.0
26.18,1625449482.0,64.0
27.4,1625449482.0,64.0
28.46,1625449482.0,64.0
28.87,1625449482.0,64.0
28.32,1625449482.0,64.0
26.8,1625449482.0,64.0
24.51,1625449482.0,64.0
21.78,1625449482.0,64.0
18.89,1625449482.0,64.0
15.99,1625449482.0,64.0
13.09,1625449482.0,64.0
10.12,1625449482.0,64.0
7.04,1625449482.0,64.0
3.86,1625449482.0,64.0
0.69,1625449482.0,64.0
-2.38,1625449482.0,64.0
-5.3,1625449482.0,64.0
-8.18,1625449482.0,64.0
-11.2,1625449482.0,64.0
-14.58,1625449482.0,64.0
-18.44,1625449482.0,64.0
-22.79,1625449482.0,64.0
-27.5,1625449482.0,64.0
-32.4,1625449482.0,64.0
-37.23,1625449482.0,64.0
-41.65,1625449482.0,64.0
-45.18,1625449482.0,64.0
-47.26,1625449482.0,64.0
-47.27,1625449482.0,64.0
-44.73,1625449482.0,64.0
-39.46,1625449482.0,64.0
-31.66,1625449482.0,64.0
-21.82,1625449482.0,64.0
-10.53,1625449482.0,64.0
1.65,1625449482.0,64.0
14.17,1625449482.0,64.0
26.45,1625449482.0,64.0
37.72,1625449482.0,64.0
46.99,1625449482.0,64.0
53.3,1625449482.0,64.0
56.04,1625449482.0,64.0
55.32,1625449482.0,64.0
51.93,1625449482.0,64.0
47.14,1625449482.0,64.0
42.21,1625449482.0,64.0
37.97,1625449482.0,64.0
34.62,1625449482.0,64.0
31.85,1625449482.0,64.0
29.13,1625449482.0,64.0
26.06,1625449482.0,64.0
22.55,1625449482.0,64.0
18.73,1625449482.0,64.0
14.85,1625449482.0,64.0
11.09,1625449482.0,64.0
7.46,1625449482.0,64.0
3.84,1625449482.0,64.0
0.09,1625449482.0,64.0
-3.85,1625449482.0,64.0
-7.89,1625449482.0,64.0
-11.86,1625449482.0,64.0
-15.56,1625449482.0,64.0
-18.89,1625449482.0,64.0
-21.93,1625449482.0,64.0
-24.96,1625449482.0,64.0
-28.27,1625449482.0,64.0
-32.12,1625449482.0,64.0
-36.54,1625449482.0,64.0
-41.42,1625449482.0,64.0
-46.49,1625449482.0,64.0
-51.49,1625449482.0,64.0
-56.13,1625449482.0,64.0
-60.05,1625449482.0,64.0
-62.82,1625449482.0,64.0
-63.88,1625449482.0,64.0
-62.67,1625449482.0,64.0
-58.84,1625449482.0,64.0
-52.36,1625449482.0,64.0
-43.6,1625449482.0,64.0
-33.17,1625449482.0,64.0
-21.74,1625449482.0,64.0
-9.91,1625449482.0,64.0
1.83,1625449482.0,64.0
13.01,1625449482.0,64.0
23.1,1625449482.0,64.0
31.53,1625449482.0,64.0
37.83,1625449482.0,64.0
41.84,1625449482.0,64.0
43.82,1625449482.0,64.0
44.42,1625449482.0,64.0
44.47,1625449482.0,64.0
44.61,1625449482.0,64.0
45.13,1625449482.0,64.0
45.85,1625449482.0,64.0
46.37,1625449482.0,64.0
46.26,1625449482.0,64.0
45.28,1625449482.0,64.0
43.41,1625449482.0,64.0
40.82,1625449482.0,64.0
37.68,1625449482.0,64.0
34.12,1625449482.0,64.0
30.19,1625449482.0,64.0
25.93,1625449482.0,64.0
21.42,1625449482.0,64.0
16.82,1625449482.0,64.0
12.31,1625449482.0,64.0
8.04,1625449482.0,64.0
4.07,1625449482.0,64.0
0.34,1625449482.0,64.0
-3.33,1625449482.0,64.0
-7.12,1625449482.0,64.0
-11.22,1625449482.0,64.0
-15.7,1625449482.0,64.0
-20.54,1625449482.0,64.0
-25.68,1625449482.0,64.0
-31.07,1625449482.0,64.0
-36.67,1625449482.0,64.0
-42.42,1625449482.0,64.0
-48.08,1625449482.0,64.0
-53.13,1625449482.0,64.0
-56.88,1625449482.0,64.0
-58.54,1625449482.0,64.0
-57.48,1625449482.0,64.0
-53.48,1625449482.0,64.0
-46.7,1625449482.0,64.0
-37.68,1625449482.0,64.0
-27.13,1625449482.0,64.0
-15.75,1625449482.0,64.0
-4.21,1625449482.0,64.0
6.91,1625449482.0,64.0
17.02,1625449482.0,64.0
25.59,1625449482.0,64.0
32.2,1625449482.0,64.0
36.68,1625449482.0,64.0
39.23,1625449482.0,64.0
40.36,1625449482.0,64.0
40.77,1625449482.0,64.0
41.12,1625449482.0,64.0
41.79,1625449482.0,64.0
42.8,1625449482.0,64.0
43.81,1625449482.0,64.0
44.33,1625449482.0,64.0
43.93,1625449482.0,64.0
42.43,1625449482.0,64.0
39.93,1625449482.0,64.0
36.72,1625449482.0,64.0
33.18,1625449482.0,64.0
29.58,1625449482.0,64.0
26.01,1625449482.0,64.0
22.45,1625449482.0,64.0
18.76,1625449482.0,64.0
14.84,1625449482.0,64.0
10.69,1625449482.0,64.0
6.4,1625449482.0,64.0
2.17,1625449482.0,64.0
-1.84,1625449482.0,64.0
-5.57,1625449482.0,64.0
-9.11,1625449482.0,64.0
-12.67,1625449482.0,64.0
-16.46,1625449482.0,64.0
-20.65,1625449482.0,64.0
-25.24,1625449482.0,64.0
-30.17,1625449482.0,64.0
-35.36,1625449482.0,64.0
-40.75,1625449482.0,64.0
-46.2,1625449482.0,64.0
-51.45,1625449482.0,64.0
-55.98,1625449482.0,64.0
-59.08,1625449482.0,64.0
-59.96,1625449482.0,64.0
-58.05,1625449482.0,64.0
-53.16,1625449482.0,64.0
-45.61,1625449482.0,64.0
-36.03,1625449482.0,64.0
-25.23,1625449482.0,64.0
-13.91,1625449482.0,64.0
-2.64,1625449482.0,64.0
8.18,1625449482.0,64.0
18.1,1625449482.0,64.0
26.64,1625449482.0,64.0
33.34,1625449482.0,64.0
37.93,1625449482.0,64.0
40.54,1625449482.0,64.0
41.68,1625449482.0,64.0
42.05,1625449482.0,64.0
42.28,1625449482.0,64.0
42.71,1625449482.0,64.0
43.29,1625449482.0,64.0
43.75,1625449482.0,64.0
43.76,1625449482.0,64.0
43.16,1625449482.0,64.0
41.96,1625449482.0,64.0
40.25,1625449482.0,64.0
38.14,1625449482.0,64.0
35.67,1625449482.0,64.0
32.83,1625449482.0,64.0
29.66,1625449482.0,64.0
26.23,1625449482.0,64.0
22.67,1625449482.0,64.0
19.08,1625449482.0,64.0
15.47,1625449482.0,64.0
11.8,1625449482.0,64.0
7.98,1625449482.0,64.0
3.94,1625449482.0,64.0
-0.26,1625449482.0,64.0
-4.55,1625449482.0,64.0
-8.83,1625449482.0,64.0
-13.03,1625449482.0,64.0
-17.19,1625449482.0,64.0
-21.37,1625449482.0,64.0
-25.7,1625449482.0,64.0
-30.29,1625449482.0,64.0
-35.23,1625449482.0,64.0
-40.59,1625449482.0,64.0
-46.32,1625449482.0,64.0
-52.21,1625449482.0,64.0
-57.76,1625449482.0,64.0
-62.17,1625449482.0,64.0
-64.51,1625449482.0,64.0
-63.94,1625449482.0,64.0
-60.03,1625449482.0,64.0
-52.95,1625449482.0,64.0
-43.4,1625449482.0,64.0
-32.32,1625449482.0,64.0
-20.66,1625449482.0,64.0
-9.07,1625449482.0,64.0
2.02,1625449482.0,64.0
12.27,1625449482.0,64.0
21.31,1625449482.0,64.0
28.68,1625449482.0,64.0
34.08,1625449482.0,64.0
37.46,1625449482.0,64.0
39.21,1625449482.0,64.0
40.02,1625449482.0,64.0
40.58,1625449482.0,64.0
41.33,1625449482.0,64.0
42.29,1625449482.0,64.0
43.14,1625449482.0,64.0
43.47,1625449482.0,64.0
42.97,1625449482.0,64.0
41.56,1625449482.0,64.0
39.39,1625449482.0,64.0
36.72,1625449482.0,64.0
33.74,1625449482.0,64.0
30.59,1625449482.0,64.0
27.34,1625449482.0,64.0
24.04,1625449482.0,64.0
20.75,1625449482.0,64.0
17.5,1625449482.0,64.0
14.34,1625449482.0,64.0
11.21,1625449482.0,64.0
8.0,1625449482.0,64.0
4.59,1625449482.0,64.0
0.85,1625449482.0,64.0
-3.27,1625449482.0,64.0
-7.68,1625449482.0,64.0
-12.21,1625449482.0,64.0
-16.64,1625449482.0,64.0
-20.78,1625449482.0,64.0
-24.56,1625449482.0,64.0
-28.09,1625449482.0,64.0
-31.62,1625449482.0,64.0
-35.39,1625449482.0,64.0
-39.61,1625449482.0,64.0
-44.4,1625449482.0,64.0
-49.71,1625449482.0,64.0
-55.29,1625449482.0,64.0
-60.7,1625449482.0,64.0
-65.29,1625449482.0,64.0
-68.23,1625449482.0,64.0
-68.75,1625449482.0,64.0
-66.28,1625449482.0,64.0
-60.73,1625449482.0,64.0
-52.47,1625449482.0,64.0
-42.21,1625449482.0,64.0
-30.77,1625449482.0,64.0
-18.82,1625449482.0,64.0
-6.85,1625449482.0,64.0
4.73,1625449482.0,64.0
15.44,1625449482.0,64.0
24.75,1625449482.0,64.0
32.11,1625449482.0,64.0
37.28,1625449482.0,64.0
40.43,1625449482.0,64.0
42.12,1625449482.0,64.0
43.1,1625449482.0,64.0
43.98,1625449482.0,64.0
45.05,1625449482.0,64.0
46.23,1625449482.0,64.0
47.18,1625449482.0,64.0
47.55,1625449482.0,64.0
47.16,1625449482.0,64.0
45.99,1625449482.0,64.0
44.17,1625449482.0,64.0
41.85,1625449482.0,64.0
39.14,1625449482.0,64.0
36.08,1625449482.0,64.0
32.67,1625449482.0,64.0
28.93,1625449482.0,64.0
24.94,1625449482.0,64.0
20.87,1625449482.0,64.0
16.93,1625449482.0,64.0
13.35,1625449482.0,64.0
10.19,1625449482.0,64.0
7.36,1625449482.0,64.0
4.57,1625449482.0,64.0
1.5,1625449482.0,64.0
-2.12,1625449482.0,64.0
-6.33,1625449482.0,64.0
-10.99,1625449482.0,64.0
-15.79,1625449482.0,64.0
-20.44,1625449482.0,64.0
-24.8,1625449482.0,64.0
-28.88,1625449482.0,64.0
-32.84,1625449482.0,64.0
-36.92,1625449482.0,64.0
-41.34,1625449482.0,64.0
-46.25,1625449482.0,64.0
-51.65,1625449482.0,64.0
-57.27,1625449482.0,64.0
-62.49,1625449482.0,64.0
-66.41,1625449482.0,64.0
-68.08,1625449482.0,64.0
-66.74,1625449482.0,64.0
-62.13,1625449482.0,64.0
-54.59,1625449482.0,64.0
-44.87,1625449482.0,64.0
-33.87,1625449482.0,64.0
-22.36,1625449482.0,64.0
-10.85,1625449482.0,64.0
0.33,1625449482.0,64.0
10.87,1625449482.0,64.0
20.31,1625449482.0,64.0
28.12,1625449482.0,64.0
33.92,1625449482.0,64.0
37.66,1625449482.0,64.0
39.75,1625449482.0,64.0
40.89,1625449482.0,64.0
41.79,1625449482.0,64.0
42.89,1625449482.0,64.0
44.19,1625449482.0,64.0
45.33,1625449482.0,64.0
45.85,1625449482.0,64.0
45.48,1625449482.0,64.0
44.18,1625449482.0,64.0
42.19,1625449482.0,64.0
39.77,1625449482.0,64.0
37.1,1625449482.0,64.0
34.19,1625449482.0,64.0
30.99,1625449482.0,64.0
27.45,1625449482.0,64.0
23.68,1625449482.0,64.0
19.92,1625449482.0,64.0
16.42,1625449482.0,64.0
13.31,1625449482.0,64.0
10.53,1625449482.0,64.0
7.81,1625449482.0,64.0
4.82,1625449482.0,64.0
1.32,1625449482.0,64.0
-2.75,1625449482.0,64.0
-7.23,1625449482.0,64.0
-11.86,1625449482.0,64.0
-16.35,1625449482.0,64.0
-20.54,1625449482.0,64.0
-24.46,1625449482.0,64.0
-28.25,1625449482.0,64.0
-32.13,1625449482.0,64.0
-36.29,1625449482.0,64.0
-40.85,1625449482.0,64.0
-45.84,1625449482.0,64.0
-51.16,1625449482.0,64.0
-56.54,1625449482.0,64.0
-61.47,1625449482.0,64.0
-65.21,1625449482.0,64.0
-66.95,1625449482.0,64.0
-66.01,1625449482.0,64.0
-62.02,1625449482.0,64.0
-55.16,1625449482.0,64.0
-46.01,1625449482.0,64.0
-35.42,1625449482.0,64.0
-24.24,1625449482.0,64.0
-13.11,1625449482.0,64.0
-2.48,1625449482.0,64.0
7.31,1625449482.0,64.0
15.89,1625449482.0,64.0
22.86,1625449482.0,64.0
27.95,1625449482.0,64.0
31.19,1625449482.0,64.0
32.95,1625449482.0,64.0
33.89,1625449482.0,64.0
34.67,1625449482.0,64.0
35.68,1625449482.0,64.0
36.95,1625449482.0,64.0
38.17,1625449482.0,64.0
38.92,1625449482.0,64.0
38.93,1625449482.0,64.0
38.13,1625449482.0,64.0
36.63,1625449482.0,64.0
34.57,1625449482.0,64.0
32.05,1625449482.0,64.0
29.12,1625449482.0,64.0
25.82,1625449482.0,64.0
22.27,1625449482.0,64.0
18.72,1625449482.0,64.0
15.41,1625449482.0,64.0
12.47,1625449482.0,64.0
9.85,1625449482.0,64.0
7.34,1625449482.0,64.0
4.66,1625449482.0,64.0
1.6,1625449482.0,64.0
-1.9,1625449482.0,64.0
-5.76,1625449482.0,64.0
-9.78,1625449482.0,64.0
-13.74,1625449482.0,64.0
-17.49,1625449482.0,64.0
-20.97,1625449482.0,64.0
-24.27,1625449482.0,64.0
-27.56,1625449482.0,64.0
-31.06,1625449482.0,64.0
-34.95,1625449482.0,64.0
-39.28,1625449482.0,64.0
-43.81,1625449482.0,64.0
-48.05,1625449482.0,64.0
-51.27,1625449482.0,64.0
-52.7,1625449482.0,64.0
-51.74,1625449482.0,64.0
-48.16,1625449482.0,64.0
-42.1,1625449482.0,64.0
-34.09,1625449482.0,64.0
-24.76,1625449482.0,64.0
-14.77,1625449482.0,64.0
-4.71,1625449482.0,64.0
4.94,1625449482.0,64.0
13.72,1625449482.0,64.0
21.2,1625449482.0,64.0
26.99,1625449482.0,64.0
30.94,1625449482.0,64.0
33.16,1625449482.0,64.0
34.15,1625449482.0,64.0
34.55,1625449482.0,64.0
35.01,1625449482.0,64.0
35.88,1625449482.0,64.0
37.16,1625449482.0,64.0
38.49,1625449482.0,64.0
39.36,1625449482.0,64.0
39.33,1625449482.0,64.0
38.15,1625449482.0,64.0
35.84,1625449482.0,64.0
32.64,1625449482.0,64.0
28.9,1625449482.0,64.0
24.95,1625449482.0,64.0
21.06,1625449482.0,64.0
17.33,1625449482.0,64.0
13.72,1625449482.0,64.0
10.11,1625449482.0,64.0
6.37,1625449482.0,64.0
2.46,1625449482.0,64.0
-1.55,1625449482.0,64.0
-5.55,1625449482.0,64.0
-9.44,1625449482.0,64.0
-13.24,1625449482.0,64.0
-17.1,1625449482.0,64.0
-21.24,1625449482.0,64.0
-25.85,1625449482.0,64.0
-31.0,1625449482.0,64.0
-36.68,1625449482.0,64.0
-42.76,1625449482.0,64.0
-49.07,1625449482.0,64.0
-55.31,1625449482.0,64.0
-61.01,1625449482.0,64.0
-65.44,1625449482.0,64.0
-67.75,1625449482.0,64.0
-67.14,1625449482.0,64.0
-63.19,1625449482.0,64.0
-56.05,1625449482.0,64.0
-46.39,1625449482.0,64.0
-35.19,1625449482.0,64.0
-23.35,1625449482.0,64.0
-11.49,1625449482.0,64.0
0.06,1625449482.0,64.0
11.09,1625449482.0,64.0
21.26,1625449482.0,64.0
30.07,1625449482.0,64.0
36.97,1625449482.0,64.0
41.7,1625449482.0,64.0
44.41,1625449482.0,64.0
45.67,1625449482.0,64.0
46.21,1625449482.0,64.0
46.57,1625449482.0,64.0
46.94,1625449482.0,64.0
47.16,1625449482.0,64.0
46.91,1625449482.0,64.0
45.97,1625449482.0,64.0
44.29,1625449482.0,64.0
42.01,1625449482.0,64.0
39.32,1625449482.0,64.0
36.31,1625449482.0,64.0
33.01,1625449482.0,64.0
29.35,1625449482.0,64.0
25.31,1625449482.0,64.0
20.93,1625449482.0,64.0
16.36,1625449482.0,64.0
11.75,1625449482.0,64.0
7.21,1625449482.0,64.0
2.8,1625449482.0,64.0
-1.55,1625449482.0,64.0
-5.87,1625449482.0,64.0
-10.2,1625449482.0,64.0
-14.53,1625449482.0,64.0
-18.82,1625449482.0,64.0
-23.11,1625449482.0,64.0
-27.45,1625449482.0,64.0
-31.96,1625449482.0,64.0
-36.74,1625449482.0,64.0
-41.87,1625449482.0,64.0
-47.37,1625449482.0,64.0
-53.16,1625449482.0,64.0
-59.01,1625449482.0,64.0
-64.46,1625449482.0,64.0
-68.8,1625449482.0,64.0
-71.18,1625449482.0,64.0
-70.85,1625449482.0,64.0
-67.36,1625449482.0,64.0
-60.81,1625449482.0,64.0
-51.7,1625449482.0,64.0
-40.82,1625449482.0,64.0
-28.91,1625449482.0,64.0
-16.56,1625449482.0,64.0
-4.17,1625449482.0,64.0
7.91,1625449482.0,64.0
19.18,1625449482.0,64.0
29.06,1625449482.0,64.0
36.96,1625449482.0,64.0
42.52,1625449482.0,64.0
45.84,1625449482.0,64.0
47.43,1625449482.0,64.0
48.08,1625449482.0,64.0
48.52,1625449482.0,64.0
49.19,1625449482.0,64.0
50.09,1625449482.0,64.0
50.88,1625449482.0,64.0
51.12,1625449482.0,64.0
50.44,1625449482.0,64.0
48.75,1625449482.0,64.0
46.15,1625449482.0,64.0
42.86,1625449482.0,64.0
39.05,1625449482.0,64.0
34.9,1625449482.0,64.0
30.55,1625449482.0,64.0
26.22,1625449482.0,64.0
22.11,1625449482.0,64.0
18.35,1625449482.0,64.0
14.91,1625449482.0,64.0
11.57,1625449482.0,64.0
8.05,1625449482.0,64.0
4.13,1625449482.0,64.0
-0.19,1625449482.0,64.0
-4.77,1625449482.0,64.0
-9.36,1625449482.0,64.0
-13.86,1625449482.0,64.0
-18.25,1625449482.0,64.0
-22.72,1625449482.0,64.0
-27.46,1625449482.0,64.0
-32.61,1625449482.0,64.0
-38.2,1625449482.0,64.0
-44.14,1625449482.0,64.0
-50.19,1625449482.0,64.0
-55.89,1625449482.0,64.0
-60.62,1625449482.0,64.0
-63.56,1625449482.0,64.0
-63.95,1625449482.0,64.0
-61.3,1625449482.0,64.0
-55.56,1625449482.0,64.0
-47.16,1625449482.0,64.0
-36.85,1625449482.0,64.0
-25.45,1625449482.0,64.0
-13.64,1625449482.0,64.0
-1.89,1625449482.0,64.0
9.42,1625449482.0,64.0
19.93,1625449482.0,64.0
29.12,1625449482.0,64.0
36.52,1625449482.0,64.0
41.77,1625449482.0,64.0
44.94,1625449482.0,64.0
46.44,1625449482.0,64.0
46.99,1625449482.0,64.0
47.22,1625449482.0,64.0
47.52,1625449482.0,64.0
47.87,1625449482.0,64.0
47.97,1625449482.0,64.0
47.49,1625449482.0,64.0
46.27,1625449482.0,64.0
44.38,1625449482.0,64.0
42.02,1625449482.0,64.0
39.37,1625449482.0,64.0
36.49,1625449482.0,64.0
33.29,1625449482.0,64.0
29.7,1625449482.0,64.0
25.74,1625449482.0,64.0
21.57,1625449482.0,64.0
17.42,1625449482.0,64.0
13.46,1625449482.0,64.0
9.73,1625449482.0,64.0
6.15,1625449482.0,64.0
2.59,1625449482.0,64.0
-1.08,1625449482.0,64.0
-4.93,1625449482.0,64.0
-8.96,1625449482.0,64.0
-13.18,1625449482.0,64.0
-17.6,1625449482.0,64.0
-22.2,1625449482.0,64.0
-27.0,1625449482.0,64.0
-31.99,1625449482.0,64.0
-37.21,1625449482.0,64.0
-42.67,1625449482.0,64.0
-48.32,1625449482.0,64.0
-54.01,1625449482.0,64.0
-59.35,1625449482.0,64.0
-63.73,1625449482.0,64.0
-66.41,1625449482.0,64.0
-66.66,1625449482.0,64.0
-63.99,1625449482.0,64.0
-58.32,1625449482.0,64.0
-50.0,1625449482.0,64.0
-39.73,1625449482.0,64.0
-28.26,1625449482.0,64.0
-16.26,1625449482.0,64.0
-4.22,1625449482.0,64.0
7.43,1625449482.0,64.0
18.2,1625449482.0,64.0
27.53,1625449482.0,64.0
34.85,1625449482.0,64.0
39.86,1625449482.0,64.0
42.66,1625449482.0,64.0
43.79,1625449482.0,64.0
44.06,1625449482.0,64.0
44.19,1625449482.0,64.0
44.58,1625449482.0,64.0
45.17,1625449482.0,64.0
45.64,1625449482.0,64.0
45.57,1625449482.0,64.0
44.7,1625449482.0,64.0
43.0,1625449482.0,64.0
40.66,1625449482.0,64.0
37.91,1625449482.0,64.0
34.95,1625449482.0,64.0
31.89,1625449482.0,64.0
28.75,1625449482.0,64.0
25.54,1625449482.0,64.0
22.28,1625449482.0,64.0
19.03,1625449482.0,64.0
15.84,1625449482.0,64.0
12.71,1625449482.0,64.0
9.58,1625449482.0,64.0
6.34,1625449482.0,64.0
2.89,1625449482.0,64.0
-0.82,1625449482.0,64.0
-4.78,1625449482.0,64.0
-8.92,1625449482.0,64.0
-13.14,1625449482.0,64.0
-17.37,1625449482.0,64.0
-21.56,1625449482.0,64.0
-25.74,1625449482.0,64.0
-30.04,1625449482.0,64.0
-34.61,1625449482.0,64.0
-39.54,1625449482.0,64.0
-44.78,1625449482.0,64.0
-49.99,1625449482.0,64.0
-54.58,1625449482.0,64.0
-57.76,1625449482.0,64.0
-58.75,1625449482.0,64.0
-57.02,1625449482.0,64.0
-52.4,1625449482.0,64.0
-45.1,1625449482.0,64.0
-35.7,1625449482.0,64.0
-24.9,1625449482.0,64.0
-13.42,1625449482.0,64.0
-1.88,1625449482.0,64.0
9.15,1625449482.0,64.0
19.15,1625449482.0,64.0
27.63,1625449482.0,64.0
34.2,1625449482.0,64.0
38.67,1625449482.0,64.0
41.21,1625449482.0,64.0
42.34,1625449482.0,64.0
42.79,1625449482.0,64.0
43.26,1625449482.0,64.0
44.13,1625449482.0,64.0
45.33,1625449482.0,64.0
46.46,1625449482.0,64.0
46.97,1625449482.0,64.0
46.49,1625449482.0,64.0
44.93,1625449482.0,64.0
42.48,1625449482.0,64.0
39.49,1625449482.0,64.0
36.25,1625449482.0,64.0
32.93,1625449482.0,64.0
29.59,1625449482.0,64.0
26.2,1625449482.0,64.0
22.77,1625449482.0,64.0
19.33,1625449482.0,64.0
15.94,1625449482.0,64.0
12.61,1625449482.0,64.0
9.3,1625449482.0,64.0
5.9,1625449482.0,64.0
2.33,1625449482.0,64.0
-1.46,1625449482.0,64.0
-5.41,1625449482.0,64.0
-9.42,1625449482.0,64.0
-13.37,1625449482.0,64.0
-17.19,1625449482.0,64.0
-20.92,1625449482.0,64.0
-24.69,1625449482.0,64.0
-28.74,1625449482.0,64.0
-33.26,1625449482.0,64.0
-38.36,1625449482.0,64.0
-43.92,1625449482.0,64.0
-49.54,1625449482.0,64.0
-54.58,1625449482.0,64.0
-58.24,1625449482.0,64.0
-59.76,1625449482.0,64.0
-58.6,1625449482.0,64.0
-54.58,1625449482.0,64.0
-47.94,1625449482.0,64.0
-39.27,1625449482.0,64.0
-29.32,1625449482.0,64.0
-18.82,1625449482.0,64.0
-8.41,1625449482.0,64.0
1.4,1625449482.0,64.0
10.21,1625449482.0,64.0
17.66,1625449482.0,64.0
23.45,1625449482.0,64.0
27.39,1625449482.0,64.0
29.59,1625449482.0,64.0
30.43,1625449482.0,64.0
30.59,1625449482.0,64.0
30.77,1625449482.0,64.0
31.56,1625449482.0,64.0
33.1,1625449482.0,64.0
35.12,1625449482.0,64.0
37.03,1625449482.0,64.0
38.19,1625449482.0,64.0
38.19,1625449482.0,64.0
36.92,1625449482.0,64.0
34.61,1625449482.0,64.0
31.64,1625449482.0,64.0
28.34,1625449482.0,64.0
24.93,1625449482.0,64.0
21.54,1625449482.0,64.0
18.22,1625449482.0,64.0
15.08,1625449482.0,64.0
12.19,1625449482.0,64.0
9.57,1625449482.0,64.0
7.1,1625449482.0,64.0
4.56,1625449482.0,64.0
1.68,1625449482.0,64.0
-1.69,1625449482.0,64.0
-5.52,1625449482.0,64.0
-9.56,1625449482.0,64.0
-13.45,1625449482.0,64.0
-16.9,1625449482.0,64.0
-19.86,1625449482.0,64.0
-22.59,1625449482.0,64.0
-25.63,1625449482.0,64.0
-29.52,1625449482.0,64.0
-34.55,1625449482.0,64.0
-40.5,1625449482.0,64.0
-46.61,1625449482.0,64.0
-51.75,1625449482.0,64.0
-54.76,1625449482.0,64.0
-54.8,1625449482.0,64.0
-51.63,1625449482.0,64.0
-45.58,1625449482.0,64.0
-37.34,1625449482.0,64.0
-27.66,1625449482.0,64.0
-17.23,1625449482.0,64.0
-6.56,1625449482.0,64.0
3.82,1625449482.0,64.0
13.36,1625449482.0,64.0
21.41,1625449482.0,64.0
27.51,1625449482.0,64.0
31.52,1625449482.0,64.0
33.84,1625449482.0,64.0
35.22,1625449482.0,64.0
36.49,1625449482.0,64.0
38.13,1625449482.0,64.0
40.09,1625449482.0,64.0
41.83,1625449482.0,64.0
42.56,1625449482.0,64.0
41.68,1625449482.0,64.0
38.97,1625449482.0,64.0
34.67,1625449482.0,64.0
29.31,1625449482.0,64.0
23.48,1625449482.0,64.0
17.69,1625449482.0,64.0
12.2,1625449482.0,64.0
7.12,1625449482.0,64.0
2.38,1625449482.0,64.0
-2.15,1625449482.0,64.0
-6.61,1625449482.0,64.0
-11.07,1625449482.0,64.0
-15.49,1625449482.0,64.0
-19.77,1625449482.0,64.0
-23.77,1625449482.0,64.0
-27.39,1625449482.0,64.0
-30.66,1625449482.0,64.0
-33.68,1625449482.0,64.0
-36.61,1625449482.0,64.0
-39.61,1625449482.0,64.0
-42.81,1625449482.0,64.0
-46.31,1625449482.0,64.0
-50.17,1625449482.0,64.0
-54.42,1625449482.0,64.0
-58.93,1625449482.0,64.0
-63.31,1625449482.0,64.0
-66.93,1625449482.0,64.0
-68.97,1625449482.0,64.0
-68.62,1625449482.0,64.0
-65.38,1625449482.0,64.0
-59.18,1625449482.0,64.0
-50.43,1625449482.0,64.0
-39.83,1625449482.0,64.0
-28.2,1625449482.0,64.0
-16.2,1625449482.0,64.0
-4.29,1625449482.0,64.0
7.21,1625449482.0,64.0
17.96,1625449482.0,64.0
27.56,1625449482.0,64.0
35.51,1625449482.0,64.0
41.44,1625449482.0,64.0
45.26,1625449482.0,64.0
47.25,1625449482.0,64.0
48.02,1625449482.0,64.0
48.23,1625449482.0,64.0
48.35,1625449482.0,64.0
48.59,1625449482.0,64.0
48.79,1625449482.0,64.0
48.67,1625449482.0,64.0
47.96,1625449482.0,64.0
46.46,1625449482.0,64.0
44.15,1625449482.0,64.0
41.1,1625449482.0,64.0
37.43,1625449482.0,64.0
33.34,1625449482.0,64.0
29.07,1625449482.0,64.0
24.87,1625449482.0,64.0
20.92,1625449482.0,64.0
17.28,1625449482.0,64.0
13.84,1625449482.0,64.0
10.35,1625449482.0,64.0
6.62,1625449482.0,64.0
2.53,1625449482.0,64.0
-1.85,1625449482.0,64.0
-6.38,1625449482.0,64.0
-10.92,1625449482.0,64.0
-15.38,1625449482.0,64.0
-19.78,1625449482.0,64.0
-24.22,1625449482.0,64.0
-28.83,1625449482.0,64.0
-33.75,1625449482.0,64.0
-39.07,1625449482.0,64.0
-44.8,1625449482.0,64.0
-50.79,1625449482.0,64.0
-56.65,1625449482.0,64.0
-61.81,1625449482.0,64.0
-65.49,1625449482.0,64.0
-66.91,1625449482.0,64.0
-65.47,1625449482.0,64.0
-60.94,1625449482.0,64.0
-53.52,1625449482.0,64.0
-43.84,1625449482.0,64.0
-32.73,1625449482.0,64.0
-21.03,1625449482.0,64.0
-9.43,1625449482.0,64.0
1.61,1625449482.0,64.0
11.72,1625449482.0,64.0
20.63,1625449482.0,64.0
28.05,1625449482.0,64.0
33.8,1625449482.0,64.0
37.84,1625449482.0,64.0
40.38,1625449482.0,64.0
41.87,1625449482.0,64.0
42.83,1625449482.0,64.0
43.68,1625449482.0,64.0
44.57,1625449482.0,64.0
45.41,1625449482.0,64.0
45.88,1625449482.0,64.0
45.69,1625449482.0,64.0
44.67,1625449482.0,64.0
42.86,1625449482.0,64.0
40.38,1625449482.0,64.0
37.4,1625449482.0,64.0
33.98,1625449482.0,64.0
30.14,1625449482.0,64.0
25.87,1625449482.0,64.0
21.29,1625449482.0,64.0
16.65,1625449482.0,64.0
12.23,1625449482.0,64.0
8.25,1625449482.0,64.0
4.7,1625449482.0,64.0
1.35,1625449482.0,64.0
-2.16,1625449482.0,64.0
-6.14,1625449482.0,64.0
-10.65,1625449482.0,64.0
-15.51,1625449482.0,64.0
-20.41,1625449482.0,64.0
-25.04,1625449482.0,64.0
-29.3,1625449482.0,64.0
-33.27,1625449482.0,64.0
-37.21,1625449482.0,64.0
-41.44,1625449482.0,64.0
-46.18,1625449482.0,64.0
-51.51,1625449482.0,64.0
-57.29,1625449482.0,64.0
-63.08,1625449482.0,64.0
-68.2,1625449482.0,64.0
-71.75,1625449482.0,64.0
-72.88,1625449482.0,64.0
-70.95,1625449482.0,64.0
-65.8,1625449482.0,64.0
-57.73,1625449482.0,64.0
-47.45,1625449482.0,64.0
-35.79,1625449482.0,64.0
-23.51,1625449482.0,64.0
-11.22,1625449482.0,64.0
0.64,1625449482.0,64.0
11.67,1625449482.0,64.0
21.42,1625449482.0,64.0
29.46,1625449482.0,64.0
35.52,1625449482.0,64.0
39.64,1625449482.0,64.0
42.17,1625449482.0,64.0
43.71,1625449482.0,64.0
44.81,1625449482.0,64.0
45.79,1625449482.0,64.0
46.68,1625449482.0,64.0
47.25,1625449482.0,64.0
47.21,1625449482.0,64.0
46.44,1625449482.0,64.0
44.98,1625449482.0,64.0
43.04,1625449482.0,64.0
40.79,1625449482.0,64.0
38.3,1625449482.0,64.0
35.5,1625449482.0,64.0
32.3,1625449482.0,64.0
28.7,1625449482.0,64.0
24.88,1625449482.0,64.0
21.09,1625449482.0,64.0
17.56,1625449482.0,64.0
14.39,1625449482.0,64.0
11.45,1625449482.0,64.0
8.48,1625449482.0,64.0
5.22,1625449482.0,64.0
1.47,1625449482.0,64.0
-2.73,1625449482.0,64.0
-7.22,1625449482.0,64.0
-11.74,1625449482.0,64.0
-16.09,1625449482.0,64.0
-20.21,1625449482.0,64.0
-24.18,1625449482.0,64.0
-28.17,1625449482.0,64.0
-32.43,1625449482.0,64.0
-37.14,1625449482.0,64.0
-42.41,1625449482.0,64.0
-48.18,1625449482.0,64.0
-54.19,1625449482.0,64.0
-59.9,1625449482.0,64.0
-64.6,1625449482.0,64.0
-67.45,1625449482.0,64.0
-67.74,1625449482.0,64.0
-65.08,1625449482.0,64.0
-59.57,1625449482.0,64.0
-51.68,1625449482.0,64.0
-42.13,1625449482.0,64.0
-31.58,1625449482.0,64.0
-20.53,1625449482.0,64.0
-9.29,1625449482.0,64.0
1.86,1625449482.0,64.0
12.45,1625449482.0,64.0
21.85,1625449482.0,64.0
29.39,1625449482.0,64.0
34.7,1625449482.0,64.0
37.91,1625449482.0,64.0
39.64,1625449482.0,64.0
40.76,1625449482.0,64.0
41.97,1625449482.0,64.0
43.51,1625449482.0,64.0
45.14,1625449482.0,64.0
46.32,1625449482.0,64.0
46.55,1625449482.0,64.0
45.67,1625449482.0,64.0
43.86,1625449482.0,64.0
41.49,1625449482.0,64.0
38.91,1625449482.0,64.0
36.24,1625449482.0,64.0
33.45,1625449482.0,64.0
30.43,1625449482.0,64.0
27.14,1625449482.0,64.0
23.66,1625449482.0,64.0
20.17,1625449482.0,64.0
16.86,1625449482.0,64.0
13.79,1625449482.0,64.0
10.87,1625449482.0,64.0
7.91,1625449482.0,64.0
4.69,1625449482.0,64.0
1.05,1625449482.0,64.0
-3.02,1625449482.0,64.0
-7.39,1625449482.0,64.0
-11.85,1625449482.0,64.0
-16.2,1625449482.0,64.0
-20.32,1625449482.0,64.0
-24.21,1625449482.0,64.0
-28.03,1625449482.0,64.0
-31.96,1625449482.0,64.0
-36.23,1625449482.0,64.0
-40.97,1625449482.0,64.0
-46.18,1625449482.0,64.0
-51.59,1625449482.0,64.0
-56.64,1625449482.0,64.0
-60.56,1625449482.0,64.0
-62.5,1625449482.0,64.0
-61.79,1625449482.0,64.0
-58.18,1625449482.0,64.0
-51.89,1625449482.0,64.0
-43.52,1625449482.0,64.0
-33.81,1625449482.0,64.0
-23.41,1625449482.0,64.0
-12.77,1625449482.0,64.0
-2.18,1625449482.0,64.0
8.01,1625449482.0,64.0
17.3,1625449482.0,64.0
25.11,1625449482.0,64.0
30.95,1625449482.0,64.0
34.67,1625449482.0,64.0
36.61,1625449482.0,64.0
37.46,1625449482.0,64.0
37.99,1625449482.0,64.0
38.75,1625449482.0,64.0
39.86,1625449482.0,64.0
41.11,1625449482.0,64.0
42.05,1625449482.0,64.0
42.32,1625449482.0,64.0
41.78,1625449482.0,64.0
40.49,1625449482.0,64.0
38.62,1625449482.0,64.0
36.32,1625449482.0,64.0
33.65,1625449482.0,64.0
30.63,1625449482.0,64.0
27.27,1625449482.0,64.0
23.66,1625449482.0,64.0
19.97,1625449482.0,64.0
16.33,1625449482.0,64.0
12.83,1625449482.0,64.0
9.45,1625449482.0,64.0
6.06,1625449482.0,64.0
2.56,1625449482.0,64.0
-1.14,1625449482.0,64.0
-5.04,1625449482.0,64.0
-9.1,1625449482.0,64.0
-13.27,1625449482.0,64.0
-17.47,1625449482.0,64.0
-21.66,1625449482.0,64.0
-25.82,1625449482.0,64.0
-30.0,1625449482.0,64.0
-34.35,1625449482.0,64.0
-39.09,1625449482.0,64.0
-44.4,1625449482.0,64.0
-50.28,1625449482.0,64.0
-56.39,1625449482.0,64.0
-62.04,1625449482.0,64.0
-66.29,1625449482.0,64.0
-68.18,1625449482.0,64.0
-67.08,1625449482.0,64.0
-62.82,1625449482.0,64.0
-55.77,1625449482.0,64.0
-46.6,1625449482.0,64.0
-36.13,1625449482.0,64.0
-25.01,1625449482.0,64.0
-13.69,1625449482.0,64.0
-2.48,1625449482.0,64.0
8.31,1625449482.0,64.0
18.27,1625449482.0,64.0
26.9,1625449482.0,64.0
33.74,1625449482.0,64.0
38.57,1625449482.0,64.0
41.56,1625449482.0,64.0
43.21,1625449482.0,64.0
44.21,1625449482.0,64.0
45.11,1625449482.0,64.0
46.18,1625449482.0,64.0
47.3,1625449482.0,64.0
48.1,1625449482.0,64.0
48.18,1625449482.0,64.0
47.28,1625449482.0,64.0
45.4,1625449482.0,64.0
42.74,1625449482.0,64.0
39.59,1625449482.0,64.0
36.16,1625449482.0,64.0
32.6,1625449482.0,64.0
28.9,1625449482.0,64.0
25.09,1625449482.0,64.0
21.19,1625449482.0,64.0
17.26,1625449482.0,64.0
13.39,1625449482.0,64.0
9.59,1625449482.0,64.0
5.84,1625449482.0,64.0
2.07,1625449482.0,64.0
-1.77,1625449482.0,64.0
-5.73,1625449482.0,64.0
-9.81,1625449482.0,64.0
-13.97,1625449482.0,64.0
-18.21,1625449482.0,64.0
-22.5,1625449482.0,64.0
-26.85,1625449482.0,64.0
-31.33,1625449482.0,64.0
-36.08,1625449482.0,64.0
-41.22,1625449482.0,64.0
-46.78,1625449482.0,64.0
-52.55,1625449482.0,64.0
-57.99,1625449482.0,64.0
-62.25,1625449482.0,64.0
-64.42,1625449482.0,64.0
-63.76,1625449482.0,64.0
-60.0,1625449482.0,64.0
-53.4,1625449482.0,64.0
-44.62,1625449482.0,64.0
-34.46,1625449482.0,64.0
-23.55,1625449482.0,64.0
-12.31,1625449482.0,64.0
-0.97,1625449482.0,64.0
10.15,1625449482.0,64.0
20.54,1625449482.0,64.0
29.52,1625449482.0,64.0
36.45,1625449482.0,64.0
41.07,1625449482.0,64.0
43.6,1625449482.0,64.0
44.7,1625449482.0,64.0
45.17,1625449482.0,64.0
45.61,1625449482.0,64.0
46.25,1625449482.0,64.0
46.91,1625449482.0,64.0
47.28,1625449482.0,64.0
47.07,1625449482.0,64.0
46.15,1625449482.0,64.0
44.56,1625449482.0,64.0
42.38,1625449482.0,64.0
39.62,1625449482.0,64.0
36.24,1625449482.0,64.0
32.22,1625449482.0,64.0
27.64,1625449482.0,64.0
22.77,1625449482.0,64.0
17.97,1625449482.0,64.0
13.58,1625449482.0,64.0
9.79,1625449482.0,64.0
6.53,1625449482.0,64.0
3.51,1625449482.0,64.0
0.39,1625449482.0,64.0
-3.07,1625449482.0,64.0
-6.95,1625449482.0,64.0
-11.13,1625449482.0,64.0
-15.47,1625449482.0,64.0
-19.82,1625449482.0,64.0
-24.17,1625449482.0,64.0
-28.59,1625449482.0,64.0
-33.16,1625449482.0,64.0
-37.97,1625449482.0,64.0
-43.07,1625449482.0,64.0
-48.45,1625449482.0,64.0
-53.95,1625449482.0,64.0
-59.18,1625449482.0,64.0
-63.47,1625449482.0,64.0
-65.95,1625449482.0,64.0
-65.84,1625449482.0,64.0
-62.65,1625449482.0,64.0
-56.41,1625449482.0,64.0
-47.67,1625449482.0,64.0
-37.25,1625449482.0,64.0
-25.94,1625449482.0,64.0
-14.35,1625449482.0,64.0
-2.86,1625449482.0,64.0
8.21,1625449482.0,64.0
18.46,1625449482.0,64.0
27.38,1625449482.0,64.0
34.47,1625449482.0,64.0
39.5,1625449482.0,64.0
42.65,1625449482.0,64.0
44.44,1625449482.0,64.0
45.54,1625449482.0,64.0
46.49,1625449482.0,64.0
47.48,1625449482.0,64.0
48.35,1625449482.0,64.0
48.81,1625449482.0,64.0
48.56,1625449482.0,64.0
47.54,1625449482.0,64.0
45.83,1625449482.0,64.0
43.61,1625449482.0,64.0
41.0,1625449482.0,64.0
38.0,1625449482.0,64.0
34.55,1625449482.0,64.0
30.61,1625449482.0,64.0
26.3,1625449482.0,64.0
21.84,1625449482.0,64.0
17.52,1625449482.0,64.0
13.6,1625449482.0,64.0
10.17,1625449482.0,64.0
7.16,1625449482.0,64.0
4.34,1625449482.0,64.0
1.47,1625449482.0,64.0
-1.67,1625449482.0,64.0
-5.19,1625449482.0,64.0
-9.06,1625449482.0,64.0
-13.2,1625449482.0,64.0
-17.48,1625449482.0,64.0
-21.86,1625449482.0,64.0
-26.33,1625449482.0,64.0
-30.98,1625449482.0,64.0
-35.88,1625449482.0,64.0
-41.07,1625449482.0,64.0
-46.4,1625449482.0,64.0
-51.48,1625449482.0,64.0
-55.68,1625449482.0,64.0
-58.25,1625449482.0,64.0
-58.47,1625449482.0,64.0
-55.93,1625449482.0,64.0
-50.59,1625449482.0,64.0
-42.81,1625449482.0,64.0
-33.23,1625449482.0,64.0
-22.55,1625449482.0,64.0
-11.37,1625449482.0,64.0
-0.13,1625449482.0,64.0
10.74,1625449482.0,64.0
20.77,1625449482.0,64.0
29.45,1625449482.0,64.0
36.3,1625449482.0,64.0
41.12,1625449482.0,64.0
44.09,1625449482.0,64.0
45.8,1625449482.0,64.0
46.98,1625449482.0,64.0
48.25,1625449482.0,64.0
49.88,1625449482.0,64.0
51.76,1625449482.0,64.0
53.55,1625449482.0,64.0
54.89,1625449482.0,64.0
55.5,1625449482.0,64.0
55.21,1625449482.0,64.0
53.89,1625449482.0,64.0
51.39,1625449482.0,64.0
47.53,1625449482.0,64.0
42.27,1625449482.0,64.0
35.75,1625449482.0,64.0
28.34,1625449482.0,64.0
20.56,1625449482.0,64.0
12.9,1625449482.0,64.0
5.67,1625449482.0,64.0
-0.98,1625449482.0,64.0
-7.11,1625449482.0,64.0
-12.81,1625449482.0,64.0
-18.13,1625449482.0,64.0
-23.06,1625449482.0,64.0
-27.51,1625449482.0,64.0
-31.46,1625449482.0,64.0
-34.94,1625449482.0,64.0
-38.09,1625449482.0,64.0
-41.13,1625449482.0,64.0
-44.27,1625449482.0,64.0
-47.68,1625449482.0,64.0
-51.45,1625449482.0,64.0
-55.52,1625449482.0,64.0
-59.68,1625449482.0,64.0
-63.47,1625449482.0,64.0
-66.2,1625449482.0,64.0
-67.1,1625449482.0,64.0
-65.49,1625449482.0,64.0
-61.01,1625449482.0,64.0
-53.77,1625449482.0,64.0
-44.32,1625449482.0,64.0
-33.46,1625449482.0,64.0
-22.0,1625449482.0,64.0
-10.62,1625449482.0,64.0
0.22,1625449482.0,64.0
10.11,1625449482.0,64.0
18.67,1625449482.0,64.0
25.51,1625449482.0,64.0
30.38,1625449482.0,64.0
33.32,1625449482.0,64.0
34.7,1625449482.0,64.0
35.18,1625449482.0,64.0
35.4,1625449482.0,64.0
35.85,1625449482.0,64.0
36.61,1625449482.0,64.0
37.46,1625449482.0,64.0
37.99,1625449482.0,64.0
37.83,1625449482.0,64.0
36.78,1625449482.0,64.0
34.86,1625449482.0,64.0
32.28,1625449482.0,64.0
29.28,1625449482.0,64.0
26.09,1625449482.0,64.0
22.83,1625449482.0,64.0
19.59,1625449482.0,64.0
16.4,1625449482.0,64.0
13.25,1625449482.0,64.0
10.15,1625449482.0,64.0
7.07,1625449482.0,64.0
3.96,1625449482.0,64.0
0.78,1625449482.0,64.0
-2.51,1625449482.0,64.0
-5.94,1625449482.0,64.0
-9.53,1625449482.0,64.0
-13.28,1625449482.0,64.0
-17.22,1625449482.0,64.0
-21.37,1625449482.0,64.0
-25.74,1625449482.0,64.0
-30.32,1625449482.0,64.0
-35.07,1625449482.0,64.0
-39.87,1625449482.0,64.0
-44.5,1625449482.0,64.0
-48.54,1625449482.0,64.0
-51.4,1625449482.0,64.0
-52.42,1625449482.0,64.0
-51.01,1625449482.0,64.0
-46.92,1625449482.0,64.0
-40.26,1625449482.0,64.0
-31.56,1625449482.0,64.0
-21.59,1625449482.0,64.0
-11.11,1625449482.0,64.0
-0.79,1625449482.0,64.0
8.87,1625449482.0,64.0
17.46,1625449482.0,64.0
24.6,1625449482.0,64.0
29.97,1625449482.0,64.0
33.43,1625449482.0,64.0
35.15,1625449482.0,64.0
35.61,1625449482.0,64.0
35.49,1625449482.0,64.0
35.44,1625449482.0,64.0
35.78,1625449482.0,64.0
36.45,1625449482.0,64.0
37.04,1625449482.0,64.0
37.06,1625449482.0,64.0
36.2,1625449482.0,64.0
34.45,1625449482.0,64.0
32.11,1625449482.0,64.0
29.52,1625449482.0,64.0
26.94,1625449482.0,64.0
24.36,1625449482.0,64.0
21.6,1625449482.0,64.0
18.47,1625449482.0,64.0
14.86,1625449482.0,64.0
10.91,1625449482.0,64.0
6.86,1625449482.0,64.0
2.98,1625449482.0,64.0
-0.58,1625449482.0,64.0
-3.78,1625449482.0,64.0
-6.74,1625449482.0,64.0
-9.63,1625449482.0,64.0
-12.71,1625449482.0,64.0
-16.25,1625449482.0,64.0
-20.58,1625449482.0,64.0
-26.02,1625449482.0,64.0
-32.75,1625449482.0,64.0
-40.73,1625449482.0,64.0
-49.49,1625449482.0,64.0
-58.21,1625449482.0,64.0
-65.8,1625449482.0,64.0
-71.15,1625449482.0,64.0
-73.43,1625449482.0,64.0
-72.23,1625449482.0,64.0
-67.66,1625449482.0,64.0
-60.24,1625449482.0,64.0
-50.65,1625449482.0,64.0
-39.57,1625449482.0,64.0
-27.57,1625449482.0,64.0
-15.12,1625449482.0,64.0
-2.73,1625449482.0,64.0
8.97,1625449482.0,64.0
19.25,1625449482.0,64.0
27.53,1625449482.0,64.0
33.47,1625449482.0,64.0
37.19,1625449482.0,64.0
39.21,1625449482.0,64.0
40.25,1625449482.0,64.0
40.95,1625449482.0,64.0
41.64,1625449482.0,64.0
42.31,1625449482.0,64.0
42.67,1625449482.0,64.0
42.36,1625449482.0,64.0
41.16,1625449482.0,64.0
39.09,1625449482.0,64.0
36.35,1625449482.0,64.0
33.25,1625449482.0,64.0
30.06,1625449482.0,64.0
26.87,1625449482.0,64.0
23.67,1625449482.0,64.0
20.31,1625449482.0,64.0
16.7,1625449482.0,64.0
12.81,1625449482.0,64.0
8.72,1625449482.0,64.0
4.58,1625449482.0,64.0
0.54,1625449482.0,64.0
-3.33,1625449482.0,64.0
-7.08,1625449482.0,64.0
-10.85,1625449482.0,64.0
-14.77,1625449482.0,64.0
-18.93,1625449482.0,64.0
-23.37,1625449482.0,64.0
-28.11,1625449482.0,64.0
-33.25,1625449482.0,64.0
-38.89,1625449482.0,64.0
-45.04,1625449482.0,64.0
-51.48,1625449482.0,64.0
-57.66,1625449482.0,64.0
-62.74,1625449482.0,64.0
-65.81,1625449482.0,64.0
-66.13,1625449482.0,64.0
-63.38,1625449482.0,64.0
-57.7,1625449482.0,64.0
-49.67,1625449482.0,64.0
-40.0,1625449482.0,64.0
-29.3,1625449482.0,64.0
-18.0,1625449482.0,64.0
-6.38,1625449482.0,64.0
5.25,1625449482.0,64.0
16.4,1625449482.0,64.0
26.43,1625449482.0,64.0
34.69,1625449482.0,64.0
40.73,1625449482.0,64.0
44.5,1625449482.0,64.0
46.37,1625449482.0,64.0
46.97,1625449482.0,64.0
46.94,1625449482.0,64.0
46.74,1625449482.0,64.0
46.55,1625449482.0,64.0
46.32,1625449482.0,64.0
45.92,1625449482.0,64.0
45.15,1625449482.0,64.0
43.9,1625449482.0,64.0
42.06,1625449482.0,64.0
39.55,1625449482.0,64.0
36.38,1625449482.0,64.0
32.64,1625449482.0,64.0
28.54,1625449482.0,64.0
24.3,1625449482.0,64.0
20.16,1625449482.0,64.0
16.23,1625449482.0,64.0
12.49,1625449482.0,64.0
8.81,1625449482.0,64.0
5.02,1625449482.0,64.0
1.01,1625449482.0,64.0
-3.26,1625449482.0,64.0
-7.73,1625449482.0,64.0
-12.27,1625449482.0,64.0
-16.76,1625449482.0,64.0
-21.17,1625449482.0,64.0
-25.55,1625449482.0,64.0
-30.04,1625449482.0,64.0
-34.79,1625449482.0,64.0
-39.94,1625449482.0,64.0
-45.49,1625449482.0,64.0
-51.35,1625449482.0,64.0
-57.28,1625449482.0,64.0
-62.89,1625449482.0,64.0
-67.64,1625449482.0,64.0
-70.84,1625449482.0,64.0
-71.82,1625449482.0,64.0
-70.05,1625449482.0,64.0
-65.33,1625449482.0,64.0
-57.87,1625449482.0,64.0
-48.22,1625449482.0,64.0
-37.03,1625449482.0,64.0
-24.9,1625449482.0,64.0
-12.3,1625449482.0,64.0
0.41,1625449482.0,64.0
12.79,1625449482.0,64.0
24.28,1625449482.0,64.0
34.2,1625449482.0,64.0
41.99,1625449482.0,64.0
47.41,1625449482.0,64.0
50.66,1625449482.0,64.0
52.33,1625449482.0,64.0
53.16,1625449482.0,64.0
53.73,1625449482.0,64.0
54.34,1625449482.0,64.0
54.9,1625449482.0,64.0
55.12,1625449482.0,64.0
54.64,1625449482.0,64.0
53.3,1625449482.0,64.0
51.09,1625449482.0,64.0
48.21,1625449482.0,64.0
44.9,1625449482.0,64.0
41.35,1625449482.0,64.0
37.62,1625449482.0,64.0
33.71,1625449482.0,64.0
29.6,1625449482.0,64.0
25.34,1625449482.0,64.0
21.1,1625449482.0,64.0
17.03,1625449482.0,64.0
13.2,1625449482.0,64.0
9.51,1625449482.0,64.0
5.76,1625449482.0,64.0
1.72,1625449482.0,64.0
-2.71,1625449482.0,64.0
-7.45,1625449482.0,64.0
-12.29,1625449482.0,64.0
-16.96,1625449482.0,64.0
-21.32,1625449482.0,64.0
-25.39,1625449482.0,64.0
-29.35,1625449482.0,64.0
-33.44,1625449482.0,64.0
-37.9,1625449482.0,64.0
-42.89,1625449482.0,64.0
-48.44,1625449482.0,64.0
-54.39,1625449482.0,64.0
-60.34,1625449482.0,64.0
-65.64,1625449482.0,64.0
-69.46,1625449482.0,64.0
-70.92,1625449482.0,64.0
-69.41,1625449482.0,64.0
-64.75,1625449482.0,64.0
-57.22,1625449482.0,64.0
-47.49,1625449482.0,64.0
-36.3,1625449482.0,64.0
-24.29,1625449482.0,64.0
-11.9,1625449482.0,64.0
0.51,1625449482.0,64.0
12.47,1625449482.0,64.0
23.35,1625449482.0,64.0
32.43,1625449482.0,64.0
39.21,1625449482.0,64.0
43.6,1625449482.0,64.0
46.04,1625449482.0,64.0
47.33,1625449482.0,64.0
48.25,1625449482.0,64.0
49.28,1625449482.0,64.0
50.44,1625449482.0,64.0
51.41,1625449482.0,64.0
51.8,1625449482.0,64.0
51.36,1625449482.0,64.0
50.08,1625449482.0,64.0
48.19,1625449482.0,64.0
45.93,1625449482.0,64.0
43.46,1625449482.0,64.0
40.8,1625449482.0,64.0
37.86,1625449482.0,64.0
34.52,1625449482.0,64.0
30.77,1625449482.0,64.0
26.72,1625449482.0,64.0
22.6,1625449482.0,64.0
18.68,1625449482.0,64.0
15.1,1625449482.0,64.0
11.87,1625449482.0,64.0
8.8,1625449482.0,64.0
5.58,1625449482.0,64.0
1.99,1625449482.0,64.0
-2.02,1625449482.0,64.0
-6.28,1625449482.0,64.0
-10.49,1625449482.0,64.0
-14.41,1625449482.0,64.0
-18.01,1625449482.0,64.0
-21.47,1625449482.0,64.0
-25.06,1625449482.0,64.0
-29.05,1625449482.0,64.0
-33.54,1625449482.0,64.0
-38.45,1625449482.0,64.0
-43.62,1625449482.0,64.0
-48.83,1625449482.0,64.0
-53.81,1625449482.0,64.0
-58.2,1625449482.0,64.0
-61.42,1625449482.0,64.0
-62.81,1625449482.0,64.0
-61.74,1625449482.0,64.0
-57.88,1625449482.0,64.0
-51.28,1625449482.0,64.0
-42.43,1625449482.0,64.0
-32.05,1625449482.0,64.0
-20.88,1625449482.0,64.0
-9.52,1625449482.0,64.0
1.55,1625449482.0,64.0
11.9,1625449482.0,64.0
21.06,1625449482.0,64.0
28.5,1625449482.0,64.0
33.83,1625449482.0,64.0
36.98,1625449482.0,64.0
38.31,1625449482.0,64.0
38.5,1625449482.0,64.0
38.35,1625449482.0,64.0
38.48,1625449482.0,64.0
39.11,1625449482.0,64.0
40.08,1625449482.0,64.0
40.96,1625449482.0,64.0
41.3,1625449482.0,64.0
40.78,1625449482.0,64.0
39.29,1625449482.0,64.0
36.96,1625449482.0,64.0
34.05,1625449482.0,64.0
30.83,1625449482.0,64.0
27.51,1625449482.0,64.0
24.2,1625449482.0,64.0
20.9,1625449482.0,64.0
17.62,1625449482.0,64.0
14.32,1625449482.0,64.0
11.04,1625449482.0,64.0
7.82,1625449482.0,64.0
4.66,1625449482.0,64.0
1.46,1625449482.0,64.0
-1.93,1625449482.0,64.0
-5.64,1625449482.0,64.0
-9.71,1625449482.0,64.0
-14.0,1625449482.0,64.0
-18.28,1625449482.0,64.0
-22.29,1625449482.0,64.0
-25.93,1625449482.0,64.0
-29.29,1625449482.0,64.0
-32.67,1625449482.0,64.0
-36.47,1625449482.0,64.0
-40.9,1625449482.0,64.0
-45.84,1625449482.0,64.0
-50.72,1625449482.0,64.0
-54.59,1625449482.0,64.0
-56.43,1625449482.0,64.0
-55.47,1625449482.0,64.0
-51.48,1625449482.0,64.0
-44.76,1625449482.0,64.0
-35.99,1625449482.0,64.0
-25.99,1625449482.0,64.0
-15.41,1625449482.0,64.0
-4.71,1625449482.0,64.0
5.72,1625449482.0,64.0
15.48,1625449482.0,64.0
24.05,1625449482.0,64.0
30.89,1625449482.0,64.0
35.68,1625449482.0,64.0
38.42,1625449482.0,64.0
39.48,1625449482.0,64.0
39.54,1625449482.0,64.0
39.29,1625449482.0,64.0
39.2,1625449482.0,64.0
39.41,1625449482.0,64.0
39.72,1625449482.0,64.0
39.74,1625449482.0,64.0
39.16,1625449482.0,64.0
37.78,1625449482.0,64.0
35.7,1625449482.0,64.0
33.11,1625449482.0,64.0
30.2,1625449482.0,64.0
27.07,1625449482.0,64.0
23.69,1625449482.0,64.0
19.98,1625449482.0,64.0
15.94,1625449482.0,64.0
11.74,1625449482.0,64.0
7.64,1625449482.0,64.0
3.84,1625449482.0,64.0
0.42,1625449482.0,64.0
-2.8,1625449482.0,64.0
-6.09,1625449482.0,64.0
-9.68,1625449482.0,64.0
-13.61,1625449482.0,64.0
-17.71,1625449482.0,64.0
-21.75,1625449482.0,64.0
-25.55,1625449482.0,64.0
-29.2,1625449482.0,64.0
-32.94,1625449482.0,64.0
-37.09,1625449482.0,64.0
-41.87,1625449482.0,64.0
-47.36,1625449482.0,64.0
-53.37,1625449482.0,64.0
-59.54,1625449482.0,64.0
-65.28,1625449482.0,64.0
-69.83,1625449482.0,64.0
-72.37,1625449482.0,64.0
-72.19,1625449482.0,64.0
-68.92,1625449482.0,64.0
-62.66,1625449482.0,64.0
-53.95,1625449482.0,64.0
-43.58,1625449482.0,64.0
-32.29,1625449482.0,64.0
-20.61,1625449482.0,64.0
-8.82,1625449482.0,64.0
2.86,1625449482.0,64.0
14.11,1625449482.0,64.0
24.36,1625449482.0,64.0
33.0,1625449482.0,64.0
39.53,1625449482.0,64.0
43.8,1625449482.0,64.0
46.14,1625449482.0,64.0
47.17,1625449482.0,64.0
47.61,1625449482.0,64.0
47.98,1625449482.0,64.0
48.43,1625449482.0,64.0
48.8,1625449482.0,64.0
48.75,1625449482.0,64.0
47.99,1625449482.0,64.0
46.42,1625449482.0,64.0
44.15,1625449482.0,64.0
41.4,1625449482.0,64.0
38.36,1625449482.0,64.0
35.11,1625449482.0,64.0
31.64,1625449482.0,64.0
27.96,1625449482.0,64.0
24.12,1625449482.0,64.0
20.23,1625449482.0,64.0
16.42,1625449482.0,64.0
12.72,1625449482.0,64.0
9.07,1625449482.0,64.0
5.28,1625449482.0,64.0
1.15,1625449482.0,64.0
-3.43,1625449482.0,64.0
-8.39,1625449482.0,64.0
-13.49,1625449482.0,64.0
-18.47,1625449482.0,64.0
-23.12,1625449482.0,64.0
-27.45,1625449482.0,64.0
-31.66,1625449482.0,64.0
-36.1,1625449482.0,64.0
-41.07,1625449482.0,64.0
-46.74,1625449482.0,64.0
-53.01,1625449482.0,64.0
-59.41,1625449482.0,64.0
-65.22,1625449482.0,64.0
-69.5,1625449482.0,64.0
-71.36,1625449482.0,64.0
-70.18,1625449482.0,64.0
-65.79,1625449482.0,64.0
-58.5,1625449482.0,64.0
-48.99,1625449482.0,64.0
-38.06,1625449482.0,64.0
-26.4,1625449482.0,64.0
-14.47,1625449482.0,64.0
-2.62,1625449482.0,64.0
8.8,1625449482.0,64.0
19.29,1625449482.0,64.0
28.22,1625449482.0,64.0
35.1,1625449482.0,64.0
39.74,1625449482.0,64.0
42.42,1625449482.0,64.0
43.77,1625449482.0,64.0
44.52,1625449482.0,64.0
45.24,1625449482.0,64.0
46.1,1625449482.0,64.0
46.95,1625449482.0,64.0
47.46,1625449482.0,64.0
47.32,1625449482.0,64.0
46.37,1625449482.0,64.0
44.67,1625449482.0,64.0
42.38,1625449482.0,64.0
39.65,1625449482.0,64.0
36.54,1625449482.0,64.0
33.04,1625449482.0,64.0
29.16,1625449482.0,64.0
24.99,1625449482.0,64.0
20.75,1625449482.0,64.0
16.68,1625449482.0,64.0
12.91,1625449482.0,64.0
9.42,1625449482.0,64.0
6.0,1625449482.0,64.0
2.4,1625449482.0,64.0
-1.52,1625449482.0,64.0
-5.75,1625449482.0,64.0
-10.11,1625449482.0,64.0
-14.43,1625449482.0,64.0
-18.61,1625449482.0,64.0
-22.69,1625449482.0,64.0
-26.82,1625449482.0,64.0
-31.15,1625449482.0,64.0
-35.79,1625449482.0,64.0
-40.84,1625449482.0,64.0
-46.28,1625449482.0,64.0
-52.06,1625449482.0,64.0
-57.91,1625449482.0,64.0
-63.33,1625449482.0,64.0
-67.53,1625449482.0,64.0
-69.68,1625449482.0,64.0
-69.1,1625449482.0,64.0
-65.51,1625449482.0,64.0
-59.13,1625449482.0,64.0
-50.53,1625449482.0,64.0
-40.45,1625449482.0,64.0
-29.53,1625449482.0,64.0
-18.22,1625449482.0,64.0
-6.87,1625449482.0,64.0
4.19,1625449482.0,64.0
14.48,1625449482.0,64.0
23.43,1625449482.0,64.0
30.54,1625449482.0,64.0
35.57,1625449482.0,64.0
38.72,1625449482.0,64.0
40.53,1625449482.0,64.0
41.69,1625449482.0,64.0
42.75,1625449482.0,64.0
43.94,1625449482.0,64.0
45.18,1625449482.0,64.0
46.16,1625449482.0,64.0
46.57,1625449482.0,64.0
46.23,1625449482.0,64.0
45.12,1625449482.0,64.0
43.35,1625449482.0,64.0
41.04,1625449482.0,64.0
38.25,1625449482.0,64.0
35.03,1625449482.0,64.0
31.42,1625449482.0,64.0
27.52,1625449482.0,64.0
23.49,1625449482.0,64.0
19.53,1625449482.0,64.0
15.82,1625449482.0,64.0
12.41,1625449482.0,64.0
9.25,1625449482.0,64.0
6.15,1625449482.0,64.0
2.92,1625449482.0,64.0
-0.56,1625449482.0,64.0
-4.27,1625449482.0,64.0
-8.09,1625449482.0,64.0
-11.9,1625449482.0,64.0
-15.64,1625449482.0,64.0
-19.39,1625449482.0,64.0
-23.32,1625449482.0,64.0
-27.6,1625449482.0,64.0
-32.35,1625449482.0,64.0
-37.65,1625449482.0,64.0
-43.46,1625449482.0,64.0
-49.69,1625449482.0,64.0
-56.06,1625449482.0,64.0
-62.01,1625449482.0,64.0
-66.76,1625449482.0,64.0
-69.39,1625449482.0,64.0
-69.11,1625449482.0,64.0
-65.57,1625449482.0,64.0
-58.96,1625449482.0,64.0
-49.98,1625449482.0,64.0
-39.53,1625449482.0,64.0
-28.44,1625449482.0,64.0
-17.27,1625449482.0,64.0
-6.35,1625449482.0,64.0
4.04,1625449482.0,64.0
13.5,1625449482.0,64.0
21.52,1625449482.0,64.0
27.62,1625449482.0,64.0
31.64,1625449482.0,64.0
33.85,1625449482.0,64.0
34.92,1625449482.0,64.0
35.65,1625449482.0,64.0
36.67,1625449482.0,64.0
38.18,1625449482.0,64.0
40.01,1625449482.0,64.0
41.77,1625449482.0,64.0
43.04,1625449482.0,64.0
43.57,1625449482.0,64.0
43.24,1625449482.0,64.0
42.08,1625449482.0,64.0
40.13,1625449482.0,64.0
37.47,1625449482.0,64.0
34.19,1625449482.0,64.0
30.44,1625449482.0,64.0
26.42,1625449482.0,64.0
22.35,1625449482.0,64.0
18.44,1625449482.0,64.0
14.81,1625449482.0,64.0
11.48,1625449482.0,64.0
8.39,1625449482.0,64.0
5.37,1625449482.0,64.0
2.26,1625449482.0,64.0
-1.04,1625449482.0,64.0
-4.56,1625449482.0,64.0
-8.2,1625449482.0,64.0
-11.88,1625449482.0,64.0
-15.55,1625449482.0,64.0
-19.28,1625449482.0,64.0
-23.22,1625449482.0,64.0
-27.58,1625449482.0,64.0
-32.46,1625449482.0,64.0
-37.83,1625449482.0,64.0
-43.39,1625449482.0,64.0
-48.66,1625449482.0,64.0
-52.98,1625449482.0,64.0
-55.58,1625449482.0,64.0
-55.81,1625449482.0,64.0
-53.25,1625449482.0,64.0
-47.91,1625449482.0,64.0
-40.16,1625449482.0,64.0
-30.7,1625449482.0,64.0
-20.34,1625449482.0,64.0
-9.8,1625449482.0,64.0
0.34,1625449482.0,64.0
9.66,1625449482.0,64.0
17.76,1625449482.0,64.0
24.29,1625449482.0,64.0
28.97,1625449482.0,64.0
31.77,1625449482.0,64.0
33.0,1625449482.0,64.0
33.27,1625449482.0,64.0
33.31,1625449482.0,64.0
33.67,1625449482.0,64.0
34.57,1625449482.0,64.0
35.85,1625449482.0,64.0
37.05,1625449482.0,64.0
37.69,1625449482.0,64.0
37.46,1625449482.0,64.0
36.28,1625449482.0,64.0
34.27,1625449482.0,64.0
31.62,1625449482.0,64.0
28.47,1625449482.0,64.0
24.95,1625449482.0,64.0
21.13,1625449482.0,64.0
17.12,1625449482.0,64.0
13.09,1625449482.0,64.0
9.18,1625449482.0,64.0
5.5,1625449482.0,64.0
2.05,1625449482.0,64.0
-1.26,1625449482.0,64.0
-4.56,1625449482.0,64.0
-7.97,1625449482.0,64.0
-11.56,1625449482.0,64.0
-15.38,1625449482.0,64.0
-19.5,1625449482.0,64.0
-23.99,1625449482.0,64.0
-28.91,1625449482.0,64.0
-34.34,1625449482.0,64.0
-40.29,1625449482.0,64.0
-46.67,1625449482.0,64.0
-53.22,1625449482.0,64.0
-59.41,1625449482.0,64.0
-64.52,1625449482.0,64.0
-67.65,1625449482.0,64.0
-68.01,1625449482.0,64.0
-65.15,1625449482.0,64.0
-59.13,1625449482.0,64.0
-50.5,1625449482.0,64.0
-40.09,1625449482.0,64.0
-28.79,1625449482.0,64.0
-17.23,1625449482.0,64.0
-5.77,1625449482.0,64.0
5.34,1625449482.0,64.0
15.83,1625449482.0,64.0
25.22,1625449482.0,64.0
32.96,1625449482.0,64.0
38.63,1625449482.0,64.0
42.17,1625449482.0,64.0
43.95,1625449482.0,64.0
44.69,1625449482.0,64.0
45.07,1625449482.0,64.0
45.51,1625449482.0,64.0
46.04,1625449482.0,64.0
46.39,1625449482.0,64.0
46.21,1625449482.0,64.0
45.31,1625449482.0,64.0
43.72,1625449482.0,64.0
41.62,1625449482.0,64.0
39.16,1625449482.0,64.0
36.4,1625449482.0,64.0
33.26,1625449482.0,64.0
29.67,1625449482.0,64.0
25.64,1625449482.0,64.0
21.31,1625449482.0,64.0
16.88,1625449482.0,64.0
12.57,1625449482.0,64.0
8.46,1625449482.0,64.0
4.54,1625449482.0,64.0
0.67,1625449482.0,64.0
-3.3,1625449482.0,64.0
-7.43,1625449482.0,64.0
-11.72,1625449482.0,64.0
-16.09,1625449482.0,64.0
-20.45,1625449482.0,64.0
-24.83,1625449482.0,64.0
-29.34,1625449482.0,64.0
-34.19,1625449482.0,64.0
-39.6,1625449482.0,64.0
-45.61,1625449482.0,64.0
-52.01,1625449482.0,64.0
-58.23,1625449482.0,64.0
-63.46,1625449482.0,64.0
-66.76,1625449482.0,64.0
-67.38,1625449482.0,64.0
-64.93,1625449482.0,64.0
-59.49,1625449482.0,64.0
-51.56,1625449482.0,64.0
-41.85,1625449482.0,64.0
-31.06,1625449482.0,64.0
-19.71,1625449482.0,64.0
-8.17,1625449482.0,64.0
3.27,1625449482.0,64.0
14.17,1625449482.0,64.0
24.0,1625449482.0,64.0
32.15,1625449482.0,64.0
38.18,1625449482.0,64.0
42.07,1625449482.0,64.0
44.16,1625449482.0,64.0
45.11,1625449482.0,64.0
45.63,1625449482.0,64.0
46.19,1625449482.0,64.0
46.94,1625449482.0,64.0
47.73,1625449482.0,64.0
48.21,1625449482.0,64.0
48.05,1625449482.0,64.0
47.07,1625449482.0,64.0
45.24,1625449482.0,64.0
42.69,1625449482.0,64.0
39.58,1625449482.0,64.0
36.09,1625449482.0,64.0
32.34,1625449482.0,64.0
28.4,1625449482.0,64.0
24.29,1625449482.0,64.0
20.04,1625449482.0,64.0
15.73,1625449482.0,64.0
11.44,1625449482.0,64.0
7.28,1625449482.0,64.0
3.28,1625449482.0,64.0
-0.61,1625449482.0,64.0
-4.51,1625449482.0,64.0
-8.58,1625449482.0,64.0
-12.9,1625449482.0,64.0
-17.51,1625449482.0,64.0
-22.35,1625449482.0,64.0
-27.36,1625449482.0,64.0
-32.5,1625449482.0,64.0
-37.85,1625449482.0,64.0
-43.49,1625449482.0,64.0
-49.43,1625449482.0,64.0
-55.45,1625449482.0,64.0
-60.99,1625449482.0,64.0
-65.2,1625449482.0,64.0
-67.14,1625449482.0,64.0
-66.1,1625449482.0,64.0
-61.82,1625449482.0,64.0
-54.6,1625449482.0,64.0
-45.16,1625449482.0,64.0
-34.4,1625449482.0,64.0
-23.08,1625449482.0,64.0
-11.68,1625449482.0,64.0
-0.49,1625449482.0,64.0
10.25,1625449482.0,64.0
20.16,1625449482.0,64.0
28.76,1625449482.0,64.0
35.54,1625449482.0,64.0
40.26,1625449482.0,64.0
43.05,1625449482.0,64.0
44.38,1625449482.0,64.0
44.91,1625449482.0,64.0
45.25,1625449482.0,64.0
45.72,1625449482.0,64.0
46.3,1625449482.0,64.0
46.72,1625449482.0,64.0
46.63,1625449482.0,64.0
45.73,1625449482.0,64.0
43.94,1625449482.0,64.0
41.35,1625449482.0,64.0
38.13,1625449482.0,64.0
34.5,1625449482.0,64.0
30.6,1625449482.0,64.0
26.56,1625449482.0,64.0
22.46,1625449482.0,64.0
18.45,1625449482.0,64.0
14.63,1625449482.0,64.0
11.08,1625449482.0,64.0
7.75,1625449482.0,64.0
4.52,1625449482.0,64.0
1.19,1625449482.0,64.0
-2.37,1625449482.0,64.0
-6.2,1625449482.0,64.0
-10.24,1625449482.0,64.0
-14.41,1625449482.0,64.0
-18.66,1625449482.0,64.0
-23.08,1625449482.0,64.0
-27.78,1625449482.0,64.0
-32.89,1625449482.0,64.0
-38.48,1625449482.0,64.0
-44.48,1625449482.0,64.0
-50.72,1625449482.0,64.0
-56.81,1625449482.0,64.0
-62.19,1625449482.0,64.0
-66.14,1625449482.0,64.0
-67.86,1625449482.0,64.0
-66.74,1625449482.0,64.0
-62.53,1625449482.0,64.0
-55.43,1625449482.0,64.0
-46.04,1625449482.0,64.0
-35.14,1625449482.0,64.0
-23.45,1625449482.0,64.0
-11.56,1625449482.0,64.0
0.09,1625449482.0,64.0
11.03,1625449482.0,64.0
20.76,1625449482.0,64.0
28.78,1625449482.0,64.0
34.75,1625449482.0,64.0
38.7,1625449482.0,64.0
41.05,1625449482.0,64.0
42.44,1625449482.0,64.0
43.5,1625449482.0,64.0
44.61,1625449482.0,64.0
45.84,1625449482.0,64.0
46.97,1625449482.0,64.0
47.72,1625449482.0,64.0
47.83,1625449482.0,64.0
47.19,1625449482.0,64.0
45.82,1625449482.0,64.0
43.8,1625449482.0,64.0
41.19,1625449482.0,64.0
38.03,1625449482.0,64.0
34.38,1625449482.0,64.0
30.33,1625449482.0,64.0
26.09,1625449482.0,64.0
21.86,1625449482.0,64.0
17.88,1625449482.0,64.0
14.24,1625449482.0,64.0
10.89,1625449482.0,64.0
7.61,1625449482.0,64.0
4.18,1625449482.0,64.0
0.37,1625449482.0,64.0
-3.88,1625449482.0,64.0
-8.5,1625449482.0,64.0
-13.32,1625449482.0,64.0
-18.15,1625449482.0,64.0
-22.87,1625449482.0,64.0
-27.48,1625449482.0,64.0
-32.1,1625449482.0,64.0
-36.89,1625449482.0,64.0
-42.01,1625449482.0,64.0
-47.46,1625449482.0,64.0
-52.97,1625449482.0,64.0
-58.0,1625449482.0,64.0
-61.73,1625449482.0,64.0
-63.3,1625449482.0,64.0
-62.04,1625449482.0,64.0
-57.71,1625449482.0,64.0
-50.59,1625449482.0,64.0
-41.4,1625449482.0,64.0
-31.02,1625449482.0,64.0
-20.22,1625449482.0,64.0
-9.54,1625449482.0,64.0
0.69,1625449482.0,64.0
10.16,1625449482.0,64.0
18.5,1625449482.0,64.0
25.27,1625449482.0,64.0
30.14,1625449482.0,64.0
33.12,1625449482.0,64.0
34.63,1625449482.0,64.0
35.33,1625449482.0,64.0
35.93,1625449482.0,64.0
36.84,1625449482.0,64.0
38.08,1625449482.0,64.0
39.33,1625449482.0,64.0
40.11,1625449482.0,64.0
40.04,1625449482.0,64.0
38.96,1625449482.0,64.0
36.92,1625449482.0,64.0
34.11,1625449482.0,64.0
30.78,1625449482.0,64.0
27.2,1625449482.0,64.0
23.56,1625449482.0,64.0
20.05,1625449482.0,64.0
16.74,1625449482.0,64.0
13.64,1625449482.0,64.0
10.63,1625449482.0,64.0
7.57,1625449482.0,64.0
4.35,1625449482.0,64.0
0.91,1625449482.0,64.0
-2.72,1625449482.0,64.0
-6.48,1625449482.0,64.0
-10.34,1625449482.0,64.0
-14.31,1625449482.0,64.0
-18.42,1625449482.0,64.0
-22.75,1625449482.0,64.0
-27.35,1625449482.0,64.0
-32.3,1625449482.0,64.0
-37.6,1625449482.0,64.0
-43.16,1625449482.0,64.0
-48.67,1625449482.0,64.0
-53.51,1625449482.0,64.0
-56.85,1625449482.0,64.0
-57.85,1625449482.0,64.0
-55.92,1625449482.0,64.0
-50.94,1625449482.0,64.0
-43.32,1625449482.0,64.0
-33.8,1625449482.0,64.0
-23.28,1625449482.0,64.0
-12.47,1625449482.0,64.0
-1.94,1625449482.0,64.0
7.91,1625449482.0,64.0
16.72,1625449482.0,64.0
24.06,1625449482.0,64.0
29.59,1625449482.0,64.0
33.13,1625449482.0,64.0
34.9,1625449482.0,64.0
35.45,1625449482.0,64.0
35.56,1625449482.0,64.0
35.9,1625449482.0,64.0
36.77,1625449482.0,64.0
38.0,1625449482.0,64.0
39.06,1625449482.0,64.0
39.38,1625449482.0,64.0
38.59,1625449482.0,64.0
36.65,1625449482.0,64.0
33.79,1625449482.0,64.0
30.35,1625449482.0,64.0
26.61,1625449482.0,64.0
22.71,1625449482.0,64.0
18.71,1625449482.0,64.0
14.61,1625449482.0,64.0
10.42,1625449482.0,64.0
6.08,1625449482.0,64.0
1.59,1625449482.0,64.0
-3.07,1625449482.0,64.0
-7.79,1625449482.0,64.0
-12.44,1625449482.0,64.0
-16.84,1625449482.0,64.0
-20.94,1625449482.0,64.0
-24.84,1625449482.0,64.0
-28.82,1625449482.0,64.0
-33.15,1625449482.0,64.0
-38.03,1625449482.0,64.0
-43.51,1625449482.0,64.0
-49.47,1625449482.0,64.0
-55.64,1625449482.0,64.0
-61.58,1625449482.0,64.0
-66.63,1625449482.0,64.0
-69.98,1625449482.0,64.0
-70.8,1625449482.0,64.0
-68.48,1625449482.0,64.0
-62.91,1625449482.0,64.0
-54.51,1625449482.0,64.0
-44.1,1625449482.0,64.0
-32.61,1625449482.0,64.0
-20.73,1625449482.0,64.0
-8.87,1625449482.0,64.0
2.78,1625449482.0,64.0
13.99,1625449482.0,64.0
24.37,1625449482.0,64.0
33.35,1625449482.0,64.0
40.44,1625449482.0,64.0
45.41,1625449482.0,64.0
48.47,1625449482.0,64.0
50.15,1625449482.0,64.0
51.1,1625449482.0,64.0
51.78,1625449482.0,64.0
52.41,1625449482.0,64.0
52.89,1625449482.0,64.0
52.99,1625449482.0,64.0
52.45,1625449482.0,64.0
51.11,1625449482.0,64.0
48.94,1625449482.0,64.0
46.03,1625449482.0,64.0
42.53,1625449482.0,64.0
38.65,1625449482.0,64.0
34.54,1625449482.0,64.0
30.29,1625449482.0,64.0
25.88,1625449482.0,64.0
21.26,1625449482.0,64.0
16.38,1625449482.0,64.0
11.3,1625449482.0,64.0
6.18,1625449482.0,64.0
1.22,1625449482.0,64.0
-3.48,1625449482.0,64.0
-7.92,1625449482.0,64.0
-12.23,1625449482.0,64.0
-16.63,1625449482.0,64.0
-21.28,1625449482.0,64.0
-26.27,1625449482.0,64.0
-31.66,1625449482.0,64.0
-37.45,1625449482.0,64.0
-43.63,1625449482.0,64.0
-50.11,1625449482.0,64.0
-56.58,1625449482.0,64.0
-62.45,1625449482.0,64.0
-66.87,1625449482.0,64.0
-68.93,1625449482.0,64.0
-67.9,1625449482.0,64.0
-63.51,1625449482.0,64.0
-56.03,1625449482.0,64.0
-46.13,1625449482.0,64.0
-34.7,1625449482.0,64.0
-22.54,1625449482.0,64.0
-10.23,1625449482.0,64.0
1.83,1625449482.0,64.0
13.26,1625449482.0,64.0
23.59,1625449482.0,64.0
32.29,1625449482.0,64.0
38.89,1625449482.0,64.0
43.27,1625449482.0,64.0
45.69,1625449482.0,64.0
46.77,1625449482.0,64.0
47.26,1625449482.0,64.0
47.69,1625449482.0,64.0
48.22,1625449482.0,64.0
48.69,1625449482.0,64.0
48.7,1625449482.0,64.0
47.92,1625449482.0,64.0
46.25,1625449482.0,64.0
43.77,1625449482.0,64.0
40.75,1625449482.0,64.0
37.38,1625449482.0,64.0
33.8,1625449482.0,64.0
30.04,1625449482.0,64.0
26.11,1625449482.0,64.0
22.04,1625449482.0,64.0
17.9,1625449482.0,64.0
13.77,1625449482.0,64.0
9.73,1625449482.0,64.0
5.76,1625449482.0,64.0
1.8,1625449482.0,64.0
-2.28,1625449482.0,64.0
-6.59,1625449482.0,64.0
-11.2,1625449482.0,64.0
-16.08,1625449482.0,64.0
-21.11,1625449482.0,64.0
-26.16,1625449482.0,64.0
-31.11,1625449482.0,64.0
-36.0,1625449482.0,64.0
-40.96,1625449482.0,64.0
-46.21,1625449482.0,64.0
-51.85,1625449482.0,64.0
-57.68,1625449482.0,64.0
-63.12,1625449482.0,64.0
-67.28,1625449482.0,64.0
-69.16,1625449482.0,64.0
-67.97,1625449482.0,64.0
-63.38,1625449482.0,64.0
-55.65,1625449482.0,64.0
-45.48,1625449482.0,64.0
-33.81,1625449482.0,64.0
-21.48,1625449482.0,64.0
-9.13,1625449482.0,64.0
2.85,1625449482.0,64.0
14.12,1625449482.0,64.0
24.29,1625449482.0,64.0
32.84,1625449482.0,64.0
39.34,1625449482.0,64.0
43.65,1625449482.0,64.0
46.04,1625449482.0,64.0
47.16,1625449482.0,64.0
47.74,1625449482.0,64.0
48.3,1625449482.0,64.0
48.97,1625449482.0,64.0
49.54,1625449482.0,64.0
49.6,1625449482.0,64.0
48.86,1625449482.0,64.0
47.24,1625449482.0,64.0
44.84,1625449482.0,64.0
41.88,1625449482.0,64.0
38.54,1625449482.0,64.0
34.93,1625449482.0,64.0
31.09,1625449482.0,64.0
27.09,1625449482.0,64.0
23.03,1625449482.0,64.0
19.04,1625449482.0,64.0
15.28,1625449482.0,64.0
11.8,1625449482.0,64.0
8.55,1625449482.0,64.0
5.39,1625449482.0,64.0
2.09,1625449482.0,64.0
-1.53,1625449482.0,64.0
-5.51,1625449482.0,64.0
-9.78,1625449482.0,64.0
-14.2,1625449482.0,64.0
-18.64,1625449482.0,64.0
-23.13,1625449482.0,64.0
-27.8,1625449482.0,64.0
-32.86,1625449482.0,64.0
-38.47,1625449482.0,64.0
-44.63,1625449482.0,64.0
-51.11,1625449482.0,64.0
-57.47,1625449482.0,64.0
-63.06,1625449482.0,64.0
-67.15,1625449482.0,64.0
-68.99,1625449482.0,64.0
-68.04,1625449482.0,64.0
-64.07,1625449482.0,64.0
-57.23,1625449482.0,64.0
-48.01,1625449482.0,64.0
-37.11,1625449482.0,64.0
-25.23,1625449482.0,64.0
-12.99,1625449482.0,64.0
-0.9,1625449482.0,64.0
10.54,1625449482.0,64.0
20.81,1625449482.0,64.0
29.34,1625449482.0,64.0
35.71,1625449482.0,64.0
39.83,1625449482.0,64.0
42.01,1625449482.0,64.0
42.95,1625449482.0,64.0
43.42,1625449482.0,64.0
44.07,1625449482.0,64.0
45.11,1625449482.0,64.0
46.36,1625449482.0,64.0
47.36,1625449482.0,64.0
47.67,1625449482.0,64.0
47.0,1625449482.0,64.0
45.36,1625449482.0,64.0
42.94,1625449482.0,64.0
40.01,1625449482.0,64.0
36.74,1625449482.0,64.0
33.22,1625449482.0,64.0
29.5,1625449482.0,64.0
25.67,1625449482.0,64.0
21.87,1625449482.0,64.0
18.23,1625449482.0,64.0
14.74,1625449482.0,64.0
11.33,1625449482.0,64.0
7.78,1625449482.0,64.0
3.93,1625449482.0,64.0
-0.3,1625449482.0,64.0
-4.81,1625449482.0,64.0
-9.45,1625449482.0,64.0
-14.07,1625449482.0,64.0
-18.62,1625449482.0,64.0
-23.18,1625449482.0,64.0
-27.9,1625449482.0,64.0
-32.89,1625449482.0,64.0
-38.16,1625449482.0,64.0
-43.67,1625449482.0,64.0
-49.28,1625449482.0,64.0
-54.76,1625449482.0,64.0
-59.7,1625449482.0,64.0
-63.47,1625449482.0,64.0
-65.33,1625449482.0,64.0
-64.59,1625449482.0,64.0
-60.84,1625449482.0,64.0
-54.17,1625449482.0,64.0
-45.1,1625449482.0,64.0
-34.43,1625449482.0,64.0
-22.99,1625449482.0,64.0
-11.44,1625449482.0,64.0
-0.26,1625449482.0,64.0
10.15,1625449482.0,64.0
19.35,1625449482.0,64.0
26.89,1625449482.0,64.0
32.42,1625449482.0,64.0
35.88,1625449482.0,64.0
37.62,1625449482.0,64.0
38.28,1625449482.0,64.0
38.55,1625449482.0,64.0
38.92,1625449482.0,64.0
39.49,1625449482.0,64.0
40.04,1625449482.0,64.0
40.17,1625449482.0,64.0
39.58,1625449482.0,64.0
38.15,1625449482.0,64.0
36.02,1625449482.0,64.0
33.42,1625449482.0,64.0
30.59,1625449482.0,64.0
27.65,1625449482.0,64.0
24.61,1625449482.0,64.0
21.43,1625449482.0,64.0
18.09,1625449482.0,64.0
14.62,1625449482.0,64.0
11.14,1625449482.0,64.0
7.73,1625449482.0,64.0
4.46,1625449482.0,64.0
1.3,1625449482.0,64.0
-1.88,1625449482.0,64.0
-5.2,1625449482.0,64.0
-8.77,1625449482.0,64.0
-12.61,1625449482.0,64.0
-16.67,1625449482.0,64.0
-20.81,1625449482.0,64.0
-24.98,1625449482.0,64.0
-29.22,1625449482.0,64.0
-33.72,1625449482.0,64.0
-38.66,1625449482.0,64.0
-44.11,1625449482.0,64.0
-49.81,1625449482.0,64.0
-55.06,1625449482.0,64.0
-58.87,1625449482.0,64.0
-60.2,1625449482.0,64.0
-58.35,1625449482.0,64.0
-53.2,1625449482.0,64.0
-45.22,1625449482.0,64.0
-35.27,1625449482.0,64.0
-24.31,1625449482.0,64.0
-13.13,1625449482.0,64.0
-2.32,1625449482.0,64.0
7.7,1625449482.0,64.0
16.53,1625449482.0,64.0
23.78,1625449482.0,64.0
29.15,1625449482.0,64.0
32.62,1625449482.0,64.0
34.51,1625449482.0,64.0
35.41,1625449482.0,64.0
35.98,1625449482.0,64.0
36.71,1625449482.0,64.0
37.7,1625449482.0,64.0
38.72,1625449482.0,64.0
39.33,1625449482.0,64.0
39.13,1625449482.0,64.0
37.96,1625449482.0,64.0
35.88,1625449482.0,64.0
33.18,1625449482.0,64.0
30.13,1625449482.0,64.0
26.94,1625449482.0,64.0
23.7,1625449482.0,64.0
20.39,1625449482.0,64.0
16.94,1625449482.0,64.0
13.31,1625449482.0,64.0
9.48,1625449482.0,64.0
5.43,1625449482.0,64.0
1.2,1625449482.0,64.0
-3.16,1625449482.0,64.0
-7.56,1625449482.0,64.0
-11.9,1625449482.0,64.0
-16.11,1625449482.0,64.0
-20.22,1625449482.0,64.0
-24.36,1625449482.0,64.0
-28.72,1625449482.0,64.0
-33.47,1625449482.0,64.0
-38.68,1625449482.0,64.0
-44.3,1625449482.0,64.0
-50.23,1625449482.0,64.0
-56.21,1625449482.0,64.0
-61.84,1625449482.0,64.0
-66.48,1625449482.0,64.0
-69.32,1625449482.0,64.0
-69.48,1625449482.0,64.0
-66.37,1625449482.0,64.0
-59.9,1625449482.0,64.0
-50.58,1625449482.0,64.0
-39.38,1625449482.0,64.0
-27.34,1625449482.0,64.0
-15.23,1625449482.0,64.0
-3.48,1625449482.0,64.0
7.75,1625449482.0,64.0
18.25,1625449482.0,64.0
27.61,1625449482.0,64.0
35.31,1625449482.0,64.0
40.93,1625449482.0,64.0
44.5,1625449482.0,64.0
46.47,1625449482.0,64.0
47.55,1625449482.0,64.0
48.38,1625449482.0,64.0
49.27,1625449482.0,64.0
50.1,1625449482.0,64.0
50.55,1625449482.0,64.0
50.24,1625449482.0,64.0
48.97,1625449482.0,64.0
46.72,1625449482.0,64.0
43.63,1625449482.0,64.0
39.89,1625449482.0,64.0
35.75,1625449482.0,64.0
31.45,1625449482.0,64.0
27.19,1625449482.0,64.0
23.07,1625449482.0,64.0
19.08,1625449482.0,64.0
15.1,1625449482.0,64.0
11.01,1625449482.0,64.0
6.75,1625449482.0,64.0
2.38,1625449482.0,64.0
-2.0,1625449482.0,64.0
-6.31,1625449482.0,64.0
-10.61,1625449482.0,64.0
-15.0,1625449482.0,64.0
-19.59,1625449482.0,64.0
-24.45,1625449482.0,64.0
-29.54,1625449482.0,64.0
-34.85,1625449482.0,64.0
-40.38,1625449482.0,64.0
-46.18,1625449482.0,64.0
-52.16,1625449482.0,64.0
-58.03,1625449482.0,64.0
-63.14,1625449482.0,64.0
-66.58,1625449482.0,64.0
-67.48,1625449482.0,64.0
-65.21,1625449482.0,64.0
-59.67,1625449482.0,64.0
-51.29,1625449482.0,64.0
-40.83,1625449482.0,64.0
-29.19,1625449482.0,64.0
-17.13,1625449482.0,64.0
-5.18,1625449482.0,64.0
6.28,1625449482.0,64.0
16.87,1625449482.0,64.0
26.17,1625449482.0,64.0
33.73,1625449482.0,64.0
39.25,1625449482.0,64.0
42.74,1625449482.0,64.0
44.56,1625449482.0,64.0
45.34,1625449482.0,64.0
45.72,1625449482.0,64.0
46.17,1625449482.0,64.0
46.77,1625449482.0,64.0
47.33,1625449482.0,64.0
47.44,1625449482.0,64.0
46.79,1625449482.0,64.0
45.22,1625449482.0,64.0
42.79,1625449482.0,64.0
39.66,1625449482.0,64.0
36.02,1625449482.0,64.0
32.04,1625449482.0,64.0
27.81,1625449482.0,64.0
23.46,1625449482.0,64.0
19.08,1625449482.0,64.0
14.76,1625449482.0,64.0
10.54,1625449482.0,64.0
6.38,1625449482.0,64.0
2.21,1625449482.0,64.0
-1.96,1625449482.0,64.0
-6.1,1625449482.0,64.0
-10.15,1625449482.0,64.0
-14.09,1625449482.0,64.0
-18.03,1625449482.0,64.0
-22.15,1625449482.0,64.0
-26.65,1625449482.0,64.0
-31.62,1625449482.0,64.0
-37.04,1625449482.0,64.0
-42.81,1625449482.0,64.0
-48.77,1625449482.0,64.0
-54.73,1625449482.0,64.0
-60.32,1625449482.0,64.0
-64.97,1625449482.0,64.0
-67.9,1625449482.0,64.0
-68.3,1625449482.0,64.0
-65.6,1625449482.0,64.0
-59.69,1625449482.0,64.0
-50.99,1625449482.0,64.0
-40.27,1625449482.0,64.0
-28.39,1625449482.0,64.0
-16.09,1625449482.0,64.0
-3.89,1625449482.0,64.0
7.8,1625449482.0,64.0
18.57,1625449482.0,64.0
27.91,1625449482.0,64.0
35.33,1625449482.0,64.0
40.51,1625449482.0,64.0
43.52,1625449482.0,64.0
44.82,1625449482.0,64.0
45.14,1625449482.0,64.0
45.24,1625449482.0,64.0
45.59,1625449482.0,64.0
46.24,1625449482.0,64.0
46.91,1625449482.0,64.0
47.15,1625449482.0,64.0
46.59,1625449482.0,64.0
45.09,1625449482.0,64.0
42.72,1625449482.0,64.0
39.71,1625449482.0,64.0
36.26,1625449482.0,64.0
32.53,1625449482.0,64.0
28.61,1625449482.0,64.0
24.54,1625449482.0,64.0
20.38,1625449482.0,64.0
16.18,1625449482.0,64.0
12.0,1625449482.0,64.0
7.86,1625449482.0,64.0
3.81,1625449482.0,64.0
-0.1,1625449482.0,64.0
-3.86,1625449482.0,64.0
-7.54,1625449482.0,64.0
-11.25,1625449482.0,64.0
-15.17,1625449482.0,64.0
-19.43,1625449482.0,64.0
-24.04,1625449482.0,64.0
-28.94,1625449482.0,64.0
-34.05,1625449482.0,64.0
-39.35,1625449482.0,64.0
-44.9,1625449482.0,64.0
-50.71,1625449482.0,64.0
-56.56,1625449482.0,64.0
-61.89,1625449482.0,64.0
-65.76,1625449482.0,64.0
-67.2,1625449482.0,64.0
-65.48,1625449482.0,64.0
-60.45,1625449482.0,64.0
-52.51,1625449482.0,64.0
-42.51,1625449482.0,64.0
-31.33,1625449482.0,64.0
-19.7,1625449482.0,64.0
-8.07,1625449482.0,64.0
3.25,1625449482.0,64.0
13.88,1625449482.0,64.0
23.34,1625449482.0,64.0
31.06,1625449482.0,64.0
36.66,1625449482.0,64.0
40.13,1625449482.0,64.0
41.88,1625449482.0,64.0
42.6,1625449482.0,64.0
42.97,1625449482.0,64.0
43.42,1625449482.0,64.0
44.04,1625449482.0,64.0
44.58,1625449482.0,64.0
44.74,1625449482.0,64.0
44.25,1625449482.0,64.0
43.02,1625449482.0,64.0
41.12,1625449482.0,64.0
38.68,1625449482.0,64.0
35.8,1625449482.0,64.0
32.56,1625449482.0,64.0
29.0,1625449482.0,64.0
25.18,1625449482.0,64.0
21.19,1625449482.0,64.0
17.17,1625449482.0,64.0
13.25,1625449482.0,64.0
9.51,1625449482.0,64.0
6.02,1625449482.0,64.0
2.73,1625449482.0,64.0
-0.48,1625449482.0,64.0
-3.74,1625449482.0,64.0
-7.23,1625449482.0,64.0
-11.03,1625449482.0,64.0
-15.14,1625449482.0,64.0
-19.46,1625449482.0,64.0
-23.9,1625449482.0,64.0
-28.39,1625449482.0,64.0
-32.99,1625449482.0,64.0
-37.83,1625449482.0,64.0
-42.98,1625449482.0,64.0
-48.29,1625449482.0,64.0
-53.21,1625449482.0,64.0
-56.92,1625449482.0,64.0
-58.45,1625449482.0,64.0
-57.05,1625449482.0,64.0
-52.45,1625449482.0,64.0
-44.96,1625449482.0,64.0
-35.35,1625449482.0,64.0
-24.57,1625449482.0,64.0
-13.45,1625449482.0,64.0
-2.63,1625449482.0,64.0
7.46,1625449482.0,64.0
16.41,1625449482.0,64.0
23.82,1625449482.0,64.0
29.32,1625449482.0,64.0
32.75,1625449482.0,64.0
34.35,1625449482.0,64.0
34.74,1625449482.0,64.0
34.71,1625449482.0,64.0
34.95,1625449482.0,64.0
35.8,1625449482.0,64.0
37.17,1625449482.0,64.0
38.6,1625449482.0,64.0
39.52,1625449482.0,64.0
39.46,1625449482.0,64.0
38.18,1625449482.0,64.0
35.75,1625449482.0,64.0
32.4,1625449482.0,64.0
28.5,1625449482.0,64.0
24.38,1625449482.0,64.0
20.29,1625449482.0,64.0
16.33,1625449482.0,64.0
12.53,1625449482.0,64.0
8.83,1625449482.0,64.0
5.18,1625449482.0,64.0
1.56,1625449482.0,64.0
-2.06,1625449482.0,64.0
-5.65,1625449482.0,64.0
-9.23,1625449482.0,64.0
-12.83,1625449482.0,64.0
-16.49,1625449482.0,64.0
-20.3,1625449482.0,64.0
-24.32,1625449482.0,64.0
-28.59,1625449482.0,64.0
-33.16,1625449482.0,64.0
-38.08,1625449482.0,64.0
-43.42,1625449482.0,64.0
-49.11,1625449482.0,64.0
-54.85,1625449482.0,64.0
-60.0,1625449482.0,64.0
-63.62,1625449482.0,64.0
-64.73,1625449482.0,64.0
-62.6,1625449482.0,64.0
-57.07,1625449482.0,64.0
-48.62,1625449482.0,64.0
-38.14,1625449482.0,64.0
-26.68,1625449482.0,64.0
-15.07,1625449482.0,64.0
-3.81,1625449482.0,64.0
6.79,1625449482.0,64.0
16.45,1625449482.0,64.0
24.79,1625449482.0,64.0
31.42,1625449482.0,64.0
36.1,1625449482.0,64.0
38.92,1625449482.0,64.0
40.33,1625449482.0,64.0
40.97,1625449482.0,64.0
41.43,1625449482.0,64.0
42.0,1625449482.0,64.0
42.65,1625449482.0,64.0
43.1,1625449482.0,64.0
43.02,1625449482.0,64.0
42.2,1625449482.0,64.0
40.61,1625449482.0,64.0
38.35,1625449482.0,64.0
35.56,1625449482.0,64.0
32.35,1625449482.0,64.0
28.79,1625449482.0,64.0
24.96,1625449482.0,64.0
20.94,1625449482.0,64.0
16.83,1625449482.0,64.0
12.7,1625449482.0,64.0
8.56,1625449482.0,64.0
4.35,1625449482.0,64.0
0.03,1625449482.0,64.0
-4.39,1625449482.0,64.0
-8.83,1625449482.0,64.0
-13.17,1625449482.0,64.0
-17.35,1625449482.0,64.0
-21.48,1625449482.0,64.0
-25.73,1625449482.0,64.0
-30.31,1625449482.0,64.0
-35.34,1625449482.0,64.0
-40.86,1625449482.0,64.0
-46.82,1625449482.0,64.0
-53.1,1625449482.0,64.0
-59.47,1625449482.0,64.0
-65.5,1625449482.0,64.0
-70.46,1625449482.0,64.0
-73.44,1625449482.0,64.0
-73.56,1625449482.0,64.0
-70.27,1625449482.0,64.0
-63.61,1625449482.0,64.0
-54.25,1625449482.0,64.0
-43.14,1625449482.0,64.0
-31.27,1625449482.0,64.0
-19.31,1625449482.0,64.0
-7.56,1625449482.0,64.0
3.81,1625449482.0,64.0
14.6,1625449482.0,64.0
24.38,1625449482.0,64.0
32.59,1625449482.0,64.0
38.82,1625449482.0,64.0
43.01,1625449482.0,64.0
45.53,1625449482.0,64.0
47.04,1625449482.0,64.0
48.16,1625449482.0,64.0
49.25,1625449482.0,64.0
50.23,1625449482.0,64.0
50.8,1625449482.0,64.0
50.63,1625449482.0,64.0
49.56,1625449482.0,64.0
47.68,1625449482.0,64.0
45.18,1625449482.0,64.0
42.3,1625449482.0,64.0
39.16,1625449482.0,64.0
35.73,1625449482.0,64.0
31.96,1625449482.0,64.0
27.84,1625449482.0,64.0
23.44,1625449482.0,64.0
18.94,1625449482.0,64.0
14.51,1625449482.0,64.0
10.25,1625449482.0,64.0
6.17,1625449482.0,64.0
2.17,1625449482.0,64.0
-1.87,1625449482.0,64.0
-6.03,1625449482.0,64.0
-10.37,1625449482.0,64.0
-14.9,1625449482.0,64.0
-19.62,1625449482.0,64.0
-24.54,1625449482.0,64.0
-29.62,1625449482.0,64.0
-34.85,1625449482.0,64.0
-40.17,1625449482.0,64.0
-45.59,1625449482.0,64.0
-51.09,1625449482.0,64.0
-56.64,1625449482.0,64.0
-62.01,1625449482.0,64.0
-66.74,1625449482.0,64.0
-70.08,1625449482.0,64.0
-71.23,1625449482.0,64.0
-69.52,1625449482.0,64.0
-64.73,1625449482.0,64.0
-57.14,1625449482.0,64.0
-47.4,1625449482.0,64.0
-36.3,1625449482.0,64.0
-24.5,1625449482.0,64.0
-12.41,1625449482.0,64.0
-0.34,1625449482.0,64.0
11.34,1625449482.0,64.0
22.14,1625449482.0,64.0
31.4,1625449482.0,64.0
38.6,1625449482.0,64.0
43.51,1625449482.0,64.0
46.35,1625449482.0,64.0
47.73,1625449482.0,64.0
48.35,1625449482.0,64.0
48.76,1625449482.0,64.0
49.21,1625449482.0,64.0
49.62,1625449482.0,64.0
49.73,1625449482.0,64.0
49.29,1625449482.0,64.0
48.13,1625449482.0,64.0
46.23,1625449482.0,64.0
43.67,1625449482.0,64.0
40.56,1625449482.0,64.0
37.01,1625449482.0,64.0
33.17,1625449482.0,64.0
29.2,1625449482.0,64.0
25.29,1625449482.0,64.0
21.57,1625449482.0,64.0
18.05,1625449482.0,64.0
14.62,1625449482.0,64.0
11.11,1625449482.0,64.0
7.31,1625449482.0,64.0
3.09,1625449482.0,64.0
-1.5,1625449482.0,64.0
-6.3,1625449482.0,64.0
-11.08,1625449482.0,64.0
-15.65,1625449482.0,64.0
-19.95,1625449482.0,64.0
-24.08,1625449482.0,64.0
-28.25,1625449482.0,64.0
-32.7,1625449482.0,64.0
-37.64,1625449482.0,64.0
-43.19,1625449482.0,64.0
-49.29,1625449482.0,64.0
-55.69,1625449482.0,64.0
-61.84,1625449482.0,64.0
-66.93,1625449482.0,64.0
-70.04,1625449482.0,64.0
-70.39,1625449482.0,64.0
-67.54,1625449482.0,64.0
-61.62,1625449482.0,64.0
-53.18,1625449482.0,64.0
-42.99,1625449482.0,64.0
-31.8,1625449482.0,64.0
-20.18,1625449482.0,64.0
-8.46,1625449482.0,64.0
3.01,1625449482.0,64.0
13.81,1625449482.0,64.0
23.36,1625449482.0,64.0
31.1,1625449482.0,64.0
36.69,1625449482.0,64.0
40.23,1625449482.0,64.0
42.18,1625449482.0,64.0
43.23,1625449482.0,64.0
43.99,1625449482.0,64.0
44.8,1625449482.0,64.0
45.65,1625449482.0,64.0
46.29,1625449482.0,64.0
46.43,1625449482.0,64.0
45.89,1625449482.0,64.0
44.65,1625449482.0,64.0
42.8,1625449482.0,64.0
40.41,1625449482.0,64.0
37.48,1625449482.0,64.0
33.95,1625449482.0,64.0
29.83,1625449482.0,64.0
25.28,1625449482.0,64.0
20.63,1625449482.0,64.0
16.27,1625449482.0,64.0
12.46,1625449482.0,64.0
9.22,1625449482.0,64.0
6.31,1625449482.0,64.0
3.39,1625449482.0,64.0
0.16,1625449482.0,64.0
-3.5,1625449482.0,64.0
-7.54,1625449482.0,64.0
-11.74,1625449482.0,64.0
-15.92,1625449482.0,64.0
-19.94,1625449482.0,64.0
-23.8,1625449482.0,64.0
-27.56,1625449482.0,64.0
-31.39,1625449482.0,64.0
-35.53,1625449482.0,64.0
-40.18,1625449482.0,64.0
-45.47,1625449482.0,64.0
-51.26,1625449482.0,64.0
-57.06,1625449482.0,64.0
-62.01,1625449482.0,64.0
-65.09,1625449482.0,64.0
-65.37,1625449482.0,64.0
-62.32,1625449482.0,64.0
-55.99,1625449482.0,64.0
-46.97,1625449482.0,64.0
-36.16,1625449482.0,64.0
-24.48,1625449482.0,64.0
-12.65,1625449482.0,64.0
-1.19,1625449482.0,64.0
9.53,1625449482.0,64.0
19.13,1625449482.0,64.0
27.18,1625449482.0,64.0
33.29,1625449482.0,64.0
37.29,1625449482.0,64.0
39.39,1625449482.0,64.0
40.16,1625449482.0,64.0
40.33,1625449482.0,64.0
40.55,1625449482.0,64.0
41.17,1625449482.0,64.0
42.12,1625449482.0,64.0
43.07,1625449482.0,64.0
43.56,1625449482.0,64.0
43.25,1625449482.0,64.0
42.02,1625449482.0,64.0
39.95,1625449482.0,64.0
37.28,1625449482.0,64.0
34.26,1625449482.0,64.0
31.04,1625449482.0,64.0
27.67,1625449482.0,64.0
24.13,1625449482.0,64.0
20.44,1625449482.0,64.0
16.65,1625449482.0,64.0
12.92,1625449482.0,64.0
9.38,1625449482.0,64.0
6.08,1625449482.0,64.0
2.96,1625449482.0,64.0
-0.16,1625449482.0,64.0
-3.45,1625449482.0,64.0
-7.02,1625449482.0,64.0
-10.85,1625449482.0,64.0
-14.86,1625449482.0,64.0
-18.98,1625449482.0,64.0
-23.2,1625449482.0,64.0
-27.65,1625449482.0,64.0
-32.5,1625449482.0,64.0
-37.85,1625449482.0,64.0
-43.57,1625449482.0,64.0
-49.23,1625449482.0,64.0
-54.06,1625449482.0,64.0
-57.17,1625449482.0,64.0
-57.7,1625449482.0,64.0
-55.18,1625449482.0,64.0
-49.66,1625449482.0,64.0
-41.7,1625449482.0,64.0
-32.18,1625449482.0,64.0
-22.03,1625449482.0,64.0
-11.97,1625449482.0,64.0
-2.46,1625449482.0,64.0
6.22,1625449482.0,64.0
13.8,1625449482.0,64.0
19.96,1625449482.0,64.0
24.43,1625449482.0,64.0
27.09,1625449482.0,64.0
28.23,1625449482.0,64.0
28.45,1625449482.0,64.0
28.46,1625449482.0,64.0
28.81,1625449482.0,64.0
29.62,1625449482.0,64.0
30.64,1625449482.0,64.0
31.35,1625449482.0,64.0
31.32,1625449482.0,64.0
30.35,1625449482.0,64.0
28.56,1625449482.0,64.0
26.24,1625449482.0,64.0
23.7,1625449482.0,64.0
21.09,1625449482.0,64.0
18.44,1625449482.0,64.0
15.64,1625449482.0,64.0
12.59,1625449482.0,64.0
9.25,1625449482.0,64.0
5.65,1625449482.0,64.0
1.87,1625449482.0,64.0
-2.0,1625449482.0,64.0
-5.89,1625449482.0,64.0
-9.77,1625449482.0,64.0
-13.62,1625449482.0,64.0
-17.47,1625449482.0,64.0
-21.37,1625449482.0,64.0
-25.44,1625449482.0,64.0
-29.83,1625449482.0,64.0
-34.7,1625449482.0,64.0
-40.13,1625449482.0,64.0
-46.04,1625449482.0,64.0
-52.05,1625449482.0,64.0
-57.49,1625449482.0,64.0
-61.48,1625449482.0,64.0
-63.19,1625449482.0,64.0
-62.04,1625449482.0,64.0
-57.9,1625449482.0,64.0
-51.06,1625449482.0,64.0
-42.16,1625449482.0,64.0
-31.89,1625449482.0,64.0
-20.88,1625449482.0,64.0
-9.54,1625449482.0,64.0
1.74,1625449482.0,64.0
12.56,1625449482.0,64.0
22.34,1625449482.0,64.0
30.49,1625449482.0,64.0
36.5,1625449482.0,64.0
40.26,1625449482.0,64.0
42.1,1625449482.0,64.0
42.74,1625449482.0,64.0
42.96,1625449482.0,64.0
43.33,1625449482.0,64.0
43.98,1625449482.0,64.0
44.64,1625449482.0,64.0
44.85,1625449482.0,64.0
44.17,1625449482.0,64.0
42.45,1625449482.0,64.0
39.81,1625449482.0,64.0
36.54,1625449482.0,64.0
32.94,1625449482.0,64.0
29.17,1625449482.0,64.0
25.22,1625449482.0,64.0
21.01,1625449482.0,64.0
16.53,1625449482.0,64.0
11.9,1625449482.0,64.0
7.39,1625449482.0,64.0
3.3,1625449482.0,64.0
-0.14,1625449482.0,64.0
-2.94,1625449482.0,64.0
-5.28,1625449482.0,64.0
-7.51,1625449482.0,64.0
-10.02,1625449482.0,64.0
-13.09,1625449482.0,64.0
-16.88,1625449482.0,64.0
-21.42,1625449482.0,64.0
-26.65,1625449482.0,64.0
-32.46,1625449482.0,64.0
-38.59,1625449482.0,64.0
-44.61,1625449482.0,64.0
-49.85,1625449482.0,64.0
-53.49,1625449482.0,64.0
-54.77,1625449482.0,64.0
-53.2,1625449482.0,64.0
-48.76,1625449482.0,64.0
-41.86,1625449482.0,64.0
-33.21,1625449482.0,64.0
-23.56,1625449482.0,64.0
-13.5,1625449482.0,64.0
-3.41,1625449482.0,64.0
6.41,1625449482.0,64.0
15.61,1625449482.0,64.0
23.71,1625449482.0,64.0
30.25,1625449482.0,64.0
34.9,1625449482.0,64.0
37.72,1625449482.0,64.0
39.15,1625449482.0,64.0
39.84,1625449482.0,64.0
40.41,1625449482.0,64.0
41.2,1625449482.0,64.0
42.17,1625449482.0,64.0
42.97,1625449482.0,64.0
43.16,1625449482.0,64.0
42.39,1625449482.0,64.0
40.52,1625449482.0,64.0
37.66,1625449482.0,64.0
34.03,1625449482.0,64.0
29.89,1625449482.0,64.0
25.44,1625449482.0,64.0
20.8,1625449482.0,64.0
16.01,1625449482.0,64.0
11.09,1625449482.0,64.0
6.12,1625449482.0,64.0
1.22,1625449482.0,64.0
-3.43,1625449482.0,64.0
-7.74,1625449482.0,64.0
-11.7,1625449482.0,64.0
-15.39,1625449482.0,64.0
-19.0,1625449482.0,64.0
-22.75,1625449482.0,64.0
-26.82,1625449482.0,64.0
-31.35,1625449482.0,64.0
-36.38,1625449482.0,64.0
-41.82,1625449482.0,64.0
-47.43,1625449482.0,64.0
-52.75,1625449482.0,64.0
-57.13,1625449482.0,64.0
-59.86,1625449482.0,64.0
-60.28,1625449482.0,64.0
-57.95,1625449482.0,64.0
-52.8,1625449482.0,64.0
-45.11,1625449482.0,64.0
-35.38,1625449482.0,64.0
-24.3,1625449482.0,64.0
-12.53,1625449482.0,64.0
-0.7,1625449482.0,64.0
10.6,1625449482.0,64.0
20.78,1625449482.0,64.0
29.35,1625449482.0,64.0
35.9,1625449482.0,64.0
40.34,1625449482.0,64.0
42.87,1625449482.0,64.0
43.97,1625449482.0,64.0
44.26,1625449482.0,64.0
44.27,1625449482.0,64.0
44.3,1625449482.0,64.0
44.4,1625449482.0,64.0
44.35,1625449482.0,64.0
43.86,1625449482.0,64.0
42.66,1625449482.0,64.0
40.61,1625449482.0,64.0
37.68,1625449482.0,64.0
34.03,1625449482.0,64.0
29.89,1625449482.0,64.0
25.5,1625449482.0,64.0
21.07,1625449482.0,64.0
16.7,1625449482.0,64.0
12.4,1625449482.0,64.0
8.14,1625449482.0,64.0
3.93,1625449482.0,64.0
-0.22,1625449482.0,64.0
-4.26,1625449482.0,64.0
-8.21,1625449482.0,64.0
-12.14,1625449482.0,64.0
-16.21,1625449482.0,64.0
-20.55,1625449482.0,64.0
-25.21,1625449482.0,64.0
-30.21,1625449482.0,64.0
-35.51,1625449482.0,64.0
-41.06,1625449482.0,64.0
-46.71,1625449482.0,64.0
-52.15,1625449482.0,64.0
-56.75,1625449482.0,64.0
-59.68,1625449482.0,64.0
-60.11,1625449482.0,64.0
-57.46,1625449482.0,64.0
-51.64,1625449482.0,64.0
-43.06,1625449482.0,64.0
-32.52,1625449482.0,64.0
-20.85,1625449482.0,64.0
-8.82,1625449482.0,64.0
2.98,1625449482.0,64.0
14.02,1625449482.0,64.0
23.78,1625449482.0,64.0
31.73,1625449482.0,64.0
37.5,1625449482.0,64.0
41.03,1625449482.0,64.0
42.67,1625449482.0,64.0
43.08,1625449482.0,64.0
43.02,1625449482.0,64.0
43.04,1625449482.0,64.0
43.35,1625449482.0,64.0
43.77,1625449482.0,64.0
43.96,1625449482.0,64.0
43.57,1625449482.0,64.0
42.44,1625449482.0,64.0
40.61,1625449482.0,64.0
38.2,1625449482.0,64.0
35.29,1625449482.0,64.0
31.95,1625449482.0,64.0
28.19,1625449482.0,64.0
24.05,1625449482.0,64.0
19.62,1625449482.0,64.0
15.05,1625449482.0,64.0
10.47,1625449482.0,64.0
5.99,1625449482.0,64.0
1.65,1625449482.0,64.0
-2.55,1625449482.0,64.0
-6.62,1625449482.0,64.0
-10.63,1625449482.0,64.0
-14.65,1625449482.0,64.0
-18.79,1625449482.0,64.0
-23.15,1625449482.0,64.0
-27.84,1625449482.0,64.0
-32.91,1625449482.0,64.0
-38.34,1625449482.0,64.0
-44.02,1625449482.0,64.0
-49.69,1625449482.0,64.0
-54.88,1625449482.0,64.0
-58.93,1625449482.0,64.0
-61.01,1625449482.0,64.0
-60.39,1625449482.0,64.0
-56.58,1625449482.0,64.0
-49.6,1625449482.0,64.0
-39.98,1625449482.0,64.0
-28.58,1625449482.0,64.0
-16.41,1625449482.0,64.0
-4.34,1625449482.0,64.0
6.95,1625449482.0,64.0
16.96,1625449482.0,64.0
25.33,1625449482.0,64.0
31.75,1625449482.0,64.0
36.08,1625449482.0,64.0
38.46,1625449482.0,64.0
39.31,1625449482.0,64.0
39.33,1625449482.0,64.0
39.24,1625449482.0,64.0
39.49,1625449482.0,64.0
40.18,1625449482.0,64.0
40.94,1625449482.0,64.0
41.27,1625449482.0,64.0
40.69,1625449482.0,64.0
39.04,1625449482.0,64.0
36.46,1625449482.0,64.0
33.28,1625449482.0,64.0
29.86,1625449482.0,64.0
26.38,1625449482.0,64.0
22.8,1625449482.0,64.0
18.98,1625449482.0,64.0
14.78,1625449482.0,64.0
10.18,1625449482.0,64.0
5.29,1625449482.0,64.0
0.31,1625449482.0,64.0
-4.59,1625449482.0,64.0
-9.28,1625449482.0,64.0
-13.74,1625449482.0,64.0
-17.99,1625449482.0,64.0
-22.02,1625449482.0,64.0
-25.82,1625449482.0,64.0
-29.4,1625449482.0,64.0
-32.81,1625449482.0,64.0
-36.2,1625449482.0,64.0
-39.69,1625449482.0,64.0
-43.35,1625449482.0,64.0
-47.01,1625449482.0,64.0
-50.25,1625449482.0,64.0
-52.35,1625449482.0,64.0
-52.53,1625449482.0,64.0
-50.13,1625449482.0,64.0
-44.85,1625449482.0,64.0
-36.9,1625449482.0,64.0
-26.95,1625449482.0,64.0
-15.88,1625449482.0,64.0
-4.57,1625449482.0,64.0
6.25,1625449482.0,64.0
16.05,1625449482.0,64.0
24.41,1625449482.0,64.0
31.02,1625449482.0,64.0
35.64,1625449482.0,64.0
38.32,1625449482.0,64.0
39.32,1625449482.0,64.0
39.2,1625449482.0,64.0
38.61,1625449482.0,64.0
38.09,1625449482.0,64.0
37.85,1625449482.0,64.0
37.81,1625449482.0,64.0
37.63,1625449482.0,64.0
36.91,1625449482.0,64.0
35.35,1625449482.0,64.0
32.89,1625449482.0,64.0
29.66,1625449482.0,64.0
25.93,1625449482.0,64.0
21.99,1625449482.0,64.0
18.05,1625449482.0,64.0
14.21,1625449482.0,64.0
10.45,1625449482.0,64.0
6.67,1625449482.0,64.0
2.82,1625449482.0,64.0
-1.11,1625449482.0,64.0
-5.07,1625449482.0,64.0
-8.98,1625449482.0,64.0
-12.78,1625449482.0,64.0
-16.5,1625449482.0,64.0
-20.22,1625449482.0,64.0
-24.05,1625449482.0,64.0
-28.13,1625449482.0,64.0
-32.55,1625449482.0,64.0
-37.36,1625449482.0,64.0
-42.48,1625449482.0,64.0
-47.67,1625449482.0,64.0
-52.41,1625449482.0,64.0
-55.95,1625449482.0,64.0
-57.48,1625449482.0,64.0
-56.3,1625449482.0,64.0
-52.14,1625449482.0,64.0
-45.16,1625449482.0,64.0
-35.95,1625449482.0,64.0
-25.3,1625449482.0,64.0
-13.98,1625449482.0,64.0
-2.62,1625449482.0,64.0
8.25,1625449482.0,64.0
18.09,1625449482.0,64.0
26.36,1625449482.0,64.0
32.54,1625449482.0,64.0
36.39,1625449482.0,64.0
38.07,1625449482.0,64.0
38.15,1625449482.0,64.0
37.49,1625449482.0,64.0
36.88,1625449482.0,64.0
36.8,1625449482.0,64.0
37.25,1625449482.0,64.0
37.88,1625449482.0,64.0
38.12,1625449482.0,64.0
37.53,1625449482.0,64.0
35.87,1625449482.0,64.0
33.23,1625449482.0,64.0
29.85,1625449482.0,64.0
26.03,1625449482.0,64.0
22.01,1625449482.0,64.0
17.89,1625449482.0,64.0
13.65,1625449482.0,64.0
9.28,1625449482.0,64.0
4.82,1625449482.0,64.0
0.4,1625449482.0,64.0
-3.82,1625449482.0,64.0
-7.72,1625449482.0,64.0
-11.36,1625449482.0,64.0
-14.97,1625449482.0,64.0
-18.82,1625449482.0,64.0
-23.15,1625449482.0,64.0
-28.03,1625449482.0,64.0
-33.39,1625449482.0,64.0
-39.08,1625449482.0,64.0
-44.89,1625449482.0,64.0
-50.61,1625449482.0,64.0
-55.94,1625449482.0,64.0
-60.4,1625449482.0,64.0
-63.32,1625449482.0,64.0
-63.99,1625449482.0,64.0
-61.85,1625449482.0,64.0
-56.7,1625449482.0,64.0
-48.85,1625449482.0,64.0
-38.93,1625449482.0,64.0
-27.81,1625449482.0,64.0
-16.2,1625449482.0,64.0
-4.67,1625449482.0,64.0
6.45,1625449482.0,64.0
16.82,1625449482.0,64.0
26.01,1625449482.0,64.0
33.5,1625449482.0,64.0
38.83,1625449482.0,64.0
41.88,1625449482.0,64.0
42.94,1625449482.0,64.0
42.75,1625449482.0,64.0
42.14,1625449482.0,64.0
41.72,1625449482.0,64.0
41.66,1625449482.0,64.0
41.71,1625449482.0,64.0
41.39,1625449482.0,64.0
40.28,1625449482.0,64.0
38.26,1625449482.0,64.0
35.47,1625449482.0,64.0
32.2,1625449482.0,64.0
28.72,1625449482.0,64.0
25.17,1625449482.0,64.0
21.55,1625449482.0,64.0
17.82,1625449482.0,64.0
13.91,1625449482.0,64.0
9.86,1625449482.0,64.0
5.68,1625449482.0,64.0
1.44,1625449482.0,64.0
-2.81,1625449482.0,64.0
-7.04,1625449482.0,64.0
-11.21,1625449482.0,64.0
-15.36,1625449482.0,64.0
-19.53,1625449482.0,64.0
-23.86,1625449482.0,64.0
-28.46,1625449482.0,64.0
-33.47,1625449482.0,64.0
-38.94,1625449482.0,64.0
-44.86,1625449482.0,64.0
-51.08,1625449482.0,64.0
-57.25,1625449482.0,64.0
-62.85,1625449482.0,64.0
-67.16,1625449482.0,64.0
-69.4,1625449482.0,64.0
-68.93,1625449482.0,64.0
-65.43,1625449482.0,64.0
-58.97,1625449482.0,64.0
-50.03,1625449482.0,64.0
-39.32,1625449482.0,64.0
-27.58,1625449482.0,64.0
-15.45,1625449482.0,64.0
-3.46,1625449482.0,64.0
7.96,1625449482.0,64.0
18.39,1625449482.0,64.0
27.35,1625449482.0,64.0
34.47,1625449482.0,64.0
39.55,1625449482.0,64.0
42.68,1625449482.0,64.0
44.25,1625449482.0,64.0
44.8,1625449482.0,64.0
44.91,1625449482.0,64.0
44.94,1625449482.0,64.0
45.03,1625449482.0,64.0
45.02,1625449482.0,64.0
44.65,1625449482.0,64.0
43.63,1625449482.0,64.0
41.81,1625449482.0,64.0
39.24,1625449482.0,64.0
36.09,1625449482.0,64.0
32.58,1625449482.0,64.0
28.91,1625449482.0,64.0
25.18,1625449482.0,64.0
21.4,1625449482.0,64.0
17.53,1625449482.0,64.0
13.5,1625449482.0,64.0
9.32,1625449482.0,64.0
5.03,1625449482.0,64.0
0.72,1625449482.0,64.0
-3.52,1625449482.0,64.0
-7.62,1625449482.0,64.0
-11.57,1625449482.0,64.0
-15.45,1625449482.0,64.0
-19.41,1625449482.0,64.0
-23.61,1625449482.0,64.0
-28.15,1625449482.0,64.0
-33.08,1625449482.0,64.0
-38.36,1625449482.0,64.0
-43.95,1625449482.0,64.0
-49.82,1625449482.0,64.0
-55.85,1625449482.0,64.0
-61.75,1625449482.0,64.0
-66.9,1625449482.0,64.0
-70.42,1625449482.0,64.0
-71.38,1625449482.0,64.0
-69.11,1625449482.0,64.0
-63.5,1625449482.0,64.0
-55.05,1625449482.0,64.0
-44.63,1625449482.0,64.0
-33.16,1625449482.0,64.0
-21.3,1625449482.0,64.0
-9.4,1625449482.0,64.0
2.32,1625449482.0,64.0
13.51,1625449482.0,64.0
23.62,1625449482.0,64.0
31.98,1625449482.0,64.0
38.1,1625449482.0,64.0
41.96,1625449482.0,64.0
44.03,1625449482.0,64.0
45.06,1625449482.0,64.0
45.8,1625449482.0,64.0
46.62,1625449482.0,64.0
47.5,1625449482.0,64.0
48.09,1625449482.0,64.0
48.01,1625449482.0,64.0
47.04,1625449482.0,64.0
45.25,1625449482.0,64.0
42.93,1625449482.0,64.0
40.37,1625449482.0,64.0
37.74,1625449482.0,64.0
35.0,1625449482.0,64.0
31.97,1625449482.0,64.0
28.48,1625449482.0,64.0
24.47,1625449482.0,64.0
20.11,1625449482.0,64.0
15.68,1625449482.0,64.0
11.43,1625449482.0,64.0
7.51,1625449482.0,64.0
3.85,1625449482.0,64.0
0.27,1625449482.0,64.0
-3.45,1625449482.0,64.0
-7.45,1625449482.0,64.0
-11.71,1625449482.0,64.0
-16.16,1625449482.0,64.0
-20.67,1625449482.0,64.0
-25.19,1625449482.0,64.0
-29.7,1625449482.0,64.0
-34.29,1625449482.0,64.0
-39.08,1625449482.0,64.0
-44.21,1625449482.0,64.0
-49.69,1625449482.0,64.0
-55.37,1625449482.0,64.0
-60.8,1625449482.0,64.0
-65.25,1625449482.0,64.0
-67.86,1625449482.0,64.0
-67.84,1625449482.0,64.0
-64.75,1625449482.0,64.0
-58.6,1625449482.0,64.0
-49.91,1625449482.0,64.0
-39.47,1625449482.0,64.0
-28.09,1625449482.0,64.0
-16.42,1625449482.0,64.0
-4.91,1625449482.0,64.0
6.1,1625449482.0,64.0
16.21,1625449482.0,64.0
24.9,1625449482.0,64.0
31.68,1625449482.0,64.0
36.25,1625449482.0,64.0
38.78,1625449482.0,64.0
39.86,1625449482.0,64.0
40.29,1625449482.0,64.0
40.81,1625449482.0,64.0
41.75,1625449482.0,64.0
43.01,1625449482.0,64.0
44.16,1625449482.0,64.0
44.71,1625449482.0,64.0
44.37,1625449482.0,64.0
43.05,1625449482.0,64.0
40.88,1625449482.0,64.0
38.08,1625449482.0,64.0
34.83,1625449482.0,64.0
31.27,1625449482.0,64.0
27.51,1625449482.0,64.0
23.7,1625449482.0,64.0
19.95,1625449482.0,64.0
16.36,1625449482.0,64.0
12.9,1625449482.0,64.0
9.47,1625449482.0,64.0
5.91,1625449482.0,64.0
2.11,1625449482.0,64.0
-1.93,1625449482.0,64.0
-6.12,1625449482.0,64.0
-10.31,1625449482.0,64.0
-14.38,1625449482.0,64.0
-18.34,1625449482.0,64.0
-22.25,1625449482.0,64.0
-26.3,1625449482.0,64.0
-30.63,1625449482.0,64.0
-35.37,1625449482.0,64.0
-40.55,1625449482.0,64.0
-46.01,1625449482.0,64.0
-51.39,1625449482.0,64.0
-56.07,1625449482.0,64.0
-59.25,1625449482.0,64.0
-60.13,1625449482.0,64.0
-58.1,1625449482.0,64.0
-53.03,1625449482.0,64.0
-45.26,1625449482.0,64.0
-35.54,1625449482.0,64.0
-24.79,1625449482.0,64.0
-13.78,1625449482.0,64.0
-3.11,1625449482.0,64.0
6.84,1625449482.0,64.0
15.76,1625449482.0,64.0
23.35,1625449482.0,64.0
29.32,1625449482.0,64.0
33.55,1625449482.0,64.0
36.14,1625449482.0,64.0
37.5,1625449482.0,64.0
38.18,1625449482.0,64.0
38.66,1625449482.0,64.0
39.25,1625449482.0,64.0
39.97,1625449482.0,64.0
40.63,1625449482.0,64.0
40.93,1625449482.0,64.0
40.62,1625449482.0,64.0
39.53,1625449482.0,64.0
37.62,1625449482.0,64.0
34.97,1625449482.0,64.0
31.75,1625449482.0,64.0
28.18,1625449482.0,64.0
24.44,1625449482.0,64.0
20.63,1625449482.0,64.0
16.78,1625449482.0,64.0
12.87,1625449482.0,64.0
8.86,1625449482.0,64.0
4.82,1625449482.0,64.0
0.8,1625449482.0,64.0
-3.09,1625449482.0,64.0
-6.82,1625449482.0,64.0
-10.45,1625449482.0,64.0
-14.11,1625449482.0,64.0
-17.96,1625449482.0,64.0
-22.12,1625449482.0,64.0
-26.64,1625449482.0,64.0
-31.53,1625449482.0,64.0
-36.78,1625449482.0,64.0
-42.41,1625449482.0,64.0
-48.43,1625449482.0,64.0
-54.73,1625449482.0,64.0
-60.96,1625449482.0,64.0
-66.44,1625449482.0,64.0
-70.28,1625449482.0,64.0
-71.51,1625449482.0,64.0
-69.49,1625449482.0,64.0
-64.06,1625449482.0,64.0
-55.64,1625449482.0,64.0
-45.06,1625449482.0,64.0
-33.25,1625449482.0,64.0
-20.94,1625449482.0,64.0
-8.6,1625449482.0,64.0
3.48,1625449482.0,64.0
14.95,1625449482.0,64.0
25.34,1625449482.0,64.0
34.03,1625449482.0,64.0
40.54,1625449482.0,64.0
44.75,1625449482.0,64.0
47.02,1625449482.0,64.0
48.07,1625449482.0,64.0
48.72,1625449482.0,64.0
49.47,1625449482.0,64.0
50.44,1625449482.0,64.0
51.32,1625449482.0,64.0
51.68,1625449482.0,64.0
51.17,1625449482.0,64.0
49.7,1625449482.0,64.0
47.38,1625449482.0,64.0
44.42,1625449482.0,64.0
40.98,1625449482.0,64.0
37.13,1625449482.0,64.0
32.93,1625449482.0,64.0
28.47,1625449482.0,64.0
23.94,1625449482.0,64.0
19.57,1625449482.0,64.0
15.51,1625449482.0,64.0
11.77,1625449482.0,64.0
8.15,1625449482.0,64.0
4.38,1625449482.0,64.0
0.2,1625449482.0,64.0
-4.45,1625449482.0,64.0
-9.43,1625449482.0,64.0
-14.48,1625449482.0,64.0
-19.33,1625449482.0,64.0
-23.88,1625449482.0,64.0
-28.22,1625449482.0,64.0
-32.63,1625449482.0,64.0
-37.39,1625449482.0,64.0
-42.67,1625449482.0,64.0
-48.47,1625449482.0,64.0
-54.55,1625449482.0,64.0
-60.47,1625449482.0,64.0
-65.59,1625449482.0,64.0
-69.12,1625449482.0,64.0
-70.27,1625449482.0,64.0
-68.46,1625449482.0,64.0
-63.45,1625449482.0,64.0
-55.52,1625449482.0,64.0
-45.33,1625449482.0,64.0
-33.71,1625449482.0,64.0
-21.41,1625449482.0,64.0
-8.91,1625449482.0,64.0
3.47,1625449482.0,64.0
15.45,1625449482.0,64.0
26.57,1625449482.0,64.0
36.2,1625449482.0,64.0
43.73,1625449482.0,64.0
48.87,1625449482.0,64.0
51.74,1625449482.0,64.0
52.94,1625449482.0,64.0
53.23,1625449482.0,64.0
53.3,1625449482.0,64.0
53.5,1625449482.0,64.0
53.8,1625449482.0,64.0
53.95,1625449482.0,64.0
53.65,1625449482.0,64.0
52.67,1625449482.0,64.0
50.94,1625449482.0,64.0
48.48,1625449482.0,64.0
45.34,1625449482.0,64.0
41.58,1625449482.0,64.0
37.29,1625449482.0,64.0
32.61,1625449482.0,64.0
27.75,1625449482.0,64.0
22.92,1625449482.0,64.0
18.3,1625449482.0,64.0
13.95,1625449482.0,64.0
9.83,1625449482.0,64.0
5.8,1625449482.0,64.0
1.73,1625449482.0,64.0
-2.49,1625449482.0,64.0
-6.93,1625449482.0,64.0
-11.55,1625449482.0,64.0
-16.26,1625449482.0,64.0
-20.94,1625449482.0,64.0
-25.5,1625449482.0,64.0
-29.94,1625449482.0,64.0
-34.41,1625449482.0,64.0
-39.15,1625449482.0,64.0
-44.4,1625449482.0,64.0
-50.24,1625449482.0,64.0
-56.45,1625449482.0,64.0
-62.41,1625449482.0,64.0
-67.18,1625449482.0,64.0
-69.74,1625449482.0,64.0
-69.29,1625449482.0,64.0
-65.5,1625449482.0,64.0
-58.62,1625449482.0,64.0
-49.33,1625449482.0,64.0
-38.52,1625449482.0,64.0
-27.02,1625449482.0,64.0
-15.37,1625449482.0,64.0
-3.94,1625449482.0,64.0
7.01,1625449482.0,64.0
17.11,1625449482.0,64.0
25.84,1625449482.0,64.0
32.71,1625449482.0,64.0
37.45,1625449482.0,64.0
40.18,1625449482.0,64.0
41.41,1625449482.0,64.0
41.85,1625449482.0,64.0
42.13,1625449482.0,64.0
42.58,1625449482.0,64.0
43.12,1625449482.0,64.0
43.44,1625449482.0,64.0
43.12,1625449482.0,64.0
41.88,1625449482.0,64.0
39.71,1625449482.0,64.0
36.81,1625449482.0,64.0
33.51,1625449482.0,64.0
30.15,1625449482.0,64.0
26.9,1625449482.0,64.0
23.79,1625449482.0,64.0
20.72,1625449482.0,64.0
17.5,1625449482.0,64.0
14.01,1625449482.0,64.0
10.23,1625449482.0,64.0
6.23,1625449482.0,64.0
2.16,1625449482.0,64.0
-1.86,1625449482.0,64.0
-5.78,1625449482.0,64.0
-9.65,1625449482.0,64.0
-13.55,1625449482.0,64.0
-17.55,1625449482.0,64.0
-21.69,1625449482.0,64.0
-25.99,1625449482.0,64.0
-30.48,1625449482.0,64.0
-35.2,1625449482.0,64.0
-40.19,1625449482.0,64.0
-45.32,1625449482.0,64.0
-50.26,1625449482.0,64.0
-54.36,1625449482.0,64.0
-56.81,1625449482.0,64.0
-56.81,1625449482.0,64.0
-53.91,1625449482.0,64.0
-48.17,1625449482.0,64.0
-40.06,1625449482.0,64.0
-30.3,1625449482.0,64.0
-19.51,1625449482.0,64.0
-8.05,1625449482.0,64.0
3.91,1625449482.0,64.0
16.14,1625449482.0,64.0
28.08,1625449482.0,64.0
38.83,1625449482.0,64.0
47.35,1625449482.0,64.0
52.94,1625449482.0,64.0
55.64,1625449482.0,64.0
56.3,1625449482.0,64.0
56.26,1625449482.0,64.0
56.74,1625449482.0,64.0
58.38,1625449482.0,64.0
61.02,1625449482.0,64.0
63.83,1625449482.0,64.0
65.8,1625449482.0,64.0
66.17,1625449482.0,64.0
64.7,1625449482.0,64.0
61.77,1625449482.0,64.0
58.35,1625449482.0,64.0
55.86,1625449482.0,64.0
55.87,1625449482.0,64.0
59.56,1625449482.0,64.0
67.18,1625449482.0,64.0
77.57,1625449482.0,64.0
88.24,1625449482.0,64.0
95.97,1625449482.0,64.0
97.88,1625449482.0,64.0
92.46,1625449482.0,64.0
80.01,1625449482.0,64.0
62.44,1625449482.0,64.0
42.39,1625449482.0,64.0
22.3,1625449482.0,64.0
3.76,1625449482.0,64.0
-12.64,1625449482.0,64.0
-27.09,1625449482.0,64.0
-40.08,1625449482.0,64.0
-52.19,1625449482.0,64.0
-63.88,1625449482.0,64.0
-75.27,1625449482.0,64.0
-86.06,1625449482.0,64.0
-95.37,1625449482.0,64.0
-101.88,1625449482.0,64.0
-104.1,1625449482.0,64.0
-100.82,1625449482.0,64.0
-91.57,1625449482.0,64.0
-76.79,1625449482.0,64.0
-57.79,1625449482.0,64.0
-36.51,1625449482.0,64.0
-15.11,1625449482.0,64.0
4.26,1625449482.0,64.0
19.81,1625449482.0,64.0
30.28,1625449482.0,64.0
35.18,1625449482.0,64.0
34.92,1625449482.0,64.0
30.72,1625449482.0,64.0
24.32,1625449482.0,64.0
17.48,1625449482.0,64.0
11.51,1625449482.0,64.0
6.98,1625449482.0,64.0
3.76,1625449482.0,64.0
1.27,1625449482.0,64.0
-1.12,1625449482.0,64.0
-3.81,1625449482.0,64.0
-6.87,1625449482.0,64.0
-10.19,1625449482.0,64.0
-13.62,1625449482.0,64.0
-17.12,1625449482.0,64.0
-20.73,1625449482.0,64.0
-24.58,1625449482.0,64.0
-28.77,1625449482.0,64.0
-33.33,1625449482.0,64.0
-38.24,1625449482.0,64.0
-43.39,1625449482.0,64.0
-48.64,1625449482.0,64.0
-53.75,1625449482.0,64.0
-58.44,1625449482.0,64.0
-62.51,1625449482.0,64.0
-65.84,1625449482.0,64.0
-68.51,1625449482.0,64.0
-70.74,1625449482.0,64.0
-72.8,1625449482.0,64.0
-74.92,1625449482.0,64.0
-77.23,1625449482.0,64.0
-79.67,1625449482.0,64.0
-81.97,1625449482.0,64.0
-83.67,1625449482.0,64.0
-84.09,1625449482.0,64.0
-82.52,1625449482.0,64.0
-78.33,1625449482.0,64.0
-71.23,1625449482.0,64.0
-61.36,1625449482.0,64.0
-49.28,1625449482.0,64.0
-35.83,1625449482.0,64.0
-21.95,1625449482.0,64.0
-8.48,1625449482.0,64.0
3.87,1625449482.0,64.0
14.5,1625449482.0,64.0
22.97,1625449482.0,64.0
29.06,1625449482.0,64.0
32.89,1625449482.0,64.0
34.95,1625449482.0,64.0
36.02,1625449482.0,64.0
36.89,1625449482.0,64.0
38.1,1625449482.0,64.0
39.67,1625449482.0,64.0
41.23,1625449482.0,64.0
42.19,1625449482.0,64.0
42.09,1625449482.0,64.0
40.79,1625449482.0,64.0
38.51,1625449482.0,64.0
35.64,1625449482.0,64.0
32.5,1625449482.0,64.0
29.18,1625449482.0,64.0
25.55,1625449482.0,64.0
21.42,1625449482.0,64.0
16.71,1625449482.0,64.0
11.56,1625449482.0,64.0
6.24,1625449482.0,64.0
1.08,1625449482.0,64.0
-3.72,1625449482.0,64.0
-8.16,1625449482.0,64.0
-12.38,1625449482.0,64.0
-16.61,1625449482.0,64.0
-21.09,1625449482.0,64.0
-26.01,1625449482.0,64.0
-31.51,1625449482.0,64.0
-37.57,1625449482.0,64.0
-43.97,1625449482.0,64.0
-50.18,1625449482.0,64.0
-55.35,1625449482.0,64.0
-58.52,1625449482.0,64.0
-58.81,1625449482.0,64.0
-55.78,1625449482.0,64.0
-49.48,1625449482.0,64.0
-40.46,1625449482.0,64.0
-29.52,1625449482.0,64.0
-17.46,1625449482.0,64.0
-4.94,1625449482.0,64.0
7.48,1625449482.0,64.0
19.25,1625449482.0,64.0
29.77,1625449482.0,64.0
38.44,1625449482.0,64.0
44.82,1625449482.0,64.0
48.91,1625449482.0,64.0
51.14,1625449482.0,64.0
52.23,1625449482.0,64.0
52.92,1625449482.0,64.0
53.65,1625449482.0,64.0
54.48,1625449482.0,64.0
55.09,1625449482.0,64.0
55.11,1625449482.0,64.0
54.3,1625449482.0,64.0
52.71,1625449482.0,64.0
50.52,1625449482.0,64.0
47.95,1625449482.0,64.0
45.08,1625449482.0,64.0
41.79,1625449482.0,64.0
37.9,1625449482.0,64.0
33.29,1625449482.0,64.0
28.02,1625449482.0,64.0
22.36,1625449482.0,64.0
16.68,1625449482.0,64.0
11.34,1625449482.0,64.0
6.5,1625449482.0,64.0
2.14,1625449482.0,64.0
-1.98,1625449482.0,64.0
-6.23,1625449482.0,64.0
-10.93,1625449482.0,64.0
-16.29,1625449482.0,64.0
-22.33,1625449482.0,64.0
-28.86,1625449482.0,64.0
-35.49,1625449482.0,64.0
-41.63,1625449482.0,64.0
-46.51,1625449482.0,64.0
-49.34,1625449482.0,64.0
-49.41,1625449482.0,64.0
-46.37,1625449482.0,64.0
-40.29,1625449482.0,64.0
-31.71,1625449482.0,64.0
-21.41,1625449482.0,64.0
-10.18,1625449482.0,64.0
1.32,1625449482.0,64.0
12.63,1625449482.0,64.0
23.34,1625449482.0,64.0
32.96,1625449482.0,64.0
40.88,1625449482.0,64.0
46.58,1625449482.0,64.0
49.84,1625449482.0,64.0
50.95,1625449482.0,64.0
50.61,1625449482.0,64.0
49.69,1625449482.0,64.0
48.91,1625449482.0,64.0
48.53,1625449482.0,64.0
48.35,1625449482.0,64.0
47.88,1625449482.0,64.0
46.67,1625449482.0,64.0
44.49,1625449482.0,64.0
41.46,1625449482.0,64.0
37.89,1625449482.0,64.0
34.06,1625449482.0,64.0
30.09,1625449482.0,64.0
25.88,1625449482.0,64.0
21.22,1625449482.0,64.0
15.99,1625449482.0,64.0
10.26,1625449482.0,64.0
4.27,1625449482.0,64.0
-1.64,1625449482.0,64.0
-7.21,1625449482.0,64.0
-12.37,1625449482.0,64.0
-17.2,1625449482.0,64.0
-21.94,1625449482.0,64.0
-26.82,1625449482.0,64.0
-32.05,1625449482.0,64.0
-37.77,1625449482.0,64.0
-44.01,1625449482.0,64.0
-50.62,1625449482.0,64.0
-57.18,1625449482.0,64.0
-63.0,1625449482.0,64.0
-67.26,1625449482.0,64.0
-69.17,1625449482.0,64.0
-68.23,1625449482.0,64.0
-64.32,1625449482.0,64.0
-57.7,1625449482.0,64.0
-48.85,1625449482.0,64.0
-38.31,1625449482.0,64.0
-26.55,1625449482.0,64.0
-14.0,1625449482.0,64.0
-1.16,1625449482.0,64.0
11.33,1625449482.0,64.0
22.66,1625449482.0,64.0
32.05,1625449482.0,64.0
38.95,1625449482.0,64.0
43.25,1625449482.0,64.0
45.27,1625449482.0,64.0
45.75,1625449482.0,64.0
45.52,1625449482.0,64.0
45.26,1625449482.0,64.0
45.31,1625449482.0,64.0
45.59,1625449482.0,64.0
45.73,1625449482.0,64.0
45.26,1625449482.0,64.0
43.83,1625449482.0,64.0
41.34,1625449482.0,64.0
37.98,1625449482.0,64.0
34.06,1625449482.0,64.0
29.9,1625449482.0,64.0
25.66,1625449482.0,64.0
21.32,1625449482.0,64.0
16.77,1625449482.0,64.0
11.94,1625449482.0,64.0
6.91,1625449482.0,64.0
1.9,1625449482.0,64.0
-2.89,1625449482.0,64.0
-7.35,1625449482.0,64.0
-11.58,1625449482.0,64.0
-15.8,1625449482.0,64.0
-20.27,1625449482.0,64.0
-25.11,1625449482.0,64.0
-30.29,1625449482.0,64.0
-35.72,1625449482.0,64.0
-41.38,1625449482.0,64.0
-47.25,1625449482.0,64.0
-53.31,1625449482.0,64.0
-59.29,1625449482.0,64.0
-64.55,1625449482.0,64.0
-68.15,1625449482.0,64.0
-69.1,1625449482.0,64.0
-66.68,1625449482.0,64.0
-60.78,1625449482.0,64.0
-51.87,1625449482.0,64.0
-40.8,1625449482.0,64.0
-28.52,1625449482.0,64.0
-15.74,1625449482.0,64.0
-2.96,1625449482.0,64.0
9.41,1625449482.0,64.0
20.9,1625449482.0,64.0
30.89,1625449482.0,64.0
38.79,1625449482.0,64.0
44.24,1625449482.0,64.0
47.35,1625449482.0,64.0
48.66,1625449482.0,64.0
48.98,1625449482.0,64.0
49.0,1625449482.0,64.0
49.04,1625449482.0,64.0
49.08,1625449482.0,64.0
48.82,1625449482.0,64.0
47.97,1625449482.0,64.0
46.41,1625449482.0,64.0
44.2,1625449482.0,64.0
41.5,1625449482.0,64.0
38.46,1625449482.0,64.0
35.13,1625449482.0,64.0
31.48,1625449482.0,64.0
27.49,1625449482.0,64.0
23.16,1625449482.0,64.0
18.56,1625449482.0,64.0
13.81,1625449482.0,64.0
9.08,1625449482.0,64.0
4.5,1625449482.0,64.0
0.16,1625449482.0,64.0
-3.97,1625449482.0,64.0
-7.97,1625449482.0,64.0
-12.01,1625449482.0,64.0
-16.25,1625449482.0,64.0
-20.75,1625449482.0,64.0
-25.51,1625449482.0,64.0
-30.45,1625449482.0,64.0
-35.51,1625449482.0,64.0
-40.72,1625449482.0,64.0
-46.2,1625449482.0,64.0
-52.08,1625449482.0,64.0
-58.34,1625449482.0,64.0
-64.64,1625449482.0,64.0
-70.34,1625449482.0,64.0
-74.52,1625449482.0,64.0
-76.24,1625449482.0,64.0
-74.82,1625449482.0,64.0
-70.01,1625449482.0,64.0
-62.08,1625449482.0,64.0
-51.69,1625449482.0,64.0
-39.65,1625449482.0,64.0
-26.68,1625449482.0,64.0
-13.32,1625449482.0,64.0
0.07,1625449482.0,64.0
13.07,1625449482.0,64.0
25.12,1625449482.0,64.0
35.52,1625449482.0,64.0
43.59,1625449482.0,64.0
48.97,1625449482.0,64.0
51.82,1625449482.0,64.0
52.74,1625449482.0,64.0
52.62,1625449482.0,64.0
52.26,1625449482.0,64.0
52.08,1625449482.0,64.0
52.09,1625449482.0,64.0
51.99,1625449482.0,64.0
51.41,1625449482.0,64.0
50.09,1625449482.0,64.0
48.04,1625449482.0,64.0
45.39,1625449482.0,64.0
42.32,1625449482.0,64.0
38.9,1625449482.0,64.0
35.12,1625449482.0,64.0
30.95,1625449482.0,64.0
26.43,1625449482.0,64.0
21.73,1625449482.0,64.0
17.14,1625449482.0,64.0
12.88,1625449482.0,64.0
9.03,1625449482.0,64.0
5.43,1625449482.0,64.0
1.8,1625449482.0,64.0
-2.14,1625449482.0,64.0
-6.48,1625449482.0,64.0
-11.12,1625449482.0,64.0
-15.84,1625449482.0,64.0
-20.41,1625449482.0,64.0
-24.74,1625449482.0,64.0
-28.92,1625449482.0,64.0
-33.14,1625449482.0,64.0
-37.63,1625449482.0,64.0
-42.56,1625449482.0,64.0
-48.0,1625449482.0,64.0
-53.85,1625449482.0,64.0
-59.79,1625449482.0,64.0
-65.28,1625449482.0,64.0
-69.53,1625449482.0,64.0
-71.66,1625449482.0,64.0
-70.94,1625449482.0,64.0
-66.95,1625449482.0,64.0
-59.83,1625449482.0,64.0
-50.17,1625449482.0,64.0
-38.83,1625449482.0,64.0
-26.66,1625449482.0,64.0
-14.32,1625449482.0,64.0
-2.24,1625449482.0,64.0
9.32,1625449482.0,64.0
20.0,1625449482.0,64.0
29.34,1625449482.0,64.0
36.84,1625449482.0,64.0
42.11,1625449482.0,64.0
45.17,1625449482.0,64.0
46.48,1625449482.0,64.0
46.79,1625449482.0,64.0
46.85,1625449482.0,64.0
47.14,1625449482.0,64.0
47.67,1625449482.0,64.0
48.1,1625449482.0,64.0
47.96,1625449482.0,64.0
46.91,1625449482.0,64.0
44.92,1625449482.0,64.0
42.17,1625449482.0,64.0
38.99,1625449482.0,64.0
35.63,1625449482.0,64.0
32.16,1625449482.0,64.0
28.55,1625449482.0,64.0
24.74,1625449482.0,64.0
20.72,1625449482.0,64.0
16.6,1625449482.0,64.0
12.58,1625449482.0,64.0
8.81,1625449482.0,64.0
5.33,1625449482.0,64.0
2.04,1625449482.0,64.0
-1.31,1625449482.0,64.0
-4.93,1625449482.0,64.0
-8.93,1625449482.0,64.0
-13.23,1625449482.0,64.0
-17.63,1625449482.0,64.0
-21.94,1625449482.0,64.0
-26.08,1625449482.0,64.0
-30.2,1625449482.0,64.0
-34.55,1625449482.0,64.0
-39.42,1625449482.0,64.0
-44.97,1625449482.0,64.0
-51.17,1625449482.0,64.0
-57.69,1625449482.0,64.0
-63.95,1625449482.0,64.0
-69.16,1625449482.0,64.0
-72.43,1625449482.0,64.0
-73.0,1625449482.0,64.0
-70.41,1625449482.0,64.0
-64.66,1625449482.0,64.0
-56.21,1625449482.0,64.0
-45.78,1625449482.0,64.0
-34.16,1625449482.0,64.0
-21.97,1625449482.0,64.0
-9.66,1625449482.0,64.0
2.4,1625449482.0,64.0
13.79,1625449482.0,64.0
23.94,1625449482.0,64.0
32.29,1625449482.0,64.0
38.49,1625449482.0,64.0
42.56,1625449482.0,64.0
44.92,1625449482.0,64.0
46.2,1625449482.0,64.0
46.99,1625449482.0,64.0
47.62,1625449482.0,64.0
48.11,1625449482.0,64.0
48.29,1625449482.0,64.0
48.01,1625449482.0,64.0
47.26,1625449482.0,64.0
46.15,1625449482.0,64.0
44.77,1625449482.0,64.0
43.16,1625449482.0,64.0
41.15,1625449482.0,64.0
38.56,1625449482.0,64.0
35.25,1625449482.0,64.0
31.26,1625449482.0,64.0
26.85,1625449482.0,64.0
22.34,1625449482.0,64.0
18.06,1625449482.0,64.0
14.15,1625449482.0,64.0
10.56,1625449482.0,64.0
7.08,1625449482.0,64.0
3.44,1625449482.0,64.0
-0.6,1625449482.0,64.0
-5.11,1625449482.0,64.0
-9.98,1625449482.0,64.0
-14.98,1625449482.0,64.0
-19.83,1625449482.0,64.0
-24.35,1625449482.0,64.0
-28.54,1625449482.0,64.0
-32.58,1625449482.0,64.0
-36.8,1625449482.0,64.0
-41.49,1625449482.0,64.0
-46.79,1625449482.0,64.0
-52.6,1625449482.0,64.0
-58.51,1625449482.0,64.0
-63.83,1625449482.0,64.0
-67.74,1625449482.0,64.0
-69.44,1625449482.0,64.0
-68.29,1625449482.0,64.0
-64.06,1625449482.0,64.0
-56.94,1625449482.0,64.0
-47.5,1625449482.0,64.0
-36.52,1625449482.0,64.0
-24.77,1625449482.0,64.0
-12.83,1625449482.0,64.0
-1.09,1625449482.0,64.0
10.09,1625449482.0,64.0
20.28,1625449482.0,64.0
28.95,1625449482.0,64.0
35.61,1625449482.0,64.0
40.06,1625449482.0,64.0
42.55,1625449482.0,64.0
43.75,1625449482.0,64.0
44.45,1625449482.0,64.0
45.22,1625449482.0,64.0
46.2,1625449482.0,64.0
47.06,1625449482.0,64.0
47.26,1625449482.0,64.0
46.42,1625449482.0,64.0
44.46,1625449482.0,64.0
41.66,1625449482.0,64.0
38.44,1625449482.0,64.0
35.17,1625449482.0,64.0
31.97,1625449482.0,64.0
28.8,1625449482.0,64.0
25.55,1625449482.0,64.0
22.2,1625449482.0,64.0
18.86,1625449482.0,64.0
15.68,1625449482.0,64.0
12.77,1625449482.0,64.0
10.11,1625449482.0,64.0
7.52,1625449482.0,64.0
4.79,1625449482.0,64.0
1.74,1625449482.0,64.0
-1.71,1625449482.0,64.0
-5.49,1625449482.0,64.0
-9.49,1625449482.0,64.0
-13.57,1625449482.0,64.0
-17.63,1625449482.0,64.0
-21.65,1625449482.0,64.0
-25.71,1625449482.0,64.0
-29.95,1625449482.0,64.0
-34.62,1625449482.0,64.0
-39.94,1625449482.0,64.0
-46.02,1625449482.0,64.0
-52.75,1625449482.0,64.0
-59.7,1625449482.0,64.0
-66.16,1625449482.0,64.0
-71.22,1625449482.0,64.0
-74.0,1625449482.0,64.0
-73.86,1625449482.0,64.0
-70.58,1625449482.0,64.0
-64.36,1625449482.0,64.0
-55.76,1625449482.0,64.0
-45.47,1625449482.0,64.0
-34.12,1625449482.0,64.0
-22.25,1625449482.0,64.0
-10.25,1625449482.0,64.0
1.45,1625449482.0,64.0
12.32,1625449482.0,64.0
21.75,1625449482.0,64.0
29.19,1625449482.0,64.0
34.33,1625449482.0,64.0
37.32,1625449482.0,64.0
38.72,1625449482.0,64.0
39.3,1625449482.0,64.0
39.81,1625449482.0,64.0
40.65,1625449482.0,64.0
41.84,1625449482.0,64.0
43.02,1625449482.0,64.0
43.72,1625449482.0,64.0
43.56,1625449482.0,64.0
42.39,1625449482.0,64.0
40.32,1625449482.0,64.0
37.6,1625449482.0,64.0
34.49,1625449482.0,64.0
31.13,1625449482.0,64.0
27.61,1625449482.0,64.0
24.02,1625449482.0,64.0
20.5,1625449482.0,64.0
17.24,1625449482.0,64.0
14.4,1625449482.0,64.0
11.95,1625449482.0,64.0
9.67,1625449482.0,64.0
7.23,1625449482.0,64.0
4.32,1625449482.0,64.0
0.85,1625449482.0,64.0
-3.06,1625449482.0,64.0
-7.11,1625449482.0,64.0
-11.05,1625449482.0,64.0
-14.77,1625449482.0,64.0
-18.35,1625449482.0,64.0
-22.01,1625449482.0,64.0
-25.96,1625449482.0,64.0
-30.4,1625449482.0,64.0
-35.42,1625449482.0,64.0
-41.06,1625449482.0,64.0
-47.11,1625449482.0,64.0
-53.12,1625449482.0,64.0
-58.32,1625449482.0,64.0
-61.76,1625449482.0,64.0
-62.59,1625449482.0,64.0
-60.28,1625449482.0,64.0
-54.86,1625449482.0,64.0
-46.84,1625449482.0,64.0
-37.05,1625449482.0,64.0
-26.3,1625449482.0,64.0
-15.25,1625449482.0,64.0
-4.36,1625449482.0,64.0
5.98,1625449482.0,64.0
15.35,1625449482.0,64.0
23.26,1625449482.0,64.0
29.31,1625449482.0,64.0
33.34,1625449482.0,64.0
35.59,1625449482.0,64.0
36.62,1625449482.0,64.0
37.15,1625449482.0,64.0
37.78,1625449482.0,64.0
38.76,1625449482.0,64.0
40.01,1625449482.0,64.0
41.16,1625449482.0,64.0
41.8,1625449482.0,64.0
41.6,1625449482.0,64.0
40.42,1625449482.0,64.0
38.31,1625449482.0,64.0
35.45,1625449482.0,64.0
32.08,1625449482.0,64.0
28.44,1625449482.0,64.0
24.7,1625449482.0,64.0
20.97,1625449482.0,64.0
17.27,1625449482.0,64.0
13.6,1625449482.0,64.0
9.94,1625449482.0,64.0
6.29,1625449482.0,64.0
2.63,1625449482.0,64.0
-1.12,1625449482.0,64.0
-5.02,1625449482.0,64.0
-9.13,1625449482.0,64.0
-13.45,1625449482.0,64.0
-17.91,1625449482.0,64.0
-22.4,1625449482.0,64.0
-26.88,1625449482.0,64.0
-31.4,1625449482.0,64.0
-36.14,1625449482.0,64.0
-41.24,1625449482.0,64.0
-46.72,1625449482.0,64.0
-52.3,1625449482.0,64.0
-57.34,1625449482.0,64.0
-60.96,1625449482.0,64.0
-62.26,1625449482.0,64.0
-60.56,1625449482.0,64.0
-55.64,1625449482.0,64.0
-47.84,1625449482.0,64.0
-37.95,1625449482.0,64.0
-26.91,1625449482.0,64.0
-15.55,1625449482.0,64.0
-4.47,1625449482.0,64.0
6.0,1625449482.0,64.0
15.59,1625449482.0,64.0
23.95,1625449482.0,64.0
30.68,1625449482.0,64.0
35.47,1625449482.0,64.0
38.31,1625449482.0,64.0
39.61,1625449482.0,64.0
40.09,1625449482.0,64.0
40.48,1625449482.0,64.0
41.23,1625449482.0,64.0
42.35,1625449482.0,64.0
43.46,1625449482.0,64.0
44.05,1625449482.0,64.0
43.71,1625449482.0,64.0
42.29,1625449482.0,64.0
39.9,1625449482.0,64.0
36.82,1625449482.0,64.0
33.35,1625449482.0,64.0
29.68,1625449482.0,64.0
25.91,1625449482.0,64.0
22.03,1625449482.0,64.0
18.0,1625449482.0,64.0
13.79,1625449482.0,64.0
9.42,1625449482.0,64.0
4.94,1625449482.0,64.0
0.44,1625449482.0,64.0
-4.03,1625449482.0,64.0
-8.47,1625449482.0,64.0
-12.97,1625449482.0,64.0
-17.66,1625449482.0,64.0
-22.71,1625449482.0,64.0
-28.22,1625449482.0,64.0
-34.19,1625449482.0,64.0
-40.57,1625449482.0,64.0
-47.27,1625449482.0,64.0
-54.1,1625449482.0,64.0
-60.76,1625449482.0,64.0
-66.73,1625449482.0,64.0
-71.31,1625449482.0,64.0
-73.66,1625449482.0,64.0
-73.05,1625449482.0,64.0
-69.08,1625449482.0,64.0
-61.85,1625449482.0,64.0
-51.94,1625449482.0,64.0
-40.22,1625449482.0,64.0
-27.53,1625449482.0,64.0
-14.61,1625449482.0,64.0
-1.91,1625449482.0,64.0
10.17,1625449482.0,64.0
21.26,1625449482.0,64.0
30.86,1625449482.0,64.0
38.47,1625449482.0,64.0
43.82,1625449482.0,64.0
46.96,1625449482.0,64.0
48.37,1625449482.0,64.0
48.78,1625449482.0,64.0
48.9,1625449482.0,64.0
49.16,1625449482.0,64.0
49.62,1625449482.0,64.0
49.98,1625449482.0,64.0
49.8,1625449482.0,64.0
48.77,1625449482.0,64.0
46.8,1625449482.0,64.0
44.07,1625449482.0,64.0
40.89,1625449482.0,64.0
37.53,1625449482.0,64.0
34.11,1625449482.0,64.0
30.57,1625449482.0,64.0
26.72,1625449482.0,64.0
22.44,1625449482.0,64.0
17.69,1625449482.0,64.0
12.61,1625449482.0,64.0
7.4,1625449482.0,64.0
2.28,1625449482.0,64.0
-2.58,1625449482.0,64.0
-7.18,1625449482.0,64.0
-11.59,1625449482.0,64.0
-15.98,1625449482.0,64.0
-20.51,1625449482.0,64.0
-25.32,1625449482.0,64.0
-30.52,1625449482.0,64.0
-36.15,1625449482.0,64.0
-42.26,1625449482.0,64.0
-48.82,1625449482.0,64.0
-55.66,1625449482.0,64.0
-62.34,1625449482.0,64.0
-68.13,1625449482.0,64.0
-72.06,1625449482.0,64.0
-73.16,1625449482.0,64.0
-70.82,1625449482.0,64.0
-64.94,1625449482.0,64.0
-56.06,1625449482.0,64.0
-45.12,1625449482.0,64.0
-33.09,1625449482.0,64.0
-20.75,1625449482.0,64.0
-8.51,1625449482.0,64.0
3.4,1625449482.0,64.0
14.77,1625449482.0,64.0
25.19,1625449482.0,64.0
34.11,1625449482.0,64.0
41.0,1625449482.0,64.0
45.63,1625449482.0,64.0
48.18,1625449482.0,64.0
49.17,1625449482.0,64.0
49.29,1625449482.0,64.0
49.11,1625449482.0,64.0
48.92,1625449482.0,64.0
48.68,1625449482.0,64.0
48.12,1625449482.0,64.0
46.96,1625449482.0,64.0
45.01,1625449482.0,64.0
42.24,1625449482.0,64.0
38.77,1625449482.0,64.0
34.8,1625449482.0,64.0
30.51,1625449482.0,64.0
26.03,1625449482.0,64.0
21.36,1625449482.0,64.0
16.51,1625449482.0,64.0
11.45,1625449482.0,64.0
6.25,1625449482.0,64.0
1.04,1625449482.0,64.0
-3.98,1625449482.0,64.0
-8.62,1625449482.0,64.0
-12.79,1625449482.0,64.0
-16.53,1625449482.0,64.0
-19.99,1625449482.0,64.0
-23.33,1625449482.0,64.0
-26.65,1625449482.0,64.0
-29.98,1625449482.0,64.0
-33.33,1625449482.0,64.0
-36.85,1625449482.0,64.0
-40.75,1625449482.0,64.0
-45.31,1625449482.0,64.0
-50.57,1625449482.0,64.0
-56.14,1625449482.0,64.0
-61.15,1625449482.0,64.0
-64.41,1625449482.0,64.0
-64.82,1625449482.0,64.0
-61.75,1625449482.0,64.0
-55.23,1625449482.0,64.0
-45.92,1625449482.0,64.0
-34.76,1625449482.0,64.0
-22.66,1625449482.0,64.0
-10.27,1625449482.0,64.0
2.03,1625449482.0,64.0
13.96,1625449482.0,64.0
25.12,1625449482.0,64.0
35.0,1625449482.0,64.0
42.99,1625449482.0,64.0
48.67,1625449482.0,64.0
51.98,1625449482.0,64.0
53.33,1625449482.0,64.0
53.45,1625449482.0,64.0
53.14,1625449482.0,64.0
52.96,1625449482.0,64.0
53.05,1625449482.0,64.0
53.15,1625449482.0,64.0
52.81,1625449482.0,64.0
51.64,1625449482.0,64.0
49.52,1625449482.0,64.0
46.61,1625449482.0,64.0
43.2,1625449482.0,64.0
39.53,1625449482.0,64.0
35.72,1625449482.0,64.0
31.74,1625449482.0,64.0
27.54,1625449482.0,64.0
23.17,1625449482.0,64.0
18.78,1625449482.0,64.0
14.51,1625449482.0,64.0
10.47,1625449482.0,64.0
6.63,1625449482.0,64.0
2.84,1625449482.0,64.0
-1.05,1625449482.0,64.0
-5.17,1625449482.0,64.0
-9.62,1625449482.0,64.0
-14.42,1625449482.0,64.0
-19.55,1625449482.0,64.0
-24.92,1625449482.0,64.0
-30.46,1625449482.0,64.0
-36.08,1625449482.0,64.0
-41.77,1625449482.0,64.0
-47.58,1625449482.0,64.0
-53.54,1625449482.0,64.0
-59.49,1625449482.0,64.0
-65.02,1625449482.0,64.0
-69.41,1625449482.0,64.0
-71.81,1625449482.0,64.0
-71.48,1625449482.0,64.0
-68.11,1625449482.0,64.0
-61.81,1625449482.0,64.0
-53.13,1625449482.0,64.0
-42.74,1625449482.0,64.0
-31.28,1625449482.0,64.0
-19.18,1625449482.0,64.0
-6.74,1625449482.0,64.0
5.67,1625449482.0,64.0
17.53,1625449482.0,64.0
28.13,1625449482.0,64.0
36.75,1625449482.0,64.0
42.96,1625449482.0,64.0
46.76,1625449482.0,64.0
48.6,1625449482.0,64.0
49.21,1625449482.0,64.0
49.29,1625449482.0,64.0
49.23,1625449482.0,64.0
49.06,1625449482.0,64.0
48.56,1625449482.0,64.0
47.45,1625449482.0,64.0
45.67,1625449482.0,64.0
43.35,1625449482.0,64.0
40.72,1625449482.0,64.0
37.99,1625449482.0,64.0
35.22,1625449482.0,64.0
32.33,1625449482.0,64.0
29.2,1625449482.0,64.0
25.84,1625449482.0,64.0
22.35,1625449482.0,64.0
18.94,1625449482.0,64.0
15.75,1625449482.0,64.0
12.81,1625449482.0,64.0
9.98,1625449482.0,64.0
7.04,1625449482.0,64.0
3.82,1625449482.0,64.0
0.26,1625449482.0,64.0
-3.55,1625449482.0,64.0
-7.47,1625449482.0,64.0
-11.4,1625449482.0,64.0
-15.4,1625449482.0,64.0
-19.65,1625449482.0,64.0
-24.38,1625449482.0,64.0
-29.79,1625449482.0,64.0
-35.9,1625449482.0,64.0
-42.49,1625449482.0,64.0
-49.12,1625449482.0,64.0
-55.12,1625449482.0,64.0
-59.74,1625449482.0,64.0
-62.23,1625449482.0,64.0
-61.98,1625449482.0,64.0
-58.72,1625449482.0,64.0
-52.57,1625449482.0,64.0
-44.05,1625449482.0,64.0
-33.91,1625449482.0,64.0
-22.97,1625449482.0,64.0
-11.9,1625449482.0,64.0
-1.13,1625449482.0,64.0
9.01,1625449482.0,64.0
18.21,1625449482.0,64.0
26.13,1625449482.0,64.0
32.37,1625449482.0,64.0
36.75,1625449482.0,64.0
39.37,1625449482.0,64.0
40.69,1625449482.0,64.0
41.33,1625449482.0,64.0
41.83,1625449482.0,64.0
42.45,1625449482.0,64.0
43.1,1625449482.0,64.0
43.52,1625449482.0,64.0
43.46,1625449482.0,64.0
42.84,1625449482.0,64.0
41.71,1625449482.0,64.0
40.15,1625449482.0,64.0
38.19,1625449482.0,64.0
35.74,1625449482.0,64.0
32.71,1625449482.0,64.0
29.11,1625449482.0,64.0
25.13,1625449482.0,64.0
21.07,1625449482.0,64.0
17.25,1625449482.0,64.0
13.85,1625449482.0,64.0
10.81,1625449482.0,64.0
7.95,1625449482.0,64.0
5.02,1625449482.0,64.0
1.83,1625449482.0,64.0
-1.66,1625449482.0,64.0
-5.4,1625449482.0,64.0
-9.24,1625449482.0,64.0
-13.08,1625449482.0,64.0
-16.91,1625449482.0,64.0
-20.82,1625449482.0,64.0
-24.95,1625449482.0,64.0
-29.48,1625449482.0,64.0
-34.51,1625449482.0,64.0
-40.06,1625449482.0,64.0
-45.96,1625449482.0,64.0
-51.84,1625449482.0,64.0
-57.08,1625449482.0,64.0
-60.89,1625449482.0,64.0
-62.45,1625449482.0,64.0
-61.11,1625449482.0,64.0
-56.6,1625449482.0,64.0
-49.17,1625449482.0,64.0
-39.47,1625449482.0,64.0
-28.4,1625449482.0,64.0
-16.86,1625449482.0,64.0
-5.61,1625449482.0,64.0
4.81,1625449482.0,64.0
13.99,1625449482.0,64.0
21.62,1625449482.0,64.0
27.5,1625449482.0,64.0
31.56,1625449482.0,64.0
33.98,1625449482.0,64.0
35.16,1625449482.0,64.0
35.67,1625449482.0,64.0
36.02,1625449482.0,64.0
36.5,1625449482.0,64.0
37.12,1625449482.0,64.0
37.64,1625449482.0,64.0
37.74,1625449482.0,64.0
37.15,1625449482.0,64.0
35.75,1625449482.0,64.0
33.57,1625449482.0,64.0
30.76,1625449482.0,64.0
27.49,1625449482.0,64.0
23.92,1625449482.0,64.0
20.17,1625449482.0,64.0
16.33,1625449482.0,64.0
12.48,1625449482.0,64.0
8.71,1625449482.0,64.0
5.07,1625449482.0,64.0
1.55,1625449482.0,64.0
-1.88,1625449482.0,64.0
-5.28,1625449482.0,64.0
-8.68,1625449482.0,64.0
-12.08,1625449482.0,64.0
-15.49,1625449482.0,64.0
-18.91,1625449482.0,64.0
-22.35,1625449482.0,64.0
-25.86,1625449482.0,64.0
-29.48,1625449482.0,64.0
-33.24,1625449482.0,64.0
-37.19,1625449482.0,64.0
-41.39,1625449482.0,64.0
-45.86,1625449482.0,64.0
-50.4,1625449482.0,64.0
-54.56,1625449482.0,64.0
-57.6,1625449482.0,64.0
-58.63,1625449482.0,64.0
-56.99,1625449482.0,64.0
-52.42,1625449482.0,64.0
-45.22,1625449482.0,64.0
-36.08,1625449482.0,64.0
-25.87,1625449482.0,64.0
-15.29,1625449482.0,64.0
-4.83,1625449482.0,64.0
5.17,1625449482.0,64.0
14.36,1625449482.0,64.0
22.28,1625449482.0,64.0
28.44,1625449482.0,64.0
32.51,1625449482.0,64.0
34.54,1625449482.0,64.0
35.03,1625449482.0,64.0
34.75,1625449482.0,64.0
34.44,1625449482.0,64.0
34.56,1625449482.0,64.0
35.12,1625449482.0,64.0
35.8,1625449482.0,64.0
36.12,1625449482.0,64.0
35.69,1625449482.0,64.0
34.36,1625449482.0,64.0
32.22,1625449482.0,64.0
29.51,1625449482.0,64.0
26.46,1625449482.0,64.0
23.24,1625449482.0,64.0
19.93,1625449482.0,64.0
16.54,1625449482.0,64.0
13.06,1625449482.0,64.0
9.5,1625449482.0,64.0
5.85,1625449482.0,64.0
2.1,1625449482.0,64.0
-1.75,1625449482.0,64.0
-5.72,1625449482.0,64.0
-9.84,1625449482.0,64.0
-14.1,1625449482.0,64.0
-18.51,1625449482.0,64.0
-23.06,1625449482.0,64.0
-27.73,1625449482.0,64.0
-32.52,1625449482.0,64.0
-37.46,1625449482.0,64.0
-42.59,1625449482.0,64.0
-47.88,1625449482.0,64.0
-53.16,1625449482.0,64.0
-57.99,1625449482.0,64.0
-61.68,1625449482.0,64.0
-63.39,1625449482.0,64.0
-62.42,1625449482.0,64.0
-58.43,1625449482.0,64.0
-51.61,1625449482.0,64.0
-42.56,1625449482.0,64.0
-32.07,1625449482.0,64.0
-20.87,1625449482.0,64.0
-9.44,1625449482.0,64.0
1.86,1625449482.0,64.0
12.73,1625449482.0,64.0
22.66,1625449482.0,64.0
31.06,1625449482.0,64.0
37.4,1625449482.0,64.0
41.44,1625449482.0,64.0
43.42,1625449482.0,64.0
43.99,1625449482.0,64.0
43.94,1625449482.0,64.0
43.89,1625449482.0,64.0
44.12,1625449482.0,64.0
44.48,1625449482.0,64.0
44.59,1625449482.0,64.0
44.09,1625449482.0,64.0
42.76,1625449482.0,64.0
40.62,1625449482.0,64.0
37.84,1625449482.0,64.0
34.66,1625449482.0,64.0
31.23,1625449482.0,64.0
27.61,1625449482.0,64.0
23.74,1625449482.0,64.0
19.57,1625449482.0,64.0
15.12,1625449482.0,64.0
10.44,1625449482.0,64.0
5.66,1625449482.0,64.0
0.9,1625449482.0,64.0
-3.78,1625449482.0,64.0
-8.37,1625449482.0,64.0
-12.88,1625449482.0,64.0
-17.35,1625449482.0,64.0
-21.8,1625449482.0,64.0
-26.31,1625449482.0,64.0
-30.96,1625449482.0,64.0
-35.9,1625449482.0,64.0
-41.25,1625449482.0,64.0
-47.05,1625449482.0,64.0
-53.22,1625449482.0,64.0
-59.43,1625449482.0,64.0
-65.15,1625449482.0,64.0
-69.68,1625449482.0,64.0
-72.24,1625449482.0,64.0
-72.18,1625449482.0,64.0
-69.15,1625449482.0,64.0
-63.2,1625449482.0,64.0
-54.74,1625449482.0,64.0
-44.39,1625449482.0,64.0
-32.84,1625449482.0,64.0
-20.65,1625449482.0,64.0
-8.26,1625449482.0,64.0
3.92,1625449482.0,64.0
15.41,1625449482.0,64.0
25.63,1625449482.0,64.0
34.0,1625449482.0,64.0
40.13,1625449482.0,64.0
43.97,1625449482.0,64.0
45.91,1625449482.0,64.0
46.56,1625449482.0,64.0
46.66,1625449482.0,64.0
46.76,1625449482.0,64.0
47.1,1625449482.0,64.0
47.61,1625449482.0,64.0
47.96,1625449482.0,64.0
47.75,1625449482.0,64.0
46.63,1625449482.0,64.0
44.47,1625449482.0,64.0
41.37,1625449482.0,64.0
37.6,1625449482.0,64.0
33.47,1625449482.0,64.0
29.24,1625449482.0,64.0
25.05,1625449482.0,64.0
20.92,1625449482.0,64.0
16.81,1625449482.0,64.0
12.69,1625449482.0,64.0
8.57,1625449482.0,64.0
4.5,1625449482.0,64.0
0.48,1625449482.0,64.0
-3.54,1625449482.0,64.0
-7.63,1625449482.0,64.0
-11.92,1625449482.0,64.0
-16.45,1625449482.0,64.0
-21.23,1625449482.0,64.0
-26.21,1625449482.0,64.0
-31.37,1625449482.0,64.0
-36.7,1625449482.0,64.0
-42.24,1625449482.0,64.0
-48.03,1625449482.0,64.0
-53.95,1625449482.0,64.0
-59.64,1625449482.0,64.0
-64.47,1625449482.0,64.0
-67.59,1625449482.0,64.0
-68.18,1625449482.0,64.0
-65.64,1625449482.0,64.0
-59.85,1625449482.0,64.0
-51.19,1625449482.0,64.0
-40.39,1625449482.0,64.0
-28.32,1625449482.0,64.0
-15.71,1625449482.0,64.0
-3.14,1625449482.0,64.0
8.96,1625449482.0,64.0
20.15,1625449482.0,64.0
29.96,1625449482.0,64.0
37.88,1625449482.0,64.0
43.59,1625449482.0,64.0
47.11,1625449482.0,64.0
48.86,1625449482.0,64.0
49.51,1625449482.0,64.0
49.74,1625449482.0,64.0
49.99,1625449482.0,64.0
50.36,1625449482.0,64.0
50.65,1625449482.0,64.0
50.55,1625449482.0,64.0
49.78,1625449482.0,64.0
48.27,1625449482.0,64.0
46.04,1625449482.0,64.0
43.19,1625449482.0,64.0
39.84,1625449482.0,64.0
36.04,1625449482.0,64.0
31.89,1625449482.0,64.0
27.49,1625449482.0,64.0
22.98,1625449482.0,64.0
18.49,1625449482.0,64.0
14.14,1625449482.0,64.0
9.95,1625449482.0,64.0
5.89,1625449482.0,64.0
1.89,1625449482.0,64.0
-2.13,1625449482.0,64.0
-6.23,1625449482.0,64.0
-10.44,1625449482.0,64.0
-14.73,1625449482.0,64.0
-19.06,1625449482.0,64.0
-23.4,1625449482.0,64.0
-27.74,1625449482.0,64.0
-32.14,1625449482.0,64.0
-36.75,1625449482.0,64.0
-41.74,1625449482.0,64.0
-47.26,1625449482.0,64.0
-53.25,1625449482.0,64.0
-59.34,1625449482.0,64.0
-64.82,1625449482.0,64.0
-68.68,1625449482.0,64.0
-69.95,1625449482.0,64.0
-67.93,1625449482.0,64.0
-62.48,1625449482.0,64.0
-54.04,1625449482.0,64.0
-43.42,1625449482.0,64.0
-31.57,1625449482.0,64.0
-19.26,1625449482.0,64.0
-7.03,1625449482.0,64.0
4.75,1625449482.0,64.0
15.75,1625449482.0,64.0
25.53,1625449482.0,64.0
33.65,1625449482.0,64.0
39.72,1625449482.0,64.0
43.68,1625449482.0,64.0
45.8,1625449482.0,64.0
46.64,1625449482.0,64.0
46.83,1625449482.0,64.0
46.91,1625449482.0,64.0
47.12,1625449482.0,64.0
47.41,1625449482.0,64.0
47.57,1625449482.0,64.0
47.32,1625449482.0,64.0
46.47,1625449482.0,64.0
44.91,1625449482.0,64.0
42.62,1625449482.0,64.0
39.66,1625449482.0,64.0
36.09,1625449482.0,64.0
32.05,1625449482.0,64.0
27.74,1625449482.0,64.0
23.41,1625449482.0,64.0
19.27,1625449482.0,64.0
15.43,1625449482.0,64.0
11.84,1625449482.0,64.0
8.3,1625449482.0,64.0
4.63,1625449482.0,64.0
0.69,1625449482.0,64.0
-3.47,1625449482.0,64.0
-7.73,1625449482.0,64.0
-11.93,1625449482.0,64.0
-15.98,1625449482.0,64.0
-19.88,1625449482.0,64.0
-23.73,1625449482.0,64.0
-27.66,1625449482.0,64.0
-31.79,1625449482.0,64.0
-36.23,1625449482.0,64.0
-41.03,1625449482.0,64.0
-46.21,1625449482.0,64.0
-51.63,1625449482.0,64.0
-56.9,1625449482.0,64.0
-61.34,1625449482.0,64.0
-64.07,1625449482.0,64.0
-64.24,1625449482.0,64.0
-61.26,1625449482.0,64.0
-55.09,1625449482.0,64.0
-46.22,1625449482.0,64.0
-35.53,1625449482.0,64.0
-24.01,1625449482.0,64.0
-12.41,1625449482.0,64.0
-1.22,1625449482.0,64.0
9.28,1625449482.0,64.0
18.78,1625449482.0,64.0
26.9,1625449482.0,64.0
33.17,1625449482.0,64.0
37.35,1625449482.0,64.0
39.6,1625449482.0,64.0
40.51,1625449482.0,64.0
40.93,1625449482.0,64.0
41.51,1625449482.0,64.0
42.49,1625449482.0,64.0
43.59,1625449482.0,64.0
44.26,1625449482.0,64.0
43.98,1625449482.0,64.0
42.57,1625449482.0,64.0
40.21,1625449482.0,64.0
37.3,1625449482.0,64.0
34.26,1625449482.0,64.0
31.24,1625449482.0,64.0
28.25,1625449482.0,64.0
25.14,1625449482.0,64.0
21.79,1625449482.0,64.0
18.18,1625449482.0,64.0
14.39,1625449482.0,64.0
10.53,1625449482.0,64.0
6.69,1625449482.0,64.0
2.94,1625449482.0,64.0
-0.73,1625449482.0,64.0
-4.36,1625449482.0,64.0
-7.98,1625449482.0,64.0
-11.7,1625449482.0,64.0
-15.61,1625449482.0,64.0
-19.83,1625449482.0,64.0
-24.41,1625449482.0,64.0
-29.35,1625449482.0,64.0
-34.56,1625449482.0,64.0
-39.9,1625449482.0,64.0
-45.11,1625449482.0,64.0
-49.86,1625449482.0,64.0
-53.61,1625449482.0,64.0
-55.74,1625449482.0,64.0
-55.58,1625449482.0,64.0
-52.67,1625449482.0,64.0
-46.96,1625449482.0,64.0
-38.82,1625449482.0,64.0
-28.97,1625449482.0,64.0
-18.21,1625449482.0,64.0
-7.25,1625449482.0,64.0
3.44,1625449482.0,64.0
13.54,1625449482.0,64.0
22.72,1625449482.0,64.0
30.57,1625449482.0,64.0
36.66,1625449482.0,64.0
40.66,1625449482.0,64.0
42.61,1625449482.0,64.0
42.97,1625449482.0,64.0
42.48,1625449482.0,64.0
41.89,1625449482.0,64.0
41.69,1625449482.0,64.0
41.95,1625449482.0,64.0
42.34,1625449482.0,64.0
42.37,1625449482.0,64.0
41.59,1625449482.0,64.0
39.79,1625449482.0,64.0
37.01,1625449482.0,64.0
33.53,1625449482.0,64.0
29.63,1625449482.0,64.0
25.6,1625449482.0,64.0
21.59,1625449482.0,64.0
17.62,1625449482.0,64.0
13.63,1625449482.0,64.0
9.56,1625449482.0,64.0
5.39,1625449482.0,64.0
1.15,1625449482.0,64.0
-3.06,1625449482.0,64.0
-7.16,1625449482.0,64.0
-11.12,1625449482.0,64.0
-14.99,1625449482.0,64.0
-18.94,1625449482.0,64.0
-23.12,1625449482.0,64.0
-27.68,1625449482.0,64.0
-32.67,1625449482.0,64.0
-38.08,1625449482.0,64.0
-43.85,1625449482.0,64.0
-49.85,1625449482.0,64.0
-55.83,1625449482.0,64.0
-61.34,1625449482.0,64.0
-65.73,1625449482.0,64.0
-68.16,1625449482.0,64.0
-67.88,1625449482.0,64.0
-64.46,1625449482.0,64.0
-57.96,1625449482.0,64.0
-48.92,1625449482.0,64.0
-38.22,1625449482.0,64.0
-26.68,1625449482.0,64.0
-14.93,1625449482.0,64.0
-3.28,1625449482.0,64.0
8.08,1625449482.0,64.0
18.83,1625449482.0,64.0
28.48,1625449482.0,64.0
36.4,1625449482.0,64.0
42.09,1625449482.0,64.0
45.46,1625449482.0,64.0
46.88,1625449482.0,64.0
47.07,1625449482.0,64.0
46.77,1625449482.0,64.0
46.5,1625449482.0,64.0
46.4,1625449482.0,64.0
46.26,1625449482.0,64.0
45.76,1625449482.0,64.0
44.64,1625449482.0,64.0
42.82,1625449482.0,64.0
40.35,1625449482.0,64.0
37.39,1625449482.0,64.0
34.09,1625449482.0,64.0
30.52,1625449482.0,64.0
26.74,1625449482.0,64.0
22.78,1625449482.0,64.0
18.7,1625449482.0,64.0
14.59,1625449482.0,64.0
10.54,1625449482.0,64.0
6.6,1625449482.0,64.0
2.76,1625449482.0,64.0
-1.05,1625449482.0,64.0
-4.94,1625449482.0,64.0
-8.96,1625449482.0,64.0
-13.12,1625449482.0,64.0
-17.42,1625449482.0,64.0
-21.83,1625449482.0,64.0
-26.34,1625449482.0,64.0
-30.99,1625449482.0,64.0
-35.85,1625449482.0,64.0
-41.04,1625449482.0,64.0
-46.61,1625449482.0,64.0
-52.48,1625449482.0,64.0
-58.31,1625449482.0,64.0
-63.46,1625449482.0,64.0
-67.1,1625449482.0,64.0
-68.37,1625449482.0,64.0
-66.71,1625449482.0,64.0
-61.99,1625449482.0,64.0
-54.6,1625449482.0,64.0
-45.23,1625449482.0,64.0
-34.63,1625449482.0,64.0
-23.32,1625449482.0,64.0
-11.64,1625449482.0,64.0
0.2,1625449482.0,64.0
11.86,1625449482.0,64.0
22.81,1625449482.0,64.0
32.32,1625449482.0,64.0
39.73,1625449482.0,64.0
44.74,1625449482.0,64.0
47.46,1625449482.0,64.0
48.48,1625449482.0,64.0
48.53,1625449482.0,64.0
48.3,1625449482.0,64.0
48.12,1625449482.0,64.0
48.0,1625449482.0,64.0
47.7,1625449482.0,64.0
46.92,1625449482.0,64.0
45.47,1625449482.0,64.0
43.32,1625449482.0,64.0
40.6,1625449482.0,64.0
37.47,1625449482.0,64.0
34.05,1625449482.0,64.0
30.4,1625449482.0,64.0
26.53,1625449482.0,64.0
22.46,1625449482.0,64.0
18.3,1625449482.0,64.0
14.16,1625449482.0,64.0
10.15,1625449482.0,64.0
6.3,1625449482.0,64.0
2.51,1625449482.0,64.0
-1.33,1625449482.0,64.0
-5.36,1625449482.0,64.0
-9.62,1625449482.0,64.0
-14.07,1625449482.0,64.0
-18.64,1625449482.0,64.0
-23.29,1625449482.0,64.0
-28.04,1625449482.0,64.0
-33.0,1625449482.0,64.0
-38.29,1625449482.0,64.0
-43.94,1625449482.0,64.0
-49.86,1625449482.0,64.0
-55.73,1625449482.0,64.0
-61.03,1625449482.0,64.0
-65.07,1625449482.0,64.0
-67.13,1625449482.0,64.0
-66.65,1625449482.0,64.0
-63.31,1625449482.0,64.0
-57.22,1625449482.0,64.0
-48.8,1625449482.0,64.0
-38.69,1625449482.0,64.0
-27.49,1625449482.0,64.0
-15.73,1625449482.0,64.0
-3.8,1625449482.0,64.0
7.87,1625449482.0,64.0
18.77,1625449482.0,64.0
28.26,1625449482.0,64.0
35.73,1625449482.0,64.0
40.83,1625449482.0,64.0
43.63,1625449482.0,64.0
44.65,1625449482.0,64.0
44.65,1625449482.0,64.0
44.36,1625449482.0,64.0
44.22,1625449482.0,64.0
44.29,1625449482.0,64.0
44.36,1625449482.0,64.0
44.11,1625449482.0,64.0
43.28,1625449482.0,64.0
41.81,1625449482.0,64.0
39.76,1625449482.0,64.0
37.25,1625449482.0,64.0
34.36,1625449482.0,64.0
31.15,1625449482.0,64.0
27.66,1625449482.0,64.0
23.97,1625449482.0,64.0
20.21,1625449482.0,64.0
16.49,1625449482.0,64.0
12.88,1625449482.0,64.0
9.35,1625449482.0,64.0
5.76,1625449482.0,64.0
1.96,1625449482.0,64.0
-2.14,1625449482.0,64.0
-6.48,1625449482.0,64.0
-10.91,1625449482.0,64.0
-15.21,1625449482.0,64.0
-19.28,1625449482.0,64.0
-23.14,1625449482.0,64.0
-26.97,1625449482.0,64.0
-31.03,1625449482.0,64.0
-35.53,1625449482.0,64.0
-40.58,1625449482.0,64.0
-46.21,1625449482.0,64.0
-52.29,1625449482.0,64.0
-58.53,1625449482.0,64.0
-64.42,1625449482.0,64.0
-69.19,1625449482.0,64.0
-71.97,1625449482.0,64.0
-71.97,1625449482.0,64.0
-68.77,1625449482.0,64.0
-62.46,1625449482.0,64.0
-53.63,1625449482.0,64.0
-43.11,1625449482.0,64.0
-31.7,1625449482.0,64.0
-19.98,1625449482.0,64.0
-8.26,1625449482.0,64.0
3.2,1625449482.0,64.0
14.06,1625449482.0,64.0
23.76,1625449482.0,64.0
31.7,1625449482.0,64.0
37.47,1625449482.0,64.0
41.0,1625449482.0,64.0
42.68,1625449482.0,64.0
43.21,1625449482.0,64.0
43.31,1625449482.0,64.0
43.5,1625449482.0,64.0
43.99,1625449482.0,64.0
44.61,1625449482.0,64.0
45.05,1625449482.0,64.0
44.95,1625449482.0,64.0
44.08,1625449482.0,64.0
42.4,1625449482.0,64.0
40.0,1625449482.0,64.0
37.06,1625449482.0,64.0
33.76,1625449482.0,64.0
30.22,1625449482.0,64.0
26.55,1625449482.0,64.0
22.78,1625449482.0,64.0
18.97,1625449482.0,64.0
15.19,1625449482.0,64.0
11.53,1625449482.0,64.0
8.03,1625449482.0,64.0
4.7,1625449482.0,64.0
1.4,1625449482.0,64.0
-2.05,1625449482.0,64.0
-5.8,1625449482.0,64.0
-9.89,1625449482.0,64.0
-14.24,1625449482.0,64.0
-18.62,1625449482.0,64.0
-22.84,1625449482.0,64.0
-26.84,1625449482.0,64.0
-30.79,1625449482.0,64.0
-35.01,1625449482.0,64.0
-39.84,1625449482.0,64.0
-45.34,1625449482.0,64.0
-51.17,1625449482.0,64.0
-56.55,1625449482.0,64.0
-60.46,1625449482.0,64.0
-61.96,1625449482.0,64.0
-60.49,1625449482.0,64.0
-55.97,1625449482.0,64.0
-48.8,1625449482.0,64.0
-39.66,1625449482.0,64.0
-29.25,1625449482.0,64.0
-18.22,1625449482.0,64.0
-7.11,1625449482.0,64.0
3.59,1625449482.0,64.0
13.34,1625449482.0,64.0
21.63,1625449482.0,64.0
28.06,1625449482.0,64.0
32.46,1625449482.0,64.0
35.0,1625449482.0,64.0
36.13,1625449482.0,64.0
36.44,1625449482.0,64.0
36.52,1625449482.0,64.0
36.73,1625449482.0,64.0
37.19,1625449482.0,64.0
37.72,1625449482.0,64.0
37.98,1625449482.0,64.0
37.63,1625449482.0,64.0
36.45,1625449482.0,64.0
34.44,1625449482.0,64.0
31.77,1625449482.0,64.0
28.75,1625449482.0,64.0
25.58,1625449482.0,64.0
22.36,1625449482.0,64.0
19.04,1625449482.0,64.0
15.53,1625449482.0,64.0
11.77,1625449482.0,64.0
7.84,1625449482.0,64.0
3.84,1625449482.0,64.0
-0.07,1625449482.0,64.0
-3.82,1625449482.0,64.0
-7.4,1625449482.0,64.0
-10.87,1625449482.0,64.0
-14.33,1625449482.0,64.0
-17.85,1625449482.0,64.0
-21.51,1625449482.0,64.0
-25.36,1625449482.0,64.0
-29.47,1625449482.0,64.0
-33.95,1625449482.0,64.0
-38.85,1625449482.0,64.0
-44.16,1625449482.0,64.0
-49.65,1625449482.0,64.0
-54.81,1625449482.0,64.0
-58.84,1625449482.0,64.0
-60.86,1625449482.0,64.0
-60.1,1625449482.0,64.0
-56.21,1625449482.0,64.0
-49.39,1625449482.0,64.0
-40.28,1625449482.0,64.0
-29.82,1625449482.0,64.0
-18.85,1625449482.0,64.0
-8.02,1625449482.0,64.0
2.28,1625449482.0,64.0
11.72,1625449482.0,64.0
19.96,1625449482.0,64.0
26.56,1625449482.0,64.0
31.2,1625449482.0,64.0
33.86,1625449482.0,64.0
34.95,1625449482.0,64.0
35.2,1625449482.0,64.0
35.47,1625449482.0,64.0
36.33,1625449482.0,64.0
37.87,1625449482.0,64.0
39.67,1625449482.0,64.0
41.06,1625449482.0,64.0
41.39,1625449482.0,64.0
40.35,1625449482.0,64.0
38.0,1625449482.0,64.0
34.7,1625449482.0,64.0
30.91,1625449482.0,64.0
26.98,1625449482.0,64.0
23.11,1625449482.0,64.0
19.33,1625449482.0,64.0
15.61,1625449482.0,64.0
11.89,1625449482.0,64.0
8.1,1625449482.0,64.0
4.17,1625449482.0,64.0
0.05,1625449482.0,64.0
-4.3,1625449482.0,64.0
-8.84,1625449482.0,64.0
-13.48,1625449482.0,64.0
-18.1,1625449482.0,64.0
-22.61,1625449482.0,64.0
-27.0,1625449482.0,64.0
-31.39,1625449482.0,64.0
-35.95,1625449482.0,64.0
-40.87,1625449482.0,64.0
-46.28,1625449482.0,64.0
-52.15,1625449482.0,64.0
-58.22,1625449482.0,64.0
-63.95,1625449482.0,64.0
-68.59,1625449482.0,64.0
-71.25,1625449482.0,64.0
-71.18,1625449482.0,64.0
-67.95,1625449482.0,64.0
-61.61,1625449482.0,64.0
-52.65,1625449482.0,64.0
-41.86,1625449482.0,64.0
-30.02,1625449482.0,64.0
-17.76,1625449482.0,64.0
-5.46,1625449482.0,64.0
6.62,1625449482.0,64.0
18.11,1625449482.0,64.0
28.51,1625449482.0,64.0
37.19,1625449482.0,64.0
43.67,1625449482.0,64.0
47.8,1625449482.0,64.0
49.91,1625449482.0,64.0
50.67,1625449482.0,64.0
50.85,1625449482.0,64.0
51.01,1625449482.0,64.0
51.36,1625449482.0,64.0
51.7,1625449482.0,64.0
51.65,1625449482.0,64.0
50.81,1625449482.0,64.0
49.01,1625449482.0,64.0
46.34,1625449482.0,64.0
43.05,1625449482.0,64.0
39.43,1625449482.0,64.0
35.68,1625449482.0,64.0
31.85,1625449482.0,64.0
27.87,1625449482.0,64.0
23.66,1625449482.0,64.0
19.19,1625449482.0,64.0
14.51,1625449482.0,64.0
9.72,1625449482.0,64.0
4.94,1625449482.0,64.0
0.28,1625449482.0,64.0
-4.23,1625449482.0,64.0
-8.64,1625449482.0,64.0
-13.03,1625449482.0,64.0
-17.54,1625449482.0,64.0
-22.27,1625449482.0,64.0
-27.3,1625449482.0,64.0
-32.61,1625449482.0,64.0
-38.15,1625449482.0,64.0
-43.86,1625449482.0,64.0
-49.66,1625449482.0,64.0
-55.39,1625449482.0,64.0
-60.67,1625449482.0,64.0
-64.9,1625449482.0,64.0
-67.28,1625449482.0,64.0
-66.99,1625449482.0,64.0
-63.52,1625449482.0,64.0
-56.88,1625449482.0,64.0
-47.6,1625449482.0,64.0
-36.53,1625449482.0,64.0
-24.6,1625449482.0,64.0
-12.48,1625449482.0,64.0
-0.57,1625449482.0,64.0
10.86,1625449482.0,64.0
21.51,1625449482.0,64.0
30.89,1625449482.0,64.0
38.45,1625449482.0,64.0
43.8,1625449482.0,64.0
46.9,1625449482.0,64.0
48.15,1625449482.0,64.0
48.26,1625449482.0,64.0
47.96,1625449482.0,64.0
47.72,1625449482.0,64.0
47.66,1625449482.0,64.0
47.6,1625449482.0,64.0
47.23,1625449482.0,64.0
46.32,1625449482.0,64.0
44.76,1625449482.0,64.0
42.55,1625449482.0,64.0
39.72,1625449482.0,64.0
36.35,1625449482.0,64.0
32.53,1625449482.0,64.0
28.43,1625449482.0,64.0
24.21,1625449482.0,64.0
20.0,1625449482.0,64.0
15.86,1625449482.0,64.0
11.75,1625449482.0,64.0
7.58,1625449482.0,64.0
3.3,1625449482.0,64.0
-1.09,1625449482.0,64.0
-5.52,1625449482.0,64.0
-9.88,1625449482.0,64.0
-14.12,1625449482.0,64.0
-18.22,1625449482.0,64.0
-22.27,1625449482.0,64.0
-26.38,1625449482.0,64.0
-30.68,1625449482.0,64.0
-35.33,1625449482.0,64.0
-40.41,1625449482.0,64.0
-45.97,1625449482.0,64.0
-51.84,1625449482.0,64.0
-57.64,1625449482.0,64.0
-62.67,1625449482.0,64.0
-66.08,1625449482.0,64.0
-67.03,1625449482.0,64.0
-64.96,1625449482.0,64.0
-59.75,1625449482.0,64.0
-51.78,1625449482.0,64.0
-41.76,1625449482.0,64.0
-30.49,1625449482.0,64.0
-18.67,1625449482.0,64.0
-6.8,1625449482.0,64.0
4.75,1625449482.0,64.0
15.64,1625449482.0,64.0
25.42,1625449482.0,64.0
33.59,1625449482.0,64.0
39.74,1625449482.0,64.0
43.77,1625449482.0,64.0
45.9,1625449482.0,64.0
46.66,1625449482.0,64.0
46.69,1625449482.0,64.0
46.51,1625449482.0,64.0
46.41,1625449482.0,64.0
46.39,1625449482.0,64.0
46.26,1625449482.0,64.0
45.76,1625449482.0,64.0
44.7,1625449482.0,64.0
43.0,1625449482.0,64.0
40.66,1625449482.0,64.0
37.75,1625449482.0,64.0
34.35,1625449482.0,64.0
30.52,1625449482.0,64.0
26.39,1625449482.0,64.0
22.07,1625449482.0,64.0
17.76,1625449482.0,64.0
13.63,1625449482.0,64.0
9.81,1625449482.0,64.0
6.31,1625449482.0,64.0
3.04,1625449482.0,64.0
-0.2,1625449482.0,64.0
-3.64,1625449482.0,64.0
-7.42,1625449482.0,64.0
-11.59,1625449482.0,64.0
-16.03,1625449482.0,64.0
-20.61,1625449482.0,64.0
-25.18,1625449482.0,64.0
-29.71,1625449482.0,64.0
-34.33,1625449482.0,64.0
-39.21,1625449482.0,64.0
-44.55,1625449482.0,64.0
-50.35,1625449482.0,64.0
-56.35,1625449482.0,64.0
-61.94,1625449482.0,64.0
-66.28,1625449482.0,64.0
-68.42,1625449482.0,64.0
-67.62,1625449482.0,64.0
-63.57,1625449482.0,64.0
-56.44,1625449482.0,64.0
-46.91,1625449482.0,64.0
-35.84,1625449482.0,64.0
-24.09,1625449482.0,64.0
-12.28,1625449482.0,64.0
-0.81,1625449482.0,64.0
9.99,1625449482.0,64.0
19.72,1625449482.0,64.0
27.89,1625449482.0,64.0
34.01,1625449482.0,64.0
37.88,1625449482.0,64.0
39.77,1625449482.0,64.0
40.38,1625449482.0,64.0
40.57,1625449482.0,64.0
40.97,1625449482.0,64.0
41.8,1625449482.0,64.0
42.77,1625449482.0,64.0
43.38,1625449482.0,64.0
43.16,1625449482.0,64.0
41.93,1625449482.0,64.0
39.78,1625449482.0,64.0
36.97,1625449482.0,64.0
33.76,1625449482.0,64.0
30.29,1625449482.0,64.0
26.63,1625449482.0,64.0
22.84,1625449482.0,64.0
18.98,1625449482.0,64.0
15.19,1625449482.0,64.0
11.58,1625449482.0,64.0
8.18,1625449482.0,64.0
4.97,1625449482.0,64.0
1.82,1625449482.0,64.0
-1.4,1625449482.0,64.0
-4.83,1625449482.0,64.0
-8.54,1625449482.0,64.0
-12.54,1625449482.0,64.0
-16.77,1625449482.0,64.0
-21.13,1625449482.0,64.0
-25.5,1625449482.0,64.0
-29.88,1625449482.0,64.0
-34.31,1625449482.0,64.0
-38.9,1625449482.0,64.0
-43.7,1625449482.0,64.0
-48.49,1625449482.0,64.0
-52.77,1625449482.0,64.0
-55.73,1625449482.0,64.0
-56.48,1625449482.0,64.0
-54.35,1625449482.0,64.0
-49.12,1625449482.0,64.0
-41.16,1625449482.0,64.0
-31.22,1625449482.0,64.0
-20.22,1625449482.0,64.0
-8.99,1625449482.0,64.0
1.88,1625449482.0,64.0
11.95,1625449482.0,64.0
20.84,1625449482.0,64.0
28.16,1625449482.0,64.0
33.56,1625449482.0,64.0
36.9,1625449482.0,64.0
38.4,1625449482.0,64.0
38.65,1625449482.0,64.0
38.4,1625449482.0,64.0
38.3,1625449482.0,64.0
38.65,1625449482.0,64.0
39.35,1625449482.0,64.0
39.97,1625449482.0,64.0
40.03,1625449482.0,64.0
39.19,1625449482.0,64.0
37.34,1625449482.0,64.0
34.62,1625449482.0,64.0
31.27,1625449482.0,64.0
27.53,1625449482.0,64.0
23.59,1625449482.0,64.0
19.58,1625449482.0,64.0
15.56,1625449482.0,64.0
11.6,1625449482.0,64.0
7.73,1625449482.0,64.0
3.96,1625449482.0,64.0
0.29,1625449482.0,64.0
-3.31,1625449482.0,64.0
-6.9,1625449482.0,64.0
-10.51,1625449482.0,64.0
-14.19,1625449482.0,64.0
-18.0,1625449482.0,64.0
-22.0,1625449482.0,64.0
-26.25,1625449482.0,64.0
-30.79,1625449482.0,64.0
-35.64,1625449482.0,64.0
-40.81,1625449482.0,64.0
-46.29,1625449482.0,64.0
-51.98,1625449482.0,64.0
-57.58,1625449482.0,64.0
-62.53,1625449482.0,64.0
-66.06,1625449482.0,64.0
-67.31,1625449482.0,64.0
-65.58,1625449482.0,64.0
-60.65,1625449482.0,64.0
-52.82,1625449482.0,64.0
-42.81,1625449482.0,64.0
-31.48,1625449482.0,64.0
-19.6,1625449482.0,64.0
-7.64,1625449482.0,64.0
4.13,1625449482.0,64.0
15.43,1625449482.0,64.0
25.78,1625449482.0,64.0
34.58,1625449482.0,64.0
41.27,1625449482.0,64.0
45.58,1625449482.0,64.0
47.75,1625449482.0,64.0
48.43,1625449482.0,64.0
48.4,1625449482.0,64.0
48.3,1625449482.0,64.0
48.39,1625449482.0,64.0
48.55,1625449482.0,64.0
48.47,1625449482.0,64.0
47.84,1625449482.0,64.0
46.44,1625449482.0,64.0
44.27,1625449482.0,64.0
41.42,1625449482.0,64.0
38.07,1625449482.0,64.0
34.39,1625449482.0,64.0
30.51,1625449482.0,64.0
26.54,1625449482.0,64.0
22.49,1625449482.0,64.0
18.35,1625449482.0,64.0
14.11,1625449482.0,64.0
9.79,1625449482.0,64.0
5.45,1625449482.0,64.0
1.2,1625449482.0,64.0
-2.91,1625449482.0,64.0
-6.88,1625449482.0,64.0
-10.81,1625449482.0,64.0
-14.84,1625449482.0,64.0
-19.12,1625449482.0,64.0
-23.75,1625449482.0,64.0
-28.73,1625449482.0,64.0
-34.02,1625449482.0,64.0
-39.55,1625449482.0,64.0
-45.24,1625449482.0,64.0
-51.0,1625449482.0,64.0
-56.57,1625449482.0,64.0
-61.52,1625449482.0,64.0
-65.15,1625449482.0,64.0
-66.72,1625449482.0,64.0
-65.57,1625449482.0,64.0
-61.43,1625449482.0,64.0
-54.48,1625449482.0,64.0
-45.28,1625449482.0,64.0
-34.55,1625449482.0,64.0
-22.93,1625449482.0,64.0
-10.88,1625449482.0,64.0
1.26,1625449482.0,64.0
13.09,1625449482.0,64.0
24.05,1625449482.0,64.0
33.47,1625449482.0,64.0
40.78,1625449482.0,64.0
45.76,1625449482.0,64.0
48.6,1625449482.0,64.0
49.86,1625449482.0,64.0
50.23,1625449482.0,64.0
50.28,1625449482.0,64.0
50.23,1625449482.0,64.0
50.05,1625449482.0,64.0
49.52,1625449482.0,64.0
48.48,1625449482.0,64.0
46.89,1625449482.0,64.0
44.84,1625449482.0,64.0
42.44,1625449482.0,64.0
39.73,1625449482.0,64.0
36.66,1625449482.0,64.0
33.13,1625449482.0,64.0
29.09,1625449482.0,64.0
24.6,1625449482.0,64.0
19.91,1625449482.0,64.0
15.3,1625449482.0,64.0
11.03,1625449482.0,64.0
7.19,1625449482.0,64.0
3.62,1625449482.0,64.0
0.03,1625449482.0,64.0
-3.88,1625449482.0,64.0
-8.23,1625449482.0,64.0
-12.96,1625449482.0,64.0
-17.79,1625449482.0,64.0
-22.49,1625449482.0,64.0
-26.94,1625449482.0,64.0
-31.22,1625449482.0,64.0
-35.58,1625449482.0,64.0
-40.3,1625449482.0,64.0
-45.55,1625449482.0,64.0
-51.29,1625449482.0,64.0
-57.27,1625449482.0,64.0
-63.02,1625449482.0,64.0
-67.91,1625449482.0,64.0
-71.19,1625449482.0,64.0
-72.15,1625449482.0,64.0
-70.29,1625449482.0,64.0
-65.43,1625449482.0,64.0
-57.81,1625449482.0,64.0
-48.01,1625449482.0,64.0
-36.74,1625449482.0,64.0
-24.69,1625449482.0,64.0
-12.38,1625449482.0,64.0
-0.24,1625449482.0,64.0
11.36,1625449482.0,64.0
21.94,1625449482.0,64.0
30.99,1625449482.0,64.0
38.05,1625449482.0,64.0
42.94,1625449482.0,64.0
45.84,1625449482.0,64.0
47.25,1625449482.0,64.0
47.84,1625449482.0,64.0
48.18,1625449482.0,64.0
48.58,1625449482.0,64.0
49.02,1625449482.0,64.0
49.27,1625449482.0,64.0
49.02,1625449482.0,64.0
48.03,1625449482.0,64.0
46.25,1625449482.0,64.0
43.72,1625449482.0,64.0
40.59,1625449482.0,64.0
37.0,1625449482.0,64.0
33.04,1625449482.0,64.0
28.8,1625449482.0,64.0
24.39,1625449482.0,64.0
19.96,1625449482.0,64.0
15.66,1625449482.0,64.0
11.62,1625449482.0,64.0
7.88,1625449482.0,64.0
4.33,1625449482.0,64.0
0.82,1625449482.0,64.0
-2.84,1625449482.0,64.0
-6.83,1625449482.0,64.0
-11.18,1625449482.0,64.0
-15.84,1625449482.0,64.0
-20.69,1625449482.0,64.0
-25.58,1625449482.0,64.0
-30.4,1625449482.0,64.0
-35.16,1625449482.0,64.0
-39.94,1625449482.0,64.0
-44.93,1625449482.0,64.0
-50.3,1625449482.0,64.0
-56.11,1625449482.0,64.0
-62.19,1625449482.0,64.0
-68.11,1625449482.0,64.0
-73.18,1625449482.0,64.0
-76.6,1625449482.0,64.0
-77.61,1625449482.0,64.0
-75.76,1625449482.0,64.0
-70.96,1625449482.0,64.0
-63.52,1625449482.0,64.0
-54.03,1625449482.0,64.0
-43.12,1625449482.0,64.0
-31.35,1625449482.0,64.0
-19.12,1625449482.0,64.0
-6.77,1625449482.0,64.0
5.29,1625449482.0,64.0
16.56,1625449482.0,64.0
26.42,1625449482.0,64.0
34.35,1625449482.0,64.0
40.12,1625449482.0,64.0
43.87,1625449482.0,64.0
46.11,1625449482.0,64.0
47.5,1625449482.0,64.0
48.64,1625449482.0,64.0
49.81,1625449482.0,64.0
50.99,1625449482.0,64.0
51.91,1625449482.0,64.0
52.22,1625449482.0,64.0
51.68,1625449482.0,64.0
50.24,1625449482.0,64.0
48.0,1625449482.0,64.0
45.11,1625449482.0,64.0
41.71,1625449482.0,64.0
37.85,1625449482.0,64.0
33.59,1625449482.0,64.0
29.0,1625449482.0,64.0
24.32,1625449482.0,64.0
19.8,1625449482.0,64.0
15.7,1625449482.0,64.0
12.06,1625449482.0,64.0
8.74,1625449482.0,64.0
5.44,1625449482.0,64.0
1.88,1625449482.0,64.0
-2.05,1625449482.0,64.0
-6.28,1625449482.0,64.0
-10.6,1625449482.0,64.0
-14.82,1625449482.0,64.0
-18.89,1625449482.0,64.0
-22.9,1625449482.0,64.0
-27.07,1625449482.0,64.0
-31.57,1625449482.0,64.0
-36.49,1625449482.0,64.0
-41.75,1625449482.0,64.0
-47.1,1625449482.0,64.0
-52.09,1625449482.0,64.0
-56.08,1625449482.0,64.0
-58.32,1625449482.0,64.0
-58.1,1625449482.0,64.0
-54.99,1625449482.0,64.0
-48.97,1625449482.0,64.0
-40.5,1625449482.0,64.0
-30.29,1625449482.0,64.0
-19.15,1625449482.0,64.0
-7.75,1625449482.0,64.0
3.36,1625449482.0,64.0
13.72,1625449482.0,64.0
22.79,1625449482.0,64.0
30.07,1625449482.0,64.0
35.18,1625449482.0,64.0
38.11,1625449482.0,64.0
39.29,1625449482.0,64.0
39.41,1625449482.0,64.0
39.26,1625449482.0,64.0
39.34,1625449482.0,64.0
39.83,1625449482.0,64.0
40.52,1625449482.0,64.0
41.03,1625449482.0,64.0
41.01,1625449482.0,64.0
40.24,1625449482.0,64.0
38.65,1625449482.0,64.0
36.28,1625449482.0,64.0
33.27,1625449482.0,64.0
29.8,1625449482.0,64.0
26.05,1625449482.0,64.0
22.23,1625449482.0,64.0
18.46,1625449482.0,64.0
14.8,1625449482.0,64.0
11.22,1625449482.0,64.0
7.62,1625449482.0,64.0
3.95,1625449482.0,64.0
0.17,1625449482.0,64.0
-3.67,1625449482.0,64.0
-7.55,1625449482.0,64.0
-11.42,1625449482.0,64.0
-15.34,1625449482.0,64.0
-19.36,1625449482.0,64.0
-23.57,1625449482.0,64.0
-28.04,1625449482.0,64.0
-32.82,1625449482.0,64.0
-37.95,1625449482.0,64.0
-43.44,1625449482.0,64.0
-49.17,1625449482.0,64.0
-54.83,1625449482.0,64.0
-59.84,1625449482.0,64.0
-63.37,1625449482.0,64.0
-64.6,1625449482.0,64.0
-62.92,1625449482.0,64.0
-58.17,1625449482.0,64.0
-50.65,1625449482.0,64.0
-41.01,1625449482.0,64.0
-30.0,1625449482.0,64.0
-18.26,1625449482.0,64.0
-6.22,1625449482.0,64.0
5.75,1625449482.0,64.0
17.23,1625449482.0,64.0
27.62,1625449482.0,64.0
36.25,1625449482.0,64.0
42.57,1625449482.0,64.0
46.44,1625449482.0,64.0
48.19,1625449482.0,64.0
48.53,1625449482.0,64.0
48.24,1625449482.0,64.0
47.93,1625449482.0,64.0
47.81,1625449482.0,64.0
47.75,1625449482.0,64.0
47.42,1625449482.0,64.0
46.48,1625449482.0,64.0
44.75,1625449482.0,64.0
42.2,1625449482.0,64.0
38.96,1625449482.0,64.0
35.23,1625449482.0,64.0
31.23,1625449482.0,64.0
27.15,1625449482.0,64.0
23.13,1625449482.0,64.0
19.2,1625449482.0,64.0
15.33,1625449482.0,64.0
11.47,1625449482.0,64.0
7.53,1625449482.0,64.0
3.51,1625449482.0,64.0
-0.55,1625449482.0,64.0
-4.61,1625449482.0,64.0
-8.64,1625449482.0,64.0
-12.62,1625449482.0,64.0
-16.58,1625449482.0,64.0
-20.58,1625449482.0,64.0
-24.7,1625449482.0,64.0
-29.02,1625449482.0,64.0
-33.66,1625449482.0,64.0
-38.74,1625449482.0,64.0
-44.3,1625449482.0,64.0
-50.28,1625449482.0,64.0
-56.35,1625449482.0,64.0
-61.89,1625449482.0,64.0
-66.08,1625449482.0,64.0
-68.04,1625449482.0,64.0
-67.12,1625449482.0,64.0
-63.07,1625449482.0,64.0
-56.13,1625449482.0,64.0
-46.89,1625449482.0,64.0
-36.06,1625449482.0,64.0
-24.3,1625449482.0,64.0
-12.07,1625449482.0,64.0
0.24,1625449482.0,64.0
12.21,1625449482.0,64.0
23.32,1625449482.0,64.0
32.98,1625449482.0,64.0
40.69,1625449482.0,64.0
46.21,1625449482.0,64.0
49.65,1625449482.0,64.0
51.44,1625449482.0,64.0
52.21,1625449482.0,64.0
52.48,1625449482.0,64.0
52.61,1625449482.0,64.0
52.6,1625449482.0,64.0
52.29,1625449482.0,64.0
51.47,1625449482.0,64.0
49.98,1625449482.0,64.0
47.86,1625449482.0,64.0
45.23,1625449482.0,64.0
42.2,1625449482.0,64.0
38.82,1625449482.0,64.0
35.03,1625449482.0,64.0
30.77,1625449482.0,64.0
26.12,1625449482.0,64.0
21.29,1625449482.0,64.0
16.6,1625449482.0,64.0
12.31,1625449482.0,64.0
8.51,1625449482.0,64.0
5.08,1625449482.0,64.0
1.74,1625449482.0,64.0
-1.82,1625449482.0,64.0
-5.8,1625449482.0,64.0
-10.24,1625449482.0,64.0
-15.02,1625449482.0,64.0
-19.94,1625449482.0,64.0
-24.78,1625449482.0,64.0
-29.44,1625449482.0,64.0
-33.9,1625449482.0,64.0
-38.27,1625449482.0,64.0
-42.8,1625449482.0,64.0
-47.73,1625449482.0,64.0
-53.24,1625449482.0,64.0
-59.27,1625449482.0,64.0
-65.43,1625449482.0,64.0
-71.03,1625449482.0,64.0
-75.18,1625449482.0,64.0
-77.02,1625449482.0,64.0
-75.98,1625449482.0,64.0
-71.85,1625449482.0,64.0
-64.85,1625449482.0,64.0
-55.44,1625449482.0,64.0
-44.21,1625449482.0,64.0
-31.75,1625449482.0,64.0
-18.63,1625449482.0,64.0
-5.38,1625449482.0,64.0
7.39,1625449482.0,64.0
19.02,1625449482.0,64.0
28.88,1625449482.0,64.0
36.5,1625449482.0,64.0
41.73,1625449482.0,64.0
44.78,1625449482.0,64.0
46.18,1625449482.0,64.0
46.64,1625449482.0,64.0
46.81,1625449482.0,64.0
47.07,1625449482.0,64.0
47.5,1625449482.0,64.0
47.9,1625449482.0,64.0
47.99,1625449482.0,64.0
47.55,1625449482.0,64.0
46.49,1625449482.0,64.0
44.82,1625449482.0,64.0
42.59,1625449482.0,64.0
39.83,1625449482.0,64.0
36.55,1625449482.0,64.0
32.81,1625449482.0,64.0
28.78,1625449482.0,64.0
24.66,1625449482.0,64.0
20.69,1625449482.0,64.0
17.0,1625449482.0,64.0
13.58,1625449482.0,64.0
10.31,1625449482.0,64.0
6.99,1625449482.0,64.0
3.44,1625449482.0,64.0
-0.45,1625449482.0,64.0
-4.67,1625449482.0,64.0
-9.1,1625449482.0,64.0
-13.57,1625449482.0,64.0
-17.88,1625449482.0,64.0
-21.94,1625449482.0,64.0
-25.84,1625449482.0,64.0
-29.82,1625449482.0,64.0
-34.2,1625449482.0,64.0
-39.22,1625449482.0,64.0
-44.9,1625449482.0,64.0
-50.94,1625449482.0,64.0
-56.75,1625449482.0,64.0
-61.54,1625449482.0,64.0
-64.48,1625449482.0,64.0
-64.92,1625449482.0,64.0
-62.47,1625449482.0,64.0
-57.13,1625449482.0,64.0
-49.27,1625449482.0,64.0
-39.46,1625449482.0,64.0
-28.41,1625449482.0,64.0
-16.76,1625449482.0,64.0
-5.04,1625449482.0,64.0
6.31,1625449482.0,64.0
16.89,1625449482.0,64.0
26.26,1625449482.0,64.0
34.01,1625449482.0,64.0
39.83,1625449482.0,64.0
43.71,1625449482.0,64.0
45.92,1625449482.0,64.0
46.93,1625449482.0,64.0
47.29,1625449482.0,64.0
47.38,1625449482.0,64.0
47.36,1625449482.0,64.0
47.18,1625449482.0,64.0
46.65,1625449482.0,64.0
45.65,1625449482.0,64.0
44.12,1625449482.0,64.0
42.09,1625449482.0,64.0
39.61,1625449482.0,64.0
36.7,1625449482.0,64.0
33.33,1625449482.0,64.0
29.52,1625449482.0,64.0
25.33,1625449482.0,64.0
20.97,1625449482.0,64.0
16.69,1625449482.0,64.0
12.7,1625449482.0,64.0
9.12,1625449482.0,64.0
5.86,1625449482.0,64.0
2.72,1625449482.0,64.0
-0.55,1625449482.0,64.0
-4.15,1625449482.0,64.0
-8.16,1625449482.0,64.0
-12.51,1625449482.0,64.0
-17.03,1625449482.0,64.0
-21.54,1625449482.0,64.0
-25.9,1625449482.0,64.0
-30.12,1625449482.0,64.0
-34.31,1625449482.0,64.0
-38.69,1625449482.0,64.0
-43.48,1625449482.0,64.0
-48.74,1625449482.0,64.0
-54.19,1625449482.0,64.0
-59.23,1625449482.0,64.0
-62.98,1625449482.0,64.0
-64.51,1625449482.0,64.0
-63.14,1625449482.0,64.0
-58.68,1625449482.0,64.0
-51.45,1625449482.0,64.0
-42.18,1625449482.0,64.0
-31.7,1625449482.0,64.0
-20.76,1625449482.0,64.0
-9.83,1625449482.0,64.0
0.76,1625449482.0,64.0
10.7,1625449482.0,64.0
19.58,1625449482.0,64.0
26.93,1625449482.0,64.0
32.38,1625449482.0,64.0
35.83,1625449482.0,64.0
37.6,1625449482.0,64.0
38.3,1625449482.0,64.0
38.63,1625449482.0,64.0
39.04,1625449482.0,64.0
39.65,1625449482.0,64.0
40.23,1625449482.0,64.0
40.39,1625449482.0,64.0
39.81,1625449482.0,64.0
38.4,1625449482.0,64.0
36.27,1625449482.0,64.0
33.65,1625449482.0,64.0
30.75,1625449482.0,64.0
27.68,1625449482.0,64.0
24.42,1625449482.0,64.0
20.92,1625449482.0,64.0
17.14,1625449482.0,64.0
13.13,1625449482.0,64.0
9.04,1625449482.0,64.0
5.06,1625449482.0,64.0
1.37,1625449482.0,64.0
-1.96,1625449482.0,64.0
-4.98,1625449482.0,64.0
-7.91,1625449482.0,64.0
-11.01,1625449482.0,64.0
-14.55,1625449482.0,64.0
-18.65,1625449482.0,64.0
-23.32,1625449482.0,64.0
-28.41,1625449482.0,64.0
-33.79,1625449482.0,64.0
-39.35,1625449482.0,64.0
-45.05,1625449482.0,64.0
-50.75,1625449482.0,64.0
-56.05,1625449482.0,64.0
-60.26,1625449482.0,64.0
-62.52,1625449482.0,64.0
-62.01,1625449482.0,64.0
-58.34,1625449482.0,64.0
-51.64,1625449482.0,64.0
-42.52,1625449482.0,64.0
-31.89,1625449482.0,64.0
-20.56,1625449482.0,64.0
-9.16,1625449482.0,64.0
1.9,1625449482.0,64.0
12.23,1625449482.0,64.0
21.39,1625449482.0,64.0
28.85,1625449482.0,64.0
34.18,1625449482.0,64.0
37.29,1625449482.0,64.0
38.55,1625449482.0,64.0
38.69,1625449482.0,64.0
38.53,1625449482.0,64.0
38.7,1625449482.0,64.0
39.37,1625449482.0,64.0
40.29,1625449482.0,64.0
40.94,1625449482.0,64.0
40.78,1625449482.0,64.0
39.5,1625449482.0,64.0
37.06,1625449482.0,64.0
33.69,1625449482.0,64.0
29.78,1625449482.0,64.0
25.65,1625449482.0,64.0
21.55,1625449482.0,64.0
17.57,1625449482.0,64.0
13.71,1625449482.0,64.0
9.91,1625449482.0,64.0
6.11,1625449482.0,64.0
2.29,1625449482.0,64.0
-1.62,1625449482.0,64.0
-5.63,1625449482.0,64.0
-9.78,1625449482.0,64.0
-14.09,1625449482.0,64.0
-18.54,1625449482.0,64.0
-23.12,1625449482.0,64.0
-27.8,1625449482.0,64.0
-32.59,1625449482.0,64.0
-37.55,1625449482.0,64.0
-42.8,1625449482.0,64.0
-48.39,1625449482.0,64.0
-54.32,1625449482.0,64.0
-60.3,1625449482.0,64.0
-65.81,1625449482.0,64.0
-70.04,1625449482.0,64.0
-72.1,1625449482.0,64.0
-71.27,1625449482.0,64.0
-67.2,1625449482.0,64.0
-60.04,1625449482.0,64.0
-50.39,1625449482.0,64.0
-39.04,1625449482.0,64.0
-26.75,1625449482.0,64.0
-14.04,1625449482.0,64.0
-1.27,1625449482.0,64.0
11.22,1625449482.0,64.0
22.94,1625449482.0,64.0
33.21,1625449482.0,64.0
41.33,1625449482.0,64.0
46.86,1625449482.0,64.0
49.82,1625449482.0,64.0
50.76,1625449482.0,64.0
50.53,1625449482.0,64.0
49.93,1625449482.0,64.0
49.49,1625449482.0,64.0
49.29,1625449482.0,64.0
49.05,1625449482.0,64.0
48.4,1625449482.0,64.0
47.04,1625449482.0,64.0
44.88,1625449482.0,64.0
42.01,1625449482.0,64.0
38.6,1625449482.0,64.0
34.82,1625449482.0,64.0
30.75,1625449482.0,64.0
26.49,1625449482.0,64.0
22.13,1625449482.0,64.0
17.78,1625449482.0,64.0
13.58,1625449482.0,64.0
9.6,1625449482.0,64.0
5.84,1625449482.0,64.0
2.21,1625449482.0,64.0
-1.46,1625449482.0,64.0
-5.29,1625449482.0,64.0
-9.4,1625449482.0,64.0
-13.8,1625449482.0,64.0
-18.49,1625449482.0,64.0
-23.41,1625449482.0,64.0
-28.54,1625449482.0,64.0
-33.87,1625449482.0,64.0
-39.41,1625449482.0,64.0
-45.2,1625449482.0,64.0
-51.15,1625449482.0,64.0
-57.01,1625449482.0,64.0
-62.28,1625449482.0,64.0
-66.18,1625449482.0,64.0
-67.89,1625449482.0,64.0
-66.68,1625449482.0,64.0
-62.22,1625449482.0,64.0
-54.63,1625449482.0,64.0
-44.47,1625449482.0,64.0
-32.5,1625449482.0,64.0
-19.52,1625449482.0,64.0
-6.19,1625449482.0,64.0
6.95,1625449482.0,64.0
19.38,1625449482.0,64.0
30.55,1625449482.0,64.0
39.85,1625449482.0,64.0
46.83,1625449482.0,64.0
51.29,1625449482.0,64.0
53.54,1625449482.0,64.0
54.2,1625449482.0,64.0
54.08,1625449482.0,64.0
53.8,1625449482.0,64.0
53.66,1625449482.0,64.0
53.56,1625449482.0,64.0
53.17,1625449482.0,64.0
52.14,1625449482.0,64.0
50.37,1625449482.0,64.0
47.92,1625449482.0,64.0
45.02,1625449482.0,64.0
41.84,1625449482.0,64.0
38.45,1625449482.0,64.0
34.77,1625449482.0,64.0
30.72,1625449482.0,64.0
26.28,1625449482.0,64.0
21.55,1625449482.0,64.0
16.75,1625449482.0,64.0
12.07,1625449482.0,64.0
7.61,1625449482.0,64.0
3.37,1625449482.0,64.0
-0.75,1625449482.0,64.0
-4.89,1625449482.0,64.0
-9.14,1625449482.0,64.0
-13.52,1625449482.0,64.0
-17.99,1625449482.0,64.0
-22.52,1625449482.0,64.0
-27.12,1625449482.0,64.0
-31.91,1625449482.0,64.0
-37.04,1625449482.0,64.0
-42.65,1625449482.0,64.0
-48.75,1625449482.0,64.0
-55.07,1625449482.0,64.0
-61.05,1625449482.0,64.0
-65.89,1625449482.0,64.0
-68.74,1625449482.0,64.0
-68.85,1625449482.0,64.0
-65.82,1625449482.0,64.0
-59.71,1625449482.0,64.0
-50.94,1625449482.0,64.0
-40.18,1625449482.0,64.0
-28.15,1625449482.0,64.0
-15.46,1625449482.0,64.0
-2.64,1625449482.0,64.0
9.85,1625449482.0,64.0
21.46,1625449482.0,64.0
31.6,1625449482.0,64.0
39.72,1625449482.0,64.0
45.49,1625449482.0,64.0
48.98,1625449482.0,64.0
50.68,1625449482.0,64.0
51.31,1625449482.0,64.0
51.59,1625449482.0,64.0
51.93,1625449482.0,64.0
52.36,1625449482.0,64.0
52.55,1625449482.0,64.0
52.09,1625449482.0,64.0
50.76,1625449482.0,64.0
48.62,1625449482.0,64.0
45.97,1625449482.0,64.0
43.13,1625449482.0,64.0
40.22,1625449482.0,64.0
37.15,1625449482.0,64.0
33.65,1625449482.0,64.0
29.55,1625449482.0,64.0
24.94,1625449482.0,64.0
20.12,1625449482.0,64.0
15.52,1625449482.0,64.0
11.42,1625449482.0,64.0
7.84,1625449482.0,64.0
4.53,1625449482.0,64.0
1.14,1625449482.0,64.0
-2.58,1625449482.0,64.0
-6.71,1625449482.0,64.0
-11.14,1625449482.0,64.0
-15.67,1625449482.0,64.0
-20.12,1625449482.0,64.0
-24.44,1625449482.0,64.0
-28.65,1625449482.0,64.0
-32.9,1625449482.0,64.0
-37.34,1625449482.0,64.0
-42.14,1625449482.0,64.0
-47.42,1625449482.0,64.0
-53.21,1625449482.0,64.0
-59.31,1625449482.0,64.0
-65.27,1625449482.0,64.0
-70.36,1625449482.0,64.0
-73.71,1625449482.0,64.0
-74.46,1625449482.0,64.0
-72.05,1625449482.0,64.0
-66.34,1625449482.0,64.0
-57.65,1625449482.0,64.0
-46.64,1625449482.0,64.0
-34.13,1625449482.0,64.0
-20.92,1625449482.0,64.0
-7.7,1625449482.0,64.0
5.04,1625449482.0,64.0
16.83,1625449482.0,64.0
27.26,1625449482.0,64.0
35.89,1625449482.0,64.0
42.39,1625449482.0,64.0
46.63,1625449482.0,64.0
48.81,1625449482.0,64.0
49.48,1625449482.0,64.0
49.39,1625449482.0,64.0
49.25,1625449482.0,64.0
49.42,1625449482.0,64.0
49.89,1625449482.0,64.0
50.24,1625449482.0,64.0
49.95,1625449482.0,64.0
48.67,1625449482.0,64.0
46.35,1625449482.0,64.0
43.27,1625449482.0,64.0
39.78,1625449482.0,64.0
36.13,1625449482.0,64.0
32.4,1625449482.0,64.0
28.53,1625449482.0,64.0
24.48,1625449482.0,64.0
20.32,1625449482.0,64.0
16.27,1625449482.0,64.0
12.55,1625449482.0,64.0
9.24,1625449482.0,64.0
6.2,1625449482.0,64.0
3.17,1625449482.0,64.0
-0.15,1625449482.0,64.0
-3.88,1625449482.0,64.0
-7.98,1625449482.0,64.0
-12.28,1625449482.0,64.0
-16.55,1625449482.0,64.0
-20.69,1625449482.0,64.0
-24.72,1625449482.0,64.0
-28.77,1625449482.0,64.0
-33.01,1625449482.0,64.0
-37.64,1625449482.0,64.0
-42.71,1625449482.0,64.0
-48.12,1625449482.0,64.0
-53.5,1625449482.0,64.0
-58.18,1625449482.0,64.0
-61.32,1625449482.0,64.0
-62.08,1625449482.0,64.0
-59.89,1625449482.0,64.0
-54.65,1625449482.0,64.0
-46.77,1625449482.0,64.0
-37.03,1625449482.0,64.0
-26.28,1625449482.0,64.0
-15.26,1625449482.0,64.0
-4.47,1625449482.0,64.0
5.71,1625449482.0,64.0
14.9,1625449482.0,64.0
22.66,1625449482.0,64.0
28.54,1625449482.0,64.0
32.28,1625449482.0,64.0
34.05,1625449482.0,64.0
34.4,1625449482.0,64.0
34.08,1625449482.0,64.0
33.83,1625449482.0,64.0
34.05,1625449482.0,64.0
34.74,1625449482.0,64.0
35.57,1625449482.0,64.0
36.04,1625449482.0,64.0
35.77,1625449482.0,64.0
34.53,1625449482.0,64.0
32.34,1625449482.0,64.0
29.38,1625449482.0,64.0
25.93,1625449482.0,64.0
22.25,1625449482.0,64.0
18.58,1625449482.0,64.0
15.0,1625449482.0,64.0
11.49,1625449482.0,64.0
7.95,1625449482.0,64.0
4.25,1625449482.0,64.0
0.33,1625449482.0,64.0
-3.76,1625449482.0,64.0
-7.9,1625449482.0,64.0
-11.92,1625449482.0,64.0
-15.75,1625449482.0,64.0
-19.38,1625449482.0,64.0
-22.89,1625449482.0,64.0
-26.42,1625449482.0,64.0
-30.08,1625449482.0,64.0
-34.0,1625449482.0,64.0
-38.24,1625449482.0,64.0
-42.87,1625449482.0,64.0
-47.88,1625449482.0,64.0
-53.02,1625449482.0,64.0
-57.84,1625449482.0,64.0
-61.57,1625449482.0,64.0
-63.38,1625449482.0,64.0
-62.58,1625449482.0,64.0
-58.84,1625449482.0,64.0
-52.38,1625449482.0,64.0
-43.75,1625449482.0,64.0
-33.68,1625449482.0,64.0
-22.78,1625449482.0,64.0
-11.44,1625449482.0,64.0
0.12,1625449482.0,64.0
11.59,1625449482.0,64.0
22.49,1625449482.0,64.0
32.08,1625449482.0,64.0
39.64,1625449482.0,64.0
44.74,1625449482.0,64.0
47.44,1625449482.0,64.0
48.33,1625449482.0,64.0
48.24,1625449482.0,64.0
47.94,1625449482.0,64.0
47.85,1625449482.0,64.0
47.95,1625449482.0,64.0
47.93,1625449482.0,64.0
47.39,1625449482.0,64.0
46.09,1625449482.0,64.0
43.95,1625449482.0,64.0
41.06,1625449482.0,64.0
37.55,1625449482.0,64.0
33.55,1625449482.0,64.0
29.22,1625449482.0,64.0
24.74,1625449482.0,64.0
20.31,1625449482.0,64.0
16.08,1625449482.0,64.0
12.13,1625449482.0,64.0
8.39,1625449482.0,64.0
4.75,1625449482.0,64.0
1.05,1625449482.0,64.0
-2.82,1625449482.0,64.0
-6.92,1625449482.0,64.0
-11.28,1625449482.0,64.0
-15.87,1625449482.0,64.0
-20.63,1625449482.0,64.0
-25.48,1625449482.0,64.0
-30.32,1625449482.0,64.0
-35.11,1625449482.0,64.0
-39.92,1625449482.0,64.0
-44.91,1625449482.0,64.0
-50.26,1625449482.0,64.0
-55.97,1625449482.0,64.0
-61.72,1625449482.0,64.0
-66.81,1625449482.0,64.0
-70.31,1625449482.0,64.0
-71.32,1625449482.0,64.0
-69.27,1625449482.0,64.0
-64.13,1625449482.0,64.0
-56.35,1625449482.0,64.0
-46.68,1625449482.0,64.0
-35.82,1625449482.0,64.0
-24.31,1625449482.0,64.0
-12.48,1625449482.0,64.0
-0.6,1625449482.0,64.0
10.92,1625449482.0,64.0
21.48,1625449482.0,64.0
30.42,1625449482.0,64.0
37.24,1625449482.0,64.0
41.78,1625449482.0,64.0
44.3,1625449482.0,64.0
45.3,1625449482.0,64.0
45.39,1625449482.0,64.0
45.0,1625449482.0,64.0
44.42,1625449482.0,64.0
43.71,1625449482.0,64.0
42.88,1625449482.0,64.0
41.88,1625449482.0,64.0
40.65,1625449482.0,64.0
39.08,1625449482.0,64.0
37.04,1625449482.0,64.0
34.41,1625449482.0,64.0
31.14,1625449482.0,64.0
27.28,1625449482.0,64.0
22.99,1625449482.0,64.0
18.52,1625449482.0,64.0
14.11,1625449482.0,64.0
9.9,1625449482.0,64.0
5.96,1625449482.0,64.0
2.17,1625449482.0,64.0
-1.59,1625449482.0,64.0
-5.47,1625449482.0,64.0
-9.53,1625449482.0,64.0
-13.77,1625449482.0,64.0
-18.16,1625449482.0,64.0
-22.68,1625449482.0,64.0
-27.34,1625449482.0,64.0
-32.21,1625449482.0,64.0
-37.36,1625449482.0,64.0
-42.85,1625449482.0,64.0
-48.72,1625449482.0,64.0
-54.84,1625449482.0,64.0
-60.9,1625449482.0,64.0
-66.33,1625449482.0,64.0
-70.36,1625449482.0,64.0
-72.19,1625449482.0,64.0
-71.18,1625449482.0,64.0
-67.1,1625449482.0,64.0
-60.17,1625449482.0,64.0
-50.98,1625449482.0,64.0
-40.26,1625449482.0,64.0
-28.68,1625449482.0,64.0
-16.7,1625449482.0,64.0
-4.68,1625449482.0,64.0
6.99,1625449482.0,64.0
17.82,1625449482.0,64.0
27.18,1625449482.0,64.0
34.53,1625449482.0,64.0
39.58,1625449482.0,64.0
42.5,1625449482.0,64.0
43.87,1625449482.0,64.0
44.46,1625449482.0,64.0
44.91,1625449482.0,64.0
45.57,1625449482.0,64.0
46.32,1625449482.0,64.0
46.82,1625449482.0,64.0
46.67,1625449482.0,64.0
45.65,1625449482.0,64.0
43.75,1625449482.0,64.0
41.19,1625449482.0,64.0
38.17,1625449482.0,64.0
34.8,1625449482.0,64.0
31.04,1625449482.0,64.0
26.84,1625449482.0,64.0
22.22,1625449482.0,64.0
17.32,1625449482.0,64.0
12.43,1625449482.0,64.0
7.81,1625449482.0,64.0
3.6,1625449482.0,64.0
-0.26,1625449482.0,64.0
-3.96,1625449482.0,64.0
-7.75,1625449482.0,64.0
-11.74,1625449482.0,64.0
-15.94,1625449482.0,64.0
-20.27,1625449482.0,64.0
-24.65,1625449482.0,64.0
-29.08,1625449482.0,64.0
-33.7,1625449482.0,64.0
-38.65,1625449482.0,64.0
-44.01,1625449482.0,64.0
-49.75,1625449482.0,64.0
-55.61,1625449482.0,64.0
-61.11,1625449482.0,64.0
-65.59,1625449482.0,64.0
-68.28,1625449482.0,64.0
-68.44,1625449482.0,64.0
-65.57,1625449482.0,64.0
-59.58,1625449482.0,64.0
-50.82,1625449482.0,64.0
-40.0,1625449482.0,64.0
-27.94,1625449482.0,64.0
-15.37,1625449482.0,64.0
-2.85,1625449482.0,64.0
9.19,1625449482.0,64.0
20.3,1625449482.0,64.0
29.92,1625449482.0,64.0
37.52,1625449482.0,64.0
42.77,1625449482.0,64.0
45.78,1625449482.0,64.0
47.08,1625449482.0,64.0
47.5,1625449482.0,64.0
47.76,1625449482.0,64.0
48.28,1625449482.0,64.0
49.02,1625449482.0,64.0
49.64,1625449482.0,64.0
49.71,1625449482.0,64.0
48.94,1625449482.0,64.0
47.19,1625449482.0,64.0
44.55,1625449482.0,64.0
41.17,1625449482.0,64.0
37.3,1625449482.0,64.0
33.15,1625449482.0,64.0
28.93,1625449482.0,64.0
24.82,1625449482.0,64.0
20.9,1625449482.0,64.0
17.2,1625449482.0,64.0
13.64,1625449482.0,64.0
10.09,1625449482.0,64.0
6.38,1625449482.0,64.0
2.37,1625449482.0,64.0
-1.98,1625449482.0,64.0
-6.61,1625449482.0,64.0
-11.37,1625449482.0,64.0
-16.05,1625449482.0,64.0
-20.48,1625449482.0,64.0
-24.63,1625449482.0,64.0
-28.58,1625449482.0,64.0
-32.58,1625449482.0,64.0
-36.91,1625449482.0,64.0
-41.85,1625449482.0,64.0
-47.51,1625449482.0,64.0
-53.73,1625449482.0,64.0
-60.01,1625449482.0,64.0
-65.48,1625449482.0,64.0
-69.12,1625449482.0,64.0
-69.93,1625449482.0,64.0
-67.35,1625449482.0,64.0
-61.35,1625449482.0,64.0
-52.5,1625449482.0,64.0
-41.7,1625449482.0,64.0
-29.85,1625449482.0,64.0
-17.61,1625449482.0,64.0
-5.35,1625449482.0,64.0
6.61,1625449482.0,64.0
17.88,1625449482.0,64.0
27.86,1625449482.0,64.0
35.91,1625449482.0,64.0
41.59,1625449482.0,64.0
44.92,1625449482.0,64.0
46.43,1625449482.0,64.0
46.93,1625449482.0,64.0
47.18,1625449482.0,64.0
47.62,1625449482.0,64.0
48.24,1625449482.0,64.0
48.68,1625449482.0,64.0
48.56,1625449482.0,64.0
47.63,1625449482.0,64.0
45.9,1625449482.0,64.0
43.59,1625449482.0,64.0
40.91,1625449482.0,64.0
37.98,1625449482.0,64.0
34.82,1625449482.0,64.0
31.36,1625449482.0,64.0
27.57,1625449482.0,64.0
23.52,1625449482.0,64.0
19.35,1625449482.0,64.0
15.21,1625449482.0,64.0
11.24,1625449482.0,64.0
7.45,1625449482.0,64.0
3.79,1625449482.0,64.0
0.14,1625449482.0,64.0
-3.56,1625449482.0,64.0
-7.38,1625449482.0,64.0
-11.31,1625449482.0,64.0
-15.38,1625449482.0,64.0
-19.64,1625449482.0,64.0
-24.11,1625449482.0,64.0
-28.86,1625449482.0,64.0
-33.91,1625449482.0,64.0
-39.26,1625449482.0,64.0
-44.87,1625449482.0,64.0
-50.59,1625449482.0,64.0
-56.01,1625449482.0,64.0
-60.5,1625449482.0,64.0
-63.18,1625449482.0,64.0
-63.23,1625449482.0,64.0
-60.09,1625449482.0,64.0
-53.72,1625449482.0,64.0
-44.63,1625449482.0,64.0
-33.7,1625449482.0,64.0
-21.85,1625449482.0,64.0
-9.87,1625449482.0,64.0
1.73,1625449482.0,64.0
12.55,1625449482.0,64.0
22.21,1625449482.0,64.0
30.25,1625449482.0,64.0
36.25,1625449482.0,64.0
40.04,1625449482.0,64.0
41.85,1625449482.0,64.0
42.27,1625449482.0,64.0
42.05,1625449482.0,64.0
41.82,1625449482.0,64.0
41.86,1625449482.0,64.0
42.07,1625449482.0,64.0
42.16,1625449482.0,64.0
41.8,1625449482.0,64.0
40.82,1625449482.0,64.0
39.21,1625449482.0,64.0
37.01,1625449482.0,64.0
34.26,1625449482.0,64.0
30.98,1625449482.0,64.0
27.2,1625449482.0,64.0
23.1,1625449482.0,64.0
18.94,1625449482.0,64.0
15.01,1625449482.0,64.0
11.48,1625449482.0,64.0
8.31,1625449482.0,64.0
5.28,1625449482.0,64.0
2.07,1625449482.0,64.0
-1.56,1625449482.0,64.0
-5.66,1625449482.0,64.0
-10.13,1625449482.0,64.0
-14.73,1625449482.0,64.0
-19.31,1625449482.0,64.0
-23.78,1625449482.0,64.0
-28.22,1625449482.0,64.0
-32.79,1625449482.0,64.0
-37.68,1625449482.0,64.0
-43.02,1625449482.0,64.0
-48.82,1625449482.0,64.0
-54.89,1625449482.0,64.0
-60.82,1625449482.0,64.0
-65.9,1625449482.0,64.0
-69.26,1625449482.0,64.0
-70.01,1625449482.0,64.0
-67.56,1625449482.0,64.0
-61.8,1625449482.0,64.0
-53.18,1625449482.0,64.0
-42.5,1625449482.0,64.0
-30.65,1625449482.0,64.0
-18.32,1625449482.0,64.0
-5.93,1625449482.0,64.0
6.24,1625449482.0,64.0
17.84,1625449482.0,64.0
28.33,1625449482.0,64.0
37.09,1625449482.0,64.0
43.61,1625449482.0,64.0
47.78,1625449482.0,64.0
49.93,1625449482.0,64.0
50.7,1625449482.0,64.0
50.85,1625449482.0,64.0
50.9,1625449482.0,64.0
51.08,1625449482.0,64.0
51.28,1625449482.0,64.0
51.25,1625449482.0,64.0
50.71,1625449482.0,64.0
49.47,1625449482.0,64.0
47.49,1625449482.0,64.0
44.82,1625449482.0,64.0
41.56,1625449482.0,64.0
37.85,1625449482.0,64.0
33.75,1625449482.0,64.0
29.33,1625449482.0,64.0
24.71,1625449482.0,64.0
20.01,1625449482.0,64.0
15.39,1625449482.0,64.0
10.99,1625449482.0,64.0
6.83,1625449482.0,64.0
2.8,1625449482.0,64.0
-1.26,1625449482.0,64.0
-5.55,1625449482.0,64.0
-10.15,1625449482.0,64.0
-15.04,1625449482.0,64.0
-20.07,1625449482.0,64.0
-25.11,1625449482.0,64.0
-30.09,1625449482.0,64.0
-35.06,1625449482.0,64.0
-40.18,1625449482.0,64.0
-45.62,1625449482.0,64.0
-51.46,1625449482.0,64.0
-57.51,1625449482.0,64.0
-63.28,1625449482.0,64.0
-68.0,1625449482.0,64.0
-70.78,1625449482.0,64.0
-70.88,1625449482.0,64.0
-67.93,1625449482.0,64.0
-62.01,1625449482.0,64.0
-53.65,1625449482.0,64.0
-43.56,1625449482.0,64.0
-32.36,1625449482.0,64.0
-20.49,1625449482.0,64.0
-8.21,1625449482.0,64.0
4.2,1625449482.0,64.0
16.22,1625449482.0,64.0
27.11,1625449482.0,64.0
36.07,1625449482.0,64.0
42.52,1625449482.0,64.0
46.4,1625449482.0,64.0
48.18,1625449482.0,64.0
48.67,1625449482.0,64.0
48.71,1625449482.0,64.0
48.83,1625449482.0,64.0
49.12,1625449482.0,64.0
49.35,1625449482.0,64.0
49.17,1625449482.0,64.0
48.32,1625449482.0,64.0
46.7,1625449482.0,64.0
44.4,1625449482.0,64.0
41.57,1625449482.0,64.0
38.35,1625449482.0,64.0
34.84,1625449482.0,64.0
31.1,1625449482.0,64.0
27.16,1625449482.0,64.0
23.08,1625449482.0,64.0
18.95,1625449482.0,64.0
14.84,1625449482.0,64.0
10.85,1625449482.0,64.0
6.99,1625449482.0,64.0
3.17,1625449482.0,64.0
-0.67,1625449482.0,64.0
-4.69,1625449482.0,64.0
-8.96,1625449482.0,64.0
-13.51,1625449482.0,64.0
-18.31,1625449482.0,64.0
-23.3,1625449482.0,64.0
-28.42,1625449482.0,64.0
-33.63,1625449482.0,64.0
-38.96,1625449482.0,64.0
-44.47,1625449482.0,64.0
-50.2,1625449482.0,64.0
-56.06,1625449482.0,64.0
-61.71,1625449482.0,64.0
-66.51,1625449482.0,64.0
-69.64,1625449482.0,64.0
-70.29,1625449482.0,64.0
-67.89,1625449482.0,64.0
-62.36,1625449482.0,64.0
-54.09,1625449482.0,64.0
-43.8,1625449482.0,64.0
-32.26,1625449482.0,64.0
-20.13,1625449482.0,64.0
-7.84,1625449482.0,64.0
4.24,1625449482.0,64.0
15.69,1625449482.0,64.0
25.93,1625449482.0,64.0
34.37,1625449482.0,64.0
40.55,1625449482.0,64.0
44.38,1625449482.0,64.0
46.27,1625449482.0,64.0
46.9,1625449482.0,64.0
47.02,1625449482.0,64.0
47.15,1625449482.0,64.0
47.41,1625449482.0,64.0
47.61,1625449482.0,64.0
47.41,1625449482.0,64.0
46.58,1625449482.0,64.0
45.06,1625449482.0,64.0
42.94,1625449482.0,64.0
40.37,1625449482.0,64.0
37.43,1625449482.0,64.0
34.12,1625449482.0,64.0
30.41,1625449482.0,64.0
26.35,1625449482.0,64.0
22.05,1625449482.0,64.0
17.68,1625449482.0,64.0
13.39,1625449482.0,64.0
9.21,1625449482.0,64.0
5.09,1625449482.0,64.0
0.94,1625449482.0,64.0
-3.31,1625449482.0,64.0
-7.64,1625449482.0,64.0
-12.0,1625449482.0,64.0
-16.33,1625449482.0,64.0
-20.59,1625449482.0,64.0
-24.84,1625449482.0,64.0
-29.18,1625449482.0,64.0
-33.76,1625449482.0,64.0
-38.7,1625449482.0,64.0
-44.07,1625449482.0,64.0
-49.83,1625449482.0,64.0
-55.82,1625449482.0,64.0
-61.68,1625449482.0,64.0
-66.87,1625449482.0,64.0
-70.68,1625449482.0,64.0
-72.35,1625449482.0,64.0
-71.25,1625449482.0,64.0
-67.07,1625449482.0,64.0
-59.89,1625449482.0,64.0
-50.22,1625449482.0,64.0
-38.82,1625449482.0,64.0
-26.48,1625449482.0,64.0
-13.87,1625449482.0,64.0
-1.49,1625449482.0,64.0
10.24,1625449482.0,64.0
20.88,1625449482.0,64.0
29.92,1625449482.0,64.0
36.97,1625449482.0,64.0
41.84,1625449482.0,64.0
44.73,1625449482.0,64.0
46.16,1625449482.0,64.0
46.83,1625449482.0,64.0
47.28,1625449482.0,64.0
47.78,1625449482.0,64.0
48.3,1625449482.0,64.0
48.58,1625449482.0,64.0
48.36,1625449482.0,64.0
47.5,1625449482.0,64.0
45.98,1625449482.0,64.0
43.91,1625449482.0,64.0
41.37,1625449482.0,64.0
38.45,1625449482.0,64.0
35.16,1625449482.0,64.0
31.52,1625449482.0,64.0
27.6,1625449482.0,64.0
23.52,1625449482.0,64.0
19.45,1625449482.0,64.0
15.53,1625449482.0,64.0
11.79,1625449482.0,64.0
8.15,1625449482.0,64.0
4.41,1625449482.0,64.0
0.36,1625449482.0,64.0
-4.09,1625449482.0,64.0
-8.9,1625449482.0,64.0
-13.82,1625449482.0,64.0
-18.62,1625449482.0,64.0
-23.12,1625449482.0,64.0
-27.37,1625449482.0,64.0
-31.56,1625449482.0,64.0
-36.01,1625449482.0,64.0
-40.97,1625449482.0,64.0
-46.53,1625449482.0,64.0
-52.53,1625449482.0,64.0
-58.49,1625449482.0,64.0
-63.7,1625449482.0,64.0
-67.32,1625449482.0,64.0
-68.55,1625449482.0,64.0
-66.86,1625449482.0,64.0
-62.09,1625449482.0,64.0
-54.5,1625449482.0,64.0
-44.65,1625449482.0,64.0
-33.27,1625449482.0,64.0
-21.06,1625449482.0,64.0
-8.63,1625449482.0,64.0
3.5,1625449482.0,64.0
14.82,1625449482.0,64.0
24.82,1625449482.0,64.0
33.03,1625449482.0,64.0
39.13,1625449482.0,64.0
43.12,1625449482.0,64.0
45.3,1625449482.0,64.0
46.25,1625449482.0,64.0
46.6,1625449482.0,64.0
46.83,1625449482.0,64.0
47.11,1625449482.0,64.0
47.34,1625449482.0,64.0
47.27,1625449482.0,64.0
46.67,1625449482.0,64.0
45.41,1625449482.0,64.0
43.52,1625449482.0,64.0
41.04,1625449482.0,64.0
38.05,1625449482.0,64.0
34.55,1625449482.0,64.0
30.63,1625449482.0,64.0
26.42,1625449482.0,64.0
22.15,1625449482.0,64.0
18.08,1625449482.0,64.0
14.37,1625449482.0,64.0
11.04,1625449482.0,64.0
7.96,1625449482.0,64.0
4.94,1625449482.0,64.0
1.8,1625449482.0,64.0
-1.57,1625449482.0,64.0
-5.18,1625449482.0,64.0
-9.01,1625449482.0,64.0
-13.01,1625449482.0,64.0
-17.13,1625449482.0,64.0
-21.34,1625449482.0,64.0
-25.58,1625449482.0,64.0
-29.81,1625449482.0,64.0
-34.07,1625449482.0,64.0
-38.46,1625449482.0,64.0
-43.08,1625449482.0,64.0
-47.98,1625449482.0,64.0
-52.87,1625449482.0,64.0
-57.18,1625449482.0,64.0
-60.0,1625449482.0,64.0
-60.42,1625449482.0,64.0
-57.77,1625449482.0,64.0
-51.94,1625449482.0,64.0
-43.37,1625449482.0,64.0
-32.94,1625449482.0,64.0
-21.63,1625449482.0,64.0
-10.23,1625449482.0,64.0
0.69,1625449482.0,64.0
10.79,1625449482.0,64.0
19.73,1625449482.0,64.0
27.17,1625449482.0,64.0
32.78,1625449482.0,64.0
36.42,1625449482.0,64.0
38.27,1625449482.0,64.0
38.83,1625449482.0,64.0
38.77,1625449482.0,64.0
38.69,1625449482.0,64.0
38.85,1625449482.0,64.0
39.23,1625449482.0,64.0
39.5,1625449482.0,64.0
39.33,1625449482.0,64.0
38.44,1625449482.0,64.0
36.77,1625449482.0,64.0
34.42,1625449482.0,64.0
31.56,1625449482.0,64.0
28.37,1625449482.0,64.0
24.97,1625449482.0,64.0
21.48,1625449482.0,64.0
17.98,1625449482.0,64.0
14.53,1625449482.0,64.0
11.16,1625449482.0,64.0
7.85,1625449482.0,64.0
4.52,1625449482.0,64.0
1.06,1625449482.0,64.0
-2.63,1625449482.0,64.0
-6.6,1625449482.0,64.0
-10.88,1625449482.0,64.0
-15.44,1625449482.0,64.0
-20.16,1625449482.0,64.0
-24.93,1625449482.0,64.0
-29.64,1625449482.0,64.0
-34.3,1625449482.0,64.0
-39.06,1625449482.0,64.0
-44.14,1625449482.0,64.0
-49.68,1625449482.0,64.0
-55.51,1625449482.0,64.0
-61.05,1625449482.0,64.0
-65.38,1625449482.0,64.0
-67.46,1625449482.0,64.0
-66.53,1625449482.0,64.0
-62.33,1625449482.0,64.0
-55.21,1625449482.0,64.0
-45.87,1625449482.0,64.0
-35.15,1625449482.0,64.0
-23.71,1625449482.0,64.0
-12.0,1625449482.0,64.0
-0.32,1625449482.0,64.0
10.95,1625449482.0,64.0
21.27,1625449482.0,64.0
29.97,1625449482.0,64.0
36.5,1625449482.0,64.0
40.65,1625449482.0,64.0
42.7,1625449482.0,64.0
43.28,1625449482.0,64.0
43.19,1625449482.0,64.0
43.01,1625449482.0,64.0
42.97,1625449482.0,64.0
42.95,1625449482.0,64.0
42.63,1625449482.0,64.0
41.7,1625449482.0,64.0
40.07,1625449482.0,64.0
37.74,1625449482.0,64.0
34.84,1625449482.0,64.0
31.44,1625449482.0,64.0
27.58,1625449482.0,64.0
23.33,1625449482.0,64.0
18.8,1625449482.0,64.0
14.25,1625449482.0,64.0
9.91,1625449482.0,64.0
5.95,1625449482.0,64.0
2.35,1625449482.0,64.0
-1.11,1625449482.0,64.0
-4.71,1625449482.0,64.0
-8.66,1625449482.0,64.0
-12.99,1625449482.0,64.0
-17.57,1625449482.0,64.0
-22.14,1625449482.0,64.0
-26.5,1625449482.0,64.0
-30.6,1625449482.0,64.0
-34.56,1625449482.0,64.0
-38.63,1625449482.0,64.0
-43.07,1625449482.0,64.0
-48.02,1625449482.0,64.0
-53.43,1625449482.0,64.0
-59.0,1625449482.0,64.0
-64.15,1625449482.0,64.0
-68.1,1625449482.0,64.0
-69.98,1625449482.0,64.0
-69.01,1625449482.0,64.0
-64.83,1625449482.0,64.0
-57.55,1625449482.0,64.0
-47.75,1625449482.0,64.0
-36.28,1625449482.0,64.0
-23.98,1625449482.0,64.0
-11.51,1625449482.0,64.0
0.66,1625449482.0,64.0
12.2,1625449482.0,64.0
22.73,1625449482.0,64.0
31.81,1625449482.0,64.0
39.04,1625449482.0,64.0
44.19,1625449482.0,64.0
47.34,1625449482.0,64.0
48.87,1625449482.0,64.0
49.32,1625449482.0,64.0
49.27,1625449482.0,64.0
49.15,1625449482.0,64.0
49.17,1625449482.0,64.0
49.33,1625449482.0,64.0
49.44,1625449482.0,64.0
49.2,1625449482.0,64.0
48.29,1625449482.0,64.0
46.48,1625449482.0,64.0
43.61,1625449482.0,64.0
39.72,1625449482.0,64.0
35.0,1625449482.0,64.0
29.72,1625449482.0,64.0
24.25,1625449482.0,64.0
18.95,1625449482.0,64.0
14.12,1625449482.0,64.0
9.91,1625449482.0,64.0
6.28,1625449482.0,64.0
3.03,1625449482.0,64.0
-0.19,1625449482.0,64.0
-3.73,1625449482.0,64.0
-7.85,1625449482.0,64.0
-12.68,1625449482.0,64.0
-18.16,1625449482.0,64.0
-24.12,1625449482.0,64.0
-30.33,1625449482.0,64.0
-36.58,1625449482.0,64.0
-42.74,1625449482.0,64.0
-48.76,1625449482.0,64.0
-54.65,1625449482.0,64.0
-60.39,1625449482.0,64.0
-65.73,1625449482.0,64.0
-70.16,1625449482.0,64.0
-72.89,1625449482.0,64.0
-73.05,1625449482.0,64.0
-69.99,1625449482.0,64.0
-63.58,1625449482.0,64.0
-54.27,1625449482.0,64.0
-42.91,1625449482.0,64.0
-30.45,1625449482.0,64.0
-17.66,1625449482.0,64.0
-4.98,1625449482.0,64.0
7.3,1625449482.0,64.0
18.84,1625449482.0,64.0
29.13,1625449482.0,64.0
37.5,1625449482.0,64.0
43.43,1625449482.0,64.0
46.79,1625449482.0,64.0
47.99,1625449482.0,64.0
47.88,1625449482.0,64.0
47.42,1625449482.0,64.0
47.42,1625449482.0,64.0
48.21,1625449482.0,64.0
49.64,1625449482.0,64.0
51.22,1625449482.0,64.0
52.32,1625449482.0,64.0
52.38,1625449482.0,64.0
51.04,1625449482.0,64.0
48.19,1625449482.0,64.0
43.87,1625449482.0,64.0
38.23,1625449482.0,64.0
31.53,1625449482.0,64.0
24.04,1625449482.0,64.0
16.04,1625449482.0,64.0
7.79,1625449482.0,64.0
-0.55,1625449482.0,64.0
-8.84,1625449482.0,64.0
-16.95,1625449482.0,64.0
-24.64,1625449482.0,64.0
-31.47,1625449482.0,64.0
-36.9,1625449482.0,64.0
-40.4,1625449482.0,64.0
-41.63,1625449482.0,64.0
-40.64,1625449482.0,64.0
-37.89,1625449482.0,64.0
-34.18,1625449482.0,64.0
-30.44,1625449482.0,64.0
-27.61,1625449482.0,64.0
-26.4,1625449482.0,64.0
-27.2,1625449482.0,64.0
-30.0,1625449482.0,64.0
-34.29,1625449482.0,64.0
-39.14,1625449482.0,64.0
-43.35,1625449482.0,64.0
-45.71,1625449482.0,64.0
-45.34,1625449482.0,64.0
-41.92,1625449482.0,64.0
-35.69,1625449482.0,64.0
-27.31,1625449482.0,64.0
-17.51,1625449482.0,64.0
-6.87,1625449482.0,64.0
4.27,1625449482.0,64.0
15.67,1625449482.0,64.0
27.02,1625449482.0,64.0
37.77,1625449482.0,64.0
47.2,1625449482.0,64.0
54.67,1625449482.0,64.0
59.83,1625449482.0,64.0
62.79,1625449482.0,64.0
64.0,1625449482.0,64.0
64.06,1625449482.0,64.0
63.47,1625449482.0,64.0
62.44,1625449482.0,64.0
60.91,1625449482.0,64.0
58.67,1625449482.0,64.0
55.47,1625449482.0,64.0
51.16,1625449482.0,64.0
45.74,1625449482.0,64.0
39.4,1625449482.0,64.0
32.49,1625449482.0,64.0
25.45,1625449482.0,64.0
18.76,1625449482.0,64.0
12.77,1625449482.0,64.0
7.65,1625449482.0,64.0
3.31,1625449482.0,64.0
-0.49,1625449482.0,64.0
-4.1,1625449482.0,64.0
-7.8,1625449482.0,64.0
-11.78,1625449482.0,64.0
-16.05,1625449482.0,64.0
-20.58,1625449482.0,64.0
-25.26,1625449482.0,64.0
-30.08,1625449482.0,64.0
-35.05,1625449482.0,64.0
-40.22,1625449482.0,64.0
-45.64,1625449482.0,64.0
-51.34,1625449482.0,64.0
-57.25,1625449482.0,64.0
-63.16,1625449482.0,64.0
-68.7,1625449482.0,64.0
-73.2,1625449482.0,64.0
-75.83,1625449482.0,64.0
-75.75,1625449482.0,64.0
-72.31,1625449482.0,64.0
-65.41,1625449482.0,64.0
-55.49,1625449482.0,64.0
-43.45,1625449482.0,64.0
-30.37,1625449482.0,64.0
-17.19,1625449482.0,64.0
-4.58,1625449482.0,64.0
7.04,1625449482.0,64.0
17.38,1625449482.0,64.0
26.05,1625449482.0,64.0
32.67,1625449482.0,64.0
36.99,1625449482.0,64.0
39.12,1625449482.0,64.0
39.57,1625449482.0,64.0
39.14,1625449482.0,64.0
38.63,1625449482.0,64.0
38.54,1625449482.0,64.0
38.93,1625449482.0,64.0
39.45,1625449482.0,64.0
39.53,1625449482.0,64.0
38.7,1625449482.0,64.0
36.74,1625449482.0,64.0
33.81,1625449482.0,64.0
30.29,1625449482.0,64.0
26.69,1625449482.0,64.0
23.35,1625449482.0,64.0
20.37,1625449482.0,64.0
17.6,1625449482.0,64.0
14.79,1625449482.0,64.0
11.74,1625449482.0,64.0
8.44,1625449482.0,64.0
5.05,1625449482.0,64.0
1.79,1625449482.0,64.0
-1.23,1625449482.0,64.0
-4.15,1625449482.0,64.0
-7.26,1625449482.0,64.0
-10.91,1625449482.0,64.0
-15.29,1625449482.0,64.0
-20.34,1625449482.0,64.0
-25.87,1625449482.0,64.0
-31.63,1625449482.0,64.0
-37.41,1625449482.0,64.0
-43.02,1625449482.0,64.0
-48.12,1625449482.0,64.0
-52.15,1625449482.0,64.0
-54.39,1625449482.0,64.0
-54.12,1625449482.0,64.0
-50.9,1625449482.0,64.0
-44.75,1625449482.0,64.0
-36.17,1625449482.0,64.0
-25.93,1625449482.0,64.0
-14.86,1625449482.0,64.0
-3.66,1625449482.0,64.0
7.2,1625449482.0,64.0
17.29,1625449482.0,64.0
26.23,1625449482.0,64.0
33.55,1625449482.0,64.0
38.82,1625449482.0,64.0
41.84,1625449482.0,64.0
42.77,1625449482.0,64.0
42.14,1625449482.0,64.0
40.71,1625449482.0,64.0
39.22,1625449482.0,64.0
38.06,1625449482.0,64.0
37.21,1625449482.0,64.0
36.31,1625449482.0,64.0
34.92,1625449482.0,64.0
32.76,1625449482.0,64.0
29.88,1625449482.0,64.0
26.54,1625449482.0,64.0
23.09,1625449482.0,64.0
19.77,1625449482.0,64.0
16.63,1625449482.0,64.0
13.59,1625449482.0,64.0
10.51,1625449482.0,64.0
7.31,1625449482.0,64.0
3.99,1625449482.0,64.0
0.57,1625449482.0,64.0
-2.89,1625449482.0,64.0
-6.38,1625449482.0,64.0
-9.87,1625449482.0,64.0
-13.37,1625449482.0,64.0
-16.93,1625449482.0,64.0
-20.62,1625449482.0,64.0
-24.58,1625449482.0,64.0
-28.94,1625449482.0,64.0
-33.78,1625449482.0,64.0
-39.04,1625449482.0,64.0
-44.47,1625449482.0,64.0
-49.57,1625449482.0,64.0
-53.63,1625449482.0,64.0
-55.91,1625449482.0,64.0
-55.74,1625449482.0,64.0
-52.76,1625449482.0,64.0
-47.0,1625449482.0,64.0
-38.86,1625449482.0,64.0
-28.98,1625449482.0,64.0
-18.05,1625449482.0,64.0
-6.67,1625449482.0,64.0
4.69,1625449482.0,64.0
15.64,1625449482.0,64.0
25.7,1625449482.0,64.0
34.36,1625449482.0,64.0
41.09,1625449482.0,64.0
45.61,1625449482.0,64.0
47.99,1625449482.0,64.0
48.72,1625449482.0,64.0
48.48,1625449482.0,64.0
47.92,1625449482.0,64.0
47.36,1625449482.0,64.0
46.79,1625449482.0,64.0
45.89,1625449482.0,64.0
44.33,1625449482.0,64.0
41.93,1625449482.0,64.0
38.77,1625449482.0,64.0
35.1,1625449482.0,64.0
31.23,1625449482.0,64.0
27.36,1625449482.0,64.0
23.54,1625449482.0,64.0
19.74,1625449482.0,64.0
15.88,1625449482.0,64.0
11.94,1625449482.0,64.0
7.95,1625449482.0,64.0
3.97,1625449482.0,64.0
0.04,1625449482.0,64.0
-3.81,1625449482.0,64.0
-7.63,1625449482.0,64.0
-11.49,1625449482.0,64.0
-15.5,1625449482.0,64.0
-19.78,1625449482.0,64.0
-24.36,1625449482.0,64.0
-29.28,1625449482.0,64.0
-34.5,1625449482.0,64.0
-40.01,1625449482.0,64.0
-45.72,1625449482.0,64.0
-51.42,1625449482.0,64.0
-56.68,1625449482.0,64.0
-60.79,1625449482.0,64.0
-62.92,1625449482.0,64.0
-62.28,1625449482.0,64.0
-58.45,1625449482.0,64.0
-51.53,1625449482.0,64.0
-42.11,1625449482.0,64.0
-31.04,1625449482.0,64.0
-19.16,1625449482.0,64.0
-7.07,1625449482.0,64.0
4.85,1625449482.0,64.0
16.27,1625449482.0,64.0
26.72,1625449482.0,64.0
35.58,1625449482.0,64.0
42.24,1625449482.0,64.0
46.36,1625449482.0,64.0
48.11,1625449482.0,64.0
48.09,1625449482.0,64.0
47.18,1625449482.0,64.0
46.15,1625449482.0,64.0
45.39,1625449482.0,64.0
44.91,1625449482.0,64.0
44.39,1625449482.0,64.0
43.49,1625449482.0,64.0
41.96,1625449482.0,64.0
39.73,1625449482.0,64.0
36.85,1625449482.0,64.0
33.43,1625449482.0,64.0
29.59,1625449482.0,64.0
25.45,1625449482.0,64.0
21.15,1625449482.0,64.0
16.86,1625449482.0,64.0
12.74,1625449482.0,64.0
8.87,1625449482.0,64.0
5.21,1625449482.0,64.0
1.65,1625449482.0,64.0
-1.96,1625449482.0,64.0
-5.75,1625449482.0,64.0
-9.75,1625449482.0,64.0
-13.94,1625449482.0,64.0
-18.24,1625449482.0,64.0
-22.59,1625449482.0,64.0
-26.96,1625449482.0,64.0
-31.39,1625449482.0,64.0
-35.97,1625449482.0,64.0
-40.81,1625449482.0,64.0
-46.02,1625449482.0,64.0
-51.56,1625449482.0,64.0
-57.19,1625449482.0,64.0
-62.36,1625449482.0,64.0
-66.27,1625449482.0,64.0
-68.02,1625449482.0,64.0
-66.85,1625449482.0,64.0
-62.45,1625449482.0,64.0
-54.99,1625449482.0,64.0
-45.12,1625449482.0,64.0
-33.72,1625449482.0,64.0
-21.58,1625449482.0,64.0
-9.3,1625449482.0,64.0
2.78,1625449482.0,64.0
14.4,1625449482.0,64.0
25.23,1625449482.0,64.0
34.81,1625449482.0,64.0
42.62,1625449482.0,64.0
48.28,1625449482.0,64.0
51.75,1625449482.0,64.0
53.34,1625449482.0,64.0
53.64,1625449482.0,64.0
53.29,1625449482.0,64.0
52.73,1625449482.0,64.0
52.15,1625449482.0,64.0
51.43,1625449482.0,64.0
50.34,1625449482.0,64.0
48.72,1625449482.0,64.0
46.47,1625449482.0,64.0
43.68,1625449482.0,64.0
40.47,1625449482.0,64.0
37.01,1625449482.0,64.0
33.36,1625449482.0,64.0
29.59,1625449482.0,64.0
25.66,1625449482.0,64.0
21.58,1625449482.0,64.0
17.37,1625449482.0,64.0
13.1,1625449482.0,64.0
8.9,1625449482.0,64.0
4.86,1625449482.0,64.0
0.99,1625449482.0,64.0
-2.79,1625449482.0,64.0
-6.62,1625449482.0,64.0
-10.62,1625449482.0,64.0
-14.79,1625449482.0,64.0
-19.0,1625449482.0,64.0
-23.1,1625449482.0,64.0
-26.98,1625449482.0,64.0
-30.73,1625449482.0,64.0
-34.57,1625449482.0,64.0
-38.81,1625449482.0,64.0
-43.71,1625449482.0,64.0
-49.3,1625449482.0,64.0
-55.32,1625449482.0,64.0
-61.12,1625449482.0,64.0
-65.83,1625449482.0,64.0
-68.48,1625449482.0,64.0
-68.24,1625449482.0,64.0
-64.69,1625449482.0,64.0
-57.88,1625449482.0,64.0
-48.38,1625449482.0,64.0
-37.03,1625449482.0,64.0
-24.67,1625449482.0,64.0
-11.98,1625449482.0,64.0
0.55,1625449482.0,64.0
12.51,1625449482.0,64.0
23.49,1625449482.0,64.0
32.99,1625449482.0,64.0
40.51,1625449482.0,64.0
45.8,1625449482.0,64.0
48.91,1625449482.0,64.0
50.29,1625449482.0,64.0
50.56,1625449482.0,64.0
50.34,1625449482.0,64.0
50.04,1625449482.0,64.0
49.74,1625449482.0,64.0
49.28,1625449482.0,64.0
48.42,1625449482.0,64.0
46.98,1625449482.0,64.0
44.92,1625449482.0,64.0
42.41,1625449482.0,64.0
39.64,1625449482.0,64.0
36.78,1625449482.0,64.0
33.85,1625449482.0,64.0
30.75,1625449482.0,64.0
27.35,1625449482.0,64.0
23.58,1625449482.0,64.0
19.56,1625449482.0,64.0
15.53,1625449482.0,64.0
11.71,1625449482.0,64.0
8.24,1625449482.0,64.0
5.09,1625449482.0,64.0
2.06,1625449482.0,64.0
-1.09,1625449482.0,64.0
-4.54,1625449482.0,64.0
-8.27,1625449482.0,64.0
-12.17,1625449482.0,64.0
-16.02,1625449482.0,64.0
-19.65,1625449482.0,64.0
-22.98,1625449482.0,64.0
-26.09,1625449482.0,64.0
-29.14,1625449482.0,64.0
-32.37,1625449482.0,64.0
-36.01,1625449482.0,64.0
-40.24,1625449482.0,64.0
-45.13,1625449482.0,64.0
-50.56,1625449482.0,64.0
-56.13,1625449482.0,64.0
-61.21,1625449482.0,64.0
-64.95,1625449482.0,64.0
-66.48,1625449482.0,64.0
-65.12,1625449482.0,64.0
-60.6,1625449482.0,64.0
-53.14,1625449482.0,64.0
-43.37,1625449482.0,64.0
-32.13,1625449482.0,64.0
-20.2,1625449482.0,64.0
-8.23,1625449482.0,64.0
3.34,1625449482.0,64.0
14.12,1625449482.0,64.0
23.68,1625449482.0,64.0
31.55,1625449482.0,64.0
37.37,1625449482.0,64.0
41.05,1625449482.0,64.0
42.85,1625449482.0,64.0
43.37,1625449482.0,64.0
43.31,1625449482.0,64.0
43.21,1625449482.0,64.0
43.33,1625449482.0,64.0
43.52,1625449482.0,64.0
43.43,1625449482.0,64.0
42.71,1625449482.0,64.0
41.2,1625449482.0,64.0
38.98,1625449482.0,64.0
36.3,1625449482.0,64.0
33.45,1625449482.0,64.0
30.6,1625449482.0,64.0
27.69,1625449482.0,64.0
24.59,1625449482.0,64.0
21.11,1625449482.0,64.0
17.26,1625449482.0,64.0
13.21,1625449482.0,64.0
9.28,1625449482.0,64.0
5.82,1625449482.0,64.0
3.0,1625449482.0,64.0
0.76,1625449482.0,64.0
-1.17,1625449482.0,64.0
-3.19,1625449482.0,64.0
-5.62,1625449482.0,64.0
-8.63,1625449482.0,64.0
-12.13,1625449482.0,64.0
-15.82,1625449482.0,64.0
-19.38,1625449482.0,64.0
-22.58,1625449482.0,64.0
-25.39,1625449482.0,64.0
-27.98,1625449482.0,64.0
-30.69,1625449482.0,64.0
-33.86,1625449482.0,64.0
-37.77,1625449482.0,64.0
-42.54,1625449482.0,64.0
-48.11,1625449482.0,64.0
-54.13,1625449482.0,64.0
-59.98,1625449482.0,64.0
-64.82,1625449482.0,64.0
-67.7,1625449482.0,64.0
-67.82,1625449482.0,64.0
-64.71,1625449482.0,64.0
-58.44,1625449482.0,64.0
-49.59,1625449482.0,64.0
-39.1,1625449482.0,64.0
-27.9,1625449482.0,64.0
-16.74,1625449482.0,64.0
-6.08,1625449482.0,64.0
3.79,1625449482.0,64.0
12.63,1625449482.0,64.0
20.12,1625449482.0,64.0
25.89,1625449482.0,64.0
29.69,1625449482.0,64.0
31.59,1625449482.0,64.0
32.03,1625449482.0,64.0
31.71,1625449482.0,64.0
31.33,1625449482.0,64.0
31.38,1625449482.0,64.0
31.94,1625449482.0,64.0
32.73,1625449482.0,64.0
33.33,1625449482.0,64.0
33.35,1625449482.0,64.0
32.59,1625449482.0,64.0
31.08,1625449482.0,64.0
28.98,1625449482.0,64.0
26.48,1625449482.0,64.0
23.75,1625449482.0,64.0
20.87,1625449482.0,64.0
17.96,1625449482.0,64.0
15.16,1625449482.0,64.0
12.63,1625449482.0,64.0
10.49,1625449482.0,64.0
8.73,1625449482.0,64.0
7.2,1625449482.0,64.0
5.59,1625449482.0,64.0
3.65,1625449482.0,64.0
1.24,1625449482.0,64.0
-1.58,1625449482.0,64.0
-4.62,1625449482.0,64.0
-7.63,1625449482.0,64.0
-10.53,1625449482.0,64.0
-13.37,1625449482.0,64.0
-16.36,1625449482.0,64.0
-19.72,1625449482.0,64.0
-23.65,1625449482.0,64.0
-28.21,1625449482.0,64.0
-33.31,1625449482.0,64.0
-38.69,1625449482.0,64.0
-43.86,1625449482.0,64.0
-48.08,1625449482.0,64.0
-50.47,1625449482.0,64.0
-50.2,1625449482.0,64.0
-46.75,1625449482.0,64.0
-40.13,1625449482.0,64.0
-30.93,1625449482.0,64.0
-20.14,1625449482.0,64.0
-8.89,1625449482.0,64.0
1.88,1625449482.0,64.0
11.53,1625449482.0,64.0
19.68,1625449482.0,64.0
26.07,1625449482.0,64.0
30.52,1625449482.0,64.0
32.95,1625449482.0,64.0
33.45,1625449482.0,64.0
32.43,1625449482.0,64.0
30.55,1625449482.0,64.0
28.53,1625449482.0,64.0
26.93,1625449482.0,64.0
25.98,1625449482.0,64.0
25.54,1625449482.0,64.0
25.25,1625449482.0,64.0
24.73,1625449482.0,64.0
23.76,1625449482.0,64.0
22.31,1625449482.0,64.0
20.51,1625449482.0,64.0
18.48,1625449482.0,64.0
16.3,1625449482.0,64.0
13.93,1625449482.0,64.0
11.31,1625449482.0,64.0
8.36,1625449482.0,64.0
5.1,1625449482.0,64.0
1.61,1625449482.0,64.0
-1.98,1625449482.0,64.0
-5.56,1625449482.0,64.0
-9.06,1625449482.0,64.0
-12.49,1625449482.0,64.0
-15.89,1625449482.0,64.0
-19.31,1625449482.0,64.0
-22.82,1625449482.0,64.0
-26.48,1625449482.0,64.0
-30.37,1625449482.0,64.0
-34.64,1625449482.0,64.0
-39.4,1625449482.0,64.0
-44.68,1625449482.0,64.0
-50.32,1625449482.0,64.0
-55.94,1625449482.0,64.0
-60.94,1625449482.0,64.0
-64.63,1625449482.0,64.0
-66.36,1625449482.0,64.0
-65.62,1625449482.0,64.0
-62.19,1625449482.0,64.0
-56.19,1625449482.0,64.0
-48.01,1625449482.0,64.0
-38.24,1625449482.0,64.0
-27.51,1625449482.0,64.0
-16.32,1625449482.0,64.0
-5.1,1625449482.0,64.0
5.76,1625449482.0,64.0
15.84,1625449482.0,64.0
24.58,1625449482.0,64.0
31.44,1625449482.0,64.0
36.1,1625449482.0,64.0
38.57,1625449482.0,64.0
39.34,1625449482.0,64.0
39.17,1625449482.0,64.0
38.84,1625449482.0,64.0
38.83,1625449482.0,64.0
39.22,1625449482.0,64.0
39.71,1625449482.0,64.0
39.87,1625449482.0,64.0
39.31,1625449482.0,64.0
37.82,1625449482.0,64.0
35.45,1625449482.0,64.0
32.37,1625449482.0,64.0
28.79,1625449482.0,64.0
24.97,1625449482.0,64.0
21.08,1625449482.0,64.0
17.28,1625449482.0,64.0
13.61,1625449482.0,64.0
10.1,1625449482.0,64.0
6.71,1625449482.0,64.0
3.39,1625449482.0,64.0
0.13,1625449482.0,64.0
-3.06,1625449482.0,64.0
-6.19,1625449482.0,64.0
-9.27,1625449482.0,64.0
-12.37,1625449482.0,64.0
-15.57,1625449482.0,64.0
-18.94,1625449482.0,64.0
-22.49,1625449482.0,64.0
-26.24,1625449482.0,64.0
-30.23,1625449482.0,64.0
-34.5,1625449482.0,64.0
-39.07,1625449482.0,64.0
-43.79,1625449482.0,64.0
-48.23,1625449482.0,64.0
-51.66,1625449482.0,64.0
-53.19,1625449482.0,64.0
-52.1,1625449482.0,64.0
-48.08,1625449482.0,64.0
-41.32,1625449482.0,64.0
-32.46,1625449482.0,64.0
-22.35,1625449482.0,64.0
-11.79,1625449482.0,64.0
-1.38,1625449482.0,64.0
8.44,1625449482.0,64.0
17.28,1625449482.0,64.0
24.74,1625449482.0,64.0
30.41,1625449482.0,64.0
34.07,1625449482.0,64.0
35.86,1625449482.0,64.0
36.25,1625449482.0,64.0
35.96,1625449482.0,64.0
35.65,1625449482.0,64.0
35.76,1625449482.0,64.0
36.32,1625449482.0,64.0
37.08,1625449482.0,64.0
37.68,1625449482.0,64.0
37.79,1625449482.0,64.0
37.22,1625449482.0,64.0
35.98,1625449482.0,64.0
34.16,1625449482.0,64.0
31.9,1625449482.0,64.0
29.29,1625449482.0,64.0
26.41,1625449482.0,64.0
23.29,1625449482.0,64.0
19.96,1625449482.0,64.0
16.46,1625449482.0,64.0
12.83,1625449482.0,64.0
9.13,1625449482.0,64.0
5.42,1625449482.0,64.0
1.78,1625449482.0,64.0
-1.76,1625449482.0,64.0
-5.21,1625449482.0,64.0
-8.65,1625449482.0,64.0
-12.17,1625449482.0,64.0
-15.91,1625449482.0,64.0
-19.99,1625449482.0,64.0
-24.49,1625449482.0,64.0
-29.49,1625449482.0,64.0
-34.96,1625449482.0,64.0
-40.8,1625449482.0,64.0
-46.65,1625449482.0,64.0
-51.9,1625449482.0,64.0
-55.73,1625449482.0,64.0
-57.28,1625449482.0,64.0
-55.93,1625449482.0,64.0
-51.5,1625449482.0,64.0
-44.34,1625449482.0,64.0
-35.16,1625449482.0,64.0
-24.82,1625449482.0,64.0
-14.03,1625449482.0,64.0
-3.35,1625449482.0,64.0
6.8,1625449482.0,64.0
15.92,1625449482.0,64.0
23.48,1625449482.0,64.0
28.97,1625449482.0,64.0
32.16,1625449482.0,64.0
33.3,1625449482.0,64.0
33.06,1625449482.0,64.0
32.39,1625449482.0,64.0
32.09,1625449482.0,64.0
32.54,1625449482.0,64.0
33.61,1625449482.0,64.0
34.81,1625449482.0,64.0
35.52,1625449482.0,64.0
35.35,1625449482.0,64.0
34.19,1625449482.0,64.0
32.18,1625449482.0,64.0
29.64,1625449482.0,64.0
26.8,1625449482.0,64.0
23.8,1625449482.0,64.0
20.6,1625449482.0,64.0
17.15,1625449482.0,64.0
13.34,1625449482.0,64.0
9.22,1625449482.0,64.0
4.9,1625449482.0,64.0
0.62,1625449482.0,64.0
-3.43,1625449482.0,64.0
-7.14,1625449482.0,64.0
-10.55,1625449482.0,64.0
-13.8,1625449482.0,64.0
-17.08,1625449482.0,64.0
-20.52,1625449482.0,64.0
-24.2,1625449482.0,64.0
-28.16,1625449482.0,64.0
-32.49,1625449482.0,64.0
-37.24,1625449482.0,64.0
-42.4,1625449482.0,64.0
-47.65,1625449482.0,64.0
-52.35,1625449482.0,64.0
-55.56,1625449482.0,64.0
-56.33,1625449482.0,64.0
-53.99,1625449482.0,64.0
-48.44,1625449482.0,64.0
-40.18,1625449482.0,64.0
-30.08,1625449482.0,64.0
-19.16,1625449482.0,64.0
-8.22,1625449482.0,64.0
2.18,1625449482.0,64.0
11.68,1625449482.0,64.0
19.98,1625449482.0,64.0
26.76,1625449482.0,64.0
31.73,1625449482.0,64.0
34.83,1625449482.0,64.0
36.32,1625449482.0,64.0
36.85,1625449482.0,64.0
37.18,1625449482.0,64.0
37.9,1625449482.0,64.0
39.17,1625449482.0,64.0
40.73,1625449482.0,64.0
42.03,1625449482.0,64.0
42.53,1625449482.0,64.0
41.99,1625449482.0,64.0
40.48,1625449482.0,64.0
38.26,1625449482.0,64.0
35.63,1625449482.0,64.0
32.72,1625449482.0,64.0
29.49,1625449482.0,64.0
25.85,1625449482.0,64.0
21.76,1625449482.0,64.0
17.34,1625449482.0,64.0
12.85,1625449482.0,64.0
8.56,1625449482.0,64.0
4.62,1625449482.0,64.0
1.02,1625449482.0,64.0
-2.4,1625449482.0,64.0
-5.84,1625449482.0,64.0
-9.45,1625449482.0,64.0
-13.31,1625449482.0,64.0
-17.39,1625449482.0,64.0
-21.67,1625449482.0,64.0
-26.17,1625449482.0,64.0
-30.95,1625449482.0,64.0
-35.96,1625449482.0,64.0
-40.92,1625449482.0,64.0
-45.26,1625449482.0,64.0
-48.16,1625449482.0,64.0
-48.8,1625449482.0,64.0
-46.6,1625449482.0,64.0
-41.51,1625449482.0,64.0
-33.94,1625449482.0,64.0
-24.66,1625449482.0,64.0
-14.55,1625449482.0,64.0
-4.38,1625449482.0,64.0
5.23,1625449482.0,64.0
13.78,1625449482.0,64.0
20.79,1625449482.0,64.0
25.88,1625449482.0,64.0
28.85,1625449482.0,64.0
29.87,1625449482.0,64.0
29.48,1625449482.0,64.0
28.46,1625449482.0,64.0
27.58,1625449482.0,64.0
27.26,1625449482.0,64.0
27.49,1625449482.0,64.0
27.89,1625449482.0,64.0
27.91,1625449482.0,64.0
27.19,1625449482.0,64.0
25.64,1625449482.0,64.0
23.48,1625449482.0,64.0
21.01,1625449482.0,64.0
18.47,1625449482.0,64.0
15.91,1625449482.0,64.0
13.2,1625449482.0,64.0
10.22,1625449482.0,64.0
6.92,1625449482.0,64.0
3.44,1625449482.0,64.0
0.02,1625449482.0,64.0
-3.13,1625449482.0,64.0
-5.97,1625449482.0,64.0
-8.62,1625449482.0,64.0
-11.32,1625449482.0,64.0
-14.33,1625449482.0,64.0
-17.84,1625449482.0,64.0
-21.9,1625449482.0,64.0
-26.44,1625449482.0,64.0
-31.35,1625449482.0,64.0
-36.35,1625449482.0,64.0
-41.08,1625449482.0,64.0
-44.96,1625449482.0,64.0
-47.32,1625449482.0,64.0
-47.57,1625449482.0,64.0
-45.32,1625449482.0,64.0
-40.57,1625449482.0,64.0
-33.64,1625449482.0,64.0
-25.06,1625449482.0,64.0
-15.44,1625449482.0,64.0
-5.33,1625449482.0,64.0
4.72,1625449482.0,64.0
14.16,1625449482.0,64.0
22.41,1625449482.0,64.0
28.9,1625449482.0,64.0
33.29,1625449482.0,64.0
35.59,1625449482.0,64.0
36.18,1625449482.0,64.0
35.72,1625449482.0,64.0
34.91,1625449482.0,64.0
34.28,1625449482.0,64.0
34.01,1625449482.0,64.0
34.01,1625449482.0,64.0
33.96,1625449482.0,64.0
33.5,1625449482.0,64.0
32.34,1625449482.0,64.0
30.36,1625449482.0,64.0
27.64,1625449482.0,64.0
24.39,1625449482.0,64.0
20.84,1625449482.0,64.0
17.16,1625449482.0,64.0
13.45,1625449482.0,64.0
9.67,1625449482.0,64.0
5.73,1625449482.0,64.0
1.6,1625449482.0,64.0
-2.68,1625449482.0,64.0
-6.98,1625449482.0,64.0
-11.16,1625449482.0,64.0
-15.17,1625449482.0,64.0
-19.03,1625449482.0,64.0
-22.89,1625449482.0,64.0
-26.94,1625449482.0,64.0
-31.36,1625449482.0,64.0
-36.24,1625449482.0,64.0
-41.52,1625449482.0,64.0
-46.88,1625449482.0,64.0
-51.8,1625449482.0,64.0
-55.54,1625449482.0,64.0
-57.35,1625449482.0,64.0
-56.66,1625449482.0,64.0
-53.24,1625449482.0,64.0
-47.25,1625449482.0,64.0
-39.18,1625449482.0,64.0
-29.66,1625449482.0,64.0
-19.29,1625449482.0,64.0
-8.49,1625449482.0,64.0
2.39,1625449482.0,64.0
12.97,1625449482.0,64.0
22.77,1625449482.0,64.0
31.13,1625449482.0,64.0
37.45,1625449482.0,64.0
41.4,1625449482.0,64.0
43.08,1625449482.0,64.0
43.05,1625449482.0,64.0
42.14,1625449482.0,64.0
41.14,1625449482.0,64.0
40.52,1625449482.0,64.0
40.31,1625449482.0,64.0
40.19,1625449482.0,64.0
39.67,1625449482.0,64.0
38.4,1625449482.0,64.0
36.28,1625449482.0,64.0
33.46,1625449482.0,64.0
30.25,1625449482.0,64.0
26.88,1625449482.0,64.0
23.45,1625449482.0,64.0
19.9,1625449482.0,64.0
16.1,1625449482.0,64.0
11.98,1625449482.0,64.0
7.59,1625449482.0,64.0
3.11,1625449482.0,64.0
-1.19,1625449482.0,64.0
-5.12,1625449482.0,64.0
-8.64,1625449482.0,64.0
-11.91,1625449482.0,64.0
-15.25,1625449482.0,64.0
-19.0,1625449482.0,64.0
-23.38,1625449482.0,64.0
-28.47,1625449482.0,64.0
-34.15,1625449482.0,64.0
-40.21,1625449482.0,64.0
-46.3,1625449482.0,64.0
-52.02,1625449482.0,64.0
-56.8,1625449482.0,64.0
-59.98,1625449482.0,64.0
-60.81,1625449482.0,64.0
-58.75,1625449482.0,64.0
-53.61,1625449482.0,64.0
-45.7,1625449482.0,64.0
-35.71,1625449482.0,64.0
-24.53,1625449482.0,64.0
-12.96,1625449482.0,64.0
-1.58,1625449482.0,64.0
9.22,1625449482.0,64.0
19.1,1625449482.0,64.0
27.68,1625449482.0,64.0
34.48,1625449482.0,64.0
39.18,1625449482.0,64.0
41.72,1625449482.0,64.0
42.45,1625449482.0,64.0
42.05,1625449482.0,64.0
41.26,1625449482.0,64.0
40.63,1625449482.0,64.0
40.36,1625449482.0,64.0
40.27,1625449482.0,64.0
39.97,1625449482.0,64.0
39.07,1625449482.0,64.0
37.33,1625449482.0,64.0
34.76,1625449482.0,64.0
31.52,1625449482.0,64.0
27.87,1625449482.0,64.0
24.04,1625449482.0,64.0
20.17,1625449482.0,64.0
16.29,1625449482.0,64.0
12.37,1625449482.0,64.0
8.37,1625449482.0,64.0
4.26,1625449482.0,64.0
0.14,1625449482.0,64.0
-3.9,1625449482.0,64.0
-7.7,1625449482.0,64.0
-11.22,1625449482.0,64.0
-14.51,1625449482.0,64.0
-17.72,1625449482.0,64.0
-21.06,1625449482.0,64.0
-24.69,1625449482.0,64.0
-28.68,1625449482.0,64.0
-33.05,1625449482.0,64.0
-37.75,1625449482.0,64.0
-42.75,1625449482.0,64.0
-47.98,1625449482.0,64.0
-53.22,1625449482.0,64.0
-57.99,1625449482.0,64.0
-61.54,1625449482.0,64.0
-62.99,1625449482.0,64.0
-61.57,1625449482.0,64.0
-56.99,1625449482.0,64.0
-49.49,1625449482.0,64.0
-39.79,1625449482.0,64.0
-28.78,1625449482.0,64.0
-17.25,1625449482.0,64.0
-5.73,1625449482.0,64.0
5.43,1625449482.0,64.0
15.92,1625449482.0,64.0
25.3,1625449482.0,64.0
33.03,1625449482.0,64.0
38.65,1625449482.0,64.0
42.04,1625449482.0,64.0
43.46,1625449482.0,64.0
43.53,1625449482.0,64.0
42.99,1625449482.0,64.0
42.42,1625449482.0,64.0
42.1,1625449482.0,64.0
42.01,1625449482.0,64.0
41.89,1625449482.0,64.0
41.45,1625449482.0,64.0
40.45,1625449482.0,64.0
38.79,1625449482.0,64.0
36.48,1625449482.0,64.0
33.63,1625449482.0,64.0
30.38,1625449482.0,64.0
26.86,1625449482.0,64.0
23.17,1625449482.0,64.0
19.4,1625449482.0,64.0
15.65,1625449482.0,64.0
12.03,1625449482.0,64.0
8.61,1625449482.0,64.0
5.37,1625449482.0,64.0
2.19,1625449482.0,64.0
-1.12,1625449482.0,64.0
-4.74,1625449482.0,64.0
-8.72,1625449482.0,64.0
-12.94,1625449482.0,64.0
-17.18,1625449482.0,64.0
-21.27,1625449482.0,64.0
-25.13,1625449482.0,64.0
-28.85,1625449482.0,64.0
-32.59,1625449482.0,64.0
-36.57,1625449482.0,64.0
-40.98,1625449482.0,64.0
-45.83,1625449482.0,64.0
-51.0,1625449482.0,64.0
-56.05,1625449482.0,64.0
-60.31,1625449482.0,64.0
-62.9,1625449482.0,64.0
-62.99,1625449482.0,64.0
-60.03,1625449482.0,64.0
-53.98,1625449482.0,64.0
-45.36,1625449482.0,64.0
-35.01,1625449482.0,64.0
-23.84,1625449482.0,64.0
-12.51,1625449482.0,64.0
-1.42,1625449482.0,64.0
9.19,1625449482.0,64.0
19.06,1625449482.0,64.0
27.73,1625449482.0,64.0
34.71,1625449482.0,64.0
39.59,1625449482.0,64.0
42.31,1625449482.0,64.0
43.26,1625449482.0,64.0
43.11,1625449482.0,64.0
42.58,1625449482.0,64.0
42.21,1625449482.0,64.0
42.17,1625449482.0,64.0
42.3,1625449482.0,64.0
42.24,1625449482.0,64.0
41.65,1625449482.0,64.0
40.38,1625449482.0,64.0
38.44,1625449482.0,64.0
36.0,1625449482.0,64.0
33.22,1625449482.0,64.0
30.15,1625449482.0,64.0
26.8,1625449482.0,64.0
23.13,1625449482.0,64.0
19.21,1625449482.0,64.0
15.22,1625449482.0,64.0
11.45,1625449482.0,64.0
8.1,1625449482.0,64.0
5.22,1625449482.0,64.0
2.61,1625449482.0,64.0
-0.04,1625449482.0,64.0
-3.02,1625449482.0,64.0
-6.44,1625449482.0,64.0
-10.23,1625449482.0,64.0
-14.17,1625449482.0,64.0
-18.07,1625449482.0,64.0
-21.82,1625449482.0,64.0
-25.48,1625449482.0,64.0
-29.17,1625449482.0,64.0
-33.09,1625449482.0,64.0
-37.33,1625449482.0,64.0
-41.91,1625449482.0,64.0
-46.65,1625449482.0,64.0
-51.19,1625449482.0,64.0
-54.99,1625449482.0,64.0
-57.38,1625449482.0,64.0
-57.71,1625449482.0,64.0
-55.54,1625449482.0,64.0
-50.71,1625449482.0,64.0
-43.43,1625449482.0,64.0
-34.22,1625449482.0,64.0
-23.74,1625449482.0,64.0
-12.64,1625449482.0,64.0
-1.49,1625449482.0,64.0
9.24,1625449482.0,64.0
19.09,1625449482.0,64.0
27.57,1625449482.0,64.0
34.24,1625449482.0,64.0
38.79,1625449482.0,64.0
41.2,1625449482.0,64.0
41.82,1625449482.0,64.0
41.29,1625449482.0,64.0
40.31,1625449482.0,64.0
39.45,1625449482.0,64.0
38.98,1625449482.0,64.0
38.83,1625449482.0,64.0
38.79,1625449482.0,64.0
38.55,1625449482.0,64.0
37.88,1625449482.0,64.0
36.66,1625449482.0,64.0
34.86,1625449482.0,64.0
32.49,1625449482.0,64.0
29.59,1625449482.0,64.0
26.23,1625449482.0,64.0
22.51,1625449482.0,64.0
18.51,1625449482.0,64.0
14.39,1625449482.0,64.0
10.32,1625449482.0,64.0
6.5,1625449482.0,64.0
3.1,1625449482.0,64.0
0.13,1625449482.0,64.0
-2.56,1625449482.0,64.0
-5.23,1625449482.0,64.0
-8.14,1625449482.0,64.0
-11.43,1625449482.0,64.0
-15.03,1625449482.0,64.0
-18.74,1625449482.0,64.0
-22.38,1625449482.0,64.0
-25.9,1625449482.0,64.0
-29.42,1625449482.0,64.0
-33.14,1625449482.0,64.0
-37.23,1625449482.0,64.0
-41.7,1625449482.0,64.0
-46.37,1625449482.0,64.0
-50.89,1625449482.0,64.0
-54.75,1625449482.0,64.0
-57.34,1625449482.0,64.0
-57.99,1625449482.0,64.0
-56.09,1625449482.0,64.0
-51.34,1625449482.0,64.0
-43.89,1625449482.0,64.0
-34.39,1625449482.0,64.0
-23.8,1625449482.0,64.0
-13.12,1625449482.0,64.0
-3.1,1625449482.0,64.0
5.82,1625449482.0,64.0
13.45,1625449482.0,64.0
19.68,1625449482.0,64.0
24.36,1625449482.0,64.0
27.38,1625449482.0,64.0
28.83,1625449482.0,64.0
29.07,1625449482.0,64.0
28.73,1625449482.0,64.0
28.49,1625449482.0,64.0
28.79,1625449482.0,64.0
29.66,1625449482.0,64.0
30.75,1625449482.0,64.0
31.54,1625449482.0,64.0
31.58,1625449482.0,64.0
30.69,1625449482.0,64.0
29.0,1625449482.0,64.0
26.77,1625449482.0,64.0
24.29,1625449482.0,64.0
21.68,1625449482.0,64.0
18.93,1625449482.0,64.0
15.98,1625449482.0,64.0
12.82,1625449482.0,64.0
9.54,1625449482.0,64.0
6.31,1625449482.0,64.0
3.26,1625449482.0,64.0
0.4,1625449482.0,64.0
-2.41,1625449482.0,64.0
-5.34,1625449482.0,64.0
-8.52,1625449482.0,64.0
-11.93,1625449482.0,64.0
-15.41,1625449482.0,64.0
-18.81,1625449482.0,64.0
-22.05,1625449482.0,64.0
-25.17,1625449482.0,64.0
-28.36,1625449482.0,64.0
-31.85,1625449482.0,64.0
-35.82,1625449482.0,64.0
-40.38,1625449482.0,64.0
-45.44,1625449482.0,64.0
-50.67,1625449482.0,64.0
-55.45,1625449482.0,64.0
-58.95,1625449482.0,64.0
-60.26,1625449482.0,64.0
-58.69,1625449482.0,64.0
-53.97,1625449482.0,64.0
-46.44,1625449482.0,64.0
-36.86,1625449482.0,64.0
-26.19,1625449482.0,64.0
-15.32,1625449482.0,64.0
-4.84,1625449482.0,64.0
4.93,1625449482.0,64.0
13.77,1625449482.0,64.0
21.48,1625449482.0,64.0
27.79,1625449482.0,64.0
32.46,1625449482.0,64.0
35.49,1625449482.0,64.0
37.14,1625449482.0,64.0
37.88,1625449482.0,64.0
38.25,1625449482.0,64.0
38.63,1625449482.0,64.0
39.11,1625449482.0,64.0
39.51,1625449482.0,64.0
39.55,1625449482.0,64.0
39.0,1625449482.0,64.0
37.79,1625449482.0,64.0
36.03,1625449482.0,64.0
33.86,1625449482.0,64.0
31.42,1625449482.0,64.0
28.73,1625449482.0,64.0
25.72,1625449482.0,64.0
22.35,1625449482.0,64.0
18.66,1625449482.0,64.0
14.84,1625449482.0,64.0
11.1,1625449482.0,64.0
7.59,1625449482.0,64.0
4.34,1625449482.0,64.0
1.23,1625449482.0,64.0
-1.96,1625449482.0,64.0
-5.37,1625449482.0,64.0
-9.02,1625449482.0,64.0
-12.83,1625449482.0,64.0
-16.61,1625449482.0,64.0
-20.27,1625449482.0,64.0
-23.8,1625449482.0,64.0
-27.31,1625449482.0,64.0
-30.98,1625449482.0,64.0
-35.01,1625449482.0,64.0
-39.54,1625449482.0,64.0
-44.58,1625449482.0,64.0
-50.01,1625449482.0,64.0
-55.48,1625449482.0,64.0
-60.37,1625449482.0,64.0
-63.87,1625449482.0,64.0
-65.1,1625449482.0,64.0
-63.4,1625449482.0,64.0
-58.57,1625449482.0,64.0
-50.93,1625449482.0,64.0
-41.29,1625449482.0,64.0
-30.61,1625449482.0,64.0
-19.64,1625449482.0,64.0
-8.79,1625449482.0,64.0
1.82,1625449482.0,64.0
12.11,1625449482.0,64.0
21.78,1625449482.0,64.0
30.27,1625449482.0,64.0
36.95,1625449482.0,64.0
41.37,1625449482.0,64.0
43.62,1625449482.0,64.0
44.23,1625449482.0,64.0
44.01,1625449482.0,64.0
43.67,1625449482.0,64.0
43.58,1625449482.0,64.0
43.68,1625449482.0,64.0
43.71,1625449482.0,64.0
43.36,1625449482.0,64.0
42.45,1625449482.0,64.0
41.01,1625449482.0,64.0
39.15,1625449482.0,64.0
36.95,1625449482.0,64.0
34.41,1625449482.0,64.0
31.49,1625449482.0,64.0
28.15,1625449482.0,64.0
24.44,1625449482.0,64.0
20.54,1625449482.0,64.0
16.67,1625449482.0,64.0
13.03,1625449482.0,64.0
9.68,1625449482.0,64.0
6.51,1625449482.0,64.0
3.29,1625449482.0,64.0
-0.19,1625449482.0,64.0
-4.05,1625449482.0,64.0
-8.22,1625449482.0,64.0
-12.48,1625449482.0,64.0
-16.59,1625449482.0,64.0
-20.37,1625449482.0,64.0
-23.82,1625449482.0,64.0
-27.14,1625449482.0,64.0
-30.63,1625449482.0,64.0
-34.59,1625449482.0,64.0
-39.22,1625449482.0,64.0
-44.5,1625449482.0,64.0
-50.15,1625449482.0,64.0
-55.56,1625449482.0,64.0
-59.88,1625449482.0,64.0
-62.17,1625449482.0,64.0
-61.62,1625449482.0,64.0
-57.84,1625449482.0,64.0
-50.99,1625449482.0,64.0
-41.77,1625449482.0,64.0
-31.13,1625449482.0,64.0
-20.01,1625449482.0,64.0
-9.0,1625449482.0,64.0
1.58,1625449482.0,64.0
11.6,1625449482.0,64.0
20.84,1625449482.0,64.0
28.86,1625449482.0,64.0
35.17,1625449482.0,64.0
39.44,1625449482.0,64.0
41.75,1625449482.0,64.0
42.59,1625449482.0,64.0
42.67,1625449482.0,64.0
42.66,1625449482.0,64.0
42.92,1625449482.0,64.0
43.42,1625449482.0,64.0
43.86,1625449482.0,64.0
43.89,1625449482.0,64.0
43.25,1625449482.0,64.0
41.85,1625449482.0,64.0
39.77,1625449482.0,64.0
37.13,1625449482.0,64.0
34.07,1625449482.0,64.0
30.68,1625449482.0,64.0
27.03,1625449482.0,64.0
23.19,1625449482.0,64.0
19.25,1625449482.0,64.0
15.36,1625449482.0,64.0
11.69,1625449482.0,64.0
8.34,1625449482.0,64.0
5.29,1625449482.0,64.0
2.36,1625449482.0,64.0
-0.75,1625449482.0,64.0
-4.27,1625449482.0,64.0
-8.27,1625449482.0,64.0
-12.6,1625449482.0,64.0
-17.01,1625449482.0,64.0
-21.22,1625449482.0,64.0
-25.15,1625449482.0,64.0
-28.92,1625449482.0,64.0
-32.75,1625449482.0,64.0
-36.9,1625449482.0,64.0
-41.48,1625449482.0,64.0
-46.39,1625449482.0,64.0
-51.29,1625449482.0,64.0
-55.62,1625449482.0,64.0
-58.68,1625449482.0,64.0
-59.76,1625449482.0,64.0
-58.25,1625449482.0,64.0
-53.86,1625449482.0,64.0
-46.69,1625449482.0,64.0
-37.27,1625449482.0,64.0
-26.35,1625449482.0,64.0
-14.75,1625449482.0,64.0
-3.21,1625449482.0,64.0
7.7,1625449482.0,64.0
17.54,1625449482.0,64.0
25.94,1625449482.0,64.0
32.6,1625449482.0,64.0
37.34,1625449482.0,64.0
40.22,1625449482.0,64.0
41.55,1625449482.0,64.0
41.85,1625449482.0,64.0
41.69,1625449482.0,64.0
41.55,1625449482.0,64.0
41.64,1625449482.0,64.0
41.91,1625449482.0,64.0
42.07,1625449482.0,64.0
41.82,1625449482.0,64.0
40.88,1625449482.0,64.0
39.17,1625449482.0,64.0
36.8,1625449482.0,64.0
33.97,1625449482.0,64.0
30.86,1625449482.0,64.0
27.59,1625449482.0,64.0
24.18,1625449482.0,64.0
20.61,1625449482.0,64.0
16.94,1625449482.0,64.0
13.29,1625449482.0,64.0
9.82,1625449482.0,64.0
6.62,1625449482.0,64.0
3.66,1625449482.0,64.0
0.79,1625449482.0,64.0
-2.2,1625449482.0,64.0
-5.44,1625449482.0,64.0
-8.95,1625449482.0,64.0
-12.67,1625449482.0,64.0
-16.51,1625449482.0,64.0
-20.42,1625449482.0,64.0
-24.45,1625449482.0,64.0
-28.69,1625449482.0,64.0
-33.23,1625449482.0,64.0
-38.1,1625449482.0,64.0
-43.21,1625449482.0,64.0
-48.31,1625449482.0,64.0
-52.93,1625449482.0,64.0
-56.37,1625449482.0,64.0
-57.81,1625449482.0,64.0
-56.55,1625449482.0,64.0
-52.22,1625449482.0,64.0
-44.94,1625449482.0,64.0
-35.33,1625449482.0,64.0
-24.34,1625449482.0,64.0
-12.9,1625449482.0,64.0
-1.73,1625449482.0,64.0
8.7,1625449482.0,64.0
18.11,1625449482.0,64.0
26.24,1625449482.0,64.0
32.76,1625449482.0,64.0
37.4,1625449482.0,64.0
40.09,1625449482.0,64.0
41.12,1625449482.0,64.0
41.08,1625449482.0,64.0
40.65,1625449482.0,64.0
40.38,1625449482.0,64.0
40.46,1625449482.0,64.0
40.72,1625449482.0,64.0
40.83,1625449482.0,64.0
40.44,1625449482.0,64.0
39.35,1625449482.0,64.0
37.55,1625449482.0,64.0
35.18,1625449482.0,64.0
32.39,1625449482.0,64.0
29.36,1625449482.0,64.0
26.19,1625449482.0,64.0
22.98,1625449482.0,64.0
19.79,1625449482.0,64.0
16.66,1625449482.0,64.0
13.57,1625449482.0,64.0
10.49,1625449482.0,64.0
7.35,1625449482.0,64.0
4.08,1625449482.0,64.0
0.66,1625449482.0,64.0
-2.93,1625449482.0,64.0
-6.65,1625449482.0,64.0
-10.43,1625449482.0,64.0
-14.21,1625449482.0,64.0
-17.94,1625449482.0,64.0
-21.67,1625449482.0,64.0
-25.46,1625449482.0,64.0
-29.46,1625449482.0,64.0
-33.83,1625449482.0,64.0
-38.64,1625449482.0,64.0
-43.74,1625449482.0,64.0
-48.66,1625449482.0,64.0
-52.64,1625449482.0,64.0
-54.77,1625449482.0,64.0
-54.25,1625449482.0,64.0
-50.69,1625449482.0,64.0
-44.21,1625449482.0,64.0
-35.45,1625449482.0,64.0
-25.27,1625449482.0,64.0
-14.57,1625449482.0,64.0
-4.02,1625449482.0,64.0
5.9,1625449482.0,64.0
14.84,1625449482.0,64.0
22.41,1625449482.0,64.0
28.2,1625449482.0,64.0
31.94,1625449482.0,64.0
33.67,1625449482.0,64.0
33.82,1625449482.0,64.0
33.13,1625449482.0,64.0
32.4,1625449482.0,64.0
32.14,1625449482.0,64.0
32.46,1625449482.0,64.0
33.08,1625449482.0,64.0
33.55,1625449482.0,64.0
33.48,1625449482.0,64.0
32.69,1625449482.0,64.0
31.22,1625449482.0,64.0
29.27,1625449482.0,64.0
27.01,1625449482.0,64.0
24.54,1625449482.0,64.0
21.91,1625449482.0,64.0
19.1,1625449482.0,64.0
16.13,1625449482.0,64.0
13.01,1625449482.0,64.0
9.78,1625449482.0,64.0
6.47,1625449482.0,64.0
3.14,1625449482.0,64.0
-0.17,1625449482.0,64.0
-3.43,1625449482.0,64.0
-6.62,1625449482.0,64.0
-9.78,1625449482.0,64.0
-12.99,1625449482.0,64.0
-16.34,1625449482.0,64.0
-19.86,1625449482.0,64.0
-23.53,1625449482.0,64.0
-27.35,1625449482.0,64.0
-31.31,1625449482.0,64.0
-35.43,1625449482.0,64.0
-39.65,1625449482.0,64.0
-43.73,1625449482.0,64.0
-47.17,1625449482.0,64.0
-49.26,1625449482.0,64.0
-49.28,1625449482.0,64.0
-46.71,1625449482.0,64.0
-41.45,1625449482.0,64.0
-33.88,1625449482.0,64.0
-24.77,1625449482.0,64.0
-15.0,1625449482.0,64.0
-5.39,1625449482.0,64.0
3.46,1625449482.0,64.0
11.11,1625449482.0,64.0
17.27,1625449482.0,64.0
21.7,1625449482.0,64.0
24.31,1625449482.0,64.0
25.24,1625449482.0,64.0
24.94,1625449482.0,64.0
24.1,1625449482.0,64.0
23.45,1625449482.0,64.0
23.47,1625449482.0,64.0
24.27,1625449482.0,64.0
25.49,1625449482.0,64.0
26.51,1625449482.0,64.0
26.73,1625449482.0,64.0
25.77,1625449482.0,64.0
23.59,1625449482.0,64.0
20.48,1625449482.0,64.0
16.91,1625449482.0,64.0
13.29,1625449482.0,64.0
9.92,1625449482.0,64.0
6.87,1625449482.0,64.0
4.08,1625449482.0,64.0
1.45,1625449482.0,64.0
-1.11,1625449482.0,64.0
-3.57,1625449482.0,64.0
-5.9,1625449482.0,64.0
-8.08,1625449482.0,64.0
-10.16,1625449482.0,64.0
-12.26,1625449482.0,64.0
-14.53,1625449482.0,64.0
-17.12,1625449482.0,64.0
-20.13,1625449482.0,64.0
-23.7,1625449482.0,64.0
-27.9,1625449482.0,64.0
-32.72,1625449482.0,64.0
-37.91,1625449482.0,64.0
-42.92,1625449482.0,64.0
-46.92,1625449482.0,64.0
-48.98,1625449482.0,64.0
-48.37,1625449482.0,64.0
-44.78,1625449482.0,64.0
-38.45,1625449482.0,64.0
-30.06,1625449482.0,64.0
-20.52,1625449482.0,64.0
-10.69,1625449482.0,64.0
-1.17,1625449482.0,64.0
7.69,1625449482.0,64.0
15.67,1625449482.0,64.0
22.56,1625449482.0,64.0
28.11,1625449482.0,64.0
32.06,1625449482.0,64.0
34.34,1625449482.0,64.0
35.18,1625449482.0,64.0
35.07,1625449482.0,64.0
34.59,1625449482.0,64.0
34.18,1625449482.0,64.0
33.91,1625449482.0,64.0
33.55,1625449482.0,64.0
32.68,1625449482.0,64.0
31.02,1625449482.0,64.0
28.52,1625449482.0,64.0
25.41,1625449482.0,64.0
22.05,1625449482.0,64.0
18.76,1625449482.0,64.0
15.68,1625449482.0,64.0
12.78,1625449482.0,64.0
9.93,1625449482.0,64.0
7.01,1625449482.0,64.0
3.96,1625449482.0,64.0
0.8,1625449482.0,64.0
-2.4,1625449482.0,64.0
-5.54,1625449482.0,64.0
-8.51,1625449482.0,64.0
-11.27,1625449482.0,64.0
-13.84,1625449482.0,64.0
-16.35,1625449482.0,64.0
-19.04,1625449482.0,64.0
-22.19,1625449482.0,64.0
-26.06,1625449482.0,64.0
-30.74,1625449482.0,64.0
-36.12,1625449482.0,64.0
-41.8,1625449482.0,64.0
-47.18,1625449482.0,64.0
-51.54,1625449482.0,64.0
-54.14,1625449482.0,64.0
-54.39,1625449482.0,64.0
-51.98,1625449482.0,64.0
-46.92,1625449482.0,64.0
-39.52,1625449482.0,64.0
-30.3,1625449482.0,64.0
-19.87,1625449482.0,64.0
-8.79,1625449482.0,64.0
2.4,1625449482.0,64.0
13.2,1625449482.0,64.0
23.04,1625449482.0,64.0
31.32,1625449482.0,64.0
37.52,1625449482.0,64.0
41.39,1625449482.0,64.0
43.04,1625449482.0,64.0
42.99,1625449482.0,64.0
41.96,1625449482.0,64.0
40.64,1625449482.0,64.0
39.47,1625449482.0,64.0
38.48,1625449482.0,64.0
37.43,1625449482.0,64.0
36.0,1625449482.0,64.0
33.96,1625449482.0,64.0
31.27,1625449482.0,64.0
28.09,1625449482.0,64.0
24.63,1625449482.0,64.0
21.05,1625449482.0,64.0
17.42,1625449482.0,64.0
13.73,1625449482.0,64.0
9.95,1625449482.0,64.0
6.07,1625449482.0,64.0
2.15,1625449482.0,64.0
-1.73,1625449482.0,64.0
-5.46,1625449482.0,64.0
-8.94,1625449482.0,64.0
-12.15,1625449482.0,64.0
-15.13,1625449482.0,64.0
-18.04,1625449482.0,64.0
-21.05,1625449482.0,64.0
-24.36,1625449482.0,64.0
-28.1,1625449482.0,64.0
-32.29,1625449482.0,64.0
-36.92,1625449482.0,64.0
-41.84,1625449482.0,64.0
-46.83,1625449482.0,64.0
-51.51,1625449482.0,64.0
-55.34,1625449482.0,64.0
-57.63,1625449482.0,64.0
-57.7,1625449482.0,64.0
-55.06,1625449482.0,64.0
-49.6,1625449482.0,64.0
-41.65,1625449482.0,64.0
-31.89,1625449482.0,64.0
-21.11,1625449482.0,64.0
-10.04,1625449482.0,64.0
0.79,1625449482.0,64.0
10.99,1625449482.0,64.0
20.21,1625449482.0,64.0
28.09,1625449482.0,64.0
34.26,1625449482.0,64.0
38.5,1625449482.0,64.0
40.85,1625449482.0,64.0
41.7,1625449482.0,64.0
41.6,1625449482.0,64.0
41.15,1625449482.0,64.0
40.74,1625449482.0,64.0
40.43,1625449482.0,64.0
40.04,1625449482.0,64.0
39.25,1625449482.0,64.0
37.82,1625449482.0,64.0
35.66,1625449482.0,64.0
32.9,1625449482.0,64.0
29.71,1625449482.0,64.0
26.29,1625449482.0,64.0
22.71,1625449482.0,64.0
18.99,1625449482.0,64.0
15.15,1625449482.0,64.0
11.22,1625449482.0,64.0
7.26,1625449482.0,64.0
3.35,1625449482.0,64.0
-0.49,1625449482.0,64.0
-4.28,1625449482.0,64.0
-8.08,1625449482.0,64.0
-11.94,1625449482.0,64.0
-15.88,1625449482.0,64.0
-19.89,1625449482.0,64.0
-23.93,1625449482.0,64.0
-28.0,1625449482.0,64.0
-32.14,1625449482.0,64.0
-36.44,1625449482.0,64.0
-41.02,1625449482.0,64.0
-45.93,1625449482.0,64.0
-51.03,1625449482.0,64.0
-55.91,1625449482.0,64.0
-59.89,1625449482.0,64.0
-62.15,1625449482.0,64.0
-61.91,1625449482.0,64.0
-58.7,1625449482.0,64.0
-52.53,1625449482.0,64.0
-43.86,1625449482.0,64.0
-33.47,1625449482.0,64.0
-22.19,1625449482.0,64.0
-10.72,1625449482.0,64.0
0.44,1625449482.0,64.0
10.92,1625449482.0,64.0
20.34,1625449482.0,64.0
28.3,1625449482.0,64.0
34.41,1625449482.0,64.0
38.45,1625449482.0,64.0
40.59,1625449482.0,64.0
41.34,1625449482.0,64.0
41.43,1625449482.0,64.0
41.51,1625449482.0,64.0
41.93,1625449482.0,64.0
42.65,1625449482.0,64.0
43.32,1625449482.0,64.0
43.53,1625449482.0,64.0
43.01,1625449482.0,64.0
41.73,1625449482.0,64.0
39.82,1625449482.0,64.0
37.39,1625449482.0,64.0
34.51,1625449482.0,64.0
31.14,1625449482.0,64.0
27.24,1625449482.0,64.0
22.88,1625449482.0,64.0
18.29,1625449482.0,64.0
13.75,1625449482.0,64.0
9.52,1625449482.0,64.0
5.68,1625449482.0,64.0
2.12,1625449482.0,64.0
-1.41,1625449482.0,64.0
-5.12,1625449482.0,64.0
-9.09,1625449482.0,64.0
-13.2,1625449482.0,64.0
-17.24,1625449482.0,64.0
-21.02,1625449482.0,64.0
-24.49,1625449482.0,64.0
-27.76,1625449482.0,64.0
-31.03,1625449482.0,64.0
-34.5,1625449482.0,64.0
-38.31,1625449482.0,64.0
-42.44,1625449482.0,64.0
-46.76,1625449482.0,64.0
-50.93,1625449482.0,64.0
-54.36,1625449482.0,64.0
-56.32,1625449482.0,64.0
-56.05,1625449482.0,64.0
-53.0,1625449482.0,64.0
-47.09,1625449482.0,64.0
-38.71,1625449482.0,64.0
-28.68,1625449482.0,64.0
-17.89,1625449482.0,64.0
-7.04,1625449482.0,64.0
3.43,1625449482.0,64.0
13.25,1625449482.0,64.0
22.21,1625449482.0,64.0
29.94,1625449482.0,64.0
36.0,1625449482.0,64.0
40.09,1625449482.0,64.0
42.22,1625449482.0,64.0
42.83,1625449482.0,64.0
42.61,1625449482.0,64.0
42.22,1625449482.0,64.0
42.01,1625449482.0,64.0
41.98,1625449482.0,64.0
41.86,1625449482.0,64.0
41.3,1625449482.0,64.0
40.12,1625449482.0,64.0
38.3,1625449482.0,64.0
35.99,1625449482.0,64.0
33.32,1625449482.0,64.0
30.37,1625449482.0,64.0
27.19,1625449482.0,64.0
23.85,1625449482.0,64.0
20.44,1625449482.0,64.0
17.1,1625449482.0,64.0
13.88,1625449482.0,64.0
10.76,1625449482.0,64.0
7.63,1625449482.0,64.0
4.4,1625449482.0,64.0
1.05,1625449482.0,64.0
-2.36,1625449482.0,64.0
-5.7,1625449482.0,64.0
-8.92,1625449482.0,64.0
-12.04,1625449482.0,64.0
-15.16,1625449482.0,64.0
-18.43,1625449482.0,64.0
-21.96,1625449482.0,64.0
-25.81,1625449482.0,64.0
-30.0,1625449482.0,64.0
-34.54,1625449482.0,64.0
-39.43,1625449482.0,64.0
-44.58,1625449482.0,64.0
-49.73,1625449482.0,64.0
-54.41,1625449482.0,64.0
-57.89,1625449482.0,64.0
-59.36,1625449482.0,64.0
-58.11,1625449482.0,64.0
-53.81,1625449482.0,64.0
-46.6,1625449482.0,64.0
-37.11,1625449482.0,64.0
-26.25,1625449482.0,64.0
-14.97,1625449482.0,64.0
-4.04,1625449482.0,64.0
6.05,1625449482.0,64.0
15.02,1625449482.0,64.0
22.66,1625449482.0,64.0
28.75,1625449482.0,64.0
33.07,1625449482.0,64.0
35.57,1625449482.0,64.0
36.47,1625449482.0,64.0
36.28,1625449482.0,64.0
35.71,1625449482.0,64.0
35.32,1625449482.0,64.0
35.39,1625449482.0,64.0
35.75,1625449482.0,64.0
36.03,1625449482.0,64.0
35.78,1625449482.0,64.0
34.77,1625449482.0,64.0
33.04,1625449482.0,64.0
30.79,1625449482.0,64.0
28.28,1625449482.0,64.0
25.64,1625449482.0,64.0
22.88,1625449482.0,64.0
19.95,1625449482.0,64.0
16.79,1625449482.0,64.0
13.42,1625449482.0,64.0
9.91,1625449482.0,64.0
6.35,1625449482.0,64.0
2.82,1625449482.0,64.0
-0.64,1625449482.0,64.0
-4.07,1625449482.0,64.0
-7.49,1625449482.0,64.0
-10.96,1625449482.0,64.0
-14.49,1625449482.0,64.0
-18.03,1625449482.0,64.0
-21.57,1625449482.0,64.0
-25.11,1625449482.0,64.0
-28.76,1625449482.0,64.0
-32.68,1625449482.0,64.0
-36.97,1625449482.0,64.0
-41.53,1625449482.0,64.0
-45.95,1625449482.0,64.0
-49.48,1625449482.0,64.0
-51.24,1625449482.0,64.0
-50.44,1625449482.0,64.0
-46.66,1625449482.0,64.0
-40.01,1625449482.0,64.0
-31.08,1625449482.0,64.0
-20.76,1625449482.0,64.0
-9.99,1625449482.0,64.0
0.48,1625449482.0,64.0
10.12,1625449482.0,64.0
18.62,1625449482.0,64.0
25.74,1625449482.0,64.0
31.27,1625449482.0,64.0
35.01,1625449482.0,64.0
36.93,1625449482.0,64.0
37.31,1625449482.0,64.0
36.67,1625449482.0,64.0
35.7,1625449482.0,64.0
35.03,1625449482.0,64.0
34.92,1625449482.0,64.0
35.23,1625449482.0,64.0
35.5,1625449482.0,64.0
35.17,1625449482.0,64.0
33.86,1625449482.0,64.0
31.53,1625449482.0,64.0
28.45,1625449482.0,64.0
25.04,1625449482.0,64.0
21.68,1625449482.0,64.0
18.54,1625449482.0,64.0
15.59,1625449482.0,64.0
12.66,1625449482.0,64.0
9.58,1625449482.0,64.0
6.26,1625449482.0,64.0
2.72,1625449482.0,64.0
-0.93,1625449482.0,64.0
-4.55,1625449482.0,64.0
-8.04,1625449482.0,64.0
-11.37,1625449482.0,64.0
-14.57,1625449482.0,64.0
-17.78,1625449482.0,64.0
-21.15,1625449482.0,64.0
-24.84,1625449482.0,64.0
-28.94,1625449482.0,64.0
-33.5,1625449482.0,64.0
-38.47,1625449482.0,64.0
-43.71,1625449482.0,64.0
-48.92,1625449482.0,64.0
-53.61,1625449482.0,64.0
-57.12,1625449482.0,64.0
-58.67,1625449482.0,64.0
-57.61,1625449482.0,64.0
-53.59,1625449482.0,64.0
-46.74,1625449482.0,64.0
-37.68,1625449482.0,64.0
-27.28,1625449482.0,64.0
-16.41,1625449482.0,64.0
-5.72,1625449482.0,64.0
4.44,1625449482.0,64.0
13.88,1625449482.0,64.0
22.4,1625449482.0,64.0
29.66,1625449482.0,64.0
35.29,1625449482.0,64.0
39.01,1625449482.0,64.0
40.84,1625449482.0,64.0
41.19,1625449482.0,64.0
40.71,1625449482.0,64.0
40.04,1625449482.0,64.0
39.55,1625449482.0,64.0
39.21,1625449482.0,64.0
38.71,1625449482.0,64.0
37.66,1625449482.0,64.0
35.81,1625449482.0,64.0
33.17,1625449482.0,64.0
29.98,1625449482.0,64.0
26.52,1625449482.0,64.0
22.99,1625449482.0,64.0
19.49,1625449482.0,64.0
16.03,1625449482.0,64.0
12.62,1625449482.0,64.0
9.3,1625449482.0,64.0
6.12,1625449482.0,64.0
3.04,1625449482.0,64.0
-0.06,1625449482.0,64.0
-3.33,1625449482.0,64.0
-6.89,1625449482.0,64.0
-10.72,1625449482.0,64.0
-14.63,1625449482.0,64.0
-18.32,1625449482.0,64.0
-21.53,1625449482.0,64.0
-24.09,1625449482.0,64.0
-26.09,1625449482.0,64.0
-27.81,1625449482.0,64.0
-29.67,1625449482.0,64.0
-32.15,1625449482.0,64.0
-35.63,1625449482.0,64.0
-40.26,1625449482.0,64.0
-45.77,1625449482.0,64.0
-51.49,1625449482.0,64.0
-56.34,1625449482.0,64.0
-59.15,1625449482.0,64.0
-59.01,1625449482.0,64.0
-55.51,1625449482.0,64.0
-48.89,1625449482.0,64.0
-39.88,1625449482.0,64.0
-29.48,1625449482.0,64.0
-18.58,1625449482.0,64.0
-7.77,1625449482.0,64.0
2.62,1625449482.0,64.0
12.41,1625449482.0,64.0
21.34,1625449482.0,64.0
29.06,1625449482.0,64.0
35.13,1625449482.0,64.0
39.28,1625449482.0,64.0
41.56,1625449482.0,64.0
42.42,1625449482.0,64.0
42.52,1625449482.0,64.0
42.5,1625449482.0,64.0
42.69,1625449482.0,64.0
43.06,1625449482.0,64.0
43.27,1625449482.0,64.0
42.89,1625449482.0,64.0
41.68,1625449482.0,64.0
39.68,1625449482.0,64.0
37.09,1625449482.0,64.0
34.15,1625449482.0,64.0
30.99,1625449482.0,64.0
27.61,1625449482.0,64.0
23.98,1625449482.0,64.0
20.12,1625449482.0,64.0
16.18,1625449482.0,64.0
12.31,1625449482.0,64.0
8.61,1625449482.0,64.0
5.05,1625449482.0,64.0
1.49,1625449482.0,64.0
-2.24,1625449482.0,64.0
-6.18,1625449482.0,64.0
-10.28,1625449482.0,64.0
-14.39,1625449482.0,64.0
-18.36,1625449482.0,64.0
-22.1,1625449482.0,64.0
-25.62,1625449482.0,64.0
-29.03,1625449482.0,64.0
-32.53,1625449482.0,64.0
-36.34,1625449482.0,64.0
-40.61,1625449482.0,64.0
-45.37,1625449482.0,64.0
-50.44,1625449482.0,64.0
-55.38,1625449482.0,64.0
-59.54,1625449482.0,64.0
-62.13,1625449482.0,64.0
-62.38,1625449482.0,64.0
-59.76,1625449482.0,64.0
-54.13,1625449482.0,64.0
-45.84,1625449482.0,64.0
-35.64,1625449482.0,64.0
-24.48,1625449482.0,64.0
-13.26,1625449482.0,64.0
-2.59,1625449482.0,64.0
7.19,1625449482.0,64.0
15.96,1625449482.0,64.0
23.61,1625449482.0,64.0
29.93,1625449482.0,64.0
34.66,1625449482.0,64.0
37.7,1625449482.0,64.0
39.23,1625449482.0,64.0
39.7,1625449482.0,64.0
39.73,1625449482.0,64.0
39.81,1625449482.0,64.0
40.12,1625449482.0,64.0
40.48,1625449482.0,64.0
40.55,1625449482.0,64.0
39.96,1625449482.0,64.0
38.56,1625449482.0,64.0
36.41,1625449482.0,64.0
33.7,1625449482.0,64.0
30.67,1625449482.0,64.0
27.48,1625449482.0,64.0
24.22,1625449482.0,64.0
20.92,1625449482.0,64.0
17.59,1625449482.0,64.0
14.27,1625449482.0,64.0
10.95,1625449482.0,64.0
7.65,1625449482.0,64.0
4.34,1625449482.0,64.0
0.99,1625449482.0,64.0
-2.41,1625449482.0,64.0
-5.9,1625449482.0,64.0
-9.5,1625449482.0,64.0
-13.22,1625449482.0,64.0
-17.03,1625449482.0,64.0
-20.91,1625449482.0,64.0
-24.82,1625449482.0,64.0
-28.77,1625449482.0,64.0
-32.83,1625449482.0,64.0
-37.12,1625449482.0,64.0
-41.79,1625449482.0,64.0
-46.91,1625449482.0,64.0
-52.32,1625449482.0,64.0
-57.59,1625449482.0,64.0
-61.91,1625449482.0,64.0
-64.34,1625449482.0,64.0
-64.01,1625449482.0,64.0
-60.46,1625449482.0,64.0
-53.8,1625449482.0,64.0
-44.73,1625449482.0,64.0
-34.2,1625449482.0,64.0
-23.17,1625449482.0,64.0
-12.29,1625449482.0,64.0
-1.9,1625449482.0,64.0
7.88,1625449482.0,64.0
16.87,1625449482.0,64.0
24.72,1625449482.0,64.0
30.99,1625449482.0,64.0
35.34,1625449482.0,64.0
37.8,1625449482.0,64.0
38.74,1625449482.0,64.0
38.79,1625449482.0,64.0
38.56,1625449482.0,64.0
38.43,1625449482.0,64.0
38.51,1625449482.0,64.0
38.65,1625449482.0,64.0
38.64,1625449482.0,64.0
38.29,1625449482.0,64.0
37.5,1625449482.0,64.0
36.17,1625449482.0,64.0
34.27,1625449482.0,64.0
31.75,1625449482.0,64.0
28.64,1625449482.0,64.0
25.07,1625449482.0,64.0
21.31,1625449482.0,64.0
17.63,1625449482.0,64.0
14.27,1625449482.0,64.0
11.28,1625449482.0,64.0
8.57,1625449482.0,64.0
5.94,1625449482.0,64.0
3.18,1625449482.0,64.0
0.17,1625449482.0,64.0
-3.11,1625449482.0,64.0
-6.57,1625449482.0,64.0
-10.11,1625449482.0,64.0
-13.66,1625449482.0,64.0
-17.23,1625449482.0,64.0
-20.89,1625449482.0,64.0
-24.71,1625449482.0,64.0
-28.75,1625449482.0,64.0
-33.11,1625449482.0,64.0
-37.81,1625449482.0,64.0
-42.81,1625449482.0,64.0
-47.88,1625449482.0,64.0
-52.47,1625449482.0,64.0
-55.78,1625449482.0,64.0
-56.89,1625449482.0,64.0
-55.09,1625449482.0,64.0
-50.11,1625449482.0,64.0
-42.23,1625449482.0,64.0
-32.27,1625449482.0,64.0
-21.26,1625449482.0,64.0
-10.16,1625449482.0,64.0
0.33,1625449482.0,64.0
9.79,1625449482.0,64.0
18.01,1625449482.0,64.0
24.81,1625449482.0,64.0
30.03,1625449482.0,64.0
33.58,1625449482.0,64.0
35.56,1625449482.0,64.0
36.3,1625449482.0,64.0
36.31,1625449482.0,64.0
36.11,1625449482.0,64.0
36.07,1625449482.0,64.0
36.33,1625449482.0,64.0
36.76,1625449482.0,64.0
37.11,1625449482.0,64.0
37.09,1625449482.0,64.0
36.49,1625449482.0,64.0
35.2,1625449482.0,64.0
33.23,1625449482.0,64.0
30.66,1625449482.0,64.0
27.61,1625449482.0,64.0
24.22,1625449482.0,64.0
20.62,1625449482.0,64.0
16.91,1625449482.0,64.0
13.15,1625449482.0,64.0
9.39,1625449482.0,64.0
5.69,1625449482.0,64.0
2.1,1625449482.0,64.0
-1.31,1625449482.0,64.0
-4.51,1625449482.0,64.0
-7.54,1625449482.0,64.0
-10.49,1625449482.0,64.0
-13.49,1625449482.0,64.0
-16.6,1625449482.0,64.0
-19.86,1625449482.0,64.0
-23.2,1625449482.0,64.0
-26.6,1625449482.0,64.0
-30.12,1625449482.0,64.0
-33.9,1625449482.0,64.0
-38.08,1625449482.0,64.0
-42.56,1625449482.0,64.0
-46.93,1625449482.0,64.0
-50.41,1625449482.0,64.0
-52.07,1625449482.0,64.0
-51.14,1625449482.0,64.0
-47.29,1625449482.0,64.0
-40.78,1625449482.0,64.0
-32.29,1625449482.0,64.0
-22.67,1625449482.0,64.0
-12.67,1625449482.0,64.0
-2.82,1625449482.0,64.0
6.48,1625449482.0,64.0
14.82,1625449482.0,64.0
21.72,1625449482.0,64.0
26.75,1625449482.0,64.0
29.7,1625449482.0,64.0
30.76,1625449482.0,64.0
30.54,1625449482.0,64.0
29.88,1625449482.0,64.0
29.5,1625449482.0,64.0
29.77,1625449482.0,64.0
30.62,1625449482.0,64.0
31.58,1625449482.0,64.0
32.09,1625449482.0,64.0
31.71,1625449482.0,64.0
30.24,1625449482.0,64.0
27.81,1625449482.0,64.0
24.7,1625449482.0,64.0
21.31,1625449482.0,64.0
17.94,1625449482.0,64.0
14.8,1625449482.0,64.0
11.93,1625449482.0,64.0
9.26,1625449482.0,64.0
6.66,1625449482.0,64.0
4.0,1625449482.0,64.0
1.18,1625449482.0,64.0
-1.86,1625449482.0,64.0
-5.1,1625449482.0,64.0
-8.5,1625449482.0,64.0
-11.95,1625449482.0,64.0
-15.35,1625449482.0,64.0
-18.62,1625449482.0,64.0
-21.77,1625449482.0,64.0
-24.9,1625449482.0,64.0
-28.22,1625449482.0,64.0
-31.91,1625449482.0,64.0
-36.06,1625449482.0,64.0
-40.52,1625449482.0,64.0
-44.83,1625449482.0,64.0
-48.33,1625449482.0,64.0
-50.25,1625449482.0,64.0
-49.95,1625449482.0,64.0
-47.05,1625449482.0,64.0
-41.54,1625449482.0,64.0
-33.78,1625449482.0,64.0
-24.44,1625449482.0,64.0
-14.25,1625449482.0,64.0
-3.96,1625449482.0,64.0
5.82,1625449482.0,64.0
14.68,1625449482.0,64.0
22.28,1625449482.0,64.0
28.37,1625449482.0,64.0
32.78,1625449482.0,64.0
35.47,1625449482.0,64.0
36.62,1625449482.0,64.0
36.63,1625449482.0,64.0
36.1,1625449482.0,64.0
35.58,1625449482.0,64.0
35.44,1625449482.0,64.0
35.66,1625449482.0,64.0
35.94,1625449482.0,64.0
35.84,1625449482.0,64.0
35.0,1625449482.0,64.0
33.24,1625449482.0,64.0
30.64,1625449482.0,64.0
27.44,1625449482.0,64.0
23.89,1625449482.0,64.0
20.22,1625449482.0,64.0
16.51,1625449482.0,64.0
12.8,1625449482.0,64.0
9.09,1625449482.0,64.0
5.4,1625449482.0,64.0
1.79,1625449482.0,64.0
-1.67,1625449482.0,64.0
-4.96,1625449482.0,64.0
-8.11,1625449482.0,64.0
-11.24,1625449482.0,64.0
-14.5,1625449482.0,64.0
-18.04,1625449482.0,64.0
-21.94,1625449482.0,64.0
-26.22,1625449482.0,64.0
-30.88,1625449482.0,64.0
-35.9,1625449482.0,64.0
-41.23,1625449482.0,64.0
-46.67,1625449482.0,64.0
-51.8,1625449482.0,64.0
-55.92,1625449482.0,64.0
-58.2,1625449482.0,64.0
-57.87,1625449482.0,64.0
-54.51,1625449482.0,64.0
-48.18,1625449482.0,64.0
-39.48,1625449482.0,64.0
-29.26,1625449482.0,64.0
-18.4,1625449482.0,64.0
-7.54,1625449482.0,64.0
2.96,1625449482.0,64.0
12.91,1625449482.0,64.0
22.1,1625449482.0,64.0
30.17,1625449482.0,64.0
36.64,1625449482.0,64.0
41.12,1625449482.0,64.0
43.5,1625449482.0,64.0
44.15,1625449482.0,64.0
43.72,1625449482.0,64.0
43.02,1625449482.0,64.0
42.57,1625449482.0,64.0
42.52,1625449482.0,64.0
42.62,1625449482.0,64.0
42.4,1625449482.0,64.0
41.44,1625449482.0,64.0
39.59,1625449482.0,64.0
36.94,1625449482.0,64.0
33.75,1625449482.0,64.0
30.3,1625449482.0,64.0
26.78,1625449482.0,64.0
23.23,1625449482.0,64.0
19.57,1625449482.0,64.0
15.7,1625449482.0,64.0
11.62,1625449482.0,64.0
7.4,1625449482.0,64.0
3.21,1625449482.0,64.0
-0.75,1625449482.0,64.0
-4.41,1625449482.0,64.0
-7.83,1625449482.0,64.0
-11.17,1625449482.0,64.0
-14.7,1625449482.0,64.0
-18.58,1625449482.0,64.0
-22.85,1625449482.0,64.0
-27.45,1625449482.0,64.0
-32.26,1625449482.0,64.0
-37.2,1625449482.0,64.0
-42.24,1625449482.0,64.0
-47.29,1625449482.0,64.0
-52.05,1625449482.0,64.0
-55.94,1625449482.0,64.0
-58.19,1625449482.0,64.0
-58.02,1625449482.0,64.0
-54.94,1625449482.0,64.0
-48.95,1625449482.0,64.0
-40.51,1625449482.0,64.0
-30.41,1625449482.0,64.0
-19.44,1625449482.0,64.0
-8.26,1625449482.0,64.0
2.68,1625449482.0,64.0
13.09,1625449482.0,64.0
22.57,1625449482.0,64.0
30.64,1625449482.0,64.0
36.78,1625449482.0,64.0
40.67,1625449482.0,64.0
42.32,1625449482.0,64.0
42.25,1625449482.0,64.0
41.23,1625449482.0,64.0
40.05,1625449482.0,64.0
39.23,1625449482.0,64.0
38.84,1625449482.0,64.0
38.57,1625449482.0,64.0
37.97,1625449482.0,64.0
36.68,1625449482.0,64.0
34.59,1625449482.0,64.0
31.85,1625449482.0,64.0
28.73,1625449482.0,64.0
25.47,1625449482.0,64.0
22.13,1625449482.0,64.0
18.67,1625449482.0,64.0
15.02,1625449482.0,64.0
11.16,1625449482.0,64.0
7.22,1625449482.0,64.0
3.41,1625449482.0,64.0
-0.07,1625449482.0,64.0
-3.16,1625449482.0,64.0
-5.98,1625449482.0,64.0
-8.75,1625449482.0,64.0
-11.75,1625449482.0,64.0
-15.09,1625449482.0,64.0
-18.76,1625449482.0,64.0
-22.64,1625449482.0,64.0
-26.58,1625449482.0,64.0
-30.56,1625449482.0,64.0
-34.68,1625449482.0,64.0
-39.09,1625449482.0,64.0
-43.84,1625449482.0,64.0
-48.72,1625449482.0,64.0
-53.24,1625449482.0,64.0
-56.61,1625449482.0,64.0
-58.04,1625449482.0,64.0
-56.85,1625449482.0,64.0
-52.77,1625449482.0,64.0
-45.98,1625449482.0,64.0
-37.06,1625449482.0,64.0
-26.77,1625449482.0,64.0
-15.86,1625449482.0,64.0
-4.91,1625449482.0,64.0
5.65,1625449482.0,64.0
15.47,1625449482.0,64.0
24.15,1625449482.0,64.0
31.23,1625449482.0,64.0
36.39,1625449482.0,64.0
39.54,1625449482.0,64.0
41.0,1625449482.0,64.0
41.36,1625449482.0,64.0
41.31,1625449482.0,64.0
41.32,1625449482.0,64.0
41.57,1625449482.0,64.0
41.87,1625449482.0,64.0
41.92,1625449482.0,64.0
41.4,1625449482.0,64.0
40.18,1625449482.0,64.0
38.3,1625449482.0,64.0
35.88,1625449482.0,64.0
33.04,1625449482.0,64.0
29.89,1625449482.0,64.0
26.49,1625449482.0,64.0
22.9,1625449482.0,64.0
19.2,1625449482.0,64.0
15.49,1625449482.0,64.0
11.82,1625449482.0,64.0
8.22,1625449482.0,64.0
4.63,1625449482.0,64.0
0.99,1625449482.0,64.0
-2.74,1625449482.0,64.0
-6.57,1625449482.0,64.0
-10.41,1625449482.0,64.0
-14.18,1625449482.0,64.0
-17.8,1625449482.0,64.0
-21.28,1625449482.0,64.0
-24.71,1625449482.0,64.0
-28.19,1625449482.0,64.0
-31.89,1625449482.0,64.0
-35.91,1625449482.0,64.0
-40.3,1625449482.0,64.0
-44.96,1625449482.0,64.0
-49.54,1625449482.0,64.0
-53.46,1625449482.0,64.0
-55.92,1625449482.0,64.0
-56.11,1625449482.0,64.0
-53.46,1625449482.0,64.0
-47.85,1625449482.0,64.0
-39.65,1625449482.0,64.0
-29.64,1625449482.0,64.0
-18.72,1625449482.0,64.0
-7.64,1625449482.0,64.0
3.06,1625449482.0,64.0
13.04,1625449482.0,64.0
21.98,1625449482.0,64.0
29.53,1625449482.0,64.0
35.31,1625449482.0,64.0
39.12,1625449482.0,64.0
41.07,1625449482.0,64.0
41.6,1625449482.0,64.0
41.35,1625449482.0,64.0
40.92,1625449482.0,64.0
40.63,1625449482.0,64.0
40.45,1625449482.0,64.0
40.16,1625449482.0,64.0
39.46,1625449482.0,64.0
38.22,1625449482.0,64.0
36.44,1625449482.0,64.0
34.2,1625449482.0,64.0
31.56,1625449482.0,64.0
28.51,1625449482.0,64.0
25.0,1625449482.0,64.0
21.09,1625449482.0,64.0
16.97,1625449482.0,64.0
12.93,1625449482.0,64.0
9.24,1625449482.0,64.0
6.09,1625449482.0,64.0
3.44,1625449482.0,64.0
1.12,1625449482.0,64.0
-1.13,1625449482.0,64.0
-3.51,1625449482.0,64.0
-6.14,1625449482.0,64.0
-9.05,1625449482.0,64.0
-12.19,1625449482.0,64.0
-15.5,1625449482.0,64.0
-18.95,1625449482.0,64.0
-22.49,1625449482.0,64.0
-26.14,1625449482.0,64.0
-29.96,1625449482.0,64.0
-34.03,1625449482.0,64.0
-38.46,1625449482.0,64.0
-43.31,1625449482.0,64.0
-48.41,1625449482.0,64.0
-53.31,1625449482.0,64.0
-57.27,1625449482.0,64.0
-59.39,1625449482.0,64.0
-58.87,1625449482.0,64.0
-55.26,1625449482.0,64.0
-48.66,1625449482.0,64.0
-39.62,1625449482.0,64.0
-29.0,1625449482.0,64.0
-17.67,1625449482.0,64.0
-6.29,1625449482.0,64.0
4.66,1625449482.0,64.0
14.84,1625449482.0,64.0
23.83,1625449482.0,64.0
31.12,1625449482.0,64.0
36.26,1625449482.0,64.0
39.04,1625449482.0,64.0
39.73,1625449482.0,64.0
38.99,1625449482.0,64.0
37.74,1625449482.0,64.0
36.74,1625449482.0,64.0
36.35,1625449482.0,64.0
36.5,1625449482.0,64.0
36.78,1625449482.0,64.0
36.73,1625449482.0,64.0
36.04,1625449482.0,64.0
34.6,1625449482.0,64.0
32.5,1625449482.0,64.0
29.84,1625449482.0,64.0
26.73,1625449482.0,64.0
23.26,1625449482.0,64.0
19.56,1625449482.0,64.0
15.81,1625449482.0,64.0
12.22,1625449482.0,64.0
8.96,1625449482.0,64.0
6.1,1625449482.0,64.0
3.54,1625449482.0,64.0
1.07,1625449482.0,64.0
-1.56,1625449482.0,64.0
-4.5,1625449482.0,64.0
-7.81,1625449482.0,64.0
-11.4,1625449482.0,64.0
-15.07,1625449482.0,64.0
-18.62,1625449482.0,64.0
-21.88,1625449482.0,64.0
-24.82,1625449482.0,64.0
-27.56,1625449482.0,64.0
-30.35,1625449482.0,64.0
-33.52,1625449482.0,64.0
-37.33,1625449482.0,64.0
-41.8,1625449482.0,64.0
-46.61,1625449482.0,64.0
-51.05,1625449482.0,64.0
-54.19,1625449482.0,64.0
-55.03,1625449482.0,64.0
-52.9,1625449482.0,64.0
-47.64,1625449482.0,64.0
-39.64,1625449482.0,64.0
-29.74,1625449482.0,64.0
-18.95,1625449482.0,64.0
-8.19,1625449482.0,64.0
1.78,1625449482.0,64.0
10.45,1625449482.0,64.0
17.48,1625449482.0,64.0
22.67,1625449482.0,64.0
26.01,1625449482.0,64.0
27.74,1625449482.0,64.0
28.35,1625449482.0,64.0
28.44,1625449482.0,64.0
28.54,1625449482.0,64.0
28.95,1625449482.0,64.0
29.61,1625449482.0,64.0
30.26,1625449482.0,64.0
30.54,1625449482.0,64.0
30.19,1625449482.0,64.0
29.16,1625449482.0,64.0
27.5,1625449482.0,64.0
25.36,1625449482.0,64.0
22.84,1625449482.0,64.0
20.06,1625449482.0,64.0
17.12,1625449482.0,64.0
14.15,1625449482.0,64.0
11.28,1625449482.0,64.0
8.53,1625449482.0,64.0
5.83,1625449482.0,64.0
3.04,1625449482.0,64.0
0.05,1625449482.0,64.0
-3.15,1625449482.0,64.0
-6.46,1625449482.0,64.0
-9.74,1625449482.0,64.0
-12.94,1625449482.0,64.0
-16.11,1625449482.0,64.0
-19.45,1625449482.0,64.0
-23.12,1625449482.0,64.0
-27.25,1625449482.0,64.0
-31.81,1625449482.0,64.0
-36.7,1625449482.0,64.0
-41.72,1625449482.0,64.0
-46.61,1625449482.0,64.0
-51.03,1625449482.0,64.0
-54.45,1625449482.0,64.0
-56.25,1625449482.0,64.0
-55.76,1625449482.0,64.0
-52.57,1625449482.0,64.0
-46.66,1625449482.0,64.0
-38.46,1625449482.0,64.0
-28.73,1625449482.0,64.0
-18.36,1625449482.0,64.0
-8.04,1625449482.0,64.0
1.77,1625449482.0,64.0
10.79,1625449482.0,64.0
18.78,1625449482.0,64.0
25.41,1625449482.0,64.0
30.32,1625449482.0,64.0
33.28,1625449482.0,64.0
34.41,1625449482.0,64.0
34.19,1625449482.0,64.0
33.36,1625449482.0,64.0
32.63,1625449482.0,64.0
32.44,1625449482.0,64.0
32.8,1625449482.0,64.0
33.4,1625449482.0,64.0
33.74,1625449482.0,64.0
33.42,1625449482.0,64.0
32.24,1625449482.0,64.0
30.22,1625449482.0,64.0
27.53,1625449482.0,64.0
24.42,1625449482.0,64.0
21.06,1625449482.0,64.0
17.58,1625449482.0,64.0
14.02,1625449482.0,64.0
10.41,1625449482.0,64.0
6.77,1625449482.0,64.0
3.12,1625449482.0,64.0
-0.48,1625449482.0,64.0
-4.02,1625449482.0,64.0
-7.52,1625449482.0,64.0
-11.03,1625449482.0,64.0
-14.56,1625449482.0,64.0
-18.15,1625449482.0,64.0
-21.77,1625449482.0,64.0
-25.46,1625449482.0,64.0
-29.28,1625449482.0,64.0
-33.36,1625449482.0,64.0
-37.87,1625449482.0,64.0
-42.93,1625449482.0,64.0
-48.44,1625449482.0,64.0
-54.05,1625449482.0,64.0
-59.11,1625449482.0,64.0
-62.79,1625449482.0,64.0
-64.23,1625449482.0,64.0
-62.81,1625449482.0,64.0
-58.32,1625449482.0,64.0
-51.03,1625449482.0,64.0
-41.61,1625449482.0,64.0
-30.92,1625449482.0,64.0
-19.75,1625449482.0,64.0
-8.65,1625449482.0,64.0
2.1,1625449482.0,64.0
12.33,1625449482.0,64.0
21.8,1625449482.0,64.0
30.13,1625449482.0,64.0
36.82,1625449482.0,64.0
41.5,1625449482.0,64.0
44.14,1625449482.0,64.0
45.1,1625449482.0,64.0
45.07,1625449482.0,64.0
44.77,1625449482.0,64.0
44.7,1625449482.0,64.0
44.96,1625449482.0,64.0
45.3,1625449482.0,64.0
45.31,1625449482.0,64.0
44.62,1625449482.0,64.0
43.03,1625449482.0,64.0
40.59,1625449482.0,64.0
37.52,1625449482.0,64.0
34.07,1625449482.0,64.0
30.47,1625449482.0,64.0
26.86,1625449482.0,64.0
23.26,1625449482.0,64.0
19.63,1625449482.0,64.0
15.89,1625449482.0,64.0
12.01,1625449482.0,64.0
7.98,1625449482.0,64.0
3.87,1625449482.0,64.0
-0.23,1625449482.0,64.0
-4.26,1625449482.0,64.0
-8.21,1625449482.0,64.0
-12.16,1625449482.0,64.0
-16.19,1625449482.0,64.0
-20.39,1625449482.0,64.0
-24.79,1625449482.0,64.0
-29.37,1625449482.0,64.0
-34.14,1625449482.0,64.0
-39.14,1625449482.0,64.0
-44.41,1625449482.0,64.0
-49.89,1625449482.0,64.0
-55.21,1625449482.0,64.0
-59.67,1625449482.0,64.0
-62.33,1625449482.0,64.0
-62.3,1625449482.0,64.0
-59.05,1625449482.0,64.0
-52.64,1625449482.0,64.0
-43.73,1625449482.0,64.0
-33.25,1625449482.0,64.0
-22.11,1625449482.0,64.0
-10.88,1625449482.0,64.0
0.19,1625449482.0,64.0
10.98,1625449482.0,64.0
21.23,1625449482.0,64.0
30.43,1625449482.0,64.0
37.9,1625449482.0,64.0
43.12,1625449482.0,64.0
45.99,1625449482.0,64.0
46.95,1625449482.0,64.0
46.8,1625449482.0,64.0
46.31,1625449482.0,64.0
45.98,1625449482.0,64.0
45.84,1625449482.0,64.0
45.64,1625449482.0,64.0
45.0,1625449482.0,64.0
43.71,1625449482.0,64.0
41.72,1625449482.0,64.0
39.17,1625449482.0,64.0
36.17,1625449482.0,64.0
32.82,1625449482.0,64.0
29.16,1625449482.0,64.0
25.23,1625449482.0,64.0
21.13,1625449482.0,64.0
16.98,1625449482.0,64.0
12.9,1625449482.0,64.0
9.01,1625449482.0,64.0
5.35,1625449482.0,64.0
1.93,1625449482.0,64.0
-1.29,1625449482.0,64.0
-4.38,1625449482.0,64.0
-7.43,1625449482.0,64.0
-10.53,1625449482.0,64.0
-13.79,1625449482.0,64.0
-17.25,1625449482.0,64.0
-20.97,1625449482.0,64.0
-24.97,1625449482.0,64.0
-29.27,1625449482.0,64.0
-33.9,1625449482.0,64.0
-38.89,1625449482.0,64.0
-44.21,1625449482.0,64.0
-49.7,1625449482.0,64.0
-54.97,1625449482.0,64.0
-59.38,1625449482.0,64.0
-62.09,1625449482.0,64.0
-62.28,1625449482.0,64.0
-59.4,1625449482.0,64.0
-53.41,1625449482.0,64.0
-44.79,1625449482.0,64.0
-34.4,1625449482.0,64.0
-23.15,1625449482.0,64.0
-11.74,1625449482.0,64.0
-0.55,1625449482.0,64.0
10.14,1625449482.0,64.0
20.02,1625449482.0,64.0
28.55,1625449482.0,64.0
35.16,1625449482.0,64.0
39.5,1625449482.0,64.0
41.69,1625449482.0,64.0
42.34,1625449482.0,64.0
42.35,1625449482.0,64.0
42.47,1625449482.0,64.0
43.02,1625449482.0,64.0
43.85,1625449482.0,64.0
44.5,1625449482.0,64.0
44.53,1625449482.0,64.0
43.75,1625449482.0,64.0
42.21,1625449482.0,64.0
40.12,1625449482.0,64.0
37.63,1625449482.0,64.0
34.77,1625449482.0,64.0
31.53,1625449482.0,64.0
27.95,1625449482.0,64.0
24.19,1625449482.0,64.0
20.5,1625449482.0,64.0
17.09,1625449482.0,64.0
13.98,1625449482.0,64.0
11.0,1625449482.0,64.0
7.9,1625449482.0,64.0
4.42,1625449482.0,64.0
0.5,1625449482.0,64.0
-3.75,1625449482.0,64.0
-8.09,1625449482.0,64.0
-12.29,1625449482.0,64.0
-16.22,1625449482.0,64.0
-19.93,1625449482.0,64.0
-23.56,1625449482.0,64.0
-27.3,1625449482.0,64.0
-31.36,1625449482.0,64.0
-35.88,1625449482.0,64.0
-40.88,1625449482.0,64.0
-46.15,1625449482.0,64.0
-51.2,1625449482.0,64.0
-55.25,1625449482.0,64.0
-57.37,1625449482.0,64.0
-56.78,1625449482.0,64.0
-53.08,1625449482.0,64.0
-46.45,1625449482.0,64.0
-37.55,1625449482.0,64.0
-27.27,1625449482.0,64.0
-16.42,1625449482.0,64.0
-5.56,1625449482.0,64.0
5.01,1625449482.0,64.0
15.04,1625449482.0,64.0
24.15,1625449482.0,64.0
31.8,1625449482.0,64.0
37.49,1625449482.0,64.0
40.99,1625449482.0,64.0
42.55,1625449482.0,64.0
42.8,1625449482.0,64.0
42.56,1625449482.0,64.0
42.43,1625449482.0,64.0
42.61,1625449482.0,64.0
42.85,1625449482.0,64.0
42.71,1625449482.0,64.0
41.8,1625449482.0,64.0
40.0,1625449482.0,64.0
37.47,1625449482.0,64.0
34.5,1625449482.0,64.0
31.34,1625449482.0,64.0
28.13,1625449482.0,64.0
24.85,1625449482.0,64.0
21.45,1625449482.0,64.0
17.93,1625449482.0,64.0
14.34,1625449482.0,64.0
10.76,1625449482.0,64.0
7.24,1625449482.0,64.0
3.8,1625449482.0,64.0
0.41,1625449482.0,64.0
-2.97,1625449482.0,64.0
-6.32,1625449482.0,64.0
-9.66,1625449482.0,64.0
-12.97,1625449482.0,64.0
-16.29,1625449482.0,64.0
-19.68,1625449482.0,64.0
-23.19,1625449482.0,64.0
-26.89,1625449482.0,64.0
-30.85,1625449482.0,64.0
-35.11,1625449482.0,64.0
-39.68,1625449482.0,64.0
-44.41,1625449482.0,64.0
-48.87,1625449482.0,64.0
-52.4,1625449482.0,64.0
-54.15,1625449482.0,64.0
-53.38,1625449482.0,64.0
-49.7,1625449482.0,64.0
-43.21,1625449482.0,64.0
-34.53,1625449482.0,64.0
-24.52,1625449482.0,64.0
-14.06,1625449482.0,64.0
-3.81,1625449482.0,64.0
5.77,1625449482.0,64.0
14.31,1625449482.0,64.0
21.48,1625449482.0,64.0
26.88,1625449482.0,64.0
30.27,1625449482.0,64.0
31.72,1625449482.0,64.0
31.69,1625449482.0,64.0
30.96,1625449482.0,64.0
30.31,1625449482.0,64.0
30.26,1625449482.0,64.0
30.9,1625449482.0,64.0
31.88,1625449482.0,64.0
32.7,1625449482.0,64.0
32.9,1625449482.0,64.0
32.27,1625449482.0,64.0
30.77,1625449482.0,64.0
28.54,1625449482.0,64.0
25.72,1625449482.0,64.0
22.47,1625449482.0,64.0
18.93,1625449482.0,64.0
15.26,1625449482.0,64.0
11.6,1625449482.0,64.0
8.04,1625449482.0,64.0
4.55,1625449482.0,64.0
1.08,1625449482.0,64.0
-2.44,1625449482.0,64.0
-5.98,1625449482.0,64.0
-9.46,1625449482.0,64.0
-12.77,1625449482.0,64.0
-15.88,1625449482.0,64.0
-18.83,1625449482.0,64.0
-21.74,1625449482.0,64.0
-24.77,1625449482.0,64.0
-28.08,1625449482.0,64.0
-31.77,1625449482.0,64.0
-35.92,1625449482.0,64.0
-40.41,1625449482.0,64.0
-44.89,1625449482.0,64.0
-48.72,1625449482.0,64.0
-51.03,1625449482.0,64.0
-51.0,1625449482.0,64.0
-48.09,1625449482.0,64.0
-42.33,1625449482.0,64.0
-34.22,1625449482.0,64.0
-24.63,1625449482.0,64.0
-14.41,1625449482.0,64.0
-4.21,1625449482.0,64.0
5.56,1625449482.0,64.0
14.59,1625449482.0,64.0
22.51,1625449482.0,64.0
28.88,1625449482.0,64.0
33.32,1625449482.0,64.0
35.7,1625449482.0,64.0
36.34,1625449482.0,64.0
35.96,1625449482.0,64.0
35.36,1625449482.0,64.0
35.16,1625449482.0,64.0
35.52,1625449482.0,64.0
36.15,1625449482.0,64.0
36.52,1625449482.0,64.0
36.12,1625449482.0,64.0
34.73,1625449482.0,64.0
32.41,1625449482.0,64.0
29.46,1625449482.0,64.0
26.17,1625449482.0,64.0
22.74,1625449482.0,64.0
19.24,1625449482.0,64.0
15.66,1625449482.0,64.0
11.96,1625449482.0,64.0
8.17,1625449482.0,64.0
4.36,1625449482.0,64.0
0.61,1625449482.0,64.0
-3.04,1625449482.0,64.0
-6.57,1625449482.0,64.0
-10.0,1625449482.0,64.0
-13.39,1625449482.0,64.0
-16.82,1625449482.0,64.0
-20.39,1625449482.0,64.0
-24.21,1625449482.0,64.0
-28.34,1625449482.0,64.0
-32.82,1625449482.0,64.0
-37.65,1625449482.0,64.0
-42.77,1625449482.0,64.0
-48.03,1625449482.0,64.0
-53.11,1625449482.0,64.0
-57.49,1625449482.0,64.0
-60.44,1625449482.0,64.0
-61.17,1625449482.0,64.0
-59.04,1625449482.0,64.0
-53.82,1625449482.0,64.0
-45.76,1625449482.0,64.0
-35.58,1625449482.0,64.0
-24.21,1625449482.0,64.0
-12.53,1625449482.0,64.0
-1.2,1625449482.0,64.0
9.42,1625449482.0,64.0
19.09,1625449482.0,64.0
27.58,1625449482.0,64.0
34.6,1625449482.0,64.0
39.83,1625449482.0,64.0
43.12,1625449482.0,64.0
44.58,1625449482.0,64.0
44.63,1625449482.0,64.0
43.9,1625449482.0,64.0
42.96,1625449482.0,64.0
42.16,1625449482.0,64.0
41.53,1625449482.0,64.0
40.81,1625449482.0,64.0
39.67,1625449482.0,64.0
37.85,1625449482.0,64.0
35.32,1625449482.0,64.0
32.23,1625449482.0,64.0
28.81,1625449482.0,64.0
25.26,1625449482.0,64.0
21.67,1625449482.0,64.0
18.02,1625449482.0,64.0
14.26,1625449482.0,64.0
10.37,1625449482.0,64.0
6.41,1625449482.0,64.0
2.49,1625449482.0,64.0
-1.3,1625449482.0,64.0
-4.94,1625449482.0,64.0
-8.45,1625449482.0,64.0
-11.94,1625449482.0,64.0
-15.51,1625449482.0,64.0
-19.26,1625449482.0,64.0
-23.25,1625449482.0,64.0
-27.52,1625449482.0,64.0
-32.08,1625449482.0,64.0
-36.97,1625449482.0,64.0
-42.2,1625449482.0,64.0
-47.72,1625449482.0,64.0
-53.29,1625449482.0,64.0
-58.44,1625449482.0,64.0
-62.46,1625449482.0,64.0
-64.54,1625449482.0,64.0
-63.95,1625449482.0,64.0
-60.26,1625449482.0,64.0
-53.46,1625449482.0,64.0
-44.02,1625449482.0,64.0
-32.72,1625449482.0,64.0
-20.5,1625449482.0,64.0
-8.22,1625449482.0,64.0
3.44,1625449482.0,64.0
14.06,1625449482.0,64.0
23.32,1625449482.0,64.0
30.96,1625449482.0,64.0
36.76,1625449482.0,64.0
40.57,1625449482.0,64.0
42.46,1625449482.0,64.0
42.81,1625449482.0,64.0
42.22,1625449482.0,64.0
41.37,1625449482.0,64.0
40.76,1625449482.0,64.0
40.53,1625449482.0,64.0
40.47,1625449482.0,64.0
40.19,1625449482.0,64.0
39.34,1625449482.0,64.0
37.77,1625449482.0,64.0
35.49,1625449482.0,64.0
32.67,1625449482.0,64.0
29.46,1625449482.0,64.0
26.02,1625449482.0,64.0
22.46,1625449482.0,64.0
18.88,1625449482.0,64.0
15.34,1625449482.0,64.0
11.86,1625449482.0,64.0
8.42,1625449482.0,64.0
4.96,1625449482.0,64.0
1.41,1625449482.0,64.0
-2.27,1625449482.0,64.0
-6.06,1625449482.0,64.0
-9.96,1625449482.0,64.0
-13.92,1625449482.0,64.0
-17.91,1625449482.0,64.0
-21.9,1625449482.0,64.0
-25.88,1625449482.0,64.0
-29.89,1625449482.0,64.0
-34.09,1625449482.0,64.0
-38.64,1625449482.0,64.0
-43.69,1625449482.0,64.0
-49.16,1625449482.0,64.0
-54.67,1625449482.0,64.0
-59.52,1625449482.0,64.0
-62.84,1625449482.0,64.0
-63.78,1625449482.0,64.0
-61.81,1625449482.0,64.0
-56.85,1625449482.0,64.0
-49.28,1625449482.0,64.0
-39.84,1625449482.0,64.0
-29.3,1625449482.0,64.0
-18.3,1625449482.0,64.0
-7.3,1625449482.0,64.0
3.45,1625449482.0,64.0
13.66,1625449482.0,64.0
22.93,1625449482.0,64.0
30.73,1625449482.0,64.0
36.63,1625449482.0,64.0
40.41,1625449482.0,64.0
42.29,1625449482.0,64.0
42.81,1625449482.0,64.0
42.68,1625449482.0,64.0
42.45,1625449482.0,64.0
42.35,1625449482.0,64.0
42.29,1625449482.0,64.0
41.97,1625449482.0,64.0
41.12,1625449482.0,64.0
39.65,1625449482.0,64.0
37.61,1625449482.0,64.0
35.19,1625449482.0,64.0
32.5,1625449482.0,64.0
29.58,1625449482.0,64.0
26.4,1625449482.0,64.0
22.92,1625449482.0,64.0
19.17,1625449482.0,64.0
15.24,1625449482.0,64.0
11.3,1625449482.0,64.0
7.47,1625449482.0,64.0
3.82,1625449482.0,64.0
0.34,1625449482.0,64.0
-3.05,1625449482.0,64.0
-6.46,1625449482.0,64.0
-9.96,1625449482.0,64.0
-13.58,1625449482.0,64.0
-17.33,1625449482.0,64.0
-21.14,1625449482.0,64.0
-24.99,1625449482.0,64.0
-28.89,1625449482.0,64.0
-32.94,1625449482.0,64.0
-37.27,1625449482.0,64.0
-41.99,1625449482.0,64.0
-47.09,1625449482.0,64.0
-52.28,1625449482.0,64.0
-56.97,1625449482.0,64.0
-60.34,1625449482.0,64.0
-61.47,1625449482.0,64.0
-59.68,1625449482.0,64.0
-54.7,1625449482.0,64.0
-46.84,1625449482.0,64.0
-36.85,1625449482.0,64.0
-25.67,1625449482.0,64.0
-14.14,1625449482.0,64.0
-2.87,1625449482.0,64.0
7.8,1625449482.0,64.0
17.65,1625449482.0,64.0
26.35,1625449482.0,64.0
33.53,1625449482.0,64.0
38.82,1625449482.0,64.0
42.12,1625449482.0,64.0
43.66,1625449482.0,64.0
44.02,1625449482.0,64.0
43.86,1625449482.0,64.0
43.65,1625449482.0,64.0
43.53,1625449482.0,64.0
43.29,1625449482.0,64.0
42.64,1625449482.0,64.0
41.33,1625449482.0,64.0
39.37,1625449482.0,64.0
36.97,1625449482.0,64.0
34.35,1625449482.0,64.0
31.61,1625449482.0,64.0
28.71,1625449482.0,64.0
25.53,1625449482.0,64.0
22.01,1625449482.0,64.0
18.27,1625449482.0,64.0
14.56,1625449482.0,64.0
11.09,1625449482.0,64.0
8.0,1625449482.0,64.0
5.17,1625449482.0,64.0
2.39,1625449482.0,64.0
-0.58,1625449482.0,64.0
-3.85,1625449482.0,64.0
-7.4,1625449482.0,64.0
-11.08,1625449482.0,64.0
-14.73,1625449482.0,64.0
-18.25,1625449482.0,64.0
-21.61,1625449482.0,64.0
-24.92,1625449482.0,64.0
-28.38,1625449482.0,64.0
-32.22,1625449482.0,64.0
-36.64,1625449482.0,64.0
-41.68,1625449482.0,64.0
-47.13,1625449482.0,64.0
-52.45,1625449482.0,64.0
-56.86,1625449482.0,64.0
-59.46,1625449482.0,64.0
-59.5,1625449482.0,64.0
-56.59,1625449482.0,64.0
-50.81,1625449482.0,64.0
-42.61,1625449482.0,64.0
-32.75,1625449482.0,64.0
-22.01,1625449482.0,64.0
-11.09,1625449482.0,64.0
-0.56,1625449482.0,64.0
9.1,1625449482.0,64.0
17.5,1625449482.0,64.0
24.31,1625449482.0,64.0
29.33,1625449482.0,64.0
32.56,1625449482.0,64.0
34.27,1625449482.0,64.0
34.92,1625449482.0,64.0
35.08,1625449482.0,64.0
35.2,1625449482.0,64.0
35.52,1625449482.0,64.0
35.98,1625449482.0,64.0
36.32,1625449482.0,64.0
36.2,1625449482.0,64.0
35.4,1625449482.0,64.0
33.86,1625449482.0,64.0
31.68,1625449482.0,64.0
29.07,1625449482.0,64.0
26.22,1625449482.0,64.0
23.24,1625449482.0,64.0
20.17,1625449482.0,64.0
16.99,1625449482.0,64.0
13.71,1625449482.0,64.0
10.33,1625449482.0,64.0
6.86,1625449482.0,64.0
3.36,1625449482.0,64.0
-0.12,1625449482.0,64.0
-3.51,1625449482.0,64.0
-6.76,1625449482.0,64.0
-9.83,1625449482.0,64.0
-12.77,1625449482.0,64.0
-15.68,1625449482.0,64.0
-18.7,1625449482.0,64.0
-21.96,1625449482.0,64.0
-25.55,1625449482.0,64.0
-29.46,1625449482.0,64.0
-33.67,1625449482.0,64.0
-38.1,1625449482.0,64.0
-42.65,1625449482.0,64.0
-47.02,1625449482.0,64.0
-50.69,1625449482.0,64.0
-52.88,1625449482.0,64.0
-52.77,1625449482.0,64.0
-49.71,1625449482.0,64.0
-43.56,1625449482.0,64.0
-34.82,1625449482.0,64.0
-24.43,1625449482.0,64.0
-13.48,1625449482.0,64.0
-2.88,1625449482.0,64.0
6.83,1625449482.0,64.0
15.37,1625449482.0,64.0
22.59,1625449482.0,64.0
28.28,1625449482.0,64.0
32.22,1625449482.0,64.0
34.32,1625449482.0,64.0
34.83,1625449482.0,64.0
34.33,1625449482.0,64.0
33.56,1625449482.0,64.0
33.11,1625449482.0,64.0
33.24,1625449482.0,64.0
33.76,1625449482.0,64.0
34.19,1625449482.0,64.0
34.03,1625449482.0,64.0
32.95,1625449482.0,64.0
30.89,1625449482.0,64.0
28.03,1625449482.0,64.0
24.71,1625449482.0,64.0
21.25,1625449482.0,64.0
17.87,1625449482.0,64.0
14.66,1625449482.0,64.0
11.54,1625449482.0,64.0
8.37,1625449482.0,64.0
5.0,1625449482.0,64.0
1.39,1625449482.0,64.0
-2.4,1625449482.0,64.0
-6.2,1625449482.0,64.0
-9.81,1625449482.0,64.0
-13.13,1625449482.0,64.0
-16.23,1625449482.0,64.0
-19.35,1625449482.0,64.0
-22.78,1625449482.0,64.0
-26.73,1625449482.0,64.0
-31.24,1625449482.0,64.0
-36.19,1625449482.0,64.0
-41.33,1625449482.0,64.0
-46.33,1625449482.0,64.0
-50.79,1625449482.0,64.0
-54.18,1625449482.0,64.0
-55.86,1625449482.0,64.0
-55.21,1625449482.0,64.0
-51.81,1625449482.0,64.0
-45.62,1625449482.0,64.0
-37.1,1625449482.0,64.0
-27.03,1625449482.0,64.0
-16.28,1625449482.0,64.0
-5.55,1625449482.0,64.0
4.72,1625449482.0,64.0
14.23,1625449482.0,64.0
22.69,1625449482.0,64.0
29.68,1625449482.0,64.0
34.76,1625449482.0,64.0
37.7,1625449482.0,64.0
38.64,1625449482.0,64.0
38.18,1625449482.0,64.0
37.15,1625449482.0,64.0
36.34,1625449482.0,64.0
36.16,1625449482.0,64.0
36.58,1625449482.0,64.0
37.14,1625449482.0,64.0
37.27,1625449482.0,64.0
36.48,1625449482.0,64.0
34.58,1625449482.0,64.0
31.69,1625449482.0,64.0
28.12,1625449482.0,64.0
24.22,1625449482.0,64.0
20.24,1625449482.0,64.0
16.29,1625449482.0,64.0
12.37,1625449482.0,64.0
8.4,1625449482.0,64.0
4.38,1625449482.0,64.0
0.35,1625449482.0,64.0
-3.6,1625449482.0,64.0
-7.38,1625449482.0,64.0
-10.97,1625449482.0,64.0
-14.42,1625449482.0,64.0
-17.89,1625449482.0,64.0
-21.53,1625449482.0,64.0
-25.4,1625449482.0,64.0
-29.53,1625449482.0,64.0
-33.92,1625449482.0,64.0
-38.56,1625449482.0,64.0
-43.43,1625449482.0,64.0
-48.46,1625449482.0,64.0
-53.35,1625449482.0,64.0
-57.54,1625449482.0,64.0
-60.24,1625449482.0,64.0
-60.63,1625449482.0,64.0
-58.08,1625449482.0,64.0
-52.44,1625449482.0,64.0
-44.06,1625449482.0,64.0
-33.69,1625449482.0,64.0
-22.21,1625449482.0,64.0
-10.4,1625449482.0,64.0
1.17,1625449482.0,64.0
12.13,1625449482.0,64.0
22.12,1625449482.0,64.0
30.77,1625449482.0,64.0
37.61,1625449482.0,64.0
42.31,1625449482.0,64.0
44.83,1625449482.0,64.0
45.47,1625449482.0,64.0
44.88,1625449482.0,64.0
43.82,1625449482.0,64.0
42.89,1625449482.0,64.0
42.32,1625449482.0,64.0
41.98,1625449482.0,64.0
41.51,1625449482.0,64.0
40.51,1625449482.0,64.0
38.79,1625449482.0,64.0
36.38,1625449482.0,64.0
33.46,1625449482.0,64.0
30.26,1625449482.0,64.0
26.89,1625449482.0,64.0
23.33,1625449482.0,64.0
19.5,1625449482.0,64.0
15.34,1625449482.0,64.0
10.93,1625449482.0,64.0
6.43,1625449482.0,64.0
2.08,1625449482.0,64.0
-1.96,1625449482.0,64.0
-5.66,1625449482.0,64.0
-9.1,1625449482.0,64.0
-12.45,1625449482.0,64.0
-15.92,1625449482.0,64.0
-19.64,1625449482.0,64.0
-23.7,1625449482.0,64.0
-28.14,1625449482.0,64.0
-32.95,1625449482.0,64.0
-38.08,1625449482.0,64.0
-43.47,1625449482.0,64.0
-48.93,1625449482.0,64.0
-54.12,1625449482.0,64.0
-58.49,1625449482.0,64.0
-61.31,1625449482.0,64.0
-61.82,1625449482.0,64.0
-59.48,1625449482.0,64.0
-54.12,1625449482.0,64.0
-46.06,1625449482.0,64.0
-36.03,1625449482.0,64.0
-24.92,1625449482.0,64.0
-13.54,1625449482.0,64.0
-2.42,1625449482.0,64.0
8.19,1625449482.0,64.0
18.11,1625449482.0,64.0
27.08,1625449482.0,64.0
34.68,1625449482.0,64.0
40.44,1625449482.0,64.0
44.08,1625449482.0,64.0
45.72,1625449482.0,64.0
45.87,1625449482.0,64.0
45.3,1625449482.0,64.0
44.66,1625449482.0,64.0
44.26,1625449482.0,64.0
43.99,1625449482.0,64.0
43.47,1625449482.0,64.0
42.33,1625449482.0,64.0
40.39,1625449482.0,64.0
37.75,1625449482.0,64.0
34.68,1625449482.0,64.0
31.45,1625449482.0,64.0
28.2,1625449482.0,64.0
24.94,1625449482.0,64.0
21.65,1625449482.0,64.0
18.33,1625449482.0,64.0
15.03,1625449482.0,64.0
11.78,1625449482.0,64.0
8.55,1625449482.0,64.0
5.2,1625449482.0,64.0
1.54,1625449482.0,64.0
-2.49,1625449482.0,64.0
-6.81,1625449482.0,64.0
-11.21,1625449482.0,64.0
-15.43,1625449482.0,64.0
-19.36,1625449482.0,64.0
-23.06,1625449482.0,64.0
-26.76,1625449482.0,64.0
-30.77,1625449482.0,64.0
-35.34,1625449482.0,64.0
-40.57,1625449482.0,64.0
-46.31,1625449482.0,64.0
-52.2,1625449482.0,64.0
-57.61,1625449482.0,64.0
-61.76,1625449482.0,64.0
-63.81,1625449482.0,64.0
-63.05,1625449482.0,64.0
-59.12,1625449482.0,64.0
-52.13,1625449482.0,64.0
-42.66,1625449482.0,64.0
-31.61,1625449482.0,64.0
-19.89,1625449482.0,64.0
-8.22,1625449482.0,64.0
2.96,1625449482.0,64.0
13.39,1625449482.0,64.0
22.8,1625449482.0,64.0
30.78,1625449482.0,64.0
36.92,1625449482.0,64.0
40.92,1625449482.0,64.0
42.85,1625449482.0,64.0
43.16,1625449482.0,64.0
42.59,1625449482.0,64.0
41.84,1625449482.0,64.0
41.39,1625449482.0,64.0
41.28,1625449482.0,64.0
41.27,1625449482.0,64.0
40.97,1625449482.0,64.0
40.09,1625449482.0,64.0
38.49,1625449482.0,64.0
36.25,1625449482.0,64.0
33.52,1625449482.0,64.0
30.49,1625449482.0,64.0
27.23,1625449482.0,64.0
23.79,1625449482.0,64.0
20.15,1625449482.0,64.0
16.35,1625449482.0,64.0
12.49,1625449482.0,64.0
8.7,1625449482.0,64.0
5.1,1625449482.0,64.0
1.71,1625449482.0,64.0
-1.55,1625449482.0,64.0
-4.82,1625449482.0,64.0
-8.24,1625449482.0,64.0
-11.87,1625449482.0,64.0
-15.66,1625449482.0,64.0
-19.51,1625449482.0,64.0
-23.32,1625449482.0,64.0
-27.1,1625449482.0,64.0
-30.9,1625449482.0,64.0
-34.84,1625449482.0,64.0
-39.06,1625449482.0,64.0
-43.58,1625449482.0,64.0
-48.25,1625449482.0,64.0
-52.67,1625449482.0,64.0
-56.18,1625449482.0,64.0
-57.96,1625449482.0,64.0
-57.27,1625449482.0,64.0
-53.66,1625449482.0,64.0
-47.18,1625449482.0,64.0
-38.33,1625449482.0,64.0
-27.91,1625449482.0,64.0
-16.75,1625449482.0,64.0
-5.54,1625449482.0,64.0
5.24,1625449482.0,64.0
15.2,1625449482.0,64.0
23.99,1625449482.0,64.0
31.22,1625449482.0,64.0
36.57,1625449482.0,64.0
39.97,1625449482.0,64.0
41.62,1625449482.0,64.0
42.01,1625449482.0,64.0
41.72,1625449482.0,64.0
41.22,1625449482.0,64.0
40.76,1625449482.0,64.0
40.31,1625449482.0,64.0
39.72,1625449482.0,64.0
38.79,1625449482.0,64.0
37.38,1625449482.0,64.0
35.48,1625449482.0,64.0
33.09,1625449482.0,64.0
30.29,1625449482.0,64.0
27.11,1625449482.0,64.0
23.63,1625449482.0,64.0
19.93,1625449482.0,64.0
16.14,1625449482.0,64.0
12.36,1625449482.0,64.0
8.7,1625449482.0,64.0
5.21,1625449482.0,64.0
1.87,1625449482.0,64.0
-1.38,1625449482.0,64.0
-4.65,1625449482.0,64.0
-8.01,1625449482.0,64.0
-11.52,1625449482.0,64.0
-15.2,1625449482.0,64.0
-18.98,1625449482.0,64.0
-22.8,1625449482.0,64.0
-26.61,1625449482.0,64.0
-30.42,1625449482.0,64.0
-34.33,1625449482.0,64.0
-38.56,1625449482.0,64.0
-43.28,1625449482.0,64.0
-48.54,1625449482.0,64.0
-54.08,1625449482.0,64.0
-59.29,1625449482.0,64.0
-63.29,1625449482.0,64.0
-65.1,1625449482.0,64.0
-63.89,1625449482.0,64.0
-59.29,1625449482.0,64.0
-51.42,1625449482.0,64.0
-40.89,1625449482.0,64.0
-28.61,1625449482.0,64.0
-15.55,1625449482.0,64.0
-2.59,1625449482.0,64.0
9.58,1625449482.0,64.0
20.42,1625449482.0,64.0
29.5,1625449482.0,64.0
36.48,1625449482.0,64.0
41.21,1625449482.0,64.0
43.76,1625449482.0,64.0
44.54,1625449482.0,64.0
44.2,1625449482.0,64.0
43.43,1625449482.0,64.0
42.76,1625449482.0,64.0
42.42,1625449482.0,64.0
42.27,1625449482.0,64.0
41.99,1625449482.0,64.0
41.21,1625449482.0,64.0
39.72,1625449482.0,64.0
37.43,1625449482.0,64.0
34.42,1625449482.0,64.0
30.87,1625449482.0,64.0
26.96,1625449482.0,64.0
22.9,1625449482.0,64.0
18.87,1625449482.0,64.0
15.0,1625449482.0,64.0
11.34,1625449482.0,64.0
7.85,1625449482.0,64.0
4.39,1625449482.0,64.0
0.86,1625449482.0,64.0
-2.78,1625449482.0,64.0
-6.45,1625449482.0,64.0
-10.0,1625449482.0,64.0
-13.3,1625449482.0,64.0
-16.33,1625449482.0,64.0
-19.21,1625449482.0,64.0
-22.14,1625449482.0,64.0
-25.34,1625449482.0,64.0
-28.97,1625449482.0,64.0
-33.1,1625449482.0,64.0
-37.7,1625449482.0,64.0
-42.56,1625449482.0,64.0
-47.33,1625449482.0,64.0
-51.47,1625449482.0,64.0
-54.28,1625449482.0,64.0
-55.03,1625449482.0,64.0
-53.15,1625449482.0,64.0
-48.43,1625449482.0,64.0
-41.13,1625449482.0,64.0
-31.91,1625449482.0,64.0
-21.62,1625449482.0,64.0
-11.04,1625449482.0,64.0
-0.74,1625449482.0,64.0
8.98,1625449482.0,64.0
17.88,1625449482.0,64.0
25.65,1625449482.0,64.0
31.89,1625449482.0,64.0
36.19,1625449482.0,64.0
38.43,1625449482.0,64.0
38.87,1625449482.0,64.0
38.15,1625449482.0,64.0
37.07,1625449482.0,64.0
36.26,1625449482.0,64.0
35.96,1625449482.0,64.0
35.99,1625449482.0,64.0
35.96,1625449482.0,64.0
35.46,1625449482.0,64.0
34.29,1625449482.0,64.0
32.4,1625449482.0,64.0
29.88,1625449482.0,64.0
26.85,1625449482.0,64.0
23.4,1625449482.0,64.0
19.61,1625449482.0,64.0
15.55,1625449482.0,64.0
11.37,1625449482.0,64.0
7.22,1625449482.0,64.0
3.25,1625449482.0,64.0
-0.45,1625449482.0,64.0
-3.84,1625449482.0,64.0
-6.97,1625449482.0,64.0
-9.95,1625449482.0,64.0
-12.95,1625449482.0,64.0
-16.11,1625449482.0,64.0
-19.52,1625449482.0,64.0
-23.21,1625449482.0,64.0
-27.15,1625449482.0,64.0
-31.31,1625449482.0,64.0
-35.73,1625449482.0,64.0
-40.47,1625449482.0,64.0
-45.51,1625449482.0,64.0
-50.61,1625449482.0,64.0
-55.22,1625449482.0,64.0
-58.56,1625449482.0,64.0
-59.8,1625449482.0,64.0
-58.3,1625449482.0,64.0
-53.86,1625449482.0,64.0
-46.73,1625449482.0,64.0
-37.54,1625449482.0,64.0
-27.06,1625449482.0,64.0
-15.96,1625449482.0,64.0
-4.76,1625449482.0,64.0
6.19,1625449482.0,64.0
16.55,1625449482.0,64.0
25.91,1625449482.0,64.0
33.78,1625449482.0,64.0
39.7,1625449482.0,64.0
43.42,1625449482.0,64.0
45.04,1625449482.0,64.0
45.1,1625449482.0,64.0
44.35,1625449482.0,64.0
43.53,1625449482.0,64.0
43.08,1625449482.0,64.0
43.01,1625449482.0,64.0
42.95,1625449482.0,64.0
42.4,1625449482.0,64.0
40.96,1625449482.0,64.0
38.52,1625449482.0,64.0
35.27,1625449482.0,64.0
31.54,1625449482.0,64.0
27.65,1625449482.0,64.0
23.79,1625449482.0,64.0
19.99,1625449482.0,64.0
16.17,1625449482.0,64.0
12.28,1625449482.0,64.0
8.32,1625449482.0,64.0
4.35,1625449482.0,64.0
0.5,1625449482.0,64.0
-3.16,1625449482.0,64.0
-6.58,1625449482.0,64.0
-9.79,1625449482.0,64.0
-12.89,1625449482.0,64.0
-16.03,1625449482.0,64.0
-19.4,1625449482.0,64.0
-23.12,1625449482.0,64.0
-27.27,1625449482.0,64.0
-31.84,1625449482.0,64.0
-36.77,1625449482.0,64.0
-41.91,1625449482.0,64.0
-47.03,1625449482.0,64.0
-51.74,1625449482.0,64.0
-55.5,1625449482.0,64.0
-57.59,1625449482.0,64.0
-57.33,1625449482.0,64.0
-54.28,1625449482.0,64.0
-48.38,1625449482.0,64.0
-40.06,1625449482.0,64.0
-30.07,1625449482.0,64.0
-19.27,1625449482.0,64.0
-8.36,1625449482.0,64.0
2.19,1625449482.0,64.0
12.1,1625449482.0,64.0
21.09,1625449482.0,64.0
28.82,1625449482.0,64.0
34.88,1625449482.0,64.0
38.99,1625449482.0,64.0
41.16,1625449482.0,64.0
41.8,1625449482.0,64.0
41.57,1625449482.0,64.0
41.15,1625449482.0,64.0
40.99,1625449482.0,64.0
41.11,1625449482.0,64.0
41.15,1625449482.0,64.0
40.66,1625449482.0,64.0
39.29,1625449482.0,64.0
36.98,1625449482.0,64.0
33.97,1625449482.0,64.0
30.64,1625449482.0,64.0
27.29,1625449482.0,64.0
24.05,1625449482.0,64.0
20.85,1625449482.0,64.0
17.53,1625449482.0,64.0
14.0,1625449482.0,64.0
10.31,1625449482.0,64.0
6.64,1625449482.0,64.0
3.16,1625449482.0,64.0
-0.04,1625449482.0,64.0
-3.0,1625449482.0,64.0
-5.9,1625449482.0,64.0
-8.92,1625449482.0,64.0
-12.22,1625449482.0,64.0
-15.79,1625449482.0,64.0
-19.55,1625449482.0,64.0
-23.34,1625449482.0,64.0
-27.1,1625449482.0,64.0
-30.84,1625449482.0,64.0
-34.75,1625449482.0,64.0
-38.98,1625449482.0,64.0
-43.53,1625449482.0,64.0
-48.1,1625449482.0,64.0
-52.05,1625449482.0,64.0
-54.47,1625449482.0,64.0
-54.49,1625449482.0,64.0
-51.55,1625449482.0,64.0
-45.62,1625449482.0,64.0
-37.22,1625449482.0,64.0
-27.22,1625449482.0,64.0
-16.58,1625449482.0,64.0
-6.04,1625449482.0,64.0
3.95,1625449482.0,64.0
13.16,1625449482.0,64.0
21.44,1625449482.0,64.0
28.53,1625449482.0,64.0
34.09,1625449482.0,64.0
37.86,1625449482.0,64.0
39.84,1625449482.0,64.0
40.38,1625449482.0,64.0
40.08,1625449482.0,64.0
39.61,1625449482.0,64.0
39.43,1625449482.0,64.0
39.63,1625449482.0,64.0
40.02,1625449482.0,64.0
40.22,1625449482.0,64.0
39.89,1625449482.0,64.0
38.82,1625449482.0,64.0
36.99,1625449482.0,64.0
34.42,1625449482.0,64.0
31.2,1625449482.0,64.0
27.39,1625449482.0,64.0
23.08,1625449482.0,64.0
18.42,1625449482.0,64.0
13.56,1625449482.0,64.0
8.7,1625449482.0,64.0
4.0,1625449482.0,64.0
-0.44,1625449482.0,64.0
-4.56,1625449482.0,64.0
-8.36,1625449482.0,64.0
-11.92,1625449482.0,64.0
-15.33,1625449482.0,64.0
-18.69,1625449482.0,64.0
-22.13,1625449482.0,64.0
-25.72,1625449482.0,64.0
-29.53,1625449482.0,64.0
-33.58,1625449482.0,64.0
-37.93,1625449482.0,64.0
-42.62,1625449482.0,64.0
-47.61,1625449482.0,64.0
-52.66,1625449482.0,64.0
-57.26,1625449482.0,64.0
-60.66,1625449482.0,64.0
-62.02,1625449482.0,64.0
-60.66,1625449482.0,64.0
-56.31,1625449482.0,64.0
-49.19,1625449482.0,64.0
-39.93,1625449482.0,64.0
-29.4,1625449482.0,64.0
-18.42,1625449482.0,64.0
-7.64,1625449482.0,64.0
2.49,1625449482.0,64.0
11.6,1625449482.0,64.0
19.36,1625449482.0,64.0
25.46,1625449482.0,64.0
29.68,1625449482.0,64.0
32.07,1625449482.0,64.0
32.97,1625449482.0,64.0
33.0,1625449482.0,64.0
32.85,1625449482.0,64.0
33.02,1625449482.0,64.0
33.65,1625449482.0,64.0
34.46,1625449482.0,64.0
34.92,1625449482.0,64.0
34.5,1625449482.0,64.0
32.92,1625449482.0,64.0
30.24,1625449482.0,64.0
26.82,1625449482.0,64.0
23.18,1625449482.0,64.0
19.68,1625449482.0,64.0
16.48,1625449482.0,64.0
13.47,1625449482.0,64.0
10.45,1625449482.0,64.0
7.24,1625449482.0,64.0
3.77,1625449482.0,64.0
0.14,1625449482.0,64.0
-3.52,1625449482.0,64.0
-7.11,1625449482.0,64.0
-10.65,1625449482.0,64.0
-14.24,1625449482.0,64.0
-17.98,1625449482.0,64.0
-21.99,1625449482.0,64.0
-26.29,1625449482.0,64.0
-30.84,1625449482.0,64.0
-35.56,1625449482.0,64.0
-40.32,1625449482.0,64.0
-44.91,1625449482.0,64.0
-48.96,1625449482.0,64.0
-51.93,1625449482.0,64.0
-53.2,1625449482.0,64.0
-52.16,1625449482.0,64.0
-48.43,1625449482.0,64.0
-42.02,1625449482.0,64.0
-33.28,1625449482.0,64.0
-22.92,1625449482.0,64.0
-11.75,1625449482.0,64.0
-0.57,1625449482.0,64.0
9.91,1625449482.0,64.0
19.13,1625449482.0,64.0
26.66,1625449482.0,64.0
32.18,1625449482.0,64.0
35.63,1625449482.0,64.0
37.18,1625449482.0,64.0
37.27,1625449482.0,64.0
36.49,1625449482.0,64.0
35.4,1625449482.0,64.0
34.36,1625449482.0,64.0
33.46,1625449482.0,64.0
32.52,1625449482.0,64.0
31.27,1625449482.0,64.0
29.48,1625449482.0,64.0
27.11,1625449482.0,64.0
24.29,1625449482.0,64.0
21.25,1625449482.0,64.0
18.2,1625449482.0,64.0
15.2,1625449482.0,64.0
12.18,1625449482.0,64.0
8.95,1625449482.0,64.0
5.38,1625449482.0,64.0
1.48,1625449482.0,64.0
-2.57,1625449482.0,64.0
-6.53,1625449482.0,64.0
-10.16,1625449482.0,64.0
-13.38,1625449482.0,64.0
-16.28,1625449482.0,64.0
-19.07,1625449482.0,64.0
-21.98,1625449482.0,64.0
-25.21,1625449482.0,64.0
-28.89,1625449482.0,64.0
-33.05,1625449482.0,64.0
-37.62,1625449482.0,64.0
-42.28,1625449482.0,64.0
-46.48,1625449482.0,64.0
-49.4,1625449482.0,64.0
-50.21,1625449482.0,64.0
-48.31,1625449482.0,64.0
-43.53,1625449482.0,64.0
-36.23,1625449482.0,64.0
-27.13,1625449482.0,64.0
-17.02,1625449482.0,64.0
-6.5,1625449482.0,64.0
4.02,1625449482.0,64.0
14.24,1625449482.0,64.0
23.7,1625449482.0,64.0
31.76,1625449482.0,64.0
37.76,1625449482.0,64.0
41.32,1625449482.0,64.0
42.57,1625449482.0,64.0
42.18,1625449482.0,64.0
41.08,1625449482.0,64.0
40.06,1625449482.0,64.0
39.5,1625449482.0,64.0
39.25,1625449482.0,64.0
38.87,1625449482.0,64.0
37.89,1625449482.0,64.0
36.12,1625449482.0,64.0
33.62,1625449482.0,64.0
30.66,1625449482.0,64.0
27.5,1625449482.0,64.0
24.27,1625449482.0,64.0
20.87,1625449482.0,64.0
17.17,1625449482.0,64.0
13.07,1625449482.0,64.0
8.62,1625449482.0,64.0
4.04,1625449482.0,64.0
-0.37,1625449482.0,64.0
-4.37,1625449482.0,64.0
-7.9,1625449482.0,64.0
-11.13,1625449482.0,64.0
-14.35,1625449482.0,64.0
-17.86,1625449482.0,64.0
-21.89,1625449482.0,64.0
-26.48,1625449482.0,64.0
-31.56,1625449482.0,64.0
-36.9,1625449482.0,64.0
-42.09,1625449482.0,64.0
-46.59,1625449482.0,64.0
-49.72,1625449482.0,64.0
-50.78,1625449482.0,64.0
-49.27,1625449482.0,64.0
-45.01,1625449482.0,64.0
-38.2,1625449482.0,64.0
-29.4,1625449482.0,64.0
-19.27,1625449482.0,64.0
-8.47,1625449482.0,64.0
2.41,1625449482.0,64.0
12.83,1625449482.0,64.0
22.17,1625449482.0,64.0
29.82,1625449482.0,64.0
35.22,1625449482.0,64.0
38.18,1625449482.0,64.0
38.99,1625449482.0,64.0
38.4,1625449482.0,64.0
37.34,1625449482.0,64.0
36.59,1625449482.0,64.0
36.46,1625449482.0,64.0
36.74,1625449482.0,64.0
36.89,1625449482.0,64.0
36.34,1625449482.0,64.0
34.77,1625449482.0,64.0
32.18,1625449482.0,64.0
28.84,1625449482.0,64.0
25.08,1625449482.0,64.0
21.16,1625449482.0,64.0
17.16,1625449482.0,64.0
13.08,1625449482.0,64.0
8.89,1625449482.0,64.0
4.59,1625449482.0,64.0
0.28,1625449482.0,64.0
-3.93,1625449482.0,64.0
-7.89,1625449482.0,64.0
-11.53,1625449482.0,64.0
-14.87,1625449482.0,64.0
-18.05,1625449482.0,64.0
-21.22,1625449482.0,64.0
-24.56,1625449482.0,64.0
-28.21,1625449482.0,64.0
-32.22,1625449482.0,64.0
-36.62,1625449482.0,64.0
-41.28,1625449482.0,64.0
-45.95,1625449482.0,64.0
-50.12,1625449482.0,64.0
-53.06,1625449482.0,64.0
-53.96,1625449482.0,64.0
-52.16,1625449482.0,64.0
-47.38,1625449482.0,64.0
-39.89,1625449482.0,64.0
-30.35,1625449482.0,64.0
-19.67,1625449482.0,64.0
-8.64,1625449482.0,64.0
2.13,1625449482.0,64.0
12.28,1625449482.0,64.0
21.45,1625449482.0,64.0
29.26,1625449482.0,64.0
35.28,1625449482.0,64.0
39.21,1625449482.0,64.0
41.09,1625449482.0,64.0
41.29,1625449482.0,64.0
40.51,1625449482.0,64.0
39.46,1625449482.0,64.0
38.66,1625449482.0,64.0
38.21,1625449482.0,64.0
37.88,1625449482.0,64.0
37.29,1625449482.0,64.0
36.06,1625449482.0,64.0
34.05,1625449482.0,64.0
31.31,1625449482.0,64.0
28.07,1625449482.0,64.0
24.62,1625449482.0,64.0
21.2,1625449482.0,64.0
17.91,1625449482.0,64.0
14.74,1625449482.0,64.0
11.54,1625449482.0,64.0
8.17,1625449482.0,64.0
4.53,1625449482.0,64.0
0.68,1625449482.0,64.0
-3.23,1625449482.0,64.0
-6.98,1625449482.0,64.0
-10.45,1625449482.0,64.0
-13.63,1625449482.0,64.0
-16.69,1625449482.0,64.0
-19.83,1625449482.0,64.0
-23.22,1625449482.0,64.0
-26.94,1625449482.0,64.0
-30.97,1625449482.0,64.0
-35.29,1625449482.0,64.0
-39.87,1625449482.0,64.0
-44.65,1625449482.0,64.0
-49.36,1625449482.0,64.0
-53.5,1625449482.0,64.0
-56.29,1625449482.0,64.0
-56.89,1625449482.0,64.0
-54.64,1625449482.0,64.0
-49.31,1625449482.0,64.0
-41.15,1625449482.0,64.0
-30.84,1625449482.0,64.0
-19.25,1625449482.0,64.0
-7.21,1625449482.0,64.0
4.58,1625449482.0,64.0
15.56,1625449482.0,64.0
25.3,1625449482.0,64.0
33.37,1625449482.0,64.0
39.45,1625449482.0,64.0
43.38,1625449482.0,64.0
45.31,1625449482.0,64.0
45.69,1625449482.0,64.0
45.19,1625449482.0,64.0
44.49,1625449482.0,64.0
44.04,1625449482.0,64.0
43.92,1625449482.0,64.0
43.86,1625449482.0,64.0
43.42,1625449482.0,64.0
42.23,1625449482.0,64.0
40.12,1625449482.0,64.0
37.18,1625449482.0,64.0
33.66,1625449482.0,64.0
29.85,1625449482.0,64.0
25.97,1625449482.0,64.0
22.09,1625449482.0,64.0
18.25,1625449482.0,64.0
14.43,1625449482.0,64.0
10.69,1625449482.0,64.0
7.06,1625449482.0,64.0
3.58,1625449482.0,64.0
0.22,1625449482.0,64.0
-3.07,1625449482.0,64.0
-6.37,1625449482.0,64.0
-9.74,1625449482.0,64.0
-13.2,1625449482.0,64.0
-16.73,1625449482.0,64.0
-20.28,1625449482.0,64.0
-23.79,1625449482.0,64.0
-27.24,1625449482.0,64.0
-30.72,1625449482.0,64.0
-34.37,1625449482.0,64.0
-38.36,1625449482.0,64.0
-42.77,1625449482.0,64.0
-47.38,1625449482.0,64.0
-51.69,1625449482.0,64.0
-54.85,1625449482.0,64.0
-55.97,1625449482.0,64.0
-54.32,1625449482.0,64.0
-49.62,1625449482.0,64.0
-42.1,1625449482.0,64.0
-32.43,1625449482.0,64.0
-21.46,1625449482.0,64.0
-10.0,1625449482.0,64.0
1.36,1625449482.0,64.0
12.2,1625449482.0,64.0
22.17,1625449482.0,64.0
30.85,1625449482.0,64.0
37.76,1625449482.0,64.0
42.51,1625449482.0,64.0
44.96,1625449482.0,64.0
45.43,1625449482.0,64.0
44.63,1625449482.0,64.0
43.43,1625449482.0,64.0
42.54,1625449482.0,64.0
42.21,1625449482.0,64.0
42.23,1625449482.0,64.0
42.08,1625449482.0,64.0
41.23,1625449482.0,64.0
39.39,1625449482.0,64.0
36.62,1625449482.0,64.0
33.19,1625449482.0,64.0
29.47,1625449482.0,64.0
25.69,1625449482.0,64.0
21.96,1625449482.0,64.0
18.28,1625449482.0,64.0
14.64,1625449482.0,64.0
11.11,1625449482.0,64.0
7.8,1625449482.0,64.0
4.79,1625449482.0,64.0
2.04,1625449482.0,64.0
-0.63,1625449482.0,64.0
-3.47,1625449482.0,64.0
-6.69,1625449482.0,64.0
-10.36,1625449482.0,64.0
-14.35,1625449482.0,64.0
-18.42,1625449482.0,64.0
-22.3,1625449482.0,64.0
-25.8,1625449482.0,64.0
-28.94,1625449482.0,64.0
-31.89,1625449482.0,64.0
-34.96,1625449482.0,64.0
-38.43,1625449482.0,64.0
-42.52,1625449482.0,64.0
-47.17,1625449482.0,64.0
-52.02,1625449482.0,64.0
-56.4,1625449482.0,64.0
-59.41,1625449482.0,64.0
-60.18,1625449482.0,64.0
-58.05,1625449482.0,64.0
-52.81,1625449482.0,64.0
-44.81,1625449482.0,64.0
-34.79,1625449482.0,64.0
-23.67,1625449482.0,64.0
-12.32,1625449482.0,64.0
-1.36,1625449482.0,64.0
8.75,1625449482.0,64.0
17.67,1625449482.0,64.0
25.05,1625449482.0,64.0
30.5,1625449482.0,64.0
33.84,1625449482.0,64.0
35.19,1625449482.0,64.0
35.12,1625449482.0,64.0
34.47,1625449482.0,64.0
34.02,1625449482.0,64.0
34.22,1625449482.0,64.0
34.99,1625449482.0,64.0
35.81,1625449482.0,64.0
36.03,1625449482.0,64.0
35.19,1625449482.0,64.0
33.18,1625449482.0,64.0
30.24,1625449482.0,64.0
26.78,1625449482.0,64.0
23.17,1625449482.0,64.0
19.63,1625449482.0,64.0
16.25,1625449482.0,64.0
13.0,1625449482.0,64.0
9.81,1625449482.0,64.0
6.67,1625449482.0,64.0
3.56,1625449482.0,64.0
0.46,1625449482.0,64.0
-2.63,1625449482.0,64.0
-5.74,1625449482.0,64.0
-8.88,1625449482.0,64.0
-12.08,1625449482.0,64.0
-15.35,1625449482.0,64.0
-18.69,1625449482.0,64.0
-22.05,1625449482.0,64.0
-25.39,1625449482.0,64.0
-28.66,1625449482.0,64.0
-31.9,1625449482.0,64.0
-35.26,1625449482.0,64.0
-38.9,1625449482.0,64.0
-42.89,1625449482.0,64.0
-47.02,1625449482.0,64.0
-50.71,1625449482.0,64.0
-53.1,1625449482.0,64.0
-53.31,1625449482.0,64.0
-50.69,1625449482.0,64.0
-45.13,1625449482.0,64.0
-37.08,1625449482.0,64.0
-27.38,1625449482.0,64.0
-16.99,1625449482.0,64.0
-6.68,1625449482.0,64.0
3.02,1625449482.0,64.0
11.76,1625449482.0,64.0
19.27,1625449482.0,64.0
25.23,1625449482.0,64.0
29.41,1625449482.0,64.0
31.77,1625449482.0,64.0
32.62,1625449482.0,64.0
32.51,1625449482.0,64.0
32.08,1625449482.0,64.0
31.8,1625449482.0,64.0
31.83,1625449482.0,64.0
32.02,1625449482.0,64.0
32.06,1625449482.0,64.0
31.69,1625449482.0,64.0
30.77,1625449482.0,64.0
29.3,1625449482.0,64.0
27.34,1625449482.0,64.0
24.97,1625449482.0,64.0
22.21,1625449482.0,64.0
19.14,1625449482.0,64.0
15.82,1625449482.0,64.0
12.36,1625449482.0,64.0
8.83,1625449482.0,64.0
5.25,1625449482.0,64.0
1.61,1625449482.0,64.0
-2.14,1625449482.0,64.0
-5.94,1625449482.0,64.0
-9.72,1625449482.0,64.0
-13.35,1625449482.0,64.0
-16.73,1625449482.0,64.0
-19.86,1625449482.0,64.0
-22.82,1625449482.0,64.0
-25.74,1625449482.0,64.0
-28.79,1625449482.0,64.0
-32.13,1625449482.0,64.0
-35.87,1625449482.0,64.0
-40.06,1625449482.0,64.0
-44.59,1625449482.0,64.0
-49.22,1625449482.0,64.0
-53.44,1625449482.0,64.0
-56.52,1625449482.0,64.0
-57.71,1625449482.0,64.0
-56.38,1625449482.0,64.0
-52.26,1625449482.0,64.0
-45.53,1625449482.0,64.0
-36.81,1625449482.0,64.0
-26.91,1625449482.0,64.0
-16.6,1625449482.0,64.0
-6.4,1625449482.0,64.0
3.41,1625449482.0,64.0
12.63,1625449482.0,64.0
21.03,1625449482.0,64.0
28.22,1625449482.0,64.0
33.73,1625449482.0,64.0
37.29,1625449482.0,64.0
38.93,1625449482.0,64.0
39.11,1625449482.0,64.0
38.56,1625449482.0,64.0
37.99,1625449482.0,64.0
37.84,1625449482.0,64.0
38.16,1625449482.0,64.0
38.63,1625449482.0,64.0
38.8,1625449482.0,64.0
38.25,1625449482.0,64.0
36.76,1625449482.0,64.0
34.37,1625449482.0,64.0
31.21,1625449482.0,64.0
27.51,1625449482.0,64.0
23.47,1625449482.0,64.0
19.26,1625449482.0,64.0
15.02,1625449482.0,64.0
10.91,1625449482.0,64.0
7.05,1625449482.0,64.0
3.5,1625449482.0,64.0
0.22,1625449482.0,64.0
-2.94,1625449482.0,64.0
-6.17,1625449482.0,64.0
-9.64,1625449482.0,64.0
-13.42,1625449482.0,64.0
-17.44,1625449482.0,64.0
-21.57,1625449482.0,64.0
-25.64,1625449482.0,64.0
-29.56,1625449482.0,64.0
-33.34,1625449482.0,64.0
-37.12,1625449482.0,64.0
-41.11,1625449482.0,64.0
-45.5,1625449482.0,64.0
-50.31,1625449482.0,64.0
-55.26,1625449482.0,64.0
-59.77,1625449482.0,64.0
-62.96,1625449482.0,64.0
-63.93,1625449482.0,64.0
-62.02,1625449482.0,64.0
-57.02,1625449482.0,64.0
-49.26,1625449482.0,64.0
-39.49,1625449482.0,64.0
-28.58,1625449482.0,64.0
-17.27,1625449482.0,64.0
-6.06,1625449482.0,64.0
4.8,1625449482.0,64.0
15.06,1625449482.0,64.0
24.41,1625449482.0,64.0
32.39,1625449482.0,64.0
38.55,1625449482.0,64.0
42.73,1625449482.0,64.0
45.08,1625449482.0,64.0
46.05,1625449482.0,64.0
46.17,1625449482.0,64.0
45.88,1625449482.0,64.0
45.32,1625449482.0,64.0
44.53,1625449482.0,64.0
43.41,1625449482.0,64.0
41.95,1625449482.0,64.0
40.16,1625449482.0,64.0
38.08,1625449482.0,64.0
35.71,1625449482.0,64.0
32.99,1625449482.0,64.0
29.93,1625449482.0,64.0
26.58,1625449482.0,64.0
23.08,1625449482.0,64.0
19.54,1625449482.0,64.0
16.04,1625449482.0,64.0
12.58,1625449482.0,64.0
9.09,1625449482.0,64.0
5.56,1625449482.0,64.0
1.97,1625449482.0,64.0
-1.66,1625449482.0,64.0
-5.35,1625449482.0,64.0
-9.13,1625449482.0,64.0
-13.03,1625449482.0,64.0
-17.01,1625449482.0,64.0
-20.98,1625449482.0,64.0
-24.8,1625449482.0,64.0
-28.44,1625449482.0,64.0
-31.97,1625449482.0,64.0
-35.61,1625449482.0,64.0
-39.6,1625449482.0,64.0
-44.11,1625449482.0,64.0
-49.04,1625449482.0,64.0
-53.97,1625449482.0,64.0
-58.14,1625449482.0,64.0
-60.65,1625449482.0,64.0
-60.68,1625449482.0,64.0
-57.75,1625449482.0,64.0
-51.89,1625449482.0,64.0
-43.58,1625449482.0,64.0
-33.6,1625449482.0,64.0
-22.75,1625449482.0,64.0
-11.65,1625449482.0,64.0
-0.7,1625449482.0,64.0
9.84,1625449482.0,64.0
19.67,1625449482.0,64.0
28.36,1625449482.0,64.0
35.42,1625449482.0,64.0
40.5,1625449482.0,64.0
43.52,1625449482.0,64.0
44.8,1625449482.0,64.0
44.93,1625449482.0,64.0
44.55,1625449482.0,64.0
44.08,1625449482.0,64.0
43.68,1625449482.0,64.0
43.22,1625449482.0,64.0
42.47,1625449482.0,64.0
41.23,1625449482.0,64.0
39.43,1625449482.0,64.0
37.12,1625449482.0,64.0
34.4,1625449482.0,64.0
31.34,1625449482.0,64.0
27.96,1625449482.0,64.0
24.29,1625449482.0,64.0
20.42,1625449482.0,64.0
16.52,1625449482.0,64.0
12.82,1625449482.0,64.0
9.5,1625449482.0,64.0
6.64,1625449482.0,64.0
4.13,1625449482.0,64.0
1.73,1625449482.0,64.0
-0.87,1625449482.0,64.0
-3.92,1625449482.0,64.0
-7.49,1625449482.0,64.0
-11.48,1625449482.0,64.0
-15.58,1625449482.0,64.0
-19.52,1625449482.0,64.0
-23.08,1625449482.0,64.0
-26.31,1625449482.0,64.0
-29.44,1625449482.0,64.0
-32.85,1625449482.0,64.0
-36.89,1625449482.0,64.0
-41.65,1625449482.0,64.0
-46.92,1625449482.0,64.0
-52.08,1625449482.0,64.0
-56.29,1625449482.0,64.0
-58.68,1625449482.0,64.0
-58.6,1625449482.0,64.0
-55.71,1625449482.0,64.0
-50.14,1625449482.0,64.0
-42.28,1625449482.0,64.0
-32.76,1625449482.0,64.0
-22.18,1625449482.0,64.0
-11.09,1625449482.0,64.0
0.03,1625449482.0,64.0
10.74,1625449482.0,64.0
20.52,1625449482.0,64.0
28.89,1625449482.0,64.0
35.44,1625449482.0,64.0
39.98,1625449482.0,64.0
42.66,1625449482.0,64.0
43.9,1625449482.0,64.0
44.29,1625449482.0,64.0
44.37,1625449482.0,64.0
44.49,1625449482.0,64.0
44.73,1625449482.0,64.0
44.92,1625449482.0,64.0
44.75,1625449482.0,64.0
43.97,1625449482.0,64.0
42.44,1625449482.0,64.0
40.21,1625449482.0,64.0
37.46,1625449482.0,64.0
34.36,1625449482.0,64.0
31.04,1625449482.0,64.0
27.52,1625449482.0,64.0
23.79,1625449482.0,64.0
19.89,1625449482.0,64.0
15.93,1625449482.0,64.0
12.1,1625449482.0,64.0
8.56,1625449482.0,64.0
5.4,1625449482.0,64.0
2.57,1625449482.0,64.0
-0.14,1625449482.0,64.0
-2.97,1625449482.0,64.0
-6.06,1625449482.0,64.0
-9.47,1625449482.0,64.0
-13.1,1625449482.0,64.0
-16.78,1625449482.0,64.0
-20.37,1625449482.0,64.0
-23.83,1625449482.0,64.0
-27.23,1625449482.0,64.0
-30.78,1625449482.0,64.0
-34.67,1625449482.0,64.0
-39.05,1625449482.0,64.0
-43.85,1625449482.0,64.0
-48.75,1625449482.0,64.0
-53.19,1625449482.0,64.0
-56.43,1625449482.0,64.0
-57.74,1625449482.0,64.0
-56.54,1625449482.0,64.0
-52.59,1625449482.0,64.0
-46.0,1625449482.0,64.0
-37.25,1625449482.0,64.0
-27.04,1625449482.0,64.0
-16.12,1625449482.0,64.0
-5.16,1625449482.0,64.0
5.33,1625449482.0,64.0
14.93,1625449482.0,64.0
23.25,1625449482.0,64.0
29.91,1625449482.0,64.0
34.62,1625449482.0,64.0
37.32,1625449482.0,64.0
38.27,1625449482.0,64.0
38.1,1625449482.0,64.0
37.54,1625449482.0,64.0
37.2,1625449482.0,64.0
37.34,1625449482.0,64.0
37.79,1625449482.0,64.0
38.1,1625449482.0,64.0
37.82,1625449482.0,64.0
36.71,1625449482.0,64.0
34.85,1625449482.0,64.0
32.52,1625449482.0,64.0
30.03,1625449482.0,64.0
27.55,1625449482.0,64.0
25.04,1625449482.0,64.0
22.35,1625449482.0,64.0
19.33,1625449482.0,64.0
15.96,1625449482.0,64.0
12.38,1625449482.0,64.0
8.79,1625449482.0,64.0
5.4,1625449482.0,64.0
2.27,1625449482.0,64.0
-0.62,1625449482.0,64.0
-3.4,1625449482.0,64.0
-6.21,1625449482.0,64.0
-9.13,1625449482.0,64.0
-12.17,1625449482.0,64.0
-15.33,1625449482.0,64.0
-18.56,1625449482.0,64.0
-21.88,1625449482.0,64.0
-25.37,1625449482.0,64.0
-29.16,1625449482.0,64.0
-33.41,1625449482.0,64.0
-38.17,1625449482.0,64.0
-43.27,1625449482.0,64.0
-48.18,1625449482.0,64.0
-52.08,1625449482.0,64.0
-53.97,1625449482.0,64.0
-53.06,1625449482.0,64.0
-49.03,1625449482.0,64.0
-42.15,1625449482.0,64.0
-33.23,1625449482.0,64.0
-23.27,1625449482.0,64.0
-13.13,1625449482.0,64.0
-3.41,1625449482.0,64.0
5.56,1625449482.0,64.0
13.52,1625449482.0,64.0
20.17,1625449482.0,64.0
25.17,1625449482.0,64.0
28.35,1625449482.0,64.0
29.81,1625449482.0,64.0
30.04,1625449482.0,64.0
29.7,1625449482.0,64.0
29.42,1625449482.0,64.0
29.55,1625449482.0,64.0
30.07,1625449482.0,64.0
30.63,1625449482.0,64.0
30.79,1625449482.0,64.0
30.21,1625449482.0,64.0
28.75,1625449482.0,64.0
26.48,1625449482.0,64.0
23.59,1625449482.0,64.0
20.32,1625449482.0,64.0
16.86,1625449482.0,64.0
13.35,1625449482.0,64.0
9.9,1625449482.0,64.0
6.56,1625449482.0,64.0
3.39,1625449482.0,64.0
0.35,1625449482.0,64.0
-2.63,1625449482.0,64.0
-5.66,1625449482.0,64.0
-8.8,1625449482.0,64.0
-12.01,1625449482.0,64.0
-15.2,1625449482.0,64.0
-18.24,1625449482.0,64.0
-21.14,1625449482.0,64.0
-23.94,1625449482.0,64.0
-26.83,1625449482.0,64.0
-29.98,1625449482.0,64.0
-33.48,1625449482.0,64.0
-37.37,1625449482.0,64.0
-41.61,1625449482.0,64.0
-46.09,1625449482.0,64.0
-50.54,1625449482.0,64.0
-54.47,1625449482.0,64.0
-57.14,1625449482.0,64.0
-57.71,1625449482.0,64.0
-55.49,1625449482.0,64.0
-50.24,1625449482.0,64.0
-42.33,1625449482.0,64.0
-32.57,1625449482.0,64.0
-21.95,1625449482.0,64.0
-11.3,1625449482.0,64.0
-1.09,1625449482.0,64.0
8.48,1625449482.0,64.0
17.26,1625449482.0,64.0
24.96,1625449482.0,64.0
31.16,1625449482.0,64.0
35.45,1625449482.0,64.0
37.76,1625449482.0,64.0
38.45,1625449482.0,64.0
38.23,1625449482.0,64.0
37.87,1625449482.0,64.0
37.87,1625449482.0,64.0
38.27,1625449482.0,64.0
38.72,1625449482.0,64.0
38.76,1625449482.0,64.0
38.05,1625449482.0,64.0
36.53,1625449482.0,64.0
34.37,1625449482.0,64.0
31.84,1625449482.0,64.0
29.11,1625449482.0,64.0
26.23,1625449482.0,64.0
23.19,1625449482.0,64.0
19.92,1625449482.0,64.0
16.47,1625449482.0,64.0
12.9,1625449482.0,64.0
9.31,1625449482.0,64.0
5.74,1625449482.0,64.0
2.21,1625449482.0,64.0
-1.33,1625449482.0,64.0
-4.94,1625449482.0,64.0
-8.66,1625449482.0,64.0
-12.49,1625449482.0,64.0
-16.37,1625449482.0,64.0
-20.24,1625449482.0,64.0
-24.05,1625449482.0,64.0
-27.85,1625449482.0,64.0
-31.75,1625449482.0,64.0
-35.97,1625449482.0,64.0
-40.64,1625449482.0,64.0
-45.72,1625449482.0,64.0
-50.85,1625449482.0,64.0
-55.35,1625449482.0,64.0
-58.32,1625449482.0,64.0
-58.92,1625449482.0,64.0
-56.58,1625449482.0,64.0
-51.26,1625449482.0,64.0
-43.38,1625449482.0,64.0
-33.7,1625449482.0,64.0
-23.07,1625449482.0,64.0
-12.21,1625449482.0,64.0
-1.58,1625449482.0,64.0
8.52,1625449482.0,64.0
17.84,1625449482.0,64.0
26.08,1625449482.0,64.0
32.86,1625449482.0,64.0
37.84,1625449482.0,64.0
40.9,1625449482.0,64.0
42.22,1625449482.0,64.0
42.31,1625449482.0,64.0
41.78,1625449482.0,64.0
41.17,1625449482.0,64.0
40.73,1625449482.0,64.0
40.41,1625449482.0,64.0
39.99,1625449482.0,64.0
39.21,1625449482.0,64.0
37.92,1625449482.0,64.0
36.08,1625449482.0,64.0
33.74,1625449482.0,64.0
30.91,1625449482.0,64.0
27.63,1625449482.0,64.0
23.95,1625449482.0,64.0
19.99,1625449482.0,64.0
15.96,1625449482.0,64.0
12.04,1625449482.0,64.0
8.36,1625449482.0,64.0
4.89,1625449482.0,64.0
1.53,1625449482.0,64.0
-1.82,1625449482.0,64.0
-5.19,1625449482.0,64.0
-8.52,1625449482.0,64.0
-11.76,1625449482.0,64.0
-14.89,1625449482.0,64.0
-18.03,1625449482.0,64.0
-21.35,1625449482.0,64.0
-25.01,1625449482.0,64.0
-29.13,1625449482.0,64.0
-33.72,1625449482.0,64.0
-38.73,1625449482.0,64.0
-43.99,1625449482.0,64.0
-49.23,1625449482.0,64.0
-54.0,1625449482.0,64.0
-57.65,1625449482.0,64.0
-59.44,1625449482.0,64.0
-58.7,1625449482.0,64.0
-55.1,1625449482.0,64.0
-48.77,1625449482.0,64.0
-40.24,1625449482.0,64.0
-30.33,1625449482.0,64.0
-19.78,1625449482.0,64.0
-9.1,1625449482.0,64.0
1.41,1625449482.0,64.0
11.5,1625449482.0,64.0
20.85,1625449482.0,64.0
28.92,1625449482.0,64.0
35.17,1625449482.0,64.0
39.24,1625449482.0,64.0
41.2,1625449482.0,64.0
41.55,1625449482.0,64.0
41.05,1625449482.0,64.0
40.39,1625449482.0,64.0
39.99,1625449482.0,64.0
39.92,1625449482.0,64.0
39.94,1625449482.0,64.0
39.75,1625449482.0,64.0
39.04,1625449482.0,64.0
37.68,1625449482.0,64.0
35.63,1625449482.0,64.0
32.96,1625449482.0,64.0
29.8,1625449482.0,64.0
26.29,1625449482.0,64.0
22.57,1625449482.0,64.0
18.76,1625449482.0,64.0
14.97,1625449482.0,64.0
11.26,1625449482.0,64.0
7.66,1625449482.0,64.0
4.19,1625449482.0,64.0
0.85,1625449482.0,64.0
-2.37,1625449482.0,64.0
-5.52,1625449482.0,64.0
-8.67,1625449482.0,64.0
-11.89,1625449482.0,64.0
-15.25,1625449482.0,64.0
-18.8,1625449482.0,64.0
-22.53,1625449482.0,64.0
-26.43,1625449482.0,64.0
-30.5,1625449482.0,64.0
-34.75,1625449482.0,64.0
-39.26,1625449482.0,64.0
-44.02,1625449482.0,64.0
-48.81,1625449482.0,64.0
-53.09,1625449482.0,64.0
-56.05,1625449482.0,64.0
-56.76,1625449482.0,64.0
-54.55,1625449482.0,64.0
-49.21,1625449482.0,64.0
-41.14,1625449482.0,64.0
-31.19,1625449482.0,64.0
-20.36,1625449482.0,64.0
-9.5,1625449482.0,64.0
0.84,1625449482.0,64.0
10.37,1625449482.0,64.0
18.9,1625449482.0,64.0
26.15,1625449482.0,64.0
31.81,1625449482.0,64.0
35.63,1625449482.0,64.0
37.65,1625449482.0,64.0
38.28,1625449482.0,64.0
38.17,1625449482.0,64.0
38.03,1625449482.0,64.0
38.27,1625449482.0,64.0
38.9,1625449482.0,64.0
39.57,1625449482.0,64.0
39.82,1625449482.0,64.0
39.25,1625449482.0,64.0
37.73,1625449482.0,64.0
35.36,1625449482.0,64.0
32.36,1625449482.0,64.0
28.97,1625449482.0,64.0
25.35,1625449482.0,64.0
21.65,1625449482.0,64.0
17.97,1625449482.0,64.0
14.45,1625449482.0,64.0
11.21,1625449482.0,64.0
8.33,1625449482.0,64.0
5.76,1625449482.0,64.0
3.37,1625449482.0,64.0
0.96,1625449482.0,64.0
-1.67,1625449482.0,64.0
-4.64,1625449482.0,64.0
-7.97,1625449482.0,64.0
-11.57,1625449482.0,64.0
-15.33,1625449482.0,64.0
-19.11,1625449482.0,64.0
-22.88,1625449482.0,64.0
-26.65,1625449482.0,64.0
-30.57,1625449482.0,64.0
-34.81,1625449482.0,64.0
-39.45,1625449482.0,64.0
-44.4,1625449482.0,64.0
-49.22,1625449482.0,64.0
-53.17,1625449482.0,64.0
-55.28,1625449482.0,64.0
-54.7,1625449482.0,64.0
-50.99,1625449482.0,64.0
-44.27,1625449482.0,64.0
-35.25,1625449482.0,64.0
-24.9,1625449482.0,64.0
-14.14,1625449482.0,64.0
-3.65,1625449482.0,64.0
6.17,1625449482.0,64.0
15.05,1625449482.0,64.0
22.69,1625449482.0,64.0
28.72,1625449482.0,64.0
32.82,1625449482.0,64.0
35.0,1625449482.0,64.0
35.6,1625449482.0,64.0
35.3,1625449482.0,64.0
34.81,1625449482.0,64.0
34.62,1625449482.0,64.0
34.84,1625449482.0,64.0
35.18,1625449482.0,64.0
35.2,1625449482.0,64.0
34.46,1625449482.0,64.0
32.79,1625449482.0,64.0
30.29,1625449482.0,64.0
27.27,1625449482.0,64.0
24.14,1625449482.0,64.0
21.2,1625449482.0,64.0
18.54,1625449482.0,64.0
16.06,1625449482.0,64.0
13.51,1625449482.0,64.0
10.68,1625449482.0,64.0
7.47,1625449482.0,64.0
3.97,1625449482.0,64.0
0.39,1625449482.0,64.0
-3.07,1625449482.0,64.0
-6.32,1625449482.0,64.0
-9.4,1625449482.0,64.0
-12.45,1625449482.0,64.0
-15.61,1625449482.0,64.0
-18.93,1625449482.0,64.0
-22.41,1625449482.0,64.0
-25.99,1625449482.0,64.0
-29.71,1625449482.0,64.0
-33.67,1625449482.0,64.0
-37.95,1625449482.0,64.0
-42.48,1625449482.0,64.0
-46.86,1625449482.0,64.0
-50.35,1625449482.0,64.0
-52.01,1625449482.0,64.0
-50.97,1625449482.0,64.0
-46.8,1625449482.0,64.0
-39.68,1625449482.0,64.0
-30.35,1625449482.0,64.0
-19.86,1625449482.0,64.0
-9.23,1625449482.0,64.0
0.77,1625449482.0,64.0
9.72,1625449482.0,64.0
17.38,1625449482.0,64.0
23.59,1625449482.0,64.0
28.17,1625449482.0,64.0
31.05,1625449482.0,64.0
32.35,1625449482.0,64.0
32.49,1625449482.0,64.0
32.09,1625449482.0,64.0
31.79,1625449482.0,64.0
31.94,1625449482.0,64.0
32.49,1625449482.0,64.0
33.03,1625449482.0,64.0
33.02,1625449482.0,64.0
32.05,1625449482.0,64.0
30.04,1625449482.0,64.0
27.22,1625449482.0,64.0
24.0,1625449482.0,64.0
20.76,1625449482.0,64.0
17.69,1625449482.0,64.0
14.78,1625449482.0,64.0
11.87,1625449482.0,64.0
8.8,1625449482.0,64.0
5.49,1625449482.0,64.0
1.98,1625449482.0,64.0
-1.57,1625449482.0,64.0
-5.06,1625449482.0,64.0
-8.4,1625449482.0,64.0
-11.63,1625449482.0,64.0
-14.87,1625449482.0,64.0
-18.28,1625449482.0,64.0
-22.0,1625449482.0,64.0
-26.09,1625449482.0,64.0
-30.57,1625449482.0,64.0
-35.4,1625449482.0,64.0
-40.45,1625449482.0,64.0
-45.4,1625449482.0,64.0
-49.74,1625449482.0,64.0
-52.75,1625449482.0,64.0
-53.69,1625449482.0,64.0
-52.01,1625449482.0,64.0
-47.54,1625449482.0,64.0
-40.53,1625449482.0,64.0
-31.59,1625449482.0,64.0
-21.42,1625449482.0,64.0
-10.65,1625449482.0,64.0
0.22,1625449482.0,64.0
10.79,1625449482.0,64.0
20.61,1625449482.0,64.0
29.14,1625449482.0,64.0
35.77,1625449482.0,64.0
40.09,1625449482.0,64.0
42.06,1625449482.0,64.0
42.07,1625449482.0,64.0
40.89,1625449482.0,64.0
39.36,1625449482.0,64.0
38.13,1625449482.0,64.0
37.42,1625449482.0,64.0
37.06,1625449482.0,64.0
36.61,1625449482.0,64.0
35.62,1625449482.0,64.0
33.81,1625449482.0,64.0
31.18,1625449482.0,64.0
27.98,1625449482.0,64.0
24.51,1625449482.0,64.0
21.05,1625449482.0,64.0
17.71,1625449482.0,64.0
14.46,1625449482.0,64.0
11.21,1625449482.0,64.0
7.88,1625449482.0,64.0
4.45,1625449482.0,64.0
1.02,1625449482.0,64.0
-2.29,1625449482.0,64.0
-5.43,1625449482.0,64.0
-8.43,1625449482.0,64.0
-11.47,1625449482.0,64.0
-14.78,1625449482.0,64.0
-18.54,1625449482.0,64.0
-22.84,1625449482.0,64.0
-27.64,1625449482.0,64.0
-32.83,1625449482.0,64.0
-38.2,1625449482.0,64.0
-43.53,1625449482.0,64.0
-48.44,1625449482.0,64.0
-52.41,1625449482.0,64.0
-54.77,1625449482.0,64.0
-54.83,1625449482.0,64.0
-52.08,1625449482.0,64.0
-46.43,1625449482.0,64.0
-38.25,1625449482.0,64.0
-28.31,1625449482.0,64.0
-17.53,1625449482.0,64.0
-6.67,1625449482.0,64.0
3.8,1625449482.0,64.0
13.64,1625449482.0,64.0
22.71,1625449482.0,64.0
30.73,1625449482.0,64.0
37.29,1625449482.0,64.0
41.98,1625449482.0,64.0
44.62,1625449482.0,64.0
45.44,1625449482.0,64.0
44.99,1625449482.0,64.0
43.99,1625449482.0,64.0
42.99,1625449482.0,64.0
42.23,1625449482.0,64.0
41.59,1625449482.0,64.0
40.75,1625449482.0,64.0
39.38,1625449482.0,64.0
37.33,1625449482.0,64.0
34.59,1625449482.0,64.0
31.32,1625449482.0,64.0
27.7,1625449482.0,64.0
23.84,1625449482.0,64.0
19.83,1625449482.0,64.0
15.72,1625449482.0,64.0
11.54,1625449482.0,64.0
7.39,1625449482.0,64.0
3.37,1625449482.0,64.0
-0.43,1625449482.0,64.0
-3.94,1625449482.0,64.0
-7.19,1625449482.0,64.0
-10.31,1625449482.0,64.0
-13.47,1625449482.0,64.0
-16.83,1625449482.0,64.0
-20.5,1625449482.0,64.0
-24.48,1625449482.0,64.0
-28.75,1625449482.0,64.0
-33.25,1625449482.0,64.0
-37.97,1625449482.0,64.0
-42.88,1625449482.0,64.0
-47.88,1625449482.0,64.0
-52.6,1625449482.0,64.0
-56.41,1625449482.0,64.0
-58.48,1625449482.0,64.0
-58.0,1625449482.0,64.0
-54.46,1625449482.0,64.0
-47.89,1625449482.0,64.0
-38.87,1625449482.0,64.0
-28.29,1625449482.0,64.0
-17.04,1625449482.0,64.0
-5.81,1625449482.0,64.0
5.03,1625449482.0,64.0
15.23,1625449482.0,64.0
24.47,1625449482.0,64.0
32.3,1625449482.0,64.0
38.2,1625449482.0,64.0
41.82,1625449482.0,64.0
43.23,1625449482.0,64.0
42.94,1625449482.0,64.0
41.75,1625449482.0,64.0
40.45,1625449482.0,64.0
39.53,1625449482.0,64.0
39.02,1625449482.0,64.0
38.6,1625449482.0,64.0
37.8,1625449482.0,64.0
36.26,1625449482.0,64.0
33.87,1625449482.0,64.0
30.82,1625449482.0,64.0
27.41,1625449482.0,64.0
23.93,1625449482.0,64.0
20.54,1625449482.0,64.0
17.24,1625449482.0,64.0
13.91,1625449482.0,64.0
10.45,1625449482.0,64.0
6.86,1625449482.0,64.0
3.19,1625449482.0,64.0
-0.41,1625449482.0,64.0
-3.87,1625449482.0,64.0
-7.18,1625449482.0,64.0
-10.44,1625449482.0,64.0
-13.79,1625449482.0,64.0
-17.38,1625449482.0,64.0
-21.26,1625449482.0,64.0
-25.35,1625449482.0,64.0
-29.51,1625449482.0,64.0
-33.61,1625449482.0,64.0
-37.61,1625449482.0,64.0
-41.64,1625449482.0,64.0
-45.89,1625449482.0,64.0
-50.39,1625449482.0,64.0
-54.84,1625449482.0,64.0
-58.47,1625449482.0,64.0
-60.26,1625449482.0,64.0
-59.25,1625449482.0,64.0
-54.9,1625449482.0,64.0
-47.33,1625449482.0,64.0
-37.2,1625449482.0,64.0
-25.5,1625449482.0,64.0
-13.18,1625449482.0,64.0
-0.9,1625449482.0,64.0
10.9,1625449482.0,64.0
21.87,1625449482.0,64.0
31.55,1625449482.0,64.0
39.37,1625449482.0,64.0
44.82,1625449482.0,64.0
47.74,1625449482.0,64.0
48.48,1625449482.0,64.0
47.81,1625449482.0,64.0
46.68,1625449482.0,64.0
45.76,1625449482.0,64.0
45.24,1625449482.0,64.0
44.88,1625449482.0,64.0
44.22,1625449482.0,64.0
42.9,1625449482.0,64.0
40.86,1625449482.0,64.0
38.29,1625449482.0,64.0
35.44,1625449482.0,64.0
32.48,1625449482.0,64.0
29.41,1625449482.0,64.0
26.15,1625449482.0,64.0
22.72,1625449482.0,64.0
19.25,1625449482.0,64.0
15.99,1625449482.0,64.0
13.11,1625449482.0,64.0
10.6,1625449482.0,64.0
8.23,1625449482.0,64.0
5.67,1625449482.0,64.0
2.69,1625449482.0,64.0
-0.77,1625449482.0,64.0
-4.52,1625449482.0,64.0
-8.28,1625449482.0,64.0
-11.82,1625449482.0,64.0
-15.08,1625449482.0,64.0
-18.19,1625449482.0,64.0
-21.36,1625449482.0,64.0
-24.8,1625449482.0,64.0
-28.61,1625449482.0,64.0
-32.77,1625449482.0,64.0
-37.24,1625449482.0,64.0
-41.87,1625449482.0,64.0
-46.48,1625449482.0,64.0
-50.65,1625449482.0,64.0
-53.8,1625449482.0,64.0
-55.19,1625449482.0,64.0
-54.17,1625449482.0,64.0
-50.43,1625449482.0,64.0
-44.08,1625449482.0,64.0
-35.69,1625449482.0,64.0
-26.03,1625449482.0,64.0
-15.85,1625449482.0,64.0
-5.66,1625449482.0,64.0
4.22,1625449482.0,64.0
13.55,1625449482.0,64.0
21.99,1625449482.0,64.0
29.06,1625449482.0,64.0
34.27,1625449482.0,64.0
37.36,1625449482.0,64.0
38.56,1625449482.0,64.0
38.53,1625449482.0,64.0
38.15,1625449482.0,64.0
38.14,1625449482.0,64.0
38.78,1625449482.0,64.0
39.81,1625449482.0,64.0
40.64,1625449482.0,64.0
40.65,1625449482.0,64.0
39.46,1625449482.0,64.0
37.08,1625449482.0,64.0
33.77,1625449482.0,64.0
29.85,1625449482.0,64.0
25.62,1625449482.0,64.0
21.22,1625449482.0,64.0
16.77,1625449482.0,64.0
12.37,1625449482.0,64.0
8.17,1625449482.0,64.0
4.31,1625449482.0,64.0
0.84,1625449482.0,64.0
-2.28,1625449482.0,64.0
-5.19,1625449482.0,64.0
-8.06,1625449482.0,64.0
-11.03,1625449482.0,64.0
-14.11,1625449482.0,64.0
-17.27,1625449482.0,64.0
-20.44,1625449482.0,64.0
-23.6,1625449482.0,64.0
-26.81,1625449482.0,64.0
-30.11,1625449482.0,64.0
-33.56,1625449482.0,64.0
-37.18,1625449482.0,64.0
-40.94,1625449482.0,64.0
-44.77,1625449482.0,64.0
-48.48,1625449482.0,64.0
-51.69,1625449482.0,64.0
-53.77,1625449482.0,64.0
-53.97,1625449482.0,64.0
-51.62,1625449482.0,64.0
-46.4,1625449482.0,64.0
-38.57,1625449482.0,64.0
-28.86,1625449482.0,64.0
-18.26,1625449482.0,64.0
-7.76,1625449482.0,64.0
1.95,1625449482.0,64.0
10.44,1625449482.0,64.0
17.47,1625449482.0,64.0
22.86,1625449482.0,64.0
26.5,1625449482.0,64.0
28.39,1625449482.0,64.0
28.77,1625449482.0,64.0
28.13,1625449482.0,64.0
27.08,1625449482.0,64.0
26.17,1625449482.0,64.0
25.64,1625449482.0,64.0
25.43,1625449482.0,64.0
25.2,1625449482.0,64.0
24.51,1625449482.0,64.0
23.04,1625449482.0,64.0
20.69,1625449482.0,64.0
17.61,1625449482.0,64.0
14.13,1625449482.0,64.0
10.61,1625449482.0,64.0
7.36,1625449482.0,64.0
4.49,1625449482.0,64.0
1.95,1625449482.0,64.0
-0.4,1625449482.0,64.0
-2.77,1625449482.0,64.0
-5.29,1625449482.0,64.0
-7.99,1625449482.0,64.0
-10.83,1625449482.0,64.0
-13.69,1625449482.0,64.0
-16.47,1625449482.0,64.0
-19.14,1625449482.0,64.0
-21.76,1625449482.0,64.0
-24.47,1625449482.0,64.0
-27.44,1625449482.0,64.0
-30.79,1625449482.0,64.0
-34.63,1625449482.0,64.0
-38.94,1625449482.0,64.0
-43.56,1625449482.0,64.0
-48.14,1625449482.0,64.0
-52.05,1625449482.0,64.0
-54.51,1625449482.0,64.0
-54.7,1625449482.0,64.0
-52.09,1625449482.0,64.0
-46.65,1625449482.0,64.0
-38.86,1625449482.0,64.0
-29.57,1625449482.0,64.0
-19.68,1625449482.0,64.0
-9.89,1625449482.0,64.0
-0.61,1625449482.0,64.0
7.91,1625449482.0,64.0
15.38,1625449482.0,64.0
21.42,1625449482.0,64.0
25.64,1625449482.0,64.0
27.9,1625449482.0,64.0
28.47,1625449482.0,64.0
28.04,1625449482.0,64.0
27.47,1625449482.0,64.0
27.43,1625449482.0,64.0
28.15,1625449482.0,64.0
29.37,1625449482.0,64.0
30.52,1625449482.0,64.0
30.98,1625449482.0,64.0
30.41,1625449482.0,64.0
28.74,1625449482.0,64.0
26.19,1625449482.0,64.0
23.09,1625449482.0,64.0
19.7,1625449482.0,64.0
16.17,1625449482.0,64.0
12.52,1625449482.0,64.0
8.75,1625449482.0,64.0
4.87,1625449482.0,64.0
0.97,1625449482.0,64.0
-2.84,1625449482.0,64.0
-6.53,1625449482.0,64.0
-10.13,1625449482.0,64.0
-13.75,1625449482.0,64.0
-17.48,1625449482.0,64.0
-21.33,1625449482.0,64.0
-25.19,1625449482.0,64.0
-28.97,1625449482.0,64.0
-32.61,1625449482.0,64.0
-36.19,1625449482.0,64.0
-39.82,1625449482.0,64.0
-43.49,1625449482.0,64.0
-46.92,1625449482.0,64.0
-49.44,1625449482.0,64.0
-50.26,1625449482.0,64.0
-48.63,1625449482.0,64.0
-44.2,1625449482.0,64.0
-37.13,1625449482.0,64.0
-28.06,1625449482.0,64.0
-17.82,1625449482.0,64.0
-7.22,1625449482.0,64.0
3.13,1625449482.0,64.0
12.74,1625449482.0,64.0
21.19,1625449482.0,64.0
28.05,1625449482.0,64.0
32.95,1625449482.0,64.0
35.72,1625449482.0,64.0
36.58,1625449482.0,64.0
36.09,1625449482.0,64.0
35.05,1625449482.0,64.0
34.13,1625449482.0,64.0
33.67,1625449482.0,64.0
33.55,1625449482.0,64.0
33.36,1625449482.0,64.0
32.62,1625449482.0,64.0
31.07,1625449482.0,64.0
28.74,1625449482.0,64.0
25.97,1625449482.0,64.0
23.14,1625449482.0,64.0
20.52,1625449482.0,64.0
18.15,1625449482.0,64.0
15.84,1625449482.0,64.0
13.29,1625449482.0,64.0
10.29,1625449482.0,64.0
6.74,1625449482.0,64.0
2.78,1625449482.0,64.0
-1.39,1625449482.0,64.0
-5.58,1625449482.0,64.0
-9.69,1625449482.0,64.0
-13.73,1625449482.0,64.0
-17.81,1625449482.0,64.0
-22.07,1625449482.0,64.0
-26.62,1625449482.0,64.0
-31.52,1625449482.0,64.0
-36.75,1625449482.0,64.0
-42.1,1625449482.0,64.0
-47.17,1625449482.0,64.0
-51.32,1625449482.0,64.0
-53.72,1625449482.0,64.0
-53.6,1625449482.0,64.0
-50.48,1625449482.0,64.0
-44.36,1625449482.0,64.0
-35.75,1625449482.0,64.0
-25.52,1625449482.0,64.0
-14.56,1625449482.0,64.0
-3.58,1625449482.0,64.0
6.97,1625449482.0,64.0
16.82,1625449482.0,64.0
25.66,1625449482.0,64.0
33.06,1625449482.0,64.0
38.54,1625449482.0,64.0
41.84,1625449482.0,64.0
43.04,1625449482.0,64.0
42.72,1625449482.0,64.0
41.68,1625449482.0,64.0
40.65,1625449482.0,64.0
40.01,1625449482.0,64.0
39.72,1625449482.0,64.0
39.43,1625449482.0,64.0
38.75,1625449482.0,64.0
37.46,1625449482.0,64.0
35.57,1625449482.0,64.0
33.2,1625449482.0,64.0
30.46,1625449482.0,64.0
27.35,1625449482.0,64.0
23.84,1625449482.0,64.0
19.85,1625449482.0,64.0
15.44,1625449482.0,64.0
10.79,1625449482.0,64.0
6.14,1625449482.0,64.0
1.73,1625449482.0,64.0
-2.27,1625449482.0,64.0
-5.84,1625449482.0,64.0
-9.08,1625449482.0,64.0
-12.19,1625449482.0,64.0
-15.4,1625449482.0,64.0
-18.98,1625449482.0,64.0
-23.09,1625449482.0,64.0
-27.84,1625449482.0,64.0
-33.13,1625449482.0,64.0
-38.7,1625449482.0,64.0
-44.02,1625449482.0,64.0
-48.42,1625449482.0,64.0
-51.14,1625449482.0,64.0
-51.52,1625449482.0,64.0
-49.17,1625449482.0,64.0
-44.09,1625449482.0,64.0
-36.62,1625449482.0,64.0
-27.38,1625449482.0,64.0
-17.05,1625449482.0,64.0
-6.24,1625449482.0,64.0
4.57,1625449482.0,64.0
15.04,1625449482.0,64.0
24.77,1625449482.0,64.0
33.31,1625449482.0,64.0
40.11,1625449482.0,64.0
44.71,1625449482.0,64.0
46.94,1625449482.0,64.0
47.08,1625449482.0,64.0
45.85,1625449482.0,64.0
44.2,1625449482.0,64.0
42.91,1625449482.0,64.0
42.36,1625449482.0,64.0
42.39,1625449482.0,64.0
42.44,1625449482.0,64.0
41.9,1625449482.0,64.0
40.34,1625449482.0,64.0
37.73,1625449482.0,64.0
34.37,1625449482.0,64.0
30.68,1625449482.0,64.0
27.03,1625449482.0,64.0
23.58,1625449482.0,64.0
20.28,1625449482.0,64.0
16.99,1625449482.0,64.0
13.55,1625449482.0,64.0
9.89,1625449482.0,64.0
6.07,1625449482.0,64.0
2.2,1625449482.0,64.0
-1.61,1625449482.0,64.0
-5.28,1625449482.0,64.0
-8.83,1625449482.0,64.0
-12.36,1625449482.0,64.0
-15.99,1625449482.0,64.0
-19.82,1625449482.0,64.0
-23.88,1625449482.0,64.0
-28.16,1625449482.0,64.0
-32.65,1625449482.0,64.0
-37.31,1625449482.0,64.0
-42.0,1625449482.0,64.0
-46.38,1625449482.0,64.0
-49.81,1625449482.0,64.0
-51.5,1625449482.0,64.0
-50.65,1625449482.0,64.0
-46.77,1625449482.0,64.0
-39.88,1625449482.0,64.0
-30.55,1625449482.0,64.0
-19.68,1625449482.0,64.0
-8.26,1625449482.0,64.0
2.93,1625449482.0,64.0
13.38,1625449482.0,64.0
22.8,1625449482.0,64.0
30.97,1625449482.0,64.0
37.64,1625449482.0,64.0
42.53,1625449482.0,64.0
45.5,1625449482.0,64.0
46.7,1625449482.0,64.0
46.54,1625449482.0,64.0
45.66,1625449482.0,64.0
44.67,1625449482.0,64.0
43.91,1625449482.0,64.0
43.38,1625449482.0,64.0
42.83,1625449482.0,64.0
41.88,1625449482.0,64.0
40.28,1625449482.0,64.0
37.97,1625449482.0,64.0
35.1,1625449482.0,64.0
31.91,1625449482.0,64.0
28.6,1625449482.0,64.0
25.31,1625449482.0,64.0
22.06,1625449482.0,64.0
18.82,1625449482.0,64.0
15.55,1625449482.0,64.0
12.21,1625449482.0,64.0
8.81,1625449482.0,64.0
5.37,1625449482.0,64.0
1.97,1625449482.0,64.0
-1.35,1625449482.0,64.0
-4.5,1625449482.0,64.0
-7.49,1625449482.0,64.0
-10.34,1625449482.0,64.0
-13.12,1625449482.0,64.0
-15.89,1625449482.0,64.0
-18.73,1625449482.0,64.0
-21.72,1625449482.0,64.0
-24.97,1625449482.0,64.0
-28.58,1625449482.0,64.0
-32.58,1625449482.0,64.0
-36.81,1625449482.0,64.0
-40.79,1625449482.0,64.0
-43.8,1625449482.0,64.0
-45.05,1625449482.0,64.0
-43.85,1625449482.0,64.0
-39.94,1625449482.0,64.0
-33.53,1625449482.0,64.0
-25.23,1625449482.0,64.0
-15.85,1625449482.0,64.0
-6.09,1625449482.0,64.0
3.45,1625449482.0,64.0
12.34,1625449482.0,64.0
20.19,1625449482.0,64.0
26.6,1625449482.0,64.0
31.16,1625449482.0,64.0
33.69,1625449482.0,64.0
34.36,1625449482.0,64.0
33.69,1625449482.0,64.0
32.45,1625449482.0,64.0
31.38,1625449482.0,64.0
30.97,1625449482.0,64.0
31.28,1625449482.0,64.0
32.0,1625449482.0,64.0
32.62,1625449482.0,64.0
32.66,1625449482.0,64.0
31.84,1625449482.0,64.0
30.13,1625449482.0,64.0
27.71,1625449482.0,64.0
24.83,1625449482.0,64.0
21.69,1625449482.0,64.0
18.36,1625449482.0,64.0
14.83,1625449482.0,64.0
11.07,1625449482.0,64.0
7.12,1625449482.0,64.0
3.12,1625449482.0,64.0
-0.75,1625449482.0,64.0
-4.31,1625449482.0,64.0
-7.49,1625449482.0,64.0
-10.36,1625449482.0,64.0
-13.06,1625449482.0,64.0
-15.77,1625449482.0,64.0
-18.56,1625449482.0,64.0
-21.44,1625449482.0,64.0
-24.38,1625449482.0,64.0
-27.32,1625449482.0,64.0
-30.28,1625449482.0,64.0
-33.32,1625449482.0,64.0
-36.49,1625449482.0,64.0
-39.68,1625449482.0,64.0
-42.53,1625449482.0,64.0
-44.41,1625449482.0,64.0
-44.58,1625449482.0,64.0
-42.45,1625449482.0,64.0
-37.78,1625449482.0,64.0
-30.82,1625449482.0,64.0
-22.29,1625449482.0,64.0
-13.1,1625449482.0,64.0
-4.1,1625449482.0,64.0
4.15,1625449482.0,64.0
11.33,1625449482.0,64.0
17.28,1625449482.0,64.0
21.83,1625449482.0,64.0
24.8,1625449482.0,64.0
26.12,1625449482.0,64.0
25.99,1625449482.0,64.0
24.9,1625449482.0,64.0
23.52,1625449482.0,64.0
22.48,1625449482.0,64.0
22.12,1625449482.0,64.0
22.38,1625449482.0,64.0
22.88,1625449482.0,64.0
23.13,1625449482.0,64.0
22.72,1625449482.0,64.0
21.5,1625449482.0,64.0
19.56,1625449482.0,64.0
17.19,1625449482.0,64.0
14.72,1625449482.0,64.0
12.38,1625449482.0,64.0
10.25,1625449482.0,64.0
8.2,1625449482.0,64.0
6.02,1625449482.0,64.0
3.53,1625449482.0,64.0
0.66,1625449482.0,64.0
-2.45,1625449482.0,64.0
-5.56,1625449482.0,64.0
-8.44,1625449482.0,64.0
-10.97,1625449482.0,64.0
-13.21,1625449482.0,64.0
-15.3,1625449482.0,64.0
-17.42,1625449482.0,64.0
-19.68,1625449482.0,64.0
-22.16,1625449482.0,64.0
-24.89,1625449482.0,64.0
-27.89,1625449482.0,64.0
-31.09,1625449482.0,64.0
-34.32,1625449482.0,64.0
-37.16,1625449482.0,64.0
-38.97,1625449482.0,64.0
-39.1,1625449482.0,64.0
-37.02,1625449482.0,64.0
-32.62,1625449482.0,64.0
-26.24,1625449482.0,64.0
-18.61,1625449482.0,64.0
-10.55,1625449482.0,64.0
-2.79,1625449482.0,64.0
4.24,1625449482.0,64.0
10.31,1625449482.0,64.0
15.31,1625449482.0,64.0
19.1,1625449482.0,64.0
21.53,1625449482.0,64.0
22.53,1625449482.0,64.0
22.32,1625449482.0,64.0
21.37,1625449482.0,64.0
20.29,1625449482.0,64.0
19.62,1625449482.0,64.0
19.59,1625449482.0,64.0
20.08,1625449482.0,64.0
20.73,1625449482.0,64.0
21.13,1625449482.0,64.0
20.96,1625449482.0,64.0
20.11,1625449482.0,64.0
18.63,1625449482.0,64.0
16.68,1625449482.0,64.0
14.39,1625449482.0,64.0
11.87,1625449482.0,64.0
9.14,1625449482.0,64.0
6.21,1625449482.0,64.0
3.1,1625449482.0,64.0
-0.12,1625449482.0,64.0
-3.34,1625449482.0,64.0
-6.39,1625449482.0,64.0
-9.16,1625449482.0,64.0
-11.66,1625449482.0,64.0
-13.95,1625449482.0,64.0
-16.21,1625449482.0,64.0
-18.54,1625449482.0,64.0
-21.0,1625449482.0,64.0
-23.57,1625449482.0,64.0
-26.22,1625449482.0,64.0
-28.97,1625449482.0,64.0
-31.88,1625449482.0,64.0
-34.96,1625449482.0,64.0
-38.04,1625449482.0,64.0
-40.69,1625449482.0,64.0
-42.28,1625449482.0,64.0
-42.1,1625449482.0,64.0
-39.68,1625449482.0,64.0
-34.97,1625449482.0,64.0
-28.36,1625449482.0,64.0
-20.6,1625449482.0,64.0
-12.51,1625449482.0,64.0
-4.77,1625449482.0,64.0
2.24,1625449482.0,64.0
8.35,1625449482.0,64.0
13.5,1625449482.0,64.0
17.55,1625449482.0,64.0
20.35,1625449482.0,64.0
21.8,1625449482.0,64.0
22.02,1625449482.0,64.0
21.43,1625449482.0,64.0
20.65,1625449482.0,64.0
20.25,1625449482.0,64.0
20.59,1625449482.0,64.0
21.61,1625449482.0,64.0
22.88,1625449482.0,64.0
23.82,1625449482.0,64.0
23.89,1625449482.0,64.0
22.79,1625449482.0,64.0
20.54,1625449482.0,64.0
17.4,1625449482.0,64.0
13.74,1625449482.0,64.0
9.91,1625449482.0,64.0
6.11,1625449482.0,64.0
2.37,1625449482.0,64.0
-1.34,1625449482.0,64.0
-5.07,1625449482.0,64.0
-8.76,1625449482.0,64.0
-12.28,1625449482.0,64.0
-15.43,1625449482.0,64.0
-18.1,1625449482.0,64.0
-20.33,1625449482.0,64.0
-22.27,1625449482.0,64.0
-24.15,1625449482.0,64.0
-26.17,1625449482.0,64.0
-28.42,1625449482.0,64.0
-30.92,1625449482.0,64.0
-33.62,1625449482.0,64.0
-36.46,1625449482.0,64.0
-39.35,1625449482.0,64.0
-42.09,1625449482.0,64.0
-44.37,1625449482.0,64.0
-45.72,1625449482.0,64.0
-45.62,1625449482.0,64.0
-43.62,1625449482.0,64.0
-39.56,1625449482.0,64.0
-33.6,1625449482.0,64.0
-26.27,1625449482.0,64.0
-18.27,1625449482.0,64.0
-10.31,1625449482.0,64.0
-2.92,1625449482.0,64.0
3.57,1625449482.0,64.0
9.01,1625449482.0,64.0
13.35,1625449482.0,64.0
16.57,1625449482.0,64.0
18.69,1625449482.0,64.0
19.83,1625449482.0,64.0
20.27,1625449482.0,64.0
20.36,1625449482.0,64.0
20.42,1625449482.0,64.0
20.57,1625449482.0,64.0
20.71,1625449482.0,64.0
20.54,1625449482.0,64.0
19.79,1625449482.0,64.0
18.31,1625449482.0,64.0
16.15,1625449482.0,64.0
13.48,1625449482.0,64.0
10.55,1625449482.0,64.0
7.56,1625449482.0,64.0
4.6,1625449482.0,64.0
1.76,1625449482.0,64.0
-0.94,1625449482.0,64.0
-3.47,1625449482.0,64.0
-5.86,1625449482.0,64.0
-8.13,1625449482.0,64.0
-10.35,1625449482.0,64.0
-12.56,1625449482.0,64.0
-14.74,1625449482.0,64.0
-16.81,1625449482.0,64.0
-18.67,1625449482.0,64.0
-20.24,1625449482.0,64.0
-21.54,1625449482.0,64.0
-22.75,1625449482.0,64.0
-24.15,1625449482.0,64.0
-26.11,1625449482.0,64.0
-28.92,1625449482.0,64.0
-32.64,1625449482.0,64.0
-36.97,1625449482.0,64.0
-41.27,1625449482.0,64.0
-44.65,1625449482.0,64.0
-46.24,1625449482.0,64.0
-45.5,1625449482.0,64.0
-42.32,1625449482.0,64.0
-37.08,1625449482.0,64.0
-30.44,1625449482.0,64.0
-23.1,1625449482.0,64.0
-15.63,1625449482.0,64.0
-8.37,1625449482.0,64.0
-1.59,1625449482.0,64.0
4.44,1625449482.0,64.0
9.42,1625449482.0,64.0
13.09,1625449482.0,64.0
15.4,1625449482.0,64.0
16.57,1625449482.0,64.0
17.12,1625449482.0,64.0
17.59,1625449482.0,64.0
18.37,1625449482.0,64.0
19.54,1625449482.0,64.0
20.9,1625449482.0,64.0
22.07,1625449482.0,64.0
22.74,1625449482.0,64.0
22.78,1625449482.0,64.0
22.25,1625449482.0,64.0
21.33,1625449482.0,64.0
20.23,1625449482.0,64.0
19.04,1625449482.0,64.0
17.77,1625449482.0,64.0
16.32,1625449482.0,64.0
14.62,1625449482.0,64.0
12.62,1625449482.0,64.0
10.37,1625449482.0,64.0
7.97,1625449482.0,64.0
5.52,1625449482.0,64.0
3.08,1625449482.0,64.0
0.65,1625449482.0,64.0
-1.85,1625449482.0,64.0
-4.5,1625449482.0,64.0
-7.35,1625449482.0,64.0
-10.39,1625449482.0,64.0
-13.58,1625449482.0,64.0
-16.88,1625449482.0,64.0
-20.37,1625449482.0,64.0
-24.15,1625449482.0,64.0
-28.26,1625449482.0,64.0
-32.49,1625449482.0,64.0
-36.33,1625449482.0,64.0
-39.01,1625449482.0,64.0
-39.77,1625449482.0,64.0
-38.16,1625449482.0,64.0
-34.17,1625449482.0,64.0
-28.23,1625449482.0,64.0
-21.05,1625449482.0,64.0
-13.31,1625449482.0,64.0
-5.49,1625449482.0,64.0
2.06,1625449482.0,64.0
9.05,1625449482.0,64.0
15.14,1625449482.0,64.0
19.96,1625449482.0,64.0
23.21,1625449482.0,64.0
24.92,1625449482.0,64.0
25.45,1625449482.0,64.0
25.39,1625449482.0,64.0
25.38,1625449482.0,64.0
25.77,1625449482.0,64.0
26.59,1625449482.0,64.0
27.5,1625449482.0,64.0
28.03,1625449482.0,64.0
27.81,1625449482.0,64.0
26.7,1625449482.0,64.0
24.82,1625449482.0,64.0
22.4,1625449482.0,64.0
19.69,1625449482.0,64.0
16.85,1625449482.0,64.0
13.94,1625449482.0,64.0
10.99,1625449482.0,64.0
8.08,1625449482.0,64.0
5.32,1625449482.0,64.0
2.84,1625449482.0,64.0
0.64,1625449482.0,64.0
-1.37,1625449482.0,64.0
-3.37,1625449482.0,64.0
-5.59,1625449482.0,64.0
-8.15,1625449482.0,64.0
-11.1,1625449482.0,64.0
-14.41,1625449482.0,64.0
-17.98,1625449482.0,64.0
-21.75,1625449482.0,64.0
-25.66,1625449482.0,64.0
-29.68,1625449482.0,64.0
-33.66,1625449482.0,64.0
-37.36,1625449482.0,64.0
-40.33,1625449482.0,64.0
-41.97,1625449482.0,64.0
-41.68,1625449482.0,64.0
-39.03,1625449482.0,64.0
-33.98,1625449482.0,64.0
-26.87,1625449482.0,64.0
-18.43,1625449482.0,64.0
-9.5,1625449482.0,64.0
-0.84,1625449482.0,64.0
7.03,1625449482.0,64.0
13.85,1625449482.0,64.0
19.47,1625449482.0,64.0
23.78,1625449482.0,64.0
26.69,1625449482.0,64.0
28.23,1625449482.0,64.0
28.6,1625449482.0,64.0
28.27,1625449482.0,64.0
27.78,1625449482.0,64.0
27.53,1625449482.0,64.0
27.61,1625449482.0,64.0
27.74,1625449482.0,64.0
27.45,1625449482.0,64.0
26.28,1625449482.0,64.0
24.05,1625449482.0,64.0
20.92,1625449482.0,64.0
17.3,1625449482.0,64.0
13.66,1625449482.0,64.0
10.31,1625449482.0,64.0
7.34,1625449482.0,64.0
4.6,1625449482.0,64.0
1.88,1625449482.0,64.0
-0.97,1625449482.0,64.0
-3.94,1625449482.0,64.0
-6.9,1625449482.0,64.0
-9.68,1625449482.0,64.0
-12.2,1625449482.0,64.0
-14.57,1625449482.0,64.0
-16.99,1625449482.0,64.0
-19.69,1625449482.0,64.0
-22.82,1625449482.0,64.0
-26.4,1625449482.0,64.0
-30.32,1625449482.0,64.0
-34.45,1625449482.0,64.0
-38.54,1625449482.0,64.0
-42.25,1625449482.0,64.0
-45.02,1625449482.0,64.0
-46.18,1625449482.0,64.0
-45.05,1625449482.0,64.0
-41.25,1625449482.0,64.0
-34.87,1625449482.0,64.0
-26.49,1625449482.0,64.0
-16.96,1625449482.0,64.0
-7.16,1625449482.0,64.0
2.28,1625449482.0,64.0
10.95,1625449482.0,64.0
18.59,1625449482.0,64.0
24.95,1625449482.0,64.0
29.79,1625449482.0,64.0
32.95,1625449482.0,64.0
34.5,1625449482.0,64.0
34.88,1625449482.0,64.0
34.71,1625449482.0,64.0
34.61,1625449482.0,64.0
34.94,1625449482.0,64.0
35.66,1625449482.0,64.0
36.41,1625449482.0,64.0
36.71,1625449482.0,64.0
36.22,1625449482.0,64.0
34.83,1625449482.0,64.0
32.69,1625449482.0,64.0
30.08,1625449482.0,64.0
27.28,1625449482.0,64.0
24.41,1625449482.0,64.0
21.41,1625449482.0,64.0
18.17,1625449482.0,64.0
14.6,1625449482.0,64.0
10.75,1625449482.0,64.0
6.79,1625449482.0,64.0
2.94,1625449482.0,64.0
-0.61,1625449482.0,64.0
-3.83,1625449482.0,64.0
-6.81,1625449482.0,64.0
-9.73,1625449482.0,64.0
-12.81,1625449482.0,64.0
-16.24,1625449482.0,64.0
-20.18,1625449482.0,64.0
-24.71,1625449482.0,64.0
-29.76,1625449482.0,64.0
-34.98,1625449482.0,64.0
-39.77,1625449482.0,64.0
-43.3,1625449482.0,64.0
-44.79,1625449482.0,64.0
-43.66,1625449482.0,64.0
-39.79,1625449482.0,64.0
-33.5,1625449482.0,64.0
-25.46,1625449482.0,64.0
-16.4,1625449482.0,64.0
-6.98,1625449482.0,64.0
2.36,1625449482.0,64.0
11.31,1625449482.0,64.0
19.6,1625449482.0,64.0
26.9,1625449482.0,64.0
32.81,1625449482.0,64.0
36.98,1625449482.0,64.0
39.28,1625449482.0,64.0
39.94,1625449482.0,64.0
39.53,1625449482.0,64.0
38.79,1625449482.0,64.0
38.36,1625449482.0,64.0
38.49,1625449482.0,64.0
38.97,1625449482.0,64.0
39.24,1625449482.0,64.0
38.72,1625449482.0,64.0
37.08,1625449482.0,64.0
34.36,1625449482.0,64.0
30.95,1625449482.0,64.0
27.33,1625449482.0,64.0
23.86,1625449482.0,64.0
20.65,1625449482.0,64.0
17.56,1625449482.0,64.0
14.36,1625449482.0,64.0
10.93,1625449482.0,64.0
7.27,1625449482.0,64.0
3.53,1625449482.0,64.0
-0.13,1625449482.0,64.0
-3.63,1625449482.0,64.0
-6.97,1625449482.0,64.0
-10.27,1625449482.0,64.0
-13.64,1625449482.0,64.0
-17.16,1625449482.0,64.0
-20.88,1625449482.0,64.0
-24.81,1625449482.0,64.0
-28.96,1625449482.0,64.0
-33.35,1625449482.0,64.0
-37.91,1625449482.0,64.0
-42.38,1625449482.0,64.0
-46.27,1625449482.0,64.0
-48.84,1625449482.0,64.0
-49.36,1625449482.0,64.0
-47.26,1625449482.0,64.0
-42.43,1625449482.0,64.0
-35.22,1625449482.0,64.0
-26.33,1625449482.0,64.0
-16.6,1625449482.0,64.0
-6.73,1625449482.0,64.0
2.82,1625449482.0,64.0
11.82,1625449482.0,64.0
20.04,1625449482.0,64.0
27.17,1625449482.0,64.0
32.75,1625449482.0,64.0
36.41,1625449482.0,64.0
38.05,1625449482.0,64.0
37.98,1625449482.0,64.0
36.86,1625449482.0,64.0
35.48,1625449482.0,64.0
34.44,1625449482.0,64.0
33.95,1625449482.0,64.0
33.83,1625449482.0,64.0
33.7,1625449482.0,64.0
33.21,1625449482.0,64.0
32.22,1625449482.0,64.0
30.79,1625449482.0,64.0
29.09,1625449482.0,64.0
27.26,1625449482.0,64.0
25.34,1625449482.0,64.0
23.26,1625449482.0,64.0
20.93,1625449482.0,64.0
18.31,1625449482.0,64.0
15.42,1625449482.0,64.0
12.34,1625449482.0,64.0
9.16,1625449482.0,64.0
5.95,1625449482.0,64.0
2.72,1625449482.0,64.0
-0.56,1625449482.0,64.0
-3.9,1625449482.0,64.0
-7.34,1625449482.0,64.0
-10.85,1625449482.0,64.0
-14.38,1625449482.0,64.0
-17.92,1625449482.0,64.0
-21.48,1625449482.0,64.0
-25.16,1625449482.0,64.0
-29.03,1625449482.0,64.0
-33.15,1625449482.0,64.0
-37.4,1625449482.0,64.0
-41.5,1625449482.0,64.0
-44.94,1625449482.0,64.0
-47.08,1625449482.0,64.0
-47.22,1625449482.0,64.0
-44.92,1625449482.0,64.0
-40.07,1625449482.0,64.0
-32.98,1625449482.0,64.0
-24.27,1625449482.0,64.0
-14.65,1625449482.0,64.0
-4.72,1625449482.0,64.0
5.15,1625449482.0,64.0
14.74,1625449482.0,64.0
23.77,1625449482.0,64.0
31.77,1625449482.0,64.0
38.11,1625449482.0,64.0
42.24,1625449482.0,64.0
43.94,1625449482.0,64.0
43.6,1625449482.0,64.0
42.04,1625449482.0,64.0
40.27,1625449482.0,64.0
39.03,1625449482.0,64.0
38.56,1625449482.0,64.0
38.58,1625449482.0,64.0
38.55,1625449482.0,64.0
37.98,1625449482.0,64.0
36.62,1625449482.0,64.0
34.52,1625449482.0,64.0
31.87,1625449482.0,64.0
28.89,1625449482.0,64.0
25.68,1625449482.0,64.0
22.29,1625449482.0,64.0
18.75,1625449482.0,64.0
15.16,1625449482.0,64.0
11.68,1625449482.0,64.0
8.44,1625449482.0,64.0
5.47,1625449482.0,64.0
2.67,1625449482.0,64.0
-0.12,1625449482.0,64.0
-3.06,1625449482.0,64.0
-6.18,1625449482.0,64.0
-9.46,1625449482.0,64.0
-12.76,1625449482.0,64.0
-16.0,1625449482.0,64.0
-19.15,1625449482.0,64.0
-22.24,1625449482.0,64.0
-25.38,1625449482.0,64.0
-28.67,1625449482.0,64.0
-32.18,1625449482.0,64.0
-35.95,1625449482.0,64.0
-39.88,1625449482.0,64.0
-43.67,1625449482.0,64.0
-46.82,1625449482.0,64.0
-48.65,1625449482.0,64.0
-48.48,1625449482.0,64.0
-45.86,1625449482.0,64.0
-40.72,1625449482.0,64.0
-33.45,1625449482.0,64.0
-24.74,1625449482.0,64.0
-15.37,1625449482.0,64.0
-6.01,1625449482.0,64.0
2.88,1625449482.0,64.0
11.03,1625449482.0,64.0
18.22,1625449482.0,64.0
24.25,1625449482.0,64.0
28.92,1625449482.0,64.0
32.11,1625449482.0,64.0
33.89,1625449482.0,64.0
34.49,1625449482.0,64.0
34.33,1625449482.0,64.0
33.87,1625449482.0,64.0
33.42,1625449482.0,64.0
33.11,1625449482.0,64.0
32.84,1625449482.0,64.0
32.41,1625449482.0,64.0
31.58,1625449482.0,64.0
30.26,1625449482.0,64.0
28.44,1625449482.0,64.0
26.23,1625449482.0,64.0
23.71,1625449482.0,64.0
20.93,1625449482.0,64.0
17.91,1625449482.0,64.0
14.68,1625449482.0,64.0
11.32,1625449482.0,64.0
7.97,1625449482.0,64.0
4.77,1625449482.0,64.0
1.84,1625449482.0,64.0
-0.82,1625449482.0,64.0
-3.23,1625449482.0,64.0
-5.45,1625449482.0,64.0
-7.56,1625449482.0,64.0
-9.63,1625449482.0,64.0
-11.76,1625449482.0,64.0
-14.05,1625449482.0,64.0
-16.61,1625449482.0,64.0
-19.52,1625449482.0,64.0
-22.8,1625449482.0,64.0
-26.48,1625449482.0,64.0
-30.55,1625449482.0,64.0
-35.04,1625449482.0,64.0
-39.86,1625449482.0,64.0
-44.73,1625449482.0,64.0
-49.09,1625449482.0,64.0
-52.17,1625449482.0,64.0
-53.14,1625449482.0,64.0
-51.45,1625449482.0,64.0
-46.96,1625449482.0,64.0
-40.0,1625449482.0,64.0
-31.3,1625449482.0,64.0
-21.68,1625449482.0,64.0
-11.87,1625449482.0,64.0
-2.31,1625449482.0,64.0
6.7,1625449482.0,64.0
14.93,1625449482.0,64.0
22.08,1625449482.0,64.0
27.76,1625449482.0,64.0
31.65,1625449482.0,64.0
33.7,1625449482.0,64.0
34.19,1625449482.0,64.0
33.67,1625449482.0,64.0
32.78,1625449482.0,64.0
31.95,1625449482.0,64.0
31.31,1625449482.0,64.0
30.74,1625449482.0,64.0
30.03,1625449482.0,64.0
29.07,1625449482.0,64.0
27.89,1625449482.0,64.0
26.56,1625449482.0,64.0
25.07,1625449482.0,64.0
23.27,1625449482.0,64.0
20.94,1625449482.0,64.0
17.96,1625449482.0,64.0
14.45,1625449482.0,64.0
10.72,1625449482.0,64.0
7.21,1625449482.0,64.0
4.22,1625449482.0,64.0
1.85,1625449482.0,64.0
-0.08,1625449482.0,64.0
-1.89,1625449482.0,64.0
-3.9,1625449482.0,64.0
-6.31,1625449482.0,64.0
-9.08,1625449482.0,64.0
-12.04,1625449482.0,64.0
-14.95,1625449482.0,64.0
-17.62,1625449482.0,64.0
-20.0,1625449482.0,64.0
-22.18,1625449482.0,64.0
-24.39,1625449482.0,64.0
-26.87,1625449482.0,64.0
-29.83,1625449482.0,64.0
-33.37,1625449482.0,64.0
-37.41,1625449482.0,64.0
-41.69,1625449482.0,64.0
-45.76,1625449482.0,64.0
-49.0,1625449482.0,64.0
-50.72,1625449482.0,64.0
-50.29,1625449482.0,64.0
-47.33,1625449482.0,64.0
-41.88,1625449482.0,64.0
-34.37,1625449482.0,64.0
-25.52,1625449482.0,64.0
-16.11,1625449482.0,64.0
-6.77,1625449482.0,64.0
2.12,1625449482.0,64.0
10.34,1625449482.0,64.0
17.68,1625449482.0,64.0
23.87,1625449482.0,64.0
28.6,1625449482.0,64.0
31.67,1625449482.0,64.0
33.14,1625449482.0,64.0
33.4,1625449482.0,64.0
33.07,1625449482.0,64.0
32.73,1625449482.0,64.0
32.74,1625449482.0,64.0
33.09,1625449482.0,64.0
33.53,1625449482.0,64.0
33.69,1625449482.0,64.0
33.29,1625449482.0,64.0
32.22,1625449482.0,64.0
30.54,1625449482.0,64.0
28.37,1625449482.0,64.0
25.79,1625449482.0,64.0
22.87,1625449482.0,64.0
19.7,1625449482.0,64.0
16.41,1625449482.0,64.0
13.25,1625449482.0,64.0
10.44,1625449482.0,64.0
8.09,1625449482.0,64.0
6.13,1625449482.0,64.0
4.26,1625449482.0,64.0
2.13,1625449482.0,64.0
-0.49,1625449482.0,64.0
-3.64,1625449482.0,64.0
-7.15,1625449482.0,64.0
-10.72,1625449482.0,64.0
-14.12,1625449482.0,64.0
-17.26,1625449482.0,64.0
-20.25,1625449482.0,64.0
-23.29,1625449482.0,64.0
-26.61,1625449482.0,64.0
-30.38,1625449482.0,64.0
-34.67,1625449482.0,64.0
-39.37,1625449482.0,64.0
-44.18,1625449482.0,64.0
-48.57,1625449482.0,64.0
-51.87,1625449482.0,64.0
-53.35,1625449482.0,64.0
-52.47,1625449482.0,64.0
-49.02,1625449482.0,64.0
-43.26,1625449482.0,64.0
-35.79,1625449482.0,64.0
-27.36,1625449482.0,64.0
-18.65,1625449482.0,64.0
-10.11,1625449482.0,64.0
-1.98,1625449482.0,64.0
5.57,1625449482.0,64.0
12.25,1625449482.0,64.0
17.71,1625449482.0,64.0
21.62,1625449482.0,64.0
23.87,1625449482.0,64.0
24.72,1625449482.0,64.0
24.73,1625449482.0,64.0
24.55,1625449482.0,64.0
24.67,1625449482.0,64.0
25.24,1625449482.0,64.0
26.05,1625449482.0,64.0
26.73,1625449482.0,64.0
26.86,1625449482.0,64.0
26.24,1625449482.0,64.0
24.85,1625449482.0,64.0
22.87,1625449482.0,64.0
20.53,1625449482.0,64.0
18.02,1625449482.0,64.0
15.47,1625449482.0,64.0
12.87,1625449482.0,64.0
10.17,1625449482.0,64.0
7.32,1625449482.0,64.0
4.33,1625449482.0,64.0
1.24,1625449482.0,64.0
-1.85,1625449482.0,64.0
-4.89,1625449482.0,64.0
-7.87,1625449482.0,64.0
-10.8,1625449482.0,64.0
-13.67,1625449482.0,64.0
-16.45,1625449482.0,64.0
-19.08,1625449482.0,64.0
-21.53,1625449482.0,64.0
-23.85,1625449482.0,64.0
-26.21,1625449482.0,64.0
-28.8,1625449482.0,64.0
-31.83,1625449482.0,64.0
-35.36,1625449482.0,64.0
-39.29,1625449482.0,64.0
-43.25,1625449482.0,64.0
-46.62,1625449482.0,64.0
-48.63,1625449482.0,64.0
-48.55,1625449482.0,64.0
-45.92,1625449482.0,64.0
-40.74,1625449482.0,64.0
-33.46,1625449482.0,64.0
-24.86,1625449482.0,64.0
-15.8,1625449482.0,64.0
-6.95,1625449482.0,64.0
1.24,1625449482.0,64.0
8.56,1625449482.0,64.0
14.89,1625449482.0,64.0
20.1,1625449482.0,64.0
24.0,1625449482.0,64.0
26.53,1625449482.0,64.0
27.81,1625449482.0,64.0
28.2,1625449482.0,64.0
28.21,1625449482.0,64.0
28.27,1625449482.0,64.0
28.66,1625449482.0,64.0
29.29,1625449482.0,64.0
29.92,1625449482.0,64.0
30.18,1625449482.0,64.0
29.82,1625449482.0,64.0
28.76,1625449482.0,64.0
27.05,1625449482.0,64.0
24.83,1625449482.0,64.0
22.23,1625449482.0,64.0
19.34,1625449482.0,64.0
16.23,1625449482.0,64.0
12.96,1625449482.0,64.0
9.67,1625449482.0,64.0
6.47,1625449482.0,64.0
3.44,1625449482.0,64.0
0.56,1625449482.0,64.0
-2.25,1625449482.0,64.0
-5.11,1625449482.0,64.0
-8.15,1625449482.0,64.0
-11.38,1625449482.0,64.0
-14.81,1625449482.0,64.0
-18.33,1625449482.0,64.0
-21.87,1625449482.0,64.0
-25.37,1625449482.0,64.0
-28.87,1625449482.0,64.0
-32.51,1625449482.0,64.0
-36.43,1625449482.0,64.0
-40.71,1625449482.0,64.0
-45.2,1625449482.0,64.0
-49.44,1625449482.0,64.0
-52.68,1625449482.0,64.0
-54.06,1625449482.0,64.0
-52.89,1625449482.0,64.0
-48.88,1625449482.0,64.0
-42.27,1625449482.0,64.0
-33.72,1625449482.0,64.0
-24.08,1625449482.0,64.0
-14.1,1625449482.0,64.0
-4.26,1625449482.0,64.0
5.18,1625449482.0,64.0
14.02,1625449482.0,64.0
22.0,1625449482.0,64.0
28.74,1625449482.0,64.0
33.86,1625449482.0,64.0
37.21,1625449482.0,64.0
38.94,1625449482.0,64.0
39.56,1625449482.0,64.0
39.67,1625449482.0,64.0
39.75,1625449482.0,64.0
40.0,1625449482.0,64.0
40.27,1625449482.0,64.0
40.26,1625449482.0,64.0
39.62,1625449482.0,64.0
38.16,1625449482.0,64.0
35.89,1625449482.0,64.0
33.01,1625449482.0,64.0
29.79,1625449482.0,64.0
26.49,1625449482.0,64.0
23.3,1625449482.0,64.0
20.24,1625449482.0,64.0
17.26,1625449482.0,64.0
14.25,1625449482.0,64.0
11.16,1625449482.0,64.0
8.02,1625449482.0,64.0
4.91,1625449482.0,64.0
1.88,1625449482.0,64.0
-1.11,1625449482.0,64.0
-4.14,1625449482.0,64.0
-7.35,1625449482.0,64.0
-10.81,1625449482.0,64.0
-14.5,1625449482.0,64.0
-18.35,1625449482.0,64.0
-22.27,1625449482.0,64.0
-26.24,1625449482.0,64.0
-30.3,1625449482.0,64.0
-34.55,1625449482.0,64.0
-38.95,1625449482.0,64.0
-43.29,1625449482.0,64.0
-47.13,1625449482.0,64.0
-49.79,1625449482.0,64.0
-50.55,1625449482.0,64.0
-48.87,1625449482.0,64.0
-44.54,1625449482.0,64.0
-37.84,1625449482.0,64.0
-29.39,1625449482.0,64.0
-19.96,1625449482.0,64.0
-10.25,1625449482.0,64.0
-0.74,1625449482.0,64.0
8.27,1625449482.0,64.0
16.53,1625449482.0,64.0
23.71,1625449482.0,64.0
29.45,1625449482.0,64.0
33.46,1625449482.0,64.0
35.76,1625449482.0,64.0
36.7,1625449482.0,64.0
36.89,1625449482.0,64.0
36.95,1625449482.0,64.0
37.24,1625449482.0,64.0
37.77,1625449482.0,64.0
38.28,1625449482.0,64.0
38.37,1625449482.0,64.0
37.81,1625449482.0,64.0
36.5,1625449482.0,64.0
34.52,1625449482.0,64.0
31.99,1625449482.0,64.0
29.03,1625449482.0,64.0
25.72,1625449482.0,64.0
22.2,1625449482.0,64.0
18.63,1625449482.0,64.0
15.24,1625449482.0,64.0
12.16,1625449482.0,64.0
9.39,1625449482.0,64.0
6.79,1625449482.0,64.0
4.12,1625449482.0,64.0
1.17,1625449482.0,64.0
-2.16,1625449482.0,64.0
-5.81,1625449482.0,64.0
-9.67,1625449482.0,64.0
-13.58,1625449482.0,64.0
-17.44,1625449482.0,64.0
-21.23,1625449482.0,64.0
-24.97,1625449482.0,64.0
-28.71,1625449482.0,64.0
-32.51,1625449482.0,64.0
-36.45,1625449482.0,64.0
-40.56,1625449482.0,64.0
-44.75,1625449482.0,64.0
-48.69,1625449482.0,64.0
-51.78,1625449482.0,64.0
-53.23,1625449482.0,64.0
-52.3,1625449482.0,64.0
-48.55,1625449482.0,64.0
-42.03,1625449482.0,64.0
-33.33,1625449482.0,64.0
-23.3,1625449482.0,64.0
-12.85,1625449482.0,64.0
-2.62,1625449482.0,64.0
7.03,1625449482.0,64.0
15.88,1625449482.0,64.0
23.71,1625449482.0,64.0
30.2,1625449482.0,64.0
34.98,1625449482.0,64.0
37.9,1625449482.0,64.0
39.12,1625449482.0,64.0
39.18,1625449482.0,64.0
38.81,1625449482.0,64.0
38.63,1625449482.0,64.0
38.89,1625449482.0,64.0
39.42,1625449482.0,64.0
39.76,1625449482.0,64.0
39.38,1625449482.0,64.0
38.0,1625449482.0,64.0
35.63,1625449482.0,64.0
32.6,1625449482.0,64.0
29.27,1625449482.0,64.0
25.98,1625449482.0,64.0
22.84,1625449482.0,64.0
19.85,1625449482.0,64.0
16.94,1625449482.0,64.0
14.02,1625449482.0,64.0
11.09,1625449482.0,64.0
8.09,1625449482.0,64.0
5.02,1625449482.0,64.0
1.83,1625449482.0,64.0
-1.43,1625449482.0,64.0
-4.69,1625449482.0,64.0
-7.85,1625449482.0,64.0
-10.87,1625449482.0,64.0
-13.84,1625449482.0,64.0
-16.9,1625449482.0,64.0
-20.24,1625449482.0,64.0
-23.92,1625449482.0,64.0
-27.94,1625449482.0,64.0
-32.18,1625449482.0,64.0
-36.56,1625449482.0,64.0
-40.92,1625449482.0,64.0
-45.0,1625449482.0,64.0
-48.33,1625449482.0,64.0
-50.18,1625449482.0,64.0
-49.82,1625449482.0,64.0
-46.68,1625449482.0,64.0
-40.69,1625449482.0,64.0
-32.27,1625449482.0,64.0
-22.28,1625449482.0,64.0
-11.68,1625449482.0,64.0
-1.28,1625449482.0,64.0
8.4,1625449482.0,64.0
17.11,1625449482.0,64.0
24.67,1625449482.0,64.0
30.9,1625449482.0,64.0
35.57,1625449482.0,64.0
38.53,1625449482.0,64.0
39.88,1625449482.0,64.0
40.01,1625449482.0,64.0
39.47,1625449482.0,64.0
38.82,1625449482.0,64.0
38.42,1625449482.0,64.0
38.29,1625449482.0,64.0
38.23,1625449482.0,64.0
37.9,1625449482.0,64.0
37.05,1625449482.0,64.0
35.57,1625449482.0,64.0
33.48,1625449482.0,64.0
30.93,1625449482.0,64.0
28.08,1625449482.0,64.0
25.04,1625449482.0,64.0
21.89,1625449482.0,64.0
18.65,1625449482.0,64.0
15.34,1625449482.0,64.0
11.98,1625449482.0,64.0
8.62,1625449482.0,64.0
5.3,1625449482.0,64.0
2.1,1625449482.0,64.0
-0.98,1625449482.0,64.0
-3.95,1625449482.0,64.0
-6.9,1625449482.0,64.0
-9.94,1625449482.0,64.0
-13.17,1625449482.0,64.0
-16.67,1625449482.0,64.0
-20.47,1625449482.0,64.0
-24.56,1625449482.0,64.0
-28.91,1625449482.0,64.0
-33.49,1625449482.0,64.0
-38.24,1625449482.0,64.0
-43.08,1625449482.0,64.0
-47.78,1625449482.0,64.0
-51.92,1625449482.0,64.0
-54.86,1625449482.0,64.0
-55.8,1625449482.0,64.0
-54.04,1625449482.0,64.0
-49.24,1625449482.0,64.0
-41.59,1625449482.0,64.0
-31.82,1625449482.0,64.0
-20.97,1625449482.0,64.0
-10.01,1625449482.0,64.0
0.38,1625449482.0,64.0
9.89,1625449482.0,64.0
18.39,1625449482.0,64.0
25.72,1625449482.0,64.0
31.62,1625449482.0,64.0
35.77,1625449482.0,64.0
38.02,1625449482.0,64.0
38.59,1625449482.0,64.0
38.01,1625449482.0,64.0
36.97,1625449482.0,64.0
36.0,1625449482.0,64.0
35.31,1625449482.0,64.0
34.81,1625449482.0,64.0
34.21,1625449482.0,64.0
33.25,1625449482.0,64.0
31.82,1625449482.0,64.0
29.91,1625449482.0,64.0
27.62,1625449482.0,64.0
25.02,1625449482.0,64.0
22.14,1625449482.0,64.0
19.03,1625449482.0,64.0
15.7,1625449482.0,64.0
12.21,1625449482.0,64.0
8.62,1625449482.0,64.0
4.99,1625449482.0,64.0
1.42,1625449482.0,64.0
-2.03,1625449482.0,64.0
-5.28,1625449482.0,64.0
-8.37,1625449482.0,64.0
-11.34,1625449482.0,64.0
-14.3,1625449482.0,64.0
-17.31,1625449482.0,64.0
-20.43,1625449482.0,64.0
-23.63,1625449482.0,64.0
-26.88,1625449482.0,64.0
-30.17,1625449482.0,64.0
-33.57,1625449482.0,64.0
-37.2,1625449482.0,64.0
-41.15,1625449482.0,64.0
-45.36,1625449482.0,64.0
-49.45,1625449482.0,64.0
-52.72,1625449482.0,64.0
-54.28,1625449482.0,64.0
-53.28,1625449482.0,64.0
-49.2,1625449482.0,64.0
-42.14,1625449482.0,64.0
-32.77,1625449482.0,64.0
-22.1,1625449482.0,64.0
-11.17,1625449482.0,64.0
-0.76,1625449482.0,64.0
8.72,1625449482.0,64.0
17.12,1625449482.0,64.0
24.34,1625449482.0,64.0
30.16,1625449482.0,64.0
34.33,1625449482.0,64.0
36.69,1625449482.0,64.0
37.36,1625449482.0,64.0
36.81,1625449482.0,64.0
35.75,1625449482.0,64.0
34.83,1625449482.0,64.0
34.42,1625449482.0,64.0
34.46,1625449482.0,64.0
34.53,1625449482.0,64.0
34.15,1625449482.0,64.0
32.94,1625449482.0,64.0
30.82,1625449482.0,64.0
27.99,1625449482.0,64.0
24.79,1625449482.0,64.0
21.53,1625449482.0,64.0
18.4,1625449482.0,64.0
15.38,1625449482.0,64.0
12.38,1625449482.0,64.0
9.33,1625449482.0,64.0
6.2,1625449482.0,64.0
3.1,1625449482.0,64.0
0.14,1625449482.0,64.0
-2.62,1625449482.0,64.0
-5.2,1625449482.0,64.0
-7.72,1625449482.0,64.0
-10.32,1625449482.0,64.0
-13.1,1625449482.0,64.0
-16.07,1625449482.0,64.0
-19.26,1625449482.0,64.0
-22.71,1625449482.0,64.0
-26.56,1625449482.0,64.0
-30.93,1625449482.0,64.0
-35.84,1625449482.0,64.0
-41.01,1625449482.0,64.0
-45.85,1625449482.0,64.0
-49.54,1625449482.0,64.0
-51.21,1625449482.0,64.0
-50.21,1625449482.0,64.0
-46.31,1625449482.0,64.0
-39.75,1625449482.0,64.0
-31.11,1625449482.0,64.0
-21.21,1625449482.0,64.0
-10.84,1625449482.0,64.0
-0.72,1625449482.0,64.0
8.57,1625449482.0,64.0
16.55,1625449482.0,64.0
22.82,1625449482.0,64.0
27.13,1625449482.0,64.0
29.51,1625449482.0,64.0
30.25,1625449482.0,64.0
29.94,1625449482.0,64.0
29.21,1625449482.0,64.0
28.61,1625449482.0,64.0
28.39,1625449482.0,64.0
28.49,1625449482.0,64.0
28.59,1625449482.0,64.0
28.34,1625449482.0,64.0
27.42,1625449482.0,64.0
25.71,1625449482.0,64.0
23.22,1625449482.0,64.0
20.13,1625449482.0,64.0
16.69,1625449482.0,64.0
13.16,1625449482.0,64.0
9.77,1625449482.0,64.0
6.62,1625449482.0,64.0
3.69,1625449482.0,64.0
0.89,1625449482.0,64.0
-1.91,1625449482.0,64.0
-4.76,1625449482.0,64.0
-7.66,1625449482.0,64.0
-10.54,1625449482.0,64.0
-13.4,1625449482.0,64.0
-16.25,1625449482.0,64.0
-19.15,1625449482.0,64.0
-22.11,1625449482.0,64.0
-25.12,1625449482.0,64.0
-28.17,1625449482.0,64.0
-31.3,1625449482.0,64.0
-34.63,1625449482.0,64.0
-38.29,1625449482.0,64.0
-42.23,1625449482.0,64.0
-46.09,1625449482.0,64.0
-49.13,1625449482.0,64.0
-50.44,1625449482.0,64.0
-49.23,1625449482.0,64.0
-45.13,1625449482.0,64.0
-38.38,1625449482.0,64.0
-29.69,1625449482.0,64.0
-20.0,1625449482.0,64.0
-10.11,1625449482.0,64.0
-0.54,1625449482.0,64.0
8.47,1625449482.0,64.0
16.76,1625449482.0,64.0
24.09,1625449482.0,64.0
30.05,1625449482.0,64.0
34.28,1625449482.0,64.0
36.63,1625449482.0,64.0
37.32,1625449482.0,64.0
36.92,1625449482.0,64.0
36.13,1625449482.0,64.0
35.5,1625449482.0,64.0
35.25,1625449482.0,64.0
35.2,1625449482.0,64.0
34.96,1625449482.0,64.0
34.11,1625449482.0,64.0
32.4,1625449482.0,64.0
29.86,1625449482.0,64.0
26.69,1625449482.0,64.0
23.24,1625449482.0,64.0
19.81,1625449482.0,64.0
16.59,1625449482.0,64.0
13.62,1625449482.0,64.0
10.85,1625449482.0,64.0
8.11,1625449482.0,64.0
5.27,1625449482.0,64.0
2.27,1625449482.0,64.0
-0.9,1625449482.0,64.0
-4.19,1625449482.0,64.0
-7.5,1625449482.0,64.0
-10.78,1625449482.0,64.0
-14.01,1625449482.0,64.0
-17.26,1625449482.0,64.0
-20.61,1625449482.0,64.0
-24.17,1625449482.0,64.0
-28.03,1625449482.0,64.0
-32.22,1625449482.0,64.0
-36.72,1625449482.0,64.0
-41.41,1625449482.0,64.0
-46.01,1625449482.0,64.0
-50.01,1625449482.0,64.0
-52.74,1625449482.0,64.0
-53.46,1625449482.0,64.0
-51.54,1625449482.0,64.0
-46.77,1625449482.0,64.0
-39.36,1625449482.0,64.0
-30.01,1625449482.0,64.0
-19.6,1625449482.0,64.0
-8.97,1625449482.0,64.0
1.28,1625449482.0,64.0
10.81,1625449482.0,64.0
19.44,1625449482.0,64.0
27.01,1625449482.0,64.0
33.25,1625449482.0,64.0
37.89,1625449482.0,64.0
40.78,1625449482.0,64.0
42.05,1625449482.0,64.0
42.09,1625449482.0,64.0
41.48,1625449482.0,64.0
40.8,1625449482.0,64.0
40.33,1625449482.0,64.0
40.09,1625449482.0,64.0
39.8,1625449482.0,64.0
39.09,1625449482.0,64.0
37.67,1625449482.0,64.0
35.43,1625449482.0,64.0
32.49,1625449482.0,64.0
29.07,1625449482.0,64.0
25.43,1625449482.0,64.0
21.77,1625449482.0,64.0
18.18,1625449482.0,64.0
14.7,1625449482.0,64.0
11.32,1625449482.0,64.0
8.07,1625449482.0,64.0
4.96,1625449482.0,64.0
1.98,1625449482.0,64.0
-0.93,1625449482.0,64.0
-3.87,1625449482.0,64.0
-6.94,1625449482.0,64.0
-10.22,1625449482.0,64.0
-13.73,1625449482.0,64.0
-17.44,1625449482.0,64.0
-21.3,1625449482.0,64.0
-25.24,1625449482.0,64.0
-29.19,1625449482.0,64.0
-33.15,1625449482.0,64.0
-37.17,1625449482.0,64.0
-41.33,1625449482.0,64.0
-45.62,1625449482.0,64.0
-49.81,1625449482.0,64.0
-53.34,1625449482.0,64.0
-55.36,1625449482.0,64.0
-54.99,1625449482.0,64.0
-51.65,1625449482.0,64.0
-45.3,1625449482.0,64.0
-36.46,1625449482.0,64.0
-26.06,1625449482.0,64.0
-15.03,1625449482.0,64.0
-4.11,1625449482.0,64.0
6.27,1625449482.0,64.0
15.85,1625449482.0,64.0
24.34,1625449482.0,64.0
31.36,1625449482.0,64.0
36.58,1625449482.0,64.0
39.85,1625449482.0,64.0
41.37,1625449482.0,64.0
41.7,1625449482.0,64.0
41.48,1625449482.0,64.0
41.22,1625449482.0,64.0
41.08,1625449482.0,64.0
40.91,1625449482.0,64.0
40.39,1625449482.0,64.0
39.3,1625449482.0,64.0
37.55,1625449482.0,64.0
35.26,1625449482.0,64.0
32.57,1625449482.0,64.0
29.59,1625449482.0,64.0
26.32,1625449482.0,64.0
22.73,1625449482.0,64.0
18.88,1625449482.0,64.0
14.91,1625449482.0,64.0
11.05,1625449482.0,64.0
7.46,1625449482.0,64.0
4.22,1625449482.0,64.0
1.23,1625449482.0,64.0
-1.7,1625449482.0,64.0
-4.71,1625449482.0,64.0
-7.89,1625449482.0,64.0
-11.2,1625449482.0,64.0
-14.53,1625449482.0,64.0
-17.76,1625449482.0,64.0
-20.81,1625449482.0,64.0
-23.68,1625449482.0,64.0
-26.46,1625449482.0,64.0
-29.29,1625449482.0,64.0
-32.34,1625449482.0,64.0
-35.78,1625449482.0,64.0
-39.66,1625449482.0,64.0
-43.87,1625449482.0,64.0
-48.09,1625449482.0,64.0
-51.75,1625449482.0,64.0
-54.17,1625449482.0,64.0
-54.66,1625449482.0,64.0
-52.75,1625449482.0,64.0
-48.25,1625449482.0,64.0
-41.39,1625449482.0,64.0
-32.66,1625449482.0,64.0
-22.69,1625449482.0,64.0
-12.11,1625449482.0,64.0
-1.44,1625449482.0,64.0
8.86,1625449482.0,64.0
18.37,1625449482.0,64.0
26.63,1625449482.0,64.0
33.17,1625449482.0,64.0
37.69,1625449482.0,64.0
40.16,1625449482.0,64.0
40.92,1625449482.0,64.0
40.59,1625449482.0,64.0
39.87,1625449482.0,64.0
39.26,1625449482.0,64.0
38.92,1625449482.0,64.0
38.68,1625449482.0,64.0
38.19,1625449482.0,64.0
37.2,1625449482.0,64.0
35.61,1625449482.0,64.0
33.56,1625449482.0,64.0
31.18,1625449482.0,64.0
28.6,1625449482.0,64.0
25.77,1625449482.0,64.0
22.66,1625449482.0,64.0
19.32,1625449482.0,64.0
15.9,1625449482.0,64.0
12.64,1625449482.0,64.0
9.74,1625449482.0,64.0
7.26,1625449482.0,64.0
5.05,1625449482.0,64.0
2.88,1625449482.0,64.0
0.5,1625449482.0,64.0
-2.26,1625449482.0,64.0
-5.44,1625449482.0,64.0
-8.96,1625449482.0,64.0
-12.65,1625449482.0,64.0
-16.35,1625449482.0,64.0
-19.89,1625449482.0,64.0
-23.2,1625449482.0,64.0
-26.31,1625449482.0,64.0
-29.39,1625449482.0,64.0
-32.7,1625449482.0,64.0
-36.44,1625449482.0,64.0
-40.59,1625449482.0,64.0
-44.81,1625449482.0,64.0
-48.4,1625449482.0,64.0
-50.44,1625449482.0,64.0
-50.07,1625449482.0,64.0
-46.73,1625449482.0,64.0
-40.42,1625449482.0,64.0
-31.67,1625449482.0,64.0
-21.39,1625449482.0,64.0
-10.54,1625449482.0,64.0
0.08,1625449482.0,64.0
9.96,1625449482.0,64.0
18.83,1625449482.0,64.0
26.43,1625449482.0,64.0
32.51,1625449482.0,64.0
36.82,1625449482.0,64.0
39.26,1625449482.0,64.0
39.96,1625449482.0,64.0
39.41,1625449482.0,64.0
38.25,1625449482.0,64.0
37.06,1625449482.0,64.0
36.19,1625449482.0,64.0
35.65,1625449482.0,64.0
35.14,1625449482.0,64.0
34.33,1625449482.0,64.0
32.99,1625449482.0,64.0
31.09,1625449482.0,64.0
28.78,1625449482.0,64.0
26.21,1625449482.0,64.0
23.47,1625449482.0,64.0
20.52,1625449482.0,64.0
17.25,1625449482.0,64.0
13.6,1625449482.0,64.0
9.61,1625449482.0,64.0
5.44,1625449482.0,64.0
1.33,1625449482.0,64.0
-2.54,1625449482.0,64.0
-6.03,1625449482.0,64.0
-9.13,1625449482.0,64.0
-11.92,1625449482.0,64.0
-14.49,1625449482.0,64.0
-16.99,1625449482.0,64.0
-19.55,1625449482.0,64.0
-22.29,1625449482.0,64.0
-25.29,1625449482.0,64.0
-28.58,1625449482.0,64.0
-32.13,1625449482.0,64.0
-35.88,1625449482.0,64.0
-39.75,1625449482.0,64.0
-43.71,1625449482.0,64.0
-47.66,1625449482.0,64.0
-51.36,1625449482.0,64.0
-54.38,1625449482.0,64.0
-56.08,1625449482.0,64.0
-55.76,1625449482.0,64.0
-52.86,1625449482.0,64.0
-47.25,1625449482.0,64.0
-39.3,1625449482.0,64.0
-29.81,1625449482.0,64.0
-19.7,1625449482.0,64.0
-9.77,1625449482.0,64.0
-0.51,1625449482.0,64.0
7.85,1625449482.0,64.0
15.15,1625449482.0,64.0
21.14,1625449482.0,64.0
25.49,1625449482.0,64.0
27.93,1625449482.0,64.0
28.53,1625449482.0,64.0
27.78,1625449482.0,64.0
26.51,1625449482.0,64.0
25.53,1625449482.0,64.0
25.35,1625449482.0,64.0
25.97,1625449482.0,64.0
26.96,1625449482.0,64.0
27.71,1625449482.0,64.0
27.77,1625449482.0,64.0
26.96,1625449482.0,64.0
25.42,1625449482.0,64.0
23.39,1625449482.0,64.0
21.08,1625449482.0,64.0
18.59,1625449482.0,64.0
15.91,1625449482.0,64.0
12.95,1625449482.0,64.0
9.69,1625449482.0,64.0
6.19,1625449482.0,64.0
2.58,1625449482.0,64.0
-0.96,1625449482.0,64.0
-4.25,1625449482.0,64.0
-7.22,1625449482.0,64.0
-9.87,1625449482.0,64.0
-12.33,1625449482.0,64.0
-14.79,1625449482.0,64.0
-17.45,1625449482.0,64.0
-20.45,1625449482.0,64.0
-23.84,1625449482.0,64.0
-27.56,1625449482.0,64.0
-31.57,1625449482.0,64.0
-35.86,1625449482.0,64.0
-40.4,1625449482.0,64.0
-45.02,1625449482.0,64.0
-49.3,1625449482.0,64.0
-52.53,1625449482.0,64.0
-53.84,1625449482.0,64.0
-52.56,1625449482.0,64.0
-48.44,1625449482.0,64.0
-41.78,1625449482.0,64.0
-33.31,1625449482.0,64.0
-23.87,1625449482.0,64.0
-14.11,1625449482.0,64.0
-4.32,1625449482.0,64.0
5.41,1625449482.0,64.0
14.98,1625449482.0,64.0
24.01,1625449482.0,64.0
31.84,1625449482.0,64.0
37.78,1625449482.0,64.0
41.36,1625449482.0,64.0
42.64,1625449482.0,64.0
42.17,1625449482.0,64.0
40.75,1625449482.0,64.0
39.17,1625449482.0,64.0
37.91,1625449482.0,64.0
37.11,1625449482.0,64.0
36.62,1625449482.0,64.0
36.15,1625449482.0,64.0
35.43,1625449482.0,64.0
34.24,1625449482.0,64.0
32.47,1625449482.0,64.0
30.1,1625449482.0,64.0
27.2,1625449482.0,64.0
23.85,1625449482.0,64.0
20.19,1625449482.0,64.0
16.35,1625449482.0,64.0
12.43,1625449482.0,64.0
8.54,1625449482.0,64.0
4.76,1625449482.0,64.0
1.18,1625449482.0,64.0
-2.17,1625449482.0,64.0
-5.32,1625449482.0,64.0
-8.39,1625449482.0,64.0
-11.54,1625449482.0,64.0
-14.89,1625449482.0,64.0
-18.47,1625449482.0,64.0
-22.25,1625449482.0,64.0
-26.11,1625449482.0,64.0
-29.99,1625449482.0,64.0
-33.92,1625449482.0,64.0
-38.0,1625449482.0,64.0
-42.31,1625449482.0,64.0
-46.74,1625449482.0,64.0
-50.9,1625449482.0,64.0
-54.12,1625449482.0,64.0
-55.56,1625449482.0,64.0
-54.55,1625449482.0,64.0
-50.73,1625449482.0,64.0
-44.22,1625449482.0,64.0
-35.58,1625449482.0,64.0
-25.6,1625449482.0,64.0
-15.04,1625449482.0,64.0
-4.51,1625449482.0,64.0
5.58,1625449482.0,64.0
14.94,1625449482.0,64.0
23.18,1625449482.0,64.0
29.84,1625449482.0,64.0
34.47,1625449482.0,64.0
36.84,1625449482.0,64.0
37.1,1625449482.0,64.0
35.85,1625449482.0,64.0
33.95,1625449482.0,64.0
32.25,1625449482.0,64.0
31.24,1625449482.0,64.0
31.01,1625449482.0,64.0
31.22,1625449482.0,64.0
31.35,1625449482.0,64.0
30.98,1625449482.0,64.0
29.89,1625449482.0,64.0
28.11,1625449482.0,64.0
25.77,1625449482.0,64.0
23.07,1625449482.0,64.0
20.17,1625449482.0,64.0
17.18,1625449482.0,64.0
14.21,1625449482.0,64.0
11.3,1625449482.0,64.0
8.49,1625449482.0,64.0
5.71,1625449482.0,64.0
2.85,1625449482.0,64.0
-0.18,1625449482.0,64.0
-3.47,1625449482.0,64.0
-7.04,1625449482.0,64.0
-10.86,1625449482.0,64.0
-14.89,1625449482.0,64.0
-19.06,1625449482.0,64.0
-23.31,1625449482.0,64.0
-27.56,1625449482.0,64.0
-31.75,1625449482.0,64.0
-35.88,1625449482.0,64.0
-40.0,1625449482.0,64.0
-44.21,1625449482.0,64.0
-48.5,1625449482.0,64.0
-52.58,1625449482.0,64.0
-55.86,1625449482.0,64.0
-57.52,1625449482.0,64.0
-56.77,1625449482.0,64.0
-53.12,1625449482.0,64.0
-46.59,1625449482.0,64.0
-37.71,1625449482.0,64.0
-27.31,1625449482.0,64.0
-16.3,1625449482.0,64.0
-5.37,1625449482.0,64.0
5.0,1625449482.0,64.0
14.51,1625449482.0,64.0
22.89,1625449482.0,64.0
29.84,1625449482.0,64.0
35.05,1625449482.0,64.0
38.4,1625449482.0,64.0
40.03,1625449482.0,64.0
40.41,1625449482.0,64.0
40.22,1625449482.0,64.0
40.06,1625449482.0,64.0
40.24,1625449482.0,64.0
40.67,1625449482.0,64.0
40.94,1625449482.0,64.0
40.52,1625449482.0,64.0
39.09,1625449482.0,64.0
36.64,1625449482.0,64.0
33.45,1625449482.0,64.0
29.96,1625449482.0,64.0
26.51,1625449482.0,64.0
23.26,1625449482.0,64.0
20.16,1625449482.0,64.0
17.08,1625449482.0,64.0
13.93,1625449482.0,64.0
10.68,1625449482.0,64.0
7.41,1625449482.0,64.0
4.18,1625449482.0,64.0
1.02,1625449482.0,64.0
-2.11,1625449482.0,64.0
-5.29,1625449482.0,64.0
-8.58,1625449482.0,64.0
-11.92,1625449482.0,64.0
-15.23,1625449482.0,64.0
-18.42,1625449482.0,64.0
-21.48,1625449482.0,64.0
-24.49,1625449482.0,64.0
-27.65,1625449482.0,64.0
-31.15,1625449482.0,64.0
-35.13,1625449482.0,64.0
-39.53,1625449482.0,64.0
-44.05,1625449482.0,64.0
-48.12,1625449482.0,64.0
-50.92,1625449482.0,64.0
-51.64,1625449482.0,64.0
-49.64,1625449482.0,64.0
-44.72,1625449482.0,64.0
-37.16,1625449482.0,64.0
-27.7,1625449482.0,64.0
-17.21,1625449482.0,64.0
-6.53,1625449482.0,64.0
3.77,1625449482.0,64.0
13.29,1625449482.0,64.0
21.75,1625449482.0,64.0
28.81,1625449482.0,64.0
34.13,1625449482.0,64.0
37.46,1625449482.0,64.0
38.86,1625449482.0,64.0
38.73,1625449482.0,64.0
37.79,1625449482.0,64.0
36.75,1625449482.0,64.0
36.13,1625449482.0,64.0
36.03,1625449482.0,64.0
36.17,1625449482.0,64.0
36.11,1625449482.0,64.0
35.42,1625449482.0,64.0
33.88,1625449482.0,64.0
31.5,1625449482.0,64.0
28.49,1625449482.0,64.0
25.09,1625449482.0,64.0
21.5,1625449482.0,64.0
17.89,1625449482.0,64.0
14.35,1625449482.0,64.0
10.94,1625449482.0,64.0
7.71,1625449482.0,64.0
4.67,1625449482.0,64.0
1.81,1625449482.0,64.0
-0.93,1625449482.0,64.0
-3.6,1625449482.0,64.0
-6.28,1625449482.0,64.0
-9.09,1625449482.0,64.0
-12.09,1625449482.0,64.0
-15.34,1625449482.0,64.0
-18.78,1625449482.0,64.0
-22.3,1625449482.0,64.0
-25.76,1625449482.0,64.0
-29.09,1625449482.0,64.0
-32.36,1625449482.0,64.0
-35.73,1625449482.0,64.0
-39.32,1625449482.0,64.0
-42.99,1625449482.0,64.0
-46.26,1625449482.0,64.0
-48.35,1625449482.0,64.0
-48.48,1625449482.0,64.0
-46.09,1625449482.0,64.0
-41.08,1625449482.0,64.0
-33.85,1625449482.0,64.0
-25.05,1625449482.0,64.0
-15.44,1625449482.0,64.0
-5.65,1625449482.0,64.0
3.81,1625449482.0,64.0
12.48,1625449482.0,64.0
19.95,1625449482.0,64.0
25.81,1625449482.0,64.0
29.85,1625449482.0,64.0
32.11,1625449482.0,64.0
32.99,1625449482.0,64.0
33.1,1625449482.0,64.0
33.1,1625449482.0,64.0
33.41,1625449482.0,64.0
34.14,1625449482.0,64.0
35.04,1625449482.0,64.0
35.7,1625449482.0,64.0
35.71,1625449482.0,64.0
34.84,1625449482.0,64.0
33.05,1625449482.0,64.0
30.48,1625449482.0,64.0
27.32,1625449482.0,64.0
23.78,1625449482.0,64.0
20.07,1625449482.0,64.0
16.32,1625449482.0,64.0
12.68,1625449482.0,64.0
9.2,1625449482.0,64.0
5.84,1625449482.0,64.0
2.51,1625449482.0,64.0
-0.9,1625449482.0,64.0
-4.47,1625449482.0,64.0
-8.18,1625449482.0,64.0
-11.93,1625449482.0,64.0
-15.61,1625449482.0,64.0
-19.14,1625449482.0,64.0
-22.53,1625449482.0,64.0
-25.85,1625449482.0,64.0
-29.23,1625449482.0,64.0
-32.79,1625449482.0,64.0
-36.56,1625449482.0,64.0
-40.49,1625449482.0,64.0
-44.31,1625449482.0,64.0
-47.57,1625449482.0,64.0
-49.61,1625449482.0,64.0
-49.76,1625449482.0,64.0
-47.48,1625449482.0,64.0
-42.58,1625449482.0,64.0
-35.31,1625449482.0,64.0
-26.26,1625449482.0,64.0
-16.19,1625449482.0,64.0
-5.81,1625449482.0,64.0
4.35,1625449482.0,64.0
13.98,1625449482.0,64.0
22.81,1625449482.0,64.0
30.51,1625449482.0,64.0
36.7,1625449482.0,64.0
41.05,1625449482.0,64.0
43.47,1625449482.0,64.0
44.18,1625449482.0,64.0
43.73,1625449482.0,64.0
42.78,1625449482.0,64.0
41.89,1625449482.0,64.0
41.29,1625449482.0,64.0
40.92,1625449482.0,64.0
40.45,1625449482.0,64.0
39.54,1625449482.0,64.0
37.97,1625449482.0,64.0
35.7,1625449482.0,64.0
32.83,1625449482.0,64.0
29.53,1625449482.0,64.0
25.97,1625449482.0,64.0
22.28,1625449482.0,64.0
18.58,1625449482.0,64.0
14.94,1625449482.0,64.0
11.38,1625449482.0,64.0
7.91,1625449482.0,64.0
4.47,1625449482.0,64.0
1.02,1625449482.0,64.0
-2.44,1625449482.0,64.0
-5.88,1625449482.0,64.0
-9.25,1625449482.0,64.0
-12.55,1625449482.0,64.0
-15.8,1625449482.0,64.0
-19.11,1625449482.0,64.0
-22.58,1625449482.0,64.0
-26.3,1625449482.0,64.0
-30.33,1625449482.0,64.0
-34.68,1625449482.0,64.0
-39.24,1625449482.0,64.0
-43.76,1625449482.0,64.0
-47.73,1625449482.0,64.0
-50.45,1625449482.0,64.0
-51.2,1625449482.0,64.0
-49.39,1625449482.0,64.0
-44.86,1625449482.0,64.0
-37.92,1625449482.0,64.0
-29.26,1625449482.0,64.0
-19.67,1625449482.0,64.0
-9.84,1625449482.0,64.0
-0.16,1625449482.0,64.0
9.17,1625449482.0,64.0
17.96,1625449482.0,64.0
25.9,1625449482.0,64.0
32.54,1625449482.0,64.0
37.44,1625449482.0,64.0
40.38,1625449482.0,64.0
41.55,1625449482.0,64.0
41.47,1625449482.0,64.0
40.85,1625449482.0,64.0
40.3,1625449482.0,64.0
40.08,1625449482.0,64.0
40.1,1625449482.0,64.0
39.97,1625449482.0,64.0
39.24,1625449482.0,64.0
37.59,1625449482.0,64.0
34.92,1625449482.0,64.0
31.38,1625449482.0,64.0
27.23,1625449482.0,64.0
22.77,1625449482.0,64.0
18.25,1625449482.0,64.0
13.83,1625449482.0,64.0
9.61,1625449482.0,64.0
5.64,1625449482.0,64.0
1.95,1625449482.0,64.0
-1.47,1625449482.0,64.0
-4.65,1625449482.0,64.0
-7.6,1625449482.0,64.0
-10.33,1625449482.0,64.0
-12.85,1625449482.0,64.0
-15.15,1625449482.0,64.0
-17.32,1625449482.0,64.0
-19.54,1625449482.0,64.0
-21.99,1625449482.0,64.0
-24.82,1625449482.0,64.0
-28.11,1625449482.0,64.0
-31.81,1625449482.0,64.0
-35.84,1625449482.0,64.0
-40.06,1625449482.0,64.0
-44.3,1625449482.0,64.0
-48.29,1625449482.0,64.0
-51.55,1625449482.0,64.0
-53.47,1625449482.0,64.0
-53.42,1625449482.0,64.0
-50.93,1625449482.0,64.0
-45.88,1625449482.0,64.0
-38.55,1625449482.0,64.0
-29.57,1625449482.0,64.0
-19.69,1625449482.0,64.0
-9.6,1625449482.0,64.0
0.19,1625449482.0,64.0
9.3,1625449482.0,64.0
17.44,1625449482.0,64.0
24.32,1625449482.0,64.0
29.65,1625449482.0,64.0
33.23,1625449482.0,64.0
35.07,1625449482.0,64.0
35.49,1625449482.0,64.0
35.02,1625449482.0,64.0
34.33,1625449482.0,64.0
33.91,1625449482.0,64.0
33.96,1625449482.0,64.0
34.26,1625449482.0,64.0
34.35,1625449482.0,64.0
33.74,1625449482.0,64.0
32.18,1625449482.0,64.0
29.72,1625449482.0,64.0
26.66,1625449482.0,64.0
23.38,1625449482.0,64.0
20.11,1625449482.0,64.0
16.91,1625449482.0,64.0
13.71,1625449482.0,64.0
10.41,1625449482.0,64.0
6.99,1625449482.0,64.0
3.54,1625449482.0,64.0
0.19,1625449482.0,64.0
-3.0,1625449482.0,64.0
-6.04,1625449482.0,64.0
-9.04,1625449482.0,64.0
-12.07,1625449482.0,64.0
-15.14,1625449482.0,64.0
-18.19,1625449482.0,64.0
-21.13,1625449482.0,64.0
-23.94,1625449482.0,64.0
-26.69,1625449482.0,64.0
-29.57,1625449482.0,64.0
-32.81,1625449482.0,64.0
-36.55,1625449482.0,64.0
-40.82,1625449482.0,64.0
-45.35,1625449482.0,64.0
-49.6,1625449482.0,64.0
-52.8,1625449482.0,64.0
-54.15,1625449482.0,64.0
-53.01,1625449482.0,64.0
-49.15,1625449482.0,64.0
-42.78,1625449482.0,64.0
-34.49,1625449482.0,64.0
-25.03,1625449482.0,64.0
-15.11,1625449482.0,64.0
-5.25,1625449482.0,64.0
4.21,1625449482.0,64.0
12.99,1625449482.0,64.0
20.79,1625449482.0,64.0
27.24,1625449482.0,64.0
32.01,1625449482.0,64.0
34.96,1625449482.0,64.0
36.3,1625449482.0,64.0
36.53,1625449482.0,64.0
36.3,1625449482.0,64.0
36.12,1625449482.0,64.0
36.17,1625449482.0,64.0
36.3,1625449482.0,64.0
36.11,1625449482.0,64.0
35.24,1625449482.0,64.0
33.53,1625449482.0,64.0
31.08,1625449482.0,64.0
28.11,1625449482.0,64.0
24.88,1625449482.0,64.0
21.58,1625449482.0,64.0
18.26,1625449482.0,64.0
14.97,1625449482.0,64.0
11.76,1625449482.0,64.0
8.7,1625449482.0,64.0
5.88,1625449482.0,64.0
3.29,1625449482.0,64.0
0.89,1625449482.0,64.0
-1.45,1625449482.0,64.0
-3.87,1625449482.0,64.0
-6.5,1625449482.0,64.0
-9.4,1625449482.0,64.0
-12.6,1625449482.0,64.0
-16.02,1625449482.0,64.0
-19.52,1625449482.0,64.0
-22.92,1625449482.0,64.0
-26.12,1625449482.0,64.0
-29.15,1625449482.0,64.0
-32.2,1625449482.0,64.0
-35.56,1625449482.0,64.0
-39.36,1625449482.0,64.0
-43.48,1625449482.0,64.0
-47.4,1625449482.0,64.0
-50.3,1625449482.0,64.0
-51.3,1625449482.0,64.0
-49.76,1625449482.0,64.0
-45.46,1625449482.0,64.0
-38.74,1625449482.0,64.0
-30.29,1625449482.0,64.0
-20.89,1625449482.0,64.0
-11.26,1625449482.0,64.0
-1.88,1625449482.0,64.0
6.94,1625449482.0,64.0
14.88,1625449482.0,64.0
21.58,1625449482.0,64.0
26.63,1625449482.0,64.0
29.81,1625449482.0,64.0
31.2,1625449482.0,64.0
31.31,1625449482.0,64.0
30.89,1625449482.0,64.0
30.64,1625449482.0,64.0
30.92,1625449482.0,64.0
31.59,1625449482.0,64.0
32.14,1625449482.0,64.0
31.9,1625449482.0,64.0
30.45,1625449482.0,64.0
27.7,1625449482.0,64.0
23.97,1625449482.0,64.0
19.79,1625449482.0,64.0
15.73,1625449482.0,64.0
12.16,1625449482.0,64.0
9.22,1625449482.0,64.0
6.82,1625449482.0,64.0
4.71,1625449482.0,64.0
2.66,1625449482.0,64.0
0.48,1625449482.0,64.0
-1.87,1625449482.0,64.0
-4.3,1625449482.0,64.0
-6.69,1625449482.0,64.0
-8.95,1625449482.0,64.0
-11.14,1625449482.0,64.0
-13.41,1625449482.0,64.0
-15.99,1625449482.0,64.0
-19.01,1625449482.0,64.0
-22.51,1625449482.0,64.0
-26.43,1625449482.0,64.0
-30.68,1625449482.0,64.0
-35.18,1625449482.0,64.0
-39.84,1625449482.0,64.0
-44.41,1625449482.0,64.0
-48.37,1625449482.0,64.0
-50.96,1625449482.0,64.0
-51.36,1625449482.0,64.0
-48.98,1625449482.0,64.0
-43.74,1625449482.0,64.0
-36.08,1625449482.0,64.0
-26.85,1625449482.0,64.0
-16.97,1625449482.0,64.0
-7.13,1625449482.0,64.0
2.26,1625449482.0,64.0
11.04,1625449482.0,64.0
19.02,1625449482.0,64.0
25.95,1625449482.0,64.0
31.45,1625449482.0,64.0
35.27,1625449482.0,64.0
37.38,1625449482.0,64.0
38.13,1625449482.0,64.0
38.11,1625449482.0,64.0
37.94,1625449482.0,64.0
38.01,1625449482.0,64.0
38.34,1625449482.0,64.0
38.6,1625449482.0,64.0
38.3,1625449482.0,64.0
37.06,1625449482.0,64.0
34.76,1625449482.0,64.0
31.59,1625449482.0,64.0
27.91,1625449482.0,64.0
24.11,1625449482.0,64.0
20.41,1625449482.0,64.0
16.84,1625449482.0,64.0
13.31,1625449482.0,64.0
9.71,1625449482.0,64.0
6.03,1625449482.0,64.0
2.34,1625449482.0,64.0
-1.21,1625449482.0,64.0
-4.55,1625449482.0,64.0
-7.69,1625449482.0,64.0
-10.77,1625449482.0,64.0
-13.95,1625449482.0,64.0
-17.35,1625449482.0,64.0
-20.99,1625449482.0,64.0
-24.78,1625449482.0,64.0
-28.65,1625449482.0,64.0
-32.59,1625449482.0,64.0
-36.68,1625449482.0,64.0
-41.06,1625449482.0,64.0
-45.73,1625449482.0,64.0
-50.47,1625449482.0,64.0
-54.74,1625449482.0,64.0
-57.77,1625449482.0,64.0
-58.76,1625449482.0,64.0
-57.13,1625449482.0,64.0
-52.73,1625449482.0,64.0
-45.81,1625449482.0,64.0
-36.98,1625449482.0,64.0
-26.93,1625449482.0,64.0
-16.31,1625449482.0,64.0
-5.54,1625449482.0,64.0
5.05,1625449482.0,64.0
15.17,1625449482.0,64.0
24.44,1625449482.0,64.0
32.36,1625449482.0,64.0
38.43,1625449482.0,64.0
42.4,1625449482.0,64.0
44.33,1625449482.0,64.0
44.66,1625449482.0,64.0
44.05,1625449482.0,64.0
43.14,1625449482.0,64.0
42.35,1625449482.0,64.0
41.74,1625449482.0,64.0
41.05,1625449482.0,64.0
39.94,1625449482.0,64.0
38.14,1625449482.0,64.0
35.61,1625449482.0,64.0
32.52,1625449482.0,64.0
29.12,1625449482.0,64.0
25.65,1625449482.0,64.0
22.22,1625449482.0,64.0
18.8,1625449482.0,64.0
15.36,1625449482.0,64.0
11.88,1625449482.0,64.0
8.42,1625449482.0,64.0
5.06,1625449482.0,64.0
1.85,1625449482.0,64.0
-1.25,1625449482.0,64.0
-4.33,1625449482.0,64.0
-7.51,1625449482.0,64.0
-10.81,1625449482.0,64.0
-14.22,1625449482.0,64.0
-17.66,1625449482.0,64.0
-21.06,1625449482.0,64.0
-24.48,1625449482.0,64.0
-28.03,1625449482.0,64.0
-31.9,1625449482.0,64.0
-36.25,1625449482.0,64.0
-41.11,1625449482.0,64.0
-46.29,1625449482.0,64.0
-51.32,1625449482.0,64.0
-55.51,1625449482.0,64.0
-58.04,1625449482.0,64.0
-58.17,1625449482.0,64.0
-55.46,1625449482.0,64.0
-49.91,1625449482.0,64.0
-41.98,1625449482.0,64.0
-32.41,1625449482.0,64.0
-22.02,1625449482.0,64.0
-11.47,1625449482.0,64.0
-1.19,1625449482.0,64.0
8.57,1625449482.0,64.0
17.62,1625449482.0,64.0
25.64,1625449482.0,64.0
32.25,1625449482.0,64.0
37.11,1625449482.0,64.0
40.1,1625449482.0,64.0
41.41,1625449482.0,64.0
41.59,1625449482.0,64.0
41.24,1625449482.0,64.0
40.86,1625449482.0,64.0
40.65,1625449482.0,64.0
40.45,1625449482.0,64.0
39.95,1625449482.0,64.0
38.83,1625449482.0,64.0
36.92,1625449482.0,64.0
34.25,1625449482.0,64.0
30.97,1625449482.0,64.0
27.33,1625449482.0,64.0
23.51,1625449482.0,64.0
19.67,1625449482.0,64.0
15.9,1625449482.0,64.0
12.26,1625449482.0,64.0
8.78,1625449482.0,64.0
5.46,1625449482.0,64.0
2.26,1625449482.0,64.0
-0.88,1625449482.0,64.0
-4.02,1625449482.0,64.0
-7.17,1625449482.0,64.0
-10.33,1625449482.0,64.0
-13.47,1625449482.0,64.0
-16.57,1625449482.0,64.0
-19.63,1625449482.0,64.0
-22.69,1625449482.0,64.0
-25.85,1625449482.0,64.0
-29.22,1625449482.0,64.0
-32.91,1625449482.0,64.0
-36.99,1625449482.0,64.0
-41.41,1625449482.0,64.0
-45.98,1625449482.0,64.0
-50.29,1625449482.0,64.0
-53.74,1625449482.0,64.0
-55.62,1625449482.0,64.0
-55.22,1625449482.0,64.0
-52.1,1625449482.0,64.0
-46.18,1625449482.0,64.0
-37.88,1625449482.0,64.0
-27.96,1625449482.0,64.0
-17.29,1625449482.0,64.0
-6.61,1625449482.0,64.0
3.62,1625449482.0,64.0
13.15,1625449482.0,64.0
21.82,1625449482.0,64.0
29.34,1625449482.0,64.0
35.34,1625449482.0,64.0
39.48,1625449482.0,64.0
41.7,1625449482.0,64.0
42.3,1625449482.0,64.0
41.88,1625449482.0,64.0
41.11,1625449482.0,64.0
40.43,1625449482.0,64.0
39.97,1625449482.0,64.0
39.54,1625449482.0,64.0
38.86,1625449482.0,64.0
37.74,1625449482.0,64.0
36.13,1625449482.0,64.0
34.12,1625449482.0,64.0
31.83,1625449482.0,64.0
29.29,1625449482.0,64.0
26.51,1625449482.0,64.0
23.45,1625449482.0,64.0
20.14,1625449482.0,64.0
16.68,1625449482.0,64.0
13.22,1625449482.0,64.0
9.9,1625449482.0,64.0
6.83,1625449482.0,64.0
3.99,1625449482.0,64.0
1.28,1625449482.0,64.0
-1.46,1625449482.0,64.0
-4.38,1625449482.0,64.0
-7.53,1625449482.0,64.0
-10.88,1625449482.0,64.0
-14.36,1625449482.0,64.0
-17.87,1625449482.0,64.0
-21.43,1625449482.0,64.0
-25.11,1625449482.0,64.0
-29.05,1625449482.0,64.0
-33.31,1625449482.0,64.0
-37.81,1625449482.0,64.0
-42.21,1625449482.0,64.0
-45.96,1625449482.0,64.0
-48.29,1625449482.0,64.0
-48.48,1625449482.0,64.0
-46.04,1625449482.0,64.0
-40.9,1625449482.0,64.0
-33.43,1625449482.0,64.0
-24.34,1625449482.0,64.0
-14.44,1625449482.0,64.0
-4.49,1625449482.0,64.0
4.95,1625449482.0,64.0
13.48,1625449482.0,64.0
20.77,1625449482.0,64.0
26.54,1625449482.0,64.0
30.59,1625449482.0,64.0
32.85,1625449482.0,64.0
33.56,1625449482.0,64.0
33.17,1625449482.0,64.0
32.28,1625449482.0,64.0
31.37,1625449482.0,64.0
30.69,1625449482.0,64.0
30.21,1625449482.0,64.0
29.65,1625449482.0,64.0
28.71,1625449482.0,64.0
27.19,1625449482.0,64.0
25.1,1625449482.0,64.0
22.56,1625449482.0,64.0
19.77,1625449482.0,64.0
16.84,1625449482.0,64.0
13.84,1625449482.0,64.0
10.81,1625449482.0,64.0
7.8,1625449482.0,64.0
4.88,1625449482.0,64.0
2.14,1625449482.0,64.0
-0.38,1625449482.0,64.0
-2.65,1625449482.0,64.0
-4.73,1625449482.0,64.0
-6.71,1625449482.0,64.0
-8.7,1625449482.0,64.0
-10.83,1625449482.0,64.0
-13.26,1625449482.0,64.0
-16.09,1625449482.0,64.0
-19.39,1625449482.0,64.0
-23.11,1625449482.0,64.0
-27.15,1625449482.0,64.0
-31.39,1625449482.0,64.0
-35.73,1625449482.0,64.0
-40.06,1625449482.0,64.0
-44.09,1625449482.0,64.0
-47.34,1625449482.0,64.0
-49.07,1625449482.0,64.0
-48.52,1625449482.0,64.0
-45.2,1625449482.0,64.0
-39.06,1625449482.0,64.0
-30.64,1625449482.0,64.0
-20.83,1625449482.0,64.0
-10.59,1625449482.0,64.0
-0.7,1625449482.0,64.0
8.42,1625449482.0,64.0
16.56,1625449482.0,64.0
23.63,1625449482.0,64.0
29.44,1625449482.0,64.0
33.77,1625449482.0,64.0
36.44,1625449482.0,64.0
37.56,1625449482.0,64.0
37.55,1625449482.0,64.0
37.04,1625449482.0,64.0
36.67,1625449482.0,64.0
36.79,1625449482.0,64.0
37.34,1625449482.0,64.0
37.9,1625449482.0,64.0
37.91,1625449482.0,64.0
36.9,1625449482.0,64.0
34.68,1625449482.0,64.0
31.4,1625449482.0,64.0
27.36,1625449482.0,64.0
22.98,1625449482.0,64.0
18.56,1625449482.0,64.0
14.32,1625449482.0,64.0
10.32,1625449482.0,64.0
6.54,1625449482.0,64.0
2.91,1625449482.0,64.0
-0.66,1625449482.0,64.0
-4.19,1625449482.0,64.0
-7.68,1625449482.0,64.0
-11.04,1625449482.0,64.0
-14.21,1625449482.0,64.0
-17.19,1625449482.0,64.0
-20.09,1625449482.0,64.0
-23.08,1625449482.0,64.0
-26.35,1625449482.0,64.0
-30.0,1625449482.0,64.0
-34.06,1625449482.0,64.0
-38.46,1625449482.0,64.0
-43.06,1625449482.0,64.0
-47.64,1625449482.0,64.0
-51.82,1625449482.0,64.0
-55.02,1625449482.0,64.0
-56.55,1625449482.0,64.0
-55.72,1625449482.0,64.0
-52.1,1625449482.0,64.0
-45.7,1625449482.0,64.0
-37.0,1625449482.0,64.0
-26.84,1625449482.0,64.0
-16.07,1625449482.0,64.0
-5.36,1625449482.0,64.0
4.94,1625449482.0,64.0
14.65,1625449482.0,64.0
23.61,1625449482.0,64.0
31.44,1625449482.0,64.0
37.62,1625449482.0,64.0
41.7,1625449482.0,64.0
43.58,1625449482.0,64.0
43.66,1625449482.0,64.0
42.72,1625449482.0,64.0
41.67,1625449482.0,64.0
41.09,1625449482.0,64.0
41.05,1625449482.0,64.0
41.18,1625449482.0,64.0
40.91,1625449482.0,64.0
39.79,1625449482.0,64.0
37.68,1625449482.0,64.0
34.75,1625449482.0,64.0
31.32,1625449482.0,64.0
27.66,1625449482.0,64.0
23.95,1625449482.0,64.0
20.23,1625449482.0,64.0
16.57,1625449482.0,64.0
12.98,1625449482.0,64.0
9.52,1625449482.0,64.0
6.21,1625449482.0,64.0
3.03,1625449482.0,64.0
-0.06,1625449482.0,64.0
-3.09,1625449482.0,64.0
-6.08,1625449482.0,64.0
-9.04,1625449482.0,64.0
-12.01,1625449482.0,64.0
-15.05,1625449482.0,64.0
-18.27,1625449482.0,64.0
-21.75,1625449482.0,64.0
-25.52,1625449482.0,64.0
-29.59,1625449482.0,64.0
-33.91,1625449482.0,64.0
-38.39,1625449482.0,64.0
-42.82,1625449482.0,64.0
-46.77,1625449482.0,64.0
-49.61,1625449482.0,64.0
-50.62,1625449482.0,64.0
-49.2,1625449482.0,64.0
-45.15,1625449482.0,64.0
-38.74,1625449482.0,64.0
-30.66,1625449482.0,64.0
-21.77,1625449482.0,64.0
-12.74,1625449482.0,64.0
-3.92,1625449482.0,64.0
4.57,1625449482.0,64.0
12.7,1625449482.0,64.0
20.25,1625449482.0,64.0
26.82,1625449482.0,64.0
31.89,1625449482.0,64.0
35.12,1625449482.0,64.0
36.54,1625449482.0,64.0
36.61,1625449482.0,64.0
36.01,1625449482.0,64.0
35.38,1625449482.0,64.0
35.05,1625449482.0,64.0
34.96,1625449482.0,64.0
34.75,1625449482.0,64.0
33.99,1625449482.0,64.0
32.43,1625449482.0,64.0
30.11,1625449482.0,64.0
27.3,1625449482.0,64.0
24.3,1625449482.0,64.0
21.32,1625449482.0,64.0
18.35,1625449482.0,64.0
15.25,1625449482.0,64.0
11.87,1625449482.0,64.0
8.14,1625449482.0,64.0
4.17,1625449482.0,64.0
0.16,1625449482.0,64.0
-3.67,1625449482.0,64.0
-7.22,1625449482.0,64.0
-10.45,1625449482.0,64.0
-13.41,1625449482.0,64.0
-16.2,1625449482.0,64.0
-18.88,1625449482.0,64.0
-21.5,1625449482.0,64.0
-24.15,1625449482.0,64.0
-26.93,1625449482.0,64.0
-29.99,1625449482.0,64.0
-33.48,1625449482.0,64.0
-37.49,1625449482.0,64.0
-41.94,1625449482.0,64.0
-46.45,1625449482.0,64.0
-50.39,1625449482.0,64.0
-52.9,1625449482.0,64.0
-53.14,1625449482.0,64.0
-50.55,1625449482.0,64.0
-45.04,1625449482.0,64.0
-37.06,1625449482.0,64.0
-27.44,1625449482.0,64.0
-17.12,1625449482.0,64.0
-6.88,1625449482.0,64.0
2.85,1625449482.0,64.0
11.87,1625449482.0,64.0
20.06,1625449482.0,64.0
27.2,1625449482.0,64.0
32.92,1625449482.0,64.0
36.86,1625449482.0,64.0
38.9,1625449482.0,64.0
39.29,1625449482.0,64.0
38.64,1625449482.0,64.0
37.69,1625449482.0,64.0
37.03,1625449482.0,64.0
36.85,1625449482.0,64.0
36.94,1625449482.0,64.0
36.83,1625449482.0,64.0
36.06,1625449482.0,64.0
34.4,1625449482.0,64.0
31.85,1625449482.0,64.0
28.68,1625449482.0,64.0
25.19,1625449482.0,64.0
21.66,1625449482.0,64.0
18.19,1625449482.0,64.0
14.83,1625449482.0,64.0
11.56,1625449482.0,64.0
8.36,1625449482.0,64.0
5.25,1625449482.0,64.0
2.25,1625449482.0,64.0
-0.62,1625449482.0,64.0
-3.4,1625449482.0,64.0
-6.15,1625449482.0,64.0
-8.93,1625449482.0,64.0
-11.83,1625449482.0,64.0
-14.86,1625449482.0,64.0
-18.04,1625449482.0,64.0
-21.35,1625449482.0,64.0
-24.81,1625449482.0,64.0
-28.41,1625449482.0,64.0
-32.21,1625449482.0,64.0
-36.19,1625449482.0,64.0
-40.26,1625449482.0,64.0
-44.15,1625449482.0,64.0
-47.35,1625449482.0,64.0
-49.19,1625449482.0,64.0
-48.98,1625449482.0,64.0
-46.24,1625449482.0,64.0
-40.94,1625449482.0,64.0
-33.46,1625449482.0,64.0
-24.51,1625449482.0,64.0
-14.89,1625449482.0,64.0
-5.21,1625449482.0,64.0
4.13,1625449482.0,64.0
12.84,1625449482.0,64.0
20.63,1625449482.0,64.0
27.09,1625449482.0,64.0
31.82,1625449482.0,64.0
34.62,1625449482.0,64.0
35.67,1625449482.0,64.0
35.49,1625449482.0,64.0
34.78,1625449482.0,64.0
34.13,1625449482.0,64.0
33.8,1625449482.0,64.0
33.7,1625449482.0,64.0
33.54,1625449482.0,64.0
33.0,1625449482.0,64.0
31.91,1625449482.0,64.0
30.28,1625449482.0,64.0
28.23,1625449482.0,64.0
25.88,1625449482.0,64.0
23.34,1625449482.0,64.0
20.61,1625449482.0,64.0
17.74,1625449482.0,64.0
14.74,1625449482.0,64.0
11.63,1625449482.0,64.0
8.46,1625449482.0,64.0
5.3,1625449482.0,64.0
2.17,1625449482.0,64.0
-0.92,1625449482.0,64.0
-3.97,1625449482.0,64.0
-7.02,1625449482.0,64.0
-10.09,1625449482.0,64.0
-13.21,1625449482.0,64.0
-16.43,1625449482.0,64.0
-19.78,1625449482.0,64.0
-23.3,1625449482.0,64.0
-27.03,1625449482.0,64.0
-31.03,1625449482.0,64.0
-35.34,1625449482.0,64.0
-39.92,1625449482.0,64.0
-44.54,1625449482.0,64.0
-48.74,1625449482.0,64.0
-51.84,1625449482.0,64.0
-53.14,1625449482.0,64.0
-52.04,1625449482.0,64.0
-48.32,1625449482.0,64.0
-42.17,1625449482.0,64.0
-34.13,1625449482.0,64.0
-24.9,1625449482.0,64.0
-15.13,1625449482.0,64.0
-5.37,1625449482.0,64.0
3.94,1625449482.0,64.0
12.38,1625449482.0,64.0
19.5,1625449482.0,64.0
24.9,1625449482.0,64.0
28.37,1625449482.0,64.0
29.99,1625449482.0,64.0
30.18,1625449482.0,64.0
29.59,1625449482.0,64.0
28.85,1625449482.0,64.0
28.39,1625449482.0,64.0
28.32,1625449482.0,64.0
28.43,1625449482.0,64.0
28.36,1625449482.0,64.0
27.73,1625449482.0,64.0
26.29,1625449482.0,64.0
24.02,1625449482.0,64.0
21.11,1625449482.0,64.0
17.87,1625449482.0,64.0
14.64,1625449482.0,64.0
11.64,1625449482.0,64.0
8.93,1625449482.0,64.0
6.39,1625449482.0,64.0
3.82,1625449482.0,64.0
1.04,1625449482.0,64.0
-1.99,1625449482.0,64.0
-5.16,1625449482.0,64.0
-8.27,1625449482.0,64.0
-11.16,1625449482.0,64.0
-13.8,1625449482.0,64.0
-16.3,1625449482.0,64.0
-18.83,1625449482.0,64.0
-21.57,1625449482.0,64.0
-24.61,1625449482.0,64.0
-27.96,1625449482.0,64.0
-31.59,1625449482.0,64.0
-35.44,1625449482.0,64.0
-39.36,1625449482.0,64.0
-42.99,1625449482.0,64.0
-45.73,1625449482.0,64.0
-46.82,1625449482.0,64.0
-45.55,1625449482.0,64.0
-41.56,1625449482.0,64.0
-35.01,1625449482.0,64.0
-26.51,1625449482.0,64.0
-16.99,1625449482.0,64.0
-7.31,1625449482.0,64.0
1.95,1625449482.0,64.0
10.46,1625449482.0,64.0
18.03,1625449482.0,64.0
24.43,1625449482.0,64.0
29.35,1625449482.0,64.0
32.51,1625449482.0,64.0
33.89,1625449482.0,64.0
33.85,1625449482.0,64.0
33.05,1625449482.0,64.0
32.21,1625449482.0,64.0
31.81,1625449482.0,64.0
31.88,1625449482.0,64.0
32.05,1625449482.0,64.0
31.78,1625449482.0,64.0
30.62,1625449482.0,64.0
28.44,1625449482.0,64.0
25.46,1625449482.0,64.0
22.1,1625449482.0,64.0
18.76,1625449482.0,64.0
15.66,1625449482.0,64.0
12.75,1625449482.0,64.0
9.85,1625449482.0,64.0
6.76,1625449482.0,64.0
3.4,1625449482.0,64.0
-0.14,1625449482.0,64.0
-3.68,1625449482.0,64.0
-7.04,1625449482.0,64.0
-10.17,1625449482.0,64.0
-13.16,1625449482.0,64.0
-16.22,1625449482.0,64.0
-19.51,1625449482.0,64.0
-23.12,1625449482.0,64.0
-27.05,1625449482.0,64.0
-31.23,1625449482.0,64.0
-35.61,1625449482.0,64.0
-40.11,1625449482.0,64.0
-44.56,1625449482.0,64.0
-48.58,1625449482.0,64.0
-51.52,1625449482.0,64.0
-52.63,1625449482.0,64.0
-51.22,1625449482.0,64.0
-46.94,1625449482.0,64.0
-39.99,1625449482.0,64.0
-31.01,1625449482.0,64.0
-20.88,1625449482.0,64.0
-10.42,1625449482.0,64.0
-0.17,1625449482.0,64.0
9.55,1625449482.0,64.0
18.58,1625449482.0,64.0
26.62,1625449482.0,64.0
33.26,1625449482.0,64.0
38.1,1625449482.0,64.0
40.93,1625449482.0,64.0
41.93,1625449482.0,64.0
41.64,1625449482.0,64.0
40.8,1625449482.0,64.0
40.01,1625449482.0,64.0
39.54,1625449482.0,64.0
39.3,1625449482.0,64.0
38.89,1625449482.0,64.0
37.91,1625449482.0,64.0
36.1,1625449482.0,64.0
33.44,1625449482.0,64.0
30.14,1625449482.0,64.0
26.51,1625449482.0,64.0
22.83,1625449482.0,64.0
19.22,1625449482.0,64.0
15.73,1625449482.0,64.0
12.26,1625449482.0,64.0
8.71,1625449482.0,64.0
5.02,1625449482.0,64.0
1.22,1625449482.0,64.0
-2.59,1625449482.0,64.0
-6.3,1625449482.0,64.0
-9.83,1625449482.0,64.0
-13.22,1625449482.0,64.0
-16.58,1625449482.0,64.0
-20.04,1625449482.0,64.0
-23.68,1625449482.0,64.0
-27.5,1625449482.0,64.0
-31.47,1625449482.0,64.0
-35.56,1625449482.0,64.0
-39.74,1625449482.0,64.0
-43.96,1625449482.0,64.0
-47.98,1625449482.0,64.0
-51.31,1625449482.0,64.0
-53.2,1625449482.0,64.0
-52.89,1625449482.0,64.0
-49.85,1625449482.0,64.0
-44.06,1625449482.0,64.0
-35.98,1625449482.0,64.0
-26.46,1625449482.0,64.0
-16.35,1625449482.0,64.0
-6.31,1625449482.0,64.0
3.29,1625449482.0,64.0
12.27,1625449482.0,64.0
20.42,1625449482.0,64.0
27.43,1625449482.0,64.0
32.94,1625449482.0,64.0
36.7,1625449482.0,64.0
38.7,1625449482.0,64.0
39.32,1625449482.0,64.0
39.12,1625449482.0,64.0
38.68,1625449482.0,64.0
38.4,1625449482.0,64.0
38.35,1625449482.0,64.0
38.34,1625449482.0,64.0
38.11,1625449482.0,64.0
37.38,1625449482.0,64.0
36.02,1625449482.0,64.0
33.98,1625449482.0,64.0
31.31,1625449482.0,64.0
28.1,1625449482.0,64.0
24.49,1625449482.0,64.0
20.66,1625449482.0,64.0
16.81,1625449482.0,64.0
13.09,1625449482.0,64.0
9.56,1625449482.0,64.0
6.2,1625449482.0,64.0
2.86,1625449482.0,64.0
-0.59,1625449482.0,64.0
-4.21,1625449482.0,64.0
-8.0,1625449482.0,64.0
-11.87,1625449482.0,64.0
-15.7,1625449482.0,64.0
-19.41,1625449482.0,64.0
-22.97,1625449482.0,64.0
-26.36,1625449482.0,64.0
-29.65,1625449482.0,64.0
-32.94,1625449482.0,64.0
-36.42,1625449482.0,64.0
-40.28,1625449482.0,64.0
-44.55,1625449482.0,64.0
-49.03,1625449482.0,64.0
-53.11,1625449482.0,64.0
-55.96,1625449482.0,64.0
-56.68,1625449482.0,64.0
-54.6,1625449482.0,64.0
-49.55,1625449482.0,64.0
-41.87,1625449482.0,64.0
-32.3,1625449482.0,64.0
-21.71,1625449482.0,64.0
-10.82,1625449482.0,64.0
-0.14,1625449482.0,64.0
10.05,1625449482.0,64.0
19.5,1625449482.0,64.0
27.86,1625449482.0,64.0
34.72,1625449482.0,64.0
39.66,1625449482.0,64.0
42.52,1625449482.0,64.0
43.51,1625449482.0,64.0
43.2,1625449482.0,64.0
42.38,1625449482.0,64.0
41.71,1625449482.0,64.0
41.5,1625449482.0,64.0
41.64,1625449482.0,64.0
41.69,1625449482.0,64.0
41.17,1625449482.0,64.0
39.79,1625449482.0,64.0
37.55,1625449482.0,64.0
34.69,1625449482.0,64.0
31.45,1625449482.0,64.0
27.96,1625449482.0,64.0
24.25,1625449482.0,64.0
20.27,1625449482.0,64.0
16.13,1625449482.0,64.0
12.04,1625449482.0,64.0
8.29,1625449482.0,64.0
5.04,1625449482.0,64.0
2.2,1625449482.0,64.0
-0.47,1625449482.0,64.0
-3.32,1625449482.0,64.0
-6.51,1625449482.0,64.0
-10.03,1625449482.0,64.0
-13.65,1625449482.0,64.0
-17.13,1625449482.0,64.0
-20.34,1625449482.0,64.0
-23.31,1625449482.0,64.0
-26.24,1625449482.0,64.0
-29.41,1625449482.0,64.0
-33.05,1625449482.0,64.0
-37.26,1625449482.0,64.0
-41.89,1625449482.0,64.0
-46.51,1625449482.0,64.0
-50.35,1625449482.0,64.0
-52.54,1625449482.0,64.0
-52.27,1625449482.0,64.0
-49.1,1625449482.0,64.0
-43.12,1625449482.0,64.0
-34.87,1625449482.0,64.0
-25.14,1625449482.0,64.0
-14.73,1625449482.0,64.0
-4.25,1625449482.0,64.0
5.89,1625449482.0,64.0
15.36,1625449482.0,64.0
23.78,1625449482.0,64.0
30.68,1625449482.0,64.0
35.69,1625449482.0,64.0
38.65,1625449482.0,64.0
39.76,1625449482.0,64.0
39.52,1625449482.0,64.0
38.55,1625449482.0,64.0
37.38,1625449482.0,64.0
36.28,1625449482.0,64.0
35.27,1625449482.0,64.0
34.24,1625449482.0,64.0
33.05,1625449482.0,64.0
31.64,1625449482.0,64.0
29.99,1625449482.0,64.0
28.09,1625449482.0,64.0
25.88,1625449482.0,64.0
23.33,1625449482.0,64.0
20.42,1625449482.0,64.0
17.2,1625449482.0,64.0
13.82,1625449482.0,64.0
10.42,1625449482.0,64.0
7.12,1625449482.0,64.0
3.97,1625449482.0,64.0
0.95,1625449482.0,64.0
-1.96,1625449482.0,64.0
-4.81,1625449482.0,64.0
-7.64,1625449482.0,64.0
-10.51,1625449482.0,64.0
-13.49,1625449482.0,64.0
-16.64,1625449482.0,64.0
-19.98,1625449482.0,64.0
-23.51,1625449482.0,64.0
-27.21,1625449482.0,64.0
-31.06,1625449482.0,64.0
-35.1,1625449482.0,64.0
-39.33,1625449482.0,64.0
-43.66,1625449482.0,64.0
-47.81,1625449482.0,64.0
-51.29,1625449482.0,64.0
-53.42,1625449482.0,64.0
-53.52,1625449482.0,64.0
-51.09,1625449482.0,64.0
-46.01,1625449482.0,64.0
-38.63,1625449482.0,64.0
-29.6,1625449482.0,64.0
-19.75,1625449482.0,64.0
-9.79,1625449482.0,64.0
-0.23,1625449482.0,64.0
8.62,1625449482.0,64.0
16.53,1625449482.0,64.0
23.23,1625449482.0,64.0
28.36,1625449482.0,64.0
31.71,1625449482.0,64.0
33.27,1625449482.0,64.0
33.44,1625449482.0,64.0
32.84,1625449482.0,64.0
32.2,1625449482.0,64.0
31.96,1625449482.0,64.0
32.18,1625449482.0,64.0
32.55,1625449482.0,64.0
32.56,1625449482.0,64.0
31.81,1625449482.0,64.0
30.14,1625449482.0,64.0
27.69,1625449482.0,64.0
24.76,1625449482.0,64.0
21.65,1625449482.0,64.0
18.53,1625449482.0,64.0
15.45,1625449482.0,64.0
12.37,1625449482.0,64.0
9.23,1625449482.0,64.0
6.03,1625449482.0,64.0
2.83,1625449482.0,64.0
-0.3,1625449482.0,64.0
-3.29,1625449482.0,64.0
-6.09,1625449482.0,64.0
-8.71,1625449482.0,64.0
-11.22,1625449482.0,64.0
-13.74,1625449482.0,64.0
-16.43,1625449482.0,64.0
-19.42,1625449482.0,64.0
-22.81,1625449482.0,64.0
-26.58,1625449482.0,64.0
-30.67,1625449482.0,64.0
-34.93,1625449482.0,64.0
-39.15,1625449482.0,64.0
-42.95,1625449482.0,64.0
-45.75,1625449482.0,64.0
-46.87,1625449482.0,64.0
-45.65,1625449482.0,64.0
-41.74,1625449482.0,64.0
-35.21,1625449482.0,64.0
-26.63,1625449482.0,64.0
-16.84,1625449482.0,64.0
-6.7,1625449482.0,64.0
3.14,1625449482.0,64.0
12.26,1625449482.0,64.0
20.41,1625449482.0,64.0
27.33,1625449482.0,64.0
32.69,1625449482.0,64.0
36.17,1625449482.0,64.0
37.69,1625449482.0,64.0
37.56,1625449482.0,64.0
36.47,1625449482.0,64.0
35.22,1625449482.0,64.0
34.42,1625449482.0,64.0
34.3,1625449482.0,64.0
34.61,1625449482.0,64.0
34.83,1625449482.0,64.0
34.46,1625449482.0,64.0
33.16,1625449482.0,64.0
30.88,1625449482.0,64.0
27.8,1625449482.0,64.0
24.24,1625449482.0,64.0
20.51,1625449482.0,64.0
16.87,1625449482.0,64.0
13.48,1625449482.0,64.0
10.36,1625449482.0,64.0
7.34,1625449482.0,64.0
4.19,1625449482.0,64.0
0.7,1625449482.0,64.0
-3.21,1625449482.0,64.0
-7.46,1625449482.0,64.0
-11.84,1625449482.0,64.0
-16.13,1625449482.0,64.0
-20.23,1625449482.0,64.0
-24.14,1625449482.0,64.0
-27.92,1625449482.0,64.0
-31.61,1625449482.0,64.0
-35.22,1625449482.0,64.0
-38.73,1625449482.0,64.0
-42.18,1625449482.0,64.0
-45.6,1625449482.0,64.0
-48.98,1625449482.0,64.0
-52.12,1625449482.0,64.0
-54.56,1625449482.0,64.0
-55.62,1625449482.0,64.0
-54.61,1625449482.0,64.0
-51.11,1625449482.0,64.0
-45.1,1625449482.0,64.0
-37.04,1625449482.0,64.0
-27.63,1625449482.0,64.0
-17.6,1625449482.0,64.0
-7.46,1625449482.0,64.0
2.48,1625449482.0,64.0
12.05,1625449482.0,64.0
20.98,1625449482.0,64.0
28.88,1625449482.0,64.0
35.2,1625449482.0,64.0
39.55,1625449482.0,64.0
41.83,1625449482.0,64.0
42.37,1625449482.0,64.0
41.82,1625449482.0,64.0
40.9,1625449482.0,64.0
40.11,1625449482.0,64.0
39.6,1625449482.0,64.0
39.19,1625449482.0,64.0
38.54,1625449482.0,64.0
37.36,1625449482.0,64.0
35.52,1625449482.0,64.0
33.05,1625449482.0,64.0
30.12,1625449482.0,64.0
26.87,1625449482.0,64.0
23.41,1625449482.0,64.0
19.81,1625449482.0,64.0
16.11,1625449482.0,64.0
12.4,1625449482.0,64.0
8.73,1625449482.0,64.0
5.15,1625449482.0,64.0
1.65,1625449482.0,64.0
-1.81,1625449482.0,64.0
-5.28,1625449482.0,64.0
-8.8,1625449482.0,64.0
-12.36,1625449482.0,64.0
-15.95,1625449482.0,64.0
-19.56,1625449482.0,64.0
-23.2,1625449482.0,64.0
-26.86,1625449482.0,64.0
-30.59,1625449482.0,64.0
-34.43,1625449482.0,64.0
-38.44,1625449482.0,64.0
-42.71,1625449482.0,64.0
-47.13,1625449482.0,64.0
-51.41,1625449482.0,64.0
-54.91,1625449482.0,64.0
-56.8,1625449482.0,64.0
-56.27,1625449482.0,64.0
-52.85,1625449482.0,64.0
-46.57,1625449482.0,64.0
-37.97,1625449482.0,64.0
-27.9,1625449482.0,64.0
-17.2,1625449482.0,64.0
-6.5,1625449482.0,64.0
3.82,1625449482.0,64.0
13.53,1625449482.0,64.0
22.33,1625449482.0,64.0
29.82,1625449482.0,64.0
35.55,1625449482.0,64.0
39.24,1625449482.0,64.0
40.91,1625449482.0,64.0
40.97,1625449482.0,64.0
40.05,1625449482.0,64.0
38.81,1625449482.0,64.0
37.76,1625449482.0,64.0
37.09,1625449482.0,64.0
36.68,1625449482.0,64.0
36.22,1625449482.0,64.0
35.36,1625449482.0,64.0
33.84,1625449482.0,64.0
31.55,1625449482.0,64.0
28.59,1625449482.0,64.0
25.15,1625449482.0,64.0
21.44,1625449482.0,64.0
17.65,1625449482.0,64.0
13.87,1625449482.0,64.0
10.16,1625449482.0,64.0
6.51,1625449482.0,64.0
2.94,1625449482.0,64.0
-0.5,1625449482.0,64.0
-3.76,1625449482.0,64.0
-6.77,1625449482.0,64.0
-9.52,1625449482.0,64.0
-12.09,1625449482.0,64.0
-14.63,1625449482.0,64.0
-17.32,1625449482.0,64.0
-20.34,1625449482.0,64.0
-23.74,1625449482.0,64.0
-27.5,1625449482.0,64.0
-31.57,1625449482.0,64.0
-35.89,1625449482.0,64.0
-40.44,1625449482.0,64.0
-45.08,1625449482.0,64.0
-49.46,1625449482.0,64.0
-52.89,1625449482.0,64.0
-54.54,1625449482.0,64.0
-53.58,1625449482.0,64.0
-49.57,1625449482.0,64.0
-42.71,1625449482.0,64.0
-33.7,1625449482.0,64.0
-23.55,1625449482.0,64.0
-13.19,1625449482.0,64.0
-3.17,1625449482.0,64.0
6.29,1625449482.0,64.0
15.11,1625449482.0,64.0
23.07,1625449482.0,64.0
29.78,1625449482.0,64.0
34.71,1625449482.0,64.0
37.6,1625449482.0,64.0
38.61,1625449482.0,64.0
38.33,1625449482.0,64.0
37.6,1625449482.0,64.0
37.09,1625449482.0,64.0
37.05,1625449482.0,64.0
37.26,1625449482.0,64.0
37.25,1625449482.0,64.0
36.57,1625449482.0,64.0
35.04,1625449482.0,64.0
32.77,1625449482.0,64.0
30.09,1625449482.0,64.0
27.27,1625449482.0,64.0
24.45,1625449482.0,64.0
21.6,1625449482.0,64.0
18.62,1625449482.0,64.0
15.41,1625449482.0,64.0
11.97,1625449482.0,64.0
8.4,1625449482.0,64.0
4.87,1625449482.0,64.0
1.54,1625449482.0,64.0
-1.51,1625449482.0,64.0
-4.24,1625449482.0,64.0
-6.73,1625449482.0,64.0
-9.11,1625449482.0,64.0
-11.56,1625449482.0,64.0
-14.26,1625449482.0,64.0
-17.36,1625449482.0,64.0
-20.91,1625449482.0,64.0
-24.91,1625449482.0,64.0
-29.28,1625449482.0,64.0
-33.97,1625449482.0,64.0
-38.93,1625449482.0,64.0
-44.04,1625449482.0,64.0
-48.98,1625449482.0,64.0
-53.13,1625449482.0,64.0
-55.69,1625449482.0,64.0
-55.83,1625449482.0,64.0
-53.0,1625449482.0,64.0
-47.2,1625449482.0,64.0
-38.92,1625449482.0,64.0
-29.04,1625449482.0,64.0
-18.44,1625449482.0,64.0
-7.81,1625449482.0,64.0
2.45,1625449482.0,64.0
12.08,1625449482.0,64.0
20.81,1625449482.0,64.0
28.2,1625449482.0,64.0
33.78,1625449482.0,64.0
37.25,1625449482.0,64.0
38.71,1625449482.0,64.0
38.71,1625449482.0,64.0
38.03,1625449482.0,64.0
37.38,1625449482.0,64.0
37.15,1625449482.0,64.0
37.22,1625449482.0,64.0
37.2,1625449482.0,64.0
36.6,1625449482.0,64.0
35.12,1625449482.0,64.0
32.76,1625449482.0,64.0
29.79,1625449482.0,64.0
26.56,1625449482.0,64.0
23.35,1625449482.0,64.0
20.27,1625449482.0,64.0
17.31,1625449482.0,64.0
14.37,1625449482.0,64.0
11.37,1625449482.0,64.0
8.32,1625449482.0,64.0
5.26,1625449482.0,64.0
2.26,1625449482.0,64.0
-0.65,1625449482.0,64.0
-3.49,1625449482.0,64.0
-6.29,1625449482.0,64.0
-9.1,1625449482.0,64.0
-11.93,1625449482.0,64.0
-14.76,1625449482.0,64.0
-17.59,1625449482.0,64.0
-20.43,1625449482.0,64.0
-23.36,1625449482.0,64.0
-26.55,1625449482.0,64.0
-30.18,1625449482.0,64.0
-34.35,1625449482.0,64.0
-38.98,1625449482.0,64.0
-43.64,1625449482.0,64.0
-47.67,1625449482.0,64.0
-50.2,1625449482.0,64.0
-50.44,1625449482.0,64.0
-47.91,1625449482.0,64.0
-42.62,1625449482.0,64.0
-35.04,1625449482.0,64.0
-25.97,1625449482.0,64.0
-16.25,1625449482.0,64.0
-6.56,1625449482.0,64.0
2.6,1625449482.0,64.0
10.88,1625449482.0,64.0
17.91,1625449482.0,64.0
23.35,1625449482.0,64.0
26.95,1625449482.0,64.0
28.7,1625449482.0,64.0
28.96,1625449482.0,64.0
28.35,1625449482.0,64.0
27.56,1625449482.0,64.0
27.09,1625449482.0,64.0
27.07,1625449482.0,64.0
27.32,1625449482.0,64.0
27.46,1625449482.0,64.0
27.14,1625449482.0,64.0
26.17,1625449482.0,64.0
24.5,1625449482.0,64.0
22.24,1625449482.0,64.0
19.53,1625449482.0,64.0
16.54,1625449482.0,64.0
13.39,1625449482.0,64.0
10.21,1625449482.0,64.0
7.06,1625449482.0,64.0
3.99,1625449482.0,64.0
0.99,1625449482.0,64.0
-1.93,1625449482.0,64.0
-4.73,1625449482.0,64.0
-7.36,1625449482.0,64.0
-9.79,1625449482.0,64.0
-12.04,1625449482.0,64.0
-14.21,1625449482.0,64.0
-16.44,1625449482.0,64.0
-18.88,1625449482.0,64.0
-21.64,1625449482.0,64.0
-24.81,1625449482.0,64.0
-28.39,1625449482.0,64.0
-32.34,1625449482.0,64.0
-36.43,1625449482.0,64.0
-40.23,1625449482.0,64.0
-43.07,1625449482.0,64.0
-44.2,1625449482.0,64.0
-43.01,1625449482.0,64.0
-39.22,1625449482.0,64.0
-32.99,1625449482.0,64.0
-24.88,1625449482.0,64.0
-15.61,1625449482.0,64.0
-5.93,1625449482.0,64.0
3.59,1625449482.0,64.0
12.5,1625449482.0,64.0
20.41,1625449482.0,64.0
26.9,1625449482.0,64.0
31.55,1625449482.0,64.0
34.13,1625449482.0,64.0
34.69,1625449482.0,64.0
33.7,1625449482.0,64.0
31.92,1625449482.0,64.0
30.19,1625449482.0,64.0
29.11,1625449482.0,64.0
28.85,1625449482.0,64.0
29.13,1625449482.0,64.0
29.38,1625449482.0,64.0
29.01,1625449482.0,64.0
27.71,1625449482.0,64.0
25.49,1625449482.0,64.0
22.65,1625449482.0,64.0
19.58,1625449482.0,64.0
16.53,1625449482.0,64.0
13.61,1625449482.0,64.0
10.72,1625449482.0,64.0
7.75,1625449482.0,64.0
4.57,1625449482.0,64.0
1.15,1625449482.0,64.0
-2.46,1625449482.0,64.0
-6.23,1625449482.0,64.0
-10.14,1625449482.0,64.0
-14.16,1625449482.0,64.0
-18.26,1625449482.0,64.0
-22.36,1625449482.0,64.0
-26.33,1625449482.0,64.0
-30.09,1625449482.0,64.0
-33.63,1625449482.0,64.0
-37.08,1625449482.0,64.0
-40.62,1625449482.0,64.0
-44.37,1625449482.0,64.0
-48.22,1625449482.0,64.0
-51.75,1625449482.0,64.0
-54.25,1625449482.0,64.0
-54.95,1625449482.0,64.0
-53.18,1625449482.0,64.0
-48.67,1625449482.0,64.0
-41.58,1625449482.0,64.0
-32.41,1625449482.0,64.0
-21.88,1625449482.0,64.0
-10.71,1625449482.0,64.0
0.49,1625449482.0,64.0
11.22,1625449482.0,64.0
21.02,1625449482.0,64.0
29.41,1625449482.0,64.0
35.94,1625449482.0,64.0
40.32,1625449482.0,64.0
42.57,1625449482.0,64.0
43.11,1625449482.0,64.0
42.7,1625449482.0,64.0
42.13,1625449482.0,64.0
41.96,1625449482.0,64.0
42.24,1625449482.0,64.0
42.6,1625449482.0,64.0
42.42,1625449482.0,64.0
41.19,1625449482.0,64.0
38.75,1625449482.0,64.0
35.36,1625449482.0,64.0
31.48,1625449482.0,64.0
27.6,1625449482.0,64.0
23.97,1625449482.0,64.0
20.58,1625449482.0,64.0
17.24,1625449482.0,64.0
13.8,1625449482.0,64.0
10.19,1625449482.0,64.0
6.51,1625449482.0,64.0
2.91,1625449482.0,64.0
-0.47,1625449482.0,64.0
-3.61,1625449482.0,64.0
-6.58,1625449482.0,64.0
-9.49,1625449482.0,64.0
-12.43,1625449482.0,64.0
-15.45,1625449482.0,64.0
-18.56,1625449482.0,64.0
-21.81,1625449482.0,64.0
-25.38,1625449482.0,64.0
-29.45,1625449482.0,64.0
-34.07,1625449482.0,64.0
-39.0,1625449482.0,64.0
-43.64,1625449482.0,64.0
-47.11,1625449482.0,64.0
-48.56,1625449482.0,64.0
-47.44,1625449482.0,64.0
-43.65,1625449482.0,64.0
-37.56,1625449482.0,64.0
-29.79,1625449482.0,64.0
-20.98,1625449482.0,64.0
-11.67,1625449482.0,64.0
-2.29,1625449482.0,64.0
6.69,1625449482.0,64.0
14.68,1625449482.0,64.0
21.05,1625449482.0,64.0
25.32,1625449482.0,64.0
27.38,1625449482.0,64.0
27.6,1625449482.0,64.0
26.72,1625449482.0,64.0
25.58,1625449482.0,64.0
24.78,1625449482.0,64.0
24.51,1625449482.0,64.0
24.51,1625449482.0,64.0
24.29,1625449482.0,64.0
23.37,1625449482.0,64.0
21.54,1625449482.0,64.0
18.93,1625449482.0,64.0
15.83,1625449482.0,64.0
12.6,1625449482.0,64.0
9.41,1625449482.0,64.0
6.26,1625449482.0,64.0
2.97,1625449482.0,64.0
-0.64,1625449482.0,64.0
-4.63,1625449482.0,64.0
-8.83,1625449482.0,64.0
-12.94,1625449482.0,64.0
-16.56,1625449482.0,64.0
-19.42,1625449482.0,64.0
-21.44,1625449482.0,64.0
-22.75,1625449482.0,64.0
-23.63,1625449482.0,64.0
-24.33,1625449482.0,64.0
-25.06,1625449482.0,64.0
-25.94,1625449482.0,64.0
-27.04,1625449482.0,64.0
-28.43,1625449482.0,64.0
-30.05,1625449482.0,64.0
-31.64,1625449482.0,64.0
-32.7,1625449482.0,64.0
-32.53,1625449482.0,64.0
-30.49,1625449482.0,64.0
-26.22,1625449482.0,64.0
-19.83,1625449482.0,64.0
-11.84,1625449482.0,64.0
-2.98,1625449482.0,64.0
6.09,1625449482.0,64.0
14.9,1625449482.0,64.0
23.09,1625449482.0,64.0
30.34,1625449482.0,64.0
36.22,1625449482.0,64.0
40.26,1625449482.0,64.0
42.26,1625449482.0,64.0
42.39,1625449482.0,64.0
41.28,1625449482.0,64.0
39.78,1625449482.0,64.0
38.66,1625449482.0,64.0
38.25,1625449482.0,64.0
38.41,1625449482.0,64.0
38.59,1625449482.0,64.0
38.19,1625449482.0,64.0
36.83,1625449482.0,64.0
34.5,1625449482.0,64.0
31.5,1625449482.0,64.0
28.27,1625449482.0,64.0
25.14,1625449482.0,64.0
22.22,1625449482.0,64.0
19.35,1625449482.0,64.0
16.24,1625449482.0,64.0
12.65,1625449482.0,64.0
8.53,1625449482.0,64.0
4.03,1625449482.0,64.0
-0.52,1625449482.0,64.0
-4.84,1625449482.0,64.0
-8.77,1625449482.0,64.0
-12.4,1625449482.0,64.0
-15.92,1625449482.0,64.0
-19.52,1625449482.0,64.0
-23.32,1625449482.0,64.0
-27.31,1625449482.0,64.0
-31.49,1625449482.0,64.0
-35.84,1625449482.0,64.0
-40.26,1625449482.0,64.0
-44.46,1625449482.0,64.0
-47.9,1625449482.0,64.0
-49.8,1625449482.0,64.0
-49.42,1625449482.0,64.0
-46.32,1625449482.0,64.0
-40.54,1625449482.0,64.0
-32.6,1625449482.0,64.0
-23.22,1625449482.0,64.0
-13.1,1625449482.0,64.0
-2.74,1625449482.0,64.0
7.48,1625449482.0,64.0
17.19,1625449482.0,64.0
25.83,1625449482.0,64.0
32.77,1625449482.0,64.0
37.52,1625449482.0,64.0
39.96,1625449482.0,64.0
40.47,1625449482.0,64.0
39.83,1625449482.0,64.0
38.86,1625449482.0,64.0
38.12,1625449482.0,64.0
37.73,1625449482.0,64.0
37.39,1625449482.0,64.0
36.65,1625449482.0,64.0
35.14,1625449482.0,64.0
32.74,1625449482.0,64.0
29.64,1625449482.0,64.0
26.12,1625449482.0,64.0
22.47,1625449482.0,64.0
18.79,1625449482.0,64.0
15.05,1625449482.0,64.0
11.13,1625449482.0,64.0
6.95,1625449482.0,64.0
2.6,1625449482.0,64.0
-1.74,1625449482.0,64.0
-5.85,1625449482.0,64.0
-9.6,1625449482.0,64.0
-13.03,1625449482.0,64.0
-16.28,1625449482.0,64.0
-19.53,1625449482.0,64.0
-22.91,1625449482.0,64.0
-26.44,1625449482.0,64.0
-30.12,1625449482.0,64.0
-33.99,1625449482.0,64.0
-38.15,1625449482.0,64.0
-42.73,1625449482.0,64.0
-47.69,1625449482.0,64.0
-52.69,1625449482.0,64.0
-57.06,1625449482.0,64.0
-59.92,1625449482.0,64.0
-60.47,1625449482.0,64.0
-58.19,1625449482.0,64.0
-53.04,1625449482.0,64.0
-45.42,1625449482.0,64.0
-36.02,1625449482.0,64.0
-25.6,1625449482.0,64.0
-14.84,1625449482.0,64.0
-4.29,1625449482.0,64.0
5.53,1625449482.0,64.0
14.13,1625449482.0,64.0
21.01,1625449482.0,64.0
25.77,1625449482.0,64.0
28.32,1625449482.0,64.0
28.93,1625449482.0,64.0
28.28,1625449482.0,64.0
27.19,1625449482.0,64.0
26.39,1625449482.0,64.0
26.21,1625449482.0,64.0
26.58,1625449482.0,64.0
27.14,1625449482.0,64.0
27.44,1625449482.0,64.0
27.23,1625449482.0,64.0
26.47,1625449482.0,64.0
25.3,1625449482.0,64.0
23.9,1625449482.0,64.0
22.32,1625449482.0,64.0
20.44,1625449482.0,64.0
18.07,1625449482.0,64.0
15.05,1625449482.0,64.0
11.41,1625449482.0,64.0
7.41,1625449482.0,64.0
3.46,1625449482.0,64.0
-0.05,1625449482.0,64.0
-2.92,1625449482.0,64.0
-5.25,1625449482.0,64.0
-7.41,1625449482.0,64.0
-9.86,1625449482.0,64.0
-12.96,1625449482.0,64.0
-16.82,1625449482.0,64.0
-21.3,1625449482.0,64.0
-26.08,1625449482.0,64.0
-30.81,1625449482.0,64.0
-35.07,1625449482.0,64.0
-38.48,1625449482.0,64.0
-40.57,1625449482.0,64.0
-40.87,1625449482.0,64.0
-38.98,1625449482.0,64.0
-34.81,1625449482.0,64.0
-28.6,1625449482.0,64.0
-20.85,1625449482.0,64.0
-12.16,1625449482.0,64.0
-3.03,1625449482.0,64.0
6.13,1625449482.0,64.0
14.94,1625449482.0,64.0
22.81,1625449482.0,64.0
28.98,1625449482.0,64.0
32.67,1625449482.0,64.0
33.52,1625449482.0,64.0
31.83,1625449482.0,64.0
28.62,1625449482.0,64.0
25.24,1625449482.0,64.0
22.85,1625449482.0,64.0
21.97,1625449482.0,64.0
22.43,1625449482.0,64.0
23.51,1625449482.0,64.0
24.48,1625449482.0,64.0
24.9,1625449482.0,64.0
24.72,1625449482.0,64.0
24.13,1625449482.0,64.0
23.26,1625449482.0,64.0
21.98,1625449482.0,64.0
19.97,1625449482.0,64.0
16.86,1625449482.0,64.0
12.5,1625449482.0,64.0
7.1,1625449482.0,64.0
1.16,1625449482.0,64.0
-4.75,1625449482.0,64.0
-10.16,1625449482.0,64.0
-14.89,1625449482.0,64.0
-19.09,1625449482.0,64.0
-23.04,1625449482.0,64.0
-27.08,1625449482.0,64.0
-31.42,1625449482.0,64.0
-36.13,1625449482.0,64.0
-41.1,1625449482.0,64.0
-46.13,1625449482.0,64.0
-50.88,1625449482.0,64.0
-54.91,1625449482.0,64.0
-57.63,1625449482.0,64.0
-58.38,1625449482.0,64.0
-56.62,1625449482.0,64.0
-52.09,1625449482.0,64.0
-44.91,1625449482.0,64.0
-35.59,1625449482.0,64.0
-24.84,1625449482.0,64.0
-13.35,1625449482.0,64.0
-1.66,1625449482.0,64.0
9.84,1625449482.0,64.0
20.85,1625449482.0,64.0
30.96,1625449482.0,64.0
39.66,1625449482.0,64.0
46.39,1625449482.0,64.0
50.72,1625449482.0,64.0
52.61,1625449482.0,64.0
52.41,1625449482.0,64.0
50.78,1625449482.0,64.0
48.39,1625449482.0,64.0
45.77,1625449482.0,64.0
43.08,1625449482.0,64.0
40.21,1625449482.0,64.0
37.01,1625449482.0,64.0
33.36,1625449482.0,64.0
29.39,1625449482.0,64.0
25.38,1625449482.0,64.0
21.6,1625449482.0,64.0
18.19,1625449482.0,64.0
15.08,1625449482.0,64.0
12.05,1625449482.0,64.0
8.85,1625449482.0,64.0
5.32,1625449482.0,64.0
1.48,1625449482.0,64.0
-2.48,1625449482.0,64.0
-6.29,1625449482.0,64.0
-9.71,1625449482.0,64.0
-12.64,1625449482.0,64.0
-15.15,1625449482.0,64.0
-17.45,1625449482.0,64.0
-19.85,1625449482.0,64.0
-22.66,1625449482.0,64.0
-26.15,1625449482.0,64.0
-30.47,1625449482.0,64.0
-35.58,1625449482.0,64.0
-41.19,1625449482.0,64.0
-46.74,1625449482.0,64.0
-51.44,1625449482.0,64.0
-54.4,1625449482.0,64.0
-54.9,1625449482.0,64.0
-52.56,1625449482.0,64.0
-47.43,1625449482.0,64.0
-39.95,1625449482.0,64.0
-30.77,1625449482.0,64.0
-20.49,1625449482.0,64.0
-9.63,1625449482.0,64.0
1.4,1625449482.0,64.0
12.14,1625449482.0,64.0
21.99,1625449482.0,64.0
30.23,1625449482.0,64.0
36.22,1625449482.0,64.0
39.66,1625449482.0,64.0
40.75,1625449482.0,64.0
40.14,1625449482.0,64.0
38.74,1625449482.0,64.0
37.38,1625449482.0,64.0
36.5,1625449482.0,64.0
36.12,1625449482.0,64.0
35.93,1625449482.0,64.0
35.5,1625449482.0,64.0
34.5,1625449482.0,64.0
32.79,1625449482.0,64.0
30.38,1625449482.0,64.0
27.38,1625449482.0,64.0
23.91,1625449482.0,64.0
20.13,1625449482.0,64.0
16.19,1625449482.0,64.0
12.22,1625449482.0,64.0
8.3,1625449482.0,64.0
4.49,1625449482.0,64.0
0.8,1625449482.0,64.0
-2.77,1625449482.0,64.0
-6.17,1625449482.0,64.0
-9.4,1625449482.0,64.0
-12.47,1625449482.0,64.0
-15.47,1625449482.0,64.0
-18.53,1625449482.0,64.0
-21.79,1625449482.0,64.0
-25.32,1625449482.0,64.0
-29.12,1625449482.0,64.0
-33.19,1625449482.0,64.0
-37.48,1625449482.0,64.0
-41.96,1625449482.0,64.0
-46.45,1625449482.0,64.0
-50.58,1625449482.0,64.0
-53.74,1625449482.0,64.0
-55.2,1625449482.0,64.0
-54.29,1625449482.0,64.0
-50.63,1625449482.0,64.0
-44.3,1625449482.0,64.0
-35.76,1625449482.0,64.0
-25.76,1625449482.0,64.0
-15.09,1625449482.0,64.0
-4.38,1625449482.0,64.0
5.93,1625449482.0,64.0
15.55,1625449482.0,64.0
24.17,1625449482.0,64.0
31.47,1625449482.0,64.0
37.11,1625449482.0,64.0
40.89,1625449482.0,64.0
42.86,1625449482.0,64.0
43.37,1625449482.0,64.0
42.99,1625449482.0,64.0
42.27,1625449482.0,64.0
41.6,1625449482.0,64.0
41.05,1625449482.0,64.0
40.45,1625449482.0,64.0
39.52,1625449482.0,64.0
38.04,1625449482.0,64.0
35.9,1625449482.0,64.0
33.17,1625449482.0,64.0
29.92,1625449482.0,64.0
26.29,1625449482.0,64.0
22.4,1625449482.0,64.0
18.41,1625449482.0,64.0
14.47,1625449482.0,64.0
10.71,1625449482.0,64.0
7.19,1625449482.0,64.0
3.89,1625449482.0,64.0
0.7,1625449482.0,64.0
-2.51,1625449482.0,64.0
-5.8,1625449482.0,64.0
-9.19,1625449482.0,64.0
-12.63,1625449482.0,64.0
-16.04,1625449482.0,64.0
-19.37,1625449482.0,64.0
-22.56,1625449482.0,64.0
-25.63,1625449482.0,64.0
-28.66,1625449482.0,64.0
-31.83,1625449482.0,64.0
-35.37,1625449482.0,64.0
-39.48,1625449482.0,64.0
-44.2,1625449482.0,64.0
-49.22,1625449482.0,64.0
-53.9,1625449482.0,64.0
-57.28,1625449482.0,64.0
-58.42,1625449482.0,64.0
-56.67,1625449482.0,64.0
-51.86,1625449482.0,64.0
-44.4,1625449482.0,64.0
-35.08,1625449482.0,64.0
-24.84,1625449482.0,64.0
-14.4,1625449482.0,64.0
-4.22,1625449482.0,64.0
5.49,1625449482.0,64.0
14.59,1625449482.0,64.0
22.81,1625449482.0,64.0
29.81,1625449482.0,64.0
35.17,1625449482.0,64.0
38.72,1625449482.0,64.0
40.55,1625449482.0,64.0
41.08,1625449482.0,64.0
40.84,1625449482.0,64.0
40.28,1625449482.0,64.0
39.63,1625449482.0,64.0
38.88,1625449482.0,64.0
37.94,1625449482.0,64.0
36.74,1625449482.0,64.0
35.29,1625449482.0,64.0
33.67,1625449482.0,64.0
31.92,1625449482.0,64.0
29.96,1625449482.0,64.0
27.65,1625449482.0,64.0
24.84,1625449482.0,64.0
21.52,1625449482.0,64.0
17.82,1625449482.0,64.0
14.0,1625449482.0,64.0
10.3,1625449482.0,64.0
6.86,1625449482.0,64.0
3.68,1625449482.0,64.0
0.6,1625449482.0,64.0
-2.51,1625449482.0,64.0
-5.78,1625449482.0,64.0
-9.2,1625449482.0,64.0
-12.69,1625449482.0,64.0
-16.16,1625449482.0,64.0
-19.58,1625449482.0,64.0
-23.0,1625449482.0,64.0
-26.56,1625449482.0,64.0
-30.36,1625449482.0,64.0
-34.47,1625449482.0,64.0
-38.86,1625449482.0,64.0
-43.43,1625449482.0,64.0
-47.97,1625449482.0,64.0
-52.15,1625449482.0,64.0
-55.4,1625449482.0,64.0
-57.03,1625449482.0,64.0
-56.29,1625449482.0,64.0
-52.71,1625449482.0,64.0
-46.25,1625449482.0,64.0
-37.42,1625449482.0,64.0
-27.11,1625449482.0,64.0
-16.32,1625449482.0,64.0
-5.83,1625449482.0,64.0
3.87,1625449482.0,64.0
12.58,1625449482.0,64.0
20.14,1625449482.0,64.0
26.37,1625449482.0,64.0
31.02,1625449482.0,64.0
33.95,1625449482.0,64.0
35.25,1625449482.0,64.0
35.33,1625449482.0,64.0
34.81,1625449482.0,64.0
34.26,1625449482.0,64.0
34.08,1625449482.0,64.0
34.3,1625449482.0,64.0
34.67,1625449482.0,64.0
34.78,1625449482.0,64.0
34.29,1625449482.0,64.0
32.99,1625449482.0,64.0
30.89,1625449482.0,64.0
28.17,1625449482.0,64.0
25.09,1625449482.0,64.0
21.88,1625449482.0,64.0
18.75,1625449482.0,64.0
15.79,1625449482.0,64.0
13.03,1625449482.0,64.0
10.41,1625449482.0,64.0
7.81,1625449482.0,64.0
5.1,1625449482.0,64.0
2.19,1625449482.0,64.0
-0.95,1625449482.0,64.0
-4.26,1625449482.0,64.0
-7.61,1625449482.0,64.0
-10.86,1625449482.0,64.0
-13.97,1625449482.0,64.0
-17.0,1625449482.0,64.0
-20.13,1625449482.0,64.0
-23.56,1625449482.0,64.0
-27.42,1625449482.0,64.0
-31.72,1625449482.0,64.0
-36.32,1625449482.0,64.0
-40.97,1625449482.0,64.0
-45.2,1625449482.0,64.0
-48.45,1625449482.0,64.0
-50.06,1625449482.0,64.0
-49.42,1625449482.0,64.0
-46.13,1625449482.0,64.0
-40.22,1625449482.0,64.0
-32.11,1625449482.0,64.0
-22.61,1625449482.0,64.0
-12.63,1625449482.0,64.0
-3.0,1625449482.0,64.0
5.66,1625449482.0,64.0
12.99,1625449482.0,64.0
18.73,1625449482.0,64.0
22.76,1625449482.0,64.0
25.08,1625449482.0,64.0
25.9,1625449482.0,64.0
25.67,1625449482.0,64.0
25.01,1625449482.0,64.0
24.53,1625449482.0,64.0
24.59,1625449482.0,64.0
25.2,1625449482.0,64.0
26.01,1625449482.0,64.0
26.54,1625449482.0,64.0
26.32,1625449482.0,64.0
25.15,1625449482.0,64.0
23.09,1625449482.0,64.0
20.44,1625449482.0,64.0
17.53,1625449482.0,64.0
14.64,1625449482.0,64.0
11.87,1625449482.0,64.0
9.19,1625449482.0,64.0
6.49,1625449482.0,64.0
3.67,1625449482.0,64.0
0.72,1625449482.0,64.0
-2.29,1625449482.0,64.0
-5.24,1625449482.0,64.0
-8.1,1625449482.0,64.0
-10.9,1625449482.0,64.0
-13.76,1625449482.0,64.0
-16.83,1625449482.0,64.0
-20.16,1625449482.0,64.0
-23.72,1625449482.0,64.0
-27.4,1625449482.0,64.0
-31.1,1625449482.0,64.0
-34.77,1625449482.0,64.0
-38.39,1625449482.0,64.0
-41.85,1625449482.0,64.0
-44.81,1625449482.0,64.0
-46.68,1625449482.0,64.0
-46.72,1625449482.0,64.0
-44.35,1625449482.0,64.0
-39.33,1625449482.0,64.0
-31.92,1625449482.0,64.0
-22.82,1625449482.0,64.0
-12.91,1625449482.0,64.0
-3.06,1625449482.0,64.0
5.99,1625449482.0,64.0
13.73,1625449482.0,64.0
19.76,1625449482.0,64.0
23.9,1625449482.0,64.0
26.12,1625449482.0,64.0
26.7,1625449482.0,64.0
26.18,1625449482.0,64.0
25.23,1625449482.0,64.0
24.44,1625449482.0,64.0
24.16,1625449482.0,64.0
24.37,1625449482.0,64.0
24.78,1625449482.0,64.0
24.95,1625449482.0,64.0
24.51,1625449482.0,64.0
23.24,1625449482.0,64.0
21.16,1625449482.0,64.0
18.45,1625449482.0,64.0
15.35,1625449482.0,64.0
12.12,1625449482.0,64.0
8.91,1625449482.0,64.0
5.79,1625449482.0,64.0
2.75,1625449482.0,64.0
-0.21,1625449482.0,64.0
-3.09,1625449482.0,64.0
-5.85,1625449482.0,64.0
-8.47,1625449482.0,64.0
-10.95,1625449482.0,64.0
-13.36,1625449482.0,64.0
-15.83,1625449482.0,64.0
-18.47,1625449482.0,64.0
-21.42,1625449482.0,64.0
-24.76,1625449482.0,64.0
-28.57,1625449482.0,64.0
-32.84,1625449482.0,64.0
-37.42,1625449482.0,64.0
-41.92,1625449482.0,64.0
-45.72,1625449482.0,64.0
-48.02,1625449482.0,64.0
-48.11,1625449482.0,64.0
-45.54,1625449482.0,64.0
-40.31,1625449482.0,64.0
-32.81,1625449482.0,64.0
-23.71,1625449482.0,64.0
-13.71,1625449482.0,64.0
-3.5,1625449482.0,64.0
6.35,1625449482.0,64.0
15.25,1625449482.0,64.0
22.64,1625449482.0,64.0
28.05,1625449482.0,64.0
31.33,1625449482.0,64.0
32.74,1625449482.0,64.0
32.87,1625449482.0,64.0
32.48,1625449482.0,64.0
32.14,1625449482.0,64.0
32.1,1625449482.0,64.0
32.24,1625449482.0,64.0
32.26,1625449482.0,64.0
31.84,1625449482.0,64.0
30.82,1625449482.0,64.0
29.19,1625449482.0,64.0
27.02,1625449482.0,64.0
24.36,1625449482.0,64.0
21.25,1625449482.0,64.0
17.76,1625449482.0,64.0
14.0,1625449482.0,64.0
10.14,1625449482.0,64.0
6.35,1625449482.0,64.0
2.78,1625449482.0,64.0
-0.5,1625449482.0,64.0
-3.45,1625449482.0,64.0
-6.1,1625449482.0,64.0
-8.57,1625449482.0,64.0
-11.03,1625449482.0,64.0
-13.66,1625449482.0,64.0
-16.69,1625449482.0,64.0
-20.25,1625449482.0,64.0
-24.37,1625449482.0,64.0
-28.92,1625449482.0,64.0
-33.6,1625449482.0,64.0
-37.88,1625449482.0,64.0
-41.09,1625449482.0,64.0
-42.52,1625449482.0,64.0
-41.57,1625449482.0,64.0
-37.99,1625449482.0,64.0
-31.97,1625449482.0,64.0
-24.05,1625449482.0,64.0
-15.02,1625449482.0,64.0
-5.66,1625449482.0,64.0
3.43,1625449482.0,64.0
11.77,1625449482.0,64.0
19.02,1625449482.0,64.0
24.83,1625449482.0,64.0
28.93,1625449482.0,64.0
31.15,1625449482.0,64.0
31.65,1625449482.0,64.0
30.87,1625449482.0,64.0
29.47,1625449482.0,64.0
28.12,1625449482.0,64.0
27.21,1625449482.0,64.0
26.77,1625449482.0,64.0
26.48,1625449482.0,64.0
25.91,1625449482.0,64.0
24.69,1625449482.0,64.0
22.75,1625449482.0,64.0
20.32,1625449482.0,64.0
17.77,1625449482.0,64.0
15.44,1625449482.0,64.0
13.46,1625449482.0,64.0
11.69,1625449482.0,64.0
9.8,1625449482.0,64.0
7.54,1625449482.0,64.0
4.78,1625449482.0,64.0
1.64,1625449482.0,64.0
-1.63,1625449482.0,64.0
-4.81,1625449482.0,64.0
-7.82,1625449482.0,64.0
-10.79,1625449482.0,64.0
-13.97,1625449482.0,64.0
-17.59,1625449482.0,64.0
-21.74,1625449482.0,64.0
-26.29,1625449482.0,64.0
-30.96,1625449482.0,64.0
-35.3,1625449482.0,64.0
-38.83,1625449482.0,64.0
-41.04,1625449482.0,64.0
-41.44,1625449482.0,64.0
-39.62,1625449482.0,64.0
-35.37,1625449482.0,64.0
-28.8,1625449482.0,64.0
-20.36,1625449482.0,64.0
-10.78,1625449482.0,64.0
-0.85,1625449482.0,64.0
8.73,1625449482.0,64.0
17.48,1625449482.0,64.0
25.13,1625449482.0,64.0
31.45,1625449482.0,64.0
36.19,1625449482.0,64.0
39.13,1625449482.0,64.0
40.22,1625449482.0,64.0
39.7,1625449482.0,64.0
38.18,1625449482.0,64.0
36.46,1625449482.0,64.0
35.21,1625449482.0,64.0
34.76,1625449482.0,64.0
34.91,1625449482.0,64.0
35.09,1625449482.0,64.0
34.67,1625449482.0,64.0
33.24,1625449482.0,64.0
30.79,1625449482.0,64.0
27.72,1625449482.0,64.0
24.65,1625449482.0,64.0
22.15,1625449482.0,64.0
20.57,1625449482.0,64.0
19.98,1625449482.0,64.0
20.17,1625449482.0,64.0
20.76,1625449482.0,64.0
21.36,1625449482.0,64.0
21.64,1625449482.0,64.0
21.42,1625449482.0,64.0
20.66,1625449482.0,64.0
19.42,1625449482.0,64.0
17.75,1625449482.0,64.0
15.68,1625449482.0,64.0
13.16,1625449482.0,64.0
10.16,1625449482.0,64.0
6.75,1625449482.0,64.0
3.12,1625449482.0,64.0
-0.43,1625449482.0,64.0
-3.65,1625449482.0,64.0
-6.38,1625449482.0,64.0
-8.66,1625449482.0,64.0
-10.67,1625449482.0,64.0
-12.65,1625449482.0,64.0
-14.83,1625449482.0,64.0
-17.33,1625449482.0,64.0
-20.26,1625449482.0,64.0
-23.67,1625449482.0,64.0
-27.59,1625449482.0,64.0
-32.0,1625449482.0,64.0
-36.66,1625449482.0,64.0
-41.1,1625449482.0,64.0
-44.59,1625449482.0,64.0
-46.33,1625449482.0,64.0
-45.6,1625449482.0,64.0
-42.09,1625449482.0,64.0
-35.93,1625449482.0,64.0
-27.7,1625449482.0,64.0
-18.21,1625449482.0,64.0
-8.24,1625449482.0,64.0
1.62,1625449482.0,64.0
11.02,1625449482.0,64.0
19.69,1625449482.0,64.0
27.31,1625449482.0,64.0
33.48,1625449482.0,64.0
37.77,1625449482.0,64.0
39.97,1625449482.0,64.0
40.22,1625449482.0,64.0
39.09,1625449482.0,64.0
37.34,1625449482.0,64.0
35.7,1625449482.0,64.0
34.59,1625449482.0,64.0
34.03,1625449482.0,64.0
33.75,1625449482.0,64.0
33.33,1625449482.0,64.0
32.45,1625449482.0,64.0
30.95,1625449482.0,64.0
28.88,1625449482.0,64.0
26.36,1625449482.0,64.0
23.56,1625449482.0,64.0
20.58,1625449482.0,64.0
17.47,1625449482.0,64.0
14.24,1625449482.0,64.0
10.96,1625449482.0,64.0
7.69,1625449482.0,64.0
4.58,1625449482.0,64.0
1.75,1625449482.0,64.0
-0.74,1625449482.0,64.0
-2.91,1625449482.0,64.0
-4.85,1625449482.0,64.0
-6.75,1625449482.0,64.0
-8.78,1625449482.0,64.0
-11.11,1625449482.0,64.0
-13.82,1625449482.0,64.0
-16.91,1625449482.0,64.0
-20.36,1625449482.0,64.0
-24.16,1625449482.0,64.0
-28.27,1625449482.0,64.0
-32.6,1625449482.0,64.0
-36.93,1625449482.0,64.0
-40.8,1625449482.0,64.0
-43.52,1625449482.0,64.0
-44.37,1625449482.0,64.0
-42.75,1625449482.0,64.0
-38.46,1625449482.0,64.0
-31.75,1625449482.0,64.0
-23.29,1625449482.0,64.0
-13.92,1625449482.0,64.0
-4.42,1625449482.0,64.0
4.68,1625449482.0,64.0
13.08,1625449482.0,64.0
20.55,1625449482.0,64.0
26.87,1625449482.0,64.0
31.76,1625449482.0,64.0
34.97,1625449482.0,64.0
36.46,1625449482.0,64.0
36.53,1625449482.0,64.0
35.69,1625449482.0,64.0
34.58,1625449482.0,64.0
33.63,1625449482.0,64.0
33.01,1625449482.0,64.0
32.56,1625449482.0,64.0
31.99,1625449482.0,64.0
31.07,1625449482.0,64.0
29.72,1625449482.0,64.0
28.01,1625449482.0,64.0
26.05,1625449482.0,64.0
23.91,1625449482.0,64.0
21.55,1625449482.0,64.0
18.94,1625449482.0,64.0
16.13,1625449482.0,64.0
13.26,1625449482.0,64.0
10.51,1625449482.0,64.0
7.99,1625449482.0,64.0
5.69,1625449482.0,64.0
3.48,1625449482.0,64.0
1.16,1625449482.0,64.0
-1.39,1625449482.0,64.0
-4.18,1625449482.0,64.0
-7.09,1625449482.0,64.0
-9.96,1625449482.0,64.0
-12.66,1625449482.0,64.0
-15.19,1625449482.0,64.0
-17.65,1625449482.0,64.0
-20.18,1625449482.0,64.0
-22.9,1625449482.0,64.0
-25.88,1625449482.0,64.0
-29.14,1625449482.0,64.0
-32.62,1625449482.0,64.0
-36.2,1625449482.0,64.0
-39.58,1625449482.0,64.0
-42.26,1625449482.0,64.0
-43.58,1625449482.0,64.0
-42.86,1625449482.0,64.0
-39.61,1625449482.0,64.0
-33.84,1625449482.0,64.0
-26.02,1625449482.0,64.0
-17.06,1625449482.0,64.0
-7.93,1625449482.0,64.0
0.62,1625449482.0,64.0
8.2,1625449482.0,64.0
14.69,1625449482.0,64.0
20.11,1625449482.0,64.0
24.39,1625449482.0,64.0
27.33,1625449482.0,64.0
28.81,1625449482.0,64.0
28.9,1625449482.0,64.0
27.97,1625449482.0,64.0
26.61,1625449482.0,64.0
25.4,1625449482.0,64.0
24.69,1625449482.0,64.0
24.47,1625449482.0,64.0
24.44,1625449482.0,64.0
24.19,1625449482.0,64.0
23.41,1625449482.0,64.0
21.96,1625449482.0,64.0
19.89,1625449482.0,64.0
17.36,1625449482.0,64.0
14.55,1625449482.0,64.0
11.61,1625449482.0,64.0
8.67,1625449482.0,64.0
5.84,1625449482.0,64.0
3.2,1625449482.0,64.0
0.81,1625449482.0,64.0
-1.34,1625449482.0,64.0
-3.3,1625449482.0,64.0
-5.19,1625449482.0,64.0
-7.1,1625449482.0,64.0
-9.12,1625449482.0,64.0
-11.28,1625449482.0,64.0
-13.56,1625449482.0,64.0
-15.9,1625449482.0,64.0
-18.22,1625449482.0,64.0
-20.44,1625449482.0,64.0
-22.55,1625449482.0,64.0
-24.64,1625449482.0,64.0
-26.87,1625449482.0,64.0
-29.47,1625449482.0,64.0
-32.56,1625449482.0,64.0
-35.98,1625449482.0,64.0
-39.27,1625449482.0,64.0
-41.7,1625449482.0,64.0
-42.52,1625449482.0,64.0
-41.19,1625449482.0,64.0
-37.6,1625449482.0,64.0
-32.07,1625449482.0,64.0
-25.17,1625449482.0,64.0
-17.57,1625449482.0,64.0
-9.82,1625449482.0,64.0
-2.33,1625449482.0,64.0
4.6,1625449482.0,64.0
10.72,1625449482.0,64.0
15.78,1625449482.0,64.0
19.55,1625449482.0,64.0
21.93,1625449482.0,64.0
23.0,1625449482.0,64.0
23.02,1625449482.0,64.0
22.41,1625449482.0,64.0
21.64,1625449482.0,64.0
21.08,1625449482.0,64.0
20.9,1625449482.0,64.0
21.01,1625449482.0,64.0
21.14,1625449482.0,64.0
20.91,1625449482.0,64.0
20.05,1625449482.0,64.0
18.47,1625449482.0,64.0
16.31,1625449482.0,64.0
13.81,1625449482.0,64.0
11.24,1625449482.0,64.0
8.79,1625449482.0,64.0
6.52,1625449482.0,64.0
4.4,1625449482.0,64.0
2.4,1625449482.0,64.0
0.49,1625449482.0,64.0
-1.33,1625449482.0,64.0
-3.08,1625449482.0,64.0
-4.86,1625449482.0,64.0
-6.74,1625449482.0,64.0
-8.81,1625449482.0,64.0
-11.06,1625449482.0,64.0
-13.37,1625449482.0,64.0
-15.61,1625449482.0,64.0
-17.68,1625449482.0,64.0
-19.58,1625449482.0,64.0
-21.46,1625449482.0,64.0
-23.48,1625449482.0,64.0
-25.78,1625449482.0,64.0
-28.39,1625449482.0,64.0
-31.2,1625449482.0,64.0
-33.99,1625449482.0,64.0
-36.37,1625449482.0,64.0
-37.92,1625449482.0,64.0
-38.13,1625449482.0,64.0
-36.59,1625449482.0,64.0
-33.11,1625449482.0,64.0
-27.81,1625449482.0,64.0
-21.19,1625449482.0,64.0
-13.94,1625449482.0,64.0
-6.75,1625449482.0,64.0
-0.09,1625449482.0,64.0
5.78,1625449482.0,64.0
10.8,1625449482.0,64.0
14.91,1625449482.0,64.0
17.98,1625449482.0,64.0
19.86,1625449482.0,64.0
20.55,1625449482.0,64.0
20.31,1625449482.0,64.0
19.61,1625449482.0,64.0
18.98,1625449482.0,64.0
18.75,1625449482.0,64.0
18.95,1625449482.0,64.0
19.3,1625449482.0,64.0
19.42,1625449482.0,64.0
19.0,1625449482.0,64.0
17.96,1625449482.0,64.0
16.36,1625449482.0,64.0
14.4,1625449482.0,64.0
12.23,1625449482.0,64.0
9.95,1625449482.0,64.0
7.61,1625449482.0,64.0
5.23,1625449482.0,64.0
2.83,1625449482.0,64.0
0.45,1625449482.0,64.0
-1.87,1625449482.0,64.0
-4.1,1625449482.0,64.0
-6.22,1625449482.0,64.0
-8.21,1625449482.0,64.0
-10.17,1625449482.0,64.0
-12.19,1625449482.0,64.0
-14.35,1625449482.0,64.0
-16.65,1625449482.0,64.0
-18.97,1625449482.0,64.0
-21.14,1625449482.0,64.0
-23.09,1625449482.0,64.0
-24.88,1625449482.0,64.0
-26.76,1625449482.0,64.0
-29.02,1625449482.0,64.0
-31.83,1625449482.0,64.0
-35.12,1625449482.0,64.0
-38.55,1625449482.0,64.0
-41.57,1625449482.0,64.0
-43.59,1625449482.0,64.0
-44.04,1625449482.0,64.0
-42.57,1625449482.0,64.0
-39.06,1625449482.0,64.0
-33.71,1625449482.0,64.0
-26.98,1625449482.0,64.0
-19.49,1625449482.0,64.0
-11.87,1625449482.0,64.0
-4.6,1625449482.0,64.0
2.03,1625449482.0,64.0
7.86,1625449482.0,64.0
12.76,1625449482.0,64.0
16.58,1625449482.0,64.0
19.16,1625449482.0,64.0
20.47,1625449482.0,64.0
20.71,1625449482.0,64.0
20.31,1625449482.0,64.0
19.81,1625449482.0,64.0
19.66,1625449482.0,64.0
20.04,1625449482.0,64.0
20.83,1625449482.0,64.0
21.7,1625449482.0,64.0
22.27,1625449482.0,64.0
22.3,1625449482.0,64.0
21.74,1625449482.0,64.0
20.71,1625449482.0,64.0
19.39,1625449482.0,64.0
17.89,1625449482.0,64.0
16.23,1625449482.0,64.0
14.36,1625449482.0,64.0
12.22,1625449482.0,64.0
9.88,1625449482.0,64.0
7.48,1625449482.0,64.0
5.2,1625449482.0,64.0
3.17,1625449482.0,64.0
1.4,1625449482.0,64.0
-0.24,1625449482.0,64.0
-1.95,1625449482.0,64.0
-3.89,1625449482.0,64.0
-6.1,1625449482.0,64.0
-8.51,1625449482.0,64.0
-10.95,1625449482.0,64.0
-13.31,1625449482.0,64.0
-15.62,1625449482.0,64.0
-18.02,1625449482.0,64.0
-20.78,1625449482.0,64.0
-24.1,1625449482.0,64.0
-28.0,1625449482.0,64.0
-32.23,1625449482.0,64.0
-36.26,1625449482.0,64.0
-39.42,1625449482.0,64.0
-41.03,1625449482.0,64.0
-40.65,1625449482.0,64.0
-38.17,1625449482.0,64.0
-33.8,1625449482.0,64.0
-28.03,1625449482.0,64.0
-21.45,1625449482.0,64.0
-14.61,1625449482.0,64.0
-7.95,1625449482.0,64.0
-1.81,1625449482.0,64.0
3.53,1625449482.0,64.0
7.81,1625449482.0,64.0
10.88,1625449482.0,64.0
12.72,1625449482.0,64.0
13.55,1625449482.0,64.0
13.77,1625449482.0,64.0
13.91,1625449482.0,64.0
14.41,1625449482.0,64.0
15.45,1625449482.0,64.0
16.95,1625449482.0,64.0
18.59,1625449482.0,64.0
19.95,1625449482.0,64.0
20.73,1625449482.0,64.0
20.74,1625449482.0,64.0
20.03,1625449482.0,64.0
18.72,1625449482.0,64.0
16.96,1625449482.0,64.0
14.9,1625449482.0,64.0
12.62,1625449482.0,64.0
10.19,1625449482.0,64.0
7.65,1625449482.0,64.0
5.01,1625449482.0,64.0
2.27,1625449482.0,64.0
-0.6,1625449482.0,64.0
-3.56,1625449482.0,64.0
-6.52,1625449482.0,64.0
-9.35,1625449482.0,64.0
-11.92,1625449482.0,64.0
-14.18,1625449482.0,64.0
-16.2,1625449482.0,64.0
-18.18,1625449482.0,64.0
-20.32,1625449482.0,64.0
-22.78,1625449482.0,64.0
-25.58,1625449482.0,64.0
-28.67,1625449482.0,64.0
-31.93,1625449482.0,64.0
-35.25,1625449482.0,64.0
-38.54,1625449482.0,64.0
-41.65,1625449482.0,64.0
-44.27,1625449482.0,64.0
-45.94,1625449482.0,64.0
-46.08,1625449482.0,64.0
-44.21,1625449482.0,64.0
-40.14,1625449482.0,64.0
-34.07,1625449482.0,64.0
-26.54,1625449482.0,64.0
-18.24,1625449482.0,64.0
-9.82,1625449482.0,64.0
-1.71,1625449482.0,64.0
5.86,1625449482.0,64.0
12.7,1625449482.0,64.0
18.61,1625449482.0,64.0
23.3,1625449482.0,64.0
26.49,1625449482.0,64.0
28.12,1625449482.0,64.0
28.46,1625449482.0,64.0
28.09,1625449482.0,64.0
27.68,1625449482.0,64.0
27.74,1625449482.0,64.0
28.38,1625449482.0,64.0
29.34,1625449482.0,64.0
30.17,1625449482.0,64.0
30.44,1625449482.0,64.0
29.96,1625449482.0,64.0
28.77,1625449482.0,64.0
27.06,1625449482.0,64.0
24.98,1625449482.0,64.0
22.61,1625449482.0,64.0
19.95,1625449482.0,64.0
17.03,1625449482.0,64.0
13.99,1625449482.0,64.0
11.08,1625449482.0,64.0
8.54,1625449482.0,64.0
6.46,1625449482.0,64.0
4.78,1625449482.0,64.0
3.25,1625449482.0,64.0
1.62,1625449482.0,64.0
-0.3,1625449482.0,64.0
-2.52,1625449482.0,64.0
-4.97,1625449482.0,64.0
-7.5,1625449482.0,64.0
-10.02,1625449482.0,64.0
-12.5,1625449482.0,64.0
-14.96,1625449482.0,64.0
-17.48,1625449482.0,64.0
-20.11,1625449482.0,64.0
-22.96,1625449482.0,64.0
-26.07,1625449482.0,64.0
-29.37,1625449482.0,64.0
-32.57,1625449482.0,64.0
-35.12,1625449482.0,64.0
-36.32,1625449482.0,64.0
-35.5,1625449482.0,64.0
-32.26,1625449482.0,64.0
-26.64,1625449482.0,64.0
-19.1,1625449482.0,64.0
-10.39,1625449482.0,64.0
-1.25,1625449482.0,64.0
7.74,1625449482.0,64.0
16.21,1625449482.0,64.0
23.91,1625449482.0,64.0
30.6,1625449482.0,64.0
35.95,1625449482.0,64.0
39.61,1625449482.0,64.0
41.41,1625449482.0,64.0
41.39,1625449482.0,64.0
39.94,1625449482.0,64.0
37.59,1625449482.0,64.0
34.93,1625449482.0,64.0
32.39,1625449482.0,64.0
30.18,1625449482.0,64.0
28.28,1625449482.0,64.0
26.55,1625449482.0,64.0
24.75,1625449482.0,64.0
22.68,1625449482.0,64.0
20.2,1625449482.0,64.0
17.26,1625449482.0,64.0
13.94,1625449482.0,64.0
10.42,1625449482.0,64.0
6.95,1625449482.0,64.0
3.72,1625449482.0,64.0
0.87,1625449482.0,64.0
-1.56,1625449482.0,64.0
-3.6,1625449482.0,64.0
-5.3,1625449482.0,64.0
-6.73,1625449482.0,64.0
-7.95,1625449482.0,64.0
-9.04,1625449482.0,64.0
-10.11,1625449482.0,64.0
-11.3,1625449482.0,64.0
-12.75,1625449482.0,64.0
-14.5,1625449482.0,64.0
-16.55,1625449482.0,64.0
-18.81,1625449482.0,64.0
-21.15,1625449482.0,64.0
-23.48,1625449482.0,64.0
-25.79,1625449482.0,64.0
-28.2,1625449482.0,64.0
-30.86,1625449482.0,64.0
-33.81,1625449482.0,64.0
-36.87,1625449482.0,64.0
-39.53,1625449482.0,64.0
-41.03,1625449482.0,64.0
-40.66,1625449482.0,64.0
-37.99,1625449482.0,64.0
-33.02,1625449482.0,64.0
-26.22,1625449482.0,64.0
-18.32,1625449482.0,64.0
-10.04,1625449482.0,64.0
-1.89,1625449482.0,64.0
5.75,1625449482.0,64.0
12.66,1625449482.0,64.0
18.57,1625449482.0,64.0
23.15,1625449482.0,64.0
26.21,1625449482.0,64.0
27.74,1625449482.0,64.0
28.1,1625449482.0,64.0
27.86,1625449482.0,64.0
27.66,1625449482.0,64.0
27.92,1625449482.0,64.0
28.72,1625449482.0,64.0
29.77,1625449482.0,64.0
30.59,1625449482.0,64.0
30.76,1625449482.0,64.0
30.03,1625449482.0,64.0
28.44,1625449482.0,64.0
26.21,1625449482.0,64.0
23.63,1625449482.0,64.0
20.93,1625449482.0,64.0
18.25,1625449482.0,64.0
15.65,1625449482.0,64.0
13.2,1625449482.0,64.0
10.96,1625449482.0,64.0
8.95,1625449482.0,64.0
7.13,1625449482.0,64.0
5.33,1625449482.0,64.0
3.35,1625449482.0,64.0
1.02,1625449482.0,64.0
-1.67,1625449482.0,64.0
-4.58,1625449482.0,64.0
-7.48,1625449482.0,64.0
-10.16,1625449482.0,64.0
-12.54,1625449482.0,64.0
-14.67,1625449482.0,64.0
-16.73,1625449482.0,64.0
-18.95,1625449482.0,64.0
-21.54,1625449482.0,64.0
-24.63,1625449482.0,64.0
-28.2,1625449482.0,64.0
-32.03,1625449482.0,64.0
-35.65,1625449482.0,64.0
-38.37,1625449482.0,64.0
-39.47,1625449482.0,64.0
-38.35,1625449482.0,64.0
-34.76,1625449482.0,64.0
-28.88,1625449482.0,64.0
-21.27,1625449482.0,64.0
-12.66,1625449482.0,64.0
-3.78,1625449482.0,64.0
4.81,1625449482.0,64.0
12.68,1625449482.0,64.0
19.53,1625449482.0,64.0
25.11,1625449482.0,64.0
29.25,1625449482.0,64.0
31.87,1625449482.0,64.0
33.13,1625449482.0,64.0
33.36,1625449482.0,64.0
33.05,1625449482.0,64.0
32.67,1625449482.0,64.0
32.51,1625449482.0,64.0
32.59,1625449482.0,64.0
32.71,1625449482.0,64.0
32.54,1625449482.0,64.0
31.82,1625449482.0,64.0
30.46,1625449482.0,64.0
28.56,1625449482.0,64.0
26.33,1625449482.0,64.0
23.98,1625449482.0,64.0
21.6,1625449482.0,64.0
19.16,1625449482.0,64.0
16.6,1625449482.0,64.0
13.89,1625449482.0,64.0
11.14,1625449482.0,64.0
8.46,1625449482.0,64.0
6.0,1625449482.0,64.0
3.75,1625449482.0,64.0
1.58,1625449482.0,64.0
-0.7,1625449482.0,64.0
-3.21,1625449482.0,64.0
-5.95,1625449482.0,64.0
-8.81,1625449482.0,64.0
-11.61,1625449482.0,64.0
-14.27,1625449482.0,64.0
-16.83,1625449482.0,64.0
-19.4,1625449482.0,64.0
-22.13,1625449482.0,64.0
-25.15,1625449482.0,64.0
-28.51,1625449482.0,64.0
-32.17,1625449482.0,64.0
-35.93,1625449482.0,64.0
-39.44,1625449482.0,64.0
-42.13,1625449482.0,64.0
-43.36,1625449482.0,64.0
-42.52,1625449482.0,64.0
-39.29,1625449482.0,64.0
-33.74,1625449482.0,64.0
-26.38,1625449482.0,64.0
-17.95,1625449482.0,64.0
-9.21,1625449482.0,64.0
-0.74,1625449482.0,64.0
7.16,1625449482.0,64.0
14.34,1625449482.0,64.0
20.67,1625449482.0,64.0
25.93,1625449482.0,64.0
29.86,1625449482.0,64.0
32.21,1625449482.0,64.0
33.01,1625449482.0,64.0
32.57,1625449482.0,64.0
31.4,1625449482.0,64.0
30.09,1625449482.0,64.0
29.05,1625449482.0,64.0
28.41,1625449482.0,64.0
28.01,1625449482.0,64.0
27.52,1625449482.0,64.0
26.67,1625449482.0,64.0
25.27,1625449482.0,64.0
23.29,1625449482.0,64.0
20.8,1625449482.0,64.0
17.84,1625449482.0,64.0
14.46,1625449482.0,64.0
10.71,1625449482.0,64.0
6.77,1625449482.0,64.0
2.92,1625449482.0,64.0
-0.46,1625449482.0,64.0
-3.07,1625449482.0,64.0
-4.79,1625449482.0,64.0
-5.73,1625449482.0,64.0
-6.22,1625449482.0,64.0
-6.7,1625449482.0,64.0
-7.55,1625449482.0,64.0
-8.99,1625449482.0,64.0
-11.04,1625449482.0,64.0
-13.56,1625449482.0,64.0
-16.35,1625449482.0,64.0
-19.18,1625449482.0,64.0
-21.94,1625449482.0,64.0
-24.62,1625449482.0,64.0
-27.33,1625449482.0,64.0
-30.21,1625449482.0,64.0
-33.32,1625449482.0,64.0
-36.49,1625449482.0,64.0
-39.28,1625449482.0,64.0
-41.07,1625449482.0,64.0
-41.2,1625449482.0,64.0
-39.28,1625449482.0,64.0
-35.25,1625449482.0,64.0
-29.48,1625449482.0,64.0
-22.56,1625449482.0,64.0
-15.1,1625449482.0,64.0
-7.53,1625449482.0,64.0
-0.06,1625449482.0,64.0
7.16,1625449482.0,64.0
13.93,1625449482.0,64.0
19.83,1625449482.0,64.0
24.37,1625449482.0,64.0
27.19,1625449482.0,64.0
28.24,1625449482.0,64.0
27.95,1625449482.0,64.0
26.99,1625449482.0,64.0
26.08,1625449482.0,64.0
25.69,1625449482.0,64.0
25.86,1625449482.0,64.0
26.25,1625449482.0,64.0
26.41,1625449482.0,64.0
25.96,1625449482.0,64.0
24.8,1625449482.0,64.0
23.06,1625449482.0,64.0
21.01,1625449482.0,64.0
18.86,1625449482.0,64.0
16.73,1625449482.0,64.0
14.58,1625449482.0,64.0
12.3,1625449482.0,64.0
9.84,1625449482.0,64.0
7.25,1625449482.0,64.0
4.64,1625449482.0,64.0
2.15,1625449482.0,64.0
-0.14,1625449482.0,64.0
-2.25,1625449482.0,64.0
-4.3,1625449482.0,64.0
-6.44,1625449482.0,64.0
-8.76,1625449482.0,64.0
-11.27,1625449482.0,64.0
-13.87,1625449482.0,64.0
-16.46,1625449482.0,64.0
-18.98,1625449482.0,64.0
-21.49,1625449482.0,64.0
-24.17,1625449482.0,64.0
-27.23,1625449482.0,64.0
-30.74,1625449482.0,64.0
-34.55,1625449482.0,64.0
-38.2,1625449482.0,64.0
-40.99,1625449482.0,64.0
-42.14,1625449482.0,64.0
-41.08,1625449482.0,64.0
-37.58,1625449482.0,64.0
-31.87,1625449482.0,64.0
-24.55,1625449482.0,64.0
-16.38,1625449482.0,64.0
-8.08,1625449482.0,64.0
-0.16,1625449482.0,64.0
7.07,1625449482.0,64.0
13.45,1625449482.0,64.0
18.85,1625449482.0,64.0
23.11,1625449482.0,64.0
26.09,1625449482.0,64.0
27.78,1625449482.0,64.0
28.39,1625449482.0,64.0
28.35,1625449482.0,64.0
28.2,1625449482.0,64.0
28.36,1625449482.0,64.0
28.98,1625449482.0,64.0
29.87,1625449482.0,64.0
30.58,1625449482.0,64.0
30.68,1625449482.0,64.0
29.87,1625449482.0,64.0
28.15,1625449482.0,64.0
25.74,1625449482.0,64.0
22.96,1625449482.0,64.0
20.11,1625449482.0,64.0
17.36,1625449482.0,64.0
14.75,1625449482.0,64.0
12.2,1625449482.0,64.0
9.6,1625449482.0,64.0
6.87,1625449482.0,64.0
3.95,1625449482.0,64.0
0.9,1625449482.0,64.0
-2.21,1625449482.0,64.0
-5.27,1625449482.0,64.0
-8.22,1625449482.0,64.0
-11.11,1625449482.0,64.0
-14.04,1625449482.0,64.0
-17.13,1625449482.0,64.0
-20.41,1625449482.0,64.0
-23.84,1625449482.0,64.0
-27.26,1625449482.0,64.0
-30.59,1625449482.0,64.0
-33.82,1625449482.0,64.0
-37.01,1625449482.0,64.0
-40.12,1625449482.0,64.0
-42.87,1625449482.0,64.0
-44.73,1625449482.0,64.0
-45.01,1625449482.0,64.0
-43.14,1625449482.0,64.0
-38.92,1625449482.0,64.0
-32.63,1625449482.0,64.0
-24.92,1625449482.0,64.0
-16.56,1625449482.0,64.0
-8.17,1625449482.0,64.0
-0.13,1625449482.0,64.0
7.38,1625449482.0,64.0
14.17,1625449482.0,64.0
19.97,1625449482.0,64.0
24.44,1625449482.0,64.0
27.31,1625449482.0,64.0
28.57,1625449482.0,64.0
28.59,1625449482.0,64.0
27.98,1625449482.0,64.0
27.37,1625449482.0,64.0
27.19,1625449482.0,64.0
27.53,1625449482.0,64.0
28.11,1625449482.0,64.0
28.5,1625449482.0,64.0
28.27,1625449482.0,64.0
27.2,1625449482.0,64.0
25.32,1625449482.0,64.0
22.84,1625449482.0,64.0
20.02,1625449482.0,64.0
17.06,1625449482.0,64.0
14.05,1625449482.0,64.0
11.05,1625449482.0,64.0
8.08,1625449482.0,64.0
5.22,1625449482.0,64.0
2.57,1625449482.0,64.0
0.16,1625449482.0,64.0
-2.05,1625449482.0,64.0
-4.2,1625449482.0,64.0
-6.49,1625449482.0,64.0
-9.06,1625449482.0,64.0
-11.93,1625449482.0,64.0
-15.0,1625449482.0,64.0
-18.1,1625449482.0,64.0
-21.13,1625449482.0,64.0
-24.11,1625449482.0,64.0
-27.23,1625449482.0,64.0
-30.74,1625449482.0,64.0
-34.74,1625449482.0,64.0
-39.03,1625449482.0,64.0
-43.0,1625449482.0,64.0
-45.76,1625449482.0,64.0
-46.4,1625449482.0,64.0
-44.3,1625449482.0,64.0
-39.43,1625449482.0,64.0
-32.29,1625449482.0,64.0
-23.74,1625449482.0,64.0
-14.66,1625449482.0,64.0
-5.69,1625449482.0,64.0
2.89,1625449482.0,64.0
11.01,1625449482.0,64.0
18.6,1625449482.0,64.0
25.4,1625449482.0,64.0
30.99,1625449482.0,64.0
34.94,1625449482.0,64.0
37.01,1625449482.0,64.0
37.39,1625449482.0,64.0
36.59,1625449482.0,64.0
35.32,1625449482.0,64.0
34.18,1625449482.0,64.0
33.49,1625449482.0,64.0
33.21,1625449482.0,64.0
33.06,1625449482.0,64.0
32.67,1625449482.0,64.0
31.75,1625449482.0,64.0
30.18,1625449482.0,64.0
27.98,1625449482.0,64.0
25.29,1625449482.0,64.0
22.27,1625449482.0,64.0
19.05,1625449482.0,64.0
15.74,1625449482.0,64.0
12.46,1625449482.0,64.0
9.27,1625449482.0,64.0
6.24,1625449482.0,64.0
3.37,1625449482.0,64.0
0.66,1625449482.0,64.0
-1.97,1625449482.0,64.0
-4.6,1625449482.0,64.0
-7.3,1625449482.0,64.0
-10.12,1625449482.0,64.0
-13.0,1625449482.0,64.0
-15.87,1625449482.0,64.0
-18.65,1625449482.0,64.0
-21.35,1625449482.0,64.0
-24.08,1625449482.0,64.0
-27.02,1625449482.0,64.0
-30.33,1625449482.0,64.0
-33.99,1625449482.0,64.0
-37.76,1625449482.0,64.0
-41.09,1625449482.0,64.0
-43.24,1625449482.0,64.0
-43.48,1625449482.0,64.0
-41.28,1625449482.0,64.0
-36.51,1625449482.0,64.0
-29.45,1625449482.0,64.0
-20.75,1625449482.0,64.0
-11.23,1625449482.0,64.0
-1.63,1625449482.0,64.0
7.5,1625449482.0,64.0
15.82,1625449482.0,64.0
23.12,1625449482.0,64.0
29.18,1625449482.0,64.0
33.76,1625449482.0,64.0
36.7,1625449482.0,64.0
38.06,1625449482.0,64.0
38.17,1625449482.0,64.0
37.56,1625449482.0,64.0
36.73,1625449482.0,64.0
35.95,1625449482.0,64.0
35.16,1625449482.0,64.0
34.08,1625449482.0,64.0
32.44,1625449482.0,64.0
30.17,1625449482.0,64.0
27.48,1625449482.0,64.0
24.72,1625449482.0,64.0
22.18,1625449482.0,64.0
19.95,1625449482.0,64.0
17.86,1625449482.0,64.0
15.66,1625449482.0,64.0
13.17,1625449482.0,64.0
10.39,1625449482.0,64.0
7.49,1625449482.0,64.0
4.68,1625449482.0,64.0
2.1,1625449482.0,64.0
-0.28,1625449482.0,64.0
-2.62,1625449482.0,64.0
-5.06,1625449482.0,64.0
-7.65,1625449482.0,64.0
-10.29,1625449482.0,64.0
-12.8,1625449482.0,64.0
-15.02,1625449482.0,64.0
-16.98,1625449482.0,64.0
-18.88,1625449482.0,64.0
-20.99,1625449482.0,64.0
-23.61,1625449482.0,64.0
-26.86,1625449482.0,64.0
-30.71,1625449482.0,64.0
-34.96,1625449482.0,64.0
-39.26,1625449482.0,64.0
-43.19,1625449482.0,64.0
-46.19,1625449482.0,64.0
-47.68,1625449482.0,64.0
-47.11,1625449482.0,64.0
-44.16,1625449482.0,64.0
-38.84,1625449482.0,64.0
-31.57,1625449482.0,64.0
-23.04,1625449482.0,64.0
-13.98,1625449482.0,64.0
-4.96,1625449482.0,64.0
3.76,1625449482.0,64.0
12.13,1625449482.0,64.0
20.04,1625449482.0,64.0
27.19,1625449482.0,64.0
33.06,1625449482.0,64.0
37.1,1625449482.0,64.0
39.09,1625449482.0,64.0
39.29,1625449482.0,64.0
38.44,1625449482.0,64.0
37.43,1625449482.0,64.0
36.88,1625449482.0,64.0
36.9,1625449482.0,64.0
37.14,1625449482.0,64.0
37.03,1625449482.0,64.0
36.11,1625449482.0,64.0
34.29,1625449482.0,64.0
31.81,1625449482.0,64.0
29.02,1625449482.0,64.0
26.21,1625449482.0,64.0
23.47,1625449482.0,64.0
20.7,1625449482.0,64.0
17.79,1625449482.0,64.0
14.67,1625449482.0,64.0
11.44,1625449482.0,64.0
8.28,1625449482.0,64.0
5.35,1625449482.0,64.0
2.72,1625449482.0,64.0
0.3,1625449482.0,64.0
-2.13,1625449482.0,64.0
-4.75,1625449482.0,64.0
-7.66,1625449482.0,64.0
-10.75,1625449482.0,64.0
-13.81,1625449482.0,64.0
-16.6,1625449482.0,64.0
-19.02,1625449482.0,64.0
-21.16,1625449482.0,64.0
-23.25,1625449482.0,64.0
-25.57,1625449482.0,64.0
-28.31,1625449482.0,64.0
-31.51,1625449482.0,64.0
-35.09,1625449482.0,64.0
-38.76,1625449482.0,64.0
-42.1,1625449482.0,64.0
-44.53,1625449482.0,64.0
-45.42,1625449482.0,64.0
-44.2,1625449482.0,64.0
-40.61,1625449482.0,64.0
-34.76,1625449482.0,64.0
-27.13,1625449482.0,64.0
-18.44,1625449482.0,64.0
-9.38,1625449482.0,64.0
-0.47,1625449482.0,64.0
7.99,1625449482.0,64.0
15.79,1625449482.0,64.0
22.7,1625449482.0,64.0
28.37,1625449482.0,64.0
32.5,1625449482.0,64.0
34.88,1625449482.0,64.0
35.67,1625449482.0,64.0
35.3,1625449482.0,64.0
34.42,1625449482.0,64.0
33.6,1625449482.0,64.0
33.13,1625449482.0,64.0
32.96,1625449482.0,64.0
32.76,1625449482.0,64.0
32.12,1625449482.0,64.0
30.79,1625449482.0,64.0
28.77,1625449482.0,64.0
26.22,1625449482.0,64.0
23.42,1625449482.0,64.0
20.56,1625449482.0,64.0
17.74,1625449482.0,64.0
14.99,1625449482.0,64.0
12.32,1625449482.0,64.0
9.78,1625449482.0,64.0
7.43,1625449482.0,64.0
5.32,1625449482.0,64.0
3.42,1625449482.0,64.0
1.59,1625449482.0,64.0
-0.35,1625449482.0,64.0
-2.59,1625449482.0,64.0
-5.18,1625449482.0,64.0
-8.06,1625449482.0,64.0
-11.08,1625449482.0,64.0
-14.06,1625449482.0,64.0
-16.9,1625449482.0,64.0
-19.62,1625449482.0,64.0
-22.36,1625449482.0,64.0
-25.29,1625449482.0,64.0
-28.57,1625449482.0,64.0
-32.31,1625449482.0,64.0
-36.47,1625449482.0,64.0
-40.94,1625449482.0,64.0
-45.47,1625449482.0,64.0
-49.64,1625449482.0,64.0
-52.81,1625449482.0,64.0
-54.25,1625449482.0,64.0
-53.24,1625449482.0,64.0
-49.4,1625449482.0,64.0
-42.81,1625449482.0,64.0
-34.09,1625449482.0,64.0
-24.18,1625449482.0,64.0
-14.07,1625449482.0,64.0
-4.49,1625449482.0,64.0
4.2,1625449482.0,64.0
11.94,1625449482.0,64.0
18.76,1625449482.0,64.0
24.55,1625449482.0,64.0
29.1,1625449482.0,64.0
32.16,1625449482.0,64.0
33.69,1625449482.0,64.0
33.92,1625449482.0,64.0
33.35,1625449482.0,64.0
32.51,1625449482.0,64.0
31.79,1625449482.0,64.0
31.28,1625449482.0,64.0
30.84,1625449482.0,64.0
30.15,1625449482.0,64.0
28.97,1625449482.0,64.0
27.16,1625449482.0,64.0
24.85,1625449482.0,64.0
22.27,1625449482.0,64.0
19.69,1625449482.0,64.0
17.28,1625449482.0,64.0
15.0,1625449482.0,64.0
12.71,1625449482.0,64.0
10.24,1625449482.0,64.0
7.51,1625449482.0,64.0
4.64,1625449482.0,64.0
1.87,1625449482.0,64.0
-0.61,1625449482.0,64.0
-2.76,1625449482.0,64.0
-4.74,1625449482.0,64.0
-6.78,1625449482.0,64.0
-9.05,1625449482.0,64.0
-11.51,1625449482.0,64.0
-13.95,1625449482.0,64.0
-16.12,1625449482.0,64.0
-17.95,1625449482.0,64.0
-19.55,1625449482.0,64.0
-21.23,1625449482.0,64.0
-23.34,1625449482.0,64.0
-26.13,1625449482.0,64.0
-29.64,1625449482.0,64.0
-33.69,1625449482.0,64.0
-37.89,1625449482.0,64.0
-41.69,1625449482.0,64.0
-44.43,1625449482.0,64.0
-45.46,1625449482.0,64.0
-44.3,1625449482.0,64.0
-40.77,1625449482.0,64.0
-35.1,1625449482.0,64.0
-27.83,1625449482.0,64.0
-19.68,1625449482.0,64.0
-11.31,1625449482.0,64.0
-3.22,1625449482.0,64.0
4.33,1625449482.0,64.0
11.18,1625449482.0,64.0
17.21,1625449482.0,64.0
22.24,1625449482.0,64.0
26.06,1625449482.0,64.0
28.51,1625449482.0,64.0
29.65,1625449482.0,64.0
29.76,1625449482.0,64.0
29.26,1625449482.0,64.0
28.59,1625449482.0,64.0
27.99,1625449482.0,64.0
27.53,1625449482.0,64.0
27.06,1625449482.0,64.0
26.42,1625449482.0,64.0
25.51,1625449482.0,64.0
24.31,1625449482.0,64.0
22.84,1625449482.0,64.0
21.14,1625449482.0,64.0
19.18,1625449482.0,64.0
16.95,1625449482.0,64.0
14.51,1625449482.0,64.0
11.99,1625449482.0,64.0
9.54,1625449482.0,64.0
7.29,1625449482.0,64.0
5.26,1625449482.0,64.0
3.35,1625449482.0,64.0
1.41,1625449482.0,64.0
-0.68,1625449482.0,64.0
-2.98,1625449482.0,64.0
-5.45,1625449482.0,64.0
-8.01,1625449482.0,64.0
-10.61,1625449482.0,64.0
-13.24,1625449482.0,64.0
-15.89,1625449482.0,64.0
-18.58,1625449482.0,64.0
-21.3,1625449482.0,64.0
-24.1,1625449482.0,64.0
-27.05,1625449482.0,64.0
-30.25,1625449482.0,64.0
-33.76,1625449482.0,64.0
-37.47,1625449482.0,64.0
-41.03,1625449482.0,64.0
-43.82,1625449482.0,64.0
-45.11,1625449482.0,64.0
-44.23,1625449482.0,64.0
-40.86,1625449482.0,64.0
-35.12,1625449482.0,64.0
-27.55,1625449482.0,64.0
-18.94,1625449482.0,64.0
-10.09,1625449482.0,64.0
-1.55,1625449482.0,64.0
6.37,1625449482.0,64.0
13.55,1625449482.0,64.0
19.83,1625449482.0,64.0
25.0,1625449482.0,64.0
28.77,1625449482.0,64.0
30.99,1625449482.0,64.0
31.75,1625449482.0,64.0
31.45,1625449482.0,64.0
30.64,1625449482.0,64.0
29.83,1625449482.0,64.0
29.22,1625449482.0,64.0
28.76,1625449482.0,64.0
28.22,1625449482.0,64.0
27.43,1625449482.0,64.0
26.32,1625449482.0,64.0
24.97,1625449482.0,64.0
23.49,1625449482.0,64.0
21.88,1625449482.0,64.0
20.05,1625449482.0,64.0
17.87,1625449482.0,64.0
15.31,1625449482.0,64.0
12.47,1625449482.0,64.0
9.54,1625449482.0,64.0
6.77,1625449482.0,64.0
4.33,1625449482.0,64.0
2.24,1625449482.0,64.0
0.43,1625449482.0,64.0
-1.24,1625449482.0,64.0
-2.94,1625449482.0,64.0
-4.81,1625449482.0,64.0
-6.98,1625449482.0,64.0
-9.5,1625449482.0,64.0
-12.42,1625449482.0,64.0
-15.65,1625449482.0,64.0
-19.13,1625449482.0,64.0
-22.77,1625449482.0,64.0
-26.57,1625449482.0,64.0
-30.62,1625449482.0,64.0
-34.98,1625449482.0,64.0
-39.59,1625449482.0,64.0
-44.11,1625449482.0,64.0
-47.88,1625449482.0,64.0
-50.1,1625449482.0,64.0
-50.06,1625449482.0,64.0
-47.41,1625449482.0,64.0
-42.34,1625449482.0,64.0
-35.45,1625449482.0,64.0
-27.53,1625449482.0,64.0
-19.26,1625449482.0,64.0
-11.1,1625449482.0,64.0
-3.26,1625449482.0,64.0
4.12,1625449482.0,64.0
10.85,1625449482.0,64.0
16.61,1625449482.0,64.0
21.06,1625449482.0,64.0
24.05,1625449482.0,64.0
25.69,1625449482.0,64.0
26.4,1625449482.0,64.0
26.75,1625449482.0,64.0
27.23,1625449482.0,64.0
28.07,1625449482.0,64.0
29.18,1625449482.0,64.0
30.25,1625449482.0,64.0
30.88,1625449482.0,64.0
30.76,1625449482.0,64.0
29.74,1625449482.0,64.0
27.85,1625449482.0,64.0
25.27,1625449482.0,64.0
22.18,1625449482.0,64.0
18.78,1625449482.0,64.0
15.27,1625449482.0,64.0
11.81,1625449482.0,64.0
8.51,1625449482.0,64.0
5.43,1625449482.0,64.0
2.52,1625449482.0,64.0
-0.34,1625449482.0,64.0
-3.23,1625449482.0,64.0
-6.21,1625449482.0,64.0
-9.25,1625449482.0,64.0
-12.27,1625449482.0,64.0
-15.19,1625449482.0,64.0
-18.02,1625449482.0,64.0
-20.82,1625449482.0,64.0
-23.75,1625449482.0,64.0
-26.92,1625449482.0,64.0
-30.39,1625449482.0,64.0
-34.12,1625449482.0,64.0
-37.87,1625449482.0,64.0
-41.29,1625449482.0,64.0
-43.8,1625449482.0,64.0
-44.8,1625449482.0,64.0
-43.73,1625449482.0,64.0
-40.34,1625449482.0,64.0
-34.72,1625449482.0,64.0
-27.37,1625449482.0,64.0
-19.0,1625449482.0,64.0
-10.33,1625449482.0,64.0
-1.96,1625449482.0,64.0
5.72,1625449482.0,64.0
12.4,1625449482.0,64.0
17.81,1625449482.0,64.0
21.68,1625449482.0,64.0
23.87,1625449482.0,64.0
24.51,1625449482.0,64.0
24.07,1625449482.0,64.0
23.24,1625449482.0,64.0
22.67,1625449482.0,64.0
22.78,1625449482.0,64.0
23.51,1625449482.0,64.0
24.46,1625449482.0,64.0
25.06,1625449482.0,64.0
24.85,1625449482.0,64.0
23.71,1625449482.0,64.0
21.83,1625449482.0,64.0
19.57,1625449482.0,64.0
17.24,1625449482.0,64.0
14.96,1625449482.0,64.0
12.61,1625449482.0,64.0
9.97,1625449482.0,64.0
6.93,1625449482.0,64.0
3.59,1625449482.0,64.0
0.2,1625449482.0,64.0
-2.95,1625449482.0,64.0
-5.7,1625449482.0,64.0
-8.11,1625449482.0,64.0
-10.41,1625449482.0,64.0
-12.87,1625449482.0,64.0
-15.68,1625449482.0,64.0
-18.91,1625449482.0,64.0
-22.54,1625449482.0,64.0
-26.48,1625449482.0,64.0
-30.61,1625449482.0,64.0
-34.78,1625449482.0,64.0
-38.67,1625449482.0,64.0
-41.83,1625449482.0,64.0
-43.71,1625449482.0,64.0
-43.82,1625449482.0,64.0
-41.87,1625449482.0,64.0
-37.91,1625449482.0,64.0
-32.3,1625449482.0,64.0
-25.62,1625449482.0,64.0
-18.47,1625449482.0,64.0
-11.27,1625449482.0,64.0
-4.26,1625449482.0,64.0
2.5,1625449482.0,64.0
8.91,1625449482.0,64.0
14.78,1625449482.0,64.0
19.79,1625449482.0,64.0
23.63,1625449482.0,64.0
26.16,1625449482.0,64.0
27.52,1625449482.0,64.0
28.14,1625449482.0,64.0
28.52,1625449482.0,64.0
29.07,1625449482.0,64.0
29.88,1625449482.0,64.0
30.71,1625449482.0,64.0
31.13,1625449482.0,64.0
30.69,1625449482.0,64.0
29.19,1625449482.0,64.0
26.77,1625449482.0,64.0
23.82,1625449482.0,64.0
20.75,1625449482.0,64.0
17.82,1625449482.0,64.0
15.0,1625449482.0,64.0
12.05,1625449482.0,64.0
8.7,1625449482.0,64.0
4.88,1625449482.0,64.0
0.79,1625449482.0,64.0
-3.19,1625449482.0,64.0
-6.74,1625449482.0,64.0
-9.71,1625449482.0,64.0
-12.27,1625449482.0,64.0
-14.76,1625449482.0,64.0
-17.51,1625449482.0,64.0
-20.73,1625449482.0,64.0
-24.42,1625449482.0,64.0
-28.47,1625449482.0,64.0
-32.68,1625449482.0,64.0
-36.86,1625449482.0,64.0
-40.72,1625449482.0,64.0
-43.84,1625449482.0,64.0
-45.66,1625449482.0,64.0
-45.55,1625449482.0,64.0
-43.04,1625449482.0,64.0
-37.98,1625449482.0,64.0
-30.65,1625449482.0,64.0
-21.68,1625449482.0,64.0
-11.85,1625449482.0,64.0
-1.9,1625449482.0,64.0
7.67,1625449482.0,64.0
16.53,1625449482.0,64.0
24.44,1625449482.0,64.0
31.09,1625449482.0,64.0
36.14,1625449482.0,64.0
39.34,1625449482.0,64.0
40.67,1625449482.0,64.0
40.52,1625449482.0,64.0
39.58,1625449482.0,64.0
38.62,1625449482.0,64.0
38.15,1625449482.0,64.0
38.23,1625449482.0,64.0
38.44,1625449482.0,64.0
38.15,1625449482.0,64.0
36.85,1625449482.0,64.0
34.4,1625449482.0,64.0
31.0,1625449482.0,64.0
27.1,1625449482.0,64.0
23.12,1625449482.0,64.0
19.29,1625449482.0,64.0
15.61,1625449482.0,64.0
11.99,1625449482.0,64.0
8.3,1625449482.0,64.0
4.53,1625449482.0,64.0
0.79,1625449482.0,64.0
-2.78,1625449482.0,64.0
-6.06,1625449482.0,64.0
-9.03,1625449482.0,64.0
-11.78,1625449482.0,64.0
-14.44,1625449482.0,64.0
-17.15,1625449482.0,64.0
-20.03,1625449482.0,64.0
-23.1,1625449482.0,64.0
-26.37,1625449482.0,64.0
-29.79,1625449482.0,64.0
-33.3,1625449482.0,64.0
-36.71,1625449482.0,64.0
-39.67,1625449482.0,64.0
-41.66,1625449482.0,64.0
-42.08,1625449482.0,64.0
-40.43,1625449482.0,64.0
-36.49,1625449482.0,64.0
-30.38,1625449482.0,64.0
-22.51,1625449482.0,64.0
-13.49,1625449482.0,64.0
-3.91,1625449482.0,64.0
5.73,1625449482.0,64.0
15.0,1625449482.0,64.0
23.5,1625449482.0,64.0
30.82,1625449482.0,64.0
36.54,1625449482.0,64.0
40.37,1625449482.0,64.0
42.25,1625449482.0,64.0
42.43,1625449482.0,64.0
41.44,1625449482.0,64.0
39.94,1625449482.0,64.0
38.49,1625449482.0,64.0
37.39,1625449482.0,64.0
36.61,1625449482.0,64.0
35.82,1625449482.0,64.0
34.6,1625449482.0,64.0
32.58,1625449482.0,64.0
29.62,1625449482.0,64.0
25.86,1625449482.0,64.0
21.66,1625449482.0,64.0
17.48,1625449482.0,64.0
13.66,1625449482.0,64.0
10.38,1625449482.0,64.0
7.58,1625449482.0,64.0
5.04,1625449482.0,64.0
2.5,1625449482.0,64.0
-0.2,1625449482.0,64.0
-3.06,1625449482.0,64.0
-5.99,1625449482.0,64.0
-8.87,1625449482.0,64.0
-11.69,1625449482.0,64.0
-14.53,1625449482.0,64.0
-17.55,1625449482.0,64.0
-20.82,1625449482.0,64.0
-24.3,1625449482.0,64.0
-27.81,1625449482.0,64.0
-31.18,1625449482.0,64.0
-34.36,1625449482.0,64.0
-37.4,1625449482.0,64.0
-40.36,1625449482.0,64.0
-43.06,1625449482.0,64.0
-45.04,1625449482.0,64.0
-45.56,1625449482.0,64.0
-43.92,1625449482.0,64.0
-39.67,1625449482.0,64.0
-32.9,1625449482.0,64.0
-24.16,1625449482.0,64.0
-14.24,1625449482.0,64.0
-3.95,1625449482.0,64.0
6.11,1625449482.0,64.0
15.51,1625449482.0,64.0
23.92,1625449482.0,64.0
31.0,1625449482.0,64.0
36.4,1625449482.0,64.0
39.84,1625449482.0,64.0
41.33,1625449482.0,64.0
41.18,1625449482.0,64.0
39.98,1625449482.0,64.0
38.38,1625449482.0,64.0
36.89,1625449482.0,64.0
35.77,1625449482.0,64.0
34.94,1625449482.0,64.0
34.18,1625449482.0,64.0
33.23,1625449482.0,64.0
31.94,1625449482.0,64.0
30.24,1625449482.0,64.0
28.14,1625449482.0,64.0
25.64,1625449482.0,64.0
22.74,1625449482.0,64.0
19.48,1625449482.0,64.0
16.0,1625449482.0,64.0
12.52,1625449482.0,64.0
9.26,1625449482.0,64.0
6.37,1625449482.0,64.0
3.85,1625449482.0,64.0
1.56,1625449482.0,64.0
-0.65,1625449482.0,64.0
-2.89,1625449482.0,64.0
-5.17,1625449482.0,64.0
-7.47,1625449482.0,64.0
-9.79,1625449482.0,64.0
-12.19,1625449482.0,64.0
-14.74,1625449482.0,64.0
-17.5,1625449482.0,64.0
-20.51,1625449482.0,64.0
-23.75,1625449482.0,64.0
-27.25,1625449482.0,64.0
-31.04,1625449482.0,64.0
-35.06,1625449482.0,64.0
-39.1,1625449482.0,64.0
-42.64,1625449482.0,64.0
-44.98,1625449482.0,64.0
-45.36,1625449482.0,64.0
-43.27,1625449482.0,64.0
-38.62,1625449482.0,64.0
-31.73,1625449482.0,64.0
-23.23,1625449482.0,64.0
-13.82,1625449482.0,64.0
-4.09,1625449482.0,64.0
5.53,1625449482.0,64.0
14.66,1625449482.0,64.0
22.94,1625449482.0,64.0
29.89,1625449482.0,64.0
35.04,1625449482.0,64.0
38.11,1625449482.0,64.0
39.14,1625449482.0,64.0
38.57,1625449482.0,64.0
37.16,1625449482.0,64.0
35.7,1625449482.0,64.0
34.75,1625449482.0,64.0
34.48,1625449482.0,64.0
34.66,1625449482.0,64.0
34.8,1625449482.0,64.0
34.4,1625449482.0,64.0
33.16,1625449482.0,64.0
31.06,1625449482.0,64.0
28.29,1625449482.0,64.0
25.19,1625449482.0,64.0
22.04,1625449482.0,64.0
18.99,1625449482.0,64.0
16.09,1625449482.0,64.0
13.25,1625449482.0,64.0
10.43,1625449482.0,64.0
7.6,1625449482.0,64.0
4.81,1625449482.0,64.0
2.14,1625449482.0,64.0
-0.38,1625449482.0,64.0
-2.79,1625449482.0,64.0
-5.21,1625449482.0,64.0
-7.76,1625449482.0,64.0
-10.48,1625449482.0,64.0
-13.32,1625449482.0,64.0
-16.13,1625449482.0,64.0
-18.75,1625449482.0,64.0
-21.14,1625449482.0,64.0
-23.4,1625449482.0,64.0
-25.79,1625449482.0,64.0
-28.56,1625449482.0,64.0
-31.85,1625449482.0,64.0
-35.57,1625449482.0,64.0
-39.3,1625449482.0,64.0
-42.42,1625449482.0,64.0
-44.16,1625449482.0,64.0
-43.9,1625449482.0,64.0
-41.24,1625449482.0,64.0
-36.24,1625449482.0,64.0
-29.28,1625449482.0,64.0
-21.05,1625449482.0,64.0
-12.27,1625449482.0,64.0
-3.57,1625449482.0,64.0
4.61,1625449482.0,64.0
12.02,1625449482.0,64.0
18.45,1625449482.0,64.0
23.7,1625449482.0,64.0
27.56,1625449482.0,64.0
29.88,1625449482.0,64.0
30.74,1625449482.0,64.0
30.48,1625449482.0,64.0
29.68,1625449482.0,64.0
28.9,1625449482.0,64.0
28.48,1625449482.0,64.0
28.4,1625449482.0,64.0
28.33,1625449482.0,64.0
27.77,1625449482.0,64.0
26.34,1625449482.0,64.0
23.9,1625449482.0,64.0
20.62,1625449482.0,64.0
16.81,1625449482.0,64.0
12.82,1625449482.0,64.0
8.92,1625449482.0,64.0
5.27,1625449482.0,64.0
2.02,1625449482.0,64.0
-0.74,1625449482.0,64.0
-2.92,1625449482.0,64.0
-4.52,1625449482.0,64.0
-5.66,1625449482.0,64.0
-6.6,1625449482.0,64.0
-7.61,1625449482.0,64.0
-8.95,1625449482.0,64.0
-10.76,1625449482.0,64.0
-12.99,1625449482.0,64.0
-15.55,1625449482.0,64.0
-18.25,1625449482.0,64.0
-20.92,1625449482.0,64.0
-23.47,1625449482.0,64.0
-25.87,1625449482.0,64.0
-28.19,1625449482.0,64.0
-30.6,1625449482.0,64.0
-33.3,1625449482.0,64.0
-36.39,1625449482.0,64.0
-39.71,1625449482.0,64.0
-42.77,1625449482.0,64.0
-44.8,1625449482.0,64.0
-45.01,1625449482.0,64.0
-42.86,1625449482.0,64.0
-38.29,1625449482.0,64.0
-31.74,1625449482.0,64.0
-23.95,1625449482.0,64.0
-15.65,1625449482.0,64.0
-7.38,1625449482.0,64.0
0.52,1625449482.0,64.0
7.81,1625449482.0,64.0
14.18,1625449482.0,64.0
19.26,1625449482.0,64.0
22.74,1625449482.0,64.0
24.57,1625449482.0,64.0
25.02,1625449482.0,64.0
24.69,1625449482.0,64.0
24.22,1625449482.0,64.0
24.09,1625449482.0,64.0
24.42,1625449482.0,64.0
25.08,1625449482.0,64.0
25.69,1625449482.0,64.0
25.91,1625449482.0,64.0
25.44,1625449482.0,64.0
24.18,1625449482.0,64.0
22.17,1625449482.0,64.0
19.57,1625449482.0,64.0
16.62,1625449482.0,64.0
13.58,1625449482.0,64.0
10.63,1625449482.0,64.0
7.86,1625449482.0,64.0
5.26,1625449482.0,64.0
2.77,1625449482.0,64.0
0.32,1625449482.0,64.0
-2.11,1625449482.0,64.0
-4.51,1625449482.0,64.0
-6.87,1625449482.0,64.0
-9.26,1625449482.0,64.0
-11.8,1625449482.0,64.0
-14.59,1625449482.0,64.0
-17.7,1625449482.0,64.0
-21.08,1625449482.0,64.0
-24.56,1625449482.0,64.0
-28.02,1625449482.0,64.0
-31.44,1625449482.0,64.0
-34.85,1625449482.0,64.0
-38.31,1625449482.0,64.0
-41.63,1625449482.0,64.0
-44.38,1625449482.0,64.0
-45.86,1625449482.0,64.0
-45.41,1625449482.0,64.0
-42.64,1625449482.0,64.0
-37.6,1625449482.0,64.0
-30.8,1625449482.0,64.0
-22.94,1625449482.0,64.0
-14.69,1625449482.0,64.0
-6.44,1625449482.0,64.0
1.6,1625449482.0,64.0
9.32,1625449482.0,64.0
16.52,1625449482.0,64.0
22.82,1625449482.0,64.0
27.81,1625449482.0,64.0
31.16,1625449482.0,64.0
32.8,1625449482.0,64.0
33.0,1625449482.0,64.0
32.27,1625449482.0,64.0
31.21,1625449482.0,64.0
30.28,1625449482.0,64.0
29.72,1625449482.0,64.0
29.45,1625449482.0,64.0
29.17,1625449482.0,64.0
28.52,1625449482.0,64.0
27.21,1625449482.0,64.0
25.15,1625449482.0,64.0
22.5,1625449482.0,64.0
19.5,1625449482.0,64.0
16.41,1625449482.0,64.0
13.38,1625449482.0,64.0
10.4,1625449482.0,64.0
7.39,1625449482.0,64.0
4.34,1625449482.0,64.0
1.3,1625449482.0,64.0
-1.57,1625449482.0,64.0
-4.16,1625449482.0,64.0
-6.46,1625449482.0,64.0
-8.63,1625449482.0,64.0
-10.91,1625449482.0,64.0
-13.5,1625449482.0,64.0
-16.49,1625449482.0,64.0
-19.81,1625449482.0,64.0
-23.29,1625449482.0,64.0
-26.79,1625449482.0,64.0
-30.28,1625449482.0,64.0
-33.8,1625449482.0,64.0
-37.39,1625449482.0,64.0
-40.93,1625449482.0,64.0
-44.07,1625449482.0,64.0
-46.26,1625449482.0,64.0
-46.9,1625449482.0,64.0
-45.52,1625449482.0,64.0
-42.0,1625449482.0,64.0
-36.55,1625449482.0,64.0
-29.67,1625449482.0,64.0
-21.92,1625449482.0,64.0
-13.76,1625449482.0,64.0
-5.51,1625449482.0,64.0
2.59,1625449482.0,64.0
10.26,1625449482.0,64.0
17.08,1625449482.0,64.0
22.57,1625449482.0,64.0
26.39,1625449482.0,64.0
28.46,1625449482.0,64.0
29.09,1625449482.0,64.0
28.87,1625449482.0,64.0
28.42,1625449482.0,64.0
28.18,1625449482.0,64.0
28.3,1625449482.0,64.0
28.62,1625449482.0,64.0
28.88,1625449482.0,64.0
28.81,1625449482.0,64.0
28.27,1625449482.0,64.0
27.18,1625449482.0,64.0
25.55,1625449482.0,64.0
23.44,1625449482.0,64.0
20.95,1625449482.0,64.0
18.27,1625449482.0,64.0
15.62,1625449482.0,64.0
13.12,1625449482.0,64.0
10.8,1625449482.0,64.0
8.48,1625449482.0,64.0
5.94,1625449482.0,64.0
2.99,1625449482.0,64.0
-0.42,1625449482.0,64.0
-4.11,1625449482.0,64.0
-7.81,1625449482.0,64.0
-11.26,1625449482.0,64.0
-14.37,1625449482.0,64.0
-17.18,1625449482.0,64.0
-19.9,1625449482.0,64.0
-22.75,1625449482.0,64.0
-25.88,1625449482.0,64.0
-29.35,1625449482.0,64.0
-33.09,1625449482.0,64.0
-36.98,1625449482.0,64.0
-40.79,1625449482.0,64.0
-44.21,1625449482.0,64.0
-46.77,1625449482.0,64.0
-47.92,1625449482.0,64.0
-47.1,1625449482.0,64.0
-43.96,1625449482.0,64.0
-38.51,1625449482.0,64.0
-31.1,1625449482.0,64.0
-22.38,1625449482.0,64.0
-13.05,1625449482.0,64.0
-3.68,1625449482.0,64.0
5.35,1625449482.0,64.0
13.77,1625449482.0,64.0
21.28,1625449482.0,64.0
27.48,1625449482.0,64.0
31.94,1625449482.0,64.0
34.38,1625449482.0,64.0
34.89,1625449482.0,64.0
33.98,1625449482.0,64.0
32.43,1625449482.0,64.0
30.99,1625449482.0,64.0
30.12,1625449482.0,64.0
29.83,1625449482.0,64.0
29.74,1625449482.0,64.0
29.36,1625449482.0,64.0
28.32,1625449482.0,64.0
26.54,1625449482.0,64.0
24.2,1625449482.0,64.0
21.58,1625449482.0,64.0
18.94,1625449482.0,64.0
16.44,1625449482.0,64.0
14.07,1625449482.0,64.0
11.8,1625449482.0,64.0
9.56,1625449482.0,64.0
7.31,1625449482.0,64.0
4.98,1625449482.0,64.0
2.54,1625449482.0,64.0
-0.06,1625449482.0,64.0
-2.85,1625449482.0,64.0
-5.81,1625449482.0,64.0
-8.89,1625449482.0,64.0
-12.05,1625449482.0,64.0
-15.24,1625449482.0,64.0
-18.47,1625449482.0,64.0
-21.71,1625449482.0,64.0
-24.94,1625449482.0,64.0
-28.18,1625449482.0,64.0
-31.42,1625449482.0,64.0
-34.69,1625449482.0,64.0
-37.92,1625449482.0,64.0
-40.91,1625449482.0,64.0
-43.23,1625449482.0,64.0
-44.29,1625449482.0,64.0
-43.49,1625449482.0,64.0
-40.45,1625449482.0,64.0
-35.09,1625449482.0,64.0
-27.73,1625449482.0,64.0
-18.91,1625449482.0,64.0
-9.29,1625449482.0,64.0
0.5,1625449482.0,64.0
9.88,1625449482.0,64.0
18.35,1625449482.0,64.0
25.45,1625449482.0,64.0
30.77,1625449482.0,64.0
34.16,1625449482.0,64.0
35.74,1625449482.0,64.0
35.93,1625449482.0,64.0
35.36,1625449482.0,64.0
34.61,1625449482.0,64.0
34.06,1625449482.0,64.0
33.82,1625449482.0,64.0
33.75,1625449482.0,64.0
33.63,1625449482.0,64.0
33.2,1625449482.0,64.0
32.27,1625449482.0,64.0
30.72,1625449482.0,64.0
28.49,1625449482.0,64.0
25.58,1625449482.0,64.0
22.08,1625449482.0,64.0
18.15,1625449482.0,64.0
14.07,1625449482.0,64.0
10.1,1625449482.0,64.0
6.49,1625449482.0,64.0
3.36,1625449482.0,64.0
0.7,1625449482.0,64.0
-1.58,1625449482.0,64.0
-3.66,1625449482.0,64.0
-5.7,1625449482.0,64.0
-7.86,1625449482.0,64.0
-10.18,1625449482.0,64.0
-12.67,1625449482.0,64.0
-15.25,1625449482.0,64.0
-17.82,1625449482.0,64.0
-20.3,1625449482.0,64.0
-22.7,1625449482.0,64.0
-25.14,1625449482.0,64.0
-27.84,1625449482.0,64.0
-30.98,1625449482.0,64.0
-34.55,1625449482.0,64.0
-38.24,1625449482.0,64.0
-41.4,1625449482.0,64.0
-43.23,1625449482.0,64.0
-43.01,1625449482.0,64.0
-40.4,1625449482.0,64.0
-35.47,1625449482.0,64.0
-28.73,1625449482.0,64.0
-20.82,1625449482.0,64.0
-12.3,1625449482.0,64.0
-3.59,1625449482.0,64.0
5.03,1625449482.0,64.0
13.25,1625449482.0,64.0
20.63,1625449482.0,64.0
26.63,1625449482.0,64.0
30.75,1625449482.0,64.0
32.81,1625449482.0,64.0
33.04,1625449482.0,64.0
32.08,1625449482.0,64.0
30.72,1625449482.0,64.0
29.69,1625449482.0,64.0
29.37,1625449482.0,64.0
29.72,1625449482.0,64.0
30.4,1625449482.0,64.0
30.94,1625449482.0,64.0
30.9,1625449482.0,64.0
30.05,1625449482.0,64.0
28.33,1625449482.0,64.0
25.89,1625449482.0,64.0
22.94,1625449482.0,64.0
19.73,1625449482.0,64.0
16.47,1625449482.0,64.0
13.28,1625449482.0,64.0
10.21,1625449482.0,64.0
7.3,1625449482.0,64.0
4.5,1625449482.0,64.0
1.82,1625449482.0,64.0
-0.78,1625449482.0,64.0
-3.33,1625449482.0,64.0
-5.91,1625449482.0,64.0
-8.63,1625449482.0,64.0
-11.54,1625449482.0,64.0
-14.65,1625449482.0,64.0
-17.88,1625449482.0,64.0
-21.12,1625449482.0,64.0
-24.31,1625449482.0,64.0
-27.48,1625449482.0,64.0
-30.71,1625449482.0,64.0
-33.99,1625449482.0,64.0
-37.09,1625449482.0,64.0
-39.51,1625449482.0,64.0
-40.6,1625449482.0,64.0
-39.73,1625449482.0,64.0
-36.55,1625449482.0,64.0
-31.14,1625449482.0,64.0
-23.99,1625449482.0,64.0
-15.82,1625449482.0,64.0
-7.34,1625449482.0,64.0
0.86,1625449482.0,64.0
8.42,1625449482.0,64.0
15.02,1625449482.0,64.0
20.38,1625449482.0,64.0
24.23,1625449482.0,64.0
26.41,1625449482.0,64.0
26.99,1625449482.0,64.0
26.36,1625449482.0,64.0
25.15,1625449482.0,64.0
24.06,1625449482.0,64.0
23.6,1625449482.0,64.0
23.91,1625449482.0,64.0
24.69,1625449482.0,64.0
25.35,1625449482.0,64.0
25.26,1625449482.0,64.0
24.06,1625449482.0,64.0
21.78,1625449482.0,64.0
18.81,1625449482.0,64.0
15.71,1625449482.0,64.0
12.92,1625449482.0,64.0
10.62,1625449482.0,64.0
8.64,1625449482.0,64.0
6.66,1625449482.0,64.0
4.37,1625449482.0,64.0
1.65,1625449482.0,64.0
-1.34,1625449482.0,64.0
-4.36,1625449482.0,64.0
-7.14,1625449482.0,64.0
-9.61,1625449482.0,64.0
-11.87,1625449482.0,64.0
-14.17,1625449482.0,64.0
-16.74,1625449482.0,64.0
-19.66,1625449482.0,64.0
-22.9,1625449482.0,64.0
-26.33,1625449482.0,64.0
-29.83,1625449482.0,64.0
-33.27,1625449482.0,64.0
-36.43,1625449482.0,64.0
-38.94,1625449482.0,64.0
-40.25,1625449482.0,64.0
-39.73,1625449482.0,64.0
-36.95,1625449482.0,64.0
-31.81,1625449482.0,64.0
-24.65,1625449482.0,64.0
-16.16,1625449482.0,64.0
-7.11,1625449482.0,64.0
1.85,1625449482.0,64.0
10.21,1625449482.0,64.0
17.61,1625449482.0,64.0
23.75,1625449482.0,64.0
28.31,1625449482.0,64.0
31.08,1625449482.0,64.0
32.08,1625449482.0,64.0
31.63,1625449482.0,64.0
30.26,1625449482.0,64.0
28.65,1625449482.0,64.0
27.26,1625449482.0,64.0
26.32,1625449482.0,64.0
25.67,1625449482.0,64.0
24.97,1625449482.0,64.0
23.83,1625449482.0,64.0
22.01,1625449482.0,64.0
19.53,1625449482.0,64.0
16.65,1625449482.0,64.0
13.74,1625449482.0,64.0
11.1,1625449482.0,64.0
8.89,1625449482.0,64.0
7.0,1625449482.0,64.0
5.19,1625449482.0,64.0
3.18,1625449482.0,64.0
0.8,1625449482.0,64.0
-2.0,1625449482.0,64.0
-5.09,1625449482.0,64.0
-8.26,1625449482.0,64.0
-11.32,1625449482.0,64.0
-14.15,1625449482.0,64.0
-16.71,1625449482.0,64.0
-19.11,1625449482.0,64.0
-21.47,1625449482.0,64.0
-24.02,1625449482.0,64.0
-26.96,1625449482.0,64.0
-30.47,1625449482.0,64.0
-34.59,1625449482.0,64.0
-39.17,1625449482.0,64.0
-43.73,1625449482.0,64.0
-47.6,1625449482.0,64.0
-50.0,1625449482.0,64.0
-50.27,1625449482.0,64.0
-48.06,1625449482.0,64.0
-43.41,1625449482.0,64.0
-36.76,1625449482.0,64.0
-28.76,1625449482.0,64.0
-20.0,1625449482.0,64.0
-10.93,1625449482.0,64.0
-1.8,1625449482.0,64.0
7.2,1625449482.0,64.0
15.75,1625449482.0,64.0
23.37,1625449482.0,64.0
29.45,1625449482.0,64.0
33.57,1625449482.0,64.0
35.63,1625449482.0,64.0
36.01,1625449482.0,64.0
35.37,1625449482.0,64.0
34.47,1625449482.0,64.0
33.79,1625449482.0,64.0
33.48,1625449482.0,64.0
33.37,1625449482.0,64.0
33.12,1625449482.0,64.0
32.45,1625449482.0,64.0
31.21,1625449482.0,64.0
29.39,1625449482.0,64.0
27.1,1625449482.0,64.0
24.42,1625449482.0,64.0
21.46,1625449482.0,64.0
18.28,1625449482.0,64.0
14.97,1625449482.0,64.0
11.58,1625449482.0,64.0
8.17,1625449482.0,64.0
4.77,1625449482.0,64.0
1.43,1625449482.0,64.0
-1.82,1625449482.0,64.0
-4.93,1625449482.0,64.0
-7.87,1625449482.0,64.0
-10.68,1625449482.0,64.0
-13.42,1625449482.0,64.0
-16.17,1625449482.0,64.0
-19.03,1625449482.0,64.0
-22.05,1625449482.0,64.0
-25.29,1625449482.0,64.0
-28.8,1625449482.0,64.0
-32.58,1625449482.0,64.0
-36.57,1625449482.0,64.0
-40.55,1625449482.0,64.0
-44.08,1625449482.0,64.0
-46.53,1625449482.0,64.0
-47.19,1625449482.0,64.0
-45.51,1625449482.0,64.0
-41.26,1625449482.0,64.0
-34.69,1625449482.0,64.0
-26.42,1625449482.0,64.0
-17.21,1625449482.0,64.0
-7.76,1625449482.0,64.0
1.41,1625449482.0,64.0
10.02,1625449482.0,64.0
17.82,1625449482.0,64.0
24.53,1625449482.0,64.0
29.81,1625449482.0,64.0
33.4,1625449482.0,64.0
35.23,1625449482.0,64.0
35.58,1625449482.0,64.0
35.01,1625449482.0,64.0
34.11,1625449482.0,64.0
33.3,1625449482.0,64.0
32.69,1625449482.0,64.0
32.09,1625449482.0,64.0
31.21,1625449482.0,64.0
29.78,1625449482.0,64.0
27.78,1625449482.0,64.0
25.32,1625449482.0,64.0
22.59,1625449482.0,64.0
19.76,1625449482.0,64.0
16.91,1625449482.0,64.0
14.06,1625449482.0,64.0
11.17,1625449482.0,64.0
8.25,1625449482.0,64.0
5.3,1625449482.0,64.0
2.35,1625449482.0,64.0
-0.55,1625449482.0,64.0
-3.37,1625449482.0,64.0
-6.07,1625449482.0,64.0
-8.66,1625449482.0,64.0
-11.21,1625449482.0,64.0
-13.8,1625449482.0,64.0
-16.56,1625449482.0,64.0
-19.54,1625449482.0,64.0
-22.75,1625449482.0,64.0
-26.11,1625449482.0,64.0
-29.55,1625449482.0,64.0
-33.06,1625449482.0,64.0
-36.62,1625449482.0,64.0
-40.18,1625449482.0,64.0
-43.49,1625449482.0,64.0
-46.12,1625449482.0,64.0
-47.48,1625449482.0,64.0
-47.01,1625449482.0,64.0
-44.38,1625449482.0,64.0
-39.57,1625449482.0,64.0
-32.89,1625449482.0,64.0
-24.82,1625449482.0,64.0
-15.84,1625449482.0,64.0
-6.37,1625449482.0,64.0
3.23,1625449482.0,64.0
12.53,1625449482.0,64.0
21.0,1625449482.0,64.0
28.06,1625449482.0,64.0
33.21,1625449482.0,64.0
36.25,1625449482.0,64.0
37.36,1625449482.0,64.0
37.06,1625449482.0,64.0
36.04,1625449482.0,64.0
34.94,1625449482.0,64.0
34.16,1625449482.0,64.0
33.77,1625449482.0,64.0
33.56,1625449482.0,64.0
33.18,1625449482.0,64.0
32.29,1625449482.0,64.0
30.67,1625449482.0,64.0
28.26,1625449482.0,64.0
25.16,1625449482.0,64.0
21.56,1625449482.0,64.0
17.68,1625449482.0,64.0
13.72,1625449482.0,64.0
9.86,1625449482.0,64.0
6.24,1625449482.0,64.0
3.0,1625449482.0,64.0
0.22,1625449482.0,64.0
-2.1,1625449482.0,64.0
-4.09,1625449482.0,64.0
-5.98,1625449482.0,64.0
-8.04,1625449482.0,64.0
-10.44,1625449482.0,64.0
-13.26,1625449482.0,64.0
-16.4,1625449482.0,64.0
-19.68,1625449482.0,64.0
-22.92,1625449482.0,64.0
-25.99,1625449482.0,64.0
-28.91,1625449482.0,64.0
-31.76,1625449482.0,64.0
-34.71,1625449482.0,64.0
-37.86,1625449482.0,64.0
-41.12,1625449482.0,64.0
-44.19,1625449482.0,64.0
-46.51,1625449482.0,64.0
-47.39,1625449482.0,64.0
-46.25,1625449482.0,64.0
-42.8,1625449482.0,64.0
-37.12,1625449482.0,64.0
-29.64,1625449482.0,64.0
-20.96,1625449482.0,64.0
-11.66,1625449482.0,64.0
-2.17,1625449482.0,64.0
7.16,1625449482.0,64.0
16.0,1625449482.0,64.0
23.9,1625449482.0,64.0
30.34,1625449482.0,64.0
34.85,1625449482.0,64.0
37.23,1625449482.0,64.0
37.67,1625449482.0,64.0
36.78,1625449482.0,64.0
35.35,1625449482.0,64.0
34.08,1625449482.0,64.0
33.34,1625449482.0,64.0
33.08,1625449482.0,64.0
32.92,1625449482.0,64.0
32.4,1625449482.0,64.0
31.23,1625449482.0,64.0
29.32,1625449482.0,64.0
26.82,1625449482.0,64.0
23.93,1625449482.0,64.0
20.85,1625449482.0,64.0
17.66,1625449482.0,64.0
14.47,1625449482.0,64.0
11.4,1625449482.0,64.0
8.58,1625449482.0,64.0
6.13,1625449482.0,64.0
4.02,1625449482.0,64.0
2.08,1625449482.0,64.0
0.06,1625449482.0,64.0
-2.27,1625449482.0,64.0
-4.97,1625449482.0,64.0
-7.93,1625449482.0,64.0
-10.96,1625449482.0,64.0
-13.85,1625449482.0,64.0
-16.51,1625449482.0,64.0
-18.98,1625449482.0,64.0
-21.38,1625449482.0,64.0
-23.89,1625449482.0,64.0
-26.68,1625449482.0,64.0
-29.85,1625449482.0,64.0
-33.38,1625449482.0,64.0
-37.04,1625449482.0,64.0
-40.39,1625449482.0,64.0
-42.81,1625449482.0,64.0
-43.59,1625449482.0,64.0
-42.16,1625449482.0,64.0
-38.25,1625449482.0,64.0
-32.04,1625449482.0,64.0
-24.08,1625449482.0,64.0
-15.14,1625449482.0,64.0
-5.97,1625449482.0,64.0
2.84,1625449482.0,64.0
10.91,1625449482.0,64.0
18.0,1625449482.0,64.0
23.82,1625449482.0,64.0
28.12,1625449482.0,64.0
30.68,1625449482.0,64.0
31.55,1625449482.0,64.0
31.13,1625449482.0,64.0
30.08,1625449482.0,64.0
29.1,1625449482.0,64.0
28.65,1625449482.0,64.0
28.76,1625449482.0,64.0
29.1,1625449482.0,64.0
29.14,1625449482.0,64.0
28.48,1625449482.0,64.0
27.0,1625449482.0,64.0
24.85,1625449482.0,64.0
22.32,1625449482.0,64.0
19.67,1625449482.0,64.0
17.03,1625449482.0,64.0
14.38,1625449482.0,64.0
11.69,1625449482.0,64.0
8.95,1625449482.0,64.0
6.21,1625449482.0,64.0
3.53,1625449482.0,64.0
0.96,1625449482.0,64.0
-1.51,1625449482.0,64.0
-3.9,1625449482.0,64.0
-6.26,1625449482.0,64.0
-8.63,1625449482.0,64.0
-11.05,1625449482.0,64.0
-13.58,1625449482.0,64.0
-16.28,1625449482.0,64.0
-19.18,1625449482.0,64.0
-22.24,1625449482.0,64.0
-25.39,1625449482.0,64.0
-28.6,1625449482.0,64.0
-31.85,1625449482.0,64.0
-35.15,1625449482.0,64.0
-38.35,1625449482.0,64.0
-41.08,1625449482.0,64.0
-42.68,1625449482.0,64.0
-42.41,1625449482.0,64.0
-39.75,1625449482.0,64.0
-34.6,1625449482.0,64.0
-27.37,1625449482.0,64.0
-18.81,1625449482.0,64.0
-9.74,1625449482.0,64.0
-0.75,1625449482.0,64.0
7.8,1625449482.0,64.0
15.77,1625449482.0,64.0
22.89,1625449482.0,64.0
28.79,1625449482.0,64.0
33.02,1625449482.0,64.0
35.28,1625449482.0,64.0
35.69,1625449482.0,64.0
34.78,1625449482.0,64.0
33.35,1625449482.0,64.0
32.16,1625449482.0,64.0
31.58,1625449482.0,64.0
31.55,1625449482.0,64.0
31.62,1625449482.0,64.0
31.21,1625449482.0,64.0
29.92,1625449482.0,64.0
27.64,1625449482.0,64.0
24.53,1625449482.0,64.0
20.94,1625449482.0,64.0
17.18,1625449482.0,64.0
13.46,1625449482.0,64.0
9.88,1625449482.0,64.0
6.47,1625449482.0,64.0
3.28,1625449482.0,64.0
0.35,1625449482.0,64.0
-2.33,1625449482.0,64.0
-4.82,1625449482.0,64.0
-7.23,1625449482.0,64.0
-9.67,1625449482.0,64.0
-12.17,1625449482.0,64.0
-14.68,1625449482.0,64.0
-17.09,1625449482.0,64.0
-19.34,1625449482.0,64.0
-21.49,1625449482.0,64.0
-23.7,1625449482.0,64.0
-26.23,1625449482.0,64.0
-29.28,1625449482.0,64.0
-32.91,1625449482.0,64.0
-36.93,1625449482.0,64.0
-40.87,1625449482.0,64.0
-44.07,1625449482.0,64.0
-45.78,1625449482.0,64.0
-45.34,1625449482.0,64.0
-42.41,1625449482.0,64.0
-37.03,1625449482.0,64.0
-29.62,1625449482.0,64.0
-20.88,1625449482.0,64.0
-11.5,1625449482.0,64.0
-2.04,1625449482.0,64.0
7.15,1625449482.0,64.0
15.83,1625449482.0,64.0
23.76,1625449482.0,64.0
30.54,1625449482.0,64.0
35.74,1625449482.0,64.0
39.05,1625449482.0,64.0
40.42,1625449482.0,64.0
40.22,1625449482.0,64.0
39.05,1625449482.0,64.0
37.61,1625449482.0,64.0
36.42,1625449482.0,64.0
35.63,1625449482.0,64.0
35.06,1625449482.0,64.0
34.33,1625449482.0,64.0
33.07,1625449482.0,64.0
31.08,1625449482.0,64.0
28.42,1625449482.0,64.0
25.28,1625449482.0,64.0
21.94,1625449482.0,64.0
18.6,1625449482.0,64.0
15.39,1625449482.0,64.0
12.29,1625449482.0,64.0
9.28,1625449482.0,64.0
6.3,1625449482.0,64.0
3.39,1625449482.0,64.0
0.6,1625449482.0,64.0
-1.99,1625449482.0,64.0
-4.38,1625449482.0,64.0
-6.62,1625449482.0,64.0
-8.81,1625449482.0,64.0
-11.11,1625449482.0,64.0
-13.61,1625449482.0,64.0
-16.32,1625449482.0,64.0
-19.19,1625449482.0,64.0
-22.19,1625449482.0,64.0
-25.32,1625449482.0,64.0
-28.68,1625449482.0,64.0
-32.33,1625449482.0,64.0
-36.23,1625449482.0,64.0
-40.07,1625449482.0,64.0
-43.32,1625449482.0,64.0
-45.28,1625449482.0,64.0
-45.27,1625449482.0,64.0
-42.89,1625449482.0,64.0
-38.08,1625449482.0,64.0
-31.15,1625449482.0,64.0
-22.72,1625449482.0,64.0
-13.48,1625449482.0,64.0
-4.08,1625449482.0,64.0
4.97,1625449482.0,64.0
13.28,1625449482.0,64.0
20.52,1625449482.0,64.0
26.37,1625449482.0,64.0
30.5,1625449482.0,64.0
32.74,1625449482.0,64.0
33.17,1625449482.0,64.0
32.23,1625449482.0,64.0
30.57,1625449482.0,64.0
28.87,1625449482.0,64.0
27.59,1625449482.0,64.0
26.81,1625449482.0,64.0
26.27,1625449482.0,64.0
25.58,1625449482.0,64.0
24.45,1625449482.0,64.0
22.83,1625449482.0,64.0
20.91,1625449482.0,64.0
18.88,1625449482.0,64.0
16.87,1625449482.0,64.0
14.85,1625449482.0,64.0
12.68,1625449482.0,64.0
10.27,1625449482.0,64.0
7.67,1625449482.0,64.0
5.04,1625449482.0,64.0
2.6,1625449482.0,64.0
0.48,1625449482.0,64.0
-1.36,1625449482.0,64.0
-3.05,1625449482.0,64.0
-4.81,1625449482.0,64.0
-6.81,1625449482.0,64.0
-9.15,1625449482.0,64.0
-11.81,1625449482.0,64.0
-14.74,1625449482.0,64.0
-17.86,1625449482.0,64.0
-21.1,1625449482.0,64.0
-24.5,1625449482.0,64.0
-28.1,1625449482.0,64.0
-31.97,1625449482.0,64.0
-36.12,1625449482.0,64.0
-40.34,1625449482.0,64.0
-44.18,1625449482.0,64.0
-47.02,1625449482.0,64.0
-48.18,1625449482.0,64.0
-47.1,1625449482.0,64.0
-43.58,1625449482.0,64.0
-37.81,1625449482.0,64.0
-30.26,1625449482.0,64.0
-21.57,1625449482.0,64.0
-12.29,1625449482.0,64.0
-2.86,1625449482.0,64.0
6.37,1625449482.0,64.0
15.02,1625449482.0,64.0
22.63,1625449482.0,64.0
28.71,1625449482.0,64.0
32.9,1625449482.0,64.0
35.12,1625449482.0,64.0
35.69,1625449482.0,64.0
35.2,1625449482.0,64.0
34.31,1625449482.0,64.0
33.56,1625449482.0,64.0
33.15,1625449482.0,64.0
33.0,1625449482.0,64.0
32.8,1625449482.0,64.0
32.19,1625449482.0,64.0
30.9,1625449482.0,64.0
28.85,1625449482.0,64.0
26.19,1625449482.0,64.0
23.2,1625449482.0,64.0
20.2,1625449482.0,64.0
17.4,1625449482.0,64.0
14.85,1625449482.0,64.0
12.48,1625449482.0,64.0
10.14,1625449482.0,64.0
7.69,1625449482.0,64.0
5.07,1625449482.0,64.0
2.34,1625449482.0,64.0
-0.45,1625449482.0,64.0
-3.26,1625449482.0,64.0
-6.07,1625449482.0,64.0
-8.9,1625449482.0,64.0
-11.76,1625449482.0,64.0
-14.63,1625449482.0,64.0
-17.46,1625449482.0,64.0
-20.21,1625449482.0,64.0
-22.92,1625449482.0,64.0
-25.71,1625449482.0,64.0
-28.77,1625449482.0,64.0
-32.27,1625449482.0,64.0
-36.18,1625449482.0,64.0
-40.21,1625449482.0,64.0
-43.7,1625449482.0,64.0
-45.82,1625449482.0,64.0
-45.77,1625449482.0,64.0
-43.11,1625449482.0,64.0
-37.89,1625449482.0,64.0
-30.69,1625449482.0,64.0
-22.33,1625449482.0,64.0
-13.59,1625449482.0,64.0
-4.99,1625449482.0,64.0
3.23,1625449482.0,64.0
10.93,1625449482.0,64.0
17.93,1625449482.0,64.0
23.86,1625449482.0,64.0
28.29,1625449482.0,64.0
30.97,1625449482.0,64.0
31.95,1625449482.0,64.0
31.7,1625449482.0,64.0
30.87,1625449482.0,64.0
30.05,1625449482.0,64.0
29.53,1625449482.0,64.0
29.28,1625449482.0,64.0
29.01,1625449482.0,64.0
28.39,1625449482.0,64.0
27.23,1625449482.0,64.0
25.52,1625449482.0,64.0
23.39,1625449482.0,64.0
21.01,1625449482.0,64.0
18.52,1625449482.0,64.0
15.97,1625449482.0,64.0
13.32,1625449482.0,64.0
10.53,1625449482.0,64.0
7.58,1625449482.0,64.0
4.5,1625449482.0,64.0
1.44,1625449482.0,64.0
-1.46,1625449482.0,64.0
-4.05,1625449482.0,64.0
-6.31,1625449482.0,64.0
-8.35,1625449482.0,64.0
-10.38,1625449482.0,64.0
-12.67,1625449482.0,64.0
-15.36,1625449482.0,64.0
-18.47,1625449482.0,64.0
-21.87,1625449482.0,64.0
-25.43,1625449482.0,64.0
-29.11,1625449482.0,64.0
-33.02,1625449482.0,64.0
-37.21,1625449482.0,64.0
-41.62,1625449482.0,64.0
-45.83,1625449482.0,64.0
-49.12,1625449482.0,64.0
-50.64,1625449482.0,64.0
-49.69,1625449482.0,64.0
-45.98,1625449482.0,64.0
-39.73,1625449482.0,64.0
-31.63,1625449482.0,64.0
-22.55,1625449482.0,64.0
-13.3,1625449482.0,64.0
-4.46,1625449482.0,64.0
3.66,1625449482.0,64.0
10.86,1625449482.0,64.0
16.96,1625449482.0,64.0
21.72,1625449482.0,64.0
24.95,1625449482.0,64.0
26.62,1625449482.0,64.0
26.97,1625449482.0,64.0
26.47,1625449482.0,64.0
25.65,1625449482.0,64.0
24.93,1625449482.0,64.0
24.49,1625449482.0,64.0
24.23,1625449482.0,64.0
23.86,1625449482.0,64.0
23.12,1625449482.0,64.0
21.83,1625449482.0,64.0
19.98,1625449482.0,64.0
17.71,1625449482.0,64.0
15.15,1625449482.0,64.0
12.46,1625449482.0,64.0
9.67,1625449482.0,64.0
6.81,1625449482.0,64.0
3.84,1625449482.0,64.0
0.79,1625449482.0,64.0
-2.29,1625449482.0,64.0
-5.3,1625449482.0,64.0
-8.15,1625449482.0,64.0
-10.79,1625449482.0,64.0
-13.27,1625449482.0,64.0
-15.63,1625449482.0,64.0
-17.95,1625449482.0,64.0
-20.3,1625449482.0,64.0
-22.71,1625449482.0,64.0
-25.26,1625449482.0,64.0
-28.06,1625449482.0,64.0
-31.28,1625449482.0,64.0
-35.0,1625449482.0,64.0
-39.11,1625449482.0,64.0
-43.23,1625449482.0,64.0
-46.68,1625449482.0,64.0
-48.61,1625449482.0,64.0
-48.27,1625449482.0,64.0
-45.2,1625449482.0,64.0
-39.48,1625449482.0,64.0
-31.64,1625449482.0,64.0
-22.56,1625449482.0,64.0
-13.13,1625449482.0,64.0
-4.05,1625449482.0,64.0
4.3,1625449482.0,64.0
11.83,1625449482.0,64.0
18.52,1625449482.0,64.0
24.25,1625449482.0,64.0
28.79,1625449482.0,64.0
31.9,1625449482.0,64.0
33.44,1625449482.0,64.0
33.61,1625449482.0,64.0
32.83,1625449482.0,64.0
31.63,1625449482.0,64.0
30.35,1625449482.0,64.0
29.07,1625449482.0,64.0
27.59,1625449482.0,64.0
25.66,1625449482.0,64.0
23.11,1625449482.0,64.0
20.06,1625449482.0,64.0
16.82,1625449482.0,64.0
13.8,1625449482.0,64.0
11.32,1625449482.0,64.0
9.52,1625449482.0,64.0
8.39,1625449482.0,64.0
7.76,1625449482.0,64.0
7.4,1625449482.0,64.0
7.05,1625449482.0,64.0
6.49,1625449482.0,64.0
5.61,1625449482.0,64.0
4.41,1625449482.0,64.0
3.0,1625449482.0,64.0
1.47,1625449482.0,64.0
-0.12,1625449482.0,64.0
-1.84,1625449482.0,64.0
-3.84,1625449482.0,64.0
-6.27,1625449482.0,64.0
-9.21,1625449482.0,64.0
-12.63,1625449482.0,64.0
-16.44,1625449482.0,64.0
-20.5,1625449482.0,64.0
-24.6,1625449482.0,64.0
-28.42,1625449482.0,64.0
-31.48,1625449482.0,64.0
-33.16,1625449482.0,64.0
-32.85,1625449482.0,64.0
-30.14,1625449482.0,64.0
-25.07,1625449482.0,64.0
-18.06,1625449482.0,64.0
-9.83,1625449482.0,64.0
-1.17,1625449482.0,64.0
7.33,1625449482.0,64.0
15.24,1625449482.0,64.0
22.32,1625449482.0,64.0
28.31,1625449482.0,64.0
32.91,1625449482.0,64.0
35.86,1625449482.0,64.0
37.04,1625449482.0,64.0
36.66,1625449482.0,64.0
35.22,1625449482.0,64.0
33.39,1625449482.0,64.0
31.71,1625449482.0,64.0
30.4,1625449482.0,64.0
29.4,1625449482.0,64.0
28.38,1625449482.0,64.0
27.06,1625449482.0,64.0
25.28,1625449482.0,64.0
23.06,1625449482.0,64.0
20.55,1625449482.0,64.0
17.92,1625449482.0,64.0
15.27,1625449482.0,64.0
12.65,1625449482.0,64.0
10.05,1625449482.0,64.0
7.41,1625449482.0,64.0
4.66,1625449482.0,64.0
1.75,1625449482.0,64.0
-1.31,1625449482.0,64.0
-4.41,1625449482.0,64.0
-7.37,1625449482.0,64.0
-10.06,1625449482.0,64.0
-12.44,1625449482.0,64.0
-14.67,1625449482.0,64.0
-17.01,1625449482.0,64.0
-19.73,1625449482.0,64.0
-22.93,1625449482.0,64.0
-26.54,1625449482.0,64.0
-30.35,1625449482.0,64.0
-34.19,1625449482.0,64.0
-37.92,1625449482.0,64.0
-41.44,1625449482.0,64.0
-44.52,1625449482.0,64.0
-46.71,1625449482.0,64.0
-47.35,1625449482.0,64.0
-45.83,1625449482.0,64.0
-41.78,1625449482.0,64.0
-35.35,1625449482.0,64.0
-27.13,1625449482.0,64.0
-17.93,1625449482.0,64.0
-8.5,1625449482.0,64.0
0.64,1625449482.0,64.0
9.22,1625449482.0,64.0
17.05,1625449482.0,64.0
23.85,1625449482.0,64.0
29.19,1625449482.0,64.0
32.67,1625449482.0,64.0
34.16,1625449482.0,64.0
33.94,1625449482.0,64.0
32.67,1625449482.0,64.0
31.18,1625449482.0,64.0
30.1,1625449482.0,64.0
29.66,1625449482.0,64.0
29.63,1625449482.0,64.0
29.54,1625449482.0,64.0
28.95,1625449482.0,64.0
27.67,1625449482.0,64.0
25.81,1625449482.0,64.0
23.64,1625449482.0,64.0
21.4,1625449482.0,64.0
19.21,1625449482.0,64.0
16.98,1625449482.0,64.0
14.58,1625449482.0,64.0
11.92,1625449482.0,64.0
9.05,1625449482.0,64.0
6.11,1625449482.0,64.0
3.26,1625449482.0,64.0
0.56,1625449482.0,64.0
-2.02,1625449482.0,64.0
-4.59,1625449482.0,64.0
-7.26,1625449482.0,64.0
-10.12,1625449482.0,64.0
-13.16,1625449482.0,64.0
-16.37,1625449482.0,64.0
-19.71,1625449482.0,64.0
-23.17,1625449482.0,64.0
-26.72,1625449482.0,64.0
-30.38,1625449482.0,64.0
-34.16,1625449482.0,64.0
-38.02,1625449482.0,64.0
-41.76,1625449482.0,64.0
-45.02,1625449482.0,64.0
-47.21,1625449482.0,64.0
-47.63,1625449482.0,64.0
-45.76,1625449482.0,64.0
-41.36,1625449482.0,64.0
-34.65,1625449482.0,64.0
-26.21,1625449482.0,64.0
-16.81,1625449482.0,64.0
-7.16,1625449482.0,64.0
2.27,1625449482.0,64.0
11.16,1625449482.0,64.0
19.28,1625449482.0,64.0
26.32,1625449482.0,64.0
31.88,1625449482.0,64.0
35.62,1625449482.0,64.0
37.47,1625449482.0,64.0
37.72,1625449482.0,64.0
36.99,1625449482.0,64.0
36.0,1625449482.0,64.0
35.29,1625449482.0,64.0
34.99,1625449482.0,64.0
34.87,1625449482.0,64.0
34.5,1625449482.0,64.0
33.53,1625449482.0,64.0
31.84,1625449482.0,64.0
29.53,1625449482.0,64.0
26.82,1625449482.0,64.0
23.91,1625449482.0,64.0
20.93,1625449482.0,64.0
17.91,1625449482.0,64.0
14.9,1625449482.0,64.0
11.96,1625449482.0,64.0
9.16,1625449482.0,64.0
6.53,1625449482.0,64.0
4.07,1625449482.0,64.0
1.74,1625449482.0,64.0
-0.52,1625449482.0,64.0
-2.77,1625449482.0,64.0
-5.03,1625449482.0,64.0
-7.35,1625449482.0,64.0
-9.77,1625449482.0,64.0
-12.34,1625449482.0,64.0
-15.06,1625449482.0,64.0
-17.92,1625449482.0,64.0
-20.88,1625449482.0,64.0
-23.95,1625449482.0,64.0
-27.16,1625449482.0,64.0
-30.55,1625449482.0,64.0
-34.0,1625449482.0,64.0
-37.16,1625449482.0,64.0
-39.43,1625449482.0,64.0
-40.11,1625449482.0,64.0
-38.64,1625449482.0,64.0
-34.79,1625449482.0,64.0
-28.76,1625449482.0,64.0
-21.11,1625449482.0,64.0
-12.54,1625449482.0,64.0
-3.66,1625449482.0,64.0
5.06,1625449482.0,64.0
13.31,1625449482.0,64.0
20.8,1625449482.0,64.0
27.16,1625449482.0,64.0
32.01,1625449482.0,64.0
35.09,1625449482.0,64.0
36.39,1625449482.0,64.0
36.22,1625449482.0,64.0
35.09,1625449482.0,64.0
33.54,1625449482.0,64.0
31.97,1625449482.0,64.0
30.54,1625449482.0,64.0
29.22,1625449482.0,64.0
27.89,1625449482.0,64.0
26.45,1625449482.0,64.0
24.87,1625449482.0,64.0
23.12,1625449482.0,64.0
21.16,1625449482.0,64.0
18.93,1625449482.0,64.0
16.38,1625449482.0,64.0
13.53,1625449482.0,64.0
10.47,1625449482.0,64.0
7.36,1625449482.0,64.0
4.37,1625449482.0,64.0
1.62,1625449482.0,64.0
-0.84,1625449482.0,64.0
-3.04,1625449482.0,64.0
-5.03,1625449482.0,64.0
-6.91,1625449482.0,64.0
-8.79,1625449482.0,64.0
-10.75,1625449482.0,64.0
-12.87,1625449482.0,64.0
-15.2,1625449482.0,64.0
-17.77,1625449482.0,64.0
-20.61,1625449482.0,64.0
-23.76,1625449482.0,64.0
-27.24,1625449482.0,64.0
-31.03,1625449482.0,64.0
-34.96,1625449482.0,64.0
-38.67,1625449482.0,64.0
-41.58,1625449482.0,64.0
-43.02,1625449482.0,64.0
-42.38,1625449482.0,64.0
-39.34,1625449482.0,64.0
-33.96,1625449482.0,64.0
-26.72,1625449482.0,64.0
-18.33,1625449482.0,64.0
-9.57,1625449482.0,64.0
-1.02,1625449482.0,64.0
6.87,1625449482.0,64.0
13.79,1625449482.0,64.0
19.48,1625449482.0,64.0
23.64,1625449482.0,64.0
26.08,1625449482.0,64.0
26.86,1625449482.0,64.0
26.37,1625449482.0,64.0
25.29,1625449482.0,64.0
24.32,1625449482.0,64.0
23.95,1625449482.0,64.0
24.27,1625449482.0,64.0
24.94,1625449482.0,64.0
25.44,1625449482.0,64.0
25.22,1625449482.0,64.0
24.0,1625449482.0,64.0
21.76,1625449482.0,64.0
18.79,1625449482.0,64.0
15.46,1625449482.0,64.0
12.17,1625449482.0,64.0
9.16,1625449482.0,64.0
6.5,1625449482.0,64.0
4.11,1625449482.0,64.0
1.83,1625449482.0,64.0
-0.49,1625449482.0,64.0
-2.9,1625449482.0,64.0
-5.34,1625449482.0,64.0
-7.71,1625449482.0,64.0
-9.94,1625449482.0,64.0
-12.03,1625449482.0,64.0
-14.1,1625449482.0,64.0
-16.31,1625449482.0,64.0
-18.78,1625449482.0,64.0
-21.52,1625449482.0,64.0
-24.49,1625449482.0,64.0
-27.59,1625449482.0,64.0
-30.75,1625449482.0,64.0
-33.83,1625449482.0,64.0
-36.6,1625449482.0,64.0
-38.61,1625449482.0,64.0
-39.28,1625449482.0,64.0
-38.03,1625449482.0,64.0
-34.54,1625449482.0,64.0
-28.91,1625449482.0,64.0
-21.61,1625449482.0,64.0
-13.32,1625449482.0,64.0
-4.66,1625449482.0,64.0
3.87,1625449482.0,64.0
11.97,1625449482.0,64.0
19.3,1625449482.0,64.0
25.47,1625449482.0,64.0
30.06,1625449482.0,64.0
32.77,1625449482.0,64.0
33.65,1625449482.0,64.0
33.16,1625449482.0,64.0
32.0,1625449482.0,64.0
30.84,1625449482.0,64.0
30.09,1625449482.0,64.0
29.78,1625449482.0,64.0
29.65,1625449482.0,64.0
29.34,1625449482.0,64.0
28.57,1625449482.0,64.0
27.21,1625449482.0,64.0
25.28,1625449482.0,64.0
22.9,1625449482.0,64.0
20.23,1625449482.0,64.0
17.42,1625449482.0,64.0
14.58,1625449482.0,64.0
11.73,1625449482.0,64.0
8.84,1625449482.0,64.0
5.83,1625449482.0,64.0
2.65,1625449482.0,64.0
-0.62,1625449482.0,64.0
-3.79,1625449482.0,64.0
-6.64,1625449482.0,64.0
-9.03,1625449482.0,64.0
-11.02,1625449482.0,64.0
-12.89,1625449482.0,64.0
-14.96,1625449482.0,64.0
-17.49,1625449482.0,64.0
-20.53,1625449482.0,64.0
-23.99,1625449482.0,64.0
-27.7,1625449482.0,64.0
-31.52,1625449482.0,64.0
-35.35,1625449482.0,64.0
-38.96,1625449482.0,64.0
-41.9,1625449482.0,64.0
-43.49,1625449482.0,64.0
-43.02,1625449482.0,64.0
-40.05,1625449482.0,64.0
-34.63,1625449482.0,64.0
-27.35,1625449482.0,64.0
-19.07,1625449482.0,64.0
-10.59,1625449482.0,64.0
-2.37,1625449482.0,64.0
5.44,1625449482.0,64.0
12.85,1625449482.0,64.0
19.72,1625449482.0,64.0
25.65,1625449482.0,64.0
30.14,1625449482.0,64.0
32.8,1625449482.0,64.0
33.64,1625449482.0,64.0
33.09,1625449482.0,64.0
31.86,1625449482.0,64.0
30.59,1625449482.0,64.0
29.67,1625449482.0,64.0
29.15,1625449482.0,64.0
28.79,1625449482.0,64.0
28.29,1625449482.0,64.0
27.37,1625449482.0,64.0
25.92,1625449482.0,64.0
23.92,1625449482.0,64.0
21.41,1625449482.0,64.0
18.47,1625449482.0,64.0
15.18,1625449482.0,64.0
11.67,1625449482.0,64.0
8.06,1625449482.0,64.0
4.47,1625449482.0,64.0
0.99,1625449482.0,64.0
-2.32,1625449482.0,64.0
-5.43,1625449482.0,64.0
-8.34,1625449482.0,64.0
-11.04,1625449482.0,64.0
-13.55,1625449482.0,64.0
-15.88,1625449482.0,64.0
-18.07,1625449482.0,64.0
-20.22,1625449482.0,64.0
-22.46,1625449482.0,64.0
-24.94,1625449482.0,64.0
-27.85,1625449482.0,64.0
-31.29,1625449482.0,64.0
-35.17,1625449482.0,64.0
-39.17,1625449482.0,64.0
-42.7,1625449482.0,64.0
-45.05,1625449482.0,64.0
-45.5,1625449482.0,64.0
-43.58,1625449482.0,64.0
-39.27,1625449482.0,64.0
-32.94,1625449482.0,64.0
-25.24,1625449482.0,64.0
-16.9,1625449482.0,64.0
-8.48,1625449482.0,64.0
-0.29,1625449482.0,64.0
7.54,1625449482.0,64.0
14.88,1625449482.0,64.0
21.49,1625449482.0,64.0
26.97,1625449482.0,64.0
30.92,1625449482.0,64.0
33.09,1625449482.0,64.0
33.56,1625449482.0,64.0
32.79,1625449482.0,64.0
31.41,1625449482.0,64.0
30.03,1625449482.0,64.0
29.03,1625449482.0,64.0
28.44,1625449482.0,64.0
28.03,1625449482.0,64.0
27.47,1625449482.0,64.0
26.49,1625449482.0,64.0
24.97,1625449482.0,64.0
22.91,1625449482.0,64.0
20.43,1625449482.0,64.0
17.63,1625449482.0,64.0
14.61,1625449482.0,64.0
11.46,1625449482.0,64.0
8.27,1625449482.0,64.0
5.13,1625449482.0,64.0
2.12,1625449482.0,64.0
-0.72,1625449482.0,64.0
-3.41,1625449482.0,64.0
-5.98,1625449482.0,64.0
-8.51,1625449482.0,64.0
-11.06,1625449482.0,64.0
-13.68,1625449482.0,64.0
-16.39,1625449482.0,64.0
-19.17,1625449482.0,64.0
-21.99,1625449482.0,64.0
-24.79,1625449482.0,64.0
-27.56,1625449482.0,64.0
-30.38,1625449482.0,64.0
-33.36,1625449482.0,64.0
-36.56,1625449482.0,64.0
-39.83,1625449482.0,64.0
-42.77,1625449482.0,64.0
-44.76,1625449482.0,64.0
-45.1,1625449482.0,64.0
-43.33,1625449482.0,64.0
-39.32,1625449482.0,64.0
-33.34,1625449482.0,64.0
-25.94,1625449482.0,64.0
-17.67,1625449482.0,64.0
-8.97,1625449482.0,64.0
-0.18,1625449482.0,64.0
8.39,1625449482.0,64.0
16.33,1625449482.0,64.0
23.11,1625449482.0,64.0
28.21,1625449482.0,64.0
31.34,1625449482.0,64.0
32.58,1625449482.0,64.0
32.4,1625449482.0,64.0
31.49,1625449482.0,64.0
30.52,1625449482.0,64.0
29.9,1625449482.0,64.0
29.7,1625449482.0,64.0
29.69,1625449482.0,64.0
29.5,1625449482.0,64.0
28.79,1625449482.0,64.0
27.42,1625449482.0,64.0
25.45,1625449482.0,64.0
23.04,1625449482.0,64.0
20.43,1625449482.0,64.0
17.76,1625449482.0,64.0
15.06,1625449482.0,64.0
12.33,1625449482.0,64.0
9.53,1625449482.0,64.0
6.69,1625449482.0,64.0
3.87,1625449482.0,64.0
1.14,1625449482.0,64.0
-1.45,1625449482.0,64.0
-3.9,1625449482.0,64.0
-6.22,1625449482.0,64.0
-8.49,1625449482.0,64.0
-10.79,1625449482.0,64.0
-13.18,1625449482.0,64.0
-15.73,1625449482.0,64.0
-18.45,1625449482.0,64.0
-21.37,1625449482.0,64.0
-24.51,1625449482.0,64.0
-27.94,1625449482.0,64.0
-31.7,1625449482.0,64.0
-35.79,1625449482.0,64.0
-39.98,1625449482.0,64.0
-43.82,1625449482.0,64.0
-46.64,1625449482.0,64.0
-47.72,1625449482.0,64.0
-46.53,1625449482.0,64.0
-42.9,1625449482.0,64.0
-37.04,1625449482.0,64.0
-29.47,1625449482.0,64.0
-20.85,1625449482.0,64.0
-11.75,1625449482.0,64.0
-2.66,1625449482.0,64.0
5.99,1625449482.0,64.0
13.77,1625449482.0,64.0
20.22,1625449482.0,64.0
24.97,1625449482.0,64.0
27.8,1625449482.0,64.0
28.88,1625449482.0,64.0
28.66,1625449482.0,64.0
27.78,1625449482.0,64.0
26.91,1625449482.0,64.0
26.44,1625449482.0,64.0
26.47,1625449482.0,64.0
26.74,1625449482.0,64.0
26.81,1625449482.0,64.0
26.26,1625449482.0,64.0
24.83,1625449482.0,64.0
22.48,1625449482.0,64.0
19.44,1625449482.0,64.0
16.0,1625449482.0,64.0
12.49,1625449482.0,64.0
9.12,1625449482.0,64.0
5.98,1625449482.0,64.0
3.03,1625449482.0,64.0
0.23,1625449482.0,64.0
-2.47,1625449482.0,64.0
-5.06,1625449482.0,64.0
-7.5,1625449482.0,64.0
-9.78,1625449482.0,64.0
-11.94,1625449482.0,64.0
-14.07,1625449482.0,64.0
-16.27,1625449482.0,64.0
-18.6,1625449482.0,64.0
-21.06,1625449482.0,64.0
-23.58,1625449482.0,64.0
-26.08,1625449482.0,64.0
-28.51,1625449482.0,64.0
-30.93,1625449482.0,64.0
-33.41,1625449482.0,64.0
-35.93,1625449482.0,64.0
-38.23,1625449482.0,64.0
-39.78,1625449482.0,64.0
-39.9,1625449482.0,64.0
-37.96,1625449482.0,64.0
-33.66,1625449482.0,64.0
-27.23,1625449482.0,64.0
-19.34,1625449482.0,64.0
-10.85,1625449482.0,64.0
-2.57,1625449482.0,64.0
4.97,1625449482.0,64.0
11.52,1625449482.0,64.0
17.01,1625449482.0,64.0
21.32,1625449482.0,64.0
24.27,1625449482.0,64.0
25.76,1625449482.0,64.0
25.9,1625449482.0,64.0
25.14,1625449482.0,64.0
24.14,1625449482.0,64.0
23.56,1625449482.0,64.0
23.72,1625449482.0,64.0
24.48,1625449482.0,64.0
25.35,1625449482.0,64.0
25.7,1625449482.0,64.0
25.15,1625449482.0,64.0
23.64,1625449482.0,64.0
21.47,1625449482.0,64.0
19.03,1625449482.0,64.0
16.64,1625449482.0,64.0
14.36,1625449482.0,64.0
12.1,1625449482.0,64.0
9.69,1625449482.0,64.0
7.06,1625449482.0,64.0
4.25,1625449482.0,64.0
1.4,1625449482.0,64.0
-1.38,1625449482.0,64.0
-4.04,1625449482.0,64.0
-6.6,1625449482.0,64.0
-9.14,1625449482.0,64.0
-11.69,1625449482.0,64.0
-14.28,1625449482.0,64.0
-16.93,1625449482.0,64.0
-19.67,1625449482.0,64.0
-22.61,1625449482.0,64.0
-25.84,1625449482.0,64.0
-29.37,1625449482.0,64.0
-33.06,1625449482.0,64.0
-36.56,1625449482.0,64.0
-39.29,1625449482.0,64.0
-40.63,1625449482.0,64.0
-40.01,1625449482.0,64.0
-37.16,1625449482.0,64.0
-32.14,1625449482.0,64.0
-25.39,1625449482.0,64.0
-17.51,1625449482.0,64.0
-9.14,1625449482.0,64.0
-0.76,1625449482.0,64.0
7.32,1625449482.0,64.0
14.9,1625449482.0,64.0
21.71,1625449482.0,64.0
27.41,1625449482.0,64.0
31.64,1625449482.0,64.0
34.17,1625449482.0,64.0
35.09,1625449482.0,64.0
34.78,1625449482.0,64.0
33.85,1625449482.0,64.0
32.85,1625449482.0,64.0
32.12,1625449482.0,64.0
31.66,1625449482.0,64.0
31.22,1625449482.0,64.0
30.46,1625449482.0,64.0
29.14,1625449482.0,64.0
27.17,1625449482.0,64.0
24.66,1625449482.0,64.0
21.79,1625449482.0,64.0
18.75,1625449482.0,64.0
15.73,1625449482.0,64.0
12.8,1625449482.0,64.0
10.0,1625449482.0,64.0
7.3,1625449482.0,64.0
4.62,1625449482.0,64.0
1.91,1625449482.0,64.0
-0.85,1625449482.0,64.0
-3.64,1625449482.0,64.0
-6.43,1625449482.0,64.0
-9.21,1625449482.0,64.0
-12.05,1625449482.0,64.0
-15.03,1625449482.0,64.0
-18.24,1625449482.0,64.0
-21.68,1625449482.0,64.0
-25.27,1625449482.0,64.0
-28.89,1625449482.0,64.0
-32.47,1625449482.0,64.0
-35.97,1625449482.0,64.0
-39.35,1625449482.0,64.0
-42.43,1625449482.0,64.0
-44.8,1625449482.0,64.0
-45.87,1625449482.0,64.0
-44.99,1625449482.0,64.0
-41.75,1625449482.0,64.0
-36.13,1625449482.0,64.0
-28.55,1625449482.0,64.0
-19.73,1625449482.0,64.0
-10.42,1625449482.0,64.0
-1.18,1625449482.0,64.0
7.65,1625449482.0,64.0
15.86,1625449482.0,64.0
23.16,1625449482.0,64.0
29.18,1625449482.0,64.0
33.54,1625449482.0,64.0
36.01,1625449482.0,64.0
36.71,1625449482.0,64.0
36.13,1625449482.0,64.0
34.95,1625449482.0,64.0
33.8,1625449482.0,64.0
33.01,1625449482.0,64.0
32.52,1625449482.0,64.0
32.01,1625449482.0,64.0
31.11,1625449482.0,64.0
29.56,1625449482.0,64.0
27.38,1625449482.0,64.0
24.74,1625449482.0,64.0
21.92,1625449482.0,64.0
19.09,1625449482.0,64.0
16.33,1625449482.0,64.0
13.61,1625449482.0,64.0
10.87,1625449482.0,64.0
8.09,1625449482.0,64.0
5.28,1625449482.0,64.0
2.49,1625449482.0,64.0
-0.26,1625449482.0,64.0
-2.96,1625449482.0,64.0
-5.63,1625449482.0,64.0
-8.3,1625449482.0,64.0
-10.98,1625449482.0,64.0
-13.7,1625449482.0,64.0
-16.49,1625449482.0,64.0
-19.39,1625449482.0,64.0
-22.49,1625449482.0,64.0
-25.81,1625449482.0,64.0
-29.39,1625449482.0,64.0
-33.15,1625449482.0,64.0
-36.92,1625449482.0,64.0
-40.41,1625449482.0,64.0
-43.12,1625449482.0,64.0
-44.5,1625449482.0,64.0
-44.03,1625449482.0,64.0
-41.38,1625449482.0,64.0
-36.51,1625449482.0,64.0
-29.74,1625449482.0,64.0
-21.63,1625449482.0,64.0
-12.82,1625449482.0,64.0
-3.88,1625449482.0,64.0
4.77,1625449482.0,64.0
12.77,1625449482.0,64.0
19.81,1625449482.0,64.0
25.54,1625449482.0,64.0
29.63,1625449482.0,64.0
31.93,1625449482.0,64.0
32.62,1625449482.0,64.0
32.16,1625449482.0,64.0
31.21,1625449482.0,64.0
30.38,1625449482.0,64.0
30.01,1625449482.0,64.0
30.12,1625449482.0,64.0
30.43,1625449482.0,64.0
30.53,1625449482.0,64.0
30.07,1625449482.0,64.0
28.82,1625449482.0,64.0
26.75,1625449482.0,64.0
23.99,1625449482.0,64.0
20.76,1625449482.0,64.0
17.34,1625449482.0,64.0
13.99,1625449482.0,64.0
10.91,1625449482.0,64.0
8.18,1625449482.0,64.0
5.77,1625449482.0,64.0
3.56,1625449482.0,64.0
1.43,1625449482.0,64.0
-0.74,1625449482.0,64.0
-2.98,1625449482.0,64.0
-5.34,1625449482.0,64.0
-7.84,1625449482.0,64.0
-10.49,1625449482.0,64.0
-13.32,1625449482.0,64.0
-16.29,1625449482.0,64.0
-19.35,1625449482.0,64.0
-22.48,1625449482.0,64.0
-25.65,1625449482.0,64.0
-28.91,1625449482.0,64.0
-32.23,1625449482.0,64.0
-35.43,1625449482.0,64.0
-38.1,1625449482.0,64.0
-39.6,1625449482.0,64.0
-39.21,1625449482.0,64.0
-36.44,1625449482.0,64.0
-31.17,1625449482.0,64.0
-23.82,1625449482.0,64.0
-15.13,1625449482.0,64.0
-6.02,1625449482.0,64.0
2.78,1625449482.0,64.0
10.78,1625449482.0,64.0
17.71,1625449482.0,64.0
23.37,1625449482.0,64.0
27.51,1625449482.0,64.0
29.88,1625449482.0,64.0
30.38,1625449482.0,64.0
29.26,1625449482.0,64.0
27.08,1625449482.0,64.0
24.59,1625449482.0,64.0
22.39,1625449482.0,64.0
20.77,1625449482.0,64.0
19.59,1625449482.0,64.0
18.55,1625449482.0,64.0
17.3,1625449482.0,64.0
15.76,1625449482.0,64.0
14.02,1625449482.0,64.0
12.28,1625449482.0,64.0
10.71,1625449482.0,64.0
9.33,1625449482.0,64.0
8.11,1625449482.0,64.0
6.98,1625449482.0,64.0
5.88,1625449482.0,64.0
4.76,1625449482.0,64.0
3.53,1625449482.0,64.0
2.08,1625449482.0,64.0
0.27,1625449482.0,64.0
-1.96,1625449482.0,64.0
-4.56,1625449482.0,64.0
-7.41,1625449482.0,64.0
-10.35,1625449482.0,64.0
-13.23,1625449482.0,64.0
-15.99,1625449482.0,64.0
-18.64,1625449482.0,64.0
-21.26,1625449482.0,64.0
-24.01,1625449482.0,64.0
-27.0,1625449482.0,64.0
-30.22,1625449482.0,64.0
-33.42,1625449482.0,64.0
-36.09,1625449482.0,64.0
-37.57,1625449482.0,64.0
-37.23,1625449482.0,64.0
-34.68,1625449482.0,64.0
-29.95,1625449482.0,64.0
-23.44,1625449482.0,64.0
-15.78,1625449482.0,64.0
-7.62,1625449482.0,64.0
0.45,1625449482.0,64.0
7.96,1625449482.0,64.0
14.47,1625449482.0,64.0
19.61,1625449482.0,64.0
23.06,1625449482.0,64.0
24.73,1625449482.0,64.0
24.81,1625449482.0,64.0
23.78,1625449482.0,64.0
22.33,1625449482.0,64.0
21.09,1625449482.0,64.0
20.45,1625449482.0,64.0
20.44,1625449482.0,64.0
20.77,1625449482.0,64.0
21.01,1625449482.0,64.0
20.72,1625449482.0,64.0
19.68,1625449482.0,64.0
17.89,1625449482.0,64.0
15.57,1625449482.0,64.0
12.98,1625449482.0,64.0
10.36,1625449482.0,64.0
7.86,1625449482.0,64.0
5.51,1625449482.0,64.0
3.29,1625449482.0,64.0
1.18,1625449482.0,64.0
-0.83,1625449482.0,64.0
-2.73,1625449482.0,64.0
-4.5,1625449482.0,64.0
-6.15,1625449482.0,64.0
-7.7,1625449482.0,64.0
-9.23,1625449482.0,64.0
-10.83,1625449482.0,64.0
-12.59,1625449482.0,64.0
-14.61,1625449482.0,64.0
-16.97,1625449482.0,64.0
-19.71,1625449482.0,64.0
-22.81,1625449482.0,64.0
-26.14,1625449482.0,64.0
-29.39,1625449482.0,64.0
-32.03,1625449482.0,64.0
-33.41,1625449482.0,64.0
-32.86,1625449482.0,64.0
-29.95,1625449482.0,64.0
-24.69,1625449482.0,64.0
-17.55,1625449482.0,64.0
-9.34,1625449482.0,64.0
-0.9,1625449482.0,64.0
7.12,1625449482.0,64.0
14.3,1625449482.0,64.0
20.42,1625449482.0,64.0
25.27,1625449482.0,64.0
28.61,1625449482.0,64.0
30.27,1625449482.0,64.0
30.34,1625449482.0,64.0
29.25,1625449482.0,64.0
27.74,1625449482.0,64.0
26.55,1625449482.0,64.0
26.09,1625449482.0,64.0
26.33,1625449482.0,64.0
26.77,1625449482.0,64.0
26.75,1625449482.0,64.0
25.73,1625449482.0,64.0
23.54,1625449482.0,64.0
20.4,1625449482.0,64.0
16.74,1625449482.0,64.0
12.99,1625449482.0,64.0
9.45,1625449482.0,64.0
6.17,1625449482.0,64.0
3.02,1625449482.0,64.0
-0.15,1625449482.0,64.0
-3.43,1625449482.0,64.0
-6.73,1625449482.0,64.0
-9.87,1625449482.0,64.0
-12.67,1625449482.0,64.0
-15.04,1625449482.0,64.0
-17.1,1625449482.0,64.0
-19.09,1625449482.0,64.0
-21.23,1625449482.0,64.0
-23.68,1625449482.0,64.0
-26.43,1625449482.0,64.0
-29.42,1625449482.0,64.0
-32.56,1625449482.0,64.0
-35.75,1625449482.0,64.0
-38.79,1625449482.0,64.0
-41.34,1625449482.0,64.0
-42.87,1625449482.0,64.0
-42.79,1625449482.0,64.0
-40.66,1625449482.0,64.0
-36.34,1625449482.0,64.0
-30.11,1625449482.0,64.0
-22.52,1625449482.0,64.0
-14.21,1625449482.0,64.0
-5.67,1625449482.0,64.0
2.76,1625449482.0,64.0
10.88,1625449482.0,64.0
18.41,1625449482.0,64.0
24.99,1625449482.0,64.0
30.17,1625449482.0,64.0
33.6,1625449482.0,64.0
35.24,1625449482.0,64.0
35.39,1625449482.0,64.0
34.62,1625449482.0,64.0
33.54,1625449482.0,64.0
32.58,1625449482.0,64.0
31.85,1625449482.0,64.0
31.19,1625449482.0,64.0
30.31,1625449482.0,64.0
28.98,1625449482.0,64.0
27.13,1625449482.0,64.0
24.87,1625449482.0,64.0
22.35,1625449482.0,64.0
19.7,1625449482.0,64.0
17.0,1625449482.0,64.0
14.22,1625449482.0,64.0
11.31,1625449482.0,64.0
8.24,1625449482.0,64.0
5.04,1625449482.0,64.0
1.79,1625449482.0,64.0
-1.42,1625449482.0,64.0
-4.51,1625449482.0,64.0
-7.46,1625449482.0,64.0
-10.28,1625449482.0,64.0
-13.06,1625449482.0,64.0
-15.85,1625449482.0,64.0
-18.73,1625449482.0,64.0
-21.7,1625449482.0,64.0
-24.81,1625449482.0,64.0
-28.09,1625449482.0,64.0
-31.61,1625449482.0,64.0
-35.39,1625449482.0,64.0
-39.29,1625449482.0,64.0
-42.9,1625449482.0,64.0
-45.56,1625449482.0,64.0
-46.52,1625449482.0,64.0
-45.19,1625449482.0,64.0
-41.35,1625449482.0,64.0
-35.23,1625449482.0,64.0
-27.45,1625449482.0,64.0
-18.76,1625449482.0,64.0
-9.79,1625449482.0,64.0
-0.97,1625449482.0,64.0
7.43,1625449482.0,64.0
15.23,1625449482.0,64.0
22.1,1625449482.0,64.0
27.66,1625449482.0,64.0
31.59,1625449482.0,64.0
33.77,1625449482.0,64.0
34.4,1625449482.0,64.0
33.95,1625449482.0,64.0
33.02,1625449482.0,64.0
32.04,1625449482.0,64.0
31.22,1625449482.0,64.0
30.51,1625449482.0,64.0
29.7,1625449482.0,64.0
28.6,1625449482.0,64.0
27.06,1625449482.0,64.0
25.07,1625449482.0,64.0
22.7,1625449482.0,64.0
20.07,1625449482.0,64.0
17.32,1625449482.0,64.0
14.58,1625449482.0,64.0
11.97,1625449482.0,64.0
9.52,1625449482.0,64.0
7.19,1625449482.0,64.0
4.89,1625449482.0,64.0
2.47,1625449482.0,64.0
-0.16,1625449482.0,64.0
-2.99,1625449482.0,64.0
-5.92,1625449482.0,64.0
-8.81,1625449482.0,64.0
-11.53,1625449482.0,64.0
-14.08,1625449482.0,64.0
-16.58,1625449482.0,64.0
-19.21,1625449482.0,64.0
-22.17,1625449482.0,64.0
-25.55,1625449482.0,64.0
-29.29,1625449482.0,64.0
-33.25,1625449482.0,64.0
-37.16,1625449482.0,64.0
-40.71,1625449482.0,64.0
-43.51,1625449482.0,64.0
-45.1,1625449482.0,64.0
-45.01,1625449482.0,64.0
-42.81,1625449482.0,64.0
-38.33,1625449482.0,64.0
-31.75,1625449482.0,64.0
-23.62,1625449482.0,64.0
-14.65,1625449482.0,64.0
-5.57,1625449482.0,64.0
3.11,1625449482.0,64.0
11.15,1625449482.0,64.0
18.42,1625449482.0,64.0
24.78,1625449482.0,64.0
29.96,1625449482.0,64.0
33.7,1625449482.0,64.0
35.8,1625449482.0,64.0
36.35,1625449482.0,64.0
35.75,1625449482.0,64.0
34.56,1625449482.0,64.0
33.33,1625449482.0,64.0
32.32,1625449482.0,64.0
31.54,1625449482.0,64.0
30.71,1625449482.0,64.0
29.55,1625449482.0,64.0
27.9,1625449482.0,64.0
25.77,1625449482.0,64.0
23.33,1625449482.0,64.0
20.72,1625449482.0,64.0
18.01,1625449482.0,64.0
15.14,1625449482.0,64.0
12.02,1625449482.0,64.0
8.65,1625449482.0,64.0
5.14,1625449482.0,64.0
1.77,1625449482.0,64.0
-1.2,1625449482.0,64.0
-3.67,1625449482.0,64.0
-5.72,1625449482.0,64.0
-7.63,1625449482.0,64.0
-9.7,1625449482.0,64.0
-12.15,1625449482.0,64.0
-14.96,1625449482.0,64.0
-17.97,1625449482.0,64.0
-20.91,1625449482.0,64.0
-23.62,1625449482.0,64.0
-26.1,1625449482.0,64.0
-28.55,1625449482.0,64.0
-31.29,1625449482.0,64.0
-34.54,1625449482.0,64.0
-38.26,1625449482.0,64.0
-41.99,1625449482.0,64.0
-44.93,1625449482.0,64.0
-46.15,1625449482.0,64.0
-44.93,1625449482.0,64.0
-41.0,1625449482.0,64.0
-34.65,1625449482.0,64.0
-26.61,1625449482.0,64.0
-17.73,1625449482.0,64.0
-8.72,1625449482.0,64.0
-0.01,1625449482.0,64.0
8.21,1625449482.0,64.0
15.77,1625449482.0,64.0
22.4,1625449482.0,64.0
27.73,1625449482.0,64.0
31.4,1625449482.0,64.0
33.32,1625449482.0,64.0
33.75,1625449482.0,64.0
33.3,1625449482.0,64.0
32.65,1625449482.0,64.0
32.28,1625449482.0,64.0
32.32,1625449482.0,64.0
32.57,1625449482.0,64.0
32.62,1625449482.0,64.0
32.14,1625449482.0,64.0
30.97,1625449482.0,64.0
29.17,1625449482.0,64.0
26.91,1625449482.0,64.0
24.36,1625449482.0,64.0
21.62,1625449482.0,64.0
18.76,1625449482.0,64.0
15.83,1625449482.0,64.0
12.93,1625449482.0,64.0
10.17,1625449482.0,64.0
7.59,1625449482.0,64.0
5.2,1625449482.0,64.0
2.89,1625449482.0,64.0
0.56,1625449482.0,64.0
-1.89,1625449482.0,64.0
-4.46,1625449482.0,64.0
-7.11,1625449482.0,64.0
-9.77,1625449482.0,64.0
-12.4,1625449482.0,64.0
-15.01,1625449482.0,64.0
-17.66,1625449482.0,64.0
-20.45,1625449482.0,64.0
-23.49,1625449482.0,64.0
-26.89,1625449482.0,64.0
-30.72,1625449482.0,64.0
-34.95,1625449482.0,64.0
-39.31,1625449482.0,64.0
-43.31,1625449482.0,64.0
-46.19,1625449482.0,64.0
-47.17,1625449482.0,64.0
-45.7,1625449482.0,64.0
-41.61,1625449482.0,64.0
-35.27,1625449482.0,64.0
-27.35,1625449482.0,64.0
-18.63,1625449482.0,64.0
-9.72,1625449482.0,64.0
-1.02,1625449482.0,64.0
7.22,1625449482.0,64.0
14.76,1625449482.0,64.0
21.29,1625449482.0,64.0
26.45,1625449482.0,64.0
30.0,1625449482.0,64.0
31.94,1625449482.0,64.0
32.57,1625449482.0,64.0
32.34,1625449482.0,64.0
31.72,1625449482.0,64.0
31.03,1625449482.0,64.0
30.39,1625449482.0,64.0
29.77,1625449482.0,64.0
29.06,1625449482.0,64.0
28.14,1625449482.0,64.0
26.96,1625449482.0,64.0
25.47,1625449482.0,64.0
23.67,1625449482.0,64.0
21.57,1625449482.0,64.0
19.18,1625449482.0,64.0
16.55,1625449482.0,64.0
13.73,1625449482.0,64.0
10.76,1625449482.0,64.0
7.73,1625449482.0,64.0
4.74,1625449482.0,64.0
1.9,1625449482.0,64.0
-0.72,1625449482.0,64.0
-3.12,1625449482.0,64.0
-5.37,1625449482.0,64.0
-7.6,1625449482.0,64.0
-9.95,1625449482.0,64.0
-12.48,1625449482.0,64.0
-15.22,1625449482.0,64.0
-18.1,1625449482.0,64.0
-21.05,1625449482.0,64.0
-24.06,1625449482.0,64.0
-27.15,1625449482.0,64.0
-30.39,1625449482.0,64.0
-33.83,1625449482.0,64.0
-37.33,1625449482.0,64.0
-40.58,1625449482.0,64.0
-43.04,1625449482.0,64.0
-44.1,1625449482.0,64.0
-43.26,1625449482.0,64.0
-40.26,1625449482.0,64.0
-35.21,1625449482.0,64.0
-28.53,1625449482.0,64.0
-20.8,1625449482.0,64.0
-12.62,1625449482.0,64.0
-4.48,1625449482.0,64.0
3.19,1625449482.0,64.0
10.01,1625449482.0,64.0
15.58,1625449482.0,64.0
19.59,1625449482.0,64.0
21.9,1625449482.0,64.0
22.69,1625449482.0,64.0
22.39,1625449482.0,64.0
21.6,1625449482.0,64.0
20.87,1625449482.0,64.0
20.53,1625449482.0,64.0
20.62,1625449482.0,64.0
20.93,1625449482.0,64.0
21.17,1625449482.0,64.0
21.08,1625449482.0,64.0
20.48,1625449482.0,64.0
19.29,1625449482.0,64.0
17.48,1625449482.0,64.0
15.14,1625449482.0,64.0
12.42,1625449482.0,64.0
9.53,1625449482.0,64.0
6.69,1625449482.0,64.0
4.02,1625449482.0,64.0
1.57,1625449482.0,64.0
-0.74,1625449482.0,64.0
-3.0,1625449482.0,64.0
-5.26,1625449482.0,64.0
-7.51,1625449482.0,64.0
-9.73,1625449482.0,64.0
-11.95,1625449482.0,64.0
-14.26,1625449482.0,64.0
-16.79,1625449482.0,64.0
-19.65,1625449482.0,64.0
-22.89,1625449482.0,64.0
-26.45,1625449482.0,64.0
-30.23,1625449482.0,64.0
-34.06,1625449482.0,64.0
-37.76,1625449482.0,64.0
-40.99,1625449482.0,64.0
-43.25,1625449482.0,64.0
-43.95,1625449482.0,64.0
-42.6,1625449482.0,64.0
-38.99,1625449482.0,64.0
-33.31,1625449482.0,64.0
-26.11,1625449482.0,64.0
-18.14,1625449482.0,64.0
-10.01,1625449482.0,64.0
-2.14,1625449482.0,64.0
5.23,1625449482.0,64.0
11.93,1625449482.0,64.0
17.7,1625449482.0,64.0
22.24,1625449482.0,64.0
25.32,1625449482.0,64.0
27.03,1625449482.0,64.0
27.82,1625449482.0,64.0
28.35,1625449482.0,64.0
29.23,1625449482.0,64.0
30.7,1625449482.0,64.0
32.58,1625449482.0,64.0
34.36,1625449482.0,64.0
35.49,1625449482.0,64.0
35.64,1625449482.0,64.0
34.75,1625449482.0,64.0
33.0,1625449482.0,64.0
30.61,1625449482.0,64.0
27.8,1625449482.0,64.0
24.7,1625449482.0,64.0
21.41,1625449482.0,64.0
18.08,1625449482.0,64.0
14.84,1625449482.0,64.0
11.82,1625449482.0,64.0
9.04,1625449482.0,64.0
6.44,1625449482.0,64.0
3.9,1625449482.0,64.0
1.26,1625449482.0,64.0
-1.6,1625449482.0,64.0
-4.8,1625449482.0,64.0
-8.38,1625449482.0,64.0
-12.35,1625449482.0,64.0
-16.65,1625449482.0,64.0
-21.16,1625449482.0,64.0
-25.77,1625449482.0,64.0
-30.38,1625449482.0,64.0
-34.86,1625449482.0,64.0
-39.03,1625449482.0,64.0
-42.49,1625449482.0,64.0
-44.71,1625449482.0,64.0
-45.08,1625449482.0,64.0
-43.15,1625449482.0,64.0
-38.81,1625449482.0,64.0
-32.41,1625449482.0,64.0
-24.56,1625449482.0,64.0
-15.97,1625449482.0,64.0
-7.19,1625449482.0,64.0
1.44,1625449482.0,64.0
9.73,1625449482.0,64.0
17.45,1625449482.0,64.0
24.25,1625449482.0,64.0
29.73,1625449482.0,64.0
33.58,1625449482.0,64.0
35.81,1625449482.0,64.0
36.76,1625449482.0,64.0
36.98,1625449482.0,64.0
36.99,1625449482.0,64.0
37.07,1625449482.0,64.0
37.2,1625449482.0,64.0
37.08,1625449482.0,64.0
36.33,1625449482.0,64.0
34.69,1625449482.0,64.0
32.1,1625449482.0,64.0
28.69,1625449482.0,64.0
24.75,1625449482.0,64.0
20.58,1625449482.0,64.0
16.46,1625449482.0,64.0
12.59,1625449482.0,64.0
9.03,1625449482.0,64.0
5.74,1625449482.0,64.0
2.65,1625449482.0,64.0
-0.4,1625449482.0,64.0
-3.49,1625449482.0,64.0
-6.67,1625449482.0,64.0
-9.92,1625449482.0,64.0
-13.13,1625449482.0,64.0
-16.19,1625449482.0,64.0
-19.0,1625449482.0,64.0
-21.59,1625449482.0,64.0
-24.05,1625449482.0,64.0
-26.57,1625449482.0,64.0
-29.34,1625449482.0,64.0
-32.5,1625449482.0,64.0
-36.04,1625449482.0,64.0
-39.76,1625449482.0,64.0
-43.24,1625449482.0,64.0
-45.86,1625449482.0,64.0
-46.9,1625449482.0,64.0
-45.77,1625449482.0,64.0
-42.22,1625449482.0,64.0
-36.44,1625449482.0,64.0
-29.0,1625449482.0,64.0
-20.69,1625449482.0,64.0
-12.2,1625449482.0,64.0
-3.96,1625449482.0,64.0
3.85,1625449482.0,64.0
11.14,1625449482.0,64.0
17.66,1625449482.0,64.0
23.01,1625449482.0,64.0
26.72,1625449482.0,64.0
28.5,1625449482.0,64.0
28.47,1625449482.0,64.0
27.16,1625449482.0,64.0
25.28,1625449482.0,64.0
23.54,1625449482.0,64.0
22.41,1625449482.0,64.0
22.07,1625449482.0,64.0
22.48,1625449482.0,64.0
23.43,1625449482.0,64.0
24.68,1625449482.0,64.0
25.94,1625449482.0,64.0
26.95,1625449482.0,64.0
27.56,1625449482.0,64.0
27.76,1625449482.0,64.0
27.71,1625449482.0,64.0
27.62,1625449482.0,64.0
27.65,1625449482.0,64.0
27.78,1625449482.0,64.0
27.82,1625449482.0,64.0
27.43,1625449482.0,64.0
26.31,1625449482.0,64.0
24.28,1625449482.0,64.0
21.39,1625449482.0,64.0
17.86,1625449482.0,64.0
13.98,1625449482.0,64.0
10.08,1625449482.0,64.0
6.37,1625449482.0,64.0
2.97,1625449482.0,64.0
-0.16,1625449482.0,64.0
-3.08,1625449482.0,64.0
-5.89,1625449482.0,64.0
-8.63,1625449482.0,64.0
-11.28,1625449482.0,64.0
-13.75,1625449482.0,64.0
-15.98,1625449482.0,64.0
-17.98,1625449482.0,64.0
-19.91,1625449482.0,64.0
-21.99,1625449482.0,64.0
-24.44,1625449482.0,64.0
-27.4,1625449482.0,64.0
-30.86,1625449482.0,64.0
-34.63,1625449482.0,64.0
-38.44,1625449482.0,64.0
-41.93,1625449482.0,64.0
-44.69,1625449482.0,64.0
-46.26,1625449482.0,64.0
-46.16,1625449482.0,64.0
-44.02,1625449482.0,64.0
-39.69,1625449482.0,64.0
-33.3,1625449482.0,64.0
-25.31,1625449482.0,64.0
-16.3,1625449482.0,64.0
-6.84,1625449482.0,64.0
2.6,1625449482.0,64.0
11.65,1625449482.0,64.0
19.92,1625449482.0,64.0
26.99,1625449482.0,64.0
32.42,1625449482.0,64.0
35.93,1625449482.0,64.0
37.54,1625449482.0,64.0
37.61,1625449482.0,64.0
36.69,1625449482.0,64.0
35.34,1625449482.0,64.0
33.94,1625449482.0,64.0
32.63,1625449482.0,64.0
31.37,1625449482.0,64.0
30.0,1625449482.0,64.0
28.4,1625449482.0,64.0
26.48,1625449482.0,64.0
24.21,1625449482.0,64.0
21.63,1625449482.0,64.0
18.79,1625449482.0,64.0
15.8,1625449482.0,64.0
12.81,1625449482.0,64.0
9.91,1625449482.0,64.0
7.16,1625449482.0,64.0
4.53,1625449482.0,64.0
1.94,1625449482.0,64.0
-0.67,1625449482.0,64.0
-3.34,1625449482.0,64.0
-6.02,1625449482.0,64.0
-8.66,1625449482.0,64.0
-11.21,1625449482.0,64.0
-13.67,1625449482.0,64.0
-16.09,1625449482.0,64.0
-18.56,1625449482.0,64.0
-21.12,1625449482.0,64.0
-23.8,1625449482.0,64.0
-26.62,1625449482.0,64.0
-29.58,1625449482.0,64.0
-32.66,1625449482.0,64.0
-35.79,1625449482.0,64.0
-38.68,1625449482.0,64.0
-40.85,1625449482.0,64.0
-41.62,1625449482.0,64.0
-40.38,1625449482.0,64.0
-36.8,1625449482.0,64.0
-30.94,1625449482.0,64.0
-23.34,1625449482.0,64.0
-14.72,1625449482.0,64.0
-5.82,1625449482.0,64.0
2.83,1625449482.0,64.0
10.9,1625449482.0,64.0
18.14,1625449482.0,64.0
24.26,1625449482.0,64.0
28.92,1625449482.0,64.0
31.84,1625449482.0,64.0
32.96,1625449482.0,64.0
32.6,1625449482.0,64.0
31.34,1625449482.0,64.0
29.88,1625449482.0,64.0
28.72,1625449482.0,64.0
28.05,1625449482.0,64.0
27.76,1625449482.0,64.0
27.5,1625449482.0,64.0
26.94,1625449482.0,64.0
25.9,1625449482.0,64.0
24.34,1625449482.0,64.0
22.38,1625449482.0,64.0
20.11,1625449482.0,64.0
17.62,1625449482.0,64.0
14.92,1625449482.0,64.0
12.04,1625449482.0,64.0
9.05,1625449482.0,64.0
6.12,1625449482.0,64.0
3.4,1625449482.0,64.0
1.01,1625449482.0,64.0
-1.08,1625449482.0,64.0
-3.0,1625449482.0,64.0
-4.94,1625449482.0,64.0
-7.13,1625449482.0,64.0
-9.65,1625449482.0,64.0
-12.5,1625449482.0,64.0
-15.54,1625449482.0,64.0
-18.61,1625449482.0,64.0
-21.59,1625449482.0,64.0
-24.45,1625449482.0,64.0
-27.3,1625449482.0,64.0
-30.26,1625449482.0,64.0
-33.39,1625449482.0,64.0
-36.5,1625449482.0,64.0
-39.14,1625449482.0,64.0
-40.67,1625449482.0,64.0
-40.48,1625449482.0,64.0
-38.2,1625449482.0,64.0
-33.88,1625449482.0,64.0
-27.96,1625449482.0,64.0
-21.01,1625449482.0,64.0
-13.57,1625449482.0,64.0
-6.01,1625449482.0,64.0
1.48,1625449482.0,64.0
8.66,1625449482.0,64.0
15.13,1625449482.0,64.0
20.38,1625449482.0,64.0
23.96,1625449482.0,64.0
25.71,1625449482.0,64.0
25.97,1625449482.0,64.0
25.41,1625449482.0,64.0
24.77,1625449482.0,64.0
24.55,1625449482.0,64.0
24.78,1625449482.0,64.0
25.18,1625449482.0,64.0
25.29,1625449482.0,64.0
24.79,1625449482.0,64.0
23.56,1625449482.0,64.0
21.74,1625449482.0,64.0
19.51,1625449482.0,64.0
17.04,1625449482.0,64.0
14.47,1625449482.0,64.0
11.89,1625449482.0,64.0
9.4,1625449482.0,64.0
7.12,1625449482.0,64.0
5.12,1625449482.0,64.0
3.46,1625449482.0,64.0
2.13,1625449482.0,64.0
1.07,1625449482.0,64.0
0.2,1625449482.0,64.0
-0.59,1625449482.0,64.0
-1.42,1625449482.0,64.0
-2.4,1625449482.0,64.0
-3.57,1625449482.0,64.0
-4.89,1625449482.0,64.0
-6.24,1625449482.0,64.0
-7.47,1625449482.0,64.0
-8.46,1625449482.0,64.0
-9.2,1625449482.0,64.0
-9.71,1625449482.0,64.0
-9.95,1625449482.0,64.0
-9.65,1625449482.0,64.0
-8.33,1625449482.0,64.0
-5.34,1625449482.0,64.0
-0.1,1625449482.0,64.0
7.63,1625449482.0,64.0
17.65,1625449482.0,64.0
29.31,1625449482.0,64.0
41.68,1625449482.0,64.0
53.8,1625449482.0,64.0
64.88,1625449482.0,64.0
74.41,1625449482.0,64.0
82.14,1625449482.0,64.0
88.05,1625449482.0,64.0
92.33,1625449482.0,64.0
95.44,1625449482.0,64.0
98.03,1625449482.0,64.0
100.94,1625449482.0,64.0
104.95,1625449482.0,64.0
110.66,1625449482.0,64.0
118.33,1625449482.0,64.0
127.99,1625449482.0,64.0
139.47,1625449482.0,64.0
152.46,1625449482.0,64.0
166.58,1625449482.0,64.0
181.32,1625449482.0,64.0
196.19,1625449482.0,64.0
210.59,1625449482.0,64.0
223.81,1625449482.0,64.0
234.81,1625449482.0,64.0
242.32,1625449482.0,64.0
244.94,1625449482.0,64.0
241.63,1625449482.0,64.0
232.15,1625449482.0,64.0
217.31,1625449482.0,64.0
198.72,1625449482.0,64.0
178.23,1625449482.0,64.0
157.31,1625449482.0,64.0
136.77,1625449482.0,64.0
116.94,1625449482.0,64.0
98.11,1625449482.0,64.0
80.86,1625449482.0,64.0
65.96,1625449482.0,64.0
53.86,1625449482.0,64.0
44.14,1625449482.0,64.0
35.4,1625449482.0,64.0
25.59,1625449482.0,64.0
12.85,1625449482.0,64.0
-3.77,1625449482.0,64.0
-24.0,1625449482.0,64.0
-46.49,1625449482.0,64.0
-69.37,1625449482.0,64.0
-90.87,1625449482.0,64.0
-109.74,1625449482.0,64.0
-125.34,1625449482.0,64.0
-137.46,1625449482.0,64.0
-146.06,1625449482.0,64.0
-151.14,1625449482.0,64.0
-152.78,1625449482.0,64.0
-151.36,1625449482.0,64.0
-147.66,1625449482.0,64.0
-142.75,1625449482.0,64.0
-137.7,1625449482.0,64.0
-133.21,1625449482.0,64.0
-129.42,1625449482.0,64.0
-126.18,1625449482.0,64.0
-123.31,1625449482.0,64.0
-120.88,1625449482.0,64.0
-119.27,1625449482.0,64.0
-118.81,1625449482.0,64.0
-119.45,1625449482.0,64.0
-120.69,1625449482.0,64.0
-121.83,1625449482.0,64.0
-122.31,1625449482.0,64.0
-122.17,1625449482.0,64.0
-122.03,1625449482.0,64.0
-122.99,1625449482.0,64.0
-126.31,1625449482.0,64.0
-133.14,1625449482.0,64.0
-144.23,1625449482.0,64.0
-159.56,1625449482.0,64.0
-178.11,1625449482.0,64.0
-197.84,1625449482.0,64.0
-216.11,1625449482.0,64.0
-230.5,1625449482.0,64.0
-239.71,1625449482.0,64.0
-244.0,1625449482.0,64.0
-244.93,1625449482.0,64.0
-244.5,1625449482.0,64.0
-244.15,1625449482.0,64.0
-244.33,1625449482.0,64.0
-244.65,1625449482.0,64.0
-244.62,1625449482.0,64.0
-244.15,1625449482.0,64.0
-243.58,1625449482.0,64.0
-243.29,1625449482.0,64.0
-243.28,1625449482.0,64.0
-243.12,1625449482.0,64.0
-242.16,1625449482.0,64.0
-239.86,1625449482.0,64.0
-235.82,1625449482.0,64.0
-229.53,1625449482.0,64.0
-220.04,1625449482.0,64.0
-206.01,1625449482.0,64.0
-186.32,1625449482.0,64.0
-160.79,1625449482.0,64.0
-130.76,1625449482.0,64.0
-98.87,1625449482.0,64.0
-68.22,1625449482.0,64.0
-41.29,1625449482.0,64.0
-19.19,1625449482.0,64.0
-1.56,1625449482.0,64.0
12.9,1625449482.0,64.0
25.66,1625449482.0,64.0
37.74,1625449482.0,64.0
49.61,1625449482.0,64.0
61.16,1625449482.0,64.0
72.0,1625449482.0,64.0
81.67,1625449482.0,64.0
89.79,1625449482.0,64.0
96.12,1625449482.0,64.0
100.59,1625449482.0,64.0
103.19,1625449482.0,64.0
104.1,1625449482.0,64.0
103.55,1625449482.0,64.0
101.84,1625449482.0,64.0
99.32,1625449482.0,64.0
96.38,1625449482.0,64.0
93.38,1625449482.0,64.0
90.54,1625449482.0,64.0
87.8,1625449482.0,64.0
84.77,1625449482.0,64.0
80.94,1625449482.0,64.0
75.96,1625449482.0,64.0
69.84,1625449482.0,64.0
63.01,1625449482.0,64.0
56.08,1625449482.0,64.0
49.46,1625449482.0,64.0
43.17,1625449482.0,64.0
36.9,1625449482.0,64.0
30.45,1625449482.0,64.0
24.15,1625449482.0,64.0
19.03,1625449482.0,64.0
16.48,1625449482.0,64.0
17.56,1625449482.0,64.0
22.46,1625449482.0,64.0
30.28,1625449482.0,64.0
39.51,1625449482.0,64.0
48.78,1625449482.0,64.0
57.55,1625449482.0,64.0
66.32,1625449482.0,64.0
76.13,1625449482.0,64.0
87.79,1625449482.0,64.0
101.15,1625449482.0,64.0
114.9,1625449482.0,64.0
127.04,1625449482.0,64.0
135.78,1625449482.0,64.0
140.41,1625449482.0,64.0
141.79,1625449482.0,64.0
142.01,1625449482.0,64.0
143.55,1625449482.0,64.0
148.16,1625449482.0,64.0
156.2,1625449482.0,64.0
166.57,1625449482.0,64.0
177.38,1625449482.0,64.0
186.75,1625449482.0,64.0
193.54,1625449482.0,64.0
197.43,1625449482.0,64.0
198.73,1625449482.0,64.0
198.36,1625449482.0,64.0
198.26,1625449482.0,64.0
201.89,1625449482.0,64.0
213.87,1625449482.0,64.0
238.34,1625449482.0,64.0
276.45,1625449482.0,64.0
324.4,1625449482.0,64.0
373.43,1625449482.0,64.0
412.48,1625449482.0,64.0
432.22,1625449482.0,64.0
428.64,1625449482.0,64.0
404.08,1625449482.0,64.0
365.41,1625449482.0,64.0
320.54,1625449482.0,64.0
275.18,1625449482.0,64.0
231.66,1625449482.0,64.0
189.9,1625449482.0,64.0
149.2,1625449482.0,64.0
109.68,1625449482.0,64.0
72.24,1625449482.0,64.0
37.46,1625449482.0,64.0
4.57,1625449482.0,64.0
-28.67,1625449482.0,64.0
-64.91,1625449482.0,64.0
-105.61,1625449482.0,64.0
-149.69,1625449482.0,64.0
-193.46,1625449482.0,64.0
-231.66,1625449482.0,64.0
-259.6,1625449482.0,64.0
-275.02,1625449482.0,64.0
-278.89,1625449482.0,64.0
-274.86,1625449482.0,64.0
-267.53,1625449482.0,64.0
-260.52,1625449482.0,64.0
-255.29,1625449482.0,64.0
-251.1,1625449482.0,64.0
-246.08,1625449482.0,64.0
-238.69,1625449482.0,64.0
-228.62,1625449482.0,64.0
-217.11,1625449482.0,64.0
-206.44,1625449482.0,64.0
-199.13,1625449482.0,64.0
-197.23,1625449482.0,64.0
-201.82,1625449482.0,64.0
-212.86,1625449482.0,64.0
-229.15,1625449482.0,64.0
-248.66,1625449482.0,64.0
-268.93,1625449482.0,64.0
-287.56,1625449482.0,64.0
-302.72,1625449482.0,64.0
-313.38,1625449482.0,64.0
-319.38,1625449482.0,64.0
-321.2,1625449482.0,64.0
-319.71,1625449482.0,64.0
-315.95,1625449482.0,64.0
-311.02,1625449482.0,64.0
-306.0,1625449482.0,64.0
-301.77,1625449482.0,64.0
-298.77,1625449482.0,64.0
-296.66,1625449482.0,64.0
-294.19,1625449482.0,64.0
-289.47,1625449482.0,64.0
-280.47,1625449482.0,64.0
-265.76,1625449482.0,64.0
-244.97,1625449482.0,64.0
-218.77,1625449482.0,64.0
-188.46,1625449482.0,64.0
-155.43,1625449482.0,64.0
-120.74,1625449482.0,64.0
-85.18,1625449482.0,64.0
-49.56,1625449482.0,64.0
-15.1,1625449482.0,64.0
16.6,1625449482.0,64.0
43.88,1625449482.0,64.0
65.7,1625449482.0,64.0
82.03,1625449482.0,64.0
93.86,1625449482.0,64.0
102.78,1625449482.0,64.0
110.22,1625449482.0,64.0
116.99,1625449482.0,64.0
123.14,1625449482.0,64.0
128.23,1625449482.0,64.0
131.8,1625449482.0,64.0
133.69,1625449482.0,64.0
134.11,1625449482.0,64.0
133.45,1625449482.0,64.0
131.98,1625449482.0,64.0
129.7,1625449482.0,64.0
126.37,1625449482.0,64.0
121.69,1625449482.0,64.0
115.55,1625449482.0,64.0
108.15,1625449482.0,64.0
99.98,1625449482.0,64.0
91.7,1625449482.0,64.0
83.8,1625449482.0,64.0
76.5,1625449482.0,64.0
69.61,1625449482.0,64.0
62.65,1625449482.0,64.0
55.07,1625449482.0,64.0
46.45,1625449482.0,64.0
36.63,1625449482.0,64.0
25.8,1625449482.0,64.0
14.45,1625449482.0,64.0
3.35,1625449482.0,64.0
-6.56,1625449482.0,64.0
-14.24,1625449482.0,64.0
-18.7,1625449482.0,64.0
-19.29,1625449482.0,64.0
-15.78,1625449482.0,64.0
-8.44,1625449482.0,64.0
2.04,1625449482.0,64.0
14.86,1625449482.0,64.0
29.18,1625449482.0,64.0
44.28,1625449482.0,64.0
59.39,1625449482.0,64.0
73.64,1625449482.0,64.0
86.06,1625449482.0,64.0
95.71,1625449482.0,64.0
102.05,1625449482.0,64.0
105.16,1625449482.0,64.0
105.76,1625449482.0,64.0
104.94,1625449482.0,64.0
103.78,1625449482.0,64.0
102.87,1625449482.0,64.0
102.23,1625449482.0,64.0
101.42,1625449482.0,64.0
99.88,1625449482.0,64.0
97.27,1625449482.0,64.0
93.66,1625449482.0,64.0
89.42,1625449482.0,64.0
84.96,1625449482.0,64.0
80.49,1625449482.0,64.0
75.91,1625449482.0,64.0
70.9,1625449482.0,64.0
65.17,1625449482.0,64.0
58.71,1625449482.0,64.0
51.74,1625449482.0,64.0
44.72,1625449482.0,64.0
38.07,1625449482.0,64.0
31.99,1625449482.0,64.0
26.36,1625449482.0,64.0
20.85,1625449482.0,64.0
14.99,1625449482.0,64.0
8.43,1625449482.0,64.0
0.98,1625449482.0,64.0
-7.31,1625449482.0,64.0
-16.21,1625449482.0,64.0
-25.28,1625449482.0,64.0
-33.87,1625449482.0,64.0
-41.12,1625449482.0,64.0
-45.99,1625449482.0,64.0
-47.53,1625449482.0,64.0
-45.11,1625449482.0,64.0
-38.63,1625449482.0,64.0
-28.64,1625449482.0,64.0
-16.08,1625449482.0,64.0
-2.05,1625449482.0,64.0
12.53,1625449482.0,64.0
26.97,1625449482.0,64.0
40.76,1625449482.0,64.0
53.3,1625449482.0,64.0
63.93,1625449482.0,64.0
71.92,1625449482.0,64.0
76.84,1625449482.0,64.0
78.78,1625449482.0,64.0
78.4,1625449482.0,64.0
76.8,1625449482.0,64.0
75.09,1625449482.0,64.0
73.98,1625449482.0,64.0
73.62,1625449482.0,64.0
73.56,1625449482.0,64.0
73.1,1625449482.0,64.0
71.57,1625449482.0,64.0
68.64,1625449482.0,64.0
64.43,1625449482.0,64.0
59.38,1625449482.0,64.0
54.0,1625449482.0,64.0
48.66,1625449482.0,64.0
43.49,1625449482.0,64.0
38.36,1625449482.0,64.0
33.1,1625449482.0,64.0
27.58,1625449482.0,64.0
21.84,1625449482.0,64.0
16.03,1625449482.0,64.0
10.31,1625449482.0,64.0
4.79,1625449482.0,64.0
-0.55,1625449482.0,64.0
-5.88,1625449482.0,64.0
-11.38,1625449482.0,64.0
-17.2,1625449482.0,64.0
-23.39,1625449482.0,64.0
-29.96,1625449482.0,64.0
-36.86,1625449482.0,64.0
-44.03,1625449482.0,64.0
-51.29,1625449482.0,64.0
-58.24,1625449482.0,64.0
-64.21,1625449482.0,64.0
-68.25,1625449482.0,64.0
-69.37,1625449482.0,64.0
-66.79,1625449482.0,64.0
-60.3,1625449482.0,64.0
-50.28,1625449482.0,64.0
-37.63,1625449482.0,64.0
-23.44,1625449482.0,64.0
-8.67,1625449482.0,64.0
5.98,1625449482.0,64.0
20.0,1625449482.0,64.0
32.91,1625449482.0,64.0
44.08,1625449482.0,64.0
52.83,1625449482.0,64.0
58.69,1625449482.0,64.0
61.61,1625449482.0,64.0
62.15,1625449482.0,64.0
61.27,1625449482.0,64.0
60.02,1625449482.0,64.0
59.14,1625449482.0,64.0
58.84,1625449482.0,64.0
58.83,1625449482.0,64.0
58.53,1625449482.0,64.0
57.41,1625449482.0,64.0
55.18,1625449482.0,64.0
51.9,1625449482.0,64.0
47.87,1625449482.0,64.0
43.44,1625449482.0,64.0
38.91,1625449482.0,64.0
34.39,1625449482.0,64.0
29.81,1625449482.0,64.0
25.08,1625449482.0,64.0
20.13,1625449482.0,64.0
15.03,1625449482.0,64.0
9.97,1625449482.0,64.0
5.1,1625449482.0,64.0
0.49,1625449482.0,64.0
-3.93,1625449482.0,64.0
-8.39,1625449482.0,64.0
-13.06,1625449482.0,64.0
-18.05,1625449482.0,64.0
-23.33,1625449482.0,64.0
-28.8,1625449482.0,64.0
-34.38,1625449482.0,64.0
-40.12,1625449482.0,64.0
-46.16,1625449482.0,64.0
-52.6,1625449482.0,64.0
-59.29,1625449482.0,64.0
-65.71,1625449482.0,64.0
-70.96,1625449482.0,64.0
-73.92,1625449482.0,64.0
-73.65,1625449482.0,64.0
-69.63,1625449482.0,64.0
-62.01,1625449482.0,64.0
-51.49,1625449482.0,64.0
-39.08,1625449482.0,64.0
-25.78,1625449482.0,64.0
-12.37,1625449482.0,64.0
0.63,1625449482.0,64.0
12.81,1625449482.0,64.0
23.67,1625449482.0,64.0
32.63,1625449482.0,64.0
39.17,1625449482.0,64.0
43.07,1625449482.0,64.0
44.61,1625449482.0,64.0
44.57,1625449482.0,64.0
43.97,1625449482.0,64.0
43.66,1625449482.0,64.0
44.04,1625449482.0,64.0
44.91,1625449482.0,64.0
45.68,1625449482.0,64.0
45.68,1625449482.0,64.0
44.5,1625449482.0,64.0
42.13,1625449482.0,64.0
38.87,1625449482.0,64.0
35.17,1625449482.0,64.0
31.36,1625449482.0,64.0
27.57,1625449482.0,64.0
23.75,1625449482.0,64.0
19.77,1625449482.0,64.0
15.55,1625449482.0,64.0
11.1,1625449482.0,64.0
6.54,1625449482.0,64.0
2.0,1625449482.0,64.0
-2.44,1625449482.0,64.0
-6.77,1625449482.0,64.0
-11.05,1625449482.0,64.0
-15.39,1625449482.0,64.0
-19.87,1625449482.0,64.0
-24.58,1625449482.0,64.0
-29.57,1625449482.0,64.0
-34.94,1625449482.0,64.0
-40.75,1625449482.0,64.0
-46.98,1625449482.0,64.0
-53.41,1625449482.0,64.0
-59.54,1625449482.0,64.0
-64.61,1625449482.0,64.0
-67.67,1625449482.0,64.0
-67.9,1625449482.0,64.0
-64.81,1625449482.0,64.0
-58.4,1625449482.0,64.0
-49.22,1625449482.0,64.0
-38.12,1625449482.0,64.0
-26.03,1625449482.0,64.0
-13.72,1625449482.0,64.0
-1.77,1625449482.0,64.0
9.41,1625449482.0,64.0
19.42,1625449482.0,64.0
27.77,1625449482.0,64.0
34.03,1625449482.0,64.0
37.96,1625449482.0,64.0
39.74,1625449482.0,64.0
39.97,1625449482.0,64.0
39.48,1625449482.0,64.0
39.05,1625449482.0,64.0
39.05,1625449482.0,64.0
39.41,1625449482.0,64.0
39.67,1625449482.0,64.0
39.3,1625449482.0,64.0
37.97,1625449482.0,64.0
35.62,1625449482.0,64.0
32.49,1625449482.0,64.0
28.88,1625449482.0,64.0
25.03,1625449482.0,64.0
21.04,1625449482.0,64.0
16.89,1625449482.0,64.0
12.51,1625449482.0,64.0
7.87,1625449482.0,64.0
3.01,1625449482.0,64.0
-1.96,1625449482.0,64.0
-6.95,1625449482.0,64.0
-11.87,1625449482.0,64.0
-16.72,1625449482.0,64.0
-21.5,1625449482.0,64.0
-26.28,1625449482.0,64.0
-31.14,1625449482.0,64.0
-36.17,1625449482.0,64.0
-41.47,1625449482.0,64.0
-47.15,1625449482.0,64.0
-53.3,1625449482.0,64.0
-59.87,1625449482.0,64.0
-66.58,1625449482.0,64.0
-72.82,1625449482.0,64.0
-77.68,1625449482.0,64.0
-80.16,1625449482.0,64.0
-79.44,1625449482.0,64.0
-75.23,1625449482.0,64.0
-67.79,1625449482.0,64.0
-57.87,1625449482.0,64.0
-46.39,1625449482.0,64.0
-34.11,1625449482.0,64.0
-21.48,1625449482.0,64.0
-8.73,1625449482.0,64.0
3.89,1625449482.0,64.0
15.91,1625449482.0,64.0
26.57,1625449482.0,64.0
35.06,1625449482.0,64.0
40.84,1625449482.0,64.0
43.9,1625449482.0,64.0
44.82,1625449482.0,64.0
44.51,1625449482.0,64.0
43.9,1625449482.0,64.0
43.55,1625449482.0,64.0
43.58,1625449482.0,64.0
43.69,1625449482.0,64.0
43.42,1625449482.0,64.0
42.38,1625449482.0,64.0
40.41,1625449482.0,64.0
37.59,1625449482.0,64.0
34.14,1625449482.0,64.0
30.27,1625449482.0,64.0
26.16,1625449482.0,64.0
21.91,1625449482.0,64.0
17.58,1625449482.0,64.0
13.2,1625449482.0,64.0
8.82,1625449482.0,64.0
4.44,1625449482.0,64.0
0.01,1625449482.0,64.0
-4.51,1625449482.0,64.0
-9.2,1625449482.0,64.0
-14.07,1625449482.0,64.0
-19.07,1625449482.0,64.0
-24.17,1625449482.0,64.0
-29.34,1625449482.0,64.0
-34.59,1625449482.0,64.0
-39.98,1625449482.0,64.0
-45.62,1625449482.0,64.0
-51.6,1625449482.0,64.0
-57.98,1625449482.0,64.0
-64.61,1625449482.0,64.0
-71.13,1625449482.0,64.0
-76.85,1625449482.0,64.0
-80.89,1625449482.0,64.0
-82.33,1625449482.0,64.0
-80.51,1625449482.0,64.0
-75.28,1625449482.0,64.0
-67.04,1625449482.0,64.0
-56.59,1625449482.0,64.0
-44.78,1625449482.0,64.0
-32.26,1625449482.0,64.0
-19.38,1625449482.0,64.0
-6.35,1625449482.0,64.0
6.57,1625449482.0,64.0
18.8,1625449482.0,64.0
29.52,1625449482.0,64.0
37.94,1625449482.0,64.0
43.63,1625449482.0,64.0
46.73,1625449482.0,64.0
47.93,1625449482.0,64.0
48.17,1625449482.0,64.0
48.24,1625449482.0,64.0
48.56,1625449482.0,64.0
49.09,1625449482.0,64.0
49.48,1625449482.0,64.0
49.36,1625449482.0,64.0
48.5,1625449482.0,64.0
46.82,1625449482.0,64.0
44.39,1625449482.0,64.0
41.29,1625449482.0,64.0
37.59,1625449482.0,64.0
33.37,1625449482.0,64.0
28.77,1625449482.0,64.0
24.02,1625449482.0,64.0
19.36,1625449482.0,64.0
14.93,1625449482.0,64.0
10.75,1625449482.0,64.0
6.7,1625449482.0,64.0
2.55,1625449482.0,64.0
-1.88,1625449482.0,64.0
-6.66,1625449482.0,64.0
-11.72,1625449482.0,64.0
-16.93,1625449482.0,64.0
-22.16,1625449482.0,64.0
-27.39,1625449482.0,64.0
-32.65,1625449482.0,64.0
-38.08,1625449482.0,64.0
-43.84,1625449482.0,64.0
-50.09,1625449482.0,64.0
-56.89,1625449482.0,64.0
-64.12,1625449482.0,64.0
-71.31,1625449482.0,64.0
-77.64,1625449482.0,64.0
-82.03,1625449482.0,64.0
-83.43,1625449482.0,64.0
-81.14,1625449482.0,64.0
-75.07,1625449482.0,64.0
-65.77,1625449482.0,64.0
-54.2,1625449482.0,64.0
-41.41,1625449482.0,64.0
-28.21,1625449482.0,64.0
-15.13,1625449482.0,64.0
-2.48,1625449482.0,64.0
9.42,1625449482.0,64.0
20.1,1625449482.0,64.0
29.02,1625449482.0,64.0
35.7,1625449482.0,64.0
40.04,1625449482.0,64.0
42.38,1625449482.0,64.0
43.43,1625449482.0,64.0
44.02,1625449482.0,64.0
44.77,1625449482.0,64.0
45.87,1625449482.0,64.0
47.05,1625449482.0,64.0
47.76,1625449482.0,64.0
47.53,1625449482.0,64.0
46.15,1625449482.0,64.0
43.81,1625449482.0,64.0
40.88,1625449482.0,64.0
37.72,1625449482.0,64.0
34.49,1625449482.0,64.0
31.12,1625449482.0,64.0
27.43,1625449482.0,64.0
23.29,1625449482.0,64.0
18.7,1625449482.0,64.0
13.81,1625449482.0,64.0
8.81,1625449482.0,64.0
3.85,1625449482.0,64.0
-1.02,1625449482.0,64.0
-5.85,1625449482.0,64.0
-10.71,1625449482.0,64.0
-15.67,1625449482.0,64.0
-20.81,1625449482.0,64.0
-26.19,1625449482.0,64.0
-31.92,1625449482.0,64.0
-38.11,1625449482.0,64.0
-44.81,1625449482.0,64.0
-51.9,1625449482.0,64.0
-58.95,1625449482.0,64.0
-65.22,1625449482.0,64.0
-69.7,1625449482.0,64.0
-71.41,1625449482.0,64.0
-69.65,1625449482.0,64.0
-64.25,1625449482.0,64.0
-55.62,1625449482.0,64.0
-44.63,1625449482.0,64.0
-32.25,1625449482.0,64.0
-19.3,1625449482.0,64.0
-6.4,1625449482.0,64.0
5.98,1625449482.0,64.0
17.3,1625449482.0,64.0
26.93,1625449482.0,64.0
34.25,1625449482.0,64.0
38.92,1625449482.0,64.0
41.16,1625449482.0,64.0
41.72,1625449482.0,64.0
41.66,1625449482.0,64.0
41.95,1625449482.0,64.0
43.02,1625449482.0,64.0
44.7,1625449482.0,64.0
46.37,1625449482.0,64.0
47.29,1625449482.0,64.0
46.94,1625449482.0,64.0
45.25,1625449482.0,64.0
42.49,1625449482.0,64.0
39.09,1625449482.0,64.0
35.45,1625449482.0,64.0
31.72,1625449482.0,64.0
27.9,1625449482.0,64.0
23.84,1625449482.0,64.0
19.39,1625449482.0,64.0
14.54,1625449482.0,64.0
9.37,1625449482.0,64.0
4.09,1625449482.0,64.0
-1.09,1625449482.0,64.0
-6.05,1625449482.0,64.0
-10.8,1625449482.0,64.0
-15.48,1625449482.0,64.0
-20.3,1625449482.0,64.0
-25.46,1625449482.0,64.0
-31.09,1625449482.0,64.0
-37.28,1625449482.0,64.0
-44.0,1625449482.0,64.0
-51.09,1625449482.0,64.0
-58.15,1625449482.0,64.0
-64.48,1625449482.0,64.0
-69.15,1625449482.0,64.0
-71.22,1625449482.0,64.0
-69.97,1625449482.0,64.0
-65.22,1625449482.0,64.0
-57.28,1625449482.0,64.0
-46.89,1625449482.0,64.0
-34.88,1625449482.0,64.0
-22.02,1625449482.0,64.0
-8.91,1625449482.0,64.0
3.96,1625449482.0,64.0
16.01,1625449482.0,64.0
26.63,1625449482.0,64.0
35.22,1625449482.0,64.0
41.42,1625449482.0,64.0
45.25,1625449482.0,64.0
47.1,1625449482.0,64.0
47.7,1625449482.0,64.0
47.8,1625449482.0,64.0
47.99,1625449482.0,64.0
48.52,1625449482.0,64.0
49.3,1625449482.0,64.0
50.01,1625449482.0,64.0
50.2,1625449482.0,64.0
49.48,1625449482.0,64.0
47.65,1625449482.0,64.0
44.74,1625449482.0,64.0
41.0,1625449482.0,64.0
36.79,1625449482.0,64.0
32.44,1625449482.0,64.0
28.12,1625449482.0,64.0
23.8,1625449482.0,64.0
19.32,1625449482.0,64.0
14.53,1625449482.0,64.0
9.45,1625449482.0,64.0
4.26,1625449482.0,64.0
-0.75,1625449482.0,64.0
-5.36,1625449482.0,64.0
-9.59,1625449482.0,64.0
-13.66,1625449482.0,64.0
-17.93,1625449482.0,64.0
-22.73,1625449482.0,64.0
-28.18,1625449482.0,64.0
-34.24,1625449482.0,64.0
-40.78,1625449482.0,64.0
-47.68,1625449482.0,64.0
-54.79,1625449482.0,64.0
-61.79,1625449482.0,64.0
-68.07,1625449482.0,64.0
-72.68,1625449482.0,64.0
-74.53,1625449482.0,64.0
-72.77,1625449482.0,64.0
-67.12,1625449482.0,64.0
-58.0,1625449482.0,64.0
-46.41,1625449482.0,64.0
-33.51,1625449482.0,64.0
-20.24,1625449482.0,64.0
-7.19,1625449482.0,64.0
5.35,1625449482.0,64.0
17.12,1625449482.0,64.0
27.7,1625449482.0,64.0
36.51,1625449482.0,64.0
43.05,1625449482.0,64.0
47.14,1625449482.0,64.0
49.12,1625449482.0,64.0
49.78,1625449482.0,64.0
50.01,1625449482.0,64.0
50.48,1625449482.0,64.0
51.4,1625449482.0,64.0
52.53,1625449482.0,64.0
53.35,1625449482.0,64.0
53.33,1625449482.0,64.0
52.16,1625449482.0,64.0
49.8,1625449482.0,64.0
46.49,1625449482.0,64.0
42.58,1625449482.0,64.0
38.4,1625449482.0,64.0
34.18,1625449482.0,64.0
30.01,1625449482.0,64.0
25.93,1625449482.0,64.0
21.89,1625449482.0,64.0
17.87,1625449482.0,64.0
13.81,1625449482.0,64.0
9.67,1625449482.0,64.0
5.35,1625449482.0,64.0
0.81,1625449482.0,64.0
-3.94,1625449482.0,64.0
-8.82,1625449482.0,64.0
-13.73,1625449482.0,64.0
-18.59,1625449482.0,64.0
-23.4,1625449482.0,64.0
-28.27,1625449482.0,64.0
-33.36,1625449482.0,64.0
-38.83,1625449482.0,64.0
-44.76,1625449482.0,64.0
-51.11,1625449482.0,64.0
-57.65,1625449482.0,64.0
-63.86,1625449482.0,64.0
-68.97,1625449482.0,64.0
-72.02,1625449482.0,64.0
-72.12,1625449482.0,64.0
-68.71,1625449482.0,64.0
-61.8,1625449482.0,64.0
-51.98,1625449482.0,64.0
-40.2,1625449482.0,64.0
-27.45,1625449482.0,64.0
-14.5,1625449482.0,64.0
-1.8,1625449482.0,64.0
10.33,1625449482.0,64.0
21.52,1625449482.0,64.0
31.23,1625449482.0,64.0
38.88,1625449482.0,64.0
44.06,1625449482.0,64.0
46.83,1625449482.0,64.0
47.74,1625449482.0,64.0
47.62,1625449482.0,64.0
47.27,1625449482.0,64.0
47.13,1625449482.0,64.0
47.23,1625449482.0,64.0
47.27,1625449482.0,64.0
46.89,1625449482.0,64.0
45.89,1625449482.0,64.0
44.24,1625449482.0,64.0
42.08,1625449482.0,64.0
39.51,1625449482.0,64.0
36.57,1625449482.0,64.0
33.25,1625449482.0,64.0
29.53,1625449482.0,64.0
25.5,1625449482.0,64.0
21.34,1625449482.0,64.0
17.25,1625449482.0,64.0
13.36,1625449482.0,64.0
9.7,1625449482.0,64.0
6.17,1625449482.0,64.0
2.61,1625449482.0,64.0
-1.12,1625449482.0,64.0
-5.09,1625449482.0,64.0
-9.31,1625449482.0,64.0
-13.75,1625449482.0,64.0
-18.4,1625449482.0,64.0
-23.18,1625449482.0,64.0
-28.08,1625449482.0,64.0
-33.1,1625449482.0,64.0
-38.35,1625449482.0,64.0
-43.95,1625449482.0,64.0
-50.0,1625449482.0,64.0
-56.38,1625449482.0,64.0
-62.61,1625449482.0,64.0
-67.8,1625449482.0,64.0
-70.83,1625449482.0,64.0
-70.68,1625449482.0,64.0
-66.8,1625449482.0,64.0
-59.31,1625449482.0,64.0
-48.97,1625449482.0,64.0
-36.88,1625449482.0,64.0
-24.15,1625449482.0,64.0
-11.57,1625449482.0,64.0
0.36,1625449482.0,64.0
11.35,1625449482.0,64.0
21.09,1625449482.0,64.0
29.19,1625449482.0,64.0
35.25,1625449482.0,64.0
39.1,1625449482.0,64.0
40.96,1625449482.0,64.0
41.45,1625449482.0,64.0
41.39,1625449482.0,64.0
41.51,1625449482.0,64.0
42.17,1625449482.0,64.0
43.23,1625449482.0,64.0
44.26,1625449482.0,64.0
44.72,1625449482.0,64.0
44.25,1625449482.0,64.0
42.8,1625449482.0,64.0
40.54,1625449482.0,64.0
37.71,1625449482.0,64.0
34.5,1625449482.0,64.0
30.96,1625449482.0,64.0
27.09,1625449482.0,64.0
22.93,1625449482.0,64.0
18.61,1625449482.0,64.0
14.29,1625449482.0,64.0
10.11,1625449482.0,64.0
6.1,1625449482.0,64.0
2.21,1625449482.0,64.0
-1.67,1625449482.0,64.0
-5.57,1625449482.0,64.0
-9.5,1625449482.0,64.0
-13.43,1625449482.0,64.0
-17.43,1625449482.0,64.0
-21.65,1625449482.0,64.0
-26.29,1625449482.0,64.0
-31.54,1625449482.0,64.0
-37.47,1625449482.0,64.0
-43.92,1625449482.0,64.0
-50.49,1625449482.0,64.0
-56.58,1625449482.0,64.0
-61.39,1625449482.0,64.0
-64.07,1625449482.0,64.0
-63.89,1625449482.0,64.0
-60.41,1625449482.0,64.0
-53.71,1625449482.0,64.0
-44.34,1625449482.0,64.0
-33.24,1625449482.0,64.0
-21.39,1625449482.0,64.0
-9.66,1625449482.0,64.0
1.33,1625449482.0,64.0
11.13,1625449482.0,64.0
19.42,1625449482.0,64.0
25.86,1625449482.0,64.0
30.26,1625449482.0,64.0
32.65,1625449482.0,64.0
33.43,1625449482.0,64.0
33.25,1625449482.0,64.0
32.88,1625449482.0,64.0
32.86,1625449482.0,64.0
33.44,1625449482.0,64.0
34.45,1625449482.0,64.0
35.47,1625449482.0,64.0
36.01,1625449482.0,64.0
35.68,1625449482.0,64.0
34.32,1625449482.0,64.0
31.98,1625449482.0,64.0
28.85,1625449482.0,64.0
25.21,1625449482.0,64.0
21.29,1625449482.0,64.0
17.19,1625449482.0,64.0
12.91,1625449482.0,64.0
8.4,1625449482.0,64.0
3.63,1625449482.0,64.0
-1.33,1625449482.0,64.0
-6.29,1625449482.0,64.0
-11.06,1625449482.0,64.0
-15.53,1625449482.0,64.0
-19.75,1625449482.0,64.0
-23.9,1625449482.0,64.0
-28.24,1625449482.0,64.0
-33.02,1625449482.0,64.0
-38.41,1625449482.0,64.0
-44.5,1625449482.0,64.0
-51.25,1625449482.0,64.0
-58.41,1625449482.0,64.0
-65.47,1625449482.0,64.0
-71.68,1625449482.0,64.0
-76.08,1625449482.0,64.0
-77.7,1625449482.0,64.0
-75.93,1625449482.0,64.0
-70.61,1625449482.0,64.0
-62.13,1625449482.0,64.0
-51.3,1625449482.0,64.0
-39.06,1625449482.0,64.0
-26.21,1625449482.0,64.0
-13.31,1625449482.0,64.0
-0.78,1625449482.0,64.0
11.05,1625449482.0,64.0
21.68,1625449482.0,64.0
30.56,1625449482.0,64.0
37.26,1625449482.0,64.0
41.66,1625449482.0,64.0
44.12,1625449482.0,64.0
45.37,1625449482.0,64.0
46.2,1625449482.0,64.0
47.17,1625449482.0,64.0
48.4,1625449482.0,64.0
49.57,1625449482.0,64.0
50.17,1625449482.0,64.0
49.73,1625449482.0,64.0
48.1,1625449482.0,64.0
45.43,1625449482.0,64.0
42.08,1625449482.0,64.0
38.46,1625449482.0,64.0
34.86,1625449482.0,64.0
31.4,1625449482.0,64.0
27.99,1625449482.0,64.0
24.44,1625449482.0,64.0
20.54,1625449482.0,64.0
16.14,1625449482.0,64.0
11.28,1625449482.0,64.0
6.12,1625449482.0,64.0
0.9,1625449482.0,64.0
-4.19,1625449482.0,64.0
-9.08,1625449482.0,64.0
-13.89,1625449482.0,64.0
-18.81,1625449482.0,64.0
-24.09,1625449482.0,64.0
-29.92,1625449482.0,64.0
-36.41,1625449482.0,64.0
-43.57,1625449482.0,64.0
-51.17,1625449482.0,64.0
-58.75,1625449482.0,64.0
-65.52,1625449482.0,64.0
-70.48,1625449482.0,64.0
-72.63,1625449482.0,64.0
-71.25,1625449482.0,64.0
-66.16,1625449482.0,64.0
-57.76,1625449482.0,64.0
-46.92,1625449482.0,64.0
-34.66,1625449482.0,64.0
-21.85,1625449482.0,64.0
-9.08,1625449482.0,64.0
3.38,1625449482.0,64.0
15.27,1625449482.0,64.0
26.26,1625449482.0,64.0
35.81,1625449482.0,64.0
43.37,1625449482.0,64.0
48.6,1625449482.0,64.0
51.62,1625449482.0,64.0
52.97,1625449482.0,64.0
53.42,1625449482.0,64.0
53.66,1625449482.0,64.0
54.02,1625449482.0,64.0
54.43,1625449482.0,64.0
54.58,1625449482.0,64.0
54.08,1625449482.0,64.0
52.68,1625449482.0,64.0
50.38,1625449482.0,64.0
47.34,1625449482.0,64.0
43.81,1625449482.0,64.0
40.0,1625449482.0,64.0
36.03,1625449482.0,64.0
31.9,1625449482.0,64.0
27.51,1625449482.0,64.0
22.76,1625449482.0,64.0
17.6,1625449482.0,64.0
12.13,1625449482.0,64.0
6.61,1625449482.0,64.0
1.3,1625449482.0,64.0
-3.59,1625449482.0,64.0
-8.07,1625449482.0,64.0
-12.39,1625449482.0,64.0
-16.9,1625449482.0,64.0
-21.93,1625449482.0,64.0
-27.65,1625449482.0,64.0
-34.04,1625449482.0,64.0
-40.97,1625449482.0,64.0
-48.28,1625449482.0,64.0
-55.76,1625449482.0,64.0
-63.1,1625449482.0,64.0
-69.67,1625449482.0,64.0
-74.57,1625449482.0,64.0
-76.75,1625449482.0,64.0
-75.35,1625449482.0,64.0
-70.07,1625449482.0,64.0
-61.3,1625449482.0,64.0
-49.98,1625449482.0,64.0
-37.21,1625449482.0,64.0
-23.91,1625449482.0,64.0
-10.62,1625449482.0,64.0
2.36,1625449482.0,64.0
14.75,1625449482.0,64.0
26.05,1625449482.0,64.0
35.54,1625449482.0,64.0
42.59,1625449482.0,64.0
46.88,1625449482.0,64.0
48.72,1625449482.0,64.0
48.9,1625449482.0,64.0
48.44,1625449482.0,64.0
48.17,1625449482.0,64.0
48.53,1625449482.0,64.0
49.4,1625449482.0,64.0
50.34,1625449482.0,64.0
50.78,1625449482.0,64.0
50.32,1625449482.0,64.0
48.76,1625449482.0,64.0
46.17,1625449482.0,64.0
42.8,1625449482.0,64.0
38.9,1625449482.0,64.0
34.73,1625449482.0,64.0
30.44,1625449482.0,64.0
26.09,1625449482.0,64.0
21.74,1625449482.0,64.0
17.4,1625449482.0,64.0
13.1,1625449482.0,64.0
8.87,1625449482.0,64.0
4.68,1625449482.0,64.0
0.46,1625449482.0,64.0
-3.85,1625449482.0,64.0
-8.37,1625449482.0,64.0
-13.14,1625449482.0,64.0
-18.17,1625449482.0,64.0
-23.37,1625449482.0,64.0
-28.67,1625449482.0,64.0
-34.05,1625449482.0,64.0
-39.55,1625449482.0,64.0
-45.35,1625449482.0,64.0
-51.52,1625449482.0,64.0
-57.91,1625449482.0,64.0
-63.92,1625449482.0,64.0
-68.6,1625449482.0,64.0
-70.82,1625449482.0,64.0
-69.65,1625449482.0,64.0
-64.74,1625449482.0,64.0
-56.39,1625449482.0,64.0
-45.47,1625449482.0,64.0
-33.04,1625449482.0,64.0
-20.01,1625449482.0,64.0
-6.94,1625449482.0,64.0
5.81,1625449482.0,64.0
17.9,1625449482.0,64.0
28.78,1625449482.0,64.0
37.71,1625449482.0,64.0
44.08,1625449482.0,64.0
47.71,1625449482.0,64.0
49.08,1625449482.0,64.0
49.12,1625449482.0,64.0
48.92,1625449482.0,64.0
49.24,1625449482.0,64.0
50.25,1625449482.0,64.0
51.56,1625449482.0,64.0
52.54,1625449482.0,64.0
52.63,1625449482.0,64.0
51.59,1625449482.0,64.0
49.45,1625449482.0,64.0
46.46,1625449482.0,64.0
42.85,1625449482.0,64.0
38.84,1625449482.0,64.0
34.56,1625449482.0,64.0
30.16,1625449482.0,64.0
25.77,1625449482.0,64.0
21.44,1625449482.0,64.0
17.18,1625449482.0,64.0
12.93,1625449482.0,64.0
8.62,1625449482.0,64.0
4.21,1625449482.0,64.0
-0.23,1625449482.0,64.0
-4.64,1625449482.0,64.0
-9.03,1625449482.0,64.0
-13.43,1625449482.0,64.0
-17.97,1625449482.0,64.0
-22.78,1625449482.0,64.0
-27.91,1625449482.0,64.0
-33.42,1625449482.0,64.0
-39.31,1625449482.0,64.0
-45.53,1625449482.0,64.0
-51.91,1625449482.0,64.0
-58.07,1625449482.0,64.0
-63.33,1625449482.0,64.0
-66.82,1625449482.0,64.0
-67.68,1625449482.0,64.0
-65.31,1625449482.0,64.0
-59.59,1625449482.0,64.0
-50.93,1625449482.0,64.0
-40.1,1625449482.0,64.0
-27.99,1625449482.0,64.0
-15.38,1625449482.0,64.0
-2.88,1625449482.0,64.0
9.04,1625449482.0,64.0
19.88,1625449482.0,64.0
29.12,1625449482.0,64.0
36.28,1625449482.0,64.0
41.15,1625449482.0,64.0
43.88,1625449482.0,64.0
45.01,1625449482.0,64.0
45.3,1625449482.0,64.0
45.42,1625449482.0,64.0
45.76,1625449482.0,64.0
46.37,1625449482.0,64.0
47.0,1625449482.0,64.0
47.31,1625449482.0,64.0
47.02,1625449482.0,64.0
46.01,1625449482.0,64.0
44.28,1625449482.0,64.0
41.86,1625449482.0,64.0
38.82,1625449482.0,64.0
35.26,1625449482.0,64.0
31.32,1625449482.0,64.0
27.16,1625449482.0,64.0
22.96,1625449482.0,64.0
18.83,1625449482.0,64.0
14.78,1625449482.0,64.0
10.73,1625449482.0,64.0
6.54,1625449482.0,64.0
2.11,1625449482.0,64.0
-2.55,1625449482.0,64.0
-7.35,1625449482.0,64.0
-12.17,1625449482.0,64.0
-16.86,1625449482.0,64.0
-21.35,1625449482.0,64.0
-25.68,1625449482.0,64.0
-30.0,1625449482.0,64.0
-34.52,1625449482.0,64.0
-39.51,1625449482.0,64.0
-45.17,1625449482.0,64.0
-51.57,1625449482.0,64.0
-58.45,1625449482.0,64.0
-65.22,1625449482.0,64.0
-70.93,1625449482.0,64.0
-74.5,1625449482.0,64.0
-74.98,1625449482.0,64.0
-71.87,1625449482.0,64.0
-65.23,1625449482.0,64.0
-55.69,1625449482.0,64.0
-44.19,1625449482.0,64.0
-31.69,1625449482.0,64.0
-18.94,1625449482.0,64.0
-6.49,1625449482.0,64.0
5.29,1625449482.0,64.0
15.99,1625449482.0,64.0
25.15,1625449482.0,64.0
32.35,1625449482.0,64.0
37.4,1625449482.0,64.0
40.51,1625449482.0,64.0
42.21,1625449482.0,64.0
43.25,1625449482.0,64.0
44.22,1625449482.0,64.0
45.42,1625449482.0,64.0
46.76,1625449482.0,64.0
47.89,1625449482.0,64.0
48.44,1625449482.0,64.0
48.15,1625449482.0,64.0
46.99,1625449482.0,64.0
45.06,1625449482.0,64.0
42.56,1625449482.0,64.0
39.59,1625449482.0,64.0
36.2,1625449482.0,64.0
32.37,1625449482.0,64.0
28.14,1625449482.0,64.0
23.61,1625449482.0,64.0
19.0,1625449482.0,64.0
14.53,1625449482.0,64.0
10.33,1625449482.0,64.0
6.37,1625449482.0,64.0
2.46,1625449482.0,64.0
-1.62,1625449482.0,64.0
-6.07,1625449482.0,64.0
-10.87,1625449482.0,64.0
-15.85,1625449482.0,64.0
-20.81,1625449482.0,64.0
-25.58,1625449482.0,64.0
-30.19,1625449482.0,64.0
-34.81,1625449482.0,64.0
-39.72,1625449482.0,64.0
-45.13,1625449482.0,64.0
-51.15,1625449482.0,64.0
-57.62,1625449482.0,64.0
-64.07,1625449482.0,64.0
-69.74,1625449482.0,64.0
-73.65,1625449482.0,64.0
-74.84,1625449482.0,64.0
-72.62,1625449482.0,64.0
-66.85,1625449482.0,64.0
-57.98,1625449482.0,64.0
-46.95,1625449482.0,64.0
-34.82,1625449482.0,64.0
-22.48,1625449482.0,64.0
-10.52,1625449482.0,64.0
0.8,1625449482.0,64.0
11.21,1625449482.0,64.0
20.35,1625449482.0,64.0
27.73,1625449482.0,64.0
32.98,1625449482.0,64.0
36.08,1625449482.0,64.0
37.5,1625449482.0,64.0
38.04,1625449482.0,64.0
38.5,1625449482.0,64.0
39.38,1625449482.0,64.0
40.68,1625449482.0,64.0
42.02,1625449482.0,64.0
42.85,1625449482.0,64.0
42.78,1625449482.0,64.0
41.64,1625449482.0,64.0
39.58,1625449482.0,64.0
36.87,1625449482.0,64.0
33.82,1625449482.0,64.0
30.65,1625449482.0,64.0
27.44,1625449482.0,64.0
24.14,1625449482.0,64.0
20.66,1625449482.0,64.0
16.91,1625449482.0,64.0
12.85,1625449482.0,64.0
8.59,1625449482.0,64.0
4.23,1625449482.0,64.0
-0.09,1625449482.0,64.0
-4.31,1625449482.0,64.0
-8.48,1625449482.0,64.0
-12.63,1625449482.0,64.0
-16.79,1625449482.0,64.0
-20.92,1625449482.0,64.0
-25.01,1625449482.0,64.0
-29.11,1625449482.0,64.0
-33.43,1625449482.0,64.0
-38.25,1625449482.0,64.0
-43.79,1625449482.0,64.0
-50.0,1625449482.0,64.0
-56.4,1625449482.0,64.0
-62.08,1625449482.0,64.0
-65.9,1625449482.0,64.0
-66.79,1625449482.0,64.0
-64.12,1625449482.0,64.0
-57.92,1625449482.0,64.0
-48.85,1625449482.0,64.0
-37.98,1625449482.0,64.0
-26.38,1625449482.0,64.0
-14.88,1625449482.0,64.0
-3.98,1625449482.0,64.0
6.05,1625449482.0,64.0
14.94,1625449482.0,64.0
22.33,1625449482.0,64.0
27.84,1625449482.0,64.0
31.31,1625449482.0,64.0
32.94,1625449482.0,64.0
33.32,1625449482.0,64.0
33.23,1625449482.0,64.0
33.39,1625449482.0,64.0
34.12,1625449482.0,64.0
35.35,1625449482.0,64.0
36.66,1625449482.0,64.0
37.52,1625449482.0,64.0
37.47,1625449482.0,64.0
36.31,1625449482.0,64.0
34.09,1625449482.0,64.0
31.06,1625449482.0,64.0
27.51,1625449482.0,64.0
23.71,1625449482.0,64.0
19.81,1625449482.0,64.0
15.84,1625449482.0,64.0
11.74,1625449482.0,64.0
7.45,1625449482.0,64.0
2.98,1625449482.0,64.0
-1.6,1625449482.0,64.0
-6.16,1625449482.0,64.0
-10.59,1625449482.0,64.0
-14.83,1625449482.0,64.0
-19.0,1625449482.0,64.0
-23.28,1625449482.0,64.0
-27.94,1625449482.0,64.0
-33.15,1625449482.0,64.0
-39.0,1625449482.0,64.0
-45.45,1625449482.0,64.0
-52.35,1625449482.0,64.0
-59.45,1625449482.0,64.0
-66.33,1625449482.0,64.0
-72.34,1625449482.0,64.0
-76.62,1625449482.0,64.0
-78.26,1625449482.0,64.0
-76.52,1625449482.0,64.0
-71.14,1625449482.0,64.0
-62.5,1625449482.0,64.0
-51.47,1625449482.0,64.0
-39.1,1625449482.0,64.0
-26.31,1625449482.0,64.0
-13.66,1625449482.0,64.0
-1.41,1625449482.0,64.0
10.23,1625449482.0,64.0
20.9,1625449482.0,64.0
30.04,1625449482.0,64.0
37.07,1625449482.0,64.0
41.7,1625449482.0,64.0
44.12,1625449482.0,64.0
45.0,1625449482.0,64.0
45.24,1625449482.0,64.0
45.63,1625449482.0,64.0
46.53,1625449482.0,64.0
47.78,1625449482.0,64.0
48.87,1625449482.0,64.0
49.21,1625449482.0,64.0
48.4,1625449482.0,64.0
46.4,1625449482.0,64.0
43.45,1625449482.0,64.0
39.95,1625449482.0,64.0
36.2,1625449482.0,64.0
32.37,1625449482.0,64.0
28.44,1625449482.0,64.0
24.3,1625449482.0,64.0
19.83,1625449482.0,64.0
15.02,1625449482.0,64.0
9.96,1625449482.0,64.0
4.78,1625449482.0,64.0
-0.33,1625449482.0,64.0
-5.24,1625449482.0,64.0
-9.9,1625449482.0,64.0
-14.39,1625449482.0,64.0
-18.86,1625449482.0,64.0
-23.53,1625449482.0,64.0
-28.59,1625449482.0,64.0
-34.19,1625449482.0,64.0
-40.42,1625449482.0,64.0
-47.25,1625449482.0,64.0
-54.51,1625449482.0,64.0
-61.82,1625449482.0,64.0
-68.55,1625449482.0,64.0
-73.79,1625449482.0,64.0
-76.63,1625449482.0,64.0
-76.27,1625449482.0,64.0
-72.36,1625449482.0,64.0
-65.05,1625449482.0,64.0
-54.96,1625449482.0,64.0
-42.92,1625449482.0,64.0
-29.73,1625449482.0,64.0
-16.02,1625449482.0,64.0
-2.23,1625449482.0,64.0
11.19,1625449482.0,64.0
23.68,1625449482.0,64.0
34.56,1625449482.0,64.0
43.22,1625449482.0,64.0
49.38,1625449482.0,64.0
53.15,1625449482.0,64.0
55.11,1625449482.0,64.0
56.0,1625449482.0,64.0
56.46,1625449482.0,64.0
56.83,1625449482.0,64.0
57.14,1625449482.0,64.0
57.2,1625449482.0,64.0
56.79,1625449482.0,64.0
55.76,1625449482.0,64.0
54.07,1625449482.0,64.0
51.75,1625449482.0,64.0
48.84,1625449482.0,64.0
45.35,1625449482.0,64.0
41.37,1625449482.0,64.0
37.04,1625449482.0,64.0
32.55,1625449482.0,64.0
28.05,1625449482.0,64.0
23.65,1625449482.0,64.0
19.3,1625449482.0,64.0
14.89,1625449482.0,64.0
10.27,1625449482.0,64.0
5.36,1625449482.0,64.0
0.2,1625449482.0,64.0
-5.14,1625449482.0,64.0
-10.52,1625449482.0,64.0
-15.88,1625449482.0,64.0
-21.21,1625449482.0,64.0
-26.57,1625449482.0,64.0
-32.06,1625449482.0,64.0
-37.81,1625449482.0,64.0
-43.95,1625449482.0,64.0
-50.57,1625449482.0,64.0
-57.62,1625449482.0,64.0
-64.77,1625449482.0,64.0
-71.37,1625449482.0,64.0
-76.43,1625449482.0,64.0
-78.87,1625449482.0,64.0
-77.8,1625449482.0,64.0
-72.85,1625449482.0,64.0
-64.27,1625449482.0,64.0
-52.87,1625449482.0,64.0
-39.67,1625449482.0,64.0
-25.62,1625449482.0,64.0
-11.41,1625449482.0,64.0
2.52,1625449482.0,64.0
15.74,1625449482.0,64.0
27.74,1625449482.0,64.0
37.86,1625449482.0,64.0
45.53,1625449482.0,64.0
50.48,1625449482.0,64.0
53.0,1625449482.0,64.0
53.86,1625449482.0,64.0
54.07,1625449482.0,64.0
54.45,1625449482.0,64.0
55.38,1625449482.0,64.0
56.65,1625449482.0,64.0
57.73,1625449482.0,64.0
58.03,1625449482.0,64.0
57.2,1625449482.0,64.0
55.27,1625449482.0,64.0
52.52,1625449482.0,64.0
49.27,1625449482.0,64.0
45.71,1625449482.0,64.0
41.85,1625449482.0,64.0
37.6,1625449482.0,64.0
32.96,1625449482.0,64.0
28.05,1625449482.0,64.0
23.15,1625449482.0,64.0
18.52,1625449482.0,64.0
14.27,1625449482.0,64.0
10.31,1625449482.0,64.0
6.35,1625449482.0,64.0
2.07,1625449482.0,64.0
-2.72,1625449482.0,64.0
-7.96,1625449482.0,64.0
-13.47,1625449482.0,64.0
-18.97,1625449482.0,64.0
-24.31,1625449482.0,64.0
-29.49,1625449482.0,64.0
-34.69,1625449482.0,64.0
-40.17,1625449482.0,64.0
-46.12,1625449482.0,64.0
-52.61,1625449482.0,64.0
-59.5,1625449482.0,64.0
-66.36,1625449482.0,64.0
-72.45,1625449482.0,64.0
-76.82,1625449482.0,64.0
-78.49,1625449482.0,64.0
-76.69,1625449482.0,64.0
-71.17,1625449482.0,64.0
-62.23,1625449482.0,64.0
-50.71,1625449482.0,64.0
-37.61,1625449482.0,64.0
-23.83,1625449482.0,64.0
-10.01,1625449482.0,64.0
3.44,1625449482.0,64.0
16.13,1625449482.0,64.0
27.55,1625449482.0,64.0
37.13,1625449482.0,64.0
44.43,1625449482.0,64.0
49.37,1625449482.0,64.0
52.3,1625449482.0,64.0
53.93,1625449482.0,64.0
54.97,1625449482.0,64.0
55.91,1625449482.0,64.0
56.87,1625449482.0,64.0
57.68,1625449482.0,64.0
58.06,1625449482.0,64.0
57.77,1625449482.0,64.0
56.72,1625449482.0,64.0
54.93,1625449482.0,64.0
52.49,1625449482.0,64.0
49.52,1625449482.0,64.0
46.1,1625449482.0,64.0
42.28,1625449482.0,64.0
38.13,1625449482.0,64.0
33.69,1625449482.0,64.0
29.07,1625449482.0,64.0
24.38,1625449482.0,64.0
19.79,1625449482.0,64.0
15.4,1625449482.0,64.0
11.2,1625449482.0,64.0
7.05,1625449482.0,64.0
2.73,1625449482.0,64.0
-1.97,1625449482.0,64.0
-7.08,1625449482.0,64.0
-12.47,1625449482.0,64.0
-17.88,1625449482.0,64.0
-23.1,1625449482.0,64.0
-28.06,1625449482.0,64.0
-32.93,1625449482.0,64.0
-38.04,1625449482.0,64.0
-43.72,1625449482.0,64.0
-50.17,1625449482.0,64.0
-57.27,1625449482.0,64.0
-64.57,1625449482.0,64.0
-71.22,1625449482.0,64.0
-76.14,1625449482.0,64.0
-78.26,1625449482.0,64.0
-76.83,1625449482.0,64.0
-71.62,1625449482.0,64.0
-63.02,1625449482.0,64.0
-51.94,1625449482.0,64.0
-39.41,1625449482.0,64.0
-26.34,1625449482.0,64.0
-13.33,1625449482.0,64.0
-0.7,1625449482.0,64.0
11.31,1625449482.0,64.0
22.35,1625449482.0,64.0
31.92,1625449482.0,64.0
39.5,1625449482.0,64.0
44.84,1625449482.0,64.0
48.1,1625449482.0,64.0
49.82,1625449482.0,64.0
50.71,1625449482.0,64.0
51.38,1625449482.0,64.0
52.08,1625449482.0,64.0
52.75,1625449482.0,64.0
53.14,1625449482.0,64.0
53.0,1625449482.0,64.0
52.27,1625449482.0,64.0
50.98,1625449482.0,64.0
49.18,1625449482.0,64.0
46.82,1625449482.0,64.0
43.79,1625449482.0,64.0
39.97,1625449482.0,64.0
35.42,1625449482.0,64.0
30.44,1625449482.0,64.0
25.42,1625449482.0,64.0
20.72,1625449482.0,64.0
16.51,1625449482.0,64.0
12.64,1625449482.0,64.0
8.82,1625449482.0,64.0
4.69,1625449482.0,64.0
0.1,1625449482.0,64.0
-4.89,1625449482.0,64.0
-10.07,1625449482.0,64.0
-15.18,1625449482.0,64.0
-20.06,1625449482.0,64.0
-24.69,1625449482.0,64.0
-29.18,1625449482.0,64.0
-33.72,1625449482.0,64.0
-38.51,1625449482.0,64.0
-43.78,1625449482.0,64.0
-49.74,1625449482.0,64.0
-56.46,1625449482.0,64.0
-63.71,1625449482.0,64.0
-70.79,1625449482.0,64.0
-76.61,1625449482.0,64.0
-79.9,1625449482.0,64.0
-79.6,1625449482.0,64.0
-75.24,1625449482.0,64.0
-67.06,1625449482.0,64.0
-55.96,1625449482.0,64.0
-43.09,1625449482.0,64.0
-29.55,1625449482.0,64.0
-16.09,1625449482.0,64.0
-3.13,1625449482.0,64.0
9.08,1625449482.0,64.0
20.21,1625449482.0,64.0
29.83,1625449482.0,64.0
37.48,1625449482.0,64.0
42.88,1625449482.0,64.0
46.13,1625449482.0,64.0
47.74,1625449482.0,64.0
48.43,1625449482.0,64.0
48.89,1625449482.0,64.0
49.53,1625449482.0,64.0
50.33,1625449482.0,64.0
50.97,1625449482.0,64.0
51.01,1625449482.0,64.0
50.17,1625449482.0,64.0
48.39,1625449482.0,64.0
45.86,1625449482.0,64.0
42.84,1625449482.0,64.0
39.53,1625449482.0,64.0
35.98,1625449482.0,64.0
32.15,1625449482.0,64.0
28.04,1625449482.0,64.0
23.75,1625449482.0,64.0
19.48,1625449482.0,64.0
15.43,1625449482.0,64.0
11.67,1625449482.0,64.0
8.04,1625449482.0,64.0
4.27,1625449482.0,64.0
0.04,1625449482.0,64.0
-4.75,1625449482.0,64.0
-9.97,1625449482.0,64.0
-15.3,1625449482.0,64.0
-20.44,1625449482.0,64.0
-25.19,1625449482.0,64.0
-29.61,1625449482.0,64.0
-33.95,1625449482.0,64.0
-38.56,1625449482.0,64.0
-43.76,1625449482.0,64.0
-49.72,1625449482.0,64.0
-56.34,1625449482.0,64.0
-63.17,1625449482.0,64.0
-69.38,1625449482.0,64.0
-73.93,1625449482.0,64.0
-75.79,1625449482.0,64.0
-74.26,1625449482.0,64.0
-69.18,1625449482.0,64.0
-60.95,1625449482.0,64.0
-50.41,1625449482.0,64.0
-38.5,1625449482.0,64.0
-26.05,1625449482.0,64.0
-13.66,1625449482.0,64.0
-1.75,1625449482.0,64.0
9.23,1625449482.0,64.0
18.81,1625449482.0,64.0
26.49,1625449482.0,64.0
31.97,1625449482.0,64.0
35.26,1625449482.0,64.0
36.81,1625449482.0,64.0
37.36,1625449482.0,64.0
37.69,1625449482.0,64.0
38.34,1625449482.0,64.0
39.43,1625449482.0,64.0
40.67,1625449482.0,64.0
41.58,1625449482.0,64.0
41.69,1625449482.0,64.0
40.78,1625449482.0,64.0
38.94,1625449482.0,64.0
36.44,1625449482.0,64.0
33.57,1625449482.0,64.0
30.53,1625449482.0,64.0
27.36,1625449482.0,64.0
23.99,1625449482.0,64.0
20.36,1625449482.0,64.0
16.42,1625449482.0,64.0
12.21,1625449482.0,64.0
7.84,1625449482.0,64.0
3.45,1625449482.0,64.0
-0.86,1625449482.0,64.0
-5.0,1625449482.0,64.0
-8.98,1625449482.0,64.0
-12.85,1625449482.0,64.0
-16.7,1625449482.0,64.0
-20.6,1625449482.0,64.0
-24.63,1625449482.0,64.0
-28.85,1625449482.0,64.0
-33.41,1625449482.0,64.0
-38.47,1625449482.0,64.0
-44.19,1625449482.0,64.0
-50.55,1625449482.0,64.0
-57.15,1625449482.0,64.0
-63.21,1625449482.0,64.0
-67.64,1625449482.0,64.0
-69.35,1625449482.0,64.0
-67.58,1625449482.0,64.0
-62.2,1625449482.0,64.0
-53.71,1625449482.0,64.0
-43.05,1625449482.0,64.0
-31.23,1625449482.0,64.0
-19.11,1625449482.0,64.0
-7.28,1625449482.0,64.0
3.88,1625449482.0,64.0
13.98,1625449482.0,64.0
22.54,1625449482.0,64.0
29.06,1625449482.0,64.0
33.27,1625449482.0,64.0
35.28,1625449482.0,64.0
35.7,1625449482.0,64.0
35.41,1625449482.0,64.0
35.25,1625449482.0,64.0
35.7,1625449482.0,64.0
36.73,1625449482.0,64.0
37.9,1625449482.0,64.0
38.6,1625449482.0,64.0
38.37,1625449482.0,64.0
37.01,1625449482.0,64.0
34.65,1625449482.0,64.0
31.6,1625449482.0,64.0
28.18,1625449482.0,64.0
24.62,1625449482.0,64.0
20.98,1625449482.0,64.0
17.22,1625449482.0,64.0
13.23,1625449482.0,64.0
8.96,1625449482.0,64.0
4.41,1625449482.0,64.0
-0.28,1625449482.0,64.0
-4.96,1625449482.0,64.0
-9.5,1625449482.0,64.0
-13.88,1625449482.0,64.0
-18.22,1625449482.0,64.0
-22.67,1625449482.0,64.0
-27.4,1625449482.0,64.0
-32.47,1625449482.0,64.0
-37.91,1625449482.0,64.0
-43.74,1625449482.0,64.0
-50.0,1625449482.0,64.0
-56.7,1625449482.0,64.0
-63.62,1625449482.0,64.0
-70.19,1625449482.0,64.0
-75.44,1625449482.0,64.0
-78.24,1625449482.0,64.0
-77.65,1625449482.0,64.0
-73.26,1625449482.0,64.0
-65.34,1625449482.0,64.0
-54.73,1625449482.0,64.0
-42.49,1625449482.0,64.0
-29.56,1625449482.0,64.0
-16.52,1625449482.0,64.0
-3.68,1625449482.0,64.0
8.73,1625449482.0,64.0
20.32,1625449482.0,64.0
30.52,1625449482.0,64.0
38.71,1625449482.0,64.0
44.5,1625449482.0,64.0
47.95,1625449482.0,64.0
49.59,1625449482.0,64.0
50.22,1625449482.0,64.0
50.6,1625449482.0,64.0
51.12,1625449482.0,64.0
51.73,1625449482.0,64.0
52.06,1625449482.0,64.0
51.64,1625449482.0,64.0
50.23,1625449482.0,64.0
47.87,1625449482.0,64.0
44.86,1625449482.0,64.0
41.59,1625449482.0,64.0
38.3,1625449482.0,64.0
35.05,1625449482.0,64.0
31.7,1625449482.0,64.0
28.0,1625449482.0,64.0
23.77,1625449482.0,64.0
18.96,1625449482.0,64.0
13.69,1625449482.0,64.0
8.19,1625449482.0,64.0
2.72,1625449482.0,64.0
-2.49,1625449482.0,64.0
-7.37,1625449482.0,64.0
-12.01,1625449482.0,64.0
-16.61,1625449482.0,64.0
-21.45,1625449482.0,64.0
-26.75,1625449482.0,64.0
-32.63,1625449482.0,64.0
-39.13,1625449482.0,64.0
-46.18,1625449482.0,64.0
-53.56,1625449482.0,64.0
-60.84,1625449482.0,64.0
-67.34,1625449482.0,64.0
-72.14,1625449482.0,64.0
-74.25,1625449482.0,64.0
-72.92,1625449482.0,64.0
-67.88,1625449482.0,64.0
-59.46,1625449482.0,64.0
-48.46,1625449482.0,64.0
-35.9,1625449482.0,64.0
-22.67,1625449482.0,64.0
-9.42,1625449482.0,64.0
3.49,1625449482.0,64.0
15.76,1625449482.0,64.0
27.0,1625449482.0,64.0
36.69,1625449482.0,64.0
44.34,1625449482.0,64.0
49.67,1625449482.0,64.0
52.81,1625449482.0,64.0
54.25,1625449482.0,64.0
54.69,1625449482.0,64.0
54.75,1625449482.0,64.0
54.81,1625449482.0,64.0
54.91,1625449482.0,64.0
54.89,1625449482.0,64.0
54.51,1625449482.0,64.0
53.53,1625449482.0,64.0
51.83,1625449482.0,64.0
49.34,1625449482.0,64.0
46.05,1625449482.0,64.0
42.07,1625449482.0,64.0
37.59,1625449482.0,64.0
32.87,1625449482.0,64.0
28.11,1625449482.0,64.0
23.44,1625449482.0,64.0
18.8,1625449482.0,64.0
14.07,1625449482.0,64.0
9.13,1625449482.0,64.0
3.97,1625449482.0,64.0
-1.3,1625449482.0,64.0
-6.51,1625449482.0,64.0
-11.6,1625449482.0,64.0
-16.63,1625449482.0,64.0
-21.81,1625449482.0,64.0
-27.37,1625449482.0,64.0
-33.48,1625449482.0,64.0
-40.14,1625449482.0,64.0
-47.26,1625449482.0,64.0
-54.62,1625449482.0,64.0
-61.95,1625449482.0,64.0
-68.79,1625449482.0,64.0
-74.45,1625449482.0,64.0
-78.03,1625449482.0,64.0
-78.61,1625449482.0,64.0
-75.57,1625449482.0,64.0
-68.83,1625449482.0,64.0
-58.95,1625449482.0,64.0
-46.92,1625449482.0,64.0
-33.76,1625449482.0,64.0
-20.22,1625449482.0,64.0
-6.68,1625449482.0,64.0
6.61,1625449482.0,64.0
19.28,1625449482.0,64.0
30.67,1625449482.0,64.0
40.0,1625449482.0,64.0
46.67,1625449482.0,64.0
50.62,1625449482.0,64.0
52.4,1625449482.0,64.0
52.96,1625449482.0,64.0
53.22,1625449482.0,64.0
53.75,1625449482.0,64.0
54.61,1625449482.0,64.0
55.5,1625449482.0,64.0
55.97,1625449482.0,64.0
55.68,1625449482.0,64.0
54.49,1625449482.0,64.0
52.41,1625449482.0,64.0
49.51,1625449482.0,64.0
45.92,1625449482.0,64.0
41.73,1625449482.0,64.0
37.09,1625449482.0,64.0
32.17,1625449482.0,64.0
27.14,1625449482.0,64.0
22.13,1625449482.0,64.0
17.27,1625449482.0,64.0
12.57,1625449482.0,64.0
8.04,1625449482.0,64.0
3.6,1625449482.0,64.0
-0.85,1625449482.0,64.0
-5.45,1625449482.0,64.0
-10.32,1625449482.0,64.0
-15.54,1625449482.0,64.0
-21.09,1625449482.0,64.0
-26.89,1625449482.0,64.0
-32.84,1625449482.0,64.0
-38.91,1625449482.0,64.0
-45.18,1625449482.0,64.0
-51.78,1625449482.0,64.0
-58.7,1625449482.0,64.0
-65.58,1625449482.0,64.0
-71.71,1625449482.0,64.0
-76.08,1625449482.0,64.0
-77.63,1625449482.0,64.0
-75.64,1625449482.0,64.0
-69.91,1625449482.0,64.0
-60.82,1625449482.0,64.0
-49.19,1625449482.0,64.0
-36.0,1625449482.0,64.0
-22.11,1625449482.0,64.0
-8.18,1625449482.0,64.0
5.3,1625449482.0,64.0
17.88,1625449482.0,64.0
28.99,1625449482.0,64.0
38.0,1625449482.0,64.0
44.41,1625449482.0,64.0
48.1,1625449482.0,64.0
49.48,1625449482.0,64.0
49.46,1625449482.0,64.0
49.09,1625449482.0,64.0
49.18,1625449482.0,64.0
49.99,1625449482.0,64.0
51.16,1625449482.0,64.0
52.0,1625449482.0,64.0
51.85,1625449482.0,64.0
50.45,1625449482.0,64.0
47.94,1625449482.0,64.0
44.75,1625449482.0,64.0
41.29,1625449482.0,64.0
37.77,1625449482.0,64.0
34.2,1625449482.0,64.0
30.44,1625449482.0,64.0
26.41,1625449482.0,64.0
22.11,1625449482.0,64.0
17.62,1625449482.0,64.0
13.06,1625449482.0,64.0
8.5,1625449482.0,64.0
3.91,1625449482.0,64.0
-0.72,1625449482.0,64.0
-5.39,1625449482.0,64.0
-10.06,1625449482.0,64.0
-14.67,1625449482.0,64.0
-19.17,1625449482.0,64.0
-23.61,1625449482.0,64.0
-28.13,1625449482.0,64.0
-32.96,1625449482.0,64.0
-38.32,1625449482.0,64.0
-44.28,1625449482.0,64.0
-50.63,1625449482.0,64.0
-56.75,1625449482.0,64.0
-61.68,1625449482.0,64.0
-64.32,1625449482.0,64.0
-63.76,1625449482.0,64.0
-59.6,1625449482.0,64.0
-52.07,1625449482.0,64.0
-41.96,1625449482.0,64.0
-30.28,1625449482.0,64.0
-17.97,1625449482.0,64.0
-5.71,1625449482.0,64.0
6.04,1625449482.0,64.0
16.87,1625449482.0,64.0
26.22,1625449482.0,64.0
33.48,1625449482.0,64.0
38.19,1625449482.0,64.0
40.33,1625449482.0,64.0
40.5,1625449482.0,64.0
39.73,1625449482.0,64.0
39.11,1625449482.0,64.0
39.34,1625449482.0,64.0
40.47,1625449482.0,64.0
41.94,1625449482.0,64.0
42.93,1625449482.0,64.0
42.76,1625449482.0,64.0
41.18,1625449482.0,64.0
38.42,1625449482.0,64.0
34.99,1625449482.0,64.0
31.31,1625449482.0,64.0
27.61,1625449482.0,64.0
23.86,1625449482.0,64.0
19.91,1625449482.0,64.0
15.65,1625449482.0,64.0
11.14,1625449482.0,64.0
6.58,1625449482.0,64.0
2.16,1625449482.0,64.0
-2.01,1625449482.0,64.0
-5.98,1625449482.0,64.0
-9.92,1625449482.0,64.0
-14.0,1625449482.0,64.0
-18.37,1625449482.0,64.0
-23.03,1625449482.0,64.0
-27.98,1625449482.0,64.0
-33.18,1625449482.0,64.0
-38.68,1625449482.0,64.0
-44.57,1625449482.0,64.0
-50.87,1625449482.0,64.0
-57.41,1625449482.0,64.0
-63.65,1625449482.0,64.0
-68.73,1625449482.0,64.0
-71.55,1625449482.0,64.0
-71.18,1625449482.0,64.0
-67.1,1625449482.0,64.0
-59.45,1625449482.0,64.0
-48.92,1625449482.0,64.0
-36.59,1625449482.0,64.0
-23.45,1625449482.0,64.0
-10.25,1625449482.0,64.0
2.58,1625449482.0,64.0
14.74,1625449482.0,64.0
25.87,1625449482.0,64.0
35.44,1625449482.0,64.0
42.88,1625449482.0,64.0
47.81,1625449482.0,64.0
50.32,1625449482.0,64.0
50.96,1625449482.0,64.0
50.61,1625449482.0,64.0
50.14,1625449482.0,64.0
50.05,1625449482.0,64.0
50.34,1625449482.0,64.0
50.59,1625449482.0,64.0
50.23,1625449482.0,64.0
48.87,1625449482.0,64.0
46.43,1625449482.0,64.0
43.12,1625449482.0,64.0
39.34,1625449482.0,64.0
35.35,1625449482.0,64.0
31.25,1625449482.0,64.0
26.93,1625449482.0,64.0
22.21,1625449482.0,64.0
17.01,1625449482.0,64.0
11.43,1625449482.0,64.0
5.72,1625449482.0,64.0
0.14,1625449482.0,64.0
-5.14,1625449482.0,64.0
-10.1,1625449482.0,64.0
-14.85,1625449482.0,64.0
-19.56,1625449482.0,64.0
-24.4,1625449482.0,64.0
-29.44,1625449482.0,64.0
-34.73,1625449482.0,64.0
-40.33,1625449482.0,64.0
-46.31,1625449482.0,64.0
-52.73,1625449482.0,64.0
-59.56,1625449482.0,64.0
-66.53,1625449482.0,64.0
-73.02,1625449482.0,64.0
-78.12,1625449482.0,64.0
-80.74,1625449482.0,64.0
-79.94,1625449482.0,64.0
-75.27,1625449482.0,64.0
-66.91,1625449482.0,64.0
-55.65,1625449482.0,64.0
-42.59,1625449482.0,64.0
-28.75,1625449482.0,64.0
-14.77,1625449482.0,64.0
-1.02,1625449482.0,64.0
12.28,1625449482.0,64.0
24.68,1625449482.0,64.0
35.46,1625449482.0,64.0
43.83,1625449482.0,64.0
49.31,1625449482.0,64.0
52.02,1625449482.0,64.0
52.7,1625449482.0,64.0
52.42,1625449482.0,64.0
52.18,1625449482.0,64.0
52.47,1625449482.0,64.0
53.15,1625449482.0,64.0
53.73,1625449482.0,64.0
53.59,1625449482.0,64.0
52.38,1625449482.0,64.0
50.04,1625449482.0,64.0
46.84,1625449482.0,64.0
43.12,1625449482.0,64.0
39.22,1625449482.0,64.0
35.3,1625449482.0,64.0
31.39,1625449482.0,64.0
27.37,1625449482.0,64.0
23.11,1625449482.0,64.0
18.5,1625449482.0,64.0
13.52,1625449482.0,64.0
8.27,1625449482.0,64.0
2.92,1625449482.0,64.0
-2.37,1625449482.0,64.0
-7.51,1625449482.0,64.0
-12.54,1625449482.0,64.0
-17.56,1625449482.0,64.0
-22.7,1625449482.0,64.0
-28.02,1625449482.0,64.0
-33.55,1625449482.0,64.0
-39.31,1625449482.0,64.0
-45.39,1625449482.0,64.0
-51.91,1625449482.0,64.0
-58.9,1625449482.0,64.0
-66.1,1625449482.0,64.0
-72.86,1625449482.0,64.0
-78.21,1625449482.0,64.0
-81.05,1625449482.0,64.0
-80.47,1625449482.0,64.0
-76.09,1625449482.0,64.0
-68.09,1625449482.0,64.0
-57.19,1625449482.0,64.0
-44.37,1625449482.0,64.0
-30.55,1625449482.0,64.0
-16.43,1625449482.0,64.0
-2.44,1625449482.0,64.0
11.04,1625449482.0,64.0
23.54,1625449482.0,64.0
34.43,1625449482.0,64.0
43.06,1625449482.0,64.0
49.02,1625449482.0,64.0
52.41,1625449482.0,64.0
53.81,1625449482.0,64.0
54.1,1625449482.0,64.0
54.1,1625449482.0,64.0
54.24,1625449482.0,64.0
54.52,1625449482.0,64.0
54.61,1625449482.0,64.0
54.13,1625449482.0,64.0
52.86,1625449482.0,64.0
50.78,1625449482.0,64.0
48.02,1625449482.0,64.0
44.72,1625449482.0,64.0
40.93,1625449482.0,64.0
36.67,1625449482.0,64.0
32.0,1625449482.0,64.0
27.06,1625449482.0,64.0
22.03,1625449482.0,64.0
17.1,1625449482.0,64.0
12.39,1625449482.0,64.0
7.86,1625449482.0,64.0
3.42,1625449482.0,64.0
-1.09,1625449482.0,64.0
-5.77,1625449482.0,64.0
-10.62,1625449482.0,64.0
-15.59,1625449482.0,64.0
-20.55,1625449482.0,64.0
-25.42,1625449482.0,64.0
-30.2,1625449482.0,64.0
-35.01,1625449482.0,64.0
-40.07,1625449482.0,64.0
-45.6,1625449482.0,64.0
-51.77,1625449482.0,64.0
-58.59,1625449482.0,64.0
-65.77,1625449482.0,64.0
-72.69,1625449482.0,64.0
-78.45,1625449482.0,64.0
-81.98,1625449482.0,64.0
-82.36,1625449482.0,64.0
-79.02,1625449482.0,64.0
-71.97,1625449482.0,64.0
-61.77,1625449482.0,64.0
-49.31,1625449482.0,64.0
-35.55,1625449482.0,64.0
-21.29,1625449482.0,64.0
-7.07,1625449482.0,64.0
6.68,1625449482.0,64.0
19.51,1625449482.0,64.0
30.87,1625449482.0,64.0
40.15,1625449482.0,64.0
46.91,1625449482.0,64.0
51.09,1625449482.0,64.0
53.12,1625449482.0,64.0
53.79,1625449482.0,64.0
53.95,1625449482.0,64.0
54.21,1625449482.0,64.0
54.75,1625449482.0,64.0
55.34,1625449482.0,64.0
55.59,1625449482.0,64.0
55.11,1625449482.0,64.0
53.77,1625449482.0,64.0
51.59,1625449482.0,64.0
48.74,1625449482.0,64.0
45.3,1625449482.0,64.0
41.31,1625449482.0,64.0
36.83,1625449482.0,64.0
31.96,1625449482.0,64.0
26.94,1625449482.0,64.0
22.07,1625449482.0,64.0
17.57,1625449482.0,64.0
13.45,1625449482.0,64.0
9.57,1625449482.0,64.0
5.67,1625449482.0,64.0
1.52,1625449482.0,64.0
-2.96,1625449482.0,64.0
-7.68,1625449482.0,64.0
-12.51,1625449482.0,64.0
-17.29,1625449482.0,64.0
-21.98,1625449482.0,64.0
-26.66,1625449482.0,64.0
-31.45,1625449482.0,64.0
-36.49,1625449482.0,64.0
-41.92,1625449482.0,64.0
-47.84,1625449482.0,64.0
-54.27,1625449482.0,64.0
-61.01,1625449482.0,64.0
-67.59,1625449482.0,64.0
-73.24,1625449482.0,64.0
-76.95,1625449482.0,64.0
-77.76,1625449482.0,64.0
-75.01,1625449482.0,64.0
-68.63,1625449482.0,64.0
-59.1,1625449482.0,64.0
-47.29,1625449482.0,64.0
-34.18,1625449482.0,64.0
-20.58,1625449482.0,64.0
-7.04,1625449482.0,64.0
6.05,1625449482.0,64.0
18.29,1625449482.0,64.0
29.13,1625449482.0,64.0
38.02,1625449482.0,64.0
44.54,1625449482.0,64.0
48.65,1625449482.0,64.0
50.81,1625449482.0,64.0
51.8,1625449482.0,64.0
52.39,1625449482.0,64.0
53.07,1625449482.0,64.0
53.88,1625449482.0,64.0
54.5,1625449482.0,64.0
54.52,1625449482.0,64.0
53.65,1625449482.0,64.0
51.88,1625449482.0,64.0
49.48,1625449482.0,64.0
46.74,1625449482.0,64.0
43.84,1625449482.0,64.0
40.76,1625449482.0,64.0
37.35,1625449482.0,64.0
33.42,1625449482.0,64.0
28.96,1625449482.0,64.0
24.17,1625449482.0,64.0
19.37,1625449482.0,64.0
14.88,1625449482.0,64.0
10.84,1625449482.0,64.0
7.13,1625449482.0,64.0
3.46,1625449482.0,64.0
-0.5,1625449482.0,64.0
-4.88,1625449482.0,64.0
-9.64,1625449482.0,64.0
-14.51,1625449482.0,64.0
-19.28,1625449482.0,64.0
-23.84,1625449482.0,64.0
-28.25,1625449482.0,64.0
-32.7,1625449482.0,64.0
-37.43,1625449482.0,64.0
-42.63,1625449482.0,64.0
-48.45,1625449482.0,64.0
-54.93,1625449482.0,64.0
-61.89,1625449482.0,64.0
-68.82,1625449482.0,64.0
-74.78,1625449482.0,64.0
-78.55,1625449482.0,64.0
-78.98,1625449482.0,64.0
-75.39,1625449482.0,64.0
-67.91,1625449482.0,64.0
-57.35,1625449482.0,64.0
-44.96,1625449482.0,64.0
-31.9,1625449482.0,64.0
-18.93,1625449482.0,64.0
-6.38,1625449482.0,64.0
5.62,1625449482.0,64.0
16.81,1625449482.0,64.0
26.69,1625449482.0,64.0
34.58,1625449482.0,64.0
40.04,1625449482.0,64.0
43.08,1625449482.0,64.0
44.29,1625449482.0,64.0
44.63,1625449482.0,64.0
45.04,1625449482.0,64.0
46.04,1625449482.0,64.0
47.6,1625449482.0,64.0
49.2,1625449482.0,64.0
50.18,1625449482.0,64.0
50.02,1625449482.0,64.0
48.57,1625449482.0,64.0
46.0,1625449482.0,64.0
42.69,1625449482.0,64.0
38.97,1625449482.0,64.0
35.07,1625449482.0,64.0
31.08,1625449482.0,64.0
27.04,1625449482.0,64.0
23.0,1625449482.0,64.0
19.06,1625449482.0,64.0
15.29,1625449482.0,64.0
11.7,1625449482.0,64.0
8.17,1625449482.0,64.0
4.51,1625449482.0,64.0
0.57,1625449482.0,64.0
-3.71,1625449482.0,64.0
-8.26,1625449482.0,64.0
-12.9,1625449482.0,64.0
-17.49,1625449482.0,64.0
-21.97,1625449482.0,64.0
-26.41,1625449482.0,64.0
-31.01,1625449482.0,64.0
-36.03,1625449482.0,64.0
-41.66,1625449482.0,64.0
-47.9,1625449482.0,64.0
-54.51,1625449482.0,64.0
-60.86,1625449482.0,64.0
-66.02,1625449482.0,64.0
-68.93,1625449482.0,64.0
-68.68,1625449482.0,64.0
-64.85,1625449482.0,64.0
-57.63,1625449482.0,64.0
-47.8,1625449482.0,64.0
-36.39,1625449482.0,64.0
-24.37,1625449482.0,64.0
-12.41,1625449482.0,64.0
-0.88,1625449482.0,64.0
9.92,1625449482.0,64.0
19.64,1625449482.0,64.0
27.74,1625449482.0,64.0
33.73,1625449482.0,64.0
37.39,1625449482.0,64.0
39.0,1625449482.0,64.0
39.28,1625449482.0,64.0
39.12,1625449482.0,64.0
39.25,1625449482.0,64.0
39.96,1625449482.0,64.0
41.06,1625449482.0,64.0
42.05,1625449482.0,64.0
42.4,1625449482.0,64.0
41.77,1625449482.0,64.0
40.12,1625449482.0,64.0
37.62,1625449482.0,64.0
34.56,1625449482.0,64.0
31.17,1625449482.0,64.0
27.61,1625449482.0,64.0
23.91,1625449482.0,64.0
20.03,1625449482.0,64.0
15.92,1625449482.0,64.0
11.52,1625449482.0,64.0
6.85,1625449482.0,64.0
1.99,1625449482.0,64.0
-2.9,1625449482.0,64.0
-7.67,1625449482.0,64.0
-12.2,1625449482.0,64.0
-16.49,1625449482.0,64.0
-20.69,1625449482.0,64.0
-25.08,1625449482.0,64.0
-29.91,1625449482.0,64.0
-35.38,1625449482.0,64.0
-41.53,1625449482.0,64.0
-48.3,1625449482.0,64.0
-55.52,1625449482.0,64.0
-62.86,1625449482.0,64.0
-69.78,1625449482.0,64.0
-75.47,1625449482.0,64.0
-78.9,1625449482.0,64.0
-79.12,1625449482.0,64.0
-75.58,1625449482.0,64.0
-68.33,1625449482.0,64.0
-58.08,1625449482.0,64.0
-45.9,1625449482.0,64.0
-32.83,1625449482.0,64.0
-19.64,1625449482.0,64.0
-6.69,1625449482.0,64.0
5.8,1625449482.0,64.0
17.57,1625449482.0,64.0
28.11,1625449482.0,64.0
36.77,1625449482.0,64.0
43.03,1625449482.0,64.0
46.82,1625449482.0,64.0
48.54,1625449482.0,64.0
48.99,1625449482.0,64.0
49.02,1625449482.0,64.0
49.19,1625449482.0,64.0
49.62,1625449482.0,64.0
50.04,1625449482.0,64.0
50.03,1625449482.0,64.0
49.26,1625449482.0,64.0
47.62,1625449482.0,64.0
45.21,1625449482.0,64.0
42.23,1625449482.0,64.0
38.81,1625449482.0,64.0
35.04,1625449482.0,64.0
30.91,1625449482.0,64.0
26.45,1625449482.0,64.0
21.75,1625449482.0,64.0
16.93,1625449482.0,64.0
12.1,1625449482.0,64.0
7.3,1625449482.0,64.0
2.51,1625449482.0,64.0
-2.32,1625449482.0,64.0
-7.21,1625449482.0,64.0
-12.15,1625449482.0,64.0
-17.1,1625449482.0,64.0
-22.03,1625449482.0,64.0
-26.95,1625449482.0,64.0
-31.96,1625449482.0,64.0
-37.21,1625449482.0,64.0
-42.89,1625449482.0,64.0
-49.16,1625449482.0,64.0
-56.07,1625449482.0,64.0
-63.39,1625449482.0,64.0
-70.54,1625449482.0,64.0
-76.62,1625449482.0,64.0
-80.51,1625449482.0,64.0
-81.23,1625449482.0,64.0
-78.18,1625449482.0,64.0
-71.4,1625449482.0,64.0
-61.54,1625449482.0,64.0
-49.64,1625449482.0,64.0
-36.77,1625449482.0,64.0
-23.69,1625449482.0,64.0
-10.79,1625449482.0,64.0
1.81,1625449482.0,64.0
13.96,1625449482.0,64.0
25.29,1625449482.0,64.0
35.14,1625449482.0,64.0
42.82,1625449482.0,64.0
47.93,1625449482.0,64.0
50.59,1625449482.0,64.0
51.49,1625449482.0,64.0
51.56,1625449482.0,64.0
51.65,1625449482.0,64.0
52.13,1625449482.0,64.0
52.87,1625449482.0,64.0
53.38,1625449482.0,64.0
53.15,1625449482.0,64.0
51.91,1625449482.0,64.0
49.75,1625449482.0,64.0
46.94,1625449482.0,64.0
43.74,1625449482.0,64.0
40.22,1625449482.0,64.0
36.3,1625449482.0,64.0
31.88,1625449482.0,64.0
27.01,1625449482.0,64.0
21.94,1625449482.0,64.0
17.03,1625449482.0,64.0
12.55,1625449482.0,64.0
8.53,1625449482.0,64.0
4.74,1625449482.0,64.0
0.82,1625449482.0,64.0
-3.53,1625449482.0,64.0
-8.4,1625449482.0,64.0
-13.68,1625449482.0,64.0
-19.14,1625449482.0,64.0
-24.6,1625449482.0,64.0
-30.04,1625449482.0,64.0
-35.58,1625449482.0,64.0
-41.47,1625449482.0,64.0
-47.93,1625449482.0,64.0
-55.01,1625449482.0,64.0
-62.44,1625449482.0,64.0
-69.54,1625449482.0,64.0
-75.32,1625449482.0,64.0
-78.64,1625449482.0,64.0
-78.54,1625449482.0,64.0
-74.57,1625449482.0,64.0
-66.92,1625449482.0,64.0
-56.33,1625449482.0,64.0
-43.83,1625449482.0,64.0
-30.36,1625449482.0,64.0
-16.64,1625449482.0,64.0
-3.11,1625449482.0,64.0
9.89,1625449482.0,64.0
21.9,1625449482.0,64.0
32.34,1625449482.0,64.0
40.57,1625449482.0,64.0
46.23,1625449482.0,64.0
49.39,1625449482.0,64.0
50.67,1625449482.0,64.0
50.98,1625449482.0,64.0
51.18,1625449482.0,64.0
51.78,1625449482.0,64.0
52.81,1625449482.0,64.0
53.93,1625449482.0,64.0
54.62,1625449482.0,64.0
54.52,1625449482.0,64.0
53.45,1625449482.0,64.0
51.47,1625449482.0,64.0
48.69,1625449482.0,64.0
45.27,1625449482.0,64.0
41.27,1625449482.0,64.0
36.8,1625449482.0,64.0
32.02,1625449482.0,64.0
27.14,1625449482.0,64.0
22.36,1625449482.0,64.0
17.8,1625449482.0,64.0
13.44,1625449482.0,64.0
9.13,1625449482.0,64.0
4.66,1625449482.0,64.0
-0.09,1625449482.0,64.0
-5.11,1625449482.0,64.0
-10.28,1625449482.0,64.0
-15.42,1625449482.0,64.0
-20.4,1625449482.0,64.0
-25.2,1625449482.0,64.0
-29.95,1625449482.0,64.0
-34.82,1625449482.0,64.0
-40.06,1625449482.0,64.0
-45.84,1625449482.0,64.0
-52.27,1625449482.0,64.0
-59.27,1625449482.0,64.0
-66.47,1625449482.0,64.0
-73.15,1625449482.0,64.0
-78.25,1625449482.0,64.0
-80.61,1625449482.0,64.0
-79.35,1625449482.0,64.0
-74.13,1625449482.0,64.0
-65.32,1625449482.0,64.0
-53.84,1625449482.0,64.0
-40.81,1625449482.0,64.0
-27.21,1625449482.0,64.0
-13.65,1625449482.0,64.0
-0.49,1625449482.0,64.0
12.01,1625449482.0,64.0
23.42,1625449482.0,64.0
33.15,1625449482.0,64.0
40.67,1625449482.0,64.0
45.76,1625449482.0,64.0
48.66,1625449482.0,64.0
50.01,1625449482.0,64.0
50.65,1625449482.0,64.0
51.22,1625449482.0,64.0
52.03,1625449482.0,64.0
52.98,1625449482.0,64.0
53.74,1625449482.0,64.0
53.96,1625449482.0,64.0
53.44,1625449482.0,64.0
52.17,1625449482.0,64.0
50.25,1625449482.0,64.0
47.84,1625449482.0,64.0
44.97,1625449482.0,64.0
41.64,1625449482.0,64.0
37.79,1625449482.0,64.0
33.45,1625449482.0,64.0
28.79,1625449482.0,64.0
24.11,1625449482.0,64.0
19.69,1625449482.0,64.0
15.7,1625449482.0,64.0
12.07,1625449482.0,64.0
8.49,1625449482.0,64.0
4.57,1625449482.0,64.0
-0.01,1625449482.0,64.0
-5.28,1625449482.0,64.0
-11.01,1625449482.0,64.0
-16.78,1625449482.0,64.0
-22.23,1625449482.0,64.0
-27.22,1625449482.0,64.0
-31.88,1625449482.0,64.0
-36.58,1625449482.0,64.0
-41.75,1625449482.0,64.0
-47.66,1625449482.0,64.0
-54.33,1625449482.0,64.0
-61.45,1625449482.0,64.0
-68.34,1625449482.0,64.0
-74.11,1625449482.0,64.0
-77.75,1625449482.0,64.0
-78.35,1625449482.0,64.0
-75.42,1625449482.0,64.0
-68.88,1625449482.0,64.0
-59.19,1625449482.0,64.0
-47.17,1625449482.0,64.0
-33.74,1625449482.0,64.0
-19.77,1625449482.0,64.0
-5.94,1625449482.0,64.0
7.2,1625449482.0,64.0
19.14,1625449482.0,64.0
29.37,1625449482.0,64.0
37.46,1625449482.0,64.0
43.17,1625449482.0,64.0
46.65,1625449482.0,64.0
48.41,1625449482.0,64.0
49.2,1625449482.0,64.0
49.73,1625449482.0,64.0
50.45,1625449482.0,64.0
51.37,1625449482.0,64.0
52.24,1625449482.0,64.0
52.67,1625449482.0,64.0
52.39,1625449482.0,64.0
51.33,1625449482.0,64.0
49.59,1625449482.0,64.0
47.29,1625449482.0,64.0
44.5,1625449482.0,64.0
41.2,1625449482.0,64.0
37.38,1625449482.0,64.0
33.07,1625449482.0,64.0
28.5,1625449482.0,64.0
23.95,1625449482.0,64.0
19.69,1625449482.0,64.0
15.87,1625449482.0,64.0
12.41,1625449482.0,64.0
9.05,1625449482.0,64.0
5.46,1625449482.0,64.0
1.38,1625449482.0,64.0
-3.26,1625449482.0,64.0
-8.32,1625449482.0,64.0
-13.53,1625449482.0,64.0
-18.59,1625449482.0,64.0
-23.34,1625449482.0,64.0
-27.84,1625449482.0,64.0
-32.36,1625449482.0,64.0
-37.25,1625449482.0,64.0
-42.85,1625449482.0,64.0
-49.25,1625449482.0,64.0
-56.28,1625449482.0,64.0
-63.39,1625449482.0,64.0
-69.77,1625449482.0,64.0
-74.41,1625449482.0,64.0
-76.38,1625449482.0,64.0
-75.0,1625449482.0,64.0
-70.08,1625449482.0,64.0
-61.93,1625449482.0,64.0
-51.27,1625449482.0,64.0
-39.03,1625449482.0,64.0
-26.07,1625449482.0,64.0
-13.04,1625449482.0,64.0
-0.41,1625449482.0,64.0
11.41,1625449482.0,64.0
21.96,1625449482.0,64.0
30.71,1625449482.0,64.0
37.23,1625449482.0,64.0
41.36,1625449482.0,64.0
43.41,1625449482.0,64.0
44.05,1625449482.0,64.0
44.11,1625449482.0,64.0
44.28,1625449482.0,64.0
44.89,1625449482.0,64.0
45.82,1625449482.0,64.0
46.69,1625449482.0,64.0
47.04,1625449482.0,64.0
46.57,1625449482.0,64.0
45.24,1625449482.0,64.0
43.2,1625449482.0,64.0
40.67,1625449482.0,64.0
37.81,1625449482.0,64.0
34.61,1625449482.0,64.0
31.01,1625449482.0,64.0
26.98,1625449482.0,64.0
22.64,1625449482.0,64.0
18.23,1625449482.0,64.0
14.02,1625449482.0,64.0
10.17,1625449482.0,64.0
6.64,1625449482.0,64.0
3.21,1625449482.0,64.0
-0.35,1625449482.0,64.0
-4.2,1625449482.0,64.0
-8.31,1625449482.0,64.0
-12.58,1625449482.0,64.0
-16.86,1625449482.0,64.0
-21.07,1625449482.0,64.0
-25.23,1625449482.0,64.0
-29.44,1625449482.0,64.0
-33.83,1625449482.0,64.0
-38.56,1625449482.0,64.0
-43.78,1625449482.0,64.0
-49.57,1625449482.0,64.0
-55.8,1625449482.0,64.0
-61.96,1625449482.0,64.0
-67.15,1625449482.0,64.0
-70.26,1625449482.0,64.0
-70.27,1625449482.0,64.0
-66.66,1625449482.0,64.0
-59.55,1625449482.0,64.0
-49.71,1625449482.0,64.0
-38.2,1625449482.0,64.0
-26.02,1625449482.0,64.0
-13.88,1625449482.0,64.0
-2.22,1625449482.0,64.0
8.6,1625449482.0,64.0
18.16,1625449482.0,64.0
25.96,1625449482.0,64.0
31.58,1625449482.0,64.0
34.94,1625449482.0,64.0
36.46,1625449482.0,64.0
36.93,1625449482.0,64.0
37.25,1625449482.0,64.0
38.04,1625449482.0,64.0
39.43,1625449482.0,64.0
41.06,1625449482.0,64.0
42.31,1625449482.0,64.0
42.64,1625449482.0,64.0
41.8,1625449482.0,64.0
39.87,1625449482.0,64.0
37.19,1625449482.0,64.0
34.1,1625449482.0,64.0
30.84,1625449482.0,64.0
27.48,1625449482.0,64.0
23.98,1625449482.0,64.0
20.31,1625449482.0,64.0
16.5,1625449482.0,64.0
12.63,1625449482.0,64.0
8.79,1625449482.0,64.0
4.97,1625449482.0,64.0
1.08,1625449482.0,64.0
-2.95,1625449482.0,64.0
-7.16,1625449482.0,64.0
-11.5,1625449482.0,64.0
-15.9,1625449482.0,64.0
-20.37,1625449482.0,64.0
-24.98,1625449482.0,64.0
-29.91,1625449482.0,64.0
-35.34,1625449482.0,64.0
-41.36,1625449482.0,64.0
-47.91,1625449482.0,64.0
-54.72,1625449482.0,64.0
-61.34,1625449482.0,64.0
-67.08,1625449482.0,64.0
-71.1,1625449482.0,64.0
-72.58,1625449482.0,64.0
-70.89,1625449482.0,64.0
-65.84,1625449482.0,64.0
-57.72,1625449482.0,64.0
-47.27,1625449482.0,64.0
-35.39,1625449482.0,64.0
-22.92,1625449482.0,64.0
-10.48,1625449482.0,64.0
1.49,1625449482.0,64.0
12.58,1625449482.0,64.0
22.29,1625449482.0,64.0
30.09,1625449482.0,64.0
35.61,1625449482.0,64.0
38.82,1625449482.0,64.0
40.18,1625449482.0,64.0
40.48,1625449482.0,64.0
40.58,1625449482.0,64.0
41.1,1625449482.0,64.0
42.2,1625449482.0,64.0
43.59,1625449482.0,64.0
44.67,1625449482.0,64.0
44.88,1625449482.0,64.0
43.9,1625449482.0,64.0
41.74,1625449482.0,64.0
38.72,1625449482.0,64.0
35.21,1625449482.0,64.0
31.53,1625449482.0,64.0
27.79,1625449482.0,64.0
23.95,1625449482.0,64.0
19.89,1625449482.0,64.0
15.53,1625449482.0,64.0
10.88,1625449482.0,64.0
6.09,1625449482.0,64.0
1.33,1625449482.0,64.0
-3.3,1625449482.0,64.0
-7.77,1625449482.0,64.0
-12.18,1625449482.0,64.0
-16.69,1625449482.0,64.0
-21.46,1625449482.0,64.0
-26.65,1625449482.0,64.0
-32.33,1625449482.0,64.0
-38.53,1625449482.0,64.0
-45.25,1625449482.0,64.0
-52.43,1625449482.0,64.0
-59.88,1625449482.0,64.0
-67.2,1625449482.0,64.0
-73.7,1625449482.0,64.0
-78.42,1625449482.0,64.0
-80.37,1625449482.0,64.0
-78.81,1625449482.0,64.0
-73.53,1625449482.0,64.0
-64.93,1625449482.0,64.0
-53.91,1625449482.0,64.0
-41.5,1625449482.0,64.0
-28.55,1625449482.0,64.0
-15.54,1625449482.0,64.0
-2.69,1625449482.0,64.0
9.83,1625449482.0,64.0
21.58,1625449482.0,64.0
31.9,1625449482.0,64.0
40.06,1625449482.0,64.0
45.67,1625449482.0,64.0
48.85,1625449482.0,64.0
50.29,1625449482.0,64.0
50.92,1625449482.0,64.0
51.53,1625449482.0,64.0
52.42,1625449482.0,64.0
53.43,1625449482.0,64.0
54.09,1625449482.0,64.0
53.96,1625449482.0,64.0
52.88,1625449482.0,64.0
50.94,1625449482.0,64.0
48.36,1625449482.0,64.0
45.32,1625449482.0,64.0
41.85,1625449482.0,64.0
37.93,1625449482.0,64.0
33.52,1625449482.0,64.0
28.76,1625449482.0,64.0
23.83,1625449482.0,64.0
18.97,1625449482.0,64.0
14.31,1625449482.0,64.0
9.84,1625449482.0,64.0
5.43,1625449482.0,64.0
0.92,1625449482.0,64.0
-3.78,1625449482.0,64.0
-8.73,1625449482.0,64.0
-13.89,1625449482.0,64.0
-19.24,1625449482.0,64.0
-24.77,1625449482.0,64.0
-30.55,1625449482.0,64.0
-36.69,1625449482.0,64.0
-43.31,1625449482.0,64.0
-50.47,1625449482.0,64.0
-58.08,1625449482.0,64.0
-65.75,1625449482.0,64.0
-72.76,1625449482.0,64.0
-78.1,1625449482.0,64.0
-80.69,1625449482.0,64.0
-79.7,1625449482.0,64.0
-74.86,1625449482.0,64.0
-66.47,1625449482.0,64.0
-55.38,1625449482.0,64.0
-42.63,1625449482.0,64.0
-29.09,1625449482.0,64.0
-15.33,1625449482.0,64.0
-1.65,1625449482.0,64.0
11.7,1625449482.0,64.0
24.31,1625449482.0,64.0
35.5,1625449482.0,64.0
44.58,1625449482.0,64.0
51.09,1625449482.0,64.0
55.12,1625449482.0,64.0
57.21,1625449482.0,64.0
58.22,1625449482.0,64.0
58.91,1625449482.0,64.0
59.66,1625449482.0,64.0
60.4,1625449482.0,64.0
60.77,1625449482.0,64.0
60.38,1625449482.0,64.0
59.03,1625449482.0,64.0
56.76,1625449482.0,64.0
53.78,1625449482.0,64.0
50.33,1625449482.0,64.0
46.56,1625449482.0,64.0
42.53,1625449482.0,64.0
38.27,1625449482.0,64.0
33.82,1625449482.0,64.0
29.24,1625449482.0,64.0
24.64,1625449482.0,64.0
20.08,1625449482.0,64.0
15.61,1625449482.0,64.0
11.2,1625449482.0,64.0
6.76,1625449482.0,64.0
2.19,1625449482.0,64.0
-2.58,1625449482.0,64.0
-7.55,1625449482.0,64.0
-12.67,1625449482.0,64.0
-17.86,1625449482.0,64.0
-23.08,1625449482.0,64.0
-28.37,1625449482.0,64.0
-33.89,1625449482.0,64.0
-39.83,1625449482.0,64.0
-46.35,1625449482.0,64.0
-53.44,1625449482.0,64.0
-60.83,1625449482.0,64.0
-67.88,1625449482.0,64.0
-73.67,1625449482.0,64.0
-77.15,1625449482.0,64.0
-77.41,1625449482.0,64.0
-73.98,1625449482.0,64.0
-66.91,1625449482.0,64.0
-56.79,1625449482.0,64.0
-44.49,1625449482.0,64.0
-30.9,1625449482.0,64.0
-16.76,1625449482.0,64.0
-2.6,1625449482.0,64.0
11.13,1625449482.0,64.0
23.93,1625449482.0,64.0
35.19,1625449482.0,64.0
44.31,1625449482.0,64.0
50.92,1625449482.0,64.0
55.01,1625449482.0,64.0
57.03,1625449482.0,64.0
57.74,1625449482.0,64.0
57.94,1625449482.0,64.0
58.23,1625449482.0,64.0
58.79,1625449482.0,64.0
59.43,1625449482.0,64.0
59.76,1625449482.0,64.0
59.38,1625449482.0,64.0
58.07,1625449482.0,64.0
55.84,1625449482.0,64.0
52.82,1625449482.0,64.0
49.17,1625449482.0,64.0
45.02,1625449482.0,64.0
40.46,1625449482.0,64.0
35.62,1625449482.0,64.0
30.69,1625449482.0,64.0
25.85,1625449482.0,64.0
21.28,1625449482.0,64.0
16.99,1625449482.0,64.0
12.89,1625449482.0,64.0
8.76,1625449482.0,64.0
4.39,1625449482.0,64.0
-0.33,1625449482.0,64.0
-5.39,1625449482.0,64.0
-10.63,1625449482.0,64.0
-15.83,1625449482.0,64.0
-20.81,1625449482.0,64.0
-25.52,1625449482.0,64.0
-30.06,1625449482.0,64.0
-34.63,1625449482.0,64.0
-39.51,1625449482.0,64.0
-44.92,1625449482.0,64.0
-50.97,1625449482.0,64.0
-57.58,1625449482.0,64.0
-64.38,1625449482.0,64.0
-70.68,1625449482.0,64.0
-75.52,1625449482.0,64.0
-77.85,1625449482.0,64.0
-76.78,1625449482.0,64.0
-71.94,1625449482.0,64.0
-63.56,1625449482.0,64.0
-52.41,1625449482.0,64.0
-39.49,1625449482.0,64.0
-25.69,1625449482.0,64.0
-11.68,1625449482.0,64.0
2.12,1625449482.0,64.0
15.29,1625449482.0,64.0
27.24,1625449482.0,64.0
37.3,1625449482.0,64.0
44.89,1625449482.0,64.0
49.81,1625449482.0,64.0
52.4,1625449482.0,64.0
53.42,1625449482.0,64.0
53.77,1625449482.0,64.0
54.13,1625449482.0,64.0
54.71,1625449482.0,64.0
55.35,1625449482.0,64.0
55.63,1625449482.0,64.0
55.21,1625449482.0,64.0
53.94,1625449482.0,64.0
51.92,1625449482.0,64.0
49.36,1625449482.0,64.0
46.4,1625449482.0,64.0
43.09,1625449482.0,64.0
39.34,1625449482.0,64.0
35.11,1625449482.0,64.0
30.46,1625449482.0,64.0
25.67,1625449482.0,64.0
21.06,1625449482.0,64.0
16.92,1625449482.0,64.0
13.28,1625449482.0,64.0
9.97,1625449482.0,64.0
6.61,1625449482.0,64.0
2.85,1625449482.0,64.0
-1.48,1625449482.0,64.0
-6.32,1625449482.0,64.0
-11.42,1625449482.0,64.0
-16.46,1625449482.0,64.0
-21.19,1625449482.0,64.0
-25.52,1625449482.0,64.0
-29.54,1625449482.0,64.0
-33.5,1625449482.0,64.0
-37.71,1625449482.0,64.0
-42.51,1625449482.0,64.0
-48.13,1625449482.0,64.0
-54.51,1625449482.0,64.0
-61.2,1625449482.0,64.0
-67.33,1625449482.0,64.0
-71.81,1625449482.0,64.0
-73.53,1625449482.0,64.0
-71.78,1625449482.0,64.0
-66.45,1625449482.0,64.0
-58.01,1625449482.0,64.0
-47.29,1625449482.0,64.0
-35.15,1625449482.0,64.0
-22.23,1625449482.0,64.0
-8.95,1625449482.0,64.0
4.3,1625449482.0,64.0
16.98,1625449482.0,64.0
28.3,1625449482.0,64.0
37.41,1625449482.0,64.0
43.72,1625449482.0,64.0
47.28,1625449482.0,64.0
48.79,1625449482.0,64.0
49.43,1625449482.0,64.0
50.35,1625449482.0,64.0
52.16,1625449482.0,64.0
54.68,1625449482.0,64.0
57.08,1625449482.0,64.0
58.37,1625449482.0,64.0
57.87,1625449482.0,64.0
55.65,1625449482.0,64.0
52.49,1625449482.0,64.0
49.62,1625449482.0,64.0
47.86,1625449482.0,64.0
47.28,1625449482.0,64.0
47.0,1625449482.0,64.0
45.7,1625449482.0,64.0
42.28,1625449482.0,64.0
36.4,1625449482.0,64.0
28.86,1625449482.0,64.0
21.33,1625449482.0,64.0
15.81,1625449482.0,64.0
13.36,1625449482.0,64.0
13.79,1625449482.0,64.0
15.58,1625449482.0,64.0
16.59,1625449482.0,64.0
14.74,1625449482.0,64.0
8.45,1625449482.0,64.0
-2.69,1625449482.0,64.0
-17.64,1625449482.0,64.0
-33.54,1625449482.0,64.0
-47.15,1625449482.0,64.0
-55.71,1625449482.0,64.0
-58.63,1625449482.0,64.0
-58.2,1625449482.0,64.0
-59.28,1625449482.0,64.0
-67.72,1625449482.0,64.0
-87.35,1625449482.0,64.0
-117.92,1625449482.0,64.0
-154.57,1625449482.0,64.0
-190.79,1625449482.0,64.0
-218.75,1625449482.0,64.0
-233.5,1625449482.0,64.0
-234.11,1625449482.0,64.0
-223.68,1625449482.0,64.0
-208.23,1625449482.0,64.0
-194.01,1625449482.0,64.0
-188.76,1625449482.0,64.0
-192.89,1625449482.0,64.0
-202.79,1625449482.0,64.0
-212.65,1625449482.0,64.0
-216.21,1625449482.0,64.0
-208.17,1625449482.0,64.0
-184.08,1625449482.0,64.0
-144.99,1625449482.0,64.0
-97.25,1625449482.0,64.0
-50.53,1625449482.0,64.0
-13.31,1625449482.0,64.0
10.03,1625449482.0,64.0
21.45,1625449482.0,64.0
27.6,1625449482.0,64.0
36.02,1625449482.0,64.0
50.88,1625449482.0,64.0
70.78,1625449482.0,64.0
90.45,1625449482.0,64.0
104.25,1625449482.0,64.0
109.79,1625449482.0,64.0
108.32,1625449482.0,64.0
103.89,1625449482.0,64.0
100.72,1625449482.0,64.0
101.32,1625449482.0,64.0
105.54,1625449482.0,64.0
111.4,1625449482.0,64.0
117.04,1625449482.0,64.0
122.22,1625449482.0,64.0
128.91,1625449482.0,64.0
140.01,1625449482.0,64.0
157.98,1625449482.0,64.0
183.12,1625449482.0,64.0
212.84,1625449482.0,64.0
242.03,1625449482.0,64.0
264.39,1625449482.0,64.0
274.6,1625449482.0,64.0
270.17,1625449482.0,64.0
252.17,1625449482.0,64.0
224.47,1625449482.0,64.0
192.44,1625449482.0,64.0
161.35,1625449482.0,64.0
135.39,1625449482.0,64.0
117.14,1625449482.0,64.0
107.45,1625449482.0,64.0
105.65,1625449482.0,64.0
109.42,1625449482.0,64.0
114.8,1625449482.0,64.0
116.28,1625449482.0,64.0
107.93,1625449482.0,64.0
85.42,1625449482.0,64.0
48.1,1625449482.0,64.0
0.24,1625449482.0,64.0
-49.52,1625449482.0,64.0
-90.5,1625449482.0,64.0
-113.43,1625449482.0,64.0
-113.69,1625449482.0,64.0
-92.74,1625449482.0,64.0
-57.46,1625449482.0,64.0
-17.61,1625449482.0,64.0
17.52,1625449482.0,64.0
41.69,1625449482.0,64.0
52.86,1625449482.0,64.0
52.96,1625449482.0,64.0
46.3,1625449482.0,64.0
37.67,1625449482.0,64.0
30.38,1625449482.0,64.0
25.21,1625449482.0,64.0
20.54,1625449482.0,64.0
13.67,1625449482.0,64.0
2.38,1625449482.0,64.0
-13.78,1625449482.0,64.0
-33.53,1625449482.0,64.0
-54.88,1625449482.0,64.0
-76.34,1625449482.0,64.0
-97.25,1625449482.0,64.0
-117.24,1625449482.0,64.0
-135.12,1625449482.0,64.0
-148.39,1625449482.0,64.0
-153.81,1625449482.0,64.0
-148.84,1625449482.0,64.0
-133.21,1625449482.0,64.0
-109.52,1625449482.0,64.0
-82.4,1625449482.0,64.0
-56.89,1625449482.0,64.0
-36.74,1625449482.0,64.0
-23.83,1625449482.0,64.0
-18.44,1625449482.0,64.0
-20.04,1625449482.0,64.0
-27.72,1625449482.0,64.0
-40.15,1625449482.0,64.0
-55.41,1625449482.0,64.0
-70.84,1625449482.0,64.0
-83.45,1625449482.0,64.0
-90.63,1625449482.0,64.0
-90.77,1625449482.0,64.0
-83.46,1625449482.0,64.0
-69.31,1625449482.0,64.0
-49.63,1625449482.0,64.0
-26.22,1625449482.0,64.0
-1.27,1625449482.0,64.0
22.72,1625449482.0,64.0
43.15,1625449482.0,64.0
57.58,1625449482.0,64.0
63.96,1625449482.0,64.0
60.99,1625449482.0,64.0
48.59,1625449482.0,64.0
28.46,1625449482.0,64.0
4.38,1625449482.0,64.0
-18.26,1625449482.0,64.0
-33.95,1625449482.0,64.0
-39.13,1625449482.0,64.0
-33.61,1625449482.0,64.0
-20.62,1625449482.0,64.0
-5.11,1625449482.0,64.0
8.72,1625449482.0,64.0
19.07,1625449482.0,64.0
26.87,1625449482.0,64.0
34.14,1625449482.0,64.0
41.84,1625449482.0,64.0
48.58,1625449482.0,64.0
51.14,1625449482.0,64.0
46.61,1625449482.0,64.0
34.49,1625449482.0,64.0
17.64,1625449482.0,64.0
1.04,1625449482.0,64.0
-10.13,1625449482.0,64.0
-12.83,1625449482.0,64.0
-7.52,1625449482.0,64.0
2.16,1625449482.0,64.0
11.13,1625449482.0,64.0
15.44,1625449482.0,64.0
14.16,1625449482.0,64.0
9.88,1625449482.0,64.0
7.07,1625449482.0,64.0
10.1,1625449482.0,64.0
20.77,1625449482.0,64.0
37.12,1625449482.0,64.0
53.88,1625449482.0,64.0
64.44,1625449482.0,64.0
63.73,1625449482.0,64.0
50.01,1625449482.0,64.0
25.08,1625449482.0,64.0
-7.47,1625449482.0,64.0
-43.24,1625449482.0,64.0
-78.11,1625449482.0,64.0
-108.64,1625449482.0,64.0
-132.2,1625449482.0,64.0
-147.37,1625449482.0,64.0
-154.05,1625449482.0,64.0
-153.87,1625449482.0,64.0
-146.44,1625449482.0,64.0
-133.09,1625449482.0,64.0
-115.46,1625449482.0,64.0
-94.48,1625449482.0,64.0
-70.09,1625449482.0,64.0
-42.2,1625449482.0,64.0
-12.31,1625449482.0,64.0
16.75,1625449482.0,64.0
41.68,1625449482.0,64.0
60.38,1625449482.0,64.0
72.23,1625449482.0,64.0
78.61,1625449482.0,64.0
81.43,1625449482.0,64.0
82.04,1625449482.0,64.0
80.43,1625449482.0,64.0
74.76,1625449482.0,64.0
63.23,1625449482.0,64.0
44.74,1625449482.0,64.0
19.17,1625449482.0,64.0
-13.32,1625449482.0,64.0
-52.05,1625449482.0,64.0
-95.48,1625449482.0,64.0
-140.45,1625449482.0,64.0
-178.49,1625449482.0,64.0
-201.71,1625449482.0,64.0
-204.37,1625449482.0,64.0
-185.49,1625449482.0,64.0
-149.75,1625449482.0,64.0
-106.34,1625449482.0,64.0
-65.24,1625449482.0,64.0
-33.61,1625449482.0,64.0
-13.79,1625449482.0,64.0
-3.95,1625449482.0,64.0
-0.83,1625449482.0,64.0
-1.56,1625449482.0,64.0
-4.77,1625449482.0,64.0
-9.92,1625449482.0,64.0
-16.28,1625449482.0,64.0
-21.99,1625449482.0,64.0
-24.54,1625449482.0,64.0
-21.99,1625449482.0,64.0
-14.1,1625449482.0,64.0
-2.86,1625449482.0,64.0
8.85,1625449482.0,64.0
18.22,1625449482.0,64.0
24.04,1625449482.0,64.0
26.95,1625449482.0,64.0
29.0,1625449482.0,64.0
32.46,1625449482.0,64.0
38.7,1625449482.0,64.0
47.42,1625449482.0,64.0
56.9,1625449482.0,64.0
64.76,1625449482.0,64.0
69.04,1625449482.0,64.0
69.24,1625449482.0,64.0
66.44,1625449482.0,64.0
62.85,1625449482.0,64.0
61.03,1625449482.0,64.0
63.18,1625449482.0,64.0
70.5,1625449482.0,64.0
82.94,1625449482.0,64.0
98.51,1625449482.0,64.0
113.44,1625449482.0,64.0
123.04,1625449482.0,64.0
123.17,1625449482.0,64.0
111.82,1625449482.0,64.0
90.14,1625449482.0,64.0
62.13,1625449482.0,64.0
31.48,1625449482.0,64.0
2.77,1625449482.0,64.0
-20.98,1625449482.0,64.0
-39.12,1625449482.0,64.0
-52.83,1625449482.0,64.0
-63.82,1625449482.0,64.0
-73.16,1625449482.0,64.0
-80.89,1625449482.0,64.0
-86.4,1625449482.0,64.0
-89.13,1625449482.0,64.0
-88.74,1625449482.0,64.0
-85.48,1625449482.0,64.0
-79.76,1625449482.0,64.0
-71.71,1625449482.0,64.0
-61.22,1625449482.0,64.0
-48.13,1625449482.0,64.0
-32.6,1625449482.0,64.0
-15.34,1625449482.0,64.0
2.38,1625449482.0,64.0
19.3,1625449482.0,64.0
34.08,1625449482.0,64.0
45.75,1625449482.0,64.0
53.98,1625449482.0,64.0
59.18,1625449482.0,64.0
62.33,1625449482.0,64.0
64.61,1625449482.0,64.0
67.01,1625449482.0,64.0
69.98,1625449482.0,64.0
73.52,1625449482.0,64.0
77.06,1625449482.0,64.0
79.82,1625449482.0,64.0
81.16,1625449482.0,64.0
80.79,1625449482.0,64.0
78.83,1625449482.0,64.0
75.65,1625449482.0,64.0
71.73,1625449482.0,64.0
67.38,1625449482.0,64.0
62.84,1625449482.0,64.0
58.1,1625449482.0,64.0
53.09,1625449482.0,64.0
47.76,1625449482.0,64.0
42.21,1625449482.0,64.0
36.66,1625449482.0,64.0
31.36,1625449482.0,64.0
26.47,1625449482.0,64.0
21.92,1625449482.0,64.0
17.47,1625449482.0,64.0
12.8,1625449482.0,64.0
7.6,1625449482.0,64.0
1.73,1625449482.0,64.0
-4.79,1625449482.0,64.0
-11.86,1625449482.0,64.0
-19.41,1625449482.0,64.0
-27.41,1625449482.0,64.0
-35.78,1625449482.0,64.0
-44.19,1625449482.0,64.0
-51.99,1625449482.0,64.0
-58.23,1625449482.0,64.0
-61.83,1625449482.0,64.0
-61.92,1625449482.0,64.0
-58.06,1625449482.0,64.0
-50.41,1625449482.0,64.0
-39.62,1625449482.0,64.0
-26.63,1625449482.0,64.0
-12.45,1625449482.0,64.0
1.94,1625449482.0,64.0
15.69,1625449482.0,64.0
27.98,1625449482.0,64.0
38.1,1625449482.0,64.0
45.54,1625449482.0,64.0
50.11,1625449482.0,64.0
52.08,1625449482.0,64.0
52.11,1625449482.0,64.0
51.07,1625449482.0,64.0
49.81,1625449482.0,64.0
48.84,1625449482.0,64.0
48.26,1625449482.0,64.0
47.82,1625449482.0,64.0
47.11,1625449482.0,64.0
45.76,1625449482.0,64.0
43.63,1625449482.0,64.0
40.82,1625449482.0,64.0
37.6,1625449482.0,64.0
34.24,1625449482.0,64.0
30.9,1625449482.0,64.0
27.53,1625449482.0,64.0
23.93,1625449482.0,64.0
19.9,1625449482.0,64.0
15.36,1625449482.0,64.0
10.45,1625449482.0,64.0
5.46,1625449482.0,64.0
0.68,1625449482.0,64.0
-3.76,1625449482.0,64.0
-7.96,1625449482.0,64.0
-12.26,1625449482.0,64.0
-17.03,1625449482.0,64.0
-22.48,1625449482.0,64.0
-28.6,1625449482.0,64.0
-35.21,1625449482.0,64.0
-42.05,1625449482.0,64.0
-48.9,1625449482.0,64.0
-55.48,1625449482.0,64.0
-61.39,1625449482.0,64.0
-65.98,1625449482.0,64.0
-68.35,1625449482.0,64.0
-67.66,1625449482.0,64.0
-63.39,1625449482.0,64.0
-55.6,1625449482.0,64.0
-44.98,1625449482.0,64.0
-32.54,1625449482.0,64.0
-19.4,1625449482.0,64.0
-6.39,1625449482.0,64.0
5.88,1625449482.0,64.0
17.02,1625449482.0,64.0
26.62,1625449482.0,64.0
34.23,1625449482.0,64.0
39.45,1625449482.0,64.0
42.17,1625449482.0,64.0
42.74,1625449482.0,64.0
41.93,1625449482.0,64.0
40.72,1625449482.0,64.0
39.9,1625449482.0,64.0
39.84,1625449482.0,64.0
40.34,1625449482.0,64.0
40.83,1625449482.0,64.0
40.63,1625449482.0,64.0
39.27,1625449482.0,64.0
36.61,1625449482.0,64.0
32.9,1625449482.0,64.0
28.51,1625449482.0,64.0
23.84,1625449482.0,64.0
19.12,1625449482.0,64.0
14.38,1625449482.0,64.0
9.53,1625449482.0,64.0
4.52,1625449482.0,64.0
-0.6,1625449482.0,64.0
-5.66,1625449482.0,64.0
-10.48,1625449482.0,64.0
-14.94,1625449482.0,64.0
-19.13,1625449482.0,64.0
-23.3,1625449482.0,64.0
-27.79,1625449482.0,64.0
-32.87,1625449482.0,64.0
-38.69,1625449482.0,64.0
-45.26,1625449482.0,64.0
-52.44,1625449482.0,64.0
-59.91,1625449482.0,64.0
-67.15,1625449482.0,64.0
-73.37,1625449482.0,64.0
-77.66,1625449482.0,64.0
-79.1,1625449482.0,64.0
-77.09,1625449482.0,64.0
-71.51,1625449482.0,64.0
-62.77,1625449482.0,64.0
-51.65,1625449482.0,64.0
-39.04,1625449482.0,64.0
-25.69,1625449482.0,64.0
-12.19,1625449482.0,64.0
0.96,1625449482.0,64.0
13.27,1625449482.0,64.0
24.17,1625449482.0,64.0
33.03,1625449482.0,64.0
39.47,1625449482.0,64.0
43.42,1625449482.0,64.0
45.28,1625449482.0,64.0
45.79,1625449482.0,64.0
45.78,1625449482.0,64.0
45.86,1625449482.0,64.0
46.24,1625449482.0,64.0
46.69,1625449482.0,64.0
46.75,1625449482.0,64.0
45.97,1625449482.0,64.0
44.14,1625449482.0,64.0
41.34,1625449482.0,64.0
37.86,1625449482.0,64.0
34.06,1625449482.0,64.0
30.13,1625449482.0,64.0
26.08,1625449482.0,64.0
21.78,1625449482.0,64.0
17.08,1625449482.0,64.0
11.98,1625449482.0,64.0
6.59,1625449482.0,64.0
1.16,1625449482.0,64.0
-4.09,1625449482.0,64.0
-9.05,1625449482.0,64.0
-13.74,1625449482.0,64.0
-18.33,1625449482.0,64.0
-23.02,1625449482.0,64.0
-28.01,1625449482.0,64.0
-33.4,1625449482.0,64.0
-39.25,1625449482.0,64.0
-45.58,1625449482.0,64.0
-52.38,1625449482.0,64.0
-59.55,1625449482.0,64.0
-66.76,1625449482.0,64.0
-73.39,1625449482.0,64.0
-78.55,1625449482.0,64.0
-81.24,1625449482.0,64.0
-80.66,1625449482.0,64.0
-76.45,1625449482.0,64.0
-68.82,1625449482.0,64.0
-58.46,1625449482.0,64.0
-46.25,1625449482.0,64.0
-33.0,1625449482.0,64.0
-19.31,1625449482.0,64.0
-5.6,1625449482.0,64.0
7.68,1625449482.0,64.0
19.91,1625449482.0,64.0
30.32,1625449482.0,64.0
38.21,1625449482.0,64.0
43.24,1625449482.0,64.0
45.68,1625449482.0,64.0
46.3,1625449482.0,64.0
46.18,1625449482.0,64.0
46.2,1625449482.0,64.0
46.79,1625449482.0,64.0
47.83,1625449482.0,64.0
48.76,1625449482.0,64.0
48.95,1625449482.0,64.0
47.97,1625449482.0,64.0
45.76,1625449482.0,64.0
42.55,1625449482.0,64.0
38.68,1625449482.0,64.0
34.47,1625449482.0,64.0
30.08,1625449482.0,64.0
25.51,1625449482.0,64.0
20.75,1625449482.0,64.0
15.81,1625449482.0,64.0
10.79,1625449482.0,64.0
5.86,1625449482.0,64.0
1.15,1625449482.0,64.0
-3.32,1625449482.0,64.0
-7.64,1625449482.0,64.0
-12.0,1625449482.0,64.0
-16.61,1625449482.0,64.0
-21.62,1625449482.0,64.0
-27.03,1625449482.0,64.0
-32.8,1625449482.0,64.0
-38.87,1625449482.0,64.0
-45.22,1625449482.0,64.0
-51.92,1625449482.0,64.0
-58.99,1625449482.0,64.0
-66.29,1625449482.0,64.0
-73.32,1625449482.0,64.0
-79.27,1625449482.0,64.0
-83.12,1625449482.0,64.0
-83.93,1625449482.0,64.0
-81.12,1625449482.0,64.0
-74.65,1625449482.0,64.0
-65.04,1625449482.0,64.0
-53.13,1625449482.0,64.0
-39.86,1625449482.0,64.0
-26.03,1625449482.0,64.0
-12.25,1625449482.0,64.0
0.99,1625449482.0,64.0
13.19,1625449482.0,64.0
23.81,1625449482.0,64.0
32.34,1625449482.0,64.0
38.48,1625449482.0,64.0
42.33,1625449482.0,64.0
44.39,1625449482.0,64.0
45.38,1625449482.0,64.0
46.09,1625449482.0,64.0
46.98,1625449482.0,64.0
48.14,1625449482.0,64.0
49.32,1625449482.0,64.0
50.08,1625449482.0,64.0
50.06,1625449482.0,64.0
49.07,1625449482.0,64.0
47.14,1625449482.0,64.0
44.42,1625449482.0,64.0
41.09,1625449482.0,64.0
37.29,1625449482.0,64.0
33.14,1625449482.0,64.0
28.73,1625449482.0,64.0
24.18,1625449482.0,64.0
19.61,1625449482.0,64.0
15.09,1625449482.0,64.0
10.64,1625449482.0,64.0
6.2,1625449482.0,64.0
1.67,1625449482.0,64.0
-3.04,1625449482.0,64.0
-7.97,1625449482.0,64.0
-13.1,1625449482.0,64.0
-18.37,1625449482.0,64.0
-23.74,1625449482.0,64.0
-29.18,1625449482.0,64.0
-34.73,1625449482.0,64.0
-40.44,1625449482.0,64.0
-46.4,1625449482.0,64.0
-52.74,1625449482.0,64.0
-59.53,1625449482.0,64.0
-66.7,1625449482.0,64.0
-73.87,1625449482.0,64.0
-80.3,1625449482.0,64.0
-84.95,1625449482.0,64.0
-86.75,1625449482.0,64.0
-84.92,1625449482.0,64.0
-79.25,1625449482.0,64.0
-70.16,1625449482.0,64.0
-58.5,1625449482.0,64.0
-45.25,1625449482.0,64.0
-31.24,1625449482.0,64.0
-17.02,1625449482.0,64.0
-3.04,1625449482.0,64.0
10.25,1625449482.0,64.0
22.23,1625449482.0,64.0
32.23,1625449482.0,64.0
39.77,1625449482.0,64.0
44.77,1625449482.0,64.0
47.65,1625449482.0,64.0
49.16,1625449482.0,64.0
50.09,1625449482.0,64.0
51.02,1625449482.0,64.0
52.16,1625449482.0,64.0
53.33,1625449482.0,64.0
54.18,1625449482.0,64.0
54.38,1625449482.0,64.0
53.71,1625449482.0,64.0
52.16,1625449482.0,64.0
49.84,1625449482.0,64.0
46.91,1625449482.0,64.0
43.52,1625449482.0,64.0
39.73,1625449482.0,64.0
35.58,1625449482.0,64.0
31.11,1625449482.0,64.0
26.45,1625449482.0,64.0
21.77,1625449482.0,64.0
17.22,1625449482.0,64.0
12.86,1625449482.0,64.0
8.61,1625449482.0,64.0
4.3,1625449482.0,64.0
-0.25,1625449482.0,64.0
-5.12,1625449482.0,64.0
-10.26,1625449482.0,64.0
-15.51,1625449482.0,64.0
-20.74,1625449482.0,64.0
-25.91,1625449482.0,64.0
-31.1,1625449482.0,64.0
-36.5,1625449482.0,64.0
-42.35,1625449482.0,64.0
-48.82,1625449482.0,64.0
-55.94,1625449482.0,64.0
-63.48,1625449482.0,64.0
-70.92,1625449482.0,64.0
-77.43,1625449482.0,64.0
-81.97,1625449482.0,64.0
-83.58,1625449482.0,64.0
-81.59,1625449482.0,64.0
-75.88,1625449482.0,64.0
-66.86,1625449482.0,64.0
-55.32,1625449482.0,64.0
-42.19,1625449482.0,64.0
-28.24,1625449482.0,64.0
-14.06,1625449482.0,64.0
-0.13,1625449482.0,64.0
13.03,1625449482.0,64.0
24.8,1625449482.0,64.0
34.48,1625449482.0,64.0
41.64,1625449482.0,64.0
46.23,1625449482.0,64.0
48.75,1625449482.0,64.0
50.0,1625449482.0,64.0
50.81,1625449482.0,64.0
51.71,1625449482.0,64.0
52.84,1625449482.0,64.0
53.99,1625449482.0,64.0
54.8,1625449482.0,64.0
55.05,1625449482.0,64.0
54.64,1625449482.0,64.0
53.57,1625449482.0,64.0
51.87,1625449482.0,64.0
49.49,1625449482.0,64.0
46.35,1625449482.0,64.0
42.48,1625449482.0,64.0
38.0,1625449482.0,64.0
33.22,1625449482.0,64.0
28.48,1625449482.0,64.0
24.03,1625449482.0,64.0
19.95,1625449482.0,64.0
16.09,1625449482.0,64.0
12.19,1625449482.0,64.0
7.97,1625449482.0,64.0
3.3,1625449482.0,64.0
-1.77,1625449482.0,64.0
-7.07,1625449482.0,64.0
-12.4,1625449482.0,64.0
-17.66,1625449482.0,64.0
-22.88,1625449482.0,64.0
-28.19,1625449482.0,64.0
-33.76,1625449482.0,64.0
-39.7,1625449482.0,64.0
-46.07,1625449482.0,64.0
-52.89,1625449482.0,64.0
-60.07,1625449482.0,64.0
-67.36,1625449482.0,64.0
-74.17,1625449482.0,64.0
-79.6,1625449482.0,64.0
-82.55,1625449482.0,64.0
-82.09,1625449482.0,64.0
-77.71,1625449482.0,64.0
-69.62,1625449482.0,64.0
-58.6,1625449482.0,64.0
-45.73,1625449482.0,64.0
-31.99,1625449482.0,64.0
-18.08,1625449482.0,64.0
-4.4,1625449482.0,64.0
8.68,1625449482.0,64.0
20.68,1625449482.0,64.0
30.93,1625449482.0,64.0
38.82,1625449482.0,64.0
44.09,1625449482.0,64.0
47.04,1625449482.0,64.0
48.4,1625449482.0,64.0
49.12,1625449482.0,64.0
49.93,1625449482.0,64.0
51.11,1625449482.0,64.0
52.51,1625449482.0,64.0
53.73,1625449482.0,64.0
54.37,1625449482.0,64.0
54.19,1625449482.0,64.0
53.13,1625449482.0,64.0
51.23,1625449482.0,64.0
48.54,1625449482.0,64.0
45.11,1625449482.0,64.0
41.01,1625449482.0,64.0
36.42,1625449482.0,64.0
31.64,1625449482.0,64.0
27.03,1625449482.0,64.0
22.87,1625449482.0,64.0
19.28,1625449482.0,64.0
16.1,1625449482.0,64.0
13.01,1625449482.0,64.0
9.65,1625449482.0,64.0
5.75,1625449482.0,64.0
1.25,1625449482.0,64.0
-3.71,1625449482.0,64.0
-8.89,1625449482.0,64.0
-14.1,1625449482.0,64.0
-19.22,1625449482.0,64.0
-24.32,1625449482.0,64.0
-29.52,1625449482.0,64.0
-35.02,1625449482.0,64.0
-40.96,1625449482.0,64.0
-47.4,1625449482.0,64.0
-54.2,1625449482.0,64.0
-60.9,1625449482.0,64.0
-66.73,1625449482.0,64.0
-70.72,1625449482.0,64.0
-71.88,1625449482.0,64.0
-69.51,1625449482.0,64.0
-63.47,1625449482.0,64.0
-54.18,1625449482.0,64.0
-42.51,1625449482.0,64.0
-29.52,1625449482.0,64.0
-16.19,1625449482.0,64.0
-3.32,1625449482.0,64.0
8.45,1625449482.0,64.0
18.56,1625449482.0,64.0
26.56,1625449482.0,64.0
32.18,1625449482.0,64.0
35.46,1625449482.0,64.0
36.86,1625449482.0,64.0
37.18,1625449482.0,64.0
37.24,1625449482.0,64.0
37.69,1625449482.0,64.0
38.75,1625449482.0,64.0
40.19,1625449482.0,64.0
41.57,1625449482.0,64.0
42.39,1625449482.0,64.0
42.34,1625449482.0,64.0
41.3,1625449482.0,64.0
39.3,1625449482.0,64.0
36.52,1625449482.0,64.0
33.13,1625449482.0,64.0
29.34,1625449482.0,64.0
25.32,1625449482.0,64.0
21.18,1625449482.0,64.0
16.97,1625449482.0,64.0
12.7,1625449482.0,64.0
8.36,1625449482.0,64.0
4.0,1625449482.0,64.0
-0.31,1625449482.0,64.0
-4.5,1625449482.0,64.0
-8.56,1625449482.0,64.0
-12.61,1625449482.0,64.0
-16.84,1625449482.0,64.0
-21.48,1625449482.0,64.0
-26.63,1625449482.0,64.0
-32.33,1625449482.0,64.0
-38.53,1625449482.0,64.0
-45.15,1625449482.0,64.0
-52.14,1625449482.0,64.0
-59.34,1625449482.0,64.0
-66.35,1625449482.0,64.0
-72.46,1625449482.0,64.0
-76.64,1625449482.0,64.0
-77.84,1625449482.0,64.0
-75.32,1625449482.0,64.0
-68.97,1625449482.0,64.0
-59.35,1625449482.0,64.0
-47.52,1625449482.0,64.0
-34.63,1625449482.0,64.0
-21.55,1625449482.0,64.0
-8.79,1625449482.0,64.0
3.41,1625449482.0,64.0
14.79,1625449482.0,64.0
24.92,1625449482.0,64.0
33.2,1625449482.0,64.0
39.16,1625449482.0,64.0
42.75,1625449482.0,64.0
44.43,1625449482.0,64.0
45.06,1625449482.0,64.0
45.55,1625449482.0,64.0
46.44,1625449482.0,64.0
47.75,1625449482.0,64.0
49.03,1625449482.0,64.0
49.69,1625449482.0,64.0
49.29,1625449482.0,64.0
47.73,1625449482.0,64.0
45.22,1625449482.0,64.0
42.05,1625449482.0,64.0
38.51,1625449482.0,64.0
34.69,1625449482.0,64.0
30.61,1625449482.0,64.0
26.24,1625449482.0,64.0
21.6,1625449482.0,64.0
16.77,1625449482.0,64.0
11.84,1625449482.0,64.0
6.86,1625449482.0,64.0
1.84,1625449482.0,64.0
-3.26,1625449482.0,64.0
-8.43,1625449482.0,64.0
-13.67,1625449482.0,64.0
-18.97,1625449482.0,64.0
-24.37,1625449482.0,64.0
-29.98,1625449482.0,64.0
-35.97,1625449482.0,64.0
-42.52,1625449482.0,64.0
-49.76,1625449482.0,64.0
-57.6,1625449482.0,64.0
-65.68,1625449482.0,64.0
-73.32,1625449482.0,64.0
-79.5,1625449482.0,64.0
-83.13,1625449482.0,64.0
-83.28,1625449482.0,64.0
-79.49,1625449482.0,64.0
-71.93,1625449482.0,64.0
-61.27,1625449482.0,64.0
-48.47,1625449482.0,64.0
-34.48,1625449482.0,64.0
-19.98,1625449482.0,64.0
-5.43,1625449482.0,64.0
8.77,1625449482.0,64.0
22.11,1625449482.0,64.0
33.89,1625449482.0,64.0
43.42,1625449482.0,64.0
50.29,1625449482.0,64.0
54.6,1625449482.0,64.0
56.99,1625449482.0,64.0
58.36,1625449482.0,64.0
59.51,1625449482.0,64.0
60.83,1625449482.0,64.0
62.18,1625449482.0,64.0
63.09,1625449482.0,64.0
63.07,1625449482.0,64.0
61.86,1625449482.0,64.0
59.53,1625449482.0,64.0
56.39,1625449482.0,64.0
52.78,1625449482.0,64.0
48.93,1625449482.0,64.0
44.91,1625449482.0,64.0
40.66,1625449482.0,64.0
36.1,1625449482.0,64.0
31.16,1625449482.0,64.0
25.85,1625449482.0,64.0
20.28,1625449482.0,64.0
14.62,1625449482.0,64.0
9.05,1625449482.0,64.0
3.68,1625449482.0,64.0
-1.51,1625449482.0,64.0
-6.64,1625449482.0,64.0
-11.95,1625449482.0,64.0
-17.65,1625449482.0,64.0
-23.85,1625449482.0,64.0
-30.53,1625449482.0,64.0
-37.65,1625449482.0,64.0
-45.17,1625449482.0,64.0
-53.05,1625449482.0,64.0
-61.08,1625449482.0,64.0
-68.74,1625449482.0,64.0
-75.1,1625449482.0,64.0
-79.02,1625449482.0,64.0
-79.46,1625449482.0,64.0
-75.91,1625449482.0,64.0
-68.54,1625449482.0,64.0
-58.08,1625449482.0,64.0
-45.53,1625449482.0,64.0
-31.82,1625449482.0,64.0
-17.66,1625449482.0,64.0
-3.61,1625449482.0,64.0
9.74,1625449482.0,64.0
21.72,1625449482.0,64.0
31.57,1625449482.0,64.0
38.76,1625449482.0,64.0
43.18,1625449482.0,64.0
45.28,1625449482.0,64.0
45.93,1625449482.0,64.0
46.13,1625449482.0,64.0
46.65,1625449482.0,64.0
47.83,1625449482.0,64.0
49.5,1625449482.0,64.0
51.13,1625449482.0,64.0
52.11,1625449482.0,64.0
51.97,1625449482.0,64.0
50.57,1625449482.0,64.0
48.12,1625449482.0,64.0
44.97,1625449482.0,64.0
41.46,1625449482.0,64.0
37.77,1625449482.0,64.0
33.88,1625449482.0,64.0
29.67,1625449482.0,64.0
25.05,1625449482.0,64.0
20.08,1625449482.0,64.0
14.93,1625449482.0,64.0
9.81,1625449482.0,64.0
4.85,1625449482.0,64.0
0.0,1625449482.0,64.0
-4.89,1625449482.0,64.0
-10.01,1625449482.0,64.0
-15.45,1625449482.0,64.0
-21.18,1625449482.0,64.0
-27.08,1625449482.0,64.0
-33.06,1625449482.0,64.0
-39.16,1625449482.0,64.0
-45.48,1625449482.0,64.0
-52.03,1625449482.0,64.0
-58.55,1625449482.0,64.0
-64.3,1625449482.0,64.0
-68.22,1625449482.0,64.0
-69.21,1625449482.0,64.0
-66.48,1625449482.0,64.0
-59.94,1625449482.0,64.0
-50.16,1625449482.0,64.0
-38.19,1625449482.0,64.0
-25.16,1625449482.0,64.0
-11.94,1625449482.0,64.0
0.92,1625449482.0,64.0
13.08,1625449482.0,64.0
24.2,1625449482.0,64.0
33.76,1625449482.0,64.0
41.25,1625449482.0,64.0
46.29,1625449482.0,64.0
48.95,1625449482.0,64.0
49.79,1625449482.0,64.0
49.66,1625449482.0,64.0
49.41,1625449482.0,64.0
49.53,1625449482.0,64.0
50.04,1625449482.0,64.0
50.58,1625449482.0,64.0
50.61,1625449482.0,64.0
49.76,1625449482.0,64.0
47.9,1625449482.0,64.0
45.2,1625449482.0,64.0
41.92,1625449482.0,64.0
38.29,1625449482.0,64.0
34.41,1625449482.0,64.0
30.23,1625449482.0,64.0
25.73,1625449482.0,64.0
20.93,1625449482.0,64.0
16.0,1625449482.0,64.0
11.14,1625449482.0,64.0
6.5,1625449482.0,64.0
2.13,1625449482.0,64.0
-2.06,1625449482.0,64.0
-6.2,1625449482.0,64.0
-10.43,1625449482.0,64.0
-14.87,1625449482.0,64.0
-19.6,1625449482.0,64.0
-24.69,1625449482.0,64.0
-30.22,1625449482.0,64.0
-36.24,1625449482.0,64.0
-42.82,1625449482.0,64.0
-49.89,1625449482.0,64.0
-57.19,1625449482.0,64.0
-64.19,1625449482.0,64.0
-70.02,1625449482.0,64.0
-73.66,1625449482.0,64.0
-74.11,1625449482.0,64.0
-70.79,1625449482.0,64.0
-63.66,1625449482.0,64.0
-53.36,1625449482.0,64.0
-40.9,1625449482.0,64.0
-27.39,1625449482.0,64.0
-13.68,1625449482.0,64.0
-0.32,1625449482.0,64.0
12.39,1625449482.0,64.0
24.11,1625449482.0,64.0
34.34,1625449482.0,64.0
42.54,1625449482.0,64.0
48.29,1625449482.0,64.0
51.6,1625449482.0,64.0
52.98,1625449482.0,64.0
53.24,1625449482.0,64.0
53.22,1625449482.0,64.0
53.42,1625449482.0,64.0
53.93,1625449482.0,64.0
54.47,1625449482.0,64.0
54.62,1625449482.0,64.0
54.06,1625449482.0,64.0
52.65,1625449482.0,64.0
50.4,1625449482.0,64.0
47.41,1625449482.0,64.0
43.81,1625449482.0,64.0
39.68,1625449482.0,64.0
35.15,1625449482.0,64.0
30.38,1625449482.0,64.0
25.59,1625449482.0,64.0
20.94,1625449482.0,64.0
16.56,1625449482.0,64.0
12.42,1625449482.0,64.0
8.38,1625449482.0,64.0
4.22,1625449482.0,64.0
-0.27,1625449482.0,64.0
-5.19,1625449482.0,64.0
-10.52,1625449482.0,64.0
-16.13,1625449482.0,64.0
-21.86,1625449482.0,64.0
-27.59,1625449482.0,64.0
-33.32,1625449482.0,64.0
-39.19,1625449482.0,64.0
-45.36,1625449482.0,64.0
-51.92,1625449482.0,64.0
-58.69,1625449482.0,64.0
-65.17,1625449482.0,64.0
-70.52,1625449482.0,64.0
-73.73,1625449482.0,64.0
-73.87,1625449482.0,64.0
-70.42,1625449482.0,64.0
-63.42,1625449482.0,64.0
-53.49,1625449482.0,64.0
-41.64,1625449482.0,64.0
-28.9,1625449482.0,64.0
-16.12,1625449482.0,64.0
-3.83,1625449482.0,64.0
7.61,1625449482.0,64.0
17.87,1625449482.0,64.0
26.52,1625449482.0,64.0
33.15,1625449482.0,64.0
37.55,1625449482.0,64.0
39.87,1625449482.0,64.0
40.69,1625449482.0,64.0
40.83,1625449482.0,64.0
41.04,1625449482.0,64.0
41.76,1625449482.0,64.0
42.99,1625449482.0,64.0
44.35,1625449482.0,64.0
45.29,1625449482.0,64.0
45.34,1625449482.0,64.0
44.24,1625449482.0,64.0
42.03,1625449482.0,64.0
38.94,1625449482.0,64.0
35.27,1625449482.0,64.0
31.27,1625449482.0,64.0
27.11,1625449482.0,64.0
22.83,1625449482.0,64.0
18.42,1625449482.0,64.0
13.88,1625449482.0,64.0
9.26,1625449482.0,64.0
4.63,1625449482.0,64.0
0.1,1625449482.0,64.0
-4.27,1625449482.0,64.0
-8.49,1625449482.0,64.0
-12.64,1625449482.0,64.0
-16.84,1625449482.0,64.0
-21.22,1625449482.0,64.0
-25.9,1625449482.0,64.0
-30.97,1625449482.0,64.0
-36.5,1625449482.0,64.0
-42.55,1625449482.0,64.0
-49.06,1625449482.0,64.0
-55.78,1625449482.0,64.0
-62.17,1625449482.0,64.0
-67.39,1625449482.0,64.0
-70.45,1625449482.0,64.0
-70.47,1625449482.0,64.0
-67.0,1625449482.0,64.0
-60.19,1625449482.0,64.0
-50.68,1625449482.0,64.0
-39.4,1625449482.0,64.0
-27.26,1625449482.0,64.0
-14.91,1625449482.0,64.0
-2.83,1625449482.0,64.0
8.56,1625449482.0,64.0
18.72,1625449482.0,64.0
27.05,1625449482.0,64.0
33.02,1625449482.0,64.0
36.51,1625449482.0,64.0
37.87,1625449482.0,64.0
37.9,1625449482.0,64.0
37.55,1625449482.0,64.0
37.56,1625449482.0,64.0
38.18,1625449482.0,64.0
39.2,1625449482.0,64.0
40.11,1625449482.0,64.0
40.36,1625449482.0,64.0
39.63,1625449482.0,64.0
37.87,1625449482.0,64.0
35.29,1625449482.0,64.0
32.13,1625449482.0,64.0
28.6,1625449482.0,64.0
24.76,1625449482.0,64.0
20.6,1625449482.0,64.0
16.08,1625449482.0,64.0
11.26,1625449482.0,64.0
6.27,1625449482.0,64.0
1.32,1625449482.0,64.0
-3.42,1625449482.0,64.0
-7.85,1625449482.0,64.0
-12.03,1625449482.0,64.0
-16.17,1625449482.0,64.0
-20.55,1625449482.0,64.0
-25.41,1625449482.0,64.0
-30.9,1625449482.0,64.0
-37.02,1625449482.0,64.0
-43.63,1625449482.0,64.0
-50.51,1625449482.0,64.0
-57.34,1625449482.0,64.0
-63.69,1625449482.0,64.0
-68.91,1625449482.0,64.0
-72.22,1625449482.0,64.0
-72.82,1625449482.0,64.0
-70.18,1625449482.0,64.0
-64.26,1625449482.0,64.0
-55.55,1625449482.0,64.0
-44.88,1625449482.0,64.0
-33.18,1625449482.0,64.0
-21.14,1625449482.0,64.0
-9.18,1625449482.0,64.0
2.44,1625449482.0,64.0
13.33,1625449482.0,64.0
22.88,1625449482.0,64.0
30.37,1625449482.0,64.0
35.27,1625449482.0,64.0
37.55,1625449482.0,64.0
37.79,1625449482.0,64.0
37.02,1625449482.0,64.0
36.29,1625449482.0,64.0
36.27,1625449482.0,64.0
37.02,1625449482.0,64.0
38.05,1625449482.0,64.0
38.64,1625449482.0,64.0
38.22,1625449482.0,64.0
36.59,1625449482.0,64.0
33.92,1625449482.0,64.0
30.64,1625449482.0,64.0
27.06,1625449482.0,64.0
23.33,1625449482.0,64.0
19.35,1625449482.0,64.0
14.95,1625449482.0,64.0
10.07,1625449482.0,64.0
4.85,1625449482.0,64.0
-0.38,1625449482.0,64.0
-5.28,1625449482.0,64.0
-9.64,1625449482.0,64.0
-13.53,1625449482.0,64.0
-17.26,1625449482.0,64.0
-21.27,1625449482.0,64.0
-25.91,1625449482.0,64.0
-31.33,1625449482.0,64.0
-37.49,1625449482.0,64.0
-44.2,1625449482.0,64.0
-51.25,1625449482.0,64.0
-58.39,1625449482.0,64.0
-65.32,1625449482.0,64.0
-71.51,1625449482.0,64.0
-76.17,1625449482.0,64.0
-78.38,1625449482.0,64.0
-77.34,1625449482.0,64.0
-72.65,1625449482.0,64.0
-64.5,1625449482.0,64.0
-53.59,1625449482.0,64.0
-40.89,1625449482.0,64.0
-27.31,1625449482.0,64.0
-13.52,1625449482.0,64.0
0.07,1625449482.0,64.0
13.12,1625449482.0,64.0
25.18,1625449482.0,64.0
35.67,1625449482.0,64.0
43.97,1625449482.0,64.0
49.74,1625449482.0,64.0
53.08,1625449482.0,64.0
54.55,1625449482.0,64.0
55.0,1625449482.0,64.0
55.22,1625449482.0,64.0
55.67,1625449482.0,64.0
56.34,1625449482.0,64.0
56.81,1625449482.0,64.0
56.55,1625449482.0,64.0
55.16,1625449482.0,64.0
52.58,1625449482.0,64.0
49.07,1625449482.0,64.0
45.02,1625449482.0,64.0
40.81,1625449482.0,64.0
36.6,1625449482.0,64.0
32.3,1625449482.0,64.0
27.71,1625449482.0,64.0
22.62,1625449482.0,64.0
17.02,1625449482.0,64.0
11.06,1625449482.0,64.0
5.0,1625449482.0,64.0
-0.89,1625449482.0,64.0
-6.51,1625449482.0,64.0
-11.89,1625449482.0,64.0
-17.17,1625449482.0,64.0
-22.54,1625449482.0,64.0
-28.11,1625449482.0,64.0
-33.93,1625449482.0,64.0
-40.05,1625449482.0,64.0
-46.54,1625449482.0,64.0
-53.45,1625449482.0,64.0
-60.68,1625449482.0,64.0
-67.85,1625449482.0,64.0
-74.17,1625449482.0,64.0
-78.58,1625449482.0,64.0
-79.97,1625449482.0,64.0
-77.61,1625449482.0,64.0
-71.31,1625449482.0,64.0
-61.59,1625449482.0,64.0
-49.36,1625449482.0,64.0
-35.67,1625449482.0,64.0
-21.39,1625449482.0,64.0
-7.09,1625449482.0,64.0
6.83,1625449482.0,64.0
19.91,1625449482.0,64.0
31.56,1625449482.0,64.0
41.09,1625449482.0,64.0
47.99,1625449482.0,64.0
52.18,1625449482.0,64.0
54.08,1625449482.0,64.0
54.53,1625449482.0,64.0
54.46,1625449482.0,64.0
54.59,1625449482.0,64.0
55.17,1625449482.0,64.0
56.02,1625449482.0,64.0
56.65,1625449482.0,64.0
56.55,1625449482.0,64.0
55.4,1625449482.0,64.0
53.15,1625449482.0,64.0
50.0,1625449482.0,64.0
46.22,1625449482.0,64.0
42.03,1625449482.0,64.0
37.56,1625449482.0,64.0
32.87,1625449482.0,64.0
28.03,1625449482.0,64.0
23.12,1625449482.0,64.0
18.29,1625449482.0,64.0
13.65,1625449482.0,64.0
9.16,1625449482.0,64.0
4.69,1625449482.0,64.0
0.03,1625449482.0,64.0
-4.98,1625449482.0,64.0
-10.35,1625449482.0,64.0
-15.99,1625449482.0,64.0
-21.75,1625449482.0,64.0
-27.54,1625449482.0,64.0
-33.41,1625449482.0,64.0
-39.54,1625449482.0,64.0
-46.15,1625449482.0,64.0
-53.4,1625449482.0,64.0
-61.17,1625449482.0,64.0
-69.01,1625449482.0,64.0
-76.08,1625449482.0,64.0
-81.28,1625449482.0,64.0
-83.5,1625449482.0,64.0
-81.96,1625449482.0,64.0
-76.48,1625449482.0,64.0
-67.48,1625449482.0,64.0
-55.87,1625449482.0,64.0
-42.7,1625449482.0,64.0
-28.84,1625449482.0,64.0
-14.87,1625449482.0,64.0
-1.15,1625449482.0,64.0
11.99,1625449482.0,64.0
24.07,1625449482.0,64.0
34.5,1625449482.0,64.0
42.75,1625449482.0,64.0
48.57,1625449482.0,64.0
52.14,1625449482.0,64.0
54.03,1625449482.0,64.0
54.95,1625449482.0,64.0
55.51,1625449482.0,64.0
55.99,1625449482.0,64.0
56.37,1625449482.0,64.0
56.41,1625449482.0,64.0
55.91,1625449482.0,64.0
54.75,1625449482.0,64.0
52.98,1625449482.0,64.0
50.75,1625449482.0,64.0
48.16,1625449482.0,64.0
45.24,1625449482.0,64.0
41.92,1625449482.0,64.0
38.13,1625449482.0,64.0
33.87,1625449482.0,64.0
29.27,1625449482.0,64.0
24.55,1625449482.0,64.0
19.93,1625449482.0,64.0
15.53,1625449482.0,64.0
11.33,1625449482.0,64.0
7.17,1625449482.0,64.0
2.84,1625449482.0,64.0
-1.76,1625449482.0,64.0
-6.64,1625449482.0,64.0
-11.68,1625449482.0,64.0
-16.75,1625449482.0,64.0
-21.83,1625449482.0,64.0
-26.98,1625449482.0,64.0
-32.38,1625449482.0,64.0
-38.24,1625449482.0,64.0
-44.68,1625449482.0,64.0
-51.74,1625449482.0,64.0
-59.24,1625449482.0,64.0
-66.73,1625449482.0,64.0
-73.47,1625449482.0,64.0
-78.45,1625449482.0,64.0
-80.6,1625449482.0,64.0
-79.12,1625449482.0,64.0
-73.73,1625449482.0,64.0
-64.82,1625449482.0,64.0
-53.29,1625449482.0,64.0
-40.21,1625449482.0,64.0
-26.52,1625449482.0,64.0
-12.82,1625449482.0,64.0
0.52,1625449482.0,64.0
13.15,1625449482.0,64.0
24.57,1625449482.0,64.0
34.2,1625449482.0,64.0
41.54,1625449482.0,64.0
46.45,1625449482.0,64.0
49.25,1625449482.0,64.0
50.6,1625449482.0,64.0
51.26,1625449482.0,64.0
51.8,1625449482.0,64.0
52.4,1625449482.0,64.0
52.96,1625449482.0,64.0
53.22,1625449482.0,64.0
52.98,1625449482.0,64.0
52.19,1625449482.0,64.0
50.89,1625449482.0,64.0
49.15,1625449482.0,64.0
46.94,1625449482.0,64.0
44.18,1625449482.0,64.0
40.74,1625449482.0,64.0
36.63,1625449482.0,64.0
32.01,1625449482.0,64.0
27.18,1625449482.0,64.0
22.49,1625449482.0,64.0
18.2,1625449482.0,64.0
14.37,1625449482.0,64.0
10.83,1625449482.0,64.0
7.23,1625449482.0,64.0
3.26,1625449482.0,64.0
-1.28,1625449482.0,64.0
-6.33,1625449482.0,64.0
-11.64,1625449482.0,64.0
-16.91,1625449482.0,64.0
-21.91,1625449482.0,64.0
-26.65,1625449482.0,64.0
-31.35,1625449482.0,64.0
-36.31,1625449482.0,64.0
-41.8,1625449482.0,64.0
-47.98,1625449482.0,64.0
-54.79,1625449482.0,64.0
-61.92,1625449482.0,64.0
-68.79,1625449482.0,64.0
-74.57,1625449482.0,64.0
-78.24,1625449482.0,64.0
-78.88,1625449482.0,64.0
-75.85,1625449482.0,64.0
-69.1,1625449482.0,64.0
-59.17,1625449482.0,64.0
-47.04,1625449482.0,64.0
-33.81,1625449482.0,64.0
-20.4,1625449482.0,64.0
-7.44,1625449482.0,64.0
4.67,1625449482.0,64.0
15.57,1625449482.0,64.0
24.84,1625449482.0,64.0
32.05,1625449482.0,64.0
37.0,1625449482.0,64.0
39.83,1625449482.0,64.0
41.14,1625449482.0,64.0
41.71,1625449482.0,64.0
42.23,1625449482.0,64.0
43.05,1625449482.0,64.0
44.11,1625449482.0,64.0
45.08,1625449482.0,64.0
45.54,1625449482.0,64.0
45.28,1625449482.0,64.0
44.22,1625449482.0,64.0
42.48,1625449482.0,64.0
40.16,1625449482.0,64.0
37.32,1625449482.0,64.0
34.0,1625449482.0,64.0
30.25,1625449482.0,64.0
26.18,1625449482.0,64.0
21.96,1625449482.0,64.0
17.76,1625449482.0,64.0
13.68,1625449482.0,64.0
9.74,1625449482.0,64.0
5.85,1625449482.0,64.0
1.91,1625449482.0,64.0
-2.2,1625449482.0,64.0
-6.5,1625449482.0,64.0
-10.99,1625449482.0,64.0
-15.6,1625449482.0,64.0
-20.27,1625449482.0,64.0
-24.99,1625449482.0,64.0
-29.8,1625449482.0,64.0
-34.78,1625449482.0,64.0
-40.03,1625449482.0,64.0
-45.65,1625449482.0,64.0
-51.65,1625449482.0,64.0
-57.91,1625449482.0,64.0
-64.0,1625449482.0,64.0
-69.21,1625449482.0,64.0
-72.58,1625449482.0,64.0
-73.14,1625449482.0,64.0
-70.22,1625449482.0,64.0
-63.7,1625449482.0,64.0
-54.11,1625449482.0,64.0
-42.41,1625449482.0,64.0
-29.71,1625449482.0,64.0
-16.91,1625449482.0,64.0
-4.62,1625449482.0,64.0
6.75,1625449482.0,64.0
16.83,1625449482.0,64.0
25.12,1625449482.0,64.0
31.15,1625449482.0,64.0
34.76,1625449482.0,64.0
36.24,1625449482.0,64.0
36.4,1625449482.0,64.0
36.23,1625449482.0,64.0
36.52,1625449482.0,64.0
37.56,1625449482.0,64.0
39.1,1625449482.0,64.0
40.57,1625449482.0,64.0
41.4,1625449482.0,64.0
41.25,1625449482.0,64.0
40.03,1625449482.0,64.0
37.83,1625449482.0,64.0
34.81,1625449482.0,64.0
31.15,1625449482.0,64.0
27.06,1625449482.0,64.0
22.8,1625449482.0,64.0
18.55,1625449482.0,64.0
14.42,1625449482.0,64.0
10.37,1625449482.0,64.0
6.27,1625449482.0,64.0
2.05,1625449482.0,64.0
-2.26,1625449482.0,64.0
-6.55,1625449482.0,64.0
-10.76,1625449482.0,64.0
-14.94,1625449482.0,64.0
-19.3,1625449482.0,64.0
-24.05,1625449482.0,64.0
-29.34,1625449482.0,64.0
-35.18,1625449482.0,64.0
-41.54,1625449482.0,64.0
-48.37,1625449482.0,64.0
-55.67,1625449482.0,64.0
-63.29,1625449482.0,64.0
-70.76,1625449482.0,64.0
-77.21,1625449482.0,64.0
-81.51,1625449482.0,64.0
-82.57,1625449482.0,64.0
-79.74,1625449482.0,64.0
-73.08,1625449482.0,64.0
-63.27,1625449482.0,64.0
-51.33,1625449482.0,64.0
-38.29,1625449482.0,64.0
-24.86,1625449482.0,64.0
-11.49,1625449482.0,64.0
1.56,1625449482.0,64.0
13.91,1625449482.0,64.0
25.0,1625449482.0,64.0
34.22,1625449482.0,64.0
41.06,1625449482.0,64.0
45.48,1625449482.0,64.0
47.9,1625449482.0,64.0
49.08,1625449482.0,64.0
49.87,1625449482.0,64.0
50.81,1625449482.0,64.0
52.03,1625449482.0,64.0
53.25,1625449482.0,64.0
54.03,1625449482.0,64.0
53.98,1625449482.0,64.0
52.94,1625449482.0,64.0
50.97,1625449482.0,64.0
48.25,1625449482.0,64.0
44.96,1625449482.0,64.0
41.22,1625449482.0,64.0
37.09,1625449482.0,64.0
32.67,1625449482.0,64.0
28.05,1625449482.0,64.0
23.38,1625449482.0,64.0
18.76,1625449482.0,64.0
14.24,1625449482.0,64.0
9.76,1625449482.0,64.0
5.23,1625449482.0,64.0
0.55,1625449482.0,64.0
-4.36,1625449482.0,64.0
-9.5,1625449482.0,64.0
-14.82,1625449482.0,64.0
-20.3,1625449482.0,64.0
-25.89,1625449482.0,64.0
-31.63,1625449482.0,64.0
-37.64,1625449482.0,64.0
-44.06,1625449482.0,64.0
-51.05,1625449482.0,64.0
-58.58,1625449482.0,64.0
-66.38,1625449482.0,64.0
-73.79,1625449482.0,64.0
-79.83,1625449482.0,64.0
-83.37,1625449482.0,64.0
-83.48,1625449482.0,64.0
-79.68,1625449482.0,64.0
-72.13,1625449482.0,64.0
-61.51,1625449482.0,64.0
-48.82,1625449482.0,64.0
-35.03,1625449482.0,64.0
-20.86,1625449482.0,64.0
-6.81,1625449482.0,64.0
6.76,1625449482.0,64.0
19.4,1625449482.0,64.0
30.56,1625449482.0,64.0
39.67,1625449482.0,64.0
46.36,1625449482.0,64.0
50.71,1625449482.0,64.0
53.16,1625449482.0,64.0
54.44,1625449482.0,64.0
55.22,1625449482.0,64.0
55.94,1625449482.0,64.0
56.65,1625449482.0,64.0
57.19,1625449482.0,64.0
57.28,1625449482.0,64.0
56.73,1625449482.0,64.0
55.49,1625449482.0,64.0
53.6,1625449482.0,64.0
51.12,1625449482.0,64.0
48.08,1625449482.0,64.0
44.46,1625449482.0,64.0
40.31,1625449482.0,64.0
35.72,1625449482.0,64.0
30.89,1625449482.0,64.0
26.0,1625449482.0,64.0
21.18,1625449482.0,64.0
16.47,1625449482.0,64.0
11.81,1625449482.0,64.0
7.09,1625449482.0,64.0
2.23,1625449482.0,64.0
-2.79,1625449482.0,64.0
-7.95,1625449482.0,64.0
-13.19,1625449482.0,64.0
-18.51,1625449482.0,64.0
-23.95,1625449482.0,64.0
-29.57,1625449482.0,64.0
-35.49,1625449482.0,64.0
-41.79,1625449482.0,64.0
-48.58,1625449482.0,64.0
-55.84,1625449482.0,64.0
-63.35,1625449482.0,64.0
-70.6,1625449482.0,64.0
-76.75,1625449482.0,64.0
-80.74,1625449482.0,64.0
-81.53,1625449482.0,64.0
-78.48,1625449482.0,64.0
-71.49,1625449482.0,64.0
-61.12,1625449482.0,64.0
-48.35,1625449482.0,64.0
-34.33,1625449482.0,64.0
-19.99,1625449482.0,64.0
-5.96,1625449482.0,64.0
7.36,1625449482.0,64.0
19.7,1625449482.0,64.0
30.65,1625449482.0,64.0
39.74,1625449482.0,64.0
46.52,1625449482.0,64.0
50.87,1625449482.0,64.0
53.1,1625449482.0,64.0
53.91,1625449482.0,64.0
54.17,1625449482.0,64.0
54.55,1625449482.0,64.0
55.32,1625449482.0,64.0
56.27,1625449482.0,64.0
56.95,1625449482.0,64.0
56.91,1625449482.0,64.0
55.93,1625449482.0,64.0
54.02,1625449482.0,64.0
51.36,1625449482.0,64.0
48.14,1625449482.0,64.0
44.46,1625449482.0,64.0
40.37,1625449482.0,64.0
35.93,1625449482.0,64.0
31.25,1625449482.0,64.0
26.51,1625449482.0,64.0
21.9,1625449482.0,64.0
17.5,1625449482.0,64.0
13.27,1625449482.0,64.0
9.07,1625449482.0,64.0
4.68,1625449482.0,64.0
-0.07,1625449482.0,64.0
-5.23,1625449482.0,64.0
-10.78,1625449482.0,64.0
-16.55,1625449482.0,64.0
-22.38,1625449482.0,64.0
-28.14,1625449482.0,64.0
-33.84,1625449482.0,64.0
-39.62,1625449482.0,64.0
-45.69,1625449482.0,64.0
-52.22,1625449482.0,64.0
-59.11,1625449482.0,64.0
-65.9,1625449482.0,64.0
-71.71,1625449482.0,64.0
-75.45,1625449482.0,64.0
-76.05,1625449482.0,64.0
-72.85,1625449482.0,64.0
-65.82,1625449482.0,64.0
-55.54,1625449482.0,64.0
-43.07,1625449482.0,64.0
-29.5,1625449482.0,64.0
-15.76,1625449482.0,64.0
-2.46,1625449482.0,64.0
10.0,1625449482.0,64.0
21.25,1625449482.0,64.0
30.89,1625449482.0,64.0
38.52,1625449482.0,64.0
43.94,1625449482.0,64.0
47.29,1625449482.0,64.0
49.08,1625449482.0,64.0
50.0,1625449482.0,64.0
50.67,1625449482.0,64.0
51.45,1625449482.0,64.0
52.34,1625449482.0,64.0
53.14,1625449482.0,64.0
53.56,1625449482.0,64.0
53.35,1625449482.0,64.0
52.41,1625449482.0,64.0
50.67,1625449482.0,64.0
48.11,1625449482.0,64.0
44.76,1625449482.0,64.0
40.74,1625449482.0,64.0
36.24,1625449482.0,64.0
31.55,1625449482.0,64.0
26.91,1625449482.0,64.0
22.46,1625449482.0,64.0
18.25,1625449482.0,64.0
14.17,1625449482.0,64.0
10.1,1625449482.0,64.0
5.92,1625449482.0,64.0
1.6,1625449482.0,64.0
-2.88,1625449482.0,64.0
-7.5,1625449482.0,64.0
-12.24,1625449482.0,64.0
-17.1,1625449482.0,64.0
-22.12,1625449482.0,64.0
-27.35,1625449482.0,64.0
-32.86,1625449482.0,64.0
-38.7,1625449482.0,64.0
-44.95,1625449482.0,64.0
-51.58,1625449482.0,64.0
-58.46,1625449482.0,64.0
-65.18,1625449482.0,64.0
-71.06,1625449482.0,64.0
-75.22,1625449482.0,64.0
-76.74,1625449482.0,64.0
-74.92,1625449482.0,64.0
-69.53,1625449482.0,64.0
-60.87,1625449482.0,64.0
-49.7,1625449482.0,64.0
-36.99,1625449482.0,64.0
-23.64,1625449482.0,64.0
-10.31,1625449482.0,64.0
2.51,1625449482.0,64.0
14.43,1625449482.0,64.0
24.99,1625449482.0,64.0
33.67,1625449482.0,64.0
40.05,1625449482.0,64.0
44.04,1625449482.0,64.0
45.95,1625449482.0,64.0
46.47,1625449482.0,64.0
46.39,1625449482.0,64.0
46.36,1625449482.0,64.0
46.66,1625449482.0,64.0
47.2,1625449482.0,64.0
47.67,1625449482.0,64.0
47.71,1625449482.0,64.0
47.07,1625449482.0,64.0
45.68,1625449482.0,64.0
43.59,1625449482.0,64.0
40.89,1625449482.0,64.0
37.69,1625449482.0,64.0
34.08,1625449482.0,64.0
30.12,1625449482.0,64.0
25.91,1625449482.0,64.0
21.57,1625449482.0,64.0
17.18,1625449482.0,64.0
12.85,1625449482.0,64.0
8.62,1625449482.0,64.0
4.51,1625449482.0,64.0
0.47,1625449482.0,64.0
-3.6,1625449482.0,64.0
-7.79,1625449482.0,64.0
-12.19,1625449482.0,64.0
-16.84,1625449482.0,64.0
-21.71,1625449482.0,64.0
-26.74,1625449482.0,64.0
-31.92,1625449482.0,64.0
-37.3,1625449482.0,64.0
-42.99,1625449482.0,64.0
-49.06,1625449482.0,64.0
-55.35,1625449482.0,64.0
-61.39,1625449482.0,64.0
-66.35,1625449482.0,64.0
-69.22,1625449482.0,64.0
-69.1,1625449482.0,64.0
-65.49,1625449482.0,64.0
-58.49,1625449482.0,64.0
-48.73,1625449482.0,64.0
-37.18,1625449482.0,64.0
-24.86,1625449482.0,64.0
-12.62,1625449482.0,64.0
-1.1,1625449482.0,64.0
9.27,1625449482.0,64.0
18.09,1625449482.0,64.0
25.04,1625449482.0,64.0
29.9,1625449482.0,64.0
32.71,1625449482.0,64.0
33.88,1625449482.0,64.0
34.1,1625449482.0,64.0
34.18,1625449482.0,64.0
34.72,1625449482.0,64.0
35.9,1625449482.0,64.0
37.46,1625449482.0,64.0
38.79,1625449482.0,64.0
39.27,1625449482.0,64.0
38.53,1625449482.0,64.0
36.56,1625449482.0,64.0
33.71,1625449482.0,64.0
30.45,1625449482.0,64.0
27.19,1625449482.0,64.0
24.06,1625449482.0,64.0
20.95,1625449482.0,64.0
17.63,1625449482.0,64.0
13.88,1625449482.0,64.0
9.66,1625449482.0,64.0
5.11,1625449482.0,64.0
0.47,1625449482.0,64.0
-4.03,1625449482.0,64.0
-8.29,1625449482.0,64.0
-12.33,1625449482.0,64.0
-16.31,1625449482.0,64.0
-20.42,1625449482.0,64.0
-24.82,1625449482.0,64.0
-29.64,1625449482.0,64.0
-34.96,1625449482.0,64.0
-40.85,1625449482.0,64.0
-47.19,1625449482.0,64.0
-53.67,1625449482.0,64.0
-59.6,1625449482.0,64.0
-64.05,1625449482.0,64.0
-66.03,1625449482.0,64.0
-64.8,1625449482.0,64.0
-60.14,1625449482.0,64.0
-52.41,1625449482.0,64.0
-42.39,1625449482.0,64.0
-31.02,1625449482.0,64.0
-19.11,1625449482.0,64.0
-7.31,1625449482.0,64.0
3.87,1625449482.0,64.0
13.93,1625449482.0,64.0
22.34,1625449482.0,64.0
28.63,1625449482.0,64.0
32.63,1625449482.0,64.0
34.59,1625449482.0,64.0
35.17,1625449482.0,64.0
35.19,1625449482.0,64.0
35.37,1625449482.0,64.0
36.02,1625449482.0,64.0
37.01,1625449482.0,64.0
37.88,1625449482.0,64.0
38.1,1625449482.0,64.0
37.35,1625449482.0,64.0
35.57,1625449482.0,64.0
33.02,1625449482.0,64.0
30.02,1625449482.0,64.0
26.85,1625449482.0,64.0
23.62,1625449482.0,64.0
20.23,1625449482.0,64.0
16.52,1625449482.0,64.0
12.34,1625449482.0,64.0
7.67,1625449482.0,64.0
2.65,1625449482.0,64.0
-2.47,1625449482.0,64.0
-7.44,1625449482.0,64.0
-12.1,1625449482.0,64.0
-16.44,1625449482.0,64.0
-20.58,1625449482.0,64.0
-24.74,1625449482.0,64.0
-29.2,1625449482.0,64.0
-34.19,1625449482.0,64.0
-39.92,1625449482.0,64.0
-46.49,1625449482.0,64.0
-53.86,1625449482.0,64.0
-61.6,1625449482.0,64.0
-68.98,1625449482.0,64.0
-74.88,1625449482.0,64.0
-78.14,1625449482.0,64.0
-77.82,1625449482.0,64.0
-73.54,1625449482.0,64.0
-65.61,1625449482.0,64.0
-54.89,1625449482.0,64.0
-42.43,1625449482.0,64.0
-29.2,1625449482.0,64.0
-15.85,1625449482.0,64.0
-2.75,1625449482.0,64.0
9.75,1625449482.0,64.0
21.2,1625449482.0,64.0
30.98,1625449482.0,64.0
38.54,1625449482.0,64.0
43.65,1625449482.0,64.0
46.53,1625449482.0,64.0
47.87,1625449482.0,64.0
48.49,1625449482.0,64.0
49.11,1625449482.0,64.0
50.02,1625449482.0,64.0
51.08,1625449482.0,64.0
51.83,1625449482.0,64.0
51.76,1625449482.0,64.0
50.55,1625449482.0,64.0
48.16,1625449482.0,64.0
44.89,1625449482.0,64.0
41.12,1625449482.0,64.0
37.25,1625449482.0,64.0
33.43,1625449482.0,64.0
29.62,1625449482.0,64.0
25.6,1625449482.0,64.0
21.14,1625449482.0,64.0
16.17,1625449482.0,64.0
10.82,1625449482.0,64.0
5.36,1625449482.0,64.0
0.09,1625449482.0,64.0
-4.85,1625449482.0,64.0
-9.56,1625449482.0,64.0
-14.31,1625449482.0,64.0
-19.43,1625449482.0,64.0
-25.13,1625449482.0,64.0
-31.43,1625449482.0,64.0
-38.19,1625449482.0,64.0
-45.23,1625449482.0,64.0
-52.41,1625449482.0,64.0
-59.59,1625449482.0,64.0
-66.48,1625449482.0,64.0
-72.46,1625449482.0,64.0
-76.6,1625449482.0,64.0
-77.84,1625449482.0,64.0
-75.36,1625449482.0,64.0
-68.97,1625449482.0,64.0
-59.22,1625449482.0,64.0
-47.17,1625449482.0,64.0
-34.03,1625449482.0,64.0
-20.68,1625449482.0,64.0
-7.55,1625449482.0,64.0
5.24,1625449482.0,64.0
17.53,1625449482.0,64.0
28.92,1625449482.0,64.0
38.74,1625449482.0,64.0
46.33,1625449482.0,64.0
51.4,1625449482.0,64.0
54.16,1625449482.0,64.0
55.32,1625449482.0,64.0
55.73,1625449482.0,64.0
56.05,1625449482.0,64.0
56.56,1625449482.0,64.0
57.11,1625449482.0,64.0
57.32,1625449482.0,64.0
56.8,1625449482.0,64.0
55.3,1625449482.0,64.0
52.83,1625449482.0,64.0
49.54,1625449482.0,64.0
45.66,1625449482.0,64.0
41.45,1625449482.0,64.0
37.06,1625449482.0,64.0
32.57,1625449482.0,64.0
28.0,1625449482.0,64.0
23.33,1625449482.0,64.0
18.57,1625449482.0,64.0
13.73,1625449482.0,64.0
8.86,1625449482.0,64.0
4.0,1625449482.0,64.0
-0.85,1625449482.0,64.0
-5.78,1625449482.0,64.0
-10.87,1625449482.0,64.0
-16.18,1625449482.0,64.0
-21.76,1625449482.0,64.0
-27.57,1625449482.0,64.0
-33.55,1625449482.0,64.0
-39.74,1625449482.0,64.0
-46.22,1625449482.0,64.0
-53.09,1625449482.0,64.0
-60.27,1625449482.0,64.0
-67.39,1625449482.0,64.0
-73.61,1625449482.0,64.0
-77.79,1625449482.0,64.0
-78.75,1625449482.0,64.0
-75.72,1625449482.0,64.0
-68.59,1625449482.0,64.0
-57.98,1625449482.0,64.0
-45.02,1625449482.0,64.0
-30.91,1625449482.0,64.0
-16.55,1625449482.0,64.0
-2.48,1625449482.0,64.0
11.0,1625449482.0,64.0
23.54,1625449482.0,64.0
34.6,1625449482.0,64.0
43.5,1625449482.0,64.0
49.75,1625449482.0,64.0
53.34,1625449482.0,64.0
54.86,1625449482.0,64.0
55.29,1625449482.0,64.0
55.6,1625449482.0,64.0
56.34,1625449482.0,64.0
57.48,1625449482.0,64.0
58.55,1625449482.0,64.0
58.93,1625449482.0,64.0
58.26,1625449482.0,64.0
56.51,1625449482.0,64.0
53.95,1625449482.0,64.0
50.97,1625449482.0,64.0
47.85,1625449482.0,64.0
44.64,1625449482.0,64.0
41.25,1625449482.0,64.0
37.54,1625449482.0,64.0
33.48,1625449482.0,64.0
29.21,1625449482.0,64.0
24.94,1625449482.0,64.0
20.85,1625449482.0,64.0
16.92,1625449482.0,64.0
12.89,1625449482.0,64.0
8.42,1625449482.0,64.0
3.26,1625449482.0,64.0
-2.59,1625449482.0,64.0
-8.88,1625449482.0,64.0
-15.17,1625449482.0,64.0
-21.12,1625449482.0,64.0
-26.59,1625449482.0,64.0
-31.79,1625449482.0,64.0
-37.06,1625449482.0,64.0
-42.8,1625449482.0,64.0
-49.25,1625449482.0,64.0
-56.42,1625449482.0,64.0
-64.06,1625449482.0,64.0
-71.59,1625449482.0,64.0
-78.21,1625449482.0,64.0
-82.9,1625449482.0,64.0
-84.68,1625449482.0,64.0
-82.81,1625449482.0,64.0
-77.1,1625449482.0,64.0
-67.91,1625449482.0,64.0
-56.08,1625449482.0,64.0
-42.61,1625449482.0,64.0
-28.33,1625449482.0,64.0
-13.84,1625449482.0,64.0
0.5,1625449482.0,64.0
14.27,1625449482.0,64.0
26.92,1625449482.0,64.0
37.74,1625449482.0,64.0
46.11,1625449482.0,64.0
51.75,1625449482.0,64.0
54.95,1625449482.0,64.0
56.42,1625449482.0,64.0
57.07,1625449482.0,64.0
57.64,1625449482.0,64.0
58.43,1625449482.0,64.0
59.28,1625449482.0,64.0
59.77,1625449482.0,64.0
59.49,1625449482.0,64.0
58.23,1625449482.0,64.0
56.08,1625449482.0,64.0
53.31,1625449482.0,64.0
50.14,1625449482.0,64.0
46.67,1625449482.0,64.0
42.88,1625449482.0,64.0
38.72,1625449482.0,64.0
34.23,1625449482.0,64.0
29.63,1625449482.0,64.0
25.18,1625449482.0,64.0
21.05,1625449482.0,64.0
17.19,1625449482.0,64.0
13.35,1625449482.0,64.0
9.18,1625449482.0,64.0
4.45,1625449482.0,64.0
-0.81,1625449482.0,64.0
-6.34,1625449482.0,64.0
-11.81,1625449482.0,64.0
-16.96,1625449482.0,64.0
-21.75,1625449482.0,64.0
-26.35,1625449482.0,64.0
-31.05,1625449482.0,64.0
-36.14,1625449482.0,64.0
-41.84,1625449482.0,64.0
-48.22,1625449482.0,64.0
-55.15,1625449482.0,64.0
-62.29,1625449482.0,64.0
-69.04,1625449482.0,64.0
-74.53,1625449482.0,64.0
-77.78,1625449482.0,64.0
-77.9,1625449482.0,64.0
-74.39,1625449482.0,64.0
-67.3,1625449482.0,64.0
-57.23,1625449482.0,64.0
-45.12,1625449482.0,64.0
-31.93,1625449482.0,64.0
-18.46,1625449482.0,64.0
-5.24,1625449482.0,64.0
7.33,1625449482.0,64.0
18.79,1625449482.0,64.0
28.62,1625449482.0,64.0
36.31,1625449482.0,64.0
41.64,1625449482.0,64.0
44.77,1625449482.0,64.0
46.32,1625449482.0,64.0
47.08,1625449482.0,64.0
47.7,1625449482.0,64.0
48.48,1625449482.0,64.0
49.32,1625449482.0,64.0
49.85,1625449482.0,64.0
49.7,1625449482.0,64.0
48.7,1625449482.0,64.0
46.95,1625449482.0,64.0
44.67,1625449482.0,64.0
42.1,1625449482.0,64.0
39.31,1625449482.0,64.0
36.26,1625449482.0,64.0
32.79,1625449482.0,64.0
28.86,1625449482.0,64.0
24.57,1625449482.0,64.0
20.14,1625449482.0,64.0
15.86,1625449482.0,64.0
11.9,1625449482.0,64.0
8.26,1625449482.0,64.0
4.77,1625449482.0,64.0
1.16,1625449482.0,64.0
-2.73,1625449482.0,64.0
-6.97,1625449482.0,64.0
-11.45,1625449482.0,64.0
-16.02,1625449482.0,64.0
-20.53,1625449482.0,64.0
-24.93,1625449482.0,64.0
-29.29,1625449482.0,64.0
-33.79,1625449482.0,64.0
-38.66,1625449482.0,64.0
-44.15,1625449482.0,64.0
-50.41,1625449482.0,64.0
-57.34,1625449482.0,64.0
-64.55,1625449482.0,64.0
-71.31,1625449482.0,64.0
-76.61,1625449482.0,64.0
-79.42,1625449482.0,64.0
-78.94,1625449482.0,64.0
-74.82,1625449482.0,64.0
-67.32,1625449482.0,64.0
-57.18,1625449482.0,64.0
-45.39,1625449482.0,64.0
-32.87,1625449482.0,64.0
-20.3,1625449482.0,64.0
-8.03,1625449482.0,64.0
3.67,1625449482.0,64.0
14.47,1625449482.0,64.0
23.88,1625449482.0,64.0
31.36,1625449482.0,64.0
36.59,1625449482.0,64.0
39.63,1625449482.0,64.0
41.02,1625449482.0,64.0
41.54,1625449482.0,64.0
41.93,1625449482.0,64.0
42.56,1625449482.0,64.0
43.45,1625449482.0,64.0
44.31,1625449482.0,64.0
44.81,1625449482.0,64.0
44.71,1625449482.0,64.0
43.89,1625449482.0,64.0
42.35,1625449482.0,64.0
40.11,1625449482.0,64.0
37.22,1625449482.0,64.0
33.8,1625449482.0,64.0
30.03,1625449482.0,64.0
26.11,1625449482.0,64.0
22.25,1625449482.0,64.0
18.54,1625449482.0,64.0
14.96,1625449482.0,64.0
11.41,1625449482.0,64.0
7.78,1625449482.0,64.0
3.98,1625449482.0,64.0
0.02,1625449482.0,64.0
-4.07,1625449482.0,64.0
-8.23,1625449482.0,64.0
-12.46,1625449482.0,64.0
-16.78,1625449482.0,64.0
-21.27,1625449482.0,64.0
-26.05,1625449482.0,64.0
-31.2,1625449482.0,64.0
-36.8,1625449482.0,64.0
-42.85,1625449482.0,64.0
-49.29,1625449482.0,64.0
-55.88,1625449482.0,64.0
-62.14,1625449482.0,64.0
-67.32,1625449482.0,64.0
-70.52,1625449482.0,64.0
-70.86,1625449482.0,64.0
-67.81,1625449482.0,64.0
-61.36,1625449482.0,64.0
-52.04,1625449482.0,64.0
-40.77,1625449482.0,64.0
-28.54,1625449482.0,64.0
-16.17,1625449482.0,64.0
-4.22,1625449482.0,64.0
6.85,1625449482.0,64.0
16.59,1625449482.0,64.0
24.52,1625449482.0,64.0
30.22,1625449482.0,64.0
33.59,1625449482.0,64.0
34.96,1625449482.0,64.0
35.07,1625449482.0,64.0
34.77,1625449482.0,64.0
34.77,1625449482.0,64.0
35.35,1625449482.0,64.0
36.34,1625449482.0,64.0
37.28,1625449482.0,64.0
37.68,1625449482.0,64.0
37.19,1625449482.0,64.0
35.69,1625449482.0,64.0
33.24,1625449482.0,64.0
29.99,1625449482.0,64.0
26.14,1625449482.0,64.0
21.96,1625449482.0,64.0
17.68,1625449482.0,64.0
13.52,1625449482.0,64.0
9.55,1625449482.0,64.0
5.7,1625449482.0,64.0
1.82,1625449482.0,64.0
-2.23,1625449482.0,64.0
-6.46,1625449482.0,64.0
-10.77,1625449482.0,64.0
-15.05,1625449482.0,64.0
-19.28,1625449482.0,64.0
-23.63,1625449482.0,64.0
-28.4,1625449482.0,64.0
-33.85,1625449482.0,64.0
-40.08,1625449482.0,64.0
-46.97,1625449482.0,64.0
-54.23,1625449482.0,64.0
-61.52,1625449482.0,64.0
-68.43,1625449482.0,64.0
-74.44,1625449482.0,64.0
-78.87,1625449482.0,64.0
-80.89,1625449482.0,64.0
-79.78,1625449482.0,64.0
-75.19,1625449482.0,64.0
-67.26,1625449482.0,64.0
-56.66,1625449482.0,64.0
-44.34,1625449482.0,64.0
-31.14,1625449482.0,64.0
-17.73,1625449482.0,64.0
-4.5,1625449482.0,64.0
8.16,1625449482.0,64.0
19.76,1625449482.0,64.0
29.63,1625449482.0,64.0
37.15,1625449482.0,64.0
42.07,1625449482.0,64.0
44.63,1625449482.0,64.0
45.58,1625449482.0,64.0
45.9,1625449482.0,64.0
46.4,1625449482.0,64.0
47.46,1625449482.0,64.0
48.95,1625449482.0,64.0
50.33,1625449482.0,64.0
50.98,1625449482.0,64.0
50.44,1625449482.0,64.0
48.55,1625449482.0,64.0
45.53,1625449482.0,64.0
41.78,1625449482.0,64.0
37.74,1625449482.0,64.0
33.73,1625449482.0,64.0
29.83,1625449482.0,64.0
25.95,1625449482.0,64.0
21.87,1625449482.0,64.0
17.4,1625449482.0,64.0
12.49,1625449482.0,64.0
7.27,1625449482.0,64.0
1.97,1625449482.0,64.0
-3.16,1625449482.0,64.0
-8.07,1625449482.0,64.0
-12.86,1625449482.0,64.0
-17.77,1625449482.0,64.0
-23.08,1625449482.0,64.0
-28.92,1625449482.0,64.0
-35.3,1625449482.0,64.0
-42.16,1625449482.0,64.0
-49.36,1625449482.0,64.0
-56.79,1625449482.0,64.0
-64.23,1625449482.0,64.0
-71.23,1625449482.0,64.0
-77.08,1625449482.0,64.0
-80.83,1625449482.0,64.0
-81.54,1625449482.0,64.0
-78.58,1625449482.0,64.0
-71.85,1625449482.0,64.0
-61.86,1625449482.0,64.0
-49.52,1625449482.0,64.0
-35.85,1625449482.0,64.0
-21.72,1625449482.0,64.0
-7.7,1625449482.0,64.0
5.85,1625449482.0,64.0
18.62,1625449482.0,64.0
30.22,1625449482.0,64.0
40.13,1625449482.0,64.0
47.88,1625449482.0,64.0
53.24,1625449482.0,64.0
56.39,1625449482.0,64.0
57.91,1625449482.0,64.0
58.53,1625449482.0,64.0
58.89,1625449482.0,64.0
59.3,1625449482.0,64.0
59.68,1625449482.0,64.0
59.72,1625449482.0,64.0
59.05,1625449482.0,64.0
57.52,1625449482.0,64.0
55.17,1625449482.0,64.0
52.19,1625449482.0,64.0
48.81,1625449482.0,64.0
45.14,1625449482.0,64.0
41.2,1625449482.0,64.0
36.94,1625449482.0,64.0
32.35,1625449482.0,64.0
27.49,1625449482.0,64.0
22.47,1625449482.0,64.0
17.42,1625449482.0,64.0
12.42,1625449482.0,64.0
7.49,1625449482.0,64.0
2.59,1625449482.0,64.0
-2.35,1625449482.0,64.0
-7.4,1625449482.0,64.0
-12.61,1625449482.0,64.0
-18.05,1625449482.0,64.0
-23.72,1625449482.0,64.0
-29.66,1625449482.0,64.0
-35.9,1625449482.0,64.0
-42.47,1625449482.0,64.0
-49.47,1625449482.0,64.0
-56.87,1625449482.0,64.0
-64.49,1625449482.0,64.0
-71.81,1625449482.0,64.0
-77.96,1625449482.0,64.0
-81.85,1625449482.0,64.0
-82.52,1625449482.0,64.0
-79.39,1625449482.0,64.0
-72.52,1625449482.0,64.0
-62.53,1625449482.0,64.0
-50.36,1625449482.0,64.0
-36.94,1625449482.0,64.0
-22.94,1625449482.0,64.0
-8.8,1625449482.0,64.0
5.14,1625449482.0,64.0
18.37,1625449482.0,64.0
30.25,1625449482.0,64.0
40.06,1625449482.0,64.0
47.33,1625449482.0,64.0
52.04,1625449482.0,64.0
54.67,1625449482.0,64.0
56.03,1625449482.0,64.0
56.89,1625449482.0,64.0
57.74,1625449482.0,64.0
58.63,1625449482.0,64.0
59.31,1625449482.0,64.0
59.43,1625449482.0,64.0
58.76,1625449482.0,64.0
57.25,1625449482.0,64.0
55.04,1625449482.0,64.0
52.28,1625449482.0,64.0
49.08,1625449482.0,64.0
45.44,1625449482.0,64.0
41.37,1625449482.0,64.0
36.92,1625449482.0,64.0
32.22,1625449482.0,64.0
27.49,1625449482.0,64.0
22.91,1625449482.0,64.0
18.58,1625449482.0,64.0
14.42,1625449482.0,64.0
10.22,1625449482.0,64.0
5.75,1625449482.0,64.0
0.87,1625449482.0,64.0
-4.42,1625449482.0,64.0
-9.93,1625449482.0,64.0
-15.43,1625449482.0,64.0
-20.73,1625449482.0,64.0
-25.84,1625449482.0,64.0
-30.98,1625449482.0,64.0
-36.47,1625449482.0,64.0
-42.66,1625449482.0,64.0
-49.71,1625449482.0,64.0
-57.5,1625449482.0,64.0
-65.63,1625449482.0,64.0
-73.36,1625449482.0,64.0
-79.78,1625449482.0,64.0
-83.9,1625449482.0,64.0
-84.89,1625449482.0,64.0
-82.27,1625449482.0,64.0
-75.99,1625449482.0,64.0
-66.5,1625449482.0,64.0
-54.53,1625449482.0,64.0
-40.99,1625449482.0,64.0
-26.65,1625449482.0,64.0
-12.18,1625449482.0,64.0
1.87,1625449482.0,64.0
14.99,1625449482.0,64.0
26.64,1625449482.0,64.0
36.31,1625449482.0,64.0
43.68,1625449482.0,64.0
48.75,1625449482.0,64.0
51.85,1625449482.0,64.0
53.56,1625449482.0,64.0
54.49,1625449482.0,64.0
55.14,1625449482.0,64.0
55.73,1625449482.0,64.0
56.23,1625449482.0,64.0
56.46,1625449482.0,64.0
56.15,1625449482.0,64.0
55.13,1625449482.0,64.0
53.28,1625449482.0,64.0
50.64,1625449482.0,64.0
47.29,1625449482.0,64.0
43.42,1625449482.0,64.0
39.2,1625449482.0,64.0
34.81,1625449482.0,64.0
30.42,1625449482.0,64.0
26.11,1625449482.0,64.0
21.93,1625449482.0,64.0
17.82,1625449482.0,64.0
13.68,1625449482.0,64.0
9.37,1625449482.0,64.0
4.79,1625449482.0,64.0
-0.12,1625449482.0,64.0
-5.28,1625449482.0,64.0
-10.52,1625449482.0,64.0
-15.69,1625449482.0,64.0
-20.69,1625449482.0,64.0
-25.57,1625449482.0,64.0
-30.5,1625449482.0,64.0
-35.75,1625449482.0,64.0
-41.58,1625449482.0,64.0
-48.13,1625449482.0,64.0
-55.33,1625449482.0,64.0
-62.77,1625449482.0,64.0
-69.71,1625449482.0,64.0
-75.16,1625449482.0,64.0
-78.09,1625449482.0,64.0
-77.68,1625449482.0,64.0
-73.59,1625449482.0,64.0
-66.02,1625449482.0,64.0
-55.69,1625449482.0,64.0
-43.54,1625449482.0,64.0
-30.51,1625449482.0,64.0
-17.27,1625449482.0,64.0
-4.29,1625449482.0,64.0
8.08,1625449482.0,64.0
19.43,1625449482.0,64.0
29.25,1625449482.0,64.0
37.04,1625449482.0,64.0
42.51,1625449482.0,64.0
45.76,1625449482.0,64.0
47.32,1625449482.0,64.0
47.94,1625449482.0,64.0
48.32,1625449482.0,64.0
48.88,1625449482.0,64.0
49.62,1625449482.0,64.0
50.29,1625449482.0,64.0
50.53,1625449482.0,64.0
50.09,1625449482.0,64.0
48.86,1625449482.0,64.0
46.91,1625449482.0,64.0
44.32,1625449482.0,64.0
41.17,1625449482.0,64.0
37.53,1625449482.0,64.0
33.49,1625449482.0,64.0
29.26,1625449482.0,64.0
25.07,1625449482.0,64.0
21.1,1625449482.0,64.0
17.41,1625449482.0,64.0
13.86,1625449482.0,64.0
10.16,1625449482.0,64.0
6.04,1625449482.0,64.0
1.41,1625449482.0,64.0
-3.66,1625449482.0,64.0
-8.92,1625449482.0,64.0
-14.15,1625449482.0,64.0
-19.24,1625449482.0,64.0
-24.25,1625449482.0,64.0
-29.35,1625449482.0,64.0
-34.7,1625449482.0,64.0
-40.42,1625449482.0,64.0
-46.56,1625449482.0,64.0
-53.11,1625449482.0,64.0
-59.9,1625449482.0,64.0
-66.55,1625449482.0,64.0
-72.29,1625449482.0,64.0
-76.11,1625449482.0,64.0
-76.99,1625449482.0,64.0
-74.23,1625449482.0,64.0
-67.74,1625449482.0,64.0
-58.04,1625449482.0,64.0
-46.09,1625449482.0,64.0
-32.93,1625449482.0,64.0
-19.39,1625449482.0,64.0
-6.09,1625449482.0,64.0
6.52,1625449482.0,64.0
17.97,1625449482.0,64.0
27.74,1625449482.0,64.0
35.36,1625449482.0,64.0
40.62,1625449482.0,64.0
43.7,1625449482.0,64.0
45.19,1625449482.0,64.0
45.85,1625449482.0,64.0
46.38,1625449482.0,64.0
47.17,1625449482.0,64.0
48.23,1625449482.0,64.0
49.26,1625449482.0,64.0
49.83,1625449482.0,64.0
49.59,1625449482.0,64.0
48.38,1625449482.0,64.0
46.24,1625449482.0,64.0
43.36,1625449482.0,64.0
39.99,1625449482.0,64.0
36.37,1625449482.0,64.0
32.68,1625449482.0,64.0
29.03,1625449482.0,64.0
25.47,1625449482.0,64.0
21.98,1625449482.0,64.0
18.51,1625449482.0,64.0
14.99,1625449482.0,64.0
11.3,1625449482.0,64.0
7.32,1625449482.0,64.0
2.95,1625449482.0,64.0
-1.87,1625449482.0,64.0
-7.14,1625449482.0,64.0
-12.81,1625449482.0,64.0
-18.73,1625449482.0,64.0
-24.77,1625449482.0,64.0
-30.84,1625449482.0,64.0
-36.94,1625449482.0,64.0
-43.16,1625449482.0,64.0
-49.54,1625449482.0,64.0
-56.0,1625449482.0,64.0
-62.1,1625449482.0,64.0
-67.11,1625449482.0,64.0
-70.1,1625449482.0,64.0
-70.23,1625449482.0,64.0
-66.99,1625449482.0,64.0
-60.46,1625449482.0,64.0
-51.2,1625449482.0,64.0
-40.12,1625449482.0,64.0
-28.17,1625449482.0,64.0
-16.09,1625449482.0,64.0
-4.37,1625449482.0,64.0
6.62,1625449482.0,64.0
16.49,1625449482.0,64.0
24.72,1625449482.0,64.0
30.84,1625449482.0,64.0
34.65,1625449482.0,64.0
36.44,1625449482.0,64.0
36.93,1625449482.0,64.0
37.09,1625449482.0,64.0
37.68,1625449482.0,64.0
38.98,1625449482.0,64.0
40.68,1625449482.0,64.0
42.13,1625449482.0,64.0
42.65,1625449482.0,64.0
41.89,1625449482.0,64.0
39.92,1625449482.0,64.0
37.1,1625449482.0,64.0
33.86,1625449482.0,64.0
30.48,1625449482.0,64.0
27.04,1625449482.0,64.0
23.4,1625449482.0,64.0
19.45,1625449482.0,64.0
15.12,1625449482.0,64.0
10.5,1625449482.0,64.0
5.78,1625449482.0,64.0
1.15,1625449482.0,64.0
-3.24,1625449482.0,64.0
-7.41,1625449482.0,64.0
-11.48,1625449482.0,64.0
-15.66,1625449482.0,64.0
-20.14,1625449482.0,64.0
-25.05,1625449482.0,64.0
-30.41,1625449482.0,64.0
-36.2,1625449482.0,64.0
-42.39,1625449482.0,64.0
-48.94,1625449482.0,64.0
-55.71,1625449482.0,64.0
-62.28,1625449482.0,64.0
-67.95,1625449482.0,64.0
-71.73,1625449482.0,64.0
-72.65,1625449482.0,64.0
-70.05,1625449482.0,64.0
-63.86,1625449482.0,64.0
-54.63,1625449482.0,64.0
-43.31,1625449482.0,64.0
-30.87,1625449482.0,64.0
-18.13,1625449482.0,64.0
-5.6,1625449482.0,64.0
6.31,1625449482.0,64.0
17.11,1625449482.0,64.0
26.24,1625449482.0,64.0
33.14,1625449482.0,64.0
37.56,1625449482.0,64.0
39.74,1625449482.0,64.0
40.38,1625449482.0,64.0
40.46,1625449482.0,64.0
40.79,1625449482.0,64.0
41.77,1625449482.0,64.0
43.27,1625449482.0,64.0
44.76,1625449482.0,64.0
45.6,1625449482.0,64.0
45.33,1625449482.0,64.0
43.82,1625449482.0,64.0
41.25,1625449482.0,64.0
37.97,1625449482.0,64.0
34.31,1625449482.0,64.0
30.47,1625449482.0,64.0
26.5,1625449482.0,64.0
22.33,1625449482.0,64.0
17.89,1625449482.0,64.0
13.15,1625449482.0,64.0
8.2,1625449482.0,64.0
3.14,1625449482.0,64.0
-1.93,1625449482.0,64.0
-6.94,1625449482.0,64.0
-11.93,1625449482.0,64.0
-16.99,1625449482.0,64.0
-22.22,1625449482.0,64.0
-27.75,1625449482.0,64.0
-33.63,1625449482.0,64.0
-39.93,1625449482.0,64.0
-46.67,1625449482.0,64.0
-53.81,1625449482.0,64.0
-61.14,1625449482.0,64.0
-68.17,1625449482.0,64.0
-74.08,1625449482.0,64.0
-77.87,1625449482.0,64.0
-78.59,1625449482.0,64.0
-75.7,1625449482.0,64.0
-69.22,1625449482.0,64.0
-59.76,1625449482.0,64.0
-48.21,1625449482.0,64.0
-35.47,1625449482.0,64.0
-22.14,1625449482.0,64.0
-8.59,1625449482.0,64.0
4.9,1625449482.0,64.0
17.85,1625449482.0,64.0
29.56,1625449482.0,64.0
39.21,1625449482.0,64.0
46.21,1625449482.0,64.0
50.47,1625449482.0,64.0
52.48,1625449482.0,64.0
53.12,1625449482.0,64.0
53.34,1625449482.0,64.0
53.73,1625449482.0,64.0
54.45,1625449482.0,64.0
55.18,1625449482.0,64.0
55.44,1625449482.0,64.0
54.79,1625449482.0,64.0
53.07,1625449482.0,64.0
50.35,1625449482.0,64.0
46.87,1625449482.0,64.0
42.88,1625449482.0,64.0
38.57,1625449482.0,64.0
34.03,1625449482.0,64.0
29.27,1625449482.0,64.0
24.33,1625449482.0,64.0
19.22,1625449482.0,64.0
14.01,1625449482.0,64.0
8.75,1625449482.0,64.0
3.53,1625449482.0,64.0
-1.54,1625449482.0,64.0
-6.43,1625449482.0,64.0
-11.15,1625449482.0,64.0
-15.87,1625449482.0,64.0
-20.79,1625449482.0,64.0
-26.14,1625449482.0,64.0
-32.09,1625449482.0,64.0
-38.72,1625449482.0,64.0
-45.99,1625449482.0,64.0
-53.75,1625449482.0,64.0
-61.68,1625449482.0,64.0
-69.26,1625449482.0,64.0
-75.68,1625449482.0,64.0
-80.01,1625449482.0,64.0
-81.39,1625449482.0,64.0
-79.26,1625449482.0,64.0
-73.56,1625449482.0,64.0
-64.74,1625449482.0,64.0
-53.53,1625449482.0,64.0
-40.73,1625449482.0,64.0
-27.0,1625449482.0,64.0
-12.8,1625449482.0,64.0
1.48,1625449482.0,64.0
15.31,1625449482.0,64.0
27.99,1625449482.0,64.0
38.74,1625449482.0,64.0
46.9,1625449482.0,64.0
52.25,1625449482.0,64.0
55.08,1625449482.0,64.0
56.14,1625449482.0,64.0
56.35,1625449482.0,64.0
56.48,1625449482.0,64.0
56.88,1625449482.0,64.0
57.46,1625449482.0,64.0
57.83,1625449482.0,64.0
57.54,1625449482.0,64.0
56.32,1625449482.0,64.0
54.08,1625449482.0,64.0
50.97,1625449482.0,64.0
47.16,1625449482.0,64.0
42.86,1625449482.0,64.0
38.21,1625449482.0,64.0
33.35,1625449482.0,64.0
28.38,1625449482.0,64.0
23.44,1625449482.0,64.0
18.61,1625449482.0,64.0
13.91,1625449482.0,64.0
9.31,1625449482.0,64.0
4.69,1625449482.0,64.0
-0.04,1625449482.0,64.0
-4.95,1625449482.0,64.0
-10.09,1625449482.0,64.0
-15.45,1625449482.0,64.0
-21.04,1625449482.0,64.0
-26.85,1625449482.0,64.0
-32.93,1625449482.0,64.0
-39.31,1625449482.0,64.0
-46.06,1625449482.0,64.0
-53.17,1625449482.0,64.0
-60.46,1625449482.0,64.0
-67.49,1625449482.0,64.0
-73.49,1625449482.0,64.0
-77.47,1625449482.0,64.0
-78.5,1625449482.0,64.0
-75.94,1625449482.0,64.0
-69.72,1625449482.0,64.0
-60.34,1625449482.0,64.0
-48.67,1625449482.0,64.0
-35.64,1625449482.0,64.0
-22.03,1625449482.0,64.0
-8.39,1625449482.0,64.0
4.88,1625449482.0,64.0
17.33,1625449482.0,64.0
28.41,1625449482.0,64.0
37.52,1625449482.0,64.0
44.24,1625449482.0,64.0
48.55,1625449482.0,64.0
50.89,1625449482.0,64.0
52.04,1625449482.0,64.0
52.77,1625449482.0,64.0
53.59,1625449482.0,64.0
54.56,1625449482.0,64.0
55.37,1625449482.0,64.0
55.58,1625449482.0,64.0
54.85,1625449482.0,64.0
53.14,1625449482.0,64.0
50.64,1625449482.0,64.0
47.61,1625449482.0,64.0
44.24,1625449482.0,64.0
40.55,1625449482.0,64.0
36.47,1625449482.0,64.0
31.99,1625449482.0,64.0
27.22,1625449482.0,64.0
22.37,1625449482.0,64.0
17.67,1625449482.0,64.0
13.24,1625449482.0,64.0
9.01,1625449482.0,64.0
4.8,1625449482.0,64.0
0.38,1625449482.0,64.0
-4.37,1625449482.0,64.0
-9.42,1625449482.0,64.0
-14.65,1625449482.0,64.0
-19.92,1625449482.0,64.0
-25.17,1625449482.0,64.0
-30.46,1625449482.0,64.0
-35.99,1625449482.0,64.0
-41.99,1625449482.0,64.0
-48.65,1625449482.0,64.0
-55.99,1625449482.0,64.0
-63.72,1625449482.0,64.0
-71.19,1625449482.0,64.0
-77.46,1625449482.0,64.0
-81.44,1625449482.0,64.0
-82.2,1625449482.0,64.0
-79.18,1625449482.0,64.0
-72.39,1625449482.0,64.0
-62.38,1625449482.0,64.0
-50.04,1625449482.0,64.0
-36.32,1625449482.0,64.0
-22.07,1625449482.0,64.0
-7.95,1625449482.0,64.0
5.5,1625449482.0,64.0
17.75,1625449482.0,64.0
28.27,1625449482.0,64.0
36.63,1625449482.0,64.0
42.62,1625449482.0,64.0
46.42,1625449482.0,64.0
48.54,1625449482.0,64.0
49.68,1625449482.0,64.0
50.5,1625449482.0,64.0
51.4,1625449482.0,64.0
52.47,1625449482.0,64.0
53.45,1625449482.0,64.0
53.95,1625449482.0,64.0
53.63,1625449482.0,64.0
52.29,1625449482.0,64.0
49.93,1625449482.0,64.0
46.77,1625449482.0,64.0
43.06,1625449482.0,64.0
39.05,1625449482.0,64.0
34.88,1625449482.0,64.0
30.59,1625449482.0,64.0
26.18,1625449482.0,64.0
21.7,1625449482.0,64.0
17.27,1625449482.0,64.0
12.98,1625449482.0,64.0
8.9,1625449482.0,64.0
4.97,1625449482.0,64.0
1.03,1625449482.0,64.0
-3.09,1625449482.0,64.0
-7.51,1625449482.0,64.0
-12.24,1625449482.0,64.0
-17.23,1625449482.0,64.0
-22.4,1625449482.0,64.0
-27.75,1625449482.0,64.0
-33.37,1625449482.0,64.0
-39.4,1625449482.0,64.0
-45.9,1625449482.0,64.0
-52.75,1625449482.0,64.0
-59.51,1625449482.0,64.0
-65.41,1625449482.0,64.0
-69.46,1625449482.0,64.0
-70.68,1625449482.0,64.0
-68.4,1625449482.0,64.0
-62.5,1625449482.0,64.0
-53.44,1625449482.0,64.0
-42.13,1625449482.0,64.0
-29.6,1625449482.0,64.0
-16.81,1625449482.0,64.0
-4.41,1625449482.0,64.0
7.12,1625449482.0,64.0
17.4,1625449482.0,64.0
26.03,1625449482.0,64.0
32.64,1625449482.0,64.0
37.05,1625449482.0,64.0
39.46,1625449482.0,64.0
40.44,1625449482.0,64.0
40.76,1625449482.0,64.0
41.14,1625449482.0,64.0
41.94,1625449482.0,64.0
43.12,1625449482.0,64.0
44.27,1625449482.0,64.0
44.89,1625449482.0,64.0
44.57,1625449482.0,64.0
43.13,1625449482.0,64.0
40.66,1625449482.0,64.0
37.37,1625449482.0,64.0
33.55,1625449482.0,64.0
29.44,1625449482.0,64.0
25.22,1625449482.0,64.0
20.99,1625449482.0,64.0
16.75,1625449482.0,64.0
12.47,1625449482.0,64.0
8.1,1625449482.0,64.0
3.62,1625449482.0,64.0
-0.97,1625449482.0,64.0
-5.65,1625449482.0,64.0
-10.4,1625449482.0,64.0
-15.28,1625449482.0,64.0
-20.32,1625449482.0,64.0
-25.63,1625449482.0,64.0
-31.26,1625449482.0,64.0
-37.22,1625449482.0,64.0
-43.5,1625449482.0,64.0
-50.08,1625449482.0,64.0
-56.9,1625449482.0,64.0
-63.76,1625449482.0,64.0
-70.19,1625449482.0,64.0
-75.42,1625449482.0,64.0
-78.5,1625449482.0,64.0
-78.49,1625449482.0,64.0
-74.85,1625449482.0,64.0
-67.6,1625449482.0,64.0
-57.33,1625449482.0,64.0
-44.97,1625449482.0,64.0
-31.47,1625449482.0,64.0
-17.57,1625449482.0,64.0
-3.78,1625449482.0,64.0
9.51,1625449482.0,64.0
21.78,1625449482.0,64.0
32.38,1625449482.0,64.0
40.66,1625449482.0,64.0
46.25,1625449482.0,64.0
49.33,1625449482.0,64.0
50.59,1625449482.0,64.0
51.01,1625449482.0,64.0
51.45,1625449482.0,64.0
52.34,1625449482.0,64.0
53.58,1625449482.0,64.0
54.64,1625449482.0,64.0
54.92,1625449482.0,64.0
53.99,1625449482.0,64.0
51.77,1625449482.0,64.0
48.46,1625449482.0,64.0
44.44,1625449482.0,64.0
40.05,1625449482.0,64.0
35.51,1625449482.0,64.0
30.93,1625449482.0,64.0
26.35,1625449482.0,64.0
21.78,1625449482.0,64.0
17.23,1625449482.0,64.0
12.69,1625449482.0,64.0
8.11,1625449482.0,64.0
3.41,1625449482.0,64.0
-1.44,1625449482.0,64.0
-6.47,1625449482.0,64.0
-11.68,1625449482.0,64.0
-17.04,1625449482.0,64.0
-22.57,1625449482.0,64.0
-28.32,1625449482.0,64.0
-34.34,1625449482.0,64.0
-40.73,1625449482.0,64.0
-47.58,1625449482.0,64.0
-54.88,1625449482.0,64.0
-62.47,1625449482.0,64.0
-69.92,1625449482.0,64.0
-76.49,1625449482.0,64.0
-81.2,1625449482.0,64.0
-83.05,1625449482.0,64.0
-81.31,1625449482.0,64.0
-75.75,1625449482.0,64.0
-66.73,1625449482.0,64.0
-55.04,1625449482.0,64.0
-41.66,1625449482.0,64.0
-27.45,1625449482.0,64.0
-13.02,1625449482.0,64.0
1.19,1625449482.0,64.0
14.76,1625449482.0,64.0
27.16,1625449482.0,64.0
37.79,1625449482.0,64.0
46.08,1625449482.0,64.0
51.81,1625449482.0,64.0
55.16,1625449482.0,64.0
56.73,1625449482.0,64.0
57.3,1625449482.0,64.0
57.6,1625449482.0,64.0
58.02,1625449482.0,64.0
58.58,1625449482.0,64.0
59.01,1625449482.0,64.0
58.86,1625449482.0,64.0
57.8,1625449482.0,64.0
55.69,1625449482.0,64.0
52.59,1625449482.0,64.0
48.7,1625449482.0,64.0
44.28,1625449482.0,64.0
39.53,1625449482.0,64.0
34.56,1625449482.0,64.0
29.43,1625449482.0,64.0
24.18,1625449482.0,64.0
18.87,1625449482.0,64.0
13.62,1625449482.0,64.0
8.52,1625449482.0,64.0
3.63,1625449482.0,64.0
-1.09,1625449482.0,64.0
-5.74,1625449482.0,64.0
-10.45,1625449482.0,64.0
-15.4,1625449482.0,64.0
-20.7,1625449482.0,64.0
-26.39,1625449482.0,64.0
-32.47,1625449482.0,64.0
-38.88,1625449482.0,64.0
-45.62,1625449482.0,64.0
-52.71,1625449482.0,64.0
-60.1,1625449482.0,64.0
-67.53,1625449482.0,64.0
-74.42,1625449482.0,64.0
-79.8,1625449482.0,64.0
-82.58,1625449482.0,64.0
-81.81,1625449482.0,64.0
-77.05,1625449482.0,64.0
-68.53,1625449482.0,64.0
-57.09,1625449482.0,64.0
-43.8,1625449482.0,64.0
-29.69,1625449482.0,64.0
-15.42,1625449482.0,64.0
-1.38,1625449482.0,64.0
12.14,1625449482.0,64.0
24.72,1625449482.0,64.0
35.73,1625449482.0,64.0
44.5,1625449482.0,64.0
50.56,1625449482.0,64.0
53.97,1625449482.0,64.0
55.3,1625449482.0,64.0
55.43,1625449482.0,64.0
55.24,1625449482.0,64.0
55.26,1625449482.0,64.0
55.54,1625449482.0,64.0
55.79,1625449482.0,64.0
55.58,1625449482.0,64.0
54.64,1625449482.0,64.0
52.91,1625449482.0,64.0
50.48,1625449482.0,64.0
47.47,1625449482.0,64.0
43.92,1625449482.0,64.0
39.84,1625449482.0,64.0
35.26,1625449482.0,64.0
30.35,1625449482.0,64.0
25.33,1625449482.0,64.0
20.43,1625449482.0,64.0
15.74,1625449482.0,64.0
11.21,1625449482.0,64.0
6.66,1625449482.0,64.0
1.96,1625449482.0,64.0
-2.95,1625449482.0,64.0
-8.03,1625449482.0,64.0
-13.23,1625449482.0,64.0
-18.53,1625449482.0,64.0
-23.98,1625449482.0,64.0
-29.66,1625449482.0,64.0
-35.63,1625449482.0,64.0
-41.91,1625449482.0,64.0
-48.51,1625449482.0,64.0
-55.5,1625449482.0,64.0
-62.88,1625449482.0,64.0
-70.43,1625449482.0,64.0
-77.55,1625449482.0,64.0
-83.22,1625449482.0,64.0
-86.23,1625449482.0,64.0
-85.55,1625449482.0,64.0
-80.7,1625449482.0,64.0
-71.97,1625449482.0,64.0
-60.26,1625449482.0,64.0
-46.75,1625449482.0,64.0
-32.47,1625449482.0,64.0
-18.11,1625449482.0,64.0
-4.01,1625449482.0,64.0
9.55,1625449482.0,64.0
22.16,1625449482.0,64.0
33.19,1625449482.0,64.0
41.97,1625449482.0,64.0
48.13,1625449482.0,64.0
51.75,1625449482.0,64.0
53.47,1625449482.0,64.0
54.18,1625449482.0,64.0
54.68,1625449482.0,64.0
55.37,1625449482.0,64.0
56.2,1625449482.0,64.0
56.78,1625449482.0,64.0
56.7,1625449482.0,64.0
55.77,1625449482.0,64.0
54.02,1625449482.0,64.0
51.63,1625449482.0,64.0
48.72,1625449482.0,64.0
45.29,1625449482.0,64.0
41.25,1625449482.0,64.0
36.6,1625449482.0,64.0
31.5,1625449482.0,64.0
26.29,1625449482.0,64.0
21.35,1625449482.0,64.0
16.92,1625449482.0,64.0
12.95,1625449482.0,64.0
9.16,1625449482.0,64.0
5.15,1625449482.0,64.0
0.65,1625449482.0,64.0
-4.45,1625449482.0,64.0
-10.0,1625449482.0,64.0
-15.71,1625449482.0,64.0
-21.3,1625449482.0,64.0
-26.63,1625449482.0,64.0
-31.73,1625449482.0,64.0
-36.81,1625449482.0,64.0
-42.24,1625449482.0,64.0
-48.33,1625449482.0,64.0
-55.26,1625449482.0,64.0
-62.85,1625449482.0,64.0
-70.5,1625449482.0,64.0
-77.21,1625449482.0,64.0
-81.82,1625449482.0,64.0
-83.25,1625449482.0,64.0
-80.85,1625449482.0,64.0
-74.6,1625449482.0,64.0
-65.08,1625449482.0,64.0
-53.25,1625449482.0,64.0
-40.13,1625449482.0,64.0
-26.53,1625449482.0,64.0
-13.0,1625449482.0,64.0
0.08,1625449482.0,64.0
12.33,1625449482.0,64.0
23.25,1625449482.0,64.0
32.27,1625449482.0,64.0
38.98,1625449482.0,64.0
43.31,1625449482.0,64.0
45.67,1625449482.0,64.0
46.81,1625449482.0,64.0
47.52,1625449482.0,64.0
48.35,1625449482.0,64.0
49.41,1625449482.0,64.0
50.43,1625449482.0,64.0
50.96,1625449482.0,64.0
50.63,1625449482.0,64.0
49.3,1625449482.0,64.0
47.08,1625449482.0,64.0
44.24,1625449482.0,64.0
41.02,1625449482.0,64.0
37.55,1625449482.0,64.0
33.82,1625449482.0,64.0
29.77,1625449482.0,64.0
25.41,1625449482.0,64.0
20.83,1625449482.0,64.0
16.24,1625449482.0,64.0
11.83,1625449482.0,64.0
7.7,1625449482.0,64.0
3.77,1625449482.0,64.0
-0.18,1625449482.0,64.0
-4.37,1625449482.0,64.0
-8.96,1625449482.0,64.0
-13.93,1625449482.0,64.0
-19.14,1625449482.0,64.0
-24.42,1625449482.0,64.0
-29.74,1625449482.0,64.0
-35.2,1625449482.0,64.0
-41.02,1625449482.0,64.0
-47.36,1625449482.0,64.0
-54.14,1625449482.0,64.0
-60.85,1625449482.0,64.0
-66.62,1625449482.0,64.0
-70.32,1625449482.0,64.0
-70.91,1625449482.0,64.0
-67.8,1625449482.0,64.0
-61.04,1625449482.0,64.0
-51.27,1625449482.0,64.0
-39.48,1625449482.0,64.0
-26.67,1625449482.0,64.0
-13.64,1625449482.0,64.0
-0.97,1625449482.0,64.0
10.85,1625449482.0,64.0
21.25,1625449482.0,64.0
29.61,1625449482.0,64.0
35.47,1625449482.0,64.0
38.74,1625449482.0,64.0
39.9,1625449482.0,64.0
39.86,1625449482.0,64.0
39.62,1625449482.0,64.0
39.89,1625449482.0,64.0
40.89,1625449482.0,64.0
42.3,1625449482.0,64.0
43.54,1625449482.0,64.0
44.03,1625449482.0,64.0
43.36,1625449482.0,64.0
41.46,1625449482.0,64.0
38.53,1625449482.0,64.0
34.92,1625449482.0,64.0
30.97,1625449482.0,64.0
26.91,1625449482.0,64.0
22.79,1625449482.0,64.0
18.51,1625449482.0,64.0
13.99,1625449482.0,64.0
9.2,1625449482.0,64.0
4.23,1625449482.0,64.0
-0.76,1625449482.0,64.0
-5.65,1625449482.0,64.0
-10.41,1625449482.0,64.0
-15.16,1625449482.0,64.0
-20.07,1625449482.0,64.0
-25.27,1625449482.0,64.0
-30.84,1625449482.0,64.0
-36.76,1625449482.0,64.0
-43.07,1625449482.0,64.0
-49.82,1625449482.0,64.0
-56.98,1625449482.0,64.0
-64.34,1625449482.0,64.0
-71.3,1625449482.0,64.0
-76.9,1625449482.0,64.0
-80.03,1625449482.0,64.0
-79.77,1625449482.0,64.0
-75.71,1625449482.0,64.0
-68.07,1625449482.0,64.0
-57.6,1625449482.0,64.0
-45.29,1625449482.0,64.0
-32.02,1625449482.0,64.0
-18.41,1625449482.0,64.0
-4.82,1625449482.0,64.0
8.36,1625449482.0,64.0
20.63,1625449482.0,64.0
31.29,1625449482.0,64.0
39.67,1625449482.0,64.0
45.4,1625449482.0,64.0
48.63,1625449482.0,64.0
50.06,1625449482.0,64.0
50.6,1625449482.0,64.0
51.09,1625449482.0,64.0
51.93,1625449482.0,64.0
53.03,1625449482.0,64.0
53.9,1625449482.0,64.0
53.97,1625449482.0,64.0
52.9,1625449482.0,64.0
50.63,1625449482.0,64.0
47.43,1625449482.0,64.0
43.64,1625449482.0,64.0
39.57,1625449482.0,64.0
35.36,1625449482.0,64.0
31.0,1625449482.0,64.0
26.41,1625449482.0,64.0
21.53,1625449482.0,64.0
16.37,1625449482.0,64.0
11.01,1625449482.0,64.0
5.57,1625449482.0,64.0
0.12,1625449482.0,64.0
-5.32,1625449482.0,64.0
-10.77,1625449482.0,64.0
-16.29,1625449482.0,64.0
-21.93,1625449482.0,64.0
-27.73,1625449482.0,64.0
-33.76,1625449482.0,64.0
-40.12,1625449482.0,64.0
-46.98,1625449482.0,64.0
-54.39,1625449482.0,64.0
-62.26,1625449482.0,64.0
-70.11,1625449482.0,64.0
-77.13,1625449482.0,64.0
-82.2,1625449482.0,64.0
-84.29,1625449482.0,64.0
-82.63,1625449482.0,64.0
-77.06,1625449482.0,64.0
-68.01,1625449482.0,64.0
-56.31,1625449482.0,64.0
-42.92,1625449482.0,64.0
-28.64,1625449482.0,64.0
-14.02,1625449482.0,64.0
0.58,1625449482.0,64.0
14.71,1625449482.0,64.0
27.74,1625449482.0,64.0
38.86,1625449482.0,64.0
47.39,1625449482.0,64.0
53.07,1625449482.0,64.0
56.17,1625449482.0,64.0
57.51,1625449482.0,64.0
58.06,1625449482.0,64.0
58.57,1625449482.0,64.0
59.33,1625449482.0,64.0
60.13,1625449482.0,64.0
60.5,1625449482.0,64.0
59.97,1625449482.0,64.0
58.35,1625449482.0,64.0
55.73,1625449482.0,64.0
52.39,1625449482.0,64.0
48.6,1625449482.0,64.0
44.51,1625449482.0,64.0
40.16,1625449482.0,64.0
35.49,1625449482.0,64.0
30.48,1625449482.0,64.0
25.19,1625449482.0,64.0
19.8,1625449482.0,64.0
14.45,1625449482.0,64.0
9.22,1625449482.0,64.0
4.08,1625449482.0,64.0
-1.11,1625449482.0,64.0
-6.47,1625449482.0,64.0
-12.06,1625449482.0,64.0
-17.86,1625449482.0,64.0
-23.8,1625449482.0,64.0
-29.81,1625449482.0,64.0
-35.98,1625449482.0,64.0
-42.44,1625449482.0,64.0
-49.4,1625449482.0,64.0
-56.89,1625449482.0,64.0
-64.65,1625449482.0,64.0
-72.07,1625449482.0,64.0
-78.17,1625449482.0,64.0
-81.87,1625449482.0,64.0
-82.25,1625449482.0,64.0
-78.83,1625449482.0,64.0
-71.66,1625449482.0,64.0
-61.31,1625449482.0,64.0
-48.66,1625449482.0,64.0
-34.59,1625449482.0,64.0
-19.88,1625449482.0,64.0
-5.1,1625449482.0,64.0
9.22,1625449482.0,64.0
22.47,1625449482.0,64.0
33.98,1625449482.0,64.0
43.16,1625449482.0,64.0
49.7,1625449482.0,64.0
53.77,1625449482.0,64.0
55.97,1625449482.0,64.0
57.09,1625449482.0,64.0
57.84,1625449482.0,64.0
58.59,1625449482.0,64.0
59.29,1625449482.0,64.0
59.65,1625449482.0,64.0
59.3,1625449482.0,64.0
57.99,1625449482.0,64.0
55.68,1625449482.0,64.0
52.51,1625449482.0,64.0
48.73,1625449482.0,64.0
44.52,1625449482.0,64.0
40.05,1625449482.0,64.0
35.41,1625449482.0,64.0
30.71,1625449482.0,64.0
26.07,1625449482.0,64.0
21.56,1625449482.0,64.0
17.2,1625449482.0,64.0
12.92,1625449482.0,64.0
8.55,1625449482.0,64.0
3.92,1625449482.0,64.0
-1.13,1625449482.0,64.0
-6.62,1625449482.0,64.0
-12.47,1625449482.0,64.0
-18.54,1625449482.0,64.0
-24.65,1625449482.0,64.0
-30.74,1625449482.0,64.0
-36.81,1625449482.0,64.0
-43.01,1625449482.0,64.0
-49.55,1625449482.0,64.0
-56.57,1625449482.0,64.0
-63.96,1625449482.0,64.0
-71.27,1625449482.0,64.0
-77.67,1625449482.0,64.0
-82.08,1625449482.0,64.0
-83.48,1625449482.0,64.0
-81.23,1625449482.0,64.0
-75.23,1625449482.0,64.0
-65.91,1625449482.0,64.0
-54.09,1625449482.0,64.0
-40.6,1625449482.0,64.0
-26.17,1625449482.0,64.0
-11.31,1625449482.0,64.0
3.47,1625449482.0,64.0
17.54,1625449482.0,64.0
30.06,1625449482.0,64.0
40.2,1625449482.0,64.0
47.41,1625449482.0,64.0
51.71,1625449482.0,64.0
53.73,1625449482.0,64.0
54.5,1625449482.0,64.0
54.97,1625449482.0,64.0
55.74,1625449482.0,64.0
56.82,1625449482.0,64.0
57.82,1625449482.0,64.0
58.22,1625449482.0,64.0
57.69,1625449482.0,64.0
56.16,1625449482.0,64.0
53.76,1625449482.0,64.0
50.69,1625449482.0,64.0
47.08,1625449482.0,64.0
43.0,1625449482.0,64.0
38.53,1625449482.0,64.0
33.78,1625449482.0,64.0
28.9,1625449482.0,64.0
24.02,1625449482.0,64.0
19.25,1625449482.0,64.0
14.57,1625449482.0,64.0
9.93,1625449482.0,64.0
5.22,1625449482.0,64.0
0.36,1625449482.0,64.0
-4.71,1625449482.0,64.0
-9.99,1625449482.0,64.0
-15.47,1625449482.0,64.0
-21.09,1625449482.0,64.0
-26.85,1625449482.0,64.0
-32.77,1625449482.0,64.0
-38.92,1625449482.0,64.0
-45.41,1625449482.0,64.0
-52.29,1625449482.0,64.0
-59.49,1625449482.0,64.0
-66.68,1625449482.0,64.0
-73.17,1625449482.0,64.0
-77.99,1625449482.0,64.0
-80.1,1625449482.0,64.0
-78.71,1625449482.0,64.0
-73.52,1625449482.0,64.0
-64.84,1625449482.0,64.0
-53.47,1625449482.0,64.0
-40.39,1625449482.0,64.0
-26.48,1625449482.0,64.0
-12.38,1625449482.0,64.0
1.42,1625449482.0,64.0
14.44,1625449482.0,64.0
26.05,1625449482.0,64.0
35.61,1625449482.0,64.0
42.63,1625449482.0,64.0
47.06,1625449482.0,64.0
49.35,1625449482.0,64.0
50.34,1625449482.0,64.0
50.9,1625449482.0,64.0
51.68,1625449482.0,64.0
52.8,1625449482.0,64.0
54.01,1625449482.0,64.0
54.8,1625449482.0,64.0
54.7,1625449482.0,64.0
53.46,1625449482.0,64.0
51.11,1625449482.0,64.0
47.89,1625449482.0,64.0
44.1,1625449482.0,64.0
39.97,1625449482.0,64.0
35.63,1625449482.0,64.0
31.13,1625449482.0,64.0
26.51,1625449482.0,64.0
21.86,1625449482.0,64.0
17.26,1625449482.0,64.0
12.79,1625449482.0,64.0
8.47,1625449482.0,64.0
4.23,1625449482.0,64.0
-0.04,1625449482.0,64.0
-4.44,1625449482.0,64.0
-9.05,1625449482.0,64.0
-13.89,1625449482.0,64.0
-18.96,1625449482.0,64.0
-24.22,1625449482.0,64.0
-29.64,1625449482.0,64.0
-35.25,1625449482.0,64.0
-41.09,1625449482.0,64.0
-47.27,1625449482.0,64.0
-53.79,1625449482.0,64.0
-60.45,1625449482.0,64.0
-66.69,1625449482.0,64.0
-71.62,1625449482.0,64.0
-74.14,1625449482.0,64.0
-73.38,1625449482.0,64.0
-68.91,1625449482.0,64.0
-60.94,1625449482.0,64.0
-50.21,1625449482.0,64.0
-37.67,1625449482.0,64.0
-24.25,1625449482.0,64.0
-10.69,1625449482.0,64.0
2.44,1625449482.0,64.0
14.58,1625449482.0,64.0
25.12,1625449482.0,64.0
33.49,1625449482.0,64.0
39.35,1625449482.0,64.0
42.78,1625449482.0,64.0
44.3,1625449482.0,64.0
44.71,1625449482.0,64.0
44.79,1625449482.0,64.0
45.11,1625449482.0,64.0
45.8,1625449482.0,64.0
46.67,1625449482.0,64.0
47.31,1625449482.0,64.0
47.27,1625449482.0,64.0
46.24,1625449482.0,64.0
44.08,1625449482.0,64.0
40.85,1625449482.0,64.0
36.82,1625449482.0,64.0
32.33,1625449482.0,64.0
27.78,1625449482.0,64.0
23.48,1625449482.0,64.0
19.6,1625449482.0,64.0
16.09,1625449482.0,64.0
12.68,1625449482.0,64.0
9.03,1625449482.0,64.0
4.85,1625449482.0,64.0
0.04,1625449482.0,64.0
-5.31,1625449482.0,64.0
-10.92,1625449482.0,64.0
-16.57,1625449482.0,64.0
-22.16,1625449482.0,64.0
-27.77,1625449482.0,64.0
-33.57,1625449482.0,64.0
-39.78,1625449482.0,64.0
-46.45,1625449482.0,64.0
-53.55,1625449482.0,64.0
-60.9,1625449482.0,64.0
-68.15,1625449482.0,64.0
-74.71,1625449482.0,64.0
-79.8,1625449482.0,64.0
-82.47,1625449482.0,64.0
-81.87,1625449482.0,64.0
-77.53,1625449482.0,64.0
-69.57,1625449482.0,64.0
-58.67,1625449482.0,64.0
-45.87,1625449482.0,64.0
-32.2,1625449482.0,64.0
-18.4,1625449482.0,64.0
-4.91,1625449482.0,64.0
8.0,1625449482.0,64.0
19.98,1625449482.0,64.0
30.53,1625449482.0,64.0
39.02,1625449482.0,64.0
45.06,1625449482.0,64.0
48.64,1625449482.0,64.0
50.28,1625449482.0,64.0
50.8,1625449482.0,64.0
50.99,1625449482.0,64.0
51.38,1625449482.0,64.0
52.01,1625449482.0,64.0
52.57,1625449482.0,64.0
52.59,1625449482.0,64.0
51.74,1625449482.0,64.0
49.87,1625449482.0,64.0
47.09,1625449482.0,64.0
43.62,1625449482.0,64.0
39.67,1625449482.0,64.0
35.38,1625449482.0,64.0
30.85,1625449482.0,64.0
26.14,1625449482.0,64.0
21.32,1625449482.0,64.0
16.51,1625449482.0,64.0
11.78,1625449482.0,64.0
7.16,1625449482.0,64.0
2.6,1625449482.0,64.0
-2.03,1625449482.0,64.0
-6.88,1625449482.0,64.0
-12.06,1625449482.0,64.0
-17.58,1625449482.0,64.0
-23.39,1625449482.0,64.0
-29.39,1625449482.0,64.0
-35.54,1625449482.0,64.0
-41.87,1625449482.0,64.0
-48.53,1625449482.0,64.0
-55.67,1625449482.0,64.0
-63.33,1625449482.0,64.0
-71.24,1625449482.0,64.0
-78.73,1625449482.0,64.0
-84.77,1625449482.0,64.0
-88.2,1625449482.0,64.0
-88.09,1625449482.0,64.0
-84.04,1625449482.0,64.0
-76.28,1625449482.0,64.0
-65.56,1625449482.0,64.0
-52.83,1625449482.0,64.0
-38.97,1625449482.0,64.0
-24.56,1625449482.0,64.0
-10.01,1625449482.0,64.0
4.31,1625449482.0,64.0
17.89,1625449482.0,64.0
30.03,1625449482.0,64.0
40.06,1625449482.0,64.0
47.55,1625449482.0,64.0
52.5,1625449482.0,64.0
55.37,1625449482.0,64.0
56.86,1625449482.0,64.0
57.67,1625449482.0,64.0
58.23,1625449482.0,64.0
58.64,1625449482.0,64.0
58.77,1625449482.0,64.0
58.38,1625449482.0,64.0
57.34,1625449482.0,64.0
55.59,1625449482.0,64.0
53.19,1625449482.0,64.0
50.21,1625449482.0,64.0
46.66,1625449482.0,64.0
42.56,1625449482.0,64.0
37.98,1625449482.0,64.0
33.1,1625449482.0,64.0
28.11,1625449482.0,64.0
23.19,1625449482.0,64.0
18.4,1625449482.0,64.0
13.65,1625449482.0,64.0
8.82,1625449482.0,64.0
3.8,1625449482.0,64.0
-1.38,1625449482.0,64.0
-6.63,1625449482.0,64.0
-11.88,1625449482.0,64.0
-17.12,1625449482.0,64.0
-22.47,1625449482.0,64.0
-28.09,1625449482.0,64.0
-34.11,1625449482.0,64.0
-40.55,1625449482.0,64.0
-47.41,1625449482.0,64.0
-54.69,1625449482.0,64.0
-62.37,1625449482.0,64.0
-70.27,1625449482.0,64.0
-77.87,1625449482.0,64.0
-84.28,1625449482.0,64.0
-88.33,1625449482.0,64.0
-88.95,1625449482.0,64.0
-85.55,1625449482.0,64.0
-78.24,1625449482.0,64.0
-67.75,1625449482.0,64.0
-55.1,1625449482.0,64.0
-41.22,1625449482.0,64.0
-26.75,1625449482.0,64.0
-12.07,1625449482.0,64.0
2.49,1625449482.0,64.0
16.41,1625449482.0,64.0
28.97,1625449482.0,64.0
39.4,1625449482.0,64.0
47.19,1625449482.0,64.0
52.31,1625449482.0,64.0
55.23,1625449482.0,64.0
56.72,1625449482.0,64.0
57.55,1625449482.0,64.0
58.23,1625449482.0,64.0
58.9,1625449482.0,64.0
59.38,1625449482.0,64.0
59.37,1625449482.0,64.0
58.61,1625449482.0,64.0
57.02,1625449482.0,64.0
54.64,1625449482.0,64.0
51.59,1625449482.0,64.0
47.96,1625449482.0,64.0
43.84,1625449482.0,64.0
39.28,1625449482.0,64.0
34.37,1625449482.0,64.0
29.31,1625449482.0,64.0
24.28,1625449482.0,64.0
19.48,1625449482.0,64.0
14.96,1625449482.0,64.0
10.66,1625449482.0,64.0
6.39,1625449482.0,64.0
1.92,1625449482.0,64.0
-2.88,1625449482.0,64.0
-8.06,1625449482.0,64.0
-13.52,1625449482.0,64.0
-19.12,1625449482.0,64.0
-24.76,1625449482.0,64.0
-30.42,1625449482.0,64.0
-36.23,1625449482.0,64.0
-42.37,1625449482.0,64.0
-49.05,1625449482.0,64.0
-56.34,1625449482.0,64.0
-64.09,1625449482.0,64.0
-71.84,1625449482.0,64.0
-78.81,1625449482.0,64.0
-84.02,1625449482.0,64.0
-86.52,1625449482.0,64.0
-85.56,1625449482.0,64.0
-80.9,1625449482.0,64.0
-72.8,1625449482.0,64.0
-61.96,1625449482.0,64.0
-49.26,1625449482.0,64.0
-35.44,1625449482.0,64.0
-21.06,1625449482.0,64.0
-6.51,1625449482.0,64.0
7.79,1625449482.0,64.0
21.21,1625449482.0,64.0
32.96,1625449482.0,64.0
42.29,1625449482.0,64.0
48.82,1625449482.0,64.0
52.7,1625449482.0,64.0
54.58,1625449482.0,64.0
55.33,1625449482.0,64.0
55.71,1625449482.0,64.0
56.09,1625449482.0,64.0
56.52,1625449482.0,64.0
56.78,1625449482.0,64.0
56.62,1625449482.0,64.0
55.88,1625449482.0,64.0
54.46,1625449482.0,64.0
52.34,1625449482.0,64.0
49.51,1625449482.0,64.0
46.01,1625449482.0,64.0
41.93,1625449482.0,64.0
37.45,1625449482.0,64.0
32.77,1625449482.0,64.0
28.06,1625449482.0,64.0
23.44,1625449482.0,64.0
18.96,1625449482.0,64.0
14.61,1625449482.0,64.0
10.34,1625449482.0,64.0
6.08,1625449482.0,64.0
1.74,1625449482.0,64.0
-2.81,1625449482.0,64.0
-7.63,1625449482.0,64.0
-12.76,1625449482.0,64.0
-18.16,1625449482.0,64.0
-23.73,1625449482.0,64.0
-29.42,1625449482.0,64.0
-35.25,1625449482.0,64.0
-41.36,1625449482.0,64.0
-47.93,1625449482.0,64.0
-55.07,1625449482.0,64.0
-62.6,1625449482.0,64.0
-69.9,1625449482.0,64.0
-75.97,1625449482.0,64.0
-79.62,1625449482.0,64.0
-79.79,1625449482.0,64.0
-75.93,1625449482.0,64.0
-68.22,1625449482.0,64.0
-57.42,1625449482.0,64.0
-44.65,1625449482.0,64.0
-30.99,1625449482.0,64.0
-17.24,1625449482.0,64.0
-3.85,1625449482.0,64.0
8.85,1625449482.0,64.0
20.51,1625449482.0,64.0
30.63,1625449482.0,64.0
38.69,1625449482.0,64.0
44.39,1625449482.0,64.0
47.83,1625449482.0,64.0
49.59,1625449482.0,64.0
50.48,1625449482.0,64.0
51.25,1625449482.0,64.0
52.3,1625449482.0,64.0
53.57,1625449482.0,64.0
54.67,1625449482.0,64.0
55.13,1625449482.0,64.0
54.59,1625449482.0,64.0
52.97,1625449482.0,64.0
50.42,1625449482.0,64.0
47.17,1625449482.0,64.0
43.45,1625449482.0,64.0
39.38,1625449482.0,64.0
35.03,1625449482.0,64.0
30.46,1625449482.0,64.0
25.75,1625449482.0,64.0
21.01,1625449482.0,64.0
16.35,1625449482.0,64.0
11.85,1625449482.0,64.0
7.53,1625449482.0,64.0
3.33,1625449482.0,64.0
-0.85,1625449482.0,64.0
-5.12,1625449482.0,64.0
-9.58,1625449482.0,64.0
-14.29,1625449482.0,64.0
-19.26,1625449482.0,64.0
-24.5,1625449482.0,64.0
-30.0,1625449482.0,64.0
-35.81,1625449482.0,64.0
-42.02,1625449482.0,64.0
-48.66,1625449482.0,64.0
-55.6,1625449482.0,64.0
-62.39,1625449482.0,64.0
-68.23,1625449482.0,64.0
-72.1,1625449482.0,64.0
-72.99,1625449482.0,64.0
-70.26,1625449482.0,64.0
-63.82,1625449482.0,64.0
-54.17,1625449482.0,64.0
-42.22,1625449482.0,64.0
-29.02,1625449482.0,64.0
-15.49,1625449482.0,64.0
-2.37,1625449482.0,64.0
9.74,1625449482.0,64.0
20.28,1625449482.0,64.0
28.72,1625449482.0,64.0
34.71,1625449482.0,64.0
38.28,1625449482.0,64.0
39.96,1625449482.0,64.0
40.62,1625449482.0,64.0
41.19,1625449482.0,64.0
42.26,1625449482.0,64.0
43.87,1625449482.0,64.0
45.58,1625449482.0,64.0
46.73,1625449482.0,64.0
46.81,1625449482.0,64.0
45.71,1625449482.0,64.0
43.63,1625449482.0,64.0
40.92,1625449482.0,64.0
37.83,1625449482.0,64.0
34.43,1625449482.0,64.0
30.63,1625449482.0,64.0
26.36,1625449482.0,64.0
21.71,1625449482.0,64.0
16.85,1625449482.0,64.0
12.01,1625449482.0,64.0
7.33,1625449482.0,64.0
2.81,1625449482.0,64.0
-1.62,1625449482.0,64.0
-6.07,1625449482.0,64.0
-10.65,1625449482.0,64.0
-15.41,1625449482.0,64.0
-20.4,1625449482.0,64.0
-25.67,1625449482.0,64.0
-31.31,1625449482.0,64.0
-37.39,1625449482.0,64.0
-43.96,1625449482.0,64.0
-50.95,1625449482.0,64.0
-58.14,1625449482.0,64.0
-65.05,1625449482.0,64.0
-70.9,1625449482.0,64.0
-74.76,1625449482.0,64.0
-75.75,1625449482.0,64.0
-73.31,1625449482.0,64.0
-67.41,1625449482.0,64.0
-58.5,1625449482.0,64.0
-47.35,1625449482.0,64.0
-34.78,1625449482.0,64.0
-21.45,1625449482.0,64.0
-7.91,1625449482.0,64.0
5.36,1625449482.0,64.0
17.79,1625449482.0,64.0
28.68,1625449482.0,64.0
37.38,1625449482.0,64.0
43.49,1625449482.0,64.0
47.08,1625449482.0,64.0
48.7,1625449482.0,64.0
49.19,1625449482.0,64.0
49.41,1625449482.0,64.0
49.9,1625449482.0,64.0
50.74,1625449482.0,64.0
51.64,1625449482.0,64.0
52.06,1625449482.0,64.0
51.54,1625449482.0,64.0
49.84,1625449482.0,64.0
46.99,1625449482.0,64.0
43.26,1625449482.0,64.0
38.96,1625449482.0,64.0
34.39,1625449482.0,64.0
29.73,1625449482.0,64.0
25.07,1625449482.0,64.0
20.41,1625449482.0,64.0
15.74,1625449482.0,64.0
11.03,1625449482.0,64.0
6.29,1625449482.0,64.0
1.5,1625449482.0,64.0
-3.32,1625449482.0,64.0
-8.22,1625449482.0,64.0
-13.29,1625449482.0,64.0
-18.69,1625449482.0,64.0
-24.53,1625449482.0,64.0
-30.88,1625449482.0,64.0
-37.73,1625449482.0,64.0
-44.99,1625449482.0,64.0
-52.56,1625449482.0,64.0
-60.29,1625449482.0,64.0
-67.93,1625449482.0,64.0
-74.94,1625449482.0,64.0
-80.53,1625449482.0,64.0
-83.65,1625449482.0,64.0
-83.38,1625449482.0,64.0
-79.23,1625449482.0,64.0
-71.34,1625449482.0,64.0
-60.48,1625449482.0,64.0
-47.68,1625449482.0,64.0
-33.92,1625449482.0,64.0
-19.84,1625449482.0,64.0
-5.8,1625449482.0,64.0
7.94,1625449482.0,64.0
20.93,1625449482.0,64.0
32.53,1625449482.0,64.0
42.02,1625449482.0,64.0
48.9,1625449482.0,64.0
53.17,1625449482.0,64.0
55.34,1625449482.0,64.0
56.21,1625449482.0,64.0
56.6,1625449482.0,64.0
57.04,1625449482.0,64.0
57.62,1625449482.0,64.0
58.05,1625449482.0,64.0
57.93,1625449482.0,64.0
56.91,1625449482.0,64.0
54.89,1625449482.0,64.0
51.95,1625449482.0,64.0
48.34,1625449482.0,64.0
44.27,1625449482.0,64.0
39.87,1625449482.0,64.0
35.19,1625449482.0,64.0
30.27,1625449482.0,64.0
25.17,1625449482.0,64.0
20.01,1625449482.0,64.0
14.88,1625449482.0,64.0
9.82,1625449482.0,64.0
4.78,1625449482.0,64.0
-0.31,1625449482.0,64.0
-5.53,1625449482.0,64.0
-10.86,1625449482.0,64.0
-16.31,1625449482.0,64.0
-21.9,1625449482.0,64.0
-27.71,1625449482.0,64.0
-33.84,1625449482.0,64.0
-40.37,1625449482.0,64.0
-47.34,1625449482.0,64.0
-54.69,1625449482.0,64.0
-62.27,1625449482.0,64.0
-69.81,1625449482.0,64.0
-76.82,1625449482.0,64.0
-82.52,1625449482.0,64.0
-85.92,1625449482.0,64.0
-86.08,1625449482.0,64.0
-82.4,1625449482.0,64.0
-74.93,1625449482.0,64.0
-64.31,1625449482.0,64.0
-51.57,1625449482.0,64.0
-37.72,1625449482.0,64.0
-23.49,1625449482.0,64.0
-9.29,1625449482.0,64.0
4.62,1625449482.0,64.0
17.84,1625449482.0,64.0
29.73,1625449482.0,64.0
39.55,1625449482.0,64.0
46.76,1625449482.0,64.0
51.29,1625449482.0,64.0
53.65,1625449482.0,64.0
54.69,1625449482.0,64.0
55.3,1625449482.0,64.0
56.05,1625449482.0,64.0
57.05,1625449482.0,64.0
57.98,1625449482.0,64.0
58.37,1625449482.0,64.0
57.8,1625449482.0,64.0
56.09,1625449482.0,64.0
53.3,1625449482.0,64.0
49.66,1625449482.0,64.0
45.45,1625449482.0,64.0
40.93,1625449482.0,64.0
36.3,1625449482.0,64.0
31.67,1625449482.0,64.0
27.12,1625449482.0,64.0
22.65,1625449482.0,64.0
18.24,1625449482.0,64.0
13.8,1625449482.0,64.0
9.22,1625449482.0,64.0
4.39,1625449482.0,64.0
-0.74,1625449482.0,64.0
-6.15,1625449482.0,64.0
-11.74,1625449482.0,64.0
-17.37,1625449482.0,64.0
-22.93,1625449482.0,64.0
-28.38,1625449482.0,64.0
-33.79,1625449482.0,64.0
-39.36,1625449482.0,64.0
-45.36,1625449482.0,64.0
-52.06,1625449482.0,64.0
-59.52,1625449482.0,64.0
-67.47,1625449482.0,64.0
-75.16,1625449482.0,64.0
-81.51,1625449482.0,64.0
-85.27,1625449482.0,64.0
-85.44,1625449482.0,64.0
-81.59,1625449482.0,64.0
-73.92,1625449482.0,64.0
-63.24,1625449482.0,64.0
-50.57,1625449482.0,64.0
-36.84,1625449482.0,64.0
-22.67,1625449482.0,64.0
-8.39,1625449482.0,64.0
5.69,1625449482.0,64.0
19.12,1625449482.0,64.0
31.19,1625449482.0,64.0
41.12,1625449482.0,64.0
48.32,1625449482.0,64.0
52.72,1625449482.0,64.0
54.8,1625449482.0,64.0
55.44,1625449482.0,64.0
55.6,1625449482.0,64.0
55.94,1625449482.0,64.0
56.64,1625449482.0,64.0
57.47,1625449482.0,64.0
57.99,1625449482.0,64.0
57.82,1625449482.0,64.0
56.77,1625449482.0,64.0
54.85,1625449482.0,64.0
52.2,1625449482.0,64.0
48.92,1625449482.0,64.0
45.08,1625449482.0,64.0
40.69,1625449482.0,64.0
35.85,1625449482.0,64.0
30.72,1625449482.0,64.0
25.57,1625449482.0,64.0
20.63,1625449482.0,64.0
16.04,1625449482.0,64.0
11.72,1625449482.0,64.0
7.44,1625449482.0,64.0
2.94,1625449482.0,64.0
-1.98,1625449482.0,64.0
-7.3,1625449482.0,64.0
-12.87,1625449482.0,64.0
-18.47,1625449482.0,64.0
-23.94,1625449482.0,64.0
-29.31,1625449482.0,64.0
-34.77,1625449482.0,64.0
-40.62,1625449482.0,64.0
-47.08,1625449482.0,64.0
-54.21,1625449482.0,64.0
-61.83,1625449482.0,64.0
-69.45,1625449482.0,64.0
-76.33,1625449482.0,64.0
-81.54,1625449482.0,64.0
-84.1,1625449482.0,64.0
-83.21,1625449482.0,64.0
-78.5,1625449482.0,64.0
-70.22,1625449482.0,64.0
-59.11,1625449482.0,64.0
-46.22,1625449482.0,64.0
-32.56,1625449482.0,64.0
-18.8,1625449482.0,64.0
-5.3,1625449482.0,64.0
7.78,1625449482.0,64.0
20.16,1625449482.0,64.0
31.32,1625449482.0,64.0
40.61,1625449482.0,64.0
47.47,1625449482.0,64.0
51.79,1625449482.0,64.0
53.97,1625449482.0,64.0
54.84,1625449482.0,64.0
55.27,1625449482.0,64.0
55.85,1625449482.0,64.0
56.69,1625449482.0,64.0
57.47,1625449482.0,64.0
57.67,1625449482.0,64.0
56.89,1625449482.0,64.0
55.03,1625449482.0,64.0
52.26,1625449482.0,64.0
48.89,1625449482.0,64.0
45.15,1625449482.0,64.0
41.15,1625449482.0,64.0
36.87,1625449482.0,64.0
32.3,1625449482.0,64.0
27.52,1625449482.0,64.0
22.71,1625449482.0,64.0
18.07,1625449482.0,64.0
13.7,1625449482.0,64.0
9.52,1625449482.0,64.0
5.3,1625449482.0,64.0
0.8,1625449482.0,64.0
-4.1,1625449482.0,64.0
-9.36,1625449482.0,64.0
-14.77,1625449482.0,64.0
-20.13,1625449482.0,64.0
-25.33,1625449482.0,64.0
-30.38,1625449482.0,64.0
-35.49,1625449482.0,64.0
-40.9,1625449482.0,64.0
-46.84,1625449482.0,64.0
-53.41,1625449482.0,64.0
-60.44,1625449482.0,64.0
-67.45,1625449482.0,64.0
-73.64,1625449482.0,64.0
-78.02,1625449482.0,64.0
-79.62,1625449482.0,64.0
-77.76,1625449482.0,64.0
-72.24,1625449482.0,64.0
-63.42,1625449482.0,64.0
-52.07,1625449482.0,64.0
-39.12,1625449482.0,64.0
-25.47,1625449482.0,64.0
-11.79,1625449482.0,64.0
1.39,1625449482.0,64.0
13.62,1625449482.0,64.0
24.39,1625449482.0,64.0
33.22,1625449482.0,64.0
39.72,1625449482.0,64.0
43.85,1625449482.0,64.0
45.99,1625449482.0,64.0
46.86,1625449482.0,64.0
47.31,1625449482.0,64.0
48.01,1625449482.0,64.0
49.19,1625449482.0,64.0
50.6,1625449482.0,64.0
51.69,1625449482.0,64.0
51.89,1625449482.0,64.0
50.84,1625449482.0,64.0
48.54,1625449482.0,64.0
45.27,1625449482.0,64.0
41.41,1625449482.0,64.0
37.29,1625449482.0,64.0
33.14,1625449482.0,64.0
29.04,1625449482.0,64.0
25.02,1625449482.0,64.0
21.07,1625449482.0,64.0
17.2,1625449482.0,64.0
13.34,1625449482.0,64.0
9.4,1625449482.0,64.0
5.27,1625449482.0,64.0
0.89,1625449482.0,64.0
-3.77,1625449482.0,64.0
-8.68,1625449482.0,64.0
-13.81,1625449482.0,64.0
-19.09,1625449482.0,64.0
-24.44,1625449482.0,64.0
-29.8,1625449482.0,64.0
-35.15,1625449482.0,64.0
-40.57,1625449482.0,64.0
-46.22,1625449482.0,64.0
-52.2,1625449482.0,64.0
-58.34,1625449482.0,64.0
-64.09,1625449482.0,64.0
-68.48,1625449482.0,64.0
-70.42,1625449482.0,64.0
-68.98,1625449482.0,64.0
-63.83,1625449482.0,64.0
-55.36,1625449482.0,64.0
-44.48,1625449482.0,64.0
-32.3,1625449482.0,64.0
-19.75,1625449482.0,64.0
-7.45,1625449482.0,64.0
4.24,1625449482.0,64.0
14.93,1625449482.0,64.0
24.12,1625449482.0,64.0
31.24,1625449482.0,64.0
35.9,1625449482.0,64.0
38.2,1625449482.0,64.0
38.79,1625449482.0,64.0
38.7,1625449482.0,64.0
38.85,1625449482.0,64.0
39.75,1625449482.0,64.0
41.29,1625449482.0,64.0
42.87,1625449482.0,64.0
43.75,1625449482.0,64.0
43.41,1625449482.0,64.0
41.74,1625449482.0,64.0
38.99,1625449482.0,64.0
35.64,1625449482.0,64.0
32.07,1625449482.0,64.0
28.51,1625449482.0,64.0
24.93,1625449482.0,64.0
21.17,1625449482.0,64.0
17.03,1625449482.0,64.0
12.45,1625449482.0,64.0
7.51,1625449482.0,64.0
2.41,1625449482.0,64.0
-2.57,1625449482.0,64.0
-7.27,1625449482.0,64.0
-11.68,1625449482.0,64.0
-15.97,1625449482.0,64.0
-20.4,1625449482.0,64.0
-25.24,1625449482.0,64.0
-30.61,1625449482.0,64.0
-36.54,1625449482.0,64.0
-42.94,1625449482.0,64.0
-49.72,1625449482.0,64.0
-56.77,1625449482.0,64.0
-63.8,1625449482.0,64.0
-70.27,1625449482.0,64.0
-75.33,1625449482.0,64.0
-77.95,1625449482.0,64.0
-77.22,1625449482.0,64.0
-72.71,1625449482.0,64.0
-64.64,1625449482.0,64.0
-53.83,1625449482.0,64.0
-41.38,1625449482.0,64.0
-28.25,1625449482.0,64.0
-15.01,1625449482.0,64.0
-1.94,1625449482.0,64.0
10.77,1625449482.0,64.0
22.68,1625449482.0,64.0
33.1,1625449482.0,64.0
41.24,1625449482.0,64.0
46.64,1625449482.0,64.0
49.45,1625449482.0,64.0
50.41,1625449482.0,64.0
50.56,1625449482.0,64.0
50.8,1625449482.0,64.0
51.53,1625449482.0,64.0
52.57,1625449482.0,64.0
53.39,1625449482.0,64.0
53.41,1625449482.0,64.0
52.33,1625449482.0,64.0
50.12,1625449482.0,64.0
47.05,1625449482.0,64.0
43.4,1625449482.0,64.0
39.42,1625449482.0,64.0
35.19,1625449482.0,64.0
30.72,1625449482.0,64.0
26.02,1625449482.0,64.0
21.08,1625449482.0,64.0
15.97,1625449482.0,64.0
10.75,1625449482.0,64.0
5.49,1625449482.0,64.0
0.24,1625449482.0,64.0
-4.98,1625449482.0,64.0
-10.18,1625449482.0,64.0
-15.4,1625449482.0,64.0
-20.72,1625449482.0,64.0
-26.24,1625449482.0,64.0
-32.04,1625449482.0,64.0
-38.14,1625449482.0,64.0
-44.55,1625449482.0,64.0
-51.28,1625449482.0,64.0
-58.36,1625449482.0,64.0
-65.69,1625449482.0,64.0
-72.9,1625449482.0,64.0
-79.23,1625449482.0,64.0
-83.64,1625449482.0,64.0
-85.05,1625449482.0,64.0
-82.68,1625449482.0,64.0
-76.41,1625449482.0,64.0
-66.78,1625449482.0,64.0
-54.73,1625449482.0,64.0
-41.27,1625449482.0,64.0
-27.13,1625449482.0,64.0
-12.69,1625449482.0,64.0
1.81,1625449482.0,64.0
16.0,1625449482.0,64.0
29.21,1625449482.0,64.0
40.56,1625449482.0,64.0
49.28,1625449482.0,64.0
55.02,1625449482.0,64.0
58.05,1625449482.0,64.0
59.11,1625449482.0,64.0
59.12,1625449482.0,64.0
58.82,1625449482.0,64.0
58.59,1625449482.0,64.0
58.39,1625449482.0,64.0
57.97,1625449482.0,64.0
57.08,1625449482.0,64.0
55.62,1625449482.0,64.0
53.62,1625449482.0,64.0
51.15,1625449482.0,64.0
48.21,1625449482.0,64.0
44.74,1625449482.0,64.0
40.65,1625449482.0,64.0
35.94,1625449482.0,64.0
30.76,1625449482.0,64.0
25.35,1625449482.0,64.0
20.0,1625449482.0,64.0
14.93,1625449482.0,64.0
10.15,1625449482.0,64.0
5.57,1625449482.0,64.0
0.95,1625449482.0,64.0
-3.9,1625449482.0,64.0
-9.04,1625449482.0,64.0
-14.41,1625449482.0,64.0
-19.87,1625449482.0,64.0
-25.31,1625449482.0,64.0
-30.78,1625449482.0,64.0
-36.43,1625449482.0,64.0
-42.51,1625449482.0,64.0
-49.23,1625449482.0,64.0
-56.6,1625449482.0,64.0
-64.38,1625449482.0,64.0
-72.03,1625449482.0,64.0
-78.75,1625449482.0,64.0
-83.59,1625449482.0,64.0
-85.57,1625449482.0,64.0
-84.0,1625449482.0,64.0
-78.61,1625449482.0,64.0
-69.72,1625449482.0,64.0
-58.1,1625449482.0,64.0
-44.73,1625449482.0,64.0
-30.52,1625449482.0,64.0
-16.13,1625449482.0,64.0
-1.96,1625449482.0,64.0
11.59,1625449482.0,64.0
24.03,1625449482.0,64.0
34.72,1625449482.0,64.0
43.11,1625449482.0,64.0
48.96,1625449482.0,64.0
52.54,1625449482.0,64.0
54.53,1625449482.0,64.0
55.76,1625449482.0,64.0
56.85,1625449482.0,64.0
57.96,1625449482.0,64.0
58.89,1625449482.0,64.0
59.24,1625449482.0,64.0
58.7,1625449482.0,64.0
57.23,1625449482.0,64.0
55.02,1625449482.0,64.0
52.36,1625449482.0,64.0
49.42,1625449482.0,64.0
46.26,1625449482.0,64.0
42.79,1625449482.0,64.0
38.94,1625449482.0,64.0
34.73,1625449482.0,64.0
30.3,1625449482.0,64.0
25.86,1625449482.0,64.0
21.53,1625449482.0,64.0
17.32,1625449482.0,64.0
13.06,1625449482.0,64.0
8.54,1625449482.0,64.0
3.65,1625449482.0,64.0
-1.6,1625449482.0,64.0
-7.01,1625449482.0,64.0
-12.39,1625449482.0,64.0
-17.63,1625449482.0,64.0
-22.82,1625449482.0,64.0
-28.18,1625449482.0,64.0
-33.96,1625449482.0,64.0
-40.38,1625449482.0,64.0
-47.49,1625449482.0,64.0
-55.25,1625449482.0,64.0
-63.4,1625449482.0,64.0
-71.51,1625449482.0,64.0
-78.83,1625449482.0,64.0
-84.35,1625449482.0,64.0
-86.99,1625449482.0,64.0
-85.91,1625449482.0,64.0
-80.78,1625449482.0,64.0
-71.97,1625449482.0,64.0
-60.35,1625449482.0,64.0
-46.97,1625449482.0,64.0
-32.74,1625449482.0,64.0
-18.23,1625449482.0,64.0
-3.8,1625449482.0,64.0
10.18,1625449482.0,64.0
23.11,1625449482.0,64.0
34.26,1625449482.0,64.0
42.94,1625449482.0,64.0
48.85,1625449482.0,64.0
52.25,1625449482.0,64.0
53.82,1625449482.0,64.0
54.43,1625449482.0,64.0
54.75,1625449482.0,64.0
55.12,1625449482.0,64.0
55.45,1625449482.0,64.0
55.48,1625449482.0,64.0
54.91,1625449482.0,64.0
53.55,1625449482.0,64.0
51.43,1625449482.0,64.0
48.7,1625449482.0,64.0
45.53,1625449482.0,64.0
42.09,1625449482.0,64.0
38.49,1625449482.0,64.0
34.74,1625449482.0,64.0
30.81,1625449482.0,64.0
26.69,1625449482.0,64.0
22.41,1625449482.0,64.0
18.1,1625449482.0,64.0
13.91,1625449482.0,64.0
9.92,1625449482.0,64.0
6.08,1625449482.0,64.0
2.2,1625449482.0,64.0
-1.95,1625449482.0,64.0
-6.54,1625449482.0,64.0
-11.56,1625449482.0,64.0
-16.86,1625449482.0,64.0
-22.17,1625449482.0,64.0
-27.33,1625449482.0,64.0
-32.32,1625449482.0,64.0
-37.3,1625449482.0,64.0
-42.5,1625449482.0,64.0
-48.14,1625449482.0,64.0
-54.25,1625449482.0,64.0
-60.56,1625449482.0,64.0
-66.44,1625449482.0,64.0
-71.0,1625449482.0,64.0
-73.21,1625449482.0,64.0
-72.24,1625449482.0,64.0
-67.69,1625449482.0,64.0
-59.77,1625449482.0,64.0
-49.2,1625449482.0,64.0
-36.96,1625449482.0,64.0
-23.95,1625449482.0,64.0
-10.84,1625449482.0,64.0
1.95,1625449482.0,64.0
14.03,1625449482.0,64.0
24.9,1625449482.0,64.0
33.9,1625449482.0,64.0
40.46,1625449482.0,64.0
44.39,1625449482.0,64.0
46.02,1625449482.0,64.0
46.23,1625449482.0,64.0
46.0,1625449482.0,64.0
46.14,1625449482.0,64.0
46.88,1625449482.0,64.0
47.96,1625449482.0,64.0
48.74,1625449482.0,64.0
48.61,1625449482.0,64.0
47.21,1625449482.0,64.0
44.54,1625449482.0,64.0
40.92,1625449482.0,64.0
36.74,1625449482.0,64.0
32.37,1625449482.0,64.0
28.03,1625449482.0,64.0
23.77,1625449482.0,64.0
19.6,1625449482.0,64.0
15.46,1625449482.0,64.0
11.29,1625449482.0,64.0
6.99,1625449482.0,64.0
2.48,1625449482.0,64.0
-2.28,1625449482.0,64.0
-7.27,1625449482.0,64.0
-12.38,1625449482.0,64.0
-17.47,1625449482.0,64.0
-22.43,1625449482.0,64.0
-27.3,1625449482.0,64.0
-32.21,1625449482.0,64.0
-37.39,1625449482.0,64.0
-43.07,1625449482.0,64.0
-49.41,1625449482.0,64.0
-56.36,1625449482.0,64.0
-63.61,1625449482.0,64.0
-70.47,1625449482.0,64.0
-75.98,1625449482.0,64.0
-79.04,1625449482.0,64.0
-78.74,1625449482.0,64.0
-74.64,1625449482.0,64.0
-66.91,1625449482.0,64.0
-56.22,1625449482.0,64.0
-43.53,1625449482.0,64.0
-29.7,1625449482.0,64.0
-15.38,1625449482.0,64.0
-1.04,1625449482.0,64.0
12.87,1625449482.0,64.0
25.73,1625449482.0,64.0
36.83,1625449482.0,64.0
45.51,1625449482.0,64.0
51.47,1625449482.0,64.0
54.96,1625449482.0,64.0
56.74,1625449482.0,64.0
57.73,1625449482.0,64.0
58.71,1625449482.0,64.0
60.02,1625449482.0,64.0
61.52,1625449482.0,64.0
62.71,1625449482.0,64.0
63.12,1625449482.0,64.0
62.52,1625449482.0,64.0
60.98,1625449482.0,64.0
58.83,1625449482.0,64.0
56.35,1625449482.0,64.0
53.71,1625449482.0,64.0
50.83,1625449482.0,64.0
47.53,1625449482.0,64.0
43.73,1625449482.0,64.0
39.53,1625449482.0,64.0
35.21,1625449482.0,64.0
31.12,1625449482.0,64.0
27.51,1625449482.0,64.0
24.39,1625449482.0,64.0
21.51,1625449482.0,64.0
18.55,1625449482.0,64.0
15.21,1625449482.0,64.0
11.42,1625449482.0,64.0
7.28,1625449482.0,64.0
3.03,1625449482.0,64.0
-1.11,1625449482.0,64.0
-5.06,1625449482.0,64.0
-8.92,1625449482.0,64.0
-12.85,1625449482.0,64.0
-16.98,1625449482.0,64.0
-21.34,1625449482.0,64.0
-25.79,1625449482.0,64.0
-30.11,1625449482.0,64.0
-34.09,1625449482.0,64.0
-37.68,1625449482.0,64.0
-41.0,1625449482.0,64.0
-44.35,1625449482.0,64.0
-48.08,1625449482.0,64.0
-52.51,1625449482.0,64.0
-57.8,1625449482.0,64.0
-63.91,1625449482.0,64.0
-70.61,1625449482.0,64.0
-77.42,1625449482.0,64.0
-83.61,1625449482.0,64.0
-88.24,1625449482.0,64.0
-90.33,1625449482.0,64.0
-89.06,1625449482.0,64.0
-84.1,1625449482.0,64.0
-75.67,1625449482.0,64.0
-64.52,1625449482.0,64.0
-51.62,1625449482.0,64.0
-37.82,1625449482.0,64.0
-23.65,1625449482.0,64.0
-9.34,1625449482.0,64.0
4.93,1625449482.0,64.0
18.77,1625449482.0,64.0
31.44,1625449482.0,64.0
42.05,1625449482.0,64.0
49.93,1625449482.0,64.0
54.93,1625449482.0,64.0
57.54,1625449482.0,64.0
58.7,1625449482.0,64.0
59.33,1625449482.0,64.0
60.04,1625449482.0,64.0
60.92,1625449482.0,64.0
61.65,1625449482.0,64.0
61.8,1625449482.0,64.0
61.12,1625449482.0,64.0
59.58,1625449482.0,64.0
57.36,1625449482.0,64.0
54.66,1625449482.0,64.0
51.52,1625449482.0,64.0
47.87,1625449482.0,64.0
43.6,1625449482.0,64.0
38.69,1625449482.0,64.0
33.34,1625449482.0,64.0
27.86,1625449482.0,64.0
22.62,1625449482.0,64.0
17.86,1625449482.0,64.0
13.58,1625449482.0,64.0
9.58,1625449482.0,64.0
5.52,1625449482.0,64.0
1.1,1625449482.0,64.0
-3.84,1625449482.0,64.0
-9.25,1625449482.0,64.0
-14.89,1625449482.0,64.0
-20.5,1625449482.0,64.0
-25.88,1625449482.0,64.0
-31.01,1625449482.0,64.0
-36.09,1625449482.0,64.0
-41.42,1625449482.0,64.0
-47.33,1625449482.0,64.0
-54.0,1625449482.0,64.0
-61.38,1625449482.0,64.0
-69.12,1625449482.0,64.0
-76.51,1625449482.0,64.0
-82.61,1625449482.0,64.0
-86.39,1625449482.0,64.0
-86.93,1625449482.0,64.0
-83.7,1625449482.0,64.0
-76.75,1625449482.0,64.0
-66.66,1625449482.0,64.0
-54.38,1625449482.0,64.0
-40.91,1625449482.0,64.0
-27.06,1625449482.0,64.0
-13.29,1625449482.0,64.0
0.12,1625449482.0,64.0
12.88,1625449482.0,64.0
24.51,1625449482.0,64.0
34.36,1625449482.0,64.0
41.88,1625449482.0,64.0
46.87,1625449482.0,64.0
49.7,1625449482.0,64.0
51.14,1625449482.0,64.0
52.06,1625449482.0,64.0
53.09,1625449482.0,64.0
54.36,1625449482.0,64.0
55.6,1625449482.0,64.0
56.34,1625449482.0,64.0
56.24,1625449482.0,64.0
55.19,1625449482.0,64.0
53.37,1625449482.0,64.0
51.0,1625449482.0,64.0
48.24,1625449482.0,64.0
45.14,1625449482.0,64.0
41.59,1625449482.0,64.0
37.54,1625449482.0,64.0
32.99,1625449482.0,64.0
28.1,1625449482.0,64.0
23.16,1625449482.0,64.0
18.46,1625449482.0,64.0
14.22,1625449482.0,64.0
10.44,1625449482.0,64.0
6.94,1625449482.0,64.0
3.36,1625449482.0,64.0
-0.65,1625449482.0,64.0
-5.27,1625449482.0,64.0
-10.46,1625449482.0,64.0
-15.93,1625449482.0,64.0
-21.34,1625449482.0,64.0
-26.46,1625449482.0,64.0
-31.29,1625449482.0,64.0
-36.03,1625449482.0,64.0
-41.01,1625449482.0,64.0
-46.51,1625449482.0,64.0
-52.71,1625449482.0,64.0
-59.59,1625449482.0,64.0
-66.91,1625449482.0,64.0
-74.23,1625449482.0,64.0
-80.84,1625449482.0,64.0
-85.84,1625449482.0,64.0
-88.34,1625449482.0,64.0
-87.62,1625449482.0,64.0
-83.4,1625449482.0,64.0
-75.89,1625449482.0,64.0
-65.77,1625449482.0,64.0
-53.83,1625449482.0,64.0
-40.82,1625449482.0,64.0
-27.23,1625449482.0,64.0
-13.36,1625449482.0,64.0
0.5,1625449482.0,64.0
13.82,1625449482.0,64.0
25.88,1625449482.0,64.0
35.91,1625449482.0,64.0
43.39,1625449482.0,64.0
48.32,1625449482.0,64.0
51.2,1625449482.0,64.0
52.88,1625449482.0,64.0
54.15,1625449482.0,64.0
55.47,1625449482.0,64.0
56.84,1625449482.0,64.0
57.92,1625449482.0,64.0
58.37,1625449482.0,64.0
58.0,1625449482.0,64.0
56.9,1625449482.0,64.0
55.24,1625449482.0,64.0
53.14,1625449482.0,64.0
50.57,1625449482.0,64.0
47.37,1625449482.0,64.0
43.42,1625449482.0,64.0
38.79,1625449482.0,64.0
33.73,1625449482.0,64.0
28.65,1625449482.0,64.0
23.89,1625449482.0,64.0
19.64,1625449482.0,64.0
15.89,1625449482.0,64.0
12.41,1625449482.0,64.0
8.91,1625449482.0,64.0
5.09,1625449482.0,64.0
0.74,1625449482.0,64.0
-4.19,1625449482.0,64.0
-9.6,1625449482.0,64.0
-15.25,1625449482.0,64.0
-20.86,1625449482.0,64.0
-26.22,1625449482.0,64.0
-31.34,1625449482.0,64.0
-36.41,1625449482.0,64.0
-41.77,1625449482.0,64.0
-47.76,1625449482.0,64.0
-54.56,1625449482.0,64.0
-62.08,1625449482.0,64.0
-69.87,1625449482.0,64.0
-77.18,1625449482.0,64.0
-83.06,1625449482.0,64.0
-86.52,1625449482.0,64.0
-86.81,1625449482.0,64.0
-83.56,1625449482.0,64.0
-76.85,1625449482.0,64.0
-67.22,1625449482.0,64.0
-55.45,1625449482.0,64.0
-42.36,1625449482.0,64.0
-28.7,1625449482.0,64.0
-15.0,1625449482.0,64.0
-1.75,1625449482.0,64.0
10.58,1625449482.0,64.0
21.42,1625449482.0,64.0
30.25,1625449482.0,64.0
36.79,1625449482.0,64.0
41.12,1625449482.0,64.0
43.79,1625449482.0,64.0
45.56,1625449482.0,64.0
47.15,1625449482.0,64.0
48.92,1625449482.0,64.0
50.81,1625449482.0,64.0
52.45,1625449482.0,64.0
53.39,1625449482.0,64.0
53.39,1625449482.0,64.0
52.47,1625449482.0,64.0
50.83,1625449482.0,64.0
48.64,1625449482.0,64.0
45.97,1625449482.0,64.0
42.74,1625449482.0,64.0
38.88,1625449482.0,64.0
34.49,1625449482.0,64.0
29.81,1625449482.0,64.0
25.18,1625449482.0,64.0
20.88,1625449482.0,64.0
17.03,1625449482.0,64.0
13.57,1625449482.0,64.0
10.24,1625449482.0,64.0
6.78,1625449482.0,64.0
2.94,1625449482.0,64.0
-1.37,1625449482.0,64.0
-6.1,1625449482.0,64.0
-11.11,1625449482.0,64.0
-16.21,1625449482.0,64.0
-21.28,1625449482.0,64.0
-26.31,1625449482.0,64.0
-31.38,1625449482.0,64.0
-36.68,1625449482.0,64.0
-42.36,1625449482.0,64.0
-48.52,1625449482.0,64.0
-55.08,1625449482.0,64.0
-61.73,1625449482.0,64.0
-67.83,1625449482.0,64.0
-72.47,1625449482.0,64.0
-74.62,1625449482.0,64.0
-73.46,1625449482.0,64.0
-68.64,1625449482.0,64.0
-60.4,1625449482.0,64.0
-49.55,1625449482.0,64.0
-37.16,1625449482.0,64.0
-24.25,1625449482.0,64.0
-11.59,1625449482.0,64.0
0.27,1625449482.0,64.0
10.91,1625449482.0,64.0
19.94,1625449482.0,64.0
27.0,1625449482.0,64.0
31.93,1625449482.0,64.0
34.91,1625449482.0,64.0
36.5,1625449482.0,64.0
37.45,1625449482.0,64.0
38.48,1625449482.0,64.0
39.94,1625449482.0,64.0
41.79,1625449482.0,64.0
43.65,1625449482.0,64.0
44.97,1625449482.0,64.0
45.3,1625449482.0,64.0
44.41,1625449482.0,64.0
42.35,1625449482.0,64.0
39.33,1625449482.0,64.0
35.62,1625449482.0,64.0
31.51,1625449482.0,64.0
27.18,1625449482.0,64.0
22.78,1625449482.0,64.0
18.36,1625449482.0,64.0
13.95,1625449482.0,64.0
9.56,1625449482.0,64.0
5.2,1625449482.0,64.0
0.91,1625449482.0,64.0
-3.29,1625449482.0,64.0
-7.4,1625449482.0,64.0
-11.56,1625449482.0,64.0
-15.93,1625449482.0,64.0
-20.7,1625449482.0,64.0
-25.97,1625449482.0,64.0
-31.74,1625449482.0,64.0
-37.9,1625449482.0,64.0
-44.34,1625449482.0,64.0
-51.01,1625449482.0,64.0
-57.83,1625449482.0,64.0
-64.57,1625449482.0,64.0
-70.68,1625449482.0,64.0
-75.32,1625449482.0,64.0
-77.49,1625449482.0,64.0
-76.38,1625449482.0,64.0
-71.64,1625449482.0,64.0
-63.59,1625449482.0,64.0
-53.0,1625449482.0,64.0
-40.84,1625449482.0,64.0
-27.95,1625449482.0,64.0
-14.88,1625449482.0,64.0
-1.99,1625449482.0,64.0
10.34,1625449482.0,64.0
21.59,1625449482.0,64.0
31.15,1625449482.0,64.0
38.47,1625449482.0,64.0
43.36,1625449482.0,64.0
46.08,1625449482.0,64.0
47.3,1625449482.0,64.0
47.83,1625449482.0,64.0
48.35,1625449482.0,64.0
49.17,1625449482.0,64.0
50.23,1625449482.0,64.0
51.16,1625449482.0,64.0
51.56,1625449482.0,64.0
51.11,1625449482.0,64.0
49.7,1625449482.0,64.0
47.38,1625449482.0,64.0
44.27,1625449482.0,64.0
40.53,1625449482.0,64.0
36.29,1625449482.0,64.0
31.64,1625449482.0,64.0
26.71,1625449482.0,64.0
21.6,1625449482.0,64.0
16.42,1625449482.0,64.0
11.26,1625449482.0,64.0
6.23,1625449482.0,64.0
1.38,1625449482.0,64.0
-3.28,1625449482.0,64.0
-7.84,1625449482.0,64.0
-12.49,1625449482.0,64.0
-17.5,1625449482.0,64.0
-23.08,1625449482.0,64.0
-29.33,1625449482.0,64.0
-36.22,1625449482.0,64.0
-43.57,1625449482.0,64.0
-51.14,1625449482.0,64.0
-58.66,1625449482.0,64.0
-65.73,1625449482.0,64.0
-71.78,1625449482.0,64.0
-76.03,1625449482.0,64.0
-77.63,1625449482.0,64.0
-75.92,1625449482.0,64.0
-70.67,1625449482.0,64.0
-62.17,1625449482.0,64.0
-51.16,1625449482.0,64.0
-38.59,1625449482.0,64.0
-25.34,1625449482.0,64.0
-12.06,1625449482.0,64.0
0.77,1625449482.0,64.0
12.75,1625449482.0,64.0
23.41,1625449482.0,64.0
32.23,1625449482.0,64.0
38.76,1625449482.0,64.0
42.82,1625449482.0,64.0
44.68,1625449482.0,64.0
45.02,1625449482.0,64.0
44.74,1625449482.0,64.0
44.61,1625449482.0,64.0
45.0,1625449482.0,64.0
45.77,1625449482.0,64.0
46.41,1625449482.0,64.0
46.34,1625449482.0,64.0
45.2,1625449482.0,64.0
43.03,1625449482.0,64.0
40.17,1625449482.0,64.0
37.09,1625449482.0,64.0
34.16,1625449482.0,64.0
31.48,1625449482.0,64.0
28.93,1625449482.0,64.0
26.24,1625449482.0,64.0
23.18,1625449482.0,64.0
19.67,1625449482.0,64.0
15.74,1625449482.0,64.0
11.55,1625449482.0,64.0
7.24,1625449482.0,64.0
2.86,1625449482.0,64.0
-1.62,1625449482.0,64.0
-6.31,1625449482.0,64.0
-11.34,1625449482.0,64.0
-16.79,1625449482.0,64.0
-22.67,1625449482.0,64.0
-28.97,1625449482.0,64.0
-35.63,1625449482.0,64.0
-42.59,1625449482.0,64.0
-49.68,1625449482.0,64.0
-56.48,1625449482.0,64.0
-62.27,1625449482.0,64.0
-66.14,1625449482.0,64.0
-67.21,1625449482.0,64.0
-64.93,1625449482.0,64.0
-59.24,1625449482.0,64.0
-50.59,1625449482.0,64.0
-39.69,1625449482.0,64.0
-27.34,1625449482.0,64.0
-14.22,1625449482.0,64.0
-0.91,1625449482.0,64.0
12.01,1625449482.0,64.0
23.83,1625449482.0,64.0
33.79,1625449482.0,64.0
41.27,1625449482.0,64.0
46.01,1625449482.0,64.0
48.28,1625449482.0,64.0
48.85,1625449482.0,64.0
48.68,1625449482.0,64.0
48.64,1625449482.0,64.0
49.16,1625449482.0,64.0
50.19,1625449482.0,64.0
51.22,1625449482.0,64.0
51.63,1625449482.0,64.0
50.95,1625449482.0,64.0
49.02,1625449482.0,64.0
46.04,1625449482.0,64.0
42.43,1625449482.0,64.0
38.61,1625449482.0,64.0
34.87,1625449482.0,64.0
31.28,1625449482.0,64.0
27.73,1625449482.0,64.0
24.1,1625449482.0,64.0
20.28,1625449482.0,64.0
16.3,1625449482.0,64.0
12.22,1625449482.0,64.0
8.12,1625449482.0,64.0
4.0,1625449482.0,64.0
-0.21,1625449482.0,64.0
-4.64,1625449482.0,64.0
-9.37,1625449482.0,64.0
-14.41,1625449482.0,64.0
-19.66,1625449482.0,64.0
-25.01,1625449482.0,64.0
-30.42,1625449482.0,64.0
-35.96,1625449482.0,64.0
-41.72,1625449482.0,64.0
-47.56,1625449482.0,64.0
-53.05,1625449482.0,64.0
-57.33,1625449482.0,64.0
-59.38,1625449482.0,64.0
-58.36,1625449482.0,64.0
-53.9,1625449482.0,64.0
-46.26,1625449482.0,64.0
-36.2,1625449482.0,64.0
-24.68,1625449482.0,64.0
-12.57,1625449482.0,64.0
-0.46,1625449482.0,64.0
11.16,1625449482.0,64.0
21.82,1625449482.0,64.0
30.92,1625449482.0,64.0
37.85,1625449482.0,64.0
42.21,1625449482.0,64.0
44.08,1625449482.0,64.0
44.09,1625449482.0,64.0
43.21,1625449482.0,64.0
42.32,1625449482.0,64.0
41.87,1625449482.0,64.0
41.73,1625449482.0,64.0
41.29,1625449482.0,64.0
39.92,1625449482.0,64.0
37.27,1625449482.0,64.0
33.56,1625449482.0,64.0
29.37,1625449482.0,64.0
25.45,1625449482.0,64.0
22.28,1625449482.0,64.0
19.97,1625449482.0,64.0
18.22,1625449482.0,64.0
16.56,1625449482.0,64.0
14.54,1625449482.0,64.0
11.92,1625449482.0,64.0
8.71,1625449482.0,64.0
5.06,1625449482.0,64.0
1.14,1625449482.0,64.0
-2.95,1625449482.0,64.0
-7.23,1625449482.0,64.0
-11.77,1625449482.0,64.0
-16.64,1625449482.0,64.0
-21.83,1625449482.0,64.0
-27.31,1625449482.0,64.0
-33.02,1625449482.0,64.0
-38.94,1625449482.0,64.0
-44.98,1625449482.0,64.0
-50.92,1625449482.0,64.0
-56.25,1625449482.0,64.0
-60.23,1625449482.0,64.0
-61.96,1625449482.0,64.0
-60.72,1625449482.0,64.0
-56.19,1625449482.0,64.0
-48.57,1625449482.0,64.0
-38.54,1625449482.0,64.0
-26.98,1625449482.0,64.0
-14.75,1625449482.0,64.0
-2.56,1625449482.0,64.0
8.98,1625449482.0,64.0
19.29,1625449482.0,64.0
27.78,1625449482.0,64.0
33.98,1625449482.0,64.0
37.74,1625449482.0,64.0
39.4,1625449482.0,64.0
39.73,1625449482.0,64.0
39.67,1625449482.0,64.0
39.98,1625449482.0,64.0
40.92,1625449482.0,64.0
42.22,1625449482.0,64.0
43.27,1625449482.0,64.0
43.47,1625449482.0,64.0
42.53,1625449482.0,64.0
40.54,1625449482.0,64.0
37.83,1625449482.0,64.0
34.7,1625449482.0,64.0
31.28,1625449482.0,64.0
27.48,1625449482.0,64.0
23.16,1625449482.0,64.0
18.29,1625449482.0,64.0
13.03,1625449482.0,64.0
7.72,1625449482.0,64.0
2.69,1625449482.0,64.0
-1.92,1625449482.0,64.0
-6.18,1625449482.0,64.0
-10.31,1625449482.0,64.0
-14.6,1625449482.0,64.0
-19.28,1625449482.0,64.0
-24.44,1625449482.0,64.0
-30.14,1625449482.0,64.0
-36.33,1625449482.0,64.0
-42.93,1625449482.0,64.0
-49.68,1625449482.0,64.0
-56.11,1625449482.0,64.0
-61.48,1625449482.0,64.0
-64.94,1625449482.0,64.0
-65.73,1625449482.0,64.0
-63.34,1625449482.0,64.0
-57.76,1625449482.0,64.0
-49.39,1625449482.0,64.0
-38.91,1625449482.0,64.0
-27.08,1625449482.0,64.0
-14.57,1625449482.0,64.0
-1.89,1625449482.0,64.0
10.44,1625449482.0,64.0
21.84,1625449482.0,64.0
31.6,1625449482.0,64.0
39.03,1625449482.0,64.0
43.75,1625449482.0,64.0
45.89,1625449482.0,64.0
46.16,1625449482.0,64.0
45.57,1625449482.0,64.0
45.09,1625449482.0,64.0
45.22,1625449482.0,64.0
45.85,1625449482.0,64.0
46.4,1625449482.0,64.0
46.15,1625449482.0,64.0
44.67,1625449482.0,64.0
41.92,1625449482.0,64.0
38.32,1625449482.0,64.0
34.4,1625449482.0,64.0
30.58,1625449482.0,64.0
26.94,1625449482.0,64.0
23.31,1625449482.0,64.0
19.35,1625449482.0,64.0
14.82,1625449482.0,64.0
9.67,1625449482.0,64.0
4.08,1625449482.0,64.0
-1.64,1625449482.0,64.0
-7.2,1625449482.0,64.0
-12.42,1625449482.0,64.0
-17.31,1625449482.0,64.0
-22.04,1625449482.0,64.0
-26.85,1625449482.0,64.0
-32.01,1625449482.0,64.0
-37.68,1625449482.0,64.0
-43.95,1625449482.0,64.0
-50.73,1625449482.0,64.0
-57.7,1625449482.0,64.0
-64.37,1625449482.0,64.0
-69.97,1625449482.0,64.0
-73.65,1625449482.0,64.0
-74.61,1625449482.0,64.0
-72.36,1625449482.0,64.0
-66.83,1625449482.0,64.0
-58.43,1625449482.0,64.0
-47.88,1625449482.0,64.0
-35.95,1625449482.0,64.0
-23.28,1625449482.0,64.0
-10.31,1625449482.0,64.0
2.63,1625449482.0,64.0
15.11,1625449482.0,64.0
26.55,1625449482.0,64.0
36.25,1625449482.0,64.0
43.62,1625449482.0,64.0
48.42,1625449482.0,64.0
50.9,1625449482.0,64.0
51.7,1625449482.0,64.0
51.65,1625449482.0,64.0
51.43,1625449482.0,64.0
51.36,1625449482.0,64.0
51.4,1625449482.0,64.0
51.27,1625449482.0,64.0
50.62,1625449482.0,64.0
49.24,1625449482.0,64.0
47.06,1625449482.0,64.0
44.15,1625449482.0,64.0
40.65,1625449482.0,64.0
36.67,1625449482.0,64.0
32.28,1625449482.0,64.0
27.55,1625449482.0,64.0
22.55,1625449482.0,64.0
17.36,1625449482.0,64.0
12.07,1625449482.0,64.0
6.75,1625449482.0,64.0
1.44,1625449482.0,64.0
-3.82,1625449482.0,64.0
-9.02,1625449482.0,64.0
-14.14,1625449482.0,64.0
-19.26,1625449482.0,64.0
-24.47,1625449482.0,64.0
-29.89,1625449482.0,64.0
-35.62,1625449482.0,64.0
-41.71,1625449482.0,64.0
-48.17,1625449482.0,64.0
-54.98,1625449482.0,64.0
-62.03,1625449482.0,64.0
-69.05,1625449482.0,64.0
-75.51,1625449482.0,64.0
-80.65,1625449482.0,64.0
-83.52,1625449482.0,64.0
-83.29,1625449482.0,64.0
-79.46,1625449482.0,64.0
-72.1,1625449482.0,64.0
-61.78,1625449482.0,64.0
-49.42,1625449482.0,64.0
-35.95,1625449482.0,64.0
-22.14,1625449482.0,64.0
-8.47,1625449482.0,64.0
4.71,1625449482.0,64.0
17.04,1625449482.0,64.0
28.04,1625449482.0,64.0
37.16,1625449482.0,64.0
44.01,1625449482.0,64.0
48.57,1625449482.0,64.0
51.22,1625449482.0,64.0
52.65,1625449482.0,64.0
53.53,1625449482.0,64.0
54.3,1625449482.0,64.0
54.96,1625449482.0,64.0
55.28,1625449482.0,64.0
54.9,1625449482.0,64.0
53.66,1625449482.0,64.0
51.63,1625449482.0,64.0
49.05,1625449482.0,64.0
46.17,1625449482.0,64.0
43.08,1625449482.0,64.0
39.67,1625449482.0,64.0
35.77,1625449482.0,64.0
31.31,1625449482.0,64.0
26.43,1625449482.0,64.0
21.47,1625449482.0,64.0
16.84,1625449482.0,64.0
12.75,1625449482.0,64.0
9.11,1625449482.0,64.0
5.53,1625449482.0,64.0
1.51,1625449482.0,64.0
-3.34,1625449482.0,64.0
-9.06,1625449482.0,64.0
-15.34,1625449482.0,64.0
-21.63,1625449482.0,64.0
-27.42,1625449482.0,64.0
-32.51,1625449482.0,64.0
-37.06,1625449482.0,64.0
-41.55,1625449482.0,64.0
-46.58,1625449482.0,64.0
-52.58,1625449482.0,64.0
-59.66,1625449482.0,64.0
-67.54,1625449482.0,64.0
-75.59,1625449482.0,64.0
-82.89,1625449482.0,64.0
-88.48,1625449482.0,64.0
-91.42,1625449482.0,64.0
-91.07,1625449482.0,64.0
-87.19,1625449482.0,64.0
-79.98,1625449482.0,64.0
-70.01,1625449482.0,64.0
-58.05,1625449482.0,64.0
-44.82,1625449482.0,64.0
-30.85,1625449482.0,64.0
-16.53,1625449482.0,64.0
-2.21,1625449482.0,64.0
11.62,1625449482.0,64.0
24.29,1625449482.0,64.0
35.09,1625449482.0,64.0
43.46,1625449482.0,64.0
49.21,1625449482.0,64.0
52.67,1625449482.0,64.0
54.5,1625449482.0,64.0
55.5,1625449482.0,64.0
56.34,1625449482.0,64.0
57.32,1625449482.0,64.0
58.36,1625449482.0,64.0
59.12,1625449482.0,64.0
59.25,1625449482.0,64.0
58.54,1625449482.0,64.0
57.0,1625449482.0,64.0
54.85,1625449482.0,64.0
52.32,1625449482.0,64.0
49.53,1625449482.0,64.0
46.43,1625449482.0,64.0
42.88,1625449482.0,64.0
38.81,1625449482.0,64.0
34.28,1625449482.0,64.0
29.57,1625449482.0,64.0
25.02,1625449482.0,64.0
20.91,1625449482.0,64.0
17.27,1625449482.0,64.0
13.95,1625449482.0,64.0
10.58,1625449482.0,64.0
6.78,1625449482.0,64.0
2.32,1625449482.0,64.0
-2.85,1625449482.0,64.0
-8.55,1625449482.0,64.0
-14.44,1625449482.0,64.0
-20.15,1625449482.0,64.0
-25.41,1625449482.0,64.0
-30.17,1625449482.0,64.0
-34.59,1625449482.0,64.0
-39.02,1625449482.0,64.0
-43.79,1625449482.0,64.0
-49.18,1625449482.0,64.0
-55.28,1625449482.0,64.0
-62.05,1625449482.0,64.0
-69.34,1625449482.0,64.0
-76.89,1625449482.0,64.0
-84.22,1625449482.0,64.0
-90.61,1625449482.0,64.0
-95.07,1625449482.0,64.0
-96.59,1625449482.0,64.0
-94.44,1625449482.0,64.0
-88.47,1625449482.0,64.0
-79.22,1625449482.0,64.0
-67.68,1625449482.0,64.0
-54.9,1625449482.0,64.0
-41.59,1625449482.0,64.0
-28.04,1625449482.0,64.0
-14.19,1625449482.0,64.0
-0.1,1625449482.0,64.0
13.78,1625449482.0,64.0
26.63,1625449482.0,64.0
37.44,1625449482.0,64.0
45.55,1625449482.0,64.0
50.92,1625449482.0,64.0
54.14,1625449482.0,64.0
56.19,1625449482.0,64.0
57.94,1625449482.0,64.0
59.84,1625449482.0,64.0
61.8,1625449482.0,64.0
63.4,1625449482.0,64.0
64.2,1625449482.0,64.0
64.02,1625449482.0,64.0
62.94,1625449482.0,64.0
61.25,1625449482.0,64.0
59.21,1625449482.0,64.0
56.92,1625449482.0,64.0
54.34,1625449482.0,64.0
51.33,1625449482.0,64.0
47.79,1625449482.0,64.0
43.73,1625449482.0,64.0
39.29,1625449482.0,64.0
34.67,1625449482.0,64.0
30.11,1625449482.0,64.0
25.79,1625449482.0,64.0
21.76,1625449482.0,64.0
17.96,1625449482.0,64.0
14.21,1625449482.0,64.0
10.3,1625449482.0,64.0
6.05,1625449482.0,64.0
1.39,1625449482.0,64.0
-3.62,1625449482.0,64.0
-8.8,1625449482.0,64.0
-14.01,1625449482.0,64.0
-19.12,1625449482.0,64.0
-24.09,1625449482.0,64.0
-28.91,1625449482.0,64.0
-33.63,1625449482.0,64.0
-38.37,1625449482.0,64.0
-43.31,1625449482.0,64.0
-48.69,1625449482.0,64.0
-54.77,1625449482.0,64.0
-61.65,1625449482.0,64.0
-69.13,1625449482.0,64.0
-76.7,1625449482.0,64.0
-83.51,1625449482.0,64.0
-88.58,1625449482.0,64.0
-91.03,1625449482.0,64.0
-90.26,1625449482.0,64.0
-86.15,1625449482.0,64.0
-78.97,1625449482.0,64.0
-69.32,1625449482.0,64.0
-57.89,1625449482.0,64.0
-45.28,1625449482.0,64.0
-31.98,1625449482.0,64.0
-18.35,1625449482.0,64.0
-4.75,1625449482.0,64.0
8.34,1625449482.0,64.0
20.31,1625449482.0,64.0
30.55,1625449482.0,64.0
38.6,1625449482.0,64.0
44.38,1625449482.0,64.0
48.18,1625449482.0,64.0
50.61,1625449482.0,64.0
52.33,1625449482.0,64.0
53.86,1625449482.0,64.0
55.39,1625449482.0,64.0
56.83,1625449482.0,64.0
57.87,1625449482.0,64.0
58.23,1625449482.0,64.0
57.76,1625449482.0,64.0
56.52,1625449482.0,64.0
54.67,1625449482.0,64.0
52.4,1625449482.0,64.0
49.75,1625449482.0,64.0
46.69,1625449482.0,64.0
43.12,1625449482.0,64.0
39.05,1625449482.0,64.0
34.64,1625449482.0,64.0
30.22,1625449482.0,64.0
26.1,1625449482.0,64.0
22.47,1625449482.0,64.0
19.25,1625449482.0,64.0
16.14,1625449482.0,64.0
12.74,1625449482.0,64.0
8.76,1625449482.0,64.0
4.14,1625449482.0,64.0
-0.95,1625449482.0,64.0
-6.2,1625449482.0,64.0
-11.35,1625449482.0,64.0
-16.32,1625449482.0,64.0
-21.16,1625449482.0,64.0
-26.03,1625449482.0,64.0
-31.14,1625449482.0,64.0
-36.61,1625449482.0,64.0
-42.54,1625449482.0,64.0
-48.96,1625449482.0,64.0
-55.79,1625449482.0,64.0
-62.75,1625449482.0,64.0
-69.27,1625449482.0,64.0
-74.51,1625449482.0,64.0
-77.53,1625449482.0,64.0
-77.54,1625449482.0,64.0
-74.17,1625449482.0,64.0
-67.58,1625449482.0,64.0
-58.4,1625449482.0,64.0
-47.45,1625449482.0,64.0
-35.51,1625449482.0,64.0
-23.13,1625449482.0,64.0
-10.67,1625449482.0,64.0
1.52,1625449482.0,64.0
12.99,1625449482.0,64.0
23.1,1625449482.0,64.0
31.26,1625449482.0,64.0
37.1,1625449482.0,64.0
40.76,1625449482.0,64.0
42.8,1625449482.0,64.0
44.03,1625449482.0,64.0
45.15,1625449482.0,64.0
46.47,1625449482.0,64.0
47.91,1625449482.0,64.0
49.12,1625449482.0,64.0
49.77,1625449482.0,64.0
49.73,1625449482.0,64.0
49.07,1625449482.0,64.0
47.89,1625449482.0,64.0
46.25,1625449482.0,64.0
44.04,1625449482.0,64.0
41.1,1625449482.0,64.0
37.38,1625449482.0,64.0
33.03,1625449482.0,64.0
28.37,1625449482.0,64.0
23.76,1625449482.0,64.0
19.41,1625449482.0,64.0
15.29,1625449482.0,64.0
11.19,1625449482.0,64.0
6.83,1625449482.0,64.0
2.02,1625449482.0,64.0
-3.2,1625449482.0,64.0
-8.68,1625449482.0,64.0
-14.12,1625449482.0,64.0
-19.29,1625449482.0,64.0
-24.1,1625449482.0,64.0
-28.67,1625449482.0,64.0
-33.28,1625449482.0,64.0
-38.3,1625449482.0,64.0
-44.1,1625449482.0,64.0
-50.86,1625449482.0,64.0
-58.53,1625449482.0,64.0
-66.71,1625449482.0,64.0
-74.64,1625449482.0,64.0
-81.32,1625449482.0,64.0
-85.67,1625449482.0,64.0
-86.78,1625449482.0,64.0
-84.14,1625449482.0,64.0
-77.85,1625449482.0,64.0
-68.5,1625449482.0,64.0
-57.01,1625449482.0,64.0
-44.35,1625449482.0,64.0
-31.24,1625449482.0,64.0
-18.09,1625449482.0,64.0
-5.12,1625449482.0,64.0
7.48,1625449482.0,64.0
19.35,1625449482.0,64.0
29.96,1625449482.0,64.0
38.75,1625449482.0,64.0
45.4,1625449482.0,64.0
49.97,1625449482.0,64.0
52.91,1625449482.0,64.0
54.85,1625449482.0,64.0
56.33,1625449482.0,64.0
57.6,1625449482.0,64.0
58.62,1625449482.0,64.0
59.2,1625449482.0,64.0
59.16,1625449482.0,64.0
58.44,1625449482.0,64.0
57.14,1625449482.0,64.0
55.35,1625449482.0,64.0
53.09,1625449482.0,64.0
50.28,1625449482.0,64.0
46.81,1625449482.0,64.0
42.68,1625449482.0,64.0
38.01,1625449482.0,64.0
33.06,1625449482.0,64.0
28.09,1625449482.0,64.0
23.27,1625449482.0,64.0
18.62,1625449482.0,64.0
14.06,1625449482.0,64.0
9.41,1625449482.0,64.0
4.55,1625449482.0,64.0
-0.59,1625449482.0,64.0
-6.0,1625449482.0,64.0
-11.6,1625449482.0,64.0
-17.25,1625449482.0,64.0
-22.86,1625449482.0,64.0
-28.42,1625449482.0,64.0
-34.01,1625449482.0,64.0
-39.87,1625449482.0,64.0
-46.25,1625449482.0,64.0
-53.36,1625449482.0,64.0
-61.19,1625449482.0,64.0
-69.4,1625449482.0,64.0
-77.31,1625449482.0,64.0
-83.92,1625449482.0,64.0
-88.16,1625449482.0,64.0
-89.13,1625449482.0,64.0
-86.38,1625449482.0,64.0
-80.02,1625449482.0,64.0
-70.66,1625449482.0,64.0
-59.18,1625449482.0,64.0
-46.42,1625449482.0,64.0
-33.0,1625449482.0,64.0
-19.27,1625449482.0,64.0
-5.51,1625449482.0,64.0
7.89,1625449482.0,64.0
20.37,1625449482.0,64.0
31.25,1625449482.0,64.0
40.02,1625449482.0,64.0
46.51,1625449482.0,64.0
51.03,1625449482.0,64.0
54.14,1625449482.0,64.0
56.44,1625449482.0,64.0
58.31,1625449482.0,64.0
59.84,1625449482.0,64.0
60.85,1625449482.0,64.0
61.12,1625449482.0,64.0
60.55,1625449482.0,64.0
59.23,1625449482.0,64.0
57.36,1625449482.0,64.0
55.15,1625449482.0,64.0
52.68,1625449482.0,64.0
49.86,1625449482.0,64.0
46.54,1625449482.0,64.0
42.61,1625449482.0,64.0
38.09,1625449482.0,64.0
33.19,1625449482.0,64.0
28.23,1625449482.0,64.0
23.52,1625449482.0,64.0
19.2,1625449482.0,64.0
15.22,1625449482.0,64.0
11.33,1625449482.0,64.0
7.21,1625449482.0,64.0
2.6,1625449482.0,64.0
-2.56,1625449482.0,64.0
-8.19,1625449482.0,64.0
-14.05,1625449482.0,64.0
-19.9,1625449482.0,64.0
-25.62,1625449482.0,64.0
-31.21,1625449482.0,64.0
-36.83,1625449482.0,64.0
-42.76,1625449482.0,64.0
-49.24,1625449482.0,64.0
-56.4,1625449482.0,64.0
-64.1,1625449482.0,64.0
-71.87,1625449482.0,64.0
-78.91,1625449482.0,64.0
-84.24,1625449482.0,64.0
-86.88,1625449482.0,64.0
-86.14,1625449482.0,64.0
-81.75,1625449482.0,64.0
-73.97,1625449482.0,64.0
-63.47,1625449482.0,64.0
-51.08,1625449482.0,64.0
-37.6,1625449482.0,64.0
-23.64,1625449482.0,64.0
-9.66,1625449482.0,64.0
3.89,1625449482.0,64.0
16.52,1625449482.0,64.0
27.64,1625449482.0,64.0
36.74,1625449482.0,64.0
43.56,1625449482.0,64.0
48.29,1625449482.0,64.0
51.43,1625449482.0,64.0
53.69,1625449482.0,64.0
55.66,1625449482.0,64.0
57.6,1625449482.0,64.0
59.41,1625449482.0,64.0
60.72,1625449482.0,64.0
61.19,1625449482.0,64.0
60.63,1625449482.0,64.0
59.11,1625449482.0,64.0
56.86,1625449482.0,64.0
54.14,1625449482.0,64.0
51.12,1625449482.0,64.0
47.77,1625449482.0,64.0
43.98,1625449482.0,64.0
39.68,1625449482.0,64.0
34.92,1625449482.0,64.0
29.93,1625449482.0,64.0
25.0,1625449482.0,64.0
20.35,1625449482.0,64.0
16.03,1625449482.0,64.0
11.89,1625449482.0,64.0
7.68,1625449482.0,64.0
3.18,1625449482.0,64.0
-1.73,1625449482.0,64.0
-6.99,1625449482.0,64.0
-12.44,1625449482.0,64.0
-17.91,1625449482.0,64.0
-23.29,1625449482.0,64.0
-28.57,1625449482.0,64.0
-33.88,1625449482.0,64.0
-39.43,1625449482.0,64.0
-45.51,1625449482.0,64.0
-52.31,1625449482.0,64.0
-59.86,1625449482.0,64.0
-67.83,1625449482.0,64.0
-75.47,1625449482.0,64.0
-81.7,1625449482.0,64.0
-85.36,1625449482.0,64.0
-85.57,1625449482.0,64.0
-81.94,1625449482.0,64.0
-74.71,1625449482.0,64.0
-64.6,1625449482.0,64.0
-52.51,1625449482.0,64.0
-39.29,1625449482.0,64.0
-25.53,1625449482.0,64.0
-11.6,1625449482.0,64.0
2.19,1625449482.0,64.0
15.38,1625449482.0,64.0
27.35,1625449482.0,64.0
37.43,1625449482.0,64.0
45.12,1625449482.0,64.0
50.37,1625449482.0,64.0
53.56,1625449482.0,64.0
55.42,1625449482.0,64.0
56.68,1625449482.0,64.0
57.83,1625449482.0,64.0
58.99,1625449482.0,64.0
59.95,1625449482.0,64.0
60.38,1625449482.0,64.0
60.09,1625449482.0,64.0
59.04,1625449482.0,64.0
57.36,1625449482.0,64.0
55.17,1625449482.0,64.0
52.47,1625449482.0,64.0
49.21,1625449482.0,64.0
45.31,1625449482.0,64.0
40.85,1625449482.0,64.0
36.08,1625449482.0,64.0
31.33,1625449482.0,64.0
26.92,1625449482.0,64.0
22.94,1625449482.0,64.0
19.23,1625449482.0,64.0
15.46,1625449482.0,64.0
11.3,1625449482.0,64.0
6.55,1625449482.0,64.0
1.25,1625449482.0,64.0
-4.35,1625449482.0,64.0
-10.0,1625449482.0,64.0
-15.48,1625449482.0,64.0
-20.78,1625449482.0,64.0
-26.05,1625449482.0,64.0
-31.51,1625449482.0,64.0
-37.38,1625449482.0,64.0
-43.83,1625449482.0,64.0
-50.94,1625449482.0,64.0
-58.63,1625449482.0,64.0
-66.6,1625449482.0,64.0
-74.18,1625449482.0,64.0
-80.42,1625449482.0,64.0
-84.17,1625449482.0,64.0
-84.45,1625449482.0,64.0
-80.77,1625449482.0,64.0
-73.3,1625449482.0,64.0
-62.8,1625449482.0,64.0
-50.33,1625449482.0,64.0
-36.88,1625449482.0,64.0
-23.12,1625449482.0,64.0
-9.39,1625449482.0,64.0
4.11,1625449482.0,64.0
17.05,1625449482.0,64.0
28.82,1625449482.0,64.0
38.73,1625449482.0,64.0
46.19,1625449482.0,64.0
51.04,1625449482.0,64.0
53.66,1625449482.0,64.0
54.81,1625449482.0,64.0
55.35,1625449482.0,64.0
55.94,1625449482.0,64.0
56.81,1625449482.0,64.0
57.82,1625449482.0,64.0
58.6,1625449482.0,64.0
58.76,1625449482.0,64.0
58.08,1625449482.0,64.0
56.48,1625449482.0,64.0
54.05,1625449482.0,64.0
50.94,1625449482.0,64.0
47.31,1625449482.0,64.0
43.29,1625449482.0,64.0
39.0,1625449482.0,64.0
34.57,1625449482.0,64.0
30.1,1625449482.0,64.0
25.67,1625449482.0,64.0
21.31,1625449482.0,64.0
17.01,1625449482.0,64.0
12.67,1625449482.0,64.0
8.23,1625449482.0,64.0
3.6,1625449482.0,64.0
-1.25,1625449482.0,64.0
-6.33,1625449482.0,64.0
-11.59,1625449482.0,64.0
-17.0,1625449482.0,64.0
-22.53,1625449482.0,64.0
-28.21,1625449482.0,64.0
-34.1,1625449482.0,64.0
-40.32,1625449482.0,64.0
-46.99,1625449482.0,64.0
-54.03,1625449482.0,64.0
-61.08,1625449482.0,64.0
-67.4,1625449482.0,64.0
-71.97,1625449482.0,64.0
-73.76,1625449482.0,64.0
-72.06,1625449482.0,64.0
-66.68,1625449482.0,64.0
-58.06,1625449482.0,64.0
-47.05,1625449482.0,64.0
-34.58,1625449482.0,64.0
-21.51,1625449482.0,64.0
-8.45,1625449482.0,64.0
4.1,1625449482.0,64.0
15.65,1625449482.0,64.0
25.66,1625449482.0,64.0
33.6,1625449482.0,64.0
39.16,1625449482.0,64.0
42.4,1625449482.0,64.0
43.84,1625449482.0,64.0
44.25,1625449482.0,64.0
44.46,1625449482.0,64.0
45.03,1625449482.0,64.0
46.14,1625449482.0,64.0
47.57,1625449482.0,64.0
48.81,1625449482.0,64.0
49.34,1625449482.0,64.0
48.75,1625449482.0,64.0
46.92,1625449482.0,64.0
43.99,1625449482.0,64.0
40.25,1625449482.0,64.0
36.04,1625449482.0,64.0
31.59,1625449482.0,64.0
27.0,1625449482.0,64.0
22.28,1625449482.0,64.0
17.43,1625449482.0,64.0
12.46,1625449482.0,64.0
7.49,1625449482.0,64.0
2.61,1625449482.0,64.0
-2.11,1625449482.0,64.0
-6.68,1625449482.0,64.0
-11.19,1625449482.0,64.0
-15.76,1625449482.0,64.0
-20.52,1625449482.0,64.0
-25.53,1625449482.0,64.0
-30.87,1625449482.0,64.0
-36.62,1625449482.0,64.0
-42.87,1625449482.0,64.0
-49.72,1625449482.0,64.0
-57.16,1625449482.0,64.0
-64.99,1625449482.0,64.0
-72.7,1625449482.0,64.0
-79.44,1625449482.0,64.0
-84.12,1625449482.0,64.0
-85.67,1625449482.0,64.0
-83.37,1625449482.0,64.0
-77.06,1625449482.0,64.0
-67.24,1625449482.0,64.0
-54.91,1625449482.0,64.0
-41.2,1625449482.0,64.0
-27.04,1625449482.0,64.0
-12.94,1625449482.0,64.0
0.87,1625449482.0,64.0
14.19,1625449482.0,64.0
26.65,1625449482.0,64.0
37.59,1625449482.0,64.0
46.29,1625449482.0,64.0
52.3,1625449482.0,64.0
55.68,1625449482.0,64.0
57.04,1625449482.0,64.0
57.31,1625449482.0,64.0
57.34,1625449482.0,64.0
57.62,1625449482.0,64.0
58.14,1625449482.0,64.0
58.54,1625449482.0,64.0
58.34,1625449482.0,64.0
57.2,1625449482.0,64.0
55.03,1625449482.0,64.0
51.98,1625449482.0,64.0
48.29,1625449482.0,64.0
44.17,1625449482.0,64.0
39.76,1625449482.0,64.0
35.15,1625449482.0,64.0
30.4,1625449482.0,64.0
25.58,1625449482.0,64.0
20.8,1625449482.0,64.0
16.14,1625449482.0,64.0
11.57,1625449482.0,64.0
7.02,1625449482.0,64.0
2.35,1625449482.0,64.0
-2.56,1625449482.0,64.0
-7.76,1625449482.0,64.0
-13.24,1625449482.0,64.0
-18.91,1625449482.0,64.0
-24.72,1625449482.0,64.0
-30.6,1625449482.0,64.0
-36.59,1625449482.0,64.0
-42.77,1625449482.0,64.0
-49.31,1625449482.0,64.0
-56.39,1625449482.0,64.0
-64.03,1625449482.0,64.0
-71.93,1625449482.0,64.0
-79.37,1625449482.0,64.0
-85.26,1625449482.0,64.0
-88.42,1625449482.0,64.0
-87.96,1625449482.0,64.0
-83.52,1625449482.0,64.0
-75.46,1625449482.0,64.0
-64.57,1625449482.0,64.0
-51.88,1625449482.0,64.0
-38.24,1625449482.0,64.0
-24.19,1625449482.0,64.0
-10.04,1625449482.0,64.0
3.92,1625449482.0,64.0
17.29,1625449482.0,64.0
29.42,1625449482.0,64.0
39.63,1625449482.0,64.0
47.4,1625449482.0,64.0
52.64,1625449482.0,64.0
55.69,1625449482.0,64.0
57.24,1625449482.0,64.0
58.04,1625449482.0,64.0
58.62,1625449482.0,64.0
59.18,1625449482.0,64.0
59.56,1625449482.0,64.0
59.48,1625449482.0,64.0
58.69,1625449482.0,64.0
57.15,1625449482.0,64.0
54.94,1625449482.0,64.0
52.22,1625449482.0,64.0
49.09,1625449482.0,64.0
45.56,1625449482.0,64.0
41.55,1625449482.0,64.0
37.02,1625449482.0,64.0
32.05,1625449482.0,64.0
26.84,1625449482.0,64.0
21.69,1625449482.0,64.0
16.83,1625449482.0,64.0
12.32,1625449482.0,64.0
7.99,1625449482.0,64.0
3.5,1625449482.0,64.0
-1.47,1625449482.0,64.0
-7.1,1625449482.0,64.0
-13.3,1625449482.0,64.0
-19.78,1625449482.0,64.0
-26.16,1625449482.0,64.0
-32.18,1625449482.0,64.0
-37.82,1625449482.0,64.0
-43.3,1625449482.0,64.0
-49.01,1625449482.0,64.0
-55.31,1625449482.0,64.0
-62.37,1625449482.0,64.0
-70.04,1625449482.0,64.0
-77.75,1625449482.0,64.0
-84.62,1625449482.0,64.0
-89.56,1625449482.0,64.0
-91.56,1625449482.0,64.0
-89.89,1625449482.0,64.0
-84.34,1625449482.0,64.0
-75.23,1625449482.0,64.0
-63.34,1625449482.0,64.0
-49.61,1625449482.0,64.0
-34.94,1625449482.0,64.0
-19.98,1625449482.0,64.0
-5.22,1625449482.0,64.0
8.97,1625449482.0,64.0
22.11,1625449482.0,64.0
33.63,1625449482.0,64.0
42.95,1625449482.0,64.0
49.76,1625449482.0,64.0
54.13,1625449482.0,64.0
56.6,1625449482.0,64.0
57.96,1625449482.0,64.0
58.91,1625449482.0,64.0
59.81,1625449482.0,64.0
60.6,1625449482.0,64.0
60.94,1625449482.0,64.0
60.5,1625449482.0,64.0
59.17,1625449482.0,64.0
57.12,1625449482.0,64.0
54.65,1625449482.0,64.0
51.95,1625449482.0,64.0
49.02,1625449482.0,64.0
45.65,1625449482.0,64.0
41.62,1625449482.0,64.0
36.85,1625449482.0,64.0
31.55,1625449482.0,64.0
26.12,1625449482.0,64.0
20.97,1625449482.0,64.0
16.36,1625449482.0,64.0
12.28,1625449482.0,64.0
8.45,1625449482.0,64.0
4.48,1625449482.0,64.0
0.07,1625449482.0,64.0
-4.87,1625449482.0,64.0
-10.22,1625449482.0,64.0
-15.72,1625449482.0,64.0
-21.14,1625449482.0,64.0
-26.4,1625449482.0,64.0
-31.57,1625449482.0,64.0
-36.88,1625449482.0,64.0
-42.59,1625449482.0,64.0
-48.93,1625449482.0,64.0
-56.0,1625449482.0,64.0
-63.67,1625449482.0,64.0
-71.53,1625449482.0,64.0
-78.79,1625449482.0,64.0
-84.43,1625449482.0,64.0
-87.31,1625449482.0,64.0
-86.56,1625449482.0,64.0
-81.85,1625449482.0,64.0
-73.51,1625449482.0,64.0
-62.35,1625449482.0,64.0
-49.43,1625449482.0,64.0
-35.64,1625449482.0,64.0
-21.53,1625449482.0,64.0
-7.41,1625449482.0,64.0
6.42,1625449482.0,64.0
19.51,1625449482.0,64.0
31.17,1625449482.0,64.0
40.7,1625449482.0,64.0
47.67,1625449482.0,64.0
52.14,1625449482.0,64.0
54.66,1625449482.0,64.0
56.05,1625449482.0,64.0
57.02,1625449482.0,64.0
57.95,1625449482.0,64.0
58.8,1625449482.0,64.0
59.29,1625449482.0,64.0
59.07,1625449482.0,64.0
57.97,1625449482.0,64.0
56.04,1625449482.0,64.0
53.52,1625449482.0,64.0
50.61,1625449482.0,64.0
47.45,1625449482.0,64.0
44.03,1625449482.0,64.0
40.26,1625449482.0,64.0
36.08,1625449482.0,64.0
31.54,1625449482.0,64.0
26.8,1625449482.0,64.0
22.08,1625449482.0,64.0
17.57,1625449482.0,64.0
13.28,1625449482.0,64.0
9.11,1625449482.0,64.0
4.81,1625449482.0,64.0
0.19,1625449482.0,64.0
-4.82,1625449482.0,64.0
-10.1,1625449482.0,64.0
-15.45,1625449482.0,64.0
-20.73,1625449482.0,64.0
-25.88,1625449482.0,64.0
-31.05,1625449482.0,64.0
-36.46,1625449482.0,64.0
-42.33,1625449482.0,64.0
-48.81,1625449482.0,64.0
-55.84,1625449482.0,64.0
-63.17,1625449482.0,64.0
-70.29,1625449482.0,64.0
-76.44,1625449482.0,64.0
-80.67,1625449482.0,64.0
-82.05,1625449482.0,64.0
-79.93,1625449482.0,64.0
-74.13,1625449482.0,64.0
-65.04,1625449482.0,64.0
-53.47,1625449482.0,64.0
-40.37,1625449482.0,64.0
-26.6,1625449482.0,64.0
-12.75,1625449482.0,64.0
0.74,1625449482.0,64.0
13.43,1625449482.0,64.0
24.73,1625449482.0,64.0
33.99,1625449482.0,64.0
40.69,1625449482.0,64.0
44.74,1625449482.0,64.0
46.62,1625449482.0,64.0
47.22,1625449482.0,64.0
47.47,1625449482.0,64.0
48.04,1625449482.0,64.0
49.08,1625449482.0,64.0
50.29,1625449482.0,64.0
51.12,1625449482.0,64.0
51.09,1625449482.0,64.0
49.94,1625449482.0,64.0
47.68,1625449482.0,64.0
44.53,1625449482.0,64.0
40.77,1625449482.0,64.0
36.66,1625449482.0,64.0
32.42,1625449482.0,64.0
28.16,1625449482.0,64.0
23.96,1625449482.0,64.0
19.84,1625449482.0,64.0
15.83,1625449482.0,64.0
11.94,1625449482.0,64.0
8.16,1625449482.0,64.0
4.43,1625449482.0,64.0
0.61,1625449482.0,64.0
-3.45,1625449482.0,64.0
-7.84,1625449482.0,64.0
-12.52,1625449482.0,64.0
-17.37,1625449482.0,64.0
-22.23,1625449482.0,64.0
-27.08,1625449482.0,64.0
-32.06,1625449482.0,64.0
-37.44,1625449482.0,64.0
-43.51,1625449482.0,64.0
-50.34,1625449482.0,64.0
-57.64,1625449482.0,64.0
-64.68,1625449482.0,64.0
-70.37,1625449482.0,64.0
-73.54,1625449482.0,64.0
-73.28,1625449482.0,64.0
-69.18,1625449482.0,64.0
-61.5,1625449482.0,64.0
-51.05,1625449482.0,64.0
-38.91,1625449482.0,64.0
-26.06,1625449482.0,64.0
-13.17,1625449482.0,64.0
-0.64,1625449482.0,64.0
11.24,1625449482.0,64.0
22.02,1625449482.0,64.0
31.11,1625449482.0,64.0
37.92,1625449482.0,64.0
42.23,1625449482.0,64.0
44.32,1625449482.0,64.0
44.99,1625449482.0,64.0
45.17,1625449482.0,64.0
45.59,1625449482.0,64.0
46.47,1625449482.0,64.0
47.52,1625449482.0,64.0
48.19,1625449482.0,64.0
47.97,1625449482.0,64.0
46.64,1625449482.0,64.0
44.28,1625449482.0,64.0
41.15,1625449482.0,64.0
37.53,1625449482.0,64.0
33.57,1625449482.0,64.0
29.34,1625449482.0,64.0
24.82,1625449482.0,64.0
20.05,1625449482.0,64.0
15.12,1625449482.0,64.0
10.14,1625449482.0,64.0
5.26,1625449482.0,64.0
0.52,1625449482.0,64.0
-4.08,1625449482.0,64.0
-8.64,1625449482.0,64.0
-13.28,1625449482.0,64.0
-18.08,1625449482.0,64.0
-23.14,1625449482.0,64.0
-28.47,1625449482.0,64.0
-34.13,1625449482.0,64.0
-40.14,1625449482.0,64.0
-46.6,1625449482.0,64.0
-53.6,1625449482.0,64.0
-61.1,1625449482.0,64.0
-68.83,1625449482.0,64.0
-76.13,1625449482.0,64.0
-82.06,1625449482.0,64.0
-85.5,1625449482.0,64.0
-85.51,1625449482.0,64.0
-81.61,1625449482.0,64.0
-73.94,1625449482.0,64.0
-63.18,1625449482.0,64.0
-50.29,1625449482.0,64.0
-36.18,1625449482.0,64.0
-21.54,1625449482.0,64.0
-6.82,1625449482.0,64.0
7.61,1625449482.0,64.0
21.29,1625449482.0,64.0
33.56,1625449482.0,64.0
43.71,1625449482.0,64.0
51.23,1625449482.0,64.0
56.04,1625449482.0,64.0
58.54,1625449482.0,64.0
59.48,1625449482.0,64.0
59.7,1625449482.0,64.0
59.79,1625449482.0,64.0
59.97,1625449482.0,64.0
60.1,1625449482.0,64.0
59.83,1625449482.0,64.0
58.83,1625449482.0,64.0
56.95,1625449482.0,64.0
54.21,1625449482.0,64.0
50.78,1625449482.0,64.0
46.85,1625449482.0,64.0
42.58,1625449482.0,64.0
38.09,1625449482.0,64.0
33.44,1625449482.0,64.0
28.69,1625449482.0,64.0
23.87,1625449482.0,64.0
18.97,1625449482.0,64.0
13.97,1625449482.0,64.0
8.81,1625449482.0,64.0
3.48,1625449482.0,64.0
-2.02,1625449482.0,64.0
-7.64,1625449482.0,64.0
-13.39,1625449482.0,64.0
-19.25,1625449482.0,64.0
-25.27,1625449482.0,64.0
-31.53,1625449482.0,64.0
-38.06,1625449482.0,64.0
-44.93,1625449482.0,64.0
-52.17,1625449482.0,64.0
-59.77,1625449482.0,64.0
-67.58,1625449482.0,64.0
-75.22,1625449482.0,64.0
-81.96,1625449482.0,64.0
-86.77,1625449482.0,64.0
-88.58,1625449482.0,64.0
-86.57,1625449482.0,64.0
-80.51,1625449482.0,64.0
-70.87,1625449482.0,64.0
-58.61,1625449482.0,64.0
-44.84,1625449482.0,64.0
-30.42,1625449482.0,64.0
-15.78,1625449482.0,64.0
-1.1,1625449482.0,64.0
13.44,1625449482.0,64.0
27.3,1625449482.0,64.0
39.6,1625449482.0,64.0
49.43,1625449482.0,64.0
56.16,1625449482.0,64.0
59.88,1625449482.0,64.0
61.33,1625449482.0,64.0
61.58,1625449482.0,64.0
61.57,1625449482.0,64.0
61.79,1625449482.0,64.0
62.16,1625449482.0,64.0
62.26,1625449482.0,64.0
61.67,1625449482.0,64.0
60.17,1625449482.0,64.0
57.87,1625449482.0,64.0
54.98,1625449482.0,64.0
51.68,1625449482.0,64.0
48.01,1625449482.0,64.0
43.87,1625449482.0,64.0
39.2,1625449482.0,64.0
34.02,1625449482.0,64.0
28.55,1625449482.0,64.0
23.09,1625449482.0,64.0
17.89,1625449482.0,64.0
13.02,1625449482.0,64.0
8.39,1625449482.0,64.0
3.74,1625449482.0,64.0
-1.15,1625449482.0,64.0
-6.41,1625449482.0,64.0
-11.99,1625449482.0,64.0
-17.75,1625449482.0,64.0
-23.52,1625449482.0,64.0
-29.24,1625449482.0,64.0
-34.96,1625449482.0,64.0
-40.86,1625449482.0,64.0
-47.18,1625449482.0,64.0
-54.1,1625449482.0,64.0
-61.65,1625449482.0,64.0
-69.56,1625449482.0,64.0
-77.21,1625449482.0,64.0
-83.63,1625449482.0,64.0
-87.68,1625449482.0,64.0
-88.35,1625449482.0,64.0
-85.04,1625449482.0,64.0
-77.79,1625449482.0,64.0
-67.25,1625449482.0,64.0
-54.35,1625449482.0,64.0
-40.06,1625449482.0,64.0
-25.13,1625449482.0,64.0
-10.05,1625449482.0,64.0
4.78,1625449482.0,64.0
18.88,1625449482.0,64.0
31.6,1625449482.0,64.0
42.22,1625449482.0,64.0
50.26,1625449482.0,64.0
55.64,1625449482.0,64.0
58.77,1625449482.0,64.0
60.41,1625449482.0,64.0
61.32,1625449482.0,64.0
62.02,1625449482.0,64.0
62.63,1625449482.0,64.0
62.96,1625449482.0,64.0
62.7,1625449482.0,64.0
61.67,1625449482.0,64.0
59.86,1625449482.0,64.0
57.42,1625449482.0,64.0
54.54,1625449482.0,64.0
51.33,1625449482.0,64.0
47.76,1625449482.0,64.0
43.7,1625449482.0,64.0
39.05,1625449482.0,64.0
33.86,1625449482.0,64.0
28.3,1625449482.0,64.0
22.69,1625449482.0,64.0
17.3,1625449482.0,64.0
12.32,1625449482.0,64.0
7.71,1625449482.0,64.0
3.26,1625449482.0,64.0
-1.3,1625449482.0,64.0
-6.2,1625449482.0,64.0
-11.54,1625449482.0,64.0
-17.24,1625449482.0,64.0
-23.11,1625449482.0,64.0
-28.93,1625449482.0,64.0
-34.64,1625449482.0,64.0
-40.32,1625449482.0,64.0
-46.18,1625449482.0,64.0
-52.5,1625449482.0,64.0
-59.4,1625449482.0,64.0
-66.78,1625449482.0,64.0
-74.17,1625449482.0,64.0
-80.78,1625449482.0,64.0
-85.62,1625449482.0,64.0
-87.69,1625449482.0,64.0
-86.29,1625449482.0,64.0
-81.17,1625449482.0,64.0
-72.59,1625449482.0,64.0
-61.21,1625449482.0,64.0
-47.88,1625449482.0,64.0
-33.36,1625449482.0,64.0
-18.22,1625449482.0,64.0
-2.9,1625449482.0,64.0
12.11,1625449482.0,64.0
26.13,1625449482.0,64.0
38.32,1625449482.0,64.0
47.86,1625449482.0,64.0
54.35,1625449482.0,64.0
57.99,1625449482.0,64.0
59.54,1625449482.0,64.0
60.04,1625449482.0,64.0
60.35,1625449482.0,64.0
60.89,1625449482.0,64.0
61.54,1625449482.0,64.0
61.91,1625449482.0,64.0
61.61,1625449482.0,64.0
60.47,1625449482.0,64.0
58.64,1625449482.0,64.0
56.36,1625449482.0,64.0
53.83,1625449482.0,64.0
51.03,1625449482.0,64.0
47.77,1625449482.0,64.0
43.86,1625449482.0,64.0
39.25,1625449482.0,64.0
34.14,1625449482.0,64.0
28.86,1625449482.0,64.0
23.81,1625449482.0,64.0
19.19,1625449482.0,64.0
14.98,1625449482.0,64.0
10.94,1625449482.0,64.0
6.76,1625449482.0,64.0
2.21,1625449482.0,64.0
-2.8,1625449482.0,64.0
-8.15,1625449482.0,64.0
-13.67,1625449482.0,64.0
-19.17,1625449482.0,64.0
-24.56,1625449482.0,64.0
-29.88,1625449482.0,64.0
-35.25,1625449482.0,64.0
-40.88,1625449482.0,64.0
-46.96,1625449482.0,64.0
-53.56,1625449482.0,64.0
-60.64,1625449482.0,64.0
-67.85,1625449482.0,64.0
-74.59,1625449482.0,64.0
-80.0,1625449482.0,64.0
-83.14,1625449482.0,64.0
-83.18,1625449482.0,64.0
-79.63,1625449482.0,64.0
-72.52,1625449482.0,64.0
-62.35,1625449482.0,64.0
-49.94,1625449482.0,64.0
-36.26,1625449482.0,64.0
-22.12,1625449482.0,64.0
-8.17,1625449482.0,64.0
5.11,1625449482.0,64.0
17.25,1625449482.0,64.0
27.76,1625449482.0,64.0
36.18,1625449482.0,64.0
42.22,1625449482.0,64.0
45.98,1625449482.0,64.0
47.99,1625449482.0,64.0
48.99,1625449482.0,64.0
49.72,1625449482.0,64.0
50.62,1625449482.0,64.0
51.72,1625449482.0,64.0
52.68,1625449482.0,64.0
53.1,1625449482.0,64.0
52.62,1625449482.0,64.0
51.14,1625449482.0,64.0
48.73,1625449482.0,64.0
45.58,1625449482.0,64.0
41.86,1625449482.0,64.0
37.72,1625449482.0,64.0
33.35,1625449482.0,64.0
28.96,1625449482.0,64.0
24.74,1625449482.0,64.0
20.85,1625449482.0,64.0
17.26,1625449482.0,64.0
13.78,1625449482.0,64.0
10.14,1625449482.0,64.0
6.12,1625449482.0,64.0
1.65,1625449482.0,64.0
-3.19,1625449482.0,64.0
-8.24,1625449482.0,64.0
-13.35,1625449482.0,64.0
-18.45,1625449482.0,64.0
-23.59,1625449482.0,64.0
-28.87,1625449482.0,64.0
-34.42,1625449482.0,64.0
-40.33,1625449482.0,64.0
-46.69,1625449482.0,64.0
-53.48,1625449482.0,64.0
-60.44,1625449482.0,64.0
-67.0,1625449482.0,64.0
-72.27,1625449482.0,64.0
-75.17,1625449482.0,64.0
-74.78,1625449482.0,64.0
-70.63,1625449482.0,64.0
-62.92,1625449482.0,64.0
-52.39,1625449482.0,64.0
-40.08,1625449482.0,64.0
-26.99,1625449482.0,64.0
-13.85,1625449482.0,64.0
-1.11,1625449482.0,64.0
10.87,1625449482.0,64.0
21.66,1625449482.0,64.0
30.73,1625449482.0,64.0
37.59,1625449482.0,64.0
42.06,1625449482.0,64.0
44.39,1625449482.0,64.0
45.22,1625449482.0,64.0
45.39,1625449482.0,64.0
45.56,1625449482.0,64.0
46.06,1625449482.0,64.0
46.79,1625449482.0,64.0
47.39,1625449482.0,64.0
47.41,1625449482.0,64.0
46.51,1625449482.0,64.0
44.6,1625449482.0,64.0
41.76,1625449482.0,64.0
38.21,1625449482.0,64.0
34.19,1625449482.0,64.0
29.87,1625449482.0,64.0
25.35,1625449482.0,64.0
20.64,1625449482.0,64.0
15.72,1625449482.0,64.0
10.59,1625449482.0,64.0
5.32,1625449482.0,64.0
0.02,1625449482.0,64.0
-5.15,1625449482.0,64.0
-10.09,1625449482.0,64.0
-14.78,1625449482.0,64.0
-19.32,1625449482.0,64.0
-23.88,1625449482.0,64.0
-28.65,1625449482.0,64.0
-33.79,1625449482.0,64.0
-39.4,1625449482.0,64.0
-45.52,1625449482.0,64.0
-52.2,1625449482.0,64.0
-59.41,1625449482.0,64.0
-66.98,1625449482.0,64.0
-74.46,1625449482.0,64.0
-81.06,1625449482.0,64.0
-85.72,1625449482.0,64.0
-87.33,1625449482.0,64.0
-85.13,1625449482.0,64.0
-78.93,1625449482.0,64.0
-69.18,1625449482.0,64.0
-56.86,1625449482.0,64.0
-43.05,1625449482.0,64.0
-28.69,1625449482.0,64.0
-14.36,1625449482.0,64.0
-0.4,1625449482.0,64.0
12.93,1625449482.0,64.0
25.21,1625449482.0,64.0
35.85,1625449482.0,64.0
44.25,1625449482.0,64.0
50.07,1625449482.0,64.0
53.43,1625449482.0,64.0
54.91,1625449482.0,64.0
55.36,1625449482.0,64.0
55.54,1625449482.0,64.0
55.83,1625449482.0,64.0
56.18,1625449482.0,64.0
56.22,1625449482.0,64.0
55.54,1625449482.0,64.0
53.94,1625449482.0,64.0
51.45,1625449482.0,64.0
48.31,1625449482.0,64.0
44.76,1625449482.0,64.0
40.93,1625449482.0,64.0
36.85,1625449482.0,64.0
32.47,1625449482.0,64.0
27.78,1625449482.0,64.0
22.82,1625449482.0,64.0
17.67,1625449482.0,64.0
12.43,1625449482.0,64.0
7.17,1625449482.0,64.0
1.91,1625449482.0,64.0
-3.34,1625449482.0,64.0
-8.59,1625449482.0,64.0
-13.84,1625449482.0,64.0
-19.08,1625449482.0,64.0
-24.36,1625449482.0,64.0
-29.73,1625449482.0,64.0
-35.26,1625449482.0,64.0
-41.08,1625449482.0,64.0
-47.34,1625449482.0,64.0
-54.2,1625449482.0,64.0
-61.74,1625449482.0,64.0
-69.78,1625449482.0,64.0
-77.79,1625449482.0,64.0
-84.8,1625449482.0,64.0
-89.6,1625449482.0,64.0
-91.06,1625449482.0,64.0
-88.48,1625449482.0,64.0
-81.87,1625449482.0,64.0
-71.91,1625449482.0,64.0
-59.66,1625449482.0,64.0
-46.14,1625449482.0,64.0
-32.02,1625449482.0,64.0
-17.58,1625449482.0,64.0
-2.95,1625449482.0,64.0
11.59,1625449482.0,64.0
25.41,1625449482.0,64.0
37.56,1625449482.0,64.0
47.16,1625449482.0,64.0
53.77,1625449482.0,64.0
57.6,1625449482.0,64.0
59.38,1625449482.0,64.0
60.07,1625449482.0,64.0
60.44,1625449482.0,64.0
60.83,1625449482.0,64.0
61.15,1625449482.0,64.0
61.09,1625449482.0,64.0
60.34,1625449482.0,64.0
58.77,1625449482.0,64.0
56.41,1625449482.0,64.0
53.37,1625449482.0,64.0
49.77,1625449482.0,64.0
45.68,1625449482.0,64.0
41.16,1625449482.0,64.0
36.3,1625449482.0,64.0
31.25,1625449482.0,64.0
26.18,1625449482.0,64.0
21.25,1625449482.0,64.0
16.53,1625449482.0,64.0
11.97,1625449482.0,64.0
7.4,1625449482.0,64.0
2.61,1625449482.0,64.0
-2.59,1625449482.0,64.0
-8.27,1625449482.0,64.0
-14.37,1625449482.0,64.0
-20.67,1625449482.0,64.0
-26.94,1625449482.0,64.0
-33.0,1625449482.0,64.0
-38.86,1625449482.0,64.0
-44.76,1625449482.0,64.0
-51.07,1625449482.0,64.0
-58.08,1625449482.0,64.0
-65.82,1625449482.0,64.0
-73.81,1625449482.0,64.0
-81.06,1625449482.0,64.0
-86.28,1625449482.0,64.0
-88.21,1625449482.0,64.0
-86.05,1625449482.0,64.0
-79.69,1625449482.0,64.0
-69.71,1625449482.0,64.0
-57.13,1625449482.0,64.0
-43.0,1625449482.0,64.0
-28.18,1625449482.0,64.0
-13.17,1625449482.0,64.0
1.67,1625449482.0,64.0
15.9,1625449482.0,64.0
28.92,1625449482.0,64.0
40.02,1625449482.0,64.0
48.61,1625449482.0,64.0
54.53,1625449482.0,64.0
58.1,1625449482.0,64.0
60.02,1625449482.0,64.0
61.1,1625449482.0,64.0
61.89,1625449482.0,64.0
62.59,1625449482.0,64.0
63.05,1625449482.0,64.0
62.98,1625449482.0,64.0
62.18,1625449482.0,64.0
60.57,1625449482.0,64.0
58.26,1625449482.0,64.0
55.36,1625449482.0,64.0
51.94,1625449482.0,64.0
47.99,1625449482.0,64.0
43.51,1625449482.0,64.0
38.61,1625449482.0,64.0
33.5,1625449482.0,64.0
28.45,1625449482.0,64.0
23.69,1625449482.0,64.0
19.26,1625449482.0,64.0
15.0,1625449482.0,64.0
10.65,1625449482.0,64.0
5.94,1625449482.0,64.0
0.74,1625449482.0,64.0
-4.89,1625449482.0,64.0
-10.76,1625449482.0,64.0
-16.65,1625449482.0,64.0
-22.39,1625449482.0,64.0
-27.97,1625449482.0,64.0
-33.46,1625449482.0,64.0
-39.07,1625449482.0,64.0
-45.06,1625449482.0,64.0
-51.61,1625449482.0,64.0
-58.84,1625449482.0,64.0
-66.54,1625449482.0,64.0
-74.14,1625449482.0,64.0
-80.67,1625449482.0,64.0
-84.98,1625449482.0,64.0
-85.99,1625449482.0,64.0
-83.09,1625449482.0,64.0
-76.33,1625449482.0,64.0
-66.35,1625449482.0,64.0
-54.15,1625449482.0,64.0
-40.72,1625449482.0,64.0
-26.81,1625449482.0,64.0
-12.82,1625449482.0,64.0
1.0,1625449482.0,64.0
14.34,1625449482.0,64.0
26.68,1625449482.0,64.0
37.32,1625449482.0,64.0
45.59,1625449482.0,64.0
51.18,1625449482.0,64.0
54.26,1625449482.0,64.0
55.45,1625449482.0,64.0
55.64,1625449482.0,64.0
55.59,1625449482.0,64.0
55.76,1625449482.0,64.0
56.14,1625449482.0,64.0
56.42,1625449482.0,64.0
56.17,1625449482.0,64.0
55.09,1625449482.0,64.0
53.16,1625449482.0,64.0
50.49,1625449482.0,64.0
47.29,1625449482.0,64.0
43.7,1625449482.0,64.0
39.74,1625449482.0,64.0
35.38,1625449482.0,64.0
30.65,1625449482.0,64.0
25.67,1625449482.0,64.0
20.67,1625449482.0,64.0
15.84,1625449482.0,64.0
11.29,1625449482.0,64.0
6.94,1625449482.0,64.0
2.61,1625449482.0,64.0
-1.89,1625449482.0,64.0
-6.69,1625449482.0,64.0
-11.78,1625449482.0,64.0
-17.08,1625449482.0,64.0
-22.46,1625449482.0,64.0
-27.9,1625449482.0,64.0
-33.44,1625449482.0,64.0
-39.25,1625449482.0,64.0
-45.5,1625449482.0,64.0
-52.23,1625449482.0,64.0
-59.24,1625449482.0,64.0
-65.93,1625449482.0,64.0
-71.4,1625449482.0,64.0
-74.58,1625449482.0,64.0
-74.56,1625449482.0,64.0
-70.86,1625449482.0,64.0
-63.63,1625449482.0,64.0
-53.51,1625449482.0,64.0
-41.43,1625449482.0,64.0
-28.31,1625449482.0,64.0
-14.83,1625449482.0,64.0
-1.5,1625449482.0,64.0
11.22,1625449482.0,64.0
22.77,1625449482.0,64.0
32.48,1625449482.0,64.0
39.75,1625449482.0,64.0
44.35,1625449482.0,64.0
46.57,1625449482.0,64.0
47.17,1625449482.0,64.0
47.16,1625449482.0,64.0
47.4,1625449482.0,64.0
48.27,1625449482.0,64.0
49.6,1625449482.0,64.0
50.79,1625449482.0,64.0
51.13,1625449482.0,64.0
50.13,1625449482.0,64.0
47.67,1625449482.0,64.0
44.01,1625449482.0,64.0
39.64,1625449482.0,64.0
35.05,1625449482.0,64.0
30.54,1625449482.0,64.0
26.19,1625449482.0,64.0
21.92,1625449482.0,64.0
17.61,1625449482.0,64.0
13.15,1625449482.0,64.0
8.53,1625449482.0,64.0
3.77,1625449482.0,64.0
-1.09,1625449482.0,64.0
-6.05,1625449482.0,64.0
-11.16,1625449482.0,64.0
-16.45,1625449482.0,64.0
-21.93,1625449482.0,64.0
-27.57,1625449482.0,64.0
-33.37,1625449482.0,64.0
-39.38,1625449482.0,64.0
-45.73,1625449482.0,64.0
-52.61,1625449482.0,64.0
-60.08,1625449482.0,64.0
-67.91,1625449482.0,64.0
-75.44,1625449482.0,64.0
-81.65,1625449482.0,64.0
-85.42,1625449482.0,64.0
-85.76,1625449482.0,64.0
-82.23,1625449482.0,64.0
-75.01,1625449482.0,64.0
-64.81,1625449482.0,64.0
-52.53,1625449482.0,64.0
-39.04,1625449482.0,64.0
-24.96,1625449482.0,64.0
-10.68,1625449482.0,64.0
3.49,1625449482.0,64.0
17.08,1625449482.0,64.0
29.46,1625449482.0,64.0
39.94,1625449482.0,64.0
47.98,1625449482.0,64.0
53.44,1625449482.0,64.0
56.63,1625449482.0,64.0
58.23,1625449482.0,64.0
59.0,1625449482.0,64.0
59.52,1625449482.0,64.0
60.03,1625449482.0,64.0
60.4,1625449482.0,64.0
60.28,1625449482.0,64.0
59.34,1625449482.0,64.0
57.38,1625449482.0,64.0
54.45,1625449482.0,64.0
50.75,1625449482.0,64.0
46.53,1625449482.0,64.0
41.99,1625449482.0,64.0
37.23,1625449482.0,64.0
32.33,1625449482.0,64.0
27.33,1625449482.0,64.0
22.26,1625449482.0,64.0
17.2,1625449482.0,64.0
12.14,1625449482.0,64.0
7.01,1625449482.0,64.0
1.74,1625449482.0,64.0
-3.76,1625449482.0,64.0
-9.48,1625449482.0,64.0
-15.32,1625449482.0,64.0
-21.17,1625449482.0,64.0
-26.96,1625449482.0,64.0
-32.73,1625449482.0,64.0
-38.59,1625449482.0,64.0
-44.75,1625449482.0,64.0
-51.39,1625449482.0,64.0
-58.59,1625449482.0,64.0
-66.26,1625449482.0,64.0
-74.04,1625449482.0,64.0
-81.24,1625449482.0,64.0
-86.87,1625449482.0,64.0
-89.85,1625449482.0,64.0
-89.26,1625449482.0,64.0
-84.67,1625449482.0,64.0
-76.27,1625449482.0,64.0
-64.8,1625449482.0,64.0
-51.26,1625449482.0,64.0
-36.63,1625449482.0,64.0
-21.59,1625449482.0,64.0
-6.59,1625449482.0,64.0
8.01,1625449482.0,64.0
21.76,1625449482.0,64.0
34.01,1625449482.0,64.0
44.05,1625449482.0,64.0
51.4,1625449482.0,64.0
56.0,1625449482.0,64.0
58.31,1625449482.0,64.0
59.13,1625449482.0,64.0
59.31,1625449482.0,64.0
59.44,1625449482.0,64.0
59.69,1625449482.0,64.0
59.86,1625449482.0,64.0
59.59,1625449482.0,64.0
58.6,1625449482.0,64.0
56.75,1625449482.0,64.0
54.12,1625449482.0,64.0
50.87,1625449482.0,64.0
47.13,1625449482.0,64.0
43.02,1625449482.0,64.0
38.59,1625449482.0,64.0
33.94,1625449482.0,64.0
29.18,1625449482.0,64.0
24.43,1625449482.0,64.0
19.75,1625449482.0,64.0
15.11,1625449482.0,64.0
10.41,1625449482.0,64.0
5.5,1625449482.0,64.0
0.31,1625449482.0,64.0
-5.14,1625449482.0,64.0
-10.75,1625449482.0,64.0
-16.38,1625449482.0,64.0
-21.93,1625449482.0,64.0
-27.42,1625449482.0,64.0
-32.95,1625449482.0,64.0
-38.71,1625449482.0,64.0
-44.93,1625449482.0,64.0
-51.79,1625449482.0,64.0
-59.29,1625449482.0,64.0
-67.16,1625449482.0,64.0
-74.75,1625449482.0,64.0
-81.09,1625449482.0,64.0
-85.05,1625449482.0,64.0
-85.64,1625449482.0,64.0
-82.33,1625449482.0,64.0
-75.22,1625449482.0,64.0
-64.95,1625449482.0,64.0
-52.47,1625449482.0,64.0
-38.7,1625449482.0,64.0
-24.31,1625449482.0,64.0
-9.71,1625449482.0,64.0
4.77,1625449482.0,64.0
18.65,1625449482.0,64.0
31.22,1625449482.0,64.0
41.69,1625449482.0,64.0
49.45,1625449482.0,64.0
54.38,1625449482.0,64.0
56.91,1625449482.0,64.0
57.9,1625449482.0,64.0
58.21,1625449482.0,64.0
58.45,1625449482.0,64.0
58.77,1625449482.0,64.0
58.96,1625449482.0,64.0
58.65,1625449482.0,64.0
57.65,1625449482.0,64.0
55.96,1625449482.0,64.0
53.72,1625449482.0,64.0
51.11,1625449482.0,64.0
48.16,1625449482.0,64.0
44.78,1625449482.0,64.0
40.82,1625449482.0,64.0
36.29,1625449482.0,64.0
31.39,1625449482.0,64.0
26.43,1625449482.0,64.0
21.75,1625449482.0,64.0
17.45,1625449482.0,64.0
13.42,1625449482.0,64.0
9.36,1625449482.0,64.0
4.93,1625449482.0,64.0
-0.03,1625449482.0,64.0
-5.5,1625449482.0,64.0
-11.22,1625449482.0,64.0
-16.92,1625449482.0,64.0
-22.38,1625449482.0,64.0
-27.53,1625449482.0,64.0
-32.46,1625449482.0,64.0
-37.36,1625449482.0,64.0
-42.45,1625449482.0,64.0
-47.97,1625449482.0,64.0
-54.13,1625449482.0,64.0
-61.02,1625449482.0,64.0
-68.53,1625449482.0,64.0
-76.16,1625449482.0,64.0
-82.99,1625449482.0,64.0
-87.86,1625449482.0,64.0
-89.62,1625449482.0,64.0
-87.56,1625449482.0,64.0
-81.58,1625449482.0,64.0
-72.21,1625449482.0,64.0
-60.32,1625449482.0,64.0
-46.81,1625449482.0,64.0
-32.34,1625449482.0,64.0
-17.39,1625449482.0,64.0
-2.34,1625449482.0,64.0
12.26,1625449482.0,64.0
25.63,1625449482.0,64.0
36.94,1625449482.0,64.0
45.56,1625449482.0,64.0
51.35,1625449482.0,64.0
54.73,1625449482.0,64.0
56.53,1625449482.0,64.0
57.63,1625449482.0,64.0
58.62,1625449482.0,64.0
59.67,1625449482.0,64.0
60.52,1625449482.0,64.0
60.78,1625449482.0,64.0
60.18,1625449482.0,64.0
58.68,1625449482.0,64.0
56.47,1625449482.0,64.0
53.79,1625449482.0,64.0
50.78,1625449482.0,64.0
47.38,1625449482.0,64.0
43.45,1625449482.0,64.0
38.94,1625449482.0,64.0
34.0,1625449482.0,64.0
28.99,1625449482.0,64.0
24.26,1625449482.0,64.0
20.0,1625449482.0,64.0
16.12,1625449482.0,64.0
12.25,1625449482.0,64.0
8.0,1625449482.0,64.0
3.14,1625449482.0,64.0
-2.26,1625449482.0,64.0
-7.92,1625449482.0,64.0
-13.54,1625449482.0,64.0
-18.95,1625449482.0,64.0
-24.18,1625449482.0,64.0
-29.42,1625449482.0,64.0
-34.88,1625449482.0,64.0
-40.68,1625449482.0,64.0
-46.91,1625449482.0,64.0
-53.63,1625449482.0,64.0
-60.83,1625449482.0,64.0
-68.34,1625449482.0,64.0
-75.66,1625449482.0,64.0
-81.94,1625449482.0,64.0
-86.06,1625449482.0,64.0
-86.97,1625449482.0,64.0
-84.07,1625449482.0,64.0
-77.38,1625449482.0,64.0
-67.54,1625449482.0,64.0
-55.52,1625449482.0,64.0
-42.26,1625449482.0,64.0
-28.47,1625449482.0,64.0
-14.55,1625449482.0,64.0
-0.8,1625449482.0,64.0
12.34,1625449482.0,64.0
24.22,1625449482.0,64.0
34.11,1625449482.0,64.0
41.42,1625449482.0,64.0
46.02,1625449482.0,64.0
48.36,1625449482.0,64.0
49.33,1625449482.0,64.0
49.89,1625449482.0,64.0
50.77,1625449482.0,64.0
52.13,1625449482.0,64.0
53.68,1625449482.0,64.0
54.88,1625449482.0,64.0
55.25,1625449482.0,64.0
54.53,1625449482.0,64.0
52.76,1625449482.0,64.0
50.11,1625449482.0,64.0
46.78,1625449482.0,64.0
42.94,1625449482.0,64.0
38.76,1625449482.0,64.0
34.41,1625449482.0,64.0
30.08,1625449482.0,64.0
25.91,1625449482.0,64.0
21.95,1625449482.0,64.0
18.13,1625449482.0,64.0
14.29,1625449482.0,64.0
10.28,1625449482.0,64.0
5.97,1625449482.0,64.0
1.36,1625449482.0,64.0
-3.5,1625449482.0,64.0
-8.48,1625449482.0,64.0
-13.53,1625449482.0,64.0
-18.6,1625449482.0,64.0
-23.71,1625449482.0,64.0
-28.91,1625449482.0,64.0
-34.3,1625449482.0,64.0
-39.98,1625449482.0,64.0
-46.03,1625449482.0,64.0
-52.49,1625449482.0,64.0
-59.14,1625449482.0,64.0
-65.51,1625449482.0,64.0
-70.74,1625449482.0,64.0
-73.77,1625449482.0,64.0
-73.62,1625449482.0,64.0
-69.72,1625449482.0,64.0
-62.16,1625449482.0,64.0
-51.67,1625449482.0,64.0
-39.34,1625449482.0,64.0
-26.27,1625449482.0,64.0
-13.24,1625449482.0,64.0
-0.75,1625449482.0,64.0
10.85,1625449482.0,64.0
21.11,1625449482.0,64.0
29.47,1625449482.0,64.0
35.39,1625449482.0,64.0
38.73,1625449482.0,64.0
39.92,1625449482.0,64.0
39.89,1625449482.0,64.0
39.74,1625449482.0,64.0
40.27,1625449482.0,64.0
41.65,1625449482.0,64.0
43.43,1625449482.0,64.0
44.8,1625449482.0,64.0
45.04,1625449482.0,64.0
43.8,1625449482.0,64.0
41.18,1625449482.0,64.0
37.58,1625449482.0,64.0
33.47,1625449482.0,64.0
29.21,1625449482.0,64.0
24.99,1625449482.0,64.0
20.87,1625449482.0,64.0
16.83,1625449482.0,64.0
12.83,1625449482.0,64.0
8.8,1625449482.0,64.0
4.67,1625449482.0,64.0
0.36,1625449482.0,64.0
-4.18,1625449482.0,64.0
-8.98,1625449482.0,64.0
-14.0,1625449482.0,64.0
-19.22,1625449482.0,64.0
-24.62,1625449482.0,64.0
-30.23,1625449482.0,64.0
-36.07,1625449482.0,64.0
-42.21,1625449482.0,64.0
-48.73,1625449482.0,64.0
-55.68,1625449482.0,64.0
-62.96,1625449482.0,64.0
-70.19,1625449482.0,64.0
-76.66,1625449482.0,64.0
-81.35,1625449482.0,64.0
-83.21,1625449482.0,64.0
-81.51,1625449482.0,64.0
-76.07,1625449482.0,64.0
-67.34,1625449482.0,64.0
-56.19,1625449482.0,64.0
-43.59,1625449482.0,64.0
-30.31,1625449482.0,64.0
-16.82,1625449482.0,64.0
-3.4,1625449482.0,64.0
9.59,1625449482.0,64.0
21.57,1625449482.0,64.0
31.82,1625449482.0,64.0
39.71,1625449482.0,64.0
45.0,1625449482.0,64.0
47.98,1625449482.0,64.0
49.39,1625449482.0,64.0
50.07,1625449482.0,64.0
50.67,1625449482.0,64.0
51.43,1625449482.0,64.0
52.15,1625449482.0,64.0
52.43,1625449482.0,64.0
51.86,1625449482.0,64.0
50.23,1625449482.0,64.0
47.59,1625449482.0,64.0
44.19,1625449482.0,64.0
40.32,1625449482.0,64.0
36.24,1625449482.0,64.0
32.04,1625449482.0,64.0
27.71,1625449482.0,64.0
23.17,1625449482.0,64.0
18.33,1625449482.0,64.0
13.21,1625449482.0,64.0
7.91,1625449482.0,64.0
2.59,1625449482.0,64.0
-2.63,1625449482.0,64.0
-7.71,1625449482.0,64.0
-12.74,1625449482.0,64.0
-17.9,1625449482.0,64.0
-23.36,1625449482.0,64.0
-29.24,1625449482.0,64.0
-35.6,1625449482.0,64.0
-42.41,1625449482.0,64.0
-49.62,1625449482.0,64.0
-57.19,1625449482.0,64.0
-64.93,1625449482.0,64.0
-72.44,1625449482.0,64.0
-78.99,1625449482.0,64.0
-83.59,1625449482.0,64.0
-85.21,1625449482.0,64.0
-83.11,1625449482.0,64.0
-77.14,1625449482.0,64.0
-67.75,1625449482.0,64.0
-55.86,1625449482.0,64.0
-42.47,1625449482.0,64.0
-28.31,1625449482.0,64.0
-13.79,1625449482.0,64.0
0.87,1625449482.0,64.0
15.36,1625449482.0,64.0
29.03,1625449482.0,64.0
40.98,1625449482.0,64.0
50.34,1625449482.0,64.0
56.65,1625449482.0,64.0
60.1,1625449482.0,64.0
61.45,1625449482.0,64.0
61.77,1625449482.0,64.0
61.94,1625449482.0,64.0
62.44,1625449482.0,64.0
63.15,1625449482.0,64.0
63.62,1625449482.0,64.0
63.34,1625449482.0,64.0
61.94,1625449482.0,64.0
59.38,1625449482.0,64.0
55.86,1625449482.0,64.0
51.68,1625449482.0,64.0
47.11,1625449482.0,64.0
42.32,1625449482.0,64.0
37.41,1625449482.0,64.0
32.38,1625449482.0,64.0
27.28,1625449482.0,64.0
22.11,1625449482.0,64.0
16.89,1625449482.0,64.0
11.61,1625449482.0,64.0
6.21,1625449482.0,64.0
0.67,1625449482.0,64.0
-5.04,1625449482.0,64.0
-10.88,1625449482.0,64.0
-16.76,1625449482.0,64.0
-22.62,1625449482.0,64.0
-28.45,1625449482.0,64.0
-34.35,1625449482.0,64.0
-40.49,1625449482.0,64.0
-47.12,1625449482.0,64.0
-54.4,1625449482.0,64.0
-62.26,1625449482.0,64.0
-70.32,1625449482.0,64.0
-77.8,1625449482.0,64.0
-83.65,1625449482.0,64.0
-86.76,1625449482.0,64.0
-86.28,1625449482.0,64.0
-81.87,1625449482.0,64.0
-73.8,1625449482.0,64.0
-62.83,1625449482.0,64.0
-49.87,1625449482.0,64.0
-35.77,1625449482.0,64.0
-21.08,1625449482.0,64.0
-6.18,1625449482.0,64.0
8.58,1625449482.0,64.0
22.64,1625449482.0,64.0
35.28,1625449482.0,64.0
45.69,1625449482.0,64.0
53.36,1625449482.0,64.0
58.23,1625449482.0,64.0
60.77,1625449482.0,64.0
61.78,1625449482.0,64.0
62.09,1625449482.0,64.0
62.26,1625449482.0,64.0
62.51,1625449482.0,64.0
62.7,1625449482.0,64.0
62.54,1625449482.0,64.0
61.77,1625449482.0,64.0
60.25,1625449482.0,64.0
57.97,1625449482.0,64.0
55.02,1625449482.0,64.0
51.48,1625449482.0,64.0
47.44,1625449482.0,64.0
42.96,1625449482.0,64.0
38.14,1625449482.0,64.0
33.1,1625449482.0,64.0
27.98,1625449482.0,64.0
22.92,1625449482.0,64.0
18.0,1625449482.0,64.0
13.21,1625449482.0,64.0
8.43,1625449482.0,64.0
3.53,1625449482.0,64.0
-1.6,1625449482.0,64.0
-6.98,1625449482.0,64.0
-12.52,1625449482.0,64.0
-18.11,1625449482.0,64.0
-23.68,1625449482.0,64.0
-29.29,1625449482.0,64.0
-35.16,1625449482.0,64.0
-41.55,1625449482.0,64.0
-48.71,1625449482.0,64.0
-56.63,1625449482.0,64.0
-65.03,1625449482.0,64.0
-73.28,1625449482.0,64.0
-80.45,1625449482.0,64.0
-85.54,1625449482.0,64.0
-87.6,1625449482.0,64.0
-86.03,1625449482.0,64.0
-80.69,1625449482.0,64.0
-71.91,1625449482.0,64.0
-60.4,1625449482.0,64.0
-47.01,1625449482.0,64.0
-32.54,1625449482.0,64.0
-17.63,1625449482.0,64.0
-2.78,1625449482.0,64.0
11.55,1625449482.0,64.0
24.78,1625449482.0,64.0
36.25,1625449482.0,64.0
45.35,1625449482.0,64.0
51.73,1625449482.0,64.0
55.54,1625449482.0,64.0
57.38,1625449482.0,64.0
58.18,1625449482.0,64.0
58.79,1625449482.0,64.0
59.67,1625449482.0,64.0
60.8,1625449482.0,64.0
61.75,1625449482.0,64.0
61.98,1625449482.0,64.0
61.13,1625449482.0,64.0
59.15,1625449482.0,64.0
56.28,1625449482.0,64.0
52.85,1625449482.0,64.0
49.07,1625449482.0,64.0
44.97,1625449482.0,64.0
40.48,1625449482.0,64.0
35.58,1625449482.0,64.0
30.42,1625449482.0,64.0
25.3,1625449482.0,64.0
20.53,1625449482.0,64.0
16.26,1625449482.0,64.0
12.35,1625449482.0,64.0
8.45,1625449482.0,64.0
4.12,1625449482.0,64.0
-0.89,1625449482.0,64.0
-6.57,1625449482.0,64.0
-12.6,1625449482.0,64.0
-18.59,1625449482.0,64.0
-24.2,1625449482.0,64.0
-29.37,1625449482.0,64.0
-34.34,1625449482.0,64.0
-39.48,1625449482.0,64.0
-45.2,1625449482.0,64.0
-51.75,1625449482.0,64.0
-59.11,1625449482.0,64.0
-66.95,1625449482.0,64.0
-74.6,1625449482.0,64.0
-81.08,1625449482.0,64.0
-85.3,1625449482.0,64.0
-86.3,1625449482.0,64.0
-83.5,1625449482.0,64.0
-76.91,1625449482.0,64.0
-67.12,1625449482.0,64.0
-55.03,1625449482.0,64.0
-41.57,1625449482.0,64.0
-27.44,1625449482.0,64.0
-13.09,1625449482.0,64.0
1.18,1625449482.0,64.0
14.93,1625449482.0,64.0
27.52,1625449482.0,64.0
38.16,1625449482.0,64.0
46.19,1625449482.0,64.0
51.41,1625449482.0,64.0
54.18,1625449482.0,64.0
55.34,1625449482.0,64.0
55.88,1625449482.0,64.0
56.51,1625449482.0,64.0
57.46,1625449482.0,64.0
58.44,1625449482.0,64.0
58.95,1625449482.0,64.0
58.55,1625449482.0,64.0
57.1,1625449482.0,64.0
54.8,1625449482.0,64.0
51.97,1625449482.0,64.0
48.87,1625449482.0,64.0
45.52,1625449482.0,64.0
41.8,1625449482.0,64.0
37.54,1625449482.0,64.0
32.74,1625449482.0,64.0
27.61,1625449482.0,64.0
22.49,1625449482.0,64.0
17.71,1625449482.0,64.0
13.4,1625449482.0,64.0
9.43,1625449482.0,64.0
5.47,1625449482.0,64.0
1.2,1625449482.0,64.0
-3.58,1625449482.0,64.0
-8.83,1625449482.0,64.0
-14.31,1625449482.0,64.0
-19.76,1625449482.0,64.0
-25.01,1625449482.0,64.0
-30.06,1625449482.0,64.0
-35.11,1625449482.0,64.0
-40.4,1625449482.0,64.0
-46.16,1625449482.0,64.0
-52.53,1625449482.0,64.0
-59.52,1625449482.0,64.0
-66.92,1625449482.0,64.0
-74.32,1625449482.0,64.0
-80.94,1625449482.0,64.0
-85.8,1625449482.0,64.0
-87.83,1625449482.0,64.0
-86.21,1625449482.0,64.0
-80.68,1625449482.0,64.0
-71.58,1625449482.0,64.0
-59.82,1625449482.0,64.0
-46.48,1625449482.0,64.0
-32.5,1625449482.0,64.0
-18.48,1625449482.0,64.0
-4.75,1625449482.0,64.0
8.4,1625449482.0,64.0
20.51,1625449482.0,64.0
30.92,1625449482.0,64.0
38.98,1625449482.0,64.0
44.38,1625449482.0,64.0
47.33,1625449482.0,64.0
48.59,1625449482.0,64.0
49.14,1625449482.0,64.0
49.79,1625449482.0,64.0
50.88,1625449482.0,64.0
52.2,1625449482.0,64.0
53.22,1625449482.0,64.0
53.44,1625449482.0,64.0
52.61,1625449482.0,64.0
50.84,1625449482.0,64.0
48.45,1625449482.0,64.0
45.72,1625449482.0,64.0
42.75,1625449482.0,64.0
39.44,1625449482.0,64.0
35.64,1625449482.0,64.0
31.29,1625449482.0,64.0
26.54,1625449482.0,64.0
21.68,1625449482.0,64.0
17.01,1625449482.0,64.0
12.66,1625449482.0,64.0
8.57,1625449482.0,64.0
4.5,1625449482.0,64.0
0.23,1625449482.0,64.0
-4.36,1625449482.0,64.0
-9.21,1625449482.0,64.0
-14.15,1625449482.0,64.0
-19.0,1625449482.0,64.0
-23.71,1625449482.0,64.0
-28.33,1625449482.0,64.0
-33.1,1625449482.0,64.0
-38.28,1625449482.0,64.0
-44.1,1625449482.0,64.0
-50.67,1625449482.0,64.0
-57.81,1625449482.0,64.0
-64.99,1625449482.0,64.0
-71.33,1625449482.0,64.0
-75.75,1625449482.0,64.0
-77.23,1625449482.0,64.0
-75.16,1625449482.0,64.0
-69.47,1625449482.0,64.0
-60.64,1625449482.0,64.0
-49.55,1625449482.0,64.0
-37.09,1625449482.0,64.0
-24.07,1625449482.0,64.0
-11.11,1625449482.0,64.0
1.29,1625449482.0,64.0
12.58,1625449482.0,64.0
22.21,1625449482.0,64.0
29.72,1625449482.0,64.0
34.93,1625449482.0,64.0
38.11,1625449482.0,64.0
39.84,1625449482.0,64.0
40.89,1625449482.0,64.0
41.92,1625449482.0,64.0
43.23,1625449482.0,64.0
44.78,1625449482.0,64.0
46.2,1625449482.0,64.0
47.06,1625449482.0,64.0
47.0,1625449482.0,64.0
45.86,1625449482.0,64.0
43.7,1625449482.0,64.0
40.66,1625449482.0,64.0
36.97,1625449482.0,64.0
32.79,1625449482.0,64.0
28.3,1625449482.0,64.0
23.65,1625449482.0,64.0
19.04,1625449482.0,64.0
14.6,1625449482.0,64.0
10.41,1625449482.0,64.0
6.43,1625449482.0,64.0
2.47,1625449482.0,64.0
-1.7,1625449482.0,64.0
-6.25,1625449482.0,64.0
-11.23,1625449482.0,64.0
-16.55,1625449482.0,64.0
-22.05,1625449482.0,64.0
-27.63,1625449482.0,64.0
-33.31,1625449482.0,64.0
-39.18,1625449482.0,64.0
-45.4,1625449482.0,64.0
-52.11,1625449482.0,64.0
-59.39,1625449482.0,64.0
-67.13,1625449482.0,64.0
-75.0,1625449482.0,64.0
-82.33,1625449482.0,64.0
-88.13,1625449482.0,64.0
-91.32,1625449482.0,64.0
-90.94,1625449482.0,64.0
-86.52,1625449482.0,64.0
-78.24,1625449482.0,64.0
-66.85,1625449482.0,64.0
-53.43,1625449482.0,64.0
-38.98,1625449482.0,64.0
-24.23,1625449482.0,64.0
-9.64,1625449482.0,64.0
4.46,1625449482.0,64.0
17.62,1625449482.0,64.0
29.27,1625449482.0,64.0
38.82,1625449482.0,64.0
45.9,1625449482.0,64.0
50.58,1625449482.0,64.0
53.34,1625449482.0,64.0
54.91,1625449482.0,64.0
56.02,1625449482.0,64.0
57.08,1625449482.0,64.0
58.16,1625449482.0,64.0
59.0,1625449482.0,64.0
59.21,1625449482.0,64.0
58.51,1625449482.0,64.0
56.77,1625449482.0,64.0
54.1,1625449482.0,64.0
50.71,1625449482.0,64.0
46.83,1625449482.0,64.0
42.65,1625449482.0,64.0
38.27,1625449482.0,64.0
33.75,1625449482.0,64.0
29.13,1625449482.0,64.0
24.45,1625449482.0,64.0
19.74,1625449482.0,64.0
15.0,1625449482.0,64.0
10.15,1625449482.0,64.0
5.09,1625449482.0,64.0
-0.27,1625449482.0,64.0
-5.93,1625449482.0,64.0
-11.81,1625449482.0,64.0
-17.79,1625449482.0,64.0
-23.79,1625449482.0,64.0
-29.83,1625449482.0,64.0
-35.99,1625449482.0,64.0
-42.45,1625449482.0,64.0
-49.37,1625449482.0,64.0
-56.86,1625449482.0,64.0
-64.83,1625449482.0,64.0
-72.94,1625449482.0,64.0
-80.46,1625449482.0,64.0
-86.39,1625449482.0,64.0
-89.61,1625449482.0,64.0
-89.23,1625449482.0,64.0
-84.9,1625449482.0,64.0
-76.88,1625449482.0,64.0
-65.98,1625449482.0,64.0
-53.22,1625449482.0,64.0
-39.48,1625449482.0,64.0
-25.26,1625449482.0,64.0
-10.8,1625449482.0,64.0
3.7,1625449482.0,64.0
17.78,1625449482.0,64.0
30.66,1625449482.0,64.0
41.43,1625449482.0,64.0
49.41,1625449482.0,64.0
54.47,1625449482.0,64.0
57.14,1625449482.0,64.0
58.39,1625449482.0,64.0
59.18,1625449482.0,64.0
60.14,1625449482.0,64.0
61.35,1625449482.0,64.0
62.47,1625449482.0,64.0
62.98,1625449482.0,64.0
62.56,1625449482.0,64.0
61.11,1625449482.0,64.0
58.76,1625449482.0,64.0
55.72,1625449482.0,64.0
52.09,1625449482.0,64.0
47.91,1625449482.0,64.0
43.18,1625449482.0,64.0
37.99,1625449482.0,64.0
32.54,1625449482.0,64.0
27.06,1625449482.0,64.0
21.74,1625449482.0,64.0
16.65,1625449482.0,64.0
11.69,1625449482.0,64.0
6.7,1625449482.0,64.0
1.53,1625449482.0,64.0
-3.91,1625449482.0,64.0
-9.6,1625449482.0,64.0
-15.47,1625449482.0,64.0
-21.42,1625449482.0,64.0
-27.42,1625449482.0,64.0
-33.51,1625449482.0,64.0
-39.85,1625449482.0,64.0
-46.65,1625449482.0,64.0
-54.07,1625449482.0,64.0
-62.07,1625449482.0,64.0
-70.24,1625449482.0,64.0
-77.81,1625449482.0,64.0
-83.72,1625449482.0,64.0
-86.85,1625449482.0,64.0
-86.38,1625449482.0,64.0
-81.98,1625449482.0,64.0
-73.91,1625449482.0,64.0
-62.88,1625449482.0,64.0
-49.83,1625449482.0,64.0
-35.59,1625449482.0,64.0
-20.8,1625449482.0,64.0
-5.92,1625449482.0,64.0
8.61,1625449482.0,64.0
22.18,1625449482.0,64.0
34.09,1625449482.0,64.0
43.66,1625449482.0,64.0
50.53,1625449482.0,64.0
54.85,1625449482.0,64.0
57.26,1625449482.0,64.0
58.63,1625449482.0,64.0
59.77,1625449482.0,64.0
61.09,1625449482.0,64.0
62.54,1625449482.0,64.0
63.68,1625449482.0,64.0
64.04,1625449482.0,64.0
63.25,1625449482.0,64.0
61.23,1625449482.0,64.0
58.17,1625449482.0,64.0
54.35,1625449482.0,64.0
50.06,1625449482.0,64.0
45.46,1625449482.0,64.0
40.65,1625449482.0,64.0
35.68,1625449482.0,64.0
30.6,1625449482.0,64.0
25.51,1625449482.0,64.0
20.5,1625449482.0,64.0
15.58,1625449482.0,64.0
10.71,1625449482.0,64.0
5.76,1625449482.0,64.0
0.58,1625449482.0,64.0
-4.91,1625449482.0,64.0
-10.73,1625449482.0,64.0
-16.81,1625449482.0,64.0
-23.06,1625449482.0,64.0
-29.41,1625449482.0,64.0
-35.86,1625449482.0,64.0
-42.48,1625449482.0,64.0
-49.42,1625449482.0,64.0
-56.81,1625449482.0,64.0
-64.58,1625449482.0,64.0
-72.39,1625449482.0,64.0
-79.45,1625449482.0,64.0
-84.69,1625449482.0,64.0
-86.94,1625449482.0,64.0
-85.34,1625449482.0,64.0
-79.61,1625449482.0,64.0
-70.17,1625449482.0,64.0
-57.96,1625449482.0,64.0
-44.07,1625449482.0,64.0
-29.41,1625449482.0,64.0
-14.58,1625449482.0,64.0
0.07,1625449482.0,64.0
14.14,1625449482.0,64.0
27.02,1625449482.0,64.0
37.94,1625449482.0,64.0
46.28,1625449482.0,64.0
51.85,1625449482.0,64.0
55.05,1625449482.0,64.0
56.8,1625449482.0,64.0
58.04,1625449482.0,64.0
59.42,1625449482.0,64.0
61.05,1625449482.0,64.0
62.56,1625449482.0,64.0
63.43,1625449482.0,64.0
63.29,1625449482.0,64.0
62.06,1625449482.0,64.0
59.92,1625449482.0,64.0
57.1,1625449482.0,64.0
53.71,1625449482.0,64.0
49.71,1625449482.0,64.0
45.06,1625449482.0,64.0
39.79,1625449482.0,64.0
34.15,1625449482.0,64.0
28.52,1625449482.0,64.0
23.24,1625449482.0,64.0
18.5,1625449482.0,64.0
14.22,1625449482.0,64.0
10.07,1625449482.0,64.0
5.7,1625449482.0,64.0
0.81,1625449482.0,64.0
-4.68,1625449482.0,64.0
-10.62,1625449482.0,64.0
-16.73,1625449482.0,64.0
-22.69,1625449482.0,64.0
-28.37,1625449482.0,64.0
-33.79,1625449482.0,64.0
-39.2,1625449482.0,64.0
-44.95,1625449482.0,64.0
-51.34,1625449482.0,64.0
-58.54,1625449482.0,64.0
-66.43,1625449482.0,64.0
-74.56,1625449482.0,64.0
-82.16,1625449482.0,64.0
-88.17,1625449482.0,64.0
-91.5,1625449482.0,64.0
-91.2,1625449482.0,64.0
-86.78,1625449482.0,64.0
-78.35,1625449482.0,64.0
-66.62,1625449482.0,64.0
-52.63,1625449482.0,64.0
-37.43,1625449482.0,64.0
-21.83,1625449482.0,64.0
-6.37,1625449482.0,64.0
8.55,1625449482.0,64.0
22.47,1625449482.0,64.0
34.79,1625449482.0,64.0
44.87,1625449482.0,64.0
52.31,1625449482.0,64.0
57.12,1625449482.0,64.0
59.81,1625449482.0,64.0
61.21,1625449482.0,64.0
62.12,1625449482.0,64.0
63.02,1625449482.0,64.0
63.97,1625449482.0,64.0
64.66,1625449482.0,64.0
64.7,1625449482.0,64.0
63.8,1625449482.0,64.0
61.9,1625449482.0,64.0
59.14,1625449482.0,64.0
55.74,1625449482.0,64.0
51.88,1625449482.0,64.0
47.64,1625449482.0,64.0
43.05,1625449482.0,64.0
38.17,1625449482.0,64.0
33.14,1625449482.0,64.0
28.14,1625449482.0,64.0
23.34,1625449482.0,64.0
18.79,1625449482.0,64.0
14.34,1625449482.0,64.0
9.78,1625449482.0,64.0
4.91,1625449482.0,64.0
-0.34,1625449482.0,64.0
-5.86,1625449482.0,64.0
-11.44,1625449482.0,64.0
-16.92,1625449482.0,64.0
-22.28,1625449482.0,64.0
-27.63,1625449482.0,64.0
-33.14,1625449482.0,64.0
-38.99,1625449482.0,64.0
-45.33,1625449482.0,64.0
-52.28,1625449482.0,64.0
-59.82,1625449482.0,64.0
-67.72,1625449482.0,64.0
-75.36,1625449482.0,64.0
-81.72,1625449482.0,64.0
-85.54,1625449482.0,64.0
-85.7,1625449482.0,64.0
-81.61,1625449482.0,64.0
-73.48,1625449482.0,64.0
-62.17,1625449482.0,64.0
-48.84,1625449482.0,64.0
-34.55,1625449482.0,64.0
-20.01,1625449482.0,64.0
-5.62,1625449482.0,64.0
8.23,1625449482.0,64.0
20.98,1625449482.0,64.0
31.87,1625449482.0,64.0
40.2,1625449482.0,64.0
45.68,1625449482.0,64.0
48.62,1625449482.0,64.0
49.85,1625449482.0,64.0
50.41,1625449482.0,64.0
51.12,1625449482.0,64.0
52.3,1625449482.0,64.0
53.76,1625449482.0,64.0
54.99,1625449482.0,64.0
55.48,1625449482.0,64.0
54.91,1625449482.0,64.0
53.26,1625449482.0,64.0
50.67,1625449482.0,64.0
47.39,1625449482.0,64.0
43.59,1625449482.0,64.0
39.4,1625449482.0,64.0
34.94,1625449482.0,64.0
30.35,1625449482.0,64.0
25.77,1625449482.0,64.0
21.32,1625449482.0,64.0
17.05,1625449482.0,64.0
12.88,1625449482.0,64.0
8.66,1625449482.0,64.0
4.27,1625449482.0,64.0
-0.39,1625449482.0,64.0
-5.29,1625449482.0,64.0
-10.38,1625449482.0,64.0
-15.56,1625449482.0,64.0
-20.78,1625449482.0,64.0
-26.05,1625449482.0,64.0
-31.4,1625449482.0,64.0
-36.96,1625449482.0,64.0
-42.86,1625449482.0,64.0
-49.26,1625449482.0,64.0
-56.16,1625449482.0,64.0
-63.29,1625449482.0,64.0
-69.97,1625449482.0,64.0
-75.14,1625449482.0,64.0
-77.62,1625449482.0,64.0
-76.45,1625449482.0,64.0
-71.3,1625449482.0,64.0
-62.52,1625449482.0,64.0
-51.06,1625449482.0,64.0
-38.07,1625449482.0,64.0
-24.48,1625449482.0,64.0
-10.91,1625449482.0,64.0
2.28,1625449482.0,64.0
14.74,1625449482.0,64.0
25.85,1625449482.0,64.0
34.86,1625449482.0,64.0
41.15,1625449482.0,64.0
44.61,1625449482.0,64.0
45.79,1625449482.0,64.0
45.74,1625449482.0,64.0
45.56,1625449482.0,64.0
45.96,1625449482.0,64.0
47.05,1625449482.0,64.0
48.36,1625449482.0,64.0
49.22,1625449482.0,64.0
49.06,1625449482.0,64.0
47.63,1625449482.0,64.0
45.02,1625449482.0,64.0
41.53,1625449482.0,64.0
37.52,1625449482.0,64.0
33.29,1625449482.0,64.0
28.97,1625449482.0,64.0
24.6,1625449482.0,64.0
20.09,1625449482.0,64.0
15.33,1625449482.0,64.0
10.27,1625449482.0,64.0
4.95,1625449482.0,64.0
-0.45,1625449482.0,64.0
-5.76,1625449482.0,64.0
-10.83,1625449482.0,64.0
-15.69,1625449482.0,64.0
-20.49,1625449482.0,64.0
-25.48,1625449482.0,64.0
-30.89,1625449482.0,64.0
-36.82,1625449482.0,64.0
-43.32,1625449482.0,64.0
-50.35,1625449482.0,64.0
-57.77,1625449482.0,64.0
-65.31,1625449482.0,64.0
-72.4,1625449482.0,64.0
-78.15,1625449482.0,64.0
-81.48,1625449482.0,64.0
-81.42,1625449482.0,64.0
-77.4,1625449482.0,64.0
-69.57,1625449482.0,64.0
-58.65,1625449482.0,64.0
-45.72,1625449482.0,64.0
-31.79,1625449482.0,64.0
-17.56,1625449482.0,64.0
-3.44,1625449482.0,64.0
10.27,1625449482.0,64.0
23.05,1625449482.0,64.0
34.17,1625449482.0,64.0
42.88,1625449482.0,64.0
48.78,1625449482.0,64.0
52.06,1625449482.0,64.0
53.49,1625449482.0,64.0
54.09,1625449482.0,64.0
54.69,1625449482.0,64.0
55.62,1625449482.0,64.0
56.66,1625449482.0,64.0
57.24,1625449482.0,64.0
56.81,1625449482.0,64.0
55.1,1625449482.0,64.0
52.22,1625449482.0,64.0
48.51,1625449482.0,64.0
44.39,1625449482.0,64.0
40.09,1625449482.0,64.0
35.68,1625449482.0,64.0
31.08,1625449482.0,64.0
26.16,1625449482.0,64.0
20.92,1625449482.0,64.0
15.46,1625449482.0,64.0
9.93,1625449482.0,64.0
4.49,1625449482.0,64.0
-0.81,1625449482.0,64.0
-6.04,1625449482.0,64.0
-11.34,1625449482.0,64.0
-16.88,1625449482.0,64.0
-22.74,1625449482.0,64.0
-28.95,1625449482.0,64.0
-35.47,1625449482.0,64.0
-42.31,1625449482.0,64.0
-49.53,1625449482.0,64.0
-57.19,1625449482.0,64.0
-65.24,1625449482.0,64.0
-73.29,1625449482.0,64.0
-80.59,1625449482.0,64.0
-86.07,1625449482.0,64.0
-88.63,1625449482.0,64.0
-87.42,1625449482.0,64.0
-82.15,1625449482.0,64.0
-73.16,1625449482.0,64.0
-61.29,1625449482.0,64.0
-47.5,1625449482.0,64.0
-32.64,1625449482.0,64.0
-17.28,1625449482.0,64.0
-1.82,1625449482.0,64.0
13.3,1625449482.0,64.0
27.43,1625449482.0,64.0
39.74,1625449482.0,64.0
49.43,1625449482.0,64.0
56.1,1625449482.0,64.0
59.92,1625449482.0,64.0
61.61,1625449482.0,64.0
62.14,1625449482.0,64.0
62.37,1625449482.0,64.0
62.75,1625449482.0,64.0
63.19,1625449482.0,64.0
63.34,1625449482.0,64.0
62.75,1625449482.0,64.0
61.19,1625449482.0,64.0
58.68,1625449482.0,64.0
55.38,1625449482.0,64.0
51.49,1625449482.0,64.0
47.13,1625449482.0,64.0
42.34,1625449482.0,64.0
37.14,1625449482.0,64.0
31.6,1625449482.0,64.0
25.84,1625449482.0,64.0
20.01,1625449482.0,64.0
14.26,1625449482.0,64.0
8.65,1625449482.0,64.0
3.22,1625449482.0,64.0
-2.07,1625449482.0,64.0
-7.3,1625449482.0,64.0
-12.61,1625449482.0,64.0
-18.18,1625449482.0,64.0
-24.18,1625449482.0,64.0
-30.69,1625449482.0,64.0
-37.72,1625449482.0,64.0
-45.23,1625449482.0,64.0
-53.14,1625449482.0,64.0
-61.37,1625449482.0,64.0
-69.67,1625449482.0,64.0
-77.54,1625449482.0,64.0
-84.13,1625449482.0,64.0
-88.32,1625449482.0,64.0
-89.06,1625449482.0,64.0
-85.72,1625449482.0,64.0
-78.31,1625449482.0,64.0
-67.5,1625449482.0,64.0
-54.34,1625449482.0,64.0
-39.86,1625449482.0,64.0
-24.81,1625449482.0,64.0
-9.6,1625449482.0,64.0
5.43,1625449482.0,64.0
19.83,1625449482.0,64.0
32.85,1625449482.0,64.0
43.63,1625449482.0,64.0
51.52,1625449482.0,64.0
56.39,1625449482.0,64.0
58.73,1625449482.0,64.0
59.49,1625449482.0,64.0
59.73,1625449482.0,64.0
60.17,1625449482.0,64.0
61.05,1625449482.0,64.0
62.06,1625449482.0,64.0
62.65,1625449482.0,64.0
62.27,1625449482.0,64.0
60.65,1625449482.0,64.0
57.8,1625449482.0,64.0
53.92,1625449482.0,64.0
49.3,1625449482.0,64.0
44.19,1625449482.0,64.0
38.79,1625449482.0,64.0
33.28,1625449482.0,64.0
27.87,1625449482.0,64.0
22.66,1625449482.0,64.0
17.7,1625449482.0,64.0
12.88,1625449482.0,64.0
8.02,1625449482.0,64.0
2.94,1625449482.0,64.0
-2.46,1625449482.0,64.0
-8.18,1625449482.0,64.0
-14.14,1625449482.0,64.0
-20.2,1625449482.0,64.0
-26.31,1625449482.0,64.0
-32.46,1625449482.0,64.0
-38.72,1625449482.0,64.0
-45.3,1625449482.0,64.0
-52.38,1625449482.0,64.0
-60.1,1625449482.0,64.0
-68.34,1625449482.0,64.0
-76.6,1625449482.0,64.0
-83.9,1625449482.0,64.0
-89.04,1625449482.0,64.0
-90.84,1625449482.0,64.0
-88.57,1625449482.0,64.0
-82.16,1625449482.0,64.0
-72.17,1625449482.0,64.0
-59.59,1625449482.0,64.0
-45.39,1625449482.0,64.0
-30.34,1625449482.0,64.0
-14.9,1625449482.0,64.0
0.54,1625449482.0,64.0
15.5,1625449482.0,64.0
29.24,1625449482.0,64.0
40.91,1625449482.0,64.0
49.8,1625449482.0,64.0
55.7,1625449482.0,64.0
58.99,1625449482.0,64.0
60.5,1625449482.0,64.0
61.2,1625449482.0,64.0
61.81,1625449482.0,64.0
62.56,1625449482.0,64.0
63.27,1625449482.0,64.0
63.51,1625449482.0,64.0
62.91,1625449482.0,64.0
61.29,1625449482.0,64.0
58.71,1625449482.0,64.0
55.37,1625449482.0,64.0
51.45,1625449482.0,64.0
47.09,1625449482.0,64.0
42.37,1625449482.0,64.0
37.4,1625449482.0,64.0
32.32,1625449482.0,64.0
27.29,1625449482.0,64.0
22.41,1625449482.0,64.0
17.62,1625449482.0,64.0
12.78,1625449482.0,64.0
7.69,1625449482.0,64.0
2.23,1625449482.0,64.0
-3.58,1625449482.0,64.0
-9.58,1625449482.0,64.0
-15.59,1625449482.0,64.0
-21.44,1625449482.0,64.0
-27.12,1625449482.0,64.0
-32.67,1625449482.0,64.0
-38.22,1625449482.0,64.0
-43.94,1625449482.0,64.0
-50.06,1625449482.0,64.0
-56.8,1625449482.0,64.0
-64.24,1625449482.0,64.0
-72.21,1625449482.0,64.0
-80.04,1625449482.0,64.0
-86.62,1625449482.0,64.0
-90.61,1625449482.0,64.0
-90.86,1625449482.0,64.0
-86.79,1625449482.0,64.0
-78.59,1625449482.0,64.0
-67.09,1625449482.0,64.0
-53.39,1625449482.0,64.0
-38.5,1625449482.0,64.0
-23.09,1625449482.0,64.0
-7.56,1625449482.0,64.0
7.73,1625449482.0,64.0
22.21,1625449482.0,64.0
35.06,1625449482.0,64.0
45.44,1625449482.0,64.0
52.86,1625449482.0,64.0
57.4,1625449482.0,64.0
59.73,1625449482.0,64.0
60.83,1625449482.0,64.0
61.62,1625449482.0,64.0
62.55,1625449482.0,64.0
63.62,1625449482.0,64.0
64.41,1625449482.0,64.0
64.44,1625449482.0,64.0
63.43,1625449482.0,64.0
61.36,1625449482.0,64.0
58.48,1625449482.0,64.0
55.11,1625449482.0,64.0
51.5,1625449482.0,64.0
47.71,1625449482.0,64.0
43.64,1625449482.0,64.0
39.13,1625449482.0,64.0
34.15,1625449482.0,64.0
28.83,1625449482.0,64.0
23.46,1625449482.0,64.0
18.37,1625449482.0,64.0
13.73,1625449482.0,64.0
9.44,1625449482.0,64.0
5.15,1625449482.0,64.0
0.44,1625449482.0,64.0
-4.97,1625449482.0,64.0
-11.0,1625449482.0,64.0
-17.31,1625449482.0,64.0
-23.47,1625449482.0,64.0
-29.16,1625449482.0,64.0
-34.37,1625449482.0,64.0
-39.41,1625449482.0,64.0
-44.75,1625449482.0,64.0
-50.82,1625449482.0,64.0
-57.87,1625449482.0,64.0
-65.88,1625449482.0,64.0
-74.49,1625449482.0,64.0
-83.02,1625449482.0,64.0
-90.44,1625449482.0,64.0
-95.58,1625449482.0,64.0
-97.37,1625449482.0,64.0
-95.1,1625449482.0,64.0
-88.64,1625449482.0,64.0
-78.48,1625449482.0,64.0
-65.5,1625449482.0,64.0
-50.72,1625449482.0,64.0
-35.0,1625449482.0,64.0
-18.96,1625449482.0,64.0
-3.09,1625449482.0,64.0
12.03,1625449482.0,64.0
25.72,1625449482.0,64.0
37.24,1625449482.0,64.0
46.04,1625449482.0,64.0
52.03,1625449482.0,64.0
55.65,1625449482.0,64.0
57.67,1625449482.0,64.0
58.98,1625449482.0,64.0
60.16,1625449482.0,64.0
61.38,1625449482.0,64.0
62.42,1625449482.0,64.0
62.86,1625449482.0,64.0
62.4,1625449482.0,64.0
60.98,1625449482.0,64.0
58.78,1625449482.0,64.0
56.07,1625449482.0,64.0
53.04,1625449482.0,64.0
49.72,1625449482.0,64.0
46.0,1625449482.0,64.0
41.8,1625449482.0,64.0
37.11,1625449482.0,64.0
32.1,1625449482.0,64.0
27.02,1625449482.0,64.0
22.15,1625449482.0,64.0
17.65,1625449482.0,64.0
13.5,1625449482.0,64.0
9.54,1625449482.0,64.0
5.5,1625449482.0,64.0
1.12,1625449482.0,64.0
-3.78,1625449482.0,64.0
-9.22,1625449482.0,64.0
-15.07,1625449482.0,64.0
-21.11,1625449482.0,64.0
-27.12,1625449482.0,64.0
-32.97,1625449482.0,64.0
-38.72,1625449482.0,64.0
-44.51,1625449482.0,64.0
-50.6,1625449482.0,64.0
-57.17,1625449482.0,64.0
-64.15,1625449482.0,64.0
-71.18,1625449482.0,64.0
-77.5,1625449482.0,64.0
-82.1,1625449482.0,64.0
-83.93,1625449482.0,64.0
-82.19,1625449482.0,64.0
-76.6,1625449482.0,64.0
-67.5,1625449482.0,64.0
-55.68,1625449482.0,64.0
-42.15,1625449482.0,64.0
-27.84,1625449482.0,64.0
-13.45,1625449482.0,64.0
0.49,1625449482.0,64.0
13.53,1625449482.0,64.0
25.09,1625449482.0,64.0
34.56,1625449482.0,64.0
41.46,1625449482.0,64.0
45.71,1625449482.0,64.0
47.73,1625449482.0,64.0
48.38,1625449482.0,64.0
48.64,1625449482.0,64.0
49.26,1625449482.0,64.0
50.47,1625449482.0,64.0
51.98,1625449482.0,64.0
53.15,1625449482.0,64.0
53.38,1625449482.0,64.0
52.31,1625449482.0,64.0
49.93,1625449482.0,64.0
46.51,1625449482.0,64.0
42.4,1625449482.0,64.0
37.91,1625449482.0,64.0
33.25,1625449482.0,64.0
28.54,1625449482.0,64.0
23.84,1625449482.0,64.0
19.2,1625449482.0,64.0
14.66,1625449482.0,64.0
10.2,1625449482.0,64.0
5.73,1625449482.0,64.0
1.17,1625449482.0,64.0
-3.57,1625449482.0,64.0
-8.48,1625449482.0,64.0
-13.55,1625449482.0,64.0
-18.72,1625449482.0,64.0
-23.96,1625449482.0,64.0
-29.31,1625449482.0,64.0
-34.88,1625449482.0,64.0
-40.88,1625449482.0,64.0
-47.5,1625449482.0,64.0
-54.86,1625449482.0,64.0
-62.85,1625449482.0,64.0
-71.07,1625449482.0,64.0
-78.73,1625449482.0,64.0
-84.77,1625449482.0,64.0
-88.09,1625449482.0,64.0
-87.81,1625449482.0,64.0
-83.55,1625449482.0,64.0
-75.59,1625449482.0,64.0
-64.68,1625449482.0,64.0
-51.82,1625449482.0,64.0
-37.92,1625449482.0,64.0
-23.58,1625449482.0,64.0
-9.12,1625449482.0,64.0
5.16,1625449482.0,64.0
18.76,1625449482.0,64.0
30.94,1625449482.0,64.0
40.87,1625449482.0,64.0
48.0,1625449482.0,64.0
52.38,1625449482.0,64.0
54.68,1625449482.0,64.0
55.89,1625449482.0,64.0
56.91,1625449482.0,64.0
58.14,1625449482.0,64.0
59.44,1625449482.0,64.0
60.37,1625449482.0,64.0
60.43,1625449482.0,64.0
59.45,1625449482.0,64.0
57.49,1625449482.0,64.0
54.78,1625449482.0,64.0
51.5,1625449482.0,64.0
47.69,1625449482.0,64.0
43.32,1625449482.0,64.0
38.42,1625449482.0,64.0
33.18,1625449482.0,64.0
27.85,1625449482.0,64.0
22.71,1625449482.0,64.0
17.85,1625449482.0,64.0
13.17,1625449482.0,64.0
8.43,1625449482.0,64.0
3.4,1625449482.0,64.0
-2.05,1625449482.0,64.0
-7.87,1625449482.0,64.0
-13.95,1625449482.0,64.0
-20.15,1625449482.0,64.0
-26.38,1625449482.0,64.0
-32.66,1625449482.0,64.0
-39.08,1625449482.0,64.0
-45.76,1625449482.0,64.0
-52.85,1625449482.0,64.0
-60.41,1625449482.0,64.0
-68.43,1625449482.0,64.0
-76.65,1625449482.0,64.0
-84.53,1625449482.0,64.0
-91.22,1625449482.0,64.0
-95.66,1625449482.0,64.0
-96.87,1625449482.0,64.0
-94.16,1625449482.0,64.0
-87.48,1625449482.0,64.0
-77.3,1625449482.0,64.0
-64.52,1625449482.0,64.0
-50.06,1625449482.0,64.0
-34.64,1625449482.0,64.0
-18.69,1625449482.0,64.0
-2.53,1625449482.0,64.0
13.36,1625449482.0,64.0
28.24,1625449482.0,64.0
41.16,1625449482.0,64.0
51.3,1625449482.0,64.0
58.31,1625449482.0,64.0
62.49,1625449482.0,64.0
64.65,1625449482.0,64.0
65.75,1625449482.0,64.0
66.52,1625449482.0,64.0
67.26,1625449482.0,64.0
67.89,1625449482.0,64.0
68.12,1625449482.0,64.0
67.74,1625449482.0,64.0
66.66,1625449482.0,64.0
64.89,1625449482.0,64.0
62.46,1625449482.0,64.0
59.35,1625449482.0,64.0
55.5,1625449482.0,64.0
50.89,1625449482.0,64.0
45.62,1625449482.0,64.0
39.9,1625449482.0,64.0
33.99,1625449482.0,64.0
28.17,1625449482.0,64.0
22.62,1625449482.0,64.0
17.36,1625449482.0,64.0
12.31,1625449482.0,64.0
7.24,1625449482.0,64.0
1.93,1625449482.0,64.0
-3.78,1625449482.0,64.0
-9.88,1625449482.0,64.0
-16.21,1625449482.0,64.0
-22.5,1625449482.0,64.0
-28.61,1625449482.0,64.0
-34.5,1625449482.0,64.0
-40.4,1625449482.0,64.0
-46.63,1625449482.0,64.0
-53.53,1625449482.0,64.0
-61.3,1625449482.0,64.0
-69.81,1625449482.0,64.0
-78.6,1625449482.0,64.0
-86.81,1625449482.0,64.0
-93.34,1625449482.0,64.0
-97.03,1625449482.0,64.0
-96.99,1625449482.0,64.0
-92.81,1625449482.0,64.0
-84.68,1625449482.0,64.0
-73.33,1625449482.0,64.0
-59.71,1625449482.0,64.0
-44.73,1625449482.0,64.0
-29.01,1625449482.0,64.0
-12.96,1625449482.0,64.0
3.1,1625449482.0,64.0
18.63,1625449482.0,64.0
32.85,1625449482.0,64.0
44.82,1625449482.0,64.0
53.83,1625449482.0,64.0
59.68,1625449482.0,64.0
62.83,1625449482.0,64.0
64.23,1625449482.0,64.0
64.91,1625449482.0,64.0
65.61,1625449482.0,64.0
66.52,1625449482.0,64.0
67.38,1625449482.0,64.0
67.73,1625449482.0,64.0
67.21,1625449482.0,64.0
65.74,1625449482.0,64.0
63.49,1625449482.0,64.0
60.66,1625449482.0,64.0
57.35,1625449482.0,64.0
53.43,1625449482.0,64.0
48.78,1625449482.0,64.0
43.36,1625449482.0,64.0
37.41,1625449482.0,64.0
31.37,1625449482.0,64.0
25.7,1625449482.0,64.0
20.69,1625449482.0,64.0
16.28,1625449482.0,64.0
12.13,1625449482.0,64.0
7.77,1625449482.0,64.0
2.82,1625449482.0,64.0
-2.8,1625449482.0,64.0
-8.96,1625449482.0,64.0
-15.35,1625449482.0,64.0
-21.7,1625449482.0,64.0
-27.83,1625449482.0,64.0
-33.74,1625449482.0,64.0
-39.55,1625449482.0,64.0
-45.46,1625449482.0,64.0
-51.71,1625449482.0,64.0
-58.54,1625449482.0,64.0
-66.05,1625449482.0,64.0
-74.07,1625449482.0,64.0
-81.99,1625449482.0,64.0
-88.84,1625449482.0,64.0
-93.38,1625449482.0,64.0
-94.51,1625449482.0,64.0
-91.59,1625449482.0,64.0
-84.64,1625449482.0,64.0
-74.3,1625449482.0,64.0
-61.55,1625449482.0,64.0
-47.31,1625449482.0,64.0
-32.26,1625449482.0,64.0
-16.77,1625449482.0,64.0
-1.16,1625449482.0,64.0
14.08,1625449482.0,64.0
28.16,1625449482.0,64.0
40.19,1625449482.0,64.0
49.48,1625449482.0,64.0
55.81,1625449482.0,64.0
59.61,1625449482.0,64.0
61.71,1625449482.0,64.0
63.02,1625449482.0,64.0
64.2,1625449482.0,64.0
65.44,1625449482.0,64.0
66.51,1625449482.0,64.0
67.07,1625449482.0,64.0
66.8,1625449482.0,64.0
65.65,1625449482.0,64.0
63.71,1625449482.0,64.0
61.11,1625449482.0,64.0
57.96,1625449482.0,64.0
54.25,1625449482.0,64.0
49.95,1625449482.0,64.0
45.07,1625449482.0,64.0
39.78,1625449482.0,64.0
34.33,1625449482.0,64.0
29.03,1625449482.0,64.0
24.13,1625449482.0,64.0
19.7,1625449482.0,64.0
15.63,1625449482.0,64.0
11.66,1625449482.0,64.0
7.43,1625449482.0,64.0
2.65,1625449482.0,64.0
-2.77,1625449482.0,64.0
-8.71,1625449482.0,64.0
-14.9,1625449482.0,64.0
-20.99,1625449482.0,64.0
-26.72,1625449482.0,64.0
-32.07,1625449482.0,64.0
-37.2,1625449482.0,64.0
-42.43,1625449482.0,64.0
-48.16,1625449482.0,64.0
-54.7,1625449482.0,64.0
-62.16,1625449482.0,64.0
-70.27,1625449482.0,64.0
-78.33,1625449482.0,64.0
-85.27,1625449482.0,64.0
-89.83,1625449482.0,64.0
-90.93,1625449482.0,64.0
-87.99,1625449482.0,64.0
-81.09,1625449482.0,64.0
-70.91,1625449482.0,64.0
-58.39,1625449482.0,64.0
-44.41,1625449482.0,64.0
-29.59,1625449482.0,64.0
-14.31,1625449482.0,64.0
1.02,1625449482.0,64.0
15.78,1625449482.0,64.0
29.07,1625449482.0,64.0
39.98,1625449482.0,64.0
47.9,1625449482.0,64.0
52.83,1625449482.0,64.0
55.4,1625449482.0,64.0
56.63,1625449482.0,64.0
57.48,1625449482.0,64.0
58.56,1625449482.0,64.0
59.95,1625449482.0,64.0
61.31,1625449482.0,64.0
62.16,1625449482.0,64.0
62.12,1625449482.0,64.0
61.06,1625449482.0,64.0
59.08,1625449482.0,64.0
56.4,1625449482.0,64.0
53.18,1625449482.0,64.0
49.51,1625449482.0,64.0
45.38,1625449482.0,64.0
40.81,1625449482.0,64.0
35.9,1625449482.0,64.0
30.83,1625449482.0,64.0
25.85,1625449482.0,64.0
21.16,1625449482.0,64.0
16.83,1625449482.0,64.0
12.78,1625449482.0,64.0
8.8,1625449482.0,64.0
4.6,1625449482.0,64.0
-0.01,1625449482.0,64.0
-5.11,1625449482.0,64.0
-10.56,1625449482.0,64.0
-16.1,1625449482.0,64.0
-21.43,1625449482.0,64.0
-26.39,1625449482.0,64.0
-31.06,1625449482.0,64.0
-35.73,1625449482.0,64.0
-40.79,1625449482.0,64.0
-46.58,1625449482.0,64.0
-53.22,1625449482.0,64.0
-60.54,1625449482.0,64.0
-68.08,1625449482.0,64.0
-75.05,1625449482.0,64.0
-80.51,1625449482.0,64.0
-83.44,1625449482.0,64.0
-82.99,1625449482.0,64.0
-78.74,1625449482.0,64.0
-70.81,1625449482.0,64.0
-59.86,1625449482.0,64.0
-46.9,1625449482.0,64.0
-33.01,1625449482.0,64.0
-19.02,1625449482.0,64.0
-5.48,1625449482.0,64.0
7.24,1625449482.0,64.0
18.75,1625449482.0,64.0
28.55,1625449482.0,64.0
36.13,1625449482.0,64.0
41.23,1625449482.0,64.0
44.05,1625449482.0,64.0
45.22,1625449482.0,64.0
45.67,1625449482.0,64.0
46.2,1625449482.0,64.0
47.2,1625449482.0,64.0
48.6,1625449482.0,64.0
49.95,1625449482.0,64.0
50.72,1625449482.0,64.0
50.54,1625449482.0,64.0
49.3,1625449482.0,64.0
47.1,1625449482.0,64.0
44.14,1625449482.0,64.0
40.62,1625449482.0,64.0
36.63,1625449482.0,64.0
32.27,1625449482.0,64.0
27.65,1625449482.0,64.0
22.89,1625449482.0,64.0
18.16,1625449482.0,64.0
13.58,1625449482.0,64.0
9.21,1625449482.0,64.0
5.0,1625449482.0,64.0
0.84,1625449482.0,64.0
-3.43,1625449482.0,64.0
-7.95,1625449482.0,64.0
-12.8,1625449482.0,64.0
-17.97,1625449482.0,64.0
-23.31,1625449482.0,64.0
-28.67,1625449482.0,64.0
-33.96,1625449482.0,64.0
-39.3,1625449482.0,64.0
-44.95,1625449482.0,64.0
-51.27,1625449482.0,64.0
-58.41,1625449482.0,64.0
-66.1,1625449482.0,64.0
-73.51,1625449482.0,64.0
-79.41,1625449482.0,64.0
-82.45,1625449482.0,64.0
-81.58,1625449482.0,64.0
-76.42,1625449482.0,64.0
-67.37,1625449482.0,64.0
-55.43,1625449482.0,64.0
-41.82,1625449482.0,64.0
-27.66,1625449482.0,64.0
-13.72,1625449482.0,64.0
-0.48,1625449482.0,64.0
11.74,1625449482.0,64.0
22.54,1625449482.0,64.0
31.48,1625449482.0,64.0
38.17,1625449482.0,64.0
42.51,1625449482.0,64.0
44.85,1625449482.0,64.0
45.92,1625449482.0,64.0
46.52,1625449482.0,64.0
47.26,1625449482.0,64.0
48.33,1625449482.0,64.0
49.43,1625449482.0,64.0
50.04,1625449482.0,64.0
49.64,1625449482.0,64.0
47.97,1625449482.0,64.0
45.12,1625449482.0,64.0
41.4,1625449482.0,64.0
37.22,1625449482.0,64.0
32.89,1625449482.0,64.0
28.59,1625449482.0,64.0
24.34,1625449482.0,64.0
20.07,1625449482.0,64.0
15.74,1625449482.0,64.0
11.33,1625449482.0,64.0
6.82,1625449482.0,64.0
2.22,1625449482.0,64.0
-2.49,1625449482.0,64.0
-7.36,1625449482.0,64.0
-12.43,1625449482.0,64.0
-17.71,1625449482.0,64.0
-23.2,1625449482.0,64.0
-28.91,1625449482.0,64.0
-34.83,1625449482.0,64.0
-41.01,1625449482.0,64.0
-47.5,1625449482.0,64.0
-54.41,1625449482.0,64.0
-61.83,1625449482.0,64.0
-69.74,1625449482.0,64.0
-77.84,1625449482.0,64.0
-85.46,1625449482.0,64.0
-91.55,1625449482.0,64.0
-94.87,1625449482.0,64.0
-94.36,1625449482.0,64.0
-89.51,1625449482.0,64.0
-80.53,1625449482.0,64.0
-68.34,1625449482.0,64.0
-54.15,1625449482.0,64.0
-39.06,1625449482.0,64.0
-23.84,1625449482.0,64.0
-8.83,1625449482.0,64.0
5.72,1625449482.0,64.0
19.43,1625449482.0,64.0
31.69,1625449482.0,64.0
41.8,1625449482.0,64.0
49.26,1625449482.0,64.0
54.1,1625449482.0,64.0
56.86,1625449482.0,64.0
58.41,1625449482.0,64.0
59.54,1625449482.0,64.0
60.65,1625449482.0,64.0
61.69,1625449482.0,64.0
62.32,1625449482.0,64.0
62.19,1625449482.0,64.0
61.12,1625449482.0,64.0
59.16,1625449482.0,64.0
56.5,1625449482.0,64.0
53.29,1625449482.0,64.0
49.61,1625449482.0,64.0
45.45,1625449482.0,64.0
40.81,1625449482.0,64.0
35.78,1625449482.0,64.0
30.55,1625449482.0,64.0
25.35,1625449482.0,64.0
20.36,1625449482.0,64.0
15.61,1625449482.0,64.0
10.95,1625449482.0,64.0
6.12,1625449482.0,64.0
0.89,1625449482.0,64.0
-4.87,1625449482.0,64.0
-11.03,1625449482.0,64.0
-17.37,1625449482.0,64.0
-23.63,1625449482.0,64.0
-29.69,1625449482.0,64.0
-35.67,1625449482.0,64.0
-41.86,1625449482.0,64.0
-48.6,1625449482.0,64.0
-56.13,1625449482.0,64.0
-64.41,1625449482.0,64.0
-73.07,1625449482.0,64.0
-81.34,1625449482.0,64.0
-88.2,1625449482.0,64.0
-92.49,1625449482.0,64.0
-93.28,1625449482.0,64.0
-90.06,1625449482.0,64.0
-82.94,1625449482.0,64.0
-72.58,1625449482.0,64.0
-59.92,1625449482.0,64.0
-45.89,1625449482.0,64.0
-31.1,1625449482.0,64.0
-15.91,1625449482.0,64.0
-0.6,1625449482.0,64.0
14.41,1625449482.0,64.0
28.38,1625449482.0,64.0
40.44,1625449482.0,64.0
49.84,1625449482.0,64.0
56.32,1625449482.0,64.0
60.17,1625449482.0,64.0
62.16,1625449482.0,64.0
63.14,1625449482.0,64.0
63.79,1625449482.0,64.0
64.4,1625449482.0,64.0
64.88,1625449482.0,64.0
65.01,1625449482.0,64.0
64.57,1625449482.0,64.0
63.5,1625449482.0,64.0
61.81,1625449482.0,64.0
59.55,1625449482.0,64.0
56.7,1625449482.0,64.0
53.18,1625449482.0,64.0
48.88,1625449482.0,64.0
43.82,1625449482.0,64.0
38.16,1625449482.0,64.0
32.25,1625449482.0,64.0
26.49,1625449482.0,64.0
21.22,1625449482.0,64.0
16.57,1625449482.0,64.0
12.37,1625449482.0,64.0
8.25,1625449482.0,64.0
3.77,1625449482.0,64.0
-1.36,1625449482.0,64.0
-7.2,1625449482.0,64.0
-13.53,1625449482.0,64.0
-19.96,1625449482.0,64.0
-26.14,1625449482.0,64.0
-31.9,1625449482.0,64.0
-37.37,1625449482.0,64.0
-42.86,1625449482.0,64.0
-48.81,1625449482.0,64.0
-55.52,1625449482.0,64.0
-63.08,1625449482.0,64.0
-71.24,1625449482.0,64.0
-79.34,1625449482.0,64.0
-86.41,1625449482.0,64.0
-91.26,1625449482.0,64.0
-92.86,1625449482.0,64.0
-90.55,1625449482.0,64.0
-84.25,1625449482.0,64.0
-74.48,1625449482.0,64.0
-62.15,1625449482.0,64.0
-48.2,1625449482.0,64.0
-33.37,1625449482.0,64.0
-18.12,1625449482.0,64.0
-2.74,1625449482.0,64.0
12.4,1625449482.0,64.0
26.65,1625449482.0,64.0
39.17,1625449482.0,64.0
49.16,1625449482.0,64.0
56.19,1625449482.0,64.0
60.4,1625449482.0,64.0
62.52,1625449482.0,64.0
63.52,1625449482.0,64.0
64.26,1625449482.0,64.0
65.15,1625449482.0,64.0
66.13,1625449482.0,64.0
66.74,1625449482.0,64.0
66.53,1625449482.0,64.0
65.25,1625449482.0,64.0
62.99,1625449482.0,64.0
60.1,1625449482.0,64.0
56.93,1625449482.0,64.0
53.62,1625449482.0,64.0
50.08,1625449482.0,64.0
46.08,1625449482.0,64.0
41.45,1625449482.0,64.0
36.29,1625449482.0,64.0
30.93,1625449482.0,64.0
25.8,1625449482.0,64.0
21.2,1625449482.0,64.0
17.15,1625449482.0,64.0
13.3,1625449482.0,64.0
9.15,1625449482.0,64.0
4.31,1625449482.0,64.0
-1.33,1625449482.0,64.0
-7.52,1625449482.0,64.0
-13.78,1625449482.0,64.0
-19.7,1625449482.0,64.0
-25.06,1625449482.0,64.0
-30.02,1625449482.0,64.0
-34.96,1625449482.0,64.0
-40.31,1625449482.0,64.0
-46.39,1625449482.0,64.0
-53.32,1625449482.0,64.0
-61.02,1625449482.0,64.0
-69.16,1625449482.0,64.0
-77.19,1625449482.0,64.0
-84.21,1625449482.0,64.0
-89.15,1625449482.0,64.0
-90.91,1625449482.0,64.0
-88.73,1625449482.0,64.0
-82.43,1625449482.0,64.0
-72.5,1625449482.0,64.0
-59.9,1625449482.0,64.0
-45.7,1625449482.0,64.0
-30.78,1625449482.0,64.0
-15.69,1625449482.0,64.0
-0.85,1625449482.0,64.0
13.33,1625449482.0,64.0
26.19,1625449482.0,64.0
37.01,1625449482.0,64.0
45.19,1625449482.0,64.0
50.59,1625449482.0,64.0
53.62,1625449482.0,64.0
55.09,1625449482.0,64.0
55.94,1625449482.0,64.0
56.83,1625449482.0,64.0
57.97,1625449482.0,64.0
59.14,1625449482.0,64.0
59.95,1625449482.0,64.0
60.04,1625449482.0,64.0
59.28,1625449482.0,64.0
57.73,1625449482.0,64.0
55.56,1625449482.0,64.0
52.82,1625449482.0,64.0
49.5,1625449482.0,64.0
45.52,1625449482.0,64.0
40.9,1625449482.0,64.0
35.85,1625449482.0,64.0
30.74,1625449482.0,64.0
25.95,1625449482.0,64.0
21.7,1625449482.0,64.0
17.96,1625449482.0,64.0
14.45,1625449482.0,64.0
10.75,1625449482.0,64.0
6.53,1625449482.0,64.0
1.68,1625449482.0,64.0
-3.65,1625449482.0,64.0
-9.16,1625449482.0,64.0
-14.52,1625449482.0,64.0
-19.55,1625449482.0,64.0
-24.32,1625449482.0,64.0
-29.07,1625449482.0,64.0
-34.1,1625449482.0,64.0
-39.68,1625449482.0,64.0
-45.94,1625449482.0,64.0
-52.83,1625449482.0,64.0
-60.05,1625449482.0,64.0
-67.03,1625449482.0,64.0
-72.89,1625449482.0,64.0
-76.62,1625449482.0,64.0
-77.24,1625449482.0,64.0
-74.17,1625449482.0,64.0
-67.46,1625449482.0,64.0
-57.72,1625449482.0,64.0
-45.97,1625449482.0,64.0
-33.21,1625449482.0,64.0
-20.21,1625449482.0,64.0
-7.41,1625449482.0,64.0
4.86,1625449482.0,64.0
16.17,1625449482.0,64.0
25.92,1625449482.0,64.0
33.47,1625449482.0,64.0
38.49,1625449482.0,64.0
41.17,1625449482.0,64.0
42.22,1625449482.0,64.0
42.56,1625449482.0,64.0
43.02,1625449482.0,64.0
43.95,1625449482.0,64.0
45.22,1625449482.0,64.0
46.38,1625449482.0,64.0
46.93,1625449482.0,64.0
46.56,1625449482.0,64.0
45.18,1625449482.0,64.0
42.91,1625449482.0,64.0
39.91,1625449482.0,64.0
36.35,1625449482.0,64.0
32.34,1625449482.0,64.0
28.02,1625449482.0,64.0
23.51,1625449482.0,64.0
18.98,1625449482.0,64.0
14.56,1625449482.0,64.0
10.31,1625449482.0,64.0
6.23,1625449482.0,64.0
2.21,1625449482.0,64.0
-1.9,1625449482.0,64.0
-6.28,1625449482.0,64.0
-11.04,1625449482.0,64.0
-16.23,1625449482.0,64.0
-21.76,1625449482.0,64.0
-27.5,1625449482.0,64.0
-33.34,1625449482.0,64.0
-39.22,1625449482.0,64.0
-45.26,1625449482.0,64.0
-51.65,1625449482.0,64.0
-58.54,1625449482.0,64.0
-65.82,1625449482.0,64.0
-72.99,1625449482.0,64.0
-79.12,1625449482.0,64.0
-83.03,1625449482.0,64.0
-83.7,1625449482.0,64.0
-80.59,1625449482.0,64.0
-73.8,1625449482.0,64.0
-64.02,1625449482.0,64.0
-52.22,1625449482.0,64.0
-39.29,1625449482.0,64.0
-25.86,1625449482.0,64.0
-12.26,1625449482.0,64.0
1.19,1625449482.0,64.0
14.07,1625449482.0,64.0
25.73,1625449482.0,64.0
35.45,1625449482.0,64.0
42.75,1625449482.0,64.0
47.55,1625449482.0,64.0
50.27,1625449482.0,64.0
51.61,1625449482.0,64.0
52.24,1625449482.0,64.0
52.62,1625449482.0,64.0
52.81,1625449482.0,64.0
52.64,1625449482.0,64.0
51.88,1625449482.0,64.0
50.37,1625449482.0,64.0
48.18,1625449482.0,64.0
45.45,1625449482.0,64.0
42.34,1625449482.0,64.0
38.95,1625449482.0,64.0
35.26,1625449482.0,64.0
31.26,1625449482.0,64.0
26.95,1625449482.0,64.0
22.37,1625449482.0,64.0
17.61,1625449482.0,64.0
12.7,1625449482.0,64.0
7.67,1625449482.0,64.0
2.52,1625449482.0,64.0
-2.73,1625449482.0,64.0
-8.01,1625449482.0,64.0
-13.28,1625449482.0,64.0
-18.51,1625449482.0,64.0
-23.77,1625449482.0,64.0
-29.22,1625449482.0,64.0
-35.04,1625449482.0,64.0
-41.41,1625449482.0,64.0
-48.39,1625449482.0,64.0
-55.94,1625449482.0,64.0
-63.79,1625449482.0,64.0
-71.42,1625449482.0,64.0
-78.08,1625449482.0,64.0
-82.85,1625449482.0,64.0
-84.85,1625449482.0,64.0
-83.49,1625449482.0,64.0
-78.63,1625449482.0,64.0
-70.6,1625449482.0,64.0
-60.12,1625449482.0,64.0
-48.01,1625449482.0,64.0
-34.98,1625449482.0,64.0
-21.46,1625449482.0,64.0
-7.76,1625449482.0,64.0
5.8,1625449482.0,64.0
18.69,1625449482.0,64.0
30.16,1625449482.0,64.0
39.42,1625449482.0,64.0
45.98,1625449482.0,64.0
49.91,1625449482.0,64.0
51.8,1625449482.0,64.0
52.57,1625449482.0,64.0
53.05,1625449482.0,64.0
53.68,1625449482.0,64.0
54.37,1625449482.0,64.0
54.73,1625449482.0,64.0
54.3,1625449482.0,64.0
52.87,1625449482.0,64.0
50.47,1625449482.0,64.0
47.35,1625449482.0,64.0
43.72,1625449482.0,64.0
39.69,1625449482.0,64.0
35.18,1625449482.0,64.0
30.09,1625449482.0,64.0
24.34,1625449482.0,64.0
17.96,1625449482.0,64.0
11.07,1625449482.0,64.0
3.87,1625449482.0,64.0
-3.44,1625449482.0,64.0
-10.7,1625449482.0,64.0
-17.79,1625449482.0,64.0
-24.7,1625449482.0,64.0
-31.49,1625449482.0,64.0
-38.3,1625449482.0,64.0
-45.24,1625449482.0,64.0
-52.36,1625449482.0,64.0
-59.59,1625449482.0,64.0
-66.81,1625449482.0,64.0
-73.79,1625449482.0,64.0
-80.27,1625449482.0,64.0
-85.83,1625449482.0,64.0
-89.93,1625449482.0,64.0
-91.87,1625449482.0,64.0
-90.91,1625449482.0,64.0
-86.51,1625449482.0,64.0
-78.52,1625449482.0,64.0
-67.33,1625449482.0,64.0
-53.72,1625449482.0,64.0
-38.71,1625449482.0,64.0
-23.18,1625449482.0,64.0
-7.76,1625449482.0,64.0
7.09,1625449482.0,64.0
20.97,1625449482.0,64.0
33.35,1625449482.0,64.0
43.55,1625449482.0,64.0
51.0,1625449482.0,64.0
55.56,1625449482.0,64.0
57.68,1625449482.0,64.0
58.34,1625449482.0,64.0
58.63,1625449482.0,64.0
59.33,1625449482.0,64.0
60.6,1625449482.0,64.0
62.02,1625449482.0,64.0
62.9,1625449482.0,64.0
62.7,1625449482.0,64.0
61.32,1625449482.0,64.0
59.05,1625449482.0,64.0
56.35,1625449482.0,64.0
53.53,1625449482.0,64.0
50.62,1625449482.0,64.0
47.41,1625449482.0,64.0
43.66,1625449482.0,64.0
39.28,1625449482.0,64.0
34.37,1625449482.0,64.0
29.21,1625449482.0,64.0
24.05,1625449482.0,64.0
19.06,1625449482.0,64.0
14.24,1625449482.0,64.0
9.46,1625449482.0,64.0
4.54,1625449482.0,64.0
-0.66,1625449482.0,64.0
-6.29,1625449482.0,64.0
-12.5,1625449482.0,64.0
-19.4,1625449482.0,64.0
-27.08,1625449482.0,64.0
-35.44,1625449482.0,64.0
-44.13,1625449482.0,64.0
-52.43,1625449482.0,64.0
-59.4,1625449482.0,64.0
-63.96,1625449482.0,64.0
-65.29,1625449482.0,64.0
-62.94,1625449482.0,64.0
-57.02,1625449482.0,64.0
-48.1,1625449482.0,64.0
-37.0,1625449482.0,64.0
-24.53,1625449482.0,64.0
-11.36,1625449482.0,64.0
1.98,1625449482.0,64.0
14.97,1625449482.0,64.0
26.95,1625449482.0,64.0
37.13,1625449482.0,64.0
44.81,1625449482.0,64.0
49.6,1625449482.0,64.0
51.71,1625449482.0,64.0
51.84,1625449482.0,64.0
50.98,1625449482.0,64.0
50.01,1625449482.0,64.0
49.36,1625449482.0,64.0
48.96,1625449482.0,64.0
48.39,1625449482.0,64.0
47.2,1625449482.0,64.0
45.22,1625449482.0,64.0
42.6,1625449482.0,64.0
39.74,1625449482.0,64.0
37.03,1625449482.0,64.0
34.59,1625449482.0,64.0
32.26,1625449482.0,64.0
29.6,1625449482.0,64.0
26.18,1625449482.0,64.0
21.75,1625449482.0,64.0
16.43,1625449482.0,64.0
10.6,1625449482.0,64.0
4.73,1625449482.0,64.0
-0.81,1625449482.0,64.0
-5.93,1625449482.0,64.0
-10.8,1625449482.0,64.0
-15.72,1625449482.0,64.0
-21.01,1625449482.0,64.0
-26.85,1625449482.0,64.0
-33.33,1625449482.0,64.0
-40.41,1625449482.0,64.0
-47.92,1625449482.0,64.0
-55.44,1625449482.0,64.0
-62.28,1625449482.0,64.0
-67.48,1625449482.0,64.0
-70.03,1625449482.0,64.0
-69.16,1625449482.0,64.0
-64.58,1625449482.0,64.0
-56.61,1625449482.0,64.0
-46.04,1625449482.0,64.0
-33.83,1625449482.0,64.0
-20.86,1625449482.0,64.0
-7.85,1625449482.0,64.0
4.64,1625449482.0,64.0
16.03,1625449482.0,64.0
25.73,1625449482.0,64.0
33.2,1625449482.0,64.0
38.16,1625449482.0,64.0
40.75,1625449482.0,64.0
41.59,1625449482.0,64.0
41.55,1625449482.0,64.0
41.46,1625449482.0,64.0
41.8,1625449482.0,64.0
42.58,1625449482.0,64.0
43.42,1625449482.0,64.0
43.79,1625449482.0,64.0
43.32,1625449482.0,64.0
41.87,1625449482.0,64.0
39.58,1625449482.0,64.0
36.68,1625449482.0,64.0
33.33,1625449482.0,64.0
29.55,1625449482.0,64.0
25.24,1625449482.0,64.0
20.3,1625449482.0,64.0
14.79,1625449482.0,64.0
8.93,1625449482.0,64.0
3.07,1625449482.0,64.0
-2.45,1625449482.0,64.0
-7.49,1625449482.0,64.0
-12.18,1625449482.0,64.0
-16.89,1625449482.0,64.0
-22.04,1625449482.0,64.0
-28.01,1625449482.0,64.0
-34.93,1625449482.0,64.0
-42.68,1625449482.0,64.0
-50.87,1625449482.0,64.0
-58.89,1625449482.0,64.0
-65.88,1625449482.0,64.0
-70.86,1625449482.0,64.0
-72.88,1625449482.0,64.0
-71.27,1625449482.0,64.0
-65.79,1625449482.0,64.0
-56.78,1625449482.0,64.0
-45.02,1625449482.0,64.0
-31.48,1625449482.0,64.0
-17.06,1625449482.0,64.0
-2.44,1625449482.0,64.0
11.89,1625449482.0,64.0
25.41,1625449482.0,64.0
37.49,1625449482.0,64.0
47.4,1625449482.0,64.0
54.52,1625449482.0,64.0
58.62,1625449482.0,64.0
60.06,1625449482.0,64.0
59.67,1625449482.0,64.0
58.53,1625449482.0,64.0
57.48,1625449482.0,64.0
56.9,1625449482.0,64.0
56.62,1625449482.0,64.0
56.13,1625449482.0,64.0
54.92,1625449482.0,64.0
52.76,1625449482.0,64.0
49.76,1625449482.0,64.0
46.23,1625449482.0,64.0
42.43,1625449482.0,64.0
38.37,1625449482.0,64.0
33.82,1625449482.0,64.0
28.5,1625449482.0,64.0
22.31,1625449482.0,64.0
15.51,1625449482.0,64.0
8.61,1625449482.0,64.0
2.21,1625449482.0,64.0
-3.3,1625449482.0,64.0
-7.92,1625449482.0,64.0
-12.01,1625449482.0,64.0
-16.11,1625449482.0,64.0
-20.73,1625449482.0,64.0
-26.18,1625449482.0,64.0
-32.54,1625449482.0,64.0
-39.64,1625449482.0,64.0
-47.19,1625449482.0,64.0
-54.72,1625449482.0,64.0
-61.56,1625449482.0,64.0
-66.87,1625449482.0,64.0
-69.68,1625449482.0,64.0
-69.18,1625449482.0,64.0
-64.99,1625449482.0,64.0
-57.28,1625449482.0,64.0
-46.75,1625449482.0,64.0
-34.36,1625449482.0,64.0
-21.04,1625449482.0,64.0
-7.48,1625449482.0,64.0
5.83,1625449482.0,64.0
18.43,1625449482.0,64.0
29.75,1625449482.0,64.0
39.09,1625449482.0,64.0
45.86,1625449482.0,64.0
49.82,1625449482.0,64.0
51.33,1625449482.0,64.0
51.17,1625449482.0,64.0
50.32,1625449482.0,64.0
49.58,1625449482.0,64.0
49.26,1625449482.0,64.0
49.17,1625449482.0,64.0
48.82,1625449482.0,64.0
47.7,1625449482.0,64.0
45.54,1625449482.0,64.0
42.43,1625449482.0,64.0
38.71,1625449482.0,64.0
34.78,1625449482.0,64.0
30.87,1625449482.0,64.0
26.99,1625449482.0,64.0
22.93,1625449482.0,64.0
18.42,1625449482.0,64.0
13.32,1625449482.0,64.0
7.69,1625449482.0,64.0
1.81,1625449482.0,64.0
-3.96,1625449482.0,64.0
-9.34,1625449482.0,64.0
-14.21,1625449482.0,64.0
-18.69,1625449482.0,64.0
-23.09,1625449482.0,64.0
-27.72,1625449482.0,64.0
-32.84,1625449482.0,64.0
-38.58,1625449482.0,64.0
-44.92,1625449482.0,64.0
-51.82,1625449482.0,64.0
-59.1,1625449482.0,64.0
-66.44,1625449482.0,64.0
-73.26,1625449482.0,64.0
-78.71,1625449482.0,64.0
-81.74,1625449482.0,64.0
-81.42,1625449482.0,64.0
-77.18,1625449482.0,64.0
-69.12,1625449482.0,64.0
-57.94,1625449482.0,64.0
-44.72,1625449482.0,64.0
-30.56,1625449482.0,64.0
-16.27,1625449482.0,64.0
-2.38,1625449482.0,64.0
10.79,1625449482.0,64.0
22.87,1625449482.0,64.0
33.36,1625449482.0,64.0
41.72,1625449482.0,64.0
47.57,1625449482.0,64.0
50.93,1625449482.0,64.0
52.27,1625449482.0,64.0
52.31,1625449482.0,64.0
51.81,1625449482.0,64.0
51.3,1625449482.0,64.0
50.96,1625449482.0,64.0
50.65,1625449482.0,64.0
50.06,1625449482.0,64.0
48.87,1625449482.0,64.0
46.87,1625449482.0,64.0
44.04,1625449482.0,64.0
40.48,1625449482.0,64.0
36.37,1625449482.0,64.0
31.95,1625449482.0,64.0
27.38,1625449482.0,64.0
22.81,1625449482.0,64.0
18.31,1625449482.0,64.0
13.89,1625449482.0,64.0
9.5,1625449482.0,64.0
5.05,1625449482.0,64.0
0.45,1625449482.0,64.0
-4.35,1625449482.0,64.0
-9.35,1625449482.0,64.0
-14.46,1625449482.0,64.0
-19.57,1625449482.0,64.0
-24.54,1625449482.0,64.0
-29.38,1625449482.0,64.0
-34.15,1625449482.0,64.0
-39.08,1625449482.0,64.0
-44.42,1625449482.0,64.0
-50.38,1625449482.0,64.0
-57.01,1625449482.0,64.0
-64.13,1625449482.0,64.0
-71.28,1625449482.0,64.0
-77.69,1625449482.0,64.0
-82.4,1625449482.0,64.0
-84.42,1625449482.0,64.0
-83.01,1625449482.0,64.0
-77.89,1625449482.0,64.0
-69.33,1625449482.0,64.0
-58.07,1625449482.0,64.0
-45.1,1625449482.0,64.0
-31.31,1625449482.0,64.0
-17.37,1625449482.0,64.0
-3.7,1625449482.0,64.0
9.32,1625449482.0,64.0
21.23,1625449482.0,64.0
31.38,1625449482.0,64.0
39.17,1625449482.0,64.0
44.31,1625449482.0,64.0
46.99,1625449482.0,64.0
47.87,1625449482.0,64.0
47.85,1625449482.0,64.0
47.72,1625449482.0,64.0
47.88,1625449482.0,64.0
48.36,1625449482.0,64.0
48.88,1625449482.0,64.0
49.07,1625449482.0,64.0
48.6,1625449482.0,64.0
47.32,1625449482.0,64.0
45.2,1625449482.0,64.0
42.28,1625449482.0,64.0
38.66,1625449482.0,64.0
34.54,1625449482.0,64.0
30.12,1625449482.0,64.0
25.62,1625449482.0,64.0
21.2,1625449482.0,64.0
16.9,1625449482.0,64.0
12.67,1625449482.0,64.0
8.4,1625449482.0,64.0
4.01,1625449482.0,64.0
-0.51,1625449482.0,64.0
-5.12,1625449482.0,64.0
-9.77,1625449482.0,64.0
-14.46,1625449482.0,64.0
-19.27,1625449482.0,64.0
-24.31,1625449482.0,64.0
-29.63,1625449482.0,64.0
-35.23,1625449482.0,64.0
-41.04,1625449482.0,64.0
-47.05,1625449482.0,64.0
-53.34,1625449482.0,64.0
-59.96,1625449482.0,64.0
-66.76,1625449482.0,64.0
-73.22,1625449482.0,64.0
-78.36,1625449482.0,64.0
-81.0,1625449482.0,64.0
-80.16,1625449482.0,64.0
-75.41,1625449482.0,64.0
-67.09,1625449482.0,64.0
-56.15,1625449482.0,64.0
-43.72,1625449482.0,64.0
-30.76,1625449482.0,64.0
-17.8,1625449482.0,64.0
-5.03,1625449482.0,64.0
7.41,1625449482.0,64.0
19.15,1625449482.0,64.0
29.5,1625449482.0,64.0
37.7,1625449482.0,64.0
43.25,1625449482.0,64.0
46.19,1625449482.0,64.0
47.2,1625449482.0,64.0
47.25,1625449482.0,64.0
47.23,1625449482.0,64.0
47.61,1625449482.0,64.0
48.29,1625449482.0,64.0
48.82,1625449482.0,64.0
48.69,1625449482.0,64.0
47.63,1625449482.0,64.0
45.71,1625449482.0,64.0
43.19,1625449482.0,64.0
40.35,1625449482.0,64.0
37.26,1625449482.0,64.0
33.8,1625449482.0,64.0
29.79,1625449482.0,64.0
25.14,1625449482.0,64.0
20.03,1625449482.0,64.0
14.83,1625449482.0,64.0
9.99,1625449482.0,64.0
5.77,1625449482.0,64.0
2.12,1625449482.0,64.0
-1.31,1625449482.0,64.0
-5.04,1625449482.0,64.0
-9.47,1625449482.0,64.0
-14.71,1625449482.0,64.0
-20.52,1625449482.0,64.0
-26.44,1625449482.0,64.0
-32.02,1625449482.0,64.0
-37.1,1625449482.0,64.0
-41.82,1625449482.0,64.0
-46.61,1625449482.0,64.0
-51.99,1625449482.0,64.0
-58.32,1625449482.0,64.0
-65.68,1625449482.0,64.0
-73.81,1625449482.0,64.0
-82.1,1625449482.0,64.0
-89.71,1625449482.0,64.0
-95.6,1625449482.0,64.0
-98.78,1625449482.0,64.0
-98.48,1625449482.0,64.0
-94.31,1625449482.0,64.0
-86.43,1625449482.0,64.0
-75.46,1625449482.0,64.0
-62.33,1625449482.0,64.0
-47.97,1625449482.0,64.0
-33.14,1625449482.0,64.0
-18.33,1625449482.0,64.0
-3.83,1625449482.0,64.0
10.05,1625449482.0,64.0
22.86,1625449482.0,64.0
34.02,1625449482.0,64.0
42.95,1625449482.0,64.0
49.37,1625449482.0,64.0
53.4,1625449482.0,64.0
55.55,1625449482.0,64.0
56.58,1625449482.0,64.0
57.17,1625449482.0,64.0
57.73,1625449482.0,64.0
58.26,1625449482.0,64.0
58.56,1625449482.0,64.0
58.29,1625449482.0,64.0
57.23,1625449482.0,64.0
55.32,1625449482.0,64.0
52.61,1625449482.0,64.0
49.21,1625449482.0,64.0
45.26,1625449482.0,64.0
40.88,1625449482.0,64.0
36.21,1625449482.0,64.0
31.42,1625449482.0,64.0
26.65,1625449482.0,64.0
22.02,1625449482.0,64.0
17.51,1625449482.0,64.0
13.03,1625449482.0,64.0
8.44,1625449482.0,64.0
3.6,1625449482.0,64.0
-1.53,1625449482.0,64.0
-6.91,1625449482.0,64.0
-12.42,1625449482.0,64.0
-17.97,1625449482.0,64.0
-23.51,1625449482.0,64.0
-29.16,1625449482.0,64.0
-35.06,1625449482.0,64.0
-41.38,1625449482.0,64.0
-48.25,1625449482.0,64.0
-55.63,1625449482.0,64.0
-63.26,1625449482.0,64.0
-70.63,1625449482.0,64.0
-76.98,1625449482.0,64.0
-81.35,1625449482.0,64.0
-82.85,1625449482.0,64.0
-80.86,1625449482.0,64.0
-75.26,1625449482.0,64.0
-66.47,1625449482.0,64.0
-55.31,1625449482.0,64.0
-42.71,1625449482.0,64.0
-29.42,1625449482.0,64.0
-15.95,1625449482.0,64.0
-2.59,1625449482.0,64.0
10.28,1625449482.0,64.0
22.08,1625449482.0,64.0
32.07,1625449482.0,64.0
39.59,1625449482.0,64.0
44.39,1625449482.0,64.0
46.81,1625449482.0,64.0
47.68,1625449482.0,64.0
47.98,1625449482.0,64.0
48.47,1625449482.0,64.0
49.38,1625449482.0,64.0
50.42,1625449482.0,64.0
51.03,1625449482.0,64.0
50.68,1625449482.0,64.0
49.13,1625449482.0,64.0
46.5,1625449482.0,64.0
43.09,1625449482.0,64.0
39.25,1625449482.0,64.0
35.22,1625449482.0,64.0
31.06,1625449482.0,64.0
26.69,1625449482.0,64.0
22.0,1625449482.0,64.0
16.96,1625449482.0,64.0
11.61,1625449482.0,64.0
6.16,1625449482.0,64.0
0.83,1625449482.0,64.0
-4.21,1625449482.0,64.0
-8.97,1625449482.0,64.0
-13.62,1625449482.0,64.0
-18.47,1625449482.0,64.0
-23.78,1625449482.0,64.0
-29.72,1625449482.0,64.0
-36.27,1625449482.0,64.0
-43.29,1625449482.0,64.0
-50.6,1625449482.0,64.0
-57.94,1625449482.0,64.0
-64.95,1625449482.0,64.0
-71.03,1625449482.0,64.0
-75.4,1625449482.0,64.0
-77.19,1625449482.0,64.0
-75.72,1625449482.0,64.0
-70.7,1625449482.0,64.0
-62.4,1625449482.0,64.0
-51.49,1625449482.0,64.0
-38.86,1625449482.0,64.0
-25.36,1625449482.0,64.0
-11.71,1625449482.0,64.0
1.57,1625449482.0,64.0
14.01,1625449482.0,64.0
25.12,1625449482.0,64.0
34.37,1625449482.0,64.0
41.34,1625449482.0,64.0
45.89,1625449482.0,64.0
48.27,1625449482.0,64.0
49.12,1625449482.0,64.0
49.26,1625449482.0,64.0
49.45,1625449482.0,64.0
50.05,1625449482.0,64.0
50.98,1625449482.0,64.0
51.78,1625449482.0,64.0
51.89,1625449482.0,64.0
50.91,1625449482.0,64.0
48.8,1625449482.0,64.0
45.77,1625449482.0,64.0
42.18,1625449482.0,64.0
38.29,1625449482.0,64.0
34.15,1625449482.0,64.0
29.67,1625449482.0,64.0
24.71,1625449482.0,64.0
19.24,1625449482.0,64.0
13.36,1625449482.0,64.0
7.37,1625449482.0,64.0
1.59,1625449482.0,64.0
-3.76,1625449482.0,64.0
-8.63,1625449482.0,64.0
-13.18,1625449482.0,64.0
-17.75,1625449482.0,64.0
-22.74,1625449482.0,64.0
-28.47,1625449482.0,64.0
-35.11,1625449482.0,64.0
-42.65,1625449482.0,64.0
-50.89,1625449482.0,64.0
-59.39,1625449482.0,64.0
-67.51,1625449482.0,64.0
-74.38,1625449482.0,64.0
-78.96,1625449482.0,64.0
-80.3,1625449482.0,64.0
-77.76,1625449482.0,64.0
-71.27,1625449482.0,64.0
-61.41,1625449482.0,64.0
-49.2,1625449482.0,64.0
-35.73,1625449482.0,64.0
-21.91,1625449482.0,64.0
-8.27,1625449482.0,64.0
4.93,1625449482.0,64.0
17.37,1625449482.0,64.0
28.55,1625449482.0,64.0
37.83,1625449482.0,64.0
44.62,1625449482.0,64.0
48.77,1625449482.0,64.0
50.66,1625449482.0,64.0
51.14,1625449482.0,64.0
51.2,1625449482.0,64.0
51.56,1625449482.0,64.0
52.47,1625449482.0,64.0
53.67,1625449482.0,64.0
54.61,1625449482.0,64.0
54.75,1625449482.0,64.0
53.74,1625449482.0,64.0
51.51,1625449482.0,64.0
48.22,1625449482.0,64.0
44.19,1625449482.0,64.0
39.72,1625449482.0,64.0
35.05,1625449482.0,64.0
30.32,1625449482.0,64.0
25.58,1625449482.0,64.0
20.77,1625449482.0,64.0
15.84,1625449482.0,64.0
10.77,1625449482.0,64.0
5.6,1625449482.0,64.0
0.45,1625449482.0,64.0
-4.59,1625449482.0,64.0
-9.5,1625449482.0,64.0
-14.39,1625449482.0,64.0
-19.47,1625449482.0,64.0
-24.96,1625449482.0,64.0
-31.0,1625449482.0,64.0
-37.63,1625449482.0,64.0
-44.81,1625449482.0,64.0
-52.43,1625449482.0,64.0
-60.33,1625449482.0,64.0
-68.13,1625449482.0,64.0
-75.15,1625449482.0,64.0
-80.39,1625449482.0,64.0
-82.7,1625449482.0,64.0
-81.15,1625449482.0,64.0
-75.36,1625449482.0,64.0
-65.72,1625449482.0,64.0
-53.24,1625449482.0,64.0
-39.18,1625449482.0,64.0
-24.64,1625449482.0,64.0
-10.36,1625449482.0,64.0
3.28,1625449482.0,64.0
15.98,1625449482.0,64.0
27.35,1625449482.0,64.0
36.84,1625449482.0,64.0
43.97,1625449482.0,64.0
48.59,1625449482.0,64.0
51.04,1625449482.0,64.0
52.1,1625449482.0,64.0
52.69,1625449482.0,64.0
53.5,1625449482.0,64.0
54.78,1625449482.0,64.0
56.28,1625449482.0,64.0
57.48,1625449482.0,64.0
57.82,1625449482.0,64.0
56.97,1625449482.0,64.0
54.88,1625449482.0,64.0
51.76,1625449482.0,64.0
47.94,1625449482.0,64.0
43.69,1625449482.0,64.0
39.2,1625449482.0,64.0
34.57,1625449482.0,64.0
29.86,1625449482.0,64.0
25.14,1625449482.0,64.0
20.52,1625449482.0,64.0
16.08,1625449482.0,64.0
11.81,1625449482.0,64.0
7.63,1625449482.0,64.0
3.37,1625449482.0,64.0
-1.14,1625449482.0,64.0
-5.98,1625449482.0,64.0
-11.13,1625449482.0,64.0
-16.47,1625449482.0,64.0
-21.94,1625449482.0,64.0
-27.54,1625449482.0,64.0
-33.41,1625449482.0,64.0
-39.78,1625449482.0,64.0
-46.85,1625449482.0,64.0
-54.62,1625449482.0,64.0
-62.69,1625449482.0,64.0
-70.26,1625449482.0,64.0
-76.15,1625449482.0,64.0
-79.15,1625449482.0,64.0
-78.35,1625449482.0,64.0
-73.41,1625449482.0,64.0
-64.7,1625449482.0,64.0
-53.13,1625449482.0,64.0
-39.86,1625449482.0,64.0
-25.96,1625449482.0,64.0
-12.22,1625449482.0,64.0
0.85,1625449482.0,64.0
12.85,1625449482.0,64.0
23.41,1625449482.0,64.0
32.11,1625449482.0,64.0
38.64,1625449482.0,64.0
42.95,1625449482.0,64.0
45.37,1625449482.0,64.0
46.55,1625449482.0,64.0
47.25,1625449482.0,64.0
48.08,1625449482.0,64.0
49.29,1625449482.0,64.0
50.76,1625449482.0,64.0
52.06,1625449482.0,64.0
52.72,1625449482.0,64.0
52.36,1625449482.0,64.0
50.85,1625449482.0,64.0
48.26,1625449482.0,64.0
44.85,1625449482.0,64.0
40.9,1625449482.0,64.0
36.65,1625449482.0,64.0
32.26,1625449482.0,64.0
27.81,1625449482.0,64.0
23.34,1625449482.0,64.0
18.83,1625449482.0,64.0
14.31,1625449482.0,64.0
9.81,1625449482.0,64.0
5.37,1625449482.0,64.0
0.99,1625449482.0,64.0
-3.41,1625449482.0,64.0
-7.96,1625449482.0,64.0
-12.81,1625449482.0,64.0
-18.02,1625449482.0,64.0
-23.61,1625449482.0,64.0
-29.52,1625449482.0,64.0
-35.73,1625449482.0,64.0
-42.28,1625449482.0,64.0
-49.22,1625449482.0,64.0
-56.46,1625449482.0,64.0
-63.5,1625449482.0,64.0
-69.43,1625449482.0,64.0
-73.01,1625449482.0,64.0
-73.09,1625449482.0,64.0
-69.0,1625449482.0,64.0
-60.86,1625449482.0,64.0
-49.56,1625449482.0,64.0
-36.39,1625449482.0,64.0
-22.65,1625449482.0,64.0
-9.29,1625449482.0,64.0
3.14,1625449482.0,64.0
14.28,1625449482.0,64.0
23.83,1625449482.0,64.0
31.41,1625449482.0,64.0
36.69,1625449482.0,64.0
39.68,1625449482.0,64.0
40.84,1625449482.0,64.0
41.01,1625449482.0,64.0
41.14,1625449482.0,64.0
41.92,1625449482.0,64.0
43.52,1625449482.0,64.0
45.6,1625449482.0,64.0
47.46,1625449482.0,64.0
48.39,1625449482.0,64.0
47.93,1625449482.0,64.0
46.0,1625449482.0,64.0
42.87,1625449482.0,64.0
38.99,1625449482.0,64.0
34.79,1625449482.0,64.0
30.52,1625449482.0,64.0
26.25,1625449482.0,64.0
21.84,1625449482.0,64.0
17.19,1625449482.0,64.0
12.22,1625449482.0,64.0
7.03,1625449482.0,64.0
1.8,1625449482.0,64.0
-3.29,1625449482.0,64.0
-8.16,1625449482.0,64.0
-12.9,1625449482.0,64.0
-17.69,1625449482.0,64.0
-22.74,1625449482.0,64.0
-28.17,1625449482.0,64.0
-34.03,1625449482.0,64.0
-40.34,1625449482.0,64.0
-47.14,1625449482.0,64.0
-54.48,1625449482.0,64.0
-62.31,1625449482.0,64.0
-70.24,1625449482.0,64.0
-77.44,1625449482.0,64.0
-82.73,1625449482.0,64.0
-84.87,1625449482.0,64.0
-83.0,1625449482.0,64.0
-76.92,1625449482.0,64.0
-67.21,1625449482.0,64.0
-55.0,1625449482.0,64.0
-41.51,1625449482.0,64.0
-27.7,1625449482.0,64.0
-14.1,1625449482.0,64.0
-0.95,1625449482.0,64.0
11.6,1625449482.0,64.0
23.17,1625449482.0,64.0
33.18,1625449482.0,64.0
41.02,1625449482.0,64.0
46.36,1625449482.0,64.0
49.38,1625449482.0,64.0
50.74,1625449482.0,64.0
51.39,1625449482.0,64.0
52.15,1625449482.0,64.0
53.39,1625449482.0,64.0
54.95,1625449482.0,64.0
56.29,1625449482.0,64.0
56.8,1625449482.0,64.0
56.09,1625449482.0,64.0
54.15,1625449482.0,64.0
51.26,1625449482.0,64.0
47.81,1625449482.0,64.0
44.06,1625449482.0,64.0
40.11,1625449482.0,64.0
35.87,1625449482.0,64.0
31.23,1625449482.0,64.0
26.15,1625449482.0,64.0
20.76,1625449482.0,64.0
15.29,1625449482.0,64.0
9.98,1625449482.0,64.0
4.97,1625449482.0,64.0
0.22,1625449482.0,64.0
-4.47,1625449482.0,64.0
-9.36,1625449482.0,64.0
-14.67,1625449482.0,64.0
-20.51,1625449482.0,64.0
-26.88,1625449482.0,64.0
-33.73,1625449482.0,64.0
-41.02,1625449482.0,64.0
-48.76,1625449482.0,64.0
-56.88,1625449482.0,64.0
-65.13,1625449482.0,64.0
-72.88,1625449482.0,64.0
-79.13,1625449482.0,64.0
-82.77,1625449482.0,64.0
-82.84,1625449482.0,64.0
-78.91,1625449482.0,64.0
-71.19,1625449482.0,64.0
-60.46,1625449482.0,64.0
-47.74,1625449482.0,64.0
-33.96,1625449482.0,64.0
-19.77,1625449482.0,64.0
-5.53,1625449482.0,64.0
8.4,1625449482.0,64.0
21.55,1625449482.0,64.0
33.21,1625449482.0,64.0
42.68,1625449482.0,64.0
49.5,1625449482.0,64.0
53.72,1625449482.0,64.0
55.88,1625449482.0,64.0
56.81,1625449482.0,64.0
57.28,1625449482.0,64.0
57.79,1625449482.0,64.0
58.39,1625449482.0,64.0
58.87,1625449482.0,64.0
58.9,1625449482.0,64.0
58.22,1625449482.0,64.0
56.74,1625449482.0,64.0
54.51,1625449482.0,64.0
51.62,1625449482.0,64.0
48.13,1625449482.0,64.0
44.09,1625449482.0,64.0
39.57,1625449482.0,64.0
34.66,1625449482.0,64.0
29.59,1625449482.0,64.0
24.56,1625449482.0,64.0
19.72,1625449482.0,64.0
15.11,1625449482.0,64.0
10.59,1625449482.0,64.0
5.96,1625449482.0,64.0
1.06,1625449482.0,64.0
-4.16,1625449482.0,64.0
-9.6,1625449482.0,64.0
-15.11,1625449482.0,64.0
-20.59,1625449482.0,64.0
-26.09,1625449482.0,64.0
-31.8,1625449482.0,64.0
-37.97,1625449482.0,64.0
-44.81,1625449482.0,64.0
-52.38,1625449482.0,64.0
-60.51,1625449482.0,64.0
-68.74,1625449482.0,64.0
-76.29,1625449482.0,64.0
-82.12,1625449482.0,64.0
-85.16,1625449482.0,64.0
-84.55,1625449482.0,64.0
-79.93,1625449482.0,64.0
-71.52,1625449482.0,64.0
-60.12,1625449482.0,64.0
-46.73,1625449482.0,64.0
-32.31,1625449482.0,64.0
-17.59,1625449482.0,64.0
-3.02,1625449482.0,64.0
10.97,1625449482.0,64.0
23.81,1625449482.0,64.0
34.82,1625449482.0,64.0
43.38,1625449482.0,64.0
49.19,1625449482.0,64.0
52.52,1625449482.0,64.0
54.12,1625449482.0,64.0
54.97,1625449482.0,64.0
55.89,1625449482.0,64.0
57.22,1625449482.0,64.0
58.81,1625449482.0,64.0
60.15,1625449482.0,64.0
60.73,1625449482.0,64.0
60.26,1625449482.0,64.0
58.75,1625449482.0,64.0
56.43,1625449482.0,64.0
53.53,1625449482.0,64.0
50.17,1625449482.0,64.0
46.35,1625449482.0,64.0
42.02,1625449482.0,64.0
37.24,1625449482.0,64.0
32.18,1625449482.0,64.0
27.12,1625449482.0,64.0
22.27,1625449482.0,64.0
17.7,1625449482.0,64.0
13.3,1625449482.0,64.0
8.85,1625449482.0,64.0
4.17,1625449482.0,64.0
-0.83,1625449482.0,64.0
-6.08,1625449482.0,64.0
-11.45,1625449482.0,64.0
-16.78,1625449482.0,64.0
-22.01,1625449482.0,64.0
-27.21,1625449482.0,64.0
-32.53,1625449482.0,64.0
-38.2,1625449482.0,64.0
-44.46,1625449482.0,64.0
-51.44,1625449482.0,64.0
-59.08,1625449482.0,64.0
-67.01,1625449482.0,64.0
-74.51,1625449482.0,64.0
-80.55,1625449482.0,64.0
-84.0,1625449482.0,64.0
-83.93,1625449482.0,64.0
-79.87,1625449482.0,64.0
-71.98,1625449482.0,64.0
-60.98,1625449482.0,64.0
-47.89,1625449482.0,64.0
-33.77,1625449482.0,64.0
-19.43,1625449482.0,64.0
-5.43,1625449482.0,64.0
7.88,1625449482.0,64.0
20.11,1625449482.0,64.0
30.78,1625449482.0,64.0
39.38,1625449482.0,64.0
45.58,1625449482.0,64.0
49.43,1625449482.0,64.0
51.41,1625449482.0,64.0
52.33,1625449482.0,64.0
53.01,1625449482.0,64.0
54.01,1625449482.0,64.0
55.41,1625449482.0,64.0
56.89,1625449482.0,64.0
57.89,1625449482.0,64.0
57.92,1625449482.0,64.0
56.76,1625449482.0,64.0
54.45,1625449482.0,64.0
51.28,1625449482.0,64.0
47.54,1625449482.0,64.0
43.49,1625449482.0,64.0
39.23,1625449482.0,64.0
34.78,1625449482.0,64.0
30.18,1625449482.0,64.0
25.53,1625449482.0,64.0
20.99,1625449482.0,64.0
16.67,1625449482.0,64.0
12.57,1625449482.0,64.0
8.52,1625449482.0,64.0
4.25,1625449482.0,64.0
-0.51,1625449482.0,64.0
-5.84,1625449482.0,64.0
-11.63,1625449482.0,64.0
-17.55,1625449482.0,64.0
-23.29,1625449482.0,64.0
-28.67,1625449482.0,64.0
-33.76,1625449482.0,64.0
-38.9,1625449482.0,64.0
-44.5,1625449482.0,64.0
-50.87,1625449482.0,64.0
-58.03,1625449482.0,64.0
-65.59,1625449482.0,64.0
-72.78,1625449482.0,64.0
-78.54,1625449482.0,64.0
-81.79,1625449482.0,64.0
-81.65,1625449482.0,64.0
-77.67,1625449482.0,64.0
-70.01,1625449482.0,64.0
-59.3,1625449482.0,64.0
-46.52,1625449482.0,64.0
-32.63,1625449482.0,64.0
-18.44,1625449482.0,64.0
-4.49,1625449482.0,64.0
8.76,1625449482.0,64.0
20.81,1625449482.0,64.0
31.05,1625449482.0,64.0
38.92,1625449482.0,64.0
44.17,1625449482.0,64.0
47.07,1625449482.0,64.0
48.35,1625449482.0,64.0
48.95,1625449482.0,64.0
49.63,1625449482.0,64.0
50.69,1625449482.0,64.0
51.98,1625449482.0,64.0
53.08,1625449482.0,64.0
53.57,1625449482.0,64.0
53.24,1625449482.0,64.0
52.09,1625449482.0,64.0
50.24,1625449482.0,64.0
47.76,1625449482.0,64.0
44.66,1625449482.0,64.0
40.87,1625449482.0,64.0
36.41,1625449482.0,64.0
31.44,1625449482.0,64.0
26.27,1625449482.0,64.0
21.25,1625449482.0,64.0
16.67,1625449482.0,64.0
12.63,1625449482.0,64.0
8.99,1625449482.0,64.0
5.44,1625449482.0,64.0
1.63,1625449482.0,64.0
-2.67,1625449482.0,64.0
-7.5,1625449482.0,64.0
-12.73,1625449482.0,64.0
-18.14,1625449482.0,64.0
-23.55,1625449482.0,64.0
-28.9,1625449482.0,64.0
-34.24,1625449482.0,64.0
-39.76,1625449482.0,64.0
-45.64,1625449482.0,64.0
-52.06,1625449482.0,64.0
-59.06,1625449482.0,64.0
-66.46,1625449482.0,64.0
-73.73,1625449482.0,64.0
-80.0,1625449482.0,64.0
-84.17,1625449482.0,64.0
-85.19,1625449482.0,64.0
-82.41,1625449482.0,64.0
-75.81,1625449482.0,64.0
-65.98,1625449482.0,64.0
-53.91,1625449482.0,64.0
-40.67,1625449482.0,64.0
-27.06,1625449482.0,64.0
-13.6,1625449482.0,64.0
-0.61,1625449482.0,64.0
11.53,1625449482.0,64.0
22.26,1625449482.0,64.0
30.96,1625449482.0,64.0
37.18,1625449482.0,64.0
40.93,1625449482.0,64.0
42.71,1625449482.0,64.0
43.43,1625449482.0,64.0
44.0,1625449482.0,64.0
44.97,1625449482.0,64.0
46.42,1625449482.0,64.0
47.97,1625449482.0,64.0
49.08,1625449482.0,64.0
49.31,1625449482.0,64.0
48.48,1625449482.0,64.0
46.67,1625449482.0,64.0
44.06,1625449482.0,64.0
40.87,1625449482.0,64.0
37.23,1625449482.0,64.0
33.24,1625449482.0,64.0
29.0,1625449482.0,64.0
24.68,1625449482.0,64.0
20.44,1625449482.0,64.0
16.36,1625449482.0,64.0
12.46,1625449482.0,64.0
8.6,1625449482.0,64.0
4.65,1625449482.0,64.0
0.5,1625449482.0,64.0
-3.87,1625449482.0,64.0
-8.37,1625449482.0,64.0
-12.92,1625449482.0,64.0
-17.5,1625449482.0,64.0
-22.16,1625449482.0,64.0
-27.02,1625449482.0,64.0
-32.2,1625449482.0,64.0
-37.78,1625449482.0,64.0
-43.77,1625449482.0,64.0
-50.09,1625449482.0,64.0
-56.45,1625449482.0,64.0
-62.35,1625449482.0,64.0
-67.01,1625449482.0,64.0
-69.48,1625449482.0,64.0
-68.89,1625449482.0,64.0
-64.69,1625449482.0,64.0
-56.92,1625449482.0,64.0
-46.19,1625449482.0,64.0
-33.55,1625449482.0,64.0
-20.15,1625449482.0,64.0
-6.99,1625449482.0,64.0
5.2,1625449482.0,64.0
15.87,1625449482.0,64.0
24.59,1625449482.0,64.0
31.03,1625449482.0,64.0
35.03,1625449482.0,64.0
36.82,1625449482.0,64.0
37.0,1625449482.0,64.0
36.5,1625449482.0,64.0
36.24,1625449482.0,64.0
36.79,1625449482.0,64.0
38.24,1625449482.0,64.0
40.13,1625449482.0,64.0
41.74,1625449482.0,64.0
42.38,1625449482.0,64.0
41.62,1625449482.0,64.0
39.43,1625449482.0,64.0
36.1,1625449482.0,64.0
32.11,1625449482.0,64.0
27.88,1625449482.0,64.0
23.7,1625449482.0,64.0
19.66,1625449482.0,64.0
15.66,1625449482.0,64.0
11.53,1625449482.0,64.0
7.15,1625449482.0,64.0
2.47,1625449482.0,64.0
-2.42,1625449482.0,64.0
-7.41,1625449482.0,64.0
-12.38,1625449482.0,64.0
-17.28,1625449482.0,64.0
-22.17,1625449482.0,64.0
-27.16,1625449482.0,64.0
-32.42,1625449482.0,64.0
-38.15,1625449482.0,64.0
-44.5,1625449482.0,64.0
-51.56,1625449482.0,64.0
-59.25,1625449482.0,64.0
-67.21,1625449482.0,64.0
-74.78,1625449482.0,64.0
-81.0,1625449482.0,64.0
-84.76,1625449482.0,64.0
-85.12,1625449482.0,64.0
-81.56,1625449482.0,64.0
-74.19,1625449482.0,64.0
-63.71,1625449482.0,64.0
-51.16,1625449482.0,64.0
-37.58,1625449482.0,64.0
-23.73,1625449482.0,64.0
-10.03,1625449482.0,64.0
3.29,1625449482.0,64.0
15.9,1625449482.0,64.0
27.25,1625449482.0,64.0
36.66,1625449482.0,64.0
43.6,1625449482.0,64.0
47.95,1625449482.0,64.0
50.13,1625449482.0,64.0
50.99,1625449482.0,64.0
51.42,1625449482.0,64.0
52.05,1625449482.0,64.0
53.06,1625449482.0,64.0
54.2,1625449482.0,64.0
54.97,1625449482.0,64.0
54.9,1625449482.0,64.0
53.72,1625449482.0,64.0
51.41,1625449482.0,64.0
48.15,1625449482.0,64.0
44.22,1625449482.0,64.0
39.89,1625449482.0,64.0
35.35,1625449482.0,64.0
30.71,1625449482.0,64.0
26.02,1625449482.0,64.0
21.25,1625449482.0,64.0
16.42,1625449482.0,64.0
11.53,1625449482.0,64.0
6.57,1625449482.0,64.0
1.54,1625449482.0,64.0
-3.57,1625449482.0,64.0
-8.8,1625449482.0,64.0
-14.14,1625449482.0,64.0
-19.64,1625449482.0,64.0
-25.32,1625449482.0,64.0
-31.24,1625449482.0,64.0
-37.49,1625449482.0,64.0
-44.19,1625449482.0,64.0
-51.46,1625449482.0,64.0
-59.3,1625449482.0,64.0
-67.47,1625449482.0,64.0
-75.36,1625449482.0,64.0
-81.99,1625449482.0,64.0
-86.19,1625449482.0,64.0
-86.92,1625449482.0,64.0
-83.59,1625449482.0,64.0
-76.31,1625449482.0,64.0
-65.81,1625449482.0,64.0
-53.16,1625449482.0,64.0
-39.37,1625449482.0,64.0
-25.14,1625449482.0,64.0
-10.84,1625449482.0,64.0
3.32,1625449482.0,64.0
17.0,1625449482.0,64.0
29.56,1625449482.0,64.0
40.23,1625449482.0,64.0
48.33,1625449482.0,64.0
53.65,1625449482.0,64.0
56.48,1625449482.0,64.0
57.61,1625449482.0,64.0
57.99,1625449482.0,64.0
58.37,1625449482.0,64.0
59.09,1625449482.0,64.0
60.04,1625449482.0,64.0
60.8,1625449482.0,64.0
60.88,1625449482.0,64.0
59.94,1625449482.0,64.0
57.88,1625449482.0,64.0
54.82,1625449482.0,64.0
50.98,1625449482.0,64.0
46.62,1625449482.0,64.0
41.92,1625449482.0,64.0
37.01,1625449482.0,64.0
31.99,1625449482.0,64.0
26.92,1625449482.0,64.0
21.89,1625449482.0,64.0
16.93,1625449482.0,64.0
12.03,1625449482.0,64.0
7.12,1625449482.0,64.0
2.11,1625449482.0,64.0
-3.08,1625449482.0,64.0
-8.46,1625449482.0,64.0
-14.0,1625449482.0,64.0
-19.68,1625449482.0,64.0
-25.49,1625449482.0,64.0
-31.5,1625449482.0,64.0
-37.82,1625449482.0,64.0
-44.63,1625449482.0,64.0
-52.03,1625449482.0,64.0
-59.98,1625449482.0,64.0
-68.18,1625449482.0,64.0
-75.92,1625449482.0,64.0
-82.16,1625449482.0,64.0
-85.72,1625449482.0,64.0
-85.59,1625449482.0,64.0
-81.25,1625449482.0,64.0
-72.92,1625449482.0,64.0
-61.44,1625449482.0,64.0
-47.98,1625449482.0,64.0
-33.58,1625449482.0,64.0
-18.92,1625449482.0,64.0
-4.34,1625449482.0,64.0
9.9,1625449482.0,64.0
23.36,1625449482.0,64.0
35.3,1625449482.0,64.0
44.91,1625449482.0,64.0
51.7,1625449482.0,64.0
55.74,1625449482.0,64.0
57.75,1625449482.0,64.0
58.72,1625449482.0,64.0
59.49,1625449482.0,64.0
60.44,1625449482.0,64.0
61.39,1625449482.0,64.0
61.91,1625449482.0,64.0
61.64,1625449482.0,64.0
60.45,1625449482.0,64.0
58.5,1625449482.0,64.0
56.01,1625449482.0,64.0
53.09,1625449482.0,64.0
49.7,1625449482.0,64.0
45.74,1625449482.0,64.0
41.16,1625449482.0,64.0
36.08,1625449482.0,64.0
30.78,1625449482.0,64.0
25.56,1625449482.0,64.0
20.61,1625449482.0,64.0
15.92,1625449482.0,64.0
11.38,1625449482.0,64.0
6.74,1625449482.0,64.0
1.86,1625449482.0,64.0
-3.34,1625449482.0,64.0
-8.8,1625449482.0,64.0
-14.4,1625449482.0,64.0
-20.02,1625449482.0,64.0
-25.56,1625449482.0,64.0
-31.03,1625449482.0,64.0
-36.58,1625449482.0,64.0
-42.47,1625449482.0,64.0
-49.01,1625449482.0,64.0
-56.43,1625449482.0,64.0
-64.67,1625449482.0,64.0
-73.22,1625449482.0,64.0
-81.08,1625449482.0,64.0
-86.99,1625449482.0,64.0
-89.69,1625449482.0,64.0
-88.31,1625449482.0,64.0
-82.61,1625449482.0,64.0
-73.02,1625449482.0,64.0
-60.46,1625449482.0,64.0
-46.03,1625449482.0,64.0
-30.71,1625449482.0,64.0
-15.24,1625449482.0,64.0
-0.19,1625449482.0,64.0
13.97,1625449482.0,64.0
26.69,1625449482.0,64.0
37.45,1625449482.0,64.0
45.81,1625449482.0,64.0
51.66,1625449482.0,64.0
55.24,1625449482.0,64.0
57.15,1625449482.0,64.0
58.12,1625449482.0,64.0
58.78,1625449482.0,64.0
59.45,1625449482.0,64.0
60.09,1625449482.0,64.0
60.42,1625449482.0,64.0
60.11,1625449482.0,64.0
58.98,1625449482.0,64.0
57.07,1625449482.0,64.0
54.59,1625449482.0,64.0
51.73,1625449482.0,64.0
48.6,1625449482.0,64.0
45.12,1625449482.0,64.0
41.16,1625449482.0,64.0
36.66,1625449482.0,64.0
31.77,1625449482.0,64.0
26.83,1625449482.0,64.0
22.17,1625449482.0,64.0
17.96,1625449482.0,64.0
14.07,1625449482.0,64.0
10.14,1625449482.0,64.0
5.77,1625449482.0,64.0
0.73,1625449482.0,64.0
-4.87,1625449482.0,64.0
-10.72,1625449482.0,64.0
-16.43,1625449482.0,64.0
-21.81,1625449482.0,64.0
-26.87,1625449482.0,64.0
-31.85,1625449482.0,64.0
-37.06,1625449482.0,64.0
-42.82,1625449482.0,64.0
-49.33,1625449482.0,64.0
-56.58,1625449482.0,64.0
-64.28,1625449482.0,64.0
-71.78,1625449482.0,64.0
-78.03,1625449482.0,64.0
-81.81,1625449482.0,64.0
-82.06,1625449482.0,64.0
-78.16,1625449482.0,64.0
-70.21,1625449482.0,64.0
-58.98,1625449482.0,64.0
-45.6,1625449482.0,64.0
-31.23,1625449482.0,64.0
-16.73,1625449482.0,64.0
-2.66,1625449482.0,64.0
10.59,1625449482.0,64.0
22.57,1625449482.0,64.0
32.7,1625449482.0,64.0
40.41,1625449482.0,64.0
45.39,1625449482.0,64.0
47.83,1625449482.0,64.0
48.47,1625449482.0,64.0
48.33,1625449482.0,64.0
48.4,1625449482.0,64.0
49.22,1625449482.0,64.0
50.76,1625449482.0,64.0
52.44,1625449482.0,64.0
53.54,1625449482.0,64.0
53.49,1625449482.0,64.0
52.08,1625449482.0,64.0
49.44,1625449482.0,64.0
45.96,1625449482.0,64.0
42.03,1625449482.0,64.0
37.93,1625449482.0,64.0
33.76,1625449482.0,64.0
29.56,1625449482.0,64.0
25.31,1625449482.0,64.0
21.05,1625449482.0,64.0
16.88,1625449482.0,64.0
12.86,1625449482.0,64.0
8.99,1625449482.0,64.0
5.19,1625449482.0,64.0
1.27,1625449482.0,64.0
-2.95,1625449482.0,64.0
-7.58,1625449482.0,64.0
-12.61,1625449482.0,64.0
-17.96,1625449482.0,64.0
-23.54,1625449482.0,64.0
-29.26,1625449482.0,64.0
-35.17,1625449482.0,64.0
-41.38,1625449482.0,64.0
-48.05,1625449482.0,64.0
-55.2,1625449482.0,64.0
-62.54,1625449482.0,64.0
-69.4,1625449482.0,64.0
-74.75,1625449482.0,64.0
-77.39,1625449482.0,64.0
-76.33,1625449482.0,64.0
-71.15,1625449482.0,64.0
-62.14,1625449482.0,64.0
-50.25,1625449482.0,64.0
-36.73,1625449482.0,64.0
-22.74,1625449482.0,64.0
-9.06,1625449482.0,64.0
3.86,1625449482.0,64.0
15.75,1625449482.0,64.0
26.26,1625449482.0,64.0
34.92,1625449482.0,64.0
41.29,1625449482.0,64.0
45.24,1625449482.0,64.0
47.14,1625449482.0,64.0
47.73,1625449482.0,64.0
47.93,1625449482.0,64.0
48.39,1625449482.0,64.0
49.33,1625449482.0,64.0
50.48,1625449482.0,64.0
51.32,1625449482.0,64.0
51.36,1625449482.0,64.0
50.32,1625449482.0,64.0
48.19,1625449482.0,64.0
45.15,1625449482.0,64.0
41.41,1625449482.0,64.0
37.18,1625449482.0,64.0
32.63,1625449482.0,64.0
27.88,1625449482.0,64.0
23.06,1625449482.0,64.0
18.24,1625449482.0,64.0
13.47,1625449482.0,64.0
8.75,1625449482.0,64.0
4.04,1625449482.0,64.0
-0.73,1625449482.0,64.0
-5.59,1625449482.0,64.0
-10.54,1625449482.0,64.0
-15.54,1625449482.0,64.0
-20.58,1625449482.0,64.0
-25.62,1625449482.0,64.0
-30.7,1625449482.0,64.0
-35.96,1625449482.0,64.0
-41.59,1625449482.0,64.0
-47.85,1625449482.0,64.0
-54.92,1625449482.0,64.0
-62.77,1625449482.0,64.0
-71.04,1625449482.0,64.0
-79.0,1625449482.0,64.0
-85.58,1625449482.0,64.0
-89.62,1625449482.0,64.0
-90.14,1625449482.0,64.0
-86.64,1625449482.0,64.0
-79.22,1625449482.0,64.0
-68.56,1625449482.0,64.0
-55.67,1625449482.0,64.0
-41.6,1625449482.0,64.0
-27.08,1625449482.0,64.0
-12.56,1625449482.0,64.0
1.72,1625449482.0,64.0
15.45,1625449482.0,64.0
28.12,1625449482.0,64.0
39.0,1625449482.0,64.0
47.45,1625449482.0,64.0
53.2,1625449482.0,64.0
56.51,1625449482.0,64.0
58.13,1625449482.0,64.0
58.95,1625449482.0,64.0
59.69,1625449482.0,64.0
60.61,1625449482.0,64.0
61.53,1625449482.0,64.0
61.98,1625449482.0,64.0
61.55,1625449482.0,64.0
60.03,1625449482.0,64.0
57.5,1625449482.0,64.0
54.22,1625449482.0,64.0
50.47,1625449482.0,64.0
46.45,1625449482.0,64.0
42.21,1625449482.0,64.0
37.74,1625449482.0,64.0
33.04,1625449482.0,64.0
28.15,1625449482.0,64.0
23.2,1625449482.0,64.0
18.27,1625449482.0,64.0
13.34,1625449482.0,64.0
8.31,1625449482.0,64.0
3.03,1625449482.0,64.0
-2.58,1625449482.0,64.0
-8.47,1625449482.0,64.0
-14.48,1625449482.0,64.0
-20.42,1625449482.0,64.0
-26.19,1625449482.0,64.0
-31.86,1625449482.0,64.0
-37.63,1625449482.0,64.0
-43.76,1625449482.0,64.0
-50.5,1625449482.0,64.0
-57.98,1625449482.0,64.0
-66.13,1625449482.0,64.0
-74.57,1625449482.0,64.0
-82.57,1625449482.0,64.0
-89.07,1625449482.0,64.0
-92.92,1625449482.0,64.0
-93.15,1625449482.0,64.0
-89.28,1625449482.0,64.0
-81.49,1625449482.0,64.0
-70.47,1625449482.0,64.0
-57.23,1625449482.0,64.0
-42.73,1625449482.0,64.0
-27.71,1625449482.0,64.0
-12.65,1625449482.0,64.0
2.05,1625449482.0,64.0
15.91,1625449482.0,64.0
28.34,1625449482.0,64.0
38.7,1625449482.0,64.0
46.57,1625449482.0,64.0
51.9,1625449482.0,64.0
55.07,1625449482.0,64.0
56.75,1625449482.0,64.0
57.64,1625449482.0,64.0
58.26,1625449482.0,64.0
58.79,1625449482.0,64.0
59.09,1625449482.0,64.0
58.93,1625449482.0,64.0
58.1,1625449482.0,64.0
56.54,1625449482.0,64.0
54.34,1625449482.0,64.0
51.62,1625449482.0,64.0
48.48,1625449482.0,64.0
44.88,1625449482.0,64.0
40.76,1625449482.0,64.0
36.12,1625449482.0,64.0
31.07,1625449482.0,64.0
25.88,1625449482.0,64.0
20.84,1625449482.0,64.0
16.14,1625449482.0,64.0
11.74,1625449482.0,64.0
7.45,1625449482.0,64.0
2.96,1625449482.0,64.0
-1.92,1625449482.0,64.0
-7.27,1625449482.0,64.0
-12.92,1625449482.0,64.0
-18.69,1625449482.0,64.0
-24.39,1625449482.0,64.0
-30.03,1625449482.0,64.0
-35.72,1625449482.0,64.0
-41.72,1625449482.0,64.0
-48.27,1625449482.0,64.0
-55.55,1625449482.0,64.0
-63.54,1625449482.0,64.0
-71.96,1625449482.0,64.0
-80.11,1625449482.0,64.0
-86.98,1625449482.0,64.0
-91.33,1625449482.0,64.0
-92.07,1625449482.0,64.0
-88.57,1625449482.0,64.0
-80.89,1625449482.0,64.0
-69.75,1625449482.0,64.0
-56.31,1625449482.0,64.0
-41.75,1625449482.0,64.0
-26.94,1625449482.0,64.0
-12.37,1625449482.0,64.0
1.71,1625449482.0,64.0
15.02,1625449482.0,64.0
27.11,1625449482.0,64.0
37.34,1625449482.0,64.0
45.16,1625449482.0,64.0
50.36,1625449482.0,64.0
53.28,1625449482.0,64.0
54.7,1625449482.0,64.0
55.51,1625449482.0,64.0
56.41,1625449482.0,64.0
57.57,1625449482.0,64.0
58.72,1625449482.0,64.0
59.38,1625449482.0,64.0
59.14,1625449482.0,64.0
57.89,1625449482.0,64.0
55.81,1625449482.0,64.0
53.18,1625449482.0,64.0
50.14,1625449482.0,64.0
46.63,1625449482.0,64.0
42.49,1625449482.0,64.0
37.64,1625449482.0,64.0
32.23,1625449482.0,64.0
26.69,1625449482.0,64.0
21.5,1625449482.0,64.0
16.98,1625449482.0,64.0
13.15,1625449482.0,64.0
9.67,1625449482.0,64.0
6.04,1625449482.0,64.0
1.83,1625449482.0,64.0
-3.17,1625449482.0,64.0
-8.86,1625449482.0,64.0
-14.9,1625449482.0,64.0
-20.9,1625449482.0,64.0
-26.64,1625449482.0,64.0
-32.12,1625449482.0,64.0
-37.58,1625449482.0,64.0
-43.36,1625449482.0,64.0
-49.77,1625449482.0,64.0
-56.95,1625449482.0,64.0
-64.82,1625449482.0,64.0
-73.01,1625449482.0,64.0
-80.86,1625449482.0,64.0
-87.48,1625449482.0,64.0
-91.85,1625449482.0,64.0
-93.01,1625449482.0,64.0
-90.33,1625449482.0,64.0
-83.68,1625449482.0,64.0
-73.53,1625449482.0,64.0
-60.74,1625449482.0,64.0
-46.35,1625449482.0,64.0
-31.26,1625449482.0,64.0
-16.14,1625449482.0,64.0
-1.46,1625449482.0,64.0
12.26,1625449482.0,64.0
24.47,1625449482.0,64.0
34.54,1625449482.0,64.0
42.06,1625449482.0,64.0
47.04,1625449482.0,64.0
49.98,1625449482.0,64.0
51.71,1625449482.0,64.0
53.04,1625449482.0,64.0
54.51,1625449482.0,64.0
56.2,1625449482.0,64.0
57.82,1625449482.0,64.0
58.9,1625449482.0,64.0
59.07,1625449482.0,64.0
58.2,1625449482.0,64.0
56.34,1625449482.0,64.0
53.71,1625449482.0,64.0
50.48,1625449482.0,64.0
46.81,1625449482.0,64.0
42.78,1625449482.0,64.0
38.43,1625449482.0,64.0
33.85,1625449482.0,64.0
29.18,1625449482.0,64.0
24.59,1625449482.0,64.0
20.21,1625449482.0,64.0
16.08,1625449482.0,64.0
12.08,1625449482.0,64.0
7.98,1625449482.0,64.0
3.57,1625449482.0,64.0
-1.29,1625449482.0,64.0
-6.57,1625449482.0,64.0
-12.1,1625449482.0,64.0
-17.7,1625449482.0,64.0
-23.24,1625449482.0,64.0
-28.7,1625449482.0,64.0
-34.17,1625449482.0,64.0
-39.82,1625449482.0,64.0
-45.86,1625449482.0,64.0
-52.44,1625449482.0,64.0
-59.52,1625449482.0,64.0
-66.69,1625449482.0,64.0
-73.12,1625449482.0,64.0
-77.66,1625449482.0,64.0
-79.09,1625449482.0,64.0
-76.59,1625449482.0,64.0
-69.99,1625449482.0,64.0
-59.89,1625449482.0,64.0
-47.35,1625449482.0,64.0
-33.54,1625449482.0,64.0
-19.39,1625449482.0,64.0
-5.52,1625449482.0,64.0
7.59,1625449482.0,64.0
19.4,1625449482.0,64.0
29.26,1625449482.0,64.0
36.59,1625449482.0,64.0
41.2,1625449482.0,64.0
43.46,1625449482.0,64.0
44.29,1625449482.0,64.0
44.72,1625449482.0,64.0
45.53,1625449482.0,64.0
46.93,1625449482.0,64.0
48.59,1625449482.0,64.0
49.97,1625449482.0,64.0
50.59,1625449482.0,64.0
50.25,1625449482.0,64.0
49.02,1625449482.0,64.0
47.04,1625449482.0,64.0
44.41,1625449482.0,64.0
41.15,1625449482.0,64.0
37.29,1625449482.0,64.0
32.92,1625449482.0,64.0
28.26,1625449482.0,64.0
23.54,1625449482.0,64.0
18.91,1625449482.0,64.0
14.37,1625449482.0,64.0
9.84,1625449482.0,64.0
5.24,1625449482.0,64.0
0.52,1625449482.0,64.0
-4.26,1625449482.0,64.0
-9.06,1625449482.0,64.0
-13.85,1625449482.0,64.0
-18.68,1625449482.0,64.0
-23.63,1625449482.0,64.0
-28.83,1625449482.0,64.0
-34.43,1625449482.0,64.0
-40.6,1625449482.0,64.0
-47.43,1625449482.0,64.0
-54.89,1625449482.0,64.0
-62.6,1625449482.0,64.0
-69.78,1625449482.0,64.0
-75.29,1625449482.0,64.0
-77.88,1625449482.0,64.0
-76.6,1625449482.0,64.0
-71.12,1625449482.0,64.0
-61.88,1625449482.0,64.0
-49.9,1625449482.0,64.0
-36.43,1625449482.0,64.0
-22.52,1625449482.0,64.0
-8.86,1625449482.0,64.0
4.15,1625449482.0,64.0
16.2,1625449482.0,64.0
26.86,1625449482.0,64.0
35.59,1625449482.0,64.0
41.92,1625449482.0,64.0
45.77,1625449482.0,64.0
47.56,1625449482.0,64.0
48.11,1625449482.0,64.0
48.34,1625449482.0,64.0
48.86,1625449482.0,64.0
49.85,1625449482.0,64.0
51.01,1625449482.0,64.0
51.79,1625449482.0,64.0
51.71,1625449482.0,64.0
50.47,1625449482.0,64.0
48.06,1625449482.0,64.0
44.7,1625449482.0,64.0
40.7,1625449482.0,64.0
36.38,1625449482.0,64.0
31.98,1625449482.0,64.0
27.63,1625449482.0,64.0
23.29,1625449482.0,64.0
18.86,1625449482.0,64.0
14.19,1625449482.0,64.0
9.18,1625449482.0,64.0
3.84,1625449482.0,64.0
-1.72,1625449482.0,64.0
-7.31,1625449482.0,64.0
-12.8,1625449482.0,64.0
-18.15,1625449482.0,64.0
-23.45,1625449482.0,64.0
-28.89,1625449482.0,64.0
-34.68,1625449482.0,64.0
-40.97,1625449482.0,64.0
-47.89,1625449482.0,64.0
-55.46,1625449482.0,64.0
-63.62,1625449482.0,64.0
-72.11,1625449482.0,64.0
-80.31,1625449482.0,64.0
-87.27,1625449482.0,64.0
-91.8,1625449482.0,64.0
-92.77,1625449482.0,64.0
-89.5,1625449482.0,64.0
-81.98,1625449482.0,64.0
-70.89,1625449482.0,64.0
-57.32,1625449482.0,64.0
-42.4,1625449482.0,64.0
-26.95,1625449482.0,64.0
-11.42,1625449482.0,64.0
3.9,1625449482.0,64.0
18.68,1625449482.0,64.0
32.3,1625449482.0,64.0
44.0,1625449482.0,64.0
53.06,1625449482.0,64.0
59.2,1625449482.0,64.0
62.65,1625449482.0,64.0
64.16,1625449482.0,64.0
64.66,1625449482.0,64.0
64.94,1625449482.0,64.0
65.37,1625449482.0,64.0
65.9,1625449482.0,64.0
66.18,1625449482.0,64.0
65.83,1625449482.0,64.0
64.61,1625449482.0,64.0
62.47,1625449482.0,64.0
59.46,1625449482.0,64.0
55.72,1625449482.0,64.0
51.32,1625449482.0,64.0
46.34,1625449482.0,64.0
40.89,1625449482.0,64.0
35.15,1625449482.0,64.0
29.34,1625449482.0,64.0
23.63,1625449482.0,64.0
18.11,1625449482.0,64.0
12.76,1625449482.0,64.0
7.47,1625449482.0,64.0
2.12,1625449482.0,64.0
-3.36,1625449482.0,64.0
-8.98,1625449482.0,64.0
-14.7,1625449482.0,64.0
-20.5,1625449482.0,64.0
-26.41,1625449482.0,64.0
-32.52,1625449482.0,64.0
-38.98,1625449482.0,64.0
-46.0,1625449482.0,64.0
-53.69,1625449482.0,64.0
-62.03,1625449482.0,64.0
-70.68,1625449482.0,64.0
-78.88,1625449482.0,64.0
-85.51,1625449482.0,64.0
-89.28,1625449482.0,64.0
-89.05,1625449482.0,64.0
-84.29,1625449482.0,64.0
-75.21,1625449482.0,64.0
-62.74,1625449482.0,64.0
-48.2,1625449482.0,64.0
-32.82,1625449482.0,64.0
-17.42,1625449482.0,64.0
-2.4,1625449482.0,64.0
12.11,1625449482.0,64.0
25.82,1625449482.0,64.0
38.18,1625449482.0,64.0
48.42,1625449482.0,64.0
55.89,1625449482.0,64.0
60.43,1625449482.0,64.0
62.51,1625449482.0,64.0
63.09,1625449482.0,64.0
63.19,1625449482.0,64.0
63.49,1625449482.0,64.0
64.14,1625449482.0,64.0
64.82,1625449482.0,64.0
65.03,1625449482.0,64.0
64.34,1625449482.0,64.0
62.62,1625449482.0,64.0
59.95,1625449482.0,64.0
56.54,1625449482.0,64.0
52.51,1625449482.0,64.0
47.93,1625449482.0,64.0
42.8,1625449482.0,64.0
37.25,1625449482.0,64.0
31.47,1625449482.0,64.0
25.74,1625449482.0,64.0
20.23,1625449482.0,64.0
14.98,1625449482.0,64.0
9.88,1625449482.0,64.0
4.76,1625449482.0,64.0
-0.51,1625449482.0,64.0
-5.92,1625449482.0,64.0
-11.4,1625449482.0,64.0
-16.87,1625449482.0,64.0
-22.33,1625449482.0,64.0
-27.84,1625449482.0,64.0
-33.5,1625449482.0,64.0
-39.42,1625449482.0,64.0
-45.68,1625449482.0,64.0
-52.36,1625449482.0,64.0
-59.51,1625449482.0,64.0
-67.1,1625449482.0,64.0
-74.83,1625449482.0,64.0
-82.05,1625449482.0,64.0
-87.73,1625449482.0,64.0
-90.67,1625449482.0,64.0
-89.85,1625449482.0,64.0
-84.78,1625449482.0,64.0
-75.68,1625449482.0,64.0
-63.42,1625449482.0,64.0
-49.15,1625449482.0,64.0
-33.94,1625449482.0,64.0
-18.53,1625449482.0,64.0
-3.32,1625449482.0,64.0
11.37,1625449482.0,64.0
25.11,1625449482.0,64.0
37.22,1625449482.0,64.0
46.95,1625449482.0,64.0
53.83,1625449482.0,64.0
57.91,1625449482.0,64.0
59.8,1625449482.0,64.0
60.49,1625449482.0,64.0
60.91,1625449482.0,64.0
61.62,1625449482.0,64.0
62.64,1625449482.0,64.0
63.56,1625449482.0,64.0
63.86,1625449482.0,64.0
63.18,1625449482.0,64.0
61.51,1625449482.0,64.0
59.09,1625449482.0,64.0
56.24,1625449482.0,64.0
53.1,1625449482.0,64.0
49.59,1625449482.0,64.0
45.48,1625449482.0,64.0
40.6,1625449482.0,64.0
35.02,1625449482.0,64.0
29.13,1625449482.0,64.0
23.41,1625449482.0,64.0
18.25,1625449482.0,64.0
13.73,1625449482.0,64.0
9.57,1625449482.0,64.0
5.31,1625449482.0,64.0
0.55,1625449482.0,64.0
-4.81,1625449482.0,64.0
-10.6,1625449482.0,64.0
-16.44,1625449482.0,64.0
-22.01,1625449482.0,64.0
-27.19,1625449482.0,64.0
-32.11,1625449482.0,64.0
-37.08,1625449482.0,64.0
-42.42,1625449482.0,64.0
-48.38,1625449482.0,64.0
-55.07,1625449482.0,64.0
-62.43,1625449482.0,64.0
-70.21,1625449482.0,64.0
-77.89,1625449482.0,64.0
-84.65,1625449482.0,64.0
-89.44,1625449482.0,64.0
-91.17,1625449482.0,64.0
-89.04,1625449482.0,64.0
-82.78,1625449482.0,64.0
-72.8,1625449482.0,64.0
-60.04,1625449482.0,64.0
-45.61,1625449482.0,64.0
-30.49,1625449482.0,64.0
-15.31,1625449482.0,64.0
-0.46,1625449482.0,64.0
13.67,1625449482.0,64.0
26.54,1625449482.0,64.0
37.42,1625449482.0,64.0
45.71,1625449482.0,64.0
51.23,1625449482.0,64.0
54.35,1625449482.0,64.0
55.91,1625449482.0,64.0
56.81,1625449482.0,64.0
57.68,1625449482.0,64.0
58.68,1625449482.0,64.0
59.55,1625449482.0,64.0
59.9,1625449482.0,64.0
59.48,1625449482.0,64.0
58.26,1625449482.0,64.0
56.39,1625449482.0,64.0
54.02,1625449482.0,64.0
51.16,1625449482.0,64.0
47.76,1625449482.0,64.0
43.74,1625449482.0,64.0
39.18,1625449482.0,64.0
34.31,1625449482.0,64.0
29.48,1625449482.0,64.0
24.95,1625449482.0,64.0
20.85,1625449482.0,64.0
17.06,1625449482.0,64.0
13.32,1625449482.0,64.0
9.3,1625449482.0,64.0
4.78,1625449482.0,64.0
-0.3,1625449482.0,64.0
-5.8,1625449482.0,64.0
-11.45,1625449482.0,64.0
-16.95,1625449482.0,64.0
-22.11,1625449482.0,64.0
-26.89,1625449482.0,64.0
-31.46,1625449482.0,64.0
-36.1,1625449482.0,64.0
-41.19,1625449482.0,64.0
-47.01,1625449482.0,64.0
-53.68,1625449482.0,64.0
-61.0,1625449482.0,64.0
-68.4,1625449482.0,64.0
-74.93,1625449482.0,64.0
-79.39,1625449482.0,64.0
-80.64,1625449482.0,64.0
-77.9,1625449482.0,64.0
-71.05,1625449482.0,64.0
-60.62,1625449482.0,64.0
-47.66,1625449482.0,64.0
-33.4,1625449482.0,64.0
-18.91,1625449482.0,64.0
-4.94,1625449482.0,64.0
7.98,1625449482.0,64.0
19.38,1625449482.0,64.0
28.79,1625449482.0,64.0
35.78,1625449482.0,64.0
40.18,1625449482.0,64.0
42.28,1625449482.0,64.0
42.86,1625449482.0,64.0
42.91,1625449482.0,64.0
43.29,1625449482.0,64.0
44.39,1625449482.0,64.0
46.04,1625449482.0,64.0
47.65,1625449482.0,64.0
48.57,1625449482.0,64.0
48.39,1625449482.0,64.0
47.04,1625449482.0,64.0
44.73,1625449482.0,64.0
41.74,1625449482.0,64.0
38.28,1625449482.0,64.0
34.45,1625449482.0,64.0
30.28,1625449482.0,64.0
25.82,1625449482.0,64.0
21.17,1625449482.0,64.0
16.48,1625449482.0,64.0
11.84,1625449482.0,64.0
7.24,1625449482.0,64.0
2.62,1625449482.0,64.0
-2.07,1625449482.0,64.0
-6.84,1625449482.0,64.0
-11.61,1625449482.0,64.0
-16.26,1625449482.0,64.0
-20.75,1625449482.0,64.0
-25.2,1625449482.0,64.0
-29.8,1625449482.0,64.0
-34.87,1625449482.0,64.0
-40.67,1625449482.0,64.0
-47.35,1625449482.0,64.0
-54.86,1625449482.0,64.0
-62.92,1625449482.0,64.0
-70.96,1625449482.0,64.0
-78.14,1625449482.0,64.0
-83.41,1625449482.0,64.0
-85.7,1625449482.0,64.0
-84.23,1625449482.0,64.0
-78.7,1625449482.0,64.0
-69.48,1625449482.0,64.0
-57.46,1625449482.0,64.0
-43.77,1625449482.0,64.0
-29.47,1625449482.0,64.0
-15.31,1625449482.0,64.0
-1.74,1625449482.0,64.0
10.98,1625449482.0,64.0
22.54,1625449482.0,64.0
32.49,1625449482.0,64.0
40.37,1625449482.0,64.0
45.84,1625449482.0,64.0
48.95,1625449482.0,64.0
50.18,1625449482.0,64.0
50.32,1625449482.0,64.0
50.15,1625449482.0,64.0
50.22,1625449482.0,64.0
50.65,1625449482.0,64.0
51.21,1625449482.0,64.0
51.46,1625449482.0,64.0
50.99,1625449482.0,64.0
49.58,1625449482.0,64.0
47.22,1625449482.0,64.0
43.99,1625449482.0,64.0
40.05,1625449482.0,64.0
35.51,1625449482.0,64.0
30.52,1625449482.0,64.0
25.28,1625449482.0,64.0
20.02,1625449482.0,64.0
14.97,1625449482.0,64.0
10.2,1625449482.0,64.0
5.63,1625449482.0,64.0
1.03,1625449482.0,64.0
-3.82,1625449482.0,64.0
-9.04,1625449482.0,64.0
-14.56,1625449482.0,64.0
-20.22,1625449482.0,64.0
-25.84,1625449482.0,64.0
-31.35,1625449482.0,64.0
-36.81,1625449482.0,64.0
-42.47,1625449482.0,64.0
-48.63,1625449482.0,64.0
-55.59,1625449482.0,64.0
-63.49,1625449482.0,64.0
-72.15,1625449482.0,64.0
-80.99,1625449482.0,64.0
-88.98,1625449482.0,64.0
-94.85,1625449482.0,64.0
-97.37,1625449482.0,64.0
-95.75,1625449482.0,64.0
-89.83,1625449482.0,64.0
-80.16,1625449482.0,64.0
-67.74,1625449482.0,64.0
-53.69,1625449482.0,64.0
-38.93,1625449482.0,64.0
-23.99,1625449482.0,64.0
-9.13,1625449482.0,64.0
5.42,1625449482.0,64.0
19.29,1625449482.0,64.0
31.85,1625449482.0,64.0
42.39,1625449482.0,64.0
50.36,1625449482.0,64.0
55.63,1625449482.0,64.0
58.55,1625449482.0,64.0
59.9,1625449482.0,64.0
60.5,1625449482.0,64.0
60.96,1625449482.0,64.0
61.5,1625449482.0,64.0
61.99,1625449482.0,64.0
62.07,1625449482.0,64.0
61.44,1625449482.0,64.0
59.99,1625449482.0,64.0
57.76,1625449482.0,64.0
54.87,1625449482.0,64.0
51.4,1625449482.0,64.0
47.36,1625449482.0,64.0
42.74,1625449482.0,64.0
37.59,1625449482.0,64.0
32.1,1625449482.0,64.0
26.56,1625449482.0,64.0
21.21,1625449482.0,64.0
16.18,1625449482.0,64.0
11.41,1625449482.0,64.0
6.64,1625449482.0,64.0
1.63,1625449482.0,64.0
-3.79,1625449482.0,64.0
-9.59,1625449482.0,64.0
-15.6,1625449482.0,64.0
-21.65,1625449482.0,64.0
-27.61,1625449482.0,64.0
-33.56,1625449482.0,64.0
-39.64,1625449482.0,64.0
-46.11,1625449482.0,64.0
-53.15,1625449482.0,64.0
-60.9,1625449482.0,64.0
-69.23,1625449482.0,64.0
-77.73,1625449482.0,64.0
-85.58,1625449482.0,64.0
-91.66,1625449482.0,64.0
-94.77,1625449482.0,64.0
-93.95,1625449482.0,64.0
-88.81,1625449482.0,64.0
-79.66,1625449482.0,64.0
-67.38,1625449482.0,64.0
-53.1,1625449482.0,64.0
-37.83,1625449482.0,64.0
-22.27,1625449482.0,64.0
-6.85,1625449482.0,64.0
8.05,1625449482.0,64.0
21.94,1625449482.0,64.0
34.12,1625449482.0,64.0
43.94,1625449482.0,64.0
51.05,1625449482.0,64.0
55.59,1625449482.0,64.0
58.15,1625449482.0,64.0
59.57,1625449482.0,64.0
60.58,1625449482.0,64.0
61.57,1625449482.0,64.0
62.57,1625449482.0,64.0
63.3,1625449482.0,64.0
63.42,1625449482.0,64.0
62.71,1625449482.0,64.0
61.16,1625449482.0,64.0
58.92,1625449482.0,64.0
56.14,1625449482.0,64.0
52.9,1625449482.0,64.0
49.17,1625449482.0,64.0
44.86,1625449482.0,64.0
39.94,1625449482.0,64.0
34.53,1625449482.0,64.0
28.95,1625449482.0,64.0
23.57,1625449482.0,64.0
18.67,1625449482.0,64.0
14.3,1625449482.0,64.0
10.25,1625449482.0,64.0
6.12,1625449482.0,64.0
1.55,1625449482.0,64.0
-3.65,1625449482.0,64.0
-9.4,1625449482.0,64.0
-15.45,1625449482.0,64.0
-21.5,1625449482.0,64.0
-27.35,1625449482.0,64.0
-33.04,1625449482.0,64.0
-38.76,1625449482.0,64.0
-44.82,1625449482.0,64.0
-51.51,1625449482.0,64.0
-58.99,1625449482.0,64.0
-67.19,1625449482.0,64.0
-75.72,1625449482.0,64.0
-83.87,1625449482.0,64.0
-90.63,1625449482.0,64.0
-94.89,1625449482.0,64.0
-95.69,1625449482.0,64.0
-92.47,1625449482.0,64.0
-85.22,1625449482.0,64.0
-74.45,1625449482.0,64.0
-61.0,1625449482.0,64.0
-45.82,1625449482.0,64.0
-29.73,1625449482.0,64.0
-13.38,1625449482.0,64.0
2.62,1625449482.0,64.0
17.6,1625449482.0,64.0
30.81,1625449482.0,64.0
41.54,1625449482.0,64.0
49.37,1625449482.0,64.0
54.37,1625449482.0,64.0
57.12,1625449482.0,64.0
58.54,1625449482.0,64.0
59.55,1625449482.0,64.0
60.76,1625449482.0,64.0
62.28,1625449482.0,64.0
63.78,1625449482.0,64.0
64.75,1625449482.0,64.0
64.78,1625449482.0,64.0
63.75,1625449482.0,64.0
61.8,1625449482.0,64.0
59.19,1625449482.0,64.0
56.12,1625449482.0,64.0
52.64,1625449482.0,64.0
48.69,1625449482.0,64.0
44.22,1625449482.0,64.0
39.28,1625449482.0,64.0
34.08,1625449482.0,64.0
28.92,1625449482.0,64.0
24.05,1625449482.0,64.0
19.57,1625449482.0,64.0
15.37,1625449482.0,64.0
11.19,1625449482.0,64.0
6.7,1625449482.0,64.0
1.71,1625449482.0,64.0
-3.79,1625449482.0,64.0
-9.63,1625449482.0,64.0
-15.55,1625449482.0,64.0
-21.36,1625449482.0,64.0
-27.01,1625449482.0,64.0
-32.62,1625449482.0,64.0
-38.43,1625449482.0,64.0
-44.69,1625449482.0,64.0
-51.56,1625449482.0,64.0
-59.09,1625449482.0,64.0
-67.05,1625449482.0,64.0
-74.89,1625449482.0,64.0
-81.74,1625449482.0,64.0
-86.48,1625449482.0,64.0
-88.0,1625449482.0,64.0
-85.56,1625449482.0,64.0
-79.02,1625449482.0,64.0
-68.92,1625449482.0,64.0
-56.22,1625449482.0,64.0
-41.97,1625449482.0,64.0
-27.02,1625449482.0,64.0
-11.92,1625449482.0,64.0
2.91,1625449482.0,64.0
16.97,1625449482.0,64.0
29.56,1625449482.0,64.0
39.9,1625449482.0,64.0
47.43,1625449482.0,64.0
52.13,1625449482.0,64.0
54.56,1625449482.0,64.0
55.74,1625449482.0,64.0
56.65,1625449482.0,64.0
57.91,1625449482.0,64.0
59.57,1625449482.0,64.0
61.13,1625449482.0,64.0
61.96,1625449482.0,64.0
61.57,1625449482.0,64.0
59.89,1625449482.0,64.0
57.2,1625449482.0,64.0
53.97,1625449482.0,64.0
50.59,1625449482.0,64.0
47.18,1625449482.0,64.0
43.59,1625449482.0,64.0
39.62,1625449482.0,64.0
35.16,1625449482.0,64.0
30.33,1625449482.0,64.0
25.45,1625449482.0,64.0
20.86,1625449482.0,64.0
16.74,1625449482.0,64.0
13.01,1625449482.0,64.0
9.32,1625449482.0,64.0
5.27,1625449482.0,64.0
0.55,1625449482.0,64.0
-4.85,1625449482.0,64.0
-10.67,1625449482.0,64.0
-16.49,1625449482.0,64.0
-21.93,1625449482.0,64.0
-26.83,1625449482.0,64.0
-31.32,1625449482.0,64.0
-35.81,1625449482.0,64.0
-40.78,1625449482.0,64.0
-46.61,1625449482.0,64.0
-53.47,1625449482.0,64.0
-61.19,1625449482.0,64.0
-69.36,1625449482.0,64.0
-77.26,1625449482.0,64.0
-83.98,1625449482.0,64.0
-88.48,1625449482.0,64.0
-89.74,1625449482.0,64.0
-87.06,1625449482.0,64.0
-80.28,1625449482.0,64.0
-69.85,1625449482.0,64.0
-56.74,1625449482.0,64.0
-42.12,1625449482.0,64.0
-26.98,1625449482.0,64.0
-12.05,1625449482.0,64.0
2.23,1625449482.0,64.0
15.47,1625449482.0,64.0
27.16,1625449482.0,64.0
36.73,1625449482.0,64.0
43.76,1625449482.0,64.0
48.27,1625449482.0,64.0
50.75,1625449482.0,64.0
52.04,1625449482.0,64.0
52.99,1625449482.0,64.0
54.12,1625449482.0,64.0
55.5,1625449482.0,64.0
56.85,1625449482.0,64.0
57.76,1625449482.0,64.0
57.89,1625449482.0,64.0
57.1,1625449482.0,64.0
55.42,1625449482.0,64.0
52.97,1625449482.0,64.0
49.9,1625449482.0,64.0
46.3,1625449482.0,64.0
42.27,1625449482.0,64.0
37.89,1625449482.0,64.0
33.28,1625449482.0,64.0
28.59,1625449482.0,64.0
23.98,1625449482.0,64.0
19.62,1625449482.0,64.0
15.58,1625449482.0,64.0
11.81,1625449482.0,64.0
8.17,1625449482.0,64.0
4.38,1625449482.0,64.0
0.2,1625449482.0,64.0
-4.5,1625449482.0,64.0
-9.69,1625449482.0,64.0
-15.18,1625449482.0,64.0
-20.74,1625449482.0,64.0
-26.24,1625449482.0,64.0
-31.71,1625449482.0,64.0
-37.36,1625449482.0,64.0
-43.5,1625449482.0,64.0
-50.33,1625449482.0,64.0
-57.77,1625449482.0,64.0
-65.3,1625449482.0,64.0
-71.95,1625449482.0,64.0
-76.54,1625449482.0,64.0
-77.93,1625449482.0,64.0
-75.44,1625449482.0,64.0
-68.97,1625449482.0,64.0
-59.07,1625449482.0,64.0
-46.72,1625449482.0,64.0
-32.99,1625449482.0,64.0
-18.86,1625449482.0,64.0
-5.07,1625449482.0,64.0
7.82,1625449482.0,64.0
19.31,1625449482.0,64.0
28.92,1625449482.0,64.0
36.28,1625449482.0,64.0
41.28,1625449482.0,64.0
44.18,1625449482.0,64.0
45.58,1625449482.0,64.0
46.28,1625449482.0,64.0
46.93,1625449482.0,64.0
47.86,1625449482.0,64.0
49.04,1625449482.0,64.0
50.16,1625449482.0,64.0
50.83,1625449482.0,64.0
50.75,1625449482.0,64.0
49.79,1625449482.0,64.0
47.97,1625449482.0,64.0
45.31,1625449482.0,64.0
41.9,1625449482.0,64.0
37.81,1625449482.0,64.0
33.16,1625449482.0,64.0
28.14,1625449482.0,64.0
23.02,1625449482.0,64.0
18.03,1625449482.0,64.0
13.31,1625449482.0,64.0
8.83,1625449482.0,64.0
4.41,1625449482.0,64.0
-0.2,1625449482.0,64.0
-5.17,1625449482.0,64.0
-10.51,1625449482.0,64.0
-16.1,1625449482.0,64.0
-21.72,1625449482.0,64.0
-27.18,1625449482.0,64.0
-32.47,1625449482.0,64.0
-37.72,1625449482.0,64.0
-43.2,1625449482.0,64.0
-49.19,1625449482.0,64.0
-55.93,1625449482.0,64.0
-63.51,1625449482.0,64.0
-71.82,1625449482.0,64.0
-80.4,1625449482.0,64.0
-88.42,1625449482.0,64.0
-94.75,1625449482.0,64.0
-98.11,1625449482.0,64.0
-97.47,1625449482.0,64.0
-92.38,1625449482.0,64.0
-83.11,1625449482.0,64.0
-70.57,1625449482.0,64.0
-55.97,1625449482.0,64.0
-40.45,1625449482.0,64.0
-24.81,1625449482.0,64.0
-9.48,1625449482.0,64.0
5.31,1625449482.0,64.0
19.24,1625449482.0,64.0
31.82,1625449482.0,64.0
42.38,1625449482.0,64.0
50.42,1625449482.0,64.0
55.79,1625449482.0,64.0
58.85,1625449482.0,64.0
60.36,1625449482.0,64.0
61.1,1625449482.0,64.0
61.67,1625449482.0,64.0
62.21,1625449482.0,64.0
62.55,1625449482.0,64.0
62.31,1625449482.0,64.0
61.24,1625449482.0,64.0
59.28,1625449482.0,64.0
56.53,1625449482.0,64.0
53.2,1625449482.0,64.0
49.4,1625449482.0,64.0
45.15,1625449482.0,64.0
40.47,1625449482.0,64.0
35.41,1625449482.0,64.0
30.12,1625449482.0,64.0
24.78,1625449482.0,64.0
19.49,1625449482.0,64.0
14.28,1625449482.0,64.0
9.1,1625449482.0,64.0
3.88,1625449482.0,64.0
-1.39,1625449482.0,64.0
-6.69,1625449482.0,64.0
-12.0,1625449482.0,64.0
-17.35,1625449482.0,64.0
-22.85,1625449482.0,64.0
-28.62,1625449482.0,64.0
-34.75,1625449482.0,64.0
-41.29,1625449482.0,64.0
-48.23,1625449482.0,64.0
-55.62,1625449482.0,64.0
-63.43,1625449482.0,64.0
-71.52,1625449482.0,64.0
-79.33,1625449482.0,64.0
-85.95,1625449482.0,64.0
-90.13,1625449482.0,64.0
-90.73,1625449482.0,64.0
-87.08,1625449482.0,64.0
-79.23,1625449482.0,64.0
-67.94,1625449482.0,64.0
-54.34,1625449482.0,64.0
-39.57,1625449482.0,64.0
-24.45,1625449482.0,64.0
-9.45,1625449482.0,64.0
5.14,1625449482.0,64.0
18.89,1625449482.0,64.0
31.19,1625449482.0,64.0
41.28,1625449482.0,64.0
48.64,1625449482.0,64.0
53.19,1625449482.0,64.0
55.44,1625449482.0,64.0
56.31,1625449482.0,64.0
56.73,1625449482.0,64.0
57.36,1625449482.0,64.0
58.32,1625449482.0,64.0
59.3,1625449482.0,64.0
59.8,1625449482.0,64.0
59.42,1625449482.0,64.0
58.02,1625449482.0,64.0
55.73,1625449482.0,64.0
52.8,1625449482.0,64.0
49.39,1625449482.0,64.0
45.49,1625449482.0,64.0
41.02,1625449482.0,64.0
35.91,1625449482.0,64.0
30.28,1625449482.0,64.0
24.47,1625449482.0,64.0
18.84,1625449482.0,64.0
13.68,1625449482.0,64.0
9.01,1625449482.0,64.0
4.61,1625449482.0,64.0
0.14,1625449482.0,64.0
-4.66,1625449482.0,64.0
-9.88,1625449482.0,64.0
-15.42,1625449482.0,64.0
-21.11,1625449482.0,64.0
-26.85,1625449482.0,64.0
-32.69,1625449482.0,64.0
-38.8,1625449482.0,64.0
-45.4,1625449482.0,64.0
-52.65,1625449482.0,64.0
-60.61,1625449482.0,64.0
-69.06,1625449482.0,64.0
-77.48,1625449482.0,64.0
-85.02,1625449482.0,64.0
-90.53,1625449482.0,64.0
-92.89,1625449482.0,64.0
-91.27,1625449482.0,64.0
-85.39,1625449482.0,64.0
-75.71,1625449482.0,64.0
-63.14,1625449482.0,64.0
-48.82,1625449482.0,64.0
-33.71,1625449482.0,64.0
-18.41,1625449482.0,64.0
-3.27,1625449482.0,64.0
11.36,1625449482.0,64.0
25.01,1625449482.0,64.0
36.94,1625449482.0,64.0
46.4,1625449482.0,64.0
52.99,1625449482.0,64.0
56.85,1625449482.0,64.0
58.69,1625449482.0,64.0
59.5,1625449482.0,64.0
60.16,1625449482.0,64.0
61.1,1625449482.0,64.0
62.22,1625449482.0,64.0
63.04,1625449482.0,64.0
63.07,1625449482.0,64.0
62.03,1625449482.0,64.0
59.98,1625449482.0,64.0
57.15,1625449482.0,64.0
53.77,1625449482.0,64.0
49.92,1625449482.0,64.0
45.56,1625449482.0,64.0
40.64,1625449482.0,64.0
35.26,1625449482.0,64.0
29.67,1625449482.0,64.0
24.22,1625449482.0,64.0
19.17,1625449482.0,64.0
14.56,1625449482.0,64.0
10.2,1625449482.0,64.0
5.78,1625449482.0,64.0
1.01,1625449482.0,64.0
-4.23,1625449482.0,64.0
-9.83,1625449482.0,64.0
-15.63,1625449482.0,64.0
-21.41,1625449482.0,64.0
-27.1,1625449482.0,64.0
-32.74,1625449482.0,64.0
-38.51,1625449482.0,64.0
-44.64,1625449482.0,64.0
-51.37,1625449482.0,64.0
-58.8,1625449482.0,64.0
-66.86,1625449482.0,64.0
-75.06,1625449482.0,64.0
-82.54,1625449482.0,64.0
-88.14,1625449482.0,64.0
-90.63,1625449482.0,64.0
-89.11,1625449482.0,64.0
-83.26,1625449482.0,64.0
-73.48,1625449482.0,64.0
-60.67,1625449482.0,64.0
-45.97,1625449482.0,64.0
-30.39,1625449482.0,64.0
-14.68,1625449482.0,64.0
0.58,1625449482.0,64.0
14.89,1625449482.0,64.0
27.62,1625449482.0,64.0
38.13,1625449482.0,64.0
45.93,1625449482.0,64.0
50.94,1625449482.0,64.0
53.61,1625449482.0,64.0
54.81,1625449482.0,64.0
55.5,1625449482.0,64.0
56.36,1625449482.0,64.0
57.61,1625449482.0,64.0
58.95,1625449482.0,64.0
59.85,1625449482.0,64.0
59.82,1625449482.0,64.0
58.63,1625449482.0,64.0
56.36,1625449482.0,64.0
53.28,1625449482.0,64.0
49.68,1625449482.0,64.0
45.72,1625449482.0,64.0
41.52,1625449482.0,64.0
37.1,1625449482.0,64.0
32.54,1625449482.0,64.0
28.0,1625449482.0,64.0
23.59,1625449482.0,64.0
19.36,1625449482.0,64.0
15.24,1625449482.0,64.0
11.05,1625449482.0,64.0
6.61,1625449482.0,64.0
1.83,1625449482.0,64.0
-3.3,1625449482.0,64.0
-8.66,1625449482.0,64.0
-14.14,1625449482.0,64.0
-19.66,1625449482.0,64.0
-25.21,1625449482.0,64.0
-30.85,1625449482.0,64.0
-36.68,1625449482.0,64.0
-42.83,1625449482.0,64.0
-49.41,1625449482.0,64.0
-56.46,1625449482.0,64.0
-63.77,1625449482.0,64.0
-70.83,1625449482.0,64.0
-76.75,1625449482.0,64.0
-80.44,1625449482.0,64.0
-80.84,1625449482.0,64.0
-77.31,1625449482.0,64.0
-69.8,1625449482.0,64.0
-58.96,1625449482.0,64.0
-45.81,1625449482.0,64.0
-31.48,1625449482.0,64.0
-16.87,1625449482.0,64.0
-2.62,1625449482.0,64.0
10.79,1625449482.0,64.0
22.89,1625449482.0,64.0
33.1,1625449482.0,64.0
40.9,1625449482.0,64.0
46.04,1625449482.0,64.0
48.77,1625449482.0,64.0
49.82,1625449482.0,64.0
50.12,1625449482.0,64.0
50.5,1625449482.0,64.0
51.32,1625449482.0,64.0
52.48,1625449482.0,64.0
53.51,1625449482.0,64.0
53.94,1625449482.0,64.0
53.42,1625449482.0,64.0
51.9,1625449482.0,64.0
49.48,1625449482.0,64.0
46.35,1625449482.0,64.0
42.69,1625449482.0,64.0
38.63,1625449482.0,64.0
34.28,1625449482.0,64.0
29.76,1625449482.0,64.0
25.14,1625449482.0,64.0
20.51,1625449482.0,64.0
15.86,1625449482.0,64.0
11.22,1625449482.0,64.0
6.58,1625449482.0,64.0
1.97,1625449482.0,64.0
-2.61,1625449482.0,64.0
-7.19,1625449482.0,64.0
-11.88,1625449482.0,64.0
-16.79,1625449482.0,64.0
-22.0,1625449482.0,64.0
-27.51,1625449482.0,64.0
-33.31,1625449482.0,64.0
-39.39,1625449482.0,64.0
-45.85,1625449482.0,64.0
-52.77,1625449482.0,64.0
-60.08,1625449482.0,64.0
-67.26,1625449482.0,64.0
-73.36,1625449482.0,64.0
-77.08,1625449482.0,64.0
-77.22,1625449482.0,64.0
-73.09,1625449482.0,64.0
-64.76,1625449482.0,64.0
-53.08,1625449482.0,64.0
-39.3,1625449482.0,64.0
-24.66,1625449482.0,64.0
-10.15,1625449482.0,64.0
3.64,1625449482.0,64.0
16.28,1625449482.0,64.0
27.37,1625449482.0,64.0
36.46,1625449482.0,64.0
43.19,1625449482.0,64.0
47.46,1625449482.0,64.0
49.61,1625449482.0,64.0
50.33,1625449482.0,64.0
50.47,1625449482.0,64.0
50.69,1625449482.0,64.0
51.28,1625449482.0,64.0
52.08,1625449482.0,64.0
52.67,1625449482.0,64.0
52.54,1625449482.0,64.0
51.36,1625449482.0,64.0
49.05,1625449482.0,64.0
45.79,1625449482.0,64.0
41.84,1625449482.0,64.0
37.46,1625449482.0,64.0
32.84,1625449482.0,64.0
28.09,1625449482.0,64.0
23.25,1625449482.0,64.0
18.37,1625449482.0,64.0
13.46,1625449482.0,64.0
8.56,1625449482.0,64.0
3.64,1625449482.0,64.0
-1.32,1625449482.0,64.0
-6.35,1625449482.0,64.0
-11.48,1625449482.0,64.0
-16.7,1625449482.0,64.0
-22.06,1625449482.0,64.0
-27.59,1625449482.0,64.0
-33.41,1625449482.0,64.0
-39.63,1625449482.0,64.0
-46.43,1625449482.0,64.0
-53.89,1625449482.0,64.0
-62.01,1625449482.0,64.0
-70.5,1625449482.0,64.0
-78.76,1625449482.0,64.0
-85.81,1625449482.0,64.0
-90.49,1625449482.0,64.0
-91.74,1625449482.0,64.0
-88.87,1625449482.0,64.0
-81.79,1625449482.0,64.0
-71.05,1625449482.0,64.0
-57.6,1625449482.0,64.0
-42.51,1625449482.0,64.0
-26.68,1625449482.0,64.0
-10.71,1625449482.0,64.0
4.94,1625449482.0,64.0
19.83,1625449482.0,64.0
33.34,1625449482.0,64.0
44.73,1625449482.0,64.0
53.37,1625449482.0,64.0
59.03,1625449482.0,64.0
62.05,1625449482.0,64.0
63.23,1625449482.0,64.0
63.58,1625449482.0,64.0
63.88,1625449482.0,64.0
64.47,1625449482.0,64.0
65.19,1625449482.0,64.0
65.56,1625449482.0,64.0
65.12,1625449482.0,64.0
63.58,1625449482.0,64.0
60.95,1625449482.0,64.0
57.37,1625449482.0,64.0
53.08,1625449482.0,64.0
48.24,1625449482.0,64.0
43.03,1625449482.0,64.0
37.64,1625449482.0,64.0
32.28,1625449482.0,64.0
27.11,1625449482.0,64.0
22.12,1625449482.0,64.0
17.19,1625449482.0,64.0
12.06,1625449482.0,64.0
6.56,1625449482.0,64.0
0.66,1625449482.0,64.0
-5.47,1625449482.0,64.0
-11.57,1625449482.0,64.0
-17.44,1625449482.0,64.0
-23.02,1625449482.0,64.0
-28.47,1625449482.0,64.0
-34.06,1625449482.0,64.0
-40.07,1625449482.0,64.0
-46.73,1625449482.0,64.0
-54.15,1625449482.0,64.0
-62.26,1625449482.0,64.0
-70.76,1625449482.0,64.0
-79.04,1625449482.0,64.0
-86.14,1625449482.0,64.0
-90.95,1625449482.0,64.0
-92.34,1625449482.0,64.0
-89.6,1625449482.0,64.0
-82.59,1625449482.0,64.0
-71.83,1625449482.0,64.0
-58.32,1625449482.0,64.0
-43.21,1625449482.0,64.0
-27.44,1625449482.0,64.0
-11.69,1625449482.0,64.0
3.65,1625449482.0,64.0
18.21,1625449482.0,64.0
31.45,1625449482.0,64.0
42.71,1625449482.0,64.0
51.37,1625449482.0,64.0
57.17,1625449482.0,64.0
60.36,1625449482.0,64.0
61.7,1625449482.0,64.0
62.15,1625449482.0,64.0
62.46,1625449482.0,64.0
62.97,1625449482.0,64.0
63.51,1625449482.0,64.0
63.66,1625449482.0,64.0
62.99,1625449482.0,64.0
61.33,1625449482.0,64.0
58.75,1625449482.0,64.0
55.48,1625449482.0,64.0
51.71,1625449482.0,64.0
47.54,1625449482.0,64.0
42.94,1625449482.0,64.0
37.91,1625449482.0,64.0
32.49,1625449482.0,64.0
26.87,1625449482.0,64.0
21.27,1625449482.0,64.0
15.92,1625449482.0,64.0
10.88,1625449482.0,64.0
6.07,1625449482.0,64.0
1.27,1625449482.0,64.0
-3.76,1625449482.0,64.0
-9.19,1625449482.0,64.0
-14.99,1625449482.0,64.0
-20.96,1625449482.0,64.0
-26.83,1625449482.0,64.0
-32.4,1625449482.0,64.0
-37.71,1625449482.0,64.0
-43.02,1625449482.0,64.0
-48.74,1625449482.0,64.0
-55.25,1625449482.0,64.0
-62.75,1625449482.0,64.0
-71.06,1625449482.0,64.0
-79.64,1625449482.0,64.0
-87.54,1625449482.0,64.0
-93.6,1625449482.0,64.0
-96.61,1625449482.0,64.0
-95.64,1625449482.0,64.0
-90.32,1625449482.0,64.0
-80.91,1625449482.0,64.0
-68.24,1625449482.0,64.0
-53.44,1625449482.0,64.0
-37.57,1625449482.0,64.0
-21.43,1625449482.0,64.0
-5.56,1625449482.0,64.0
9.62,1625449482.0,64.0
23.56,1625449482.0,64.0
35.58,1625449482.0,64.0
45.03,1625449482.0,64.0
51.6,1625449482.0,64.0
55.49,1625449482.0,64.0
57.42,1625449482.0,64.0
58.37,1625449482.0,64.0
59.13,1625449482.0,64.0
60.07,1625449482.0,64.0
61.02,1625449482.0,64.0
61.52,1625449482.0,64.0
61.11,1625449482.0,64.0
59.6,1625449482.0,64.0
57.14,1625449482.0,64.0
54.04,1625449482.0,64.0
50.58,1625449482.0,64.0
46.85,1625449482.0,64.0
42.7,1625449482.0,64.0
37.98,1625449482.0,64.0
32.67,1625449482.0,64.0
27.0,1625449482.0,64.0
21.32,1625449482.0,64.0
16.02,1625449482.0,64.0
11.27,1625449482.0,64.0
7.01,1625449482.0,64.0
2.93,1625449482.0,64.0
-1.3,1625449482.0,64.0
-5.9,1625449482.0,64.0
-10.9,1625449482.0,64.0
-16.15,1625449482.0,64.0
-21.43,1625449482.0,64.0
-26.55,1625449482.0,64.0
-31.49,1625449482.0,64.0
-36.39,1625449482.0,64.0
-41.53,1625449482.0,64.0
-47.21,1625449482.0,64.0
-53.69,1625449482.0,64.0
-61.04,1625449482.0,64.0
-69.07,1625449482.0,64.0
-77.22,1625449482.0,64.0
-84.6,1625449482.0,64.0
-90.09,1625449482.0,64.0
-92.6,1625449482.0,64.0
-91.32,1625449482.0,64.0
-85.99,1625449482.0,64.0
-76.96,1625449482.0,64.0
-65.0,1625449482.0,64.0
-51.11,1625449482.0,64.0
-36.17,1625449482.0,64.0
-20.83,1625449482.0,64.0
-5.57,1625449482.0,64.0
9.09,1625449482.0,64.0
22.54,1625449482.0,64.0
34.03,1625449482.0,64.0
42.96,1625449482.0,64.0
49.13,1625449482.0,64.0
52.86,1625449482.0,64.0
54.88,1625449482.0,64.0
56.07,1625449482.0,64.0
57.08,1625449482.0,64.0
58.16,1625449482.0,64.0
59.16,1625449482.0,64.0
59.72,1625449482.0,64.0
59.52,1625449482.0,64.0
58.46,1625449482.0,64.0
56.63,1625449482.0,64.0
54.23,1625449482.0,64.0
51.38,1625449482.0,64.0
48.1,1625449482.0,64.0
44.28,1625449482.0,64.0
39.88,1625449482.0,64.0
34.98,1625449482.0,64.0
29.88,1625449482.0,64.0
25.0,1625449482.0,64.0
20.66,1625449482.0,64.0
16.94,1625449482.0,64.0
13.58,1625449482.0,64.0
10.11,1625449482.0,64.0
6.1,1625449482.0,64.0
1.33,1625449482.0,64.0
-4.06,1625449482.0,64.0
-9.72,1625449482.0,64.0
-15.29,1625449482.0,64.0
-20.62,1625449482.0,64.0
-25.75,1625449482.0,64.0
-30.9,1625449482.0,64.0
-36.29,1625449482.0,64.0
-42.08,1625449482.0,64.0
-48.34,1625449482.0,64.0
-55.07,1625449482.0,64.0
-62.14,1625449482.0,64.0
-69.13,1625449482.0,64.0
-75.3,1625449482.0,64.0
-79.56,1625449482.0,64.0
-80.77,1625449482.0,64.0
-78.19,1625449482.0,64.0
-71.68,1625449482.0,64.0
-61.84,1625449482.0,64.0
-49.71,1625449482.0,64.0
-36.39,1625449482.0,64.0
-22.75,1625449482.0,64.0
-9.32,1625449482.0,64.0
3.52,1625449482.0,64.0
15.34,1625449482.0,64.0
25.54,1625449482.0,64.0
33.57,1625449482.0,64.0
39.14,1625449482.0,64.0
42.45,1625449482.0,64.0
44.17,1625449482.0,64.0
45.17,1625449482.0,64.0
46.16,1625449482.0,64.0
47.45,1625449482.0,64.0
48.9,1625449482.0,64.0
50.15,1625449482.0,64.0
50.75,1625449482.0,64.0
50.43,1625449482.0,64.0
49.13,1625449482.0,64.0
46.93,1625449482.0,64.0
44.01,1625449482.0,64.0
40.53,1625449482.0,64.0
36.67,1625449482.0,64.0
32.57,1625449482.0,64.0
28.34,1625449482.0,64.0
24.04,1625449482.0,64.0
19.7,1625449482.0,64.0
15.31,1625449482.0,64.0
10.89,1625449482.0,64.0
6.4,1625449482.0,64.0
1.84,1625449482.0,64.0
-2.87,1625449482.0,64.0
-7.74,1625449482.0,64.0
-12.8,1625449482.0,64.0
-17.97,1625449482.0,64.0
-23.14,1625449482.0,64.0
-28.24,1625449482.0,64.0
-33.31,1625449482.0,64.0
-38.6,1625449482.0,64.0
-44.45,1625449482.0,64.0
-51.18,1625449482.0,64.0
-58.77,1625449482.0,64.0
-66.71,1625449482.0,64.0
-73.96,1625449482.0,64.0
-79.18,1625449482.0,64.0
-81.13,1625449482.0,64.0
-79.06,1625449482.0,64.0
-72.91,1625449482.0,64.0
-63.3,1625449482.0,64.0
-51.24,1625449482.0,64.0
-37.77,1625449482.0,64.0
-23.72,1625449482.0,64.0
-9.69,1625449482.0,64.0
3.9,1625449482.0,64.0
16.53,1625449482.0,64.0
27.63,1625449482.0,64.0
36.6,1625449482.0,64.0
43.06,1625449482.0,64.0
47.04,1625449482.0,64.0
49.0,1625449482.0,64.0
49.73,1625449482.0,64.0
50.05,1625449482.0,64.0
50.56,1625449482.0,64.0
51.45,1625449482.0,64.0
52.47,1625449482.0,64.0
53.16,1625449482.0,64.0
53.0,1625449482.0,64.0
51.65,1625449482.0,64.0
49.06,1625449482.0,64.0
45.44,1625449482.0,64.0
41.12,1625449482.0,64.0
36.49,1625449482.0,64.0
31.77,1625449482.0,64.0
27.06,1625449482.0,64.0
22.31,1625449482.0,64.0
17.41,1625449482.0,64.0
12.32,1625449482.0,64.0
7.05,1625449482.0,64.0
1.72,1625449482.0,64.0
-3.53,1625449482.0,64.0
-8.66,1625449482.0,64.0
-13.71,1625449482.0,64.0
-18.83,1625449482.0,64.0
-24.17,1625449482.0,64.0
-29.86,1625449482.0,64.0
-35.97,1625449482.0,64.0
-42.51,1625449482.0,64.0
-49.54,1625449482.0,64.0
-57.13,1625449482.0,64.0
-65.22,1625449482.0,64.0
-73.51,1625449482.0,64.0
-81.27,1625449482.0,64.0
-87.34,1625449482.0,64.0
-90.46,1625449482.0,64.0
-89.59,1625449482.0,64.0
-84.32,1625449482.0,64.0
-75.05,1625449482.0,64.0
-62.77,1625449482.0,64.0
-48.72,1625449482.0,64.0
-33.94,1625449482.0,64.0
-19.03,1625449482.0,64.0
-4.25,1625449482.0,64.0
10.22,1625449482.0,64.0
23.99,1625449482.0,64.0
36.37,1625449482.0,64.0
46.51,1625449482.0,64.0
53.8,1625449482.0,64.0
58.14,1625449482.0,64.0
60.05,1625449482.0,64.0
60.43,1625449482.0,64.0
60.28,1625449482.0,64.0
60.28,1625449482.0,64.0
60.62,1625449482.0,64.0
61.08,1625449482.0,64.0
61.2,1625449482.0,64.0
60.56,1625449482.0,64.0
58.94,1625449482.0,64.0
56.36,1625449482.0,64.0
52.95,1625449482.0,64.0
48.93,1625449482.0,64.0
44.46,1625449482.0,64.0
39.65,1625449482.0,64.0
34.54,1625449482.0,64.0
29.19,1625449482.0,64.0
23.68,1625449482.0,64.0
18.09,1625449482.0,64.0
12.52,1625449482.0,64.0
7.03,1625449482.0,64.0
1.64,1625449482.0,64.0
-3.69,1625449482.0,64.0
-9.07,1625449482.0,64.0
-14.62,1625449482.0,64.0
-20.38,1625449482.0,64.0
-26.38,1625449482.0,64.0
-32.59,1625449482.0,64.0
-39.01,1625449482.0,64.0
-45.78,1625449482.0,64.0
-53.08,1625449482.0,64.0
-61.06,1625449482.0,64.0
-69.58,1625449482.0,64.0
-78.03,1625449482.0,64.0
-85.29,1625449482.0,64.0
-89.97,1625449482.0,64.0
-90.82,1625449482.0,64.0
-87.13,1625449482.0,64.0
-79.03,1625449482.0,64.0
-67.34,1625449482.0,64.0
-53.31,1625449482.0,64.0
-38.14,1625449482.0,64.0
-22.65,1625449482.0,64.0
-7.34,1625449482.0,64.0
7.53,1625449482.0,64.0
21.54,1625449482.0,64.0
34.09,1625449482.0,64.0
44.42,1625449482.0,64.0
51.97,1625449482.0,64.0
56.68,1625449482.0,64.0
59.03,1625449482.0,64.0
59.95,1625449482.0,64.0
60.39,1625449482.0,64.0
60.95,1625449482.0,64.0
61.74,1625449482.0,64.0
62.44,1625449482.0,64.0
62.57,1625449482.0,64.0
61.74,1625449482.0,64.0
59.89,1625449482.0,64.0
57.14,1625449482.0,64.0
53.73,1625449482.0,64.0
49.86,1625449482.0,64.0
45.63,1625449482.0,64.0
41.11,1625449482.0,64.0
36.37,1625449482.0,64.0
31.49,1625449482.0,64.0
26.55,1625449482.0,64.0
21.58,1625449482.0,64.0
16.54,1625449482.0,64.0
11.35,1625449482.0,64.0
5.95,1625449482.0,64.0
0.38,1625449482.0,64.0
-5.27,1625449482.0,64.0
-10.91,1625449482.0,64.0
-16.52,1625449482.0,64.0
-22.14,1625449482.0,64.0
-27.89,1625449482.0,64.0
-33.89,1625449482.0,64.0
-40.28,1625449482.0,64.0
-47.18,1625449482.0,64.0
-54.68,1625449482.0,64.0
-62.76,1625449482.0,64.0
-71.07,1625449482.0,64.0
-78.88,1625449482.0,64.0
-85.09,1625449482.0,64.0
-88.43,1625449482.0,64.0
-87.87,1625449482.0,64.0
-82.93,1625449482.0,64.0
-73.88,1625449482.0,64.0
-61.66,1625449482.0,64.0
-47.5,1625449482.0,64.0
-32.51,1625449482.0,64.0
-17.46,1625449482.0,64.0
-2.76,1625449482.0,64.0
11.33,1625449482.0,64.0
24.42,1625449482.0,64.0
35.88,1625449482.0,64.0
45.04,1625449482.0,64.0
51.45,1625449482.0,64.0
55.18,1625449482.0,64.0
56.85,1625449482.0,64.0
57.45,1625449482.0,64.0
57.88,1625449482.0,64.0
58.64,1625449482.0,64.0
59.67,1625449482.0,64.0
60.53,1625449482.0,64.0
60.68,1625449482.0,64.0
59.74,1625449482.0,64.0
57.65,1625449482.0,64.0
54.56,1625449482.0,64.0
50.71,1625449482.0,64.0
46.31,1625449482.0,64.0
41.53,1625449482.0,64.0
36.55,1625449482.0,64.0
31.54,1625449482.0,64.0
26.7,1625449482.0,64.0
22.14,1625449482.0,64.0
17.79,1625449482.0,64.0
13.47,1625449482.0,64.0
8.94,1625449482.0,64.0
3.98,1625449482.0,64.0
-1.48,1625449482.0,64.0
-7.33,1625449482.0,64.0
-13.39,1625449482.0,64.0
-19.46,1625449482.0,64.0
-25.43,1625449482.0,64.0
-31.26,1625449482.0,64.0
-37.05,1625449482.0,64.0
-42.97,1625449482.0,64.0
-49.24,1625449482.0,64.0
-56.05,1625449482.0,64.0
-63.46,1625449482.0,64.0
-71.17,1625449482.0,64.0
-78.47,1625449482.0,64.0
-84.28,1625449482.0,64.0
-87.35,1625449482.0,64.0
-86.66,1625449482.0,64.0
-81.75,1625449482.0,64.0
-72.88,1625449482.0,64.0
-60.93,1625449482.0,64.0
-47.06,1625449482.0,64.0
-32.33,1625449482.0,64.0
-17.48,1625449482.0,64.0
-2.99,1625449482.0,64.0
10.71,1625449482.0,64.0
23.04,1625449482.0,64.0
33.26,1625449482.0,64.0
40.75,1625449482.0,64.0
45.3,1625449482.0,64.0
47.33,1625449482.0,64.0
47.77,1625449482.0,64.0
47.77,1625449482.0,64.0
48.18,1625449482.0,64.0
49.32,1625449482.0,64.0
50.96,1625449482.0,64.0
52.52,1625449482.0,64.0
53.42,1625449482.0,64.0
53.33,1625449482.0,64.0
52.18,1625449482.0,64.0
50.11,1625449482.0,64.0
47.3,1625449482.0,64.0
43.91,1625449482.0,64.0
40.05,1625449482.0,64.0
35.87,1625449482.0,64.0
31.54,1625449482.0,64.0
27.24,1625449482.0,64.0
23.07,1625449482.0,64.0
19.05,1625449482.0,64.0
15.11,1625449482.0,64.0
11.15,1625449482.0,64.0
7.08,1625449482.0,64.0
2.85,1625449482.0,64.0
-1.57,1625449482.0,64.0
-6.17,1625449482.0,64.0
-10.96,1625449482.0,64.0
-15.96,1625449482.0,64.0
-21.2,1625449482.0,64.0
-26.75,1625449482.0,64.0
-32.71,1625449482.0,64.0
-39.17,1625449482.0,64.0
-46.05,1625449482.0,64.0
-53.05,1625449482.0,64.0
-59.46,1625449482.0,64.0
-64.32,1625449482.0,64.0
-66.54,1625449482.0,64.0
-65.31,1625449482.0,64.0
-60.29,1625449482.0,64.0
-51.79,1625449482.0,64.0
-40.62,1625449482.0,64.0
-27.81,1625449482.0,64.0
-14.41,1625449482.0,64.0
-1.28,1625449482.0,64.0
10.84,1625449482.0,64.0
21.32,1625449482.0,64.0
29.6,1625449482.0,64.0
35.29,1625449482.0,64.0
38.37,1625449482.0,64.0
39.3,1625449482.0,64.0
38.95,1625449482.0,64.0
38.33,1625449482.0,64.0
38.22,1625449482.0,64.0
38.92,1625449482.0,64.0
40.21,1625449482.0,64.0
41.5,1625449482.0,64.0
42.11,1625449482.0,64.0
41.6,1625449482.0,64.0
39.83,1625449482.0,64.0
37.0,1625449482.0,64.0
33.46,1625449482.0,64.0
29.53,1625449482.0,64.0
25.44,1625449482.0,64.0
21.25,1625449482.0,64.0
16.93,1625449482.0,64.0
12.44,1625449482.0,64.0
7.79,1625449482.0,64.0
3.08,1625449482.0,64.0
-1.58,1625449482.0,64.0
-6.1,1625449482.0,64.0
-10.5,1625449482.0,64.0
-14.86,1625449482.0,64.0
-19.26,1625449482.0,64.0
-23.74,1625449482.0,64.0
-28.22,1625449482.0,64.0
-32.67,1625449482.0,64.0
-37.1,1625449482.0,64.0
-41.71,1625449482.0,64.0
-46.7,1625449482.0,64.0
-52.1,1625449482.0,64.0
-57.51,1625449482.0,64.0
-62.06,1625449482.0,64.0
-64.58,1625449482.0,64.0
-63.99,1625449482.0,64.0
-59.7,1625449482.0,64.0
-51.86,1625449482.0,64.0
-41.27,1625449482.0,64.0
-29.13,1625449482.0,64.0
-16.66,1625449482.0,64.0
-4.98,1625449482.0,64.0
5.04,1625449482.0,64.0
12.75,1625449482.0,64.0
17.72,1625449482.0,64.0
19.94,1625449482.0,64.0
19.9,1625449482.0,64.0
18.55,1625449482.0,64.0
17.07,1625449482.0,64.0
16.48,1625449482.0,64.0
17.28,1625449482.0,64.0
19.35,1625449482.0,64.0
22.01,1625449482.0,64.0
24.42,1625449482.0,64.0
25.82,1625449482.0,64.0
25.79,1625449482.0,64.0
24.23,1625449482.0,64.0
21.27,1625449482.0,64.0
17.18,1625449482.0,64.0
12.29,1625449482.0,64.0
6.95,1625449482.0,64.0
1.53,1625449482.0,64.0
-3.6,1625449482.0,64.0
-8.14,1625449482.0,64.0
-11.91,1625449482.0,64.0
-14.93,1625449482.0,64.0
-17.45,1625449482.0,64.0
-19.86,1625449482.0,64.0
-22.6,1625449482.0,64.0
-25.99,1625449482.0,64.0
-30.21,1625449482.0,64.0
-35.23,1625449482.0,64.0
-40.91,1625449482.0,64.0
-46.94,1625449482.0,64.0
-52.8,1625449482.0,64.0
-57.72,1625449482.0,64.0
-60.71,1625449482.0,64.0
-60.75,1625449482.0,64.0
-57.09,1625449482.0,64.0
-49.57,1625449482.0,64.0
-38.73,1625449482.0,64.0
-25.67,1625449482.0,64.0
-11.8,1625449482.0,64.0
1.54,1625449482.0,64.0
13.31,1625449482.0,64.0
22.85,1625449482.0,64.0
29.88,1625449482.0,64.0
34.41,1625449482.0,64.0
36.71,1625449482.0,64.0
37.28,1625449482.0,64.0
36.79,1625449482.0,64.0
35.89,1625449482.0,64.0
35.15,1625449482.0,64.0
34.81,1625449482.0,64.0
34.81,1625449482.0,64.0
34.86,1625449482.0,64.0
34.59,1625449482.0,64.0
33.75,1625449482.0,64.0
32.22,1625449482.0,64.0
30.07,1625449482.0,64.0
27.42,1625449482.0,64.0
24.36,1625449482.0,64.0
20.95,1625449482.0,64.0
17.23,1625449482.0,64.0
13.27,1625449482.0,64.0
9.2,1625449482.0,64.0
5.18,1625449482.0,64.0
1.37,1625449482.0,64.0
-2.21,1625449482.0,64.0
-5.65,1625449482.0,64.0
-9.19,1625449482.0,64.0
-13.12,1625449482.0,64.0
-17.74,1625449482.0,64.0
-23.3,1625449482.0,64.0
-29.93,1625449482.0,64.0
-37.55,1625449482.0,64.0
-45.81,1625449482.0,64.0
-53.96,1625449482.0,64.0
-60.91,1625449482.0,64.0
-65.47,1625449482.0,64.0
-66.66,1625449482.0,64.0
-64.0,1625449482.0,64.0
-57.63,1625449482.0,64.0
-48.23,1625449482.0,64.0
-36.65,1625449482.0,64.0
-23.73,1625449482.0,64.0
-10.06,1625449482.0,64.0
3.83,1625449482.0,64.0
17.29,1625449482.0,64.0
29.49,1625449482.0,64.0
39.52,1625449482.0,64.0
46.76,1625449482.0,64.0
51.16,1625449482.0,64.0
53.3,1625449482.0,64.0
54.11,1625449482.0,64.0
54.47,1625449482.0,64.0
54.84,1625449482.0,64.0
55.16,1625449482.0,64.0
55.05,1625449482.0,64.0
54.14,1625449482.0,64.0
52.29,1625449482.0,64.0
49.62,1625449482.0,64.0
46.36,1625449482.0,64.0
42.63,1625449482.0,64.0
38.43,1625449482.0,64.0
33.63,1625449482.0,64.0
28.2,1625449482.0,64.0
22.25,1625449482.0,64.0
16.07,1625449482.0,64.0
9.96,1625449482.0,64.0
4.14,1625449482.0,64.0
-1.39,1625449482.0,64.0
-6.77,1625449482.0,64.0
-12.25,1625449482.0,64.0
-18.05,1625449482.0,64.0
-24.37,1625449482.0,64.0
-31.34,1625449482.0,64.0
-39.03,1625449482.0,64.0
-47.31,1625449482.0,64.0
-55.72,1625449482.0,64.0
-63.42,1625449482.0,64.0
-69.19,1625449482.0,64.0
-71.83,1625449482.0,64.0
-70.5,1625449482.0,64.0
-65.04,1625449482.0,64.0
-56.04,1625449482.0,64.0
-44.51,1625449482.0,64.0
-31.55,1625449482.0,64.0
-17.94,1625449482.0,64.0
-4.1,1625449482.0,64.0
9.7,1625449482.0,64.0
23.07,1625449482.0,64.0
35.33,1625449482.0,64.0
45.61,1625449482.0,64.0
53.18,1625449482.0,64.0
57.73,1625449482.0,64.0
59.61,1625449482.0,64.0
59.66,1625449482.0,64.0
58.86,1625449482.0,64.0
58.03,1625449482.0,64.0
57.5,1625449482.0,64.0
57.14,1625449482.0,64.0
56.52,1625449482.0,64.0
55.22,1625449482.0,64.0
53.04,1625449482.0,64.0
50.04,1625449482.0,64.0
46.46,1625449482.0,64.0
42.53,1625449482.0,64.0
38.35,1625449482.0,64.0
33.84,1625449482.0,64.0
28.85,1625449482.0,64.0
23.37,1625449482.0,64.0
17.56,1625449482.0,64.0
11.77,1625449482.0,64.0
6.34,1625449482.0,64.0
1.42,1625449482.0,64.0
-3.15,1625449482.0,64.0
-7.79,1625449482.0,64.0
-13.02,1625449482.0,64.0
-19.27,1625449482.0,64.0
-26.65,1625449482.0,64.0
-34.94,1625449482.0,64.0
-43.48,1625449482.0,64.0
-51.34,1625449482.0,64.0
-57.44,1625449482.0,64.0
-60.72,1625449482.0,64.0
-60.45,1625449482.0,64.0
-56.34,1625449482.0,64.0
-48.68,1625449482.0,64.0
-38.2,1625449482.0,64.0
-25.87,1625449482.0,64.0
-12.66,1625449482.0,64.0
0.68,1625449482.0,64.0
13.62,1625449482.0,64.0
25.7,1625449482.0,64.0
36.41,1625449482.0,64.0
45.2,1625449482.0,64.0
51.58,1625449482.0,64.0
55.36,1625449482.0,64.0
56.82,1625449482.0,64.0
56.69,1625449482.0,64.0
55.86,1625449482.0,64.0
55.07,1625449482.0,64.0
54.67,1625449482.0,64.0
54.54,1625449482.0,64.0
54.27,1625449482.0,64.0
53.41,1625449482.0,64.0
51.66,1625449482.0,64.0
49.04,1625449482.0,64.0
45.74,1625449482.0,64.0
42.01,1625449482.0,64.0
38.02,1625449482.0,64.0
33.79,1625449482.0,64.0
29.22,1625449482.0,64.0
24.2,1625449482.0,64.0
18.76,1625449482.0,64.0
13.1,1625449482.0,64.0
7.56,1625449482.0,64.0
2.45,1625449482.0,64.0
-2.1,1625449482.0,64.0
-6.22,1625449482.0,64.0
-10.33,1625449482.0,64.0
-14.88,1625449482.0,64.0
-20.28,1625449482.0,64.0
-26.68,1625449482.0,64.0
-33.93,1625449482.0,64.0
-41.63,1625449482.0,64.0
-49.17,1625449482.0,64.0
-55.75,1625449482.0,64.0
-60.49,1625449482.0,64.0
-62.55,1625449482.0,64.0
-61.31,1625449482.0,64.0
-56.56,1625449482.0,64.0
-48.58,1625449482.0,64.0
-38.11,1625449482.0,64.0
-26.12,1625449482.0,64.0
-13.51,1625449482.0,64.0
-0.99,1625449482.0,64.0
10.95,1625449482.0,64.0
21.93,1625449482.0,64.0
31.53,1625449482.0,64.0
39.19,1625449482.0,64.0
44.45,1625449482.0,64.0
47.14,1625449482.0,64.0
47.57,1625449482.0,64.0
46.52,1625449482.0,64.0
45.01,1625449482.0,64.0
43.88,1625449482.0,64.0
43.5,1625449482.0,64.0
43.62,1625449482.0,64.0
43.61,1625449482.0,64.0
42.8,1625449482.0,64.0
40.82,1625449482.0,64.0
37.74,1625449482.0,64.0
34.0,1625449482.0,64.0
30.1,1625449482.0,64.0
26.4,1625449482.0,64.0
22.93,1625449482.0,64.0
19.48,1625449482.0,64.0
15.72,1625449482.0,64.0
11.45,1625449482.0,64.0
6.66,1625449482.0,64.0
1.58,1625449482.0,64.0
-3.48,1625449482.0,64.0
-8.22,1625449482.0,64.0
-12.51,1625449482.0,64.0
-16.46,1625449482.0,64.0
-20.31,1625449482.0,64.0
-24.35,1625449482.0,64.0
-28.8,1625449482.0,64.0
-33.76,1625449482.0,64.0
-39.21,1625449482.0,64.0
-45.05,1625449482.0,64.0
-51.11,1625449482.0,64.0
-57.04,1625449482.0,64.0
-62.28,1625449482.0,64.0
-66.06,1625449482.0,64.0
-67.47,1625449482.0,64.0
-65.82,1625449482.0,64.0
-60.83,1625449482.0,64.0
-52.78,1625449482.0,64.0
-42.49,1625449482.0,64.0
-30.93,1625449482.0,64.0
-19.01,1625449482.0,64.0
-7.34,1625449482.0,64.0
3.72,1625449482.0,64.0
13.9,1625449482.0,64.0
22.81,1625449482.0,64.0
29.99,1625449482.0,64.0
35.03,1625449482.0,64.0
37.81,1625449482.0,64.0
38.64,1625449482.0,64.0
38.23,1625449482.0,64.0
37.39,1625449482.0,64.0
36.79,1625449482.0,64.0
36.67,1625449482.0,64.0
36.84,1625449482.0,64.0
36.86,1625449482.0,64.0
36.29,1625449482.0,64.0
34.88,1625449482.0,64.0
32.67,1625449482.0,64.0
29.87,1625449482.0,64.0
26.75,1625449482.0,64.0
23.5,1625449482.0,64.0
20.21,1625449482.0,64.0
16.86,1625449482.0,64.0
13.42,1625449482.0,64.0
9.83,1625449482.0,64.0
6.1,1625449482.0,64.0
2.25,1625449482.0,64.0
-1.67,1625449482.0,64.0
-5.58,1625449482.0,64.0
-9.42,1625449482.0,64.0
-13.17,1625449482.0,64.0
-16.9,1625449482.0,64.0
-20.75,1625449482.0,64.0
-24.89,1625449482.0,64.0
-29.46,1625449482.0,64.0
-34.5,1625449482.0,64.0
-39.99,1625449482.0,64.0
-45.82,1625449482.0,64.0
-51.83,1625449482.0,64.0
-57.76,1625449482.0,64.0
-63.13,1625449482.0,64.0
-67.29,1625449482.0,64.0
-69.43,1625449482.0,64.0
-68.84,1625449482.0,64.0
-65.16,1625449482.0,64.0
-58.54,1625449482.0,64.0
-49.61,1625449482.0,64.0
-39.24,1625449482.0,64.0
-28.27,1625449482.0,64.0
-17.28,1625449482.0,64.0
-6.62,1625449482.0,64.0
3.52,1625449482.0,64.0
12.81,1625449482.0,64.0
20.82,1625449482.0,64.0
27.02,1625449482.0,64.0
31.06,1625449482.0,64.0
33.01,1625449482.0,64.0
33.35,1625449482.0,64.0
32.88,1625449482.0,64.0
32.38,1625449482.0,64.0
32.37,1625449482.0,64.0
32.9,1625449482.0,64.0
33.63,1625449482.0,64.0
34.06,1625449482.0,64.0
33.7,1625449482.0,64.0
32.35,1625449482.0,64.0
30.07,1625449482.0,64.0
27.15,1625449482.0,64.0
23.93,1625449482.0,64.0
20.69,1625449482.0,64.0
17.53,1625449482.0,64.0
14.43,1625449482.0,64.0
11.27,1625449482.0,64.0
7.92,1625449482.0,64.0
4.31,1625449482.0,64.0
0.43,1625449482.0,64.0
-3.66,1625449482.0,64.0
-7.84,1625449482.0,64.0
-11.99,1625449482.0,64.0
-16.02,1625449482.0,64.0
-19.91,1625449482.0,64.0
-23.7,1625449482.0,64.0
-27.48,1625449482.0,64.0
-31.36,1625449482.0,64.0
-35.49,1625449482.0,64.0
-40.0,1625449482.0,64.0
-45.01,1625449482.0,64.0
-50.58,1625449482.0,64.0
-56.51,1625449482.0,64.0
-62.31,1625449482.0,64.0
-67.14,1625449482.0,64.0
-69.94,1625449482.0,64.0
-69.8,1625449482.0,64.0
-66.25,1625449482.0,64.0
-59.47,1625449482.0,64.0
-50.28,1625449482.0,64.0
-39.79,1625449482.0,64.0
-29.03,1625449482.0,64.0
-18.68,1625449482.0,64.0
-8.99,1625449482.0,64.0
0.02,1625449482.0,64.0
8.28,1625449482.0,64.0
15.58,1625449482.0,64.0
21.55,1625449482.0,64.0
25.88,1625449482.0,64.0
28.51,1625449482.0,64.0
29.72,1625449482.0,64.0
30.04,1625449482.0,64.0
30.03,1625449482.0,64.0
30.11,1625449482.0,64.0
30.43,1625449482.0,64.0
30.89,1625449482.0,64.0
31.24,1625449482.0,64.0
31.22,1625449482.0,64.0
30.63,1625449482.0,64.0
29.35,1625449482.0,64.0
27.31,1625449482.0,64.0
24.54,1625449482.0,64.0
21.12,1625449482.0,64.0
17.22,1625449482.0,64.0
13.1,1625449482.0,64.0
9.05,1625449482.0,64.0
5.29,1625449482.0,64.0
1.88,1625449482.0,64.0
-1.28,1625449482.0,64.0
-4.43,1625449482.0,64.0
-7.75,1625449482.0,64.0
-11.35,1625449482.0,64.0
-15.14,1625449482.0,64.0
-18.97,1625449482.0,64.0
-22.71,1625449482.0,64.0
-26.4,1625449482.0,64.0
-30.22,1625449482.0,64.0
-34.38,1625449482.0,64.0
-39.03,1625449482.0,64.0
-44.19,1625449482.0,64.0
-49.8,1625449482.0,64.0
-55.72,1625449482.0,64.0
-61.69,1625449482.0,64.0
-67.25,1625449482.0,64.0
-71.68,1625449482.0,64.0
-74.13,1625449482.0,64.0
-73.77,1625449482.0,64.0
-70.18,1625449482.0,64.0
-63.57,1625449482.0,64.0
-54.67,1625449482.0,64.0
-44.51,1625449482.0,64.0
-33.97,1625449482.0,64.0
-23.56,1625449482.0,64.0
-13.42,1625449482.0,64.0
-3.58,1625449482.0,64.0
5.74,1625449482.0,64.0
14.06,1625449482.0,64.0
20.73,1625449482.0,64.0
25.32,1625449482.0,64.0
27.82,1625449482.0,64.0
28.73,1625449482.0,64.0
28.85,1625449482.0,64.0
28.96,1625449482.0,64.0
29.49,1625449482.0,64.0
30.46,1625449482.0,64.0
31.58,1625449482.0,64.0
32.45,1625449482.0,64.0
32.78,1625449482.0,64.0
32.46,1625449482.0,64.0
31.47,1625449482.0,64.0
29.84,1625449482.0,64.0
27.59,1625449482.0,64.0
24.8,1625449482.0,64.0
21.57,1625449482.0,64.0
18.12,1625449482.0,64.0
14.67,1625449482.0,64.0
11.38,1625449482.0,64.0
8.29,1625449482.0,64.0
5.29,1625449482.0,64.0
2.22,1625449482.0,64.0
-1.09,1625449482.0,64.0
-4.72,1625449482.0,64.0
-8.67,1625449482.0,64.0
-12.85,1625449482.0,64.0
-17.19,1625449482.0,64.0
-21.62,1625449482.0,64.0
-26.16,1625449482.0,64.0
-30.84,1625449482.0,64.0
-35.74,1625449482.0,64.0
-40.98,1625449482.0,64.0
-46.69,1625449482.0,64.0
-52.98,1625449482.0,64.0
-59.81,1625449482.0,64.0
-66.86,1625449482.0,64.0
-73.41,1625449482.0,64.0
-78.41,1625449482.0,64.0
-80.79,1625449482.0,64.0
-79.69,1625449482.0,64.0
-74.9,1625449482.0,64.0
-66.85,1625449482.0,64.0
-56.52,1625449482.0,64.0
-45.06,1625449482.0,64.0
-33.4,1625449482.0,64.0
-22.1,1625449482.0,64.0
-11.35,1625449482.0,64.0
-1.25,1625449482.0,64.0
8.02,1625449482.0,64.0
16.09,1625449482.0,64.0
22.55,1625449482.0,64.0
27.19,1625449482.0,64.0
30.18,1625449482.0,64.0
32.05,1625449482.0,64.0
33.48,1625449482.0,64.0
34.98,1625449482.0,64.0
36.71,1625449482.0,64.0
38.5,1625449482.0,64.0
39.94,1625449482.0,64.0
40.7,1625449482.0,64.0
40.67,1625449482.0,64.0
39.94,1625449482.0,64.0
38.71,1625449482.0,64.0
37.07,1625449482.0,64.0
35.02,1625449482.0,64.0
32.44,1625449482.0,64.0
29.27,1625449482.0,64.0
25.6,1625449482.0,64.0
21.68,1625449482.0,64.0
17.83,1625449482.0,64.0
14.29,1625449482.0,64.0
11.09,1625449482.0,64.0
8.05,1625449482.0,64.0
4.86,1625449482.0,64.0
1.22,1625449482.0,64.0
-2.99,1625449482.0,64.0
-7.71,1625449482.0,64.0
-12.69,1625449482.0,64.0
-17.68,1625449482.0,64.0
-22.53,1625449482.0,64.0
-27.28,1625449482.0,64.0
-32.11,1625449482.0,64.0
-37.26,1625449482.0,64.0
-42.92,1625449482.0,64.0
-49.19,1625449482.0,64.0
-55.98,1625449482.0,64.0
-63.03,1625449482.0,64.0
-69.8,1625449482.0,64.0
-75.56,1625449482.0,64.0
-79.39,1625449482.0,64.0
-80.46,1625449482.0,64.0
-78.22,1625449482.0,64.0
-72.62,1625449482.0,64.0
-64.09,1625449482.0,64.0
-53.39,1625449482.0,64.0
-41.39,1625449482.0,64.0
-28.83,1625449482.0,64.0
-16.25,1625449482.0,64.0
-4.13,1625449482.0,64.0
7.1,1625449482.0,64.0
16.94,1625449482.0,64.0
24.96,1625449482.0,64.0
30.94,1625449482.0,64.0
35.03,1625449482.0,64.0
37.73,1625449482.0,64.0
39.69,1625449482.0,64.0
41.53,1625449482.0,64.0
43.59,1625449482.0,64.0
45.83,1625449482.0,64.0
48.0,1625449482.0,64.0
49.7,1625449482.0,64.0
50.64,1625449482.0,64.0
50.7,1625449482.0,64.0
49.9,1625449482.0,64.0
48.38,1625449482.0,64.0
46.25,1625449482.0,64.0
43.62,1625449482.0,64.0
40.55,1625449482.0,64.0
37.15,1625449482.0,64.0
33.57,1625449482.0,64.0
29.99,1625449482.0,64.0
26.56,1625449482.0,64.0
23.32,1625449482.0,64.0
20.15,1625449482.0,64.0
16.8,1625449482.0,64.0
13.03,1625449482.0,64.0
8.66,1625449482.0,64.0
3.75,1625449482.0,64.0
-1.49,1625449482.0,64.0
-6.77,1625449482.0,64.0
-11.88,1625449482.0,64.0
-16.78,1625449482.0,64.0
-21.62,1625449482.0,64.0
-26.66,1625449482.0,64.0
-32.2,1625449482.0,64.0
-38.42,1625449482.0,64.0
-45.35,1625449482.0,64.0
-52.78,1625449482.0,64.0
-60.27,1625449482.0,64.0
-67.09,1625449482.0,64.0
-72.35,1625449482.0,64.0
-75.12,1625449482.0,64.0
-74.67,1625449482.0,64.0
-70.73,1625449482.0,64.0
-63.58,1625449482.0,64.0
-53.96,1625449482.0,64.0
-42.79,1625449482.0,64.0
-30.9,1625449482.0,64.0
-18.82,1625449482.0,64.0
-6.8,1625449482.0,64.0
4.93,1625449482.0,64.0
15.96,1625449482.0,64.0
25.67,1625449482.0,64.0
33.42,1625449482.0,64.0
38.82,1625449482.0,64.0
42.05,1625449482.0,64.0
43.79,1625449482.0,64.0
44.98,1625449482.0,64.0
46.4,1625449482.0,64.0
48.4,1625449482.0,64.0
50.78,1625449482.0,64.0
53.02,1625449482.0,64.0
54.63,1625449482.0,64.0
55.3,1625449482.0,64.0
55.01,1625449482.0,64.0
53.91,1625449482.0,64.0
52.13,1625449482.0,64.0
49.77,1625449482.0,64.0
46.84,1625449482.0,64.0
43.4,1625449482.0,64.0
39.54,1625449482.0,64.0
35.5,1625449482.0,64.0
31.51,1625449482.0,64.0
27.73,1625449482.0,64.0
24.17,1625449482.0,64.0
20.67,1625449482.0,64.0
16.97,1625449482.0,64.0
12.82,1625449482.0,64.0
8.1,1625449482.0,64.0
2.87,1625449482.0,64.0
-2.67,1625449482.0,64.0
-8.32,1625449482.0,64.0
-13.93,1625449482.0,64.0
-19.48,1625449482.0,64.0
-25.05,1625449482.0,64.0
-30.77,1625449482.0,64.0
-36.8,1625449482.0,64.0
-43.26,1625449482.0,64.0
-50.21,1625449482.0,64.0
-57.51,1625449482.0,64.0
-64.73,1625449482.0,64.0
-71.06,1625449482.0,64.0
-75.44,1625449482.0,64.0
-76.82,1625449482.0,64.0
-74.53,1625449482.0,64.0
-68.51,1625449482.0,64.0
-59.34,1625449482.0,64.0
-48.06,1625449482.0,64.0
-35.76,1625449482.0,64.0
-23.26,1625449482.0,64.0
-11.04,1625449482.0,64.0
0.7,1625449482.0,64.0
11.75,1625449482.0,64.0
21.78,1625449482.0,64.0
30.33,1625449482.0,64.0
37.0,1625449482.0,64.0
41.69,1625449482.0,64.0
44.69,1625449482.0,64.0
46.61,1625449482.0,64.0
48.12,1625449482.0,64.0
49.66,1625449482.0,64.0
51.29,1625449482.0,64.0
52.76,1625449482.0,64.0
53.69,1625449482.0,64.0
53.85,1625449482.0,64.0
53.21,1625449482.0,64.0
51.94,1625449482.0,64.0
50.23,1625449482.0,64.0
48.14,1625449482.0,64.0
45.62,1625449482.0,64.0
42.56,1625449482.0,64.0
38.92,1625449482.0,64.0
34.84,1625449482.0,64.0
30.58,1625449482.0,64.0
26.41,1625449482.0,64.0
22.46,1625449482.0,64.0
18.7,1625449482.0,64.0
14.94,1625449482.0,64.0
10.93,1625449482.0,64.0
6.53,1625449482.0,64.0
1.7,1625449482.0,64.0
-3.41,1625449482.0,64.0
-8.63,1625449482.0,64.0
-13.82,1625449482.0,64.0
-18.94,1625449482.0,64.0
-24.11,1625449482.0,64.0
-29.51,1625449482.0,64.0
-35.35,1625449482.0,64.0
-41.8,1625449482.0,64.0
-48.82,1625449482.0,64.0
-56.16,1625449482.0,64.0
-63.22,1625449482.0,64.0
-69.18,1625449482.0,64.0
-73.05,1625449482.0,64.0
-73.92,1625449482.0,64.0
-71.22,1625449482.0,64.0
-64.95,1625449482.0,64.0
-55.61,1625449482.0,64.0
-44.12,1625449482.0,64.0
-31.49,1625449482.0,64.0
-18.57,1625449482.0,64.0
-5.96,1625449482.0,64.0
5.96,1625449482.0,64.0
16.84,1625449482.0,64.0
26.28,1625449482.0,64.0
33.89,1625449482.0,64.0
39.43,1625449482.0,64.0
43.02,1625449482.0,64.0
45.16,1625449482.0,64.0
46.58,1625449482.0,64.0
47.98,1625449482.0,64.0
49.73,1625449482.0,64.0
51.74,1625449482.0,64.0
53.61,1625449482.0,64.0
54.85,1625449482.0,64.0
55.15,1625449482.0,64.0
54.46,1625449482.0,64.0
52.91,1625449482.0,64.0
50.72,1625449482.0,64.0
48.0,1625449482.0,64.0
44.81,1625449482.0,64.0
41.17,1625449482.0,64.0
37.18,1625449482.0,64.0
33.02,1625449482.0,64.0
28.88,1625449482.0,64.0
24.91,1625449482.0,64.0
21.09,1625449482.0,64.0
17.27,1625449482.0,64.0
13.25,1625449482.0,64.0
8.86,1625449482.0,64.0
4.08,1625449482.0,64.0
-0.99,1625449482.0,64.0
-6.18,1625449482.0,64.0
-11.31,1625449482.0,64.0
-16.33,1625449482.0,64.0
-21.31,1625449482.0,64.0
-26.4,1625449482.0,64.0
-31.86,1625449482.0,64.0
-37.91,1625449482.0,64.0
-44.68,1625449482.0,64.0
-52.15,1625449482.0,64.0
-60.05,1625449482.0,64.0
-67.77,1625449482.0,64.0
-74.35,1625449482.0,64.0
-78.69,1625449482.0,64.0
-79.76,1625449482.0,64.0
-76.93,1625449482.0,64.0
-70.27,1625449482.0,64.0
-60.48,1625449482.0,64.0
-48.66,1625449482.0,64.0
-35.92,1625449482.0,64.0
-23.09,1625449482.0,64.0
-10.59,1625449482.0,64.0
1.37,1625449482.0,64.0
12.55,1625449482.0,64.0
22.59,1625449482.0,64.0
30.99,1625449482.0,64.0
37.42,1625449482.0,64.0
41.91,1625449482.0,64.0
44.87,1625449482.0,64.0
47.0,1625449482.0,64.0
48.87,1625449482.0,64.0
50.76,1625449482.0,64.0
52.53,1625449482.0,64.0
53.79,1625449482.0,64.0
54.18,1625449482.0,64.0
53.58,1625449482.0,64.0
52.09,1625449482.0,64.0
50.01,1625449482.0,64.0
47.59,1625449482.0,64.0
44.94,1625449482.0,64.0
42.02,1625449482.0,64.0
38.7,1625449482.0,64.0
34.94,1625449482.0,64.0
30.82,1625449482.0,64.0
26.53,1625449482.0,64.0
22.28,1625449482.0,64.0
18.18,1625449482.0,64.0
14.2,1625449482.0,64.0
10.17,1625449482.0,64.0
5.93,1625449482.0,64.0
1.33,1625449482.0,64.0
-3.59,1625449482.0,64.0
-8.69,1625449482.0,64.0
-13.82,1625449482.0,64.0
-18.86,1625449482.0,64.0
-23.84,1625449482.0,64.0
-28.94,1625449482.0,64.0
-34.41,1625449482.0,64.0
-40.51,1625449482.0,64.0
-47.36,1625449482.0,64.0
-54.79,1625449482.0,64.0
-62.33,1625449482.0,64.0
-69.17,1625449482.0,64.0
-74.26,1625449482.0,64.0
-76.59,1625449482.0,64.0
-75.43,1625449482.0,64.0
-70.55,1625449482.0,64.0
-62.31,1625449482.0,64.0
-51.53,1625449482.0,64.0
-39.28,1625449482.0,64.0
-26.54,1625449482.0,64.0
-14.0,1625449482.0,64.0
-2.06,1625449482.0,64.0
9.08,1625449482.0,64.0
19.23,1625449482.0,64.0
28.07,1625449482.0,64.0
35.29,1625449482.0,64.0
40.65,1625449482.0,64.0
44.25,1625449482.0,64.0
46.51,1625449482.0,64.0
48.1,1625449482.0,64.0
49.64,1625449482.0,64.0
51.46,1625449482.0,64.0
53.51,1625449482.0,64.0
55.38,1625449482.0,64.0
56.6,1625449482.0,64.0
56.78,1625449482.0,64.0
55.8,1625449482.0,64.0
53.78,1625449482.0,64.0
50.97,1625449482.0,64.0
47.6,1625449482.0,64.0
43.84,1625449482.0,64.0
39.79,1625449482.0,64.0
35.58,1625449482.0,64.0
31.33,1625449482.0,64.0
27.22,1625449482.0,64.0
23.33,1625449482.0,64.0
19.65,1625449482.0,64.0
15.97,1625449482.0,64.0
12.04,1625449482.0,64.0
7.6,1625449482.0,64.0
2.56,1625449482.0,64.0
-2.94,1625449482.0,64.0
-8.64,1625449482.0,64.0
-14.23,1625449482.0,64.0
-19.55,1625449482.0,64.0
-24.67,1625449482.0,64.0
-29.85,1625449482.0,64.0
-35.47,1625449482.0,64.0
-41.85,1625449482.0,64.0
-49.12,1625449482.0,64.0
-57.11,1625449482.0,64.0
-65.27,1625449482.0,64.0
-72.63,1625449482.0,64.0
-78.01,1625449482.0,64.0
-80.22,1625449482.0,64.0
-78.5,1625449482.0,64.0
-72.7,1625449482.0,64.0
-63.42,1625449482.0,64.0
-51.76,1625449482.0,64.0
-38.94,1625449482.0,64.0
-25.89,1625449482.0,64.0
-13.14,1625449482.0,64.0
-0.87,1625449482.0,64.0
10.76,1625449482.0,64.0
21.34,1625449482.0,64.0
30.34,1625449482.0,64.0
37.22,1625449482.0,64.0
41.83,1625449482.0,64.0
44.57,1625449482.0,64.0
46.19,1625449482.0,64.0
47.53,1625449482.0,64.0
49.11,1625449482.0,64.0
50.94,1625449482.0,64.0
52.66,1625449482.0,64.0
53.79,1625449482.0,64.0
54.02,1625449482.0,64.0
53.32,1625449482.0,64.0
51.89,1625449482.0,64.0
49.94,1625449482.0,64.0
47.53,1625449482.0,64.0
44.6,1625449482.0,64.0
41.05,1625449482.0,64.0
36.89,1625449482.0,64.0
32.29,1625449482.0,64.0
27.55,1625449482.0,64.0
22.97,1625449482.0,64.0
18.7,1625449482.0,64.0
14.7,1625449482.0,64.0
10.79,1625449482.0,64.0
6.71,1625449482.0,64.0
2.29,1625449482.0,64.0
-2.51,1625449482.0,64.0
-7.57,1625449482.0,64.0
-12.74,1625449482.0,64.0
-17.91,1625449482.0,64.0
-23.12,1625449482.0,64.0
-28.51,1625449482.0,64.0
-34.31,1625449482.0,64.0
-40.7,1625449482.0,64.0
-47.77,1625449482.0,64.0
-55.38,1625449482.0,64.0
-63.14,1625449482.0,64.0
-70.36,1625449482.0,64.0
-76.09,1625449482.0,64.0
-79.3,1625449482.0,64.0
-79.15,1625449482.0,64.0
-75.25,1625449482.0,64.0
-67.8,1625449482.0,64.0
-57.55,1625449482.0,64.0
-45.5,1625449482.0,64.0
-32.58,1625449482.0,64.0
-19.46,1625449482.0,64.0
-6.52,1625449482.0,64.0
5.92,1625449482.0,64.0
17.46,1625449482.0,64.0
27.54,1625449482.0,64.0
35.61,1625449482.0,64.0
41.36,1625449482.0,64.0
44.96,1625449482.0,64.0
46.99,1625449482.0,64.0
48.26,1625449482.0,64.0
49.45,1625449482.0,64.0
50.91,1625449482.0,64.0
52.57,1625449482.0,64.0
54.07,1625449482.0,64.0
54.97,1625449482.0,64.0
54.97,1625449482.0,64.0
53.97,1625449482.0,64.0
52.06,1625449482.0,64.0
49.38,1625449482.0,64.0
46.09,1625449482.0,64.0
42.28,1625449482.0,64.0
38.09,1625449482.0,64.0
33.67,1625449482.0,64.0
29.22,1625449482.0,64.0
24.9,1625449482.0,64.0
20.79,1625449482.0,64.0
16.8,1625449482.0,64.0
12.74,1625449482.0,64.0
8.42,1625449482.0,64.0
3.73,1625449482.0,64.0
-1.27,1625449482.0,64.0
-6.41,1625449482.0,64.0
-11.52,1625449482.0,64.0
-16.54,1625449482.0,64.0
-21.53,1625449482.0,64.0
-26.71,1625449482.0,64.0
-32.29,1625449482.0,64.0
-38.48,1625449482.0,64.0
-45.36,1625449482.0,64.0
-52.84,1625449482.0,64.0
-60.63,1625449482.0,64.0
-68.16,1625449482.0,64.0
-74.55,1625449482.0,64.0
-78.75,1625449482.0,64.0
-79.74,1625449482.0,64.0
-76.83,1625449482.0,64.0
-69.94,1625449482.0,64.0
-59.65,1625449482.0,64.0
-47.04,1625449482.0,64.0
-33.34,1625449482.0,64.0
-19.63,1625449482.0,64.0
-6.57,1625449482.0,64.0
5.49,1625449482.0,64.0
16.41,1625449482.0,64.0
25.95,1625449482.0,64.0
33.87,1625449482.0,64.0
39.92,1625449482.0,64.0
44.1,1625449482.0,64.0
46.77,1625449482.0,64.0
48.54,1625449482.0,64.0
50.08,1625449482.0,64.0
51.79,1625449482.0,64.0
53.67,1625449482.0,64.0
55.34,1625449482.0,64.0
56.33,1625449482.0,64.0
56.29,1625449482.0,64.0
55.18,1625449482.0,64.0
53.26,1625449482.0,64.0
50.86,1625449482.0,64.0
48.2,1625449482.0,64.0
45.27,1625449482.0,64.0
41.91,1625449482.0,64.0
37.95,1625449482.0,64.0
33.4,1625449482.0,64.0
28.5,1625449482.0,64.0
23.58,1625449482.0,64.0
18.92,1625449482.0,64.0
14.54,1625449482.0,64.0
10.27,1625449482.0,64.0
5.82,1625449482.0,64.0
1.01,1625449482.0,64.0
-4.16,1625449482.0,64.0
-9.53,1625449482.0,64.0
-14.88,1625449482.0,64.0
-20.17,1625449482.0,64.0
-25.46,1625449482.0,64.0
-30.98,1625449482.0,64.0
-36.96,1625449482.0,64.0
-43.57,1625449482.0,64.0
-50.84,1625449482.0,64.0
-58.64,1625449482.0,64.0
-66.59,1625449482.0,64.0
-74.01,1625449482.0,64.0
-79.92,1625449482.0,64.0
-83.25,1625449482.0,64.0
-83.1,1625449482.0,64.0
-79.07,1625449482.0,64.0
-71.37,1625449482.0,64.0
-60.76,1625449482.0,64.0
-48.24,1625449482.0,64.0
-34.77,1625449482.0,64.0
-21.0,1625449482.0,64.0
-7.42,1625449482.0,64.0
5.58,1625449482.0,64.0
17.46,1625449482.0,64.0
27.6,1625449482.0,64.0
35.45,1625449482.0,64.0
40.75,1625449482.0,64.0
43.75,1625449482.0,64.0
45.12,1625449482.0,64.0
45.77,1625449482.0,64.0
46.5,1625449482.0,64.0
47.74,1625449482.0,64.0
49.42,1625449482.0,64.0
51.09,1625449482.0,64.0
52.15,1625449482.0,64.0
52.15,1625449482.0,64.0
50.93,1625449482.0,64.0
48.62,1625449482.0,64.0
45.54,1625449482.0,64.0
42.02,1625449482.0,64.0
38.28,1625449482.0,64.0
34.37,1625449482.0,64.0
30.32,1625449482.0,64.0
26.14,1625449482.0,64.0
21.92,1625449482.0,64.0
17.76,1625449482.0,64.0
13.7,1625449482.0,64.0
9.68,1625449482.0,64.0
5.56,1625449482.0,64.0
1.18,1625449482.0,64.0
-3.51,1625449482.0,64.0
-8.48,1625449482.0,64.0
-13.58,1625449482.0,64.0
-18.73,1625449482.0,64.0
-23.91,1625449482.0,64.0
-29.21,1625449482.0,64.0
-34.83,1625449482.0,64.0
-40.95,1625449482.0,64.0
-47.69,1625449482.0,64.0
-54.89,1625449482.0,64.0
-62.08,1625449482.0,64.0
-68.38,1625449482.0,64.0
-72.69,1625449482.0,64.0
-73.87,1625449482.0,64.0
-71.22,1625449482.0,64.0
-64.63,1625449482.0,64.0
-54.73,1625449482.0,64.0
-42.58,1625449482.0,64.0
-29.36,1625449482.0,64.0
-16.07,1625449482.0,64.0
-3.33,1625449482.0,64.0
8.47,1625449482.0,64.0
19.01,1625449482.0,64.0
27.9,1625449482.0,64.0
34.77,1625449482.0,64.0
39.39,1625449482.0,64.0
41.93,1625449482.0,64.0
42.98,1625449482.0,64.0
43.39,1625449482.0,64.0
43.95,1625449482.0,64.0
45.11,1625449482.0,64.0
46.83,1625449482.0,64.0
48.67,1625449482.0,64.0
50.01,1625449482.0,64.0
50.34,1625449482.0,64.0
49.4,1625449482.0,64.0
47.25,1625449482.0,64.0
44.14,1625449482.0,64.0
40.38,1625449482.0,64.0
36.22,1625449482.0,64.0
31.85,1625449482.0,64.0
27.38,1625449482.0,64.0
22.86,1625449482.0,64.0
18.35,1625449482.0,64.0
13.87,1625449482.0,64.0
9.4,1625449482.0,64.0
4.91,1625449482.0,64.0
0.38,1625449482.0,64.0
-4.23,1625449482.0,64.0
-8.92,1625449482.0,64.0
-13.73,1625449482.0,64.0
-18.69,1625449482.0,64.0
-23.88,1625449482.0,64.0
-29.44,1625449482.0,64.0
-35.5,1625449482.0,64.0
-42.21,1625449482.0,64.0
-49.59,1625449482.0,64.0
-57.49,1625449482.0,64.0
-65.36,1625449482.0,64.0
-72.3,1625449482.0,64.0
-77.1,1625449482.0,64.0
-78.59,1625449482.0,64.0
-76.01,1625449482.0,64.0
-69.32,1625449482.0,64.0
-59.22,1625449482.0,64.0
-46.94,1625449482.0,64.0
-33.77,1625449482.0,64.0
-20.66,1625449482.0,64.0
-8.07,1625449482.0,64.0
3.86,1625449482.0,64.0
15.05,1625449482.0,64.0
25.17,1625449482.0,64.0
33.68,1625449482.0,64.0
40.02,1625449482.0,64.0
44.0,1625449482.0,64.0
45.94,1625449482.0,64.0
46.63,1625449482.0,64.0
47.0,1625449482.0,64.0
47.7,1625449482.0,64.0
48.89,1625449482.0,64.0
50.23,1625449482.0,64.0
51.11,1625449482.0,64.0
51.01,1625449482.0,64.0
49.68,1625449482.0,64.0
47.23,1625449482.0,64.0
43.94,1625449482.0,64.0
40.14,1625449482.0,64.0
36.05,1625449482.0,64.0
31.76,1625449482.0,64.0
27.24,1625449482.0,64.0
22.48,1625449482.0,64.0
17.52,1625449482.0,64.0
12.43,1625449482.0,64.0
7.33,1625449482.0,64.0
2.29,1625449482.0,64.0
-2.65,1625449482.0,64.0
-7.47,1625449482.0,64.0
-12.19,1625449482.0,64.0
-16.88,1625449482.0,64.0
-21.65,1625449482.0,64.0
-26.67,1625449482.0,64.0
-32.18,1625449482.0,64.0
-38.37,1625449482.0,64.0
-45.35,1625449482.0,64.0
-53.07,1625449482.0,64.0
-61.2,1625449482.0,64.0
-69.11,1625449482.0,64.0
-75.89,1625449482.0,64.0
-80.5,1625449482.0,64.0
-81.95,1625449482.0,64.0
-79.63,1625449482.0,64.0
-73.46,1625449482.0,64.0
-63.94,1625449482.0,64.0
-52.01,1625449482.0,64.0
-38.68,1625449482.0,64.0
-24.84,1625449482.0,64.0
-11.03,1625449482.0,64.0
2.38,1625449482.0,64.0
15.07,1625449482.0,64.0
26.55,1625449482.0,64.0
36.23,1625449482.0,64.0
43.56,1625449482.0,64.0
48.37,1625449482.0,64.0
50.95,1625449482.0,64.0
52.04,1625449482.0,64.0
52.52,1625449482.0,64.0
53.07,1625449482.0,64.0
53.94,1625449482.0,64.0
54.94,1625449482.0,64.0
55.6,1625449482.0,64.0
55.44,1625449482.0,64.0
54.19,1625449482.0,64.0
51.86,1625449482.0,64.0
48.64,1625449482.0,64.0
44.82,1625449482.0,64.0
40.67,1625449482.0,64.0
36.36,1625449482.0,64.0
31.98,1625449482.0,64.0
27.53,1625449482.0,64.0
23.03,1625449482.0,64.0
18.43,1625449482.0,64.0
13.69,1625449482.0,64.0
8.76,1625449482.0,64.0
3.63,1625449482.0,64.0
-1.64,1625449482.0,64.0
-6.96,1625449482.0,64.0
-12.22,1625449482.0,64.0
-17.41,1625449482.0,64.0
-22.66,1625449482.0,64.0
-28.19,1625449482.0,64.0
-34.23,1625449482.0,64.0
-40.97,1625449482.0,64.0
-48.45,1625449482.0,64.0
-56.55,1625449482.0,64.0
-64.95,1625449482.0,64.0
-73.07,1625449482.0,64.0
-80.04,1625449482.0,64.0
-84.79,1625449482.0,64.0
-86.26,1625449482.0,64.0
-83.72,1625449482.0,64.0
-77.06,1625449482.0,64.0
-66.85,1625449482.0,64.0
-54.18,1625449482.0,64.0
-40.27,1625449482.0,64.0
-26.04,1625449482.0,64.0
-12.0,1625449482.0,64.0
1.65,1625449482.0,64.0
14.78,1625449482.0,64.0
27.01,1625449482.0,64.0
37.71,1625449482.0,64.0
46.23,1625449482.0,64.0
52.14,1625449482.0,64.0
55.57,1625449482.0,64.0
57.14,1625449482.0,64.0
57.75,1625449482.0,64.0
58.18,1625449482.0,64.0
58.83,1625449482.0,64.0
59.63,1625449482.0,64.0
60.19,1625449482.0,64.0
60.08,1625449482.0,64.0
58.98,1625449482.0,64.0
56.87,1625449482.0,64.0
53.87,1625449482.0,64.0
50.24,1625449482.0,64.0
46.14,1625449482.0,64.0
41.7,1625449482.0,64.0
37.02,1625449482.0,64.0
32.2,1625449482.0,64.0
27.38,1625449482.0,64.0
22.68,1625449482.0,64.0
18.14,1625449482.0,64.0
13.73,1625449482.0,64.0
9.31,1625449482.0,64.0
4.68,1625449482.0,64.0
-0.33,1625449482.0,64.0
-5.83,1625449482.0,64.0
-11.79,1625449482.0,64.0
-18.05,1625449482.0,64.0
-24.42,1625449482.0,64.0
-30.74,1625449482.0,64.0
-37.01,1625449482.0,64.0
-43.4,1625449482.0,64.0
-50.21,1625449482.0,64.0
-57.65,1625449482.0,64.0
-65.62,1625449482.0,64.0
-73.58,1625449482.0,64.0
-80.56,1625449482.0,64.0
-85.33,1625449482.0,64.0
-86.79,1625449482.0,64.0
-84.28,1625449482.0,64.0
-77.77,1625449482.0,64.0
-67.87,1625449482.0,64.0
-55.5,1625449482.0,64.0
-41.66,1625449482.0,64.0
-27.11,1625449482.0,64.0
-12.36,1625449482.0,64.0
2.23,1625449482.0,64.0
16.23,1625449482.0,64.0
29.02,1625449482.0,64.0
39.87,1625449482.0,64.0
48.17,1625449482.0,64.0
53.65,1625449482.0,64.0
56.62,1625449482.0,64.0
57.79,1625449482.0,64.0
58.07,1625449482.0,64.0
58.19,1625449482.0,64.0
58.52,1625449482.0,64.0
58.98,1625449482.0,64.0
59.25,1625449482.0,64.0
58.97,1625449482.0,64.0
57.87,1625449482.0,64.0
55.91,1625449482.0,64.0
53.15,1625449482.0,64.0
49.68,1625449482.0,64.0
45.63,1625449482.0,64.0
41.1,1625449482.0,64.0
36.25,1625449482.0,64.0
31.27,1625449482.0,64.0
26.37,1625449482.0,64.0
21.68,1625449482.0,64.0
17.25,1625449482.0,64.0
12.95,1625449482.0,64.0
8.62,1625449482.0,64.0
4.04,1625449482.0,64.0
-0.89,1625449482.0,64.0
-6.17,1625449482.0,64.0
-11.69,1625449482.0,64.0
-17.28,1625449482.0,64.0
-22.83,1625449482.0,64.0
-28.31,1625449482.0,64.0
-33.79,1625449482.0,64.0
-39.45,1625449482.0,64.0
-45.53,1625449482.0,64.0
-52.28,1625449482.0,64.0
-59.77,1625449482.0,64.0
-67.81,1625449482.0,64.0
-75.74,1625449482.0,64.0
-82.48,1625449482.0,64.0
-86.76,1625449482.0,64.0
-87.41,1625449482.0,64.0
-83.81,1625449482.0,64.0
-76.05,1625449482.0,64.0
-64.91,1625449482.0,64.0
-51.52,1625449482.0,64.0
-37.01,1625449482.0,64.0
-22.25,1625449482.0,64.0
-7.73,1625449482.0,64.0
6.16,1625449482.0,64.0
19.02,1625449482.0,64.0
30.28,1625449482.0,64.0
39.36,1625449482.0,64.0
45.87,1625449482.0,64.0
49.92,1625449482.0,64.0
52.06,1625449482.0,64.0
53.15,1625449482.0,64.0
54.0,1625449482.0,64.0
55.03,1625449482.0,64.0
56.22,1625449482.0,64.0
57.17,1625449482.0,64.0
57.45,1625449482.0,64.0
56.81,1625449482.0,64.0
55.29,1625449482.0,64.0
53.07,1625449482.0,64.0
50.37,1625449482.0,64.0
47.28,1625449482.0,64.0
43.73,1625449482.0,64.0
39.64,1625449482.0,64.0
34.96,1625449482.0,64.0
29.81,1625449482.0,64.0
24.37,1625449482.0,64.0
18.93,1625449482.0,64.0
13.68,1625449482.0,64.0
8.73,1625449482.0,64.0
4.07,1625449482.0,64.0
-0.41,1625449482.0,64.0
-4.85,1625449482.0,64.0
-9.39,1625449482.0,64.0
-14.09,1625449482.0,64.0
-19.0,1625449482.0,64.0
-24.09,1625449482.0,64.0
-29.37,1625449482.0,64.0
-34.91,1625449482.0,64.0
-40.79,1625449482.0,64.0
-47.15,1625449482.0,64.0
-54.02,1625449482.0,64.0
-61.35,1625449482.0,64.0
-68.85,1625449482.0,64.0
-75.94,1625449482.0,64.0
-81.75,1625449482.0,64.0
-85.29,1625449482.0,64.0
-85.63,1625449482.0,64.0
-82.19,1625449482.0,64.0
-74.99,1625449482.0,64.0
-64.56,1625449482.0,64.0
-51.87,1625449482.0,64.0
-37.94,1625449482.0,64.0
-23.63,1625449482.0,64.0
-9.49,1625449482.0,64.0
4.1,1625449482.0,64.0
16.75,1625449482.0,64.0
27.98,1625449482.0,64.0
37.17,1625449482.0,64.0
43.82,1625449482.0,64.0
47.85,1625449482.0,64.0
49.69,1625449482.0,64.0
50.2,1625449482.0,64.0
50.38,1625449482.0,64.0
50.96,1625449482.0,64.0
52.14,1625449482.0,64.0
53.62,1625449482.0,64.0
54.79,1625449482.0,64.0
55.13,1625449482.0,64.0
54.38,1625449482.0,64.0
52.62,1625449482.0,64.0
50.07,1625449482.0,64.0
46.97,1625449482.0,64.0
43.39,1625449482.0,64.0
39.34,1625449482.0,64.0
34.86,1625449482.0,64.0
30.09,1625449482.0,64.0
25.24,1625449482.0,64.0
20.56,1625449482.0,64.0
16.11,1625449482.0,64.0
11.84,1625449482.0,64.0
7.55,1625449482.0,64.0
3.05,1625449482.0,64.0
-1.74,1625449482.0,64.0
-6.77,1625449482.0,64.0
-11.93,1625449482.0,64.0
-17.12,1625449482.0,64.0
-22.3,1625449482.0,64.0
-27.49,1625449482.0,64.0
-32.77,1625449482.0,64.0
-38.25,1625449482.0,64.0
-44.05,1625449482.0,64.0
-50.32,1625449482.0,64.0
-57.11,1625449482.0,64.0
-64.21,1625449482.0,64.0
-71.02,1625449482.0,64.0
-76.52,1625449482.0,64.0
-79.55,1625449482.0,64.0
-79.09,1625449482.0,64.0
-74.7,1625449482.0,64.0
-66.61,1625449482.0,64.0
-55.67,1625449482.0,64.0
-43.03,1625449482.0,64.0
-29.71,1625449482.0,64.0
-16.44,1625449482.0,64.0
-3.64,1625449482.0,64.0
8.36,1625449482.0,64.0
19.11,1625449482.0,64.0
28.09,1625449482.0,64.0
34.79,1625449482.0,64.0
39.09,1625449482.0,64.0
41.31,1625449482.0,64.0
42.25,1625449482.0,64.0
42.81,1625449482.0,64.0
43.69,1625449482.0,64.0
45.07,1625449482.0,64.0
46.7,1625449482.0,64.0
48.06,1625449482.0,64.0
48.67,1625449482.0,64.0
48.31,1625449482.0,64.0
47.04,1625449482.0,64.0
45.07,1625449482.0,64.0
42.57,1625449482.0,64.0
39.62,1625449482.0,64.0
36.19,1625449482.0,64.0
32.23,1625449482.0,64.0
27.82,1625449482.0,64.0
23.13,1625449482.0,64.0
18.41,1625449482.0,64.0
13.9,1625449482.0,64.0
9.7,1625449482.0,64.0
5.74,1625449482.0,64.0
1.85,1625449482.0,64.0
-2.18,1625449482.0,64.0
-6.49,1625449482.0,64.0
-11.09,1625449482.0,64.0
-15.86,1625449482.0,64.0
-20.68,1625449482.0,64.0
-25.47,1625449482.0,64.0
-30.29,1625449482.0,64.0
-35.34,1625449482.0,64.0
-40.89,1625449482.0,64.0
-47.14,1625449482.0,64.0
-54.1,1625449482.0,64.0
-61.43,1625449482.0,64.0
-68.36,1625449482.0,64.0
-73.81,1625449482.0,64.0
-76.6,1625449482.0,64.0
-75.75,1625449482.0,64.0
-70.87,1625449482.0,64.0
-62.29,1625449482.0,64.0
-50.95,1625449482.0,64.0
-38.11,1625449482.0,64.0
-24.92,1625449482.0,64.0
-12.16,1625449482.0,64.0
-0.2,1625449482.0,64.0
10.82,1625449482.0,64.0
20.7,1625449482.0,64.0
29.11,1625449482.0,64.0
35.61,1625449482.0,64.0
39.98,1625449482.0,64.0
42.38,1625449482.0,64.0
43.42,1625449482.0,64.0
43.92,1625449482.0,64.0
44.59,1625449482.0,64.0
45.73,1625449482.0,64.0
47.12,1625449482.0,64.0
48.21,1625449482.0,64.0
48.46,1625449482.0,64.0
47.58,1625449482.0,64.0
45.64,1625449482.0,64.0
42.93,1625449482.0,64.0
39.77,1625449482.0,64.0
36.33,1625449482.0,64.0
32.62,1625449482.0,64.0
28.57,1625449482.0,64.0
24.14,1625449482.0,64.0
19.41,1625449482.0,64.0
14.48,1625449482.0,64.0
9.49,1625449482.0,64.0
4.5,1625449482.0,64.0
-0.48,1625449482.0,64.0
-5.45,1625449482.0,64.0
-10.4,1625449482.0,64.0
-15.34,1625449482.0,64.0
-20.32,1625449482.0,64.0
-25.48,1625449482.0,64.0
-31.0,1625449482.0,64.0
-37.05,1625449482.0,64.0
-43.75,1625449482.0,64.0
-51.11,1625449482.0,64.0
-58.97,1625449482.0,64.0
-66.97,1625449482.0,64.0
-74.48,1625449482.0,64.0
-80.57,1625449482.0,64.0
-84.2,1625449482.0,64.0
-84.47,1625449482.0,64.0
-80.9,1625449482.0,64.0
-73.64,1625449482.0,64.0
-63.41,1625449482.0,64.0
-51.22,1625449482.0,64.0
-38.04,1625449482.0,64.0
-24.51,1625449482.0,64.0
-10.93,1625449482.0,64.0
2.5,1625449482.0,64.0
15.43,1625449482.0,64.0
27.21,1625449482.0,64.0
37.05,1625449482.0,64.0
44.27,1625449482.0,64.0
48.69,1625449482.0,64.0
50.77,1625449482.0,64.0
51.45,1625449482.0,64.0
51.76,1625449482.0,64.0
52.42,1625449482.0,64.0
53.58,1625449482.0,64.0
54.86,1625449482.0,64.0
55.66,1625449482.0,64.0
55.48,1625449482.0,64.0
54.14,1625449482.0,64.0
51.78,1625449482.0,64.0
48.7,1625449482.0,64.0
45.13,1625449482.0,64.0
41.18,1625449482.0,64.0
36.83,1625449482.0,64.0
32.07,1625449482.0,64.0
26.97,1625449482.0,64.0
21.7,1625449482.0,64.0
16.44,1625449482.0,64.0
11.3,1625449482.0,64.0
6.28,1625449482.0,64.0
1.33,1625449482.0,64.0
-3.66,1625449482.0,64.0
-8.74,1625449482.0,64.0
-13.92,1625449482.0,64.0
-19.22,1625449482.0,64.0
-24.71,1625449482.0,64.0
-30.49,1625449482.0,64.0
-36.71,1625449482.0,64.0
-43.52,1625449482.0,64.0
-51.02,1625449482.0,64.0
-59.14,1625449482.0,64.0
-67.56,1625449482.0,64.0
-75.6,1625449482.0,64.0
-82.28,1625449482.0,64.0
-86.46,1625449482.0,64.0
-87.19,1625449482.0,64.0
-83.93,1625449482.0,64.0
-76.76,1625449482.0,64.0
-66.34,1625449482.0,64.0
-53.68,1625449482.0,64.0
-39.82,1625449482.0,64.0
-25.56,1625449482.0,64.0
-11.41,1625449482.0,64.0
2.33,1625449482.0,64.0
15.36,1625449482.0,64.0
27.21,1625449482.0,64.0
37.31,1625449482.0,64.0
45.15,1625449482.0,64.0
50.52,1625449482.0,64.0
53.63,1625449482.0,64.0
55.09,1625449482.0,64.0
55.63,1625449482.0,64.0
55.9,1625449482.0,64.0
56.25,1625449482.0,64.0
56.67,1625449482.0,64.0
56.96,1625449482.0,64.0
56.81,1625449482.0,64.0
56.02,1625449482.0,64.0
54.46,1625449482.0,64.0
52.12,1625449482.0,64.0
49.03,1625449482.0,64.0
45.21,1625449482.0,64.0
40.77,1625449482.0,64.0
35.84,1625449482.0,64.0
30.64,1625449482.0,64.0
25.43,1625449482.0,64.0
20.42,1625449482.0,64.0
15.74,1625449482.0,64.0
11.33,1625449482.0,64.0
6.98,1625449482.0,64.0
2.39,1625449482.0,64.0
-2.63,1625449482.0,64.0
-8.14,1625449482.0,64.0
-13.96,1625449482.0,64.0
-19.84,1625449482.0,64.0
-25.54,1625449482.0,64.0
-31.03,1625449482.0,64.0
-36.49,1625449482.0,64.0
-42.28,1625449482.0,64.0
-48.78,1625449482.0,64.0
-56.19,1625449482.0,64.0
-64.34,1625449482.0,64.0
-72.63,1625449482.0,64.0
-80.09,1625449482.0,64.0
-85.55,1625449482.0,64.0
-87.92,1625449482.0,64.0
-86.49,1625449482.0,64.0
-81.12,1625449482.0,64.0
-72.27,1625449482.0,64.0
-60.85,1625449482.0,64.0
-47.84,1625449482.0,64.0
-34.1,1625449482.0,64.0
-20.16,1625449482.0,64.0
-6.31,1625449482.0,64.0
7.16,1625449482.0,64.0
19.82,1625449482.0,64.0
31.05,1625449482.0,64.0
40.16,1625449482.0,64.0
46.71,1625449482.0,64.0
50.74,1625449482.0,64.0
52.84,1625449482.0,64.0
53.87,1625449482.0,64.0
54.69,1625449482.0,64.0
55.77,1625449482.0,64.0
57.06,1625449482.0,64.0
58.19,1625449482.0,64.0
58.64,1625449482.0,64.0
58.12,1625449482.0,64.0
56.6,1625449482.0,64.0
54.27,1625449482.0,64.0
51.34,1625449482.0,64.0
47.88,1625449482.0,64.0
43.84,1625449482.0,64.0
39.17,1625449482.0,64.0
33.96,1625449482.0,64.0
28.49,1625449482.0,64.0
23.16,1625449482.0,64.0
18.28,1625449482.0,64.0
13.93,1625449482.0,64.0
9.91,1625449482.0,64.0
5.85,1625449482.0,64.0
1.4,1625449482.0,64.0
-3.61,1625449482.0,64.0
-9.12,1625449482.0,64.0
-14.88,1625449482.0,64.0
-20.59,1625449482.0,64.0
-26.04,1625449482.0,64.0
-31.24,1625449482.0,64.0
-36.4,1625449482.0,64.0
-41.86,1625449482.0,64.0
-48.0,1625449482.0,64.0
-55.04,1625449482.0,64.0
-62.9,1625449482.0,64.0
-71.09,1625449482.0,64.0
-78.72,1625449482.0,64.0
-84.63,1625449482.0,64.0
-87.67,1625449482.0,64.0
-87.0,1625449482.0,64.0
-82.31,1625449482.0,64.0
-73.9,1625449482.0,64.0
-62.58,1625449482.0,64.0
-49.38,1625449482.0,64.0
-35.31,1625449482.0,64.0
-21.1,1625449482.0,64.0
-7.24,1625449482.0,64.0
5.93,1625449482.0,64.0
18.02,1625449482.0,64.0
28.59,1625449482.0,64.0
37.14,1625449482.0,64.0
43.37,1625449482.0,64.0
47.39,1625449482.0,64.0
49.73,1625449482.0,64.0
51.17,1625449482.0,64.0
52.46,1625449482.0,64.0
53.98,1625449482.0,64.0
55.64,1625449482.0,64.0
57.03,1625449482.0,64.0
57.64,1625449482.0,64.0
57.18,1625449482.0,64.0
55.64,1625449482.0,64.0
53.24,1625449482.0,64.0
50.27,1625449482.0,64.0
46.92,1625449482.0,64.0
43.27,1625449482.0,64.0
39.34,1625449482.0,64.0
35.19,1625449482.0,64.0
30.93,1625449482.0,64.0
26.71,1625449482.0,64.0
22.61,1625449482.0,64.0
18.59,1625449482.0,64.0
14.54,1625449482.0,64.0
10.29,1625449482.0,64.0
5.78,1625449482.0,64.0
1.01,1625449482.0,64.0
-3.91,1625449482.0,64.0
-8.87,1625449482.0,64.0
-13.79,1625449482.0,64.0
-18.71,1625449482.0,64.0
-23.71,1625449482.0,64.0
-28.91,1625449482.0,64.0
-34.44,1625449482.0,64.0
-40.39,1625449482.0,64.0
-46.84,1625449482.0,64.0
-53.77,1625449482.0,64.0
-60.95,1625449482.0,64.0
-67.83,1625449482.0,64.0
-73.5,1625449482.0,64.0
-76.81,1625449482.0,64.0
-76.71,1625449482.0,64.0
-72.59,1625449482.0,64.0
-64.57,1625449482.0,64.0
-53.45,1625449482.0,64.0
-40.43,1625449482.0,64.0
-26.71,1625449482.0,64.0
-13.21,1625449482.0,64.0
-0.47,1625449482.0,64.0
11.2,1625449482.0,64.0
21.47,1625449482.0,64.0
29.92,1625449482.0,64.0
36.19,1625449482.0,64.0
40.14,1625449482.0,64.0
42.09,1625449482.0,64.0
42.78,1625449482.0,64.0
43.1,1625449482.0,64.0
43.79,1625449482.0,64.0
45.12,1625449482.0,64.0
46.84,1625449482.0,64.0
48.4,1625449482.0,64.0
49.18,1625449482.0,64.0
48.79,1625449482.0,64.0
47.15,1625449482.0,64.0
44.43,1625449482.0,64.0
40.97,1625449482.0,64.0
37.05,1625449482.0,64.0
32.88,1625449482.0,64.0
28.56,1625449482.0,64.0
24.18,1625449482.0,64.0
19.77,1625449482.0,64.0
15.42,1625449482.0,64.0
11.15,1625449482.0,64.0
7.0,1625449482.0,64.0
2.92,1625449482.0,64.0
-1.16,1625449482.0,64.0
-5.33,1625449482.0,64.0
-9.69,1625449482.0,64.0
-14.3,1625449482.0,64.0
-19.22,1625449482.0,64.0
-24.49,1625449482.0,64.0
-30.19,1625449482.0,64.0
-36.4,1625449482.0,64.0
-43.22,1625449482.0,64.0
-50.67,1625449482.0,64.0
-58.57,1625449482.0,64.0
-66.45,1625449482.0,64.0
-73.49,1625449482.0,64.0
-78.63,1625449482.0,64.0
-80.82,1625449482.0,64.0
-79.32,1625449482.0,64.0
-73.95,1625449482.0,64.0
-65.11,1625449482.0,64.0
-53.64,1625449482.0,64.0
-40.57,1625449482.0,64.0
-26.83,1625449482.0,64.0
-13.04,1625449482.0,64.0
0.35,1625449482.0,64.0
13.01,1625449482.0,64.0
24.49,1625449482.0,64.0
34.27,1625449482.0,64.0
41.85,1625449482.0,64.0
47.01,1625449482.0,64.0
49.97,1625449482.0,64.0
51.35,1625449482.0,64.0
51.98,1625449482.0,64.0
52.54,1625449482.0,64.0
53.35,1625449482.0,64.0
54.31,1625449482.0,64.0
55.05,1625449482.0,64.0
55.14,1625449482.0,64.0
54.34,1625449482.0,64.0
52.59,1625449482.0,64.0
50.01,1625449482.0,64.0
46.73,1625449482.0,64.0
42.87,1625449482.0,64.0
38.53,1625449482.0,64.0
33.82,1625449482.0,64.0
28.93,1625449482.0,64.0
24.01,1625449482.0,64.0
19.21,1625449482.0,64.0
14.54,1625449482.0,64.0
9.96,1625449482.0,64.0
5.36,1625449482.0,64.0
0.63,1625449482.0,64.0
-4.29,1625449482.0,64.0
-9.43,1625449482.0,64.0
-14.8,1625449482.0,64.0
-20.36,1625449482.0,64.0
-26.09,1625449482.0,64.0
-31.98,1625449482.0,64.0
-38.09,1625449482.0,64.0
-44.54,1625449482.0,64.0
-51.52,1625449482.0,64.0
-59.14,1625449482.0,64.0
-67.26,1625449482.0,64.0
-75.39,1625449482.0,64.0
-82.59,1625449482.0,64.0
-87.67,1625449482.0,64.0
-89.45,1625449482.0,64.0
-87.15,1625449482.0,64.0
-80.64,1625449482.0,64.0
-70.5,1625449482.0,64.0
-57.75,1625449482.0,64.0
-43.53,1625449482.0,64.0
-28.78,1625449482.0,64.0
-14.04,1625449482.0,64.0
0.38,1625449482.0,64.0
14.19,1625449482.0,64.0
26.92,1625449482.0,64.0
37.91,1625449482.0,64.0
46.53,1625449482.0,64.0
52.5,1625449482.0,64.0
56.01,1625449482.0,64.0
57.72,1625449482.0,64.0
58.49,1625449482.0,64.0
59.05,1625449482.0,64.0
59.76,1625449482.0,64.0
60.56,1625449482.0,64.0
61.14,1625449482.0,64.0
61.07,1625449482.0,64.0
60.07,1625449482.0,64.0
58.07,1625449482.0,64.0
55.17,1625449482.0,64.0
51.6,1625449482.0,64.0
47.6,1625449482.0,64.0
43.35,1625449482.0,64.0
38.92,1625449482.0,64.0
34.39,1625449482.0,64.0
29.79,1625449482.0,64.0
25.18,1625449482.0,64.0
20.62,1625449482.0,64.0
16.1,1625449482.0,64.0
11.55,1625449482.0,64.0
6.81,1625449482.0,64.0
1.71,1625449482.0,64.0
-3.81,1625449482.0,64.0
-9.64,1625449482.0,64.0
-15.58,1625449482.0,64.0
-21.43,1625449482.0,64.0
-27.11,1625449482.0,64.0
-32.74,1625449482.0,64.0
-38.55,1625449482.0,64.0
-44.82,1625449482.0,64.0
-51.75,1625449482.0,64.0
-59.33,1625449482.0,64.0
-67.28,1625449482.0,64.0
-75.01,1625449482.0,64.0
-81.61,1625449482.0,64.0
-86.0,1625449482.0,64.0
-87.17,1625449482.0,64.0
-84.47,1625449482.0,64.0
-77.83,1625449482.0,64.0
-67.77,1625449482.0,64.0
-55.25,1625449482.0,64.0
-41.3,1625449482.0,64.0
-26.77,1625449482.0,64.0
-12.17,1625449482.0,64.0
2.14,1625449482.0,64.0
15.79,1625449482.0,64.0
28.18,1625449482.0,64.0
38.59,1625449482.0,64.0
46.4,1625449482.0,64.0
51.44,1625449482.0,64.0
54.1,1625449482.0,64.0
55.25,1625449482.0,64.0
55.89,1625449482.0,64.0
56.73,1625449482.0,64.0
57.97,1625449482.0,64.0
59.3,1625449482.0,64.0
60.15,1625449482.0,64.0
60.06,1625449482.0,64.0
58.87,1625449482.0,64.0
56.73,1625449482.0,64.0
53.88,1625449482.0,64.0
50.52,1625449482.0,64.0
46.66,1625449482.0,64.0
42.23,1625449482.0,64.0
37.24,1625449482.0,64.0
31.89,1625449482.0,64.0
26.53,1625449482.0,64.0
21.55,1625449482.0,64.0
17.13,1625449482.0,64.0
13.15,1625449482.0,64.0
9.24,1625449482.0,64.0
4.96,1625449482.0,64.0
0.03,1625449482.0,64.0
-5.56,1625449482.0,64.0
-11.52,1625449482.0,64.0
-17.47,1625449482.0,64.0
-23.08,1625449482.0,64.0
-28.25,1625449482.0,64.0
-33.12,1625449482.0,64.0
-38.0,1625449482.0,64.0
-43.24,1625449482.0,64.0
-49.13,1625449482.0,64.0
-55.84,1625449482.0,64.0
-63.27,1625449482.0,64.0
-70.98,1625449482.0,64.0
-78.17,1625449482.0,64.0
-83.71,1625449482.0,64.0
-86.41,1625449482.0,64.0
-85.33,1625449482.0,64.0
-80.09,1625449482.0,64.0
-71.05,1625449482.0,64.0
-59.11,1625449482.0,64.0
-45.47,1625449482.0,64.0
-31.22,1625449482.0,64.0
-17.13,1625449482.0,64.0
-3.64,1625449482.0,64.0
8.97,1625449482.0,64.0
20.38,1625449482.0,64.0
30.15,1625449482.0,64.0
37.88,1625449482.0,64.0
43.36,1625449482.0,64.0
46.79,1625449482.0,64.0
48.73,1625449482.0,64.0
49.95,1625449482.0,64.0
51.07,1625449482.0,64.0
52.35,1625449482.0,64.0
53.62,1625449482.0,64.0
54.49,1625449482.0,64.0
54.53,1625449482.0,64.0
53.57,1625449482.0,64.0
51.72,1625449482.0,64.0
49.29,1625449482.0,64.0
46.6,1625449482.0,64.0
43.75,1625449482.0,64.0
40.68,1625449482.0,64.0
37.17,1625449482.0,64.0
33.11,1625449482.0,64.0
28.55,1625449482.0,64.0
23.73,1625449482.0,64.0
18.97,1625449482.0,64.0
14.5,1625449482.0,64.0
10.34,1625449482.0,64.0
6.3,1625449482.0,64.0
2.12,1625449482.0,64.0
-2.39,1625449482.0,64.0
-7.29,1625449482.0,64.0
-12.49,1625449482.0,64.0
-17.82,1625449482.0,64.0
-23.16,1625449482.0,64.0
-28.54,1625449482.0,64.0
-34.09,1625449482.0,64.0
-40.0,1625449482.0,64.0
-46.44,1625449482.0,64.0
-53.45,1625449482.0,64.0
-60.78,1625449482.0,64.0
-67.85,1625449482.0,64.0
-73.74,1625449482.0,64.0
-77.36,1625449482.0,64.0
-77.73,1625449482.0,64.0
-74.29,1625449482.0,64.0
-67.1,1625449482.0,64.0
-56.79,1625449482.0,64.0
-44.39,1625449482.0,64.0
-30.98,1625449482.0,64.0
-17.46,1625449482.0,64.0
-4.48,1625449482.0,64.0
7.47,1625449482.0,64.0
17.9,1625449482.0,64.0
26.35,1625449482.0,64.0
32.51,1625449482.0,64.0
36.4,1625449482.0,64.0
38.43,1625449482.0,64.0
39.37,1625449482.0,64.0
40.03,1625449482.0,64.0
40.98,1625449482.0,64.0
42.37,1625449482.0,64.0
43.98,1625449482.0,64.0
45.37,1625449482.0,64.0
46.12,1625449482.0,64.0
45.96,1625449482.0,64.0
44.82,1625449482.0,64.0
42.76,1625449482.0,64.0
39.88,1625449482.0,64.0
36.3,1625449482.0,64.0
32.17,1625449482.0,64.0
27.67,1625449482.0,64.0
23.05,1625449482.0,64.0
18.56,1625449482.0,64.0
14.35,1625449482.0,64.0
10.41,1625449482.0,64.0
6.57,1625449482.0,64.0
2.56,1625449482.0,64.0
-1.87,1625449482.0,64.0
-6.79,1625449482.0,64.0
-12.1,1625449482.0,64.0
-17.56,1625449482.0,64.0
-22.92,1625449482.0,64.0
-28.1,1625449482.0,64.0
-33.2,1625449482.0,64.0
-38.49,1625449482.0,64.0
-44.3,1625449482.0,64.0
-50.9,1625449482.0,64.0
-58.38,1625449482.0,64.0
-66.55,1625449482.0,64.0
-74.85,1625449482.0,64.0
-82.35,1625449482.0,64.0
-87.89,1625449482.0,64.0
-90.31,1625449482.0,64.0
-88.82,1625449482.0,64.0
-83.23,1625449482.0,64.0
-74.02,1625449482.0,64.0
-62.15,1625449482.0,64.0
-48.67,1625449482.0,64.0
-34.46,1625449482.0,64.0
-20.08,1625449482.0,64.0
-5.86,1625449482.0,64.0
7.88,1625449482.0,64.0
20.62,1625449482.0,64.0
31.71,1625449482.0,64.0
40.55,1625449482.0,64.0
46.84,1625449482.0,64.0
50.74,1625449482.0,64.0
52.87,1625449482.0,64.0
54.04,1625449482.0,64.0
54.95,1625449482.0,64.0
55.95,1625449482.0,64.0
57.01,1625449482.0,64.0
57.78,1625449482.0,64.0
57.91,1625449482.0,64.0
57.15,1625449482.0,64.0
55.5,1625449482.0,64.0
53.1,1625449482.0,64.0
50.11,1625449482.0,64.0
46.62,1625449482.0,64.0
42.6,1625449482.0,64.0
38.03,1625449482.0,64.0
32.98,1625449482.0,64.0
27.66,1625449482.0,64.0
22.35,1625449482.0,64.0
17.32,1625449482.0,64.0
12.65,1625449482.0,64.0
8.25,1625449482.0,64.0
3.87,1625449482.0,64.0
-0.76,1625449482.0,64.0
-5.8,1625449482.0,64.0
-11.23,1625449482.0,64.0
-16.92,1625449482.0,64.0
-22.69,1625449482.0,64.0
-28.48,1625449482.0,64.0
-34.31,1625449482.0,64.0
-40.37,1625449482.0,64.0
-46.89,1625449482.0,64.0
-54.03,1625449482.0,64.0
-61.76,1625449482.0,64.0
-69.76,1625449482.0,64.0
-77.41,1625449482.0,64.0
-83.77,1625449482.0,64.0
-87.83,1625449482.0,64.0
-88.66,1625449482.0,64.0
-85.74,1625449482.0,64.0
-79.08,1625449482.0,64.0
-69.19,1625449482.0,64.0
-56.94,1625449482.0,64.0
-43.22,1625449482.0,64.0
-28.77,1625449482.0,64.0
-14.09,1625449482.0,64.0
0.4,1625449482.0,64.0
14.24,1625449482.0,64.0
26.82,1625449482.0,64.0
37.44,1625449482.0,64.0
45.58,1625449482.0,64.0
51.13,1625449482.0,64.0
54.48,1625449482.0,64.0
56.38,1625449482.0,64.0
57.6,1625449482.0,64.0
58.67,1625449482.0,64.0
59.73,1625449482.0,64.0
60.56,1625449482.0,64.0
60.87,1625449482.0,64.0
60.43,1625449482.0,64.0
59.21,1625449482.0,64.0
57.31,1625449482.0,64.0
54.84,1625449482.0,64.0
51.85,1625449482.0,64.0
48.3,1625449482.0,64.0
44.19,1625449482.0,64.0
39.61,1625449482.0,64.0
34.74,1625449482.0,64.0
29.87,1625449482.0,64.0
25.19,1625449482.0,64.0
20.78,1625449482.0,64.0
16.52,1625449482.0,64.0
12.17,1625449482.0,64.0
7.51,1625449482.0,64.0
2.41,1625449482.0,64.0
-3.09,1625449482.0,64.0
-8.84,1625449482.0,64.0
-14.64,1625449482.0,64.0
-20.38,1625449482.0,64.0
-26.07,1625449482.0,64.0
-31.81,1625449482.0,64.0
-37.82,1625449482.0,64.0
-44.3,1625449482.0,64.0
-51.41,1625449482.0,64.0
-59.2,1625449482.0,64.0
-67.49,1625449482.0,64.0
-75.73,1625449482.0,64.0
-83.02,1625449482.0,64.0
-88.17,1625449482.0,64.0
-90.02,1625449482.0,64.0
-87.82,1625449482.0,64.0
-81.41,1625449482.0,64.0
-71.37,1625449482.0,64.0
-58.71,1625449482.0,64.0
-44.55,1625449482.0,64.0
-29.77,1625449482.0,64.0
-14.92,1625449482.0,64.0
-0.33,1625449482.0,64.0
13.64,1625449482.0,64.0
26.46,1625449482.0,64.0
37.45,1625449482.0,64.0
46.03,1625449482.0,64.0
51.95,1625449482.0,64.0
55.5,1625449482.0,64.0
57.39,1625449482.0,64.0
58.45,1625449482.0,64.0
59.37,1625449482.0,64.0
60.46,1625449482.0,64.0
61.6,1625449482.0,64.0
62.47,1625449482.0,64.0
62.72,1625449482.0,64.0
62.14,1625449482.0,64.0
60.71,1625449482.0,64.0
58.5,1625449482.0,64.0
55.61,1625449482.0,64.0
52.1,1625449482.0,64.0
47.99,1625449482.0,64.0
43.37,1625449482.0,64.0
38.4,1625449482.0,64.0
33.34,1625449482.0,64.0
28.49,1625449482.0,64.0
24.03,1625449482.0,64.0
19.96,1625449482.0,64.0
16.04,1625449482.0,64.0
11.88,1625449482.0,64.0
7.15,1625449482.0,64.0
1.74,1625449482.0,64.0
-4.24,1625449482.0,64.0
-10.44,1625449482.0,64.0
-16.49,1625449482.0,64.0
-22.19,1625449482.0,64.0
-27.53,1625449482.0,64.0
-32.76,1625449482.0,64.0
-38.2,1625449482.0,64.0
-44.19,1625449482.0,64.0
-50.92,1625449482.0,64.0
-58.38,1625449482.0,64.0
-66.32,1625449482.0,64.0
-74.15,1625449482.0,64.0
-80.95,1625449482.0,64.0
-85.62,1625449482.0,64.0
-87.08,1625449482.0,64.0
-84.58,1625449482.0,64.0
-77.97,1625449482.0,64.0
-67.75,1625449482.0,64.0
-54.9,1625449482.0,64.0
-40.58,1625449482.0,64.0
-25.76,1625449482.0,64.0
-11.07,1625449482.0,64.0
3.08,1625449482.0,64.0
16.36,1625449482.0,64.0
28.28,1625449482.0,64.0
38.24,1625449482.0,64.0
45.74,1625449482.0,64.0
50.67,1625449482.0,64.0
53.4,1625449482.0,64.0
54.72,1625449482.0,64.0
55.47,1625449482.0,64.0
56.27,1625449482.0,64.0
57.26,1625449482.0,64.0
58.21,1625449482.0,64.0
58.74,1625449482.0,64.0
58.59,1625449482.0,64.0
57.71,1625449482.0,64.0
56.22,1625449482.0,64.0
54.23,1625449482.0,64.0
51.74,1625449482.0,64.0
48.62,1625449482.0,64.0
44.73,1625449482.0,64.0
40.12,1625449482.0,64.0
35.02,1625449482.0,64.0
29.84,1625449482.0,64.0
24.98,1625449482.0,64.0
20.64,1625449482.0,64.0
16.77,1625449482.0,64.0
13.08,1625449482.0,64.0
9.2,1625449482.0,64.0
4.89,1625449482.0,64.0
0.07,1625449482.0,64.0
-5.13,1625449482.0,64.0
-10.52,1625449482.0,64.0
-15.99,1625449482.0,64.0
-21.52,1625449482.0,64.0
-27.19,1625449482.0,64.0
-33.09,1625449482.0,64.0
-39.25,1625449482.0,64.0
-45.68,1625449482.0,64.0
-52.35,1625449482.0,64.0
-59.16,1625449482.0,64.0
-65.92,1625449482.0,64.0
-72.13,1625449482.0,64.0
-77.03,1625449482.0,64.0
-79.67,1625449482.0,64.0
-79.16,1625449482.0,64.0
-74.97,1625449482.0,64.0
-67.16,1625449482.0,64.0
-56.35,1625449482.0,64.0
-43.51,1625449482.0,64.0
-29.63,1625449482.0,64.0
-15.52,1625449482.0,64.0
-1.76,1625449482.0,64.0
11.17,1625449482.0,64.0
22.74,1625449482.0,64.0
32.39,1625449482.0,64.0
39.62,1625449482.0,64.0
44.28,1625449482.0,64.0
46.71,1625449482.0,64.0
47.68,1625449482.0,64.0
48.13,1625449482.0,64.0
48.79,1625449482.0,64.0
49.94,1625449482.0,64.0
51.36,1625449482.0,64.0
52.58,1625449482.0,64.0
53.08,1625449482.0,64.0
52.59,1625449482.0,64.0
51.12,1625449482.0,64.0
48.87,1625449482.0,64.0
46.06,1625449482.0,64.0
42.83,1625449482.0,64.0
39.23,1625449482.0,64.0
35.28,1625449482.0,64.0
31.06,1625449482.0,64.0
26.67,1625449482.0,64.0
22.28,1625449482.0,64.0
18.02,1625449482.0,64.0
13.95,1625449482.0,64.0
10.03,1625449482.0,64.0
6.14,1625449482.0,64.0
2.13,1625449482.0,64.0
-2.14,1625449482.0,64.0
-6.76,1625449482.0,64.0
-11.73,1625449482.0,64.0
-16.95,1625449482.0,64.0
-22.28,1625449482.0,64.0
-27.6,1625449482.0,64.0
-32.89,1625449482.0,64.0
-38.29,1625449482.0,64.0
-44.0,1625449482.0,64.0
-50.17,1625449482.0,64.0
-56.66,1625449482.0,64.0
-62.91,1625449482.0,64.0
-67.93,1625449482.0,64.0
-70.53,1625449482.0,64.0
-69.75,1625449482.0,64.0
-65.2,1625449482.0,64.0
-57.19,1625449482.0,64.0
-46.66,1625449482.0,64.0
-34.74,1625449482.0,64.0
-22.4,1625449482.0,64.0
-10.24,1625449482.0,64.0
1.42,1625449482.0,64.0
12.32,1625449482.0,64.0
22.02,1625449482.0,64.0
29.94,1625449482.0,64.0
35.56,1625449482.0,64.0
38.74,1625449482.0,64.0
39.87,1625449482.0,64.0
39.8,1625449482.0,64.0
39.49,1625449482.0,64.0
39.68,1625449482.0,64.0
40.59,1625449482.0,64.0
41.97,1625449482.0,64.0
43.22,1625449482.0,64.0
43.74,1625449482.0,64.0
43.12,1625449482.0,64.0
41.24,1625449482.0,64.0
38.25,1625449482.0,64.0
34.44,1625449482.0,64.0
30.19,1625449482.0,64.0
25.78,1625449482.0,64.0
21.41,1625449482.0,64.0
17.15,1625449482.0,64.0
12.97,1625449482.0,64.0
8.78,1625449482.0,64.0
4.49,1625449482.0,64.0
0.09,1625449482.0,64.0
-4.41,1625449482.0,64.0
-8.93,1625449482.0,64.0
-13.43,1625449482.0,64.0
-17.91,1625449482.0,64.0
-22.5,1625449482.0,64.0
-27.35,1625449482.0,64.0
-32.65,1625449482.0,64.0
-38.52,1625449482.0,64.0
-44.97,1625449482.0,64.0
-51.94,1625449482.0,64.0
-59.2,1625449482.0,64.0
-66.34,1625449482.0,64.0
-72.68,1625449482.0,64.0
-77.32,1625449482.0,64.0
-79.32,1625449482.0,64.0
-77.91,1625449482.0,64.0
-72.81,1625449482.0,64.0
-64.33,1625449482.0,64.0
-53.26,1625449482.0,64.0
-40.63,1625449482.0,64.0
-27.36,1625449482.0,64.0
-14.08,1625449482.0,64.0
-1.2,1625449482.0,64.0
10.96,1625449482.0,64.0
21.94,1625449482.0,64.0
31.13,1625449482.0,64.0
38.01,1625449482.0,64.0
42.39,1625449482.0,64.0
44.6,1625449482.0,64.0
45.4,1625449482.0,64.0
45.72,1625449482.0,64.0
46.21,1625449482.0,64.0
47.09,1625449482.0,64.0
48.08,1625449482.0,64.0
48.65,1625449482.0,64.0
48.35,1625449482.0,64.0
46.99,1625449482.0,64.0
44.69,1625449482.0,64.0
41.7,1625449482.0,64.0
38.25,1625449482.0,64.0
34.45,1625449482.0,64.0
30.32,1625449482.0,64.0
25.86,1625449482.0,64.0
21.18,1625449482.0,64.0
16.39,1625449482.0,64.0
11.61,1625449482.0,64.0
6.87,1625449482.0,64.0
2.1,1625449482.0,64.0
-2.78,1625449482.0,64.0
-7.79,1625449482.0,64.0
-12.9,1625449482.0,64.0
-18.06,1625449482.0,64.0
-23.24,1625449482.0,64.0
-28.52,1625449482.0,64.0
-34.03,1625449482.0,64.0
-39.93,1625449482.0,64.0
-46.35,1625449482.0,64.0
-53.39,1625449482.0,64.0
-61.0,1625449482.0,64.0
-68.94,1625449482.0,64.0
-76.65,1625449482.0,64.0
-83.21,1625449482.0,64.0
-87.51,1625449482.0,64.0
-88.53,1625449482.0,64.0
-85.62,1625449482.0,64.0
-78.78,1625449482.0,64.0
-68.58,1625449482.0,64.0
-55.98,1625449482.0,64.0
-41.98,1625449482.0,64.0
-27.39,1625449482.0,64.0
-12.76,1625449482.0,64.0
1.49,1625449482.0,64.0
14.91,1625449482.0,64.0
26.91,1625449482.0,64.0
36.87,1625449482.0,64.0
44.31,1625449482.0,64.0
49.16,1625449482.0,64.0
51.8,1625449482.0,64.0
52.96,1625449482.0,64.0
53.44,1625449482.0,64.0
53.9,1625449482.0,64.0
54.57,1625449482.0,64.0
55.35,1625449482.0,64.0
55.88,1625449482.0,64.0
55.79,1625449482.0,64.0
54.82,1625449482.0,64.0
52.87,1625449482.0,64.0
50.01,1625449482.0,64.0
46.35,1625449482.0,64.0
42.07,1625449482.0,64.0
37.37,1625449482.0,64.0
32.49,1625449482.0,64.0
27.63,1625449482.0,64.0
22.93,1625449482.0,64.0
18.34,1625449482.0,64.0
13.71,1625449482.0,64.0
8.88,1625449482.0,64.0
3.75,1625449482.0,64.0
-1.61,1625449482.0,64.0
-7.01,1625449482.0,64.0
-12.26,1625449482.0,64.0
-17.27,1625449482.0,64.0
-22.17,1625449482.0,64.0
-27.24,1625449482.0,64.0
-32.79,1625449482.0,64.0
-39.07,1625449482.0,64.0
-46.21,1625449482.0,64.0
-54.18,1625449482.0,64.0
-62.72,1625449482.0,64.0
-71.31,1625449482.0,64.0
-79.12,1625449482.0,64.0
-85.09,1625449482.0,64.0
-88.13,1625449482.0,64.0
-87.44,1625449482.0,64.0
-82.74,1625449482.0,64.0
-74.4,1625449482.0,64.0
-63.28,1625449482.0,64.0
-50.43,1625449482.0,64.0
-36.76,1625449482.0,64.0
-22.83,1625449482.0,64.0
-8.93,1625449482.0,64.0
4.72,1625449482.0,64.0
17.71,1625449482.0,64.0
29.43,1625449482.0,64.0
39.12,1625449482.0,64.0
46.28,1625449482.0,64.0
50.87,1625449482.0,64.0
53.39,1625449482.0,64.0
54.66,1625449482.0,64.0
55.5,1625449482.0,64.0
56.43,1625449482.0,64.0
57.47,1625449482.0,64.0
58.35,1625449482.0,64.0
58.68,1625449482.0,64.0
58.23,1625449482.0,64.0
56.99,1625449482.0,64.0
55.08,1625449482.0,64.0
52.6,1625449482.0,64.0
49.55,1625449482.0,64.0
45.86,1625449482.0,64.0
41.49,1625449482.0,64.0
36.58,1625449482.0,64.0
31.42,1625449482.0,64.0
26.4,1625449482.0,64.0
21.81,1625449482.0,64.0
17.73,1625449482.0,64.0
13.99,1625449482.0,64.0
10.21,1625449482.0,64.0
6.02,1625449482.0,64.0
1.16,1625449482.0,64.0
-4.42,1625449482.0,64.0
-10.55,1625449482.0,64.0
-16.9,1625449482.0,64.0
-23.14,1625449482.0,64.0
-29.04,1625449482.0,64.0
-34.61,1625449482.0,64.0
-40.05,1625449482.0,64.0
-45.75,1625449482.0,64.0
-52.11,1625449482.0,64.0
-59.34,1625449482.0,64.0
-67.35,1625449482.0,64.0
-75.61,1625449482.0,64.0
-83.19,1625449482.0,64.0
-88.93,1625449482.0,64.0
-91.7,1625449482.0,64.0
-90.7,1625449482.0,64.0
-85.67,1625449482.0,64.0
-76.93,1625449482.0,64.0
-65.25,1625449482.0,64.0
-51.62,1625449482.0,64.0
-36.94,1625449482.0,64.0
-21.89,1625449482.0,64.0
-6.93,1625449482.0,64.0
7.54,1625449482.0,64.0
21.02,1625449482.0,64.0
32.83,1625449482.0,64.0
42.33,1625449482.0,64.0
49.13,1625449482.0,64.0
53.37,1625449482.0,64.0
55.71,1625449482.0,64.0
57.06,1625449482.0,64.0
58.23,1625449482.0,64.0
59.61,1625449482.0,64.0
61.07,1625449482.0,64.0
62.21,1625449482.0,64.0
62.56,1625449482.0,64.0
61.9,1625449482.0,64.0
60.31,1625449482.0,64.0
58.04,1625449482.0,64.0
55.32,1625449482.0,64.0
52.26,1625449482.0,64.0
48.83,1625449482.0,64.0
44.96,1625449482.0,64.0
40.62,1625449482.0,64.0
35.96,1625449482.0,64.0
31.22,1625449482.0,64.0
26.65,1625449482.0,64.0
22.43,1625449482.0,64.0
18.53,1625449482.0,64.0
14.72,1625449482.0,64.0
10.7,1625449482.0,64.0
6.19,1625449482.0,64.0
1.08,1625449482.0,64.0
-4.49,1625449482.0,64.0
-10.22,1625449482.0,64.0
-15.77,1625449482.0,64.0
-20.99,1625449482.0,64.0
-25.96,1625449482.0,64.0
-30.99,1625449482.0,64.0
-36.47,1625449482.0,64.0
-42.71,1625449482.0,64.0
-49.81,1625449482.0,64.0
-57.66,1625449482.0,64.0
-65.87,1625449482.0,64.0
-73.76,1625449482.0,64.0
-80.41,1625449482.0,64.0
-84.75,1625449482.0,64.0
-85.78,1625449482.0,64.0
-82.86,1625449482.0,64.0
-75.91,1625449482.0,64.0
-65.51,1625449482.0,64.0
-52.61,1625449482.0,64.0
-38.31,1625449482.0,64.0
-23.52,1625449482.0,64.0
-8.86,1625449482.0,64.0
5.21,1625449482.0,64.0
18.25,1625449482.0,64.0
29.73,1625449482.0,64.0
39.08,1625449482.0,64.0
45.9,1625449482.0,64.0
50.2,1625449482.0,64.0
52.47,1625449482.0,64.0
53.52,1625449482.0,64.0
54.2,1625449482.0,64.0
55.05,1625449482.0,64.0
56.19,1625449482.0,64.0
57.34,1625449482.0,64.0
58.05,1625449482.0,64.0
57.93,1625449482.0,64.0
56.85,1625449482.0,64.0
54.92,1625449482.0,64.0
52.4,1625449482.0,64.0
49.49,1625449482.0,64.0
46.25,1625449482.0,64.0
42.6,1625449482.0,64.0
38.47,1625449482.0,64.0
33.89,1625449482.0,64.0
29.08,1625449482.0,64.0
24.37,1625449482.0,64.0
20.0,1625449482.0,64.0
16.03,1625449482.0,64.0
12.27,1625449482.0,64.0
8.4,1625449482.0,64.0
4.14,1625449482.0,64.0
-0.6,1625449482.0,64.0
-5.7,1625449482.0,64.0
-10.91,1625449482.0,64.0
-16.04,1625449482.0,64.0
-21.02,1625449482.0,64.0
-25.98,1625449482.0,64.0
-31.11,1625449482.0,64.0
-36.62,1625449482.0,64.0
-42.67,1625449482.0,64.0
-49.34,1625449482.0,64.0
-56.54,1625449482.0,64.0
-64.0,1625449482.0,64.0
-71.11,1625449482.0,64.0
-76.99,1625449482.0,64.0
-80.55,1625449482.0,64.0
-80.85,1625449482.0,64.0
-77.35,1625449482.0,64.0
-70.1,1625449482.0,64.0
-59.75,1625449482.0,64.0
-47.28,1625449482.0,64.0
-33.69,1625449482.0,64.0
-19.82,1625449482.0,64.0
-6.25,1625449482.0,64.0
6.52,1625449482.0,64.0
17.97,1625449482.0,64.0
27.52,1625449482.0,64.0
34.7,1625449482.0,64.0
39.38,1625449482.0,64.0
41.92,1625449482.0,64.0
43.12,1625449482.0,64.0
43.91,1625449482.0,64.0
45.02,1625449482.0,64.0
46.67,1625449482.0,64.0
48.59,1625449482.0,64.0
50.26,1625449482.0,64.0
51.15,1625449482.0,64.0
50.97,1625449482.0,64.0
49.71,1625449482.0,64.0
47.56,1625449482.0,64.0
44.72,1625449482.0,64.0
41.37,1625449482.0,64.0
37.66,1625449482.0,64.0
33.67,1625449482.0,64.0
29.54,1625449482.0,64.0
25.44,1625449482.0,64.0
21.5,1625449482.0,64.0
17.77,1625449482.0,64.0
14.2,1625449482.0,64.0
10.59,1625449482.0,64.0
6.73,1625449482.0,64.0
2.43,1625449482.0,64.0
-2.36,1625449482.0,64.0
-7.51,1625449482.0,64.0
-12.8,1625449482.0,64.0
-18.0,1625449482.0,64.0
-23.01,1625449482.0,64.0
-27.9,1625449482.0,64.0
-32.89,1625449482.0,64.0
-38.29,1625449482.0,64.0
-44.38,1625449482.0,64.0
-51.26,1625449482.0,64.0
-58.73,1625449482.0,64.0
-66.19,1625449482.0,64.0
-72.67,1625449482.0,64.0
-76.92,1625449482.0,64.0
-77.81,1625449482.0,64.0
-74.65,1625449482.0,64.0
-67.47,1625449482.0,64.0
-57.04,1625449482.0,64.0
-44.59,1625449482.0,64.0
-31.36,1625449482.0,64.0
-18.26,1625449482.0,64.0
-5.8,1625449482.0,64.0
5.81,1625449482.0,64.0
16.37,1625449482.0,64.0
25.52,1625449482.0,64.0
32.81,1625449482.0,64.0
37.94,1625449482.0,64.0
40.99,1625449482.0,64.0
42.46,1625449482.0,64.0
43.18,1625449482.0,64.0
43.89,1625449482.0,64.0
45.04,1625449482.0,64.0
46.61,1625449482.0,64.0
48.17,1625449482.0,64.0
49.15,1625449482.0,64.0
49.13,1625449482.0,64.0
47.94,1625449482.0,64.0
45.69,1625449482.0,64.0
42.67,1625449482.0,64.0
39.1,1625449482.0,64.0
35.13,1625449482.0,64.0
30.79,1625449482.0,64.0
26.14,1625449482.0,64.0
21.31,1625449482.0,64.0
16.53,1625449482.0,64.0
12.02,1625449482.0,64.0
7.89,1625449482.0,64.0
4.0,1625449482.0,64.0
0.07,1625449482.0,64.0
-4.29,1625449482.0,64.0
-9.29,1625449482.0,64.0
-14.94,1625449482.0,64.0
-21.02,1625449482.0,64.0
-27.26,1625449482.0,64.0
-33.44,1625449482.0,64.0
-39.54,1625449482.0,64.0
-45.73,1625449482.0,64.0
-52.24,1625449482.0,64.0
-59.27,1625449482.0,64.0
-66.82,1625449482.0,64.0
-74.52,1625449482.0,64.0
-81.63,1625449482.0,64.0
-87.13,1625449482.0,64.0
-89.93,1625449482.0,64.0
-89.17,1625449482.0,64.0
-84.49,1625449482.0,64.0
-76.13,1625449482.0,64.0
-64.79,1625449482.0,64.0
-51.45,1625449482.0,64.0
-37.01,1625449482.0,64.0
-22.2,1625449482.0,64.0
-7.52,1625449482.0,64.0
6.59,1625449482.0,64.0
19.62,1625449482.0,64.0
30.96,1625449482.0,64.0
40.01,1625449482.0,64.0
46.47,1625449482.0,64.0
50.49,1625449482.0,64.0
52.66,1625449482.0,64.0
53.81,1625449482.0,64.0
54.72,1625449482.0,64.0
55.77,1625449482.0,64.0
56.95,1625449482.0,64.0
57.89,1625449482.0,64.0
58.2,1625449482.0,64.0
57.61,1625449482.0,64.0
56.14,1625449482.0,64.0
53.92,1625449482.0,64.0
51.08,1625449482.0,64.0
47.66,1625449482.0,64.0
43.65,1625449482.0,64.0
39.05,1625449482.0,64.0
34.04,1625449482.0,64.0
28.89,1625449482.0,64.0
23.93,1625449482.0,64.0
19.34,1625449482.0,64.0
15.1,1625449482.0,64.0
11.0,1625449482.0,64.0
6.73,1625449482.0,64.0
2.08,1625449482.0,64.0
-3.09,1625449482.0,64.0
-8.69,1625449482.0,64.0
-14.57,1625449482.0,64.0
-20.58,1625449482.0,64.0
-26.58,1625449482.0,64.0
-32.55,1625449482.0,64.0
-38.58,1625449482.0,64.0
-44.84,1625449482.0,64.0
-51.59,1625449482.0,64.0
-58.97,1625449482.0,64.0
-66.86,1625449482.0,64.0
-74.7,1625449482.0,64.0
-81.46,1625449482.0,64.0
-85.88,1625449482.0,64.0
-86.77,1625449482.0,64.0
-83.49,1625449482.0,64.0
-76.1,1625449482.0,64.0
-65.37,1625449482.0,64.0
-52.48,1625449482.0,64.0
-38.52,1625449482.0,64.0
-24.28,1625449482.0,64.0
-10.18,1625449482.0,64.0
3.51,1625449482.0,64.0
16.43,1625449482.0,64.0
27.97,1625449482.0,64.0
37.45,1625449482.0,64.0
44.41,1625449482.0,64.0
48.86,1625449482.0,64.0
51.36,1625449482.0,64.0
52.74,1625449482.0,64.0
53.83,1625449482.0,64.0
55.08,1625449482.0,64.0
56.49,1625449482.0,64.0
57.71,1625449482.0,64.0
58.34,1625449482.0,64.0
58.12,1625449482.0,64.0
57.01,1625449482.0,64.0
55.13,1625449482.0,64.0
52.59,1625449482.0,64.0
49.46,1625449482.0,64.0
45.75,1625449482.0,64.0
41.45,1625449482.0,64.0
36.68,1625449482.0,64.0
31.67,1625449482.0,64.0
26.72,1625449482.0,64.0
22.08,1625449482.0,64.0
17.85,1625449482.0,64.0
13.92,1625449482.0,64.0
9.98,1625449482.0,64.0
5.69,1625449482.0,64.0
0.8,1625449482.0,64.0
-4.74,1625449482.0,64.0
-10.69,1625449482.0,64.0
-16.72,1625449482.0,64.0
-22.5,1625449482.0,64.0
-27.92,1625449482.0,64.0
-33.09,1625449482.0,64.0
-38.35,1625449482.0,64.0
-44.13,1625449482.0,64.0
-50.76,1625449482.0,64.0
-58.32,1625449482.0,64.0
-66.51,1625449482.0,64.0
-74.62,1625449482.0,64.0
-81.66,1625449482.0,64.0
-86.47,1625449482.0,64.0
-88.05,1625449482.0,64.0
-85.8,1625449482.0,64.0
-79.65,1625449482.0,64.0
-70.09,1625449482.0,64.0
-57.96,1625449482.0,64.0
-44.21,1625449482.0,64.0
-29.7,1625449482.0,64.0
-15.05,1625449482.0,64.0
-0.75,1625449482.0,64.0
12.77,1625449482.0,64.0
25.02,1625449482.0,64.0
35.45,1625449482.0,64.0
43.64,1625449482.0,64.0
49.4,1625449482.0,64.0
52.97,1625449482.0,64.0
54.92,1625449482.0,64.0
56.01,1625449482.0,64.0
56.87,1625449482.0,64.0
57.83,1625449482.0,64.0
58.81,1625449482.0,64.0
59.5,1625449482.0,64.0
59.56,1625449482.0,64.0
58.75,1625449482.0,64.0
57.07,1625449482.0,64.0
54.66,1625449482.0,64.0
51.64,1625449482.0,64.0
48.11,1625449482.0,64.0
44.09,1625449482.0,64.0
39.64,1625449482.0,64.0
34.85,1625449482.0,64.0
29.95,1625449482.0,64.0
25.14,1625449482.0,64.0
20.58,1625449482.0,64.0
16.27,1625449482.0,64.0
12.03,1625449482.0,64.0
7.63,1625449482.0,64.0
2.82,1625449482.0,64.0
-2.46,1625449482.0,64.0
-8.15,1625449482.0,64.0
-14.01,1625449482.0,64.0
-19.79,1625449482.0,64.0
-25.33,1625449482.0,64.0
-30.64,1625449482.0,64.0
-35.89,1625449482.0,64.0
-41.41,1625449482.0,64.0
-47.5,1625449482.0,64.0
-54.34,1625449482.0,64.0
-61.82,1625449482.0,64.0
-69.51,1625449482.0,64.0
-76.56,1625449482.0,64.0
-81.86,1625449482.0,64.0
-84.3,1625449482.0,64.0
-83.0,1625449482.0,64.0
-77.63,1625449482.0,64.0
-68.56,1625449482.0,64.0
-56.67,1625449482.0,64.0
-43.09,1625449482.0,64.0
-28.81,1625449482.0,64.0
-14.52,1625449482.0,64.0
-0.66,1625449482.0,64.0
12.44,1625449482.0,64.0
24.28,1625449482.0,64.0
34.24,1625449482.0,64.0
41.79,1625449482.0,64.0
46.73,1625449482.0,64.0
49.4,1625449482.0,64.0
50.6,1625449482.0,64.0
51.25,1625449482.0,64.0
52.05,1625449482.0,64.0
53.21,1625449482.0,64.0
54.51,1625449482.0,64.0
55.49,1625449482.0,64.0
55.74,1625449482.0,64.0
55.08,1625449482.0,64.0
53.57,1625449482.0,64.0
51.35,1625449482.0,64.0
48.58,1625449482.0,64.0
45.26,1625449482.0,64.0
41.38,1625449482.0,64.0
36.96,1625449482.0,64.0
32.17,1625449482.0,64.0
27.32,1625449482.0,64.0
22.73,1625449482.0,64.0
18.59,1625449482.0,64.0
14.86,1625449482.0,64.0
11.29,1625449482.0,64.0
7.52,1625449482.0,64.0
3.3,1625449482.0,64.0
-1.44,1625449482.0,64.0
-6.58,1625449482.0,64.0
-11.91,1625449482.0,64.0
-17.28,1625449482.0,64.0
-22.61,1625449482.0,64.0
-27.95,1625449482.0,64.0
-33.39,1625449482.0,64.0
-39.08,1625449482.0,64.0
-45.18,1625449482.0,64.0
-51.8,1625449482.0,64.0
-58.82,1625449482.0,64.0
-65.8,1625449482.0,64.0
-71.83,1625449482.0,64.0
-75.76,1625449482.0,64.0
-76.46,1625449482.0,64.0
-73.25,1625449482.0,64.0
-66.14,1625449482.0,64.0
-55.84,1625449482.0,64.0
-43.46,1625449482.0,64.0
-30.16,1625449482.0,64.0
-16.84,1625449482.0,64.0
-4.05,1625449482.0,64.0
7.84,1625449482.0,64.0
18.49,1625449482.0,64.0
27.45,1625449482.0,64.0
34.34,1625449482.0,64.0
39.04,1625449482.0,64.0
41.8,1625449482.0,64.0
43.27,1625449482.0,64.0
44.23,1625449482.0,64.0
45.28,1625449482.0,64.0
46.64,1625449482.0,64.0
48.13,1625449482.0,64.0
49.32,1625449482.0,64.0
49.79,1625449482.0,64.0
49.28,1625449482.0,64.0
47.78,1625449482.0,64.0
45.4,1625449482.0,64.0
42.34,1625449482.0,64.0
38.82,1625449482.0,64.0
35.07,1625449482.0,64.0
31.26,1625449482.0,64.0
27.55,1625449482.0,64.0
23.95,1625449482.0,64.0
20.35,1625449482.0,64.0
16.56,1625449482.0,64.0
12.41,1625449482.0,64.0
7.85,1625449482.0,64.0
3.01,1625449482.0,64.0
-1.9,1625449482.0,64.0
-6.69,1625449482.0,64.0
-11.28,1625449482.0,64.0
-15.78,1625449482.0,64.0
-20.42,1625449482.0,64.0
-25.46,1625449482.0,64.0
-31.09,1625449482.0,64.0
-37.35,1625449482.0,64.0
-44.2,1625449482.0,64.0
-51.44,1625449482.0,64.0
-58.76,1625449482.0,64.0
-65.65,1625449482.0,64.0
-71.36,1625449482.0,64.0
-74.98,1625449482.0,64.0
-75.63,1625449482.0,64.0
-72.71,1625449482.0,64.0
-66.13,1625449482.0,64.0
-56.39,1625449482.0,64.0
-44.42,1625449482.0,64.0
-31.27,1625449482.0,64.0
-17.85,1625449482.0,64.0
-4.83,1625449482.0,64.0
7.4,1625449482.0,64.0
18.42,1625449482.0,64.0
27.78,1625449482.0,64.0
34.98,1625449482.0,64.0
39.73,1625449482.0,64.0
42.16,1625449482.0,64.0
42.94,1625449482.0,64.0
43.07,1625449482.0,64.0
43.46,1625449482.0,64.0
44.63,1625449482.0,64.0
46.45,1625449482.0,64.0
48.32,1625449482.0,64.0
49.48,1625449482.0,64.0
49.34,1625449482.0,64.0
47.75,1625449482.0,64.0
44.89,1625449482.0,64.0
41.2,1625449482.0,64.0
37.1,1625449482.0,64.0
32.9,1625449482.0,64.0
28.73,1625449482.0,64.0
24.64,1625449482.0,64.0
20.57,1625449482.0,64.0
16.43,1625449482.0,64.0
12.11,1625449482.0,64.0
7.56,1625449482.0,64.0
2.77,1625449482.0,64.0
-2.23,1625449482.0,64.0
-7.38,1625449482.0,64.0
-12.66,1625449482.0,64.0
-18.04,1625449482.0,64.0
-23.54,1625449482.0,64.0
-29.16,1625449482.0,64.0
-34.94,1625449482.0,64.0
-40.93,1625449482.0,64.0
-47.22,1625449482.0,64.0
-53.97,1625449482.0,64.0
-61.17,1625449482.0,64.0
-68.57,1625449482.0,64.0
-75.5,1625449482.0,64.0
-80.85,1625449482.0,64.0
-83.41,1625449482.0,64.0
-82.23,1625449482.0,64.0
-76.94,1625449482.0,64.0
-67.97,1625449482.0,64.0
-56.28,1625449482.0,64.0
-43.04,1625449482.0,64.0
-29.18,1625449482.0,64.0
-15.26,1625449482.0,64.0
-1.54,1625449482.0,64.0
11.75,1625449482.0,64.0
24.13,1625449482.0,64.0
34.89,1625449482.0,64.0
43.34,1625449482.0,64.0
49.12,1625449482.0,64.0
52.39,1625449482.0,64.0
53.81,1625449482.0,64.0
54.28,1625449482.0,64.0
54.54,1625449482.0,64.0
54.96,1625449482.0,64.0
55.47,1625449482.0,64.0
55.73,1625449482.0,64.0
55.36,1625449482.0,64.0
54.1,1625449482.0,64.0
51.94,1625449482.0,64.0
49.04,1625449482.0,64.0
45.61,1625449482.0,64.0
41.82,1625449482.0,64.0
37.75,1625449482.0,64.0
33.42,1625449482.0,64.0
28.87,1625449482.0,64.0
24.16,1625449482.0,64.0
19.35,1625449482.0,64.0
14.51,1625449482.0,64.0
9.64,1625449482.0,64.0
4.71,1625449482.0,64.0
-0.37,1625449482.0,64.0
-5.58,1625449482.0,64.0
-10.92,1625449482.0,64.0
-16.29,1625449482.0,64.0
-21.67,1625449482.0,64.0
-27.1,1625449482.0,64.0
-32.69,1625449482.0,64.0
-38.64,1625449482.0,64.0
-45.11,1625449482.0,64.0
-52.2,1625449482.0,64.0
-59.85,1625449482.0,64.0
-67.77,1625449482.0,64.0
-75.35,1625449482.0,64.0
-81.66,1625449482.0,64.0
-85.61,1625449482.0,64.0
-86.17,1625449482.0,64.0
-82.69,1625449482.0,64.0
-75.17,1625449482.0,64.0
-64.29,1625449482.0,64.0
-51.18,1625449482.0,64.0
-37.03,1625449482.0,64.0
-22.72,1625449482.0,64.0
-8.72,1625449482.0,64.0
4.79,1625449482.0,64.0
17.62,1625449482.0,64.0
29.34,1625449482.0,64.0
39.31,1625449482.0,64.0
46.9,1625449482.0,64.0
51.86,1625449482.0,64.0
54.5,1625449482.0,64.0
55.6,1625449482.0,64.0
56.14,1625449482.0,64.0
56.8,1625449482.0,64.0
57.8,1625449482.0,64.0
58.85,1625449482.0,64.0
59.41,1625449482.0,64.0
59.05,1625449482.0,64.0
57.57,1625449482.0,64.0
55.08,1625449482.0,64.0
51.86,1625449482.0,64.0
48.18,1625449482.0,64.0
44.19,1625449482.0,64.0
39.96,1625449482.0,64.0
35.49,1625449482.0,64.0
30.83,1625449482.0,64.0
26.04,1625449482.0,64.0
21.22,1625449482.0,64.0
16.41,1625449482.0,64.0
11.6,1625449482.0,64.0
6.71,1625449482.0,64.0
1.64,1625449482.0,64.0
-3.69,1625449482.0,64.0
-9.3,1625449482.0,64.0
-15.14,1625449482.0,64.0
-21.12,1625449482.0,64.0
-27.14,1625449482.0,64.0
-33.18,1625449482.0,64.0
-39.32,1625449482.0,64.0
-45.74,1625449482.0,64.0
-52.66,1625449482.0,64.0
-60.2,1625449482.0,64.0
-68.19,1625449482.0,64.0
-76.07,1625449482.0,64.0
-82.84,1625449482.0,64.0
-87.3,1625449482.0,64.0
-88.31,1625449482.0,64.0
-85.23,1625449482.0,64.0
-78.1,1625449482.0,64.0
-67.66,1625449482.0,64.0
-54.98,1625449482.0,64.0
-41.14,1625449482.0,64.0
-26.86,1625449482.0,64.0
-12.48,1625449482.0,64.0
1.82,1625449482.0,64.0
15.71,1625449482.0,64.0
28.55,1625449482.0,64.0
39.47,1625449482.0,64.0
47.74,1625449482.0,64.0
53.13,1625449482.0,64.0
56.04,1625449482.0,64.0
57.33,1625449482.0,64.0
57.93,1625449482.0,64.0
58.52,1625449482.0,64.0
59.3,1625449482.0,64.0
60.08,1625449482.0,64.0
60.51,1625449482.0,64.0
60.29,1625449482.0,64.0
59.27,1625449482.0,64.0
57.44,1625449482.0,64.0
54.83,1625449482.0,64.0
51.44,1625449482.0,64.0
47.31,1625449482.0,64.0
42.52,1625449482.0,64.0
37.25,1625449482.0,64.0
31.77,1625449482.0,64.0
26.41,1625449482.0,64.0
21.41,1625449482.0,64.0
16.87,1625449482.0,64.0
12.68,1625449482.0,64.0
8.59,1625449482.0,64.0
4.33,1625449482.0,64.0
-0.27,1625449482.0,64.0
-5.25,1625449482.0,64.0
-10.51,1625449482.0,64.0
-15.91,1625449482.0,64.0
-21.41,1625449482.0,64.0
-27.03,1625449482.0,64.0
-32.89,1625449482.0,64.0
-39.15,1625449482.0,64.0
-45.89,1625449482.0,64.0
-53.13,1625449482.0,64.0
-60.74,1625449482.0,64.0
-68.4,1625449482.0,64.0
-75.5,1625449482.0,64.0
-81.17,1625449482.0,64.0
-84.39,1625449482.0,64.0
-84.27,1625449482.0,64.0
-80.36,1625449482.0,64.0
-72.75,1625449482.0,64.0
-62.12,1625449482.0,64.0
-49.38,1625449482.0,64.0
-35.49,1625449482.0,64.0
-21.12,1625449482.0,64.0
-6.74,1625449482.0,64.0
7.24,1625449482.0,64.0
20.3,1625449482.0,64.0
31.77,1625449482.0,64.0
40.99,1625449482.0,64.0
47.61,1625449482.0,64.0
51.73,1625449482.0,64.0
53.96,1625449482.0,64.0
55.11,1625449482.0,64.0
55.91,1625449482.0,64.0
56.77,1625449482.0,64.0
57.7,1625449482.0,64.0
58.4,1625449482.0,64.0
58.54,1625449482.0,64.0
57.89,1625449482.0,64.0
56.39,1625449482.0,64.0
54.15,1625449482.0,64.0
51.33,1625449482.0,64.0
48.06,1625449482.0,64.0
44.39,1625449482.0,64.0
40.35,1625449482.0,64.0
35.92,1625449482.0,64.0
31.19,1625449482.0,64.0
26.28,1625449482.0,64.0
21.37,1625449482.0,64.0
16.61,1625449482.0,64.0
12.03,1625449482.0,64.0
7.58,1625449482.0,64.0
3.1,1625449482.0,64.0
-1.55,1625449482.0,64.0
-6.47,1625449482.0,64.0
-11.67,1625449482.0,64.0
-17.09,1625449482.0,64.0
-22.65,1625449482.0,64.0
-28.27,1625449482.0,64.0
-33.95,1625449482.0,64.0
-39.75,1625449482.0,64.0
-45.82,1625449482.0,64.0
-52.38,1625449482.0,64.0
-59.54,1625449482.0,64.0
-67.2,1625449482.0,64.0
-74.88,1625449482.0,64.0
-81.67,1625449482.0,64.0
-86.37,1625449482.0,64.0
-87.84,1625449482.0,64.0
-85.3,1625449482.0,64.0
-78.64,1625449482.0,64.0
-68.43,1625449482.0,64.0
-55.7,1625449482.0,64.0
-41.55,1625449482.0,64.0
-26.91,1625449482.0,64.0
-12.36,1625449482.0,64.0
1.71,1625449482.0,64.0
14.91,1625449482.0,64.0
26.64,1625449482.0,64.0
36.26,1625449482.0,64.0
43.25,1625449482.0,64.0
47.61,1625449482.0,64.0
49.88,1625449482.0,64.0
51.01,1625449482.0,64.0
51.95,1625449482.0,64.0
53.25,1625449482.0,64.0
54.92,1625449482.0,64.0
56.55,1625449482.0,64.0
57.56,1625449482.0,64.0
57.58,1625449482.0,64.0
56.52,1625449482.0,64.0
54.56,1625449482.0,64.0
51.95,1625449482.0,64.0
48.86,1625449482.0,64.0
45.34,1625449482.0,64.0
41.38,1625449482.0,64.0
37.03,1625449482.0,64.0
32.41,1625449482.0,64.0
27.75,1625449482.0,64.0
23.27,1625449482.0,64.0
19.08,1625449482.0,64.0
15.12,1625449482.0,64.0
11.21,1625449482.0,64.0
7.08,1625449482.0,64.0
2.55,1625449482.0,64.0
-2.39,1625449482.0,64.0
-7.61,1625449482.0,64.0
-12.91,1625449482.0,64.0
-18.12,1625449482.0,64.0
-23.17,1625449482.0,64.0
-28.11,1625449482.0,64.0
-33.07,1625449482.0,64.0
-38.25,1625449482.0,64.0
-43.84,1625449482.0,64.0
-49.99,1625449482.0,64.0
-56.64,1625449482.0,64.0
-63.46,1625449482.0,64.0
-69.67,1625449482.0,64.0
-74.23,1625449482.0,64.0
-76.0,1625449482.0,64.0
-74.17,1625449482.0,64.0
-68.47,1625449482.0,64.0
-59.31,1625449482.0,64.0
-47.59,1625449482.0,64.0
-34.39,1625449482.0,64.0
-20.64,1625449482.0,64.0
-7.07,1625449482.0,64.0
5.77,1625449482.0,64.0
17.35,1625449482.0,64.0
27.08,1625449482.0,64.0
34.44,1625449482.0,64.0
39.2,1625449482.0,64.0
41.63,1625449482.0,64.0
42.49,1625449482.0,64.0
42.77,1625449482.0,64.0
43.34,1625449482.0,64.0
44.61,1625449482.0,64.0
46.42,1625449482.0,64.0
48.22,1625449482.0,64.0
49.32,1625449482.0,64.0
49.27,1625449482.0,64.0
47.95,1625449482.0,64.0
45.51,1625449482.0,64.0
42.23,1625449482.0,64.0
38.4,1625449482.0,64.0
34.24,1625449482.0,64.0
29.92,1625449482.0,64.0
25.59,1625449482.0,64.0
21.36,1625449482.0,64.0
17.28,1625449482.0,64.0
13.25,1625449482.0,64.0
9.1,1625449482.0,64.0
4.63,1625449482.0,64.0
-0.23,1625449482.0,64.0
-5.44,1625449482.0,64.0
-10.84,1625449482.0,64.0
-16.21,1625449482.0,64.0
-21.45,1625449482.0,64.0
-26.57,1625449482.0,64.0
-31.68,1625449482.0,64.0
-36.94,1625449482.0,64.0
-42.54,1625449482.0,64.0
-48.63,1625449482.0,64.0
-55.33,1625449482.0,64.0
-62.62,1625449482.0,64.0
-70.16,1625449482.0,64.0
-77.24,1625449482.0,64.0
-82.74,1625449482.0,64.0
-85.44,1625449482.0,64.0
-84.33,1625449482.0,64.0
-79.02,1625449482.0,64.0
-69.87,1625449482.0,64.0
-57.88,1625449482.0,64.0
-44.28,1625449482.0,64.0
-30.14,1625449482.0,64.0
-16.11,1625449482.0,64.0
-2.5,1625449482.0,64.0
10.47,1625449482.0,64.0
22.43,1625449482.0,64.0
32.79,1625449482.0,64.0
40.94,1625449482.0,64.0
46.53,1625449482.0,64.0
49.73,1625449482.0,64.0
51.23,1625449482.0,64.0
51.96,1625449482.0,64.0
52.72,1625449482.0,64.0
53.9,1625449482.0,64.0
55.33,1625449482.0,64.0
56.54,1625449482.0,64.0
56.97,1625449482.0,64.0
56.28,1625449482.0,64.0
54.45,1625449482.0,64.0
51.68,1625449482.0,64.0
48.24,1625449482.0,64.0
44.32,1625449482.0,64.0
40.01,1625449482.0,64.0
35.38,1625449482.0,64.0
30.51,1625449482.0,64.0
25.58,1625449482.0,64.0
20.78,1625449482.0,64.0
16.19,1625449482.0,64.0
11.77,1625449482.0,64.0
7.31,1625449482.0,64.0
2.58,1625449482.0,64.0
-2.57,1625449482.0,64.0
-8.12,1625449482.0,64.0
-13.92,1625449482.0,64.0
-19.75,1625449482.0,64.0
-25.44,1625449482.0,64.0
-30.97,1625449482.0,64.0
-36.47,1625449482.0,64.0
-42.19,1625449482.0,64.0
-48.43,1625449482.0,64.0
-55.41,1625449482.0,64.0
-63.14,1625449482.0,64.0
-71.32,1625449482.0,64.0
-79.23,1625449482.0,64.0
-85.84,1625449482.0,64.0
-89.94,1625449482.0,64.0
-90.49,1625449482.0,64.0
-86.94,1625449482.0,64.0
-79.39,1625449482.0,64.0
-68.55,1625449482.0,64.0
-55.47,1625449482.0,64.0
-41.17,1625449482.0,64.0
-26.41,1625449482.0,64.0
-11.66,1625449482.0,64.0
2.75,1625449482.0,64.0
16.38,1625449482.0,64.0
28.63,1625449482.0,64.0
38.84,1625449482.0,64.0
46.55,1625449482.0,64.0
51.71,1625449482.0,64.0
54.72,1625449482.0,64.0
56.31,1625449482.0,64.0
57.22,1625449482.0,64.0
57.97,1625449482.0,64.0
58.72,1625449482.0,64.0
59.35,1625449482.0,64.0
59.58,1625449482.0,64.0
59.15,1625449482.0,64.0
57.97,1625449482.0,64.0
56.03,1625449482.0,64.0
53.44,1625449482.0,64.0
50.26,1625449482.0,64.0
46.5,1625449482.0,64.0
42.17,1625449482.0,64.0
37.32,1625449482.0,64.0
32.14,1625449482.0,64.0
26.91,1625449482.0,64.0
21.92,1625449482.0,64.0
17.32,1625449482.0,64.0
13.04,1625449482.0,64.0
8.81,1625449482.0,64.0
4.29,1625449482.0,64.0
-0.78,1625449482.0,64.0
-6.42,1625449482.0,64.0
-12.46,1625449482.0,64.0
-18.61,1625449482.0,64.0
-24.64,1625449482.0,64.0
-30.45,1625449482.0,64.0
-36.12,1625449482.0,64.0
-41.88,1625449482.0,64.0
-48.04,1625449482.0,64.0
-54.89,1625449482.0,64.0
-62.53,1625449482.0,64.0
-70.77,1625449482.0,64.0
-78.93,1625449482.0,64.0
-85.93,1625449482.0,64.0
-90.44,1625449482.0,64.0
-91.29,1625449482.0,64.0
-87.89,1625449482.0,64.0
-80.39,1625449482.0,64.0
-69.63,1625449482.0,64.0
-56.77,1625449482.0,64.0
-42.86,1625449482.0,64.0
-28.57,1625449482.0,64.0
-14.2,1625449482.0,64.0
0.03,1625449482.0,64.0
13.7,1625449482.0,64.0
26.14,1625449482.0,64.0
36.51,1625449482.0,64.0
44.2,1625449482.0,64.0
49.11,1625449482.0,64.0
51.75,1625449482.0,64.0
53.06,1625449482.0,64.0
54.0,1625449482.0,64.0
55.17,1625449482.0,64.0
56.66,1625449482.0,64.0
58.08,1625449482.0,64.0
58.91,1625449482.0,64.0
58.78,1625449482.0,64.0
57.63,1625449482.0,64.0
55.64,1625449482.0,64.0
53.1,1625449482.0,64.0
50.14,1625449482.0,64.0
46.75,1625449482.0,64.0
42.82,1625449482.0,64.0
38.27,1625449482.0,64.0
33.24,1625449482.0,64.0
28.02,1625449482.0,64.0
22.95,1625449482.0,64.0
18.23,1625449482.0,64.0
13.88,1625449482.0,64.0
9.67,1625449482.0,64.0
5.31,1625449482.0,64.0
0.56,1625449482.0,64.0
-4.61,1625449482.0,64.0
-10.08,1625449482.0,64.0
-15.67,1625449482.0,64.0
-21.23,1625449482.0,64.0
-26.75,1625449482.0,64.0
-32.31,1625449482.0,64.0
-38.09,1625449482.0,64.0
-44.22,1625449482.0,64.0
-50.89,1625449482.0,64.0
-58.18,1625449482.0,64.0
-66.08,1625449482.0,64.0
-74.27,1625449482.0,64.0
-81.99,1625449482.0,64.0
-88.07,1625449482.0,64.0
-91.14,1625449482.0,64.0
-90.07,1625449482.0,64.0
-84.42,1625449482.0,64.0
-74.62,1625449482.0,64.0
-61.8,1625449482.0,64.0
-47.38,1625449482.0,64.0
-32.54,1625449482.0,64.0
-17.99,1625449482.0,64.0
-4.04,1625449482.0,64.0
9.07,1625449482.0,64.0
21.01,1625449482.0,64.0
31.23,1625449482.0,64.0
39.24,1625449482.0,64.0
44.89,1625449482.0,64.0
48.51,1625449482.0,64.0
50.82,1625449482.0,64.0
52.58,1625449482.0,64.0
54.3,1625449482.0,64.0
56.13,1625449482.0,64.0
57.84,1625449482.0,64.0
59.07,1625449482.0,64.0
59.5,1625449482.0,64.0
58.97,1625449482.0,64.0
57.51,1625449482.0,64.0
55.22,1625449482.0,64.0
52.26,1625449482.0,64.0
48.75,1625449482.0,64.0
44.81,1625449482.0,64.0
40.5,1625449482.0,64.0
35.92,1625449482.0,64.0
31.22,1625449482.0,64.0
26.54,1625449482.0,64.0
22.02,1625449482.0,64.0
17.7,1625449482.0,64.0
13.49,1625449482.0,64.0
9.2,1625449482.0,64.0
4.62,1625449482.0,64.0
-0.34,1625449482.0,64.0
-5.63,1625449482.0,64.0
-11.11,1625449482.0,64.0
-16.58,1625449482.0,64.0
-21.94,1625449482.0,64.0
-27.16,1625449482.0,64.0
-32.36,1625449482.0,64.0
-37.76,1625449482.0,64.0
-43.6,1625449482.0,64.0
-50.13,1625449482.0,64.0
-57.42,1625449482.0,64.0
-65.24,1625449482.0,64.0
-72.91,1625449482.0,64.0
-79.36,1625449482.0,64.0
-83.33,1625449482.0,64.0
-83.73,1625449482.0,64.0
-79.96,1625449482.0,64.0
-72.16,1625449482.0,64.0
-61.1,1625449482.0,64.0
-47.95,1625449482.0,64.0
-33.85,1625449482.0,64.0
-19.69,1625449482.0,64.0
-6.0,1625449482.0,64.0
6.84,1625449482.0,64.0
18.48,1625449482.0,64.0
28.45,1625449482.0,64.0
36.29,1625449482.0,64.0
41.75,1625449482.0,64.0
45.0,1625449482.0,64.0
46.62,1625449482.0,64.0
47.44,1625449482.0,64.0
48.21,1625449482.0,64.0
49.31,1625449482.0,64.0
50.7,1625449482.0,64.0
51.99,1625449482.0,64.0
52.69,1625449482.0,64.0
52.51,1625449482.0,64.0
51.35,1625449482.0,64.0
49.35,1625449482.0,64.0
46.71,1625449482.0,64.0
43.61,1625449482.0,64.0
40.17,1625449482.0,64.0
36.46,1625449482.0,64.0
32.57,1625449482.0,64.0
28.63,1625449482.0,64.0
24.75,1625449482.0,64.0
20.94,1625449482.0,64.0
17.13,1625449482.0,64.0
13.2,1625449482.0,64.0
8.97,1625449482.0,64.0
4.38,1625449482.0,64.0
-0.53,1625449482.0,64.0
-5.65,1625449482.0,64.0
-10.84,1625449482.0,64.0
-15.98,1625449482.0,64.0
-21.08,1625449482.0,64.0
-26.22,1625449482.0,64.0
-31.55,1625449482.0,64.0
-37.26,1625449482.0,64.0
-43.5,1625449482.0,64.0
-50.29,1625449482.0,64.0
-57.38,1625449482.0,64.0
-64.13,1625449482.0,64.0
-69.51,1625449482.0,64.0
-72.34,1625449482.0,64.0
-71.6,1625449482.0,64.0
-66.84,1625449482.0,64.0
-58.33,1625449482.0,64.0
-46.99,1625449482.0,64.0
-34.04,1625449482.0,64.0
-20.59,1625449482.0,64.0
-7.44,1625449482.0,64.0
4.91,1625449482.0,64.0
16.07,1625449482.0,64.0
25.61,1625449482.0,64.0
33.03,1625449482.0,64.0
38.03,1625449482.0,64.0
40.74,1625449482.0,64.0
41.78,1625449482.0,64.0
42.11,1625449482.0,64.0
42.65,1625449482.0,64.0
43.88,1625449482.0,64.0
45.73,1625449482.0,64.0
47.67,1625449482.0,64.0
49.04,1625449482.0,64.0
49.3,1625449482.0,64.0
48.26,1625449482.0,64.0
45.98,1625449482.0,64.0
42.73,1625449482.0,64.0
38.77,1625449482.0,64.0
34.38,1625449482.0,64.0
29.74,1625449482.0,64.0
25.02,1625449482.0,64.0
20.37,1625449482.0,64.0
15.89,1625449482.0,64.0
11.6,1625449482.0,64.0
7.44,1625449482.0,64.0
3.28,1625449482.0,64.0
-1.04,1625449482.0,64.0
-5.59,1625449482.0,64.0
-10.38,1625449482.0,64.0
-15.34,1625449482.0,64.0
-20.4,1625449482.0,64.0
-25.55,1625449482.0,64.0
-30.9,1625449482.0,64.0
-36.58,1625449482.0,64.0
-42.76,1625449482.0,64.0
-49.54,1625449482.0,64.0
-56.97,1625449482.0,64.0
-64.91,1625449482.0,64.0
-72.98,1625449482.0,64.0
-80.48,1625449482.0,64.0
-86.38,1625449482.0,64.0
-89.51,1625449482.0,64.0
-88.89,1625449482.0,64.0
-84.05,1625449482.0,64.0
-75.27,1625449482.0,64.0
-63.46,1625449482.0,64.0
-49.86,1625449482.0,64.0
-35.57,1625449482.0,64.0
-21.24,1625449482.0,64.0
-7.17,1625449482.0,64.0
6.51,1625449482.0,64.0
19.5,1625449482.0,64.0
31.18,1625449482.0,64.0
40.84,1625449482.0,64.0
47.96,1625449482.0,64.0
52.54,1625449482.0,64.0
55.12,1625449482.0,64.0
56.56,1625449482.0,64.0
57.66,1625449482.0,64.0
58.84,1625449482.0,64.0
60.08,1625449482.0,64.0
61.03,1625449482.0,64.0
61.3,1625449482.0,64.0
60.64,1625449482.0,64.0
59.05,1625449482.0,64.0
56.65,1625449482.0,64.0
53.6,1625449482.0,64.0
49.99,1625449482.0,64.0
45.83,1625449482.0,64.0
41.12,1625449482.0,64.0
35.94,1625449482.0,64.0
30.52,1625449482.0,64.0
25.13,1625449482.0,64.0
20.01,1625449482.0,64.0
15.24,1625449482.0,64.0
10.68,1625449482.0,64.0
6.07,1625449482.0,64.0
1.15,1625449482.0,64.0
-4.21,1625449482.0,64.0
-9.92,1625449482.0,64.0
-15.78,1625449482.0,64.0
-21.57,1625449482.0,64.0
-27.22,1625449482.0,64.0
-32.88,1625449482.0,64.0
-38.78,1625449482.0,64.0
-45.23,1625449482.0,64.0
-52.39,1625449482.0,64.0
-60.26,1625449482.0,64.0
-68.52,1625449482.0,64.0
-76.58,1625449482.0,64.0
-83.49,1625449482.0,64.0
-88.13,1625449482.0,64.0
-89.45,1625449482.0,64.0
-86.72,1625449482.0,64.0
-79.87,1625449482.0,64.0
-69.46,1625449482.0,64.0
-56.53,1625449482.0,64.0
-42.22,1625449482.0,64.0
-27.45,1625449482.0,64.0
-12.79,1625449482.0,64.0
1.45,1625449482.0,64.0
14.97,1625449482.0,64.0
27.31,1625449482.0,64.0
37.85,1625449482.0,64.0
46.01,1625449482.0,64.0
51.58,1625449482.0,64.0
54.83,1625449482.0,64.0
56.48,1625449482.0,64.0
57.36,1625449482.0,64.0
58.12,1625449482.0,64.0
58.99,1625449482.0,64.0
59.82,1625449482.0,64.0
60.23,1625449482.0,64.0
59.93,1625449482.0,64.0
58.77,1625449482.0,64.0
56.83,1625449482.0,64.0
54.25,1625449482.0,64.0
51.08,1625449482.0,64.0
47.33,1625449482.0,64.0
42.95,1625449482.0,64.0
38.0,1625449482.0,64.0
32.69,1625449482.0,64.0
27.35,1625449482.0,64.0
22.3,1625449482.0,64.0
17.72,1625449482.0,64.0
13.51,1625449482.0,64.0
9.4,1625449482.0,64.0
5.02,1625449482.0,64.0
0.14,1625449482.0,64.0
-5.26,1625449482.0,64.0
-10.96,1625449482.0,64.0
-16.67,1625449482.0,64.0
-22.16,1625449482.0,64.0
-27.44,1625449482.0,64.0
-32.73,1625449482.0,64.0
-38.36,1625449482.0,64.0
-44.62,1625449482.0,64.0
-51.65,1625449482.0,64.0
-59.4,1625449482.0,64.0
-67.55,1625449482.0,64.0
-75.56,1625449482.0,64.0
-82.6,1625449482.0,64.0
-87.66,1625449482.0,64.0
-89.71,1625449482.0,64.0
-87.97,1625449482.0,64.0
-82.22,1625449482.0,64.0
-72.86,1625449482.0,64.0
-60.83,1625449482.0,64.0
-47.21,1625449482.0,64.0
-32.93,1625449482.0,64.0
-18.51,1625449482.0,64.0
-4.25,1625449482.0,64.0
9.57,1625449482.0,64.0
22.4,1625449482.0,64.0
33.48,1625449482.0,64.0
42.09,1625449482.0,64.0
47.89,1625449482.0,64.0
51.17,1625449482.0,64.0
52.77,1625449482.0,64.0
53.72,1625449482.0,64.0
54.78,1625449482.0,64.0
56.19,1625449482.0,64.0
57.66,1625449482.0,64.0
58.65,1625449482.0,64.0
58.74,1625449482.0,64.0
57.79,1625449482.0,64.0
55.98,1625449482.0,64.0
53.58,1625449482.0,64.0
50.77,1625449482.0,64.0
47.57,1625449482.0,64.0
43.85,1625449482.0,64.0
39.53,1625449482.0,64.0
34.67,1625449482.0,64.0
29.5,1625449482.0,64.0
24.33,1625449482.0,64.0
19.4,1625449482.0,64.0
14.83,1625449482.0,64.0
10.57,1625449482.0,64.0
6.42,1625449482.0,64.0
2.13,1625449482.0,64.0
-2.52,1625449482.0,64.0
-7.62,1625449482.0,64.0
-13.13,1625449482.0,64.0
-18.87,1625449482.0,64.0
-24.65,1625449482.0,64.0
-30.32,1625449482.0,64.0
-35.94,1625449482.0,64.0
-41.72,1625449482.0,64.0
-47.93,1625449482.0,64.0
-54.8,1625449482.0,64.0
-62.28,1625449482.0,64.0
-70.0,1625449482.0,64.0
-77.23,1625449482.0,64.0
-82.94,1625449482.0,64.0
-86.06,1625449482.0,64.0
-85.74,1625449482.0,64.0
-81.58,1625449482.0,64.0
-73.75,1625449482.0,64.0
-62.91,1625449482.0,64.0
-49.99,1625449482.0,64.0
-35.93,1625449482.0,64.0
-21.45,1625449482.0,64.0
-7.1,1625449482.0,64.0
6.67,1625449482.0,64.0
19.33,1625449482.0,64.0
30.28,1625449482.0,64.0
38.97,1625449482.0,64.0
45.16,1625449482.0,64.0
49.09,1625449482.0,64.0
51.4,1625449482.0,64.0
52.94,1625449482.0,64.0
54.39,1625449482.0,64.0
56.05,1625449482.0,64.0
57.79,1625449482.0,64.0
59.22,1625449482.0,64.0
59.94,1625449482.0,64.0
59.71,1625449482.0,64.0
58.55,1625449482.0,64.0
56.59,1625449482.0,64.0
53.98,1625449482.0,64.0
50.73,1625449482.0,64.0
46.83,1625449482.0,64.0
42.3,1625449482.0,64.0
37.3,1625449482.0,64.0
32.11,1625449482.0,64.0
27.08,1625449482.0,64.0
22.48,1625449482.0,64.0
18.35,1625449482.0,64.0
14.5,1625449482.0,64.0
10.61,1625449482.0,64.0
6.38,1625449482.0,64.0
1.65,1625449482.0,64.0
-3.55,1625449482.0,64.0
-9.06,1625449482.0,64.0
-14.68,1625449482.0,64.0
-20.31,1625449482.0,64.0
-25.95,1625449482.0,64.0
-31.67,1625449482.0,64.0
-37.57,1625449482.0,64.0
-43.77,1625449482.0,64.0
-50.41,1625449482.0,64.0
-57.53,1625449482.0,64.0
-65.05,1625449482.0,64.0
-72.52,1625449482.0,64.0
-79.07,1625449482.0,64.0
-83.53,1625449482.0,64.0
-84.69,1625449482.0,64.0
-81.79,1625449482.0,64.0
-74.73,1625449482.0,64.0
-64.23,1625449482.0,64.0
-51.48,1625449482.0,64.0
-37.72,1625449482.0,64.0
-23.89,1625449482.0,64.0
-10.52,1625449482.0,64.0
2.1,1625449482.0,64.0
13.71,1625449482.0,64.0
23.87,1625449482.0,64.0
32.09,1625449482.0,64.0
38.03,1625449482.0,64.0
41.77,1625449482.0,64.0
43.84,1625449482.0,64.0
45.01,1625449482.0,64.0
46.03,1625449482.0,64.0
47.26,1625449482.0,64.0
48.63,1625449482.0,64.0
49.73,1625449482.0,64.0
50.12,1625449482.0,64.0
49.54,1625449482.0,64.0
48.05,1625449482.0,64.0
45.86,1625449482.0,64.0
43.22,1625449482.0,64.0
40.29,1625449482.0,64.0
37.06,1625449482.0,64.0
33.47,1625449482.0,64.0
29.5,1625449482.0,64.0
25.19,1625449482.0,64.0
20.7,1625449482.0,64.0
16.18,1625449482.0,64.0
11.73,1625449482.0,64.0
7.36,1625449482.0,64.0
3.01,1625449482.0,64.0
-1.44,1625449482.0,64.0
-6.09,1625449482.0,64.0
-11.01,1625449482.0,64.0
-16.2,1625449482.0,64.0
-21.59,1625449482.0,64.0
-27.09,1625449482.0,64.0
-32.64,1625449482.0,64.0
-38.3,1625449482.0,64.0
-44.25,1625449482.0,64.0
-50.67,1625449482.0,64.0
-57.48,1625449482.0,64.0
-64.2,1625449482.0,64.0
-69.86,1625449482.0,64.0
-73.26,1625449482.0,64.0
-73.32,1625449482.0,64.0
-69.47,1625449482.0,64.0
-61.83,1625449482.0,64.0
-51.16,1625449482.0,64.0
-38.55,1625449482.0,64.0
-25.02,1625449482.0,64.0
-11.43,1625449482.0,64.0
1.62,1625449482.0,64.0
13.6,1625449482.0,64.0
23.94,1625449482.0,64.0
32.1,1625449482.0,64.0
37.72,1625449482.0,64.0
40.88,1625449482.0,64.0
42.11,1625449482.0,64.0
42.31,1625449482.0,64.0
42.43,1625449482.0,64.0
43.09,1625449482.0,64.0
44.4,1625449482.0,64.0
45.97,1625449482.0,64.0
47.17,1625449482.0,64.0
47.39,1625449482.0,64.0
46.29,1625449482.0,64.0
43.86,1625449482.0,64.0
40.38,1625449482.0,64.0
36.24,1625449482.0,64.0
31.84,1625449482.0,64.0
27.41,1625449482.0,64.0
23.06,1625449482.0,64.0
18.77,1625449482.0,64.0
14.39,1625449482.0,64.0
9.81,1625449482.0,64.0
4.94,1625449482.0,64.0
-0.19,1625449482.0,64.0
-5.48,1625449482.0,64.0
-10.79,1625449482.0,64.0
-16.03,1625449482.0,64.0
-21.19,1625449482.0,64.0
-26.36,1625449482.0,64.0
-31.75,1625449482.0,64.0
-37.54,1625449482.0,64.0
-43.93,1625449482.0,64.0
-51.01,1625449482.0,64.0
-58.74,1625449482.0,64.0
-66.81,1625449482.0,64.0
-74.6,1625449482.0,64.0
-81.14,1625449482.0,64.0
-85.28,1625449482.0,64.0
-85.98,1625449482.0,64.0
-82.59,1625449482.0,64.0
-75.14,1625449482.0,64.0
-64.33,1625449482.0,64.0
-51.23,1625449482.0,64.0
-36.92,1625449482.0,64.0
-22.24,1625449482.0,64.0
-7.7,1625449482.0,64.0
6.38,1625449482.0,64.0
19.58,1625449482.0,64.0
31.32,1625449482.0,64.0
40.93,1625449482.0,64.0
47.93,1625449482.0,64.0
52.34,1625449482.0,64.0
54.71,1625449482.0,64.0
55.92,1625449482.0,64.0
56.86,1625449482.0,64.0
58.02,1625449482.0,64.0
59.41,1625449482.0,64.0
60.63,1625449482.0,64.0
61.12,1625449482.0,64.0
60.48,1625449482.0,64.0
58.59,1625449482.0,64.0
55.62,1625449482.0,64.0
51.88,1625449482.0,64.0
47.69,1625449482.0,64.0
43.26,1625449482.0,64.0
38.67,1625449482.0,64.0
33.89,1625449482.0,64.0
28.86,1625449482.0,64.0
23.54,1625449482.0,64.0
17.95,1625449482.0,64.0
12.21,1625449482.0,64.0
6.44,1625449482.0,64.0
0.78,1625449482.0,64.0
-4.73,1625449482.0,64.0
-10.13,1625449482.0,64.0
-15.57,1625449482.0,64.0
-21.21,1625449482.0,64.0
-27.2,1625449482.0,64.0
-33.65,1625449482.0,64.0
-40.62,1625449482.0,64.0
-48.13,1625449482.0,64.0
-56.08,1625449482.0,64.0
-64.15,1625449482.0,64.0
-71.67,1625449482.0,64.0
-77.63,1625449482.0,64.0
-80.91,1625449482.0,64.0
-80.56,1625449482.0,64.0
-76.15,1625449482.0,64.0
-67.95,1625449482.0,64.0
-56.78,1625449482.0,64.0
-43.68,1625449482.0,64.0
-29.56,1625449482.0,64.0
-15.02,1625449482.0,64.0
-0.43,1625449482.0,64.0
13.82,1625449482.0,64.0
27.15,1625449482.0,64.0
38.77,1625449482.0,64.0
47.92,1625449482.0,64.0
54.2,1625449482.0,64.0
57.79,1625449482.0,64.0
59.36,1625449482.0,64.0
59.84,1625449482.0,64.0
59.99,1625449482.0,64.0
60.16,1625449482.0,64.0
60.34,1625449482.0,64.0
60.19,1625449482.0,64.0
59.42,1625449482.0,64.0
57.8,1625449482.0,64.0
55.32,1625449482.0,64.0
52.12,1625449482.0,64.0
48.33,1625449482.0,64.0
44.1,1625449482.0,64.0
39.55,1625449482.0,64.0
34.75,1625449482.0,64.0
29.78,1625449482.0,64.0
24.73,1625449482.0,64.0
19.59,1625449482.0,64.0
14.39,1625449482.0,64.0
9.09,1625449482.0,64.0
3.69,1625449482.0,64.0
-1.74,1625449482.0,64.0
-7.16,1625449482.0,64.0
-12.51,1625449482.0,64.0
-17.83,1625449482.0,64.0
-23.25,1625449482.0,64.0
-28.93,1625449482.0,64.0
-35.05,1625449482.0,64.0
-41.73,1625449482.0,64.0
-49.0,1625449482.0,64.0
-56.72,1625449482.0,64.0
-64.53,1625449482.0,64.0
-71.8,1625449482.0,64.0
-77.62,1625449482.0,64.0
-80.95,1625449482.0,64.0
-80.84,1625449482.0,64.0
-76.79,1625449482.0,64.0
-68.88,1625449482.0,64.0
-57.81,1625449482.0,64.0
-44.59,1625449482.0,64.0
-30.22,1625449482.0,64.0
-15.5,1625449482.0,64.0
-0.95,1625449482.0,64.0
12.99,1625449482.0,64.0
25.79,1625449482.0,64.0
36.79,1625449482.0,64.0
45.37,1625449482.0,64.0
51.21,1625449482.0,64.0
54.52,1625449482.0,64.0
55.96,1625449482.0,64.0
56.41,1625449482.0,64.0
56.63,1625449482.0,64.0
57.03,1625449482.0,64.0
57.57,1625449482.0,64.0
57.92,1625449482.0,64.0
57.66,1625449482.0,64.0
56.48,1625449482.0,64.0
54.29,1625449482.0,64.0
51.19,1625449482.0,64.0
47.42,1625449482.0,64.0
43.22,1625449482.0,64.0
38.81,1625449482.0,64.0
34.28,1625449482.0,64.0
29.65,1625449482.0,64.0
24.89,1625449482.0,64.0
20.0,1625449482.0,64.0
15.0,1625449482.0,64.0
9.96,1625449482.0,64.0
4.89,1625449482.0,64.0
-0.22,1625449482.0,64.0
-5.39,1625449482.0,64.0
-10.68,1625449482.0,64.0
-16.09,1625449482.0,64.0
-21.59,1625449482.0,64.0
-27.18,1625449482.0,64.0
-32.93,1625449482.0,64.0
-38.99,1625449482.0,64.0
-45.59,1625449482.0,64.0
-52.88,1625449482.0,64.0
-60.81,1625449482.0,64.0
-69.02,1625449482.0,64.0
-76.76,1625449482.0,64.0
-82.97,1625449482.0,64.0
-86.49,1625449482.0,64.0
-86.38,1625449482.0,64.0
-82.15,1625449482.0,64.0
-73.93,1625449482.0,64.0
-62.44,1625449482.0,64.0
-48.73,1625449482.0,64.0
-33.9,1625449482.0,64.0
-18.78,1625449482.0,64.0
-4.0,1625449482.0,64.0
10.01,1625449482.0,64.0
22.79,1625449482.0,64.0
33.76,1625449482.0,64.0
42.39,1625449482.0,64.0
48.37,1625449482.0,64.0
51.83,1625449482.0,64.0
53.38,1625449482.0,64.0
53.93,1625449482.0,64.0
54.32,1625449482.0,64.0
55.02,1625449482.0,64.0
56.02,1625449482.0,64.0
56.89,1625449482.0,64.0
57.08,1625449482.0,64.0
56.19,1625449482.0,64.0
54.11,1625449482.0,64.0
51.06,1625449482.0,64.0
47.43,1625449482.0,64.0
43.53,1625449482.0,64.0
39.55,1625449482.0,64.0
35.52,1625449482.0,64.0
31.33,1625449482.0,64.0
26.91,1625449482.0,64.0
22.23,1625449482.0,64.0
17.39,1625449482.0,64.0
12.51,1625449482.0,64.0
7.66,1625449482.0,64.0
2.88,1625449482.0,64.0
-1.89,1625449482.0,64.0
-6.73,1625449482.0,64.0
-11.69,1625449482.0,64.0
-16.78,1625449482.0,64.0
-22.01,1625449482.0,64.0
-27.38,1625449482.0,64.0
-32.94,1625449482.0,64.0
-38.78,1625449482.0,64.0
-45.05,1625449482.0,64.0
-51.84,1625449482.0,64.0
-59.04,1625449482.0,64.0
-66.24,1625449482.0,64.0
-72.61,1625449482.0,64.0
-77.02,1625449482.0,64.0
-78.31,1625449482.0,64.0
-75.67,1625449482.0,64.0
-68.95,1625449482.0,64.0
-58.75,1625449482.0,64.0
-46.18,1625449482.0,64.0
-32.5,1625449482.0,64.0
-18.71,1625449482.0,64.0
-5.42,1625449482.0,64.0
7.03,1625449482.0,64.0
18.3,1625449482.0,64.0
27.87,1625449482.0,64.0
35.17,1625449482.0,64.0
39.82,1625449482.0,64.0
41.96,1625449482.0,64.0
42.32,1625449482.0,64.0
41.96,1625449482.0,64.0
41.87,1625449482.0,64.0
42.59,1625449482.0,64.0
44.03,1625449482.0,64.0
45.6,1625449482.0,64.0
46.54,1625449482.0,64.0
46.33,1625449482.0,64.0
44.77,1625449482.0,64.0
42.07,1625449482.0,64.0
38.61,1625449482.0,64.0
34.76,1625449482.0,64.0
30.74,1625449482.0,64.0
26.61,1625449482.0,64.0
22.33,1625449482.0,64.0
17.85,1625449482.0,64.0
13.21,1625449482.0,64.0
8.53,1625449482.0,64.0
3.93,1625449482.0,64.0
-0.51,1625449482.0,64.0
-4.83,1625449482.0,64.0
-9.16,1625449482.0,64.0
-13.67,1625449482.0,64.0
-18.49,1625449482.0,64.0
-23.67,1625449482.0,64.0
-29.17,1625449482.0,64.0
-34.96,1625449482.0,64.0
-41.03,1625449482.0,64.0
-47.45,1625449482.0,64.0
-54.28,1625449482.0,64.0
-61.36,1625449482.0,64.0
-68.21,1625449482.0,64.0
-73.9,1625449482.0,64.0
-77.31,1625449482.0,64.0
-77.39,1625449482.0,64.0
-73.59,1625449482.0,64.0
-66.04,1625449482.0,64.0
-55.46,1625449482.0,64.0
-42.91,1625449482.0,64.0
-29.38,1625449482.0,64.0
-15.66,1625449482.0,64.0
-2.27,1625449482.0,64.0
10.32,1625449482.0,64.0
21.5,1625449482.0,64.0
30.59,1625449482.0,64.0
37.08,1625449482.0,64.0
40.86,1625449482.0,64.0
42.42,1625449482.0,64.0
42.69,1625449482.0,64.0
42.71,1625449482.0,64.0
43.22,1625449482.0,64.0
44.43,1625449482.0,64.0
46.0,1625449482.0,64.0
47.3,1625449482.0,64.0
47.67,1625449482.0,64.0
46.73,1625449482.0,64.0
44.47,1625449482.0,64.0
41.15,1625449482.0,64.0
37.2,1625449482.0,64.0
32.97,1625449482.0,64.0
28.68,1625449482.0,64.0
24.29,1625449482.0,64.0
19.67,1625449482.0,64.0
14.67,1625449482.0,64.0
9.27,1625449482.0,64.0
3.67,1625449482.0,64.0
-1.86,1625449482.0,64.0
-7.04,1625449482.0,64.0
-11.77,1625449482.0,64.0
-16.22,1625449482.0,64.0
-20.77,1625449482.0,64.0
-25.81,1625449482.0,64.0
-31.59,1625449482.0,64.0
-38.15,1625449482.0,64.0
-45.31,1625449482.0,64.0
-52.88,1625449482.0,64.0
-60.64,1625449482.0,64.0
-68.38,1625449482.0,64.0
-75.68,1625449482.0,64.0
-81.8,1625449482.0,64.0
-85.73,1625449482.0,64.0
-86.43,1625449482.0,64.0
-83.2,1625449482.0,64.0
-75.97,1625449482.0,64.0
-65.34,1625449482.0,64.0
-52.34,1625449482.0,64.0
-38.08,1625449482.0,64.0
-23.37,1625449482.0,64.0
-8.72,1625449482.0,64.0
5.55,1625449482.0,64.0
19.05,1625449482.0,64.0
31.13,1625449482.0,64.0
41.06,1625449482.0,64.0
48.26,1625449482.0,64.0
52.62,1625449482.0,64.0
54.67,1625449482.0,64.0
55.3,1625449482.0,64.0
55.53,1625449482.0,64.0
56.02,1625449482.0,64.0
56.91,1625449482.0,64.0
57.84,1625449482.0,64.0
58.21,1625449482.0,64.0
57.52,1625449482.0,64.0
55.58,1625449482.0,64.0
52.56,1625449482.0,64.0
48.83,1625449482.0,64.0
44.77,1625449482.0,64.0
40.6,1625449482.0,64.0
36.29,1625449482.0,64.0
31.69,1625449482.0,64.0
26.6,1625449482.0,64.0
20.95,1625449482.0,64.0
14.82,1625449482.0,64.0
8.46,1625449482.0,64.0
2.16,1625449482.0,64.0
-3.85,1625449482.0,64.0
-9.46,1625449482.0,64.0
-14.79,1625449482.0,64.0
-20.04,1625449482.0,64.0
-25.5,1625449482.0,64.0
-31.34,1625449482.0,64.0
-37.64,1625449482.0,64.0
-44.43,1625449482.0,64.0
-51.72,1625449482.0,64.0
-59.48,1625449482.0,64.0
-67.57,1625449482.0,64.0
-75.55,1625449482.0,64.0
-82.54,1625449482.0,64.0
-87.35,1625449482.0,64.0
-88.79,1625449482.0,64.0
-86.04,1625449482.0,64.0
-79.04,1625449482.0,64.0
-68.42,1625449482.0,64.0
-55.35,1625449482.0,64.0
-41.01,1625449482.0,64.0
-26.24,1625449482.0,64.0
-11.51,1625449482.0,64.0
2.99,1625449482.0,64.0
16.94,1625449482.0,64.0
29.75,1625449482.0,64.0
40.65,1625449482.0,64.0
48.95,1625449482.0,64.0
54.4,1625449482.0,64.0
57.35,1625449482.0,64.0
58.63,1625449482.0,64.0
59.19,1625449482.0,64.0
59.69,1625449482.0,64.0
60.32,1625449482.0,64.0
60.85,1625449482.0,64.0
60.84,1625449482.0,64.0
59.93,1625449482.0,64.0
57.99,1625449482.0,64.0
55.13,1625449482.0,64.0
51.53,1625449482.0,64.0
47.43,1625449482.0,64.0
43.01,1625449482.0,64.0
38.41,1625449482.0,64.0
33.74,1625449482.0,64.0
28.99,1625449482.0,64.0
24.11,1625449482.0,64.0
18.99,1625449482.0,64.0
13.59,1625449482.0,64.0
7.99,1625449482.0,64.0
2.37,1625449482.0,64.0
-3.1,1625449482.0,64.0
-8.33,1625449482.0,64.0
-13.45,1625449482.0,64.0
-18.68,1625449482.0,64.0
-24.29,1625449482.0,64.0
-30.4,1625449482.0,64.0
-37.05,1625449482.0,64.0
-44.2,1625449482.0,64.0
-51.86,1625449482.0,64.0
-59.98,1625449482.0,64.0
-68.39,1625449482.0,64.0
-76.54,1625449482.0,64.0
-83.51,1625449482.0,64.0
-88.08,1625449482.0,64.0
-89.13,1625449482.0,64.0
-85.99,1625449482.0,64.0
-78.68,1625449482.0,64.0
-67.91,1625449482.0,64.0
-54.75,1625449482.0,64.0
-40.25,1625449482.0,64.0
-25.17,1625449482.0,64.0
-9.98,1625449482.0,64.0
4.97,1625449482.0,64.0
19.14,1625449482.0,64.0
31.76,1625449482.0,64.0
41.98,1625449482.0,64.0
49.22,1625449482.0,64.0
53.49,1625449482.0,64.0
55.45,1625449482.0,64.0
56.18,1625449482.0,64.0
56.72,1625449482.0,64.0
57.66,1625449482.0,64.0
58.98,1625449482.0,64.0
60.18,1625449482.0,64.0
60.64,1625449482.0,64.0
59.93,1625449482.0,64.0
57.99,1625449482.0,64.0
55.04,1625449482.0,64.0
51.35,1625449482.0,64.0
47.12,1625449482.0,64.0
42.36,1625449482.0,64.0
37.08,1625449482.0,64.0
31.37,1625449482.0,64.0
25.5,1625449482.0,64.0
19.79,1625449482.0,64.0
14.52,1625449482.0,64.0
9.71,1625449482.0,64.0
5.19,1625449482.0,64.0
0.58,1625449482.0,64.0
-4.39,1625449482.0,64.0
-9.85,1625449482.0,64.0
-15.73,1625449482.0,64.0
-21.82,1625449482.0,64.0
-27.96,1625449482.0,64.0
-34.07,1625449482.0,64.0
-40.21,1625449482.0,64.0
-46.52,1625449482.0,64.0
-53.21,1625449482.0,64.0
-60.45,1625449482.0,64.0
-68.32,1625449482.0,64.0
-76.74,1625449482.0,64.0
-85.29,1625449482.0,64.0
-93.2,1625449482.0,64.0
-99.41,1625449482.0,64.0
-102.73,1625449482.0,64.0
-102.29,1625449482.0,64.0
-97.75,1625449482.0,64.0
-89.45,1625449482.0,64.0
-78.3,1625449482.0,64.0
-65.38,1625449482.0,64.0
-51.66,1625449482.0,64.0
-37.77,1625449482.0,64.0
-24.17,1625449482.0,64.0
-11.28,1625449482.0,64.0
0.2,1625449482.0,64.0
9.45,1625449482.0,64.0
15.73,1625449482.0,64.0
18.79,1625449482.0,64.0
19.04,1625449482.0,64.0
17.52,1625449482.0,64.0
15.41,1625449482.0,64.0
13.61,1625449482.0,64.0
12.46,1625449482.0,64.0
11.69,1625449482.0,64.0
10.81,1625449482.0,64.0
9.39,1625449482.0,64.0
7.31,1625449482.0,64.0
4.74,1625449482.0,64.0
1.93,1625449482.0,64.0
-0.98,1625449482.0,64.0
-4.02,1625449482.0,64.0
-7.31,1625449482.0,64.0
-10.82,1625449482.0,64.0
-14.23,1625449482.0,64.0
-16.93,1625449482.0,64.0
-18.17,1625449482.0,64.0
-17.43,1625449482.0,64.0
-14.53,1625449482.0,64.0
-9.78,1625449482.0,64.0
-3.77,1625449482.0,64.0
2.78,1625449482.0,64.0
9.27,1625449482.0,64.0
15.29,1625449482.0,64.0
20.59,1625449482.0,64.0
24.99,1625449482.0,64.0
28.36,1625449482.0,64.0
30.58,1625449482.0,64.0
31.54,1625449482.0,64.0
31.24,1625449482.0,64.0
29.84,1625449482.0,64.0
27.73,1625449482.0,64.0
25.61,1625449482.0,64.0
24.45,1625449482.0,64.0
25.38,1625449482.0,64.0
29.4,1625449482.0,64.0
37.08,1625449482.0,64.0
48.29,1625449482.0,64.0
62.25,1625449482.0,64.0
77.73,1625449482.0,64.0
93.43,1625449482.0,64.0
108.26,1625449482.0,64.0
121.5,1625449482.0,64.0
132.79,1625449482.0,64.0
142.1,1625449482.0,64.0
149.66,1625449482.0,64.0
156.01,1625449482.0,64.0
161.85,1625449482.0,64.0
167.8,1625449482.0,64.0
174.1,1625449482.0,64.0
180.36,1625449482.0,64.0
185.77,1625449482.0,64.0
189.6,1625449482.0,64.0
191.74,1625449482.0,64.0
193.04,1625449482.0,64.0
195.18,1625449482.0,64.0
199.89,1625449482.0,64.0
208.08,1625449482.0,64.0
219.22,1625449482.0,64.0
231.37,1625449482.0,64.0
241.92,1625449482.0,64.0
248.58,1625449482.0,64.0
250.02,1625449482.0,64.0
246.02,1625449482.0,64.0
237.12,1625449482.0,64.0
224.32,1625449482.0,64.0
208.82,1625449482.0,64.0
192.06,1625449482.0,64.0
175.6,1625449482.0,64.0
160.79,1625449482.0,64.0
148.23,1625449482.0,64.0
137.38,1625449482.0,64.0
126.61,1625449482.0,64.0
113.83,1625449482.0,64.0
97.43,1625449482.0,64.0
77.06,1625449482.0,64.0
53.73,1625449482.0,64.0
29.33,1625449482.0,64.0
5.82,1625449482.0,64.0
-15.47,1625449482.0,64.0
-34.02,1625449482.0,64.0
-49.84,1625449482.0,64.0
-63.13,1625449482.0,64.0
-74.03,1625449482.0,64.0
-82.68,1625449482.0,64.0
-89.31,1625449482.0,64.0
-94.43,1625449482.0,64.0
-98.74,1625449482.0,64.0
-103.06,1625449482.0,64.0
-107.96,1625449482.0,64.0
-113.62,1625449482.0,64.0
-119.78,1625449482.0,64.0
-125.9,1625449482.0,64.0
-131.41,1625449482.0,64.0
-135.95,1625449482.0,64.0
-139.49,1625449482.0,64.0
-142.17,1625449482.0,64.0
-144.11,1625449482.0,64.0
-145.24,1625449482.0,64.0
-145.23,1625449482.0,64.0
-143.63,1625449482.0,64.0
-140.03,1625449482.0,64.0
-134.25,1625449482.0,64.0
-126.29,1625449482.0,64.0
-116.22,1625449482.0,64.0
-104.03,1625449482.0,64.0
-89.35,1625449482.0,64.0
-71.62,1625449482.0,64.0
-50.23,1625449482.0,64.0
-24.85,1625449482.0,64.0
4.4,1625449482.0,64.0
36.83,1625449482.0,64.0
71.17,1625449482.0,64.0
105.55,1625449482.0,64.0
137.62,1625449482.0,64.0
164.83,1625449482.0,64.0
184.98,1625449482.0,64.0
196.89,1625449482.0,64.0
200.84,1625449482.0,64.0
198.61,1625449482.0,64.0
192.9,1625449482.0,64.0
186.42,1625449482.0,64.0
181.05,1625449482.0,64.0
177.36,1625449482.0,64.0
174.72,1625449482.0,64.0
171.88,1625449482.0,64.0
167.61,1625449482.0,64.0
161.15,1625449482.0,64.0
152.29,1625449482.0,64.0
141.34,1625449482.0,64.0
128.83,1625449482.0,64.0
115.39,1625449482.0,64.0
101.53,1625449482.0,64.0
87.57,1625449482.0,64.0
73.45,1625449482.0,64.0
58.82,1625449482.0,64.0
43.22,1625449482.0,64.0
26.28,1625449482.0,64.0
8.07,1625449482.0,64.0
-10.8,1625449482.0,64.0
-29.31,1625449482.0,64.0
-46.5,1625449482.0,64.0
-61.96,1625449482.0,64.0
-76.18,1625449482.0,64.0
-90.47,1625449482.0,64.0
-106.43,1625449482.0,64.0
-125.22,1625449482.0,64.0
-146.91,1625449482.0,64.0
-170.47,1625449482.0,64.0
-194.08,1625449482.0,64.0
-216.0,1625449482.0,64.0
-235.29,1625449482.0,64.0
-252.2,1625449482.0,64.0
-268.1,1625449482.0,64.0
-285.21,1625449482.0,64.0
-306.06,1625449482.0,64.0
-332.83,1625449482.0,64.0
-366.51,1625449482.0,64.0
-405.41,1625449482.0,64.0
-444.51,1625449482.0,64.0
-476.1,1625449482.0,64.0
-491.98,1625449482.0,64.0
-486.52,1625449482.0,64.0
-458.95,1625449482.0,64.0
-413.93,1625449482.0,64.0
-359.69,1625449482.0,64.0
-305.16,1625449482.0,64.0
-256.7,1625449482.0,64.0
-216.51,1625449482.0,64.0
-182.86,1625449482.0,64.0
-151.49,1625449482.0,64.0
-117.56,1625449482.0,64.0
-77.22,1625449482.0,64.0
-28.7,1625449482.0,64.0
27.18,1625449482.0,64.0
86.15,1625449482.0,64.0
141.94,1625449482.0,64.0
187.6,1625449482.0,64.0
217.5,1625449482.0,64.0
228.99,1625449482.0,64.0
222.75,1625449482.0,64.0
202.39,1625449482.0,64.0
173.19,1625449482.0,64.0
140.68,1625449482.0,64.0
107.6,1625449482.0,64.0
75.32,1625449482.0,64.0
44.02,1625449482.0,64.0
13.55,1625449482.0,64.0
-16.06,1625449482.0,64.0
-44.67,1625449482.0,64.0
-72.23,1625449482.0,64.0
-98.82,1625449482.0,64.0
-124.42,1625449482.0,64.0
-152.59,1625449482.0,64.0
-185.81,1625449482.0,64.0
-224.8,1625449482.0,64.0
-267.59,1625449482.0,64.0
-310.13,1625449482.0,64.0
-348.43,1625449482.0,64.0
-380.21,1625449482.0,64.0
-405.19,1625449482.0,64.0
-423.97,1625449482.0,64.0
-442.93,1625449482.0,64.0
-466.5,1625449482.0,64.0
-497.27,1625449482.0,64.0
-535.0,1625449482.0,64.0
-577.81,1625449482.0,64.0
-624.48,1625449482.0,64.0
-675.42,1625449482.0,64.0
-731.15,1625449482.0,64.0
-789.87,1625449482.0,64.0
-854.25,1625449482.0,64.0
-923.03,1625449482.0,64.0
-993.63,1625449482.0,64.0
-1061.91,1625449482.0,64.0
-1123.93,1625449482.0,64.0
-1177.95,1625449482.0,64.0
-1224.58,1625449482.0,64.0
-1265.18,1625449482.0,64.0
-1249.14,1625449482.0,64.0
-1140.02,1625449482.0,64.0
-921.27,1625449482.0,64.0
-610.72,1625449482.0,64.0
-254.43,1625449482.0,64.0
93.91,1625449482.0,64.0
393.54,1625449482.0,64.0
625.31,1625449482.0,64.0
789.65,1625449482.0,64.0
899.74,1625449482.0,64.0
961.02,1625449482.0,64.0
988.41,1625449482.0,64.0
991.99,1625449482.0,64.0
978.88,1625449482.0,64.0
954.85,1625449482.0,64.0
924.22,1625449482.0,64.0
889.74,1625449482.0,64.0
852.22,1625449482.0,64.0
812.2,1625449482.0,64.0
766.08,1625449482.0,64.0
712.86,1625449482.0,64.0
651.65,1625449482.0,64.0
583.67,1625449482.0,64.0
512.91,1625449482.0,64.0
445.03,1625449482.0,64.0
385.83,1625449482.0,64.0
339.86,1625449482.0,64.0
309.13,1625449482.0,64.0
289.61,1625449482.0,64.0
275.64,1625449482.0,64.0
260.29,1625449482.0,64.0
239.03,1625449482.0,64.0
211.64,1625449482.0,64.0
181.03,1625449482.0,64.0
151.31,1625449482.0,64.0
126.08,1625449482.0,64.0
107.61,1625449482.0,64.0
94.67,1625449482.0,64.0
84.95,1625449482.0,64.0
75.31,1625449482.0,64.0
62.64,1625449482.0,64.0
46.53,1625449482.0,64.0
28.34,1625449482.0,64.0
10.22,1625449482.0,64.0
-5.96,1625449482.0,64.0
-18.99,1625449482.0,64.0
-29.2,1625449482.0,64.0
-37.66,1625449482.0,64.0
-46.08,1625449482.0,64.0
-55.78,1625449482.0,64.0
-67.06,1625449482.0,64.0
-79.44,1625449482.0,64.0
-92.08,1625449482.0,64.0
-104.0,1625449482.0,64.0
-114.28,1625449482.0,64.0
-122.14,1625449482.0,64.0
-127.13,1625449482.0,64.0
-129.3,1625449482.0,64.0
-129.08,1625449482.0,64.0
-126.94,1625449482.0,64.0
-123.44,1625449482.0,64.0
-119.08,1625449482.0,64.0
-114.05,1625449482.0,64.0
-108.12,1625449482.0,64.0
-100.76,1625449482.0,64.0
-91.41,1625449482.0,64.0
-79.82,1625449482.0,64.0
-66.28,1625449482.0,64.0
-51.46,1625449482.0,64.0
-36.36,1625449482.0,64.0
-21.95,1625449482.0,64.0
-8.67,1625449482.0,64.0
3.82,1625449482.0,64.0
16.51,1625449482.0,64.0
30.58,1625449482.0,64.0
46.98,1625449482.0,64.0
65.92,1625449482.0,64.0
86.87,1625449482.0,64.0
108.77,1625449482.0,64.0
130.4,1625449482.0,64.0
150.96,1625449482.0,64.0
170.49,1625449482.0,64.0
189.66,1625449482.0,64.0
209.83,1625449482.0,64.0
233.06,1625449482.0,64.0
261.87,1625449482.0,64.0
298.48,1625449482.0,64.0
343.32,1625449482.0,64.0
393.49,1625449482.0,64.0
442.43,1625449482.0,64.0
481.64,1625449482.0,64.0
502.87,1625449482.0,64.0
501.12,1625449482.0,64.0
476.49,1625449482.0,64.0
433.79,1625449482.0,64.0
380.26,1625449482.0,64.0
323.0,1625449482.0,64.0
267.0,1625449482.0,64.0
215.56,1625449482.0,64.0
171.93,1625449482.0,64.0
138.44,1625449482.0,64.0
116.08,1625449482.0,64.0
103.75,1625449482.0,64.0
98.14,1625449482.0,64.0
94.91,1625449482.0,64.0
90.77,1625449482.0,64.0
84.59,1625449482.0,64.0
78.64,1625449482.0,64.0
78.23,1625449482.0,64.0
87.35,1625449482.0,64.0
106.94,1625449482.0,64.0
134.57,1625449482.0,64.0
165.77,1625449482.0,64.0
196.15,1625449482.0,64.0
223.3,1625449482.0,64.0
246.26,1625449482.0,64.0
266.39,1625449482.0,64.0
287.11,1625449482.0,64.0
309.87,1625449482.0,64.0
333.96,1625449482.0,64.0
357.35,1625449482.0,64.0
377.97,1625449482.0,64.0
394.62,1625449482.0,64.0
407.6,1625449482.0,64.0
416.71,1625449482.0,64.0
407.09,1625449482.0,64.0
368.07,1625449482.0,64.0
294.05,1625449482.0,64.0
188.68,1625449482.0,64.0
64.59,1625449482.0,64.0
-62.42,1625449482.0,64.0
-180.67,1625449482.0,64.0
-278.2,1625449482.0,64.0
-359.38,1625449482.0,64.0
-428.86,1625449482.0,64.0
-484.98,1625449482.0,64.0
-522.94,1625449482.0,64.0
-537.96,1625449482.0,64.0
-528.81,1625449482.0,64.0
-497.89,1625449482.0,64.0
-453.21,1625449482.0,64.0
-406.23,1625449482.0,64.0
-368.66,1625449482.0,64.0
-345.82,1625449482.0,64.0
-334.95,1625449482.0,64.0
-329.91,1625449482.0,64.0
-324.84,1625449482.0,64.0
-316.89,1625449482.0,64.0
-306.67,1625449482.0,64.0
-296.74,1625449482.0,64.0
-288.87,1625449482.0,64.0
-283.64,1625449482.0,64.0
-278.83,1625449482.0,64.0
-271.01,1625449482.0,64.0
-258.34,1625449482.0,64.0
-241.12,1625449482.0,64.0
-221.14,1625449482.0,64.0
-200.59,1625449482.0,64.0
-181.38,1625449482.0,64.0
-164.06,1625449482.0,64.0
-148.35,1625449482.0,64.0
-132.55,1625449482.0,64.0
-114.74,1625449482.0,64.0
-94.41,1625449482.0,64.0
-72.54,1625449482.0,64.0
-50.71,1625449482.0,64.0
-30.52,1625449482.0,64.0
-13.0,1625449482.0,64.0
2.04,1625449482.0,64.0
15.69,1625449482.0,64.0
29.96,1625449482.0,64.0
47.0,1625449482.0,64.0
68.45,1625449482.0,64.0
93.06,1625449482.0,64.0
119.88,1625449482.0,64.0
147.79,1625449482.0,64.0
175.27,1625449482.0,64.0
200.49,1625449482.0,64.0
221.41,1625449482.0,64.0
236.39,1625449482.0,64.0
244.5,1625449482.0,64.0
245.64,1625449482.0,64.0
240.43,1625449482.0,64.0
230.05,1625449482.0,64.0
215.22,1625449482.0,64.0
196.01,1625449482.0,64.0
172.05,1625449482.0,64.0
143.22,1625449482.0,64.0
110.12,1625449482.0,64.0
74.28,1625449482.0,64.0
37.64,1625449482.0,64.0
1.98,1625449482.0,64.0
-31.36,1625449482.0,64.0
-61.73,1625449482.0,64.0
-88.56,1625449482.0,64.0
-110.92,1625449482.0,64.0
-127.45,1625449482.0,64.0
-136.72,1625449482.0,64.0
-138.0,1625449482.0,64.0
-131.94,1625449482.0,64.0
-120.79,1625449482.0,64.0
-107.64,1625449482.0,64.0
-95.69,1625449482.0,64.0
-86.95,1625449482.0,64.0
-82.07,1625449482.0,64.0
-80.38,1625449482.0,64.0
-80.49,1625449482.0,64.0
-80.85,1625449482.0,64.0
-80.14,1625449482.0,64.0
-77.46,1625449482.0,64.0
-72.16,1625449482.0,64.0
-64.03,1625449482.0,64.0
-52.6,1625449482.0,64.0
-37.78,1625449482.0,64.0
-19.95,1625449482.0,64.0
0.13,1625449482.0,64.0
21.29,1625449482.0,64.0
42.16,1625449482.0,64.0
61.47,1625449482.0,64.0
78.29,1625449482.0,64.0
92.25,1625449482.0,64.0
104.34,1625449482.0,64.0
116.04,1625449482.0,64.0
128.82,1625449482.0,64.0
143.64,1625449482.0,64.0
160.61,1625449482.0,64.0
179.09,1625449482.0,64.0
198.14,1625449482.0,64.0
217.11,1625449482.0,64.0
231.14,1625449482.0,64.0
236.65,1625449482.0,64.0
231.17,1625449482.0,64.0
213.86,1625449482.0,64.0
185.9,1625449482.0,64.0
150.15,1625449482.0,64.0
110.24,1625449482.0,64.0
69.77,1625449482.0,64.0
31.61,1625449482.0,64.0
-2.44,1625449482.0,64.0
-31.0,1625449482.0,64.0
-53.64,1625449482.0,64.0
-70.65,1625449482.0,64.0
-82.67,1625449482.0,64.0
-90.52,1625449482.0,64.0
-95.05,1625449482.0,64.0
-97.15,1625449482.0,64.0
-97.82,1625449482.0,64.0
-98.02,1625449482.0,64.0
-97.94,1625449482.0,64.0
-97.3,1625449482.0,64.0
-95.29,1625449482.0,64.0
-91.01,1625449482.0,64.0
-83.82,1625449482.0,64.0
-73.91,1625449482.0,64.0
-62.28,1625449482.0,64.0
-50.55,1625449482.0,64.0
-40.34,1625449482.0,64.0
-32.51,1625449482.0,64.0
-27.2,1625449482.0,64.0
-23.98,1625449482.0,64.0
-22.26,1625449482.0,64.0
-21.57,1625449482.0,64.0
-21.77,1625449482.0,64.0
-22.79,1625449482.0,64.0
-24.31,1625449482.0,64.0
-25.64,1625449482.0,64.0
-25.69,1625449482.0,64.0
-23.73,1625449482.0,64.0
-19.81,1625449482.0,64.0
-14.91,1625449482.0,64.0
-10.54,1625449482.0,64.0
-8.03,1625449482.0,64.0
-7.84,1625449482.0,64.0
-9.4,1625449482.0,64.0
-11.55,1625449482.0,64.0
-13.17,1625449482.0,64.0
-13.78,1625449482.0,64.0
-13.67,1625449482.0,64.0
-13.38,1625449482.0,64.0
-13.25,1625449482.0,64.0
-13.12,1625449482.0,64.0
-12.48,1625449482.0,64.0
-10.92,1625449482.0,64.0
-8.53,1625449482.0,64.0
-6.08,1625449482.0,64.0
-4.5,1625449482.0,64.0
-4.81,1625449482.0,64.0
-7.35,1625449482.0,64.0
-11.73,1625449482.0,64.0
-17.03,1625449482.0,64.0
-22.15,1625449482.0,64.0
-26.16,1625449482.0,64.0
-28.48,1625449482.0,64.0
-28.94,1625449482.0,64.0
-27.59,1625449482.0,64.0
-24.67,1625449482.0,64.0
-20.49,1625449482.0,64.0
-15.47,1625449482.0,64.0
-10.12,1625449482.0,64.0
-5.02,1625449482.0,64.0
-0.65,1625449482.0,64.0
2.65,1625449482.0,64.0
4.68,1625449482.0,64.0
5.37,1625449482.0,64.0
4.73,1625449482.0,64.0
2.92,1625449482.0,64.0
0.27,1625449482.0,64.0
-2.62,1625449482.0,64.0
-5.05,1625449482.0,64.0
-6.34,1625449482.0,64.0
-6.2,1625449482.0,64.0
-4.93,1625449482.0,64.0
-3.31,1625449482.0,64.0
-2.3,1625449482.0,64.0
-2.53,1625449482.0,64.0
-4.01,1625449482.0,64.0
-6.11,1625449482.0,64.0
-7.87,1625449482.0,64.0
-8.42,1625449482.0,64.0
-7.46,1625449482.0,64.0
-5.48,1625449482.0,64.0
-3.49,1625449482.0,64.0
-2.57,1625449482.0,64.0
-3.13,1625449482.0,64.0
-4.84,1625449482.0,64.0
-6.62,1625449482.0,64.0
-7.25,1625449482.0,64.0
-5.91,1625449482.0,64.0
-2.64,1625449482.0,64.0
1.51,1625449482.0,64.0
4.97,1625449482.0,64.0
6.48,1625449482.0,64.0
5.77,1625449482.0,64.0
3.58,1625449482.0,64.0
1.28,1625449482.0,64.0
0.12,1625449482.0,64.0
1.02,1625449482.0,64.0
4.43,1625449482.0,64.0
10.31,1625449482.0,64.0
18.22,1625449482.0,64.0
27.37,1625449482.0,64.0
36.81,1625449482.0,64.0
44.58,1625449482.0,64.0
48.09,1625449482.0,64.0
44.23,1625449482.0,64.0
31.55,1625449482.0,64.0
12.03,1625449482.0,64.0
-9.52,1625449482.0,64.0
-27.96,1625449482.0,64.0
-40.2,1625449482.0,64.0
-45.53,1625449482.0,64.0
-44.71,1625449482.0,64.0
-38.74,1625449482.0,64.0
-28.91,1625449482.0,64.0
-16.82,1625449482.0,64.0
-4.71,1625449482.0,64.0
4.61,1625449482.0,64.0
8.8,1625449482.0,64.0
6.95,1625449482.0,64.0
0.02,1625449482.0,64.0
-10.08,1625449482.0,64.0
-19.48,1625449482.0,64.0
-24.56,1625449482.0,64.0
-22.5,1625449482.0,64.0
-12.11,1625449482.0,64.0
5.42,1625449482.0,64.0
26.47,1625449482.0,64.0
45.98,1625449482.0,64.0
59.82,1625449482.0,64.0
67.02,1625449482.0,64.0
70.85,1625449482.0,64.0
77.39,1625449482.0,64.0
92.69,1625449482.0,64.0
119.24,1625449482.0,64.0
154.04,1625449482.0,64.0
189.64,1625449482.0,64.0
216.57,1625449482.0,64.0
227.39,1625449482.0,64.0
220.77,1625449482.0,64.0
202.84,1625449482.0,64.0
184.65,1625449482.0,64.0
177.5,1625449482.0,64.0
188.03,1625449482.0,64.0
215.53,1625449482.0,64.0
252.6,1625449482.0,64.0
288.5,1625449482.0,64.0
313.72,1625449482.0,64.0
323.26,1625449482.0,64.0
317.17,1625449482.0,64.0
298.86,1625449482.0,64.0
272.61,1625449482.0,64.0
241.61,1625449482.0,64.0
207.55,1625449482.0,64.0
171.3,1625449482.0,64.0
134.1,1625449482.0,64.0
98.25,1625449482.0,64.0
66.78,1625449482.0,64.0
42.17,1625449482.0,64.0
25.02,1625449482.0,64.0
13.52,1625449482.0,64.0
4.14,1625449482.0,64.0
-6.97,1625449482.0,64.0
-22.36,1625449482.0,64.0
-42.39,1625449482.0,64.0
-65.17,1625449482.0,64.0
-87.64,1625449482.0,64.0
-106.97,1625449482.0,64.0
-121.8,1625449482.0,64.0
-132.75,1625449482.0,64.0
-141.86,1625449482.0,64.0
-151.74,1625449482.0,64.0
-164.57,1625449482.0,64.0
-181.54,1625449482.0,64.0
-202.71,1625449482.0,64.0
-227.03,1625449482.0,64.0
-252.57,1625449482.0,64.0
-276.63,1625449482.0,64.0
-296.09,1625449482.0,64.0
-308.01,1625449482.0,64.0
-310.48,1625449482.0,64.0
-303.29,1625449482.0,64.0
-288.26,1625449482.0,64.0
-268.58,1625449482.0,64.0
-247.69,1625449482.0,64.0
-228.07,1625449482.0,64.0
-210.58,1625449482.0,64.0
-194.64,1625449482.0,64.0
-179.07,1625449482.0,64.0
-163.12,1625449482.0,64.0
-147.03,1625449482.0,64.0
-132.1,1625449482.0,64.0
-120.29,1625449482.0,64.0
-113.77,1625449482.0,64.0
-114.49,1625449482.0,64.0
-123.88,1625449482.0,64.0
-142.53,1625449482.0,64.0
-169.76,1625449482.0,64.0
-203.46,1625449482.0,64.0
-240.19,1625449482.0,64.0
-275.93,1625449482.0,64.0
-307.26,1625449482.0,64.0
-332.29,1625449482.0,64.0
-351.03,1625449482.0,64.0
-364.79,1625449482.0,64.0
-375.0,1625449482.0,64.0
-382.0,1625449482.0,64.0
-384.64,1625449482.0,64.0
-380.68,1625449482.0,64.0
-368.21,1625449482.0,64.0
-346.98,1625449482.0,64.0
-319.02,1625449482.0,64.0
-288.02,1625449482.0,64.0
-257.9,1625449482.0,64.0
-231.41,1625449482.0,64.0
-209.45,1625449482.0,64.0
-191.22,1625449482.0,64.0
-174.9,1625449482.0,64.0
-158.7,1625449482.0,64.0
-141.53,1625449482.0,64.0
-122.82,1625449482.0,64.0
-101.93,1625449482.0,64.0
-77.78,1625449482.0,64.0
-49.24,1625449482.0,64.0
-15.78,1625449482.0,64.0
21.95,1625449482.0,64.0
62.52,1625449482.0,64.0
103.88,1625449482.0,64.0
143.66,1625449482.0,64.0
180.13,1625449482.0,64.0
212.74,1625449482.0,64.0
242.24,1625449482.0,64.0
270.0,1625449482.0,64.0
297.42,1625449482.0,64.0
325.32,1625449482.0,64.0
354.27,1625449482.0,64.0
383.66,1625449482.0,64.0
410.57,1625449482.0,64.0
430.14,1625449482.0,64.0
436.9,1625449482.0,64.0
426.4,1625449482.0,64.0
396.32,1625449482.0,64.0
347.3,1625449482.0,64.0
283.56,1625449482.0,64.0
213.44,1625449482.0,64.0
147.65,1625449482.0,64.0
95.98,1625449482.0,64.0
64.97,1625449482.0,64.0
56.65,1625449482.0,64.0
68.63,1625449482.0,64.0
94.85,1625449482.0,64.0
126.98,1625449482.0,64.0
152.25,1625449482.0,64.0
160.78,1625449482.0,64.0
152.5,1625449482.0,64.0
134.57,1625449482.0,64.0
114.22,1625449482.0,64.0
94.85,1625449482.0,64.0
77.18,1625449482.0,64.0
61.36,1625449482.0,64.0
47.8,1625449482.0,64.0
37.52,1625449482.0,64.0
32.09,1625449482.0,64.0
33.56,1625449482.0,64.0
40.78,1625449482.0,64.0
50.82,1625449482.0,64.0
60.76,1625449482.0,64.0
69.38,1625449482.0,64.0
77.31,1625449482.0,64.0
84.53,1625449482.0,64.0
90.01,1625449482.0,64.0
92.01,1625449482.0,64.0
88.8,1625449482.0,64.0
78.5,1625449482.0,64.0
59.5,1625449482.0,64.0
29.27,1625449482.0,64.0
-10.11,1625449482.0,64.0
-53.01,1625449482.0,64.0
-94.43,1625449482.0,64.0
-131.22,1625449482.0,64.0
-162.45,1625449482.0,64.0
-188.43,1625449482.0,64.0
-207.05,1625449482.0,64.0
-217.45,1625449482.0,64.0
-221.57,1625449482.0,64.0
-230.04,1625449482.0,64.0
-245.92,1625449482.0,64.0
-268.77,1625449482.0,64.0
-291.45,1625449482.0,64.0
-306.59,1625449482.0,64.0
-306.64,1625449482.0,64.0
-286.92,1625449482.0,64.0
-248.22,1625449482.0,64.0
-196.86,1625449482.0,64.0
-141.81,1625449482.0,64.0
-88.85,1625449482.0,64.0
-42.3,1625449482.0,64.0
-4.07,1625449482.0,64.0
25.78,1625449482.0,64.0
49.2,1625449482.0,64.0
68.84,1625449482.0,64.0
86.79,1625449482.0,64.0
104.38,1625449482.0,64.0
122.63,1625449482.0,64.0
145.44,1625449482.0,64.0
173.56,1625449482.0,64.0
203.81,1625449482.0,64.0
230.4,1625449482.0,64.0
249.04,1625449482.0,64.0
259.05,1625449482.0,64.0
263.49,1625449482.0,64.0
267.46,1625449482.0,64.0
276.57,1625449482.0,64.0
299.44,1625449482.0,64.0
339.75,1625449482.0,64.0
394.2,1625449482.0,64.0
453.23,1625449482.0,64.0
504.94,1625449482.0,64.0
538.79,1625449482.0,64.0
548.34,1625449482.0,64.0
531.76,1625449482.0,64.0
470.59,1625449482.0,64.0
365.69,1625449482.0,64.0
236.69,1625449482.0,64.0
112.09,1625449482.0,64.0
12.25,1625449482.0,64.0
-57.81,1625449482.0,64.0
-103.36,1625449482.0,64.0
-131.88,1625449482.0,64.0
-150.67,1625449482.0,64.0
-166.04,1625449482.0,64.0
-177.76,1625449482.0,64.0
-185.63,1625449482.0,64.0
-191.09,1625449482.0,64.0
-196.62,1625449482.0,64.0
-204.21,1625449482.0,64.0
-215.3,1625449482.0,64.0
-226.83,1625449482.0,64.0
-233.32,1625449482.0,64.0
-231.86,1625449482.0,64.0
-219.39,1625449482.0,64.0
-196.9,1625449482.0,64.0
-168.59,1625449482.0,64.0
-139.36,1625449482.0,64.0
-112.8,1625449482.0,64.0
-93.96,1625449482.0,64.0
-82.42,1625449482.0,64.0
-78.94,1625449482.0,64.0
-85.24,1625449482.0,64.0
-100.81,1625449482.0,64.0
-125.73,1625449482.0,64.0
-161.45,1625449482.0,64.0
-205.91,1625449482.0,64.0
-249.9,1625449482.0,64.0
-281.55,1625449482.0,64.0
-288.76,1625449482.0,64.0
-266.45,1625449482.0,64.0
-218.73,1625449482.0,64.0
-155.2,1625449482.0,64.0
-88.58,1625449482.0,64.0
-30.16,1625449482.0,64.0
13.67,1625449482.0,64.0
42.15,1625449482.0,64.0
58.18,1625449482.0,64.0
66.16,1625449482.0,64.0
68.48,1625449482.0,64.0
65.52,1625449482.0,64.0
58.4,1625449482.0,64.0
48.99,1625449482.0,64.0
40.52,1625449482.0,64.0
36.69,1625449482.0,64.0
39.68,1625449482.0,64.0
48.61,1625449482.0,64.0
60.42,1625449482.0,64.0
71.38,1625449482.0,64.0
78.03,1625449482.0,64.0
80.44,1625449482.0,64.0
80.91,1625449482.0,64.0
83.05,1625449482.0,64.0
90.35,1625449482.0,64.0
104.8,1625449482.0,64.0
126.17,1625449482.0,64.0
152.4,1625449482.0,64.0
179.54,1625449482.0,64.0
199.02,1625449482.0,64.0
205.34,1625449482.0,64.0
194.59,1625449482.0,64.0
166.36,1625449482.0,64.0
124.93,1625449482.0,64.0
78.48,1625449482.0,64.0
36.22,1625449482.0,64.0
5.1,1625449482.0,64.0
-12.72,1625449482.0,64.0
-19.95,1625449482.0,64.0
-20.91,1625449482.0,64.0
-19.75,1625449482.0,64.0
-18.24,1625449482.0,64.0
-15.79,1625449482.0,64.0
-11.19,1625449482.0,64.0
-4.47,1625449482.0,64.0
2.39,1625449482.0,64.0
6.38,1625449482.0,64.0
4.5,1625449482.0,64.0
-3.08,1625449482.0,64.0
-14.52,1625449482.0,64.0
-26.93,1625449482.0,64.0
-37.61,1625449482.0,64.0
-45.4,1625449482.0,64.0
-51.04,1625449482.0,64.0
-56.67,1625449482.0,64.0
-63.28,1625449482.0,64.0
-72.83,1625449482.0,64.0
-85.02,1625449482.0,64.0
-98.0,1625449482.0,64.0
-109.07,1625449482.0,64.0
-115.93,1625449482.0,64.0
-117.57,1625449482.0,64.0
-114.75,1625449482.0,64.0
-109.49,1625449482.0,64.0
-104.28,1625449482.0,64.0
-101.33,1625449482.0,64.0
-101.7,1625449482.0,64.0
-105.74,1625449482.0,64.0
-112.89,1625449482.0,64.0
-121.33,1625449482.0,64.0
-127.61,1625449482.0,64.0
-127.19,1625449482.0,64.0
-115.83,1625449482.0,64.0
-91.79,1625449482.0,64.0
-57.53,1625449482.0,64.0
-19.16,1625449482.0,64.0
15.4,1625449482.0,64.0
39.73,1625449482.0,64.0
51.38,1625449482.0,64.0
52.5,1625449482.0,64.0
48.0,1625449482.0,64.0
42.85,1625449482.0,64.0
39.75,1625449482.0,64.0
38.55,1625449482.0,64.0
37.68,1625449482.0,64.0
35.7,1625449482.0,64.0
32.62,1625449482.0,64.0
29.72,1625449482.0,64.0
28.79,1625449482.0,64.0
30.69,1625449482.0,64.0
35.72,1625449482.0,64.0
43.42,1625449482.0,64.0
53.31,1625449482.0,64.0
64.94,1625449482.0,64.0
77.06,1625449482.0,64.0
86.97,1625449482.0,64.0
90.34,1625449482.0,64.0
82.73,1625449482.0,64.0
61.92,1625449482.0,64.0
29.74,1625449482.0,64.0
-7.4,1625449482.0,64.0
-39.83,1625449482.0,64.0
-58.55,1625449482.0,64.0
-58.28,1625449482.0,64.0
-39.55,1625449482.0,64.0
-8.24,1625449482.0,64.0
26.95,1625449482.0,64.0
57.23,1625449482.0,64.0
76.12,1625449482.0,64.0
80.33,1625449482.0,64.0
69.93,1625449482.0,64.0
47.98,1625449482.0,64.0
20.09,1625449482.0,64.0
-6.58,1625449482.0,64.0
-25.08,1625449482.0,64.0
-30.66,1625449482.0,64.0
-22.61,1625449482.0,64.0
-4.32,1625449482.0,64.0
18.12,1625449482.0,64.0
38.29,1625449482.0,64.0
51.87,1625449482.0,64.0
57.59,1625449482.0,64.0
57.3,1625449482.0,64.0
54.37,1625449482.0,64.0
52.48,1625449482.0,64.0
53.95,1625449482.0,64.0
59.17,1625449482.0,64.0
66.17,1625449482.0,64.0
70.78,1625449482.0,64.0
68.0,1625449482.0,64.0
54.39,1625449482.0,64.0
29.7,1625449482.0,64.0
-2.71,1625449482.0,64.0
-36.63,1625449482.0,64.0
-66.2,1625449482.0,64.0
-87.81,1625449482.0,64.0
-101.19,1625449482.0,64.0
-108.5,1625449482.0,64.0
-112.59,1625449482.0,64.0
-115.29,1625449482.0,64.0
-116.94,1625449482.0,64.0
-117.05,1625449482.0,64.0
-113.6,1625449482.0,64.0
-105.79,1625449482.0,64.0
-93.64,1625449482.0,64.0
-77.9,1625449482.0,64.0
-59.79,1625449482.0,64.0
-40.79,1625449482.0,64.0
-22.6,1625449482.0,64.0
-6.83,1625449482.0,64.0
5.26,1625449482.0,64.0
13.15,1625449482.0,64.0
17.03,1625449482.0,64.0
17.95,1625449482.0,64.0
17.45,1625449482.0,64.0
17.16,1625449482.0,64.0
18.46,1625449482.0,64.0
21.99,1625449482.0,64.0
27.33,1625449482.0,64.0
32.78,1625449482.0,64.0
35.76,1625449482.0,64.0
33.44,1625449482.0,64.0
24.47,1625449482.0,64.0
10.28,1625449482.0,64.0
-4.37,1625449482.0,64.0
-12.48,1625449482.0,64.0
-7.11,1625449482.0,64.0
15.3,1625449482.0,64.0
52.53,1625449482.0,64.0
96.55,1625449482.0,64.0
135.82,1625449482.0,64.0
159.82,1625449482.0,64.0
163.18,1625449482.0,64.0
147.45,1625449482.0,64.0
120.0,1625449482.0,64.0
90.34,1625449482.0,64.0
66.01,1625449482.0,64.0
50.15,1625449482.0,64.0
41.51,1625449482.0,64.0
36.42,1625449482.0,64.0
31.39,1625449482.0,64.0
24.74,1625449482.0,64.0
16.6,1625449482.0,64.0
7.85,1625449482.0,64.0
-0.95,1625449482.0,64.0
-10.06,1625449482.0,64.0
-20.08,1625449482.0,64.0
-31.22,1625449482.0,64.0
-42.79,1625449482.0,64.0
-53.29,1625449482.0,64.0
-61.0,1625449482.0,64.0
-64.86,1625449482.0,64.0
-64.9,1625449482.0,64.0
-62.26,1625449482.0,64.0
-58.66,1625449482.0,64.0
-55.68,1625449482.0,64.0
-54.17,1625449482.0,64.0
-54.1,1625449482.0,64.0
-54.81,1625449482.0,64.0
-55.47,1625449482.0,64.0
-55.59,1625449482.0,64.0
-55.21,1625449482.0,64.0
-54.76,1625449482.0,64.0
-54.72,1625449482.0,64.0
-55.13,1625449482.0,64.0
-55.37,1625449482.0,64.0
-54.29,1625449482.0,64.0
-50.7,1625449482.0,64.0
-43.99,1625449482.0,64.0
-34.61,1625449482.0,64.0
-24.11,1625449482.0,64.0
-14.84,1625449482.0,64.0
-9.25,1625449482.0,64.0
-9.18,1625449482.0,64.0
-15.15,1625449482.0,64.0
-26.15,1625449482.0,64.0
-39.98,1625449482.0,64.0
-54.17,1625449482.0,64.0
-67.07,1625449482.0,64.0
-78.63,1625449482.0,64.0
-90.26,1625449482.0,64.0
-103.91,1625449482.0,64.0
-120.65,1625449482.0,64.0
-139.69,1625449482.0,64.0
-158.28,1625449482.0,64.0
-172.72,1625449482.0,64.0
-179.99,1625449482.0,64.0
-179.01,1625449482.0,64.0
-170.86,1625449482.0,64.0
-157.64,1625449482.0,64.0
-141.19,1625449482.0,64.0
-122.19,1625449482.0,64.0
-100.2,1625449482.0,64.0
-74.35,1625449482.0,64.0
-44.12,1625449482.0,64.0
-9.92,1625449482.0,64.0
26.73,1625449482.0,64.0
63.17,1625449482.0,64.0
95.98,1625449482.0,64.0
121.39,1625449482.0,64.0
136.24,1625449482.0,64.0
139.07,1625449482.0,64.0
130.86,1625449482.0,64.0
115.06,1625449482.0,64.0
96.13,1625449482.0,64.0
77.94,1625449482.0,64.0
62.65,1625449482.0,64.0
51.09,1625449482.0,64.0
43.33,1625449482.0,64.0
39.37,1625449482.0,64.0
38.92,1625449482.0,64.0
40.92,1625449482.0,64.0
43.87,1625449482.0,64.0
46.38,1625449482.0,64.0
48.48,1625449482.0,64.0
51.91,1625449482.0,64.0
59.82,1625449482.0,64.0
74.39,1625449482.0,64.0
95.0,1625449482.0,64.0
117.97,1625449482.0,64.0
138.54,1625449482.0,64.0
154.26,1625449482.0,64.0
165.43,1625449482.0,64.0
174.34,1625449482.0,64.0
182.61,1625449482.0,64.0
190.72,1625449482.0,64.0
197.23,1625449482.0,64.0
199.85,1625449482.0,64.0
196.94,1625449482.0,64.0
188.72,1625449482.0,64.0
178.49,1625449482.0,64.0
170.28,1625449482.0,64.0
167.77,1625449482.0,64.0
172.6,1625449482.0,64.0
185.95,1625449482.0,64.0
206.85,1625449482.0,64.0
231.21,1625449482.0,64.0
252.01,1625449482.0,64.0
261.92,1625449482.0,64.0
257.84,1625449482.0,64.0
240.89,1625449482.0,64.0
215.66,1625449482.0,64.0
186.75,1625449482.0,64.0
158.73,1625449482.0,64.0
133.36,1625449482.0,64.0
109.34,1625449482.0,64.0
83.85,1625449482.0,64.0
46.89,1625449482.0,64.0
-3.58,1625449482.0,64.0
-62.09,1625449482.0,64.0
-112.44,1625449482.0,64.0
-151.92,1625449482.0,64.0
-184.29,1625449482.0,64.0
-215.66,1625449482.0,64.0
-248.61,1625449482.0,64.0
-281.95,1625449482.0,64.0
-311.29,1625449482.0,64.0
-329.94,1625449482.0,64.0
-333.87,1625449482.0,64.0
-323.99,1625449482.0,64.0
-306.79,1625449482.0,64.0
-288.63,1625449482.0,64.0
-273.18,1625449482.0,64.0
-260.09,1625449482.0,64.0
-246.18,1625449482.0,64.0
-227.86,1625449482.0,64.0
-202.8,1625449482.0,64.0
-172.69,1625449482.0,64.0
-142.32,1625449482.0,64.0
-117.75,1625449482.0,64.0
-101.47,1625449482.0,64.0
-92.31,1625449482.0,64.0
-86.97,1625449482.0,64.0
-82.42,1625449482.0,64.0
-77.15,1625449482.0,64.0
-70.56,1625449482.0,64.0
-63.22,1625449482.0,64.0
-56.15,1625449482.0,64.0
-50.63,1625449482.0,64.0
-46.59,1625449482.0,64.0
-43.02,1625449482.0,64.0
-38.44,1625449482.0,64.0
-31.27,1625449482.0,64.0
-20.19,1625449482.0,64.0
-4.06,1625449482.0,64.0
17.4,1625449482.0,64.0
43.91,1625449482.0,64.0
75.02,1625449482.0,64.0
111.24,1625449482.0,64.0
153.25,1625449482.0,64.0
200.26,1625449482.0,64.0
248.33,1625449482.0,64.0
290.21,1625449482.0,64.0
317.26,1625449482.0,64.0
322.75,1625449482.0,64.0
305.03,1625449482.0,64.0
268.83,1625449482.0,64.0
223.95,1625449482.0,64.0
181.31,1625449482.0,64.0
148.71,1625449482.0,64.0
128.46,1625449482.0,64.0
117.71,1625449482.0,64.0
111.19,1625449482.0,64.0
104.28,1625449482.0,64.0
94.98,1625449482.0,64.0
83.85,1625449482.0,64.0
72.63,1625449482.0,64.0
62.52,1625449482.0,64.0
53.39,1625449482.0,64.0
44.17,1625449482.0,64.0
33.88,1625449482.0,64.0
22.63,1625449482.0,64.0
11.95,1625449482.0,64.0
4.05,1625449482.0,64.0
0.64,1625449482.0,64.0
1.83,1625449482.0,64.0
5.89,1625449482.0,64.0
9.79,1625449482.0,64.0
10.43,1625449482.0,64.0
5.85,1625449482.0,64.0
-4.24,1625449482.0,64.0
-18.58,1625449482.0,64.0
-34.99,1625449482.0,64.0
-51.21,1625449482.0,64.0
-65.34,1625449482.0,64.0
-76.09,1625449482.0,64.0
-82.86,1625449482.0,64.0
-86.01,1625449482.0,64.0
-86.97,1625449482.0,64.0
-88.0,1625449482.0,64.0
-91.76,1625449482.0,64.0
-100.49,1625449482.0,64.0
-115.34,1625449482.0,64.0
-136.16,1625449482.0,64.0
-161.2,1625449482.0,64.0
-187.03,1625449482.0,64.0
-208.63,1625449482.0,64.0
-220.2,1625449482.0,64.0
-216.55,1625449482.0,64.0
-194.93,1625449482.0,64.0
-156.49,1625449482.0,64.0
-106.63,1625449482.0,64.0
-53.76,1625449482.0,64.0
-6.85,1625449482.0,64.0
27.1,1625449482.0,64.0
44.62,1625449482.0,64.0
45.74,1625449482.0,64.0
32.65,1625449482.0,64.0
8.23,1625449482.0,64.0
-24.6,1625449482.0,64.0
-62.3,1625449482.0,64.0
-99.84,1625449482.0,64.0
-130.21,1625449482.0,64.0
-145.77,1625449482.0,64.0
-140.61,1625449482.0,64.0
-113.22,1625449482.0,64.0
-67.74,1625449482.0,64.0
-13.13,1625449482.0,64.0
39.79,1625449482.0,64.0
81.97,1625449482.0,64.0
108.54,1625449482.0,64.0
119.56,1625449482.0,64.0
118.19,1625449482.0,64.0
108.32,1625449482.0,64.0
92.82,1625449482.0,64.0
73.01,1625449482.0,64.0
49.46,1625449482.0,64.0
23.28,1625449482.0,64.0
-3.08,1625449482.0,64.0
-25.96,1625449482.0,64.0
-41.34,1625449482.0,64.0
-46.17,1625449482.0,64.0
-39.49,1625449482.0,64.0
-22.75,1625449482.0,64.0
0.82,1625449482.0,64.0
27.29,1625449482.0,64.0
53.18,1625449482.0,64.0
76.08,1625449482.0,64.0
94.53,1625449482.0,64.0
107.69,1625449482.0,64.0
114.91,1625449482.0,64.0
115.86,1625449482.0,64.0
110.79,1625449482.0,64.0
100.5,1625449482.0,64.0
85.97,1625449482.0,64.0
67.86,1625449482.0,64.0
46.26,1625449482.0,64.0
20.96,1625449482.0,64.0
-7.5,1625449482.0,64.0
-37.46,1625449482.0,64.0
-66.09,1625449482.0,64.0
-90.08,1625449482.0,64.0
-106.98,1625449482.0,64.0
-116.34,1625449482.0,64.0
-120.0,1625449482.0,64.0
-121.56,1625449482.0,64.0
-125.41,1625449482.0,64.0
-135.41,1625449482.0,64.0
-154.39,1625449482.0,64.0
-183.08,1625449482.0,64.0
-218.82,1625449482.0,64.0
-255.4,1625449482.0,64.0
-284.1,1625449482.0,64.0
-296.25,1625449482.0,64.0
-286.16,1625449482.0,64.0
-253.29,1625449482.0,64.0
-201.88,1625449482.0,64.0
-139.91,1625449482.0,64.0
-76.05,1625449482.0,64.0
-16.62,1625449482.0,64.0
35.86,1625449482.0,64.0
82.11,1625449482.0,64.0
124.83,1625449482.0,64.0
167.17,1625449482.0,64.0
211.3,1625449482.0,64.0
258.1,1625449482.0,64.0
305.3,1625449482.0,64.0
347.55,1625449482.0,64.0
378.0,1625449482.0,64.0
390.72,1625449482.0,64.0
382.81,1625449482.0,64.0
355.83,1625449482.0,64.0
315.42,1625449482.0,64.0
265.05,1625449482.0,64.0
212.29,1625449482.0,64.0
165.32,1625449482.0,64.0
129.46,1625449482.0,64.0
105.63,1625449482.0,64.0
91.83,1625449482.0,64.0
85.12,1625449482.0,64.0
81.6,1625449482.0,64.0
78.85,1625449482.0,64.0
74.72,1625449482.0,64.0
67.91,1625449482.0,64.0
57.18,1625449482.0,64.0
41.66,1625449482.0,64.0
20.91,1625449482.0,64.0
-2.51,1625449482.0,64.0
-26.9,1625449482.0,64.0
-51.44,1625449482.0,64.0
-76.2,1625449482.0,64.0
-102.21,1625449482.0,64.0
-130.04,1625449482.0,64.0
-159.83,1625449482.0,64.0
-190.6,1625449482.0,64.0
-219.8,1625449482.0,64.0
-243.78,1625449482.0,64.0
-259.57,1625449482.0,64.0
-265.9,1625449482.0,64.0
-263.73,1625449482.0,64.0
-256.04,1625449482.0,64.0
-246.04,1625449482.0,64.0
-236.35,1625449482.0,64.0
-228.17,1625449482.0,64.0
-221.3,1625449482.0,64.0
-214.68,1625449482.0,64.0
-207.67,1625449482.0,64.0
-200.14,1625449482.0,64.0
-192.32,1625449482.0,64.0
-184.39,1625449482.0,64.0
-175.88,1625449482.0,64.0
-165.78,1625449482.0,64.0
-152.92,1625449482.0,64.0
-136.38,1625449482.0,64.0
-116.07,1625449482.0,64.0
-93.23,1625449482.0,64.0
-70.27,1625449482.0,64.0
-50.06,1625449482.0,64.0
-35.11,1625449482.0,64.0
-26.47,1625449482.0,64.0
-23.46,1625449482.0,64.0
-24.07,1625449482.0,64.0
-26.04,1625449482.0,64.0
-27.99,1625449482.0,64.0
-30.09,1625449482.0,64.0
-33.61,1625449482.0,64.0
-39.8,1625449482.0,64.0
-48.93,1625449482.0,64.0
-59.78,1625449482.0,64.0
-70.13,1625449482.0,64.0
-77.71,1625449482.0,64.0
-81.08,1625449482.0,64.0
-80.06,1625449482.0,64.0
-75.31,1625449482.0,64.0
-67.72,1625449482.0,64.0
-57.93,1625449482.0,64.0
-46.26,1625449482.0,64.0
-32.94,1625449482.0,64.0
-18.52,1625449482.0,64.0
-3.9,1625449482.0,64.0
9.94,1625449482.0,64.0
22.3,1625449482.0,64.0
33.03,1625449482.0,64.0
42.35,1625449482.0,64.0
50.63,1625449482.0,64.0
57.99,1625449482.0,64.0
64.12,1625449482.0,64.0
68.42,1625449482.0,64.0
70.34,1625449482.0,64.0
69.75,1625449482.0,64.0
67.18,1625449482.0,64.0
63.92,1625449482.0,64.0
61.66,1625449482.0,64.0
62.09,1625449482.0,64.0
66.3,1625449482.0,64.0
74.46,1625449482.0,64.0
85.69,1625449482.0,64.0
98.42,1625449482.0,64.0
110.97,1625449482.0,64.0
122.16,1625449482.0,64.0
131.49,1625449482.0,64.0
139.07,1625449482.0,64.0
145.08,1625449482.0,64.0
149.53,1625449482.0,64.0
152.1,1625449482.0,64.0
152.45,1625449482.0,64.0
150.65,1625449482.0,64.0
147.37,1625449482.0,64.0
143.8,1625449482.0,64.0
141.25,1625449482.0,64.0
140.6,1625449482.0,64.0
141.91,1625449482.0,64.0
144.46,1625449482.0,64.0
146.95,1625449482.0,64.0
148.12,1625449482.0,64.0
147.13,1625449482.0,64.0
143.8,1625449482.0,64.0
138.58,1625449482.0,64.0
132.25,1625449482.0,64.0
125.66,1625449482.0,64.0
119.55,1625449482.0,64.0
114.37,1625449482.0,64.0
110.11,1625449482.0,64.0
106.11,1625449482.0,64.0
100.83,1625449482.0,64.0
91.87,1625449482.0,64.0
76.51,1625449482.0,64.0
52.67,1625449482.0,64.0
19.98,1625449482.0,64.0
-19.48,1625449482.0,64.0
-61.24,1625449482.0,64.0
-99.54,1625449482.0,64.0
-128.85,1625449482.0,64.0
-145.44,1625449482.0,64.0
-148.3,1625449482.0,64.0
-139.08,1625449482.0,64.0
-121.27,1625449482.0,64.0
-99.02,1625449482.0,64.0
-75.97,1625449482.0,64.0
-54.73,1625449482.0,64.0
-36.69,1625449482.0,64.0
-22.36,1625449482.0,64.0
-11.73,1625449482.0,64.0
-4.51,1625449482.0,64.0
-0.22,1625449482.0,64.0
1.88,1625449482.0,64.0
2.73,1625449482.0,64.0
3.36,1625449482.0,64.0
4.58,1625449482.0,64.0
6.73,1625449482.0,64.0
9.55,1625449482.0,64.0
12.39,1625449482.0,64.0
14.56,1625449482.0,64.0
15.66,1625449482.0,64.0
15.78,1625449482.0,64.0
15.42,1625449482.0,64.0
15.14,1625449482.0,64.0
15.28,1625449482.0,64.0
15.78,1625449482.0,64.0
16.2,1625449482.0,64.0
15.96,1625449482.0,64.0
14.58,1625449482.0,64.0
11.86,1625449482.0,64.0
7.9,1625449482.0,64.0
3.01,1625449482.0,64.0
-2.35,1625449482.0,64.0
-7.82,1625449482.0,64.0
-13.15,1625449482.0,64.0
-18.28,1625449482.0,64.0
-23.21,1625449482.0,64.0
-27.9,1625449482.0,64.0
-32.05,1625449482.0,64.0
-35.07,1625449482.0,64.0
-36.14,1625449482.0,64.0
-34.55,1625449482.0,64.0
-29.92,1625449482.0,64.0
-22.49,1625449482.0,64.0
-13.06,1625449482.0,64.0
-2.77,1625449482.0,64.0
7.24,1625449482.0,64.0
16.04,1625449482.0,64.0
23.02,1625449482.0,64.0
27.83,1625449482.0,64.0
30.33,1625449482.0,64.0
30.65,1625449482.0,64.0
29.16,1625449482.0,64.0
26.47,1625449482.0,64.0
23.34,1625449482.0,64.0
20.5,1625449482.0,64.0
18.45,1625449482.0,64.0
17.42,1625449482.0,64.0
17.33,1625449482.0,64.0
17.85,1625449482.0,64.0
18.46,1625449482.0,64.0
18.58,1625449482.0,64.0
17.72,1625449482.0,64.0
15.58,1625449482.0,64.0
12.23,1625449482.0,64.0
8.01,1625449482.0,64.0
3.41,1625449482.0,64.0
-1.13,1625449482.0,64.0
-5.36,1625449482.0,64.0
-9.23,1625449482.0,64.0
-12.78,1625449482.0,64.0
-16.02,1625449482.0,64.0
-18.92,1625449482.0,64.0
-21.48,1625449482.0,64.0
-23.89,1625449482.0,64.0
-26.4,1625449482.0,64.0
-29.16,1625449482.0,64.0
-31.98,1625449482.0,64.0
-34.18,1625449482.0,64.0
-34.85,1625449482.0,64.0
-33.08,1625449482.0,64.0
-28.45,1625449482.0,64.0
-21.23,1625449482.0,64.0
-12.26,1625449482.0,64.0
-2.64,1625449482.0,64.0
6.65,1625449482.0,64.0
14.98,1625449482.0,64.0
22.0,1625449482.0,64.0
27.48,1625449482.0,64.0
31.18,1625449482.0,64.0
32.85,1625449482.0,64.0
32.42,1625449482.0,64.0
30.19,1625449482.0,64.0
26.87,1625449482.0,64.0
23.35,1625449482.0,64.0
20.39,1625449482.0,64.0
18.38,1625449482.0,64.0
17.22,1625449482.0,64.0
16.46,1625449482.0,64.0
15.54,1625449482.0,64.0
14.05,1625449482.0,64.0
11.79,1625449482.0,64.0
8.76,1625449482.0,64.0
5.13,1625449482.0,64.0
1.08,1625449482.0,64.0
-3.17,1625449482.0,64.0
-7.43,1625449482.0,64.0
-11.48,1625449482.0,64.0
-15.18,1625449482.0,64.0
-18.5,1625449482.0,64.0
-21.5,1625449482.0,64.0
-24.41,1625449482.0,64.0
-27.5,1625449482.0,64.0
-31.07,1625449482.0,64.0
-35.18,1625449482.0,64.0
-39.66,1625449482.0,64.0
-43.88,1625449482.0,64.0
-47.0,1625449482.0,64.0
-48.09,1625449482.0,64.0
-46.48,1625449482.0,64.0
-41.92,1625449482.0,64.0
-34.71,1625449482.0,64.0
-25.55,1625449482.0,64.0
-15.33,1625449482.0,64.0
-4.94,1625449482.0,64.0
4.9,1625449482.0,64.0
13.67,1625449482.0,64.0
20.93,1625449482.0,64.0
26.34,1625449482.0,64.0
29.62,1625449482.0,64.0
30.67,1625449482.0,64.0
29.68,1625449482.0,64.0
27.21,1625449482.0,64.0
24.03,1625449482.0,64.0
20.93,1625449482.0,64.0
18.5,1625449482.0,64.0
16.94,1625449482.0,64.0
16.09,1625449482.0,64.0
15.54,1625449482.0,64.0
14.84,1625449482.0,64.0
13.69,1625449482.0,64.0
11.94,1625449482.0,64.0
9.63,1625449482.0,64.0
6.88,1625449482.0,64.0
3.83,1625449482.0,64.0
0.61,1625449482.0,64.0
-2.68,1625449482.0,64.0
-5.98,1625449482.0,64.0
-9.29,1625449482.0,64.0
-12.73,1625449482.0,64.0
-16.43,1625449482.0,64.0
-20.54,1625449482.0,64.0
-25.11,1625449482.0,64.0
-29.98,1625449482.0,64.0
-34.74,1625449482.0,64.0
-38.76,1625449482.0,64.0
-41.24,1625449482.0,64.0
-41.44,1625449482.0,64.0
-38.84,1625449482.0,64.0
-33.35,1625449482.0,64.0
-25.39,1625449482.0,64.0
-15.74,1625449482.0,64.0
-5.34,1625449482.0,64.0
4.94,1625449482.0,64.0
14.45,1625449482.0,64.0
22.78,1625449482.0,64.0
29.63,1625449482.0,64.0
34.73,1625449482.0,64.0
37.79,1625449482.0,64.0
38.69,1625449482.0,64.0
37.58,1625449482.0,64.0
35.0,1625449482.0,64.0
31.74,1625449482.0,64.0
28.61,1625449482.0,64.0
26.17,1625449482.0,64.0
24.59,1625449482.0,64.0
23.68,1625449482.0,64.0
23.04,1625449482.0,64.0
22.29,1625449482.0,64.0
21.15,1625449482.0,64.0
19.52,1625449482.0,64.0
17.36,1625449482.0,64.0
14.68,1625449482.0,64.0
11.53,1625449482.0,64.0
7.99,1625449482.0,64.0
4.23,1625449482.0,64.0
0.39,1625449482.0,64.0
-3.42,1625449482.0,64.0
-7.23,1625449482.0,64.0
-11.14,1625449482.0,64.0
-15.32,1625449482.0,64.0
-19.84,1625449482.0,64.0
-24.54,1625449482.0,64.0
-29.0,1625449482.0,64.0
-32.53,1625449482.0,64.0
-34.36,1625449482.0,64.0
-33.86,1625449482.0,64.0
-30.76,1625449482.0,64.0
-25.24,1625449482.0,64.0
-17.88,1625449482.0,64.0
-9.46,1625449482.0,64.0
-0.75,1625449482.0,64.0
7.63,1625449482.0,64.0
15.28,1625449482.0,64.0
21.93,1625449482.0,64.0
27.33,1625449482.0,64.0
31.19,1625449482.0,64.0
33.3,1625449482.0,64.0
33.6,1625449482.0,64.0
32.33,1625449482.0,64.0
30.01,1625449482.0,64.0
27.34,1625449482.0,64.0
24.95,1625449482.0,64.0
23.2,1625449482.0,64.0
22.08,1625449482.0,64.0
21.25,1625449482.0,64.0
20.27,1625449482.0,64.0
18.79,1625449482.0,64.0
16.74,1625449482.0,64.0
14.27,1625449482.0,64.0
11.64,1625449482.0,64.0
9.06,1625449482.0,64.0
6.59,1625449482.0,64.0
4.12,1625449482.0,64.0
1.53,1625449482.0,64.0
-1.26,1625449482.0,64.0
-4.21,1625449482.0,64.0
-7.21,1625449482.0,64.0
-10.15,1625449482.0,64.0
-13.05,1625449482.0,64.0
-15.96,1625449482.0,64.0
-18.89,1625449482.0,64.0
-21.61,1625449482.0,64.0
-23.63,1625449482.0,64.0
-24.29,1625449482.0,64.0
-22.98,1625449482.0,64.0
-19.39,1625449482.0,64.0
-13.73,1625449482.0,64.0
-6.64,1625449482.0,64.0
1.01,1625449482.0,64.0
8.39,1625449482.0,64.0
14.96,1625449482.0,64.0
20.47,1625449482.0,64.0
24.9,1625449482.0,64.0
28.2,1625449482.0,64.0
30.27,1625449482.0,64.0
30.98,1625449482.0,64.0
30.34,1625449482.0,64.0
28.57,1625449482.0,64.0
26.16,1625449482.0,64.0
23.66,1625449482.0,64.0
21.54,1625449482.0,64.0
19.97,1625449482.0,64.0
18.83,1625449482.0,64.0
17.85,1625449482.0,64.0
16.7,1625449482.0,64.0
15.18,1625449482.0,64.0
13.25,1625449482.0,64.0
10.99,1625449482.0,64.0
8.51,1625449482.0,64.0
5.92,1625449482.0,64.0
3.28,1625449482.0,64.0
0.58,1625449482.0,64.0
-2.17,1625449482.0,64.0
-5.01,1625449482.0,64.0
-7.9,1625449482.0,64.0
-10.82,1625449482.0,64.0
-13.74,1625449482.0,64.0
-16.62,1625449482.0,64.0
-19.46,1625449482.0,64.0
-22.16,1625449482.0,64.0
-24.51,1625449482.0,64.0
-26.06,1625449482.0,64.0
-26.31,1625449482.0,64.0
-24.8,1625449482.0,64.0
-21.33,1625449482.0,64.0
-16.11,1625449482.0,64.0
-9.69,1625449482.0,64.0
-2.8,1625449482.0,64.0
3.9,1625449482.0,64.0
9.93,1625449482.0,64.0
14.99,1625449482.0,64.0
18.89,1625449482.0,64.0
21.41,1625449482.0,64.0
22.38,1625449482.0,64.0
21.78,1625449482.0,64.0
19.85,1625449482.0,64.0
17.15,1625449482.0,64.0
14.4,1625449482.0,64.0
12.25,1625449482.0,64.0
11.08,1625449482.0,64.0
10.85,1625449482.0,64.0
11.23,1625449482.0,64.0
11.68,1625449482.0,64.0
11.64,1625449482.0,64.0
10.76,1625449482.0,64.0
8.89,1625449482.0,64.0
6.19,1625449482.0,64.0
3.04,1625449482.0,64.0
-0.08,1625449482.0,64.0
-2.69,1625449482.0,64.0
-4.52,1625449482.0,64.0
-5.5,1625449482.0,64.0
-5.78,1625449482.0,64.0
-5.63,1625449482.0,64.0
-5.32,1625449482.0,64.0
-5.05,1625449482.0,64.0
-5.03,1625449482.0,64.0
-5.44,1625449482.0,64.0
-6.44,1625449482.0,64.0
-8.05,1625449482.0,64.0
-10.08,1625449482.0,64.0
-12.01,1625449482.0,64.0
-13.17,1625449482.0,64.0
-12.97,1625449482.0,64.0
-11.07,1625449482.0,64.0
-7.59,1625449482.0,64.0
-3.0,1625449482.0,64.0
2.03,1625449482.0,64.0
6.86,1625449482.0,64.0
11.03,1625449482.0,64.0
14.31,1625449482.0,64.0
16.58,1625449482.0,64.0
17.81,1625449482.0,64.0
17.99,1625449482.0,64.0
17.19,1625449482.0,64.0
15.55,1625449482.0,64.0
13.36,1625449482.0,64.0
11.03,1625449482.0,64.0
8.93,1625449482.0,64.0
7.33,1625449482.0,64.0
6.33,1625449482.0,64.0
5.84,1625449482.0,64.0
5.65,1625449482.0,64.0
5.49,1625449482.0,64.0
5.14,1625449482.0,64.0
4.44,1625449482.0,64.0
3.33,1625449482.0,64.0
1.87,1625449482.0,64.0
0.13,1625449482.0,64.0
-1.8,1625449482.0,64.0
-3.84,1625449482.0,64.0
-5.87,1625449482.0,64.0
-7.79,1625449482.0,64.0
-9.5,1625449482.0,64.0
-10.94,1625449482.0,64.0
-12.14,1625449482.0,64.0
-13.23,1625449482.0,64.0
-14.41,1625449482.0,64.0
-15.88,1625449482.0,64.0
-17.78,1625449482.0,64.0
-20.04,1625449482.0,64.0
-22.4,1625449482.0,64.0
-24.38,1625449482.0,64.0
-25.42,1625449482.0,64.0
-24.99,1625449482.0,64.0
-22.75,1625449482.0,64.0
-18.69,1625449482.0,64.0
-13.11,1625449482.0,64.0
-6.63,1625449482.0,64.0
0.03,1625449482.0,64.0
6.19,1625449482.0,64.0
11.37,1625449482.0,64.0
15.33,1625449482.0,64.0
18.0,1625449482.0,64.0
19.42,1625449482.0,64.0
19.66,1625449482.0,64.0
18.84,1625449482.0,64.0
17.2,1625449482.0,64.0
15.11,1625449482.0,64.0
13.03,1625449482.0,64.0
11.33,1625449482.0,64.0
10.2,1625449482.0,64.0
9.52,1625449482.0,64.0
9.01,1625449482.0,64.0
8.37,1625449482.0,64.0
7.41,1625449482.0,64.0
6.12,1625449482.0,64.0
4.6,1625449482.0,64.0
2.98,1625449482.0,64.0
1.31,1625449482.0,64.0
-0.41,1625449482.0,64.0
-2.24,1625449482.0,64.0
-4.16,1625449482.0,64.0
-6.12,1625449482.0,64.0
-7.98,1625449482.0,64.0
-9.62,1625449482.0,64.0
-10.97,1625449482.0,64.0
-12.08,1625449482.0,64.0
-13.09,1625449482.0,64.0
-14.22,1625449482.0,64.0
-15.67,1625449482.0,64.0
-17.55,1625449482.0,64.0
-19.84,1625449482.0,64.0
-22.32,1625449482.0,64.0
-24.6,1625449482.0,64.0
-26.2,1625449482.0,64.0
-26.63,1625449482.0,64.0
-25.49,1625449482.0,64.0
-22.63,1625449482.0,64.0
-18.19,1625449482.0,64.0
-12.54,1625449482.0,64.0
-6.31,1625449482.0,64.0
-0.14,1625449482.0,64.0
5.42,1625449482.0,64.0
10.0,1625449482.0,64.0
13.43,1625449482.0,64.0
15.65,1625449482.0,64.0
16.67,1625449482.0,64.0
16.53,1625449482.0,64.0
15.39,1625449482.0,64.0
13.54,1625449482.0,64.0
11.44,1625449482.0,64.0
9.57,1625449482.0,64.0
8.27,1625449482.0,64.0
7.65,1625449482.0,64.0
7.53,1625449482.0,64.0
7.55,1625449482.0,64.0
7.33,1625449482.0,64.0
6.65,1625449482.0,64.0
5.44,1625449482.0,64.0
3.79,1625449482.0,64.0
1.86,1625449482.0,64.0
-0.2,1625449482.0,64.0
-2.28,1625449482.0,64.0
-4.27,1625449482.0,64.0
-6.07,1625449482.0,64.0
-7.62,1625449482.0,64.0
-8.92,1625449482.0,64.0
-10.06,1625449482.0,64.0
-11.19,1625449482.0,64.0
-12.46,1625449482.0,64.0
-14.01,1625449482.0,64.0
-15.86,1625449482.0,64.0
-17.97,1625449482.0,64.0
-20.2,1625449482.0,64.0
-22.29,1625449482.0,64.0
-23.89,1625449482.0,64.0
-24.6,1625449482.0,64.0
-24.0,1625449482.0,64.0
-21.85,1625449482.0,64.0
-18.16,1625449482.0,64.0
-13.23,1625449482.0,64.0
-7.59,1625449482.0,64.0
-1.86,1625449482.0,64.0
3.42,1625449482.0,64.0
7.91,1625449482.0,64.0
11.45,1625449482.0,64.0
14.03,1625449482.0,64.0
15.66,1625449482.0,64.0
16.36,1625449482.0,64.0
16.16,1625449482.0,64.0
15.16,1625449482.0,64.0
13.61,1625449482.0,64.0
11.82,1625449482.0,64.0
10.13,1625449482.0,64.0
8.77,1625449482.0,64.0
7.82,1625449482.0,64.0
7.19,1625449482.0,64.0
6.7,1625449482.0,64.0
6.14,1625449482.0,64.0
5.31,1625449482.0,64.0
4.12,1625449482.0,64.0
2.52,1625449482.0,64.0
0.57,1625449482.0,64.0
-1.62,1625449482.0,64.0
-3.9,1625449482.0,64.0
-6.14,1625449482.0,64.0
-8.19,1625449482.0,64.0
-9.97,1625449482.0,64.0
-11.4,1625449482.0,64.0
-12.48,1625449482.0,64.0
-13.34,1625449482.0,64.0
-14.18,1625449482.0,64.0
-15.3,1625449482.0,64.0
-16.97,1625449482.0,64.0
-19.26,1625449482.0,64.0
-21.95,1625449482.0,64.0
-24.55,1625449482.0,64.0
-26.37,1625449482.0,64.0
-26.83,1625449482.0,64.0
-25.56,1625449482.0,64.0
-22.53,1625449482.0,64.0
-18.04,1625449482.0,64.0
-12.61,1625449482.0,64.0
-6.81,1625449482.0,64.0
-1.19,1625449482.0,64.0
3.86,1625449482.0,64.0
8.08,1625449482.0,64.0
11.4,1625449482.0,64.0
13.8,1625449482.0,64.0
15.36,1625449482.0,64.0
16.09,1625449482.0,64.0
16.04,1625449482.0,64.0
15.3,1625449482.0,64.0
14.06,1625449482.0,64.0
12.64,1625449482.0,64.0
11.35,1625449482.0,64.0
10.41,1625449482.0,64.0
9.83,1625449482.0,64.0
9.44,1625449482.0,64.0
8.97,1625449482.0,64.0
8.23,1625449482.0,64.0
7.16,1625449482.0,64.0
5.86,1625449482.0,64.0
4.45,1625449482.0,64.0
3.0,1625449482.0,64.0
1.46,1625449482.0,64.0
-0.27,1625449482.0,64.0
-2.29,1625449482.0,64.0
-4.54,1625449482.0,64.0
-6.82,1625449482.0,64.0
-8.87,1625449482.0,64.0
-10.53,1625449482.0,64.0
-11.73,1625449482.0,64.0
-12.65,1625449482.0,64.0
-13.58,1625449482.0,64.0
-14.83,1625449482.0,64.0
-16.6,1625449482.0,64.0
-18.94,1625449482.0,64.0
-21.68,1625449482.0,64.0
-24.5,1625449482.0,64.0
-26.96,1625449482.0,64.0
-28.56,1625449482.0,64.0
-28.88,1625449482.0,64.0
-27.61,1625449482.0,64.0
-24.68,1625449482.0,64.0
-20.27,1625449482.0,64.0
-14.76,1625449482.0,64.0
-8.68,1625449482.0,64.0
-2.53,1625449482.0,64.0
3.28,1625449482.0,64.0
8.46,1625449482.0,64.0
12.84,1625449482.0,64.0
16.24,1625449482.0,64.0
18.5,1625449482.0,64.0
19.54,1625449482.0,64.0
19.38,1625449482.0,64.0
18.3,1625449482.0,64.0
16.74,1625449482.0,64.0
15.22,1625449482.0,64.0
14.16,1625449482.0,64.0
13.7,1625449482.0,64.0
13.71,1625449482.0,64.0
13.86,1625449482.0,64.0
13.83,1625449482.0,64.0
13.4,1625449482.0,64.0
12.53,1625449482.0,64.0
11.31,1625449482.0,64.0
9.89,1625449482.0,64.0
8.35,1625449482.0,64.0
6.71,1625449482.0,64.0
4.96,1625449482.0,64.0
3.1,1625449482.0,64.0
1.16,1625449482.0,64.0
-0.81,1625449482.0,64.0
-2.76,1625449482.0,64.0
-4.64,1625449482.0,64.0
-6.44,1625449482.0,64.0
-8.14,1625449482.0,64.0
-9.76,1625449482.0,64.0
-11.33,1625449482.0,64.0
-12.9,1625449482.0,64.0
-14.51,1625449482.0,64.0
-16.25,1625449482.0,64.0
-18.18,1625449482.0,64.0
-20.36,1625449482.0,64.0
-22.81,1625449482.0,64.0
-25.43,1625449482.0,64.0
-27.92,1625449482.0,64.0
-29.81,1625449482.0,64.0
-30.49,1625449482.0,64.0
-29.46,1625449482.0,64.0
-26.46,1625449482.0,64.0
-21.66,1625449482.0,64.0
-15.58,1625449482.0,64.0
-8.97,1625449482.0,64.0
-2.5,1625449482.0,64.0
3.33,1625449482.0,64.0
8.33,1625449482.0,64.0
12.47,1625449482.0,64.0
15.82,1625449482.0,64.0
18.36,1625449482.0,64.0
20.04,1625449482.0,64.0
20.79,1625449482.0,64.0
20.64,1625449482.0,64.0
19.84,1625449482.0,64.0
18.77,1625449482.0,64.0
17.82,1625449482.0,64.0
17.27,1625449482.0,64.0
17.11,1625449482.0,64.0
17.13,1625449482.0,64.0
17.0,1625449482.0,64.0
16.47,1625449482.0,64.0
15.48,1625449482.0,64.0
14.12,1625449482.0,64.0
12.57,1625449482.0,64.0
10.96,1625449482.0,64.0
9.34,1625449482.0,64.0
7.66,1625449482.0,64.0
5.88,1625449482.0,64.0
3.99,1625449482.0,64.0
1.99,1625449482.0,64.0
-0.09,1625449482.0,64.0
-2.26,1625449482.0,64.0
-4.51,1625449482.0,64.0
-6.81,1625449482.0,64.0
-9.04,1625449482.0,64.0
-11.06,1625449482.0,64.0
-12.77,1625449482.0,64.0
-14.18,1625449482.0,64.0
-15.41,1625449482.0,64.0
-16.64,1625449482.0,64.0
-18.06,1625449482.0,64.0
-19.81,1625449482.0,64.0
-21.9,1625449482.0,64.0
-24.26,1625449482.0,64.0
-26.63,1625449482.0,64.0
-28.58,1625449482.0,64.0
-29.57,1625449482.0,64.0
-29.04,1625449482.0,64.0
-26.67,1625449482.0,64.0
-22.42,1625449482.0,64.0
-16.66,1625449482.0,64.0
-10.01,1625449482.0,64.0
-3.17,1625449482.0,64.0
3.27,1625449482.0,64.0
8.97,1625449482.0,64.0
13.75,1625449482.0,64.0
17.54,1625449482.0,64.0
20.27,1625449482.0,64.0
21.86,1625449482.0,64.0
22.31,1625449482.0,64.0
21.82,1625449482.0,64.0
20.8,1625449482.0,64.0
19.76,1625449482.0,64.0
19.13,1625449482.0,64.0
19.1,1625449482.0,64.0
19.53,1625449482.0,64.0
20.04,1625449482.0,64.0
20.2,1625449482.0,64.0
19.72,1625449482.0,64.0
18.57,1625449482.0,64.0
16.9,1625449482.0,64.0
14.92,1625449482.0,64.0
12.78,1625449482.0,64.0
10.48,1625449482.0,64.0
7.98,1625449482.0,64.0
5.26,1625449482.0,64.0
2.4,1625449482.0,64.0
-0.4,1625449482.0,64.0
-2.94,1625449482.0,64.0
-5.04,1625449482.0,64.0
-6.66,1625449482.0,64.0
-7.86,1625449482.0,64.0
-8.8,1625449482.0,64.0
-9.66,1625449482.0,64.0
-10.57,1625449482.0,64.0
-11.59,1625449482.0,64.0
-12.7,1625449482.0,64.0
-13.91,1625449482.0,64.0
-15.19,1625449482.0,64.0
-16.61,1625449482.0,64.0
-18.24,1625449482.0,64.0
-20.2,1625449482.0,64.0
-22.54,1625449482.0,64.0
-25.15,1625449482.0,64.0
-27.7,1625449482.0,64.0
-29.59,1625449482.0,64.0
-30.13,1625449482.0,64.0
-28.72,1625449482.0,64.0
-25.12,1625449482.0,64.0
-19.59,1625449482.0,64.0
-12.81,1625449482.0,64.0
-5.68,1625449482.0,64.0
1.02,1625449482.0,64.0
6.86,1625449482.0,64.0
11.76,1625449482.0,64.0
15.84,1625449482.0,64.0
19.21,1625449482.0,64.0
21.78,1625449482.0,64.0
23.35,1625449482.0,64.0
23.78,1625449482.0,64.0
23.19,1625449482.0,64.0
21.96,1625449482.0,64.0
20.61,1625449482.0,64.0
19.59,1625449482.0,64.0
19.1,1625449482.0,64.0
19.06,1625449482.0,64.0
19.16,1625449482.0,64.0
19.09,1625449482.0,64.0
18.62,1625449482.0,64.0
17.7,1625449482.0,64.0
16.38,1625449482.0,64.0
14.77,1625449482.0,64.0
12.98,1625449482.0,64.0
11.09,1625449482.0,64.0
9.19,1625449482.0,64.0
7.29,1625449482.0,64.0
5.42,1625449482.0,64.0
3.56,1625449482.0,64.0
1.71,1625449482.0,64.0
-0.14,1625449482.0,64.0
-1.96,1625449482.0,64.0
-3.71,1625449482.0,64.0
-5.32,1625449482.0,64.0
-6.75,1625449482.0,64.0
-8.01,1625449482.0,64.0
-9.15,1625449482.0,64.0
-10.31,1625449482.0,64.0
-11.6,1625449482.0,64.0
-13.12,1625449482.0,64.0
-14.93,1625449482.0,64.0
-17.0,1625449482.0,64.0
-19.33,1625449482.0,64.0
-21.85,1625449482.0,64.0
-24.4,1625449482.0,64.0
-26.7,1625449482.0,64.0
-28.28,1625449482.0,64.0
-28.58,1625449482.0,64.0
-27.13,1625449482.0,64.0
-23.71,1625449482.0,64.0
-18.52,1625449482.0,64.0
-12.1,1625449482.0,64.0
-5.22,1625449482.0,64.0
1.4,1625449482.0,64.0
7.3,1625449482.0,64.0
12.27,1625449482.0,64.0
16.3,1625449482.0,64.0
19.37,1625449482.0,64.0
21.39,1625449482.0,64.0
22.23,1625449482.0,64.0
21.87,1625449482.0,64.0
20.57,1625449482.0,64.0
18.82,1625449482.0,64.0
17.26,1625449482.0,64.0
16.32,1625449482.0,64.0
16.14,1625449482.0,64.0
16.45,1625449482.0,64.0
16.79,1625449482.0,64.0
16.74,1625449482.0,64.0
16.1,1625449482.0,64.0
14.96,1625449482.0,64.0
13.52,1625449482.0,64.0
12.01,1625449482.0,64.0
10.49,1625449482.0,64.0
8.89,1625449482.0,64.0
7.16,1625449482.0,64.0
5.26,1625449482.0,64.0
3.31,1625449482.0,64.0
1.46,1625449482.0,64.0
-0.19,1625449482.0,64.0
-1.62,1625449482.0,64.0
-2.94,1625449482.0,64.0
-4.27,1625449482.0,64.0
-5.7,1625449482.0,64.0
-7.24,1625449482.0,64.0
-8.81,1625449482.0,64.0
-10.36,1625449482.0,64.0
-11.9,1625449482.0,64.0
-13.5,1625449482.0,64.0
-15.25,1625449482.0,64.0
-17.19,1625449482.0,64.0
-19.32,1625449482.0,64.0
-21.56,1625449482.0,64.0
-23.82,1625449482.0,64.0
-25.97,1625449482.0,64.0
-27.79,1625449482.0,64.0
-28.91,1625449482.0,64.0
-28.88,1625449482.0,64.0
-27.27,1625449482.0,64.0
-23.89,1625449482.0,64.0
-18.87,1625449482.0,64.0
-12.72,1625449482.0,64.0
-6.09,1625449482.0,64.0
0.37,1625449482.0,64.0
6.26,1625449482.0,64.0
11.34,1625449482.0,64.0
15.55,1625449482.0,64.0
18.8,1625449482.0,64.0
20.99,1625449482.0,64.0
22.04,1625449482.0,64.0
22.03,1625449482.0,64.0
21.17,1625449482.0,64.0
19.82,1625449482.0,64.0
18.37,1625449482.0,64.0
17.09,1625449482.0,64.0
16.1,1625449482.0,64.0
15.4,1625449482.0,64.0
14.92,1625449482.0,64.0
14.57,1625449482.0,64.0
14.24,1625449482.0,64.0
13.81,1625449482.0,64.0
13.15,1625449482.0,64.0
12.17,1625449482.0,64.0
10.82,1625449482.0,64.0
9.15,1625449482.0,64.0
7.27,1625449482.0,64.0
5.29,1625449482.0,64.0
3.32,1625449482.0,64.0
1.42,1625449482.0,64.0
-0.4,1625449482.0,64.0
-2.1,1625449482.0,64.0
-3.65,1625449482.0,64.0
-5.02,1625449482.0,64.0
-6.23,1625449482.0,64.0
-7.37,1625449482.0,64.0
-8.56,1625449482.0,64.0
-9.93,1625449482.0,64.0
-11.48,1625449482.0,64.0
-13.14,1625449482.0,64.0
-14.79,1625449482.0,64.0
-16.38,1625449482.0,64.0
-17.97,1625449482.0,64.0
-19.74,1625449482.0,64.0
-21.84,1625449482.0,64.0
-24.21,1625449482.0,64.0
-26.52,1625449482.0,64.0
-28.19,1625449482.0,64.0
-28.54,1625449482.0,64.0
-27.08,1625449482.0,64.0
-23.71,1625449482.0,64.0
-18.71,1625449482.0,64.0
-12.63,1625449482.0,64.0
-6.15,1625449482.0,64.0
0.19,1625449482.0,64.0
6.01,1625449482.0,64.0
11.12,1625449482.0,64.0
15.38,1625449482.0,64.0
18.68,1625449482.0,64.0
20.93,1625449482.0,64.0
22.03,1625449482.0,64.0
22.06,1625449482.0,64.0
21.25,1625449482.0,64.0
19.96,1625449482.0,64.0
18.59,1625449482.0,64.0
17.44,1625449482.0,64.0
16.65,1625449482.0,64.0
16.17,1625449482.0,64.0
15.86,1625449482.0,64.0
15.53,1625449482.0,64.0
15.07,1625449482.0,64.0
14.42,1625449482.0,64.0
13.56,1625449482.0,64.0
12.46,1625449482.0,64.0
11.13,1625449482.0,64.0
9.56,1625449482.0,64.0
7.84,1625449482.0,64.0
6.05,1625449482.0,64.0
4.32,1625449482.0,64.0
2.74,1625449482.0,64.0
1.31,1625449482.0,64.0
-0.03,1625449482.0,64.0
-1.38,1625449482.0,64.0
-2.87,1625449482.0,64.0
-4.54,1625449482.0,64.0
-6.35,1625449482.0,64.0
-8.16,1625449482.0,64.0
-9.84,1625449482.0,64.0
-11.28,1625449482.0,64.0
-12.52,1625449482.0,64.0
-13.67,1625449482.0,64.0
-14.9,1625449482.0,64.0
-16.39,1625449482.0,64.0
-18.26,1625449482.0,64.0
-20.51,1625449482.0,64.0
-23.03,1625449482.0,64.0
-25.54,1625449482.0,64.0
-27.62,1625449482.0,64.0
-28.75,1625449482.0,64.0
-28.41,1625449482.0,64.0
-26.3,1625449482.0,64.0
-22.41,1625449482.0,64.0
-17.09,1625449482.0,64.0
-10.91,1625449482.0,64.0
-4.51,1625449482.0,64.0
1.61,1625449482.0,64.0
7.16,1625449482.0,64.0
12.02,1625449482.0,64.0
16.18,1625449482.0,64.0
19.57,1625449482.0,64.0
22.01,1625449482.0,64.0
23.32,1625449482.0,64.0
23.43,1625449482.0,64.0
22.46,1625449482.0,64.0
20.82,1625449482.0,64.0
19.06,1625449482.0,64.0
17.63,1625449482.0,64.0
16.78,1625449482.0,64.0
16.4,1625449482.0,64.0
16.19,1625449482.0,64.0
15.78,1625449482.0,64.0
14.97,1625449482.0,64.0
13.76,1625449482.0,64.0
12.35,1625449482.0,64.0
10.94,1625449482.0,64.0
9.64,1625449482.0,64.0
8.36,1625449482.0,64.0
6.97,1625449482.0,64.0
5.37,1625449482.0,64.0
3.6,1625449482.0,64.0
1.86,1625449482.0,64.0
0.38,1625449482.0,64.0
-0.72,1625449482.0,64.0
-1.52,1625449482.0,64.0
-2.27,1625449482.0,64.0
-3.23,1625449482.0,64.0
-4.56,1625449482.0,64.0
-6.23,1625449482.0,64.0
-8.05,1625449482.0,64.0
-9.8,1625449482.0,64.0
-11.4,1625449482.0,64.0
-12.89,1625449482.0,64.0
-14.42,1625449482.0,64.0
-16.15,1625449482.0,64.0
-18.17,1625449482.0,64.0
-20.51,1625449482.0,64.0
-23.06,1625449482.0,64.0
-25.61,1625449482.0,64.0
-27.86,1625449482.0,64.0
-29.34,1625449482.0,64.0
-29.58,1625449482.0,64.0
-28.15,1625449482.0,64.0
-24.89,1625449482.0,64.0
-19.99,1625449482.0,64.0
-13.94,1625449482.0,64.0
-7.4,1625449482.0,64.0
-0.98,1625449482.0,64.0
4.93,1625449482.0,64.0
10.11,1625449482.0,64.0
14.52,1625449482.0,64.0
18.09,1625449482.0,64.0
20.7,1625449482.0,64.0
22.22,1625449482.0,64.0
22.59,1625449482.0,64.0
21.94,1625449482.0,64.0
20.61,1625449482.0,64.0
19.07,1625449482.0,64.0
17.72,1625449482.0,64.0
16.82,1625449482.0,64.0
16.37,1625449482.0,64.0
16.21,1625449482.0,64.0
16.07,1625449482.0,64.0
15.69,1625449482.0,64.0
14.95,1625449482.0,64.0
13.82,1625449482.0,64.0
12.39,1625449482.0,64.0
10.79,1625449482.0,64.0
9.11,1625449482.0,64.0
7.4,1625449482.0,64.0
5.67,1625449482.0,64.0
3.95,1625449482.0,64.0
2.27,1625449482.0,64.0
0.7,1625449482.0,64.0
-0.72,1625449482.0,64.0
-2.02,1625449482.0,64.0
-3.31,1625449482.0,64.0
-4.8,1625449482.0,64.0
-6.62,1625449482.0,64.0
-8.81,1625449482.0,64.0
-11.19,1625449482.0,64.0
-13.47,1625449482.0,64.0
-15.38,1625449482.0,64.0
-16.84,1625449482.0,64.0
-17.99,1625449482.0,64.0
-19.15,1625449482.0,64.0
-20.71,1625449482.0,64.0
-22.9,1625449482.0,64.0
-25.74,1625449482.0,64.0
-28.97,1625449482.0,64.0
-32.11,1625449482.0,64.0
-34.52,1625449482.0,64.0
-35.58,1625449482.0,64.0
-34.79,1625449482.0,64.0
-31.93,1625449482.0,64.0
-27.11,1625449482.0,64.0
-20.76,1625449482.0,64.0
-13.52,1625449482.0,64.0
-6.09,1625449482.0,64.0
0.92,1625449482.0,64.0
7.04,1625449482.0,64.0
12.01,1625449482.0,64.0
15.7,1625449482.0,64.0
18.11,1625449482.0,64.0
19.31,1625449482.0,64.0
19.48,1625449482.0,64.0
18.85,1625449482.0,64.0
17.75,1625449482.0,64.0
16.55,1625449482.0,64.0
15.53,1625449482.0,64.0
14.89,1625449482.0,64.0
14.63,1625449482.0,64.0
14.62,1625449482.0,64.0
14.64,1625449482.0,64.0
14.5,1625449482.0,64.0
14.11,1625449482.0,64.0
13.53,1625449482.0,64.0
12.94,1625449482.0,64.0
12.45,1625449482.0,64.0
12.07,1625449482.0,64.0
11.65,1625449482.0,64.0
11.01,1625449482.0,64.0
10.02,1625449482.0,64.0
8.74,1625449482.0,64.0
7.37,1625449482.0,64.0
6.1,1625449482.0,64.0
5.02,1625449482.0,64.0
4.02,1625449482.0,64.0
2.87,1625449482.0,64.0
1.34,1625449482.0,64.0
-0.59,1625449482.0,64.0
-2.74,1625449482.0,64.0
-4.8,1625449482.0,64.0
-6.57,1625449482.0,64.0
-8.08,1625449482.0,64.0
-9.55,1625449482.0,64.0
-11.29,1625449482.0,64.0
-13.53,1625449482.0,64.0
-16.28,1625449482.0,64.0
-19.36,1625449482.0,64.0
-22.4,1625449482.0,64.0
-24.95,1625449482.0,64.0
-26.5,1625449482.0,64.0
-26.61,1625449482.0,64.0
-24.93,1625449482.0,64.0
-21.43,1625449482.0,64.0
-16.4,1625449482.0,64.0
-10.43,1625449482.0,64.0
-4.23,1625449482.0,64.0
1.61,1625449482.0,64.0
6.81,1625449482.0,64.0
11.33,1625449482.0,64.0
15.25,1625449482.0,64.0
18.55,1625449482.0,64.0
21.05,1625449482.0,64.0
22.48,1625449482.0,64.0
22.66,1625449482.0,64.0
21.72,1625449482.0,64.0
20.05,1625449482.0,64.0
18.26,1625449482.0,64.0
16.88,1625449482.0,64.0
16.21,1625449482.0,64.0
16.21,1625449482.0,64.0
16.53,1625449482.0,64.0
16.74,1625449482.0,64.0
16.44,1625449482.0,64.0
15.49,1625449482.0,64.0
13.99,1625449482.0,64.0
12.18,1625449482.0,64.0
10.36,1625449482.0,64.0
8.73,1625449482.0,64.0
7.34,1625449482.0,64.0
6.13,1625449482.0,64.0
4.98,1625449482.0,64.0
3.78,1625449482.0,64.0
2.48,1625449482.0,64.0
1.03,1625449482.0,64.0
-0.55,1625449482.0,64.0
-2.27,1625449482.0,64.0
-4.09,1625449482.0,64.0
-5.95,1625449482.0,64.0
-7.79,1625449482.0,64.0
-9.53,1625449482.0,64.0
-11.16,1625449482.0,64.0
-12.72,1625449482.0,64.0
-14.29,1625449482.0,64.0
-15.99,1625449482.0,64.0
-17.95,1625449482.0,64.0
-20.27,1625449482.0,64.0
-22.91,1625449482.0,64.0
-25.65,1625449482.0,64.0
-28.01,1625449482.0,64.0
-29.36,1625449482.0,64.0
-29.07,1625449482.0,64.0
-26.74,1625449482.0,64.0
-22.43,1625449482.0,64.0
-16.61,1625449482.0,64.0
-10.05,1625449482.0,64.0
-3.49,1625449482.0,64.0
2.49,1625449482.0,64.0
7.71,1625449482.0,64.0
12.14,1625449482.0,64.0
15.84,1625449482.0,64.0
18.77,1625449482.0,64.0
20.79,1625449482.0,64.0
21.79,1625449482.0,64.0
21.78,1625449482.0,64.0
21.02,1625449482.0,64.0
19.9,1625449482.0,64.0
18.82,1625449482.0,64.0
18.03,1625449482.0,64.0
17.56,1625449482.0,64.0
17.26,1625449482.0,64.0
16.93,1625449482.0,64.0
16.38,1625449482.0,64.0
15.53,1625449482.0,64.0
14.34,1625449482.0,64.0
12.86,1625449482.0,64.0
11.15,1625449482.0,64.0
9.27,1625449482.0,64.0
7.32,1625449482.0,64.0
5.37,1625449482.0,64.0
3.46,1625449482.0,64.0
1.62,1625449482.0,64.0
-0.18,1625449482.0,64.0
-1.91,1625449482.0,64.0
-3.54,1625449482.0,64.0
-5.03,1625449482.0,64.0
-6.38,1625449482.0,64.0
-7.7,1625449482.0,64.0
-9.13,1625449482.0,64.0
-10.81,1625449482.0,64.0
-12.76,1625449482.0,64.0
-14.84,1625449482.0,64.0
-16.82,1625449482.0,64.0
-18.58,1625449482.0,64.0
-20.15,1625449482.0,64.0
-21.75,1625449482.0,64.0
-23.62,1625449482.0,64.0
-25.76,1625449482.0,64.0
-27.87,1625449482.0,64.0
-29.3,1625449482.0,64.0
-29.38,1625449482.0,64.0
-27.64,1625449482.0,64.0
-24.01,1625449482.0,64.0
-18.83,1625449482.0,64.0
-12.71,1625449482.0,64.0
-6.26,1625449482.0,64.0
0.03,1625449482.0,64.0
5.89,1625449482.0,64.0
11.16,1625449482.0,64.0
15.72,1625449482.0,64.0
19.4,1625449482.0,64.0
22.03,1625449482.0,64.0
23.48,1625449482.0,64.0
23.76,1625449482.0,64.0
23.06,1625449482.0,64.0
21.7,1625449482.0,64.0
20.14,1625449482.0,64.0
18.79,1625449482.0,64.0
17.87,1625449482.0,64.0
17.41,1625449482.0,64.0
17.18,1625449482.0,64.0
16.85,1625449482.0,64.0
16.13,1625449482.0,64.0
14.87,1625449482.0,64.0
13.12,1625449482.0,64.0
11.08,1625449482.0,64.0
8.94,1625449482.0,64.0
6.85,1625449482.0,64.0
4.86,1625449482.0,64.0
2.97,1625449482.0,64.0
1.12,1625449482.0,64.0
-0.67,1625449482.0,64.0
-2.39,1625449482.0,64.0
-4.02,1625449482.0,64.0
-5.55,1625449482.0,64.0
-6.98,1625449482.0,64.0
-8.34,1625449482.0,64.0
-9.66,1625449482.0,64.0
-11.01,1625449482.0,64.0
-12.43,1625449482.0,64.0
-13.97,1625449482.0,64.0
-15.65,1625449482.0,64.0
-17.49,1625449482.0,64.0
-19.52,1625449482.0,64.0
-21.77,1625449482.0,64.0
-24.22,1625449482.0,64.0
-26.72,1625449482.0,64.0
-28.9,1625449482.0,64.0
-30.26,1625449482.0,64.0
-30.21,1625449482.0,64.0
-28.36,1625449482.0,64.0
-24.62,1625449482.0,64.0
-19.32,1625449482.0,64.0
-13.05,1625449482.0,64.0
-6.49,1625449482.0,64.0
-0.18,1625449482.0,64.0
5.63,1625449482.0,64.0
10.85,1625449482.0,64.0
15.47,1625449482.0,64.0
19.37,1625449482.0,64.0
22.34,1625449482.0,64.0
24.14,1625449482.0,64.0
24.69,1625449482.0,64.0
24.16,1625449482.0,64.0
22.97,1625449482.0,64.0
21.61,1625449482.0,64.0
20.49,1625449482.0,64.0
19.71,1625449482.0,64.0
19.16,1625449482.0,64.0
18.55,1625449482.0,64.0
17.65,1625449482.0,64.0
16.41,1625449482.0,64.0
14.9,1625449482.0,64.0
13.3,1625449482.0,64.0
11.71,1625449482.0,64.0
10.16,1625449482.0,64.0
8.6,1625449482.0,64.0
6.96,1625449482.0,64.0
5.24,1625449482.0,64.0
3.45,1625449482.0,64.0
1.64,1625449482.0,64.0
-0.17,1625449482.0,64.0
-1.99,1625449482.0,64.0
-3.82,1625449482.0,64.0
-5.64,1625449482.0,64.0
-7.39,1625449482.0,64.0
-9.04,1625449482.0,64.0
-10.6,1625449482.0,64.0
-12.15,1625449482.0,64.0
-13.79,1625449482.0,64.0
-15.64,1625449482.0,64.0
-17.75,1625449482.0,64.0
-20.1,1625449482.0,64.0
-22.6,1625449482.0,64.0
-25.03,1625449482.0,64.0
-27.03,1625449482.0,64.0
-28.12,1625449482.0,64.0
-27.82,1625449482.0,64.0
-25.78,1625449482.0,64.0
-21.97,1625449482.0,64.0
-16.74,1625449482.0,64.0
-10.7,1625449482.0,64.0
-4.53,1625449482.0,64.0
1.24,1625449482.0,64.0
6.38,1625449482.0,64.0
10.89,1625449482.0,64.0
14.85,1625449482.0,64.0
18.25,1625449482.0,64.0
20.82,1625449482.0,64.0
22.26,1625449482.0,64.0
22.37,1625449482.0,64.0
21.26,1625449482.0,64.0
19.42,1625449482.0,64.0
17.54,1625449482.0,64.0
16.21,1625449482.0,64.0
15.67,1625449482.0,64.0
15.76,1625449482.0,64.0
15.98,1625449482.0,64.0
15.79,1625449482.0,64.0
14.89,1625449482.0,64.0
13.28,1625449482.0,64.0
11.2,1625449482.0,64.0
8.99,1625449482.0,64.0
6.88,1625449482.0,64.0
4.93,1625449482.0,64.0
3.09,1625449482.0,64.0
1.31,1625449482.0,64.0
-0.45,1625449482.0,64.0
-2.15,1625449482.0,64.0
-3.74,1625449482.0,64.0
-5.2,1625449482.0,64.0
-6.59,1625449482.0,64.0
-7.96,1625449482.0,64.0
-9.4,1625449482.0,64.0
-10.94,1625449482.0,64.0
-12.55,1625449482.0,64.0
-14.22,1625449482.0,64.0
-15.95,1625449482.0,64.0
-17.78,1625449482.0,64.0
-19.78,1625449482.0,64.0
-21.97,1625449482.0,64.0
-24.2,1625449482.0,64.0
-26.12,1625449482.0,64.0
-27.22,1625449482.0,64.0
-26.99,1625449482.0,64.0
-25.08,1625449482.0,64.0
-21.51,1625449482.0,64.0
-16.6,1625449482.0,64.0
-10.9,1625449482.0,64.0
-4.96,1625449482.0,64.0
0.83,1625449482.0,64.0
6.26,1625449482.0,64.0
11.25,1625449482.0,64.0
15.68,1625449482.0,64.0
19.35,1625449482.0,64.0
21.96,1625449482.0,64.0
23.26,1625449482.0,64.0
23.21,1625449482.0,64.0
22.08,1625449482.0,64.0
20.39,1625449482.0,64.0
18.73,1625449482.0,64.0
17.5,1625449482.0,64.0
16.81,1625449482.0,64.0
16.45,1625449482.0,64.0
16.04,1625449482.0,64.0
15.24,1625449482.0,64.0
13.93,1625449482.0,64.0
12.21,1625449482.0,64.0
10.34,1625449482.0,64.0
8.52,1625449482.0,64.0
6.86,1625449482.0,64.0
5.26,1625449482.0,64.0
3.53,1625449482.0,64.0
1.51,1625449482.0,64.0
-0.82,1625449482.0,64.0
-3.33,1625449482.0,64.0
-5.78,1625449482.0,64.0
-7.94,1625449482.0,64.0
-9.68,1625449482.0,64.0
-11.05,1625449482.0,64.0
-12.23,1625449482.0,64.0
-13.49,1625449482.0,64.0
-15.05,1625449482.0,64.0
-17.01,1625449482.0,64.0
-19.38,1625449482.0,64.0
-22.07,1625449482.0,64.0
-24.95,1625449482.0,64.0
-27.82,1625449482.0,64.0
-30.37,1625449482.0,64.0
-32.13,1625449482.0,64.0
-32.62,1625449482.0,64.0
-31.38,1625449482.0,64.0
-28.25,1625449482.0,64.0
-23.39,1625449482.0,64.0
-17.3,1625449482.0,64.0
-10.63,1625449482.0,64.0
-3.98,1625449482.0,64.0
2.3,1625449482.0,64.0
8.07,1625449482.0,64.0
13.33,1625449482.0,64.0
18.07,1625449482.0,64.0
22.13,1625449482.0,64.0
25.25,1625449482.0,64.0
27.16,1625449482.0,64.0
27.73,1625449482.0,64.0
27.13,1625449482.0,64.0
25.75,1625449482.0,64.0
24.11,1625449482.0,64.0
22.62,1625449482.0,64.0
21.5,1625449482.0,64.0
20.68,1625449482.0,64.0
19.92,1625449482.0,64.0
18.99,1625449482.0,64.0
17.74,1625449482.0,64.0
16.18,1625449482.0,64.0
14.39,1625449482.0,64.0
12.46,1625449482.0,64.0
10.41,1625449482.0,64.0
8.23,1625449482.0,64.0
5.93,1625449482.0,64.0
3.56,1625449482.0,64.0
1.25,1625449482.0,64.0
-0.91,1625449482.0,64.0
-2.86,1625449482.0,64.0
-4.63,1625449482.0,64.0
-6.3,1625449482.0,64.0
-7.96,1625449482.0,64.0
-9.66,1625449482.0,64.0
-11.37,1625449482.0,64.0
-13.04,1625449482.0,64.0
-14.63,1625449482.0,64.0
-16.2,1625449482.0,64.0
-17.84,1625449482.0,64.0
-19.7,1625449482.0,64.0
-21.89,1625449482.0,64.0
-24.43,1625449482.0,64.0
-27.15,1625449482.0,64.0
-29.75,1625449482.0,64.0
-31.8,1625449482.0,64.0
-32.84,1625449482.0,64.0
-32.44,1625449482.0,64.0
-30.34,1625449482.0,64.0
-26.5,1625449482.0,64.0
-21.15,1625449482.0,64.0
-14.71,1625449482.0,64.0
-7.71,1625449482.0,64.0
-0.69,1625449482.0,64.0
5.92,1625449482.0,64.0
11.84,1625449482.0,64.0
16.96,1625449482.0,64.0
21.23,1625449482.0,64.0
24.62,1625449482.0,64.0
27.08,1625449482.0,64.0
28.56,1625449482.0,64.0
29.04,1625449482.0,64.0
28.62,1625449482.0,64.0
27.55,1625449482.0,64.0
26.14,1625449482.0,64.0
24.7,1625449482.0,64.0
23.37,1625449482.0,64.0
22.12,1625449482.0,64.0
20.78,1625449482.0,64.0
19.22,1625449482.0,64.0
17.43,1625449482.0,64.0
15.59,1625449482.0,64.0
13.93,1625449482.0,64.0
12.59,1625449482.0,64.0
11.5,1625449482.0,64.0
10.41,1625449482.0,64.0
9.06,1625449482.0,64.0
7.26,1625449482.0,64.0
5.07,1625449482.0,64.0
2.72,1625449482.0,64.0
0.5,1625449482.0,64.0
-1.36,1625449482.0,64.0
-2.86,1625449482.0,64.0
-4.15,1625449482.0,64.0
-5.46,1625449482.0,64.0
-7.01,1625449482.0,64.0
-8.86,1625449482.0,64.0
-10.91,1625449482.0,64.0
-12.92,1625449482.0,64.0
-14.68,1625449482.0,64.0
-16.06,1625449482.0,64.0
-17.19,1625449482.0,64.0
-18.32,1625449482.0,64.0
-19.79,1625449482.0,64.0
-21.86,1625449482.0,64.0
-24.61,1625449482.0,64.0
-27.87,1625449482.0,64.0
-31.26,1625449482.0,64.0
-34.26,1625449482.0,64.0
-36.34,1625449482.0,64.0
-37.03,1625449482.0,64.0
-36.04,1625449482.0,64.0
-33.3,1625449482.0,64.0
-28.99,1625449482.0,64.0
-23.49,1625449482.0,64.0
-17.28,1625449482.0,64.0
-10.83,1625449482.0,64.0
-4.5,1625449482.0,64.0
1.52,1625449482.0,64.0
7.17,1625449482.0,64.0
12.37,1625449482.0,64.0
16.95,1625449482.0,64.0
20.64,1625449482.0,64.0
23.13,1625449482.0,64.0
24.22,1625449482.0,64.0
23.99,1625449482.0,64.0
22.84,1625449482.0,64.0
21.33,1625449482.0,64.0
19.99,1625449482.0,64.0
19.05,1625449482.0,64.0
18.42,1625449482.0,64.0
17.74,1625449482.0,64.0
16.65,1625449482.0,64.0
14.98,1625449482.0,64.0
12.85,1625449482.0,64.0
10.61,1625449482.0,64.0
8.73,1625449482.0,64.0
7.54,1625449482.0,64.0
7.18,1625449482.0,64.0
7.56,1625449482.0,64.0
8.42,1625449482.0,64.0
9.42,1625449482.0,64.0
10.23,1625449482.0,64.0
10.59,1625449482.0,64.0
10.38,1625449482.0,64.0
9.61,1625449482.0,64.0
8.38,1625449482.0,64.0
6.82,1625449482.0,64.0
5.07,1625449482.0,64.0
3.18,1625449482.0,64.0
1.22,1625449482.0,64.0
-0.78,1625449482.0,64.0
-2.74,1625449482.0,64.0
-4.55,1625449482.0,64.0
-6.11,1625449482.0,64.0
-7.4,1625449482.0,64.0
-8.52,1625449482.0,64.0
-9.64,1625449482.0,64.0
-10.96,1625449482.0,64.0
-12.56,1625449482.0,64.0
-14.38,1625449482.0,64.0
-16.27,1625449482.0,64.0
-18.09,1625449482.0,64.0
-19.8,1625449482.0,64.0
-21.44,1625449482.0,64.0
-22.97,1625449482.0,64.0
-24.15,1625449482.0,64.0
-24.51,1625449482.0,64.0
-23.51,1625449482.0,64.0
-20.77,1625449482.0,64.0
-16.32,1625449482.0,64.0
-10.69,1625449482.0,64.0
-4.68,1625449482.0,64.0
0.84,1625449482.0,64.0
5.22,1625449482.0,64.0
8.18,1625449482.0,64.0
9.74,1625449482.0,64.0
10.15,1625449482.0,64.0
9.71,1625449482.0,64.0
8.72,1625449482.0,64.0
7.42,1625449482.0,64.0
5.98,1625449482.0,64.0
4.51,1625449482.0,64.0
3.12,1625449482.0,64.0
1.94,1625449482.0,64.0
1.15,1625449482.0,64.0
0.91,1625449482.0,64.0
1.3,1625449482.0,64.0
2.26,1625449482.0,64.0
3.6,1625449482.0,64.0
5.13,1625449482.0,64.0
6.71,1625449482.0,64.0
8.35,1625449482.0,64.0
10.11,1625449482.0,64.0
12.03,1625449482.0,64.0
14.02,1625449482.0,64.0
15.9,1625449482.0,64.0
17.44,1625449482.0,64.0
18.44,1625449482.0,64.0
18.9,1625449482.0,64.0
18.9,1625449482.0,64.0
18.6,1625449482.0,64.0
18.06,1625449482.0,64.0
17.24,1625449482.0,64.0
15.99,1625449482.0,64.0
14.16,1625449482.0,64.0
11.71,1625449482.0,64.0
8.78,1625449482.0,64.0
5.63,1625449482.0,64.0
2.57,1625449482.0,64.0
-0.13,1625449482.0,64.0
-2.39,1625449482.0,64.0
-4.29,1625449482.0,64.0
-6.12,1625449482.0,64.0
-8.23,1625449482.0,64.0
-10.99,1625449482.0,64.0
-14.56,1625449482.0,64.0
-18.82,1625449482.0,64.0
-23.26,1625449482.0,64.0
-27.14,1625449482.0,64.0
-29.68,1625449482.0,64.0
-30.32,1625449482.0,64.0
-28.95,1625449482.0,64.0
-25.92,1625449482.0,64.0
-21.84,1625449482.0,64.0
-17.33,1625449482.0,64.0
-12.76,1625449482.0,64.0
-8.29,1625449482.0,64.0
-3.92,1625449482.0,64.0
0.24,1625449482.0,64.0
3.9,1625449482.0,64.0
6.72,1625449482.0,64.0
8.43,1625449482.0,64.0
9.06,1625449482.0,64.0
9.0,1625449482.0,64.0
8.8,1625449482.0,64.0
8.94,1625449482.0,64.0
9.65,1625449482.0,64.0
10.79,1625449482.0,64.0
11.98,1625449482.0,64.0
12.8,1625449482.0,64.0
12.95,1625449482.0,64.0
12.34,1625449482.0,64.0
11.1,1625449482.0,64.0
9.46,1625449482.0,64.0
7.67,1625449482.0,64.0
5.96,1625449482.0,64.0
4.39,1625449482.0,64.0
2.96,1625449482.0,64.0
1.56,1625449482.0,64.0
0.03,1625449482.0,64.0
-1.69,1625449482.0,64.0
-3.63,1625449482.0,64.0
-5.64,1625449482.0,64.0
-7.56,1625449482.0,64.0
-9.23,1625449482.0,64.0
-10.6,1625449482.0,64.0
-11.81,1625449482.0,64.0
-13.05,1625449482.0,64.0
-14.51,1625449482.0,64.0
-16.28,1625449482.0,64.0
-18.37,1625449482.0,64.0
-20.69,1625449482.0,64.0
-23.17,1625449482.0,64.0
-25.78,1625449482.0,64.0
-28.37,1625449482.0,64.0
-30.67,1625449482.0,64.0
-32.22,1625449482.0,64.0
-32.46,1625449482.0,64.0
-30.97,1625449482.0,64.0
-27.65,1625449482.0,64.0
-22.82,1625449482.0,64.0
-17.06,1625449482.0,64.0
-11.0,1625449482.0,64.0
-5.07,1625449482.0,64.0
0.53,1625449482.0,64.0
5.78,1625449482.0,64.0
10.65,1625449482.0,64.0
14.99,1625449482.0,64.0
18.49,1625449482.0,64.0
20.86,1625449482.0,64.0
21.92,1625449482.0,64.0
21.81,1625449482.0,64.0
20.88,1625449482.0,64.0
19.64,1625449482.0,64.0
18.52,1625449482.0,64.0
17.79,1625449482.0,64.0
17.5,1625449482.0,64.0
17.57,1625449482.0,64.0
17.83,1625449482.0,64.0
18.15,1625449482.0,64.0
18.43,1625449482.0,64.0
18.63,1625449482.0,64.0
18.72,1625449482.0,64.0
18.63,1625449482.0,64.0
18.28,1625449482.0,64.0
17.55,1625449482.0,64.0
16.31,1625449482.0,64.0
14.46,1625449482.0,64.0
11.94,1625449482.0,64.0
8.74,1625449482.0,64.0
4.89,1625449482.0,64.0
0.55,1625449482.0,64.0
-4.09,1625449482.0,64.0
-8.74,1625449482.0,64.0
-13.14,1625449482.0,64.0
-17.07,1625449482.0,64.0
-20.42,1625449482.0,64.0
-23.19,1625449482.0,64.0
-25.46,1625449482.0,64.0
-27.43,1625449482.0,64.0
-29.37,1625449482.0,64.0
-31.55,1625449482.0,64.0
-34.18,1625449482.0,64.0
-37.16,1625449482.0,64.0
-40.06,1625449482.0,64.0
-42.1,1625449482.0,64.0
-42.45,1625449482.0,64.0
-40.52,1625449482.0,64.0
-36.25,1625449482.0,64.0
-30.2,1625449482.0,64.0
-23.28,1625449482.0,64.0
-16.42,1625449482.0,64.0
-10.22,1625449482.0,64.0
-4.8,1625449482.0,64.0
0.16,1625449482.0,64.0
5.13,1625449482.0,64.0
10.54,1625449482.0,64.0
16.58,1625449482.0,64.0
23.19,1625449482.0,64.0
30.12,1625449482.0,64.0
36.95,1625449482.0,64.0
43.25,1625449482.0,64.0
48.59,1625449482.0,64.0
52.59,1625449482.0,64.0
54.96,1625449482.0,64.0
55.5,1625449482.0,64.0
54.07,1625449482.0,64.0
50.64,1625449482.0,64.0
45.34,1625449482.0,64.0
38.47,1625449482.0,64.0
30.56,1625449482.0,64.0
22.3,1625449482.0,64.0
14.35,1625449482.0,64.0
7.28,1625449482.0,64.0
1.36,1625449482.0,64.0
-3.34,1625449482.0,64.0
-6.96,1625449482.0,64.0
-9.71,1625449482.0,64.0
-11.79,1625449482.0,64.0
-13.32,1625449482.0,64.0
-14.4,1625449482.0,64.0
-15.14,1625449482.0,64.0
-15.68,1625449482.0,64.0
-16.24,1625449482.0,64.0
-17.03,1625449482.0,64.0
-18.17,1625449482.0,64.0
-19.7,1625449482.0,64.0
-21.5,1625449482.0,64.0
-23.46,1625449482.0,64.0
-25.47,1625449482.0,64.0
-27.58,1625449482.0,64.0
-29.83,1625449482.0,64.0
-32.24,1625449482.0,64.0
-34.57,1625449482.0,64.0
-36.38,1625449482.0,64.0
-37.03,1625449482.0,64.0
-36.0,1625449482.0,64.0
-33.02,1625449482.0,64.0
-28.22,1625449482.0,64.0
-22.08,1625449482.0,64.0
-15.23,1625449482.0,64.0
-8.29,1625449482.0,64.0
-1.68,1625449482.0,64.0
4.41,1625449482.0,64.0
9.94,1625449482.0,64.0
14.91,1625449482.0,64.0
19.23,1625449482.0,64.0
22.69,1625449482.0,64.0
25.04,1625449482.0,64.0
26.14,1625449482.0,64.0
26.0,1625449482.0,64.0
24.93,1625449482.0,64.0
23.4,1625449482.0,64.0
21.93,1625449482.0,64.0
20.9,1625449482.0,64.0
20.45,1625449482.0,64.0
20.49,1625449482.0,64.0
20.77,1625449482.0,64.0
21.0,1625449482.0,64.0
20.94,1625449482.0,64.0
20.49,1625449482.0,64.0
19.66,1625449482.0,64.0
18.57,1625449482.0,64.0
17.4,1625449482.0,64.0
16.3,1625449482.0,64.0
15.35,1625449482.0,64.0
14.52,1625449482.0,64.0
13.67,1625449482.0,64.0
12.56,1625449482.0,64.0
10.96,1625449482.0,64.0
8.63,1625449482.0,64.0
5.48,1625449482.0,64.0
1.58,1625449482.0,64.0
-2.85,1625449482.0,64.0
-7.42,1625449482.0,64.0
-11.7,1625449482.0,64.0
-15.32,1625449482.0,64.0
-18.15,1625449482.0,64.0
-20.32,1625449482.0,64.0
-22.16,1625449482.0,64.0
-24.1,1625449482.0,64.0
-26.48,1625449482.0,64.0
-29.36,1625449482.0,64.0
-32.48,1625449482.0,64.0
-35.31,1625449482.0,64.0
-37.12,1625449482.0,64.0
-37.18,1625449482.0,64.0
-34.92,1625449482.0,64.0
-30.12,1625449482.0,64.0
-23.02,1625449482.0,64.0
-14.31,1625449482.0,64.0
-4.91,1625449482.0,64.0
4.27,1625449482.0,64.0
12.57,1625449482.0,64.0
19.67,1625449482.0,64.0
25.52,1625449482.0,64.0
30.15,1625449482.0,64.0
33.45,1625449482.0,64.0
35.19,1625449482.0,64.0
35.11,1625449482.0,64.0
33.15,1625449482.0,64.0
29.6,1625449482.0,64.0
25.07,1625449482.0,64.0
20.36,1625449482.0,64.0
16.16,1625449482.0,64.0
12.87,1625449482.0,64.0
10.53,1625449482.0,64.0
9.01,1625449482.0,64.0
8.15,1625449482.0,64.0
7.9,1625449482.0,64.0
8.33,1625449482.0,64.0
9.45,1625449482.0,64.0
11.13,1625449482.0,64.0
12.94,1625449482.0,64.0
14.31,1625449482.0,64.0
14.69,1625449482.0,64.0
13.77,1625449482.0,64.0
11.59,1625449482.0,64.0
8.47,1625449482.0,64.0
4.83,1625449482.0,64.0
1.1,1625449482.0,64.0
-2.49,1625449482.0,64.0
-5.83,1625449482.0,64.0
-8.84,1625449482.0,64.0
-11.39,1625449482.0,64.0
-13.28,1625449482.0,64.0
-14.27,1625449482.0,64.0
-14.25,1625449482.0,64.0
-13.29,1625449482.0,64.0
-11.7,1625449482.0,64.0
-9.95,1625449482.0,64.0
-8.54,1625449482.0,64.0
-7.92,1625449482.0,64.0
-8.37,1625449482.0,64.0
-10.1,1625449482.0,64.0
-13.19,1625449482.0,64.0
-17.59,1625449482.0,64.0
-23.03,1625449482.0,64.0
-28.89,1625449482.0,64.0
-34.23,1625449482.0,64.0
-37.88,1625449482.0,64.0
-38.74,1625449482.0,64.0
-36.14,1625449482.0,64.0
-30.07,1625449482.0,64.0
-21.2,1625449482.0,64.0
-10.67,1625449482.0,64.0
0.31,1625449482.0,64.0
10.75,1625449482.0,64.0
20.02,1625449482.0,64.0
27.76,1625449482.0,64.0
33.72,1625449482.0,64.0
37.64,1625449482.0,64.0
39.23,1625449482.0,64.0
38.4,1625449482.0,64.0
35.33,1625449482.0,64.0
30.7,1625449482.0,64.0
25.45,1625449482.0,64.0
20.52,1625449482.0,64.0
16.57,1625449482.0,64.0
13.75,1625449482.0,64.0
11.79,1625449482.0,64.0
10.2,1625449482.0,64.0
8.57,1625449482.0,64.0
6.83,1625449482.0,64.0
5.21,1625449482.0,64.0
4.11,1625449482.0,64.0
3.88,1625449482.0,64.0
4.57,1625449482.0,64.0
5.94,1625449482.0,64.0
7.53,1625449482.0,64.0
8.91,1625449482.0,64.0
9.75,1625449482.0,64.0
9.92,1625449482.0,64.0
9.39,1625449482.0,64.0
8.18,1625449482.0,64.0
6.29,1625449482.0,64.0
3.73,1625449482.0,64.0
0.57,1625449482.0,64.0
-3.08,1625449482.0,64.0
-7.01,1625449482.0,64.0
-10.98,1625449482.0,64.0
-14.75,1625449482.0,64.0
-18.03,1625449482.0,64.0
-20.58,1625449482.0,64.0
-22.21,1625449482.0,64.0
-22.88,1625449482.0,64.0
-22.77,1625449482.0,64.0
-22.24,1625449482.0,64.0
-21.77,1625449482.0,64.0
-21.8,1625449482.0,64.0
-22.63,1625449482.0,64.0
-24.28,1625449482.0,64.0
-26.47,1625449482.0,64.0
-28.68,1625449482.0,64.0
-30.24,1625449482.0,64.0
-30.51,1625449482.0,64.0
-29.03,1625449482.0,64.0
-25.69,1625449482.0,64.0
-20.74,1625449482.0,64.0
-14.73,1625449482.0,64.0
-8.34,1625449482.0,64.0
-2.17,1625449482.0,64.0
3.39,1625449482.0,64.0
8.12,1625449482.0,64.0
11.91,1625449482.0,64.0
14.62,1625449482.0,64.0
16.05,1625449482.0,64.0
16.08,1625449482.0,64.0
14.74,1625449482.0,64.0
12.35,1625449482.0,64.0
9.47,1625449482.0,64.0
6.75,1625449482.0,64.0
4.79,1625449482.0,64.0
3.93,1625449482.0,64.0
4.27,1625449482.0,64.0
5.71,1625449482.0,64.0
8.0,1625449482.0,64.0
10.89,1625449482.0,64.0
14.1,1625449482.0,64.0
17.33,1625449482.0,64.0
20.18,1625449482.0,64.0
22.14,1625449482.0,64.0
22.78,1625449482.0,64.0
21.83,1625449482.0,64.0
19.49,1625449482.0,64.0
16.4,1625449482.0,64.0
13.55,1625449482.0,64.0
11.9,1625449482.0,64.0
12.08,1625449482.0,64.0
14.07,1625449482.0,64.0
17.32,1625449482.0,64.0
20.91,1625449482.0,64.0
23.97,1625449482.0,64.0
25.88,1625449482.0,64.0
26.41,1625449482.0,64.0
25.62,1625449482.0,64.0
23.72,1625449482.0,64.0
20.92,1625449482.0,64.0
17.44,1625449482.0,64.0
13.48,1625449482.0,64.0
9.27,1625449482.0,64.0
5.01,1625449482.0,64.0
0.85,1625449482.0,64.0
-3.18,1625449482.0,64.0
-7.13,1625449482.0,64.0
-11.05,1625449482.0,64.0
-14.96,1625449482.0,64.0
-18.78,1625449482.0,64.0
-22.34,1625449482.0,64.0
-25.44,1625449482.0,64.0
-27.99,1625449482.0,64.0
-30.02,1625449482.0,64.0
-31.76,1625449482.0,64.0
-33.46,1625449482.0,64.0
-35.32,1625449482.0,64.0
-37.34,1625449482.0,64.0
-39.31,1625449482.0,64.0
-40.87,1625449482.0,64.0
-41.62,1625449482.0,64.0
-41.16,1625449482.0,64.0
-39.21,1625449482.0,64.0
-35.61,1625449482.0,64.0
-30.41,1625449482.0,64.0
-23.87,1625449482.0,64.0
-16.46,1625449482.0,64.0
-8.72,1625449482.0,64.0
-1.16,1625449482.0,64.0
5.91,1625449482.0,64.0
12.38,1625449482.0,64.0
18.22,1625449482.0,64.0
23.4,1625449482.0,64.0
27.71,1625449482.0,64.0
30.82,1625449482.0,64.0
32.43,1625449482.0,64.0
32.45,1625449482.0,64.0
31.1,1625449482.0,64.0
28.85,1625449482.0,64.0
26.21,1625449482.0,64.0
23.59,1625449482.0,64.0
21.13,1625449482.0,64.0
18.83,1625449482.0,64.0
16.59,1625449482.0,64.0
14.42,1625449482.0,64.0
12.4,1625449482.0,64.0
10.66,1625449482.0,64.0
9.23,1625449482.0,64.0
8.02,1625449482.0,64.0
6.78,1625449482.0,64.0
5.23,1625449482.0,64.0
3.21,1625449482.0,64.0
0.75,1625449482.0,64.0
-1.92,1625449482.0,64.0
-4.45,1625449482.0,64.0
-6.55,1625449482.0,64.0
-8.08,1625449482.0,64.0
-9.11,1625449482.0,64.0
-9.89,1625449482.0,64.0
-10.75,1625449482.0,64.0
-11.94,1625449482.0,64.0
-13.54,1625449482.0,64.0
-15.44,1625449482.0,64.0
-17.38,1625449482.0,64.0
-19.04,1625449482.0,64.0
-20.16,1625449482.0,64.0
-20.62,1625449482.0,64.0
-20.48,1625449482.0,64.0
-19.98,1625449482.0,64.0
-19.44,1625449482.0,64.0
-19.26,1625449482.0,64.0
-19.76,1625449482.0,64.0
-21.12,1625449482.0,64.0
-23.27,1625449482.0,64.0
-25.84,1625449482.0,64.0
-28.19,1625449482.0,64.0
-29.53,1625449482.0,64.0
-29.12,1625449482.0,64.0
-26.49,1625449482.0,64.0
-21.56,1625449482.0,64.0
-14.74,1625449482.0,64.0
-6.76,1625449482.0,64.0
1.51,1625449482.0,64.0
9.22,1625449482.0,64.0
15.71,1625449482.0,64.0
20.56,1625449482.0,64.0
23.62,1625449482.0,64.0
24.95,1625449482.0,64.0
24.84,1625449482.0,64.0
23.77,1625449482.0,64.0
22.3,1625449482.0,64.0
20.98,1625449482.0,64.0
20.2,1625449482.0,64.0
20.1,1625449482.0,64.0
20.52,1625449482.0,64.0
21.09,1625449482.0,64.0
21.36,1625449482.0,64.0
20.96,1625449482.0,64.0
19.71,1625449482.0,64.0
17.67,1625449482.0,64.0
15.08,1625449482.0,64.0
12.29,1625449482.0,64.0
9.68,1625449482.0,64.0
7.48,1625449482.0,64.0
5.82,1625449482.0,64.0
4.65,1625449482.0,64.0
3.79,1625449482.0,64.0
3.02,1625449482.0,64.0
2.1,1625449482.0,64.0
0.86,1625449482.0,64.0
-0.81,1625449482.0,64.0
-2.92,1625449482.0,64.0
-5.42,1625449482.0,64.0
-8.22,1625449482.0,64.0
-11.19,1625449482.0,64.0
-14.11,1625449482.0,64.0
-16.74,1625449482.0,64.0
-18.85,1625449482.0,64.0
-20.28,1625449482.0,64.0
-21.01,1625449482.0,64.0
-21.25,1625449482.0,64.0
-21.36,1625449482.0,64.0
-21.7,1625449482.0,64.0
-22.59,1625449482.0,64.0
-24.16,1625449482.0,64.0
-26.34,1625449482.0,64.0
-28.9,1625449482.0,64.0
-31.37,1625449482.0,64.0
-33.14,1625449482.0,64.0
-33.51,1625449482.0,64.0
-31.88,1625449482.0,64.0
-27.94,1625449482.0,64.0
-21.84,1625449482.0,64.0
-14.16,1625449482.0,64.0
-5.78,1625449482.0,64.0
2.42,1625449482.0,64.0
9.82,1625449482.0,64.0
16.11,1625449482.0,64.0
21.16,1625449482.0,64.0
24.93,1625449482.0,64.0
27.28,1625449482.0,64.0
28.11,1625449482.0,64.0
27.46,1625449482.0,64.0
25.64,1625449482.0,64.0
23.19,1625449482.0,64.0
20.68,1625449482.0,64.0
18.53,1625449482.0,64.0
16.83,1625449482.0,64.0
15.46,1625449482.0,64.0
14.19,1625449482.0,64.0
12.9,1625449482.0,64.0
11.64,1625449482.0,64.0
10.58,1625449482.0,64.0
9.86,1625449482.0,64.0
9.48,1625449482.0,64.0
9.23,1625449482.0,64.0
8.78,1625449482.0,64.0
7.82,1625449482.0,64.0
6.17,1625449482.0,64.0
3.9,1625449482.0,64.0
1.38,1625449482.0,64.0
-0.93,1625449482.0,64.0
-2.56,1625449482.0,64.0
-3.31,1625449482.0,64.0
-3.3,1625449482.0,64.0
-2.91,1625449482.0,64.0
-2.66,1625449482.0,64.0
-2.95,1625449482.0,64.0
-3.92,1625449482.0,64.0
-5.42,1625449482.0,64.0
-7.14,1625449482.0,64.0
-8.73,1625449482.0,64.0
-9.92,1625449482.0,64.0
-10.61,1625449482.0,64.0
-10.8,1625449482.0,64.0
-10.59,1625449482.0,64.0
-10.19,1625449482.0,64.0
-9.95,1625449482.0,64.0
-10.28,1625449482.0,64.0
-11.61,1625449482.0,64.0
-14.06,1625449482.0,64.0
-17.37,1625449482.0,64.0
-20.83,1625449482.0,64.0
-23.5,1625449482.0,64.0
-24.52,1625449482.0,64.0
-23.44,1625449482.0,64.0
-20.42,1625449482.0,64.0
-16.03,1625449482.0,64.0
-11.07,1625449482.0,64.0
-6.13,1625449482.0,64.0
-1.55,1625449482.0,64.0
2.68,1625449482.0,64.0
6.65,1625449482.0,64.0
10.4,1625449482.0,64.0
13.79,1625449482.0,64.0
16.62,1625449482.0,64.0
18.75,1625449482.0,64.0
20.15,1625449482.0,64.0
20.95,1625449482.0,64.0
21.35,1625449482.0,64.0
21.53,1625449482.0,64.0
21.56,1625449482.0,64.0
21.47,1625449482.0,64.0
21.24,1625449482.0,64.0
20.84,1625449482.0,64.0
20.28,1625449482.0,64.0
19.58,1625449482.0,64.0
18.71,1625449482.0,64.0
17.62,1625449482.0,64.0
16.2,1625449482.0,64.0
14.34,1625449482.0,64.0
11.98,1625449482.0,64.0
9.12,1625449482.0,64.0
5.88,1625449482.0,64.0
2.47,1625449482.0,64.0
-0.9,1625449482.0,64.0
-4.07,1625449482.0,64.0
-6.96,1625449482.0,64.0
-9.58,1625449482.0,64.0
-11.96,1625449482.0,64.0
-14.04,1625449482.0,64.0
-15.65,1625449482.0,64.0
-16.6,1625449482.0,64.0
-16.83,1625449482.0,64.0
-16.48,1625449482.0,64.0
-15.93,1625449482.0,64.0
-15.66,1625449482.0,64.0
-16.07,1625449482.0,64.0
-17.29,1625449482.0,64.0
-19.14,1625449482.0,64.0
-21.2,1625449482.0,64.0
-22.95,1625449482.0,64.0
-23.9,1625449482.0,64.0
-23.7,1625449482.0,64.0
-22.18,1625449482.0,64.0
-19.35,1625449482.0,64.0
-15.45,1625449482.0,64.0
-10.92,1625449482.0,64.0
-6.32,1625449482.0,64.0
-2.25,1625449482.0,64.0
0.83,1625449482.0,64.0
2.84,1625449482.0,64.0
4.05,1625449482.0,64.0
5.04,1625449482.0,64.0
6.42,1625449482.0,64.0
8.56,1625449482.0,64.0
11.39,1625449482.0,64.0
14.42,1625449482.0,64.0
17.02,1625449482.0,64.0
18.64,1625449482.0,64.0
19.16,1625449482.0,64.0
18.79,1625449482.0,64.0
18.02,1625449482.0,64.0
17.35,1625449482.0,64.0
17.15,1625449482.0,64.0
17.56,1625449482.0,64.0
18.56,1625449482.0,64.0
20.03,1625449482.0,64.0
21.73,1625449482.0,64.0
23.3,1625449482.0,64.0
24.18,1625449482.0,64.0
23.78,1625449482.0,64.0
21.63,1625449482.0,64.0
17.66,1625449482.0,64.0
12.31,1625449482.0,64.0
6.48,1625449482.0,64.0
1.28,1625449482.0,64.0
-2.37,1625449482.0,64.0
-4.0,1625449482.0,64.0
-3.73,1625449482.0,64.0
-2.14,1625449482.0,64.0
-0.08,1625449482.0,64.0
1.63,1625449482.0,64.0
2.42,1625449482.0,64.0
2.01,1625449482.0,64.0
0.41,1625449482.0,64.0
-2.11,1625449482.0,64.0
-5.2,1625449482.0,64.0
-8.48,1625449482.0,64.0
-11.67,1625449482.0,64.0
-14.64,1625449482.0,64.0
-17.45,1625449482.0,64.0
-20.21,1625449482.0,64.0
-23.02,1625449482.0,64.0
-25.81,1625449482.0,64.0
-28.31,1625449482.0,64.0
-30.06,1625449482.0,64.0
-30.6,1625449482.0,64.0
-29.52,1625449482.0,64.0
-26.61,1625449482.0,64.0
-21.85,1625449482.0,64.0
-15.4,1625449482.0,64.0
-7.63,1625449482.0,64.0
0.87,1625449482.0,64.0
9.34,1625449482.0,64.0
16.98,1625449482.0,64.0
23.04,1625449482.0,64.0
27.03,1625449482.0,64.0
28.8,1625449482.0,64.0
28.52,1625449482.0,64.0
26.54,1625449482.0,64.0
23.34,1625449482.0,64.0
19.39,1625449482.0,64.0
15.14,1625449482.0,64.0
11.06,1625449482.0,64.0
7.62,1625449482.0,64.0
5.25,1625449482.0,64.0
4.29,1625449482.0,64.0
4.85,1625449482.0,64.0
6.75,1625449482.0,64.0
9.48,1625449482.0,64.0
12.32,1625449482.0,64.0
14.54,1625449482.0,64.0
15.61,1625449482.0,64.0
15.4,1625449482.0,64.0
14.1,1625449482.0,64.0
12.12,1625449482.0,64.0
9.83,1625449482.0,64.0
7.48,1625449482.0,64.0
5.12,1625449482.0,64.0
2.69,1625449482.0,64.0
0.12,1625449482.0,64.0
-2.71,1625449482.0,64.0
-5.98,1625449482.0,64.0
-9.88,1625449482.0,64.0
-14.43,1625449482.0,64.0
-19.37,1625449482.0,64.0
-24.0,1625449482.0,64.0
-27.32,1625449482.0,64.0
-28.41,1625449482.0,64.0
-26.76,1625449482.0,64.0
-22.53,1625449482.0,64.0
-16.55,1625449482.0,64.0
-9.96,1625449482.0,64.0
-3.88,1625449482.0,64.0
1.02,1625449482.0,64.0
4.59,1625449482.0,64.0
7.18,1625449482.0,64.0
9.46,1625449482.0,64.0
12.04,1625449482.0,64.0
15.3,1625449482.0,64.0
19.21,1625449482.0,64.0
23.43,1625449482.0,64.0
27.45,1625449482.0,64.0
30.78,1625449482.0,64.0
33.14,1625449482.0,64.0
34.44,1625449482.0,64.0
34.7,1625449482.0,64.0
33.99,1625449482.0,64.0
32.29,1625449482.0,64.0
29.66,1625449482.0,64.0
26.19,1625449482.0,64.0
22.1,1625449482.0,64.0
17.84,1625449482.0,64.0
13.85,1625449482.0,64.0
10.68,1625449482.0,64.0
8.71,1625449482.0,64.0
8.1,1625449482.0,64.0
8.69,1625449482.0,64.0
9.87,1625449482.0,64.0
10.87,1625449482.0,64.0
10.87,1625449482.0,64.0
9.35,1625449482.0,64.0
6.33,1625449482.0,64.0
2.34,1625449482.0,64.0
-1.6,1625449482.0,64.0
-4.27,1625449482.0,64.0
-4.73,1625449482.0,64.0
-3.02,1625449482.0,64.0
-0.48,1625449482.0,64.0
0.3,1625449482.0,64.0
-3.83,1625449482.0,64.0
-15.32,1625449482.0,64.0
-34.57,1625449482.0,64.0
-59.03,1625449482.0,64.0
-83.34,1625449482.0,64.0
-100.78,1625449482.0,64.0
-105.13,1625449482.0,64.0
-92.43,1625449482.0,64.0
-61.93,1625449482.0,64.0
-15.86,1625449482.0,64.0
41.24,1625449482.0,64.0
103.63,1625449482.0,64.0
164.98,1625449482.0,64.0
218.88,1625449482.0,64.0
260.16,1625449482.0,64.0
285.26,1625449482.0,64.0
293.58,1625449482.0,64.0
287.82,1625449482.0,64.0
273.54,1625449482.0,64.0
257.42,1625449482.0,64.0
245.12,1625449482.0,64.0
239.91,1625449482.0,64.0
242.43,1625449482.0,64.0
252.38,1625449482.0,64.0
269.14,1625449482.0,64.0
292.12,1625449482.0,64.0
319.72,1625449482.0,64.0
348.22,1625449482.0,64.0
371.64,1625449482.0,64.0
383.19,1625449482.0,64.0
378.0,1625449482.0,64.0
354.94,1625449482.0,64.0
318.47,1625449482.0,64.0
275.63,1625449482.0,64.0
233.5,1625449482.0,64.0
196.62,1625449482.0,64.0
166.09,1625449482.0,64.0
140.41,1625449482.0,64.0
117.26,1625449482.0,64.0
94.98,1625449482.0,64.0
71.94,1625449482.0,64.0
49.86,1625449482.0,64.0
29.2,1625449482.0,64.0
10.17,1625449482.0,64.0
-7.48,1625449482.0,64.0
-24.3,1625449482.0,64.0
-41.16,1625449482.0,64.0
-59.05,1625449482.0,64.0
-79.01,1625449482.0,64.0
-104.31,1625449482.0,64.0
-132.47,1625449482.0,64.0
-162.9,1625449482.0,64.0
-194.4,1625449482.0,64.0
-225.45,1625449482.0,64.0
-254.82,1625449482.0,64.0
-282.07,1625449482.0,64.0
-307.69,1625449482.0,64.0
-332.98,1625449482.0,64.0
-363.76,1625449482.0,64.0
-397.88,1625449482.0,64.0
-437.12,1625449482.0,64.0
-481.89,1625449482.0,64.0
-530.01,1625449482.0,64.0
-576.17,1625449482.0,64.0
-612.58,1625449482.0,64.0
-631.15,1625449482.0,64.0
-626.33,1625449482.0,64.0
-602.44,1625449482.0,64.0
-558.22,1625449482.0,64.0
-501.25,1625449482.0,64.0
-439.28,1625449482.0,64.0
-377.48,1625449482.0,64.0
-317.27,1625449482.0,64.0
-257.22,1625449482.0,64.0
-195.24,1625449482.0,64.0
-98.98,1625449482.0,64.0
-11.79,1625449482.0,64.0
67.29,1625449482.0,64.0
131.99,1625449482.0,64.0
177.09,1625449482.0,64.0
200.19,1625449482.0,64.0
202.2,1625449482.0,64.0
186.63,1625449482.0,64.0
158.06,1625449482.0,64.0
120.26,1625449482.0,64.0
70.32,1625449482.0,64.0
14.97,1625449482.0,64.0
-44.32,1625449482.0,64.0
-104.42,1625449482.0,64.0
-160.3,1625449482.0,64.0
-206.01,1625449482.0,64.0
-236.45,1625449482.0,64.0
-249.04,1625449482.0,64.0
-244.52,1625449482.0,64.0
-230.46,1625449482.0,64.0
-208.01,1625449482.0,64.0
-182.92,1625449482.0,64.0
-159.63,1625449482.0,64.0
-140.09,1625449482.0,64.0
-123.48,1625449482.0,64.0
-106.7,1625449482.0,64.0
-85.83,1625449482.0,64.0
-57.89,1625449482.0,64.0
-24.53,1625449482.0,64.0
15.47,1625449482.0,64.0
59.32,1625449482.0,64.0
104.39,1625449482.0,64.0
149.09,1625449482.0,64.0
192.85,1625449482.0,64.0
235.3,1625449482.0,64.0
275.39,1625449482.0,64.0
311.16,1625449482.0,64.0
339.11,1625449482.0,64.0
358.72,1625449482.0,64.0
369.08,1625449482.0,64.0
370.16,1625449482.0,64.0
362.36,1625449482.0,64.0
345.9,1625449482.0,64.0
320.72,1625449482.0,64.0
286.9,1625449482.0,64.0
245.15,1625449482.0,64.0
196.46,1625449482.0,64.0
143.23,1625449482.0,64.0
87.07,1625449482.0,64.0
28.88,1625449482.0,64.0
-30.97,1625449482.0,64.0
-91.73,1625449482.0,64.0
-151.3,1625449482.0,64.0
-205.9,1625449482.0,64.0
-250.81,1625449482.0,64.0
-281.83,1625449482.0,64.0
-296.9,1625449482.0,64.0
-296.81,1625449482.0,64.0
-284.8,1625449482.0,64.0
-265.2,1625449482.0,64.0
-242.01,1625449482.0,64.0
-218.16,1625449482.0,64.0
-195.54,1625449482.0,64.0
-175.46,1625449482.0,64.0
-159.11,1625449482.0,64.0
-147.34,1625449482.0,64.0
-140.29,1625449482.0,64.0
-136.97,1625449482.0,64.0
-135.34,1625449482.0,64.0
-133.09,1625449482.0,64.0
-128.36,1625449482.0,64.0
-120.46,1625449482.0,64.0
-109.88,1625449482.0,64.0
-98.05,1625449482.0,64.0
-86.75,1625449482.0,64.0
-77.38,1625449482.0,64.0
-70.66,1625449482.0,64.0
-66.44,1625449482.0,64.0
-64.01,1625449482.0,64.0
-62.45,1625449482.0,64.0
-61.09,1625449482.0,64.0
-59.64,1625449482.0,64.0
-58.13,1625449482.0,64.0
-56.56,1625449482.0,64.0
-54.56,1625449482.0,64.0
-51.31,1625449482.0,64.0
-45.7,1625449482.0,64.0
-36.78,1625449482.0,64.0
-24.14,1625449482.0,64.0
-8.11,1625449482.0,64.0
10.35,1625449482.0,64.0
29.89,1625449482.0,64.0
49.09,1625449482.0,64.0
66.73,1625449482.0,64.0
81.81,1625449482.0,64.0
93.64,1625449482.0,64.0
101.85,1625449482.0,64.0
106.5,1625449482.0,64.0
108.08,1625449482.0,64.0
107.54,1625449482.0,64.0
106.02,1625449482.0,64.0
104.6,1625449482.0,64.0
103.94,1625449482.0,64.0
104.15,1625449482.0,64.0
104.82,1625449482.0,64.0
105.19,1625449482.0,64.0
104.53,1625449482.0,64.0
102.38,1625449482.0,64.0
98.72,1625449482.0,64.0
93.87,1625449482.0,64.0
88.32,1625449482.0,64.0
82.52,1625449482.0,64.0
76.7,1625449482.0,64.0
70.85,1625449482.0,64.0
64.89,1625449482.0,64.0
58.77,1625449482.0,64.0
52.61,1625449482.0,64.0
46.64,1625449482.0,64.0
41.11,1625449482.0,64.0
36.21,1625449482.0,64.0
31.96,1625449482.0,64.0
28.17,1625449482.0,64.0
24.58,1625449482.0,64.0
20.85,1625449482.0,64.0
16.63,1625449482.0,64.0
11.66,1625449482.0,64.0
5.79,1625449482.0,64.0
-0.88,1625449482.0,64.0
-7.88,1625449482.0,64.0
-14.37,1625449482.0,64.0
-19.24,1625449482.0,64.0
-21.39,1625449482.0,64.0
-20.02,1625449482.0,64.0
-14.9,1625449482.0,64.0
-6.4,1625449482.0,64.0
4.62,1625449482.0,64.0
17.09,1625449482.0,64.0
29.96,1625449482.0,64.0
42.31,1625449482.0,64.0
53.36,1625449482.0,64.0
62.44,1625449482.0,64.0
69.01,1625449482.0,64.0
72.74,1625449482.0,64.0
73.73,1625449482.0,64.0
72.54,1625449482.0,64.0
70.11,1625449482.0,64.0
67.49,1625449482.0,64.0
65.55,1625449482.0,64.0
64.68,1625449482.0,64.0
64.75,1625449482.0,64.0
65.16,1625449482.0,64.0
65.12,1625449482.0,64.0
63.89,1625449482.0,64.0
61.05,1625449482.0,64.0
56.57,1625449482.0,64.0
50.85,1625449482.0,64.0
44.45,1625449482.0,64.0
37.98,1625449482.0,64.0
31.86,1625449482.0,64.0
26.27,1625449482.0,64.0
21.19,1625449482.0,64.0
16.44,1625449482.0,64.0
11.86,1625449482.0,64.0
7.27,1625449482.0,64.0
2.62,1625449482.0,64.0
-2.11,1625449482.0,64.0
-6.86,1625449482.0,64.0
-11.53,1625449482.0,64.0
-16.02,1625449482.0,64.0
-20.41,1625449482.0,64.0
-24.93,1625449482.0,64.0
-29.93,1625449482.0,64.0
-35.66,1625449482.0,64.0
-41.98,1625449482.0,64.0
-48.13,1625449482.0,64.0
-52.73,1625449482.0,64.0
-54.01,1625449482.0,64.0
-50.3,1625449482.0,64.0
-40.52,1625449482.0,64.0
-24.64,1625449482.0,64.0
-3.87,1625449482.0,64.0
19.46,1625449482.0,64.0
42.38,1625449482.0,64.0
61.88,1625449482.0,64.0
75.53,1625449482.0,64.0
82.1,1625449482.0,64.0
81.92,1625449482.0,64.0
77.0,1625449482.0,64.0
70.71,1625449482.0,64.0
67.0,1625449482.0,64.0
69.43,1625449482.0,64.0
80.19,1625449482.0,64.0
99.48,1625449482.0,64.0
125.28,1625449482.0,64.0
153.93,1625449482.0,64.0
180.81,1625449482.0,64.0
201.25,1625449482.0,64.0
211.21,1625449482.0,64.0
208.02,1625449482.0,64.0
190.95,1625449482.0,64.0
161.82,1625449482.0,64.0
125.08,1625449482.0,64.0
86.96,1625449482.0,64.0
53.74,1625449482.0,64.0
29.96,1625449482.0,64.0
17.22,1625449482.0,64.0
14.3,1625449482.0,64.0
18.26,1625449482.0,64.0
25.98,1625449482.0,64.0
35.2,1625449482.0,64.0
44.89,1625449482.0,64.0
55.16,1625449482.0,64.0
67.01,1625449482.0,64.0
82.04,1625449482.0,64.0
102.16,1625449482.0,64.0
128.73,1625449482.0,64.0
161.44,1625449482.0,64.0
197.35,1625449482.0,64.0
231.0,1625449482.0,64.0
255.92,1625449482.0,64.0
267.29,1625449482.0,64.0
264.24,1625449482.0,64.0
250.6,1625449482.0,64.0
233.48,1625449482.0,64.0
220.25,1625449482.0,64.0
215.62,1625449482.0,64.0
220.09,1625449482.0,64.0
230.51,1625449482.0,64.0
242.06,1625449482.0,64.0
250.5,1625449482.0,64.0
253.58,1625449482.0,64.0
250.83,1625449482.0,64.0
242.6,1625449482.0,64.0
229.08,1625449482.0,64.0
209.96,1625449482.0,64.0
185.04,1625449482.0,64.0
155.13,1625449482.0,64.0
122.35,1625449482.0,64.0
89.64,1625449482.0,64.0
59.66,1625449482.0,64.0
33.58,1625449482.0,64.0
10.68,1625449482.0,64.0
-11.28,1625449482.0,64.0
-34.87,1625449482.0,64.0
-61.54,1625449482.0,64.0
-90.64,1625449482.0,64.0
-119.19,1625449482.0,64.0
-142.8,1625449482.0,64.0
-157.16,1625449482.0,64.0
-159.53,1625449482.0,64.0
-149.61,1625449482.0,64.0
-129.33,1625449482.0,64.0
-101.88,1625449482.0,64.0
-70.5,1625449482.0,64.0
-37.78,1625449482.0,64.0
-5.51,1625449482.0,64.0
24.83,1625449482.0,64.0
51.74,1625449482.0,64.0
73.56,1625449482.0,64.0
88.81,1625449482.0,64.0
96.69,1625449482.0,64.0
97.41,1625449482.0,64.0
92.08,1625449482.0,64.0
82.41,1625449482.0,64.0
70.2,1625449482.0,64.0
56.99,1625449482.0,64.0
43.84,1625449482.0,64.0
31.25,1625449482.0,64.0
19.29,1625449482.0,64.0
7.73,1625449482.0,64.0
-3.68,1625449482.0,64.0
-15.08,1625449482.0,64.0
-26.45,1625449482.0,64.0
-37.66,1625449482.0,64.0
-48.7,1625449482.0,64.0
-59.69,1625449482.0,64.0
-70.92,1625449482.0,64.0
-82.72,1625449482.0,64.0
-95.39,1625449482.0,64.0
-109.13,1625449482.0,64.0
-123.99,1625449482.0,64.0
-139.84,1625449482.0,64.0
-156.26,1625449482.0,64.0
-172.42,1625449482.0,64.0
-187.2,1625449482.0,64.0
-199.32,1625449482.0,64.0
-207.69,1625449482.0,64.0
-211.74,1625449482.0,64.0
-211.61,1625449482.0,64.0
-207.98,1625449482.0,64.0
-201.81,1625449482.0,64.0
-194.04,1625449482.0,64.0
-185.41,1625449482.0,64.0
-176.46,1625449482.0,64.0
-167.65,1625449482.0,64.0
-159.38,1625449482.0,64.0
-151.95,1625449482.0,64.0
-145.46,1625449482.0,64.0
-139.72,1625449482.0,64.0
-134.4,1625449482.0,64.0
-129.12,1625449482.0,64.0
-123.67,1625449482.0,64.0
-118.12,1625449482.0,64.0
-112.77,1625449482.0,64.0
-107.97,1625449482.0,64.0
-104.01,1625449482.0,64.0
-100.99,1625449482.0,64.0
-98.82,1625449482.0,64.0
-97.29,1625449482.0,64.0
-96.14,1625449482.0,64.0
-95.22,1625449482.0,64.0
-94.42,1625449482.0,64.0
-93.76,1625449482.0,64.0
-93.31,1625449482.0,64.0
-93.14,1625449482.0,64.0
-93.24,1625449482.0,64.0
-93.49,1625449482.0,64.0
-93.72,1625449482.0,64.0
-93.7,1625449482.0,64.0
-93.3,1625449482.0,64.0
-92.5,1625449482.0,64.0
-91.41,1625449482.0,64.0
-90.26,1625449482.0,64.0
-89.25,1625449482.0,64.0
-88.51,1625449482.0,64.0
-88.05,1625449482.0,64.0
-87.85,1625449482.0,64.0
-87.92,1625449482.0,64.0
-88.44,1625449482.0,64.0
-89.67,1625449482.0,64.0
-91.84,1625449482.0,64.0
-94.86,1625449482.0,64.0
-98.31,1625449482.0,64.0
-101.4,1625449482.0,64.0
-103.29,1625449482.0,64.0
-103.27,1625449482.0,64.0
-101.02,1625449482.0,64.0
-96.57,1625449482.0,64.0
-90.27,1625449482.0,64.0
-82.61,1625449482.0,64.0
-74.05,1625449482.0,64.0
-64.95,1625449482.0,64.0
-55.56,1625449482.0,64.0
-46.0,1625449482.0,64.0
-36.35,1625449482.0,64.0
-26.63,1625449482.0,64.0
-16.96,1625449482.0,64.0
-7.48,1625449482.0,64.0
1.59,1625449482.0,64.0
9.99,1625449482.0,64.0
17.56,1625449482.0,64.0
24.23,1625449482.0,64.0
30.11,1625449482.0,64.0
35.48,1625449482.0,64.0
40.73,1625449482.0,64.0
46.24,1625449482.0,64.0
52.34,1625449482.0,64.0
59.1,1625449482.0,64.0
66.4,1625449482.0,64.0
73.94,1625449482.0,64.0
81.31,1625449482.0,64.0
88.24,1625449482.0,64.0
94.76,1625449482.0,64.0
101.4,1625449482.0,64.0
109.3,1625449482.0,64.0
120.08,1625449482.0,64.0
135.33,1625449482.0,64.0
155.87,1625449482.0,64.0
181.17,1625449482.0,64.0
209.07,1625449482.0,64.0
236.24,1625449482.0,64.0
259.01,1625449482.0,64.0
274.43,1625449482.0,64.0
280.94,1625449482.0,64.0
278.6,1625449482.0,64.0
268.63,1625449482.0,64.0
252.82,1625449482.0,64.0
232.97,1625449482.0,64.0
210.62,1625449482.0,64.0
187.08,1625449482.0,64.0
163.41,1625449482.0,64.0
140.49,1625449482.0,64.0
118.89,1625449482.0,64.0
98.8,1625449482.0,64.0
80.08,1625449482.0,64.0
62.42,1625449482.0,64.0
45.66,1625449482.0,64.0
29.91,1625449482.0,64.0
15.62,1625449482.0,64.0
3.35,1625449482.0,64.0
-6.59,1625449482.0,64.0
-14.48,1625449482.0,64.0
-21.24,1625449482.0,64.0
-28.2,1625449482.0,64.0
-36.63,1625449482.0,64.0
-47.3,1625449482.0,64.0
-60.34,1625449482.0,64.0
-75.25,1625449482.0,64.0
-91.26,1625449482.0,64.0
-107.61,1625449482.0,64.0
-123.87,1625449482.0,64.0
-139.98,1625449482.0,64.0
-156.16,1625449482.0,64.0
-172.76,1625449482.0,64.0
-190.04,1625449482.0,64.0
-207.93,1625449482.0,64.0
-225.85,1625449482.0,64.0
-242.85,1625449482.0,64.0
-257.87,1625449482.0,64.0
-270.16,1625449482.0,64.0
-279.58,1625449482.0,64.0
-286.56,1625449482.0,64.0
-291.74,1625449482.0,64.0
-295.39,1625449482.0,64.0
-296.95,1625449482.0,64.0
-295.0,1625449482.0,64.0
-287.87,1625449482.0,64.0
-274.41,1625449482.0,64.0
-254.77,1625449482.0,64.0
-230.8,1625449482.0,64.0
-205.88,1625449482.0,64.0
-184.24,1625449482.0,64.0
-169.94,1625449482.0,64.0
-165.85,1625449482.0,64.0
-172.77,1625449482.0,64.0
-188.9,1625449482.0,64.0
-209.99,1625449482.0,64.0
-230.06,1625449482.0,64.0
-242.76,1625449482.0,64.0
-242.85,1625449482.0,64.0
-227.57,1625449482.0,64.0
-197.17,1625449482.0,64.0
-154.68,1625449482.0,64.0
-104.69,1625449482.0,64.0
-51.94,1625449482.0,64.0
-0.29,1625449482.0,64.0
47.32,1625449482.0,64.0
88.2,1625449482.0,64.0
119.18,1625449482.0,64.0
136.36,1625449482.0,64.0
135.93,1625449482.0,64.0
115.38,1625449482.0,64.0
74.78,1625449482.0,64.0
17.01,1625449482.0,64.0
-52.76,1625449482.0,64.0
-128.46,1625449482.0,64.0
-204.44,1625449482.0,64.0
-276.19,1625449482.0,64.0
-340.46,1625449482.0,64.0
-394.88,1625449482.0,64.0
-437.4,1625449482.0,64.0
-465.97,1625449482.0,64.0
-478.66,1625449482.0,64.0
-473.96,1625449482.0,64.0
-451.66,1625449482.0,64.0
-413.96,1625449482.0,64.0
-366.37,1625449482.0,64.0
-317.43,1625449482.0,64.0
-276.66,1625449482.0,64.0
-251.42,1625449482.0,64.0
-243.73,1625449482.0,64.0
-249.27,1625449482.0,64.0
-259.07,1625449482.0,64.0
-263.56,1625449482.0,64.0
-256.68,1625449482.0,64.0
-238.04,1625449482.0,64.0
-212.17,1625449482.0,64.0
-185.34,1625449482.0,64.0
-162.21,1625449482.0,64.0
-143.97,1625449482.0,64.0
-128.98,1625449482.0,64.0
-114.77,1625449482.0,64.0
-100.17,1625449482.0,64.0
-85.98,1625449482.0,64.0
-74.13,1625449482.0,64.0
-66.02,1625449482.0,64.0
-61.46,1625449482.0,64.0
-58.52,1625449482.0,64.0
-54.57,1625449482.0,64.0
-47.5,1625449482.0,64.0
-36.64,1625449482.0,64.0
-22.99,1625449482.0,64.0
-8.53,1625449482.0,64.0
4.69,1625449482.0,64.0
15.44,1625449482.0,64.0
23.7,1625449482.0,64.0
30.53,1625449482.0,64.0
37.46,1625449482.0,64.0
45.85,1625449482.0,64.0
56.29,1625449482.0,64.0
68.49,1625449482.0,64.0
81.51,1625449482.0,64.0
94.21,1625449482.0,64.0
105.66,1625449482.0,64.0
115.56,1625449482.0,64.0
124.18,1625449482.0,64.0
132.23,1625449482.0,64.0
140.51,1625449482.0,64.0
149.55,1625449482.0,64.0
159.44,1625449482.0,64.0
169.96,1625449482.0,64.0
180.85,1625449482.0,64.0
192.0,1625449482.0,64.0
203.35,1625449482.0,64.0
214.5,1625449482.0,64.0
224.37,1625449482.0,64.0
231.17,1625449482.0,64.0
233.01,1625449482.0,64.0
228.94,1625449482.0,64.0
219.78,1625449482.0,64.0
208.19,1625449482.0,64.0
197.87,1625449482.0,64.0
192.17,1625449482.0,64.0
192.86,1625449482.0,64.0
199.66,1625449482.0,64.0
210.8,1625449482.0,64.0
224.06,1625449482.0,64.0
237.66,1625449482.0,64.0
250.64,1625449482.0,64.0
262.47,1625449482.0,64.0
272.51,1625449482.0,64.0
279.71,1625449482.0,64.0
282.87,1625449482.0,64.0
281.25,1625449482.0,64.0
275.09,1625449482.0,64.0
265.75,1625449482.0,64.0
255.27,1625449482.0,64.0
245.54,1625449482.0,64.0
237.59,1625449482.0,64.0
231.24,1625449482.0,64.0
225.45,1625449482.0,64.0
218.96,1625449482.0,64.0
211.09,1625449482.0,64.0
202.15,1625449482.0,64.0
193.18,1625449482.0,64.0
185.39,1625449482.0,64.0
179.43,1625449482.0,64.0
174.9,1625449482.0,64.0
170.53,1625449482.0,64.0
164.66,1625449482.0,64.0
156.06,1625449482.0,64.0
144.43,1625449482.0,64.0
130.4,1625449482.0,64.0
115.23,1625449482.0,64.0
100.13,1625449482.0,64.0
85.82,1625449482.0,64.0
72.36,1625449482.0,64.0
59.35,1625449482.0,64.0
46.32,1625449482.0,64.0
33.03,1625449482.0,64.0
19.48,1625449482.0,64.0
5.86,1625449482.0,64.0
-7.58,1625449482.0,64.0
-20.56,1625449482.0,64.0
-32.53,1625449482.0,64.0
-42.61,1625449482.0,64.0
-49.56,1625449482.0,64.0
-52.14,1625449482.0,64.0
-49.59,1625449482.0,64.0
-41.94,1625449482.0,64.0
-30.1,1625449482.0,64.0
-15.44,1625449482.0,64.0
0.68,1625449482.0,64.0
17.25,1625449482.0,64.0
33.67,1625449482.0,64.0
49.51,1625449482.0,64.0
64.18,1625449482.0,64.0
76.88,1625449482.0,64.0
86.78,1625449482.0,64.0
93.39,1625449482.0,64.0
96.86,1625449482.0,64.0
97.98,1625449482.0,64.0
97.9,1625449482.0,64.0
97.58,1625449482.0,64.0
97.52,1625449482.0,64.0
97.56,1625449482.0,64.0
97.17,1625449482.0,64.0
95.77,1625449482.0,64.0
93.07,1625449482.0,64.0
89.15,1625449482.0,64.0
84.36,1625449482.0,64.0
79.09,1625449482.0,64.0
73.52,1625449482.0,64.0
67.54,1625449482.0,64.0
60.9,1625449482.0,64.0
53.39,1625449482.0,64.0
45.06,1625449482.0,64.0
36.25,1625449482.0,64.0
27.52,1625449482.0,64.0
19.44,1625449482.0,64.0
12.29,1625449482.0,64.0
5.99,1625449482.0,64.0
0.14,1625449482.0,64.0
-5.85,1625449482.0,64.0
-12.5,1625449482.0,64.0
-20.12,1625449482.0,64.0
-28.75,1625449482.0,64.0
-38.12,1625449482.0,64.0
-47.69,1625449482.0,64.0
-56.67,1625449482.0,64.0
-63.97,1625449482.0,64.0
-68.4,1625449482.0,64.0
-68.83,1625449482.0,64.0
-64.56,1625449482.0,64.0
-55.52,1625449482.0,64.0
-42.43,1625449482.0,64.0
-26.55,1625449482.0,64.0
-9.34,1625449482.0,64.0
7.88,1625449482.0,64.0
24.21,1625449482.0,64.0
39.05,1625449482.0,64.0
51.97,1625449482.0,64.0
62.48,1625449482.0,64.0
70.12,1625449482.0,64.0
74.61,1625449482.0,64.0
76.13,1625449482.0,64.0
75.4,1625449482.0,64.0
73.5,1625449482.0,64.0
71.52,1625449482.0,64.0
70.09,1625449482.0,64.0
69.26,1625449482.0,64.0
68.5,1625449482.0,64.0
67.11,1625449482.0,64.0
64.55,1625449482.0,64.0
60.69,1625449482.0,64.0
55.78,1625449482.0,64.0
50.22,1625449482.0,64.0
44.31,1625449482.0,64.0
38.09,1625449482.0,64.0
31.44,1625449482.0,64.0
24.19,1625449482.0,64.0
16.35,1625449482.0,64.0
8.18,1625449482.0,64.0
0.12,1625449482.0,64.0
-7.39,1625449482.0,64.0
-14.1,1625449482.0,64.0
-20.08,1625449482.0,64.0
-25.76,1625449482.0,64.0
-31.77,1625449482.0,64.0
-38.76,1625449482.0,64.0
-47.13,1625449482.0,64.0
-56.85,1625449482.0,64.0
-67.29,1625449482.0,64.0
-77.28,1625449482.0,64.0
-85.26,1625449482.0,64.0
-89.62,1625449482.0,64.0
-89.18,1625449482.0,64.0
-83.45,1625449482.0,64.0
-72.83,1625449482.0,64.0
-58.43,1625449482.0,64.0
-41.75,1625449482.0,64.0
-24.21,1625449482.0,64.0
-6.9,1625449482.0,64.0
9.54,1625449482.0,64.0
24.73,1625449482.0,64.0
38.32,1625449482.0,64.0
49.77,1625449482.0,64.0
58.46,1625449482.0,64.0
63.93,1625449482.0,64.0
66.21,1625449482.0,64.0
65.94,1625449482.0,64.0
64.2,1625449482.0,64.0
62.13,1625449482.0,64.0
60.47,1625449482.0,64.0
59.27,1625449482.0,64.0
58.07,1625449482.0,64.0
56.18,1625449482.0,64.0
53.12,1625449482.0,64.0
48.85,1625449482.0,64.0
43.76,1625449482.0,64.0
38.33,1625449482.0,64.0
32.86,1625449482.0,64.0
27.31,1625449482.0,64.0
21.36,1625449482.0,64.0
14.72,1625449482.0,64.0
7.31,1625449482.0,64.0
-0.51,1625449482.0,64.0
-8.2,1625449482.0,64.0
-15.2,1625449482.0,64.0
-21.31,1625449482.0,64.0
-26.68,1625449482.0,64.0
-31.86,1625449482.0,64.0
-37.46,1625449482.0,64.0
-43.98,1625449482.0,64.0
-51.62,1625449482.0,64.0
-60.2,1625449482.0,64.0
-69.22,1625449482.0,64.0
-77.87,1625449482.0,64.0
-85.11,1625449482.0,64.0
-89.75,1625449482.0,64.0
-90.72,1625449482.0,64.0
-87.32,1625449482.0,64.0
-79.44,1625449482.0,64.0
-67.63,1625449482.0,64.0
-52.96,1625449482.0,64.0
-36.61,1625449482.0,64.0
-19.58,1625449482.0,64.0
-2.55,1625449482.0,64.0
13.96,1625449482.0,64.0
29.42,1625449482.0,64.0
43.01,1625449482.0,64.0
53.77,1625449482.0,64.0
60.9,1625449482.0,64.0
64.17,1625449482.0,64.0
64.15,1625449482.0,64.0
62.12,1625449482.0,64.0
59.55,1625449482.0,64.0
57.52,1625449482.0,64.0
56.33,1625449482.0,64.0
55.51,1625449482.0,64.0
54.23,1625449482.0,64.0
51.79,1625449482.0,64.0
48.01,1625449482.0,64.0
43.27,1625449482.0,64.0
38.2,1625449482.0,64.0
33.28,1625449482.0,64.0
28.6,1625449482.0,64.0
23.87,1625449482.0,64.0
18.62,1625449482.0,64.0
12.55,1625449482.0,64.0
5.69,1625449482.0,64.0
-1.54,1625449482.0,64.0
-8.61,1625449482.0,64.0
-15.06,1625449482.0,64.0
-20.7,1625449482.0,64.0
-25.73,1625449482.0,64.0
-30.54,1625449482.0,64.0
-35.68,1625449482.0,64.0
-41.54,1625449482.0,64.0
-48.37,1625449482.0,64.0
-56.17,1625449482.0,64.0
-64.7,1625449482.0,64.0
-73.41,1625449482.0,64.0
-81.45,1625449482.0,64.0
-87.72,1625449482.0,64.0
-91.02,1625449482.0,64.0
-90.31,1625449482.0,64.0
-85.01,1625449482.0,64.0
-75.16,1625449482.0,64.0
-61.5,1625449482.0,64.0
-45.21,1625449482.0,64.0
-27.62,1625449482.0,64.0
-9.88,1625449482.0,64.0
7.18,1625449482.0,64.0
22.97,1625449482.0,64.0
37.0,1625449482.0,64.0
48.76,1625449482.0,64.0
57.65,1625449482.0,64.0
63.24,1625449482.0,64.0
65.48,1625449482.0,64.0
64.88,1625449482.0,64.0
62.5,1625449482.0,64.0
59.58,1625449482.0,64.0
57.13,1625449482.0,64.0
55.6,1625449482.0,64.0
54.75,1625449482.0,64.0
53.88,1625449482.0,64.0
52.2,1625449482.0,64.0
49.23,1625449482.0,64.0
44.9,1625449482.0,64.0
39.6,1625449482.0,64.0
33.88,1625449482.0,64.0
28.24,1625449482.0,64.0
22.92,1625449482.0,64.0
17.87,1625449482.0,64.0
12.88,1625449482.0,64.0
7.69,1625449482.0,64.0
2.2,1625449482.0,64.0
-3.54,1625449482.0,64.0
-9.32,1625449482.0,64.0
-14.91,1625449482.0,64.0
-20.17,1625449482.0,64.0
-25.12,1625449482.0,64.0
-29.92,1625449482.0,64.0
-34.81,1625449482.0,64.0
-39.97,1625449482.0,64.0
-45.52,1625449482.0,64.0
-51.49,1625449482.0,64.0
-57.9,1625449482.0,64.0
-64.79,1625449482.0,64.0
-72.1,1625449482.0,64.0
-79.52,1625449482.0,64.0
-86.32,1625449482.0,64.0
-91.35,1625449482.0,64.0
-93.24,1625449482.0,64.0
-90.84,1625449482.0,64.0
-83.58,1625449482.0,64.0
-71.74,1625449482.0,64.0
-56.37,1625449482.0,64.0
-38.92,1625449482.0,64.0
-20.8,1625449482.0,64.0
-3.06,1625449482.0,64.0
13.6,1625449482.0,64.0
28.71,1625449482.0,64.0
41.75,1625449482.0,64.0
52.15,1625449482.0,64.0
59.37,1625449482.0,64.0
63.25,1625449482.0,64.0
64.15,1625449482.0,64.0
62.96,1625449482.0,64.0
60.84,1625449482.0,64.0
58.76,1625449482.0,64.0
57.25,1625449482.0,64.0
56.24,1625449482.0,64.0
55.29,1625449482.0,64.0
53.9,1625449482.0,64.0
51.77,1625449482.0,64.0
48.89,1625449482.0,64.0
45.42,1625449482.0,64.0
41.52,1625449482.0,64.0
37.23,1625449482.0,64.0
32.49,1625449482.0,64.0
27.25,1625449482.0,64.0
21.64,1625449482.0,64.0
15.93,1625449482.0,64.0
10.47,1625449482.0,64.0
5.48,1625449482.0,64.0
0.96,1625449482.0,64.0
-3.3,1625449482.0,64.0
-7.61,1625449482.0,64.0
-12.2,1625449482.0,64.0
-17.16,1625449482.0,64.0
-22.39,1625449482.0,64.0
-27.69,1625449482.0,64.0
-32.9,1625449482.0,64.0
-37.92,1625449482.0,64.0
-42.79,1625449482.0,64.0
-47.68,1625449482.0,64.0
-52.86,1625449482.0,64.0
-58.64,1625449482.0,64.0
-65.24,1625449482.0,64.0
-72.57,1625449482.0,64.0
-80.12,1625449482.0,64.0
-86.89,1625449482.0,64.0
-91.56,1625449482.0,64.0
-92.78,1625449482.0,64.0
-89.55,1625449482.0,64.0
-81.57,1625449482.0,64.0
-69.34,1625449482.0,64.0
-54.01,1625449482.0,64.0
-36.98,1625449482.0,64.0
-19.52,1625449482.0,64.0
-2.49,1625449482.0,64.0
13.64,1625449482.0,64.0
28.54,1625449482.0,64.0
41.78,1625449482.0,64.0
52.71,1625449482.0,64.0
60.63,1625449482.0,64.0
65.16,1625449482.0,64.0
66.52,1625449482.0,64.0
65.57,1625449482.0,64.0
63.49,1625449482.0,64.0
61.39,1625449482.0,64.0
59.81,1625449482.0,64.0
58.71,1625449482.0,64.0
57.59,1625449482.0,64.0
55.92,1625449482.0,64.0
53.47,1625449482.0,64.0
50.37,1625449482.0,64.0
47.0,1625449482.0,64.0
43.68,1625449482.0,64.0
40.48,1625449482.0,64.0
37.18,1625449482.0,64.0
33.42,1625449482.0,64.0
28.92,1625449482.0,64.0
23.68,1625449482.0,64.0
18.0,1625449482.0,64.0
12.4,1625449482.0,64.0
7.36,1625449482.0,64.0
3.12,1625449482.0,64.0
-0.43,1625449482.0,64.0
-3.75,1625449482.0,64.0
-7.4,1625449482.0,64.0
-11.8,1625449482.0,64.0
-17.03,1625449482.0,64.0
-22.79,1625449482.0,64.0
-28.53,1625449482.0,64.0
-33.71,1625449482.0,64.0
-38.07,1625449482.0,64.0
-41.73,1625449482.0,64.0
-45.12,1625449482.0,64.0
-48.77,1625449482.0,64.0
-53.12,1625449482.0,64.0
-58.37,1625449482.0,64.0
-64.47,1625449482.0,64.0
-71.12,1625449482.0,64.0
-77.75,1625449482.0,64.0
-83.5,1625449482.0,64.0
-87.29,1625449482.0,64.0
-88.0,1625449482.0,64.0
-84.78,1625449482.0,64.0
-77.36,1625449482.0,64.0
-66.12,1625449482.0,64.0
-52.07,1625449482.0,64.0
-36.42,1625449482.0,64.0
-20.3,1625449482.0,64.0
-4.51,1625449482.0,64.0
10.46,1625449482.0,64.0
24.21,1625449482.0,64.0
36.27,1625449482.0,64.0
46.05,1625449482.0,64.0
53.02,1625449482.0,64.0
56.97,1625449482.0,64.0
58.18,1625449482.0,64.0
57.47,1625449482.0,64.0
55.86,1625449482.0,64.0
54.3,1625449482.0,64.0
53.3,1625449482.0,64.0
52.8,1625449482.0,64.0
52.39,1625449482.0,64.0
51.53,1625449482.0,64.0
49.91,1625449482.0,64.0
47.54,1625449482.0,64.0
44.7,1625449482.0,64.0
41.68,1625449482.0,64.0
38.58,1625449482.0,64.0
35.26,1625449482.0,64.0
31.4,1625449482.0,64.0
26.81,1625449482.0,64.0
21.55,1625449482.0,64.0
15.99,1625449482.0,64.0
10.68,1625449482.0,64.0
6.06,1625449482.0,64.0
2.3,1625449482.0,64.0
-0.77,1625449482.0,64.0
-3.56,1625449482.0,64.0
-6.49,1625449482.0,64.0
-9.86,1625449482.0,64.0
-13.71,1625449482.0,64.0
-17.9,1625449482.0,64.0
-22.18,1625449482.0,64.0
-26.32,1625449482.0,64.0
-30.23,1625449482.0,64.0
-33.99,1625449482.0,64.0
-37.82,1625449482.0,64.0
-42.03,1625449482.0,64.0
-46.9,1625449482.0,64.0
-52.54,1625449482.0,64.0
-58.73,1625449482.0,64.0
-64.87,1625449482.0,64.0
-70.03,1625449482.0,64.0
-73.08,1625449482.0,64.0
-72.97,1625449482.0,64.0
-68.99,1625449482.0,64.0
-60.95,1625449482.0,64.0
-49.31,1625449482.0,64.0
-35.03,1625449482.0,64.0
-19.39,1625449482.0,64.0
-3.66,1625449482.0,64.0
11.05,1625449482.0,64.0
23.94,1625449482.0,64.0
34.41,1625449482.0,64.0
42.06,1625449482.0,64.0
46.74,1625449482.0,64.0
48.54,1625449482.0,64.0
47.96,1625449482.0,64.0
45.76,1625449482.0,64.0
42.9,1625449482.0,64.0
40.26,1625449482.0,64.0
38.37,1625449482.0,64.0
37.33,1625449482.0,64.0
36.82,1625449482.0,64.0
36.38,1625449482.0,64.0
35.63,1625449482.0,64.0
34.44,1625449482.0,64.0
32.91,1625449482.0,64.0
31.24,1625449482.0,64.0
29.53,1625449482.0,64.0
27.72,1625449482.0,64.0
25.55,1625449482.0,64.0
22.78,1625449482.0,64.0
19.28,1625449482.0,64.0
15.21,1625449482.0,64.0
10.91,1625449482.0,64.0
6.82,1625449482.0,64.0
3.23,1625449482.0,64.0
0.17,1625449482.0,64.0
-2.61,1625449482.0,64.0
-5.45,1625449482.0,64.0
-8.61,1625449482.0,64.0
-12.16,1625449482.0,64.0
-15.95,1625449482.0,64.0
-19.74,1625449482.0,64.0
-23.36,1625449482.0,64.0
-26.86,1625449482.0,64.0
-30.41,1625449482.0,64.0
-34.29,1625449482.0,64.0
-38.69,1625449482.0,64.0
-43.67,1625449482.0,64.0
-49.13,1625449482.0,64.0
-54.89,1625449482.0,64.0
-60.62,1625449482.0,64.0
-65.79,1625449482.0,64.0
-69.65,1625449482.0,64.0
-71.28,1625449482.0,64.0
-69.74,1625449482.0,64.0
-64.45,1625449482.0,64.0
-55.45,1625449482.0,64.0
-43.5,1625449482.0,64.0
-29.84,1625449482.0,64.0
-15.85,1625449482.0,64.0
-2.62,1625449482.0,64.0
9.3,1625449482.0,64.0
19.76,1625449482.0,64.0
28.77,1625449482.0,64.0
36.21,1625449482.0,64.0
41.79,1625449482.0,64.0
45.21,1625449482.0,64.0
46.48,1625449482.0,64.0
46.1,1625449482.0,64.0
44.95,1625449482.0,64.0
43.98,1625449482.0,64.0
43.77,1625449482.0,64.0
44.33,1625449482.0,64.0
45.14,1625449482.0,64.0
45.48,1625449482.0,64.0
44.86,1625449482.0,64.0
43.18,1625449482.0,64.0
40.71,1625449482.0,64.0
37.82,1625449482.0,64.0
34.75,1625449482.0,64.0
31.49,1625449482.0,64.0
27.88,1625449482.0,64.0
23.83,1625449482.0,64.0
19.44,1625449482.0,64.0
15.06,1625449482.0,64.0
11.1,1625449482.0,64.0
7.78,1625449482.0,64.0
5.06,1625449482.0,64.0
2.6,1625449482.0,64.0
-0.08,1625449482.0,64.0
-3.36,1625449482.0,64.0
-7.34,1625449482.0,64.0
-11.88,1625449482.0,64.0
-16.59,1625449482.0,64.0
-21.11,1625449482.0,64.0
-25.23,1625449482.0,64.0
-28.94,1625449482.0,64.0
-32.44,1625449482.0,64.0
-36.07,1625449482.0,64.0
-40.15,1625449482.0,64.0
-44.89,1625449482.0,64.0
-50.27,1625449482.0,64.0
-55.96,1625449482.0,64.0
-61.29,1625449482.0,64.0
-65.32,1625449482.0,64.0
-67.02,1625449482.0,64.0
-65.55,1625449482.0,64.0
-60.48,1625449482.0,64.0
-51.98,1625449482.0,64.0
-40.74,1625449482.0,64.0
-27.73,1625449482.0,64.0
-13.91,1625449482.0,64.0
-0.04,1625449482.0,64.0
13.36,1625449482.0,64.0
25.86,1625449482.0,64.0
36.98,1625449482.0,64.0
46.19,1625449482.0,64.0
53.03,1625449482.0,64.0
57.37,1625449482.0,64.0
59.52,1625449482.0,64.0
60.25,1625449482.0,64.0
60.46,1625449482.0,64.0
60.99,1625449482.0,64.0
62.26,1625449482.0,64.0
64.27,1625449482.0,64.0
66.74,1625449482.0,64.0
69.21,1625449482.0,64.0
71.22,1625449482.0,64.0
72.34,1625449482.0,64.0
72.35,1625449482.0,64.0
71.32,1625449482.0,64.0
69.82,1625449482.0,64.0
68.91,1625449482.0,64.0
69.88,1625449482.0,64.0
73.69,1625449482.0,64.0
80.52,1625449482.0,64.0
89.45,1625449482.0,64.0
98.72,1625449482.0,64.0
106.4,1625449482.0,64.0
111.18,1625449482.0,64.0
112.94,1625449482.0,64.0
112.61,1625449482.0,64.0
111.55,1625449482.0,64.0
110.59,1625449482.0,64.0
109.35,1625449482.0,64.0
106.25,1625449482.0,64.0
99.15,1625449482.0,64.0
86.26,1625449482.0,64.0
66.94,1625449482.0,64.0
41.82,1625449482.0,64.0
12.64,1625449482.0,64.0
-18.24,1625449482.0,64.0
-48.18,1625449482.0,64.0
-74.37,1625449482.0,64.0
-93.82,1625449482.0,64.0
-103.78,1625449482.0,64.0
-102.39,1625449482.0,64.0
-89.59,1625449482.0,64.0
-67.48,1625449482.0,64.0
-40.0,1625449482.0,64.0
-11.7,1625449482.0,64.0
13.67,1625449482.0,64.0
33.94,1625449482.0,64.0
48.42,1625449482.0,64.0
57.0,1625449482.0,64.0
59.14,1625449482.0,64.0
53.42,1625449482.0,64.0
38.04,1625449482.0,64.0
12.12,1625449482.0,64.0
-22.93,1625449482.0,64.0
-62.96,1625449482.0,64.0
-101.7,1625449482.0,64.0
-132.53,1625449482.0,64.0
-150.34,1625449482.0,64.0
-152.96,1625449482.0,64.0
-141.67,1625449482.0,64.0
-120.8,1625449482.0,64.0
-96.48,1625449482.0,64.0
-74.42,1625449482.0,64.0
-58.47,1625449482.0,64.0
-49.91,1625449482.0,64.0
-47.63,1625449482.0,64.0
-49.01,1625449482.0,64.0
-50.87,1625449482.0,64.0
-50.39,1625449482.0,64.0
-46.1,1625449482.0,64.0
-38.53,1625449482.0,64.0
-29.31,1625449482.0,64.0
-20.92,1625449482.0,64.0
-16.23,1625449482.0,64.0
-17.76,1625449482.0,64.0
-26.7,1625449482.0,64.0
-42.17,1625449482.0,64.0
-61.15,1625449482.0,64.0
-79.83,1625449482.0,64.0
-95.59,1625449482.0,64.0
-106.25,1625449482.0,64.0
-110.15,1625449482.0,64.0
-106.29,1625449482.0,64.0
-94.57,1625449482.0,64.0
-76.2,1625449482.0,64.0
-54.24,1625449482.0,64.0
-33.13,1625449482.0,64.0
-18.35,1625449482.0,64.0
-18.07,1625449482.0,64.0
-36.95,1625449482.0,64.0
-73.25,1625449482.0,64.0
-119.34,1625449482.0,64.0
-165.35,1625449482.0,64.0
-203.69,1625449482.0,64.0
-231.46,1625449482.0,64.0
-246.37,1625449482.0,64.0
-246.58,1625449482.0,64.0
-232.67,1625449482.0,64.0
-204.68,1625449482.0,64.0
-165.5,1625449482.0,64.0
-120.77,1625449482.0,64.0
-77.07,1625449482.0,64.0
-39.59,1625449482.0,64.0
-13.71,1625449482.0,64.0
-1.95,1625449482.0,64.0
3.52,1625449482.0,64.0
8.05,1625449482.0,64.0
11.89,1625449482.0,64.0
16.12,1625449482.0,64.0
22.34,1625449482.0,64.0
32.49,1625449482.0,64.0
48.47,1625449482.0,64.0
71.62,1625449482.0,64.0
102.71,1625449482.0,64.0
140.66,1625449482.0,64.0
180.54,1625449482.0,64.0
215.83,1625449482.0,64.0
240.03,1625449482.0,64.0
248.04,1625449482.0,64.0
238.03,1625449482.0,64.0
212.64,1625449482.0,64.0
178.35,1625449482.0,64.0
143.56,1625449482.0,64.0
115.1,1625449482.0,64.0
94.93,1625449482.0,64.0
81.39,1625449482.0,64.0
71.2,1625449482.0,64.0
61.27,1625449482.0,64.0
50.22,1625449482.0,64.0
38.5,1625449482.0,64.0
27.35,1625449482.0,64.0
17.69,1625449482.0,64.0
9.25,1625449482.0,64.0
0.32,1625449482.0,64.0
-10.25,1625449482.0,64.0
-21.98,1625449482.0,64.0
-32.95,1625449482.0,64.0
-40.57,1625449482.0,64.0
-42.87,1625449482.0,64.0
-39.41,1625449482.0,64.0
-31.3,1625449482.0,64.0
-20.79,1625449482.0,64.0
-10.59,1625449482.0,64.0
-2.47,1625449482.0,64.0
3.3,1625449482.0,64.0
7.52,1625449482.0,64.0
11.29,1625449482.0,64.0
15.22,1625449482.0,64.0
19.04,1625449482.0,64.0
21.87,1625449482.0,64.0
22.85,1625449482.0,64.0
21.61,1625449482.0,64.0
18.72,1625449482.0,64.0
15.43,1625449482.0,64.0
13.01,1625449482.0,64.0
12.1,1625449482.0,64.0
12.53,1625449482.0,64.0
13.48,1625449482.0,64.0
13.92,1625449482.0,64.0
13.11,1625449482.0,64.0
10.74,1625449482.0,64.0
7.03,1625449482.0,64.0
2.57,1625449482.0,64.0
-1.89,1625449482.0,64.0
-5.58,1625449482.0,64.0
-7.91,1625449482.0,64.0
-8.75,1625449482.0,64.0
-8.46,1625449482.0,64.0
-7.85,1625449482.0,64.0
-7.93,1625449482.0,64.0
-9.44,1625449482.0,64.0
-12.58,1625449482.0,64.0
-16.9,1625449482.0,64.0
-21.6,1625449482.0,64.0
-25.87,1625449482.0,64.0
-29.33,1625449482.0,64.0
-32.09,1625449482.0,64.0
-34.64,1625449482.0,64.0
-37.56,1625449482.0,64.0
-41.22,1625449482.0,64.0
-45.57,1625449482.0,64.0
-50.12,1625449482.0,64.0
-53.99,1625449482.0,64.0
-56.17,1625449482.0,64.0
-55.76,1625449482.0,64.0
-52.22,1625449482.0,64.0
-45.51,1625449482.0,64.0
-36.17,1625449482.0,64.0
-25.09,1625449482.0,64.0
-13.31,1625449482.0,64.0
-1.75,1625449482.0,64.0
8.96,1625449482.0,64.0
18.45,1625449482.0,64.0
26.47,1625449482.0,64.0
32.81,1625449482.0,64.0
37.25,1625449482.0,64.0
39.72,1625449482.0,64.0
40.38,1625449482.0,64.0
39.67,1625449482.0,64.0
38.22,1625449482.0,64.0
36.65,1625449482.0,64.0
35.44,1625449482.0,64.0
34.77,1625449482.0,64.0
34.59,1625449482.0,64.0
34.68,1625449482.0,64.0
34.83,1625449482.0,64.0
34.86,1625449482.0,64.0
34.7,1625449482.0,64.0
34.32,1625449482.0,64.0
33.78,1625449482.0,64.0
33.14,1625449482.0,64.0
32.49,1625449482.0,64.0
31.91,1625449482.0,64.0
31.53,1625449482.0,64.0
31.58,1625449482.0,64.0
32.36,1625449482.0,64.0
34.17,1625449482.0,64.0
37.1,1625449482.0,64.0
40.86,1625449482.0,64.0
44.71,1625449482.0,64.0
47.74,1625449482.0,64.0
49.39,1625449482.0,64.0
50.05,1625449482.0,64.0
51.13,1625449482.0,64.0
54.63,1625449482.0,64.0
62.39,1625449482.0,64.0
75.33,1625449482.0,64.0
93.27,1625449482.0,64.0
115.3,1625449482.0,64.0
140.25,1625449482.0,64.0
167.03,1625449482.0,64.0
194.69,1625449482.0,64.0
222.33,1625449482.0,64.0
249.21,1625449482.0,64.0
275.13,1625449482.0,64.0
300.64,1625449482.0,64.0
326.86,1625449482.0,64.0
354.79,1625449482.0,64.0
384.25,1625449482.0,64.0
413.31,1625449482.0,64.0
438.5,1625449482.0,64.0
455.89,1625449482.0,64.0
462.47,1625449482.0,64.0
457.1,1625449482.0,64.0
440.56,1625449482.0,64.0
414.87,1625449482.0,64.0
382.4,1625449482.0,64.0
345.19,1625449482.0,64.0
304.84,1625449482.0,64.0
262.63,1625449482.0,64.0
219.76,1625449482.0,64.0
177.33,1625449482.0,64.0
136.17,1625449482.0,64.0
96.57,1625449482.0,64.0
58.21,1625449482.0,64.0
20.31,1625449482.0,64.0
-17.99,1625449482.0,64.0
-57.11,1625449482.0,64.0
-96.71,1625449482.0,64.0
-135.85,1625449482.0,64.0
-173.24,1625449482.0,64.0
-207.92,1625449482.0,64.0
-239.62,1625449482.0,64.0
-268.89,1625449482.0,64.0
-296.88,1625449482.0,64.0
-325.02,1625449482.0,64.0
-354.71,1625449482.0,64.0
-386.91,1625449482.0,64.0
-421.72,1625449482.0,64.0
-457.96,1625449482.0,64.0
-492.99,1625449482.0,64.0
-523.11,1625449482.0,64.0
-544.49,1625449482.0,64.0
-554.52,1625449482.0,64.0
-552.72,1625449482.0,64.0
-540.97,1625449482.0,64.0
-522.63,1625449482.0,64.0
-501.12,1625449482.0,64.0
-478.69,1625449482.0,64.0
-455.92,1625449482.0,64.0
-432.12,1625449482.0,64.0
-406.27,1625449482.0,64.0
-377.92,1625449482.0,64.0
-347.43,1625449482.0,64.0
-315.62,1625449482.0,64.0
-283.16,1625449482.0,64.0
-250.2,1625449482.0,64.0
-216.43,1625449482.0,64.0
-181.61,1625449482.0,64.0
-146.14,1625449482.0,64.0
-111.21,1625449482.0,64.0
-78.67,1625449482.0,64.0
-50.32,1625449482.0,64.0
-27.16,1625449482.0,64.0
-9.06,1625449482.0,64.0
5.23,1625449482.0,64.0
17.43,1625449482.0,64.0
29.15,1625449482.0,64.0
41.26,1625449482.0,64.0
53.75,1625449482.0,64.0
65.93,1625449482.0,64.0
76.88,1625449482.0,64.0
85.88,1625449482.0,64.0
92.6,1625449482.0,64.0
97.14,1625449482.0,64.0
99.86,1625449482.0,64.0
101.22,1625449482.0,64.0
101.69,1625449482.0,64.0
101.85,1625449482.0,64.0
102.44,1625449482.0,64.0
104.3,1625449482.0,64.0
108.09,1625449482.0,64.0
113.89,1625449482.0,64.0
120.9,1625449482.0,64.0
127.5,1625449482.0,64.0
131.74,1625449482.0,64.0
132.03,1625449482.0,64.0
127.71,1625449482.0,64.0
119.09,1625449482.0,64.0
107.15,1625449482.0,64.0
93.01,1625449482.0,64.0
77.48,1625449482.0,64.0
60.89,1625449482.0,64.0
43.36,1625449482.0,64.0
25.06,1625449482.0,64.0
6.5,1625449482.0,64.0
-11.51,1625449482.0,64.0
-27.87,1625449482.0,64.0
-41.37,1625449482.0,64.0
-50.88,1625449482.0,64.0
-55.51,1625449482.0,64.0
-54.81,1625449482.0,64.0
-49.0,1625449482.0,64.0
-38.96,1625449482.0,64.0
-26.0,1625449482.0,64.0
-11.52,1625449482.0,64.0
3.33,1625449482.0,64.0
17.88,1625449482.0,64.0
31.76,1625449482.0,64.0
44.72,1625449482.0,64.0
56.35,1625449482.0,64.0
66.11,1625449482.0,64.0
73.53,1625449482.0,64.0
78.55,1625449482.0,64.0
81.62,1625449482.0,64.0
83.67,1625449482.0,64.0
85.72,1625449482.0,64.0
88.48,1625449482.0,64.0
92.07,1625449482.0,64.0
96.04,1625449482.0,64.0
99.67,1625449482.0,64.0
102.31,1625449482.0,64.0
103.72,1625449482.0,64.0
104.02,1625449482.0,64.0
103.52,1625449482.0,64.0
102.39,1625449482.0,64.0
100.6,1625449482.0,64.0
97.93,1625449482.0,64.0
94.24,1625449482.0,64.0
89.63,1625449482.0,64.0
84.44,1625449482.0,64.0
79.05,1625449482.0,64.0
73.6,1625449482.0,64.0
67.81,1625449482.0,64.0
61.17,1625449482.0,64.0
53.18,1625449482.0,64.0
43.7,1625449482.0,64.0
33.02,1625449482.0,64.0
21.67,1625449482.0,64.0
10.08,1625449482.0,64.0
-1.73,1625449482.0,64.0
-14.14,1625449482.0,64.0
-27.74,1625449482.0,64.0
-42.94,1625449482.0,64.0
-59.65,1625449482.0,64.0
-77.16,1625449482.0,64.0
-94.23,1625449482.0,64.0
-109.37,1625449482.0,64.0
-121.17,1625449482.0,64.0
-128.54,1625449482.0,64.0
-131.0,1625449482.0,64.0
-128.59,1625449482.0,64.0
-121.95,1625449482.0,64.0
-112.0,1625449482.0,64.0
-99.85,1625449482.0,64.0
-86.51,1625449482.0,64.0
-72.87,1625449482.0,64.0
-59.67,1625449482.0,64.0
-47.56,1625449482.0,64.0
-37.11,1625449482.0,64.0
-28.74,1625449482.0,64.0
-22.61,1625449482.0,64.0
-18.5,1625449482.0,64.0
-15.83,1625449482.0,64.0
-13.76,1625449482.0,64.0
-11.54,1625449482.0,64.0
-8.7,1625449482.0,64.0
-5.24,1625449482.0,64.0
-1.55,1625449482.0,64.0
1.81,1625449482.0,64.0
4.34,1625449482.0,64.0
5.69,1625449482.0,64.0
5.75,1625449482.0,64.0
4.51,1625449482.0,64.0
2.03,1625449482.0,64.0
-1.58,1625449482.0,64.0
-6.16,1625449482.0,64.0
-11.51,1625449482.0,64.0
-17.38,1625449482.0,64.0
-23.61,1625449482.0,64.0
-30.2,1625449482.0,64.0
-37.24,1625449482.0,64.0
-44.89,1625449482.0,64.0
-53.24,1625449482.0,64.0
-62.25,1625449482.0,64.0
-71.78,1625449482.0,64.0
-81.59,1625449482.0,64.0
-91.43,1625449482.0,64.0
-101.01,1625449482.0,64.0
-110.0,1625449482.0,64.0
-118.12,1625449482.0,64.0
-125.22,1625449482.0,64.0
-131.4,1625449482.0,64.0
-137.02,1625449482.0,64.0
-142.38,1625449482.0,64.0
-147.46,1625449482.0,64.0
-151.56,1625449482.0,64.0
-153.38,1625449482.0,64.0
-151.38,1625449482.0,64.0
-144.37,1625449482.0,64.0
-132.0,1625449482.0,64.0
-114.94,1625449482.0,64.0
-94.54,1625449482.0,64.0
-72.31,1625449482.0,64.0
-49.47,1625449482.0,64.0
-26.81,1625449482.0,64.0
-4.92,1625449482.0,64.0
15.6,1625449482.0,64.0
33.96,1625449482.0,64.0
49.3,1625449482.0,64.0
61.1,1625449482.0,64.0
69.4,1625449482.0,64.0
74.88,1625449482.0,64.0
78.56,1625449482.0,64.0
81.41,1625449482.0,64.0
83.99,1625449482.0,64.0
86.36,1625449482.0,64.0
88.19,1625449482.0,64.0
89.06,1625449482.0,64.0
88.7,1625449482.0,64.0
87.09,1625449482.0,64.0
84.38,1625449482.0,64.0
80.71,1625449482.0,64.0
76.18,1625449482.0,64.0
70.83,1625449482.0,64.0
64.76,1625449482.0,64.0
58.21,1625449482.0,64.0
51.57,1625449482.0,64.0
45.25,1625449482.0,64.0
39.49,1625449482.0,64.0
34.23,1625449482.0,64.0
29.14,1625449482.0,64.0
23.77,1625449482.0,64.0
17.78,1625449482.0,64.0
11.05,1625449482.0,64.0
3.7,1625449482.0,64.0
-3.97,1625449482.0,64.0
-11.7,1625449482.0,64.0
-19.35,1625449482.0,64.0
-26.94,1625449482.0,64.0
-34.63,1625449482.0,64.0
-42.65,1625449482.0,64.0
-51.21,1625449482.0,64.0
-60.45,1625449482.0,64.0
-70.43,1625449482.0,64.0
-80.99,1625449482.0,64.0
-91.59,1625449482.0,64.0
-101.31,1625449482.0,64.0
-108.83,1625449482.0,64.0
-112.74,1625449482.0,64.0
-111.93,1625449482.0,64.0
-105.99,1625449482.0,64.0
-95.39,1625449482.0,64.0
-81.31,1625449482.0,64.0
-65.2,1625449482.0,64.0
-48.34,1625449482.0,64.0
-31.53,1625449482.0,64.0
-15.16,1625449482.0,64.0
0.43,1625449482.0,64.0
14.69,1625449482.0,64.0
26.76,1625449482.0,64.0
35.7,1625449482.0,64.0
40.94,1625449482.0,64.0
42.65,1625449482.0,64.0
41.67,1625449482.0,64.0
39.32,1625449482.0,64.0
36.8,1625449482.0,64.0
34.8,1625449482.0,64.0
33.3,1625449482.0,64.0
31.69,1625449482.0,64.0
29.16,1625449482.0,64.0
25.0,1625449482.0,64.0
18.93,1625449482.0,64.0
11.13,1625449482.0,64.0
2.2,1625449482.0,64.0
-7.07,1625449482.0,64.0
-15.89,1625449482.0,64.0
-23.61,1625449482.0,64.0
-29.73,1625449482.0,64.0
-33.98,1625449482.0,64.0
-36.21,1625449482.0,64.0
-36.51,1625449482.0,64.0
-35.2,1625449482.0,64.0
-32.82,1625449482.0,64.0
-30.1,1625449482.0,64.0
-27.79,1625449482.0,64.0
-26.42,1625449482.0,64.0
-26.25,1625449482.0,64.0
-27.1,1625449482.0,64.0
-28.52,1625449482.0,64.0
-29.95,1625449482.0,64.0
-30.96,1625449482.0,64.0
-31.42,1625449482.0,64.0
-31.59,1625449482.0,64.0
-32.01,1625449482.0,64.0
-33.38,1625449482.0,64.0
-36.26,1625449482.0,64.0
-40.86,1625449482.0,64.0
-46.91,1625449482.0,64.0
-53.6,1625449482.0,64.0
-59.65,1625449482.0,64.0
-63.6,1625449482.0,64.0
-64.03,1625449482.0,64.0
-59.97,1625449482.0,64.0
-51.17,1625449482.0,64.0
-38.24,1625449482.0,64.0
-22.5,1625449482.0,64.0
-5.59,1625449482.0,64.0
11.08,1625449482.0,64.0
26.64,1625449482.0,64.0
40.93,1625449482.0,64.0
54.09,1625449482.0,64.0
66.22,1625449482.0,64.0
77.01,1625449482.0,64.0
85.84,1625449482.0,64.0
92.07,1625449482.0,64.0
95.55,1625449482.0,64.0
96.74,1625449482.0,64.0
96.63,1625449482.0,64.0
96.26,1625449482.0,64.0
96.27,1625449482.0,64.0
96.71,1625449482.0,64.0
97.16,1625449482.0,64.0
97.08,1625449482.0,64.0
96.13,1625449482.0,64.0
94.32,1625449482.0,64.0
91.89,1625449482.0,64.0
89.15,1625449482.0,64.0
86.26,1625449482.0,64.0
83.18,1625449482.0,64.0
79.74,1625449482.0,64.0
75.81,1625449482.0,64.0
71.34,1625449482.0,64.0
66.48,1625449482.0,64.0
61.47,1625449482.0,64.0
56.59,1625449482.0,64.0
51.98,1625449482.0,64.0
47.64,1625449482.0,64.0
43.35,1625449482.0,64.0
38.8,1625449482.0,64.0
33.63,1625449482.0,64.0
27.64,1625449482.0,64.0
20.83,1625449482.0,64.0
13.43,1625449482.0,64.0
5.8,1625449482.0,64.0
-1.74,1625449482.0,64.0
-9.03,1625449482.0,64.0
-16.14,1625449482.0,64.0
-23.27,1625449482.0,64.0
-30.67,1625449482.0,64.0
-38.53,1625449482.0,64.0
-46.9,1625449482.0,64.0
-55.71,1625449482.0,64.0
-64.64,1625449482.0,64.0
-73.06,1625449482.0,64.0
-79.98,1625449482.0,64.0
-84.16,1625449482.0,64.0
-84.38,1625449482.0,64.0
-79.87,1625449482.0,64.0
-70.59,1625449482.0,64.0
-57.32,1625449482.0,64.0
-41.4,1625449482.0,64.0
-24.25,1625449482.0,64.0
-6.99,1625449482.0,64.0
9.73,1625449482.0,64.0
25.54,1625449482.0,64.0
40.08,1625449482.0,64.0
52.83,1625449482.0,64.0
63.12,1625449482.0,64.0
70.48,1625449482.0,64.0
74.91,1625449482.0,64.0
77.02,1625449482.0,64.0
77.81,1625449482.0,64.0
78.32,1625449482.0,64.0
79.12,1625449482.0,64.0
80.19,1625449482.0,64.0
81.04,1625449482.0,64.0
81.0,1625449482.0,64.0
79.7,1625449482.0,64.0
77.14,1625449482.0,64.0
73.73,1625449482.0,64.0
69.94,1625449482.0,64.0
66.1,1625449482.0,64.0
62.21,1625449482.0,64.0
57.98,1625449482.0,64.0
53.06,1625449482.0,64.0
47.22,1625449482.0,64.0
40.49,1625449482.0,64.0
33.18,1625449482.0,64.0
25.8,1625449482.0,64.0
18.79,1625449482.0,64.0
12.46,1625449482.0,64.0
6.81,1625449482.0,64.0
1.62,1625449482.0,64.0
-3.47,1625449482.0,64.0
-8.76,1625449482.0,64.0
-14.36,1625449482.0,64.0
-20.15,1625449482.0,64.0
-25.88,1625449482.0,64.0
-31.29,1625449482.0,64.0
-36.25,1625449482.0,64.0
-40.82,1625449482.0,64.0
-45.2,1625449482.0,64.0
-49.63,1625449482.0,64.0
-54.33,1625449482.0,64.0
-59.47,1625449482.0,64.0
-65.16,1625449482.0,64.0
-71.42,1625449482.0,64.0
-78.05,1625449482.0,64.0
-84.53,1625449482.0,64.0
-89.93,1625449482.0,64.0
-93.07,1625449482.0,64.0
-92.86,1625449482.0,64.0
-88.64,1625449482.0,64.0
-80.5,1625449482.0,64.0
-69.23,1625449482.0,64.0
-55.99,1625449482.0,64.0
-41.89,1625449482.0,64.0
-27.68,1625449482.0,64.0
-13.73,1625449482.0,64.0
-0.22,1625449482.0,64.0
12.54,1625449482.0,64.0
24.0,1625449482.0,64.0
33.52,1625449482.0,64.0
40.69,1625449482.0,64.0
45.62,1625449482.0,64.0
48.95,1625449482.0,64.0
51.62,1625449482.0,64.0
54.47,1625449482.0,64.0
57.87,1625449482.0,64.0
61.65,1625449482.0,64.0
65.21,1625449482.0,64.0
67.93,1625449482.0,64.0
69.39,1625449482.0,64.0
69.56,1625449482.0,64.0
68.69,1625449482.0,64.0
67.15,1625449482.0,64.0
65.17,1625449482.0,64.0
62.74,1625449482.0,64.0
59.75,1625449482.0,64.0
56.07,1625449482.0,64.0
51.8,1625449482.0,64.0
47.25,1625449482.0,64.0
42.86,1625449482.0,64.0
38.97,1625449482.0,64.0
35.65,1625449482.0,64.0
32.66,1625449482.0,64.0
29.57,1625449482.0,64.0
25.96,1625449482.0,64.0
21.63,1625449482.0,64.0
16.6,1625449482.0,64.0
11.1,1625449482.0,64.0
5.37,1625449482.0,64.0
-0.4,1625449482.0,64.0
-6.12,1625449482.0,64.0
-11.85,1625449482.0,64.0
-17.71,1625449482.0,64.0
-23.86,1625449482.0,64.0
-30.55,1625449482.0,64.0
-37.98,1625449482.0,64.0
-46.29,1625449482.0,64.0
-55.35,1625449482.0,64.0
-64.73,1625449482.0,64.0
-73.66,1625449482.0,64.0
-81.1,1625449482.0,64.0
-86.0,1625449482.0,64.0
-87.53,1625449482.0,64.0
-85.34,1625449482.0,64.0
-79.68,1625449482.0,64.0
-71.32,1625449482.0,64.0
-61.34,1625449482.0,64.0
-50.78,1625449482.0,64.0
-40.36,1625449482.0,64.0
-30.45,1625449482.0,64.0
-21.12,1625449482.0,64.0
-12.38,1625449482.0,64.0
-4.37,1625449482.0,64.0
2.66,1625449482.0,64.0
8.46,1625449482.0,64.0
13.02,1625449482.0,64.0
16.64,1625449482.0,64.0
19.85,1625449482.0,64.0
23.21,1625449482.0,64.0
27.06,1625449482.0,64.0
31.33,1625449482.0,64.0
35.62,1625449482.0,64.0
39.36,1625449482.0,64.0
42.02,1625449482.0,64.0
43.31,1625449482.0,64.0
43.25,1625449482.0,64.0
42.11,1625449482.0,64.0
40.31,1625449482.0,64.0
38.27,1625449482.0,64.0
36.26,1625449482.0,64.0
34.34,1625449482.0,64.0
32.37,1625449482.0,64.0
30.06,1625449482.0,64.0
27.17,1625449482.0,64.0
23.62,1625449482.0,64.0
19.59,1625449482.0,64.0
15.47,1625449482.0,64.0
11.72,1625449482.0,64.0
8.71,1625449482.0,64.0
6.51,1625449482.0,64.0
4.87,1625449482.0,64.0
3.29,1625449482.0,64.0
1.14,1625449482.0,64.0
-2.24,1625449482.0,64.0
-7.33,1625449482.0,64.0
-14.25,1625449482.0,64.0
-22.58,1625449482.0,64.0
-31.26,1625449482.0,64.0
-38.72,1625449482.0,64.0
-43.37,1625449482.0,64.0
-44.11,1625449482.0,64.0
-40.85,1625449482.0,64.0
-34.46,1625449482.0,64.0
-26.33,1625449482.0,64.0
-17.61,1625449482.0,64.0
-8.53,1625449482.0,64.0
1.7,1625449482.0,64.0
14.51,1625449482.0,64.0
31.21,1625449482.0,64.0
52.33,1625449482.0,64.0
77.35,1625449482.0,64.0
104.75,1625449482.0,64.0
132.35,1625449482.0,64.0
157.74,1625449482.0,64.0
178.7,1625449482.0,64.0
193.54,1625449482.0,64.0
201.36,1625449482.0,64.0
202.06,1625449482.0,64.0
196.11,1625449482.0,64.0
184.18,1625449482.0,64.0
166.83,1625449482.0,64.0
144.44,1625449482.0,64.0
117.49,1625449482.0,64.0
86.96,1625449482.0,64.0
54.61,1625449482.0,64.0
22.81,1625449482.0,64.0
-5.94,1625449482.0,64.0
-29.6,1625449482.0,64.0
-46.97,1625449482.0,64.0
-57.73,1625449482.0,64.0
-62.15,1625449482.0,64.0
-60.94,1625449482.0,64.0
-55.38,1625449482.0,64.0
-47.52,1625449482.0,64.0
-40.39,1625449482.0,64.0
-37.66,1625449482.0,64.0
-42.98,1625449482.0,64.0
-59.15,1625449482.0,64.0
-87.64,1625449482.0,64.0
-128.31,1625449482.0,64.0
-179.18,1625449482.0,64.0
-236.15,1625449482.0,64.0
-292.82,1625449482.0,64.0
-340.98,1625449482.0,64.0
-372.23,1625449482.0,64.0
-380.54,1625449482.0,64.0
-364.6,1625449482.0,64.0
-328.82,1625449482.0,64.0
-281.99,1625449482.0,64.0
-234.03,1625449482.0,64.0
-192.49,1625449482.0,64.0
-160.28,1625449482.0,64.0
-135.95,1625449482.0,64.0
-115.8,1625449482.0,64.0
-96.63,1625449482.0,64.0
-77.32,1625449482.0,64.0
-58.78,1625449482.0,64.0
-42.52,1625449482.0,64.0
-29.14,1625449482.0,64.0
-17.74,1625449482.0,64.0
-6.39,1625449482.0,64.0
6.59,1625449482.0,64.0
21.72,1625449482.0,64.0
37.94,1625449482.0,64.0
53.19,1625449482.0,64.0
65.54,1625449482.0,64.0
74.12,1625449482.0,64.0
79.59,1625449482.0,64.0
83.67,1625449482.0,64.0
88.33,1625449482.0,64.0
94.8,1625449482.0,64.0
103.07,1625449482.0,64.0
111.97,1625449482.0,64.0
119.79,1625449482.0,64.0
125.0,1625449482.0,64.0
126.86,1625449482.0,64.0
125.52,1625449482.0,64.0
121.87,1625449482.0,64.0
117.03,1625449482.0,64.0
111.96,1625449482.0,64.0
107.09,1625449482.0,64.0
102.32,1625449482.0,64.0
97.2,1625449482.0,64.0
91.31,1625449482.0,64.0
84.53,1625449482.0,64.0
77.23,1625449482.0,64.0
70.12,1625449482.0,64.0
63.94,1625449482.0,64.0
59.04,1625449482.0,64.0
55.24,1625449482.0,64.0
51.9,1625449482.0,64.0
48.24,1625449482.0,64.0
43.73,1625449482.0,64.0
38.23,1625449482.0,64.0
32.02,1625449482.0,64.0
25.5,1625449482.0,64.0
19.02,1625449482.0,64.0
12.73,1625449482.0,64.0
6.77,1625449482.0,64.0
1.41,1625449482.0,64.0
-2.83,1625449482.0,64.0
-5.26,1625449482.0,64.0
-5.3,1625449482.0,64.0
-2.73,1625449482.0,64.0
2.12,1625449482.0,64.0
8.53,1625449482.0,64.0
15.56,1625449482.0,64.0
22.49,1625449482.0,64.0
28.89,1625449482.0,64.0
34.66,1625449482.0,64.0
39.82,1625449482.0,64.0
44.28,1625449482.0,64.0
47.76,1625449482.0,64.0
49.9,1625449482.0,64.0
50.44,1625449482.0,64.0
49.45,1625449482.0,64.0
47.33,1625449482.0,64.0
44.76,1625449482.0,64.0
42.37,1625449482.0,64.0
40.55,1625449482.0,64.0
39.3,1625449482.0,64.0
38.33,1625449482.0,64.0
37.25,1625449482.0,64.0
35.82,1625449482.0,64.0
34.05,1625449482.0,64.0
32.21,1625449482.0,64.0
30.68,1625449482.0,64.0
29.61,1625449482.0,64.0
28.89,1625449482.0,64.0
28.09,1625449482.0,64.0
26.69,1625449482.0,64.0
24.33,1625449482.0,64.0
20.98,1625449482.0,64.0
16.96,1625449482.0,64.0
12.81,1625449482.0,64.0
8.95,1625449482.0,64.0
5.52,1625449482.0,64.0
2.32,1625449482.0,64.0
-1.08,1625449482.0,64.0
-5.04,1625449482.0,64.0
-9.66,1625449482.0,64.0
-14.77,1625449482.0,64.0
-20.02,1625449482.0,64.0
-25.05,1625449482.0,64.0
-29.65,1625449482.0,64.0
-33.66,1625449482.0,64.0
-36.95,1625449482.0,64.0
-39.27,1625449482.0,64.0
-40.31,1625449482.0,64.0
-39.82,1625449482.0,64.0
-37.73,1625449482.0,64.0
-34.23,1625449482.0,64.0
-29.64,1625449482.0,64.0
-24.32,1625449482.0,64.0
-18.47,1625449482.0,64.0
-12.22,1625449482.0,64.0
-5.77,1625449482.0,64.0
0.45,1625449482.0,64.0
5.7,1625449482.0,64.0
9.24,1625449482.0,64.0
10.61,1625449482.0,64.0
9.93,1625449482.0,64.0
7.91,1625449482.0,64.0
5.53,1625449482.0,64.0
3.62,1625449482.0,64.0
2.5,1625449482.0,64.0
1.94,1625449482.0,64.0
1.35,1625449482.0,64.0
0.19,1625449482.0,64.0
-1.76,1625449482.0,64.0
-4.37,1625449482.0,64.0
-7.3,1625449482.0,64.0
-10.28,1625449482.0,64.0
-13.25,1625449482.0,64.0
-16.4,1625449482.0,64.0
-19.97,1625449482.0,64.0
-24.13,1625449482.0,64.0
-28.88,1625449482.0,64.0
-33.98,1625449482.0,64.0
-39.03,1625449482.0,64.0
-43.61,1625449482.0,64.0
-47.41,1625449482.0,64.0
-50.25,1625449482.0,64.0
-52.18,1625449482.0,64.0
-53.31,1625449482.0,64.0
-53.67,1625449482.0,64.0
-53.1,1625449482.0,64.0
-51.24,1625449482.0,64.0
-47.7,1625449482.0,64.0
-42.38,1625449482.0,64.0
-35.55,1625449482.0,64.0
-27.85,1625449482.0,64.0
-20.02,1625449482.0,64.0
-12.55,1625449482.0,64.0
-5.4,1625449482.0,64.0
1.89,1625449482.0,64.0
10.0,1625449482.0,64.0
19.42,1625449482.0,64.0
30.18,1625449482.0,64.0
41.64,1625449482.0,64.0
52.67,1625449482.0,64.0
61.99,1625449482.0,64.0
68.65,1625449482.0,64.0
72.46,1625449482.0,64.0
74.34,1625449482.0,64.0
76.02,1625449482.0,64.0
79.46,1625449482.0,64.0
85.94,1625449482.0,64.0
95.34,1625449482.0,64.0
106.08,1625449482.0,64.0
115.6,1625449482.0,64.0
121.41,1625449482.0,64.0
121.93,1625449482.0,64.0
117.11,1625449482.0,64.0
108.69,1625449482.0,64.0
100.21,1625449482.0,64.0
96.61,1625449482.0,64.0
102.97,1625449482.0,64.0
122.42,1625449482.0,64.0
154.05,1625449482.0,64.0
191.79,1625449482.0,64.0
225.45,1625449482.0,64.0
243.82,1625449482.0,64.0
238.83,1625449482.0,64.0
208.45,1625449482.0,64.0
157.43,1625449482.0,64.0
95.05,1625449482.0,64.0
31.49,1625449482.0,64.0
-25.37,1625449482.0,64.0
-71.59,1625449482.0,64.0
-106.7,1625449482.0,64.0
-132.27,1625449482.0,64.0
-150.32,1625449482.0,64.0
-162.7,1625449482.0,64.0
-171.22,1625449482.0,64.0
-178.08,1625449482.0,64.0
-186.02,1625449482.0,64.0
-197.81,1625449482.0,64.0
-215.31,1625449482.0,64.0
-238.37,1625449482.0,64.0
-264.36,1625449482.0,64.0
-288.34,1625449482.0,64.0
-304.52,1625449482.0,64.0
-308.1,1625449482.0,64.0
-296.98,1625449482.0,64.0
-272.53,1625449482.0,64.0
-238.86,1625449482.0,64.0
-201.46,1625449482.0,64.0
-165.34,1625449482.0,64.0
-133.96,1625449482.0,64.0
-108.96,1625449482.0,64.0
-90.51,1625449482.0,64.0
-77.72,1625449482.0,64.0
-68.95,1625449482.0,64.0
-62.01,1625449482.0,64.0
-54.4,1625449482.0,64.0
-44.02,1625449482.0,64.0
-29.66,1625449482.0,64.0
-11.39,1625449482.0,64.0
9.58,1625449482.0,64.0
31.68,1625449482.0,64.0
53.64,1625449482.0,64.0
75.05,1625449482.0,64.0
96.15,1625449482.0,64.0
117.27,1625449482.0,64.0
138.23,1625449482.0,64.0
158.01,1625449482.0,64.0
175.05,1625449482.0,64.0
187.82,1625449482.0,64.0
195.37,1625449482.0,64.0
197.56,1625449482.0,64.0
194.89,1625449482.0,64.0
187.95,1625449482.0,64.0
177.22,1625449482.0,64.0
163.12,1625449482.0,64.0
146.56,1625449482.0,64.0
129.4,1625449482.0,64.0
114.27,1625449482.0,64.0
103.56,1625449482.0,64.0
97.84,1625449482.0,64.0
94.64,1625449482.0,64.0
88.9,1625449482.0,64.0
75.2,1625449482.0,64.0
50.84,1625449482.0,64.0
18.31,1625449482.0,64.0
-14.81,1625449482.0,64.0
-38.63,1625449482.0,64.0
-45.48,1625449482.0,64.0
-33.93,1625449482.0,64.0
-10.2,1625449482.0,64.0
13.89,1625449482.0,64.0
25.76,1625449482.0,64.0
17.28,1625449482.0,64.0
-11.94,1625449482.0,64.0
-54.61,1625449482.0,64.0
-99.15,1625449482.0,64.0
-134.35,1625449482.0,64.0
-152.89,1625449482.0,64.0
-152.56,1625449482.0,64.0
-135.16,1625449482.0,64.0
-104.56,1625449482.0,64.0
-65.24,1625449482.0,64.0
-22.03,1625449482.0,64.0
19.48,1625449482.0,64.0
52.99,1625449482.0,64.0
72.48,1625449482.0,64.0
74.29,1625449482.0,64.0
58.8,1625449482.0,64.0
30.8,1625449482.0,64.0
-1.92,1625449482.0,64.0
-30.82,1625449482.0,64.0
-49.12,1625449482.0,64.0
-53.41,1625449482.0,64.0
-44.1,1625449482.0,64.0
-24.87,1625449482.0,64.0
-1.37,1625449482.0,64.0
20.71,1625449482.0,64.0
37.47,1625449482.0,64.0
47.9,1625449482.0,64.0
53.71,1625449482.0,64.0
57.77,1625449482.0,64.0
62.08,1625449482.0,64.0
66.45,1625449482.0,64.0
68.8,1625449482.0,64.0
66.55,1625449482.0,64.0
58.46,1625449482.0,64.0
45.67,1625449482.0,64.0
31.18,1625449482.0,64.0
18.38,1625449482.0,64.0
9.39,1625449482.0,64.0
4.33,1625449482.0,64.0
1.68,1625449482.0,64.0
-0.82,1625449482.0,64.0
-5.01,1625449482.0,64.0
-11.69,1625449482.0,64.0
-20.54,1625449482.0,64.0
-30.3,1625449482.0,64.0
-39.16,1625449482.0,64.0
-45.25,1625449482.0,64.0
-47.16,1625449482.0,64.0
-44.55,1625449482.0,64.0
-38.36,1625449482.0,64.0
-30.74,1625449482.0,64.0
-24.19,1625449482.0,64.0
-20.54,1625449482.0,64.0
-19.94,1625449482.0,64.0
-20.74,1625449482.0,64.0
-20.08,1625449482.0,64.0
-15.14,1625449482.0,64.0
-4.32,1625449482.0,64.0
12.08,1625449482.0,64.0
32.06,1625449482.0,64.0
52.84,1625449482.0,64.0
71.68,1625449482.0,64.0
86.54,1625449482.0,64.0
96.25,1625449482.0,64.0
100.21,1625449482.0,64.0
98.19,1625449482.0,64.0
90.26,1625449482.0,64.0
76.94,1625449482.0,64.0
59.4,1625449482.0,64.0
39.56,1625449482.0,64.0
19.78,1625449482.0,64.0
2.38,1625449482.0,64.0
-11.02,1625449482.0,64.0
-19.97,1625449482.0,64.0
-25.22,1625449482.0,64.0
-28.42,1625449482.0,64.0
-31.49,1625449482.0,64.0
-35.88,1625449482.0,64.0
-42.18,1625449482.0,64.0
-50.08,1625449482.0,64.0
-58.73,1625449482.0,64.0
-67.3,1625449482.0,64.0
-75.25,1625449482.0,64.0
-82.39,1625449482.0,64.0
-88.54,1625449482.0,64.0
-93.26,1625449482.0,64.0
-95.75,1625449482.0,64.0
-95.12,1625449482.0,64.0
-90.78,1625449482.0,64.0
-82.87,1625449482.0,64.0
-72.2,1625449482.0,64.0
-60.01,1625449482.0,64.0
-47.53,1625449482.0,64.0
-35.6,1625449482.0,64.0
-24.57,1625449482.0,64.0
-14.57,1625449482.0,64.0
-5.68,1625449482.0,64.0
1.83,1625449482.0,64.0
7.61,1625449482.0,64.0
11.48,1625449482.0,64.0
13.61,1625449482.0,64.0
14.57,1625449482.0,64.0
15.18,1625449482.0,64.0
16.13,1625449482.0,64.0
17.75,1625449482.0,64.0
19.85,1625449482.0,64.0
21.89,1625449482.0,64.0
23.2,1625449482.0,64.0
23.33,1625449482.0,64.0
22.15,1625449482.0,64.0
19.91,1625449482.0,64.0
17.04,1625449482.0,64.0
13.95,1625449482.0,64.0
10.95,1625449482.0,64.0
8.15,1625449482.0,64.0
5.59,1625449482.0,64.0
3.25,1625449482.0,64.0
1.08,1625449482.0,64.0
-0.97,1625449482.0,64.0
-2.98,1625449482.0,64.0
-5.03,1625449482.0,64.0
-7.16,1625449482.0,64.0
-9.4,1625449482.0,64.0
-11.78,1625449482.0,64.0
-14.33,1625449482.0,64.0
-17.11,1625449482.0,64.0
-20.16,1625449482.0,64.0
-23.48,1625449482.0,64.0
-26.99,1625449482.0,64.0
-30.56,1625449482.0,64.0
-34.02,1625449482.0,64.0
-37.11,1625449482.0,64.0
-39.48,1625449482.0,64.0
-40.65,1625449482.0,64.0
-40.01,1625449482.0,64.0
-37.11,1625449482.0,64.0
-31.77,1625449482.0,64.0
-24.34,1625449482.0,64.0
-15.59,1625449482.0,64.0
-6.46,1625449482.0,64.0
2.22,1625449482.0,64.0
9.96,1625449482.0,64.0
16.59,1625449482.0,64.0
22.07,1625449482.0,64.0
26.32,1625449482.0,64.0
29.19,1625449482.0,64.0
30.56,1625449482.0,64.0
30.53,1625449482.0,64.0
29.51,1625449482.0,64.0
28.09,1625449482.0,64.0
26.83,1625449482.0,64.0
26.05,1625449482.0,64.0
25.76,1625449482.0,64.0
25.69,1625449482.0,64.0
25.53,1625449482.0,64.0
24.98,1625449482.0,64.0
23.89,1625449482.0,64.0
22.22,1625449482.0,64.0
19.97,1625449482.0,64.0
17.2,1625449482.0,64.0
14.02,1625449482.0,64.0
10.6,1625449482.0,64.0
7.16,1625449482.0,64.0
3.93,1625449482.0,64.0
1.07,1625449482.0,64.0
-1.36,1625449482.0,64.0
-3.44,1625449482.0,64.0
-5.3,1625449482.0,64.0
-7.1,1625449482.0,64.0
-9.0,1625449482.0,64.0
-11.05,1625449482.0,64.0
-13.25,1625449482.0,64.0
-15.51,1625449482.0,64.0
-17.71,1625449482.0,64.0
-19.75,1625449482.0,64.0
-21.57,1625449482.0,64.0
-23.2,1625449482.0,64.0
-24.83,1625449482.0,64.0
-26.75,1625449482.0,64.0
-29.23,1625449482.0,64.0
-32.42,1625449482.0,64.0
-36.22,1625449482.0,64.0
-40.17,1625449482.0,64.0
-43.56,1625449482.0,64.0
-45.61,1625449482.0,64.0
-45.68,1625449482.0,64.0
-43.49,1625449482.0,64.0
-39.16,1625449482.0,64.0
-33.16,1625449482.0,64.0
-26.09,1625449482.0,64.0
-18.47,1625449482.0,64.0
-10.69,1625449482.0,64.0
-2.97,1625449482.0,64.0
4.54,1625449482.0,64.0
11.67,1625449482.0,64.0
18.13,1625449482.0,64.0
23.55,1625449482.0,64.0
27.58,1625449482.0,64.0
29.99,1625449482.0,64.0
30.81,1625449482.0,64.0
30.38,1625449482.0,64.0
29.25,1625449482.0,64.0
27.95,1625449482.0,64.0
26.89,1625449482.0,64.0
26.18,1625449482.0,64.0
25.67,1625449482.0,64.0
25.08,1625449482.0,64.0
24.2,1625449482.0,64.0
22.95,1625449482.0,64.0
21.43,1625449482.0,64.0
19.78,1625449482.0,64.0
18.13,1625449482.0,64.0
16.48,1625449482.0,64.0
14.76,1625449482.0,64.0
12.84,1625449482.0,64.0
10.69,1625449482.0,64.0
8.37,1625449482.0,64.0
6.0,1625449482.0,64.0
3.7,1625449482.0,64.0
1.55,1625449482.0,64.0
-0.46,1625449482.0,64.0
-2.44,1625449482.0,64.0
-4.5,1625449482.0,64.0
-6.75,1625449482.0,64.0
-9.18,1625449482.0,64.0
-11.71,1625449482.0,64.0
-14.2,1625449482.0,64.0
-16.52,1625449482.0,64.0
-18.6,1625449482.0,64.0
-20.48,1625449482.0,64.0
-22.29,1625449482.0,64.0
-24.21,1625449482.0,64.0
-26.34,1625449482.0,64.0
-28.76,1625449482.0,64.0
-31.43,1625449482.0,64.0
-34.28,1625449482.0,64.0
-37.28,1625449482.0,64.0
-40.34,1625449482.0,64.0
-43.34,1625449482.0,64.0
-45.97,1625449482.0,64.0
-47.76,1625449482.0,64.0
-48.11,1625449482.0,64.0
-46.55,1625449482.0,64.0
-42.9,1625449482.0,64.0
-37.33,1625449482.0,64.0
-30.33,1625449482.0,64.0
-22.5,1625449482.0,64.0
-14.32,1625449482.0,64.0
-6.07,1625449482.0,64.0
2.09,1625449482.0,64.0
9.99,1625449482.0,64.0
17.29,1625449482.0,64.0
23.52,1625449482.0,64.0
28.21,1625449482.0,64.0
31.08,1625449482.0,64.0
32.21,1625449482.0,64.0
32.03,1625449482.0,64.0
31.2,1625449482.0,64.0
30.34,1625449482.0,64.0
29.85,1625449482.0,64.0
29.77,1625449482.0,64.0
29.89,1625449482.0,64.0
29.86,1625449482.0,64.0
29.38,1625449482.0,64.0
28.34,1625449482.0,64.0
26.8,1625449482.0,64.0
24.92,1625449482.0,64.0
22.91,1625449482.0,64.0
20.92,1625449482.0,64.0
18.98,1625449482.0,64.0
17.04,1625449482.0,64.0
15.02,1625449482.0,64.0
12.85,1625449482.0,64.0
10.53,1625449482.0,64.0
8.11,1625449482.0,64.0
5.7,1625449482.0,64.0
3.41,1625449482.0,64.0
1.28,1625449482.0,64.0
-0.68,1625449482.0,64.0
-2.51,1625449482.0,64.0
-4.28,1625449482.0,64.0
-6.03,1625449482.0,64.0
-7.82,1625449482.0,64.0
-9.73,1625449482.0,64.0
-11.8,1625449482.0,64.0
-14.07,1625449482.0,64.0
-16.49,1625449482.0,64.0
-18.96,1625449482.0,64.0
-21.35,1625449482.0,64.0
-23.58,1625449482.0,64.0
-25.64,1625449482.0,64.0
-27.62,1625449482.0,64.0
-29.66,1625449482.0,64.0
-31.94,1625449482.0,64.0
-34.57,1625449482.0,64.0
-37.59,1625449482.0,64.0
-40.8,1625449482.0,64.0
-43.77,1625449482.0,64.0
-45.86,1625449482.0,64.0
-46.36,1625449482.0,64.0
-44.69,1625449482.0,64.0
-40.68,1625449482.0,64.0
-34.57,1625449482.0,64.0
-27.01,1625449482.0,64.0
-18.74,1625449482.0,64.0
-10.44,1625449482.0,64.0
-2.45,1625449482.0,64.0
5.08,1625449482.0,64.0
12.12,1625449482.0,64.0
18.56,1625449482.0,64.0
24.11,1625449482.0,64.0
28.43,1625449482.0,64.0
31.28,1625449482.0,64.0
32.7,1625449482.0,64.0
32.99,1625449482.0,64.0
32.62,1625449482.0,64.0
32.05,1625449482.0,64.0
31.55,1625449482.0,64.0
31.16,1625449482.0,64.0
30.79,1625449482.0,64.0
30.28,1625449482.0,64.0
29.54,1625449482.0,64.0
28.57,1625449482.0,64.0
27.4,1625449482.0,64.0
26.02,1625449482.0,64.0
24.43,1625449482.0,64.0
22.6,1625449482.0,64.0
20.53,1625449482.0,64.0
18.22,1625449482.0,64.0
15.73,1625449482.0,64.0
13.14,1625449482.0,64.0
10.55,1625449482.0,64.0
8.06,1625449482.0,64.0
5.78,1625449482.0,64.0
3.77,1625449482.0,64.0
2.0,1625449482.0,64.0
0.35,1625449482.0,64.0
-1.33,1625449482.0,64.0
-3.2,1625449482.0,64.0
-5.31,1625449482.0,64.0
-7.66,1625449482.0,64.0
-10.14,1625449482.0,64.0
-12.66,1625449482.0,64.0
-15.17,1625449482.0,64.0
-17.6,1625449482.0,64.0
-19.92,1625449482.0,64.0
-22.08,1625449482.0,64.0
-24.06,1625449482.0,64.0
-25.89,1625449482.0,64.0
-27.67,1625449482.0,64.0
-29.55,1625449482.0,64.0
-31.69,1625449482.0,64.0
-34.2,1625449482.0,64.0
-37.06,1625449482.0,64.0
-40.11,1625449482.0,64.0
-42.99,1625449482.0,64.0
-45.2,1625449482.0,64.0
-46.14,1625449482.0,64.0
-45.29,1625449482.0,64.0
-42.31,1625449482.0,64.0
-37.21,1625449482.0,64.0
-30.34,1625449482.0,64.0
-22.28,1625449482.0,64.0
-13.67,1625449482.0,64.0
-5.06,1625449482.0,64.0
3.19,1625449482.0,64.0
10.84,1625449482.0,64.0
17.68,1625449482.0,64.0
23.44,1625449482.0,64.0
27.85,1625449482.0,64.0
30.72,1625449482.0,64.0
32.06,1625449482.0,64.0
32.18,1625449482.0,64.0
31.54,1625449482.0,64.0
30.67,1625449482.0,64.0
29.98,1625449482.0,64.0
29.66,1625449482.0,64.0
29.7,1625449482.0,64.0
29.84,1625449482.0,64.0
29.79,1625449482.0,64.0
29.26,1625449482.0,64.0
28.16,1625449482.0,64.0
26.55,1625449482.0,64.0
24.63,1625449482.0,64.0
22.62,1625449482.0,64.0
20.6,1625449482.0,64.0
18.51,1625449482.0,64.0
16.25,1625449482.0,64.0
13.73,1625449482.0,64.0
11.05,1625449482.0,64.0
8.42,1625449482.0,64.0
6.1,1625449482.0,64.0
4.2,1625449482.0,64.0
2.65,1625449482.0,64.0
1.19,1625449482.0,64.0
-0.43,1625449482.0,64.0
-2.37,1625449482.0,64.0
-4.58,1625449482.0,64.0
-6.92,1625449482.0,64.0
-9.24,1625449482.0,64.0
-11.46,1625449482.0,64.0
-13.58,1625449482.0,64.0
-15.63,1625449482.0,64.0
-17.64,1625449482.0,64.0
-19.57,1625449482.0,64.0
-21.42,1625449482.0,64.0
-23.22,1625449482.0,64.0
-25.07,1625449482.0,64.0
-27.15,1625449482.0,64.0
-29.62,1625449482.0,64.0
-32.55,1625449482.0,64.0
-35.81,1625449482.0,64.0
-39.05,1625449482.0,64.0
-41.72,1625449482.0,64.0
-43.2,1625449482.0,64.0
-42.88,1625449482.0,64.0
-40.39,1625449482.0,64.0
-35.68,1625449482.0,64.0
-29.08,1625449482.0,64.0
-21.22,1625449482.0,64.0
-12.87,1625449482.0,64.0
-4.74,1625449482.0,64.0
2.73,1625449482.0,64.0
9.36,1625449482.0,64.0
15.13,1625449482.0,64.0
20.1,1625449482.0,64.0
24.21,1625449482.0,64.0
27.31,1625449482.0,64.0
29.28,1625449482.0,64.0
30.15,1625449482.0,64.0
30.15,1625449482.0,64.0
29.71,1625449482.0,64.0
29.23,1625449482.0,64.0
28.94,1625449482.0,64.0
28.83,1625449482.0,64.0
28.73,1625449482.0,64.0
28.37,1625449482.0,64.0
27.58,1625449482.0,64.0
26.33,1625449482.0,64.0
24.71,1625449482.0,64.0
22.82,1625449482.0,64.0
20.76,1625449482.0,64.0
18.59,1625449482.0,64.0
16.33,1625449482.0,64.0
14.03,1625449482.0,64.0
11.76,1625449482.0,64.0
9.6,1625449482.0,64.0
7.65,1625449482.0,64.0
5.94,1625449482.0,64.0
4.46,1625449482.0,64.0
3.09,1625449482.0,64.0
1.68,1625449482.0,64.0
0.07,1625449482.0,64.0
-1.84,1625449482.0,64.0
-4.07,1625449482.0,64.0
-6.56,1625449482.0,64.0
-9.16,1625449482.0,64.0
-11.71,1625449482.0,64.0
-14.1,1625449482.0,64.0
-16.28,1625449482.0,64.0
-18.26,1625449482.0,64.0
-20.14,1625449482.0,64.0
-22.03,1625449482.0,64.0
-24.02,1625449482.0,64.0
-26.21,1625449482.0,64.0
-28.66,1625449482.0,64.0
-31.44,1625449482.0,64.0
-34.5,1625449482.0,64.0
-37.68,1625449482.0,64.0
-40.6,1625449482.0,64.0
-42.7,1625449482.0,64.0
-43.33,1625449482.0,64.0
-41.95,1625449482.0,64.0
-38.32,1625449482.0,64.0
-32.6,1625449482.0,64.0
-25.34,1625449482.0,64.0
-17.28,1625449482.0,64.0
-9.18,1625449482.0,64.0
-1.52,1625449482.0,64.0
5.45,1625449482.0,64.0
11.73,1625449482.0,64.0
17.33,1625449482.0,64.0
22.16,1625449482.0,64.0
26.01,1625449482.0,64.0
28.65,1625449482.0,64.0
30.02,1625449482.0,64.0
30.29,1625449482.0,64.0
29.88,1625449482.0,64.0
29.28,1625449482.0,64.0
28.88,1625449482.0,64.0
28.77,1625449482.0,64.0
28.8,1625449482.0,64.0
28.68,1625449482.0,64.0
28.17,1625449482.0,64.0
27.19,1625449482.0,64.0
25.85,1625449482.0,64.0
24.33,1625449482.0,64.0
22.75,1625449482.0,64.0
21.11,1625449482.0,64.0
19.27,1625449482.0,64.0
17.09,1625449482.0,64.0
14.52,1625449482.0,64.0
11.72,1625449482.0,64.0
8.93,1625449482.0,64.0
6.45,1625449482.0,64.0
4.39,1625449482.0,64.0
2.66,1625449482.0,64.0
1.0,1625449482.0,64.0
-0.88,1625449482.0,64.0
-3.16,1625449482.0,64.0
-5.8,1625449482.0,64.0
-8.59,1625449482.0,64.0
-11.26,1625449482.0,64.0
-13.6,1625449482.0,64.0
-15.6,1625449482.0,64.0
-17.37,1625449482.0,64.0
-19.16,1625449482.0,64.0
-21.19,1625449482.0,64.0
-23.65,1625449482.0,64.0
-26.62,1625449482.0,64.0
-30.07,1625449482.0,64.0
-33.84,1625449482.0,64.0
-37.6,1625449482.0,64.0
-40.8,1625449482.0,64.0
-42.74,1625449482.0,64.0
-42.76,1625449482.0,64.0
-40.37,1625449482.0,64.0
-35.56,1625449482.0,64.0
-28.75,1625449482.0,64.0
-20.73,1625449482.0,64.0
-12.38,1625449482.0,64.0
-4.38,1625449482.0,64.0
2.88,1625449482.0,64.0
9.33,1625449482.0,64.0
15.01,1625449482.0,64.0
19.91,1625449482.0,64.0
23.92,1625449482.0,64.0
26.85,1625449482.0,64.0
28.56,1625449482.0,64.0
29.1,1625449482.0,64.0
28.75,1625449482.0,64.0
27.95,1625449482.0,64.0
27.17,1625449482.0,64.0
26.74,1625449482.0,64.0
26.77,1625449482.0,64.0
27.17,1625449482.0,64.0
27.66,1625449482.0,64.0
27.93,1625449482.0,64.0
27.69,1625449482.0,64.0
26.8,1625449482.0,64.0
25.24,1625449482.0,64.0
23.1,1625449482.0,64.0
20.55,1625449482.0,64.0
17.82,1625449482.0,64.0
15.17,1625449482.0,64.0
12.81,1625449482.0,64.0
10.86,1625449482.0,64.0
9.25,1625449482.0,64.0
7.74,1625449482.0,64.0
6.0,1625449482.0,64.0
3.77,1625449482.0,64.0
1.04,1625449482.0,64.0
-1.94,1625449482.0,64.0
-4.67,1625449482.0,64.0
-6.69,1625449482.0,64.0
-7.77,1625449482.0,64.0
-8.09,1625449482.0,64.0
-8.29,1625449482.0,64.0
-9.29,1625449482.0,64.0
-11.87,1625449482.0,64.0
-16.37,1625449482.0,64.0
-22.49,1625449482.0,64.0
-29.34,1625449482.0,64.0
-35.76,1625449482.0,64.0
-40.72,1625449482.0,64.0
-43.61,1625449482.0,64.0
-44.26,1625449482.0,64.0
-42.97,1625449482.0,64.0
-40.24,1625449482.0,64.0
-36.62,1625449482.0,64.0
-32.45,1625449482.0,64.0
-27.59,1625449482.0,64.0
-21.38,1625449482.0,64.0
-12.78,1625449482.0,64.0
-0.88,1625449482.0,64.0
14.35,1625449482.0,64.0
31.58,1625449482.0,64.0
48.22,1625449482.0,64.0
61.32,1625449482.0,64.0
68.79,1625449482.0,64.0
70.37,1625449482.0,64.0
67.69,1625449482.0,64.0
63.37,1625449482.0,64.0
59.54,1625449482.0,64.0
56.81,1625449482.0,64.0
54.19,1625449482.0,64.0
49.95,1625449482.0,64.0
42.89,1625449482.0,64.0
33.26,1625449482.0,64.0
22.75,1625449482.0,64.0
13.61,1625449482.0,64.0
7.43,1625449482.0,64.0
4.36,1625449482.0,64.0
2.99,1625449482.0,64.0
1.08,1625449482.0,64.0
-3.37,1625449482.0,64.0
-11.31,1625449482.0,64.0
-22.32,1625449482.0,64.0
-34.84,1625449482.0,64.0
-46.66,1625449482.0,64.0
-55.13,1625449482.0,64.0
-57.32,1625449482.0,64.0
-50.46,1625449482.0,64.0
-32.73,1625449482.0,64.0
-4.5,1625449482.0,64.0
30.97,1625449482.0,64.0
67.81,1625449482.0,64.0
99.18,1625449482.0,64.0
119.53,1625449482.0,64.0
126.66,1625449482.0,64.0
122.2,1625449482.0,64.0
110.56,1625449482.0,64.0
96.66,1625449482.0,64.0
83.85,1625449482.0,64.0
72.97,1625449482.0,64.0
63.02,1625449482.0,64.0
52.73,1625449482.0,64.0
41.96,1625449482.0,64.0
32.06,1625449482.0,64.0
25.0,1625449482.0,64.0
21.91,1625449482.0,64.0
22.12,1625449482.0,64.0
23.34,1625449482.0,64.0
22.87,1625449482.0,64.0
19.29,1625449482.0,64.0
13.38,1625449482.0,64.0
7.93,1625449482.0,64.0
6.29,1625449482.0,64.0
10.64,1625449482.0,64.0
20.88,1625449482.0,64.0
34.81,1625449482.0,64.0
49.13,1625449482.0,64.0
60.97,1625449482.0,64.0
68.79,1625449482.0,64.0
72.57,1625449482.0,64.0
73.3,1625449482.0,64.0
72.26,1625449482.0,64.0
70.4,1625449482.0,64.0
68.07,1625449482.0,64.0
65.03,1625449482.0,64.0
60.69,1625449482.0,64.0
54.48,1625449482.0,64.0
46.05,1625449482.0,64.0
35.52,1625449482.0,64.0
23.36,1625449482.0,64.0
10.17,1625449482.0,64.0
-3.6,1625449482.0,64.0
-17.8,1625449482.0,64.0
-32.39,1625449482.0,64.0
-47.25,1625449482.0,64.0
-61.91,1625449482.0,64.0
-75.44,1625449482.0,64.0
-86.57,1625449482.0,64.0
-93.98,1625449482.0,64.0
-96.79,1625449482.0,64.0
-94.98,1625449482.0,64.0
-89.74,1625449482.0,64.0
-83.46,1625449482.0,64.0
-79.25,1625449482.0,64.0
-79.92,1625449482.0,64.0
-86.93,1625449482.0,64.0
-99.65,1625449482.0,64.0
-115.53,1625449482.0,64.0
-131.19,1625449482.0,64.0
-143.84,1625449482.0,64.0
-152.3,1625449482.0,64.0
-157.08,1625449482.0,64.0
-159.49,1625449482.0,64.0
-160.45,1625449482.0,64.0
-159.78,1625449482.0,64.0
-156.39,1625449482.0,64.0
-149.22,1625449482.0,64.0
-138.03,1625449482.0,64.0
-123.68,1625449482.0,64.0
-107.64,1625449482.0,64.0
-91.18,1625449482.0,64.0
-75.36,1625449482.0,64.0
-61.54,1625449482.0,64.0
-52.25,1625449482.0,64.0
-51.14,1625449482.0,64.0
-61.68,1625449482.0,64.0
-84.96,1625449482.0,64.0
-118.02,1625449482.0,64.0
-153.87,1625449482.0,64.0
-183.53,1625449482.0,64.0
-199.19,1625449482.0,64.0
-196.88,1625449482.0,64.0
-177.34,1625449482.0,64.0
-144.96,1625449482.0,64.0
-105.68,1625449482.0,64.0
-65.02,1625449482.0,64.0
-27.27,1625449482.0,64.0
4.36,1625449482.0,64.0
27.39,1625449482.0,64.0
40.05,1625449482.0,64.0
41.96,1625449482.0,64.0
34.87,1625449482.0,64.0
22.67,1625449482.0,64.0
10.48,1625449482.0,64.0
2.96,1625449482.0,64.0
2.72,1625449482.0,64.0
9.58,1625449482.0,64.0
20.99,1625449482.0,64.0
33.4,1625449482.0,64.0
43.89,1625449482.0,64.0
51.3,1625449482.0,64.0
56.36,1625449482.0,64.0
61.01,1625449482.0,64.0
67.3,1625449482.0,64.0
76.42,1625449482.0,64.0
88.38,1625449482.0,64.0
102.18,1625449482.0,64.0
116.4,1625449482.0,64.0
129.95,1625449482.0,64.0
142.54,1625449482.0,64.0
154.84,1625449482.0,64.0
168.21,1625449482.0,64.0
184.05,1625449482.0,64.0
202.86,1625449482.0,64.0
223.45,1625449482.0,64.0
242.67,1625449482.0,64.0
255.81,1625449482.0,64.0
257.68,1625449482.0,64.0
243.93,1625449482.0,64.0
212.37,1625449482.0,64.0
164.01,1625449482.0,64.0
103.55,1625449482.0,64.0
38.89,1625449482.0,64.0
-20.35,1625449482.0,64.0
-65.29,1625449482.0,64.0
-90.37,1625449482.0,64.0
-95.19,1625449482.0,64.0
-84.47,1625449482.0,64.0
-66.24,1625449482.0,64.0
-48.77,1625449482.0,64.0
-37.83,1625449482.0,64.0
-35.41,1625449482.0,64.0
-40.22,1625449482.0,64.0
-49.39,1625449482.0,64.0
-60.2,1625449482.0,64.0
-70.87,1625449482.0,64.0
-80.42,1625449482.0,64.0
-87.91,1625449482.0,64.0
-92.13,1625449482.0,64.0
-91.86,1625449482.0,64.0
-86.69,1625449482.0,64.0
-77.52,1625449482.0,64.0
-66.54,1625449482.0,64.0
-56.53,1625449482.0,64.0
-49.75,1625449482.0,64.0
-47.01,1625449482.0,64.0
-47.49,1625449482.0,64.0
-49.21,1625449482.0,64.0
-50.0,1625449482.0,64.0
-48.44,1625449482.0,64.0
-44.43,1625449482.0,64.0
-39.12,1625449482.0,64.0
-34.27,1625449482.0,64.0
-31.5,1625449482.0,64.0
-31.71,1625449482.0,64.0
-34.9,1625449482.0,64.0
-40.38,1625449482.0,64.0
-47.1,1625449482.0,64.0
-53.95,1625449482.0,64.0
-59.92,1625449482.0,64.0
-64.08,1625449482.0,64.0
-65.61,1625449482.0,64.0
-63.84,1625449482.0,64.0
-58.53,1625449482.0,64.0
-49.98,1625449482.0,64.0
-38.97,1625449482.0,64.0
-26.59,1625449482.0,64.0
-13.85,1625449482.0,64.0
-1.43,1625449482.0,64.0
10.26,1625449482.0,64.0
20.9,1625449482.0,64.0
30.01,1625449482.0,64.0
36.88,1625449482.0,64.0
40.91,1625449482.0,64.0
41.93,1625449482.0,64.0
40.53,1625449482.0,64.0
37.97,1625449482.0,64.0
35.74,1625449482.0,64.0
34.97,1625449482.0,64.0
35.93,1625449482.0,64.0
38.06,1625449482.0,64.0
40.33,1625449482.0,64.0
41.77,1625449482.0,64.0
41.95,1625449482.0,64.0
40.95,1625449482.0,64.0
39.21,1625449482.0,64.0
37.1,1625449482.0,64.0
34.76,1625449482.0,64.0
32.06,1625449482.0,64.0
28.84,1625449482.0,64.0
25.08,1625449482.0,64.0
20.97,1625449482.0,64.0
16.87,1625449482.0,64.0
13.15,1625449482.0,64.0
9.99,1625449482.0,64.0
7.36,1625449482.0,64.0
4.99,1625449482.0,64.0
2.59,1625449482.0,64.0
-0.11,1625449482.0,64.0
-3.24,1625449482.0,64.0
-6.79,1625449482.0,64.0
-10.68,1625449482.0,64.0
-14.8,1625449482.0,64.0
-19.04,1625449482.0,64.0
-23.35,1625449482.0,64.0
-27.64,1625449482.0,64.0
-31.74,1625449482.0,64.0
-35.36,1625449482.0,64.0
-38.04,1625449482.0,64.0
-39.22,1625449482.0,64.0
-38.42,1625449482.0,64.0
-35.38,1625449482.0,64.0
-30.19,1625449482.0,64.0
-23.31,1625449482.0,64.0
-15.44,1625449482.0,64.0
-7.27,1625449482.0,64.0
0.7,1625449482.0,64.0
8.25,1625449482.0,64.0
15.33,1625449482.0,64.0
21.87,1625449482.0,64.0
27.58,1625449482.0,64.0
32.05,1625449482.0,64.0
34.93,1625449482.0,64.0
36.13,1625449482.0,64.0
35.98,1625449482.0,64.0
35.1,1625449482.0,64.0
34.16,1625449482.0,64.0
33.6,1625449482.0,64.0
33.5,1625449482.0,64.0
33.6,1625449482.0,64.0
33.59,1625449482.0,64.0
33.24,1625449482.0,64.0
32.52,1625449482.0,64.0
31.54,1625449482.0,64.0
30.41,1625449482.0,64.0
29.13,1625449482.0,64.0
27.61,1625449482.0,64.0
25.73,1625449482.0,64.0
23.45,1625449482.0,64.0
20.85,1625449482.0,64.0
18.12,1625449482.0,64.0
15.43,1625449482.0,64.0
12.92,1625449482.0,64.0
10.57,1625449482.0,64.0
8.27,1625449482.0,64.0
5.83,1625449482.0,64.0
3.11,1625449482.0,64.0
0.12,1625449482.0,64.0
-3.06,1625449482.0,64.0
-6.25,1625449482.0,64.0
-9.32,1625449482.0,64.0
-12.25,1625449482.0,64.0
-15.14,1625449482.0,64.0
-18.12,1625449482.0,64.0
-21.33,1625449482.0,64.0
-24.81,1625449482.0,64.0
-28.53,1625449482.0,64.0
-32.37,1625449482.0,64.0
-36.06,1625449482.0,64.0
-39.15,1625449482.0,64.0
-41.04,1625449482.0,64.0
-41.07,1625449482.0,64.0
-38.75,1625449482.0,64.0
-33.9,1625449482.0,64.0
-26.85,1625449482.0,64.0
-18.33,1625449482.0,64.0
-9.19,1625449482.0,64.0
-0.23,1625449482.0,64.0
8.08,1625449482.0,64.0
15.51,1625449482.0,64.0
21.96,1625449482.0,64.0
27.3,1625449482.0,64.0
31.29,1625449482.0,64.0
33.75,1625449482.0,64.0
34.7,1625449482.0,64.0
34.48,1625449482.0,64.0
33.64,1625449482.0,64.0
32.8,1625449482.0,64.0
32.35,1625449482.0,64.0
32.36,1625449482.0,64.0
32.56,1625449482.0,64.0
32.57,1625449482.0,64.0
32.08,1625449482.0,64.0
30.98,1625449482.0,64.0
29.39,1625449482.0,64.0
27.52,1625449482.0,64.0
25.51,1625449482.0,64.0
23.42,1625449482.0,64.0
21.24,1625449482.0,64.0
18.93,1625449482.0,64.0
16.55,1625449482.0,64.0
14.23,1625449482.0,64.0
12.09,1625449482.0,64.0
10.21,1625449482.0,64.0
8.6,1625449482.0,64.0
7.14,1625449482.0,64.0
5.63,1625449482.0,64.0
3.88,1625449482.0,64.0
1.73,1625449482.0,64.0
-0.83,1625449482.0,64.0
-3.69,1625449482.0,64.0
-6.63,1625449482.0,64.0
-9.37,1625449482.0,64.0
-11.73,1625449482.0,64.0
-13.67,1625449482.0,64.0
-15.34,1625449482.0,64.0
-17.01,1625449482.0,64.0
-18.98,1625449482.0,64.0
-21.45,1625449482.0,64.0
-24.46,1625449482.0,64.0
-27.82,1625449482.0,64.0
-31.15,1625449482.0,64.0
-33.92,1625449482.0,64.0
-35.56,1625449482.0,64.0
-35.51,1625449482.0,64.0
-33.41,1625449482.0,64.0
-29.2,1625449482.0,64.0
-23.16,1625449482.0,64.0
-15.85,1625449482.0,64.0
-7.97,1625449482.0,64.0
-0.1,1625449482.0,64.0
7.34,1625449482.0,64.0
14.16,1625449482.0,64.0
20.23,1625449482.0,64.0
25.38,1625449482.0,64.0
29.28,1625449482.0,64.0
31.62,1625449482.0,64.0
32.26,1625449482.0,64.0
31.43,1625449482.0,64.0
29.75,1625449482.0,64.0
27.98,1625449482.0,64.0
26.76,1625449482.0,64.0
26.32,1625449482.0,64.0
26.42,1625449482.0,64.0
26.52,1625449482.0,64.0
26.14,1625449482.0,64.0
25.07,1625449482.0,64.0
23.42,1625449482.0,64.0
21.56,1625449482.0,64.0
19.75,1625449482.0,64.0
18.13,1625449482.0,64.0
16.55,1625449482.0,64.0
14.83,1625449482.0,64.0
12.87,1625449482.0,64.0
10.77,1625449482.0,64.0
8.78,1625449482.0,64.0
7.18,1625449482.0,64.0
6.08,1625449482.0,64.0
5.36,1625449482.0,64.0
4.69,1625449482.0,64.0
3.72,1625449482.0,64.0
2.17,1625449482.0,64.0
-0.03,1625449482.0,64.0
-2.72,1625449482.0,64.0
-5.59,1625449482.0,64.0
-8.3,1625449482.0,64.0
-10.6,1625449482.0,64.0
-12.41,1625449482.0,64.0
-13.84,1625449482.0,64.0
-15.12,1625449482.0,64.0
-16.55,1625449482.0,64.0
-18.36,1625449482.0,64.0
-20.65,1625449482.0,64.0
-23.36,1625449482.0,64.0
-26.32,1625449482.0,64.0
-29.23,1625449482.0,64.0
-31.68,1625449482.0,64.0
-33.2,1625449482.0,64.0
-33.3,1625449482.0,64.0
-31.6,1625449482.0,64.0
-27.97,1625449482.0,64.0
-22.65,1625449482.0,64.0
-16.19,1625449482.0,64.0
-9.31,1625449482.0,64.0
-2.62,1625449482.0,64.0
3.55,1625449482.0,64.0
9.15,1625449482.0,64.0
14.2,1625449482.0,64.0
18.63,1625449482.0,64.0
22.22,1625449482.0,64.0
24.66,1625449482.0,64.0
25.8,1625449482.0,64.0
25.76,1625449482.0,64.0
25.01,1625449482.0,64.0
24.08,1625449482.0,64.0
23.42,1625449482.0,64.0
23.14,1625449482.0,64.0
23.07,1625449482.0,64.0
22.89,1625449482.0,64.0
22.35,1625449482.0,64.0
21.4,1625449482.0,64.0
20.16,1625449482.0,64.0
18.81,1625449482.0,64.0
17.43,1625449482.0,64.0
16.0,1625449482.0,64.0
14.37,1625449482.0,64.0
12.45,1625449482.0,64.0
10.25,1625449482.0,64.0
7.92,1625449482.0,64.0
5.68,1625449482.0,64.0
3.74,1625449482.0,64.0
2.18,1625449482.0,64.0
0.93,1625449482.0,64.0
-0.2,1625449482.0,64.0
-1.42,1625449482.0,64.0
-2.85,1625449482.0,64.0
-4.5,1625449482.0,64.0
-6.26,1625449482.0,64.0
-7.97,1625449482.0,64.0
-9.54,1625449482.0,64.0
-10.94,1625449482.0,64.0
-12.25,1625449482.0,64.0
-13.59,1625449482.0,64.0
-15.12,1625449482.0,64.0
-16.96,1625449482.0,64.0
-19.2,1625449482.0,64.0
-21.84,1625449482.0,64.0
-24.71,1625449482.0,64.0
-27.44,1625449482.0,64.0
-29.47,1625449482.0,64.0
-30.19,1625449482.0,64.0
-29.12,1625449482.0,64.0
-26.1,1625449482.0,64.0
-21.37,1625449482.0,64.0
-15.46,1625449482.0,64.0
-9.02,1625449482.0,64.0
-2.57,1625449482.0,64.0
3.5,1625449482.0,64.0
8.97,1625449482.0,64.0
13.62,1625449482.0,64.0
17.24,1625449482.0,64.0
19.58,1625449482.0,64.0
20.54,1625449482.0,64.0
20.27,1625449482.0,64.0
19.17,1625449482.0,64.0
17.83,1625449482.0,64.0
16.79,1625449482.0,64.0
16.39,1625449482.0,64.0
16.64,1625449482.0,64.0
17.25,1625449482.0,64.0
17.79,1625449482.0,64.0
17.88,1625449482.0,64.0
17.33,1625449482.0,64.0
16.2,1625449482.0,64.0
14.64,1625449482.0,64.0
12.87,1625449482.0,64.0
11.0,1625449482.0,64.0
9.1,1625449482.0,64.0
7.21,1625449482.0,64.0
5.37,1625449482.0,64.0
3.69,1625449482.0,64.0
2.24,1625449482.0,64.0
1.01,1625449482.0,64.0
-0.1,1625449482.0,64.0
-1.23,1625449482.0,64.0
-2.51,1625449482.0,64.0
-3.97,1625449482.0,64.0
-5.54,1625449482.0,64.0
-7.12,1625449482.0,64.0
-8.63,1625449482.0,64.0
-10.09,1625449482.0,64.0
-11.62,1625449482.0,64.0
-13.32,1625449482.0,64.0
-15.27,1625449482.0,64.0
-17.45,1625449482.0,64.0
-19.8,1625449482.0,64.0
-22.17,1625449482.0,64.0
-24.38,1625449482.0,64.0
-26.11,1625449482.0,64.0
-26.97,1625449482.0,64.0
-26.52,1625449482.0,64.0
-24.4,1625449482.0,64.0
-20.54,1625449482.0,64.0
-15.16,1625449482.0,64.0
-8.82,1625449482.0,64.0
-2.22,1625449482.0,64.0
4.04,1625449482.0,64.0
9.58,1625449482.0,64.0
14.3,1625449482.0,64.0
18.19,1625449482.0,64.0
21.27,1625449482.0,64.0
23.43,1625449482.0,64.0
24.61,1625449482.0,64.0
24.8,1625449482.0,64.0
24.26,1625449482.0,64.0
23.4,1625449482.0,64.0
22.64,1625449482.0,64.0
22.23,1625449482.0,64.0
22.15,1625449482.0,64.0
22.17,1625449482.0,64.0
21.99,1625449482.0,64.0
21.4,1625449482.0,64.0
20.36,1625449482.0,64.0
18.88,1625449482.0,64.0
17.05,1625449482.0,64.0
14.94,1625449482.0,64.0
12.64,1625449482.0,64.0
10.29,1625449482.0,64.0
8.06,1625449482.0,64.0
6.05,1625449482.0,64.0
4.27,1625449482.0,64.0
2.6,1625449482.0,64.0
0.89,1625449482.0,64.0
-0.87,1625449482.0,64.0
-2.63,1625449482.0,64.0
-4.27,1625449482.0,64.0
-5.73,1625449482.0,64.0
-7.12,1625449482.0,64.0
-8.67,1625449482.0,64.0
-10.56,1625449482.0,64.0
-12.89,1625449482.0,64.0
-15.57,1625449482.0,64.0
-18.4,1625449482.0,64.0
-21.24,1625449482.0,64.0
-23.96,1625449482.0,64.0
-26.48,1625449482.0,64.0
-28.61,1625449482.0,64.0
-30.0,1625449482.0,64.0
-30.18,1625449482.0,64.0
-28.73,1625449482.0,64.0
-25.52,1625449482.0,64.0
-20.79,1625449482.0,64.0
-15.07,1625449482.0,64.0
-8.99,1625449482.0,64.0
-3.04,1625449482.0,64.0
2.57,1625449482.0,64.0
7.85,1625449482.0,64.0
12.87,1625449482.0,64.0
17.49,1625449482.0,64.0
21.39,1625449482.0,64.0
24.13,1625449482.0,64.0
25.41,1625449482.0,64.0
25.24,1625449482.0,64.0
23.98,1625449482.0,64.0
22.21,1625449482.0,64.0
20.46,1625449482.0,64.0
19.05,1625449482.0,64.0
18.06,1625449482.0,64.0
17.38,1625449482.0,64.0
16.85,1625449482.0,64.0
16.38,1625449482.0,64.0
15.91,1625449482.0,64.0
15.41,1625449482.0,64.0
14.82,1625449482.0,64.0
14.07,1625449482.0,64.0
13.18,1625449482.0,64.0
12.25,1625449482.0,64.0
11.45,1625449482.0,64.0
10.97,1625449482.0,64.0
10.88,1625449482.0,64.0
11.04,1625449482.0,64.0
11.16,1625449482.0,64.0
10.86,1625449482.0,64.0
9.8,1625449482.0,64.0
7.89,1625449482.0,64.0
5.29,1625449482.0,64.0
2.43,1625449482.0,64.0
-0.19,1625449482.0,64.0
-2.17,1625449482.0,64.0
-3.42,1625449482.0,64.0
-4.23,1625449482.0,64.0
-5.13,1625449482.0,64.0
-6.63,1625449482.0,64.0
-8.95,1625449482.0,64.0
-11.93,1625449482.0,64.0
-15.12,1625449482.0,64.0
-18.04,1625449482.0,64.0
-20.43,1625449482.0,64.0
-22.37,1625449482.0,64.0
-24.2,1625449482.0,64.0
-26.39,1625449482.0,64.0
-29.33,1625449482.0,64.0
-33.23,1625449482.0,64.0
-38.02,1625449482.0,64.0
-43.29,1625449482.0,64.0
-48.32,1625449482.0,64.0
-52.21,1625449482.0,64.0
-54.26,1625449482.0,64.0
-54.19,1625449482.0,64.0
-52.41,1625449482.0,64.0
-49.83,1625449482.0,64.0
-47.49,1625449482.0,64.0
-46.0,1625449482.0,64.0
-45.41,1625449482.0,64.0
-45.2,1625449482.0,64.0
-44.6,1625449482.0,64.0
-42.87,1625449482.0,64.0
-39.6,1625449482.0,64.0
-34.8,1625449482.0,64.0
-29.01,1625449482.0,64.0
-23.3,1625449482.0,64.0
-19.06,1625449482.0,64.0
-17.3,1625449482.0,64.0
-18.1,1625449482.0,64.0
-20.23,1625449482.0,64.0
-21.57,1625449482.0,64.0
-19.96,1625449482.0,64.0
-14.24,1625449482.0,64.0
-4.78,1625449482.0,64.0
6.85,1625449482.0,64.0
18.76,1625449482.0,64.0
29.78,1625449482.0,64.0
39.78,1625449482.0,64.0
49.34,1625449482.0,64.0
58.94,1625449482.0,64.0
68.32,1625449482.0,64.0
76.4,1625449482.0,64.0
81.82,1625449482.0,64.0
83.75,1625449482.0,64.0
82.47,1625449482.0,64.0
79.43,1625449482.0,64.0
76.75,1625449482.0,64.0
76.43,1625449482.0,64.0
79.58,1625449482.0,64.0
86.02,1625449482.0,64.0
94.43,1625449482.0,64.0
102.88,1625449482.0,64.0
109.65,1625449482.0,64.0
113.88,1625449482.0,64.0
115.76,1625449482.0,64.0
116.23,1625449482.0,64.0
116.44,1625449482.0,64.0
117.08,1625449482.0,64.0
118.17,1625449482.0,64.0
119.13,1625449482.0,64.0
119.2,1625449482.0,64.0
117.96,1625449482.0,64.0
115.58,1625449482.0,64.0
112.83,1625449482.0,64.0
110.7,1625449482.0,64.0
109.83,1625449482.0,64.0
110.06,1625449482.0,64.0
110.27,1625449482.0,64.0
108.55,1625449482.0,64.0
102.77,1625449482.0,64.0
91.27,1625449482.0,64.0
73.51,1625449482.0,64.0
50.31,1625449482.0,64.0
23.71,1625449482.0,64.0
-3.7,1625449482.0,64.0
-29.54,1625449482.0,64.0
-52.34,1625449482.0,64.0
-71.75,1625449482.0,64.0
-88.25,1625449482.0,64.0
-102.55,1625449482.0,64.0
-115.01,1625449482.0,64.0
-125.43,1625449482.0,64.0
-133.24,1625449482.0,64.0
-137.99,1625449482.0,64.0
-139.77,1625449482.0,64.0
-139.27,1625449482.0,64.0
-137.5,1625449482.0,64.0
-135.31,1625449482.0,64.0
-132.99,1625449482.0,64.0
-130.27,1625449482.0,64.0
-126.61,1625449482.0,64.0
-121.64,1625449482.0,64.0
-115.48,1625449482.0,64.0
-108.76,1625449482.0,64.0
-102.33,1625449482.0,64.0
-96.86,1625449482.0,64.0
-92.59,1625449482.0,64.0
-89.28,1625449482.0,64.0
-86.41,1625449482.0,64.0
-83.52,1625449482.0,64.0
-80.36,1625449482.0,64.0
-76.94,1625449482.0,64.0
-73.39,1625449482.0,64.0
-69.83,1625449482.0,64.0
-66.27,1625449482.0,64.0
-62.62,1625449482.0,64.0
-58.78,1625449482.0,64.0
-54.67,1625449482.0,64.0
-50.29,1625449482.0,64.0
-45.67,1625449482.0,64.0
-40.92,1625449482.0,64.0
-36.28,1625449482.0,64.0
-32.09,1625449482.0,64.0
-28.79,1625449482.0,64.0
-26.77,1625449482.0,64.0
-26.19,1625449482.0,64.0
-26.77,1625449482.0,64.0
-27.86,1625449482.0,64.0
-28.58,1625449482.0,64.0
-28.08,1625449482.0,64.0
-25.85,1625449482.0,64.0
-21.85,1625449482.0,64.0
-16.47,1625449482.0,64.0
-10.3,1625449482.0,64.0
-3.91,1625449482.0,64.0
2.34,1625449482.0,64.0
8.34,1625449482.0,64.0
14.07,1625449482.0,64.0
19.42,1625449482.0,64.0
24.12,1625449482.0,64.0
27.74,1625449482.0,64.0
29.87,1625449482.0,64.0
30.33,1625449482.0,64.0
29.27,1625449482.0,64.0
27.09,1625449482.0,64.0
24.36,1625449482.0,64.0
21.59,1625449482.0,64.0
19.12,1625449482.0,64.0
17.06,1625449482.0,64.0
15.32,1625449482.0,64.0
13.66,1625449482.0,64.0
11.76,1625449482.0,64.0
9.34,1625449482.0,64.0
6.24,1625449482.0,64.0
2.53,1625449482.0,64.0
-1.47,1625449482.0,64.0
-5.21,1625449482.0,64.0
-8.18,1625449482.0,64.0
-10.07,1625449482.0,64.0
-10.94,1625449482.0,64.0
-11.14,1625449482.0,64.0
-11.24,1625449482.0,64.0
-11.7,1625449482.0,64.0
-12.77,1625449482.0,64.0
-14.45,1625449482.0,64.0
-16.48,1625449482.0,64.0
-18.57,1625449482.0,64.0
-20.47,1625449482.0,64.0
-22.1,1625449482.0,64.0
-23.54,1625449482.0,64.0
-24.97,1625449482.0,64.0
-26.71,1625449482.0,64.0
-29.15,1625449482.0,64.0
-32.86,1625449482.0,64.0
-38.48,1625449482.0,64.0
-46.33,1625449482.0,64.0
-55.98,1625449482.0,64.0
-65.75,1625449482.0,64.0
-72.91,1625449482.0,64.0
-74.38,1625449482.0,64.0
-67.99,1625449482.0,64.0
-53.49,1625449482.0,64.0
-32.88,1625449482.0,64.0
-9.52,1625449482.0,64.0
13.19,1625449482.0,64.0
33.21,1625449482.0,64.0
50.32,1625449482.0,64.0
65.62,1625449482.0,64.0
80.49,1625449482.0,64.0
95.57,1625449482.0,64.0
110.47,1625449482.0,64.0
124.07,1625449482.0,64.0
135.25,1625449482.0,64.0
143.41,1625449482.0,64.0
148.68,1625449482.0,64.0
151.76,1625449482.0,64.0
153.68,1625449482.0,64.0
155.52,1625449482.0,64.0
158.25,1625449482.0,64.0
162.52,1625449482.0,64.0
168.63,1625449482.0,64.0
176.5,1625449482.0,64.0
185.67,1625449482.0,64.0
195.48,1625449482.0,64.0
205.0,1625449482.0,64.0
213.0,1625449482.0,64.0
218.0,1625449482.0,64.0
218.64,1625449482.0,64.0
214.2,1625449482.0,64.0
204.96,1625449482.0,64.0
192.05,1625449482.0,64.0
176.74,1625449482.0,64.0
159.41,1625449482.0,64.0
139.02,1625449482.0,64.0
113.46,1625449482.0,64.0
80.66,1625449482.0,64.0
39.99,1625449482.0,64.0
-7.04,1625449482.0,64.0
-57.12,1625449482.0,64.0
-106.18,1625449482.0,64.0
-150.76,1625449482.0,64.0
-188.59,1625449482.0,64.0
-218.63,1625449482.0,64.0
-240.54,1625449482.0,64.0
-254.31,1625449482.0,64.0
-260.14,1625449482.0,64.0
-258.61,1625449482.0,64.0
-250.8,1625449482.0,64.0
-238.11,1625449482.0,64.0
-221.9,1625449482.0,64.0
-203.15,1625449482.0,64.0
-182.42,1625449482.0,64.0
-159.96,1625449482.0,64.0
-136.08,1625449482.0,64.0
-111.4,1625449482.0,64.0
-86.96,1625449482.0,64.0
-64.05,1625449482.0,64.0
-43.9,1625449482.0,64.0
-27.39,1625449482.0,64.0
-14.67,1625449482.0,64.0
-5.07,1625449482.0,64.0
2.74,1625449482.0,64.0
10.24,1625449482.0,64.0
18.58,1625449482.0,64.0
28.21,1625449482.0,64.0
38.77,1625449482.0,64.0
49.32,1625449482.0,64.0
58.58,1625449482.0,64.0
65.36,1625449482.0,64.0
68.79,1625449482.0,64.0
68.52,1625449482.0,64.0
64.8,1625449482.0,64.0
58.35,1625449482.0,64.0
50.1,1625449482.0,64.0
40.93,1625449482.0,64.0
31.42,1625449482.0,64.0
21.86,1625449482.0,64.0
12.41,1625449482.0,64.0
3.41,1625449482.0,64.0
-4.66,1625449482.0,64.0
-11.23,1625449482.0,64.0
-16.02,1625449482.0,64.0
-19.15,1625449482.0,64.0
-21.11,1625449482.0,64.0
-22.49,1625449482.0,64.0
-23.68,1625449482.0,64.0
-24.77,1625449482.0,64.0
-25.63,1625449482.0,64.0
-26.11,1625449482.0,64.0
-26.17,1625449482.0,64.0
-25.95,1625449482.0,64.0
-25.64,1625449482.0,64.0
-25.39,1625449482.0,64.0
-25.25,1625449482.0,64.0
-25.25,1625449482.0,64.0
-25.43,1625449482.0,64.0
-25.83,1625449482.0,64.0
-26.52,1625449482.0,64.0
-27.46,1625449482.0,64.0
-28.56,1625449482.0,64.0
-29.65,1625449482.0,64.0
-30.61,1625449482.0,64.0
-31.33,1625449482.0,64.0
-31.77,1625449482.0,64.0
-31.91,1625449482.0,64.0
-31.78,1625449482.0,64.0
-31.49,1625449482.0,64.0
-31.33,1625449482.0,64.0
-31.7,1625449482.0,64.0
-32.99,1625449482.0,64.0
-35.37,1625449482.0,64.0
-38.6,1625449482.0,64.0
-41.99,1625449482.0,64.0
-44.68,1625449482.0,64.0
-45.99,1625449482.0,64.0
-45.75,1625449482.0,64.0
-44.33,1625449482.0,64.0
-42.41,1625449482.0,64.0
-40.58,1625449482.0,64.0
-38.96,1625449482.0,64.0
-37.03,1625449482.0,64.0
-33.93,1625449482.0,64.0
-28.85,1625449482.0,64.0
-21.51,1625449482.0,64.0
-12.46,1625449482.0,64.0
-3.01,1625449482.0,64.0
5.28,1625449482.0,64.0
11.11,1625449482.0,64.0
13.94,1625449482.0,64.0
14.11,1625449482.0,64.0
12.55,1625449482.0,64.0
10.29,1625449482.0,64.0
8.11,1625449482.0,64.0
6.29,1625449482.0,64.0
4.83,1625449482.0,64.0
3.69,1625449482.0,64.0
3.05,1625449482.0,64.0
3.28,1625449482.0,64.0
4.72,1625449482.0,64.0
7.36,1625449482.0,64.0
10.73,1625449482.0,64.0
14.03,1625449482.0,64.0
16.43,1625449482.0,64.0
17.44,1625449482.0,64.0
17.03,1625449482.0,64.0
15.59,1625449482.0,64.0
13.71,1625449482.0,64.0
11.88,1625449482.0,64.0
10.29,1625449482.0,64.0
8.86,1625449482.0,64.0
7.3,1625449482.0,64.0
5.35,1625449482.0,64.0
2.91,1625449482.0,64.0
0.11,1625449482.0,64.0
-2.81,1625449482.0,64.0
-5.56,1625449482.0,64.0
-7.99,1625449482.0,64.0
-10.12,1625449482.0,64.0
-12.11,1625449482.0,64.0
-14.14,1625449482.0,64.0
-16.39,1625449482.0,64.0
-18.88,1625449482.0,64.0
-21.54,1625449482.0,64.0
-24.26,1625449482.0,64.0
-26.89,1625449482.0,64.0
-29.2,1625449482.0,64.0
-30.94,1625449482.0,64.0
-31.71,1625449482.0,64.0
-31.12,1625449482.0,64.0
-28.82,1625449482.0,64.0
-24.72,1625449482.0,64.0
-19.0,1625449482.0,64.0
-12.13,1625449482.0,64.0
-4.66,1625449482.0,64.0
2.88,1625449482.0,64.0
10.04,1625449482.0,64.0
16.51,1625449482.0,64.0
22.01,1625449482.0,64.0
26.3,1625449482.0,64.0
29.17,1625449482.0,64.0
30.63,1625449482.0,64.0
30.93,1625449482.0,64.0
30.54,1625449482.0,64.0
30.01,1625449482.0,64.0
29.73,1625449482.0,64.0
29.77,1625449482.0,64.0
29.91,1625449482.0,64.0
29.78,1625449482.0,64.0
29.11,1625449482.0,64.0
27.81,1625449482.0,64.0
26.08,1625449482.0,64.0
24.21,1625449482.0,64.0
22.5,1625449482.0,64.0
21.15,1625449482.0,64.0
20.18,1625449482.0,64.0
19.36,1625449482.0,64.0
18.15,1625449482.0,64.0
15.75,1625449482.0,64.0
11.33,1625449482.0,64.0
4.34,1625449482.0,64.0
-5.05,1625449482.0,64.0
-15.82,1625449482.0,64.0
-26.32,1625449482.0,64.0
-34.81,1625449482.0,64.0
-40.0,1625449482.0,64.0
-41.48,1625449482.0,64.0
-39.61,1625449482.0,64.0
-35.23,1625449482.0,64.0
-29.14,1625449482.0,64.0
-21.96,1625449482.0,64.0
-14.19,1625449482.0,64.0
-6.45,1625449482.0,64.0
0.3,1625449482.0,64.0
4.91,1625449482.0,64.0
6.39,1625449482.0,64.0
4.46,1625449482.0,64.0
-0.23,1625449482.0,64.0
-6.17,1625449482.0,64.0
-11.49,1625449482.0,64.0
-14.59,1625449482.0,64.0
-14.78,1625449482.0,64.0
-12.45,1625449482.0,64.0
-8.87,1625449482.0,64.0
-5.67,1625449482.0,64.0
-4.11,1625449482.0,64.0
-4.56,1625449482.0,64.0
-6.4,1625449482.0,64.0
-8.32,1625449482.0,64.0
-8.93,1625449482.0,64.0
-7.3,1625449482.0,64.0
-3.36,1625449482.0,64.0
2.28,1625449482.0,64.0
8.57,1625449482.0,64.0
14.49,1625449482.0,64.0
19.4,1625449482.0,64.0
23.09,1625449482.0,64.0
25.65,1625449482.0,64.0
27.24,1625449482.0,64.0
28.01,1625449482.0,64.0
28.0,1625449482.0,64.0
27.33,1625449482.0,64.0
26.23,1625449482.0,64.0
25.09,1625449482.0,64.0
24.36,1625449482.0,64.0
24.36,1625449482.0,64.0
25.18,1625449482.0,64.0
26.57,1625449482.0,64.0
28.11,1625449482.0,64.0
29.33,1625449482.0,64.0
29.89,1625449482.0,64.0
29.61,1625449482.0,64.0
28.44,1625449482.0,64.0
26.37,1625449482.0,64.0
23.37,1625449482.0,64.0
19.5,1625449482.0,64.0
15.0,1625449482.0,64.0
10.31,1625449482.0,64.0
5.95,1625449482.0,64.0
2.23,1625449482.0,64.0
-0.92,1625449482.0,64.0
-4.01,1625449482.0,64.0
-7.69,1625449482.0,64.0
-12.39,1625449482.0,64.0
-18.02,1625449482.0,64.0
-23.91,1625449482.0,64.0
-29.0,1625449482.0,64.0
-32.17,1625449482.0,64.0
-32.46,1625449482.0,64.0
-29.28,1625449482.0,64.0
-22.49,1625449482.0,64.0
-12.47,1625449482.0,64.0
-0.14,1625449482.0,64.0
13.17,1625449482.0,64.0
25.88,1625449482.0,64.0
36.69,1625449482.0,64.0
44.89,1625449482.0,64.0
50.65,1625449482.0,64.0
54.74,1625449482.0,64.0
58.1,1625449482.0,64.0
61.19,1625449482.0,64.0
63.66,1625449482.0,64.0
64.46,1625449482.0,64.0
62.4,1625449482.0,64.0
56.86,1625449482.0,64.0
48.23,1625449482.0,64.0
37.89,1625449482.0,64.0
27.69,1625449482.0,64.0
19.22,1625449482.0,64.0
13.21,1625449482.0,64.0
9.42,1625449482.0,64.0
6.99,1625449482.0,64.0
5.02,1625449482.0,64.0
3.01,1625449482.0,64.0
1.0,1625449482.0,64.0
-0.67,1625449482.0,64.0
-1.72,1625449482.0,64.0
-2.22,1625449482.0,64.0
-2.5,1625449482.0,64.0
-2.9,1625449482.0,64.0
-3.51,1625449482.0,64.0
-4.11,1625449482.0,64.0
-4.3,1625449482.0,64.0
-3.86,1625449482.0,64.0
-2.89,1625449482.0,64.0
-1.9,1625449482.0,64.0
-1.51,1625449482.0,64.0
-2.16,1625449482.0,64.0
-3.87,1625449482.0,64.0
-6.22,1625449482.0,64.0
-8.54,1625449482.0,64.0
-10.21,1625449482.0,64.0
-11.0,1625449482.0,64.0
-11.11,1625449482.0,64.0
-11.17,1625449482.0,64.0
-11.9,1625449482.0,64.0
-13.83,1625449482.0,64.0
-17.12,1625449482.0,64.0
-21.52,1625449482.0,64.0
-26.52,1625449482.0,64.0
-31.54,1625449482.0,64.0
-36.05,1625449482.0,64.0
-39.6,1625449482.0,64.0
-41.76,1625449482.0,64.0
-42.13,1625449482.0,64.0
-40.35,1625449482.0,64.0
-36.31,1625449482.0,64.0
-30.24,1625449482.0,64.0
-22.71,1625449482.0,64.0
-14.49,1625449482.0,64.0
-6.32,1625449482.0,64.0
1.32,1625449482.0,64.0
8.21,1625449482.0,64.0
14.32,1625449482.0,64.0
19.64,1625449482.0,64.0
24.07,1625449482.0,64.0
27.42,1625449482.0,64.0
29.54,1625449482.0,64.0
30.51,1625449482.0,64.0
30.6,1625449482.0,64.0
30.25,1625449482.0,64.0
29.82,1625449482.0,64.0
29.5,1625449482.0,64.0
29.17,1625449482.0,64.0
28.56,1625449482.0,64.0
27.45,1625449482.0,64.0
25.81,1625449482.0,64.0
23.88,1625449482.0,64.0
22.01,1625449482.0,64.0
20.43,1625449482.0,64.0
19.12,1625449482.0,64.0
17.77,1625449482.0,64.0
15.95,1625449482.0,64.0
13.36,1625449482.0,64.0
10.07,1625449482.0,64.0
6.43,1625449482.0,64.0
3.0,1625449482.0,64.0
0.15,1625449482.0,64.0
-2.08,1625449482.0,64.0
-3.98,1625449482.0,64.0
-6.07,1625449482.0,64.0
-8.71,1625449482.0,64.0
-11.95,1625449482.0,64.0
-15.44,1625449482.0,64.0
-18.63,1625449482.0,64.0
-21.04,1625449482.0,64.0
-22.6,1625449482.0,64.0
-23.63,1625449482.0,64.0
-24.82,1625449482.0,64.0
-26.82,1625449482.0,64.0
-29.98,1625449482.0,64.0
-34.16,1625449482.0,64.0
-38.81,1625449482.0,64.0
-43.18,1625449482.0,64.0
-46.57,1625449482.0,64.0
-48.52,1625449482.0,64.0
-48.82,1625449482.0,64.0
-47.44,1625449482.0,64.0
-44.49,1625449482.0,64.0
-40.34,1625449482.0,64.0
-35.59,1625449482.0,64.0
-31.02,1625449482.0,64.0
-27.29,1625449482.0,64.0
-24.49,1625449482.0,64.0
-22.0,1625449482.0,64.0
-18.65,1625449482.0,64.0
-13.31,1625449482.0,64.0
-5.48,1625449482.0,64.0
4.28,1625449482.0,64.0
14.67,1625449482.0,64.0
24.2,1625449482.0,64.0
31.81,1625449482.0,64.0
37.19,1625449482.0,64.0
40.53,1625449482.0,64.0
42.17,1625449482.0,64.0
42.21,1625449482.0,64.0
40.61,1625449482.0,64.0
37.48,1625449482.0,64.0
33.37,1625449482.0,64.0
29.25,1625449482.0,64.0
26.09,1625449482.0,64.0
24.38,1625449482.0,64.0
23.82,1625449482.0,64.0
23.55,1625449482.0,64.0
22.54,1625449482.0,64.0
20.2,1625449482.0,64.0
16.77,1625449482.0,64.0
13.39,1625449482.0,64.0
12.01,1625449482.0,64.0
15.2,1625449482.0,64.0
25.66,1625449482.0,64.0
45.47,1625449482.0,64.0
75.22,1625449482.0,64.0
113.23,1625449482.0,64.0
155.58,1625449482.0,64.0
197.0,1625449482.0,64.0
232.45,1625449482.0,64.0
258.66,1625449482.0,64.0
274.92,1625449482.0,64.0
282.69,1625449482.0,64.0
284.41,1625449482.0,64.0
282.2,1625449482.0,64.0
277.12,1625449482.0,64.0
269.3,1625449482.0,64.0
258.64,1625449482.0,64.0
245.35,1625449482.0,64.0
230.15,1625449482.0,64.0
213.92,1625449482.0,64.0
197.24,1625449482.0,64.0
180.21,1625449482.0,64.0
162.6,1625449482.0,64.0
144.21,1625449482.0,64.0
125.16,1625449482.0,64.0
105.96,1625449482.0,64.0
87.29,1625449482.0,64.0
69.85,1625449482.0,64.0
54.11,1625449482.0,64.0
40.27,1625449482.0,64.0
28.37,1625449482.0,64.0
18.42,1625449482.0,64.0
10.43,1625449482.0,64.0
4.51,1625449482.0,64.0
0.83,1625449482.0,64.0
-0.53,1625449482.0,64.0
0.28,1625449482.0,64.0
2.64,1625449482.0,64.0
5.3,1625449482.0,64.0
6.47,1625449482.0,64.0
4.12,1625449482.0,64.0
-3.51,1625449482.0,64.0
-17.12,1625449482.0,64.0
-35.99,1625449482.0,64.0
-57.91,1625449482.0,64.0
-79.8,1625449482.0,64.0
-98.68,1625449482.0,64.0
-112.74,1625449482.0,64.0
-121.96,1625449482.0,64.0
-127.84,1625449482.0,64.0
-132.68,1625449482.0,64.0
-138.28,1625449482.0,64.0
-145.13,1625449482.0,64.0
-152.21,1625449482.0,64.0
-157.61,1625449482.0,64.0
-159.64,1625449482.0,64.0
-157.59,1625449482.0,64.0
-152.12,1625449482.0,64.0
-144.78,1625449482.0,64.0
-137.16,1625449482.0,64.0
-130.27,1625449482.0,64.0
-124.34,1625449482.0,64.0
-119.07,1625449482.0,64.0
-114.22,1625449482.0,64.0
-109.99,1625449482.0,64.0
-106.95,1625449482.0,64.0
-105.62,1625449482.0,64.0
-105.95,1625449482.0,64.0
-107.16,1625449482.0,64.0
-108.05,1625449482.0,64.0
-107.71,1625449482.0,64.0
-106.08,1625449482.0,64.0
-104.13,1625449482.0,64.0
-103.47,1625449482.0,64.0
-105.42,1625449482.0,64.0
-110.27,1625449482.0,64.0
-116.88,1625449482.0,64.0
-123.05,1625449482.0,64.0
-126.23,1625449482.0,64.0
-124.42,1625449482.0,64.0
-116.56,1625449482.0,64.0
-102.44,1625449482.0,64.0
-82.3,1625449482.0,64.0
-56.74,1625449482.0,64.0
-27.07,1625449482.0,64.0
4.17,1625449482.0,64.0
33.08,1625449482.0,64.0
55.16,1625449482.0,64.0
66.79,1625449482.0,64.0
66.82,1625449482.0,64.0
57.18,1625449482.0,64.0
42.17,1625449482.0,64.0
26.62,1625449482.0,64.0
13.92,1625449482.0,64.0
5.05,1625449482.0,64.0
-1.07,1625449482.0,64.0
-6.18,1625449482.0,64.0
-11.2,1625449482.0,64.0
-15.61,1625449482.0,64.0
-17.92,1625449482.0,64.0
-16.87,1625449482.0,64.0
-12.41,1625449482.0,64.0
-6.01,1625449482.0,64.0
0.04,1625449482.0,64.0
3.63,1625449482.0,64.0
3.6,1625449482.0,64.0
0.06,1625449482.0,64.0
-5.95,1625449482.0,64.0
-13.16,1625449482.0,64.0
-20.58,1625449482.0,64.0
-27.7,1625449482.0,64.0
-34.37,1625449482.0,64.0
-40.51,1625449482.0,64.0
-45.87,1625449482.0,64.0
-49.93,1625449482.0,64.0
-51.97,1625449482.0,64.0
-51.11,1625449482.0,64.0
-46.42,1625449482.0,64.0
-37.06,1625449482.0,64.0
-22.68,1625449482.0,64.0
-3.99,1625449482.0,64.0
16.93,1625449482.0,64.0
36.78,1625449482.0,64.0
51.89,1625449482.0,64.0
59.51,1625449482.0,64.0
58.95,1625449482.0,64.0
51.87,1625449482.0,64.0
41.59,1625449482.0,64.0
31.62,1625449482.0,64.0
24.23,1625449482.0,64.0
19.77,1625449482.0,64.0
17.05,1625449482.0,64.0
14.51,1625449482.0,64.0
11.42,1625449482.0,64.0
8.32,1625449482.0,64.0
6.67,1625449482.0,64.0
7.78,1625449482.0,64.0
11.81,1625449482.0,64.0
17.48,1625449482.0,64.0
22.46,1625449482.0,64.0
24.38,1625449482.0,64.0
21.77,1625449482.0,64.0
14.59,1625449482.0,64.0
4.12,1625449482.0,64.0
-7.72,1625449482.0,64.0
-19.05,1625449482.0,64.0
-28.57,1625449482.0,64.0
-35.83,1625449482.0,64.0
-41.08,1625449482.0,64.0
-45.25,1625449482.0,64.0
-49.82,1625449482.0,64.0
-56.68,1625449482.0,64.0
-67.81,1625449482.0,64.0
-84.6,1625449482.0,64.0
-107.08,1625449482.0,64.0
-133.39,1625449482.0,64.0
-159.84,1625449482.0,64.0
-181.62,1625449482.0,64.0
-194.16,1625449482.0,64.0
-194.45,1625449482.0,64.0
-181.88,1625449482.0,64.0
-158.36,1625449482.0,64.0
-127.75,1625449482.0,64.0
-94.79,1625449482.0,64.0
-64.1,1625449482.0,64.0
-39.31,1625449482.0,64.0
-22.66,1625449482.0,64.0
-14.92,1625449482.0,64.0
-15.64,1625449482.0,64.0
-23.54,1625449482.0,64.0
-36.9,1625449482.0,64.0
-53.79,1625449482.0,64.0
-72.1,1625449482.0,64.0
-89.54,1625449482.0,64.0
-103.81,1625449482.0,64.0
-112.97,1625449482.0,64.0
-116.04,1625449482.0,64.0
-113.33,1625449482.0,64.0
-106.46,1625449482.0,64.0
-97.65,1625449482.0,64.0
-88.78,1625449482.0,64.0
-80.65,1625449482.0,64.0
-72.92,1625449482.0,64.0
-64.7,1625449482.0,64.0
-55.4,1625449482.0,64.0
-45.28,1625449482.0,64.0
-35.46,1625449482.0,64.0
-27.26,1625449482.0,64.0
-21.49,1625449482.0,64.0
-17.98,1625449482.0,64.0
-15.66,1625449482.0,64.0
-13.14,1625449482.0,64.0
-9.39,1625449482.0,64.0
-4.19,1625449482.0,64.0
1.79,1625449482.0,64.0
7.42,1625449482.0,64.0
11.69,1625449482.0,64.0
14.09,1625449482.0,64.0
14.75,1625449482.0,64.0
13.99,1625449482.0,64.0
11.97,1625449482.0,64.0
8.41,1625449482.0,64.0
2.89,1625449482.0,64.0
-4.68,1625449482.0,64.0
-13.51,1625449482.0,64.0
-22.05,1625449482.0,64.0
-28.57,1625449482.0,64.0
-32.15,1625449482.0,64.0
-33.26,1625449482.0,64.0
-33.58,1625449482.0,64.0
-35.12,1625449482.0,64.0
-39.13,1625449482.0,64.0
-45.54,1625449482.0,64.0
-53.26,1625449482.0,64.0
-61.11,1625449482.0,64.0
-68.67,1625449482.0,64.0
-76.44,1625449482.0,64.0
-85.2,1625449482.0,64.0
-95.08,1625449482.0,64.0
-104.83,1625449482.0,64.0
-112.05,1625449482.0,64.0
-114.13,1625449482.0,64.0
-109.5,1625449482.0,64.0
-98.2,1625449482.0,64.0
-81.93,1625449482.0,64.0
-62.97,1625449482.0,64.0
-43.2,1625449482.0,64.0
-23.42,1625449482.0,64.0
-3.48,1625449482.0,64.0
17.04,1625449482.0,64.0
38.09,1625449482.0,64.0
58.84,1625449482.0,64.0
78.0,1625449482.0,64.0
94.37,1625449482.0,64.0
107.48,1625449482.0,64.0
117.51,1625449482.0,64.0
125.07,1625449482.0,64.0
130.69,1625449482.0,64.0
134.51,1625449482.0,64.0
136.4,1625449482.0,64.0
136.09,1625449482.0,64.0
133.49,1625449482.0,64.0
128.79,1625449482.0,64.0
122.36,1625449482.0,64.0
114.63,1625449482.0,64.0
105.98,1625449482.0,64.0
96.68,1625449482.0,64.0
86.94,1625449482.0,64.0
76.91,1625449482.0,64.0
66.78,1625449482.0,64.0
56.81,1625449482.0,64.0
47.41,1625449482.0,64.0
39.05,1625449482.0,64.0
32.16,1625449482.0,64.0
26.82,1625449482.0,64.0
22.66,1625449482.0,64.0
18.78,1625449482.0,64.0
14.07,1625449482.0,64.0
7.49,1625449482.0,64.0
-1.48,1625449482.0,64.0
-12.84,1625449482.0,64.0
-26.07,1625449482.0,64.0
-40.37,1625449482.0,64.0
-54.74,1625449482.0,64.0
-68.03,1625449482.0,64.0
-78.91,1625449482.0,64.0
-85.93,1625449482.0,64.0
-87.83,1625449482.0,64.0
-83.91,1625449482.0,64.0
-74.35,1625449482.0,64.0
-60.13,1625449482.0,64.0
-42.61,1625449482.0,64.0
-22.97,1625449482.0,64.0
-1.93,1625449482.0,64.0
20.0,1625449482.0,64.0
42.02,1625449482.0,64.0
62.54,1625449482.0,64.0
79.37,1625449482.0,64.0
90.64,1625449482.0,64.0
95.89,1625449482.0,64.0
96.89,1625449482.0,64.0
97.07,1625449482.0,64.0
100.21,1625449482.0,64.0
108.74,1625449482.0,64.0
122.72,1625449482.0,64.0
139.9,1625449482.0,64.0
156.65,1625449482.0,64.0
169.22,1625449482.0,64.0
174.7,1625449482.0,64.0
171.66,1625449482.0,64.0
160.5,1625449482.0,64.0
143.83,1625449482.0,64.0
126.28,1625449482.0,64.0
113.29,1625449482.0,64.0
109.02,1625449482.0,64.0
114.15,1625449482.0,64.0
125.02,1625449482.0,64.0
134.65,1625449482.0,64.0
135.76,1625449482.0,64.0
123.78,1625449482.0,64.0
98.39,1625449482.0,64.0
62.75,1625449482.0,64.0
21.23,1625449482.0,64.0
-22.55,1625449482.0,64.0
-66.26,1625449482.0,64.0
-108.33,1625449482.0,64.0
-147.29,1625449482.0,64.0
-181.68,1625449482.0,64.0
-210.75,1625449482.0,64.0
-234.86,1625449482.0,64.0
-255.13,1625449482.0,64.0
-272.4,1625449482.0,64.0
-286.12,1625449482.0,64.0
-294.35,1625449482.0,64.0
-295.04,1625449482.0,64.0
-287.62,1625449482.0,64.0
-273.98,1625449482.0,64.0
-257.81,1625449482.0,64.0
-242.63,1625449482.0,64.0
-229.66,1625449482.0,64.0
-216.96,1625449482.0,64.0
-200.61,1625449482.0,64.0
-177.38,1625449482.0,64.0
-147.33,1625449482.0,64.0
-114.61,1625449482.0,64.0
-86.12,1625449482.0,64.0
-68.49,1625449482.0,64.0
-64.94,1625449482.0,64.0
-73.59,1625449482.0,64.0
-88.44,1625449482.0,64.0
-102.01,1625449482.0,64.0
-108.66,1625449482.0,64.0
-106.46,1625449482.0,64.0
-96.88,1625449482.0,64.0
-82.98,1625449482.0,64.0
-67.28,1625449482.0,64.0
-50.73,1625449482.0,64.0
-33.1,1625449482.0,64.0
-14.19,1625449482.0,64.0
5.25,1625449482.0,64.0
23.36,1625449482.0,64.0
37.98,1625449482.0,64.0
47.7,1625449482.0,64.0
52.61,1625449482.0,64.0
54.29,1625449482.0,64.0
55.12,1625449482.0,64.0
57.18,1625449482.0,64.0
61.39,1625449482.0,64.0
67.34,1625449482.0,64.0
73.78,1625449482.0,64.0
79.67,1625449482.0,64.0
84.93,1625449482.0,64.0
90.66,1625449482.0,64.0
98.6,1625449482.0,64.0
110.13,1625449482.0,64.0
125.37,1625449482.0,64.0
142.84,1625449482.0,64.0
159.89,1625449482.0,64.0
173.68,1625449482.0,64.0
182.33,1625449482.0,64.0
185.67,1625449482.0,64.0
185.08,1625449482.0,64.0
182.91,1625449482.0,64.0
181.31,1625449482.0,64.0
181.4,1625449482.0,64.0
182.9,1625449482.0,64.0
184.55,1625449482.0,64.0
184.84,1625449482.0,64.0
182.82,1625449482.0,64.0
178.38,1625449482.0,64.0
172.02,1625449482.0,64.0
164.28,1625449482.0,64.0
155.28,1625449482.0,64.0
144.61,1625449482.0,64.0
131.61,1625449482.0,64.0
116.0,1625449482.0,64.0
98.27,1625449482.0,64.0
79.76,1625449482.0,64.0
62.38,1625449482.0,64.0
48.08,1625449482.0,64.0
38.34,1625449482.0,64.0
33.76,1625449482.0,64.0
33.88,1625449482.0,64.0
37.41,1625449482.0,64.0
42.51,1625449482.0,64.0
47.38,1625449482.0,64.0
50.52,1625449482.0,64.0
51.03,1625449482.0,64.0
48.59,1625449482.0,64.0
43.28,1625449482.0,64.0
35.39,1625449482.0,64.0
25.34,1625449482.0,64.0
13.7,1625449482.0,64.0
1.31,1625449482.0,64.0
-10.7,1625449482.0,64.0
-21.03,1625449482.0,64.0
-28.47,1625449482.0,64.0
-32.2,1625449482.0,64.0
-31.99,1625449482.0,64.0
-28.18,1625449482.0,64.0
-21.41,1625449482.0,64.0
-12.38,1625449482.0,64.0
-1.65,1625449482.0,64.0
10.25,1625449482.0,64.0
22.65,1625449482.0,64.0
34.56,1625449482.0,64.0
44.71,1625449482.0,64.0
51.83,1625449482.0,64.0
54.95,1625449482.0,64.0
53.75,1625449482.0,64.0
48.62,1625449482.0,64.0
40.6,1625449482.0,64.0
31.25,1625449482.0,64.0
22.43,1625449482.0,64.0
16.03,1625449482.0,64.0
13.58,1625449482.0,64.0
15.74,1625449482.0,64.0
22.04,1625449482.0,64.0
30.91,1625449482.0,64.0
40.2,1625449482.0,64.0
47.98,1625449482.0,64.0
53.11,1625449482.0,64.0
55.39,1625449482.0,64.0
55.26,1625449482.0,64.0
53.21,1625449482.0,64.0
49.46,1625449482.0,64.0
43.98,1625449482.0,64.0
36.84,1625449482.0,64.0
28.48,1625449482.0,64.0
19.62,1625449482.0,64.0
10.99,1625449482.0,64.0
2.93,1625449482.0,64.0
-4.66,1625449482.0,64.0
-12.06,1625449482.0,64.0
-19.28,1625449482.0,64.0
-25.73,1625449482.0,64.0
-30.32,1625449482.0,64.0
-31.85,1625449482.0,64.0
-29.42,1625449482.0,64.0
-22.78,1625449482.0,64.0
-12.35,1625449482.0,64.0
0.86,1625449482.0,64.0
15.52,1625449482.0,64.0
30.12,1625449482.0,64.0
43.32,1625449482.0,64.0
54.17,1625449482.0,64.0
62.26,1625449482.0,64.0
67.76,1625449482.0,64.0
71.08,1625449482.0,64.0
72.48,1625449482.0,64.0
71.77,1625449482.0,64.0
68.38,1625449482.0,64.0
61.8,1625449482.0,64.0
52.07,1625449482.0,64.0
40.2,1625449482.0,64.0
28.01,1625449482.0,64.0
17.53,1625449482.0,64.0
10.31,1625449482.0,64.0
6.83,1625449482.0,64.0
6.54,1625449482.0,64.0
8.24,1625449482.0,64.0
10.68,1625449482.0,64.0
12.87,1625449482.0,64.0
14.19,1625449482.0,64.0
14.14,1625449482.0,64.0
12.14,1625449482.0,64.0
7.51,1625449482.0,64.0
-0.31,1625449482.0,64.0
-11.5,1625449482.0,64.0
-25.73,1625449482.0,64.0
-42.07,1625449482.0,64.0
-59.17,1625449482.0,64.0
-75.36,1625449482.0,64.0
-88.98,1625449482.0,64.0
-98.56,1625449482.0,64.0
-103.17,1625449482.0,64.0
-102.72,1625449482.0,64.0
-97.98,1625449482.0,64.0
-90.37,1625449482.0,64.0
-81.37,1625449482.0,64.0
-72.0,1625449482.0,64.0
-62.47,1625449482.0,64.0
-52.44,1625449482.0,64.0
-41.41,1625449482.0,64.0
-29.31,1625449482.0,64.0
-16.77,1625449482.0,64.0
-4.99,1625449482.0,64.0
4.6,1625449482.0,64.0
10.95,1625449482.0,64.0
13.8,1625449482.0,64.0
13.93,1625449482.0,64.0
13.01,1625449482.0,64.0
13.12,1625449482.0,64.0
16.04,1625449482.0,64.0
22.53,1625449482.0,64.0
32.08,1625449482.0,64.0
42.93,1625449482.0,64.0
52.79,1625449482.0,64.0
59.66,1625449482.0,64.0
62.61,1625449482.0,64.0
62.05,1625449482.0,64.0
59.82,1625449482.0,64.0
58.89,1625449482.0,64.0
62.59,1625449482.0,64.0
73.53,1625449482.0,64.0
92.19,1625449482.0,64.0
115.97,1625449482.0,64.0
139.27,1625449482.0,64.0
154.97,1625449482.0,64.0
156.84,1625449482.0,64.0
141.76,1625449482.0,64.0
110.81,1625449482.0,64.0
68.53,1625449482.0,64.0
21.04,1625449482.0,64.0
-26.22,1625449482.0,64.0
-69.81,1625449482.0,64.0
-108.5,1625449482.0,64.0
-142.6,1625449482.0,64.0
-173.01,1625449482.0,64.0
-200.41,1625449482.0,64.0
-224.56,1625449482.0,64.0
-243.93,1625449482.0,64.0
-255.85,1625449482.0,64.0
-257.22,1625449482.0,64.0
-245.8,1625449482.0,64.0
-221.57,1625449482.0,64.0
-187.47,1625449482.0,64.0
-148.54,1625449482.0,64.0
-110.22,1625449482.0,64.0
-76.17,1625449482.0,64.0
-47.17,1625449482.0,64.0
-21.44,1625449482.0,64.0
3.64,1625449482.0,64.0
29.7,1625449482.0,64.0
56.35,1625449482.0,64.0
81.52,1625449482.0,64.0
102.89,1625449482.0,64.0
119.32,1625449482.0,64.0
131.38,1625449482.0,64.0
140.67,1625449482.0,64.0
148.54,1625449482.0,64.0
154.96,1625449482.0,64.0
158.33,1625449482.0,64.0
156.41,1625449482.0,64.0
147.72,1625449482.0,64.0
132.44,1625449482.0,64.0
112.12,1625449482.0,64.0
88.48,1625449482.0,64.0
62.39,1625449482.0,64.0
33.77,1625449482.0,64.0
2.47,1625449482.0,64.0
-30.43,1625449482.0,64.0
-62.08,1625449482.0,64.0
-88.55,1625449482.0,64.0
-106.41,1625449482.0,64.0
-114.29,1625449482.0,64.0
-113.35,1625449482.0,64.0
-106.51,1625449482.0,64.0
-96.97,1625449482.0,64.0
-86.99,1625449482.0,64.0
-77.67,1625449482.0,64.0
-69.43,1625449482.0,64.0
-62.68,1625449482.0,64.0
-57.93,1625449482.0,64.0
-55.45,1625449482.0,64.0
-54.63,1625449482.0,64.0
-53.86,1625449482.0,64.0
-51.09,1625449482.0,64.0
-44.83,1625449482.0,64.0
-34.9,1625449482.0,64.0
-22.56,1625449482.0,64.0
-9.89,1625449482.0,64.0
1.31,1625449482.0,64.0
10.13,1625449482.0,64.0
16.66,1625449482.0,64.0
21.56,1625449482.0,64.0
25.37,1625449482.0,64.0
28.16,1625449482.0,64.0
29.65,1625449482.0,64.0
29.55,1625449482.0,64.0
27.55,1625449482.0,64.0
22.91,1625449482.0,64.0
14.14,1625449482.0,64.0
-0.56,1625449482.0,64.0
-22.06,1625449482.0,64.0
-48.7,1625449482.0,64.0
-75.67,1625449482.0,64.0
-96.23,1625449482.0,64.0
-104.49,1625449482.0,64.0
-98.33,1625449482.0,64.0
-80.71,1625449482.0,64.0
-58.46,1625449482.0,64.0
-39.01,1625449482.0,64.0
-27.06,1625449482.0,64.0
-22.91,1625449482.0,64.0
-23.24,1625449482.0,64.0
-23.61,1625449482.0,64.0
-21.05,1625449482.0,64.0
-15.3,1625449482.0,64.0
-8.24,1625449482.0,64.0
-2.37,1625449482.0,64.0
0.71,1625449482.0,64.0
0.95,1625449482.0,64.0
-0.52,1625449482.0,64.0
-2.09,1625449482.0,64.0
-2.48,1625449482.0,64.0
-1.2,1625449482.0,64.0
1.39,1625449482.0,64.0
4.4,1625449482.0,64.0
6.83,1625449482.0,64.0
8.05,1625449482.0,64.0
8.07,1625449482.0,64.0
7.55,1625449482.0,64.0
7.4,1625449482.0,64.0
8.6,1625449482.0,64.0
11.94,1625449482.0,64.0
17.97,1625449482.0,64.0
26.96,1625449482.0,64.0
38.69,1625449482.0,64.0
52.08,1625449482.0,64.0
65.12,1625449482.0,64.0
75.25,1625449482.0,64.0
80.22,1625449482.0,64.0
79.12,1625449482.0,64.0
72.86,1625449482.0,64.0
63.75,1625449482.0,64.0
54.59,1625449482.0,64.0
47.6,1625449482.0,64.0
44.02,1625449482.0,64.0
44.31,1625449482.0,64.0
48.68,1625449482.0,64.0
57.31,1625449482.0,64.0
70.03,1625449482.0,64.0
85.71,1625449482.0,64.0
102.07,1625449482.0,64.0
116.08,1625449482.0,64.0
124.9,1625449482.0,64.0
126.92,1625449482.0,64.0
122.42,1625449482.0,64.0
113.51,1625449482.0,64.0
103.2,1625449482.0,64.0
94.22,1625449482.0,64.0
87.88,1625449482.0,64.0
83.54,1625449482.0,64.0
78.98,1625449482.0,64.0
71.32,1625449482.0,64.0
58.47,1625449482.0,64.0
40.14,1625449482.0,64.0
17.98,1625449482.0,64.0
-5.16,1625449482.0,64.0
-26.46,1625449482.0,64.0
-44.24,1625449482.0,64.0
-58.15,1625449482.0,64.0
-68.73,1625449482.0,64.0
-76.62,1625449482.0,64.0
-81.93,1625449482.0,64.0
-84.25,1625449482.0,64.0
-82.98,1625449482.0,64.0
-77.88,1625449482.0,64.0
-69.29,1625449482.0,64.0
-58.08,1625449482.0,64.0
-45.54,1625449482.0,64.0
-33.21,1625449482.0,64.0
-22.56,1625449482.0,64.0
-14.67,1625449482.0,64.0
-9.98,1625449482.0,64.0
-8.14,1625449482.0,64.0
-8.24,1625449482.0,64.0
-9.15,1625449482.0,64.0
-10.09,1625449482.0,64.0
-10.76,1625449482.0,64.0
-11.31,1625449482.0,64.0
-12.01,1625449482.0,64.0
-12.92,1625449482.0,64.0
-13.8,1625449482.0,64.0
-14.31,1625449482.0,64.0
-14.18,1625449482.0,64.0
-13.48,1625449482.0,64.0
-12.54,1625449482.0,64.0
-11.84,1625449482.0,64.0
-11.7,1625449482.0,64.0
-12.2,1625449482.0,64.0
-13.12,1625449482.0,64.0
-14.13,1625449482.0,64.0
-14.96,1625449482.0,64.0
-15.57,1625449482.0,64.0
-16.17,1625449482.0,64.0
-17.11,1625449482.0,64.0
-18.7,1625449482.0,64.0
-20.96,1625449482.0,64.0
-23.64,1625449482.0,64.0
-26.27,1625449482.0,64.0
-28.38,1625449482.0,64.0
-29.72,1625449482.0,64.0
-30.26,1625449482.0,64.0
-30.1,1625449482.0,64.0
-29.33,1625449482.0,64.0
-27.93,1625449482.0,64.0
-25.86,1625449482.0,64.0
-23.13,1625449482.0,64.0
-19.95,1625449482.0,64.0
-16.64,1625449482.0,64.0
-13.54,1625449482.0,64.0
-10.83,1625449482.0,64.0
-8.51,1625449482.0,64.0
-6.55,1625449482.0,64.0
-4.96,1625449482.0,64.0
-3.9,1625449482.0,64.0
-3.51,1625449482.0,64.0
-3.8,1625449482.0,64.0
-4.55,1625449482.0,64.0
-5.33,1625449482.0,64.0
-5.74,1625449482.0,64.0
-5.57,1625449482.0,64.0
-4.87,1625449482.0,64.0
-3.94,1625449482.0,64.0
-3.08,1625449482.0,64.0
-2.48,1625449482.0,64.0
-2.2,1625449482.0,64.0
-2.19,1625449482.0,64.0
-2.43,1625449482.0,64.0
-2.92,1625449482.0,64.0
-3.72,1625449482.0,64.0
-4.78,1625449482.0,64.0
-6.01,1625449482.0,64.0
-7.23,1625449482.0,64.0
-8.29,1625449482.0,64.0
-9.15,1625449482.0,64.0
-9.86,1625449482.0,64.0
-10.58,1625449482.0,64.0
-11.44,1625449482.0,64.0
-12.55,1625449482.0,64.0
-13.89,1625449482.0,64.0
-15.43,1625449482.0,64.0
-17.09,1625449482.0,64.0
-18.82,1625449482.0,64.0
-20.51,1625449482.0,64.0
-22.0,1625449482.0,64.0
-23.09,1625449482.0,64.0
-23.49,1625449482.0,64.0
-22.97,1625449482.0,64.0
-21.39,1625449482.0,64.0
-18.75,1625449482.0,64.0
-15.19,1625449482.0,64.0
-10.99,1625449482.0,64.0
-6.43,1625449482.0,64.0
-1.82,1625449482.0,64.0
2.61,1625449482.0,64.0
6.63,1625449482.0,64.0
10.02,1625449482.0,64.0
12.55,1625449482.0,64.0
14.01,1625449482.0,64.0
14.34,1625449482.0,64.0
13.66,1625449482.0,64.0
12.36,1625449482.0,64.0
10.92,1625449482.0,64.0
9.77,1625449482.0,64.0
9.14,1625449482.0,64.0
8.95,1625449482.0,64.0
8.94,1625449482.0,64.0
8.82,1625449482.0,64.0
8.37,1625449482.0,64.0
7.55,1625449482.0,64.0
6.44,1625449482.0,64.0
5.11,1625449482.0,64.0
3.61,1625449482.0,64.0
1.95,1625449482.0,64.0
0.16,1625449482.0,64.0
-1.64,1625449482.0,64.0
-3.27,1625449482.0,64.0
-4.6,1625449482.0,64.0
-5.56,1625449482.0,64.0
-6.23,1625449482.0,64.0
-6.77,1625449482.0,64.0
-7.38,1625449482.0,64.0
-8.22,1625449482.0,64.0
-9.37,1625449482.0,64.0
-10.89,1625449482.0,64.0
-12.79,1625449482.0,64.0
-15.02,1625449482.0,64.0
-17.41,1625449482.0,64.0
-19.65,1625449482.0,64.0
-21.33,1625449482.0,64.0
-22.03,1625449482.0,64.0
-21.44,1625449482.0,64.0
-19.46,1625449482.0,64.0
-16.25,1625449482.0,64.0
-12.11,1625449482.0,64.0
-7.42,1625449482.0,64.0
-2.51,1625449482.0,64.0
2.34,1625449482.0,64.0
6.95,1625449482.0,64.0
11.1,1625449482.0,64.0
14.55,1625449482.0,64.0
17.1,1625449482.0,64.0
18.57,1625449482.0,64.0
18.97,1625449482.0,64.0
18.49,1625449482.0,64.0
17.46,1625449482.0,64.0
16.26,1625449482.0,64.0
15.2,1625449482.0,64.0
14.45,1625449482.0,64.0
13.95,1625449482.0,64.0
13.55,1625449482.0,64.0
13.1,1625449482.0,64.0
12.45,1625449482.0,64.0
11.55,1625449482.0,64.0
10.39,1625449482.0,64.0
8.97,1625449482.0,64.0
7.29,1625449482.0,64.0
5.39,1625449482.0,64.0
3.33,1625449482.0,64.0
1.2,1625449482.0,64.0
-0.9,1625449482.0,64.0
-2.91,1625449482.0,64.0
-4.77,1625449482.0,64.0
-6.45,1625449482.0,64.0
-7.95,1625449482.0,64.0
-9.31,1625449482.0,64.0
-10.64,1625449482.0,64.0
-12.09,1625449482.0,64.0
-13.77,1625449482.0,64.0
-15.8,1625449482.0,64.0
-18.17,1625449482.0,64.0
-20.79,1625449482.0,64.0
-23.51,1625449482.0,64.0
-26.08,1625449482.0,64.0
-28.18,1625449482.0,64.0
-29.44,1625449482.0,64.0
-29.42,1625449482.0,64.0
-27.8,1625449482.0,64.0
-24.47,1625449482.0,64.0
-19.67,1625449482.0,64.0
-13.92,1625449482.0,64.0
-7.9,1625449482.0,64.0
-2.24,1625449482.0,64.0
2.74,1625449482.0,64.0
6.96,1625449482.0,64.0
10.53,1625449482.0,64.0
13.54,1625449482.0,64.0
15.99,1625449482.0,64.0
17.77,1625449482.0,64.0
18.83,1625449482.0,64.0
19.22,1625449482.0,64.0
19.2,1625449482.0,64.0
19.1,1625449482.0,64.0
19.22,1625449482.0,64.0
19.59,1625449482.0,64.0
20.06,1625449482.0,64.0
20.29,1625449482.0,64.0
19.95,1625449482.0,64.0
18.89,1625449482.0,64.0
17.2,1625449482.0,64.0
15.14,1625449482.0,64.0
13.05,1625449482.0,64.0
11.16,1625449482.0,64.0
9.56,1625449482.0,64.0
8.13,1625449482.0,64.0
6.71,1625449482.0,64.0
5.12,1625449482.0,64.0
3.3,1625449482.0,64.0
1.27,1625449482.0,64.0
-0.85,1625449482.0,64.0
-2.94,1625449482.0,64.0
-4.91,1625449482.0,64.0
-6.73,1625449482.0,64.0
-8.45,1625449482.0,64.0
-10.11,1625449482.0,64.0
-11.78,1625449482.0,64.0
-13.53,1625449482.0,64.0
-15.48,1625449482.0,64.0
-17.71,1625449482.0,64.0
-20.26,1625449482.0,64.0
-23.0,1625449482.0,64.0
-25.56,1625449482.0,64.0
-27.44,1625449482.0,64.0
-28.05,1625449482.0,64.0
-26.98,1625449482.0,64.0
-24.13,1625449482.0,64.0
-19.76,1625449482.0,64.0
-14.39,1625449482.0,64.0
-8.63,1625449482.0,64.0
-2.99,1625449482.0,64.0
2.22,1625449482.0,64.0
6.86,1625449482.0,64.0
10.92,1625449482.0,64.0
14.35,1625449482.0,64.0
17.1,1625449482.0,64.0
19.08,1625449482.0,64.0
20.24,1625449482.0,64.0
20.63,1625449482.0,64.0
20.41,1625449482.0,64.0
19.82,1625449482.0,64.0
19.13,1625449482.0,64.0
18.53,1625449482.0,64.0
18.08,1625449482.0,64.0
17.72,1625449482.0,64.0
17.28,1625449482.0,64.0
16.59,1625449482.0,64.0
15.57,1625449482.0,64.0
14.23,1625449482.0,64.0
12.69,1625449482.0,64.0
11.09,1625449482.0,64.0
9.54,1625449482.0,64.0
8.06,1625449482.0,64.0
6.57,1625449482.0,64.0
4.94,1625449482.0,64.0
3.07,1625449482.0,64.0
0.93,1625449482.0,64.0
-1.35,1625449482.0,64.0
-3.59,1625449482.0,64.0
-5.56,1625449482.0,64.0
-7.15,1625449482.0,64.0
-8.4,1625449482.0,64.0
-9.49,1625449482.0,64.0
-10.69,1625449482.0,64.0
-12.21,1625449482.0,64.0
-14.15,1625449482.0,64.0
-16.47,1625449482.0,64.0
-19.08,1625449482.0,64.0
-21.84,1625449482.0,64.0
-24.59,1625449482.0,64.0
-27.15,1625449482.0,64.0
-29.18,1625449482.0,64.0
-30.27,1625449482.0,64.0
-29.97,1625449482.0,64.0
-27.97,1625449482.0,64.0
-24.24,1625449482.0,64.0
-19.07,1625449482.0,64.0
-12.98,1625449482.0,64.0
-6.58,1625449482.0,64.0
-0.36,1625449482.0,64.0
5.35,1625449482.0,64.0
10.39,1625449482.0,64.0
14.69,1625449482.0,64.0
18.15,1625449482.0,64.0
20.67,1625449482.0,64.0
22.11,1625449482.0,64.0
22.46,1625449482.0,64.0
21.89,1625449482.0,64.0
20.79,1625449482.0,64.0
19.63,1625449482.0,64.0
18.84,1625449482.0,64.0
18.67,1625449482.0,64.0
19.03,1625449482.0,64.0
19.64,1625449482.0,64.0
20.08,1625449482.0,64.0
19.98,1625449482.0,64.0
19.15,1625449482.0,64.0
17.59,1625449482.0,64.0
15.44,1625449482.0,64.0
12.94,1625449482.0,64.0
10.34,1625449482.0,64.0
7.83,1625449482.0,64.0
5.6,1625449482.0,64.0
3.73,1625449482.0,64.0
2.26,1625449482.0,64.0
1.14,1625449482.0,64.0
0.2,1625449482.0,64.0
-0.77,1625449482.0,64.0
-2.01,1625449482.0,64.0
-3.62,1625449482.0,64.0
-5.58,1625449482.0,64.0
-7.71,1625449482.0,64.0
-9.8,1625449482.0,64.0
-11.68,1625449482.0,64.0
-13.31,1625449482.0,64.0
-14.83,1625449482.0,64.0
-16.47,1625449482.0,64.0
-18.47,1625449482.0,64.0
-21.0,1625449482.0,64.0
-24.01,1625449482.0,64.0
-27.24,1625449482.0,64.0
-30.17,1625449482.0,64.0
-32.16,1625449482.0,64.0
-32.55,1625449482.0,64.0
-30.91,1625449482.0,64.0
-27.15,1625449482.0,64.0
-21.62,1625449482.0,64.0
-14.99,1625449482.0,64.0
-7.99,1625449482.0,64.0
-1.25,1625449482.0,64.0
4.88,1625449482.0,64.0
10.27,1625449482.0,64.0
14.88,1625449482.0,64.0
18.64,1625449482.0,64.0
21.39,1625449482.0,64.0
22.98,1625449482.0,64.0
23.4,1625449482.0,64.0
22.89,1625449482.0,64.0
21.91,1625449482.0,64.0
20.93,1625449482.0,64.0
20.28,1625449482.0,64.0
19.99,1625449482.0,64.0
19.86,1625449482.0,64.0
19.57,1625449482.0,64.0
18.94,1625449482.0,64.0
17.95,1625449482.0,64.0
16.79,1625449482.0,64.0
15.66,1625449482.0,64.0
14.68,1625449482.0,64.0
13.73,1625449482.0,64.0
12.6,1625449482.0,64.0
11.06,1625449482.0,64.0
9.09,1625449482.0,64.0
6.83,1625449482.0,64.0
4.59,1625449482.0,64.0
2.67,1625449482.0,64.0
1.23,1625449482.0,64.0
0.21,1625449482.0,64.0
-0.64,1625449482.0,64.0
-1.62,1625449482.0,64.0
-2.95,1625449482.0,64.0
-4.65,1625449482.0,64.0
-6.6,1625449482.0,64.0
-8.56,1625449482.0,64.0
-10.34,1625449482.0,64.0
-11.88,1625449482.0,64.0
-13.27,1625449482.0,64.0
-14.73,1625449482.0,64.0
-16.43,1625449482.0,64.0
-18.46,1625449482.0,64.0
-20.79,1625449482.0,64.0
-23.24,1625449482.0,64.0
-25.52,1625449482.0,64.0
-27.28,1625449482.0,64.0
-28.1,1625449482.0,64.0
-27.57,1625449482.0,64.0
-25.41,1625449482.0,64.0
-21.57,1625449482.0,64.0
-16.29,1625449482.0,64.0
-10.08,1625449482.0,64.0
-3.57,1625449482.0,64.0
2.67,1625449482.0,64.0
8.27,1625449482.0,64.0
13.06,1625449482.0,64.0
16.99,1625449482.0,64.0
20.01,1625449482.0,64.0
22.01,1625449482.0,64.0
22.9,1625449482.0,64.0
22.72,1625449482.0,64.0
21.7,1625449482.0,64.0
20.28,1625449482.0,64.0
18.96,1625449482.0,64.0
18.08,1625449482.0,64.0
17.74,1625449482.0,64.0
17.79,1625449482.0,64.0
17.91,1625449482.0,64.0
17.82,1625449482.0,64.0
17.33,1625449482.0,64.0
16.41,1625449482.0,64.0
15.14,1625449482.0,64.0
13.63,1625449482.0,64.0
11.95,1625449482.0,64.0
10.13,1625449482.0,64.0
8.2,1625449482.0,64.0
6.22,1625449482.0,64.0
4.31,1625449482.0,64.0
2.64,1625449482.0,64.0
1.34,1625449482.0,64.0
0.48,1625449482.0,64.0
-0.07,1625449482.0,64.0
-0.54,1625449482.0,64.0
-1.27,1625449482.0,64.0
-2.52,1625449482.0,64.0
-4.34,1625449482.0,64.0
-6.56,1625449482.0,64.0
-8.83,1625449482.0,64.0
-10.82,1625449482.0,64.0
-12.39,1625449482.0,64.0
-13.63,1625449482.0,64.0
-14.79,1625449482.0,64.0
-16.16,1625449482.0,64.0
-17.95,1625449482.0,64.0
-20.17,1625449482.0,64.0
-22.72,1625449482.0,64.0
-25.4,1625449482.0,64.0
-27.93,1625449482.0,64.0
-29.97,1625449482.0,64.0
-31.08,1625449482.0,64.0
-30.77,1625449482.0,64.0
-28.71,1625449482.0,64.0
-24.79,1625449482.0,64.0
-19.28,1625449482.0,64.0
-12.78,1625449482.0,64.0
-6.05,1625449482.0,64.0
0.21,1625449482.0,64.0
5.55,1625449482.0,64.0
9.83,1625449482.0,64.0
13.12,1625449482.0,64.0
15.62,1625449482.0,64.0
17.46,1625449482.0,64.0
18.69,1625449482.0,64.0
19.32,1625449482.0,64.0
19.37,1625449482.0,64.0
18.99,1625449482.0,64.0
18.39,1625449482.0,64.0
17.83,1625449482.0,64.0
17.45,1625449482.0,64.0
17.28,1625449482.0,64.0
17.16,1625449482.0,64.0
16.88,1625449482.0,64.0
16.28,1625449482.0,64.0
15.3,1625449482.0,64.0
14.03,1625449482.0,64.0
12.62,1625449482.0,64.0
11.21,1625449482.0,64.0
9.83,1625449482.0,64.0
8.46,1625449482.0,64.0
7.02,1625449482.0,64.0
5.5,1625449482.0,64.0
3.92,1625449482.0,64.0
2.39,1625449482.0,64.0
1.0,1625449482.0,64.0
-0.22,1625449482.0,64.0
-1.36,1625449482.0,64.0
-2.54,1625449482.0,64.0
-3.9,1625449482.0,64.0
-5.48,1625449482.0,64.0
-7.21,1625449482.0,64.0
-8.98,1625449482.0,64.0
-10.67,1625449482.0,64.0
-12.24,1625449482.0,64.0
-13.78,1625449482.0,64.0
-15.39,1625449482.0,64.0
-17.19,1625449482.0,64.0
-19.17,1625449482.0,64.0
-21.31,1625449482.0,64.0
-23.47,1625449482.0,64.0
-25.46,1625449482.0,64.0
-27.02,1625449482.0,64.0
-27.83,1625449482.0,64.0
-27.51,1625449482.0,64.0
-25.69,1625449482.0,64.0
-22.24,1625449482.0,64.0
-17.31,1625449482.0,64.0
-11.35,1625449482.0,64.0
-4.99,1625449482.0,64.0
1.13,1625449482.0,64.0
6.57,1625449482.0,64.0
11.12,1625449482.0,64.0
14.74,1625449482.0,64.0
17.4,1625449482.0,64.0
19.13,1625449482.0,64.0
19.9,1625449482.0,64.0
19.82,1625449482.0,64.0
19.13,1625449482.0,64.0
18.2,1625449482.0,64.0
17.41,1625449482.0,64.0
17.0,1625449482.0,64.0
16.99,1625449482.0,64.0
17.15,1625449482.0,64.0
17.19,1625449482.0,64.0
16.84,1625449482.0,64.0
15.99,1625449482.0,64.0
14.74,1625449482.0,64.0
13.23,1625449482.0,64.0
11.62,1625449482.0,64.0
9.97,1625449482.0,64.0
8.22,1625449482.0,64.0
6.33,1625449482.0,64.0
4.27,1625449482.0,64.0
2.15,1625449482.0,64.0
0.17,1625449482.0,64.0
-1.48,1625449482.0,64.0
-2.71,1625449482.0,64.0
-3.6,1625449482.0,64.0
-4.38,1625449482.0,64.0
-5.31,1625449482.0,64.0
-6.56,1625449482.0,64.0
-8.13,1625449482.0,64.0
-9.88,1625449482.0,64.0
-11.62,1625449482.0,64.0
-13.22,1625449482.0,64.0
-14.71,1625449482.0,64.0
-16.21,1625449482.0,64.0
-17.89,1625449482.0,64.0
-19.88,1625449482.0,64.0
-22.18,1625449482.0,64.0
-24.7,1625449482.0,64.0
-27.18,1625449482.0,64.0
-29.26,1625449482.0,64.0
-30.46,1625449482.0,64.0
-30.32,1625449482.0,64.0
-28.47,1625449482.0,64.0
-24.82,1625449482.0,64.0
-19.62,1625449482.0,64.0
-13.37,1625449482.0,64.0
-6.72,1625449482.0,64.0
-0.23,1625449482.0,64.0
5.73,1625449482.0,64.0
10.96,1625449482.0,64.0
15.33,1625449482.0,64.0
18.68,1625449482.0,64.0
20.84,1625449482.0,64.0
21.77,1625449482.0,64.0
21.6,1625449482.0,64.0
20.74,1625449482.0,64.0
19.66,1625449482.0,64.0
18.78,1625449482.0,64.0
18.23,1625449482.0,64.0
17.92,1625449482.0,64.0
17.58,1625449482.0,64.0
17.01,1625449482.0,64.0
16.11,1625449482.0,64.0
14.97,1625449482.0,64.0
13.71,1625449482.0,64.0
12.42,1625449482.0,64.0
11.1,1625449482.0,64.0
9.7,1625449482.0,64.0
8.2,1625449482.0,64.0
6.62,1625449482.0,64.0
5.04,1625449482.0,64.0
3.52,1625449482.0,64.0
2.08,1625449482.0,64.0
0.63,1625449482.0,64.0
-0.89,1625449482.0,64.0
-2.52,1625449482.0,64.0
-4.23,1625449482.0,64.0
-5.93,1625449482.0,64.0
-7.58,1625449482.0,64.0
-9.17,1625449482.0,64.0
-10.76,1625449482.0,64.0
-12.46,1625449482.0,64.0
-14.35,1625449482.0,64.0
-16.48,1625449482.0,64.0
-18.83,1625449482.0,64.0
-21.32,1625449482.0,64.0
-23.75,1625449482.0,64.0
-25.82,1625449482.0,64.0
-27.1,1625449482.0,64.0
-27.15,1625449482.0,64.0
-25.59,1625449482.0,64.0
-22.27,1625449482.0,64.0
-17.35,1625449482.0,64.0
-11.27,1625449482.0,64.0
-4.66,1625449482.0,64.0
1.86,1625449482.0,64.0
7.81,1625449482.0,64.0
12.88,1625449482.0,64.0
16.98,1625449482.0,64.0
20.06,1625449482.0,64.0
22.1,1625449482.0,64.0
23.07,1625449482.0,64.0
23.05,1625449482.0,64.0
22.25,1625449482.0,64.0
21.08,1625449482.0,64.0
19.96,1625449482.0,64.0
19.25,1625449482.0,64.0
19.04,1625449482.0,64.0
19.1,1625449482.0,64.0
19.05,1625449482.0,64.0
18.51,1625449482.0,64.0
17.29,1625449482.0,64.0
15.47,1625449482.0,64.0
13.34,1625449482.0,64.0
11.19,1625449482.0,64.0
9.26,1625449482.0,64.0
7.57,1625449482.0,64.0
6.01,1625449482.0,64.0
4.41,1625449482.0,64.0
2.63,1625449482.0,64.0
0.6,1625449482.0,64.0
-1.63,1625449482.0,64.0
-3.94,1625449482.0,64.0
-6.21,1625449482.0,64.0
-8.33,1625449482.0,64.0
-10.3,1625449482.0,64.0
-12.18,1625449482.0,64.0
-14.04,1625449482.0,64.0
-15.98,1625449482.0,64.0
-18.07,1625449482.0,64.0
-20.36,1625449482.0,64.0
-22.95,1625449482.0,64.0
-25.86,1625449482.0,64.0
-29.03,1625449482.0,64.0
-32.16,1625449482.0,64.0
-34.71,1625449482.0,64.0
-35.98,1625449482.0,64.0
-35.33,1625449482.0,64.0
-32.39,1625449482.0,64.0
-27.28,1625449482.0,64.0
-20.55,1625449482.0,64.0
-13.06,1625449482.0,64.0
-5.63,1625449482.0,64.0
1.13,1625449482.0,64.0
6.91,1625449482.0,64.0
11.65,1625449482.0,64.0
15.37,1625449482.0,64.0
18.04,1625449482.0,64.0
19.62,1625449482.0,64.0
20.14,1625449482.0,64.0
19.79,1625449482.0,64.0
18.95,1625449482.0,64.0
18.09,1625449482.0,64.0
17.57,1625449482.0,64.0
17.53,1625449482.0,64.0
17.83,1625449482.0,64.0
18.12,1625449482.0,64.0
18.04,1625449482.0,64.0
17.34,1625449482.0,64.0
16.02,1625449482.0,64.0
14.23,1625449482.0,64.0
12.23,1625449482.0,64.0
10.25,1625449482.0,64.0
8.38,1625449482.0,64.0
6.62,1625449482.0,64.0
4.87,1625449482.0,64.0
3.04,1625449482.0,64.0
1.13,1625449482.0,64.0
-0.81,1625449482.0,64.0
-2.67,1625449482.0,64.0
-4.4,1625449482.0,64.0
-6.01,1625449482.0,64.0
-7.6,1625449482.0,64.0
-9.28,1625449482.0,64.0
-11.17,1625449482.0,64.0
-13.3,1625449482.0,64.0
-15.65,1625449482.0,64.0
-18.2,1625449482.0,64.0
-20.98,1625449482.0,64.0
-24.03,1625449482.0,64.0
-27.35,1625449482.0,64.0
-30.77,1625449482.0,64.0
-33.87,1625449482.0,64.0
-36.03,1625449482.0,64.0
-36.58,1625449482.0,64.0
-35.03,1625449482.0,64.0
-31.28,1625449482.0,64.0
-25.61,1625449482.0,64.0
-18.69,1625449482.0,64.0
-11.23,1625449482.0,64.0
-3.84,1625449482.0,64.0
3.11,1625449482.0,64.0
9.4,1625449482.0,64.0
14.86,1625449482.0,64.0
19.29,1625449482.0,64.0
22.41,1625449482.0,64.0
24.09,1625449482.0,64.0
24.4,1625449482.0,64.0
23.74,1625449482.0,64.0
22.69,1625449482.0,64.0
21.82,1625449482.0,64.0
21.48,1625449482.0,64.0
21.67,1625449482.0,64.0
22.04,1625449482.0,64.0
22.11,1625449482.0,64.0
21.51,1625449482.0,64.0
20.07,1625449482.0,64.0
17.96,1625449482.0,64.0
15.49,1625449482.0,64.0
13.0,1625449482.0,64.0
10.69,1625449482.0,64.0
8.59,1625449482.0,64.0
6.64,1625449482.0,64.0
4.73,1625449482.0,64.0
2.81,1625449482.0,64.0
0.88,1625449482.0,64.0
-1.04,1625449482.0,64.0
-2.93,1625449482.0,64.0
-4.8,1625449482.0,64.0
-6.69,1625449482.0,64.0
-8.63,1625449482.0,64.0
-10.64,1625449482.0,64.0
-12.73,1625449482.0,64.0
-14.9,1625449482.0,64.0
-17.14,1625449482.0,64.0
-19.46,1625449482.0,64.0
-21.81,1625449482.0,64.0
-24.14,1625449482.0,64.0
-26.3,1625449482.0,64.0
-28.01,1625449482.0,64.0
-28.91,1625449482.0,64.0
-28.56,1625449482.0,64.0
-26.57,1625449482.0,64.0
-22.76,1625449482.0,64.0
-17.23,1625449482.0,64.0
-10.36,1625449482.0,64.0
-2.76,1625449482.0,64.0
4.96,1625449482.0,64.0
12.23,1625449482.0,64.0
18.65,1625449482.0,64.0
23.95,1625449482.0,64.0
28.0,1625449482.0,64.0
30.78,1625449482.0,64.0
32.38,1625449482.0,64.0
33.01,1625449482.0,64.0
32.99,1625449482.0,64.0
32.67,1625449482.0,64.0
32.36,1625449482.0,64.0
32.21,1625449482.0,64.0
32.15,1625449482.0,64.0
31.92,1625449482.0,64.0
31.15,1625449482.0,64.0
29.55,1625449482.0,64.0
27.02,1625449482.0,64.0
23.76,1625449482.0,64.0
20.17,1625449482.0,64.0
16.72,1625449482.0,64.0
13.73,1625449482.0,64.0
11.29,1625449482.0,64.0
9.21,1625449482.0,64.0
7.18,1625449482.0,64.0
4.91,1625449482.0,64.0
2.28,1625449482.0,64.0
-0.6,1625449482.0,64.0
-3.55,1625449482.0,64.0
-6.31,1625449482.0,64.0
-8.75,1625449482.0,64.0
-10.86,1625449482.0,64.0
-12.73,1625449482.0,64.0
-14.48,1625449482.0,64.0
-16.21,1625449482.0,64.0
-18.0,1625449482.0,64.0
-19.9,1625449482.0,64.0
-22.02,1625449482.0,64.0
-24.44,1625449482.0,64.0
-27.13,1625449482.0,64.0
-29.8,1625449482.0,64.0
-31.91,1625449482.0,64.0
-32.73,1625449482.0,64.0
-31.64,1625449482.0,64.0
-28.36,1625449482.0,64.0
-23.06,1625449482.0,64.0
-16.36,1625449482.0,64.0
-9.01,1625449482.0,64.0
-1.71,1625449482.0,64.0
5.11,1625449482.0,64.0
11.27,1625449482.0,64.0
16.74,1625449482.0,64.0
21.45,1625449482.0,64.0
25.28,1625449482.0,64.0
27.99,1625449482.0,64.0
29.45,1625449482.0,64.0
29.74,1625449482.0,64.0
29.16,1625449482.0,64.0
28.16,1625449482.0,64.0
27.21,1625449482.0,64.0
26.56,1625449482.0,64.0
26.22,1625449482.0,64.0
25.96,1625449482.0,64.0
25.44,1625449482.0,64.0
24.42,1625449482.0,64.0
22.85,1625449482.0,64.0
20.84,1625449482.0,64.0
18.58,1625449482.0,64.0
16.26,1625449482.0,64.0
13.95,1625449482.0,64.0
11.63,1625449482.0,64.0
9.28,1625449482.0,64.0
6.89,1625449482.0,64.0
4.52,1625449482.0,64.0
2.24,1625449482.0,64.0
0.07,1625449482.0,64.0
-2.02,1625449482.0,64.0
-4.13,1625449482.0,64.0
-6.36,1625449482.0,64.0
-8.76,1625449482.0,64.0
-11.32,1625449482.0,64.0
-13.99,1625449482.0,64.0
-16.69,1625449482.0,64.0
-19.39,1625449482.0,64.0
-22.13,1625449482.0,64.0
-24.99,1625449482.0,64.0
-28.13,1625449482.0,64.0
-31.65,1625449482.0,64.0
-35.56,1625449482.0,64.0
-39.64,1625449482.0,64.0
-43.44,1625449482.0,64.0
-46.32,1625449482.0,64.0
-47.59,1625449482.0,64.0
-46.73,1625449482.0,64.0
-43.53,1625449482.0,64.0
-38.18,1625449482.0,64.0
-31.21,1625449482.0,64.0
-23.29,1625449482.0,64.0
-15.09,1625449482.0,64.0
-7.1,1625449482.0,64.0
0.33,1625449482.0,64.0
6.95,1625449482.0,64.0
12.55,1625449482.0,64.0
16.92,1625449482.0,64.0
19.94,1625449482.0,64.0
21.66,1625449482.0,64.0
22.33,1625449482.0,64.0
22.35,1625449482.0,64.0
22.22,1625449482.0,64.0
22.25,1625449482.0,64.0
22.56,1625449482.0,64.0
22.97,1625449482.0,64.0
23.16,1625449482.0,64.0
22.86,1625449482.0,64.0
21.89,1625449482.0,64.0
20.32,1625449482.0,64.0
18.37,1625449482.0,64.0
16.3,1625449482.0,64.0
14.28,1625449482.0,64.0
12.42,1625449482.0,64.0
10.69,1625449482.0,64.0
9.03,1625449482.0,64.0
7.33,1625449482.0,64.0
5.54,1625449482.0,64.0
3.64,1625449482.0,64.0
1.63,1625449482.0,64.0
-0.47,1625449482.0,64.0
-2.65,1625449482.0,64.0
-4.89,1625449482.0,64.0
-7.19,1625449482.0,64.0
-9.52,1625449482.0,64.0
-11.81,1625449482.0,64.0
-13.98,1625449482.0,64.0
-15.98,1625449482.0,64.0
-17.84,1625449482.0,64.0
-19.67,1625449482.0,64.0
-21.67,1625449482.0,64.0
-24.08,1625449482.0,64.0
-27.04,1625449482.0,64.0
-30.52,1625449482.0,64.0
-34.27,1625449482.0,64.0
-37.78,1625449482.0,64.0
-40.38,1625449482.0,64.0
-41.4,1625449482.0,64.0
-40.36,1625449482.0,64.0
-37.1,1625449482.0,64.0
-31.87,1625449482.0,64.0
-25.18,1625449482.0,64.0
-17.67,1625449482.0,64.0
-9.91,1625449482.0,64.0
-2.35,1625449482.0,64.0
4.74,1625449482.0,64.0
11.14,1625449482.0,64.0
16.61,1625449482.0,64.0
20.96,1625449482.0,64.0
24.02,1625449482.0,64.0
25.79,1625449482.0,64.0
26.41,1625449482.0,64.0
26.2,1625449482.0,64.0
25.56,1625449482.0,64.0
24.87,1625449482.0,64.0
24.4,1625449482.0,64.0
24.2,1625449482.0,64.0
24.1,1625449482.0,64.0
23.82,1625449482.0,64.0
23.09,1625449482.0,64.0
21.73,1625449482.0,64.0
19.8,1625449482.0,64.0
17.48,1625449482.0,64.0
14.99,1625449482.0,64.0
12.53,1625449482.0,64.0
10.18,1625449482.0,64.0
7.95,1625449482.0,64.0
5.82,1625449482.0,64.0
3.79,1625449482.0,64.0
1.85,1625449482.0,64.0
0.01,1625449482.0,64.0
-1.77,1625449482.0,64.0
-3.6,1625449482.0,64.0
-5.55,1625449482.0,64.0
-7.71,1625449482.0,64.0
-10.08,1625449482.0,64.0
-12.6,1625449482.0,64.0
-15.15,1625449482.0,64.0
-17.69,1625449482.0,64.0
-20.2,1625449482.0,64.0
-22.8,1625449482.0,64.0
-25.59,1625449482.0,64.0
-28.63,1625449482.0,64.0
-31.77,1625449482.0,64.0
-34.66,1625449482.0,64.0
-36.74,1625449482.0,64.0
-37.41,1625449482.0,64.0
-36.27,1625449482.0,64.0
-33.19,1625449482.0,64.0
-28.37,1625449482.0,64.0
-22.28,1625449482.0,64.0
-15.47,1625449482.0,64.0
-8.45,1625449482.0,64.0
-1.58,1625449482.0,64.0
4.87,1625449482.0,64.0
10.75,1625449482.0,64.0
15.89,1625449482.0,64.0
20.1,1625449482.0,64.0
23.16,1625449482.0,64.0
24.91,1625449482.0,64.0
25.42,1625449482.0,64.0
24.97,1625449482.0,64.0
24.05,1625449482.0,64.0
23.16,1625449482.0,64.0
22.67,1625449482.0,64.0
22.62,1625449482.0,64.0
22.78,1625449482.0,64.0
22.74,1625449482.0,64.0
22.13,1625449482.0,64.0
20.8,1625449482.0,64.0
18.82,1625449482.0,64.0
16.44,1625449482.0,64.0
13.92,1625449482.0,64.0
11.39,1625449482.0,64.0
8.86,1625449482.0,64.0
6.26,1625449482.0,64.0
3.52,1625449482.0,64.0
0.73,1625449482.0,64.0
-1.99,1625449482.0,64.0
-4.48,1625449482.0,64.0
-6.66,1625449482.0,64.0
-8.61,1625449482.0,64.0
-10.46,1625449482.0,64.0
-12.4,1625449482.0,64.0
-14.53,1625449482.0,64.0
-16.86,1625449482.0,64.0
-19.31,1625449482.0,64.0
-21.83,1625449482.0,64.0
-24.43,1625449482.0,64.0
-27.18,1625449482.0,64.0
-30.19,1625449482.0,64.0
-33.49,1625449482.0,64.0
-36.96,1625449482.0,64.0
-40.22,1625449482.0,64.0
-42.78,1625449482.0,64.0
-44.06,1625449482.0,64.0
-43.58,1625449482.0,64.0
-41.09,1625449482.0,64.0
-36.62,1625449482.0,64.0
-30.51,1625449482.0,64.0
-23.26,1625449482.0,64.0
-15.4,1625449482.0,64.0
-7.42,1625449482.0,64.0
0.35,1625449482.0,64.0
7.74,1625449482.0,64.0
14.59,1625449482.0,64.0
20.74,1625449482.0,64.0
25.94,1625449482.0,64.0
29.91,1625449482.0,64.0
32.48,1625449482.0,64.0
33.67,1625449482.0,64.0
33.75,1625449482.0,64.0
33.14,1625449482.0,64.0
32.25,1625449482.0,64.0
31.35,1625449482.0,64.0
30.49,1625449482.0,64.0
29.55,1625449482.0,64.0
28.39,1625449482.0,64.0
26.96,1625449482.0,64.0
25.29,1625449482.0,64.0
23.46,1625449482.0,64.0
21.5,1625449482.0,64.0
19.37,1625449482.0,64.0
17.01,1625449482.0,64.0
14.38,1625449482.0,64.0
11.54,1625449482.0,64.0
8.65,1625449482.0,64.0
5.89,1625449482.0,64.0
3.41,1625449482.0,64.0
1.24,1625449482.0,64.0
-0.73,1625449482.0,64.0
-2.72,1625449482.0,64.0
-4.93,1625449482.0,64.0
-7.48,1625449482.0,64.0
-10.36,1625449482.0,64.0
-13.42,1625449482.0,64.0
-16.45,1625449482.0,64.0
-19.29,1625449482.0,64.0
-21.92,1625449482.0,64.0
-24.46,1625449482.0,64.0
-27.15,1625449482.0,64.0
-30.27,1625449482.0,64.0
-33.95,1625449482.0,64.0
-38.09,1625449482.0,64.0
-42.33,1625449482.0,64.0
-46.02,1625449482.0,64.0
-48.44,1625449482.0,64.0
-48.96,1625449482.0,64.0
-47.21,1625449482.0,64.0
-43.23,1625449482.0,64.0
-37.39,1625449482.0,64.0
-30.25,1625449482.0,64.0
-22.36,1625449482.0,64.0
-14.16,1625449482.0,64.0
-5.89,1625449482.0,64.0
2.33,1625449482.0,64.0
10.31,1625449482.0,64.0
17.81,1625449482.0,64.0
24.43,1625449482.0,64.0
29.79,1625449482.0,64.0
33.63,1625449482.0,64.0
35.9,1625449482.0,64.0
36.84,1625449482.0,64.0
36.85,1625449482.0,64.0
36.4,1625449482.0,64.0
35.82,1625449482.0,64.0
35.24,1625449482.0,64.0
34.58,1625449482.0,64.0
33.65,1625449482.0,64.0
32.35,1625449482.0,64.0
30.7,1625449482.0,64.0
28.83,1625449482.0,64.0
26.96,1625449482.0,64.0
25.16,1625449482.0,64.0
23.38,1625449482.0,64.0
21.42,1625449482.0,64.0
19.07,1625449482.0,64.0
16.24,1625449482.0,64.0
13.06,1625449482.0,64.0
9.84,1625449482.0,64.0
6.9,1625449482.0,64.0
4.47,1625449482.0,64.0
2.5,1625449482.0,64.0
0.77,1625449482.0,64.0
-1.06,1625449482.0,64.0
-3.25,1625449482.0,64.0
-5.87,1625449482.0,64.0
-8.79,1625449482.0,64.0
-11.72,1625449482.0,64.0
-14.42,1625449482.0,64.0
-16.77,1625449482.0,64.0
-18.8,1625449482.0,64.0
-20.74,1625449482.0,64.0
-22.8,1625449482.0,64.0
-25.19,1625449482.0,64.0
-27.97,1625449482.0,64.0
-31.13,1625449482.0,64.0
-34.58,1625449482.0,64.0
-38.17,1625449482.0,64.0
-41.68,1625449482.0,64.0
-44.73,1625449482.0,64.0
-46.78,1625449482.0,64.0
-47.24,1625449482.0,64.0
-45.61,1625449482.0,64.0
-41.67,1625449482.0,64.0
-35.61,1625449482.0,64.0
-27.96,1625449482.0,64.0
-19.4,1625449482.0,64.0
-10.58,1625449482.0,64.0
-1.91,1625449482.0,64.0
6.4,1625449482.0,64.0
14.24,1625449482.0,64.0
21.43,1625449482.0,64.0
27.69,1625449482.0,64.0
32.64,1625449482.0,64.0
36.03,1625449482.0,64.0
37.85,1625449482.0,64.0
38.39,1625449482.0,64.0
38.12,1625449482.0,64.0
37.51,1625449482.0,64.0
36.87,1625449482.0,64.0
36.27,1625449482.0,64.0
35.63,1625449482.0,64.0
34.79,1625449482.0,64.0
33.66,1625449482.0,64.0
32.2,1625449482.0,64.0
30.44,1625449482.0,64.0
28.41,1625449482.0,64.0
26.15,1625449482.0,64.0
23.72,1625449482.0,64.0
21.19,1625449482.0,64.0
18.63,1625449482.0,64.0
16.1,1625449482.0,64.0
13.64,1625449482.0,64.0
11.24,1625449482.0,64.0
8.91,1625449482.0,64.0
6.7,1625449482.0,64.0
4.66,1625449482.0,64.0
2.77,1625449482.0,64.0
0.96,1625449482.0,64.0
-0.91,1625449482.0,64.0
-2.99,1625449482.0,64.0
-5.34,1625449482.0,64.0
-7.93,1625449482.0,64.0
-10.62,1625449482.0,64.0
-13.26,1625449482.0,64.0
-15.76,1625449482.0,64.0
-18.09,1625449482.0,64.0
-20.29,1625449482.0,64.0
-22.45,1625449482.0,64.0
-24.69,1625449482.0,64.0
-27.13,1625449482.0,64.0
-29.85,1625449482.0,64.0
-32.91,1625449482.0,64.0
-36.24,1625449482.0,64.0
-39.68,1625449482.0,64.0
-42.88,1625449482.0,64.0
-45.36,1625449482.0,64.0
-46.58,1625449482.0,64.0
-46.08,1625449482.0,64.0
-43.58,1625449482.0,64.0
-39.08,1625449482.0,64.0
-32.89,1625449482.0,64.0
-25.46,1625449482.0,64.0
-17.31,1625449482.0,64.0
-8.81,1625449482.0,64.0
-0.23,1625449482.0,64.0
8.23,1625449482.0,64.0
16.29,1625449482.0,64.0
23.55,1625449482.0,64.0
29.56,1625449482.0,64.0
33.9,1625449482.0,64.0
36.42,1625449482.0,64.0
37.25,1625449482.0,64.0
36.84,1625449482.0,64.0
35.75,1625449482.0,64.0
34.49,1625449482.0,64.0
33.39,1625449482.0,64.0
32.55,1625449482.0,64.0
31.87,1625449482.0,64.0
31.15,1625449482.0,64.0
30.24,1625449482.0,64.0
29.04,1625449482.0,64.0
27.55,1625449482.0,64.0
25.81,1625449482.0,64.0
23.9,1625449482.0,64.0
21.84,1625449482.0,64.0
19.66,1625449482.0,64.0
17.37,1625449482.0,64.0
14.99,1625449482.0,64.0
12.61,1625449482.0,64.0
10.32,1625449482.0,64.0
8.18,1625449482.0,64.0
6.22,1625449482.0,64.0
4.4,1625449482.0,64.0
2.61,1625449482.0,64.0
0.73,1625449482.0,64.0
-1.36,1625449482.0,64.0
-3.72,1625449482.0,64.0
-6.38,1625449482.0,64.0
-9.27,1625449482.0,64.0
-12.26,1625449482.0,64.0
-15.17,1625449482.0,64.0
-17.78,1625449482.0,64.0
-19.98,1625449482.0,64.0
-21.77,1625449482.0,64.0
-23.31,1625449482.0,64.0
-24.85,1625449482.0,64.0
-26.65,1625449482.0,64.0
-28.91,1625449482.0,64.0
-31.63,1625449482.0,64.0
-34.71,1625449482.0,64.0
-37.94,1625449482.0,64.0
-41.04,1625449482.0,64.0
-43.64,1625449482.0,64.0
-45.31,1625449482.0,64.0
-45.56,1625449482.0,64.0
-43.98,1625449482.0,64.0
-40.4,1625449482.0,64.0
-34.95,1625449482.0,64.0
-28.09,1625449482.0,64.0
-20.41,1625449482.0,64.0
-12.46,1625449482.0,64.0
-4.64,1625449482.0,64.0
2.87,1625449482.0,64.0
9.97,1625449482.0,64.0
16.51,1625449482.0,64.0
22.21,1625449482.0,64.0
26.74,1625449482.0,64.0
29.79,1625449482.0,64.0
31.35,1625449482.0,64.0
31.71,1625449482.0,64.0
31.38,1625449482.0,64.0
30.94,1625449482.0,64.0
30.75,1625449482.0,64.0
30.87,1625449482.0,64.0
31.09,1625449482.0,64.0
31.02,1625449482.0,64.0
30.36,1625449482.0,64.0
28.99,1625449482.0,64.0
27.06,1625449482.0,64.0
24.82,1625449482.0,64.0
22.56,1625449482.0,64.0
20.47,1625449482.0,64.0
18.58,1625449482.0,64.0
16.8,1625449482.0,64.0
14.98,1625449482.0,64.0
13.02,1625449482.0,64.0
10.9,1625449482.0,64.0
8.74,1625449482.0,64.0
6.67,1625449482.0,64.0
4.82,1625449482.0,64.0
3.2,1625449482.0,64.0
1.63,1625449482.0,64.0
-0.12,1625449482.0,64.0
-2.29,1625449482.0,64.0
-4.96,1625449482.0,64.0
-7.98,1625449482.0,64.0
-11.04,1625449482.0,64.0
-13.82,1625449482.0,64.0
-16.15,1625449482.0,64.0
-18.08,1625449482.0,64.0
-19.85,1625449482.0,64.0
-21.76,1625449482.0,64.0
-24.03,1625449482.0,64.0
-26.73,1625449482.0,64.0
-29.73,1625449482.0,64.0
-32.85,1625449482.0,64.0
-35.83,1625449482.0,64.0
-38.43,1625449482.0,64.0
-40.37,1625449482.0,64.0
-41.31,1625449482.0,64.0
-40.96,1625449482.0,64.0
-39.05,1625449482.0,64.0
-35.49,1625449482.0,64.0
-30.36,1625449482.0,64.0
-23.89,1625449482.0,64.0
-16.31,1625449482.0,64.0
-7.82,1625449482.0,64.0
1.53,1625449482.0,64.0
11.63,1625449482.0,64.0
22.23,1625449482.0,64.0
32.72,1625449482.0,64.0
42.19,1625449482.0,64.0
49.57,1625449482.0,64.0
53.94,1625449482.0,64.0
54.91,1625449482.0,64.0
52.73,1625449482.0,64.0
48.24,1625449482.0,64.0
42.56,1625449482.0,64.0
36.73,1625449482.0,64.0
31.41,1625449482.0,64.0
26.81,1625449482.0,64.0
22.88,1625449482.0,64.0
19.55,1625449482.0,64.0
16.89,1625449482.0,64.0
15.13,1625449482.0,64.0
14.53,1625449482.0,64.0
15.13,1625449482.0,64.0
16.63,1625449482.0,64.0
18.45,1625449482.0,64.0
19.9,1625449482.0,64.0
20.43,1625449482.0,64.0
19.83,1625449482.0,64.0
18.16,1625449482.0,64.0
15.71,1625449482.0,64.0
12.72,1625449482.0,64.0
9.3,1625449482.0,64.0
5.41,1625449482.0,64.0
1.01,1625449482.0,64.0
-3.83,1625449482.0,64.0
-8.77,1625449482.0,64.0
-13.31,1625449482.0,64.0
-16.95,1625449482.0,64.0
-19.43,1625449482.0,64.0
-20.84,1625449482.0,64.0
-21.63,1625449482.0,64.0
-22.4,1625449482.0,64.0
-23.74,1625449482.0,64.0
-26.0,1625449482.0,64.0
-29.15,1625449482.0,64.0
-32.83,1625449482.0,64.0
-36.37,1625449482.0,64.0
-39.02,1625449482.0,64.0
-40.1,1625449482.0,64.0
-39.25,1625449482.0,64.0
-36.55,1625449482.0,64.0
-32.48,1625449482.0,64.0
-27.76,1625449482.0,64.0
-23.11,1625449482.0,64.0
-18.93,1625449482.0,64.0
-15.25,1625449482.0,64.0
-11.73,1625449482.0,64.0
-7.99,1625449482.0,64.0
-3.78,1625449482.0,64.0
0.78,1625449482.0,64.0
5.24,1625449482.0,64.0
9.06,1625449482.0,64.0
11.86,1625449482.0,64.0
13.61,1625449482.0,64.0
14.6,1625449482.0,64.0
15.23,1625449482.0,64.0
15.86,1625449482.0,64.0
16.62,1625449482.0,64.0
17.4,1625449482.0,64.0
18.03,1625449482.0,64.0
18.41,1625449482.0,64.0
18.54,1625449482.0,64.0
18.53,1625449482.0,64.0
18.39,1625449482.0,64.0
18.02,1625449482.0,64.0
17.2,1625449482.0,64.0
15.73,1625449482.0,64.0
13.57,1625449482.0,64.0
10.92,1625449482.0,64.0
8.16,1625449482.0,64.0
5.69,1625449482.0,64.0
3.78,1625449482.0,64.0
2.42,1625449482.0,64.0
1.37,1625449482.0,64.0
0.24,1625449482.0,64.0
-1.29,1625449482.0,64.0
-3.35,1625449482.0,64.0
-5.84,1625449482.0,64.0
-8.51,1625449482.0,64.0
-11.08,1625449482.0,64.0
-13.42,1625449482.0,64.0
-15.53,1625449482.0,64.0
-17.56,1625449482.0,64.0
-19.7,1625449482.0,64.0
-22.11,1625449482.0,64.0
-24.88,1625449482.0,64.0
-28.0,1625449482.0,64.0
-31.37,1625449482.0,64.0
-34.75,1625449482.0,64.0
-37.67,1625449482.0,64.0
-39.48,1625449482.0,64.0
-39.46,1625449482.0,64.0
-37.12,1625449482.0,64.0
-32.32,1625449482.0,64.0
-25.44,1625449482.0,64.0
-17.22,1625449482.0,64.0
-8.5,1625449482.0,64.0
-0.01,1625449482.0,64.0
7.83,1625449482.0,64.0
14.86,1625449482.0,64.0
21.03,1625449482.0,64.0
26.33,1625449482.0,64.0
30.7,1625449482.0,64.0
34.11,1625449482.0,64.0
36.66,1625449482.0,64.0
38.62,1625449482.0,64.0
40.35,1625449482.0,64.0
42.16,1625449482.0,64.0
44.18,1625449482.0,64.0
46.36,1625449482.0,64.0
48.44,1625449482.0,64.0
50.16,1625449482.0,64.0
51.35,1625449482.0,64.0
52.02,1625449482.0,64.0
52.3,1625449482.0,64.0
52.37,1625449482.0,64.0
52.3,1625449482.0,64.0
52.0,1625449482.0,64.0
51.28,1625449482.0,64.0
49.95,1625449482.0,64.0
48.02,1625449482.0,64.0
45.72,1625449482.0,64.0
43.47,1625449482.0,64.0
41.62,1625449482.0,64.0
40.28,1625449482.0,64.0
39.17,1625449482.0,64.0
37.74,1625449482.0,64.0
35.36,1625449482.0,64.0
31.61,1625449482.0,64.0
26.42,1625449482.0,64.0
20.12,1625449482.0,64.0
13.26,1625449482.0,64.0
6.37,1625449482.0,64.0
-0.29,1625449482.0,64.0
-6.9,1625449482.0,64.0
-13.96,1625449482.0,64.0
-22.05,1625449482.0,64.0
-31.37,1625449482.0,64.0
-41.39,1625449482.0,64.0
-50.73,1625449482.0,64.0
-57.4,1625449482.0,64.0
-59.37,1625449482.0,64.0
-55.28,1625449482.0,64.0
-44.97,1625449482.0,64.0
-29.67,1625449482.0,64.0
-11.58,1625449482.0,64.0
6.78,1625449482.0,64.0
23.43,1625449482.0,64.0
37.54,1625449482.0,64.0
49.8,1625449482.0,64.0
62.36,1625449482.0,64.0
78.16,1625449482.0,64.0
99.73,1625449482.0,64.0
127.71,1625449482.0,64.0
159.73,1625449482.0,64.0
190.47,1625449482.0,64.0
213.0,1625449482.0,64.0
221.18,1625449482.0,64.0
212.13,1625449482.0,64.0
187.35,1625449482.0,64.0
151.91,1625449482.0,64.0
112.39,1625449482.0,64.0
74.1,1625449482.0,64.0
39.54,1625449482.0,64.0
8.35,1625449482.0,64.0
-21.34,1625449482.0,64.0
-51.6,1625449482.0,64.0
-83.84,1625449482.0,64.0
-118.61,1625449482.0,64.0
-155.6,1625449482.0,64.0
-193.22,1625449482.0,64.0
-228.13,1625449482.0,64.0
-255.22,1625449482.0,64.0
-268.88,1625449482.0,64.0
-264.92,1625449482.0,64.0
-242.33,1625449482.0,64.0
-203.88,1625449482.0,64.0
-154.58,1625449482.0,64.0
-99.24,1625449482.0,64.0
-40.42,1625449482.0,64.0
21.66,1625449482.0,64.0
87.1,1625449482.0,64.0
153.56,1625449482.0,64.0
214.98,1625449482.0,64.0
262.73,1625449482.0,64.0
289.09,1625449482.0,64.0
290.84,1625449482.0,64.0
270.96,1625449482.0,64.0
237.13,1625449482.0,64.0
198.3,1625449482.0,64.0
160.96,1625449482.0,64.0
127.28,1625449482.0,64.0
95.63,1625449482.0,64.0
63.05,1625449482.0,64.0
27.58,1625449482.0,64.0
-10.91,1625449482.0,64.0
-51.29,1625449482.0,64.0
-92.34,1625449482.0,64.0
-133.31,1625449482.0,64.0
-173.49,1625449482.0,64.0
-211.25,1625449482.0,64.0
-243.84,1625449482.0,64.0
-268.27,1625449482.0,64.0
-282.69,1625449482.0,64.0
-287.41,1625449482.0,64.0
-284.88,1625449482.0,64.0
-278.77,1625449482.0,64.0
-272.52,1625449482.0,64.0
-268.7,1625449482.0,64.0
-269.05,1625449482.0,64.0
-274.75,1625449482.0,64.0
-286.28,1625449482.0,64.0
-302.52,1625449482.0,64.0
-319.86,1625449482.0,64.0
-332.25,1625449482.0,64.0
-332.95,1625449482.0,64.0
-316.71,1625449482.0,64.0
-281.68,1625449482.0,64.0
-230.14,1625449482.0,64.0
-167.49,1625449482.0,64.0
-100.54,1625449482.0,64.0
-35.51,1625449482.0,64.0
22.98,1625449482.0,64.0
71.97,1625449482.0,64.0
109.13,1625449482.0,64.0
132.68,1625449482.0,64.0
141.46,1625449482.0,64.0
135.29,1625449482.0,64.0
115.34,1625449482.0,64.0
84.27,1625449482.0,64.0
46.05,1625449482.0,64.0
5.48,1625449482.0,64.0
-32.44,1625449482.0,64.0
-64.39,1625449482.0,64.0
-88.46,1625449482.0,64.0
-103.9,1625449482.0,64.0
-110.4,1625449482.0,64.0
-107.48,1625449482.0,64.0
-94.69,1625449482.0,64.0
-72.17,1625449482.0,64.0
-41.13,1625449482.0,64.0
-4.06,1625449482.0,64.0
34.11,1625449482.0,64.0
67.78,1625449482.0,64.0
91.89,1625449482.0,64.0
102.89,1625449482.0,64.0
99.39,1625449482.0,64.0
82.03,1625449482.0,64.0
53.08,1625449482.0,64.0
16.1,1625449482.0,64.0
-16.38,1625449482.0,64.0
-32.84,1625449482.0,64.0
-25.83,1625449482.0,64.0
4.09,1625449482.0,64.0
48.51,1625449482.0,64.0
96.63,1625449482.0,64.0
140.71,1625449482.0,64.0
177.61,1625449482.0,64.0
207.41,1625449482.0,64.0
231.62,1625449482.0,64.0
250.0,1625449482.0,64.0
261.96,1625449482.0,64.0
267.6,1625449482.0,64.0
267.72,1625449482.0,64.0
263.98,1625449482.0,64.0
258.67,1625449482.0,64.0
253.74,1625449482.0,64.0
250.13,1625449482.0,64.0
247.47,1625449482.0,64.0
243.69,1625449482.0,64.0
236.8,1625449482.0,64.0
226.21,1625449482.0,64.0
212.15,1625449482.0,64.0
195.46,1625449482.0,64.0
177.86,1625449482.0,64.0
161.06,1625449482.0,64.0
146.21,1625449482.0,64.0
137.4,1625449482.0,64.0
134.45,1625449482.0,64.0
132.38,1625449482.0,64.0
130.7,1625449482.0,64.0
129.86,1625449482.0,64.0
130.08,1625449482.0,64.0
131.98,1625449482.0,64.0
135.94,1625449482.0,64.0
141.84,1625449482.0,64.0
149.0,1625449482.0,64.0
155.44,1625449482.0,64.0
159.11,1625449482.0,64.0
158.22,1625449482.0,64.0
156.12,1625449482.0,64.0
153.57,1625449482.0,64.0
151.0,1625449482.0,64.0
148.51,1625449482.0,64.0
145.99,1625449482.0,64.0
143.14,1625449482.0,64.0
139.23,1625449482.0,64.0
133.94,1625449482.0,64.0
127.86,1625449482.0,64.0
121.56,1625449482.0,64.0
114.95,1625449482.0,64.0
108.35,1625449482.0,64.0
102.18,1625449482.0,64.0
96.79,1625449482.0,64.0
92.38,1625449482.0,64.0
88.74,1625449482.0,64.0
85.69,1625449482.0,64.0
83.32,1625449482.0,64.0
81.48,1625449482.0,64.0
79.28,1625449482.0,64.0
76.12,1625449482.0,64.0
71.6,1625449482.0,64.0
65.56,1625449482.0,64.0
58.0,1625449482.0,64.0
48.99,1625449482.0,64.0
38.83,1625449482.0,64.0
28.14,1625449482.0,64.0
17.44,1625449482.0,64.0
6.81,1625449482.0,64.0
-3.61,1625449482.0,64.0
-13.69,1625449482.0,64.0
-23.36,1625449482.0,64.0
-32.6,1625449482.0,64.0
-41.48,1625449482.0,64.0
-50.0,1625449482.0,64.0
-58.06,1625449482.0,64.0
-65.53,1625449482.0,64.0
-72.44,1625449482.0,64.0
-78.66,1625449482.0,64.0
-84.04,1625449482.0,64.0
-88.36,1625449482.0,64.0
-91.43,1625449482.0,64.0
-93.13,1625449482.0,64.0
-93.36,1625449482.0,64.0
-92.13,1625449482.0,64.0
-89.49,1625449482.0,64.0
-85.64,1625449482.0,64.0
-80.8,1625449482.0,64.0
-75.17,1625449482.0,64.0
-68.96,1625449482.0,64.0
-62.37,1625449482.0,64.0
-55.52,1625449482.0,64.0
-48.53,1625449482.0,64.0
-41.45,1625449482.0,64.0
-34.34,1625449482.0,64.0
-27.26,1625449482.0,64.0
-20.29,1625449482.0,64.0
-13.53,1625449482.0,64.0
-7.13,1625449482.0,64.0
-1.2,1625449482.0,64.0
4.16,1625449482.0,64.0
8.93,1625449482.0,64.0
13.11,1625449482.0,64.0
16.73,1625449482.0,64.0
19.83,1625449482.0,64.0
22.37,1625449482.0,64.0
24.3,1625449482.0,64.0
25.53,1625449482.0,64.0
25.99,1625449482.0,64.0
25.64,1625449482.0,64.0
24.52,1625449482.0,64.0
22.73,1625449482.0,64.0
20.39,1625449482.0,64.0
17.59,1625449482.0,64.0
14.31,1625449482.0,64.0
10.49,1625449482.0,64.0
6.01,1625449482.0,64.0
0.77,1625449482.0,64.0
-5.22,1625449482.0,64.0
-11.82,1625449482.0,64.0
-18.76,1625449482.0,64.0
-25.77,1625449482.0,64.0
-32.7,1625449482.0,64.0
-39.6,1625449482.0,64.0
-46.79,1625449482.0,64.0
-54.68,1625449482.0,64.0
-63.61,1625449482.0,64.0
-73.62,1625449482.0,64.0
-84.36,1625449482.0,64.0
-95.16,1625449482.0,64.0
-105.28,1625449482.0,64.0
-114.25,1625449482.0,64.0
-122.12,1625449482.0,64.0
-129.47,1625449482.0,64.0
-137.21,1625449482.0,64.0
-146.14,1625449482.0,64.0
-156.55,1625449482.0,64.0
-168.05,1625449482.0,64.0
-179.71,1625449482.0,64.0
-190.47,1625449482.0,64.0
-199.82,1625449482.0,64.0
-208.08,1625449482.0,64.0
-216.52,1625449482.0,64.0
-226.86,1625449482.0,64.0
-240.61,1625449482.0,64.0
-258.4,1625449482.0,64.0
-279.68,1625449482.0,64.0
-303.13,1625449482.0,64.0
-327.19,1625449482.0,64.0
-350.83,1625449482.0,64.0
-373.99,1625449482.0,64.0
-397.56,1625449482.0,64.0
-423.05,1625449482.0,64.0
-452.35,1625449482.0,64.0
-487.53,1625449482.0,64.0
-530.27,1625449482.0,64.0
-580.91,1625449482.0,64.0
-637.07,1625449482.0,64.0
-692.95,1625449482.0,64.0
-739.96,1625449482.0,64.0
-769.03,1625449482.0,64.0
-773.72,1625449482.0,64.0
-752.81,1625449482.0,64.0
-710.68,1625449482.0,64.0
-655.48,1625449482.0,64.0
-595.82,1625449482.0,64.0
-537.87,1625449482.0,64.0
-484.26,1625449482.0,64.0
-434.87,1625449482.0,64.0
-388.74,1625449482.0,64.0
-345.56,1625449482.0,64.0
-305.94,1625449482.0,64.0
-270.62,1625449482.0,64.0
-239.45,1625449482.0,64.0
-211.06,1625449482.0,64.0
-183.39,1625449482.0,64.0
-154.84,1625449482.0,64.0
-125.07,1625449482.0,64.0
-95.07,1625449482.0,64.0
-66.85,1625449482.0,64.0
-42.26,1625449482.0,64.0
-22.15,1625449482.0,64.0
-6.02,1625449482.0,64.0
7.78,1625449482.0,64.0
21.35,1625449482.0,64.0
36.29,1625449482.0,64.0
53.12,1625449482.0,64.0
71.09,1625449482.0,64.0
88.64,1625449482.0,64.0
104.16,1625449482.0,64.0
116.77,1625449482.0,64.0
126.7,1625449482.0,64.0
135.2,1625449482.0,64.0
143.99,1625449482.0,64.0
154.51,1625449482.0,64.0
167.32,1625449482.0,64.0
181.92,1625449482.0,64.0
196.98,1625449482.0,64.0
210.96,1625449482.0,64.0
222.81,1625449482.0,64.0
232.39,1625449482.0,64.0
240.58,1625449482.0,64.0
249.02,1625449482.0,64.0
259.52,1625449482.0,64.0
273.56,1625449482.0,64.0
291.68,1625449482.0,64.0
313.24,1625449482.0,64.0
336.35,1625449482.0,64.0
358.11,1625449482.0,64.0
375.07,1625449482.0,64.0
384.02,1625449482.0,64.0
382.8,1625449482.0,64.0
371.11,1625449482.0,64.0
350.93,1625449482.0,64.0
326.09,1625449482.0,64.0
301.09,1625449482.0,64.0
279.56,1625449482.0,64.0
262.92,1625449482.0,64.0
250.04,1625449482.0,64.0
238.24,1625449482.0,64.0
225.05,1625449482.0,64.0
209.76,1625449482.0,64.0
193.83,1625449482.0,64.0
179.73,1625449482.0,64.0
169.01,1625449482.0,64.0
161.01,1625449482.0,64.0
153.07,1625449482.0,64.0
142.2,1625449482.0,64.0
127.26,1625449482.0,64.0
109.79,1625449482.0,64.0
93.16,1625449482.0,64.0
80.48,1625449482.0,64.0
73.17,1625449482.0,64.0
70.93,1625449482.0,64.0
72.83,1625449482.0,64.0
78.2,1625449482.0,64.0
86.5,1625449482.0,64.0
95.88,1625449482.0,64.0
102.01,1625449482.0,64.0
98.76,1625449482.0,64.0
80.82,1625449482.0,64.0
46.71,1625449482.0,64.0
0.24,1625449482.0,64.0
-50.79,1625449482.0,64.0
-97.92,1625449482.0,64.0
-135.01,1625449482.0,64.0
-159.32,1625449482.0,64.0
-170.3,1625449482.0,64.0
-167.59,1625449482.0,64.0
-150.37,1625449482.0,64.0
-118.67,1625449482.0,64.0
-75.47,1625449482.0,64.0
-27.52,1625449482.0,64.0
16.45,1625449482.0,64.0
49.21,1625449482.0,64.0
68.13,1625449482.0,64.0
75.71,1625449482.0,64.0
77.49,1625449482.0,64.0
78.9,1625449482.0,64.0
82.97,1625449482.0,64.0
90.1,1625449482.0,64.0
99.2,1625449482.0,64.0
108.87,1625449482.0,64.0
117.59,1625449482.0,64.0
123.22,1625449482.0,64.0
122.73,1625449482.0,64.0
112.96,1625449482.0,64.0
92.12,1625449482.0,64.0
61.15,1625449482.0,64.0
23.94,1625449482.0,64.0
-13.98,1625449482.0,64.0
-47.32,1625449482.0,64.0
-72.47,1625449482.0,64.0
-88.01,1625449482.0,64.0
-94.22,1625449482.0,64.0
-92.54,1625449482.0,64.0
-85.25,1625449482.0,64.0
-75.11,1625449482.0,64.0
-64.92,1625449482.0,64.0
-56.7,1625449482.0,64.0
-51.09,1625449482.0,64.0
-47.28,1625449482.0,64.0
-43.8,1625449482.0,64.0
-39.36,1625449482.0,64.0
-33.37,1625449482.0,64.0
-25.61,1625449482.0,64.0
-15.81,1625449482.0,64.0
-3.57,1625449482.0,64.0
11.39,1625449482.0,64.0
28.3,1625449482.0,64.0
45.25,1625449482.0,64.0
59.77,1625449482.0,64.0
70.02,1625449482.0,64.0
75.9,1625449482.0,64.0
79.03,1625449482.0,64.0
81.64,1625449482.0,64.0
85.03,1625449482.0,64.0
88.56,1625449482.0,64.0
90.12,1625449482.0,64.0
87.68,1625449482.0,64.0
80.94,1625449482.0,64.0
71.81,1625449482.0,64.0
63.46,1625449482.0,64.0
58.47,1625449482.0,64.0
57.31,1625449482.0,64.0
58.21,1625449482.0,64.0
58.39,1625449482.0,64.0
55.62,1625449482.0,64.0
49.17,1625449482.0,64.0
39.54,1625449482.0,64.0
27.59,1625449482.0,64.0
13.79,1625449482.0,64.0
-1.63,1625449482.0,64.0
-17.84,1625449482.0,64.0
-32.9,1625449482.0,64.0
-44.18,1625449482.0,64.0
-49.71,1625449482.0,64.0
-49.61,1625449482.0,64.0
-46.49,1625449482.0,64.0
-44.25,1625449482.0,64.0
-46.2,1625449482.0,64.0
-53.43,1625449482.0,64.0
-64.61,1625449482.0,64.0
-76.98,1625449482.0,64.0
-87.9,1625449482.0,64.0
-95.65,1625449482.0,64.0
-99.37,1625449482.0,64.0
-98.38,1625449482.0,64.0
-91.83,1625449482.0,64.0
-79.2,1625449482.0,64.0
-61.1,1625449482.0,64.0
-39.97,1625449482.0,64.0
-19.55,1625449482.0,64.0
-3.63,1625449482.0,64.0
5.53,1625449482.0,64.0
8.09,1625449482.0,64.0
6.3,1625449482.0,64.0
3.33,1625449482.0,64.0
1.73,1625449482.0,64.0
2.53,1625449482.0,64.0
5.16,1625449482.0,64.0
8.41,1625449482.0,64.0
11.6,1625449482.0,64.0
15.39,1625449482.0,64.0
21.58,1625449482.0,64.0
32.05,1625449482.0,64.0
47.41,1625449482.0,64.0
66.22,1625449482.0,64.0
85.31,1625449482.0,64.0
101.02,1625449482.0,64.0
110.83,1625449482.0,64.0
114.29,1625449482.0,64.0
112.8,1625449482.0,64.0
108.52,1625449482.0,64.0
103.16,1625449482.0,64.0
97.36,1625449482.0,64.0
91.03,1625449482.0,64.0
84.15,1625449482.0,64.0
77.32,1625449482.0,64.0
71.76,1625449482.0,64.0
68.74,1625449482.0,64.0
68.8,1625449482.0,64.0
71.32,1625449482.0,64.0
74.69,1625449482.0,64.0
76.72,1625449482.0,64.0
75.33,1625449482.0,64.0
69.2,1625449482.0,64.0
58.26,1625449482.0,64.0
43.75,1625449482.0,64.0
27.9,1625449482.0,64.0
13.18,1625449482.0,64.0
1.55,1625449482.0,64.0
-6.11,1625449482.0,64.0
-9.98,1625449482.0,64.0
-10.95,1625449482.0,64.0
-10.14,1625449482.0,64.0
-8.75,1625449482.0,64.0
-8.21,1625449482.0,64.0
-10.22,1625449482.0,64.0
-16.28,1625449482.0,64.0
-26.96,1625449482.0,64.0
-41.23,1625449482.0,64.0
-56.37,1625449482.0,64.0
-68.82,1625449482.0,64.0
-75.46,1625449482.0,64.0
-74.76,1625449482.0,64.0
-67.04,1625449482.0,64.0
-53.95,1625449482.0,64.0
-37.54,1625449482.0,64.0
-19.55,1625449482.0,64.0
-1.28,1625449482.0,64.0
16.13,1625449482.0,64.0
31.38,1625449482.0,64.0
43.03,1625449482.0,64.0
49.93,1625449482.0,64.0
51.93,1625449482.0,64.0
50.26,1625449482.0,64.0
47.31,1625449482.0,64.0
45.84,1625449482.0,64.0
47.97,1625449482.0,64.0
54.27,1625449482.0,64.0
63.53,1625449482.0,64.0
73.24,1625449482.0,64.0
80.69,1625449482.0,64.0
84.1,1625449482.0,64.0
83.19,1625449482.0,64.0
78.94,1625449482.0,64.0
73.02,1625449482.0,64.0
66.87,1625449482.0,64.0
61.15,1625449482.0,64.0
55.8,1625449482.0,64.0
50.37,1625449482.0,64.0
44.55,1625449482.0,64.0
38.46,1625449482.0,64.0
32.61,1625449482.0,64.0
27.57,1625449482.0,64.0
23.68,1625449482.0,64.0
20.79,1625449482.0,64.0
18.35,1625449482.0,64.0
15.69,1625449482.0,64.0
12.52,1625449482.0,64.0
9.05,1625449482.0,64.0
5.83,1625449482.0,64.0
3.27,1625449482.0,64.0
1.19,1625449482.0,64.0
-1.1,1625449482.0,64.0
-4.33,1625449482.0,64.0
-8.73,1625449482.0,64.0
-13.75,1625449482.0,64.0
-18.55,1625449482.0,64.0
-22.66,1625449482.0,64.0
-26.52,1625449482.0,64.0
-31.13,1625449482.0,64.0
-37.23,1625449482.0,64.0
-44.39,1625449482.0,64.0
-50.81,1625449482.0,64.0
-53.95,1625449482.0,64.0
-51.69,1625449482.0,64.0
-43.17,1625449482.0,64.0
-29.03,1625449482.0,64.0
-11.07,1625449482.0,64.0
8.38,1625449482.0,64.0
26.93,1625449482.0,64.0
42.56,1625449482.0,64.0
54.0,1625449482.0,64.0
61.01,1625449482.0,64.0
64.3,1625449482.0,64.0
64.86,1625449482.0,64.0
63.21,1625449482.0,64.0
59.06,1625449482.0,64.0
51.79,1625449482.0,64.0
41.57,1625449482.0,64.0
30.07,1625449482.0,64.0
20.28,1625449482.0,64.0
15.07,1625449482.0,64.0
15.58,1625449482.0,64.0
20.4,1625449482.0,64.0
26.26,1625449482.0,64.0
29.92,1625449482.0,64.0
29.88,1625449482.0,64.0
26.95,1625449482.0,64.0
23.3,1625449482.0,64.0
20.92,1625449482.0,64.0
20.38,1625449482.0,64.0
20.88,1625449482.0,64.0
21.0,1625449482.0,64.0
19.77,1625449482.0,64.0
17.15,1625449482.0,64.0
13.74,1625449482.0,64.0
10.26,1625449482.0,64.0
7.13,1625449482.0,64.0
4.48,1625449482.0,64.0
2.31,1625449482.0,64.0
0.68,1625449482.0,64.0
-0.38,1625449482.0,64.0
-1.07,1625449482.0,64.0
-2.1,1625449482.0,64.0
-4.48,1625449482.0,64.0
-9.14,1625449482.0,64.0
-16.31,1625449482.0,64.0
-25.29,1625449482.0,64.0
-34.49,1625449482.0,64.0
-41.98,1625449482.0,64.0
-46.32,1625449482.0,64.0
-47.23,1625449482.0,64.0
-45.71,1625449482.0,64.0
-43.62,1625449482.0,64.0
-42.93,1625449482.0,64.0
-45.02,1625449482.0,64.0
-50.34,1625449482.0,64.0
-58.43,1625449482.0,64.0
-68.04,1625449482.0,64.0
-77.34,1625449482.0,64.0
-84.11,1625449482.0,64.0
-86.15,1625449482.0,64.0
-81.75,1625449482.0,64.0
-70.38,1625449482.0,64.0
-53.01,1625449482.0,64.0
-31.96,1625449482.0,64.0
-10.27,1625449482.0,64.0
9.25,1625449482.0,64.0
24.81,1625449482.0,64.0
35.98,1625449482.0,64.0
43.47,1625449482.0,64.0
48.39,1625449482.0,64.0
51.58,1625449482.0,64.0
53.18,1625449482.0,64.0
52.91,1625449482.0,64.0
50.7,1625449482.0,64.0
47.11,1625449482.0,64.0
43.5,1625449482.0,64.0
41.47,1625449482.0,64.0
42.02,1625449482.0,64.0
44.91,1625449482.0,64.0
48.6,1625449482.0,64.0
51.09,1625449482.0,64.0
50.98,1625449482.0,64.0
48.25,1625449482.0,64.0
44.13,1625449482.0,64.0
40.16,1625449482.0,64.0
37.14,1625449482.0,64.0
34.68,1625449482.0,64.0
31.68,1625449482.0,64.0
27.2,1625449482.0,64.0
21.29,1625449482.0,64.0
14.96,1625449482.0,64.0
9.57,1625449482.0,64.0
6.04,1625449482.0,64.0
4.49,1625449482.0,64.0
4.28,1625449482.0,64.0
4.5,1625449482.0,64.0
4.3,1625449482.0,64.0
3.13,1625449482.0,64.0
0.65,1625449482.0,64.0
-3.33,1625449482.0,64.0
-8.77,1625449482.0,64.0
-15.29,1625449482.0,64.0
-22.15,1625449482.0,64.0
-28.45,1625449482.0,64.0
-33.48,1625449482.0,64.0
-36.98,1625449482.0,64.0
-39.25,1625449482.0,64.0
-41.05,1625449482.0,64.0
-43.26,1625449482.0,64.0
-46.72,1625449482.0,64.0
-52.03,1625449482.0,64.0
-59.4,1625449482.0,64.0
-68.41,1625449482.0,64.0
-77.87,1625449482.0,64.0
-85.9,1625449482.0,64.0
-90.35,1625449482.0,64.0
-89.52,1625449482.0,64.0
-82.77,1625449482.0,64.0
-70.74,1625449482.0,64.0
-55.03,1625449482.0,64.0
-37.57,1625449482.0,64.0
-20.13,1625449482.0,64.0
-3.94,1625449482.0,64.0
10.19,1625449482.0,64.0
21.76,1625449482.0,64.0
30.41,1625449482.0,64.0
36.01,1625449482.0,64.0
38.7,1625449482.0,64.0
39.01,1625449482.0,64.0
37.72,1625449482.0,64.0
35.77,1625449482.0,64.0
34.02,1625449482.0,64.0
33.15,1625449482.0,64.0
33.54,1625449482.0,64.0
35.15,1625449482.0,64.0
37.42,1625449482.0,64.0
39.37,1625449482.0,64.0
39.99,1625449482.0,64.0
38.68,1625449482.0,64.0
35.47,1625449482.0,64.0
30.97,1625449482.0,64.0
25.83,1625449482.0,64.0
20.3,1625449482.0,64.0
14.12,1625449482.0,64.0
6.82,1625449482.0,64.0
-1.74,1625449482.0,64.0
-11.05,1625449482.0,64.0
-20.12,1625449482.0,64.0
-27.94,1625449482.0,64.0
-33.83,1625449482.0,64.0
-37.8,1625449482.0,64.0
-40.45,1625449482.0,64.0
-42.73,1625449482.0,64.0
-45.74,1625449482.0,64.0
-50.48,1625449482.0,64.0
-57.55,1625449482.0,64.0
-66.93,1625449482.0,64.0
-77.92,1625449482.0,64.0
-89.39,1625449482.0,64.0
-100.35,1625449482.0,64.0
-110.42,1625449482.0,64.0
-120.01,1625449482.0,64.0
-129.94,1625449482.0,64.0
-140.97,1625449482.0,64.0
-153.38,1625449482.0,64.0
-167.11,1625449482.0,64.0
-182.26,1625449482.0,64.0
-199.3,1625449482.0,64.0
-218.94,1625449482.0,64.0
-241.35,1625449482.0,64.0
-265.52,1625449482.0,64.0
-289.14,1625449482.0,64.0
-309.28,1625449482.0,64.0
-323.46,1625449482.0,64.0
-330.44,1625449482.0,64.0
-330.35,1625449482.0,64.0
-324.07,1625449482.0,64.0
-312.52,1625449482.0,64.0
-296.32,1625449482.0,64.0
-275.89,1625449482.0,64.0
-252.09,1625449482.0,64.0
-226.41,1625449482.0,64.0
-200.93,1625449482.0,64.0
-177.57,1625449482.0,64.0
-157.48,1625449482.0,64.0
-140.5,1625449482.0,64.0
-125.44,1625449482.0,64.0
-110.54,1625449482.0,64.0
-94.33,1625449482.0,64.0
-76.17,1625449482.0,64.0
-56.49,1625449482.0,64.0
-36.6,1625449482.0,64.0
-18.15,1625449482.0,64.0
-2.38,1625449482.0,64.0
10.53,1625449482.0,64.0
21.56,1625449482.0,64.0
32.56,1625449482.0,64.0
45.39,1625449482.0,64.0
61.09,1625449482.0,64.0
79.29,1625449482.0,64.0
98.47,1625449482.0,64.0
116.5,1625449482.0,64.0
131.71,1625449482.0,64.0
143.64,1625449482.0,64.0
153.24,1625449482.0,64.0
162.63,1625449482.0,64.0
174.62,1625449482.0,64.0
192.06,1625449482.0,64.0
217.14,1625449482.0,64.0
250.22,1625449482.0,64.0
288.62,1625449482.0,64.0
326.06,1625449482.0,64.0
353.5,1625449482.0,64.0
361.61,1625449482.0,64.0
344.34,1625449482.0,64.0
301.76,1625449482.0,64.0
240.79,1625449482.0,64.0
173.04,1625449482.0,64.0
110.86,1625449482.0,64.0
63.17,1625449482.0,64.0
33.17,1625449482.0,64.0
18.44,1625449482.0,64.0
13.11,1625449482.0,64.0
10.73,1625449482.0,64.0
6.52,1625449482.0,64.0
-1.71,1625449482.0,64.0
-13.61,1625449482.0,64.0
-27.08,1625449482.0,64.0
-39.17,1625449482.0,64.0
-46.99,1625449482.0,64.0
-48.61,1625449482.0,64.0
-43.64,1625449482.0,64.0
-33.29,1625449482.0,64.0
-20.14,1625449482.0,64.0
-7.35,1625449482.0,64.0
2.06,1625449482.0,64.0
5.98,1625449482.0,64.0
3.63,1625449482.0,64.0
-4.09,1625449482.0,64.0
-14.6,1625449482.0,64.0
-23.88,1625449482.0,64.0
-27.39,1625449482.0,64.0
-21.49,1625449482.0,64.0
-4.86,1625449482.0,64.0
20.49,1625449482.0,64.0
49.55,1625449482.0,64.0
75.83,1625449482.0,64.0
93.79,1625449482.0,64.0
101.08,1625449482.0,64.0
99.6,1625449482.0,64.0
94.7,1625449482.0,64.0
93.06,1625449482.0,64.0
99.85,1625449482.0,64.0
116.86,1625449482.0,64.0
142.19,1625449482.0,64.0
171.66,1625449482.0,64.0
200.71,1625449482.0,64.0
226.04,1625449482.0,64.0
246.09,1625449482.0,64.0
260.71,1625449482.0,64.0
270.45,1625449482.0,64.0
276.27,1625449482.0,64.0
279.55,1625449482.0,64.0
282.08,1625449482.0,64.0
285.39,1625449482.0,64.0
289.64,1625449482.0,64.0
292.65,1625449482.0,64.0
289.83,1625449482.0,64.0
275.28,1625449482.0,64.0
244.18,1625449482.0,64.0
194.86,1625449482.0,64.0
129.93,1625449482.0,64.0
55.76,1625449482.0,64.0
-19.22,1625449482.0,64.0
-86.52,1625449482.0,64.0
-139.15,1625449482.0,64.0
-172.55,1625449482.0,64.0
-185.04,1625449482.0,64.0
-178.0,1625449482.0,64.0
-155.5,1625449482.0,64.0
-123.3,1625449482.0,64.0
-87.23,1625449482.0,64.0
-51.55,1625449482.0,64.0
-17.99,1625449482.0,64.0
13.97,1625449482.0,64.0
45.66,1625449482.0,64.0
77.46,1625449482.0,64.0
107.9,1625449482.0,64.0
133.83,1625449482.0,64.0
151.86,1625449482.0,64.0
160.02,1625449482.0,64.0
158.79,1625449482.0,64.0
150.74,1625449482.0,64.0
139.19,1625449482.0,64.0
126.42,1625449482.0,64.0
112.69,1625449482.0,64.0
96.25,1625449482.0,64.0
74.26,1625449482.0,64.0
44.02,1625449482.0,64.0
3.83,1625449482.0,64.0
-46.77,1625449482.0,64.0
-106.89,1625449482.0,64.0
-174.04,1625449482.0,64.0
-243.68,1625449482.0,64.0
-308.98,1625449482.0,64.0
-361.64,1625449482.0,64.0
-393.61,1625449482.0,64.0
-399.7,1625449482.0,64.0
-379.61,1625449482.0,64.0
-338.53,1625449482.0,64.0
-285.55,1625449482.0,64.0
-230.62,1625449482.0,64.0
-181.5,1625449482.0,64.0
-141.99,1625449482.0,64.0
-112.24,1625449482.0,64.0
-90.61,1625449482.0,64.0
-75.56,1625449482.0,64.0
-66.6,1625449482.0,64.0
-63.68,1625449482.0,64.0
-65.82,1625449482.0,64.0
-69.99,1625449482.0,64.0
-71.44,1625449482.0,64.0
-65.29,1625449482.0,64.0
-48.41,1625449482.0,64.0
-21.08,1625449482.0,64.0
13.2,1625449482.0,64.0
49.66,1625449482.0,64.0
84.61,1625449482.0,64.0
116.88,1625449482.0,64.0
147.48,1625449482.0,64.0
177.89,1625449482.0,64.0
208.28,1625449482.0,64.0
237.16,1625449482.0,64.0
261.89,1625449482.0,64.0
280.34,1625449482.0,64.0
292.31,1625449482.0,64.0
299.8,1625449482.0,64.0
305.98,1625449482.0,64.0
313.72,1625449482.0,64.0
324.45,1625449482.0,64.0
337.96,1625449482.0,64.0
353.81,1625449482.0,64.0
371.29,1625449482.0,64.0
389.65,1625449482.0,64.0
407.76,1625449482.0,64.0
423.73,1625449482.0,64.0
434.98,1625449482.0,64.0
438.83,1625449482.0,64.0
433.34,1625449482.0,64.0
417.98,1625449482.0,64.0
395.88,1625449482.0,64.0
371.05,1625449482.0,64.0
346.94,1625449482.0,64.0
325.07,1625449482.0,64.0
304.89,1625449482.0,64.0
284.62,1625449482.0,64.0
262.52,1625449482.0,64.0
237.72,1625449482.0,64.0
210.2,1625449482.0,64.0
184.84,1625449482.0,64.0
165.98,1625449482.0,64.0
155.6,1625449482.0,64.0
152.12,1625449482.0,64.0
151.02,1625449482.0,64.0
146.47,1625449482.0,64.0
133.07,1625449482.0,64.0
106.93,1625449482.0,64.0
66.48,1625449482.0,64.0
20.58,1625449482.0,64.0
-18.84,1625449482.0,64.0
-39.55,1625449482.0,64.0
-32.6,1625449482.0,64.0
5.64,1625449482.0,64.0
73.28,1625449482.0,64.0
163.72,1625449482.0,64.0
266.78,1625449482.0,64.0
369.78,1625449482.0,64.0
469.49,1625449482.0,64.0
563.49,1625449482.0,64.0
649.04,1625449482.0,64.0
722.17,1625449482.0,64.0
778.83,1625449482.0,64.0
817.54,1625449482.0,64.0
840.63,1625449482.0,64.0
853.03,1625449482.0,64.0
814.63,1625449482.0,64.0
704.06,1625449482.0,64.0
520.11,1625449482.0,64.0
287.27,1625449482.0,64.0
45.04,1625449482.0,64.0
-171.87,1625449482.0,64.0
-345.13,1625449482.0,64.0
-471.99,1625449482.0,64.0
-551.8,1625449482.0,64.0
-601.15,1625449482.0,64.0
-624.65,1625449482.0,64.0
-623.68,1625449482.0,64.0
-600.57,1625449482.0,64.0
-561.66,1625449482.0,64.0
-516.82,1625449482.0,64.0
-476.33,1625449482.0,64.0
-446.11,1625449482.0,64.0
-428.7,1625449482.0,64.0
-424.81,1625449482.0,64.0
-425.74,1625449482.0,64.0
-423.43,1625449482.0,64.0
-413.31,1625449482.0,64.0
-395.69,1625449482.0,64.0
-374.69,1625449482.0,64.0
-355.39,1625449482.0,64.0
-341.48,1625449482.0,64.0
-334.79,1625449482.0,64.0
-336.16,1625449482.0,64.0
-340.08,1625449482.0,64.0
-341.3,1625449482.0,64.0
-336.65,1625449482.0,64.0
-325.99,1625449482.0,64.0
-311.78,1625449482.0,64.0
-297.39,1625449482.0,64.0
-285.72,1625449482.0,64.0
-278.72,1625449482.0,64.0
-277.68,1625449482.0,64.0
-279.99,1625449482.0,64.0
-282.55,1625449482.0,64.0
-282.8,1625449482.0,64.0
-279.55,1625449482.0,64.0
-273.13,1625449482.0,64.0
-264.99,1625449482.0,64.0
-257.02,1625449482.0,64.0
-251.14,1625449482.0,64.0
-248.97,1625449482.0,64.0
-250.03,1625449482.0,64.0
-253.0,1625449482.0,64.0
-256.44,1625449482.0,64.0
-259.41,1625449482.0,64.0
-262.06,1625449482.0,64.0
-265.66,1625449482.0,64.0
-272.23,1625449482.0,64.0
-284.2,1625449482.0,64.0
-304.18,1625449482.0,64.0
-334.49,1625449482.0,64.0
-376.89,1625449482.0,64.0
-431.56,1625449482.0,64.0
-495.82,1625449482.0,64.0
-563.36,1625449482.0,64.0
-624.9,1625449482.0,64.0
-670.54,1625449482.0,64.0
-693.03,1625449482.0,64.0
-690.27,1625449482.0,64.0
-665.85,1625449482.0,64.0
-627.2,1625449482.0,64.0
-582.35,1625449482.0,64.0
-537.1,1625449482.0,64.0
-493.85,1625449482.0,64.0
-452.5,1625449482.0,64.0
-412.19,1625449482.0,64.0
-372.85,1625449482.0,64.0
-335.41,1625449482.0,64.0
-300.99,1625449482.0,64.0
-269.92,1625449482.0,64.0
-241.39,1625449482.0,64.0
-213.98,1625449482.0,64.0
-186.6,1625449482.0,64.0
-159.22,1625449482.0,64.0
-132.86,1625449482.0,64.0
-109.17,1625449482.0,64.0
-89.48,1625449482.0,64.0
-74.14,1625449482.0,64.0
-62.39,1625449482.0,64.0
-52.66,1625449482.0,64.0
-43.32,1625449482.0,64.0
-33.27,1625449482.0,64.0
-22.37,1625449482.0,64.0
-11.3,1625449482.0,64.0
-1.1,1625449482.0,64.0
7.36,1625449482.0,64.0
13.87,1625449482.0,64.0
18.85,1625449482.0,64.0
23.16,1625449482.0,64.0
27.61,1625449482.0,64.0
32.67,1625449482.0,64.0
38.29,1625449482.0,64.0
44.1,1625449482.0,64.0
49.71,1625449482.0,64.0
55.0,1625449482.0,64.0
60.19,1625449482.0,64.0
65.71,1625449482.0,64.0
71.95,1625449482.0,64.0
78.99,1625449482.0,64.0
86.56,1625449482.0,64.0
94.25,1625449482.0,64.0
101.76,1625449482.0,64.0
109.19,1625449482.0,64.0
117.08,1625449482.0,64.0
126.17,1625449482.0,64.0
137.02,1625449482.0,64.0
149.66,1625449482.0,64.0
163.48,1625449482.0,64.0
177.47,1625449482.0,64.0
190.68,1625449482.0,64.0
202.8,1625449482.0,64.0
214.37,1625449482.0,64.0
226.66,1625449482.0,64.0
241.15,1625449482.0,64.0
258.83,1625449482.0,64.0
279.73,1625449482.0,64.0
302.95,1625449482.0,64.0
327.08,1625449482.0,64.0
350.81,1625449482.0,64.0
373.58,1625449482.0,64.0
395.76,1625449482.0,64.0
418.51,1625449482.0,64.0
443.53,1625449482.0,64.0
472.85,1625449482.0,64.0
508.47,1625449482.0,64.0
551.69,1625449482.0,64.0
601.83,1625449482.0,64.0
655.18,1625449482.0,64.0
704.82,1625449482.0,64.0
741.99,1625449482.0,64.0
758.77,1625449482.0,64.0
751.05,1625449482.0,64.0
720.11,1625449482.0,64.0
672.11,1625449482.0,64.0
615.55,1625449482.0,64.0
558.16,1625449482.0,64.0
504.69,1625449482.0,64.0
456.64,1625449482.0,64.0
413.45,1625449482.0,64.0
374.31,1625449482.0,64.0
339.13,1625449482.0,64.0
308.46,1625449482.0,64.0
282.67,1625449482.0,64.0
261.24,1625449482.0,64.0
242.73,1625449482.0,64.0
225.41,1625449482.0,64.0
208.03,1625449482.0,64.0
190.23,1625449482.0,64.0
172.53,1625449482.0,64.0
155.87,1625449482.0,64.0
140.91,1625449482.0,64.0
127.76,1625449482.0,64.0
115.82,1625449482.0,64.0
104.14,1625449482.0,64.0
91.65,1625449482.0,64.0
77.56,1625449482.0,64.0
61.51,1625449482.0,64.0
43.63,1625449482.0,64.0
24.42,1625449482.0,64.0
4.58,1625449482.0,64.0
-15.03,1625449482.0,64.0
-33.66,1625449482.0,64.0
-50.75,1625449482.0,64.0
-66.19,1625449482.0,64.0
-80.36,1625449482.0,64.0
-94.11,1625449482.0,64.0
-108.42,1625449482.0,64.0
-124.06,1625449482.0,64.0
-141.24,1625449482.0,64.0
-159.52,1625449482.0,64.0
-178.17,1625449482.0,64.0
-196.57,1625449482.0,64.0
-214.76,1625449482.0,64.0
-233.66,1625449482.0,64.0
-254.94,1625449482.0,64.0
-280.69,1625449482.0,64.0
-313.29,1625449482.0,64.0
-355.18,1625449482.0,64.0
-408.38,1625449482.0,64.0
-473.44,1625449482.0,64.0
-548.01,1625449482.0,64.0
-625.98,1625449482.0,64.0
-698.1,1625449482.0,64.0
-754.32,1625449482.0,64.0
-787.03,1625449482.0,64.0
-793.77,1625449482.0,64.0
-777.8,1625449482.0,64.0
-746.37,1625449482.0,64.0
-707.47,1625449482.0,64.0
-666.9,1625449482.0,64.0
-627.11,1625449482.0,64.0
-587.97,1625449482.0,64.0
-548.55,1625449482.0,64.0
-508.68,1625449482.0,64.0
-469.25,1625449482.0,64.0
-431.43,1625449482.0,64.0
-395.71,1625449482.0,64.0
-361.52,1625449482.0,64.0
-327.73,1625449482.0,64.0
-293.53,1625449482.0,64.0
-259.16,1625449482.0,64.0
-225.9,1625449482.0,64.0
-195.72,1625449482.0,64.0
-170.29,1625449482.0,64.0
-150.39,1625449482.0,64.0
-135.61,1625449482.0,64.0
-124.58,1625449482.0,64.0
-115.6,1625449482.0,64.0
-107.13,1625449482.0,64.0
-98.24,1625449482.0,64.0
-88.66,1625449482.0,64.0
-78.53,1625449482.0,64.0
-68.03,1625449482.0,64.0
-57.11,1625449482.0,64.0
-45.36,1625449482.0,64.0
-32.19,1625449482.0,64.0
-16.99,1625449482.0,64.0
0.63,1625449482.0,64.0
20.75,1625449482.0,64.0
43.12,1625449482.0,64.0
67.22,1625449482.0,64.0
92.46,1625449482.0,64.0
118.15,1625449482.0,64.0
143.61,1625449482.0,64.0
168.27,1625449482.0,64.0
191.65,1625449482.0,64.0
213.44,1625449482.0,64.0
233.54,1625449482.0,64.0
252.11,1625449482.0,64.0
269.63,1625449482.0,64.0
287.0,1625449482.0,64.0
305.48,1625449482.0,64.0
326.2,1625449482.0,64.0
349.44,1625449482.0,64.0
374.01,1625449482.0,64.0
397.08,1625449482.0,64.0
414.93,1625449482.0,64.0
424.22,1625449482.0,64.0
423.28,1625449482.0,64.0
412.66,1625449482.0,64.0
394.73,1625449482.0,64.0
372.46,1625449482.0,64.0
348.33,1625449482.0,64.0
323.7,1625449482.0,64.0
299.13,1625449482.0,64.0
274.98,1625449482.0,64.0
251.96,1625449482.0,64.0
231.0,1625449482.0,64.0
212.79,1625449482.0,64.0
197.29,1625449482.0,64.0
183.71,1625449482.0,64.0
171.1,1625449482.0,64.0
159.07,1625449482.0,64.0
148.33,1625449482.0,64.0
140.14,1625449482.0,64.0
135.42,1625449482.0,64.0
133.96,1625449482.0,64.0
134.12,1625449482.0,64.0
133.48,1625449482.0,64.0
129.79,1625449482.0,64.0
121.87,1625449482.0,64.0
109.76,1625449482.0,64.0
94.58,1625449482.0,64.0
77.6,1625449482.0,64.0
59.78,1625449482.0,64.0
41.88,1625449482.0,64.0
24.8,1625449482.0,64.0
9.88,1625449482.0,64.0
-1.45,1625449482.0,64.0
-8.51,1625449482.0,64.0
-12.04,1625449482.0,64.0
-13.72,1625449482.0,64.0
-16.01,1625449482.0,64.0
-21.06,1625449482.0,64.0
-29.88,1625449482.0,64.0
-41.93,1625449482.0,64.0
-55.35,1625449482.0,64.0
-67.85,1625449482.0,64.0
-77.76,1625449482.0,64.0
-84.81,1625449482.0,64.0
-88.7,1625449482.0,64.0
-90.27,1625449482.0,64.0
-91.09,1625449482.0,64.0
-92.85,1625449482.0,64.0
-96.72,1625449482.0,64.0
-102.87,1625449482.0,64.0
-110.55,1625449482.0,64.0
-118.67,1625449482.0,64.0
-126.26,1625449482.0,64.0
-128.83,1625449482.0,64.0
-121.51,1625449482.0,64.0
-100.2,1625449482.0,64.0
-63.3,1625449482.0,64.0
-12.95,1625449482.0,64.0
45.01,1625449482.0,64.0
102.17,1625449482.0,64.0
149.32,1625449482.0,64.0
178.9,1625449482.0,64.0
192.86,1625449482.0,64.0
198.17,1625449482.0,64.0
204.5,1625449482.0,64.0
220.41,1625449482.0,64.0
250.44,1625449482.0,64.0
294.51,1625449482.0,64.0
348.82,1625449482.0,64.0
407.33,1625449482.0,64.0
463.67,1625449482.0,64.0
520.4,1625449482.0,64.0
582.71,1625449482.0,64.0
656.09,1625449482.0,64.0
742.99,1625449482.0,64.0
841.49,1625449482.0,64.0
946.99,1625449482.0,64.0
1054.92,1625449482.0,64.0
1162.57,1625449482.0,64.0
1223.57,1625449482.0,64.0
1202.78,1625449482.0,64.0
1081.63,1625449482.0,64.0
868.17,1625449482.0,64.0
593.08,1625449482.0,64.0
294.27,1625449482.0,64.0
4.07,1625449482.0,64.0
-254.33,1625449482.0,64.0
-465.89,1625449482.0,64.0
-623.54,1625449482.0,64.0
-722.02,1625449482.0,64.0
-764.97,1625449482.0,64.0
-764.23,1625449482.0,64.0
-736.45,1625449482.0,64.0
-697.94,1625449482.0,64.0
-659.85,1625449482.0,64.0
-626.75,1625449482.0,64.0
-599.07,1625449482.0,64.0
-576.68,1625449482.0,64.0
-555.26,1625449482.0,64.0
-531.98,1625449482.0,64.0
-505.77,1625449482.0,64.0
-477.44,1625449482.0,64.0
-449.36,1625449482.0,64.0
-423.39,1625449482.0,64.0
-401.04,1625449482.0,64.0
-383.13,1625449482.0,64.0
-370.77,1625449482.0,64.0
-361.96,1625449482.0,64.0
-354.32,1625449482.0,64.0
-345.42,1625449482.0,64.0
-333.54,1625449482.0,64.0
-318.59,1625449482.0,64.0
-301.77,1625449482.0,64.0
-284.71,1625449482.0,64.0
-268.28,1625449482.0,64.0
-251.66,1625449482.0,64.0
-230.5,1625449482.0,64.0
-200.12,1625449482.0,64.0
-158.49,1625449482.0,64.0
-108.3,1625449482.0,64.0
-56.97,1625449482.0,64.0
-13.32,1625449482.0,64.0
16.84,1625449482.0,64.0
33.27,1625449482.0,64.0
40.78,1625449482.0,64.0
46.71,1625449482.0,64.0
56.74,1625449482.0,64.0
71.48,1625449482.0,64.0
89.06,1625449482.0,64.0
106.29,1625449482.0,64.0
121.36,1625449482.0,64.0
134.95,1625449482.0,64.0
149.19,1625449482.0,64.0
165.47,1625449482.0,64.0
182.85,1625449482.0,64.0
198.36,1625449482.0,64.0
208.66,1625449482.0,64.0
212.44,1625449482.0,64.0
210.95,1625449482.0,64.0
207.21,1625449482.0,64.0
204.09,1625449482.0,64.0
202.63,1625449482.0,64.0
201.52,1625449482.0,64.0
197.92,1625449482.0,64.0
188.99,1625449482.0,64.0
173.1,1625449482.0,64.0
150.52,1625449482.0,64.0
123.14,1625449482.0,64.0
94.1,1625449482.0,64.0
67.32,1625449482.0,64.0
46.65,1625449482.0,64.0
34.61,1625449482.0,64.0
31.32,1625449482.0,64.0
34.03,1625449482.0,64.0
37.86,1625449482.0,64.0
37.9,1625449482.0,64.0
31.16,1625449482.0,64.0
17.86,1625449482.0,64.0
0.95,1625449482.0,64.0
-15.83,1625449482.0,64.0
-30.06,1625449482.0,64.0
-41.62,1625449482.0,64.0
-52.35,1625449482.0,64.0
-64.43,1625449482.0,64.0
-79.05,1625449482.0,64.0
-96.18,1625449482.0,64.0
-115.04,1625449482.0,64.0
-135.14,1625449482.0,64.0
-157.1,1625449482.0,64.0
-182.8,1625449482.0,64.0
-214.54,1625449482.0,64.0
-253.59,1625449482.0,64.0
-298.53,1625449482.0,64.0
-344.11,1625449482.0,64.0
-381.71,1625449482.0,64.0
-401.24,1625449482.0,64.0
-394.64,1625449482.0,64.0
-359.25,1625449482.0,64.0
-299.48,1625449482.0,64.0
-225.58,1625449482.0,64.0
-150.02,1625449482.0,64.0
-83.02,1625449482.0,64.0
-29.57,1625449482.0,64.0
10.6,1625449482.0,64.0
40.63,1625449482.0,64.0
63.58,1625449482.0,64.0
80.79,1625449482.0,64.0
92.31,1625449482.0,64.0
98.71,1625449482.0,64.0
102.37,1625449482.0,64.0
107.09,1625449482.0,64.0
116.36,1625449482.0,64.0
131.18,1625449482.0,64.0
149.4,1625449482.0,64.0
166.53,1625449482.0,64.0
178.07,1625449482.0,64.0
181.59,1625449482.0,64.0
177.6,1625449482.0,64.0
168.75,1625449482.0,64.0
158.09,1625449482.0,64.0
147.24,1625449482.0,64.0
135.61,1625449482.0,64.0
121.03,1625449482.0,64.0
101.37,1625449482.0,64.0
76.28,1625449482.0,64.0
48.19,1625449482.0,64.0
21.87,1625449482.0,64.0
2.78,1625449482.0,64.0
-5.18,1625449482.0,64.0
-1.32,1625449482.0,64.0
11.39,1625449482.0,64.0
27.61,1625449482.0,64.0
41.86,1625449482.0,64.0
50.87,1625449482.0,64.0
54.75,1625449482.0,64.0
56.68,1625449482.0,64.0
61.17,1625449482.0,64.0
71.79,1625449482.0,64.0
89.41,1625449482.0,64.0
111.64,1625449482.0,64.0
133.79,1625449482.0,64.0
150.83,1625449482.0,64.0
159.51,1625449482.0,64.0
159.64,1625449482.0,64.0
153.69,1625449482.0,64.0
145.01,1625449482.0,64.0
135.84,1625449482.0,64.0
126.03,1625449482.0,64.0
113.43,1625449482.0,64.0
95.6,1625449482.0,64.0
71.64,1625449482.0,64.0
43.19,1625449482.0,64.0
13.76,1625449482.0,64.0
-13.06,1625449482.0,64.0
-35.49,1625449482.0,64.0
-54.38,1625449482.0,64.0
-72.71,1625449482.0,64.0
-94.01,1625449482.0,64.0
-120.65,1625449482.0,64.0
-153.01,1625449482.0,64.0
-189.42,1625449482.0,64.0
-226.91,1625449482.0,64.0
-262.16,1625449482.0,64.0
-292.13,1625449482.0,64.0
-314.4,1625449482.0,64.0
-327.52,1625449482.0,64.0
-331.17,1625449482.0,64.0
-326.38,1625449482.0,64.0
-315.38,1625449482.0,64.0
-301.08,1625449482.0,64.0
-286.1,1625449482.0,64.0
-271.93,1625449482.0,64.0
-258.35,1625449482.0,64.0
-243.66,1625449482.0,64.0
-225.61,1625449482.0,64.0
-202.56,1625449482.0,64.0
-174.32,1625449482.0,64.0
-142.38,1625449482.0,64.0
-109.2,1625449482.0,64.0
-77.23,1625449482.0,64.0
-47.99,1625449482.0,64.0
-21.89,1625449482.0,64.0
1.27,1625449482.0,64.0
21.64,1625449482.0,64.0
38.95,1625449482.0,64.0
52.86,1625449482.0,64.0
63.7,1625449482.0,64.0
73.0,1625449482.0,64.0
83.17,1625449482.0,64.0
96.39,1625449482.0,64.0
113.21,1625449482.0,64.0
131.76,1625449482.0,64.0
148.03,1625449482.0,64.0
157.3,1625449482.0,64.0
155.9,1625449482.0,64.0
142.44,1625449482.0,64.0
117.97,1625449482.0,64.0
85.33,1625449482.0,64.0
47.69,1625449482.0,64.0
7.45,1625449482.0,64.0
-34.33,1625449482.0,64.0
-77.96,1625449482.0,64.0
-124.76,1625449482.0,64.0
-176.62,1625449482.0,64.0
-235.09,1625449482.0,64.0
-300.16,1625449482.0,64.0
-369.03,1625449482.0,64.0
-435.68,1625449482.0,64.0
-491.79,1625449482.0,64.0
-529.01,1625449482.0,64.0
-541.89,1625449482.0,64.0
-529.7,1625449482.0,64.0
-496.56,1625449482.0,64.0
-449.59,1625449482.0,64.0
-396.13,1625449482.0,64.0
-341.49,1625449482.0,64.0
-288.39,1625449482.0,64.0
-237.81,1625449482.0,64.0
-190.25,1625449482.0,64.0
-146.65,1625449482.0,64.0
-108.0,1625449482.0,64.0
-74.45,1625449482.0,64.0
-44.53,1625449482.0,64.0
-15.3,1625449482.0,64.0
16.87,1625449482.0,64.0
55.0,1625449482.0,64.0
100.4,1625449482.0,64.0
151.66,1625449482.0,64.0
204.19,1625449482.0,64.0
251.23,1625449482.0,64.0
285.97,1625449482.0,64.0
304.41,1625449482.0,64.0
307.28,1625449482.0,64.0
300.05,1625449482.0,64.0
290.31,1625449482.0,64.0
284.17,1625449482.0,64.0
283.46,1625449482.0,64.0
285.37,1625449482.0,64.0
284.85,1625449482.0,64.0
278.0,1625449482.0,64.0
264.4,1625449482.0,64.0
247.1,1625449482.0,64.0
230.4,1625449482.0,64.0
217.25,1625449482.0,64.0
207.76,1625449482.0,64.0
199.8,1625449482.0,64.0
190.89,1625449482.0,64.0
179.89,1625449482.0,64.0
167.34,1625449482.0,64.0
154.35,1625449482.0,64.0
141.45,1625449482.0,64.0
127.85,1625449482.0,64.0
111.99,1625449482.0,64.0
92.84,1625449482.0,64.0
70.97,1625449482.0,64.0
48.57,1625449482.0,64.0
28.3,1625449482.0,64.0
11.72,1625449482.0,64.0
-1.58,1625449482.0,64.0
-13.64,1625449482.0,64.0
-26.82,1625449482.0,64.0
-42.24,1625449482.0,64.0
-59.22,1625449482.0,64.0
-75.77,1625449482.0,64.0
-89.94,1625449482.0,64.0
-100.79,1625449482.0,64.0
-108.56,1625449482.0,64.0
-113.97,1625449482.0,64.0
-116.98,1625449482.0,64.0
-116.38,1625449482.0,64.0
-110.24,1625449482.0,64.0
-97.26,1625449482.0,64.0
-77.98,1625449482.0,64.0
-55.41,1625449482.0,64.0
-34.32,1625449482.0,64.0
-19.33,1625449482.0,64.0
-13.07,1625449482.0,64.0
-15.07,1625449482.0,64.0
-22.25,1625449482.0,64.0
-30.49,1625449482.0,64.0
-36.29,1625449482.0,64.0
-37.83,1625449482.0,64.0
-34.73,1625449482.0,64.0
-27.14,1625449482.0,64.0
-15.0,1625449482.0,64.0
2.07,1625449482.0,64.0
24.17,1625449482.0,64.0
50.32,1625449482.0,64.0
78.24,1625449482.0,64.0
104.73,1625449482.0,64.0
126.78,1625449482.0,64.0
142.41,1625449482.0,64.0
151.24,1625449482.0,64.0
154.41,1625449482.0,64.0
154.12,1625449482.0,64.0
153.19,1625449482.0,64.0
154.37,1625449482.0,64.0
159.42,1625449482.0,64.0
168.27,1625449482.0,64.0
178.48,1625449482.0,64.0
185.76,1625449482.0,64.0
185.5,1625449482.0,64.0
174.6,1625449482.0,64.0
152.9,1625449482.0,64.0
123.45,1625449482.0,64.0
91.42,1625449482.0,64.0
62.25,1625449482.0,64.0
39.87,1625449482.0,64.0
25.81,1625449482.0,64.0
19.49,1625449482.0,64.0
19.13,1625449482.0,64.0
22.88,1625449482.0,64.0
29.28,1625449482.0,64.0
37.09,1625449482.0,64.0
44.76,1625449482.0,64.0
50.06,1625449482.0,64.0
50.2,1625449482.0,64.0
42.53,1625449482.0,64.0
25.36,1625449482.0,64.0
-1.63,1625449482.0,64.0
-37.6,1625449482.0,64.0
-80.95,1625449482.0,64.0
-129.56,1625449482.0,64.0
-180.58,1625449482.0,64.0
-229.89,1625449482.0,64.0
-272.26,1625449482.0,64.0
-302.39,1625449482.0,64.0
-316.9,1625449482.0,64.0
-316.03,1625449482.0,64.0
-304.06,1625449482.0,64.0
-287.57,1625449482.0,64.0
-272.46,1625449482.0,64.0
-261.06,1625449482.0,64.0
-251.34,1625449482.0,64.0
-238.44,1625449482.0,64.0
-217.66,1625449482.0,64.0
-187.03,1625449482.0,64.0
-147.92,1625449482.0,64.0
-103.66,1625449482.0,64.0
-57.5,1625449482.0,64.0
-11.23,1625449482.0,64.0
34.51,1625449482.0,64.0
79.01,1625449482.0,64.0
120.49,1625449482.0,64.0
156.31,1625449482.0,64.0
184.22,1625449482.0,64.0
203.69,1625449482.0,64.0
215.99,1625449482.0,64.0
223.19,1625449482.0,64.0
226.24,1625449482.0,64.0
223.96,1625449482.0,64.0
213.0,1625449482.0,64.0
189.43,1625449482.0,64.0
150.57,1625449482.0,64.0
96.02,1625449482.0,64.0
27.72,1625449482.0,64.0
-50.61,1625449482.0,64.0
-133.66,1625449482.0,64.0
-214.59,1625449482.0,64.0
-285.24,1625449482.0,64.0
-337.43,1625449482.0,64.0
-365.05,1625449482.0,64.0
-366.0,1625449482.0,64.0
-343.01,1625449482.0,64.0
-302.58,1625449482.0,64.0
-252.74,1625449482.0,64.0
-199.86,1625449482.0,64.0
-146.87,1625449482.0,64.0
-93.23,1625449482.0,64.0
-37.4,1625449482.0,64.0
21.0,1625449482.0,64.0
79.81,1625449482.0,64.0
134.75,1625449482.0,64.0
180.78,1625449482.0,64.0
213.29,1625449482.0,64.0
230.16,1625449482.0,64.0
232.34,1625449482.0,64.0
223.87,1625449482.0,64.0
208.78,1625449482.0,64.0
190.12,1625449482.0,64.0
169.79,1625449482.0,64.0
149.41,1625449482.0,64.0
130.81,1625449482.0,64.0
114.63,1625449482.0,64.0
101.38,1625449482.0,64.0
91.45,1625449482.0,64.0
86.14,1625449482.0,64.0
84.49,1625449482.0,64.0
84.37,1625449482.0,64.0
83.5,1625449482.0,64.0
81.17,1625449482.0,64.0
78.0,1625449482.0,64.0
73.27,1625449482.0,64.0
66.97,1625449482.0,64.0
60.64,1625449482.0,64.0
59.13,1625449482.0,64.0
64.25,1625449482.0,64.0
74.9,1625449482.0,64.0
86.64,1625449482.0,64.0
94.36,1625449482.0,64.0
93.29,1625449482.0,64.0
77.69,1625449482.0,64.0
45.07,1625449482.0,64.0
-2.19,1625449482.0,64.0
-55.64,1625449482.0,64.0
-109.43,1625449482.0,64.0
-160.34,1625449482.0,64.0
-207.99,1625449482.0,64.0
-251.69,1625449482.0,64.0
-272.04,1625449482.0,64.0
-254.8,1625449482.0,64.0
-198.24,1625449482.0,64.0
-138.16,1625449482.0,64.0
-91.18,1625449482.0,64.0
-65.87,1625449482.0,64.0
-58.12,1625449482.0,64.0
-67.12,1625449482.0,64.0
-90.16,1625449482.0,64.0
-123.23,1625449482.0,64.0
-164.82,1625449482.0,64.0
-214.53,1625449482.0,64.0
-258.31,1625449482.0,64.0
-282.19,1625449482.0,64.0
-281.96,1625449482.0,64.0
-263.11,1625449482.0,64.0
-236.63,1625449482.0,64.0
-211.41,1625449482.0,64.0
-191.91,1625449482.0,64.0
-179.84,1625449482.0,64.0
-173.38,1625449482.0,64.0
-166.61,1625449482.0,64.0
-150.82,1625449482.0,64.0
-121.67,1625449482.0,64.0
-80.11,1625449482.0,64.0
-32.12,1625449482.0,64.0
14.73,1625449482.0,64.0
52.34,1625449482.0,64.0
78.56,1625449482.0,64.0
93.67,1625449482.0,64.0
100.55,1625449482.0,64.0
103.43,1625449482.0,64.0
104.15,1625449482.0,64.0
102.75,1625449482.0,64.0
99.03,1625449482.0,64.0
94.18,1625449482.0,64.0
90.52,1625449482.0,64.0
90.22,1625449482.0,64.0
94.09,1625449482.0,64.0
102.07,1625449482.0,64.0
113.45,1625449482.0,64.0
127.03,1625449482.0,64.0
138.67,1625449482.0,64.0
147.38,1625449482.0,64.0
154.6,1625449482.0,64.0
163.05,1625449482.0,64.0
175.43,1625449482.0,64.0
193.03,1625449482.0,64.0
215.75,1625449482.0,64.0
241.75,1625449482.0,64.0
267.69,1625449482.0,64.0
289.9,1625449482.0,64.0
306.16,1625449482.0,64.0
315.97,1625449482.0,64.0
320.42,1625449482.0,64.0
321.36,1625449482.0,64.0
319.71,1625449482.0,64.0
314.81,1625449482.0,64.0
303.93,1625449482.0,64.0
283.17,1625449482.0,64.0
249.17,1625449482.0,64.0
201.46,1625449482.0,64.0
143.31,1625449482.0,64.0
81.75,1625449482.0,64.0
26.14,1625449482.0,64.0
-14.82,1625449482.0,64.0
-35.9,1625449482.0,64.0
-37.56,1625449482.0,64.0
-26.19,1625449482.0,64.0
-12.07,1625449482.0,64.0
-5.75,1625449482.0,64.0
-15.06,1625449482.0,64.0
-43.0,1625449482.0,64.0
-87.62,1625449482.0,64.0
-143.09,1625449482.0,64.0
-200.98,1625449482.0,64.0
-251.49,1625449482.0,64.0
-284.99,1625449482.0,64.0
-294.19,1625449482.0,64.0
-276.77,1625449482.0,64.0
-237.33,1625449482.0,64.0
-186.85,1625449482.0,64.0
-138.9,1625449482.0,64.0
-104.09,1625449482.0,64.0
-85.66,1625449482.0,64.0
-78.65,1625449482.0,64.0
-73.4,1625449482.0,64.0
-61.33,1625449482.0,64.0
-39.16,1625449482.0,64.0
-9.66,1625449482.0,64.0
21.28,1625449482.0,64.0
48.51,1625449482.0,64.0
69.98,1625449482.0,64.0
86.16,1625449482.0,64.0
97.91,1625449482.0,64.0
104.78,1625449482.0,64.0
105.35,1625449482.0,64.0
99.27,1625449482.0,64.0
89.15,1625449482.0,64.0
80.62,1625449482.0,64.0
80.0,1625449482.0,64.0
91.28,1625449482.0,64.0
114.14,1625449482.0,64.0
144.28,1625449482.0,64.0
175.78,1625449482.0,64.0
203.64,1625449482.0,64.0
225.4,1625449482.0,64.0
240.95,1625449482.0,64.0
251.29,1625449482.0,64.0
257.06,1625449482.0,64.0
257.94,1625449482.0,64.0
252.84,1625449482.0,64.0
240.95,1625449482.0,64.0
222.63,1625449482.0,64.0
199.81,1625449482.0,64.0
175.49,1625449482.0,64.0
152.42,1625449482.0,64.0
131.82,1625449482.0,64.0
112.77,1625449482.0,64.0
92.4,1625449482.0,64.0
67.04,1625449482.0,64.0
33.61,1625449482.0,64.0
-9.39,1625449482.0,64.0
-61.88,1625449482.0,64.0
-122.48,1625449482.0,64.0
-188.69,1625449482.0,64.0
-256.63,1625449482.0,64.0
-320.83,1625449482.0,64.0
-374.48,1625449482.0,64.0
-411.1,1625449482.0,64.0
-426.86,1625449482.0,64.0
-422.45,1625449482.0,64.0
-403.33,1625449482.0,64.0
-377.44,1625449482.0,64.0
-351.73,1625449482.0,64.0
-329.0,1625449482.0,64.0
-306.82,1625449482.0,64.0
-279.44,1625449482.0,64.0
-241.66,1625449482.0,64.0
-192.63,1625449482.0,64.0
-137.51,1625449482.0,64.0
-86.12,1625449482.0,64.0
-49.46,1625449482.0,64.0
-35.61,1625449482.0,64.0
-47.01,1625449482.0,64.0
-79.71,1625449482.0,64.0
-124.67,1625449482.0,64.0
-170.44,1625449482.0,64.0
-206.33,1625449482.0,64.0
-224.7,1625449482.0,64.0
-222.15,1625449482.0,64.0
-199.32,1625449482.0,64.0
-159.53,1625449482.0,64.0
-106.92,1625449482.0,64.0
-45.11,1625449482.0,64.0
22.7,1625449482.0,64.0
92.82,1625449482.0,64.0
160.0,1625449482.0,64.0
217.7,1625449482.0,64.0
259.96,1625449482.0,64.0
283.99,1625449482.0,64.0
291.76,1625449482.0,64.0
289.07,1625449482.0,64.0
282.76,1625449482.0,64.0
277.35,1625449482.0,64.0
273.72,1625449482.0,64.0
270.2,1625449482.0,64.0
264.94,1625449482.0,64.0
257.66,1625449482.0,64.0
249.52,1625449482.0,64.0
241.3,1625449482.0,64.0
231.51,1625449482.0,64.0
216.27,1625449482.0,64.0
191.42,1625449482.0,64.0
154.85,1625449482.0,64.0
108.17,1625449482.0,64.0
56.03,1625449482.0,64.0
3.91,1625449482.0,64.0
-44.22,1625449482.0,64.0
-86.78,1625449482.0,64.0
-124.13,1625449482.0,64.0
-156.97,1625449482.0,64.0
-185.22,1625449482.0,64.0
-208.01,1625449482.0,64.0
-224.37,1625449482.0,64.0
-234.19,1625449482.0,64.0
-238.37,1625449482.0,64.0
-238.19,1625449482.0,64.0
-234.16,1625449482.0,64.0
-225.23,1625449482.0,64.0
-208.89,1625449482.0,64.0
-182.29,1625449482.0,64.0
-143.92,1625449482.0,64.0
-94.84,1625449482.0,64.0
-38.91,1625449482.0,64.0
18.47,1625449482.0,64.0
72.32,1625449482.0,64.0
119.77,1625449482.0,64.0
160.59,1625449482.0,64.0
196.31,1625449482.0,64.0
228.59,1625449482.0,64.0
257.91,1625449482.0,64.0
283.23,1625449482.0,64.0
302.6,1625449482.0,64.0
314.1,1625449482.0,64.0
316.67,1625449482.0,64.0
310.22,1625449482.0,64.0
294.92,1625449482.0,64.0
271.0,1625449482.0,64.0
238.41,1625449482.0,64.0
197.03,1625449482.0,64.0
147.07,1625449482.0,64.0
89.16,1625449482.0,64.0
24.74,1625449482.0,64.0
-43.52,1625449482.0,64.0
-111.22,1625449482.0,64.0
-172.4,1625449482.0,64.0
-220.45,1625449482.0,64.0
-250.14,1625449482.0,64.0
-259.63,1625449482.0,64.0
-251.7,1625449482.0,64.0
-233.43,1625449482.0,64.0
-214.06,1625449482.0,64.0
-202.25,1625449482.0,64.0
-203.62,1625449482.0,64.0
-219.67,1625449482.0,64.0
-247.97,1625449482.0,64.0
-283.45,1625449482.0,64.0
-320.03,1625449482.0,64.0
-352.07,1625449482.0,64.0
-375.43,1625449482.0,64.0
-387.82,1625449482.0,64.0
-388.59,1625449482.0,64.0
-378.14,1625449482.0,64.0
-357.32,1625449482.0,64.0
-327.07,1625449482.0,64.0
-288.56,1625449482.0,64.0
-243.86,1625449482.0,64.0
-195.68,1625449482.0,64.0
-147.25,1625449482.0,64.0
-101.21,1625449482.0,64.0
-59.1,1625449482.0,64.0
-21.35,1625449482.0,64.0
12.39,1625449482.0,64.0
42.76,1625449482.0,64.0
70.48,1625449482.0,64.0
96.47,1625449482.0,64.0
121.97,1625449482.0,64.0
148.09,1625449482.0,64.0
175.13,1625449482.0,64.0
201.91,1625449482.0,64.0
226.12,1625449482.0,64.0
245.27,1625449482.0,64.0
257.93,1625449482.0,64.0
264.44,1625449482.0,64.0
266.44,1625449482.0,64.0
265.53,1625449482.0,64.0
261.78,1625449482.0,64.0
253.3,1625449482.0,64.0
237.27,1625449482.0,64.0
211.75,1625449482.0,64.0
177.44,1625449482.0,64.0
138.1,1625449482.0,64.0
99.32,1625449482.0,64.0
66.45,1625449482.0,64.0
42.73,1625449482.0,64.0
28.25,1625449482.0,64.0
20.66,1625449482.0,64.0
16.64,1625449482.0,64.0
13.41,1625449482.0,64.0
9.63,1625449482.0,64.0
5.18,1625449482.0,64.0
0.49,1625449482.0,64.0
-4.12,1625449482.0,64.0
-8.58,1625449482.0,64.0
-12.84,1625449482.0,64.0
-16.42,1625449482.0,64.0
-18.4,1625449482.0,64.0
-17.63,1625449482.0,64.0
-13.26,1625449482.0,64.0
-5.02,1625449482.0,64.0
6.55,1625449482.0,64.0
19.98,1625449482.0,64.0
33.12,1625449482.0,64.0
43.57,1625449482.0,64.0
49.43,1625449482.0,64.0
50.16,1625449482.0,64.0
46.96,1625449482.0,64.0
42.31,1625449482.0,64.0
38.77,1625449482.0,64.0
37.71,1625449482.0,64.0
38.6,1625449482.0,64.0
39.48,1625449482.0,64.0
38.26,1625449482.0,64.0
34.1,1625449482.0,64.0
27.91,1625449482.0,64.0
21.83,1625449482.0,64.0
17.93,1625449482.0,64.0
17.08,1625449482.0,64.0
18.73,1625449482.0,64.0
21.51,1625449482.0,64.0
24.34,1625449482.0,64.0
27.07,1625449482.0,64.0
30.34,1625449482.0,64.0
34.93,1625449482.0,64.0
41.06,1625449482.0,64.0
48.04,1625449482.0,64.0
54.58,1625449482.0,64.0
59.29,1625449482.0,64.0
61.09,1625449482.0,64.0
59.52,1625449482.0,64.0
54.71,1625449482.0,64.0
47.18,1625449482.0,64.0
37.73,1625449482.0,64.0
27.24,1625449482.0,64.0
16.53,1625449482.0,64.0
6.16,1625449482.0,64.0
-3.66,1625449482.0,64.0
-13.09,1625449482.0,64.0
-22.43,1625449482.0,64.0
-31.96,1625449482.0,64.0
-41.82,1625449482.0,64.0
-51.9,1625449482.0,64.0
-61.82,1625449482.0,64.0
-70.94,1625449482.0,64.0
-78.23,1625449482.0,64.0
-82.34,1625449482.0,64.0
-81.91,1625449482.0,64.0
-76.0,1625449482.0,64.0
-64.49,1625449482.0,64.0
-48.31,1625449482.0,64.0
-29.21,1625449482.0,64.0
-9.18,1625449482.0,64.0
10.02,1625449482.0,64.0
27.23,1625449482.0,64.0
41.82,1625449482.0,64.0
53.52,1625449482.0,64.0
62.17,1625449482.0,64.0
67.71,1625449482.0,64.0
70.29,1625449482.0,64.0
70.49,1625449482.0,64.0
69.28,1625449482.0,64.0
67.87,1625449482.0,64.0
67.24,1625449482.0,64.0
67.83,1625449482.0,64.0
69.39,1625449482.0,64.0
71.15,1625449482.0,64.0
72.26,1625449482.0,64.0
72.22,1625449482.0,64.0
71.08,1625449482.0,64.0
69.26,1625449482.0,64.0
67.23,1625449482.0,64.0
65.15,1625449482.0,64.0
62.77,1625449482.0,64.0
59.53,1625449482.0,64.0
54.94,1625449482.0,64.0
48.78,1625449482.0,64.0
41.23,1625449482.0,64.0
32.78,1625449482.0,64.0
23.99,1625449482.0,64.0
15.36,1625449482.0,64.0
7.23,1625449482.0,64.0
-0.32,1625449482.0,64.0
-7.34,1625449482.0,64.0
-14.05,1625449482.0,64.0
-20.74,1625449482.0,64.0
-27.64,1625449482.0,64.0
-34.83,1625449482.0,64.0
-42.22,1625449482.0,64.0
-49.62,1625449482.0,64.0
-56.84,1625449482.0,64.0
-63.78,1625449482.0,64.0
-70.47,1625449482.0,64.0
-76.89,1625449482.0,64.0
-82.8,1625449482.0,64.0
-87.67,1625449482.0,64.0
-90.8,1625449482.0,64.0
-91.58,1625449482.0,64.0
-89.91,1625449482.0,64.0
-86.26,1625449482.0,64.0
-81.47,1625449482.0,64.0
-76.33,1625449482.0,64.0
-71.5,1625449482.0,64.0
-67.81,1625449482.0,64.0
-66.53,1625449482.0,64.0
-69.41,1625449482.0,64.0
-77.98,1625449482.0,64.0
-92.56,1625449482.0,64.0
-111.53,1625449482.0,64.0
-131.39,1625449482.0,64.0
-147.83,1625449482.0,64.0
-157.11,1625449482.0,64.0
-157.22,1625449482.0,64.0
-148.11,1625449482.0,64.0
-131.1,1625449482.0,64.0
-108.14,1625449482.0,64.0
-81.27,1625449482.0,64.0
-52.62,1625449482.0,64.0
-24.59,1625449482.0,64.0
0.25,1625449482.0,64.0
19.74,1625449482.0,64.0
32.76,1625449482.0,64.0
39.69,1625449482.0,64.0
42.15,1625449482.0,64.0
42.28,1625449482.0,64.0
41.94,1625449482.0,64.0
42.18,1625449482.0,64.0
42.99,1625449482.0,64.0
43.35,1625449482.0,64.0
41.81,1625449482.0,64.0
37.09,1625449482.0,64.0
28.67,1625449482.0,64.0
17.15,1625449482.0,64.0
4.18,1625449482.0,64.0
-7.98,1625449482.0,64.0
-17.31,1625449482.0,64.0
-22.44,1625449482.0,64.0
-22.94,1625449482.0,64.0
-18.96,1625449482.0,64.0
-10.94,1625449482.0,64.0
0.58,1625449482.0,64.0
14.74,1625449482.0,64.0
30.21,1625449482.0,64.0
45.37,1625449482.0,64.0
58.89,1625449482.0,64.0
70.47,1625449482.0,64.0
81.17,1625449482.0,64.0
92.91,1625449482.0,64.0
107.47,1625449482.0,64.0
125.3,1625449482.0,64.0
145.05,1625449482.0,64.0
163.99,1625449482.0,64.0
179.15,1625449482.0,64.0
188.49,1625449482.0,64.0
191.5,1625449482.0,64.0
189.02,1625449482.0,64.0
182.34,1625449482.0,64.0
172.37,1625449482.0,64.0
159.32,1625449482.0,64.0
142.88,1625449482.0,64.0
122.93,1625449482.0,64.0
100.09,1625449482.0,64.0
75.93,1625449482.0,64.0
52.68,1625449482.0,64.0
32.54,1625449482.0,64.0
17.01,1625449482.0,64.0
6.44,1625449482.0,64.0
0.1,1625449482.0,64.0
-3.5,1625449482.0,64.0
-5.99,1625449482.0,64.0
-8.76,1625449482.0,64.0
-12.6,1625449482.0,64.0
-17.66,1625449482.0,64.0
-23.48,1625449482.0,64.0
-29.26,1625449482.0,64.0
-34.15,1625449482.0,64.0
-37.63,1625449482.0,64.0
-39.7,1625449482.0,64.0
-40.79,1625449482.0,64.0
-41.39,1625449482.0,64.0
-41.74,1625449482.0,64.0
-41.7,1625449482.0,64.0
-40.93,1625449482.0,64.0
-39.23,1625449482.0,64.0
-36.68,1625449482.0,64.0
-33.56,1625449482.0,64.0
-30.04,1625449482.0,64.0
-25.96,1625449482.0,64.0
-20.98,1625449482.0,64.0
-14.89,1625449482.0,64.0
-8.04,1625449482.0,64.0
-1.4,1625449482.0,64.0
3.71,1625449482.0,64.0
6.34,1625449482.0,64.0
6.54,1625449482.0,64.0
5.83,1625449482.0,64.0
7.07,1625449482.0,64.0
13.93,1625449482.0,64.0
29.85,1625449482.0,64.0
57.0,1625449482.0,64.0
95.22,1625449482.0,64.0
141.62,1625449482.0,64.0
190.96,1625449482.0,64.0
236.86,1625449482.0,64.0
273.57,1625449482.0,64.0
297.53,1625449482.0,64.0
308.07,1625449482.0,64.0
307.0,1625449482.0,64.0
297.34,1625449482.0,64.0
281.9,1625449482.0,64.0
262.47,1625449482.0,64.0
239.79,1625449482.0,64.0
214.22,1625449482.0,64.0
186.51,1625449482.0,64.0
158.09,1625449482.0,64.0
130.93,1625449482.0,64.0
106.81,1625449482.0,64.0
86.84,1625449482.0,64.0
71.1,1625449482.0,64.0
58.92,1625449482.0,64.0
49.19,1625449482.0,64.0
40.89,1625449482.0,64.0
33.22,1625449482.0,64.0
25.62,1625449482.0,64.0
17.64,1625449482.0,64.0
8.83,1625449482.0,64.0
-1.24,1625449482.0,64.0
-12.93,1625449482.0,64.0
-26.24,1625449482.0,64.0
-40.65,1625449482.0,64.0
-55.16,1625449482.0,64.0
-68.47,1625449482.0,64.0
-79.4,1625449482.0,64.0
-87.3,1625449482.0,64.0
-92.29,1625449482.0,64.0
-95.06,1625449482.0,64.0
-96.54,1625449482.0,64.0
-97.42,1625449482.0,64.0
-97.91,1625449482.0,64.0
-97.81,1625449482.0,64.0
-96.81,1625449482.0,64.0
-94.78,1625449482.0,64.0
-91.89,1625449482.0,64.0
-88.56,1625449482.0,64.0
-85.25,1625449482.0,64.0
-82.25,1625449482.0,64.0
-79.69,1625449482.0,64.0
-77.49,1625449482.0,64.0
-75.41,1625449482.0,64.0
-73.02,1625449482.0,64.0
-69.68,1625449482.0,64.0
-64.59,1625449482.0,64.0
-57.0,1625449482.0,64.0
-46.51,1625449482.0,64.0
-33.36,1625449482.0,64.0
-18.36,1625449482.0,64.0
-2.69,1625449482.0,64.0
12.5,1625449482.0,64.0
26.45,1625449482.0,64.0
38.74,1625449482.0,64.0
49.14,1625449482.0,64.0
57.37,1625449482.0,64.0
63.05,1625449482.0,64.0
65.87,1625449482.0,64.0
65.85,1625449482.0,64.0
63.53,1625449482.0,64.0
59.78,1625449482.0,64.0
55.47,1625449482.0,64.0
50.96,1625449482.0,64.0
45.98,1625449482.0,64.0
39.68,1625449482.0,64.0
31.12,1625449482.0,64.0
19.75,1625449482.0,64.0
5.65,1625449482.0,64.0
-10.36,1625449482.0,64.0
-26.97,1625449482.0,64.0
-42.72,1625449482.0,64.0
-56.31,1625449482.0,64.0
-66.84,1625449482.0,64.0
-73.85,1625449482.0,64.0
-77.31,1625449482.0,64.0
-77.3,1625449482.0,64.0
-73.98,1625449482.0,64.0
-67.49,1625449482.0,64.0
-58.14,1625449482.0,64.0
-46.63,1625449482.0,64.0
-34.04,1625449482.0,64.0
-21.71,1625449482.0,64.0
-10.76,1625449482.0,64.0
-1.74,1625449482.0,64.0
5.55,1625449482.0,64.0
11.84,1625449482.0,64.0
18.07,1625449482.0,64.0
25.04,1625449482.0,64.0
33.4,1625449482.0,64.0
43.65,1625449482.0,64.0
56.26,1625449482.0,64.0
71.44,1625449482.0,64.0
88.8,1625449482.0,64.0
107.15,1625449482.0,64.0
124.52,1625449482.0,64.0
138.78,1625449482.0,64.0
148.19,1625449482.0,64.0
151.85,1625449482.0,64.0
149.61,1625449482.0,64.0
141.71,1625449482.0,64.0
128.52,1625449482.0,64.0
110.42,1625449482.0,64.0
88.11,1625449482.0,64.0
62.89,1625449482.0,64.0
36.54,1625449482.0,64.0
10.86,1625449482.0,64.0
-13.12,1625449482.0,64.0
-35.65,1625449482.0,64.0
-58.08,1625449482.0,64.0
-81.92,1625449482.0,64.0
-107.75,1625449482.0,64.0
-134.4,1625449482.0,64.0
-159.23,1625449482.0,64.0
-179.24,1625449482.0,64.0
-192.48,1625449482.0,64.0
-199.06,1625449482.0,64.0
-201.15,1625449482.0,64.0
-202.04,1625449482.0,64.0
-204.89,1625449482.0,64.0
-211.93,1625449482.0,64.0
-224.4,1625449482.0,64.0
-242.79,1625449482.0,64.0
-266.78,1625449482.0,64.0
-294.53,1625449482.0,64.0
-322.02,1625449482.0,64.0
-343.3,1625449482.0,64.0
-352.37,1625449482.0,64.0
-345.77,1625449482.0,64.0
-324.72,1625449482.0,64.0
-295.15,1625449482.0,64.0
-265.46,1625449482.0,64.0
-242.77,1625449482.0,64.0
-230.42,1625449482.0,64.0
-227.73,1625449482.0,64.0
-231.6,1625449482.0,64.0
-239.33,1625449482.0,64.0
-250.19,1625449482.0,64.0
-265.04,1625449482.0,64.0
-284.5,1625449482.0,64.0
-307.4,1625449482.0,64.0
-330.71,1625449482.0,64.0
-351.27,1625449482.0,64.0
-367.88,1625449482.0,64.0
-381.68,1625449482.0,64.0
-395.09,1625449482.0,64.0
-409.87,1625449482.0,64.0
-425.87,1625449482.0,64.0
-440.9,1625449482.0,64.0
-451.9,1625449482.0,64.0
-456.17,1625449482.0,64.0
-452.16,1625449482.0,64.0
-439.97,1625449482.0,64.0
-420.23,1625449482.0,64.0
-393.59,1625449482.0,64.0
-360.83,1625449482.0,64.0
-323.35,1625449482.0,64.0
-283.38,1625449482.0,64.0
-243.4,1625449482.0,64.0
-205.13,1625449482.0,64.0
-168.86,1625449482.0,64.0
-135.14,1625449482.0,64.0
-103.61,1625449482.0,64.0
-73.17,1625449482.0,64.0
-42.16,1625449482.0,64.0
-9.14,1625449482.0,64.0
26.42,1625449482.0,64.0
64.09,1625449482.0,64.0
103.0,1625449482.0,64.0
142.3,1625449482.0,64.0
178.16,1625449482.0,64.0
207.88,1625449482.0,64.0
231.44,1625449482.0,64.0
252.31,1625449482.0,64.0
275.65,1625449482.0,64.0
305.68,1625449482.0,64.0
343.51,1625449482.0,64.0
386.37,1625449482.0,64.0
428.03,1625449482.0,64.0
455.2,1625449482.0,64.0
456.3,1625449482.0,64.0
426.4,1625449482.0,64.0
369.37,1625449482.0,64.0
295.02,1625449482.0,64.0
214.04,1625449482.0,64.0
133.99,1625449482.0,64.0
58.52,1625449482.0,64.0
-11.72,1625449482.0,64.0
-84.18,1625449482.0,64.0
-164.61,1625449482.0,64.0
-253.3,1625449482.0,64.0
-344.24,1625449482.0,64.0
-429.05,1625449482.0,64.0
-501.66,1625449482.0,64.0
-560.7,1625449482.0,64.0
-607.71,1625449482.0,64.0
-602.13,1625449482.0,64.0
-519.15,1625449482.0,64.0
-359.81,1625449482.0,64.0
-155.05,1625449482.0,64.0
53.5,1625449482.0,64.0
235.79,1625449482.0,64.0
379.9,1625449482.0,64.0
485.53,1625449482.0,64.0
557.62,1625449482.0,64.0
602.35,1625449482.0,64.0
618.89,1625449482.0,64.0
607.58,1625449482.0,64.0
572.39,1625449482.0,64.0
522.92,1625449482.0,64.0
469.76,1625449482.0,64.0
420.59,1625449482.0,64.0
377.77,1625449482.0,64.0
340.3,1625449482.0,64.0
305.3,1625449482.0,64.0
263.99,1625449482.0,64.0
208.99,1625449482.0,64.0
137.43,1625449482.0,64.0
52.51,1625449482.0,64.0
-39.1,1625449482.0,64.0
-122.65,1625449482.0,64.0
-186.26,1625449482.0,64.0
-221.37,1625449482.0,64.0
-224.6,1625449482.0,64.0
-201.95,1625449482.0,64.0
-163.63,1625449482.0,64.0
-119.85,1625449482.0,64.0
-76.93,1625449482.0,64.0
-36.75,1625449482.0,64.0
1.9,1625449482.0,64.0
40.55,1625449482.0,64.0
80.03,1625449482.0,64.0
119.35,1625449482.0,64.0
154.5,1625449482.0,64.0
181.67,1625449482.0,64.0
199.24,1625449482.0,64.0
208.33,1625449482.0,64.0
211.38,1625449482.0,64.0
206.4,1625449482.0,64.0
190.36,1625449482.0,64.0
162.5,1625449482.0,64.0
125.48,1625449482.0,64.0
83.34,1625449482.0,64.0
40.15,1625449482.0,64.0
-0.85,1625449482.0,64.0
-37.05,1625449482.0,64.0
-66.75,1625449482.0,64.0
-88.96,1625449482.0,64.0
-103.87,1625449482.0,64.0
-112.57,1625449482.0,64.0
-116.91,1625449482.0,64.0
-119.03,1625449482.0,64.0
-120.29,1625449482.0,64.0
-121.23,1625449482.0,64.0
-121.76,1625449482.0,64.0
-121.72,1625449482.0,64.0
-120.71,1625449482.0,64.0
-118.57,1625449482.0,64.0
-115.41,1625449482.0,64.0
-111.56,1625449482.0,64.0
-107.31,1625449482.0,64.0
-102.52,1625449482.0,64.0
-96.42,1625449482.0,64.0
-87.63,1625449482.0,64.0
-77.86,1625449482.0,64.0
-68.0,1625449482.0,64.0
-58.77,1625449482.0,64.0
-50.72,1625449482.0,64.0
-44.04,1625449482.0,64.0
-38.53,1625449482.0,64.0
-33.5,1625449482.0,64.0
-28.09,1625449482.0,64.0
-21.73,1625449482.0,64.0
-14.56,1625449482.0,64.0
-6.97,1625449482.0,64.0
0.31,1625449482.0,64.0
6.82,1625449482.0,64.0
12.8,1625449482.0,64.0
19.39,1625449482.0,64.0
28.32,1625449482.0,64.0
41.18,1625449482.0,64.0
58.62,1625449482.0,64.0
79.72,1625449482.0,64.0
102.65,1625449482.0,64.0
124.85,1625449482.0,64.0
144.15,1625449482.0,64.0
159.58,1625449482.0,64.0
171.75,1625449482.0,64.0
182.78,1625449482.0,64.0
195.86,1625449482.0,64.0
214.54,1625449482.0,64.0
241.6,1625449482.0,64.0
277.89,1625449482.0,64.0
320.65,1625449482.0,64.0
363.21,1625449482.0,64.0
396.29,1625449482.0,64.0
410.87,1625449482.0,64.0
401.56,1625449482.0,64.0
368.56,1625449482.0,64.0
317.56,1625449482.0,64.0
257.01,1625449482.0,64.0
194.67,1625449482.0,64.0
134.82,1625449482.0,64.0
77.58,1625449482.0,64.0
20.17,1625449482.0,64.0
-41.06,1625449482.0,64.0
-108.69,1625449482.0,64.0
-183.02,1625449482.0,64.0
-261.56,1625449482.0,64.0
-339.19,1625449482.0,64.0
-408.78,1625449482.0,64.0
-462.77,1625449482.0,64.0
-495.16,1625449482.0,64.0
-503.39,1625449482.0,64.0
-489.21,1625449482.0,64.0
-457.63,1625449482.0,64.0
-415.16,1625449482.0,64.0
-367.74,1625449482.0,64.0
-319.52,1625449482.0,64.0
-272.91,1625449482.0,64.0
-229.07,1625449482.0,64.0
-188.41,1625449482.0,64.0
-150.63,1625449482.0,64.0
-114.63,1625449482.0,64.0
-78.77,1625449482.0,64.0
-41.57,1625449482.0,64.0
-2.64,1625449482.0,64.0
37.19,1625449482.0,64.0
76.46,1625449482.0,64.0
113.97,1625449482.0,64.0
148.97,1625449482.0,64.0
181.07,1625449482.0,64.0
209.54,1625449482.0,64.0
233.28,1625449482.0,64.0
251.28,1625449482.0,64.0
263.32,1625449482.0,64.0
269.8,1625449482.0,64.0
270.69,1625449482.0,64.0
264.37,1625449482.0,64.0
247.75,1625449482.0,64.0
218.43,1625449482.0,64.0
177.54,1625449482.0,64.0
131.55,1625449482.0,64.0
90.9,1625449482.0,64.0
65.89,1625449482.0,64.0
61.73,1625449482.0,64.0
75.81,1625449482.0,64.0
99.03,1625449482.0,64.0
120.33,1625449482.0,64.0
131.97,1625449482.0,64.0
132.3,1625449482.0,64.0
124.9,1625449482.0,64.0
115.14,1625449482.0,64.0
106.74,1625449482.0,64.0
100.21,1625449482.0,64.0
93.78,1625449482.0,64.0
85.8,1625449482.0,64.0
76.71,1625449482.0,64.0
69.52,1625449482.0,64.0
68.57,1625449482.0,64.0
77.56,1625449482.0,64.0
97.69,1625449482.0,64.0
127.0,1625449482.0,64.0
161.01,1625449482.0,64.0
194.24,1625449482.0,64.0
222.14,1625449482.0,64.0
242.3,1625449482.0,64.0
254.97,1625449482.0,64.0
262.23,1625449482.0,64.0
266.9,1625449482.0,64.0
271.05,1625449482.0,64.0
275.4,1625449482.0,64.0
279.41,1625449482.0,64.0
282.01,1625449482.0,64.0
282.5,1625449482.0,64.0
280.97,1625449482.0,64.0
278.01,1625449482.0,64.0
273.93,1625449482.0,64.0
268.0,1625449482.0,64.0
258.25,1625449482.0,64.0
242.05,1625449482.0,64.0
217.17,1625449482.0,64.0
182.73,1625449482.0,64.0
139.55,1625449482.0,64.0
89.82,1625449482.0,64.0
36.45,1625449482.0,64.0
-17.42,1625449482.0,64.0
-68.6,1625449482.0,64.0
-113.8,1625449482.0,64.0
-149.94,1625449482.0,64.0
-174.65,1625449482.0,64.0
-187.29,1625449482.0,64.0
-189.48,1625449482.0,64.0
-184.99,1625449482.0,64.0
-178.78,1625449482.0,64.0
-175.52,1625449482.0,64.0
-178.23,1625449482.0,64.0
-187.59,1625449482.0,64.0
-202.04,1625449482.0,64.0
-218.47,1625449482.0,64.0
-233.22,1625449482.0,64.0
-242.99,1625449482.0,64.0
-245.55,1625449482.0,64.0
-240.03,1625449482.0,64.0
-226.95,1625449482.0,64.0
-207.79,1625449482.0,64.0
-184.56,1625449482.0,64.0
-159.37,1625449482.0,64.0
-134.06,1625449482.0,64.0
-110.14,1625449482.0,64.0
-88.65,1625449482.0,64.0
-70.2,1625449482.0,64.0
-54.91,1625449482.0,64.0
-42.43,1625449482.0,64.0
-32.14,1625449482.0,64.0
-23.37,1625449482.0,64.0
-15.77,1625449482.0,64.0
-9.37,1625449482.0,64.0
-4.53,1625449482.0,64.0
-1.67,1625449482.0,64.0
-1.12,1625449482.0,64.0
-2.91,1625449482.0,64.0
-6.88,1625449482.0,64.0
-12.66,1625449482.0,64.0
-19.7,1625449482.0,64.0
-27.29,1625449482.0,64.0
-34.55,1625449482.0,64.0
-40.64,1625449482.0,64.0
-44.88,1625449482.0,64.0
-47.0,1625449482.0,64.0
-47.08,1625449482.0,64.0
-45.49,1625449482.0,64.0
-42.67,1625449482.0,64.0
-38.98,1625449482.0,64.0
-34.69,1625449482.0,64.0
-30.09,1625449482.0,64.0
-25.66,1625449482.0,64.0
-22.22,1625449482.0,64.0
-20.77,1625449482.0,64.0
-22.31,1625449482.0,64.0
-27.55,1625449482.0,64.0
-36.63,1625449482.0,64.0
-49.06,1625449482.0,64.0
-63.76,1625449482.0,64.0
-79.23,1625449482.0,64.0
-93.76,1625449482.0,64.0
-105.53,1625449482.0,64.0
-112.78,1625449482.0,64.0
-114.11,1625449482.0,64.0
-108.8,1625449482.0,64.0
-97.09,1625449482.0,64.0
-80.2,1625449482.0,64.0
-60.1,1625449482.0,64.0
-38.98,1625449482.0,64.0
-18.68,1625449482.0,64.0
-0.37,1625449482.0,64.0
15.47,1625449482.0,64.0
28.78,1625449482.0,64.0
39.66,1625449482.0,64.0
48.26,1625449482.0,64.0
54.81,1625449482.0,64.0
59.72,1625449482.0,64.0
63.54,1625449482.0,64.0
66.73,1625449482.0,64.0
69.34,1625449482.0,64.0
70.86,1625449482.0,64.0
70.47,1625449482.0,64.0
67.45,1625449482.0,64.0
61.75,1625449482.0,64.0
54.16,1625449482.0,64.0
46.13,1625449482.0,64.0
39.15,1625449482.0,64.0
34.14,1625449482.0,64.0
31.05,1625449482.0,64.0
28.96,1625449482.0,64.0
26.55,1625449482.0,64.0
22.66,1625449482.0,64.0
16.72,1625449482.0,64.0
8.78,1625449482.0,64.0
-0.46,1625449482.0,64.0
-9.94,1625449482.0,64.0
-18.34,1625449482.0,64.0
-24.3,1625449482.0,64.0
-26.85,1625449482.0,64.0
-25.74,1625449482.0,64.0
-21.86,1625449482.0,64.0
-17.12,1625449482.0,64.0
-14.09,1625449482.0,64.0
-15.14,1625449482.0,64.0
-21.69,1625449482.0,64.0
-33.74,1625449482.0,64.0
-49.89,1625449482.0,64.0
-67.83,1625449482.0,64.0
-84.93,1625449482.0,64.0
-98.81,1625449482.0,64.0
-107.6,1625449482.0,64.0
-110.06,1625449482.0,64.0
-105.63,1625449482.0,64.0
-94.47,1625449482.0,64.0
-77.5,1625449482.0,64.0
-56.36,1625449482.0,64.0
-33.2,1625449482.0,64.0
-10.37,1625449482.0,64.0
10.0,1625449482.0,64.0
26.33,1625449482.0,64.0
37.76,1625449482.0,64.0
44.19,1625449482.0,64.0
46.24,1625449482.0,64.0
45.07,1625449482.0,64.0
42.22,1625449482.0,64.0
39.43,1625449482.0,64.0
38.41,1625449482.0,64.0
40.46,1625449482.0,64.0
46.16,1625449482.0,64.0
55.25,1625449482.0,64.0
66.62,1625449482.0,64.0
78.58,1625449482.0,64.0
89.3,1625449482.0,64.0
97.2,1625449482.0,64.0
101.32,1625449482.0,64.0
101.38,1625449482.0,64.0
97.74,1625449482.0,64.0
91.15,1625449482.0,64.0
82.46,1625449482.0,64.0
72.33,1625449482.0,64.0
61.17,1625449482.0,64.0
49.11,1625449482.0,64.0
36.24,1625449482.0,64.0
22.75,1625449482.0,64.0
8.96,1625449482.0,64.0
-4.78,1625449482.0,64.0
-18.27,1625449482.0,64.0
-31.52,1625449482.0,64.0
-44.62,1625449482.0,64.0
-57.48,1625449482.0,64.0
-69.58,1625449482.0,64.0
-79.92,1625449482.0,64.0
-87.27,1625449482.0,64.0
-90.61,1625449482.0,64.0
-89.56,1625449482.0,64.0
-84.43,1625449482.0,64.0
-76.07,1625449482.0,64.0
-65.53,1625449482.0,64.0
-53.69,1625449482.0,64.0
-41.12,1625449482.0,64.0
-28.12,1625449482.0,64.0
-14.88,1625449482.0,64.0
-1.66,1625449482.0,64.0
11.13,1625449482.0,64.0
22.93,1625449482.0,64.0
33.26,1625449482.0,64.0
41.85,1625449482.0,64.0
48.7,1625449482.0,64.0
54.05,1625449482.0,64.0
58.15,1625449482.0,64.0
60.97,1625449482.0,64.0
62.17,1625449482.0,64.0
61.09,1625449482.0,64.0
57.03,1625449482.0,64.0
49.64,1625449482.0,64.0
39.17,1625449482.0,64.0
26.52,1625449482.0,64.0
13.08,1625449482.0,64.0
0.31,1625449482.0,64.0
-10.56,1625449482.0,64.0
-18.77,1625449482.0,64.0
-24.13,1625449482.0,64.0
-26.96,1625449482.0,64.0
-27.86,1625449482.0,64.0
-27.47,1625449482.0,64.0
-26.11,1625449482.0,64.0
-23.77,1625449482.0,64.0
-20.28,1625449482.0,64.0
-15.67,1625449482.0,64.0
-10.58,1625449482.0,64.0
-6.29,1625449482.0,64.0
-4.49,1625449482.0,64.0
-6.62,1625449482.0,64.0
-13.36,1625449482.0,64.0
-24.3,1625449482.0,64.0
-38.07,1625449482.0,64.0
-52.7,1625449482.0,64.0
-66.12,1625449482.0,64.0
-76.42,1625449482.0,64.0
-82.04,1625449482.0,64.0
-81.92,1625449482.0,64.0
-75.52,1625449482.0,64.0
-63.03,1625449482.0,64.0
-45.33,1625449482.0,64.0
-23.88,1625449482.0,64.0
-0.51,1625449482.0,64.0
22.81,1625449482.0,64.0
44.16,1625449482.0,64.0
61.74,1625449482.0,64.0
74.11,1625449482.0,64.0
80.44,1625449482.0,64.0
80.78,1625449482.0,64.0
76.19,1625449482.0,64.0
68.52,1625449482.0,64.0
60.0,1625449482.0,64.0
52.6,1625449482.0,64.0
47.56,1625449482.0,64.0
45.12,1625449482.0,64.0
44.62,1625449482.0,64.0
44.85,1625449482.0,64.0
44.46,1625449482.0,64.0
42.39,1625449482.0,64.0
38.11,1625449482.0,64.0
31.71,1625449482.0,64.0
23.82,1625449482.0,64.0
15.33,1625449482.0,64.0
7.26,1625449482.0,64.0
0.54,1625449482.0,64.0
-4.22,1625449482.0,64.0
-6.89,1625449482.0,64.0
-7.95,1625449482.0,64.0
-8.46,1625449482.0,64.0
-9.83,1625449482.0,64.0
-13.35,1625449482.0,64.0
-19.74,1625449482.0,64.0
-28.81,1625449482.0,64.0
-39.61,1625449482.0,64.0
-50.69,1625449482.0,64.0
-60.59,1625449482.0,64.0
-68.22,1625449482.0,64.0
-72.9,1625449482.0,64.0
-74.32,1625449482.0,64.0
-72.44,1625449482.0,64.0
-67.42,1625449482.0,64.0
-59.65,1625449482.0,64.0
-49.8,1625449482.0,64.0
-38.64,1625449482.0,64.0
-26.82,1625449482.0,64.0
-14.67,1625449482.0,64.0
-2.2,1625449482.0,64.0
10.67,1625449482.0,64.0
23.75,1625449482.0,64.0
36.4,1625449482.0,64.0
47.56,1625449482.0,64.0
56.14,1625449482.0,64.0
61.52,1625449482.0,64.0
63.77,1625449482.0,64.0
63.62,1625449482.0,64.0
62.14,1625449482.0,64.0
60.21,1625449482.0,64.0
58.24,1625449482.0,64.0
56.0,1625449482.0,64.0
52.91,1625449482.0,64.0
48.35,1625449482.0,64.0
42.13,1625449482.0,64.0
34.68,1625449482.0,64.0
26.94,1625449482.0,64.0
20.06,1625449482.0,64.0
14.92,1625449482.0,64.0
11.71,1625449482.0,64.0
9.81,1625449482.0,64.0
7.97,1625449482.0,64.0
4.87,1625449482.0,64.0
-0.34,1625449482.0,64.0
-7.61,1625449482.0,64.0
-16.06,1625449482.0,64.0
-24.34,1625449482.0,64.0
-31.28,1625449482.0,64.0
-36.29,1625449482.0,64.0
-39.65,1625449482.0,64.0
-42.23,1625449482.0,64.0
-45.15,1625449482.0,64.0
-49.3,1625449482.0,64.0
-55.02,1625449482.0,64.0
-61.9,1625449482.0,64.0
-68.88,1625449482.0,64.0
-74.45,1625449482.0,64.0
-76.94,1625449482.0,64.0
-74.98,1625449482.0,64.0
-67.83,1625449482.0,64.0
-55.71,1625449482.0,64.0
-39.73,1625449482.0,64.0
-21.68,1625449482.0,64.0
-3.44,1625449482.0,64.0
13.47,1625449482.0,64.0
28.07,1625449482.0,64.0
39.91,1625449482.0,64.0
48.73,1625449482.0,64.0
54.27,1625449482.0,64.0
56.34,1625449482.0,64.0
55.05,1625449482.0,64.0
51.03,1625449482.0,64.0
45.49,1625449482.0,64.0
39.88,1625449482.0,64.0
35.41,1625449482.0,64.0
32.65,1625449482.0,64.0
31.45,1625449482.0,64.0
31.16,1625449482.0,64.0
31.05,1625449482.0,64.0
30.63,1625449482.0,64.0
29.77,1625449482.0,64.0
28.52,1625449482.0,64.0
26.94,1625449482.0,64.0
24.86,1625449482.0,64.0
21.88,1625449482.0,64.0
17.53,1625449482.0,64.0
11.56,1625449482.0,64.0
4.1,1625449482.0,64.0
-4.24,1625449482.0,64.0
-12.54,1625449482.0,64.0
-19.93,1625449482.0,64.0
-25.84,1625449482.0,64.0
-30.3,1625449482.0,64.0
-33.82,1625449482.0,64.0
-37.2,1625449482.0,64.0
-41.16,1625449482.0,64.0
-46.07,1625449482.0,64.0
-51.82,1625449482.0,64.0
-57.91,1625449482.0,64.0
-63.62,1625449482.0,64.0
-68.16,1625449482.0,64.0
-70.88,1625449482.0,64.0
-71.24,1625449482.0,64.0
-68.91,1625449482.0,64.0
-63.8,1625449482.0,64.0
-56.09,1625449482.0,64.0
-46.33,1625449482.0,64.0
-35.34,1625449482.0,64.0
-24.05,1625449482.0,64.0
-13.23,1625449482.0,64.0
-3.31,1625449482.0,64.0
5.61,1625449482.0,64.0
13.7,1625449482.0,64.0
21.07,1625449482.0,64.0
27.63,1625449482.0,64.0
33.12,1625449482.0,64.0
37.28,1625449482.0,64.0
40.09,1625449482.0,64.0
41.83,1625449482.0,64.0
42.94,1625449482.0,64.0
43.78,1625449482.0,64.0
44.39,1625449482.0,64.0
44.56,1625449482.0,64.0
43.9,1625449482.0,64.0
42.2,1625449482.0,64.0
39.47,1625449482.0,64.0
35.95,1625449482.0,64.0
31.93,1625449482.0,64.0
27.58,1625449482.0,64.0
22.87,1625449482.0,64.0
17.62,1625449482.0,64.0
11.65,1625449482.0,64.0
4.99,1625449482.0,64.0
-2.09,1625449482.0,64.0
-9.16,1625449482.0,64.0
-15.71,1625449482.0,64.0
-21.34,1625449482.0,64.0
-25.86,1625449482.0,64.0
-29.32,1625449482.0,64.0
-31.96,1625449482.0,64.0
-34.13,1625449482.0,64.0
-36.13,1625449482.0,64.0
-38.24,1625449482.0,64.0
-40.7,1625449482.0,64.0
-43.7,1625449482.0,64.0
-47.24,1625449482.0,64.0
-51.06,1625449482.0,64.0
-54.5,1625449482.0,64.0
-56.64,1625449482.0,64.0
-56.5,1625449482.0,64.0
-53.41,1625449482.0,64.0
-47.28,1625449482.0,64.0
-38.58,1625449482.0,64.0
-28.18,1625449482.0,64.0
-17.03,1625449482.0,64.0
-5.91,1625449482.0,64.0
4.64,1625449482.0,64.0
14.23,1625449482.0,64.0
22.42,1625449482.0,64.0
28.73,1625449482.0,64.0
32.74,1625449482.0,64.0
34.32,1625449482.0,64.0
33.82,1625449482.0,64.0
32.02,1625449482.0,64.0
29.93,1625449482.0,64.0
28.4,1625449482.0,64.0
27.8,1625449482.0,64.0
27.98,1625449482.0,64.0
28.35,1625449482.0,64.0
28.25,1625449482.0,64.0
27.22,1625449482.0,64.0
25.17,1625449482.0,64.0
22.31,1625449482.0,64.0
18.93,1625449482.0,64.0
15.25,1625449482.0,64.0
11.38,1625449482.0,64.0
7.34,1625449482.0,64.0
3.24,1625449482.0,64.0
-0.7,1625449482.0,64.0
-4.14,1625449482.0,64.0
-6.83,1625449482.0,64.0
-8.72,1625449482.0,64.0
-10.06,1625449482.0,64.0
-11.32,1625449482.0,64.0
-13.0,1625449482.0,64.0
-15.51,1625449482.0,64.0
-18.99,1625449482.0,64.0
-23.4,1625449482.0,64.0
-28.54,1625449482.0,64.0
-34.22,1625449482.0,64.0
-40.24,1625449482.0,64.0
-46.34,1625449482.0,64.0
-52.03,1625449482.0,64.0
-56.53,1625449482.0,64.0
-58.87,1625449482.0,64.0
-58.16,1625449482.0,64.0
-53.89,1625449482.0,64.0
-46.21,1625449482.0,64.0
-35.86,1625449482.0,64.0
-23.99,1625449482.0,64.0
-11.74,1625449482.0,64.0
-0.02,1625449482.0,64.0
10.57,1625449482.0,64.0
19.62,1625449482.0,64.0
26.8,1625449482.0,64.0
31.78,1625449482.0,64.0
34.39,1625449482.0,64.0
34.79,1625449482.0,64.0
33.58,1625449482.0,64.0
31.71,1625449482.0,64.0
30.11,1625449482.0,64.0
29.4,1625449482.0,64.0
29.62,1625449482.0,64.0
30.31,1625449482.0,64.0
30.8,1625449482.0,64.0
30.55,1625449482.0,64.0
29.34,1625449482.0,64.0
27.35,1625449482.0,64.0
24.9,1625449482.0,64.0
22.26,1625449482.0,64.0
19.47,1625449482.0,64.0
16.41,1625449482.0,64.0
12.86,1625449482.0,64.0
8.7,1625449482.0,64.0
4.02,1625449482.0,64.0
-0.92,1625449482.0,64.0
-5.72,1625449482.0,64.0
-10.0,1625449482.0,64.0
-13.6,1625449482.0,64.0
-16.57,1625449482.0,64.0
-19.25,1625449482.0,64.0
-22.08,1625449482.0,64.0
-25.5,1625449482.0,64.0
-29.72,1625449482.0,64.0
-34.75,1625449482.0,64.0
-40.38,1625449482.0,64.0
-46.32,1625449482.0,64.0
-52.16,1625449482.0,64.0
-57.37,1625449482.0,64.0
-61.21,1625449482.0,64.0
-62.78,1625449482.0,64.0
-61.27,1625449482.0,64.0
-56.24,1625449482.0,64.0
-47.9,1625449482.0,64.0
-37.08,1625449482.0,64.0
-25.01,1625449482.0,64.0
-12.82,1625449482.0,64.0
-1.28,1625449482.0,64.0
9.27,1625449482.0,64.0
18.75,1625449482.0,64.0
27.04,1625449482.0,64.0
33.83,1625449482.0,64.0
38.72,1625449482.0,64.0
41.52,1625449482.0,64.0
42.44,1625449482.0,64.0
42.09,1625449482.0,64.0
41.27,1625449482.0,64.0
40.63,1625449482.0,64.0
40.43,1625449482.0,64.0
40.5,1625449482.0,64.0
40.43,1625449482.0,64.0
39.79,1625449482.0,64.0
38.34,1625449482.0,64.0
36.1,1625449482.0,64.0
33.23,1625449482.0,64.0
29.95,1625449482.0,64.0
26.42,1625449482.0,64.0
22.71,1625449482.0,64.0
18.86,1625449482.0,64.0
14.85,1625449482.0,64.0
10.7,1625449482.0,64.0
6.47,1625449482.0,64.0
2.26,1625449482.0,64.0
-1.8,1625449482.0,64.0
-5.61,1625449482.0,64.0
-9.17,1625449482.0,64.0
-12.59,1625449482.0,64.0
-16.09,1625449482.0,64.0
-19.87,1625449482.0,64.0
-24.04,1625449482.0,64.0
-28.57,1625449482.0,64.0
-33.35,1625449482.0,64.0
-38.26,1625449482.0,64.0
-43.15,1625449482.0,64.0
-47.83,1625449482.0,64.0
-51.92,1625449482.0,64.0
-54.77,1625449482.0,64.0
-55.57,1625449482.0,64.0
-53.61,1625449482.0,64.0
-48.57,1625449482.0,64.0
-40.69,1625449482.0,64.0
-30.74,1625449482.0,64.0
-19.71,1625449482.0,64.0
-8.47,1625449482.0,64.0
2.4,1625449482.0,64.0
12.58,1625449482.0,64.0
21.89,1625449482.0,64.0
30.04,1625449482.0,64.0
36.65,1625449482.0,64.0
41.31,1625449482.0,64.0
43.87,1625449482.0,64.0
44.59,1625449482.0,64.0
44.06,1625449482.0,64.0
43.09,1625449482.0,64.0
42.38,1625449482.0,64.0
42.28,1625449482.0,64.0
42.68,1625449482.0,64.0
43.11,1625449482.0,64.0
43.0,1625449482.0,64.0
41.88,1625449482.0,64.0
39.59,1625449482.0,64.0
36.3,1625449482.0,64.0
32.39,1625449482.0,64.0
28.24,1625449482.0,64.0
24.11,1625449482.0,64.0
20.08,1625449482.0,64.0
16.15,1625449482.0,64.0
12.28,1625449482.0,64.0
8.5,1625449482.0,64.0
4.93,1625449482.0,64.0
1.65,1625449482.0,64.0
-1.32,1625449482.0,64.0
-4.09,1625449482.0,64.0
-6.88,1625449482.0,64.0
-9.92,1625449482.0,64.0
-13.38,1625449482.0,64.0
-17.33,1625449482.0,64.0
-21.68,1625449482.0,64.0
-26.29,1625449482.0,64.0
-31.04,1625449482.0,64.0
-35.84,1625449482.0,64.0
-40.62,1625449482.0,64.0
-45.22,1625449482.0,64.0
-49.22,1625449482.0,64.0
-52.01,1625449482.0,64.0
-52.82,1625449482.0,64.0
-50.98,1625449482.0,64.0
-46.2,1625449482.0,64.0
-38.72,1625449482.0,64.0
-29.23,1625449482.0,64.0
-18.66,1625449482.0,64.0
-7.85,1625449482.0,64.0
2.63,1625449482.0,64.0
12.51,1625449482.0,64.0
21.64,1625449482.0,64.0
29.81,1625449482.0,64.0
36.65,1625449482.0,64.0
41.76,1625449482.0,64.0
44.87,1625449482.0,64.0
46.09,1625449482.0,64.0
45.83,1625449482.0,64.0
44.76,1625449482.0,64.0
43.5,1625449482.0,64.0
42.42,1625449482.0,64.0
41.58,1625449482.0,64.0
40.8,1625449482.0,64.0
39.8,1625449482.0,64.0
38.39,1625449482.0,64.0
36.55,1625449482.0,64.0
34.33,1625449482.0,64.0
31.82,1625449482.0,64.0
29.07,1625449482.0,64.0
26.11,1625449482.0,64.0
22.95,1625449482.0,64.0
19.61,1625449482.0,64.0
16.15,1625449482.0,64.0
12.62,1625449482.0,64.0
9.08,1625449482.0,64.0
5.54,1625449482.0,64.0
2.02,1625449482.0,64.0
-1.5,1625449482.0,64.0
-5.02,1625449482.0,64.0
-8.5,1625449482.0,64.0
-11.92,1625449482.0,64.0
-15.26,1625449482.0,64.0
-18.51,1625449482.0,64.0
-21.73,1625449482.0,64.0
-25.05,1625449482.0,64.0
-28.66,1625449482.0,64.0
-32.74,1625449482.0,64.0
-37.36,1625449482.0,64.0
-42.29,1625449482.0,64.0
-46.95,1625449482.0,64.0
-50.45,1625449482.0,64.0
-51.83,1625449482.0,64.0
-50.34,1625449482.0,64.0
-45.76,1625449482.0,64.0
-38.42,1625449482.0,64.0
-29.09,1625449482.0,64.0
-18.68,1625449482.0,64.0
-7.97,1625449482.0,64.0
2.53,1625449482.0,64.0
12.52,1625449482.0,64.0
21.7,1625449482.0,64.0
29.64,1625449482.0,64.0
35.8,1625449482.0,64.0
39.69,1625449482.0,64.0
41.12,1625449482.0,64.0
40.4,1625449482.0,64.0
38.25,1625449482.0,64.0
35.65,1625449482.0,64.0
33.46,1625449482.0,64.0
32.19,1625449482.0,64.0
31.92,1625449482.0,64.0
32.33,1625449482.0,64.0
32.85,1625449482.0,64.0
32.9,1625449482.0,64.0
31.97,1625449482.0,64.0
29.87,1625449482.0,64.0
26.76,1625449482.0,64.0
23.12,1625449482.0,64.0
19.6,1625449482.0,64.0
16.73,1625449482.0,64.0
14.66,1625449482.0,64.0
13.09,1625449482.0,64.0
11.45,1625449482.0,64.0
9.19,1625449482.0,64.0
6.07,1625449482.0,64.0
2.25,1625449482.0,64.0
-1.85,1625449482.0,64.0
-5.82,1625449482.0,64.0
-9.41,1625449482.0,64.0
-12.68,1625449482.0,64.0
-15.71,1625449482.0,64.0
-18.56,1625449482.0,64.0
-21.15,1625449482.0,64.0
-23.36,1625449482.0,64.0
-25.23,1625449482.0,64.0
-27.04,1625449482.0,64.0
-29.26,1625449482.0,64.0
-32.26,1625449482.0,64.0
-36.1,1625449482.0,64.0
-40.25,1625449482.0,64.0
-43.7,1625449482.0,64.0
-45.24,1625449482.0,64.0
-43.93,1625449482.0,64.0
-39.43,1625449482.0,64.0
-32.16,1625449482.0,64.0
-23.13,1625449482.0,64.0
-13.52,1625449482.0,64.0
-4.32,1625449482.0,64.0
3.91,1625449482.0,64.0
11.05,1625449482.0,64.0
17.15,1625449482.0,64.0
22.29,1625449482.0,64.0
26.41,1625449482.0,64.0
29.45,1625449482.0,64.0
31.42,1625449482.0,64.0
32.53,1625449482.0,64.0
33.1,1625449482.0,64.0
33.46,1625449482.0,64.0
33.8,1625449482.0,64.0
34.06,1625449482.0,64.0
34.04,1625449482.0,64.0
33.49,1625449482.0,64.0
32.25,1625449482.0,64.0
30.33,1625449482.0,64.0
27.9,1625449482.0,64.0
25.14,1625449482.0,64.0
22.27,1625449482.0,64.0
19.37,1625449482.0,64.0
16.45,1625449482.0,64.0
13.47,1625449482.0,64.0
10.38,1625449482.0,64.0
7.17,1625449482.0,64.0
3.92,1625449482.0,64.0
0.81,1625449482.0,64.0
-2.01,1625449482.0,64.0
-4.44,1625449482.0,64.0
-6.49,1625449482.0,64.0
-8.31,1625449482.0,64.0
-10.15,1625449482.0,64.0
-12.27,1625449482.0,64.0
-14.88,1625449482.0,64.0
-18.02,1625449482.0,64.0
-21.54,1625449482.0,64.0
-25.2,1625449482.0,64.0
-28.82,1625449482.0,64.0
-32.31,1625449482.0,64.0
-35.76,1625449482.0,64.0
-39.23,1625449482.0,64.0
-42.58,1625449482.0,64.0
-45.36,1625449482.0,64.0
-46.85,1625449482.0,64.0
-46.25,1625449482.0,64.0
-43.1,1625449482.0,64.0
-37.45,1625449482.0,64.0
-29.84,1625449482.0,64.0
-21.13,1625449482.0,64.0
-12.13,1625449482.0,64.0
-3.37,1625449482.0,64.0
4.84,1625449482.0,64.0
12.31,1625449482.0,64.0
18.76,1625449482.0,64.0
23.82,1625449482.0,64.0
27.14,1625449482.0,64.0
28.65,1625449482.0,64.0
28.63,1625449482.0,64.0
27.73,1625449482.0,64.0
26.69,1625449482.0,64.0
26.12,1625449482.0,64.0
26.26,1625449482.0,64.0
27.0,1625449482.0,64.0
27.96,1625449482.0,64.0
28.63,1625449482.0,64.0
28.58,1625449482.0,64.0
27.5,1625449482.0,64.0
25.33,1625449482.0,64.0
22.24,1625449482.0,64.0
18.57,1625449482.0,64.0
14.74,1625449482.0,64.0
11.1,1625449482.0,64.0
7.83,1625449482.0,64.0
4.93,1625449482.0,64.0
2.22,1625449482.0,64.0
-0.48,1625449482.0,64.0
-3.28,1625449482.0,64.0
-6.2,1625449482.0,64.0
-9.07,1625449482.0,64.0
-11.69,1625449482.0,64.0
-13.85,1625449482.0,64.0
-15.44,1625449482.0,64.0
-16.51,1625449482.0,64.0
-17.32,1625449482.0,64.0
-18.31,1625449482.0,64.0
-19.96,1625449482.0,64.0
-22.7,1625449482.0,64.0
-26.74,1625449482.0,64.0
-31.97,1625449482.0,64.0
-37.97,1625449482.0,64.0
-43.99,1625449482.0,64.0
-49.08,1625449482.0,64.0
-52.24,1625449482.0,64.0
-52.61,1625449482.0,64.0
-49.67,1625449482.0,64.0
-43.47,1625449482.0,64.0
-34.58,1625449482.0,64.0
-24.02,1625449482.0,64.0
-12.95,1625449482.0,64.0
-2.39,1625449482.0,64.0
6.97,1625449482.0,64.0
14.76,1625449482.0,64.0
20.89,1625449482.0,64.0
25.35,1625449482.0,64.0
28.22,1625449482.0,64.0
29.66,1625449482.0,64.0
29.96,1625449482.0,64.0
29.57,1625449482.0,64.0
28.97,1625449482.0,64.0
28.53,1625449482.0,64.0
28.36,1625449482.0,64.0
28.26,1625449482.0,64.0
27.89,1625449482.0,64.0
26.96,1625449482.0,64.0
25.39,1625449482.0,64.0
23.33,1625449482.0,64.0
21.03,1625449482.0,64.0
18.7,1625449482.0,64.0
16.4,1625449482.0,64.0
14.1,1625449482.0,64.0
11.73,1625449482.0,64.0
9.33,1625449482.0,64.0
7.01,1625449482.0,64.0
4.87,1625449482.0,64.0
2.9,1625449482.0,64.0
0.94,1625449482.0,64.0
-1.24,1625449482.0,64.0
-3.78,1625449482.0,64.0
-6.69,1625449482.0,64.0
-9.83,1625449482.0,64.0
-13.05,1625449482.0,64.0
-16.3,1625449482.0,64.0
-19.61,1625449482.0,64.0
-23.04,1625449482.0,64.0
-26.59,1625449482.0,64.0
-30.19,1625449482.0,64.0
-33.75,1625449482.0,64.0
-37.18,1625449482.0,64.0
-40.43,1625449482.0,64.0
-43.36,1625449482.0,64.0
-45.66,1625449482.0,64.0
-46.82,1625449482.0,64.0
-46.24,1625449482.0,64.0
-43.51,1625449482.0,64.0
-38.54,1625449482.0,64.0
-31.68,1625449482.0,64.0
-23.53,1625449482.0,64.0
-14.8,1625449482.0,64.0
-6.07,1625449482.0,64.0
2.22,1625449482.0,64.0
9.71,1625449482.0,64.0
16.05,1625449482.0,64.0
20.9,1625449482.0,64.0
24.04,1625449482.0,64.0
25.52,1625449482.0,64.0
25.73,1625449482.0,64.0
25.3,1625449482.0,64.0
24.86,1625449482.0,64.0
24.84,1625449482.0,64.0
25.29,1625449482.0,64.0
25.96,1625449482.0,64.0
26.42,1625449482.0,64.0
26.31,1625449482.0,64.0
25.47,1625449482.0,64.0
23.96,1625449482.0,64.0
22.0,1625449482.0,64.0
19.82,1625449482.0,64.0
17.6,1625449482.0,64.0
15.46,1625449482.0,64.0
13.46,1625449482.0,64.0
11.56,1625449482.0,64.0
9.67,1625449482.0,64.0
7.69,1625449482.0,64.0
5.49,1625449482.0,64.0
3.02,1625449482.0,64.0
0.29,1625449482.0,64.0
-2.58,1625449482.0,64.0
-5.52,1625449482.0,64.0
-8.44,1625449482.0,64.0
-11.37,1625449482.0,64.0
-14.34,1625449482.0,64.0
-17.34,1625449482.0,64.0
-20.38,1625449482.0,64.0
-23.43,1625449482.0,64.0
-26.52,1625449482.0,64.0
-29.72,1625449482.0,64.0
-32.99,1625449482.0,64.0
-36.1,1625449482.0,64.0
-38.51,1625449482.0,64.0
-39.5,1625449482.0,64.0
-38.38,1625449482.0,64.0
-34.84,1625449482.0,64.0
-29.07,1625449482.0,64.0
-21.77,1625449482.0,64.0
-13.86,1625449482.0,64.0
-6.12,1625449482.0,64.0
1.02,1625449482.0,64.0
7.39,1625449482.0,64.0
12.94,1625449482.0,64.0
17.49,1625449482.0,64.0
20.69,1625449482.0,64.0
22.26,1625449482.0,64.0
22.26,1625449482.0,64.0
21.28,1625449482.0,64.0
20.29,1625449482.0,64.0
20.24,1625449482.0,64.0
21.65,1625449482.0,64.0
24.28,1625449482.0,64.0
27.28,1625449482.0,64.0
29.61,1625449482.0,64.0
30.48,1625449482.0,64.0
29.62,1625449482.0,64.0
27.26,1625449482.0,64.0
23.87,1625449482.0,64.0
19.85,1625449482.0,64.0
15.41,1625449482.0,64.0
10.64,1625449482.0,64.0
5.64,1625449482.0,64.0
0.7,1625449482.0,64.0
-3.78,1625449482.0,64.0
-7.39,1625449482.0,64.0
-9.93,1625449482.0,64.0
-11.54,1625449482.0,64.0
-12.57,1625449482.0,64.0
-13.51,1625449482.0,64.0
-14.77,1625449482.0,64.0
-16.59,1625449482.0,64.0
-19.02,1625449482.0,64.0
-21.99,1625449482.0,64.0
-25.47,1625449482.0,64.0
-29.43,1625449482.0,64.0
-33.83,1625449482.0,64.0
-38.51,1625449482.0,64.0
-43.12,1625449482.0,64.0
-47.01,1625449482.0,64.0
-49.4,1625449482.0,64.0
-49.57,1625449482.0,64.0
-47.04,1625449482.0,64.0
-41.77,1625449482.0,64.0
-34.2,1625449482.0,64.0
-25.07,1625449482.0,64.0
-15.2,1625449482.0,64.0
-5.3,1625449482.0,64.0
4.13,1625449482.0,64.0
12.81,1625449482.0,64.0
20.48,1625449482.0,64.0
26.88,1625449482.0,64.0
31.7,1625449482.0,64.0
34.8,1625449482.0,64.0
36.28,1625449482.0,64.0
36.51,1625449482.0,64.0
36.07,1625449482.0,64.0
35.47,1625449482.0,64.0
35.02,1625449482.0,64.0
34.67,1625449482.0,64.0
34.13,1625449482.0,64.0
33.03,1625449482.0,64.0
31.15,1625449482.0,64.0
28.5,1625449482.0,64.0
25.37,1625449482.0,64.0
22.13,1625449482.0,64.0
19.07,1625449482.0,64.0
16.33,1625449482.0,64.0
13.79,1625449482.0,64.0
11.19,1625449482.0,64.0
8.3,1625449482.0,64.0
5.06,1625449482.0,64.0
1.57,1625449482.0,64.0
-1.93,1625449482.0,64.0
-5.23,1625449482.0,64.0
-8.3,1625449482.0,64.0
-11.3,1625449482.0,64.0
-14.51,1625449482.0,64.0
-18.09,1625449482.0,64.0
-22.06,1625449482.0,64.0
-26.25,1625449482.0,64.0
-30.45,1625449482.0,64.0
-34.53,1625449482.0,64.0
-38.47,1625449482.0,64.0
-42.27,1625449482.0,64.0
-45.74,1625449482.0,64.0
-48.38,1625449482.0,64.0
-49.46,1625449482.0,64.0
-48.28,1625449482.0,64.0
-44.39,1625449482.0,64.0
-37.88,1625449482.0,64.0
-29.32,1625449482.0,64.0
-19.55,1625449482.0,64.0
-9.39,1625449482.0,64.0
0.61,1625449482.0,64.0
10.1,1625449482.0,64.0
18.91,1625449482.0,64.0
26.74,1625449482.0,64.0
33.2,1625449482.0,64.0
37.84,1625449482.0,64.0
40.42,1625449482.0,64.0
41.06,1625449482.0,64.0
40.29,1625449482.0,64.0
38.82,1625449482.0,64.0
37.36,1625449482.0,64.0
36.31,1625449482.0,64.0
35.72,1625449482.0,64.0
35.35,1625449482.0,64.0
34.78,1625449482.0,64.0
33.66,1625449482.0,64.0
31.79,1625449482.0,64.0
29.16,1625449482.0,64.0
25.95,1625449482.0,64.0
22.43,1625449482.0,64.0
18.9,1625449482.0,64.0
15.55,1625449482.0,64.0
12.42,1625449482.0,64.0
9.41,1625449482.0,64.0
6.34,1625449482.0,64.0
3.09,1625449482.0,64.0
-0.36,1625449482.0,64.0
-3.91,1625449482.0,64.0
-7.48,1625449482.0,64.0
-11.01,1625449482.0,64.0
-14.52,1625449482.0,64.0
-18.06,1625449482.0,64.0
-21.63,1625449482.0,64.0
-25.12,1625449482.0,64.0
-28.41,1625449482.0,64.0
-31.46,1625449482.0,64.0
-34.36,1625449482.0,64.0
-37.36,1625449482.0,64.0
-40.62,1625449482.0,64.0
-44.0,1625449482.0,64.0
-46.96,1625449482.0,64.0
-48.62,1625449482.0,64.0
-48.06,1625449482.0,64.0
-44.65,1625449482.0,64.0
-38.32,1625449482.0,64.0
-29.57,1625449482.0,64.0
-19.27,1625449482.0,64.0
-8.42,1625449482.0,64.0
2.19,1625449482.0,64.0
12.01,1625449482.0,64.0
20.78,1625449482.0,64.0
28.33,1625449482.0,64.0
34.49,1625449482.0,64.0
39.07,1625449482.0,64.0
41.98,1625449482.0,64.0
43.27,1625449482.0,64.0
43.24,1625449482.0,64.0
42.36,1625449482.0,64.0
41.11,1625449482.0,64.0
39.82,1625449482.0,64.0
38.55,1625449482.0,64.0
37.14,1625449482.0,64.0
35.32,1625449482.0,64.0
32.94,1625449482.0,64.0
30.06,1625449482.0,64.0
26.91,1625449482.0,64.0
23.82,1625449482.0,64.0
20.99,1625449482.0,64.0
18.46,1625449482.0,64.0
16.09,1625449482.0,64.0
13.69,1625449482.0,64.0
11.12,1625449482.0,64.0
8.37,1625449482.0,64.0
5.49,1625449482.0,64.0
2.57,1625449482.0,64.0
-0.36,1625449482.0,64.0
-3.33,1625449482.0,64.0
-6.39,1625449482.0,64.0
-9.52,1625449482.0,64.0
-12.67,1625449482.0,64.0
-15.76,1625449482.0,64.0
-18.75,1625449482.0,64.0
-21.68,1625449482.0,64.0
-24.69,1625449482.0,64.0
-27.91,1625449482.0,64.0
-31.46,1625449482.0,64.0
-35.33,1625449482.0,64.0
-39.39,1625449482.0,64.0
-43.38,1625449482.0,64.0
-46.94,1625449482.0,64.0
-49.56,1625449482.0,64.0
-50.73,1625449482.0,64.0
-49.93,1625449482.0,64.0
-46.83,1625449482.0,64.0
-41.4,1625449482.0,64.0
-33.94,1625449482.0,64.0
-24.99,1625449482.0,64.0
-15.23,1625449482.0,64.0
-5.25,1625449482.0,64.0
4.49,1625449482.0,64.0
13.62,1625449482.0,64.0
21.81,1625449482.0,64.0
28.7,1625449482.0,64.0
33.93,1625449482.0,64.0
37.31,1625449482.0,64.0
38.93,1625449482.0,64.0
39.24,1625449482.0,64.0
38.89,1625449482.0,64.0
38.47,1625449482.0,64.0
38.3,1625449482.0,64.0
38.34,1625449482.0,64.0
38.27,1625449482.0,64.0
37.71,1625449482.0,64.0
36.45,1625449482.0,64.0
34.53,1625449482.0,64.0
32.21,1625449482.0,64.0
29.77,1625449482.0,64.0
27.37,1625449482.0,64.0
24.96,1625449482.0,64.0
22.37,1625449482.0,64.0
19.43,1625449482.0,64.0
16.14,1625449482.0,64.0
12.66,1625449482.0,64.0
9.27,1625449482.0,64.0
6.22,1625449482.0,64.0
3.58,1625449482.0,64.0
1.27,1625449482.0,64.0
-0.94,1625449482.0,64.0
-3.29,1625449482.0,64.0
-5.91,1625449482.0,64.0
-8.79,1625449482.0,64.0
-11.78,1625449482.0,64.0
-14.73,1625449482.0,64.0
-17.56,1625449482.0,64.0
-20.33,1625449482.0,64.0
-23.19,1625449482.0,64.0
-26.28,1625449482.0,64.0
-29.69,1625449482.0,64.0
-33.38,1625449482.0,64.0
-37.27,1625449482.0,64.0
-41.23,1625449482.0,64.0
-45.05,1625449482.0,64.0
-48.46,1625449482.0,64.0
-50.99,1625449482.0,64.0
-52.09,1625449482.0,64.0
-51.2,1625449482.0,64.0
-48.01,1625449482.0,64.0
-42.54,1625449482.0,64.0
-35.21,1625449482.0,64.0
-26.6,1625449482.0,64.0
-17.33,1625449482.0,64.0
-7.81,1625449482.0,64.0
1.67,1625449482.0,64.0
10.86,1625449482.0,64.0
19.38,1625449482.0,64.0
26.68,1625449482.0,64.0
32.17,1625449482.0,64.0
35.49,1625449482.0,64.0
36.68,1625449482.0,64.0
36.25,1625449482.0,64.0
35.04,1625449482.0,64.0
33.91,1625449482.0,64.0
33.48,1625449482.0,64.0
33.89,1625449482.0,64.0
34.83,1625449482.0,64.0
35.72,1625449482.0,64.0
35.94,1625449482.0,64.0
35.13,1625449482.0,64.0
33.26,1625449482.0,64.0
30.58,1625449482.0,64.0
27.45,1625449482.0,64.0
24.15,1625449482.0,64.0
20.82,1625449482.0,64.0
17.53,1625449482.0,64.0
14.34,1625449482.0,64.0
11.4,1625449482.0,64.0
8.89,1625449482.0,64.0
6.98,1625449482.0,64.0
5.6,1625449482.0,64.0
4.53,1625449482.0,64.0
3.35,1625449482.0,64.0
1.7,1625449482.0,64.0
-0.69,1625449482.0,64.0
-3.84,1625449482.0,64.0
-7.61,1625449482.0,64.0
-11.71,1625449482.0,64.0
-15.85,1625449482.0,64.0
-19.82,1625449482.0,64.0
-23.47,1625449482.0,64.0
-26.82,1625449482.0,64.0
-30.0,1625449482.0,64.0
-33.27,1625449482.0,64.0
-36.86,1625449482.0,64.0
-40.94,1625449482.0,64.0
-45.46,1625449482.0,64.0
-50.1,1625449482.0,64.0
-54.3,1625449482.0,64.0
-57.28,1625449482.0,64.0
-58.29,1625449482.0,64.0
-56.72,1625449482.0,64.0
-52.34,1625449482.0,64.0
-45.39,1625449482.0,64.0
-36.51,1625449482.0,64.0
-26.55,1625449482.0,64.0
-16.33,1625449482.0,64.0
-6.43,1625449482.0,64.0
2.78,1625449482.0,64.0
11.04,1625449482.0,64.0
18.09,1625449482.0,64.0
23.58,1625449482.0,64.0
27.23,1625449482.0,64.0
28.99,1625449482.0,64.0
29.2,1625449482.0,64.0
28.53,1625449482.0,64.0
27.79,1625449482.0,64.0
27.62,1625449482.0,64.0
28.25,1625449482.0,64.0
29.51,1625449482.0,64.0
30.93,1625449482.0,64.0
31.96,1625449482.0,64.0
32.23,1625449482.0,64.0
31.57,1625449482.0,64.0
30.05,1625449482.0,64.0
27.9,1625449482.0,64.0
25.36,1625449482.0,64.0
22.61,1625449482.0,64.0
19.75,1625449482.0,64.0
16.81,1625449482.0,64.0
13.79,1625449482.0,64.0
10.72,1625449482.0,64.0
7.66,1625449482.0,64.0
4.69,1625449482.0,64.0
1.82,1625449482.0,64.0
-0.98,1625449482.0,64.0
-3.8,1625449482.0,64.0
-6.74,1625449482.0,64.0
-9.85,1625449482.0,64.0
-13.06,1625449482.0,64.0
-16.24,1625449482.0,64.0
-19.21,1625449482.0,64.0
-21.92,1625449482.0,64.0
-24.36,1625449482.0,64.0
-26.67,1625449482.0,64.0
-29.02,1625449482.0,64.0
-31.5,1625449482.0,64.0
-34.1,1625449482.0,64.0
-36.54,1625449482.0,64.0
-38.38,1625449482.0,64.0
-39.05,1625449482.0,64.0
-38.01,1625449482.0,64.0
-34.94,1625449482.0,64.0
-29.83,1625449482.0,64.0
-23.01,1625449482.0,64.0
-15.05,1625449482.0,64.0
-6.62,1625449482.0,64.0
1.68,1625449482.0,64.0
9.35,1625449482.0,64.0
16.06,1625449482.0,64.0
21.55,1625449482.0,64.0
25.63,1625449482.0,64.0
28.18,1625449482.0,64.0
29.26,1625449482.0,64.0
29.15,1625449482.0,64.0
28.3,1625449482.0,64.0
27.25,1625449482.0,64.0
26.42,1625449482.0,64.0
25.98,1625449482.0,64.0
25.83,1625449482.0,64.0
25.69,1625449482.0,64.0
25.23,1625449482.0,64.0
24.16,1625449482.0,64.0
22.33,1625449482.0,64.0
19.77,1625449482.0,64.0
16.63,1625449482.0,64.0
13.19,1625449482.0,64.0
9.77,1625449482.0,64.0
6.65,1625449482.0,64.0
3.98,1625449482.0,64.0
1.72,1625449482.0,64.0
-0.36,1625449482.0,64.0
-2.49,1625449482.0,64.0
-4.85,1625449482.0,64.0
-7.44,1625449482.0,64.0
-10.13,1625449482.0,64.0
-12.75,1625449482.0,64.0
-15.19,1625449482.0,64.0
-17.49,1625449482.0,64.0
-19.83,1625449482.0,64.0
-22.45,1625449482.0,64.0
-25.56,1625449482.0,64.0
-29.27,1625449482.0,64.0
-33.54,1625449482.0,64.0
-38.16,1625449482.0,64.0
-42.75,1625449482.0,64.0
-46.83,1625449482.0,64.0
-49.82,1625449482.0,64.0
-51.2,1625449482.0,64.0
-50.59,1625449482.0,64.0
-47.79,1625449482.0,64.0
-42.85,1625449482.0,64.0
-36.03,1625449482.0,64.0
-27.74,1625449482.0,64.0
-18.48,1625449482.0,64.0
-8.73,1625449482.0,64.0
1.0,1625449482.0,64.0
10.29,1625449482.0,64.0
18.67,1625449482.0,64.0
25.74,1625449482.0,64.0
31.12,1625449482.0,64.0
34.59,1625449482.0,64.0
36.19,1625449482.0,64.0
36.22,1625449482.0,64.0
35.23,1625449482.0,64.0
33.87,1625449482.0,64.0
32.7,1625449482.0,64.0
31.99,1625449482.0,64.0
31.72,1625449482.0,64.0
31.61,1625449482.0,64.0
31.27,1625449482.0,64.0
30.41,1625449482.0,64.0
28.93,1625449482.0,64.0
26.88,1625449482.0,64.0
24.37,1625449482.0,64.0
21.5,1625449482.0,64.0
18.28,1625449482.0,64.0
14.72,1625449482.0,64.0
10.92,1625449482.0,64.0
7.07,1625449482.0,64.0
3.43,1625449482.0,64.0
0.15,1625449482.0,64.0
-2.76,1625449482.0,64.0
-5.48,1625449482.0,64.0
-8.25,1625449482.0,64.0
-11.24,1625449482.0,64.0
-14.51,1625449482.0,64.0
-17.95,1625449482.0,64.0
-21.44,1625449482.0,64.0
-24.86,1625449482.0,64.0
-28.24,1625449482.0,64.0
-31.67,1625449482.0,64.0
-35.27,1625449482.0,64.0
-39.15,1625449482.0,64.0
-43.31,1625449482.0,64.0
-47.58,1625449482.0,64.0
-51.57,1625449482.0,64.0
-54.68,1625449482.0,64.0
-56.2,1625449482.0,64.0
-55.52,1625449482.0,64.0
-52.28,1625449482.0,64.0
-46.58,1625449482.0,64.0
-38.86,1625449482.0,64.0
-29.79,1625449482.0,64.0
-20.05,1625449482.0,64.0
-10.12,1625449482.0,64.0
-0.33,1625449482.0,64.0
9.09,1625449482.0,64.0
17.86,1625449482.0,64.0
25.6,1625449482.0,64.0
31.89,1625449482.0,64.0
36.45,1625449482.0,64.0
39.29,1625449482.0,64.0
40.72,1625449482.0,64.0
41.23,1625449482.0,64.0
41.32,1625449482.0,64.0
41.29,1625449482.0,64.0
41.17,1625449482.0,64.0
40.8,1625449482.0,64.0
39.96,1625449482.0,64.0
38.49,1625449482.0,64.0
36.38,1625449482.0,64.0
33.74,1625449482.0,64.0
30.75,1625449482.0,64.0
27.61,1625449482.0,64.0
24.48,1625449482.0,64.0
21.38,1625449482.0,64.0
18.27,1625449482.0,64.0
15.1,1625449482.0,64.0
11.8,1625449482.0,64.0
8.44,1625449482.0,64.0
5.13,1625449482.0,64.0
1.98,1625449482.0,64.0
-0.93,1625449482.0,64.0
-3.65,1625449482.0,64.0
-6.33,1625449482.0,64.0
-9.12,1625449482.0,64.0
-12.1,1625449482.0,64.0
-15.27,1625449482.0,64.0
-18.54,1625449482.0,64.0
-21.87,1625449482.0,64.0
-25.27,1625449482.0,64.0
-28.85,1625449482.0,64.0
-32.73,1625449482.0,64.0
-36.99,1625449482.0,64.0
-41.56,1625449482.0,64.0
-46.12,1625449482.0,64.0
-50.1,1625449482.0,64.0
-52.79,1625449482.0,64.0
-53.46,1625449482.0,64.0
-51.63,1625449482.0,64.0
-47.16,1625449482.0,64.0
-40.34,1625449482.0,64.0
-31.73,1625449482.0,64.0
-21.95,1625449482.0,64.0
-11.57,1625449482.0,64.0
-1.02,1625449482.0,64.0
9.37,1625449482.0,64.0
19.16,1625449482.0,64.0
27.81,1625449482.0,64.0
34.72,1625449482.0,64.0
39.45,1625449482.0,64.0
41.92,1625449482.0,64.0
42.5,1625449482.0,64.0
41.9,1625449482.0,64.0
40.94,1625449482.0,64.0
40.19,1625449482.0,64.0
39.86,1625449482.0,64.0
39.74,1625449482.0,64.0
39.44,1625449482.0,64.0
38.59,1625449482.0,64.0
37.02,1625449482.0,64.0
34.81,1625449482.0,64.0
32.16,1625449482.0,64.0
29.28,1625449482.0,64.0
26.33,1625449482.0,64.0
23.35,1625449482.0,64.0
20.39,1625449482.0,64.0
17.51,1625449482.0,64.0
14.82,1625449482.0,64.0
12.41,1625449482.0,64.0
10.29,1625449482.0,64.0
8.31,1625449482.0,64.0
6.25,1625449482.0,64.0
3.84,1625449482.0,64.0
0.93,1625449482.0,64.0
-2.39,1625449482.0,64.0
-5.91,1625449482.0,64.0
-9.36,1625449482.0,64.0
-12.59,1625449482.0,64.0
-15.59,1625449482.0,64.0
-18.54,1625449482.0,64.0
-21.59,1625449482.0,64.0
-24.88,1625449482.0,64.0
-28.42,1625449482.0,64.0
-32.21,1625449482.0,64.0
-36.22,1625449482.0,64.0
-40.39,1625449482.0,64.0
-44.51,1625449482.0,64.0
-48.09,1625449482.0,64.0
-50.46,1625449482.0,64.0
-50.89,1625449482.0,64.0
-48.87,1625449482.0,64.0
-44.27,1625449482.0,64.0
-37.43,1625449482.0,64.0
-28.99,1625449482.0,64.0
-19.63,1625449482.0,64.0
-9.84,1625449482.0,64.0
0.05,1625449482.0,64.0
9.77,1625449482.0,64.0
18.99,1625449482.0,64.0
27.16,1625449482.0,64.0
33.67,1625449482.0,64.0
38.06,1625449482.0,64.0
40.3,1625449482.0,64.0
40.8,1625449482.0,64.0
40.27,1625449482.0,64.0
39.4,1625449482.0,64.0
38.61,1625449482.0,64.0
37.91,1625449482.0,64.0
37.04,1625449482.0,64.0
35.71,1625449482.0,64.0
33.83,1625449482.0,64.0
31.57,1625449482.0,64.0
29.22,1625449482.0,64.0
27.0,1625449482.0,64.0
24.95,1625449482.0,64.0
22.93,1625449482.0,64.0
20.72,1625449482.0,64.0
18.25,1625449482.0,64.0
15.58,1625449482.0,64.0
12.94,1625449482.0,64.0
10.59,1625449482.0,64.0
8.67,1625449482.0,64.0
7.12,1625449482.0,64.0
5.7,1625449482.0,64.0
4.11,1625449482.0,64.0
2.09,1625449482.0,64.0
-0.43,1625449482.0,64.0
-3.38,1625449482.0,64.0
-6.57,1625449482.0,64.0
-9.8,1625449482.0,64.0
-12.99,1625449482.0,64.0
-16.19,1625449482.0,64.0
-19.52,1625449482.0,64.0
-23.09,1625449482.0,64.0
-26.93,1625449482.0,64.0
-30.95,1625449482.0,64.0
-35.02,1625449482.0,64.0
-38.95,1625449482.0,64.0
-42.58,1625449482.0,64.0
-45.7,1625449482.0,64.0
-47.99,1625449482.0,64.0
-49.04,1625449482.0,64.0
-48.41,1625449482.0,64.0
-45.73,1625449482.0,64.0
-40.94,1625449482.0,64.0
-34.26,1625449482.0,64.0
-26.18,1625449482.0,64.0
-17.26,1625449482.0,64.0
-8.02,1625449482.0,64.0
1.18,1625449482.0,64.0
10.01,1625449482.0,64.0
18.1,1625449482.0,64.0
25.0,1625449482.0,64.0
30.27,1625449482.0,64.0
33.69,1625449482.0,64.0
35.42,1625449482.0,64.0
35.98,1625449482.0,64.0
36.01,1625449482.0,64.0
36.08,1625449482.0,64.0
36.37,1625449482.0,64.0
36.75,1625449482.0,64.0
36.83,1625449482.0,64.0
36.33,1625449482.0,64.0
35.13,1625449482.0,64.0
33.35,1625449482.0,64.0
31.2,1625449482.0,64.0
28.83,1625449482.0,64.0
26.29,1625449482.0,64.0
23.51,1625449482.0,64.0
20.44,1625449482.0,64.0
17.14,1625449482.0,64.0
13.77,1625449482.0,64.0
10.5,1625449482.0,64.0
7.47,1625449482.0,64.0
4.73,1625449482.0,64.0
2.24,1625449482.0,64.0
-0.06,1625449482.0,64.0
-2.27,1625449482.0,64.0
-4.47,1625449482.0,64.0
-6.74,1625449482.0,64.0
-9.14,1625449482.0,64.0
-11.72,1625449482.0,64.0
-14.45,1625449482.0,64.0
-17.21,1625449482.0,64.0
-19.9,1625449482.0,64.0
-22.45,1625449482.0,64.0
-24.88,1625449482.0,64.0
-27.33,1625449482.0,64.0
-29.94,1625449482.0,64.0
-32.85,1625449482.0,64.0
-36.06,1625449482.0,64.0
-39.4,1625449482.0,64.0
-42.47,1625449482.0,64.0
-44.72,1625449482.0,64.0
-45.49,1625449482.0,64.0
-44.25,1625449482.0,64.0
-40.74,1625449482.0,64.0
-35.15,1625449482.0,64.0
-28.02,1625449482.0,64.0
-20.05,1625449482.0,64.0
-11.86,1625449482.0,64.0
-3.84,1625449482.0,64.0
3.84,1625449482.0,64.0
11.03,1625449482.0,64.0
17.39,1625449482.0,64.0
22.46,1625449482.0,64.0
25.78,1625449482.0,64.0
27.18,1625449482.0,64.0
26.97,1625449482.0,64.0
25.83,1625449482.0,64.0
24.53,1625449482.0,64.0
23.65,1625449482.0,64.0
23.29,1625449482.0,64.0
23.2,1625449482.0,64.0
23.0,1625449482.0,64.0
22.44,1625449482.0,64.0
21.54,1625449482.0,64.0
20.46,1625449482.0,64.0
19.35,1625449482.0,64.0
18.21,1625449482.0,64.0
16.86,1625449482.0,64.0
15.12,1625449482.0,64.0
12.95,1625449482.0,64.0
10.55,1625449482.0,64.0
8.21,1625449482.0,64.0
6.2,1625449482.0,64.0
4.57,1625449482.0,64.0
3.12,1625449482.0,64.0
1.55,1625449482.0,64.0
-0.41,1625449482.0,64.0
-2.81,1625449482.0,64.0
-5.55,1625449482.0,64.0
-8.4,1625449482.0,64.0
-11.18,1625449482.0,64.0
-13.81,1625449482.0,64.0
-16.29,1625449482.0,64.0
-18.7,1625449482.0,64.0
-21.12,1625449482.0,64.0
-23.69,1625449482.0,64.0
-26.51,1625449482.0,64.0
-29.58,1625449482.0,64.0
-32.74,1625449482.0,64.0
-35.55,1625449482.0,64.0
-37.39,1625449482.0,64.0
-37.59,1625449482.0,64.0
-35.68,1625449482.0,64.0
-31.56,1625449482.0,64.0
-25.56,1625449482.0,64.0
-18.31,1625449482.0,64.0
-10.5,1625449482.0,64.0
-2.74,1625449482.0,64.0
4.6,1625449482.0,64.0
11.24,1625449482.0,64.0
16.99,1625449482.0,64.0
21.57,1625449482.0,64.0
24.77,1625449482.0,64.0
26.45,1625449482.0,64.0
26.76,1625449482.0,64.0
26.11,1625449482.0,64.0
25.11,1625449482.0,64.0
24.31,1625449482.0,64.0
24.03,1625449482.0,64.0
24.19,1625449482.0,64.0
24.44,1625449482.0,64.0
24.32,1625449482.0,64.0
23.5,1625449482.0,64.0
21.91,1625449482.0,64.0
19.68,1625449482.0,64.0
17.1,1625449482.0,64.0
14.39,1625449482.0,64.0
11.67,1625449482.0,64.0
8.95,1625449482.0,64.0
6.12,1625449482.0,64.0
3.13,1625449482.0,64.0
-0.04,1625449482.0,64.0
-3.34,1625449482.0,64.0
-6.62,1625449482.0,64.0
-9.71,1625449482.0,64.0
-12.45,1625449482.0,64.0
-14.8,1625449482.0,64.0
-16.83,1625449482.0,64.0
-18.77,1625449482.0,64.0
-20.91,1625449482.0,64.0
-23.51,1625449482.0,64.0
-26.67,1625449482.0,64.0
-30.4,1625449482.0,64.0
-34.55,1625449482.0,64.0
-38.91,1625449482.0,64.0
-43.22,1625449482.0,64.0
-47.07,1625449482.0,64.0
-50.0,1625449482.0,64.0
-51.44,1625449482.0,64.0
-50.94,1625449482.0,64.0
-48.24,1625449482.0,64.0
-43.43,1625449482.0,64.0
-36.88,1625449482.0,64.0
-29.14,1625449482.0,64.0
-20.77,1625449482.0,64.0
-12.15,1625449482.0,64.0
-3.54,1625449482.0,64.0
4.89,1625449482.0,64.0
12.89,1625449482.0,64.0
20.12,1625449482.0,64.0
26.11,1625449482.0,64.0
30.45,1625449482.0,64.0
32.97,1625449482.0,64.0
33.85,1625449482.0,64.0
33.63,1625449482.0,64.0
32.99,1625449482.0,64.0
32.5,1625449482.0,64.0
32.43,1625449482.0,64.0
32.68,1625449482.0,64.0
32.87,1625449482.0,64.0
32.56,1625449482.0,64.0
31.42,1625449482.0,64.0
29.38,1625449482.0,64.0
26.56,1625449482.0,64.0
23.23,1625449482.0,64.0
19.67,1625449482.0,64.0
16.09,1625449482.0,64.0
12.63,1625449482.0,64.0
9.36,1625449482.0,64.0
6.35,1625449482.0,64.0
3.62,1625449482.0,64.0
1.17,1625449482.0,64.0
-1.09,1625449482.0,64.0
-3.31,1625449482.0,64.0
-5.73,1625449482.0,64.0
-8.57,1625449482.0,64.0
-11.93,1625449482.0,64.0
-15.75,1625449482.0,64.0
-19.83,1625449482.0,64.0
-23.88,1625449482.0,64.0
-27.68,1625449482.0,64.0
-31.21,1625449482.0,64.0
-34.66,1625449482.0,64.0
-38.29,1625449482.0,64.0
-42.21,1625449482.0,64.0
-46.25,1625449482.0,64.0
-49.82,1625449482.0,64.0
-52.09,1625449482.0,64.0
-52.19,1625449482.0,64.0
-49.57,1625449482.0,64.0
-44.19,1625449482.0,64.0
-36.57,1625449482.0,64.0
-27.53,1625449482.0,64.0
-18.01,1625449482.0,64.0
-8.7,1625449482.0,64.0
0.03,1625449482.0,64.0
8.11,1625449482.0,64.0
15.5,1625449482.0,64.0
22.08,1625449482.0,64.0
27.57,1625449482.0,64.0
31.65,1625449482.0,64.0
34.22,1625449482.0,64.0
35.48,1625449482.0,64.0
35.92,1625449482.0,64.0
36.13,1625449482.0,64.0
36.46,1625449482.0,64.0
36.94,1625449482.0,64.0
37.3,1625449482.0,64.0
37.19,1625449482.0,64.0
36.38,1625449482.0,64.0
34.92,1625449482.0,64.0
33.03,1625449482.0,64.0
30.95,1625449482.0,64.0
28.79,1625449482.0,64.0
26.5,1625449482.0,64.0
23.94,1625449482.0,64.0
21.02,1625449482.0,64.0
17.77,1625449482.0,64.0
14.33,1625449482.0,64.0
10.88,1625449482.0,64.0
7.55,1625449482.0,64.0
4.39,1625449482.0,64.0
1.37,1625449482.0,64.0
-1.58,1625449482.0,64.0
-4.49,1625449482.0,64.0
-7.39,1625449482.0,64.0
-10.29,1625449482.0,64.0
-13.23,1625449482.0,64.0
-16.24,1625449482.0,64.0
-19.41,1625449482.0,64.0
-22.79,1625449482.0,64.0
-26.39,1625449482.0,64.0
-30.21,1625449482.0,64.0
-34.23,1625449482.0,64.0
-38.44,1625449482.0,64.0
-42.81,1625449482.0,64.0
-47.21,1625449482.0,64.0
-51.29,1625449482.0,64.0
-54.45,1625449482.0,64.0
-55.96,1625449482.0,64.0
-55.12,1625449482.0,64.0
-51.59,1625449482.0,64.0
-45.48,1625449482.0,64.0
-37.31,1625449482.0,64.0
-27.84,1625449482.0,64.0
-17.76,1625449482.0,64.0
-7.56,1625449482.0,64.0
2.47,1625449482.0,64.0
12.1,1625449482.0,64.0
21.01,1625449482.0,64.0
28.71,1625449482.0,64.0
34.71,1625449482.0,64.0
38.69,1625449482.0,64.0
40.74,1625449482.0,64.0
41.3,1625449482.0,64.0
41.04,1625449482.0,64.0
40.61,1625449482.0,64.0
40.34,1625449482.0,64.0
40.24,1625449482.0,64.0
40.02,1625449482.0,64.0
39.36,1625449482.0,64.0
38.08,1625449482.0,64.0
36.2,1625449482.0,64.0
33.96,1625449482.0,64.0
31.59,1625449482.0,64.0
29.25,1625449482.0,64.0
26.89,1625449482.0,64.0
24.36,1625449482.0,64.0
21.51,1625449482.0,64.0
18.33,1625449482.0,64.0
14.98,1625449482.0,64.0
11.73,1625449482.0,64.0
8.75,1625449482.0,64.0
6.04,1625449482.0,64.0
3.43,1625449482.0,64.0
0.66,1625449482.0,64.0
-2.43,1625449482.0,64.0
-5.82,1625449482.0,64.0
-9.29,1625449482.0,64.0
-12.58,1625449482.0,64.0
-15.53,1625449482.0,64.0
-18.17,1625449482.0,64.0
-20.69,1625449482.0,64.0
-23.36,1625449482.0,64.0
-26.41,1625449482.0,64.0
-29.95,1625449482.0,64.0
-34.01,1625449482.0,64.0
-38.47,1625449482.0,64.0
-43.15,1625449482.0,64.0
-47.69,1625449482.0,64.0
-51.56,1625449482.0,64.0
-54.11,1625449482.0,64.0
-54.73,1625449482.0,64.0
-52.99,1625449482.0,64.0
-48.81,1625449482.0,64.0
-42.44,1625449482.0,64.0
-34.35,1625449482.0,64.0
-25.09,1625449482.0,64.0
-15.11,1625449482.0,64.0
-4.8,1625449482.0,64.0
5.5,1625449482.0,64.0
15.34,1625449482.0,64.0
24.16,1625449482.0,64.0
31.37,1625449482.0,64.0
36.52,1625449482.0,64.0
39.48,1625449482.0,64.0
40.5,1625449482.0,64.0
40.14,1625449482.0,64.0
39.1,1625449482.0,64.0
37.97,1625449482.0,64.0
37.14,1625449482.0,64.0
36.75,1625449482.0,64.0
36.74,1625449482.0,64.0
36.85,1625449482.0,64.0
36.78,1625449482.0,64.0
36.22,1625449482.0,64.0
34.91,1625449482.0,64.0
32.75,1625449482.0,64.0
29.75,1625449482.0,64.0
26.09,1625449482.0,64.0
21.99,1625449482.0,64.0
17.69,1625449482.0,64.0
13.36,1625449482.0,64.0
9.14,1625449482.0,64.0
5.17,1625449482.0,64.0
1.56,1625449482.0,64.0
-1.57,1625449482.0,64.0
-4.19,1625449482.0,64.0
-6.41,1625449482.0,64.0
-8.43,1625449482.0,64.0
-10.43,1625449482.0,64.0
-12.54,1625449482.0,64.0
-14.77,1625449482.0,64.0
-17.04,1625449482.0,64.0
-19.32,1625449482.0,64.0
-21.6,1625449482.0,64.0
-23.96,1625449482.0,64.0
-26.49,1625449482.0,64.0
-29.28,1625449482.0,64.0
-32.4,1625449482.0,64.0
-35.84,1625449482.0,64.0
-39.48,1625449482.0,64.0
-42.97,1625449482.0,64.0
-45.74,1625449482.0,64.0
-47.09,1625449482.0,64.0
-46.38,1625449482.0,64.0
-43.19,1625449482.0,64.0
-37.57,1625449482.0,64.0
-29.99,1625449482.0,64.0
-21.17,1625449482.0,64.0
-11.87,1625449482.0,64.0
-2.7,1625449482.0,64.0
5.88,1625449482.0,64.0
13.53,1625449482.0,64.0
19.93,1625449482.0,64.0
24.8,1625449482.0,64.0
27.99,1625449482.0,64.0
29.62,1625449482.0,64.0
30.07,1625449482.0,64.0
29.92,1625449482.0,64.0
29.72,1625449482.0,64.0
29.82,1625449482.0,64.0
30.27,1625449482.0,64.0
30.83,1625449482.0,64.0
31.13,1625449482.0,64.0
30.82,1625449482.0,64.0
29.76,1625449482.0,64.0
28.01,1625449482.0,64.0
25.74,1625449482.0,64.0
23.14,1625449482.0,64.0
20.37,1625449482.0,64.0
17.49,1625449482.0,64.0
14.57,1625449482.0,64.0
11.68,1625449482.0,64.0
8.94,1625449482.0,64.0
6.49,1625449482.0,64.0
4.4,1625449482.0,64.0
2.62,1625449482.0,64.0
1.03,1625449482.0,64.0
-0.59,1625449482.0,64.0
-2.44,1625449482.0,64.0
-4.65,1625449482.0,64.0
-7.24,1625449482.0,64.0
-10.15,1625449482.0,64.0
-13.23,1625449482.0,64.0
-16.3,1625449482.0,64.0
-19.27,1625449482.0,64.0
-22.17,1625449482.0,64.0
-25.15,1625449482.0,64.0
-28.42,1625449482.0,64.0
-32.07,1625449482.0,64.0
-35.91,1625449482.0,64.0
-39.42,1625449482.0,64.0
-41.84,1625449482.0,64.0
-42.48,1625449482.0,64.0
-40.9,1625449482.0,64.0
-37.1,1625449482.0,64.0
-31.43,1625449482.0,64.0
-24.46,1625449482.0,64.0
-16.68,1625449482.0,64.0
-8.45,1625449482.0,64.0
-0.02,1625449482.0,64.0
8.31,1625449482.0,64.0
16.07,1625449482.0,64.0
22.64,1625449482.0,64.0
27.45,1625449482.0,64.0
30.24,1625449482.0,64.0
31.18,1625449482.0,64.0
30.87,1625449482.0,64.0
30.08,1625449482.0,64.0
29.45,1625449482.0,64.0
29.27,1625449482.0,64.0
29.44,1625449482.0,64.0
29.64,1625449482.0,64.0
29.5,1625449482.0,64.0
28.78,1625449482.0,64.0
27.43,1625449482.0,64.0
25.51,1625449482.0,64.0
23.13,1625449482.0,64.0
20.37,1625449482.0,64.0
17.33,1625449482.0,64.0
14.18,1625449482.0,64.0
11.15,1625449482.0,64.0
8.42,1625449482.0,64.0
6.07,1625449482.0,64.0
3.96,1625449482.0,64.0
1.77,1625449482.0,64.0
-0.84,1625449482.0,64.0
-4.1,1625449482.0,64.0
-7.98,1625449482.0,64.0
-12.22,1625449482.0,64.0
-16.44,1625449482.0,64.0
-20.29,1625449482.0,64.0
-23.6,1625449482.0,64.0
-26.34,1625449482.0,64.0
-28.68,1625449482.0,64.0
-30.84,1625449482.0,64.0
-33.1,1625449482.0,64.0
-35.73,1625449482.0,64.0
-38.86,1625449482.0,64.0
-42.43,1625449482.0,64.0
-46.08,1625449482.0,64.0
-49.18,1625449482.0,64.0
-50.96,1625449482.0,64.0
-50.72,1625449482.0,64.0
-48.15,1625449482.0,64.0
-43.39,1625449482.0,64.0
-36.97,1625449482.0,64.0
-29.56,1625449482.0,64.0
-21.72,1625449482.0,64.0
-13.69,1625449482.0,64.0
-5.5,1625449482.0,64.0
2.89,1625449482.0,64.0
11.32,1625449482.0,64.0
19.37,1625449482.0,64.0
26.42,1625449482.0,64.0
31.97,1625449482.0,64.0
35.83,1625449482.0,64.0
38.17,1625449482.0,64.0
39.44,1625449482.0,64.0
40.12,1625449482.0,64.0
40.57,1625449482.0,64.0
40.86,1625449482.0,64.0
40.86,1625449482.0,64.0
40.36,1625449482.0,64.0
39.15,1625449482.0,64.0
37.2,1625449482.0,64.0
34.61,1625449482.0,64.0
31.61,1625449482.0,64.0
28.42,1625449482.0,64.0
25.21,1625449482.0,64.0
22.0,1625449482.0,64.0
18.72,1625449482.0,64.0
15.3,1625449482.0,64.0
11.79,1625449482.0,64.0
8.37,1625449482.0,64.0
5.29,1625449482.0,64.0
2.71,1625449482.0,64.0
0.59,1625449482.0,64.0
-1.32,1625449482.0,64.0
-3.4,1625449482.0,64.0
-5.91,1625449482.0,64.0
-8.9,1625449482.0,64.0
-12.23,1625449482.0,64.0
-15.68,1625449482.0,64.0
-19.09,1625449482.0,64.0
-22.43,1625449482.0,64.0
-25.83,1625449482.0,64.0
-29.44,1625449482.0,64.0
-33.42,1625449482.0,64.0
-37.78,1625449482.0,64.0
-42.38,1625449482.0,64.0
-46.87,1625449482.0,64.0
-50.71,1625449482.0,64.0
-53.22,1625449482.0,64.0
-53.7,1625449482.0,64.0
-51.69,1625449482.0,64.0
-47.06,1625449482.0,64.0
-40.09,1625449482.0,64.0
-31.42,1625449482.0,64.0
-21.8,1625449482.0,64.0
-11.88,1625449482.0,64.0
-2.07,1625449482.0,64.0
7.41,1625449482.0,64.0
16.37,1625449482.0,64.0
24.48,1625449482.0,64.0
31.27,1625449482.0,64.0
36.21,1625449482.0,64.0
39.02,1625449482.0,64.0
39.85,1625449482.0,64.0
39.28,1625449482.0,64.0
38.16,1625449482.0,64.0
37.22,1625449482.0,64.0
36.81,1625449482.0,64.0
36.84,1625449482.0,64.0
36.87,1625449482.0,64.0
36.44,1625449482.0,64.0
35.28,1625449482.0,64.0
33.41,1625449482.0,64.0
31.09,1625449482.0,64.0
28.56,1625449482.0,64.0
25.96,1625449482.0,64.0
23.25,1625449482.0,64.0
20.29,1625449482.0,64.0
17.02,1625449482.0,64.0
13.49,1625449482.0,64.0
9.91,1625449482.0,64.0
6.53,1625449482.0,64.0
3.52,1625449482.0,64.0
0.88,1625449482.0,64.0
-1.57,1625449482.0,64.0
-4.07,1625449482.0,64.0
-6.8,1625449482.0,64.0
-9.8,1625449482.0,64.0
-12.97,1625449482.0,64.0
-16.16,1625449482.0,64.0
-19.27,1625449482.0,64.0
-22.3,1625449482.0,64.0
-25.32,1625449482.0,64.0
-28.44,1625449482.0,64.0
-31.76,1625449482.0,64.0
-35.35,1625449482.0,64.0
-39.2,1625449482.0,64.0
-43.22,1625449482.0,64.0
-47.14,1625449482.0,64.0
-50.51,1625449482.0,64.0
-52.76,1625449482.0,64.0
-53.28,1625449482.0,64.0
-51.65,1625449482.0,64.0
-47.7,1625449482.0,64.0
-41.64,1625449482.0,64.0
-33.9,1625449482.0,64.0
-25.03,1625449482.0,64.0
-15.52,1625449482.0,64.0
-5.79,1625449482.0,64.0
3.8,1625449482.0,64.0
12.92,1625449482.0,64.0
21.17,1625449482.0,64.0
28.12,1625449482.0,64.0
33.44,1625449482.0,64.0
36.98,1625449482.0,64.0
38.86,1625449482.0,64.0
39.45,1625449482.0,64.0
39.24,1625449482.0,64.0
38.71,1625449482.0,64.0
38.22,1625449482.0,64.0
37.91,1625449482.0,64.0
37.75,1625449482.0,64.0
37.55,1625449482.0,64.0
37.12,1625449482.0,64.0
36.29,1625449482.0,64.0
34.91,1625449482.0,64.0
32.95,1625449482.0,64.0
30.38,1625449482.0,64.0
27.27,1625449482.0,64.0
23.69,1625449482.0,64.0
19.81,1625449482.0,64.0
15.79,1625449482.0,64.0
11.79,1625449482.0,64.0
7.98,1625449482.0,64.0
4.51,1625449482.0,64.0
1.48,1625449482.0,64.0
-1.07,1625449482.0,64.0
-3.2,1625449482.0,64.0
-5.03,1625449482.0,64.0
-6.75,1625449482.0,64.0
-8.56,1625449482.0,64.0
-10.57,1625449482.0,64.0
-12.87,1625449482.0,64.0
-15.47,1625449482.0,64.0
-18.36,1625449482.0,64.0
-21.53,1625449482.0,64.0
-24.95,1625449482.0,64.0
-28.59,1625449482.0,64.0
-32.44,1625449482.0,64.0
-36.51,1625449482.0,64.0
-40.74,1625449482.0,64.0
-44.98,1625449482.0,64.0
-48.81,1625449482.0,64.0
-51.6,1625449482.0,64.0
-52.57,1625449482.0,64.0
-51.11,1625449482.0,64.0
-47.0,1625449482.0,64.0
-40.51,1625449482.0,64.0
-32.29,1625449482.0,64.0
-23.09,1625449482.0,64.0
-13.51,1625449482.0,64.0
-3.87,1625449482.0,64.0
5.64,1625449482.0,64.0
14.75,1625449482.0,64.0
22.93,1625449482.0,64.0
29.55,1625449482.0,64.0
34.09,1625449482.0,64.0
36.43,1625449482.0,64.0
37.01,1625449482.0,64.0
36.63,1625449482.0,64.0
36.11,1625449482.0,64.0
35.98,1625449482.0,64.0
36.26,1625449482.0,64.0
36.6,1625449482.0,64.0
36.52,1625449482.0,64.0
35.71,1625449482.0,64.0
34.14,1625449482.0,64.0
32.06,1625449482.0,64.0
29.76,1625449482.0,64.0
27.46,1625449482.0,64.0
25.18,1625449482.0,64.0
22.81,1625449482.0,64.0
20.18,1625449482.0,64.0
17.19,1625449482.0,64.0
13.9,1625449482.0,64.0
10.49,1625449482.0,64.0
7.19,1625449482.0,64.0
4.25,1625449482.0,64.0
1.76,1625449482.0,64.0
-0.3,1625449482.0,64.0
-2.17,1625449482.0,64.0
-4.14,1625449482.0,64.0
-6.51,1625449482.0,64.0
-9.35,1625449482.0,64.0
-12.58,1625449482.0,64.0
-15.92,1625449482.0,64.0
-19.1,1625449482.0,64.0
-21.98,1625449482.0,64.0
-24.6,1625449482.0,64.0
-27.18,1625449482.0,64.0
-29.93,1625449482.0,64.0
-32.98,1625449482.0,64.0
-36.3,1625449482.0,64.0
-39.69,1625449482.0,64.0
-42.87,1625449482.0,64.0
-45.48,1625449482.0,64.0
-47.14,1625449482.0,64.0
-47.43,1625449482.0,64.0
-45.93,1625449482.0,64.0
-42.39,1625449482.0,64.0
-36.78,1625449482.0,64.0
-29.41,1625449482.0,64.0
-20.82,1625449482.0,64.0
-11.65,1625449482.0,64.0
-2.5,1625449482.0,64.0
6.15,1625449482.0,64.0
13.91,1625449482.0,64.0
20.49,1625449482.0,64.0
25.64,1625449482.0,64.0
29.26,1625449482.0,64.0
31.43,1625449482.0,64.0
32.44,1625449482.0,64.0
32.72,1625449482.0,64.0
32.68,1625449482.0,64.0
32.61,1625449482.0,64.0
32.57,1625449482.0,64.0
32.51,1625449482.0,64.0
32.32,1625449482.0,64.0
31.87,1625449482.0,64.0
31.08,1625449482.0,64.0
29.84,1625449482.0,64.0
28.06,1625449482.0,64.0
25.71,1625449482.0,64.0
22.86,1625449482.0,64.0
19.69,1625449482.0,64.0
16.4,1625449482.0,64.0
13.19,1625449482.0,64.0
10.13,1625449482.0,64.0
7.21,1625449482.0,64.0
4.39,1625449482.0,64.0
1.69,1625449482.0,64.0
-0.8,1625449482.0,64.0
-2.99,1625449482.0,64.0
-4.83,1625449482.0,64.0
-6.42,1625449482.0,64.0
-8.0,1625449482.0,64.0
-9.81,1625449482.0,64.0
-12.04,1625449482.0,64.0
-14.71,1625449482.0,64.0
-17.69,1625449482.0,64.0
-20.81,1625449482.0,64.0
-23.99,1625449482.0,64.0
-27.27,1625449482.0,64.0
-30.8,1625449482.0,64.0
-34.59,1625449482.0,64.0
-38.36,1625449482.0,64.0
-41.5,1625449482.0,64.0
-43.15,1625449482.0,64.0
-42.52,1625449482.0,64.0
-39.2,1625449482.0,64.0
-33.29,1625449482.0,64.0
-25.37,1625449482.0,64.0
-16.26,1625449482.0,64.0
-6.81,1625449482.0,64.0
2.32,1625449482.0,64.0
10.64,1625449482.0,64.0
17.77,1625449482.0,64.0
23.41,1625449482.0,64.0
27.34,1625449482.0,64.0
29.57,1625449482.0,64.0
30.38,1625449482.0,64.0
30.33,1625449482.0,64.0
30.09,1625449482.0,64.0
30.18,1625449482.0,64.0
30.81,1625449482.0,64.0
31.82,1625449482.0,64.0
32.8,1625449482.0,64.0
33.29,1625449482.0,64.0
33.01,1625449482.0,64.0
31.93,1625449482.0,64.0
30.23,1625449482.0,64.0
28.23,1625449482.0,64.0
26.18,1625449482.0,64.0
24.24,1625449482.0,64.0
22.45,1625449482.0,64.0
20.75,1625449482.0,64.0
19.06,1625449482.0,64.0
17.3,1625449482.0,64.0
15.43,1625449482.0,64.0
13.47,1625449482.0,64.0
11.44,1625449482.0,64.0
9.39,1625449482.0,64.0
7.32,1625449482.0,64.0
5.22,1625449482.0,64.0
3.11,1625449482.0,64.0
0.98,1625449482.0,64.0
-1.14,1625449482.0,64.0
-3.23,1625449482.0,64.0
-5.31,1625449482.0,64.0
-7.47,1625449482.0,64.0
-9.82,1625449482.0,64.0
-12.45,1625449482.0,64.0
-15.38,1625449482.0,64.0
-18.48,1625449482.0,64.0
-21.57,1625449482.0,64.0
-24.45,1625449482.0,64.0
-27.02,1625449482.0,64.0
-29.32,1625449482.0,64.0
-31.52,1625449482.0,64.0
-33.87,1625449482.0,64.0
-36.6,1625449482.0,64.0
-39.86,1625449482.0,64.0
-43.66,1625449482.0,64.0
-47.82,1625449482.0,64.0
-52.01,1625449482.0,64.0
-55.71,1625449482.0,64.0
-58.26,1625449482.0,64.0
-59.01,1625449482.0,64.0
-57.49,1625449482.0,64.0
-53.57,1625449482.0,64.0
-47.49,1625449482.0,64.0
-39.77,1625449482.0,64.0
-31.03,1625449482.0,64.0
-21.76,1625449482.0,64.0
-12.28,1625449482.0,64.0
-2.79,1625449482.0,64.0
6.5,1625449482.0,64.0
15.21,1625449482.0,64.0
22.85,1625449482.0,64.0
28.91,1625449482.0,64.0
33.12,1625449482.0,64.0
35.56,1625449482.0,64.0
36.67,1625449482.0,64.0
37.02,1625449482.0,64.0
37.08,1625449482.0,64.0
37.06,1625449482.0,64.0
36.86,1625449482.0,64.0
36.23,1625449482.0,64.0
34.98,1625449482.0,64.0
33.1,1625449482.0,64.0
30.83,1625449482.0,64.0
28.49,1625449482.0,64.0
26.32,1625449482.0,64.0
24.39,1625449482.0,64.0
22.57,1625449482.0,64.0
20.61,1625449482.0,64.0
18.31,1625449482.0,64.0
15.63,1625449482.0,64.0
12.65,1625449482.0,64.0
9.53,1625449482.0,64.0
6.42,1625449482.0,64.0
3.35,1625449482.0,64.0
0.29,1625449482.0,64.0
-2.77,1625449482.0,64.0
-5.83,1625449482.0,64.0
-8.8,1625449482.0,64.0
-11.65,1625449482.0,64.0
-14.44,1625449482.0,64.0
-17.32,1625449482.0,64.0
-20.44,1625449482.0,64.0
-23.9,1625449482.0,64.0
-27.67,1625449482.0,64.0
-31.62,1625449482.0,64.0
-35.62,1625449482.0,64.0
-39.56,1625449482.0,64.0
-43.22,1625449482.0,64.0
-46.24,1625449482.0,64.0
-48.11,1625449482.0,64.0
-48.2,1625449482.0,64.0
-46.07,1625449482.0,64.0
-41.63,1625449482.0,64.0
-35.18,1625449482.0,64.0
-27.33,1625449482.0,64.0
-18.64,1625449482.0,64.0
-9.55,1625449482.0,64.0
-0.27,1625449482.0,64.0
9.03,1625449482.0,64.0
18.02,1625449482.0,64.0
26.15,1625449482.0,64.0
32.75,1625449482.0,64.0
37.33,1625449482.0,64.0
39.74,1625449482.0,64.0
40.33,1625449482.0,64.0
39.78,1625449482.0,64.0
38.87,1625449482.0,64.0
38.17,1625449482.0,64.0
37.9,1625449482.0,64.0
37.97,1625449482.0,64.0
38.06,1625449482.0,64.0
37.84,1625449482.0,64.0
37.09,1625449482.0,64.0
35.7,1625449482.0,64.0
33.69,1625449482.0,64.0
31.11,1625449482.0,64.0
28.01,1625449482.0,64.0
24.47,1625449482.0,64.0
20.62,1625449482.0,64.0
16.67,1625449482.0,64.0
12.9,1625449482.0,64.0
9.52,1625449482.0,64.0
6.64,1625449482.0,64.0
4.1,1625449482.0,64.0
1.59,1625449482.0,64.0
-1.22,1625449482.0,64.0
-4.5,1625449482.0,64.0
-8.12,1625449482.0,64.0
-11.72,1625449482.0,64.0
-14.91,1625449482.0,64.0
-17.45,1625449482.0,64.0
-19.43,1625449482.0,64.0
-21.2,1625449482.0,64.0
-23.2,1625449482.0,64.0
-25.75,1625449482.0,64.0
-28.99,1625449482.0,64.0
-32.85,1625449482.0,64.0
-37.13,1625449482.0,64.0
-41.59,1625449482.0,64.0
-45.84,1625449482.0,64.0
-49.34,1625449482.0,64.0
-51.39,1625449482.0,64.0
-51.27,1625449482.0,64.0
-48.49,1625449482.0,64.0
-42.99,1625449482.0,64.0
-35.15,1625449482.0,64.0
-25.67,1625449482.0,64.0
-15.34,1625449482.0,64.0
-4.8,1625449482.0,64.0
5.48,1625449482.0,64.0
15.12,1625449482.0,64.0
23.77,1625449482.0,64.0
31.0,1625449482.0,64.0
36.44,1625449482.0,64.0
39.92,1625449482.0,64.0
41.56,1625449482.0,64.0
41.76,1625449482.0,64.0
41.1,1625449482.0,64.0
40.06,1625449482.0,64.0
38.98,1625449482.0,64.0
37.94,1625449482.0,64.0
36.87,1625449482.0,64.0
35.64,1625449482.0,64.0
34.14,1625449482.0,64.0
32.37,1625449482.0,64.0
30.4,1625449482.0,64.0
28.34,1625449482.0,64.0
26.28,1625449482.0,64.0
24.16,1625449482.0,64.0
21.89,1625449482.0,64.0
19.34,1625449482.0,64.0
16.5,1625449482.0,64.0
13.51,1625449482.0,64.0
10.63,1625449482.0,64.0
8.1,1625449482.0,64.0
5.97,1625449482.0,64.0
4.04,1625449482.0,64.0
1.98,1625449482.0,64.0
-0.54,1625449482.0,64.0
-3.63,1625449482.0,64.0
-7.11,1625449482.0,64.0
-10.66,1625449482.0,64.0
-14.01,1625449482.0,64.0
-17.06,1625449482.0,64.0
-19.92,1625449482.0,64.0
-22.82,1625449482.0,64.0
-25.9,1625449482.0,64.0
-29.21,1625449482.0,64.0
-32.7,1625449482.0,64.0
-36.29,1625449482.0,64.0
-39.88,1625449482.0,64.0
-43.29,1625449482.0,64.0
-46.21,1625449482.0,64.0
-48.1,1625449482.0,64.0
-48.38,1625449482.0,64.0
-46.57,1625449482.0,64.0
-42.48,1625449482.0,64.0
-36.31,1625449482.0,64.0
-28.54,1625449482.0,64.0
-19.75,1625449482.0,64.0
-10.43,1625449482.0,64.0
-0.97,1625449482.0,64.0
8.3,1625449482.0,64.0
16.94,1625449482.0,64.0
24.42,1625449482.0,64.0
30.24,1625449482.0,64.0
34.08,1625449482.0,64.0
36.04,1625449482.0,64.0
36.61,1625449482.0,64.0
36.5,1625449482.0,64.0
36.35,1625449482.0,64.0
36.48,1625449482.0,64.0
36.78,1625449482.0,64.0
36.87,1625449482.0,64.0
36.34,1625449482.0,64.0
35.0,1625449482.0,64.0
32.95,1625449482.0,64.0
30.5,1625449482.0,64.0
27.95,1625449482.0,64.0
25.49,1625449482.0,64.0
23.11,1625449482.0,64.0
20.68,1625449482.0,64.0
18.07,1625449482.0,64.0
15.27,1625449482.0,64.0
12.36,1625449482.0,64.0
9.47,1625449482.0,64.0
6.74,1625449482.0,64.0
4.25,1625449482.0,64.0
2.0,1625449482.0,64.0
-0.07,1625449482.0,64.0
-2.04,1625449482.0,64.0
-3.96,1625449482.0,64.0
-5.9,1625449482.0,64.0
-7.91,1625449482.0,64.0
-10.04,1625449482.0,64.0
-12.38,1625449482.0,64.0
-15.02,1625449482.0,64.0
-18.01,1625449482.0,64.0
-21.35,1625449482.0,64.0
-24.97,1625449482.0,64.0
-28.77,1625449482.0,64.0
-32.67,1625449482.0,64.0
-36.65,1625449482.0,64.0
-40.67,1625449482.0,64.0
-44.59,1625449482.0,64.0
-48.03,1625449482.0,64.0
-50.33,1625449482.0,64.0
-50.73,1625449482.0,64.0
-48.64,1625449482.0,64.0
-43.83,1625449482.0,64.0
-36.64,1625449482.0,64.0
-27.8,1625449482.0,64.0
-18.23,1625449482.0,64.0
-8.73,1625449482.0,64.0
0.16,1625449482.0,64.0
8.14,1625449482.0,64.0
14.99,1625449482.0,64.0
20.51,1625449482.0,64.0
24.47,1625449482.0,64.0
26.76,1625449482.0,64.0
27.49,1625449482.0,64.0
27.12,1625449482.0,64.0
26.28,1625449482.0,64.0
25.63,1625449482.0,64.0
25.58,1625449482.0,64.0
26.19,1625449482.0,64.0
27.19,1625449482.0,64.0
28.12,1625449482.0,64.0
28.58,1625449482.0,64.0
28.36,1625449482.0,64.0
27.52,1625449482.0,64.0
26.24,1625449482.0,64.0
24.72,1625449482.0,64.0
23.05,1625449482.0,64.0
21.12,1625449482.0,64.0
18.76,1625449482.0,64.0
15.84,1625449482.0,64.0
12.4,1625449482.0,64.0
8.68,1625449482.0,64.0
5.04,1625449482.0,64.0
1.8,1625449482.0,64.0
-0.94,1625449482.0,64.0
-3.27,1625449482.0,64.0
-5.37,1625449482.0,64.0
-7.43,1625449482.0,64.0
-9.49,1625449482.0,64.0
-11.48,1625449482.0,64.0
-13.28,1625449482.0,64.0
-14.88,1625449482.0,64.0
-16.37,1625449482.0,64.0
-17.94,1625449482.0,64.0
-19.79,1625449482.0,64.0
-22.08,1625449482.0,64.0
-24.89,1625449482.0,64.0
-28.17,1625449482.0,64.0
-31.76,1625449482.0,64.0
-35.32,1625449482.0,64.0
-38.33,1625449482.0,64.0
-40.18,1625449482.0,64.0
-40.3,1625449482.0,64.0
-38.35,1625449482.0,64.0
-34.31,1625449482.0,64.0
-28.51,1625449482.0,64.0
-21.45,1625449482.0,64.0
-13.69,1625449482.0,64.0
-5.67,1625449482.0,64.0
2.23,1625449482.0,64.0
9.64,1625449482.0,64.0
16.14,1625449482.0,64.0
21.27,1625449482.0,64.0
24.71,1625449482.0,64.0
26.42,1625449482.0,64.0
26.72,1625449482.0,64.0
26.17,1625449482.0,64.0
25.44,1625449482.0,64.0
24.94,1625449482.0,64.0
24.8,1625449482.0,64.0
24.83,1625449482.0,64.0
24.76,1625449482.0,64.0
24.34,1625449482.0,64.0
23.52,1625449482.0,64.0
22.3,1625449482.0,64.0
20.7,1625449482.0,64.0
18.7,1625449482.0,64.0
16.27,1625449482.0,64.0
13.43,1625449482.0,64.0
10.32,1625449482.0,64.0
7.19,1625449482.0,64.0
4.29,1625449482.0,64.0
1.76,1625449482.0,64.0
-0.44,1625449482.0,64.0
-2.48,1625449482.0,64.0
-4.58,1625449482.0,64.0
-6.9,1625449482.0,64.0
-9.49,1625449482.0,64.0
-12.24,1625449482.0,64.0
-15.04,1625449482.0,64.0
-17.76,1625449482.0,64.0
-20.41,1625449482.0,64.0
-23.08,1625449482.0,64.0
-25.91,1625449482.0,64.0
-29.01,1625449482.0,64.0
-32.45,1625449482.0,64.0
-36.24,1625449482.0,64.0
-40.34,1625449482.0,64.0
-44.6,1625449482.0,64.0
-48.68,1625449482.0,64.0
-52.06,1625449482.0,64.0
-54.05,1625449482.0,64.0
-54.04,1625449482.0,64.0
-51.66,1625449482.0,64.0
-46.98,1625449482.0,64.0
-40.45,1625449482.0,64.0
-32.7,1625449482.0,64.0
-24.31,1625449482.0,64.0
-15.63,1625449482.0,64.0
-6.79,1625449482.0,64.0
2.15,1625449482.0,64.0
10.98,1625449482.0,64.0
19.26,1625449482.0,64.0
26.37,1625449482.0,64.0
31.74,1625449482.0,64.0
35.05,1625449482.0,64.0
36.4,1625449482.0,64.0
36.25,1625449482.0,64.0
35.22,1625449482.0,64.0
33.94,1625449482.0,64.0
32.83,1625449482.0,64.0
32.07,1625449482.0,64.0
31.61,1625449482.0,64.0
31.28,1625449482.0,64.0
30.85,1625449482.0,64.0
30.14,1625449482.0,64.0
29.03,1625449482.0,64.0
27.53,1625449482.0,64.0
25.7,1625449482.0,64.0
23.61,1625449482.0,64.0
21.33,1625449482.0,64.0
18.83,1625449482.0,64.0
16.06,1625449482.0,64.0
12.94,1625449482.0,64.0
9.44,1625449482.0,64.0
5.6,1625449482.0,64.0
1.5,1625449482.0,64.0
-2.74,1625449482.0,64.0
-7.02,1625449482.0,64.0
-11.23,1625449482.0,64.0
-15.24,1625449482.0,64.0
-18.91,1625449482.0,64.0
-22.09,1625449482.0,64.0
-24.73,1625449482.0,64.0
-26.88,1625449482.0,64.0
-28.76,1625449482.0,64.0
-30.68,1625449482.0,64.0
-33.0,1625449482.0,64.0
-35.93,1625449482.0,64.0
-39.49,1625449482.0,64.0
-43.34,1625449482.0,64.0
-46.86,1625449482.0,64.0
-49.27,1625449482.0,64.0
-49.86,1625449482.0,64.0
-48.21,1625449482.0,64.0
-44.3,1625449482.0,64.0
-38.45,1625449482.0,64.0
-31.22,1625449482.0,64.0
-23.1,1625449482.0,64.0
-14.46,1625449482.0,64.0
-5.5,1625449482.0,64.0
3.58,1625449482.0,64.0
12.44,1625449482.0,64.0
20.6,1625449482.0,64.0
27.48,1625449482.0,64.0
32.63,1625449482.0,64.0
35.96,1625449482.0,64.0
37.73,1625449482.0,64.0
38.48,1625449482.0,64.0
38.79,1625449482.0,64.0
39.05,1625449482.0,64.0
39.33,1625449482.0,64.0
39.41,1625449482.0,64.0
38.99,1625449482.0,64.0
37.82,1625449482.0,64.0
35.87,1625449482.0,64.0
33.33,1625449482.0,64.0
30.46,1625449482.0,64.0
27.54,1625449482.0,64.0
24.66,1625449482.0,64.0
21.81,1625449482.0,64.0
18.88,1625449482.0,64.0
15.82,1625449482.0,64.0
12.67,1625449482.0,64.0
9.59,1625449482.0,64.0
6.8,1625449482.0,64.0
4.4,1625449482.0,64.0
2.32,1625449482.0,64.0
0.35,1625449482.0,64.0
-1.79,1625449482.0,64.0
-4.34,1625449482.0,64.0
-7.33,1625449482.0,64.0
-10.65,1625449482.0,64.0
-14.05,1625449482.0,64.0
-17.31,1625449482.0,64.0
-20.37,1625449482.0,64.0
-23.34,1625449482.0,64.0
-26.42,1625449482.0,64.0
-29.83,1625449482.0,64.0
-33.68,1625449482.0,64.0
-37.86,1625449482.0,64.0
-42.09,1625449482.0,64.0
-45.96,1625449482.0,64.0
-48.99,1625449482.0,64.0
-50.73,1625449482.0,64.0
-50.77,1625449482.0,64.0
-48.85,1625449482.0,64.0
-44.86,1625449482.0,64.0
-38.95,1625449482.0,64.0
-31.44,1625449482.0,64.0
-22.82,1625449482.0,64.0
-13.6,1625449482.0,64.0
-4.25,1625449482.0,64.0
4.89,1625449482.0,64.0
13.55,1625449482.0,64.0
21.42,1625449482.0,64.0
28.17,1625449482.0,64.0
33.4,1625449482.0,64.0
36.93,1625449482.0,64.0
38.77,1625449482.0,64.0
39.3,1625449482.0,64.0
39.11,1625449482.0,64.0
38.76,1625449482.0,64.0
38.63,1625449482.0,64.0
38.72,1625449482.0,64.0
38.77,1625449482.0,64.0
38.39,1625449482.0,64.0
37.29,1625449482.0,64.0
35.39,1625449482.0,64.0
32.86,1625449482.0,64.0
30.01,1625449482.0,64.0
27.11,1625449482.0,64.0
24.32,1625449482.0,64.0
21.67,1625449482.0,64.0
19.12,1625449482.0,64.0
16.67,1625449482.0,64.0
14.35,1625449482.0,64.0
12.21,1625449482.0,64.0
10.23,1625449482.0,64.0
8.26,1625449482.0,64.0
6.02,1625449482.0,64.0
3.26,1625449482.0,64.0
-0.14,1625449482.0,64.0
-4.06,1625449482.0,64.0
-8.14,1625449482.0,64.0
-12.01,1625449482.0,64.0
-15.37,1625449482.0,64.0
-18.19,1625449482.0,64.0
-20.62,1625449482.0,64.0
-22.99,1625449482.0,64.0
-25.53,1625449482.0,64.0
-28.38,1625449482.0,64.0
-31.51,1625449482.0,64.0
-34.8,1625449482.0,64.0
-38.09,1625449482.0,64.0
-41.21,1625449482.0,64.0
-43.97,1625449482.0,64.0
-46.02,1625449482.0,64.0
-46.93,1625449482.0,64.0
-46.22,1625449482.0,64.0
-43.56,1625449482.0,64.0
-38.88,1625449482.0,64.0
-32.46,1625449482.0,64.0
-24.81,1625449482.0,64.0
-16.48,1625449482.0,64.0
-7.96,1625449482.0,64.0
0.45,1625449482.0,64.0
8.5,1625449482.0,64.0
15.93,1625449482.0,64.0
22.4,1625449482.0,64.0
27.55,1625449482.0,64.0
31.17,1625449482.0,64.0
33.33,1625449482.0,64.0
34.42,1625449482.0,64.0
34.95,1625449482.0,64.0
35.4,1625449482.0,64.0
35.91,1625449482.0,64.0
36.34,1625449482.0,64.0
36.34,1625449482.0,64.0
35.59,1625449482.0,64.0
34.04,1625449482.0,64.0
31.86,1625449482.0,64.0
29.39,1625449482.0,64.0
26.92,1625449482.0,64.0
24.54,1625449482.0,64.0
22.15,1625449482.0,64.0
19.57,1625449482.0,64.0
16.75,1625449482.0,64.0
13.78,1625449482.0,64.0
10.97,1625449482.0,64.0
8.61,1625449482.0,64.0
6.82,1625449482.0,64.0
5.47,1625449482.0,64.0
4.17,1625449482.0,64.0
2.47,1625449482.0,64.0
0.1,1625449482.0,64.0
-2.96,1625449482.0,64.0
-6.48,1625449482.0,64.0
-10.08,1625449482.0,64.0
-13.5,1625449482.0,64.0
-16.63,1625449482.0,64.0
-19.55,1625449482.0,64.0
-22.37,1625449482.0,64.0
-25.22,1625449482.0,64.0
-28.11,1625449482.0,64.0
-31.04,1625449482.0,64.0
-34.02,1625449482.0,64.0
-37.05,1625449482.0,64.0
-40.0,1625449482.0,64.0
-42.53,1625449482.0,64.0
-44.05,1625449482.0,64.0
-43.9,1625449482.0,64.0
-41.57,1625449482.0,64.0
-36.99,1625449482.0,64.0
-30.49,1625449482.0,64.0
-22.73,1625449482.0,64.0
-14.36,1625449482.0,64.0
-5.92,1625449482.0,64.0
2.25,1625449482.0,64.0
9.89,1625449482.0,64.0
16.69,1625449482.0,64.0
22.27,1625449482.0,64.0
26.32,1625449482.0,64.0
28.71,1625449482.0,64.0
29.64,1625449482.0,64.0
29.59,1625449482.0,64.0
29.15,1625449482.0,64.0
28.82,1625449482.0,64.0
28.8,1625449482.0,64.0
29.01,1625449482.0,64.0
29.17,1625449482.0,64.0
28.97,1625449482.0,64.0
28.25,1625449482.0,64.0
27.01,1625449482.0,64.0
25.37,1625449482.0,64.0
23.38,1625449482.0,64.0
21.09,1625449482.0,64.0
18.47,1625449482.0,64.0
15.51,1625449482.0,64.0
12.33,1625449482.0,64.0
9.14,1625449482.0,64.0
6.15,1625449482.0,64.0
3.49,1625449482.0,64.0
1.16,1625449482.0,64.0
-0.98,1625449482.0,64.0
-3.11,1625449482.0,64.0
-5.38,1625449482.0,64.0
-7.89,1625449482.0,64.0
-10.62,1625449482.0,64.0
-13.53,1625449482.0,64.0
-16.51,1625449482.0,64.0
-19.45,1625449482.0,64.0
-22.25,1625449482.0,64.0
-24.94,1625449482.0,64.0
-27.68,1625449482.0,64.0
-30.73,1625449482.0,64.0
-34.32,1625449482.0,64.0
-38.41,1625449482.0,64.0
-42.62,1625449482.0,64.0
-46.26,1625449482.0,64.0
-48.47,1625449482.0,64.0
-48.51,1625449482.0,64.0
-45.97,1625449482.0,64.0
-40.83,1625449482.0,64.0
-33.45,1625449482.0,64.0
-24.36,1625449482.0,64.0
-14.17,1625449482.0,64.0
-3.54,1625449482.0,64.0
6.83,1625449482.0,64.0
16.16,1625449482.0,64.0
23.72,1625449482.0,64.0
28.92,1625449482.0,64.0
31.6,1625449482.0,64.0
32.05,1625449482.0,64.0
30.9,1625449482.0,64.0
28.97,1625449482.0,64.0
26.96,1625449482.0,64.0
25.35,1625449482.0,64.0
24.35,1625449482.0,64.0
23.93,1625449482.0,64.0
23.9,1625449482.0,64.0
23.91,1625449482.0,64.0
23.5,1625449482.0,64.0
22.21,1625449482.0,64.0
19.71,1625449482.0,64.0
16.03,1625449482.0,64.0
11.55,1625449482.0,64.0
6.92,1625449482.0,64.0
2.86,1625449482.0,64.0
-0.09,1625449482.0,64.0
-1.75,1625449482.0,64.0
-2.2,1625449482.0,64.0
-1.78,1625449482.0,64.0
-0.9,1625449482.0,64.0
0.07,1625449482.0,64.0
0.85,1625449482.0,64.0
1.21,1625449482.0,64.0
1.02,1625449482.0,64.0
0.16,1625449482.0,64.0
-1.45,1625449482.0,64.0
-3.83,1625449482.0,64.0
-6.94,1625449482.0,64.0
-10.63,1625449482.0,64.0
-14.72,1625449482.0,64.0
-18.99,1625449482.0,64.0
-23.32,1625449482.0,64.0
-27.59,1625449482.0,64.0
-31.72,1625449482.0,64.0
-35.5,1625449482.0,64.0
-38.58,1625449482.0,64.0
-40.46,1625449482.0,64.0
-40.66,1625449482.0,64.0
-38.85,1625449482.0,64.0
-35.0,1625449482.0,64.0
-29.34,1625449482.0,64.0
-22.22,1625449482.0,64.0
-14.02,1625449482.0,64.0
-5.03,1625449482.0,64.0
4.46,1625449482.0,64.0
14.05,1625449482.0,64.0
23.13,1625449482.0,64.0
30.99,1625449482.0,64.0
36.95,1625449482.0,64.0
40.63,1625449482.0,64.0
42.11,1625449482.0,64.0
41.83,1625449482.0,64.0
40.51,1625449482.0,64.0
38.85,1625449482.0,64.0
37.36,1625449482.0,64.0
36.27,1625449482.0,64.0
35.54,1625449482.0,64.0
34.93,1625449482.0,64.0
34.15,1625449482.0,64.0
32.89,1625449482.0,64.0
30.96,1625449482.0,64.0
28.28,1625449482.0,64.0
24.95,1625449482.0,64.0
21.14,1625449482.0,64.0
17.13,1625449482.0,64.0
13.18,1625449482.0,64.0
9.51,1625449482.0,64.0
6.24,1625449482.0,64.0
3.38,1625449482.0,64.0
0.82,1625449482.0,64.0
-1.57,1625449482.0,64.0
-4.0,1625449482.0,64.0
-6.58,1625449482.0,64.0
-9.38,1625449482.0,64.0
-12.4,1625449482.0,64.0
-15.56,1625449482.0,64.0
-18.81,1625449482.0,64.0
-22.11,1625449482.0,64.0
-25.43,1625449482.0,64.0
-28.77,1625449482.0,64.0
-32.17,1625449482.0,64.0
-35.69,1625449482.0,64.0
-39.4,1625449482.0,64.0
-43.28,1625449482.0,64.0
-47.09,1625449482.0,64.0
-50.32,1625449482.0,64.0
-52.27,1625449482.0,64.0
-52.22,1625449482.0,64.0
-49.75,1625449482.0,64.0
-44.92,1625449482.0,64.0
-38.19,1625449482.0,64.0
-30.2,1625449482.0,64.0
-21.51,1625449482.0,64.0
-12.42,1625449482.0,64.0
-3.05,1625449482.0,64.0
6.48,1625449482.0,64.0
15.75,1625449482.0,64.0
24.09,1625449482.0,64.0
30.75,1625449482.0,64.0
35.24,1625449482.0,64.0
37.61,1625449482.0,64.0
38.41,1625449482.0,64.0
38.48,1625449482.0,64.0
38.56,1625449482.0,64.0
39.0,1625449482.0,64.0
39.69,1625449482.0,64.0
40.22,1625449482.0,64.0
40.14,1625449482.0,64.0
39.21,1625449482.0,64.0
37.46,1625449482.0,64.0
35.14,1625449482.0,64.0
32.53,1625449482.0,64.0
29.79,1625449482.0,64.0
26.94,1625449482.0,64.0
23.85,1625449482.0,64.0
20.42,1625449482.0,64.0
16.68,1625449482.0,64.0
12.81,1625449482.0,64.0
9.07,1625449482.0,64.0
5.72,1625449482.0,64.0
2.87,1625449482.0,64.0
0.38,1625449482.0,64.0
-2.08,1625449482.0,64.0
-4.85,1625449482.0,64.0
-8.15,1625449482.0,64.0
-11.88,1625449482.0,64.0
-15.72,1625449482.0,64.0
-19.26,1625449482.0,64.0
-22.22,1625449482.0,64.0
-24.64,1625449482.0,64.0
-26.81,1625449482.0,64.0
-29.11,1625449482.0,64.0
-31.86,1625449482.0,64.0
-35.18,1625449482.0,64.0
-38.98,1625449482.0,64.0
-43.03,1625449482.0,64.0
-47.0,1625449482.0,64.0
-50.41,1625449482.0,64.0
-52.67,1625449482.0,64.0
-53.15,1625449482.0,64.0
-51.32,1625449482.0,64.0
-46.94,1625449482.0,64.0
-40.19,1625449482.0,64.0
-31.61,1625449482.0,64.0
-21.91,1625449482.0,64.0
-11.84,1625449482.0,64.0
-1.97,1625449482.0,64.0
7.29,1625449482.0,64.0
15.68,1625449482.0,64.0
23.0,1625449482.0,64.0
29.16,1625449482.0,64.0
34.11,1625449482.0,64.0
37.92,1625449482.0,64.0
40.77,1625449482.0,64.0
42.84,1625449482.0,64.0
44.27,1625449482.0,64.0
45.17,1625449482.0,64.0
45.59,1625449482.0,64.0
45.66,1625449482.0,64.0
45.6,1625449482.0,64.0
45.74,1625449482.0,64.0
46.39,1625449482.0,64.0
47.71,1625449482.0,64.0
49.58,1625449482.0,64.0
51.6,1625449482.0,64.0
53.29,1625449482.0,64.0
54.29,1625449482.0,64.0
54.62,1625449482.0,64.0
54.71,1625449482.0,64.0
55.29,1625449482.0,64.0
56.99,1625449482.0,64.0
60.05,1625449482.0,64.0
64.25,1625449482.0,64.0
68.89,1625449482.0,64.0
73.26,1625449482.0,64.0
76.71,1625449482.0,64.0
78.72,1625449482.0,64.0
78.77,1625449482.0,64.0
76.12,1625449482.0,64.0
70.16,1625449482.0,64.0
60.79,1625449482.0,64.0
48.97,1625449482.0,64.0
36.6,1625449482.0,64.0
25.78,1625449482.0,64.0
17.44,1625449482.0,64.0
10.53,1625449482.0,64.0
2.19,1625449482.0,64.0
-10.84,1625449482.0,64.0
-30.37,1625449482.0,64.0
-55.8,1625449482.0,64.0
-84.47,1625449482.0,64.0
-113.22,1625449482.0,64.0
-139.96,1625449482.0,64.0
-164.2,1625449482.0,64.0
-186.13,1625449482.0,64.0
-205.16,1625449482.0,64.0
-219.12,1625449482.0,64.0
-224.92,1625449482.0,64.0
-220.44,1625449482.0,64.0
-206.22,1625449482.0,64.0
-185.78,1625449482.0,64.0
-163.98,1625449482.0,64.0
-144.66,1625449482.0,64.0
-128.92,1625449482.0,64.0
-115.18,1625449482.0,64.0
-101.19,1625449482.0,64.0
-85.73,1625449482.0,64.0
-69.51,1625449482.0,64.0
-54.19,1625449482.0,64.0
-40.69,1625449482.0,64.0
-28.4,1625449482.0,64.0
-15.76,1625449482.0,64.0
-1.84,1625449482.0,64.0
12.51,1625449482.0,64.0
24.94,1625449482.0,64.0
33.32,1625449482.0,64.0
37.6,1625449482.0,64.0
40.36,1625449482.0,64.0
45.78,1625449482.0,64.0
57.61,1625449482.0,64.0
77.7,1625449482.0,64.0
105.92,1625449482.0,64.0
141.6,1625449482.0,64.0
184.92,1625449482.0,64.0
236.89,1625449482.0,64.0
297.71,1625449482.0,64.0
364.41,1625449482.0,64.0
429.83,1625449482.0,64.0
483.91,1625449482.0,64.0
517.04,1625449482.0,64.0
523.94,1625449482.0,64.0
505.69,1625449482.0,64.0
469.2,1625449482.0,64.0
424.11,1625449482.0,64.0
379.06,1625449482.0,64.0
339.03,1625449482.0,64.0
304.92,1625449482.0,64.0
275.1,1625449482.0,64.0
247.73,1625449482.0,64.0
222.33,1625449482.0,64.0
199.74,1625449482.0,64.0
180.96,1625449482.0,64.0
165.83,1625449482.0,64.0
152.51,1625449482.0,64.0
138.08,1625449482.0,64.0
119.86,1625449482.0,64.0
96.48,1625449482.0,64.0
68.41,1625449482.0,64.0
37.57,1625449482.0,64.0
6.21,1625449482.0,64.0
-24.1,1625449482.0,64.0
-53.16,1625449482.0,64.0
-82.04,1625449482.0,64.0
-112.41,1625449482.0,64.0
-145.68,1625449482.0,64.0
-182.45,1625449482.0,64.0
-222.39,1625449482.0,64.0
-264.61,1625449482.0,64.0
-307.89,1625449482.0,64.0
-350.76,1625449482.0,64.0
-391.25,1625449482.0,64.0
-426.88,1625449482.0,64.0
-454.94,1625449482.0,64.0
-473.18,1625449482.0,64.0
-480.54,1625449482.0,64.0
-477.38,1625449482.0,64.0
-465.08,1625449482.0,64.0
-445.27,1625449482.0,64.0
-419.12,1625449482.0,64.0
-387.25,1625449482.0,64.0
-350.27,1625449482.0,64.0
-309.45,1625449482.0,64.0
-267.05,1625449482.0,64.0
-226.03,1625449482.0,64.0
-189.24,1625449482.0,64.0
-158.57,1625449482.0,64.0
-134.64,1625449482.0,64.0
-116.99,1625449482.0,64.0
-104.67,1625449482.0,64.0
-96.65,1625449482.0,64.0
-92.06,1625449482.0,64.0
-90.16,1625449482.0,64.0
-90.18,1625449482.0,64.0
-91.16,1625449482.0,64.0
-91.93,1625449482.0,64.0
-91.16,1625449482.0,64.0
-87.54,1625449482.0,64.0
-80.2,1625449482.0,64.0
-69.22,1625449482.0,64.0
-55.93,1625449482.0,64.0
-42.87,1625449482.0,64.0
-32.88,1625449482.0,64.0
-28.04,1625449482.0,64.0
-28.47,1625449482.0,64.0
-32.17,1625449482.0,64.0
-35.74,1625449482.0,64.0
-35.84,1625449482.0,64.0
-30.47,1625449482.0,64.0
-19.53,1625449482.0,64.0
-4.4,1625449482.0,64.0
12.95,1625449482.0,64.0
30.62,1625449482.0,64.0
47.05,1625449482.0,64.0
60.73,1625449482.0,64.0
70.14,1625449482.0,64.0
74.05,1625449482.0,64.0
72.14,1625449482.0,64.0
65.55,1625449482.0,64.0
56.71,1625449482.0,64.0
48.69,1625449482.0,64.0
44.03,1625449482.0,64.0
43.92,1625449482.0,64.0
48.05,1625449482.0,64.0
54.98,1625449482.0,64.0
62.94,1625449482.0,64.0
70.43,1625449482.0,64.0
76.57,1625449482.0,64.0
80.92,1625449482.0,64.0
83.4,1625449482.0,64.0
84.08,1625449482.0,64.0
83.17,1625449482.0,64.0
80.94,1625449482.0,64.0
77.78,1625449482.0,64.0
74.06,1625449482.0,64.0
70.05,1625449482.0,64.0
65.95,1625449482.0,64.0
61.77,1625449482.0,64.0
57.49,1625449482.0,64.0
53.06,1625449482.0,64.0
48.45,1625449482.0,64.0
43.65,1625449482.0,64.0
38.69,1625449482.0,64.0
33.68,1625449482.0,64.0
28.66,1625449482.0,64.0
23.68,1625449482.0,64.0
18.63,1625449482.0,64.0
13.39,1625449482.0,64.0
7.9,1625449482.0,64.0
2.39,1625449482.0,64.0
-2.52,1625449482.0,64.0
-5.88,1625449482.0,64.0
-6.68,1625449482.0,64.0
-4.31,1625449482.0,64.0
1.18,1625449482.0,64.0
9.01,1625449482.0,64.0
17.98,1625449482.0,64.0
26.93,1625449482.0,64.0
35.15,1625449482.0,64.0
42.51,1625449482.0,64.0
49.27,1625449482.0,64.0
55.79,1625449482.0,64.0
62.12,1625449482.0,64.0
67.92,1625449482.0,64.0
72.54,1625449482.0,64.0
75.24,1625449482.0,64.0
75.54,1625449482.0,64.0
73.45,1625449482.0,64.0
69.63,1625449482.0,64.0
65.3,1625449482.0,64.0
61.88,1625449482.0,64.0
60.45,1625449482.0,64.0
61.33,1625449482.0,64.0
63.84,1625449482.0,64.0
66.48,1625449482.0,64.0
67.61,1625449482.0,64.0
66.16,1625449482.0,64.0
62.11,1625449482.0,64.0
56.59,1625449482.0,64.0
51.35,1625449482.0,64.0
48.1,1625449482.0,64.0
47.8,1625449482.0,64.0
50.49,1625449482.0,64.0
55.18,1625449482.0,64.0
60.01,1625449482.0,64.0
62.29,1625449482.0,64.0
58.64,1625449482.0,64.0
45.48,1625449482.0,64.0
20.29,1625449482.0,64.0
-16.86,1625449482.0,64.0
-62.19,1625449482.0,64.0
-108.53,1625449482.0,64.0
-147.44,1625449482.0,64.0
-172.35,1625449482.0,64.0
-181.13,1625449482.0,64.0
-176.6,1625449482.0,64.0
-164.58,1625449482.0,64.0
-150.58,1625449482.0,64.0
-137.18,1625449482.0,64.0
-123.47,1625449482.0,64.0
-106.89,1625449482.0,64.0
-85.91,1625449482.0,64.0
-61.91,1625449482.0,64.0
-38.82,1625449482.0,64.0
-21.06,1625449482.0,64.0
-11.05,1625449482.0,64.0
-8.09,1625449482.0,64.0
-9.03,1625449482.0,64.0
-10.24,1625449482.0,64.0
-9.52,1625449482.0,64.0
-6.78,1625449482.0,64.0
-3.45,1625449482.0,64.0
-1.09,1625449482.0,64.0
-0.43,1625449482.0,64.0
-1.08,1625449482.0,64.0
-2.16,1625449482.0,64.0
-2.92,1625449482.0,64.0
-3.07,1625449482.0,64.0
-2.56,1625449482.0,64.0
-1.15,1625449482.0,64.0
1.77,1625449482.0,64.0
6.92,1625449482.0,64.0
14.53,1625449482.0,64.0
24.01,1625449482.0,64.0
33.89,1625449482.0,64.0
42.36,1625449482.0,64.0
47.77,1625449482.0,64.0
49.03,1625449482.0,64.0
45.67,1625449482.0,64.0
37.57,1625449482.0,64.0
24.92,1625449482.0,64.0
8.18,1625449482.0,64.0
-11.69,1625449482.0,64.0
-33.24,1625449482.0,64.0
-54.62,1625449482.0,64.0
-74.01,1625449482.0,64.0
-89.79,1625449482.0,64.0
-100.66,1625449482.0,64.0
-105.47,1625449482.0,64.0
-103.29,1625449482.0,64.0
-93.65,1625449482.0,64.0
-77.15,1625449482.0,64.0
-55.74,1625449482.0,64.0
-32.67,1625449482.0,64.0
-11.62,1625449482.0,64.0
4.37,1625449482.0,64.0
13.92,1625449482.0,64.0
17.58,1625449482.0,64.0
17.3,1625449482.0,64.0
15.58,1625449482.0,64.0
14.52,1625449482.0,64.0
15.53,1625449482.0,64.0
19.29,1625449482.0,64.0
26.01,1625449482.0,64.0
35.51,1625449482.0,64.0
46.93,1625449482.0,64.0
58.67,1625449482.0,64.0
68.55,1625449482.0,64.0
74.51,1625449482.0,64.0
75.53,1625449482.0,64.0
72.2,1625449482.0,64.0
66.64,1625449482.0,64.0
61.57,1625449482.0,64.0
59.19,1625449482.0,64.0
60.17,1625449482.0,64.0
63.46,1625449482.0,64.0
66.83,1625449482.0,64.0
67.83,1625449482.0,64.0
64.65,1625449482.0,64.0
56.61,1625449482.0,64.0
44.24,1625449482.0,64.0
29.03,1625449482.0,64.0
13.17,1625449482.0,64.0
-0.82,1625449482.0,64.0
-10.55,1625449482.0,64.0
-14.4,1625449482.0,64.0
-12.01,1625449482.0,64.0
-4.64,1625449482.0,64.0
5.09,1625449482.0,64.0
14.13,1625449482.0,64.0
20.1,1625449482.0,64.0
22.25,1625449482.0,64.0
21.56,1625449482.0,64.0
20.04,1625449482.0,64.0
19.46,1625449482.0,64.0
20.25,1625449482.0,64.0
21.23,1625449482.0,64.0
20.31,1625449482.0,64.0
15.66,1625449482.0,64.0
6.9,1625449482.0,64.0
-4.54,1625449482.0,64.0
-15.91,1625449482.0,64.0
-24.19,1625449482.0,64.0
-27.29,1625449482.0,64.0
-24.67,1625449482.0,64.0
-17.25,1625449482.0,64.0
-6.71,1625449482.0,64.0
5.35,1625449482.0,64.0
17.9,1625449482.0,64.0
30.49,1625449482.0,64.0
42.93,1625449482.0,64.0
54.74,1625449482.0,64.0
64.97,1625449482.0,64.0
72.29,1625449482.0,64.0
75.46,1625449482.0,64.0
73.85,1625449482.0,64.0
67.76,1625449482.0,64.0
58.41,1625449482.0,64.0
47.6,1625449482.0,64.0
37.23,1625449482.0,64.0
29.01,1625449482.0,64.0
24.11,1625449482.0,64.0
23.11,1625449482.0,64.0
25.84,1625449482.0,64.0
31.31,1625449482.0,64.0
37.73,1625449482.0,64.0
42.65,1625449482.0,64.0
43.42,1625449482.0,64.0
37.9,1625449482.0,64.0
25.02,1625449482.0,64.0
5.31,1625449482.0,64.0
-19.01,1625449482.0,64.0
-44.44,1625449482.0,64.0
-66.94,1625449482.0,64.0
-83.08,1625449482.0,64.0
-91.0,1625449482.0,64.0
-90.92,1625449482.0,64.0
-85.02,1625449482.0,64.0
-76.41,1625449482.0,64.0
-68.07,1625449482.0,64.0
-61.75,1625449482.0,64.0
-57.81,1625449482.0,64.0
-55.53,1625449482.0,64.0
-53.95,1625449482.0,64.0
-52.38,1625449482.0,64.0
-50.6,1625449482.0,64.0
-48.62,1625449482.0,64.0
-46.38,1625449482.0,64.0
-43.71,1625449482.0,64.0
-40.45,1625449482.0,64.0
-36.65,1625449482.0,64.0
-32.62,1625449482.0,64.0
-28.73,1625449482.0,64.0
-25.11,1625449482.0,64.0
-21.46,1625449482.0,64.0
-17.21,1625449482.0,64.0
-11.78,1625449482.0,64.0
-5.12,1625449482.0,64.0
2.2,1625449482.0,64.0
9.04,1625449482.0,64.0
14.15,1625449482.0,64.0
16.64,1625449482.0,64.0
16.4,1625449482.0,64.0
14.2,1625449482.0,64.0
11.46,1625449482.0,64.0
9.72,1625449482.0,64.0
10.09,1625449482.0,64.0
12.77,1625449482.0,64.0
17.05,1625449482.0,64.0
21.6,1625449482.0,64.0
24.93,1625449482.0,64.0
25.96,1625449482.0,64.0
24.25,1625449482.0,64.0
19.96,1625449482.0,64.0
13.7,1625449482.0,64.0
6.21,1625449482.0,64.0
-1.69,1625449482.0,64.0
-9.22,1625449482.0,64.0
-15.61,1625449482.0,64.0
-20.22,1625449482.0,64.0
-22.64,1625449482.0,64.0
-22.96,1625449482.0,64.0
-21.75,1625449482.0,64.0
-19.96,1625449482.0,64.0
-18.53,1625449482.0,64.0
-18.02,1625449482.0,64.0
-18.43,1625449482.0,64.0
-19.24,1625449482.0,64.0
-19.65,1625449482.0,64.0
-19.0,1625449482.0,64.0
-16.94,1625449482.0,64.0
-13.6,1625449482.0,64.0
-9.51,1625449482.0,64.0
-5.42,1625449482.0,64.0
-2.22,1625449482.0,64.0
-0.59,1625449482.0,64.0
-0.81,1625449482.0,64.0
-2.49,1625449482.0,64.0
-4.55,1625449482.0,64.0
-5.53,1625449482.0,64.0
-4.07,1625449482.0,64.0
0.48,1625449482.0,64.0
7.68,1625449482.0,64.0
16.11,1625449482.0,64.0
23.84,1625449482.0,64.0
29.15,1625449482.0,64.0
31.04,1625449482.0,64.0
29.59,1625449482.0,64.0
25.77,1625449482.0,64.0
21.11,1625449482.0,64.0
17.19,1625449482.0,64.0
15.14,1625449482.0,64.0
15.33,1625449482.0,64.0
17.21,1625449482.0,64.0
19.47,1625449482.0,64.0
20.43,1625449482.0,64.0
18.61,1625449482.0,64.0
13.25,1625449482.0,64.0
4.58,1625449482.0,64.0
-6.14,1625449482.0,64.0
-17.09,1625449482.0,64.0
-26.44,1625449482.0,64.0
-32.95,1625449482.0,64.0
-36.28,1625449482.0,64.0
-36.97,1625449482.0,64.0
-36.11,1625449482.0,64.0
-34.89,1625449482.0,64.0
-34.11,1625449482.0,64.0
-33.96,1625449482.0,64.0
-33.94,1625449482.0,64.0
-33.09,1625449482.0,64.0
-30.38,1625449482.0,64.0
-24.98,1625449482.0,64.0
-16.6,1625449482.0,64.0
-5.55,1625449482.0,64.0
7.22,1625449482.0,64.0
20.35,1625449482.0,64.0
32.25,1625449482.0,64.0
41.39,1625449482.0,64.0
46.58,1625449482.0,64.0
47.24,1625449482.0,64.0
43.49,1625449482.0,64.0
36.27,1625449482.0,64.0
27.16,1625449482.0,64.0
18.08,1625449482.0,64.0
10.83,1625449482.0,64.0
6.66,1625449482.0,64.0
6.07,1625449482.0,64.0
8.75,1625449482.0,64.0
13.77,1625449482.0,64.0
19.95,1625449482.0,64.0
26.1,1625449482.0,64.0
31.24,1625449482.0,64.0
34.64,1625449482.0,64.0
35.82,1625449482.0,64.0
34.59,1625449482.0,64.0
30.97,1625449482.0,64.0
25.29,1625449482.0,64.0
18.14,1625449482.0,64.0
10.31,1625449482.0,64.0
2.67,1625449482.0,64.0
-3.89,1625449482.0,64.0
-8.68,1625449482.0,64.0
-11.31,1625449482.0,64.0
-11.76,1625449482.0,64.0
-10.45,1625449482.0,64.0
-8.12,1625449482.0,64.0
-5.62,1625449482.0,64.0
-3.7,1625449482.0,64.0
-2.83,1625449482.0,64.0
-3.14,1625449482.0,64.0
-4.54,1625449482.0,64.0
-6.87,1625449482.0,64.0
-9.97,1625449482.0,64.0
-13.73,1625449482.0,64.0
-18.04,1625449482.0,64.0
-22.67,1625449482.0,64.0
-27.31,1625449482.0,64.0
-31.56,1625449482.0,64.0
-34.95,1625449482.0,64.0
-36.93,1625449482.0,64.0
-37.0,1625449482.0,64.0
-34.71,1625449482.0,64.0
-29.91,1625449482.0,64.0
-22.83,1625449482.0,64.0
-14.1,1625449482.0,64.0
-4.69,1625449482.0,64.0
4.42,1625449482.0,64.0
12.42,1625449482.0,64.0
18.81,1625449482.0,64.0
23.37,1625449482.0,64.0
26.02,1625449482.0,64.0
26.79,1625449482.0,64.0
25.91,1625449482.0,64.0
23.89,1625449482.0,64.0
21.6,1625449482.0,64.0
20.0,1625449482.0,64.0
19.82,1625449482.0,64.0
21.2,1625449482.0,64.0
23.55,1625449482.0,64.0
25.8,1625449482.0,64.0
26.89,1625449482.0,64.0
26.18,1625449482.0,64.0
23.73,1625449482.0,64.0
20.19,1625449482.0,64.0
16.5,1625449482.0,64.0
13.39,1625449482.0,64.0
11.2,1625449482.0,64.0
9.75,1625449482.0,64.0
8.52,1625449482.0,64.0
6.91,1625449482.0,64.0
4.47,1625449482.0,64.0
1.12,1625449482.0,64.0
-2.83,1625449482.0,64.0
-6.81,1625449482.0,64.0
-10.3,1625449482.0,64.0
-13.02,1625449482.0,64.0
-15.15,1625449482.0,64.0
-17.22,1625449482.0,64.0
-19.85,1625449482.0,64.0
-23.47,1625449482.0,64.0
-28.17,1625449482.0,64.0
-33.61,1625449482.0,64.0
-39.14,1625449482.0,64.0
-43.93,1625449482.0,64.0
-47.14,1625449482.0,64.0
-48.0,1625449482.0,64.0
-46.0,1625449482.0,64.0
-40.96,1625449482.0,64.0
-33.22,1625449482.0,64.0
-23.55,1625449482.0,64.0
-13.0,1625449482.0,64.0
-2.63,1625449482.0,64.0
6.74,1625449482.0,64.0
14.63,1625449482.0,64.0
20.79,1625449482.0,64.0
25.12,1625449482.0,64.0
27.52,1625449482.0,64.0
28.01,1625449482.0,64.0
26.83,1625449482.0,64.0
24.52,1625449482.0,64.0
21.92,1625449482.0,64.0
19.87,1625449482.0,64.0
18.9,1625449482.0,64.0
19.01,1625449482.0,64.0
19.64,1625449482.0,64.0
19.91,1625449482.0,64.0
19.06,1625449482.0,64.0
16.77,1625449482.0,64.0
13.25,1625449482.0,64.0
9.07,1625449482.0,64.0
4.88,1625449482.0,64.0
1.12,1625449482.0,64.0
-2.06,1625449482.0,64.0
-4.68,1625449482.0,64.0
-6.78,1625449482.0,64.0
-8.3,1625449482.0,64.0
-9.12,1625449482.0,64.0
-9.25,1625449482.0,64.0
-8.91,1625449482.0,64.0
-8.63,1625449482.0,64.0
-9.07,1625449482.0,64.0
-10.7,1625449482.0,64.0
-13.68,1625449482.0,64.0
-17.66,1625449482.0,64.0
-22.01,1625449482.0,64.0
-25.99,1625449482.0,64.0
-29.08,1625449482.0,64.0
-31.03,1625449482.0,64.0
-31.8,1625449482.0,64.0
-31.4,1625449482.0,64.0
-29.79,1625449482.0,64.0
-26.93,1625449482.0,64.0
-22.9,1625449482.0,64.0
-18.06,1625449482.0,64.0
-12.89,1625449482.0,64.0
-7.84,1625449482.0,64.0
-3.05,1625449482.0,64.0
1.69,1625449482.0,64.0
6.65,1625449482.0,64.0
11.82,1625449482.0,64.0
16.64,1625449482.0,64.0
20.18,1625449482.0,64.0
21.59,1625449482.0,64.0
20.62,1625449482.0,64.0
17.97,1625449482.0,64.0
15.01,1625449482.0,64.0
13.2,1625449482.0,64.0
13.41,1625449482.0,64.0
15.58,1625449482.0,64.0
18.86,1625449482.0,64.0
22.08,1625449482.0,64.0
24.35,1625449482.0,64.0
25.33,1625449482.0,64.0
25.23,1625449482.0,64.0
24.51,1625449482.0,64.0
23.54,1625449482.0,64.0
22.42,1625449482.0,64.0
21.0,1625449482.0,64.0
19.02,1625449482.0,64.0
16.35,1625449482.0,64.0
13.04,1625449482.0,64.0
9.41,1625449482.0,64.0
5.88,1625449482.0,64.0
2.86,1625449482.0,64.0
0.56,1625449482.0,64.0
-1.14,1625449482.0,64.0
-2.69,1625449482.0,64.0
-4.77,1625449482.0,64.0
-8.0,1625449482.0,64.0
-12.76,1625449482.0,64.0
-18.94,1625449482.0,64.0
-25.94,1625449482.0,64.0
-32.82,1625449482.0,64.0
-38.53,1625449482.0,64.0
-42.21,1625449482.0,64.0
-43.31,1625449482.0,64.0
-41.77,1625449482.0,64.0
-37.94,1625449482.0,64.0
-32.48,1625449482.0,64.0
-26.14,1625449482.0,64.0
-19.52,1625449482.0,64.0
-12.99,1625449482.0,64.0
-6.58,1625449482.0,64.0
-0.21,1625449482.0,64.0
6.15,1625449482.0,64.0
12.22,1625449482.0,64.0
17.5,1625449482.0,64.0
21.37,1625449482.0,64.0
23.43,1625449482.0,64.0
23.74,1625449482.0,64.0
22.87,1625449482.0,64.0
21.63,1625449482.0,64.0
20.74,1625449482.0,64.0
20.52,1625449482.0,64.0
20.77,1625449482.0,64.0
20.97,1625449482.0,64.0
20.59,1625449482.0,64.0
19.41,1625449482.0,64.0
17.58,1625449482.0,64.0
15.48,1625449482.0,64.0
13.47,1625449482.0,64.0
11.64,1625449482.0,64.0
9.84,1625449482.0,64.0
7.76,1625449482.0,64.0
5.22,1625449482.0,64.0
2.24,1625449482.0,64.0
-0.91,1625449482.0,64.0
-3.93,1625449482.0,64.0
-6.6,1625449482.0,64.0
-8.9,1625449482.0,64.0
-11.03,1625449482.0,64.0
-13.22,1625449482.0,64.0
-15.73,1625449482.0,64.0
-18.69,1625449482.0,64.0
-22.14,1625449482.0,64.0
-26.03,1625449482.0,64.0
-30.21,1625449482.0,64.0
-34.51,1625449482.0,64.0
-38.58,1625449482.0,64.0
-41.97,1625449482.0,64.0
-44.1,1625449482.0,64.0
-44.44,1625449482.0,64.0
-42.62,1625449482.0,64.0
-38.64,1625449482.0,64.0
-32.85,1625449482.0,64.0
-25.85,1625449482.0,64.0
-18.24,1625449482.0,64.0
-10.45,1625449482.0,64.0
-2.6,1625449482.0,64.0
5.33,1625449482.0,64.0
13.26,1625449482.0,64.0
20.85,1625449482.0,64.0
27.47,1625449482.0,64.0
32.43,1625449482.0,64.0
35.33,1625449482.0,64.0
36.25,1625449482.0,64.0
35.81,1625449482.0,64.0
34.83,1625449482.0,64.0
33.95,1625449482.0,64.0
33.4,1625449482.0,64.0
32.97,1625449482.0,64.0
32.21,1625449482.0,64.0
30.79,1625449482.0,64.0
28.64,1625449482.0,64.0
25.98,1625449482.0,64.0
23.1,1625449482.0,64.0
20.19,1625449482.0,64.0
17.27,1625449482.0,64.0
14.28,1625449482.0,64.0
11.17,1625449482.0,64.0
8.01,1625449482.0,64.0
4.93,1625449482.0,64.0
2.03,1625449482.0,64.0
-0.63,1625449482.0,64.0
-3.03,1625449482.0,64.0
-5.15,1625449482.0,64.0
-6.94,1625449482.0,64.0
-8.41,1625449482.0,64.0
-9.71,1625449482.0,64.0
-11.13,1625449482.0,64.0
-13.02,1625449482.0,64.0
-15.61,1625449482.0,64.0
-18.96,1625449482.0,64.0
-22.93,1625449482.0,64.0
-27.21,1625449482.0,64.0
-31.45,1625449482.0,64.0
-35.24,1625449482.0,64.0
-38.07,1625449482.0,64.0
-39.4,1625449482.0,64.0
-38.72,1625449482.0,64.0
-35.81,1625449482.0,64.0
-30.86,1625449482.0,64.0
-24.47,1625449482.0,64.0
-17.44,1625449482.0,64.0
-10.38,1625449482.0,64.0
-3.62,1625449482.0,64.0
2.85,1625449482.0,64.0
9.09,1625449482.0,64.0
14.96,1625449482.0,64.0
20.04,1625449482.0,64.0
23.82,1625449482.0,64.0
25.98,1625449482.0,64.0
26.61,1625449482.0,64.0
26.26,1625449482.0,64.0
25.73,1625449482.0,64.0
25.77,1625449482.0,64.0
26.86,1625449482.0,64.0
29.09,1625449482.0,64.0
32.18,1625449482.0,64.0
35.61,1625449482.0,64.0
38.75,1625449482.0,64.0
41.01,1625449482.0,64.0
42.0,1625449482.0,64.0
41.56,1625449482.0,64.0
39.73,1625449482.0,64.0
36.76,1625449482.0,64.0
32.87,1625449482.0,64.0
28.26,1625449482.0,64.0
23.08,1625449482.0,64.0
17.53,1625449482.0,64.0
11.88,1625449482.0,64.0
6.53,1625449482.0,64.0
1.84,1625449482.0,64.0
-1.93,1625449482.0,64.0
-4.76,1625449482.0,64.0
-6.89,1625449482.0,64.0
-8.73,1625449482.0,64.0
-10.73,1625449482.0,64.0
-13.27,1625449482.0,64.0
-16.58,1625449482.0,64.0
-20.68,1625449482.0,64.0
-25.42,1625449482.0,64.0
-30.5,1625449482.0,64.0
-35.51,1625449482.0,64.0
-39.98,1625449482.0,64.0
-43.34,1625449482.0,64.0
-45.05,1625449482.0,64.0
-44.66,1625449482.0,64.0
-41.98,1625449482.0,64.0
-37.18,1625449482.0,64.0
-30.77,1625449482.0,64.0
-23.45,1625449482.0,64.0
-15.89,1625449482.0,64.0
-8.48,1625449482.0,64.0
-1.31,1625449482.0,64.0
5.67,1625449482.0,64.0
12.4,1625449482.0,64.0
18.58,1625449482.0,64.0
23.71,1625449482.0,64.0
27.36,1625449482.0,64.0
29.4,1625449482.0,64.0
30.14,1625449482.0,64.0
30.15,1625449482.0,64.0
30.04,1625449482.0,64.0
30.2,1625449482.0,64.0
30.67,1625449482.0,64.0
31.24,1625449482.0,64.0
31.58,1625449482.0,64.0
31.34,1625449482.0,64.0
30.26,1625449482.0,64.0
28.2,1625449482.0,64.0
25.19,1625449482.0,64.0
21.43,1625449482.0,64.0
17.29,1625449482.0,64.0
13.15,1625449482.0,64.0
9.3,1625449482.0,64.0
5.83,1625449482.0,64.0
2.6,1625449482.0,64.0
-0.57,1625449482.0,64.0
-3.8,1625449482.0,64.0
-7.0,1625449482.0,64.0
-10.0,1625449482.0,64.0
-12.63,1625449482.0,64.0
-14.84,1625449482.0,64.0
-16.77,1625449482.0,64.0
-18.65,1625449482.0,64.0
-20.7,1625449482.0,64.0
-23.04,1625449482.0,64.0
-25.66,1625449482.0,64.0
-28.49,1625449482.0,64.0
-31.43,1625449482.0,64.0
-34.44,1625449482.0,64.0
-37.5,1625449482.0,64.0
-40.5,1625449482.0,64.0
-43.11,1625449482.0,64.0
-44.81,1625449482.0,64.0
-44.9,1625449482.0,64.0
-42.81,1625449482.0,64.0
-38.35,1625449482.0,64.0
-31.81,1625449482.0,64.0
-23.89,1625449482.0,64.0
-15.48,1625449482.0,64.0
-7.28,1625449482.0,64.0
0.32,1625449482.0,64.0
7.24,1625449482.0,64.0
13.51,1625449482.0,64.0
19.06,1625449482.0,64.0
23.65,1625449482.0,64.0
26.95,1625449482.0,64.0
28.79,1625449482.0,64.0
29.26,1625449482.0,64.0
28.81,1625449482.0,64.0
28.05,1625449482.0,64.0
27.59,1625449482.0,64.0
27.78,1625449482.0,64.0
28.57,1625449482.0,64.0
29.55,1625449482.0,64.0
30.13,1625449482.0,64.0
29.81,1625449482.0,64.0
28.32,1625449482.0,64.0
25.8,1625449482.0,64.0
22.62,1625449482.0,64.0
19.26,1625449482.0,64.0
16.04,1625449482.0,64.0
13.09,1625449482.0,64.0
10.31,1625449482.0,64.0
7.52,1625449482.0,64.0
4.57,1625449482.0,64.0
1.49,1625449482.0,64.0
-1.58,1625449482.0,64.0
-4.46,1625449482.0,64.0
-6.99,1625449482.0,64.0
-9.15,1625449482.0,64.0
-11.0,1625449482.0,64.0
-12.68,1625449482.0,64.0
-14.34,1625449482.0,64.0
-16.19,1625449482.0,64.0
-18.38,1625449482.0,64.0
-21.05,1625449482.0,64.0
-24.27,1625449482.0,64.0
-28.02,1625449482.0,64.0
-32.16,1625449482.0,64.0
-36.47,1625449482.0,64.0
-40.62,1625449482.0,64.0
-44.21,1625449482.0,64.0
-46.72,1625449482.0,64.0
-47.51,1625449482.0,64.0
-45.95,1625449482.0,64.0
-41.59,1625449482.0,64.0
-34.38,1625449482.0,64.0
-24.8,1625449482.0,64.0
-13.82,1625449482.0,64.0
-2.62,1625449482.0,64.0
7.8,1625449482.0,64.0
16.85,1625449482.0,64.0
24.37,1625449482.0,64.0
30.47,1625449482.0,64.0
35.23,1625449482.0,64.0
38.57,1625449482.0,64.0
40.33,1625449482.0,64.0
40.45,1625449482.0,64.0
39.14,1625449482.0,64.0
36.93,1625449482.0,64.0
34.5,1625449482.0,64.0
32.39,1625449482.0,64.0
30.8,1625449482.0,64.0
29.6,1625449482.0,64.0
28.43,1625449482.0,64.0
26.96,1625449482.0,64.0
25.01,1625449482.0,64.0
22.59,1625449482.0,64.0
19.88,1625449482.0,64.0
17.04,1625449482.0,64.0
14.17,1625449482.0,64.0
11.24,1625449482.0,64.0
8.17,1625449482.0,64.0
4.9,1625449482.0,64.0
1.49,1625449482.0,64.0
-1.88,1625449482.0,64.0
-4.98,1625449482.0,64.0
-7.61,1625449482.0,64.0
-9.69,1625449482.0,64.0
-11.29,1625449482.0,64.0
-12.58,1625449482.0,64.0
-13.78,1625449482.0,64.0
-15.08,1625449482.0,64.0
-16.63,1625449482.0,64.0
-18.51,1625449482.0,64.0
-20.76,1625449482.0,64.0
-23.34,1625449482.0,64.0
-26.17,1625449482.0,64.0
-29.13,1625449482.0,64.0
-32.09,1625449482.0,64.0
-34.85,1625449482.0,64.0
-37.13,1625449482.0,64.0
-38.47,1625449482.0,64.0
-38.33,1625449482.0,64.0
-36.22,1625449482.0,64.0
-31.91,1625449482.0,64.0
-25.63,1625449482.0,64.0
-18.04,1625449482.0,64.0
-9.96,1625449482.0,64.0
-2.13,1625449482.0,64.0
5.09,1625449482.0,64.0
11.68,1625449482.0,64.0
17.76,1625449482.0,64.0
23.24,1625449482.0,64.0
27.77,1625449482.0,64.0
30.89,1625449482.0,64.0
32.29,1625449482.0,64.0
32.18,1625449482.0,64.0
31.18,1625449482.0,64.0
30.11,1625449482.0,64.0
29.6,1625449482.0,64.0
29.73,1625449482.0,64.0
30.12,1625449482.0,64.0
30.15,1625449482.0,64.0
29.36,1625449482.0,64.0
27.6,1625449482.0,64.0
25.12,1625449482.0,64.0
22.28,1625449482.0,64.0
19.37,1625449482.0,64.0
16.49,1625449482.0,64.0
13.57,1625449482.0,64.0
10.55,1625449482.0,64.0
7.37,1625449482.0,64.0
4.14,1625449482.0,64.0
0.98,1625449482.0,64.0
-1.96,1625449482.0,64.0
-4.55,1625449482.0,64.0
-6.75,1625449482.0,64.0
-8.58,1625449482.0,64.0
-10.18,1625449482.0,64.0
-11.75,1625449482.0,64.0
-13.54,1625449482.0,64.0
-15.72,1625449482.0,64.0
-18.37,1625449482.0,64.0
-21.42,1625449482.0,64.0
-24.75,1625449482.0,64.0
-28.25,1625449482.0,64.0
-31.88,1625449482.0,64.0
-35.61,1625449482.0,64.0
-39.28,1625449482.0,64.0
-42.54,1625449482.0,64.0
-44.8,1625449482.0,64.0
-45.4,1625449482.0,64.0
-43.9,1625449482.0,64.0
-40.23,1625449482.0,64.0
-34.74,1625449482.0,64.0
-28.07,1625449482.0,64.0
-20.86,1625449482.0,64.0
-13.6,1625449482.0,64.0
-6.53,1625449482.0,64.0
0.15,1625449482.0,64.0
6.2,1625449482.0,64.0
11.19,1625449482.0,64.0
14.74,1625449482.0,64.0
16.65,1625449482.0,64.0
17.16,1625449482.0,64.0
16.85,1625449482.0,64.0
16.47,1625449482.0,64.0
16.61,1625449482.0,64.0
17.47,1625449482.0,64.0
18.85,1625449482.0,64.0
20.31,1625449482.0,64.0
21.35,1625449482.0,64.0
21.62,1625449482.0,64.0
21.02,1625449482.0,64.0
19.64,1625449482.0,64.0
17.69,1625449482.0,64.0
15.38,1625449482.0,64.0
12.89,1625449482.0,64.0
10.3,1625449482.0,64.0
7.63,1625449482.0,64.0
4.9,1625449482.0,64.0
2.07,1625449482.0,64.0
-0.89,1625449482.0,64.0
-3.98,1625449482.0,64.0
-7.14,1625449482.0,64.0
-10.31,1625449482.0,64.0
-13.34,1625449482.0,64.0
-16.12,1625449482.0,64.0
-18.57,1625449482.0,64.0
-20.66,1625449482.0,64.0
-22.43,1625449482.0,64.0
-23.97,1625449482.0,64.0
-25.4,1625449482.0,64.0
-26.86,1625449482.0,64.0
-28.51,1625449482.0,64.0
-30.46,1625449482.0,64.0
-32.7,1625449482.0,64.0
-34.96,1625449482.0,64.0
-36.72,1625449482.0,64.0
-37.27,1625449482.0,64.0
-35.93,1625449482.0,64.0
-32.31,1625449482.0,64.0
-26.48,1625449482.0,64.0
-19.0,1625449482.0,64.0
-10.74,1625449482.0,64.0
-2.55,1625449482.0,64.0
4.93,1625449482.0,64.0
11.36,1625449482.0,64.0
16.6,1625449482.0,64.0
20.61,1625449482.0,64.0
23.31,1625449482.0,64.0
24.68,1625449482.0,64.0
24.86,1625449482.0,64.0
24.22,1625449482.0,64.0
23.34,1625449482.0,64.0
22.77,1625449482.0,64.0
22.88,1625449482.0,64.0
23.65,1625449482.0,64.0
24.73,1625449482.0,64.0
25.58,1625449482.0,64.0
25.71,1625449482.0,64.0
24.85,1625449482.0,64.0
23.02,1625449482.0,64.0
20.49,1625449482.0,64.0
17.62,1625449482.0,64.0
14.74,1625449482.0,64.0
12.03,1625449482.0,64.0
9.56,1625449482.0,64.0
7.24,1625449482.0,64.0
4.97,1625449482.0,64.0
2.69,1625449482.0,64.0
0.44,1625449482.0,64.0
-1.65,1625449482.0,64.0
-3.45,1625449482.0,64.0
-4.87,1625449482.0,64.0
-6.02,1625449482.0,64.0
-7.11,1625449482.0,64.0
-8.43,1625449482.0,64.0
-10.23,1625449482.0,64.0
-12.64,1625449482.0,64.0
-15.63,1625449482.0,64.0
-19.06,1625449482.0,64.0
-22.67,1625449482.0,64.0
-26.1,1625449482.0,64.0
-28.88,1625449482.0,64.0
-30.46,1625449482.0,64.0
-30.3,1625449482.0,64.0
-28.04,1625449482.0,64.0
-23.62,1625449482.0,64.0
-17.4,1625449482.0,64.0
-10.04,1625449482.0,64.0
-2.27,1625449482.0,64.0
5.3,1625449482.0,64.0
12.34,1625449482.0,64.0
18.71,1625449482.0,64.0
24.32,1625449482.0,64.0
28.95,1625449482.0,64.0
32.27,1625449482.0,64.0
33.99,1625449482.0,64.0
34.02,1625449482.0,64.0
32.69,1625449482.0,64.0
30.63,1625449482.0,64.0
28.56,1625449482.0,64.0
26.98,1625449482.0,64.0
25.98,1625449482.0,64.0
25.23,1625449482.0,64.0
24.18,1625449482.0,64.0
22.39,1625449482.0,64.0
19.71,1625449482.0,64.0
16.32,1625449482.0,64.0
12.58,1625449482.0,64.0
8.85,1625449482.0,64.0
5.33,1625449482.0,64.0
2.06,1625449482.0,64.0
-1.05,1625449482.0,64.0
-4.07,1625449482.0,64.0
-6.97,1625449482.0,64.0
-9.65,1625449482.0,64.0
-11.94,1625449482.0,64.0
-13.73,1625449482.0,64.0
-14.99,1625449482.0,64.0
-15.83,1625449482.0,64.0
-16.5,1625449482.0,64.0
-17.35,1625449482.0,64.0
-18.66,1625449482.0,64.0
-20.61,1625449482.0,64.0
-23.19,1625449482.0,64.0
-26.25,1625449482.0,64.0
-29.56,1625449482.0,64.0
-32.83,1625449482.0,64.0
-35.74,1625449482.0,64.0
-37.86,1625449482.0,64.0
-38.68,1625449482.0,64.0
-37.71,1625449482.0,64.0
-34.67,1625449482.0,64.0
-29.64,1625449482.0,64.0
-23.08,1625449482.0,64.0
-15.69,1625449482.0,64.0
-8.1,1625449482.0,64.0
-0.69,1625449482.0,64.0
6.47,1625449482.0,64.0
13.4,1625449482.0,64.0
20.05,1625449482.0,64.0
26.12,1625449482.0,64.0
31.11,1625449482.0,64.0
34.56,1625449482.0,64.0
36.29,1625449482.0,64.0
36.55,1625449482.0,64.0
35.93,1625449482.0,64.0
35.12,1625449482.0,64.0
34.58,1625449482.0,64.0
34.39,1625449482.0,64.0
34.25,1625449482.0,64.0
33.69,1625449482.0,64.0
32.35,1625449482.0,64.0
30.1,1625449482.0,64.0
27.16,1625449482.0,64.0
23.88,1625449482.0,64.0
20.57,1625449482.0,64.0
17.39,1625449482.0,64.0
14.3,1625449482.0,64.0
11.2,1625449482.0,64.0
7.98,1625449482.0,64.0
4.69,1625449482.0,64.0
1.4,1625449482.0,64.0
-1.72,1625449482.0,64.0
-4.57,1625449482.0,64.0
-7.14,1625449482.0,64.0
-9.47,1625449482.0,64.0
-11.65,1625449482.0,64.0
-13.84,1625449482.0,64.0
-16.21,1625449482.0,64.0
-18.92,1625449482.0,64.0
-22.07,1625449482.0,64.0
-25.64,1625449482.0,64.0
-29.51,1625449482.0,64.0
-33.46,1625449482.0,64.0
-37.17,1625449482.0,64.0
-40.23,1625449482.0,64.0
-42.2,1625449482.0,64.0
-42.58,1625449482.0,64.0
-40.96,1625449482.0,64.0
-37.16,1625449482.0,64.0
-31.29,1625449482.0,64.0
-23.8,1625449482.0,64.0
-15.41,1625449482.0,64.0
-6.82,1625449482.0,64.0
1.4,1625449482.0,64.0
9.0,1625449482.0,64.0
15.91,1625449482.0,64.0
22.11,1625449482.0,64.0
27.46,1625449482.0,64.0
31.64,1625449482.0,64.0
34.33,1625449482.0,64.0
35.4,1625449482.0,64.0
35.1,1625449482.0,64.0
33.97,1625449482.0,64.0
32.71,1625449482.0,64.0
31.84,1625449482.0,64.0
31.5,1625449482.0,64.0
31.49,1625449482.0,64.0
31.36,1625449482.0,64.0
30.7,1625449482.0,64.0
29.27,1625449482.0,64.0
27.11,1625449482.0,64.0
24.44,1625449482.0,64.0
21.53,1625449482.0,64.0
18.59,1625449482.0,64.0
15.72,1625449482.0,64.0
12.94,1625449482.0,64.0
10.24,1625449482.0,64.0
7.65,1625449482.0,64.0
5.21,1625449482.0,64.0
2.92,1625449482.0,64.0
0.74,1625449482.0,64.0
-1.44,1625449482.0,64.0
-3.71,1625449482.0,64.0
-6.15,1625449482.0,64.0
-8.77,1625449482.0,64.0
-11.57,1625449482.0,64.0
-14.52,1625449482.0,64.0
-17.66,1625449482.0,64.0
-21.02,1625449482.0,64.0
-24.63,1625449482.0,64.0
-28.49,1625449482.0,64.0
-32.55,1625449482.0,64.0
-36.62,1625449482.0,64.0
-40.36,1625449482.0,64.0
-43.24,1625449482.0,64.0
-44.58,1625449482.0,64.0
-43.78,1625449482.0,64.0
-40.5,1625449482.0,64.0
-34.85,1625449482.0,64.0
-27.33,1625449482.0,64.0
-18.67,1625449482.0,64.0
-9.6,1625449482.0,64.0
-0.6,1625449482.0,64.0
8.02,1625449482.0,64.0
16.05,1625449482.0,64.0
23.15,1625449482.0,64.0
28.94,1625449482.0,64.0
33.05,1625449482.0,64.0
35.43,1625449482.0,64.0
36.39,1625449482.0,64.0
36.49,1625449482.0,64.0
36.35,1625449482.0,64.0
36.37,1625449482.0,64.0
36.56,1625449482.0,64.0
36.68,1625449482.0,64.0
36.34,1625449482.0,64.0
35.27,1625449482.0,64.0
33.39,1625449482.0,64.0
30.81,1625449482.0,64.0
27.78,1625449482.0,64.0
24.55,1625449482.0,64.0
21.35,1625449482.0,64.0
18.31,1625449482.0,64.0
15.52,1625449482.0,64.0
12.97,1625449482.0,64.0
10.61,1625449482.0,64.0
8.31,1625449482.0,64.0
5.95,1625449482.0,64.0
3.39,1625449482.0,64.0
0.59,1625449482.0,64.0
-2.44,1625449482.0,64.0
-5.59,1625449482.0,64.0
-8.67,1625449482.0,64.0
-11.48,1625449482.0,64.0
-13.9,1625449482.0,64.0
-15.95,1625449482.0,64.0
-17.79,1625449482.0,64.0
-19.69,1625449482.0,64.0
-21.89,1625449482.0,64.0
-24.59,1625449482.0,64.0
-27.81,1625449482.0,64.0
-31.46,1625449482.0,64.0
-35.36,1625449482.0,64.0
-39.17,1625449482.0,64.0
-42.43,1625449482.0,64.0
-44.54,1625449482.0,64.0
-44.87,1625449482.0,64.0
-42.93,1625449482.0,64.0
-38.57,1625449482.0,64.0
-32.03,1625449482.0,64.0
-23.9,1625449482.0,64.0
-14.9,1625449482.0,64.0
-5.67,1625449482.0,64.0
3.33,1625449482.0,64.0
11.75,1625449482.0,64.0
19.28,1625449482.0,64.0
25.56,1625449482.0,64.0
30.22,1625449482.0,64.0
33.09,1625449482.0,64.0
34.32,1625449482.0,64.0
34.36,1625449482.0,64.0
33.85,1625449482.0,64.0
33.39,1625449482.0,64.0
33.28,1625449482.0,64.0
33.51,1625449482.0,64.0
33.79,1625449482.0,64.0
33.73,1625449482.0,64.0
33.05,1625449482.0,64.0
31.64,1625449482.0,64.0
29.6,1625449482.0,64.0
27.12,1625449482.0,64.0
24.38,1625449482.0,64.0
21.49,1625449482.0,64.0
18.46,1625449482.0,64.0
15.24,1625449482.0,64.0
11.84,1625449482.0,64.0
8.36,1625449482.0,64.0
5.0,1625449482.0,64.0
2.03,1625449482.0,64.0
-0.35,1625449482.0,64.0
-2.08,1625449482.0,64.0
-3.31,1625449482.0,64.0
-4.37,1625449482.0,64.0
-5.56,1625449482.0,64.0
-7.13,1625449482.0,64.0
-9.08,1625449482.0,64.0
-11.22,1625449482.0,64.0
-13.31,1625449482.0,64.0
-15.17,1625449482.0,64.0
-16.83,1625449482.0,64.0
-18.51,1625449482.0,64.0
-20.58,1625449482.0,64.0
-23.37,1625449482.0,64.0
-27.02,1625449482.0,64.0
-31.44,1625449482.0,64.0
-36.22,1625449482.0,64.0
-40.7,1625449482.0,64.0
-44.06,1625449482.0,64.0
-45.54,1625449482.0,64.0
-44.61,1625449482.0,64.0
-41.13,1625449482.0,64.0
-35.46,1625449482.0,64.0
-28.33,1625449482.0,64.0
-20.55,1625449482.0,64.0
-12.78,1625449482.0,64.0
-5.25,1625449482.0,64.0
2.19,1625449482.0,64.0
9.82,1625449482.0,64.0
17.75,1625449482.0,64.0
25.73,1625449482.0,64.0
33.16,1625449482.0,64.0
39.35,1625449482.0,64.0
43.84,1625449482.0,64.0
46.57,1625449482.0,64.0
47.81,1625449482.0,64.0
47.94,1625449482.0,64.0
47.3,1625449482.0,64.0
46.03,1625449482.0,64.0
44.17,1625449482.0,64.0
41.68,1625449482.0,64.0
38.6,1625449482.0,64.0
35.05,1625449482.0,64.0
31.14,1625449482.0,64.0
26.94,1625449482.0,64.0
22.49,1625449482.0,64.0
17.87,1625449482.0,64.0
13.23,1625449482.0,64.0
8.81,1625449482.0,64.0
4.84,1625449482.0,64.0
1.51,1625449482.0,64.0
-1.03,1625449482.0,64.0
-2.74,1625449482.0,64.0
-3.63,1625449482.0,64.0
-3.85,1625449482.0,64.0
-3.77,1625449482.0,64.0
-3.9,1625449482.0,64.0
-4.84,1625449482.0,64.0
-7.07,1625449482.0,64.0
-10.77,1625449482.0,64.0
-15.73,1625449482.0,64.0
-21.42,1625449482.0,64.0
-27.22,1625449482.0,64.0
-32.61,1625449482.0,64.0
-37.37,1625449482.0,64.0
-41.47,1625449482.0,64.0
-45.03,1625449482.0,64.0
-48.12,1625449482.0,64.0
-50.74,1625449482.0,64.0
-52.88,1625449482.0,64.0
-54.55,1625449482.0,64.0
-55.76,1625449482.0,64.0
-56.49,1625449482.0,64.0
-56.52,1625449482.0,64.0
-55.5,1625449482.0,64.0
-53.0,1625449482.0,64.0
-48.78,1625449482.0,64.0
-42.9,1625449482.0,64.0
-35.79,1625449482.0,64.0
-28.02,1625449482.0,64.0
-20.13,1625449482.0,64.0
-12.44,1625449482.0,64.0
-5.06,1625449482.0,64.0
1.88,1625449482.0,64.0
8.11,1625449482.0,64.0
13.12,1625449482.0,64.0
16.38,1625449482.0,64.0
17.61,1625449482.0,64.0
17.04,1625449482.0,64.0
15.41,1625449482.0,64.0
13.74,1625449482.0,64.0
12.95,1625449482.0,64.0
13.48,1625449482.0,64.0
15.17,1625449482.0,64.0
17.39,1625449482.0,64.0
19.38,1625449482.0,64.0
20.53,1625449482.0,64.0
20.58,1625449482.0,64.0
19.64,1625449482.0,64.0
18.0,1625449482.0,64.0
15.99,1625449482.0,64.0
13.81,1625449482.0,64.0
11.55,1625449482.0,64.0
9.23,1625449482.0,64.0
6.91,1625449482.0,64.0
4.68,1625449482.0,64.0
2.66,1625449482.0,64.0
0.93,1625449482.0,64.0
-0.51,1625449482.0,64.0
-1.7,1625449482.0,64.0
-2.74,1625449482.0,64.0
-3.7,1625449482.0,64.0
-4.58,1625449482.0,64.0
-5.39,1625449482.0,64.0
-6.17,1625449482.0,64.0
-7.02,1625449482.0,64.0
-8.1,1625449482.0,64.0
-9.51,1625449482.0,64.0
-11.28,1625449482.0,64.0
-13.32,1625449482.0,64.0
-15.56,1625449482.0,64.0
-17.97,1625449482.0,64.0
-20.57,1625449482.0,64.0
-23.31,1625449482.0,64.0
-25.99,1625449482.0,64.0
-28.13,1625449482.0,64.0
-29.1,1625449482.0,64.0
-28.37,1625449482.0,64.0
-25.68,1625449482.0,64.0
-21.24,1625449482.0,64.0
-15.55,1625449482.0,64.0
-9.21,1625449482.0,64.0
-2.65,1625449482.0,64.0
3.91,1625449482.0,64.0
10.39,1625449482.0,64.0
16.6,1625449482.0,64.0
22.15,1625449482.0,64.0
26.57,1625449482.0,64.0
29.48,1625449482.0,64.0
30.87,1625449482.0,64.0
31.16,1625449482.0,64.0
31.04,1625449482.0,64.0
31.19,1625449482.0,64.0
31.97,1625449482.0,64.0
33.4,1625449482.0,64.0
35.12,1625449482.0,64.0
36.57,1625449482.0,64.0
37.17,1625449482.0,64.0
36.46,1625449482.0,64.0
34.24,1625449482.0,64.0
30.56,1625449482.0,64.0
25.83,1625449482.0,64.0
20.61,1625449482.0,64.0
15.5,1625449482.0,64.0
10.89,1625449482.0,64.0
6.92,1625449482.0,64.0
3.44,1625449482.0,64.0
0.2,1625449482.0,64.0
-2.94,1625449482.0,64.0
-5.92,1625449482.0,64.0
-8.52,1625449482.0,64.0
-10.46,1625449482.0,64.0
-11.63,1625449482.0,64.0
-12.08,1625449482.0,64.0
-12.1,1625449482.0,64.0
-12.1,1625449482.0,64.0
-12.52,1625449482.0,64.0
-13.71,1625449482.0,64.0
-15.96,1625449482.0,64.0
-19.38,1625449482.0,64.0
-23.95,1625449482.0,64.0
-29.42,1625449482.0,64.0
-35.33,1625449482.0,64.0
-40.92,1625449482.0,64.0
-45.29,1625449482.0,64.0
-47.56,1625449482.0,64.0
-47.09,1625449482.0,64.0
-43.69,1625449482.0,64.0
-37.68,1625449482.0,64.0
-29.75,1625449482.0,64.0
-20.77,1625449482.0,64.0
-11.5,1625449482.0,64.0
-2.45,1625449482.0,64.0
6.11,1625449482.0,64.0
14.03,1625449482.0,64.0
21.09,1625449482.0,64.0
26.98,1625449482.0,64.0
31.33,1625449482.0,64.0
33.91,1625449482.0,64.0
34.79,1625449482.0,64.0
34.38,1625449482.0,64.0
33.32,1625449482.0,64.0
32.23,1625449482.0,64.0
31.48,1625449482.0,64.0
31.07,1625449482.0,64.0
30.66,1625449482.0,64.0
29.81,1625449482.0,64.0
28.22,1625449482.0,64.0
25.89,1625449482.0,64.0
23.06,1625449482.0,64.0
20.08,1625449482.0,64.0
17.23,1625449482.0,64.0
14.6,1625449482.0,64.0
12.12,1625449482.0,64.0
9.67,1625449482.0,64.0
7.14,1625449482.0,64.0
4.48,1625449482.0,64.0
1.75,1625449482.0,64.0
-1.0,1625449482.0,64.0
-3.71,1625449482.0,64.0
-6.33,1625449482.0,64.0
-8.91,1625449482.0,64.0
-11.51,1625449482.0,64.0
-14.24,1625449482.0,64.0
-17.18,1625449482.0,64.0
-20.38,1625449482.0,64.0
-23.79,1625449482.0,64.0
-27.33,1625449482.0,64.0
-30.86,1625449482.0,64.0
-34.27,1625449482.0,64.0
-37.5,1625449482.0,64.0
-40.41,1625449482.0,64.0
-42.78,1625449482.0,64.0
-44.2,1625449482.0,64.0
-44.17,1625449482.0,64.0
-42.23,1625449482.0,64.0
-38.18,1625449482.0,64.0
-32.23,1625449482.0,64.0
-24.9,1625449482.0,64.0
-16.93,1625449482.0,64.0
-8.89,1625449482.0,64.0
-1.13,1625449482.0,64.0
6.32,1625449482.0,64.0
13.52,1625449482.0,64.0
20.43,1625449482.0,64.0
26.72,1625449482.0,64.0
31.86,1625449482.0,64.0
35.36,1625449482.0,64.0
37.04,1625449482.0,64.0
37.15,1625449482.0,64.0
36.33,1625449482.0,64.0
35.29,1625449482.0,64.0
34.52,1625449482.0,64.0
34.13,1625449482.0,64.0
33.88,1625449482.0,64.0
33.39,1625449482.0,64.0
32.36,1625449482.0,64.0
30.67,1625449482.0,64.0
28.37,1625449482.0,64.0
25.59,1625449482.0,64.0
22.4,1625449482.0,64.0
18.89,1625449482.0,64.0
15.16,1625449482.0,64.0
11.47,1625449482.0,64.0
8.07,1625449482.0,64.0
5.19,1625449482.0,64.0
2.85,1625449482.0,64.0
0.9,1625449482.0,64.0
-1.02,1625449482.0,64.0
-3.23,1625449482.0,64.0
-5.94,1625449482.0,64.0
-9.13,1625449482.0,64.0
-12.58,1625449482.0,64.0
-15.83,1625449482.0,64.0
-18.31,1625449482.0,64.0
-19.5,1625449482.0,64.0
-19.14,1625449482.0,64.0
-17.44,1625449482.0,64.0
-15.16,1625449482.0,64.0
-13.46,1625449482.0,64.0
-13.47,1625449482.0,64.0
-15.82,1625449482.0,64.0
-20.24,1625449482.0,64.0
-25.63,1625449482.0,64.0
-30.49,1625449482.0,64.0
-33.52,1625449482.0,64.0
-34.14,1625449482.0,64.0
-32.6,1625449482.0,64.0
-29.69,1625449482.0,64.0
-26.22,1625449482.0,64.0
-22.6,1625449482.0,64.0
-18.73,1625449482.0,64.0
-14.21,1625449482.0,64.0
-8.76,1625449482.0,64.0
-2.48,1625449482.0,64.0
4.19,1625449482.0,64.0
10.68,1625449482.0,64.0
16.62,1625449482.0,64.0
21.96,1625449482.0,64.0
26.9,1625449482.0,64.0
31.57,1625449482.0,64.0
35.83,1625449482.0,64.0
39.21,1625449482.0,64.0
41.13,1625449482.0,64.0
41.13,1625449482.0,64.0
39.2,1625449482.0,64.0
35.72,1625449482.0,64.0
31.31,1625449482.0,64.0
26.67,1625449482.0,64.0
22.25,1625449482.0,64.0
18.31,1625449482.0,64.0
14.91,1625449482.0,64.0
11.99,1625449482.0,64.0
9.5,1625449482.0,64.0
7.44,1625449482.0,64.0
5.81,1625449482.0,64.0
4.62,1625449482.0,64.0
3.87,1625449482.0,64.0
3.46,1625449482.0,64.0
3.26,1625449482.0,64.0
3.03,1625449482.0,64.0
2.5,1625449482.0,64.0
1.42,1625449482.0,64.0
-0.41,1625449482.0,64.0
-3.08,1625449482.0,64.0
-6.58,1625449482.0,64.0
-10.79,1625449482.0,64.0
-15.51,1625449482.0,64.0
-20.56,1625449482.0,64.0
-25.79,1625449482.0,64.0
-31.12,1625449482.0,64.0
-36.43,1625449482.0,64.0
-41.45,1625449482.0,64.0
-45.69,1625449482.0,64.0
-48.5,1625449482.0,64.0
-49.24,1625449482.0,64.0
-47.56,1625449482.0,64.0
-43.52,1625449482.0,64.0
-37.58,1625449482.0,64.0
-30.38,1625449482.0,64.0
-22.46,1625449482.0,64.0
-14.16,1625449482.0,64.0
-5.65,1625449482.0,64.0
2.84,1625449482.0,64.0
10.89,1625449482.0,64.0
17.85,1625449482.0,64.0
23.03,1625449482.0,64.0
26.06,1625449482.0,64.0
27.04,1625449482.0,64.0
26.57,1625449482.0,64.0
25.45,1625449482.0,64.0
24.42,1625449482.0,64.0
23.8,1625449482.0,64.0
23.55,1625449482.0,64.0
23.3,1625449482.0,64.0
22.65,1625449482.0,64.0
21.31,1625449482.0,64.0
19.23,1625449482.0,64.0
16.59,1625449482.0,64.0
13.67,1625449482.0,64.0
10.75,1625449482.0,64.0
8.05,1625449482.0,64.0
5.7,1625449482.0,64.0
3.71,1625449482.0,64.0
2.03,1625449482.0,64.0
0.56,1625449482.0,64.0
-0.86,1625449482.0,64.0
-2.39,1625449482.0,64.0
-4.2,1625449482.0,64.0
-6.38,1625449482.0,64.0
-8.9,1625449482.0,64.0
-11.67,1625449482.0,64.0
-14.5,1625449482.0,64.0
-17.27,1625449482.0,64.0
-19.89,1625449482.0,64.0
-22.35,1625449482.0,64.0
-24.65,1625449482.0,64.0
-26.81,1625449482.0,64.0
-28.84,1625449482.0,64.0
-30.88,1625449482.0,64.0
-33.11,1625449482.0,64.0
-35.68,1625449482.0,64.0
-38.53,1625449482.0,64.0
-41.15,1625449482.0,64.0
-42.67,1625449482.0,64.0
-42.14,1625449482.0,64.0
-38.97,1625449482.0,64.0
-33.22,1625449482.0,64.0
-25.63,1625449482.0,64.0
-17.26,1625449482.0,64.0
-9.1,1625449482.0,64.0
-1.75,1625449482.0,64.0
4.64,1625449482.0,64.0
10.14,1625449482.0,64.0
14.81,1625449482.0,64.0
18.63,1625449482.0,64.0
21.63,1625449482.0,64.0
24.04,1625449482.0,64.0
26.33,1625449482.0,64.0
29.03,1625449482.0,64.0
32.36,1625449482.0,64.0
36.02,1625449482.0,64.0
39.24,1625449482.0,64.0
41.06,1625449482.0,64.0
40.83,1625449482.0,64.0
38.5,1625449482.0,64.0
34.64,1625449482.0,64.0
30.13,1625449482.0,64.0
25.73,1625449482.0,64.0
21.75,1625449482.0,64.0
18.02,1625449482.0,64.0
14.1,1625449482.0,64.0
9.64,1625449482.0,64.0
4.73,1625449482.0,64.0
-0.11,1625449482.0,64.0
-4.13,1625449482.0,64.0
-6.7,1625449482.0,64.0
-7.61,1625449482.0,64.0
-7.16,1625449482.0,64.0
-5.97,1625449482.0,64.0
-4.7,1625449482.0,64.0
-3.81,1625449482.0,64.0
-3.51,1625449482.0,64.0
-3.89,1625449482.0,64.0
-5.04,1625449482.0,64.0
-7.14,1625449482.0,64.0
-10.38,1625449482.0,64.0
-14.78,1625449482.0,64.0
-20.1,1625449482.0,64.0
-25.81,1625449482.0,64.0
-31.15,1625449482.0,64.0
-35.25,1625449482.0,64.0
-37.37,1625449482.0,64.0
-37.0,1625449482.0,64.0
-34.05,1625449482.0,64.0
-28.8,1625449482.0,64.0
-21.86,1625449482.0,64.0
-13.95,1625449482.0,64.0
-5.65,1625449482.0,64.0
2.7,1625449482.0,64.0
10.98,1625449482.0,64.0
19.09,1625449482.0,64.0
26.74,1625449482.0,64.0
33.28,1625449482.0,64.0
37.99,1625449482.0,64.0
40.29,1625449482.0,64.0
40.19,1625449482.0,64.0
38.26,1625449482.0,64.0
35.49,1625449482.0,64.0
32.89,1625449482.0,64.0
31.07,1625449482.0,64.0
30.14,1625449482.0,64.0
29.7,1625449482.0,64.0
29.13,1625449482.0,64.0
27.9,1625449482.0,64.0
25.74,1625449482.0,64.0
22.74,1625449482.0,64.0
19.23,1625449482.0,64.0
15.66,1625449482.0,64.0
12.36,1625449482.0,64.0
9.49,1625449482.0,64.0
7.0,1625449482.0,64.0
4.71,1625449482.0,64.0
2.42,1625449482.0,64.0
0.02,1625449482.0,64.0
-2.47,1625449482.0,64.0
-4.93,1625449482.0,64.0
-7.25,1625449482.0,64.0
-9.35,1625449482.0,64.0
-11.29,1625449482.0,64.0
-13.22,1625449482.0,64.0
-15.31,1625449482.0,64.0
-17.76,1625449482.0,64.0
-20.7,1625449482.0,64.0
-24.16,1625449482.0,64.0
-28.06,1625449482.0,64.0
-32.21,1625449482.0,64.0
-36.32,1625449482.0,64.0
-40.02,1625449482.0,64.0
-42.89,1625449482.0,64.0
-44.49,1625449482.0,64.0
-44.41,1625449482.0,64.0
-42.37,1625449482.0,64.0
-38.37,1625449482.0,64.0
-32.68,1625449482.0,64.0
-25.8,1625449482.0,64.0
-18.26,1625449482.0,64.0
-10.5,1625449482.0,64.0
-2.77,1625449482.0,64.0
4.85,1625449482.0,64.0
12.26,1625449482.0,64.0
19.2,1625449482.0,64.0
25.26,1625449482.0,64.0
30.0,1625449482.0,64.0
33.12,1625449482.0,64.0
34.65,1625449482.0,64.0
34.93,1625449482.0,64.0
34.48,1625449482.0,64.0
33.79,1625449482.0,64.0
33.13,1625449482.0,64.0
32.49,1625449482.0,64.0
31.69,1625449482.0,64.0
30.48,1625449482.0,64.0
28.7,1625449482.0,64.0
26.31,1625449482.0,64.0
23.38,1625449482.0,64.0
20.08,1625449482.0,64.0
16.61,1625449482.0,64.0
13.17,1625449482.0,64.0
9.9,1625449482.0,64.0
6.87,1625449482.0,64.0
4.02,1625449482.0,64.0
1.19,1625449482.0,64.0
-1.72,1625449482.0,64.0
-4.71,1625449482.0,64.0
-7.65,1625449482.0,64.0
-10.34,1625449482.0,64.0
-12.63,1625449482.0,64.0
-14.56,1625449482.0,64.0
-16.34,1625449482.0,64.0
-18.25,1625449482.0,64.0
-20.55,1625449482.0,64.0
-23.3,1625449482.0,64.0
-26.43,1625449482.0,64.0
-29.79,1625449482.0,64.0
-33.26,1625449482.0,64.0
-36.87,1625449482.0,64.0
-40.62,1625449482.0,64.0
-44.39,1625449482.0,64.0
-47.84,1625449482.0,64.0
-50.32,1625449482.0,64.0
-51.14,1625449482.0,64.0
-49.71,1625449482.0,64.0
-45.83,1625449482.0,64.0
-39.68,1625449482.0,64.0
-31.74,1625449482.0,64.0
-22.51,1625449482.0,64.0
-12.34,1625449482.0,64.0
-1.48,1625449482.0,64.0
9.83,1625449482.0,64.0
21.09,1625449482.0,64.0
31.52,1625449482.0,64.0
40.21,1625449482.0,64.0
46.39,1625449482.0,64.0
49.79,1625449482.0,64.0
50.69,1625449482.0,64.0
49.81,1625449482.0,64.0
47.93,1625449482.0,64.0
45.6,1625449482.0,64.0
42.98,1625449482.0,64.0
39.99,1625449482.0,64.0
36.5,1625449482.0,64.0
32.6,1625449482.0,64.0
28.66,1625449482.0,64.0
25.18,1625449482.0,64.0
22.53,1625449482.0,64.0
20.82,1625449482.0,64.0
19.85,1625449482.0,64.0
19.19,1625449482.0,64.0
18.42,1625449482.0,64.0
17.27,1625449482.0,64.0
15.59,1625449482.0,64.0
13.34,1625449482.0,64.0
10.47,1625449482.0,64.0
6.9,1625449482.0,64.0
2.61,1625449482.0,64.0
-2.31,1625449482.0,64.0
-7.53,1625449482.0,64.0
-12.58,1625449482.0,64.0
-16.92,1625449482.0,64.0
-20.15,1625449482.0,64.0
-22.13,1625449482.0,64.0
-23.07,1625449482.0,64.0
-23.44,1625449482.0,64.0
-23.87,1625449482.0,64.0
-24.9,1625449482.0,64.0
-26.85,1625449482.0,64.0
-29.75,1625449482.0,64.0
-33.39,1625449482.0,64.0
-37.38,1625449482.0,64.0
-41.34,1625449482.0,64.0
-44.86,1625449482.0,64.0
-47.56,1625449482.0,64.0
-48.98,1625449482.0,64.0
-48.68,1625449482.0,64.0
-46.34,1625449482.0,64.0
-41.94,1625449482.0,64.0
-35.78,1625449482.0,64.0
-28.43,1625449482.0,64.0
-20.47,1625449482.0,64.0
-12.26,1625449482.0,64.0
-3.95,1625449482.0,64.0
4.39,1625449482.0,64.0
12.53,1625449482.0,64.0
19.93,1625449482.0,64.0
25.87,1625449482.0,64.0
29.76,1625449482.0,64.0
31.5,1625449482.0,64.0
31.54,1625449482.0,64.0
30.73,1625449482.0,64.0
29.87,1625449482.0,64.0
29.36,1625449482.0,64.0
29.12,1625449482.0,64.0
28.74,1625449482.0,64.0
27.83,1625449482.0,64.0
26.29,1625449482.0,64.0
24.3,1625449482.0,64.0
22.16,1625449482.0,64.0
20.08,1625449482.0,64.0
17.99,1625449482.0,64.0
15.68,1625449482.0,64.0
12.95,1625449482.0,64.0
9.76,1625449482.0,64.0
6.34,1625449482.0,64.0
3.06,1625449482.0,64.0
0.22,1625449482.0,64.0
-2.03,1625449482.0,64.0
-3.8,1625449482.0,64.0
-5.32,1625449482.0,64.0
-6.85,1625449482.0,64.0
-8.55,1625449482.0,64.0
-10.47,1625449482.0,64.0
-12.52,1625449482.0,64.0
-14.56,1625449482.0,64.0
-16.51,1625449482.0,64.0
-18.37,1625449482.0,64.0
-20.23,1625449482.0,64.0
-22.26,1625449482.0,64.0
-24.59,1625449482.0,64.0
-27.31,1625449482.0,64.0
-30.45,1625449482.0,64.0
-33.94,1625449482.0,64.0
-37.64,1625449482.0,64.0
-41.26,1625449482.0,64.0
-44.35,1625449482.0,64.0
-46.34,1625449482.0,64.0
-46.63,1625449482.0,64.0
-44.81,1625449482.0,64.0
-40.74,1625449482.0,64.0
-34.7,1625449482.0,64.0
-27.2,1625449482.0,64.0
-18.88,1625449482.0,64.0
-10.31,1625449482.0,64.0
-1.92,1625449482.0,64.0
5.89,1625449482.0,64.0
12.76,1625449482.0,64.0
18.3,1625449482.0,64.0
22.26,1625449482.0,64.0
24.65,1625449482.0,64.0
25.78,1625449482.0,64.0
26.28,1625449482.0,64.0
26.8,1625449482.0,64.0
27.86,1625449482.0,64.0
29.56,1625449482.0,64.0
31.56,1625449482.0,64.0
33.2,1625449482.0,64.0
33.82,1625449482.0,64.0
33.08,1625449482.0,64.0
31.23,1625449482.0,64.0
29.03,1625449482.0,64.0
27.39,1625449482.0,64.0
26.95,1625449482.0,64.0
27.67,1625449482.0,64.0
28.82,1625449482.0,64.0
29.37,1625449482.0,64.0
28.46,1625449482.0,64.0
25.85,1625449482.0,64.0
21.98,1625449482.0,64.0
17.59,1625449482.0,64.0
13.29,1625449482.0,64.0
9.26,1625449482.0,64.0
5.24,1625449482.0,64.0
0.86,1625449482.0,64.0
-4.05,1625449482.0,64.0
-9.28,1625449482.0,64.0
-14.35,1625449482.0,64.0
-18.78,1625449482.0,64.0
-22.3,1625449482.0,64.0
-24.95,1625449482.0,64.0
-26.99,1625449482.0,64.0
-28.75,1625449482.0,64.0
-30.42,1625449482.0,64.0
-32.04,1625449482.0,64.0
-33.4,1625449482.0,64.0
-34.14,1625449482.0,64.0
-33.88,1625449482.0,64.0
-32.37,1625449482.0,64.0
-29.58,1625449482.0,64.0
-25.78,1625449482.0,64.0
-21.43,1625449482.0,64.0
-16.99,1625449482.0,64.0
-12.64,1625449482.0,64.0
-8.23,1625449482.0,64.0
-3.31,1625449482.0,64.0
2.55,1625449482.0,64.0
9.42,1625449482.0,64.0
16.85,1625449482.0,64.0
23.99,1625449482.0,64.0
29.88,1625449482.0,64.0
33.89,1625449482.0,64.0
35.95,1625449482.0,64.0
36.52,1625449482.0,64.0
36.36,1625449482.0,64.0
36.14,1625449482.0,64.0
36.19,1625449482.0,64.0
36.39,1625449482.0,64.0
36.41,1625449482.0,64.0
35.89,1625449482.0,64.0
34.6,1625449482.0,64.0
32.53,1625449482.0,64.0
29.82,1625449482.0,64.0
26.64,1625449482.0,64.0
23.16,1625449482.0,64.0
19.55,1625449482.0,64.0
15.98,1625449482.0,64.0
12.65,1625449482.0,64.0
9.74,1625449482.0,64.0
7.33,1625449482.0,64.0
5.38,1625449482.0,64.0
3.66,1625449482.0,64.0
1.89,1625449482.0,64.0
-0.21,1625449482.0,64.0
-2.77,1625449482.0,64.0
-5.74,1625449482.0,64.0
-8.93,1625449482.0,64.0
-12.12,1625449482.0,64.0
-15.14,1625449482.0,64.0
-17.98,1625449482.0,64.0
-20.8,1625449482.0,64.0
-23.81,1625449482.0,64.0
-27.2,1625449482.0,64.0
-31.04,1625449482.0,64.0
-35.2,1625449482.0,64.0
-39.44,1625449482.0,64.0
-43.31,1625449482.0,64.0
-46.27,1625449482.0,64.0
-47.76,1625449482.0,64.0
-47.3,1625449482.0,64.0
-44.69,1625449482.0,64.0
-40.02,1625449482.0,64.0
-33.71,1625449482.0,64.0
-26.36,1625449482.0,64.0
-18.52,1625449482.0,64.0
-10.51,1625449482.0,64.0
-2.45,1625449482.0,64.0
5.69,1625449482.0,64.0
13.82,1625449482.0,64.0
21.59,1625449482.0,64.0
28.42,1625449482.0,64.0
33.65,1625449482.0,64.0
36.89,1625449482.0,64.0
38.15,1625449482.0,64.0
37.88,1625449482.0,64.0
36.82,1625449482.0,64.0
35.67,1625449482.0,64.0
34.85,1625449482.0,64.0
34.38,1625449482.0,64.0
33.98,1625449482.0,64.0
33.27,1625449482.0,64.0
31.94,1625449482.0,64.0
29.93,1625449482.0,64.0
27.32,1625449482.0,64.0
24.33,1625449482.0,64.0
21.15,1625449482.0,64.0
17.94,1625449482.0,64.0
14.8,1625449482.0,64.0
11.76,1625449482.0,64.0
8.84,1625449482.0,64.0
6.03,1625449482.0,64.0
3.3,1625449482.0,64.0
0.64,1625449482.0,64.0
-1.98,1625449482.0,64.0
-4.51,1625449482.0,64.0
-6.91,1625449482.0,64.0
-9.09,1625449482.0,64.0
-10.98,1625449482.0,64.0
-12.62,1625449482.0,64.0
-14.11,1625449482.0,64.0
-15.71,1625449482.0,64.0
-17.68,1625449482.0,64.0
-20.29,1625449482.0,64.0
-23.64,1625449482.0,64.0
-27.65,1625449482.0,64.0
-31.99,1625449482.0,64.0
-36.12,1625449482.0,64.0
-39.43,1625449482.0,64.0
-41.25,1625449482.0,64.0
-41.03,1625449482.0,64.0
-38.46,1625449482.0,64.0
-33.64,1625449482.0,64.0
-27.11,1625449482.0,64.0
-19.72,1625449482.0,64.0
-12.43,1625449482.0,64.0
-5.91,1625449482.0,64.0
-0.34,1625449482.0,64.0
4.67,1625449482.0,64.0
9.7,1625449482.0,64.0
15.22,1625449482.0,64.0
21.16,1625449482.0,64.0
26.95,1625449482.0,64.0
31.72,1625449482.0,64.0
34.67,1625449482.0,64.0
35.45,1625449482.0,64.0
34.18,1625449482.0,64.0
31.36,1625449482.0,64.0
27.53,1625449482.0,64.0
23.09,1625449482.0,64.0
18.34,1625449482.0,64.0
13.57,1625449482.0,64.0
9.21,1625449482.0,64.0
5.81,1625449482.0,64.0
3.91,1625449482.0,64.0
3.72,1625449482.0,64.0
4.95,1625449482.0,64.0
6.84,1625449482.0,64.0
8.44,1625449482.0,64.0
8.98,1625449482.0,64.0
8.17,1625449482.0,64.0
6.21,1625449482.0,64.0
3.6,1625449482.0,64.0
0.79,1625449482.0,64.0
-2.05,1625449482.0,64.0
-5.05,1625449482.0,64.0
-8.48,1625449482.0,64.0
-12.43,1625449482.0,64.0
-16.69,1625449482.0,64.0
-20.81,1625449482.0,64.0
-24.27,1625449482.0,64.0
-26.79,1625449482.0,64.0
-28.4,1625449482.0,64.0
-29.48,1625449482.0,64.0
-30.48,1625449482.0,64.0
-31.79,1625449482.0,64.0
-33.57,1625449482.0,64.0
-35.84,1625449482.0,64.0
-38.54,1625449482.0,64.0
-41.57,1625449482.0,64.0
-44.77,1625449482.0,64.0
-47.81,1625449482.0,64.0
-50.13,1625449482.0,64.0
-51.01,1625449482.0,64.0
-49.83,1625449482.0,64.0
-46.28,1625449482.0,64.0
-40.54,1625449482.0,64.0
-33.22,1625449482.0,64.0
-25.12,1625449482.0,64.0
-16.87,1625449482.0,64.0
-8.8,1625449482.0,64.0
-1.01,1625449482.0,64.0
6.44,1625449482.0,64.0
13.34,1625449482.0,64.0
19.26,1625449482.0,64.0
23.72,1625449482.0,64.0
26.48,1625449482.0,64.0
27.7,1625449482.0,64.0
27.89,1625449482.0,64.0
27.7,1625449482.0,64.0
27.6,1625449482.0,64.0
27.74,1625449482.0,64.0
27.96,1625449482.0,64.0
27.91,1625449482.0,64.0
27.33,1625449482.0,64.0
26.14,1625449482.0,64.0
24.42,1625449482.0,64.0
22.37,1625449482.0,64.0
20.18,1625449482.0,64.0
17.94,1625449482.0,64.0
15.68,1625449482.0,64.0
13.42,1625449482.0,64.0
11.17,1625449482.0,64.0
8.98,1625449482.0,64.0
6.93,1625449482.0,64.0
5.11,1625449482.0,64.0
3.52,1625449482.0,64.0
2.15,1625449482.0,64.0
0.88,1625449482.0,64.0
-0.41,1625449482.0,64.0
-1.84,1625449482.0,64.0
-3.53,1625449482.0,64.0
-5.51,1625449482.0,64.0
-7.77,1625449482.0,64.0
-10.24,1625449482.0,64.0
-12.8,1625449482.0,64.0
-15.35,1625449482.0,64.0
-17.83,1625449482.0,64.0
-20.31,1625449482.0,64.0
-22.93,1625449482.0,64.0
-25.78,1625449482.0,64.0
-28.65,1625449482.0,64.0
-30.96,1625449482.0,64.0
-31.86,1625449482.0,64.0
-30.58,1625449482.0,64.0
-26.79,1625449482.0,64.0
-20.78,1625449482.0,64.0
-13.42,1625449482.0,64.0
-5.75,1625449482.0,64.0
1.46,1625449482.0,64.0
7.96,1625449482.0,64.0
13.9,1625449482.0,64.0
19.52,1625449482.0,64.0
24.75,1625449482.0,64.0
29.19,1625449482.0,64.0
32.26,1625449482.0,64.0
33.6,1625449482.0,64.0
33.3,1625449482.0,64.0
31.91,1625449482.0,64.0
30.17,1625449482.0,64.0
28.69,1625449482.0,64.0
27.71,1625449482.0,64.0
27.1,1625449482.0,64.0
26.6,1625449482.0,64.0
25.96,1625449482.0,64.0
25.09,1625449482.0,64.0
24.05,1625449482.0,64.0
22.88,1625449482.0,64.0
21.5,1625449482.0,64.0
19.77,1625449482.0,64.0
17.55,1625449482.0,64.0
14.91,1625449482.0,64.0
12.09,1625449482.0,64.0
9.46,1625449482.0,64.0
7.33,1625449482.0,64.0
5.8,1625449482.0,64.0
4.75,1625449482.0,64.0
3.93,1625449482.0,64.0
3.1,1625449482.0,64.0
2.09,1625449482.0,64.0
0.83,1625449482.0,64.0
-0.76,1625449482.0,64.0
-2.86,1625449482.0,64.0
-5.7,1625449482.0,64.0
-9.52,1625449482.0,64.0
-14.43,1625449482.0,64.0
-20.43,1625449482.0,64.0
-27.42,1625449482.0,64.0
-35.22,1625449482.0,64.0
-43.51,1625449482.0,64.0
-51.6,1625449482.0,64.0
-58.42,1625449482.0,64.0
-62.6,1625449482.0,64.0
-62.93,1625449482.0,64.0
-58.78,1625449482.0,64.0
-50.47,1625449482.0,64.0
-39.18,1625449482.0,64.0
-26.55,1625449482.0,64.0
-14.15,1625449482.0,64.0
-3.05,1625449482.0,64.0
6.37,1625449482.0,64.0
14.15,1625449482.0,64.0
20.48,1625449482.0,64.0
25.4,1625449482.0,64.0
28.79,1625449482.0,64.0
30.57,1625449482.0,64.0
30.89,1625449482.0,64.0
30.23,1625449482.0,64.0
29.32,1625449482.0,64.0
28.79,1625449482.0,64.0
28.97,1625449482.0,64.0
29.73,1625449482.0,64.0
30.6,1625449482.0,64.0
31.06,1625449482.0,64.0
30.79,1625449482.0,64.0
29.81,1625449482.0,64.0
28.35,1625449482.0,64.0
26.68,1625449482.0,64.0
24.89,1625449482.0,64.0
22.94,1625449482.0,64.0
20.69,1625449482.0,64.0
18.06,1625449482.0,64.0
15.11,1625449482.0,64.0
12.0,1625449482.0,64.0
8.87,1625449482.0,64.0
5.78,1625449482.0,64.0
2.7,1625449482.0,64.0
-0.43,1625449482.0,64.0
-3.59,1625449482.0,64.0
-6.72,1625449482.0,64.0
-9.7,1625449482.0,64.0
-12.43,1625449482.0,64.0
-14.9,1625449482.0,64.0
-17.21,1625449482.0,64.0
-19.54,1625449482.0,64.0
-22.04,1625449482.0,64.0
-24.86,1625449482.0,64.0
-28.05,1625449482.0,64.0
-31.61,1625449482.0,64.0
-35.42,1625449482.0,64.0
-39.24,1625449482.0,64.0
-42.61,1625449482.0,64.0
-44.97,1625449482.0,64.0
-45.69,1625449482.0,64.0
-44.34,1625449482.0,64.0
-40.85,1625449482.0,64.0
-35.56,1625449482.0,64.0
-29.09,1625449482.0,64.0
-22.04,1625449482.0,64.0
-14.81,1625449482.0,64.0
-7.46,1625449482.0,64.0
0.14,1625449482.0,64.0
8.09,1625449482.0,64.0
16.18,1625449482.0,64.0
23.91,1625449482.0,64.0
30.57,1625449482.0,64.0
35.59,1625449482.0,64.0
38.74,1625449482.0,64.0
40.26,1625449482.0,64.0
40.62,1625449482.0,64.0
40.4,1625449482.0,64.0
39.98,1625449482.0,64.0
39.48,1625449482.0,64.0
38.84,1625449482.0,64.0
37.94,1625449482.0,64.0
36.71,1625449482.0,64.0
35.16,1625449482.0,64.0
33.27,1625449482.0,64.0
30.96,1625449482.0,64.0
28.07,1625449482.0,64.0
24.46,1625449482.0,64.0
20.14,1625449482.0,64.0
15.31,1625449482.0,64.0
10.37,1625449482.0,64.0
5.77,1625449482.0,64.0
1.86,1625449482.0,64.0
-1.16,1625449482.0,64.0
-3.4,1625449482.0,64.0
-5.09,1625449482.0,64.0
-6.55,1625449482.0,64.0
-8.05,1625449482.0,64.0
-9.75,1625449482.0,64.0
-11.71,1625449482.0,64.0
-13.86,1625449482.0,64.0
-16.18,1625449482.0,64.0
-18.71,1625449482.0,64.0
-21.54,1625449482.0,64.0
-24.78,1625449482.0,64.0
-28.51,1625449482.0,64.0
-32.68,1625449482.0,64.0
-37.06,1625449482.0,64.0
-41.26,1625449482.0,64.0
-44.77,1625449482.0,64.0
-47.02,1625449482.0,64.0
-47.49,1625449482.0,64.0
-45.84,1625449482.0,64.0
-42.03,1625449482.0,64.0
-36.37,1625449482.0,64.0
-29.43,1625449482.0,64.0
-21.86,1625449482.0,64.0
-14.14,1625449482.0,64.0
-6.47,1625449482.0,64.0
1.26,1625449482.0,64.0
9.17,1625449482.0,64.0
17.23,1625449482.0,64.0
25.09,1625449482.0,64.0
32.1,1625449482.0,64.0
37.57,1625449482.0,64.0
41.11,1625449482.0,64.0
42.68,1625449482.0,64.0
42.6,1625449482.0,64.0
41.34,1625449482.0,64.0
39.38,1625449482.0,64.0
37.04,1625449482.0,64.0
34.52,1625449482.0,64.0
31.94,1625449482.0,64.0
29.26,1625449482.0,64.0
26.38,1625449482.0,64.0
23.04,1625449482.0,64.0
18.98,1625449482.0,64.0
14.11,1625449482.0,64.0
8.59,1625449482.0,64.0
2.88,1625449482.0,64.0
-2.35,1625449482.0,64.0
-6.49,1625449482.0,64.0
-9.15,1625449482.0,64.0
-10.34,1625449482.0,64.0
-10.38,1625449482.0,64.0
-9.81,1625449482.0,64.0
-9.23,1625449482.0,64.0
-9.12,1625449482.0,64.0
-9.82,1625449482.0,64.0
-11.45,1625449482.0,64.0
-13.93,1625449482.0,64.0
-17.1,1625449482.0,64.0
-20.7,1625449482.0,64.0
-24.52,1625449482.0,64.0
-28.35,1625449482.0,64.0
-32.04,1625449482.0,64.0
-35.53,1625449482.0,64.0
-38.81,1625449482.0,64.0
-41.95,1625449482.0,64.0
-45.03,1625449482.0,64.0
-47.97,1625449482.0,64.0
-50.42,1625449482.0,64.0
-51.75,1625449482.0,64.0
-51.23,1625449482.0,64.0
-48.31,1625449482.0,64.0
-42.88,1625449482.0,64.0
-35.38,1625449482.0,64.0
-26.63,1625449482.0,64.0
-17.54,1625449482.0,64.0
-8.76,1625449482.0,64.0
-0.61,1625449482.0,64.0
6.89,1625449482.0,64.0
13.71,1625449482.0,64.0
19.68,1625449482.0,64.0
24.45,1625449482.0,64.0
27.7,1625449482.0,64.0
29.4,1625449482.0,64.0
29.92,1625449482.0,64.0
29.91,1625449482.0,64.0
30.01,1625449482.0,64.0
30.57,1625449482.0,64.0
31.56,1625449482.0,64.0
32.62,1625449482.0,64.0
33.3,1625449482.0,64.0
33.28,1625449482.0,64.0
32.43,1625449482.0,64.0
30.86,1625449482.0,64.0
28.73,1625449482.0,64.0
26.21,1625449482.0,64.0
23.45,1625449482.0,64.0
20.63,1625449482.0,64.0
17.9,1625449482.0,64.0
15.42,1625449482.0,64.0
13.22,1625449482.0,64.0
11.25,1625449482.0,64.0
9.35,1625449482.0,64.0
7.37,1625449482.0,64.0
5.23,1625449482.0,64.0
3.0,1625449482.0,64.0
0.83,1625449482.0,64.0
-1.1,1625449482.0,64.0
-2.74,1625449482.0,64.0
-4.22,1625449482.0,64.0
-5.79,1625449482.0,64.0
-7.76,1625449482.0,64.0
-10.3,1625449482.0,64.0
-13.43,1625449482.0,64.0
-17.02,1625449482.0,64.0
-20.88,1625449482.0,64.0
-24.84,1625449482.0,64.0
-28.7,1625449482.0,64.0
-32.09,1625449482.0,64.0
-34.46,1625449482.0,64.0
-35.15,1625449482.0,64.0
-33.59,1625449482.0,64.0
-29.61,1625449482.0,64.0
-23.56,1625449482.0,64.0
-16.21,1625449482.0,64.0
-8.45,1625449482.0,64.0
-0.91,1625449482.0,64.0
6.15,1625449482.0,64.0
12.76,1625449482.0,64.0
18.96,1625449482.0,64.0
24.57,1625449482.0,64.0
29.15,1625449482.0,64.0
32.24,1625449482.0,64.0
33.64,1625449482.0,64.0
33.52,1625449482.0,64.0
32.37,1625449482.0,64.0
30.77,1625449482.0,64.0
29.21,1625449482.0,64.0
27.88,1625449482.0,64.0
26.78,1625449482.0,64.0
25.78,1625449482.0,64.0
24.74,1625449482.0,64.0
23.5,1625449482.0,64.0
21.92,1625449482.0,64.0
19.89,1625449482.0,64.0
17.36,1625449482.0,64.0
14.38,1625449482.0,64.0
11.14,1625449482.0,64.0
7.9,1625449482.0,64.0
4.87,1625449482.0,64.0
2.14,1625449482.0,64.0
-0.29,1625449482.0,64.0
-2.48,1625449482.0,64.0
-4.43,1625449482.0,64.0
-6.1,1625449482.0,64.0
-7.35,1625449482.0,64.0
-8.07,1625449482.0,64.0
-8.23,1625449482.0,64.0
-7.96,1625449482.0,64.0
-7.47,1625449482.0,64.0
-7.08,1625449482.0,64.0
-7.11,1625449482.0,64.0
-7.88,1625449482.0,64.0
-9.71,1625449482.0,64.0
-12.94,1625449482.0,64.0
-17.85,1625449482.0,64.0
-24.55,1625449482.0,64.0
-32.73,1625449482.0,64.0
-41.57,1625449482.0,64.0
-49.72,1625449482.0,64.0
-55.58,1625449482.0,64.0
-57.81,1625449482.0,64.0
-55.73,1625449482.0,64.0
-49.54,1625449482.0,64.0
-40.24,1625449482.0,64.0
-29.18,1625449482.0,64.0
-17.62,1625449482.0,64.0
-6.42,1625449482.0,64.0
3.95,1625449482.0,64.0
13.27,1625449482.0,64.0
21.25,1625449482.0,64.0
27.49,1625449482.0,64.0
31.54,1625449482.0,64.0
33.19,1625449482.0,64.0
32.62,1625449482.0,64.0
30.48,1625449482.0,64.0
27.67,1625449482.0,64.0
25.1,1625449482.0,64.0
23.36,1625449482.0,64.0
22.6,1625449482.0,64.0
22.55,1625449482.0,64.0
22.79,1625449482.0,64.0
22.93,1625449482.0,64.0
22.78,1625449482.0,64.0
22.38,1625449482.0,64.0
21.89,1625449482.0,64.0
21.4,1625449482.0,64.0
20.88,1625449482.0,64.0
20.15,1625449482.0,64.0
18.97,1625449482.0,64.0
17.2,1625449482.0,64.0
14.84,1625449482.0,64.0
12.01,1625449482.0,64.0
8.91,1625449482.0,64.0
5.69,1625449482.0,64.0
2.4,1625449482.0,64.0
-1.0,1625449482.0,64.0
-4.51,1625449482.0,64.0
-8.1,1625449482.0,64.0
-11.62,1625449482.0,64.0
-14.91,1625449482.0,64.0
-17.83,1625449482.0,64.0
-20.41,1625449482.0,64.0
-22.79,1625449482.0,64.0
-25.27,1625449482.0,64.0
-28.09,1625449482.0,64.0
-31.4,1625449482.0,64.0
-35.18,1625449482.0,64.0
-39.25,1625449482.0,64.0
-43.28,1625449482.0,64.0
-46.83,1625449482.0,64.0
-49.38,1625449482.0,64.0
-50.42,1625449482.0,64.0
-49.54,1625449482.0,64.0
-46.56,1625449482.0,64.0
-41.6,1625449482.0,64.0
-35.02,1625449482.0,64.0
-27.3,1625449482.0,64.0
-18.89,1625449482.0,64.0
-10.1,1625449482.0,64.0
-1.14,1625449482.0,64.0
7.75,1625449482.0,64.0
16.18,1625449482.0,64.0
23.68,1625449482.0,64.0
29.74,1625449482.0,64.0
34.07,1625449482.0,64.0
36.71,1625449482.0,64.0
37.98,1625449482.0,64.0
38.38,1625449482.0,64.0
38.35,1625449482.0,64.0
38.18,1625449482.0,64.0
37.92,1625449482.0,64.0
37.5,1625449482.0,64.0
36.76,1625449482.0,64.0
35.6,1625449482.0,64.0
33.98,1625449482.0,64.0
32.0,1625449482.0,64.0
29.79,1625449482.0,64.0
27.5,1625449482.0,64.0
25.2,1625449482.0,64.0
22.86,1625449482.0,64.0
20.36,1625449482.0,64.0
17.59,1625449482.0,64.0
14.56,1625449482.0,64.0
11.41,1625449482.0,64.0
8.37,1625449482.0,64.0
5.62,1625449482.0,64.0
3.16,1625449482.0,64.0
0.8,1625449482.0,64.0
-1.72,1625449482.0,64.0
-4.6,1625449482.0,64.0
-7.8,1625449482.0,64.0
-11.11,1625449482.0,64.0
-14.19,1625449482.0,64.0
-16.81,1625449482.0,64.0
-18.89,1625449482.0,64.0
-20.65,1625449482.0,64.0
-22.44,1625449482.0,64.0
-24.67,1625449482.0,64.0
-27.65,1625449482.0,64.0
-31.5,1625449482.0,64.0
-36.09,1625449482.0,64.0
-41.01,1625449482.0,64.0
-45.63,1625449482.0,64.0
-49.12,1625449482.0,64.0
-50.71,1625449482.0,64.0
-49.81,1625449482.0,64.0
-46.21,1625449482.0,64.0
-40.12,1625449482.0,64.0
-32.12,1625449482.0,64.0
-22.98,1625449482.0,64.0
-13.47,1625449482.0,64.0
-4.09,1625449482.0,64.0
4.94,1625449482.0,64.0
13.62,1625449482.0,64.0
22.06,1625449482.0,64.0
30.25,1625449482.0,64.0
37.98,1625449482.0,64.0
44.94,1625449482.0,64.0
50.79,1625449482.0,64.0
55.29,1625449482.0,64.0
58.37,1625449482.0,64.0
60.05,1625449482.0,64.0
60.3,1625449482.0,64.0
59.01,1625449482.0,64.0
56.01,1625449482.0,64.0
51.16,1625449482.0,64.0
44.56,1625449482.0,64.0
36.58,1625449482.0,64.0
27.86,1625449482.0,64.0
19.19,1625449482.0,64.0
11.37,1625449482.0,64.0
4.96,1625449482.0,64.0
0.26,1625449482.0,64.0
-2.77,1625449482.0,64.0
-4.47,1625449482.0,64.0
-5.35,1625449482.0,64.0
-5.93,1625449482.0,64.0
-6.66,1625449482.0,64.0
-7.82,1625449482.0,64.0
-9.55,1625449482.0,64.0
-11.93,1625449482.0,64.0
-14.97,1625449482.0,64.0
-18.63,1625449482.0,64.0
-22.8,1625449482.0,64.0
-27.23,1625449482.0,64.0
-31.59,1625449482.0,64.0
-35.61,1625449482.0,64.0
-39.08,1625449482.0,64.0
-41.92,1625449482.0,64.0
-44.14,1625449482.0,64.0
-45.85,1625449482.0,64.0
-47.19,1625449482.0,64.0
-48.33,1625449482.0,64.0
-49.45,1625449482.0,64.0
-50.64,1625449482.0,64.0
-51.76,1625449482.0,64.0
-52.43,1625449482.0,64.0
-52.03,1625449482.0,64.0
-49.89,1625449482.0,64.0
-45.61,1625449482.0,64.0
-39.15,1625449482.0,64.0
-30.97,1625449482.0,64.0
-21.82,1625449482.0,64.0
-12.49,1625449482.0,64.0
-3.63,1625449482.0,64.0
4.41,1625449482.0,64.0
11.45,1625449482.0,64.0
17.35,1625449482.0,64.0
21.92,1625449482.0,64.0
24.95,1625449482.0,64.0
26.36,1625449482.0,64.0
26.37,1625449482.0,64.0
25.53,1625449482.0,64.0
24.58,1625449482.0,64.0
24.15,1625449482.0,64.0
24.6,1625449482.0,64.0
25.84,1625449482.0,64.0
27.47,1625449482.0,64.0
28.97,1625449482.0,64.0
29.89,1625449482.0,64.0
29.99,1625449482.0,64.0
29.25,1625449482.0,64.0
27.76,1625449482.0,64.0
25.69,1625449482.0,64.0
23.17,1625449482.0,64.0
20.33,1625449482.0,64.0
17.27,1625449482.0,64.0
14.1,1625449482.0,64.0
10.94,1625449482.0,64.0
7.97,1625449482.0,64.0
5.34,1625449482.0,64.0
3.21,1625449482.0,64.0
1.61,1625449482.0,64.0
0.51,1625449482.0,64.0
-0.26,1625449482.0,64.0
-0.96,1625449482.0,64.0
-1.84,1625449482.0,64.0
-3.11,1625449482.0,64.0
-4.85,1625449482.0,64.0
-7.04,1625449482.0,64.0
-9.61,1625449482.0,64.0
-12.51,1625449482.0,64.0
-15.75,1625449482.0,64.0
-19.36,1625449482.0,64.0
-23.28,1625449482.0,64.0
-27.2,1625449482.0,64.0
-30.49,1625449482.0,64.0
-32.36,1625449482.0,64.0
-32.04,1625449482.0,64.0
-29.19,1625449482.0,64.0
-23.98,1625449482.0,64.0
-17.1,1625449482.0,64.0
-9.45,1625449482.0,64.0
-1.84,1625449482.0,64.0
5.28,1625449482.0,64.0
11.78,1625449482.0,64.0
17.7,1625449482.0,64.0
22.98,1625449482.0,64.0
27.38,1625449482.0,64.0
30.54,1625449482.0,64.0
32.18,1625449482.0,64.0
32.3,1625449482.0,64.0
31.22,1625449482.0,64.0
29.53,1625449482.0,64.0
27.82,1625449482.0,64.0
26.54,1625449482.0,64.0
25.81,1625449482.0,64.0
25.46,1625449482.0,64.0
25.11,1625449482.0,64.0
24.38,1625449482.0,64.0
22.99,1625449482.0,64.0
20.86,1625449482.0,64.0
18.1,1625449482.0,64.0
14.94,1625449482.0,64.0
11.66,1625449482.0,64.0
8.52,1625449482.0,64.0
5.83,1625449482.0,64.0
3.92,1625449482.0,64.0
3.15,1625449482.0,64.0
3.78,1625449482.0,64.0
5.82,1625449482.0,64.0
8.88,1625449482.0,64.0
12.17,1625449482.0,64.0
14.68,1625449482.0,64.0
15.52,1625449482.0,64.0
14.14,1625449482.0,64.0
10.45,1625449482.0,64.0
4.76,1625449482.0,64.0
-2.42,1625449482.0,64.0
-10.63,1625449482.0,64.0
-19.52,1625449482.0,64.0
-28.86,1625449482.0,64.0
-38.4,1625449482.0,64.0
-47.75,1625449482.0,64.0
-56.21,1625449482.0,64.0
-62.87,1625449482.0,64.0
-66.67,1625449482.0,64.0
-66.76,1625449482.0,64.0
-62.8,1625449482.0,64.0
-55.18,1625449482.0,64.0
-45.03,1625449482.0,64.0
-33.82,1625449482.0,64.0
-22.87,1625449482.0,64.0
-12.99,1625449482.0,64.0
-4.3,1625449482.0,64.0
3.46,1625449482.0,64.0
10.53,1625449482.0,64.0
16.79,1625449482.0,64.0
21.8,1625449482.0,64.0
25.07,1625449482.0,64.0
26.49,1625449482.0,64.0
26.49,1625449482.0,64.0
25.94,1625449482.0,64.0
25.75,1625449482.0,64.0
26.45,1625449482.0,64.0
27.96,1625449482.0,64.0
29.77,1625449482.0,64.0
31.22,1625449482.0,64.0
31.85,1625449482.0,64.0
31.63,1625449482.0,64.0
30.82,1625449482.0,64.0
29.73,1625449482.0,64.0
28.49,1625449482.0,64.0
27.0,1625449482.0,64.0
24.99,1625449482.0,64.0
22.26,1625449482.0,64.0
18.84,1625449482.0,64.0
15.0,1625449482.0,64.0
11.13,1625449482.0,64.0
7.55,1625449482.0,64.0
4.38,1625449482.0,64.0
1.55,1625449482.0,64.0
-1.15,1625449482.0,64.0
-3.9,1625449482.0,64.0
-6.79,1625449482.0,64.0
-9.8,1625449482.0,64.0
-12.86,1625449482.0,64.0
-15.87,1625449482.0,64.0
-18.82,1625449482.0,64.0
-21.78,1625449482.0,64.0
-24.87,1625449482.0,64.0
-28.24,1625449482.0,64.0
-32.01,1625449482.0,64.0
-36.18,1625449482.0,64.0
-40.56,1625449482.0,64.0
-44.76,1625449482.0,64.0
-48.18,1625449482.0,64.0
-50.14,1625449482.0,64.0
-50.05,1625449482.0,64.0
-47.57,1625449482.0,64.0
-42.72,1625449482.0,64.0
-35.88,1625449482.0,64.0
-27.64,1625449482.0,64.0
-18.68,1625449482.0,64.0
-9.52,1625449482.0,64.0
-0.52,1625449482.0,64.0
8.12,1625449482.0,64.0
16.24,1625449482.0,64.0
23.56,1625449482.0,64.0
29.72,1625449482.0,64.0
34.36,1625449482.0,64.0
37.3,1625449482.0,64.0
38.66,1625449482.0,64.0
38.86,1625449482.0,64.0
38.49,1625449482.0,64.0
38.04,1625449482.0,64.0
37.75,1625449482.0,64.0
37.57,1625449482.0,64.0
37.21,1625449482.0,64.0
36.38,1625449482.0,64.0
34.89,1625449482.0,64.0
32.73,1625449482.0,64.0
30.0,1625449482.0,64.0
26.84,1625449482.0,64.0
23.4,1625449482.0,64.0
19.8,1625449482.0,64.0
16.15,1625449482.0,64.0
12.55,1625449482.0,64.0
9.11,1625449482.0,64.0
5.84,1625449482.0,64.0
2.72,1625449482.0,64.0
-0.29,1625449482.0,64.0
-3.22,1625449482.0,64.0
-6.06,1625449482.0,64.0
-8.78,1625449482.0,64.0
-11.35,1625449482.0,64.0
-13.79,1625449482.0,64.0
-16.13,1625449482.0,64.0
-18.47,1625449482.0,64.0
-20.87,1625449482.0,64.0
-23.44,1625449482.0,64.0
-26.3,1625449482.0,64.0
-29.6,1625449482.0,64.0
-33.45,1625449482.0,64.0
-37.87,1625449482.0,64.0
-42.66,1625449482.0,64.0
-47.35,1625449482.0,64.0
-51.15,1625449482.0,64.0
-53.22,1625449482.0,64.0
-52.78,1625449482.0,64.0
-49.42,1625449482.0,64.0
-43.25,1625449482.0,64.0
-34.84,1625449482.0,64.0
-25.05,1625449482.0,64.0
-14.71,1625449482.0,64.0
-4.41,1625449482.0,64.0
5.55,1625449482.0,64.0
15.07,1625449482.0,64.0
24.02,1625449482.0,64.0
32.09,1625449482.0,64.0
38.79,1625449482.0,64.0
43.61,1625449482.0,64.0
46.28,1625449482.0,64.0
46.86,1625449482.0,64.0
45.8,1625449482.0,64.0
43.76,1625449482.0,64.0
41.36,1625449482.0,64.0
39.05,1625449482.0,64.0
36.97,1625449482.0,64.0
35.07,1625449482.0,64.0
33.19,1625449482.0,64.0
31.25,1625449482.0,64.0
29.28,1625449482.0,64.0
27.38,1625449482.0,64.0
25.65,1625449482.0,64.0
24.05,1625449482.0,64.0
22.4,1625449482.0,64.0
20.4,1625449482.0,64.0
17.78,1625449482.0,64.0
14.38,1625449482.0,64.0
10.26,1625449482.0,64.0
5.62,1625449482.0,64.0
0.74,1625449482.0,64.0
-4.13,1625449482.0,64.0
-8.84,1625449482.0,64.0
-13.3,1625449482.0,64.0
-17.42,1625449482.0,64.0
-21.08,1625449482.0,64.0
-24.15,1625449482.0,64.0
-26.56,1625449482.0,64.0
-28.36,1625449482.0,64.0
-29.74,1625449482.0,64.0
-30.97,1625449482.0,64.0
-32.33,1625449482.0,64.0
-33.96,1625449482.0,64.0
-35.93,1625449482.0,64.0
-38.19,1625449482.0,64.0
-40.61,1625449482.0,64.0
-42.86,1625449482.0,64.0
-44.52,1625449482.0,64.0
-44.99,1625449482.0,64.0
-43.76,1625449482.0,64.0
-40.51,1625449482.0,64.0
-35.29,1625449482.0,64.0
-28.5,1625449482.0,64.0
-20.74,1625449482.0,64.0
-12.57,1625449482.0,64.0
-4.36,1625449482.0,64.0
3.72,1625449482.0,64.0
11.52,1625449482.0,64.0
18.8,1625449482.0,64.0
25.11,1625449482.0,64.0
29.93,1625449482.0,64.0
32.91,1625449482.0,64.0
34.06,1625449482.0,64.0
33.8,1625449482.0,64.0
32.81,1625449482.0,64.0
31.75,1625449482.0,64.0
31.02,1625449482.0,64.0
30.65,1625449482.0,64.0
30.36,1625449482.0,64.0
29.8,1625449482.0,64.0
28.69,1625449482.0,64.0
26.96,1625449482.0,64.0
24.69,1625449482.0,64.0
22.0,1625449482.0,64.0
19.01,1625449482.0,64.0
15.77,1625449482.0,64.0
12.35,1625449482.0,64.0
8.89,1625449482.0,64.0
5.59,1625449482.0,64.0
2.68,1625449482.0,64.0
0.33,1625449482.0,64.0
-1.47,1625449482.0,64.0
-2.94,1625449482.0,64.0
-4.43,1625449482.0,64.0
-6.32,1625449482.0,64.0
-8.79,1625449482.0,64.0
-11.78,1625449482.0,64.0
-14.94,1625449482.0,64.0
-17.84,1625449482.0,64.0
-20.15,1625449482.0,64.0
-21.82,1625449482.0,64.0
-23.13,1625449482.0,64.0
-24.56,1625449482.0,64.0
-26.56,1625449482.0,64.0
-29.39,1625449482.0,64.0
-33.06,1625449482.0,64.0
-37.3,1625449482.0,64.0
-41.66,1625449482.0,64.0
-45.56,1625449482.0,64.0
-48.38,1625449482.0,64.0
-49.51,1625449482.0,64.0
-48.47,1625449482.0,64.0
-45.02,1625449482.0,64.0
-39.27,1625449482.0,64.0
-31.67,1625449482.0,64.0
-22.89,1625449482.0,64.0
-13.71,1625449482.0,64.0
-4.78,1625449482.0,64.0
3.4,1625449482.0,64.0
10.49,1625449482.0,64.0
16.22,1625449482.0,64.0
20.42,1625449482.0,64.0
23.05,1625449482.0,64.0
24.29,1625449482.0,64.0
24.53,1625449482.0,64.0
24.32,1625449482.0,64.0
24.18,1625449482.0,64.0
24.4,1625449482.0,64.0
24.98,1625449482.0,64.0
25.69,1625449482.0,64.0
26.16,1625449482.0,64.0
26.12,1625449482.0,64.0
25.46,1625449482.0,64.0
24.28,1625449482.0,64.0
22.77,1625449482.0,64.0
21.1,1625449482.0,64.0
19.32,1625449482.0,64.0
17.35,1625449482.0,64.0
15.09,1625449482.0,64.0
12.51,1625449482.0,64.0
9.8,1625449482.0,64.0
7.32,1625449482.0,64.0
5.53,1625449482.0,64.0
4.81,1625449482.0,64.0
5.29,1625449482.0,64.0
6.77,1625449482.0,64.0
8.78,1625449482.0,64.0
10.65,1625449482.0,64.0
11.72,1625449482.0,64.0
11.41,1625449482.0,64.0
9.42,1625449482.0,64.0
5.74,1625449482.0,64.0
0.7,1625449482.0,64.0
-5.19,1625449482.0,64.0
-11.44,1625449482.0,64.0
-17.74,1625449482.0,64.0
-24.0,1625449482.0,64.0
-30.22,1625449482.0,64.0
-36.18,1625449482.0,64.0
-41.3,1625449482.0,64.0
-44.62,1625449482.0,64.0
-45.12,1625449482.0,64.0
-42.17,1625449482.0,64.0
-35.79,1625449482.0,64.0
-26.71,1625449482.0,64.0
-16.08,1625449482.0,64.0
-5.15,1625449482.0,64.0
5.12,1625449482.0,64.0
14.15,1625449482.0,64.0
21.65,1625449482.0,64.0
27.5,1625449482.0,64.0
31.57,1625449482.0,64.0
33.77,1625449482.0,64.0
34.16,1625449482.0,64.0
33.0,1625449482.0,64.0
30.86,1625449482.0,64.0
28.46,1625449482.0,64.0
26.51,1625449482.0,64.0
25.49,1625449482.0,64.0
25.51,1625449482.0,64.0
26.29,1625449482.0,64.0
27.33,1625449482.0,64.0
28.11,1625449482.0,64.0
28.26,1625449482.0,64.0
27.66,1625449482.0,64.0
26.38,1625449482.0,64.0
24.65,1625449482.0,64.0
22.63,1625449482.0,64.0
20.42,1625449482.0,64.0
18.0,1625449482.0,64.0
15.33,1625449482.0,64.0
12.4,1625449482.0,64.0
9.3,1625449482.0,64.0
6.19,1625449482.0,64.0
3.18,1625449482.0,64.0
0.31,1625449482.0,64.0
-2.53,1625449482.0,64.0
-5.51,1625449482.0,64.0
-8.71,1625449482.0,64.0
-12.1,1625449482.0,64.0
-15.48,1625449482.0,64.0
-18.67,1625449482.0,64.0
-21.57,1625449482.0,64.0
-24.29,1625449482.0,64.0
-27.06,1625449482.0,64.0
-30.15,1625449482.0,64.0
-33.75,1625449482.0,64.0
-37.84,1625449482.0,64.0
-42.19,1625449482.0,64.0
-46.37,1625449482.0,64.0
-49.72,1625449482.0,64.0
-51.56,1625449482.0,64.0
-51.25,1625449482.0,64.0
-48.45,1625449482.0,64.0
-43.21,1625449482.0,64.0
-36.02,1625449482.0,64.0
-27.64,1625449482.0,64.0
-18.82,1625449482.0,64.0
-10.07,1625449482.0,64.0
-1.54,1625449482.0,64.0
6.79,1625449482.0,64.0
14.9,1625449482.0,64.0
22.53,1625449482.0,64.0
29.11,1625449482.0,64.0
34.05,1625449482.0,64.0
36.94,1625449482.0,64.0
37.86,1625449482.0,64.0
37.33,1625449482.0,64.0
36.13,1625449482.0,64.0
34.93,1625449482.0,64.0
34.14,1625449482.0,64.0
33.77,1625449482.0,64.0
33.55,1625449482.0,64.0
33.15,1625449482.0,64.0
32.28,1625449482.0,64.0
30.8,1625449482.0,64.0
28.66,1625449482.0,64.0
25.9,1625449482.0,64.0
22.63,1625449482.0,64.0
19.04,1625449482.0,64.0
15.37,1625449482.0,64.0
11.84,1625449482.0,64.0
8.64,1625449482.0,64.0
5.82,1625449482.0,64.0
3.34,1625449482.0,64.0
1.04,1625449482.0,64.0
-1.27,1625449482.0,64.0
-3.85,1625449482.0,64.0
-6.85,1625449482.0,64.0
-10.33,1625449482.0,64.0
-14.12,1625449482.0,64.0
-17.91,1625449482.0,64.0
-21.38,1625449482.0,64.0
-24.33,1625449482.0,64.0
-26.83,1625449482.0,64.0
-29.13,1625449482.0,64.0
-31.6,1625449482.0,64.0
-34.51,1625449482.0,64.0
-37.97,1625449482.0,64.0
-41.89,1625449482.0,64.0
-45.96,1625449482.0,64.0
-49.68,1625449482.0,64.0
-52.36,1625449482.0,64.0
-53.17,1625449482.0,64.0
-51.39,1625449482.0,64.0
-46.62,1625449482.0,64.0
-38.99,1625449482.0,64.0
-29.2,1625449482.0,64.0
-18.28,1625449482.0,64.0
-7.23,1625449482.0,64.0
3.23,1625449482.0,64.0
12.82,1625449482.0,64.0
21.43,1625449482.0,64.0
29.0,1625449482.0,64.0
35.27,1625449482.0,64.0
39.9,1625449482.0,64.0
42.7,1625449482.0,64.0
43.8,1625449482.0,64.0
43.7,1625449482.0,64.0
43.0,1625449482.0,64.0
42.1,1625449482.0,64.0
41.01,1625449482.0,64.0
39.35,1625449482.0,64.0
36.67,1625449482.0,64.0
32.76,1625449482.0,64.0
27.92,1625449482.0,64.0
22.85,1625449482.0,64.0
18.41,1625449482.0,64.0
15.22,1625449482.0,64.0
13.48,1625449482.0,64.0
12.92,1625449482.0,64.0
13.07,1625449482.0,64.0
13.42,1625449482.0,64.0
13.61,1625449482.0,64.0
13.43,1625449482.0,64.0
12.66,1625449482.0,64.0
11.09,1625449482.0,64.0
8.49,1625449482.0,64.0
4.74,1625449482.0,64.0
-0.06,1625449482.0,64.0
-5.55,1625449482.0,64.0
-11.15,1625449482.0,64.0
-16.2,1625449482.0,64.0
-20.19,1625449482.0,64.0
-22.87,1625449482.0,64.0
-24.34,1625449482.0,64.0
-25.01,1625449482.0,64.0
-25.43,1625449482.0,64.0
-26.14,1625449482.0,64.0
-27.52,1625449482.0,64.0
-29.76,1625449482.0,64.0
-32.85,1625449482.0,64.0
-36.56,1625449482.0,64.0
-40.46,1625449482.0,64.0
-43.85,1625449482.0,64.0
-45.9,1625449482.0,64.0
-45.79,1625449482.0,64.0
-43.02,1625449482.0,64.0
-37.6,1625449482.0,64.0
-30.07,1625449482.0,64.0
-21.3,1625449482.0,64.0
-12.19,1625449482.0,64.0
-3.29,1625449482.0,64.0
5.15,1625449482.0,64.0
13.08,1625449482.0,64.0
20.42,1625449482.0,64.0
26.81,1625449482.0,64.0
31.82,1625449482.0,64.0
35.06,1625449482.0,64.0
36.51,1625449482.0,64.0
36.58,1625449482.0,64.0
35.91,1625449482.0,64.0
35.13,1625449482.0,64.0
34.62,1625449482.0,64.0
34.4,1625449482.0,64.0
34.2,1625449482.0,64.0
33.7,1625449482.0,64.0
32.65,1625449482.0,64.0
30.98,1625449482.0,64.0
28.74,1625449482.0,64.0
26.08,1625449482.0,64.0
23.17,1625449482.0,64.0
20.1,1625449482.0,64.0
16.91,1625449482.0,64.0
13.6,1625449482.0,64.0
10.16,1625449482.0,64.0
6.59,1625449482.0,64.0
2.97,1625449482.0,64.0
-0.57,1625449482.0,64.0
-3.91,1625449482.0,64.0
-6.97,1625449482.0,64.0
-9.77,1625449482.0,64.0
-12.37,1625449482.0,64.0
-14.87,1625449482.0,64.0
-17.29,1625449482.0,64.0
-19.66,1625449482.0,64.0
-21.96,1625449482.0,64.0
-24.25,1625449482.0,64.0
-26.66,1625449482.0,64.0
-29.33,1625449482.0,64.0
-32.32,1625449482.0,64.0
-35.66,1625449482.0,64.0
-39.27,1625449482.0,64.0
-43.03,1625449482.0,64.0
-46.75,1625449482.0,64.0
-50.08,1625449482.0,64.0
-52.5,1625449482.0,64.0
-53.41,1625449482.0,64.0
-52.27,1625449482.0,64.0
-48.79,1625449482.0,64.0
-43.1,1625449482.0,64.0
-35.71,1625449482.0,64.0
-27.29,1625449482.0,64.0
-18.48,1625449482.0,64.0
-9.68,1625449482.0,64.0
-1.15,1625449482.0,64.0
6.88,1625449482.0,64.0
14.04,1625449482.0,64.0
19.82,1625449482.0,64.0
23.75,1625449482.0,64.0
25.66,1625449482.0,64.0
25.82,1625449482.0,64.0
24.94,1625449482.0,64.0
23.84,1625449482.0,64.0
23.19,1625449482.0,64.0
23.22,1625449482.0,64.0
23.72,1625449482.0,64.0
24.2,1625449482.0,64.0
24.2,1625449482.0,64.0
23.46,1625449482.0,64.0
22.03,1625449482.0,64.0
20.14,1625449482.0,64.0
18.04,1625449482.0,64.0
15.81,1625449482.0,64.0
13.35,1625449482.0,64.0
10.49,1625449482.0,64.0
7.16,1625449482.0,64.0
3.5,1625449482.0,64.0
-0.09,1625449482.0,64.0
-3.05,1625449482.0,64.0
-4.91,1625449482.0,64.0
-5.46,1625449482.0,64.0
-4.81,1625449482.0,64.0
-3.45,1625449482.0,64.0
-1.98,1625449482.0,64.0
-1.04,1625449482.0,64.0
-1.0,1625449482.0,64.0
-1.92,1625449482.0,64.0
-3.58,1625449482.0,64.0
-5.55,1625449482.0,64.0
-7.48,1625449482.0,64.0
-9.31,1625449482.0,64.0
-11.29,1625449482.0,64.0
-13.88,1625449482.0,64.0
-17.5,1625449482.0,64.0
-22.19,1625449482.0,64.0
-27.44,1625449482.0,64.0
-32.35,1625449482.0,64.0
-35.81,1625449482.0,64.0
-36.99,1625449482.0,64.0
-35.45,1625449482.0,64.0
-31.31,1625449482.0,64.0
-25.03,1625449482.0,64.0
-17.24,1625449482.0,64.0
-8.51,1625449482.0,64.0
0.71,1625449482.0,64.0
10.0,1625449482.0,64.0
18.94,1625449482.0,64.0
26.92,1625449482.0,64.0
33.29,1625449482.0,64.0
37.45,1625449482.0,64.0
39.14,1625449482.0,64.0
38.58,1625449482.0,64.0
36.46,1625449482.0,64.0
33.74,1625449482.0,64.0
31.32,1625449482.0,64.0
29.71,1625449482.0,64.0
28.9,1625449482.0,64.0
28.47,1625449482.0,64.0
27.85,1625449482.0,64.0
26.63,1625449482.0,64.0
24.72,1625449482.0,64.0
22.33,1625449482.0,64.0
19.83,1625449482.0,64.0
17.49,1625449482.0,64.0
15.44,1625449482.0,64.0
13.59,1625449482.0,64.0
11.79,1625449482.0,64.0
9.88,1625449482.0,64.0
7.78,1625449482.0,64.0
5.5,1625449482.0,64.0
3.05,1625449482.0,64.0
0.51,1625449482.0,64.0
-2.07,1625449482.0,64.0
-4.62,1625449482.0,64.0
-7.09,1625449482.0,64.0
-9.47,1625449482.0,64.0
-11.87,1625449482.0,64.0
-14.46,1625449482.0,64.0
-17.41,1625449482.0,64.0
-20.86,1625449482.0,64.0
-24.82,1625449482.0,64.0
-29.23,1625449482.0,64.0
-33.87,1625449482.0,64.0
-38.38,1625449482.0,64.0
-42.24,1625449482.0,64.0
-44.82,1625449482.0,64.0
-45.48,1625449482.0,64.0
-43.78,1625449482.0,64.0
-39.67,1625449482.0,64.0
-33.51,1625449482.0,64.0
-25.98,1625449482.0,64.0
-17.83,1625449482.0,64.0
-9.67,1625449482.0,64.0
-1.79,1625449482.0,64.0
5.76,1625449482.0,64.0
12.95,1625449482.0,64.0
19.65,1625449482.0,64.0
25.51,1625449482.0,64.0
30.08,1625449482.0,64.0
33.04,1625449482.0,64.0
34.37,1625449482.0,64.0
34.4,1625449482.0,64.0
33.71,1625449482.0,64.0
32.9,1625449482.0,64.0
32.32,1625449482.0,64.0
32.05,1625449482.0,64.0
31.89,1625449482.0,64.0
31.52,1625449482.0,64.0
30.69,1625449482.0,64.0
29.27,1625449482.0,64.0
27.23,1625449482.0,64.0
24.69,1625449482.0,64.0
21.76,1625449482.0,64.0
18.59,1625449482.0,64.0
15.34,1625449482.0,64.0
12.15,1625449482.0,64.0
9.08,1625449482.0,64.0
6.17,1625449482.0,64.0
3.4,1625449482.0,64.0
0.72,1625449482.0,64.0
-1.9,1625449482.0,64.0
-4.48,1625449482.0,64.0
-7.09,1625449482.0,64.0
-9.79,1625449482.0,64.0
-12.65,1625449482.0,64.0
-15.72,1625449482.0,64.0
-19.0,1625449482.0,64.0
-22.42,1625449482.0,64.0
-25.93,1625449482.0,64.0
-29.52,1625449482.0,64.0
-33.19,1625449482.0,64.0
-37.0,1625449482.0,64.0
-40.9,1625449482.0,64.0
-44.63,1625449482.0,64.0
-47.67,1625449482.0,64.0
-49.33,1625449482.0,64.0
-48.92,1625449482.0,64.0
-46.05,1625449482.0,64.0
-40.74,1625449482.0,64.0
-33.45,1625449482.0,64.0
-24.92,1625449482.0,64.0
-15.9,1625449482.0,64.0
-6.92,1625449482.0,64.0
1.77,1625449482.0,64.0
10.08,1625449482.0,64.0
17.91,1625449482.0,64.0
24.94,1625449482.0,64.0
30.73,1625449482.0,64.0
34.81,1625449482.0,64.0
36.96,1625449482.0,64.0
37.32,1625449482.0,64.0
36.44,1625449482.0,64.0
35.04,1625449482.0,64.0
33.8,1625449482.0,64.0
33.04,1625449482.0,64.0
32.75,1625449482.0,64.0
32.63,1625449482.0,64.0
32.32,1625449482.0,64.0
31.66,1625449482.0,64.0
30.7,1625449482.0,64.0
29.64,1625449482.0,64.0
28.67,1625449482.0,64.0
27.81,1625449482.0,64.0
26.84,1625449482.0,64.0
25.47,1625449482.0,64.0
23.42,1625449482.0,64.0
20.58,1625449482.0,64.0
17.02,1625449482.0,64.0
12.91,1625449482.0,64.0
8.38,1625449482.0,64.0
3.49,1625449482.0,64.0
-1.74,1625449482.0,64.0
-7.24,1625449482.0,64.0
-12.79,1625449482.0,64.0
-17.98,1625449482.0,64.0
-22.39,1625449482.0,64.0
-25.75,1625449482.0,64.0
-28.07,1625449482.0,64.0
-29.6,1625449482.0,64.0
-30.79,1625449482.0,64.0
-32.07,1625449482.0,64.0
-33.81,1625449482.0,64.0
-36.21,1625449482.0,64.0
-39.25,1625449482.0,64.0
-42.65,1625449482.0,64.0
-45.87,1625449482.0,64.0
-48.2,1625449482.0,64.0
-48.88,1625449482.0,64.0
-47.42,1625449482.0,64.0
-43.66,1625449482.0,64.0
-37.89,1625449482.0,64.0
-30.6,1625449482.0,64.0
-22.35,1625449482.0,64.0
-13.51,1625449482.0,64.0
-4.33,1625449482.0,64.0
5.02,1625449482.0,64.0
14.21,1625449482.0,64.0
22.76,1625449482.0,64.0
30.1,1625449482.0,64.0
35.8,1625449482.0,64.0
39.75,1625449482.0,64.0
42.14,1625449482.0,64.0
43.45,1625449482.0,64.0
44.18,1625449482.0,64.0
44.69,1625449482.0,64.0
45.07,1625449482.0,64.0
45.16,1625449482.0,64.0
44.72,1625449482.0,64.0
43.52,1625449482.0,64.0
41.46,1625449482.0,64.0
38.61,1625449482.0,64.0
35.14,1625449482.0,64.0
31.28,1625449482.0,64.0
27.22,1625449482.0,64.0
23.16,1625449482.0,64.0
19.23,1625449482.0,64.0
15.55,1625449482.0,64.0
12.14,1625449482.0,64.0
9.05,1625449482.0,64.0
6.26,1625449482.0,64.0
3.73,1625449482.0,64.0
1.4,1625449482.0,64.0
-0.84,1625449482.0,64.0
-3.11,1625449482.0,64.0
-5.51,1625449482.0,64.0
-8.07,1625449482.0,64.0
-10.78,1625449482.0,64.0
-13.65,1625449482.0,64.0
-16.72,1625449482.0,64.0
-20.09,1625449482.0,64.0
-23.86,1625449482.0,64.0
-28.07,1625449482.0,64.0
-32.62,1625449482.0,64.0
-37.33,1625449482.0,64.0
-41.94,1625449482.0,64.0
-46.13,1625449482.0,64.0
-49.47,1625449482.0,64.0
-51.44,1625449482.0,64.0
-51.5,1625449482.0,64.0
-49.25,1625449482.0,64.0
-44.63,1625449482.0,64.0
-37.99,1625449482.0,64.0
-29.99,1625449482.0,64.0
-21.36,1625449482.0,64.0
-12.67,1625449482.0,64.0
-4.22,1625449482.0,64.0
3.83,1625449482.0,64.0
11.25,1625449482.0,64.0
17.63,1625449482.0,64.0
22.46,1625449482.0,64.0
25.35,1625449482.0,64.0
26.3,1625449482.0,64.0
25.81,1625449482.0,64.0
24.67,1625449482.0,64.0
23.66,1625449482.0,64.0
23.19,1625449482.0,64.0
23.21,1625449482.0,64.0
23.34,1625449482.0,64.0
23.09,1625449482.0,64.0
22.16,1625449482.0,64.0
20.52,1625449482.0,64.0
18.41,1625449482.0,64.0
16.07,1625449482.0,64.0
13.69,1625449482.0,64.0
11.32,1625449482.0,64.0
8.92,1625449482.0,64.0
6.5,1625449482.0,64.0
4.14,1625449482.0,64.0
1.95,1625449482.0,64.0
-0.01,1625449482.0,64.0
-1.8,1625449482.0,64.0
-3.6,1625449482.0,64.0
-5.55,1625449482.0,64.0
-7.72,1625449482.0,64.0
-10.01,1625449482.0,64.0
-12.29,1625449482.0,64.0
-14.42,1625449482.0,64.0
-16.42,1625449482.0,64.0
-18.39,1625449482.0,64.0
-20.48,1625449482.0,64.0
-22.74,1625449482.0,64.0
-25.13,1625449482.0,64.0
-27.57,1625449482.0,64.0
-30.05,1625449482.0,64.0
-32.66,1625449482.0,64.0
-35.54,1625449482.0,64.0
-38.65,1625449482.0,64.0
-41.64,1625449482.0,64.0
-43.81,1625449482.0,64.0
-44.35,1625449482.0,64.0
-42.64,1625449482.0,64.0
-38.5,1625449482.0,64.0
-32.29,1625449482.0,64.0
-24.72,1625449482.0,64.0
-16.6,1625449482.0,64.0
-8.49,1625449482.0,64.0
-0.71,1625449482.0,64.0
6.62,1625449482.0,64.0
13.31,1625449482.0,64.0
19.05,1625449482.0,64.0
23.48,1625449482.0,64.0
26.36,1625449482.0,64.0
27.8,1625449482.0,64.0
28.22,1625449482.0,64.0
28.24,1625449482.0,64.0
28.38,1625449482.0,64.0
28.89,1625449482.0,64.0
29.65,1625449482.0,64.0
30.31,1625449482.0,64.0
30.48,1625449482.0,64.0
29.91,1625449482.0,64.0
28.6,1625449482.0,64.0
26.71,1625449482.0,64.0
24.59,1625449482.0,64.0
22.57,1625449482.0,64.0
21.0,1625449482.0,64.0
20.02,1625449482.0,64.0
19.59,1625449482.0,64.0
19.45,1625449482.0,64.0
19.15,1625449482.0,64.0
18.29,1625449482.0,64.0
16.58,1625449482.0,64.0
13.93,1625449482.0,64.0
10.5,1625449482.0,64.0
6.52,1625449482.0,64.0
2.29,1625449482.0,64.0
-2.01,1625449482.0,64.0
-6.24,1625449482.0,64.0
-10.34,1625449482.0,64.0
-14.25,1625449482.0,64.0
-17.9,1625449482.0,64.0
-21.16,1625449482.0,64.0
-23.94,1625449482.0,64.0
-26.19,1625449482.0,64.0
-27.91,1625449482.0,64.0
-29.1,1625449482.0,64.0
-29.74,1625449482.0,64.0
-29.67,1625449482.0,64.0
-28.7,1625449482.0,64.0
-26.67,1625449482.0,64.0
-23.59,1625449482.0,64.0
-19.63,1625449482.0,64.0
-15.17,1625449482.0,64.0
-10.5,1625449482.0,64.0
-5.79,1625449482.0,64.0
-0.96,1625449482.0,64.0
4.14,1625449482.0,64.0
9.58,1625449482.0,64.0
15.15,1625449482.0,64.0
20.39,1625449482.0,64.0
24.74,1625449482.0,64.0
27.82,1625449482.0,64.0
29.59,1625449482.0,64.0
30.36,1625449482.0,64.0
30.58,1625449482.0,64.0
30.66,1625449482.0,64.0
30.77,1625449482.0,64.0
30.77,1625449482.0,64.0
30.36,1625449482.0,64.0
29.29,1625449482.0,64.0
27.42,1625449482.0,64.0
24.87,1625449482.0,64.0
21.83,1625449482.0,64.0
18.56,1625449482.0,64.0
15.23,1625449482.0,64.0
11.93,1625449482.0,64.0
8.73,1625449482.0,64.0
5.69,1625449482.0,64.0
2.87,1625449482.0,64.0
0.34,1625449482.0,64.0
-1.91,1625449482.0,64.0
-3.96,1625449482.0,64.0
-5.93,1625449482.0,64.0
-7.98,1625449482.0,64.0
-10.16,1625449482.0,64.0
-12.49,1625449482.0,64.0
-14.88,1625449482.0,64.0
-17.28,1625449482.0,64.0
-19.68,1625449482.0,64.0
-22.18,1625449482.0,64.0
-24.9,1625449482.0,64.0
-27.95,1625449482.0,64.0
-31.41,1625449482.0,64.0
-35.29,1625449482.0,64.0
-39.51,1625449482.0,64.0
-43.83,1625449482.0,64.0
-47.83,1625449482.0,64.0
-50.9,1625449482.0,64.0
-52.35,1625449482.0,64.0
-51.58,1625449482.0,64.0
-48.33,1625449482.0,64.0
-42.81,1625449482.0,64.0
-35.61,1625449482.0,64.0
-27.47,1625449482.0,64.0
-19.03,1625449482.0,64.0
-10.62,1625449482.0,64.0
-2.31,1625449482.0,64.0
5.93,1625449482.0,64.0
13.94,1625449482.0,64.0
21.27,1625449482.0,64.0
27.29,1625449482.0,64.0
31.45,1625449482.0,64.0
33.53,1625449482.0,64.0
33.82,1625449482.0,64.0
33.01,1625449482.0,64.0
31.94,1625449482.0,64.0
31.28,1625449482.0,64.0
31.38,1625449482.0,64.0
32.18,1625449482.0,64.0
33.37,1625449482.0,64.0
34.59,1625449482.0,64.0
35.53,1625449482.0,64.0
36.01,1625449482.0,64.0
35.87,1625449482.0,64.0
34.94,1625449482.0,64.0
32.98,1625449482.0,64.0
29.78,1625449482.0,64.0
25.35,1625449482.0,64.0
19.89,1625449482.0,64.0
13.89,1625449482.0,64.0
7.9,1625449482.0,64.0
2.39,1625449482.0,64.0
-2.44,1625449482.0,64.0
-6.63,1625449482.0,64.0
-10.41,1625449482.0,64.0
-13.93,1625449482.0,64.0
-17.19,1625449482.0,64.0
-19.92,1625449482.0,64.0
-21.78,1625449482.0,64.0
-22.56,1625449482.0,64.0
-22.39,1625449482.0,64.0
-21.81,1625449482.0,64.0
-21.69,1625449482.0,64.0
-22.9,1625449482.0,64.0
-26.09,1625449482.0,64.0
-31.38,1625449482.0,64.0
-38.42,1625449482.0,64.0
-46.36,1625449482.0,64.0
-54.03,1625449482.0,64.0
-60.21,1625449482.0,64.0
-63.77,1625449482.0,64.0
-63.95,1625449482.0,64.0
-60.51,1625449482.0,64.0
-53.78,1625449482.0,64.0
-44.56,1625449482.0,64.0
-33.89,1625449482.0,64.0
-22.72,1625449482.0,64.0
-11.65,1625449482.0,64.0
-0.97,1625449482.0,64.0
9.25,1625449482.0,64.0
18.87,1625449482.0,64.0
27.51,1625449482.0,64.0
34.62,1625449482.0,64.0
39.74,1625449482.0,64.0
42.78,1625449482.0,64.0
44.08,1625449482.0,64.0
44.34,1625449482.0,64.0
44.24,1625449482.0,64.0
44.19,1625449482.0,64.0
44.21,1625449482.0,64.0
44.0,1625449482.0,64.0
43.23,1625449482.0,64.0
41.71,1625449482.0,64.0
39.55,1625449482.0,64.0
36.96,1625449482.0,64.0
34.19,1625449482.0,64.0
31.31,1625449482.0,64.0
28.27,1625449482.0,64.0
24.98,1625449482.0,64.0
21.43,1625449482.0,64.0
17.76,1625449482.0,64.0
14.23,1625449482.0,64.0
11.13,1625449482.0,64.0
8.63,1625449482.0,64.0
6.69,1625449482.0,64.0
5.05,1625449482.0,64.0
3.29,1625449482.0,64.0
1.06,1625449482.0,64.0
-1.82,1625449482.0,64.0
-5.24,1625449482.0,64.0
-8.9,1625449482.0,64.0
-12.46,1625449482.0,64.0
-15.73,1625449482.0,64.0
-18.75,1625449482.0,64.0
-21.71,1625449482.0,64.0
-24.89,1625449482.0,64.0
-28.51,1625449482.0,64.0
-32.67,1625449482.0,64.0
-37.34,1625449482.0,64.0
-42.3,1625449482.0,64.0
-47.15,1625449482.0,64.0
-51.23,1625449482.0,64.0
-53.73,1625449482.0,64.0
-53.89,1625449482.0,64.0
-51.29,1625449482.0,64.0
-46.0,1625449482.0,64.0
-38.6,1625449482.0,64.0
-29.91,1625449482.0,64.0
-20.73,1625449482.0,64.0
-11.58,1625449482.0,64.0
-2.75,1625449482.0,64.0
5.61,1625449482.0,64.0
13.27,1625449482.0,64.0
19.84,1625449482.0,64.0
24.89,1625449482.0,64.0
28.13,1625449482.0,64.0
29.62,1625449482.0,64.0
29.77,1625449482.0,64.0
29.24,1625449482.0,64.0
28.63,1625449482.0,64.0
28.29,1625449482.0,64.0
28.25,1625449482.0,64.0
28.26,1625449482.0,64.0
28.0,1625449482.0,64.0
27.23,1625449482.0,64.0
25.9,1625449482.0,64.0
24.09,1625449482.0,64.0
21.94,1625449482.0,64.0
19.58,1625449482.0,64.0
17.04,1625449482.0,64.0
14.29,1625449482.0,64.0
11.34,1625449482.0,64.0
8.23,1625449482.0,64.0
5.13,1625449482.0,64.0
2.25,1625449482.0,64.0
-0.24,1625449482.0,64.0
-2.3,1625449482.0,64.0
-4.07,1625449482.0,64.0
-5.78,1625449482.0,64.0
-7.67,1625449482.0,64.0
-9.86,1625449482.0,64.0
-12.26,1625449482.0,64.0
-14.67,1625449482.0,64.0
-16.9,1625449482.0,64.0
-18.91,1625449482.0,64.0
-20.84,1625449482.0,64.0
-22.89,1625449482.0,64.0
-25.17,1625449482.0,64.0
-27.69,1625449482.0,64.0
-30.25,1625449482.0,64.0
-32.64,1625449482.0,64.0
-34.64,1625449482.0,64.0
-36.06,1625449482.0,64.0
-36.66,1625449482.0,64.0
-36.14,1625449482.0,64.0
-34.27,1625449482.0,64.0
-30.98,1625449482.0,64.0
-26.54,1625449482.0,64.0
-21.48,1625449482.0,64.0
-16.47,1625449482.0,64.0
-11.96,1625449482.0,64.0
-8.01,1625449482.0,64.0
-4.27,1625449482.0,64.0
-0.26,1625449482.0,64.0
4.37,1625449482.0,64.0
9.58,1625449482.0,64.0
15.0,1625449482.0,64.0
20.16,1625449482.0,64.0
24.81,1625449482.0,64.0
28.98,1625449482.0,64.0
32.95,1625449482.0,64.0
36.89,1625449482.0,64.0
40.62,1625449482.0,64.0
43.58,1625449482.0,64.0
45.06,1625449482.0,64.0
44.51,1625449482.0,64.0
41.9,1625449482.0,64.0
37.69,1625449482.0,64.0
32.65,1625449482.0,64.0
27.53,1625449482.0,64.0
22.77,1625449482.0,64.0
18.57,1625449482.0,64.0
14.92,1625449482.0,64.0
11.87,1625449482.0,64.0
9.53,1625449482.0,64.0
8.02,1625449482.0,64.0
7.34,1625449482.0,64.0
7.27,1625449482.0,64.0
7.44,1625449482.0,64.0
7.48,1625449482.0,64.0
7.15,1625449482.0,64.0
6.35,1625449482.0,64.0
5.1,1625449482.0,64.0
3.42,1625449482.0,64.0
1.24,1625449482.0,64.0
-1.53,1625449482.0,64.0
-4.98,1625449482.0,64.0
-9.08,1625449482.0,64.0
-13.73,1625449482.0,64.0
-18.78,1625449482.0,64.0
-24.05,1625449482.0,64.0
-29.24,1625449482.0,64.0
-33.91,1625449482.0,64.0
-37.45,1625449482.0,64.0
-39.21,1625449482.0,64.0
-38.66,1625449482.0,64.0
-35.6,1625449482.0,64.0
-30.3,1625449482.0,64.0
-23.36,1625449482.0,64.0
-15.53,1625449482.0,64.0
-7.43,1625449482.0,64.0
0.52,1625449482.0,64.0
8.12,1625449482.0,64.0
15.22,1625449482.0,64.0
21.55,1625449482.0,64.0
26.71,1625449482.0,64.0
30.29,1625449482.0,64.0
32.1,1625449482.0,64.0
32.28,1625449482.0,64.0
31.37,1625449482.0,64.0
30.1,1625449482.0,64.0
29.1,1625449482.0,64.0
28.71,1625449482.0,64.0
28.82,1625449482.0,64.0
29.08,1625449482.0,64.0
29.0,1625449482.0,64.0
28.29,1625449482.0,64.0
26.87,1625449482.0,64.0
24.85,1625449482.0,64.0
22.44,1625449482.0,64.0
19.85,1625449482.0,64.0
17.2,1625449482.0,64.0
14.52,1625449482.0,64.0
11.81,1625449482.0,64.0
9.01,1625449482.0,64.0
6.08,1625449482.0,64.0
3.01,1625449482.0,64.0
-0.16,1625449482.0,64.0
-3.35,1625449482.0,64.0
-6.47,1625449482.0,64.0
-9.45,1625449482.0,64.0
-12.26,1625449482.0,64.0
-14.97,1625449482.0,64.0
-17.69,1625449482.0,64.0
-20.53,1625449482.0,64.0
-23.62,1625449482.0,64.0
-27.0,1625449482.0,64.0
-30.68,1625449482.0,64.0
-34.65,1625449482.0,64.0
-38.87,1625449482.0,64.0
-43.17,1625449482.0,64.0
-47.21,1625449482.0,64.0
-50.41,1625449482.0,64.0
-52.02,1625449482.0,64.0
-51.38,1625449482.0,64.0
-48.1,1625449482.0,64.0
-42.32,1625449482.0,64.0
-34.63,1625449482.0,64.0
-25.88,1625449482.0,64.0
-16.81,1625449482.0,64.0
-7.87,1625449482.0,64.0
0.79,1625449482.0,64.0
9.18,1625449482.0,64.0
17.13,1625449482.0,64.0
24.27,1625449482.0,64.0
30.08,1625449482.0,64.0
34.11,1625449482.0,64.0
36.27,1625449482.0,64.0
36.85,1625449482.0,64.0
36.43,1625449482.0,64.0
35.63,1625449482.0,64.0
34.9,1625449482.0,64.0
34.39,1625449482.0,64.0
34.04,1625449482.0,64.0
33.63,1625449482.0,64.0
32.9,1625449482.0,64.0
31.65,1625449482.0,64.0
29.77,1625449482.0,64.0
27.26,1625449482.0,64.0
24.2,1625449482.0,64.0
20.78,1625449482.0,64.0
17.21,1625449482.0,64.0
13.66,1625449482.0,64.0
10.25,1625449482.0,64.0
6.98,1625449482.0,64.0
3.84,1625449482.0,64.0
0.8,1625449482.0,64.0
-2.16,1625449482.0,64.0
-5.07,1625449482.0,64.0
-7.93,1625449482.0,64.0
-10.78,1625449482.0,64.0
-13.58,1625449482.0,64.0
-16.27,1625449482.0,64.0
-18.81,1625449482.0,64.0
-21.19,1625449482.0,64.0
-23.56,1625449482.0,64.0
-26.1,1625449482.0,64.0
-28.98,1625449482.0,64.0
-32.36,1625449482.0,64.0
-36.21,1625449482.0,64.0
-40.43,1625449482.0,64.0
-44.67,1625449482.0,64.0
-48.41,1625449482.0,64.0
-50.93,1625449482.0,64.0
-51.51,1625449482.0,64.0
-49.57,1625449482.0,64.0
-44.96,1625449482.0,64.0
-38.01,1625449482.0,64.0
-29.4,1625449482.0,64.0
-19.96,1625449482.0,64.0
-10.34,1625449482.0,64.0
-0.95,1625449482.0,64.0
8.02,1625449482.0,64.0
16.38,1625449482.0,64.0
23.8,1625449482.0,64.0
29.87,1625449482.0,64.0
34.26,1625449482.0,64.0
36.9,1625449482.0,64.0
38.12,1625449482.0,64.0
38.56,1625449482.0,64.0
38.9,1625449482.0,64.0
39.68,1625449482.0,64.0
41.03,1625449482.0,64.0
42.73,1625449482.0,64.0
44.28,1625449482.0,64.0
45.12,1625449482.0,64.0
44.89,1625449482.0,64.0
43.45,1625449482.0,64.0
40.87,1625449482.0,64.0
37.26,1625449482.0,64.0
32.63,1625449482.0,64.0
26.92,1625449482.0,64.0
20.1,1625449482.0,64.0
12.4,1625449482.0,64.0
4.45,1625449482.0,64.0
-2.82,1625449482.0,64.0
-8.46,1625449482.0,64.0
-11.86,1625449482.0,64.0
-13.02,1625449482.0,64.0
-12.47,1625449482.0,64.0
-11.07,1625449482.0,64.0
-9.69,1625449482.0,64.0
-8.94,1625449482.0,64.0
-9.14,1625449482.0,64.0
-10.46,1625449482.0,64.0
-12.96,1625449482.0,64.0
-16.62,1625449482.0,64.0
-21.31,1625449482.0,64.0
-26.73,1625449482.0,64.0
-32.46,1625449482.0,64.0
-38.14,1625449482.0,64.0
-43.53,1625449482.0,64.0
-48.45,1625449482.0,64.0
-52.64,1625449482.0,64.0
-55.62,1625449482.0,64.0
-56.67,1625449482.0,64.0
-55.14,1625449482.0,64.0
-50.75,1625449482.0,64.0
-43.79,1625449482.0,64.0
-35.06,1625449482.0,64.0
-25.54,1625449482.0,64.0
-16.02,1625449482.0,64.0
-6.88,1625449482.0,64.0
1.83,1625449482.0,64.0
10.11,1625449482.0,64.0
17.76,1625449482.0,64.0
24.28,1625449482.0,64.0
29.08,1625449482.0,64.0
31.8,1625449482.0,64.0
32.5,1625449482.0,64.0
31.72,1625449482.0,64.0
30.29,1625449482.0,64.0
28.98,1625449482.0,64.0
28.24,1625449482.0,64.0
28.11,1625449482.0,64.0
28.27,1625449482.0,64.0
28.24,1625449482.0,64.0
27.62,1625449482.0,64.0
26.17,1625449482.0,64.0
23.86,1625449482.0,64.0
20.82,1625449482.0,64.0
17.27,1625449482.0,64.0
13.42,1625449482.0,64.0
9.44,1625449482.0,64.0
5.56,1625449482.0,64.0
1.96,1625449482.0,64.0
-1.15,1625449482.0,64.0
-3.63,1625449482.0,64.0
-5.48,1625449482.0,64.0
-6.85,1625449482.0,64.0
-8.06,1625449482.0,64.0
-9.41,1625449482.0,64.0
-11.16,1625449482.0,64.0
-13.32,1625449482.0,64.0
-15.73,1625449482.0,64.0
-18.12,1625449482.0,64.0
-20.21,1625449482.0,64.0
-21.89,1625449482.0,64.0
-23.18,1625449482.0,64.0
-24.3,1625449482.0,64.0
-25.6,1625449482.0,64.0
-27.5,1625449482.0,64.0
-30.35,1625449482.0,64.0
-34.27,1625449482.0,64.0
-38.95,1625449482.0,64.0
-43.6,1625449482.0,64.0
-47.12,1625449482.0,64.0
-48.37,1625449482.0,64.0
-46.64,1625449482.0,64.0
-41.86,1625449482.0,64.0
-34.65,1625449482.0,64.0
-26.05,1625449482.0,64.0
-17.16,1625449482.0,64.0
-8.74,1625449482.0,64.0
-1.19,1625449482.0,64.0
5.4,1625449482.0,64.0
11.1,1625449482.0,64.0
15.93,1625449482.0,64.0
19.96,1625449482.0,64.0
23.28,1625449482.0,64.0
26.17,1625449482.0,64.0
28.95,1625449482.0,64.0
31.9,1625449482.0,64.0
35.05,1625449482.0,64.0
38.05,1625449482.0,64.0
40.29,1625449482.0,64.0
41.1,1625449482.0,64.0
40.03,1625449482.0,64.0
37.0,1625449482.0,64.0
32.38,1625449482.0,64.0
26.88,1625449482.0,64.0
21.33,1625449482.0,64.0
16.53,1625449482.0,64.0
13.12,1625449482.0,64.0
11.46,1625449482.0,64.0
11.56,1625449482.0,64.0
13.09,1625449482.0,64.0
15.36,1625449482.0,64.0
17.5,1625449482.0,64.0
18.61,1625449482.0,64.0
17.95,1625449482.0,64.0
15.18,1625449482.0,64.0
10.32,1625449482.0,64.0
3.84,1625449482.0,64.0
-3.61,1625449482.0,64.0
-11.21,1625449482.0,64.0
-18.17,1625449482.0,64.0
-23.84,1625449482.0,64.0
-27.78,1625449482.0,64.0
-29.88,1625449482.0,64.0
-30.42,1625449482.0,64.0
-30.03,1625449482.0,64.0
-29.51,1625449482.0,64.0
-29.53,1625449482.0,64.0
-30.37,1625449482.0,64.0
-31.7,1625449482.0,64.0
-32.78,1625449482.0,64.0
-32.72,1625449482.0,64.0
-30.88,1625449482.0,64.0
-27.15,1625449482.0,64.0
-21.93,1625449482.0,64.0
-15.87,1625449482.0,64.0
-9.56,1625449482.0,64.0
-3.32,1625449482.0,64.0
2.75,1625449482.0,64.0
8.52,1625449482.0,64.0
13.68,1625449482.0,64.0
17.68,1625449482.0,64.0
20.08,1625449482.0,64.0
20.84,1625449482.0,64.0
20.52,1625449482.0,64.0
20.27,1625449482.0,64.0
21.38,1625449482.0,64.0
24.78,1625449482.0,64.0
30.59,1625449482.0,64.0
37.97,1625449482.0,64.0
45.33,1625449482.0,64.0
50.86,1625449482.0,64.0
53.07,1625449482.0,64.0
51.26,1625449482.0,64.0
45.66,1625449482.0,64.0
37.31,1625449482.0,64.0
27.73,1625449482.0,64.0
18.41,1625449482.0,64.0
10.61,1625449482.0,64.0
5.02,1625449482.0,64.0
1.85,1625449482.0,64.0
0.8,1625449482.0,64.0
1.21,1625449482.0,64.0
2.16,1625449482.0,64.0
2.62,1625449482.0,64.0
1.72,1625449482.0,64.0
-1.12,1625449482.0,64.0
-5.98,1625449482.0,64.0
-12.45,1625449482.0,64.0
-19.81,1625449482.0,64.0
-27.22,1625449482.0,64.0
-33.98,1625449482.0,64.0
-39.65,1625449482.0,64.0
-44.04,1625449482.0,64.0
-47.13,1625449482.0,64.0
-48.91,1625449482.0,64.0
-49.27,1625449482.0,64.0
-48.05,1625449482.0,64.0
-45.1,1625449482.0,64.0
-40.35,1625449482.0,64.0
-33.93,1625449482.0,64.0
-26.18,1625449482.0,64.0
-17.6,1625449482.0,64.0
-8.72,1625449482.0,64.0
0.02,1625449482.0,64.0
8.28,1625449482.0,64.0
15.81,1625449482.0,64.0
22.33,1625449482.0,64.0
27.53,1625449482.0,64.0
31.1,1625449482.0,64.0
32.88,1625449482.0,64.0
32.96,1625449482.0,64.0
31.73,1625449482.0,64.0
29.79,1625449482.0,64.0
27.71,1625449482.0,64.0
25.91,1625449482.0,64.0
24.55,1625449482.0,64.0
23.53,1625449482.0,64.0
22.57,1625449482.0,64.0
21.39,1625449482.0,64.0
19.75,1625449482.0,64.0
17.57,1625449482.0,64.0
14.92,1625449482.0,64.0
12.02,1625449482.0,64.0
9.09,1625449482.0,64.0
6.28,1625449482.0,64.0
3.57,1625449482.0,64.0
0.84,1625449482.0,64.0
-2.03,1625449482.0,64.0
-4.95,1625449482.0,64.0
-7.63,1625449482.0,64.0
-9.68,1625449482.0,64.0
-10.86,1625449482.0,64.0
-11.37,1625449482.0,64.0
-11.82,1625449482.0,64.0
-13.01,1625449482.0,64.0
-15.58,1625449482.0,64.0
-19.67,1625449482.0,64.0
-24.86,1625449482.0,64.0
-30.41,1625449482.0,64.0
-35.53,1625449482.0,64.0
-39.7,1625449482.0,64.0
-42.69,1625449482.0,64.0
-44.4,1625449482.0,64.0
-44.78,1625449482.0,64.0
-43.68,1625449482.0,64.0
-41.02,1625449482.0,64.0
-36.93,1625449482.0,64.0
-31.75,1625449482.0,64.0
-26.01,1625449482.0,64.0
-20.06,1625449482.0,64.0
-13.97,1625449482.0,64.0
-7.49,1625449482.0,64.0
-0.3,1625449482.0,64.0
7.72,1625449482.0,64.0
16.26,1625449482.0,64.0
24.66,1625449482.0,64.0
32.12,1625449482.0,64.0
37.96,1625449482.0,64.0
41.85,1625449482.0,64.0
43.76,1625449482.0,64.0
43.88,1625449482.0,64.0
42.47,1625449482.0,64.0
39.8,1625449482.0,64.0
36.1,1625449482.0,64.0
31.67,1625449482.0,64.0
26.89,1625449482.0,64.0
22.23,1625449482.0,64.0
18.22,1625449482.0,64.0
15.38,1625449482.0,64.0
14.05,1625449482.0,64.0
14.34,1625449482.0,64.0
16.0,1625449482.0,64.0
18.49,1625449482.0,64.0
21.08,1625449482.0,64.0
23.06,1625449482.0,64.0
23.88,1625449482.0,64.0
23.3,1625449482.0,64.0
21.25,1625449482.0,64.0
17.82,1625449482.0,64.0
13.14,1625449482.0,64.0
7.35,1625449482.0,64.0
0.69,1625449482.0,64.0
-6.51,1625449482.0,64.0
-13.89,1625449482.0,64.0
-21.17,1625449482.0,64.0
-28.16,1625449482.0,64.0
-34.77,1625449482.0,64.0
-40.85,1625449482.0,64.0
-46.08,1625449482.0,64.0
-49.94,1625449482.0,64.0
-51.81,1625449482.0,64.0
-51.15,1625449482.0,64.0
-47.74,1625449482.0,64.0
-41.73,1625449482.0,64.0
-33.61,1625449482.0,64.0
-24.06,1625449482.0,64.0
-13.8,1625449482.0,64.0
-3.47,1625449482.0,64.0
6.26,1625449482.0,64.0
14.79,1625449482.0,64.0
21.51,1625449482.0,64.0
25.9,1625449482.0,64.0
27.72,1625449482.0,64.0
27.15,1625449482.0,64.0
24.8,1625449482.0,64.0
21.58,1625449482.0,64.0
18.39,1625449482.0,64.0
15.87,1625449482.0,64.0
14.21,1625449482.0,64.0
13.19,1625449482.0,64.0
12.42,1625449482.0,64.0
11.59,1625449482.0,64.0
10.6,1625449482.0,64.0
9.49,1625449482.0,64.0
8.35,1625449482.0,64.0
7.17,1625449482.0,64.0
5.77,1625449482.0,64.0
3.89,1625449482.0,64.0
1.29,1625449482.0,64.0
-2.12,1625449482.0,64.0
-6.18,1625449482.0,64.0
-10.46,1625449482.0,64.0
-14.34,1625449482.0,64.0
-17.13,1625449482.0,64.0
-18.4,1625449482.0,64.0
-18.28,1625449482.0,64.0
-17.47,1625449482.0,64.0
-17.12,1625449482.0,64.0
-18.39,1625449482.0,64.0
-22.06,1625449482.0,64.0
-28.21,1625449482.0,64.0
-36.3,1625449482.0,64.0
-45.31,1625449482.0,64.0
-53.99,1625449482.0,64.0
-61.03,1625449482.0,64.0
-65.13,1625449482.0,64.0
-65.21,1625449482.0,64.0
-60.64,1625449482.0,64.0
-51.51,1625449482.0,64.0
-38.65,1625449482.0,64.0
-23.41,1625449482.0,64.0
-7.31,1625449482.0,64.0
8.44,1625449482.0,64.0
22.96,1625449482.0,64.0
35.69,1625449482.0,64.0
46.06,1625449482.0,64.0
53.43,1625449482.0,64.0
57.2,1625449482.0,64.0
57.17,1625449482.0,64.0
53.69,1625449482.0,64.0
47.78,1625449482.0,64.0
40.72,1625449482.0,64.0
33.77,1625449482.0,64.0
27.83,1625449482.0,64.0
23.31,1625449482.0,64.0
20.21,1625449482.0,64.0
18.29,1625449482.0,64.0
17.15,1625449482.0,64.0
16.34,1625449482.0,64.0
15.4,1625449482.0,64.0
13.89,1625449482.0,64.0
11.58,1625449482.0,64.0
8.44,1625449482.0,64.0
4.8,1625449482.0,64.0
1.2,1625449482.0,64.0
-1.75,1625449482.0,64.0
-3.68,1625449482.0,64.0
-4.58,1625449482.0,64.0
-4.87,1625449482.0,64.0
-5.24,1625449482.0,64.0
-6.43,1625449482.0,64.0
-8.99,1625449482.0,64.0
-13.09,1625449482.0,64.0
-18.46,1625449482.0,64.0
-24.48,1625449482.0,64.0
-30.31,1625449482.0,64.0
-35.14,1625449482.0,64.0
-38.38,1625449482.0,64.0
-39.84,1625449482.0,64.0
-39.62,1625449482.0,64.0
-38.0,1625449482.0,64.0
-35.22,1625449482.0,64.0
-31.37,1625449482.0,64.0
-26.46,1625449482.0,64.0
-20.49,1625449482.0,64.0
-13.68,1625449482.0,64.0
-6.38,1625449482.0,64.0
1.0,1625449482.0,64.0
8.21,1625449482.0,64.0
15.14,1625449482.0,64.0
21.79,1625449482.0,64.0
27.99,1625449482.0,64.0
33.29,1625449482.0,64.0
37.09,1625449482.0,64.0
38.96,1625449482.0,64.0
38.91,1625449482.0,64.0
37.47,1625449482.0,64.0
35.51,1625449482.0,64.0
33.79,1625449482.0,64.0
32.67,1625449482.0,64.0
32.0,1625449482.0,64.0
31.34,1625449482.0,64.0
30.25,1625449482.0,64.0
28.58,1625449482.0,64.0
26.5,1625449482.0,64.0
24.34,1625449482.0,64.0
22.41,1625449482.0,64.0
20.79,1625449482.0,64.0
19.37,1625449482.0,64.0
17.91,1625449482.0,64.0
16.17,1625449482.0,64.0
13.99,1625449482.0,64.0
11.34,1625449482.0,64.0
8.26,1625449482.0,64.0
4.82,1625449482.0,64.0
1.1,1625449482.0,64.0
-2.79,1625449482.0,64.0
-6.75,1625449482.0,64.0
-10.71,1625449482.0,64.0
-14.55,1625449482.0,64.0
-18.24,1625449482.0,64.0
-21.81,1625449482.0,64.0
-25.36,1625449482.0,64.0
-28.96,1625449482.0,64.0
-32.53,1625449482.0,64.0
-35.72,1625449482.0,64.0
-37.87,1625449482.0,64.0
-38.19,1625449482.0,64.0
-36.02,1625449482.0,64.0
-31.09,1625449482.0,64.0
-23.64,1625449482.0,64.0
-14.36,1625449482.0,64.0
-4.2,1625449482.0,64.0
5.86,1625449482.0,64.0
14.89,1625449482.0,64.0
22.12,1625449482.0,64.0
26.91,1625449482.0,64.0
28.9,1625449482.0,64.0
28.09,1625449482.0,64.0
25.02,1625449482.0,64.0
20.71,1625449482.0,64.0
16.46,1625449482.0,64.0
13.47,1625449482.0,64.0
12.46,1625449482.0,64.0
13.44,1625449482.0,64.0
15.81,1625449482.0,64.0
18.64,1625449482.0,64.0
21.04,1625449482.0,64.0
22.48,1625449482.0,64.0
22.82,1625449482.0,64.0
22.25,1625449482.0,64.0
21.1,1625449482.0,64.0
19.62,1625449482.0,64.0
17.89,1625449482.0,64.0
15.88,1625449482.0,64.0
13.51,1625449482.0,64.0
10.74,1625449482.0,64.0
7.68,1625449482.0,64.0
4.52,1625449482.0,64.0
1.49,1625449482.0,64.0
-1.28,1625449482.0,64.0
-3.86,1625449482.0,64.0
-6.46,1625449482.0,64.0
-9.43,1625449482.0,64.0
-13.0,1625449482.0,64.0
-17.27,1625449482.0,64.0
-22.14,1625449482.0,64.0
-27.37,1625449482.0,64.0
-32.69,1625449482.0,64.0
-37.75,1625449482.0,64.0
-42.1,1625449482.0,64.0
-45.16,1625449482.0,64.0
-46.26,1625449482.0,64.0
-44.92,1625449482.0,64.0
-40.99,1625449482.0,64.0
-34.84,1625449482.0,64.0
-27.17,1625449482.0,64.0
-18.83,1625449482.0,64.0
-10.42,1625449482.0,64.0
-2.19,1625449482.0,64.0
5.88,1625449482.0,64.0
13.81,1625449482.0,64.0
21.41,1625449482.0,64.0
28.21,1625449482.0,64.0
33.59,1625449482.0,64.0
37.1,1625449482.0,64.0
38.68,1625449482.0,64.0
38.7,1625449482.0,64.0
37.79,1625449482.0,64.0
36.58,1625449482.0,64.0
35.49,1625449482.0,64.0
34.58,1625449482.0,64.0
33.69,1625449482.0,64.0
32.52,1625449482.0,64.0
30.79,1625449482.0,64.0
28.39,1625449482.0,64.0
25.38,1625449482.0,64.0
21.96,1625449482.0,64.0
18.39,1625449482.0,64.0
14.93,1625449482.0,64.0
11.66,1625449482.0,64.0
8.5,1625449482.0,64.0
5.26,1625449482.0,64.0
1.77,1625449482.0,64.0
-1.97,1625449482.0,64.0
-5.72,1625449482.0,64.0
-9.14,1625449482.0,64.0
-11.93,1625449482.0,64.0
-14.08,1625449482.0,64.0
-15.9,1625449482.0,64.0
-17.92,1625449482.0,64.0
-20.57,1625449482.0,64.0
-24.06,1625449482.0,64.0
-28.24,1625449482.0,64.0
-32.75,1625449482.0,64.0
-37.26,1625449482.0,64.0
-41.48,1625449482.0,64.0
-45.23,1625449482.0,64.0
-48.21,1625449482.0,64.0
-49.95,1625449482.0,64.0
-49.84,1625449482.0,64.0
-47.34,1625449482.0,64.0
-42.3,1625449482.0,64.0
-35.03,1625449482.0,64.0
-26.28,1625449482.0,64.0
-16.94,1625449482.0,64.0
-7.76,1625449482.0,64.0
0.91,1625449482.0,64.0
9.05,1625449482.0,64.0
16.72,1625449482.0,64.0
23.91,1625449482.0,64.0
30.36,1625449482.0,64.0
35.63,1625449482.0,64.0
39.36,1625449482.0,64.0
41.38,1625449482.0,64.0
41.88,1625449482.0,64.0
41.27,1625449482.0,64.0
40.09,1625449482.0,64.0
38.77,1625449482.0,64.0
37.56,1625449482.0,64.0
36.47,1625449482.0,64.0
35.35,1625449482.0,64.0
33.99,1625449482.0,64.0
32.2,1625449482.0,64.0
29.91,1625449482.0,64.0
27.1,1625449482.0,64.0
23.81,1625449482.0,64.0
20.07,1625449482.0,64.0
15.95,1625449482.0,64.0
11.59,1625449482.0,64.0
7.21,1625449482.0,64.0
3.07,1625449482.0,64.0
-0.59,1625449482.0,64.0
-3.7,1625449482.0,64.0
-6.34,1625449482.0,64.0
-8.73,1625449482.0,64.0
-11.06,1625449482.0,64.0
-13.41,1625449482.0,64.0
-15.76,1625449482.0,64.0
-18.02,1625449482.0,64.0
-20.16,1625449482.0,64.0
-22.32,1625449482.0,64.0
-24.73,1625449482.0,64.0
-27.68,1625449482.0,64.0
-31.31,1625449482.0,64.0
-35.61,1625449482.0,64.0
-40.33,1625449482.0,64.0
-44.94,1625449482.0,64.0
-48.75,1625449482.0,64.0
-50.96,1625449482.0,64.0
-50.84,1625449482.0,64.0
-48.0,1625449482.0,64.0
-42.52,1625449482.0,64.0
-34.97,1625449482.0,64.0
-26.27,1625449482.0,64.0
-17.4,1625449482.0,64.0
-8.98,1625449482.0,64.0
-1.2,1625449482.0,64.0
6.19,1625449482.0,64.0
13.54,1625449482.0,64.0
20.92,1625449482.0,64.0
27.98,1625449482.0,64.0
33.98,1625449482.0,64.0
38.15,1625449482.0,64.0
40.07,1625449482.0,64.0
39.9,1625449482.0,64.0
38.28,1625449482.0,64.0
36.11,1625449482.0,64.0
34.16,1625449482.0,64.0
32.86,1625449482.0,64.0
32.27,1625449482.0,64.0
32.18,1625449482.0,64.0
32.26,1625449482.0,64.0
32.13,1625449482.0,64.0
31.4,1625449482.0,64.0
29.7,1625449482.0,64.0
26.78,1625449482.0,64.0
22.61,1625449482.0,64.0
17.47,1625449482.0,64.0
11.96,1625449482.0,64.0
6.8,1625449482.0,64.0
2.58,1625449482.0,64.0
-0.48,1625449482.0,64.0
-2.56,1625449482.0,64.0
-4.19,1625449482.0,64.0
-5.89,1625449482.0,64.0
-7.97,1625449482.0,64.0
-10.33,1625449482.0,64.0
-12.65,1625449482.0,64.0
-14.59,1625449482.0,64.0
-16.12,1625449482.0,64.0
-17.62,1625449482.0,64.0
-19.72,1625449482.0,64.0
-23.04,1625449482.0,64.0
-27.85,1625449482.0,64.0
-33.98,1625449482.0,64.0
-40.93,1625449482.0,64.0
-48.12,1625449482.0,64.0
-55.07,1625449482.0,64.0
-61.36,1625449482.0,64.0
-66.55,1625449482.0,64.0
-70.01,1625449482.0,64.0
-70.99,1625449482.0,64.0
-68.78,1625449482.0,64.0
-63.08,1625449482.0,64.0
-54.14,1625449482.0,64.0
-42.8,1625449482.0,64.0
-30.18,1625449482.0,64.0
-17.39,1625449482.0,64.0
-5.28,1625449482.0,64.0
5.61,1625449482.0,64.0
14.87,1625449482.0,64.0
22.13,1625449482.0,64.0
27.0,1625449482.0,64.0
29.32,1625449482.0,64.0
29.32,1625449482.0,64.0
27.72,1625449482.0,64.0
25.54,1625449482.0,64.0
23.69,1625449482.0,64.0
22.72,1625449482.0,64.0
22.66,1625449482.0,64.0
23.19,1625449482.0,64.0
23.93,1625449482.0,64.0
24.74,1625449482.0,64.0
25.64,1625449482.0,64.0
26.7,1625449482.0,64.0
27.77,1625449482.0,64.0
28.4,1625449482.0,64.0
28.01,1625449482.0,64.0
26.09,1625449482.0,64.0
22.42,1625449482.0,64.0
17.2,1625449482.0,64.0
10.87,1625449482.0,64.0
4.03,1625449482.0,64.0
-2.63,1625449482.0,64.0
-8.45,1625449482.0,64.0
-12.78,1625449482.0,64.0
-15.15,1625449482.0,64.0
-15.39,1625449482.0,64.0
-13.75,1625449482.0,64.0
-10.87,1625449482.0,64.0
-7.72,1625449482.0,64.0
-5.28,1625449482.0,64.0
-4.43,1625449482.0,64.0
-5.75,1625449482.0,64.0
-9.52,1625449482.0,64.0
-15.74,1625449482.0,64.0
-24.1,1625449482.0,64.0
-33.91,1625449482.0,64.0
-43.94,1625449482.0,64.0
-52.56,1625449482.0,64.0
-57.92,1625449482.0,64.0
-58.57,1625449482.0,64.0
-53.9,1625449482.0,64.0
-44.46,1625449482.0,64.0
-31.92,1625449482.0,64.0
-18.5,1625449482.0,64.0
-6.33,1625449482.0,64.0
3.16,1625449482.0,64.0
9.5,1625449482.0,64.0
13.09,1625449482.0,64.0
14.82,1625449482.0,64.0
15.7,1625449482.0,64.0
16.54,1625449482.0,64.0
17.88,1625449482.0,64.0
19.98,1625449482.0,64.0
22.85,1625449482.0,64.0
26.33,1625449482.0,64.0
30.11,1625449482.0,64.0
33.76,1625449482.0,64.0
36.81,1625449482.0,64.0
38.79,1625449482.0,64.0
39.39,1625449482.0,64.0
38.5,1625449482.0,64.0
36.31,1625449482.0,64.0
33.2,1625449482.0,64.0
29.67,1625449482.0,64.0
26.19,1625449482.0,64.0
23.06,1625449482.0,64.0
20.37,1625449482.0,64.0
18.06,1625449482.0,64.0
15.92,1625449482.0,64.0
13.75,1625449482.0,64.0
11.37,1625449482.0,64.0
8.69,1625449482.0,64.0
5.76,1625449482.0,64.0
2.76,1625449482.0,64.0
-0.01,1625449482.0,64.0
-2.3,1625449482.0,64.0
-4.0,1625449482.0,64.0
-5.23,1625449482.0,64.0
-6.35,1625449482.0,64.0
-7.81,1625449482.0,64.0
-9.96,1625449482.0,64.0
-12.95,1625449482.0,64.0
-16.67,1625449482.0,64.0
-20.87,1625449482.0,64.0
-25.33,1625449482.0,64.0
-29.9,1625449482.0,64.0
-34.52,1625449482.0,64.0
-39.09,1625449482.0,64.0
-43.27,1625449482.0,64.0
-46.47,1625449482.0,64.0
-47.98,1625449482.0,64.0
-47.16,1625449482.0,64.0
-43.72,1625449482.0,64.0
-37.82,1625449482.0,64.0
-29.98,1625449482.0,64.0
-20.93,1625449482.0,64.0
-11.3,1625449482.0,64.0
-1.61,1625449482.0,64.0
7.82,1625449482.0,64.0
16.7,1625449482.0,64.0
24.68,1625449482.0,64.0
31.36,1625449482.0,64.0
36.35,1625449482.0,64.0
39.45,1625449482.0,64.0
40.73,1625449482.0,64.0
40.5,1625449482.0,64.0
39.23,1625449482.0,64.0
37.41,1625449482.0,64.0
35.47,1625449482.0,64.0
33.65,1625449482.0,64.0
32.02,1625449482.0,64.0
30.56,1625449482.0,64.0
29.22,1625449482.0,64.0
27.95,1625449482.0,64.0
26.76,1625449482.0,64.0
25.62,1625449482.0,64.0
24.37,1625449482.0,64.0
22.74,1625449482.0,64.0
20.38,1625449482.0,64.0
17.05,1625449482.0,64.0
12.79,1625449482.0,64.0
8.01,1625449482.0,64.0
3.33,1625449482.0,64.0
-0.69,1625449482.0,64.0
-3.78,1625449482.0,64.0
-6.11,1625449482.0,64.0
-8.13,1625449482.0,64.0
-10.36,1625449482.0,64.0
-13.05,1625449482.0,64.0
-16.16,1625449482.0,64.0
-19.44,1625449482.0,64.0
-22.6,1625449482.0,64.0
-25.52,1625449482.0,64.0
-28.27,1625449482.0,64.0
-31.04,1625449482.0,64.0
-34.08,1625449482.0,64.0
-37.57,1625449482.0,64.0
-41.51,1625449482.0,64.0
-45.68,1625449482.0,64.0
-49.5,1625449482.0,64.0
-52.14,1625449482.0,64.0
-52.7,1625449482.0,64.0
-50.57,1625449482.0,64.0
-45.66,1625449482.0,64.0
-38.56,1625449482.0,64.0
-30.29,1625449482.0,64.0
-21.9,1625449482.0,64.0
-14.1,1625449482.0,64.0
-7.11,1625449482.0,64.0
-0.67,1625449482.0,64.0
5.61,1625449482.0,64.0
11.98,1625449482.0,64.0
18.4,1625449482.0,64.0
24.59,1625449482.0,64.0
30.05,1625449482.0,64.0
34.34,1625449482.0,64.0
37.15,1625449482.0,64.0
38.43,1625449482.0,64.0
38.43,1625449482.0,64.0
37.65,1625449482.0,64.0
36.69,1625449482.0,64.0
36.1,1625449482.0,64.0
36.18,1625449482.0,64.0
36.83,1625449482.0,64.0
37.7,1625449482.0,64.0
38.19,1625449482.0,64.0
37.73,1625449482.0,64.0
35.89,1625449482.0,64.0
32.44,1625449482.0,64.0
27.39,1625449482.0,64.0
20.96,1625449482.0,64.0
13.6,1625449482.0,64.0
5.97,1625449482.0,64.0
-1.18,1625449482.0,64.0
-7.07,1625449482.0,64.0
-11.14,1625449482.0,64.0
-13.09,1625449482.0,64.0
-13.06,1625449482.0,64.0
-11.48,1625449482.0,64.0
-9.09,1625449482.0,64.0
-6.74,1625449482.0,64.0
-5.3,1625449482.0,64.0
-5.56,1625449482.0,64.0
-8.09,1625449482.0,64.0
-13.18,1625449482.0,64.0
-20.77,1625449482.0,64.0
-30.4,1625449482.0,64.0
-41.19,1625449482.0,64.0
-51.84,1625449482.0,64.0
-60.74,1625449482.0,64.0
-66.29,1625449482.0,64.0
-67.22,1625449482.0,64.0
-63.01,1625449482.0,64.0
-54.17,1625449482.0,64.0
-42.1,1625449482.0,64.0
-28.73,1625449482.0,64.0
-15.95,1625449482.0,64.0
-5.07,1625449482.0,64.0
3.41,1625449482.0,64.0
9.67,1625449482.0,64.0
14.27,1625449482.0,64.0
17.75,1625449482.0,64.0
20.51,1625449482.0,64.0
22.85,1625449482.0,64.0
25.1,1625449482.0,64.0
27.67,1625449482.0,64.0
30.97,1625449482.0,64.0
35.19,1625449482.0,64.0
40.08,1625449482.0,64.0
45.0,1625449482.0,64.0
48.98,1625449482.0,64.0
51.06,1625449482.0,64.0
50.56,1625449482.0,64.0
47.29,1625449482.0,64.0
41.59,1625449482.0,64.0
34.28,1625449482.0,64.0
26.47,1625449482.0,64.0
19.3,1625449482.0,64.0
13.69,1625449482.0,64.0
10.18,1625449482.0,64.0
8.74,1625449482.0,64.0
8.91,1625449482.0,64.0
9.86,1625449482.0,64.0
10.7,1625449482.0,64.0
10.68,1625449482.0,64.0
9.37,1625449482.0,64.0
6.71,1625449482.0,64.0
2.9,1625449482.0,64.0
-1.66,1625449482.0,64.0
-6.55,1625449482.0,64.0
-11.43,1625449482.0,64.0
-16.15,1625449482.0,64.0
-20.69,1625449482.0,64.0
-25.15,1625449482.0,64.0
-29.63,1625449482.0,64.0
-34.18,1625449482.0,64.0
-38.79,1625449482.0,64.0
-43.42,1625449482.0,64.0
-48.02,1625449482.0,64.0
-52.44,1625449482.0,64.0
-56.28,1625449482.0,64.0
-58.89,1625449482.0,64.0
-59.41,1625449482.0,64.0
-57.04,1625449482.0,64.0
-51.46,1625449482.0,64.0
-43.0,1625449482.0,64.0
-32.68,1625449482.0,64.0
-21.82,1625449482.0,64.0
-11.59,1625449482.0,64.0
-2.7,1625449482.0,64.0
4.75,1625449482.0,64.0
10.99,1625449482.0,64.0
16.26,1625449482.0,64.0
20.6,1625449482.0,64.0
23.82,1625449482.0,64.0
25.77,1625449482.0,64.0
26.54,1625449482.0,64.0
26.59,1625449482.0,64.0
26.64,1625449482.0,64.0
27.27,1625449482.0,64.0
28.72,1625449482.0,64.0
30.71,1625449482.0,64.0
32.59,1625449482.0,64.0
33.63,1625449482.0,64.0
33.34,1625449482.0,64.0
31.64,1625449482.0,64.0
28.79,1625449482.0,64.0
25.26,1625449482.0,64.0
21.52,1625449482.0,64.0
17.94,1625449482.0,64.0
14.68,1625449482.0,64.0
11.78,1625449482.0,64.0
9.19,1625449482.0,64.0
6.75,1625449482.0,64.0
4.32,1625449482.0,64.0
1.78,1625449482.0,64.0
-0.89,1625449482.0,64.0
-3.58,1625449482.0,64.0
-6.15,1625449482.0,64.0
-8.53,1625449482.0,64.0
-10.79,1625449482.0,64.0
-13.16,1625449482.0,64.0
-15.89,1625449482.0,64.0
-19.1,1625449482.0,64.0
-22.73,1625449482.0,64.0
-26.52,1625449482.0,64.0
-30.25,1625449482.0,64.0
-33.79,1625449482.0,64.0
-37.09,1625449482.0,64.0
-40.11,1625449482.0,64.0
-42.59,1625449482.0,64.0
-44.01,1625449482.0,64.0
-43.73,1625449482.0,64.0
-41.26,1625449482.0,64.0
-36.52,1625449482.0,64.0
-29.86,1625449482.0,64.0
-21.92,1625449482.0,64.0
-13.35,1625449482.0,64.0
-4.57,1625449482.0,64.0
4.21,1625449482.0,64.0
12.79,1625449482.0,64.0
20.76,1625449482.0,64.0
27.41,1625449482.0,64.0
32.0,1625449482.0,64.0
34.0,1625449482.0,64.0
33.49,1625449482.0,64.0
31.15,1625449482.0,64.0
28.07,1625449482.0,64.0
25.38,1625449482.0,64.0
23.81,1625449482.0,64.0
23.52,1625449482.0,64.0
24.16,1625449482.0,64.0
25.07,1625449482.0,64.0
25.65,1625449482.0,64.0
25.53,1625449482.0,64.0
24.66,1625449482.0,64.0
23.2,1625449482.0,64.0
21.4,1625449482.0,64.0
19.39,1625449482.0,64.0
17.15,1625449482.0,64.0
14.59,1625449482.0,64.0
11.66,1625449482.0,64.0
8.49,1625449482.0,64.0
5.43,1625449482.0,64.0
2.88,1625449482.0,64.0
1.16,1625449482.0,64.0
0.27,1625449482.0,64.0
-0.12,1625449482.0,64.0
-0.56,1625449482.0,64.0
-1.64,1625449482.0,64.0
-3.71,1625449482.0,64.0
-6.85,1625449482.0,64.0
-10.85,1625449482.0,64.0
-15.39,1625449482.0,64.0
-20.14,1625449482.0,64.0
-24.82,1625449482.0,64.0
-29.16,1625449482.0,64.0
-32.79,1625449482.0,64.0
-35.26,1625449482.0,64.0
-36.02,1625449482.0,64.0
-34.65,1625449482.0,64.0
-30.93,1625449482.0,64.0
-25.08,1625449482.0,64.0
-17.62,1625449482.0,64.0
-9.35,1625449482.0,64.0
-1.03,1625449482.0,64.0
6.77,1625449482.0,64.0
13.73,1625449482.0,64.0
19.75,1625449482.0,64.0
24.79,1625449482.0,64.0
28.75,1625449482.0,64.0
31.48,1625449482.0,64.0
32.94,1625449482.0,64.0
33.28,1625449482.0,64.0
32.89,1625449482.0,64.0
32.3,1625449482.0,64.0
31.97,1625449482.0,64.0
32.1,1625449482.0,64.0
32.47,1625449482.0,64.0
32.61,1625449482.0,64.0
31.96,1625449482.0,64.0
30.21,1625449482.0,64.0
27.38,1625449482.0,64.0
23.87,1625449482.0,64.0
20.22,1625449482.0,64.0
16.86,1625449482.0,64.0
13.89,1625449482.0,64.0
11.06,1625449482.0,64.0
7.94,1625449482.0,64.0
4.23,1625449482.0,64.0
-0.06,1625449482.0,64.0
-4.56,1625449482.0,64.0
-8.67,1625449482.0,64.0
-11.86,1625449482.0,64.0
-13.97,1625449482.0,64.0
-15.21,1625449482.0,64.0
-16.11,1625449482.0,64.0
-17.23,1625449482.0,64.0
-18.98,1625449482.0,64.0
-21.48,1625449482.0,64.0
-24.59,1625449482.0,64.0
-28.08,1625449482.0,64.0
-31.71,1625449482.0,64.0
-35.26,1625449482.0,64.0
-38.38,1625449482.0,64.0
-40.63,1625449482.0,64.0
-41.39,1625449482.0,64.0
-40.09,1625449482.0,64.0
-36.37,1625449482.0,64.0
-30.28,1625449482.0,64.0
-22.34,1625449482.0,64.0
-13.36,1625449482.0,64.0
-4.17,1625449482.0,64.0
4.63,1625449482.0,64.0
12.71,1625449482.0,64.0
19.98,1625449482.0,64.0
26.36,1625449482.0,64.0
31.68,1625449482.0,64.0
35.63,1625449482.0,64.0
37.93,1625449482.0,64.0
38.55,1625449482.0,64.0
37.79,1625449482.0,64.0
36.24,1625449482.0,64.0
34.55,1625449482.0,64.0
33.2,1625449482.0,64.0
32.3,1625449482.0,64.0
31.57,1625449482.0,64.0
30.52,1625449482.0,64.0
28.77,1625449482.0,64.0
26.18,1625449482.0,64.0
22.94,1625449482.0,64.0
19.42,1625449482.0,64.0
15.95,1625449482.0,64.0
12.66,1625449482.0,64.0
9.44,1625449482.0,64.0
6.07,1625449482.0,64.0
2.4,1625449482.0,64.0
-1.53,1625449482.0,64.0
-5.52,1625449482.0,64.0
-9.27,1625449482.0,64.0
-12.6,1625449482.0,64.0
-15.47,1625449482.0,64.0
-18.03,1625449482.0,64.0
-20.45,1625449482.0,64.0
-22.89,1625449482.0,64.0
-25.38,1625449482.0,64.0
-27.94,1625449482.0,64.0
-30.64,1625449482.0,64.0
-33.69,1625449482.0,64.0
-37.34,1625449482.0,64.0
-41.71,1625449482.0,64.0
-46.58,1625449482.0,64.0
-51.29,1625449482.0,64.0
-54.8,1625449482.0,64.0
-56.02,1625449482.0,64.0
-54.22,1625449482.0,64.0
-49.27,1625449482.0,64.0
-41.68,1625449482.0,64.0
-32.43,1625449482.0,64.0
-22.58,1625449482.0,64.0
-12.87,1625449482.0,64.0
-3.63,1625449482.0,64.0
5.11,1625449482.0,64.0
13.46,1625449482.0,64.0
21.28,1625449482.0,64.0
28.22,1625449482.0,64.0
33.73,1625449482.0,64.0
37.39,1625449482.0,64.0
39.14,1625449482.0,64.0
39.34,1625449482.0,64.0
38.66,1625449482.0,64.0
37.74,1625449482.0,64.0
36.98,1625449482.0,64.0
36.38,1625449482.0,64.0
35.61,1625449482.0,64.0
34.27,1625449482.0,64.0
32.09,1625449482.0,64.0
29.1,1625449482.0,64.0
25.57,1625449482.0,64.0
21.87,1625449482.0,64.0
18.27,1625449482.0,64.0
14.9,1625449482.0,64.0
11.69,1625449482.0,64.0
8.5,1625449482.0,64.0
5.26,1625449482.0,64.0
1.98,1625449482.0,64.0
-1.24,1625449482.0,64.0
-4.21,1625449482.0,64.0
-6.82,1625449482.0,64.0
-9.02,1625449482.0,64.0
-10.89,1625449482.0,64.0
-12.65,1625449482.0,64.0
-14.55,1625449482.0,64.0
-16.85,1625449482.0,64.0
-19.72,1625449482.0,64.0
-23.21,1625449482.0,64.0
-27.24,1625449482.0,64.0
-31.66,1625449482.0,64.0
-36.32,1625449482.0,64.0
-41.05,1625449482.0,64.0
-45.6,1625449482.0,64.0
-49.5,1625449482.0,64.0
-52.13,1625449482.0,64.0
-52.73,1625449482.0,64.0
-50.78,1625449482.0,64.0
-46.08,1625449482.0,64.0
-38.99,1625449482.0,64.0
-30.24,1625449482.0,64.0
-20.7,1625449482.0,64.0
-11.08,1625449482.0,64.0
-1.7,1625449482.0,64.0
7.37,1625449482.0,64.0
16.09,1625449482.0,64.0
24.22,1625449482.0,64.0
31.23,1625449482.0,64.0
36.52,1625449482.0,64.0
39.69,1625449482.0,64.0
40.78,1625449482.0,64.0
40.28,1625449482.0,64.0
38.94,1625449482.0,64.0
37.4,1625449482.0,64.0
36.0,1625449482.0,64.0
34.68,1625449482.0,64.0
33.16,1625449482.0,64.0
31.15,1625449482.0,64.0
28.53,1625449482.0,64.0
25.4,1625449482.0,64.0
21.98,1625449482.0,64.0
18.52,1625449482.0,64.0
15.18,1625449482.0,64.0
12.01,1625449482.0,64.0
9.04,1625449482.0,64.0
6.17,1625449482.0,64.0
3.32,1625449482.0,64.0
0.38,1625449482.0,64.0
-2.67,1625449482.0,64.0
-5.76,1625449482.0,64.0
-8.74,1625449482.0,64.0
-11.53,1625449482.0,64.0
-14.14,1625449482.0,64.0
-16.77,1625449482.0,64.0
-19.7,1625449482.0,64.0
-23.12,1625449482.0,64.0
-27.02,1625449482.0,64.0
-31.15,1625449482.0,64.0
-35.17,1625449482.0,64.0
-38.84,1625449482.0,64.0
-42.16,1625449482.0,64.0
-45.28,1625449482.0,64.0
-48.34,1625449482.0,64.0
-51.18,1625449482.0,64.0
-53.24,1625449482.0,64.0
-53.77,1625449482.0,64.0
-52.08,1625449482.0,64.0
-47.87,1625449482.0,64.0
-41.34,1625449482.0,64.0
-33.15,1625449482.0,64.0
-24.1,1625449482.0,64.0
-14.87,1625449482.0,64.0
-5.89,1625449482.0,64.0
2.61,1625449482.0,64.0
10.45,1625449482.0,64.0
17.36,1625449482.0,64.0
23.0,1625449482.0,64.0
27.07,1625449482.0,64.0
29.47,1625449482.0,64.0
30.41,1625449482.0,64.0
30.29,1625449482.0,64.0
29.59,1625449482.0,64.0
28.69,1625449482.0,64.0
27.79,1625449482.0,64.0
26.98,1625449482.0,64.0
26.24,1625449482.0,64.0
25.53,1625449482.0,64.0
24.76,1625449482.0,64.0
23.82,1625449482.0,64.0
22.56,1625449482.0,64.0
20.88,1625449482.0,64.0
18.79,1625449482.0,64.0
16.39,1625449482.0,64.0
13.92,1625449482.0,64.0
11.58,1625449482.0,64.0
9.56,1625449482.0,64.0
7.99,1625449482.0,64.0
6.95,1625449482.0,64.0
6.49,1625449482.0,64.0
6.47,1625449482.0,64.0
6.56,1625449482.0,64.0
6.21,1625449482.0,64.0
4.85,1625449482.0,64.0
2.15,1625449482.0,64.0
-1.85,1625449482.0,64.0
-6.74,1625449482.0,64.0
-11.94,1625449482.0,64.0
-17.04,1625449482.0,64.0
-21.95,1625449482.0,64.0
-26.85,1625449482.0,64.0
-31.89,1625449482.0,64.0
-36.82,1625449482.0,64.0
-40.91,1625449482.0,64.0
-43.06,1625449482.0,64.0
-42.32,1625449482.0,64.0
-38.27,1625449482.0,64.0
-31.27,1625449482.0,64.0
-22.22,1625449482.0,64.0
-12.23,1625449482.0,64.0
-2.24,1625449482.0,64.0
7.2,1625449482.0,64.0
15.81,1625449482.0,64.0
23.38,1625449482.0,64.0
29.62,1625449482.0,64.0
34.08,1625449482.0,64.0
36.4,1625449482.0,64.0
36.52,1625449482.0,64.0
34.85,1625449482.0,64.0
32.13,1625449482.0,64.0
29.28,1625449482.0,64.0
27.08,1625449482.0,64.0
25.9,1625449482.0,64.0
25.73,1625449482.0,64.0
26.16,1625449482.0,64.0
26.67,1625449482.0,64.0
26.78,1625449482.0,64.0
26.26,1625449482.0,64.0
25.11,1625449482.0,64.0
23.53,1625449482.0,64.0
21.71,1625449482.0,64.0
19.72,1625449482.0,64.0
17.49,1625449482.0,64.0
14.87,1625449482.0,64.0
11.75,1625449482.0,64.0
8.19,1625449482.0,64.0
4.42,1625449482.0,64.0
0.75,1625449482.0,64.0
-2.57,1625449482.0,64.0
-5.45,1625449482.0,64.0
-7.98,1625449482.0,64.0
-10.4,1625449482.0,64.0
-12.99,1625449482.0,64.0
-15.9,1625449482.0,64.0
-19.21,1625449482.0,64.0
-22.84,1625449482.0,64.0
-26.69,1625449482.0,64.0
-30.66,1625449482.0,64.0
-34.61,1625449482.0,64.0
-38.38,1625449482.0,64.0
-41.65,1625449482.0,64.0
-43.91,1625449482.0,64.0
-44.55,1625449482.0,64.0
-43.03,1625449482.0,64.0
-39.08,1625449482.0,64.0
-32.88,1625449482.0,64.0
-25.04,1625449482.0,64.0
-16.34,1625449482.0,64.0
-7.48,1625449482.0,64.0
1.11,1625449482.0,64.0
9.32,1625449482.0,64.0
17.16,1625449482.0,64.0
24.49,1625449482.0,64.0
30.94,1625449482.0,64.0
35.98,1625449482.0,64.0
39.16,1625449482.0,64.0
40.38,1625449482.0,64.0
39.98,1625449482.0,64.0
38.66,1625449482.0,64.0
37.15,1625449482.0,64.0
35.97,1625449482.0,64.0
35.24,1625449482.0,64.0
34.72,1625449482.0,64.0
33.99,1625449482.0,64.0
32.66,1625449482.0,64.0
30.54,1625449482.0,64.0
27.69,1625449482.0,64.0
24.35,1625449482.0,64.0
20.85,1625449482.0,64.0
17.41,1625449482.0,64.0
14.16,1625449482.0,64.0
11.02,1625449482.0,64.0
7.88,1625449482.0,64.0
4.6,1625449482.0,64.0
1.18,1625449482.0,64.0
-2.24,1625449482.0,64.0
-5.43,1625449482.0,64.0
-8.19,1625449482.0,64.0
-10.5,1625449482.0,64.0
-12.49,1625449482.0,64.0
-14.48,1625449482.0,64.0
-16.77,1625449482.0,64.0
-19.54,1625449482.0,64.0
-22.81,1625449482.0,64.0
-26.48,1625449482.0,64.0
-30.4,1625449482.0,64.0
-34.5,1625449482.0,64.0
-38.69,1625449482.0,64.0
-42.75,1625449482.0,64.0
-46.22,1625449482.0,64.0
-48.38,1625449482.0,64.0
-48.45,1625449482.0,64.0
-45.84,1625449482.0,64.0
-40.46,1625449482.0,64.0
-32.7,1625449482.0,64.0
-23.35,1625449482.0,64.0
-13.26,1625449482.0,64.0
-3.03,1625449482.0,64.0
6.99,1625449482.0,64.0
16.66,1625449482.0,64.0
25.74,1625449482.0,64.0
33.72,1625449482.0,64.0
39.91,1625449482.0,64.0
43.64,1625449482.0,64.0
44.64,1625449482.0,64.0
43.25,1625449482.0,64.0
40.3,1625449482.0,64.0
36.87,1625449482.0,64.0
33.87,1625449482.0,64.0
31.74,1625449482.0,64.0
30.47,1625449482.0,64.0
29.7,1625449482.0,64.0
29.03,1625449482.0,64.0
28.16,1625449482.0,64.0
26.98,1625449482.0,64.0
25.48,1625449482.0,64.0
23.62,1625449482.0,64.0
21.29,1625449482.0,64.0
18.32,1625449482.0,64.0
14.63,1625449482.0,64.0
10.23,1625449482.0,64.0
5.36,1625449482.0,64.0
0.36,1625449482.0,64.0
-4.42,1625449482.0,64.0
-8.7,1625449482.0,64.0
-12.37,1625449482.0,64.0
-15.46,1625449482.0,64.0
-18.09,1625449482.0,64.0
-20.36,1625449482.0,64.0
-22.31,1625449482.0,64.0
-23.97,1625449482.0,64.0
-25.36,1625449482.0,64.0
-26.6,1625449482.0,64.0
-27.92,1625449482.0,64.0
-29.6,1625449482.0,64.0
-31.9,1625449482.0,64.0
-34.99,1625449482.0,64.0
-38.84,1625449482.0,64.0
-43.14,1625449482.0,64.0
-47.27,1625449482.0,64.0
-50.41,1625449482.0,64.0
-51.68,1625449482.0,64.0
-50.44,1625449482.0,64.0
-46.49,1625449482.0,64.0
-40.1,1625449482.0,64.0
-31.93,1625449482.0,64.0
-22.75,1625449482.0,64.0
-13.18,1625449482.0,64.0
-3.57,1625449482.0,64.0
5.96,1625449482.0,64.0
15.22,1625449482.0,64.0
23.92,1625449482.0,64.0
31.49,1625449482.0,64.0
37.32,1625449482.0,64.0
40.98,1625449482.0,64.0
42.45,1625449482.0,64.0
42.13,1625449482.0,64.0
40.69,1625449482.0,64.0
38.83,1625449482.0,64.0
36.98,1625449482.0,64.0
35.26,1625449482.0,64.0
33.49,1625449482.0,64.0
31.44,1625449482.0,64.0
28.97,1625449482.0,64.0
26.13,1625449482.0,64.0
23.07,1625449482.0,64.0
19.95,1625449482.0,64.0
16.82,1625449482.0,64.0
13.65,1625449482.0,64.0
10.39,1625449482.0,64.0
7.05,1625449482.0,64.0
3.76,1625449482.0,64.0
0.64,1625449482.0,64.0
-2.22,1625449482.0,64.0
-4.86,1625449482.0,64.0
-7.4,1625449482.0,64.0
-10.03,1625449482.0,64.0
-12.87,1625449482.0,64.0
-15.98,1625449482.0,64.0
-19.26,1625449482.0,64.0
-22.56,1625449482.0,64.0
-25.71,1625449482.0,64.0
-28.61,1625449482.0,64.0
-31.25,1625449482.0,64.0
-33.73,1625449482.0,64.0
-36.19,1625449482.0,64.0
-38.8,1625449482.0,64.0
-41.66,1625449482.0,64.0
-44.85,1625449482.0,64.0
-48.29,1625449482.0,64.0
-51.75,1625449482.0,64.0
-54.72,1625449482.0,64.0
-56.51,1625449482.0,64.0
-56.37,1625449482.0,64.0
-53.78,1625449482.0,64.0
-48.63,1625449482.0,64.0
-41.28,1625449482.0,64.0
-32.44,1625449482.0,64.0
-22.87,1625449482.0,64.0
-13.13,1625449482.0,64.0
-3.53,1625449482.0,64.0
5.71,1625449482.0,64.0
14.3,1625449482.0,64.0
21.76,1625449482.0,64.0
27.53,1625449482.0,64.0
31.22,1625449482.0,64.0
32.83,1625449482.0,64.0
32.84,1625449482.0,64.0
31.99,1625449482.0,64.0
31.08,1625449482.0,64.0
30.62,1625449482.0,64.0
30.72,1625449482.0,64.0
31.17,1625449482.0,64.0
31.52,1625449482.0,64.0
31.37,1625449482.0,64.0
30.48,1625449482.0,64.0
28.8,1625449482.0,64.0
26.46,1625449482.0,64.0
23.73,1625449482.0,64.0
20.83,1625449482.0,64.0
17.99,1625449482.0,64.0
15.33,1625449482.0,64.0
12.88,1625449482.0,64.0
10.62,1625449482.0,64.0
8.47,1625449482.0,64.0
6.4,1625449482.0,64.0
4.32,1625449482.0,64.0
2.19,1625449482.0,64.0
-0.06,1625449482.0,64.0
-2.46,1625449482.0,64.0
-4.95,1625449482.0,64.0
-7.42,1625449482.0,64.0
-9.66,1625449482.0,64.0
-11.52,1625449482.0,64.0
-12.92,1625449482.0,64.0
-13.93,1625449482.0,64.0
-14.79,1625449482.0,64.0
-15.79,1625449482.0,64.0
-17.3,1625449482.0,64.0
-19.52,1625449482.0,64.0
-22.51,1625449482.0,64.0
-25.98,1625449482.0,64.0
-29.35,1625449482.0,64.0
-31.85,1625449482.0,64.0
-32.75,1625449482.0,64.0
-31.64,1625449482.0,64.0
-28.57,1625449482.0,64.0
-23.94,1625449482.0,64.0
-18.31,1625449482.0,64.0
-12.1,1625449482.0,64.0
-5.38,1625449482.0,64.0
1.97,1625449482.0,64.0
10.02,1625449482.0,64.0
18.54,1625449482.0,64.0
26.92,1625449482.0,64.0
34.38,1625449482.0,64.0
40.28,1625449482.0,64.0
44.32,1625449482.0,64.0
46.61,1625449482.0,64.0
47.46,1625449482.0,64.0
47.16,1625449482.0,64.0
45.83,1625449482.0,64.0
43.51,1625449482.0,64.0
40.28,1625449482.0,64.0
36.39,1625449482.0,64.0
32.26,1625449482.0,64.0
28.32,1625449482.0,64.0
24.86,1625449482.0,64.0
21.94,1625449482.0,64.0
19.42,1625449482.0,64.0
17.06,1625449482.0,64.0
14.68,1625449482.0,64.0
12.22,1625449482.0,64.0
9.7,1625449482.0,64.0
7.21,1625449482.0,64.0
4.81,1625449482.0,64.0
2.52,1625449482.0,64.0
0.34,1625449482.0,64.0
-1.79,1625449482.0,64.0
-3.94,1625449482.0,64.0
-6.17,1625449482.0,64.0
-8.57,1625449482.0,64.0
-11.19,1625449482.0,64.0
-14.1,1625449482.0,64.0
-17.33,1625449482.0,64.0
-20.88,1625449482.0,64.0
-24.76,1625449482.0,64.0
-28.96,1625449482.0,64.0
-33.49,1625449482.0,64.0
-38.31,1625449482.0,64.0
-43.32,1625449482.0,64.0
-48.24,1625449482.0,64.0
-52.6,1625449482.0,64.0
-55.75,1625449482.0,64.0
-57.01,1625449482.0,64.0
-55.86,1625449482.0,64.0
-52.11,1625449482.0,64.0
-45.96,1625449482.0,64.0
-37.91,1625449482.0,64.0
-28.65,1625449482.0,64.0
-18.83,1625449482.0,64.0
-8.96,1625449482.0,64.0
0.65,1625449482.0,64.0
9.81,1625449482.0,64.0
18.37,1625449482.0,64.0
26.07,1625449482.0,64.0
32.59,1625449482.0,64.0
37.58,1625449482.0,64.0
40.85,1625449482.0,64.0
42.45,1625449482.0,64.0
42.71,1625449482.0,64.0
42.16,1625449482.0,64.0
41.33,1625449482.0,64.0
40.54,1625449482.0,64.0
39.87,1625449482.0,64.0
39.15,1625449482.0,64.0
38.14,1625449482.0,64.0
36.7,1625449482.0,64.0
34.79,1625449482.0,64.0
32.5,1625449482.0,64.0
29.89,1625449482.0,64.0
26.98,1625449482.0,64.0
23.73,1625449482.0,64.0
20.11,1625449482.0,64.0
16.2,1625449482.0,64.0
12.22,1625449482.0,64.0
8.45,1625449482.0,64.0
5.17,1625449482.0,64.0
2.5,1625449482.0,64.0
0.37,1625449482.0,64.0
-1.51,1625449482.0,64.0
-3.49,1625449482.0,64.0
-5.9,1625449482.0,64.0
-8.86,1625449482.0,64.0
-12.3,1625449482.0,64.0
-15.98,1625449482.0,64.0
-19.61,1625449482.0,64.0
-22.99,1625449482.0,64.0
-26.1,1625449482.0,64.0
-29.13,1625449482.0,64.0
-32.35,1625449482.0,64.0
-36.02,1625449482.0,64.0
-40.25,1625449482.0,64.0
-44.87,1625449482.0,64.0
-49.39,1625449482.0,64.0
-53.13,1625449482.0,64.0
-55.25,1625449482.0,64.0
-55.05,1625449482.0,64.0
-52.16,1625449482.0,64.0
-46.59,1625449482.0,64.0
-38.81,1625449482.0,64.0
-29.52,1625449482.0,64.0
-19.48,1625449482.0,64.0
-9.26,1625449482.0,64.0
0.79,1625449482.0,64.0
10.53,1625449482.0,64.0
19.79,1625449482.0,64.0
28.22,1625449482.0,64.0
35.27,1625449482.0,64.0
40.37,1625449482.0,64.0
43.16,1625449482.0,64.0
43.74,1625449482.0,64.0
42.67,1625449482.0,64.0
40.86,1625449482.0,64.0
39.17,1625449482.0,64.0
38.14,1625449482.0,64.0
37.87,1625449482.0,64.0
38.07,1625449482.0,64.0
38.26,1625449482.0,64.0
37.97,1625449482.0,64.0
36.9,1625449482.0,64.0
34.92,1625449482.0,64.0
32.07,1625449482.0,64.0
28.47,1625449482.0,64.0
24.27,1625449482.0,64.0
19.66,1625449482.0,64.0
14.8,1625449482.0,64.0
9.92,1625449482.0,64.0
5.22,1625449482.0,64.0
0.97,1625449482.0,64.0
-2.65,1625449482.0,64.0
-5.52,1625449482.0,64.0
-7.72,1625449482.0,64.0
-9.47,1625449482.0,64.0
-11.08,1625449482.0,64.0
-12.82,1625449482.0,64.0
-14.76,1625449482.0,64.0
-16.82,1625449482.0,64.0
-18.77,1625449482.0,64.0
-20.5,1625449482.0,64.0
-22.05,1625449482.0,64.0
-23.66,1625449482.0,64.0
-25.67,1625449482.0,64.0
-28.37,1625449482.0,64.0
-31.91,1625449482.0,64.0
-36.25,1625449482.0,64.0
-41.16,1625449482.0,64.0
-46.2,1625449482.0,64.0
-50.78,1625449482.0,64.0
-54.13,1625449482.0,64.0
-55.51,1625449482.0,64.0
-54.33,1625449482.0,64.0
-50.38,1625449482.0,64.0
-43.91,1625449482.0,64.0
-35.54,1625449482.0,64.0
-26.0,1625449482.0,64.0
-15.92,1625449482.0,64.0
-5.71,1625449482.0,64.0
4.34,1625449482.0,64.0
13.9,1625449482.0,64.0
22.43,1625449482.0,64.0
29.28,1625449482.0,64.0
33.88,1625449482.0,64.0
36.08,1625449482.0,64.0
36.21,1625449482.0,64.0
35.1,1625449482.0,64.0
33.71,1625449482.0,64.0
32.75,1625449482.0,64.0
32.48,1625449482.0,64.0
32.66,1625449482.0,64.0
32.75,1625449482.0,64.0
32.26,1625449482.0,64.0
30.91,1625449482.0,64.0
28.75,1625449482.0,64.0
26.04,1625449482.0,64.0
23.11,1625449482.0,64.0
20.17,1625449482.0,64.0
17.3,1625449482.0,64.0
14.44,1625449482.0,64.0
11.47,1625449482.0,64.0
8.29,1625449482.0,64.0
4.89,1625449482.0,64.0
1.35,1625449482.0,64.0
-2.15,1625449482.0,64.0
-5.43,1625449482.0,64.0
-8.4,1625449482.0,64.0
-11.11,1625449482.0,64.0
-13.7,1625449482.0,64.0
-16.31,1625449482.0,64.0
-18.96,1625449482.0,64.0
-21.52,1625449482.0,64.0
-23.87,1625449482.0,64.0
-25.92,1625449482.0,64.0
-27.73,1625449482.0,64.0
-29.5,1625449482.0,64.0
-31.42,1625449482.0,64.0
-33.69,1625449482.0,64.0
-36.4,1625449482.0,64.0
-39.57,1625449482.0,64.0
-43.09,1625449482.0,64.0
-46.62,1625449482.0,64.0
-49.56,1625449482.0,64.0
-51.08,1625449482.0,64.0
-50.42,1625449482.0,64.0
-47.14,1625449482.0,64.0
-41.35,1625449482.0,64.0
-33.66,1625449482.0,64.0
-24.95,1625449482.0,64.0
-15.94,1625449482.0,64.0
-7.1,1625449482.0,64.0
1.41,1625449482.0,64.0
9.47,1625449482.0,64.0
16.83,1625449482.0,64.0
23.07,1625449482.0,64.0
27.77,1625449482.0,64.0
30.74,1625449482.0,64.0
32.17,1625449482.0,64.0
32.57,1625449482.0,64.0
32.59,1625449482.0,64.0
32.75,1625449482.0,64.0
33.32,1625449482.0,64.0
34.19,1625449482.0,64.0
35.07,1625449482.0,64.0
35.52,1625449482.0,64.0
35.19,1625449482.0,64.0
33.89,1625449482.0,64.0
31.66,1625449482.0,64.0
28.74,1625449482.0,64.0
25.42,1625449482.0,64.0
22.0,1625449482.0,64.0
18.7,1625449482.0,64.0
15.65,1625449482.0,64.0
12.9,1625449482.0,64.0
10.51,1625449482.0,64.0
8.47,1625449482.0,64.0
6.74,1625449482.0,64.0
5.2,1625449482.0,64.0
3.68,1625449482.0,64.0
2.01,1625449482.0,64.0
0.05,1625449482.0,64.0
-2.22,1625449482.0,64.0
-4.81,1625449482.0,64.0
-7.64,1625449482.0,64.0
-10.66,1625449482.0,64.0
-13.82,1625449482.0,64.0
-17.07,1625449482.0,64.0
-20.4,1625449482.0,64.0
-23.84,1625449482.0,64.0
-27.44,1625449482.0,64.0
-31.2,1625449482.0,64.0
-34.92,1625449482.0,64.0
-38.16,1625449482.0,64.0
-40.22,1625449482.0,64.0
-40.39,1625449482.0,64.0
-38.13,1625449482.0,64.0
-33.31,1625449482.0,64.0
-26.19,1625449482.0,64.0
-17.34,1625449482.0,64.0
-7.39,1625449482.0,64.0
3.04,1625449482.0,64.0
13.46,1625449482.0,64.0
23.32,1625449482.0,64.0
31.99,1625449482.0,64.0
38.74,1625449482.0,64.0
42.95,1625449482.0,64.0
44.34,1625449482.0,64.0
43.16,1625449482.0,64.0
40.16,1625449482.0,64.0
36.37,1625449482.0,64.0
32.73,1625449482.0,64.0
29.8,1625449482.0,64.0
27.7,1625449482.0,64.0
26.24,1625449482.0,64.0
25.13,1625449482.0,64.0
24.22,1625449482.0,64.0
23.51,1625449482.0,64.0
23.11,1625449482.0,64.0
23.0,1625449482.0,64.0
23.04,1625449482.0,64.0
22.89,1625449482.0,64.0
22.22,1625449482.0,64.0
20.73,1625449482.0,64.0
18.3,1625449482.0,64.0
14.91,1625449482.0,64.0
10.7,1625449482.0,64.0
5.88,1625449482.0,64.0
0.77,1625449482.0,64.0
-4.29,1625449482.0,64.0
-8.97,1625449482.0,64.0
-13.0,1625449482.0,64.0
-16.29,1625449482.0,64.0
-18.9,1625449482.0,64.0
-21.03,1625449482.0,64.0
-22.93,1625449482.0,64.0
-24.86,1625449482.0,64.0
-27.03,1625449482.0,64.0
-29.58,1625449482.0,64.0
-32.63,1625449482.0,64.0
-36.24,1625449482.0,64.0
-40.36,1625449482.0,64.0
-44.74,1625449482.0,64.0
-48.84,1625449482.0,64.0
-51.88,1625449482.0,64.0
-53.06,1625449482.0,64.0
-51.8,1625449482.0,64.0
-47.91,1625449482.0,64.0
-41.75,1625449482.0,64.0
-34.04,1625449482.0,64.0
-25.59,1625449482.0,64.0
-16.99,1625449482.0,64.0
-8.49,1625449482.0,64.0
-0.06,1625449482.0,64.0
8.37,1625449482.0,64.0
16.69,1625449482.0,64.0
24.47,1625449482.0,64.0
31.08,1625449482.0,64.0
35.96,1625449482.0,64.0
38.85,1625449482.0,64.0
39.98,1625449482.0,64.0
39.89,1625449482.0,64.0
39.25,1625449482.0,64.0
38.52,1625449482.0,64.0
37.84,1625449482.0,64.0
37.09,1625449482.0,64.0
36.02,1625449482.0,64.0
34.48,1625449482.0,64.0
32.43,1625449482.0,64.0
29.97,1625449482.0,64.0
27.2,1625449482.0,64.0
24.17,1625449482.0,64.0
20.91,1625449482.0,64.0
17.46,1625449482.0,64.0
13.96,1625449482.0,64.0
10.56,1625449482.0,64.0
7.41,1625449482.0,64.0
4.55,1625449482.0,64.0
1.93,1625449482.0,64.0
-0.56,1625449482.0,64.0
-3.08,1625449482.0,64.0
-5.69,1625449482.0,64.0
-8.44,1625449482.0,64.0
-11.32,1625449482.0,64.0
-14.27,1625449482.0,64.0
-17.26,1625449482.0,64.0
-20.26,1625449482.0,64.0
-23.28,1625449482.0,64.0
-26.39,1625449482.0,64.0
-29.76,1625449482.0,64.0
-33.59,1625449482.0,64.0
-38.05,1625449482.0,64.0
-43.14,1625449482.0,64.0
-48.59,1625449482.0,64.0
-53.76,1625449482.0,64.0
-57.72,1625449482.0,64.0
-59.45,1625449482.0,64.0
-58.09,1625449482.0,64.0
-53.28,1625449482.0,64.0
-45.2,1625449482.0,64.0
-34.56,1625449482.0,64.0
-22.37,1625449482.0,64.0
-9.61,1625449482.0,64.0
2.88,1625449482.0,64.0
14.55,1625449482.0,64.0
24.95,1625449482.0,64.0
33.71,1625449482.0,64.0
40.44,1625449482.0,64.0
44.79,1625449482.0,64.0
46.6,1625449482.0,64.0
45.97,1625449482.0,64.0
43.36,1625449482.0,64.0
39.49,1625449482.0,64.0
35.25,1625449482.0,64.0
31.47,1625449482.0,64.0
28.77,1625449482.0,64.0
27.44,1625449482.0,64.0
27.36,1625449482.0,64.0
28.16,1625449482.0,64.0
29.27,1625449482.0,64.0
30.11,1625449482.0,64.0
30.23,1625449482.0,64.0
29.36,1625449482.0,64.0
27.46,1625449482.0,64.0
24.63,1625449482.0,64.0
21.07,1625449482.0,64.0
17.01,1625449482.0,64.0
12.66,1625449482.0,64.0
8.19,1625449482.0,64.0
3.72,1625449482.0,64.0
-0.66,1625449482.0,64.0
-4.87,1625449482.0,64.0
-8.82,1625449482.0,64.0
-12.41,1625449482.0,64.0
-15.53,1625449482.0,64.0
-18.07,1625449482.0,64.0
-19.98,1625449482.0,64.0
-21.33,1625449482.0,64.0
-22.28,1625449482.0,64.0
-23.17,1625449482.0,64.0
-24.37,1625449482.0,64.0
-26.24,1625449482.0,64.0
-29.0,1625449482.0,64.0
-32.71,1625449482.0,64.0
-37.21,1625449482.0,64.0
-42.18,1625449482.0,64.0
-47.1,1625449482.0,64.0
-51.24,1625449482.0,64.0
-53.77,1625449482.0,64.0
-53.9,1625449482.0,64.0
-51.13,1625449482.0,64.0
-45.41,1625449482.0,64.0
-37.24,1625449482.0,64.0
-27.54,1625449482.0,64.0
-17.29,1625449482.0,64.0
-7.29,1625449482.0,64.0
2.1,1625449482.0,64.0
10.85,1625449482.0,64.0
19.02,1625449482.0,64.0
26.51,1625449482.0,64.0
32.94,1625449482.0,64.0
37.77,1625449482.0,64.0
40.65,1625449482.0,64.0
41.61,1625449482.0,64.0
41.1,1625449482.0,64.0
39.82,1625449482.0,64.0
38.41,1625449482.0,64.0
37.14,1625449482.0,64.0
35.91,1625449482.0,64.0
34.4,1625449482.0,64.0
32.35,1625449482.0,64.0
29.7,1625449482.0,64.0
26.66,1625449482.0,64.0
23.49,1625449482.0,64.0
20.34,1625449482.0,64.0
17.15,1625449482.0,64.0
13.79,1625449482.0,64.0
10.13,1625449482.0,64.0
6.23,1625449482.0,64.0
2.32,1625449482.0,64.0
-1.29,1625449482.0,64.0
-4.37,1625449482.0,64.0
-6.9,1625449482.0,64.0
-9.06,1625449482.0,64.0
-11.14,1625449482.0,64.0
-13.39,1625449482.0,64.0
-15.89,1625449482.0,64.0
-18.63,1625449482.0,64.0
-21.46,1625449482.0,64.0
-24.3,1625449482.0,64.0
-27.09,1625449482.0,64.0
-29.92,1625449482.0,64.0
-32.92,1625449482.0,64.0
-36.22,1625449482.0,64.0
-39.92,1625449482.0,64.0
-43.99,1625449482.0,64.0
-48.31,1625449482.0,64.0
-52.54,1625449482.0,64.0
-56.14,1625449482.0,64.0
-58.43,1625449482.0,64.0
-58.71,1625449482.0,64.0
-56.48,1625449482.0,64.0
-51.58,1625449482.0,64.0
-44.29,1625449482.0,64.0
-35.21,1625449482.0,64.0
-25.11,1625449482.0,64.0
-14.72,1625449482.0,64.0
-4.64,1625449482.0,64.0
4.71,1625449482.0,64.0
12.96,1625449482.0,64.0
19.79,1625449482.0,64.0
24.92,1625449482.0,64.0
28.26,1625449482.0,64.0
29.97,1625449482.0,64.0
30.49,1625449482.0,64.0
30.42,1625449482.0,64.0
30.27,1625449482.0,64.0
30.33,1625449482.0,64.0
30.59,1625449482.0,64.0
30.83,1625449482.0,64.0
30.82,1625449482.0,64.0
30.45,1625449482.0,64.0
29.75,1625449482.0,64.0
28.81,1625449482.0,64.0
27.69,1625449482.0,64.0
26.31,1625449482.0,64.0
24.49,1625449482.0,64.0
22.09,1625449482.0,64.0
19.11,1625449482.0,64.0
15.73,1625449482.0,64.0
12.3,1625449482.0,64.0
9.25,1625449482.0,64.0
6.96,1625449482.0,64.0
5.68,1625449482.0,64.0
5.4,1625449482.0,64.0
5.91,1625449482.0,64.0
6.78,1625449482.0,64.0
7.49,1625449482.0,64.0
7.44,1625449482.0,64.0
6.18,1625449482.0,64.0
3.44,1625449482.0,64.0
-0.78,1625449482.0,64.0
-6.29,1625449482.0,64.0
-12.73,1625449482.0,64.0
-19.76,1625449482.0,64.0
-27.08,1625449482.0,64.0
-34.34,1625449482.0,64.0
-41.02,1625449482.0,64.0
-46.35,1625449482.0,64.0
-49.38,1625449482.0,64.0
-49.17,1625449482.0,64.0
-45.21,1625449482.0,64.0
-37.6,1625449482.0,64.0
-27.09,1625449482.0,64.0
-14.83,1625449482.0,64.0
-2.1,1625449482.0,64.0
10.05,1625449482.0,64.0
20.91,1625449482.0,64.0
30.05,1625449482.0,64.0
37.16,1625449482.0,64.0
42.03,1625449482.0,64.0
44.54,1625449482.0,64.0
44.76,1625449482.0,64.0
43.09,1625449482.0,64.0
40.22,1625449482.0,64.0
37.03,1625449482.0,64.0
34.37,1625449482.0,64.0
32.78,1625449482.0,64.0
32.43,1625449482.0,64.0
33.04,1625449482.0,64.0
34.09,1625449482.0,64.0
34.93,1625449482.0,64.0
35.05,1625449482.0,64.0
34.16,1625449482.0,64.0
32.2,1625449482.0,64.0
29.33,1625449482.0,64.0
25.81,1625449482.0,64.0
21.9,1625449482.0,64.0
17.82,1625449482.0,64.0
13.68,1625449482.0,64.0
9.46,1625449482.0,64.0
5.11,1625449482.0,64.0
0.61,1625449482.0,64.0
-3.93,1625449482.0,64.0
-8.29,1625449482.0,64.0
-12.24,1625449482.0,64.0
-15.68,1625449482.0,64.0
-18.71,1625449482.0,64.0
-21.58,1625449482.0,64.0
-24.62,1625449482.0,64.0
-28.01,1625449482.0,64.0
-31.76,1625449482.0,64.0
-35.72,1625449482.0,64.0
-39.75,1625449482.0,64.0
-43.77,1625449482.0,64.0
-47.72,1625449482.0,64.0
-51.41,1625449482.0,64.0
-54.44,1625449482.0,64.0
-56.11,1625449482.0,64.0
-55.63,1625449482.0,64.0
-52.43,1625449482.0,64.0
-46.34,1625449482.0,64.0
-37.77,1625449482.0,64.0
-27.53,1625449482.0,64.0
-16.58,1625449482.0,64.0
-5.71,1625449482.0,64.0
4.6,1625449482.0,64.0
14.13,1625449482.0,64.0
22.81,1625449482.0,64.0
30.48,1625449482.0,64.0
36.84,1625449482.0,64.0
41.51,1625449482.0,64.0
44.23,1625449482.0,64.0
45.04,1625449482.0,64.0
44.42,1625449482.0,64.0
43.09,1625449482.0,64.0
41.77,1625449482.0,64.0
40.9,1625449482.0,64.0
40.46,1625449482.0,64.0
40.06,1625449482.0,64.0
39.19,1625449482.0,64.0
37.49,1625449482.0,64.0
34.86,1625449482.0,64.0
31.52,1625449482.0,64.0
27.78,1625449482.0,64.0
23.92,1625449482.0,64.0
20.05,1625449482.0,64.0
16.15,1625449482.0,64.0
12.2,1625449482.0,64.0
8.18,1625449482.0,64.0
4.22,1625449482.0,64.0
0.43,1625449482.0,64.0
-3.08,1625449482.0,64.0
-6.32,1625449482.0,64.0
-9.36,1625449482.0,64.0
-12.34,1625449482.0,64.0
-15.35,1625449482.0,64.0
-18.45,1625449482.0,64.0
-21.65,1625449482.0,64.0
-24.92,1625449482.0,64.0
-28.27,1625449482.0,64.0
-31.7,1625449482.0,64.0
-35.3,1625449482.0,64.0
-39.17,1625449482.0,64.0
-43.37,1625449482.0,64.0
-47.81,1625449482.0,64.0
-52.04,1625449482.0,64.0
-55.27,1625449482.0,64.0
-56.43,1625449482.0,64.0
-54.51,1625449482.0,64.0
-49.01,1625449482.0,64.0
-40.21,1625449482.0,64.0
-29.12,1625449482.0,64.0
-17.08,1625449482.0,64.0
-5.34,1625449482.0,64.0
5.41,1625449482.0,64.0
15.06,1625449482.0,64.0
23.73,1625449482.0,64.0
31.43,1625449482.0,64.0
37.76,1625449482.0,64.0
42.05,1625449482.0,64.0
43.71,1625449482.0,64.0
42.64,1625449482.0,64.0
39.42,1625449482.0,64.0
35.19,1625449482.0,64.0
31.2,1625449482.0,64.0
28.43,1625449482.0,64.0
27.34,1625449482.0,64.0
27.77,1625449482.0,64.0
29.18,1625449482.0,64.0
30.82,1625449482.0,64.0
32.02,1625449482.0,64.0
32.24,1625449482.0,64.0
31.2,1625449482.0,64.0
28.79,1625449482.0,64.0
25.04,1625449482.0,64.0
20.15,1625449482.0,64.0
14.41,1625449482.0,64.0
8.26,1625449482.0,64.0
2.14,1625449482.0,64.0
-3.53,1625449482.0,64.0
-8.52,1625449482.0,64.0
-12.75,1625449482.0,64.0
-16.34,1625449482.0,64.0
-19.46,1625449482.0,64.0
-22.19,1625449482.0,64.0
-24.5,1625449482.0,64.0
-26.21,1625449482.0,64.0
-27.23,1625449482.0,64.0
-27.62,1625449482.0,64.0
-27.7,1625449482.0,64.0
-27.94,1625449482.0,64.0
-28.82,1625449482.0,64.0
-30.67,1625449482.0,64.0
-33.61,1625449482.0,64.0
-37.57,1625449482.0,64.0
-42.22,1625449482.0,64.0
-47.06,1625449482.0,64.0
-51.31,1625449482.0,64.0
-54.0,1625449482.0,64.0
-54.16,1625449482.0,64.0
-51.06,1625449482.0,64.0
-44.57,1625449482.0,64.0
-35.23,1625449482.0,64.0
-24.11,1625449482.0,64.0
-12.46,1625449482.0,64.0
-1.28,1625449482.0,64.0
8.9,1625449482.0,64.0
17.97,1625449482.0,64.0
25.99,1625449482.0,64.0
32.88,1625449482.0,64.0
38.36,1625449482.0,64.0
42.09,1625449482.0,64.0
43.9,1625449482.0,64.0
43.95,1625449482.0,64.0
42.8,1625449482.0,64.0
41.13,1625449482.0,64.0
39.5,1625449482.0,64.0
38.12,1625449482.0,64.0
36.92,1625449482.0,64.0
35.63,1625449482.0,64.0
34.01,1625449482.0,64.0
31.95,1625449482.0,64.0
29.48,1625449482.0,64.0
26.65,1625449482.0,64.0
23.45,1625449482.0,64.0
19.83,1625449482.0,64.0
15.75,1625449482.0,64.0
11.3,1625449482.0,64.0
6.68,1625449482.0,64.0
2.16,1625449482.0,64.0
-2.05,1625449482.0,64.0
-5.88,1625449482.0,64.0
-9.41,1625449482.0,64.0
-12.73,1625449482.0,64.0
-15.89,1625449482.0,64.0
-18.82,1625449482.0,64.0
-21.46,1625449482.0,64.0
-23.82,1625449482.0,64.0
-26.08,1625449482.0,64.0
-28.51,1625449482.0,64.0
-31.31,1625449482.0,64.0
-34.49,1625449482.0,64.0
-37.88,1625449482.0,64.0
-41.21,1625449482.0,64.0
-44.36,1625449482.0,64.0
-47.34,1625449482.0,64.0
-50.2,1625449482.0,64.0
-52.8,1625449482.0,64.0
-54.65,1625449482.0,64.0
-55.02,1625449482.0,64.0
-53.16,1625449482.0,64.0
-48.67,1625449482.0,64.0
-41.66,1625449482.0,64.0
-32.74,1625449482.0,64.0
-22.72,1625449482.0,64.0
-12.35,1625449482.0,64.0
-2.13,1625449482.0,64.0
7.59,1625449482.0,64.0
16.53,1625449482.0,64.0
24.27,1625449482.0,64.0
30.32,1625449482.0,64.0
34.27,1625449482.0,64.0
36.06,1625449482.0,64.0
36.04,1625449482.0,64.0
34.95,1625449482.0,64.0
33.6,1625449482.0,64.0
32.63,1625449482.0,64.0
32.27,1625449482.0,64.0
32.31,1625449482.0,64.0
32.3,1625449482.0,64.0
31.74,1625449482.0,64.0
30.27,1625449482.0,64.0
27.82,1625449482.0,64.0
24.59,1625449482.0,64.0
20.93,1625449482.0,64.0
17.24,1625449482.0,64.0
13.83,1625449482.0,64.0
10.84,1625449482.0,64.0
8.24,1625449482.0,64.0
5.85,1625449482.0,64.0
3.44,1625449482.0,64.0
0.82,1625449482.0,64.0
-1.98,1625449482.0,64.0
-4.77,1625449482.0,64.0
-7.2,1625449482.0,64.0
-9.01,1625449482.0,64.0
-10.13,1625449482.0,64.0
-10.83,1625449482.0,64.0
-11.64,1625449482.0,64.0
-13.14,1625449482.0,64.0
-15.69,1625449482.0,64.0
-19.4,1625449482.0,64.0
-24.03,1625449482.0,64.0
-29.19,1625449482.0,64.0
-34.39,1625449482.0,64.0
-39.09,1625449482.0,64.0
-42.63,1625449482.0,64.0
-44.23,1625449482.0,64.0
-43.17,1625449482.0,64.0
-39.01,1625449482.0,64.0
-31.86,1625449482.0,64.0
-22.46,1625449482.0,64.0
-11.99,1625449482.0,64.0
-1.67,1625449482.0,64.0
7.62,1625449482.0,64.0
15.5,1625449482.0,64.0
21.99,1625449482.0,64.0
27.21,1625449482.0,64.0
31.1,1625449482.0,64.0
33.38,1625449482.0,64.0
33.86,1625449482.0,64.0
32.69,1625449482.0,64.0
30.59,1625449482.0,64.0
28.68,1625449482.0,64.0
28.04,1625449482.0,64.0
29.27,1625449482.0,64.0
32.16,1625449482.0,64.0
35.86,1625449482.0,64.0
39.21,1625449482.0,64.0
41.22,1625449482.0,64.0
41.35,1625449482.0,64.0
39.56,1625449482.0,64.0
36.15,1625449482.0,64.0
31.54,1625449482.0,64.0
26.18,1625449482.0,64.0
20.45,1625449482.0,64.0
14.73,1625449482.0,64.0
9.27,1625449482.0,64.0
4.26,1625449482.0,64.0
-0.25,1625449482.0,64.0
-4.29,1625449482.0,64.0
-7.87,1625449482.0,64.0
-10.96,1625449482.0,64.0
-13.49,1625449482.0,64.0
-15.41,1625449482.0,64.0
-16.84,1625449482.0,64.0
-18.02,1625449482.0,64.0
-19.28,1625449482.0,64.0
-20.9,1625449482.0,64.0
-23.04,1625449482.0,64.0
-25.75,1625449482.0,64.0
-29.06,1625449482.0,64.0
-32.97,1625449482.0,64.0
-37.41,1625449482.0,64.0
-42.0,1625449482.0,64.0
-46.04,1625449482.0,64.0
-48.54,1625449482.0,64.0
-48.51,1625449482.0,64.0
-45.36,1625449482.0,64.0
-39.12,1625449482.0,64.0
-30.51,1625449482.0,64.0
-20.64,1625449482.0,64.0
-10.59,1625449482.0,64.0
-1.04,1625449482.0,64.0
7.82,1625449482.0,64.0
16.12,1625449482.0,64.0
23.97,1625449482.0,64.0
31.23,1625449482.0,64.0
37.41,1625449482.0,64.0
41.94,1625449482.0,64.0
44.44,1625449482.0,64.0
44.94,1625449482.0,64.0
43.94,1625449482.0,64.0
42.2,1625449482.0,64.0
40.47,1625449482.0,64.0
39.21,1625449482.0,64.0
38.42,1625449482.0,64.0
37.79,1625449482.0,64.0
36.83,1625449482.0,64.0
35.17,1625449482.0,64.0
32.67,1625449482.0,64.0
29.47,1625449482.0,64.0
25.87,1625449482.0,64.0
22.17,1625449482.0,64.0
18.57,1625449482.0,64.0
15.07,1625449482.0,64.0
11.6,1625449482.0,64.0
8.04,1625449482.0,64.0
4.36,1625449482.0,64.0
0.66,1625449482.0,64.0
-2.92,1625449482.0,64.0
-6.25,1625449482.0,64.0
-9.35,1625449482.0,64.0
-12.32,1625449482.0,64.0
-15.38,1625449482.0,64.0
-18.67,1625449482.0,64.0
-22.27,1625449482.0,64.0
-26.13,1625449482.0,64.0
-30.16,1625449482.0,64.0
-34.3,1625449482.0,64.0
-38.57,1625449482.0,64.0
-43.07,1625449482.0,64.0
-47.81,1625449482.0,64.0
-52.53,1625449482.0,64.0
-56.67,1625449482.0,64.0
-59.37,1625449482.0,64.0
-59.73,1625449482.0,64.0
-57.17,1625449482.0,64.0
-51.63,1625449482.0,64.0
-43.59,1625449482.0,64.0
-33.9,1625449482.0,64.0
-23.4,1625449482.0,64.0
-12.71,1625449482.0,64.0
-2.12,1625449482.0,64.0
8.26,1625449482.0,64.0
18.24,1625449482.0,64.0
27.41,1625449482.0,64.0
35.14,1625449482.0,64.0
40.8,1625449482.0,64.0
44.08,1625449482.0,64.0
45.11,1625449482.0,64.0
44.48,1625449482.0,64.0
43.06,1625449482.0,64.0
41.61,1625449482.0,64.0
40.58,1625449482.0,64.0
39.99,1625449482.0,64.0
39.54,1625449482.0,64.0
38.8,1625449482.0,64.0
37.5,1625449482.0,64.0
35.54,1625449482.0,64.0
33.03,1625449482.0,64.0
30.12,1625449482.0,64.0
26.94,1625449482.0,64.0
23.53,1625449482.0,64.0
19.89,1625449482.0,64.0
16.04,1625449482.0,64.0
12.05,1625449482.0,64.0
8.05,1625449482.0,64.0
4.18,1625449482.0,64.0
0.51,1625449482.0,64.0
-2.97,1625449482.0,64.0
-6.25,1625449482.0,64.0
-9.31,1625449482.0,64.0
-12.05,1625449482.0,64.0
-14.35,1625449482.0,64.0
-16.19,1625449482.0,64.0
-17.73,1625449482.0,64.0
-19.36,1625449482.0,64.0
-21.59,1625449482.0,64.0
-24.89,1625449482.0,64.0
-29.5,1625449482.0,64.0
-35.33,1625449482.0,64.0
-41.96,1625449482.0,64.0
-48.7,1625449482.0,64.0
-54.74,1625449482.0,64.0
-59.31,1625449482.0,64.0
-61.72,1625449482.0,64.0
-61.55,1625449482.0,64.0
-58.63,1625449482.0,64.0
-53.1,1625449482.0,64.0
-45.32,1625449482.0,64.0
-35.78,1625449482.0,64.0
-24.96,1625449482.0,64.0
-13.28,1625449482.0,64.0
-1.11,1625449482.0,64.0
11.09,1625449482.0,64.0
22.72,1625449482.0,64.0
33.03,1625449482.0,64.0
41.27,1625449482.0,64.0
46.91,1625449482.0,64.0
49.84,1625449482.0,64.0
50.43,1625449482.0,64.0
49.37,1625449482.0,64.0
47.46,1625449482.0,64.0
45.29,1625449482.0,64.0
43.14,1625449482.0,64.0
41.0,1625449482.0,64.0
38.74,1625449482.0,64.0
36.31,1625449482.0,64.0
33.77,1625449482.0,64.0
31.28,1625449482.0,64.0
28.93,1625449482.0,64.0
26.65,1625449482.0,64.0
24.23,1625449482.0,64.0
21.43,1625449482.0,64.0
18.17,1625449482.0,64.0
14.53,1625449482.0,64.0
10.79,1625449482.0,64.0
7.2,1625449482.0,64.0
3.85,1625449482.0,64.0
0.63,1625449482.0,64.0
-2.7,1625449482.0,64.0
-6.36,1625449482.0,64.0
-10.44,1625449482.0,64.0
-14.83,1625449482.0,64.0
-19.3,1625449482.0,64.0
-23.63,1625449482.0,64.0
-27.67,1625449482.0,64.0
-31.47,1625449482.0,64.0
-35.19,1625449482.0,64.0
-39.06,1625449482.0,64.0
-43.32,1625449482.0,64.0
-48.17,1625449482.0,64.0
-53.62,1625449482.0,64.0
-59.41,1625449482.0,64.0
-64.87,1625449482.0,64.0
-69.0,1625449482.0,64.0
-70.64,1625449482.0,64.0
-68.87,1625449482.0,64.0
-63.29,1625449482.0,64.0
-54.19,1625449482.0,64.0
-42.48,1625449482.0,64.0
-29.35,1625449482.0,64.0
-15.92,1625449482.0,64.0
-3.05,1625449482.0,64.0
8.74,1625449482.0,64.0
19.13,1625449482.0,64.0
27.83,1625449482.0,64.0
34.53,1625449482.0,64.0
38.98,1625449482.0,64.0
41.1,1625449482.0,64.0
41.21,1625449482.0,64.0
39.91,1625449482.0,64.0
37.95,1625449482.0,64.0
35.99,1625449482.0,64.0
34.39,1625449482.0,64.0
33.15,1625449482.0,64.0
32.04,1625449482.0,64.0
30.75,1625449482.0,64.0
29.12,1625449482.0,64.0
27.1,1625449482.0,64.0
24.79,1625449482.0,64.0
22.23,1625449482.0,64.0
19.45,1625449482.0,64.0
16.39,1625449482.0,64.0
13.05,1625449482.0,64.0
9.55,1625449482.0,64.0
6.11,1625449482.0,64.0
2.96,1625449482.0,64.0
0.23,1625449482.0,64.0
-2.13,1625449482.0,64.0
-4.34,1625449482.0,64.0
-6.64,1625449482.0,64.0
-9.16,1625449482.0,64.0
-11.83,1625449482.0,64.0
-14.44,1625449482.0,64.0
-16.78,1625449482.0,64.0
-18.79,1625449482.0,64.0
-20.62,1625449482.0,64.0
-22.6,1625449482.0,64.0
-25.06,1625449482.0,64.0
-28.22,1625449482.0,64.0
-32.14,1625449482.0,64.0
-36.63,1625449482.0,64.0
-41.34,1625449482.0,64.0
-45.69,1625449482.0,64.0
-48.92,1625449482.0,64.0
-50.08,1625449482.0,64.0
-48.26,1625449482.0,64.0
-42.86,1625449482.0,64.0
-33.95,1625449482.0,64.0
-22.42,1625449482.0,64.0
-9.79,1625449482.0,64.0
2.16,1625449482.0,64.0
12.04,1625449482.0,64.0
19.3,1625449482.0,64.0
24.25,1625449482.0,64.0
27.73,1625449482.0,64.0
30.52,1625449482.0,64.0
32.95,1625449482.0,64.0
34.77,1625449482.0,64.0
35.57,1625449482.0,64.0
35.2,1625449482.0,64.0
34.08,1625449482.0,64.0
33.14,1625449482.0,64.0
33.32,1625449482.0,64.0
35.02,1625449482.0,64.0
37.86,1625449482.0,64.0
40.81,1625449482.0,64.0
42.71,1625449482.0,64.0
42.8,1625449482.0,64.0
41.01,1625449482.0,64.0
37.88,1625449482.0,64.0
34.17,1625449482.0,64.0
30.49,1625449482.0,64.0
26.98,1625449482.0,64.0
23.41,1625449482.0,64.0
19.37,1625449482.0,64.0
14.57,1625449482.0,64.0
9.08,1625449482.0,64.0
3.25,1625449482.0,64.0
-2.36,1625449482.0,64.0
-7.23,1625449482.0,64.0
-11.07,1625449482.0,64.0
-13.9,1625449482.0,64.0
-15.95,1625449482.0,64.0
-17.58,1625449482.0,64.0
-19.17,1625449482.0,64.0
-20.96,1625449482.0,64.0
-23.12,1625449482.0,64.0
-25.73,1625449482.0,64.0
-28.86,1625449482.0,64.0
-32.56,1625449482.0,64.0
-36.79,1625449482.0,64.0
-41.3,1625449482.0,64.0
-45.59,1625449482.0,64.0
-48.89,1625449482.0,64.0
-50.39,1625449482.0,64.0
-49.44,1625449482.0,64.0
-45.77,1625449482.0,64.0
-39.57,1625449482.0,64.0
-31.37,1625449482.0,64.0
-21.88,1625449482.0,64.0
-11.75,1625449482.0,64.0
-1.48,1625449482.0,64.0
8.62,1625449482.0,64.0
18.29,1625449482.0,64.0
27.22,1625449482.0,64.0
35.01,1625449482.0,64.0
41.23,1625449482.0,64.0
45.56,1625449482.0,64.0
47.96,1625449482.0,64.0
48.72,1625449482.0,64.0
48.37,1625449482.0,64.0
47.52,1625449482.0,64.0
46.6,1625449482.0,64.0
45.74,1625449482.0,64.0
44.75,1625449482.0,64.0
43.33,1625449482.0,64.0
41.19,1625449482.0,64.0
38.29,1625449482.0,64.0
34.81,1625449482.0,64.0
31.07,1625449482.0,64.0
27.37,1625449482.0,64.0
23.86,1625449482.0,64.0
20.51,1625449482.0,64.0
17.17,1625449482.0,64.0
13.7,1625449482.0,64.0
10.01,1625449482.0,64.0
6.16,1625449482.0,64.0
2.3,1625449482.0,64.0
-1.4,1625449482.0,64.0
-4.87,1625449482.0,64.0
-8.12,1625449482.0,64.0
-11.28,1625449482.0,64.0
-14.55,1625449482.0,64.0
-18.05,1625449482.0,64.0
-21.86,1625449482.0,64.0
-25.96,1625449482.0,64.0
-30.28,1625449482.0,64.0
-34.74,1625449482.0,64.0
-39.3,1625449482.0,64.0
-43.94,1625449482.0,64.0
-48.59,1625449482.0,64.0
-52.97,1625449482.0,64.0
-56.58,1625449482.0,64.0
-58.71,1625449482.0,64.0
-58.63,1625449482.0,64.0
-55.8,1625449482.0,64.0
-50.15,1625449482.0,64.0
-42.05,1625449482.0,64.0
-32.27,1625449482.0,64.0
-21.66,1625449482.0,64.0
-10.93,1625449482.0,64.0
-0.47,1625449482.0,64.0
9.54,1625449482.0,64.0
18.98,1625449482.0,64.0
27.56,1625449482.0,64.0
34.79,1625449482.0,64.0
40.12,1625449482.0,64.0
43.17,1625449482.0,64.0
43.99,1625449482.0,64.0
43.08,1625449482.0,64.0
41.25,1625449482.0,64.0
39.28,1625449482.0,64.0
37.71,1625449482.0,64.0
36.66,1625449482.0,64.0
35.88,1625449482.0,64.0
35.0,1625449482.0,64.0
33.66,1625449482.0,64.0
31.71,1625449482.0,64.0
29.15,1625449482.0,64.0
26.13,1625449482.0,64.0
22.81,1625449482.0,64.0
19.28,1625449482.0,64.0
15.57,1625449482.0,64.0
11.65,1625449482.0,64.0
7.55,1625449482.0,64.0
3.35,1625449482.0,64.0
-0.78,1625449482.0,64.0
-4.66,1625449482.0,64.0
-8.16,1625449482.0,64.0
-11.28,1625449482.0,64.0
-14.18,1625449482.0,64.0
-17.05,1625449482.0,64.0
-20.08,1625449482.0,64.0
-23.37,1625449482.0,64.0
-26.9,1625449482.0,64.0
-30.59,1625449482.0,64.0
-34.3,1625449482.0,64.0
-37.92,1625449482.0,64.0
-41.38,1625449482.0,64.0
-44.62,1625449482.0,64.0
-47.62,1625449482.0,64.0
-50.27,1625449482.0,64.0
-52.38,1625449482.0,64.0
-53.62,1625449482.0,64.0
-53.55,1625449482.0,64.0
-51.73,1625449482.0,64.0
-47.86,1625449482.0,64.0
-41.93,1625449482.0,64.0
-34.24,1625449482.0,64.0
-25.34,1625449482.0,64.0
-15.81,1625449482.0,64.0
-6.22,1625449482.0,64.0
2.96,1625449482.0,64.0
11.34,1625449482.0,64.0
18.55,1625449482.0,64.0
24.32,1625449482.0,64.0
28.59,1625449482.0,64.0
31.62,1625449482.0,64.0
33.96,1625449482.0,64.0
36.26,1625449482.0,64.0
38.98,1625449482.0,64.0
42.16,1625449482.0,64.0
45.35,1625449482.0,64.0
47.83,1625449482.0,64.0
48.9,1625449482.0,64.0
48.12,1625449482.0,64.0
45.48,1625449482.0,64.0
41.28,1625449482.0,64.0
36.08,1625449482.0,64.0
30.43,1625449482.0,64.0
24.86,1625449482.0,64.0
19.77,1625449482.0,64.0
15.39,1625449482.0,64.0
11.79,1625449482.0,64.0
8.88,1625449482.0,64.0
6.5,1625449482.0,64.0
4.44,1625449482.0,64.0
2.55,1625449482.0,64.0
0.68,1625449482.0,64.0
-1.32,1625449482.0,64.0
-3.55,1625449482.0,64.0
-6.14,1625449482.0,64.0
-9.02,1625449482.0,64.0
-12.06,1625449482.0,64.0
-15.02,1625449482.0,64.0
-17.83,1625449482.0,64.0
-20.55,1625449482.0,64.0
-23.49,1625449482.0,64.0
-27.03,1625449482.0,64.0
-31.46,1625449482.0,64.0
-36.82,1625449482.0,64.0
-42.9,1625449482.0,64.0
-49.25,1625449482.0,64.0
-55.21,1625449482.0,64.0
-60.04,1625449482.0,64.0
-62.97,1625449482.0,64.0
-63.39,1625449482.0,64.0
-60.93,1625449482.0,64.0
-55.64,1625449482.0,64.0
-47.92,1625449482.0,64.0
-38.41,1625449482.0,64.0
-27.8,1625449482.0,64.0
-16.66,1625449482.0,64.0
-5.4,1625449482.0,64.0
5.59,1625449482.0,64.0
15.85,1625449482.0,64.0
24.8,1625449482.0,64.0
31.85,1625449482.0,64.0
36.61,1625449482.0,64.0
39.11,1625449482.0,64.0
39.8,1625449482.0,64.0
39.43,1625449482.0,64.0
38.8,1625449482.0,64.0
38.46,1625449482.0,64.0
38.58,1625449482.0,64.0
38.98,1625449482.0,64.0
39.25,1625449482.0,64.0
38.98,1625449482.0,64.0
37.95,1625449482.0,64.0
36.16,1625449482.0,64.0
33.82,1625449482.0,64.0
31.19,1625449482.0,64.0
28.48,1625449482.0,64.0
25.72,1625449482.0,64.0
22.84,1625449482.0,64.0
19.77,1625449482.0,64.0
16.48,1625449482.0,64.0
13.12,1625449482.0,64.0
9.94,1625449482.0,64.0
7.2,1625449482.0,64.0
5.03,1625449482.0,64.0
3.35,1625449482.0,64.0
1.88,1625449482.0,64.0
0.29,1625449482.0,64.0
-1.68,1625449482.0,64.0
-4.09,1625449482.0,64.0
-6.81,1625449482.0,64.0
-9.56,1625449482.0,64.0
-12.0,1625449482.0,64.0
-13.95,1625449482.0,64.0
-15.43,1625449482.0,64.0
-16.67,1625449482.0,64.0
-18.02,1625449482.0,64.0
-19.83,1625449482.0,64.0
-22.27,1625449482.0,64.0
-25.28,1625449482.0,64.0
-28.69,1625449482.0,64.0
-32.18,1625449482.0,64.0
-35.53,1625449482.0,64.0
-38.56,1625449482.0,64.0
-41.25,1625449482.0,64.0
-43.71,1625449482.0,64.0
-46.2,1625449482.0,64.0
-49.03,1625449482.0,64.0
-52.43,1625449482.0,64.0
-56.28,1625449482.0,64.0
-60.02,1625449482.0,64.0
-62.7,1625449482.0,64.0
-63.26,1625449482.0,64.0
-60.91,1625449482.0,64.0
-55.4,1625449482.0,64.0
-47.15,1625449482.0,64.0
-36.98,1625449482.0,64.0
-25.86,1625449482.0,64.0
-14.63,1625449482.0,64.0
-3.92,1625449482.0,64.0
5.81,1625449482.0,64.0
14.19,1625449482.0,64.0
20.98,1625449482.0,64.0
26.15,1625449482.0,64.0
30.0,1625449482.0,64.0
33.13,1625449482.0,64.0
36.19,1625449482.0,64.0
39.63,1625449482.0,64.0
43.44,1625449482.0,64.0
47.11,1625449482.0,64.0
49.83,1625449482.0,64.0
50.81,1625449482.0,64.0
49.65,1625449482.0,64.0
46.48,1625449482.0,64.0
41.83,1625449482.0,64.0
36.4,1625449482.0,64.0
30.72,1625449482.0,64.0
25.02,1625449482.0,64.0
19.29,1625449482.0,64.0
13.53,1625449482.0,64.0
7.99,1625449482.0,64.0
3.18,1625449482.0,64.0
-0.25,1625449482.0,64.0
-1.89,1625449482.0,64.0
-1.74,1625449482.0,64.0
-0.31,1625449482.0,64.0
1.59,1625449482.0,64.0
3.18,1625449482.0,64.0
3.91,1625449482.0,64.0
3.54,1625449482.0,64.0
2.02,1625449482.0,64.0
-0.67,1625449482.0,64.0
-4.54,1625449482.0,64.0
-9.61,1625449482.0,64.0
-15.72,1625449482.0,64.0
-22.55,1625449482.0,64.0
-29.63,1625449482.0,64.0
-36.45,1625449482.0,64.0
-42.54,1625449482.0,64.0
-47.45,1625449482.0,64.0
-50.7,1625449482.0,64.0
-51.73,1625449482.0,64.0
-50.04,1625449482.0,64.0
-45.32,1625449482.0,64.0
-37.67,1625449482.0,64.0
-27.67,1625449482.0,64.0
-16.22,1625449482.0,64.0
-4.3,1625449482.0,64.0
7.26,1625449482.0,64.0
17.93,1625449482.0,64.0
27.35,1625449482.0,64.0
35.24,1625449482.0,64.0
41.31,1625449482.0,64.0
45.26,1625449482.0,64.0
46.99,1625449482.0,64.0
46.69,1625449482.0,64.0
44.91,1625449482.0,64.0
42.49,1625449482.0,64.0
40.27,1625449482.0,64.0
38.81,1625449482.0,64.0
38.22,1625449482.0,64.0
38.16,1625449482.0,64.0
38.0,1625449482.0,64.0
37.13,1625449482.0,64.0
35.21,1625449482.0,64.0
32.29,1625449482.0,64.0
28.7,1625449482.0,64.0
24.85,1625449482.0,64.0
21.07,1625449482.0,64.0
17.47,1625449482.0,64.0
13.98,1625449482.0,64.0
10.46,1625449482.0,64.0
6.83,1625449482.0,64.0
3.07,1625449482.0,64.0
-0.77,1625449482.0,64.0
-4.59,1625449482.0,64.0
-8.28,1625449482.0,64.0
-11.78,1625449482.0,64.0
-15.06,1625449482.0,64.0
-18.19,1625449482.0,64.0
-21.32,1625449482.0,64.0
-24.65,1625449482.0,64.0
-28.35,1625449482.0,64.0
-32.46,1625449482.0,64.0
-36.92,1625449482.0,64.0
-41.62,1625449482.0,64.0
-46.43,1625449482.0,64.0
-51.14,1625449482.0,64.0
-55.41,1625449482.0,64.0
-58.62,1625449482.0,64.0
-59.97,1625449482.0,64.0
-58.7,1625449482.0,64.0
-54.36,1625449482.0,64.0
-47.11,1625449482.0,64.0
-37.63,1625449482.0,64.0
-26.94,1625449482.0,64.0
-15.96,1625449482.0,64.0
-5.28,1625449482.0,64.0
4.92,1625449482.0,64.0
14.64,1625449482.0,64.0
23.81,1625449482.0,64.0
32.06,1625449482.0,64.0
38.8,1625449482.0,64.0
43.48,1625449482.0,64.0
45.86,1625449482.0,64.0
46.21,1625449482.0,64.0
45.25,1625449482.0,64.0
43.8,1625449482.0,64.0
42.53,1625449482.0,64.0
41.68,1625449482.0,64.0
41.06,1625449482.0,64.0
40.22,1625449482.0,64.0
38.73,1625449482.0,64.0
36.36,1625449482.0,64.0
33.18,1625449482.0,64.0
29.48,1625449482.0,64.0
25.59,1625449482.0,64.0
21.77,1625449482.0,64.0
18.1,1625449482.0,64.0
14.47,1625449482.0,64.0
10.71,1625449482.0,64.0
6.71,1625449482.0,64.0
2.51,1625449482.0,64.0
-1.69,1625449482.0,64.0
-5.52,1625449482.0,64.0
-8.72,1625449482.0,64.0
-11.13,1625449482.0,64.0
-12.84,1625449482.0,64.0
-14.14,1625449482.0,64.0
-15.43,1625449482.0,64.0
-17.08,1625449482.0,64.0
-19.32,1625449482.0,64.0
-22.3,1625449482.0,64.0
-26.02,1625449482.0,64.0
-30.51,1625449482.0,64.0
-35.81,1625449482.0,64.0
-41.93,1625449482.0,64.0
-48.7,1625449482.0,64.0
-55.58,1625449482.0,64.0
-61.66,1625449482.0,64.0
-65.74,1625449482.0,64.0
-66.73,1625449482.0,64.0
-63.93,1625449482.0,64.0
-57.28,1625449482.0,64.0
-47.33,1625449482.0,64.0
-35.0,1625449482.0,64.0
-21.26,1625449482.0,64.0
-6.93,1625449482.0,64.0
7.32,1625449482.0,64.0
20.85,1625449482.0,64.0
32.95,1625449482.0,64.0
42.9,1625449482.0,64.0
50.03,1625449482.0,64.0
54.05,1625449482.0,64.0
55.09,1625449482.0,64.0
53.75,1625449482.0,64.0
50.92,1625449482.0,64.0
47.48,1625449482.0,64.0
44.19,1625449482.0,64.0
41.45,1625449482.0,64.0
39.38,1625449482.0,64.0
37.8,1625449482.0,64.0
36.39,1625449482.0,64.0
34.81,1625449482.0,64.0
32.8,1625449482.0,64.0
30.32,1625449482.0,64.0
27.45,1625449482.0,64.0
24.44,1625449482.0,64.0
21.49,1625449482.0,64.0
18.75,1625449482.0,64.0
16.23,1625449482.0,64.0
13.82,1625449482.0,64.0
11.36,1625449482.0,64.0
8.66,1625449482.0,64.0
5.57,1625449482.0,64.0
1.94,1625449482.0,64.0
-2.28,1625449482.0,64.0
-7.01,1625449482.0,64.0
-11.96,1625449482.0,64.0
-16.64,1625449482.0,64.0
-20.59,1625449482.0,64.0
-23.53,1625449482.0,64.0
-25.71,1625449482.0,64.0
-27.86,1625449482.0,64.0
-31.12,1625449482.0,64.0
-36.54,1625449482.0,64.0
-44.73,1625449482.0,64.0
-55.45,1625449482.0,64.0
-67.54,1625449482.0,64.0
-79.18,1625449482.0,64.0
-88.27,1625449482.0,64.0
-92.98,1625449482.0,64.0
-92.12,1625449482.0,64.0
-85.42,1625449482.0,64.0
-73.49,1625449482.0,64.0
-57.7,1625449482.0,64.0
-39.71,1625449482.0,64.0
-21.22,1625449482.0,64.0
-3.64,1625449482.0,64.0
12.05,1625449482.0,64.0
25.15,1625449482.0,64.0
35.19,1625449482.0,64.0
41.9,1625449482.0,64.0
45.23,1625449482.0,64.0
45.54,1625449482.0,64.0
43.64,1625449482.0,64.0
40.72,1625449482.0,64.0
37.96,1625449482.0,64.0
36.25,1625449482.0,64.0
35.82,1625449482.0,64.0
36.26,1625449482.0,64.0
36.78,1625449482.0,64.0
36.56,1625449482.0,64.0
35.17,1625449482.0,64.0
32.63,1625449482.0,64.0
29.38,1625449482.0,64.0
25.98,1625449482.0,64.0
22.84,1625449482.0,64.0
20.12,1625449482.0,64.0
17.71,1625449482.0,64.0
15.37,1625449482.0,64.0
12.93,1625449482.0,64.0
10.33,1625449482.0,64.0
7.62,1625449482.0,64.0
4.87,1625449482.0,64.0
2.09,1625449482.0,64.0
-0.83,1625449482.0,64.0
-4.01,1625449482.0,64.0
-7.56,1625449482.0,64.0
-11.48,1625449482.0,64.0
-15.66,1625449482.0,64.0
-19.93,1625449482.0,64.0
-24.09,1625449482.0,64.0
-27.99,1625449482.0,64.0
-31.64,1625449482.0,64.0
-35.18,1625449482.0,64.0
-38.84,1625449482.0,64.0
-42.81,1625449482.0,64.0
-46.97,1625449482.0,64.0
-50.8,1625449482.0,64.0
-53.39,1625449482.0,64.0
-53.73,1625449482.0,64.0
-51.09,1625449482.0,64.0
-45.27,1625449482.0,64.0
-36.77,1625449482.0,64.0
-26.5,1625449482.0,64.0
-15.46,1625449482.0,64.0
-4.46,1625449482.0,64.0
6.05,1625449482.0,64.0
15.81,1625449482.0,64.0
24.56,1625449482.0,64.0
31.96,1625449482.0,64.0
37.56,1625449482.0,64.0
41.11,1625449482.0,64.0
42.69,1625449482.0,64.0
42.79,1625449482.0,64.0
42.14,1625449482.0,64.0
41.46,1625449482.0,64.0
41.12,1625449482.0,64.0
41.01,1625449482.0,64.0
40.62,1625449482.0,64.0
39.31,1625449482.0,64.0
36.71,1625449482.0,64.0
32.92,1625449482.0,64.0
28.53,1625449482.0,64.0
24.43,1625449482.0,64.0
21.32,1625449482.0,64.0
19.55,1625449482.0,64.0
18.93,1625449482.0,64.0
18.89,1625449482.0,64.0
18.73,1625449482.0,64.0
17.91,1625449482.0,64.0
16.14,1625449482.0,64.0
13.42,1625449482.0,64.0
9.87,1625449482.0,64.0
5.7,1625449482.0,64.0
1.07,1625449482.0,64.0
-3.91,1625449482.0,64.0
-9.14,1625449482.0,64.0
-14.5,1625449482.0,64.0
-19.82,1625449482.0,64.0
-24.9,1625449482.0,64.0
-29.55,1625449482.0,64.0
-33.7,1625449482.0,64.0
-37.4,1625449482.0,64.0
-40.74,1625449482.0,64.0
-43.69,1625449482.0,64.0
-45.87,1625449482.0,64.0
-46.62,1625449482.0,64.0
-45.2,1625449482.0,64.0
-41.07,1625449482.0,64.0
-34.29,1625449482.0,64.0
-25.46,1625449482.0,64.0
-15.59,1625449482.0,64.0
-5.66,1625449482.0,64.0
3.7,1625449482.0,64.0
12.32,1625449482.0,64.0
20.3,1625449482.0,64.0
27.73,1625449482.0,64.0
34.43,1625449482.0,64.0
39.96,1625449482.0,64.0
43.78,1625449482.0,64.0
45.59,1625449482.0,64.0
45.51,1625449482.0,64.0
44.12,1625449482.0,64.0
42.21,1625449482.0,64.0
40.5,1625449482.0,64.0
39.33,1625449482.0,64.0
38.62,1625449482.0,64.0
37.97,1625449482.0,64.0
36.9,1625449482.0,64.0
35.09,1625449482.0,64.0
32.51,1625449482.0,64.0
29.35,1625449482.0,64.0
25.89,1625449482.0,64.0
22.38,1625449482.0,64.0
18.94,1625449482.0,64.0
15.5,1625449482.0,64.0
11.96,1625449482.0,64.0
8.18,1625449482.0,64.0
4.16,1625449482.0,64.0
0.03,1625449482.0,64.0
-3.96,1625449482.0,64.0
-7.57,1625449482.0,64.0
-10.64,1625449482.0,64.0
-13.25,1625449482.0,64.0
-15.65,1625449482.0,64.0
-18.17,1625449482.0,64.0
-21.07,1625449482.0,64.0
-24.42,1625449482.0,64.0
-28.12,1625449482.0,64.0
-32.03,1625449482.0,64.0
-36.05,1625449482.0,64.0
-40.16,1625449482.0,64.0
-44.24,1625449482.0,64.0
-47.91,1625449482.0,64.0
-50.47,1625449482.0,64.0
-51.06,1625449482.0,64.0
-48.96,1625449482.0,64.0
-43.93,1625449482.0,64.0
-36.34,1625449482.0,64.0
-27.03,1625449482.0,64.0
-16.96,1625449482.0,64.0
-6.86,1625449482.0,64.0
2.93,1625449482.0,64.0
12.37,1625449482.0,64.0
21.4,1625449482.0,64.0
29.71,1625449482.0,64.0
36.7,1625449482.0,64.0
41.7,1625449482.0,64.0
44.31,1625449482.0,64.0
44.66,1625449482.0,64.0
43.43,1625449482.0,64.0
41.53,1625449482.0,64.0
39.79,1625449482.0,64.0
38.63,1625449482.0,64.0
37.98,1625449482.0,64.0
37.49,1625449482.0,64.0
36.72,1625449482.0,64.0
35.44,1625449482.0,64.0
33.64,1625449482.0,64.0
31.48,1625449482.0,64.0
29.18,1625449482.0,64.0
26.85,1625449482.0,64.0
24.5,1625449482.0,64.0
22.04,1625449482.0,64.0
19.39,1625449482.0,64.0
16.46,1625449482.0,64.0
13.18,1625449482.0,64.0
9.47,1625449482.0,64.0
5.24,1625449482.0,64.0
0.42,1625449482.0,64.0
-4.96,1625449482.0,64.0
-10.76,1625449482.0,64.0
-16.68,1625449482.0,64.0
-22.35,1625449482.0,64.0
-27.4,1625449482.0,64.0
-31.53,1625449482.0,64.0
-34.66,1625449482.0,64.0
-36.92,1625449482.0,64.0
-38.74,1625449482.0,64.0
-40.7,1625449482.0,64.0
-43.45,1625449482.0,64.0
-47.39,1625449482.0,64.0
-52.49,1625449482.0,64.0
-58.1,1625449482.0,64.0
-63.07,1625449482.0,64.0
-66.03,1625449482.0,64.0
-65.91,1625449482.0,64.0
-62.27,1625449482.0,64.0
-55.4,1625449482.0,64.0
-46.17,1625449482.0,64.0
-35.58,1625449482.0,64.0
-24.45,1625449482.0,64.0
-13.27,1625449482.0,64.0
-2.32,1625449482.0,64.0
8.14,1625449482.0,64.0
17.7,1625449482.0,64.0
25.85,1625449482.0,64.0
32.18,1625449482.0,64.0
36.6,1625449482.0,64.0
39.33,1625449482.0,64.0
40.86,1625449482.0,64.0
41.67,1625449482.0,64.0
42.07,1625449482.0,64.0
42.06,1625449482.0,64.0
41.53,1625449482.0,64.0
40.33,1625449482.0,64.0
38.52,1625449482.0,64.0
36.32,1625449482.0,64.0
34.05,1625449482.0,64.0
31.97,1625449482.0,64.0
30.17,1625449482.0,64.0
28.53,1625449482.0,64.0
26.81,1625449482.0,64.0
24.84,1625449482.0,64.0
22.53,1625449482.0,64.0
19.95,1625449482.0,64.0
17.19,1625449482.0,64.0
14.29,1625449482.0,64.0
11.2,1625449482.0,64.0
7.75,1625449482.0,64.0
3.82,1625449482.0,64.0
-0.62,1625449482.0,64.0
-5.44,1625449482.0,64.0
-10.41,1625449482.0,64.0
-15.32,1625449482.0,64.0
-20.11,1625449482.0,64.0
-24.83,1625449482.0,64.0
-29.59,1625449482.0,64.0
-34.47,1625449482.0,64.0
-39.43,1625449482.0,64.0
-44.39,1625449482.0,64.0
-49.25,1625449482.0,64.0
-53.9,1625449482.0,64.0
-58.14,1625449482.0,64.0
-61.56,1625449482.0,64.0
-63.48,1625449482.0,64.0
-63.12,1625449482.0,64.0
-59.81,1625449482.0,64.0
-53.35,1625449482.0,64.0
-44.05,1625449482.0,64.0
-32.73,1625449482.0,64.0
-20.4,1625449482.0,64.0
-7.98,1625449482.0,64.0
3.87,1625449482.0,64.0
14.77,1625449482.0,64.0
24.45,1625449482.0,64.0
32.6,1625449482.0,64.0
38.84,1625449482.0,64.0
42.86,1625449482.0,64.0
44.53,1625449482.0,64.0
44.07,1625449482.0,64.0
42.09,1625449482.0,64.0
39.4,1625449482.0,64.0
36.85,1625449482.0,64.0
34.98,1625449482.0,64.0
33.93,1625449482.0,64.0
33.35,1625449482.0,64.0
32.63,1625449482.0,64.0
31.19,1625449482.0,64.0
28.75,1625449482.0,64.0
25.46,1625449482.0,64.0
21.77,1625449482.0,64.0
18.15,1625449482.0,64.0
14.82,1625449482.0,64.0
11.67,1625449482.0,64.0
8.33,1625449482.0,64.0
4.51,1625449482.0,64.0
0.19,1625449482.0,64.0
-4.35,1625449482.0,64.0
-8.64,1625449482.0,64.0
-12.3,1625449482.0,64.0
-15.23,1625449482.0,64.0
-17.57,1625449482.0,64.0
-19.63,1625449482.0,64.0
-21.69,1625449482.0,64.0
-23.86,1625449482.0,64.0
-26.11,1625449482.0,64.0
-28.3,1625449482.0,64.0
-30.32,1625449482.0,64.0
-32.13,1625449482.0,64.0
-33.86,1625449482.0,64.0
-35.79,1625449482.0,64.0
-38.22,1625449482.0,64.0
-41.38,1625449482.0,64.0
-45.18,1625449482.0,64.0
-49.1,1625449482.0,64.0
-52.34,1625449482.0,64.0
-53.99,1625449482.0,64.0
-53.35,1625449482.0,64.0
-50.15,1625449482.0,64.0
-44.52,1625449482.0,64.0
-36.85,1625449482.0,64.0
-27.64,1625449482.0,64.0
-17.29,1625449482.0,64.0
-6.28,1625449482.0,64.0
4.82,1625449482.0,64.0
15.22,1625449482.0,64.0
24.09,1625449482.0,64.0
30.74,1625449482.0,64.0
34.94,1625449482.0,64.0
36.95,1625449482.0,64.0
37.44,1625449482.0,64.0
37.18,1625449482.0,64.0
36.78,1625449482.0,64.0
36.47,1625449482.0,64.0
36.14,1625449482.0,64.0
35.44,1625449482.0,64.0
33.99,1625449482.0,64.0
31.54,1625449482.0,64.0
28.09,1625449482.0,64.0
23.85,1625449482.0,64.0
19.21,1625449482.0,64.0
14.66,1625449482.0,64.0
10.62,1625449482.0,64.0
7.32,1625449482.0,64.0
4.82,1625449482.0,64.0
2.99,1625449482.0,64.0
1.63,1625449482.0,64.0
0.55,1625449482.0,64.0
-0.39,1625449482.0,64.0
-1.29,1625449482.0,64.0
-2.23,1625449482.0,64.0
-3.31,1625449482.0,64.0
-4.62,1625449482.0,64.0
-6.2,1625449482.0,64.0
-8.04,1625449482.0,64.0
-10.13,1625449482.0,64.0
-12.47,1625449482.0,64.0
-15.13,1625449482.0,64.0
-18.22,1625449482.0,64.0
-21.85,1625449482.0,64.0
-26.03,1625449482.0,64.0
-30.57,1625449482.0,64.0
-35.11,1625449482.0,64.0
-39.05,1625449482.0,64.0
-41.63,1625449482.0,64.0
-42.12,1625449482.0,64.0
-39.99,1625449482.0,64.0
-35.1,1625449482.0,64.0
-27.75,1625449482.0,64.0
-18.7,1625449482.0,64.0
-8.86,1625449482.0,64.0
0.93,1625449482.0,64.0
10.11,1625449482.0,64.0
18.44,1625449482.0,64.0
25.78,1625449482.0,64.0
31.98,1625449482.0,64.0
36.77,1625449482.0,64.0
39.85,1625449482.0,64.0
41.08,1625449482.0,64.0
40.7,1625449482.0,64.0
39.25,1625449482.0,64.0
37.5,1625449482.0,64.0
36.1,1625449482.0,64.0
35.38,1625449482.0,64.0
35.22,1625449482.0,64.0
35.21,1625449482.0,64.0
34.78,1625449482.0,64.0
33.48,1625449482.0,64.0
31.16,1625449482.0,64.0
27.94,1625449482.0,64.0
24.15,1625449482.0,64.0
20.2,1625449482.0,64.0
16.43,1625449482.0,64.0
12.95,1625449482.0,64.0
9.72,1625449482.0,64.0
6.55,1625449482.0,64.0
3.24,1625449482.0,64.0
-0.24,1625449482.0,64.0
-3.76,1625449482.0,64.0
-7.09,1625449482.0,64.0
-9.99,1625449482.0,64.0
-12.39,1625449482.0,64.0
-14.44,1625449482.0,64.0
-16.44,1625449482.0,64.0
-18.73,1625449482.0,64.0
-21.48,1625449482.0,64.0
-24.7,1625449482.0,64.0
-28.25,1625449482.0,64.0
-31.99,1625449482.0,64.0
-35.85,1625449482.0,64.0
-39.77,1625449482.0,64.0
-43.54,1625449482.0,64.0
-46.63,1625449482.0,64.0
-48.26,1625449482.0,64.0
-47.56,1625449482.0,64.0
-43.93,1625449482.0,64.0
-37.36,1625449482.0,64.0
-28.45,1625449482.0,64.0
-18.25,1625449482.0,64.0
-7.82,1625449482.0,64.0
2.14,1625449482.0,64.0
11.34,1625449482.0,64.0
19.82,1625449482.0,64.0
27.58,1625449482.0,64.0
34.39,1625449482.0,64.0
39.8,1625449482.0,64.0
43.31,1625449482.0,64.0
44.74,1625449482.0,64.0
44.36,1625449482.0,64.0
42.9,1625449482.0,64.0
41.2,1625449482.0,64.0
39.95,1625449482.0,64.0
39.35,1625449482.0,64.0
39.16,1625449482.0,64.0
38.86,1625449482.0,64.0
37.91,1625449482.0,64.0
35.99,1625449482.0,64.0
33.1,1625449482.0,64.0
29.51,1625449482.0,64.0
25.59,1625449482.0,64.0
21.66,1625449482.0,64.0
17.87,1625449482.0,64.0
14.28,1625449482.0,64.0
10.78,1625449482.0,64.0
7.26,1625449482.0,64.0
3.61,1625449482.0,64.0
-0.18,1625449482.0,64.0
-4.03,1625449482.0,64.0
-7.8,1625449482.0,64.0
-11.29,1625449482.0,64.0
-14.38,1625449482.0,64.0
-17.12,1625449482.0,64.0
-19.69,1625449482.0,64.0
-22.42,1625449482.0,64.0
-25.53,1625449482.0,64.0
-29.17,1625449482.0,64.0
-33.28,1625449482.0,64.0
-37.71,1625449482.0,64.0
-42.28,1625449482.0,64.0
-46.72,1625449482.0,64.0
-50.61,1625449482.0,64.0
-53.32,1625449482.0,64.0
-54.07,1625449482.0,64.0
-52.21,1625449482.0,64.0
-47.48,1625449482.0,64.0
-40.23,1625449482.0,64.0
-31.33,1625449482.0,64.0
-21.83,1625449482.0,64.0
-12.55,1625449482.0,64.0
-3.89,1625449482.0,64.0
4.2,1625449482.0,64.0
11.84,1625449482.0,64.0
19.05,1625449482.0,64.0
25.52,1625449482.0,64.0
30.84,1625449482.0,64.0
34.67,1625449482.0,64.0
36.99,1625449482.0,64.0
38.11,1625449482.0,64.0
38.49,1625449482.0,64.0
38.6,1625449482.0,64.0
38.69,1625449482.0,64.0
38.77,1625449482.0,64.0
38.63,1625449482.0,64.0
37.96,1625449482.0,64.0
36.45,1625449482.0,64.0
33.89,1625449482.0,64.0
30.28,1625449482.0,64.0
25.82,1625449482.0,64.0
20.82,1625449482.0,64.0
15.66,1625449482.0,64.0
10.63,1625449482.0,64.0
5.93,1625449482.0,64.0
1.62,1625449482.0,64.0
-2.23,1625449482.0,64.0
-5.59,1625449482.0,64.0
-8.39,1625449482.0,64.0
-10.56,1625449482.0,64.0
-12.13,1625449482.0,64.0
-13.28,1625449482.0,64.0
-14.35,1625449482.0,64.0
-15.76,1625449482.0,64.0
-17.9,1625449482.0,64.0
-20.97,1625449482.0,64.0
-24.93,1625449482.0,64.0
-29.5,1625449482.0,64.0
-34.35,1625449482.0,64.0
-39.2,1625449482.0,64.0
-43.85,1625449482.0,64.0
-48.14,1625449482.0,64.0
-51.77,1625449482.0,64.0
-54.19,1625449482.0,64.0
-54.68,1625449482.0,64.0
-52.6,1625449482.0,64.0
-47.69,1625449482.0,64.0
-40.19,1625449482.0,64.0
-30.85,1625449482.0,64.0
-20.56,1625449482.0,64.0
-10.06,1625449482.0,64.0
0.23,1625449482.0,64.0
10.16,1625449482.0,64.0
19.6,1625449482.0,64.0
28.2,1625449482.0,64.0
35.39,1625449482.0,64.0
40.55,1625449482.0,64.0
43.31,1625449482.0,64.0
43.78,1625449482.0,64.0
42.57,1625449482.0,64.0
40.55,1625449482.0,64.0
38.54,1625449482.0,64.0
37.01,1625449482.0,64.0
35.96,1625449482.0,64.0
35.07,1625449482.0,64.0
33.89,1625449482.0,64.0
32.09,1625449482.0,64.0
29.6,1625449482.0,64.0
26.58,1625449482.0,64.0
23.3,1625449482.0,64.0
20.0,1625449482.0,64.0
16.72,1625449482.0,64.0
13.37,1625449482.0,64.0
9.82,1625449482.0,64.0
6.01,1625449482.0,64.0
2.09,1625449482.0,64.0
-1.62,1625449482.0,64.0
-4.8,1625449482.0,64.0
-7.27,1625449482.0,64.0
-9.21,1625449482.0,64.0
-11.02,1625449482.0,64.0
-13.21,1625449482.0,64.0
-16.12,1625449482.0,64.0
-19.84,1625449482.0,64.0
-24.16,1625449482.0,64.0
-28.81,1625449482.0,64.0
-33.51,1625449482.0,64.0
-38.06,1625449482.0,64.0
-42.16,1625449482.0,64.0
-45.27,1625449482.0,64.0
-46.65,1625449482.0,64.0
-45.53,1625449482.0,64.0
-41.49,1625449482.0,64.0
-34.67,1625449482.0,64.0
-25.77,1625449482.0,64.0
-15.84,1625449482.0,64.0
-5.81,1625449482.0,64.0
3.67,1625449482.0,64.0
12.34,1625449482.0,64.0
20.06,1625449482.0,64.0
26.64,1625449482.0,64.0
31.76,1625449482.0,64.0
35.08,1625449482.0,64.0
36.5,1625449482.0,64.0
36.31,1625449482.0,64.0
35.17,1625449482.0,64.0
33.85,1625449482.0,64.0
32.96,1625449482.0,64.0
32.69,1625449482.0,64.0
32.83,1625449482.0,64.0
32.87,1625449482.0,64.0
32.33,1625449482.0,64.0
30.94,1625449482.0,64.0
28.73,1625449482.0,64.0
25.95,1625449482.0,64.0
22.89,1625449482.0,64.0
19.69,1625449482.0,64.0
16.27,1625449482.0,64.0
12.37,1625449482.0,64.0
7.68,1625449482.0,64.0
2.15,1625449482.0,64.0
-3.96,1625449482.0,64.0
-10.09,1625449482.0,64.0
-15.52,1625449482.0,64.0
-19.69,1625449482.0,64.0
-22.38,1625449482.0,64.0
-23.76,1625449482.0,64.0
-24.3,1625449482.0,64.0
-24.57,1625449482.0,64.0
-25.06,1625449482.0,64.0
-26.15,1625449482.0,64.0
-28.04,1625449482.0,64.0
-30.82,1625449482.0,64.0
-34.39,1625449482.0,64.0
-38.43,1625449482.0,64.0
-42.34,1625449482.0,64.0
-45.32,1625449482.0,64.0
-46.63,1625449482.0,64.0
-45.82,1625449482.0,64.0
-42.82,1625449482.0,64.0
-37.95,1625449482.0,64.0
-31.61,1625449482.0,64.0
-24.14,1625449482.0,64.0
-15.67,1625449482.0,64.0
-6.28,1625449482.0,64.0
3.77,1625449482.0,64.0
13.82,1625449482.0,64.0
22.91,1625449482.0,64.0
29.99,1625449482.0,64.0
34.42,1625449482.0,64.0
36.15,1625449482.0,64.0
35.79,1625449482.0,64.0
34.27,1625449482.0,64.0
32.48,1625449482.0,64.0
30.91,1625449482.0,64.0
29.59,1625449482.0,64.0
28.21,1625449482.0,64.0
26.41,1625449482.0,64.0
23.98,1625449482.0,64.0
20.97,1625449482.0,64.0
17.62,1625449482.0,64.0
14.2,1625449482.0,64.0
10.98,1625449482.0,64.0
8.08,1625449482.0,64.0
5.56,1625449482.0,64.0
3.4,1625449482.0,64.0
1.57,1625449482.0,64.0
0.01,1625449482.0,64.0
-1.34,1625449482.0,64.0
-2.57,1625449482.0,64.0
-3.84,1625449482.0,64.0
-5.34,1625449482.0,64.0
-7.3,1625449482.0,64.0
-9.89,1625449482.0,64.0
-13.21,1625449482.0,64.0
-17.2,1625449482.0,64.0
-21.65,1625449482.0,64.0
-26.33,1625449482.0,64.0
-31.07,1625449482.0,64.0
-35.81,1625449482.0,64.0
-40.49,1625449482.0,64.0
-44.92,1625449482.0,64.0
-48.65,1625449482.0,64.0
-50.93,1625449482.0,64.0
-50.96,1625449482.0,64.0
-48.15,1625449482.0,64.0
-42.42,1625449482.0,64.0
-34.2,1625449482.0,64.0
-24.3,1625449482.0,64.0
-13.62,1625449482.0,64.0
-2.83,1625449482.0,64.0
7.63,1625449482.0,64.0
17.48,1625449482.0,64.0
26.35,1625449482.0,64.0
33.78,1625449482.0,64.0
39.3,1625449482.0,64.0
42.65,1625449482.0,64.0
43.92,1625449482.0,64.0
43.64,1625449482.0,64.0
42.52,1625449482.0,64.0
41.25,1625449482.0,64.0
40.24,1625449482.0,64.0
39.56,1625449482.0,64.0
38.97,1625449482.0,64.0
38.14,1625449482.0,64.0
36.75,1625449482.0,64.0
34.69,1625449482.0,64.0
32.02,1625449482.0,64.0
28.95,1625449482.0,64.0
25.73,1625449482.0,64.0
22.53,1625449482.0,64.0
19.38,1625449482.0,64.0
16.2,1625449482.0,64.0
12.87,1625449482.0,64.0
9.35,1625449482.0,64.0
5.71,1625449482.0,64.0
2.12,1625449482.0,64.0
-1.23,1625449482.0,64.0
-4.24,1625449482.0,64.0
-6.97,1625449482.0,64.0
-9.62,1625449482.0,64.0
-12.47,1625449482.0,64.0
-15.74,1625449482.0,64.0
-19.53,1625449482.0,64.0
-23.78,1625449482.0,64.0
-28.29,1625449482.0,64.0
-32.89,1625449482.0,64.0
-37.46,1625449482.0,64.0
-41.97,1625449482.0,64.0
-46.44,1625449482.0,64.0
-50.66,1625449482.0,64.0
-54.12,1625449482.0,64.0
-56.03,1625449482.0,64.0
-55.53,1625449482.0,64.0
-52.0,1625449482.0,64.0
-45.43,1625449482.0,64.0
-36.45,1625449482.0,64.0
-26.1,1625449482.0,64.0
-15.46,1625449482.0,64.0
-5.3,1625449482.0,64.0
4.0,1625449482.0,64.0
12.36,1625449482.0,64.0
19.69,1625449482.0,64.0
25.71,1625449482.0,64.0
30.01,1625449482.0,64.0
32.33,1625449482.0,64.0
32.78,1625449482.0,64.0
31.92,1625449482.0,64.0
30.63,1625449482.0,64.0
29.66,1625449482.0,64.0
29.44,1625449482.0,64.0
29.86,1625449482.0,64.0
30.44,1625449482.0,64.0
30.63,1625449482.0,64.0
30.05,1625449482.0,64.0
28.58,1625449482.0,64.0
26.39,1625449482.0,64.0
23.69,1625449482.0,64.0
20.71,1625449482.0,64.0
17.58,1625449482.0,64.0
14.38,1625449482.0,64.0
11.13,1625449482.0,64.0
7.82,1625449482.0,64.0
4.39,1625449482.0,64.0
0.71,1625449482.0,64.0
-3.26,1625449482.0,64.0
-7.42,1625449482.0,64.0
-11.55,1625449482.0,64.0
-15.34,1625449482.0,64.0
-18.66,1625449482.0,64.0
-21.62,1625449482.0,64.0
-24.57,1625449482.0,64.0
-27.92,1625449482.0,64.0
-31.85,1625449482.0,64.0
-36.21,1625449482.0,64.0
-40.57,1625449482.0,64.0
-44.52,1625449482.0,64.0
-47.85,1625449482.0,64.0
-50.63,1625449482.0,64.0
-53.02,1625449482.0,64.0
-54.95,1625449482.0,64.0
-55.94,1625449482.0,64.0
-55.21,1625449482.0,64.0
-52.02,1625449482.0,64.0
-46.11,1625449482.0,64.0
-37.86,1625449482.0,64.0
-28.2,1625449482.0,64.0
-18.19,1625449482.0,64.0
-8.66,1625449482.0,64.0
-0.03,1625449482.0,64.0
7.61,1625449482.0,64.0
14.27,1625449482.0,64.0
19.84,1625449482.0,64.0
24.09,1625449482.0,64.0
26.87,1625449482.0,64.0
28.32,1625449482.0,64.0
28.86,1625449482.0,64.0
29.13,1625449482.0,64.0
29.69,1625449482.0,64.0
30.75,1625449482.0,64.0
32.15,1625449482.0,64.0
33.43,1625449482.0,64.0
34.13,1625449482.0,64.0
33.92,1625449482.0,64.0
32.76,1625449482.0,64.0
30.77,1625449482.0,64.0
28.14,1625449482.0,64.0
25.05,1625449482.0,64.0
21.58,1625449482.0,64.0
17.79,1625449482.0,64.0
13.77,1625449482.0,64.0
9.72,1625449482.0,64.0
5.87,1625449482.0,64.0
2.47,1625449482.0,64.0
-0.29,1625449482.0,64.0
-2.37,1625449482.0,64.0
-3.88,1625449482.0,64.0
-5.02,1625449482.0,64.0
-6.09,1625449482.0,64.0
-7.38,1625449482.0,64.0
-9.12,1625449482.0,64.0
-11.45,1625449482.0,64.0
-14.37,1625449482.0,64.0
-17.79,1625449482.0,64.0
-21.62,1625449482.0,64.0
-25.75,1625449482.0,64.0
-30.11,1625449482.0,64.0
-34.5,1625449482.0,64.0
-38.52,1625449482.0,64.0
-41.47,1625449482.0,64.0
-42.53,1625449482.0,64.0
-41.01,1625449482.0,64.0
-36.63,1625449482.0,64.0
-29.71,1625449482.0,64.0
-21.03,1625449482.0,64.0
-11.58,1625449482.0,64.0
-2.19,1625449482.0,64.0
6.66,1625449482.0,64.0
14.77,1625449482.0,64.0
22.05,1625449482.0,64.0
28.34,1625449482.0,64.0
33.28,1625449482.0,64.0
36.54,1625449482.0,64.0
37.98,1625449482.0,64.0
37.87,1625449482.0,64.0
36.81,1625449482.0,64.0
35.57,1625449482.0,64.0
34.77,1625449482.0,64.0
34.64,1625449482.0,64.0
34.94,1625449482.0,64.0
35.16,1625449482.0,64.0
34.74,1625449482.0,64.0
33.36,1625449482.0,64.0
31.03,1625449482.0,64.0
28.08,1625449482.0,64.0
24.89,1625449482.0,64.0
21.74,1625449482.0,64.0
18.63,1625449482.0,64.0
15.42,1625449482.0,64.0
11.89,1625449482.0,64.0
7.94,1625449482.0,64.0
3.67,1625449482.0,64.0
-0.66,1625449482.0,64.0
-4.73,1625449482.0,64.0
-8.29,1625449482.0,64.0
-11.28,1625449482.0,64.0
-13.81,1625449482.0,64.0
-16.11,1625449482.0,64.0
-18.49,1625449482.0,64.0
-21.2,1625449482.0,64.0
-24.39,1625449482.0,64.0
-28.04,1625449482.0,64.0
-32.09,1625449482.0,64.0
-36.44,1625449482.0,64.0
-41.04,1625449482.0,64.0
-45.78,1625449482.0,64.0
-50.4,1625449482.0,64.0
-54.29,1625449482.0,64.0
-56.56,1625449482.0,64.0
-56.2,1625449482.0,64.0
-52.53,1625449482.0,64.0
-45.46,1625449482.0,64.0
-35.62,1625449482.0,64.0
-24.12,1625449482.0,64.0
-12.16,1625449482.0,64.0
-0.58,1625449482.0,64.0
10.2,1625449482.0,64.0
20.04,1625449482.0,64.0
28.79,1625449482.0,64.0
36.08,1625449482.0,64.0
41.38,1625449482.0,64.0
44.31,1625449482.0,64.0
44.87,1625449482.0,64.0
43.55,1625449482.0,64.0
41.14,1625449482.0,64.0
38.47,1625449482.0,64.0
36.11,1625449482.0,64.0
34.33,1625449482.0,64.0
33.16,1625449482.0,64.0
32.52,1625449482.0,64.0
32.29,1625449482.0,64.0
32.26,1625449482.0,64.0
32.13,1625449482.0,64.0
31.47,1625449482.0,64.0
29.92,1625449482.0,64.0
27.24,1625449482.0,64.0
23.46,1625449482.0,64.0
18.77,1625449482.0,64.0
13.49,1625449482.0,64.0
7.87,1625449482.0,64.0
2.1,1625449482.0,64.0
-3.67,1625449482.0,64.0
-9.26,1625449482.0,64.0
-14.47,1625449482.0,64.0
-19.06,1625449482.0,64.0
-22.84,1625449482.0,64.0
-25.77,1625449482.0,64.0
-27.96,1625449482.0,64.0
-29.71,1625449482.0,64.0
-31.41,1625449482.0,64.0
-33.47,1625449482.0,64.0
-36.15,1625449482.0,64.0
-39.57,1625449482.0,64.0
-43.61,1625449482.0,64.0
-47.94,1625449482.0,64.0
-52.02,1625449482.0,64.0
-55.16,1625449482.0,64.0
-56.57,1625449482.0,64.0
-55.55,1625449482.0,64.0
-51.7,1625449482.0,64.0
-45.01,1625449482.0,64.0
-35.95,1625449482.0,64.0
-25.31,1625449482.0,64.0
-14.0,1625449482.0,64.0
-2.79,1625449482.0,64.0
7.84,1625449482.0,64.0
17.64,1625449482.0,64.0
26.45,1625449482.0,64.0
33.99,1625449482.0,64.0
39.9,1625449482.0,64.0
43.81,1625449482.0,64.0
45.61,1625449482.0,64.0
45.56,1625449482.0,64.0
44.3,1625449482.0,64.0
42.66,1625449482.0,64.0
41.29,1625449482.0,64.0
40.49,1625449482.0,64.0
40.13,1625449482.0,64.0
39.79,1625449482.0,64.0
39.0,1625449482.0,64.0
37.46,1625449482.0,64.0
35.15,1625449482.0,64.0
32.23,1625449482.0,64.0
28.93,1625449482.0,64.0
25.38,1625449482.0,64.0
21.59,1625449482.0,64.0
17.5,1625449482.0,64.0
13.14,1625449482.0,64.0
8.66,1625449482.0,64.0
4.37,1625449482.0,64.0
0.58,1625449482.0,64.0
-2.57,1625449482.0,64.0
-5.17,1625449482.0,64.0
-7.49,1625449482.0,64.0
-9.82,1625449482.0,64.0
-12.39,1625449482.0,64.0
-15.2,1625449482.0,64.0
-18.19,1625449482.0,64.0
-21.3,1625449482.0,64.0
-24.55,1625449482.0,64.0
-28.09,1625449482.0,64.0
-32.06,1625449482.0,64.0
-36.55,1625449482.0,64.0
-41.51,1625449482.0,64.0
-46.76,1625449482.0,64.0
-51.9,1625449482.0,64.0
-56.37,1625449482.0,64.0
-59.39,1625449482.0,64.0
-60.15,1625449482.0,64.0
-57.99,1625449482.0,64.0
-52.63,1625449482.0,64.0
-44.36,1625449482.0,64.0
-33.97,1625449482.0,64.0
-22.46,1625449482.0,64.0
-10.83,1625449482.0,64.0
0.24,1625449482.0,64.0
10.39,1625449482.0,64.0
19.49,1625449482.0,64.0
27.4,1625449482.0,64.0
33.91,1625449482.0,64.0
38.79,1625449482.0,64.0
41.9,1625449482.0,64.0
43.36,1625449482.0,64.0
43.59,1625449482.0,64.0
43.14,1625449482.0,64.0
42.51,1625449482.0,64.0
41.97,1625449482.0,64.0
41.48,1625449482.0,64.0
40.84,1625449482.0,64.0
39.78,1625449482.0,64.0
38.2,1625449482.0,64.0
36.18,1625449482.0,64.0
33.84,1625449482.0,64.0
31.33,1625449482.0,64.0
28.62,1625449482.0,64.0
25.58,1625449482.0,64.0
22.09,1625449482.0,64.0
18.2,1625449482.0,64.0
14.19,1625449482.0,64.0
10.48,1625449482.0,64.0
7.48,1625449482.0,64.0
5.3,1625449482.0,64.0
3.7,1625449482.0,64.0
2.1,1625449482.0,64.0
-0.2,1625449482.0,64.0
-3.79,1625449482.0,64.0
-8.93,1625449482.0,64.0
-15.45,1625449482.0,64.0
-22.8,1625449482.0,64.0
-30.11,1625449482.0,64.0
-36.42,1625449482.0,64.0
-40.95,1625449482.0,64.0
-43.25,1625449482.0,64.0
-43.51,1625449482.0,64.0
-42.42,1625449482.0,64.0
-41.03,1625449482.0,64.0
-40.26,1625449482.0,64.0
-40.55,1625449482.0,64.0
-41.69,1625449482.0,64.0
-42.95,1625449482.0,64.0
-43.44,1625449482.0,64.0
-42.46,1625449482.0,64.0
-39.68,1625449482.0,64.0
-35.05,1625449482.0,64.0
-28.63,1625449482.0,64.0
-20.39,1625449482.0,64.0
-10.24,1625449482.0,64.0
1.68,1625449482.0,64.0
14.78,1625449482.0,64.0
27.87,1625449482.0,64.0
39.39,1625449482.0,64.0
47.86,1625449482.0,64.0
52.41,1625449482.0,64.0
53.09,1625449482.0,64.0
50.79,1625449482.0,64.0
46.84,1625449482.0,64.0
42.48,1625449482.0,64.0
38.47,1625449482.0,64.0
35.07,1625449482.0,64.0
32.22,1625449482.0,64.0
29.89,1625449482.0,64.0
28.21,1625449482.0,64.0
27.48,1625449482.0,64.0
27.89,1625449482.0,64.0
29.32,1625449482.0,64.0
31.24,1625449482.0,64.0
32.85,1625449482.0,64.0
33.36,1625449482.0,64.0
32.2,1625449482.0,64.0
29.19,1625449482.0,64.0
24.52,1625449482.0,64.0
18.58,1625449482.0,64.0
11.77,1625449482.0,64.0
4.41,1625449482.0,64.0
-3.31,1625449482.0,64.0
-11.18,1625449482.0,64.0
-18.88,1625449482.0,64.0
-25.87,1625449482.0,64.0
-31.53,1625449482.0,64.0
-35.39,1625449482.0,64.0
-37.38,1625449482.0,64.0
-37.91,1625449482.0,64.0
-37.77,1625449482.0,64.0
-37.9,1625449482.0,64.0
-39.02,1625449482.0,64.0
-41.55,1625449482.0,64.0
-45.52,1625449482.0,64.0
-50.62,1625449482.0,64.0
-56.25,1625449482.0,64.0
-61.46,1625449482.0,64.0
-65.07,1625449482.0,64.0
-65.81,1625449482.0,64.0
-62.72,1625449482.0,64.0
-55.48,1625449482.0,64.0
-44.55,1625449482.0,64.0
-30.94,1625449482.0,64.0
-15.87,1625449482.0,64.0
-0.46,1625449482.0,64.0
14.39,1625449482.0,64.0
27.86,1625449482.0,64.0
38.97,1625449482.0,64.0
46.63,1625449482.0,64.0
49.91,1625449482.0,64.0
48.5,1625449482.0,64.0
43.05,1625449482.0,64.0
35.11,1625449482.0,64.0
26.72,1625449482.0,64.0
19.81,1625449482.0,64.0
15.65,1625449482.0,64.0
14.68,1625449482.0,64.0
16.61,1625449482.0,64.0
20.7,1625449482.0,64.0
26.02,1625449482.0,64.0
31.54,1625449482.0,64.0
36.17,1625449482.0,64.0
38.84,1625449482.0,64.0
38.61,1625449482.0,64.0
34.93,1625449482.0,64.0
27.87,1625449482.0,64.0
18.2,1625449482.0,64.0
7.31,1625449482.0,64.0
-3.21,1625449482.0,64.0
-11.94,1625449482.0,64.0
-17.99,1625449482.0,64.0
-21.16,1625449482.0,64.0
-21.86,1625449482.0,64.0
-20.87,1625449482.0,64.0
-19.06,1625449482.0,64.0
-17.23,1625449482.0,64.0
-16.01,1625449482.0,64.0
-15.89,1625449482.0,64.0
-17.26,1625449482.0,64.0
-20.41,1625449482.0,64.0
-25.45,1625449482.0,64.0
-32.16,1625449482.0,64.0
-39.85,1625449482.0,64.0
-47.43,1625449482.0,64.0
-53.54,1625449482.0,64.0
-57.0,1625449482.0,64.0
-57.0,1625449482.0,64.0
-53.38,1625449482.0,64.0
-46.45,1625449482.0,64.0
-36.87,1625449482.0,64.0
-25.39,1625449482.0,64.0
-12.75,1625449482.0,64.0
0.23,1625449482.0,64.0
12.57,1625449482.0,64.0
23.13,1625449482.0,64.0
30.84,1625449482.0,64.0
35.02,1625449482.0,64.0
35.73,1625449482.0,64.0
33.84,1625449482.0,64.0
30.77,1625449482.0,64.0
28.09,1625449482.0,64.0
26.97,1625449482.0,64.0
27.86,1625449482.0,64.0
30.44,1625449482.0,64.0
33.78,1625449482.0,64.0
36.68,1625449482.0,64.0
38.11,1625449482.0,64.0
37.45,1625449482.0,64.0
34.65,1625449482.0,64.0
30.14,1625449482.0,64.0
24.64,1625449482.0,64.0
18.93,1625449482.0,64.0
13.62,1625449482.0,64.0
9.07,1625449482.0,64.0
5.37,1625449482.0,64.0
2.41,1625449482.0,64.0
0.01,1625449482.0,64.0
-2.05,1625449482.0,64.0
-3.98,1625449482.0,64.0
-5.99,1625449482.0,64.0
-8.33,1625449482.0,64.0
-11.22,1625449482.0,64.0
-14.78,1625449482.0,64.0
-18.95,1625449482.0,64.0
-23.41,1625449482.0,64.0
-27.76,1625449482.0,64.0
-31.6,1625449482.0,64.0
-34.74,1625449482.0,64.0
-37.13,1625449482.0,64.0
-38.77,1625449482.0,64.0
-39.44,1625449482.0,64.0
-38.68,1625449482.0,64.0
-35.91,1625449482.0,64.0
-30.72,1625449482.0,64.0
-23.17,1625449482.0,64.0
-13.86,1625449482.0,64.0
-3.75,1625449482.0,64.0
6.19,1625449482.0,64.0
15.28,1625449482.0,64.0
23.15,1625449482.0,64.0
29.68,1625449482.0,64.0
34.71,1625449482.0,64.0
38.07,1625449482.0,64.0
39.6,1625449482.0,64.0
39.39,1625449482.0,64.0
37.87,1625449482.0,64.0
35.69,1625449482.0,64.0
33.52,1625449482.0,64.0
31.78,1625449482.0,64.0
30.53,1625449482.0,64.0
29.49,1625449482.0,64.0
28.26,1625449482.0,64.0
26.54,1625449482.0,64.0
24.24,1625449482.0,64.0
21.49,1625449482.0,64.0
18.54,1625449482.0,64.0
15.56,1625449482.0,64.0
12.58,1625449482.0,64.0
9.46,1625449482.0,64.0
5.95,1625449482.0,64.0
1.93,1625449482.0,64.0
-2.51,1625449482.0,64.0
-7.06,1625449482.0,64.0
-11.25,1625449482.0,64.0
-14.72,1625449482.0,64.0
-17.35,1625449482.0,64.0
-19.35,1625449482.0,64.0
-21.16,1625449482.0,64.0
-23.22,1625449482.0,64.0
-25.76,1625449482.0,64.0
-28.79,1625449482.0,64.0
-32.16,1625449482.0,64.0
-35.68,1625449482.0,64.0
-39.22,1625449482.0,64.0
-42.59,1625449482.0,64.0
-45.47,1625449482.0,64.0
-47.31,1625449482.0,64.0
-47.43,1625449482.0,64.0
-45.21,1625449482.0,64.0
-40.38,1625449482.0,64.0
-33.1,1625449482.0,64.0
-23.96,1625449482.0,64.0
-13.71,1625449482.0,64.0
-3.07,1625449482.0,64.0
7.44,1625449482.0,64.0
17.45,1625449482.0,64.0
26.58,1625449482.0,64.0
34.36,1625449482.0,64.0
40.21,1625449482.0,64.0
43.72,1625449482.0,64.0
44.84,1625449482.0,64.0
44.01,1625449482.0,64.0
42.08,1625449482.0,64.0
39.95,1625449482.0,64.0
38.27,1625449482.0,64.0
37.2,1625449482.0,64.0
36.42,1625449482.0,64.0
35.4,1625449482.0,64.0
33.67,1625449482.0,64.0
31.05,1625449482.0,64.0
27.64,1625449482.0,64.0
23.71,1625449482.0,64.0
19.56,1625449482.0,64.0
15.44,1625449482.0,64.0
11.49,1625449482.0,64.0
7.8,1625449482.0,64.0
4.4,1625449482.0,64.0
1.3,1625449482.0,64.0
-1.54,1625449482.0,64.0
-4.13,1625449482.0,64.0
-6.53,1625449482.0,64.0
-8.89,1625449482.0,64.0
-11.36,1625449482.0,64.0
-14.19,1625449482.0,64.0
-17.57,1625449482.0,64.0
-21.58,1625449482.0,64.0
-26.07,1625449482.0,64.0
-30.79,1625449482.0,64.0
-35.43,1625449482.0,64.0
-39.73,1625449482.0,64.0
-43.43,1625449482.0,64.0
-46.21,1625449482.0,64.0
-47.6,1625449482.0,64.0
-46.98,1625449482.0,64.0
-43.89,1625449482.0,64.0
-38.23,1625449482.0,64.0
-30.41,1625449482.0,64.0
-21.23,1625449482.0,64.0
-11.56,1625449482.0,64.0
-2.04,1625449482.0,64.0
7.09,1625449482.0,64.0
15.79,1625449482.0,64.0
23.95,1625449482.0,64.0
31.15,1625449482.0,64.0
36.77,1625449482.0,64.0
40.21,1625449482.0,64.0
41.28,1625449482.0,64.0
40.37,1625449482.0,64.0
38.33,1625449482.0,64.0
36.14,1625449482.0,64.0
34.52,1625449482.0,64.0
33.69,1625449482.0,64.0
33.4,1625449482.0,64.0
33.08,1625449482.0,64.0
32.18,1625449482.0,64.0
30.35,1625449482.0,64.0
27.59,1625449482.0,64.0
24.09,1625449482.0,64.0
20.21,1625449482.0,64.0
16.23,1625449482.0,64.0
12.35,1625449482.0,64.0
8.58,1625449482.0,64.0
4.82,1625449482.0,64.0
0.97,1625449482.0,64.0
-2.99,1625449482.0,64.0
-6.94,1625449482.0,64.0
-10.61,1625449482.0,64.0
-13.79,1625449482.0,64.0
-16.37,1625449482.0,64.0
-18.45,1625449482.0,64.0
-20.32,1625449482.0,64.0
-22.41,1625449482.0,64.0
-25.03,1625449482.0,64.0
-28.41,1625449482.0,64.0
-32.56,1625449482.0,64.0
-37.31,1625449482.0,64.0
-42.38,1625449482.0,64.0
-47.28,1625449482.0,64.0
-51.41,1625449482.0,64.0
-54.0,1625449482.0,64.0
-54.33,1625449482.0,64.0
-51.89,1625449482.0,64.0
-46.59,1625449482.0,64.0
-38.81,1625449482.0,64.0
-29.33,1625449482.0,64.0
-18.97,1625449482.0,64.0
-8.42,1625449482.0,64.0
1.94,1625449482.0,64.0
11.93,1625449482.0,64.0
21.37,1625449482.0,64.0
29.9,1625449482.0,64.0
36.96,1625449482.0,64.0
41.99,1625449482.0,64.0
44.66,1625449482.0,64.0
45.12,1625449482.0,64.0
43.97,1625449482.0,64.0
42.02,1625449482.0,64.0
40.04,1625449482.0,64.0
38.42,1625449482.0,64.0
37.17,1625449482.0,64.0
36.0,1625449482.0,64.0
34.56,1625449482.0,64.0
32.57,1625449482.0,64.0
29.95,1625449482.0,64.0
26.77,1625449482.0,64.0
23.16,1625449482.0,64.0
19.28,1625449482.0,64.0
15.22,1625449482.0,64.0
11.11,1625449482.0,64.0
7.08,1625449482.0,64.0
3.33,1625449482.0,64.0
0.04,1625449482.0,64.0
-2.69,1625449482.0,64.0
-4.87,1625449482.0,64.0
-6.66,1625449482.0,64.0
-8.28,1625449482.0,64.0
-9.98,1625449482.0,64.0
-11.96,1625449482.0,64.0
-14.37,1625449482.0,64.0
-17.32,1625449482.0,64.0
-20.85,1625449482.0,64.0
-24.96,1625449482.0,64.0
-29.52,1625449482.0,64.0
-34.31,1625449482.0,64.0
-39.09,1625449482.0,64.0
-43.71,1625449482.0,64.0
-48.07,1625449482.0,64.0
-52.08,1625449482.0,64.0
-55.47,1625449482.0,64.0
-57.7,1625449482.0,64.0
-58.07,1625449482.0,64.0
-55.93,1625449482.0,64.0
-51.0,1625449482.0,64.0
-43.56,1625449482.0,64.0
-34.35,1625449482.0,64.0
-24.28,1625449482.0,64.0
-14.06,1625449482.0,64.0
-4.04,1625449482.0,64.0
5.78,1625449482.0,64.0
15.38,1625449482.0,64.0
24.48,1625449482.0,64.0
32.43,1625449482.0,64.0
38.42,1625449482.0,64.0
41.89,1625449482.0,64.0
42.85,1625449482.0,64.0
41.95,1625449482.0,64.0
40.19,1625449482.0,64.0
38.54,1625449482.0,64.0
37.47,1625449482.0,64.0
36.89,1625449482.0,64.0
36.3,1625449482.0,64.0
35.13,1625449482.0,64.0
33.03,1625449482.0,64.0
30.06,1625449482.0,64.0
26.55,1625449482.0,64.0
22.88,1625449482.0,64.0
19.3,1625449482.0,64.0
15.88,1625449482.0,64.0
12.56,1625449482.0,64.0
9.26,1625449482.0,64.0
6.02,1625449482.0,64.0
2.94,1625449482.0,64.0
0.19,1625449482.0,64.0
-2.12,1625449482.0,64.0
-4.03,1625449482.0,64.0
-5.77,1625449482.0,64.0
-7.58,1625449482.0,64.0
-9.65,1625449482.0,64.0
-12.01,1625449482.0,64.0
-14.53,1625449482.0,64.0
-17.03,1625449482.0,64.0
-19.36,1625449482.0,64.0
-21.57,1625449482.0,64.0
-23.82,1625449482.0,64.0
-26.35,1625449482.0,64.0
-29.35,1625449482.0,64.0
-32.84,1625449482.0,64.0
-36.64,1625449482.0,64.0
-40.35,1625449482.0,64.0
-43.38,1625449482.0,64.0
-45.02,1625449482.0,64.0
-44.66,1625449482.0,64.0
-41.88,1625449482.0,64.0
-36.65,1625449482.0,64.0
-29.32,1625449482.0,64.0
-20.54,1625449482.0,64.0
-11.06,1625449482.0,64.0
-1.54,1625449482.0,64.0
7.51,1625449482.0,64.0
15.71,1625449482.0,64.0
22.7,1625449482.0,64.0
28.11,1625449482.0,64.0
31.65,1625449482.0,64.0
33.26,1625449482.0,64.0
33.26,1625449482.0,64.0
32.29,1625449482.0,64.0
31.15,1625449482.0,64.0
30.5,1625449482.0,64.0
30.58,1625449482.0,64.0
31.23,1625449482.0,64.0
31.93,1625449482.0,64.0
32.15,1625449482.0,64.0
31.5,1625449482.0,64.0
29.92,1625449482.0,64.0
27.57,1625449482.0,64.0
24.73,1625449482.0,64.0
21.66,1625449482.0,64.0
18.57,1625449482.0,64.0
15.57,1625449482.0,64.0
12.73,1625449482.0,64.0
10.09,1625449482.0,64.0
7.59,1625449482.0,64.0
5.15,1625449482.0,64.0
2.67,1625449482.0,64.0
0.11,1625449482.0,64.0
-2.46,1625449482.0,64.0
-4.9,1625449482.0,64.0
-7.1,1625449482.0,64.0
-9.07,1625449482.0,64.0
-10.93,1625449482.0,64.0
-12.93,1625449482.0,64.0
-15.28,1625449482.0,64.0
-18.06,1625449482.0,64.0
-21.28,1625449482.0,64.0
-24.85,1625449482.0,64.0
-28.68,1625449482.0,64.0
-32.61,1625449482.0,64.0
-36.36,1625449482.0,64.0
-39.42,1625449482.0,64.0
-41.1,1625449482.0,64.0
-40.67,1625449482.0,64.0
-37.73,1625449482.0,64.0
-32.3,1625449482.0,64.0
-24.92,1625449482.0,64.0
-16.44,1625449482.0,64.0
-7.69,1625449482.0,64.0
0.79,1625449482.0,64.0
8.76,1625449482.0,64.0
16.2,1625449482.0,64.0
23.08,1625449482.0,64.0
29.13,1625449482.0,64.0
33.89,1625449482.0,64.0
36.88,1625449482.0,64.0
37.87,1625449482.0,64.0
37.11,1625449482.0,64.0
35.23,1625449482.0,64.0
33.06,1625449482.0,64.0
31.27,1625449482.0,64.0
30.17,1625449482.0,64.0
29.62,1625449482.0,64.0
29.18,1625449482.0,64.0
28.36,1625449482.0,64.0
26.83,1625449482.0,64.0
24.53,1625449482.0,64.0
21.61,1625449482.0,64.0
18.32,1625449482.0,64.0
14.88,1625449482.0,64.0
11.47,1625449482.0,64.0
8.17,1625449482.0,64.0
5.08,1625449482.0,64.0
2.24,1625449482.0,64.0
-0.33,1625449482.0,64.0
-2.68,1625449482.0,64.0
-4.88,1625449482.0,64.0
-7.04,1625449482.0,64.0
-9.23,1625449482.0,64.0
-11.45,1625449482.0,64.0
-13.72,1625449482.0,64.0
-16.04,1625449482.0,64.0
-18.45,1625449482.0,64.0
-21.0,1625449482.0,64.0
-23.77,1625449482.0,64.0
-26.77,1625449482.0,64.0
-30.02,1625449482.0,64.0
-33.52,1625449482.0,64.0
-37.3,1625449482.0,64.0
-41.3,1625449482.0,64.0
-45.27,1625449482.0,64.0
-48.63,1625449482.0,64.0
-50.59,1625449482.0,64.0
-50.31,1625449482.0,64.0
-47.25,1625449482.0,64.0
-41.37,1625449482.0,64.0
-33.22,1625449482.0,64.0
-23.67,1625449482.0,64.0
-13.62,1625449482.0,64.0
-3.71,1625449482.0,64.0
5.77,1625449482.0,64.0
14.69,1625449482.0,64.0
22.91,1625449482.0,64.0
30.06,1625449482.0,64.0
35.64,1625449482.0,64.0
39.19,1625449482.0,64.0
40.58,1625449482.0,64.0
40.15,1625449482.0,64.0
38.62,1625449482.0,64.0
36.82,1625449482.0,64.0
35.35,1625449482.0,64.0
34.43,1625449482.0,64.0
33.87,1625449482.0,64.0
33.27,1625449482.0,64.0
32.24,1625449482.0,64.0
30.62,1625449482.0,64.0
28.46,1625449482.0,64.0
25.97,1625449482.0,64.0
23.29,1625449482.0,64.0
20.48,1625449482.0,64.0
17.48,1625449482.0,64.0
14.17,1625449482.0,64.0
10.55,1625449482.0,64.0
6.71,1625449482.0,64.0
2.91,1625449482.0,64.0
-0.55,1625449482.0,64.0
-3.42,1625449482.0,64.0
-5.63,1625449482.0,64.0
-7.35,1625449482.0,64.0
-8.91,1625449482.0,64.0
-10.67,1625449482.0,64.0
-12.84,1625449482.0,64.0
-15.43,1625449482.0,64.0
-18.29,1625449482.0,64.0
-21.25,1625449482.0,64.0
-24.31,1625449482.0,64.0
-27.62,1625449482.0,64.0
-31.42,1625449482.0,64.0
-35.83,1625449482.0,64.0
-40.77,1625449482.0,64.0
-45.89,1625449482.0,64.0
-50.64,1625449482.0,64.0
-54.4,1625449482.0,64.0
-56.58,1625449482.0,64.0
-56.72,1625449482.0,64.0
-54.54,1625449482.0,64.0
-50.02,1625449482.0,64.0
-43.42,1625449482.0,64.0
-35.26,1625449482.0,64.0
-26.12,1625449482.0,64.0
-16.5,1625449482.0,64.0
-6.76,1625449482.0,64.0
2.92,1625449482.0,64.0
12.37,1625449482.0,64.0
21.24,1625449482.0,64.0
28.97,1625449482.0,64.0
34.96,1625449482.0,64.0
38.75,1625449482.0,64.0
40.32,1625449482.0,64.0
40.13,1625449482.0,64.0
38.99,1625449482.0,64.0
37.75,1625449482.0,64.0
37.02,1625449482.0,64.0
36.96,1625449482.0,64.0
37.3,1625449482.0,64.0
37.57,1625449482.0,64.0
37.23,1625449482.0,64.0
36.0,1625449482.0,64.0
33.82,1625449482.0,64.0
30.86,1625449482.0,64.0
27.41,1625449482.0,64.0
23.73,1625449482.0,64.0
19.96,1625449482.0,64.0
16.2,1625449482.0,64.0
12.49,1625449482.0,64.0
8.89,1625449482.0,64.0
5.53,1625449482.0,64.0
2.53,1625449482.0,64.0
-0.04,1625449482.0,64.0
-2.24,1625449482.0,64.0
-4.3,1625449482.0,64.0
-6.5,1625449482.0,64.0
-9.07,1625449482.0,64.0
-12.09,1625449482.0,64.0
-15.38,1625449482.0,64.0
-18.63,1625449482.0,64.0
-21.51,1625449482.0,64.0
-23.88,1625449482.0,64.0
-25.84,1625449482.0,64.0
-27.75,1625449482.0,64.0
-30.03,1625449482.0,64.0
-32.95,1625449482.0,64.0
-36.62,1625449482.0,64.0
-40.87,1625449482.0,64.0
-45.38,1625449482.0,64.0
-49.72,1625449482.0,64.0
-53.31,1625449482.0,64.0
-55.52,1625449482.0,64.0
-55.66,1625449482.0,64.0
-53.18,1625449482.0,64.0
-47.87,1625449482.0,64.0
-39.99,1625449482.0,64.0
-30.21,1625449482.0,64.0
-19.42,1625449482.0,64.0
-8.43,1625449482.0,64.0
2.22,1625449482.0,64.0
12.3,1625449482.0,64.0
21.66,1625449482.0,64.0
30.09,1625449482.0,64.0
37.22,1625449482.0,64.0
42.67,1625449482.0,64.0
46.23,1625449482.0,64.0
48.03,1625449482.0,64.0
48.54,1625449482.0,64.0
48.39,1625449482.0,64.0
48.12,1625449482.0,64.0
48.01,1625449482.0,64.0
48.05,1625449482.0,64.0
47.95,1625449482.0,64.0
47.36,1625449482.0,64.0
45.98,1625449482.0,64.0
43.72,1625449482.0,64.0
40.67,1625449482.0,64.0
37.04,1625449482.0,64.0
33.02,1625449482.0,64.0
28.73,1625449482.0,64.0
24.14,1625449482.0,64.0
19.22,1625449482.0,64.0
14.05,1625449482.0,64.0
8.91,1625449482.0,64.0
4.21,1625449482.0,64.0
0.38,1625449482.0,64.0
-2.43,1625449482.0,64.0
-4.35,1625449482.0,64.0
-5.84,1625449482.0,64.0
-7.4,1625449482.0,64.0
-9.4,1625449482.0,64.0
-11.93,1625449482.0,64.0
-14.85,1625449482.0,64.0
-18.04,1625449482.0,64.0
-21.52,1625449482.0,64.0
-25.57,1625449482.0,64.0
-30.6,1625449482.0,64.0
-36.87,1625449482.0,64.0
-44.29,1625449482.0,64.0
-52.26,1625449482.0,64.0
-59.84,1625449482.0,64.0
-66.06,1625449482.0,64.0
-70.23,1625449482.0,64.0
-72.13,1625449482.0,64.0
-71.96,1625449482.0,64.0
-70.13,1625449482.0,64.0
-67.02,1625449482.0,64.0
-62.81,1625449482.0,64.0
-57.5,1625449482.0,64.0
-51.03,1625449482.0,64.0
-43.33,1625449482.0,64.0
-34.39,1625449482.0,64.0
-24.23,1625449482.0,64.0
-12.98,1625449482.0,64.0
-1.0,1625449482.0,64.0
10.88,1625449482.0,64.0
21.5,1625449482.0,64.0
29.52,1625449482.0,64.0
33.97,1625449482.0,64.0
34.7,1625449482.0,64.0
32.56,1625449482.0,64.0
29.11,1625449482.0,64.0
26.01,1625449482.0,64.0
24.46,1625449482.0,64.0
24.73,1625449482.0,64.0
26.28,1625449482.0,64.0
28.12,1625449482.0,64.0
29.38,1625449482.0,64.0
29.69,1625449482.0,64.0
29.37,1625449482.0,64.0
29.23,1625449482.0,64.0
30.15,1625449482.0,64.0
32.68,1625449482.0,64.0
36.6,1625449482.0,64.0
40.99,1625449482.0,64.0
44.43,1625449482.0,64.0
45.48,1625449482.0,64.0
43.28,1625449482.0,64.0
37.88,1625449482.0,64.0
30.21,1625449482.0,64.0
21.77,1625449482.0,64.0
14.08,1625449482.0,64.0
8.22,1625449482.0,64.0
4.53,1625449482.0,64.0
2.54,1625449482.0,64.0
1.31,1625449482.0,64.0
-0.31,1625449482.0,64.0
-3.36,1625449482.0,64.0
-8.46,1625449482.0,64.0
-15.71,1625449482.0,64.0
-24.59,1625449482.0,64.0
-34.09,1625449482.0,64.0
-42.77,1625449482.0,64.0
-49.11,1625449482.0,64.0
-51.78,1625449482.0,64.0
-49.93,1625449482.0,64.0
-43.57,1625449482.0,64.0
-33.59,1625449482.0,64.0
-21.67,1625449482.0,64.0
-9.82,1625449482.0,64.0
0.17,1625449482.0,64.0
7.2,1625449482.0,64.0
10.97,1625449482.0,64.0
11.84,1625449482.0,64.0
10.44,1625449482.0,64.0
7.52,1625449482.0,64.0
3.96,1625449482.0,64.0
0.97,1625449482.0,64.0
-0.05,1625449482.0,64.0
2.15,1625449482.0,64.0
8.0,1625449482.0,64.0
16.7,1625449482.0,64.0
26.41,1625449482.0,64.0
34.87,1625449482.0,64.0
40.34,1625449482.0,64.0
42.29,1625449482.0,64.0
41.38,1625449482.0,64.0
38.99,1625449482.0,64.0
36.5,1625449482.0,64.0
34.78,1625449482.0,64.0
34.15,1625449482.0,64.0
34.51,1625449482.0,64.0
35.49,1625449482.0,64.0
36.48,1625449482.0,64.0
36.55,1625449482.0,64.0
34.52,1625449482.0,64.0
29.38,1625449482.0,64.0
20.69,1625449482.0,64.0
8.98,1625449482.0,64.0
-4.26,1625449482.0,64.0
-16.98,1625449482.0,64.0
-27.21,1625449482.0,64.0
-33.68,1625449482.0,64.0
-36.15,1625449482.0,64.0
-35.39,1625449482.0,64.0
-32.72,1625449482.0,64.0
-29.5,1625449482.0,64.0
-26.7,1625449482.0,64.0
-24.66,1625449482.0,64.0
-23.29,1625449482.0,64.0
-22.26,1625449482.0,64.0
-21.38,1625449482.0,64.0
-20.78,1625449482.0,64.0
-20.96,1625449482.0,64.0
-22.65,1625449482.0,64.0
-26.59,1625449482.0,64.0
-33.16,1625449482.0,64.0
-42.08,1625449482.0,64.0
-52.32,1625449482.0,64.0
-62.17,1625449482.0,64.0
-69.73,1625449482.0,64.0
-73.51,1625449482.0,64.0
-72.93,1625449482.0,64.0
-68.45,1625449482.0,64.0
-61.3,1625449482.0,64.0
-52.93,1625449482.0,64.0
-44.43,1625449482.0,64.0
-36.31,1625449482.0,64.0
-28.54,1625449482.0,64.0
-20.77,1625449482.0,64.0
-12.62,1625449482.0,64.0
-3.83,1625449482.0,64.0
5.7,1625449482.0,64.0
15.84,1625449482.0,64.0
26.17,1625449482.0,64.0
35.92,1625449482.0,64.0
43.96,1625449482.0,64.0
48.89,1625449482.0,64.0
49.45,1625449482.0,64.0
44.92,1625449482.0,64.0
35.69,1625449482.0,64.0
23.38,1625449482.0,64.0
10.7,1625449482.0,64.0
0.67,1625449482.0,64.0
-4.17,1625449482.0,64.0
-2.65,1625449482.0,64.0
4.8,1625449482.0,64.0
16.42,1625449482.0,64.0
29.94,1625449482.0,64.0
43.33,1625449482.0,64.0
55.26,1625449482.0,64.0
65.01,1625449482.0,64.0
72.08,1625449482.0,64.0
75.78,1625449482.0,64.0
75.17,1625449482.0,64.0
69.34,1625449482.0,64.0
57.9,1625449482.0,64.0
41.29,1625449482.0,64.0
20.91,1625449482.0,64.0
-1.23,1625449482.0,64.0
-22.87,1625449482.0,64.0
-41.95,1625449482.0,64.0
-56.84,1625449482.0,64.0
-66.46,1625449482.0,64.0
-70.33,1625449482.0,64.0
-68.52,1625449482.0,64.0
-61.74,1625449482.0,64.0
-51.3,1625449482.0,64.0
-38.86,1625449482.0,64.0
-26.15,1625449482.0,64.0
-14.52,1625449482.0,64.0
-4.74,1625449482.0,64.0
3.08,1625449482.0,64.0
9.21,1625449482.0,64.0
14.03,1625449482.0,64.0
17.81,1625449482.0,64.0
20.74,1625449482.0,64.0
23.05,1625449482.0,64.0
25.16,1625449482.0,64.0
27.75,1625449482.0,64.0
31.51,1625449482.0,64.0
36.88,1625449482.0,64.0
43.71,1625449482.0,64.0
51.23,1625449482.0,64.0
58.17,1625449482.0,64.0
63.19,1625449482.0,64.0
65.2,1625449482.0,64.0
63.65,1625449482.0,64.0
58.57,1625449482.0,64.0
50.44,1625449482.0,64.0
39.99,1625449482.0,64.0
28.16,1625449482.0,64.0
15.99,1625449482.0,64.0
4.59,1625449482.0,64.0
-5.0,1625449482.0,64.0
-12.11,1625449482.0,64.0
-16.64,1625449482.0,64.0
-19.15,1625449482.0,64.0
-20.68,1625449482.0,64.0
-22.34,1625449482.0,64.0
-25.01,1625449482.0,64.0
-29.13,1625449482.0,64.0
-34.69,1625449482.0,64.0
-41.36,1625449482.0,64.0
-48.67,1625449482.0,64.0
-56.02,1625449482.0,64.0
-62.7,1625449482.0,64.0
-67.87,1625449482.0,64.0
-70.7,1625449482.0,64.0
-70.45,1625449482.0,64.0
-66.8,1625449482.0,64.0
-59.96,1625449482.0,64.0
-50.75,1625449482.0,64.0
-40.43,1625449482.0,64.0
-30.42,1625449482.0,64.0
-21.84,1625449482.0,64.0
-15.22,1625449482.0,64.0
-10.28,1625449482.0,64.0
-6.09,1625449482.0,64.0
-1.46,1625449482.0,64.0
4.5,1625449482.0,64.0
11.94,1625449482.0,64.0
20.11,1625449482.0,64.0
27.56,1625449482.0,64.0
32.74,1625449482.0,64.0
34.69,1625449482.0,64.0
33.53,1625449482.0,64.0
30.61,1625449482.0,64.0
28.04,1625449482.0,64.0
27.87,1625449482.0,64.0
31.23,1625449482.0,64.0
37.8,1625449482.0,64.0
45.98,1625449482.0,64.0
53.56,1625449482.0,64.0
58.73,1625449482.0,64.0
60.58,1625449482.0,64.0
59.28,1625449482.0,64.0
55.56,1625449482.0,64.0
50.16,1625449482.0,64.0
43.45,1625449482.0,64.0
35.56,1625449482.0,64.0
26.68,1625449482.0,64.0
17.42,1625449482.0,64.0
8.83,1625449482.0,64.0
1.99,1625449482.0,64.0
-2.4,1625449482.0,64.0
-4.49,1625449482.0,64.0
-5.12,1625449482.0,64.0
-5.52,1625449482.0,64.0
-6.83,1625449482.0,64.0
-9.71,1625449482.0,64.0
-14.21,1625449482.0,64.0
-19.98,1625449482.0,64.0
-26.46,1625449482.0,64.0
-33.09,1625449482.0,64.0
-39.34,1625449482.0,64.0
-44.73,1625449482.0,64.0
-48.75,1625449482.0,64.0
-50.92,1625449482.0,64.0
-50.8,1625449482.0,64.0
-48.16,1625449482.0,64.0
-43.02,1625449482.0,64.0
-35.69,1625449482.0,64.0
-26.7,1625449482.0,64.0
-16.7,1625449482.0,64.0
-6.45,1625449482.0,64.0
3.31,1625449482.0,64.0
11.82,1625449482.0,64.0
18.36,1625449482.0,64.0
22.41,1625449482.0,64.0
23.85,1625449482.0,64.0
23.06,1625449482.0,64.0
20.96,1625449482.0,64.0
18.76,1625449482.0,64.0
17.51,1625449482.0,64.0
17.77,1625449482.0,64.0
19.43,1625449482.0,64.0
21.89,1625449482.0,64.0
24.34,1625449482.0,64.0
26.2,1625449482.0,64.0
27.2,1625449482.0,64.0
27.39,1625449482.0,64.0
26.89,1625449482.0,64.0
25.68,1625449482.0,64.0
23.59,1625449482.0,64.0
20.37,1625449482.0,64.0
15.91,1625449482.0,64.0
10.3,1625449482.0,64.0
3.85,1625449482.0,64.0
-3.03,1625449482.0,64.0
-9.9,1625449482.0,64.0
-16.42,1625449482.0,64.0
-22.4,1625449482.0,64.0
-27.8,1625449482.0,64.0
-32.66,1625449482.0,64.0
-37.09,1625449482.0,64.0
-41.14,1625449482.0,64.0
-44.85,1625449482.0,64.0
-48.21,1625449482.0,64.0
-51.16,1625449482.0,64.0
-53.59,1625449482.0,64.0
-55.24,1625449482.0,64.0
-55.67,1625449482.0,64.0
-54.33,1625449482.0,64.0
-50.73,1625449482.0,64.0
-44.65,1625449482.0,64.0
-36.24,1625449482.0,64.0
-26.06,1625449482.0,64.0
-14.87,1625449482.0,64.0
-3.45,1625449482.0,64.0
7.55,1625449482.0,64.0
17.59,1625449482.0,64.0
26.14,1625449482.0,64.0
32.68,1625449482.0,64.0
36.74,1625449482.0,64.0
38.16,1625449482.0,64.0
37.25,1625449482.0,64.0
34.78,1625449482.0,64.0
31.8,1625449482.0,64.0
29.27,1625449482.0,64.0
27.77,1625449482.0,64.0
27.35,1625449482.0,64.0
27.62,1625449482.0,64.0
27.96,1625449482.0,64.0
27.78,1625449482.0,64.0
26.73,1625449482.0,64.0
24.78,1625449482.0,64.0
22.17,1625449482.0,64.0
19.2,1625449482.0,64.0
16.13,1625449482.0,64.0
13.08,1625449482.0,64.0
9.98,1625449482.0,64.0
6.71,1625449482.0,64.0
3.24,1625449482.0,64.0
-0.27,1625449482.0,64.0
-3.52,1625449482.0,64.0
-6.17,1625449482.0,64.0
-8.15,1625449482.0,64.0
-9.69,1625449482.0,64.0
-11.31,1625449482.0,64.0
-13.55,1625449482.0,64.0
-16.76,1625449482.0,64.0
-20.95,1625449482.0,64.0
-25.77,1625449482.0,64.0
-30.7,1625449482.0,64.0
-35.14,1625449482.0,64.0
-38.5,1625449482.0,64.0
-40.22,1625449482.0,64.0
-39.78,1625449482.0,64.0
-36.88,1625449482.0,64.0
-31.53,1625449482.0,64.0
-24.15,1625449482.0,64.0
-15.47,1625449482.0,64.0
-6.37,1625449482.0,64.0
2.4,1625449482.0,64.0
10.4,1625449482.0,64.0
17.39,1625449482.0,64.0
23.24,1625449482.0,64.0
27.76,1625449482.0,64.0
30.72,1625449482.0,64.0
31.97,1625449482.0,64.0
31.64,1625449482.0,64.0
30.24,1625449482.0,64.0
28.52,1625449482.0,64.0
27.2,1625449482.0,64.0
26.66,1625449482.0,64.0
26.79,1625449482.0,64.0
27.12,1625449482.0,64.0
27.02,1625449482.0,64.0
26.05,1625449482.0,64.0
24.09,1625449482.0,64.0
21.35,1625449482.0,64.0
18.18,1625449482.0,64.0
14.91,1625449482.0,64.0
11.66,1625449482.0,64.0
8.43,1625449482.0,64.0
5.12,1625449482.0,64.0
1.67,1625449482.0,64.0
-1.83,1625449482.0,64.0
-5.17,1625449482.0,64.0
-8.18,1625449482.0,64.0
-10.73,1625449482.0,64.0
-12.94,1625449482.0,64.0
-15.13,1625449482.0,64.0
-17.71,1625449482.0,64.0
-21.04,1625449482.0,64.0
-25.25,1625449482.0,64.0
-30.15,1625449482.0,64.0
-35.38,1625449482.0,64.0
-40.44,1625449482.0,64.0
-44.81,1625449482.0,64.0
-47.95,1625449482.0,64.0
-49.3,1625449482.0,64.0
-48.4,1625449482.0,64.0
-44.98,1625449482.0,64.0
-39.09,1625449482.0,64.0
-31.16,1625449482.0,64.0
-21.9,1625449482.0,64.0
-12.08,1625449482.0,64.0
-2.36,1625449482.0,64.0
6.83,1625449482.0,64.0
15.33,1625449482.0,64.0
23.04,1625449482.0,64.0
29.84,1625449482.0,64.0
35.45,1625449482.0,64.0
39.58,1625449482.0,64.0
42.01,1625449482.0,64.0
42.76,1625449482.0,64.0
42.18,1625449482.0,64.0
40.84,1625449482.0,64.0
39.37,1625449482.0,64.0
38.25,1625449482.0,64.0
37.59,1625449482.0,64.0
37.13,1625449482.0,64.0
36.37,1625449482.0,64.0
34.8,1625449482.0,64.0
32.11,1625449482.0,64.0
28.36,1625449482.0,64.0
23.9,1625449482.0,64.0
19.25,1625449482.0,64.0
14.83,1625449482.0,64.0
10.83,1625449482.0,64.0
7.09,1625449482.0,64.0
3.3,1625449482.0,64.0
-0.85,1625449482.0,64.0
-5.46,1625449482.0,64.0
-10.27,1625449482.0,64.0
-14.81,1625449482.0,64.0
-18.6,1625449482.0,64.0
-21.45,1625449482.0,64.0
-23.57,1625449482.0,64.0
-25.49,1625449482.0,64.0
-27.79,1625449482.0,64.0
-30.84,1625449482.0,64.0
-34.7,1625449482.0,64.0
-39.14,1625449482.0,64.0
-43.81,1625449482.0,64.0
-48.35,1625449482.0,64.0
-52.4,1625449482.0,64.0
-55.49,1625449482.0,64.0
-57.03,1625449482.0,64.0
-56.33,1625449482.0,64.0
-52.9,1625449482.0,64.0
-46.64,1625449482.0,64.0
-37.99,1625449482.0,64.0
-27.82,1625449482.0,64.0
-17.08,1625449482.0,64.0
-6.52,1625449482.0,64.0
3.55,1625449482.0,64.0
13.17,1625449482.0,64.0
22.42,1625449482.0,64.0
31.15,1625449482.0,64.0
38.83,1625449482.0,64.0
44.69,1625449482.0,64.0
48.08,1625449482.0,64.0
48.84,1625449482.0,64.0
47.45,1625449482.0,64.0
44.88,1625449482.0,64.0
42.23,1625449482.0,64.0
40.29,1625449482.0,64.0
39.33,1625449482.0,64.0
39.06,1625449482.0,64.0
38.92,1625449482.0,64.0
38.42,1625449482.0,64.0
37.38,1625449482.0,64.0
35.91,1625449482.0,64.0
34.27,1625449482.0,64.0
32.54,1625449482.0,64.0
30.54,1625449482.0,64.0
27.84,1625449482.0,64.0
24.01,1625449482.0,64.0
18.86,1625449482.0,64.0
12.6,1625449482.0,64.0
5.85,1625449482.0,64.0
-0.67,1625449482.0,64.0
-6.4,1625449482.0,64.0
-11.17,1625449482.0,64.0
-15.15,1625449482.0,64.0
-18.68,1625449482.0,64.0
-22.02,1625449482.0,64.0
-25.15,1625449482.0,64.0
-27.86,1625449482.0,64.0
-29.93,1625449482.0,64.0
-31.37,1625449482.0,64.0
-32.5,1625449482.0,64.0
-33.88,1625449482.0,64.0
-36.08,1625449482.0,64.0
-39.41,1625449482.0,64.0
-43.78,1625449482.0,64.0
-48.66,1625449482.0,64.0
-53.24,1625449482.0,64.0
-56.57,1625449482.0,64.0
-57.8,1625449482.0,64.0
-56.39,1625449482.0,64.0
-52.23,1625449482.0,64.0
-45.68,1625449482.0,64.0
-37.46,1625449482.0,64.0
-28.38,1625449482.0,64.0
-19.09,1625449482.0,64.0
-9.85,1625449482.0,64.0
-0.64,1625449482.0,64.0
8.63,1625449482.0,64.0
17.79,1625449482.0,64.0
26.33,1625449482.0,64.0
33.45,1625449482.0,64.0
38.48,1625449482.0,64.0
41.25,1625449482.0,64.0
42.25,1625449482.0,64.0
42.38,1625449482.0,64.0
42.57,1625449482.0,64.0
43.3,1625449482.0,64.0
44.39,1625449482.0,64.0
45.15,1625449482.0,64.0
44.87,1625449482.0,64.0
43.11,1625449482.0,64.0
39.99,1625449482.0,64.0
35.98,1625449482.0,64.0
31.64,1625449482.0,64.0
27.34,1625449482.0,64.0
23.16,1625449482.0,64.0
19.01,1625449482.0,64.0
14.82,1625449482.0,64.0
10.7,1625449482.0,64.0
6.92,1625449482.0,64.0
3.77,1625449482.0,64.0
1.42,1625449482.0,64.0
-0.22,1625449482.0,64.0
-1.45,1625449482.0,64.0
-2.65,1625449482.0,64.0
-4.17,1625449482.0,64.0
-6.22,1625449482.0,64.0
-8.79,1625449482.0,64.0
-11.72,1625449482.0,64.0
-14.75,1625449482.0,64.0
-17.55,1625449482.0,64.0
-19.89,1625449482.0,64.0
-21.66,1625449482.0,64.0
-23.03,1625449482.0,64.0
-24.35,1625449482.0,64.0
-26.07,1625449482.0,64.0
-28.56,1625449482.0,64.0
-31.96,1625449482.0,64.0
-36.13,1625449482.0,64.0
-40.71,1625449482.0,64.0
-45.31,1625449482.0,64.0
-49.46,1625449482.0,64.0
-52.65,1625449482.0,64.0
-54.3,1625449482.0,64.0
-53.87,1625449482.0,64.0
-51.08,1625449482.0,64.0
-46.2,1625449482.0,64.0
-40.01,1625449482.0,64.0
-33.6,1625449482.0,64.0
-27.85,1625449482.0,64.0
-23.0,1625449482.0,64.0
-18.57,1625449482.0,64.0
-13.65,1625449482.0,64.0
-7.53,1625449482.0,64.0
-0.18,1625449482.0,64.0
7.68,1625449482.0,64.0
14.89,1625449482.0,64.0
20.44,1625449482.0,64.0
23.95,1625449482.0,64.0
25.77,1625449482.0,64.0
26.72,1625449482.0,64.0
27.63,1625449482.0,64.0
28.98,1625449482.0,64.0
30.74,1625449482.0,64.0
32.51,1625449482.0,64.0
33.81,1625449482.0,64.0
34.26,1625449482.0,64.0
33.69,1625449482.0,64.0
32.1,1625449482.0,64.0
29.54,1625449482.0,64.0
26.07,1625449482.0,64.0
21.85,1625449482.0,64.0
17.15,1625449482.0,64.0
12.38,1625449482.0,64.0
8.02,1625449482.0,64.0
4.52,1625449482.0,64.0
2.11,1625449482.0,64.0
0.83,1625449482.0,64.0
0.49,1625449482.0,64.0
0.76,1625449482.0,64.0
1.31,1625449482.0,64.0
1.86,1625449482.0,64.0
2.23,1625449482.0,64.0
2.4,1625449482.0,64.0
2.38,1625449482.0,64.0
2.23,1625449482.0,64.0
1.89,1625449482.0,64.0
1.2,1625449482.0,64.0
-0.09,1625449482.0,64.0
-2.22,1625449482.0,64.0
-5.37,1625449482.0,64.0
-9.56,1625449482.0,64.0
-14.67,1625449482.0,64.0
-20.48,1625449482.0,64.0
-26.66,1625449482.0,64.0
-32.79,1625449482.0,64.0
-38.37,1625449482.0,64.0
-42.79,1625449482.0,64.0
-45.43,1625449482.0,64.0
-45.72,1625449482.0,64.0
-43.34,1625449482.0,64.0
-38.34,1625449482.0,64.0
-31.16,1625449482.0,64.0
-22.63,1625449482.0,64.0
-13.68,1625449482.0,64.0
-5.16,1625449482.0,64.0
2.45,1625449482.0,64.0
9.05,1625449482.0,64.0
14.86,1625449482.0,64.0
20.15,1625449482.0,64.0
24.98,1625449482.0,64.0
29.1,1625449482.0,64.0
32.03,1625449482.0,64.0
33.41,1625449482.0,64.0
33.22,1625449482.0,64.0
31.89,1625449482.0,64.0
30.14,1625449482.0,64.0
28.72,1625449482.0,64.0
28.12,1625449482.0,64.0
28.44,1625449482.0,64.0
29.53,1625449482.0,64.0
31.11,1625449482.0,64.0
32.96,1625449482.0,64.0
34.91,1625449482.0,64.0
36.75,1625449482.0,64.0
38.15,1625449482.0,64.0
38.67,1625449482.0,64.0
37.89,1625449482.0,64.0
35.56,1625449482.0,64.0
31.72,1625449482.0,64.0
26.72,1625449482.0,64.0
21.11,1625449482.0,64.0
15.44,1625449482.0,64.0
10.21,1625449482.0,64.0
5.73,1625449482.0,64.0
2.07,1625449482.0,64.0
-0.84,1625449482.0,64.0
-3.26,1625449482.0,64.0
-5.47,1625449482.0,64.0
-7.69,1625449482.0,64.0
-10.02,1625449482.0,64.0
-12.39,1625449482.0,64.0
-14.71,1625449482.0,64.0
-16.92,1625449482.0,64.0
-19.09,1625449482.0,64.0
-21.46,1625449482.0,64.0
-24.31,1625449482.0,64.0
-27.87,1625449482.0,64.0
-32.25,1625449482.0,64.0
-37.38,1625449482.0,64.0
-42.99,1625449482.0,64.0
-48.62,1625449482.0,64.0
-53.61,1625449482.0,64.0
-57.15,1625449482.0,64.0
-58.41,1625449482.0,64.0
-56.75,1625449482.0,64.0
-51.97,1625449482.0,64.0
-44.44,1625449482.0,64.0
-35.01,1625449482.0,64.0
-24.79,1625449482.0,64.0
-14.7,1625449482.0,64.0
-5.26,1625449482.0,64.0
3.5,1625449482.0,64.0
11.82,1625449482.0,64.0
19.83,1625449482.0,64.0
27.37,1625449482.0,64.0
33.97,1625449482.0,64.0
39.08,1625449482.0,64.0
42.42,1625449482.0,64.0
44.15,1625449482.0,64.0
44.83,1625449482.0,64.0
45.14,1625449482.0,64.0
45.56,1625449482.0,64.0
46.16,1625449482.0,64.0
46.58,1625449482.0,64.0
46.3,1625449482.0,64.0
44.88,1625449482.0,64.0
42.17,1625449482.0,64.0
38.45,1625449482.0,64.0
34.19,1625449482.0,64.0
29.97,1625449482.0,64.0
26.21,1625449482.0,64.0
23.11,1625449482.0,64.0
20.56,1625449482.0,64.0
18.32,1625449482.0,64.0
16.06,1625449482.0,64.0
13.56,1625449482.0,64.0
10.77,1625449482.0,64.0
7.81,1625449482.0,64.0
4.92,1625449482.0,64.0
2.44,1625449482.0,64.0
0.66,1625449482.0,64.0
-0.18,1625449482.0,64.0
-0.04,1625449482.0,64.0
0.9,1625449482.0,64.0
2.2,1625449482.0,64.0
3.19,1625449482.0,64.0
3.1,1625449482.0,64.0
1.21,1625449482.0,64.0
-2.91,1625449482.0,64.0
-9.27,1625449482.0,64.0
-17.52,1625449482.0,64.0
-27.1,1625449482.0,64.0
-37.49,1625449482.0,64.0
-48.31,1625449482.0,64.0
-59.23,1625449482.0,64.0
-69.66,1625449482.0,64.0
-78.54,1625449482.0,64.0
-84.42,1625449482.0,64.0
-85.9,1625449482.0,64.0
-82.18,1625449482.0,64.0
-73.55,1625449482.0,64.0
-61.36,1625449482.0,64.0
-47.55,1625449482.0,64.0
-33.89,1625449482.0,64.0
-21.45,1625449482.0,64.0
-10.52,1625449482.0,64.0
-0.91,1625449482.0,64.0
7.51,1625449482.0,64.0
14.53,1625449482.0,64.0
19.66,1625449482.0,64.0
22.47,1625449482.0,64.0
23.05,1625449482.0,64.0
22.02,1625449482.0,64.0
20.4,1625449482.0,64.0
19.18,1625449482.0,64.0
18.98,1625449482.0,64.0
19.85,1625449482.0,64.0
21.38,1625449482.0,64.0
22.98,1625449482.0,64.0
24.15,1625449482.0,64.0
24.64,1625449482.0,64.0
24.51,1625449482.0,64.0
24.03,1625449482.0,64.0
23.49,1625449482.0,64.0
23.05,1625449482.0,64.0
22.68,1625449482.0,64.0
22.12,1625449482.0,64.0
21.03,1625449482.0,64.0
19.11,1625449482.0,64.0
16.24,1625449482.0,64.0
12.62,1625449482.0,64.0
8.62,1625449482.0,64.0
4.66,1625449482.0,64.0
0.99,1625449482.0,64.0
-2.36,1625449482.0,64.0
-5.49,1625449482.0,64.0
-8.53,1625449482.0,64.0
-11.48,1625449482.0,64.0
-14.28,1625449482.0,64.0
-16.83,1625449482.0,64.0
-19.17,1625449482.0,64.0
-21.46,1625449482.0,64.0
-23.91,1625449482.0,64.0
-26.56,1625449482.0,64.0
-29.33,1625449482.0,64.0
-32.02,1625449482.0,64.0
-34.48,1625449482.0,64.0
-36.69,1625449482.0,64.0
-38.73,1625449482.0,64.0
-40.55,1625449482.0,64.0
-41.86,1625449482.0,64.0
-42.08,1625449482.0,64.0
-40.56,1625449482.0,64.0
-36.87,1625449482.0,64.0
-31.03,1625449482.0,64.0
-23.55,1625449482.0,64.0
-15.26,1625449482.0,64.0
-6.93,1625449482.0,64.0
0.84,1625449482.0,64.0
7.78,1625449482.0,64.0
13.71,1625449482.0,64.0
18.48,1625449482.0,64.0
21.8,1625449482.0,64.0
23.41,1625449482.0,64.0
23.3,1625449482.0,64.0
21.86,1625449482.0,64.0
19.87,1625449482.0,64.0
18.26,1625449482.0,64.0
17.73,1625449482.0,64.0
18.46,1625449482.0,64.0
20.09,1625449482.0,64.0
21.89,1625449482.0,64.0
23.08,1625449482.0,64.0
23.17,1625449482.0,64.0
22.1,1625449482.0,64.0
20.1,1625449482.0,64.0
17.49,1625449482.0,64.0
14.56,1625449482.0,64.0
11.46,1625449482.0,64.0
8.3,1625449482.0,64.0
5.21,1625449482.0,64.0
2.38,1625449482.0,64.0
-0.06,1625449482.0,64.0
-2.06,1625449482.0,64.0
-3.73,1625449482.0,64.0
-5.28,1625449482.0,64.0
-6.87,1625449482.0,64.0
-8.59,1625449482.0,64.0
-10.41,1625449482.0,64.0
-12.25,1625449482.0,64.0
-14.03,1625449482.0,64.0
-15.73,1625449482.0,64.0
-17.33,1625449482.0,64.0
-18.92,1625449482.0,64.0
-20.59,1625449482.0,64.0
-22.55,1625449482.0,64.0
-25.01,1625449482.0,64.0
-28.09,1625449482.0,64.0
-31.56,1625449482.0,64.0
-34.69,1625449482.0,64.0
-36.29,1625449482.0,64.0
-35.11,1625449482.0,64.0
-30.26,1625449482.0,64.0
-21.68,1625449482.0,64.0
-10.26,1625449482.0,64.0
2.41,1625449482.0,64.0
14.55,1625449482.0,64.0
24.73,1625449482.0,64.0
32.24,1625449482.0,64.0
37.03,1625449482.0,64.0
39.45,1625449482.0,64.0
39.94,1625449482.0,64.0
38.75,1625449482.0,64.0
36.08,1625449482.0,64.0
32.24,1625449482.0,64.0
27.87,1625449482.0,64.0
23.88,1625449482.0,64.0
21.27,1625449482.0,64.0
20.68,1625449482.0,64.0
22.13,1625449482.0,64.0
24.98,1625449482.0,64.0
28.16,1625449482.0,64.0
30.63,1625449482.0,64.0
31.71,1625449482.0,64.0
31.26,1625449482.0,64.0
29.5,1625449482.0,64.0
26.8,1625449482.0,64.0
23.37,1625449482.0,64.0
19.24,1625449482.0,64.0
14.35,1625449482.0,64.0
8.78,1625449482.0,64.0
2.81,1625449482.0,64.0
-3.07,1625449482.0,64.0
-8.36,1625449482.0,64.0
-12.72,1625449482.0,64.0
-16.06,1625449482.0,64.0
-18.51,1625449482.0,64.0
-20.29,1625449482.0,64.0
-21.66,1625449482.0,64.0
-22.75,1625449482.0,64.0
-23.72,1625449482.0,64.0
-24.7,1625449482.0,64.0
-25.78,1625449482.0,64.0
-27.08,1625449482.0,64.0
-28.66,1625449482.0,64.0
-30.59,1625449482.0,64.0
-32.92,1625449482.0,64.0
-35.63,1625449482.0,64.0
-38.53,1625449482.0,64.0
-41.14,1625449482.0,64.0
-42.68,1625449482.0,64.0
-42.29,1625449482.0,64.0
-39.33,1625449482.0,64.0
-33.66,1625449482.0,64.0
-25.73,1625449482.0,64.0
-16.44,1625449482.0,64.0
-6.74,1625449482.0,64.0
2.64,1625449482.0,64.0
11.41,1625449482.0,64.0
19.53,1625449482.0,64.0
26.97,1625449482.0,64.0
33.53,1625449482.0,64.0
38.77,1625449482.0,64.0
42.19,1625449482.0,64.0
43.58,1625449482.0,64.0
43.1,1625449482.0,64.0
41.37,1625449482.0,64.0
39.2,1625449482.0,64.0
37.31,1625449482.0,64.0
36.09,1625449482.0,64.0
35.49,1625449482.0,64.0
35.15,1625449482.0,64.0
34.55,1625449482.0,64.0
33.33,1625449482.0,64.0
31.29,1625449482.0,64.0
28.5,1625449482.0,64.0
25.11,1625449482.0,64.0
21.35,1625449482.0,64.0
17.38,1625449482.0,64.0
13.34,1625449482.0,64.0
9.35,1625449482.0,64.0
5.58,1625449482.0,64.0
2.21,1625449482.0,64.0
-0.61,1625449482.0,64.0
-2.85,1625449482.0,64.0
-4.67,1625449482.0,64.0
-6.37,1625449482.0,64.0
-8.26,1625449482.0,64.0
-10.55,1625449482.0,64.0
-13.25,1625449482.0,64.0
-16.18,1625449482.0,64.0
-19.12,1625449482.0,64.0
-21.94,1625449482.0,64.0
-24.66,1625449482.0,64.0
-27.43,1625449482.0,64.0
-30.47,1625449482.0,64.0
-33.89,1625449482.0,64.0
-37.72,1625449482.0,64.0
-41.76,1625449482.0,64.0
-45.55,1625449482.0,64.0
-48.45,1625449482.0,64.0
-49.68,1625449482.0,64.0
-48.55,1625449482.0,64.0
-44.7,1625449482.0,64.0
-38.23,1625449482.0,64.0
-29.74,1625449482.0,64.0
-20.1,1625449482.0,64.0
-10.2,1625449482.0,64.0
-0.64,1625449482.0,64.0
8.33,1625449482.0,64.0
16.69,1625449482.0,64.0
24.39,1625449482.0,64.0
31.18,1625449482.0,64.0
36.56,1625449482.0,64.0
40.03,1625449482.0,64.0
41.37,1625449482.0,64.0
40.84,1625449482.0,64.0
39.15,1625449482.0,64.0
37.21,1625449482.0,64.0
35.79,1625449482.0,64.0
35.19,1625449482.0,64.0
35.23,1625449482.0,64.0
35.41,1625449482.0,64.0
35.18,1625449482.0,64.0
34.21,1625449482.0,64.0
32.49,1625449482.0,64.0
30.14,1625449482.0,64.0
27.38,1625449482.0,64.0
24.3,1625449482.0,64.0
20.98,1625449482.0,64.0
17.49,1625449482.0,64.0
13.98,1625449482.0,64.0
10.71,1625449482.0,64.0
7.9,1625449482.0,64.0
5.66,1625449482.0,64.0
3.89,1625449482.0,64.0
2.29,1625449482.0,64.0
0.51,1625449482.0,64.0
-1.75,1625449482.0,64.0
-4.56,1625449482.0,64.0
-7.71,1625449482.0,64.0
-10.78,1625449482.0,64.0
-13.33,1625449482.0,64.0
-15.19,1625449482.0,64.0
-16.57,1625449482.0,64.0
-17.99,1625449482.0,64.0
-20.1,1625449482.0,64.0
-23.39,1625449482.0,64.0
-27.96,1625449482.0,64.0
-33.47,1625449482.0,64.0
-39.34,1625449482.0,64.0
-44.92,1625449482.0,64.0
-49.64,1625449482.0,64.0
-53.01,1625449482.0,64.0
-54.62,1625449482.0,64.0
-54.07,1625449482.0,64.0
-51.12,1625449482.0,64.0
-45.7,1625449482.0,64.0
-38.08,1625449482.0,64.0
-28.69,1625449482.0,64.0
-18.07,1625449482.0,64.0
-6.73,1625449482.0,64.0
4.88,1625449482.0,64.0
16.25,1625449482.0,64.0
26.7,1625449482.0,64.0
35.4,1625449482.0,64.0
41.54,1625449482.0,64.0
44.69,1625449482.0,64.0
44.94,1625449482.0,64.0
43.02,1625449482.0,64.0
39.95,1625449482.0,64.0
36.74,1625449482.0,64.0
34.02,1625449482.0,64.0
31.94,1625449482.0,64.0
30.24,1625449482.0,64.0
28.59,1625449482.0,64.0
26.74,1625449482.0,64.0
24.67,1625449482.0,64.0
22.55,1625449482.0,64.0
20.6,1625449482.0,64.0
18.94,1625449482.0,64.0
17.55,1625449482.0,64.0
16.31,1625449482.0,64.0
15.04,1625449482.0,64.0
13.66,1625449482.0,64.0
12.16,1625449482.0,64.0
10.6,1625449482.0,64.0
9.03,1625449482.0,64.0
7.4,1625449482.0,64.0
5.47,1625449482.0,64.0
2.97,1625449482.0,64.0
-0.31,1625449482.0,64.0
-4.31,1625449482.0,64.0
-8.63,1625449482.0,64.0
-12.69,1625449482.0,64.0
-15.99,1625449482.0,64.0
-18.28,1625449482.0,64.0
-19.74,1625449482.0,64.0
-20.85,1625449482.0,64.0
-22.18,1625449482.0,64.0
-24.16,1625449482.0,64.0
-26.99,1625449482.0,64.0
-30.62,1625449482.0,64.0
-34.85,1625449482.0,64.0
-39.31,1625449482.0,64.0
-43.5,1625449482.0,64.0
-46.72,1625449482.0,64.0
-48.21,1625449482.0,64.0
-47.35,1625449482.0,64.0
-43.85,1625449482.0,64.0
-37.87,1625449482.0,64.0
-29.98,1625449482.0,64.0
-20.94,1625449482.0,64.0
-11.47,1625449482.0,64.0
-2.08,1625449482.0,64.0
6.93,1625449482.0,64.0
15.33,1625449482.0,64.0
22.85,1625449482.0,64.0
29.1,1625449482.0,64.0
33.64,1625449482.0,64.0
36.25,1625449482.0,64.0
37.02,1625449482.0,64.0
36.43,1625449482.0,64.0
35.22,1625449482.0,64.0
34.09,1625449482.0,64.0
33.52,1625449482.0,64.0
33.54,1625449482.0,64.0
33.81,1625449482.0,64.0
33.82,1625449482.0,64.0
33.1,1625449482.0,64.0
31.45,1625449482.0,64.0
28.91,1625449482.0,64.0
25.72,1625449482.0,64.0
22.1,1625449482.0,64.0
18.22,1625449482.0,64.0
14.12,1625449482.0,64.0
9.86,1625449482.0,64.0
5.58,1625449482.0,64.0
1.53,1625449482.0,64.0
-2.04,1625449482.0,64.0
-4.99,1625449482.0,64.0
-7.42,1625449482.0,64.0
-9.63,1625449482.0,64.0
-11.95,1625449482.0,64.0
-14.61,1625449482.0,64.0
-17.6,1625449482.0,64.0
-20.7,1625449482.0,64.0
-23.66,1625449482.0,64.0
-26.3,1625449482.0,64.0
-28.66,1625449482.0,64.0
-30.84,1625449482.0,64.0
-32.95,1625449482.0,64.0
-34.99,1625449482.0,64.0
-36.91,1625449482.0,64.0
-38.7,1625449482.0,64.0
-40.46,1625449482.0,64.0
-42.32,1625449482.0,64.0
-44.24,1625449482.0,64.0
-45.86,1625449482.0,64.0
-46.44,1625449482.0,64.0
-45.07,1625449482.0,64.0
-41.0,1625449482.0,64.0
-33.96,1625449482.0,64.0
-24.31,1625449482.0,64.0
-12.9,1625449482.0,64.0
-0.86,1625449482.0,64.0
10.75,1625449482.0,64.0
20.99,1625449482.0,64.0
29.17,1625449482.0,64.0
34.81,1625449482.0,64.0
37.69,1625449482.0,64.0
37.97,1625449482.0,64.0
36.21,1625449482.0,64.0
33.26,1625449482.0,64.0
29.95,1625449482.0,64.0
26.92,1625449482.0,64.0
24.38,1625449482.0,64.0
22.28,1625449482.0,64.0
20.44,1625449482.0,64.0
18.79,1625449482.0,64.0
17.42,1625449482.0,64.0
16.44,1625449482.0,64.0
15.88,1625449482.0,64.0
15.57,1625449482.0,64.0
15.25,1625449482.0,64.0
14.63,1625449482.0,64.0
13.57,1625449482.0,64.0
12.02,1625449482.0,64.0
9.96,1625449482.0,64.0
7.38,1625449482.0,64.0
4.23,1625449482.0,64.0
0.5,1625449482.0,64.0
-3.63,1625449482.0,64.0
-7.84,1625449482.0,64.0
-11.74,1625449482.0,64.0
-14.92,1625449482.0,64.0
-17.2,1625449482.0,64.0
-18.55,1625449482.0,64.0
-19.17,1625449482.0,64.0
-19.38,1625449482.0,64.0
-19.54,1625449482.0,64.0
-20.0,1625449482.0,64.0
-21.05,1625449482.0,64.0
-22.89,1625449482.0,64.0
-25.51,1625449482.0,64.0
-28.7,1625449482.0,64.0
-31.99,1625449482.0,64.0
-34.68,1625449482.0,64.0
-35.97,1625449482.0,64.0
-35.16,1625449482.0,64.0
-31.89,1625449482.0,64.0
-26.29,1625449482.0,64.0
-18.93,1625449482.0,64.0
-10.66,1625449482.0,64.0
-2.31,1625449482.0,64.0
5.56,1625449482.0,64.0
12.77,1625449482.0,64.0
19.33,1625449482.0,64.0
25.23,1625449482.0,64.0
30.28,1625449482.0,64.0
34.04,1625449482.0,64.0
36.07,1625449482.0,64.0
36.17,1625449482.0,64.0
34.59,1625449482.0,64.0
32.01,1625449482.0,64.0
29.34,1625449482.0,64.0
27.39,1625449482.0,64.0
26.66,1625449482.0,64.0
27.13,1625449482.0,64.0
28.43,1625449482.0,64.0
29.96,1625449482.0,64.0
31.09,1625449482.0,64.0
31.33,1625449482.0,64.0
30.43,1625449482.0,64.0
28.33,1625449482.0,64.0
25.18,1625449482.0,64.0
21.25,1625449482.0,64.0
16.84,1625449482.0,64.0
12.24,1625449482.0,64.0
7.73,1625449482.0,64.0
3.55,1625449482.0,64.0
-0.15,1625449482.0,64.0
-3.28,1625449482.0,64.0
-5.88,1625449482.0,64.0
-8.12,1625449482.0,64.0
-10.19,1625449482.0,64.0
-12.29,1625449482.0,64.0
-14.54,1625449482.0,64.0
-16.99,1625449482.0,64.0
-19.62,1625449482.0,64.0
-22.42,1625449482.0,64.0
-25.38,1625449482.0,64.0
-28.54,1625449482.0,64.0
-32.0,1625449482.0,64.0
-35.8,1625449482.0,64.0
-39.83,1625449482.0,64.0
-43.73,1625449482.0,64.0
-46.81,1625449482.0,64.0
-48.22,1625449482.0,64.0
-47.16,1625449482.0,64.0
-43.21,1625449482.0,64.0
-36.52,1625449482.0,64.0
-27.8,1625449482.0,64.0
-18.12,1625449482.0,64.0
-8.48,1625449482.0,64.0
0.42,1625449482.0,64.0
8.3,1625449482.0,64.0
15.19,1625449482.0,64.0
21.08,1625449482.0,64.0
25.88,1625449482.0,64.0
29.43,1625449482.0,64.0
31.65,1625449482.0,64.0
32.81,1625449482.0,64.0
33.39,1625449482.0,64.0
33.99,1625449482.0,64.0
35.0,1625449482.0,64.0
36.44,1625449482.0,64.0
37.95,1625449482.0,64.0
38.99,1625449482.0,64.0
39.09,1625449482.0,64.0
38.03,1625449482.0,64.0
35.88,1625449482.0,64.0
32.87,1625449482.0,64.0
29.27,1625449482.0,64.0
25.3,1625449482.0,64.0
21.18,1625449482.0,64.0
17.12,1625449482.0,64.0
13.33,1625449482.0,64.0
9.96,1625449482.0,64.0
7.07,1625449482.0,64.0
4.57,1625449482.0,64.0
2.26,1625449482.0,64.0
-0.09,1625449482.0,64.0
-2.68,1625449482.0,64.0
-5.62,1625449482.0,64.0
-8.86,1625449482.0,64.0
-12.26,1625449482.0,64.0
-15.63,1625449482.0,64.0
-18.8,1625449482.0,64.0
-21.7,1625449482.0,64.0
-24.34,1625449482.0,64.0
-26.87,1625449482.0,64.0
-29.5,1625449482.0,64.0
-32.49,1625449482.0,64.0
-35.99,1625449482.0,64.0
-39.96,1625449482.0,64.0
-44.01,1625449482.0,64.0
-47.46,1625449482.0,64.0
-49.41,1625449482.0,64.0
-49.12,1625449482.0,64.0
-46.29,1625449482.0,64.0
-41.21,1625449482.0,64.0
-34.66,1625449482.0,64.0
-27.55,1625449482.0,64.0
-20.48,1625449482.0,64.0
-13.5,1625449482.0,64.0
-6.25,1625449482.0,64.0
1.69,1625449482.0,64.0
10.32,1625449482.0,64.0
19.07,1625449482.0,64.0
26.91,1625449482.0,64.0
32.87,1625449482.0,64.0
36.42,1625449482.0,64.0
37.74,1625449482.0,64.0
37.5,1625449482.0,64.0
36.51,1625449482.0,64.0
35.33,1625449482.0,64.0
34.07,1625449482.0,64.0
32.53,1625449482.0,64.0
30.47,1625449482.0,64.0
27.82,1625449482.0,64.0
24.74,1625449482.0,64.0
21.54,1625449482.0,64.0
18.52,1625449482.0,64.0
15.83,1625449482.0,64.0
13.44,1625449482.0,64.0
11.22,1625449482.0,64.0
9.08,1625449482.0,64.0
6.99,1625449482.0,64.0
5.02,1625449482.0,64.0
3.31,1625449482.0,64.0
1.96,1625449482.0,64.0
0.98,1625449482.0,64.0
0.21,1625449482.0,64.0
-0.58,1625449482.0,64.0
-1.66,1625449482.0,64.0
-3.13,1625449482.0,64.0
-5.0,1625449482.0,64.0
-7.16,1625449482.0,64.0
-9.56,1625449482.0,64.0
-12.28,1625449482.0,64.0
-15.51,1625449482.0,64.0
-19.37,1625449482.0,64.0
-23.85,1625449482.0,64.0
-28.67,1625449482.0,64.0
-33.48,1625449482.0,64.0
-37.98,1625449482.0,64.0
-41.98,1625449482.0,64.0
-45.32,1625449482.0,64.0
-47.71,1625449482.0,64.0
-48.68,1625449482.0,64.0
-47.65,1625449482.0,64.0
-44.19,1625449482.0,64.0
-38.27,1625449482.0,64.0
-30.34,1625449482.0,64.0
-21.19,1625449482.0,64.0
-11.62,1625449482.0,64.0
-2.22,1625449482.0,64.0
6.75,1625449482.0,64.0
15.19,1625449482.0,64.0
22.88,1625449482.0,64.0
29.43,1625449482.0,64.0
34.26,1625449482.0,64.0
36.86,1625449482.0,64.0
37.13,1625449482.0,64.0
35.46,1625449482.0,64.0
32.71,1625449482.0,64.0
29.89,1625449482.0,64.0
27.79,1625449482.0,64.0
26.78,1625449482.0,64.0
26.72,1625449482.0,64.0
27.13,1625449482.0,64.0
27.44,1625449482.0,64.0
27.22,1625449482.0,64.0
26.28,1625449482.0,64.0
24.6,1625449482.0,64.0
22.31,1625449482.0,64.0
19.5,1625449482.0,64.0
16.26,1625449482.0,64.0
12.7,1625449482.0,64.0
8.97,1625449482.0,64.0
5.23,1625449482.0,64.0
1.66,1625449482.0,64.0
-1.62,1625449482.0,64.0
-4.64,1625449482.0,64.0
-7.48,1625449482.0,64.0
-10.25,1625449482.0,64.0
-13.03,1625449482.0,64.0
-15.84,1625449482.0,64.0
-18.65,1625449482.0,64.0
-21.46,1625449482.0,64.0
-24.32,1625449482.0,64.0
-27.34,1625449482.0,64.0
-30.57,1625449482.0,64.0
-34.04,1625449482.0,64.0
-37.74,1625449482.0,64.0
-41.63,1625449482.0,64.0
-45.74,1625449482.0,64.0
-50.03,1625449482.0,64.0
-54.28,1625449482.0,64.0
-57.96,1625449482.0,64.0
-60.21,1625449482.0,64.0
-60.1,1625449482.0,64.0
-56.91,1625449482.0,64.0
-50.51,1625449482.0,64.0
-41.47,1625449482.0,64.0
-30.93,1625449482.0,64.0
-20.17,1625449482.0,64.0
-10.17,1625449482.0,64.0
-1.36,1625449482.0,64.0
6.36,1625449482.0,64.0
13.31,1625449482.0,64.0
19.69,1625449482.0,64.0
25.4,1625449482.0,64.0
30.08,1625449482.0,64.0
33.38,1625449482.0,64.0
35.2,1625449482.0,64.0
35.84,1625449482.0,64.0
35.85,1625449482.0,64.0
35.78,1625449482.0,64.0
35.94,1625449482.0,64.0
36.23,1625449482.0,64.0
36.26,1625449482.0,64.0
35.51,1625449482.0,64.0
33.57,1625449482.0,64.0
30.33,1625449482.0,64.0
25.92,1625449482.0,64.0
20.72,1625449482.0,64.0
15.19,1625449482.0,64.0
9.76,1625449482.0,64.0
4.85,1625449482.0,64.0
0.82,1625449482.0,64.0
-2.05,1625449482.0,64.0
-3.58,1625449482.0,64.0
-3.82,1625449482.0,64.0
-3.12,1625449482.0,64.0
-2.08,1625449482.0,64.0
-1.4,1625449482.0,64.0
-1.63,1625449482.0,64.0
-2.97,1625449482.0,64.0
-5.22,1625449482.0,64.0
-7.94,1625449482.0,64.0
-10.73,1625449482.0,64.0
-13.41,1625449482.0,64.0
-16.14,1625449482.0,64.0
-19.26,1625449482.0,64.0
-23.07,1625449482.0,64.0
-27.62,1625449482.0,64.0
-32.61,1625449482.0,64.0
-37.37,1625449482.0,64.0
-41.0,1625449482.0,64.0
-42.62,1625449482.0,64.0
-41.55,1625449482.0,64.0
-37.51,1625449482.0,64.0
-30.76,1625449482.0,64.0
-22.01,1625449482.0,64.0
-12.21,1625449482.0,64.0
-2.29,1625449482.0,64.0
7.02,1625449482.0,64.0
15.32,1625449482.0,64.0
22.39,1625449482.0,64.0
28.09,1625449482.0,64.0
32.23,1625449482.0,64.0
34.71,1625449482.0,64.0
35.59,1625449482.0,64.0
35.24,1625449482.0,64.0
34.21,1625449482.0,64.0
33.14,1625449482.0,64.0
32.49,1625449482.0,64.0
32.4,1625449482.0,64.0
32.67,1625449482.0,64.0
32.94,1625449482.0,64.0
32.79,1625449482.0,64.0
31.96,1625449482.0,64.0
30.37,1625449482.0,64.0
28.12,1625449482.0,64.0
25.42,1625449482.0,64.0
22.44,1625449482.0,64.0
19.3,1625449482.0,64.0
16.03,1625449482.0,64.0
12.64,1625449482.0,64.0
9.15,1625449482.0,64.0
5.69,1625449482.0,64.0
2.41,1625449482.0,64.0
-0.54,1625449482.0,64.0
-3.11,1625449482.0,64.0
-5.33,1625449482.0,64.0
-7.34,1625449482.0,64.0
-9.23,1625449482.0,64.0
-11.1,1625449482.0,64.0
-12.99,1625449482.0,64.0
-14.96,1625449482.0,64.0
-17.12,1625449482.0,64.0
-19.57,1625449482.0,64.0
-22.38,1625449482.0,64.0
-25.58,1625449482.0,64.0
-29.17,1625449482.0,64.0
-33.08,1625449482.0,64.0
-37.18,1625449482.0,64.0
-41.14,1625449482.0,64.0
-44.35,1625449482.0,64.0
-45.98,1625449482.0,64.0
-45.21,1625449482.0,64.0
-41.55,1625449482.0,64.0
-35.05,1625449482.0,64.0
-26.35,1625449482.0,64.0
-16.4,1625449482.0,64.0
-6.19,1625449482.0,64.0
3.63,1625449482.0,64.0
12.73,1625449482.0,64.0
21.0,1625449482.0,64.0
28.31,1625449482.0,64.0
34.33,1625449482.0,64.0
38.67,1625449482.0,64.0
41.01,1625449482.0,64.0
41.4,1625449482.0,64.0
40.25,1625449482.0,64.0
38.31,1625449482.0,64.0
36.34,1625449482.0,64.0
34.84,1625449482.0,64.0
33.92,1625449482.0,64.0
33.29,1625449482.0,64.0
32.49,1625449482.0,64.0
31.2,1625449482.0,64.0
29.32,1625449482.0,64.0
27.04,1625449482.0,64.0
24.61,1625449482.0,64.0
22.17,1625449482.0,64.0
19.68,1625449482.0,64.0
16.93,1625449482.0,64.0
13.69,1625449482.0,64.0
9.93,1625449482.0,64.0
5.85,1625449482.0,64.0
1.78,1625449482.0,64.0
-1.9,1625449482.0,64.0
-5.01,1625449482.0,64.0
-7.52,1625449482.0,64.0
-9.54,1625449482.0,64.0
-11.27,1625449482.0,64.0
-12.88,1625449482.0,64.0
-14.54,1625449482.0,64.0
-16.44,1625449482.0,64.0
-18.73,1625449482.0,64.0
-21.55,1625449482.0,64.0
-24.96,1625449482.0,64.0
-28.93,1625449482.0,64.0
-33.42,1625449482.0,64.0
-38.32,1625449482.0,64.0
-43.52,1625449482.0,64.0
-48.7,1625449482.0,64.0
-53.29,1625449482.0,64.0
-56.45,1625449482.0,64.0
-57.23,1625449482.0,64.0
-54.86,1625449482.0,64.0
-49.11,1625449482.0,64.0
-40.39,1625449482.0,64.0
-29.69,1625449482.0,64.0
-18.24,1625449482.0,64.0
-7.14,1625449482.0,64.0
2.87,1625449482.0,64.0
11.58,1625449482.0,64.0
19.07,1625449482.0,64.0
25.52,1625449482.0,64.0
31.03,1625449482.0,64.0
35.56,1625449482.0,64.0
39.1,1625449482.0,64.0
41.76,1625449482.0,64.0
43.79,1625449482.0,64.0
45.44,1625449482.0,64.0
46.82,1625449482.0,64.0
47.77,1625449482.0,64.0
47.89,1625449482.0,64.0
46.76,1625449482.0,64.0
44.11,1625449482.0,64.0
40.09,1625449482.0,64.0
35.14,1625449482.0,64.0
29.84,1625449482.0,64.0
24.71,1625449482.0,64.0
19.96,1625449482.0,64.0
15.58,1625449482.0,64.0
11.42,1625449482.0,64.0
7.44,1625449482.0,64.0
3.74,1625449482.0,64.0
0.56,1625449482.0,64.0
-1.83,1625449482.0,64.0
-3.34,1625449482.0,64.0
-4.11,1625449482.0,64.0
-4.49,1625449482.0,64.0
-4.95,1625449482.0,64.0
-5.88,1625449482.0,64.0
-7.45,1625449482.0,64.0
-9.65,1625449482.0,64.0
-12.33,1625449482.0,64.0
-15.38,1625449482.0,64.0
-18.81,1625449482.0,64.0
-22.75,1625449482.0,64.0
-27.37,1625449482.0,64.0
-32.67,1625449482.0,64.0
-38.45,1625449482.0,64.0
-44.31,1625449482.0,64.0
-49.76,1625449482.0,64.0
-54.28,1625449482.0,64.0
-57.43,1625449482.0,64.0
-58.79,1625449482.0,64.0
-58.01,1625449482.0,64.0
-54.78,1625449482.0,64.0
-49.02,1625449482.0,64.0
-40.94,1625449482.0,64.0
-31.07,1625449482.0,64.0
-20.19,1625449482.0,64.0
-9.09,1625449482.0,64.0
1.59,1625449482.0,64.0
11.46,1625449482.0,64.0
20.36,1625449482.0,64.0
28.17,1625449482.0,64.0
34.72,1625449482.0,64.0
39.82,1625449482.0,64.0
43.3,1625449482.0,64.0
45.15,1625449482.0,64.0
45.62,1625449482.0,64.0
45.13,1625449482.0,64.0
44.18,1625449482.0,64.0
43.14,1625449482.0,64.0
42.21,1625449482.0,64.0
41.38,1625449482.0,64.0
40.5,1625449482.0,64.0
39.37,1625449482.0,64.0
37.86,1625449482.0,64.0
35.97,1625449482.0,64.0
33.76,1625449482.0,64.0
31.35,1625449482.0,64.0
28.78,1625449482.0,64.0
25.96,1625449482.0,64.0
22.74,1625449482.0,64.0
19.02,1625449482.0,64.0
14.81,1625449482.0,64.0
10.34,1625449482.0,64.0
5.96,1625449482.0,64.0
2.02,1625449482.0,64.0
-1.31,1625449482.0,64.0
-4.11,1625449482.0,64.0
-6.66,1625449482.0,64.0
-9.27,1625449482.0,64.0
-12.11,1625449482.0,64.0
-15.19,1625449482.0,64.0
-18.37,1625449482.0,64.0
-21.53,1625449482.0,64.0
-24.61,1625449482.0,64.0
-27.69,1625449482.0,64.0
-30.88,1625449482.0,64.0
-34.29,1625449482.0,64.0
-37.99,1625449482.0,64.0
-42.02,1625449482.0,64.0
-46.41,1625449482.0,64.0
-51.09,1625449482.0,64.0
-55.72,1625449482.0,64.0
-59.62,1625449482.0,64.0
-61.8,1625449482.0,64.0
-61.24,1625449482.0,64.0
-57.33,1625449482.0,64.0
-50.11,1625449482.0,64.0
-40.36,1625449482.0,64.0
-29.24,1625449482.0,64.0
-17.93,1625449482.0,64.0
-7.12,1625449482.0,64.0
3.02,1625449482.0,64.0
12.72,1625449482.0,64.0
22.25,1625449482.0,64.0
31.71,1625449482.0,64.0
40.94,1625449482.0,64.0
49.63,1625449482.0,64.0
57.5,1625449482.0,64.0
64.33,1625449482.0,64.0
69.93,1625449482.0,64.0
74.04,1625449482.0,64.0
76.27,1625449482.0,64.0
76.21,1625449482.0,64.0
73.51,1625449482.0,64.0
68.07,1625449482.0,64.0
60.0,1625449482.0,64.0
49.73,1625449482.0,64.0
37.89,1625449482.0,64.0
25.28,1625449482.0,64.0
12.79,1625449482.0,64.0
1.35,1625449482.0,64.0
-8.2,1625449482.0,64.0
-15.24,1625449482.0,64.0
-19.46,1625449482.0,64.0
-20.96,1625449482.0,64.0
-20.22,1625449482.0,64.0
-18.0,1625449482.0,64.0
-15.2,1625449482.0,64.0
-12.71,1625449482.0,64.0
-11.23,1625449482.0,64.0
-11.14,1625449482.0,64.0
-12.5,1625449482.0,64.0
-15.04,1625449482.0,64.0
-18.35,1625449482.0,64.0
-21.99,1625449482.0,64.0
-25.65,1625449482.0,64.0
-29.21,1625449482.0,64.0
-32.68,1625449482.0,64.0
-36.09,1625449482.0,64.0
-39.48,1625449482.0,64.0
-42.87,1625449482.0,64.0
-46.3,1625449482.0,64.0
-49.78,1625449482.0,64.0
-53.23,1625449482.0,64.0
-56.39,1625449482.0,64.0
-58.68,1625449482.0,64.0
-59.32,1625449482.0,64.0
-57.55,1625449482.0,64.0
-52.89,1625449482.0,64.0
-45.44,1625449482.0,64.0
-35.83,1625449482.0,64.0
-25.07,1625449482.0,64.0
-14.18,1625449482.0,64.0
-3.91,1625449482.0,64.0
5.34,1625449482.0,64.0
13.41,1625449482.0,64.0
20.21,1625449482.0,64.0
25.54,1625449482.0,64.0
29.16,1625449482.0,64.0
30.96,1625449482.0,64.0
31.12,1625449482.0,64.0
30.15,1625449482.0,64.0
28.75,1625449482.0,64.0
27.61,1625449482.0,64.0
27.09,1625449482.0,64.0
27.16,1625449482.0,64.0
27.51,1625449482.0,64.0
27.66,1625449482.0,64.0
27.24,1625449482.0,64.0
26.12,1625449482.0,64.0
24.33,1625449482.0,64.0
22.05,1625449482.0,64.0
19.42,1625449482.0,64.0
16.51,1625449482.0,64.0
13.34,1625449482.0,64.0
9.93,1625449482.0,64.0
6.32,1625449482.0,64.0
2.68,1625449482.0,64.0
-0.81,1625449482.0,64.0
-3.96,1625449482.0,64.0
-6.64,1625449482.0,64.0
-8.83,1625449482.0,64.0
-10.62,1625449482.0,64.0
-12.15,1625449482.0,64.0
-13.57,1625449482.0,64.0
-14.98,1625449482.0,64.0
-16.44,1625449482.0,64.0
-17.98,1625449482.0,64.0
-19.58,1625449482.0,64.0
-21.23,1625449482.0,64.0
-22.93,1625449482.0,64.0
-24.68,1625449482.0,64.0
-26.54,1625449482.0,64.0
-28.57,1625449482.0,64.0
-30.75,1625449482.0,64.0
-32.86,1625449482.0,64.0
-34.45,1625449482.0,64.0
-34.9,1625449482.0,64.0
-33.63,1625449482.0,64.0
-30.28,1625449482.0,64.0
-24.97,1625449482.0,64.0
-18.15,1625449482.0,64.0
-10.5,1625449482.0,64.0
-2.58,1625449482.0,64.0
5.23,1625449482.0,64.0
12.75,1625449482.0,64.0
19.8,1625449482.0,64.0
26.07,1625449482.0,64.0
31.04,1625449482.0,64.0
34.23,1625449482.0,64.0
35.39,1625449482.0,64.0
34.73,1625449482.0,64.0
32.92,1625449482.0,64.0
30.83,1625449482.0,64.0
29.29,1625449482.0,64.0
28.74,1625449482.0,64.0
29.24,1625449482.0,64.0
30.39,1625449482.0,64.0
31.62,1625449482.0,64.0
32.32,1625449482.0,64.0
32.05,1625449482.0,64.0
30.59,1625449482.0,64.0
28.0,1625449482.0,64.0
24.56,1625449482.0,64.0
20.62,1625449482.0,64.0
16.53,1625449482.0,64.0
12.55,1625449482.0,64.0
8.78,1625449482.0,64.0
5.23,1625449482.0,64.0
1.82,1625449482.0,64.0
-1.5,1625449482.0,64.0
-4.72,1625449482.0,64.0
-7.68,1625449482.0,64.0
-10.02,1625449482.0,64.0
-11.3,1625449482.0,64.0
-11.11,1625449482.0,64.0
-9.27,1625449482.0,64.0
-6.07,1625449482.0,64.0
-2.29,1625449482.0,64.0
0.96,1625449482.0,64.0
2.45,1625449482.0,64.0
1.18,1625449482.0,64.0
-3.36,1625449482.0,64.0
-11.0,1625449482.0,64.0
-20.97,1625449482.0,64.0
-31.92,1625449482.0,64.0
-42.24,1625449482.0,64.0
-50.35,1625449482.0,64.0
-55.01,1625449482.0,64.0
-55.51,1625449482.0,64.0
-51.81,1625449482.0,64.0
-44.39,1625449482.0,64.0
-34.09,1625449482.0,64.0
-21.96,1625449482.0,64.0
-9.06,1625449482.0,64.0
3.57,1625449482.0,64.0
14.98,1625449482.0,64.0
24.35,1625449482.0,64.0
31.11,1625449482.0,64.0
35.0,1625449482.0,64.0
36.2,1625449482.0,64.0
35.23,1625449482.0,64.0
32.87,1625449482.0,64.0
29.91,1625449482.0,64.0
26.94,1625449482.0,64.0
24.31,1625449482.0,64.0
22.04,1625449482.0,64.0
19.97,1625449482.0,64.0
17.96,1625449482.0,64.0
15.99,1625449482.0,64.0
14.16,1625449482.0,64.0
12.69,1625449482.0,64.0
11.69,1625449482.0,64.0
11.16,1625449482.0,64.0
10.89,1625449482.0,64.0
10.61,1625449482.0,64.0
10.03,1625449482.0,64.0
8.97,1625449482.0,64.0
7.34,1625449482.0,64.0
5.16,1625449482.0,64.0
2.54,1625449482.0,64.0
-0.4,1625449482.0,64.0
-3.5,1625449482.0,64.0
-6.63,1625449482.0,64.0
-9.69,1625449482.0,64.0
-12.61,1625449482.0,64.0
-15.4,1625449482.0,64.0
-18.12,1625449482.0,64.0
-20.84,1625449482.0,64.0
-23.65,1625449482.0,64.0
-26.62,1625449482.0,64.0
-29.89,1625449482.0,64.0
-33.52,1625449482.0,64.0
-37.44,1625449482.0,64.0
-41.32,1625449482.0,64.0
-44.49,1625449482.0,64.0
-46.1,1625449482.0,64.0
-45.31,1625449482.0,64.0
-41.66,1625449482.0,64.0
-35.25,1625449482.0,64.0
-26.69,1625449482.0,64.0
-16.94,1625449482.0,64.0
-6.92,1625449482.0,64.0
2.73,1625449482.0,64.0
11.72,1625449482.0,64.0
19.91,1625449482.0,64.0
27.21,1625449482.0,64.0
33.37,1625449482.0,64.0
38.11,1625449482.0,64.0
41.22,1625449482.0,64.0
42.76,1625449482.0,64.0
43.05,1625449482.0,64.0
42.58,1625449482.0,64.0
41.83,1625449482.0,64.0
41.07,1625449482.0,64.0
40.33,1625449482.0,64.0
39.45,1625449482.0,64.0
38.24,1625449482.0,64.0
36.57,1625449482.0,64.0
34.42,1625449482.0,64.0
31.84,1625449482.0,64.0
28.92,1625449482.0,64.0
25.72,1625449482.0,64.0
22.31,1625449482.0,64.0
18.76,1625449482.0,64.0
15.13,1625449482.0,64.0
11.47,1625449482.0,64.0
7.81,1625449482.0,64.0
4.16,1625449482.0,64.0
0.58,1625449482.0,64.0
-2.88,1625449482.0,64.0
-6.1,1625449482.0,64.0
-9.03,1625449482.0,64.0
-11.64,1625449482.0,64.0
-14.04,1625449482.0,64.0
-16.38,1625449482.0,64.0
-18.88,1625449482.0,64.0
-21.7,1625449482.0,64.0
-24.94,1625449482.0,64.0
-28.65,1625449482.0,64.0
-32.82,1625449482.0,64.0
-37.45,1625449482.0,64.0
-42.47,1625449482.0,64.0
-47.67,1625449482.0,64.0
-52.65,1625449482.0,64.0
-56.75,1625449482.0,64.0
-59.15,1625449482.0,64.0
-59.08,1625449482.0,64.0
-56.03,1625449482.0,64.0
-49.98,1625449482.0,64.0
-41.47,1625449482.0,64.0
-31.37,1625449482.0,64.0
-20.64,1625449482.0,64.0
-10.02,1625449482.0,64.0
0.12,1625449482.0,64.0
9.72,1625449482.0,64.0
18.72,1625449482.0,64.0
26.9,1625449482.0,64.0
33.8,1625449482.0,64.0
38.9,1625449482.0,64.0
41.93,1625449482.0,64.0
43.02,1625449482.0,64.0
42.79,1625449482.0,64.0
42.06,1625449482.0,64.0
41.55,1625449482.0,64.0
41.63,1625449482.0,64.0
42.26,1625449482.0,64.0
43.14,1625449482.0,64.0
43.89,1625449482.0,64.0
44.21,1625449482.0,64.0
43.92,1625449482.0,64.0
42.84,1625449482.0,64.0
40.78,1625449482.0,64.0
37.55,1625449482.0,64.0
33.06,1625449482.0,64.0
27.43,1625449482.0,64.0
20.97,1625449482.0,64.0
14.09,1625449482.0,64.0
7.18,1625449482.0,64.0
0.5,1625449482.0,64.0
-5.8,1625449482.0,64.0
-11.62,1625449482.0,64.0
-16.83,1625449482.0,64.0
-21.14,1625449482.0,64.0
-24.24,1625449482.0,64.0
-25.89,1625449482.0,64.0
-26.11,1625449482.0,64.0
-25.29,1625449482.0,64.0
-24.14,1625449482.0,64.0
-23.51,1625449482.0,64.0
-24.11,1625449482.0,64.0
-26.35,1625449482.0,64.0
-30.27,1625449482.0,64.0
-35.59,1625449482.0,64.0
-41.81,1625449482.0,64.0
-48.31,1625449482.0,64.0
-54.35,1625449482.0,64.0
-59.03,1625449482.0,64.0
-61.39,1625449482.0,64.0
-60.59,1625449482.0,64.0
-56.17,1625449482.0,64.0
-48.25,1625449482.0,64.0
-37.53,1625449482.0,64.0
-25.14,1625449482.0,64.0
-12.23,1625449482.0,64.0
0.29,1625449482.0,64.0
11.86,1625449482.0,64.0
22.18,1625449482.0,64.0
31.0,1625449482.0,64.0
37.93,1625449482.0,64.0
42.57,1625449482.0,64.0
44.72,1625449482.0,64.0
44.57,1625449482.0,64.0
42.79,1625449482.0,64.0
40.35,1625449482.0,64.0
38.11,1625449482.0,64.0
36.54,1625449482.0,64.0
35.49,1625449482.0,64.0
34.47,1625449482.0,64.0
32.92,1625449482.0,64.0
30.6,1625449482.0,64.0
27.68,1625449482.0,64.0
24.63,1625449482.0,64.0
21.9,1625449482.0,64.0
19.63,1625449482.0,64.0
17.65,1625449482.0,64.0
15.54,1625449482.0,64.0
12.98,1625449482.0,64.0
9.9,1625449482.0,64.0
6.57,1625449482.0,64.0
3.39,1625449482.0,64.0
0.69,1625449482.0,64.0
-1.46,1625449482.0,64.0
-3.33,1625449482.0,64.0
-5.35,1625449482.0,64.0
-7.86,1625449482.0,64.0
-10.98,1625449482.0,64.0
-14.54,1625449482.0,64.0
-18.22,1625449482.0,64.0
-21.71,1625449482.0,64.0
-24.88,1625449482.0,64.0
-27.77,1625449482.0,64.0
-30.54,1625449482.0,64.0
-33.35,1625449482.0,64.0
-36.33,1625449482.0,64.0
-39.57,1625449482.0,64.0
-43.1,1625449482.0,64.0
-46.85,1625449482.0,64.0
-50.52,1625449482.0,64.0
-53.51,1625449482.0,64.0
-55.0,1625449482.0,64.0
-54.17,1625449482.0,64.0
-50.48,1625449482.0,64.0
-43.85,1625449482.0,64.0
-34.8,1625449482.0,64.0
-24.16,1625449482.0,64.0
-12.9,1625449482.0,64.0
-1.89,1625449482.0,64.0
8.23,1625449482.0,64.0
16.94,1625449482.0,64.0
23.86,1625449482.0,64.0
28.68,1625449482.0,64.0
31.34,1625449482.0,64.0
32.04,1625449482.0,64.0
31.35,1625449482.0,64.0
30.04,1625449482.0,64.0
28.85,1625449482.0,64.0
28.23,1625449482.0,64.0
28.25,1625449482.0,64.0
28.62,1625449482.0,64.0
28.89,1625449482.0,64.0
28.67,1625449482.0,64.0
27.74,1625449482.0,64.0
26.08,1625449482.0,64.0
23.79,1625449482.0,64.0
20.97,1625449482.0,64.0
17.75,1625449482.0,64.0
14.29,1625449482.0,64.0
10.78,1625449482.0,64.0
7.47,1625449482.0,64.0
4.62,1625449482.0,64.0
2.39,1625449482.0,64.0
0.85,1625449482.0,64.0
-0.1,1625449482.0,64.0
-0.7,1625449482.0,64.0
-1.32,1625449482.0,64.0
-2.35,1625449482.0,64.0
-4.11,1625449482.0,64.0
-6.75,1625449482.0,64.0
-10.19,1625449482.0,64.0
-14.12,1625449482.0,64.0
-18.06,1625449482.0,64.0
-21.59,1625449482.0,64.0
-24.45,1625449482.0,64.0
-26.66,1625449482.0,64.0
-28.58,1625449482.0,64.0
-30.67,1625449482.0,64.0
-33.3,1625449482.0,64.0
-36.42,1625449482.0,64.0
-39.45,1625449482.0,64.0
-41.37,1625449482.0,64.0
-41.05,1625449482.0,64.0
-37.68,1625449482.0,64.0
-31.19,1625449482.0,64.0
-22.33,1625449482.0,64.0
-12.33,1625449482.0,64.0
-2.53,1625449482.0,64.0
6.11,1625449482.0,64.0
13.21,1625449482.0,64.0
18.91,1625449482.0,64.0
23.56,1625449482.0,64.0
27.44,1625449482.0,64.0
30.73,1625449482.0,64.0
33.42,1625449482.0,64.0
35.54,1625449482.0,64.0
37.19,1625449482.0,64.0
38.52,1625449482.0,64.0
39.61,1625449482.0,64.0
40.42,1625449482.0,64.0
40.72,1625449482.0,64.0
40.21,1625449482.0,64.0
38.62,1625449482.0,64.0
35.85,1625449482.0,64.0
32.01,1625449482.0,64.0
27.38,1625449482.0,64.0
22.37,1625449482.0,64.0
17.42,1625449482.0,64.0
12.88,1625449482.0,64.0
8.96,1625449482.0,64.0
5.71,1625449482.0,64.0
3.04,1625449482.0,64.0
0.83,1625449482.0,64.0
-1.06,1625449482.0,64.0
-2.74,1625449482.0,64.0
-4.28,1625449482.0,64.0
-5.78,1625449482.0,64.0
-7.34,1625449482.0,64.0
-9.08,1625449482.0,64.0
-11.07,1625449482.0,64.0
-13.38,1625449482.0,64.0
-16.01,1625449482.0,64.0
-18.98,1625449482.0,64.0
-22.29,1625449482.0,64.0
-25.98,1625449482.0,64.0
-30.06,1625449482.0,64.0
-34.5,1625449482.0,64.0
-39.12,1625449482.0,64.0
-43.52,1625449482.0,64.0
-47.07,1625449482.0,64.0
-48.99,1625449482.0,64.0
-48.54,1625449482.0,64.0
-45.32,1625449482.0,64.0
-39.33,1625449482.0,64.0
-31.1,1625449482.0,64.0
-21.45,1625449482.0,64.0
-11.2,1625449482.0,64.0
-0.98,1625449482.0,64.0
8.85,1625449482.0,64.0
18.08,1625449482.0,64.0
26.46,1625449482.0,64.0
33.52,1625449482.0,64.0
38.75,1625449482.0,64.0
41.81,1625449482.0,64.0
42.76,1625449482.0,64.0
42.15,1625449482.0,64.0
40.83,1625449482.0,64.0
39.63,1625449482.0,64.0
39.01,1625449482.0,64.0
39.01,1625449482.0,64.0
39.27,1625449482.0,64.0
39.29,1625449482.0,64.0
38.66,1625449482.0,64.0
37.17,1625449482.0,64.0
34.81,1625449482.0,64.0
31.7,1625449482.0,64.0
28.02,1625449482.0,64.0
23.97,1625449482.0,64.0
19.76,1625449482.0,64.0
15.61,1625449482.0,64.0
11.75,1625449482.0,64.0
8.31,1625449482.0,64.0
5.26,1625449482.0,64.0
2.47,1625449482.0,64.0
-0.26,1625449482.0,64.0
-3.13,1625449482.0,64.0
-6.2,1625449482.0,64.0
-9.4,1625449482.0,64.0
-12.62,1625449482.0,64.0
-15.74,1625449482.0,64.0
-18.77,1625449482.0,64.0
-21.84,1625449482.0,64.0
-25.11,1625449482.0,64.0
-28.73,1625449482.0,64.0
-32.76,1625449482.0,64.0
-37.14,1625449482.0,64.0
-41.77,1625449482.0,64.0
-46.49,1625449482.0,64.0
-51.01,1625449482.0,64.0
-54.81,1625449482.0,64.0
-57.21,1625449482.0,64.0
-57.42,1625449482.0,64.0
-54.84,1625449482.0,64.0
-49.38,1625449482.0,64.0
-41.47,1625449482.0,64.0
-31.93,1625449482.0,64.0
-21.69,1625449482.0,64.0
-11.4,1625449482.0,64.0
-1.36,1625449482.0,64.0
8.37,1625449482.0,64.0
17.72,1625449482.0,64.0
26.37,1625449482.0,64.0
33.8,1625449482.0,64.0
39.45,1625449482.0,64.0
43.04,1625449482.0,64.0
44.72,1625449482.0,64.0
45.02,1625449482.0,64.0
44.61,1625449482.0,64.0
44.05,1625449482.0,64.0
43.65,1625449482.0,64.0
43.42,1625449482.0,64.0
43.22,1625449482.0,64.0
42.81,1625449482.0,64.0
42.0,1625449482.0,64.0
40.58,1625449482.0,64.0
38.47,1625449482.0,64.0
35.63,1625449482.0,64.0
32.11,1625449482.0,64.0
28.05,1625449482.0,64.0
23.57,1625449482.0,64.0
18.77,1625449482.0,64.0
13.7,1625449482.0,64.0
8.4,1625449482.0,64.0
2.94,1625449482.0,64.0
-2.47,1625449482.0,64.0
-7.59,1625449482.0,64.0
-12.21,1625449482.0,64.0
-16.17,1625449482.0,64.0
-19.44,1625449482.0,64.0
-22.03,1625449482.0,64.0
-24.01,1625449482.0,64.0
-25.48,1625449482.0,64.0
-26.66,1625449482.0,64.0
-27.91,1625449482.0,64.0
-29.66,1625449482.0,64.0
-32.33,1625449482.0,64.0
-36.13,1625449482.0,64.0
-41.07,1625449482.0,64.0
-46.9,1625449482.0,64.0
-53.18,1625449482.0,64.0
-59.33,1625449482.0,64.0
-64.64,1625449482.0,64.0
-68.3,1625449482.0,64.0
-69.52,1625449482.0,64.0
-67.71,1625449482.0,64.0
-62.65,1625449482.0,64.0
-54.61,1625449482.0,64.0
-44.24,1625449482.0,64.0
-32.35,1625449482.0,64.0
-19.64,1625449482.0,64.0
-6.67,1625449482.0,64.0
6.2,1625449482.0,64.0
18.52,1625449482.0,64.0
29.75,1625449482.0,64.0
39.23,1625449482.0,64.0
46.39,1625449482.0,64.0
50.95,1625449482.0,64.0
53.05,1625449482.0,64.0
53.2,1625449482.0,64.0
52.13,1625449482.0,64.0
50.54,1625449482.0,64.0
48.99,1625449482.0,64.0
47.76,1625449482.0,64.0
46.87,1625449482.0,64.0
46.12,1625449482.0,64.0
45.18,1625449482.0,64.0
43.69,1625449482.0,64.0
41.39,1625449482.0,64.0
38.23,1625449482.0,64.0
34.34,1625449482.0,64.0
30.0,1625449482.0,64.0
25.52,1625449482.0,64.0
21.12,1625449482.0,64.0
16.85,1625449482.0,64.0
12.71,1625449482.0,64.0
8.71,1625449482.0,64.0
4.94,1625449482.0,64.0
1.51,1625449482.0,64.0
-1.56,1625449482.0,64.0
-4.4,1625449482.0,64.0
-7.28,1625449482.0,64.0
-10.38,1625449482.0,64.0
-13.74,1625449482.0,64.0
-17.1,1625449482.0,64.0
-20.17,1625449482.0,64.0
-22.75,1625449482.0,64.0
-24.93,1625449482.0,64.0
-27.07,1625449482.0,64.0
-29.6,1625449482.0,64.0
-32.87,1625449482.0,64.0
-36.98,1625449482.0,64.0
-41.78,1625449482.0,64.0
-46.92,1625449482.0,64.0
-51.88,1625449482.0,64.0
-56.03,1625449482.0,64.0
-58.63,1625449482.0,64.0
-58.91,1625449482.0,64.0
-56.29,1625449482.0,64.0
-50.64,1625449482.0,64.0
-42.3,1625449482.0,64.0
-32.1,1625449482.0,64.0
-21.04,1625449482.0,64.0
-10.01,1625449482.0,64.0
0.4,1625449482.0,64.0
9.86,1625449482.0,64.0
18.14,1625449482.0,64.0
24.99,1625449482.0,64.0
30.07,1625449482.0,64.0
33.16,1625449482.0,64.0
34.29,1625449482.0,64.0
33.96,1625449482.0,64.0
32.92,1625449482.0,64.0
31.95,1625449482.0,64.0
31.53,1625449482.0,64.0
31.64,1625449482.0,64.0
31.88,1625449482.0,64.0
31.71,1625449482.0,64.0
30.76,1625449482.0,64.0
28.96,1625449482.0,64.0
26.57,1625449482.0,64.0
23.88,1625449482.0,64.0
21.08,1625449482.0,64.0
18.2,1625449482.0,64.0
15.14,1625449482.0,64.0
11.84,1625449482.0,64.0
8.34,1625449482.0,64.0
4.9,1625449482.0,64.0
1.8,1625449482.0,64.0
-0.75,1625449482.0,64.0
-2.74,1625449482.0,64.0
-4.4,1625449482.0,64.0
-6.12,1625449482.0,64.0
-8.27,1625449482.0,64.0
-11.05,1625449482.0,64.0
-14.4,1625449482.0,64.0
-18.03,1625449482.0,64.0
-21.52,1625449482.0,64.0
-24.56,1625449482.0,64.0
-26.97,1625449482.0,64.0
-28.72,1625449482.0,64.0
-29.92,1625449482.0,64.0
-30.79,1625449482.0,64.0
-31.6,1625449482.0,64.0
-32.74,1625449482.0,64.0
-34.55,1625449482.0,64.0
-37.11,1625449482.0,64.0
-40.06,1625449482.0,64.0
-42.55,1625449482.0,64.0
-43.47,1625449482.0,64.0
-41.86,1625449482.0,64.0
-37.34,1625449482.0,64.0
-30.31,1625449482.0,64.0
-21.79,1625449482.0,64.0
-12.98,1625449482.0,64.0
-4.76,1625449482.0,64.0
2.54,1625449482.0,64.0
9.08,1625449482.0,64.0
15.15,1625449482.0,64.0
20.87,1625449482.0,64.0
25.98,1625449482.0,64.0
30.05,1625449482.0,64.0
32.76,1625449482.0,64.0
34.14,1625449482.0,64.0
34.57,1625449482.0,64.0
34.58,1625449482.0,64.0
34.57,1625449482.0,64.0
34.55,1625449482.0,64.0
34.21,1625449482.0,64.0
33.1,1625449482.0,64.0
30.92,1625449482.0,64.0
27.64,1625449482.0,64.0
23.51,1625449482.0,64.0
18.97,1625449482.0,64.0
14.45,1625449482.0,64.0
10.32,1625449482.0,64.0
6.8,1625449482.0,64.0
3.97,1625449482.0,64.0
1.83,1625449482.0,64.0
0.27,1625449482.0,64.0
-0.85,1625449482.0,64.0
-1.67,1625449482.0,64.0
-2.31,1625449482.0,64.0
-2.84,1625449482.0,64.0
-3.33,1625449482.0,64.0
-3.91,1625449482.0,64.0
-4.74,1625449482.0,64.0
-6.07,1625449482.0,64.0
-8.09,1625449482.0,64.0
-10.88,1625449482.0,64.0
-14.37,1625449482.0,64.0
-18.34,1625449482.0,64.0
-22.53,1625449482.0,64.0
-26.73,1625449482.0,64.0
-30.81,1625449482.0,64.0
-34.66,1625449482.0,64.0
-38.05,1625449482.0,64.0
-40.56,1625449482.0,64.0
-41.59,1625449482.0,64.0
-40.54,1625449482.0,64.0
-37.02,1625449482.0,64.0
-31.09,1625449482.0,64.0
-23.24,1625449482.0,64.0
-14.27,1625449482.0,64.0
-4.97,1625449482.0,64.0
4.07,1625449482.0,64.0
12.55,1625449482.0,64.0
20.35,1625449482.0,64.0
27.33,1625449482.0,64.0
33.18,1625449482.0,64.0
37.54,1625449482.0,64.0
40.08,1625449482.0,64.0
40.75,1625449482.0,64.0
39.88,1625449482.0,64.0
38.09,1625449482.0,64.0
36.1,1625449482.0,64.0
34.48,1625449482.0,64.0
33.46,1625449482.0,64.0
32.93,1625449482.0,64.0
32.53,1625449482.0,64.0
31.84,1625449482.0,64.0
30.52,1625449482.0,64.0
28.46,1625449482.0,64.0
25.67,1625449482.0,64.0
22.33,1625449482.0,64.0
18.63,1625449482.0,64.0
14.75,1625449482.0,64.0
10.83,1625449482.0,64.0
6.99,1625449482.0,64.0
3.36,1625449482.0,64.0
0.04,1625449482.0,64.0
-2.94,1625449482.0,64.0
-5.58,1625449482.0,64.0
-7.96,1625449482.0,64.0
-10.14,1625449482.0,64.0
-12.2,1625449482.0,64.0
-14.14,1625449482.0,64.0
-16.01,1625449482.0,64.0
-17.9,1625449482.0,64.0
-20.01,1625449482.0,64.0
-22.54,1625449482.0,64.0
-25.64,1625449482.0,64.0
-29.37,1625449482.0,64.0
-33.63,1625449482.0,64.0
-38.24,1625449482.0,64.0
-42.92,1625449482.0,64.0
-47.23,1625449482.0,64.0
-50.56,1625449482.0,64.0
-52.17,1625449482.0,64.0
-51.31,1625449482.0,64.0
-47.48,1625449482.0,64.0
-40.62,1625449482.0,64.0
-31.23,1625449482.0,64.0
-20.22,1625449482.0,64.0
-8.66,1625449482.0,64.0
2.55,1625449482.0,64.0
12.83,1625449482.0,64.0
21.95,1625449482.0,64.0
29.82,1625449482.0,64.0
36.37,1625449482.0,64.0
41.4,1625449482.0,64.0
44.72,1625449482.0,64.0
46.23,1625449482.0,64.0
46.11,1625449482.0,64.0
44.79,1625449482.0,64.0
42.82,1625449482.0,64.0
40.69,1625449482.0,64.0
38.66,1625449482.0,64.0
36.76,1625449482.0,64.0
34.92,1625449482.0,64.0
33.1,1625449482.0,64.0
31.45,1625449482.0,64.0
30.18,1625449482.0,64.0
29.53,1625449482.0,64.0
29.49,1625449482.0,64.0
29.74,1625449482.0,64.0
29.66,1625449482.0,64.0
28.56,1625449482.0,64.0
25.84,1625449482.0,64.0
21.3,1625449482.0,64.0
15.19,1625449482.0,64.0
8.09,1625449482.0,64.0
0.68,1625449482.0,64.0
-6.6,1625449482.0,64.0
-13.63,1625449482.0,64.0
-20.53,1625449482.0,64.0
-27.35,1625449482.0,64.0
-33.88,1625449482.0,64.0
-39.52,1625449482.0,64.0
-43.6,1625449482.0,64.0
-45.65,1625449482.0,64.0
-45.81,1625449482.0,64.0
-44.77,1625449482.0,64.0
-43.63,1625449482.0,64.0
-43.46,1625449482.0,64.0
-44.87,1625449482.0,64.0
-47.85,1625449482.0,64.0
-51.73,1625449482.0,64.0
-55.4,1625449482.0,64.0
-57.68,1625449482.0,64.0
-57.63,1625449482.0,64.0
-54.76,1625449482.0,64.0
-49.12,1625449482.0,64.0
-41.22,1625449482.0,64.0
-31.77,1625449482.0,64.0
-21.48,1625449482.0,64.0
-10.93,1625449482.0,64.0
-0.5,1625449482.0,64.0
9.5,1625449482.0,64.0
18.75,1625449482.0,64.0
26.89,1625449482.0,64.0
33.6,1625449482.0,64.0
38.67,1625449482.0,64.0
42.18,1625449482.0,64.0
44.45,1625449482.0,64.0
45.94,1625449482.0,64.0
47.08,1625449482.0,64.0
48.13,1625449482.0,64.0
49.01,1625449482.0,64.0
49.47,1625449482.0,64.0
49.11,1625449482.0,64.0
47.6,1625449482.0,64.0
44.84,1625449482.0,64.0
40.95,1625449482.0,64.0
36.28,1625449482.0,64.0
31.28,1625449482.0,64.0
26.37,1625449482.0,64.0
21.82,1625449482.0,64.0
17.74,1625449482.0,64.0
14.08,1625449482.0,64.0
10.72,1625449482.0,64.0
7.52,1625449482.0,64.0
4.44,1625449482.0,64.0
1.5,1625449482.0,64.0
-1.27,1625449482.0,64.0
-3.89,1625449482.0,64.0
-6.47,1625449482.0,64.0
-9.14,1625449482.0,64.0
-12.01,1625449482.0,64.0
-15.12,1625449482.0,64.0
-18.42,1625449482.0,64.0
-21.85,1625449482.0,64.0
-25.3,1625449482.0,64.0
-28.76,1625449482.0,64.0
-32.27,1625449482.0,64.0
-35.92,1625449482.0,64.0
-39.87,1625449482.0,64.0
-44.19,1625449482.0,64.0
-48.74,1625449482.0,64.0
-53.04,1625449482.0,64.0
-56.26,1625449482.0,64.0
-57.39,1625449482.0,64.0
-55.57,1625449482.0,64.0
-50.44,1625449482.0,64.0
-42.31,1625449482.0,64.0
-32.07,1625449482.0,64.0
-20.8,1625449482.0,64.0
-9.42,1625449482.0,64.0
1.55,1625449482.0,64.0
11.93,1625449482.0,64.0
21.67,1625449482.0,64.0
30.51,1625449482.0,64.0
37.96,1625449482.0,64.0
43.45,1625449482.0,64.0
46.63,1625449482.0,64.0
47.65,1625449482.0,64.0
47.12,1625449482.0,64.0
45.95,1625449482.0,64.0
44.89,1625449482.0,64.0
44.3,1625449482.0,64.0
44.07,1625449482.0,64.0
43.74,1625449482.0,64.0
42.82,1625449482.0,64.0
40.99,1625449482.0,64.0
38.23,1625449482.0,64.0
34.7,1625449482.0,64.0
30.67,1625449482.0,64.0
26.32,1625449482.0,64.0
21.77,1625449482.0,64.0
17.12,1625449482.0,64.0
12.51,1625449482.0,64.0
8.13,1625449482.0,64.0
4.15,1625449482.0,64.0
0.66,1625449482.0,64.0
-2.41,1625449482.0,64.0
-5.23,1625449482.0,64.0
-8.01,1625449482.0,64.0
-10.86,1625449482.0,64.0
-13.73,1625449482.0,64.0
-16.53,1625449482.0,64.0
-19.15,1625449482.0,64.0
-21.6,1625449482.0,64.0
-23.97,1625449482.0,64.0
-26.42,1625449482.0,64.0
-29.03,1625449482.0,64.0
-31.8,1625449482.0,64.0
-34.68,1625449482.0,64.0
-37.71,1625449482.0,64.0
-41.01,1625449482.0,64.0
-44.66,1625449482.0,64.0
-48.54,1625449482.0,64.0
-52.06,1625449482.0,64.0
-54.28,1625449482.0,64.0
-54.15,1625449482.0,64.0
-50.93,1625449482.0,64.0
-44.55,1625449482.0,64.0
-35.66,1625449482.0,64.0
-25.43,1625449482.0,64.0
-15.01,1625449482.0,64.0
-5.24,1625449482.0,64.0
3.52,1625449482.0,64.0
11.23,1625449482.0,64.0
17.84,1625449482.0,64.0
23.07,1625449482.0,64.0
26.48,1625449482.0,64.0
27.75,1625449482.0,64.0
26.97,1625449482.0,64.0
24.79,1625449482.0,64.0
22.24,1625449482.0,64.0
20.42,1625449482.0,64.0
20.02,1625449482.0,64.0
21.14,1625449482.0,64.0
23.34,1625449482.0,64.0
25.84,1625449482.0,64.0
27.88,1625449482.0,64.0
28.99,1625449482.0,64.0
28.98,1625449482.0,64.0
27.9,1625449482.0,64.0
25.81,1625449482.0,64.0
22.74,1625449482.0,64.0
18.66,1625449482.0,64.0
13.59,1625449482.0,64.0
7.73,1625449482.0,64.0
1.5,1625449482.0,64.0
-4.55,1625449482.0,64.0
-9.88,1625449482.0,64.0
-14.13,1625449482.0,64.0
-17.2,1625449482.0,64.0
-19.22,1625449482.0,64.0
-20.43,1625449482.0,64.0
-21.1,1625449482.0,64.0
-21.5,1625449482.0,64.0
-21.86,1625449482.0,64.0
-22.39,1625449482.0,64.0
-23.25,1625449482.0,64.0
-24.5,1625449482.0,64.0
-26.09,1625449482.0,64.0
-27.96,1625449482.0,64.0
-30.06,1625449482.0,64.0
-32.48,1625449482.0,64.0
-35.28,1625449482.0,64.0
-38.36,1625449482.0,64.0
-41.32,1625449482.0,64.0
-43.43,1625449482.0,64.0
-43.8,1625449482.0,64.0
-41.72,1625449482.0,64.0
-36.93,1625449482.0,64.0
-29.7,1625449482.0,64.0
-20.76,1625449482.0,64.0
-10.95,1625449482.0,64.0
-1.05,1625449482.0,64.0
8.42,1625449482.0,64.0
17.07,1625449482.0,64.0
24.56,1625449482.0,64.0
30.49,1625449482.0,64.0
34.55,1625449482.0,64.0
36.64,1625449482.0,64.0
37.03,1625449482.0,64.0
36.35,1625449482.0,64.0
35.41,1625449482.0,64.0
34.9,1625449482.0,64.0
35.12,1625449482.0,64.0
35.88,1625449482.0,64.0
36.63,1625449482.0,64.0
36.7,1625449482.0,64.0
35.63,1625449482.0,64.0
33.33,1625449482.0,64.0
30.09,1625449482.0,64.0
26.34,1625449482.0,64.0
22.53,1625449482.0,64.0
18.91,1625449482.0,64.0
15.57,1625449482.0,64.0
12.47,1625449482.0,64.0
9.57,1625449482.0,64.0
6.85,1625449482.0,64.0
4.28,1625449482.0,64.0
1.83,1625449482.0,64.0
-0.59,1625449482.0,64.0
-3.09,1625449482.0,64.0
-5.7,1625449482.0,64.0
-8.41,1625449482.0,64.0
-11.12,1625449482.0,64.0
-13.74,1625449482.0,64.0
-16.25,1625449482.0,64.0
-18.71,1625449482.0,64.0
-21.23,1625449482.0,64.0
-23.92,1625449482.0,64.0
-26.92,1625449482.0,64.0
-30.28,1625449482.0,64.0
-33.97,1625449482.0,64.0
-37.72,1625449482.0,64.0
-40.96,1625449482.0,64.0
-42.87,1625449482.0,64.0
-42.62,1625449482.0,64.0
-39.66,1625449482.0,64.0
-33.93,1625449482.0,64.0
-25.99,1625449482.0,64.0
-16.75,1625449482.0,64.0
-7.2,1625449482.0,64.0
2.01,1625449482.0,64.0
10.58,1625449482.0,64.0
18.49,1625449482.0,64.0
25.62,1625449482.0,64.0
31.68,1625449482.0,64.0
36.13,1625449482.0,64.0
38.5,1625449482.0,64.0
38.74,1625449482.0,64.0
37.33,1625449482.0,64.0
35.21,1625449482.0,64.0
33.35,1625449482.0,64.0
32.44,1625449482.0,64.0
32.54,1625449482.0,64.0
33.21,1625449482.0,64.0
33.76,1625449482.0,64.0
33.59,1625449482.0,64.0
32.43,1625449482.0,64.0
30.35,1625449482.0,64.0
27.59,1625449482.0,64.0
24.44,1625449482.0,64.0
21.13,1625449482.0,64.0
17.79,1625449482.0,64.0
14.5,1625449482.0,64.0
11.34,1625449482.0,64.0
8.38,1625449482.0,64.0
5.66,1625449482.0,64.0
3.21,1625449482.0,64.0
1.03,1625449482.0,64.0
-0.93,1625449482.0,64.0
-2.75,1625449482.0,64.0
-4.58,1625449482.0,64.0
-6.61,1625449482.0,64.0
-9.06,1625449482.0,64.0
-12.16,1625449482.0,64.0
-16.02,1625449482.0,64.0
-20.71,1625449482.0,64.0
-26.14,1625449482.0,64.0
-32.23,1625449482.0,64.0
-38.76,1625449482.0,64.0
-45.45,1625449482.0,64.0
-51.8,1625449482.0,64.0
-57.09,1625449482.0,64.0
-60.48,1625449482.0,64.0
-61.1,1625449482.0,64.0
-58.42,1625449482.0,64.0
-52.41,1625449482.0,64.0
-43.63,1625449482.0,64.0
-33.07,1625449482.0,64.0
-21.93,1625449482.0,64.0
-11.15,1625449482.0,64.0
-1.25,1625449482.0,64.0
7.69,1625449482.0,64.0
15.8,1625449482.0,64.0
23.12,1625449482.0,64.0
29.44,1625449482.0,64.0
34.32,1625449482.0,64.0
37.4,1625449482.0,64.0
38.63,1625449482.0,64.0
38.37,1625449482.0,64.0
37.35,1625449482.0,64.0
36.27,1625449482.0,64.0
35.59,1625449482.0,64.0
35.35,1625449482.0,64.0
35.25,1625449482.0,64.0
34.94,1625449482.0,64.0
34.18,1625449482.0,64.0
33.01,1625449482.0,64.0
31.57,1625449482.0,64.0
30.03,1625449482.0,64.0
28.34,1625449482.0,64.0
26.3,1625449482.0,64.0
23.63,1625449482.0,64.0
20.19,1625449482.0,64.0
16.06,1625449482.0,64.0
11.57,1625449482.0,64.0
7.22,1625449482.0,64.0
3.45,1625449482.0,64.0
0.49,1625449482.0,64.0
-1.72,1625449482.0,64.0
-3.49,1625449482.0,64.0
-5.24,1625449482.0,64.0
-7.26,1625449482.0,64.0
-9.67,1625449482.0,64.0
-12.43,1625449482.0,64.0
-15.4,1625449482.0,64.0
-18.5,1625449482.0,64.0
-21.72,1625449482.0,64.0
-25.11,1625449482.0,64.0
-28.73,1625449482.0,64.0
-32.62,1625449482.0,64.0
-36.79,1625449482.0,64.0
-41.19,1625449482.0,64.0
-45.63,1625449482.0,64.0
-49.68,1625449482.0,64.0
-52.63,1625449482.0,64.0
-53.65,1625449482.0,64.0
-51.96,1625449482.0,64.0
-47.2,1625449482.0,64.0
-39.56,1625449482.0,64.0
-29.72,1625449482.0,64.0
-18.65,1625449482.0,64.0
-7.25,1625449482.0,64.0
3.84,1625449482.0,64.0
14.26,1625449482.0,64.0
23.76,1625449482.0,64.0
32.03,1625449482.0,64.0
38.69,1625449482.0,64.0
43.34,1625449482.0,64.0
45.81,1625449482.0,64.0
46.33,1625449482.0,64.0
45.47,1625449482.0,64.0
44.0,1625449482.0,64.0
42.57,1625449482.0,64.0
41.51,1625449482.0,64.0
40.75,1625449482.0,64.0
39.96,1625449482.0,64.0
38.76,1625449482.0,64.0
36.89,1625449482.0,64.0
34.33,1625449482.0,64.0
31.26,1625449482.0,64.0
27.92,1625449482.0,64.0
24.51,1625449482.0,64.0
21.15,1625449482.0,64.0
17.81,1625449482.0,64.0
14.47,1625449482.0,64.0
11.06,1625449482.0,64.0
7.62,1625449482.0,64.0
4.25,1625449482.0,64.0
1.1,1625449482.0,64.0
-1.77,1625449482.0,64.0
-4.41,1625449482.0,64.0
-7.0,1625449482.0,64.0
-9.72,1625449482.0,64.0
-12.71,1625449482.0,64.0
-15.94,1625449482.0,64.0
-19.27,1625449482.0,64.0
-22.55,1625449482.0,64.0
-25.73,1625449482.0,64.0
-28.83,1625449482.0,64.0
-32.0,1625449482.0,64.0
-35.38,1625449482.0,64.0
-39.08,1625449482.0,64.0
-43.11,1625449482.0,64.0
-47.36,1625449482.0,64.0
-51.5,1625449482.0,64.0
-54.92,1625449482.0,64.0
-56.78,1625449482.0,64.0
-56.15,1625449482.0,64.0
-52.26,1625449482.0,64.0
-44.82,1625449482.0,64.0
-34.15,1625449482.0,64.0
-21.19,1625449482.0,64.0
-7.13,1625449482.0,64.0
6.79,1625449482.0,64.0
19.6,1625449482.0,64.0
30.65,1625449482.0,64.0
39.52,1625449482.0,64.0
45.91,1625449482.0,64.0
49.65,1625449482.0,64.0
50.71,1625449482.0,64.0
49.33,1625449482.0,64.0
46.15,1625449482.0,64.0
42.05,1625449482.0,64.0
37.96,1625449482.0,64.0
34.58,1625449482.0,64.0
32.22,1625449482.0,64.0
30.71,1625449482.0,64.0
29.68,1625449482.0,64.0
28.67,1625449482.0,64.0
27.43,1625449482.0,64.0
25.88,1625449482.0,64.0
24.1,1625449482.0,64.0
22.18,1625449482.0,64.0
20.18,1625449482.0,64.0
18.06,1625449482.0,64.0
15.75,1625449482.0,64.0
13.13,1625449482.0,64.0
10.11,1625449482.0,64.0
6.6,1625449482.0,64.0
2.6,1625449482.0,64.0
-1.79,1625449482.0,64.0
-6.35,1625449482.0,64.0
-10.81,1625449482.0,64.0
-14.92,1625449482.0,64.0
-18.53,1625449482.0,64.0
-21.57,1625449482.0,64.0
-24.06,1625449482.0,64.0
-26.01,1625449482.0,64.0
-27.46,1625449482.0,64.0
-28.52,1625449482.0,64.0
-29.37,1625449482.0,64.0
-30.29,1625449482.0,64.0
-31.63,1625449482.0,64.0
-33.62,1625449482.0,64.0
-36.38,1625449482.0,64.0
-39.81,1625449482.0,64.0
-43.63,1625449482.0,64.0
-47.34,1625449482.0,64.0
-50.3,1625449482.0,64.0
-51.79,1625449482.0,64.0
-51.14,1625449482.0,64.0
-47.92,1625449482.0,64.0
-42.08,1625449482.0,64.0
-33.99,1625449482.0,64.0
-24.29,1625449482.0,64.0
-13.73,1625449482.0,64.0
-2.95,1625449482.0,64.0
7.55,1625449482.0,64.0
17.33,1625449482.0,64.0
25.92,1625449482.0,64.0
32.81,1625449482.0,64.0
37.56,1625449482.0,64.0
40.08,1625449482.0,64.0
40.72,1625449482.0,64.0
40.18,1625449482.0,64.0
39.28,1625449482.0,64.0
38.6,1625449482.0,64.0
38.33,1625449482.0,64.0
38.16,1625449482.0,64.0
37.66,1625449482.0,64.0
36.4,1625449482.0,64.0
34.23,1625449482.0,64.0
31.29,1625449482.0,64.0
27.85,1625449482.0,64.0
24.19,1625449482.0,64.0
20.51,1625449482.0,64.0
16.86,1625449482.0,64.0
13.25,1625449482.0,64.0
9.67,1625449482.0,64.0
6.17,1625449482.0,64.0
2.85,1625449482.0,64.0
-0.17,1625449482.0,64.0
-2.83,1625449482.0,64.0
-5.16,1625449482.0,64.0
-7.31,1625449482.0,64.0
-9.42,1625449482.0,64.0
-11.64,1625449482.0,64.0
-13.99,1625449482.0,64.0
-16.45,1625449482.0,64.0
-19.0,1625449482.0,64.0
-21.7,1625449482.0,64.0
-24.66,1625449482.0,64.0
-27.95,1625449482.0,64.0
-31.46,1625449482.0,64.0
-34.99,1625449482.0,64.0
-38.27,1625449482.0,64.0
-41.25,1625449482.0,64.0
-44.07,1625449482.0,64.0
-47.01,1625449482.0,64.0
-50.2,1625449482.0,64.0
-53.37,1625449482.0,64.0
-55.77,1625449482.0,64.0
-56.36,1625449482.0,64.0
-54.22,1625449482.0,64.0
-48.97,1625449482.0,64.0
-40.93,1625449482.0,64.0
-30.96,1625449482.0,64.0
-20.21,1625449482.0,64.0
-9.65,1625449482.0,64.0
0.06,1625449482.0,64.0
8.6,1625449482.0,64.0
15.74,1625449482.0,64.0
21.29,1625449482.0,64.0
25.04,1625449482.0,64.0
26.91,1625449482.0,64.0
27.14,1625449482.0,64.0
26.28,1625449482.0,64.0
25.09,1625449482.0,64.0
24.25,1625449482.0,64.0
24.13,1625449482.0,64.0
24.62,1625449482.0,64.0
25.33,1625449482.0,64.0
25.77,1625449482.0,64.0
25.61,1625449482.0,64.0
24.79,1625449482.0,64.0
23.42,1625449482.0,64.0
21.66,1625449482.0,64.0
19.58,1625449482.0,64.0
17.14,1625449482.0,64.0
14.34,1625449482.0,64.0
11.3,1625449482.0,64.0
8.33,1625449482.0,64.0
5.8,1625449482.0,64.0
3.98,1625449482.0,64.0
2.83,1625449482.0,64.0
1.95,1625449482.0,64.0
0.73,1625449482.0,64.0
-1.47,1625449482.0,64.0
-5.06,1625449482.0,64.0
-10.02,1625449482.0,64.0
-15.94,1625449482.0,64.0
-22.09,1625449482.0,64.0
-27.63,1625449482.0,64.0
-31.87,1625449482.0,64.0
-34.38,1625449482.0,64.0
-35.18,1625449482.0,64.0
-34.74,1625449482.0,64.0
-33.88,1625449482.0,64.0
-33.45,1625449482.0,64.0
-34.09,1625449482.0,64.0
-35.89,1625449482.0,64.0
-38.3,1625449482.0,64.0
-40.34,1625449482.0,64.0
-40.95,1625449482.0,64.0
-39.35,1625449482.0,64.0
-35.32,1625449482.0,64.0
-29.17,1625449482.0,64.0
-21.48,1625449482.0,64.0
-12.9,1625449482.0,64.0
-3.94,1625449482.0,64.0
5.06,1625449482.0,64.0
13.74,1625449482.0,64.0
21.65,1625449482.0,64.0
28.29,1625449482.0,64.0
33.23,1625449482.0,64.0
36.39,1625449482.0,64.0
38.1,1625449482.0,64.0
39.0,1625449482.0,64.0
39.82,1625449482.0,64.0
40.99,1625449482.0,64.0
42.47,1625449482.0,64.0
43.81,1625449482.0,64.0
44.37,1625449482.0,64.0
43.67,1625449482.0,64.0
41.61,1625449482.0,64.0
38.47,1625449482.0,64.0
34.72,1625449482.0,64.0
30.76,1625449482.0,64.0
26.76,1625449482.0,64.0
22.67,1625449482.0,64.0
18.4,1625449482.0,64.0
13.98,1625449482.0,64.0
9.64,1625449482.0,64.0
5.72,1625449482.0,64.0
2.45,1625449482.0,64.0
-0.15,1625449482.0,64.0
-2.28,1625449482.0,64.0
-4.24,1625449482.0,64.0
-6.28,1625449482.0,64.0
-8.49,1625449482.0,64.0
-10.86,1625449482.0,64.0
-13.4,1625449482.0,64.0
-16.2,1625449482.0,64.0
-19.39,1625449482.0,64.0
-23.07,1625449482.0,64.0
-27.2,1625449482.0,64.0
-31.64,1625449482.0,64.0
-36.2,1625449482.0,64.0
-40.68,1625449482.0,64.0
-44.87,1625449482.0,64.0
-48.37,1625449482.0,64.0
-50.58,1625449482.0,64.0
-50.76,1625449482.0,64.0
-48.28,1625449482.0,64.0
-42.95,1625449482.0,64.0
-35.11,1625449482.0,64.0
-25.57,1625449482.0,64.0
-15.25,1625449482.0,64.0
-4.86,1625449482.0,64.0
5.22,1625449482.0,64.0
14.88,1625449482.0,64.0
23.95,1625449482.0,64.0
32.09,1625449482.0,64.0
38.73,1625449482.0,64.0
43.39,1625449482.0,64.0
45.9,1625449482.0,64.0
46.54,1625449482.0,64.0
45.97,1625449482.0,64.0
44.92,1625449482.0,64.0
43.92,1625449482.0,64.0
43.14,1625449482.0,64.0
42.46,1625449482.0,64.0
41.56,1625449482.0,64.0
40.18,1625449482.0,64.0
38.19,1625449482.0,64.0
35.62,1625449482.0,64.0
32.57,1625449482.0,64.0
29.21,1625449482.0,64.0
25.68,1625449482.0,64.0
22.08,1625449482.0,64.0
18.48,1625449482.0,64.0
14.9,1625449482.0,64.0
11.35,1625449482.0,64.0
7.87,1625449482.0,64.0
4.46,1625449482.0,64.0
1.17,1625449482.0,64.0
-1.99,1625449482.0,64.0
-5.02,1625449482.0,64.0
-7.99,1625449482.0,64.0
-10.98,1625449482.0,64.0
-14.11,1625449482.0,64.0
-17.43,1625449482.0,64.0
-20.99,1625449482.0,64.0
-24.74,1625449482.0,64.0
-28.64,1625449482.0,64.0
-32.67,1625449482.0,64.0
-36.91,1625449482.0,64.0
-41.45,1625449482.0,64.0
-46.34,1625449482.0,64.0
-51.4,1625449482.0,64.0
-56.17,1625449482.0,64.0
-59.87,1625449482.0,64.0
-61.62,1625449482.0,64.0
-60.64,1625449482.0,64.0
-56.58,1625449482.0,64.0
-49.61,1625449482.0,64.0
-40.39,1625449482.0,64.0
-29.83,1625449482.0,64.0
-18.75,1625449482.0,64.0
-7.7,1625449482.0,64.0
3.07,1625449482.0,64.0
13.47,1625449482.0,64.0
23.23,1625449482.0,64.0
31.89,1625449482.0,64.0
38.82,1625449482.0,64.0
43.48,1625449482.0,64.0
45.77,1625449482.0,64.0
46.06,1625449482.0,64.0
45.14,1625449482.0,64.0
43.91,1625449482.0,64.0
43.05,1625449482.0,64.0
42.83,1625449482.0,64.0
43.14,1625449482.0,64.0
43.6,1625449482.0,64.0
43.77,1625449482.0,64.0
43.29,1625449482.0,64.0
41.87,1625449482.0,64.0
39.41,1625449482.0,64.0
35.93,1625449482.0,64.0
31.6,1625449482.0,64.0
26.73,1625449482.0,64.0
21.63,1625449482.0,64.0
16.56,1625449482.0,64.0
11.65,1625449482.0,64.0
6.92,1625449482.0,64.0
2.32,1625449482.0,64.0
-2.16,1625449482.0,64.0
-6.49,1625449482.0,64.0
-10.56,1625449482.0,64.0
-14.25,1625449482.0,64.0
-17.4,1625449482.0,64.0
-19.89,1625449482.0,64.0
-21.62,1625449482.0,64.0
-22.62,1625449482.0,64.0
-23.09,1625449482.0,64.0
-23.46,1625449482.0,64.0
-24.3,1625449482.0,64.0
-26.23,1625449482.0,64.0
-29.69,1625449482.0,64.0
-34.84,1625449482.0,64.0
-41.47,1625449482.0,64.0
-49.02,1625449482.0,64.0
-56.67,1625449482.0,64.0
-63.38,1625449482.0,64.0
-68.03,1625449482.0,64.0
-69.61,1625449482.0,64.0
-67.42,1625449482.0,64.0
-61.28,1625449482.0,64.0
-51.61,1625449482.0,64.0
-39.37,1625449482.0,64.0
-25.78,1625449482.0,64.0
-11.93,1625449482.0,64.0
1.37,1625449482.0,64.0
13.69,1625449482.0,64.0
24.85,1625449482.0,64.0
34.62,1625449482.0,64.0
42.7,1625449482.0,64.0
48.67,1625449482.0,64.0
52.28,1625449482.0,64.0
53.6,1625449482.0,64.0
53.09,1625449482.0,64.0
51.55,1625449482.0,64.0
49.73,1625449482.0,64.0
48.17,1625449482.0,64.0
46.98,1625449482.0,64.0
45.92,1625449482.0,64.0
44.59,1625449482.0,64.0
42.63,1625449482.0,64.0
39.9,1625449482.0,64.0
36.51,1625449482.0,64.0
32.75,1625449482.0,64.0
28.92,1625449482.0,64.0
25.27,1625449482.0,64.0
21.82,1625449482.0,64.0
18.5,1625449482.0,64.0
15.14,1625449482.0,64.0
11.68,1625449482.0,64.0
8.15,1625449482.0,64.0
4.69,1625449482.0,64.0
1.44,1625449482.0,64.0
-1.56,1625449482.0,64.0
-4.45,1625449482.0,64.0
-7.44,1625449482.0,64.0
-10.69,1625449482.0,64.0
-14.2,1625449482.0,64.0
-17.73,1625449482.0,64.0
-20.99,1625449482.0,64.0
-23.78,1625449482.0,64.0
-26.13,1625449482.0,64.0
-28.3,1625449482.0,64.0
-30.7,1625449482.0,64.0
-33.72,1625449482.0,64.0
-37.58,1625449482.0,64.0
-42.24,1625449482.0,64.0
-47.4,1625449482.0,64.0
-52.52,1625449482.0,64.0
-56.88,1625449482.0,64.0
-59.63,1625449482.0,64.0
-60.0,1625449482.0,64.0
-57.43,1625449482.0,64.0
-51.73,1625449482.0,64.0
-43.22,1625449482.0,64.0
-32.67,1625449482.0,64.0
-21.08,1625449482.0,64.0
-9.43,1625449482.0,64.0
1.59,1625449482.0,64.0
11.64,1625449482.0,64.0
20.65,1625449482.0,64.0
28.62,1625449482.0,64.0
35.37,1625449482.0,64.0
40.61,1625449482.0,64.0
44.04,1625449482.0,64.0
45.63,1625449482.0,64.0
45.76,1625449482.0,64.0
45.12,1625449482.0,64.0
44.44,1625449482.0,64.0
44.14,1625449482.0,64.0
44.19,1625449482.0,64.0
44.13,1625449482.0,64.0
43.42,1625449482.0,64.0
41.71,1625449482.0,64.0
39.05,1625449482.0,64.0
35.8,1625449482.0,64.0
32.39,1625449482.0,64.0
29.1,1625449482.0,64.0
25.91,1625449482.0,64.0
22.57,1625449482.0,64.0
18.77,1625449482.0,64.0
14.4,1625449482.0,64.0
9.62,1625449482.0,64.0
4.84,1625449482.0,64.0
0.46,1625449482.0,64.0
-3.21,1625449482.0,64.0
-6.21,1625449482.0,64.0
-8.8,1625449482.0,64.0
-11.34,1625449482.0,64.0
-14.09,1625449482.0,64.0
-17.13,1625449482.0,64.0
-20.36,1625449482.0,64.0
-23.66,1625449482.0,64.0
-27.0,1625449482.0,64.0
-30.45,1625449482.0,64.0
-34.12,1625449482.0,64.0
-38.08,1625449482.0,64.0
-42.27,1625449482.0,64.0
-46.59,1625449482.0,64.0
-50.85,1625449482.0,64.0
-54.8,1625449482.0,64.0
-58.02,1625449482.0,64.0
-59.91,1625449482.0,64.0
-59.74,1625449482.0,64.0
-56.93,1625449482.0,64.0
-51.25,1625449482.0,64.0
-42.98,1625449482.0,64.0
-32.86,1625449482.0,64.0
-21.85,1625449482.0,64.0
-10.82,1625449482.0,64.0
-0.28,1625449482.0,64.0
9.53,1625449482.0,64.0
18.45,1625449482.0,64.0
26.28,1625449482.0,64.0
32.59,1625449482.0,64.0
36.97,1625449482.0,64.0
39.22,1625449482.0,64.0
39.62,1625449482.0,64.0
38.79,1625449482.0,64.0
37.55,1625449482.0,64.0
36.53,1625449482.0,64.0
35.96,1625449482.0,64.0
35.7,1625449482.0,64.0
35.32,1625449482.0,64.0
34.47,1625449482.0,64.0
32.98,1625449482.0,64.0
30.91,1625449482.0,64.0
28.44,1625449482.0,64.0
25.7,1625449482.0,64.0
22.7,1625449482.0,64.0
19.36,1625449482.0,64.0
15.62,1625449482.0,64.0
11.59,1625449482.0,64.0
7.49,1625449482.0,64.0
3.66,1625449482.0,64.0
0.35,1625449482.0,64.0
-2.33,1625449482.0,64.0
-4.45,1625449482.0,64.0
-6.23,1625449482.0,64.0
-7.91,1625449482.0,64.0
-9.69,1625449482.0,64.0
-11.71,1625449482.0,64.0
-14.07,1625449482.0,64.0
-16.85,1625449482.0,64.0
-20.1,1625449482.0,64.0
-23.8,1625449482.0,64.0
-27.79,1625449482.0,64.0
-31.86,1625449482.0,64.0
-35.83,1625449482.0,64.0
-39.61,1625449482.0,64.0
-43.2,1625449482.0,64.0
-46.53,1625449482.0,64.0
-49.33,1625449482.0,64.0
-50.96,1625449482.0,64.0
-50.66,1625449482.0,64.0
-47.78,1625449482.0,64.0
-42.08,1625449482.0,64.0
-33.91,1625449482.0,64.0
-24.07,1625449482.0,64.0
-13.52,1625449482.0,64.0
-3.07,1625449482.0,64.0
6.68,1625449482.0,64.0
15.31,1625449482.0,64.0
22.48,1625449482.0,64.0
27.85,1625449482.0,64.0
31.17,1625449482.0,64.0
32.46,1625449482.0,64.0
32.16,1625449482.0,64.0
31.02,1625449482.0,64.0
29.91,1625449482.0,64.0
29.49,1625449482.0,64.0
30.04,1625449482.0,64.0
31.33,1625449482.0,64.0
32.85,1625449482.0,64.0
33.93,1625449482.0,64.0
34.03,1625449482.0,64.0
32.89,1625449482.0,64.0
30.51,1625449482.0,64.0
27.2,1625449482.0,64.0
23.34,1625449482.0,64.0
19.35,1625449482.0,64.0
15.51,1625449482.0,64.0
11.9,1625449482.0,64.0
8.53,1625449482.0,64.0
5.31,1625449482.0,64.0
2.25,1625449482.0,64.0
-0.59,1625449482.0,64.0
-3.1,1625449482.0,64.0
-5.19,1625449482.0,64.0
-6.91,1625449482.0,64.0
-8.47,1625449482.0,64.0
-10.2,1625449482.0,64.0
-12.38,1625449482.0,64.0
-15.13,1625449482.0,64.0
-18.39,1625449482.0,64.0
-21.97,1625449482.0,64.0
-25.68,1625449482.0,64.0
-29.44,1625449482.0,64.0
-33.32,1625449482.0,64.0
-37.28,1625449482.0,64.0
-41.06,1625449482.0,64.0
-44.02,1625449482.0,64.0
-45.29,1625449482.0,64.0
-44.08,1625449482.0,64.0
-40.03,1625449482.0,64.0
-33.37,1625449482.0,64.0
-24.82,1625449482.0,64.0
-15.3,1625449482.0,64.0
-5.6,1625449482.0,64.0
3.82,1625449482.0,64.0
12.77,1625449482.0,64.0
21.1,1625449482.0,64.0
28.53,1625449482.0,64.0
34.6,1625449482.0,64.0
38.83,1625449482.0,64.0
40.99,1625449482.0,64.0
41.29,1625449482.0,64.0
40.43,1625449482.0,64.0
39.26,1625449482.0,64.0
38.51,1625449482.0,64.0
38.42,1625449482.0,64.0
38.71,1625449482.0,64.0
38.72,1625449482.0,64.0
37.82,1625449482.0,64.0
35.66,1625449482.0,64.0
32.36,1625449482.0,64.0
28.33,1625449482.0,64.0
24.04,1625449482.0,64.0
19.84,1625449482.0,64.0
15.79,1625449482.0,64.0
11.8,1625449482.0,64.0
7.77,1625449482.0,64.0
3.67,1625449482.0,64.0
-0.36,1625449482.0,64.0
-4.11,1625449482.0,64.0
-7.39,1625449482.0,64.0
-10.1,1625449482.0,64.0
-12.3,1625449482.0,64.0
-14.22,1625449482.0,64.0
-16.2,1625449482.0,64.0
-18.56,1625449482.0,64.0
-21.55,1625449482.0,64.0
-25.16,1625449482.0,64.0
-29.23,1625449482.0,64.0
-33.5,1625449482.0,64.0
-37.78,1625449482.0,64.0
-41.96,1625449482.0,64.0
-45.92,1625449482.0,64.0
-49.33,1625449482.0,64.0
-51.59,1625449482.0,64.0
-51.87,1625449482.0,64.0
-49.49,1625449482.0,64.0
-44.18,1625449482.0,64.0
-36.26,1625449482.0,64.0
-26.52,1625449482.0,64.0
-15.88,1625449482.0,64.0
-5.09,1625449482.0,64.0
5.43,1625449482.0,64.0
15.43,1625449482.0,64.0
24.58,1625449482.0,64.0
32.38,1625449482.0,64.0
38.23,1625449482.0,64.0
41.72,1625449482.0,64.0
42.87,1625449482.0,64.0
42.19,1625449482.0,64.0
40.51,1625449482.0,64.0
38.66,1625449482.0,64.0
37.17,1625449482.0,64.0
36.14,1625449482.0,64.0
35.36,1625449482.0,64.0
34.41,1625449482.0,64.0
32.92,1625449482.0,64.0
30.63,1625449482.0,64.0
27.5,1625449482.0,64.0
23.7,1625449482.0,64.0
19.51,1625449482.0,64.0
15.31,1625449482.0,64.0
11.38,1625449482.0,64.0
7.83,1625449482.0,64.0
4.59,1625449482.0,64.0
1.46,1625449482.0,64.0
-1.74,1625449482.0,64.0
-5.05,1625449482.0,64.0
-8.33,1625449482.0,64.0
-11.36,1625449482.0,64.0
-14.0,1625449482.0,64.0
-16.33,1625449482.0,64.0
-18.64,1625449482.0,64.0
-21.33,1625449482.0,64.0
-24.69,1625449482.0,64.0
-28.77,1625449482.0,64.0
-33.4,1625449482.0,64.0
-38.29,1625449482.0,64.0
-43.17,1625449482.0,64.0
-47.83,1625449482.0,64.0
-52.01,1625449482.0,64.0
-55.27,1625449482.0,64.0
-56.97,1625449482.0,64.0
-56.35,1625449482.0,64.0
-52.84,1625449482.0,64.0
-46.29,1625449482.0,64.0
-37.15,1625449482.0,64.0
-26.31,1625449482.0,64.0
-14.82,1625449482.0,64.0
-3.58,1625449482.0,64.0
6.95,1625449482.0,64.0
16.58,1625449482.0,64.0
25.25,1625449482.0,64.0
32.77,1625449482.0,64.0
38.77,1625449482.0,64.0
42.78,1625449482.0,64.0
44.54,1625449482.0,64.0
44.23,1625449482.0,64.0
42.45,1625449482.0,64.0
40.13,1625449482.0,64.0
38.08,1625449482.0,64.0
36.74,1625449482.0,64.0
36.05,1625449482.0,64.0
35.54,1625449482.0,64.0
34.66,1625449482.0,64.0
32.97,1625449482.0,64.0
30.35,1625449482.0,64.0
26.98,1625449482.0,64.0
23.19,1625449482.0,64.0
19.31,1625449482.0,64.0
15.54,1625449482.0,64.0
11.92,1625449482.0,64.0
8.39,1625449482.0,64.0
4.83,1625449482.0,64.0
1.18,1625449482.0,64.0
-2.52,1625449482.0,64.0
-6.12,1625449482.0,64.0
-9.46,1625449482.0,64.0
-12.44,1625449482.0,64.0
-15.09,1625449482.0,64.0
-17.58,1625449482.0,64.0
-20.14,1625449482.0,64.0
-22.97,1625449482.0,64.0
-26.15,1625449482.0,64.0
-29.71,1625449482.0,64.0
-33.62,1625449482.0,64.0
-37.89,1625449482.0,64.0
-42.48,1625449482.0,64.0
-47.18,1625449482.0,64.0
-51.49,1625449482.0,64.0
-54.63,1625449482.0,64.0
-55.67,1625449482.0,64.0
-53.89,1625449482.0,64.0
-48.98,1625449482.0,64.0
-41.24,1625449482.0,64.0
-31.39,1625449482.0,64.0
-20.38,1625449482.0,64.0
-9.05,1625449482.0,64.0
2.04,1625449482.0,64.0
12.56,1625449482.0,64.0
22.3,1625449482.0,64.0
30.93,1625449482.0,64.0
37.97,1625449482.0,64.0
42.92,1625449482.0,64.0
45.51,1625449482.0,64.0
45.92,1625449482.0,64.0
44.83,1625449482.0,64.0
43.18,1625449482.0,64.0
41.84,1625449482.0,64.0
41.22,1625449482.0,64.0
41.17,1625449482.0,64.0
41.11,1625449482.0,64.0
40.4,1625449482.0,64.0
38.68,1625449482.0,64.0
36.01,1625449482.0,64.0
32.76,1625449482.0,64.0
29.38,1625449482.0,64.0
26.14,1625449482.0,64.0
23.04,1625449482.0,64.0
19.91,1625449482.0,64.0
16.53,1625449482.0,64.0
12.83,1625449482.0,64.0
8.89,1625449482.0,64.0
4.91,1625449482.0,64.0
1.09,1625449482.0,64.0
-2.51,1625449482.0,64.0
-5.94,1625449482.0,64.0
-9.37,1625449482.0,64.0
-12.95,1625449482.0,64.0
-16.76,1625449482.0,64.0
-20.72,1625449482.0,64.0
-24.72,1625449482.0,64.0
-28.67,1625449482.0,64.0
-32.55,1625449482.0,64.0
-36.46,1625449482.0,64.0
-40.54,1625449482.0,64.0
-44.94,1625449482.0,64.0
-49.7,1625449482.0,64.0
-54.68,1625449482.0,64.0
-59.46,1625449482.0,64.0
-63.31,1625449482.0,64.0
-65.33,1625449482.0,64.0
-64.69,1625449482.0,64.0
-60.85,1625449482.0,64.0
-53.83,1625449482.0,64.0
-44.21,1625449482.0,64.0
-32.94,1625449482.0,64.0
-20.99,1625449482.0,64.0
-9.08,1625449482.0,64.0
2.42,1625449482.0,64.0
13.3,1625449482.0,64.0
23.27,1625449482.0,64.0
31.83,1625449482.0,64.0
38.34,1625449482.0,64.0
42.35,1625449482.0,64.0
43.92,1625449482.0,64.0
43.69,1625449482.0,64.0
42.66,1625449482.0,64.0
41.79,1625449482.0,64.0
41.58,1625449482.0,64.0
41.91,1625449482.0,64.0
42.22,1625449482.0,64.0
41.81,1625449482.0,64.0
40.21,1625449482.0,64.0
37.34,1625449482.0,64.0
33.51,1625449482.0,64.0
29.15,1625449482.0,64.0
24.71,1625449482.0,64.0
20.5,1625449482.0,64.0
16.67,1625449482.0,64.0
13.28,1625449482.0,64.0
10.27,1625449482.0,64.0
7.57,1625449482.0,64.0
5.1,1625449482.0,64.0
2.76,1625449482.0,64.0
0.55,1625449482.0,64.0
-1.59,1625449482.0,64.0
-3.67,1625449482.0,64.0
-5.8,1625449482.0,64.0
-8.11,1625449482.0,64.0
-10.71,1625449482.0,64.0
-13.66,1625449482.0,64.0
-16.92,1625449482.0,64.0
-20.34,1625449482.0,64.0
-23.78,1625449482.0,64.0
-27.14,1625449482.0,64.0
-30.49,1625449482.0,64.0
-34.03,1625449482.0,64.0
-37.98,1625449482.0,64.0
-42.36,1625449482.0,64.0
-46.87,1625449482.0,64.0
-50.83,1625449482.0,64.0
-53.32,1625449482.0,64.0
-53.44,1625449482.0,64.0
-50.63,1625449482.0,64.0
-44.88,1625449482.0,64.0
-36.67,1625449482.0,64.0
-26.81,1625449482.0,64.0
-16.19,1625449482.0,64.0
-5.59,1625449482.0,64.0
4.44,1625449482.0,64.0
13.44,1625449482.0,64.0
21.03,1625449482.0,64.0
26.92,1625449482.0,64.0
30.92,1625449482.0,64.0
33.08,1625449482.0,64.0
33.75,1625449482.0,64.0
33.46,1625449482.0,64.0
32.87,1625449482.0,64.0
32.48,1625449482.0,64.0
32.56,1625449482.0,64.0
33.02,1625449482.0,64.0
33.5,1625449482.0,64.0
33.49,1625449482.0,64.0
32.56,1625449482.0,64.0
30.52,1625449482.0,64.0
27.45,1625449482.0,64.0
23.71,1625449482.0,64.0
19.73,1625449482.0,64.0
15.91,1625449482.0,64.0
12.5,1625449482.0,64.0
9.58,1625449482.0,64.0
7.06,1625449482.0,64.0
4.8,1625449482.0,64.0
2.68,1625449482.0,64.0
0.59,1625449482.0,64.0
-1.46,1625449482.0,64.0
-3.49,1625449482.0,64.0
-5.46,1625449482.0,64.0
-7.43,1625449482.0,64.0
-9.54,1625449482.0,64.0
-11.94,1625449482.0,64.0
-14.77,1625449482.0,64.0
-18.02,1625449482.0,64.0
-21.58,1625449482.0,64.0
-25.28,1625449482.0,64.0
-29.06,1625449482.0,64.0
-32.99,1625449482.0,64.0
-37.17,1625449482.0,64.0
-41.53,1625449482.0,64.0
-45.6,1625449482.0,64.0
-48.54,1625449482.0,64.0
-49.34,1625449482.0,64.0
-47.24,1625449482.0,64.0
-42.01,1625449482.0,64.0
-34.1,1625449482.0,64.0
-24.44,1625449482.0,64.0
-14.04,1625449482.0,64.0
-3.68,1625449482.0,64.0
6.23,1625449482.0,64.0
15.53,1625449482.0,64.0
24.04,1625449482.0,64.0
31.41,1625449482.0,64.0
37.15,1625449482.0,64.0
40.84,1625449482.0,64.0
42.38,1625449482.0,64.0
42.12,1625449482.0,64.0
40.76,1625449482.0,64.0
39.13,1625449482.0,64.0
37.83,1625449482.0,64.0
37.11,1625449482.0,64.0
36.77,1625449482.0,64.0
36.4,1625449482.0,64.0
35.55,1625449482.0,64.0
33.96,1625449482.0,64.0
31.58,1625449482.0,64.0
28.56,1625449482.0,64.0
25.12,1625449482.0,64.0
21.45,1625449482.0,64.0
17.7,1625449482.0,64.0
13.91,1625449482.0,64.0
10.11,1625449482.0,64.0
6.3,1625449482.0,64.0
2.52,1625449482.0,64.0
-1.18,1625449482.0,64.0
-4.73,1625449482.0,64.0
-8.06,1625449482.0,64.0
-11.11,1625449482.0,64.0
-13.87,1625449482.0,64.0
-16.4,1625449482.0,64.0
-18.89,1625449482.0,64.0
-21.57,1625449482.0,64.0
-24.62,1625449482.0,64.0
-28.14,1625449482.0,64.0
-32.06,1625449482.0,64.0
-36.23,1625449482.0,64.0
-40.54,1625449482.0,64.0
-44.9,1625449482.0,64.0
-49.2,1625449482.0,64.0
-53.05,1625449482.0,64.0
-55.81,1625449482.0,64.0
-56.59,1625449482.0,64.0
-54.64,1625449482.0,64.0
-49.6,1625449482.0,64.0
-41.76,1625449482.0,64.0
-31.94,1625449482.0,64.0
-21.17,1625449482.0,64.0
-10.33,1625449482.0,64.0
0.07,1625449482.0,64.0
9.85,1625449482.0,64.0
18.9,1625449482.0,64.0
26.97,1625449482.0,64.0
33.63,1625449482.0,64.0
38.4,1625449482.0,64.0
41.03,1625449482.0,64.0
41.68,1625449482.0,64.0
40.94,1625449482.0,64.0
39.6,1625449482.0,64.0
38.37,1625449482.0,64.0
37.63,1625449482.0,64.0
37.33,1625449482.0,64.0
37.12,1625449482.0,64.0
36.55,1625449482.0,64.0
35.3,1625449482.0,64.0
33.26,1625449482.0,64.0
30.53,1625449482.0,64.0
27.32,1625449482.0,64.0
23.83,1625449482.0,64.0
20.22,1625449482.0,64.0
16.65,1625449482.0,64.0
13.2,1625449482.0,64.0
9.95,1625449482.0,64.0
6.95,1625449482.0,64.0
4.13,1625449482.0,64.0
1.4,1625449482.0,64.0
-1.42,1625449482.0,64.0
-4.43,1625449482.0,64.0
-7.7,1625449482.0,64.0
-11.17,1625449482.0,64.0
-14.72,1625449482.0,64.0
-18.2,1625449482.0,64.0
-21.46,1625449482.0,64.0
-24.45,1625449482.0,64.0
-27.21,1625449482.0,64.0
-29.93,1625449482.0,64.0
-32.9,1625449482.0,64.0
-36.45,1625449482.0,64.0
-40.79,1625449482.0,64.0
-45.89,1625449482.0,64.0
-51.32,1625449482.0,64.0
-56.24,1625449482.0,64.0
-59.56,1625449482.0,64.0
-60.25,1625449482.0,64.0
-57.68,1625449482.0,64.0
-51.86,1625449482.0,64.0
-43.42,1625449482.0,64.0
-33.37,1625449482.0,64.0
-22.68,1625449482.0,64.0
-12.02,1625449482.0,64.0
-1.62,1625449482.0,64.0
8.5,1625449482.0,64.0
18.28,1625449482.0,64.0
27.38,1625449482.0,64.0
35.18,1625449482.0,64.0
41.03,1625449482.0,64.0
44.59,1625449482.0,64.0
46.01,1625449482.0,64.0
45.9,1625449482.0,64.0
45.08,1625449482.0,64.0
44.21,1625449482.0,64.0
43.64,1625449482.0,64.0
43.32,1625449482.0,64.0
43.01,1625449482.0,64.0
42.39,1625449482.0,64.0
41.22,1625449482.0,64.0
39.39,1625449482.0,64.0
36.85,1625449482.0,64.0
33.67,1625449482.0,64.0
30.0,1625449482.0,64.0
26.04,1625449482.0,64.0
22.01,1625449482.0,64.0
18.04,1625449482.0,64.0
14.18,1625449482.0,64.0
10.44,1625449482.0,64.0
6.82,1625449482.0,64.0
3.38,1625449482.0,64.0
0.2,1625449482.0,64.0
-2.76,1625449482.0,64.0
-5.66,1625449482.0,64.0
-8.7,1625449482.0,64.0
-12.08,1625449482.0,64.0
-15.81,1625449482.0,64.0
-19.74,1625449482.0,64.0
-23.67,1625449482.0,64.0
-27.5,1625449482.0,64.0
-31.28,1625449482.0,64.0
-35.19,1625449482.0,64.0
-39.43,1625449482.0,64.0
-44.08,1625449482.0,64.0
-49.02,1625449482.0,64.0
-53.86,1625449482.0,64.0
-58.0,1625449482.0,64.0
-60.66,1625449482.0,64.0
-61.04,1625449482.0,64.0
-58.56,1625449482.0,64.0
-53.0,1625449482.0,64.0
-44.64,1625449482.0,64.0
-34.22,1625449482.0,64.0
-22.66,1625449482.0,64.0
-10.82,1625449482.0,64.0
0.7,1625449482.0,64.0
11.56,1625449482.0,64.0
21.51,1625449482.0,64.0
30.25,1625449482.0,64.0
37.32,1625449482.0,64.0
42.29,1625449482.0,64.0
44.91,1625449482.0,64.0
45.39,1625449482.0,64.0
44.33,1625449482.0,64.0
42.6,1625449482.0,64.0
40.99,1625449482.0,64.0
39.97,1625449482.0,64.0
39.55,1625449482.0,64.0
39.35,1625449482.0,64.0
38.86,1625449482.0,64.0
37.7,1625449482.0,64.0
35.78,1625449482.0,64.0
33.28,1625449482.0,64.0
30.5,1625449482.0,64.0
27.67,1625449482.0,64.0
24.81,1625449482.0,64.0
21.77,1625449482.0,64.0
18.4,1625449482.0,64.0
14.7,1625449482.0,64.0
10.88,1625449482.0,64.0
7.28,1625449482.0,64.0
4.17,1625449482.0,64.0
1.59,1625449482.0,64.0
-0.71,1625449482.0,64.0
-3.11,1625449482.0,64.0
-5.91,1625449482.0,64.0
-9.16,1625449482.0,64.0
-12.68,1625449482.0,64.0
-16.2,1625449482.0,64.0
-19.52,1625449482.0,64.0
-22.7,1625449482.0,64.0
-25.94,1625449482.0,64.0
-29.49,1625449482.0,64.0
-33.55,1625449482.0,64.0
-38.17,1625449482.0,64.0
-43.27,1625449482.0,64.0
-48.67,1625449482.0,64.0
-54.0,1625449482.0,64.0
-58.66,1625449482.0,64.0
-61.79,1625449482.0,64.0
-62.45,1625449482.0,64.0
-59.92,1625449482.0,64.0
-53.94,1625449482.0,64.0
-44.89,1625449482.0,64.0
-33.6,1625449482.0,64.0
-21.11,1625449482.0,64.0
-8.34,1625449482.0,64.0
4.15,1625449482.0,64.0
16.0,1625449482.0,64.0
26.93,1625449482.0,64.0
36.49,1625449482.0,64.0
44.11,1625449482.0,64.0
49.29,1625449482.0,64.0
51.9,1625449482.0,64.0
52.31,1625449482.0,64.0
51.31,1625449482.0,64.0
49.82,1625449482.0,64.0
48.5,1625449482.0,64.0
47.52,1625449482.0,64.0
46.57,1625449482.0,64.0
45.12,1625449482.0,64.0
42.76,1625449482.0,64.0
39.42,1625449482.0,64.0
35.4,1625449482.0,64.0
31.17,1625449482.0,64.0
27.14,1625449482.0,64.0
23.42,1625449482.0,64.0
19.86,1625449482.0,64.0
16.19,1625449482.0,64.0
12.23,1625449482.0,64.0
8.02,1625449482.0,64.0
3.85,1625449482.0,64.0
0.08,1625449482.0,64.0
-3.03,1625449482.0,64.0
-5.45,1625449482.0,64.0
-7.44,1625449482.0,64.0
-9.37,1625449482.0,64.0
-11.59,1625449482.0,64.0
-14.23,1625449482.0,64.0
-17.18,1625449482.0,64.0
-20.19,1625449482.0,64.0
-23.02,1625449482.0,64.0
-25.63,1625449482.0,64.0
-28.15,1625449482.0,64.0
-30.82,1625449482.0,64.0
-33.85,1625449482.0,64.0
-37.34,1625449482.0,64.0
-41.25,1625449482.0,64.0
-45.45,1625449482.0,64.0
-49.75,1625449482.0,64.0
-53.8,1625449482.0,64.0
-57.04,1625449482.0,64.0
-58.7,1625449482.0,64.0
-57.99,1625449482.0,64.0
-54.33,1625449482.0,64.0
-47.66,1625449482.0,64.0
-38.45,1625449482.0,64.0
-27.59,1625449482.0,64.0
-16.09,1625449482.0,64.0
-4.81,1625449482.0,64.0
5.66,1625449482.0,64.0
14.96,1625449482.0,64.0
22.75,1625449482.0,64.0
28.73,1625449482.0,64.0
32.63,1625449482.0,64.0
34.42,1625449482.0,64.0
34.45,1625449482.0,64.0
33.4,1625449482.0,64.0
32.1,1625449482.0,64.0
31.19,1625449482.0,64.0
30.92,1625449482.0,64.0
31.09,1625449482.0,64.0
31.22,1625449482.0,64.0
30.76,1625449482.0,64.0
29.37,1625449482.0,64.0
26.97,1625449482.0,64.0
23.78,1625449482.0,64.0
20.15,1625449482.0,64.0
16.46,1625449482.0,64.0
13.0,1625449482.0,64.0
9.94,1625449482.0,64.0
7.29,1625449482.0,64.0
4.97,1625449482.0,64.0
2.86,1625449482.0,64.0
0.84,1625449482.0,64.0
-1.16,1625449482.0,64.0
-3.15,1625449482.0,64.0
-5.12,1625449482.0,64.0
-7.1,1625449482.0,64.0
-9.14,1625449482.0,64.0
-11.3,1625449482.0,64.0
-13.63,1625449482.0,64.0
-16.13,1625449482.0,64.0
-18.81,1625449482.0,64.0
-21.68,1625449482.0,64.0
-24.81,1625449482.0,64.0
-28.31,1625449482.0,64.0
-32.23,1625449482.0,64.0
-36.49,1625449482.0,64.0
-40.78,1625449482.0,64.0
-44.55,1625449482.0,64.0
-47.11,1625449482.0,64.0
-47.76,1625449482.0,64.0
-45.98,1625449482.0,64.0
-41.62,1625449482.0,64.0
-34.91,1625449482.0,64.0
-26.39,1625449482.0,64.0
-16.76,1625449482.0,64.0
-6.66,1625449482.0,64.0
3.44,1625449482.0,64.0
13.26,1625449482.0,64.0
22.58,1625449482.0,64.0
31.07,1625449482.0,64.0
38.23,1625449482.0,64.0
43.52,1625449482.0,64.0
46.5,1625449482.0,64.0
47.14,1625449482.0,64.0
45.94,1625449482.0,64.0
43.75,1625449482.0,64.0
41.56,1625449482.0,64.0
40.04,1625449482.0,64.0
39.36,1625449482.0,64.0
39.21,1625449482.0,64.0
38.97,1625449482.0,64.0
38.07,1625449482.0,64.0
36.15,1625449482.0,64.0
33.19,1625449482.0,64.0
29.36,1625449482.0,64.0
24.94,1625449482.0,64.0
20.17,1625449482.0,64.0
15.29,1625449482.0,64.0
10.59,1625449482.0,64.0
6.33,1625449482.0,64.0
2.77,1625449482.0,64.0
-0.01,1625449482.0,64.0
-2.14,1625449482.0,64.0
-3.96,1625449482.0,64.0
-5.87,1625449482.0,64.0
-8.2,1625449482.0,64.0
-11.04,1625449482.0,64.0
-14.28,1625449482.0,64.0
-17.62,1625449482.0,64.0
-20.81,1625449482.0,64.0
-23.7,1625449482.0,64.0
-26.37,1625449482.0,64.0
-29.01,1625449482.0,64.0
-31.92,1625449482.0,64.0
-35.32,1625449482.0,64.0
-39.23,1625449482.0,64.0
-43.35,1625449482.0,64.0
-47.03,1625449482.0,64.0
-49.39,1625449482.0,64.0
-49.49,1625449482.0,64.0
-46.69,1625449482.0,64.0
-40.88,1625449482.0,64.0
-32.55,1625449482.0,64.0
-22.62,1625449482.0,64.0
-12.08,1625449482.0,64.0
-1.7,1625449482.0,64.0
8.12,1625449482.0,64.0
17.24,1625449482.0,64.0
25.58,1625449482.0,64.0
32.87,1625449482.0,64.0
38.7,1625449482.0,64.0
42.64,1625449482.0,64.0
44.53,1625449482.0,64.0
44.61,1625449482.0,64.0
43.52,1625449482.0,64.0
42.03,1625449482.0,64.0
40.77,1625449482.0,64.0
40.02,1625449482.0,64.0
39.65,1625449482.0,64.0
39.22,1625449482.0,64.0
38.23,1625449482.0,64.0
36.35,1625449482.0,64.0
33.5,1625449482.0,64.0
29.89,1625449482.0,64.0
25.83,1625449482.0,64.0
21.64,1625449482.0,64.0
17.52,1625449482.0,64.0
13.47,1625449482.0,64.0
9.45,1625449482.0,64.0
5.35,1625449482.0,64.0
1.18,1625449482.0,64.0
-2.97,1625449482.0,64.0
-6.92,1625449482.0,64.0
-10.54,1625449482.0,64.0
-13.77,1625449482.0,64.0
-16.66,1625449482.0,64.0
-19.36,1625449482.0,64.0
-22.11,1625449482.0,64.0
-25.1,1625449482.0,64.0
-28.43,1625449482.0,64.0
-32.12,1625449482.0,64.0
-36.06,1625449482.0,64.0
-40.15,1625449482.0,64.0
-44.34,1625449482.0,64.0
-48.59,1625449482.0,64.0
-52.72,1625449482.0,64.0
-56.31,1625449482.0,64.0
-58.65,1625449482.0,64.0
-58.86,1625449482.0,64.0
-56.23,1625449482.0,64.0
-50.53,1625449482.0,64.0
-42.08,1625449482.0,64.0
-31.73,1625449482.0,64.0
-20.46,1625449482.0,64.0
-9.14,1625449482.0,64.0
1.73,1625449482.0,64.0
11.9,1625449482.0,64.0
21.24,1625449482.0,64.0
29.46,1625449482.0,64.0
36.17,1625449482.0,64.0
40.96,1625449482.0,64.0
43.61,1625449482.0,64.0
44.33,1625449482.0,64.0
43.64,1625449482.0,64.0
42.27,1625449482.0,64.0
40.83,1625449482.0,64.0
39.69,1625449482.0,64.0
38.83,1625449482.0,64.0
38.02,1625449482.0,64.0
36.89,1625449482.0,64.0
35.21,1625449482.0,64.0
32.89,1625449482.0,64.0
29.98,1625449482.0,64.0
26.64,1625449482.0,64.0
23.01,1625449482.0,64.0
19.17,1625449482.0,64.0
15.16,1625449482.0,64.0
11.09,1625449482.0,64.0
7.07,1625449482.0,64.0
3.27,1625449482.0,64.0
-0.15,1625449482.0,64.0
-3.16,1625449482.0,64.0
-5.8,1625449482.0,64.0
-8.23,1625449482.0,64.0
-10.67,1625449482.0,64.0
-13.3,1625449482.0,64.0
-16.23,1625449482.0,64.0
-19.54,1625449482.0,64.0
-23.2,1625449482.0,64.0
-27.14,1625449482.0,64.0
-31.25,1625449482.0,64.0
-35.43,1625449482.0,64.0
-39.65,1625449482.0,64.0
-43.9,1625449482.0,64.0
-48.16,1625449482.0,64.0
-52.18,1625449482.0,64.0
-55.45,1625449482.0,64.0
-57.2,1625449482.0,64.0
-56.61,1625449482.0,64.0
-53.11,1625449482.0,64.0
-46.56,1625449482.0,64.0
-37.42,1625449482.0,64.0
-26.5,1625449482.0,64.0
-14.7,1625449482.0,64.0
-2.83,1625449482.0,64.0
8.53,1625449482.0,64.0
18.94,1625449482.0,64.0
27.99,1625449482.0,64.0
35.21,1625449482.0,64.0
40.21,1625449482.0,64.0
42.8,1625449482.0,64.0
43.23,1625449482.0,64.0
42.17,1625449482.0,64.0
40.54,1625449482.0,64.0
39.23,1625449482.0,64.0
38.73,1625449482.0,64.0
39.02,1625449482.0,64.0
39.61,1625449482.0,64.0
39.76,1625449482.0,64.0
38.88,1625449482.0,64.0
36.74,1625449482.0,64.0
33.52,1625449482.0,64.0
29.67,1625449482.0,64.0
25.67,1625449482.0,64.0
21.82,1625449482.0,64.0
18.19,1625449482.0,64.0
14.66,1625449482.0,64.0
11.11,1625449482.0,64.0
7.51,1625449482.0,64.0
3.92,1625449482.0,64.0
0.49,1625449482.0,64.0
-2.72,1625449482.0,64.0
-5.69,1625449482.0,64.0
-8.5,1625449482.0,64.0
-11.25,1625449482.0,64.0
-13.99,1625449482.0,64.0
-16.75,1625449482.0,64.0
-19.56,1625449482.0,64.0
-22.47,1625449482.0,64.0
-25.63,1625449482.0,64.0
-29.21,1625449482.0,64.0
-33.34,1625449482.0,64.0
-38.09,1625449482.0,64.0
-43.3,1625449482.0,64.0
-48.59,1625449482.0,64.0
-53.33,1625449482.0,64.0
-56.66,1625449482.0,64.0
-57.76,1625449482.0,64.0
-55.97,1625449482.0,64.0
-51.07,1625449482.0,64.0
-43.33,1625449482.0,64.0
-33.41,1625449482.0,64.0
-22.15,1625449482.0,64.0
-10.33,1625449482.0,64.0
1.43,1625449482.0,64.0
12.67,1625449482.0,64.0
22.95,1625449482.0,64.0
31.73,1625449482.0,64.0
38.44,1625449482.0,64.0
42.69,1625449482.0,64.0
44.44,1625449482.0,64.0
44.14,1625449482.0,64.0
42.63,1625449482.0,64.0
40.84,1625449482.0,64.0
39.52,1625449482.0,64.0
38.97,1625449482.0,64.0
39.04,1625449482.0,64.0
39.25,1625449482.0,64.0
39.0,1625449482.0,64.0
37.85,1625449482.0,64.0
35.62,1625449482.0,64.0
32.43,1625449482.0,64.0
28.57,1625449482.0,64.0
24.41,1625449482.0,64.0
20.23,1625449482.0,64.0
16.18,1625449482.0,64.0
12.26,1625449482.0,64.0
8.45,1625449482.0,64.0
4.72,1625449482.0,64.0
1.09,1625449482.0,64.0
-2.4,1625449482.0,64.0
-5.72,1625449482.0,64.0
-8.89,1625449482.0,64.0
-11.96,1625449482.0,64.0
-15.04,1625449482.0,64.0
-18.24,1625449482.0,64.0
-21.69,1625449482.0,64.0
-25.53,1625449482.0,64.0
-29.73,1625449482.0,64.0
-34.06,1625449482.0,64.0
-38.09,1625449482.0,64.0
-41.34,1625449482.0,64.0
-43.56,1625449482.0,64.0
-44.9,1625449482.0,64.0
-45.86,1625449482.0,64.0
-46.96,1625449482.0,64.0
-48.38,1625449482.0,64.0
-49.72,1625449482.0,64.0
-50.1,1625449482.0,64.0
-48.61,1625449482.0,64.0
-44.68,1625449482.0,64.0
-38.31,1625449482.0,64.0
-30.0,1625449482.0,64.0
-20.47,1625449482.0,64.0
-10.33,1625449482.0,64.0
-0.09,1625449482.0,64.0
9.74,1625449482.0,64.0
18.51,1625449482.0,64.0
25.45,1625449482.0,64.0
29.93,1625449482.0,64.0
31.76,1625449482.0,64.0
31.33,1625449482.0,64.0
29.53,1625449482.0,64.0
27.45,1625449482.0,64.0
25.99,1625449482.0,64.0
25.58,1625449482.0,64.0
26.15,1625449482.0,64.0
27.26,1625449482.0,64.0
28.25,1625449482.0,64.0
28.51,1625449482.0,64.0
27.58,1625449482.0,64.0
25.25,1625449482.0,64.0
21.6,1625449482.0,64.0
16.97,1625449482.0,64.0
11.91,1625449482.0,64.0
6.98,1625449482.0,64.0
2.63,1625449482.0,64.0
-0.93,1625449482.0,64.0
-3.75,1625449482.0,64.0
-6.06,1625449482.0,64.0
-8.12,1625449482.0,64.0
-10.15,1625449482.0,64.0
-12.24,1625449482.0,64.0
-14.41,1625449482.0,64.0
-16.67,1625449482.0,64.0
-19.04,1625449482.0,64.0
-21.55,1625449482.0,64.0
-24.22,1625449482.0,64.0
-26.96,1625449482.0,64.0
-29.75,1625449482.0,64.0
-32.56,1625449482.0,64.0
-35.5,1625449482.0,64.0
-38.63,1625449482.0,64.0
-41.85,1625449482.0,64.0
-44.72,1625449482.0,64.0
-46.53,1625449482.0,64.0
-46.43,1625449482.0,64.0
-43.78,1625449482.0,64.0
-38.4,1625449482.0,64.0
-30.69,1625449482.0,64.0
-21.45,1625449482.0,64.0
-11.56,1625449482.0,64.0
-1.74,1625449482.0,64.0
7.59,1625449482.0,64.0
16.19,1625449482.0,64.0
23.82,1625449482.0,64.0
30.13,1625449482.0,64.0
34.7,1625449482.0,64.0
37.27,1625449482.0,64.0
37.9,1625449482.0,64.0
37.13,1625449482.0,64.0
35.79,1625449482.0,64.0
34.74,1625449482.0,64.0
34.5,1625449482.0,64.0
35.09,1625449482.0,64.0
36.02,1625449482.0,64.0
36.53,1625449482.0,64.0
35.97,1625449482.0,64.0
34.01,1625449482.0,64.0
30.78,1625449482.0,64.0
26.77,1625449482.0,64.0
22.58,1625449482.0,64.0
18.71,1625449482.0,64.0
15.38,1625449482.0,64.0
12.52,1625449482.0,64.0
9.89,1625449482.0,64.0
7.21,1625449482.0,64.0
4.34,1625449482.0,64.0
1.3,1625449482.0,64.0
-1.72,1625449482.0,64.0
-4.46,1625449482.0,64.0
-6.76,1625449482.0,64.0
-8.69,1625449482.0,64.0
-10.53,1625449482.0,64.0
-12.71,1625449482.0,64.0
-15.59,1625449482.0,64.0
-19.38,1625449482.0,64.0
-24.08,1625449482.0,64.0
-29.54,1625449482.0,64.0
-35.49,1625449482.0,64.0
-41.57,1625449482.0,64.0
-47.18,1625449482.0,64.0
-51.51,1625449482.0,64.0
-53.6,1625449482.0,64.0
-52.59,1625449482.0,64.0
-48.07,1625449482.0,64.0
-40.24,1625449482.0,64.0
-29.91,1625449482.0,64.0
-18.18,1625449482.0,64.0
-6.16,1625449482.0,64.0
5.32,1625449482.0,64.0
15.73,1625449482.0,64.0
24.7,1625449482.0,64.0
31.86,1625449482.0,64.0
36.87,1625449482.0,64.0
39.52,1625449482.0,64.0
39.91,1625449482.0,64.0
38.64,1625449482.0,64.0
36.63,1625449482.0,64.0
34.83,1625449482.0,64.0
33.95,1625449482.0,64.0
34.08,1625449482.0,64.0
34.79,1625449482.0,64.0
35.31,1625449482.0,64.0
34.88,1625449482.0,64.0
33.13,1625449482.0,64.0
30.19,1625449482.0,64.0
26.55,1625449482.0,64.0
22.79,1625449482.0,64.0
19.37,1625449482.0,64.0
16.44,1625449482.0,64.0
13.91,1625449482.0,64.0
11.61,1625449482.0,64.0
9.43,1625449482.0,64.0
7.35,1625449482.0,64.0
5.4,1625449482.0,64.0
3.56,1625449482.0,64.0
1.68,1625449482.0,64.0
-0.46,1625449482.0,64.0
-3.1,1625449482.0,64.0
-6.3,1625449482.0,64.0
-9.99,1625449482.0,64.0
-14.0,1625449482.0,64.0
-18.19,1625449482.0,64.0
-22.55,1625449482.0,64.0
-27.23,1625449482.0,64.0
-32.43,1625449482.0,64.0
-38.18,1625449482.0,64.0
-44.16,1625449482.0,64.0
-49.66,1625449482.0,64.0
-53.7,1625449482.0,64.0
-55.34,1625449482.0,64.0
-53.89,1625449482.0,64.0
-49.17,1625449482.0,64.0
-41.49,1625449482.0,64.0
-31.55,1625449482.0,64.0
-20.27,1625449482.0,64.0
-8.55,1625449482.0,64.0
2.77,1625449482.0,64.0
13.0,1625449482.0,64.0
21.61,1625449482.0,64.0
28.19,1625449482.0,64.0
32.54,1625449482.0,64.0
34.72,1625449482.0,64.0
35.11,1625449482.0,64.0
34.36,1625449482.0,64.0
33.27,1625449482.0,64.0
32.61,1625449482.0,64.0
32.86,1625449482.0,64.0
34.04,1625449482.0,64.0
35.72,1625449482.0,64.0
37.17,1625449482.0,64.0
37.7,1625449482.0,64.0
36.9,1625449482.0,64.0
34.82,1625449482.0,64.0
31.83,1625449482.0,64.0
28.45,1625449482.0,64.0
25.04,1625449482.0,64.0
21.73,1625449482.0,64.0
18.44,1625449482.0,64.0
15.04,1625449482.0,64.0
11.45,1625449482.0,64.0
7.72,1625449482.0,64.0
3.98,1625449482.0,64.0
0.35,1625449482.0,64.0
-3.05,1625449482.0,64.0
-6.17,1625449482.0,64.0
-9.04,1625449482.0,64.0
-11.74,1625449482.0,64.0
-14.42,1625449482.0,64.0
-17.3,1625449482.0,64.0
-20.57,1625449482.0,64.0
-24.3,1625449482.0,64.0
-28.44,1625449482.0,64.0
-32.9,1625449482.0,64.0
-37.59,1625449482.0,64.0
-42.39,1625449482.0,64.0
-47.05,1625449482.0,64.0
-51.02,1625449482.0,64.0
-53.46,1625449482.0,64.0
-53.44,1625449482.0,64.0
-50.27,1625449482.0,64.0
-43.86,1625449482.0,64.0
-34.77,1625449482.0,64.0
-24.01,1625449482.0,64.0
-12.64,1625449482.0,64.0
-1.43,1625449482.0,64.0
9.26,1625449482.0,64.0
19.32,1625449482.0,64.0
28.58,1625449482.0,64.0
36.62,1625449482.0,64.0
42.87,1625449482.0,64.0
46.8,1625449482.0,64.0
48.32,1625449482.0,64.0
47.85,1625449482.0,64.0
46.26,1625449482.0,64.0
44.43,1625449482.0,64.0
42.99,1625449482.0,64.0
42.09,1625449482.0,64.0
41.45,1625449482.0,64.0
40.62,1625449482.0,64.0
39.23,1625449482.0,64.0
37.12,1625449482.0,64.0
34.36,1625449482.0,64.0
31.13,1625449482.0,64.0
27.61,1625449482.0,64.0
23.87,1625449482.0,64.0
20.0,1625449482.0,64.0
16.03,1625449482.0,64.0
12.04,1625449482.0,64.0
8.11,1625449482.0,64.0
4.31,1625449482.0,64.0
0.67,1625449482.0,64.0
-2.76,1625449482.0,64.0
-5.91,1625449482.0,64.0
-8.74,1625449482.0,64.0
-11.23,1625449482.0,64.0
-13.45,1625449482.0,64.0
-15.57,1625449482.0,64.0
-17.82,1625449482.0,64.0
-20.39,1625449482.0,64.0
-23.39,1625449482.0,64.0
-26.75,1625449482.0,64.0
-30.35,1625449482.0,64.0
-34.08,1625449482.0,64.0
-37.95,1625449482.0,64.0
-41.92,1625449482.0,64.0
-45.86,1625449482.0,64.0
-49.31,1625449482.0,64.0
-51.55,1625449482.0,64.0
-51.71,1625449482.0,64.0
-49.09,1625449482.0,64.0
-43.4,1625449482.0,64.0
-34.86,1625449482.0,64.0
-23.99,1625449482.0,64.0
-11.51,1625449482.0,64.0
1.99,1625449482.0,64.0
15.96,1625449482.0,64.0
29.82,1625449482.0,64.0
42.79,1625449482.0,64.0
53.91,1625449482.0,64.0
62.18,1625449482.0,64.0
66.96,1625449482.0,64.0
68.12,1625449482.0,64.0
66.22,1625449482.0,64.0
62.17,1625449482.0,64.0
56.94,1625449482.0,64.0
51.23,1625449482.0,64.0
45.34,1625449482.0,64.0
39.3,1625449482.0,64.0
33.09,1625449482.0,64.0
26.9,1625449482.0,64.0
21.16,1625449482.0,64.0
16.35,1625449482.0,64.0
12.83,1625449482.0,64.0
10.63,1625449482.0,64.0
9.5,1625449482.0,64.0
8.98,1625449482.0,64.0
8.58,1625449482.0,64.0
7.86,1625449482.0,64.0
6.49,1625449482.0,64.0
4.21,1625449482.0,64.0
0.87,1625449482.0,64.0
-3.53,1625449482.0,64.0
-8.84,1625449482.0,64.0
-14.76,1625449482.0,64.0
-20.9,1625449482.0,64.0
-26.87,1625449482.0,64.0
-32.38,1625449482.0,64.0
-37.2,1625449482.0,64.0
-41.24,1625449482.0,64.0
-44.52,1625449482.0,64.0
-47.14,1625449482.0,64.0
-49.29,1625449482.0,64.0
-51.08,1625449482.0,64.0
-52.59,1625449482.0,64.0
-53.82,1625449482.0,64.0
-54.79,1625449482.0,64.0
-55.6,1625449482.0,64.0
-56.39,1625449482.0,64.0
-57.22,1625449482.0,64.0
-57.86,1625449482.0,64.0
-57.72,1625449482.0,64.0
-55.99,1625449482.0,64.0
-51.96,1625449482.0,64.0
-45.37,1625449482.0,64.0
-36.56,1625449482.0,64.0
-26.34,1625449482.0,64.0
-15.69,1625449482.0,64.0
-5.39,1625449482.0,64.0
4.13,1625449482.0,64.0
12.7,1625449482.0,64.0
20.26,1625449482.0,64.0
26.62,1625449482.0,64.0
31.48,1625449482.0,64.0
34.61,1625449482.0,64.0
36.03,1625449482.0,64.0
36.15,1625449482.0,64.0
35.66,1625449482.0,64.0
35.25,1625449482.0,64.0
35.42,1625449482.0,64.0
36.17,1625449482.0,64.0
37.09,1625449482.0,64.0
37.5,1625449482.0,64.0
36.75,1625449482.0,64.0
34.47,1625449482.0,64.0
30.71,1625449482.0,64.0
25.91,1625449482.0,64.0
20.66,1625449482.0,64.0
15.57,1625449482.0,64.0
10.99,1625449482.0,64.0
7.05,1625449482.0,64.0
3.69,1625449482.0,64.0
0.76,1625449482.0,64.0
-1.82,1625449482.0,64.0
-4.09,1625449482.0,64.0
-6.05,1625449482.0,64.0
-7.75,1625449482.0,64.0
-9.34,1625449482.0,64.0
-10.98,1625449482.0,64.0
-12.79,1625449482.0,64.0
-14.8,1625449482.0,64.0
-16.93,1625449482.0,64.0
-19.06,1625449482.0,64.0
-21.12,1625449482.0,64.0
-23.07,1625449482.0,64.0
-24.97,1625449482.0,64.0
-26.98,1625449482.0,64.0
-29.31,1625449482.0,64.0
-32.14,1625449482.0,64.0
-35.45,1625449482.0,64.0
-38.91,1625449482.0,64.0
-41.8,1625449482.0,64.0
-43.18,1625449482.0,64.0
-42.21,1625449482.0,64.0
-38.44,1625449482.0,64.0
-32.02,1625449482.0,64.0
-23.66,1625449482.0,64.0
-14.31,1625449482.0,64.0
-4.83,1625449482.0,64.0
4.21,1625449482.0,64.0
12.55,1625449482.0,64.0
20.02,1625449482.0,64.0
26.4,1625449482.0,64.0
31.35,1625449482.0,64.0
34.56,1625449482.0,64.0
35.94,1625449482.0,64.0
35.76,1625449482.0,64.0
34.65,1625449482.0,64.0
33.32,1625449482.0,64.0
32.36,1625449482.0,64.0
31.99,1625449482.0,64.0
32.08,1625449482.0,64.0
32.23,1625449482.0,64.0
32.01,1625449482.0,64.0
31.15,1625449482.0,64.0
29.58,1625449482.0,64.0
27.42,1625449482.0,64.0
24.8,1625449482.0,64.0
21.81,1625449482.0,64.0
18.46,1625449482.0,64.0
14.75,1625449482.0,64.0
10.82,1625449482.0,64.0
6.99,1625449482.0,64.0
3.77,1625449482.0,64.0
1.68,1625449482.0,64.0
1.09,1625449482.0,64.0
1.89,1625449482.0,64.0
3.49,1625449482.0,64.0
4.85,1625449482.0,64.0
4.87,1625449482.0,64.0
2.75,1625449482.0,64.0
-1.7,1625449482.0,64.0
-8.07,1625449482.0,64.0
-15.6,1625449482.0,64.0
-23.54,1625449482.0,64.0
-31.47,1625449482.0,64.0
-39.36,1625449482.0,64.0
-47.32,1625449482.0,64.0
-55.28,1625449482.0,64.0
-62.66,1625449482.0,64.0
-68.41,1625449482.0,64.0
-71.27,1625449482.0,64.0
-70.25,1625449482.0,64.0
-64.98,1625449482.0,64.0
-55.96,1625449482.0,64.0
-44.31,1625449482.0,64.0
-31.38,1625449482.0,64.0
-18.36,1625449482.0,64.0
-6.0,1625449482.0,64.0
5.42,1625449482.0,64.0
15.78,1625449482.0,64.0
24.84,1625449482.0,64.0
32.11,1625449482.0,64.0
36.95,1625449482.0,64.0
38.99,1625449482.0,64.0
38.38,1625449482.0,64.0
35.92,1625449482.0,64.0
32.86,1625449482.0,64.0
30.34,1625449482.0,64.0
29.04,1625449482.0,64.0
28.98,1625449482.0,64.0
29.65,1625449482.0,64.0
30.39,1625449482.0,64.0
30.7,1625449482.0,64.0
30.42,1625449482.0,64.0
29.6,1625449482.0,64.0
28.41,1625449482.0,64.0
26.88,1625449482.0,64.0
24.97,1625449482.0,64.0
22.57,1625449482.0,64.0
19.7,1625449482.0,64.0
16.47,1625449482.0,64.0
13.13,1625449482.0,64.0
9.92,1625449482.0,64.0
6.94,1625449482.0,64.0
4.12,1625449482.0,64.0
1.24,1625449482.0,64.0
-1.98,1625449482.0,64.0
-5.72,1625449482.0,64.0
-9.96,1625449482.0,64.0
-14.45,1625449482.0,64.0
-18.83,1625449482.0,64.0
-22.74,1625449482.0,64.0
-26.01,1625449482.0,64.0
-28.64,1625449482.0,64.0
-30.82,1625449482.0,64.0
-32.9,1625449482.0,64.0
-35.23,1625449482.0,64.0
-38.11,1625449482.0,64.0
-41.64,1625449482.0,64.0
-45.58,1625449482.0,64.0
-49.25,1625449482.0,64.0
-51.73,1625449482.0,64.0
-52.04,1625449482.0,64.0
-49.53,1625449482.0,64.0
-44.13,1625449482.0,64.0
-36.38,1625449482.0,64.0
-27.18,1625449482.0,64.0
-17.42,1625449482.0,64.0
-7.66,1625449482.0,64.0
1.92,1625449482.0,64.0
11.29,1625449482.0,64.0
20.35,1625449482.0,64.0
28.71,1625449482.0,64.0
35.73,1625449482.0,64.0
40.83,1625449482.0,64.0
43.78,1625449482.0,64.0
44.83,1625449482.0,64.0
44.61,1625449482.0,64.0
43.88,1625449482.0,64.0
43.16,1625449482.0,64.0
42.59,1625449482.0,64.0
41.98,1625449482.0,64.0
40.96,1625449482.0,64.0
39.28,1625449482.0,64.0
36.9,1625449482.0,64.0
33.96,1625449482.0,64.0
30.7,1625449482.0,64.0
27.29,1625449482.0,64.0
23.79,1625449482.0,64.0
20.18,1625449482.0,64.0
16.43,1625449482.0,64.0
12.53,1625449482.0,64.0
8.55,1625449482.0,64.0
4.6,1625449482.0,64.0
0.8,1625449482.0,64.0
-2.75,1625449482.0,64.0
-6.02,1625449482.0,64.0
-9.06,1625449482.0,64.0
-12.0,1625449482.0,64.0
-14.98,1625449482.0,64.0
-18.07,1625449482.0,64.0
-21.28,1625449482.0,64.0
-24.52,1625449482.0,64.0
-27.71,1625449482.0,64.0
-30.85,1625449482.0,64.0
-34.07,1625449482.0,64.0
-37.55,1625449482.0,64.0
-41.51,1625449482.0,64.0
-46.02,1625449482.0,64.0
-50.98,1625449482.0,64.0
-55.99,1625449482.0,64.0
-60.35,1625449482.0,64.0
-63.15,1625449482.0,64.0
-63.48,1625449482.0,64.0
-60.68,1625449482.0,64.0
-54.56,1625449482.0,64.0
-45.48,1625449482.0,64.0
-34.2,1625449482.0,64.0
-21.61,1625449482.0,64.0
-8.48,1625449482.0,64.0
4.66,1625449482.0,64.0
17.44,1625449482.0,64.0
29.37,1625449482.0,64.0
39.81,1625449482.0,64.0
47.98,1625449482.0,64.0
53.2,1625449482.0,64.0
55.26,1625449482.0,64.0
54.56,1625449482.0,64.0
52.05,1625449482.0,64.0
48.84,1625449482.0,64.0
45.83,1625449482.0,64.0
43.4,1625449482.0,64.0
41.38,1625449482.0,64.0
39.31,1625449482.0,64.0
36.72,1625449482.0,64.0
33.49,1625449482.0,64.0
29.82,1625449482.0,64.0
26.15,1625449482.0,64.0
22.92,1625449482.0,64.0
20.33,1625449482.0,64.0
18.32,1625449482.0,64.0
16.63,1625449482.0,64.0
14.96,1625449482.0,64.0
13.01,1625449482.0,64.0
10.63,1625449482.0,64.0
7.72,1625449482.0,64.0
4.28,1625449482.0,64.0
0.35,1625449482.0,64.0
-3.99,1625449482.0,64.0
-8.61,1625449482.0,64.0
-13.32,1625449482.0,64.0
-17.87,1625449482.0,64.0
-21.98,1625449482.0,64.0
-25.46,1625449482.0,64.0
-28.23,1625449482.0,64.0
-30.38,1625449482.0,64.0
-32.12,1625449482.0,64.0
-33.69,1625449482.0,64.0
-35.34,1625449482.0,64.0
-37.26,1625449482.0,64.0
-39.6,1625449482.0,64.0
-42.36,1625449482.0,64.0
-45.34,1625449482.0,64.0
-48.12,1625449482.0,64.0
-49.99,1625449482.0,64.0
-50.23,1625449482.0,64.0
-48.25,1625449482.0,64.0
-43.85,1625449482.0,64.0
-37.26,1625449482.0,64.0
-29.01,1625449482.0,64.0
-19.73,1625449482.0,64.0
-10.0,1625449482.0,64.0
-0.29,1625449482.0,64.0
8.99,1625449482.0,64.0
17.33,1625449482.0,64.0
24.24,1625449482.0,64.0
29.3,1625449482.0,64.0
32.4,1625449482.0,64.0
33.8,1625449482.0,64.0
34.06,1625449482.0,64.0
33.92,1625449482.0,64.0
33.96,1625449482.0,64.0
34.49,1625449482.0,64.0
35.39,1625449482.0,64.0
36.25,1625449482.0,64.0
36.49,1625449482.0,64.0
35.66,1625449482.0,64.0
33.61,1625449482.0,64.0
30.52,1625449482.0,64.0
26.82,1625449482.0,64.0
23.0,1625449482.0,64.0
19.4,1625449482.0,64.0
16.11,1625449482.0,64.0
13.04,1625449482.0,64.0
10.03,1625449482.0,64.0
6.97,1625449482.0,64.0
3.92,1625449482.0,64.0
0.98,1625449482.0,64.0
-1.75,1625449482.0,64.0
-4.26,1625449482.0,64.0
-6.67,1625449482.0,64.0
-9.08,1625449482.0,64.0
-11.58,1625449482.0,64.0
-14.15,1625449482.0,64.0
-16.7,1625449482.0,64.0
-19.19,1625449482.0,64.0
-21.66,1625449482.0,64.0
-24.2,1625449482.0,64.0
-26.94,1625449482.0,64.0
-29.99,1625449482.0,64.0
-33.42,1625449482.0,64.0
-37.18,1625449482.0,64.0
-41.15,1625449482.0,64.0
-45.02,1625449482.0,64.0
-48.3,1625449482.0,64.0
-50.3,1625449482.0,64.0
-50.29,1625449482.0,64.0
-47.71,1625449482.0,64.0
-42.41,1625449482.0,64.0
-34.71,1625449482.0,64.0
-25.38,1625449482.0,64.0
-15.39,1625449482.0,64.0
-5.6,1625449482.0,64.0
3.37,1625449482.0,64.0
11.19,1625449482.0,64.0
17.66,1625449482.0,64.0
22.62,1625449482.0,64.0
25.89,1625449482.0,64.0
27.42,1625449482.0,64.0
27.41,1625449482.0,64.0
26.42,1625449482.0,64.0
25.21,1625449482.0,64.0
24.46,1625449482.0,64.0
24.55,1625449482.0,64.0
25.32,1625449482.0,64.0
26.24,1625449482.0,64.0
26.65,1625449482.0,64.0
26.09,1625449482.0,64.0
24.51,1625449482.0,64.0
22.23,1625449482.0,64.0
19.71,1625449482.0,64.0
17.29,1625449482.0,64.0
15.11,1625449482.0,64.0
13.05,1625449482.0,64.0
10.98,1625449482.0,64.0
8.84,1625449482.0,64.0
6.69,1625449482.0,64.0
4.73,1625449482.0,64.0
3.12,1625449482.0,64.0
2.0,1625449482.0,64.0
1.44,1625449482.0,64.0
1.45,1625449482.0,64.0
1.9,1625449482.0,64.0
2.49,1625449482.0,64.0
2.77,1625449482.0,64.0
2.22,1625449482.0,64.0
0.39,1625449482.0,64.0
-2.88,1625449482.0,64.0
-7.51,1625449482.0,64.0
-13.19,1625449482.0,64.0
-19.49,1625449482.0,64.0
-25.91,1625449482.0,64.0
-31.94,1625449482.0,64.0
-36.92,1625449482.0,64.0
-40.17,1625449482.0,64.0
-41.05,1625449482.0,64.0
-39.15,1625449482.0,64.0
-34.45,1625449482.0,64.0
-27.27,1625449482.0,64.0
-18.19,1625449482.0,64.0
-7.9,1625449482.0,64.0
2.87,1625449482.0,64.0
13.44,1625449482.0,64.0
23.13,1625449482.0,64.0
31.27,1625449482.0,64.0
37.34,1625449482.0,64.0
41.02,1625449482.0,64.0
42.38,1625449482.0,64.0
41.81,1625449482.0,64.0
39.97,1625449482.0,64.0
37.53,1625449482.0,64.0
35.04,1625449482.0,64.0
32.74,1625449482.0,64.0
30.64,1625449482.0,64.0
28.65,1625449482.0,64.0
26.65,1625449482.0,64.0
24.62,1625449482.0,64.0
22.64,1625449482.0,64.0
20.77,1625449482.0,64.0
19.02,1625449482.0,64.0
17.37,1625449482.0,64.0
15.73,1625449482.0,64.0
14.07,1625449482.0,64.0
12.37,1625449482.0,64.0
10.59,1625449482.0,64.0
8.67,1625449482.0,64.0
6.52,1625449482.0,64.0
4.09,1625449482.0,64.0
1.37,1625449482.0,64.0
-1.61,1625449482.0,64.0
-4.86,1625449482.0,64.0
-8.46,1625449482.0,64.0
-12.54,1625449482.0,64.0
-17.2,1625449482.0,64.0
-22.36,1625449482.0,64.0
-27.76,1625449482.0,64.0
-33.07,1625449482.0,64.0
-38.07,1625449482.0,64.0
-42.64,1625449482.0,64.0
-46.72,1625449482.0,64.0
-50.1,1625449482.0,64.0
-52.23,1625449482.0,64.0
-52.38,1625449482.0,64.0
-49.84,1625449482.0,64.0
-44.33,1625449482.0,64.0
-36.23,1625449482.0,64.0
-26.45,1625449482.0,64.0
-16.14,1625449482.0,64.0
-6.19,1625449482.0,64.0
2.94,1625449482.0,64.0
11.23,1625449482.0,64.0
18.78,1625449482.0,64.0
25.53,1625449482.0,64.0
31.16,1625449482.0,64.0
35.23,1625449482.0,64.0
37.43,1625449482.0,64.0
37.9,1625449482.0,64.0
37.16,1625449482.0,64.0
36.01,1625449482.0,64.0
35.1,1625449482.0,64.0
34.77,1625449482.0,64.0
34.85,1625449482.0,64.0
34.87,1625449482.0,64.0
34.26,1625449482.0,64.0
32.63,1625449482.0,64.0
29.92,1625449482.0,64.0
26.39,1625449482.0,64.0
22.5,1625449482.0,64.0
18.68,1625449482.0,64.0
15.16,1625449482.0,64.0
11.96,1625449482.0,64.0
8.85,1625449482.0,64.0
5.54,1625449482.0,64.0
1.84,1625449482.0,64.0
-2.24,1625449482.0,64.0
-6.5,1625449482.0,64.0
-10.56,1625449482.0,64.0
-14.11,1625449482.0,64.0
-17.01,1625449482.0,64.0
-19.39,1625449482.0,64.0
-21.61,1625449482.0,64.0
-24.15,1625449482.0,64.0
-27.37,1625449482.0,64.0
-31.46,1625449482.0,64.0
-36.34,1625449482.0,64.0
-41.74,1625449482.0,64.0
-47.25,1625449482.0,64.0
-52.44,1625449482.0,64.0
-56.8,1625449482.0,64.0
-59.74,1625449482.0,64.0
-60.68,1625449482.0,64.0
-59.09,1625449482.0,64.0
-54.78,1625449482.0,64.0
-47.88,1625449482.0,64.0
-38.86,1625449482.0,64.0
-28.39,1625449482.0,64.0
-17.11,1625449482.0,64.0
-5.52,1625449482.0,64.0
6.04,1625449482.0,64.0
17.23,1625449482.0,64.0
27.53,1625449482.0,64.0
36.2,1625449482.0,64.0
42.34,1625449482.0,64.0
45.24,1625449482.0,64.0
44.71,1625449482.0,64.0
41.36,1625449482.0,64.0
36.53,1625449482.0,64.0
31.88,1625449482.0,64.0
28.8,1625449482.0,64.0
27.83,1625449482.0,64.0
28.6,1625449482.0,64.0
30.04,1625449482.0,64.0
31.1,1625449482.0,64.0
31.22,1625449482.0,64.0
30.55,1625449482.0,64.0
29.65,1625449482.0,64.0
28.85,1625449482.0,64.0
27.92,1625449482.0,64.0
26.02,1625449482.0,64.0
22.19,1625449482.0,64.0
15.92,1625449482.0,64.0
7.53,1625449482.0,64.0
-1.8,1625449482.0,64.0
-10.55,1625449482.0,64.0
-17.38,1625449482.0,64.0
-21.64,1625449482.0,64.0
-23.46,1625449482.0,64.0
-23.62,1625449482.0,64.0
-23.2,1625449482.0,64.0
-23.23,1625449482.0,64.0
-24.39,1625449482.0,64.0
-26.95,1625449482.0,64.0
-30.73,1625449482.0,64.0
-35.33,1625449482.0,64.0
-40.32,1625449482.0,64.0
-45.32,1625449482.0,64.0
-50.08,1625449482.0,64.0
-54.3,1625449482.0,64.0
-57.52,1625449482.0,64.0
-59.03,1625449482.0,64.0
-58.04,1625449482.0,64.0
-53.98,1625449482.0,64.0
-46.81,1625449482.0,64.0
-37.11,1625449482.0,64.0
-25.92,1625449482.0,64.0
-14.34,1625449482.0,64.0
-3.21,1625449482.0,64.0
7.15,1625449482.0,64.0
16.75,1625449482.0,64.0
25.64,1625449482.0,64.0
33.66,1625449482.0,64.0
40.37,1625449482.0,64.0
45.26,1625449482.0,64.0
48.01,1625449482.0,64.0
48.74,1625449482.0,64.0
47.93,1625449482.0,64.0
46.29,1625449482.0,64.0
44.42,1625449482.0,64.0
42.62,1625449482.0,64.0
40.89,1625449482.0,64.0
39.02,1625449482.0,64.0
36.83,1625449482.0,64.0
34.25,1625449482.0,64.0
31.36,1625449482.0,64.0
28.28,1625449482.0,64.0
25.11,1625449482.0,64.0
21.9,1625449482.0,64.0
18.63,1625449482.0,64.0
15.27,1625449482.0,64.0
11.82,1625449482.0,64.0
8.31,1625449482.0,64.0
4.81,1625449482.0,64.0
1.41,1625449482.0,64.0
-1.81,1625449482.0,64.0
-4.77,1625449482.0,64.0
-7.44,1625449482.0,64.0
-9.88,1625449482.0,64.0
-12.26,1625449482.0,64.0
-14.81,1625449482.0,64.0
-17.75,1625449482.0,64.0
-21.23,1625449482.0,64.0
-25.22,1625449482.0,64.0
-29.63,1625449482.0,64.0
-34.27,1625449482.0,64.0
-39.03,1625449482.0,64.0
-43.75,1625449482.0,64.0
-48.14,1625449482.0,64.0
-51.71,1625449482.0,64.0
-53.68,1625449482.0,64.0
-53.25,1625449482.0,64.0
-49.86,1625449482.0,64.0
-43.49,1625449482.0,64.0
-34.69,1625449482.0,64.0
-24.44,1625449482.0,64.0
-13.73,1625449482.0,64.0
-3.28,1625449482.0,64.0
6.55,1625449482.0,64.0
15.58,1625449482.0,64.0
23.61,1625449482.0,64.0
30.24,1625449482.0,64.0
34.95,1625449482.0,64.0
37.44,1625449482.0,64.0
37.86,1625449482.0,64.0
36.85,1625449482.0,64.0
35.35,1625449482.0,64.0
34.15,1625449482.0,64.0
33.63,1625449482.0,64.0
33.62,1625449482.0,64.0
33.56,1625449482.0,64.0
32.89,1625449482.0,64.0
31.26,1625449482.0,64.0
28.68,1625449482.0,64.0
25.45,1625449482.0,64.0
21.95,1625449482.0,64.0
18.45,1625449482.0,64.0
15.06,1625449482.0,64.0
11.74,1625449482.0,64.0
8.45,1625449482.0,64.0
5.15,1625449482.0,64.0
1.87,1625449482.0,64.0
-1.27,1625449482.0,64.0
-4.17,1625449482.0,64.0
-6.72,1625449482.0,64.0
-8.96,1625449482.0,64.0
-11.04,1625449482.0,64.0
-13.27,1625449482.0,64.0
-15.94,1625449482.0,64.0
-19.23,1625449482.0,64.0
-22.98,1625449482.0,64.0
-26.83,1625449482.0,64.0
-30.37,1625449482.0,64.0
-33.35,1625449482.0,64.0
-35.9,1625449482.0,64.0
-38.39,1625449482.0,64.0
-41.14,1625449482.0,64.0
-44.01,1625449482.0,64.0
-46.35,1625449482.0,64.0
-47.05,1625449482.0,64.0
-45.07,1625449482.0,64.0
-39.86,1625449482.0,64.0
-31.6,1625449482.0,64.0
-21.21,1625449482.0,64.0
-9.94,1625449482.0,64.0
0.97,1625449482.0,64.0
10.58,1625449482.0,64.0
18.33,1625449482.0,64.0
24.02,1625449482.0,64.0
27.76,1625449482.0,64.0
29.97,1625449482.0,64.0
31.38,1625449482.0,64.0
32.86,1625449482.0,64.0
35.23,1625449482.0,64.0
38.91,1625449482.0,64.0
43.76,1625449482.0,64.0
48.92,1625449482.0,64.0
53.11,1625449482.0,64.0
55.04,1625449482.0,64.0
53.86,1625449482.0,64.0
49.5,1625449482.0,64.0
42.72,1625449482.0,64.0
34.74,1625449482.0,64.0
26.83,1625449482.0,64.0
19.83,1625449482.0,64.0
14.01,1625449482.0,64.0
9.17,1625449482.0,64.0
4.98,1625449482.0,64.0
1.26,1625449482.0,64.0
-1.93,1625449482.0,64.0
-4.34,1625449482.0,64.0
-5.78,1625449482.0,64.0
-6.29,1625449482.0,64.0
-6.21,1625449482.0,64.0
-6.04,1625449482.0,64.0
-6.34,1625449482.0,64.0
-7.55,1625449482.0,64.0
-9.9,1625449482.0,64.0
-13.4,1625449482.0,64.0
-17.91,1625449482.0,64.0
-23.22,1625449482.0,64.0
-29.06,1625449482.0,64.0
-35.08,1625449482.0,64.0
-40.79,1625449482.0,64.0
-45.51,1625449482.0,64.0
-48.38,1625449482.0,64.0
-48.57,1625449482.0,64.0
-45.55,1625449482.0,64.0
-39.33,1625449482.0,64.0
-30.56,1625449482.0,64.0
-20.26,1625449482.0,64.0
-9.44,1625449482.0,64.0
1.17,1625449482.0,64.0
11.24,1625449482.0,64.0
20.67,1625449482.0,64.0
29.29,1625449482.0,64.0
36.66,1625449482.0,64.0
42.13,1625449482.0,64.0
45.14,1625449482.0,64.0
45.56,1625449482.0,64.0
43.85,1625449482.0,64.0
40.96,1625449482.0,64.0
37.92,1625449482.0,64.0
35.49,1625449482.0,64.0
33.9,1625449482.0,64.0
32.89,1625449482.0,64.0
31.93,1625449482.0,64.0
30.53,1625449482.0,64.0
28.43,1625449482.0,64.0
25.65,1625449482.0,64.0
22.39,1625449482.0,64.0
18.84,1625449482.0,64.0
15.21,1625449482.0,64.0
11.59,1625449482.0,64.0
8.04,1625449482.0,64.0
4.58,1625449482.0,64.0
1.24,1625449482.0,64.0
-1.94,1625449482.0,64.0
-4.95,1625449482.0,64.0
-7.77,1625449482.0,64.0
-10.43,1625449482.0,64.0
-12.98,1625449482.0,64.0
-15.54,1625449482.0,64.0
-18.27,1625449482.0,64.0
-21.36,1625449482.0,64.0
-24.86,1625449482.0,64.0
-28.77,1625449482.0,64.0
-32.98,1625449482.0,64.0
-37.36,1625449482.0,64.0
-41.8,1625449482.0,64.0
-46.15,1625449482.0,64.0
-50.08,1625449482.0,64.0
-53.02,1625449482.0,64.0
-54.22,1625449482.0,64.0
-52.97,1625449482.0,64.0
-48.83,1625449482.0,64.0
-41.93,1625449482.0,64.0
-32.84,1625449482.0,64.0
-22.48,1625449482.0,64.0
-11.72,1625449482.0,64.0
-1.25,1625449482.0,64.0
8.54,1625449482.0,64.0
17.39,1625449482.0,64.0
25.04,1625449482.0,64.0
31.1,1625449482.0,64.0
35.19,1625449482.0,64.0
37.11,1625449482.0,64.0
37.03,1625449482.0,64.0
35.54,1625449482.0,64.0
33.45,1625449482.0,64.0
31.59,1625449482.0,64.0
30.43,1625449482.0,64.0
30.01,1625449482.0,64.0
29.94,1625449482.0,64.0
29.69,1625449482.0,64.0
28.77,1625449482.0,64.0
26.95,1625449482.0,64.0
24.27,1625449482.0,64.0
20.91,1625449482.0,64.0
17.13,1625449482.0,64.0
13.16,1625449482.0,64.0
9.18,1625449482.0,64.0
5.31,1625449482.0,64.0
1.65,1625449482.0,64.0
-1.7,1625449482.0,64.0
-4.73,1625449482.0,64.0
-7.45,1625449482.0,64.0
-9.97,1625449482.0,64.0
-12.4,1625449482.0,64.0
-14.89,1625449482.0,64.0
-17.57,1625449482.0,64.0
-20.57,1625449482.0,64.0
-23.95,1625449482.0,64.0
-27.68,1625449482.0,64.0
-31.69,1625449482.0,64.0
-35.91,1625449482.0,64.0
-40.29,1625449482.0,64.0
-44.79,1625449482.0,64.0
-49.26,1625449482.0,64.0
-53.27,1625449482.0,64.0
-56.12,1625449482.0,64.0
-56.92,1625449482.0,64.0
-54.92,1625449482.0,64.0
-49.78,1625449482.0,64.0
-41.75,1625449482.0,64.0
-31.62,1625449482.0,64.0
-20.41,1625449482.0,64.0
-9.07,1625449482.0,64.0
1.86,1625449482.0,64.0
12.22,1625449482.0,64.0
22.06,1625449482.0,64.0
31.35,1625449482.0,64.0
39.8,1625449482.0,64.0
46.89,1625449482.0,64.0
52.11,1625449482.0,64.0
55.19,1625449482.0,64.0
56.25,1625449482.0,64.0
55.7,1625449482.0,64.0
54.04,1625449482.0,64.0
51.62,1625449482.0,64.0
48.55,1625449482.0,64.0
44.73,1625449482.0,64.0
40.07,1625449482.0,64.0
34.61,1625449482.0,64.0
28.54,1625449482.0,64.0
22.18,1625449482.0,64.0
15.89,1625449482.0,64.0
10.07,1625449482.0,64.0
5.11,1625449482.0,64.0
1.36,1625449482.0,64.0
-0.96,1625449482.0,64.0
-1.87,1625449482.0,64.0
-1.76,1625449482.0,64.0
-1.29,1625449482.0,64.0
-1.2,1625449482.0,64.0
-2.1,1625449482.0,64.0
-4.25,1625449482.0,64.0
-7.59,1625449482.0,64.0
-11.78,1625449482.0,64.0
-16.46,1625449482.0,64.0
-21.34,1625449482.0,64.0
-26.28,1625449482.0,64.0
-31.19,1625449482.0,64.0
-35.99,1625449482.0,64.0
-40.53,1625449482.0,64.0
-44.64,1625449482.0,64.0
-48.19,1625449482.0,64.0
-51.13,1625449482.0,64.0
-53.39,1625449482.0,64.0
-54.82,1625449482.0,64.0
-55.05,1625449482.0,64.0
-53.63,1625449482.0,64.0
-50.11,1625449482.0,64.0
-44.3,1625449482.0,64.0
-36.36,1625449482.0,64.0
-26.78,1625449482.0,64.0
-16.19,1625449482.0,64.0
-5.21,1625449482.0,64.0
5.64,1625449482.0,64.0
15.95,1625449482.0,64.0
25.26,1625449482.0,64.0
33.1,1625449482.0,64.0
39.01,1625449482.0,64.0
42.73,1625449482.0,64.0
44.31,1625449482.0,64.0
44.19,1625449482.0,64.0
43.06,1625449482.0,64.0
41.62,1625449482.0,64.0
40.43,1625449482.0,64.0
39.76,1625449482.0,64.0
39.54,1625449482.0,64.0
39.5,1625449482.0,64.0
39.25,1625449482.0,64.0
38.4,1625449482.0,64.0
36.69,1625449482.0,64.0
33.98,1625449482.0,64.0
30.28,1625449482.0,64.0
25.74,1625449482.0,64.0
20.62,1625449482.0,64.0
15.28,1625449482.0,64.0
10.11,1625449482.0,64.0
5.42,1625449482.0,64.0
1.39,1625449482.0,64.0
-2.0,1625449482.0,64.0
-4.92,1625449482.0,64.0
-7.61,1625449482.0,64.0
-10.24,1625449482.0,64.0
-12.89,1625449482.0,64.0
-15.58,1625449482.0,64.0
-18.32,1625449482.0,64.0
-21.17,1625449482.0,64.0
-24.22,1625449482.0,64.0
-27.53,1625449482.0,64.0
-31.05,1625449482.0,64.0
-34.66,1625449482.0,64.0
-38.23,1625449482.0,64.0
-41.78,1625449482.0,64.0
-45.4,1625449482.0,64.0
-49.16,1625449482.0,64.0
-52.88,1625449482.0,64.0
-55.97,1625449482.0,64.0
-57.56,1625449482.0,64.0
-56.71,1625449482.0,64.0
-52.89,1625449482.0,64.0
-46.12,1625449482.0,64.0
-36.99,1625449482.0,64.0
-26.39,1625449482.0,64.0
-15.21,1625449482.0,64.0
-4.09,1625449482.0,64.0
6.48,1625449482.0,64.0
16.04,1625449482.0,64.0
24.07,1625449482.0,64.0
29.99,1625449482.0,64.0
33.5,1625449482.0,64.0
34.84,1625449482.0,64.0
34.89,1625449482.0,64.0
35.02,1625449482.0,64.0
36.47,1625449482.0,64.0
39.9,1625449482.0,64.0
45.02,1625449482.0,64.0
50.73,1625449482.0,64.0
55.48,1625449482.0,64.0
57.93,1625449482.0,64.0
57.33,1625449482.0,64.0
53.71,1625449482.0,64.0
47.7,1625449482.0,64.0
40.18,1625449482.0,64.0
31.97,1625449482.0,64.0
23.54,1625449482.0,64.0
15.05,1625449482.0,64.0
6.53,1625449482.0,64.0
-1.89,1625449482.0,64.0
-9.85,1625449482.0,64.0
-16.71,1625449482.0,64.0
-21.8,1625449482.0,64.0
-24.68,1625449482.0,64.0
-25.33,1625449482.0,64.0
-24.15,1625449482.0,64.0
-21.85,1625449482.0,64.0
-19.19,1625449482.0,64.0
-16.82,1625449482.0,64.0
-15.27,1625449482.0,64.0
-14.94,1625449482.0,64.0
-16.12,1625449482.0,64.0
-18.95,1625449482.0,64.0
-23.38,1625449482.0,64.0
-29.17,1625449482.0,64.0
-35.85,1625449482.0,64.0
-42.84,1625449482.0,64.0
-49.44,1625449482.0,64.0
-54.87,1625449482.0,64.0
-58.36,1625449482.0,64.0
-59.19,1625449482.0,64.0
-56.96,1625449482.0,64.0
-51.66,1625449482.0,64.0
-43.65,1625449482.0,64.0
-33.57,1625449482.0,64.0
-22.05,1625449482.0,64.0
-9.69,1625449482.0,64.0
2.92,1625449482.0,64.0
15.07,1625449482.0,64.0
25.91,1625449482.0,64.0
34.53,1625449482.0,64.0
40.35,1625449482.0,64.0
43.27,1625449482.0,64.0
43.81,1625449482.0,64.0
42.83,1625449482.0,64.0
41.26,1625449482.0,64.0
39.76,1625449482.0,64.0
38.59,1625449482.0,64.0
37.66,1625449482.0,64.0
36.68,1625449482.0,64.0
35.34,1625449482.0,64.0
33.46,1625449482.0,64.0
30.98,1625449482.0,64.0
28.02,1625449482.0,64.0
24.74,1625449482.0,64.0
21.38,1625449482.0,64.0
18.12,1625449482.0,64.0
15.16,1625449482.0,64.0
12.59,1625449482.0,64.0
10.49,1625449482.0,64.0
8.85,1625449482.0,64.0
7.56,1625449482.0,64.0
6.43,1625449482.0,64.0
5.21,1625449482.0,64.0
3.65,1625449482.0,64.0
1.61,1625449482.0,64.0
-0.91,1625449482.0,64.0
-3.87,1625449482.0,64.0
-7.12,1625449482.0,64.0
-10.6,1625449482.0,64.0
-14.25,1625449482.0,64.0
-18.07,1625449482.0,64.0
-22.04,1625449482.0,64.0
-26.18,1625449482.0,64.0
-30.5,1625449482.0,64.0
-34.9,1625449482.0,64.0
-39.06,1625449482.0,64.0
-42.35,1625449482.0,64.0
-43.92,1625449482.0,64.0
-42.95,1625449482.0,64.0
-39.0,1625449482.0,64.0
-32.2,1625449482.0,64.0
-23.3,1625449482.0,64.0
-13.38,1625449482.0,64.0
-3.43,1625449482.0,64.0
5.9,1625449482.0,64.0
14.36,1625449482.0,64.0
21.9,1625449482.0,64.0
28.37,1625449482.0,64.0
33.48,1625449482.0,64.0
36.85,1625449482.0,64.0
38.32,1625449482.0,64.0
38.12,1625449482.0,64.0
36.91,1625449482.0,64.0
35.5,1625449482.0,64.0
34.53,1625449482.0,64.0
34.22,1625449482.0,64.0
34.35,1625449482.0,64.0
34.41,1625449482.0,64.0
33.83,1625449482.0,64.0
32.28,1625449482.0,64.0
29.69,1625449482.0,64.0
26.28,1625449482.0,64.0
22.4,1625449482.0,64.0
18.37,1625449482.0,64.0
14.46,1625449482.0,64.0
10.76,1625449482.0,64.0
7.26,1625449482.0,64.0
3.88,1625449482.0,64.0
0.57,1625449482.0,64.0
-2.72,1625449482.0,64.0
-5.92,1625449482.0,64.0
-8.95,1625449482.0,64.0
-11.64,1625449482.0,64.0
-13.79,1625449482.0,64.0
-15.26,1625449482.0,64.0
-16.0,1625449482.0,64.0
-16.2,1625449482.0,64.0
-16.24,1625449482.0,64.0
-16.7,1625449482.0,64.0
-18.14,1625449482.0,64.0
-20.96,1625449482.0,64.0
-25.27,1625449482.0,64.0
-30.85,1625449482.0,64.0
-37.22,1625449482.0,64.0
-43.75,1625449482.0,64.0
-49.75,1625449482.0,64.0
-54.52,1625449482.0,64.0
-57.47,1625449482.0,64.0
-58.13,1625449482.0,64.0
-56.21,1625449482.0,64.0
-51.59,1625449482.0,64.0
-44.29,1625449482.0,64.0
-34.51,1625449482.0,64.0
-22.61,1625449482.0,64.0
-9.22,1625449482.0,64.0
4.82,1625449482.0,64.0
18.38,1625449482.0,64.0
30.21,1625449482.0,64.0
39.23,1625449482.0,64.0
44.82,1625449482.0,64.0
46.93,1625449482.0,64.0
46.18,1625449482.0,64.0
43.54,1625449482.0,64.0
40.06,1625449482.0,64.0
36.54,1625449482.0,64.0
33.38,1625449482.0,64.0
30.66,1625449482.0,64.0
28.25,1625449482.0,64.0
26.05,1625449482.0,64.0
23.99,1625449482.0,64.0
22.07,1625449482.0,64.0
20.25,1625449482.0,64.0
18.4,1625449482.0,64.0
16.45,1625449482.0,64.0
14.38,1625449482.0,64.0
12.27,1625449482.0,64.0
10.26,1625449482.0,64.0
8.44,1625449482.0,64.0
6.76,1625449482.0,64.0
5.02,1625449482.0,64.0
2.98,1625449482.0,64.0
0.41,1625449482.0,64.0
-2.78,1625449482.0,64.0
-6.55,1625449482.0,64.0
-10.73,1625449482.0,64.0
-15.08,1625449482.0,64.0
-19.41,1625449482.0,64.0
-23.58,1625449482.0,64.0
-27.57,1625449482.0,64.0
-31.47,1625449482.0,64.0
-35.43,1625449482.0,64.0
-39.59,1625449482.0,64.0
-43.99,1625449482.0,64.0
-48.52,1625449482.0,64.0
-52.85,1625449482.0,64.0
-56.44,1625449482.0,64.0
-58.6,1625449482.0,64.0
-58.57,1625449482.0,64.0
-55.78,1625449482.0,64.0
-50.08,1625449482.0,64.0
-41.77,1625449482.0,64.0
-31.63,1625449482.0,64.0
-20.63,1625449482.0,64.0
-9.62,1625449482.0,64.0
0.8,1625449482.0,64.0
10.4,1625449482.0,64.0
19.05,1625449482.0,64.0
26.61,1625449482.0,64.0
32.79,1625449482.0,64.0
37.28,1625449482.0,64.0
39.95,1625449482.0,64.0
41.0,1625449482.0,64.0
41.0,1625449482.0,64.0
40.66,1625449482.0,64.0
40.56,1625449482.0,64.0
40.87,1625449482.0,64.0
41.3,1625449482.0,64.0
41.32,1625449482.0,64.0
40.37,1625449482.0,64.0
38.18,1625449482.0,64.0
34.88,1625449482.0,64.0
30.89,1625449482.0,64.0
26.71,1625449482.0,64.0
22.71,1625449482.0,64.0
18.99,1625449482.0,64.0
15.46,1625449482.0,64.0
11.98,1625449482.0,64.0
8.48,1625449482.0,64.0
5.01,1625449482.0,64.0
1.7,1625449482.0,64.0
-1.31,1625449482.0,64.0
-4.02,1625449482.0,64.0
-6.51,1625449482.0,64.0
-8.94,1625449482.0,64.0
-11.41,1625449482.0,64.0
-13.97,1625449482.0,64.0
-16.56,1625449482.0,64.0
-19.09,1625449482.0,64.0
-21.53,1625449482.0,64.0
-23.97,1625449482.0,64.0
-26.58,1625449482.0,64.0
-29.6,1625449482.0,64.0
-33.25,1625449482.0,64.0
-37.64,1625449482.0,64.0
-42.61,1625449482.0,64.0
-47.74,1625449482.0,64.0
-52.29,1625449482.0,64.0
-55.37,1625449482.0,64.0
-56.12,1625449482.0,64.0
-53.99,1625449482.0,64.0
-48.89,1625449482.0,64.0
-41.29,1625449482.0,64.0
-31.97,1625449482.0,64.0
-21.85,1625449482.0,64.0
-11.69,1625449482.0,64.0
-1.98,1625449482.0,64.0
7.0,1625449482.0,64.0
15.05,1625449482.0,64.0
21.92,1625449482.0,64.0
27.37,1625449482.0,64.0
31.26,1625449482.0,64.0
33.75,1625449482.0,64.0
35.24,1625449482.0,64.0
36.26,1625449482.0,64.0
37.22,1625449482.0,64.0
38.2,1625449482.0,64.0
39.01,1625449482.0,64.0
39.23,1625449482.0,64.0
38.49,1625449482.0,64.0
36.65,1625449482.0,64.0
33.91,1625449482.0,64.0
30.72,1625449482.0,64.0
27.64,1625449482.0,64.0
25.18,1625449482.0,64.0
23.56,1625449482.0,64.0
22.7,1625449482.0,64.0
22.16,1625449482.0,64.0
21.36,1625449482.0,64.0
19.7,1625449482.0,64.0
16.8,1625449482.0,64.0
12.57,1625449482.0,64.0
7.26,1625449482.0,64.0
1.29,1625449482.0,64.0
-4.92,1625449482.0,64.0
-11.09,1625449482.0,64.0
-17.06,1625449482.0,64.0
-22.74,1625449482.0,64.0
-27.96,1625449482.0,64.0
-32.46,1625449482.0,64.0
-35.9,1625449482.0,64.0
-38.03,1625449482.0,64.0
-38.8,1625449482.0,64.0
-38.54,1625449482.0,64.0
-37.83,1625449482.0,64.0
-37.43,1625449482.0,64.0
-37.96,1625449482.0,64.0
-39.69,1625449482.0,64.0
-42.31,1625449482.0,64.0
-45.02,1625449482.0,64.0
-46.74,1625449482.0,64.0
-46.48,1625449482.0,64.0
-43.66,1625449482.0,64.0
-38.3,1625449482.0,64.0
-31.0,1625449482.0,64.0
-22.61,1625449482.0,64.0
-13.94,1625449482.0,64.0
-5.46,1625449482.0,64.0
2.62,1625449482.0,64.0
10.26,1625449482.0,64.0
17.34,1625449482.0,64.0
23.59,1625449482.0,64.0
28.69,1625449482.0,64.0
32.46,1625449482.0,64.0
35.01,1625449482.0,64.0
36.76,1625449482.0,64.0
38.24,1625449482.0,64.0
39.85,1625449482.0,64.0
41.64,1625449482.0,64.0
43.36,1625449482.0,64.0
44.49,1625449482.0,64.0
44.52,1625449482.0,64.0
43.11,1625449482.0,64.0
40.19,1625449482.0,64.0
36.0,1625449482.0,64.0
31.0,1625449482.0,64.0
25.76,1625449482.0,64.0
20.79,1625449482.0,64.0
16.41,1625449482.0,64.0
12.7,1625449482.0,64.0
9.52,1625449482.0,64.0
6.68,1625449482.0,64.0
4.0,1625449482.0,64.0
1.49,1625449482.0,64.0
-0.74,1625449482.0,64.0
-2.5,1625449482.0,64.0
-3.74,1625449482.0,64.0
-4.56,1625449482.0,64.0
-5.23,1625449482.0,64.0
-6.14,1625449482.0,64.0
-7.59,1625449482.0,64.0
-9.71,1625449482.0,64.0
-12.41,1625449482.0,64.0
-15.49,1625449482.0,64.0
-18.75,1625449482.0,64.0
-22.15,1625449482.0,64.0
-25.72,1625449482.0,64.0
-29.43,1625449482.0,64.0
-32.92,1625449482.0,64.0
-35.47,1625449482.0,64.0
-36.16,1625449482.0,64.0
-34.18,1625449482.0,64.0
-29.24,1625449482.0,64.0
-21.78,1625449482.0,64.0
-12.76,1625449482.0,64.0
-3.3,1625449482.0,64.0
5.71,1625449482.0,64.0
13.85,1625449482.0,64.0
21.07,1625449482.0,64.0
27.4,1625449482.0,64.0
32.7,1625449482.0,64.0
36.59,1625449482.0,64.0
38.67,1625449482.0,64.0
38.85,1625449482.0,64.0
37.55,1625449482.0,64.0
35.6,1625449482.0,64.0
33.92,1625449482.0,64.0
33.14,1625449482.0,64.0
33.28,1625449482.0,64.0
33.81,1625449482.0,64.0
33.88,1625449482.0,64.0
32.76,1625449482.0,64.0
30.13,1625449482.0,64.0
26.14,1625449482.0,64.0
21.28,1625449482.0,64.0
16.2,1625449482.0,64.0
11.43,1625449482.0,64.0
7.32,1625449482.0,64.0
3.97,1625449482.0,64.0
1.27,1625449482.0,64.0
-1.08,1625449482.0,64.0
-3.37,1625449482.0,64.0
-5.88,1625449482.0,64.0
-8.68,1625449482.0,64.0
-11.67,1625449482.0,64.0
-14.64,1625449482.0,64.0
-17.43,1625449482.0,64.0
-20.05,1625449482.0,64.0
-22.7,1625449482.0,64.0
-25.62,1625449482.0,64.0
-28.99,1625449482.0,64.0
-32.79,1625449482.0,64.0
-36.87,1625449482.0,64.0
-41.04,1625449482.0,64.0
-45.09,1625449482.0,64.0
-48.77,1625449482.0,64.0
-51.56,1625449482.0,64.0
-52.7,1625449482.0,64.0
-51.29,1625449482.0,64.0
-46.63,1625449482.0,64.0
-38.63,1625449482.0,64.0
-27.96,1625449482.0,64.0
-15.95,1625449482.0,64.0
-4.14,1625449482.0,64.0
6.22,1625449482.0,64.0
14.48,1625449482.0,64.0
20.63,1625449482.0,64.0
25.0,1625449482.0,64.0
27.92,1625449482.0,64.0
29.5,1625449482.0,64.0
29.69,1625449482.0,64.0
28.57,1625449482.0,64.0
26.44,1625449482.0,64.0
23.99,1625449482.0,64.0
22.04,1625449482.0,64.0
21.28,1625449482.0,64.0
22.04,1625449482.0,64.0
24.13,1625449482.0,64.0
27.0,1625449482.0,64.0
29.89,1625449482.0,64.0
32.04,1625449482.0,64.0
32.85,1625449482.0,64.0
31.97,1625449482.0,64.0
29.31,1625449482.0,64.0
25.02,1625449482.0,64.0
19.5,1625449482.0,64.0
13.27,1625449482.0,64.0
6.92,1625449482.0,64.0
0.95,1625449482.0,64.0
-4.32,1625449482.0,64.0
-8.7,1625449482.0,64.0
-12.18,1625449482.0,64.0
-14.79,1625449482.0,64.0
-16.65,1625449482.0,64.0
-17.91,1625449482.0,64.0
-18.79,1625449482.0,64.0
-19.54,1625449482.0,64.0
-20.4,1625449482.0,64.0
-21.59,1625449482.0,64.0
-23.23,1625449482.0,64.0
-25.39,1625449482.0,64.0
-28.08,1625449482.0,64.0
-31.34,1625449482.0,64.0
-35.18,1625449482.0,64.0
-39.56,1625449482.0,64.0
-44.25,1625449482.0,64.0
-48.67,1625449482.0,64.0
-51.98,1625449482.0,64.0
-53.21,1625449482.0,64.0
-51.57,1625449482.0,64.0
-46.79,1625449482.0,64.0
-39.24,1625449482.0,64.0
-29.76,1625449482.0,64.0
-19.36,1625449482.0,64.0
-8.86,1625449482.0,64.0
1.34,1625449482.0,64.0
11.08,1625449482.0,64.0
20.31,1625449482.0,64.0
28.72,1625449482.0,64.0
35.76,1625449482.0,64.0
40.78,1625449482.0,64.0
43.4,1625449482.0,64.0
43.75,1625449482.0,64.0
42.48,1625449482.0,64.0
40.54,1625449482.0,64.0
38.78,1625449482.0,64.0
37.65,1625449482.0,64.0
37.06,1625449482.0,64.0
36.53,1625449482.0,64.0
35.47,1625449482.0,64.0
33.46,1625449482.0,64.0
30.37,1625449482.0,64.0
26.38,1625449482.0,64.0
21.87,1625449482.0,64.0
17.21,1625449482.0,64.0
12.71,1625449482.0,64.0
8.53,1625449482.0,64.0
4.71,1625449482.0,64.0
1.22,1625449482.0,64.0
-1.99,1625449482.0,64.0
-4.92,1625449482.0,64.0
-7.53,1625449482.0,64.0
-9.76,1625449482.0,64.0
-11.58,1625449482.0,64.0
-13.05,1625449482.0,64.0
-14.42,1625449482.0,64.0
-16.02,1625449482.0,64.0
-18.17,1625449482.0,64.0
-21.09,1625449482.0,64.0
-24.69,1625449482.0,64.0
-28.77,1625449482.0,64.0
-33.03,1625449482.0,64.0
-37.34,1625449482.0,64.0
-41.6,1625449482.0,64.0
-45.7,1625449482.0,64.0
-49.25,1625449482.0,64.0
-51.47,1625449482.0,64.0
-51.42,1625449482.0,64.0
-48.35,1625449482.0,64.0
-42.05,1625449482.0,64.0
-33.1,1625449482.0,64.0
-22.62,1625449482.0,64.0
-11.84,1625449482.0,64.0
-1.64,1625449482.0,64.0
7.63,1625449482.0,64.0
16.03,1625449482.0,64.0
23.7,1625449482.0,64.0
30.46,1625449482.0,64.0
35.87,1625449482.0,64.0
39.38,1625449482.0,64.0
40.73,1625449482.0,64.0
40.17,1625449482.0,64.0
38.49,1625449482.0,64.0
36.68,1625449482.0,64.0
35.55,1625449482.0,64.0
35.41,1625449482.0,64.0
35.99,1625449482.0,64.0
36.6,1625449482.0,64.0
36.47,1625449482.0,64.0
35.07,1625449482.0,64.0
32.3,1625449482.0,64.0
28.47,1625449482.0,64.0
24.13,1625449482.0,64.0
19.85,1625449482.0,64.0
16.02,1625449482.0,64.0
12.75,1625449482.0,64.0
9.9,1625449482.0,64.0
7.18,1625449482.0,64.0
4.32,1625449482.0,64.0
1.18,1625449482.0,64.0
-2.19,1625449482.0,64.0
-5.61,1625449482.0,64.0
-8.88,1625449482.0,64.0
-11.88,1625449482.0,64.0
-14.67,1625449482.0,64.0
-17.51,1625449482.0,64.0
-20.72,1625449482.0,64.0
-24.57,1625449482.0,64.0
-29.11,1625449482.0,64.0
-34.13,1625449482.0,64.0
-39.31,1625449482.0,64.0
-44.26,1625449482.0,64.0
-48.66,1625449482.0,64.0
-52.19,1625449482.0,64.0
-54.45,1625449482.0,64.0
-54.91,1625449482.0,64.0
-52.98,1625449482.0,64.0
-48.27,1625449482.0,64.0
-40.84,1625449482.0,64.0
-31.3,1625449482.0,64.0
-20.62,1625449482.0,64.0
-9.82,1625449482.0,64.0
0.41,1625449482.0,64.0
9.79,1625449482.0,64.0
18.3,1625449482.0,64.0
25.82,1625449482.0,64.0
31.9,1625449482.0,64.0
35.8,1625449482.0,64.0
36.9,1625449482.0,64.0
35.15,1625449482.0,64.0
31.38,1625449482.0,64.0
27.11,1625449482.0,64.0
24.0,1625449482.0,64.0
23.25,1625449482.0,64.0
25.1,1625449482.0,64.0
28.83,1625449482.0,64.0
33.14,1625449482.0,64.0
36.7,1625449482.0,64.0
38.62,1625449482.0,64.0
38.57,1625449482.0,64.0
36.65,1625449482.0,64.0
33.16,1625449482.0,64.0
28.37,1625449482.0,64.0
22.49,1625449482.0,64.0
15.76,1625449482.0,64.0
8.51,1625449482.0,64.0
1.21,1625449482.0,64.0
-5.61,1625449482.0,64.0
-11.54,1625449482.0,64.0
-16.31,1625449482.0,64.0
-19.9,1625449482.0,64.0
-22.44,1625449482.0,64.0
-24.14,1625449482.0,64.0
-25.24,1625449482.0,64.0
-25.96,1625449482.0,64.0
-26.48,1625449482.0,64.0
-26.93,1625449482.0,64.0
-27.4,1625449482.0,64.0
-28.0,1625449482.0,64.0
-28.86,1625449482.0,64.0
-30.22,1625449482.0,64.0
-32.31,1625449482.0,64.0
-35.21,1625449482.0,64.0
-38.66,1625449482.0,64.0
-41.98,1625449482.0,64.0
-44.24,1625449482.0,64.0
-44.51,1625449482.0,64.0
-42.21,1625449482.0,64.0
-37.34,1625449482.0,64.0
-30.38,1625449482.0,64.0
-22.04,1625449482.0,64.0
-12.97,1625449482.0,64.0
-3.56,1625449482.0,64.0
5.88,1625449482.0,64.0
15.02,1625449482.0,64.0
23.27,1625449482.0,64.0
29.96,1625449482.0,64.0
34.55,1625449482.0,64.0
36.95,1625449482.0,64.0
37.63,1625449482.0,64.0
37.47,1625449482.0,64.0
37.39,1625449482.0,64.0
37.94,1625449482.0,64.0
39.13,1625449482.0,64.0
40.47,1625449482.0,64.0
41.28,1625449482.0,64.0
40.99,1625449482.0,64.0
39.39,1625449482.0,64.0
36.65,1625449482.0,64.0
33.17,1625449482.0,64.0
29.39,1625449482.0,64.0
25.68,1625449482.0,64.0
22.23,1625449482.0,64.0
19.1,1625449482.0,64.0
16.25,1625449482.0,64.0
13.58,1625449482.0,64.0
10.98,1625449482.0,64.0
8.32,1625449482.0,64.0
5.53,1625449482.0,64.0
2.62,1625449482.0,64.0
-0.34,1625449482.0,64.0
-3.27,1625449482.0,64.0
-6.13,1625449482.0,64.0
-8.98,1625449482.0,64.0
-11.97,1625449482.0,64.0
-15.31,1625449482.0,64.0
-19.16,1625449482.0,64.0
-23.62,1625449482.0,64.0
-28.67,1625449482.0,64.0
-34.15,1625449482.0,64.0
-39.69,1625449482.0,64.0
-44.59,1625449482.0,64.0
-47.97,1625449482.0,64.0
-48.91,1625449482.0,64.0
-46.78,1625449482.0,64.0
-41.54,1625449482.0,64.0
-33.78,1625449482.0,64.0
-24.55,1625449482.0,64.0
-14.95,1625449482.0,64.0
-5.74,1625449482.0,64.0
2.79,1625449482.0,64.0
10.69,1625449482.0,64.0
18.03,1625449482.0,64.0
24.59,1625449482.0,64.0
29.89,1625449482.0,64.0
33.38,1625449482.0,64.0
34.83,1625449482.0,64.0
34.57,1625449482.0,64.0
33.42,1625449482.0,64.0
32.5,1625449482.0,64.0
32.86,1625449482.0,64.0
35.19,1625449482.0,64.0
39.66,1625449482.0,64.0
45.87,1625449482.0,64.0
52.94,1625449482.0,64.0
59.63,1625449482.0,64.0
64.59,1625449482.0,64.0
66.63,1625449482.0,64.0
65.01,1625449482.0,64.0
59.61,1625449482.0,64.0
50.87,1625449482.0,64.0
39.67,1625449482.0,64.0
26.98,1625449482.0,64.0
13.74,1625449482.0,64.0
0.76,1625449482.0,64.0
-11.33,1625449482.0,64.0
-21.98,1625449482.0,64.0
-30.79,1625449482.0,64.0
-37.53,1625449482.0,64.0
-42.18,1625449482.0,64.0
-44.89,1625449482.0,64.0
-45.98,1625449482.0,64.0
-45.94,1625449482.0,64.0
-45.33,1625449482.0,64.0
-44.77,1625449482.0,64.0
-44.83,1625449482.0,64.0
-45.91,1625449482.0,64.0
-48.11,1625449482.0,64.0
-51.19,1625449482.0,64.0
-54.58,1625449482.0,64.0
-57.44,1625449482.0,64.0
-58.91,1625449482.0,64.0
-58.21,1625449482.0,64.0
-54.96,1625449482.0,64.0
-49.18,1625449482.0,64.0
-41.32,1625449482.0,64.0
-32.08,1625449482.0,64.0
-22.12,1625449482.0,64.0
-11.92,1625449482.0,64.0
-1.72,1625449482.0,64.0
8.3,1625449482.0,64.0
17.87,1625449482.0,64.0
26.49,1625449482.0,64.0
33.61,1625449482.0,64.0
38.85,1625449482.0,64.0
42.22,1625449482.0,64.0
44.12,1625449482.0,64.0
45.14,1625449482.0,64.0
45.76,1625449482.0,64.0
46.13,1625449482.0,64.0
46.05,1625449482.0,64.0
45.19,1625449482.0,64.0
43.23,1625449482.0,64.0
40.14,1625449482.0,64.0
36.08,1625449482.0,64.0
31.36,1625449482.0,64.0
26.34,1625449482.0,64.0
21.36,1625449482.0,64.0
16.64,1625449482.0,64.0
12.32,1625449482.0,64.0
8.42,1625449482.0,64.0
4.81,1625449482.0,64.0
1.34,1625449482.0,64.0
-2.13,1625449482.0,64.0
-5.59,1625449482.0,64.0
-8.88,1625449482.0,64.0
-11.83,1625449482.0,64.0
-14.36,1625449482.0,64.0
-16.57,1625449482.0,64.0
-18.74,1625449482.0,64.0
-21.17,1625449482.0,64.0
-24.03,1625449482.0,64.0
-27.34,1625449482.0,64.0
-30.97,1625449482.0,64.0
-34.83,1625449482.0,64.0
-38.91,1625449482.0,64.0
-43.28,1625449482.0,64.0
-47.9,1625449482.0,64.0
-52.42,1625449482.0,64.0
-56.14,1625449482.0,64.0
-58.06,1625449482.0,64.0
-57.27,1625449482.0,64.0
-53.26,1625449482.0,64.0
-46.18,1625449482.0,64.0
-36.74,1625449482.0,64.0
-26.03,1625449482.0,64.0
-15.08,1625449482.0,64.0
-4.61,1625449482.0,64.0
5.1,1625449482.0,64.0
14.05,1625449482.0,64.0
22.29,1625449482.0,64.0
29.71,1625449482.0,64.0
35.94,1625449482.0,64.0
40.53,1625449482.0,64.0
43.22,1625449482.0,64.0
44.11,1625449482.0,64.0
43.7,1625449482.0,64.0
42.68,1625449482.0,64.0
41.65,1625449482.0,64.0
40.89,1625449482.0,64.0
40.28,1625449482.0,64.0
39.4,1625449482.0,64.0
37.84,1625449482.0,64.0
35.39,1625449482.0,64.0
32.16,1625449482.0,64.0
28.48,1625449482.0,64.0
24.7,1625449482.0,64.0
21.04,1625449482.0,64.0
17.48,1625449482.0,64.0
13.89,1625449482.0,64.0
10.13,1625449482.0,64.0
6.18,1625449482.0,64.0
2.19,1625449482.0,64.0
-1.61,1625449482.0,64.0
-5.0,1625449482.0,64.0
-7.89,1625449482.0,64.0
-10.33,1625449482.0,64.0
-12.47,1625449482.0,64.0
-14.58,1625449482.0,64.0
-16.89,1625449482.0,64.0
-19.61,1625449482.0,64.0
-22.81,1625449482.0,64.0
-26.47,1625449482.0,64.0
-30.44,1625449482.0,64.0
-34.53,1625449482.0,64.0
-38.61,1625449482.0,64.0
-42.68,1625449482.0,64.0
-46.79,1625449482.0,64.0
-50.87,1625449482.0,64.0
-54.52,1625449482.0,64.0
-56.97,1625449482.0,64.0
-57.19,1625449482.0,64.0
-54.33,1625449482.0,64.0
-48.12,1625449482.0,64.0
-39.0,1625449482.0,64.0
-28.02,1625449482.0,64.0
-16.45,1625449482.0,64.0
-5.32,1625449482.0,64.0
4.87,1625449482.0,64.0
14.05,1625449482.0,64.0
22.34,1625449482.0,64.0
29.81,1625449482.0,64.0
36.42,1625449482.0,64.0
42.17,1625449482.0,64.0
47.29,1625449482.0,64.0
52.28,1625449482.0,64.0
57.62,1625449482.0,64.0
63.34,1625449482.0,64.0
68.74,1625449482.0,64.0
72.54,1625449482.0,64.0
73.37,1625449482.0,64.0
70.29,1625449482.0,64.0
63.22,1625449482.0,64.0
52.82,1625449482.0,64.0
40.11,1625449482.0,64.0
26.05,1625449482.0,64.0
11.37,1625449482.0,64.0
-3.24,1625449482.0,64.0
-16.95,1625449482.0,64.0
-28.64,1625449482.0,64.0
-37.08,1625449482.0,64.0
-41.33,1625449482.0,64.0
-41.09,1625449482.0,64.0
-36.93,1625449482.0,64.0
-30.14,1625449482.0,64.0
-22.37,1625449482.0,64.0
-15.2,1625449482.0,64.0
-9.75,1625449482.0,64.0
-6.57,1625449482.0,64.0
-5.73,1625449482.0,64.0
-6.97,1625449482.0,64.0
-9.96,1625449482.0,64.0
-14.38,1625449482.0,64.0
-19.96,1625449482.0,64.0
-26.33,1625449482.0,64.0
-33.05,1625449482.0,64.0
-39.72,1625449482.0,64.0
-45.94,1625449482.0,64.0
-51.53,1625449482.0,64.0
-56.27,1625449482.0,64.0
-59.83,1625449482.0,64.0
-61.59,1625449482.0,64.0
-60.83,1625449482.0,64.0
-56.99,1625449482.0,64.0
-49.95,1625449482.0,64.0
-40.18,1625449482.0,64.0
-28.55,1625449482.0,64.0
-16.04,1625449482.0,64.0
-3.48,1625449482.0,64.0
8.49,1625449482.0,64.0
19.36,1625449482.0,64.0
28.55,1625449482.0,64.0
35.49,1625449482.0,64.0
39.72,1625449482.0,64.0
41.17,1625449482.0,64.0
40.26,1625449482.0,64.0
37.81,1625449482.0,64.0
34.84,1625449482.0,64.0
32.17,1625449482.0,64.0
30.25,1625449482.0,64.0
29.04,1625449482.0,64.0
28.19,1625449482.0,64.0
27.26,1625449482.0,64.0
25.97,1625449482.0,64.0
24.28,1625449482.0,64.0
22.36,1625449482.0,64.0
20.45,1625449482.0,64.0
18.69,1625449482.0,64.0
17.09,1625449482.0,64.0
15.51,1625449482.0,64.0
13.77,1625449482.0,64.0
11.74,1625449482.0,64.0
9.35,1625449482.0,64.0
6.7,1625449482.0,64.0
3.96,1625449482.0,64.0
1.35,1625449482.0,64.0
-0.96,1625449482.0,64.0
-2.96,1625449482.0,64.0
-4.8,1625449482.0,64.0
-6.73,1625449482.0,64.0
-8.98,1625449482.0,64.0
-11.62,1625449482.0,64.0
-14.52,1625449482.0,64.0
-17.52,1625449482.0,64.0
-20.48,1625449482.0,64.0
-23.45,1625449482.0,64.0
-26.48,1625449482.0,64.0
-29.52,1625449482.0,64.0
-32.14,1625449482.0,64.0
-33.59,1625449482.0,64.0
-33.05,1625449482.0,64.0
-29.98,1625449482.0,64.0
-24.33,1625449482.0,64.0
-16.65,1625449482.0,64.0
-7.8,1625449482.0,64.0
1.34,1625449482.0,64.0
10.15,1625449482.0,64.0
18.33,1625449482.0,64.0
25.73,1625449482.0,64.0
32.12,1625449482.0,64.0
37.17,1625449482.0,64.0
40.5,1625449482.0,64.0
41.91,1625449482.0,64.0
41.61,1625449482.0,64.0
40.21,1625449482.0,64.0
38.57,1625449482.0,64.0
37.39,1625449482.0,64.0
36.98,1625449482.0,64.0
37.14,1625449482.0,64.0
37.26,1625449482.0,64.0
36.73,1625449482.0,64.0
35.15,1625449482.0,64.0
32.54,1625449482.0,64.0
29.23,1625449482.0,64.0
25.64,1625449482.0,64.0
22.09,1625449482.0,64.0
18.69,1625449482.0,64.0
15.33,1625449482.0,64.0
11.83,1625449482.0,64.0
8.1,1625449482.0,64.0
4.15,1625449482.0,64.0
0.16,1625449482.0,64.0
-3.64,1625449482.0,64.0
-7.07,1625449482.0,64.0
-10.03,1625449482.0,64.0
-12.57,1625449482.0,64.0
-14.86,1625449482.0,64.0
-17.18,1625449482.0,64.0
-19.81,1625449482.0,64.0
-22.99,1625449482.0,64.0
-26.81,1625449482.0,64.0
-31.23,1625449482.0,64.0
-36.14,1625449482.0,64.0
-41.33,1625449482.0,64.0
-46.53,1625449482.0,64.0
-51.28,1625449482.0,64.0
-54.93,1625449482.0,64.0
-56.7,1625449482.0,64.0
-55.85,1625449482.0,64.0
-51.97,1625449482.0,64.0
-45.21,1625449482.0,64.0
-36.25,1625449482.0,64.0
-26.07,1625449482.0,64.0
-15.62,1625449482.0,64.0
-5.55,1625449482.0,64.0
3.86,1625449482.0,64.0
12.5,1625449482.0,64.0
20.23,1625449482.0,64.0
26.69,1625449482.0,64.0
31.44,1625449482.0,64.0
34.23,1625449482.0,64.0
35.2,1625449482.0,64.0
34.95,1625449482.0,64.0
34.32,1625449482.0,64.0
34.04,1625449482.0,64.0
34.4,1625449482.0,64.0
35.17,1625449482.0,64.0
35.72,1625449482.0,64.0
35.38,1625449482.0,64.0
33.79,1625449482.0,64.0
31.08,1625449482.0,64.0
27.85,1625449482.0,64.0
24.94,1625449482.0,64.0
23.04,1625449482.0,64.0
22.45,1625449482.0,64.0
22.91,1625449482.0,64.0
23.7,1625449482.0,64.0
23.83,1625449482.0,64.0
22.37,1625449482.0,64.0
18.78,1625449482.0,64.0
13.01,1625449482.0,64.0
5.56,1625449482.0,64.0
-2.76,1625449482.0,64.0
-11.06,1625449482.0,64.0
-18.7,1625449482.0,64.0
-25.38,1625449482.0,64.0
-31.16,1625449482.0,64.0
-36.27,1625449482.0,64.0
-40.92,1625449482.0,64.0
-45.24,1625449482.0,64.0
-49.28,1625449482.0,64.0
-53.11,1625449482.0,64.0
-56.78,1625449482.0,64.0
-60.26,1625449482.0,64.0
-63.22,1625449482.0,64.0
-64.89,1625449482.0,64.0
-64.31,1625449482.0,64.0
-60.63,1625449482.0,64.0
-53.57,1625449482.0,64.0
-43.69,1625449482.0,64.0
-32.2,1625449482.0,64.0
-20.51,1625449482.0,64.0
-9.63,1625449482.0,64.0
0.11,1625449482.0,64.0
9.04,1625449482.0,64.0
17.65,1625449482.0,64.0
26.1,1625449482.0,64.0
33.99,1625449482.0,64.0
40.48,1625449482.0,64.0
44.76,1625449482.0,64.0
46.5,1625449482.0,64.0
46.1,1625449482.0,64.0
44.53,1625449482.0,64.0
42.89,1625449482.0,64.0
41.97,1625449482.0,64.0
41.97,1625449482.0,64.0
42.5,1625449482.0,64.0
42.92,1625449482.0,64.0
42.64,1625449482.0,64.0
41.33,1625449482.0,64.0
38.99,1625449482.0,64.0
35.82,1625449482.0,64.0
32.06,1625449482.0,64.0
27.86,1625449482.0,64.0
23.33,1625449482.0,64.0
18.52,1625449482.0,64.0
13.57,1625449482.0,64.0
8.6,1625449482.0,64.0
3.75,1625449482.0,64.0
-0.86,1625449482.0,64.0
-5.18,1625449482.0,64.0
-9.15,1625449482.0,64.0
-12.76,1625449482.0,64.0
-16.0,1625449482.0,64.0
-18.93,1625449482.0,64.0
-21.69,1625449482.0,64.0
-24.44,1625449482.0,64.0
-27.36,1625449482.0,64.0
-30.52,1625449482.0,64.0
-33.91,1625449482.0,64.0
-37.49,1625449482.0,64.0
-41.23,1625449482.0,64.0
-45.14,1625449482.0,64.0
-49.13,1625449482.0,64.0
-52.83,1625449482.0,64.0
-55.58,1625449482.0,64.0
-56.5,1625449482.0,64.0
-54.76,1625449482.0,64.0
-49.91,1625449482.0,64.0
-42.11,1625449482.0,64.0
-31.99,1625449482.0,64.0
-20.53,1625449482.0,64.0
-8.68,1625449482.0,64.0
2.85,1625449482.0,64.0
13.55,1625449482.0,64.0
23.08,1625449482.0,64.0
31.09,1625449482.0,64.0
37.26,1625449482.0,64.0
41.32,1625449482.0,64.0
43.3,1625449482.0,64.0
43.54,1625449482.0,64.0
42.62,1625449482.0,64.0
41.25,1625449482.0,64.0
40.03,1625449482.0,64.0
39.23,1625449482.0,64.0
38.76,1625449482.0,64.0
38.25,1625449482.0,64.0
37.2,1625449482.0,64.0
35.27,1625449482.0,64.0
32.37,1625449482.0,64.0
28.71,1625449482.0,64.0
24.67,1625449482.0,64.0
20.66,1625449482.0,64.0
16.96,1625449482.0,64.0
13.64,1625449482.0,64.0
10.64,1625449482.0,64.0
7.82,1625449482.0,64.0
5.07,1625449482.0,64.0
2.31,1625449482.0,64.0
-0.53,1625449482.0,64.0
-3.5,1625449482.0,64.0
-6.67,1625449482.0,64.0
-10.03,1625449482.0,64.0
-13.49,1625449482.0,64.0
-16.91,1625449482.0,64.0
-20.15,1625449482.0,64.0
-23.13,1625449482.0,64.0
-25.74,1625449482.0,64.0
-27.83,1625449482.0,64.0
-29.24,1625449482.0,64.0
-29.95,1625449482.0,64.0
-30.28,1625449482.0,64.0
-30.83,1625449482.0,64.0
-32.19,1625449482.0,64.0
-34.59,1625449482.0,64.0
-37.61,1625449482.0,64.0
-40.27,1625449482.0,64.0
-41.46,1625449482.0,64.0
-40.47,1625449482.0,64.0
-37.34,1625449482.0,64.0
-32.69,1625449482.0,64.0
-27.44,1625449482.0,64.0
-22.28,1625449482.0,64.0
-17.52,1625449482.0,64.0
-13.09,1625449482.0,64.0
-8.78,1625449482.0,64.0
-4.39,1625449482.0,64.0
0.23,1625449482.0,64.0
5.16,1625449482.0,64.0
10.44,1625449482.0,64.0
16.01,1625449482.0,64.0
21.68,1625449482.0,64.0
27.17,1625449482.0,64.0
32.12,1625449482.0,64.0
36.13,1625449482.0,64.0
38.76,1625449482.0,64.0
39.53,1625449482.0,64.0
38.02,1625449482.0,64.0
34.08,1625449482.0,64.0
28.06,1625449482.0,64.0
20.77,1625449482.0,64.0
13.29,1625449482.0,64.0
6.6,1625449482.0,64.0
1.18,1625449482.0,64.0
-3.07,1625449482.0,64.0
-6.5,1625449482.0,64.0
-9.46,1625449482.0,64.0
-11.94,1625449482.0,64.0
-13.57,1625449482.0,64.0
-13.88,1625449482.0,64.0
-12.57,1625449482.0,64.0
-9.78,1625449482.0,64.0
-6.03,1625449482.0,64.0
-2.13,1625449482.0,64.0
1.04,1625449482.0,64.0
2.74,1625449482.0,64.0
2.53,1625449482.0,64.0
0.32,1625449482.0,64.0
-3.66,1625449482.0,64.0
-8.97,1625449482.0,64.0
-15.1,1625449482.0,64.0
-21.59,1625449482.0,64.0
-27.97,1625449482.0,64.0
-33.71,1625449482.0,64.0
-38.07,1625449482.0,64.0
-40.17,1625449482.0,64.0
-39.21,1625449482.0,64.0
-34.75,1625449482.0,64.0
-27.03,1625449482.0,64.0
-16.93,1625449482.0,64.0
-5.72,1625449482.0,64.0
5.34,1625449482.0,64.0
15.39,1625449482.0,64.0
24.05,1625449482.0,64.0
31.31,1625449482.0,64.0
37.21,1625449482.0,64.0
41.66,1625449482.0,64.0
44.45,1625449482.0,64.0
45.45,1625449482.0,64.0
44.79,1625449482.0,64.0
42.99,1625449482.0,64.0
40.78,1625449482.0,64.0
38.89,1625449482.0,64.0
37.71,1625449482.0,64.0
37.2,1625449482.0,64.0
36.91,1625449482.0,64.0
36.27,1625449482.0,64.0
34.82,1625449482.0,64.0
32.38,1625449482.0,64.0
29.05,1625449482.0,64.0
25.11,1625449482.0,64.0
20.93,1625449482.0,64.0
16.77,1625449482.0,64.0
12.8,1625449482.0,64.0
9.08,1625449482.0,64.0
5.57,1625449482.0,64.0
2.22,1625449482.0,64.0
-1.08,1625449482.0,64.0
-4.4,1625449482.0,64.0
-7.81,1625449482.0,64.0
-11.36,1625449482.0,64.0
-15.05,1625449482.0,64.0
-18.89,1625449482.0,64.0
-22.87,1625449482.0,64.0
-26.98,1625449482.0,64.0
-31.17,1625449482.0,64.0
-35.35,1625449482.0,64.0
-39.43,1625449482.0,64.0
-43.37,1625449482.0,64.0
-47.21,1625449482.0,64.0
-51.0,1625449482.0,64.0
-54.68,1625449482.0,64.0
-57.97,1625449482.0,64.0
-60.26,1625449482.0,64.0
-60.76,1625449482.0,64.0
-58.73,1625449482.0,64.0
-53.8,1625449482.0,64.0
-46.1,1625449482.0,64.0
-36.31,1625449482.0,64.0
-25.36,1625449482.0,64.0
-14.16,1625449482.0,64.0
-3.37,1625449482.0,64.0
6.65,1625449482.0,64.0
15.66,1625449482.0,64.0
23.43,1625449482.0,64.0
29.66,1625449482.0,64.0
34.13,1625449482.0,64.0
36.78,1625449482.0,64.0
37.86,1625449482.0,64.0
37.83,1625449482.0,64.0
37.22,1625449482.0,64.0
36.46,1625449482.0,64.0
35.75,1625449482.0,64.0
35.12,1625449482.0,64.0
34.48,1625449482.0,64.0
33.84,1625449482.0,64.0
33.31,1625449482.0,64.0
33.14,1625449482.0,64.0
33.53,1625449482.0,64.0
34.49,1625449482.0,64.0
35.58,1625449482.0,64.0
35.88,1625449482.0,64.0
34.32,1625449482.0,64.0
30.03,1625449482.0,64.0
22.87,1625449482.0,64.0
13.6,1625449482.0,64.0
3.61,1625449482.0,64.0
-5.63,1625449482.0,64.0
-13.18,1625449482.0,64.0
-18.91,1625449482.0,64.0
-23.39,1625449482.0,64.0
-27.43,1625449482.0,64.0
-31.66,1625449482.0,64.0
-36.17,1625449482.0,64.0
-40.65,1625449482.0,64.0
-44.66,1625449482.0,64.0
-47.87,1625449482.0,64.0
-50.26,1625449482.0,64.0
-52.04,1625449482.0,64.0
-53.53,1625449482.0,64.0
-54.92,1625449482.0,64.0
-56.07,1625449482.0,64.0
-56.54,1625449482.0,64.0
-55.62,1625449482.0,64.0
-52.6,1625449482.0,64.0
-47.02,1625449482.0,64.0
-38.94,1625449482.0,64.0
-28.85,1625449482.0,64.0
-17.52,1625449482.0,64.0
-5.8,1625449482.0,64.0
5.66,1625449482.0,64.0
16.39,1625449482.0,64.0
25.94,1625449482.0,64.0
33.85,1625449482.0,64.0
39.6,1625449482.0,64.0
42.81,1625449482.0,64.0
43.46,1625449482.0,64.0
42.09,1625449482.0,64.0
39.66,1625449482.0,64.0
37.3,1625449482.0,64.0
35.87,1625449482.0,64.0
35.77,1625449482.0,64.0
36.81,1625449482.0,64.0
38.4,1625449482.0,64.0
39.81,1625449482.0,64.0
40.43,1625449482.0,64.0
39.83,1625449482.0,64.0
37.86,1625449482.0,64.0
34.61,1625449482.0,64.0
30.38,1625449482.0,64.0
25.66,1625449482.0,64.0
20.98,1625449482.0,64.0
16.74,1625449482.0,64.0
13.0,1625449482.0,64.0
9.51,1625449482.0,64.0
5.85,1625449482.0,64.0
1.72,1625449482.0,64.0
-2.83,1625449482.0,64.0
-7.45,1625449482.0,64.0
-11.63,1625449482.0,64.0
-15.07,1625449482.0,64.0
-17.8,1625449482.0,64.0
-20.23,1625449482.0,64.0
-22.81,1625449482.0,64.0
-25.89,1625449482.0,64.0
-29.47,1625449482.0,64.0
-33.28,1625449482.0,64.0
-37.04,1625449482.0,64.0
-40.61,1625449482.0,64.0
-44.01,1625449482.0,64.0
-47.29,1625449482.0,64.0
-50.25,1625449482.0,64.0
-52.3,1625449482.0,64.0
-52.6,1625449482.0,64.0
-50.3,1625449482.0,64.0
-44.98,1625449482.0,64.0
-36.91,1625449482.0,64.0
-26.89,1625449482.0,64.0
-16.02,1625449482.0,64.0
-5.24,1625449482.0,64.0
4.91,1625449482.0,64.0
14.25,1625449482.0,64.0
22.75,1625449482.0,64.0
30.22,1625449482.0,64.0
36.29,1625449482.0,64.0
40.49,1625449482.0,64.0
42.63,1625449482.0,64.0
42.97,1625449482.0,64.0
42.19,1625449482.0,64.0
41.1,1625449482.0,64.0
40.29,1625449482.0,64.0
39.85,1625449482.0,64.0
39.44,1625449482.0,64.0
38.56,1625449482.0,64.0
36.8,1625449482.0,64.0
34.13,1625449482.0,64.0
30.82,1625449482.0,64.0
27.25,1625449482.0,64.0
23.72,1625449482.0,64.0
20.29,1625449482.0,64.0
16.84,1625449482.0,64.0
13.19,1625449482.0,64.0
9.21,1625449482.0,64.0
4.91,1625449482.0,64.0
0.41,1625449482.0,64.0
-4.06,1625449482.0,64.0
-8.23,1625449482.0,64.0
-11.73,1625449482.0,64.0
-14.19,1625449482.0,64.0
-15.42,1625449482.0,64.0
-15.55,1625449482.0,64.0
-15.14,1625449482.0,64.0
-15.05,1625449482.0,64.0
-16.15,1625449482.0,64.0
-18.88,1625449482.0,64.0
-23.08,1625449482.0,64.0
-27.95,1625449482.0,64.0
-32.52,1625449482.0,64.0
-36.11,1625449482.0,64.0
-38.56,1625449482.0,64.0
-40.18,1625449482.0,64.0
-41.36,1625449482.0,64.0
-42.07,1625449482.0,64.0
-41.8,1625449482.0,64.0
-39.73,1625449482.0,64.0
-35.22,1625449482.0,64.0
-28.25,1625449482.0,64.0
-19.48,1625449482.0,64.0
-10.09,1625449482.0,64.0
-1.27,1625449482.0,64.0
6.05,1625449482.0,64.0
11.44,1625449482.0,64.0
14.88,1625449482.0,64.0
16.58,1625449482.0,64.0
16.9,1625449482.0,64.0
16.3,1625449482.0,64.0
15.39,1625449482.0,64.0
14.9,1625449482.0,64.0
15.52,1625449482.0,64.0
17.67,1625449482.0,64.0
21.27,1625449482.0,64.0
25.7,1625449482.0,64.0
29.91,1625449482.0,64.0
32.71,1625449482.0,64.0
33.16,1625449482.0,64.0
30.84,1625449482.0,64.0
25.98,1625449482.0,64.0
19.37,1625449482.0,64.0
12.1,1625449482.0,64.0
5.18,1625449482.0,64.0
-0.64,1625449482.0,64.0
-5.12,1625449482.0,64.0
-8.39,1625449482.0,64.0
-10.81,1625449482.0,64.0
-12.76,1625449482.0,64.0
-14.45,1625449482.0,64.0
-15.91,1625449482.0,64.0
-16.97,1625449482.0,64.0
-17.46,1625449482.0,64.0
-17.3,1625449482.0,64.0
-16.58,1625449482.0,64.0
-15.52,1625449482.0,64.0
-14.46,1625449482.0,64.0
-13.73,1625449482.0,64.0
-13.61,1625449482.0,64.0
-14.35,1625449482.0,64.0
-16.11,1625449482.0,64.0
-18.98,1625449482.0,64.0
-22.79,1625449482.0,64.0
-27.09,1625449482.0,64.0
-31.04,1625449482.0,64.0
-33.59,1625449482.0,64.0
-33.68,1625449482.0,64.0
-30.68,1625449482.0,64.0
-24.52,1625449482.0,64.0
-15.8,1625449482.0,64.0
-5.57,1625449482.0,64.0
5.05,1625449482.0,64.0
15.15,1625449482.0,64.0
24.18,1625449482.0,64.0
31.91,1625449482.0,64.0
38.19,1625449482.0,64.0
42.88,1625449482.0,64.0
45.86,1625449482.0,64.0
47.12,1625449482.0,64.0
46.89,1625449482.0,64.0
45.69,1625449482.0,64.0
44.14,1625449482.0,64.0
42.8,1625449482.0,64.0
41.95,1625449482.0,64.0
41.56,1625449482.0,64.0
41.28,1625449482.0,64.0
40.62,1625449482.0,64.0
39.16,1625449482.0,64.0
36.66,1625449482.0,64.0
33.13,1625449482.0,64.0
28.82,1625449482.0,64.0
24.1,1625449482.0,64.0
19.32,1625449482.0,64.0
14.66,1625449482.0,64.0
10.13,1625449482.0,64.0
5.62,1625449482.0,64.0
1.05,1625449482.0,64.0
-3.45,1625449482.0,64.0
-7.54,1625449482.0,64.0
-10.82,1625449482.0,64.0
-13.12,1625449482.0,64.0
-14.7,1625449482.0,64.0
-16.25,1625449482.0,64.0
-18.56,1625449482.0,64.0
-22.18,1625449482.0,64.0
-27.1,1625449482.0,64.0
-32.8,1625449482.0,64.0
-38.52,1625449482.0,64.0
-43.69,1625449482.0,64.0
-48.12,1625449482.0,64.0
-51.95,1625449482.0,64.0
-55.27,1625449482.0,64.0
-57.87,1625449482.0,64.0
-59.08,1625449482.0,64.0
-58.07,1625449482.0,64.0
-54.14,1625449482.0,64.0
-47.12,1625449482.0,64.0
-37.37,1625449482.0,64.0
-25.61,1625449482.0,64.0
-12.61,1625449482.0,64.0
1.0,1625449482.0,64.0
14.65,1625449482.0,64.0
27.69,1625449482.0,64.0
39.22,1625449482.0,64.0
48.18,1625449482.0,64.0
53.67,1625449482.0,64.0
55.26,1625449482.0,64.0
53.3,1625449482.0,64.0
48.79,1625449482.0,64.0
43.03,1625449482.0,64.0
37.18,1625449482.0,64.0
31.89,1625449482.0,64.0
27.29,1625449482.0,64.0
23.15,1625449482.0,64.0
19.28,1625449482.0,64.0
15.68,1625449482.0,64.0
12.64,1625449482.0,64.0
10.55,1625449482.0,64.0
9.59,1625449482.0,64.0
9.58,1625449482.0,64.0
9.97,1625449482.0,64.0
10.04,1625449482.0,64.0
9.09,1625449482.0,64.0
6.73,1625449482.0,64.0
2.93,1625449482.0,64.0
-2.03,1625449482.0,64.0
-7.7,1625449482.0,64.0
-13.55,1625449482.0,64.0
-19.16,1625449482.0,64.0
-24.27,1625449482.0,64.0
-28.77,1625449482.0,64.0
-32.71,1625449482.0,64.0
-36.23,1625449482.0,64.0
-39.48,1625449482.0,64.0
-42.59,1625449482.0,64.0
-45.6,1625449482.0,64.0
-48.53,1625449482.0,64.0
-51.34,1625449482.0,64.0
-53.91,1625449482.0,64.0
-55.95,1625449482.0,64.0
-56.92,1625449482.0,64.0
-56.1,1625449482.0,64.0
-52.72,1625449482.0,64.0
-46.35,1625449482.0,64.0
-37.13,1625449482.0,64.0
-25.8,1625449482.0,64.0
-13.56,1625449482.0,64.0
-1.58,1625449482.0,64.0
9.29,1625449482.0,64.0
18.71,1625449482.0,64.0
26.68,1625449482.0,64.0
33.31,1625449482.0,64.0
38.55,1625449482.0,64.0
42.21,1625449482.0,64.0
44.17,1625449482.0,64.0
44.59,1625449482.0,64.0
43.93,1625449482.0,64.0
42.88,1625449482.0,64.0
42.04,1625449482.0,64.0
41.68,1625449482.0,64.0
41.72,1625449482.0,64.0
41.74,1625449482.0,64.0
41.24,1625449482.0,64.0
39.8,1625449482.0,64.0
37.19,1625449482.0,64.0
33.46,1625449482.0,64.0
28.95,1625449482.0,64.0
24.19,1625449482.0,64.0
19.8,1625449482.0,64.0
16.24,1625449482.0,64.0
13.6,1625449482.0,64.0
11.52,1625449482.0,64.0
9.32,1625449482.0,64.0
6.36,1625449482.0,64.0
2.33,1625449482.0,64.0
-2.55,1625449482.0,64.0
-7.67,1625449482.0,64.0
-12.37,1625449482.0,64.0
-16.33,1625449482.0,64.0
-19.69,1625449482.0,64.0
-22.89,1625449482.0,64.0
-26.38,1625449482.0,64.0
-30.26,1625449482.0,64.0
-34.31,1625449482.0,64.0
-38.16,1625449482.0,64.0
-41.56,1625449482.0,64.0
-44.54,1625449482.0,64.0
-47.23,1625449482.0,64.0
-49.62,1625449482.0,64.0
-51.23,1625449482.0,64.0
-51.26,1625449482.0,64.0
-48.89,1625449482.0,64.0
-43.67,1625449482.0,64.0
-35.84,1625449482.0,64.0
-26.21,1625449482.0,64.0
-15.77,1625449482.0,64.0
-5.35,1625449482.0,64.0
4.63,1625449482.0,64.0
14.04,1625449482.0,64.0
22.78,1625449482.0,64.0
30.57,1625449482.0,64.0
36.89,1625449482.0,64.0
41.24,1625449482.0,64.0
43.41,1625449482.0,64.0
43.65,1625449482.0,64.0
42.63,1625449482.0,64.0
41.22,1625449482.0,64.0
40.11,1625449482.0,64.0
39.63,1625449482.0,64.0
39.65,1625449482.0,64.0
39.72,1625449482.0,64.0
39.32,1625449482.0,64.0
38.09,1625449482.0,64.0
35.95,1625449482.0,64.0
33.08,1625449482.0,64.0
29.83,1625449482.0,64.0
26.51,1625449482.0,64.0
23.25,1625449482.0,64.0
20.05,1625449482.0,64.0
16.74,1625449482.0,64.0
13.15,1625449482.0,64.0
9.21,1625449482.0,64.0
5.02,1625449482.0,64.0
0.78,1625449482.0,64.0
-3.27,1625449482.0,64.0
-7.0,1625449482.0,64.0
-10.41,1625449482.0,64.0
-13.66,1625449482.0,64.0
-16.95,1625449482.0,64.0
-20.47,1625449482.0,64.0
-24.26,1625449482.0,64.0
-28.22,1625449482.0,64.0
-32.1,1625449482.0,64.0
-35.63,1625449482.0,64.0
-38.69,1625449482.0,64.0
-41.3,1625449482.0,64.0
-43.61,1625449482.0,64.0
-45.76,1625449482.0,64.0
-47.64,1625449482.0,64.0
-48.89,1625449482.0,64.0
-48.95,1625449482.0,64.0
-47.26,1625449482.0,64.0
-43.54,1625449482.0,64.0
-37.79,1625449482.0,64.0
-30.31,1625449482.0,64.0
-21.56,1625449482.0,64.0
-12.05,1625449482.0,64.0
-2.36,1625449482.0,64.0
6.81,1625449482.0,64.0
14.68,1625449482.0,64.0
20.53,1625449482.0,64.0
24.06,1625449482.0,64.0
25.63,1625449482.0,64.0
26.16,1625449482.0,64.0
26.8,1625449482.0,64.0
28.4,1625449482.0,64.0
31.14,1625449482.0,64.0
34.49,1625449482.0,64.0
37.51,1625449482.0,64.0
39.38,1625449482.0,64.0
39.65,1625449482.0,64.0
38.4,1625449482.0,64.0
35.97,1625449482.0,64.0
32.73,1625449482.0,64.0
28.97,1625449482.0,64.0
24.85,1625449482.0,64.0
20.52,1625449482.0,64.0
16.15,1625449482.0,64.0
11.89,1625449482.0,64.0
7.74,1625449482.0,64.0
3.47,1625449482.0,64.0
-1.21,1625449482.0,64.0
-6.5,1625449482.0,64.0
-12.26,1625449482.0,64.0
-17.98,1625449482.0,64.0
-22.91,1625449482.0,64.0
-26.38,1625449482.0,64.0
-28.09,1625449482.0,64.0
-28.26,1625449482.0,64.0
-27.5,1625449482.0,64.0
-26.56,1625449482.0,64.0
-26.07,1625449482.0,64.0
-26.39,1625449482.0,64.0
-27.65,1625449482.0,64.0
-29.86,1625449482.0,64.0
-32.99,1625449482.0,64.0
-36.87,1625449482.0,64.0
-41.04,1625449482.0,64.0
-44.64,1625449482.0,64.0
-46.51,1625449482.0,64.0
-45.57,1625449482.0,64.0
-41.24,1625449482.0,64.0
-33.75,1625449482.0,64.0
-24.09,1625449482.0,64.0
-13.62,1625449482.0,64.0
-3.59,1625449482.0,64.0
5.3,1625449482.0,64.0
12.99,1625449482.0,64.0
19.76,1625449482.0,64.0
25.91,1625449482.0,64.0
31.49,1625449482.0,64.0
36.21,1625449482.0,64.0
39.72,1625449482.0,64.0
41.77,1625449482.0,64.0
42.44,1625449482.0,64.0
42.08,1625449482.0,64.0
41.19,1625449482.0,64.0
40.28,1625449482.0,64.0
39.65,1625449482.0,64.0
39.39,1625449482.0,64.0
39.32,1625449482.0,64.0
39.07,1625449482.0,64.0
38.14,1625449482.0,64.0
36.09,1625449482.0,64.0
32.69,1625449482.0,64.0
28.1,1625449482.0,64.0
22.93,1625449482.0,64.0
18.13,1625449482.0,64.0
14.55,1625449482.0,64.0
12.67,1625449482.0,64.0
12.25,1625449482.0,64.0
12.43,1625449482.0,64.0
12.06,1625449482.0,64.0
10.27,1625449482.0,64.0
6.78,1625449482.0,64.0
2.11,1625449482.0,64.0
-2.76,1625449482.0,64.0
-6.77,1625449482.0,64.0
-9.26,1625449482.0,64.0
-10.15,1625449482.0,64.0
-9.97,1625449482.0,64.0
-9.82,1625449482.0,64.0
-11.09,1625449482.0,64.0
-15.16,1625449482.0,64.0
-22.82,1625449482.0,64.0
-33.5,1625449482.0,64.0
-45.05,1625449482.0,64.0
-53.87,1625449482.0,64.0
-56.25,1625449482.0,64.0
-50.1,1625449482.0,64.0
-36.54,1625449482.0,64.0
-20.09,1625449482.0,64.0
-7.08,1625449482.0,64.0
-2.81,1625449482.0,64.0
-8.72,1625449482.0,64.0
-21.22,1625449482.0,64.0
-32.73,1625449482.0,64.0
-34.44,1625449482.0,64.0
-19.62,1625449482.0,64.0
14.13,1625449482.0,64.0
64.19,1625449482.0,64.0
124.08,1625449482.0,64.0
185.52,1625449482.0,64.0
240.74,1625449482.0,64.0
284.04,1625449482.0,64.0
312.49,1625449482.0,64.0
325.5,1625449482.0,64.0
323.91,1625449482.0,64.0
309.25,1625449482.0,64.0
283.26,1625449482.0,64.0
248.11,1625449482.0,64.0
206.47,1625449482.0,64.0
160.94,1625449482.0,64.0
113.53,1625449482.0,64.0
65.22,1625449482.0,64.0
16.42,1625449482.0,64.0
-31.69,1625449482.0,64.0
-75.33,1625449482.0,64.0
-108.29,1625449482.0,64.0
-123.79,1625449482.0,64.0
-117.55,1625449482.0,64.0
-90.54,1625449482.0,64.0
-48.76,1625449482.0,64.0
-0.66,1625449482.0,64.0
46.09,1625449482.0,64.0
85.95,1625449482.0,64.0
115.82,1625449482.0,64.0
133.6,1625449482.0,64.0
137.4,1625449482.0,64.0
126.46,1625449482.0,64.0
102.06,1625449482.0,64.0
69.22,1625449482.0,64.0
36.19,1625449482.0,64.0
11.29,1625449482.0,64.0
-1.65,1625449482.0,64.0
-4.38,1625449482.0,64.0
-3.44,1625449482.0,64.0
-6.82,1625449482.0,64.0
-19.79,1625449482.0,64.0
-44.99,1625449482.0,64.0
-80.98,1625449482.0,64.0
-122.5,1625449482.0,64.0
-162.1,1625449482.0,64.0
-193.96,1625449482.0,64.0
-213.27,1625449482.0,64.0
-216.61,1625449482.0,64.0
-201.97,1625449482.0,64.0
-167.01,1625449482.0,64.0
-114.36,1625449482.0,64.0
-49.78,1625449482.0,64.0
19.4,1625449482.0,64.0
84.57,1625449482.0,64.0
134.05,1625449482.0,64.0
157.9,1625449482.0,64.0
150.6,1625449482.0,64.0
113.25,1625449482.0,64.0
56.47,1625449482.0,64.0
-10.14,1625449482.0,64.0
-78.39,1625449482.0,64.0
-142.25,1625449482.0,64.0
-199.67,1625449482.0,64.0
-255.29,1625449482.0,64.0
-314.29,1625449482.0,64.0
-378.82,1625449482.0,64.0
-445.78,1625449482.0,64.0
-503.97,1625449482.0,64.0
-547.9,1625449482.0,64.0
-576.94,1625449482.0,64.0
-593.9,1625449482.0,64.0
-575.46,1625449482.0,64.0
-506.14,1625449482.0,64.0
-383.79,1625449482.0,64.0
-224.35,1625449482.0,64.0
-81.81,1625449482.0,64.0
32.41,1625449482.0,64.0
120.26,1625449482.0,64.0
184.86,1625449482.0,64.0
235.53,1625449482.0,64.0
272.71,1625449482.0,64.0
290.67,1625449482.0,64.0
284.6,1625449482.0,64.0
253.72,1625449482.0,64.0
203.42,1625449482.0,64.0
149.12,1625449482.0,64.0
103.93,1625449482.0,64.0
79.33,1625449482.0,64.0
84.06,1625449482.0,64.0
119.67,1625449482.0,64.0
176.63,1625449482.0,64.0
238.28,1625449482.0,64.0
286.32,1625449482.0,64.0
307.79,1625449482.0,64.0
302.79,1625449482.0,64.0
276.52,1625449482.0,64.0
238.31,1625449482.0,64.0
198.3,1625449482.0,64.0
162.54,1625449482.0,64.0
131.01,1625449482.0,64.0
101.04,1625449482.0,64.0
70.72,1625449482.0,64.0
41.41,1625449482.0,64.0
19.0,1625449482.0,64.0
6.47,1625449482.0,64.0
3.24,1625449482.0,64.0
5.91,1625449482.0,64.0
9.08,1625449482.0,64.0
7.3,1625449482.0,64.0
-2.89,1625449482.0,64.0
-22.68,1625449482.0,64.0
-51.28,1625449482.0,64.0
-85.36,1625449482.0,64.0
-121.66,1625449482.0,64.0
-155.67,1625449482.0,64.0
-181.18,1625449482.0,64.0
-191.62,1625449482.0,64.0
-182.13,1625449482.0,64.0
-151.03,1625449482.0,64.0
-100.19,1625449482.0,64.0
-34.01,1625449482.0,64.0
42.16,1625449482.0,64.0
121.78,1625449482.0,64.0
197.29,1625449482.0,64.0
260.25,1625449482.0,64.0
302.26,1625449482.0,64.0
317.4,1625449482.0,64.0
304.65,1625449482.0,64.0
268.96,1625449482.0,64.0
219.91,1625449482.0,64.0
168.19,1625449482.0,64.0
121.95,1625449482.0,64.0
84.68,1625449482.0,64.0
55.7,1625449482.0,64.0
32.47,1625449482.0,64.0
12.68,1625449482.0,64.0
-4.46,1625449482.0,64.0
-18.75,1625449482.0,64.0
-30.09,1625449482.0,64.0
-39.34,1625449482.0,64.0
-48.13,1625449482.0,64.0
-57.99,1625449482.0,64.0
-69.41,1625449482.0,64.0
-81.43,1625449482.0,64.0
-91.94,1625449482.0,64.0
-98.79,1625449482.0,64.0
-100.95,1625449482.0,64.0
-99.19,1625449482.0,64.0
-95.95,1625449482.0,64.0
-94.33,1625449482.0,64.0
-96.71,1625449482.0,64.0
-103.55,1625449482.0,64.0
-113.11,1625449482.0,64.0
-122.23,1625449482.0,64.0
-127.99,1625449482.0,64.0
-129.25,1625449482.0,64.0
-127.48,1625449482.0,64.0
-126.36,1625449482.0,64.0
-130.38,1625449482.0,64.0
-143.01,1625449482.0,64.0
-165.65,1625449482.0,64.0
-197.23,1625449482.0,64.0
-234.56,1625449482.0,64.0
-272.67,1625449482.0,64.0
-305.08,1625449482.0,64.0
-324.89,1625449482.0,64.0
-326.98,1625449482.0,64.0
-310.92,1625449482.0,64.0
-282.52,1625449482.0,64.0
-252.64,1625449482.0,64.0
-232.53,1625449482.0,64.0
-228.01,1625449482.0,64.0
-235.77,1625449482.0,64.0
-244.21,1625449482.0,64.0
-238.6,1625449482.0,64.0
-208.02,1625449482.0,64.0
-150.15,1625449482.0,64.0
-71.84,1625449482.0,64.0
14.38,1625449482.0,64.0
95.48,1625449482.0,64.0
161.9,1625449482.0,64.0
208.68,1625449482.0,64.0
234.77,1625449482.0,64.0
241.14,1625449482.0,64.0
229.85,1625449482.0,64.0
203.51,1625449482.0,64.0
164.95,1625449482.0,64.0
116.67,1625449482.0,64.0
60.07,1625449482.0,64.0
-4.41,1625449482.0,64.0
-76.37,1625449482.0,64.0
-153.8,1625449482.0,64.0
-232.31,1625449482.0,64.0
-305.36,1625449482.0,64.0
-366.11,1625449482.0,64.0
-409.71,1625449482.0,64.0
-434.86,1625449482.0,64.0
-443.86,1625449482.0,64.0
-441.17,1625449482.0,64.0
-431.4,1625449482.0,64.0
-417.52,1625449482.0,64.0
-400.83,1625449482.0,64.0
-381.72,1625449482.0,64.0
-361.03,1625449482.0,64.0
-340.44,1625449482.0,64.0
-321.92,1625449482.0,64.0
-306.37,1625449482.0,64.0
-292.84,1625449482.0,64.0
-278.69,1625449482.0,64.0
-260.9,1625449482.0,64.0
-237.7,1625449482.0,64.0
-209.55,1625449482.0,64.0
-178.98,1625449482.0,64.0
-149.69,1625449482.0,64.0
-124.83,1625449482.0,64.0
-105.82,1625449482.0,64.0
-91.84,1625449482.0,64.0
-80.33,1625449482.0,64.0
-68.14,1625449482.0,64.0
-53.01,1625449482.0,64.0
-34.47,1625449482.0,64.0
-14.05,1625449482.0,64.0
5.37,1625449482.0,64.0
21.11,1625449482.0,64.0
31.68,1625449482.0,64.0
37.34,1625449482.0,64.0
40.07,1625449482.0,64.0
42.76,1625449482.0,64.0
47.95,1625449482.0,64.0
56.8,1625449482.0,64.0
68.47,1625449482.0,64.0
80.69,1625449482.0,64.0
91.19,1625449482.0,64.0
98.61,1625449482.0,64.0
103.28,1625449482.0,64.0
106.95,1625449482.0,64.0
112.16,1625449482.0,64.0
121.07,1625449482.0,64.0
134.81,1625449482.0,64.0
153.57,1625449482.0,64.0
177.15,1625449482.0,64.0
205.36,1625449482.0,64.0
236.31,1625449482.0,64.0
265.36,1625449482.0,64.0
285.51,1625449482.0,64.0
289.81,1625449482.0,64.0
275.0,1625449482.0,64.0
244.13,1625449482.0,64.0
205.96,1625449482.0,64.0
172.16,1625449482.0,64.0
154.11,1625449482.0,64.0
156.86,1625449482.0,64.0
178.14,1625449482.0,64.0
211.11,1625449482.0,64.0
249.24,1625449482.0,64.0
289.83,1625449482.0,64.0
333.5,1625449482.0,64.0
380.45,1625449482.0,64.0
427.91,1625449482.0,64.0
472.21,1625449482.0,64.0
506.43,1625449482.0,64.0
523.52,1625449482.0,64.0
519.52,1625449482.0,64.0
495.73,1625449482.0,64.0
458.25,1625449482.0,64.0
415.22,1625449482.0,64.0
372.77,1625449482.0,64.0
335.91,1625449482.0,64.0
313.6,1625449482.0,64.0
312.12,1625449482.0,64.0
333.47,1625449482.0,64.0
374.3,1625449482.0,64.0
427.32,1625449482.0,64.0
484.05,1625449482.0,64.0
537.04,1625449482.0,64.0
579.77,1625449482.0,64.0
611.23,1625449482.0,64.0
640.81,1625449482.0,64.0
677.0,1625449482.0,64.0
723.56,1625449482.0,64.0
777.55,1625449482.0,64.0
832.3,1625449482.0,64.0
881.62,1625449482.0,64.0
921.97,1625449482.0,64.0
950.59,1625449482.0,64.0
918.9,1625449482.0,64.0
800.99,1625449482.0,64.0
601.28,1625449482.0,64.0
356.35,1625449482.0,64.0
113.8,1625449482.0,64.0
-91.99,1625449482.0,64.0
-248.66,1625449482.0,64.0
-349.44,1625449482.0,64.0
-417.65,1625449482.0,64.0
-473.16,1625449482.0,64.0
-521.64,1625449482.0,64.0
-563.38,1625449482.0,64.0
-596.97,1625449482.0,64.0
-622.81,1625449482.0,64.0
-643.04,1625449482.0,64.0
-658.19,1625449482.0,64.0
-668.55,1625449482.0,64.0
-676.57,1625449482.0,64.0
-676.77,1625449482.0,64.0
-658.94,1625449482.0,64.0
-617.39,1625449482.0,64.0
-553.64,1625449482.0,64.0
-476.5,1625449482.0,64.0
-398.25,1625449482.0,64.0
-329.5,1625449482.0,64.0
-276.82,1625449482.0,64.0
-243.27,1625449482.0,64.0
-226.89,1625449482.0,64.0
-219.37,1625449482.0,64.0
-214.16,1625449482.0,64.0
-208.49,1625449482.0,64.0
-203.24,1625449482.0,64.0
-200.67,1625449482.0,64.0
-201.88,1625449482.0,64.0
-206.4,1625449482.0,64.0
-213.93,1625449482.0,64.0
-220.38,1625449482.0,64.0
-223.38,1625449482.0,64.0
-223.92,1625449482.0,64.0
-224.98,1625449482.0,64.0
-229.69,1625449482.0,64.0
-239.78,1625449482.0,64.0
-255.23,1625449482.0,64.0
-275.59,1625449482.0,64.0
-301.41,1625449482.0,64.0
-332.84,1625449482.0,64.0
-368.84,1625449482.0,64.0
-405.71,1625449482.0,64.0
-436.63,1625449482.0,64.0
-453.55,1625449482.0,64.0
-450.38,1625449482.0,64.0
-425.78,1625449482.0,64.0
-383.85,1625449482.0,64.0
-332.53,1625449482.0,64.0
-279.9,1625449482.0,64.0
-232.01,1625449482.0,64.0
-191.08,1625449482.0,64.0
-156.17,1625449482.0,64.0
-125.09,1625449482.0,64.0
-96.32,1625449482.0,64.0
-69.62,1625449482.0,64.0
-45.41,1625449482.0,64.0
-23.71,1625449482.0,64.0
-3.26,1625449482.0,64.0
17.93,1625449482.0,64.0
41.97,1625449482.0,64.0
69.83,1625449482.0,64.0
100.65,1625449482.0,64.0
131.41,1625449482.0,64.0
157.88,1625449482.0,64.0
176.08,1625449482.0,64.0
183.83,1625449482.0,64.0
181.74,1625449482.0,64.0
172.85,1625449482.0,64.0
161.46,1625449482.0,64.0
151.3,1625449482.0,64.0
144.24,1625449482.0,64.0
139.99,1625449482.0,64.0
137.14,1625449482.0,64.0
134.54,1625449482.0,64.0
132.39,1625449482.0,64.0
132.26,1625449482.0,64.0
136.19,1625449482.0,64.0
145.52,1625449482.0,64.0
159.98,1625449482.0,64.0
177.7,1625449482.0,64.0
195.77,1625449482.0,64.0
211.26,1625449482.0,64.0
222.01,1625449482.0,64.0
227.06,1625449482.0,64.0
226.58,1625449482.0,64.0
221.46,1625449482.0,64.0
212.89,1625449482.0,64.0
201.95,1625449482.0,64.0
189.56,1625449482.0,64.0
176.5,1625449482.0,64.0
163.54,1625449482.0,64.0
151.53,1625449482.0,64.0
141.17,1625449482.0,64.0
132.8,1625449482.0,64.0
126.12,1625449482.0,64.0
120.21,1625449482.0,64.0
113.75,1625449482.0,64.0
105.44,1625449482.0,64.0
94.45,1625449482.0,64.0
80.67,1625449482.0,64.0
64.68,1625449482.0,64.0
47.59,1625449482.0,64.0
30.64,1625449482.0,64.0
14.87,1625449482.0,64.0
0.98,1625449482.0,64.0
-10.72,1625449482.0,64.0
-20.04,1625449482.0,64.0
-26.77,1625449482.0,64.0
-30.55,1625449482.0,64.0
-30.97,1625449482.0,64.0
-27.89,1625449482.0,64.0
-21.73,1625449482.0,64.0
-13.43,1625449482.0,64.0
-4.11,1625449482.0,64.0
5.57,1625449482.0,64.0
15.76,1625449482.0,64.0
27.35,1625449482.0,64.0
41.31,1625449482.0,64.0
57.82,1625449482.0,64.0
75.71,1625449482.0,64.0
92.67,1625449482.0,64.0
106.03,1625449482.0,64.0
113.91,1625449482.0,64.0
115.97,1625449482.0,64.0
113.31,1625449482.0,64.0
107.85,1625449482.0,64.0
101.28,1625449482.0,64.0
94.44,1625449482.0,64.0
87.32,1625449482.0,64.0
79.52,1625449482.0,64.0
70.91,1625449482.0,64.0
61.93,1625449482.0,64.0
53.41,1625449482.0,64.0
46.04,1625449482.0,64.0
39.96,1625449482.0,64.0
34.6,1625449482.0,64.0
28.98,1625449482.0,64.0
22.22,1625449482.0,64.0
14.03,1625449482.0,64.0
4.82,1625449482.0,64.0
-4.54,1625449482.0,64.0
-13.25,1625449482.0,64.0
-20.94,1625449482.0,64.0
-27.87,1625449482.0,64.0
-34.79,1625449482.0,64.0
-42.49,1625449482.0,64.0
-51.38,1625449482.0,64.0
-61.37,1625449482.0,64.0
-71.79,1625449482.0,64.0
-81.64,1625449482.0,64.0
-89.83,1625449482.0,64.0
-95.37,1625449482.0,64.0
-97.52,1625449482.0,64.0
-95.83,1625449482.0,64.0
-90.17,1625449482.0,64.0
-80.77,1625449482.0,64.0
-68.18,1625449482.0,64.0
-53.14,1625449482.0,64.0
-36.49,1625449482.0,64.0
-19.05,1625449482.0,64.0
-1.57,1625449482.0,64.0
15.19,1625449482.0,64.0
30.37,1625449482.0,64.0
43.01,1625449482.0,64.0
52.26,1625449482.0,64.0
57.59,1625449482.0,64.0
59.07,1625449482.0,64.0
57.47,1625449482.0,64.0
54.04,1625449482.0,64.0
50.14,1625449482.0,64.0
46.81,1625449482.0,64.0
44.45,1625449482.0,64.0
42.84,1625449482.0,64.0
41.41,1625449482.0,64.0
39.59,1625449482.0,64.0
37.14,1625449482.0,64.0
34.1,1625449482.0,64.0
30.72,1625449482.0,64.0
27.08,1625449482.0,64.0
23.08,1625449482.0,64.0
18.41,1625449482.0,64.0
12.78,1625449482.0,64.0
6.19,1625449482.0,64.0
-1.07,1625449482.0,64.0
-8.44,1625449482.0,64.0
-15.41,1625449482.0,64.0
-21.68,1625449482.0,64.0
-27.37,1625449482.0,64.0
-32.85,1625449482.0,64.0
-38.67,1625449482.0,64.0
-45.26,1625449482.0,64.0
-52.85,1625449482.0,64.0
-61.4,1625449482.0,64.0
-70.57,1625449482.0,64.0
-79.71,1625449482.0,64.0
-87.92,1625449482.0,64.0
-94.04,1625449482.0,64.0
-96.9,1625449482.0,64.0
-95.55,1625449482.0,64.0
-89.57,1625449482.0,64.0
-79.18,1625449482.0,64.0
-65.23,1625449482.0,64.0
-48.92,1625449482.0,64.0
-31.5,1625449482.0,64.0
-13.96,1625449482.0,64.0
2.97,1625449482.0,64.0
18.7,1625449482.0,64.0
32.61,1625449482.0,64.0
44.03,1625449482.0,64.0
52.31,1625449482.0,64.0
57.18,1625449482.0,64.0
58.9,1625449482.0,64.0
58.29,1625449482.0,64.0
56.44,1625449482.0,64.0
54.35,1625449482.0,64.0
52.64,1625449482.0,64.0
51.38,1625449482.0,64.0
50.28,1625449482.0,64.0
48.95,1625449482.0,64.0
47.06,1625449482.0,64.0
44.52,1625449482.0,64.0
41.37,1625449482.0,64.0
37.65,1625449482.0,64.0
33.31,1625449482.0,64.0
28.18,1625449482.0,64.0
22.05,1625449482.0,64.0
14.85,1625449482.0,64.0
6.8,1625449482.0,64.0
-1.57,1625449482.0,64.0
-9.46,1625449482.0,64.0
-16.16,1625449482.0,64.0
-21.3,1625449482.0,64.0
-25.08,1625449482.0,64.0
-28.23,1625449482.0,64.0
-31.73,1625449482.0,64.0
-36.41,1625449482.0,64.0
-42.65,1625449482.0,64.0
-50.32,1625449482.0,64.0
-58.82,1625449482.0,64.0
-67.27,1625449482.0,64.0
-74.67,1625449482.0,64.0
-79.99,1625449482.0,64.0
-82.21,1625449482.0,64.0
-80.57,1625449482.0,64.0
-74.69,1625449482.0,64.0
-64.74,1625449482.0,64.0
-51.44,1625449482.0,64.0
-35.88,1625449482.0,64.0
-19.28,1625449482.0,64.0
-2.7,1625449482.0,64.0
12.94,1625449482.0,64.0
26.88,1625449482.0,64.0
38.47,1625449482.0,64.0
47.2,1625449482.0,64.0
52.86,1625449482.0,64.0
55.66,1625449482.0,64.0
56.21,1625449482.0,64.0
55.34,1625449482.0,64.0
53.88,1625449482.0,64.0
52.37,1625449482.0,64.0
50.97,1625449482.0,64.0
49.49,1625449482.0,64.0
47.6,1625449482.0,64.0
45.02,1625449482.0,64.0
41.65,1625449482.0,64.0
37.61,1625449482.0,64.0
33.12,1625449482.0,64.0
28.37,1625449482.0,64.0
23.42,1625449482.0,64.0
18.13,1625449482.0,64.0
12.32,1625449482.0,64.0
5.9,1625449482.0,64.0
-1.0,1625449482.0,64.0
-8.03,1625449482.0,64.0
-14.73,1625449482.0,64.0
-20.79,1625449482.0,64.0
-26.15,1625449482.0,64.0
-31.07,1625449482.0,64.0
-35.98,1625449482.0,64.0
-41.34,1625449482.0,64.0
-47.49,1625449482.0,64.0
-54.56,1625449482.0,64.0
-62.41,1625449482.0,64.0
-70.56,1625449482.0,64.0
-78.17,1625449482.0,64.0
-84.11,1625449482.0,64.0
-87.14,1625449482.0,64.0
-86.24,1625449482.0,64.0
-80.91,1625449482.0,64.0
-71.32,1625449482.0,64.0
-58.26,1625449482.0,64.0
-42.86,1625449482.0,64.0
-26.28,1625449482.0,64.0
-9.58,1625449482.0,64.0
6.35,1625449482.0,64.0
20.73,1625449482.0,64.0
32.8,1625449482.0,64.0
41.98,1625449482.0,64.0
47.95,1625449482.0,64.0
50.84,1625449482.0,64.0
51.26,1625449482.0,64.0
50.14,1625449482.0,64.0
48.44,1625449482.0,64.0
46.84,1625449482.0,64.0
45.63,1625449482.0,64.0
44.7,1625449482.0,64.0
43.74,1625449482.0,64.0
42.45,1625449482.0,64.0
40.66,1625449482.0,64.0
38.33,1625449482.0,64.0
35.43,1625449482.0,64.0
31.93,1625449482.0,64.0
27.71,1625449482.0,64.0
22.67,1625449482.0,64.0
16.84,1625449482.0,64.0
10.44,1625449482.0,64.0
3.81,1625449482.0,64.0
-2.64,1625449482.0,64.0
-8.55,1625449482.0,64.0
-13.8,1625449482.0,64.0
-18.47,1625449482.0,64.0
-22.87,1625449482.0,64.0
-27.42,1625449482.0,64.0
-32.53,1625449482.0,64.0
-38.54,1625449482.0,64.0
-45.55,1625449482.0,64.0
-53.41,1625449482.0,64.0
-61.58,1625449482.0,64.0
-69.2,1625449482.0,64.0
-75.12,1625449482.0,64.0
-78.1,1625449482.0,64.0
-77.09,1625449482.0,64.0
-71.57,1625449482.0,64.0
-61.72,1625449482.0,64.0
-48.4,1625449482.0,64.0
-32.89,1625449482.0,64.0
-16.59,1625449482.0,64.0
-0.72,1625449482.0,64.0
13.75,1625449482.0,64.0
26.1,1625449482.0,64.0
35.76,1625449482.0,64.0
42.4,1625449482.0,64.0
46.01,1625449482.0,64.0
47.06,1625449482.0,64.0
46.44,1625449482.0,64.0
45.18,1625449482.0,64.0
44.14,1625449482.0,64.0
43.72,1625449482.0,64.0
43.81,1625449482.0,64.0
43.96,1625449482.0,64.0
43.68,1625449482.0,64.0
42.68,1625449482.0,64.0
40.92,1625449482.0,64.0
38.53,1625449482.0,64.0
35.63,1625449482.0,64.0
32.23,1625449482.0,64.0
28.24,1625449482.0,64.0
23.49,1625449482.0,64.0
17.85,1625449482.0,64.0
11.19,1625449482.0,64.0
3.55,1625449482.0,64.0
-4.92,1625449482.0,64.0
-13.91,1625449482.0,64.0
-22.96,1625449482.0,64.0
-31.65,1625449482.0,64.0
-39.68,1625449482.0,64.0
-47.01,1625449482.0,64.0
-53.89,1625449482.0,64.0
-60.69,1625449482.0,64.0
-67.66,1625449482.0,64.0
-74.64,1625449482.0,64.0
-80.97,1625449482.0,64.0
-85.52,1625449482.0,64.0
-87.06,1625449482.0,64.0
-84.61,1625449482.0,64.0
-77.83,1625449482.0,64.0
-67.08,1625449482.0,64.0
-53.31,1625449482.0,64.0
-37.72,1625449482.0,64.0
-21.54,1625449482.0,64.0
-5.82,1625449482.0,64.0
8.55,1625449482.0,64.0
20.71,1625449482.0,64.0
29.9,1625449482.0,64.0
35.61,1625449482.0,64.0
37.79,1625449482.0,64.0
37.07,1625449482.0,64.0
34.65,1625449482.0,64.0
31.91,1625449482.0,64.0
29.95,1625449482.0,64.0
29.24,1625449482.0,64.0
29.54,1625449482.0,64.0
30.17,1625449482.0,64.0
30.38,1625449482.0,64.0
29.75,1625449482.0,64.0
28.23,1625449482.0,64.0
26.09,1625449482.0,64.0
23.62,1625449482.0,64.0
20.95,1625449482.0,64.0
18.0,1625449482.0,64.0
14.6,1625449482.0,64.0
10.6,1625449482.0,64.0
6.03,1625449482.0,64.0
1.11,1625449482.0,64.0
-3.82,1625449482.0,64.0
-8.44,1625449482.0,64.0
-12.62,1625449482.0,64.0
-16.48,1625449482.0,64.0
-20.32,1625449482.0,64.0
-24.59,1625449482.0,64.0
-29.78,1625449482.0,64.0
-36.27,1625449482.0,64.0
-44.27,1625449482.0,64.0
-53.62,1625449482.0,64.0
-63.66,1625449482.0,64.0
-73.22,1625449482.0,64.0
-80.72,1625449482.0,64.0
-84.56,1625449482.0,64.0
-83.54,1625449482.0,64.0
-77.3,1625449482.0,64.0
-66.39,1625449482.0,64.0
-52.11,1625449482.0,64.0
-36.03,1625449482.0,64.0
-19.54,1625449482.0,64.0
-3.7,1625449482.0,64.0
10.72,1625449482.0,64.0
23.07,1625449482.0,64.0
32.65,1625449482.0,64.0
38.92,1625449482.0,64.0
41.8,1625449482.0,64.0
41.9,1625449482.0,64.0
40.49,1625449482.0,64.0
39.07,1625449482.0,64.0
38.77,1625449482.0,64.0
39.87,1625449482.0,64.0
41.82,1625449482.0,64.0
43.61,1625449482.0,64.0
44.35,1625449482.0,64.0
43.73,1625449482.0,64.0
42.01,1625449482.0,64.0
39.73,1625449482.0,64.0
37.31,1625449482.0,64.0
34.77,1625449482.0,64.0
31.81,1625449482.0,64.0
28.03,1625449482.0,64.0
23.3,1625449482.0,64.0
17.82,1625449482.0,64.0
12.07,1625449482.0,64.0
6.55,1625449482.0,64.0
1.55,1625449482.0,64.0
-2.93,1625449482.0,64.0
-7.17,1625449482.0,64.0
-11.54,1625449482.0,64.0
-16.39,1625449482.0,64.0
-21.94,1625449482.0,64.0
-28.27,1625449482.0,64.0
-35.37,1625449482.0,64.0
-43.16,1625449482.0,64.0
-51.42,1625449482.0,64.0
-59.7,1625449482.0,64.0
-67.21,1625449482.0,64.0
-72.94,1625449482.0,64.0
-75.78,1625449482.0,64.0
-74.8,1625449482.0,64.0
-69.57,1625449482.0,64.0
-60.23,1625449482.0,64.0
-47.53,1625449482.0,64.0
-32.53,1625449482.0,64.0
-16.45,1625449482.0,64.0
-0.37,1625449482.0,64.0
14.7,1625449482.0,64.0
27.92,1625449482.0,64.0
38.63,1625449482.0,64.0
46.42,1625449482.0,64.0
51.31,1625449482.0,64.0
53.78,1625449482.0,64.0
54.71,1625449482.0,64.0
55.03,1625449482.0,64.0
55.44,1625449482.0,64.0
56.2,1625449482.0,64.0
57.11,1625449482.0,64.0
57.69,1625449482.0,64.0
57.44,1625449482.0,64.0
56.04,1625449482.0,64.0
53.4,1625449482.0,64.0
49.62,1625449482.0,64.0
44.8,1625449482.0,64.0
39.09,1625449482.0,64.0
32.55,1625449482.0,64.0
25.25,1625449482.0,64.0
17.27,1625449482.0,64.0
8.71,1625449482.0,64.0
-0.24,1625449482.0,64.0
-9.36,1625449482.0,64.0
-18.36,1625449482.0,64.0
-27.0,1625449482.0,64.0
-35.08,1625449482.0,64.0
-42.52,1625449482.0,64.0
-49.28,1625449482.0,64.0
-55.39,1625449482.0,64.0
-60.91,1625449482.0,64.0
-65.93,1625449482.0,64.0
-70.63,1625449482.0,64.0
-75.12,1625449482.0,64.0
-79.3,1625449482.0,64.0
-82.71,1625449482.0,64.0
-84.5,1625449482.0,64.0
-83.61,1625449482.0,64.0
-79.15,1625449482.0,64.0
-70.79,1625449482.0,64.0
-58.9,1625449482.0,64.0
-44.49,1625449482.0,64.0
-28.85,1625449482.0,64.0
-13.19,1625449482.0,64.0
1.59,1625449482.0,64.0
14.89,1625449482.0,64.0
26.23,1625449482.0,64.0
35.18,1625449482.0,64.0
41.31,1625449482.0,64.0
44.47,1625449482.0,64.0
44.95,1625449482.0,64.0
43.53,1625449482.0,64.0
41.3,1625449482.0,64.0
39.27,1625449482.0,64.0
38.09,1625449482.0,64.0
37.84,1625449482.0,64.0
38.28,1625449482.0,64.0
39.07,1625449482.0,64.0
40.08,1625449482.0,64.0
41.41,1625449482.0,64.0
43.24,1625449482.0,64.0
45.56,1625449482.0,64.0
47.96,1625449482.0,64.0
49.69,1625449482.0,64.0
49.84,1625449482.0,64.0
47.73,1625449482.0,64.0
43.16,1625449482.0,64.0
36.45,1625449482.0,64.0
28.34,1625449482.0,64.0
19.66,1625449482.0,64.0
11.11,1625449482.0,64.0
3.04,1625449482.0,64.0
-4.44,1625449482.0,64.0
-11.49,1625449482.0,64.0
-18.3,1625449482.0,64.0
-25.11,1625449482.0,64.0
-32.13,1625449482.0,64.0
-39.52,1625449482.0,64.0
-47.32,1625449482.0,64.0
-55.26,1625449482.0,64.0
-62.6,1625449482.0,64.0
-68.21,1625449482.0,64.0
-70.72,1625449482.0,64.0
-69.05,1625449482.0,64.0
-62.73,1625449482.0,64.0
-52.17,1625449482.0,64.0
-38.47,1625449482.0,64.0
-23.14,1625449482.0,64.0
-7.59,1625449482.0,64.0
7.07,1625449482.0,64.0
20.08,1625449482.0,64.0
30.91,1625449482.0,64.0
39.09,1625449482.0,64.0
44.29,1625449482.0,64.0
46.44,1625449482.0,64.0
45.88,1625449482.0,64.0
43.48,1625449482.0,64.0
40.44,1625449482.0,64.0
38.01,1625449482.0,64.0
37.09,1625449482.0,64.0
38.07,1625449482.0,64.0
40.7,1625449482.0,64.0
44.24,1625449482.0,64.0
47.78,1625449482.0,64.0
50.45,1625449482.0,64.0
51.74,1625449482.0,64.0
51.48,1625449482.0,64.0
49.83,1625449482.0,64.0
47.13,1625449482.0,64.0
43.65,1625449482.0,64.0
39.59,1625449482.0,64.0
35.01,1625449482.0,64.0
29.92,1625449482.0,64.0
24.41,1625449482.0,64.0
18.6,1625449482.0,64.0
12.66,1625449482.0,64.0
6.71,1625449482.0,64.0
0.8,1625449482.0,64.0
-5.1,1625449482.0,64.0
-11.06,1625449482.0,64.0
-17.12,1625449482.0,64.0
-23.36,1625449482.0,64.0
-29.92,1625449482.0,64.0
-36.95,1625449482.0,64.0
-44.54,1625449482.0,64.0
-52.53,1625449482.0,64.0
-60.27,1625449482.0,64.0
-66.69,1625449482.0,64.0
-70.44,1625449482.0,64.0
-70.34,1625449482.0,64.0
-65.78,1625449482.0,64.0
-56.93,1625449482.0,64.0
-44.73,1625449482.0,64.0
-30.56,1625449482.0,64.0
-15.86,1625449482.0,64.0
-1.84,1625449482.0,64.0
10.6,1625449482.0,64.0
20.8,1625449482.0,64.0
28.32,1625449482.0,64.0
32.99,1625449482.0,64.0
35.03,1625449482.0,64.0
35.05,1625449482.0,64.0
34.04,1625449482.0,64.0
32.99,1625449482.0,64.0
32.6,1625449482.0,64.0
33.01,1625449482.0,64.0
33.82,1625449482.0,64.0
34.34,1625449482.0,64.0
33.91,1625449482.0,64.0
32.19,1625449482.0,64.0
29.22,1625449482.0,64.0
25.35,1625449482.0,64.0
21.01,1625449482.0,64.0
16.52,1625449482.0,64.0
12.03,1625449482.0,64.0
7.48,1625449482.0,64.0
2.82,1625449482.0,64.0
-1.93,1625449482.0,64.0
-6.55,1625449482.0,64.0
-10.71,1625449482.0,64.0
-14.14,1625449482.0,64.0
-16.83,1625449482.0,64.0
-19.04,1625449482.0,64.0
-21.32,1625449482.0,64.0
-24.19,1625449482.0,64.0
-28.02,1625449482.0,64.0
-32.89,1625449482.0,64.0
-38.65,1625449482.0,64.0
-45.04,1625449482.0,64.0
-51.68,1625449482.0,64.0
-58.05,1625449482.0,64.0
-63.34,1625449482.0,64.0
-66.48,1625449482.0,64.0
-66.34,1625449482.0,64.0
-62.15,1625449482.0,64.0
-53.88,1625449482.0,64.0
-42.33,1625449482.0,64.0
-28.98,1625449482.0,64.0
-15.44,1625449482.0,64.0
-3.04,1625449482.0,64.0
7.43,1625449482.0,64.0
15.69,1625449482.0,64.0
21.73,1625449482.0,64.0
25.63,1625449482.0,64.0
27.49,1625449482.0,64.0
27.56,1625449482.0,64.0
26.3,1625449482.0,64.0
24.38,1625449482.0,64.0
22.45,1625449482.0,64.0
20.94,1625449482.0,64.0
19.89,1625449482.0,64.0
19.0,1625449482.0,64.0
17.88,1625449482.0,64.0
16.27,1625449482.0,64.0
14.18,1625449482.0,64.0
11.81,1625449482.0,64.0
9.38,1625449482.0,64.0
6.97,1625449482.0,64.0
4.46,1625449482.0,64.0
1.66,1625449482.0,64.0
-1.6,1625449482.0,64.0
-5.31,1625449482.0,64.0
-9.3,1625449482.0,64.0
-13.31,1625449482.0,64.0
-17.19,1625449482.0,64.0
-20.89,1625449482.0,64.0
-24.49,1625449482.0,64.0
-28.07,1625449482.0,64.0
-31.64,1625449482.0,64.0
-35.12,1625449482.0,64.0
-38.43,1625449482.0,64.0
-41.58,1625449482.0,64.0
-44.59,1625449482.0,64.0
-47.36,1625449482.0,64.0
-49.46,1625449482.0,64.0
-50.12,1625449482.0,64.0
-48.44,1625449482.0,64.0
-43.71,1625449482.0,64.0
-35.78,1625449482.0,64.0
-25.16,1625449482.0,64.0
-12.84,1625449482.0,64.0
0.1,1625449482.0,64.0
12.77,1625449482.0,64.0
24.64,1625449482.0,64.0
35.3,1625449482.0,64.0
44.39,1625449482.0,64.0
51.44,1625449482.0,64.0
56.02,1625449482.0,64.0
58.03,1625449482.0,64.0
57.84,1625449482.0,64.0
56.25,1625449482.0,64.0
54.23,1625449482.0,64.0
52.52,1625449482.0,64.0
51.39,1625449482.0,64.0
50.59,1625449482.0,64.0
49.61,1625449482.0,64.0
47.95,1625449482.0,64.0
45.32,1625449482.0,64.0
41.72,1625449482.0,64.0
37.37,1625449482.0,64.0
32.52,1625449482.0,64.0
27.38,1625449482.0,64.0
22.09,1625449482.0,64.0
16.77,1625449482.0,64.0
11.65,1625449482.0,64.0
6.93,1625449482.0,64.0
2.83,1625449482.0,64.0
-0.63,1625449482.0,64.0
-3.67,1625449482.0,64.0
-6.7,1625449482.0,64.0
-10.25,1625449482.0,64.0
-14.75,1625449482.0,64.0
-20.44,1625449482.0,64.0
-27.27,1625449482.0,64.0
-34.92,1625449482.0,64.0
-42.82,1625449482.0,64.0
-50.16,1625449482.0,64.0
-55.95,1625449482.0,64.0
-59.16,1625449482.0,64.0
-58.93,1625449482.0,64.0
-54.85,1625449482.0,64.0
-47.04,1625449482.0,64.0
-36.24,1625449482.0,64.0
-23.55,1625449482.0,64.0
-10.16,1625449482.0,64.0
2.97,1625449482.0,64.0
15.12,1625449482.0,64.0
25.85,1625449482.0,64.0
34.81,1625449482.0,64.0
41.71,1625449482.0,64.0
46.31,1625449482.0,64.0
48.58,1625449482.0,64.0
48.8,1625449482.0,64.0
47.56,1625449482.0,64.0
45.6,1625449482.0,64.0
43.61,1625449482.0,64.0
41.91,1625449482.0,64.0
40.5,1625449482.0,64.0
39.02,1625449482.0,64.0
37.08,1625449482.0,64.0
34.42,1625449482.0,64.0
31.06,1625449482.0,64.0
27.27,1625449482.0,64.0
23.32,1625449482.0,64.0
19.31,1625449482.0,64.0
15.08,1625449482.0,64.0
10.34,1625449482.0,64.0
4.88,1625449482.0,64.0
-1.21,1625449482.0,64.0
-7.51,1625449482.0,64.0
-13.42,1625449482.0,64.0
-18.44,1625449482.0,64.0
-22.43,1625449482.0,64.0
-25.67,1625449482.0,64.0
-28.74,1625449482.0,64.0
-32.28,1625449482.0,64.0
-36.78,1625449482.0,64.0
-42.38,1625449482.0,64.0
-48.8,1625449482.0,64.0
-55.41,1625449482.0,64.0
-61.26,1625449482.0,64.0
-65.26,1625449482.0,64.0
-66.36,1625449482.0,64.0
-63.84,1625449482.0,64.0
-57.54,1625449482.0,64.0
-47.87,1625449482.0,64.0
-35.72,1625449482.0,64.0
-22.15,1625449482.0,64.0
-8.13,1625449482.0,64.0
5.57,1625449482.0,64.0
18.43,1625449482.0,64.0
29.99,1625449482.0,64.0
39.78,1625449482.0,64.0
47.34,1625449482.0,64.0
52.36,1625449482.0,64.0
54.86,1625449482.0,64.0
55.24,1625449482.0,64.0
54.18,1625449482.0,64.0
52.46,1625449482.0,64.0
50.69,1625449482.0,64.0
49.16,1625449482.0,64.0
47.79,1625449482.0,64.0
46.3,1625449482.0,64.0
44.29,1625449482.0,64.0
41.47,1625449482.0,64.0
37.8,1625449482.0,64.0
33.44,1625449482.0,64.0
28.76,1625449482.0,64.0
24.17,1625449482.0,64.0
19.91,1625449482.0,64.0
16.02,1625449482.0,64.0
12.28,1625449482.0,64.0
8.41,1625449482.0,64.0
4.17,1625449482.0,64.0
-0.45,1625449482.0,64.0
-5.25,1625449482.0,64.0
-9.96,1625449482.0,64.0
-14.37,1625449482.0,64.0
-18.48,1625449482.0,64.0
-22.5,1625449482.0,64.0
-26.77,1625449482.0,64.0
-31.57,1625449482.0,64.0
-37.12,1625449482.0,64.0
-43.43,1625449482.0,64.0
-50.38,1625449482.0,64.0
-57.58,1625449482.0,64.0
-64.38,1625449482.0,64.0
-69.83,1625449482.0,64.0
-72.78,1625449482.0,64.0
-72.19,1625449482.0,64.0
-67.35,1625449482.0,64.0
-58.21,1625449482.0,64.0
-45.39,1625449482.0,64.0
-30.0,1625449482.0,64.0
-13.31,1625449482.0,64.0
3.54,1625449482.0,64.0
19.66,1625449482.0,64.0
34.34,1625449482.0,64.0
46.92,1625449482.0,64.0
56.77,1625449482.0,64.0
63.38,1625449482.0,64.0
66.68,1625449482.0,64.0
67.14,1625449482.0,64.0
65.79,1625449482.0,64.0
63.88,1625449482.0,64.0
62.44,1625449482.0,64.0
61.88,1625449482.0,64.0
61.85,1625449482.0,64.0
61.5,1625449482.0,64.0
59.91,1625449482.0,64.0
56.61,1625449482.0,64.0
51.75,1625449482.0,64.0
46.03,1625449482.0,64.0
40.31,1625449482.0,64.0
35.27,1625449482.0,64.0
31.15,1625449482.0,64.0
27.77,1625449482.0,64.0
24.8,1625449482.0,64.0
21.9,1625449482.0,64.0
18.97,1625449482.0,64.0
15.98,1625449482.0,64.0
12.91,1625449482.0,64.0
9.59,1625449482.0,64.0
5.71,1625449482.0,64.0
0.94,1625449482.0,64.0
-4.89,1625449482.0,64.0
-11.58,1625449482.0,64.0
-18.64,1625449482.0,64.0
-25.4,1625449482.0,64.0
-31.26,1625449482.0,64.0
-35.89,1625449482.0,64.0
-39.37,1625449482.0,64.0
-42.08,1625449482.0,64.0
-44.6,1625449482.0,64.0
-47.48,1625449482.0,64.0
-51.12,1625449482.0,64.0
-55.64,1625449482.0,64.0
-60.77,1625449482.0,64.0
-65.8,1625449482.0,64.0
-69.64,1625449482.0,64.0
-71.02,1625449482.0,64.0
-68.86,1625449482.0,64.0
-62.61,1625449482.0,64.0
-52.5,1625449482.0,64.0
-39.48,1625449482.0,64.0
-24.91,1625449482.0,64.0
-10.07,1625449482.0,64.0
4.11,1625449482.0,64.0
17.18,1625449482.0,64.0
28.97,1625449482.0,64.0
39.31,1625449482.0,64.0
47.81,1625449482.0,64.0
53.93,1625449482.0,64.0
57.29,1625449482.0,64.0
57.89,1625449482.0,64.0
56.35,1625449482.0,64.0
53.67,1625449482.0,64.0
50.96,1625449482.0,64.0
48.97,1625449482.0,64.0
47.93,1625449482.0,64.0
47.52,1625449482.0,64.0
47.16,1625449482.0,64.0
46.25,1625449482.0,64.0
44.49,1625449482.0,64.0
41.91,1625449482.0,64.0
38.75,1625449482.0,64.0
35.32,1625449482.0,64.0
31.87,1625449482.0,64.0
28.5,1625449482.0,64.0
25.19,1625449482.0,64.0
21.87,1625449482.0,64.0
18.51,1625449482.0,64.0
15.14,1625449482.0,64.0
11.86,1625449482.0,64.0
8.81,1625449482.0,64.0
6.03,1625449482.0,64.0
3.47,1625449482.0,64.0
0.95,1625449482.0,64.0
-1.81,1625449482.0,64.0
-5.01,1625449482.0,64.0
-8.74,1625449482.0,64.0
-12.89,1625449482.0,64.0
-17.18,1625449482.0,64.0
-21.33,1625449482.0,64.0
-25.09,1625449482.0,64.0
-28.4,1625449482.0,64.0
-31.34,1625449482.0,64.0
-34.12,1625449482.0,64.0
-36.98,1625449482.0,64.0
-40.11,1625449482.0,64.0
-43.68,1625449482.0,64.0
-47.8,1625449482.0,64.0
-52.49,1625449482.0,64.0
-57.61,1625449482.0,64.0
-62.71,1625449482.0,64.0
-67.01,1625449482.0,64.0
-69.49,1625449482.0,64.0
-69.12,1625449482.0,64.0
-65.26,1625449482.0,64.0
-57.84,1625449482.0,64.0
-47.49,1625449482.0,64.0
-35.25,1625449482.0,64.0
-22.33,1625449482.0,64.0
-9.7,1625449482.0,64.0
2.04,1625449482.0,64.0
12.58,1625449482.0,64.0
21.77,1625449482.0,64.0
29.39,1625449482.0,64.0
35.17,1625449482.0,64.0
38.91,1625449482.0,64.0
40.66,1625449482.0,64.0
40.85,1625449482.0,64.0
40.18,1625449482.0,64.0
39.43,1625449482.0,64.0
39.13,1625449482.0,64.0
39.43,1625449482.0,64.0
40.05,1625449482.0,64.0
40.52,1625449482.0,64.0
40.36,1625449482.0,64.0
39.32,1625449482.0,64.0
37.47,1625449482.0,64.0
35.09,1625449482.0,64.0
32.61,1625449482.0,64.0
30.36,1625449482.0,64.0
28.54,1625449482.0,64.0
27.11,1625449482.0,64.0
25.83,1625449482.0,64.0
24.36,1625449482.0,64.0
22.36,1625449482.0,64.0
19.65,1625449482.0,64.0
16.21,1625449482.0,64.0
12.24,1625449482.0,64.0
7.94,1625449482.0,64.0
3.51,1625449482.0,64.0
-1.0,1625449482.0,64.0
-5.66,1625449482.0,64.0
-10.57,1625449482.0,64.0
-15.72,1625449482.0,64.0
-20.94,1625449482.0,64.0
-25.86,1625449482.0,64.0
-30.07,1625449482.0,64.0
-33.23,1625449482.0,64.0
-35.23,1625449482.0,64.0
-36.21,1625449482.0,64.0
-36.57,1625449482.0,64.0
-36.79,1625449482.0,64.0
-37.39,1625449482.0,64.0
-38.8,1625449482.0,64.0
-41.3,1625449482.0,64.0
-45.04,1625449482.0,64.0
-49.97,1625449482.0,64.0
-55.83,1625449482.0,64.0
-62.05,1625449482.0,64.0
-67.72,1625449482.0,64.0
-71.71,1625449482.0,64.0
-72.88,1625449482.0,64.0
-70.44,1625449482.0,64.0
-64.22,1625449482.0,64.0
-54.72,1625449482.0,64.0
-42.98,1625449482.0,64.0
-30.2,1625449482.0,64.0
-17.4,1625449482.0,64.0
-5.24,1625449482.0,64.0
5.95,1625449482.0,64.0
15.96,1625449482.0,64.0
24.45,1625449482.0,64.0
30.97,1625449482.0,64.0
35.14,1625449482.0,64.0
36.87,1625449482.0,64.0
36.59,1625449482.0,64.0
35.15,1625449482.0,64.0
33.5,1625449482.0,64.0
32.35,1625449482.0,64.0
31.94,1625449482.0,64.0
32.03,1625449482.0,64.0
32.18,1625449482.0,64.0
32.03,1625449482.0,64.0
31.44,1625449482.0,64.0
30.5,1625449482.0,64.0
29.33,1625449482.0,64.0
28.01,1625449482.0,64.0
26.47,1625449482.0,64.0
24.54,1625449482.0,64.0
22.17,1625449482.0,64.0
19.37,1625449482.0,64.0
16.29,1625449482.0,64.0
13.09,1625449482.0,64.0
9.9,1625449482.0,64.0
6.77,1625449482.0,64.0
3.75,1625449482.0,64.0
0.84,1625449482.0,64.0
-1.92,1625449482.0,64.0
-4.52,1625449482.0,64.0
-7.0,1625449482.0,64.0
-9.43,1625449482.0,64.0
-11.98,1625449482.0,64.0
-14.8,1625449482.0,64.0
-18.02,1625449482.0,64.0
-21.62,1625449482.0,64.0
-25.45,1625449482.0,64.0
-29.27,1625449482.0,64.0
-32.83,1625449482.0,64.0
-36.01,1625449482.0,64.0
-38.84,1625449482.0,64.0
-41.58,1625449482.0,64.0
-44.53,1625449482.0,64.0
-48.0,1625449482.0,64.0
-52.09,1625449482.0,64.0
-56.66,1625449482.0,64.0
-61.27,1625449482.0,64.0
-65.22,1625449482.0,64.0
-67.66,1625449482.0,64.0
-67.8,1625449482.0,64.0
-65.11,1625449482.0,64.0
-59.53,1625449482.0,64.0
-51.45,1625449482.0,64.0
-41.64,1625449482.0,64.0
-30.93,1625449482.0,64.0
-20.05,1625449482.0,64.0
-9.49,1625449482.0,64.0
0.45,1625449482.0,64.0
9.48,1625449482.0,64.0
17.23,1625449482.0,64.0
23.29,1625449482.0,64.0
27.34,1625449482.0,64.0
29.38,1625449482.0,64.0
29.83,1625449482.0,64.0
29.38,1625449482.0,64.0
28.8,1625449482.0,64.0
28.6,1625449482.0,64.0
28.93,1625449482.0,64.0
29.56,1625449482.0,64.0
30.1,1625449482.0,64.0
30.24,1625449482.0,64.0
29.81,1625449482.0,64.0
28.86,1625449482.0,64.0
27.48,1625449482.0,64.0
25.76,1625449482.0,64.0
23.67,1625449482.0,64.0
21.18,1625449482.0,64.0
18.32,1625449482.0,64.0
15.23,1625449482.0,64.0
12.2,1625449482.0,64.0
9.57,1625449482.0,64.0
7.59,1625449482.0,64.0
6.31,1625449482.0,64.0
5.48,1625449482.0,64.0
4.58,1625449482.0,64.0
2.98,1625449482.0,64.0
0.14,1625449482.0,64.0
-4.14,1625449482.0,64.0
-9.61,1625449482.0,64.0
-15.72,1625449482.0,64.0
-21.78,1625449482.0,64.0
-27.29,1625449482.0,64.0
-31.98,1625449482.0,64.0
-35.82,1625449482.0,64.0
-38.87,1625449482.0,64.0
-41.17,1625449482.0,64.0
-42.74,1625449482.0,64.0
-43.71,1625449482.0,64.0
-44.4,1625449482.0,64.0
-45.26,1625449482.0,64.0
-46.71,1625449482.0,64.0
-48.86,1625449482.0,64.0
-51.3,1625449482.0,64.0
-53.29,1625449482.0,64.0
-53.9,1625449482.0,64.0
-52.48,1625449482.0,64.0
-48.77,1625449482.0,64.0
-42.96,1625449482.0,64.0
-35.53,1625449482.0,64.0
-27.01,1625449482.0,64.0
-17.87,1625449482.0,64.0
-8.44,1625449482.0,64.0
0.95,1625449482.0,64.0
9.94,1625449482.0,64.0
18.08,1625449482.0,64.0
24.93,1625449482.0,64.0
30.17,1625449482.0,64.0
33.71,1625449482.0,64.0
35.76,1625449482.0,64.0
36.73,1625449482.0,64.0
37.17,1625449482.0,64.0
37.52,1625449482.0,64.0
38.03,1625449482.0,64.0
38.65,1625449482.0,64.0
39.21,1625449482.0,64.0
39.39,1625449482.0,64.0
39.03,1625449482.0,64.0
38.08,1625449482.0,64.0
36.62,1625449482.0,64.0
34.78,1625449482.0,64.0
32.64,1625449482.0,64.0
30.19,1625449482.0,64.0
27.37,1625449482.0,64.0
24.19,1625449482.0,64.0
20.72,1625449482.0,64.0
17.18,1625449482.0,64.0
13.8,1625449482.0,64.0
10.79,1625449482.0,64.0
8.22,1625449482.0,64.0
5.98,1625449482.0,64.0
3.82,1625449482.0,64.0
1.39,1625449482.0,64.0
-1.57,1625449482.0,64.0
-5.14,1625449482.0,64.0
-9.16,1625449482.0,64.0
-13.31,1625449482.0,64.0
-17.22,1625449482.0,64.0
-20.68,1625449482.0,64.0
-23.7,1625449482.0,64.0
-26.53,1625449482.0,64.0
-29.55,1625449482.0,64.0
-33.03,1625449482.0,64.0
-37.13,1625449482.0,64.0
-41.79,1625449482.0,64.0
-46.87,1625449482.0,64.0
-52.12,1625449482.0,64.0
-57.2,1625449482.0,64.0
-61.57,1625449482.0,64.0
-64.49,1625449482.0,64.0
-65.14,1625449482.0,64.0
-62.83,1625449482.0,64.0
-57.3,1625449482.0,64.0
-48.87,1625449482.0,64.0
-38.35,1625449482.0,64.0
-26.75,1625449482.0,64.0
-14.95,1625449482.0,64.0
-3.57,1625449482.0,64.0
7.08,1625449482.0,64.0
16.68,1625449482.0,64.0
24.88,1625449482.0,64.0
31.27,1625449482.0,64.0
35.55,1625449482.0,64.0
37.8,1625449482.0,64.0
38.53,1625449482.0,64.0
38.5,1625449482.0,64.0
38.45,1625449482.0,64.0
38.75,1625449482.0,64.0
39.39,1625449482.0,64.0
40.08,1625449482.0,64.0
40.48,1625449482.0,64.0
40.47,1625449482.0,64.0
40.09,1625449482.0,64.0
39.54,1625449482.0,64.0
38.9,1625449482.0,64.0
38.08,1625449482.0,64.0
36.86,1625449482.0,64.0
34.98,1625449482.0,64.0
32.3,1625449482.0,64.0
28.87,1625449482.0,64.0
24.96,1625449482.0,64.0
20.96,1625449482.0,64.0
17.23,1625449482.0,64.0
14.05,1625449482.0,64.0
11.47,1625449482.0,64.0
9.38,1625449482.0,64.0
7.48,1625449482.0,64.0
5.38,1625449482.0,64.0
2.74,1625449482.0,64.0
-0.65,1625449482.0,64.0
-4.78,1625449482.0,64.0
-9.39,1625449482.0,64.0
-14.09,1625449482.0,64.0
-18.46,1625449482.0,64.0
-22.25,1625449482.0,64.0
-25.46,1625449482.0,64.0
-28.36,1625449482.0,64.0
-31.39,1625449482.0,64.0
-34.97,1625449482.0,64.0
-39.36,1625449482.0,64.0
-44.6,1625449482.0,64.0
-50.48,1625449482.0,64.0
-56.65,1625449482.0,64.0
-62.59,1625449482.0,64.0
-67.61,1625449482.0,64.0
-70.87,1625449482.0,64.0
-71.48,1625449482.0,64.0
-68.77,1625449482.0,64.0
-62.53,1625449482.0,64.0
-53.2,1625449482.0,64.0
-41.8,1625449482.0,64.0
-29.57,1625449482.0,64.0
-17.6,1625449482.0,64.0
-6.42,1625449482.0,64.0
3.94,1625449482.0,64.0
13.73,1625449482.0,64.0
23.05,1625449482.0,64.0
31.62,1625449482.0,64.0
38.85,1625449482.0,64.0
44.18,1625449482.0,64.0
47.44,1625449482.0,64.0
49.0,1625449482.0,64.0
49.56,1625449482.0,64.0
49.83,1625449482.0,64.0
50.17,1625449482.0,64.0
50.5,1625449482.0,64.0
50.53,1625449482.0,64.0
49.94,1625449482.0,64.0
48.73,1625449482.0,64.0
47.1,1625449482.0,64.0
45.36,1625449482.0,64.0
43.7,1625449482.0,64.0
42.05,1625449482.0,64.0
40.18,1625449482.0,64.0
37.86,1625449482.0,64.0
35.0,1625449482.0,64.0
31.68,1625449482.0,64.0
28.2,1625449482.0,64.0
24.87,1625449482.0,64.0
21.92,1625449482.0,64.0
19.42,1625449482.0,64.0
17.17,1625449482.0,64.0
14.8,1625449482.0,64.0
11.88,1625449482.0,64.0
8.09,1625449482.0,64.0
3.38,1625449482.0,64.0
-2.0,1625449482.0,64.0
-7.54,1625449482.0,64.0
-12.74,1625449482.0,64.0
-17.26,1625449482.0,64.0
-21.04,1625449482.0,64.0
-24.29,1625449482.0,64.0
-27.35,1625449482.0,64.0
-30.51,1625449482.0,64.0
-33.97,1625449482.0,64.0
-37.8,1625449482.0,64.0
-42.03,1625449482.0,64.0
-46.65,1625449482.0,64.0
-51.54,1625449482.0,64.0
-56.36,1625449482.0,64.0
-60.41,1625449482.0,64.0
-62.78,1625449482.0,64.0
-62.53,1625449482.0,64.0
-59.11,1625449482.0,64.0
-52.52,1625449482.0,64.0
-43.34,1625449482.0,64.0
-32.52,1625449482.0,64.0
-21.06,1625449482.0,64.0
-9.73,1625449482.0,64.0
1.03,1625449482.0,64.0
10.95,1625449482.0,64.0
19.82,1625449482.0,64.0
27.36,1625449482.0,64.0
33.24,1625449482.0,64.0
37.28,1625449482.0,64.0
39.58,1625449482.0,64.0
40.62,1625449482.0,64.0
41.07,1625449482.0,64.0
41.57,1625449482.0,64.0
42.45,1625449482.0,64.0
43.67,1625449482.0,64.0
44.82,1625449482.0,64.0
45.47,1625449482.0,64.0
45.28,1625449482.0,64.0
44.25,1625449482.0,64.0
42.55,1625449482.0,64.0
40.43,1625449482.0,64.0
38.07,1625449482.0,64.0
35.48,1625449482.0,64.0
32.63,1625449482.0,64.0
29.48,1625449482.0,64.0
26.09,1625449482.0,64.0
22.66,1625449482.0,64.0
19.38,1625449482.0,64.0
16.41,1625449482.0,64.0
13.76,1625449482.0,64.0
11.31,1625449482.0,64.0
8.82,1625449482.0,64.0
6.04,1625449482.0,64.0
2.81,1625449482.0,64.0
-0.85,1625449482.0,64.0
-4.76,1625449482.0,64.0
-8.65,1625449482.0,64.0
-12.25,1625449482.0,64.0
-15.48,1625449482.0,64.0
-18.42,1625449482.0,64.0
-21.31,1625449482.0,64.0
-24.41,1625449482.0,64.0
-27.87,1625449482.0,64.0
-31.73,1625449482.0,64.0
-35.98,1625449482.0,64.0
-40.56,1625449482.0,64.0
-45.44,1625449482.0,64.0
-50.5,1625449482.0,64.0
-55.37,1625449482.0,64.0
-59.4,1625449482.0,64.0
-61.72,1625449482.0,64.0
-61.55,1625449482.0,64.0
-58.43,1625449482.0,64.0
-52.4,1625449482.0,64.0
-44.01,1625449482.0,64.0
-34.03,1625449482.0,64.0
-23.22,1625449482.0,64.0
-12.12,1625449482.0,64.0
-1.06,1625449482.0,64.0
9.68,1625449482.0,64.0
19.63,1625449482.0,64.0
28.1,1625449482.0,64.0
34.39,1625449482.0,64.0
38.08,1625449482.0,64.0
39.4,1625449482.0,64.0
39.14,1625449482.0,64.0
38.44,1625449482.0,64.0
38.3,1625449482.0,64.0
39.2,1625449482.0,64.0
40.97,1625449482.0,64.0
42.94,1625449482.0,64.0
44.41,1625449482.0,64.0
44.91,1625449482.0,64.0
44.38,1625449482.0,64.0
43.08,1625449482.0,64.0
41.36,1625449482.0,64.0
39.47,1625449482.0,64.0
37.48,1625449482.0,64.0
35.36,1625449482.0,64.0
33.06,1625449482.0,64.0
30.62,1625449482.0,64.0
28.16,1625449482.0,64.0
25.78,1625449482.0,64.0
23.54,1625449482.0,64.0
21.4,1625449482.0,64.0
19.22,1625449482.0,64.0
16.75,1625449482.0,64.0
13.76,1625449482.0,64.0
10.08,1625449482.0,64.0
5.68,1625449482.0,64.0
0.64,1625449482.0,64.0
-4.82,1625449482.0,64.0
-10.42,1625449482.0,64.0
-15.88,1625449482.0,64.0
-20.95,1625449482.0,64.0
-25.46,1625449482.0,64.0
-29.34,1625449482.0,64.0
-32.64,1625449482.0,64.0
-35.5,1625449482.0,64.0
-38.2,1625449482.0,64.0
-41.07,1625449482.0,64.0
-44.4,1625449482.0,64.0
-48.4,1625449482.0,64.0
-53.04,1625449482.0,64.0
-57.93,1625449482.0,64.0
-62.35,1625449482.0,64.0
-65.35,1625449482.0,64.0
-65.96,1625449482.0,64.0
-63.53,1625449482.0,64.0
-57.86,1625449482.0,64.0
-49.38,1625449482.0,64.0
-38.87,1625449482.0,64.0
-27.28,1625449482.0,64.0
-15.4,1625449482.0,64.0
-3.81,1625449482.0,64.0
7.12,1625449482.0,64.0
17.01,1625449482.0,64.0
25.44,1625449482.0,64.0
31.98,1625449482.0,64.0
36.41,1625449482.0,64.0
38.83,1625449482.0,64.0
39.79,1625449482.0,64.0
40.02,1625449482.0,64.0
40.25,1625449482.0,64.0
40.89,1625449482.0,64.0
41.95,1625449482.0,64.0
43.11,1625449482.0,64.0
43.96,1625449482.0,64.0
44.13,1625449482.0,64.0
43.49,1625449482.0,64.0
42.08,1625449482.0,64.0
40.07,1625449482.0,64.0
37.64,1625449482.0,64.0
34.9,1625449482.0,64.0
31.92,1625449482.0,64.0
28.75,1625449482.0,64.0
25.44,1625449482.0,64.0
22.08,1625449482.0,64.0
18.75,1625449482.0,64.0
15.56,1625449482.0,64.0
12.56,1625449482.0,64.0
9.78,1625449482.0,64.0
7.15,1625449482.0,64.0
4.6,1625449482.0,64.0
1.97,1625449482.0,64.0
-0.85,1625449482.0,64.0
-4.01,1625449482.0,64.0
-7.54,1625449482.0,64.0
-11.37,1625449482.0,64.0
-15.41,1625449482.0,64.0
-19.47,1625449482.0,64.0
-23.4,1625449482.0,64.0
-27.1,1625449482.0,64.0
-30.57,1625449482.0,64.0
-33.88,1625449482.0,64.0
-37.22,1625449482.0,64.0
-40.83,1625449482.0,64.0
-44.95,1625449482.0,64.0
-49.69,1625449482.0,64.0
-54.9,1625449482.0,64.0
-60.1,1625449482.0,64.0
-64.48,1625449482.0,64.0
-67.04,1625449482.0,64.0
-66.86,1625449482.0,64.0
-63.4,1625449482.0,64.0
-56.67,1625449482.0,64.0
-47.22,1625449482.0,64.0
-35.99,1625449482.0,64.0
-23.99,1625449482.0,64.0
-12.05,1625449482.0,64.0
-0.69,1625449482.0,64.0
9.82,1625449482.0,64.0
19.29,1625449482.0,64.0
27.47,1625449482.0,64.0
34.03,1625449482.0,64.0
38.75,1625449482.0,64.0
41.66,1625449482.0,64.0
43.16,1625449482.0,64.0
43.91,1625449482.0,64.0
44.59,1625449482.0,64.0
45.61,1625449482.0,64.0
46.97,1625449482.0,64.0
48.35,1625449482.0,64.0
49.28,1625449482.0,64.0
49.44,1625449482.0,64.0
48.74,1625449482.0,64.0
47.33,1625449482.0,64.0
45.42,1625449482.0,64.0
43.18,1625449482.0,64.0
40.67,1625449482.0,64.0
37.87,1625449482.0,64.0
34.72,1625449482.0,64.0
31.29,1625449482.0,64.0
27.7,1625449482.0,64.0
24.11,1625449482.0,64.0
20.61,1625449482.0,64.0
17.21,1625449482.0,64.0
13.8,1625449482.0,64.0
10.24,1625449482.0,64.0
6.35,1625449482.0,64.0
2.03,1625449482.0,64.0
-2.8,1625449482.0,64.0
-8.13,1625449482.0,64.0
-13.86,1625449482.0,64.0
-19.8,1625449482.0,64.0
-25.64,1625449482.0,64.0
-31.01,1625449482.0,64.0
-35.55,1625449482.0,64.0
-39.01,1625449482.0,64.0
-41.39,1625449482.0,64.0
-42.91,1625449482.0,64.0
-44.01,1625449482.0,64.0
-45.2,1625449482.0,64.0
-46.99,1625449482.0,64.0
-49.72,1625449482.0,64.0
-53.53,1625449482.0,64.0
-58.24,1625449482.0,64.0
-63.35,1625449482.0,64.0
-68.07,1625449482.0,64.0
-71.42,1625449482.0,64.0
-72.52,1625449482.0,64.0
-70.72,1625449482.0,64.0
-65.78,1625449482.0,64.0
-57.95,1625449482.0,64.0
-47.78,1625449482.0,64.0
-35.98,1625449482.0,64.0
-23.27,1625449482.0,64.0
-10.25,1625449482.0,64.0
2.52,1625449482.0,64.0
14.49,1625449482.0,64.0
25.06,1625449482.0,64.0
33.65,1625449482.0,64.0
39.88,1625449482.0,64.0
43.72,1625449482.0,64.0
45.55,1625449482.0,64.0
46.09,1625449482.0,64.0
46.15,1625449482.0,64.0
46.33,1625449482.0,64.0
46.85,1625449482.0,64.0
47.5,1625449482.0,64.0
47.84,1625449482.0,64.0
47.44,1625449482.0,64.0
46.11,1625449482.0,64.0
43.91,1625449482.0,64.0
41.12,1625449482.0,64.0
38.02,1625449482.0,64.0
34.76,1625449482.0,64.0
31.39,1625449482.0,64.0
27.89,1625449482.0,64.0
24.26,1625449482.0,64.0
20.62,1625449482.0,64.0
17.13,1625449482.0,64.0
13.97,1625449482.0,64.0
11.23,1625449482.0,64.0
8.89,1625449482.0,64.0
6.8,1625449482.0,64.0
4.79,1625449482.0,64.0
2.66,1625449482.0,64.0
0.32,1625449482.0,64.0
-2.3,1625449482.0,64.0
-5.18,1625449482.0,64.0
-8.28,1625449482.0,64.0
-11.52,1625449482.0,64.0
-14.78,1625449482.0,64.0
-17.99,1625449482.0,64.0
-21.14,1625449482.0,64.0
-24.3,1625449482.0,64.0
-27.64,1625449482.0,64.0
-31.34,1625449482.0,64.0
-35.59,1625449482.0,64.0
-40.46,1625449482.0,64.0
-45.9,1625449482.0,64.0
-51.66,1625449482.0,64.0
-57.27,1625449482.0,64.0
-62.04,1625449482.0,64.0
-65.16,1625449482.0,64.0
-65.83,1625449482.0,64.0
-63.51,1625449482.0,64.0
-58.02,1625449482.0,64.0
-49.68,1625449482.0,64.0
-39.17,1625449482.0,64.0
-27.35,1625449482.0,64.0
-15.03,1625449482.0,64.0
-2.8,1625449482.0,64.0
8.94,1625449482.0,64.0
19.81,1625449482.0,64.0
29.35,1625449482.0,64.0
37.02,1625449482.0,64.0
42.42,1625449482.0,64.0
45.42,1625449482.0,64.0
46.43,1625449482.0,64.0
46.24,1625449482.0,64.0
45.78,1625449482.0,64.0
45.74,1625449482.0,64.0
46.32,1625449482.0,64.0
47.24,1625449482.0,64.0
47.95,1625449482.0,64.0
47.98,1625449482.0,64.0
47.11,1625449482.0,64.0
45.46,1625449482.0,64.0
43.34,1625449482.0,64.0
40.99,1625449482.0,64.0
38.5,1625449482.0,64.0
35.78,1625449482.0,64.0
32.68,1625449482.0,64.0
29.15,1625449482.0,64.0
25.28,1625449482.0,64.0
21.36,1625449482.0,64.0
17.7,1625449482.0,64.0
14.52,1625449482.0,64.0
11.87,1625449482.0,64.0
9.59,1625449482.0,64.0
7.39,1625449482.0,64.0
4.99,1625449482.0,64.0
2.19,1625449482.0,64.0
-1.02,1625449482.0,64.0
-4.48,1625449482.0,64.0
-7.95,1625449482.0,64.0
-11.19,1625449482.0,64.0
-14.07,1625449482.0,64.0
-16.59,1625449482.0,64.0
-18.88,1625449482.0,64.0
-21.13,1625449482.0,64.0
-23.56,1625449482.0,64.0
-26.35,1625449482.0,64.0
-29.66,1625449482.0,64.0
-33.62,1625449482.0,64.0
-38.19,1625449482.0,64.0
-43.13,1625449482.0,64.0
-47.91,1625449482.0,64.0
-51.74,1625449482.0,64.0
-53.76,1625449482.0,64.0
-53.26,1625449482.0,64.0
-49.92,1625449482.0,64.0
-43.88,1625449482.0,64.0
-35.64,1625449482.0,64.0
-25.87,1625449482.0,64.0
-15.16,1625449482.0,64.0
-4.0,1625449482.0,64.0
7.2,1625449482.0,64.0
17.85,1625449482.0,64.0
27.23,1625449482.0,64.0
34.53,1625449482.0,64.0
39.22,1625449482.0,64.0
41.29,1625449482.0,64.0
41.39,1625449482.0,64.0
40.58,1625449482.0,64.0
39.93,1625449482.0,64.0
40.04,1625449482.0,64.0
40.86,1625449482.0,64.0
41.79,1625449482.0,64.0
42.08,1625449482.0,64.0
41.29,1625449482.0,64.0
39.43,1625449482.0,64.0
36.94,1625449482.0,64.0
34.33,1625449482.0,64.0
31.88,1625449482.0,64.0
29.51,1625449482.0,64.0
26.87,1625449482.0,64.0
23.6,1625449482.0,64.0
19.64,1625449482.0,64.0
15.19,1625449482.0,64.0
10.69,1625449482.0,64.0
6.54,1625449482.0,64.0
2.97,1625449482.0,64.0
-0.13,1625449482.0,64.0
-3.04,1625449482.0,64.0
-6.07,1625449482.0,64.0
-9.41,1625449482.0,64.0
-12.98,1625449482.0,64.0
-16.54,1625449482.0,64.0
-19.84,1625449482.0,64.0
-22.76,1625449482.0,64.0
-25.48,1625449482.0,64.0
-28.34,1625449482.0,64.0
-31.72,1625449482.0,64.0
-35.92,1625449482.0,64.0
-40.98,1625449482.0,64.0
-46.78,1625449482.0,64.0
-53.05,1625449482.0,64.0
-59.39,1625449482.0,64.0
-65.3,1625449482.0,64.0
-70.09,1625449482.0,64.0
-72.93,1625449482.0,64.0
-73.02,1625449482.0,64.0
-69.82,1625449482.0,64.0
-63.27,1625449482.0,64.0
-53.86,1625449482.0,64.0
-42.47,1625449482.0,64.0
-30.09,1625449482.0,64.0
-17.47,1625449482.0,64.0
-5.04,1625449482.0,64.0
7.07,1625449482.0,64.0
18.72,1625449482.0,64.0
29.53,1625449482.0,64.0
38.89,1625449482.0,64.0
46.09,1625449482.0,64.0
50.69,1625449482.0,64.0
52.75,1625449482.0,64.0
52.95,1625449482.0,64.0
52.27,1625449482.0,64.0
51.64,1625449482.0,64.0
51.53,1625449482.0,64.0
51.87,1625449482.0,64.0
52.21,1625449482.0,64.0
52.03,1625449482.0,64.0
51.06,1625449482.0,64.0
49.37,1625449482.0,64.0
47.22,1625449482.0,64.0
44.84,1625449482.0,64.0
42.26,1625449482.0,64.0
39.3,1625449482.0,64.0
35.73,1625449482.0,64.0
31.45,1625449482.0,64.0
26.59,1625449482.0,64.0
21.5,1625449482.0,64.0
16.61,1625449482.0,64.0
12.29,1625449482.0,64.0
8.72,1625449482.0,64.0
5.83,1625449482.0,64.0
3.32,1625449482.0,64.0
0.75,1625449482.0,64.0
-2.32,1625449482.0,64.0
-6.17,1625449482.0,64.0
-10.82,1625449482.0,64.0
-16.03,1625449482.0,64.0
-21.36,1625449482.0,64.0
-26.37,1625449482.0,64.0
-30.77,1625449482.0,64.0
-34.59,1625449482.0,64.0
-38.1,1625449482.0,64.0
-41.71,1625449482.0,64.0
-45.81,1625449482.0,64.0
-50.57,1625449482.0,64.0
-55.96,1625449482.0,64.0
-61.65,1625449482.0,64.0
-67.06,1625449482.0,64.0
-71.39,1625449482.0,64.0
-73.77,1625449482.0,64.0
-73.4,1625449482.0,64.0
-69.83,1625449482.0,64.0
-63.11,1625449482.0,64.0
-53.74,1625449482.0,64.0
-42.56,1625449482.0,64.0
-30.46,1625449482.0,64.0
-18.11,1625449482.0,64.0
-5.9,1625449482.0,64.0
5.98,1625449482.0,64.0
17.32,1625449482.0,64.0
27.73,1625449482.0,64.0
36.64,1625449482.0,64.0
43.51,1625449482.0,64.0
48.13,1625449482.0,64.0
50.7,1625449482.0,64.0
51.8,1625449482.0,64.0
52.12,1625449482.0,64.0
52.14,1625449482.0,64.0
52.0,1625449482.0,64.0
51.59,1625449482.0,64.0
50.72,1625449482.0,64.0
49.42,1625449482.0,64.0
47.92,1625449482.0,64.0
46.6,1625449482.0,64.0
45.73,1625449482.0,64.0
45.26,1625449482.0,64.0
44.87,1625449482.0,64.0
44.03,1625449482.0,64.0
42.28,1625449482.0,64.0
39.39,1625449482.0,64.0
35.38,1625449482.0,64.0
30.49,1625449482.0,64.0
24.99,1625449482.0,64.0
19.12,1625449482.0,64.0
13.0,1625449482.0,64.0
6.74,1625449482.0,64.0
0.47,1625449482.0,64.0
-5.56,1625449482.0,64.0
-10.97,1625449482.0,64.0
-15.35,1625449482.0,64.0
-18.39,1625449482.0,64.0
-20.0,1625449482.0,64.0
-20.41,1625449482.0,64.0
-20.11,1625449482.0,64.0
-19.7,1625449482.0,64.0
-19.76,1625449482.0,64.0
-20.68,1625449482.0,64.0
-22.61,1625449482.0,64.0
-25.57,1625449482.0,64.0
-29.49,1625449482.0,64.0
-34.33,1625449482.0,64.0
-40.04,1625449482.0,64.0
-46.59,1625449482.0,64.0
-53.83,1625449482.0,64.0
-61.45,1625449482.0,64.0
-68.95,1625449482.0,64.0
-75.63,1625449482.0,64.0
-80.66,1625449482.0,64.0
-83.16,1625449482.0,64.0
-82.41,1625449482.0,64.0
-78.02,1625449482.0,64.0
-70.13,1625449482.0,64.0
-59.34,1625449482.0,64.0
-46.6,1625449482.0,64.0
-32.92,1625449482.0,64.0
-19.12,1625449482.0,64.0
-5.71,1625449482.0,64.0
6.99,1625449482.0,64.0
18.74,1625449482.0,64.0
29.2,1625449482.0,64.0
37.92,1625449482.0,64.0
44.54,1625449482.0,64.0
48.99,1625449482.0,64.0
51.55,1625449482.0,64.0
52.83,1625449482.0,64.0
53.47,1625449482.0,64.0
53.96,1625449482.0,64.0
54.46,1625449482.0,64.0
54.87,1625449482.0,64.0
54.94,1625449482.0,64.0
54.4,1625449482.0,64.0
53.12,1625449482.0,64.0
51.11,1625449482.0,64.0
48.48,1625449482.0,64.0
45.37,1625449482.0,64.0
41.94,1625449482.0,64.0
38.35,1625449482.0,64.0
34.73,1625449482.0,64.0
31.21,1625449482.0,64.0
27.85,1625449482.0,64.0
24.65,1625449482.0,64.0
21.52,1625449482.0,64.0
18.38,1625449482.0,64.0
15.08,1625449482.0,64.0
11.58,1625449482.0,64.0
7.87,1625449482.0,64.0
4.07,1625449482.0,64.0
0.31,1625449482.0,64.0
-3.32,1625449482.0,64.0
-6.78,1625449482.0,64.0
-10.19,1625449482.0,64.0
-13.66,1625449482.0,64.0
-17.33,1625449482.0,64.0
-21.23,1625449482.0,64.0
-25.27,1625449482.0,64.0
-29.32,1625449482.0,64.0
-33.22,1625449482.0,64.0
-36.95,1625449482.0,64.0
-40.63,1625449482.0,64.0
-44.5,1625449482.0,64.0
-48.82,1625449482.0,64.0
-53.8,1625449482.0,64.0
-59.4,1625449482.0,64.0
-65.37,1625449482.0,64.0
-71.25,1625449482.0,64.0
-76.34,1625449482.0,64.0
-79.89,1625449482.0,64.0
-81.13,1625449482.0,64.0
-79.46,1625449482.0,64.0
-74.64,1625449482.0,64.0
-66.81,1625449482.0,64.0
-56.51,1625449482.0,64.0
-44.54,1625449482.0,64.0
-31.72,1625449482.0,64.0
-18.66,1625449482.0,64.0
-5.76,1625449482.0,64.0
6.74,1625449482.0,64.0
18.54,1625449482.0,64.0
29.15,1625449482.0,64.0
37.95,1625449482.0,64.0
44.46,1625449482.0,64.0
48.57,1625449482.0,64.0
50.72,1625449482.0,64.0
51.72,1625449482.0,64.0
52.44,1625449482.0,64.0
53.45,1625449482.0,64.0
54.74,1625449482.0,64.0
55.88,1625449482.0,64.0
56.28,1625449482.0,64.0
55.56,1625449482.0,64.0
53.77,1625449482.0,64.0
51.34,1625449482.0,64.0
48.85,1625449482.0,64.0
46.68,1625449482.0,64.0
44.85,1625449482.0,64.0
43.06,1625449482.0,64.0
40.94,1625449482.0,64.0
38.2,1625449482.0,64.0
34.86,1625449482.0,64.0
31.12,1625449482.0,64.0
27.23,1625449482.0,64.0
23.35,1625449482.0,64.0
19.46,1625449482.0,64.0
15.42,1625449482.0,64.0
11.06,1625449482.0,64.0
6.32,1625449482.0,64.0
1.27,1625449482.0,64.0
-3.87,1625449482.0,64.0
-8.82,1625449482.0,64.0
-13.34,1625449482.0,64.0
-17.27,1625449482.0,64.0
-20.55,1625449482.0,64.0
-23.27,1625449482.0,64.0
-25.58,1625449482.0,64.0
-27.66,1625449482.0,64.0
-29.67,1625449482.0,64.0
-31.75,1625449482.0,64.0
-34.05,1625449482.0,64.0
-36.75,1625449482.0,64.0
-40.1,1625449482.0,64.0
-44.31,1625449482.0,64.0
-49.4,1625449482.0,64.0
-55.03,1625449482.0,64.0
-60.43,1625449482.0,64.0
-64.55,1625449482.0,64.0
-66.27,1625449482.0,64.0
-64.76,1625449482.0,64.0
-59.73,1625449482.0,64.0
-51.46,1625449482.0,64.0
-40.74,1625449482.0,64.0
-28.52,1625449482.0,64.0
-15.71,1625449482.0,64.0
-3.01,1625449482.0,64.0
9.07,1625449482.0,64.0
20.11,1625449482.0,64.0
29.66,1625449482.0,64.0
37.24,1625449482.0,64.0
42.49,1625449482.0,64.0
45.39,1625449482.0,64.0
46.3,1625449482.0,64.0
45.96,1625449482.0,64.0
45.17,1625449482.0,64.0
44.59,1625449482.0,64.0
44.44,1625449482.0,64.0
44.57,1625449482.0,64.0
44.64,1625449482.0,64.0
44.32,1625449482.0,64.0
43.51,1625449482.0,64.0
42.28,1625449482.0,64.0
40.81,1625449482.0,64.0
39.15,1625449482.0,64.0
37.2,1625449482.0,64.0
34.74,1625449482.0,64.0
31.59,1625449482.0,64.0
27.75,1625449482.0,64.0
23.46,1625449482.0,64.0
19.1,1625449482.0,64.0
15.04,1625449482.0,64.0
11.42,1625449482.0,64.0
8.09,1625449482.0,64.0
4.66,1625449482.0,64.0
0.72,1625449482.0,64.0
-3.89,1625449482.0,64.0
-9.03,1625449482.0,64.0
-14.24,1625449482.0,64.0
-19.01,1625449482.0,64.0
-23.01,1625449482.0,64.0
-26.26,1625449482.0,64.0
-29.08,1625449482.0,64.0
-31.9,1625449482.0,64.0
-35.12,1625449482.0,64.0
-38.96,1625449482.0,64.0
-43.48,1625449482.0,64.0
-48.62,1625449482.0,64.0
-54.14,1625449482.0,64.0
-59.59,1625449482.0,64.0
-64.19,1625449482.0,64.0
-66.99,1625449482.0,64.0
-67.04,1625449482.0,64.0
-63.75,1625449482.0,64.0
-57.12,1625449482.0,64.0
-47.8,1625449482.0,64.0
-36.78,1625449482.0,64.0
-25.12,1625449482.0,64.0
-13.59,1625449482.0,64.0
-2.6,1625449482.0,64.0
7.71,1625449482.0,64.0
17.24,1625449482.0,64.0
25.71,1625449482.0,64.0
32.71,1625449482.0,64.0
37.82,1625449482.0,64.0
40.89,1625449482.0,64.0
42.17,1625449482.0,64.0
42.27,1625449482.0,64.0
41.97,1625449482.0,64.0
41.85,1625449482.0,64.0
42.12,1625449482.0,64.0
42.54,1625449482.0,64.0
42.7,1625449482.0,64.0
42.22,1625449482.0,64.0
41.03,1625449482.0,64.0
39.34,1625449482.0,64.0
37.42,1625449482.0,64.0
35.44,1625449482.0,64.0
33.25,1625449482.0,64.0
30.53,1625449482.0,64.0
26.94,1625449482.0,64.0
22.43,1625449482.0,64.0
17.32,1625449482.0,64.0
12.18,1625449482.0,64.0
7.6,1625449482.0,64.0
3.89,1625449482.0,64.0
0.99,1625449482.0,64.0
-1.56,1625449482.0,64.0
-4.31,1625449482.0,64.0
-7.7,1625449482.0,64.0
-11.9,1625449482.0,64.0
-16.68,1625449482.0,64.0
-21.64,1625449482.0,64.0
-26.33,1625449482.0,64.0
-30.47,1625449482.0,64.0
-34.06,1625449482.0,64.0
-37.38,1625449482.0,64.0
-40.9,1625449482.0,64.0
-45.11,1625449482.0,64.0
-50.37,1625449482.0,64.0
-56.72,1625449482.0,64.0
-63.77,1625449482.0,64.0
-70.66,1625449482.0,64.0
-76.2,1625449482.0,64.0
-79.08,1625449482.0,64.0
-78.29,1625449482.0,64.0
-73.41,1625449482.0,64.0
-64.78,1625449482.0,64.0
-53.33,1625449482.0,64.0
-40.3,1625449482.0,64.0
-26.74,1625449482.0,64.0
-13.31,1625449482.0,64.0
-0.24,1625449482.0,64.0
12.41,1625449482.0,64.0
24.43,1625449482.0,64.0
35.3,1625449482.0,64.0
44.27,1625449482.0,64.0
50.67,1625449482.0,64.0
54.2,1625449482.0,64.0
55.18,1625449482.0,64.0
54.45,1625449482.0,64.0
53.01,1625449482.0,64.0
51.72,1625449482.0,64.0
51.01,1625449482.0,64.0
50.86,1625449482.0,64.0
50.97,1625449482.0,64.0
51.03,1625449482.0,64.0
50.91,1625449482.0,64.0
50.64,1625449482.0,64.0
50.26,1625449482.0,64.0
49.68,1625449482.0,64.0
48.59,1625449482.0,64.0
46.53,1625449482.0,64.0
43.11,1625449482.0,64.0
38.23,1625449482.0,64.0
32.17,1625449482.0,64.0
25.51,1625449482.0,64.0
18.95,1625449482.0,64.0
13.06,1625449482.0,64.0
8.1,1625449482.0,64.0
4.0,1625449482.0,64.0
0.42,1625449482.0,64.0
-3.1,1625449482.0,64.0
-6.94,1625449482.0,64.0
-11.25,1625449482.0,64.0
-15.93,1625449482.0,64.0
-20.69,1625449482.0,64.0
-25.2,1625449482.0,64.0
-29.26,1625449482.0,64.0
-32.85,1625449482.0,64.0
-36.14,1625449482.0,64.0
-39.42,1625449482.0,64.0
-43.04,1625449482.0,64.0
-47.34,1625449482.0,64.0
-52.51,1625449482.0,64.0
-58.54,1625449482.0,64.0
-65.0,1625449482.0,64.0
-71.08,1625449482.0,64.0
-75.65,1625449482.0,64.0
-77.57,1625449482.0,64.0
-76.03,1625449482.0,64.0
-70.83,1625449482.0,64.0
-62.38,1625449482.0,64.0
-51.53,1625449482.0,64.0
-39.25,1625449482.0,64.0
-26.28,1625449482.0,64.0
-13.12,1625449482.0,64.0
-0.08,1625449482.0,64.0
12.49,1625449482.0,64.0
24.09,1625449482.0,64.0
34.1,1625449482.0,64.0
41.96,1625449482.0,64.0
47.41,1625449482.0,64.0
50.62,1625449482.0,64.0
52.06,1625449482.0,64.0
52.39,1625449482.0,64.0
52.16,1625449482.0,64.0
51.69,1625449482.0,64.0
51.08,1625449482.0,64.0
50.27,1625449482.0,64.0
49.2,1625449482.0,64.0
47.84,1625449482.0,64.0
46.22,1625449482.0,64.0
44.33,1625449482.0,64.0
42.11,1625449482.0,64.0
39.45,1625449482.0,64.0
36.23,1625449482.0,64.0
32.41,1625449482.0,64.0
28.04,1625449482.0,64.0
23.31,1625449482.0,64.0
18.49,1625449482.0,64.0
13.83,1625449482.0,64.0
9.55,1625449482.0,64.0
5.68,1625449482.0,64.0
2.1,1625449482.0,64.0
-1.49,1625449482.0,64.0
-5.41,1625449482.0,64.0
-9.9,1625449482.0,64.0
-14.95,1625449482.0,64.0
-20.29,1625449482.0,64.0
-25.46,1625449482.0,64.0
-30.09,1625449482.0,64.0
-34.01,1625449482.0,64.0
-37.4,1625449482.0,64.0
-40.69,1625449482.0,64.0
-44.34,1625449482.0,64.0
-48.7,1625449482.0,64.0
-53.78,1625449482.0,64.0
-59.28,1625449482.0,64.0
-64.65,1625449482.0,64.0
-69.16,1625449482.0,64.0
-72.01,1625449482.0,64.0
-72.43,1625449482.0,64.0
-69.83,1625449482.0,64.0
-63.93,1625449482.0,64.0
-54.91,1625449482.0,64.0
-43.34,1625449482.0,64.0
-30.06,1625449482.0,64.0
-16.0,1625449482.0,64.0
-1.91,1625449482.0,64.0
11.58,1625449482.0,64.0
23.97,1625449482.0,64.0
34.7,1625449482.0,64.0
43.12,1625449482.0,64.0
48.69,1625449482.0,64.0
51.18,1625449482.0,64.0
50.84,1625449482.0,64.0
48.5,1625449482.0,64.0
45.3,1625449482.0,64.0
42.33,1625449482.0,64.0
40.36,1625449482.0,64.0
39.6,1625449482.0,64.0
39.86,1625449482.0,64.0
40.7,1625449482.0,64.0
41.73,1625449482.0,64.0
42.62,1625449482.0,64.0
43.22,1625449482.0,64.0
43.35,1625449482.0,64.0
42.76,1625449482.0,64.0
41.16,1625449482.0,64.0
38.3,1625449482.0,64.0
34.13,1625449482.0,64.0
28.88,1625449482.0,64.0
23.08,1625449482.0,64.0
17.31,1625449482.0,64.0
12.12,1625449482.0,64.0
7.73,1625449482.0,64.0
4.03,1625449482.0,64.0
0.64,1625449482.0,64.0
-2.93,1625449482.0,64.0
-7.01,1625449482.0,64.0
-11.63,1625449482.0,64.0
-16.53,1625449482.0,64.0
-21.26,1625449482.0,64.0
-25.44,1625449482.0,64.0
-28.87,1625449482.0,64.0
-31.61,1625449482.0,64.0
-33.94,1625449482.0,64.0
-36.22,1625449482.0,64.0
-38.75,1625449482.0,64.0
-41.74,1625449482.0,64.0
-45.23,1625449482.0,64.0
-48.98,1625449482.0,64.0
-52.51,1625449482.0,64.0
-55.05,1625449482.0,64.0
-55.73,1625449482.0,64.0
-53.83,1625449482.0,64.0
-48.96,1625449482.0,64.0
-41.26,1625449482.0,64.0
-31.28,1625449482.0,64.0
-19.83,1625449482.0,64.0
-7.73,1625449482.0,64.0
4.29,1625449482.0,64.0
15.67,1625449482.0,64.0
25.88,1625449482.0,64.0
34.41,1625449482.0,64.0
40.82,1625449482.0,64.0
44.88,1625449482.0,64.0
46.69,1625449482.0,64.0
46.78,1625449482.0,64.0
45.92,1625449482.0,64.0
44.91,1625449482.0,64.0
44.27,1625449482.0,64.0
44.09,1625449482.0,64.0
44.08,1625449482.0,64.0
43.81,1625449482.0,64.0
42.96,1625449482.0,64.0
41.4,1625449482.0,64.0
39.25,1625449482.0,64.0
36.68,1625449482.0,64.0
33.8,1625449482.0,64.0
30.6,1625449482.0,64.0
27.0,1625449482.0,64.0
22.98,1625449482.0,64.0
18.66,1625449482.0,64.0
14.23,1625449482.0,64.0
9.96,1625449482.0,64.0
5.97,1625449482.0,64.0
2.2,1625449482.0,64.0
-1.55,1625449482.0,64.0
-5.5,1625449482.0,64.0
-9.75,1625449482.0,64.0
-14.23,1625449482.0,64.0
-18.67,1625449482.0,64.0
-22.76,1625449482.0,64.0
-26.34,1625449482.0,64.0
-29.48,1625449482.0,64.0
-32.48,1625449482.0,64.0
-35.75,1625449482.0,64.0
-39.64,1625449482.0,64.0
-44.31,1625449482.0,64.0
-49.65,1625449482.0,64.0
-55.25,1625449482.0,64.0
-60.44,1625449482.0,64.0
-64.37,1625449482.0,64.0
-66.15,1625449482.0,64.0
-65.03,1625449482.0,64.0
-60.64,1625449482.0,64.0
-53.15,1625449482.0,64.0
-43.16,1625449482.0,64.0
-31.61,1625449482.0,64.0
-19.42,1625449482.0,64.0
-7.31,1625449482.0,64.0
4.25,1625449482.0,64.0
14.91,1625449482.0,64.0
24.33,1625449482.0,64.0
32.09,1625449482.0,64.0
37.75,1625449482.0,64.0
41.13,1625449482.0,64.0
42.42,1625449482.0,64.0
42.22,1625449482.0,64.0
41.34,1625449482.0,64.0
40.53,1625449482.0,64.0
40.15,1625449482.0,64.0
40.16,1625449482.0,64.0
40.2,1625449482.0,64.0
39.83,1625449482.0,64.0
38.77,1625449482.0,64.0
37.0,1625449482.0,64.0
34.67,1625449482.0,64.0
31.98,1625449482.0,64.0
29.1,1625449482.0,64.0
26.1,1625449482.0,64.0
22.98,1625449482.0,64.0
19.78,1625449482.0,64.0
16.54,1625449482.0,64.0
13.27,1625449482.0,64.0
9.93,1625449482.0,64.0
6.39,1625449482.0,64.0
2.44,1625449482.0,64.0
-2.09,1625449482.0,64.0
-7.27,1625449482.0,64.0
-12.99,1625449482.0,64.0
-18.96,1625449482.0,64.0
-24.82,1625449482.0,64.0
-30.17,1625449482.0,64.0
-34.71,1625449482.0,64.0
-38.35,1625449482.0,64.0
-41.19,1625449482.0,64.0
-43.56,1625449482.0,64.0
-45.9,1625449482.0,64.0
-48.63,1625449482.0,64.0
-51.97,1625449482.0,64.0
-55.8,1625449482.0,64.0
-59.59,1625449482.0,64.0
-62.52,1625449482.0,64.0
-63.68,1625449482.0,64.0
-62.31,1625449482.0,64.0
-58.07,1625449482.0,64.0
-51.11,1625449482.0,64.0
-41.97,1625449482.0,64.0
-31.36,1625449482.0,64.0
-20.03,1625449482.0,64.0
-8.51,1625449482.0,64.0
2.81,1625449482.0,64.0
13.63,1625449482.0,64.0
23.6,1625449482.0,64.0
32.28,1625449482.0,64.0
39.2,1625449482.0,64.0
44.11,1625449482.0,64.0
47.1,1625449482.0,64.0
48.62,1625449482.0,64.0
49.33,1625449482.0,64.0
49.82,1625449482.0,64.0
50.37,1625449482.0,64.0
50.83,1625449482.0,64.0
50.84,1625449482.0,64.0
50.03,1625449482.0,64.0
48.3,1625449482.0,64.0
45.81,1625449482.0,64.0
42.82,1625449482.0,64.0
39.57,1625449482.0,64.0
36.12,1625449482.0,64.0
32.4,1625449482.0,64.0
28.36,1625449482.0,64.0
24.06,1625449482.0,64.0
19.7,1625449482.0,64.0
15.49,1625449482.0,64.0
11.62,1625449482.0,64.0
8.13,1625449482.0,64.0
4.93,1625449482.0,64.0
1.83,1625449482.0,64.0
-1.36,1625449482.0,64.0
-4.86,1625449482.0,64.0
-8.78,1625449482.0,64.0
-13.1,1625449482.0,64.0
-17.68,1625449482.0,64.0
-22.28,1625449482.0,64.0
-26.68,1625449482.0,64.0
-30.83,1625449482.0,64.0
-34.88,1625449482.0,64.0
-39.11,1625449482.0,64.0
-43.82,1625449482.0,64.0
-49.17,1625449482.0,64.0
-55.09,1625449482.0,64.0
-61.23,1625449482.0,64.0
-67.01,1625449482.0,64.0
-71.67,1625449482.0,64.0
-74.4,1625449482.0,64.0
-74.45,1625449482.0,64.0
-71.38,1625449482.0,64.0
-65.14,1625449482.0,64.0
-56.12,1625449482.0,64.0
-45.05,1625449482.0,64.0
-32.74,1625449482.0,64.0
-19.88,1625449482.0,64.0
-6.94,1625449482.0,64.0
5.76,1625449482.0,64.0
17.9,1625449482.0,64.0
28.97,1625449482.0,64.0
38.28,1625449482.0,64.0
45.2,1625449482.0,64.0
49.37,1625449482.0,64.0
50.98,1625449482.0,64.0
50.73,1625449482.0,64.0
49.58,1625449482.0,64.0
48.41,1625449482.0,64.0
47.69,1625449482.0,64.0
47.44,1625449482.0,64.0
47.35,1625449482.0,64.0
47.0,1625449482.0,64.0
46.1,1625449482.0,64.0
44.56,1625449482.0,64.0
42.46,1625449482.0,64.0
39.9,1625449482.0,64.0
36.95,1625449482.0,64.0
33.62,1625449482.0,64.0
29.91,1625449482.0,64.0
25.86,1625449482.0,64.0
21.51,1625449482.0,64.0
16.95,1625449482.0,64.0
12.29,1625449482.0,64.0
7.64,1625449482.0,64.0
3.14,1625449482.0,64.0
-1.1,1625449482.0,64.0
-5.03,1625449482.0,64.0
-8.65,1625449482.0,64.0
-12.08,1625449482.0,64.0
-15.47,1625449482.0,64.0
-18.89,1625449482.0,64.0
-22.33,1625449482.0,64.0
-25.63,1625449482.0,64.0
-28.6,1625449482.0,64.0
-31.16,1625449482.0,64.0
-33.4,1625449482.0,64.0
-35.64,1625449482.0,64.0
-38.26,1625449482.0,64.0
-41.58,1625449482.0,64.0
-45.71,1625449482.0,64.0
-50.54,1625449482.0,64.0
-55.76,1625449482.0,64.0
-60.9,1625449482.0,64.0
-65.42,1625449482.0,64.0
-68.65,1625449482.0,64.0
-69.87,1625449482.0,64.0
-68.4,1625449482.0,64.0
-63.84,1625449482.0,64.0
-56.23,1625449482.0,64.0
-46.11,1625449482.0,64.0
-34.4,1625449482.0,64.0
-22.1,1625449482.0,64.0
-9.96,1625449482.0,64.0
1.64,1625449482.0,64.0
12.59,1625449482.0,64.0
22.78,1625449482.0,64.0
31.84,1625449482.0,64.0
39.18,1625449482.0,64.0
44.17,1625449482.0,64.0
46.56,1625449482.0,64.0
46.7,1625449482.0,64.0
45.55,1625449482.0,64.0
44.27,1625449482.0,64.0
43.75,1625449482.0,64.0
44.23,1625449482.0,64.0
45.33,1625449482.0,64.0
46.34,1625449482.0,64.0
46.66,1625449482.0,64.0
46.1,1625449482.0,64.0
44.88,1625449482.0,64.0
43.34,1625449482.0,64.0
41.76,1625449482.0,64.0
40.07,1625449482.0,64.0
38.05,1625449482.0,64.0
35.43,1625449482.0,64.0
32.11,1625449482.0,64.0
28.22,1625449482.0,64.0
24.06,1625449482.0,64.0
19.89,1625449482.0,64.0
15.88,1625449482.0,64.0
12.06,1625449482.0,64.0
8.36,1625449482.0,64.0
4.71,1625449482.0,64.0
1.11,1625449482.0,64.0
-2.39,1625449482.0,64.0
-5.63,1625449482.0,64.0
-8.45,1625449482.0,64.0
-10.7,1625449482.0,64.0
-12.41,1625449482.0,64.0
-13.76,1625449482.0,64.0
-15.1,1625449482.0,64.0
-16.85,1625449482.0,64.0
-19.35,1625449482.0,64.0
-22.76,1625449482.0,64.0
-27.06,1625449482.0,64.0
-32.04,1625449482.0,64.0
-37.36,1625449482.0,64.0
-42.57,1625449482.0,64.0
-47.07,1625449482.0,64.0
-50.14,1625449482.0,64.0
-51.04,1625449482.0,64.0
-49.19,1625449482.0,64.0
-44.37,1625449482.0,64.0
-36.87,1625449482.0,64.0
-27.42,1625449482.0,64.0
-16.91,1625449482.0,64.0
-6.23,1625449482.0,64.0
3.96,1625449482.0,64.0
13.23,1625449482.0,64.0
21.24,1625449482.0,64.0
27.7,1625449482.0,64.0
32.33,1625449482.0,64.0
35.02,1625449482.0,64.0
35.95,1625449482.0,64.0
35.63,1625449482.0,64.0
34.78,1625449482.0,64.0
34.05,1625449482.0,64.0
33.82,1625449482.0,64.0
34.04,1625449482.0,64.0
34.38,1625449482.0,64.0
34.39,1625449482.0,64.0
33.76,1625449482.0,64.0
32.43,1625449482.0,64.0
30.53,1625449482.0,64.0
28.27,1625449482.0,64.0
25.73,1625449482.0,64.0
22.91,1625449482.0,64.0
19.72,1625449482.0,64.0
16.15,1625449482.0,64.0
12.35,1625449482.0,64.0
8.62,1625449482.0,64.0
5.26,1625449482.0,64.0
2.43,1625449482.0,64.0
0.07,1625449482.0,64.0
-2.13,1625449482.0,64.0
-4.49,1625449482.0,64.0
-7.29,1625449482.0,64.0
-10.55,1625449482.0,64.0
-14.13,1625449482.0,64.0
-17.81,1625449482.0,64.0
-21.43,1625449482.0,64.0
-25.01,1625449482.0,64.0
-28.65,1625449482.0,64.0
-32.54,1625449482.0,64.0
-36.81,1625449482.0,64.0
-41.53,1625449482.0,64.0
-46.7,1625449482.0,64.0
-52.2,1625449482.0,64.0
-57.7,1625449482.0,64.0
-62.64,1625449482.0,64.0
-66.24,1625449482.0,64.0
-67.67,1625449482.0,64.0
-66.29,1625449482.0,64.0
-61.82,1625449482.0,64.0
-54.5,1625449482.0,64.0
-44.95,1625449482.0,64.0
-34.0,1625449482.0,64.0
-22.46,1625449482.0,64.0
-10.99,1625449482.0,64.0
0.01,1625449482.0,64.0
10.29,1625449482.0,64.0
19.58,1625449482.0,64.0
27.55,1625449482.0,64.0
33.85,1625449482.0,64.0
38.25,1625449482.0,64.0
40.79,1625449482.0,64.0
41.85,1625449482.0,64.0
42.01,1625449482.0,64.0
41.85,1625449482.0,64.0
41.69,1625449482.0,64.0
41.46,1625449482.0,64.0
40.91,1625449482.0,64.0
39.8,1625449482.0,64.0
38.18,1625449482.0,64.0
36.45,1625449482.0,64.0
35.16,1625449482.0,64.0
34.65,1625449482.0,64.0
34.85,1625449482.0,64.0
35.21,1625449482.0,64.0
34.97,1625449482.0,64.0
33.48,1625449482.0,64.0
30.53,1625449482.0,64.0
26.33,1625449482.0,64.0
21.37,1625449482.0,64.0
16.07,1625449482.0,64.0
10.61,1625449482.0,64.0
4.93,1625449482.0,64.0
-1.11,1625449482.0,64.0
-7.47,1625449482.0,64.0
-13.78,1625449482.0,64.0
-19.4,1625449482.0,64.0
-23.67,1625449482.0,64.0
-26.15,1625449482.0,64.0
-26.82,1625449482.0,64.0
-26.13,1625449482.0,64.0
-24.88,1625449482.0,64.0
-24.01,1625449482.0,64.0
-24.35,1625449482.0,64.0
-26.47,1625449482.0,64.0
-30.5,1625449482.0,64.0
-36.08,1625449482.0,64.0
-42.42,1625449482.0,64.0
-48.5,1625449482.0,64.0
-53.25,1625449482.0,64.0
-55.87,1625449482.0,64.0
-55.94,1625449482.0,64.0
-53.41,1625449482.0,64.0
-48.58,1625449482.0,64.0
-41.82,1625449482.0,64.0
-33.51,1625449482.0,64.0
-23.94,1625449482.0,64.0
-13.4,1625449482.0,64.0
-2.29,1625449482.0,64.0
8.81,1625449482.0,64.0
19.18,1625449482.0,64.0
28.07,1625449482.0,64.0
34.97,1625449482.0,64.0
39.77,1625449482.0,64.0
42.74,1625449482.0,64.0
44.44,1625449482.0,64.0
45.34,1625449482.0,64.0
45.74,1625449482.0,64.0
45.62,1625449482.0,64.0
44.85,1625449482.0,64.0
43.38,1625449482.0,64.0
41.34,1625449482.0,64.0
39.02,1625449482.0,64.0
36.66,1625449482.0,64.0
34.32,1625449482.0,64.0
31.84,1625449482.0,64.0
28.99,1625449482.0,64.0
25.67,1625449482.0,64.0
22.0,1625449482.0,64.0
18.28,1625449482.0,64.0
14.83,1625449482.0,64.0
11.85,1625449482.0,64.0
9.26,1625449482.0,64.0
6.82,1625449482.0,64.0
4.2,1625449482.0,64.0
1.11,1625449482.0,64.0
-2.65,1625449482.0,64.0
-7.1,1625449482.0,64.0
-12.14,1625449482.0,64.0
-17.53,1625449482.0,64.0
-22.95,1625449482.0,64.0
-28.12,1625449482.0,64.0
-32.81,1625449482.0,64.0
-36.97,1625449482.0,64.0
-40.69,1625449482.0,64.0
-44.22,1625449482.0,64.0
-47.86,1625449482.0,64.0
-51.87,1625449482.0,64.0
-56.36,1625449482.0,64.0
-61.14,1625449482.0,64.0
-65.65,1625449482.0,64.0
-69.04,1625449482.0,64.0
-70.34,1625449482.0,64.0
-68.78,1625449482.0,64.0
-64.09,1625449482.0,64.0
-56.55,1625449482.0,64.0
-46.91,1625449482.0,64.0
-36.07,1625449482.0,64.0
-24.78,1625449482.0,64.0
-13.5,1625449482.0,64.0
-2.44,1625449482.0,64.0
8.25,1625449482.0,64.0
18.29,1625449482.0,64.0
27.26,1625449482.0,64.0
34.62,1625449482.0,64.0
40.02,1625449482.0,64.0
43.43,1625449482.0,64.0
45.2,1625449482.0,64.0
45.92,1625449482.0,64.0
46.21,1625449482.0,64.0
46.43,1625449482.0,64.0
46.65,1625449482.0,64.0
46.64,1625449482.0,64.0
46.12,1625449482.0,64.0
44.93,1625449482.0,64.0
43.12,1625449482.0,64.0
40.93,1625449482.0,64.0
38.59,1625449482.0,64.0
36.19,1625449482.0,64.0
33.63,1625449482.0,64.0
30.69,1625449482.0,64.0
27.18,1625449482.0,64.0
23.09,1625449482.0,64.0
18.63,1625449482.0,64.0
14.06,1625449482.0,64.0
9.69,1625449482.0,64.0
5.59,1625449482.0,64.0
1.68,1625449482.0,64.0
-2.3,1625449482.0,64.0
-6.57,1625449482.0,64.0
-11.26,1625449482.0,64.0
-16.23,1625449482.0,64.0
-21.19,1625449482.0,64.0
-25.79,1625449482.0,64.0
-29.78,1625449482.0,64.0
-33.14,1625449482.0,64.0
-36.09,1625449482.0,64.0
-38.94,1625449482.0,64.0
-42.03,1625449482.0,64.0
-45.55,1625449482.0,64.0
-49.59,1625449482.0,64.0
-54.15,1625449482.0,64.0
-59.16,1625449482.0,64.0
-64.41,1625449482.0,64.0
-69.45,1625449482.0,64.0
-73.55,1625449482.0,64.0
-75.75,1625449482.0,64.0
-75.19,1625449482.0,64.0
-71.26,1625449482.0,64.0
-63.9,1625449482.0,64.0
-53.42,1625449482.0,64.0
-40.47,1625449482.0,64.0
-25.69,1625449482.0,64.0
-9.78,1625449482.0,64.0
6.51,1625449482.0,64.0
22.26,1625449482.0,64.0
36.29,1625449482.0,64.0
47.5,1625449482.0,64.0
55.07,1625449482.0,64.0
58.89,1625449482.0,64.0
59.57,1625449482.0,64.0
58.27,1625449482.0,64.0
56.26,1625449482.0,64.0
54.46,1625449482.0,64.0
53.25,1625449482.0,64.0
52.43,1625449482.0,64.0
51.53,1625449482.0,64.0
50.09,1625449482.0,64.0
47.92,1625449482.0,64.0
45.13,1625449482.0,64.0
41.97,1625449482.0,64.0
38.71,1625449482.0,64.0
35.48,1625449482.0,64.0
32.3,1625449482.0,64.0
29.13,1625449482.0,64.0
25.98,1625449482.0,64.0
22.96,1625449482.0,64.0
20.23,1625449482.0,64.0
17.94,1625449482.0,64.0
16.05,1625449482.0,64.0
14.34,1625449482.0,64.0
12.42,1625449482.0,64.0
9.88,1625449482.0,64.0
6.48,1625449482.0,64.0
2.23,1625449482.0,64.0
-2.59,1625449482.0,64.0
-7.54,1625449482.0,64.0
-12.19,1625449482.0,64.0
-16.34,1625449482.0,64.0
-20.03,1625449482.0,64.0
-23.52,1625449482.0,64.0
-27.16,1625449482.0,64.0
-31.2,1625449482.0,64.0
-35.75,1625449482.0,64.0
-40.69,1625449482.0,64.0
-45.67,1625449482.0,64.0
-50.19,1625449482.0,64.0
-53.55,1625449482.0,64.0
-55.05,1625449482.0,64.0
-54.06,1625449482.0,64.0
-50.23,1625449482.0,64.0
-43.62,1625449482.0,64.0
-34.72,1625449482.0,64.0
-24.28,1625449482.0,64.0
-13.1,1625449482.0,64.0
-1.87,1625449482.0,64.0
8.93,1625449482.0,64.0
18.9,1625449482.0,64.0
27.64,1625449482.0,64.0
34.69,1625449482.0,64.0
39.67,1625449482.0,64.0
42.5,1625449482.0,64.0
43.5,1625449482.0,64.0
43.33,1625449482.0,64.0
42.78,1625449482.0,64.0
42.45,1625449482.0,64.0
42.59,1625449482.0,64.0
43.06,1625449482.0,64.0
43.53,1625449482.0,64.0
43.66,1625449482.0,64.0
43.28,1625449482.0,64.0
42.34,1625449482.0,64.0
40.85,1625449482.0,64.0
38.78,1625449482.0,64.0
36.05,1625449482.0,64.0
32.59,1625449482.0,64.0
28.45,1625449482.0,64.0
23.85,1625449482.0,64.0
19.16,1625449482.0,64.0
14.76,1625449482.0,64.0
10.89,1625449482.0,64.0
7.52,1625449482.0,64.0
4.44,1625449482.0,64.0
1.3,1625449482.0,64.0
-2.1,1625449482.0,64.0
-5.8,1625449482.0,64.0
-9.64,1625449482.0,64.0
-13.45,1625449482.0,64.0
-17.11,1625449482.0,64.0
-20.67,1625449482.0,64.0
-24.31,1625449482.0,64.0
-28.17,1625449482.0,64.0
-32.38,1625449482.0,64.0
-36.92,1625449482.0,64.0
-41.74,1625449482.0,64.0
-46.72,1625449482.0,64.0
-51.6,1625449482.0,64.0
-55.93,1625449482.0,64.0
-59.0,1625449482.0,64.0
-60.08,1625449482.0,64.0
-58.61,1625449482.0,64.0
-54.4,1625449482.0,64.0
-47.75,1625449482.0,64.0
-39.28,1625449482.0,64.0
-29.7,1625449482.0,64.0
-19.59,1625449482.0,64.0
-9.33,1625449482.0,64.0
0.79,1625449482.0,64.0
10.44,1625449482.0,64.0
19.14,1625449482.0,64.0
26.33,1625449482.0,64.0
31.62,1625449482.0,64.0
34.87,1625449482.0,64.0
36.37,1625449482.0,64.0
36.67,1625449482.0,64.0
36.37,1625449482.0,64.0
35.98,1625449482.0,64.0
35.74,1625449482.0,64.0
35.69,1625449482.0,64.0
35.71,1625449482.0,64.0
35.66,1625449482.0,64.0
35.42,1625449482.0,64.0
34.89,1625449482.0,64.0
33.99,1625449482.0,64.0
32.59,1625449482.0,64.0
30.61,1625449482.0,64.0
28.01,1625449482.0,64.0
24.8,1625449482.0,64.0
21.11,1625449482.0,64.0
17.09,1625449482.0,64.0
12.92,1625449482.0,64.0
8.7,1625449482.0,64.0
4.46,1625449482.0,64.0
0.11,1625449482.0,64.0
-4.44,1625449482.0,64.0
-9.24,1625449482.0,64.0
-14.15,1625449482.0,64.0
-18.84,1625449482.0,64.0
-22.84,1625449482.0,64.0
-25.75,1625449482.0,64.0
-27.48,1625449482.0,64.0
-28.28,1625449482.0,64.0
-28.81,1625449482.0,64.0
-29.84,1625449482.0,64.0
-32.07,1625449482.0,64.0
-35.86,1625449482.0,64.0
-41.13,1625449482.0,64.0
-47.35,1625449482.0,64.0
-53.64,1625449482.0,64.0
-58.95,1625449482.0,64.0
-62.26,1625449482.0,64.0
-62.8,1625449482.0,64.0
-60.16,1625449482.0,64.0
-54.41,1625449482.0,64.0
-46.02,1625449482.0,64.0
-35.7,1625449482.0,64.0
-24.2,1625449482.0,64.0
-12.16,1625449482.0,64.0
-0.1,1625449482.0,64.0
11.53,1625449482.0,64.0
22.17,1625449482.0,64.0
31.24,1625449482.0,64.0
38.2,1625449482.0,64.0
42.81,1625449482.0,64.0
45.27,1625449482.0,64.0
46.16,1625449482.0,64.0
46.26,1625449482.0,64.0
46.2,1625449482.0,64.0
46.26,1625449482.0,64.0
46.31,1625449482.0,64.0
46.02,1625449482.0,64.0
45.15,1625449482.0,64.0
43.68,1625449482.0,64.0
41.83,1625449482.0,64.0
39.9,1625449482.0,64.0
38.03,1625449482.0,64.0
36.08,1625449482.0,64.0
33.75,1625449482.0,64.0
30.72,1625449482.0,64.0
26.9,1625449482.0,64.0
22.48,1625449482.0,64.0
17.9,1625449482.0,64.0
13.63,1625449482.0,64.0
9.95,1625449482.0,64.0
6.8,1625449482.0,64.0
3.88,1625449482.0,64.0
0.78,1625449482.0,64.0
-2.78,1625449482.0,64.0
-6.83,1625449482.0,64.0
-11.17,1625449482.0,64.0
-15.46,1625449482.0,64.0
-19.48,1625449482.0,64.0
-23.15,1625449482.0,64.0
-26.57,1625449482.0,64.0
-29.97,1625449482.0,64.0
-33.58,1625449482.0,64.0
-37.58,1625449482.0,64.0
-42.11,1625449482.0,64.0
-47.2,1625449482.0,64.0
-52.77,1625449482.0,64.0
-58.49,1625449482.0,64.0
-63.73,1625449482.0,64.0
-67.61,1625449482.0,64.0
-69.22,1625449482.0,64.0
-67.87,1625449482.0,64.0
-63.32,1625449482.0,64.0
-55.89,1625449482.0,64.0
-46.3,1625449482.0,64.0
-35.4,1625449482.0,64.0
-23.92,1625449482.0,64.0
-12.29,1625449482.0,64.0
-0.73,1625449482.0,64.0
10.51,1625449482.0,64.0
21.0,1625449482.0,64.0
30.1,1625449482.0,64.0
37.15,1625449482.0,64.0
41.74,1625449482.0,64.0
43.96,1625449482.0,64.0
44.39,1625449482.0,64.0
43.89,1625449482.0,64.0
43.29,1625449482.0,64.0
43.09,1625449482.0,64.0
43.35,1625449482.0,64.0
43.82,1625449482.0,64.0
44.11,1625449482.0,64.0
43.94,1625449482.0,64.0
43.18,1625449482.0,64.0
41.84,1625449482.0,64.0
39.96,1625449482.0,64.0
37.57,1625449482.0,64.0
34.64,1625449482.0,64.0
31.17,1625449482.0,64.0
27.24,1625449482.0,64.0
23.03,1625449482.0,64.0
18.8,1625449482.0,64.0
14.82,1625449482.0,64.0
11.27,1625449482.0,64.0
8.17,1625449482.0,64.0
5.41,1625449482.0,64.0
2.69,1625449482.0,64.0
-0.31,1625449482.0,64.0
-3.81,1625449482.0,64.0
-7.83,1625449482.0,64.0
-12.15,1625449482.0,64.0
-16.4,1625449482.0,64.0
-20.24,1625449482.0,64.0
-23.54,1625449482.0,64.0
-26.44,1625449482.0,64.0
-29.32,1625449482.0,64.0
-32.65,1625449482.0,64.0
-36.81,1625449482.0,64.0
-41.91,1625449482.0,64.0
-47.77,1625449482.0,64.0
-53.84,1625449482.0,64.0
-59.36,1625449482.0,64.0
-63.45,1625449482.0,64.0
-65.33,1625449482.0,64.0
-64.5,1625449482.0,64.0
-60.8,1625449482.0,64.0
-54.48,1625449482.0,64.0
-46.05,1625449482.0,64.0
-36.12,1625449482.0,64.0
-25.26,1625449482.0,64.0
-13.93,1625449482.0,64.0
-2.54,1625449482.0,64.0
8.54,1625449482.0,64.0
18.86,1625449482.0,64.0
27.93,1625449482.0,64.0
35.27,1625449482.0,64.0
40.52,1625449482.0,64.0
43.61,1625449482.0,64.0
44.77,1625449482.0,64.0
44.55,1625449482.0,64.0
43.67,1625449482.0,64.0
42.78,1625449482.0,64.0
42.24,1625449482.0,64.0
42.12,1625449482.0,64.0
42.19,1625449482.0,64.0
42.15,1625449482.0,64.0
41.79,1625449482.0,64.0
41.14,1625449482.0,64.0
40.36,1625449482.0,64.0
39.64,1625449482.0,64.0
38.99,1625449482.0,64.0
38.2,1625449482.0,64.0
36.86,1625449482.0,64.0
34.57,1625449482.0,64.0
31.11,1625449482.0,64.0
26.59,1625449482.0,64.0
21.39,1625449482.0,64.0
16.02,1625449482.0,64.0
10.86,1625449482.0,64.0
6.07,1625449482.0,64.0
1.52,1625449482.0,64.0
-3.02,1625449482.0,64.0
-7.69,1625449482.0,64.0
-12.42,1625449482.0,64.0
-16.93,1625449482.0,64.0
-20.91,1625449482.0,64.0
-24.2,1625449482.0,64.0
-26.88,1625449482.0,64.0
-29.25,1625449482.0,64.0
-31.68,1625449482.0,64.0
-34.51,1625449482.0,64.0
-37.9,1625449482.0,64.0
-41.99,1625449482.0,64.0
-46.82,1625449482.0,64.0
-52.37,1625449482.0,64.0
-58.45,1625449482.0,64.0
-64.59,1625449482.0,64.0
-69.98,1625449482.0,64.0
-73.61,1625449482.0,64.0
-74.54,1625449482.0,64.0
-72.18,1625449482.0,64.0
-66.5,1625449482.0,64.0
-58.0,1625449482.0,64.0
-47.51,1625449482.0,64.0
-35.89,1625449482.0,64.0
-23.75,1625449482.0,64.0
-11.5,1625449482.0,64.0
0.63,1625449482.0,64.0
12.26,1625449482.0,64.0
22.84,1625449482.0,64.0
31.7,1625449482.0,64.0
38.27,1625449482.0,64.0
42.38,1625449482.0,64.0
44.38,1625449482.0,64.0
45.03,1625449482.0,64.0
45.12,1625449482.0,64.0
45.23,1625449482.0,64.0
45.49,1625449482.0,64.0
45.66,1625449482.0,64.0
45.38,1625449482.0,64.0
44.45,1625449482.0,64.0
42.91,1625449482.0,64.0
41.0,1625449482.0,64.0
38.94,1625449482.0,64.0
36.81,1625449482.0,64.0
34.48,1625449482.0,64.0
31.78,1625449482.0,64.0
28.6,1625449482.0,64.0
25.02,1625449482.0,64.0
21.27,1625449482.0,64.0
17.63,1625449482.0,64.0
14.28,1625449482.0,64.0
11.25,1625449482.0,64.0
8.42,1625449482.0,64.0
5.61,1625449482.0,64.0
2.61,1625449482.0,64.0
-0.76,1625449482.0,64.0
-4.64,1625449482.0,64.0
-9.08,1625449482.0,64.0
-13.99,1625449482.0,64.0
-19.1,1625449482.0,64.0
-24.04,1625449482.0,64.0
-28.48,1625449482.0,64.0
-32.28,1625449482.0,64.0
-35.6,1625449482.0,64.0
-38.78,1625449482.0,64.0
-42.26,1625449482.0,64.0
-46.32,1625449482.0,64.0
-51.03,1625449482.0,64.0
-56.23,1625449482.0,64.0
-61.5,1625449482.0,64.0
-66.26,1625449482.0,64.0
-69.76,1625449482.0,64.0
-71.2,1625449482.0,64.0
-69.85,1625449482.0,64.0
-65.33,1625449482.0,64.0
-57.74,1625449482.0,64.0
-47.64,1625449482.0,64.0
-35.92,1625449482.0,64.0
-23.46,1625449482.0,64.0
-10.97,1625449482.0,64.0
1.1,1625449482.0,64.0
12.4,1625449482.0,64.0
22.52,1625449482.0,64.0
30.96,1625449482.0,64.0
37.24,1625449482.0,64.0
41.15,1625449482.0,64.0
42.98,1625449482.0,64.0
43.43,1625449482.0,64.0
43.43,1625449482.0,64.0
43.75,1625449482.0,64.0
44.75,1625449482.0,64.0
46.33,1625449482.0,64.0
48.02,1625449482.0,64.0
49.33,1625449482.0,64.0
49.92,1625449482.0,64.0
49.71,1625449482.0,64.0
48.83,1625449482.0,64.0
47.41,1625449482.0,64.0
45.53,1625449482.0,64.0
43.09,1625449482.0,64.0
39.96,1625449482.0,64.0
36.13,1625449482.0,64.0
31.69,1625449482.0,64.0
26.98,1625449482.0,64.0
22.32,1625449482.0,64.0
18.01,1625449482.0,64.0
14.13,1625449482.0,64.0
10.56,1625449482.0,64.0
7.06,1625449482.0,64.0
3.38,1625449482.0,64.0
-0.56,1625449482.0,64.0
-4.67,1625449482.0,64.0
-8.69,1625449482.0,64.0
-12.35,1625449482.0,64.0
-15.54,1625449482.0,64.0
-18.3,1625449482.0,64.0
-20.88,1625449482.0,64.0
-23.57,1625449482.0,64.0
-26.66,1625449482.0,64.0
-30.33,1625449482.0,64.0
-34.7,1625449482.0,64.0
-39.67,1625449482.0,64.0
-44.93,1625449482.0,64.0
-49.84,1625449482.0,64.0
-53.48,1625449482.0,64.0
-54.85,1625449482.0,64.0
-53.18,1625449482.0,64.0
-48.17,1625449482.0,64.0
-40.16,1625449482.0,64.0
-29.94,1625449482.0,64.0
-18.51,1625449482.0,64.0
-6.77,1625449482.0,64.0
4.61,1625449482.0,64.0
15.17,1625449482.0,64.0
24.49,1625449482.0,64.0
32.14,1625449482.0,64.0
37.67,1625449482.0,64.0
40.89,1625449482.0,64.0
41.97,1625449482.0,64.0
41.51,1625449482.0,64.0
40.38,1625449482.0,64.0
39.41,1625449482.0,64.0
39.11,1625449482.0,64.0
39.52,1625449482.0,64.0
40.25,1625449482.0,64.0
40.79,1625449482.0,64.0
40.67,1625449482.0,64.0
39.67,1625449482.0,64.0
37.83,1625449482.0,64.0
35.29,1625449482.0,64.0
32.19,1625449482.0,64.0
28.64,1625449482.0,64.0
24.7,1625449482.0,64.0
20.53,1625449482.0,64.0
16.33,1625449482.0,64.0
12.37,1625449482.0,64.0
8.79,1625449482.0,64.0
5.61,1625449482.0,64.0
2.62,1625449482.0,64.0
-0.42,1625449482.0,64.0
-3.69,1625449482.0,64.0
-7.26,1625449482.0,64.0
-11.02,1625449482.0,64.0
-14.82,1625449482.0,64.0
-18.57,1625449482.0,64.0
-22.27,1625449482.0,64.0
-26.0,1625449482.0,64.0
-29.89,1625449482.0,64.0
-34.11,1625449482.0,64.0
-38.77,1625449482.0,64.0
-43.95,1625449482.0,64.0
-49.51,1625449482.0,64.0
-55.09,1625449482.0,64.0
-60.03,1625449482.0,64.0
-63.46,1625449482.0,64.0
-64.55,1625449482.0,64.0
-62.71,1625449482.0,64.0
-57.81,1625449482.0,64.0
-50.15,1625449482.0,64.0
-40.42,1625449482.0,64.0
-29.38,1625449482.0,64.0
-17.83,1625449482.0,64.0
-6.38,1625449482.0,64.0
4.46,1625449482.0,64.0
14.2,1625449482.0,64.0
22.44,1625449482.0,64.0
28.82,1625449482.0,64.0
33.2,1625449482.0,64.0
35.7,1625449482.0,64.0
36.74,1625449482.0,64.0
36.86,1625449482.0,64.0
36.63,1625449482.0,64.0
36.35,1625449482.0,64.0
36.12,1625449482.0,64.0
35.86,1625449482.0,64.0
35.45,1625449482.0,64.0
34.91,1625449482.0,64.0
34.35,1625449482.0,64.0
33.85,1625449482.0,64.0
33.35,1625449482.0,64.0
32.62,1625449482.0,64.0
31.38,1625449482.0,64.0
29.42,1625449482.0,64.0
26.72,1625449482.0,64.0
23.4,1625449482.0,64.0
19.61,1625449482.0,64.0
15.41,1625449482.0,64.0
10.78,1625449482.0,64.0
5.69,1625449482.0,64.0
0.19,1625449482.0,64.0
-5.52,1625449482.0,64.0
-11.14,1625449482.0,64.0
-16.38,1625449482.0,64.0
-21.06,1625449482.0,64.0
-25.19,1625449482.0,64.0
-28.86,1625449482.0,64.0
-32.22,1625449482.0,64.0
-35.44,1625449482.0,64.0
-38.65,1625449482.0,64.0
-41.94,1625449482.0,64.0
-45.39,1625449482.0,64.0
-48.99,1625449482.0,64.0
-52.56,1625449482.0,64.0
-55.73,1625449482.0,64.0
-57.93,1625449482.0,64.0
-58.49,1625449482.0,64.0
-56.84,1625449482.0,64.0
-52.67,1625449482.0,64.0
-46.1,1625449482.0,64.0
-37.59,1625449482.0,64.0
-27.75,1625449482.0,64.0
-17.18,1625449482.0,64.0
-6.24,1625449482.0,64.0
4.8,1625449482.0,64.0
15.67,1625449482.0,64.0
25.89,1625449482.0,64.0
34.8,1625449482.0,64.0
41.74,1625449482.0,64.0
46.35,1625449482.0,64.0
48.78,1625449482.0,64.0
49.59,1625449482.0,64.0
49.54,1625449482.0,64.0
49.2,1625449482.0,64.0
48.82,1625449482.0,64.0
48.3,1625449482.0,64.0
47.39,1625449482.0,64.0
45.98,1625449482.0,64.0
44.06,1625449482.0,64.0
41.78,1625449482.0,64.0
39.22,1625449482.0,64.0
36.4,1625449482.0,64.0
33.26,1625449482.0,64.0
29.76,1625449482.0,64.0
25.97,1625449482.0,64.0
22.02,1625449482.0,64.0
18.12,1625449482.0,64.0
14.37,1625449482.0,64.0
10.82,1625449482.0,64.0
7.38,1625449482.0,64.0
3.93,1625449482.0,64.0
0.36,1625449482.0,64.0
-3.4,1625449482.0,64.0
-7.36,1625449482.0,64.0
-11.48,1625449482.0,64.0
-15.7,1625449482.0,64.0
-19.98,1625449482.0,64.0
-24.35,1625449482.0,64.0
-28.9,1625449482.0,64.0
-33.77,1625449482.0,64.0
-39.1,1625449482.0,64.0
-44.91,1625449482.0,64.0
-50.99,1625449482.0,64.0
-56.9,1625449482.0,64.0
-61.88,1625449482.0,64.0
-65.06,1625449482.0,64.0
-65.63,1625449482.0,64.0
-63.08,1625449482.0,64.0
-57.33,1625449482.0,64.0
-48.8,1625449482.0,64.0
-38.27,1625449482.0,64.0
-26.63,1625449482.0,64.0
-14.67,1625449482.0,64.0
-2.96,1625449482.0,64.0
8.15,1625449482.0,64.0
18.36,1625449482.0,64.0
27.36,1625449482.0,64.0
34.73,1625449482.0,64.0
40.14,1625449482.0,64.0
43.45,1625449482.0,64.0
44.92,1625449482.0,64.0
45.11,1625449482.0,64.0
44.73,1625449482.0,64.0
44.31,1625449482.0,64.0
44.08,1625449482.0,64.0
43.87,1625449482.0,64.0
43.35,1625449482.0,64.0
42.22,1625449482.0,64.0
40.4,1625449482.0,64.0
38.0,1625449482.0,64.0
35.24,1625449482.0,64.0
32.29,1625449482.0,64.0
29.19,1625449482.0,64.0
25.91,1625449482.0,64.0
22.43,1625449482.0,64.0
18.76,1625449482.0,64.0
15.02,1625449482.0,64.0
11.31,1625449482.0,64.0
7.65,1625449482.0,64.0
3.99,1625449482.0,64.0
0.17,1625449482.0,64.0
-3.93,1625449482.0,64.0
-8.35,1625449482.0,64.0
-12.96,1625449482.0,64.0
-17.57,1625449482.0,64.0
-21.91,1625449482.0,64.0
-25.85,1625449482.0,64.0
-29.42,1625449482.0,64.0
-32.87,1625449482.0,64.0
-36.55,1625449482.0,64.0
-40.84,1625449482.0,64.0
-45.94,1625449482.0,64.0
-51.81,1625449482.0,64.0
-58.13,1625449482.0,64.0
-64.23,1625449482.0,64.0
-69.26,1625449482.0,64.0
-72.28,1625449482.0,64.0
-72.51,1625449482.0,64.0
-69.52,1625449482.0,64.0
-63.36,1625449482.0,64.0
-54.54,1625449482.0,64.0
-43.84,1625449482.0,64.0
-32.09,1625449482.0,64.0
-19.99,1625449482.0,64.0
-7.98,1625449482.0,64.0
3.7,1625449482.0,64.0
14.87,1625449482.0,64.0
25.26,1625449482.0,64.0
34.5,1625449482.0,64.0
42.26,1625449482.0,64.0
48.37,1625449482.0,64.0
52.91,1625449482.0,64.0
56.18,1625449482.0,64.0
58.5,1625449482.0,64.0
60.04,1625449482.0,64.0
60.63,1625449482.0,64.0
59.91,1625449482.0,64.0
57.49,1625449482.0,64.0
53.24,1625449482.0,64.0
47.5,1625449482.0,64.0
40.96,1625449482.0,64.0
34.47,1625449482.0,64.0
28.7,1625449482.0,64.0
23.95,1625449482.0,64.0
20.11,1625449482.0,64.0
16.87,1625449482.0,64.0
13.93,1625449482.0,64.0
11.22,1625449482.0,64.0
8.94,1625449482.0,64.0
7.41,1625449482.0,64.0
6.83,1625449482.0,64.0
7.13,1625449482.0,64.0
7.84,1625449482.0,64.0
8.3,1625449482.0,64.0
7.82,1625449482.0,64.0
5.95,1625449482.0,64.0
2.57,1625449482.0,64.0
-2.09,1625449482.0,64.0
-7.69,1625449482.0,64.0
-13.88,1625449482.0,64.0
-20.39,1625449482.0,64.0
-27.06,1625449482.0,64.0
-33.73,1625449482.0,64.0
-40.26,1625449482.0,64.0
-46.5,1625449482.0,64.0
-52.34,1625449482.0,64.0
-57.65,1625449482.0,64.0
-62.25,1625449482.0,64.0
-65.8,1625449482.0,64.0
-67.84,1625449482.0,64.0
-67.89,1625449482.0,64.0
-65.58,1625449482.0,64.0
-60.78,1625449482.0,64.0
-53.71,1625449482.0,64.0
-44.78,1625449482.0,64.0
-34.51,1625449482.0,64.0
-23.38,1625449482.0,64.0
-11.78,1625449482.0,64.0
-0.05,1625449482.0,64.0
11.43,1625449482.0,64.0
22.15,1625449482.0,64.0
31.53,1625449482.0,64.0
39.02,1625449482.0,64.0
44.3,1625449482.0,64.0
47.41,1625449482.0,64.0
48.78,1625449482.0,64.0
49.09,1625449482.0,64.0
49.01,1625449482.0,64.0
48.96,1625449482.0,64.0
49.0,1625449482.0,64.0
48.88,1625449482.0,64.0
48.27,1625449482.0,64.0
46.94,1625449482.0,64.0
44.91,1625449482.0,64.0
42.37,1625449482.0,64.0
39.52,1625449482.0,64.0
36.48,1625449482.0,64.0
33.2,1625449482.0,64.0
29.6,1625449482.0,64.0
25.69,1625449482.0,64.0
21.64,1625449482.0,64.0
17.74,1625449482.0,64.0
14.26,1625449482.0,64.0
11.29,1625449482.0,64.0
8.68,1625449482.0,64.0
6.1,1625449482.0,64.0
3.23,1625449482.0,64.0
-0.16,1625449482.0,64.0
-4.1,1625449482.0,64.0
-8.41,1625449482.0,64.0
-12.87,1625449482.0,64.0
-17.23,1625449482.0,64.0
-21.31,1625449482.0,64.0
-25.06,1625449482.0,64.0
-28.53,1625449482.0,64.0
-31.92,1625449482.0,64.0
-35.52,1625449482.0,64.0
-39.58,1625449482.0,64.0
-44.23,1625449482.0,64.0
-49.29,1625449482.0,64.0
-54.25,1625449482.0,64.0
-58.31,1625449482.0,64.0
-60.64,1625449482.0,64.0
-60.5,1625449482.0,64.0
-57.53,1625449482.0,64.0
-51.77,1625449482.0,64.0
-43.62,1625449482.0,64.0
-33.7,1625449482.0,64.0
-22.71,1625449482.0,64.0
-11.26,1625449482.0,64.0
0.1,1625449482.0,64.0
10.83,1625449482.0,64.0
20.43,1625449482.0,64.0
28.37,1625449482.0,64.0
34.25,1625449482.0,64.0
37.92,1625449482.0,64.0
39.58,1625449482.0,64.0
39.78,1625449482.0,64.0
39.24,1625449482.0,64.0
38.63,1625449482.0,64.0
38.41,1625449482.0,64.0
38.65,1625449482.0,64.0
39.12,1625449482.0,64.0
39.42,1625449482.0,64.0
39.19,1625449482.0,64.0
38.2,1625449482.0,64.0
36.42,1625449482.0,64.0
33.87,1625449482.0,64.0
30.6,1625449482.0,64.0
26.7,1625449482.0,64.0
22.29,1625449482.0,64.0
17.67,1625449482.0,64.0
13.28,1625449482.0,64.0
9.55,1625449482.0,64.0
6.75,1625449482.0,64.0
4.85,1625449482.0,64.0
3.43,1625449482.0,64.0
1.96,1625449482.0,64.0
-0.01,1625449482.0,64.0
-2.67,1625449482.0,64.0
-5.94,1625449482.0,64.0
-9.68,1625449482.0,64.0
-13.86,1625449482.0,64.0
-18.61,1625449482.0,64.0
-24.08,1625449482.0,64.0
-30.29,1625449482.0,64.0
-37.05,1625449482.0,64.0
-43.95,1625449482.0,64.0
-50.56,1625449482.0,64.0
-56.51,1625449482.0,64.0
-61.43,1625449482.0,64.0
-64.89,1625449482.0,64.0
-66.3,1625449482.0,64.0
-65.03,1625449482.0,64.0
-60.68,1625449482.0,64.0
-53.31,1625449482.0,64.0
-43.54,1625449482.0,64.0
-32.33,1625449482.0,64.0
-20.67,1625449482.0,64.0
-9.28,1625449482.0,64.0
1.47,1625449482.0,64.0
11.37,1625449482.0,64.0
20.18,1625449482.0,64.0
27.46,1625449482.0,64.0
32.74,1625449482.0,64.0
35.73,1625449482.0,64.0
36.62,1625449482.0,64.0
36.06,1625449482.0,64.0
34.94,1625449482.0,64.0
34.08,1625449482.0,64.0
33.89,1625449482.0,64.0
34.3,1625449482.0,64.0
34.92,1625449482.0,64.0
35.32,1625449482.0,64.0
35.24,1625449482.0,64.0
34.61,1625449482.0,64.0
33.49,1625449482.0,64.0
31.9,1625449482.0,64.0
29.73,1625449482.0,64.0
26.84,1625449482.0,64.0
23.16,1625449482.0,64.0
18.81,1625449482.0,64.0
14.14,1625449482.0,64.0
9.58,1625449482.0,64.0
5.45,1625449482.0,64.0
1.81,1625449482.0,64.0
-1.53,1625449482.0,64.0
-4.95,1625449482.0,64.0
-8.83,1625449482.0,64.0
-13.36,1625449482.0,64.0
-18.49,1625449482.0,64.0
-23.95,1625449482.0,64.0
-29.38,1625449482.0,64.0
-34.46,1625449482.0,64.0
-39.02,1625449482.0,64.0
-43.07,1625449482.0,64.0
-46.8,1625449482.0,64.0
-50.52,1625449482.0,64.0
-54.53,1625449482.0,64.0
-58.99,1625449482.0,64.0
-63.82,1625449482.0,64.0
-68.56,1625449482.0,64.0
-72.43,1625449482.0,64.0
-74.52,1625449482.0,64.0
-74.04,1625449482.0,64.0
-70.58,1625449482.0,64.0
-64.19,1625449482.0,64.0
-55.34,1625449482.0,64.0
-44.71,1625449482.0,64.0
-32.96,1625449482.0,64.0
-20.62,1625449482.0,64.0
-8.15,1625449482.0,64.0
3.93,1625449482.0,64.0
15.01,1625449482.0,64.0
24.44,1625449482.0,64.0
31.79,1625449482.0,64.0
36.98,1625449482.0,64.0
40.35,1625449482.0,64.0
42.53,1625449482.0,64.0
44.16,1625449482.0,64.0
45.64,1625449482.0,64.0
47.1,1625449482.0,64.0
48.37,1625449482.0,64.0
49.27,1625449482.0,64.0
49.69,1625449482.0,64.0
49.67,1625449482.0,64.0
49.31,1625449482.0,64.0
48.59,1625449482.0,64.0
47.36,1625449482.0,64.0
45.35,1625449482.0,64.0
42.38,1625449482.0,64.0
38.45,1625449482.0,64.0
33.79,1625449482.0,64.0
28.81,1625449482.0,64.0
23.93,1625449482.0,64.0
19.45,1625449482.0,64.0
15.41,1625449482.0,64.0
11.69,1625449482.0,64.0
8.04,1625449482.0,64.0
4.2,1625449482.0,64.0
-0.02,1625449482.0,64.0
-4.64,1625449482.0,64.0
-9.52,1625449482.0,64.0
-14.34,1625449482.0,64.0
-18.67,1625449482.0,64.0
-22.07,1625449482.0,64.0
-24.28,1625449482.0,64.0
-25.39,1625449482.0,64.0
-25.93,1625449482.0,64.0
-26.87,1625449482.0,64.0
-29.26,1625449482.0,64.0
-33.82,1625449482.0,64.0
-40.49,1625449482.0,64.0
-48.22,1625449482.0,64.0
-55.12,1625449482.0,64.0
-59.07,1625449482.0,64.0
-58.38,1625449482.0,64.0
-52.29,1625449482.0,64.0
-41.07,1625449482.0,64.0
-25.72,1625449482.0,64.0
-7.42,1625449482.0,64.0
12.77,1625449482.0,64.0
34.01,1625449482.0,64.0
55.52,1625449482.0,64.0
76.35,1625449482.0,64.0
95.43,1625449482.0,64.0
111.72,1625449482.0,64.0
124.44,1625449482.0,64.0
133.17,1625449482.0,64.0
137.74,1625449482.0,64.0
138.12,1625449482.0,64.0
134.26,1625449482.0,64.0
126.12,1625449482.0,64.0
113.82,1625449482.0,64.0
97.8,1625449482.0,64.0
78.85,1625449482.0,64.0
58.09,1625449482.0,64.0
36.74,1625449482.0,64.0
15.93,1625449482.0,64.0
-3.42,1625449482.0,64.0
-20.58,1625449482.0,64.0
-35.13,1625449482.0,64.0
-46.9,1625449482.0,64.0
-56.07,1625449482.0,64.0
-63.13,1625449482.0,64.0
-68.85,1625449482.0,64.0
-73.99,1625449482.0,64.0
-79.12,1625449482.0,64.0
-84.31,1625449482.0,64.0
-89.05,1625449482.0,64.0
-92.42,1625449482.0,64.0
-93.45,1625449482.0,64.0
-91.55,1625449482.0,64.0
-86.83,1625449482.0,64.0
-80.11,1625449482.0,64.0
-72.65,1625449482.0,64.0
-65.77,1625449482.0,64.0
-60.39,1625449482.0,64.0
-56.95,1625449482.0,64.0
-55.49,1625449482.0,64.0
-55.76,1625449482.0,64.0
-57.43,1625449482.0,64.0
-60.04,1625449482.0,64.0
-62.95,1625449482.0,64.0
-65.27,1625449482.0,64.0
-66.0,1625449482.0,64.0
-64.24,1625449482.0,64.0
-59.49,1625449482.0,64.0
-51.84,1625449482.0,64.0
-41.82,1625449482.0,64.0
-30.19,1625449482.0,64.0
-17.65,1625449482.0,64.0
-4.76,1625449482.0,64.0
7.96,1625449482.0,64.0
19.88,1625449482.0,64.0
30.21,1625449482.0,64.0
38.19,1625449482.0,64.0
43.37,1625449482.0,64.0
45.87,1625449482.0,64.0
46.26,1625449482.0,64.0
45.35,1625449482.0,64.0
43.76,1625449482.0,64.0
41.73,1625449482.0,64.0
39.2,1625449482.0,64.0
36.02,1625449482.0,64.0
32.19,1625449482.0,64.0
27.9,1625449482.0,64.0
23.52,1625449482.0,64.0
19.48,1625449482.0,64.0
16.2,1625449482.0,64.0
14.09,1625449482.0,64.0
13.51,1625449482.0,64.0
14.58,1625449482.0,64.0
17.0,1625449482.0,64.0
19.98,1625449482.0,64.0
22.37,1625449482.0,64.0
23.09,1625449482.0,64.0
21.54,1625449482.0,64.0
17.83,1625449482.0,64.0
12.6,1625449482.0,64.0
6.69,1625449482.0,64.0
0.75,1625449482.0,64.0
-4.98,1625449482.0,64.0
-10.51,1625449482.0,64.0
-15.92,1625449482.0,64.0
-21.12,1625449482.0,64.0
-25.97,1625449482.0,64.0
-30.42,1625449482.0,64.0
-34.66,1625449482.0,64.0
-39.02,1625449482.0,64.0
-43.72,1625449482.0,64.0
-48.58,1625449482.0,64.0
-52.85,1625449482.0,64.0
-55.47,1625449482.0,64.0
-55.46,1625449482.0,64.0
-52.3,1625449482.0,64.0
-46.17,1625449482.0,64.0
-37.72,1625449482.0,64.0
-27.82,1625449482.0,64.0
-17.22,1625449482.0,64.0
-6.42,1625449482.0,64.0
4.21,1625449482.0,64.0
14.24,1625449482.0,64.0
23.12,1625449482.0,64.0
30.21,1625449482.0,64.0
35.04,1625449482.0,64.0
37.54,1625449482.0,64.0
38.08,1625449482.0,64.0
37.44,1625449482.0,64.0
36.46,1625449482.0,64.0
35.8,1625449482.0,64.0
35.63,1625449482.0,64.0
35.66,1625449482.0,64.0
35.31,1625449482.0,64.0
34.05,1625449482.0,64.0
31.71,1625449482.0,64.0
28.54,1625449482.0,64.0
25.14,1625449482.0,64.0
22.06,1625449482.0,64.0
19.62,1625449482.0,64.0
17.77,1625449482.0,64.0
16.22,1625449482.0,64.0
14.63,1625449482.0,64.0
12.8,1625449482.0,64.0
10.7,1625449482.0,64.0
8.37,1625449482.0,64.0
5.78,1625449482.0,64.0
2.81,1625449482.0,64.0
-0.65,1625449482.0,64.0
-4.62,1625449482.0,64.0
-8.89,1625449482.0,64.0
-13.1,1625449482.0,64.0
-16.92,1625449482.0,64.0
-20.2,1625449482.0,64.0
-23.1,1625449482.0,64.0
-25.89,1625449482.0,64.0
-28.78,1625449482.0,64.0
-31.65,1625449482.0,64.0
-33.88,1625449482.0,64.0
-34.47,1625449482.0,64.0
-32.32,1625449482.0,64.0
-26.65,1625449482.0,64.0
-17.28,1625449482.0,64.0
-4.78,1625449482.0,64.0
9.77,1625449482.0,64.0
25.11,1625449482.0,64.0
40.19,1625449482.0,64.0
54.3,1625449482.0,64.0
67.05,1625449482.0,64.0
78.24,1625449482.0,64.0
87.82,1625449482.0,64.0
95.94,1625449482.0,64.0
103.02,1625449482.0,64.0
109.74,1625449482.0,64.0
116.77,1625449482.0,64.0
124.44,1625449482.0,64.0
132.55,1625449482.0,64.0
140.47,1625449482.0,64.0
147.69,1625449482.0,64.0
154.45,1625449482.0,64.0
162.16,1625449482.0,64.0
172.88,1625449482.0,64.0
188.24,1625449482.0,64.0
208.1,1625449482.0,64.0
229.67,1625449482.0,64.0
247.81,1625449482.0,64.0
256.13,1625449482.0,64.0
249.32,1625449482.0,64.0
225.17,1625449482.0,64.0
186.14,1625449482.0,64.0
139.45,1625449482.0,64.0
95.57,1625449482.0,64.0
65.51,1625449482.0,64.0
58.14,1625449482.0,64.0
78.09,1625449482.0,64.0
124.93,1625449482.0,64.0
193.25,1625449482.0,64.0
273.62,1625449482.0,64.0
354.04,1625449482.0,64.0
422.0,1625449482.0,64.0
466.88,1625449482.0,64.0
482.29,1625449482.0,64.0
467.54,1625449482.0,64.0
427.58,1625449482.0,64.0
371.24,1625449482.0,64.0
308.33,1625449482.0,64.0
246.82,1625449482.0,64.0
191.35,1625449482.0,64.0
143.33,1625449482.0,64.0
102.25,1625449482.0,64.0
67.18,1625449482.0,64.0
37.48,1625449482.0,64.0
12.77,1625449482.0,64.0
-7.46,1625449482.0,64.0
-23.98,1625449482.0,64.0
-37.57,1625449482.0,64.0
-48.55,1625449482.0,64.0
-56.67,1625449482.0,64.0
-61.37,1625449482.0,64.0
-62.09,1625449482.0,64.0
-58.89,1625449482.0,64.0
-52.65,1625449482.0,64.0
-44.8,1625449482.0,64.0
-36.91,1625449482.0,64.0
-30.16,1625449482.0,64.0
-25.02,1625449482.0,64.0
-21.16,1625449482.0,64.0
-17.79,1625449482.0,64.0
-14.02,1625449482.0,64.0
-9.36,1625449482.0,64.0
-3.9,1625449482.0,64.0
1.79,1625449482.0,64.0
6.88,1625449482.0,64.0
10.67,1625449482.0,64.0
12.84,1625449482.0,64.0
13.52,1625449482.0,64.0
13.17,1625449482.0,64.0
12.37,1625449482.0,64.0
11.51,1625449482.0,64.0
10.7,1625449482.0,64.0
9.75,1625449482.0,64.0
8.32,1625449482.0,64.0
6.07,1625449482.0,64.0
2.83,1625449482.0,64.0
-1.4,1625449482.0,64.0
-6.45,1625449482.0,64.0
-12.09,1625449482.0,64.0
-18.16,1625449482.0,64.0
-24.59,1625449482.0,64.0
-31.38,1625449482.0,64.0
-38.54,1625449482.0,64.0
-45.99,1625449482.0,64.0
-53.52,1625449482.0,64.0
-60.79,1625449482.0,64.0
-67.31,1625449482.0,64.0
-72.55,1625449482.0,64.0
-76.86,1625449482.0,64.0
-80.42,1625449482.0,64.0
-82.98,1625449482.0,64.0
-83.75,1625449482.0,64.0
-81.85,1625449482.0,64.0
-76.83,1625449482.0,64.0
-68.81,1625449482.0,64.0
-58.36,1625449482.0,64.0
-46.24,1625449482.0,64.0
-34.29,1625449482.0,64.0
-24.06,1625449482.0,64.0
-16.38,1625449482.0,64.0
-11.25,1625449482.0,64.0
-8.15,1625449482.0,64.0
-6.63,1625449482.0,64.0
-6.41,1625449482.0,64.0
-7.33,1625449482.0,64.0
-9.16,1625449482.0,64.0
-13.79,1625449482.0,64.0
-22.49,1625449482.0,64.0
-35.05,1625449482.0,64.0
-49.63,1625449482.0,64.0
-63.81,1625449482.0,64.0
-75.8,1625449482.0,64.0
-84.96,1625449482.0,64.0
-91.48,1625449482.0,64.0
-95.82,1625449482.0,64.0
-104.57,1625449482.0,64.0
-122.74,1625449482.0,64.0
-151.19,1625449482.0,64.0
-186.07,1625449482.0,64.0
-221.58,1625449482.0,64.0
-253.38,1625449482.0,64.0
-279.8,1625449482.0,64.0
-301.23,1625449482.0,64.0
-318.42,1625449482.0,64.0
-344.89,1625449482.0,64.0
-390.64,1625449482.0,64.0
-456.9,1625449482.0,64.0
-535.17,1625449482.0,64.0
-612.97,1625449482.0,64.0
-680.85,1625449482.0,64.0
-734.98,1625449482.0,64.0
-775.93,1625449482.0,64.0
-805.2,1625449482.0,64.0
-845.39,1625449482.0,64.0
-913.35,1625449482.0,64.0
-1011.93,1625449482.0,64.0
-1128.22,1625449482.0,64.0
-1242.89,1625449482.0,64.0
-1341.27,1625449482.0,64.0
-1417.52,1625449482.0,64.0
-1472.72,1625449482.0,64.0
-1509.37,1625449482.0,64.0
-1557.99,1625449482.0,64.0
-1641.15,1625449482.0,64.0
-1762.52,1625449482.0,64.0
-1904.79,1625449482.0,64.0
-2041.87,1625449482.0,64.0
-2153.71,1625449482.0,64.0
-2231.94,1625449482.0,64.0
-2277.88,1625449482.0,64.0
-2144.57,1625449482.0,64.0
-1755.94,1625449482.0,64.0
-1131.95,1625449482.0,64.0
-392.34,1625449482.0,64.0
318.9,1625449482.0,64.0
909.56,1625449482.0,64.0
1353.66,1625449482.0,64.0
1666.05,1625449482.0,64.0
1860.4,1625449482.0,64.0
1981.01,1625449482.0,64.0
2029.37,1625449482.0,64.0
2001.66,1625449482.0,64.0
1905.45,1625449482.0,64.0
1765.63,1625449482.0,64.0
1613.77,1625449482.0,64.0
1472.97,1625449482.0,64.0
1356.68,1625449482.0,64.0
1266.04,1625449482.0,64.0
1198.27,1625449482.0,64.0
1125.64,1625449482.0,64.0
1027.32,1625449482.0,64.0
898.61,1625449482.0,64.0
752.36,1625449482.0,64.0
609.25,1625449482.0,64.0
486.75,1625449482.0,64.0
395.1,1625449482.0,64.0
338.29,1625449482.0,64.0
318.31,1625449482.0,64.0
317.99,1625449482.0,64.0
318.88,1625449482.0,64.0
306.25,1625449482.0,64.0
272.7,1625449482.0,64.0
217.54,1625449482.0,64.0
145.02,1625449482.0,64.0
64.22,1625449482.0,64.0
-12.43,1625449482.0,64.0
-71.21,1625449482.0,64.0
-111.01,1625449482.0,64.0
-136.38,1625449482.0,64.0
-154.11,1625449482.0,64.0
-169.02,1625449482.0,64.0
-182.31,1625449482.0,64.0
-192.5,1625449482.0,64.0
-197.1,1625449482.0,64.0
-194.79,1625449482.0,64.0
-185.81,1625449482.0,64.0
-175.73,1625449482.0,64.0
-170.23,1625449482.0,64.0
-172.09,1625449482.0,64.0
-179.68,1625449482.0,64.0
-188.23,1625449482.0,64.0
-192.6,1625449482.0,64.0
-189.6,1625449482.0,64.0
-179.24,1625449482.0,64.0
-163.79,1625449482.0,64.0
-147.21,1625449482.0,64.0
-132.69,1625449482.0,64.0
-121.46,1625449482.0,64.0
-112.57,1625449482.0,64.0
-103.75,1625449482.0,64.0
-92.69,1625449482.0,64.0
-78.33,1625449482.0,64.0
-61.47,1625449482.0,64.0
-44.47,1625449482.0,64.0
-30.27,1625449482.0,64.0
-21.18,1625449482.0,64.0
-18.09,1625449482.0,64.0
-20.25,1625449482.0,64.0
-25.74,1625449482.0,64.0
-32.28,1625449482.0,64.0
-38.06,1625449482.0,64.0
-42.16,1625449482.0,64.0
-44.52,1625449482.0,64.0
-45.57,1625449482.0,64.0
-45.7,1625449482.0,64.0
-44.97,1625449482.0,64.0
-43.01,1625449482.0,64.0
-39.26,1625449482.0,64.0
-33.3,1625449482.0,64.0
-25.14,1625449482.0,64.0
-15.25,1625449482.0,64.0
-4.5,1625449482.0,64.0
6.12,1625449482.0,64.0
15.75,1625449482.0,64.0
23.82,1625449482.0,64.0
30.09,1625449482.0,64.0
34.59,1625449482.0,64.0
37.5,1625449482.0,64.0
39.05,1625449482.0,64.0
39.49,1625449482.0,64.0
39.05,1625449482.0,64.0
37.99,1625449482.0,64.0
36.52,1625449482.0,64.0
34.85,1625449482.0,64.0
33.2,1625449482.0,64.0
31.67,1625449482.0,64.0
30.35,1625449482.0,64.0
29.22,1625449482.0,64.0
28.23,1625449482.0,64.0
27.32,1625449482.0,64.0
26.39,1625449482.0,64.0
25.36,1625449482.0,64.0
24.17,1625449482.0,64.0
22.78,1625449482.0,64.0
21.19,1625449482.0,64.0
19.43,1625449482.0,64.0
17.56,1625449482.0,64.0
15.67,1625449482.0,64.0
13.86,1625449482.0,64.0
12.26,1625449482.0,64.0
10.95,1625449482.0,64.0
10.0,1625449482.0,64.0
9.45,1625449482.0,64.0
9.25,1625449482.0,64.0
9.34,1625449482.0,64.0
9.64,1625449482.0,64.0
10.05,1625449482.0,64.0
10.52,1625449482.0,64.0
10.98,1625449482.0,64.0
11.42,1625449482.0,64.0
11.84,1625449482.0,64.0
12.24,1625449482.0,64.0
12.6,1625449482.0,64.0
12.89,1625449482.0,64.0
13.12,1625449482.0,64.0
13.3,1625449482.0,64.0
13.48,1625449482.0,64.0
13.77,1625449482.0,64.0
14.27,1625449482.0,64.0
15.07,1625449482.0,64.0
16.16,1625449482.0,64.0
17.49,1625449482.0,64.0
18.91,1625449482.0,64.0
20.31,1625449482.0,64.0
21.61,1625449482.0,64.0
22.86,1625449482.0,64.0
24.21,1625449482.0,64.0
25.87,1625449482.0,64.0
27.98,1625449482.0,64.0
30.55,1625449482.0,64.0
33.41,1625449482.0,64.0
36.27,1625449482.0,64.0
38.88,1625449482.0,64.0
41.08,1625449482.0,64.0
43.0,1625449482.0,64.0
45.0,1625449482.0,64.0
47.55,1625449482.0,64.0
51.04,1625449482.0,64.0
55.6,1625449482.0,64.0
61.02,1625449482.0,64.0
66.81,1625449482.0,64.0
72.47,1625449482.0,64.0
77.71,1625449482.0,64.0
82.66,1625449482.0,64.0
87.9,1625449482.0,64.0
94.18,1625449482.0,64.0
102.19,1625449482.0,64.0
112.15,1625449482.0,64.0
123.79,1625449482.0,64.0
136.27,1625449482.0,64.0
148.71,1625449482.0,64.0
160.47,1625449482.0,64.0
171.44,1625449482.0,64.0
182.26,1625449482.0,64.0
194.25,1625449482.0,64.0
209.03,1625449482.0,64.0
228.05,1625449482.0,64.0
251.94,1625449482.0,64.0
279.87,1625449482.0,64.0
309.32,1625449482.0,64.0
336.2,1625449482.0,64.0
355.91,1625449482.0,64.0
364.55,1625449482.0,64.0
360.11,1625449482.0,64.0
343.08,1625449482.0,64.0
316.17,1625449482.0,64.0
283.38,1625449482.0,64.0
248.89,1625449482.0,64.0
216.11,1625449482.0,64.0
187.31,1625449482.0,64.0
163.57,1625449482.0,64.0
145.07,1625449482.0,64.0
131.36,1625449482.0,64.0
121.7,1625449482.0,64.0
115.37,1625449482.0,64.0
111.85,1625449482.0,64.0
110.77,1625449482.0,64.0
111.61,1625449482.0,64.0
113.29,1625449482.0,64.0
114.11,1625449482.0,64.0
112.37,1625449482.0,64.0
106.91,1625449482.0,64.0
98.11,1625449482.0,64.0
87.85,1625449482.0,64.0
78.7,1625449482.0,64.0
72.8,1625449482.0,64.0
70.85,1625449482.0,64.0
71.85,1625449482.0,64.0
73.92,1625449482.0,64.0
75.22,1625449482.0,64.0
74.84,1625449482.0,64.0
72.98,1625449482.0,64.0
70.3,1625449482.0,64.0
67.26,1625449482.0,64.0
63.68,1625449482.0,64.0
58.87,1625449482.0,64.0
52.1,1625449482.0,64.0
43.23,1625449482.0,64.0
32.94,1625449482.0,64.0
22.54,1625449482.0,64.0
13.39,1625449482.0,64.0
6.34,1625449482.0,64.0
1.35,1625449482.0,64.0
-2.39,1625449482.0,64.0
-6.05,1625449482.0,64.0
-10.63,1625449482.0,64.0
-16.56,1625449482.0,64.0
-23.73,1625449482.0,64.0
-31.68,1625449482.0,64.0
-39.9,1625449482.0,64.0
-47.99,1625449482.0,64.0
-55.57,1625449482.0,64.0
-62.08,1625449482.0,64.0
-66.72,1625449482.0,64.0
-68.52,1625449482.0,64.0
-66.68,1625449482.0,64.0
-60.85,1625449482.0,64.0
-51.31,1625449482.0,64.0
-38.93,1625449482.0,64.0
-24.87,1625449482.0,64.0
-10.38,1625449482.0,64.0
3.46,1625449482.0,64.0
15.75,1625449482.0,64.0
25.79,1625449482.0,64.0
33.09,1625449482.0,64.0
37.44,1625449482.0,64.0
39.04,1625449482.0,64.0
38.54,1625449482.0,64.0
36.86,1625449482.0,64.0
35.03,1625449482.0,64.0
33.83,1625449482.0,64.0
33.57,1625449482.0,64.0
34.05,1625449482.0,64.0
34.73,1625449482.0,64.0
34.94,1625449482.0,64.0
34.17,1625449482.0,64.0
32.21,1625449482.0,64.0
29.11,1625449482.0,64.0
25.1,1625449482.0,64.0
20.41,1625449482.0,64.0
15.26,1625449482.0,64.0
9.76,1625449482.0,64.0
4.04,1625449482.0,64.0
-1.73,1625449482.0,64.0
-7.33,1625449482.0,64.0
-12.5,1625449482.0,64.0
-17.13,1625449482.0,64.0
-21.3,1625449482.0,64.0
-25.29,1625449482.0,64.0
-29.46,1625449482.0,64.0
-34.11,1625449482.0,64.0
-39.32,1625449482.0,64.0
-44.97,1625449482.0,64.0
-50.85,1625449482.0,64.0
-56.79,1625449482.0,64.0
-62.63,1625449482.0,64.0
-68.11,1625449482.0,64.0
-72.69,1625449482.0,64.0
-75.45,1625449482.0,64.0
-75.34,1625449482.0,64.0
-71.55,1625449482.0,64.0
-63.87,1625449482.0,64.0
-52.83,1625449482.0,64.0
-39.5,1625449482.0,64.0
-25.03,1625449482.0,64.0
-10.24,1625449482.0,64.0
4.49,1625449482.0,64.0
18.88,1625449482.0,64.0
32.46,1625449482.0,64.0
44.31,1625449482.0,64.0
53.24,1625449482.0,64.0
58.3,1625449482.0,64.0
59.31,1625449482.0,64.0
57.06,1625449482.0,64.0
53.06,1625449482.0,64.0
48.95,1625449482.0,64.0
45.89,1625449482.0,64.0
44.1,1625449482.0,64.0
43.05,1625449482.0,64.0
41.85,1625449482.0,64.0
39.75,1625449482.0,64.0
36.5,1625449482.0,64.0
32.32,1625449482.0,64.0
27.56,1625449482.0,64.0
22.4,1625449482.0,64.0
16.7,1625449482.0,64.0
10.17,1625449482.0,64.0
2.77,1625449482.0,64.0
-5.08,1625449482.0,64.0
-12.48,1625449482.0,64.0
-18.56,1625449482.0,64.0
-23.0,1625449482.0,64.0
-26.35,1625449482.0,64.0
-29.83,1625449482.0,64.0
-34.65,1625449482.0,64.0
-41.3,1625449482.0,64.0
-49.24,1625449482.0,64.0
-57.27,1625449482.0,64.0
-64.28,1625449482.0,64.0
-69.92,1625449482.0,64.0
-74.68,1625449482.0,64.0
-79.23,1625449482.0,64.0
-83.65,1625449482.0,64.0
-87.0,1625449482.0,64.0
-87.49,1625449482.0,64.0
-83.48,1625449482.0,64.0
-74.29,1625449482.0,64.0
-60.68,1625449482.0,64.0
-44.46,1625449482.0,64.0
-27.67,1625449482.0,64.0
-11.76,1625449482.0,64.0
2.79,1625449482.0,64.0
16.11,1625449482.0,64.0
28.49,1625449482.0,64.0
39.82,1625449482.0,64.0
49.55,1625449482.0,64.0
56.94,1625449482.0,64.0
61.52,1625449482.0,64.0
63.3,1625449482.0,64.0
62.79,1625449482.0,64.0
60.79,1625449482.0,64.0
58.12,1625449482.0,64.0
55.37,1625449482.0,64.0
52.87,1625449482.0,64.0
50.66,1625449482.0,64.0
48.54,1625449482.0,64.0
46.23,1625449482.0,64.0
43.41,1625449482.0,64.0
39.78,1625449482.0,64.0
35.22,1625449482.0,64.0
29.69,1625449482.0,64.0
23.3,1625449482.0,64.0
16.27,1625449482.0,64.0
8.89,1625449482.0,64.0
1.53,1625449482.0,64.0
-5.48,1625449482.0,64.0
-11.84,1625449482.0,64.0
-17.44,1625449482.0,64.0
-22.36,1625449482.0,64.0
-26.85,1625449482.0,64.0
-31.28,1625449482.0,64.0
-36.09,1625449482.0,64.0
-41.7,1625449482.0,64.0
-48.36,1625449482.0,64.0
-55.98,1625449482.0,64.0
-63.94,1625449482.0,64.0
-71.02,1625449482.0,64.0
-75.65,1625449482.0,64.0
-76.37,1625449482.0,64.0
-72.33,1625449482.0,64.0
-63.69,1625449482.0,64.0
-51.55,1625449482.0,64.0
-37.56,1625449482.0,64.0
-23.26,1625449482.0,64.0
-9.63,1625449482.0,64.0
3.0,1625449482.0,64.0
14.75,1625449482.0,64.0
25.65,1625449482.0,64.0
35.39,1625449482.0,64.0
43.25,1625449482.0,64.0
48.44,1625449482.0,64.0
50.54,1625449482.0,64.0
49.78,1625449482.0,64.0
47.0,1625449482.0,64.0
43.28,1625449482.0,64.0
39.51,1625449482.0,64.0
36.05,1625449482.0,64.0
32.82,1625449482.0,64.0
29.53,1625449482.0,64.0
26.1,1625449482.0,64.0
22.73,1625449482.0,64.0
19.8,1625449482.0,64.0
17.5,1625449482.0,64.0
15.6,1625449482.0,64.0
13.43,1625449482.0,64.0
10.13,1625449482.0,64.0
5.0,1625449482.0,64.0
-2.19,1625449482.0,64.0
-11.06,1625449482.0,64.0
-20.73,1625449482.0,64.0
-30.05,1625449482.0,64.0
-37.95,1625449482.0,64.0
-43.69,1625449482.0,64.0
-47.07,1625449482.0,64.0
-48.49,1625449482.0,64.0
-48.94,1625449482.0,64.0
-49.77,1625449482.0,64.0
-52.29,1625449482.0,64.0
-57.41,1625449482.0,64.0
-65.11,1625449482.0,64.0
-74.23,1625449482.0,64.0
-82.51,1625449482.0,64.0
-87.1,1625449482.0,64.0
-85.35,1625449482.0,64.0
-75.68,1625449482.0,64.0
-58.19,1625449482.0,64.0
-34.71,1625449482.0,64.0
-8.26,1625449482.0,64.0
17.77,1625449482.0,64.0
40.45,1625449482.0,64.0
57.87,1625449482.0,64.0
69.3,1625449482.0,64.0
75.05,1625449482.0,64.0
76.22,1625449482.0,64.0
74.32,1625449482.0,64.0
70.91,1625449482.0,64.0
67.16,1625449482.0,64.0
63.66,1625449482.0,64.0
60.35,1625449482.0,64.0
56.86,1625449482.0,64.0
53.0,1625449482.0,64.0
49.01,1625449482.0,64.0
45.51,1625449482.0,64.0
43.07,1625449482.0,64.0
41.73,1625449482.0,64.0
40.94,1625449482.0,64.0
39.86,1625449482.0,64.0
38.02,1625449482.0,64.0
35.6,1625449482.0,64.0
33.35,1625449482.0,64.0
31.89,1625449482.0,64.0
31.06,1625449482.0,64.0
29.77,1625449482.0,64.0
26.45,1625449482.0,64.0
19.99,1625449482.0,64.0
10.42,1625449482.0,64.0
-1.02,1625449482.0,64.0
-12.5,1625449482.0,64.0
-22.54,1625449482.0,64.0
-30.59,1625449482.0,64.0
-37.09,1625449482.0,64.0
-43.0,1625449482.0,64.0
-49.14,1625449482.0,64.0
-55.82,1625449482.0,64.0
-62.82,1625449482.0,64.0
-69.72,1625449482.0,64.0
-76.11,1625449482.0,64.0
-81.62,1625449482.0,64.0
-85.83,1625449482.0,64.0
-88.08,1625449482.0,64.0
-87.64,1625449482.0,64.0
-83.86,1625449482.0,64.0
-76.58,1625449482.0,64.0
-66.18,1625449482.0,64.0
-53.51,1625449482.0,64.0
-39.64,1625449482.0,64.0
-25.46,1625449482.0,64.0
-11.63,1625449482.0,64.0
1.48,1625449482.0,64.0
13.57,1625449482.0,64.0
24.27,1625449482.0,64.0
33.18,1625449482.0,64.0
39.91,1625449482.0,64.0
44.32,1625449482.0,64.0
46.61,1625449482.0,64.0
47.3,1625449482.0,64.0
47.09,1625449482.0,64.0
46.62,1625449482.0,64.0
46.3,1625449482.0,64.0
46.14,1625449482.0,64.0
45.8,1625449482.0,64.0
44.72,1625449482.0,64.0
42.42,1625449482.0,64.0
38.67,1625449482.0,64.0
33.61,1625449482.0,64.0
27.64,1625449482.0,64.0
21.22,1625449482.0,64.0
14.7,1625449482.0,64.0
8.21,1625449482.0,64.0
1.74,1625449482.0,64.0
-4.73,1625449482.0,64.0
-11.15,1625449482.0,64.0
-17.3,1625449482.0,64.0
-22.89,1625449482.0,64.0
-27.6,1625449482.0,64.0
-31.17,1625449482.0,64.0
-33.47,1625449482.0,64.0
-34.54,1625449482.0,64.0
-34.66,1625449482.0,64.0
-34.35,1625449482.0,64.0
-34.23,1625449482.0,64.0
-34.92,1625449482.0,64.0
-36.81,1625449482.0,64.0
-39.9,1625449482.0,64.0
-43.79,1625449482.0,64.0
-47.76,1625449482.0,64.0
-50.89,1625449482.0,64.0
-52.3,1625449482.0,64.0
-51.32,1625449482.0,64.0
-47.65,1625449482.0,64.0
-41.42,1625449482.0,64.0
-33.18,1625449482.0,64.0
-23.7,1625449482.0,64.0
-13.81,1625449482.0,64.0
-4.13,1625449482.0,64.0
4.98,1625449482.0,64.0
13.32,1625449482.0,64.0
20.68,1625449482.0,64.0
26.67,1625449482.0,64.0
30.74,1625449482.0,64.0
32.44,1625449482.0,64.0
31.77,1625449482.0,64.0
29.42,1625449482.0,64.0
26.67,1625449482.0,64.0
24.97,1625449482.0,64.0
25.43,1625449482.0,64.0
28.25,1625449482.0,64.0
32.69,1625449482.0,64.0
37.33,1625449482.0,64.0
40.68,1625449482.0,64.0
41.79,1625449482.0,64.0
40.47,1625449482.0,64.0
37.23,1625449482.0,64.0
32.92,1625449482.0,64.0
28.3,1625449482.0,64.0
23.77,1625449482.0,64.0
19.36,1625449482.0,64.0
14.91,1625449482.0,64.0
10.21,1625449482.0,64.0
5.11,1625449482.0,64.0
-0.48,1625449482.0,64.0
-6.59,1625449482.0,64.0
-13.17,1625449482.0,64.0
-20.06,1625449482.0,64.0
-26.99,1625449482.0,64.0
-33.59,1625449482.0,64.0
-39.49,1625449482.0,64.0
-44.4,1625449482.0,64.0
-48.13,1625449482.0,64.0
-50.66,1625449482.0,64.0
-52.1,1625449482.0,64.0
-52.64,1625449482.0,64.0
-52.52,1625449482.0,64.0
-51.86,1625449482.0,64.0
-50.63,1625449482.0,64.0
-48.5,1625449482.0,64.0
-45.0,1625449482.0,64.0
-39.72,1625449482.0,64.0
-32.53,1625449482.0,64.0
-23.71,1625449482.0,64.0
-13.96,1625449482.0,64.0
-4.1,1625449482.0,64.0
5.12,1625449482.0,64.0
13.18,1625449482.0,64.0
19.75,1625449482.0,64.0
24.59,1625449482.0,64.0
27.43,1625449482.0,64.0
28.05,1625449482.0,64.0
26.52,1625449482.0,64.0
23.38,1625449482.0,64.0
19.58,1625449482.0,64.0
16.36,1625449482.0,64.0
14.71,1625449482.0,64.0
15.12,1625449482.0,64.0
17.4,1625449482.0,64.0
20.83,1625449482.0,64.0
24.51,1625449482.0,64.0
27.67,1625449482.0,64.0
29.84,1625449482.0,64.0
30.86,1625449482.0,64.0
30.67,1625449482.0,64.0
29.27,1625449482.0,64.0
26.64,1625449482.0,64.0
22.82,1625449482.0,64.0
18.07,1625449482.0,64.0
12.85,1625449482.0,64.0
7.73,1625449482.0,64.0
3.21,1625449482.0,64.0
-0.49,1625449482.0,64.0
-3.45,1625449482.0,64.0
-6.0,1625449482.0,64.0
-8.53,1625449482.0,64.0
-11.35,1625449482.0,64.0
-14.59,1625449482.0,64.0
-18.24,1625449482.0,64.0
-22.19,1625449482.0,64.0
-26.35,1625449482.0,64.0
-30.59,1625449482.0,64.0
-34.81,1625449482.0,64.0
-38.87,1625449482.0,64.0
-42.62,1625449482.0,64.0
-45.85,1625449482.0,64.0
-48.36,1625449482.0,64.0
-49.87,1625449482.0,64.0
-50.15,1625449482.0,64.0
-49.02,1625449482.0,64.0
-46.43,1625449482.0,64.0
-42.5,1625449482.0,64.0
-37.42,1625449482.0,64.0
-31.42,1625449482.0,64.0
-24.68,1625449482.0,64.0
-17.39,1625449482.0,64.0
-9.84,1625449482.0,64.0
-2.5,1625449482.0,64.0
4.0,1625449482.0,64.0
8.97,1625449482.0,64.0
11.95,1625449482.0,64.0
12.87,1625449482.0,64.0
12.18,1625449482.0,64.0
10.74,1625449482.0,64.0
9.59,1625449482.0,64.0
9.59,1625449482.0,64.0
11.14,1625449482.0,64.0
14.03,1625449482.0,64.0
17.53,1625449482.0,64.0
20.63,1625449482.0,64.0
22.4,1625449482.0,64.0
22.29,1625449482.0,64.0
20.31,1625449482.0,64.0
16.88,1625449482.0,64.0
12.68,1625449482.0,64.0
8.41,1625449482.0,64.0
4.56,1625449482.0,64.0
1.42,1625449482.0,64.0
-0.96,1625449482.0,64.0
-2.69,1625449482.0,64.0
-4.03,1625449482.0,64.0
-5.29,1625449482.0,64.0
-6.78,1625449482.0,64.0
-8.77,1625449482.0,64.0
-11.4,1625449482.0,64.0
-14.67,1625449482.0,64.0
-18.41,1625449482.0,64.0
-22.38,1625449482.0,64.0
-26.26,1625449482.0,64.0
-29.79,1625449482.0,64.0
-32.77,1625449482.0,64.0
-35.13,1625449482.0,64.0
-36.87,1625449482.0,64.0
-37.89,1625449482.0,64.0
-37.96,1625449482.0,64.0
-36.67,1625449482.0,64.0
-33.58,1625449482.0,64.0
-28.44,1625449482.0,64.0
-21.44,1625449482.0,64.0
-13.19,1625449482.0,64.0
-4.56,1625449482.0,64.0
3.58,1625449482.0,64.0
10.7,1625449482.0,64.0
16.53,1625449482.0,64.0
21.07,1625449482.0,64.0
24.28,1625449482.0,64.0
26.11,1625449482.0,64.0
26.48,1625449482.0,64.0
25.53,1625449482.0,64.0
23.71,1625449482.0,64.0
21.73,1625449482.0,64.0
20.28,1625449482.0,64.0
19.82,1625449482.0,64.0
20.3,1625449482.0,64.0
21.29,1625449482.0,64.0
22.17,1625449482.0,64.0
22.43,1625449482.0,64.0
21.86,1625449482.0,64.0
20.62,1625449482.0,64.0
19.0,1625449482.0,64.0
17.26,1625449482.0,64.0
15.47,1625449482.0,64.0
13.46,1625449482.0,64.0
10.97,1625449482.0,64.0
7.84,1625449482.0,64.0
4.12,1625449482.0,64.0
0.09,1625449482.0,64.0
-3.86,1625449482.0,64.0
-7.41,1625449482.0,64.0
-10.43,1625449482.0,64.0
-13.04,1625449482.0,64.0
-15.49,1625449482.0,64.0
-18.04,1625449482.0,64.0
-20.83,1625449482.0,64.0
-23.85,1625449482.0,64.0
-26.9,1625449482.0,64.0
-29.78,1625449482.0,64.0
-32.32,1625449482.0,64.0
-34.43,1625449482.0,64.0
-36.05,1625449482.0,64.0
-37.03,1625449482.0,64.0
-37.13,1625449482.0,64.0
-36.01,1625449482.0,64.0
-33.41,1625449482.0,64.0
-29.27,1625449482.0,64.0
-23.84,1625449482.0,64.0
-17.57,1625449482.0,64.0
-11.02,1625449482.0,64.0
-4.6,1625449482.0,64.0
1.41,1625449482.0,64.0
6.89,1625449482.0,64.0
11.66,1625449482.0,64.0
15.49,1625449482.0,64.0
18.12,1625449482.0,64.0
19.49,1625449482.0,64.0
19.84,1625449482.0,64.0
19.68,1625449482.0,64.0
19.65,1625449482.0,64.0
20.17,1625449482.0,64.0
21.31,1625449482.0,64.0
22.73,1625449482.0,64.0
23.89,1625449482.0,64.0
24.27,1625449482.0,64.0
23.6,1625449482.0,64.0
21.95,1625449482.0,64.0
19.59,1625449482.0,64.0
16.89,1625449482.0,64.0
14.14,1625449482.0,64.0
11.53,1625449482.0,64.0
9.07,1625449482.0,64.0
6.7,1625449482.0,64.0
4.36,1625449482.0,64.0
1.98,1625449482.0,64.0
-0.47,1625449482.0,64.0
-3.01,1625449482.0,64.0
-5.61,1625449482.0,64.0
-8.22,1625449482.0,64.0
-10.75,1625449482.0,64.0
-13.1,1625449482.0,64.0
-15.19,1625449482.0,64.0
-17.07,1625449482.0,64.0
-18.88,1625449482.0,64.0
-20.82,1625449482.0,64.0
-23.03,1625449482.0,64.0
-25.55,1625449482.0,64.0
-28.26,1625449482.0,64.0
-30.96,1625449482.0,64.0
-33.43,1625449482.0,64.0
-35.43,1625449482.0,64.0
-36.66,1625449482.0,64.0
-36.73,1625449482.0,64.0
-35.21,1625449482.0,64.0
-31.82,1625449482.0,64.0
-26.6,1625449482.0,64.0
-20.03,1625449482.0,64.0
-12.9,1625449482.0,64.0
-5.97,1625449482.0,64.0
0.32,1625449482.0,64.0
5.9,1625449482.0,64.0
10.94,1625449482.0,64.0
15.57,1625449482.0,64.0
19.63,1625449482.0,64.0
22.73,1625449482.0,64.0
24.55,1625449482.0,64.0
25.1,1625449482.0,64.0
24.87,1625449482.0,64.0
24.58,1625449482.0,64.0
24.81,1625449482.0,64.0
25.7,1625449482.0,64.0
26.9,1625449482.0,64.0
27.73,1625449482.0,64.0
27.63,1625449482.0,64.0
26.41,1625449482.0,64.0
24.28,1625449482.0,64.0
21.7,1625449482.0,64.0
19.09,1625449482.0,64.0
16.64,1625449482.0,64.0
14.3,1625449482.0,64.0
11.92,1625449482.0,64.0
9.39,1625449482.0,64.0
6.73,1625449482.0,64.0
4.05,1625449482.0,64.0
1.45,1625449482.0,64.0
-1.03,1625449482.0,64.0
-3.44,1625449482.0,64.0
-5.89,1625449482.0,64.0
-8.42,1625449482.0,64.0
-11.03,1625449482.0,64.0
-13.63,1625449482.0,64.0
-16.14,1625449482.0,64.0
-18.57,1625449482.0,64.0
-21.02,1625449482.0,64.0
-23.63,1625449482.0,64.0
-26.49,1625449482.0,64.0
-29.57,1625449482.0,64.0
-32.69,1625449482.0,64.0
-35.63,1625449482.0,64.0
-38.14,1625449482.0,64.0
-39.99,1625449482.0,64.0
-40.97,1625449482.0,64.0
-40.77,1625449482.0,64.0
-39.05,1625449482.0,64.0
-35.56,1625449482.0,64.0
-30.28,1625449482.0,64.0
-23.49,1625449482.0,64.0
-15.8,1625449482.0,64.0
-7.84,1625449482.0,64.0
-0.18,1625449482.0,64.0
6.9,1625449482.0,64.0
13.26,1625449482.0,64.0
18.8,1625449482.0,64.0
23.29,1625449482.0,64.0
26.47,1625449482.0,64.0
28.21,1625449482.0,64.0
28.68,1625449482.0,64.0
28.36,1625449482.0,64.0
27.91,1625449482.0,64.0
27.83,1625449482.0,64.0
28.24,1625449482.0,64.0
28.84,1625449482.0,64.0
29.13,1625449482.0,64.0
28.71,1625449482.0,64.0
27.41,1625449482.0,64.0
25.43,1625449482.0,64.0
23.07,1625449482.0,64.0
20.61,1625449482.0,64.0
18.16,1625449482.0,64.0
15.62,1625449482.0,64.0
12.87,1625449482.0,64.0
9.81,1625449482.0,64.0
6.54,1625449482.0,64.0
3.24,1625449482.0,64.0
0.16,1625449482.0,64.0
-2.48,1625449482.0,64.0
-4.61,1625449482.0,64.0
-6.28,1625449482.0,64.0
-7.64,1625449482.0,64.0
-8.92,1625449482.0,64.0
-10.31,1625449482.0,64.0
-11.97,1625449482.0,64.0
-14.04,1625449482.0,64.0
-16.59,1625449482.0,64.0
-19.63,1625449482.0,64.0
-23.09,1625449482.0,64.0
-26.82,1625449482.0,64.0
-30.56,1625449482.0,64.0
-34.04,1625449482.0,64.0
-37.01,1625449482.0,64.0
-39.3,1625449482.0,64.0
-40.81,1625449482.0,64.0
-41.42,1625449482.0,64.0
-40.94,1625449482.0,64.0
-39.1,1625449482.0,64.0
-35.64,1625449482.0,64.0
-30.45,1625449482.0,64.0
-23.65,1625449482.0,64.0
-15.65,1625449482.0,64.0
-7.03,1625449482.0,64.0
1.59,1625449482.0,64.0
9.7,1625449482.0,64.0
16.86,1625449482.0,64.0
22.68,1625449482.0,64.0
26.83,1625449482.0,64.0
29.1,1625449482.0,64.0
29.54,1625449482.0,64.0
28.57,1625449482.0,64.0
26.94,1625449482.0,64.0
25.5,1625449482.0,64.0
24.85,1625449482.0,64.0
25.13,1625449482.0,64.0
25.94,1625449482.0,64.0
26.61,1625449482.0,64.0
26.49,1625449482.0,64.0
25.3,1625449482.0,64.0
23.2,1625449482.0,64.0
20.61,1625449482.0,64.0
18.02,1625449482.0,64.0
15.71,1625449482.0,64.0
13.71,1625449482.0,64.0
11.85,1625449482.0,64.0
9.96,1625449482.0,64.0
7.93,1625449482.0,64.0
5.74,1625449482.0,64.0
3.51,1625449482.0,64.0
1.34,1625449482.0,64.0
-0.69,1625449482.0,64.0
-2.59,1625449482.0,64.0
-4.37,1625449482.0,64.0
-6.11,1625449482.0,64.0
-7.85,1625449482.0,64.0
-9.62,1625449482.0,64.0
-11.45,1625449482.0,64.0
-13.39,1625449482.0,64.0
-15.54,1625449482.0,64.0
-17.98,1625449482.0,64.0
-20.77,1625449482.0,64.0
-23.91,1625449482.0,64.0
-27.28,1625449482.0,64.0
-30.72,1625449482.0,64.0
-33.98,1625449482.0,64.0
-36.8,1625449482.0,64.0
-38.9,1625449482.0,64.0
-39.98,1625449482.0,64.0
-39.72,1625449482.0,64.0
-37.91,1625449482.0,64.0
-34.49,1625449482.0,64.0
-29.62,1625449482.0,64.0
-23.65,1625449482.0,64.0
-17.02,1625449482.0,64.0
-10.14,1625449482.0,64.0
-3.34,1625449482.0,64.0
3.12,1625449482.0,64.0
8.95,1625449482.0,64.0
13.84,1625449482.0,64.0
17.56,1625449482.0,64.0
19.98,1625449482.0,64.0
21.26,1625449482.0,64.0
21.78,1625449482.0,64.0
22.07,1625449482.0,64.0
22.56,1625449482.0,64.0
23.46,1625449482.0,64.0
24.67,1625449482.0,64.0
25.86,1625449482.0,64.0
26.56,1625449482.0,64.0
26.39,1625449482.0,64.0
25.14,1625449482.0,64.0
22.9,1625449482.0,64.0
20.04,1625449482.0,64.0
17.08,1625449482.0,64.0
14.57,1625449482.0,64.0
12.82,1625449482.0,64.0
11.74,1625449482.0,64.0
10.87,1625449482.0,64.0
9.58,1625449482.0,64.0
7.34,1625449482.0,64.0
3.96,1625449482.0,64.0
-0.33,1625449482.0,64.0
-5.08,1625449482.0,64.0
-9.77,1625449482.0,64.0
-14.01,1625449482.0,64.0
-17.55,1625449482.0,64.0
-20.29,1625449482.0,64.0
-22.19,1625449482.0,64.0
-23.28,1625449482.0,64.0
-23.78,1625449482.0,64.0
-24.05,1625449482.0,64.0
-24.58,1625449482.0,64.0
-25.72,1625449482.0,64.0
-27.52,1625449482.0,64.0
-29.69,1625449482.0,64.0
-31.73,1625449482.0,64.0
-33.26,1625449482.0,64.0
-34.13,1625449482.0,64.0
-34.44,1625449482.0,64.0
-34.3,1625449482.0,64.0
-33.64,1625449482.0,64.0
-32.17,1625449482.0,64.0
-29.51,1625449482.0,64.0
-25.45,1625449482.0,64.0
-19.96,1625449482.0,64.0
-13.23,1625449482.0,64.0
-5.42,1625449482.0,64.0
3.36,1625449482.0,64.0
12.88,1625449482.0,64.0
22.5,1625449482.0,64.0
30.99,1625449482.0,64.0
36.83,1625449482.0,64.0
38.78,1625449482.0,64.0
36.5,1625449482.0,64.0
30.96,1625449482.0,64.0
24.07,1625449482.0,64.0
17.95,1625449482.0,64.0
14.09,1625449482.0,64.0
12.82,1625449482.0,64.0
13.44,1625449482.0,64.0
14.81,1625449482.0,64.0
16.0,1625449482.0,64.0
16.69,1625449482.0,64.0
17.11,1625449482.0,64.0
17.67,1625449482.0,64.0
18.55,1625449482.0,64.0
19.57,1625449482.0,64.0
20.23,1625449482.0,64.0
20.02,1625449482.0,64.0
18.7,1625449482.0,64.0
16.36,1625449482.0,64.0
13.32,1625449482.0,64.0
9.92,1625449482.0,64.0
6.33,1625449482.0,64.0
2.49,1625449482.0,64.0
-1.76,1625449482.0,64.0
-6.47,1625449482.0,64.0
-11.45,1625449482.0,64.0
-16.2,1625449482.0,64.0
-20.13,1625449482.0,64.0
-22.72,1625449482.0,64.0
-23.9,1625449482.0,64.0
-24.02,1625449482.0,64.0
-23.74,1625449482.0,64.0
-23.77,1625449482.0,64.0
-24.59,1625449482.0,64.0
-26.3,1625449482.0,64.0
-28.67,1625449482.0,64.0
-31.33,1625449482.0,64.0
-33.84,1625449482.0,64.0
-35.86,1625449482.0,64.0
-37.06,1625449482.0,64.0
-37.15,1625449482.0,64.0
-35.89,1625449482.0,64.0
-33.14,1625449482.0,64.0
-28.98,1625449482.0,64.0
-23.63,1625449482.0,64.0
-17.4,1625449482.0,64.0
-10.57,1625449482.0,64.0
-3.39,1625449482.0,64.0
3.89,1625449482.0,64.0
10.88,1625449482.0,64.0
17.09,1625449482.0,64.0
22.0,1625449482.0,64.0
25.3,1625449482.0,64.0
27.07,1625449482.0,64.0
27.8,1625449482.0,64.0
28.19,1625449482.0,64.0
28.81,1625449482.0,64.0
29.87,1625449482.0,64.0
31.14,1625449482.0,64.0
32.11,1625449482.0,64.0
32.32,1625449482.0,64.0
31.6,1625449482.0,64.0
30.11,1625449482.0,64.0
28.24,1625449482.0,64.0
26.32,1625449482.0,64.0
24.49,1625449482.0,64.0
22.62,1625449482.0,64.0
20.51,1625449482.0,64.0
18.01,1625449482.0,64.0
15.15,1625449482.0,64.0
12.13,1625449482.0,64.0
9.22,1625449482.0,64.0
6.56,1625449482.0,64.0
4.11,1625449482.0,64.0
1.63,1625449482.0,64.0
-1.18,1625449482.0,64.0
-4.51,1625449482.0,64.0
-8.37,1625449482.0,64.0
-12.52,1625449482.0,64.0
-16.6,1625449482.0,64.0
-20.26,1625449482.0,64.0
-23.3,1625449482.0,64.0
-25.67,1625449482.0,64.0
-27.44,1625449482.0,64.0
-28.78,1625449482.0,64.0
-29.86,1625449482.0,64.0
-30.81,1625449482.0,64.0
-31.7,1625449482.0,64.0
-32.48,1625449482.0,64.0
-32.94,1625449482.0,64.0
-32.78,1625449482.0,64.0
-31.61,1625449482.0,64.0
-29.17,1625449482.0,64.0
-25.34,1625449482.0,64.0
-20.24,1625449482.0,64.0
-14.15,1625449482.0,64.0
-7.41,1625449482.0,64.0
-0.4,1625449482.0,64.0
6.52,1625449482.0,64.0
12.98,1625449482.0,64.0
18.61,1625449482.0,64.0
23.13,1625449482.0,64.0
26.39,1625449482.0,64.0
28.39,1625449482.0,64.0
29.31,1625449482.0,64.0
29.37,1625449482.0,64.0
28.83,1625449482.0,64.0
27.91,1625449482.0,64.0
26.85,1625449482.0,64.0
25.82,1625449482.0,64.0
24.91,1625449482.0,64.0
24.07,1625449482.0,64.0
23.17,1625449482.0,64.0
22.0,1625449482.0,64.0
20.42,1625449482.0,64.0
18.33,1625449482.0,64.0
15.73,1625449482.0,64.0
12.61,1625449482.0,64.0
8.97,1625449482.0,64.0
4.85,1625449482.0,64.0
0.44,1625449482.0,64.0
-3.89,1625449482.0,64.0
-7.69,1625449482.0,64.0
-10.62,1625449482.0,64.0
-12.61,1625449482.0,64.0
-13.96,1625449482.0,64.0
-15.14,1625449482.0,64.0
-16.59,1625449482.0,64.0
-18.45,1625449482.0,64.0
-20.57,1625449482.0,64.0
-22.59,1625449482.0,64.0
-24.19,1625449482.0,64.0
-25.29,1625449482.0,64.0
-26.03,1625449482.0,64.0
-26.71,1625449482.0,64.0
-27.63,1625449482.0,64.0
-29.01,1625449482.0,64.0
-30.89,1625449482.0,64.0
-33.2,1625449482.0,64.0
-35.65,1625449482.0,64.0
-37.78,1625449482.0,64.0
-38.86,1625449482.0,64.0
-38.18,1625449482.0,64.0
-35.29,1625449482.0,64.0
-30.24,1625449482.0,64.0
-23.68,1625449482.0,64.0
-16.66,1625449482.0,64.0
-10.2,1625449482.0,64.0
-4.89,1625449482.0,64.0
-0.65,1625449482.0,64.0
3.12,1625449482.0,64.0
7.15,1625449482.0,64.0
11.84,1625449482.0,64.0
17.09,1625449482.0,64.0
22.31,1625449482.0,64.0
26.83,1625449482.0,64.0
30.24,1625449482.0,64.0
32.57,1625449482.0,64.0
34.19,1625449482.0,64.0
35.5,1625449482.0,64.0
36.68,1625449482.0,64.0
37.54,1625449482.0,64.0
37.67,1625449482.0,64.0
36.63,1625449482.0,64.0
34.25,1625449482.0,64.0
30.74,1625449482.0,64.0
26.55,1625449482.0,64.0
22.24,1625449482.0,64.0
18.25,1625449482.0,64.0
14.75,1625449482.0,64.0
11.65,1625449482.0,64.0
8.72,1625449482.0,64.0
5.75,1625449482.0,64.0
2.64,1625449482.0,64.0
-0.52,1625449482.0,64.0
-3.49,1625449482.0,64.0
-6.0,1625449482.0,64.0
-7.87,1625449482.0,64.0
-9.04,1625449482.0,64.0
-9.66,1625449482.0,64.0
-9.98,1625449482.0,64.0
-10.29,1625449482.0,64.0
-10.91,1625449482.0,64.0
-12.09,1625449482.0,64.0
-14.02,1625449482.0,64.0
-16.76,1625449482.0,64.0
-20.22,1625449482.0,64.0
-24.18,1625449482.0,64.0
-28.32,1625449482.0,64.0
-32.27,1625449482.0,64.0
-35.72,1625449482.0,64.0
-38.37,1625449482.0,64.0
-39.94,1625449482.0,64.0
-40.16,1625449482.0,64.0
-38.77,1625449482.0,64.0
-35.62,1625449482.0,64.0
-30.79,1625449482.0,64.0
-24.59,1625449482.0,64.0
-17.56,1625449482.0,64.0
-10.26,1625449482.0,64.0
-3.16,1625449482.0,64.0
3.48,1625449482.0,64.0
9.52,1625449482.0,64.0
14.82,1625449482.0,64.0
19.18,1625449482.0,64.0
22.3,1625449482.0,64.0
24.0,1625449482.0,64.0
24.37,1625449482.0,64.0
23.81,1625449482.0,64.0
22.99,1625449482.0,64.0
22.54,1625449482.0,64.0
22.78,1625449482.0,64.0
23.55,1625449482.0,64.0
24.38,1625449482.0,64.0
24.71,1625449482.0,64.0
24.2,1625449482.0,64.0
22.93,1625449482.0,64.0
21.25,1625449482.0,64.0
19.59,1625449482.0,64.0
18.19,1625449482.0,64.0
16.97,1625449482.0,64.0
15.64,1625449482.0,64.0
13.88,1625449482.0,64.0
11.54,1625449482.0,64.0
8.77,1625449482.0,64.0
5.8,1625449482.0,64.0
2.87,1625449482.0,64.0
0.02,1625449482.0,64.0
-2.88,1625449482.0,64.0
-6.06,1625449482.0,64.0
-9.6,1625449482.0,64.0
-13.44,1625449482.0,64.0
-17.34,1625449482.0,64.0
-21.07,1625449482.0,64.0
-24.44,1625449482.0,64.0
-27.37,1625449482.0,64.0
-29.74,1625449482.0,64.0
-31.44,1625449482.0,64.0
-32.36,1625449482.0,64.0
-32.5,1625449482.0,64.0
-32.07,1625449482.0,64.0
-31.42,1625449482.0,64.0
-30.82,1625449482.0,64.0
-30.26,1625449482.0,64.0
-29.43,1625449482.0,64.0
-27.93,1625449482.0,64.0
-25.53,1625449482.0,64.0
-22.36,1625449482.0,64.0
-18.8,1625449482.0,64.0
-15.21,1625449482.0,64.0
-11.6,1625449482.0,64.0
-7.64,1625449482.0,64.0
-2.87,1625449482.0,64.0
2.92,1625449482.0,64.0
9.52,1625449482.0,64.0
16.31,1625449482.0,64.0
22.62,1625449482.0,64.0
28.03,1625449482.0,64.0
32.41,1625449482.0,64.0
35.8,1625449482.0,64.0
38.17,1625449482.0,64.0
39.25,1625449482.0,64.0
38.73,1625449482.0,64.0
36.42,1625449482.0,64.0
32.52,1625449482.0,64.0
27.55,1625449482.0,64.0
22.16,1625449482.0,64.0
16.84,1625449482.0,64.0
11.89,1625449482.0,64.0
7.44,1625449482.0,64.0
3.66,1625449482.0,64.0
0.86,1625449482.0,64.0
-0.62,1625449482.0,64.0
-0.62,1625449482.0,64.0
0.68,1625449482.0,64.0
2.72,1625449482.0,64.0
4.81,1625449482.0,64.0
6.38,1625449482.0,64.0
7.2,1625449482.0,64.0
7.3,1625449482.0,64.0
6.82,1625449482.0,64.0
5.73,1625449482.0,64.0
3.84,1625449482.0,64.0
0.92,1625449482.0,64.0
-3.09,1625449482.0,64.0
-7.9,1625449482.0,64.0
-12.93,1625449482.0,64.0
-17.55,1625449482.0,64.0
-21.34,1625449482.0,64.0
-24.27,1625449482.0,64.0
-26.6,1625449482.0,64.0
-28.73,1625449482.0,64.0
-30.98,1625449482.0,64.0
-33.46,1625449482.0,64.0
-36.1,1625449482.0,64.0
-38.67,1625449482.0,64.0
-40.89,1625449482.0,64.0
-42.43,1625449482.0,64.0
-42.88,1625449482.0,64.0
-41.8,1625449482.0,64.0
-38.85,1625449482.0,64.0
-33.84,1625449482.0,64.0
-26.89,1625449482.0,64.0
-18.37,1625449482.0,64.0
-8.82,1625449482.0,64.0
1.19,1625449482.0,64.0
11.07,1625449482.0,64.0
20.22,1625449482.0,64.0
28.04,1625449482.0,64.0
33.93,1625449482.0,64.0
37.5,1625449482.0,64.0
38.67,1625449482.0,64.0
37.86,1625449482.0,64.0
35.84,1625449482.0,64.0
33.48,1625449482.0,64.0
31.46,1625449482.0,64.0
30.02,1625449482.0,64.0
28.99,1625449482.0,64.0
28.01,1625449482.0,64.0
26.8,1625449482.0,64.0
25.29,1625449482.0,64.0
23.66,1625449482.0,64.0
22.15,1625449482.0,64.0
20.9,1625449482.0,64.0
19.82,1625449482.0,64.0
18.68,1625449482.0,64.0
17.22,1625449482.0,64.0
15.25,1625449482.0,64.0
12.73,1625449482.0,64.0
9.75,1625449482.0,64.0
6.44,1625449482.0,64.0
2.97,1625449482.0,64.0
-0.51,1625449482.0,64.0
-3.86,1625449482.0,64.0
-6.98,1625449482.0,64.0
-9.84,1625449482.0,64.0
-12.48,1625449482.0,64.0
-14.99,1625449482.0,64.0
-17.45,1625449482.0,64.0
-19.92,1625449482.0,64.0
-22.41,1625449482.0,64.0
-24.85,1625449482.0,64.0
-27.11,1625449482.0,64.0
-28.99,1625449482.0,64.0
-30.31,1625449482.0,64.0
-31.01,1625449482.0,64.0
-31.2,1625449482.0,64.0
-31.25,1625449482.0,64.0
-31.59,1625449482.0,64.0
-32.47,1625449482.0,64.0
-33.75,1625449482.0,64.0
-34.83,1625449482.0,64.0
-34.86,1625449482.0,64.0
-33.07,1625449482.0,64.0
-29.17,1625449482.0,64.0
-23.49,1625449482.0,64.0
-16.8,1625449482.0,64.0
-9.99,1625449482.0,64.0
-3.63,1625449482.0,64.0
2.16,1625449482.0,64.0
7.63,1625449482.0,64.0
13.05,1625449482.0,64.0
18.5,1625449482.0,64.0
23.73,1625449482.0,64.0
28.4,1625449482.0,64.0
32.24,1625449482.0,64.0
35.24,1625449482.0,64.0
37.49,1625449482.0,64.0
39.09,1625449482.0,64.0
39.9,1625449482.0,64.0
39.64,1625449482.0,64.0
38.05,1625449482.0,64.0
35.13,1625449482.0,64.0
31.25,1625449482.0,64.0
27.07,1625449482.0,64.0
23.31,1625449482.0,64.0
20.49,1625449482.0,64.0
18.82,1625449482.0,64.0
18.16,1625449482.0,64.0
18.13,1625449482.0,64.0
18.14,1625449482.0,64.0
17.51,1625449482.0,64.0
15.64,1625449482.0,64.0
12.2,1625449482.0,64.0
7.26,1625449482.0,64.0
1.33,1625449482.0,64.0
-4.88,1625449482.0,64.0
-10.72,1625449482.0,64.0
-15.86,1625449482.0,64.0
-20.31,1625449482.0,64.0
-24.26,1625449482.0,64.0
-27.74,1625449482.0,64.0
-30.54,1625449482.0,64.0
-32.21,1625449482.0,64.0
-32.38,1625449482.0,64.0
-30.98,1625449482.0,64.0
-28.42,1625449482.0,64.0
-25.38,1625449482.0,64.0
-22.62,1625449482.0,64.0
-20.69,1625449482.0,64.0
-19.83,1625449482.0,64.0
-20.09,1625449482.0,64.0
-21.47,1625449482.0,64.0
-23.98,1625449482.0,64.0
-27.52,1625449482.0,64.0
-31.74,1625449482.0,64.0
-35.93,1625449482.0,64.0
-39.1,1625449482.0,64.0
-40.29,1625449482.0,64.0
-38.96,1625449482.0,64.0
-35.16,1625449482.0,64.0
-29.48,1625449482.0,64.0
-22.79,1625449482.0,64.0
-15.81,1625449482.0,64.0
-8.89,1625449482.0,64.0
-2.04,1625449482.0,64.0
4.88,1625449482.0,64.0
11.81,1625449482.0,64.0
18.39,1625449482.0,64.0
24.05,1625449482.0,64.0
28.21,1625449482.0,64.0
30.64,1625449482.0,64.0
31.54,1625449482.0,64.0
31.46,1625449482.0,64.0
31.05,1625449482.0,64.0
30.8,1625449482.0,64.0
30.81,1625449482.0,64.0
30.87,1625449482.0,64.0
30.58,1625449482.0,64.0
29.57,1625449482.0,64.0
27.69,1625449482.0,64.0
25.05,1625449482.0,64.0
21.94,1625449482.0,64.0
18.71,1625449482.0,64.0
15.67,1625449482.0,64.0
12.98,1625449482.0,64.0
10.71,1625449482.0,64.0
8.8,1625449482.0,64.0
7.22,1625449482.0,64.0
5.93,1625449482.0,64.0
4.94,1625449482.0,64.0
4.23,1625449482.0,64.0
3.75,1625449482.0,64.0
3.34,1625449482.0,64.0
2.79,1625449482.0,64.0
1.88,1625449482.0,64.0
0.52,1625449482.0,64.0
-1.27,1625449482.0,64.0
-3.32,1625449482.0,64.0
-5.42,1625449482.0,64.0
-7.46,1625449482.0,64.0
-9.45,1625449482.0,64.0
-11.51,1625449482.0,64.0
-13.79,1625449482.0,64.0
-16.35,1625449482.0,64.0
-19.12,1625449482.0,64.0
-21.99,1625449482.0,64.0
-24.88,1625449482.0,64.0
-27.78,1625449482.0,64.0
-30.65,1625449482.0,64.0
-33.32,1625449482.0,64.0
-35.34,1625449482.0,64.0
-36.1,1625449482.0,64.0
-35.03,1625449482.0,64.0
-31.84,1625449482.0,64.0
-26.74,1625449482.0,64.0
-20.3,1625449482.0,64.0
-13.29,1625449482.0,64.0
-6.38,1625449482.0,64.0
0.05,1625449482.0,64.0
5.85,1625449482.0,64.0
10.99,1625449482.0,64.0
15.37,1625449482.0,64.0
18.77,1625449482.0,64.0
21.0,1625449482.0,64.0
22.04,1625449482.0,64.0
22.13,1625449482.0,64.0
21.69,1625449482.0,64.0
21.18,1625449482.0,64.0
20.83,1625449482.0,64.0
20.57,1625449482.0,64.0
20.08,1625449482.0,64.0
19.01,1625449482.0,64.0
17.25,1625449482.0,64.0
15.03,1625449482.0,64.0
12.94,1625449482.0,64.0
11.63,1625449482.0,64.0
11.5,1625449482.0,64.0
12.5,1625449482.0,64.0
14.11,1625449482.0,64.0
15.61,1625449482.0,64.0
16.38,1625449482.0,64.0
16.17,1625449482.0,64.0
15.07,1625449482.0,64.0
13.39,1625449482.0,64.0
11.35,1625449482.0,64.0
9.04,1625449482.0,64.0
6.32,1625449482.0,64.0
3.12,1625449482.0,64.0
-0.54,1625449482.0,64.0
-4.42,1625449482.0,64.0
-8.14,1625449482.0,64.0
-11.35,1625449482.0,64.0
-13.74,1625449482.0,64.0
-15.12,1625449482.0,64.0
-15.43,1625449482.0,64.0
-14.79,1625449482.0,64.0
-13.59,1625449482.0,64.0
-12.5,1625449482.0,64.0
-12.4,1625449482.0,64.0
-14.05,1625449482.0,64.0
-17.82,1625449482.0,64.0
-23.34,1625449482.0,64.0
-29.58,1625449482.0,64.0
-35.11,1625449482.0,64.0
-38.57,1625449482.0,64.0
-39.13,1625449482.0,64.0
-36.67,1625449482.0,64.0
-31.69,1625449482.0,64.0
-25.0,1625449482.0,64.0
-17.39,1625449482.0,64.0
-9.44,1625449482.0,64.0
-1.52,1625449482.0,64.0
6.01,1625449482.0,64.0
12.77,1625449482.0,64.0
18.3,1625449482.0,64.0
22.28,1625449482.0,64.0
24.61,1625449482.0,64.0
25.5,1625449482.0,64.0
25.4,1625449482.0,64.0
24.73,1625449482.0,64.0
23.79,1625449482.0,64.0
22.68,1625449482.0,64.0
21.35,1625449482.0,64.0
19.73,1625449482.0,64.0
17.86,1625449482.0,64.0
15.87,1625449482.0,64.0
13.98,1625449482.0,64.0
12.38,1625449482.0,64.0
11.2,1625449482.0,64.0
10.47,1625449482.0,64.0
10.12,1625449482.0,64.0
9.98,1625449482.0,64.0
9.83,1625449482.0,64.0
9.42,1625449482.0,64.0
8.55,1625449482.0,64.0
7.13,1625449482.0,64.0
5.21,1625449482.0,64.0
2.97,1625449482.0,64.0
0.62,1625449482.0,64.0
-1.72,1625449482.0,64.0
-4.02,1625449482.0,64.0
-6.37,1625449482.0,64.0
-8.86,1625449482.0,64.0
-11.56,1625449482.0,64.0
-14.45,1625449482.0,64.0
-17.44,1625449482.0,64.0
-20.43,1625449482.0,64.0
-23.38,1625449482.0,64.0
-26.27,1625449482.0,64.0
-29.12,1625449482.0,64.0
-31.92,1625449482.0,64.0
-34.55,1625449482.0,64.0
-36.79,1625449482.0,64.0
-38.27,1625449482.0,64.0
-38.59,1625449482.0,64.0
-37.44,1625449482.0,64.0
-34.72,1625449482.0,64.0
-30.63,1625449482.0,64.0
-25.57,1625449482.0,64.0
-20.03,1625449482.0,64.0
-14.35,1625449482.0,64.0
-8.64,1625449482.0,64.0
-2.8,1625449482.0,64.0
3.31,1625449482.0,64.0
9.62,1625449482.0,64.0
15.78,1625449482.0,64.0
21.21,1625449482.0,64.0
25.3,1625449482.0,64.0
27.73,1625449482.0,64.0
28.57,1625449482.0,64.0
28.31,1625449482.0,64.0
27.6,1625449482.0,64.0
27.0,1625449482.0,64.0
26.72,1625449482.0,64.0
26.61,1625449482.0,64.0
26.31,1625449482.0,64.0
25.49,1625449482.0,64.0
24.0,1625449482.0,64.0
22.03,1625449482.0,64.0
19.89,1625449482.0,64.0
17.9,1625449482.0,64.0
16.16,1625449482.0,64.0
14.55,1625449482.0,64.0
12.8,1625449482.0,64.0
10.67,1625449482.0,64.0
8.12,1625449482.0,64.0
5.25,1625449482.0,64.0
2.28,1625449482.0,64.0
-0.63,1625449482.0,64.0
-3.51,1625449482.0,64.0
-6.55,1625449482.0,64.0
-9.92,1625449482.0,64.0
-13.62,1625449482.0,64.0
-17.35,1625449482.0,64.0
-20.6,1625449482.0,64.0
-22.88,1625449482.0,64.0
-23.92,1625449482.0,64.0
-23.9,1625449482.0,64.0
-23.29,1625449482.0,64.0
-22.69,1625449482.0,64.0
-22.6,1625449482.0,64.0
-23.32,1625449482.0,64.0
-24.94,1625449482.0,64.0
-27.39,1625449482.0,64.0
-30.47,1625449482.0,64.0
-33.76,1625449482.0,64.0
-36.66,1625449482.0,64.0
-38.4,1625449482.0,64.0
-38.29,1625449482.0,64.0
-35.98,1625449482.0,64.0
-31.5,1625449482.0,64.0
-25.24,1625449482.0,64.0
-17.7,1625449482.0,64.0
-9.26,1625449482.0,64.0
-0.17,1625449482.0,64.0
9.29,1625449482.0,64.0
18.54,1625449482.0,64.0
26.69,1625449482.0,64.0
32.71,1625449482.0,64.0
35.84,1625449482.0,64.0
35.95,1625449482.0,64.0
33.64,1625449482.0,64.0
30.0,1625449482.0,64.0
26.14,1625449482.0,64.0
22.83,1625449482.0,64.0
20.31,1625449482.0,64.0
18.42,1625449482.0,64.0
16.88,1625449482.0,64.0
15.51,1625449482.0,64.0
14.38,1625449482.0,64.0
13.69,1625449482.0,64.0
13.62,1625449482.0,64.0
14.2,1625449482.0,64.0
15.27,1625449482.0,64.0
16.53,1625449482.0,64.0
17.62,1625449482.0,64.0
18.2,1625449482.0,64.0
18.01,1625449482.0,64.0
16.85,1625449482.0,64.0
14.71,1625449482.0,64.0
11.66,1625449482.0,64.0
7.92,1625449482.0,64.0
3.76,1625449482.0,64.0
-0.56,1625449482.0,64.0
-4.79,1625449482.0,64.0
-8.7,1625449482.0,64.0
-12.06,1625449482.0,64.0
-14.61,1625449482.0,64.0
-16.14,1625449482.0,64.0
-16.66,1625449482.0,64.0
-16.45,1625449482.0,64.0
-16.06,1625449482.0,64.0
-16.18,1625449482.0,64.0
-17.35,1625449482.0,64.0
-19.8,1625449482.0,64.0
-23.35,1625449482.0,64.0
-27.53,1625449482.0,64.0
-31.77,1625449482.0,64.0
-35.56,1625449482.0,64.0
-38.55,1625449482.0,64.0
-40.47,1625449482.0,64.0
-41.09,1625449482.0,64.0
-40.19,1625449482.0,64.0
-37.7,1625449482.0,64.0
-33.73,1625449482.0,64.0
-28.62,1625449482.0,64.0
-22.82,1625449482.0,64.0
-16.72,1625449482.0,64.0
-10.57,1625449482.0,64.0
-4.42,1625449482.0,64.0
1.71,1625449482.0,64.0
7.75,1625449482.0,64.0
13.41,1625449482.0,64.0
18.3,1625449482.0,64.0
22.02,1625449482.0,64.0
24.41,1625449482.0,64.0
25.54,1625449482.0,64.0
25.74,1625449482.0,64.0
25.47,1625449482.0,64.0
25.09,1625449482.0,64.0
24.84,1625449482.0,64.0
24.73,1625449482.0,64.0
24.65,1625449482.0,64.0
24.45,1625449482.0,64.0
24.0,1625449482.0,64.0
23.27,1625449482.0,64.0
22.26,1625449482.0,64.0
21.01,1625449482.0,64.0
19.53,1625449482.0,64.0
17.82,1625449482.0,64.0
15.83,1625449482.0,64.0
13.56,1625449482.0,64.0
11.07,1625449482.0,64.0
8.48,1625449482.0,64.0
5.97,1625449482.0,64.0
3.72,1625449482.0,64.0
1.83,1625449482.0,64.0
0.26,1625449482.0,64.0
-1.15,1625449482.0,64.0
-2.56,1625449482.0,64.0
-4.13,1625449482.0,64.0
-5.88,1625449482.0,64.0
-7.7,1625449482.0,64.0
-9.46,1625449482.0,64.0
-11.06,1625449482.0,64.0
-12.49,1625449482.0,64.0
-13.89,1625449482.0,64.0
-15.44,1625449482.0,64.0
-17.32,1625449482.0,64.0
-19.63,1625449482.0,64.0
-22.34,1625449482.0,64.0
-25.23,1625449482.0,64.0
-27.97,1625449482.0,64.0
-30.13,1625449482.0,64.0
-31.27,1625449482.0,64.0
-31.04,1625449482.0,64.0
-29.27,1625449482.0,64.0
-26.02,1625449482.0,64.0
-21.54,1625449482.0,64.0
-16.16,1625449482.0,64.0
-10.22,1625449482.0,64.0
-4.01,1625449482.0,64.0
2.14,1625449482.0,64.0
7.82,1625449482.0,64.0
12.53,1625449482.0,64.0
15.77,1625449482.0,64.0
17.29,1625449482.0,64.0
17.26,1625449482.0,64.0
16.32,1625449482.0,64.0
15.37,1625449482.0,64.0
15.23,1625449482.0,64.0
16.34,1625449482.0,64.0
18.58,1625449482.0,64.0
21.44,1625449482.0,64.0
24.25,1625449482.0,64.0
26.47,1625449482.0,64.0
27.85,1625449482.0,64.0
28.4,1625449482.0,64.0
28.21,1625449482.0,64.0
27.35,1625449482.0,64.0
25.76,1625449482.0,64.0
23.35,1625449482.0,64.0
20.08,1625449482.0,64.0
16.08,1625449482.0,64.0
11.65,1625449482.0,64.0
7.23,1625449482.0,64.0
3.26,1625449482.0,64.0
0.04,1625449482.0,64.0
-2.26,1625449482.0,64.0
-3.61,1625449482.0,64.0
-4.1,1625449482.0,64.0
-3.83,1625449482.0,64.0
-3.06,1625449482.0,64.0
-2.18,1625449482.0,64.0
-1.79,1625449482.0,64.0
-2.61,1625449482.0,64.0
-5.17,1625449482.0,64.0
-9.64,1625449482.0,64.0
-15.64,1625449482.0,64.0
-22.44,1625449482.0,64.0
-29.18,1625449482.0,64.0
-35.25,1625449482.0,64.0
-40.36,1625449482.0,64.0
-44.45,1625449482.0,64.0
-47.42,1625449482.0,64.0
-48.87,1625449482.0,64.0
-48.22,1625449482.0,64.0
-44.86,1625449482.0,64.0
-38.6,1625449482.0,64.0
-29.76,1625449482.0,64.0
-19.21,1625449482.0,64.0
-8.02,1625449482.0,64.0
2.79,1625449482.0,64.0
12.52,1625449482.0,64.0
20.78,1625449482.0,64.0
27.34,1625449482.0,64.0
32.09,1625449482.0,64.0
34.94,1625449482.0,64.0
35.93,1625449482.0,64.0
35.29,1625449482.0,64.0
33.47,1625449482.0,64.0
31.08,1625449482.0,64.0
28.7,1625449482.0,64.0
26.75,1625449482.0,64.0
25.34,1625449482.0,64.0
24.42,1625449482.0,64.0
23.77,1625449482.0,64.0
23.16,1625449482.0,64.0
22.45,1625449482.0,64.0
21.48,1625449482.0,64.0
20.15,1625449482.0,64.0
18.31,1625449482.0,64.0
15.87,1625449482.0,64.0
12.85,1625449482.0,64.0
9.4,1625449482.0,64.0
5.82,1625449482.0,64.0
2.4,1625449482.0,64.0
-0.62,1625449482.0,64.0
-3.13,1625449482.0,64.0
-5.21,1625449482.0,64.0
-6.99,1625449482.0,64.0
-8.63,1625449482.0,64.0
-10.27,1625449482.0,64.0
-11.96,1625449482.0,64.0
-13.74,1625449482.0,64.0
-15.59,1625449482.0,64.0
-17.52,1625449482.0,64.0
-19.55,1625449482.0,64.0
-21.69,1625449482.0,64.0
-23.96,1625449482.0,64.0
-26.42,1625449482.0,64.0
-29.07,1625449482.0,64.0
-31.85,1625449482.0,64.0
-34.57,1625449482.0,64.0
-36.85,1625449482.0,64.0
-38.25,1625449482.0,64.0
-38.3,1625449482.0,64.0
-36.72,1625449482.0,64.0
-33.48,1625449482.0,64.0
-28.91,1625449482.0,64.0
-23.5,1625449482.0,64.0
-17.72,1625449482.0,64.0
-11.83,1625449482.0,64.0
-5.82,1625449482.0,64.0
0.44,1625449482.0,64.0
6.98,1625449482.0,64.0
13.53,1625449482.0,64.0
19.49,1625449482.0,64.0
24.17,1625449482.0,64.0
27.12,1625449482.0,64.0
28.37,1625449482.0,64.0
28.43,1625449482.0,64.0
28.09,1625449482.0,64.0
28.02,1625449482.0,64.0
28.44,1625449482.0,64.0
29.12,1625449482.0,64.0
29.53,1625449482.0,64.0
29.18,1625449482.0,64.0
27.85,1625449482.0,64.0
25.71,1625449482.0,64.0
23.15,1625449482.0,64.0
20.6,1625449482.0,64.0
18.31,1625449482.0,64.0
16.3,1625449482.0,64.0
14.42,1625449482.0,64.0
12.39,1625449482.0,64.0
10.04,1625449482.0,64.0
7.26,1625449482.0,64.0
4.07,1625449482.0,64.0
0.55,1625449482.0,64.0
-3.14,1625449482.0,64.0
-6.87,1625449482.0,64.0
-10.52,1625449482.0,64.0
-13.94,1625449482.0,64.0
-17.04,1625449482.0,64.0
-19.78,1625449482.0,64.0
-22.27,1625449482.0,64.0
-24.77,1625449482.0,64.0
-27.59,1625449482.0,64.0
-30.97,1625449482.0,64.0
-34.88,1625449482.0,64.0
-39.01,1625449482.0,64.0
-42.84,1625449482.0,64.0
-45.89,1625449482.0,64.0
-47.83,1625449482.0,64.0
-48.56,1625449482.0,64.0
-48.05,1625449482.0,64.0
-46.22,1625449482.0,64.0
-42.87,1625449482.0,64.0
-37.8,1625449482.0,64.0
-31.01,1625449482.0,64.0
-22.92,1625449482.0,64.0
-14.27,1625449482.0,64.0
-5.91,1625449482.0,64.0
1.56,1625449482.0,64.0
8.0,1625449482.0,64.0
13.7,1625449482.0,64.0
19.11,1625449482.0,64.0
24.52,1625449482.0,64.0
29.83,1625449482.0,64.0
34.63,1625449482.0,64.0
38.4,1625449482.0,64.0
40.82,1625449482.0,64.0
41.92,1625449482.0,64.0
41.98,1625449482.0,64.0
41.27,1625449482.0,64.0
39.89,1625449482.0,64.0
37.71,1625449482.0,64.0
34.49,1625449482.0,64.0
30.19,1625449482.0,64.0
25.07,1625449482.0,64.0
19.7,1625449482.0,64.0
14.69,1625449482.0,64.0
10.53,1625449482.0,64.0
7.34,1625449482.0,64.0
4.99,1625449482.0,64.0
3.18,1625449482.0,64.0
1.62,1625449482.0,64.0
0.15,1625449482.0,64.0
-1.29,1625449482.0,64.0
-2.66,1625449482.0,64.0
-3.84,1625449482.0,64.0
-4.72,1625449482.0,64.0
-5.22,1625449482.0,64.0
-5.4,1625449482.0,64.0
-5.4,1625449482.0,64.0
-5.49,1625449482.0,64.0
-5.88,1625449482.0,64.0
-6.67,1625449482.0,64.0
-7.81,1625449482.0,64.0
-9.14,1625449482.0,64.0
-10.58,1625449482.0,64.0
-12.2,1625449482.0,64.0
-14.16,1625449482.0,64.0
-16.63,1625449482.0,64.0
-19.64,1625449482.0,64.0
-23.0,1625449482.0,64.0
-26.42,1625449482.0,64.0
-29.57,1625449482.0,64.0
-32.19,1625449482.0,64.0
-34.09,1625449482.0,64.0
-35.06,1625449482.0,64.0
-34.84,1625449482.0,64.0
-33.17,1625449482.0,64.0
-29.9,1625449482.0,64.0
-25.16,1625449482.0,64.0
-19.33,1625449482.0,64.0
-12.95,1625449482.0,64.0
-6.57,1625449482.0,64.0
-0.5,1625449482.0,64.0
5.15,1625449482.0,64.0
10.44,1625449482.0,64.0
15.34,1625449482.0,64.0
19.71,1625449482.0,64.0
23.29,1625449482.0,64.0
25.88,1625449482.0,64.0
27.43,1625449482.0,64.0
28.15,1625449482.0,64.0
28.42,1625449482.0,64.0
28.56,1625449482.0,64.0
28.76,1625449482.0,64.0
28.98,1625449482.0,64.0
29.03,1625449482.0,64.0
28.72,1625449482.0,64.0
27.94,1625449482.0,64.0
26.73,1625449482.0,64.0
25.22,1625449482.0,64.0
23.57,1625449482.0,64.0
21.9,1625449482.0,64.0
20.27,1625449482.0,64.0
18.66,1625449482.0,64.0
17.04,1625449482.0,64.0
15.32,1625449482.0,64.0
13.44,1625449482.0,64.0
11.39,1625449482.0,64.0
9.2,1625449482.0,64.0
6.94,1625449482.0,64.0
4.68,1625449482.0,64.0
2.45,1625449482.0,64.0
0.22,1625449482.0,64.0
-2.04,1625449482.0,64.0
-4.36,1625449482.0,64.0
-6.72,1625449482.0,64.0
-9.12,1625449482.0,64.0
-11.57,1625449482.0,64.0
-14.04,1625449482.0,64.0
-16.5,1625449482.0,64.0
-18.91,1625449482.0,64.0
-21.24,1625449482.0,64.0
-23.56,1625449482.0,64.0
-26.04,1625449482.0,64.0
-28.86,1625449482.0,64.0
-32.05,1625449482.0,64.0
-35.38,1625449482.0,64.0
-38.32,1625449482.0,64.0
-40.21,1625449482.0,64.0
-40.51,1625449482.0,64.0
-38.92,1625449482.0,64.0
-35.56,1625449482.0,64.0
-30.82,1625449482.0,64.0
-25.3,1625449482.0,64.0
-19.68,1625449482.0,64.0
-14.6,1625449482.0,64.0
-10.56,1625449482.0,64.0
-7.82,1625449482.0,64.0
-6.28,1625449482.0,64.0
-5.51,1625449482.0,64.0
-4.8,1625449482.0,64.0
-3.46,1625449482.0,64.0
-1.01,1625449482.0,64.0
2.68,1625449482.0,64.0
7.38,1625449482.0,64.0
12.66,1625449482.0,64.0
18.02,1625449482.0,64.0
23.02,1625449482.0,64.0
27.3,1625449482.0,64.0
30.61,1625449482.0,64.0
32.76,1625449482.0,64.0
33.74,1625449482.0,64.0
33.74,1625449482.0,64.0
33.11,1625449482.0,64.0
32.3,1625449482.0,64.0
31.74,1625449482.0,64.0
31.69,1625449482.0,64.0
32.2,1625449482.0,64.0
33.11,1625449482.0,64.0
34.09,1625449482.0,64.0
34.76,1625449482.0,64.0
34.77,1625449482.0,64.0
33.85,1625449482.0,64.0
31.87,1625449482.0,64.0
28.86,1625449482.0,64.0
25.0,1625449482.0,64.0
20.61,1625449482.0,64.0
16.08,1625449482.0,64.0
11.81,1625449482.0,64.0
8.08,1625449482.0,64.0
4.95,1625449482.0,64.0
2.29,1625449482.0,64.0
-0.25,1625449482.0,64.0
-3.04,1625449482.0,64.0
-6.33,1625449482.0,64.0
-10.13,1625449482.0,64.0
-14.17,1625449482.0,64.0
-18.03,1625449482.0,64.0
-21.32,1625449482.0,64.0
-23.76,1625449482.0,64.0
-25.36,1625449482.0,64.0
-26.33,1625449482.0,64.0
-27.12,1625449482.0,64.0
-28.27,1625449482.0,64.0
-30.29,1625449482.0,64.0
-33.42,1625449482.0,64.0
-37.44,1625449482.0,64.0
-41.59,1625449482.0,64.0
-44.75,1625449482.0,64.0
-45.75,1625449482.0,64.0
-43.87,1625449482.0,64.0
-39.1,1625449482.0,64.0
-32.12,1625449482.0,64.0
-23.95,1625449482.0,64.0
-15.53,1625449482.0,64.0
-7.38,1625449482.0,64.0
0.42,1625449482.0,64.0
7.92,1625449482.0,64.0
15.03,1625449482.0,64.0
21.41,1625449482.0,64.0
26.49,1625449482.0,64.0
29.83,1625449482.0,64.0
31.35,1625449482.0,64.0
31.35,1625449482.0,64.0
30.42,1625449482.0,64.0
29.19,1625449482.0,64.0
28.05,1625449482.0,64.0
27.09,1625449482.0,64.0
26.24,1625449482.0,64.0
25.36,1625449482.0,64.0
24.4,1625449482.0,64.0
23.45,1625449482.0,64.0
22.65,1625449482.0,64.0
22.08,1625449482.0,64.0
21.69,1625449482.0,64.0
21.28,1625449482.0,64.0
20.59,1625449482.0,64.0
19.41,1625449482.0,64.0
17.62,1625449482.0,64.0
15.2,1625449482.0,64.0
12.25,1625449482.0,64.0
8.86,1625449482.0,64.0
5.15,1625449482.0,64.0
1.22,1625449482.0,64.0
-2.81,1625449482.0,64.0
-6.77,1625449482.0,64.0
-10.47,1625449482.0,64.0
-13.7,1625449482.0,64.0
-16.34,1625449482.0,64.0
-18.42,1625449482.0,64.0
-20.15,1625449482.0,64.0
-21.85,1625449482.0,64.0
-23.8,1625449482.0,64.0
-26.13,1625449482.0,64.0
-28.77,1625449482.0,64.0
-31.5,1625449482.0,64.0
-34.05,1625449482.0,64.0
-36.13,1625449482.0,64.0
-37.54,1625449482.0,64.0
-38.05,1625449482.0,64.0
-37.51,1625449482.0,64.0
-35.83,1625449482.0,64.0
-33.04,1625449482.0,64.0
-29.35,1625449482.0,64.0
-25.06,1625449482.0,64.0
-20.42,1625449482.0,64.0
-15.46,1625449482.0,64.0
-10.04,1625449482.0,64.0
-3.95,1625449482.0,64.0
2.8,1625449482.0,64.0
9.83,1625449482.0,64.0
16.44,1625449482.0,64.0
21.85,1625449482.0,64.0
25.52,1625449482.0,64.0
27.45,1625449482.0,64.0
28.1,1625449482.0,64.0
28.15,1625449482.0,64.0
28.17,1625449482.0,64.0
28.37,1625449482.0,64.0
28.53,1625449482.0,64.0
28.31,1625449482.0,64.0
27.41,1625449482.0,64.0
25.83,1625449482.0,64.0
23.78,1625449482.0,64.0
21.55,1625449482.0,64.0
19.31,1625449482.0,64.0
17.06,1625449482.0,64.0
14.69,1625449482.0,64.0
12.11,1625449482.0,64.0
9.41,1625449482.0,64.0
6.79,1625449482.0,64.0
4.45,1625449482.0,64.0
2.44,1625449482.0,64.0
0.64,1625449482.0,64.0
-1.16,1625449482.0,64.0
-3.17,1625449482.0,64.0
-5.47,1625449482.0,64.0
-8.0,1625449482.0,64.0
-10.55,1625449482.0,64.0
-12.94,1625449482.0,64.0
-15.04,1625449482.0,64.0
-16.88,1625449482.0,64.0
-18.6,1625449482.0,64.0
-20.45,1625449482.0,64.0
-22.63,1625449482.0,64.0
-25.27,1625449482.0,64.0
-28.35,1625449482.0,64.0
-31.74,1625449482.0,64.0
-35.2,1625449482.0,64.0
-38.3,1625449482.0,64.0
-40.55,1625449482.0,64.0
-41.35,1625449482.0,64.0
-40.2,1625449482.0,64.0
-36.92,1625449482.0,64.0
-31.79,1625449482.0,64.0
-25.53,1625449482.0,64.0
-19.1,1625449482.0,64.0
-13.27,1625449482.0,64.0
-8.26,1625449482.0,64.0
-3.72,1625449482.0,64.0
1.1,1625449482.0,64.0
6.79,1625449482.0,64.0
13.43,1625449482.0,64.0
20.42,1625449482.0,64.0
26.79,1625449482.0,64.0
31.67,1625449482.0,64.0
34.69,1625449482.0,64.0
36.04,1625449482.0,64.0
36.27,1625449482.0,64.0
35.87,1625449482.0,64.0
34.98,1625449482.0,64.0
33.42,1625449482.0,64.0
30.91,1625449482.0,64.0
27.36,1625449482.0,64.0
23.04,1625449482.0,64.0
18.47,1625449482.0,64.0
14.17,1625449482.0,64.0
10.39,1625449482.0,64.0
7.12,1625449482.0,64.0
4.17,1625449482.0,64.0
1.41,1625449482.0,64.0
-1.04,1625449482.0,64.0
-2.87,1625449482.0,64.0
-3.67,1625449482.0,64.0
-3.25,1625449482.0,64.0
-1.7,1625449482.0,64.0
0.51,1625449482.0,64.0
2.66,1625449482.0,64.0
4.05,1625449482.0,64.0
4.18,1625449482.0,64.0
2.95,1625449482.0,64.0
0.61,1625449482.0,64.0
-2.35,1625449482.0,64.0
-5.51,1625449482.0,64.0
-8.64,1625449482.0,64.0
-11.79,1625449482.0,64.0
-15.12,1625449482.0,64.0
-18.72,1625449482.0,64.0
-22.53,1625449482.0,64.0
-26.27,1625449482.0,64.0
-29.62,1625449482.0,64.0
-32.34,1625449482.0,64.0
-34.28,1625449482.0,64.0
-35.37,1625449482.0,64.0
-35.49,1625449482.0,64.0
-34.41,1625449482.0,64.0
-31.9,1625449482.0,64.0
-27.86,1625449482.0,64.0
-22.49,1625449482.0,64.0
-16.2,1625449482.0,64.0
-9.56,1625449482.0,64.0
-3.01,1625449482.0,64.0
3.15,1625449482.0,64.0
8.83,1625449482.0,64.0
13.93,1625449482.0,64.0
18.33,1625449482.0,64.0
21.78,1625449482.0,64.0
24.1,1625449482.0,64.0
25.25,1625449482.0,64.0
25.46,1625449482.0,64.0
25.14,1625449482.0,64.0
24.74,1625449482.0,64.0
24.54,1625449482.0,64.0
24.54,1625449482.0,64.0
24.53,1625449482.0,64.0
24.18,1625449482.0,64.0
23.29,1625449482.0,64.0
21.85,1625449482.0,64.0
20.02,1625449482.0,64.0
18.02,1625449482.0,64.0
16.06,1625449482.0,64.0
14.22,1625449482.0,64.0
12.45,1625449482.0,64.0
10.62,1625449482.0,64.0
8.63,1625449482.0,64.0
6.44,1625449482.0,64.0
4.13,1625449482.0,64.0
1.82,1625449482.0,64.0
-0.4,1625449482.0,64.0
-2.54,1625449482.0,64.0
-4.69,1625449482.0,64.0
-7.01,1625449482.0,64.0
-9.51,1625449482.0,64.0
-12.11,1625449482.0,64.0
-14.57,1625449482.0,64.0
-16.65,1625449482.0,64.0
-18.29,1625449482.0,64.0
-19.63,1625449482.0,64.0
-20.98,1625449482.0,64.0
-22.61,1625449482.0,64.0
-24.71,1625449482.0,64.0
-27.26,1625449482.0,64.0
-30.17,1625449482.0,64.0
-33.3,1625449482.0,64.0
-36.47,1625449482.0,64.0
-39.4,1625449482.0,64.0
-41.64,1625449482.0,64.0
-42.61,1625449482.0,64.0
-41.74,1625449482.0,64.0
-38.74,1625449482.0,64.0
-33.72,1625449482.0,64.0
-27.21,1625449482.0,64.0
-19.96,1625449482.0,64.0
-12.67,1625449482.0,64.0
-5.79,1625449482.0,64.0
0.56,1625449482.0,64.0
6.49,1625449482.0,64.0
12.13,1625449482.0,64.0
17.59,1625449482.0,64.0
22.84,1625449482.0,64.0
27.82,1625449482.0,64.0
32.48,1625449482.0,64.0
36.83,1625449482.0,64.0
40.82,1625449482.0,64.0
44.32,1625449482.0,64.0
46.92,1625449482.0,64.0
48.06,1625449482.0,64.0
47.25,1625449482.0,64.0
44.36,1625449482.0,64.0
39.82,1625449482.0,64.0
34.55,1625449482.0,64.0
29.61,1625449482.0,64.0
25.75,1625449482.0,64.0
23.12,1625449482.0,64.0
21.26,1625449482.0,64.0
19.54,1625449482.0,64.0
17.5,1625449482.0,64.0
15.19,1625449482.0,64.0
12.95,1625449482.0,64.0
11.13,1625449482.0,64.0
9.68,1625449482.0,64.0
8.11,1625449482.0,64.0
5.76,1625449482.0,64.0
2.22,1625449482.0,64.0
-2.36,1625449482.0,64.0
-7.34,1625449482.0,64.0
-11.91,1625449482.0,64.0
-15.56,1625449482.0,64.0
-18.27,1625449482.0,64.0
-20.48,1625449482.0,64.0
-22.73,1625449482.0,64.0
-25.29,1625449482.0,64.0
-27.98,1625449482.0,64.0
-30.32,1625449482.0,64.0
-31.76,1625449482.0,64.0
-31.96,1625449482.0,64.0
-30.95,1625449482.0,64.0
-28.99,1625449482.0,64.0
-26.39,1625449482.0,64.0
-23.38,1625449482.0,64.0
-20.08,1625449482.0,64.0
-16.57,1625449482.0,64.0
-13.05,1625449482.0,64.0
-9.78,1625449482.0,64.0
-6.95,1625449482.0,64.0
-4.56,1625449482.0,64.0
-2.31,1625449482.0,64.0
0.23,1625449482.0,64.0
3.38,1625449482.0,64.0
7.17,1625449482.0,64.0
11.26,1625449482.0,64.0
15.16,1625449482.0,64.0
18.46,1625449482.0,64.0
21.0,1625449482.0,64.0
22.92,1625449482.0,64.0
24.41,1625449482.0,64.0
25.64,1625449482.0,64.0
26.57,1625449482.0,64.0
27.07,1625449482.0,64.0
26.99,1625449482.0,64.0
26.3,1625449482.0,64.0
25.07,1625449482.0,64.0
23.45,1625449482.0,64.0
21.59,1625449482.0,64.0
19.5,1625449482.0,64.0
17.17,1625449482.0,64.0
14.56,1625449482.0,64.0
11.74,1625449482.0,64.0
8.85,1625449482.0,64.0
6.17,1625449482.0,64.0
3.97,1625449482.0,64.0
2.44,1625449482.0,64.0
1.61,1625449482.0,64.0
1.28,1625449482.0,64.0
1.11,1625449482.0,64.0
0.71,1625449482.0,64.0
-0.23,1625449482.0,64.0
-1.85,1625449482.0,64.0
-4.11,1625449482.0,64.0
-6.84,1625449482.0,64.0
-9.81,1625449482.0,64.0
-12.87,1625449482.0,64.0
-16.0,1625449482.0,64.0
-19.25,1625449482.0,64.0
-22.73,1625449482.0,64.0
-26.41,1625449482.0,64.0
-30.1,1625449482.0,64.0
-33.45,1625449482.0,64.0
-35.93,1625449482.0,64.0
-37.09,1625449482.0,64.0
-36.61,1625449482.0,64.0
-34.41,1625449482.0,64.0
-30.68,1625449482.0,64.0
-25.74,1625449482.0,64.0
-19.97,1625449482.0,64.0
-13.68,1625449482.0,64.0
-7.14,1625449482.0,64.0
-0.58,1625449482.0,64.0
5.68,1625449482.0,64.0
11.29,1625449482.0,64.0
15.91,1625449482.0,64.0
19.37,1625449482.0,64.0
21.71,1625449482.0,64.0
23.17,1625449482.0,64.0
24.06,1625449482.0,64.0
24.64,1625449482.0,64.0
24.99,1625449482.0,64.0
25.02,1625449482.0,64.0
24.6,1625449482.0,64.0
23.61,1625449482.0,64.0
22.1,1625449482.0,64.0
20.18,1625449482.0,64.0
18.03,1625449482.0,64.0
15.83,1625449482.0,64.0
13.69,1625449482.0,64.0
11.7,1625449482.0,64.0
9.93,1625449482.0,64.0
8.46,1625449482.0,64.0
7.28,1625449482.0,64.0
6.36,1625449482.0,64.0
5.58,1625449482.0,64.0
4.83,1625449482.0,64.0
4.0,1625449482.0,64.0
3.05,1625449482.0,64.0
1.86,1625449482.0,64.0
0.3,1625449482.0,64.0
-1.86,1625449482.0,64.0
-4.82,1625449482.0,64.0
-8.57,1625449482.0,64.0
-12.85,1625449482.0,64.0
-17.09,1625449482.0,64.0
-20.72,1625449482.0,64.0
-23.31,1625449482.0,64.0
-24.86,1625449482.0,64.0
-25.8,1625449482.0,64.0
-26.75,1625449482.0,64.0
-28.24,1625449482.0,64.0
-30.46,1625449482.0,64.0
-33.19,1625449482.0,64.0
-35.88,1625449482.0,64.0
-37.85,1625449482.0,64.0
-38.43,1625449482.0,64.0
-37.07,1625449482.0,64.0
-33.46,1625449482.0,64.0
-27.6,1625449482.0,64.0
-19.89,1625449482.0,64.0
-11.05,1625449482.0,64.0
-2.0,1625449482.0,64.0
6.45,1625449482.0,64.0
13.74,1625449482.0,64.0
19.66,1625449482.0,64.0
24.24,1625449482.0,64.0
27.51,1625449482.0,64.0
29.49,1625449482.0,64.0
30.15,1625449482.0,64.0
29.65,1625449482.0,64.0
28.31,1625449482.0,64.0
26.63,1625449482.0,64.0
25.03,1625449482.0,64.0
23.62,1625449482.0,64.0
22.22,1625449482.0,64.0
20.52,1625449482.0,64.0
18.3,1625449482.0,64.0
15.63,1625449482.0,64.0
12.9,1625449482.0,64.0
10.57,1625449482.0,64.0
8.96,1625449482.0,64.0
8.15,1625449482.0,64.0
7.94,1625449482.0,64.0
8.02,1625449482.0,64.0
8.08,1625449482.0,64.0
7.86,1625449482.0,64.0
7.25,1625449482.0,64.0
6.15,1625449482.0,64.0
4.51,1625449482.0,64.0
2.3,1625449482.0,64.0
-0.4,1625449482.0,64.0
-3.43,1625449482.0,64.0
-6.5,1625449482.0,64.0
-9.33,1625449482.0,64.0
-11.68,1625449482.0,64.0
-13.49,1625449482.0,64.0
-14.86,1625449482.0,64.0
-16.03,1625449482.0,64.0
-17.21,1625449482.0,64.0
-18.57,1625449482.0,64.0
-20.17,1625449482.0,64.0
-21.99,1625449482.0,64.0
-23.98,1625449482.0,64.0
-26.04,1625449482.0,64.0
-27.98,1625449482.0,64.0
-29.49,1625449482.0,64.0
-30.16,1625449482.0,64.0
-29.55,1625449482.0,64.0
-27.38,1625449482.0,64.0
-23.65,1625449482.0,64.0
-18.6,1625449482.0,64.0
-12.64,1625449482.0,64.0
-6.2,1625449482.0,64.0
0.4,1625449482.0,64.0
6.91,1625449482.0,64.0
13.12,1625449482.0,64.0
18.73,1625449482.0,64.0
23.44,1625449482.0,64.0
26.97,1625449482.0,64.0
29.23,1625449482.0,64.0
30.39,1625449482.0,64.0
30.81,1625449482.0,64.0
30.89,1625449482.0,64.0
30.87,1625449482.0,64.0
30.73,1625449482.0,64.0
30.26,1625449482.0,64.0
29.15,1625449482.0,64.0
27.2,1625449482.0,64.0
24.44,1625449482.0,64.0
21.15,1625449482.0,64.0
17.73,1625449482.0,64.0
14.58,1625449482.0,64.0
11.91,1625449482.0,64.0
9.75,1625449482.0,64.0
7.94,1625449482.0,64.0
6.26,1625449482.0,64.0
4.57,1625449482.0,64.0
2.86,1625449482.0,64.0
1.19,1625449482.0,64.0
-0.29,1625449482.0,64.0
-1.57,1625449482.0,64.0
-2.73,1625449482.0,64.0
-4.01,1625449482.0,64.0
-5.64,1625449482.0,64.0
-7.77,1625449482.0,64.0
-10.32,1625449482.0,64.0
-13.0,1625449482.0,64.0
-15.47,1625449482.0,64.0
-17.55,1625449482.0,64.0
-19.34,1625449482.0,64.0
-21.2,1625449482.0,64.0
-23.6,1625449482.0,64.0
-26.89,1625449482.0,64.0
-31.06,1625449482.0,64.0
-35.83,1625449482.0,64.0
-40.63,1625449482.0,64.0
-44.83,1625449482.0,64.0
-47.9,1625449482.0,64.0
-49.37,1625449482.0,64.0
-48.98,1625449482.0,64.0
-46.63,1625449482.0,64.0
-42.5,1625449482.0,64.0
-37.06,1625449482.0,64.0
-30.93,1625449482.0,64.0
-24.65,1625449482.0,64.0
-18.4,1625449482.0,64.0
-11.9,1625449482.0,64.0
-4.57,1625449482.0,64.0
4.08,1625449482.0,64.0
14.07,1625449482.0,64.0
24.82,1625449482.0,64.0
35.22,1625449482.0,64.0
44.08,1625449482.0,64.0
50.44,1625449482.0,64.0
53.87,1625449482.0,64.0
54.42,1625449482.0,64.0
52.43,1625449482.0,64.0
48.33,1625449482.0,64.0
42.57,1625449482.0,64.0
35.65,1625449482.0,64.0
28.24,1625449482.0,64.0
21.2,1625449482.0,64.0
15.44,1625449482.0,64.0
11.68,1625449482.0,64.0
10.24,1625449482.0,64.0
10.86,1625449482.0,64.0
12.76,1625449482.0,64.0
14.95,1625449482.0,64.0
16.44,1625449482.0,64.0
16.62,1625449482.0,64.0
15.33,1625449482.0,64.0
12.82,1625449482.0,64.0
9.57,1625449482.0,64.0
6.06,1625449482.0,64.0
2.59,1625449482.0,64.0
-0.76,1625449482.0,64.0
-4.05,1625449482.0,64.0
-7.41,1625449482.0,64.0
-10.85,1625449482.0,64.0
-14.23,1625449482.0,64.0
-17.3,1625449482.0,64.0
-19.79,1625449482.0,64.0
-21.59,1625449482.0,64.0
-22.78,1625449482.0,64.0
-23.69,1625449482.0,64.0
-24.77,1625449482.0,64.0
-26.49,1625449482.0,64.0
-29.19,1625449482.0,64.0
-32.97,1625449482.0,64.0
-37.66,1625449482.0,64.0
-42.8,1625449482.0,64.0
-47.71,1625449482.0,64.0
-51.61,1625449482.0,64.0
-53.7,1625449482.0,64.0
-53.39,1625449482.0,64.0
-50.39,1625449482.0,64.0
-44.79,1625449482.0,64.0
-36.97,1625449482.0,64.0
-27.54,1625449482.0,64.0
-17.09,1625449482.0,64.0
-6.26,1625449482.0,64.0
4.35,1625449482.0,64.0
14.05,1625449482.0,64.0
22.16,1625449482.0,64.0
28.03,1625449482.0,64.0
31.32,1625449482.0,64.0
32.1,1625449482.0,64.0
30.89,1625449482.0,64.0
28.55,1625449482.0,64.0
26.01,1625449482.0,64.0
23.98,1625449482.0,64.0
22.85,1625449482.0,64.0
22.67,1625449482.0,64.0
23.3,1625449482.0,64.0
24.46,1625449482.0,64.0
25.88,1625449482.0,64.0
27.31,1625449482.0,64.0
28.49,1625449482.0,64.0
29.26,1625449482.0,64.0
29.5,1625449482.0,64.0
29.19,1625449482.0,64.0
28.34,1625449482.0,64.0
26.99,1625449482.0,64.0
25.11,1625449482.0,64.0
22.69,1625449482.0,64.0
19.75,1625449482.0,64.0
16.45,1625449482.0,64.0
13.06,1625449482.0,64.0
9.87,1625449482.0,64.0
7.07,1625449482.0,64.0
4.65,1625449482.0,64.0
2.42,1625449482.0,64.0
0.16,1625449482.0,64.0
-2.25,1625449482.0,64.0
-4.75,1625449482.0,64.0
-7.19,1625449482.0,64.0
-9.43,1625449482.0,64.0
-11.54,1625449482.0,64.0
-13.69,1625449482.0,64.0
-16.09,1625449482.0,64.0
-18.8,1625449482.0,64.0
-21.67,1625449482.0,64.0
-24.43,1625449482.0,64.0
-26.87,1625449482.0,64.0
-28.93,1625449482.0,64.0
-30.71,1625449482.0,64.0
-32.3,1625449482.0,64.0
-33.65,1625449482.0,64.0
-34.5,1625449482.0,64.0
-34.46,1625449482.0,64.0
-33.16,1625449482.0,64.0
-30.36,1625449482.0,64.0
-26.0,1625449482.0,64.0
-20.13,1625449482.0,64.0
-12.92,1625449482.0,64.0
-4.69,1625449482.0,64.0
4.06,1625449482.0,64.0
12.61,1625449482.0,64.0
20.18,1625449482.0,64.0
26.1,1625449482.0,64.0
30.06,1625449482.0,64.0
32.14,1625449482.0,64.0
32.75,1625449482.0,64.0
32.42,1625449482.0,64.0
31.56,1625449482.0,64.0
30.45,1625449482.0,64.0
29.17,1625449482.0,64.0
27.71,1625449482.0,64.0
26.07,1625449482.0,64.0
24.34,1625449482.0,64.0
22.61,1625449482.0,64.0
21.06,1625449482.0,64.0
19.8,1625449482.0,64.0
18.86,1625449482.0,64.0
18.15,1625449482.0,64.0
17.45,1625449482.0,64.0
16.5,1625449482.0,64.0
15.05,1625449482.0,64.0
12.94,1625449482.0,64.0
10.13,1625449482.0,64.0
6.7,1625449482.0,64.0
2.82,1625449482.0,64.0
-1.21,1625449482.0,64.0
-5.02,1625449482.0,64.0
-8.18,1625449482.0,64.0
-10.33,1625449482.0,64.0
-11.3,1625449482.0,64.0
-11.2,1625449482.0,64.0
-10.41,1625449482.0,64.0
-9.47,1625449482.0,64.0
-8.81,1625449482.0,64.0
-8.72,1625449482.0,64.0
-9.21,1625449482.0,64.0
-10.21,1625449482.0,64.0
-11.65,1625449482.0,64.0
-13.51,1625449482.0,64.0
-15.78,1625449482.0,64.0
-18.36,1625449482.0,64.0
-20.92,1625449482.0,64.0
-22.96,1625449482.0,64.0
-23.93,1625449482.0,64.0
-23.39,1625449482.0,64.0
-21.17,1625449482.0,64.0
-17.35,1625449482.0,64.0
-12.28,1625449482.0,64.0
-6.46,1625449482.0,64.0
-0.55,1625449482.0,64.0
4.74,1625449482.0,64.0
8.8,1625449482.0,64.0
11.17,1625449482.0,64.0
11.75,1625449482.0,64.0
10.83,1625449482.0,64.0
8.97,1625449482.0,64.0
6.85,1625449482.0,64.0
5.08,1625449482.0,64.0
4.08,1625449482.0,64.0
4.13,1625449482.0,64.0
5.35,1625449482.0,64.0
7.74,1625449482.0,64.0
11.17,1625449482.0,64.0
15.22,1625449482.0,64.0
19.28,1625449482.0,64.0
22.61,1625449482.0,64.0
24.61,1625449482.0,64.0
25.01,1625449482.0,64.0
24.01,1625449482.0,64.0
22.11,1625449482.0,64.0
19.87,1625449482.0,64.0
17.66,1625449482.0,64.0
15.44,1625449482.0,64.0
12.91,1625449482.0,64.0
9.72,1625449482.0,64.0
5.72,1625449482.0,64.0
1.12,1625449482.0,64.0
-3.64,1625449482.0,64.0
-8.06,1625449482.0,64.0
-11.88,1625449482.0,64.0
-15.12,1625449482.0,64.0
-18.03,1625449482.0,64.0
-20.91,1625449482.0,64.0
-23.87,1625449482.0,64.0
-26.85,1625449482.0,64.0
-29.62,1625449482.0,64.0
-31.98,1625449482.0,64.0
-33.81,1625449482.0,64.0
-35.14,1625449482.0,64.0
-36.04,1625449482.0,64.0
-36.55,1625449482.0,64.0
-36.62,1625449482.0,64.0
-36.13,1625449482.0,64.0
-34.92,1625449482.0,64.0
-32.9,1625449482.0,64.0
-30.04,1625449482.0,64.0
-26.41,1625449482.0,64.0
-22.18,1625449482.0,64.0
-17.49,1625449482.0,64.0
-12.46,1625449482.0,64.0
-7.14,1625449482.0,64.0
-1.51,1625449482.0,64.0
4.4,1625449482.0,64.0
10.41,1625449482.0,64.0
16.15,1625449482.0,64.0
21.09,1625449482.0,64.0
24.74,1625449482.0,64.0
26.87,1625449482.0,64.0
27.64,1625449482.0,64.0
27.54,1625449482.0,64.0
27.23,1625449482.0,64.0
27.23,1625449482.0,64.0
27.68,1625449482.0,64.0
28.42,1625449482.0,64.0
29.06,1625449482.0,64.0
29.29,1625449482.0,64.0
28.96,1625449482.0,64.0
28.07,1625449482.0,64.0
26.7,1625449482.0,64.0
24.87,1625449482.0,64.0
22.56,1625449482.0,64.0
19.75,1625449482.0,64.0
16.51,1625449482.0,64.0
13.01,1625449482.0,64.0
9.52,1625449482.0,64.0
6.27,1625449482.0,64.0
3.39,1625449482.0,64.0
0.92,1625449482.0,64.0
-1.18,1625449482.0,64.0
-3.03,1625449482.0,64.0
-4.75,1625449482.0,64.0
-6.5,1625449482.0,64.0
-8.4,1625449482.0,64.0
-10.54,1625449482.0,64.0
-12.89,1625449482.0,64.0
-15.4,1625449482.0,64.0
-17.97,1625449482.0,64.0
-20.6,1625449482.0,64.0
-23.39,1625449482.0,64.0
-26.44,1625449482.0,64.0
-29.82,1625449482.0,64.0
-33.4,1625449482.0,64.0
-36.77,1625449482.0,64.0
-39.37,1625449482.0,64.0
-40.59,1625449482.0,64.0
-40.03,1625449482.0,64.0
-37.54,1625449482.0,64.0
-33.29,1625449482.0,64.0
-27.71,1625449482.0,64.0
-21.26,1625449482.0,64.0
-14.45,1625449482.0,64.0
-7.62,1625449482.0,64.0
-1.08,1625449482.0,64.0
4.93,1625449482.0,64.0
10.22,1625449482.0,64.0
14.61,1625449482.0,64.0
18.05,1625449482.0,64.0
20.59,1625449482.0,64.0
22.42,1625449482.0,64.0
23.78,1625449482.0,64.0
24.83,1625449482.0,64.0
25.64,1625449482.0,64.0
26.12,1625449482.0,64.0
26.15,1625449482.0,64.0
25.7,1625449482.0,64.0
24.95,1625449482.0,64.0
24.28,1625449482.0,64.0
24.11,1625449482.0,64.0
24.71,1625449482.0,64.0
25.93,1625449482.0,64.0
27.13,1625449482.0,64.0
27.44,1625449482.0,64.0
25.97,1625449482.0,64.0
22.27,1625449482.0,64.0
16.48,1625449482.0,64.0
9.36,1625449482.0,64.0
1.96,1625449482.0,64.0
-4.68,1625449482.0,64.0
-9.86,1625449482.0,64.0
-13.25,1625449482.0,64.0
-14.87,1625449482.0,64.0
-14.93,1625449482.0,64.0
-13.72,1625449482.0,64.0
-11.65,1625449482.0,64.0
-9.3,1625449482.0,64.0
-7.42,1625449482.0,64.0
-6.86,1625449482.0,64.0
-8.27,1625449482.0,64.0
-11.89,1625449482.0,64.0
-17.43,1625449482.0,64.0
-24.18,1625449482.0,64.0
-31.24,1625449482.0,64.0
-37.77,1625449482.0,64.0
-43.21,1625449482.0,64.0
-47.26,1625449482.0,64.0
-49.78,1625449482.0,64.0
-50.7,1625449482.0,64.0
-49.98,1625449482.0,64.0
-47.54,1625449482.0,64.0
-43.41,1625449482.0,64.0
-37.66,1625449482.0,64.0
-30.43,1625449482.0,64.0
-21.95,1625449482.0,64.0
-12.55,1625449482.0,64.0
-2.71,1625449482.0,64.0
6.91,1625449482.0,64.0
15.55,1625449482.0,64.0
22.48,1625449482.0,64.0
27.26,1625449482.0,64.0
29.86,1625449482.0,64.0
30.68,1625449482.0,64.0
30.43,1625449482.0,64.0
29.83,1625449482.0,64.0
29.41,1625449482.0,64.0
29.39,1625449482.0,64.0
29.66,1625449482.0,64.0
29.93,1625449482.0,64.0
29.94,1625449482.0,64.0
29.54,1625449482.0,64.0
28.7,1625449482.0,64.0
27.51,1625449482.0,64.0
26.06,1625449482.0,64.0
24.42,1625449482.0,64.0
22.68,1625449482.0,64.0
20.91,1625449482.0,64.0
19.16,1625449482.0,64.0
17.41,1625449482.0,64.0
15.57,1625449482.0,64.0
13.42,1625449482.0,64.0
10.82,1625449482.0,64.0
7.75,1625449482.0,64.0
4.41,1625449482.0,64.0
1.19,1625449482.0,64.0
-1.55,1625449482.0,64.0
-3.57,1625449482.0,64.0
-4.9,1625449482.0,64.0
-5.82,1625449482.0,64.0
-6.7,1625449482.0,64.0
-7.89,1625449482.0,64.0
-9.56,1625449482.0,64.0
-11.7,1625449482.0,64.0
-14.17,1625449482.0,64.0
-16.77,1625449482.0,64.0
-19.42,1625449482.0,64.0
-22.09,1625449482.0,64.0
-24.81,1625449482.0,64.0
-27.53,1625449482.0,64.0
-30.03,1625449482.0,64.0
-31.9,1625449482.0,64.0
-32.69,1625449482.0,64.0
-32.07,1625449482.0,64.0
-29.95,1625449482.0,64.0
-26.53,1625449482.0,64.0
-22.2,1625449482.0,64.0
-17.34,1625449482.0,64.0
-12.18,1625449482.0,64.0
-6.79,1625449482.0,64.0
-1.19,1625449482.0,64.0
4.48,1625449482.0,64.0
9.86,1625449482.0,64.0
14.45,1625449482.0,64.0
17.79,1625449482.0,64.0
19.65,1625449482.0,64.0
20.22,1625449482.0,64.0
20.06,1625449482.0,64.0
19.85,1625449482.0,64.0
20.13,1625449482.0,64.0
21.06,1625449482.0,64.0
22.41,1625449482.0,64.0
23.63,1625449482.0,64.0
24.19,1625449482.0,64.0
23.82,1625449482.0,64.0
22.57,1625449482.0,64.0
20.76,1625449482.0,64.0
18.68,1625449482.0,64.0
16.55,1625449482.0,64.0
14.41,1625449482.0,64.0
12.28,1625449482.0,64.0
10.29,1625449482.0,64.0
8.66,1625449482.0,64.0
7.62,1625449482.0,64.0
7.17,1625449482.0,64.0
7.08,1625449482.0,64.0
6.9,1625449482.0,64.0
6.24,1625449482.0,64.0
4.98,1625449482.0,64.0
3.31,1625449482.0,64.0
1.51,1625449482.0,64.0
-0.23,1625449482.0,64.0
-2.06,1625449482.0,64.0
-4.29,1625449482.0,64.0
-7.17,1625449482.0,64.0
-10.62,1625449482.0,64.0
-14.26,1625449482.0,64.0
-17.59,1625449482.0,64.0
-20.21,1625449482.0,64.0
-22.02,1625449482.0,64.0
-23.08,1625449482.0,64.0
-23.45,1625449482.0,64.0
-23.0,1625449482.0,64.0
-21.54,1625449482.0,64.0
-18.94,1625449482.0,64.0
-15.41,1625449482.0,64.0
-11.46,1625449482.0,64.0
-7.75,1625449482.0,64.0
-4.7,1625449482.0,64.0
-2.38,1625449482.0,64.0
-0.52,1625449482.0,64.0
1.22,1625449482.0,64.0
2.95,1625449482.0,64.0
4.55,1625449482.0,64.0
5.75,1625449482.0,64.0
6.5,1625449482.0,64.0
7.09,1625449482.0,64.0
8.07,1625449482.0,64.0
10.05,1625449482.0,64.0
13.24,1625449482.0,64.0
17.31,1625449482.0,64.0
21.44,1625449482.0,64.0
24.69,1625449482.0,64.0
26.38,1625449482.0,64.0
26.38,1625449482.0,64.0
25.06,1625449482.0,64.0
23.04,1625449482.0,64.0
20.85,1625449482.0,64.0
18.72,1625449482.0,64.0
16.57,1625449482.0,64.0
14.19,1625449482.0,64.0
11.49,1625449482.0,64.0
8.59,1625449482.0,64.0
5.76,1625449482.0,64.0
3.31,1625449482.0,64.0
1.36,1625449482.0,64.0
-0.17,1625449482.0,64.0
-1.54,1625449482.0,64.0
-3.01,1625449482.0,64.0
-4.77,1625449482.0,64.0
-6.88,1625449482.0,64.0
-9.3,1625449482.0,64.0
-11.96,1625449482.0,64.0
-14.76,1625449482.0,64.0
-17.63,1625449482.0,64.0
-20.56,1625449482.0,64.0
-23.54,1625449482.0,64.0
-26.56,1625449482.0,64.0
-29.57,1625449482.0,64.0
-32.37,1625449482.0,64.0
-34.62,1625449482.0,64.0
-35.88,1625449482.0,64.0
-35.72,1625449482.0,64.0
-33.91,1625449482.0,64.0
-30.53,1625449482.0,64.0
-25.89,1625449482.0,64.0
-20.44,1625449482.0,64.0
-14.62,1625449482.0,64.0
-8.69,1625449482.0,64.0
-2.77,1625449482.0,64.0
3.09,1625449482.0,64.0
8.75,1625449482.0,64.0
13.98,1625449482.0,64.0
18.44,1625449482.0,64.0
21.84,1625449482.0,64.0
24.06,1625449482.0,64.0
25.25,1625449482.0,64.0
25.76,1625449482.0,64.0
26.05,1625449482.0,64.0
26.45,1625449482.0,64.0
27.04,1625449482.0,64.0
27.67,1625449482.0,64.0
28.05,1625449482.0,64.0
27.95,1625449482.0,64.0
27.29,1625449482.0,64.0
26.17,1625449482.0,64.0
24.77,1625449482.0,64.0
23.21,1625449482.0,64.0
21.53,1625449482.0,64.0
19.62,1625449482.0,64.0
17.4,1625449482.0,64.0
14.82,1625449482.0,64.0
11.94,1625449482.0,64.0
8.88,1625449482.0,64.0
5.77,1625449482.0,64.0
2.72,1625449482.0,64.0
-0.17,1625449482.0,64.0
-2.8,1625449482.0,64.0
-5.07,1625449482.0,64.0
-6.95,1625449482.0,64.0
-8.56,1625449482.0,64.0
-10.12,1625449482.0,64.0
-11.96,1625449482.0,64.0
-14.39,1625449482.0,64.0
-17.53,1625449482.0,64.0
-21.24,1625449482.0,64.0
-25.19,1625449482.0,64.0
-28.92,1625449482.0,64.0
-32.03,1625449482.0,64.0
-34.26,1625449482.0,64.0
-35.53,1625449482.0,64.0
-35.87,1625449482.0,64.0
-35.27,1625449482.0,64.0
-33.68,1625449482.0,64.0
-30.99,1625449482.0,64.0
-27.1,1625449482.0,64.0
-22.02,1625449482.0,64.0
-15.91,1625449482.0,64.0
-9.05,1625449482.0,64.0
-1.8,1625449482.0,64.0
5.42,1625449482.0,64.0
12.16,1625449482.0,64.0
17.93,1625449482.0,64.0
22.21,1625449482.0,64.0
24.65,1625449482.0,64.0
25.15,1625449482.0,64.0
24.1,1625449482.0,64.0
22.21,1625449482.0,64.0
20.37,1625449482.0,64.0
19.24,1625449482.0,64.0
19.05,1625449482.0,64.0
19.5,1625449482.0,64.0
19.99,1625449482.0,64.0
19.9,1625449482.0,64.0
18.93,1625449482.0,64.0
17.21,1625449482.0,64.0
15.27,1625449482.0,64.0
13.8,1625449482.0,64.0
13.35,1625449482.0,64.0
14.08,1625449482.0,64.0
15.68,1625449482.0,64.0
17.45,1625449482.0,64.0
18.56,1625449482.0,64.0
18.32,1625449482.0,64.0
16.39,1625449482.0,64.0
12.84,1625449482.0,64.0
8.06,1625449482.0,64.0
2.6,1625449482.0,64.0
-3.0,1625449482.0,64.0
-8.29,1625449482.0,64.0
-12.98,1625449482.0,64.0
-16.94,1625449482.0,64.0
-20.22,1625449482.0,64.0
-23.03,1625449482.0,64.0
-25.75,1625449482.0,64.0
-28.76,1625449482.0,64.0
-32.36,1625449482.0,64.0
-36.53,1625449482.0,64.0
-41.0,1625449482.0,64.0
-45.18,1625449482.0,64.0
-48.36,1625449482.0,64.0
-49.86,1625449482.0,64.0
-49.19,1625449482.0,64.0
-46.18,1625449482.0,64.0
-41.05,1625449482.0,64.0
-34.35,1625449482.0,64.0
-26.76,1625449482.0,64.0
-18.93,1625449482.0,64.0
-11.22,1625449482.0,64.0
-3.71,1625449482.0,64.0
3.65,1625449482.0,64.0
10.89,1625449482.0,64.0
17.79,1625449482.0,64.0
23.89,1625449482.0,64.0
28.65,1625449482.0,64.0
31.7,1625449482.0,64.0
33.06,1625449482.0,64.0
33.13,1625449482.0,64.0
32.5,1625449482.0,64.0
31.72,1625449482.0,64.0
31.09,1625449482.0,64.0
30.61,1625449482.0,64.0
30.12,1625449482.0,64.0
29.43,1625449482.0,64.0
28.47,1625449482.0,64.0
27.32,1625449482.0,64.0
26.06,1625449482.0,64.0
24.78,1625449482.0,64.0
23.42,1625449482.0,64.0
21.82,1625449482.0,64.0
19.81,1625449482.0,64.0
17.24,1625449482.0,64.0
14.16,1625449482.0,64.0
10.74,1625449482.0,64.0
7.26,1625449482.0,64.0
3.98,1625449482.0,64.0
1.02,1625449482.0,64.0
-1.65,1625449482.0,64.0
-4.21,1625449482.0,64.0
-6.85,1625449482.0,64.0
-9.65,1625449482.0,64.0
-12.52,1625449482.0,64.0
-15.25,1625449482.0,64.0
-17.64,1625449482.0,64.0
-19.6,1625449482.0,64.0
-21.28,1625449482.0,64.0
-22.96,1625449482.0,64.0
-24.9,1625449482.0,64.0
-27.26,1625449482.0,64.0
-29.97,1625449482.0,64.0
-32.77,1625449482.0,64.0
-35.3,1625449482.0,64.0
-37.18,1625449482.0,64.0
-38.07,1625449482.0,64.0
-37.75,1625449482.0,64.0
-36.06,1625449482.0,64.0
-33.0,1625449482.0,64.0
-28.69,1625449482.0,64.0
-23.35,1625449482.0,64.0
-17.28,1625449482.0,64.0
-10.81,1625449482.0,64.0
-4.27,1625449482.0,64.0
2.08,1625449482.0,64.0
7.95,1625449482.0,64.0
13.06,1625449482.0,64.0
17.2,1625449482.0,64.0
20.21,1625449482.0,64.0
22.14,1625449482.0,64.0
23.18,1625449482.0,64.0
23.66,1625449482.0,64.0
23.87,1625449482.0,64.0
23.98,1625449482.0,64.0
24.03,1625449482.0,64.0
23.89,1625449482.0,64.0
23.48,1625449482.0,64.0
22.76,1625449482.0,64.0
21.82,1625449482.0,64.0
20.78,1625449482.0,64.0
19.71,1625449482.0,64.0
18.52,1625449482.0,64.0
17.05,1625449482.0,64.0
15.08,1625449482.0,64.0
12.53,1625449482.0,64.0
9.47,1625449482.0,64.0
6.11,1625449482.0,64.0
2.69,1625449482.0,64.0
-0.58,1625449482.0,64.0
-3.56,1625449482.0,64.0
-6.2,1625449482.0,64.0
-8.44,1625449482.0,64.0
-10.25,1625449482.0,64.0
-11.6,1625449482.0,64.0
-12.51,1625449482.0,64.0
-13.0,1625449482.0,64.0
-13.03,1625449482.0,64.0
-12.53,1625449482.0,64.0
-11.45,1625449482.0,64.0
-9.87,1625449482.0,64.0
-8.13,1625449482.0,64.0
-6.86,1625449482.0,64.0
-6.76,1625449482.0,64.0
-8.35,1625449482.0,64.0
-11.7,1625449482.0,64.0
-16.27,1625449482.0,64.0
-21.09,1625449482.0,64.0
-25.0,1625449482.0,64.0
-27.01,1625449482.0,64.0
-26.58,1625449482.0,64.0
-23.72,1625449482.0,64.0
-18.84,1625449482.0,64.0
-12.6,1625449482.0,64.0
-5.67,1625449482.0,64.0
1.43,1625449482.0,64.0
8.38,1625449482.0,64.0
14.86,1625449482.0,64.0
20.5,1625449482.0,64.0
24.62,1625449482.0,64.0
26.38,1625449482.0,64.0
25.0,1625449482.0,64.0
20.16,1625449482.0,64.0
12.42,1625449482.0,64.0
3.2,1625449482.0,64.0
-5.54,1625449482.0,64.0
-11.98,1625449482.0,64.0
-15.0,1625449482.0,64.0
-14.55,1625449482.0,64.0
-11.38,1625449482.0,64.0
-6.6,1625449482.0,64.0
-1.19,1625449482.0,64.0
4.33,1625449482.0,64.0
9.76,1625449482.0,64.0
14.97,1625449482.0,64.0
19.66,1625449482.0,64.0
23.34,1625449482.0,64.0
25.55,1625449482.0,64.0
26.09,1625449482.0,64.0
25.15,1625449482.0,64.0
23.27,1625449482.0,64.0
21.07,1625449482.0,64.0
19.08,1625449482.0,64.0
17.47,1625449482.0,64.0
16.16,1625449482.0,64.0
14.82,1625449482.0,64.0
13.08,1625449482.0,64.0
10.66,1625449482.0,64.0
7.48,1625449482.0,64.0
3.67,1625449482.0,64.0
-0.46,1625449482.0,64.0
-4.53,1625449482.0,64.0
-8.27,1625449482.0,64.0
-11.6,1625449482.0,64.0
-14.63,1625449482.0,64.0
-17.59,1625449482.0,64.0
-20.61,1625449482.0,64.0
-23.59,1625449482.0,64.0
-26.18,1625449482.0,64.0
-27.88,1625449482.0,64.0
-28.24,1625449482.0,64.0
-27.0,1625449482.0,64.0
-24.16,1625449482.0,64.0
-19.89,1625449482.0,64.0
-14.45,1625449482.0,64.0
-8.13,1625449482.0,64.0
-1.23,1625449482.0,64.0
5.85,1625449482.0,64.0
12.57,1625449482.0,64.0
18.3,1625449482.0,64.0
22.5,1625449482.0,64.0
24.92,1625449482.0,64.0
25.65,1625449482.0,64.0
25.17,1625449482.0,64.0
24.13,1625449482.0,64.0
23.15,1625449482.0,64.0
22.58,1625449482.0,64.0
22.48,1625449482.0,64.0
22.59,1625449482.0,64.0
22.56,1625449482.0,64.0
22.1,1625449482.0,64.0
21.09,1625449482.0,64.0
19.65,1625449482.0,64.0
17.96,1625449482.0,64.0
16.21,1625449482.0,64.0
14.44,1625449482.0,64.0
12.59,1625449482.0,64.0
10.58,1625449482.0,64.0
8.36,1625449482.0,64.0
6.02,1625449482.0,64.0
3.67,1625449482.0,64.0
1.45,1625449482.0,64.0
-0.58,1625449482.0,64.0
-2.46,1625449482.0,64.0
-4.28,1625449482.0,64.0
-6.16,1625449482.0,64.0
-8.2,1625449482.0,64.0
-10.48,1625449482.0,64.0
-13.01,1625449482.0,64.0
-15.8,1625449482.0,64.0
-18.85,1625449482.0,64.0
-22.18,1625449482.0,64.0
-25.86,1625449482.0,64.0
-29.96,1625449482.0,64.0
-34.49,1625449482.0,64.0
-39.25,1625449482.0,64.0
-43.81,1625449482.0,64.0
-47.52,1625449482.0,64.0
-49.66,1625449482.0,64.0
-49.66,1625449482.0,64.0
-47.34,1625449482.0,64.0
-42.95,1625449482.0,64.0
-37.07,1625449482.0,64.0
-30.41,1625449482.0,64.0
-23.55,1625449482.0,64.0
-16.84,1625449482.0,64.0
-10.36,1625449482.0,64.0
-4.01,1625449482.0,64.0
2.33,1625449482.0,64.0
8.7,1625449482.0,64.0
14.98,1625449482.0,64.0
20.93,1625449482.0,64.0
26.23,1625449482.0,64.0
30.6,1625449482.0,64.0
33.95,1625449482.0,64.0
36.36,1625449482.0,64.0
38.08,1625449482.0,64.0
39.35,1625449482.0,64.0
40.3,1625449482.0,64.0
40.82,1625449482.0,64.0
40.67,1625449482.0,64.0
39.58,1625449482.0,64.0
37.44,1625449482.0,64.0
34.35,1625449482.0,64.0
30.62,1625449482.0,64.0
26.59,1625449482.0,64.0
22.55,1625449482.0,64.0
18.75,1625449482.0,64.0
15.34,1625449482.0,64.0
12.46,1625449482.0,64.0
10.15,1625449482.0,64.0
8.22,1625449482.0,64.0
6.17,1625449482.0,64.0
3.32,1625449482.0,64.0
-0.93,1625449482.0,64.0
-6.72,1625449482.0,64.0
-13.62,1625449482.0,64.0
-20.72,1625449482.0,64.0
-27.0,1625449482.0,64.0
-31.77,1625449482.0,64.0
-34.87,1625449482.0,64.0
-36.61,1625449482.0,64.0
-37.51,1625449482.0,64.0
-37.94,1625449482.0,64.0
-38.12,1625449482.0,64.0
-38.07,1625449482.0,64.0
-37.77,1625449482.0,64.0
-37.22,1625449482.0,64.0
-36.38,1625449482.0,64.0
-35.14,1625449482.0,64.0
-33.27,1625449482.0,64.0
-30.61,1625449482.0,64.0
-27.17,1625449482.0,64.0
-23.2,1625449482.0,64.0
-19.05,1625449482.0,64.0
-14.96,1625449482.0,64.0
-10.91,1625449482.0,64.0
-6.65,1625449482.0,64.0
-1.85,1625449482.0,64.0
3.62,1625449482.0,64.0
9.55,1625449482.0,64.0
15.46,1625449482.0,64.0
20.79,1625449482.0,64.0
25.2,1625449482.0,64.0
28.62,1625449482.0,64.0
31.28,1625449482.0,64.0
33.52,1625449482.0,64.0
35.54,1625449482.0,64.0
37.28,1625449482.0,64.0
38.46,1625449482.0,64.0
38.75,1625449482.0,64.0
37.98,1625449482.0,64.0
36.19,1625449482.0,64.0
33.66,1625449482.0,64.0
30.69,1625449482.0,64.0
27.53,1625449482.0,64.0
24.21,1625449482.0,64.0
20.73,1625449482.0,64.0
17.07,1625449482.0,64.0
13.35,1625449482.0,64.0
9.8,1625449482.0,64.0
6.64,1625449482.0,64.0
3.99,1625449482.0,64.0
1.81,1625449482.0,64.0
-0.13,1625449482.0,64.0
-2.08,1625449482.0,64.0
-4.21,1625449482.0,64.0
-6.49,1625449482.0,64.0
-8.79,1625449482.0,64.0
-10.98,1625449482.0,64.0
-13.03,1625449482.0,64.0
-15.1,1625449482.0,64.0
-17.44,1625449482.0,64.0
-20.25,1625449482.0,64.0
-23.58,1625449482.0,64.0
-27.26,1625449482.0,64.0
-30.97,1625449482.0,64.0
-34.36,1625449482.0,64.0
-37.15,1625449482.0,64.0
-39.17,1625449482.0,64.0
-40.33,1625449482.0,64.0
-40.56,1625449482.0,64.0
-39.82,1625449482.0,64.0
-38.01,1625449482.0,64.0
-35.08,1625449482.0,64.0
-31.05,1625449482.0,64.0
-26.02,1625449482.0,64.0
-20.19,1625449482.0,64.0
-13.76,1625449482.0,64.0
-6.95,1625449482.0,64.0
-0.01,1625449482.0,64.0
6.81,1625449482.0,64.0
13.16,1625449482.0,64.0
18.63,1625449482.0,64.0
22.8,1625449482.0,64.0
25.4,1625449482.0,64.0
26.47,1625449482.0,64.0
26.4,1625449482.0,64.0
25.83,1625449482.0,64.0
25.42,1625449482.0,64.0
25.57,1625449482.0,64.0
26.29,1625449482.0,64.0
27.21,1625449482.0,64.0
27.82,1625449482.0,64.0
27.74,1625449482.0,64.0
26.84,1625449482.0,64.0
25.27,1625449482.0,64.0
23.31,1625449482.0,64.0
21.19,1625449482.0,64.0
18.95,1625449482.0,64.0
16.51,1625449482.0,64.0
13.72,1625449482.0,64.0
10.52,1625449482.0,64.0
7.04,1625449482.0,64.0
3.55,1625449482.0,64.0
0.45,1625449482.0,64.0
-1.99,1625449482.0,64.0
-3.63,1625449482.0,64.0
-4.53,1625449482.0,64.0
-4.92,1625449482.0,64.0
-5.08,1625449482.0,64.0
-5.28,1625449482.0,64.0
-5.68,1625449482.0,64.0
-6.43,1625449482.0,64.0
-7.61,1625449482.0,64.0
-9.24,1625449482.0,64.0
-11.3,1625449482.0,64.0
-13.73,1625449482.0,64.0
-16.47,1625449482.0,64.0
-19.51,1625449482.0,64.0
-22.86,1625449482.0,64.0
-26.48,1625449482.0,64.0
-30.23,1625449482.0,64.0
-33.72,1625449482.0,64.0
-36.38,1625449482.0,64.0
-37.54,1625449482.0,64.0
-36.66,1625449482.0,64.0
-33.52,1625449482.0,64.0
-28.28,1625449482.0,64.0
-21.52,1625449482.0,64.0
-13.97,1625449482.0,64.0
-6.39,1625449482.0,64.0
0.64,1625449482.0,64.0
6.79,1625449482.0,64.0
11.89,1625449482.0,64.0
15.86,1625449482.0,64.0
18.68,1625449482.0,64.0
20.34,1625449482.0,64.0
20.98,1625449482.0,64.0
20.93,1625449482.0,64.0
20.64,1625449482.0,64.0
20.6,1625449482.0,64.0
21.03,1625449482.0,64.0
21.89,1625449482.0,64.0
22.83,1625449482.0,64.0
23.47,1625449482.0,64.0
23.62,1625449482.0,64.0
23.4,1625449482.0,64.0
23.13,1625449482.0,64.0
23.12,1625449482.0,64.0
23.41,1625449482.0,64.0
23.7,1625449482.0,64.0
23.5,1625449482.0,64.0
22.35,1625449482.0,64.0
20.14,1625449482.0,64.0
17.16,1625449482.0,64.0
13.94,1625449482.0,64.0
11.04,1625449482.0,64.0
8.78,1625449482.0,64.0
7.12,1625449482.0,64.0
5.79,1625449482.0,64.0
4.37,1625449482.0,64.0
2.52,1625449482.0,64.0
-0.03,1625449482.0,64.0
-3.45,1625449482.0,64.0
-7.86,1625449482.0,64.0
-13.22,1625449482.0,64.0
-19.28,1625449482.0,64.0
-25.5,1625449482.0,64.0
-31.16,1625449482.0,64.0
-35.56,1625449482.0,64.0
-38.29,1625449482.0,64.0
-39.4,1625449482.0,64.0
-39.29,1625449482.0,64.0
-38.5,1625449482.0,64.0
-37.37,1625449482.0,64.0
-35.83,1625449482.0,64.0
-33.49,1625449482.0,64.0
-29.85,1625449482.0,64.0
-24.63,1625449482.0,64.0
-17.98,1625449482.0,64.0
-10.48,1625449482.0,64.0
-2.9,1625449482.0,64.0
4.03,1625449482.0,64.0
9.85,1625449482.0,64.0
14.41,1625449482.0,64.0
17.78,1625449482.0,64.0
20.13,1625449482.0,64.0
21.65,1625449482.0,64.0
22.58,1625449482.0,64.0
23.22,1625449482.0,64.0
23.99,1625449482.0,64.0
25.26,1625449482.0,64.0
27.24,1625449482.0,64.0
29.79,1625449482.0,64.0
32.44,1625449482.0,64.0
34.52,1625449482.0,64.0
35.38,1625449482.0,64.0
34.67,1625449482.0,64.0
32.41,1625449482.0,64.0
28.97,1625449482.0,64.0
24.88,1625449482.0,64.0
20.64,1625449482.0,64.0
16.58,1625449482.0,64.0
12.74,1625449482.0,64.0
9.05,1625449482.0,64.0
5.33,1625449482.0,64.0
1.53,1625449482.0,64.0
-2.28,1625449482.0,64.0
-5.91,1625449482.0,64.0
-9.13,1625449482.0,64.0
-11.87,1625449482.0,64.0
-14.15,1625449482.0,64.0
-16.15,1625449482.0,64.0
-18.02,1625449482.0,64.0
-19.87,1625449482.0,64.0
-21.69,1625449482.0,64.0
-23.47,1625449482.0,64.0
-25.23,1625449482.0,64.0
-27.09,1625449482.0,64.0
-29.21,1625449482.0,64.0
-31.67,1625449482.0,64.0
-34.45,1625449482.0,64.0
-37.29,1625449482.0,64.0
-39.75,1625449482.0,64.0
-41.33,1625449482.0,64.0
-41.56,1625449482.0,64.0
-40.2,1625449482.0,64.0
-37.24,1625449482.0,64.0
-32.97,1625449482.0,64.0
-27.81,1625449482.0,64.0
-22.16,1625449482.0,64.0
-16.24,1625449482.0,64.0
-10.0,1625449482.0,64.0
-3.27,1625449482.0,64.0
4.06,1625449482.0,64.0
11.77,1625449482.0,64.0
19.26,1625449482.0,64.0
25.64,1625449482.0,64.0
30.17,1625449482.0,64.0
32.57,1625449482.0,64.0
33.17,1625449482.0,64.0
32.76,1625449482.0,64.0
32.15,1625449482.0,64.0
31.85,1625449482.0,64.0
31.77,1625449482.0,64.0
31.49,1625449482.0,64.0
30.5,1625449482.0,64.0
28.61,1625449482.0,64.0
26.03,1625449482.0,64.0
23.2,1625449482.0,64.0
20.55,1625449482.0,64.0
18.25,1625449482.0,64.0
16.17,1625449482.0,64.0
14.05,1625449482.0,64.0
11.67,1625449482.0,64.0
8.98,1625449482.0,64.0
6.13,1625449482.0,64.0
3.33,1625449482.0,64.0
0.78,1625449482.0,64.0
-1.45,1625449482.0,64.0
-3.37,1625449482.0,64.0
-5.11,1625449482.0,64.0
-6.8,1625449482.0,64.0
-8.59,1625449482.0,64.0
-10.6,1625449482.0,64.0
-12.85,1625449482.0,64.0
-15.34,1625449482.0,64.0
-18.02,1625449482.0,64.0
-20.84,1625449482.0,64.0
-23.78,1625449482.0,64.0
-26.78,1625449482.0,64.0
-29.83,1625449482.0,64.0
-32.8,1625449482.0,64.0
-35.47,1625449482.0,64.0
-37.5,1625449482.0,64.0
-38.5,1625449482.0,64.0
-38.08,1625449482.0,64.0
-36.05,1625449482.0,64.0
-32.43,1625449482.0,64.0
-27.48,1625449482.0,64.0
-21.65,1625449482.0,64.0
-15.37,1625449482.0,64.0
-8.99,1625449482.0,64.0
-2.67,1625449482.0,64.0
3.55,1625449482.0,64.0
9.59,1625449482.0,64.0
15.25,1625449482.0,64.0
20.2,1625449482.0,64.0
24.04,1625449482.0,64.0
26.51,1625449482.0,64.0
27.65,1625449482.0,64.0
27.78,1625449482.0,64.0
27.42,1625449482.0,64.0
27.07,1625449482.0,64.0
27.01,1625449482.0,64.0
27.23,1625449482.0,64.0
27.45,1625449482.0,64.0
27.32,1625449482.0,64.0
26.64,1625449482.0,64.0
25.41,1625449482.0,64.0
23.8,1625449482.0,64.0
22.09,1625449482.0,64.0
20.45,1625449482.0,64.0
18.88,1625449482.0,64.0
17.24,1625449482.0,64.0
15.36,1625449482.0,64.0
13.13,1625449482.0,64.0
10.65,1625449482.0,64.0
8.09,1625449482.0,64.0
5.63,1625449482.0,64.0
3.37,1625449482.0,64.0
1.23,1625449482.0,64.0
-0.92,1625449482.0,64.0
-3.23,1625449482.0,64.0
-5.73,1625449482.0,64.0
-8.35,1625449482.0,64.0
-10.98,1625449482.0,64.0
-13.56,1625449482.0,64.0
-16.12,1625449482.0,64.0
-18.73,1625449482.0,64.0
-21.44,1625449482.0,64.0
-24.22,1625449482.0,64.0
-26.92,1625449482.0,64.0
-29.39,1625449482.0,64.0
-31.51,1625449482.0,64.0
-33.22,1625449482.0,64.0
-34.44,1625449482.0,64.0
-35.04,1625449482.0,64.0
-34.82,1625449482.0,64.0
-33.55,1625449482.0,64.0
-31.07,1625449482.0,64.0
-27.33,1625449482.0,64.0
-22.44,1625449482.0,64.0
-16.59,1625449482.0,64.0
-10.03,1625449482.0,64.0
-3.11,1625449482.0,64.0
3.77,1625449482.0,64.0
10.09,1625449482.0,64.0
15.34,1625449482.0,64.0
19.11,1625449482.0,64.0
21.25,1625449482.0,64.0
21.94,1625449482.0,64.0
21.74,1625449482.0,64.0
21.33,1625449482.0,64.0
21.33,1625449482.0,64.0
22.06,1625449482.0,64.0
23.48,1625449482.0,64.0
25.19,1625449482.0,64.0
26.61,1625449482.0,64.0
27.26,1625449482.0,64.0
26.84,1625449482.0,64.0
25.4,1625449482.0,64.0
23.22,1625449482.0,64.0
20.73,1625449482.0,64.0
18.32,1625449482.0,64.0
16.22,1625449482.0,64.0
14.46,1625449482.0,64.0
12.93,1625449482.0,64.0
11.4,1625449482.0,64.0
9.7,1625449482.0,64.0
7.77,1625449482.0,64.0
5.62,1625449482.0,64.0
3.33,1625449482.0,64.0
0.94,1625449482.0,64.0
-1.55,1625449482.0,64.0
-4.18,1625449482.0,64.0
-6.94,1625449482.0,64.0
-9.79,1625449482.0,64.0
-12.6,1625449482.0,64.0
-15.28,1625449482.0,64.0
-17.85,1625449482.0,64.0
-20.43,1625449482.0,64.0
-23.18,1625449482.0,64.0
-26.2,1625449482.0,64.0
-29.34,1625449482.0,64.0
-32.32,1625449482.0,64.0
-34.67,1625449482.0,64.0
-36.04,1625449482.0,64.0
-36.24,1625449482.0,64.0
-35.27,1625449482.0,64.0
-33.31,1625449482.0,64.0
-30.49,1625449482.0,64.0
-26.86,1625449482.0,64.0
-22.41,1625449482.0,64.0
-17.13,1625449482.0,64.0
-11.16,1625449482.0,64.0
-4.77,1625449482.0,64.0
1.62,1625449482.0,64.0
7.61,1625449482.0,64.0
12.81,1625449482.0,64.0
17.01,1625449482.0,64.0
20.09,1625449482.0,64.0
22.1,1625449482.0,64.0
23.21,1625449482.0,64.0
23.71,1625449482.0,64.0
23.94,1625449482.0,64.0
24.15,1625449482.0,64.0
24.43,1625449482.0,64.0
24.66,1625449482.0,64.0
24.63,1625449482.0,64.0
24.11,1625449482.0,64.0
23.02,1625449482.0,64.0
21.44,1625449482.0,64.0
19.51,1625449482.0,64.0
17.44,1625449482.0,64.0
15.41,1625449482.0,64.0
13.56,1625449482.0,64.0
11.96,1625449482.0,64.0
10.61,1625449482.0,64.0
9.4,1625449482.0,64.0
8.18,1625449482.0,64.0
6.81,1625449482.0,64.0
5.18,1625449482.0,64.0
3.25,1625449482.0,64.0
1.06,1625449482.0,64.0
-1.36,1625449482.0,64.0
-3.95,1625449482.0,64.0
-6.6,1625449482.0,64.0
-9.14,1625449482.0,64.0
-11.37,1625449482.0,64.0
-13.18,1625449482.0,64.0
-14.59,1625449482.0,64.0
-15.81,1625449482.0,64.0
-17.14,1625449482.0,64.0
-18.81,1625449482.0,64.0
-20.91,1625449482.0,64.0
-23.31,1625449482.0,64.0
-25.75,1625449482.0,64.0
-27.94,1625449482.0,64.0
-29.56,1625449482.0,64.0
-30.32,1625449482.0,64.0
-29.94,1625449482.0,64.0
-28.22,1625449482.0,64.0
-25.1,1625449482.0,64.0
-20.73,1625449482.0,64.0
-15.46,1625449482.0,64.0
-9.72,1625449482.0,64.0
-3.87,1625449482.0,64.0
1.83,1625449482.0,64.0
7.25,1625449482.0,64.0
12.21,1625449482.0,64.0
16.46,1625449482.0,64.0
19.7,1625449482.0,64.0
21.7,1625449482.0,64.0
22.51,1625449482.0,64.0
22.48,1625449482.0,64.0
22.22,1625449482.0,64.0
22.26,1625449482.0,64.0
22.91,1625449482.0,64.0
24.07,1625449482.0,64.0
25.35,1625449482.0,64.0
26.24,1625449482.0,64.0
26.36,1625449482.0,64.0
25.6,1625449482.0,64.0
24.09,1625449482.0,64.0
22.11,1625449482.0,64.0
19.91,1625449482.0,64.0
17.66,1625449482.0,64.0
15.41,1625449482.0,64.0
13.18,1625449482.0,64.0
11.02,1625449482.0,64.0
9.04,1625449482.0,64.0
7.39,1625449482.0,64.0
6.16,1625449482.0,64.0
5.33,1625449482.0,64.0
4.7,1625449482.0,64.0
3.99,1625449482.0,64.0
2.84,1625449482.0,64.0
1.02,1625449482.0,64.0
-1.57,1625449482.0,64.0
-4.81,1625449482.0,64.0
-8.37,1625449482.0,64.0
-11.88,1625449482.0,64.0
-15.04,1625449482.0,64.0
-17.74,1625449482.0,64.0
-20.07,1625449482.0,64.0
-22.25,1625449482.0,64.0
-24.44,1625449482.0,64.0
-26.54,1625449482.0,64.0
-28.18,1625449482.0,64.0
-28.81,1625449482.0,64.0
-27.93,1625449482.0,64.0
-25.32,1625449482.0,64.0
-21.18,1625449482.0,64.0
-15.94,1625449482.0,64.0
-10.18,1625449482.0,64.0
-4.31,1625449482.0,64.0
1.42,1625449482.0,64.0
6.88,1625449482.0,64.0
11.94,1625449482.0,64.0
16.32,1625449482.0,64.0
19.68,1625449482.0,64.0
21.76,1625449482.0,64.0
22.49,1625449482.0,64.0
22.17,1625449482.0,64.0
21.35,1625449482.0,64.0
20.58,1625449482.0,64.0
20.28,1625449482.0,64.0
20.48,1625449482.0,64.0
20.92,1625449482.0,64.0
21.18,1625449482.0,64.0
20.89,1625449482.0,64.0
19.93,1625449482.0,64.0
18.44,1625449482.0,64.0
16.7,1625449482.0,64.0
14.95,1625449482.0,64.0
13.3,1625449482.0,64.0
11.65,1625449482.0,64.0
9.82,1625449482.0,64.0
7.71,1625449482.0,64.0
5.36,1625449482.0,64.0
2.94,1625449482.0,64.0
0.67,1625449482.0,64.0
-1.33,1625449482.0,64.0
-3.1,1625449482.0,64.0
-4.84,1625449482.0,64.0
-6.78,1625449482.0,64.0
-9.12,1625449482.0,64.0
-11.94,1625449482.0,64.0
-15.12,1625449482.0,64.0
-18.49,1625449482.0,64.0
-21.82,1625449482.0,64.0
-24.99,1625449482.0,64.0
-28.03,1625449482.0,64.0
-31.06,1625449482.0,64.0
-34.15,1625449482.0,64.0
-37.17,1625449482.0,64.0
-39.66,1625449482.0,64.0
-40.98,1625449482.0,64.0
-40.54,1625449482.0,64.0
-38.06,1625449482.0,64.0
-33.77,1625449482.0,64.0
-28.28,1625449482.0,64.0
-22.28,1625449482.0,64.0
-16.24,1625449482.0,64.0
-10.28,1625449482.0,64.0
-4.21,1625449482.0,64.0
2.11,1625449482.0,64.0
8.58,1625449482.0,64.0
14.74,1625449482.0,64.0
19.96,1625449482.0,64.0
23.7,1625449482.0,64.0
25.83,1625449482.0,64.0
26.62,1625449482.0,64.0
26.62,1625449482.0,64.0
26.36,1625449482.0,64.0
26.12,1625449482.0,64.0
25.89,1625449482.0,64.0
25.48,1625449482.0,64.0
24.68,1625449482.0,64.0
23.4,1625449482.0,64.0
21.75,1625449482.0,64.0
19.91,1625449482.0,64.0
18.04,1625449482.0,64.0
16.19,1625449482.0,64.0
14.25,1625449482.0,64.0
12.1,1625449482.0,64.0
9.64,1625449482.0,64.0
6.89,1625449482.0,64.0
4.02,1625449482.0,64.0
1.25,1625449482.0,64.0
-1.16,1625449482.0,64.0
-3.02,1625449482.0,64.0
-4.24,1625449482.0,64.0
-4.87,1625449482.0,64.0
-5.07,1625449482.0,64.0
-5.09,1625449482.0,64.0
-5.22,1625449482.0,64.0
-5.75,1625449482.0,64.0
-6.92,1625449482.0,64.0
-8.84,1625449482.0,64.0
-11.51,1625449482.0,64.0
-14.76,1625449482.0,64.0
-18.37,1625449482.0,64.0
-22.1,1625449482.0,64.0
-25.73,1625449482.0,64.0
-29.1,1625449482.0,64.0
-32.05,1625449482.0,64.0
-34.36,1625449482.0,64.0
-35.75,1625449482.0,64.0
-35.91,1625449482.0,64.0
-34.69,1625449482.0,64.0
-32.06,1625449482.0,64.0
-28.17,1625449482.0,64.0
-23.23,1625449482.0,64.0
-17.42,1625449482.0,64.0
-10.9,1625449482.0,64.0
-3.82,1625449482.0,64.0
3.52,1625449482.0,64.0
10.62,1625449482.0,64.0
16.87,1625449482.0,64.0
21.72,1625449482.0,64.0
24.93,1625449482.0,64.0
26.64,1625449482.0,64.0
27.34,1625449482.0,64.0
27.63,1625449482.0,64.0
27.99,1625449482.0,64.0
28.6,1625449482.0,64.0
29.29,1625449482.0,64.0
29.7,1625449482.0,64.0
29.4,1625449482.0,64.0
28.12,1625449482.0,64.0
25.83,1625449482.0,64.0
22.78,1625449482.0,64.0
19.39,1625449482.0,64.0
16.16,1625449482.0,64.0
13.44,1625449482.0,64.0
11.4,1625449482.0,64.0
9.98,1625449482.0,64.0
8.92,1625449482.0,64.0
7.92,1625449482.0,64.0
6.66,1625449482.0,64.0
4.98,1625449482.0,64.0
2.78,1625449482.0,64.0
0.08,1625449482.0,64.0
-3.03,1625449482.0,64.0
-6.34,1625449482.0,64.0
-9.63,1625449482.0,64.0
-12.62,1625449482.0,64.0
-15.08,1625449482.0,64.0
-16.96,1625449482.0,64.0
-18.38,1625449482.0,64.0
-19.63,1625449482.0,64.0
-21.09,1625449482.0,64.0
-23.03,1625449482.0,64.0
-25.54,1625449482.0,64.0
-28.45,1625449482.0,64.0
-31.42,1625449482.0,64.0
-34.01,1625449482.0,64.0
-35.73,1625449482.0,64.0
-36.17,1625449482.0,64.0
-35.11,1625449482.0,64.0
-32.55,1625449482.0,64.0
-28.77,1625449482.0,64.0
-24.26,1625449482.0,64.0
-19.56,1625449482.0,64.0
-15.07,1625449482.0,64.0
-10.87,1625449482.0,64.0
-6.72,1625449482.0,64.0
-2.23,1625449482.0,64.0
2.87,1625449482.0,64.0
8.51,1625449482.0,64.0
14.24,1625449482.0,64.0
19.36,1625449482.0,64.0
23.24,1625449482.0,64.0
25.54,1625449482.0,64.0
26.36,1625449482.0,64.0
26.09,1625449482.0,64.0
25.27,1625449482.0,64.0
24.33,1625449482.0,64.0
23.49,1625449482.0,64.0
22.76,1625449482.0,64.0
21.98,1625449482.0,64.0
21.03,1625449482.0,64.0
19.82,1625449482.0,64.0
18.41,1625449482.0,64.0
16.87,1625449482.0,64.0
15.31,1625449482.0,64.0
13.75,1625449482.0,64.0
12.13,1625449482.0,64.0
10.35,1625449482.0,64.0
8.36,1625449482.0,64.0
6.22,1625449482.0,64.0
4.08,1625449482.0,64.0
2.16,1625449482.0,64.0
0.62,1625449482.0,64.0
-0.57,1625449482.0,64.0
-1.59,1625449482.0,64.0
-2.71,1625449482.0,64.0
-4.16,1625449482.0,64.0
-5.97,1625449482.0,64.0
-8.0,1625449482.0,64.0
-10.02,1625449482.0,64.0
-11.84,1625449482.0,64.0
-13.4,1625449482.0,64.0
-14.81,1625449482.0,64.0
-16.22,1625449482.0,64.0
-17.8,1625449482.0,64.0
-19.58,1625449482.0,64.0
-21.53,1625449482.0,64.0
-23.54,1625449482.0,64.0
-25.49,1625449482.0,64.0
-27.19,1625449482.0,64.0
-28.36,1625449482.0,64.0
-28.58,1625449482.0,64.0
-27.4,1625449482.0,64.0
-24.51,1625449482.0,64.0
-19.88,1625449482.0,64.0
-13.87,1625449482.0,64.0
-7.15,1625449482.0,64.0
-0.51,1625449482.0,64.0
5.41,1625449482.0,64.0
10.22,1625449482.0,64.0
13.85,1625449482.0,64.0
16.38,1625449482.0,64.0
18.0,1625449482.0,64.0
18.9,1625449482.0,64.0
19.29,1625449482.0,64.0
19.47,1625449482.0,64.0
19.74,1625449482.0,64.0
20.33,1625449482.0,64.0
21.28,1625449482.0,64.0
22.42,1625449482.0,64.0
23.4,1625449482.0,64.0
23.87,1625449482.0,64.0
23.57,1625449482.0,64.0
22.45,1625449482.0,64.0
20.66,1625449482.0,64.0
18.46,1625449482.0,64.0
16.1,1625449482.0,64.0
13.8,1625449482.0,64.0
11.65,1625449482.0,64.0
9.61,1625449482.0,64.0
7.59,1625449482.0,64.0
5.5,1625449482.0,64.0
3.35,1625449482.0,64.0
1.23,1625449482.0,64.0
-0.71,1625449482.0,64.0
-2.38,1625449482.0,64.0
-3.83,1625449482.0,64.0
-5.25,1625449482.0,64.0
-6.89,1625449482.0,64.0
-8.9,1625449482.0,64.0
-11.27,1625449482.0,64.0
-13.85,1625449482.0,64.0
-16.4,1625449482.0,64.0
-18.8,1625449482.0,64.0
-21.09,1625449482.0,64.0
-23.47,1625449482.0,64.0
-26.15,1625449482.0,64.0
-29.18,1625449482.0,64.0
-32.29,1625449482.0,64.0
-34.92,1625449482.0,64.0
-36.35,1625449482.0,64.0
-35.97,1625449482.0,64.0
-33.48,1625449482.0,64.0
-29.02,1625449482.0,64.0
-23.09,1625449482.0,64.0
-16.37,1625449482.0,64.0
-9.41,1625449482.0,64.0
-2.54,1625449482.0,64.0
4.08,1625449482.0,64.0
10.39,1625449482.0,64.0
16.14,1625449482.0,64.0
20.96,1625449482.0,64.0
24.42,1625449482.0,64.0
26.28,1625449482.0,64.0
26.7,1625449482.0,64.0
26.17,1625449482.0,64.0
25.36,1625449482.0,64.0
24.79,1625449482.0,64.0
24.62,1625449482.0,64.0
24.66,1625449482.0,64.0
24.49,1625449482.0,64.0
23.83,1625449482.0,64.0
22.63,1625449482.0,64.0
21.13,1625449482.0,64.0
19.69,1625449482.0,64.0
18.5,1625449482.0,64.0
17.51,1625449482.0,64.0
16.42,1625449482.0,64.0
14.9,1625449482.0,64.0
12.77,1625449482.0,64.0
10.09,1625449482.0,64.0
7.16,1625449482.0,64.0
4.33,1625449482.0,64.0
1.82,1625449482.0,64.0
-0.35,1625449482.0,64.0
-2.34,1625449482.0,64.0
-4.4,1625449482.0,64.0
-6.72,1625449482.0,64.0
-9.32,1625449482.0,64.0
-12.12,1625449482.0,64.0
-14.98,1625449482.0,64.0
-17.83,1625449482.0,64.0
-20.67,1625449482.0,64.0
-23.54,1625449482.0,64.0
-26.5,1625449482.0,64.0
-29.57,1625449482.0,64.0
-32.74,1625449482.0,64.0
-35.99,1625449482.0,64.0
-39.22,1625449482.0,64.0
-42.19,1625449482.0,64.0
-44.52,1625449482.0,64.0
-45.73,1625449482.0,64.0
-45.34,1625449482.0,64.0
-43.1,1625449482.0,64.0
-39.08,1625449482.0,64.0
-33.65,1625449482.0,64.0
-27.33,1625449482.0,64.0
-20.53,1625449482.0,64.0
-13.45,1625449482.0,64.0
-6.1,1625449482.0,64.0
1.51,1625449482.0,64.0
9.19,1625449482.0,64.0
16.51,1625449482.0,64.0
22.84,1625449482.0,64.0
27.67,1625449482.0,64.0
30.77,1625449482.0,64.0
32.32,1625449482.0,64.0
32.82,1625449482.0,64.0
32.83,1625449482.0,64.0
32.73,1625449482.0,64.0
32.66,1625449482.0,64.0
32.46,1625449482.0,64.0
31.91,1625449482.0,64.0
30.86,1625449482.0,64.0
29.37,1625449482.0,64.0
27.62,1625449482.0,64.0
25.87,1625449482.0,64.0
24.27,1625449482.0,64.0
22.81,1625449482.0,64.0
21.33,1625449482.0,64.0
19.63,1625449482.0,64.0
17.57,1625449482.0,64.0
15.14,1625449482.0,64.0
12.51,1625449482.0,64.0
9.91,1625449482.0,64.0
7.54,1625449482.0,64.0
5.42,1625449482.0,64.0
3.44,1625449482.0,64.0
1.37,1625449482.0,64.0
-0.97,1625449482.0,64.0
-3.62,1625449482.0,64.0
-6.41,1625449482.0,64.0
-9.13,1625449482.0,64.0
-11.63,1625449482.0,64.0
-13.98,1625449482.0,64.0
-16.4,1625449482.0,64.0
-19.2,1625449482.0,64.0
-22.55,1625449482.0,64.0
-26.42,1625449482.0,64.0
-30.51,1625449482.0,64.0
-34.41,1625449482.0,64.0
-37.77,1625449482.0,64.0
-40.32,1625449482.0,64.0
-41.95,1625449482.0,64.0
-42.55,1625449482.0,64.0
-41.99,1625449482.0,64.0
-40.07,1625449482.0,64.0
-36.67,1625449482.0,64.0
-31.82,1625449482.0,64.0
-25.79,1625449482.0,64.0
-18.96,1625449482.0,64.0
-11.74,1625449482.0,64.0
-4.39,1625449482.0,64.0
2.96,1625449482.0,64.0
10.19,1625449482.0,64.0
17.05,1625449482.0,64.0
23.14,1625449482.0,64.0
28.02,1625449482.0,64.0
31.37,1625449482.0,64.0
33.2,1625449482.0,64.0
33.9,1625449482.0,64.0
34.04,1625449482.0,64.0
34.13,1625449482.0,64.0
34.38,1625449482.0,64.0
34.62,1625449482.0,64.0
34.48,1625449482.0,64.0
33.59,1625449482.0,64.0
31.83,1625449482.0,64.0
29.39,1625449482.0,64.0
26.7,1625449482.0,64.0
24.23,1625449482.0,64.0
22.25,1625449482.0,64.0
20.81,1625449482.0,64.0
19.64,1625449482.0,64.0
18.38,1625449482.0,64.0
16.64,1625449482.0,64.0
14.23,1625449482.0,64.0
11.21,1625449482.0,64.0
7.89,1625449482.0,64.0
4.69,1625449482.0,64.0
1.94,1625449482.0,64.0
-0.24,1625449482.0,64.0
-2.01,1625449482.0,64.0
-3.69,1625449482.0,64.0
-5.56,1625449482.0,64.0
-7.71,1625449482.0,64.0
-10.0,1625449482.0,64.0
-12.16,1625449482.0,64.0
-14.02,1625449482.0,64.0
-15.62,1625449482.0,64.0
-17.24,1625449482.0,64.0
-19.18,1625449482.0,64.0
-21.63,1625449482.0,64.0
-24.52,1625449482.0,64.0
-27.63,1625449482.0,64.0
-30.68,1625449482.0,64.0
-33.47,1625449482.0,64.0
-35.9,1625449482.0,64.0
-37.82,1625449482.0,64.0
-39.0,1625449482.0,64.0
-39.13,1625449482.0,64.0
-37.87,1625449482.0,64.0
-35.03,1625449482.0,64.0
-30.67,1625449482.0,64.0
-25.04,1625449482.0,64.0
-18.5,1625449482.0,64.0
-11.44,1625449482.0,64.0
-4.18,1625449482.0,64.0
2.99,1625449482.0,64.0
9.73,1625449482.0,64.0
15.7,1625449482.0,64.0
20.56,1625449482.0,64.0
24.06,1625449482.0,64.0
26.18,1625449482.0,64.0
27.17,1625449482.0,64.0
27.44,1625449482.0,64.0
27.46,1625449482.0,64.0
27.56,1625449482.0,64.0
27.82,1625449482.0,64.0
28.07,1625449482.0,64.0
28.04,1625449482.0,64.0
27.52,1625449482.0,64.0
26.54,1625449482.0,64.0
25.32,1625449482.0,64.0
24.1,1625449482.0,64.0
22.97,1625449482.0,64.0
21.81,1625449482.0,64.0
20.36,1625449482.0,64.0
18.4,1625449482.0,64.0
15.91,1625449482.0,64.0
13.11,1625449482.0,64.0
10.36,1625449482.0,64.0
7.94,1625449482.0,64.0
5.98,1625449482.0,64.0
4.39,1625449482.0,64.0
2.95,1625449482.0,64.0
1.48,1625449482.0,64.0
-0.17,1625449482.0,64.0
-2.0,1625449482.0,64.0
-3.98,1625449482.0,64.0
-6.09,1625449482.0,64.0
-8.29,1625449482.0,64.0
-10.57,1625449482.0,64.0
-12.86,1625449482.0,64.0
-15.07,1625449482.0,64.0
-17.11,1625449482.0,64.0
-18.99,1625449482.0,64.0
-20.78,1625449482.0,64.0
-22.64,1625449482.0,64.0
-24.69,1625449482.0,64.0
-26.91,1625449482.0,64.0
-29.05,1625449482.0,64.0
-30.69,1625449482.0,64.0
-31.37,1625449482.0,64.0
-30.66,1625449482.0,64.0
-28.4,1625449482.0,64.0
-24.65,1625449482.0,64.0
-19.67,1625449482.0,64.0
-13.83,1625449482.0,64.0
-7.51,1625449482.0,64.0
-1.05,1625449482.0,64.0
5.25,1625449482.0,64.0
11.11,1625449482.0,64.0
16.24,1625449482.0,64.0
20.46,1625449482.0,64.0
23.67,1625449482.0,64.0
26.01,1625449482.0,64.0
27.74,1625449482.0,64.0
29.26,1625449482.0,64.0
30.91,1625449482.0,64.0
32.83,1625449482.0,64.0
34.88,1625449482.0,64.0
36.65,1625449482.0,64.0
37.6,1625449482.0,64.0
37.19,1625449482.0,64.0
35.08,1625449482.0,64.0
31.28,1625449482.0,64.0
26.12,1625449482.0,64.0
20.22,1625449482.0,64.0
14.3,1625449482.0,64.0
8.97,1625449482.0,64.0
4.66,1625449482.0,64.0
1.5,1625449482.0,64.0
-0.59,1625449482.0,64.0
-1.9,1625449482.0,64.0
-2.79,1625449482.0,64.0
-3.7,1625449482.0,64.0
-5.02,1625449482.0,64.0
-7.03,1625449482.0,64.0
-9.81,1625449482.0,64.0
-13.15,1625449482.0,64.0
-16.66,1625449482.0,64.0
-19.85,1625449482.0,64.0
-22.34,1625449482.0,64.0
-24.0,1625449482.0,64.0
-25.0,1625449482.0,64.0
-25.73,1625449482.0,64.0
-26.65,1625449482.0,64.0
-28.21,1625449482.0,64.0
-30.6,1625449482.0,64.0
-33.73,1625449482.0,64.0
-37.15,1625449482.0,64.0
-40.1,1625449482.0,64.0
-41.71,1625449482.0,64.0
-41.2,1625449482.0,64.0
-38.15,1625449482.0,64.0
-32.61,1625449482.0,64.0
-25.15,1625449482.0,64.0
-16.73,1625449482.0,64.0
-8.43,1625449482.0,64.0
-1.21,1625449482.0,64.0
4.31,1625449482.0,64.0
7.98,1625449482.0,64.0
10.0,1625449482.0,64.0
10.73,1625449482.0,64.0
10.49,1625449482.0,64.0
9.44,1625449482.0,64.0
7.64,1625449482.0,64.0
5.25,1625449482.0,64.0
2.75,1625449482.0,64.0
0.92,1625449482.0,64.0
0.65,1625449482.0,64.0
2.62,1625449482.0,64.0
6.87,1625449482.0,64.0
12.83,1625449482.0,64.0
19.42,1625449482.0,64.0
25.44,1625449482.0,64.0
29.93,1625449482.0,64.0
32.3,1625449482.0,64.0
32.39,1625449482.0,64.0
30.29,1625449482.0,64.0
26.3,1625449482.0,64.0
20.84,1625449482.0,64.0
14.52,1625449482.0,64.0
8.06,1625449482.0,64.0
2.19,1625449482.0,64.0
-2.56,1625449482.0,64.0
-6.0,1625449482.0,64.0
-8.21,1625449482.0,64.0
-9.47,1625449482.0,64.0
-9.99,1625449482.0,64.0
-9.86,1625449482.0,64.0
-9.12,1625449482.0,64.0
-7.88,1625449482.0,64.0
-6.48,1625449482.0,64.0
-5.39,1625449482.0,64.0
-5.09,1625449482.0,64.0
-5.88,1625449482.0,64.0
-7.73,1625449482.0,64.0
-10.43,1625449482.0,64.0
-13.69,1625449482.0,64.0
-17.22,1625449482.0,64.0
-20.77,1625449482.0,64.0
-24.01,1625449482.0,64.0
-26.54,1625449482.0,64.0
-27.97,1625449482.0,64.0
-28.03,1625449482.0,64.0
-26.67,1625449482.0,64.0
-24.05,1625449482.0,64.0
-20.33,1625449482.0,64.0
-15.6,1625449482.0,64.0
-9.85,1625449482.0,64.0
-3.11,1625449482.0,64.0
4.34,1625449482.0,64.0
11.88,1625449482.0,64.0
18.63,1625449482.0,64.0
23.74,1625449482.0,64.0
26.71,1625449482.0,64.0
27.58,1625449482.0,64.0
26.94,1625449482.0,64.0
25.7,1625449482.0,64.0
24.79,1625449482.0,64.0
24.77,1625449482.0,64.0
25.72,1625449482.0,64.0
27.28,1625449482.0,64.0
28.81,1625449482.0,64.0
29.75,1625449482.0,64.0
29.84,1625449482.0,64.0
29.25,1625449482.0,64.0
28.44,1625449482.0,64.0
27.91,1625449482.0,64.0
27.87,1625449482.0,64.0
28.06,1625449482.0,64.0
27.84,1625449482.0,64.0
26.48,1625449482.0,64.0
23.51,1625449482.0,64.0
19.03,1625449482.0,64.0
13.6,1625449482.0,64.0
8.07,1625449482.0,64.0
3.19,1625449482.0,64.0
-0.66,1625449482.0,64.0
-3.46,1625449482.0,64.0
-5.5,1625449482.0,64.0
-7.06,1625449482.0,64.0
-8.26,1625449482.0,64.0
-9.08,1625449482.0,64.0
-9.48,1625449482.0,64.0
-9.52,1625449482.0,64.0
-9.45,1625449482.0,64.0
-9.51,1625449482.0,64.0
-9.88,1625449482.0,64.0
-10.48,1625449482.0,64.0
-10.99,1625449482.0,64.0
-11.03,1625449482.0,64.0
-10.32,1625449482.0,64.0
-8.85,1625449482.0,64.0
-6.87,1625449482.0,64.0
-4.8,1625449482.0,64.0
-2.96,1625449482.0,64.0
-1.42,1625449482.0,64.0
0.06,1625449482.0,64.0
1.98,1625449482.0,64.0
4.84,1625449482.0,64.0
8.84,1625449482.0,64.0
13.74,1625449482.0,64.0
18.93,1625449482.0,64.0
23.62,1625449482.0,64.0
27.24,1625449482.0,64.0
29.64,1625449482.0,64.0
31.08,1625449482.0,64.0
32.01,1625449482.0,64.0
32.78,1625449482.0,64.0
33.39,1625449482.0,64.0
33.61,1625449482.0,64.0
33.18,1625449482.0,64.0
32.03,1625449482.0,64.0
30.3,1625449482.0,64.0
28.16,1625449482.0,64.0
25.57,1625449482.0,64.0
22.17,1625449482.0,64.0
17.52,1625449482.0,64.0
11.46,1625449482.0,64.0
4.44,1625449482.0,64.0
-2.47,1625449482.0,64.0
-7.98,1625449482.0,64.0
-11.06,1625449482.0,64.0
-11.47,1625449482.0,64.0
-9.79,1625449482.0,64.0
-7.23,1625449482.0,64.0
-5.13,1625449482.0,64.0
-4.55,1625449482.0,64.0
-5.94,1625449482.0,64.0
-9.15,1625449482.0,64.0
-13.59,1625449482.0,64.0
-18.5,1625449482.0,64.0
-23.17,1625449482.0,64.0
-27.16,1625449482.0,64.0
-30.4,1625449482.0,64.0
-33.2,1625449482.0,64.0
-36.05,1625449482.0,64.0
-39.39,1625449482.0,64.0
-43.4,1625449482.0,64.0
-47.85,1625449482.0,64.0
-52.17,1625449482.0,64.0
-55.62,1625449482.0,64.0
-57.57,1625449482.0,64.0
-57.61,1625449482.0,64.0
-55.59,1625449482.0,64.0
-51.59,1625449482.0,64.0
-45.83,1625449482.0,64.0
-38.59,1625449482.0,64.0
-30.28,1625449482.0,64.0
-21.47,1625449482.0,64.0
-12.86,1625449482.0,64.0
-5.23,1625449482.0,64.0
0.72,1625449482.0,64.0
4.55,1625449482.0,64.0
6.23,1625449482.0,64.0
6.25,1625449482.0,64.0
5.43,1625449482.0,64.0
4.71,1625449482.0,64.0
4.8,1625449482.0,64.0
5.92,1625449482.0,64.0
7.72,1625449482.0,64.0
9.5,1625449482.0,64.0
10.51,1625449482.0,64.0
10.32,1625449482.0,64.0
8.94,1625449482.0,64.0
6.72,1625449482.0,64.0
4.08,1625449482.0,64.0
1.38,1625449482.0,64.0
-1.25,1625449482.0,64.0
-3.65,1625449482.0,64.0
-5.64,1625449482.0,64.0
-6.86,1625449482.0,64.0
-7.02,1625449482.0,64.0
-5.97,1625449482.0,64.0
-3.97,1625449482.0,64.0
-1.55,1625449482.0,64.0
0.63,1625449482.0,64.0
2.0,1625449482.0,64.0
2.29,1625449482.0,64.0
1.53,1625449482.0,64.0
-0.01,1625449482.0,64.0
-2.05,1625449482.0,64.0
-4.35,1625449482.0,64.0
-6.86,1625449482.0,64.0
-9.59,1625449482.0,64.0
-12.56,1625449482.0,64.0
-15.71,1625449482.0,64.0
-18.76,1625449482.0,64.0
-21.25,1625449482.0,64.0
-22.6,1625449482.0,64.0
-22.34,1625449482.0,64.0
-20.2,1625449482.0,64.0
-16.35,1625449482.0,64.0
-11.27,1625449482.0,64.0
-5.57,1625449482.0,64.0
0.19,1625449482.0,64.0
5.73,1625449482.0,64.0
10.95,1625449482.0,64.0
15.81,1625449482.0,64.0
20.12,1625449482.0,64.0
23.49,1625449482.0,64.0
25.49,1625449482.0,64.0
25.91,1625449482.0,64.0
24.98,1625449482.0,64.0
23.4,1625449482.0,64.0
22.16,1625449482.0,64.0
22.09,1625449482.0,64.0
23.51,1625449482.0,64.0
26.12,1625449482.0,64.0
29.09,1625449482.0,64.0
31.45,1625449482.0,64.0
32.48,1625449482.0,64.0
31.92,1625449482.0,64.0
29.96,1625449482.0,64.0
27.06,1625449482.0,64.0
23.67,1625449482.0,64.0
20.17,1625449482.0,64.0
16.73,1625449482.0,64.0
13.5,1625449482.0,64.0
10.59,1625449482.0,64.0
8.08,1625449482.0,64.0
5.97,1625449482.0,64.0
4.07,1625449482.0,64.0
2.11,1625449482.0,64.0
-0.21,1625449482.0,64.0
-3.01,1625449482.0,64.0
-6.24,1625449482.0,64.0
-9.65,1625449482.0,64.0
-12.96,1625449482.0,64.0
-15.99,1625449482.0,64.0
-18.62,1625449482.0,64.0
-20.8,1625449482.0,64.0
-22.43,1625449482.0,64.0
-23.39,1625449482.0,64.0
-23.58,1625449482.0,64.0
-22.98,1625449482.0,64.0
-21.65,1625449482.0,64.0
-19.69,1625449482.0,64.0
-17.12,1625449482.0,64.0
-13.84,1625449482.0,64.0
-9.73,1625449482.0,64.0
-4.75,1625449482.0,64.0
0.89,1625449482.0,64.0
6.74,1625449482.0,64.0
12.25,1625449482.0,64.0
16.94,1625449482.0,64.0
20.6,1625449482.0,64.0
23.24,1625449482.0,64.0
25.05,1625449482.0,64.0
26.23,1625449482.0,64.0
26.86,1625449482.0,64.0
26.9,1625449482.0,64.0
26.3,1625449482.0,64.0
25.11,1625449482.0,64.0
23.49,1625449482.0,64.0
21.66,1625449482.0,64.0
19.85,1625449482.0,64.0
18.13,1625449482.0,64.0
16.51,1625449482.0,64.0
14.88,1625449482.0,64.0
13.19,1625449482.0,64.0
11.43,1625449482.0,64.0
9.61,1625449482.0,64.0
7.68,1625449482.0,64.0
5.54,1625449482.0,64.0
3.04,1625449482.0,64.0
0.13,1625449482.0,64.0
-3.13,1625449482.0,64.0
-6.52,1625449482.0,64.0
-9.75,1625449482.0,64.0
-12.64,1625449482.0,64.0
-15.11,1625449482.0,64.0
-17.27,1625449482.0,64.0
-19.29,1625449482.0,64.0
-21.37,1625449482.0,64.0
-23.62,1625449482.0,64.0
-26.03,1625449482.0,64.0
-28.5,1625449482.0,64.0
-30.81,1625449482.0,64.0
-32.74,1625449482.0,64.0
-34.07,1625449482.0,64.0
-34.64,1625449482.0,64.0
-34.34,1625449482.0,64.0
-33.08,1625449482.0,64.0
-30.79,1625449482.0,64.0
-27.4,1625449482.0,64.0
-22.94,1625449482.0,64.0
-17.62,1625449482.0,64.0
-11.83,1625449482.0,64.0
-6.1,1625449482.0,64.0
-0.9,1625449482.0,64.0
3.5,1625449482.0,64.0
7.09,1625449482.0,64.0
10.03,1625449482.0,64.0
12.47,1625449482.0,64.0
14.47,1625449482.0,64.0
15.95,1625449482.0,64.0
16.84,1625449482.0,64.0
17.21,1625449482.0,64.0
17.32,1625449482.0,64.0
17.56,1625449482.0,64.0
18.25,1625449482.0,64.0
19.46,1625449482.0,64.0
20.99,1625449482.0,64.0
22.46,1625449482.0,64.0
23.51,1625449482.0,64.0
23.94,1625449482.0,64.0
23.76,1625449482.0,64.0
23.09,1625449482.0,64.0
22.0,1625449482.0,64.0
20.49,1625449482.0,64.0
18.43,1625449482.0,64.0
15.72,1625449482.0,64.0
12.35,1625449482.0,64.0
8.43,1625449482.0,64.0
4.17,1625449482.0,64.0
-0.13,1625449482.0,64.0
-4.19,1625449482.0,64.0
-7.75,1625449482.0,64.0
-10.64,1625449482.0,64.0
-12.86,1625449482.0,64.0
-14.56,1625449482.0,64.0
-16.05,1625449482.0,64.0
-17.68,1625449482.0,64.0
-19.73,1625449482.0,64.0
-22.28,1625449482.0,64.0
-25.19,1625449482.0,64.0
-28.18,1625449482.0,64.0
-30.98,1625449482.0,64.0
-33.37,1625449482.0,64.0
-35.13,1625449482.0,64.0
-36.03,1625449482.0,64.0
-35.73,1625449482.0,64.0
-33.91,1625449482.0,64.0
-30.41,1625449482.0,64.0
-25.35,1625449482.0,64.0
-19.16,1625449482.0,64.0
-12.45,1625449482.0,64.0
-5.75,1625449482.0,64.0
0.66,1625449482.0,64.0
6.77,1625449482.0,64.0
12.7,1625449482.0,64.0
18.49,1625449482.0,64.0
23.97,1625449482.0,64.0
28.8,1625449482.0,64.0
32.57,1625449482.0,64.0
35.11,1625449482.0,64.0
36.5,1625449482.0,64.0
37.1,1625449482.0,64.0
37.3,1625449482.0,64.0
37.43,1625449482.0,64.0
37.57,1625449482.0,64.0
37.6,1625449482.0,64.0
37.26,1625449482.0,64.0
36.29,1625449482.0,64.0
34.55,1625449482.0,64.0
31.95,1625449482.0,64.0
28.45,1625449482.0,64.0
24.04,1625449482.0,64.0
18.78,1625449482.0,64.0
12.86,1625449482.0,64.0
6.64,1625449482.0,64.0
0.63,1625449482.0,64.0
-4.64,1625449482.0,64.0
-8.81,1625449482.0,64.0
-11.78,1625449482.0,64.0
-13.77,1625449482.0,64.0
-15.14,1625449482.0,64.0
-16.23,1625449482.0,64.0
-17.19,1625449482.0,64.0
-17.97,1625449482.0,64.0
-18.36,1625449482.0,64.0
-18.2,1625449482.0,64.0
-17.54,1625449482.0,64.0
-16.73,1625449482.0,64.0
-16.26,1625449482.0,64.0
-16.64,1625449482.0,64.0
-18.17,1625449482.0,64.0
-20.86,1625449482.0,64.0
-24.46,1625449482.0,64.0
-28.53,1625449482.0,64.0
-32.63,1625449482.0,64.0
-36.28,1625449482.0,64.0
-39.01,1625449482.0,64.0
-40.3,1625449482.0,64.0
-39.72,1625449482.0,64.0
-37.03,1625449482.0,64.0
-32.28,1625449482.0,64.0
-25.88,1625449482.0,64.0
-18.49,1625449482.0,64.0
-10.68,1625449482.0,64.0
-2.89,1625449482.0,64.0
4.69,1625449482.0,64.0
11.95,1625449482.0,64.0
18.74,1625449482.0,64.0
24.66,1625449482.0,64.0
29.28,1625449482.0,64.0
32.25,1625449482.0,64.0
33.55,1625449482.0,64.0
33.49,1625449482.0,64.0
32.61,1625449482.0,64.0
31.4,1625449482.0,64.0
30.13,1625449482.0,64.0
28.84,1625449482.0,64.0
27.39,1625449482.0,64.0
25.72,1625449482.0,64.0
23.85,1625449482.0,64.0
21.94,1625449482.0,64.0
20.13,1625449482.0,64.0
18.49,1625449482.0,64.0
16.98,1625449482.0,64.0
15.47,1625449482.0,64.0
13.87,1625449482.0,64.0
12.15,1625449482.0,64.0
10.36,1625449482.0,64.0
8.58,1625449482.0,64.0
6.86,1625449482.0,64.0
5.17,1625449482.0,64.0
3.43,1625449482.0,64.0
1.51,1625449482.0,64.0
-0.65,1625449482.0,64.0
-3.03,1625449482.0,64.0
-5.51,1625449482.0,64.0
-7.9,1625449482.0,64.0
-10.1,1625449482.0,64.0
-12.12,1625449482.0,64.0
-14.02,1625449482.0,64.0
-15.9,1625449482.0,64.0
-17.75,1625449482.0,64.0
-19.5,1625449482.0,64.0
-21.18,1625449482.0,64.0
-22.96,1625449482.0,64.0
-25.18,1625449482.0,64.0
-28.16,1625449482.0,64.0
-31.91,1625449482.0,64.0
-35.93,1625449482.0,64.0
-39.33,1625449482.0,64.0
-41.05,1625449482.0,64.0
-40.35,1625449482.0,64.0
-37.05,1625449482.0,64.0
-31.57,1625449482.0,64.0
-24.69,1625449482.0,64.0
-17.19,1625449482.0,64.0
-9.65,1625449482.0,64.0
-2.37,1625449482.0,64.0
4.46,1625449482.0,64.0
10.62,1625449482.0,64.0
15.8,1625449482.0,64.0
19.67,1625449482.0,64.0
22.02,1625449482.0,64.0
22.94,1625449482.0,64.0
22.81,1625449482.0,64.0
22.17,1625449482.0,64.0
21.53,1625449482.0,64.0
21.2,1625449482.0,64.0
21.22,1625449482.0,64.0
21.4,1625449482.0,64.0
21.48,1625449482.0,64.0
21.27,1625449482.0,64.0
20.74,1625449482.0,64.0
20.02,1625449482.0,64.0
19.3,1625449482.0,64.0
18.68,1625449482.0,64.0
18.17,1625449482.0,64.0
17.68,1625449482.0,64.0
17.07,1625449482.0,64.0
16.26,1625449482.0,64.0
15.24,1625449482.0,64.0
14.01,1625449482.0,64.0
12.59,1625449482.0,64.0
11.0,1625449482.0,64.0
9.26,1625449482.0,64.0
7.48,1625449482.0,64.0
5.79,1625449482.0,64.0
4.29,1625449482.0,64.0
2.94,1625449482.0,64.0
1.54,1625449482.0,64.0
-0.15,1625449482.0,64.0
-2.27,1625449482.0,64.0
-4.76,1625449482.0,64.0
-7.34,1625449482.0,64.0
-9.72,1625449482.0,64.0
-11.83,1625449482.0,64.0
-13.91,1625449482.0,64.0
-16.35,1625449482.0,64.0
-19.4,1625449482.0,64.0
-22.89,1625449482.0,64.0
-26.15,1625449482.0,64.0
-28.32,1625449482.0,64.0
-28.67,1625449482.0,64.0
-26.95,1625449482.0,64.0
-23.48,1625449482.0,64.0
-18.86,1625449482.0,64.0
-13.7,1625449482.0,64.0
-8.35,1625449482.0,64.0
-2.91,1625449482.0,64.0
2.59,1625449482.0,64.0
7.95,1625449482.0,64.0
12.75,1625449482.0,64.0
16.45,1625449482.0,64.0
18.68,1625449482.0,64.0
19.41,1625449482.0,64.0
19.01,1625449482.0,64.0
18.06,1625449482.0,64.0
17.13,1625449482.0,64.0
16.52,1625449482.0,64.0
16.2,1625449482.0,64.0
15.92,1625449482.0,64.0
15.36,1625449482.0,64.0
14.37,1625449482.0,64.0
12.98,1625449482.0,64.0
11.42,1625449482.0,64.0
9.97,1625449482.0,64.0
8.89,1625449482.0,64.0
8.26,1625449482.0,64.0
8.0,1625449482.0,64.0
7.88,1625449482.0,64.0
7.66,1625449482.0,64.0
7.1,1625449482.0,64.0
6.07,1625449482.0,64.0
4.53,1625449482.0,64.0
2.54,1625449482.0,64.0
0.24,1625449482.0,64.0
-2.22,1625449482.0,64.0
-4.65,1625449482.0,64.0
-6.95,1625449482.0,64.0
-9.09,1625449482.0,64.0
-11.17,1625449482.0,64.0
-13.4,1625449482.0,64.0
-15.99,1625449482.0,64.0
-19.03,1625449482.0,64.0
-22.47,1625449482.0,64.0
-26.05,1625449482.0,64.0
-29.43,1625449482.0,64.0
-32.33,1625449482.0,64.0
-34.56,1625449482.0,64.0
-36.02,1625449482.0,64.0
-36.68,1625449482.0,64.0
-36.47,1625449482.0,64.0
-35.29,1625449482.0,64.0
-33.07,1625449482.0,64.0
-29.81,1625449482.0,64.0
-25.6,1625449482.0,64.0
-20.59,1625449482.0,64.0
-14.92,1625449482.0,64.0
-8.75,1625449482.0,64.0
-2.25,1625449482.0,64.0
4.31,1625449482.0,64.0
10.55,1625449482.0,64.0
15.97,1625449482.0,64.0
20.17,1625449482.0,64.0
22.93,1625449482.0,64.0
24.35,1625449482.0,64.0
24.77,1625449482.0,64.0
24.7,1625449482.0,64.0
24.56,1625449482.0,64.0
24.6,1625449482.0,64.0
24.8,1625449482.0,64.0
24.99,1625449482.0,64.0
24.91,1625449482.0,64.0
24.34,1625449482.0,64.0
23.2,1625449482.0,64.0
21.47,1625449482.0,64.0
19.22,1625449482.0,64.0
16.58,1625449482.0,64.0
13.72,1625449482.0,64.0
10.82,1625449482.0,64.0
8.11,1625449482.0,64.0
5.73,1625449482.0,64.0
3.76,1625449482.0,64.0
2.19,1625449482.0,64.0
0.88,1625449482.0,64.0
-0.3,1625449482.0,64.0
-1.53,1625449482.0,64.0
-2.92,1625449482.0,64.0
-4.54,1625449482.0,64.0
-6.45,1625449482.0,64.0
-8.64,1625449482.0,64.0
-11.08,1625449482.0,64.0
-13.7,1625449482.0,64.0
-16.41,1625449482.0,64.0
-19.12,1625449482.0,64.0
-21.76,1625449482.0,64.0
-24.31,1625449482.0,64.0
-26.83,1625449482.0,64.0
-29.4,1625449482.0,64.0
-32.06,1625449482.0,64.0
-34.79,1625449482.0,64.0
-37.37,1625449482.0,64.0
-39.43,1625449482.0,64.0
-40.51,1625449482.0,64.0
-40.22,1625449482.0,64.0
-38.33,1625449482.0,64.0
-34.94,1625449482.0,64.0
-30.32,1625449482.0,64.0
-24.89,1625449482.0,64.0
-19.02,1625449482.0,64.0
-12.95,1625449482.0,64.0
-6.81,1625449482.0,64.0
-0.71,1625449482.0,64.0
5.19,1625449482.0,64.0
10.73,1625449482.0,64.0
15.75,1625449482.0,64.0
20.19,1625449482.0,64.0
24.12,1625449482.0,64.0
27.63,1625449482.0,64.0
30.69,1625449482.0,64.0
33.12,1625449482.0,64.0
34.55,1625449482.0,64.0
34.61,1625449482.0,64.0
33.12,1625449482.0,64.0
30.26,1625449482.0,64.0
26.59,1625449482.0,64.0
22.87,1625449482.0,64.0
19.77,1625449482.0,64.0
17.53,1625449482.0,64.0
15.88,1625449482.0,64.0
14.11,1625449482.0,64.0
11.45,1625449482.0,64.0
7.51,1625449482.0,64.0
2.51,1625449482.0,64.0
-2.78,1625449482.0,64.0
-7.33,1625449482.0,64.0
-10.29,1625449482.0,64.0
-11.31,1625449482.0,64.0
-10.59,1625449482.0,64.0
-8.76,1625449482.0,64.0
-6.53,1625449482.0,64.0
-4.51,1625449482.0,64.0
-3.04,1625449482.0,64.0
-2.31,1625449482.0,64.0
-2.34,1625449482.0,64.0
-3.14,1625449482.0,64.0
-4.66,1625449482.0,64.0
-6.83,1625449482.0,64.0
-9.56,1625449482.0,64.0
-12.69,1625449482.0,64.0
-16.14,1625449482.0,64.0
-19.86,1625449482.0,64.0
-23.82,1625449482.0,64.0
-27.95,1625449482.0,64.0
-32.03,1625449482.0,64.0
-35.64,1625449482.0,64.0
-38.22,1625449482.0,64.0
-39.19,1625449482.0,64.0
-38.12,1625449482.0,64.0
-34.88,1625449482.0,64.0
-29.63,1625449482.0,64.0
-22.84,1625449482.0,64.0
-15.06,1625449482.0,64.0
-6.82,1625449482.0,64.0
1.39,1625449482.0,64.0
9.15,1625449482.0,64.0
16.07,1625449482.0,64.0
21.73,1625449482.0,64.0
25.81,1625449482.0,64.0
28.2,1625449482.0,64.0
29.06,1625449482.0,64.0
28.81,1625449482.0,64.0
28.0,1625449482.0,64.0
27.15,1625449482.0,64.0
26.55,1625449482.0,64.0
26.17,1625449482.0,64.0
25.8,1625449482.0,64.0
25.22,1625449482.0,64.0
24.27,1625449482.0,64.0
23.03,1625449482.0,64.0
21.63,1625449482.0,64.0
20.25,1625449482.0,64.0
18.91,1625449482.0,64.0
17.53,1625449482.0,64.0
15.96,1625449482.0,64.0
14.07,1625449482.0,64.0
11.89,1625449482.0,64.0
9.52,1625449482.0,64.0
7.11,1625449482.0,64.0
4.79,1625449482.0,64.0
2.56,1625449482.0,64.0
0.33,1625449482.0,64.0
-2.0,1625449482.0,64.0
-4.53,1625449482.0,64.0
-7.31,1625449482.0,64.0
-10.31,1625449482.0,64.0
-13.48,1625449482.0,64.0
-16.65,1625449482.0,64.0
-19.58,1625449482.0,64.0
-21.95,1625449482.0,64.0
-23.5,1625449482.0,64.0
-24.18,1625449482.0,64.0
-24.18,1625449482.0,64.0
-23.98,1625449482.0,64.0
-24.11,1625449482.0,64.0
-24.89,1625449482.0,64.0
-26.27,1625449482.0,64.0
-27.76,1625449482.0,64.0
-28.63,1625449482.0,64.0
-28.15,1625449482.0,64.0
-25.89,1625449482.0,64.0
-21.86,1625449482.0,64.0
-16.44,1625449482.0,64.0
-10.26,1625449482.0,64.0
-3.88,1625449482.0,64.0
2.29,1625449482.0,64.0
8.03,1625449482.0,64.0
13.24,1625449482.0,64.0
17.75,1625449482.0,64.0
21.29,1625449482.0,64.0
23.52,1625449482.0,64.0
24.19,1625449482.0,64.0
23.35,1625449482.0,64.0
21.37,1625449482.0,64.0
18.83,1625449482.0,64.0
16.36,1625449482.0,64.0
14.39,1625449482.0,64.0
13.13,1625449482.0,64.0
12.55,1625449482.0,64.0
12.51,1625449482.0,64.0
12.86,1625449482.0,64.0
13.44,1625449482.0,64.0
14.1,1625449482.0,64.0
14.63,1625449482.0,64.0
14.78,1625449482.0,64.0
14.29,1625449482.0,64.0
12.96,1625449482.0,64.0
10.78,1625449482.0,64.0
7.95,1625449482.0,64.0
4.95,1625449482.0,64.0
2.37,1625449482.0,64.0
0.81,1625449482.0,64.0
0.5,1625449482.0,64.0
1.26,1625449482.0,64.0
2.48,1625449482.0,64.0
3.44,1625449482.0,64.0
3.57,1625449482.0,64.0
2.64,1625449482.0,64.0
0.82,1625449482.0,64.0
-1.57,1625449482.0,64.0
-4.27,1625449482.0,64.0
-7.16,1625449482.0,64.0
-10.24,1625449482.0,64.0
-13.49,1625449482.0,64.0
-16.81,1625449482.0,64.0
-20.05,1625449482.0,64.0
-23.07,1625449482.0,64.0
-25.77,1625449482.0,64.0
-27.96,1625449482.0,64.0
-29.31,1625449482.0,64.0
-29.36,1625449482.0,64.0
-27.67,1625449482.0,64.0
-24.01,1625449482.0,64.0
-18.57,1625449482.0,64.0
-11.9,1625449482.0,64.0
-4.72,1625449482.0,64.0
2.26,1625449482.0,64.0
8.56,1625449482.0,64.0
13.88,1625449482.0,64.0
18.07,1625449482.0,64.0
21.08,1625449482.0,64.0
22.93,1625449482.0,64.0
23.74,1625449482.0,64.0
23.82,1625449482.0,64.0
23.54,1625449482.0,64.0
23.27,1625449482.0,64.0
23.19,1625449482.0,64.0
23.26,1625449482.0,64.0
23.28,1625449482.0,64.0
23.0,1625449482.0,64.0
22.28,1625449482.0,64.0
21.14,1625449482.0,64.0
19.73,1625449482.0,64.0
18.2,1625449482.0,64.0
16.66,1625449482.0,64.0
15.09,1625449482.0,64.0
13.38,1625449482.0,64.0
11.44,1625449482.0,64.0
9.25,1625449482.0,64.0
6.88,1625449482.0,64.0
4.47,1625449482.0,64.0
2.11,1625449482.0,64.0
-0.16,1625449482.0,64.0
-2.33,1625449482.0,64.0
-4.41,1625449482.0,64.0
-6.37,1625449482.0,64.0
-8.24,1625449482.0,64.0
-10.05,1625449482.0,64.0
-11.96,1625449482.0,64.0
-14.21,1625449482.0,64.0
-16.95,1625449482.0,64.0
-20.2,1625449482.0,64.0
-23.79,1625449482.0,64.0
-27.45,1625449482.0,64.0
-30.87,1625449482.0,64.0
-33.8,1625449482.0,64.0
-36.02,1625449482.0,64.0
-37.29,1625449482.0,64.0
-37.32,1625449482.0,64.0
-35.79,1625449482.0,64.0
-32.53,1625449482.0,64.0
-27.59,1625449482.0,64.0
-21.32,1625449482.0,64.0
-14.27,1625449482.0,64.0
-6.99,1625449482.0,64.0
0.04,1625449482.0,64.0
6.51,1625449482.0,64.0
12.24,1625449482.0,64.0
17.06,1625449482.0,64.0
20.8,1625449482.0,64.0
23.38,1625449482.0,64.0
24.84,1625449482.0,64.0
25.4,1625449482.0,64.0
25.44,1625449482.0,64.0
25.34,1625449482.0,64.0
25.36,1625449482.0,64.0
25.51,1625449482.0,64.0
25.65,1625449482.0,64.0
25.5,1625449482.0,64.0
24.9,1625449482.0,64.0
23.79,1625449482.0,64.0
22.33,1625449482.0,64.0
20.71,1625449482.0,64.0
19.06,1625449482.0,64.0
17.38,1625449482.0,64.0
15.48,1625449482.0,64.0
13.19,1625449482.0,64.0
10.44,1625449482.0,64.0
7.42,1625449482.0,64.0
4.43,1625449482.0,64.0
1.8,1625449482.0,64.0
-0.34,1625449482.0,64.0
-2.1,1625449482.0,64.0
-3.75,1625449482.0,64.0
-5.59,1625449482.0,64.0
-7.74,1625449482.0,64.0
-10.16,1625449482.0,64.0
-12.71,1625449482.0,64.0
-15.31,1625449482.0,64.0
-17.95,1625449482.0,64.0
-20.69,1625449482.0,64.0
-23.48,1625449482.0,64.0
-26.23,1625449482.0,64.0
-28.8,1625449482.0,64.0
-31.1,1625449482.0,64.0
-33.14,1625449482.0,64.0
-34.92,1625449482.0,64.0
-36.28,1625449482.0,64.0
-36.87,1625449482.0,64.0
-36.17,1625449482.0,64.0
-33.83,1625449482.0,64.0
-29.79,1625449482.0,64.0
-24.42,1625449482.0,64.0
-18.33,1625449482.0,64.0
-12.09,1625449482.0,64.0
-6.05,1625449482.0,64.0
-0.33,1625449482.0,64.0
5.08,1625449482.0,64.0
10.11,1625449482.0,64.0
14.55,1625449482.0,64.0
18.16,1625449482.0,64.0
20.83,1625449482.0,64.0
22.68,1625449482.0,64.0
24.0,1625449482.0,64.0
25.1,1625449482.0,64.0
26.13,1625449482.0,64.0
27.07,1625449482.0,64.0
27.83,1625449482.0,64.0
28.4,1625449482.0,64.0
28.89,1625449482.0,64.0
29.44,1625449482.0,64.0
30.05,1625449482.0,64.0
30.55,1625449482.0,64.0
30.61,1625449482.0,64.0
29.88,1625449482.0,64.0
28.18,1625449482.0,64.0
25.5,1625449482.0,64.0
22.04,1625449482.0,64.0
18.04,1625449482.0,64.0
13.81,1625449482.0,64.0
9.65,1625449482.0,64.0
5.91,1625449482.0,64.0
2.96,1625449482.0,64.0
0.96,1625449482.0,64.0
-0.2,1625449482.0,64.0
-1.02,1625449482.0,64.0
-2.2,1625449482.0,64.0
-4.39,1625449482.0,64.0
-7.86,1625449482.0,64.0
-12.38,1625449482.0,64.0
-17.3,1625449482.0,64.0
-21.9,1625449482.0,64.0
-25.69,1625449482.0,64.0
-28.6,1625449482.0,64.0
-30.98,1625449482.0,64.0
-33.31,1625449482.0,64.0
-35.95,1625449482.0,64.0
-38.85,1625449482.0,64.0
-41.56,1625449482.0,64.0
-43.35,1625449482.0,64.0
-43.49,1625449482.0,64.0
-41.54,1625449482.0,64.0
-37.45,1625449482.0,64.0
-31.56,1625449482.0,64.0
-24.4,1625449482.0,64.0
-16.54,1625449482.0,64.0
-8.47,1625449482.0,64.0
-0.58,1625449482.0,64.0
6.73,1625449482.0,64.0
13.06,1625449482.0,64.0
17.99,1625449482.0,64.0
21.29,1625449482.0,64.0
23.0,1625449482.0,64.0
23.49,1625449482.0,64.0
23.37,1625449482.0,64.0
23.26,1625449482.0,64.0
23.56,1625449482.0,64.0
24.37,1625449482.0,64.0
25.45,1625449482.0,64.0
26.44,1625449482.0,64.0
26.89,1625449482.0,64.0
26.5,1625449482.0,64.0
25.1,1625449482.0,64.0
22.75,1625449482.0,64.0
19.65,1625449482.0,64.0
16.15,1625449482.0,64.0
12.58,1625449482.0,64.0
9.23,1625449482.0,64.0
6.22,1625449482.0,64.0
3.54,1625449482.0,64.0
1.13,1625449482.0,64.0
-1.05,1625449482.0,64.0
-2.97,1625449482.0,64.0
-4.54,1625449482.0,64.0
-5.75,1625449482.0,64.0
-6.69,1625449482.0,64.0
-7.63,1625449482.0,64.0
-8.88,1625449482.0,64.0
-10.69,1625449482.0,64.0
-13.1,1625449482.0,64.0
-15.92,1625449482.0,64.0
-18.84,1625449482.0,64.0
-21.55,1625449482.0,64.0
-23.89,1625449482.0,64.0
-25.89,1625449482.0,64.0
-27.77,1625449482.0,64.0
-29.72,1625449482.0,64.0
-31.88,1625449482.0,64.0
-34.13,1625449482.0,64.0
-36.09,1625449482.0,64.0
-37.23,1625449482.0,64.0
-36.96,1625449482.0,64.0
-34.89,1625449482.0,64.0
-30.93,1625449482.0,64.0
-25.37,1625449482.0,64.0
-18.77,1625449482.0,64.0
-11.71,1625449482.0,64.0
-4.71,1625449482.0,64.0
1.93,1625449482.0,64.0
7.99,1625449482.0,64.0
13.26,1625449482.0,64.0
17.46,1625449482.0,64.0
20.3,1625449482.0,64.0
21.68,1625449482.0,64.0
21.8,1625449482.0,64.0
21.16,1625449482.0,64.0
20.38,1625449482.0,64.0
19.96,1625449482.0,64.0
20.12,1625449482.0,64.0
20.77,1625449482.0,64.0
21.7,1625449482.0,64.0
22.67,1625449482.0,64.0
23.57,1625449482.0,64.0
24.34,1625449482.0,64.0
24.9,1625449482.0,64.0
25.06,1625449482.0,64.0
24.59,1625449482.0,64.0
23.33,1625449482.0,64.0
21.28,1625449482.0,64.0
18.69,1625449482.0,64.0
15.86,1625449482.0,64.0
13.05,1625449482.0,64.0
10.36,1625449482.0,64.0
7.72,1625449482.0,64.0
5.07,1625449482.0,64.0
2.45,1625449482.0,64.0
0.07,1625449482.0,64.0
-1.88,1625449482.0,64.0
-3.33,1625449482.0,64.0
-4.4,1625449482.0,64.0
-5.33,1625449482.0,64.0
-6.26,1625449482.0,64.0
-7.19,1625449482.0,64.0
-8.02,1625449482.0,64.0
-8.73,1625449482.0,64.0
-9.58,1625449482.0,64.0
-11.14,1625449482.0,64.0
-13.96,1625449482.0,64.0
-18.26,1625449482.0,64.0
-23.6,1625449482.0,64.0
-28.96,1625449482.0,64.0
-33.07,1625449482.0,64.0
-34.89,1625449482.0,64.0
-33.95,1625449482.0,64.0
-30.43,1625449482.0,64.0
-24.96,1625449482.0,64.0
-18.26,1625449482.0,64.0
-10.86,1625449482.0,64.0
-3.11,1625449482.0,64.0
4.76,1625449482.0,64.0
12.37,1625449482.0,64.0
19.18,1625449482.0,64.0
24.54,1625449482.0,64.0
27.99,1625449482.0,64.0
29.49,1625449482.0,64.0
29.43,1625449482.0,64.0
28.58,1625449482.0,64.0
27.63,1625449482.0,64.0
26.98,1625449482.0,64.0
26.57,1625449482.0,64.0
26.04,1625449482.0,64.0
24.96,1625449482.0,64.0
23.14,1625449482.0,64.0
20.7,1625449482.0,64.0
18.03,1625449482.0,64.0
15.57,1625449482.0,64.0
13.61,1625449482.0,64.0
12.18,1625449482.0,64.0
11.09,1625449482.0,64.0
10.05,1625449482.0,64.0
8.79,1625449482.0,64.0
7.17,1625449482.0,64.0
5.18,1625449482.0,64.0
2.91,1625449482.0,64.0
0.47,1625449482.0,64.0
-2.04,1625449482.0,64.0
-4.56,1625449482.0,64.0
-7.13,1625449482.0,64.0
-9.81,1625449482.0,64.0
-12.68,1625449482.0,64.0
-15.76,1625449482.0,64.0
-18.99,1625449482.0,64.0
-22.15,1625449482.0,64.0
-24.96,1625449482.0,64.0
-27.11,1625449482.0,64.0
-28.34,1625449482.0,64.0
-28.58,1625449482.0,64.0
-27.89,1625449482.0,64.0
-26.42,1625449482.0,64.0
-24.34,1625449482.0,64.0
-21.78,1625449482.0,64.0
-18.83,1625449482.0,64.0
-15.57,1625449482.0,64.0
-12.11,1625449482.0,64.0
-8.57,1625449482.0,64.0
-4.98,1625449482.0,64.0
-1.33,1625449482.0,64.0
2.48,1625449482.0,64.0
6.47,1625449482.0,64.0
10.48,1625449482.0,64.0
14.13,1625449482.0,64.0
16.97,1625449482.0,64.0
18.7,1625449482.0,64.0
19.37,1625449482.0,64.0
19.38,1625449482.0,64.0
19.33,1625449482.0,64.0
19.69,1625449482.0,64.0
20.53,1625449482.0,64.0
21.53,1625449482.0,64.0
22.07,1625449482.0,64.0
21.57,1625449482.0,64.0
19.76,1625449482.0,64.0
16.8,1625449482.0,64.0
13.2,1625449482.0,64.0
9.71,1625449482.0,64.0
6.99,1625449482.0,64.0
5.47,1625449482.0,64.0
5.22,1625449482.0,64.0
5.88,1625449482.0,64.0
6.85,1625449482.0,64.0
7.45,1625449482.0,64.0
7.16,1625449482.0,64.0
5.76,1625449482.0,64.0
3.38,1625449482.0,64.0
0.4,1625449482.0,64.0
-2.72,1625449482.0,64.0
-5.62,1625449482.0,64.0
-8.14,1625449482.0,64.0
-10.39,1625449482.0,64.0
-12.63,1625449482.0,64.0
-15.27,1625449482.0,64.0
-18.66,1625449482.0,64.0
-22.98,1625449482.0,64.0
-28.17,1625449482.0,64.0
-33.82,1625449482.0,64.0
-39.23,1625449482.0,64.0
-43.53,1625449482.0,64.0
-45.89,1625449482.0,64.0
-45.76,1625449482.0,64.0
-43.04,1625449482.0,64.0
-38.08,1625449482.0,64.0
-31.62,1625449482.0,64.0
-24.57,1625449482.0,64.0
-17.71,1625449482.0,64.0
-11.57,1625449482.0,64.0
-6.26,1625449482.0,64.0
-1.55,1625449482.0,64.0
2.97,1625449482.0,64.0
7.65,1625449482.0,64.0
12.67,1625449482.0,64.0
17.88,1625449482.0,64.0
22.91,1625449482.0,64.0
27.2,1625449482.0,64.0
30.27,1625449482.0,64.0
31.86,1625449482.0,64.0
32.03,1625449482.0,64.0
31.2,1625449482.0,64.0
29.97,1625449482.0,64.0
28.91,1625449482.0,64.0
28.33,1625449482.0,64.0
28.2,1625449482.0,64.0
28.14,1625449482.0,64.0
27.64,1625449482.0,64.0
26.29,1625449482.0,64.0
23.91,1625449482.0,64.0
20.57,1625449482.0,64.0
16.59,1625449482.0,64.0
12.3,1625449482.0,64.0
7.97,1625449482.0,64.0
3.73,1625449482.0,64.0
-0.41,1625449482.0,64.0
-4.47,1625449482.0,64.0
-8.45,1625449482.0,64.0
-12.2,1625449482.0,64.0
-15.45,1625449482.0,64.0
-17.85,1625449482.0,64.0
-19.08,1625449482.0,64.0
-19.05,1625449482.0,64.0
-17.93,1625449482.0,64.0
-16.19,1625449482.0,64.0
-14.43,1625449482.0,64.0
-13.15,1625449482.0,64.0
-12.68,1625449482.0,64.0
-13.09,1625449482.0,64.0
-14.34,1625449482.0,64.0
-16.31,1625449482.0,64.0
-18.95,1625449482.0,64.0
-22.09,1625449482.0,64.0
-25.45,1625449482.0,64.0
-28.51,1625449482.0,64.0
-30.64,1625449482.0,64.0
-31.23,1625449482.0,64.0
-29.91,1625449482.0,64.0
-26.63,1625449482.0,64.0
-21.66,1625449482.0,64.0
-15.47,1625449482.0,64.0
-8.62,1625449482.0,64.0
-1.59,1625449482.0,64.0
5.19,1625449482.0,64.0
11.4,1625449482.0,64.0
16.76,1625449482.0,64.0
21.1,1625449482.0,64.0
24.4,1625449482.0,64.0
26.78,1625449482.0,64.0
28.44,1625449482.0,64.0
29.61,1625449482.0,64.0
30.4,1625449482.0,64.0
30.8,1625449482.0,64.0
30.69,1625449482.0,64.0
29.91,1625449482.0,64.0
28.36,1625449482.0,64.0
26.06,1625449482.0,64.0
23.14,1625449482.0,64.0
19.81,1625449482.0,64.0
16.32,1625449482.0,64.0
12.89,1625449482.0,64.0
9.74,1625449482.0,64.0
7.05,1625449482.0,64.0
4.96,1625449482.0,64.0
3.49,1625449482.0,64.0
2.58,1625449482.0,64.0
2.05,1625449482.0,64.0
1.66,1625449482.0,64.0
1.2,1625449482.0,64.0
0.53,1625449482.0,64.0
-0.41,1625449482.0,64.0
-1.64,1625449482.0,64.0
-3.16,1625449482.0,64.0
-5.0,1625449482.0,64.0
-7.24,1625449482.0,64.0
-9.93,1625449482.0,64.0
-13.09,1625449482.0,64.0
-16.67,1625449482.0,64.0
-20.52,1625449482.0,64.0
-24.52,1625449482.0,64.0
-28.46,1625449482.0,64.0
-32.13,1625449482.0,64.0
-35.21,1625449482.0,64.0
-37.26,1625449482.0,64.0
-37.85,1625449482.0,64.0
-36.68,1625449482.0,64.0
-33.74,1625449482.0,64.0
-29.32,1625449482.0,64.0
-23.94,1625449482.0,64.0
-18.09,1625449482.0,64.0
-12.08,1625449482.0,64.0
-6.04,1625449482.0,64.0
0.0,1625449482.0,64.0
5.96,1625449482.0,64.0
11.54,1625449482.0,64.0
16.36,1625449482.0,64.0
20.06,1625449482.0,64.0
22.5,1625449482.0,64.0
23.8,1625449482.0,64.0
24.26,1625449482.0,64.0
24.2,1625449482.0,64.0
23.86,1625449482.0,64.0
23.37,1625449482.0,64.0
22.78,1625449482.0,64.0
22.15,1625449482.0,64.0
21.54,1625449482.0,64.0
20.95,1625449482.0,64.0
20.35,1625449482.0,64.0
19.59,1625449482.0,64.0
18.5,1625449482.0,64.0
16.95,1625449482.0,64.0
14.9,1625449482.0,64.0
12.51,1625449482.0,64.0
10.04,1625449482.0,64.0
7.8,1625449482.0,64.0
6.01,1625449482.0,64.0
4.67,1625449482.0,64.0
3.56,1625449482.0,64.0
2.26,1625449482.0,64.0
0.4,1625449482.0,64.0
-2.21,1625449482.0,64.0
-5.38,1625449482.0,64.0
-8.61,1625449482.0,64.0
-11.26,1625449482.0,64.0
-12.86,1625449482.0,64.0
-13.23,1625449482.0,64.0
-12.63,1625449482.0,64.0
-11.64,1625449482.0,64.0
-10.98,1625449482.0,64.0
-11.32,1625449482.0,64.0
-13.12,1625449482.0,64.0
-16.47,1625449482.0,64.0
-21.09,1625449482.0,64.0
-26.24,1625449482.0,64.0
-30.84,1625449482.0,64.0
-33.75,1625449482.0,64.0
-33.99,1625449482.0,64.0
-31.12,1625449482.0,64.0
-25.36,1625449482.0,64.0
-17.54,1625449482.0,64.0
-8.83,1625449482.0,64.0
-0.36,1625449482.0,64.0
7.08,1625449482.0,64.0
13.16,1625449482.0,64.0
17.94,1625449482.0,64.0
21.64,1625449482.0,64.0
24.43,1625449482.0,64.0
26.41,1625449482.0,64.0
27.62,1625449482.0,64.0
28.16,1625449482.0,64.0
28.22,1625449482.0,64.0
28.03,1625449482.0,64.0
27.71,1625449482.0,64.0
27.16,1625449482.0,64.0
26.11,1625449482.0,64.0
24.24,1625449482.0,64.0
21.4,1625449482.0,64.0
17.77,1625449482.0,64.0
13.8,1625449482.0,64.0
10.11,1625449482.0,64.0
7.22,1625449482.0,64.0
5.38,1625449482.0,64.0
4.53,1625449482.0,64.0
4.32,1625449482.0,64.0
4.32,1625449482.0,64.0
4.18,1625449482.0,64.0
3.75,1625449482.0,64.0
3.05,1625449482.0,64.0
2.24,1625449482.0,64.0
1.52,1625449482.0,64.0
0.92,1625449482.0,64.0
0.32,1625449482.0,64.0
-0.61,1625449482.0,64.0
-2.22,1625449482.0,64.0
-4.79,1625449482.0,64.0
-8.32,1625449482.0,64.0
-12.59,1625449482.0,64.0
-17.16,1625449482.0,64.0
-21.59,1625449482.0,64.0
-25.57,1625449482.0,64.0
-28.95,1625449482.0,64.0
-31.71,1625449482.0,64.0
-33.8,1625449482.0,64.0
-35.04,1625449482.0,64.0
-35.11,1625449482.0,64.0
-33.63,1625449482.0,64.0
-30.39,1625449482.0,64.0
-25.44,1625449482.0,64.0
-19.16,1625449482.0,64.0
-12.13,1625449482.0,64.0
-4.99,1625449482.0,64.0
1.72,1625449482.0,64.0
7.68,1625449482.0,64.0
12.75,1625449482.0,64.0
16.9,1625449482.0,64.0
20.13,1625449482.0,64.0
22.43,1625449482.0,64.0
23.77,1625449482.0,64.0
24.24,1625449482.0,64.0
24.05,1625449482.0,64.0
23.53,1625449482.0,64.0
23.0,1625449482.0,64.0
22.68,1625449482.0,64.0
22.6,1625449482.0,64.0
22.57,1625449482.0,64.0
22.36,1625449482.0,64.0
21.75,1625449482.0,64.0
20.65,1625449482.0,64.0
19.1,1625449482.0,64.0
17.23,1625449482.0,64.0
15.19,1625449482.0,64.0
13.15,1625449482.0,64.0
11.26,1625449482.0,64.0
9.61,1625449482.0,64.0
8.25,1625449482.0,64.0
7.08,1625449482.0,64.0
5.9,1625449482.0,64.0
4.51,1625449482.0,64.0
2.72,1625449482.0,64.0
0.49,1625449482.0,64.0
-2.08,1625449482.0,64.0
-4.81,1625449482.0,64.0
-7.51,1625449482.0,64.0
-10.1,1625449482.0,64.0
-12.56,1625449482.0,64.0
-14.95,1625449482.0,64.0
-17.3,1625449482.0,64.0
-19.61,1625449482.0,64.0
-21.87,1625449482.0,64.0
-24.07,1625449482.0,64.0
-26.2,1625449482.0,64.0
-28.14,1625449482.0,64.0
-29.62,1625449482.0,64.0
-30.27,1625449482.0,64.0
-29.7,1625449482.0,64.0
-27.73,1625449482.0,64.0
-24.56,1625449482.0,64.0
-20.73,1625449482.0,64.0
-16.95,1625449482.0,64.0
-13.81,1625449482.0,64.0
-11.53,1625449482.0,64.0
-9.91,1625449482.0,64.0
-8.57,1625449482.0,64.0
-7.16,1625449482.0,64.0
-5.65,1625449482.0,64.0
-4.28,1625449482.0,64.0
-3.34,1625449482.0,64.0
-2.89,1625449482.0,64.0
-2.65,1625449482.0,64.0
-2.1,1625449482.0,64.0
-0.75,1625449482.0,64.0
1.51,1625449482.0,64.0
4.35,1625449482.0,64.0
7.09,1625449482.0,64.0
9.05,1625449482.0,64.0
9.87,1625449482.0,64.0
9.66,1625449482.0,64.0
8.92,1625449482.0,64.0
8.3,1625449482.0,64.0
8.32,1625449482.0,64.0
9.21,1625449482.0,64.0
10.87,1625449482.0,64.0
12.99,1625449482.0,64.0
15.14,1625449482.0,64.0
16.97,1625449482.0,64.0
18.25,1625449482.0,64.0
18.94,1625449482.0,64.0
19.17,1625449482.0,64.0
19.09,1625449482.0,64.0
18.83,1625449482.0,64.0
18.33,1625449482.0,64.0
17.4,1625449482.0,64.0
15.79,1625449482.0,64.0
13.4,1625449482.0,64.0
10.41,1625449482.0,64.0
7.21,1625449482.0,64.0
4.27,1625449482.0,64.0
1.93,1625449482.0,64.0
0.19,1625449482.0,64.0
-1.23,1625449482.0,64.0
-2.74,1625449482.0,64.0
-4.71,1625449482.0,64.0
-7.29,1625449482.0,64.0
-10.42,1625449482.0,64.0
-13.96,1625449482.0,64.0
-17.73,1625449482.0,64.0
-21.62,1625449482.0,64.0
-25.46,1625449482.0,64.0
-29.02,1625449482.0,64.0
-31.98,1625449482.0,64.0
-34.01,1625449482.0,64.0
-34.93,1625449482.0,64.0
-34.7,1625449482.0,64.0
-33.44,1625449482.0,64.0
-31.29,1625449482.0,64.0
-28.34,1625449482.0,64.0
-24.6,1625449482.0,64.0
-20.11,1625449482.0,64.0
-15.02,1625449482.0,64.0
-9.53,1625449482.0,64.0
-3.89,1625449482.0,64.0
1.71,1625449482.0,64.0
7.19,1625449482.0,64.0
12.49,1625449482.0,64.0
17.44,1625449482.0,64.0
21.73,1625449482.0,64.0
24.93,1625449482.0,64.0
26.72,1625449482.0,64.0
27.05,1625449482.0,64.0
26.25,1625449482.0,64.0
24.93,1625449482.0,64.0
23.77,1625449482.0,64.0
23.24,1625449482.0,64.0
23.45,1625449482.0,64.0
24.17,1625449482.0,64.0
24.94,1625449482.0,64.0
25.3,1625449482.0,64.0
24.92,1625449482.0,64.0
23.7,1625449482.0,64.0
21.71,1625449482.0,64.0
19.1,1625449482.0,64.0
16.12,1625449482.0,64.0
13.0,1625449482.0,64.0
10.02,1625449482.0,64.0
7.39,1625449482.0,64.0
5.22,1625449482.0,64.0
3.44,1625449482.0,64.0
1.81,1625449482.0,64.0
0.04,1625449482.0,64.0
-2.03,1625449482.0,64.0
-4.4,1625449482.0,64.0
-6.81,1625449482.0,64.0
-8.95,1625449482.0,64.0
-10.63,1625449482.0,64.0
-11.88,1625449482.0,64.0
-12.95,1625449482.0,64.0
-14.21,1625449482.0,64.0
-15.87,1625449482.0,64.0
-17.96,1625449482.0,64.0
-20.29,1625449482.0,64.0
-22.65,1625449482.0,64.0
-24.87,1625449482.0,64.0
-26.88,1625449482.0,64.0
-28.65,1625449482.0,64.0
-30.05,1625449482.0,64.0
-30.85,1625449482.0,64.0
-30.71,1625449482.0,64.0
-29.4,1625449482.0,64.0
-26.82,1625449482.0,64.0
-23.12,1625449482.0,64.0
-18.55,1625449482.0,64.0
-13.42,1625449482.0,64.0
-7.97,1625449482.0,64.0
-2.38,1625449482.0,64.0
3.17,1625449482.0,64.0
8.44,1625449482.0,64.0
13.11,1625449482.0,64.0
16.89,1625449482.0,64.0
19.57,1625449482.0,64.0
21.19,1625449482.0,64.0
21.98,1625449482.0,64.0
22.24,1625449482.0,64.0
22.24,1625449482.0,64.0
22.12,1625449482.0,64.0
21.87,1625449482.0,64.0
21.36,1625449482.0,64.0
20.51,1625449482.0,64.0
19.27,1625449482.0,64.0
17.71,1625449482.0,64.0
15.92,1625449482.0,64.0
13.99,1625449482.0,64.0
12.0,1625449482.0,64.0
9.96,1625449482.0,64.0
7.94,1625449482.0,64.0
5.99,1625449482.0,64.0
4.17,1625449482.0,64.0
2.47,1625449482.0,64.0
0.88,1625449482.0,64.0
-0.66,1625449482.0,64.0
-2.22,1625449482.0,64.0
-3.81,1625449482.0,64.0
-5.47,1625449482.0,64.0
-7.19,1625449482.0,64.0
-8.96,1625449482.0,64.0
-10.7,1625449482.0,64.0
-12.3,1625449482.0,64.0
-13.64,1625449482.0,64.0
-14.68,1625449482.0,64.0
-15.51,1625449482.0,64.0
-16.29,1625449482.0,64.0
-17.21,1625449482.0,64.0
-18.25,1625449482.0,64.0
-19.25,1625449482.0,64.0
-19.83,1625449482.0,64.0
-19.67,1625449482.0,64.0
-18.54,1625449482.0,64.0
-16.37,1625449482.0,64.0
-13.25,1625449482.0,64.0
-9.3,1625449482.0,64.0
-4.69,1625449482.0,64.0
0.33,1625449482.0,64.0
5.42,1625449482.0,64.0
10.22,1625449482.0,64.0
14.35,1625449482.0,64.0
17.64,1625449482.0,64.0
20.11,1625449482.0,64.0
21.91,1625449482.0,64.0
23.27,1625449482.0,64.0
24.28,1625449482.0,64.0
24.93,1625449482.0,64.0
25.11,1625449482.0,64.0
24.75,1625449482.0,64.0
23.84,1625449482.0,64.0
22.42,1625449482.0,64.0
20.49,1625449482.0,64.0
18.04,1625449482.0,64.0
15.1,1625449482.0,64.0
11.84,1625449482.0,64.0
8.6,1625449482.0,64.0
5.84,1625449482.0,64.0
3.96,1625449482.0,64.0
3.1,1625449482.0,64.0
3.09,1625449482.0,64.0
3.49,1625449482.0,64.0
3.81,1625449482.0,64.0
3.64,1625449482.0,64.0
2.83,1625449482.0,64.0
1.42,1625449482.0,64.0
-0.4,1625449482.0,64.0
-2.42,1625449482.0,64.0
-4.48,1625449482.0,64.0
-6.53,1625449482.0,64.0
-8.62,1625449482.0,64.0
-10.85,1625449482.0,64.0
-13.32,1625449482.0,64.0
-16.07,1625449482.0,64.0
-18.99,1625449482.0,64.0
-21.84,1625449482.0,64.0
-24.37,1625449482.0,64.0
-26.34,1625449482.0,64.0
-27.6,1625449482.0,64.0
-28.1,1625449482.0,64.0
-27.85,1625449482.0,64.0
-26.85,1625449482.0,64.0
-25.12,1625449482.0,64.0
-22.77,1625449482.0,64.0
-19.97,1625449482.0,64.0
-16.91,1625449482.0,64.0
-13.71,1625449482.0,64.0
-10.31,1625449482.0,64.0
-6.54,1625449482.0,64.0
-2.25,1625449482.0,64.0
2.51,1625449482.0,64.0
7.44,1625449482.0,64.0
12.04,1625449482.0,64.0
15.89,1625449482.0,64.0
18.82,1625449482.0,64.0
20.97,1625449482.0,64.0
22.72,1625449482.0,64.0
24.41,1625449482.0,64.0
26.18,1625449482.0,64.0
27.79,1625449482.0,64.0
28.8,1625449482.0,64.0
28.74,1625449482.0,64.0
27.34,1625449482.0,64.0
24.6,1625449482.0,64.0
20.81,1625449482.0,64.0
16.42,1625449482.0,64.0
11.91,1625449482.0,64.0
7.65,1625449482.0,64.0
3.91,1625449482.0,64.0
0.87,1625449482.0,64.0
-1.41,1625449482.0,64.0
-2.91,1625449482.0,64.0
-3.73,1625449482.0,64.0
-4.05,1625449482.0,64.0
-4.09,1625449482.0,64.0
-4.14,1625449482.0,64.0
-4.51,1625449482.0,64.0
-5.46,1625449482.0,64.0
-7.2,1625449482.0,64.0
-9.79,1625449482.0,64.0
-13.12,1625449482.0,64.0
-16.92,1625449482.0,64.0
-20.85,1625449482.0,64.0
-24.56,1625449482.0,64.0
-27.82,1625449482.0,64.0
-30.54,1625449482.0,64.0
-32.69,1625449482.0,64.0
-34.21,1625449482.0,64.0
-34.98,1625449482.0,64.0
-34.75,1625449482.0,64.0
-33.29,1625449482.0,64.0
-30.52,1625449482.0,64.0
-26.49,1625449482.0,64.0
-21.43,1625449482.0,64.0
-15.58,1625449482.0,64.0
-9.19,1625449482.0,64.0
-2.47,1625449482.0,64.0
4.28,1625449482.0,64.0
10.69,1625449482.0,64.0
16.28,1625449482.0,64.0
20.66,1625449482.0,64.0
23.62,1625449482.0,64.0
25.23,1625449482.0,64.0
25.84,1625449482.0,64.0
25.88,1625449482.0,64.0
25.74,1625449482.0,64.0
25.62,1625449482.0,64.0
25.5,1625449482.0,64.0
25.2,1625449482.0,64.0
24.52,1625449482.0,64.0
23.24,1625449482.0,64.0
21.31,1625449482.0,64.0
18.81,1625449482.0,64.0
16.02,1625449482.0,64.0
13.27,1625449482.0,64.0
10.89,1625449482.0,64.0
9.06,1625449482.0,64.0
7.77,1625449482.0,64.0
6.84,1625449482.0,64.0
6.03,1625449482.0,64.0
5.18,1625449482.0,64.0
4.18,1625449482.0,64.0
3.03,1625449482.0,64.0
1.66,1625449482.0,64.0
-0.0,1625449482.0,64.0
-2.06,1625449482.0,64.0
-4.56,1625449482.0,64.0
-7.47,1625449482.0,64.0
-10.69,1625449482.0,64.0
-14.07,1625449482.0,64.0
-17.48,1625449482.0,64.0
-20.78,1625449482.0,64.0
-23.9,1625449482.0,64.0
-26.77,1625449482.0,64.0
-29.31,1625449482.0,64.0
-31.43,1625449482.0,64.0
-32.96,1625449482.0,64.0
-33.7,1625449482.0,64.0
-33.44,1625449482.0,64.0
-32.03,1625449482.0,64.0
-29.47,1625449482.0,64.0
-25.91,1625449482.0,64.0
-21.58,1625449482.0,64.0
-16.74,1625449482.0,64.0
-11.52,1625449482.0,64.0
-6.02,1625449482.0,64.0
-0.33,1625449482.0,64.0
5.36,1625449482.0,64.0
10.75,1625449482.0,64.0
15.54,1625449482.0,64.0
19.59,1625449482.0,64.0
22.94,1625449482.0,64.0
25.8,1625449482.0,64.0
28.37,1625449482.0,64.0
30.74,1625449482.0,64.0
32.84,1625449482.0,64.0
34.41,1625449482.0,64.0
35.21,1625449482.0,64.0
35.09,1625449482.0,64.0
34.06,1625449482.0,64.0
32.22,1625449482.0,64.0
29.76,1625449482.0,64.0
26.85,1625449482.0,64.0
23.67,1625449482.0,64.0
20.4,1625449482.0,64.0
17.2,1625449482.0,64.0
14.2,1625449482.0,64.0
11.43,1625449482.0,64.0
8.86,1625449482.0,64.0
6.41,1625449482.0,64.0
4.06,1625449482.0,64.0
1.82,1625449482.0,64.0
-0.25,1625449482.0,64.0
-2.1,1625449482.0,64.0
-3.8,1625449482.0,64.0
-5.47,1625449482.0,64.0
-7.31,1625449482.0,64.0
-9.52,1625449482.0,64.0
-12.21,1625449482.0,64.0
-15.4,1625449482.0,64.0
-19.0,1625449482.0,64.0
-22.84,1625449482.0,64.0
-26.72,1625449482.0,64.0
-30.42,1625449482.0,64.0
-33.77,1625449482.0,64.0
-36.61,1625449482.0,64.0
-38.73,1625449482.0,64.0
-39.85,1625449482.0,64.0
-39.64,1625449482.0,64.0
-37.84,1625449482.0,64.0
-34.3,1625449482.0,64.0
-29.21,1625449482.0,64.0
-22.94,1625449482.0,64.0
-16.07,1625449482.0,64.0
-9.11,1625449482.0,64.0
-2.41,1625449482.0,64.0
3.84,1625449482.0,64.0
9.56,1625449482.0,64.0
14.63,1625449482.0,64.0
18.9,1625449482.0,64.0
22.21,1625449482.0,64.0
24.56,1625449482.0,64.0
26.12,1625449482.0,64.0
27.21,1625449482.0,64.0
28.12,1625449482.0,64.0
28.92,1625449482.0,64.0
29.48,1625449482.0,64.0
29.54,1625449482.0,64.0
28.85,1625449482.0,64.0
27.43,1625449482.0,64.0
25.44,1625449482.0,64.0
23.18,1625449482.0,64.0
20.9,1625449482.0,64.0
18.68,1625449482.0,64.0
16.46,1625449482.0,64.0
14.17,1625449482.0,64.0
11.75,1625449482.0,64.0
9.26,1625449482.0,64.0
6.8,1625449482.0,64.0
4.46,1625449482.0,64.0
2.22,1625449482.0,64.0
0.07,1625449482.0,64.0
-2.07,1625449482.0,64.0
-4.21,1625449482.0,64.0
-6.35,1625449482.0,64.0
-8.48,1625449482.0,64.0
-10.59,1625449482.0,64.0
-12.7,1625449482.0,64.0
-14.81,1625449482.0,64.0
-16.93,1625449482.0,64.0
-19.06,1625449482.0,64.0
-21.22,1625449482.0,64.0
-23.43,1625449482.0,64.0
-25.77,1625449482.0,64.0
-28.24,1625449482.0,64.0
-30.73,1625449482.0,64.0
-32.95,1625449482.0,64.0
-34.46,1625449482.0,64.0
-34.76,1625449482.0,64.0
-33.44,1625449482.0,64.0
-30.36,1625449482.0,64.0
-25.65,1625449482.0,64.0
-19.71,1625449482.0,64.0
-13.07,1625449482.0,64.0
-6.28,1625449482.0,64.0
0.2,1625449482.0,64.0
6.02,1625449482.0,64.0
10.9,1625449482.0,64.0
14.72,1625449482.0,64.0
17.49,1625449482.0,64.0
19.43,1625449482.0,64.0
20.91,1625449482.0,64.0
22.39,1625449482.0,64.0
24.24,1625449482.0,64.0
26.57,1625449482.0,64.0
29.17,1625449482.0,64.0
31.6,1625449482.0,64.0
33.36,1625449482.0,64.0
34.04,1625449482.0,64.0
33.45,1625449482.0,64.0
31.65,1625449482.0,64.0
28.88,1625449482.0,64.0
25.5,1625449482.0,64.0
21.89,1625449482.0,64.0
18.38,1625449482.0,64.0
15.19,1625449482.0,64.0
12.34,1625449482.0,64.0
9.69,1625449482.0,64.0
7.04,1625449482.0,64.0
4.31,1625449482.0,64.0
1.61,1625449482.0,64.0
-0.75,1625449482.0,64.0
-2.47,1625449482.0,64.0
-3.46,1625449482.0,64.0
-3.9,1625449482.0,64.0
-4.21,1625449482.0,64.0
-4.84,1625449482.0,64.0
-6.0,1625449482.0,64.0
-7.68,1625449482.0,64.0
-9.74,1625449482.0,64.0
-12.02,1625449482.0,64.0
-14.51,1625449482.0,64.0
-17.25,1625449482.0,64.0
-20.16,1625449482.0,64.0
-22.93,1625449482.0,64.0
-25.03,1625449482.0,64.0
-25.88,1625449482.0,64.0
-25.13,1625449482.0,64.0
-22.74,1625449482.0,64.0
-19.02,1625449482.0,64.0
-14.44,1625449482.0,64.0
-9.44,1625449482.0,64.0
-4.29,1625449482.0,64.0
0.9,1625449482.0,64.0
6.05,1625449482.0,64.0
11.02,1625449482.0,64.0
15.52,1625449482.0,64.0
19.18,1625449482.0,64.0
21.73,1625449482.0,64.0
23.09,1625449482.0,64.0
23.47,1625449482.0,64.0
23.25,1625449482.0,64.0
22.8,1625449482.0,64.0
22.36,1625449482.0,64.0
21.89,1625449482.0,64.0
21.19,1625449482.0,64.0
20.04,1625449482.0,64.0
18.34,1625449482.0,64.0
16.18,1625449482.0,64.0
13.82,1625449482.0,64.0
11.53,1625449482.0,64.0
9.49,1625449482.0,64.0
7.73,1625449482.0,64.0
6.1,1625449482.0,64.0
4.39,1625449482.0,64.0
2.46,1625449482.0,64.0
0.32,1625449482.0,64.0
-1.85,1625449482.0,64.0
-3.82,1625449482.0,64.0
-5.4,1625449482.0,64.0
-6.61,1625449482.0,64.0
-7.65,1625449482.0,64.0
-8.88,1625449482.0,64.0
-10.6,1625449482.0,64.0
-13.02,1625449482.0,64.0
-16.07,1625449482.0,64.0
-19.59,1625449482.0,64.0
-23.26,1625449482.0,64.0
-26.82,1625449482.0,64.0
-30.09,1625449482.0,64.0
-32.97,1625449482.0,64.0
-35.42,1625449482.0,64.0
-37.37,1625449482.0,64.0
-38.67,1625449482.0,64.0
-39.07,1625449482.0,64.0
-38.24,1625449482.0,64.0
-35.9,1625449482.0,64.0
-31.94,1625449482.0,64.0
-26.51,1625449482.0,64.0
-19.95,1625449482.0,64.0
-12.73,1625449482.0,64.0
-5.24,1625449482.0,64.0
2.23,1625449482.0,64.0
9.42,1625449482.0,64.0
16.02,1625449482.0,64.0
21.6,1625449482.0,64.0
25.75,1625449482.0,64.0
28.18,1625449482.0,64.0
28.96,1625449482.0,64.0
28.55,1625449482.0,64.0
27.6,1625449482.0,64.0
26.7,1625449482.0,64.0
26.17,1625449482.0,64.0
25.96,1625449482.0,64.0
25.76,1625449482.0,64.0
25.22,1625449482.0,64.0
24.13,1625449482.0,64.0
22.53,1625449482.0,64.0
20.54,1625449482.0,64.0
18.35,1625449482.0,64.0
16.05,1625449482.0,64.0
13.66,1625449482.0,64.0
11.15,1625449482.0,64.0
8.52,1625449482.0,64.0
5.8,1625449482.0,64.0
2.96,1625449482.0,64.0
0.01,1625449482.0,64.0
-3.03,1625449482.0,64.0
-6.01,1625449482.0,64.0
-8.68,1625449482.0,64.0
-10.68,1625449482.0,64.0
-11.8,1625449482.0,64.0
-12.1,1625449482.0,64.0
-12.0,1625449482.0,64.0
-12.17,1625449482.0,64.0
-13.25,1625449482.0,64.0
-15.56,1625449482.0,64.0
-18.87,1625449482.0,64.0
-22.51,1625449482.0,64.0
-25.69,1625449482.0,64.0
-27.88,1625449482.0,64.0
-29.02,1625449482.0,64.0
-29.5,1625449482.0,64.0
-29.85,1625449482.0,64.0
-30.38,1625449482.0,64.0
-30.96,1625449482.0,64.0
-31.03,1625449482.0,64.0
-29.94,1625449482.0,64.0
-27.26,1625449482.0,64.0
-22.99,1625449482.0,64.0
-17.48,1625449482.0,64.0
-11.28,1625449482.0,64.0
-4.9,1625449482.0,64.0
1.32,1625449482.0,64.0
7.13,1625449482.0,64.0
12.21,1625449482.0,64.0
16.2,1625449482.0,64.0
18.71,1625449482.0,64.0
19.58,1625449482.0,64.0
19.07,1625449482.0,64.0
17.78,1625449482.0,64.0
16.54,1625449482.0,64.0
16.05,1625449482.0,64.0
16.61,1625449482.0,64.0
18.07,1625449482.0,64.0
19.92,1625449482.0,64.0
21.56,1625449482.0,64.0
22.52,1625449482.0,64.0
22.62,1625449482.0,64.0
21.92,1625449482.0,64.0
20.63,1625449482.0,64.0
18.98,1625449482.0,64.0
17.16,1625449482.0,64.0
15.25,1625449482.0,64.0
13.26,1625449482.0,64.0
11.16,1625449482.0,64.0
8.86,1625449482.0,64.0
6.28,1625449482.0,64.0
3.37,1625449482.0,64.0
0.18,1625449482.0,64.0
-3.16,1625449482.0,64.0
-6.42,1625449482.0,64.0
-9.35,1625449482.0,64.0
-11.77,1625449482.0,64.0
-13.57,1625449482.0,64.0
-14.81,1625449482.0,64.0
-15.71,1625449482.0,64.0
-16.55,1625449482.0,64.0
-17.63,1625449482.0,64.0
-19.12,1625449482.0,64.0
-21.08,1625449482.0,64.0
-23.45,1625449482.0,64.0
-26.11,1625449482.0,64.0
-28.91,1625449482.0,64.0
-31.64,1625449482.0,64.0
-33.96,1625449482.0,64.0
-35.49,1625449482.0,64.0
-35.79,1625449482.0,64.0
-34.6,1625449482.0,64.0
-31.87,1625449482.0,64.0
-27.84,1625449482.0,64.0
-22.86,1625449482.0,64.0
-17.29,1625449482.0,64.0
-11.3,1625449482.0,64.0
-4.98,1625449482.0,64.0
1.61,1625449482.0,64.0
8.21,1625449482.0,64.0
14.35,1625449482.0,64.0
19.43,1625449482.0,64.0
22.97,1625449482.0,64.0
24.83,1625449482.0,64.0
25.29,1625449482.0,64.0
24.97,1625449482.0,64.0
24.56,1625449482.0,64.0
24.52,1625449482.0,64.0
24.96,1625449482.0,64.0
25.6,1625449482.0,64.0
26.0,1625449482.0,64.0
25.77,1625449482.0,64.0
24.76,1625449482.0,64.0
23.07,1625449482.0,64.0
20.96,1625449482.0,64.0
18.73,1625449482.0,64.0
16.51,1625449482.0,64.0
14.33,1625449482.0,64.0
12.16,1625449482.0,64.0
9.96,1625449482.0,64.0
7.79,1625449482.0,64.0
5.72,1625449482.0,64.0
3.82,1625449482.0,64.0
2.07,1625449482.0,64.0
0.38,1625449482.0,64.0
-1.36,1625449482.0,64.0
-3.21,1625449482.0,64.0
-5.2,1625449482.0,64.0
-7.35,1625449482.0,64.0
-9.62,1625449482.0,64.0
-11.99,1625449482.0,64.0
-14.4,1625449482.0,64.0
-16.77,1625449482.0,64.0
-19.04,1625449482.0,64.0
-21.2,1625449482.0,64.0
-23.33,1625449482.0,64.0
-25.49,1625449482.0,64.0
-27.73,1625449482.0,64.0
-29.88,1625449482.0,64.0
-31.61,1625449482.0,64.0
-32.43,1625449482.0,64.0
-31.88,1625449482.0,64.0
-29.7,1625449482.0,64.0
-25.91,1625449482.0,64.0
-20.8,1625449482.0,64.0
-14.78,1625449482.0,64.0
-8.29,1625449482.0,64.0
-1.67,1625449482.0,64.0
4.8,1625449482.0,64.0
10.86,1625449482.0,64.0
16.21,1625449482.0,64.0
20.56,1625449482.0,64.0
23.65,1625449482.0,64.0
25.44,1625449482.0,64.0
26.12,1625449482.0,64.0
26.12,1625449482.0,64.0
25.92,1625449482.0,64.0
25.91,1625449482.0,64.0
26.18,1625449482.0,64.0
26.57,1625449482.0,64.0
26.7,1625449482.0,64.0
26.15,1625449482.0,64.0
24.64,1625449482.0,64.0
22.12,1625449482.0,64.0
18.81,1625449482.0,64.0
15.21,1625449482.0,64.0
11.89,1625449482.0,64.0
9.41,1625449482.0,64.0
8.06,1625449482.0,64.0
7.75,1625449482.0,64.0
8.07,1625449482.0,64.0
8.47,1625449482.0,64.0
8.49,1625449482.0,64.0
7.97,1625449482.0,64.0
7.02,1625449482.0,64.0
5.84,1625449482.0,64.0
4.51,1625449482.0,64.0
2.88,1625449482.0,64.0
0.67,1625449482.0,64.0
-2.31,1625449482.0,64.0
-6.02,1625449482.0,64.0
-10.17,1625449482.0,64.0
-14.34,1625449482.0,64.0
-18.2,1625449482.0,64.0
-21.6,1625449482.0,64.0
-24.53,1625449482.0,64.0
-27.0,1625449482.0,64.0
-28.97,1625449482.0,64.0
-30.28,1625449482.0,64.0
-30.73,1625449482.0,64.0
-30.23,1625449482.0,64.0
-28.81,1625449482.0,64.0
-26.61,1625449482.0,64.0
-23.85,1625449482.0,64.0
-20.66,1625449482.0,64.0
-17.07,1625449482.0,64.0
-13.02,1625449482.0,64.0
-8.41,1625449482.0,64.0
-3.21,1625449482.0,64.0
2.42,1625449482.0,64.0
8.17,1625449482.0,64.0
13.6,1625449482.0,64.0
18.27,1625449482.0,64.0
21.96,1625449482.0,64.0
24.68,1625449482.0,64.0
26.68,1625449482.0,64.0
28.25,1625449482.0,64.0
29.61,1625449482.0,64.0
30.78,1625449482.0,64.0
31.58,1625449482.0,64.0
31.74,1625449482.0,64.0
31.03,1625449482.0,64.0
29.4,1625449482.0,64.0
26.95,1625449482.0,64.0
23.95,1625449482.0,64.0
20.69,1625449482.0,64.0
17.43,1625449482.0,64.0
14.34,1625449482.0,64.0
11.51,1625449482.0,64.0
8.97,1625449482.0,64.0
6.7,1625449482.0,64.0
4.69,1625449482.0,64.0
2.89,1625449482.0,64.0
1.25,1625449482.0,64.0
-0.3,1625449482.0,64.0
-1.89,1625449482.0,64.0
-3.67,1625449482.0,64.0
-5.81,1625449482.0,64.0
-8.41,1625449482.0,64.0
-11.44,1625449482.0,64.0
-14.75,1625449482.0,64.0
-18.11,1625449482.0,64.0
-21.31,1625449482.0,64.0
-24.29,1625449482.0,64.0
-27.16,1625449482.0,64.0
-30.16,1625449482.0,64.0
-33.45,1625449482.0,64.0
-36.93,1625449482.0,64.0
-40.18,1625449482.0,64.0
-42.5,1625449482.0,64.0
-43.14,1625449482.0,64.0
-41.6,1625449482.0,64.0
-37.87,1625449482.0,64.0
-32.39,1625449482.0,64.0
-25.91,1625449482.0,64.0
-19.13,1625449482.0,64.0
-12.43,1625449482.0,64.0
-5.81,1625449482.0,64.0
0.94,1625449482.0,64.0
7.96,1625449482.0,64.0
15.05,1625449482.0,64.0
21.68,1625449482.0,64.0
27.14,1625449482.0,64.0
30.87,1625449482.0,64.0
32.72,1625449482.0,64.0
32.96,1625449482.0,64.0
32.2,1625449482.0,64.0
31.06,1625449482.0,64.0
29.97,1625449482.0,64.0
29.0,1625449482.0,64.0
28.02,1625449482.0,64.0
26.76,1625449482.0,64.0
25.08,1625449482.0,64.0
23.05,1625449482.0,64.0
20.86,1625449482.0,64.0
18.78,1625449482.0,64.0
16.97,1625449482.0,64.0
15.41,1625449482.0,64.0
13.94,1625449482.0,64.0
12.31,1625449482.0,64.0
10.36,1625449482.0,64.0
8.03,1625449482.0,64.0
5.43,1625449482.0,64.0
2.71,1625449482.0,64.0
-0.06,1625449482.0,64.0
-2.88,1625449482.0,64.0
-5.82,1625449482.0,64.0
-8.94,1625449482.0,64.0
-12.18,1625449482.0,64.0
-15.38,1625449482.0,64.0
-18.39,1625449482.0,64.0
-21.15,1625449482.0,64.0
-23.73,1625449482.0,64.0
-26.29,1625449482.0,64.0
-28.97,1625449482.0,64.0
-31.78,1625449482.0,64.0
-34.6,1625449482.0,64.0
-37.24,1625449482.0,64.0
-39.52,1625449482.0,64.0
-41.34,1625449482.0,64.0
-42.59,1625449482.0,64.0
-43.06,1625449482.0,64.0
-42.44,1625449482.0,64.0
-40.35,1625449482.0,64.0
-36.48,1625449482.0,64.0
-30.72,1625449482.0,64.0
-23.19,1625449482.0,64.0
-14.23,1625449482.0,64.0
-4.38,1625449482.0,64.0
5.62,1625449482.0,64.0
14.9,1625449482.0,64.0
22.6,1625449482.0,64.0
28.21,1625449482.0,64.0
31.75,1625449482.0,64.0
33.86,1625449482.0,64.0
35.51,1625449482.0,64.0
37.51,1625449482.0,64.0
40.11,1625449482.0,64.0
42.89,1625449482.0,64.0
45.01,1625449482.0,64.0
45.63,1625449482.0,64.0
44.3,1625449482.0,64.0
41.01,1625449482.0,64.0
36.08,1625449482.0,64.0
30.04,1625449482.0,64.0
23.5,1625449482.0,64.0
17.24,1625449482.0,64.0
12.14,1625449482.0,64.0
8.88,1625449482.0,64.0
7.64,1625449482.0,64.0
7.86,1625449482.0,64.0
8.34,1625449482.0,64.0
7.84,1625449482.0,64.0
5.63,1625449482.0,64.0
1.84,1625449482.0,64.0
-2.71,1625449482.0,64.0
-7.01,1625449482.0,64.0
-10.43,1625449482.0,64.0
-12.91,1625449482.0,64.0
-14.9,1625449482.0,64.0
-16.89,1625449482.0,64.0
-19.14,1625449482.0,64.0
-21.54,1625449482.0,64.0
-23.79,1625449482.0,64.0
-25.63,1625449482.0,64.0
-27.02,1625449482.0,64.0
-28.13,1625449482.0,64.0
-29.18,1625449482.0,64.0
-30.37,1625449482.0,64.0
-31.74,1625449482.0,64.0
-33.2,1625449482.0,64.0
-34.54,1625449482.0,64.0
-35.45,1625449482.0,64.0
-35.58,1625449482.0,64.0
-34.59,1625449482.0,64.0
-32.24,1625449482.0,64.0
-28.46,1625449482.0,64.0
-23.35,1625449482.0,64.0
-17.15,1625449482.0,64.0
-10.11,1625449482.0,64.0
-2.52,1625449482.0,64.0
5.3,1625449482.0,64.0
12.93,1625449482.0,64.0
19.77,1625449482.0,64.0
25.18,1625449482.0,64.0
28.68,1625449482.0,64.0
30.16,1625449482.0,64.0
30.02,1625449482.0,64.0
29.02,1625449482.0,64.0
27.99,1625449482.0,64.0
27.51,1625449482.0,64.0
27.66,1625449482.0,64.0
28.1,1625449482.0,64.0
28.31,1625449482.0,64.0
27.84,1625449482.0,64.0
26.53,1625449482.0,64.0
24.53,1625449482.0,64.0
22.19,1625449482.0,64.0
19.85,1625449482.0,64.0
17.72,1625449482.0,64.0
15.79,1625449482.0,64.0
13.92,1625449482.0,64.0
11.9,1625449482.0,64.0
9.63,1625449482.0,64.0
7.15,1625449482.0,64.0
4.63,1625449482.0,64.0
2.33,1625449482.0,64.0
0.4,1625449482.0,64.0
-1.12,1625449482.0,64.0
-2.36,1625449482.0,64.0
-3.52,1625449482.0,64.0
-4.77,1625449482.0,64.0
-6.23,1625449482.0,64.0
-7.97,1625449482.0,64.0
-10.0,1625449482.0,64.0
-12.32,1625449482.0,64.0
-14.86,1625449482.0,64.0
-17.49,1625449482.0,64.0
-20.12,1625449482.0,64.0
-22.7,1625449482.0,64.0
-25.28,1625449482.0,64.0
-27.86,1625449482.0,64.0
-30.3,1625449482.0,64.0
-32.23,1625449482.0,64.0
-33.07,1625449482.0,64.0
-32.29,1625449482.0,64.0
-29.64,1625449482.0,64.0
-25.25,1625449482.0,64.0
-19.62,1625449482.0,64.0
-13.34,1625449482.0,64.0
-6.89,1625449482.0,64.0
-0.59,1625449482.0,64.0
5.41,1625449482.0,64.0
10.9,1625449482.0,64.0
15.61,1625449482.0,64.0
19.24,1625449482.0,64.0
21.57,1625449482.0,64.0
22.69,1625449482.0,64.0
22.94,1625449482.0,64.0
22.83,1625449482.0,64.0
22.84,1625449482.0,64.0
23.23,1625449482.0,64.0
23.97,1625449482.0,64.0
24.76,1625449482.0,64.0
25.22,1625449482.0,64.0
25.09,1625449482.0,64.0
24.34,1625449482.0,64.0
23.17,1625449482.0,64.0
21.91,1625449482.0,64.0
20.76,1625449482.0,64.0
19.72,1625449482.0,64.0
18.57,1625449482.0,64.0
17.03,1625449482.0,64.0
14.94,1625449482.0,64.0
12.38,1625449482.0,64.0
9.66,1625449482.0,64.0
7.09,1625449482.0,64.0
4.82,1625449482.0,64.0
2.76,1625449482.0,64.0
0.69,1625449482.0,64.0
-1.58,1625449482.0,64.0
-4.1,1625449482.0,64.0
-6.71,1625449482.0,64.0
-9.25,1625449482.0,64.0
-11.63,1625449482.0,64.0
-13.98,1625449482.0,64.0
-16.46,1625449482.0,64.0
-19.22,1625449482.0,64.0
-22.2,1625449482.0,64.0
-25.22,1625449482.0,64.0
-28.07,1625449482.0,64.0
-30.64,1625449482.0,64.0
-32.95,1625449482.0,64.0
-34.97,1625449482.0,64.0
-36.51,1625449482.0,64.0
-37.15,1625449482.0,64.0
-36.33,1625449482.0,64.0
-33.61,1625449482.0,64.0
-28.9,1625449482.0,64.0
-22.52,1625449482.0,64.0
-15.13,1625449482.0,64.0
-7.43,1625449482.0,64.0
-0.04,1625449482.0,64.0
6.56,1625449482.0,64.0
12.08,1625449482.0,64.0
16.32,1625449482.0,64.0
19.23,1625449482.0,64.0
20.93,1625449482.0,64.0
21.72,1625449482.0,64.0
22.02,1625449482.0,64.0
22.28,1625449482.0,64.0
22.85,1625449482.0,64.0
23.92,1625449482.0,64.0
25.46,1625449482.0,64.0
27.15,1625449482.0,64.0
28.44,1625449482.0,64.0
28.62,1625449482.0,64.0
27.09,1625449482.0,64.0
23.59,1625449482.0,64.0
18.4,1625449482.0,64.0
12.3,1625449482.0,64.0
6.28,1625449482.0,64.0
1.18,1625449482.0,64.0
-2.57,1625449482.0,64.0
-5.0,1625449482.0,64.0
-6.45,1625449482.0,64.0
-7.26,1625449482.0,64.0
-7.69,1625449482.0,64.0
-7.84,1625449482.0,64.0
-7.73,1625449482.0,64.0
-7.43,1625449482.0,64.0
-7.07,1625449482.0,64.0
-6.76,1625449482.0,64.0
-6.57,1625449482.0,64.0
-6.54,1625449482.0,64.0
-6.72,1625449482.0,64.0
-7.22,1625449482.0,64.0
-8.24,1625449482.0,64.0
-10.05,1625449482.0,64.0
-12.88,1625449482.0,64.0
-16.78,1625449482.0,64.0
-21.51,1625449482.0,64.0
-26.53,1625449482.0,64.0
-31.04,1625449482.0,64.0
-34.2,1625449482.0,64.0
-35.37,1625449482.0,64.0
-34.31,1625449482.0,64.0
-31.16,1625449482.0,64.0
-26.36,1625449482.0,64.0
-20.47,1625449482.0,64.0
-13.94,1625449482.0,64.0
-7.05,1625449482.0,64.0
0.07,1625449482.0,64.0
7.24,1625449482.0,64.0
14.12,1625449482.0,64.0
20.21,1625449482.0,64.0
24.91,1625449482.0,64.0
27.83,1625449482.0,64.0
28.94,1625449482.0,64.0
28.65,1625449482.0,64.0
27.65,1625449482.0,64.0
26.66,1625449482.0,64.0
26.1,1625449482.0,64.0
25.96,1625449482.0,64.0
25.91,1625449482.0,64.0
25.47,1625449482.0,64.0
24.34,1625449482.0,64.0
22.53,1625449482.0,64.0
20.35,1625449482.0,64.0
18.22,1625449482.0,64.0
16.46,1625449482.0,64.0
15.13,1625449482.0,64.0
14.06,1625449482.0,64.0
12.98,1625449482.0,64.0
11.67,1625449482.0,64.0
10.06,1625449482.0,64.0
8.18,1625449482.0,64.0
6.1,1625449482.0,64.0
3.83,1625449482.0,64.0
1.32,1625449482.0,64.0
-1.44,1625449482.0,64.0
-4.41,1625449482.0,64.0
-7.42,1625449482.0,64.0
-10.28,1625449482.0,64.0
-12.89,1625449482.0,64.0
-15.27,1625449482.0,64.0
-17.55,1625449482.0,64.0
-19.86,1625449482.0,64.0
-22.32,1625449482.0,64.0
-24.92,1625449482.0,64.0
-27.59,1625449482.0,64.0
-30.21,1625449482.0,64.0
-32.58,1625449482.0,64.0
-34.41,1625449482.0,64.0
-35.31,1625449482.0,64.0
-34.91,1625449482.0,64.0
-32.93,1625449482.0,64.0
-29.35,1625449482.0,64.0
-24.41,1625449482.0,64.0
-18.48,1625449482.0,64.0
-11.91,1625449482.0,64.0
-4.99,1625449482.0,64.0
2.08,1625449482.0,64.0
9.0,1625449482.0,64.0
15.37,1625449482.0,64.0
20.7,1625449482.0,64.0
24.55,1625449482.0,64.0
26.7,1625449482.0,64.0
27.31,1625449482.0,64.0
26.86,1625449482.0,64.0
26.04,1625449482.0,64.0
25.46,1625449482.0,64.0
25.48,1625449482.0,64.0
26.04,1625449482.0,64.0
26.78,1625449482.0,64.0
27.12,1625449482.0,64.0
26.53,1625449482.0,64.0
24.65,1625449482.0,64.0
21.39,1625449482.0,64.0
16.9,1625449482.0,64.0
11.55,1625449482.0,64.0
5.79,1625449482.0,64.0
0.12,1625449482.0,64.0
-5.0,1625449482.0,64.0
-9.12,1625449482.0,64.0
-11.93,1625449482.0,64.0
-13.27,1625449482.0,64.0
-13.23,1625449482.0,64.0
-12.08,1625449482.0,64.0
-10.26,1625449482.0,64.0
-8.27,1625449482.0,64.0
-6.53,1625449482.0,64.0
-5.34,1625449482.0,64.0
-4.89,1625449482.0,64.0
-5.3,1625449482.0,64.0
-6.61,1625449482.0,64.0
-8.82,1625449482.0,64.0
-11.84,1625449482.0,64.0
-15.47,1625449482.0,64.0
-19.45,1625449482.0,64.0
-23.46,1625449482.0,64.0
-27.22,1625449482.0,64.0
-30.5,1625449482.0,64.0
-33.12,1625449482.0,64.0
-34.84,1625449482.0,64.0
-35.4,1625449482.0,64.0
-34.48,1625449482.0,64.0
-31.9,1625449482.0,64.0
-27.67,1625449482.0,64.0
-22.06,1625449482.0,64.0
-15.52,1625449482.0,64.0
-8.48,1625449482.0,64.0
-1.3,1625449482.0,64.0
5.77,1625449482.0,64.0
12.52,1625449482.0,64.0
18.59,1625449482.0,64.0
23.55,1625449482.0,64.0
27.0,1625449482.0,64.0
28.76,1625449482.0,64.0
28.98,1625449482.0,64.0
28.14,1625449482.0,64.0
26.83,1625449482.0,64.0
25.59,1625449482.0,64.0
24.67,1625449482.0,64.0
24.05,1625449482.0,64.0
23.49,1625449482.0,64.0
22.75,1625449482.0,64.0
21.65,1625449482.0,64.0
20.16,1625449482.0,64.0
18.35,1625449482.0,64.0
16.33,1625449482.0,64.0
14.19,1625449482.0,64.0
12.01,1625449482.0,64.0
9.81,1625449482.0,64.0
7.61,1625449482.0,64.0
5.47,1625449482.0,64.0
3.44,1625449482.0,64.0
1.6,1625449482.0,64.0
-0.01,1625449482.0,64.0
-1.42,1625449482.0,64.0
-2.73,1625449482.0,64.0
-4.08,1625449482.0,64.0
-5.63,1625449482.0,64.0
-7.45,1625449482.0,64.0
-9.54,1625449482.0,64.0
-11.83,1625449482.0,64.0
-14.2,1625449482.0,64.0
-16.52,1625449482.0,64.0
-18.74,1625449482.0,64.0
-20.94,1625449482.0,64.0
-23.28,1625449482.0,64.0
-25.91,1625449482.0,64.0
-28.83,1625449482.0,64.0
-31.79,1625449482.0,64.0
-34.26,1625449482.0,64.0
-35.54,1625449482.0,64.0
-34.97,1625449482.0,64.0
-32.21,1625449482.0,64.0
-27.32,1625449482.0,64.0
-20.76,1625449482.0,64.0
-13.23,1625449482.0,64.0
-5.4,1625449482.0,64.0
2.22,1625449482.0,64.0
9.34,1625449482.0,64.0
15.76,1625449482.0,64.0
21.28,1625449482.0,64.0
25.64,1625449482.0,64.0
28.59,1625449482.0,64.0
30.06,1625449482.0,64.0
30.22,1625449482.0,64.0
29.49,1625449482.0,64.0
28.41,1625449482.0,64.0
27.42,1625449482.0,64.0
26.68,1625449482.0,64.0
26.12,1625449482.0,64.0
25.48,1625449482.0,64.0
24.56,1625449482.0,64.0
23.35,1625449482.0,64.0
21.93,1625449482.0,64.0
20.37,1625449482.0,64.0
18.54,1625449482.0,64.0
16.12,1625449482.0,64.0
12.71,1625449482.0,64.0
8.11,1625449482.0,64.0
2.49,1625449482.0,64.0
-3.51,1625449482.0,64.0
-8.96,1625449482.0,64.0
-12.98,1625449482.0,64.0
-15.07,1625449482.0,64.0
-15.25,1625449482.0,64.0
-14.1,1625449482.0,64.0
-12.42,1625449482.0,64.0
-11.03,1625449482.0,64.0
-10.49,1625449482.0,64.0
-10.99,1625449482.0,64.0
-12.46,1625449482.0,64.0
-14.63,1625449482.0,64.0
-17.21,1625449482.0,64.0
-19.94,1625449482.0,64.0
-22.63,1625449482.0,64.0
-25.16,1625449482.0,64.0
-27.38,1625449482.0,64.0
-29.08,1625449482.0,64.0
-30.03,1625449482.0,64.0
-30.0,1625449482.0,64.0
-28.87,1625449482.0,64.0
-26.64,1625449482.0,64.0
-23.45,1625449482.0,64.0
-19.48,1625449482.0,64.0
-14.88,1625449482.0,64.0
-9.71,1625449482.0,64.0
-3.99,1625449482.0,64.0
2.19,1625449482.0,64.0
8.6,1625449482.0,64.0
14.82,1625449482.0,64.0
20.34,1625449482.0,64.0
24.69,1625449482.0,64.0
27.62,1625449482.0,64.0
29.19,1625449482.0,64.0
29.78,1625449482.0,64.0
29.89,1625449482.0,64.0
30.03,1625449482.0,64.0
30.47,1625449482.0,64.0
31.2,1625449482.0,64.0
31.91,1625449482.0,64.0
32.19,1625449482.0,64.0
31.65,1625449482.0,64.0
30.12,1625449482.0,64.0
27.67,1625449482.0,64.0
24.59,1625449482.0,64.0
21.24,1625449482.0,64.0
17.87,1625449482.0,64.0
14.59,1625449482.0,64.0
11.37,1625449482.0,64.0
8.13,1625449482.0,64.0
4.84,1625449482.0,64.0
1.56,1625449482.0,64.0
-1.61,1625449482.0,64.0
-4.54,1625449482.0,64.0
-7.15,1625449482.0,64.0
-9.38,1625449482.0,64.0
-11.23,1625449482.0,64.0
-12.72,1625449482.0,64.0
-13.98,1625449482.0,64.0
-15.21,1625449482.0,64.0
-16.65,1625449482.0,64.0
-18.51,1625449482.0,64.0
-20.92,1625449482.0,64.0
-23.86,1625449482.0,64.0
-27.18,1625449482.0,64.0
-30.66,1625449482.0,64.0
-34.02,1625449482.0,64.0
-36.94,1625449482.0,64.0
-39.01,1625449482.0,64.0
-39.8,1625449482.0,64.0
-38.96,1625449482.0,64.0
-36.33,1625449482.0,64.0
-32.08,1625449482.0,64.0
-26.63,1625449482.0,64.0
-20.5,1625449482.0,64.0
-14.07,1625449482.0,64.0
-7.49,1625449482.0,64.0
-0.74,1625449482.0,64.0
6.17,1625449482.0,64.0
13.03,1625449482.0,64.0
19.38,1625449482.0,64.0
24.61,1625449482.0,64.0
28.27,1625449482.0,64.0
30.24,1625449482.0,64.0
30.84,1625449482.0,64.0
30.64,1625449482.0,64.0
30.22,1625449482.0,64.0
29.96,1625449482.0,64.0
29.93,1625449482.0,64.0
30.0,1625449482.0,64.0
29.89,1625449482.0,64.0
29.37,1625449482.0,64.0
28.25,1625449482.0,64.0
26.45,1625449482.0,64.0
24.01,1625449482.0,64.0
21.12,1625449482.0,64.0
18.06,1625449482.0,64.0
15.17,1625449482.0,64.0
12.7,1625449482.0,64.0
10.69,1625449482.0,64.0
8.97,1625449482.0,64.0
7.23,1625449482.0,64.0
5.19,1625449482.0,64.0
2.75,1625449482.0,64.0
-0.0,1625449482.0,64.0
-2.83,1625449482.0,64.0
-5.55,1625449482.0,64.0
-8.1,1625449482.0,64.0
-10.59,1625449482.0,64.0
-13.21,1625449482.0,64.0
-16.09,1625449482.0,64.0
-19.25,1625449482.0,64.0
-22.54,1625449482.0,64.0
-25.76,1625449482.0,64.0
-28.75,1625449482.0,64.0
-31.42,1625449482.0,64.0
-33.71,1625449482.0,64.0
-35.54,1625449482.0,64.0
-36.78,1625449482.0,64.0
-37.22,1625449482.0,64.0
-36.69,1625449482.0,64.0
-35.17,1625449482.0,64.0
-32.78,1625449482.0,64.0
-29.75,1625449482.0,64.0
-26.33,1625449482.0,64.0
-22.59,1625449482.0,64.0
-18.38,1625449482.0,64.0
-13.4,1625449482.0,64.0
-7.35,1625449482.0,64.0
-0.21,1625449482.0,64.0
7.64,1625449482.0,64.0
15.43,1625449482.0,64.0
22.25,1625449482.0,64.0
27.33,1625449482.0,64.0
30.35,1625449482.0,64.0
31.56,1625449482.0,64.0
31.59,1625449482.0,64.0
31.25,1625449482.0,64.0
31.13,1625449482.0,64.0
31.4,1625449482.0,64.0
31.87,1625449482.0,64.0
32.12,1625449482.0,64.0
31.74,1625449482.0,64.0
30.44,1625449482.0,64.0
28.14,1625449482.0,64.0
24.87,1625449482.0,64.0
20.73,1625449482.0,64.0
15.91,1625449482.0,64.0
10.69,1625449482.0,64.0
5.48,1625449482.0,64.0
0.7,1625449482.0,64.0
-3.27,1625449482.0,64.0
-6.25,1625449482.0,64.0
-8.2,1625449482.0,64.0
-9.28,1625449482.0,64.0
-9.65,1625449482.0,64.0
-9.47,1625449482.0,64.0
-8.93,1625449482.0,64.0
-8.22,1625449482.0,64.0
-7.66,1625449482.0,64.0
-7.55,1625449482.0,64.0
-8.14,1625449482.0,64.0
-9.52,1625449482.0,64.0
-11.62,1625449482.0,64.0
-14.26,1625449482.0,64.0
-17.29,1625449482.0,64.0
-20.64,1625449482.0,64.0
-24.27,1625449482.0,64.0
-28.14,1625449482.0,64.0
-32.01,1625449482.0,64.0
-35.47,1625449482.0,64.0
-37.97,1625449482.0,64.0
-38.95,1625449482.0,64.0
-38.06,1625449482.0,64.0
-35.26,1625449482.0,64.0
-30.81,1625449482.0,64.0
-25.19,1625449482.0,64.0
-18.84,1625449482.0,64.0
-12.06,1625449482.0,64.0
-4.93,1625449482.0,64.0
2.52,1625449482.0,64.0
10.11,1625449482.0,64.0
17.34,1625449482.0,64.0
23.47,1625449482.0,64.0
27.81,1625449482.0,64.0
30.01,1625449482.0,64.0
30.28,1625449482.0,64.0
29.27,1625449482.0,64.0
27.8,1625449482.0,64.0
26.47,1625449482.0,64.0
25.49,1625449482.0,64.0
24.72,1625449482.0,64.0
23.88,1625449482.0,64.0
22.75,1625449482.0,64.0
21.3,1625449482.0,64.0
19.64,1625449482.0,64.0
17.88,1625449482.0,64.0
16.08,1625449482.0,64.0
14.25,1625449482.0,64.0
12.39,1625449482.0,64.0
10.53,1625449482.0,64.0
8.75,1625449482.0,64.0
7.13,1625449482.0,64.0
5.69,1625449482.0,64.0
4.4,1625449482.0,64.0
3.16,1625449482.0,64.0
1.86,1625449482.0,64.0
0.42,1625449482.0,64.0
-1.23,1625449482.0,64.0
-3.13,1625449482.0,64.0
-5.26,1625449482.0,64.0
-7.61,1625449482.0,64.0
-10.14,1625449482.0,64.0
-12.78,1625449482.0,64.0
-15.46,1625449482.0,64.0
-18.1,1625449482.0,64.0
-20.69,1625449482.0,64.0
-23.25,1625449482.0,64.0
-25.87,1625449482.0,64.0
-28.61,1625449482.0,64.0
-31.39,1625449482.0,64.0
-33.89,1625449482.0,64.0
-35.59,1625449482.0,64.0
-35.87,1625449482.0,64.0
-34.3,1625449482.0,64.0
-30.75,1625449482.0,64.0
-25.47,1625449482.0,64.0
-18.98,1625449482.0,64.0
-11.84,1625449482.0,64.0
-4.53,1625449482.0,64.0
2.69,1625449482.0,64.0
9.6,1625449482.0,64.0
15.96,1625449482.0,64.0
21.37,1625449482.0,64.0
25.37,1625449482.0,64.0
27.69,1625449482.0,64.0
28.39,1625449482.0,64.0
27.95,1625449482.0,64.0
27.09,1625449482.0,64.0
26.52,1625449482.0,64.0
26.6,1625449482.0,64.0
27.25,1625449482.0,64.0
28.0,1625449482.0,64.0
28.33,1625449482.0,64.0
27.83,1625449482.0,64.0
26.45,1625449482.0,64.0
24.35,1625449482.0,64.0
21.82,1625449482.0,64.0
19.1,1625449482.0,64.0
16.32,1625449482.0,64.0
13.59,1625449482.0,64.0
11.03,1625449482.0,64.0
8.8,1625449482.0,64.0
7.0,1625449482.0,64.0
5.6,1625449482.0,64.0
4.43,1625449482.0,64.0
3.18,1625449482.0,64.0
1.61,1625449482.0,64.0
-0.4,1625449482.0,64.0
-2.82,1625449482.0,64.0
-5.53,1625449482.0,64.0
-8.4,1625449482.0,64.0
-11.34,1625449482.0,64.0
-14.27,1625449482.0,64.0
-17.15,1625449482.0,64.0
-19.9,1625449482.0,64.0
-22.48,1625449482.0,64.0
-24.9,1625449482.0,64.0
-27.26,1625449482.0,64.0
-29.63,1625449482.0,64.0
-31.94,1625449482.0,64.0
-33.9,1625449482.0,64.0
-35.02,1625449482.0,64.0
-34.75,1625449482.0,64.0
-32.67,1625449482.0,64.0
-28.67,1625449482.0,64.0
-23.0,1625449482.0,64.0
-16.15,1625449482.0,64.0
-8.74,1625449482.0,64.0
-1.34,1625449482.0,64.0
5.61,1625449482.0,64.0
11.83,1625449482.0,64.0
17.13,1625449482.0,64.0
21.36,1625449482.0,64.0
24.38,1625449482.0,64.0
26.13,1625449482.0,64.0
26.61,1625449482.0,64.0
25.98,1625449482.0,64.0
24.55,1625449482.0,64.0
22.76,1625449482.0,64.0
21.06,1625449482.0,64.0
19.75,1625449482.0,64.0
18.94,1625449482.0,64.0
18.52,1625449482.0,64.0
18.27,1625449482.0,64.0
18.0,1625449482.0,64.0
17.6,1625449482.0,64.0
17.09,1625449482.0,64.0
16.44,1625449482.0,64.0
15.57,1625449482.0,64.0
14.26,1625449482.0,64.0
12.23,1625449482.0,64.0
9.24,1625449482.0,64.0
5.25,1625449482.0,64.0
0.47,1625449482.0,64.0
-4.74,1625449482.0,64.0
-9.91,1625449482.0,64.0
-14.62,1625449482.0,64.0
-18.54,1625449482.0,64.0
-21.49,1625449482.0,64.0
-23.4,1625449482.0,64.0
-24.33,1625449482.0,64.0
-24.5,1625449482.0,64.0
-24.23,1625449482.0,64.0
-23.94,1625449482.0,64.0
-24.0,1625449482.0,64.0
-24.69,1625449482.0,64.0
-26.06,1625449482.0,64.0
-27.99,1625449482.0,64.0
-30.2,1625449482.0,64.0
-32.31,1625449482.0,64.0
-33.91,1625449482.0,64.0
-34.59,1625449482.0,64.0
-33.99,1625449482.0,64.0
-31.9,1625449482.0,64.0
-28.26,1625449482.0,64.0
-23.28,1625449482.0,64.0
-17.32,1625449482.0,64.0
-10.81,1625449482.0,64.0
-4.12,1625449482.0,64.0
2.56,1625449482.0,64.0
9.16,1625449482.0,64.0
15.57,1625449482.0,64.0
21.5,1625449482.0,64.0
26.5,1625449482.0,64.0
30.08,1625449482.0,64.0
32.01,1625449482.0,64.0
32.46,1625449482.0,64.0
32.01,1625449482.0,64.0
31.39,1625449482.0,64.0
31.18,1625449482.0,64.0
31.51,1625449482.0,64.0
32.02,1625449482.0,64.0
32.13,1625449482.0,64.0
31.32,1625449482.0,64.0
29.42,1625449482.0,64.0
26.65,1625449482.0,64.0
23.41,1625449482.0,64.0
20.08,1625449482.0,64.0
16.86,1625449482.0,64.0
13.75,1625449482.0,64.0
10.65,1625449482.0,64.0
7.53,1625449482.0,64.0
4.48,1625449482.0,64.0
1.66,1625449482.0,64.0
-0.79,1625449482.0,64.0
-2.8,1625449482.0,64.0
-4.38,1625449482.0,64.0
-5.66,1625449482.0,64.0
-6.85,1625449482.0,64.0
-8.18,1625449482.0,64.0
-9.89,1625449482.0,64.0
-12.12,1625449482.0,64.0
-14.83,1625449482.0,64.0
-17.82,1625449482.0,64.0
-20.78,1625449482.0,64.0
-23.48,1625449482.0,64.0
-25.88,1625449482.0,64.0
-28.16,1625449482.0,64.0
-30.55,1625449482.0,64.0
-33.12,1625449482.0,64.0
-35.62,1625449482.0,64.0
-37.47,1625449482.0,64.0
-38.0,1625449482.0,64.0
-36.72,1625449482.0,64.0
-33.56,1625449482.0,64.0
-28.81,1625449482.0,64.0
-23.02,1625449482.0,64.0
-16.69,1625449482.0,64.0
-10.13,1625449482.0,64.0
-3.48,1625449482.0,64.0
3.11,1625449482.0,64.0
9.3,1625449482.0,64.0
14.52,1625449482.0,64.0
18.21,1625449482.0,64.0
20.14,1625449482.0,64.0
20.57,1625449482.0,64.0
20.31,1625449482.0,64.0
20.3,1625449482.0,64.0
21.22,1625449482.0,64.0
23.16,1625449482.0,64.0
25.62,1625449482.0,64.0
27.84,1625449482.0,64.0
29.22,1625449482.0,64.0
29.59,1625449482.0,64.0
29.2,1625449482.0,64.0
28.43,1625449482.0,64.0
27.46,1625449482.0,64.0
26.22,1625449482.0,64.0
24.49,1625449482.0,64.0
22.15,1625449482.0,64.0
19.38,1625449482.0,64.0
16.58,1625449482.0,64.0
14.09,1625449482.0,64.0
12.03,1625449482.0,64.0
10.21,1625449482.0,64.0
8.25,1625449482.0,64.0
5.91,1625449482.0,64.0
3.18,1625449482.0,64.0
0.28,1625449482.0,64.0
-2.56,1625449482.0,64.0
-5.3,1625449482.0,64.0
-8.18,1625449482.0,64.0
-11.57,1625449482.0,64.0
-15.73,1625449482.0,64.0
-20.62,1625449482.0,64.0
-25.9,1625449482.0,64.0
-31.08,1625449482.0,64.0
-35.74,1625449482.0,64.0
-39.67,1625449482.0,64.0
-42.82,1625449482.0,64.0
-45.11,1625449482.0,64.0
-46.28,1625449482.0,64.0
-45.86,1625449482.0,64.0
-43.34,1625449482.0,64.0
-38.47,1625449482.0,64.0
-31.44,1625449482.0,64.0
-22.86,1625449482.0,64.0
-13.58,1625449482.0,64.0
-4.37,1625449482.0,64.0
4.29,1625449482.0,64.0
12.15,1625449482.0,64.0
19.09,1625449482.0,64.0
24.87,1625449482.0,64.0
29.14,1625449482.0,64.0
31.5,1625449482.0,64.0
31.84,1625449482.0,64.0
30.46,1625449482.0,64.0
28.06,1625449482.0,64.0
25.58,1625449482.0,64.0
23.77,1625449482.0,64.0
23.0,1625449482.0,64.0
23.16,1625449482.0,64.0
23.77,1625449482.0,64.0
24.29,1625449482.0,64.0
24.34,1625449482.0,64.0
23.81,1625449482.0,64.0
22.87,1625449482.0,64.0
21.73,1625449482.0,64.0
20.55,1625449482.0,64.0
19.29,1625449482.0,64.0
17.82,1625449482.0,64.0
15.93,1625449482.0,64.0
13.53,1625449482.0,64.0
10.66,1625449482.0,64.0
7.5,1625449482.0,64.0
4.26,1625449482.0,64.0
1.07,1625449482.0,64.0
-2.0,1625449482.0,64.0
-4.95,1625449482.0,64.0
-7.78,1625449482.0,64.0
-10.45,1625449482.0,64.0
-12.9,1625449482.0,64.0
-15.1,1625449482.0,64.0
-17.06,1625449482.0,64.0
-18.83,1625449482.0,64.0
-20.4,1625449482.0,64.0
-21.78,1625449482.0,64.0
-22.95,1625449482.0,64.0
-24.01,1625449482.0,64.0
-25.15,1625449482.0,64.0
-26.61,1625449482.0,64.0
-28.41,1625449482.0,64.0
-30.28,1625449482.0,64.0
-31.62,1625449482.0,64.0
-31.69,1625449482.0,64.0
-29.92,1625449482.0,64.0
-26.18,1625449482.0,64.0
-20.79,1625449482.0,64.0
-14.39,1625449482.0,64.0
-7.63,1625449482.0,64.0
-0.97,1625449482.0,64.0
5.38,1625449482.0,64.0
11.32,1625449482.0,64.0
16.68,1625449482.0,64.0
21.16,1625449482.0,64.0
24.4,1625449482.0,64.0
26.18,1625449482.0,64.0
26.57,1625449482.0,64.0
26.01,1625449482.0,64.0
25.17,1625449482.0,64.0
24.69,1625449482.0,64.0
24.92,1625449482.0,64.0
25.79,1625449482.0,64.0
26.82,1625449482.0,64.0
27.35,1625449482.0,64.0
26.76,1625449482.0,64.0
24.81,1625449482.0,64.0
21.67,1625449482.0,64.0
17.91,1625449482.0,64.0
14.24,1625449482.0,64.0
11.28,1625449482.0,64.0
9.33,1625449482.0,64.0
8.28,1625449482.0,64.0
7.73,1625449482.0,64.0
7.18,1625449482.0,64.0
6.25,1625449482.0,64.0
4.8,1625449482.0,64.0
2.89,1625449482.0,64.0
0.74,1625449482.0,64.0
-1.47,1625449482.0,64.0
-3.61,1625449482.0,64.0
-5.66,1625449482.0,64.0
-7.72,1625449482.0,64.0
-9.93,1625449482.0,64.0
-12.44,1625449482.0,64.0
-15.38,1625449482.0,64.0
-18.78,1625449482.0,64.0
-22.54,1625449482.0,64.0
-26.41,1625449482.0,64.0
-30.04,1625449482.0,64.0
-33.1,1625449482.0,64.0
-35.31,1625449482.0,64.0
-36.47,1625449482.0,64.0
-36.49,1625449482.0,64.0
-35.33,1625449482.0,64.0
-33.01,1625449482.0,64.0
-29.63,1625449482.0,64.0
-25.32,1625449482.0,64.0
-20.18,1625449482.0,64.0
-14.29,1625449482.0,64.0
-7.61,1625449482.0,64.0
-0.19,1625449482.0,64.0
7.74,1625449482.0,64.0
15.66,1625449482.0,64.0
22.77,1625449482.0,64.0
28.19,1625449482.0,64.0
31.23,1625449482.0,64.0
31.67,1625449482.0,64.0
29.85,1625449482.0,64.0
26.61,1625449482.0,64.0
22.98,1625449482.0,64.0
19.92,1625449482.0,64.0
18.03,1625449482.0,64.0
17.46,1625449482.0,64.0
17.94,1625449482.0,64.0
18.95,1625449482.0,64.0
19.9,1625449482.0,64.0
20.31,1625449482.0,64.0
19.96,1625449482.0,64.0
18.9,1625449482.0,64.0
17.35,1625449482.0,64.0
15.56,1625449482.0,64.0
13.75,1625449482.0,64.0
11.93,1625449482.0,64.0
10.06,1625449482.0,64.0
7.99,1625449482.0,64.0
5.62,1625449482.0,64.0
2.89,1625449482.0,64.0
-0.2,1625449482.0,64.0
-3.64,1625449482.0,64.0
-7.46,1625449482.0,64.0
-11.66,1625449482.0,64.0
-16.2,1625449482.0,64.0
-20.9,1625449482.0,64.0
-25.45,1625449482.0,64.0
-29.51,1625449482.0,64.0
-32.78,1625449482.0,64.0
-35.23,1625449482.0,64.0
-36.99,1625449482.0,64.0
-38.32,1625449482.0,64.0
-39.42,1625449482.0,64.0
-40.18,1625449482.0,64.0
-40.26,1625449482.0,64.0
-39.14,1625449482.0,64.0
-36.45,1625449482.0,64.0
-32.15,1625449482.0,64.0
-26.6,1625449482.0,64.0
-20.41,1625449482.0,64.0
-14.15,1625449482.0,64.0
-8.17,1625449482.0,64.0
-2.51,1625449482.0,64.0
2.99,1625449482.0,64.0
8.39,1625449482.0,64.0
13.56,1625449482.0,64.0
18.11,1625449482.0,64.0
21.56,1625449482.0,64.0
23.58,1625449482.0,64.0
24.2,1625449482.0,64.0
23.86,1625449482.0,64.0
23.23,1625449482.0,64.0
22.94,1625449482.0,64.0
23.3,1625449482.0,64.0
24.17,1625449482.0,64.0
25.07,1625449482.0,64.0
25.41,1625449482.0,64.0
24.78,1625449482.0,64.0
23.09,1625449482.0,64.0
20.52,1625449482.0,64.0
17.42,1625449482.0,64.0
14.14,1625449482.0,64.0
10.9,1625449482.0,64.0
7.85,1625449482.0,64.0
5.08,1625449482.0,64.0
2.61,1625449482.0,64.0
0.43,1625449482.0,64.0
-1.53,1625449482.0,64.0
-3.37,1625449482.0,64.0
-5.15,1625449482.0,64.0
-6.84,1625449482.0,64.0
-8.4,1625449482.0,64.0
-9.82,1625449482.0,64.0
-11.18,1625449482.0,64.0
-12.69,1625449482.0,64.0
-14.5,1625449482.0,64.0
-16.66,1625449482.0,64.0
-19.03,1625449482.0,64.0
-21.45,1625449482.0,64.0
-23.84,1625449482.0,64.0
-26.3,1625449482.0,64.0
-29.01,1625449482.0,64.0
-31.95,1625449482.0,64.0
-34.75,1625449482.0,64.0
-36.63,1625449482.0,64.0
-36.7,1625449482.0,64.0
-34.33,1625449482.0,64.0
-29.49,1625449482.0,64.0
-22.77,1625449482.0,64.0
-15.09,1625449482.0,64.0
-7.38,1625449482.0,64.0
-0.23,1625449482.0,64.0
6.1,1625449482.0,64.0
11.58,1625449482.0,64.0
16.16,1625449482.0,64.0
19.65,1625449482.0,64.0
21.84,1625449482.0,64.0
22.62,1625449482.0,64.0
22.17,1625449482.0,64.0
20.9,1625449482.0,64.0
19.43,1625449482.0,64.0
18.2,1625449482.0,64.0
17.43,1625449482.0,64.0
16.98,1625449482.0,64.0
16.56,1625449482.0,64.0
15.88,1625449482.0,64.0
14.83,1625449482.0,64.0
13.5,1625449482.0,64.0
12.08,1625449482.0,64.0
10.76,1625449482.0,64.0
9.56,1625449482.0,64.0
8.37,1625449482.0,64.0
7.03,1625449482.0,64.0
5.4,1625449482.0,64.0
3.46,1625449482.0,64.0
1.26,1625449482.0,64.0
-1.1,1625449482.0,64.0
-3.51,1625449482.0,64.0
-5.89,1625449482.0,64.0
-8.15,1625449482.0,64.0
-10.3,1625449482.0,64.0
-12.4,1625449482.0,64.0
-14.62,1625449482.0,64.0
-17.17,1625449482.0,64.0
-20.22,1625449482.0,64.0
-23.76,1625449482.0,64.0
-27.52,1625449482.0,64.0
-31.02,1625449482.0,64.0
-33.72,1625449482.0,64.0
-35.24,1625449482.0,64.0
-35.52,1625449482.0,64.0
-34.77,1625449482.0,64.0
-33.34,1625449482.0,64.0
-31.46,1625449482.0,64.0
-29.16,1625449482.0,64.0
-26.22,1625449482.0,64.0
-22.37,1625449482.0,64.0
-17.44,1625449482.0,64.0
-11.47,1625449482.0,64.0
-4.73,1625449482.0,64.0
2.39,1625449482.0,64.0
9.5,1625449482.0,64.0
16.28,1625449482.0,64.0
22.46,1625449482.0,64.0
27.76,1625449482.0,64.0
31.94,1625449482.0,64.0
34.83,1625449482.0,64.0
36.4,1625449482.0,64.0
36.8,1625449482.0,64.0
36.34,1625449482.0,64.0
35.34,1625449482.0,64.0
34.08,1625449482.0,64.0
32.64,1625449482.0,64.0
30.96,1625449482.0,64.0
28.91,1625449482.0,64.0
26.4,1625449482.0,64.0
23.46,1625449482.0,64.0
20.19,1625449482.0,64.0
16.8,1625449482.0,64.0
13.49,1625449482.0,64.0
10.41,1625449482.0,64.0
7.69,1625449482.0,64.0
5.42,1625449482.0,64.0
3.65,1625449482.0,64.0
2.37,1625449482.0,64.0
1.44,1625449482.0,64.0
0.62,1625449482.0,64.0
-0.42,1625449482.0,64.0
-1.99,1625449482.0,64.0
-4.2,1625449482.0,64.0
-7.02,1625449482.0,64.0
-10.19,1625449482.0,64.0
-13.42,1625449482.0,64.0
-16.43,1625449482.0,64.0
-19.06,1625449482.0,64.0
-21.26,1625449482.0,64.0
-23.12,1625449482.0,64.0
-24.82,1625449482.0,64.0
-26.55,1625449482.0,64.0
-28.46,1625449482.0,64.0
-30.52,1625449482.0,64.0
-32.46,1625449482.0,64.0
-33.78,1625449482.0,64.0
-33.8,1625449482.0,64.0
-31.91,1625449482.0,64.0
-27.81,1625449482.0,64.0
-21.65,1625449482.0,64.0
-14.01,1625449482.0,64.0
-5.72,1625449482.0,64.0
2.39,1625449482.0,64.0
9.76,1625449482.0,64.0
16.12,1625449482.0,64.0
21.43,1625449482.0,64.0
25.65,1625449482.0,64.0
28.68,1625449482.0,64.0
30.41,1625449482.0,64.0
30.82,1625449482.0,64.0
30.22,1625449482.0,64.0
29.15,1625449482.0,64.0
28.26,1625449482.0,64.0
28.01,1625449482.0,64.0
28.41,1625449482.0,64.0
29.08,1625449482.0,64.0
29.38,1625449482.0,64.0
28.78,1625449482.0,64.0
27.06,1625449482.0,64.0
24.42,1625449482.0,64.0
21.28,1625449482.0,64.0
18.14,1625449482.0,64.0
15.3,1625449482.0,64.0
12.83,1625449482.0,64.0
10.61,1625449482.0,64.0
8.47,1625449482.0,64.0
6.28,1625449482.0,64.0
4.02,1625449482.0,64.0
1.77,1625449482.0,64.0
-0.42,1625449482.0,64.0
-2.55,1625449482.0,64.0
-4.75,1625449482.0,64.0
-7.23,1625449482.0,64.0
-10.15,1625449482.0,64.0
-13.55,1625449482.0,64.0
-17.34,1625449482.0,64.0
-21.32,1625449482.0,64.0
-25.31,1625449482.0,64.0
-29.2,1625449482.0,64.0
-32.92,1625449482.0,64.0
-36.32,1625449482.0,64.0
-39.08,1625449482.0,64.0
-40.63,1625449482.0,64.0
-40.38,1625449482.0,64.0
-37.86,1625449482.0,64.0
-32.99,1625449482.0,64.0
-26.16,1625449482.0,64.0
-18.12,1625449482.0,64.0
-9.67,1625449482.0,64.0
-1.42,1625449482.0,64.0
6.25,1625449482.0,64.0
13.2,1625449482.0,64.0
19.29,1625449482.0,64.0
24.28,1625449482.0,64.0
27.94,1625449482.0,64.0
30.13,1625449482.0,64.0
31.0,1625449482.0,64.0
31.03,1625449482.0,64.0
30.83,1625449482.0,64.0
30.88,1625449482.0,64.0
31.38,1625449482.0,64.0
32.18,1625449482.0,64.0
32.91,1625449482.0,64.0
33.2,1625449482.0,64.0
32.79,1625449482.0,64.0
31.54,1625449482.0,64.0
29.44,1625449482.0,64.0
26.52,1625449482.0,64.0
22.87,1625449482.0,64.0
18.71,1625449482.0,64.0
14.3,1625449482.0,64.0
9.89,1625449482.0,64.0
5.6,1625449482.0,64.0
1.42,1625449482.0,64.0
-2.78,1625449482.0,64.0
-7.01,1625449482.0,64.0
-11.14,1625449482.0,64.0
-14.84,1625449482.0,64.0
-17.82,1625449482.0,64.0
-19.98,1625449482.0,64.0
-21.52,1625449482.0,64.0
-22.86,1625449482.0,64.0
-24.49,1625449482.0,64.0
-26.73,1625449482.0,64.0
-29.71,1625449482.0,64.0
-33.33,1625449482.0,64.0
-37.3,1625449482.0,64.0
-41.22,1625449482.0,64.0
-44.6,1625449482.0,64.0
-46.82,1625449482.0,64.0
-47.26,1625449482.0,64.0
-45.46,1625449482.0,64.0
-41.21,1625449482.0,64.0
-34.62,1625449482.0,64.0
-26.1,1625449482.0,64.0
-16.21,1625449482.0,64.0
-5.51,1625449482.0,64.0
5.46,1625449482.0,64.0
16.19,1625449482.0,64.0
26.15,1625449482.0,64.0
34.75,1625449482.0,64.0
41.52,1625449482.0,64.0
46.13,1625449482.0,64.0
48.57,1625449482.0,64.0
49.16,1625449482.0,64.0
48.41,1625449482.0,64.0
46.89,1625449482.0,64.0
45.04,1625449482.0,64.0
43.13,1625449482.0,64.0
41.22,1625449482.0,64.0
39.22,1625449482.0,64.0
36.9,1625449482.0,64.0
34.07,1625449482.0,64.0
30.6,1625449482.0,64.0
26.51,1625449482.0,64.0
21.95,1625449482.0,64.0
17.16,1625449482.0,64.0
12.34,1625449482.0,64.0
7.56,1625449482.0,64.0
2.8,1625449482.0,64.0
-1.96,1625449482.0,64.0
-6.59,1625449482.0,64.0
-10.77,1625449482.0,64.0
-14.13,1625449482.0,64.0
-16.47,1625449482.0,64.0
-17.96,1625449482.0,64.0
-19.19,1625449482.0,64.0
-20.94,1625449482.0,64.0
-23.81,1625449482.0,64.0
-28.01,1625449482.0,64.0
-33.23,1625449482.0,64.0
-38.82,1625449482.0,64.0
-44.09,1625449482.0,64.0
-48.53,1625449482.0,64.0
-51.9,1625449482.0,64.0
-54.2,1625449482.0,64.0
-55.42,1625449482.0,64.0
-55.43,1625449482.0,64.0
-53.91,1625449482.0,64.0
-50.47,1625449482.0,64.0
-44.87,1625449482.0,64.0
-37.19,1625449482.0,64.0
-27.85,1625449482.0,64.0
-17.51,1625449482.0,64.0
-6.85,1625449482.0,64.0
3.59,1625449482.0,64.0
13.42,1625449482.0,64.0
22.35,1625449482.0,64.0
29.97,1625449482.0,64.0
35.79,1625449482.0,64.0
39.35,1625449482.0,64.0
40.54,1625449482.0,64.0
39.8,1625449482.0,64.0
38.0,1625449482.0,64.0
36.18,1625449482.0,64.0
35.02,1625449482.0,64.0
34.58,1625449482.0,64.0
34.41,1625449482.0,64.0
33.89,1625449482.0,64.0
32.63,1625449482.0,64.0
30.73,1625449482.0,64.0
28.71,1625449482.0,64.0
27.13,1625449482.0,64.0
26.32,1625449482.0,64.0
26.12,1625449482.0,64.0
26.06,1625449482.0,64.0
25.57,1625449482.0,64.0
24.28,1625449482.0,64.0
22.16,1625449482.0,64.0
19.56,1625449482.0,64.0
17.02,1625449482.0,64.0
15.02,1625449482.0,64.0
13.77,1625449482.0,64.0
13.12,1625449482.0,64.0
12.64,1625449482.0,64.0
11.89,1625449482.0,64.0
10.69,1625449482.0,64.0
9.2,1625449482.0,64.0
7.89,1625449482.0,64.0
7.26,1625449482.0,64.0
7.55,1625449482.0,64.0
8.76,1625449482.0,64.0
10.7,1625449482.0,64.0
13.32,1625449482.0,64.0
16.78,1625449482.0,64.0
21.33,1625449482.0,64.0
27.02,1625449482.0,64.0
33.43,1625449482.0,64.0
39.75,1625449482.0,64.0
45.08,1625449482.0,64.0
48.82,1625449482.0,64.0
50.88,1625449482.0,64.0
51.48,1625449482.0,64.0
50.75,1625449482.0,64.0
48.46,1625449482.0,64.0
43.98,1625449482.0,64.0
36.64,1625449482.0,64.0
26.24,1625449482.0,64.0
13.49,1625449482.0,64.0
-0.09,1625449482.0,64.0
-12.54,1625449482.0,64.0
-22.07,1625449482.0,64.0
-27.62,1625449482.0,64.0
-29.02,1625449482.0,64.0
-26.76,1625449482.0,64.0
-21.64,1625449482.0,64.0
-14.47,1625449482.0,64.0
-6.17,1625449482.0,64.0
1.99,1625449482.0,64.0
8.23,1625449482.0,64.0
10.52,1625449482.0,64.0
7.2,1625449482.0,64.0
-2.3,1625449482.0,64.0
-16.91,1625449482.0,64.0
-34.09,1625449482.0,64.0
-50.59,1625449482.0,64.0
-63.43,1625449482.0,64.0
-70.79,1625449482.0,64.0
-72.28,1625449482.0,64.0
-68.88,1625449482.0,64.0
-62.43,1625449482.0,64.0
-55.22,1625449482.0,64.0
-49.53,1625449482.0,64.0
-47.19,1625449482.0,64.0
-49.11,1625449482.0,64.0
-55.1,1625449482.0,64.0
-63.94,1625449482.0,64.0
-73.91,1625449482.0,64.0
-83.55,1625449482.0,64.0
-92.24,1625449482.0,64.0
-100.22,1625449482.0,64.0
-108.1,1625449482.0,64.0
-115.96,1625449482.0,64.0
-122.75,1625449482.0,64.0
-126.38,1625449482.0,64.0
-124.55,1625449482.0,64.0
-115.85,1625449482.0,64.0
-100.39,1625449482.0,64.0
-79.67,1625449482.0,64.0
-55.77,1625449482.0,64.0
-30.43,1625449482.0,64.0
-4.54,1625449482.0,64.0
21.51,1625449482.0,64.0
47.13,1625449482.0,64.0
70.98,1625449482.0,64.0
91.04,1625449482.0,64.0
105.38,1625449482.0,64.0
113.07,1625449482.0,64.0
114.62,1625449482.0,64.0
111.62,1625449482.0,64.0
105.94,1625449482.0,64.0
98.71,1625449482.0,64.0
90.19,1625449482.0,64.0
80.07,1625449482.0,64.0
68.18,1625449482.0,64.0
55.01,1625449482.0,64.0
41.68,1625449482.0,64.0
29.46,1625449482.0,64.0
19.12,1625449482.0,64.0
10.64,1625449482.0,64.0
3.31,1625449482.0,64.0
-3.79,1625449482.0,64.0
-11.26,1625449482.0,64.0
-19.24,1625449482.0,64.0
-27.44,1625449482.0,64.0
-35.36,1625449482.0,64.0
-42.41,1625449482.0,64.0
-47.96,1625449482.0,64.0
-51.36,1625449482.0,64.0
-52.09,1625449482.0,64.0
-49.98,1625449482.0,64.0
-45.55,1625449482.0,64.0
-40.0,1625449482.0,64.0
-34.93,1625449482.0,64.0
-31.77,1625449482.0,64.0
-31.27,1625449482.0,64.0
-33.27,1625449482.0,64.0
-36.8,1625449482.0,64.0
-40.42,1625449482.0,64.0
-42.63,1625449482.0,64.0
-42.08,1625449482.0,64.0
-37.91,1625449482.0,64.0
-29.91,1625449482.0,64.0
-18.59,1625449482.0,64.0
-5.23,1625449482.0,64.0
8.46,1625449482.0,64.0
20.77,1625449482.0,64.0
30.37,1625449482.0,64.0
36.58,1625449482.0,64.0
39.33,1625449482.0,64.0
39.0,1625449482.0,64.0
36.21,1625449482.0,64.0
31.73,1625449482.0,64.0
26.44,1625449482.0,64.0
21.21,1625449482.0,64.0
16.79,1625449482.0,64.0
13.61,1625449482.0,64.0
11.73,1625449482.0,64.0
10.87,1625449482.0,64.0
10.6,1625449482.0,64.0
10.47,1625449482.0,64.0
10.14,1625449482.0,64.0
9.33,1625449482.0,64.0
7.82,1625449482.0,64.0
5.52,1625449482.0,64.0
2.61,1625449482.0,64.0
-0.35,1625449482.0,64.0
-2.5,1625449482.0,64.0
-2.91,1625449482.0,64.0
-0.99,1625449482.0,64.0
3.23,1625449482.0,64.0
8.97,1625449482.0,64.0
15.02,1625449482.0,64.0
20.13,1625449482.0,64.0
23.41,1625449482.0,64.0
24.63,1625449482.0,64.0
24.07,1625449482.0,64.0
22.25,1625449482.0,64.0
19.57,1625449482.0,64.0
16.16,1625449482.0,64.0
11.86,1625449482.0,64.0
6.5,1625449482.0,64.0
0.14,1625449482.0,64.0
-6.8,1625449482.0,64.0
-13.64,1625449482.0,64.0
-19.61,1625449482.0,64.0
-24.1,1625449482.0,64.0
-26.73,1625449482.0,64.0
-27.32,1625449482.0,64.0
-25.8,1625449482.0,64.0
-22.15,1625449482.0,64.0
-16.45,1625449482.0,64.0
-9.02,1625449482.0,64.0
-0.49,1625449482.0,64.0
8.25,1625449482.0,64.0
16.2,1625449482.0,64.0
22.49,1625449482.0,64.0
26.62,1625449482.0,64.0
28.52,1625449482.0,64.0
28.5,1625449482.0,64.0
27.13,1625449482.0,64.0
25.06,1625449482.0,64.0
22.89,1625449482.0,64.0
21.03,1625449482.0,64.0
19.63,1625449482.0,64.0
18.59,1625449482.0,64.0
17.59,1625449482.0,64.0
16.3,1625449482.0,64.0
14.53,1625449482.0,64.0
12.32,1625449482.0,64.0
9.93,1625449482.0,64.0
7.65,1625449482.0,64.0
5.64,1625449482.0,64.0
3.9,1625449482.0,64.0
2.23,1625449482.0,64.0
0.38,1625449482.0,64.0
-1.82,1625449482.0,64.0
-4.37,1625449482.0,64.0
-7.13,1625449482.0,64.0
-9.87,1625449482.0,64.0
-12.39,1625449482.0,64.0
-14.56,1625449482.0,64.0
-16.43,1625449482.0,64.0
-18.15,1625449482.0,64.0
-19.94,1625449482.0,64.0
-21.96,1625449482.0,64.0
-24.25,1625449482.0,64.0
-26.67,1625449482.0,64.0
-28.9,1625449482.0,64.0
-30.57,1625449482.0,64.0
-31.28,1625449482.0,64.0
-30.74,1625449482.0,64.0
-28.79,1625449482.0,64.0
-25.41,1625449482.0,64.0
-20.7,1625449482.0,64.0
-14.86,1625449482.0,64.0
-8.11,1625449482.0,64.0
-0.76,1625449482.0,64.0
6.79,1625449482.0,64.0
14.05,1625449482.0,64.0
20.45,1625449482.0,64.0
25.47,1625449482.0,64.0
28.82,1625449482.0,64.0
30.57,1625449482.0,64.0
31.1,1625449482.0,64.0
30.99,1625449482.0,64.0
30.78,1625449482.0,64.0
30.74,1625449482.0,64.0
30.79,1625449482.0,64.0
30.65,1625449482.0,64.0
29.97,1625449482.0,64.0
28.57,1625449482.0,64.0
26.47,1625449482.0,64.0
23.89,1625449482.0,64.0
21.04,1625449482.0,64.0
18.11,1625449482.0,64.0
15.18,1625449482.0,64.0
12.21,1625449482.0,64.0
9.14,1625449482.0,64.0
5.91,1625449482.0,64.0
2.56,1625449482.0,64.0
-0.81,1625449482.0,64.0
-4.04,1625449482.0,64.0
-7.0,1625449482.0,64.0
-9.66,1625449482.0,64.0
-12.13,1625449482.0,64.0
-14.62,1625449482.0,64.0
-17.32,1625449482.0,64.0
-20.32,1625449482.0,64.0
-23.58,1625449482.0,64.0
-26.97,1625449482.0,64.0
-30.28,1625449482.0,64.0
-33.3,1625449482.0,64.0
-35.78,1625449482.0,64.0
-37.42,1625449482.0,64.0
-37.88,1625449482.0,64.0
-36.87,1625449482.0,64.0
-34.29,1625449482.0,64.0
-30.26,1625449482.0,64.0
-25.09,1625449482.0,64.0
-19.12,1625449482.0,64.0
-12.62,1625449482.0,64.0
-5.72,1625449482.0,64.0
1.46,1625449482.0,64.0
8.66,1625449482.0,64.0
15.38,1625449482.0,64.0
21.0,1625449482.0,64.0
24.96,1625449482.0,64.0
27.02,1625449482.0,64.0
27.38,1625449482.0,64.0
26.62,1625449482.0,64.0
25.44,1625449482.0,64.0
24.39,1625449482.0,64.0
23.68,1625449482.0,64.0
23.14,1625449482.0,64.0
22.42,1625449482.0,64.0
21.24,1625449482.0,64.0
19.56,1625449482.0,64.0
17.58,1625449482.0,64.0
15.63,1625449482.0,64.0
14.0,1625449482.0,64.0
12.73,1625449482.0,64.0
11.62,1625449482.0,64.0
10.41,1625449482.0,64.0
8.85,1625449482.0,64.0
6.89,1625449482.0,64.0
4.62,1625449482.0,64.0
2.22,1625449482.0,64.0
-0.15,1625449482.0,64.0
-2.41,1625449482.0,64.0
-4.58,1625449482.0,64.0
-6.7,1625449482.0,64.0
-8.82,1625449482.0,64.0
-11.0,1625449482.0,64.0
-13.27,1625449482.0,64.0
-15.69,1625449482.0,64.0
-18.34,1625449482.0,64.0
-21.25,1625449482.0,64.0
-24.37,1625449482.0,64.0
-27.46,1625449482.0,64.0
-30.14,1625449482.0,64.0
-31.91,1625449482.0,64.0
-32.25,1625449482.0,64.0
-30.81,1625449482.0,64.0
-27.51,1625449482.0,64.0
-22.56,1625449482.0,64.0
-16.45,1625449482.0,64.0
-9.71,1625449482.0,64.0
-2.8,1625449482.0,64.0
4.01,1625449482.0,64.0
10.55,1625449482.0,64.0
16.62,1625449482.0,64.0
21.9,1625449482.0,64.0
25.93,1625449482.0,64.0
28.29,1625449482.0,64.0
28.83,1625449482.0,64.0
27.88,1625449482.0,64.0
26.09,1625449482.0,64.0
24.27,1625449482.0,64.0
23.0,1625449482.0,64.0
22.47,1625449482.0,64.0
22.45,1625449482.0,64.0
22.54,1625449482.0,64.0
22.42,1625449482.0,64.0
21.98,1625449482.0,64.0
21.27,1625449482.0,64.0
20.36,1625449482.0,64.0
19.22,1625449482.0,64.0
17.66,1625449482.0,64.0
15.53,1625449482.0,64.0
12.77,1625449482.0,64.0
9.54,1625449482.0,64.0
6.1,1625449482.0,64.0
2.74,1625449482.0,64.0
-0.36,1625449482.0,64.0
-3.1,1625449482.0,64.0
-5.48,1625449482.0,64.0
-7.52,1625449482.0,64.0
-9.31,1625449482.0,64.0
-11.0,1625449482.0,64.0
-12.8,1625449482.0,64.0
-14.9,1625449482.0,64.0
-17.38,1625449482.0,64.0
-20.16,1625449482.0,64.0
-23.04,1625449482.0,64.0
-25.82,1625449482.0,64.0
-28.34,1625449482.0,64.0
-30.47,1625449482.0,64.0
-32.02,1625449482.0,64.0
-32.65,1625449482.0,64.0
-31.95,1625449482.0,64.0
-29.61,1625449482.0,64.0
-25.63,1625449482.0,64.0
-20.39,1625449482.0,64.0
-14.53,1625449482.0,64.0
-8.69,1625449482.0,64.0
-3.19,1625449482.0,64.0
1.98,1625449482.0,64.0
7.03,1625449482.0,64.0
12.07,1625449482.0,64.0
16.88,1625449482.0,64.0
20.94,1625449482.0,64.0
23.69,1625449482.0,64.0
24.89,1625449482.0,64.0
24.76,1625449482.0,64.0
23.96,1625449482.0,64.0
23.19,1625449482.0,64.0
22.89,1625449482.0,64.0
23.05,1625449482.0,64.0
23.29,1625449482.0,64.0
23.16,1625449482.0,64.0
22.37,1625449482.0,64.0
20.94,1625449482.0,64.0
19.07,1625449482.0,64.0
17.0,1625449482.0,64.0
14.84,1625449482.0,64.0
12.59,1625449482.0,64.0
10.17,1625449482.0,64.0
7.53,1625449482.0,64.0
4.74,1625449482.0,64.0
1.92,1625449482.0,64.0
-0.76,1625449482.0,64.0
-3.21,1625449482.0,64.0
-5.42,1625449482.0,64.0
-7.45,1625449482.0,64.0
-9.43,1625449482.0,64.0
-11.49,1625449482.0,64.0
-13.72,1625449482.0,64.0
-16.14,1625449482.0,64.0
-18.74,1625449482.0,64.0
-21.43,1625449482.0,64.0
-24.2,1625449482.0,64.0
-27.06,1625449482.0,64.0
-30.04,1625449482.0,64.0
-33.05,1625449482.0,64.0
-35.82,1625449482.0,64.0
-37.89,1625449482.0,64.0
-38.67,1625449482.0,64.0
-37.72,1625449482.0,64.0
-34.87,1625449482.0,64.0
-30.3,1625449482.0,64.0
-24.46,1625449482.0,64.0
-17.84,1625449482.0,64.0
-10.88,1625449482.0,64.0
-3.79,1625449482.0,64.0
3.27,1625449482.0,64.0
10.11,1625449482.0,64.0
16.35,1625449482.0,64.0
21.44,1625449482.0,64.0
24.87,1625449482.0,64.0
26.38,1625449482.0,64.0
26.21,1625449482.0,64.0
24.98,1625449482.0,64.0
23.55,1625449482.0,64.0
22.6,1625449482.0,64.0
22.39,1625449482.0,64.0
22.64,1625449482.0,64.0
22.74,1625449482.0,64.0
22.02,1625449482.0,64.0
20.14,1625449482.0,64.0
17.24,1625449482.0,64.0
13.8,1625449482.0,64.0
10.47,1625449482.0,64.0
7.68,1625449482.0,64.0
5.57,1625449482.0,64.0
3.94,1625449482.0,64.0
2.52,1625449482.0,64.0
1.13,1625449482.0,64.0
-0.26,1625449482.0,64.0
-1.5,1625449482.0,64.0
-2.51,1625449482.0,64.0
-3.4,1625449482.0,64.0
-4.41,1625449482.0,64.0
-5.87,1625449482.0,64.0
-7.96,1625449482.0,64.0
-10.67,1625449482.0,64.0
-13.75,1625449482.0,64.0
-16.92,1625449482.0,64.0
-19.91,1625449482.0,64.0
-22.61,1625449482.0,64.0
-24.92,1625449482.0,64.0
-26.72,1625449482.0,64.0
-27.75,1625449482.0,64.0
-27.64,1625449482.0,64.0
-26.09,1625449482.0,64.0
-22.96,1625449482.0,64.0
-18.39,1625449482.0,64.0
-12.76,1625449482.0,64.0
-6.56,1625449482.0,64.0
-0.23,1625449482.0,64.0
5.85,1625449482.0,64.0
11.41,1625449482.0,64.0
16.18,1625449482.0,64.0
19.88,1625449482.0,64.0
22.25,1625449482.0,64.0
23.2,1625449482.0,64.0
22.86,1625449482.0,64.0
21.63,1625449482.0,64.0
20.04,1625449482.0,64.0
18.55,1625449482.0,64.0
17.35,1625449482.0,64.0
16.35,1625449482.0,64.0
15.28,1625449482.0,64.0
13.87,1625449482.0,64.0
12.09,1625449482.0,64.0
10.2,1625449482.0,64.0
8.6,1625449482.0,64.0
7.62,1625449482.0,64.0
7.29,1625449482.0,64.0
7.26,1625449482.0,64.0
6.99,1625449482.0,64.0
6.01,1625449482.0,64.0
4.17,1625449482.0,64.0
1.69,1625449482.0,64.0
-0.99,1625449482.0,64.0
-3.45,1625449482.0,64.0
-5.59,1625449482.0,64.0
-7.62,1625449482.0,64.0
-9.94,1625449482.0,64.0
-12.81,1625449482.0,64.0
-16.26,1625449482.0,64.0
-20.0,1625449482.0,64.0
-23.65,1625449482.0,64.0
-26.93,1625449482.0,64.0
-29.75,1625449482.0,64.0
-32.15,1625449482.0,64.0
-34.11,1625449482.0,64.0
-35.36,1625449482.0,64.0
-35.41,1625449482.0,64.0
-33.8,1625449482.0,64.0
-30.27,1625449482.0,64.0
-24.97,1625449482.0,64.0
-18.42,1625449482.0,64.0
-11.24,1625449482.0,64.0
-3.99,1625449482.0,64.0
2.95,1625449482.0,64.0
9.32,1625449482.0,64.0
14.89,1625449482.0,64.0
19.33,1625449482.0,64.0
22.31,1625449482.0,64.0
23.62,1625449482.0,64.0
23.42,1625449482.0,64.0
22.19,1625449482.0,64.0
20.66,1625449482.0,64.0
19.55,1625449482.0,64.0
19.23,1625449482.0,64.0
19.71,1625449482.0,64.0
20.62,1625449482.0,64.0
21.52,1625449482.0,64.0
22.1,1625449482.0,64.0
22.25,1625449482.0,64.0
22.1,1625449482.0,64.0
21.72,1625449482.0,64.0
21.11,1625449482.0,64.0
20.0,1625449482.0,64.0
18.08,1625449482.0,64.0
15.12,1625449482.0,64.0
11.17,1625449482.0,64.0
6.56,1625449482.0,64.0
1.8,1625449482.0,64.0
-2.62,1625449482.0,64.0
-6.41,1625449482.0,64.0
-9.54,1625449482.0,64.0
-12.2,1625449482.0,64.0
-14.67,1625449482.0,64.0
-17.17,1625449482.0,64.0
-19.81,1625449482.0,64.0
-22.56,1625449482.0,64.0
-25.39,1625449482.0,64.0
-28.24,1625449482.0,64.0
-31.04,1625449482.0,64.0
-33.64,1625449482.0,64.0
-35.73,1625449482.0,64.0
-36.81,1625449482.0,64.0
-36.35,1625449482.0,64.0
-33.93,1625449482.0,64.0
-29.45,1625449482.0,64.0
-23.25,1625449482.0,64.0
-15.97,1625449482.0,64.0
-8.4,1625449482.0,64.0
-1.18,1625449482.0,64.0
5.3,1625449482.0,64.0
10.9,1625449482.0,64.0
15.58,1625449482.0,64.0
19.33,1625449482.0,64.0
22.13,1625449482.0,64.0
23.99,1625449482.0,64.0
25.08,1625449482.0,64.0
25.7,1625449482.0,64.0
26.16,1625449482.0,64.0
26.64,1625449482.0,64.0
27.11,1625449482.0,64.0
27.35,1625449482.0,64.0
27.08,1625449482.0,64.0
26.14,1625449482.0,64.0
24.57,1625449482.0,64.0
22.57,1625449482.0,64.0
20.39,1625449482.0,64.0
18.17,1625449482.0,64.0
15.91,1625449482.0,64.0
13.49,1625449482.0,64.0
10.73,1625449482.0,64.0
7.54,1625449482.0,64.0
4.0,1625449482.0,64.0
0.35,1625449482.0,64.0
-3.06,1625449482.0,64.0
-5.9,1625449482.0,64.0
-8.02,1625449482.0,64.0
-9.51,1625449482.0,64.0
-10.65,1625449482.0,64.0
-11.85,1625449482.0,64.0
-13.41,1625449482.0,64.0
-15.44,1625449482.0,64.0
-17.91,1625449482.0,64.0
-20.67,1625449482.0,64.0
-23.62,1625449482.0,64.0
-26.71,1625449482.0,64.0
-29.87,1625449482.0,64.0
-32.88,1625449482.0,64.0
-35.34,1625449482.0,64.0
-36.71,1625449482.0,64.0
-36.5,1625449482.0,64.0
-34.44,1625449482.0,64.0
-30.61,1625449482.0,64.0
-25.35,1625449482.0,64.0
-19.16,1625449482.0,64.0
-12.49,1625449482.0,64.0
-5.66,1625449482.0,64.0
1.1,1625449482.0,64.0
7.54,1625449482.0,64.0
13.33,1625449482.0,64.0
18.1,1625449482.0,64.0
21.52,1625449482.0,64.0
23.47,1625449482.0,64.0
24.08,1625449482.0,64.0
23.72,1625449482.0,64.0
22.86,1625449482.0,64.0
21.92,1625449482.0,64.0
21.08,1625449482.0,64.0
20.33,1625449482.0,64.0
19.49,1625449482.0,64.0
18.36,1625449482.0,64.0
16.87,1625449482.0,64.0
15.1,1625449482.0,64.0
13.26,1625449482.0,64.0
11.56,1625449482.0,64.0
10.14,1625449482.0,64.0
8.97,1625449482.0,64.0
7.9,1625449482.0,64.0
6.72,1625449482.0,64.0
5.26,1625449482.0,64.0
3.49,1625449482.0,64.0
1.48,1625449482.0,64.0
-0.59,1625449482.0,64.0
-2.56,1625449482.0,64.0
-4.32,1625449482.0,64.0
-5.87,1625449482.0,64.0
-7.3,1625449482.0,64.0
-8.73,1625449482.0,64.0
-10.29,1625449482.0,64.0
-12.07,1625449482.0,64.0
-14.16,1625449482.0,64.0
-16.62,1625449482.0,64.0
-19.47,1625449482.0,64.0
-22.64,1625449482.0,64.0
-25.88,1625449482.0,64.0
-28.73,1625449482.0,64.0
-30.59,1625449482.0,64.0
-30.85,1625449482.0,64.0
-29.09,1625449482.0,64.0
-25.27,1625449482.0,64.0
-19.72,1625449482.0,64.0
-13.03,1625449482.0,64.0
-5.83,1625449482.0,64.0
1.33,1625449482.0,64.0
8.08,1625449482.0,64.0
14.15,1625449482.0,64.0
19.26,1625449482.0,64.0
23.14,1625449482.0,64.0
25.6,1625449482.0,64.0
26.69,1625449482.0,64.0
26.79,1625449482.0,64.0
26.48,1625449482.0,64.0
26.33,1625449482.0,64.0
26.63,1625449482.0,64.0
27.33,1625449482.0,64.0
28.08,1625449482.0,64.0
28.44,1625449482.0,64.0
28.14,1625449482.0,64.0
27.15,1625449482.0,64.0
25.62,1625449482.0,64.0
23.74,1625449482.0,64.0
21.63,1625449482.0,64.0
19.31,1625449482.0,64.0
16.73,1625449482.0,64.0
13.93,1625449482.0,64.0
11.03,1625449482.0,64.0
8.2,1625449482.0,64.0
5.6,1625449482.0,64.0
3.29,1625449482.0,64.0
1.28,1625449482.0,64.0
-0.48,1625449482.0,64.0
-2.04,1625449482.0,64.0
-3.51,1625449482.0,64.0
-5.02,1625449482.0,64.0
-6.82,1625449482.0,64.0
-9.15,1625449482.0,64.0
-12.15,1625449482.0,64.0
-15.81,1625449482.0,64.0
-19.91,1625449482.0,64.0
-24.08,1625449482.0,64.0
-27.92,1625449482.0,64.0
-31.04,1625449482.0,64.0
-33.11,1625449482.0,64.0
-33.86,1625449482.0,64.0
-33.09,1625449482.0,64.0
-30.71,1625449482.0,64.0
-26.81,1625449482.0,64.0
-21.66,1625449482.0,64.0
-15.63,1625449482.0,64.0
-9.1,1625449482.0,64.0
-2.38,1625449482.0,64.0
4.3,1625449482.0,64.0
10.7,1625449482.0,64.0
16.49,1625449482.0,64.0
21.27,1625449482.0,64.0
24.66,1625449482.0,64.0
26.47,1625449482.0,64.0
26.77,1625449482.0,64.0
25.9,1625449482.0,64.0
24.33,1625449482.0,64.0
22.56,1625449482.0,64.0
20.96,1625449482.0,64.0
19.75,1625449482.0,64.0
18.97,1625449482.0,64.0
18.48,1625449482.0,64.0
18.11,1625449482.0,64.0
17.62,1625449482.0,64.0
16.8,1625449482.0,64.0
15.51,1625449482.0,64.0
13.69,1625449482.0,64.0
11.4,1625449482.0,64.0
8.74,1625449482.0,64.0
5.88,1625449482.0,64.0
2.99,1625449482.0,64.0
0.25,1625449482.0,64.0
-2.2,1625449482.0,64.0
-4.22,1625449482.0,64.0
-5.75,1625449482.0,64.0
-6.83,1625449482.0,64.0
-7.62,1625449482.0,64.0
-8.43,1625449482.0,64.0
-9.61,1625449482.0,64.0
-11.46,1625449482.0,64.0
-14.11,1625449482.0,64.0
-17.49,1625449482.0,64.0
-21.36,1625449482.0,64.0
-25.39,1625449482.0,64.0
-29.24,1625449482.0,64.0
-32.6,1625449482.0,64.0
-35.16,1625449482.0,64.0
-36.58,1625449482.0,64.0
-36.56,1625449482.0,64.0
-34.88,1625449482.0,64.0
-31.55,1625449482.0,64.0
-26.77,1625449482.0,64.0
-20.93,1625449482.0,64.0
-14.47,1625449482.0,64.0
-7.73,1625449482.0,64.0
-1.0,1625449482.0,64.0
5.49,1625449482.0,64.0
11.41,1625449482.0,64.0
16.39,1625449482.0,64.0
20.05,1625449482.0,64.0
22.16,1625449482.0,64.0
22.84,1625449482.0,64.0
22.46,1625449482.0,64.0
21.63,1625449482.0,64.0
20.92,1625449482.0,64.0
20.76,1625449482.0,64.0
21.24,1625449482.0,64.0
22.21,1625449482.0,64.0
23.35,1625449482.0,64.0
24.28,1625449482.0,64.0
24.7,1625449482.0,64.0
24.43,1625449482.0,64.0
23.39,1625449482.0,64.0
21.6,1625449482.0,64.0
19.12,1625449482.0,64.0
16.06,1625449482.0,64.0
12.59,1625449482.0,64.0
8.85,1625449482.0,64.0
5.02,1625449482.0,64.0
1.27,1625449482.0,64.0
-2.31,1625449482.0,64.0
-5.65,1625449482.0,64.0
-8.7,1625449482.0,64.0
-11.42,1625449482.0,64.0
-13.78,1625449482.0,64.0
-15.8,1625449482.0,64.0
-17.56,1625449482.0,64.0
-19.25,1625449482.0,64.0
-21.03,1625449482.0,64.0
-23.04,1625449482.0,64.0
-25.3,1625449482.0,64.0
-27.69,1625449482.0,64.0
-30.06,1625449482.0,64.0
-32.26,1625449482.0,64.0
-34.13,1625449482.0,64.0
-35.51,1625449482.0,64.0
-36.07,1625449482.0,64.0
-35.43,1625449482.0,64.0
-33.22,1625449482.0,64.0
-29.29,1625449482.0,64.0
-23.78,1625449482.0,64.0
-17.16,1625449482.0,64.0
-10.09,1625449482.0,64.0
-3.14,1625449482.0,64.0
3.29,1625449482.0,64.0
9.03,1625449482.0,64.0
14.03,1625449482.0,64.0
18.25,1625449482.0,64.0
21.57,1625449482.0,64.0
23.89,1625449482.0,64.0
25.18,1625449482.0,64.0
25.57,1625449482.0,64.0
25.4,1625449482.0,64.0
25.03,1625449482.0,64.0
24.73,1625449482.0,64.0
24.61,1625449482.0,64.0
24.51,1625449482.0,64.0
24.16,1625449482.0,64.0
23.24,1625449482.0,64.0
21.6,1625449482.0,64.0
19.27,1625449482.0,64.0
16.48,1625449482.0,64.0
13.57,1625449482.0,64.0
10.83,1625449482.0,64.0
8.43,1625449482.0,64.0
6.37,1625449482.0,64.0
4.53,1625449482.0,64.0
2.74,1625449482.0,64.0
0.92,1625449482.0,64.0
-0.94,1625449482.0,64.0
-2.73,1625449482.0,64.0
-4.32,1625449482.0,64.0
-5.62,1625449482.0,64.0
-6.65,1625449482.0,64.0
-7.52,1625449482.0,64.0
-8.44,1625449482.0,64.0
-9.63,1625449482.0,64.0
-11.28,1625449482.0,64.0
-13.49,1625449482.0,64.0
-16.26,1625449482.0,64.0
-19.53,1625449482.0,64.0
-23.16,1625449482.0,64.0
-26.96,1625449482.0,64.0
-30.67,1625449482.0,64.0
-33.94,1625449482.0,64.0
-36.29,1625449482.0,64.0
-37.24,1625449482.0,64.0
-36.34,1625449482.0,64.0
-33.42,1625449482.0,64.0
-28.58,1625449482.0,64.0
-22.24,1625449482.0,64.0
-14.97,1625449482.0,64.0
-7.33,1625449482.0,64.0
0.27,1625449482.0,64.0
7.58,1625449482.0,64.0
14.39,1625449482.0,64.0
20.45,1625449482.0,64.0
25.45,1625449482.0,64.0
29.03,1625449482.0,64.0
31.0,1625449482.0,64.0
31.44,1625449482.0,64.0
30.74,1625449482.0,64.0
29.46,1625449482.0,64.0
28.16,1625449482.0,64.0
27.13,1625449482.0,64.0
26.38,1625449482.0,64.0
25.7,1625449482.0,64.0
24.79,1625449482.0,64.0
23.41,1625449482.0,64.0
21.52,1625449482.0,64.0
19.15,1625449482.0,64.0
16.42,1625449482.0,64.0
13.42,1625449482.0,64.0
10.21,1625449482.0,64.0
6.86,1625449482.0,64.0
3.52,1625449482.0,64.0
0.38,1625449482.0,64.0
-2.34,1625449482.0,64.0
-4.54,1625449482.0,64.0
-6.21,1625449482.0,64.0
-7.49,1625449482.0,64.0
-8.58,1625449482.0,64.0
-9.65,1625449482.0,64.0
-10.85,1625449482.0,64.0
-12.22,1625449482.0,64.0
-13.75,1625449482.0,64.0
-15.38,1625449482.0,64.0
-17.04,1625449482.0,64.0
-18.72,1625449482.0,64.0
-20.46,1625449482.0,64.0
-22.41,1625449482.0,64.0
-24.79,1625449482.0,64.0
-27.78,1625449482.0,64.0
-31.36,1625449482.0,64.0
-35.2,1625449482.0,64.0
-38.66,1625449482.0,64.0
-40.88,1625449482.0,64.0
-41.11,1625449482.0,64.0
-38.92,1625449482.0,64.0
-34.42,1625449482.0,64.0
-28.17,1625449482.0,64.0
-20.98,1625449482.0,64.0
-13.59,1625449482.0,64.0
-6.45,1625449482.0,64.0
0.28,1625449482.0,64.0
6.61,1625449482.0,64.0
12.41,1625449482.0,64.0
17.36,1625449482.0,64.0
20.97,1625449482.0,64.0
22.87,1625449482.0,64.0
23.0,1625449482.0,64.0
21.71,1625449482.0,64.0
19.69,1625449482.0,64.0
17.63,1625449482.0,64.0
16.03,1625449482.0,64.0
15.07,1625449482.0,64.0
14.7,1625449482.0,64.0
14.75,1625449482.0,64.0
15.12,1625449482.0,64.0
15.78,1625449482.0,64.0
16.72,1625449482.0,64.0
17.88,1625449482.0,64.0
19.15,1625449482.0,64.0
20.35,1625449482.0,64.0
21.21,1625449482.0,64.0
21.49,1625449482.0,64.0
20.96,1625449482.0,64.0
19.49,1625449482.0,64.0
17.09,1625449482.0,64.0
13.96,1625449482.0,64.0
10.39,1625449482.0,64.0
6.71,1625449482.0,64.0
3.12,1625449482.0,64.0
-0.29,1625449482.0,64.0
-3.53,1625449482.0,64.0
-6.58,1625449482.0,64.0
-9.42,1625449482.0,64.0
-11.94,1625449482.0,64.0
-14.04,1625449482.0,64.0
-15.72,1625449482.0,64.0
-17.05,1625449482.0,64.0
-18.14,1625449482.0,64.0
-19.15,1625449482.0,64.0
-20.18,1625449482.0,64.0
-21.26,1625449482.0,64.0
-22.32,1625449482.0,64.0
-23.13,1625449482.0,64.0
-23.38,1625449482.0,64.0
-22.63,1625449482.0,64.0
-20.51,1625449482.0,64.0
-16.82,1625449482.0,64.0
-11.66,1625449482.0,64.0
-5.43,1625449482.0,64.0
1.24,1625449482.0,64.0
7.69,1625449482.0,64.0
13.42,1625449482.0,64.0
18.12,1625449482.0,64.0
21.69,1625449482.0,64.0
24.13,1625449482.0,64.0
25.53,1625449482.0,64.0
26.0,1625449482.0,64.0
25.74,1625449482.0,64.0
25.02,1625449482.0,64.0
24.16,1625449482.0,64.0
23.41,1625449482.0,64.0
22.88,1625449482.0,64.0
22.53,1625449482.0,64.0
22.19,1625449482.0,64.0
21.72,1625449482.0,64.0
21.02,1625449482.0,64.0
20.07,1625449482.0,64.0
18.85,1625449482.0,64.0
17.34,1625449482.0,64.0
15.49,1625449482.0,64.0
13.33,1625449482.0,64.0
11.0,1625449482.0,64.0
8.68,1625449482.0,64.0
6.56,1625449482.0,64.0
4.7,1625449482.0,64.0
3.03,1625449482.0,64.0
1.43,1625449482.0,64.0
-0.2,1625449482.0,64.0
-1.85,1625449482.0,64.0
-3.44,1625449482.0,64.0
-4.96,1625449482.0,64.0
-6.5,1625449482.0,64.0
-8.27,1625449482.0,64.0
-10.49,1625449482.0,64.0
-13.23,1625449482.0,64.0
-16.44,1625449482.0,64.0
-19.9,1625449482.0,64.0
-23.45,1625449482.0,64.0
-26.94,1625449482.0,64.0
-30.26,1625449482.0,64.0
-33.18,1625449482.0,64.0
-35.29,1625449482.0,64.0
-36.07,1625449482.0,64.0
-35.1,1625449482.0,64.0
-32.25,1625449482.0,64.0
-27.72,1625449482.0,64.0
-22.0,1625449482.0,64.0
-15.57,1625449482.0,64.0
-8.82,1625449482.0,64.0
-1.94,1625449482.0,64.0
4.91,1625449482.0,64.0
11.45,1625449482.0,64.0
17.22,1625449482.0,64.0
21.67,1625449482.0,64.0
24.41,1625449482.0,64.0
25.38,1625449482.0,64.0
24.96,1625449482.0,64.0
23.79,1625449482.0,64.0
22.53,1625449482.0,64.0
21.64,1625449482.0,64.0
21.21,1625449482.0,64.0
21.03,1625449482.0,64.0
20.75,1625449482.0,64.0
20.04,1625449482.0,64.0
18.79,1625449482.0,64.0
17.07,1625449482.0,64.0
15.15,1625449482.0,64.0
13.25,1625449482.0,64.0
11.51,1625449482.0,64.0
9.9,1625449482.0,64.0
8.31,1625449482.0,64.0
6.65,1625449482.0,64.0
4.91,1625449482.0,64.0
3.17,1625449482.0,64.0
1.52,1625449482.0,64.0
-0.07,1625449482.0,64.0
-1.79,1625449482.0,64.0
-3.88,1625449482.0,64.0
-6.57,1625449482.0,64.0
-9.91,1625449482.0,64.0
-13.7,1625449482.0,64.0
-17.65,1625449482.0,64.0
-21.42,1625449482.0,64.0
-24.87,1625449482.0,64.0
-28.02,1625449482.0,64.0
-30.98,1625449482.0,64.0
-33.77,1625449482.0,64.0
-36.21,1625449482.0,64.0
-37.88,1625449482.0,64.0
-38.25,1625449482.0,64.0
-36.92,1625449482.0,64.0
-33.75,1625449482.0,64.0
-28.97,1625449482.0,64.0
-23.07,1625449482.0,64.0
-16.59,1625449482.0,64.0
-9.9,1625449482.0,64.0
-3.21,1625449482.0,64.0
3.47,1625449482.0,64.0
10.06,1625449482.0,64.0
16.37,1625449482.0,64.0
21.99,1625449482.0,64.0
26.44,1625449482.0,64.0
29.35,1625449482.0,64.0
30.68,1625449482.0,64.0
30.72,1625449482.0,64.0
30.01,1625449482.0,64.0
29.15,1625449482.0,64.0
28.55,1625449482.0,64.0
28.31,1625449482.0,64.0
28.24,1625449482.0,64.0
28.01,1625449482.0,64.0
27.3,1625449482.0,64.0
25.97,1625449482.0,64.0
24.06,1625449482.0,64.0
21.72,1625449482.0,64.0
19.1,1625449482.0,64.0
16.3,1625449482.0,64.0
13.33,1625449482.0,64.0
10.2,1625449482.0,64.0
6.98,1625449482.0,64.0
3.76,1625449482.0,64.0
0.72,1625449482.0,64.0
-2.05,1625449482.0,64.0
-4.49,1625449482.0,64.0
-6.65,1625449482.0,64.0
-8.66,1625449482.0,64.0
-10.66,1625449482.0,64.0
-12.76,1625449482.0,64.0
-15.04,1625449482.0,64.0
-17.48,1625449482.0,64.0
-20.08,1625449482.0,64.0
-22.83,1625449482.0,64.0
-25.78,1625449482.0,64.0
-29.0,1625449482.0,64.0
-32.52,1625449482.0,64.0
-36.15,1625449482.0,64.0
-39.53,1625449482.0,64.0
-42.08,1625449482.0,64.0
-43.19,1625449482.0,64.0
-42.39,1625449482.0,64.0
-39.5,1625449482.0,64.0
-34.65,1625449482.0,64.0
-28.23,1625449482.0,64.0
-20.69,1625449482.0,64.0
-12.49,1625449482.0,64.0
-4.0,1625449482.0,64.0
4.4,1625449482.0,64.0
12.28,1625449482.0,64.0
19.15,1625449482.0,64.0
24.57,1625449482.0,64.0
28.27,1625449482.0,64.0
30.28,1625449482.0,64.0
30.9,1625449482.0,64.0
30.64,1625449482.0,64.0
30.0,1625449482.0,64.0
29.38,1625449482.0,64.0
28.96,1625449482.0,64.0
28.74,1625449482.0,64.0
28.59,1625449482.0,64.0
28.32,1625449482.0,64.0
27.72,1625449482.0,64.0
26.6,1625449482.0,64.0
24.85,1625449482.0,64.0
22.47,1625449482.0,64.0
19.58,1625449482.0,64.0
16.39,1625449482.0,64.0
13.14,1625449482.0,64.0
10.02,1625449482.0,64.0
7.18,1625449482.0,64.0
4.68,1625449482.0,64.0
2.51,1625449482.0,64.0
0.62,1625449482.0,64.0
-1.14,1625449482.0,64.0
-2.92,1625449482.0,64.0
-4.84,1625449482.0,64.0
-6.97,1625449482.0,64.0
-9.26,1625449482.0,64.0
-11.66,1625449482.0,64.0
-14.11,1625449482.0,64.0
-16.65,1625449482.0,64.0
-19.34,1625449482.0,64.0
-22.28,1625449482.0,64.0
-25.5,1625449482.0,64.0
-28.97,1625449482.0,64.0
-32.51,1625449482.0,64.0
-35.87,1625449482.0,64.0
-38.69,1625449482.0,64.0
-40.56,1625449482.0,64.0
-41.03,1625449482.0,64.0
-39.79,1625449482.0,64.0
-36.66,1625449482.0,64.0
-31.71,1625449482.0,64.0
-25.28,1625449482.0,64.0
-17.88,1625449482.0,64.0
-10.05,1625449482.0,64.0
-2.28,1625449482.0,64.0
5.09,1625449482.0,64.0
11.83,1625449482.0,64.0
17.8,1625449482.0,64.0
22.82,1625449482.0,64.0
26.69,1625449482.0,64.0
29.23,1625449482.0,64.0
30.37,1625449482.0,64.0
30.31,1625449482.0,64.0
29.45,1625449482.0,64.0
28.33,1625449482.0,64.0
27.41,1625449482.0,64.0
26.89,1625449482.0,64.0
26.64,1625449482.0,64.0
26.27,1625449482.0,64.0
25.33,1625449482.0,64.0
23.53,1625449482.0,64.0
20.79,1625449482.0,64.0
17.35,1625449482.0,64.0
13.59,1625449482.0,64.0
9.99,1625449482.0,64.0
6.94,1625449482.0,64.0
4.61,1625449482.0,64.0
2.99,1625449482.0,64.0
1.84,1625449482.0,64.0
0.81,1625449482.0,64.0
-0.45,1625449482.0,64.0
-2.18,1625449482.0,64.0
-4.39,1625449482.0,64.0
-6.9,1625449482.0,64.0
-9.43,1625449482.0,64.0
-11.74,1625449482.0,64.0
-13.74,1625449482.0,64.0
-15.56,1625449482.0,64.0
-17.45,1625449482.0,64.0
-19.67,1625449482.0,64.0
-22.36,1625449482.0,64.0
-25.46,1625449482.0,64.0
-28.82,1625449482.0,64.0
-32.18,1625449482.0,64.0
-35.31,1625449482.0,64.0
-37.99,1625449482.0,64.0
-39.97,1625449482.0,64.0
-41.0,1625449482.0,64.0
-40.76,1625449482.0,64.0
-39.02,1625449482.0,64.0
-35.68,1625449482.0,64.0
-30.81,1625449482.0,64.0
-24.64,1625449482.0,64.0
-17.43,1625449482.0,64.0
-9.48,1625449482.0,64.0
-1.0,1625449482.0,64.0
7.71,1625449482.0,64.0
16.28,1625449482.0,64.0
24.2,1625449482.0,64.0
30.85,1625449482.0,64.0
35.69,1625449482.0,64.0
38.43,1625449482.0,64.0
39.1,1625449482.0,64.0
38.15,1625449482.0,64.0
36.28,1625449482.0,64.0
34.23,1625449482.0,64.0
32.53,1625449482.0,64.0
31.37,1625449482.0,64.0
30.52,1625449482.0,64.0
29.6,1625449482.0,64.0
28.24,1625449482.0,64.0
26.37,1625449482.0,64.0
24.17,1625449482.0,64.0
21.93,1625449482.0,64.0
19.88,1625449482.0,64.0
17.97,1625449482.0,64.0
15.93,1625449482.0,64.0
13.44,1625449482.0,64.0
10.4,1625449482.0,64.0
6.96,1625449482.0,64.0
3.53,1625449482.0,64.0
0.51,1625449482.0,64.0
-1.87,1625449482.0,64.0
-3.66,1625449482.0,64.0
-5.11,1625449482.0,64.0
-6.44,1625449482.0,64.0
-7.74,1625449482.0,64.0
-9.01,1625449482.0,64.0
-10.17,1625449482.0,64.0
-11.24,1625449482.0,64.0
-12.33,1625449482.0,64.0
-13.62,1625449482.0,64.0
-15.27,1625449482.0,64.0
-17.33,1625449482.0,64.0
-19.8,1625449482.0,64.0
-22.57,1625449482.0,64.0
-25.55,1625449482.0,64.0
-28.54,1625449482.0,64.0
-31.22,1625449482.0,64.0
-33.14,1625449482.0,64.0
-33.77,1625449482.0,64.0
-32.62,1625449482.0,64.0
-29.41,1625449482.0,64.0
-24.23,1625449482.0,64.0
-17.54,1625449482.0,64.0
-10.05,1625449482.0,64.0
-2.5,1625449482.0,64.0
4.55,1625449482.0,64.0
10.8,1625449482.0,64.0
16.19,1625449482.0,64.0
20.69,1625449482.0,64.0
24.21,1625449482.0,64.0
26.55,1625449482.0,64.0
27.52,1625449482.0,64.0
27.14,1625449482.0,64.0
25.78,1625449482.0,64.0
24.05,1625449482.0,64.0
22.64,1625449482.0,64.0
22.04,1625449482.0,64.0
22.29,1625449482.0,64.0
23.06,1625449482.0,64.0
23.81,1625449482.0,64.0
24.08,1625449482.0,64.0
23.65,1625449482.0,64.0
22.6,1625449482.0,64.0
21.15,1625449482.0,64.0
19.44,1625449482.0,64.0
17.52,1625449482.0,64.0
15.3,1625449482.0,64.0
12.7,1625449482.0,64.0
9.75,1625449482.0,64.0
6.64,1625449482.0,64.0
3.63,1625449482.0,64.0
0.98,1625449482.0,64.0
-1.19,1625449482.0,64.0
-2.89,1625449482.0,64.0
-4.24,1625449482.0,64.0
-5.4,1625449482.0,64.0
-6.59,1625449482.0,64.0
-7.99,1625449482.0,64.0
-9.79,1625449482.0,64.0
-12.11,1625449482.0,64.0
-15.03,1625449482.0,64.0
-18.52,1625449482.0,64.0
-22.47,1625449482.0,64.0
-26.68,1625449482.0,64.0
-30.82,1625449482.0,64.0
-34.5,1625449482.0,64.0
-37.24,1625449482.0,64.0
-38.62,1625449482.0,64.0
-38.34,1625449482.0,64.0
-36.27,1625449482.0,64.0
-32.48,1625449482.0,64.0
-27.18,1625449482.0,64.0
-20.67,1625449482.0,64.0
-13.29,1625449482.0,64.0
-5.44,1625449482.0,64.0
2.43,1625449482.0,64.0
9.85,1625449482.0,64.0
16.34,1625449482.0,64.0
21.51,1625449482.0,64.0
25.15,1625449482.0,64.0
27.32,1625449482.0,64.0
28.34,1625449482.0,64.0
28.8,1625449482.0,64.0
29.3,1625449482.0,64.0
30.27,1625449482.0,64.0
31.79,1625449482.0,64.0
33.51,1625449482.0,64.0
34.77,1625449482.0,64.0
34.86,1625449482.0,64.0
33.33,1625449482.0,64.0
30.12,1625449482.0,64.0
25.61,1625449482.0,64.0
20.44,1625449482.0,64.0
15.36,1625449482.0,64.0
10.94,1625449482.0,64.0
7.5,1625449482.0,64.0
5.04,1625449482.0,64.0
3.36,1625449482.0,64.0
2.17,1625449482.0,64.0
1.22,1625449482.0,64.0
0.47,1625449482.0,64.0
-0.0,1625449482.0,64.0
-0.05,1625449482.0,64.0
0.39,1625449482.0,64.0
1.2,1625449482.0,64.0
2.06,1625449482.0,64.0
2.48,1625449482.0,64.0
1.93,1625449482.0,64.0
-0.16,1625449482.0,64.0
-4.19,1625449482.0,64.0
-10.37,1625449482.0,64.0
-18.57,1625449482.0,64.0
-28.25,1625449482.0,64.0
-38.51,1625449482.0,64.0
-48.22,1625449482.0,64.0
-56.26,1625449482.0,64.0
-61.73,1625449482.0,64.0
-64.15,1625449482.0,64.0
-63.4,1625449482.0,64.0
-59.7,1625449482.0,64.0
-53.45,1625449482.0,64.0
-45.12,1625449482.0,64.0
-35.17,1625449482.0,64.0
-24.08,1625449482.0,64.0
-12.41,1625449482.0,64.0
-0.82,1625449482.0,64.0
9.86,1625449482.0,64.0
18.84,1625449482.0,64.0
25.48,1625449482.0,64.0
29.53,1625449482.0,64.0
31.23,1625449482.0,64.0
31.19,1625449482.0,64.0
30.26,1625449482.0,64.0
29.19,1625449482.0,64.0
28.42,1625449482.0,64.0
28.01,1625449482.0,64.0
27.76,1625449482.0,64.0
27.44,1625449482.0,64.0
26.9,1625449482.0,64.0
26.21,1625449482.0,64.0
25.41,1625449482.0,64.0
24.43,1625449482.0,64.0
22.95,1625449482.0,64.0
20.54,1625449482.0,64.0
16.92,1625449482.0,64.0
12.1,1625449482.0,64.0
6.52,1625449482.0,64.0
0.82,1625449482.0,64.0
-4.29,1625449482.0,64.0
-8.39,1625449482.0,64.0
-11.34,1625449482.0,64.0
-13.31,1625449482.0,64.0
-14.56,1625449482.0,64.0
-15.43,1625449482.0,64.0
-16.32,1625449482.0,64.0
-17.67,1625449482.0,64.0
-19.91,1625449482.0,64.0
-23.31,1625449482.0,64.0
-27.8,1625449482.0,64.0
-32.97,1625449482.0,64.0
-38.17,1625449482.0,64.0
-42.72,1625449482.0,64.0
-46.15,1625449482.0,64.0
-48.19,1625449482.0,64.0
-48.72,1625449482.0,64.0
-47.62,1625449482.0,64.0
-44.75,1625449482.0,64.0
-40.16,1625449482.0,64.0
-34.16,1625449482.0,64.0
-27.37,1625449482.0,64.0
-20.52,1625449482.0,64.0
-14.13,1625449482.0,64.0
-8.25,1625449482.0,64.0
-2.56,1625449482.0,64.0
3.41,1625449482.0,64.0
9.8,1625449482.0,64.0
16.27,1625449482.0,64.0
22.11,1625449482.0,64.0
26.59,1625449482.0,64.0
29.34,1625449482.0,64.0
30.52,1625449482.0,64.0
30.68,1625449482.0,64.0
30.41,1625449482.0,64.0
30.06,1625449482.0,64.0
29.65,1625449482.0,64.0
28.98,1625449482.0,64.0
27.86,1625449482.0,64.0
26.27,1625449482.0,64.0
24.37,1625449482.0,64.0
22.39,1625449482.0,64.0
20.39,1625449482.0,64.0
18.17,1625449482.0,64.0
15.3,1625449482.0,64.0
11.33,1625449482.0,64.0
6.02,1625449482.0,64.0
-0.4,1625449482.0,64.0
-7.29,1625449482.0,64.0
-13.73,1625449482.0,64.0
-18.87,1625449482.0,64.0
-22.18,1625449482.0,64.0
-23.62,1625449482.0,64.0
-23.58,1625449482.0,64.0
-22.64,1625449482.0,64.0
-21.37,1625449482.0,64.0
-20.12,1625449482.0,64.0
-18.99,1625449482.0,64.0
-17.93,1625449482.0,64.0
-16.8,1625449482.0,64.0
-15.56,1625449482.0,64.0
-14.31,1625449482.0,64.0
-13.35,1625449482.0,64.0
-13.06,1625449482.0,64.0
-13.79,1625449482.0,64.0
-15.62,1625449482.0,64.0
-18.26,1625449482.0,64.0
-21.03,1625449482.0,64.0
-23.0,1625449482.0,64.0
-23.3,1625449482.0,64.0
-21.38,1625449482.0,64.0
-17.17,1625449482.0,64.0
-11.02,1625449482.0,64.0
-3.52,1625449482.0,64.0
4.69,1625449482.0,64.0
13.04,1625449482.0,64.0
21.04,1625449482.0,64.0
28.21,1625449482.0,64.0
34.03,1625449482.0,64.0
38.07,1625449482.0,64.0
40.12,1625449482.0,64.0
40.28,1625449482.0,64.0
39.02,1625449482.0,64.0
37.01,1625449482.0,64.0
34.92,1625449482.0,64.0
33.19,1625449482.0,64.0
31.97,1625449482.0,64.0
31.11,1625449482.0,64.0
30.34,1625449482.0,64.0
29.35,1625449482.0,64.0
27.96,1625449482.0,64.0
26.18,1625449482.0,64.0
24.19,1625449482.0,64.0
22.2,1625449482.0,64.0
20.37,1625449482.0,64.0
18.69,1625449482.0,64.0
17.0,1625449482.0,64.0
15.04,1625449482.0,64.0
12.6,1625449482.0,64.0
9.67,1625449482.0,64.0
6.42,1625449482.0,64.0
3.14,1625449482.0,64.0
0.09,1625449482.0,64.0
-2.59,1625449482.0,64.0
-4.92,1625449482.0,64.0
-7.05,1625449482.0,64.0
-9.09,1625449482.0,64.0
-11.14,1625449482.0,64.0
-13.24,1625449482.0,64.0
-15.5,1625449482.0,64.0
-18.02,1625449482.0,64.0
-20.93,1625449482.0,64.0
-24.25,1625449482.0,64.0
-27.8,1625449482.0,64.0
-31.16,1625449482.0,64.0
-33.74,1625449482.0,64.0
-34.93,1625449482.0,64.0
-34.31,1625449482.0,64.0
-31.74,1625449482.0,64.0
-27.38,1625449482.0,64.0
-21.58,1625449482.0,64.0
-14.82,1625449482.0,64.0
-7.51,1625449482.0,64.0
-0.07,1625449482.0,64.0
7.05,1625449482.0,64.0
13.32,1625449482.0,64.0
18.16,1625449482.0,64.0
21.12,1625449482.0,64.0
22.05,1625449482.0,64.0
21.25,1625449482.0,64.0
19.39,1625449482.0,64.0
17.28,1625449482.0,64.0
15.62,1625449482.0,64.0
14.7,1625449482.0,64.0
14.46,1625449482.0,64.0
14.55,1625449482.0,64.0
14.56,1625449482.0,64.0
14.18,1625449482.0,64.0
13.29,1625449482.0,64.0
11.94,1625449482.0,64.0
10.29,1625449482.0,64.0
8.54,1625449482.0,64.0
6.87,1625449482.0,64.0
5.36,1625449482.0,64.0
4.01,1625449482.0,64.0
2.74,1625449482.0,64.0
1.41,1625449482.0,64.0
-0.05,1625449482.0,64.0
-1.65,1625449482.0,64.0
-3.34,1625449482.0,64.0
-5.12,1625449482.0,64.0
-7.01,1625449482.0,64.0
-9.11,1625449482.0,64.0
-11.48,1625449482.0,64.0
-14.11,1625449482.0,64.0
-16.89,1625449482.0,64.0
-19.71,1625449482.0,64.0
-22.49,1625449482.0,64.0
-25.21,1625449482.0,64.0
-27.85,1625449482.0,64.0
-30.27,1625449482.0,64.0
-32.17,1625449482.0,64.0
-33.12,1625449482.0,64.0
-32.67,1625449482.0,64.0
-30.52,1625449482.0,64.0
-26.61,1625449482.0,64.0
-21.18,1625449482.0,64.0
-14.68,1625449482.0,64.0
-7.66,1625449482.0,64.0
-0.62,1625449482.0,64.0
6.05,1625449482.0,64.0
12.07,1625449482.0,64.0
17.21,1625449482.0,64.0
21.25,1625449482.0,64.0
23.99,1625449482.0,64.0
25.33,1625449482.0,64.0
25.38,1625449482.0,64.0
24.51,1625449482.0,64.0
23.27,1625449482.0,64.0
22.17,1625449482.0,64.0
21.49,1625449482.0,64.0
21.16,1625449482.0,64.0
20.9,1625449482.0,64.0
20.35,1625449482.0,64.0
19.34,1625449482.0,64.0
17.89,1625449482.0,64.0
16.22,1625449482.0,64.0
14.5,1625449482.0,64.0
12.81,1625449482.0,64.0
11.02,1625449482.0,64.0
8.95,1625449482.0,64.0
6.46,1625449482.0,64.0
3.57,1625449482.0,64.0
0.47,1625449482.0,64.0
-2.58,1625449482.0,64.0
-5.36,1625449482.0,64.0
-7.85,1625449482.0,64.0
-10.14,1625449482.0,64.0
-12.47,1625449482.0,64.0
-14.99,1625449482.0,64.0
-17.71,1625449482.0,64.0
-20.51,1625449482.0,64.0
-23.19,1625449482.0,64.0
-25.6,1625449482.0,64.0
-27.67,1625449482.0,64.0
-29.41,1625449482.0,64.0
-30.77,1625449482.0,64.0
-31.64,1625449482.0,64.0
-31.78,1625449482.0,64.0
-30.91,1625449482.0,64.0
-28.84,1625449482.0,64.0
-25.54,1625449482.0,64.0
-21.15,1625449482.0,64.0
-15.91,1625449482.0,64.0
-10.03,1625449482.0,64.0
-3.64,1625449482.0,64.0
3.18,1625449482.0,64.0
10.26,1625449482.0,64.0
17.23,1625449482.0,64.0
23.51,1625449482.0,64.0
28.41,1625449482.0,64.0
31.4,1625449482.0,64.0
32.37,1625449482.0,64.0
31.64,1625449482.0,64.0
29.87,1625449482.0,64.0
27.74,1625449482.0,64.0
25.73,1625449482.0,64.0
24.0,1625449482.0,64.0
22.45,1625449482.0,64.0
20.93,1625449482.0,64.0
19.34,1625449482.0,64.0
17.69,1625449482.0,64.0
15.99,1625449482.0,64.0
14.15,1625449482.0,64.0
12.02,1625449482.0,64.0
9.45,1625449482.0,64.0
6.42,1625449482.0,64.0
3.11,1625449482.0,64.0
-0.17,1625449482.0,64.0
-3.09,1625449482.0,64.0
-5.49,1625449482.0,64.0
-7.38,1625449482.0,64.0
-8.95,1625449482.0,64.0
-10.46,1625449482.0,64.0
-12.09,1625449482.0,64.0
-13.98,1625449482.0,64.0
-16.15,1625449482.0,64.0
-18.58,1625449482.0,64.0
-21.25,1625449482.0,64.0
-24.14,1625449482.0,64.0
-27.22,1625449482.0,64.0
-30.41,1625449482.0,64.0
-33.65,1625449482.0,64.0
-36.81,1625449482.0,64.0
-39.73,1625449482.0,64.0
-42.13,1625449482.0,64.0
-43.66,1625449482.0,64.0
-43.9,1625449482.0,64.0
-42.44,1625449482.0,64.0
-39.07,1625449482.0,64.0
-33.82,1625449482.0,64.0
-27.03,1625449482.0,64.0
-19.18,1625449482.0,64.0
-10.86,1625449482.0,64.0
-2.57,1625449482.0,64.0
5.22,1625449482.0,64.0
12.05,1625449482.0,64.0
17.54,1625449482.0,64.0
21.37,1625449482.0,64.0
23.47,1625449482.0,64.0
24.06,1625449482.0,64.0
23.63,1625449482.0,64.0
22.78,1625449482.0,64.0
22.01,1625449482.0,64.0
21.53,1625449482.0,64.0
21.23,1625449482.0,64.0
20.9,1625449482.0,64.0
20.29,1625449482.0,64.0
19.33,1625449482.0,64.0
18.08,1625449482.0,64.0
16.66,1625449482.0,64.0
15.16,1625449482.0,64.0
13.61,1625449482.0,64.0
11.99,1625449482.0,64.0
10.25,1625449482.0,64.0
8.34,1625449482.0,64.0
6.23,1625449482.0,64.0
3.93,1625449482.0,64.0
1.61,1625449482.0,64.0
-0.35,1625449482.0,64.0
-1.38,1625449482.0,64.0
-0.94,1625449482.0,64.0
1.24,1625449482.0,64.0
4.98,1625449482.0,64.0
9.59,1625449482.0,64.0
14.18,1625449482.0,64.0
17.88,1625449482.0,64.0
20.1,1625449482.0,64.0
20.54,1625449482.0,64.0
19.09,1625449482.0,64.0
15.76,1625449482.0,64.0
10.77,1625449482.0,64.0
4.59,1625449482.0,64.0
-1.91,1625449482.0,64.0
-7.64,1625449482.0,64.0
-11.65,1625449482.0,64.0
-13.49,1625449482.0,64.0
-13.44,1625449482.0,64.0
-12.41,1625449482.0,64.0
-11.59,1625449482.0,64.0
-12.02,1625449482.0,64.0
-14.25,1625449482.0,64.0
-18.3,1625449482.0,64.0
-23.73,1625449482.0,64.0
-29.79,1625449482.0,64.0
-35.63,1625449482.0,64.0
-40.38,1625449482.0,64.0
-43.33,1625449482.0,64.0
-43.98,1625449482.0,64.0
-42.21,1625449482.0,64.0
-38.18,1625449482.0,64.0
-32.26,1625449482.0,64.0
-24.83,1625449482.0,64.0
-16.19,1625449482.0,64.0
-6.56,1625449482.0,64.0
3.73,1625449482.0,64.0
14.07,1625449482.0,64.0
23.61,1625449482.0,64.0
31.41,1625449482.0,64.0
36.8,1625449482.0,64.0
39.69,1625449482.0,64.0
40.52,1625449482.0,64.0
40.09,1625449482.0,64.0
39.11,1625449482.0,64.0
37.89,1625449482.0,64.0
36.28,1625449482.0,64.0
33.86,1625449482.0,64.0
30.38,1625449482.0,64.0
25.96,1625449482.0,64.0
21.21,1625449482.0,64.0
16.92,1625449482.0,64.0
13.77,1625449482.0,64.0
12.04,1625449482.0,64.0
11.54,1625449482.0,64.0
11.69,1625449482.0,64.0
11.89,1625449482.0,64.0
11.65,1625449482.0,64.0
10.8,1625449482.0,64.0
9.46,1625449482.0,64.0
7.96,1625449482.0,64.0
6.61,1625449482.0,64.0
5.55,1625449482.0,64.0
4.63,1625449482.0,64.0
3.48,1625449482.0,64.0
1.61,1625449482.0,64.0
-1.28,1625449482.0,64.0
-5.25,1625449482.0,64.0
-10.06,1625449482.0,64.0
-15.33,1625449482.0,64.0
-20.7,1625449482.0,64.0
-25.96,1625449482.0,64.0
-31.0,1625449482.0,64.0
-35.64,1625449482.0,64.0
-39.5,1625449482.0,64.0
-42.01,1625449482.0,64.0
-42.6,1625449482.0,64.0
-40.98,1625449482.0,64.0
-37.27,1625449482.0,64.0
-31.99,1625449482.0,64.0
-25.87,1625449482.0,64.0
-19.55,1625449482.0,64.0
-13.38,1625449482.0,64.0
-7.47,1625449482.0,64.0
-1.79,1625449482.0,64.0
3.65,1625449482.0,64.0
8.66,1625449482.0,64.0
12.9,1625449482.0,64.0
16.08,1625449482.0,64.0
18.11,1625449482.0,64.0
19.23,1625449482.0,64.0
19.95,1625449482.0,64.0
20.84,1625449482.0,64.0
22.28,1625449482.0,64.0
24.25,1625449482.0,64.0
26.34,1625449482.0,64.0
27.91,1625449482.0,64.0
28.46,1625449482.0,64.0
27.79,1625449482.0,64.0
26.06,1625449482.0,64.0
23.71,1625449482.0,64.0
21.15,1625449482.0,64.0
18.64,1625449482.0,64.0
16.25,1625449482.0,64.0
13.93,1625449482.0,64.0
11.65,1625449482.0,64.0
9.45,1625449482.0,64.0
7.41,1625449482.0,64.0
5.55,1625449482.0,64.0
3.79,1625449482.0,64.0
1.95,1625449482.0,64.0
-0.11,1625449482.0,64.0
-2.52,1625449482.0,64.0
-5.31,1625449482.0,64.0
-8.49,1625449482.0,64.0
-12.08,1625449482.0,64.0
-16.06,1625449482.0,64.0
-20.33,1625449482.0,64.0
-24.69,1625449482.0,64.0
-28.87,1625449482.0,64.0
-32.61,1625449482.0,64.0
-35.75,1625449482.0,64.0
-38.2,1625449482.0,64.0
-39.83,1625449482.0,64.0
-40.46,1625449482.0,64.0
-39.75,1625449482.0,64.0
-37.43,1625449482.0,64.0
-33.39,1625449482.0,64.0
-27.82,1625449482.0,64.0
-21.15,1625449482.0,64.0
-13.9,1625449482.0,64.0
-6.51,1625449482.0,64.0
0.82,1625449482.0,64.0
8.02,1625449482.0,64.0
15.01,1625449482.0,64.0
21.57,1625449482.0,64.0
27.24,1625449482.0,64.0
31.5,1625449482.0,64.0
33.96,1625449482.0,64.0
34.57,1625449482.0,64.0
33.66,1625449482.0,64.0
31.85,1625449482.0,64.0
29.82,1625449482.0,64.0
28.06,1625449482.0,64.0
26.74,1625449482.0,64.0
25.7,1625449482.0,64.0
24.62,1625449482.0,64.0
23.18,1625449482.0,64.0
21.24,1625449482.0,64.0
18.87,1625449482.0,64.0
16.3,1625449482.0,64.0
13.77,1625449482.0,64.0
11.46,1625449482.0,64.0
9.43,1625449482.0,64.0
7.69,1625449482.0,64.0
6.19,1625449482.0,64.0
4.9,1625449482.0,64.0
3.79,1625449482.0,64.0
2.75,1625449482.0,64.0
1.66,1625449482.0,64.0
0.4,1625449482.0,64.0
-1.14,1625449482.0,64.0
-2.94,1625449482.0,64.0
-4.93,1625449482.0,64.0
-7.01,1625449482.0,64.0
-9.14,1625449482.0,64.0
-11.35,1625449482.0,64.0
-13.75,1625449482.0,64.0
-16.43,1625449482.0,64.0
-19.46,1625449482.0,64.0
-22.83,1625449482.0,64.0
-26.42,1625449482.0,64.0
-29.97,1625449482.0,64.0
-33.08,1625449482.0,64.0
-35.27,1625449482.0,64.0
-36.04,1625449482.0,64.0
-34.98,1625449482.0,64.0
-31.91,1625449482.0,64.0
-26.92,1625449482.0,64.0
-20.35,1625449482.0,64.0
-12.62,1625449482.0,64.0
-4.24,1625449482.0,64.0
4.37,1625449482.0,64.0
12.79,1625449482.0,64.0
20.57,1625449482.0,64.0
27.23,1625449482.0,64.0
32.25,1625449482.0,64.0
35.25,1625449482.0,64.0
36.14,1625449482.0,64.0
35.18,1625449482.0,64.0
33.01,1625449482.0,64.0
30.42,1625449482.0,64.0
28.09,1625449482.0,64.0
26.23,1625449482.0,64.0
24.65,1625449482.0,64.0
22.85,1625449482.0,64.0
20.36,1625449482.0,64.0
17.06,1625449482.0,64.0
13.27,1625449482.0,64.0
9.53,1625449482.0,64.0
6.27,1625449482.0,64.0
3.65,1625449482.0,64.0
1.44,1625449482.0,64.0
-0.73,1625449482.0,64.0
-3.18,1625449482.0,64.0
-5.91,1625449482.0,64.0
-8.65,1625449482.0,64.0
-11.05,1625449482.0,64.0
-12.92,1625449482.0,64.0
-14.28,1625449482.0,64.0
-15.35,1625449482.0,64.0
-16.35,1625449482.0,64.0
-17.36,1625449482.0,64.0
-18.33,1625449482.0,64.0
-19.18,1625449482.0,64.0
-19.95,1625449482.0,64.0
-20.89,1625449482.0,64.0
-22.35,1625449482.0,64.0
-24.62,1625449482.0,64.0
-27.75,1625449482.0,64.0
-31.54,1625449482.0,64.0
-35.59,1625449482.0,64.0
-39.44,1625449482.0,64.0
-42.68,1625449482.0,64.0
-44.93,1625449482.0,64.0
-45.83,1625449482.0,64.0
-45.07,1625449482.0,64.0
-42.47,1625449482.0,64.0
-38.01,1625449482.0,64.0
-32.0,1625449482.0,64.0
-24.93,1625449482.0,64.0
-17.35,1625449482.0,64.0
-9.7,1625449482.0,64.0
-2.21,1625449482.0,64.0
5.05,1625449482.0,64.0
12.01,1625449482.0,64.0
18.53,1625449482.0,64.0
24.27,1625449482.0,64.0
28.81,1625449482.0,64.0
31.79,1625449482.0,64.0
33.1,1625449482.0,64.0
32.94,1625449482.0,64.0
31.8,1625449482.0,64.0
30.32,1625449482.0,64.0
28.97,1625449482.0,64.0
27.99,1625449482.0,64.0
27.28,1625449482.0,64.0
26.55,1625449482.0,64.0
25.49,1625449482.0,64.0
23.98,1625449482.0,64.0
22.09,1625449482.0,64.0
20.04,1625449482.0,64.0
18.06,1625449482.0,64.0
16.2,1625449482.0,64.0
14.42,1625449482.0,64.0
12.57,1625449482.0,64.0
10.56,1625449482.0,64.0
8.45,1625449482.0,64.0
6.39,1625449482.0,64.0
4.53,1625449482.0,64.0
2.93,1625449482.0,64.0
1.51,1625449482.0,64.0
0.04,1625449482.0,64.0
-1.7,1625449482.0,64.0
-3.85,1625449482.0,64.0
-6.39,1625449482.0,64.0
-9.19,1625449482.0,64.0
-12.05,1625449482.0,64.0
-14.79,1625449482.0,64.0
-17.33,1625449482.0,64.0
-19.65,1625449482.0,64.0
-21.85,1625449482.0,64.0
-24.05,1625449482.0,64.0
-26.37,1625449482.0,64.0
-28.82,1625449482.0,64.0
-31.19,1625449482.0,64.0
-33.07,1625449482.0,64.0
-33.85,1625449482.0,64.0
-32.97,1625449482.0,64.0
-30.09,1625449482.0,64.0
-25.24,1625449482.0,64.0
-18.9,1625449482.0,64.0
-11.76,1625449482.0,64.0
-4.51,1625449482.0,64.0
2.35,1625449482.0,64.0
8.57,1625449482.0,64.0
14.08,1625449482.0,64.0
18.76,1625449482.0,64.0
22.45,1625449482.0,64.0
24.98,1625449482.0,64.0
26.31,1625449482.0,64.0
26.69,1625449482.0,64.0
26.6,1625449482.0,64.0
26.59,1625449482.0,64.0
26.99,1625449482.0,64.0
27.77,1625449482.0,64.0
28.58,1625449482.0,64.0
28.88,1625449482.0,64.0
28.26,1625449482.0,64.0
26.59,1625449482.0,64.0
24.08,1625449482.0,64.0
21.11,1625449482.0,64.0
18.1,1625449482.0,64.0
15.32,1625449482.0,64.0
12.91,1625449482.0,64.0
10.86,1625449482.0,64.0
9.13,1625449482.0,64.0
7.7,1625449482.0,64.0
6.51,1625449482.0,64.0
5.49,1625449482.0,64.0
4.44,1625449482.0,64.0
3.11,1625449482.0,64.0
1.23,1625449482.0,64.0
-1.31,1625449482.0,64.0
-4.46,1625449482.0,64.0
-7.94,1625449482.0,64.0
-11.38,1625449482.0,64.0
-14.47,1625449482.0,64.0
-17.03,1625449482.0,64.0
-19.16,1625449482.0,64.0
-21.1,1625449482.0,64.0
-23.13,1625449482.0,64.0
-25.43,1625449482.0,64.0
-27.96,1625449482.0,64.0
-30.41,1625449482.0,64.0
-32.29,1625449482.0,64.0
-33.06,1625449482.0,64.0
-32.32,1625449482.0,64.0
-29.89,1625449482.0,64.0
-25.92,1625449482.0,64.0
-20.75,1625449482.0,64.0
-14.9,1625449482.0,64.0
-8.88,1625449482.0,64.0
-3.13,1625449482.0,64.0
2.06,1625449482.0,64.0
6.46,1625449482.0,64.0
9.92,1625449482.0,64.0
12.37,1625449482.0,64.0
13.85,1625449482.0,64.0
14.56,1625449482.0,64.0
14.88,1625449482.0,64.0
15.24,1625449482.0,64.0
16.02,1625449482.0,64.0
17.42,1625449482.0,64.0
19.35,1625449482.0,64.0
21.5,1625449482.0,64.0
23.44,1625449482.0,64.0
24.76,1625449482.0,64.0
25.19,1625449482.0,64.0
24.66,1625449482.0,64.0
23.26,1625449482.0,64.0
21.19,1625449482.0,64.0
18.68,1625449482.0,64.0
15.93,1625449482.0,64.0
13.04,1625449482.0,64.0
10.04,1625449482.0,64.0
6.88,1625449482.0,64.0
3.52,1625449482.0,64.0
-0.01,1625449482.0,64.0
-3.57,1625449482.0,64.0
-6.94,1625449482.0,64.0
-9.94,1625449482.0,64.0
-12.48,1625449482.0,64.0
-14.61,1625449482.0,64.0
-16.47,1625449482.0,64.0
-18.19,1625449482.0,64.0
-19.84,1625449482.0,64.0
-21.48,1625449482.0,64.0
-23.22,1625449482.0,64.0
-25.22,1625449482.0,64.0
-27.64,1625449482.0,64.0
-30.5,1625449482.0,64.0
-33.5,1625449482.0,64.0
-36.07,1625449482.0,64.0
-37.5,1625449482.0,64.0
-37.24,1625449482.0,64.0
-35.08,1625449482.0,64.0
-31.21,1625449482.0,64.0
-26.09,1625449482.0,64.0
-20.21,1625449482.0,64.0
-13.92,1625449482.0,64.0
-7.38,1625449482.0,64.0
-0.65,1625449482.0,64.0
6.18,1625449482.0,64.0
12.85,1625449482.0,64.0
18.94,1625449482.0,64.0
24.0,1625449482.0,64.0
27.67,1625449482.0,64.0
29.86,1625449482.0,64.0
30.78,1625449482.0,64.0
30.87,1625449482.0,64.0
30.63,1625449482.0,64.0
30.46,1625449482.0,64.0
30.46,1625449482.0,64.0
30.47,1625449482.0,64.0
30.21,1625449482.0,64.0
29.39,1625449482.0,64.0
27.88,1625449482.0,64.0
25.75,1625449482.0,64.0
23.16,1625449482.0,64.0
20.27,1625449482.0,64.0
17.2,1625449482.0,64.0
13.97,1625449482.0,64.0
10.55,1625449482.0,64.0
6.91,1625449482.0,64.0
3.08,1625449482.0,64.0
-0.87,1625449482.0,64.0
-4.73,1625449482.0,64.0
-8.28,1625449482.0,64.0
-11.34,1625449482.0,64.0
-13.87,1625449482.0,64.0
-16.01,1625449482.0,64.0
-18.03,1625449482.0,64.0
-20.24,1625449482.0,64.0
-22.81,1625449482.0,64.0
-25.75,1625449482.0,64.0
-28.92,1625449482.0,64.0
-32.15,1625449482.0,64.0
-35.31,1625449482.0,64.0
-38.29,1625449482.0,64.0
-40.91,1625449482.0,64.0
-42.82,1625449482.0,64.0
-43.56,1625449482.0,64.0
-42.67,1625449482.0,64.0
-39.88,1625449482.0,64.0
-35.29,1625449482.0,64.0
-29.29,1625449482.0,64.0
-22.48,1625449482.0,64.0
-15.37,1625449482.0,64.0
-8.25,1625449482.0,64.0
-1.1,1625449482.0,64.0
6.31,1625449482.0,64.0
14.13,1625449482.0,64.0
22.31,1625449482.0,64.0
30.38,1625449482.0,64.0
37.63,1625449482.0,64.0
43.26,1625449482.0,64.0
46.65,1625449482.0,64.0
47.6,1625449482.0,64.0
46.34,1625449482.0,64.0
43.4,1625449482.0,64.0
39.44,1625449482.0,64.0
34.98,1625449482.0,64.0
30.42,1625449482.0,64.0
25.99,1625449482.0,64.0
21.93,1625449482.0,64.0
18.42,1625449482.0,64.0
15.56,1625449482.0,64.0
13.32,1625449482.0,64.0
11.43,1625449482.0,64.0
9.55,1625449482.0,64.0
7.36,1625449482.0,64.0
4.76,1625449482.0,64.0
1.84,1625449482.0,64.0
-1.1,1625449482.0,64.0
-3.77,1625449482.0,64.0
-5.98,1625449482.0,64.0
-7.75,1625449482.0,64.0
-9.25,1625449482.0,64.0
-10.72,1625449482.0,64.0
-12.35,1625449482.0,64.0
-14.23,1625449482.0,64.0
-16.32,1625449482.0,64.0
-18.47,1625449482.0,64.0
-20.51,1625449482.0,64.0
-22.29,1625449482.0,64.0
-23.75,1625449482.0,64.0
-24.96,1625449482.0,64.0
-26.13,1625449482.0,64.0
-27.49,1625449482.0,64.0
-29.18,1625449482.0,64.0
-31.16,1625449482.0,64.0
-33.08,1625449482.0,64.0
-34.4,1625449482.0,64.0
-34.49,1625449482.0,64.0
-32.87,1625449482.0,64.0
-29.38,1625449482.0,64.0
-24.18,1625449482.0,64.0
-17.71,1625449482.0,64.0
-10.45,1625449482.0,64.0
-2.83,1625449482.0,64.0
4.87,1625449482.0,64.0
12.38,1625449482.0,64.0
19.36,1625449482.0,64.0
25.39,1625449482.0,64.0
30.02,1625449482.0,64.0
32.97,1625449482.0,64.0
34.26,1625449482.0,64.0
34.22,1625449482.0,64.0
33.36,1625449482.0,64.0
32.2,1625449482.0,64.0
31.09,1625449482.0,64.0
30.1,1625449482.0,64.0
29.15,1625449482.0,64.0
28.05,1625449482.0,64.0
26.64,1625449482.0,64.0
24.86,1625449482.0,64.0
22.72,1625449482.0,64.0
20.33,1625449482.0,64.0
17.78,1625449482.0,64.0
15.21,1625449482.0,64.0
12.72,1625449482.0,64.0
10.4,1625449482.0,64.0
8.27,1625449482.0,64.0
6.32,1625449482.0,64.0
4.48,1625449482.0,64.0
2.63,1625449482.0,64.0
0.68,1625449482.0,64.0
-1.43,1625449482.0,64.0
-3.71,1625449482.0,64.0
-6.13,1625449482.0,64.0
-8.64,1625449482.0,64.0
-11.21,1625449482.0,64.0
-13.77,1625449482.0,64.0
-16.29,1625449482.0,64.0
-18.71,1625449482.0,64.0
-21.02,1625449482.0,64.0
-23.24,1625449482.0,64.0
-25.51,1625449482.0,64.0
-27.95,1625449482.0,64.0
-30.6,1625449482.0,64.0
-33.25,1625449482.0,64.0
-35.43,1625449482.0,64.0
-36.48,1625449482.0,64.0
-35.79,1625449482.0,64.0
-33.05,1625449482.0,64.0
-28.35,1625449482.0,64.0
-22.18,1625449482.0,64.0
-15.16,1625449482.0,64.0
-7.83,1625449482.0,64.0
-0.49,1625449482.0,64.0
6.72,1625449482.0,64.0
13.64,1625449482.0,64.0
19.98,1625449482.0,64.0
25.26,1625449482.0,64.0
29.09,1625449482.0,64.0
31.25,1625449482.0,64.0
31.93,1625449482.0,64.0
31.61,1625449482.0,64.0
30.87,1625449482.0,64.0
30.18,1625449482.0,64.0
29.72,1625449482.0,64.0
29.46,1625449482.0,64.0
29.21,1625449482.0,64.0
28.81,1625449482.0,64.0
28.17,1625449482.0,64.0
27.32,1625449482.0,64.0
26.3,1625449482.0,64.0
25.16,1625449482.0,64.0
23.92,1625449482.0,64.0
22.56,1625449482.0,64.0
21.0,1625449482.0,64.0
19.16,1625449482.0,64.0
16.99,1625449482.0,64.0
14.48,1625449482.0,64.0
11.68,1625449482.0,64.0
8.7,1625449482.0,64.0
5.65,1625449482.0,64.0
2.65,1625449482.0,64.0
-0.25,1625449482.0,64.0
-3.0,1625449482.0,64.0
-5.61,1625449482.0,64.0
-8.06,1625449482.0,64.0
-10.41,1625449482.0,64.0
-12.71,1625449482.0,64.0
-15.03,1625449482.0,64.0
-17.49,1625449482.0,64.0
-20.12,1625449482.0,64.0
-22.94,1625449482.0,64.0
-25.86,1625449482.0,64.0
-28.72,1625449482.0,64.0
-31.25,1625449482.0,64.0
-33.1,1625449482.0,64.0
-33.91,1625449482.0,64.0
-33.37,1625449482.0,64.0
-31.33,1625449482.0,64.0
-27.82,1625449482.0,64.0
-23.06,1625449482.0,64.0
-17.38,1625449482.0,64.0
-11.15,1625449482.0,64.0
-4.67,1625449482.0,64.0
1.78,1625449482.0,64.0
7.9,1625449482.0,64.0
13.35,1625449482.0,64.0
17.72,1625449482.0,64.0
20.68,1625449482.0,64.0
22.1,1625449482.0,64.0
22.15,1625449482.0,64.0
21.27,1625449482.0,64.0
20.05,1625449482.0,64.0
18.96,1625449482.0,64.0
18.28,1625449482.0,64.0
18.0,1625449482.0,64.0
17.88,1625449482.0,64.0
17.57,1625449482.0,64.0
16.75,1625449482.0,64.0
15.19,1625449482.0,64.0
12.94,1625449482.0,64.0
10.23,1625449482.0,64.0
7.53,1625449482.0,64.0
5.28,1625449482.0,64.0
3.81,1625449482.0,64.0
3.11,1625449482.0,64.0
2.93,1625449482.0,64.0
2.91,1625449482.0,64.0
2.85,1625449482.0,64.0
2.71,1625449482.0,64.0
2.6,1625449482.0,64.0
2.56,1625449482.0,64.0
2.38,1625449482.0,64.0
1.66,1625449482.0,64.0
-0.12,1625449482.0,64.0
-3.27,1625449482.0,64.0
-7.81,1625449482.0,64.0
-13.46,1625449482.0,64.0
-19.79,1625449482.0,64.0
-26.33,1625449482.0,64.0
-32.59,1625449482.0,64.0
-38.09,1625449482.0,64.0
-42.3,1625449482.0,64.0
-44.75,1625449482.0,64.0
-45.1,1625449482.0,64.0
-43.31,1625449482.0,64.0
-39.63,1625449482.0,64.0
-34.52,1625449482.0,64.0
-28.49,1625449482.0,64.0
-21.98,1625449482.0,64.0
-15.28,1625449482.0,64.0
-8.62,1625449482.0,64.0
-2.17,1625449482.0,64.0
3.91,1625449482.0,64.0
9.49,1625449482.0,64.0
14.46,1625449482.0,64.0
18.74,1625449482.0,64.0
22.29,1625449482.0,64.0
25.01,1625449482.0,64.0
26.83,1625449482.0,64.0
27.73,1625449482.0,64.0
27.86,1625449482.0,64.0
27.51,1625449482.0,64.0
27.05,1625449482.0,64.0
26.76,1625449482.0,64.0
26.72,1625449482.0,64.0
26.81,1625449482.0,64.0
26.69,1625449482.0,64.0
25.97,1625449482.0,64.0
24.33,1625449482.0,64.0
21.67,1625449482.0,64.0
18.11,1625449482.0,64.0
14.02,1625449482.0,64.0
9.88,1625449482.0,64.0
6.12,1625449482.0,64.0
3.02,1625449482.0,64.0
0.64,1625449482.0,64.0
-1.18,1625449482.0,64.0
-2.67,1625449482.0,64.0
-4.06,1625449482.0,64.0
-5.5,1625449482.0,64.0
-7.05,1625449482.0,64.0
-8.79,1625449482.0,64.0
-10.77,1625449482.0,64.0
-13.04,1625449482.0,64.0
-15.59,1625449482.0,64.0
-18.34,1625449482.0,64.0
-21.15,1625449482.0,64.0
-23.96,1625449482.0,64.0
-26.78,1625449482.0,64.0
-29.75,1625449482.0,64.0
-32.96,1625449482.0,64.0
-36.37,1625449482.0,64.0
-39.7,1625449482.0,64.0
-42.37,1625449482.0,64.0
-43.75,1625449482.0,64.0
-43.27,1625449482.0,64.0
-40.65,1625449482.0,64.0
-36.01,1625449482.0,64.0
-29.77,1625449482.0,64.0
-22.57,1625449482.0,64.0
-15.02,1625449482.0,64.0
-7.62,1625449482.0,64.0
-0.67,1625449482.0,64.0
5.68,1625449482.0,64.0
11.33,1625449482.0,64.0
16.14,1625449482.0,64.0
20.03,1625449482.0,64.0
22.95,1625449482.0,64.0
25.06,1625449482.0,64.0
26.64,1625449482.0,64.0
28.06,1625449482.0,64.0
29.54,1625449482.0,64.0
31.12,1625449482.0,64.0
32.54,1625449482.0,64.0
33.47,1625449482.0,64.0
33.66,1625449482.0,64.0
33.06,1625449482.0,64.0
31.85,1625449482.0,64.0
30.24,1625449482.0,64.0
28.36,1625449482.0,64.0
26.15,1625449482.0,64.0
23.47,1625449482.0,64.0
20.16,1625449482.0,64.0
16.25,1625449482.0,64.0
11.93,1625449482.0,64.0
7.49,1625449482.0,64.0
3.25,1625449482.0,64.0
-0.58,1625449482.0,64.0
-3.94,1625449482.0,64.0
-6.88,1625449482.0,64.0
-9.5,1625449482.0,64.0
-11.91,1625449482.0,64.0
-14.19,1625449482.0,64.0
-16.39,1625449482.0,64.0
-18.56,1625449482.0,64.0
-20.79,1625449482.0,64.0
-23.22,1625449482.0,64.0
-26.01,1625449482.0,64.0
-29.22,1625449482.0,64.0
-32.81,1625449482.0,64.0
-36.56,1625449482.0,64.0
-40.12,1625449482.0,64.0
-43.1,1625449482.0,64.0
-45.1,1625449482.0,64.0
-45.81,1625449482.0,64.0
-44.97,1625449482.0,64.0
-42.46,1625449482.0,64.0
-38.24,1625449482.0,64.0
-32.47,1625449482.0,64.0
-25.47,1625449482.0,64.0
-17.67,1625449482.0,64.0
-9.55,1625449482.0,64.0
-1.51,1625449482.0,64.0
6.16,1625449482.0,64.0
13.18,1625449482.0,64.0
19.32,1625449482.0,64.0
24.27,1625449482.0,64.0
27.78,1625449482.0,64.0
29.77,1625449482.0,64.0
30.42,1625449482.0,64.0
30.15,1625449482.0,64.0
29.48,1625449482.0,64.0
28.87,1625449482.0,64.0
28.55,1625449482.0,64.0
28.47,1625449482.0,64.0
28.4,1625449482.0,64.0
28.09,1625449482.0,64.0
27.38,1625449482.0,64.0
26.26,1625449482.0,64.0
24.78,1625449482.0,64.0
23.0,1625449482.0,64.0
20.92,1625449482.0,64.0
18.53,1625449482.0,64.0
15.79,1625449482.0,64.0
12.79,1625449482.0,64.0
9.66,1625449482.0,64.0
6.64,1625449482.0,64.0
3.92,1625449482.0,64.0
1.58,1625449482.0,64.0
-0.42,1625449482.0,64.0
-2.25,1625449482.0,64.0
-4.14,1625449482.0,64.0
-6.27,1625449482.0,64.0
-8.69,1625449482.0,64.0
-11.31,1625449482.0,64.0
-13.99,1625449482.0,64.0
-16.56,1625449482.0,64.0
-18.97,1625449482.0,64.0
-21.28,1625449482.0,64.0
-23.66,1625449482.0,64.0
-26.25,1625449482.0,64.0
-29.16,1625449482.0,64.0
-32.34,1625449482.0,64.0
-35.58,1625449482.0,64.0
-38.5,1625449482.0,64.0
-40.66,1625449482.0,64.0
-41.62,1625449482.0,64.0
-41.02,1625449482.0,64.0
-38.7,1625449482.0,64.0
-34.72,1625449482.0,64.0
-29.29,1625449482.0,64.0
-22.78,1625449482.0,64.0
-15.58,1625449482.0,64.0
-8.1,1625449482.0,64.0
-0.73,1625449482.0,64.0
6.14,1625449482.0,64.0
12.14,1625449482.0,64.0
16.96,1625449482.0,64.0
20.45,1625449482.0,64.0
22.66,1625449482.0,64.0
23.86,1625449482.0,64.0
24.46,1625449482.0,64.0
24.84,1625449482.0,64.0
25.27,1625449482.0,64.0
25.88,1625449482.0,64.0
26.62,1625449482.0,64.0
27.38,1625449482.0,64.0
27.99,1625449482.0,64.0
28.31,1625449482.0,64.0
28.2,1625449482.0,64.0
27.53,1625449482.0,64.0
26.28,1625449482.0,64.0
24.49,1625449482.0,64.0
22.34,1625449482.0,64.0
20.0,1625449482.0,64.0
17.64,1625449482.0,64.0
15.33,1625449482.0,64.0
13.1,1625449482.0,64.0
10.99,1625449482.0,64.0
9.08,1625449482.0,64.0
7.49,1625449482.0,64.0
6.3,1625449482.0,64.0
5.46,1625449482.0,64.0
4.78,1625449482.0,64.0
3.99,1625449482.0,64.0
2.87,1625449482.0,64.0
1.31,1625449482.0,64.0
-0.66,1625449482.0,64.0
-2.93,1625449482.0,64.0
-5.36,1625449482.0,64.0
-7.9,1625449482.0,64.0
-10.59,1625449482.0,64.0
-13.57,1625449482.0,64.0
-17.01,1625449482.0,64.0
-20.96,1625449482.0,64.0
-25.29,1625449482.0,64.0
-29.57,1625449482.0,64.0
-33.12,1625449482.0,64.0
-35.21,1625449482.0,64.0
-35.23,1625449482.0,64.0
-32.96,1625449482.0,64.0
-28.62,1625449482.0,64.0
-22.8,1625449482.0,64.0
-16.23,1625449482.0,64.0
-9.57,1625449482.0,64.0
-3.27,1625449482.0,64.0
2.47,1625449482.0,64.0
7.53,1625449482.0,64.0
11.87,1625449482.0,64.0
15.4,1625449482.0,64.0
18.12,1625449482.0,64.0
20.13,1625449482.0,64.0
21.71,1625449482.0,64.0
23.17,1625449482.0,64.0
24.7,1625449482.0,64.0
26.29,1625449482.0,64.0
27.65,1625449482.0,64.0
28.37,1625449482.0,64.0
28.08,1625449482.0,64.0
26.68,1625449482.0,64.0
24.29,1625449482.0,64.0
21.23,1625449482.0,64.0
17.88,1625449482.0,64.0
14.48,1625449482.0,64.0
11.18,1625449482.0,64.0
7.98,1625449482.0,64.0
4.9,1625449482.0,64.0
1.97,1625449482.0,64.0
-0.7,1625449482.0,64.0
-3.05,1625449482.0,64.0
-5.0,1625449482.0,64.0
-6.55,1625449482.0,64.0
-7.71,1625449482.0,64.0
-8.45,1625449482.0,64.0
-8.79,1625449482.0,64.0
-8.84,1625449482.0,64.0
-8.89,1625449482.0,64.0
-9.35,1625449482.0,64.0
-10.63,1625449482.0,64.0
-12.99,1625449482.0,64.0
-16.36,1625449482.0,64.0
-20.45,1625449482.0,64.0
-24.88,1625449482.0,64.0
-29.37,1625449482.0,64.0
-33.75,1625449482.0,64.0
-37.86,1625449482.0,64.0
-41.31,1625449482.0,64.0
-43.47,1625449482.0,64.0
-43.54,1625449482.0,64.0
-40.9,1625449482.0,64.0
-35.46,1625449482.0,64.0
-27.73,1625449482.0,64.0
-18.61,1625449482.0,64.0
-9.03,1625449482.0,64.0
0.33,1625449482.0,64.0
9.12,1625449482.0,64.0
17.16,1625449482.0,64.0
24.18,1625449482.0,64.0
29.78,1625449482.0,64.0
33.56,1625449482.0,64.0
35.35,1625449482.0,64.0
35.34,1625449482.0,64.0
34.1,1625449482.0,64.0
32.3,1625449482.0,64.0
30.51,1625449482.0,64.0
28.99,1625449482.0,64.0
27.74,1625449482.0,64.0
26.53,1625449482.0,64.0
25.13,1625449482.0,64.0
23.32,1625449482.0,64.0
20.97,1625449482.0,64.0
18.07,1625449482.0,64.0
14.73,1625449482.0,64.0
11.15,1625449482.0,64.0
7.63,1625449482.0,64.0
4.39,1625449482.0,64.0
1.58,1625449482.0,64.0
-0.82,1625449482.0,64.0
-2.92,1625449482.0,64.0
-4.86,1625449482.0,64.0
-6.74,1625449482.0,64.0
-8.61,1625449482.0,64.0
-10.5,1625449482.0,64.0
-12.44,1625449482.0,64.0
-14.46,1625449482.0,64.0
-16.57,1625449482.0,64.0
-18.74,1625449482.0,64.0
-20.88,1625449482.0,64.0
-22.91,1625449482.0,64.0
-24.85,1625449482.0,64.0
-26.76,1625449482.0,64.0
-28.8,1625449482.0,64.0
-31.12,1625449482.0,64.0
-33.73,1625449482.0,64.0
-36.41,1625449482.0,64.0
-38.69,1625449482.0,64.0
-39.9,1625449482.0,64.0
-39.39,1625449482.0,64.0
-36.75,1625449482.0,64.0
-31.92,1625449482.0,64.0
-25.23,1625449482.0,64.0
-17.25,1625449482.0,64.0
-8.64,1625449482.0,64.0
0.1,1625449482.0,64.0
8.57,1625449482.0,64.0
16.49,1625449482.0,64.0
23.61,1625449482.0,64.0
29.67,1625449482.0,64.0
34.49,1625449482.0,64.0
37.98,1625449482.0,64.0
40.21,1625449482.0,64.0
41.35,1625449482.0,64.0
41.61,1625449482.0,64.0
41.11,1625449482.0,64.0
39.86,1625449482.0,64.0
37.76,1625449482.0,64.0
34.68,1625449482.0,64.0
30.52,1625449482.0,64.0
25.35,1625449482.0,64.0
19.42,1625449482.0,64.0
13.18,1625449482.0,64.0
7.21,1625449482.0,64.0
2.08,1625449482.0,64.0
-1.77,1625449482.0,64.0
-4.17,1625449482.0,64.0
-5.18,1625449482.0,64.0
-5.05,1625449482.0,64.0
-4.19,1625449482.0,64.0
-3.01,1625449482.0,64.0
-1.92,1625449482.0,64.0
-1.27,1625449482.0,64.0
-1.33,1625449482.0,64.0
-2.21,1625449482.0,64.0
-3.86,1625449482.0,64.0
-6.08,1625449482.0,64.0
-8.59,1625449482.0,64.0
-11.12,1625449482.0,64.0
-13.48,1625449482.0,64.0
-15.59,1625449482.0,64.0
-17.51,1625449482.0,64.0
-19.37,1625449482.0,64.0
-21.36,1625449482.0,64.0
-23.68,1625449482.0,64.0
-26.51,1625449482.0,64.0
-29.86,1625449482.0,64.0
-33.47,1625449482.0,64.0
-36.79,1625449482.0,64.0
-39.01,1625449482.0,64.0
-39.34,1625449482.0,64.0
-37.28,1625449482.0,64.0
-32.79,1625449482.0,64.0
-26.33,1625449482.0,64.0
-18.61,1625449482.0,64.0
-10.3,1625449482.0,64.0
-1.88,1625449482.0,64.0
6.38,1625449482.0,64.0
14.29,1625449482.0,64.0
21.54,1625449482.0,64.0
27.67,1625449482.0,64.0
32.2,1625449482.0,64.0
34.89,1625449482.0,64.0
35.83,1625449482.0,64.0
35.44,1625449482.0,64.0
34.31,1625449482.0,64.0
32.91,1625449482.0,64.0
31.49,1625449482.0,64.0
30.1,1625449482.0,64.0
28.6,1625449482.0,64.0
26.92,1625449482.0,64.0
25.03,1625449482.0,64.0
22.98,1625449482.0,64.0
20.87,1625449482.0,64.0
18.76,1625449482.0,64.0
16.68,1625449482.0,64.0
14.61,1625449482.0,64.0
12.54,1625449482.0,64.0
10.47,1625449482.0,64.0
8.4,1625449482.0,64.0
6.29,1625449482.0,64.0
4.11,1625449482.0,64.0
1.82,1625449482.0,64.0
-0.57,1625449482.0,64.0
-3.02,1625449482.0,64.0
-5.5,1625449482.0,64.0
-7.96,1625449482.0,64.0
-10.44,1625449482.0,64.0
-12.99,1625449482.0,64.0
-15.67,1625449482.0,64.0
-18.47,1625449482.0,64.0
-21.29,1625449482.0,64.0
-24.0,1625449482.0,64.0
-26.48,1625449482.0,64.0
-28.74,1625449482.0,64.0
-30.89,1625449482.0,64.0
-33.07,1625449482.0,64.0
-35.29,1625449482.0,64.0
-37.33,1625449482.0,64.0
-38.74,1625449482.0,64.0
-38.96,1625449482.0,64.0
-37.55,1625449482.0,64.0
-34.31,1625449482.0,64.0
-29.38,1625449482.0,64.0
-23.12,1625449482.0,64.0
-15.98,1625449482.0,64.0
-8.38,1625449482.0,64.0
-0.62,1625449482.0,64.0
6.98,1625449482.0,64.0
14.13,1625449482.0,64.0
20.4,1625449482.0,64.0
25.38,1625449482.0,64.0
28.81,1625449482.0,64.0
30.73,1625449482.0,64.0
31.47,1625449482.0,64.0
31.56,1625449482.0,64.0
31.52,1625449482.0,64.0
31.62,1625449482.0,64.0
31.86,1625449482.0,64.0
31.94,1625449482.0,64.0
31.5,1625449482.0,64.0
30.28,1625449482.0,64.0
28.23,1625449482.0,64.0
25.48,1625449482.0,64.0
22.24,1625449482.0,64.0
18.67,1625449482.0,64.0
14.81,1625449482.0,64.0
10.69,1625449482.0,64.0
6.41,1625449482.0,64.0
2.23,1625449482.0,64.0
-1.45,1625449482.0,64.0
-4.26,1625449482.0,64.0
-6.0,1625449482.0,64.0
-6.75,1625449482.0,64.0
-6.89,1625449482.0,64.0
-6.96,1625449482.0,64.0
-7.4,1625449482.0,64.0
-8.48,1625449482.0,64.0
-10.29,1625449482.0,64.0
-12.68,1625449482.0,64.0
-15.41,1625449482.0,64.0
-18.13,1625449482.0,64.0
-20.44,1625449482.0,64.0
-21.94,1625449482.0,64.0
-22.45,1625449482.0,64.0
-22.11,1625449482.0,64.0
-21.36,1625449482.0,64.0
-20.75,1625449482.0,64.0
-20.66,1625449482.0,64.0
-20.99,1625449482.0,64.0
-21.1,1625449482.0,64.0
-20.07,1625449482.0,64.0
-17.14,1625449482.0,64.0
-12.09,1625449482.0,64.0
-5.33,1625449482.0,64.0
2.32,1625449482.0,64.0
9.92,1625449482.0,64.0
16.79,1625449482.0,64.0
22.58,1625449482.0,64.0
27.11,1625449482.0,64.0
30.29,1625449482.0,64.0
31.93,1625449482.0,64.0
31.88,1625449482.0,64.0
30.22,1625449482.0,64.0
27.35,1625449482.0,64.0
23.97,1625449482.0,64.0
20.84,1625449482.0,64.0
18.52,1625449482.0,64.0
17.15,1625449482.0,64.0
16.45,1625449482.0,64.0
15.9,1625449482.0,64.0
14.99,1625449482.0,64.0
13.4,1625449482.0,64.0
11.11,1625449482.0,64.0
8.34,1625449482.0,64.0
5.53,1625449482.0,64.0
3.12,1625449482.0,64.0
1.47,1625449482.0,64.0
0.74,1625449482.0,64.0
0.83,1625449482.0,64.0
1.43,1625449482.0,64.0
2.13,1625449482.0,64.0
2.52,1625449482.0,64.0
2.37,1625449482.0,64.0
1.61,1625449482.0,64.0
0.27,1625449482.0,64.0
-1.51,1625449482.0,64.0
-3.64,1625449482.0,64.0
-6.0,1625449482.0,64.0
-8.51,1625449482.0,64.0
-11.03,1625449482.0,64.0
-13.53,1625449482.0,64.0
-16.01,1625449482.0,64.0
-18.61,1625449482.0,64.0
-21.52,1625449482.0,64.0
-24.87,1625449482.0,64.0
-28.52,1625449482.0,64.0
-32.02,1625449482.0,64.0
-34.65,1625449482.0,64.0
-35.59,1625449482.0,64.0
-34.23,1625449482.0,64.0
-30.41,1625449482.0,64.0
-24.53,1625449482.0,64.0
-17.42,1625449482.0,64.0
-10.03,1625449482.0,64.0
-3.16,1625449482.0,64.0
2.76,1625449482.0,64.0
7.71,1625449482.0,64.0
11.85,1625449482.0,64.0
15.37,1625449482.0,64.0
18.3,1625449482.0,64.0
20.54,1625449482.0,64.0
21.95,1625449482.0,64.0
22.53,1625449482.0,64.0
22.46,1625449482.0,64.0
22.06,1625449482.0,64.0
21.67,1625449482.0,64.0
21.48,1625449482.0,64.0
21.48,1625449482.0,64.0
21.51,1625449482.0,64.0
21.3,1625449482.0,64.0
20.59,1625449482.0,64.0
19.28,1625449482.0,64.0
17.43,1625449482.0,64.0
15.19,1625449482.0,64.0
12.78,1625449482.0,64.0
10.36,1625449482.0,64.0
7.98,1625449482.0,64.0
5.64,1625449482.0,64.0
3.29,1625449482.0,64.0
0.89,1625449482.0,64.0
-1.52,1625449482.0,64.0
-3.83,1625449482.0,64.0
-5.95,1625449482.0,64.0
-7.82,1625449482.0,64.0
-9.48,1625449482.0,64.0
-11.05,1625449482.0,64.0
-12.73,1625449482.0,64.0
-14.65,1625449482.0,64.0
-16.92,1625449482.0,64.0
-19.52,1625449482.0,64.0
-22.44,1625449482.0,64.0
-25.63,1625449482.0,64.0
-29.13,1625449482.0,64.0
-32.94,1625449482.0,64.0
-36.97,1625449482.0,64.0
-40.91,1625449482.0,64.0
-44.21,1625449482.0,64.0
-46.15,1625449482.0,64.0
-46.07,1625449482.0,64.0
-43.61,1625449482.0,64.0
-38.86,1625449482.0,64.0
-32.36,1625449482.0,64.0
-24.83,1625449482.0,64.0
-17.01,1625449482.0,64.0
-9.38,1625449482.0,64.0
-2.08,1625449482.0,64.0
4.91,1625449482.0,64.0
11.66,1625449482.0,64.0
18.1,1625449482.0,64.0
24.01,1625449482.0,64.0
29.05,1625449482.0,64.0
32.98,1625449482.0,64.0
35.73,1625449482.0,64.0
37.51,1625449482.0,64.0
38.65,1625449482.0,64.0
39.52,1625449482.0,64.0
40.29,1625449482.0,64.0
40.9,1625449482.0,64.0
41.05,1625449482.0,64.0
40.38,1625449482.0,64.0
38.59,1625449482.0,64.0
35.59,1625449482.0,64.0
31.54,1625449482.0,64.0
26.78,1625449482.0,64.0
21.69,1625449482.0,64.0
16.63,1625449482.0,64.0
11.9,1625449482.0,64.0
7.68,1625449482.0,64.0
4.08,1625449482.0,64.0
1.1,1625449482.0,64.0
-1.37,1625449482.0,64.0
-3.57,1625449482.0,64.0
-5.71,1625449482.0,64.0
-8.03,1625449482.0,64.0
-10.64,1625449482.0,64.0
-13.57,1625449482.0,64.0
-16.74,1625449482.0,64.0
-20.06,1625449482.0,64.0
-23.37,1625449482.0,64.0
-26.5,1625449482.0,64.0
-29.27,1625449482.0,64.0
-31.61,1625449482.0,64.0
-33.59,1625449482.0,64.0
-35.37,1625449482.0,64.0
-37.15,1625449482.0,64.0
-38.98,1625449482.0,64.0
-40.59,1625449482.0,64.0
-41.47,1625449482.0,64.0
-40.95,1625449482.0,64.0
-38.5,1625449482.0,64.0
-33.98,1625449482.0,64.0
-27.7,1625449482.0,64.0
-20.29,1625449482.0,64.0
-12.45,1625449482.0,64.0
-4.7,1625449482.0,64.0
2.74,1625449482.0,64.0
9.83,1625449482.0,64.0
16.53,1625449482.0,64.0
22.63,1625449482.0,64.0
27.75,1625449482.0,64.0
31.49,1625449482.0,64.0
33.72,1625449482.0,64.0
34.6,1625449482.0,64.0
34.6,1625449482.0,64.0
34.24,1625449482.0,64.0
33.87,1625449482.0,64.0
33.56,1625449482.0,64.0
33.16,1625449482.0,64.0
32.43,1625449482.0,64.0
31.21,1625449482.0,64.0
29.47,1625449482.0,64.0
27.27,1625449482.0,64.0
24.63,1625449482.0,64.0
21.56,1625449482.0,64.0
18.05,1625449482.0,64.0
14.18,1625449482.0,64.0
10.15,1625449482.0,64.0
6.3,1625449482.0,64.0
2.92,1625449482.0,64.0
0.24,1625449482.0,64.0
-1.72,1625449482.0,64.0
-3.11,1625449482.0,64.0
-4.21,1625449482.0,64.0
-5.34,1625449482.0,64.0
-6.76,1625449482.0,64.0
-8.62,1625449482.0,64.0
-10.92,1625449482.0,64.0
-13.57,1625449482.0,64.0
-16.41,1625449482.0,64.0
-19.27,1625449482.0,64.0
-22.04,1625449482.0,64.0
-24.72,1625449482.0,64.0
-27.4,1625449482.0,64.0
-30.25,1625449482.0,64.0
-33.38,1625449482.0,64.0
-36.7,1625449482.0,64.0
-39.86,1625449482.0,64.0
-42.31,1625449482.0,64.0
-43.43,1625449482.0,64.0
-42.72,1625449482.0,64.0
-40.02,1625449482.0,64.0
-35.5,1625449482.0,64.0
-29.59,1625449482.0,64.0
-22.77,1625449482.0,64.0
-15.46,1625449482.0,64.0
-7.95,1625449482.0,64.0
-0.44,1625449482.0,64.0
6.8,1625449482.0,64.0
13.44,1625449482.0,64.0
19.07,1625449482.0,64.0
23.38,1625449482.0,64.0
26.23,1625449482.0,64.0
27.76,1625449482.0,64.0
28.32,1625449482.0,64.0
28.35,1625449482.0,64.0
28.2,1625449482.0,64.0
28.05,1625449482.0,64.0
27.88,1625449482.0,64.0
27.59,1625449482.0,64.0
27.08,1625449482.0,64.0
26.31,1625449482.0,64.0
25.35,1625449482.0,64.0
24.28,1625449482.0,64.0
23.18,1625449482.0,64.0
22.05,1625449482.0,64.0
20.8,1625449482.0,64.0
19.29,1625449482.0,64.0
17.43,1625449482.0,64.0
15.2,1625449482.0,64.0
12.69,1625449482.0,64.0
10.04,1625449482.0,64.0
7.43,1625449482.0,64.0
4.95,1625449482.0,64.0
2.61,1625449482.0,64.0
0.36,1625449482.0,64.0
-1.89,1625449482.0,64.0
-4.16,1625449482.0,64.0
-6.45,1625449482.0,64.0
-8.71,1625449482.0,64.0
-10.92,1625449482.0,64.0
-13.06,1625449482.0,64.0
-15.17,1625449482.0,64.0
-17.29,1625449482.0,64.0
-19.48,1625449482.0,64.0
-21.82,1625449482.0,64.0
-24.32,1625449482.0,64.0
-26.91,1625449482.0,64.0
-29.34,1625449482.0,64.0
-31.18,1625449482.0,64.0
-31.89,1625449482.0,64.0
-31.02,1625449482.0,64.0
-28.3,1625449482.0,64.0
-23.81,1625449482.0,64.0
-17.92,1625449482.0,64.0
-11.09,1625449482.0,64.0
-3.78,1625449482.0,64.0
3.71,1625449482.0,64.0
11.1,1625449482.0,64.0
18.1,1625449482.0,64.0
24.24,1625449482.0,64.0
29.02,1625449482.0,64.0
32.02,1625449482.0,64.0
33.12,1625449482.0,64.0
32.59,1625449482.0,64.0
31.0,1625449482.0,64.0
29.06,1625449482.0,64.0
27.39,1625449482.0,64.0
26.38,1625449482.0,64.0
26.05,1625449482.0,64.0
26.17,1625449482.0,64.0
26.36,1625449482.0,64.0
26.17,1625449482.0,64.0
25.29,1625449482.0,64.0
23.57,1625449482.0,64.0
21.04,1625449482.0,64.0
17.91,1625449482.0,64.0
14.47,1625449482.0,64.0
11.07,1625449482.0,64.0
8.05,1625449482.0,64.0
5.66,1625449482.0,64.0
3.99,1625449482.0,64.0
2.97,1625449482.0,64.0
2.25,1625449482.0,64.0
1.38,1625449482.0,64.0
-0.11,1625449482.0,64.0
-2.52,1625449482.0,64.0
-5.89,1625449482.0,64.0
-9.98,1625449482.0,64.0
-14.38,1625449482.0,64.0
-18.69,1625449482.0,64.0
-22.58,1625449482.0,64.0
-25.95,1625449482.0,64.0
-28.83,1625449482.0,64.0
-31.39,1625449482.0,64.0
-33.85,1625449482.0,64.0
-36.38,1625449482.0,64.0
-38.99,1625449482.0,64.0
-41.46,1625449482.0,64.0
-43.3,1625449482.0,64.0
-43.86,1625449482.0,64.0
-42.59,1625449482.0,64.0
-39.19,1625449482.0,64.0
-33.77,1625449482.0,64.0
-26.85,1625449482.0,64.0
-19.14,1625449482.0,64.0
-11.28,1625449482.0,64.0
-3.66,1625449482.0,64.0
3.61,1625449482.0,64.0
10.55,1625449482.0,64.0
17.12,1625449482.0,64.0
23.05,1625449482.0,64.0
27.91,1625449482.0,64.0
31.26,1625449482.0,64.0
32.93,1625449482.0,64.0
33.09,1625449482.0,64.0
32.22,1625449482.0,64.0
30.91,1625449482.0,64.0
29.59,1625449482.0,64.0
28.42,1625449482.0,64.0
27.32,1625449482.0,64.0
26.12,1625449482.0,64.0
24.66,1625449482.0,64.0
22.95,1625449482.0,64.0
21.09,1625449482.0,64.0
19.2,1625449482.0,64.0
17.31,1625449482.0,64.0
15.37,1625449482.0,64.0
13.28,1625449482.0,64.0
10.99,1625449482.0,64.0
8.53,1625449482.0,64.0
6.02,1625449482.0,64.0
3.59,1625449482.0,64.0
1.33,1625449482.0,64.0
-0.82,1625449482.0,64.0
-2.95,1625449482.0,64.0
-5.21,1625449482.0,64.0
-7.74,1625449482.0,64.0
-10.58,1625449482.0,64.0
-13.69,1625449482.0,64.0
-16.99,1625449482.0,64.0
-20.3,1625449482.0,64.0
-23.52,1625449482.0,64.0
-26.55,1625449482.0,64.0
-29.39,1625449482.0,64.0
-32.09,1625449482.0,64.0
-34.71,1625449482.0,64.0
-37.19,1625449482.0,64.0
-39.31,1625449482.0,64.0
-40.68,1625449482.0,64.0
-40.86,1625449482.0,64.0
-39.53,1625449482.0,64.0
-36.59,1625449482.0,64.0
-32.27,1625449482.0,64.0
-26.93,1625449482.0,64.0
-20.96,1625449482.0,64.0
-14.56,1625449482.0,64.0
-7.81,1625449482.0,64.0
-0.72,1625449482.0,64.0
6.58,1625449482.0,64.0
13.68,1625449482.0,64.0
19.99,1625449482.0,64.0
24.93,1625449482.0,64.0
28.15,1625449482.0,64.0
29.73,1625449482.0,64.0
30.16,1625449482.0,64.0
30.09,1625449482.0,64.0
30.08,1625449482.0,64.0
30.39,1625449482.0,64.0
30.93,1625449482.0,64.0
31.41,1625449482.0,64.0
31.51,1625449482.0,64.0
31.06,1625449482.0,64.0
30.04,1625449482.0,64.0
28.49,1625449482.0,64.0
26.49,1625449482.0,64.0
24.04,1625449482.0,64.0
21.17,1625449482.0,64.0
17.94,1625449482.0,64.0
14.5,1625449482.0,64.0
11.05,1625449482.0,64.0
7.78,1625449482.0,64.0
4.82,1625449482.0,64.0
2.22,1625449482.0,64.0
-0.1,1625449482.0,64.0
-2.28,1625449482.0,64.0
-4.51,1625449482.0,64.0
-6.99,1625449482.0,64.0
-9.84,1625449482.0,64.0
-13.04,1625449482.0,64.0
-16.48,1625449482.0,64.0
-19.97,1625449482.0,64.0
-23.29,1625449482.0,64.0
-26.33,1625449482.0,64.0
-29.09,1625449482.0,64.0
-31.68,1625449482.0,64.0
-34.32,1625449482.0,64.0
-37.17,1625449482.0,64.0
-40.25,1625449482.0,64.0
-43.35,1625449482.0,64.0
-45.98,1625449482.0,64.0
-47.46,1625449482.0,64.0
-47.13,1625449482.0,64.0
-44.55,1625449482.0,64.0
-39.7,1625449482.0,64.0
-32.97,1625449482.0,64.0
-25.02,1625449482.0,64.0
-16.53,1625449482.0,64.0
-8.04,1625449482.0,64.0
0.19,1625449482.0,64.0
8.03,1625449482.0,64.0
15.39,1625449482.0,64.0
22.05,1625449482.0,64.0
27.71,1625449482.0,64.0
32.04,1625449482.0,64.0
34.89,1625449482.0,64.0
36.35,1625449482.0,64.0
36.71,1625449482.0,64.0
36.34,1625449482.0,64.0
35.51,1625449482.0,64.0
34.32,1625449482.0,64.0
32.67,1625449482.0,64.0
30.48,1625449482.0,64.0
27.77,1625449482.0,64.0
24.8,1625449482.0,64.0
21.92,1625449482.0,64.0
19.42,1625449482.0,64.0
17.32,1625449482.0,64.0
15.35,1625449482.0,64.0
13.12,1625449482.0,64.0
10.28,1625449482.0,64.0
6.78,1625449482.0,64.0
2.89,1625449482.0,64.0
-0.91,1625449482.0,64.0
-4.16,1625449482.0,64.0
-6.53,1625449482.0,64.0
-7.98,1625449482.0,64.0
-8.74,1625449482.0,64.0
-9.15,1625449482.0,64.0
-9.64,1625449482.0,64.0
-10.5,1625449482.0,64.0
-11.88,1625449482.0,64.0
-13.67,1625449482.0,64.0
-15.6,1625449482.0,64.0
-17.37,1625449482.0,64.0
-18.8,1625449482.0,64.0
-19.97,1625449482.0,64.0
-21.15,1625449482.0,64.0
-22.74,1625449482.0,64.0
-25.0,1625449482.0,64.0
-28.0,1625449482.0,64.0
-31.55,1625449482.0,64.0
-35.31,1625449482.0,64.0
-38.83,1625449482.0,64.0
-41.58,1625449482.0,64.0
-43.05,1625449482.0,64.0
-42.74,1625449482.0,64.0
-40.34,1625449482.0,64.0
-35.85,1625449482.0,64.0
-29.59,1625449482.0,64.0
-22.15,1625449482.0,64.0
-14.18,1625449482.0,64.0
-6.18,1625449482.0,64.0
1.58,1625449482.0,64.0
8.96,1625449482.0,64.0
15.78,1625449482.0,64.0
21.75,1625449482.0,64.0
26.48,1625449482.0,64.0
29.66,1625449482.0,64.0
31.25,1625449482.0,64.0
31.54,1625449482.0,64.0
31.03,1625449482.0,64.0
30.23,1625449482.0,64.0
29.5,1625449482.0,64.0
28.95,1625449482.0,64.0
28.53,1625449482.0,64.0
28.16,1625449482.0,64.0
27.75,1625449482.0,64.0
27.25,1625449482.0,64.0
26.59,1625449482.0,64.0
25.67,1625449482.0,64.0
24.34,1625449482.0,64.0
22.48,1625449482.0,64.0
20.07,1625449482.0,64.0
17.18,1625449482.0,64.0
14.02,1625449482.0,64.0
10.83,1625449482.0,64.0
7.91,1625449482.0,64.0
5.45,1625449482.0,64.0
3.54,1625449482.0,64.0
2.09,1625449482.0,64.0
0.85,1625449482.0,64.0
-0.46,1625449482.0,64.0
-2.08,1625449482.0,64.0
-4.1,1625449482.0,64.0
-6.44,1625449482.0,64.0
-8.97,1625449482.0,64.0
-11.56,1625449482.0,64.0
-14.12,1625449482.0,64.0
-16.64,1625449482.0,64.0
-19.1,1625449482.0,64.0
-21.44,1625449482.0,64.0
-23.59,1625449482.0,64.0
-25.54,1625449482.0,64.0
-27.28,1625449482.0,64.0
-28.8,1625449482.0,64.0
-29.96,1625449482.0,64.0
-30.46,1625449482.0,64.0
-29.9,1625449482.0,64.0
-27.98,1625449482.0,64.0
-24.63,1625449482.0,64.0
-20.09,1625449482.0,64.0
-14.79,1625449482.0,64.0
-9.16,1625449482.0,64.0
-3.48,1625449482.0,64.0
2.2,1625449482.0,64.0
7.84,1625449482.0,64.0
13.31,1625449482.0,64.0
18.29,1625449482.0,64.0
22.4,1625449482.0,64.0
25.36,1625449482.0,64.0
27.25,1625449482.0,64.0
28.43,1625449482.0,64.0
29.42,1625449482.0,64.0
30.66,1625449482.0,64.0
32.32,1625449482.0,64.0
34.3,1625449482.0,64.0
36.32,1625449482.0,64.0
38.07,1625449482.0,64.0
39.28,1625449482.0,64.0
39.68,1625449482.0,64.0
38.98,1625449482.0,64.0
36.91,1625449482.0,64.0
33.34,1625449482.0,64.0
28.35,1625449482.0,64.0
22.32,1625449482.0,64.0
15.82,1625449482.0,64.0
9.46,1625449482.0,64.0
3.75,1625449482.0,64.0
-1.05,1625449482.0,64.0
-4.9,1625449482.0,64.0
-7.9,1625449482.0,64.0
-10.22,1625449482.0,64.0
-12.11,1625449482.0,64.0
-13.82,1625449482.0,64.0
-15.64,1625449482.0,64.0
-17.81,1625449482.0,64.0
-20.44,1625449482.0,64.0
-23.46,1625449482.0,64.0
-26.67,1625449482.0,64.0
-29.76,1625449482.0,64.0
-32.5,1625449482.0,64.0
-34.83,1625449482.0,64.0
-36.82,1625449482.0,64.0
-38.66,1625449482.0,64.0
-40.42,1625449482.0,64.0
-42.01,1625449482.0,64.0
-43.04,1625449482.0,64.0
-43.03,1625449482.0,64.0
-41.53,1625449482.0,64.0
-38.32,1625449482.0,64.0
-33.46,1625449482.0,64.0
-27.24,1625449482.0,64.0
-20.1,1625449482.0,64.0
-12.49,1625449482.0,64.0
-4.75,1625449482.0,64.0
2.78,1625449482.0,64.0
9.8,1625449482.0,64.0
16.0,1625449482.0,64.0
21.11,1625449482.0,64.0
24.96,1625449482.0,64.0
27.55,1625449482.0,64.0
29.04,1625449482.0,64.0
29.73,1625449482.0,64.0
29.99,1625449482.0,64.0
30.11,1625449482.0,64.0
30.32,1625449482.0,64.0
30.66,1625449482.0,64.0
31.0,1625449482.0,64.0
31.1,1625449482.0,64.0
30.68,1625449482.0,64.0
29.54,1625449482.0,64.0
27.61,1625449482.0,64.0
25.04,1625449482.0,64.0
22.05,1625449482.0,64.0
18.88,1625449482.0,64.0
15.74,1625449482.0,64.0
12.75,1625449482.0,64.0
9.95,1625449482.0,64.0
7.35,1625449482.0,64.0
4.93,1625449482.0,64.0
2.58,1625449482.0,64.0
0.16,1625449482.0,64.0
-2.47,1625449482.0,64.0
-5.38,1625449482.0,64.0
-8.51,1625449482.0,64.0
-11.67,1625449482.0,64.0
-14.69,1625449482.0,64.0
-17.48,1625449482.0,64.0
-20.04,1625449482.0,64.0
-22.52,1625449482.0,64.0
-25.02,1625449482.0,64.0
-27.63,1625449482.0,64.0
-30.36,1625449482.0,64.0
-33.16,1625449482.0,64.0
-35.89,1625449482.0,64.0
-38.25,1625449482.0,64.0
-39.79,1625449482.0,64.0
-39.94,1625449482.0,64.0
-38.24,1625449482.0,64.0
-34.53,1625449482.0,64.0
-29.06,1625449482.0,64.0
-22.42,1625449482.0,64.0
-15.3,1625449482.0,64.0
-8.21,1625449482.0,64.0
-1.42,1625449482.0,64.0
5.02,1625449482.0,64.0
11.12,1625449482.0,64.0
16.75,1625449482.0,64.0
21.68,1625449482.0,64.0
25.67,1625449482.0,64.0
28.59,1625449482.0,64.0
30.55,1625449482.0,64.0
31.74,1625449482.0,64.0
32.43,1625449482.0,64.0
32.71,1625449482.0,64.0
32.59,1625449482.0,64.0
31.99,1625449482.0,64.0
30.87,1625449482.0,64.0
29.25,1625449482.0,64.0
27.3,1625449482.0,64.0
25.21,1625449482.0,64.0
23.11,1625449482.0,64.0
21.09,1625449482.0,64.0
19.07,1625449482.0,64.0
16.92,1625449482.0,64.0
14.49,1625449482.0,64.0
11.74,1625449482.0,64.0
8.79,1625449482.0,64.0
5.92,1625449482.0,64.0
3.43,1625449482.0,64.0
1.6,1625449482.0,64.0
0.46,1625449482.0,64.0
-0.2,1625449482.0,64.0
-0.72,1625449482.0,64.0
-1.5,1625449482.0,64.0
-2.78,1625449482.0,64.0
-4.67,1625449482.0,64.0
-7.14,1625449482.0,64.0
-10.15,1625449482.0,64.0
-13.67,1625449482.0,64.0
-17.69,1625449482.0,64.0
-22.19,1625449482.0,64.0
-27.06,1625449482.0,64.0
-32.01,1625449482.0,64.0
-36.63,1625449482.0,64.0
-40.39,1625449482.0,64.0
-42.69,1625449482.0,64.0
-43.03,1625449482.0,64.0
-41.09,1625449482.0,64.0
-36.9,1625449482.0,64.0
-30.86,1625449482.0,64.0
-23.69,1625449482.0,64.0
-16.18,1625449482.0,64.0
-9.03,1625449482.0,64.0
-2.59,1625449482.0,64.0
3.1,1625449482.0,64.0
8.16,1625449482.0,64.0
12.66,1625449482.0,64.0
16.52,1625449482.0,64.0
19.5,1625449482.0,64.0
21.34,1625449482.0,64.0
21.97,1625449482.0,64.0
21.58,1625449482.0,64.0
20.61,1625449482.0,64.0
19.57,1625449482.0,64.0
18.83,1625449482.0,64.0
18.53,1625449482.0,64.0
18.54,1625449482.0,64.0
18.61,1625449482.0,64.0
18.51,1625449482.0,64.0
18.15,1625449482.0,64.0
17.59,1625449482.0,64.0
16.95,1625449482.0,64.0
16.28,1625449482.0,64.0
15.52,1625449482.0,64.0
14.47,1625449482.0,64.0
12.97,1625449482.0,64.0
10.91,1625449482.0,64.0
8.39,1625449482.0,64.0
5.6,1625449482.0,64.0
2.83,1625449482.0,64.0
0.27,1625449482.0,64.0
-2.02,1625449482.0,64.0
-4.14,1625449482.0,64.0
-6.27,1625449482.0,64.0
-8.62,1625449482.0,64.0
-11.32,1625449482.0,64.0
-14.37,1625449482.0,64.0
-17.58,1625449482.0,64.0
-20.67,1625449482.0,64.0
-23.34,1625449482.0,64.0
-25.43,1625449482.0,64.0
-26.99,1625449482.0,64.0
-28.28,1625449482.0,64.0
-29.71,1625449482.0,64.0
-31.6,1625449482.0,64.0
-34.02,1625449482.0,64.0
-36.72,1625449482.0,64.0
-39.1,1625449482.0,64.0
-40.44,1625449482.0,64.0
-40.1,1625449482.0,64.0
-37.73,1625449482.0,64.0
-33.39,1625449482.0,64.0
-27.45,1625449482.0,64.0
-20.47,1625449482.0,64.0
-13.0,1625449482.0,64.0
-5.48,1625449482.0,64.0
1.81,1625449482.0,64.0
8.66,1625449482.0,64.0
14.85,1625449482.0,64.0
20.09,1625449482.0,64.0
24.13,1625449482.0,64.0
26.82,1625449482.0,64.0
28.27,1625449482.0,64.0
28.78,1625449482.0,64.0
28.83,1625449482.0,64.0
28.82,1625449482.0,64.0
28.95,1625449482.0,64.0
29.16,1625449482.0,64.0
29.23,1625449482.0,64.0
28.91,1625449482.0,64.0
28.05,1625449482.0,64.0
26.68,1625449482.0,64.0
24.9,1625449482.0,64.0
22.82,1625449482.0,64.0
20.52,1625449482.0,64.0
18.02,1625449482.0,64.0
15.37,1625449482.0,64.0
12.72,1625449482.0,64.0
10.23,1625449482.0,64.0
8.04,1625449482.0,64.0
6.19,1625449482.0,64.0
4.61,1625449482.0,64.0
3.13,1625449482.0,64.0
1.62,1625449482.0,64.0
0.0,1625449482.0,64.0
-1.74,1625449482.0,64.0
-3.58,1625449482.0,64.0
-5.51,1625449482.0,64.0
-7.49,1625449482.0,64.0
-9.55,1625449482.0,64.0
-11.64,1625449482.0,64.0
-13.78,1625449482.0,64.0
-16.0,1625449482.0,64.0
-18.38,1625449482.0,64.0
-20.92,1625449482.0,64.0
-23.53,1625449482.0,64.0
-25.89,1625449482.0,64.0
-27.52,1625449482.0,64.0
-27.9,1625449482.0,64.0
-26.68,1625449482.0,64.0
-23.79,1625449482.0,64.0
-19.47,1625449482.0,64.0
-14.17,1625449482.0,64.0
-8.37,1625449482.0,64.0
-2.43,1625449482.0,64.0
3.4,1625449482.0,64.0
8.93,1625449482.0,64.0
13.9,1625449482.0,64.0
17.97,1625449482.0,64.0
20.76,1625449482.0,64.0
22.05,1625449482.0,64.0
21.88,1625449482.0,64.0
20.6,1625449482.0,64.0
18.79,1625449482.0,64.0
17.11,1625449482.0,64.0
16.12,1625449482.0,64.0
16.18,1625449482.0,64.0
17.31,1625449482.0,64.0
19.24,1625449482.0,64.0
21.49,1625449482.0,64.0
23.44,1625449482.0,64.0
24.56,1625449482.0,64.0
24.56,1625449482.0,64.0
23.45,1625449482.0,64.0
21.52,1625449482.0,64.0
19.28,1625449482.0,64.0
17.24,1625449482.0,64.0
15.8,1625449482.0,64.0
15.07,1625449482.0,64.0
14.9,1625449482.0,64.0
14.81,1625449482.0,64.0
14.22,1625449482.0,64.0
12.57,1625449482.0,64.0
9.53,1625449482.0,64.0
5.13,1625449482.0,64.0
-0.33,1625449482.0,64.0
-6.28,1625449482.0,64.0
-12.14,1625449482.0,64.0
-17.46,1625449482.0,64.0
-22.0,1625449482.0,64.0
-25.78,1625449482.0,64.0
-29.06,1625449482.0,64.0
-32.24,1625449482.0,64.0
-35.61,1625449482.0,64.0
-39.23,1625449482.0,64.0
-42.75,1625449482.0,64.0
-45.45,1625449482.0,64.0
-46.51,1625449482.0,64.0
-45.3,1625449482.0,64.0
-41.67,1625449482.0,64.0
-35.96,1625449482.0,64.0
-28.87,1625449482.0,64.0
-21.16,1625449482.0,64.0
-13.37,1625449482.0,64.0
-5.78,1625449482.0,64.0
1.45,1625449482.0,64.0
8.16,1625449482.0,64.0
14.08,1625449482.0,64.0
18.89,1625449482.0,64.0
22.35,1625449482.0,64.0
24.49,1625449482.0,64.0
25.58,1625449482.0,64.0
26.08,1625449482.0,64.0
26.45,1625449482.0,64.0
26.94,1625449482.0,64.0
27.55,1625449482.0,64.0
28.08,1625449482.0,64.0
28.18,1625449482.0,64.0
27.6,1625449482.0,64.0
26.22,1625449482.0,64.0
24.12,1625449482.0,64.0
21.46,1625449482.0,64.0
18.48,1625449482.0,64.0
15.39,1625449482.0,64.0
12.37,1625449482.0,64.0
9.52,1625449482.0,64.0
6.92,1625449482.0,64.0
4.61,1625449482.0,64.0
2.59,1625449482.0,64.0
0.8,1625449482.0,64.0
-0.86,1625449482.0,64.0
-2.5,1625449482.0,64.0
-4.2,1625449482.0,64.0
-5.99,1625449482.0,64.0
-7.89,1625449482.0,64.0
-9.91,1625449482.0,64.0
-12.13,1625449482.0,64.0
-14.68,1625449482.0,64.0
-17.64,1625449482.0,64.0
-20.98,1625449482.0,64.0
-24.61,1625449482.0,64.0
-28.36,1625449482.0,64.0
-32.0,1625449482.0,64.0
-35.3,1625449482.0,64.0
-37.95,1625449482.0,64.0
-39.57,1625449482.0,64.0
-39.73,1625449482.0,64.0
-38.09,1625449482.0,64.0
-34.54,1625449482.0,64.0
-29.24,1625449482.0,64.0
-22.63,1625449482.0,64.0
-15.23,1625449482.0,64.0
-7.48,1625449482.0,64.0
0.29,1625449482.0,64.0
7.82,1625449482.0,64.0
14.85,1625449482.0,64.0
20.99,1625449482.0,64.0
25.82,1625449482.0,64.0
29.06,1625449482.0,64.0
30.67,1625449482.0,64.0
30.92,1625449482.0,64.0
30.32,1625449482.0,64.0
29.37,1625449482.0,64.0
28.45,1625449482.0,64.0
27.64,1625449482.0,64.0
26.82,1625449482.0,64.0
25.76,1625449482.0,64.0
24.3,1625449482.0,64.0
22.39,1625449482.0,64.0
20.2,1625449482.0,64.0
17.95,1625449482.0,64.0
15.85,1625449482.0,64.0
13.96,1625449482.0,64.0
12.14,1625449482.0,64.0
10.16,1625449482.0,64.0
7.75,1625449482.0,64.0
4.77,1625449482.0,64.0
1.28,1625449482.0,64.0
-2.41,1625449482.0,64.0
-5.83,1625449482.0,64.0
-8.43,1625449482.0,64.0
-9.84,1625449482.0,64.0
-9.95,1625449482.0,64.0
-9.01,1625449482.0,64.0
-7.56,1625449482.0,64.0
-6.25,1625449482.0,64.0
-5.62,1625449482.0,64.0
-6.04,1625449482.0,64.0
-7.61,1625449482.0,64.0
-10.27,1625449482.0,64.0
-13.96,1625449482.0,64.0
-18.53,1625449482.0,64.0
-23.71,1625449482.0,64.0
-29.0,1625449482.0,64.0
-33.62,1625449482.0,64.0
-36.65,1625449482.0,64.0
-37.37,1625449482.0,64.0
-35.45,1625449482.0,64.0
-31.09,1625449482.0,64.0
-24.97,1625449482.0,64.0
-17.95,1625449482.0,64.0
-10.81,1625449482.0,64.0
-4.07,1625449482.0,64.0
2.01,1625449482.0,64.0
7.34,1625449482.0,64.0
11.93,1625449482.0,64.0
15.76,1625449482.0,64.0
18.81,1625449482.0,64.0
21.06,1625449482.0,64.0
22.51,1625449482.0,64.0
23.21,1625449482.0,64.0
23.21,1625449482.0,64.0
22.64,1625449482.0,64.0
21.64,1625449482.0,64.0
20.39,1625449482.0,64.0
19.05,1625449482.0,64.0
17.79,1625449482.0,64.0
16.71,1625449482.0,64.0
15.9,1625449482.0,64.0
15.35,1625449482.0,64.0
14.97,1625449482.0,64.0
14.58,1625449482.0,64.0
13.98,1625449482.0,64.0
13.0,1625449482.0,64.0
11.61,1625449482.0,64.0
9.88,1625449482.0,64.0
7.99,1625449482.0,64.0
6.04,1625449482.0,64.0
4.05,1625449482.0,64.0
1.92,1625449482.0,64.0
-0.48,1625449482.0,64.0
-3.22,1625449482.0,64.0
-6.23,1625449482.0,64.0
-9.36,1625449482.0,64.0
-12.45,1625449482.0,64.0
-15.4,1625449482.0,64.0
-18.21,1625449482.0,64.0
-20.92,1625449482.0,64.0
-23.59,1625449482.0,64.0
-26.2,1625449482.0,64.0
-28.75,1625449482.0,64.0
-31.24,1625449482.0,64.0
-33.68,1625449482.0,64.0
-36.08,1625449482.0,64.0
-38.39,1625449482.0,64.0
-40.39,1625449482.0,64.0
-41.77,1625449482.0,64.0
-42.07,1625449482.0,64.0
-40.88,1625449482.0,64.0
-37.9,1625449482.0,64.0
-33.06,1625449482.0,64.0
-26.61,1625449482.0,64.0
-18.99,1625449482.0,64.0
-10.79,1625449482.0,64.0
-2.54,1625449482.0,64.0
5.32,1625449482.0,64.0
12.5,1625449482.0,64.0
18.82,1625449482.0,64.0
24.09,1625449482.0,64.0
28.19,1625449482.0,64.0
31.03,1625449482.0,64.0
32.72,1625449482.0,64.0
33.49,1625449482.0,64.0
33.68,1625449482.0,64.0
33.63,1625449482.0,64.0
33.49,1625449482.0,64.0
33.23,1625449482.0,64.0
32.66,1625449482.0,64.0
31.65,1625449482.0,64.0
30.15,1625449482.0,64.0
28.28,1625449482.0,64.0
26.25,1625449482.0,64.0
24.17,1625449482.0,64.0
22.07,1625449482.0,64.0
19.84,1625449482.0,64.0
17.36,1625449482.0,64.0
14.6,1625449482.0,64.0
11.67,1625449482.0,64.0
8.79,1625449482.0,64.0
6.14,1625449482.0,64.0
3.82,1625449482.0,64.0
1.74,1625449482.0,64.0
-0.3,1625449482.0,64.0
-2.56,1625449482.0,64.0
-5.16,1625449482.0,64.0
-8.07,1625449482.0,64.0
-11.09,1625449482.0,64.0
-13.95,1625449482.0,64.0
-16.39,1625449482.0,64.0
-18.36,1625449482.0,64.0
-19.97,1625449482.0,64.0
-21.49,1625449482.0,64.0
-23.22,1625449482.0,64.0
-25.37,1625449482.0,64.0
-27.88,1625449482.0,64.0
-30.43,1625449482.0,64.0
-32.47,1625449482.0,64.0
-33.41,1625449482.0,64.0
-32.76,1625449482.0,64.0
-30.34,1625449482.0,64.0
-26.22,1625449482.0,64.0
-20.75,1625449482.0,64.0
-14.38,1625449482.0,64.0
-7.54,1625449482.0,64.0
-0.55,1625449482.0,64.0
6.35,1625449482.0,64.0
12.93,1625449482.0,64.0
18.87,1625449482.0,64.0
23.73,1625449482.0,64.0
27.1,1625449482.0,64.0
28.78,1625449482.0,64.0
28.9,1625449482.0,64.0
27.99,1625449482.0,64.0
26.72,1625449482.0,64.0
25.75,1625449482.0,64.0
25.42,1625449482.0,64.0
25.68,1625449482.0,64.0
26.19,1625449482.0,64.0
26.54,1625449482.0,64.0
26.39,1625449482.0,64.0
25.58,1625449482.0,64.0
24.09,1625449482.0,64.0
21.97,1625449482.0,64.0
19.33,1625449482.0,64.0
16.29,1625449482.0,64.0
13.07,1625449482.0,64.0
9.96,1625449482.0,64.0
7.23,1625449482.0,64.0
5.08,1625449482.0,64.0
3.49,1625449482.0,64.0
2.25,1625449482.0,64.0
1.01,1625449482.0,64.0
-0.54,1625449482.0,64.0
-2.56,1625449482.0,64.0
-5.02,1625449482.0,64.0
-7.68,1625449482.0,64.0
-10.31,1625449482.0,64.0
-12.74,1625449482.0,64.0
-14.98,1625449482.0,64.0
-17.21,1625449482.0,64.0
-19.68,1625449482.0,64.0
-22.59,1625449482.0,64.0
-25.97,1625449482.0,64.0
-29.72,1625449482.0,64.0
-33.58,1625449482.0,64.0
-37.2,1625449482.0,64.0
-40.19,1625449482.0,64.0
-42.07,1625449482.0,64.0
-42.39,1625449482.0,64.0
-40.73,1625449482.0,64.0
-36.92,1625449482.0,64.0
-31.13,1625449482.0,64.0
-23.85,1625449482.0,64.0
-15.85,1625449482.0,64.0
-7.89,1625449482.0,64.0
-0.52,1625449482.0,64.0
5.99,1625449482.0,64.0
11.59,1625449482.0,64.0
16.28,1625449482.0,64.0
20.0,1625449482.0,64.0
22.59,1625449482.0,64.0
23.92,1625449482.0,64.0
24.11,1625449482.0,64.0
23.54,1625449482.0,64.0
22.83,1625449482.0,64.0
22.52,1625449482.0,64.0
22.89,1625449482.0,64.0
23.83,1625449482.0,64.0
24.83,1625449482.0,64.0
25.35,1625449482.0,64.0
24.97,1625449482.0,64.0
23.59,1625449482.0,64.0
21.41,1625449482.0,64.0
18.79,1625449482.0,64.0
16.04,1625449482.0,64.0
13.32,1625449482.0,64.0
10.66,1625449482.0,64.0
8.01,1625449482.0,64.0
5.38,1625449482.0,64.0
2.82,1625449482.0,64.0
0.42,1625449482.0,64.0
-1.74,1625449482.0,64.0
-3.7,1625449482.0,64.0
-5.53,1625449482.0,64.0
-7.33,1625449482.0,64.0
-9.13,1625449482.0,64.0
-10.93,1625449482.0,64.0
-12.72,1625449482.0,64.0
-14.49,1625449482.0,64.0
-16.28,1625449482.0,64.0
-18.18,1625449482.0,64.0
-20.26,1625449482.0,64.0
-22.64,1625449482.0,64.0
-25.39,1625449482.0,64.0
-28.54,1625449482.0,64.0
-32.01,1625449482.0,64.0
-35.56,1625449482.0,64.0
-38.7,1625449482.0,64.0
-40.82,1625449482.0,64.0
-41.26,1625449482.0,64.0
-39.57,1625449482.0,64.0
-35.66,1625449482.0,64.0
-29.84,1625449482.0,64.0
-22.66,1625449482.0,64.0
-14.78,1625449482.0,64.0
-6.69,1625449482.0,64.0
1.32,1625449482.0,64.0
9.13,1625449482.0,64.0
16.58,1625449482.0,64.0
23.39,1625449482.0,64.0
29.12,1625449482.0,64.0
33.36,1625449482.0,64.0
35.86,1625449482.0,64.0
36.76,1625449482.0,64.0
36.51,1625449482.0,64.0
35.71,1625449482.0,64.0
34.89,1625449482.0,64.0
34.28,1625449482.0,64.0
33.79,1625449482.0,64.0
33.14,1625449482.0,64.0
32.02,1625449482.0,64.0
30.28,1625449482.0,64.0
27.93,1625449482.0,64.0
25.13,1625449482.0,64.0
22.05,1625449482.0,64.0
18.84,1625449482.0,64.0
15.54,1625449482.0,64.0
12.13,1625449482.0,64.0
8.61,1625449482.0,64.0
4.97,1625449482.0,64.0
1.27,1625449482.0,64.0
-2.39,1625449482.0,64.0
-5.89,1625449482.0,64.0
-9.1,1625449482.0,64.0
-11.99,1625449482.0,64.0
-14.53,1625449482.0,64.0
-16.77,1625449482.0,64.0
-18.74,1625449482.0,64.0
-20.48,1625449482.0,64.0
-22.06,1625449482.0,64.0
-23.57,1625449482.0,64.0
-25.16,1625449482.0,64.0
-26.98,1625449482.0,64.0
-29.16,1625449482.0,64.0
-31.73,1625449482.0,64.0
-34.68,1625449482.0,64.0
-37.95,1625449482.0,64.0
-41.41,1625449482.0,64.0
-44.85,1625449482.0,64.0
-47.86,1625449482.0,64.0
-49.9,1625449482.0,64.0
-50.36,1625449482.0,64.0
-48.72,1625449482.0,64.0
-44.69,1625449482.0,64.0
-38.31,1625449482.0,64.0
-29.84,1625449482.0,64.0
-19.75,1625449482.0,64.0
-8.53,1625449482.0,64.0
3.26,1625449482.0,64.0
15.03,1625449482.0,64.0
26.15,1625449482.0,64.0
35.96,1625449482.0,64.0
43.88,1625449482.0,64.0
49.53,1625449482.0,64.0
52.84,1625449482.0,64.0
54.06,1625449482.0,64.0
53.68,1625449482.0,64.0
52.24,1625449482.0,64.0
50.18,1625449482.0,64.0
47.67,1625449482.0,64.0
44.65,1625449482.0,64.0
40.92,1625449482.0,64.0
36.39,1625449482.0,64.0
31.28,1625449482.0,64.0
26.09,1625449482.0,64.0
21.47,1625449482.0,64.0
17.87,1625449482.0,64.0
15.31,1625449482.0,64.0
13.36,1625449482.0,64.0
11.36,1625449482.0,64.0
8.74,1625449482.0,64.0
5.33,1625449482.0,64.0
1.35,1625449482.0,64.0
-2.75,1625449482.0,64.0
-6.52,1625449482.0,64.0
-9.76,1625449482.0,64.0
-12.51,1625449482.0,64.0
-14.93,1625449482.0,64.0
-17.21,1625449482.0,64.0
-19.39,1625449482.0,64.0
-21.44,1625449482.0,64.0
-23.28,1625449482.0,64.0
-24.85,1625449482.0,64.0
-26.18,1625449482.0,64.0
-27.32,1625449482.0,64.0
-28.36,1625449482.0,64.0
-29.41,1625449482.0,64.0
-30.56,1625449482.0,64.0
-31.93,1625449482.0,64.0
-33.66,1625449482.0,64.0
-35.8,1625449482.0,64.0
-38.3,1625449482.0,64.0
-40.83,1625449482.0,64.0
-42.89,1625449482.0,64.0
-43.77,1625449482.0,64.0
-42.84,1625449482.0,64.0
-39.67,1625449482.0,64.0
-34.25,1625449482.0,64.0
-27.0,1625449482.0,64.0
-18.58,1625449482.0,64.0
-9.63,1625449482.0,64.0
-0.63,1625449482.0,64.0
8.14,1625449482.0,64.0
16.49,1625449482.0,64.0
24.07,1625449482.0,64.0
30.36,1625449482.0,64.0
34.79,1625449482.0,64.0
36.99,1625449482.0,64.0
37.1,1625449482.0,64.0
35.71,1625449482.0,64.0
33.72,1625449482.0,64.0
31.95,1625449482.0,64.0
30.86,1625449482.0,64.0
30.42,1625449482.0,64.0
30.27,1625449482.0,64.0
29.98,1625449482.0,64.0
29.19,1625449482.0,64.0
27.83,1625449482.0,64.0
26.03,1625449482.0,64.0
23.98,1625449482.0,64.0
21.87,1625449482.0,64.0
19.81,1625449482.0,64.0
17.79,1625449482.0,64.0
15.77,1625449482.0,64.0
13.72,1625449482.0,64.0
11.59,1625449482.0,64.0
9.39,1625449482.0,64.0
7.15,1625449482.0,64.0
4.89,1625449482.0,64.0
2.62,1625449482.0,64.0
0.35,1625449482.0,64.0
-1.91,1625449482.0,64.0
-4.1,1625449482.0,64.0
-6.2,1625449482.0,64.0
-8.2,1625449482.0,64.0
-10.17,1625449482.0,64.0
-12.19,1625449482.0,64.0
-14.31,1625449482.0,64.0
-16.49,1625449482.0,64.0
-18.65,1625449482.0,64.0
-20.74,1625449482.0,64.0
-22.78,1625449482.0,64.0
-24.86,1625449482.0,64.0
-27.01,1625449482.0,64.0
-29.06,1625449482.0,64.0
-30.59,1625449482.0,64.0
-31.03,1625449482.0,64.0
-29.85,1625449482.0,64.0
-26.78,1625449482.0,64.0
-21.91,1625449482.0,64.0
-15.65,1625449482.0,64.0
-8.56,1625449482.0,64.0
-1.19,1625449482.0,64.0
6.02,1625449482.0,64.0
12.73,1625449482.0,64.0
18.65,1625449482.0,64.0
23.56,1625449482.0,64.0
27.34,1625449482.0,64.0
30.04,1625449482.0,64.0
31.91,1625449482.0,64.0
33.29,1625449482.0,64.0
34.54,1625449482.0,64.0
35.84,1625449482.0,64.0
37.17,1625449482.0,64.0
38.31,1625449482.0,64.0
38.95,1625449482.0,64.0
38.82,1625449482.0,64.0
37.82,1625449482.0,64.0
36.03,1625449482.0,64.0
33.68,1625449482.0,64.0
31.06,1625449482.0,64.0
28.34,1625449482.0,64.0
25.56,1625449482.0,64.0
22.62,1625449482.0,64.0
19.33,1625449482.0,64.0
15.6,1625449482.0,64.0
11.46,1625449482.0,64.0
7.06,1625449482.0,64.0
2.62,1625449482.0,64.0
-1.71,1625449482.0,64.0
-5.89,1625449482.0,64.0
-9.98,1625449482.0,64.0
-14.05,1625449482.0,64.0
-18.07,1625449482.0,64.0
-21.93,1625449482.0,64.0
-25.45,1625449482.0,64.0
-28.53,1625449482.0,64.0
-31.19,1625449482.0,64.0
-33.64,1625449482.0,64.0
-36.13,1625449482.0,64.0
-38.89,1625449482.0,64.0
-41.98,1625449482.0,64.0
-45.29,1625449482.0,64.0
-48.48,1625449482.0,64.0
-51.08,1625449482.0,64.0
-52.55,1625449482.0,64.0
-52.34,1625449482.0,64.0
-50.02,1625449482.0,64.0
-45.4,1625449482.0,64.0
-38.67,1625449482.0,64.0
-30.34,1625449482.0,64.0
-21.17,1625449482.0,64.0
-11.92,1625449482.0,64.0
-3.18,1625449482.0,64.0
4.8,1625449482.0,64.0
11.97,1625449482.0,64.0
18.36,1625449482.0,64.0
23.88,1625449482.0,64.0
28.27,1625449482.0,64.0
31.24,1625449482.0,64.0
32.67,1625449482.0,64.0
32.72,1625449482.0,64.0
31.83,1625449482.0,64.0
30.54,1625449482.0,64.0
29.28,1625449482.0,64.0
28.22,1625449482.0,64.0
27.34,1625449482.0,64.0
26.47,1625449482.0,64.0
25.49,1625449482.0,64.0
24.3,1625449482.0,64.0
22.86,1625449482.0,64.0
21.14,1625449482.0,64.0
19.08,1625449482.0,64.0
16.68,1625449482.0,64.0
13.99,1625449482.0,64.0
11.14,1625449482.0,64.0
8.26,1625449482.0,64.0
5.44,1625449482.0,64.0
2.72,1625449482.0,64.0
0.06,1625449482.0,64.0
-2.59,1625449482.0,64.0
-5.28,1625449482.0,64.0
-8.03,1625449482.0,64.0
-10.84,1625449482.0,64.0
-13.68,1625449482.0,64.0
-16.52,1625449482.0,64.0
-19.27,1625449482.0,64.0
-21.86,1625449482.0,64.0
-24.25,1625449482.0,64.0
-26.48,1625449482.0,64.0
-28.66,1625449482.0,64.0
-30.99,1625449482.0,64.0
-33.62,1625449482.0,64.0
-36.54,1625449482.0,64.0
-39.51,1625449482.0,64.0
-42.06,1625449482.0,64.0
-43.55,1625449482.0,64.0
-43.4,1625449482.0,64.0
-41.23,1625449482.0,64.0
-37.03,1625449482.0,64.0
-31.17,1625449482.0,64.0
-24.21,1625449482.0,64.0
-16.79,1625449482.0,64.0
-9.34,1625449482.0,64.0
-2.01,1625449482.0,64.0
5.18,1625449482.0,64.0
12.21,1625449482.0,64.0
18.87,1625449482.0,64.0
24.73,1625449482.0,64.0
29.26,1625449482.0,64.0
32.1,1625449482.0,64.0
33.26,1625449482.0,64.0
33.14,1625449482.0,64.0
32.39,1625449482.0,64.0
31.62,1625449482.0,64.0
31.17,1625449482.0,64.0
31.04,1625449482.0,64.0
30.95,1625449482.0,64.0
30.56,1625449482.0,64.0
29.62,1625449482.0,64.0
28.07,1625449482.0,64.0
25.96,1625449482.0,64.0
23.42,1625449482.0,64.0
20.52,1625449482.0,64.0
17.3,1625449482.0,64.0
13.8,1625449482.0,64.0
10.11,1625449482.0,64.0
6.38,1625449482.0,64.0
2.84,1625449482.0,64.0
-0.29,1625449482.0,64.0
-2.9,1625449482.0,64.0
-5.06,1625449482.0,64.0
-7.0,1625449482.0,64.0
-9.01,1625449482.0,64.0
-11.33,1625449482.0,64.0
-14.04,1625449482.0,64.0
-17.06,1625449482.0,64.0
-20.21,1625449482.0,64.0
-23.27,1625449482.0,64.0
-26.04,1625449482.0,64.0
-28.4,1625449482.0,64.0
-30.29,1625449482.0,64.0
-31.72,1625449482.0,64.0
-32.8,1625449482.0,64.0
-33.59,1625449482.0,64.0
-34.08,1625449482.0,64.0
-34.06,1625449482.0,64.0
-33.16,1625449482.0,64.0
-30.95,1625449482.0,64.0
-27.11,1625449482.0,64.0
-21.66,1625449482.0,64.0
-14.96,1625449482.0,64.0
-7.61,1625449482.0,64.0
-0.25,1625449482.0,64.0
6.68,1625449482.0,64.0
12.97,1625449482.0,64.0
18.56,1625449482.0,64.0
23.41,1625449482.0,64.0
27.36,1625449482.0,64.0
30.2,1625449482.0,64.0
31.75,1625449482.0,64.0
32.01,1625449482.0,64.0
31.24,1625449482.0,64.0
29.85,1625449482.0,64.0
28.24,1625449482.0,64.0
26.67,1625449482.0,64.0
25.12,1625449482.0,64.0
23.45,1625449482.0,64.0
21.52,1625449482.0,64.0
19.27,1625449482.0,64.0
16.81,1625449482.0,64.0
14.3,1625449482.0,64.0
11.87,1625449482.0,64.0
9.55,1625449482.0,64.0
7.26,1625449482.0,64.0
4.93,1625449482.0,64.0
2.56,1625449482.0,64.0
0.25,1625449482.0,64.0
-1.84,1625449482.0,64.0
-3.55,1625449482.0,64.0
-4.82,1625449482.0,64.0
-5.72,1625449482.0,64.0
-6.46,1625449482.0,64.0
-7.31,1625449482.0,64.0
-8.55,1625449482.0,64.0
-10.35,1625449482.0,64.0
-12.77,1625449482.0,64.0
-15.71,1625449482.0,64.0
-18.97,1625449482.0,64.0
-22.25,1625449482.0,64.0
-25.31,1625449482.0,64.0
-27.92,1625449482.0,64.0
-30.02,1625449482.0,64.0
-31.7,1625449482.0,64.0
-33.14,1625449482.0,64.0
-34.54,1625449482.0,64.0
-35.91,1625449482.0,64.0
-37.0,1625449482.0,64.0
-37.3,1625449482.0,64.0
-36.28,1625449482.0,64.0
-33.56,1625449482.0,64.0
-29.15,1625449482.0,64.0
-23.38,1625449482.0,64.0
-16.8,1625449482.0,64.0
-9.89,1625449482.0,64.0
-2.97,1625449482.0,64.0
3.79,1625449482.0,64.0
10.25,1625449482.0,64.0
16.2,1625449482.0,64.0
21.26,1625449482.0,64.0
25.08,1625449482.0,64.0
27.41,1625449482.0,64.0
28.32,1625449482.0,64.0
28.13,1625449482.0,64.0
27.39,1625449482.0,64.0
26.58,1625449482.0,64.0
26.02,1625449482.0,64.0
25.79,1625449482.0,64.0
25.74,1625449482.0,64.0
25.62,1625449482.0,64.0
25.17,1625449482.0,64.0
24.25,1625449482.0,64.0
22.8,1625449482.0,64.0
20.88,1625449482.0,64.0
18.63,1625449482.0,64.0
16.22,1625449482.0,64.0
13.83,1625449482.0,64.0
11.62,1625449482.0,64.0
9.66,1625449482.0,64.0
7.93,1625449482.0,64.0
6.36,1625449482.0,64.0
4.8,1625449482.0,64.0
3.13,1625449482.0,64.0
1.31,1625449482.0,64.0
-0.62,1625449482.0,64.0
-2.62,1625449482.0,64.0
-4.66,1625449482.0,64.0
-6.7,1625449482.0,64.0
-8.75,1625449482.0,64.0
-10.74,1625449482.0,64.0
-12.57,1625449482.0,64.0
-14.22,1625449482.0,64.0
-15.73,1625449482.0,64.0
-17.31,1625449482.0,64.0
-19.18,1625449482.0,64.0
-21.45,1625449482.0,64.0
-23.93,1625449482.0,64.0
-26.11,1625449482.0,64.0
-27.29,1625449482.0,64.0
-26.84,1625449482.0,64.0
-24.41,1625449482.0,64.0
-20.09,1625449482.0,64.0
-14.34,1625449482.0,64.0
-7.75,1625449482.0,64.0
-0.87,1625449482.0,64.0
5.9,1625449482.0,64.0
12.23,1625449482.0,64.0
17.84,1625449482.0,64.0
22.37,1625449482.0,64.0
25.49,1625449482.0,64.0
27.06,1625449482.0,64.0
27.22,1625449482.0,64.0
26.39,1625449482.0,64.0
25.13,1625449482.0,64.0
23.93,1625449482.0,64.0
23.08,1625449482.0,64.0
22.61,1625449482.0,64.0
22.34,1625449482.0,64.0
22.05,1625449482.0,64.0
21.55,1625449482.0,64.0
20.74,1625449482.0,64.0
19.6,1625449482.0,64.0
18.14,1625449482.0,64.0
16.35,1625449482.0,64.0
14.25,1625449482.0,64.0
11.81,1625449482.0,64.0
9.04,1625449482.0,64.0
6.0,1625449482.0,64.0
2.79,1625449482.0,64.0
-0.38,1625449482.0,64.0
-3.34,1625449482.0,64.0
-5.98,1625449482.0,64.0
-8.3,1625449482.0,64.0
-10.46,1625449482.0,64.0
-12.64,1625449482.0,64.0
-14.93,1625449482.0,64.0
-17.28,1625449482.0,64.0
-19.49,1625449482.0,64.0
-21.33,1625449482.0,64.0
-22.64,1625449482.0,64.0
-23.47,1625449482.0,64.0
-24.01,1625449482.0,64.0
-24.58,1625449482.0,64.0
-25.5,1625449482.0,64.0
-26.91,1625449482.0,64.0
-28.68,1625449482.0,64.0
-30.37,1625449482.0,64.0
-31.33,1625449482.0,64.0
-30.89,1625449482.0,64.0
-28.66,1625449482.0,64.0
-24.64,1625449482.0,64.0
-19.21,1625449482.0,64.0
-12.95,1625449482.0,64.0
-6.41,1625449482.0,64.0
0.11,1625449482.0,64.0
6.41,1625449482.0,64.0
12.29,1625449482.0,64.0
17.42,1625449482.0,64.0
21.3,1625449482.0,64.0
23.57,1625449482.0,64.0
24.14,1625449482.0,64.0
23.42,1625449482.0,64.0
22.1,1625449482.0,64.0
20.93,1625449482.0,64.0
20.4,1625449482.0,64.0
20.59,1625449482.0,64.0
21.24,1625449482.0,64.0
21.93,1625449482.0,64.0
22.28,1625449482.0,64.0
22.09,1625449482.0,64.0
21.34,1625449482.0,64.0
20.08,1625449482.0,64.0
18.35,1625449482.0,64.0
16.21,1625449482.0,64.0
13.69,1625449482.0,64.0
10.89,1625449482.0,64.0
7.94,1625449482.0,64.0
5.03,1625449482.0,64.0
2.27,1625449482.0,64.0
-0.3,1625449482.0,64.0
-2.74,1625449482.0,64.0
-5.15,1625449482.0,64.0
-7.53,1625449482.0,64.0
-9.81,1625449482.0,64.0
-11.82,1625449482.0,64.0
-13.46,1625449482.0,64.0
-14.76,1625449482.0,64.0
-15.95,1625449482.0,64.0
-17.29,1625449482.0,64.0
-19.06,1625449482.0,64.0
-21.37,1625449482.0,64.0
-24.2,1625449482.0,64.0
-27.41,1625449482.0,64.0
-30.79,1625449482.0,64.0
-34.06,1625449482.0,64.0
-36.84,1625449482.0,64.0
-38.68,1625449482.0,64.0
-39.08,1625449482.0,64.0
-37.69,1625449482.0,64.0
-34.39,1625449482.0,64.0
-29.34,1625449482.0,64.0
-22.96,1625449482.0,64.0
-15.69,1625449482.0,64.0
-7.96,1625449482.0,64.0
-0.07,1625449482.0,64.0
7.69,1625449482.0,64.0
14.99,1625449482.0,64.0
21.43,1625449482.0,64.0
26.54,1625449482.0,64.0
30.05,1625449482.0,64.0
31.93,1625449482.0,64.0
32.44,1625449482.0,64.0
32.08,1625449482.0,64.0
31.37,1625449482.0,64.0
30.68,1625449482.0,64.0
30.16,1625449482.0,64.0
29.74,1625449482.0,64.0
29.22,1625449482.0,64.0
28.4,1625449482.0,64.0
27.13,1625449482.0,64.0
25.3,1625449482.0,64.0
22.91,1625449482.0,64.0
20.05,1625449482.0,64.0
16.88,1625449482.0,64.0
13.6,1625449482.0,64.0
10.42,1625449482.0,64.0
7.45,1625449482.0,64.0
4.75,1625449482.0,64.0
2.28,1625449482.0,64.0
0.01,1625449482.0,64.0
-2.09,1625449482.0,64.0
-4.04,1625449482.0,64.0
-5.83,1625449482.0,64.0
-7.56,1625449482.0,64.0
-9.34,1625449482.0,64.0
-11.32,1625449482.0,64.0
-13.58,1625449482.0,64.0
-16.13,1625449482.0,64.0
-18.88,1625449482.0,64.0
-21.69,1625449482.0,64.0
-24.49,1625449482.0,64.0
-27.34,1625449482.0,64.0
-30.34,1625449482.0,64.0
-33.51,1625449482.0,64.0
-36.67,1625449482.0,64.0
-39.36,1625449482.0,64.0
-40.93,1625449482.0,64.0
-40.72,1625449482.0,64.0
-38.34,1625449482.0,64.0
-33.82,1625449482.0,64.0
-27.55,1625449482.0,64.0
-20.13,1625449482.0,64.0
-12.14,1625449482.0,64.0
-4.0,1625449482.0,64.0
4.04,1625449482.0,64.0
11.8,1625449482.0,64.0
18.98,1625449482.0,64.0
25.19,1625449482.0,64.0
30.01,1625449482.0,64.0
33.15,1625449482.0,64.0
34.6,1625449482.0,64.0
34.65,1625449482.0,64.0
33.84,1625449482.0,64.0
32.74,1625449482.0,64.0
31.79,1625449482.0,64.0
31.13,1625449482.0,64.0
30.63,1625449482.0,64.0
29.97,1625449482.0,64.0
28.82,1625449482.0,64.0
27.03,1625449482.0,64.0
24.67,1625449482.0,64.0
21.96,1625449482.0,64.0
19.19,1625449482.0,64.0
16.54,1625449482.0,64.0
14.09,1625449482.0,64.0
11.78,1625449482.0,64.0
9.55,1625449482.0,64.0
7.34,1625449482.0,64.0
5.19,1625449482.0,64.0
3.13,1625449482.0,64.0
1.18,1625449482.0,64.0
-0.74,1625449482.0,64.0
-2.79,1625449482.0,64.0
-5.13,1625449482.0,64.0
-7.86,1625449482.0,64.0
-10.9,1625449482.0,64.0
-14.08,1625449482.0,64.0
-17.12,1625449482.0,64.0
-19.85,1625449482.0,64.0
-22.27,1625449482.0,64.0
-24.57,1625449482.0,64.0
-27.01,1625449482.0,64.0
-29.81,1625449482.0,64.0
-33.03,1625449482.0,64.0
-36.5,1625449482.0,64.0
-39.94,1625449482.0,64.0
-42.95,1625449482.0,64.0
-45.13,1625449482.0,64.0
-46.03,1625449482.0,64.0
-45.2,1625449482.0,64.0
-42.28,1625449482.0,64.0
-37.21,1625449482.0,64.0
-30.31,1625449482.0,64.0
-22.26,1625449482.0,64.0
-13.88,1625449482.0,64.0
-5.85,1625449482.0,64.0
1.54,1625449482.0,64.0
8.29,1625449482.0,64.0
14.52,1625449482.0,64.0
20.15,1625449482.0,64.0
24.83,1625449482.0,64.0
28.11,1625449482.0,64.0
29.69,1625449482.0,64.0
29.71,1625449482.0,64.0
28.73,1625449482.0,64.0
27.5,1625449482.0,64.0
26.63,1625449482.0,64.0
26.38,1625449482.0,64.0
26.58,1625449482.0,64.0
26.9,1625449482.0,64.0
27.01,1625449482.0,64.0
26.74,1625449482.0,64.0
26.1,1625449482.0,64.0
25.14,1625449482.0,64.0
23.88,1625449482.0,64.0
22.27,1625449482.0,64.0
20.2,1625449482.0,64.0
17.59,1625449482.0,64.0
14.45,1625449482.0,64.0
10.92,1625449482.0,64.0
7.28,1625449482.0,64.0
3.8,1625449482.0,64.0
0.7,1625449482.0,64.0
-1.98,1625449482.0,64.0
-4.34,1625449482.0,64.0
-6.61,1625449482.0,64.0
-8.94,1625449482.0,64.0
-11.33,1625449482.0,64.0
-13.62,1625449482.0,64.0
-15.63,1625449482.0,64.0
-17.25,1625449482.0,64.0
-18.54,1625449482.0,64.0
-19.71,1625449482.0,64.0
-21.01,1625449482.0,64.0
-22.58,1625449482.0,64.0
-24.43,1625449482.0,64.0
-26.39,1625449482.0,64.0
-28.19,1625449482.0,64.0
-29.46,1625449482.0,64.0
-29.79,1625449482.0,64.0
-28.8,1625449482.0,64.0
-26.3,1625449482.0,64.0
-22.32,1625449482.0,64.0
-17.18,1625449482.0,64.0
-11.33,1625449482.0,64.0
-5.21,1625449482.0,64.0
0.92,1625449482.0,64.0
6.94,1625449482.0,64.0
12.83,1625449482.0,64.0
18.46,1625449482.0,64.0
23.51,1625449482.0,64.0
27.59,1625449482.0,64.0
30.39,1625449482.0,64.0
31.89,1625449482.0,64.0
32.37,1625449482.0,64.0
32.33,1625449482.0,64.0
32.21,1625449482.0,64.0
32.25,1625449482.0,64.0
32.4,1625449482.0,64.0
32.39,1625449482.0,64.0
31.96,1625449482.0,64.0
30.94,1625449482.0,64.0
29.33,1625449482.0,64.0
27.22,1625449482.0,64.0
24.73,1625449482.0,64.0
21.98,1625449482.0,64.0
19.04,1625449482.0,64.0
15.98,1625449482.0,64.0
12.88,1625449482.0,64.0
9.83,1625449482.0,64.0
6.9,1625449482.0,64.0
4.15,1625449482.0,64.0
1.62,1625449482.0,64.0
-0.65,1625449482.0,64.0
-2.64,1625449482.0,64.0
-4.39,1625449482.0,64.0
-6.05,1625449482.0,64.0
-7.8,1625449482.0,64.0
-9.86,1625449482.0,64.0
-12.32,1625449482.0,64.0
-15.18,1625449482.0,64.0
-18.36,1625449482.0,64.0
-21.74,1625449482.0,64.0
-25.28,1625449482.0,64.0
-28.95,1625449482.0,64.0
-32.65,1625449482.0,64.0
-36.09,1625449482.0,64.0
-38.82,1625449482.0,64.0
-40.22,1625449482.0,64.0
-39.74,1625449482.0,64.0
-37.14,1625449482.0,64.0
-32.51,1625449482.0,64.0
-26.29,1625449482.0,64.0
-19.13,1625449482.0,64.0
-11.61,1625449482.0,64.0
-4.14,1625449482.0,64.0
2.99,1625449482.0,64.0
9.55,1625449482.0,64.0
15.27,1625449482.0,64.0
19.79,1625449482.0,64.0
22.81,1625449482.0,64.0
24.27,1625449482.0,64.0
24.42,1625449482.0,64.0
23.74,1625449482.0,64.0
22.76,1625449482.0,64.0
21.91,1625449482.0,64.0
21.33,1625449482.0,64.0
20.96,1625449482.0,64.0
20.61,1625449482.0,64.0
20.08,1625449482.0,64.0
19.25,1625449482.0,64.0
18.01,1625449482.0,64.0
16.33,1625449482.0,64.0
14.17,1625449482.0,64.0
11.61,1625449482.0,64.0
8.8,1625449482.0,64.0
5.93,1625449482.0,64.0
3.19,1625449482.0,64.0
0.66,1625449482.0,64.0
-1.66,1625449482.0,64.0
-3.81,1625449482.0,64.0
-5.83,1625449482.0,64.0
-7.69,1625449482.0,64.0
-9.42,1625449482.0,64.0
-11.07,1625449482.0,64.0
-12.79,1625449482.0,64.0
-14.73,1625449482.0,64.0
-17.0,1625449482.0,64.0
-19.6,1625449482.0,64.0
-22.39,1625449482.0,64.0
-25.24,1625449482.0,64.0
-28.04,1625449482.0,64.0
-30.77,1625449482.0,64.0
-33.44,1625449482.0,64.0
-35.9,1625449482.0,64.0
-37.83,1625449482.0,64.0
-38.75,1625449482.0,64.0
-38.16,1625449482.0,64.0
-35.76,1625449482.0,64.0
-31.55,1625449482.0,64.0
-25.87,1625449482.0,64.0
-19.22,1625449482.0,64.0
-12.11,1625449482.0,64.0
-4.85,1625449482.0,64.0
2.37,1625449482.0,64.0
9.43,1625449482.0,64.0
16.07,1625449482.0,64.0
21.91,1625449482.0,64.0
26.45,1625449482.0,64.0
29.37,1625449482.0,64.0
30.7,1625449482.0,64.0
30.83,1625449482.0,64.0
30.37,1625449482.0,64.0
29.9,1625449482.0,64.0
29.7,1625449482.0,64.0
29.68,1625449482.0,64.0
29.49,1625449482.0,64.0
28.75,1625449482.0,64.0
27.26,1625449482.0,64.0
25.07,1625449482.0,64.0
22.42,1625449482.0,64.0
19.61,1625449482.0,64.0
16.85,1625449482.0,64.0
14.21,1625449482.0,64.0
11.66,1625449482.0,64.0
9.16,1625449482.0,64.0
6.68,1625449482.0,64.0
4.27,1625449482.0,64.0
2.0,1625449482.0,64.0
-0.13,1625449482.0,64.0
-2.14,1625449482.0,64.0
-4.13,1625449482.0,64.0
-6.2,1625449482.0,64.0
-8.45,1625449482.0,64.0
-10.9,1625449482.0,64.0
-13.56,1625449482.0,64.0
-16.35,1625449482.0,64.0
-19.2,1625449482.0,64.0
-22.06,1625449482.0,64.0
-24.88,1625449482.0,64.0
-27.67,1625449482.0,64.0
-30.37,1625449482.0,64.0
-32.86,1625449482.0,64.0
-34.88,1625449482.0,64.0
-36.05,1625449482.0,64.0
-35.99,1625449482.0,64.0
-34.39,1625449482.0,64.0
-31.18,1625449482.0,64.0
-26.48,1625449482.0,64.0
-20.6,1625449482.0,64.0
-13.89,1625449482.0,64.0
-6.68,1625449482.0,64.0
0.74,1625449482.0,64.0
8.06,1625449482.0,64.0
14.87,1625449482.0,64.0
20.73,1625449482.0,64.0
25.23,1625449482.0,64.0
28.2,1625449482.0,64.0
29.74,1625449482.0,64.0
30.23,1625449482.0,64.0
30.18,1625449482.0,64.0
30.02,1625449482.0,64.0
29.98,1625449482.0,64.0
29.97,1625449482.0,64.0
29.75,1625449482.0,64.0
29.04,1625449482.0,64.0
27.67,1625449482.0,64.0
25.68,1625449482.0,64.0
23.26,1625449482.0,64.0
20.68,1625449482.0,64.0
18.18,1625449482.0,64.0
15.84,1625449482.0,64.0
13.62,1625449482.0,64.0
11.35,1625449482.0,64.0
8.91,1625449482.0,64.0
6.23,1625449482.0,64.0
3.43,1625449482.0,64.0
0.66,1625449482.0,64.0
-1.9,1625449482.0,64.0
-4.17,1625449482.0,64.0
-6.19,1625449482.0,64.0
-8.06,1625449482.0,64.0
-9.96,1625449482.0,64.0
-12.03,1625449482.0,64.0
-14.35,1625449482.0,64.0
-16.97,1625449482.0,64.0
-19.87,1625449482.0,64.0
-22.98,1625449482.0,64.0
-26.19,1625449482.0,64.0
-29.35,1625449482.0,64.0
-32.28,1625449482.0,64.0
-34.79,1625449482.0,64.0
-36.7,1625449482.0,64.0
-37.74,1625449482.0,64.0
-37.68,1625449482.0,64.0
-36.22,1625449482.0,64.0
-33.2,1625449482.0,64.0
-28.59,1625449482.0,64.0
-22.61,1625449482.0,64.0
-15.65,1625449482.0,64.0
-8.21,1625449482.0,64.0
-0.78,1625449482.0,64.0
6.22,1625449482.0,64.0
12.42,1625449482.0,64.0
17.56,1625449482.0,64.0
21.36,1625449482.0,64.0
23.69,1625449482.0,64.0
24.56,1625449482.0,64.0
24.2,1625449482.0,64.0
23.12,1625449482.0,64.0
21.86,1625449482.0,64.0
20.9,1625449482.0,64.0
20.44,1625449482.0,64.0
20.34,1625449482.0,64.0
20.26,1625449482.0,64.0
19.79,1625449482.0,64.0
18.74,1625449482.0,64.0
17.13,1625449482.0,64.0
15.23,1625449482.0,64.0
13.32,1625449482.0,64.0
11.55,1625449482.0,64.0
9.93,1625449482.0,64.0
8.32,1625449482.0,64.0
6.61,1625449482.0,64.0
4.77,1625449482.0,64.0
2.9,1625449482.0,64.0
1.09,1625449482.0,64.0
-0.6,1625449482.0,64.0
-2.21,1625449482.0,64.0
-3.84,1625449482.0,64.0
-5.56,1625449482.0,64.0
-7.35,1625449482.0,64.0
-9.1,1625449482.0,64.0
-10.7,1625449482.0,64.0
-12.1,1625449482.0,64.0
-13.35,1625449482.0,64.0
-14.62,1625449482.0,64.0
-16.11,1625449482.0,64.0
-18.04,1625449482.0,64.0
-20.53,1625449482.0,64.0
-23.56,1625449482.0,64.0
-26.9,1625449482.0,64.0
-30.11,1625449482.0,64.0
-32.55,1625449482.0,64.0
-33.58,1625449482.0,64.0
-32.72,1625449482.0,64.0
-29.83,1625449482.0,64.0
-25.14,1625449482.0,64.0
-19.11,1625449482.0,64.0
-12.26,1625449482.0,64.0
-5.02,1625449482.0,64.0
2.32,1625449482.0,64.0
9.5,1625449482.0,64.0
16.15,1625449482.0,64.0
21.79,1625449482.0,64.0
25.92,1625449482.0,64.0
28.25,1625449482.0,64.0
28.9,1625449482.0,64.0
28.36,1625449482.0,64.0
27.35,1625449482.0,64.0
26.53,1625449482.0,64.0
26.24,1625449482.0,64.0
26.48,1625449482.0,64.0
26.95,1625449482.0,64.0
27.3,1625449482.0,64.0
27.24,1625449482.0,64.0
26.65,1625449482.0,64.0
25.55,1625449482.0,64.0
24.02,1625449482.0,64.0
22.13,1625449482.0,64.0
20.0,1625449482.0,64.0
17.75,1625449482.0,64.0
15.5,1625449482.0,64.0
13.36,1625449482.0,64.0
11.37,1625449482.0,64.0
9.47,1625449482.0,64.0
7.61,1625449482.0,64.0
5.7,1625449482.0,64.0
3.71,1625449482.0,64.0
1.65,1625449482.0,64.0
-0.49,1625449482.0,64.0
-2.72,1625449482.0,64.0
-5.05,1625449482.0,64.0
-7.47,1625449482.0,64.0
-9.9,1625449482.0,64.0
-12.29,1625449482.0,64.0
-14.62,1625449482.0,64.0
-16.9,1625449482.0,64.0
-19.21,1625449482.0,64.0
-21.63,1625449482.0,64.0
-24.09,1625449482.0,64.0
-26.38,1625449482.0,64.0
-28.12,1625449482.0,64.0
-28.88,1625449482.0,64.0
-28.3,1625449482.0,64.0
-26.19,1625449482.0,64.0
-22.59,1625449482.0,64.0
-17.77,1625449482.0,64.0
-12.1,1625449482.0,64.0
-6.03,1625449482.0,64.0
0.06,1625449482.0,64.0
5.79,1625449482.0,64.0
10.83,1625449482.0,64.0
14.85,1625449482.0,64.0
17.62,1625449482.0,64.0
19.06,1625449482.0,64.0
19.3,1625449482.0,64.0
18.71,1625449482.0,64.0
17.71,1625449482.0,64.0
16.74,1625449482.0,64.0
16.03,1625449482.0,64.0
15.65,1625449482.0,64.0
15.49,1625449482.0,64.0
15.41,1625449482.0,64.0
15.24,1625449482.0,64.0
14.84,1625449482.0,64.0
14.11,1625449482.0,64.0
12.98,1625449482.0,64.0
11.45,1625449482.0,64.0
9.6,1625449482.0,64.0
7.57,1625449482.0,64.0
5.5,1625449482.0,64.0
3.5,1625449482.0,64.0
1.58,1625449482.0,64.0
-0.3,1625449482.0,64.0
-2.14,1625449482.0,64.0
-3.9,1625449482.0,64.0
-5.53,1625449482.0,64.0
-7.02,1625449482.0,64.0
-8.48,1625449482.0,64.0
-10.12,1625449482.0,64.0
-12.17,1625449482.0,64.0
-14.73,1625449482.0,64.0
-17.74,1625449482.0,64.0
-20.97,1625449482.0,64.0
-24.19,1625449482.0,64.0
-27.25,1625449482.0,64.0
-30.14,1625449482.0,64.0
-32.92,1625449482.0,64.0
-35.61,1625449482.0,64.0
-38.05,1625449482.0,64.0
-39.93,1625449482.0,64.0
-40.82,1625449482.0,64.0
-40.37,1625449482.0,64.0
-38.36,1625449482.0,64.0
-34.79,1625449482.0,64.0
-29.85,1625449482.0,64.0
-23.84,1625449482.0,64.0
-17.08,1625449482.0,64.0
-9.88,1625449482.0,64.0
-2.55,1625449482.0,64.0
4.64,1625449482.0,64.0
11.37,1625449482.0,64.0
17.32,1625449482.0,64.0
22.2,1625449482.0,64.0
25.82,1625449482.0,64.0
28.19,1625449482.0,64.0
29.52,1625449482.0,64.0
30.19,1625449482.0,64.0
30.58,1625449482.0,64.0
30.92,1625449482.0,64.0
31.23,1625449482.0,64.0
31.28,1625449482.0,64.0
30.8,1625449482.0,64.0
29.56,1625449482.0,64.0
27.53,1625449482.0,64.0
24.88,1625449482.0,64.0
21.9,1625449482.0,64.0
18.87,1625449482.0,64.0
15.95,1625449482.0,64.0
13.15,1625449482.0,64.0
10.36,1625449482.0,64.0
7.47,1625449482.0,64.0
4.51,1625449482.0,64.0
1.6,1625449482.0,64.0
-1.05,1625449482.0,64.0
-3.3,1625449482.0,64.0
-5.16,1625449482.0,64.0
-6.83,1625449482.0,64.0
-8.6,1625449482.0,64.0
-10.68,1625449482.0,64.0
-13.13,1625449482.0,64.0
-15.84,1625449482.0,64.0
-18.62,1625449482.0,64.0
-21.32,1625449482.0,64.0
-23.92,1625449482.0,64.0
-26.53,1625449482.0,64.0
-29.31,1625449482.0,64.0
-32.32,1625449482.0,64.0
-35.45,1625449482.0,64.0
-38.38,1625449482.0,64.0
-40.64,1625449482.0,64.0
-41.75,1625449482.0,64.0
-41.41,1625449482.0,64.0
-39.54,1625449482.0,64.0
-36.31,1625449482.0,64.0
-32.04,1625449482.0,64.0
-27.09,1625449482.0,64.0
-21.66,1625449482.0,64.0
-15.88,1625449482.0,64.0
-9.85,1625449482.0,64.0
-3.73,1625449482.0,64.0
2.12,1625449482.0,64.0
7.25,1625449482.0,64.0
11.26,1625449482.0,64.0
13.99,1625449482.0,64.0
15.57,1625449482.0,64.0
16.42,1625449482.0,64.0
17.07,1625449482.0,64.0
17.94,1625449482.0,64.0
19.22,1625449482.0,64.0
20.84,1625449482.0,64.0
22.52,1625449482.0,64.0
23.95,1625449482.0,64.0
24.9,1625449482.0,64.0
25.26,1625449482.0,64.0
25.06,1625449482.0,64.0
24.47,1625449482.0,64.0
23.66,1625449482.0,64.0
22.84,1625449482.0,64.0
22.14,1625449482.0,64.0
21.5,1625449482.0,64.0
20.67,1625449482.0,64.0
19.27,1625449482.0,64.0
16.86,1625449482.0,64.0
13.14,1625449482.0,64.0
8.09,1625449482.0,64.0
1.95,1625449482.0,64.0
-4.8,1625449482.0,64.0
-11.62,1625449482.0,64.0
-17.97,1625449482.0,64.0
-23.38,1625449482.0,64.0
-27.38,1625449482.0,64.0
-29.6,1625449482.0,64.0
-29.79,1625449482.0,64.0
-28.04,1625449482.0,64.0
-24.82,1625449482.0,64.0
-20.96,1625449482.0,64.0
-17.47,1625449482.0,64.0
-15.12,1625449482.0,64.0
-14.24,1625449482.0,64.0
-14.49,1625449482.0,64.0
-15.07,1625449482.0,64.0
-15.01,1625449482.0,64.0
-13.59,1625449482.0,64.0
-10.61,1625449482.0,64.0
-6.37,1625449482.0,64.0
-1.49,1625449482.0,64.0
3.45,1625449482.0,64.0
8.15,1625449482.0,64.0
12.58,1625449482.0,64.0
16.86,1625449482.0,64.0
20.9,1625449482.0,64.0
24.34,1625449482.0,64.0
26.55,1625449482.0,64.0
26.95,1625449482.0,64.0
25.34,1625449482.0,64.0
22.06,1625449482.0,64.0
17.87,1625449482.0,64.0
13.66,1625449482.0,64.0
10.07,1625449482.0,64.0
7.24,1625449482.0,64.0
4.94,1625449482.0,64.0
2.72,1625449482.0,64.0
0.34,1625449482.0,64.0
-2.17,1625449482.0,64.0
-4.51,1625449482.0,64.0
-6.29,1625449482.0,64.0
-7.34,1625449482.0,64.0
-7.79,1625449482.0,64.0
-8.0,1625449482.0,64.0
-8.38,1625449482.0,64.0
-9.2,1625449482.0,64.0
-10.51,1625449482.0,64.0
-12.13,1625449482.0,64.0
-13.81,1625449482.0,64.0
-15.4,1625449482.0,64.0
-16.85,1625449482.0,64.0
-18.23,1625449482.0,64.0
-19.68,1625449482.0,64.0
-21.25,1625449482.0,64.0
-22.92,1625449482.0,64.0
-24.51,1625449482.0,64.0
-25.82,1625449482.0,64.0
-26.65,1625449482.0,64.0
-26.94,1625449482.0,64.0
-26.76,1625449482.0,64.0
-26.35,1625449482.0,64.0
-25.91,1625449482.0,64.0
-25.44,1625449482.0,64.0
-24.65,1625449482.0,64.0
-22.9,1625449482.0,64.0
-19.47,1625449482.0,64.0
-13.79,1625449482.0,64.0
-5.75,1625449482.0,64.0
4.22,1625449482.0,64.0
15.27,1625449482.0,64.0
26.37,1625449482.0,64.0
36.62,1625449482.0,64.0
45.35,1625449482.0,64.0
52.21,1625449482.0,64.0
57.03,1625449482.0,64.0
59.76,1625449482.0,64.0
60.47,1625449482.0,64.0
59.39,1625449482.0,64.0
56.95,1625449482.0,64.0
53.78,1625449482.0,64.0
50.58,1625449482.0,64.0
47.85,1625449482.0,64.0
45.77,1625449482.0,64.0
44.14,1625449482.0,64.0
42.42,1625449482.0,64.0
40.06,1625449482.0,64.0
36.67,1625449482.0,64.0
32.26,1625449482.0,64.0
27.23,1625449482.0,64.0
22.24,1625449482.0,64.0
17.98,1625449482.0,64.0
14.94,1625449482.0,64.0
13.29,1625449482.0,64.0
12.78,1625449482.0,64.0
12.94,1625449482.0,64.0
13.19,1625449482.0,64.0
12.96,1625449482.0,64.0
11.78,1625449482.0,64.0
9.35,1625449482.0,64.0
5.49,1625449482.0,64.0
0.21,1625449482.0,64.0
-6.29,1625449482.0,64.0
-13.53,1625449482.0,64.0
-20.87,1625449482.0,64.0
-27.6,1625449482.0,64.0
-33.13,1625449482.0,64.0
-37.12,1625449482.0,64.0
-39.49,1625449482.0,64.0
-40.37,1625449482.0,64.0
-39.98,1625449482.0,64.0
-38.48,1625449482.0,64.0
-35.9,1625449482.0,64.0
-32.17,1625449482.0,64.0
-27.12,1625449482.0,64.0
-20.58,1625449482.0,64.0
-12.49,1625449482.0,64.0
-3.04,1625449482.0,64.0
7.24,1625449482.0,64.0
17.41,1625449482.0,64.0
26.31,1625449482.0,64.0
32.85,1625449482.0,64.0
36.26,1625449482.0,64.0
36.4,1625449482.0,64.0
33.73,1625449482.0,64.0
29.18,1625449482.0,64.0
23.83,1625449482.0,64.0
18.66,1625449482.0,64.0
14.37,1625449482.0,64.0
11.33,1625449482.0,64.0
9.64,1625449482.0,64.0
9.18,1625449482.0,64.0
9.67,1625449482.0,64.0
10.76,1625449482.0,64.0
12.08,1625449482.0,64.0
13.25,1625449482.0,64.0
13.96,1625449482.0,64.0
13.98,1625449482.0,64.0
13.12,1625449482.0,64.0
11.22,1625449482.0,64.0
8.14,1625449482.0,64.0
3.86,1625449482.0,64.0
-1.52,1625449482.0,64.0
-7.67,1625449482.0,64.0
-14.04,1625449482.0,64.0
-19.97,1625449482.0,64.0
-24.84,1625449482.0,64.0
-28.29,1625449482.0,64.0
-30.41,1625449482.0,64.0
-31.65,1625449482.0,64.0
-32.77,1625449482.0,64.0
-34.52,1625449482.0,64.0
-37.34,1625449482.0,64.0
-41.28,1625449482.0,64.0
-45.91,1625449482.0,64.0
-50.54,1625449482.0,64.0
-54.35,1625449482.0,64.0
-56.65,1625449482.0,64.0
-57.0,1625449482.0,64.0
-55.23,1625449482.0,64.0
-51.43,1625449482.0,64.0
-45.9,1625449482.0,64.0
-39.04,1625449482.0,64.0
-31.22,1625449482.0,64.0
-22.8,1625449482.0,64.0
-14.09,1625449482.0,64.0
-5.43,1625449482.0,64.0
2.7,1625449482.0,64.0
9.78,1625449482.0,64.0
15.31,1625449482.0,64.0
19.05,1625449482.0,64.0
21.17,1625449482.0,64.0
22.15,1625449482.0,64.0
22.67,1625449482.0,64.0
23.28,1625449482.0,64.0
24.24,1625449482.0,64.0
25.49,1625449482.0,64.0
26.75,1625449482.0,64.0
27.64,1625449482.0,64.0
27.84,1625449482.0,64.0
27.12,1625449482.0,64.0
25.37,1625449482.0,64.0
22.55,1625449482.0,64.0
18.77,1625449482.0,64.0
14.29,1625449482.0,64.0
9.47,1625449482.0,64.0
4.75,1625449482.0,64.0
0.55,1625449482.0,64.0
-2.81,1625449482.0,64.0
-5.13,1625449482.0,64.0
-6.39,1625449482.0,64.0
-6.73,1625449482.0,64.0
-6.49,1625449482.0,64.0
-6.18,1625449482.0,64.0
-6.39,1625449482.0,64.0
-7.64,1625449482.0,64.0
-10.24,1625449482.0,64.0
-14.22,1625449482.0,64.0
-19.31,1625449482.0,64.0
-25.08,1625449482.0,64.0
-31.01,1625449482.0,64.0
-36.54,1625449482.0,64.0
-41.14,1625449482.0,64.0
-44.29,1625449482.0,64.0
-45.5,1625449482.0,64.0
-44.49,1625449482.0,64.0
-41.23,1625449482.0,64.0
-36.05,1625449482.0,64.0
-29.6,1625449482.0,64.0
-22.65,1625449482.0,64.0
-15.91,1625449482.0,64.0
-9.82,1625449482.0,64.0
-4.49,1625449482.0,64.0
0.24,1625449482.0,64.0
4.61,1625449482.0,64.0
8.81,1625449482.0,64.0
12.88,1625449482.0,64.0
16.74,1625449482.0,64.0
20.24,1625449482.0,64.0
23.24,1625449482.0,64.0
25.62,1625449482.0,64.0
27.27,1625449482.0,64.0
28.09,1625449482.0,64.0
27.98,1625449482.0,64.0
26.95,1625449482.0,64.0
25.09,1625449482.0,64.0
22.6,1625449482.0,64.0
19.76,1625449482.0,64.0
16.83,1625449482.0,64.0
13.97,1625449482.0,64.0
11.26,1625449482.0,64.0
8.68,1625449482.0,64.0
6.15,1625449482.0,64.0
3.62,1625449482.0,64.0
1.1,1625449482.0,64.0
-1.3,1625449482.0,64.0
-3.42,1625449482.0,64.0
-5.12,1625449482.0,64.0
-6.34,1625449482.0,64.0
-7.17,1625449482.0,64.0
-7.85,1625449482.0,64.0
-8.67,1625449482.0,64.0
-9.84,1625449482.0,64.0
-11.44,1625449482.0,64.0
-13.33,1625449482.0,64.0
-15.28,1625449482.0,64.0
-17.0,1625449482.0,64.0
-18.21,1625449482.0,64.0
-18.69,1625449482.0,64.0
-18.25,1625449482.0,64.0
-16.72,1625449482.0,64.0
-14.04,1625449482.0,64.0
-10.35,1625449482.0,64.0
-5.97,1625449482.0,64.0
-1.4,1625449482.0,64.0
2.85,1625449482.0,64.0
6.49,1625449482.0,64.0
9.63,1625449482.0,64.0
12.65,1625449482.0,64.0
16.08,1625449482.0,64.0
20.21,1625449482.0,64.0
24.89,1625449482.0,64.0
29.6,1625449482.0,64.0
33.6,1625449482.0,64.0
36.35,1625449482.0,64.0
37.69,1625449482.0,64.0
37.87,1625449482.0,64.0
37.34,1625449482.0,64.0
36.46,1625449482.0,64.0
35.29,1625449482.0,64.0
33.59,1625449482.0,64.0
31.0,1625449482.0,64.0
27.34,1625449482.0,64.0
22.77,1625449482.0,64.0
17.79,1625449482.0,64.0
13.01,1625449482.0,64.0
8.95,1625449482.0,64.0
5.76,1625449482.0,64.0
3.32,1625449482.0,64.0
1.32,1625449482.0,64.0
-0.47,1625449482.0,64.0
-2.08,1625449482.0,64.0
-3.34,1625449482.0,64.0
-4.08,1625449482.0,64.0
-4.29,1625449482.0,64.0
-4.26,1625449482.0,64.0
-4.45,1625449482.0,64.0
-5.34,1625449482.0,64.0
-7.24,1625449482.0,64.0
-10.13,1625449482.0,64.0
-13.71,1625449482.0,64.0
-17.52,1625449482.0,64.0
-21.11,1625449482.0,64.0
-24.22,1625449482.0,64.0
-26.85,1625449482.0,64.0
-29.17,1625449482.0,64.0
-31.37,1625449482.0,64.0
-33.48,1625449482.0,64.0
-35.17,1625449482.0,64.0
-35.82,1625449482.0,64.0
-34.72,1625449482.0,64.0
-31.42,1625449482.0,64.0
-26.01,1625449482.0,64.0
-19.11,1625449482.0,64.0
-11.71,1625449482.0,64.0
-4.68,1625449482.0,64.0
1.52,1625449482.0,64.0
6.96,1625449482.0,64.0
12.04,1625449482.0,64.0
17.11,1625449482.0,64.0
22.22,1625449482.0,64.0
27.08,1625449482.0,64.0
31.29,1625449482.0,64.0
34.54,1625449482.0,64.0
36.76,1625449482.0,64.0
38.01,1625449482.0,64.0
38.34,1625449482.0,64.0
37.63,1625449482.0,64.0
35.74,1625449482.0,64.0
32.72,1625449482.0,64.0
28.97,1625449482.0,64.0
25.2,1625449482.0,64.0
22.1,1625449482.0,64.0
20.1,1625449482.0,64.0
19.08,1625449482.0,64.0
18.57,1625449482.0,64.0
17.97,1625449482.0,64.0
16.83,1625449482.0,64.0
15.0,1625449482.0,64.0
12.54,1625449482.0,64.0
9.58,1625449482.0,64.0
6.24,1625449482.0,64.0
2.67,1625449482.0,64.0
-0.93,1625449482.0,64.0
-4.23,1625449482.0,64.0
-6.87,1625449482.0,64.0
-8.6,1625449482.0,64.0
-9.34,1625449482.0,64.0
-9.29,1625449482.0,64.0
-8.78,1625449482.0,64.0
-8.21,1625449482.0,64.0
-7.99,1625449482.0,64.0
-8.49,1625449482.0,64.0
-10.11,1625449482.0,64.0
-13.18,1625449482.0,64.0
-17.8,1625449482.0,64.0
-23.68,1625449482.0,64.0
-30.0,1625449482.0,64.0
-35.53,1625449482.0,64.0
-38.93,1625449482.0,64.0
-39.21,1625449482.0,64.0
-36.04,1625449482.0,64.0
-29.88,1625449482.0,64.0
-21.76,1625449482.0,64.0
-12.91,1625449482.0,64.0
-4.32,1625449482.0,64.0
3.37,1625449482.0,64.0
9.91,1625449482.0,64.0
15.24,1625449482.0,64.0
19.31,1625449482.0,64.0
22.04,1625449482.0,64.0
23.33,1625449482.0,64.0
23.25,1625449482.0,64.0
22.1,1625449482.0,64.0
20.41,1625449482.0,64.0
18.74,1625449482.0,64.0
17.48,1625449482.0,64.0
16.7,1625449482.0,64.0
16.19,1625449482.0,64.0
15.63,1625449482.0,64.0
14.89,1625449482.0,64.0
14.21,1625449482.0,64.0
14.06,1625449482.0,64.0
14.9,1625449482.0,64.0
16.75,1625449482.0,64.0
19.11,1625449482.0,64.0
21.02,1625449482.0,64.0
21.54,1625449482.0,64.0
20.08,1625449482.0,64.0
16.65,1625449482.0,64.0
11.81,1625449482.0,64.0
6.43,1625449482.0,64.0
1.34,1625449482.0,64.0
-2.86,1625449482.0,64.0
-5.96,1625449482.0,64.0
-8.03,1625449482.0,64.0
-9.38,1625449482.0,64.0
-10.4,1625449482.0,64.0
-11.41,1625449482.0,64.0
-12.69,1625449482.0,64.0
-14.37,1625449482.0,64.0
-16.57,1625449482.0,64.0
-19.38,1625449482.0,64.0
-22.8,1625449482.0,64.0
-26.66,1625449482.0,64.0
-30.52,1625449482.0,64.0
-33.7,1625449482.0,64.0
-35.49,1625449482.0,64.0
-35.42,1625449482.0,64.0
-33.38,1625449482.0,64.0
-29.66,1625449482.0,64.0
-24.68,1625449482.0,64.0
-18.85,1625449482.0,64.0
-12.35,1625449482.0,64.0
-5.21,1625449482.0,64.0
2.53,1625449482.0,64.0
10.55,1625449482.0,64.0
18.23,1625449482.0,64.0
24.74,1625449482.0,64.0
29.3,1625449482.0,64.0
31.55,1625449482.0,64.0
31.69,1625449482.0,64.0
30.42,1625449482.0,64.0
28.69,1625449482.0,64.0
27.32,1625449482.0,64.0
26.75,1625449482.0,64.0
26.9,1625449482.0,64.0
27.22,1625449482.0,64.0
27.05,1625449482.0,64.0
25.78,1625449482.0,64.0
23.13,1625449482.0,64.0
19.2,1625449482.0,64.0
14.39,1625449482.0,64.0
9.24,1625449482.0,64.0
4.3,1625449482.0,64.0
-0.04,1625449482.0,64.0
-3.62,1625449482.0,64.0
-6.52,1625449482.0,64.0
-8.93,1625449482.0,64.0
-11.08,1625449482.0,64.0
-13.12,1625449482.0,64.0
-15.08,1625449482.0,64.0
-16.91,1625449482.0,64.0
-18.63,1625449482.0,64.0
-20.33,1625449482.0,64.0
-22.18,1625449482.0,64.0
-24.33,1625449482.0,64.0
-26.79,1625449482.0,64.0
-29.39,1625449482.0,64.0
-31.88,1625449482.0,64.0
-34.06,1625449482.0,64.0
-35.94,1625449482.0,64.0
-37.71,1625449482.0,64.0
-39.52,1625449482.0,64.0
-41.31,1625449482.0,64.0
-42.62,1625449482.0,64.0
-42.76,1625449482.0,64.0
-41.1,1625449482.0,64.0
-37.32,1625449482.0,64.0
-31.59,1625449482.0,64.0
-24.44,1625449482.0,64.0
-16.5,1625449482.0,64.0
-8.26,1625449482.0,64.0
-0.02,1625449482.0,64.0
7.98,1625449482.0,64.0
15.39,1625449482.0,64.0
21.74,1625449482.0,64.0
26.55,1625449482.0,64.0
29.51,1625449482.0,64.0
30.7,1625449482.0,64.0
30.54,1625449482.0,64.0
29.61,1625449482.0,64.0
28.43,1625449482.0,64.0
27.33,1625449482.0,64.0
26.38,1625449482.0,64.0
25.56,1625449482.0,64.0
24.8,1625449482.0,64.0
24.07,1625449482.0,64.0
23.33,1625449482.0,64.0
22.44,1625449482.0,64.0
21.22,1625449482.0,64.0
19.42,1625449482.0,64.0
16.88,1625449482.0,64.0
13.59,1625449482.0,64.0
9.73,1625449482.0,64.0
5.62,1625449482.0,64.0
1.63,1625449482.0,64.0
-1.95,1625449482.0,64.0
-5.02,1625449482.0,64.0
-7.65,1625449482.0,64.0
-10.04,1625449482.0,64.0
-12.36,1625449482.0,64.0
-14.66,1625449482.0,64.0
-16.89,1625449482.0,64.0
-19.0,1625449482.0,64.0
-21.01,1625449482.0,64.0
-23.08,1625449482.0,64.0
-25.39,1625449482.0,64.0
-28.03,1625449482.0,64.0
-30.93,1625449482.0,64.0
-33.87,1625449482.0,64.0
-36.57,1625449482.0,64.0
-38.8,1625449482.0,64.0
-40.33,1625449482.0,64.0
-40.92,1625449482.0,64.0
-40.26,1625449482.0,64.0
-38.11,1625449482.0,64.0
-34.41,1625449482.0,64.0
-29.42,1625449482.0,64.0
-23.67,1625449482.0,64.0
-17.71,1625449482.0,64.0
-11.88,1625449482.0,64.0
-6.2,1625449482.0,64.0
-0.46,1625449482.0,64.0
5.56,1625449482.0,64.0
11.75,1625449482.0,64.0
17.69,1625449482.0,64.0
22.76,1625449482.0,64.0
26.43,1625449482.0,64.0
28.52,1625449482.0,64.0
29.27,1625449482.0,64.0
29.2,1625449482.0,64.0
28.89,1625449482.0,64.0
28.76,1625449482.0,64.0
28.88,1625449482.0,64.0
29.05,1625449482.0,64.0
28.94,1625449482.0,64.0
28.24,1625449482.0,64.0
26.84,1625449482.0,64.0
24.84,1625449482.0,64.0
22.5,1625449482.0,64.0
20.09,1625449482.0,64.0
17.8,1625449482.0,64.0
15.64,1625449482.0,64.0
13.54,1625449482.0,64.0
11.43,1625449482.0,64.0
9.27,1625449482.0,64.0
7.15,1625449482.0,64.0
5.13,1625449482.0,64.0
3.27,1625449482.0,64.0
1.51,1625449482.0,64.0
-0.3,1625449482.0,64.0
-2.28,1625449482.0,64.0
-4.5,1625449482.0,64.0
-6.92,1625449482.0,64.0
-9.52,1625449482.0,64.0
-12.28,1625449482.0,64.0
-15.25,1625449482.0,64.0
-18.5,1625449482.0,64.0
-22.04,1625449482.0,64.0
-25.75,1625449482.0,64.0
-29.41,1625449482.0,64.0
-32.76,1625449482.0,64.0
-35.52,1625449482.0,64.0
-37.47,1625449482.0,64.0
-38.43,1625449482.0,64.0
-38.26,1625449482.0,64.0
-36.86,1625449482.0,64.0
-34.24,1625449482.0,64.0
-30.44,1625449482.0,64.0
-25.57,1625449482.0,64.0
-19.77,1625449482.0,64.0
-13.16,1625449482.0,64.0
-5.91,1625449482.0,64.0
1.75,1625449482.0,64.0
9.34,1625449482.0,64.0
16.24,1625449482.0,64.0
21.8,1625449482.0,64.0
25.53,1625449482.0,64.0
27.38,1625449482.0,64.0
27.71,1625449482.0,64.0
27.19,1625449482.0,64.0
26.54,1625449482.0,64.0
26.24,1625449482.0,64.0
26.44,1625449482.0,64.0
27.0,1625449482.0,64.0
27.64,1625449482.0,64.0
28.08,1625449482.0,64.0
28.07,1625449482.0,64.0
27.45,1625449482.0,64.0
26.07,1625449482.0,64.0
23.83,1625449482.0,64.0
20.76,1625449482.0,64.0
17.03,1625449482.0,64.0
13.04,1625449482.0,64.0
9.28,1625449482.0,64.0
6.24,1625449482.0,64.0
4.21,1625449482.0,64.0
3.23,1625449482.0,64.0
2.98,1625449482.0,64.0
2.93,1625449482.0,64.0
2.47,1625449482.0,64.0
1.16,1625449482.0,64.0
-1.1,1625449482.0,64.0
-4.1,1625449482.0,64.0
-7.39,1625449482.0,64.0
-10.57,1625449482.0,64.0
-13.47,1625449482.0,64.0
-16.2,1625449482.0,64.0
-19.01,1625449482.0,64.0
-22.13,1625449482.0,64.0
-25.66,1625449482.0,64.0
-29.48,1625449482.0,64.0
-33.4,1625449482.0,64.0
-37.16,1625449482.0,64.0
-40.46,1625449482.0,64.0
-42.96,1625449482.0,64.0
-44.29,1625449482.0,64.0
-44.1,1625449482.0,64.0
-42.22,1625449482.0,64.0
-38.72,1625449482.0,64.0
-33.9,1625449482.0,64.0
-28.13,1625449482.0,64.0
-21.77,1625449482.0,64.0
-15.03,1625449482.0,64.0
-7.99,1625449482.0,64.0
-0.78,1625449482.0,64.0
6.37,1625449482.0,64.0
13.09,1625449482.0,64.0
18.93,1625449482.0,64.0
23.55,1625449482.0,64.0
26.84,1625449482.0,64.0
28.92,1625449482.0,64.0
30.1,1625449482.0,64.0
30.72,1625449482.0,64.0
30.98,1625449482.0,64.0
30.96,1625449482.0,64.0
30.56,1625449482.0,64.0
29.69,1625449482.0,64.0
28.29,1625449482.0,64.0
26.43,1625449482.0,64.0
24.27,1625449482.0,64.0
21.96,1625449482.0,64.0
19.63,1625449482.0,64.0
17.31,1625449482.0,64.0
15.0,1625449482.0,64.0
12.71,1625449482.0,64.0
10.49,1625449482.0,64.0
8.42,1625449482.0,64.0
6.54,1625449482.0,64.0
4.81,1625449482.0,64.0
3.09,1625449482.0,64.0
1.19,1625449482.0,64.0
-1.01,1625449482.0,64.0
-3.57,1625449482.0,64.0
-6.42,1625449482.0,64.0
-9.41,1625449482.0,64.0
-12.39,1625449482.0,64.0
-15.23,1625449482.0,64.0
-17.86,1625449482.0,64.0
-20.2,1625449482.0,64.0
-22.21,1625449482.0,64.0
-23.9,1625449482.0,64.0
-25.34,1625449482.0,64.0
-26.68,1625449482.0,64.0
-28.12,1625449482.0,64.0
-29.76,1625449482.0,64.0
-31.49,1625449482.0,64.0
-32.98,1625449482.0,64.0
-33.74,1625449482.0,64.0
-33.34,1625449482.0,64.0
-31.48,1625449482.0,64.0
-28.14,1625449482.0,64.0
-23.53,1625449482.0,64.0
-17.97,1625449482.0,64.0
-11.78,1625449482.0,64.0
-5.24,1625449482.0,64.0
1.42,1625449482.0,64.0
7.97,1625449482.0,64.0
14.11,1625449482.0,64.0
19.49,1625449482.0,64.0
23.78,1625449482.0,64.0
26.75,1625449482.0,64.0
28.38,1625449482.0,64.0
28.91,1625449482.0,64.0
28.79,1625449482.0,64.0
28.47,1625449482.0,64.0
28.31,1625449482.0,64.0
28.44,1625449482.0,64.0
28.73,1625449482.0,64.0
28.94,1625449482.0,64.0
28.81,1625449482.0,64.0
28.22,1625449482.0,64.0
27.16,1625449482.0,64.0
25.66,1625449482.0,64.0
23.77,1625449482.0,64.0
21.48,1625449482.0,64.0
18.81,1625449482.0,64.0
15.86,1625449482.0,64.0
12.84,1625449482.0,64.0
10.03,1625449482.0,64.0
7.67,1625449482.0,64.0
5.84,1625449482.0,64.0
4.43,1625449482.0,64.0
3.19,1625449482.0,64.0
1.84,1625449482.0,64.0
0.16,1625449482.0,64.0
-1.93,1625449482.0,64.0
-4.41,1625449482.0,64.0
-7.15,1625449482.0,64.0
-9.98,1625449482.0,64.0
-12.72,1625449482.0,64.0
-15.26,1625449482.0,64.0
-17.54,1625449482.0,64.0
-19.63,1625449482.0,64.0
-21.69,1625449482.0,64.0
-23.89,1625449482.0,64.0
-26.29,1625449482.0,64.0
-28.69,1625449482.0,64.0
-30.61,1625449482.0,64.0
-31.37,1625449482.0,64.0
-30.34,1625449482.0,64.0
-27.2,1625449482.0,64.0
-22.11,1625449482.0,64.0
-15.61,1625449482.0,64.0
-8.43,1625449482.0,64.0
-1.14,1625449482.0,64.0
5.91,1625449482.0,64.0
12.6,1625449482.0,64.0
18.8,1625449482.0,64.0
24.26,1625449482.0,64.0
28.57,1625449482.0,64.0
31.36,1625449482.0,64.0
32.46,1625449482.0,64.0
32.1,1625449482.0,64.0
30.79,1625449482.0,64.0
29.18,1625449482.0,64.0
27.73,1625449482.0,64.0
26.63,1625449482.0,64.0
25.77,1625449482.0,64.0
24.88,1625449482.0,64.0
23.72,1625449482.0,64.0
22.12,1625449482.0,64.0
20.04,1625449482.0,64.0
17.48,1625449482.0,64.0
14.47,1625449482.0,64.0
11.04,1625449482.0,64.0
7.29,1625449482.0,64.0
3.33,1625449482.0,64.0
-0.67,1625449482.0,64.0
-4.57,1625449482.0,64.0
-8.27,1625449482.0,64.0
-11.79,1625449482.0,64.0
-15.13,1625449482.0,64.0
-18.29,1625449482.0,64.0
-21.21,1625449482.0,64.0
-23.71,1625449482.0,64.0
-25.61,1625449482.0,64.0
-26.75,1625449482.0,64.0
-27.02,1625449482.0,64.0
-26.4,1625449482.0,64.0
-25.02,1625449482.0,64.0
-23.19,1625449482.0,64.0
-21.4,1625449482.0,64.0
-20.22,1625449482.0,64.0
-20.12,1625449482.0,64.0
-21.21,1625449482.0,64.0
-23.12,1625449482.0,64.0
-25.11,1625449482.0,64.0
-26.26,1625449482.0,64.0
-25.93,1625449482.0,64.0
-23.91,1625449482.0,64.0
-20.41,1625449482.0,64.0
-15.89,1625449482.0,64.0
-10.77,1625449482.0,64.0
-5.25,1625449482.0,64.0
0.58,1625449482.0,64.0
6.64,1625449482.0,64.0
12.67,1625449482.0,64.0
18.23,1625449482.0,64.0
22.81,1625449482.0,64.0
26.1,1625449482.0,64.0
28.08,1625449482.0,64.0
29.04,1625449482.0,64.0
29.4,1625449482.0,64.0
29.54,1625449482.0,64.0
29.65,1625449482.0,64.0
29.67,1625449482.0,64.0
29.39,1625449482.0,64.0
28.57,1625449482.0,64.0
27.09,1625449482.0,64.0
24.92,1625449482.0,64.0
22.21,1625449482.0,64.0
19.19,1625449482.0,64.0
16.12,1625449482.0,64.0
13.16,1625449482.0,64.0
10.41,1625449482.0,64.0
7.86,1625449482.0,64.0
5.46,1625449482.0,64.0
3.19,1625449482.0,64.0
1.04,1625449482.0,64.0
-0.97,1625449482.0,64.0
-2.87,1625449482.0,64.0
-4.75,1625449482.0,64.0
-6.76,1625449482.0,64.0
-9.01,1625449482.0,64.0
-11.54,1625449482.0,64.0
-14.26,1625449482.0,64.0
-16.96,1625449482.0,64.0
-19.53,1625449482.0,64.0
-21.94,1625449482.0,64.0
-24.36,1625449482.0,64.0
-26.99,1625449482.0,64.0
-29.96,1625449482.0,64.0
-33.17,1625449482.0,64.0
-36.2,1625449482.0,64.0
-38.44,1625449482.0,64.0
-39.22,1625449482.0,64.0
-38.08,1625449482.0,64.0
-34.87,1625449482.0,64.0
-29.86,1625449482.0,64.0
-23.54,1625449482.0,64.0
-16.49,1625449482.0,64.0
-9.16,1625449482.0,64.0
-1.82,1625449482.0,64.0
5.39,1625449482.0,64.0
12.32,1625449482.0,64.0
18.74,1625449482.0,64.0
24.26,1625449482.0,64.0
28.47,1625449482.0,64.0
31.12,1625449482.0,64.0
32.25,1625449482.0,64.0
32.19,1625449482.0,64.0
31.43,1625449482.0,64.0
30.47,1625449482.0,64.0
29.57,1625449482.0,64.0
28.72,1625449482.0,64.0
27.72,1625449482.0,64.0
26.32,1625449482.0,64.0
24.39,1625449482.0,64.0
21.98,1625449482.0,64.0
19.23,1625449482.0,64.0
16.39,1625449482.0,64.0
13.64,1625449482.0,64.0
11.12,1625449482.0,64.0
8.89,1625449482.0,64.0
6.96,1625449482.0,64.0
5.31,1625449482.0,64.0
3.86,1625449482.0,64.0
2.58,1625449482.0,64.0
1.41,1625449482.0,64.0
0.37,1625449482.0,64.0
-0.57,1625449482.0,64.0
-1.5,1625449482.0,64.0
-2.58,1625449482.0,64.0
-4.04,1625449482.0,64.0
-6.05,1625449482.0,64.0
-8.64,1625449482.0,64.0
-11.68,1625449482.0,64.0
-14.96,1625449482.0,64.0
-18.26,1625449482.0,64.0
-21.51,1625449482.0,64.0
-24.68,1625449482.0,64.0
-27.72,1625449482.0,64.0
-30.47,1625449482.0,64.0
-32.54,1625449482.0,64.0
-33.51,1625449482.0,64.0
-33.02,1625449482.0,64.0
-30.94,1625449482.0,64.0
-27.41,1625449482.0,64.0
-22.82,1625449482.0,64.0
-17.62,1625449482.0,64.0
-12.2,1625449482.0,64.0
-6.82,1625449482.0,64.0
-1.6,1625449482.0,64.0
3.39,1625449482.0,64.0
8.03,1625449482.0,64.0
12.15,1625449482.0,64.0
15.53,1625449482.0,64.0
18.02,1625449482.0,64.0
19.69,1625449482.0,64.0
20.77,1625449482.0,64.0
21.64,1625449482.0,64.0
22.6,1625449482.0,64.0
23.75,1625449482.0,64.0
24.92,1625449482.0,64.0
25.77,1625449482.0,64.0
25.94,1625449482.0,64.0
25.25,1625449482.0,64.0
23.76,1625449482.0,64.0
21.67,1625449482.0,64.0
19.26,1625449482.0,64.0
16.72,1625449482.0,64.0
14.11,1625449482.0,64.0
11.46,1625449482.0,64.0
8.81,1625449482.0,64.0
6.22,1625449482.0,64.0
3.85,1625449482.0,64.0
1.79,1625449482.0,64.0
0.08,1625449482.0,64.0
-1.34,1625449482.0,64.0
-2.61,1625449482.0,64.0
-3.87,1625449482.0,64.0
-5.23,1625449482.0,64.0
-6.77,1625449482.0,64.0
-8.56,1625449482.0,64.0
-10.62,1625449482.0,64.0
-12.93,1625449482.0,64.0
-15.48,1625449482.0,64.0
-18.28,1625449482.0,64.0
-21.37,1625449482.0,64.0
-24.89,1625449482.0,64.0
-28.91,1625449482.0,64.0
-33.37,1625449482.0,64.0
-37.89,1625449482.0,64.0
-41.81,1625449482.0,64.0
-44.31,1625449482.0,64.0
-44.63,1625449482.0,64.0
-42.34,1625449482.0,64.0
-37.52,1625449482.0,64.0
-30.69,1625449482.0,64.0
-22.67,1625449482.0,64.0
-14.25,1625449482.0,64.0
-6.06,1625449482.0,64.0
1.61,1625449482.0,64.0
8.61,1625449482.0,64.0
14.84,1625449482.0,64.0
20.1,1625449482.0,64.0
24.13,1625449482.0,64.0
26.71,1625449482.0,64.0
27.86,1625449482.0,64.0
27.91,1625449482.0,64.0
27.42,1625449482.0,64.0
26.94,1625449482.0,64.0
26.8,1625449482.0,64.0
26.99,1625449482.0,64.0
27.23,1625449482.0,64.0
27.14,1625449482.0,64.0
26.46,1625449482.0,64.0
25.17,1625449482.0,64.0
23.48,1625449482.0,64.0
21.66,1625449482.0,64.0
19.91,1625449482.0,64.0
18.31,1625449482.0,64.0
16.76,1625449482.0,64.0
15.08,1625449482.0,64.0
13.12,1625449482.0,64.0
10.81,1625449482.0,64.0
8.17,1625449482.0,64.0
5.27,1625449482.0,64.0
2.18,1625449482.0,64.0
-1.09,1625449482.0,64.0
-4.59,1625449482.0,64.0
-8.31,1625449482.0,64.0
-12.17,1625449482.0,64.0
-15.99,1625449482.0,64.0
-19.52,1625449482.0,64.0
-22.57,1625449482.0,64.0
-25.11,1625449482.0,64.0
-27.31,1625449482.0,64.0
-29.44,1625449482.0,64.0
-31.76,1625449482.0,64.0
-34.35,1625449482.0,64.0
-37.04,1625449482.0,64.0
-39.39,1625449482.0,64.0
-40.8,1625449482.0,64.0
-40.71,1625449482.0,64.0
-38.75,1625449482.0,64.0
-34.92,1625449482.0,64.0
-29.52,1625449482.0,64.0
-23.05,1625449482.0,64.0
-16.04,1625449482.0,64.0
-8.83,1625449482.0,64.0
-1.57,1625449482.0,64.0
5.67,1625449482.0,64.0
12.84,1625449482.0,64.0
19.73,1625449482.0,64.0
26.05,1625449482.0,64.0
31.47,1625449482.0,64.0
35.71,1625449482.0,64.0
38.67,1625449482.0,64.0
40.4,1625449482.0,64.0
41.07,1625449482.0,64.0
40.94,1625449482.0,64.0
40.25,1625449482.0,64.0
39.16,1625449482.0,64.0
37.72,1625449482.0,64.0
35.79,1625449482.0,64.0
33.21,1625449482.0,64.0
29.86,1625449482.0,64.0
25.79,1625449482.0,64.0
21.27,1625449482.0,64.0
16.69,1625449482.0,64.0
12.43,1625449482.0,64.0
8.7,1625449482.0,64.0
5.5,1625449482.0,64.0
2.7,1625449482.0,64.0
0.13,1625449482.0,64.0
-2.37,1625449482.0,64.0
-4.81,1625449482.0,64.0
-7.17,1625449482.0,64.0
-9.36,1625449482.0,64.0
-11.34,1625449482.0,64.0
-13.08,1625449482.0,64.0
-14.57,1625449482.0,64.0
-15.85,1625449482.0,64.0
-17.01,1625449482.0,64.0
-18.16,1625449482.0,64.0
-19.43,1625449482.0,64.0
-20.99,1625449482.0,64.0
-22.97,1625449482.0,64.0
-25.37,1625449482.0,64.0
-28.08,1625449482.0,64.0
-30.79,1625449482.0,64.0
-33.06,1625449482.0,64.0
-34.38,1625449482.0,64.0
-34.3,1625449482.0,64.0
-32.53,1625449482.0,64.0
-29.01,1625449482.0,64.0
-23.92,1625449482.0,64.0
-17.58,1625449482.0,64.0
-10.38,1625449482.0,64.0
-2.73,1625449482.0,64.0
5.02,1625449482.0,64.0
12.49,1625449482.0,64.0
19.35,1625449482.0,64.0
25.22,1625449482.0,64.0
29.81,1625449482.0,64.0
32.95,1625449482.0,64.0
34.61,1625449482.0,64.0
34.96,1625449482.0,64.0
34.31,1625449482.0,64.0
33.01,1625449482.0,64.0
31.39,1625449482.0,64.0
29.63,1625449482.0,64.0
27.77,1625449482.0,64.0
25.7,1625449482.0,64.0
23.24,1625449482.0,64.0
20.3,1625449482.0,64.0
16.92,1625449482.0,64.0
13.34,1625449482.0,64.0
9.92,1625449482.0,64.0
6.98,1625449482.0,64.0
4.72,1625449482.0,64.0
3.13,1625449482.0,64.0
2.02,1625449482.0,64.0
1.18,1625449482.0,64.0
0.39,1625449482.0,64.0
-0.55,1625449482.0,64.0
-1.82,1625449482.0,64.0
-3.6,1625449482.0,64.0
-5.99,1625449482.0,64.0
-9.0,1625449482.0,64.0
-12.46,1625449482.0,64.0
-16.11,1625449482.0,64.0
-19.67,1625449482.0,64.0
-22.96,1625449482.0,64.0
-25.96,1625449482.0,64.0
-28.77,1625449482.0,64.0
-31.51,1625449482.0,64.0
-34.16,1625449482.0,64.0
-36.55,1625449482.0,64.0
-38.31,1625449482.0,64.0
-39.02,1625449482.0,64.0
-38.31,1625449482.0,64.0
-35.94,1625449482.0,64.0
-31.89,1625449482.0,64.0
-26.36,1625449482.0,64.0
-19.66,1625449482.0,64.0
-12.2,1625449482.0,64.0
-4.35,1625449482.0,64.0
3.52,1625449482.0,64.0
11.0,1625449482.0,64.0
17.67,1625449482.0,64.0
23.04,1625449482.0,64.0
26.72,1625449482.0,64.0
28.51,1625449482.0,64.0
28.53,1625449482.0,64.0
27.18,1625449482.0,64.0
25.11,1625449482.0,64.0
22.98,1625449482.0,64.0
21.28,1625449482.0,64.0
20.17,1625449482.0,64.0
19.52,1625449482.0,64.0
19.01,1625449482.0,64.0
18.27,1625449482.0,64.0
17.12,1625449482.0,64.0
15.53,1625449482.0,64.0
13.61,1625449482.0,64.0
11.5,1625449482.0,64.0
9.3,1625449482.0,64.0
7.14,1625449482.0,64.0
5.16,1625449482.0,64.0
3.58,1625449482.0,64.0
2.56,1625449482.0,64.0
2.1,1625449482.0,64.0
1.96,1625449482.0,64.0
1.72,1625449482.0,64.0
0.93,1625449482.0,64.0
-0.6,1625449482.0,64.0
-2.78,1625449482.0,64.0
-5.3,1625449482.0,64.0
-7.86,1625449482.0,64.0
-10.28,1625449482.0,64.0
-12.61,1625449482.0,64.0
-14.99,1625449482.0,64.0
-17.55,1625449482.0,64.0
-20.34,1625449482.0,64.0
-23.36,1625449482.0,64.0
-26.48,1625449482.0,64.0
-29.52,1625449482.0,64.0
-32.1,1625449482.0,64.0
-33.72,1625449482.0,64.0
-33.85,1625449482.0,64.0
-32.16,1625449482.0,64.0
-28.68,1625449482.0,64.0
-23.84,1625449482.0,64.0
-18.32,1625449482.0,64.0
-12.7,1625449482.0,64.0
-7.37,1625449482.0,64.0
-2.41,1625449482.0,64.0
2.21,1625449482.0,64.0
6.46,1625449482.0,64.0
10.15,1625449482.0,64.0
13.02,1625449482.0,64.0
14.86,1625449482.0,64.0
15.76,1625449482.0,64.0
16.05,1625449482.0,64.0
16.25,1625449482.0,64.0
16.83,1625449482.0,64.0
18.04,1625449482.0,64.0
19.78,1625449482.0,64.0
21.68,1625449482.0,64.0
23.23,1625449482.0,64.0
23.99,1625449482.0,64.0
23.75,1625449482.0,64.0
22.62,1625449482.0,64.0
20.91,1625449482.0,64.0
18.94,1625449482.0,64.0
16.94,1625449482.0,64.0
14.93,1625449482.0,64.0
12.71,1625449482.0,64.0
10.11,1625449482.0,64.0
7.03,1625449482.0,64.0
3.61,1625449482.0,64.0
0.17,1625449482.0,64.0
-2.99,1625449482.0,64.0
-5.67,1625449482.0,64.0
-7.93,1625449482.0,64.0
-10.01,1625449482.0,64.0
-12.19,1625449482.0,64.0
-14.64,1625449482.0,64.0
-17.35,1625449482.0,64.0
-20.21,1625449482.0,64.0
-23.04,1625449482.0,64.0
-25.75,1625449482.0,64.0
-28.35,1625449482.0,64.0
-30.94,1625449482.0,64.0
-33.59,1625449482.0,64.0
-36.17,1625449482.0,64.0
-38.38,1625449482.0,64.0
-39.73,1625449482.0,64.0
-39.75,1625449482.0,64.0
-38.07,1625449482.0,64.0
-34.63,1625449482.0,64.0
-29.63,1625449482.0,64.0
-23.46,1625449482.0,64.0
-16.57,1625449482.0,64.0
-9.34,1625449482.0,64.0
-2.03,1625449482.0,64.0
5.14,1625449482.0,64.0
11.95,1625449482.0,64.0
18.09,1625449482.0,64.0
23.24,1625449482.0,64.0
27.16,1625449482.0,64.0
29.78,1625449482.0,64.0
31.24,1625449482.0,64.0
31.82,1625449482.0,64.0
31.81,1625449482.0,64.0
31.47,1625449482.0,64.0
30.93,1625449482.0,64.0
30.24,1625449482.0,64.0
29.35,1625449482.0,64.0
28.2,1625449482.0,64.0
26.7,1625449482.0,64.0
24.78,1625449482.0,64.0
22.43,1625449482.0,64.0
19.72,1625449482.0,64.0
16.79,1625449482.0,64.0
13.83,1625449482.0,64.0
11.04,1625449482.0,64.0
8.51,1625449482.0,64.0
6.21,1625449482.0,64.0
4.03,1625449482.0,64.0
1.81,1625449482.0,64.0
-0.55,1625449482.0,64.0
-3.05,1625449482.0,64.0
-5.63,1625449482.0,64.0
-8.17,1625449482.0,64.0
-10.64,1625449482.0,64.0
-13.05,1625449482.0,64.0
-15.49,1625449482.0,64.0
-18.01,1625449482.0,64.0
-20.62,1625449482.0,64.0
-23.28,1625449482.0,64.0
-25.9,1625449482.0,64.0
-28.47,1625449482.0,64.0
-31.01,1625449482.0,64.0
-33.53,1625449482.0,64.0
-35.91,1625449482.0,64.0
-37.81,1625449482.0,64.0
-38.75,1625449482.0,64.0
-38.17,1625449482.0,64.0
-35.7,1625449482.0,64.0
-31.27,1625449482.0,64.0
-25.17,1625449482.0,64.0
-17.9,1625449482.0,64.0
-10.03,1625449482.0,64.0
-2.03,1625449482.0,64.0
5.75,1625449482.0,64.0
13.02,1625449482.0,64.0
19.45,1625449482.0,64.0
24.66,1625449482.0,64.0
28.36,1625449482.0,64.0
30.45,1625449482.0,64.0
31.23,1625449482.0,64.0
31.28,1625449482.0,64.0
31.31,1625449482.0,64.0
31.83,1625449482.0,64.0
32.97,1625449482.0,64.0
34.45,1625449482.0,64.0
35.75,1625449482.0,64.0
36.41,1625449482.0,64.0
36.26,1625449482.0,64.0
35.4,1625449482.0,64.0
34.11,1625449482.0,64.0
32.64,1625449482.0,64.0
31.08,1625449482.0,64.0
29.32,1625449482.0,64.0
27.22,1625449482.0,64.0
24.64,1625449482.0,64.0
21.58,1625449482.0,64.0
18.16,1625449482.0,64.0
14.51,1625449482.0,64.0
10.74,1625449482.0,64.0
6.94,1625449482.0,64.0
3.14,1625449482.0,64.0
-0.59,1625449482.0,64.0
-4.21,1625449482.0,64.0
-7.69,1625449482.0,64.0
-11.07,1625449482.0,64.0
-14.44,1625449482.0,64.0
-17.9,1625449482.0,64.0
-21.55,1625449482.0,64.0
-25.42,1625449482.0,64.0
-29.5,1625449482.0,64.0
-33.75,1625449482.0,64.0
-38.01,1625449482.0,64.0
-42.04,1625449482.0,64.0
-45.39,1625449482.0,64.0
-47.48,1625449482.0,64.0
-47.74,1625449482.0,64.0
-45.74,1625449482.0,64.0
-41.39,1625449482.0,64.0
-34.95,1625449482.0,64.0
-26.98,1625449482.0,64.0
-18.09,1625449482.0,64.0
-8.9,1625449482.0,64.0
0.15,1625449482.0,64.0
8.67,1625449482.0,64.0
16.26,1625449482.0,64.0
22.51,1625449482.0,64.0
27.05,1625449482.0,64.0
29.72,1625449482.0,64.0
30.63,1625449482.0,64.0
30.24,1625449482.0,64.0
29.16,1625449482.0,64.0
27.97,1625449482.0,64.0
27.1,1625449482.0,64.0
26.65,1625449482.0,64.0
26.5,1625449482.0,64.0
26.38,1625449482.0,64.0
26.02,1625449482.0,64.0
25.24,1625449482.0,64.0
23.95,1625449482.0,64.0
22.18,1625449482.0,64.0
20.01,1625449482.0,64.0
17.58,1625449482.0,64.0
15.02,1625449482.0,64.0
12.43,1625449482.0,64.0
9.85,1625449482.0,64.0
7.29,1625449482.0,64.0
4.68,1625449482.0,64.0
1.96,1625449482.0,64.0
-0.92,1625449482.0,64.0
-3.97,1625449482.0,64.0
-7.17,1625449482.0,64.0
-10.46,1625449482.0,64.0
-13.74,1625449482.0,64.0
-16.93,1625449482.0,64.0
-19.95,1625449482.0,64.0
-22.76,1625449482.0,64.0
-25.42,1625449482.0,64.0
-27.96,1625449482.0,64.0
-30.45,1625449482.0,64.0
-32.92,1625449482.0,64.0
-35.36,1625449482.0,64.0
-37.64,1625449482.0,64.0
-39.5,1625449482.0,64.0
-40.6,1625449482.0,64.0
-40.53,1625449482.0,64.0
-38.99,1625449482.0,64.0
-35.85,1625449482.0,64.0
-31.27,1625449482.0,64.0
-25.59,1625449482.0,64.0
-19.17,1625449482.0,64.0
-12.27,1625449482.0,64.0
-5.03,1625449482.0,64.0
2.49,1625449482.0,64.0
10.11,1625449482.0,64.0
17.44,1625449482.0,64.0
23.92,1625449482.0,64.0
28.99,1625449482.0,64.0
32.32,1625449482.0,64.0
33.94,1625449482.0,64.0
34.26,1625449482.0,64.0
33.85,1625449482.0,64.0
33.23,1625449482.0,64.0
32.72,1625449482.0,64.0
32.36,1625449482.0,64.0
31.97,1625449482.0,64.0
31.33,1625449482.0,64.0
30.24,1625449482.0,64.0
28.64,1625449482.0,64.0
26.56,1625449482.0,64.0
24.16,1625449482.0,64.0
21.57,1625449482.0,64.0
18.91,1625449482.0,64.0
16.21,1625449482.0,64.0
13.41,1625449482.0,64.0
10.45,1625449482.0,64.0
7.3,1625449482.0,64.0
4.04,1625449482.0,64.0
0.85,1625449482.0,64.0
-2.06,1625449482.0,64.0
-4.58,1625449482.0,64.0
-6.76,1625449482.0,64.0
-8.83,1625449482.0,64.0
-11.1,1625449482.0,64.0
-13.82,1625449482.0,64.0
-17.04,1625449482.0,64.0
-20.65,1625449482.0,64.0
-24.39,1625449482.0,64.0
-28.04,1625449482.0,64.0
-31.47,1625449482.0,64.0
-34.68,1625449482.0,64.0
-37.68,1625449482.0,64.0
-40.37,1625449482.0,64.0
-42.46,1625449482.0,64.0
-43.53,1625449482.0,64.0
-43.12,1625449482.0,64.0
-40.97,1625449482.0,64.0
-37.05,1625449482.0,64.0
-31.61,1625449482.0,64.0
-25.06,1625449482.0,64.0
-17.83,1625449482.0,64.0
-10.3,1625449482.0,64.0
-2.69,1625449482.0,64.0
4.78,1625449482.0,64.0
11.89,1625449482.0,64.0
18.29,1625449482.0,64.0
23.59,1625449482.0,64.0
27.44,1625449482.0,64.0
29.69,1625449482.0,64.0
30.45,1625449482.0,64.0
30.09,1625449482.0,64.0
29.12,1625449482.0,64.0
28.02,1625449482.0,64.0
27.04,1625449482.0,64.0
26.2,1625449482.0,64.0
25.36,1625449482.0,64.0
24.33,1625449482.0,64.0
23.03,1625449482.0,64.0
21.52,1625449482.0,64.0
19.91,1625449482.0,64.0
18.33,1625449482.0,64.0
16.8,1625449482.0,64.0
15.23,1625449482.0,64.0
13.49,1625449482.0,64.0
11.54,1625449482.0,64.0
9.4,1625449482.0,64.0
7.22,1625449482.0,64.0
5.14,1625449482.0,64.0
3.24,1625449482.0,64.0
1.45,1625449482.0,64.0
-0.4,1625449482.0,64.0
-2.54,1625449482.0,64.0
-5.11,1625449482.0,64.0
-8.1,1625449482.0,64.0
-11.39,1625449482.0,64.0
-14.77,1625449482.0,64.0
-18.08,1625449482.0,64.0
-21.27,1625449482.0,64.0
-24.38,1625449482.0,64.0
-27.47,1625449482.0,64.0
-30.54,1625449482.0,64.0
-33.55,1625449482.0,64.0
-36.4,1625449482.0,64.0
-38.99,1625449482.0,64.0
-41.16,1625449482.0,64.0
-42.64,1625449482.0,64.0
-43.04,1625449482.0,64.0
-41.92,1625449482.0,64.0
-38.94,1625449482.0,64.0
-34.07,1625449482.0,64.0
-27.69,1625449482.0,64.0
-20.43,1625449482.0,64.0
-12.96,1625449482.0,64.0
-5.73,1625449482.0,64.0
1.13,1625449482.0,64.0
7.63,1625449482.0,64.0
13.79,1625449482.0,64.0
19.35,1625449482.0,64.0
23.89,1625449482.0,64.0
26.97,1625449482.0,64.0
28.43,1625449482.0,64.0
28.5,1625449482.0,64.0
27.75,1625449482.0,64.0
26.82,1625449482.0,64.0
26.18,1625449482.0,64.0
25.96,1625449482.0,64.0
25.99,1625449482.0,64.0
25.93,1625449482.0,64.0
25.51,1625449482.0,64.0
24.6,1625449482.0,64.0
23.32,1625449482.0,64.0
21.88,1625449482.0,64.0
20.46,1625449482.0,64.0
19.1,1625449482.0,64.0
17.64,1625449482.0,64.0
15.84,1625449482.0,64.0
13.54,1625449482.0,64.0
10.74,1625449482.0,64.0
7.71,1625449482.0,64.0
4.8,1625449482.0,64.0
2.28,1625449482.0,64.0
0.18,1625449482.0,64.0
-1.69,1625449482.0,64.0
-3.64,1625449482.0,64.0
-5.86,1625449482.0,64.0
-8.32,1625449482.0,64.0
-10.78,1625449482.0,64.0
-12.98,1625449482.0,64.0
-14.73,1625449482.0,64.0
-16.15,1625449482.0,64.0
-17.54,1625449482.0,64.0
-19.27,1625449482.0,64.0
-21.63,1625449482.0,64.0
-24.74,1625449482.0,64.0
-28.43,1625449482.0,64.0
-32.32,1625449482.0,64.0
-35.88,1625449482.0,64.0
-38.44,1625449482.0,64.0
-39.41,1625449482.0,64.0
-38.34,1625449482.0,64.0
-35.12,1625449482.0,64.0
-29.98,1625449482.0,64.0
-23.44,1625449482.0,64.0
-16.12,1625449482.0,64.0
-8.54,1625449482.0,64.0
-1.09,1625449482.0,64.0
5.98,1625449482.0,64.0
12.4,1625449482.0,64.0
17.82,1625449482.0,64.0
21.86,1625449482.0,64.0
24.27,1625449482.0,64.0
25.16,1625449482.0,64.0
25.0,1625449482.0,64.0
24.5,1625449482.0,64.0
24.31,1625449482.0,64.0
24.76,1625449482.0,64.0
25.75,1625449482.0,64.0
26.91,1625449482.0,64.0
27.85,1625449482.0,64.0
28.41,1625449482.0,64.0
28.72,1625449482.0,64.0
29.04,1625449482.0,64.0
29.56,1625449482.0,64.0
30.22,1625449482.0,64.0
30.77,1625449482.0,64.0
30.86,1625449482.0,64.0
30.26,1625449482.0,64.0
28.97,1625449482.0,64.0
27.11,1625449482.0,64.0
24.79,1625449482.0,64.0
22.02,1625449482.0,64.0
18.72,1625449482.0,64.0
14.84,1625449482.0,64.0
10.5,1625449482.0,64.0
6.03,1625449482.0,64.0
1.86,1625449482.0,64.0
-1.71,1625449482.0,64.0
-4.64,1625449482.0,64.0
-7.24,1625449482.0,64.0
-10.04,1625449482.0,64.0
-13.58,1625449482.0,64.0
-18.22,1625449482.0,64.0
-23.97,1625449482.0,64.0
-30.52,1625449482.0,64.0
-37.35,1625449482.0,64.0
-43.82,1625449482.0,64.0
-49.3,1625449482.0,64.0
-53.22,1625449482.0,64.0
-55.07,1625449482.0,64.0
-54.48,1625449482.0,64.0
-51.29,1625449482.0,64.0
-45.61,1625449482.0,64.0
-37.88,1625449482.0,64.0
-28.79,1625449482.0,64.0
-19.13,1625449482.0,64.0
-9.64,1625449482.0,64.0
-0.89,1625449482.0,64.0
6.76,1625449482.0,64.0
13.09,1625449482.0,64.0
18.0,1625449482.0,64.0
21.52,1625449482.0,64.0
23.78,1625449482.0,64.0
25.08,1625449482.0,64.0
25.82,1625449482.0,64.0
26.38,1625449482.0,64.0
27.05,1625449482.0,64.0
27.94,1625449482.0,64.0
28.95,1625449482.0,64.0
29.85,1625449482.0,64.0
30.39,1625449482.0,64.0
30.3,1625449482.0,64.0
29.42,1625449482.0,64.0
27.71,1625449482.0,64.0
25.22,1625449482.0,64.0
22.12,1625449482.0,64.0
18.64,1625449482.0,64.0
15.05,1625449482.0,64.0
11.6,1625449482.0,64.0
8.46,1625449482.0,64.0
5.7,1625449482.0,64.0
3.26,1625449482.0,64.0
1.01,1625449482.0,64.0
-1.25,1625449482.0,64.0
-3.69,1625449482.0,64.0
-6.38,1625449482.0,64.0
-9.28,1625449482.0,64.0
-12.26,1625449482.0,64.0
-15.21,1625449482.0,64.0
-18.1,1625449482.0,64.0
-21.01,1625449482.0,64.0
-24.02,1625449482.0,64.0
-27.2,1625449482.0,64.0
-30.5,1625449482.0,64.0
-33.75,1625449482.0,64.0
-36.74,1625449482.0,64.0
-39.26,1625449482.0,64.0
-41.07,1625449482.0,64.0
-41.91,1625449482.0,64.0
-41.47,1625449482.0,64.0
-39.47,1625449482.0,64.0
-35.77,1625449482.0,64.0
-30.46,1625449482.0,64.0
-23.88,1625449482.0,64.0
-16.56,1625449482.0,64.0
-8.98,1625449482.0,64.0
-1.5,1625449482.0,64.0
5.73,1625449482.0,64.0
12.59,1625449482.0,64.0
18.9,1625449482.0,64.0
24.29,1625449482.0,64.0
28.35,1625449482.0,64.0
30.8,1625449482.0,64.0
31.72,1625449482.0,64.0
31.52,1625449482.0,64.0
30.85,1625449482.0,64.0
30.29,1625449482.0,64.0
30.11,1625449482.0,64.0
30.22,1625449482.0,64.0
30.27,1625449482.0,64.0
29.84,1625449482.0,64.0
28.66,1625449482.0,64.0
26.69,1625449482.0,64.0
24.04,1625449482.0,64.0
20.9,1625449482.0,64.0
17.43,1625449482.0,64.0
13.73,1625449482.0,64.0
9.9,1625449482.0,64.0
6.09,1625449482.0,64.0
2.51,1625449482.0,64.0
-0.66,1625449482.0,64.0
-3.32,1625449482.0,64.0
-5.63,1625449482.0,64.0
-7.88,1625449482.0,64.0
-10.47,1625449482.0,64.0
-13.64,1625449482.0,64.0
-17.39,1625449482.0,64.0
-21.42,1625449482.0,64.0
-25.25,1625449482.0,64.0
-28.5,1625449482.0,64.0
-30.96,1625449482.0,64.0
-32.71,1625449482.0,64.0
-33.99,1625449482.0,64.0
-35.09,1625449482.0,64.0
-36.18,1625449482.0,64.0
-37.3,1625449482.0,64.0
-38.31,1625449482.0,64.0
-38.9,1625449482.0,64.0
-38.6,1625449482.0,64.0
-36.89,1625449482.0,64.0
-33.33,1625449482.0,64.0
-27.72,1625449482.0,64.0
-20.29,1625449482.0,64.0
-11.64,1625449482.0,64.0
-2.64,1625449482.0,64.0
5.92,1625449482.0,64.0
13.5,1625449482.0,64.0
19.92,1625449482.0,64.0
25.25,1625449482.0,64.0
29.59,1625449482.0,64.0
32.96,1625449482.0,64.0
35.23,1625449482.0,64.0
36.29,1625449482.0,64.0
36.15,1625449482.0,64.0
35.06,1625449482.0,64.0
33.41,1625449482.0,64.0
31.58,1625449482.0,64.0
29.79,1625449482.0,64.0
28.08,1625449482.0,64.0
26.34,1625449482.0,64.0
24.47,1625449482.0,64.0
22.46,1625449482.0,64.0
20.37,1625449482.0,64.0
18.3,1625449482.0,64.0
16.3,1625449482.0,64.0
14.28,1625449482.0,64.0
12.1,1625449482.0,64.0
9.62,1625449482.0,64.0
6.8,1625449482.0,64.0
3.76,1625449482.0,64.0
0.76,1625449482.0,64.0
-1.88,1625449482.0,64.0
-3.95,1625449482.0,64.0
-5.36,1625449482.0,64.0
-6.28,1625449482.0,64.0
-6.95,1625449482.0,64.0
-7.69,1625449482.0,64.0
-8.71,1625449482.0,64.0
-10.07,1625449482.0,64.0
-11.77,1625449482.0,64.0
-13.74,1625449482.0,64.0
-15.96,1625449482.0,64.0
-18.43,1625449482.0,64.0
-21.12,1625449482.0,64.0
-23.91,1625449482.0,64.0
-26.67,1625449482.0,64.0
-29.28,1625449482.0,64.0
-31.73,1625449482.0,64.0
-34.06,1625449482.0,64.0
-36.25,1625449482.0,64.0
-38.13,1625449482.0,64.0
-39.28,1625449482.0,64.0
-39.22,1625449482.0,64.0
-37.57,1625449482.0,64.0
-34.24,1625449482.0,64.0
-29.47,1625449482.0,64.0
-23.72,1625449482.0,64.0
-17.44,1625449482.0,64.0
-10.88,1625449482.0,64.0
-4.1,1625449482.0,64.0
2.9,1625449482.0,64.0
9.98,1625449482.0,64.0
16.75,1625449482.0,64.0
22.63,1625449482.0,64.0
27.05,1625449482.0,64.0
29.73,1625449482.0,64.0
30.79,1625449482.0,64.0
30.75,1625449482.0,64.0
30.28,1625449482.0,64.0
29.93,1625449482.0,64.0
29.93,1625449482.0,64.0
30.15,1625449482.0,64.0
30.25,1625449482.0,64.0
29.9,1625449482.0,64.0
28.92,1625449482.0,64.0
27.35,1625449482.0,64.0
25.39,1625449482.0,64.0
23.25,1625449482.0,64.0
21.08,1625449482.0,64.0
18.91,1625449482.0,64.0
16.7,1625449482.0,64.0
14.41,1625449482.0,64.0
12.07,1625449482.0,64.0
9.74,1625449482.0,64.0
7.51,1625449482.0,64.0
5.37,1625449482.0,64.0
3.27,1625449482.0,64.0
1.08,1625449482.0,64.0
-1.3,1625449482.0,64.0
-3.92,1625449482.0,64.0
-6.72,1625449482.0,64.0
-9.58,1625449482.0,64.0
-12.34,1625449482.0,64.0
-14.9,1625449482.0,64.0
-17.21,1625449482.0,64.0
-19.32,1625449482.0,64.0
-21.36,1625449482.0,64.0
-23.54,1625449482.0,64.0
-26.05,1625449482.0,64.0
-28.95,1625449482.0,64.0
-32.06,1625449482.0,64.0
-34.86,1625449482.0,64.0
-36.66,1625449482.0,64.0
-36.76,1625449482.0,64.0
-34.74,1625449482.0,64.0
-30.61,1625449482.0,64.0
-24.78,1625449482.0,64.0
-17.88,1625449482.0,64.0
-10.49,1625449482.0,64.0
-3.03,1625449482.0,64.0
4.25,1625449482.0,64.0
11.11,1625449482.0,64.0
17.26,1625449482.0,64.0
22.31,1625449482.0,64.0
25.87,1625449482.0,64.0
27.73,1625449482.0,64.0
28.01,1625449482.0,64.0
27.13,1625449482.0,64.0
25.72,1625449482.0,64.0
24.36,1625449482.0,64.0
23.49,1625449482.0,64.0
23.27,1625449482.0,64.0
23.61,1625449482.0,64.0
24.23,1625449482.0,64.0
24.76,1625449482.0,64.0
24.89,1625449482.0,64.0
24.45,1625449482.0,64.0
23.46,1625449482.0,64.0
22.05,1625449482.0,64.0
20.38,1625449482.0,64.0
18.5,1625449482.0,64.0
16.32,1625449482.0,64.0
13.65,1625449482.0,64.0
10.41,1625449482.0,64.0
6.67,1625449482.0,64.0
2.68,1625449482.0,64.0
-1.21,1625449482.0,64.0
-4.72,1625449482.0,64.0
-7.74,1625449482.0,64.0
-10.4,1625449482.0,64.0
-12.93,1625449482.0,64.0
-15.53,1625449482.0,64.0
-18.28,1625449482.0,64.0
-21.09,1625449482.0,64.0
-23.83,1625449482.0,64.0
-26.4,1625449482.0,64.0
-28.91,1625449482.0,64.0
-31.55,1625449482.0,64.0
-34.54,1625449482.0,64.0
-37.9,1625449482.0,64.0
-41.28,1625449482.0,64.0
-43.97,1625449482.0,64.0
-45.14,1625449482.0,64.0
-44.12,1625449482.0,64.0
-40.68,1625449482.0,64.0
-35.11,1625449482.0,64.0
-28.07,1625449482.0,64.0
-20.32,1625449482.0,64.0
-12.52,1625449482.0,64.0
-5.08,1625449482.0,64.0
1.65,1625449482.0,64.0
7.4,1625449482.0,64.0
11.96,1625449482.0,64.0
15.36,1625449482.0,64.0
17.98,1625449482.0,64.0
20.6,1625449482.0,64.0
24.1,1625449482.0,64.0
29.12,1625449482.0,64.0
35.66,1625449482.0,64.0
43.08,1625449482.0,64.0
50.21,1625449482.0,64.0
55.87,1625449482.0,64.0
59.18,1625449482.0,64.0
59.81,1625449482.0,64.0
57.92,1625449482.0,64.0
53.89,1625449482.0,64.0
48.13,1625449482.0,64.0
41.0,1625449482.0,64.0
32.89,1625449482.0,64.0
24.31,1625449482.0,64.0
15.96,1625449482.0,64.0
8.53,1625449482.0,64.0
2.51,1625449482.0,64.0
-2.01,1625449482.0,64.0
-5.34,1625449482.0,64.0
-8.04,1625449482.0,64.0
-10.6,1625449482.0,64.0
-13.25,1625449482.0,64.0
-15.95,1625449482.0,64.0
-18.52,1625449482.0,64.0
-20.8,1625449482.0,64.0
-22.76,1625449482.0,64.0
-24.53,1625449482.0,64.0
-26.29,1625449482.0,64.0
-28.22,1625449482.0,64.0
-30.43,1625449482.0,64.0
-32.94,1625449482.0,64.0
-35.66,1625449482.0,64.0
-38.35,1625449482.0,64.0
-40.6,1625449482.0,64.0
-41.84,1625449482.0,64.0
-41.55,1625449482.0,64.0
-39.39,1625449482.0,64.0
-35.32,1625449482.0,64.0
-29.67,1625449482.0,64.0
-22.9,1625449482.0,64.0
-15.49,1625449482.0,64.0
-7.77,1625449482.0,64.0
0.08,1625449482.0,64.0
7.91,1625449482.0,64.0
15.42,1625449482.0,64.0
22.15,1625449482.0,64.0
27.54,1625449482.0,64.0
31.16,1625449482.0,64.0
32.93,1625449482.0,64.0
33.15,1625449482.0,64.0
32.4,1625449482.0,64.0
31.3,1625449482.0,64.0
30.32,1625449482.0,64.0
29.59,1625449482.0,64.0
28.92,1625449482.0,64.0
28.02,1625449482.0,64.0
26.6,1625449482.0,64.0
24.56,1625449482.0,64.0
22.02,1625449482.0,64.0
19.22,1625449482.0,64.0
16.42,1625449482.0,64.0
13.8,1625449482.0,64.0
11.4,1625449482.0,64.0
9.15,1625449482.0,64.0
6.89,1625449482.0,64.0
4.51,1625449482.0,64.0
1.95,1625449482.0,64.0
-0.76,1625449482.0,64.0
-3.56,1625449482.0,64.0
-6.34,1625449482.0,64.0
-8.98,1625449482.0,64.0
-11.44,1625449482.0,64.0
-13.7,1625449482.0,64.0
-15.87,1625449482.0,64.0
-18.09,1625449482.0,64.0
-20.48,1625449482.0,64.0
-23.07,1625449482.0,64.0
-25.82,1625449482.0,64.0
-28.6,1625449482.0,64.0
-31.37,1625449482.0,64.0
-34.16,1625449482.0,64.0
-37.05,1625449482.0,64.0
-39.97,1625449482.0,64.0
-42.55,1625449482.0,64.0
-44.14,1625449482.0,64.0
-44.02,1625449482.0,64.0
-41.74,1625449482.0,64.0
-37.28,1625449482.0,64.0
-31.1,1625449482.0,64.0
-23.9,1625449482.0,64.0
-16.24,1625449482.0,64.0
-8.37,1625449482.0,64.0
-0.31,1625449482.0,64.0
7.92,1625449482.0,64.0
16.09,1625449482.0,64.0
23.69,1625449482.0,64.0
30.12,1625449482.0,64.0
35.02,1625449482.0,64.0
38.41,1625449482.0,64.0
40.65,1625449482.0,64.0
42.23,1625449482.0,64.0
43.41,1625449482.0,64.0
44.18,1625449482.0,64.0
44.27,1625449482.0,64.0
43.43,1625449482.0,64.0
41.58,1625449482.0,64.0
38.93,1625449482.0,64.0
35.79,1625449482.0,64.0
32.5,1625449482.0,64.0
29.27,1625449482.0,64.0
26.12,1625449482.0,64.0
23.01,1625449482.0,64.0
19.84,1625449482.0,64.0
16.54,1625449482.0,64.0
13.08,1625449482.0,64.0
9.46,1625449482.0,64.0
5.72,1625449482.0,64.0
1.89,1625449482.0,64.0
-1.97,1625449482.0,64.0
-5.85,1625449482.0,64.0
-9.73,1625449482.0,64.0
-13.59,1625449482.0,64.0
-17.37,1625449482.0,64.0
-20.95,1625449482.0,64.0
-24.2,1625449482.0,64.0
-27.02,1625449482.0,64.0
-29.43,1625449482.0,64.0
-31.55,1625449482.0,64.0
-33.59,1625449482.0,64.0
-35.72,1625449482.0,64.0
-38.05,1625449482.0,64.0
-40.53,1625449482.0,64.0
-42.95,1625449482.0,64.0
-44.96,1625449482.0,64.0
-46.11,1625449482.0,64.0
-45.95,1625449482.0,64.0
-44.13,1625449482.0,64.0
-40.56,1625449482.0,64.0
-35.4,1625449482.0,64.0
-29.04,1625449482.0,64.0
-21.92,1625449482.0,64.0
-14.36,1625449482.0,64.0
-6.55,1625449482.0,64.0
1.43,1625449482.0,64.0
9.41,1625449482.0,64.0
17.04,1625449482.0,64.0
23.79,1625449482.0,64.0
29.12,1625449482.0,64.0
32.68,1625449482.0,64.0
34.49,1625449482.0,64.0
34.97,1625449482.0,64.0
34.71,1625449482.0,64.0
34.24,1625449482.0,64.0
33.79,1625449482.0,64.0
33.26,1625449482.0,64.0
32.36,1625449482.0,64.0
30.84,1625449482.0,64.0
28.68,1625449482.0,64.0
26.07,1625449482.0,64.0
23.34,1625449482.0,64.0
20.75,1625449482.0,64.0
18.37,1625449482.0,64.0
16.11,1625449482.0,64.0
13.82,1625449482.0,64.0
11.44,1625449482.0,64.0
8.99,1625449482.0,64.0
6.63,1625449482.0,64.0
4.46,1625449482.0,64.0
2.52,1625449482.0,64.0
0.69,1625449482.0,64.0
-1.24,1625449482.0,64.0
-3.43,1625449482.0,64.0
-5.96,1625449482.0,64.0
-8.77,1625449482.0,64.0
-11.72,1625449482.0,64.0
-14.56,1625449482.0,64.0
-17.14,1625449482.0,64.0
-19.35,1625449482.0,64.0
-21.23,1625449482.0,64.0
-22.94,1625449482.0,64.0
-24.7,1625449482.0,64.0
-26.79,1625449482.0,64.0
-29.3,1625449482.0,64.0
-32.18,1625449482.0,64.0
-35.09,1625449482.0,64.0
-37.53,1625449482.0,64.0
-38.89,1625449482.0,64.0
-38.65,1625449482.0,64.0
-36.48,1625449482.0,64.0
-32.36,1625449482.0,64.0
-26.56,1625449482.0,64.0
-19.5,1625449482.0,64.0
-11.72,1625449482.0,64.0
-3.71,1625449482.0,64.0
4.13,1625449482.0,64.0
11.45,1625449482.0,64.0
17.95,1625449482.0,64.0
23.32,1625449482.0,64.0
27.27,1625449482.0,64.0
29.65,1625449482.0,64.0
30.53,1625449482.0,64.0
30.28,1625449482.0,64.0
29.42,1625449482.0,64.0
28.5,1625449482.0,64.0
27.87,1625449482.0,64.0
27.56,1625449482.0,64.0
27.33,1625449482.0,64.0
26.83,1625449482.0,64.0
25.76,1625449482.0,64.0
24.0,1625449482.0,64.0
21.68,1625449482.0,64.0
19.0,1625449482.0,64.0
16.22,1625449482.0,64.0
13.54,1625449482.0,64.0
11.08,1625449482.0,64.0
8.88,1625449482.0,64.0
6.92,1625449482.0,64.0
5.11,1625449482.0,64.0
3.34,1625449482.0,64.0
1.49,1625449482.0,64.0
-0.46,1625449482.0,64.0
-2.45,1625449482.0,64.0
-4.33,1625449482.0,64.0
-5.95,1625449482.0,64.0
-7.19,1625449482.0,64.0
-8.05,1625449482.0,64.0
-8.61,1625449482.0,64.0
-8.94,1625449482.0,64.0
-9.1,1625449482.0,64.0
-9.16,1625449482.0,64.0
-9.23,1625449482.0,64.0
-9.53,1625449482.0,64.0
-10.35,1625449482.0,64.0
-11.84,1625449482.0,64.0
-13.87,1625449482.0,64.0
-16.01,1625449482.0,64.0
-17.56,1625449482.0,64.0
-17.91,1625449482.0,64.0
-16.73,1625449482.0,64.0
-14.06,1625449482.0,64.0
-10.2,1625449482.0,64.0
-5.56,1625449482.0,64.0
-0.41,1625449482.0,64.0
5.06,1625449482.0,64.0
10.71,1625449482.0,64.0
16.2,1625449482.0,64.0
21.06,1625449482.0,64.0
24.7,1625449482.0,64.0
26.69,1625449482.0,64.0
26.96,1625449482.0,64.0
25.81,1625449482.0,64.0
23.8,1625449482.0,64.0
21.51,1625449482.0,64.0
19.33,1625449482.0,64.0
17.38,1625449482.0,64.0
15.59,1625449482.0,64.0
13.85,1625449482.0,64.0
12.11,1625449482.0,64.0
10.45,1625449482.0,64.0
8.9,1625449482.0,64.0
7.47,1625449482.0,64.0
6.01,1625449482.0,64.0
4.39,1625449482.0,64.0
2.53,1625449482.0,64.0
0.48,1625449482.0,64.0
-1.57,1625449482.0,64.0
-3.48,1625449482.0,64.0
-5.19,1625449482.0,64.0
-6.81,1625449482.0,64.0
-8.53,1625449482.0,64.0
-10.45,1625449482.0,64.0
-12.56,1625449482.0,64.0
-14.68,1625449482.0,64.0
-16.62,1625449482.0,64.0
-18.24,1625449482.0,64.0
-19.61,1625449482.0,64.0
-20.93,1625449482.0,64.0
-22.39,1625449482.0,64.0
-24.13,1625449482.0,64.0
-26.14,1625449482.0,64.0
-28.31,1625449482.0,64.0
-30.51,1625449482.0,64.0
-32.61,1625449482.0,64.0
-34.4,1625449482.0,64.0
-35.62,1625449482.0,64.0
-35.91,1625449482.0,64.0
-34.89,1625449482.0,64.0
-32.32,1625449482.0,64.0
-28.22,1625449482.0,64.0
-22.88,1625449482.0,64.0
-16.78,1625449482.0,64.0
-10.39,1625449482.0,64.0
-4.03,1625449482.0,64.0
2.15,1625449482.0,64.0
8.14,1625449482.0,64.0
13.85,1625449482.0,64.0
19.06,1625449482.0,64.0
23.49,1625449482.0,64.0
26.81,1625449482.0,64.0
28.93,1625449482.0,64.0
29.97,1625449482.0,64.0
30.25,1625449482.0,64.0
30.16,1625449482.0,64.0
30.0,1625449482.0,64.0
29.86,1625449482.0,64.0
29.61,1625449482.0,64.0
29.0,1625449482.0,64.0
27.82,1625449482.0,64.0
25.95,1625449482.0,64.0
23.46,1625449482.0,64.0
20.54,1625449482.0,64.0
17.44,1625449482.0,64.0
14.37,1625449482.0,64.0
11.48,1625449482.0,64.0
8.81,1625449482.0,64.0
6.35,1625449482.0,64.0
4.06,1625449482.0,64.0
1.89,1625449482.0,64.0
-0.22,1625449482.0,64.0
-2.32,1625449482.0,64.0
-4.48,1625449482.0,64.0
-6.74,1625449482.0,64.0
-9.12,1625449482.0,64.0
-11.57,1625449482.0,64.0
-14.04,1625449482.0,64.0
-16.5,1625449482.0,64.0
-18.99,1625449482.0,64.0
-21.63,1625449482.0,64.0
-24.52,1625449482.0,64.0
-27.71,1625449482.0,64.0
-31.18,1625449482.0,64.0
-34.8,1625449482.0,64.0
-38.33,1625449482.0,64.0
-41.43,1625449482.0,64.0
-43.69,1625449482.0,64.0
-44.7,1625449482.0,64.0
-44.13,1625449482.0,64.0
-41.83,1625449482.0,64.0
-37.83,1625449482.0,64.0
-32.4,1625449482.0,64.0
-25.85,1625449482.0,64.0
-18.53,1625449482.0,64.0
-10.74,1625449482.0,64.0
-2.72,1625449482.0,64.0
5.24,1625449482.0,64.0
12.8,1625449482.0,64.0
19.59,1625449482.0,64.0
25.23,1625449482.0,64.0
29.51,1625449482.0,64.0
32.45,1625449482.0,64.0
34.31,1625449482.0,64.0
35.53,1625449482.0,64.0
36.57,1625449482.0,64.0
37.75,1625449482.0,64.0
39.13,1625449482.0,64.0
40.51,1625449482.0,64.0
41.52,1625449482.0,64.0
41.77,1625449482.0,64.0
41.02,1625449482.0,64.0
39.23,1625449482.0,64.0
36.5,1625449482.0,64.0
33.01,1625449482.0,64.0
28.94,1625449482.0,64.0
24.42,1625449482.0,64.0
19.61,1625449482.0,64.0
14.74,1625449482.0,64.0
10.1,1625449482.0,64.0
5.91,1625449482.0,64.0
2.26,1625449482.0,64.0
-0.97,1625449482.0,64.0
-4.07,1625449482.0,64.0
-7.32,1625449482.0,64.0
-10.94,1625449482.0,64.0
-14.98,1625449482.0,64.0
-19.45,1625449482.0,64.0
-24.31,1625449482.0,64.0
-29.56,1625449482.0,64.0
-35.1,1625449482.0,64.0
-40.75,1625449482.0,64.0
-46.18,1625449482.0,64.0
-51.0,1625449482.0,64.0
-54.89,1625449482.0,64.0
-57.65,1625449482.0,64.0
-59.21,1625449482.0,64.0
-59.49,1625449482.0,64.0
-58.32,1625449482.0,64.0
-55.47,1625449482.0,64.0
-50.76,1625449482.0,64.0
-44.25,1625449482.0,64.0
-36.28,1625449482.0,64.0
-27.46,1625449482.0,64.0
-18.42,1625449482.0,64.0
-9.59,1625449482.0,64.0
-1.15,1625449482.0,64.0
6.9,1625449482.0,64.0
14.56,1625449482.0,64.0
21.67,1625449482.0,64.0
27.87,1625449482.0,64.0
32.74,1625449482.0,64.0
36.05,1625449482.0,64.0
37.87,1625449482.0,64.0
38.57,1625449482.0,64.0
38.7,1625449482.0,64.0
38.69,1625449482.0,64.0
38.75,1625449482.0,64.0
38.8,1625449482.0,64.0
38.55,1625449482.0,64.0
37.69,1625449482.0,64.0
35.94,1625449482.0,64.0
33.2,1625449482.0,64.0
29.48,1625449482.0,64.0
24.9,1625449482.0,64.0
19.68,1625449482.0,64.0
14.1,1625449482.0,64.0
8.56,1625449482.0,64.0
3.56,1625449482.0,64.0
-0.42,1625449482.0,64.0
-2.97,1625449482.0,64.0
-3.91,1625449482.0,64.0
-3.44,1625449482.0,64.0
-2.11,1625449482.0,64.0
-0.69,1625449482.0,64.0
0.09,1625449482.0,64.0
-0.19,1625449482.0,64.0
-1.45,1625449482.0,64.0
-3.22,1625449482.0,64.0
-4.85,1625449482.0,64.0
-5.93,1625449482.0,64.0
-6.44,1625449482.0,64.0
-6.85,1625449482.0,64.0
-7.89,1625449482.0,64.0
-10.2,1625449482.0,64.0
-14.03,1625449482.0,64.0
-19.02,1625449482.0,64.0
-24.29,1625449482.0,64.0
-28.64,1625449482.0,64.0
-30.97,1625449482.0,64.0
-30.59,1625449482.0,64.0
-27.39,1625449482.0,64.0
-21.83,1625449482.0,64.0
-14.75,1625449482.0,64.0
-7.0,1625449482.0,64.0
0.68,1625449482.0,64.0
7.8,1625449482.0,64.0
14.12,1625449482.0,64.0
19.69,1625449482.0,64.0
24.87,1625449482.0,64.0
30.31,1625449482.0,64.0
36.56,1625449482.0,64.0
43.63,1625449482.0,64.0
50.6,1625449482.0,64.0
55.78,1625449482.0,64.0
57.35,1625449482.0,64.0
54.26,1625449482.0,64.0
46.84,1625449482.0,64.0
36.75,1625449482.0,64.0
26.21,1625449482.0,64.0
16.96,1625449482.0,64.0
9.65,1625449482.0,64.0
3.88,1625449482.0,64.0
-1.12,1625449482.0,64.0
-5.7,1625449482.0,64.0
-9.52,1625449482.0,64.0
-11.78,1625449482.0,64.0
-11.96,1625449482.0,64.0
-10.27,1625449482.0,64.0
-7.76,1625449482.0,64.0
-5.79,1625449482.0,64.0
-5.35,1625449482.0,64.0
-6.6,1625449482.0,64.0
-8.83,1625449482.0,64.0
-10.8,1625449482.0,64.0
-11.43,1625449482.0,64.0
-10.31,1625449482.0,64.0
-7.93,1625449482.0,64.0
-5.45,1625449482.0,64.0
-4.16,1625449482.0,64.0
-4.96,1625449482.0,64.0
-7.94,1625449482.0,64.0
-12.44,1625449482.0,64.0
-17.32,1625449482.0,64.0
-21.43,1625449482.0,64.0
-23.91,1625449482.0,64.0
-24.42,1625449482.0,64.0
-23.02,1625449482.0,64.0
-20.13,1625449482.0,64.0
-16.37,1625449482.0,64.0
-12.53,1625449482.0,64.0
-9.43,1625449482.0,64.0
-7.61,1625449482.0,64.0
-6.93,1625449482.0,64.0
-6.31,1625449482.0,64.0
-3.98,1625449482.0,64.0
1.9,1625449482.0,64.0
12.2,1625449482.0,64.0
26.14,1625449482.0,64.0
41.37,1625449482.0,64.0
54.76,1625449482.0,64.0
63.84,1625449482.0,64.0
67.78,1625449482.0,64.0
67.69,1625449482.0,64.0
65.91,1625449482.0,64.0
64.74,1625449482.0,64.0
65.35,1625449482.0,64.0
67.47,1625449482.0,64.0
69.85,1625449482.0,64.0
71.13,1625449482.0,64.0
70.5,1625449482.0,64.0
67.64,1625449482.0,64.0
62.36,1625449482.0,64.0
54.19,1625449482.0,64.0
42.57,1625449482.0,64.0
27.26,1625449482.0,64.0
8.87,1625449482.0,64.0
-11.01,1625449482.0,64.0
-30.34,1625449482.0,64.0
-47.41,1625449482.0,64.0
-61.69,1625449482.0,64.0
-73.79,1625449482.0,64.0
-85.07,1625449482.0,64.0
-96.68,1625449482.0,64.0
-108.92,1625449482.0,64.0
-121.04,1625449482.0,64.0
-131.61,1625449482.0,64.0
-139.12,1625449482.0,64.0
-142.5,1625449482.0,64.0
-141.34,1625449482.0,64.0
-135.93,1625449482.0,64.0
-127.26,1625449482.0,64.0
-116.85,1625449482.0,64.0
-106.57,1625449482.0,64.0
-98.31,1625449482.0,64.0
-93.56,1625449482.0,64.0
-93.0,1625449482.0,64.0
-96.31,1625449482.0,64.0
-102.03,1625449482.0,64.0
-107.93,1625449482.0,64.0
-111.35,1625449482.0,64.0
-109.97,1625449482.0,64.0
-102.38,1625449482.0,64.0
-88.66,1625449482.0,64.0
-70.37,1625449482.0,64.0
-50.3,1625449482.0,64.0
-31.5,1625449482.0,64.0
-16.38,1625449482.0,64.0
-5.83,1625449482.0,64.0
0.91,1625449482.0,64.0
5.75,1625449482.0,64.0
10.77,1625449482.0,64.0
17.24,1625449482.0,64.0
25.19,1625449482.0,64.0
33.51,1625449482.0,64.0
40.67,1625449482.0,64.0
45.46,1625449482.0,64.0
47.43,1625449482.0,64.0
46.92,1625449482.0,64.0
44.77,1625449482.0,64.0
41.89,1625449482.0,64.0
39.0,1625449482.0,64.0
36.66,1625449482.0,64.0
35.21,1625449482.0,64.0
34.94,1625449482.0,64.0
36.01,1625449482.0,64.0
38.39,1625449482.0,64.0
41.76,1625449482.0,64.0
45.57,1625449482.0,64.0
49.19,1625449482.0,64.0
51.96,1625449482.0,64.0
53.4,1625449482.0,64.0
53.21,1625449482.0,64.0
51.31,1625449482.0,64.0
47.89,1625449482.0,64.0
43.35,1625449482.0,64.0
38.32,1625449482.0,64.0
33.46,1625449482.0,64.0
29.28,1625449482.0,64.0
25.98,1625449482.0,64.0
23.46,1625449482.0,64.0
21.49,1625449482.0,64.0
19.98,1625449482.0,64.0
19.17,1625449482.0,64.0
19.61,1625449482.0,64.0
21.77,1625449482.0,64.0
25.7,1625449482.0,64.0
30.78,1625449482.0,64.0
35.7,1625449482.0,64.0
38.99,1625449482.0,64.0
39.52,1625449482.0,64.0
37.04,1625449482.0,64.0
32.28,1625449482.0,64.0
26.65,1625449482.0,64.0
21.65,1625449482.0,64.0
18.34,1625449482.0,64.0
17.08,1625449482.0,64.0
17.53,1625449482.0,64.0
19.05,1625449482.0,64.0
20.91,1625449482.0,64.0
22.53,1625449482.0,64.0
23.51,1625449482.0,64.0
23.59,1625449482.0,64.0
22.59,1625449482.0,64.0
20.49,1625449482.0,64.0
17.51,1625449482.0,64.0
14.08,1625449482.0,64.0
10.8,1625449482.0,64.0
8.23,1625449482.0,64.0
6.75,1625449482.0,64.0
6.47,1625449482.0,64.0
7.32,1625449482.0,64.0
9.16,1625449482.0,64.0
11.73,1625449482.0,64.0
14.73,1625449482.0,64.0
17.68,1625449482.0,64.0
19.95,1625449482.0,64.0
20.86,1625449482.0,64.0
19.92,1625449482.0,64.0
16.98,1625449482.0,64.0
12.3,1625449482.0,64.0
6.57,1625449482.0,64.0
0.65,1625449482.0,64.0
-4.57,1625449482.0,64.0
-8.4,1625449482.0,64.0
-10.46,1625449482.0,64.0
-10.73,1625449482.0,64.0
-9.46,1625449482.0,64.0
-7.08,1625449482.0,64.0
-4.02,1625449482.0,64.0
-0.61,1625449482.0,64.0
2.96,1625449482.0,64.0
6.54,1625449482.0,64.0
9.99,1625449482.0,64.0
13.07,1625449482.0,64.0
15.51,1625449482.0,64.0
17.08,1625449482.0,64.0
17.71,1625449482.0,64.0
17.57,1625449482.0,64.0
16.97,1625449482.0,64.0
16.19,1625449482.0,64.0
15.41,1625449482.0,64.0
14.61,1625449482.0,64.0
13.69,1625449482.0,64.0
12.54,1625449482.0,64.0
11.18,1625449482.0,64.0
9.68,1625449482.0,64.0
8.17,1625449482.0,64.0
6.71,1625449482.0,64.0
5.28,1625449482.0,64.0
3.8,1625449482.0,64.0
2.18,1625449482.0,64.0
0.36,1625449482.0,64.0
-1.66,1625449482.0,64.0
-3.83,1625449482.0,64.0
-6.06,1625449482.0,64.0
-8.25,1625449482.0,64.0
-10.35,1625449482.0,64.0
-12.35,1625449482.0,64.0
-14.29,1625449482.0,64.0
-16.23,1625449482.0,64.0
-18.21,1625449482.0,64.0
-20.24,1625449482.0,64.0
-22.3,1625449482.0,64.0
-24.37,1625449482.0,64.0
-26.4,1625449482.0,64.0
-28.28,1625449482.0,64.0
-29.7,1625449482.0,64.0
-30.19,1625449482.0,64.0
-29.23,1625449482.0,64.0
-26.44,1625449482.0,64.0
-21.77,1625449482.0,64.0
-15.53,1625449482.0,64.0
-8.3,1625449482.0,64.0
-0.66,1625449482.0,64.0
6.93,1625449482.0,64.0
14.15,1625449482.0,64.0
20.72,1625449482.0,64.0
26.25,1625449482.0,64.0
30.26,1625449482.0,64.0
32.33,1625449482.0,64.0
32.4,1625449482.0,64.0
30.88,1625449482.0,64.0
28.6,1625449482.0,64.0
26.49,1625449482.0,64.0
25.29,1625449482.0,64.0
25.16,1625449482.0,64.0
25.73,1625449482.0,64.0
26.28,1625449482.0,64.0
26.05,1625449482.0,64.0
24.65,1625449482.0,64.0
22.11,1625449482.0,64.0
18.85,1625449482.0,64.0
15.36,1625449482.0,64.0
11.94,1625449482.0,64.0
8.56,1625449482.0,64.0
4.99,1625449482.0,64.0
0.94,1625449482.0,64.0
-3.67,1625449482.0,64.0
-8.59,1625449482.0,64.0
-13.34,1625449482.0,64.0
-17.38,1625449482.0,64.0
-20.4,1625449482.0,64.0
-22.4,1625449482.0,64.0
-23.73,1625449482.0,64.0
-24.84,1625449482.0,64.0
-26.14,1625449482.0,64.0
-27.81,1625449482.0,64.0
-29.8,1625449482.0,64.0
-31.92,1625449482.0,64.0
-33.99,1625449482.0,64.0
-35.88,1625449482.0,64.0
-37.5,1625449482.0,64.0
-38.7,1625449482.0,64.0
-39.16,1625449482.0,64.0
-38.44,1625449482.0,64.0
-36.08,1625449482.0,64.0
-31.9,1625449482.0,64.0
-26.1,1625449482.0,64.0
-19.23,1625449482.0,64.0
-11.98,1625449482.0,64.0
-4.87,1625449482.0,64.0
1.79,1625449482.0,64.0
7.96,1625449482.0,64.0
13.62,1625449482.0,64.0
18.64,1625449482.0,64.0
22.71,1625449482.0,64.0
25.5,1625449482.0,64.0
26.88,1625449482.0,64.0
27.03,1625449482.0,64.0
26.44,1625449482.0,64.0
25.75,1625449482.0,64.0
25.46,1625449482.0,64.0
25.78,1625449482.0,64.0
26.56,1625449482.0,64.0
27.39,1625449482.0,64.0
27.81,1625449482.0,64.0
27.49,1625449482.0,64.0
26.27,1625449482.0,64.0
24.27,1625449482.0,64.0
21.71,1625449482.0,64.0
18.91,1625449482.0,64.0
16.14,1625449482.0,64.0
13.57,1625449482.0,64.0
11.29,1625449482.0,64.0
9.31,1625449482.0,64.0
7.53,1625449482.0,64.0
5.79,1625449482.0,64.0
3.88,1625449482.0,64.0
1.62,1625449482.0,64.0
-1.05,1625449482.0,64.0
-4.07,1625449482.0,64.0
-7.23,1625449482.0,64.0
-10.33,1625449482.0,64.0
-13.23,1625449482.0,64.0
-16.02,1625449482.0,64.0
-18.93,1625449482.0,64.0
-22.26,1625449482.0,64.0
-26.18,1625449482.0,64.0
-30.67,1625449482.0,64.0
-35.48,1625449482.0,64.0
-40.2,1625449482.0,64.0
-44.37,1625449482.0,64.0
-47.49,1625449482.0,64.0
-49.14,1625449482.0,64.0
-48.95,1625449482.0,64.0
-46.68,1625449482.0,64.0
-42.29,1625449482.0,64.0
-35.96,1625449482.0,64.0
-28.08,1625449482.0,64.0
-19.16,1625449482.0,64.0
-9.67,1625449482.0,64.0
-0.08,1625449482.0,64.0
9.19,1625449482.0,64.0
17.69,1625449482.0,64.0
24.88,1625449482.0,64.0
30.3,1625449482.0,64.0
33.71,1625449482.0,64.0
35.21,1625449482.0,64.0
35.31,1625449482.0,64.0
34.7,1625449482.0,64.0
33.94,1625449482.0,64.0
33.32,1625449482.0,64.0
32.76,1625449482.0,64.0
31.97,1625449482.0,64.0
30.67,1625449482.0,64.0
28.84,1625449482.0,64.0
26.67,1625449482.0,64.0
24.46,1625449482.0,64.0
22.47,1625449482.0,64.0
20.76,1625449482.0,64.0
19.24,1625449482.0,64.0
17.72,1625449482.0,64.0
16.08,1625449482.0,64.0
14.3,1625449482.0,64.0
12.46,1625449482.0,64.0
10.59,1625449482.0,64.0
8.68,1625449482.0,64.0
6.63,1625449482.0,64.0
4.3,1625449482.0,64.0
1.58,1625449482.0,64.0
-1.53,1625449482.0,64.0
-4.98,1625449482.0,64.0
-8.62,1625449482.0,64.0
-12.25,1625449482.0,64.0
-15.63,1625449482.0,64.0
-18.54,1625449482.0,64.0
-20.82,1625449482.0,64.0
-22.48,1625449482.0,64.0
-23.65,1625449482.0,64.0
-24.65,1625449482.0,64.0
-25.77,1625449482.0,64.0
-27.27,1625449482.0,64.0
-29.22,1625449482.0,64.0
-31.56,1625449482.0,64.0
-34.11,1625449482.0,64.0
-36.65,1625449482.0,64.0
-38.94,1625449482.0,64.0
-40.66,1625449482.0,64.0
-41.46,1625449482.0,64.0
-40.95,1625449482.0,64.0
-38.83,1625449482.0,64.0
-35.02,1625449482.0,64.0
-29.66,1625449482.0,64.0
-23.15,1625449482.0,64.0
-15.95,1625449482.0,64.0
-8.45,1625449482.0,64.0
-0.92,1625449482.0,64.0
6.46,1625449482.0,64.0
13.49,1625449482.0,64.0
19.83,1625449482.0,64.0
25.02,1625449482.0,64.0
28.68,1625449482.0,64.0
30.66,1625449482.0,64.0
31.15,1625449482.0,64.0
30.68,1625449482.0,64.0
29.89,1625449482.0,64.0
29.3,1625449482.0,64.0
29.1,1625449482.0,64.0
29.17,1625449482.0,64.0
29.14,1625449482.0,64.0
28.64,1625449482.0,64.0
27.47,1625449482.0,64.0
25.63,1625449482.0,64.0
23.26,1625449482.0,64.0
20.56,1625449482.0,64.0
17.71,1625449482.0,64.0
14.8,1625449482.0,64.0
11.91,1625449482.0,64.0
9.11,1625449482.0,64.0
6.51,1625449482.0,64.0
4.16,1625449482.0,64.0
2.14,1625449482.0,64.0
0.44,1625449482.0,64.0
-1.0,1625449482.0,64.0
-2.31,1625449482.0,64.0
-3.66,1625449482.0,64.0
-5.21,1625449482.0,64.0
-7.09,1625449482.0,64.0
-9.32,1625449482.0,64.0
-11.77,1625449482.0,64.0
-14.22,1625449482.0,64.0
-16.4,1625449482.0,64.0
-18.1,1625449482.0,64.0
-19.21,1625449482.0,64.0
-19.79,1625449482.0,64.0
-19.99,1625449482.0,64.0
-20.0,1625449482.0,64.0
-20.0,1625449482.0,64.0
-20.13,1625449482.0,64.0
-20.51,1625449482.0,64.0
-21.2,1625449482.0,64.0
-22.29,1625449482.0,64.0
-23.82,1625449482.0,64.0
-25.79,1625449482.0,64.0
-28.07,1625449482.0,64.0
-30.35,1625449482.0,64.0
-32.19,1625449482.0,64.0
-33.11,1625449482.0,64.0
-32.68,1625449482.0,64.0
-30.66,1625449482.0,64.0
-27.08,1625449482.0,64.0
-22.17,1625449482.0,64.0
-16.26,1625449482.0,64.0
-9.71,1625449482.0,64.0
-2.82,1625449482.0,64.0
4.09,1625449482.0,64.0
10.6,1625449482.0,64.0
16.18,1625449482.0,64.0
20.27,1625449482.0,64.0
22.5,1625449482.0,64.0
22.88,1625449482.0,64.0
21.82,1625449482.0,64.0
20.03,1625449482.0,64.0
18.25,1625449482.0,64.0
16.99,1625449482.0,64.0
16.4,1625449482.0,64.0
16.37,1625449482.0,64.0
16.59,1625449482.0,64.0
16.81,1625449482.0,64.0
16.94,1625449482.0,64.0
16.95,1625449482.0,64.0
16.92,1625449482.0,64.0
16.85,1625449482.0,64.0
16.7,1625449482.0,64.0
16.38,1625449482.0,64.0
15.84,1625449482.0,64.0
15.06,1625449482.0,64.0
14.06,1625449482.0,64.0
12.92,1625449482.0,64.0
11.69,1625449482.0,64.0
10.43,1625449482.0,64.0
9.11,1625449482.0,64.0
7.69,1625449482.0,64.0
6.06,1625449482.0,64.0
4.16,1625449482.0,64.0
1.99,1625449482.0,64.0
-0.37,1625449482.0,64.0
-2.78,1625449482.0,64.0
-5.07,1625449482.0,64.0
-7.15,1625449482.0,64.0
-9.03,1625449482.0,64.0
-10.82,1625449482.0,64.0
-12.72,1625449482.0,64.0
-14.88,1625449482.0,64.0
-17.37,1625449482.0,64.0
-20.11,1625449482.0,64.0
-22.98,1625449482.0,64.0
-25.81,1625449482.0,64.0
-28.4,1625449482.0,64.0
-30.5,1625449482.0,64.0
-31.79,1625449482.0,64.0
-31.91,1625449482.0,64.0
-30.58,1625449482.0,64.0
-27.71,1625449482.0,64.0
-23.47,1625449482.0,64.0
-18.23,1625449482.0,64.0
-12.45,1625449482.0,64.0
-6.46,1625449482.0,64.0
-0.47,1625449482.0,64.0
5.3,1625449482.0,64.0
10.57,1625449482.0,64.0
14.92,1625449482.0,64.0
17.94,1625449482.0,64.0
19.43,1625449482.0,64.0
19.63,1625449482.0,64.0
19.11,1625449482.0,64.0
18.61,1625449482.0,64.0
18.66,1625449482.0,64.0
19.37,1625449482.0,64.0
20.47,1625449482.0,64.0
21.47,1625449482.0,64.0
21.89,1625449482.0,64.0
21.52,1625449482.0,64.0
20.42,1625449482.0,64.0
18.8,1625449482.0,64.0
16.93,1625449482.0,64.0
14.95,1625449482.0,64.0
12.9,1625449482.0,64.0
10.75,1625449482.0,64.0
8.47,1625449482.0,64.0
6.12,1625449482.0,64.0
3.82,1625449482.0,64.0
1.7,1625449482.0,64.0
-0.16,1625449482.0,64.0
-1.85,1625449482.0,64.0
-3.57,1625449482.0,64.0
-5.56,1625449482.0,64.0
-7.93,1625449482.0,64.0
-10.56,1625449482.0,64.0
-13.16,1625449482.0,64.0
-15.33,1625449482.0,64.0
-16.81,1625449482.0,64.0
-17.62,1625449482.0,64.0
-18.02,1625449482.0,64.0
-18.44,1625449482.0,64.0
-19.28,1625449482.0,64.0
-20.78,1625449482.0,64.0
-22.94,1625449482.0,64.0
-25.65,1625449482.0,64.0
-28.68,1625449482.0,64.0
-31.78,1625449482.0,64.0
-34.57,1625449482.0,64.0
-36.56,1625449482.0,64.0
-37.19,1625449482.0,64.0
-36.0,1625449482.0,64.0
-32.81,1625449482.0,64.0
-27.82,1625449482.0,64.0
-21.54,1625449482.0,64.0
-14.62,1625449482.0,64.0
-7.58,1625449482.0,64.0
-0.7,1625449482.0,64.0
5.93,1625449482.0,64.0
12.25,1625449482.0,64.0
18.09,1625449482.0,64.0
23.16,1625449482.0,64.0
27.13,1625449482.0,64.0
29.78,1625449482.0,64.0
31.16,1625449482.0,64.0
31.55,1625449482.0,64.0
31.44,1625449482.0,64.0
31.31,1625449482.0,64.0
31.49,1625449482.0,64.0
32.04,1625449482.0,64.0
32.8,1625449482.0,64.0
33.44,1625449482.0,64.0
33.66,1625449482.0,64.0
33.26,1625449482.0,64.0
32.23,1625449482.0,64.0
30.67,1625449482.0,64.0
28.76,1625449482.0,64.0
26.61,1625449482.0,64.0
24.24,1625449482.0,64.0
21.61,1625449482.0,64.0
18.66,1625449482.0,64.0
15.38,1625449482.0,64.0
11.83,1625449482.0,64.0
8.17,1625449482.0,64.0
4.56,1625449482.0,64.0
1.12,1625449482.0,64.0
-2.11,1625449482.0,64.0
-5.17,1625449482.0,64.0
-8.12,1625449482.0,64.0
-11.0,1625449482.0,64.0
-13.78,1625449482.0,64.0
-16.39,1625449482.0,64.0
-18.77,1625449482.0,64.0
-20.9,1625449482.0,64.0
-22.94,1625449482.0,64.0
-25.1,1625449482.0,64.0
-27.64,1625449482.0,64.0
-30.68,1625449482.0,64.0
-34.19,1625449482.0,64.0
-37.95,1625449482.0,64.0
-41.61,1625449482.0,64.0
-44.76,1625449482.0,64.0
-47.01,1625449482.0,64.0
-47.97,1625449482.0,64.0
-47.33,1625449482.0,64.0
-44.91,1625449482.0,64.0
-40.69,1625449482.0,64.0
-34.92,1625449482.0,64.0
-28.01,1625449482.0,64.0
-20.51,1625449482.0,64.0
-12.88,1625449482.0,64.0
-5.5,1625449482.0,64.0
1.53,1625449482.0,64.0
8.15,1625449482.0,64.0
14.33,1625449482.0,64.0
19.9,1625449482.0,64.0
24.58,1625449482.0,64.0
28.11,1625449482.0,64.0
30.41,1625449482.0,64.0
31.67,1625449482.0,64.0
32.34,1625449482.0,64.0
32.89,1625449482.0,64.0
33.65,1625449482.0,64.0
34.59,1625449482.0,64.0
35.41,1625449482.0,64.0
35.68,1625449482.0,64.0
35.12,1625449482.0,64.0
33.71,1625449482.0,64.0
31.7,1625449482.0,64.0
29.46,1625449482.0,64.0
27.32,1625449482.0,64.0
25.37,1625449482.0,64.0
23.5,1625449482.0,64.0
21.46,1625449482.0,64.0
19.01,1625449482.0,64.0
16.02,1625449482.0,64.0
12.56,1625449482.0,64.0
8.89,1625449482.0,64.0
5.32,1625449482.0,64.0
2.15,1625449482.0,64.0
-0.49,1625449482.0,64.0
-2.66,1625449482.0,64.0
-4.58,1625449482.0,64.0
-6.47,1625449482.0,64.0
-8.47,1625449482.0,64.0
-10.53,1625449482.0,64.0
-12.53,1625449482.0,64.0
-14.32,1625449482.0,64.0
-15.9,1625449482.0,64.0
-17.43,1625449482.0,64.0
-19.14,1625449482.0,64.0
-21.19,1625449482.0,64.0
-23.67,1625449482.0,64.0
-26.49,1625449482.0,64.0
-29.5,1625449482.0,64.0
-32.54,1625449482.0,64.0
-35.48,1625449482.0,64.0
-38.16,1625449482.0,64.0
-40.36,1625449482.0,64.0
-41.78,1625449482.0,64.0
-42.05,1625449482.0,64.0
-40.82,1625449482.0,64.0
-37.91,1625449482.0,64.0
-33.38,1625449482.0,64.0
-27.54,1625449482.0,64.0
-20.86,1625449482.0,64.0
-13.84,1625449482.0,64.0
-6.83,1625449482.0,64.0
-0.06,1625449482.0,64.0
6.4,1625449482.0,64.0
12.44,1625449482.0,64.0
17.85,1625449482.0,64.0
22.32,1625449482.0,64.0
25.57,1625449482.0,64.0
27.49,1625449482.0,64.0
28.27,1625449482.0,64.0
28.3,1625449482.0,64.0
28.04,1625449482.0,64.0
27.81,1625449482.0,64.0
27.71,1625449482.0,64.0
27.63,1625449482.0,64.0
27.35,1625449482.0,64.0
26.73,1625449482.0,64.0
25.69,1625449482.0,64.0
24.27,1625449482.0,64.0
22.57,1625449482.0,64.0
20.71,1625449482.0,64.0
18.83,1625449482.0,64.0
17.06,1625449482.0,64.0
15.43,1625449482.0,64.0
13.91,1625449482.0,64.0
12.35,1625449482.0,64.0
10.53,1625449482.0,64.0
8.26,1625449482.0,64.0
5.44,1625449482.0,64.0
2.09,1625449482.0,64.0
-1.68,1625449482.0,64.0
-5.71,1625449482.0,64.0
-9.77,1625449482.0,64.0
-13.54,1625449482.0,64.0
-16.66,1625449482.0,64.0
-18.78,1625449482.0,64.0
-19.68,1625449482.0,64.0
-19.44,1625449482.0,64.0
-18.5,1625449482.0,64.0
-17.52,1625449482.0,64.0
-17.15,1625449482.0,64.0
-17.81,1625449482.0,64.0
-19.53,1625449482.0,64.0
-22.04,1625449482.0,64.0
-24.92,1625449482.0,64.0
-27.79,1625449482.0,64.0
-30.35,1625449482.0,64.0
-32.33,1625449482.0,64.0
-33.45,1625449482.0,64.0
-33.35,1625449482.0,64.0
-31.81,1625449482.0,64.0
-28.84,1625449482.0,64.0
-24.74,1625449482.0,64.0
-19.98,1625449482.0,64.0
-15.01,1625449482.0,64.0
-10.02,1625449482.0,64.0
-4.96,1625449482.0,64.0
0.32,1625449482.0,64.0
5.86,1625449482.0,64.0
11.34,1625449482.0,64.0
16.28,1625449482.0,64.0
20.15,1625449482.0,64.0
22.75,1625449482.0,64.0
24.26,1625449482.0,64.0
25.21,1625449482.0,64.0
26.17,1625449482.0,64.0
27.53,1625449482.0,64.0
29.32,1625449482.0,64.0
31.21,1625449482.0,64.0
32.75,1625449482.0,64.0
33.46,1625449482.0,64.0
33.08,1625449482.0,64.0
31.6,1625449482.0,64.0
29.2,1625449482.0,64.0
26.17,1625449482.0,64.0
22.81,1625449482.0,64.0
19.37,1625449482.0,64.0
16.01,1625449482.0,64.0
12.82,1625449482.0,64.0
9.9,1625449482.0,64.0
7.32,1625449482.0,64.0
5.23,1625449482.0,64.0
3.65,1625449482.0,64.0
2.54,1625449482.0,64.0
1.68,1625449482.0,64.0
0.83,1625449482.0,64.0
-0.25,1625449482.0,64.0
-1.66,1625449482.0,64.0
-3.34,1625449482.0,64.0
-5.19,1625449482.0,64.0
-7.09,1625449482.0,64.0
-9.01,1625449482.0,64.0
-10.99,1625449482.0,64.0
-13.1,1625449482.0,64.0
-15.35,1625449482.0,64.0
-17.7,1625449482.0,64.0
-20.1,1625449482.0,64.0
-22.43,1625449482.0,64.0
-24.57,1625449482.0,64.0
-26.31,1625449482.0,64.0
-27.35,1625449482.0,64.0
-27.32,1625449482.0,64.0
-25.89,1625449482.0,64.0
-22.9,1625449482.0,64.0
-18.43,1625449482.0,64.0
-12.8,1625449482.0,64.0
-6.4,1625449482.0,64.0
0.36,1625449482.0,64.0
7.18,1625449482.0,64.0
13.8,1625449482.0,64.0
19.9,1625449482.0,64.0
25.05,1625449482.0,64.0
28.79,1625449482.0,64.0
30.77,1625449482.0,64.0
30.97,1625449482.0,64.0
29.72,1625449482.0,64.0
27.65,1625449482.0,64.0
25.46,1625449482.0,64.0
23.65,1625449482.0,64.0
22.4,1625449482.0,64.0
21.53,1625449482.0,64.0
20.72,1625449482.0,64.0
19.68,1625449482.0,64.0
18.26,1625449482.0,64.0
16.5,1625449482.0,64.0
14.54,1625449482.0,64.0
12.49,1625449482.0,64.0
10.43,1625449482.0,64.0
8.35,1625449482.0,64.0
6.22,1625449482.0,64.0
4.05,1625449482.0,64.0
1.84,1625449482.0,64.0
-0.38,1625449482.0,64.0
-2.57,1625449482.0,64.0
-4.73,1625449482.0,64.0
-6.89,1625449482.0,64.0
-9.02,1625449482.0,64.0
-11.13,1625449482.0,64.0
-13.18,1625449482.0,64.0
-15.18,1625449482.0,64.0
-17.12,1625449482.0,64.0
-19.0,1625449482.0,64.0
-20.82,1625449482.0,64.0
-22.56,1625449482.0,64.0
-24.27,1625449482.0,64.0
-26.02,1625449482.0,64.0
-27.94,1625449482.0,64.0
-30.07,1625449482.0,64.0
-32.29,1625449482.0,64.0
-34.23,1625449482.0,64.0
-35.38,1625449482.0,64.0
-35.19,1625449482.0,64.0
-33.27,1625449482.0,64.0
-29.57,1625449482.0,64.0
-24.36,1625449482.0,64.0
-18.13,1625449482.0,64.0
-11.42,1625449482.0,64.0
-4.72,1625449482.0,64.0
1.56,1625449482.0,64.0
7.13,1625449482.0,64.0
11.72,1625449482.0,64.0
15.15,1625449482.0,64.0
17.37,1625449482.0,64.0
18.51,1625449482.0,64.0
18.85,1625449482.0,64.0
18.8,1625449482.0,64.0
18.76,1625449482.0,64.0
19.04,1625449482.0,64.0
19.8,1625449482.0,64.0
21.01,1625449482.0,64.0
22.49,1625449482.0,64.0
23.96,1625449482.0,64.0
25.23,1625449482.0,64.0
26.18,1625449482.0,64.0
26.81,1625449482.0,64.0
27.14,1625449482.0,64.0
27.1,1625449482.0,64.0
26.5,1625449482.0,64.0
25.12,1625449482.0,64.0
22.83,1625449482.0,64.0
19.68,1625449482.0,64.0
15.99,1625449482.0,64.0
12.16,1625449482.0,64.0
8.5,1625449482.0,64.0
5.07,1625449482.0,64.0
1.67,1625449482.0,64.0
-1.96,1625449482.0,64.0
-6.03,1625449482.0,64.0
-10.52,1625449482.0,64.0
-15.24,1625449482.0,64.0
-19.94,1625449482.0,64.0
-24.4,1625449482.0,64.0
-28.5,1625449482.0,64.0
-32.2,1625449482.0,64.0
-35.51,1625449482.0,64.0
-38.44,1625449482.0,64.0
-40.99,1625449482.0,64.0
-43.14,1625449482.0,64.0
-44.84,1625449482.0,64.0
-45.97,1625449482.0,64.0
-46.35,1625449482.0,64.0
-45.71,1625449482.0,64.0
-43.79,1625449482.0,64.0
-40.36,1625449482.0,64.0
-35.36,1625449482.0,64.0
-28.91,1625449482.0,64.0
-21.35,1625449482.0,64.0
-13.12,1625449482.0,64.0
-4.71,1625449482.0,64.0
3.46,1625449482.0,64.0
11.02,1625449482.0,64.0
17.69,1625449482.0,64.0
23.19,1625449482.0,64.0
27.3,1625449482.0,64.0
29.96,1625449482.0,64.0
31.32,1625449482.0,64.0
31.79,1625449482.0,64.0
31.92,1625449482.0,64.0
32.21,1625449482.0,64.0
32.91,1625449482.0,64.0
33.91,1625449482.0,64.0
34.87,1625449482.0,64.0
35.36,1625449482.0,64.0
35.05,1625449482.0,64.0
33.85,1625449482.0,64.0
31.82,1625449482.0,64.0
29.15,1625449482.0,64.0
26.01,1625449482.0,64.0
22.55,1625449482.0,64.0
18.91,1625449482.0,64.0
15.22,1625449482.0,64.0
11.65,1625449482.0,64.0
8.32,1625449482.0,64.0
5.34,1625449482.0,64.0
2.72,1625449482.0,64.0
0.36,1625449482.0,64.0
-1.86,1625449482.0,64.0
-4.1,1625449482.0,64.0
-6.47,1625449482.0,64.0
-9.0,1625449482.0,64.0
-11.57,1625449482.0,64.0
-14.06,1625449482.0,64.0
-16.35,1625449482.0,64.0
-18.41,1625449482.0,64.0
-20.4,1625449482.0,64.0
-22.53,1625449482.0,64.0
-25.0,1625449482.0,64.0
-27.91,1625449482.0,64.0
-31.21,1625449482.0,64.0
-34.65,1625449482.0,64.0
-37.85,1625449482.0,64.0
-40.35,1625449482.0,64.0
-41.7,1625449482.0,64.0
-41.54,1625449482.0,64.0
-39.67,1625449482.0,64.0
-36.08,1625449482.0,64.0
-30.98,1625449482.0,64.0
-24.69,1625449482.0,64.0
-17.59,1625449482.0,64.0
-9.98,1625449482.0,64.0
-2.08,1625449482.0,64.0
5.91,1625449482.0,64.0
13.68,1625449482.0,64.0
20.78,1625449482.0,64.0
26.63,1625449482.0,64.0
30.7,1625449482.0,64.0
32.75,1625449482.0,64.0
32.93,1625449482.0,64.0
31.74,1625449482.0,64.0
29.86,1625449482.0,64.0
27.93,1625449482.0,64.0
26.32,1625449482.0,64.0
25.13,1625449482.0,64.0
24.24,1625449482.0,64.0
23.41,1625449482.0,64.0
22.49,1625449482.0,64.0
21.36,1625449482.0,64.0
19.98,1625449482.0,64.0
18.33,1625449482.0,64.0
16.43,1625449482.0,64.0
14.26,1625449482.0,64.0
11.85,1625449482.0,64.0
9.27,1625449482.0,64.0
6.61,1625449482.0,64.0
4.0,1625449482.0,64.0
1.51,1625449482.0,64.0
-0.78,1625449482.0,64.0
-2.88,1625449482.0,64.0
-4.87,1625449482.0,64.0
-6.89,1625449482.0,64.0
-9.08,1625449482.0,64.0
-11.5,1625449482.0,64.0
-14.12,1625449482.0,64.0
-16.78,1625449482.0,64.0
-19.23,1625449482.0,64.0
-21.29,1625449482.0,64.0
-22.89,1625449482.0,64.0
-24.08,1625449482.0,64.0
-25.06,1625449482.0,64.0
-26.03,1625449482.0,64.0
-27.14,1625449482.0,64.0
-28.4,1625449482.0,64.0
-29.73,1625449482.0,64.0
-30.95,1625449482.0,64.0
-31.78,1625449482.0,64.0
-31.92,1625449482.0,64.0
-31.03,1625449482.0,64.0
-28.79,1625449482.0,64.0
-25.03,1625449482.0,64.0
-19.77,1625449482.0,64.0
-13.25,1625449482.0,64.0
-5.95,1625449482.0,64.0
1.57,1625449482.0,64.0
8.78,1625449482.0,64.0
15.31,1625449482.0,64.0
20.99,1625449482.0,64.0
25.8,1625449482.0,64.0
29.7,1625449482.0,64.0
32.55,1625449482.0,64.0
34.01,1625449482.0,64.0
33.8,1625449482.0,64.0
31.83,1625449482.0,64.0
28.45,1625449482.0,64.0
24.41,1625449482.0,64.0
20.63,1625449482.0,64.0
17.8,1625449482.0,64.0
16.15,1625449482.0,64.0
15.4,1625449482.0,64.0
14.95,1625449482.0,64.0
14.24,1625449482.0,64.0
13.07,1625449482.0,64.0
11.57,1625449482.0,64.0
10.06,1625449482.0,64.0
8.76,1625449482.0,64.0
7.65,1625449482.0,64.0
6.5,1625449482.0,64.0
5.1,1625449482.0,64.0
3.4,1625449482.0,64.0
1.62,1625449482.0,64.0
0.09,1625449482.0,64.0
-0.92,1625449482.0,64.0
-1.47,1625449482.0,64.0
-1.91,1625449482.0,64.0
-2.7,1625449482.0,64.0
-4.18,1625449482.0,64.0
-6.36,1625449482.0,64.0
-8.97,1625449482.0,64.0
-11.53,1625449482.0,64.0
-13.64,1625449482.0,64.0
-15.13,1625449482.0,64.0
-16.09,1625449482.0,64.0
-16.77,1625449482.0,64.0
-17.46,1625449482.0,64.0
-18.43,1625449482.0,64.0
-19.8,1625449482.0,64.0
-21.57,1625449482.0,64.0
-23.54,1625449482.0,64.0
-25.3,1625449482.0,64.0
-26.28,1625449482.0,64.0
-25.85,1625449482.0,64.0
-23.57,1625449482.0,64.0
-19.32,1625449482.0,64.0
-13.4,1625449482.0,64.0
-6.4,1625449482.0,64.0
1.02,1625449482.0,64.0
8.29,1625449482.0,64.0
15.06,1625449482.0,64.0
21.12,1625449482.0,64.0
26.28,1625449482.0,64.0
30.31,1625449482.0,64.0
32.97,1625449482.0,64.0
34.17,1625449482.0,64.0
34.03,1625449482.0,64.0
32.97,1625449482.0,64.0
31.51,1625449482.0,64.0
30.11,1625449482.0,64.0
28.99,1625449482.0,64.0
28.12,1625449482.0,64.0
27.31,1625449482.0,64.0
26.35,1625449482.0,64.0
25.1,1625449482.0,64.0
23.56,1625449482.0,64.0
21.73,1625449482.0,64.0
19.61,1625449482.0,64.0
17.13,1625449482.0,64.0
14.24,1625449482.0,64.0
10.95,1625449482.0,64.0
7.42,1625449482.0,64.0
3.88,1625449482.0,64.0
0.6,1625449482.0,64.0
-2.21,1625449482.0,64.0
-4.49,1625449482.0,64.0
-6.27,1625449482.0,64.0
-7.69,1625449482.0,64.0
-8.91,1625449482.0,64.0
-10.13,1625449482.0,64.0
-11.53,1625449482.0,64.0
-13.26,1625449482.0,64.0
-15.41,1625449482.0,64.0
-17.94,1625449482.0,64.0
-20.72,1625449482.0,64.0
-23.52,1625449482.0,64.0
-26.18,1625449482.0,64.0
-28.62,1625449482.0,64.0
-30.92,1625449482.0,64.0
-33.14,1625449482.0,64.0
-35.27,1625449482.0,64.0
-37.04,1625449482.0,64.0
-38.02,1625449482.0,64.0
-37.75,1625449482.0,64.0
-35.9,1625449482.0,64.0
-32.44,1625449482.0,64.0
-27.59,1625449482.0,64.0
-21.72,1625449482.0,64.0
-15.1,1625449482.0,64.0
-7.93,1625449482.0,64.0
-0.31,1625449482.0,64.0
7.56,1625449482.0,64.0
15.25,1625449482.0,64.0
22.09,1625449482.0,64.0
27.39,1625449482.0,64.0
30.66,1625449482.0,64.0
31.88,1625449482.0,64.0
31.49,1625449482.0,64.0
30.25,1625449482.0,64.0
28.89,1625449482.0,64.0
27.83,1625449482.0,64.0
27.11,1625449482.0,64.0
26.46,1625449482.0,64.0
25.54,1625449482.0,64.0
24.15,1625449482.0,64.0
22.33,1625449482.0,64.0
20.21,1625449482.0,64.0
17.99,1625449482.0,64.0
15.75,1625449482.0,64.0
13.49,1625449482.0,64.0
11.17,1625449482.0,64.0
8.82,1625449482.0,64.0
6.49,1625449482.0,64.0
4.3,1625449482.0,64.0
2.32,1625449482.0,64.0
0.52,1625449482.0,64.0
-1.22,1625449482.0,64.0
-3.1,1625449482.0,64.0
-5.28,1625449482.0,64.0
-7.78,1625449482.0,64.0
-10.51,1625449482.0,64.0
-13.3,1625449482.0,64.0
-16.01,1625449482.0,64.0
-18.58,1625449482.0,64.0
-21.14,1625449482.0,64.0
-23.88,1625449482.0,64.0
-26.92,1625449482.0,64.0
-30.26,1625449482.0,64.0
-33.75,1625449482.0,64.0
-37.1,1625449482.0,64.0
-39.99,1625449482.0,64.0
-42.07,1625449482.0,64.0
-43.0,1625449482.0,64.0
-42.5,1625449482.0,64.0
-40.41,1625449482.0,64.0
-36.74,1625449482.0,64.0
-31.72,1625449482.0,64.0
-25.69,1625449482.0,64.0
-18.99,1625449482.0,64.0
-11.82,1625449482.0,64.0
-4.28,1625449482.0,64.0
3.56,1625449482.0,64.0
11.47,1625449482.0,64.0
19.02,1625449482.0,64.0
25.55,1625449482.0,64.0
30.45,1625449482.0,64.0
33.4,1625449482.0,64.0
34.48,1625449482.0,64.0
34.23,1625449482.0,64.0
33.34,1625449482.0,64.0
32.44,1625449482.0,64.0
31.85,1625449482.0,64.0
31.5,1625449482.0,64.0
31.1,1625449482.0,64.0
30.31,1625449482.0,64.0
28.99,1625449482.0,64.0
27.22,1625449482.0,64.0
25.18,1625449482.0,64.0
23.04,1625449482.0,64.0
20.76,1625449482.0,64.0
18.25,1625449482.0,64.0
15.4,1625449482.0,64.0
12.28,1625449482.0,64.0
9.09,1625449482.0,64.0
6.11,1625449482.0,64.0
3.54,1625449482.0,64.0
1.37,1625449482.0,64.0
-0.57,1625449482.0,64.0
-2.46,1625449482.0,64.0
-4.43,1625449482.0,64.0
-6.49,1625449482.0,64.0
-8.6,1625449482.0,64.0
-10.77,1625449482.0,64.0
-13.1,1625449482.0,64.0
-15.73,1625449482.0,64.0
-18.74,1625449482.0,64.0
-22.07,1625449482.0,64.0
-25.53,1625449482.0,64.0
-28.9,1625449482.0,64.0
-32.0,1625449482.0,64.0
-34.77,1625449482.0,64.0
-37.15,1625449482.0,64.0
-39.0,1625449482.0,64.0
-39.99,1625449482.0,64.0
-39.72,1625449482.0,64.0
-37.83,1625449482.0,64.0
-34.16,1625449482.0,64.0
-28.86,1625449482.0,64.0
-22.3,1625449482.0,64.0
-14.9,1625449482.0,64.0
-7.08,1625449482.0,64.0
0.85,1625449482.0,64.0
8.6,1625449482.0,64.0
15.84,1625449482.0,64.0
22.15,1625449482.0,64.0
27.1,1625449482.0,64.0
30.45,1625449482.0,64.0
32.24,1625449482.0,64.0
32.81,1625449482.0,64.0
32.65,1625449482.0,64.0
32.23,1625449482.0,64.0
31.84,1625449482.0,64.0
31.5,1625449482.0,64.0
31.09,1625449482.0,64.0
30.43,1625449482.0,64.0
29.43,1625449482.0,64.0
28.07,1625449482.0,64.0
26.38,1625449482.0,64.0
24.43,1625449482.0,64.0
22.23,1625449482.0,64.0
19.81,1625449482.0,64.0
17.22,1625449482.0,64.0
14.54,1625449482.0,64.0
11.88,1625449482.0,64.0
9.37,1625449482.0,64.0
7.06,1625449482.0,64.0
4.97,1625449482.0,64.0
3.06,1625449482.0,64.0
1.22,1625449482.0,64.0
-0.72,1625449482.0,64.0
-2.91,1625449482.0,64.0
-5.43,1625449482.0,64.0
-8.25,1625449482.0,64.0
-11.2,1625449482.0,64.0
-14.12,1625449482.0,64.0
-16.92,1625449482.0,64.0
-19.61,1625449482.0,64.0
-22.34,1625449482.0,64.0
-25.24,1625449482.0,64.0
-28.36,1625449482.0,64.0
-31.65,1625449482.0,64.0
-34.96,1625449482.0,64.0
-38.07,1625449482.0,64.0
-40.75,1625449482.0,64.0
-42.69,1625449482.0,64.0
-43.5,1625449482.0,64.0
-42.79,1625449482.0,64.0
-40.32,1625449482.0,64.0
-36.06,1625449482.0,64.0
-30.28,1625449482.0,64.0
-23.42,1625449482.0,64.0
-15.95,1625449482.0,64.0
-8.25,1625449482.0,64.0
-0.53,1625449482.0,64.0
7.01,1625449482.0,64.0
14.08,1625449482.0,64.0
20.31,1625449482.0,64.0
25.27,1625449482.0,64.0
28.64,1625449482.0,64.0
30.4,1625449482.0,64.0
30.85,1625449482.0,64.0
30.55,1625449482.0,64.0
30.06,1625449482.0,64.0
29.81,1625449482.0,64.0
29.86,1625449482.0,64.0
30.02,1625449482.0,64.0
29.92,1625449482.0,64.0
29.29,1625449482.0,64.0
28.07,1625449482.0,64.0
26.4,1625449482.0,64.0
24.57,1625449482.0,64.0
22.76,1625449482.0,64.0
21.01,1625449482.0,64.0
19.2,1625449482.0,64.0
17.19,1625449482.0,64.0
14.88,1625449482.0,64.0
12.28,1625449482.0,64.0
9.5,1625449482.0,64.0
6.67,1625449482.0,64.0
3.86,1625449482.0,64.0
1.11,1625449482.0,64.0
-1.57,1625449482.0,64.0
-4.12,1625449482.0,64.0
-6.44,1625449482.0,64.0
-8.45,1625449482.0,64.0
-10.13,1625449482.0,64.0
-11.56,1625449482.0,64.0
-12.92,1625449482.0,64.0
-14.42,1625449482.0,64.0
-16.23,1625449482.0,64.0
-18.42,1625449482.0,64.0
-20.91,1625449482.0,64.0
-23.55,1625449482.0,64.0
-26.16,1625449482.0,64.0
-28.65,1625449482.0,64.0
-30.97,1625449482.0,64.0
-33.07,1625449482.0,64.0
-34.75,1625449482.0,64.0
-35.64,1625449482.0,64.0
-35.26,1625449482.0,64.0
-33.16,1625449482.0,64.0
-29.1,1625449482.0,64.0
-23.2,1625449482.0,64.0
-15.91,1625449482.0,64.0
-7.87,1625449482.0,64.0
0.26,1625449482.0,64.0
7.97,1625449482.0,64.0
14.93,1625449482.0,64.0
20.94,1625449482.0,64.0
25.84,1625449482.0,64.0
29.48,1625449482.0,64.0
31.75,1625449482.0,64.0
32.7,1625449482.0,64.0
32.6,1625449482.0,64.0
31.85,1625449482.0,64.0
30.9,1625449482.0,64.0
30.05,1625449482.0,64.0
29.37,1625449482.0,64.0
28.72,1625449482.0,64.0
27.85,1625449482.0,64.0
26.58,1625449482.0,64.0
24.85,1625449482.0,64.0
22.77,1625449482.0,64.0
20.51,1625449482.0,64.0
18.26,1625449482.0,64.0
16.11,1625449482.0,64.0
14.1,1625449482.0,64.0
12.22,1625449482.0,64.0
10.44,1625449482.0,64.0
8.77,1625449482.0,64.0
7.23,1625449482.0,64.0
5.84,1625449482.0,64.0
4.58,1625449482.0,64.0
3.33,1625449482.0,64.0
1.91,1625449482.0,64.0
0.11,1625449482.0,64.0
-2.19,1625449482.0,64.0
-4.98,1625449482.0,64.0
-8.06,1625449482.0,64.0
-11.19,1625449482.0,64.0
-14.13,1625449482.0,64.0
-16.78,1625449482.0,64.0
-19.18,1625449482.0,64.0
-21.48,1625449482.0,64.0
-23.89,1625449482.0,64.0
-26.54,1625449482.0,64.0
-29.47,1625449482.0,64.0
-32.53,1625449482.0,64.0
-35.39,1625449482.0,64.0
-37.63,1625449482.0,64.0
-38.77,1625449482.0,64.0
-38.41,1625449482.0,64.0
-36.34,1625449482.0,64.0
-32.56,1625449482.0,64.0
-27.28,1625449482.0,64.0
-20.86,1625449482.0,64.0
-13.69,1625449482.0,64.0
-6.18,1625449482.0,64.0
1.3,1625449482.0,64.0
8.41,1625449482.0,64.0
14.8,1625449482.0,64.0
20.12,1625449482.0,64.0
24.12,1625449482.0,64.0
26.68,1625449482.0,64.0
27.92,1625449482.0,64.0
28.18,1625449482.0,64.0
27.88,1625449482.0,64.0
27.35,1625449482.0,64.0
26.72,1625449482.0,64.0
25.87,1625449482.0,64.0
24.61,1625449482.0,64.0
22.81,1625449482.0,64.0
20.58,1625449482.0,64.0
18.23,1625449482.0,64.0
16.1,1625449482.0,64.0
14.35,1625449482.0,64.0
12.94,1625449482.0,64.0
11.61,1625449482.0,64.0
10.06,1625449482.0,64.0
8.14,1625449482.0,64.0
5.88,1625449482.0,64.0
3.48,1625449482.0,64.0
1.17,1625449482.0,64.0
-0.87,1625449482.0,64.0
-2.56,1625449482.0,64.0
-3.91,1625449482.0,64.0
-5.05,1625449482.0,64.0
-6.17,1625449482.0,64.0
-7.48,1625449482.0,64.0
-9.17,1625449482.0,64.0
-11.29,1625449482.0,64.0
-13.77,1625449482.0,64.0
-16.47,1625449482.0,64.0
-19.2,1625449482.0,64.0
-21.87,1625449482.0,64.0
-24.46,1625449482.0,64.0
-27.02,1625449482.0,64.0
-29.57,1625449482.0,64.0
-32.13,1625449482.0,64.0
-34.65,1625449482.0,64.0
-37.07,1625449482.0,64.0
-39.22,1625449482.0,64.0
-40.85,1625449482.0,64.0
-41.6,1625449482.0,64.0
-41.1,1625449482.0,64.0
-39.06,1625449482.0,64.0
-35.43,1625449482.0,64.0
-30.39,1625449482.0,64.0
-24.33,1625449482.0,64.0
-17.7,1625449482.0,64.0
-10.89,1625449482.0,64.0
-4.09,1625449482.0,64.0
2.59,1625449482.0,64.0
9.09,1625449482.0,64.0
15.23,1625449482.0,64.0
20.69,1625449482.0,64.0
25.11,1625449482.0,64.0
28.19,1625449482.0,64.0
29.91,1625449482.0,64.0
30.53,1625449482.0,64.0
30.52,1625449482.0,64.0
30.33,1625449482.0,64.0
30.16,1625449482.0,64.0
29.96,1625449482.0,64.0
29.44,1625449482.0,64.0
28.33,1625449482.0,64.0
26.6,1625449482.0,64.0
24.47,1625449482.0,64.0
22.34,1625449482.0,64.0
20.54,1625449482.0,64.0
19.14,1625449482.0,64.0
17.92,1625449482.0,64.0
16.5,1625449482.0,64.0
14.55,1625449482.0,64.0
11.96,1625449482.0,64.0
8.91,1625449482.0,64.0
5.76,1625449482.0,64.0
2.91,1625449482.0,64.0
0.55,1625449482.0,64.0
-1.3,1625449482.0,64.0
-2.89,1625449482.0,64.0
-4.49,1625449482.0,64.0
-6.34,1625449482.0,64.0
-8.5,1625449482.0,64.0
-10.82,1625449482.0,64.0
-13.1,1625449482.0,64.0
-15.14,1625449482.0,64.0
-16.9,1625449482.0,64.0
-18.48,1625449482.0,64.0
-20.1,1625449482.0,64.0
-21.95,1625449482.0,64.0
-24.13,1625449482.0,64.0
-26.58,1625449482.0,64.0
-29.11,1625449482.0,64.0
-31.51,1625449482.0,64.0
-33.59,1625449482.0,64.0
-35.17,1625449482.0,64.0
-36.11,1625449482.0,64.0
-36.25,1625449482.0,64.0
-35.4,1625449482.0,64.0
-33.41,1625449482.0,64.0
-30.24,1625449482.0,64.0
-25.98,1625449482.0,64.0
-20.88,1625449482.0,64.0
-15.18,1625449482.0,64.0
-9.1,1625449482.0,64.0
-2.74,1625449482.0,64.0
3.75,1625449482.0,64.0
10.16,1625449482.0,64.0
16.07,1625449482.0,64.0
20.96,1625449482.0,64.0
24.39,1625449482.0,64.0
26.19,1625449482.0,64.0
26.6,1625449482.0,64.0
26.21,1625449482.0,64.0
25.74,1625449482.0,64.0
25.7,1625449482.0,64.0
26.22,1625449482.0,64.0
27.03,1625449482.0,64.0
27.67,1625449482.0,64.0
27.74,1625449482.0,64.0
27.07,1625449482.0,64.0
25.78,1625449482.0,64.0
24.1,1625449482.0,64.0
22.3,1625449482.0,64.0
20.49,1625449482.0,64.0
18.64,1625449482.0,64.0
16.64,1625449482.0,64.0
14.39,1625449482.0,64.0
11.89,1625449482.0,64.0
9.25,1625449482.0,64.0
6.64,1625449482.0,64.0
4.25,1625449482.0,64.0
2.2,1625449482.0,64.0
0.49,1625449482.0,64.0
-1.03,1625449482.0,64.0
-2.61,1625449482.0,64.0
-4.47,1625449482.0,64.0
-6.69,1625449482.0,64.0
-9.18,1625449482.0,64.0
-11.68,1625449482.0,64.0
-13.96,1625449482.0,64.0
-15.93,1625449482.0,64.0
-17.71,1625449482.0,64.0
-19.54,1625449482.0,64.0
-21.72,1625449482.0,64.0
-24.37,1625449482.0,64.0
-27.45,1625449482.0,64.0
-30.74,1625449482.0,64.0
-33.98,1625449482.0,64.0
-36.9,1625449482.0,64.0
-39.3,1625449482.0,64.0
-40.93,1625449482.0,64.0
-41.56,1625449482.0,64.0
-40.89,1625449482.0,64.0
-38.66,1625449482.0,64.0
-34.74,1625449482.0,64.0
-29.26,1625449482.0,64.0
-22.53,1625449482.0,64.0
-15.02,1625449482.0,64.0
-7.24,1625449482.0,64.0
0.42,1625449482.0,64.0
7.63,1625449482.0,64.0
14.14,1625449482.0,64.0
19.72,1625449482.0,64.0
24.12,1625449482.0,64.0
27.14,1625449482.0,64.0
28.78,1625449482.0,64.0
29.29,1625449482.0,64.0
29.14,1625449482.0,64.0
28.89,1625449482.0,64.0
28.9,1625449482.0,64.0
29.25,1625449482.0,64.0
29.68,1625449482.0,64.0
29.8,1625449482.0,64.0
29.28,1625449482.0,64.0
28.05,1625449482.0,64.0
26.33,1625449482.0,64.0
24.45,1625449482.0,64.0
22.7,1625449482.0,64.0
21.15,1625449482.0,64.0
19.68,1625449482.0,64.0
18.01,1625449482.0,64.0
15.95,1625449482.0,64.0
13.49,1625449482.0,64.0
10.81,1625449482.0,64.0
8.2,1625449482.0,64.0
5.91,1625449482.0,64.0
4.03,1625449482.0,64.0
2.44,1625449482.0,64.0
0.93,1625449482.0,64.0
-0.66,1625449482.0,64.0
-2.35,1625449482.0,64.0
-4.04,1625449482.0,64.0
-5.6,1625449482.0,64.0
-7.0,1625449482.0,64.0
-8.38,1625449482.0,64.0
-10.0,1625449482.0,64.0
-12.06,1625449482.0,64.0
-14.62,1625449482.0,64.0
-17.53,1625449482.0,64.0
-20.56,1625449482.0,64.0
-23.47,1625449482.0,64.0
-26.15,1625449482.0,64.0
-28.59,1625449482.0,64.0
-30.71,1625449482.0,64.0
-32.31,1625449482.0,64.0
-33.02,1625449482.0,64.0
-32.36,1625449482.0,64.0
-29.98,1625449482.0,64.0
-25.75,1625449482.0,64.0
-19.89,1625449482.0,64.0
-12.85,1625449482.0,64.0
-5.22,1625449482.0,64.0
2.44,1625449482.0,64.0
9.63,1625449482.0,64.0
15.99,1625449482.0,64.0
21.25,1625449482.0,64.0
25.24,1625449482.0,64.0
27.96,1625449482.0,64.0
29.61,1625449482.0,64.0
30.6,1625449482.0,64.0
31.42,1625449482.0,64.0
32.47,1625449482.0,64.0
33.8,1625449482.0,64.0
35.09,1625449482.0,64.0
35.72,1625449482.0,64.0
35.08,1625449482.0,64.0
32.85,1625449482.0,64.0
29.19,1625449482.0,64.0
24.65,1625449482.0,64.0
19.92,1625449482.0,64.0
15.54,1625449482.0,64.0
11.66,1625449482.0,64.0
8.16,1625449482.0,64.0
4.8,1625449482.0,64.0
1.47,1625449482.0,64.0
-1.73,1625449482.0,64.0
-4.53,1625449482.0,64.0
-6.72,1625449482.0,64.0
-8.24,1625449482.0,64.0
-9.25,1625449482.0,64.0
-10.05,1625449482.0,64.0
-10.87,1625449482.0,64.0
-11.84,1625449482.0,64.0
-12.98,1625449482.0,64.0
-14.28,1625449482.0,64.0
-15.74,1625449482.0,64.0
-17.44,1625449482.0,64.0
-19.46,1625449482.0,64.0
-21.87,1625449482.0,64.0
-24.71,1625449482.0,64.0
-27.9,1625449482.0,64.0
-31.33,1625449482.0,64.0
-34.78,1625449482.0,64.0
-37.94,1625449482.0,64.0
-40.39,1625449482.0,64.0
-41.65,1625449482.0,64.0
-41.29,1625449482.0,64.0
-39.05,1625449482.0,64.0
-34.93,1625449482.0,64.0
-29.18,1625449482.0,64.0
-22.23,1625449482.0,64.0
-14.55,1625449482.0,64.0
-6.51,1625449482.0,64.0
1.64,1625449482.0,64.0
9.66,1625449482.0,64.0
17.27,1625449482.0,64.0
24.07,1625449482.0,64.0
29.61,1625449482.0,64.0
33.55,1625449482.0,64.0
35.79,1625449482.0,64.0
36.5,1625449482.0,64.0
36.11,1625449482.0,64.0
35.08,1625449482.0,64.0
33.8,1625449482.0,64.0
32.44,1625449482.0,64.0
31.04,1625449482.0,64.0
29.52,1625449482.0,64.0
27.83,1625449482.0,64.0
25.96,1625449482.0,64.0
23.98,1625449482.0,64.0
21.9,1625449482.0,64.0
19.72,1625449482.0,64.0
17.37,1625449482.0,64.0
14.74,1625449482.0,64.0
11.75,1625449482.0,64.0
8.46,1625449482.0,64.0
5.01,1625449482.0,64.0
1.62,1625449482.0,64.0
-1.5,1625449482.0,64.0
-4.25,1625449482.0,64.0
-6.63,1625449482.0,64.0
-8.73,1625449482.0,64.0
-10.65,1625449482.0,64.0
-12.48,1625449482.0,64.0
-14.25,1625449482.0,64.0
-15.97,1625449482.0,64.0
-17.67,1625449482.0,64.0
-19.4,1625449482.0,64.0
-21.22,1625449482.0,64.0
-23.18,1625449482.0,64.0
-25.31,1625449482.0,64.0
-27.63,1625449482.0,64.0
-30.15,1625449482.0,64.0
-32.8,1625449482.0,64.0
-35.37,1625449482.0,64.0
-37.51,1625449482.0,64.0
-38.75,1625449482.0,64.0
-38.63,1625449482.0,64.0
-36.83,1625449482.0,64.0
-33.31,1625449482.0,64.0
-28.3,1625449482.0,64.0
-22.21,1625449482.0,64.0
-15.47,1625449482.0,64.0
-8.38,1625449482.0,64.0
-1.14,1625449482.0,64.0
6.12,1625449482.0,64.0
13.18,1625449482.0,64.0
19.61,1625449482.0,64.0
24.94,1625449482.0,64.0
28.74,1625449482.0,64.0
30.9,1625449482.0,64.0
31.71,1625449482.0,64.0
31.74,1625449482.0,64.0
31.6,1625449482.0,64.0
31.7,1625449482.0,64.0
32.11,1625449482.0,64.0
32.55,1625449482.0,64.0
32.66,1625449482.0,64.0
32.1,1625449482.0,64.0
30.75,1625449482.0,64.0
28.64,1625449482.0,64.0
25.93,1625449482.0,64.0
22.79,1625449482.0,64.0
19.36,1625449482.0,64.0
15.74,1625449482.0,64.0
12.01,1625449482.0,64.0
8.29,1625449482.0,64.0
4.7,1625449482.0,64.0
1.38,1625449482.0,64.0
-1.62,1625449482.0,64.0
-4.34,1625449482.0,64.0
-6.91,1625449482.0,64.0
-9.54,1625449482.0,64.0
-12.35,1625449482.0,64.0
-15.32,1625449482.0,64.0
-18.26,1625449482.0,64.0
-20.84,1625449482.0,64.0
-22.76,1625449482.0,64.0
-23.94,1625449482.0,64.0
-24.57,1625449482.0,64.0
-25.06,1625449482.0,64.0
-25.87,1625449482.0,64.0
-27.31,1625449482.0,64.0
-29.43,1625449482.0,64.0
-31.96,1625449482.0,64.0
-34.42,1625449482.0,64.0
-36.29,1625449482.0,64.0
-37.06,1625449482.0,64.0
-36.38,1625449482.0,64.0
-34.06,1625449482.0,64.0
-30.11,1625449482.0,64.0
-24.79,1625449482.0,64.0
-18.52,1625449482.0,64.0
-11.79,1625449482.0,64.0
-4.99,1625449482.0,64.0
1.64,1625449482.0,64.0
8.09,1625449482.0,64.0
14.33,1625449482.0,64.0
20.23,1625449482.0,64.0
25.47,1625449482.0,64.0
29.63,1625449482.0,64.0
32.43,1625449482.0,64.0
33.87,1625449482.0,64.0
34.27,1625449482.0,64.0
34.12,1625449482.0,64.0
33.83,1625449482.0,64.0
33.6,1625449482.0,64.0
33.36,1625449482.0,64.0
32.87,1625449482.0,64.0
31.92,1625449482.0,64.0
30.4,1625449482.0,64.0
28.32,1625449482.0,64.0
25.76,1625449482.0,64.0
22.8,1625449482.0,64.0
19.53,1625449482.0,64.0
16.02,1625449482.0,64.0
12.38,1625449482.0,64.0
8.72,1625449482.0,64.0
5.18,1625449482.0,64.0
1.89,1625449482.0,64.0
-1.04,1625449482.0,64.0
-3.56,1625449482.0,64.0
-5.64,1625449482.0,64.0
-7.34,1625449482.0,64.0
-8.76,1625449482.0,64.0
-10.03,1625449482.0,64.0
-11.33,1625449482.0,64.0
-12.76,1625449482.0,64.0
-14.39,1625449482.0,64.0
-16.24,1625449482.0,64.0
-18.27,1625449482.0,64.0
-20.46,1625449482.0,64.0
-22.81,1625449482.0,64.0
-25.29,1625449482.0,64.0
-27.92,1625449482.0,64.0
-30.67,1625449482.0,64.0
-33.42,1625449482.0,64.0
-36.0,1625449482.0,64.0
-38.13,1625449482.0,64.0
-39.43,1625449482.0,64.0
-39.52,1625449482.0,64.0
-38.07,1625449482.0,64.0
-34.93,1625449482.0,64.0
-30.18,1625449482.0,64.0
-24.18,1625449482.0,64.0
-17.42,1625449482.0,64.0
-10.37,1625449482.0,64.0
-3.35,1625449482.0,64.0
3.45,1625449482.0,64.0
9.9,1625449482.0,64.0
15.76,1625449482.0,64.0
20.66,1625449482.0,64.0
24.2,1625449482.0,64.0
26.11,1625449482.0,64.0
26.47,1625449482.0,64.0
25.72,1625449482.0,64.0
24.6,1625449482.0,64.0
23.78,1625449482.0,64.0
23.69,1625449482.0,64.0
24.37,1625449482.0,64.0
25.48,1625449482.0,64.0
26.53,1625449482.0,64.0
27.05,1625449482.0,64.0
26.78,1625449482.0,64.0
25.68,1625449482.0,64.0
23.91,1625449482.0,64.0
21.75,1625449482.0,64.0
19.44,1625449482.0,64.0
17.15,1625449482.0,64.0
14.93,1625449482.0,64.0
12.75,1625449482.0,64.0
10.6,1625449482.0,64.0
8.49,1625449482.0,64.0
6.44,1625449482.0,64.0
4.46,1625449482.0,64.0
2.52,1625449482.0,64.0
0.61,1625449482.0,64.0
-1.34,1625449482.0,64.0
-3.35,1625449482.0,64.0
-5.44,1625449482.0,64.0
-7.64,1625449482.0,64.0
-9.95,1625449482.0,64.0
-12.35,1625449482.0,64.0
-14.84,1625449482.0,64.0
-17.37,1625449482.0,64.0
-19.99,1625449482.0,64.0
-22.78,1625449482.0,64.0
-25.83,1625449482.0,64.0
-29.08,1625449482.0,64.0
-32.27,1625449482.0,64.0
-34.88,1625449482.0,64.0
-36.3,1625449482.0,64.0
-35.98,1625449482.0,64.0
-33.68,1625449482.0,64.0
-29.49,1625449482.0,64.0
-23.76,1625449482.0,64.0
-16.94,1625449482.0,64.0
-9.51,1625449482.0,64.0
-1.81,1625449482.0,64.0
5.81,1625449482.0,64.0
12.99,1625449482.0,64.0
19.26,1625449482.0,64.0
24.14,1625449482.0,64.0
27.26,1625449482.0,64.0
28.5,1625449482.0,64.0
28.12,1625449482.0,64.0
26.63,1625449482.0,64.0
24.71,1625449482.0,64.0
22.95,1625449482.0,64.0
21.68,1625449482.0,64.0
20.94,1625449482.0,64.0
20.6,1625449482.0,64.0
20.48,1625449482.0,64.0
20.48,1625449482.0,64.0
20.58,1625449482.0,64.0
20.75,1625449482.0,64.0
20.88,1625449482.0,64.0
20.75,1625449482.0,64.0
20.15,1625449482.0,64.0
18.94,1625449482.0,64.0
17.21,1625449482.0,64.0
15.19,1625449482.0,64.0
13.19,1625449482.0,64.0
11.4,1625449482.0,64.0
9.81,1625449482.0,64.0
8.18,1625449482.0,64.0
6.22,1625449482.0,64.0
3.71,1625449482.0,64.0
0.61,1625449482.0,64.0
-2.88,1625449482.0,64.0
-6.43,1625449482.0,64.0
-9.75,1625449482.0,64.0
-12.66,1625449482.0,64.0
-15.2,1625449482.0,64.0
-17.54,1625449482.0,64.0
-19.89,1625449482.0,64.0
-22.38,1625449482.0,64.0
-24.93,1625449482.0,64.0
-27.22,1625449482.0,64.0
-28.78,1625449482.0,64.0
-29.1,1625449482.0,64.0
-27.83,1625449482.0,64.0
-24.92,1625449482.0,64.0
-20.59,1625449482.0,64.0
-15.27,1625449482.0,64.0
-9.38,1625449482.0,64.0
-3.21,1625449482.0,64.0
3.05,1625449482.0,64.0
9.19,1625449482.0,64.0
14.82,1625449482.0,64.0
19.41,1625449482.0,64.0
22.46,1625449482.0,64.0
23.74,1625449482.0,64.0
23.49,1625449482.0,64.0
22.3,1625449482.0,64.0
20.92,1625449482.0,64.0
19.9,1625449482.0,64.0
19.44,1625449482.0,64.0
19.33,1625449482.0,64.0
19.24,1625449482.0,64.0
18.83,1625449482.0,64.0
17.9,1625449482.0,64.0
16.44,1625449482.0,64.0
14.51,1625449482.0,64.0
12.27,1625449482.0,64.0
9.86,1625449482.0,64.0
7.46,1625449482.0,64.0
5.25,1625449482.0,64.0
3.31,1625449482.0,64.0
1.58,1625449482.0,64.0
-0.09,1625449482.0,64.0
-1.91,1625449482.0,64.0
-4.03,1625449482.0,64.0
-6.43,1625449482.0,64.0
-8.99,1625449482.0,64.0
-11.53,1625449482.0,64.0
-13.92,1625449482.0,64.0
-16.12,1625449482.0,64.0
-18.21,1625449482.0,64.0
-20.32,1625449482.0,64.0
-22.57,1625449482.0,64.0
-25.03,1625449482.0,64.0
-27.71,1625449482.0,64.0
-30.47,1625449482.0,64.0
-33.02,1625449482.0,64.0
-34.95,1625449482.0,64.0
-35.8,1625449482.0,64.0
-35.19,1625449482.0,64.0
-32.93,1625449482.0,64.0
-29.07,1625449482.0,64.0
-23.88,1625449482.0,64.0
-17.72,1625449482.0,64.0
-10.97,1625449482.0,64.0
-3.91,1625449482.0,64.0
3.2,1625449482.0,64.0
10.08,1625449482.0,64.0
16.35,1625449482.0,64.0
21.6,1625449482.0,64.0
25.45,1625449482.0,64.0
27.73,1625449482.0,64.0
28.6,1625449482.0,64.0
28.47,1625449482.0,64.0
27.84,1625449482.0,64.0
27.11,1625449482.0,64.0
26.46,1625449482.0,64.0
25.78,1625449482.0,64.0
24.84,1625449482.0,64.0
23.43,1625449482.0,64.0
21.49,1625449482.0,64.0
19.14,1625449482.0,64.0
16.61,1625449482.0,64.0
14.08,1625449482.0,64.0
11.69,1625449482.0,64.0
9.42,1625449482.0,64.0
7.19,1625449482.0,64.0
4.86,1625449482.0,64.0
2.33,1625449482.0,64.0
-0.42,1625449482.0,64.0
-3.32,1625449482.0,64.0
-6.18,1625449482.0,64.0
-8.79,1625449482.0,64.0
-10.97,1625449482.0,64.0
-12.71,1625449482.0,64.0
-14.21,1625449482.0,64.0
-15.8,1625449482.0,64.0
-17.84,1625449482.0,64.0
-20.51,1625449482.0,64.0
-23.76,1625449482.0,64.0
-27.33,1625449482.0,64.0
-30.93,1625449482.0,64.0
-34.25,1625449482.0,64.0
-37.09,1625449482.0,64.0
-39.24,1625449482.0,64.0
-40.37,1625449482.0,64.0
-40.08,1625449482.0,64.0
-38.01,1625449482.0,64.0
-34.06,1625449482.0,64.0
-28.5,1625449482.0,64.0
-21.93,1625449482.0,64.0
-15.01,1625449482.0,64.0
-8.19,1625449482.0,64.0
-1.59,1625449482.0,64.0
4.89,1625449482.0,64.0
11.28,1625449482.0,64.0
17.35,1625449482.0,64.0
22.61,1625449482.0,64.0
26.49,1625449482.0,64.0
28.71,1625449482.0,64.0
29.44,1625449482.0,64.0
29.24,1625449482.0,64.0
28.79,1625449482.0,64.0
28.54,1625449482.0,64.0
28.56,1625449482.0,64.0
28.57,1625449482.0,64.0
28.18,1625449482.0,64.0
27.12,1625449482.0,64.0
25.34,1625449482.0,64.0
23.0,1625449482.0,64.0
20.3,1625449482.0,64.0
17.41,1625449482.0,64.0
14.43,1625449482.0,64.0
11.41,1625449482.0,64.0
8.37,1625449482.0,64.0
5.36,1625449482.0,64.0
2.45,1625449482.0,64.0
-0.33,1625449482.0,64.0
-2.9,1625449482.0,64.0
-5.23,1625449482.0,64.0
-7.28,1625449482.0,64.0
-9.13,1625449482.0,64.0
-10.95,1625449482.0,64.0
-13.0,1625449482.0,64.0
-15.53,1625449482.0,64.0
-18.62,1625449482.0,64.0
-22.17,1625449482.0,64.0
-25.89,1625449482.0,64.0
-29.45,1625449482.0,64.0
-32.61,1625449482.0,64.0
-35.31,1625449482.0,64.0
-37.56,1625449482.0,64.0
-39.34,1625449482.0,64.0
-40.46,1625449482.0,64.0
-40.52,1625449482.0,64.0
-39.08,1625449482.0,64.0
-35.84,1625449482.0,64.0
-30.79,1625449482.0,64.0
-24.24,1625449482.0,64.0
-16.69,1625449482.0,64.0
-8.66,1625449482.0,64.0
-0.56,1625449482.0,64.0
7.3,1625449482.0,64.0
14.61,1625449482.0,64.0
21.05,1625449482.0,64.0
26.22,1625449482.0,64.0
29.79,1625449482.0,64.0
31.7,1625449482.0,64.0
32.16,1625449482.0,64.0
31.71,1625449482.0,64.0
30.93,1625449482.0,64.0
30.29,1625449482.0,64.0
29.93,1625449482.0,64.0
29.68,1625449482.0,64.0
29.19,1625449482.0,64.0
28.15,1625449482.0,64.0
26.42,1625449482.0,64.0
24.1,1625449482.0,64.0
21.46,1625449482.0,64.0
18.77,1625449482.0,64.0
16.18,1625449482.0,64.0
13.7,1625449482.0,64.0
11.25,1625449482.0,64.0
8.8,1625449482.0,64.0
6.37,1625449482.0,64.0
4.1,1625449482.0,64.0
2.09,1625449482.0,64.0
0.35,1625449482.0,64.0
-1.26,1625449482.0,64.0
-2.97,1625449482.0,64.0
-4.99,1625449482.0,64.0
-7.41,1625449482.0,64.0
-10.14,1625449482.0,64.0
-12.99,1625449482.0,64.0
-15.76,1625449482.0,64.0
-18.36,1625449482.0,64.0
-20.81,1625449482.0,64.0
-23.2,1625449482.0,64.0
-25.61,1625449482.0,64.0
-28.04,1625449482.0,64.0
-30.4,1625449482.0,64.0
-32.53,1625449482.0,64.0
-34.19,1625449482.0,64.0
-35.11,1625449482.0,64.0
-34.97,1625449482.0,64.0
-33.51,1625449482.0,64.0
-30.54,1625449482.0,64.0
-26.06,1625449482.0,64.0
-20.25,1625449482.0,64.0
-13.46,1625449482.0,64.0
-6.12,1625449482.0,64.0
1.31,1625449482.0,64.0
8.42,1625449482.0,64.0
14.84,1625449482.0,64.0
20.21,1625449482.0,64.0
24.22,1625449482.0,64.0
26.71,1625449482.0,64.0
27.74,1625449482.0,64.0
27.68,1625449482.0,64.0
27.05,1625449482.0,64.0
26.4,1625449482.0,64.0
26.08,1625449482.0,64.0
26.09,1625449482.0,64.0
26.13,1625449482.0,64.0
25.81,1625449482.0,64.0
24.82,1625449482.0,64.0
23.09,1625449482.0,64.0
20.79,1625449482.0,64.0
18.22,1625449482.0,64.0
15.66,1625449482.0,64.0
13.29,1625449482.0,64.0
11.2,1625449482.0,64.0
9.41,1625449482.0,64.0
7.89,1625449482.0,64.0
6.56,1625449482.0,64.0
5.33,1625449482.0,64.0
4.02,1625449482.0,64.0
2.51,1625449482.0,64.0
0.73,1625449482.0,64.0
-1.3,1625449482.0,64.0
-3.49,1625449482.0,64.0
-5.78,1625449482.0,64.0
-8.14,1625449482.0,64.0
-10.61,1625449482.0,64.0
-13.2,1625449482.0,64.0
-15.85,1625449482.0,64.0
-18.43,1625449482.0,64.0
-20.86,1625449482.0,64.0
-23.14,1625449482.0,64.0
-25.43,1625449482.0,64.0
-27.95,1625449482.0,64.0
-30.77,1625449482.0,64.0
-33.65,1625449482.0,64.0
-36.01,1625449482.0,64.0
-37.06,1625449482.0,64.0
-36.13,1625449482.0,64.0
-32.91,1625449482.0,64.0
-27.6,1625449482.0,64.0
-20.81,1625449482.0,64.0
-13.3,1625449482.0,64.0
-5.71,1625449482.0,64.0
1.56,1625449482.0,64.0
8.35,1625449482.0,64.0
14.54,1625449482.0,64.0
19.97,1625449482.0,64.0
24.37,1625449482.0,64.0
27.47,1625449482.0,64.0
29.15,1625449482.0,64.0
29.57,1625449482.0,64.0
29.16,1625449482.0,64.0
28.49,1625449482.0,64.0
28.02,1625449482.0,64.0
27.94,1625449482.0,64.0
28.11,1625449482.0,64.0
28.2,1625449482.0,64.0
27.88,1625449482.0,64.0
26.97,1625449482.0,64.0
25.49,1625449482.0,64.0
23.58,1625449482.0,64.0
21.37,1625449482.0,64.0
18.92,1625449482.0,64.0
16.21,1625449482.0,64.0
13.29,1625449482.0,64.0
10.26,1625449482.0,64.0
7.35,1625449482.0,64.0
4.74,1625449482.0,64.0
2.55,1625449482.0,64.0
0.77,1625449482.0,64.0
-0.72,1625449482.0,64.0
-2.05,1625449482.0,64.0
-3.31,1625449482.0,64.0
-4.58,1625449482.0,64.0
-5.94,1625449482.0,64.0
-7.46,1625449482.0,64.0
-9.19,1625449482.0,64.0
-11.18,1625449482.0,64.0
-13.41,1625449482.0,64.0
-15.88,1625449482.0,64.0
-18.59,1625449482.0,64.0
-21.55,1625449482.0,64.0
-24.69,1625449482.0,64.0
-27.83,1625449482.0,64.0
-30.6,1625449482.0,64.0
-32.49,1625449482.0,64.0
-32.98,1625449482.0,64.0
-31.66,1625449482.0,64.0
-28.4,1625449482.0,64.0
-23.37,1625449482.0,64.0
-16.99,1625449482.0,64.0
-9.86,1625449482.0,64.0
-2.58,1625449482.0,64.0
4.29,1625449482.0,64.0
10.37,1625449482.0,64.0
15.35,1625449482.0,64.0
19.1,1625449482.0,64.0
21.55,1625449482.0,64.0
22.77,1625449482.0,64.0
23.0,1625449482.0,64.0
22.58,1625449482.0,64.0
22.0,1625449482.0,64.0
21.65,1625449482.0,64.0
21.78,1625449482.0,64.0
22.33,1625449482.0,64.0
22.96,1625449482.0,64.0
23.16,1625449482.0,64.0
22.43,1625449482.0,64.0
20.54,1625449482.0,64.0
17.6,1625449482.0,64.0
14.05,1625449482.0,64.0
10.44,1625449482.0,64.0
7.23,1625449482.0,64.0
4.59,1625449482.0,64.0
2.46,1625449482.0,64.0
0.61,1625449482.0,64.0
-1.12,1625449482.0,64.0
-2.83,1625449482.0,64.0
-4.5,1625449482.0,64.0
-6.17,1625449482.0,64.0
-7.95,1625449482.0,64.0
-9.99,1625449482.0,64.0
-12.4,1625449482.0,64.0
-15.08,1625449482.0,64.0
-17.72,1625449482.0,64.0
-19.93,1625449482.0,64.0
-21.34,1625449482.0,64.0
-21.87,1625449482.0,64.0
-21.69,1625449482.0,64.0
-21.18,1625449482.0,64.0
-20.75,1625449482.0,64.0
-20.67,1625449482.0,64.0
-20.99,1625449482.0,64.0
-21.49,1625449482.0,64.0
-21.77,1625449482.0,64.0
-21.41,1625449482.0,64.0
-20.07,1625449482.0,64.0
-17.58,1625449482.0,64.0
-13.98,1625449482.0,64.0
-9.49,1625449482.0,64.0
-4.41,1625449482.0,64.0
0.93,1625449482.0,64.0
6.18,1625449482.0,64.0
10.97,1625449482.0,64.0
14.94,1625449482.0,64.0
17.78,1625449482.0,64.0
19.31,1625449482.0,64.0
19.55,1625449482.0,64.0
18.8,1625449482.0,64.0
17.58,1625449482.0,64.0
16.49,1625449482.0,64.0
16.05,1625449482.0,64.0
16.53,1625449482.0,64.0
17.87,1625449482.0,64.0
19.74,1625449482.0,64.0
21.65,1625449482.0,64.0
23.06,1625449482.0,64.0
23.58,1625449482.0,64.0
23.0,1625449482.0,64.0
21.36,1625449482.0,64.0
18.89,1625449482.0,64.0
15.93,1625449482.0,64.0
12.84,1625449482.0,64.0
9.89,1625449482.0,64.0
7.19,1625449482.0,64.0
4.7,1625449482.0,64.0
2.29,1625449482.0,64.0
-0.17,1625449482.0,64.0
-2.72,1625449482.0,64.0
-5.23,1625449482.0,64.0
-7.55,1625449482.0,64.0
-9.56,1625449482.0,64.0
-11.3,1625449482.0,64.0
-12.9,1625449482.0,64.0
-14.57,1625449482.0,64.0
-16.47,1625449482.0,64.0
-18.65,1625449482.0,64.0
-21.08,1625449482.0,64.0
-23.74,1625449482.0,64.0
-26.63,1625449482.0,64.0
-29.77,1625449482.0,64.0
-33.08,1625449482.0,64.0
-36.3,1625449482.0,64.0
-38.93,1625449482.0,64.0
-40.36,1625449482.0,64.0
-40.06,1625449482.0,64.0
-37.74,1625449482.0,64.0
-33.49,1625449482.0,64.0
-27.73,1625449482.0,64.0
-21.04,1625449482.0,64.0
-13.94,1625449482.0,64.0
-6.82,1625449482.0,64.0
0.12,1625449482.0,64.0
6.76,1625449482.0,64.0
12.92,1625449482.0,64.0
18.3,1625449482.0,64.0
22.55,1625449482.0,64.0
25.43,1625449482.0,64.0
26.93,1625449482.0,64.0
27.34,1625449482.0,64.0
27.1,1625449482.0,64.0
26.65,1625449482.0,64.0
26.24,1625449482.0,64.0
25.9,1625449482.0,64.0
25.46,1625449482.0,64.0
24.77,1625449482.0,64.0
23.74,1625449482.0,64.0
22.41,1625449482.0,64.0
20.87,1625449482.0,64.0
19.18,1625449482.0,64.0
17.33,1625449482.0,64.0
15.27,1625449482.0,64.0
12.97,1625449482.0,64.0
10.46,1625449482.0,64.0
7.84,1625449482.0,64.0
5.25,1625449482.0,64.0
2.77,1625449482.0,64.0
0.44,1625449482.0,64.0
-1.79,1625449482.0,64.0
-4.0,1625449482.0,64.0
-6.26,1625449482.0,64.0
-8.65,1625449482.0,64.0
-11.23,1625449482.0,64.0
-14.1,1625449482.0,64.0
-17.34,1625449482.0,64.0
-20.98,1625449482.0,64.0
-24.94,1625449482.0,64.0
-29.04,1625449482.0,64.0
-33.01,1625449482.0,64.0
-36.6,1625449482.0,64.0
-39.62,1625449482.0,64.0
-41.9,1625449482.0,64.0
-43.31,1625449482.0,64.0
-43.67,1625449482.0,64.0
-42.77,1625449482.0,64.0
-40.46,1625449482.0,64.0
-36.7,1625449482.0,64.0
-31.7,1625449482.0,64.0
-25.77,1625449482.0,64.0
-19.31,1625449482.0,64.0
-12.62,1625449482.0,64.0
-5.92,1625449482.0,64.0
0.6,1625449482.0,64.0
6.65,1625449482.0,64.0
11.86,1625449482.0,64.0
15.82,1625449482.0,64.0
18.3,1625449482.0,64.0
19.42,1625449482.0,64.0
19.67,1625449482.0,64.0
19.78,1625449482.0,64.0
20.36,1625449482.0,64.0
21.64,1625449482.0,64.0
23.43,1625449482.0,64.0
25.27,1625449482.0,64.0
26.74,1625449482.0,64.0
27.71,1625449482.0,64.0
28.32,1625449482.0,64.0
28.74,1625449482.0,64.0
28.99,1625449482.0,64.0
28.85,1625449482.0,64.0
27.98,1625449482.0,64.0
26.21,1625449482.0,64.0
23.7,1625449482.0,64.0
20.81,1625449482.0,64.0
17.91,1625449482.0,64.0
15.11,1625449482.0,64.0
12.25,1625449482.0,64.0
9.08,1625449482.0,64.0
5.49,1625449482.0,64.0
1.65,1625449482.0,64.0
-2.12,1625449482.0,64.0
-5.62,1625449482.0,64.0
-8.91,1625449482.0,64.0
-12.36,1625449482.0,64.0
-16.36,1625449482.0,64.0
-21.07,1625449482.0,64.0
-26.36,1625449482.0,64.0
-31.79,1625449482.0,64.0
-36.92,1625449482.0,64.0
-41.44,1625449482.0,64.0
-45.26,1625449482.0,64.0
-48.33,1625449482.0,64.0
-50.51,1625449482.0,64.0
-51.44,1625449482.0,64.0
-50.66,1625449482.0,64.0
-47.89,1625449482.0,64.0
-43.15,1625449482.0,64.0
-36.88,1625449482.0,64.0
-29.7,1625449482.0,64.0
-22.22,1625449482.0,64.0
-14.79,1625449482.0,64.0
-7.5,1625449482.0,64.0
-0.27,1625449482.0,64.0
6.82,1625449482.0,64.0
13.48,1625449482.0,64.0
19.2,1625449482.0,64.0
23.48,1625449482.0,64.0
26.07,1625449482.0,64.0
27.15,1625449482.0,64.0
27.26,1625449482.0,64.0
27.09,1625449482.0,64.0
27.23,1625449482.0,64.0
28.0,1625449482.0,64.0
29.4,1625449482.0,64.0
31.16,1625449482.0,64.0
32.9,1625449482.0,64.0
34.21,1625449482.0,64.0
34.73,1625449482.0,64.0
34.19,1625449482.0,64.0
32.51,1625449482.0,64.0
29.77,1625449482.0,64.0
26.23,1625449482.0,64.0
22.25,1625449482.0,64.0
18.17,1625449482.0,64.0
14.29,1625449482.0,64.0
10.79,1625449482.0,64.0
7.76,1625449482.0,64.0
5.21,1625449482.0,64.0
3.08,1625449482.0,64.0
1.26,1625449482.0,64.0
-0.46,1625449482.0,64.0
-2.25,1625449482.0,64.0
-4.28,1625449482.0,64.0
-6.6,1625449482.0,64.0
-9.12,1625449482.0,64.0
-11.69,1625449482.0,64.0
-14.12,1625449482.0,64.0
-16.36,1625449482.0,64.0
-18.48,1625449482.0,64.0
-20.69,1625449482.0,64.0
-23.24,1625449482.0,64.0
-26.25,1625449482.0,64.0
-29.61,1625449482.0,64.0
-32.89,1625449482.0,64.0
-35.41,1625449482.0,64.0
-36.43,1625449482.0,64.0
-35.41,1625449482.0,64.0
-32.16,1625449482.0,64.0
-26.94,1625449482.0,64.0
-20.3,1625449482.0,64.0
-12.93,1625449482.0,64.0
-5.42,1625449482.0,64.0
1.82,1625449482.0,64.0
8.57,1625449482.0,64.0
14.69,1625449482.0,64.0
19.98,1625449482.0,64.0
24.24,1625449482.0,64.0
27.28,1625449482.0,64.0
29.04,1625449482.0,64.0
29.7,1625449482.0,64.0
29.61,1625449482.0,64.0
29.19,1625449482.0,64.0
28.77,1625449482.0,64.0
28.48,1625449482.0,64.0
28.23,1625449482.0,64.0
27.8,1625449482.0,64.0
26.99,1625449482.0,64.0
25.69,1625449482.0,64.0
23.94,1625449482.0,64.0
21.85,1625449482.0,64.0
19.57,1625449482.0,64.0
17.18,1625449482.0,64.0
14.72,1625449482.0,64.0
12.16,1625449482.0,64.0
9.51,1625449482.0,64.0
6.74,1625449482.0,64.0
3.87,1625449482.0,64.0
0.93,1625449482.0,64.0
-2.06,1625449482.0,64.0
-5.11,1625449482.0,64.0
-8.28,1625449482.0,64.0
-11.64,1625449482.0,64.0
-15.24,1625449482.0,64.0
-19.04,1625449482.0,64.0
-22.84,1625449482.0,64.0
-26.3,1625449482.0,64.0
-28.98,1625449482.0,64.0
-30.53,1625449482.0,64.0
-30.8,1625449482.0,64.0
-29.97,1625449482.0,64.0
-28.42,1625449482.0,64.0
-26.66,1625449482.0,64.0
-25.06,1625449482.0,64.0
-23.74,1625449482.0,64.0
-22.49,1625449482.0,64.0
-20.93,1625449482.0,64.0
-18.56,1625449482.0,64.0
-15.04,1625449482.0,64.0
-10.18,1625449482.0,64.0
-4.1,1625449482.0,64.0
2.88,1625449482.0,64.0
10.21,1625449482.0,64.0
17.26,1625449482.0,64.0
23.35,1625449482.0,64.0
27.91,1625449482.0,64.0
30.59,1625449482.0,64.0
31.37,1625449482.0,64.0
30.58,1625449482.0,64.0
28.81,1625449482.0,64.0
26.81,1625449482.0,64.0
25.21,1625449482.0,64.0
24.4,1625449482.0,64.0
24.42,1625449482.0,64.0
25.0,1625449482.0,64.0
25.7,1625449482.0,64.0
26.03,1625449482.0,64.0
25.63,1625449482.0,64.0
24.32,1625449482.0,64.0
22.13,1625449482.0,64.0
19.24,1625449482.0,64.0
15.98,1625449482.0,64.0
12.69,1625449482.0,64.0
9.65,1625449482.0,64.0
7.04,1625449482.0,64.0
4.83,1625449482.0,64.0
2.84,1625449482.0,64.0
0.83,1625449482.0,64.0
-1.39,1625449482.0,64.0
-3.89,1625449482.0,64.0
-6.65,1625449482.0,64.0
-9.55,1625449482.0,64.0
-12.49,1625449482.0,64.0
-15.39,1625449482.0,64.0
-18.21,1625449482.0,64.0
-20.86,1625449482.0,64.0
-23.31,1625449482.0,64.0
-25.55,1625449482.0,64.0
-27.7,1625449482.0,64.0
-29.92,1625449482.0,64.0
-32.32,1625449482.0,64.0
-34.76,1625449482.0,64.0
-36.79,1625449482.0,64.0
-37.76,1625449482.0,64.0
-37.06,1625449482.0,64.0
-34.42,1625449482.0,64.0
-30.0,1625449482.0,64.0
-24.36,1625449482.0,64.0
-18.16,1625449482.0,64.0
-11.88,1625449482.0,64.0
-5.72,1625449482.0,64.0
0.35,1625449482.0,64.0
6.37,1625449482.0,64.0
12.24,1625449482.0,64.0
17.61,1625449482.0,64.0
22.01,1625449482.0,64.0
25.1,1625449482.0,64.0
26.77,1625449482.0,64.0
27.31,1625449482.0,64.0
27.21,1625449482.0,64.0
27.0,1625449482.0,64.0
26.97,1625449482.0,64.0
27.14,1625449482.0,64.0
27.25,1625449482.0,64.0
26.96,1625449482.0,64.0
26.05,1625449482.0,64.0
24.51,1625449482.0,64.0
22.55,1625449482.0,64.0
20.47,1625449482.0,64.0
18.47,1625449482.0,64.0
16.59,1625449482.0,64.0
14.68,1625449482.0,64.0
12.58,1625449482.0,64.0
10.17,1625449482.0,64.0
7.49,1625449482.0,64.0
4.69,1625449482.0,64.0
1.98,1625449482.0,64.0
-0.51,1625449482.0,64.0
-2.78,1625449482.0,64.0
-4.95,1625449482.0,64.0
-7.17,1625449482.0,64.0
-9.64,1625449482.0,64.0
-12.48,1625449482.0,64.0
-15.82,1625449482.0,64.0
-19.7,1625449482.0,64.0
-24.17,1625449482.0,64.0
-29.12,1625449482.0,64.0
-34.32,1625449482.0,64.0
-39.36,1625449482.0,64.0
-43.73,1625449482.0,64.0
-46.9,1625449482.0,64.0
-48.42,1625449482.0,64.0
-48.04,1625449482.0,64.0
-45.74,1625449482.0,64.0
-41.69,1625449482.0,64.0
-36.23,1625449482.0,64.0
-29.76,1625449482.0,64.0
-22.7,1625449482.0,64.0
-15.36,1625449482.0,64.0
-7.91,1625449482.0,64.0
-0.47,1625449482.0,64.0
6.87,1625449482.0,64.0
13.88,1625449482.0,64.0
20.16,1625449482.0,64.0
25.22,1625449482.0,64.0
28.67,1625449482.0,64.0
30.38,1625449482.0,64.0
30.57,1625449482.0,64.0
29.77,1625449482.0,64.0
28.6,1625449482.0,64.0
27.54,1625449482.0,64.0
26.83,1625449482.0,64.0
26.39,1625449482.0,64.0
26.05,1625449482.0,64.0
25.65,1625449482.0,64.0
25.22,1625449482.0,64.0
24.95,1625449482.0,64.0
25.0,1625449482.0,64.0
25.36,1625449482.0,64.0
25.73,1625449482.0,64.0
25.61,1625449482.0,64.0
24.52,1625449482.0,64.0
22.19,1625449482.0,64.0
18.68,1625449482.0,64.0
14.37,1625449482.0,64.0
9.78,1625449482.0,64.0
5.32,1625449482.0,64.0
1.2,1625449482.0,64.0
-2.6,1625449482.0,64.0
-6.21,1625449482.0,64.0
-9.81,1625449482.0,64.0
-13.52,1625449482.0,64.0
-17.4,1625449482.0,64.0
-21.46,1625449482.0,64.0
-25.73,1625449482.0,64.0
-30.17,1625449482.0,64.0
-34.72,1625449482.0,64.0
-39.22,1625449482.0,64.0
-43.33,1625449482.0,64.0
-46.56,1625449482.0,64.0
-48.35,1625449482.0,64.0
-48.15,1625449482.0,64.0
-45.65,1625449482.0,64.0
-40.84,1625449482.0,64.0
-34.06,1625449482.0,64.0
-25.91,1625449482.0,64.0
-17.08,1625449482.0,64.0
-8.21,1625449482.0,64.0
0.23,1625449482.0,64.0
7.91,1625449482.0,64.0
14.59,1625449482.0,64.0
20.04,1625449482.0,64.0
24.07,1625449482.0,64.0
26.6,1625449482.0,64.0
27.76,1625449482.0,64.0
27.83,1625449482.0,64.0
27.27,1625449482.0,64.0
26.52,1625449482.0,64.0
25.88,1625449482.0,64.0
25.45,1625449482.0,64.0
25.13,1625449482.0,64.0
24.69,1625449482.0,64.0
23.93,1625449482.0,64.0
22.74,1625449482.0,64.0
21.2,1625449482.0,64.0
19.45,1625449482.0,64.0
17.67,1625449482.0,64.0
15.9,1625449482.0,64.0
14.04,1625449482.0,64.0
11.87,1625449482.0,64.0
9.2,1625449482.0,64.0
5.96,1625449482.0,64.0
2.25,1625449482.0,64.0
-1.66,1625449482.0,64.0
-5.51,1625449482.0,64.0
-9.13,1625449482.0,64.0
-12.49,1625449482.0,64.0
-15.66,1625449482.0,64.0
-18.72,1625449482.0,64.0
-21.66,1625449482.0,64.0
-24.41,1625449482.0,64.0
-26.84,1625449482.0,64.0
-28.9,1625449482.0,64.0
-30.62,1625449482.0,64.0
-32.11,1625449482.0,64.0
-33.51,1625449482.0,64.0
-34.9,1625449482.0,64.0
-36.21,1625449482.0,64.0
-37.18,1625449482.0,64.0
-37.39,1625449482.0,64.0
-36.35,1625449482.0,64.0
-33.67,1625449482.0,64.0
-29.23,1625449482.0,64.0
-23.23,1625449482.0,64.0
-16.17,1625449482.0,64.0
-8.62,1625449482.0,64.0
-1.08,1625449482.0,64.0
6.12,1625449482.0,64.0
12.79,1625449482.0,64.0
18.68,1625449482.0,64.0
23.41,1625449482.0,64.0
26.61,1625449482.0,64.0
28.01,1625449482.0,64.0
27.69,1625449482.0,64.0
26.18,1625449482.0,64.0
24.26,1625449482.0,64.0
22.7,1625449482.0,64.0
21.95,1625449482.0,64.0
22.06,1625449482.0,64.0
22.66,1625449482.0,64.0
23.23,1625449482.0,64.0
23.28,1625449482.0,64.0
22.57,1625449482.0,64.0
21.04,1625449482.0,64.0
18.85,1625449482.0,64.0
16.18,1625449482.0,64.0
13.3,1625449482.0,64.0
10.42,1625449482.0,64.0
7.7,1625449482.0,64.0
5.27,1625449482.0,64.0
3.12,1625449482.0,64.0
1.2,1625449482.0,64.0
-0.58,1625449482.0,64.0
-2.29,1625449482.0,64.0
-4.0,1625449482.0,64.0
-5.74,1625449482.0,64.0
-7.56,1625449482.0,64.0
-9.55,1625449482.0,64.0
-11.76,1625449482.0,64.0
-14.15,1625449482.0,64.0
-16.62,1625449482.0,64.0
-19.0,1625449482.0,64.0
-21.11,1625449482.0,64.0
-22.9,1625449482.0,64.0
-24.39,1625449482.0,64.0
-25.65,1625449482.0,64.0
-26.71,1625449482.0,64.0
-27.43,1625449482.0,64.0
-27.49,1625449482.0,64.0
-26.49,1625449482.0,64.0
-24.05,1625449482.0,64.0
-20.0,1625449482.0,64.0
-14.42,1625449482.0,64.0
-7.65,1625449482.0,64.0
-0.25,1625449482.0,64.0
7.21,1625449482.0,64.0
14.23,1625449482.0,64.0
20.44,1625449482.0,64.0
25.6,1625449482.0,64.0
29.53,1625449482.0,64.0
32.11,1625449482.0,64.0
33.33,1625449482.0,64.0
33.36,1625449482.0,64.0
32.54,1625449482.0,64.0
31.35,1625449482.0,64.0
30.25,1625449482.0,64.0
29.46,1625449482.0,64.0
28.93,1625449482.0,64.0
28.34,1625449482.0,64.0
27.28,1625449482.0,64.0
25.4,1625449482.0,64.0
22.61,1625449482.0,64.0
19.0,1625449482.0,64.0
14.87,1625449482.0,64.0
10.61,1625449482.0,64.0
6.6,1625449482.0,64.0
3.17,1625449482.0,64.0
0.53,1625449482.0,64.0
-1.25,1625449482.0,64.0
-2.27,1625449482.0,64.0
-2.74,1625449482.0,64.0
-2.96,1625449482.0,64.0
-3.2,1625449482.0,64.0
-3.68,1625449482.0,64.0
-4.46,1625449482.0,64.0
-5.52,1625449482.0,64.0
-6.81,1625449482.0,64.0
-8.28,1625449482.0,64.0
-9.96,1625449482.0,64.0
-11.88,1625449482.0,64.0
-14.05,1625449482.0,64.0
-16.42,1625449482.0,64.0
-18.89,1625449482.0,64.0
-21.3,1625449482.0,64.0
-23.51,1625449482.0,64.0
-25.33,1625449482.0,64.0
-26.5,1625449482.0,64.0
-26.62,1625449482.0,64.0
-25.27,1625449482.0,64.0
-22.14,1625449482.0,64.0
-17.23,1625449482.0,64.0
-10.92,1625449482.0,64.0
-3.88,1625449482.0,64.0
3.2,1625449482.0,64.0
9.81,1625449482.0,64.0
15.69,1625449482.0,64.0
20.79,1625449482.0,64.0
25.01,1625449482.0,64.0
28.17,1625449482.0,64.0
30.01,1625449482.0,64.0
30.4,1625449482.0,64.0
29.54,1625449482.0,64.0
27.94,1625449482.0,64.0
26.25,1625449482.0,64.0
25.0,1625449482.0,64.0
24.32,1625449482.0,64.0
24.0,1625449482.0,64.0
23.62,1625449482.0,64.0
22.78,1625449482.0,64.0
21.32,1625449482.0,64.0
19.29,1625449482.0,64.0
16.86,1625449482.0,64.0
14.24,1625449482.0,64.0
11.56,1625449482.0,64.0
8.87,1625449482.0,64.0
6.17,1625449482.0,64.0
3.48,1625449482.0,64.0
0.86,1625449482.0,64.0
-1.66,1625449482.0,64.0
-4.0,1625449482.0,64.0
-6.14,1625449482.0,64.0
-8.07,1625449482.0,64.0
-9.8,1625449482.0,64.0
-11.4,1625449482.0,64.0
-12.99,1625449482.0,64.0
-14.71,1625449482.0,64.0
-16.7,1625449482.0,64.0
-19.01,1625449482.0,64.0
-21.59,1625449482.0,64.0
-24.27,1625449482.0,64.0
-26.88,1625449482.0,64.0
-29.23,1625449482.0,64.0
-31.25,1625449482.0,64.0
-32.9,1625449482.0,64.0
-34.1,1625449482.0,64.0
-34.68,1625449482.0,64.0
-34.37,1625449482.0,64.0
-32.88,1625449482.0,64.0
-30.05,1625449482.0,64.0
-25.88,1625449482.0,64.0
-20.63,1625449482.0,64.0
-14.66,1625449482.0,64.0
-8.32,1625449482.0,64.0
-1.88,1625449482.0,64.0
4.48,1625449482.0,64.0
10.58,1625449482.0,64.0
16.11,1625449482.0,64.0
20.66,1625449482.0,64.0
23.82,1625449482.0,64.0
25.36,1625449482.0,64.0
25.42,1625449482.0,64.0
24.55,1625449482.0,64.0
23.47,1625449482.0,64.0
22.87,1625449482.0,64.0
23.07,1625449482.0,64.0
23.89,1625449482.0,64.0
24.8,1625449482.0,64.0
25.13,1625449482.0,64.0
24.36,1625449482.0,64.0
22.28,1625449482.0,64.0
19.05,1625449482.0,64.0
15.0,1625449482.0,64.0
10.54,1625449482.0,64.0
6.02,1625449482.0,64.0
1.73,1625449482.0,64.0
-2.1,1625449482.0,64.0
-5.24,1625449482.0,64.0
-7.59,1625449482.0,64.0
-9.14,1625449482.0,64.0
-10.11,1625449482.0,64.0
-10.78,1625449482.0,64.0
-11.39,1625449482.0,64.0
-11.99,1625449482.0,64.0
-12.42,1625449482.0,64.0
-12.44,1625449482.0,64.0
-11.98,1625449482.0,64.0
-11.27,1625449482.0,64.0
-10.77,1625449482.0,64.0
-11.06,1625449482.0,64.0
-12.53,1625449482.0,64.0
-15.26,1625449482.0,64.0
-18.95,1625449482.0,64.0
-23.15,1625449482.0,64.0
-27.31,1625449482.0,64.0
-30.96,1625449482.0,64.0
-33.69,1625449482.0,64.0
-35.16,1625449482.0,64.0
-35.11,1625449482.0,64.0
-33.46,1625449482.0,64.0
-30.29,1625449482.0,64.0
-25.9,1625449482.0,64.0
-20.64,1625449482.0,64.0
-14.79,1625449482.0,64.0
-8.48,1625449482.0,64.0
-1.77,1625449482.0,64.0
5.19,1625449482.0,64.0
12.1,1625449482.0,64.0
18.46,1625449482.0,64.0
23.71,1625449482.0,64.0
27.45,1625449482.0,64.0
29.61,1625449482.0,64.0
30.43,1625449482.0,64.0
30.34,1625449482.0,64.0
29.76,1625449482.0,64.0
28.98,1625449482.0,64.0
28.08,1625449482.0,64.0
27.04,1625449482.0,64.0
25.78,1625449482.0,64.0
24.26,1625449482.0,64.0
22.46,1625449482.0,64.0
20.43,1625449482.0,64.0
18.18,1625449482.0,64.0
15.77,1625449482.0,64.0
13.28,1625449482.0,64.0
10.8,1625449482.0,64.0
8.46,1625449482.0,64.0
6.34,1625449482.0,64.0
4.49,1625449482.0,64.0
2.92,1625449482.0,64.0
1.57,1625449482.0,64.0
0.32,1625449482.0,64.0
-0.97,1625449482.0,64.0
-2.46,1625449482.0,64.0
-4.28,1625449482.0,64.0
-6.45,1625449482.0,64.0
-8.95,1625449482.0,64.0
-11.68,1625449482.0,64.0
-14.58,1625449482.0,64.0
-17.62,1625449482.0,64.0
-20.76,1625449482.0,64.0
-23.98,1625449482.0,64.0
-27.22,1625449482.0,64.0
-30.35,1625449482.0,64.0
-33.27,1625449482.0,64.0
-35.87,1625449482.0,64.0
-38.03,1625449482.0,64.0
-39.57,1625449482.0,64.0
-40.24,1625449482.0,64.0
-39.69,1625449482.0,64.0
-37.68,1625449482.0,64.0
-34.11,1625449482.0,64.0
-29.18,1625449482.0,64.0
-23.26,1625449482.0,64.0
-16.79,1625449482.0,64.0
-10.08,1625449482.0,64.0
-3.3,1625449482.0,64.0
3.44,1625449482.0,64.0
9.97,1625449482.0,64.0
15.94,1625449482.0,64.0
20.85,1625449482.0,64.0
24.27,1625449482.0,64.0
26.01,1625449482.0,64.0
26.27,1625449482.0,64.0
25.54,1625449482.0,64.0
24.45,1625449482.0,64.0
23.52,1625449482.0,64.0
23.03,1625449482.0,64.0
22.95,1625449482.0,64.0
23.08,1625449482.0,64.0
23.1,1625449482.0,64.0
22.75,1625449482.0,64.0
21.87,1625449482.0,64.0
20.41,1625449482.0,64.0
18.45,1625449482.0,64.0
16.15,1625449482.0,64.0
13.72,1625449482.0,64.0
11.28,1625449482.0,64.0
8.86,1625449482.0,64.0
6.39,1625449482.0,64.0
3.82,1625449482.0,64.0
1.21,1625449482.0,64.0
-1.31,1625449482.0,64.0
-3.54,1625449482.0,64.0
-5.41,1625449482.0,64.0
-7.02,1625449482.0,64.0
-8.61,1625449482.0,64.0
-10.45,1625449482.0,64.0
-12.64,1625449482.0,64.0
-15.09,1625449482.0,64.0
-17.57,1625449482.0,64.0
-19.82,1625449482.0,64.0
-21.72,1625449482.0,64.0
-23.35,1625449482.0,64.0
-24.88,1625449482.0,64.0
-26.56,1625449482.0,64.0
-28.6,1625449482.0,64.0
-31.06,1625449482.0,64.0
-33.85,1625449482.0,64.0
-36.62,1625449482.0,64.0
-38.84,1625449482.0,64.0
-39.83,1625449482.0,64.0
-39.02,1625449482.0,64.0
-36.13,1625449482.0,64.0
-31.33,1625449482.0,64.0
-25.2,1625449482.0,64.0
-18.44,1625449482.0,64.0
-11.66,1625449482.0,64.0
-5.08,1625449482.0,64.0
1.37,1625449482.0,64.0
7.93,1625449482.0,64.0
14.65,1625449482.0,64.0
21.29,1625449482.0,64.0
27.37,1625449482.0,64.0
32.33,1625449482.0,64.0
35.86,1625449482.0,64.0
37.95,1625449482.0,64.0
38.82,1625449482.0,64.0
38.76,1625449482.0,64.0
38.05,1625449482.0,64.0
36.89,1625449482.0,64.0
35.47,1625449482.0,64.0
34.02,1625449482.0,64.0
32.67,1625449482.0,64.0
31.33,1625449482.0,64.0
29.66,1625449482.0,64.0
27.11,1625449482.0,64.0
23.21,1625449482.0,64.0
17.8,1625449482.0,64.0
11.2,1625449482.0,64.0
4.14,1625449482.0,64.0
-2.5,1625449482.0,64.0
-7.95,1625449482.0,64.0
-11.74,1625449482.0,64.0
-13.82,1625449482.0,64.0
-14.45,1625449482.0,64.0
-14.02,1625449482.0,64.0
-13.0,1625449482.0,64.0
-11.78,1625449482.0,64.0
-10.67,1625449482.0,64.0
-9.89,1625449482.0,64.0
-9.6,1625449482.0,64.0
-9.85,1625449482.0,64.0
-10.61,1625449482.0,64.0
-11.75,1625449482.0,64.0
-13.14,1625449482.0,64.0
-14.68,1625449482.0,64.0
-16.42,1625449482.0,64.0
-18.49,1625449482.0,64.0
-20.93,1625449482.0,64.0
-23.58,1625449482.0,64.0
-25.94,1625449482.0,64.0
-27.28,1625449482.0,64.0
-26.87,1625449482.0,64.0
-24.24,1625449482.0,64.0
-19.46,1625449482.0,64.0
-12.99,1625449482.0,64.0
-5.61,1625449482.0,64.0
1.92,1625449482.0,64.0
9.06,1625449482.0,64.0
15.47,1625449482.0,64.0
20.99,1625449482.0,64.0
25.48,1625449482.0,64.0
28.81,1625449482.0,64.0
30.89,1625449482.0,64.0
31.76,1625449482.0,64.0
31.62,1625449482.0,64.0
30.79,1625449482.0,64.0
29.6,1625449482.0,64.0
28.34,1625449482.0,64.0
27.16,1625449482.0,64.0
26.07,1625449482.0,64.0
24.96,1625449482.0,64.0
23.7,1625449482.0,64.0
22.11,1625449482.0,64.0
20.14,1625449482.0,64.0
17.8,1625449482.0,64.0
15.25,1625449482.0,64.0
12.69,1625449482.0,64.0
10.31,1625449482.0,64.0
8.18,1625449482.0,64.0
6.28,1625449482.0,64.0
4.53,1625449482.0,64.0
2.84,1625449482.0,64.0
1.15,1625449482.0,64.0
-0.6,1625449482.0,64.0
-2.47,1625449482.0,64.0
-4.5,1625449482.0,64.0
-6.75,1625449482.0,64.0
-9.19,1625449482.0,64.0
-11.79,1625449482.0,64.0
-14.48,1625449482.0,64.0
-17.16,1625449482.0,64.0
-19.78,1625449482.0,64.0
-22.33,1625449482.0,64.0
-24.81,1625449482.0,64.0
-27.3,1625449482.0,64.0
-29.87,1625449482.0,64.0
-32.53,1625449482.0,64.0
-35.09,1625449482.0,64.0
-37.09,1625449482.0,64.0
-37.93,1625449482.0,64.0
-37.03,1625449482.0,64.0
-34.12,1625449482.0,64.0
-29.41,1625449482.0,64.0
-23.45,1625449482.0,64.0
-16.95,1625449482.0,64.0
-10.42,1625449482.0,64.0
-4.03,1625449482.0,64.0
2.29,1625449482.0,64.0
8.62,1625449482.0,64.0
14.8,1625449482.0,64.0
20.39,1625449482.0,64.0
24.82,1625449482.0,64.0
27.63,1625449482.0,64.0
28.8,1625449482.0,64.0
28.68,1625449482.0,64.0
27.87,1625449482.0,64.0
26.95,1625449482.0,64.0
26.27,1625449482.0,64.0
25.87,1625449482.0,64.0
25.55,1625449482.0,64.0
25.08,1625449482.0,64.0
24.27,1625449482.0,64.0
23.05,1625449482.0,64.0
21.47,1625449482.0,64.0
19.59,1625449482.0,64.0
17.42,1625449482.0,64.0
14.91,1625449482.0,64.0
12.02,1625449482.0,64.0
8.72,1625449482.0,64.0
5.16,1625449482.0,64.0
1.59,1625449482.0,64.0
-1.68,1625449482.0,64.0
-4.44,1625449482.0,64.0
-6.68,1625449482.0,64.0
-8.6,1625449482.0,64.0
-10.44,1625449482.0,64.0
-12.39,1625449482.0,64.0
-14.42,1625449482.0,64.0
-16.41,1625449482.0,64.0
-18.18,1625449482.0,64.0
-19.71,1625449482.0,64.0
-21.11,1625449482.0,64.0
-22.54,1625449482.0,64.0
-24.06,1625449482.0,64.0
-25.6,1625449482.0,64.0
-27.01,1625449482.0,64.0
-28.12,1625449482.0,64.0
-28.87,1625449482.0,64.0
-29.2,1625449482.0,64.0
-28.94,1625449482.0,64.0
-27.8,1625449482.0,64.0
-25.42,1625449482.0,64.0
-21.61,1625449482.0,64.0
-16.49,1625449482.0,64.0
-10.51,1625449482.0,64.0
-4.28,1625449482.0,64.0
1.7,1625449482.0,64.0
7.21,1625449482.0,64.0
12.27,1625449482.0,64.0
16.96,1625449482.0,64.0
21.19,1625449482.0,64.0
24.63,1625449482.0,64.0
26.88,1625449482.0,64.0
27.67,1625449482.0,64.0
27.05,1625449482.0,64.0
25.44,1625449482.0,64.0
23.43,1625449482.0,64.0
21.58,1625449482.0,64.0
20.24,1625449482.0,64.0
19.46,1625449482.0,64.0
19.09,1625449482.0,64.0
18.86,1625449482.0,64.0
18.54,1625449482.0,64.0
17.92,1625449482.0,64.0
16.91,1625449482.0,64.0
15.52,1625449482.0,64.0
13.83,1625449482.0,64.0
12.0,1625449482.0,64.0
10.17,1625449482.0,64.0
8.4,1625449482.0,64.0
6.67,1625449482.0,64.0
4.91,1625449482.0,64.0
3.02,1625449482.0,64.0
0.95,1625449482.0,64.0
-1.34,1625449482.0,64.0
-3.8,1625449482.0,64.0
-6.35,1625449482.0,64.0
-8.85,1625449482.0,64.0
-11.14,1625449482.0,64.0
-13.1,1625449482.0,64.0
-14.69,1625449482.0,64.0
-15.98,1625449482.0,64.0
-17.15,1625449482.0,64.0
-18.42,1625449482.0,64.0
-20.02,1625449482.0,64.0
-22.08,1625449482.0,64.0
-24.55,1625449482.0,64.0
-27.27,1625449482.0,64.0
-29.91,1625449482.0,64.0
-32.1,1625449482.0,64.0
-33.43,1625449482.0,64.0
-33.62,1625449482.0,64.0
-32.52,1625449482.0,64.0
-30.17,1625449482.0,64.0
-26.75,1625449482.0,64.0
-22.5,1625449482.0,64.0
-17.58,1625449482.0,64.0
-12.12,1625449482.0,64.0
-6.21,1625449482.0,64.0
-0.05,1625449482.0,64.0
6.0,1625449482.0,64.0
11.45,1625449482.0,64.0
15.79,1625449482.0,64.0
18.69,1625449482.0,64.0
20.13,1625449482.0,64.0
20.45,1625449482.0,64.0
20.17,1625449482.0,64.0
19.87,1625449482.0,64.0
19.92,1625449482.0,64.0
20.4,1625449482.0,64.0
21.11,1625449482.0,64.0
21.71,1625449482.0,64.0
21.91,1625449482.0,64.0
21.56,1625449482.0,64.0
20.66,1625449482.0,64.0
19.32,1625449482.0,64.0
17.69,1625449482.0,64.0
15.86,1625449482.0,64.0
13.9,1625449482.0,64.0
11.87,1625449482.0,64.0
9.89,1625449482.0,64.0
8.07,1625449482.0,64.0
6.52,1625449482.0,64.0
5.23,1625449482.0,64.0
4.09,1625449482.0,64.0
2.97,1625449482.0,64.0
1.71,1625449482.0,64.0
0.23,1625449482.0,64.0
-1.48,1625449482.0,64.0
-3.41,1625449482.0,64.0
-5.54,1625449482.0,64.0
-7.91,1625449482.0,64.0
-10.56,1625449482.0,64.0
-13.45,1625449482.0,64.0
-16.53,1625449482.0,64.0
-19.72,1625449482.0,64.0
-23.0,1625449482.0,64.0
-26.43,1625449482.0,64.0
-30.05,1625449482.0,64.0
-33.75,1625449482.0,64.0
-37.17,1625449482.0,64.0
-39.69,1625449482.0,64.0
-40.62,1625449482.0,64.0
-39.42,1625449482.0,64.0
-35.92,1625449482.0,64.0
-30.32,1625449482.0,64.0
-23.13,1625449482.0,64.0
-14.91,1625449482.0,64.0
-6.21,1625449482.0,64.0
2.51,1625449482.0,64.0
10.76,1625449482.0,64.0
17.93,1625449482.0,64.0
23.4,1625449482.0,64.0
26.66,1625449482.0,64.0
27.62,1625449482.0,64.0
26.74,1625449482.0,64.0
24.93,1625449482.0,64.0
23.31,1625449482.0,64.0
22.77,1625449482.0,64.0
23.66,1625449482.0,64.0
25.7,1625449482.0,64.0
28.19,1625449482.0,64.0
30.33,1625449482.0,64.0
31.58,1625449482.0,64.0
31.79,1625449482.0,64.0
31.17,1625449482.0,64.0
30.04,1625449482.0,64.0
28.62,1625449482.0,64.0
26.96,1625449482.0,64.0
24.97,1625449482.0,64.0
22.52,1625449482.0,64.0
19.53,1625449482.0,64.0
15.95,1625449482.0,64.0
11.8,1625449482.0,64.0
7.1,1625449482.0,64.0
1.93,1625449482.0,64.0
-3.52,1625449482.0,64.0
-8.96,1625449482.0,64.0
-13.99,1625449482.0,64.0
-18.25,1625449482.0,64.0
-21.45,1625449482.0,64.0
-23.44,1625449482.0,64.0
-24.19,1625449482.0,64.0
-23.85,1625449482.0,64.0
-22.68,1625449482.0,64.0
-21.08,1625449482.0,64.0
-19.63,1625449482.0,64.0
-18.9,1625449482.0,64.0
-19.35,1625449482.0,64.0
-21.01,1625449482.0,64.0
-23.42,1625449482.0,64.0
-25.68,1625449482.0,64.0
-26.75,1625449482.0,64.0
-25.83,1625449482.0,64.0
-22.72,1625449482.0,64.0
-17.78,1625449482.0,64.0
-11.77,1625449482.0,64.0
-5.48,1625449482.0,64.0
0.57,1625449482.0,64.0
6.13,1625449482.0,64.0
11.18,1625449482.0,64.0
15.62,1625449482.0,64.0
19.29,1625449482.0,64.0
21.97,1625449482.0,64.0
23.61,1625449482.0,64.0
24.44,1625449482.0,64.0
24.9,1625449482.0,64.0
25.47,1625449482.0,64.0
26.43,1625449482.0,64.0
27.74,1625449482.0,64.0
29.07,1625449482.0,64.0
29.98,1625449482.0,64.0
30.12,1625449482.0,64.0
29.3,1625449482.0,64.0
27.61,1625449482.0,64.0
25.23,1625449482.0,64.0
22.43,1625449482.0,64.0
19.38,1625449482.0,64.0
16.16,1625449482.0,64.0
12.78,1625449482.0,64.0
9.28,1625449482.0,64.0
5.73,1625449482.0,64.0
2.28,1625449482.0,64.0
-0.93,1625449482.0,64.0
-3.83,1625449482.0,64.0
-6.46,1625449482.0,64.0
-8.92,1625449482.0,64.0
-11.31,1625449482.0,64.0
-13.72,1625449482.0,64.0
-16.1,1625449482.0,64.0
-18.41,1625449482.0,64.0
-20.61,1625449482.0,64.0
-22.76,1625449482.0,64.0
-24.99,1625449482.0,64.0
-27.45,1625449482.0,64.0
-30.2,1625449482.0,64.0
-33.08,1625449482.0,64.0
-35.77,1625449482.0,64.0
-37.72,1625449482.0,64.0
-38.36,1625449482.0,64.0
-37.27,1625449482.0,64.0
-34.25,1625449482.0,64.0
-29.47,1625449482.0,64.0
-23.34,1625449482.0,64.0
-16.37,1625449482.0,64.0
-9.05,1625449482.0,64.0
-1.71,1625449482.0,64.0
5.42,1625449482.0,64.0
12.16,1625449482.0,64.0
18.26,1625449482.0,64.0
23.36,1625449482.0,64.0
27.02,1625449482.0,64.0
29.0,1625449482.0,64.0
29.31,1625449482.0,64.0
28.37,1625449482.0,64.0
26.89,1625449482.0,64.0
25.6,1625449482.0,64.0
24.96,1625449482.0,64.0
24.99,1625449482.0,64.0
25.33,1625449482.0,64.0
25.38,1625449482.0,64.0
24.68,1625449482.0,64.0
23.07,1625449482.0,64.0
20.71,1625449482.0,64.0
17.97,1625449482.0,64.0
15.17,1625449482.0,64.0
12.5,1625449482.0,64.0
10.01,1625449482.0,64.0
7.68,1625449482.0,64.0
5.43,1625449482.0,64.0
3.19,1625449482.0,64.0
0.83,1625449482.0,64.0
-1.8,1625449482.0,64.0
-4.9,1625449482.0,64.0
-8.52,1625449482.0,64.0
-12.59,1625449482.0,64.0
-16.86,1625449482.0,64.0
-20.98,1625449482.0,64.0
-24.63,1625449482.0,64.0
-27.59,1625449482.0,64.0
-29.8,1625449482.0,64.0
-31.39,1625449482.0,64.0
-32.64,1625449482.0,64.0
-33.88,1625449482.0,64.0
-35.36,1625449482.0,64.0
-37.13,1625449482.0,64.0
-38.96,1625449482.0,64.0
-40.35,1625449482.0,64.0
-40.63,1625449482.0,64.0
-39.17,1625449482.0,64.0
-35.54,1625449482.0,64.0
-29.71,1625449482.0,64.0
-22.04,1625449482.0,64.0
-13.19,1625449482.0,64.0
-3.96,1625449482.0,64.0
4.88,1625449482.0,64.0
12.69,1625449482.0,64.0
19.02,1625449482.0,64.0
23.59,1625449482.0,64.0
26.31,1625449482.0,64.0
27.28,1625449482.0,64.0
26.84,1625449482.0,64.0
25.57,1625449482.0,64.0
24.16,1625449482.0,64.0
23.21,1625449482.0,64.0
23.08,1625449482.0,64.0
23.71,1625449482.0,64.0
24.67,1625449482.0,64.0
25.37,1625449482.0,64.0
25.33,1625449482.0,64.0
24.36,1625449482.0,64.0
22.66,1625449482.0,64.0
20.64,1625449482.0,64.0
18.73,1625449482.0,64.0
17.14,1625449482.0,64.0
15.82,1625449482.0,64.0
14.54,1625449482.0,64.0
13.05,1625449482.0,64.0
11.19,1625449482.0,64.0
9.02,1625449482.0,64.0
6.63,1625449482.0,64.0
4.12,1625449482.0,64.0
1.5,1625449482.0,64.0
-1.3,1625449482.0,64.0
-4.28,1625449482.0,64.0
-7.3,1625449482.0,64.0
-10.14,1625449482.0,64.0
-12.63,1625449482.0,64.0
-14.73,1625449482.0,64.0
-16.64,1625449482.0,64.0
-18.7,1625449482.0,64.0
-21.21,1625449482.0,64.0
-24.31,1625449482.0,64.0
-27.88,1625449482.0,64.0
-31.65,1625449482.0,64.0
-35.22,1625449482.0,64.0
-38.21,1625449482.0,64.0
-40.21,1625449482.0,64.0
-40.85,1625449482.0,64.0
-39.85,1625449482.0,64.0
-37.09,1625449482.0,64.0
-32.68,1625449482.0,64.0
-26.92,1625449482.0,64.0
-20.18,1625449482.0,64.0
-12.84,1625449482.0,64.0
-5.13,1625449482.0,64.0
2.74,1625449482.0,64.0
10.51,1625449482.0,64.0
17.78,1625449482.0,64.0
24.0,1625449482.0,64.0
28.67,1625449482.0,64.0
31.52,1625449482.0,64.0
32.68,1625449482.0,64.0
32.63,1625449482.0,64.0
32.01,1625449482.0,64.0
31.35,1625449482.0,64.0
30.87,1625449482.0,64.0
30.51,1625449482.0,64.0
29.98,1625449482.0,64.0
29.07,1625449482.0,64.0
27.72,1625449482.0,64.0
26.07,1625449482.0,64.0
24.31,1625449482.0,64.0
22.6,1625449482.0,64.0
20.93,1625449482.0,64.0
19.18,1625449482.0,64.0
17.21,1625449482.0,64.0
14.93,1625449482.0,64.0
12.4,1625449482.0,64.0
9.73,1625449482.0,64.0
7.04,1625449482.0,64.0
4.38,1625449482.0,64.0
1.74,1625449482.0,64.0
-0.93,1625449482.0,64.0
-3.69,1625449482.0,64.0
-6.57,1625449482.0,64.0
-9.59,1625449482.0,64.0
-12.8,1625449482.0,64.0
-16.2,1625449482.0,64.0
-19.77,1625449482.0,64.0
-23.43,1625449482.0,64.0
-27.07,1625449482.0,64.0
-30.58,1625449482.0,64.0
-33.91,1625449482.0,64.0
-37.16,1625449482.0,64.0
-40.42,1625449482.0,64.0
-43.71,1625449482.0,64.0
-46.82,1625449482.0,64.0
-49.33,1625449482.0,64.0
-50.65,1625449482.0,64.0
-50.21,1625449482.0,64.0
-47.72,1625449482.0,64.0
-43.18,1625449482.0,64.0
-36.96,1625449482.0,64.0
-29.55,1625449482.0,64.0
-21.54,1625449482.0,64.0
-13.36,1625449482.0,64.0
-5.37,1625449482.0,64.0
2.23,1625449482.0,64.0
9.28,1625449482.0,64.0
15.62,1625449482.0,64.0
21.06,1625449482.0,64.0
25.47,1625449482.0,64.0
28.81,1625449482.0,64.0
31.16,1625449482.0,64.0
32.81,1625449482.0,64.0
34.08,1625449482.0,64.0
35.28,1625449482.0,64.0
36.48,1625449482.0,64.0
37.53,1625449482.0,64.0
38.07,1625449482.0,64.0
37.75,1625449482.0,64.0
36.4,1625449482.0,64.0
34.1,1625449482.0,64.0
31.21,1625449482.0,64.0
28.11,1625449482.0,64.0
25.09,1625449482.0,64.0
22.22,1625449482.0,64.0
19.43,1625449482.0,64.0
16.62,1625449482.0,64.0
13.79,1625449482.0,64.0
11.05,1625449482.0,64.0
8.53,1625449482.0,64.0
6.19,1625449482.0,64.0
3.8,1625449482.0,64.0
0.95,1625449482.0,64.0
-2.71,1625449482.0,64.0
-7.28,1625449482.0,64.0
-12.49,1625449482.0,64.0
-17.82,1625449482.0,64.0
-22.64,1625449482.0,64.0
-26.53,1625449482.0,64.0
-29.38,1625449482.0,64.0
-31.37,1625449482.0,64.0
-32.76,1625449482.0,64.0
-33.79,1625449482.0,64.0
-34.54,1625449482.0,64.0
-34.97,1625449482.0,64.0
-35.05,1625449482.0,64.0
-34.74,1625449482.0,64.0
-34.05,1625449482.0,64.0
-32.92,1625449482.0,64.0
-31.24,1625449482.0,64.0
-28.8,1625449482.0,64.0
-25.46,1625449482.0,64.0
-21.17,1625449482.0,64.0
-16.03,1625449482.0,64.0
-10.23,1625449482.0,64.0
-3.98,1625449482.0,64.0
2.52,1625449482.0,64.0
9.09,1625449482.0,64.0
15.44,1625449482.0,64.0
21.19,1625449482.0,64.0
25.93,1625449482.0,64.0
29.34,1625449482.0,64.0
31.38,1625449482.0,64.0
32.28,1625449482.0,64.0
32.48,1625449482.0,64.0
32.45,1625449482.0,64.0
32.46,1625449482.0,64.0
32.57,1625449482.0,64.0
32.59,1625449482.0,64.0
32.25,1625449482.0,64.0
31.31,1625449482.0,64.0
29.7,1625449482.0,64.0
27.45,1625449482.0,64.0
24.72,1625449482.0,64.0
21.7,1625449482.0,64.0
18.54,1625449482.0,64.0
15.37,1625449482.0,64.0
12.26,1625449482.0,64.0
9.29,1625449482.0,64.0
6.52,1625449482.0,64.0
4.04,1625449482.0,64.0
1.9,1625449482.0,64.0
0.13,1625449482.0,64.0
-1.32,1625449482.0,64.0
-2.56,1625449482.0,64.0
-3.73,1625449482.0,64.0
-4.96,1625449482.0,64.0
-6.36,1625449482.0,64.0
-8.03,1625449482.0,64.0
-9.98,1625449482.0,64.0
-12.22,1625449482.0,64.0
-14.69,1625449482.0,64.0
-17.3,1625449482.0,64.0
-19.97,1625449482.0,64.0
-22.67,1625449482.0,64.0
-25.39,1625449482.0,64.0
-28.08,1625449482.0,64.0
-30.61,1625449482.0,64.0
-32.62,1625449482.0,64.0
-33.63,1625449482.0,64.0
-33.14,1625449482.0,64.0
-30.86,1625449482.0,64.0
-26.77,1625449482.0,64.0
-21.12,1625449482.0,64.0
-14.37,1625449482.0,64.0
-6.99,1625449482.0,64.0
0.59,1625449482.0,64.0
8.01,1625449482.0,64.0
14.92,1625449482.0,64.0
20.98,1625449482.0,64.0
25.84,1625449482.0,64.0
29.22,1625449482.0,64.0
31.05,1625449482.0,64.0
31.52,1625449482.0,64.0
31.02,1625449482.0,64.0
30.06,1625449482.0,64.0
29.05,1625449482.0,64.0
28.2,1625449482.0,64.0
27.5,1625449482.0,64.0
26.74,1625449482.0,64.0
25.72,1625449482.0,64.0
24.34,1625449482.0,64.0
22.64,1625449482.0,64.0
20.77,1625449482.0,64.0
18.86,1625449482.0,64.0
16.91,1625449482.0,64.0
14.82,1625449482.0,64.0
12.44,1625449482.0,64.0
9.72,1625449482.0,64.0
6.71,1625449482.0,64.0
3.57,1625449482.0,64.0
0.48,1625449482.0,64.0
-2.49,1625449482.0,64.0
-5.34,1625449482.0,64.0
-8.17,1625449482.0,64.0
-11.04,1625449482.0,64.0
-14.0,1625449482.0,64.0
-16.97,1625449482.0,64.0
-19.89,1625449482.0,64.0
-22.64,1625449482.0,64.0
-25.16,1625449482.0,64.0
-27.42,1625449482.0,64.0
-29.41,1625449482.0,64.0
-31.11,1625449482.0,64.0
-32.55,1625449482.0,64.0
-33.76,1625449482.0,64.0
-34.72,1625449482.0,64.0
-35.34,1625449482.0,64.0
-35.35,1625449482.0,64.0
-34.44,1625449482.0,64.0
-32.27,1625449482.0,64.0
-28.63,1625449482.0,64.0
-23.55,1625449482.0,64.0
-17.28,1625449482.0,64.0
-10.24,1625449482.0,64.0
-2.91,1625449482.0,64.0
4.3,1625449482.0,64.0
11.16,1625449482.0,64.0
17.52,1625449482.0,64.0
23.28,1625449482.0,64.0
28.29,1625449482.0,64.0
32.29,1625449482.0,64.0
35.0,1625449482.0,64.0
36.2,1625449482.0,64.0
35.84,1625449482.0,64.0
34.18,1625449482.0,64.0
31.63,1625449482.0,64.0
28.72,1625449482.0,64.0
25.82,1625449482.0,64.0
23.13,1625449482.0,64.0
20.67,1625449482.0,64.0
18.38,1625449482.0,64.0
16.28,1625449482.0,64.0
14.45,1625449482.0,64.0
13.0,1625449482.0,64.0
11.98,1625449482.0,64.0
11.32,1625449482.0,64.0
10.83,1625449482.0,64.0
10.24,1625449482.0,64.0
9.31,1625449482.0,64.0
7.89,1625449482.0,64.0
5.93,1625449482.0,64.0
3.48,1625449482.0,64.0
0.63,1625449482.0,64.0
-2.48,1625449482.0,64.0
-5.72,1625449482.0,64.0
-8.95,1625449482.0,64.0
-12.05,1625449482.0,64.0
-14.91,1625449482.0,64.0
-17.43,1625449482.0,64.0
-19.54,1625449482.0,64.0
-21.26,1625449482.0,64.0
-22.65,1625449482.0,64.0
-23.86,1625449482.0,64.0
-25.07,1625449482.0,64.0
-26.45,1625449482.0,64.0
-28.14,1625449482.0,64.0
-30.12,1625449482.0,64.0
-32.23,1625449482.0,64.0
-34.07,1625449482.0,64.0
-35.11,1625449482.0,64.0
-34.79,1625449482.0,64.0
-32.78,1625449482.0,64.0
-29.08,1625449482.0,64.0
-24.01,1625449482.0,64.0
-18.1,1625449482.0,64.0
-11.86,1625449482.0,64.0
-5.58,1625449482.0,64.0
0.65,1625449482.0,64.0
6.86,1625449482.0,64.0
12.9,1625449482.0,64.0
18.42,1625449482.0,64.0
22.92,1625449482.0,64.0
25.93,1625449482.0,64.0
27.3,1625449482.0,64.0
27.29,1625449482.0,64.0
26.51,1625449482.0,64.0
25.67,1625449482.0,64.0
25.27,1625449482.0,64.0
25.46,1625449482.0,64.0
26.02,1625449482.0,64.0
26.48,1625449482.0,64.0
26.4,1625449482.0,64.0
25.5,1625449482.0,64.0
23.8,1625449482.0,64.0
21.49,1625449482.0,64.0
18.85,1625449482.0,64.0
16.06,1625449482.0,64.0
13.2,1625449482.0,64.0
10.3,1625449482.0,64.0
7.38,1625449482.0,64.0
4.56,1625449482.0,64.0
1.99,1625449482.0,64.0
-0.21,1625449482.0,64.0
-2.04,1625449482.0,64.0
-3.61,1625449482.0,64.0
-5.08,1625449482.0,64.0
-6.59,1625449482.0,64.0
-8.22,1625449482.0,64.0
-9.98,1625449482.0,64.0
-11.89,1625449482.0,64.0
-14.0,1625449482.0,64.0
-16.42,1625449482.0,64.0
-19.26,1625449482.0,64.0
-22.61,1625449482.0,64.0
-26.45,1625449482.0,64.0
-30.65,1625449482.0,64.0
-34.97,1625449482.0,64.0
-39.14,1625449482.0,64.0
-42.82,1625449482.0,64.0
-45.68,1625449482.0,64.0
-47.38,1625449482.0,64.0
-47.59,1625449482.0,64.0
-46.05,1625449482.0,64.0
-42.65,1625449482.0,64.0
-37.51,1625449482.0,64.0
-30.92,1625449482.0,64.0
-23.37,1625449482.0,64.0
-15.39,1625449482.0,64.0
-7.42,1625449482.0,64.0
0.18,1625449482.0,64.0
7.18,1625449482.0,64.0
13.37,1625449482.0,64.0
18.46,1625449482.0,64.0
22.19,1625449482.0,64.0
24.44,1625449482.0,64.0
25.36,1625449482.0,64.0
25.42,1625449482.0,64.0
25.26,1625449482.0,64.0
25.42,1625449482.0,64.0
26.14,1625449482.0,64.0
27.31,1625449482.0,64.0
28.58,1625449482.0,64.0
29.63,1625449482.0,64.0
30.38,1625449482.0,64.0
30.92,1625449482.0,64.0
31.39,1625449482.0,64.0
31.75,1625449482.0,64.0
31.71,1625449482.0,64.0
30.87,1625449482.0,64.0
28.94,1625449482.0,64.0
25.92,1625449482.0,64.0
22.21,1625449482.0,64.0
18.38,1625449482.0,64.0
15.01,1625449482.0,64.0
12.42,1625449482.0,64.0
10.56,1625449482.0,64.0
9.07,1625449482.0,64.0
7.37,1625449482.0,64.0
4.98,1625449482.0,64.0
1.58,1625449482.0,64.0
-2.81,1625449482.0,64.0
-7.89,1625449482.0,64.0
-13.19,1625449482.0,64.0
-18.25,1625449482.0,64.0
-22.78,1625449482.0,64.0
-26.72,1625449482.0,64.0
-30.17,1625449482.0,64.0
-33.31,1625449482.0,64.0
-36.25,1625449482.0,64.0
-39.0,1625449482.0,64.0
-41.38,1625449482.0,64.0
-43.09,1625449482.0,64.0
-43.74,1625449482.0,64.0
-42.97,1625449482.0,64.0
-40.49,1625449482.0,64.0
-36.23,1625449482.0,64.0
-30.34,1625449482.0,64.0
-23.2,1625449482.0,64.0
-15.28,1625449482.0,64.0
-7.1,1625449482.0,64.0
0.92,1625449482.0,64.0
8.36,1625449482.0,64.0
14.85,1625449482.0,64.0
20.02,1625449482.0,64.0
23.59,1625449482.0,64.0
25.51,1625449482.0,64.0
26.09,1625449482.0,64.0
25.94,1625449482.0,64.0
25.8,1625449482.0,64.0
26.26,1625449482.0,64.0
27.52,1625449482.0,64.0
29.34,1625449482.0,64.0
31.21,1625449482.0,64.0
32.51,1625449482.0,64.0
32.75,1625449482.0,64.0
31.74,1625449482.0,64.0
29.58,1625449482.0,64.0
26.56,1625449482.0,64.0
23.06,1625449482.0,64.0
19.47,1625449482.0,64.0
16.11,1625449482.0,64.0
13.16,1625449482.0,64.0
10.66,1625449482.0,64.0
8.53,1625449482.0,64.0
6.63,1625449482.0,64.0
4.8,1625449482.0,64.0
2.99,1625449482.0,64.0
1.15,1625449482.0,64.0
-0.7,1625449482.0,64.0
-2.6,1625449482.0,64.0
-4.65,1625449482.0,64.0
-6.95,1625449482.0,64.0
-9.55,1625449482.0,64.0
-12.39,1625449482.0,64.0
-15.36,1625449482.0,64.0
-18.31,1625449482.0,64.0
-21.19,1625449482.0,64.0
-24.04,1625449482.0,64.0
-26.98,1625449482.0,64.0
-30.0,1625449482.0,64.0
-32.88,1625449482.0,64.0
-35.13,1625449482.0,64.0
-36.12,1625449482.0,64.0
-35.32,1625449482.0,64.0
-32.49,1625449482.0,64.0
-27.78,1625449482.0,64.0
-21.69,1625449482.0,64.0
-14.79,1625449482.0,64.0
-7.6,1625449482.0,64.0
-0.48,1625449482.0,64.0
6.41,1625449482.0,64.0
12.89,1625449482.0,64.0
18.74,1625449482.0,64.0
23.62,1625449482.0,64.0
27.22,1625449482.0,64.0
29.38,1625449482.0,64.0
30.18,1625449482.0,64.0
29.96,1625449482.0,64.0
29.16,1625449482.0,64.0
28.21,1625449482.0,64.0
27.38,1625449482.0,64.0
26.73,1625449482.0,64.0
26.15,1625449482.0,64.0
25.45,1625449482.0,64.0
24.43,1625449482.0,64.0
22.96,1625449482.0,64.0
21.04,1625449482.0,64.0
18.74,1625449482.0,64.0
16.19,1625449482.0,64.0
13.49,1625449482.0,64.0
10.74,1625449482.0,64.0
7.96,1625449482.0,64.0
5.18,1625449482.0,64.0
2.46,1625449482.0,64.0
-0.12,1625449482.0,64.0
-2.45,1625449482.0,64.0
-4.51,1625449482.0,64.0
-6.35,1625449482.0,64.0
-8.16,1625449482.0,64.0
-10.18,1625449482.0,64.0
-12.67,1625449482.0,64.0
-15.84,1625449482.0,64.0
-19.82,1625449482.0,64.0
-24.59,1625449482.0,64.0
-29.97,1625449482.0,64.0
-35.66,1625449482.0,64.0
-41.24,1625449482.0,64.0
-46.24,1625449482.0,64.0
-50.18,1625449482.0,64.0
-52.65,1625449482.0,64.0
-53.28,1625449482.0,64.0
-51.81,1625449482.0,64.0
-48.06,1625449482.0,64.0
-42.02,1625449482.0,64.0
-33.95,1625449482.0,64.0
-24.35,1625449482.0,64.0
-13.94,1625449482.0,64.0
-3.49,1625449482.0,64.0
6.34,1625449482.0,64.0
15.1,1625449482.0,64.0
22.65,1625449482.0,64.0
28.98,1625449482.0,64.0
34.1,1625449482.0,64.0
37.95,1625449482.0,64.0
40.4,1625449482.0,64.0
41.37,1625449482.0,64.0
40.98,1625449482.0,64.0
39.59,1625449482.0,64.0
37.73,1625449482.0,64.0
35.88,1625449482.0,64.0
34.34,1625449482.0,64.0
33.07,1625449482.0,64.0
31.75,1625449482.0,64.0
29.94,1625449482.0,64.0
27.29,1625449482.0,64.0
23.66,1625449482.0,64.0
19.19,1625449482.0,64.0
14.25,1625449482.0,64.0
9.25,1625449482.0,64.0
4.59,1625449482.0,64.0
0.55,1625449482.0,64.0
-2.76,1625449482.0,64.0
-5.3,1625449482.0,64.0
-7.17,1625449482.0,64.0
-8.48,1625449482.0,64.0
-9.45,1625449482.0,64.0
-10.3,1625449482.0,64.0
-11.3,1625449482.0,64.0
-12.67,1625449482.0,64.0
-14.51,1625449482.0,64.0
-16.79,1625449482.0,64.0
-19.31,1625449482.0,64.0
-21.89,1625449482.0,64.0
-24.39,1625449482.0,64.0
-26.82,1625449482.0,64.0
-29.32,1625449482.0,64.0
-32.06,1625449482.0,64.0
-35.14,1625449482.0,64.0
-38.4,1625449482.0,64.0
-41.41,1625449482.0,64.0
-43.52,1625449482.0,64.0
-44.02,1625449482.0,64.0
-42.39,1625449482.0,64.0
-38.46,1625449482.0,64.0
-32.52,1625449482.0,64.0
-25.18,1625449482.0,64.0
-17.18,1625449482.0,64.0
-9.11,1625449482.0,64.0
-1.28,1625449482.0,64.0
6.27,1625449482.0,64.0
13.6,1625449482.0,64.0
20.57,1625449482.0,64.0
26.8,1625449482.0,64.0
31.74,1625449482.0,64.0
34.89,1625449482.0,64.0
36.12,1625449482.0,64.0
35.79,1625449482.0,64.0
34.56,1625449482.0,64.0
33.2,1625449482.0,64.0
32.2,1625449482.0,64.0
31.64,1625449482.0,64.0
31.29,1625449482.0,64.0
30.77,1625449482.0,64.0
29.79,1625449482.0,64.0
28.26,1625449482.0,64.0
26.25,1625449482.0,64.0
23.94,1625449482.0,64.0
21.52,1625449482.0,64.0
19.07,1625449482.0,64.0
16.64,1625449482.0,64.0
14.2,1625449482.0,64.0
11.7,1625449482.0,64.0
9.11,1625449482.0,64.0
6.44,1625449482.0,64.0
3.73,1625449482.0,64.0
1.07,1625449482.0,64.0
-1.52,1625449482.0,64.0
-4.08,1625449482.0,64.0
-6.69,1625449482.0,64.0
-9.39,1625449482.0,64.0
-12.12,1625449482.0,64.0
-14.7,1625449482.0,64.0
-16.92,1625449482.0,64.0
-18.72,1625449482.0,64.0
-20.21,1625449482.0,64.0
-21.69,1625449482.0,64.0
-23.5,1625449482.0,64.0
-25.88,1625449482.0,64.0
-28.86,1625449482.0,64.0
-32.31,1625449482.0,64.0
-35.89,1625449482.0,64.0
-39.2,1625449482.0,64.0
-41.74,1625449482.0,64.0
-43.02,1625449482.0,64.0
-42.63,1625449482.0,64.0
-40.33,1625449482.0,64.0
-36.17,1625449482.0,64.0
-30.44,1625449482.0,64.0
-23.6,1625449482.0,64.0
-16.09,1625449482.0,64.0
-8.25,1625449482.0,64.0
-0.28,1625449482.0,64.0
7.6,1625449482.0,64.0
15.01,1625449482.0,64.0
21.39,1625449482.0,64.0
26.11,1625449482.0,64.0
28.68,1625449482.0,64.0
29.03,1625449482.0,64.0
27.64,1625449482.0,64.0
25.46,1625449482.0,64.0
23.61,1625449482.0,64.0
23.0,1625449482.0,64.0
24.1,1625449482.0,64.0
26.82,1625449482.0,64.0
30.55,1625449482.0,64.0
34.48,1625449482.0,64.0
37.79,1625449482.0,64.0
39.88,1625449482.0,64.0
40.48,1625449482.0,64.0
39.57,1625449482.0,64.0
37.27,1625449482.0,64.0
33.76,1625449482.0,64.0
29.25,1625449482.0,64.0
23.97,1625449482.0,64.0
18.26,1625449482.0,64.0
12.58,1625449482.0,64.0
7.39,1625449482.0,64.0
3.03,1625449482.0,64.0
-0.42,1625449482.0,64.0
-3.18,1625449482.0,64.0
-5.58,1625449482.0,64.0
-7.93,1625449482.0,64.0
-10.37,1625449482.0,64.0
-12.88,1625449482.0,64.0
-15.39,1625449482.0,64.0
-17.9,1625449482.0,64.0
-20.53,1625449482.0,64.0
-23.42,1625449482.0,64.0
-26.61,1625449482.0,64.0
-30.04,1625449482.0,64.0
-33.53,1625449482.0,64.0
-36.94,1625449482.0,64.0
-40.18,1625449482.0,64.0
-43.16,1625449482.0,64.0
-45.7,1625449482.0,64.0
-47.38,1625449482.0,64.0
-47.62,1625449482.0,64.0
-45.88,1625449482.0,64.0
-41.84,1625449482.0,64.0
-35.65,1625449482.0,64.0
-27.88,1625449482.0,64.0
-19.29,1625449482.0,64.0
-10.66,1625449482.0,64.0
-2.47,1625449482.0,64.0
5.09,1625449482.0,64.0
11.98,1625449482.0,64.0
18.15,1625449482.0,64.0
23.41,1625449482.0,64.0
27.44,1625449482.0,64.0
30.0,1625449482.0,64.0
31.1,1625449482.0,64.0
31.04,1625449482.0,64.0
30.38,1625449482.0,64.0
29.66,1625449482.0,64.0
29.24,1625449482.0,64.0
29.19,1625449482.0,64.0
29.36,1625449482.0,64.0
29.49,1625449482.0,64.0
29.39,1625449482.0,64.0
28.95,1625449482.0,64.0
28.16,1625449482.0,64.0
27.02,1625449482.0,64.0
25.51,1625449482.0,64.0
23.59,1625449482.0,64.0
21.22,1625449482.0,64.0
18.45,1625449482.0,64.0
15.38,1625449482.0,64.0
12.19,1625449482.0,64.0
9.1,1625449482.0,64.0
6.28,1625449482.0,64.0
3.83,1625449482.0,64.0
1.7,1625449482.0,64.0
-0.26,1625449482.0,64.0
-2.23,1625449482.0,64.0
-4.34,1625449482.0,64.0
-6.64,1625449482.0,64.0
-9.07,1625449482.0,64.0
-11.55,1625449482.0,64.0
-14.02,1625449482.0,64.0
-16.49,1625449482.0,64.0
-19.0,1625449482.0,64.0
-21.61,1625449482.0,64.0
-24.37,1625449482.0,64.0
-27.29,1625449482.0,64.0
-30.28,1625449482.0,64.0
-33.08,1625449482.0,64.0
-35.29,1625449482.0,64.0
-36.34,1625449482.0,64.0
-35.71,1625449482.0,64.0
-33.04,1625449482.0,64.0
-28.33,1625449482.0,64.0
-21.96,1625449482.0,64.0
-14.59,1625449482.0,64.0
-6.9,1625449482.0,64.0
0.55,1625449482.0,64.0
7.41,1625449482.0,64.0
13.52,1625449482.0,64.0
18.78,1625449482.0,64.0
23.03,1625449482.0,64.0
26.08,1625449482.0,64.0
27.81,1625449482.0,64.0
28.3,1625449482.0,64.0
27.84,1625449482.0,64.0
26.89,1625449482.0,64.0
25.87,1625449482.0,64.0
25.01,1625449482.0,64.0
24.26,1625449482.0,64.0
23.43,1625449482.0,64.0
22.29,1625449482.0,64.0
20.76,1625449482.0,64.0
18.89,1625449482.0,64.0
16.83,1625449482.0,64.0
14.69,1625449482.0,64.0
12.45,1625449482.0,64.0
9.96,1625449482.0,64.0
7.1,1625449482.0,64.0
3.89,1625449482.0,64.0
0.56,1625449482.0,64.0
-2.52,1625449482.0,64.0
-4.99,1625449482.0,64.0
-6.7,1625449482.0,64.0
-7.81,1625449482.0,64.0
-8.74,1625449482.0,64.0
-9.98,1625449482.0,64.0
-11.84,1625449482.0,64.0
-14.29,1625449482.0,64.0
-16.95,1625449482.0,64.0
-19.28,1625449482.0,64.0
-20.79,1625449482.0,64.0
-21.21,1625449482.0,64.0
-20.58,1625449482.0,64.0
-19.18,1625449482.0,64.0
-17.46,1625449482.0,64.0
-15.94,1625449482.0,64.0
-15.08,1625449482.0,64.0
-15.13,1625449482.0,64.0
-16.1,1625449482.0,64.0
-17.6,1625449482.0,64.0
-19.01,1625449482.0,64.0
-19.57,1625449482.0,64.0
-18.7,1625449482.0,64.0
-16.13,1625449482.0,64.0
-12.03,1625449482.0,64.0
-6.88,1625449482.0,64.0
-1.3,1625449482.0,64.0
4.14,1625449482.0,64.0
9.06,1625449482.0,64.0
13.23,1625449482.0,64.0
16.52,1625449482.0,64.0
18.77,1625449482.0,64.0
19.87,1625449482.0,64.0
19.71,1625449482.0,64.0
18.39,1625449482.0,64.0
16.23,1625449482.0,64.0
13.7,1625449482.0,64.0
11.33,1625449482.0,64.0
9.46,1625449482.0,64.0
8.18,1625449482.0,64.0
7.27,1625449482.0,64.0
6.46,1625449482.0,64.0
5.52,1625449482.0,64.0
4.48,1625449482.0,64.0
3.57,1625449482.0,64.0
3.07,1625449482.0,64.0
3.13,1625449482.0,64.0
3.71,1625449482.0,64.0
4.52,1625449482.0,64.0
5.2,1625449482.0,64.0
5.47,1625449482.0,64.0
5.24,1625449482.0,64.0
4.6,1625449482.0,64.0
3.75,1625449482.0,64.0
2.8,1625449482.0,64.0
1.69,1625449482.0,64.0
0.25,1625449482.0,64.0
-1.7,1625449482.0,64.0
-4.17,1625449482.0,64.0
-6.95,1625449482.0,64.0
-9.66,1625449482.0,64.0
-11.95,1625449482.0,64.0
-13.71,1625449482.0,64.0
-15.09,1625449482.0,64.0
-16.46,1625449482.0,64.0
-18.2,1625449482.0,64.0
-20.53,1625449482.0,64.0
-23.49,1625449482.0,64.0
-26.87,1625449482.0,64.0
-30.36,1625449482.0,64.0
-33.58,1625449482.0,64.0
-36.11,1625449482.0,64.0
-37.52,1625449482.0,64.0
-37.41,1625449482.0,64.0
-35.56,1625449482.0,64.0
-31.97,1625449482.0,64.0
-26.88,1625449482.0,64.0
-20.69,1625449482.0,64.0
-13.87,1625449482.0,64.0
-6.81,1625449482.0,64.0
0.19,1625449482.0,64.0
6.86,1625449482.0,64.0
12.94,1625449482.0,64.0
18.13,1625449482.0,64.0
22.13,1625449482.0,64.0
24.76,1625449482.0,64.0
26.05,1625449482.0,64.0
26.3,1625449482.0,64.0
25.99,1625449482.0,64.0
25.63,1625449482.0,64.0
25.58,1625449482.0,64.0
25.92,1625449482.0,64.0
26.46,1625449482.0,64.0
26.87,1625449482.0,64.0
26.84,1625449482.0,64.0
26.25,1625449482.0,64.0
25.2,1625449482.0,64.0
23.87,1625449482.0,64.0
22.42,1625449482.0,64.0
20.79,1625449482.0,64.0
18.82,1625449482.0,64.0
16.26,1625449482.0,64.0
13.05,1625449482.0,64.0
9.37,1625449482.0,64.0
5.6,1625449482.0,64.0
2.18,1625449482.0,64.0
-0.67,1625449482.0,64.0
-2.96,1625449482.0,64.0
-4.97,1625449482.0,64.0
-7.04,1625449482.0,64.0
-9.39,1625449482.0,64.0
-12.03,1625449482.0,64.0
-14.81,1625449482.0,64.0
-17.58,1625449482.0,64.0
-20.3,1625449482.0,64.0
-23.09,1625449482.0,64.0
-26.12,1625449482.0,64.0
-29.51,1625449482.0,64.0
-33.26,1625449482.0,64.0
-37.21,1625449482.0,64.0
-41.14,1625449482.0,64.0
-44.75,1625449482.0,64.0
-47.71,1625449482.0,64.0
-49.61,1625449482.0,64.0
-50.07,1625449482.0,64.0
-48.72,1625449482.0,64.0
-45.45,1625449482.0,64.0
-40.35,1625449482.0,64.0
-33.77,1625449482.0,64.0
-26.2,1625449482.0,64.0
-18.06,1625449482.0,64.0
-9.72,1625449482.0,64.0
-1.43,1625449482.0,64.0
6.57,1625449482.0,64.0
13.94,1625449482.0,64.0
20.28,1625449482.0,64.0
25.16,1625449482.0,64.0
28.31,1625449482.0,64.0
29.73,1625449482.0,64.0
29.74,1625449482.0,64.0
28.93,1625449482.0,64.0
27.95,1625449482.0,64.0
27.37,1625449482.0,64.0
27.5,1625449482.0,64.0
28.32,1625449482.0,64.0
29.61,1625449482.0,64.0
30.98,1625449482.0,64.0
32.06,1625449482.0,64.0
32.55,1625449482.0,64.0
32.26,1625449482.0,64.0
31.12,1625449482.0,64.0
29.16,1625449482.0,64.0
26.49,1625449482.0,64.0
23.23,1625449482.0,64.0
19.54,1625449482.0,64.0
15.55,1625449482.0,64.0
11.47,1625449482.0,64.0
7.47,1625449482.0,64.0
3.77,1625449482.0,64.0
0.52,1625449482.0,64.0
-2.25,1625449482.0,64.0
-4.65,1625449482.0,64.0
-6.97,1625449482.0,64.0
-9.52,1625449482.0,64.0
-12.5,1625449482.0,64.0
-15.94,1625449482.0,64.0
-19.62,1625449482.0,64.0
-23.26,1625449482.0,64.0
-26.64,1625449482.0,64.0
-29.73,1625449482.0,64.0
-32.65,1625449482.0,64.0
-35.59,1625449482.0,64.0
-38.61,1625449482.0,64.0
-41.49,1625449482.0,64.0
-43.81,1625449482.0,64.0
-45.04,1625449482.0,64.0
-44.73,1625449482.0,64.0
-42.62,1625449482.0,64.0
-38.66,1625449482.0,64.0
-32.94,1625449482.0,64.0
-25.54,1625449482.0,64.0
-16.55,1625449482.0,64.0
-6.16,1625449482.0,64.0
5.23,1625449482.0,64.0
16.86,1625449482.0,64.0
27.66,1625449482.0,64.0
36.54,1625449482.0,64.0
42.68,1625449482.0,64.0
45.89,1625449482.0,64.0
46.64,1625449482.0,64.0
45.86,1625449482.0,64.0
44.59,1625449482.0,64.0
43.55,1625449482.0,64.0
42.94,1625449482.0,64.0
42.5,1625449482.0,64.0
41.79,1625449482.0,64.0
40.42,1625449482.0,64.0
38.3,1625449482.0,64.0
35.55,1625449482.0,64.0
32.42,1625449482.0,64.0
29.07,1625449482.0,64.0
25.53,1625449482.0,64.0
21.78,1625449482.0,64.0
17.82,1625449482.0,64.0
13.82,1625449482.0,64.0
10.01,1625449482.0,64.0
6.66,1625449482.0,64.0
3.87,1625449482.0,64.0
1.55,1625449482.0,64.0
-0.57,1625449482.0,64.0
-2.79,1625449482.0,64.0
-5.3,1625449482.0,64.0
-8.12,1625449482.0,64.0
-11.09,1625449482.0,64.0
-13.96,1625449482.0,64.0
-16.56,1625449482.0,64.0
-18.85,1625449482.0,64.0
-20.95,1625449482.0,64.0
-23.08,1625449482.0,64.0
-25.46,1625449482.0,64.0
-28.2,1625449482.0,64.0
-31.22,1625449482.0,64.0
-34.26,1625449482.0,64.0
-36.89,1625449482.0,64.0
-38.6,1625449482.0,64.0
-38.9,1625449482.0,64.0
-37.43,1625449482.0,64.0
-34.07,1625449482.0,64.0
-28.95,1625449482.0,64.0
-22.5,1625449482.0,64.0
-15.28,1625449482.0,64.0
-7.85,1625449482.0,64.0
-0.66,1625449482.0,64.0
6.02,1625449482.0,64.0
12.05,1625449482.0,64.0
17.36,1625449482.0,64.0
21.79,1625449482.0,64.0
25.18,1625449482.0,64.0
27.39,1625449482.0,64.0
28.41,1625449482.0,64.0
28.43,1625449482.0,64.0
27.82,1625449482.0,64.0
26.95,1625449482.0,64.0
26.11,1625449482.0,64.0
25.37,1625449482.0,64.0
24.64,1625449482.0,64.0
23.73,1625449482.0,64.0
22.5,1625449482.0,64.0
20.9,1625449482.0,64.0
19.03,1625449482.0,64.0
16.99,1625449482.0,64.0
14.92,1625449482.0,64.0
12.85,1625449482.0,64.0
10.74,1625449482.0,64.0
8.51,1625449482.0,64.0
6.07,1625449482.0,64.0
3.4,1625449482.0,64.0
0.5,1625449482.0,64.0
-2.57,1625449482.0,64.0
-5.76,1625449482.0,64.0
-8.98,1625449482.0,64.0
-12.16,1625449482.0,64.0
-15.19,1625449482.0,64.0
-18.03,1625449482.0,64.0
-20.68,1625449482.0,64.0
-23.2,1625449482.0,64.0
-25.66,1625449482.0,64.0
-28.13,1625449482.0,64.0
-30.65,1625449482.0,64.0
-33.21,1625449482.0,64.0
-35.81,1625449482.0,64.0
-38.39,1625449482.0,64.0
-40.79,1625449482.0,64.0
-42.65,1625449482.0,64.0
-43.38,1625449482.0,64.0
-42.34,1625449482.0,64.0
-39.06,1625449482.0,64.0
-33.44,1625449482.0,64.0
-25.81,1625449482.0,64.0
-16.86,1625449482.0,64.0
-7.3,1625449482.0,64.0
2.33,1625449482.0,64.0
11.71,1625449482.0,64.0
20.66,1625449482.0,64.0
28.92,1625449482.0,64.0
36.0,1625449482.0,64.0
41.31,1625449482.0,64.0
44.36,1625449482.0,64.0
45.01,1625449482.0,64.0
43.6,1625449482.0,64.0
40.82,1625449482.0,64.0
37.47,1625449482.0,64.0
34.22,1625449482.0,64.0
31.41,1625449482.0,64.0
29.11,1625449482.0,64.0
27.2,1625449482.0,64.0
25.48,1625449482.0,64.0
23.79,1625449482.0,64.0
21.99,1625449482.0,64.0
19.96,1625449482.0,64.0
17.58,1625449482.0,64.0
14.75,1625449482.0,64.0
11.46,1625449482.0,64.0
7.78,1625449482.0,64.0
3.92,1625449482.0,64.0
0.12,1625449482.0,64.0
-3.42,1625449482.0,64.0
-6.57,1625449482.0,64.0
-9.34,1625449482.0,64.0
-11.79,1625449482.0,64.0
-14.01,1625449482.0,64.0
-16.05,1625449482.0,64.0
-17.92,1625449482.0,64.0
-19.6,1625449482.0,64.0
-21.12,1625449482.0,64.0
-22.53,1625449482.0,64.0
-23.94,1625449482.0,64.0
-25.49,1625449482.0,64.0
-27.31,1625449482.0,64.0
-29.47,1625449482.0,64.0
-31.97,1625449482.0,64.0
-34.66,1625449482.0,64.0
-37.25,1625449482.0,64.0
-39.27,1625449482.0,64.0
-40.13,1625449482.0,64.0
-39.22,1625449482.0,64.0
-36.17,1625449482.0,64.0
-30.91,1625449482.0,64.0
-23.82,1625449482.0,64.0
-15.57,1625449482.0,64.0
-6.87,1625449482.0,64.0
1.7,1625449482.0,64.0
9.84,1625449482.0,64.0
17.41,1625449482.0,64.0
24.24,1625449482.0,64.0
30.05,1625449482.0,64.0
34.42,1625449482.0,64.0
37.05,1625449482.0,64.0
37.89,1625449482.0,64.0
37.31,1625449482.0,64.0
35.94,1625449482.0,64.0
34.44,1625449482.0,64.0
33.21,1625449482.0,64.0
32.31,1625449482.0,64.0
31.45,1625449482.0,64.0
30.29,1625449482.0,64.0
28.58,1625449482.0,64.0
26.28,1625449482.0,64.0
23.56,1625449482.0,64.0
20.61,1625449482.0,64.0
17.54,1625449482.0,64.0
14.36,1625449482.0,64.0
11.04,1625449482.0,64.0
7.63,1625449482.0,64.0
4.32,1625449482.0,64.0
1.37,1625449482.0,64.0
-1.06,1625449482.0,64.0
-2.97,1625449482.0,64.0
-4.63,1625449482.0,64.0
-6.41,1625449482.0,64.0
-8.56,1625449482.0,64.0
-11.14,1625449482.0,64.0
-13.98,1625449482.0,64.0
-16.84,1625449482.0,64.0
-19.55,1625449482.0,64.0
-22.15,1625449482.0,64.0
-24.77,1625449482.0,64.0
-27.55,1625449482.0,64.0
-30.48,1625449482.0,64.0
-33.46,1625449482.0,64.0
-36.29,1625449482.0,64.0
-38.81,1625449482.0,64.0
-40.82,1625449482.0,64.0
-42.13,1625449482.0,64.0
-42.41,1625449482.0,64.0
-41.32,1625449482.0,64.0
-38.57,1625449482.0,64.0
-34.08,1625449482.0,64.0
-28.04,1625449482.0,64.0
-20.88,1625449482.0,64.0
-13.11,1625449482.0,64.0
-5.17,1625449482.0,64.0
2.63,1625449482.0,64.0
10.06,1625449482.0,64.0
16.87,1625449482.0,64.0
22.7,1625449482.0,64.0
27.09,1625449482.0,64.0
29.68,1625449482.0,64.0
30.4,1625449482.0,64.0
29.63,1625449482.0,64.0
28.14,1625449482.0,64.0
26.92,1625449482.0,64.0
26.74,1625449482.0,64.0
27.92,1625449482.0,64.0
30.13,1625449482.0,64.0
32.55,1625449482.0,64.0
34.2,1625449482.0,64.0
34.28,1625449482.0,64.0
32.51,1625449482.0,64.0
29.09,1625449482.0,64.0
24.65,1625449482.0,64.0
19.92,1625449482.0,64.0
15.53,1625449482.0,64.0
11.86,1625449482.0,64.0
8.98,1625449482.0,64.0
6.82,1625449482.0,64.0
5.23,1625449482.0,64.0
4.11,1625449482.0,64.0
3.37,1625449482.0,64.0
2.86,1625449482.0,64.0
2.39,1625449482.0,64.0
1.71,1625449482.0,64.0
0.6,1625449482.0,64.0
-1.03,1625449482.0,64.0
-3.11,1625449482.0,64.0
-5.53,1625449482.0,64.0
-8.15,1625449482.0,64.0
-10.96,1625449482.0,64.0
-14.02,1625449482.0,64.0
-17.39,1625449482.0,64.0
-21.02,1625449482.0,64.0
-24.7,1625449482.0,64.0
-28.16,1625449482.0,64.0
-31.12,1625449482.0,64.0
-33.38,1625449482.0,64.0
-34.82,1625449482.0,64.0
-35.26,1625449482.0,64.0
-34.48,1625449482.0,64.0
-32.23,1625449482.0,64.0
-28.41,1625449482.0,64.0
-23.17,1625449482.0,64.0
-16.9,1625449482.0,64.0
-10.18,1625449482.0,64.0
-3.6,1625449482.0,64.0
2.35,1625449482.0,64.0
7.34,1625449482.0,64.0
11.18,1625449482.0,64.0
13.79,1625449482.0,64.0
15.19,1625449482.0,64.0
15.61,1625449482.0,64.0
15.45,1625449482.0,64.0
15.25,1625449482.0,64.0
15.56,1625449482.0,64.0
16.7,1625449482.0,64.0
18.64,1625449482.0,64.0
20.94,1625449482.0,64.0
22.98,1625449482.0,64.0
24.13,1625449482.0,64.0
24.07,1625449482.0,64.0
22.84,1625449482.0,64.0
20.84,1625449482.0,64.0
18.59,1625449482.0,64.0
16.55,1625449482.0,64.0
14.92,1625449482.0,64.0
13.71,1625449482.0,64.0
12.77,1625449482.0,64.0
11.92,1625449482.0,64.0
11.05,1625449482.0,64.0
10.06,1625449482.0,64.0
8.85,1625449482.0,64.0
7.29,1625449482.0,64.0
5.26,1625449482.0,64.0
2.68,1625449482.0,64.0
-0.42,1625449482.0,64.0
-3.93,1625449482.0,64.0
-7.64,1625449482.0,64.0
-11.34,1625449482.0,64.0
-14.89,1625449482.0,64.0
-18.22,1625449482.0,64.0
-21.35,1625449482.0,64.0
-24.35,1625449482.0,64.0
-27.21,1625449482.0,64.0
-29.77,1625449482.0,64.0
-31.68,1625449482.0,64.0
-32.49,1625449482.0,64.0
-31.79,1625449482.0,64.0
-29.35,1625449482.0,64.0
-25.22,1625449482.0,64.0
-19.7,1625449482.0,64.0
-13.25,1625449482.0,64.0
-6.35,1625449482.0,64.0
0.56,1625449482.0,64.0
7.13,1625449482.0,64.0
13.03,1625449482.0,64.0
17.94,1625449482.0,64.0
21.58,1625449482.0,64.0
23.8,1625449482.0,64.0
24.63,1625449482.0,64.0
24.35,1625449482.0,64.0
23.45,1625449482.0,64.0
22.44,1625449482.0,64.0
21.75,1625449482.0,64.0
21.56,1625449482.0,64.0
21.8,1625449482.0,64.0
22.18,1625449482.0,64.0
22.31,1625449482.0,64.0
21.89,1625449482.0,64.0
20.78,1625449482.0,64.0
19.03,1625449482.0,64.0
16.77,1625449482.0,64.0
14.2,1625449482.0,64.0
11.48,1625449482.0,64.0
8.74,1625449482.0,64.0
6.06,1625449482.0,64.0
3.51,1625449482.0,64.0
1.11,1625449482.0,64.0
-1.16,1625449482.0,64.0
-3.42,1625449482.0,64.0
-5.76,1625449482.0,64.0
-8.29,1625449482.0,64.0
-11.04,1625449482.0,64.0
-13.99,1625449482.0,64.0
-17.07,1625449482.0,64.0
-20.24,1625449482.0,64.0
-23.44,1625449482.0,64.0
-26.63,1625449482.0,64.0
-29.71,1625449482.0,64.0
-32.56,1625449482.0,64.0
-35.1,1625449482.0,64.0
-37.25,1625449482.0,64.0
-38.92,1625449482.0,64.0
-39.98,1625449482.0,64.0
-40.17,1625449482.0,64.0
-39.21,1625449482.0,64.0
-36.86,1625449482.0,64.0
-33.1,1625449482.0,64.0
-28.14,1625449482.0,64.0
-22.4,1625449482.0,64.0
-16.31,1625449482.0,64.0
-10.22,1625449482.0,64.0
-4.34,1625449482.0,64.0
1.11,1625449482.0,64.0
5.92,1625449482.0,64.0
9.74,1625449482.0,64.0
12.26,1625449482.0,64.0
13.36,1625449482.0,64.0
13.29,1625449482.0,64.0
12.66,1625449482.0,64.0
12.22,1625449482.0,64.0
12.62,1625449482.0,64.0
14.15,1625449482.0,64.0
16.64,1625449482.0,64.0
19.59,1625449482.0,64.0
22.48,1625449482.0,64.0
24.84,1625449482.0,64.0
26.49,1625449482.0,64.0
27.4,1625449482.0,64.0
27.67,1625449482.0,64.0
27.39,1625449482.0,64.0
26.69,1625449482.0,64.0
25.68,1625449482.0,64.0
24.48,1625449482.0,64.0
23.2,1625449482.0,64.0
21.85,1625449482.0,64.0
20.31,1625449482.0,64.0
18.3,1625449482.0,64.0
15.52,1625449482.0,64.0
11.75,1625449482.0,64.0
6.99,1625449482.0,64.0
1.51,1625449482.0,64.0
-4.2,1625449482.0,64.0
-9.54,1625449482.0,64.0
-14.01,1625449482.0,64.0
-17.41,1625449482.0,64.0
-19.85,1625449482.0,64.0
-21.72,1625449482.0,64.0
-23.52,1625449482.0,64.0
-25.63,1625449482.0,64.0
-28.23,1625449482.0,64.0
-31.26,1625449482.0,64.0
-34.43,1625449482.0,64.0
-37.34,1625449482.0,64.0
-39.47,1625449482.0,64.0
-40.33,1625449482.0,64.0
-39.46,1625449482.0,64.0
-36.64,1625449482.0,64.0
-31.98,1625449482.0,64.0
-25.91,1625449482.0,64.0
-19.06,1625449482.0,64.0
-12.03,1625449482.0,64.0
-5.19,1625449482.0,64.0
1.39,1625449482.0,64.0
7.76,1625449482.0,64.0
13.96,1625449482.0,64.0
19.74,1625449482.0,64.0
24.63,1625449482.0,64.0
28.17,1625449482.0,64.0
30.11,1625449482.0,64.0
30.62,1625449482.0,64.0
30.24,1625449482.0,64.0
29.65,1625449482.0,64.0
29.41,1625449482.0,64.0
29.72,1625449482.0,64.0
30.43,1625449482.0,64.0
31.14,1625449482.0,64.0
31.37,1625449482.0,64.0
30.78,1625449482.0,64.0
29.24,1625449482.0,64.0
26.82,1625449482.0,64.0
23.78,1625449482.0,64.0
20.41,1625449482.0,64.0
16.96,1625449482.0,64.0
13.56,1625449482.0,64.0
10.27,1625449482.0,64.0
7.1,1625449482.0,64.0
4.07,1625449482.0,64.0
1.22,1625449482.0,64.0
-1.4,1625449482.0,64.0
-3.81,1625449482.0,64.0
-6.07,1625449482.0,64.0
-8.3,1625449482.0,64.0
-10.58,1625449482.0,64.0
-12.89,1625449482.0,64.0
-15.16,1625449482.0,64.0
-17.3,1625449482.0,64.0
-19.26,1625449482.0,64.0
-21.1,1625449482.0,64.0
-22.94,1625449482.0,64.0
-24.92,1625449482.0,64.0
-27.19,1625449482.0,64.0
-29.8,1625449482.0,64.0
-32.74,1625449482.0,64.0
-35.82,1625449482.0,64.0
-38.67,1625449482.0,64.0
-40.77,1625449482.0,64.0
-41.55,1625449482.0,64.0
-40.53,1625449482.0,64.0
-37.52,1625449482.0,64.0
-32.61,1625449482.0,64.0
-26.19,1625449482.0,64.0
-18.78,1625449482.0,64.0
-10.94,1625449482.0,64.0
-3.1,1625449482.0,64.0
4.37,1625449482.0,64.0
11.19,1625449482.0,64.0
17.07,1625449482.0,64.0
21.73,1625449482.0,64.0
24.93,1625449482.0,64.0
26.64,1625449482.0,64.0
27.03,1625449482.0,64.0
26.52,1625449482.0,64.0
25.64,1625449482.0,64.0
24.83,1625449482.0,64.0
24.34,1625449482.0,64.0
24.15,1625449482.0,64.0
24.04,1625449482.0,64.0
23.76,1625449482.0,64.0
23.17,1625449482.0,64.0
22.22,1625449482.0,64.0
20.99,1625449482.0,64.0
19.54,1625449482.0,64.0
17.84,1625449482.0,64.0
15.78,1625449482.0,64.0
13.18,1625449482.0,64.0
9.92,1625449482.0,64.0
6.04,1625449482.0,64.0
1.86,1625449482.0,64.0
-2.12,1625449482.0,64.0
-5.3,1625449482.0,64.0
-7.2,1625449482.0,64.0
-7.68,1625449482.0,64.0
-6.96,1625449482.0,64.0
-5.57,1625449482.0,64.0
-4.07,1625449482.0,64.0
-2.82,1625449482.0,64.0
-1.98,1625449482.0,64.0
-1.47,1625449482.0,64.0
-1.29,1625449482.0,64.0
-1.56,1625449482.0,64.0
-2.57,1625449482.0,64.0
-4.59,1625449482.0,64.0
-7.73,1625449482.0,64.0
-11.81,1625449482.0,64.0
-16.41,1625449482.0,64.0
-21.02,1625449482.0,64.0
-25.06,1625449482.0,64.0
-28.0,1625449482.0,64.0
-29.38,1625449482.0,64.0
-28.87,1625449482.0,64.0
-26.41,1625449482.0,64.0
-22.3,1625449482.0,64.0
-17.1,1625449482.0,64.0
-11.51,1625449482.0,64.0
-6.05,1625449482.0,64.0
-0.95,1625449482.0,64.0
3.81,1625449482.0,64.0
8.29,1625449482.0,64.0
12.41,1625449482.0,64.0
15.86,1625449482.0,64.0
18.33,1625449482.0,64.0
19.67,1625449482.0,64.0
20.1,1625449482.0,64.0
20.12,1625449482.0,64.0
20.22,1625449482.0,64.0
20.71,1625449482.0,64.0
21.52,1625449482.0,64.0
22.36,1625449482.0,64.0
22.89,1625449482.0,64.0
22.96,1625449482.0,64.0
22.61,1625449482.0,64.0
22.02,1625449482.0,64.0
21.32,1625449482.0,64.0
20.48,1625449482.0,64.0
19.38,1625449482.0,64.0
17.84,1625449482.0,64.0
15.79,1625449482.0,64.0
13.31,1625449482.0,64.0
10.65,1625449482.0,64.0
8.13,1625449482.0,64.0
5.99,1625449482.0,64.0
4.36,1625449482.0,64.0
3.18,1625449482.0,64.0
2.21,1625449482.0,64.0
1.19,1625449482.0,64.0
-0.12,1625449482.0,64.0
-1.83,1625449482.0,64.0
-3.93,1625449482.0,64.0
-6.33,1625449482.0,64.0
-8.92,1625449482.0,64.0
-11.6,1625449482.0,64.0
-14.32,1625449482.0,64.0
-17.04,1625449482.0,64.0
-19.81,1625449482.0,64.0
-22.68,1625449482.0,64.0
-25.72,1625449482.0,64.0
-28.86,1625449482.0,64.0
-31.82,1625449482.0,64.0
-34.13,1625449482.0,64.0
-35.19,1625449482.0,64.0
-34.51,1625449482.0,64.0
-31.88,1625449482.0,64.0
-27.47,1625449482.0,64.0
-21.71,1625449482.0,64.0
-15.11,1625449482.0,64.0
-8.12,1625449482.0,64.0
-1.01,1625449482.0,64.0
5.97,1625449482.0,64.0
12.53,1625449482.0,64.0
18.28,1625449482.0,64.0
22.79,1625449482.0,64.0
25.77,1625449482.0,64.0
27.22,1625449482.0,64.0
27.46,1625449482.0,64.0
27.07,1625449482.0,64.0
26.62,1625449482.0,64.0
26.45,1625449482.0,64.0
26.6,1625449482.0,64.0
26.84,1625449482.0,64.0
26.81,1625449482.0,64.0
26.27,1625449482.0,64.0
25.11,1625449482.0,64.0
23.43,1625449482.0,64.0
21.38,1625449482.0,64.0
19.07,1625449482.0,64.0
16.53,1625449482.0,64.0
13.72,1625449482.0,64.0
10.67,1625449482.0,64.0
7.49,1625449482.0,64.0
4.4,1625449482.0,64.0
1.67,1625449482.0,64.0
-0.55,1625449482.0,64.0
-2.3,1625449482.0,64.0
-3.79,1625449482.0,64.0
-5.37,1625449482.0,64.0
-7.39,1625449482.0,64.0
-10.02,1625449482.0,64.0
-13.21,1625449482.0,64.0
-16.7,1625449482.0,64.0
-20.16,1625449482.0,64.0
-23.3,1625449482.0,64.0
-26.06,1625449482.0,64.0
-28.57,1625449482.0,64.0
-31.08,1625449482.0,64.0
-33.8,1625449482.0,64.0
-36.81,1625449482.0,64.0
-39.95,1625449482.0,64.0
-42.82,1625449482.0,64.0
-44.86,1625449482.0,64.0
-45.48,1625449482.0,64.0
-44.2,1625449482.0,64.0
-40.78,1625449482.0,64.0
-35.34,1625449482.0,64.0
-28.28,1625449482.0,64.0
-20.19,1625449482.0,64.0
-11.72,1625449482.0,64.0
-3.38,1625449482.0,64.0
4.46,1625449482.0,64.0
11.53,1625449482.0,64.0
17.67,1625449482.0,64.0
22.71,1625449482.0,64.0
26.48,1625449482.0,64.0
28.96,1625449482.0,64.0
30.27,1625449482.0,64.0
30.68,1625449482.0,64.0
30.58,1625449482.0,64.0
30.26,1625449482.0,64.0
29.91,1625449482.0,64.0
29.53,1625449482.0,64.0
28.99,1625449482.0,64.0
28.18,1625449482.0,64.0
27.03,1625449482.0,64.0
25.58,1625449482.0,64.0
23.91,1625449482.0,64.0
22.11,1625449482.0,64.0
20.16,1625449482.0,64.0
18.02,1625449482.0,64.0
15.62,1625449482.0,64.0
12.94,1625449482.0,64.0
10.11,1625449482.0,64.0
7.33,1625449482.0,64.0
4.85,1625449482.0,64.0
2.83,1625449482.0,64.0
1.25,1625449482.0,64.0
-0.06,1625449482.0,64.0
-1.4,1625449482.0,64.0
-2.99,1625449482.0,64.0
-4.91,1625449482.0,64.0
-7.1,1625449482.0,64.0
-9.44,1625449482.0,64.0
-11.83,1625449482.0,64.0
-14.29,1625449482.0,64.0
-16.92,1625449482.0,64.0
-19.82,1625449482.0,64.0
-22.98,1625449482.0,64.0
-26.33,1625449482.0,64.0
-29.67,1625449482.0,64.0
-32.72,1625449482.0,64.0
-35.11,1625449482.0,64.0
-36.43,1625449482.0,64.0
-36.23,1625449482.0,64.0
-34.2,1625449482.0,64.0
-30.32,1625449482.0,64.0
-24.86,1625449482.0,64.0
-18.37,1625449482.0,64.0
-11.47,1625449482.0,64.0
-4.62,1625449482.0,64.0
1.99,1625449482.0,64.0
8.39,1625449482.0,64.0
14.63,1625449482.0,64.0
20.59,1625449482.0,64.0
25.9,1625449482.0,64.0
29.97,1625449482.0,64.0
32.24,1625449482.0,64.0
32.42,1625449482.0,64.0
30.63,1625449482.0,64.0
27.47,1625449482.0,64.0
23.8,1625449482.0,64.0
20.54,1625449482.0,64.0
18.37,1625449482.0,64.0
17.49,1625449482.0,64.0
17.6,1625449482.0,64.0
18.02,1625449482.0,64.0
18.0,1625449482.0,64.0
16.98,1625449482.0,64.0
14.79,1625449482.0,64.0
11.63,1625449482.0,64.0
7.94,1625449482.0,64.0
4.17,1625449482.0,64.0
0.62,1625449482.0,64.0
-2.6,1625449482.0,64.0
-5.51,1625449482.0,64.0
-8.32,1625449482.0,64.0
-11.28,1625449482.0,64.0
-14.78,1625449482.0,64.0
-19.18,1625449482.0,64.0
-24.67,1625449482.0,64.0
-31.1,1625449482.0,64.0
-37.85,1625449482.0,64.0
-44.09,1625449482.0,64.0
-48.99,1625449482.0,64.0
-52.09,1625449482.0,64.0
-53.49,1625449482.0,64.0
-53.75,1625449482.0,64.0
-53.61,1625449482.0,64.0
-53.68,1625449482.0,64.0
-54.15,1625449482.0,64.0
-54.75,1625449482.0,64.0
-54.85,1625449482.0,64.0
-53.67,1625449482.0,64.0
-50.55,1625449482.0,64.0
-45.11,1625449482.0,64.0
-37.44,1625449482.0,64.0
-28.04,1625449482.0,64.0
-17.74,1625449482.0,64.0
-7.48,1625449482.0,64.0
1.96,1625449482.0,64.0
10.08,1625449482.0,64.0
16.71,1625449482.0,64.0
21.93,1625449482.0,64.0
25.83,1625449482.0,64.0
28.44,1625449482.0,64.0
29.7,1625449482.0,64.0
29.59,1625449482.0,64.0
28.3,1625449482.0,64.0
26.28,1625449482.0,64.0
24.21,1625449482.0,64.0
22.7,1625449482.0,64.0
22.1,1625449482.0,64.0
22.4,1625449482.0,64.0
23.26,1625449482.0,64.0
24.26,1625449482.0,64.0
25.05,1625449482.0,64.0
25.48,1625449482.0,64.0
25.56,1625449482.0,64.0
25.33,1625449482.0,64.0
24.73,1625449482.0,64.0
23.67,1625449482.0,64.0
22.1,1625449482.0,64.0
20.07,1625449482.0,64.0
17.76,1625449482.0,64.0
15.46,1625449482.0,64.0
13.4,1625449482.0,64.0
11.64,1625449482.0,64.0
10.11,1625449482.0,64.0
8.64,1625449482.0,64.0
7.02,1625449482.0,64.0
5.15,1625449482.0,64.0
3.01,1625449482.0,64.0
0.7,1625449482.0,64.0
-1.57,1625449482.0,64.0
-3.52,1625449482.0,64.0
-4.92,1625449482.0,64.0
-5.74,1625449482.0,64.0
-6.23,1625449482.0,64.0
-6.85,1625449482.0,64.0
-8.02,1625449482.0,64.0
-9.82,1625449482.0,64.0
-11.77,1625449482.0,64.0
-12.99,1625449482.0,64.0
-12.58,1625449482.0,64.0
-10.04,1625449482.0,64.0
-5.55,1625449482.0,64.0
0.18,1625449482.0,64.0
6.19,1625449482.0,64.0
11.79,1625449482.0,64.0
16.65,1625449482.0,64.0
20.78,1625449482.0,64.0
24.23,1625449482.0,64.0
26.87,1625449482.0,64.0
28.42,1625449482.0,64.0
28.69,1625449482.0,64.0
27.84,1625449482.0,64.0
26.46,1625449482.0,64.0
25.36,1625449482.0,64.0
25.22,1625449482.0,64.0
26.23,1625449482.0,64.0
27.99,1625449482.0,64.0
29.65,1625449482.0,64.0
30.33,1625449482.0,64.0
29.48,1625449482.0,64.0
27.06,1625449482.0,64.0
23.54,1625449482.0,64.0
19.61,1625449482.0,64.0
15.84,1625449482.0,64.0
12.52,1625449482.0,64.0
9.57,1625449482.0,64.0
6.69,1625449482.0,64.0
3.59,1625449482.0,64.0
0.13,1625449482.0,64.0
-3.57,1625449482.0,64.0
-7.25,1625449482.0,64.0
-10.62,1625449482.0,64.0
-13.52,1625449482.0,64.0
-15.92,1625449482.0,64.0
-17.91,1625449482.0,64.0
-19.62,1625449482.0,64.0
-21.15,1625449482.0,64.0
-22.58,1625449482.0,64.0
-24.04,1625449482.0,64.0
-25.67,1625449482.0,64.0
-27.63,1625449482.0,64.0
-29.93,1625449482.0,64.0
-32.34,1625449482.0,64.0
-34.38,1625449482.0,64.0
-35.43,1625449482.0,64.0
-34.9,1625449482.0,64.0
-32.44,1625449482.0,64.0
-28.01,1625449482.0,64.0
-21.9,1625449482.0,64.0
-14.55,1625449482.0,64.0
-6.55,1625449482.0,64.0
1.52,1625449482.0,64.0
9.05,1625449482.0,64.0
15.46,1625449482.0,64.0
20.25,1625449482.0,64.0
23.14,1625449482.0,64.0
24.15,1625449482.0,64.0
23.59,1625449482.0,64.0
22.07,1625449482.0,64.0
20.23,1625449482.0,64.0
18.58,1625449482.0,64.0
17.38,1625449482.0,64.0
16.57,1625449482.0,64.0
15.85,1625449482.0,64.0
14.85,1625449482.0,64.0
13.33,1625449482.0,64.0
11.29,1625449482.0,64.0
8.95,1625449482.0,64.0
6.74,1625449482.0,64.0
5.0,1625449482.0,64.0
3.93,1625449482.0,64.0
3.43,1625449482.0,64.0
3.15,1625449482.0,64.0
2.64,1625449482.0,64.0
1.62,1625449482.0,64.0
-0.02,1625449482.0,64.0
-2.11,1625449482.0,64.0
-4.43,1625449482.0,64.0
-6.79,1625449482.0,64.0
-9.16,1625449482.0,64.0
-11.59,1625449482.0,64.0
-14.15,1625449482.0,64.0
-16.88,1625449482.0,64.0
-19.72,1625449482.0,64.0
-22.63,1625449482.0,64.0
-25.62,1625449482.0,64.0
-28.59,1625449482.0,64.0
-31.33,1625449482.0,64.0
-33.38,1625449482.0,64.0
-34.12,1625449482.0,64.0
-32.99,1625449482.0,64.0
-29.68,1625449482.0,64.0
-24.22,1625449482.0,64.0
-17.01,1625449482.0,64.0
-8.55,1625449482.0,64.0
0.65,1625449482.0,64.0
10.11,1625449482.0,64.0
19.37,1625449482.0,64.0
27.86,1625449482.0,64.0
34.92,1625449482.0,64.0
39.94,1625449482.0,64.0
42.52,1625449482.0,64.0
42.65,1625449482.0,64.0
40.73,1625449482.0,64.0
37.42,1625449482.0,64.0
33.49,1625449482.0,64.0
29.62,1625449482.0,64.0
26.35,1625449482.0,64.0
23.97,1625449482.0,64.0
22.6,1625449482.0,64.0
22.13,1625449482.0,64.0
22.33,1625449482.0,64.0
22.92,1625449482.0,64.0
23.6,1625449482.0,64.0
24.14,1625449482.0,64.0
24.39,1625449482.0,64.0
24.28,1625449482.0,64.0
23.76,1625449482.0,64.0
22.89,1625449482.0,64.0
21.85,1625449482.0,64.0
20.97,1625449482.0,64.0
20.65,1625449482.0,64.0
21.13,1625449482.0,64.0
22.32,1625449482.0,64.0
23.81,1625449482.0,64.0
24.94,1625449482.0,64.0
25.19,1625449482.0,64.0
24.35,1625449482.0,64.0
22.59,1625449482.0,64.0
20.21,1625449482.0,64.0
17.42,1625449482.0,64.0
14.15,1625449482.0,64.0
10.18,1625449482.0,64.0
5.3,1625449482.0,64.0
-0.51,1625449482.0,64.0
-7.03,1625449482.0,64.0
-13.99,1625449482.0,64.0
-21.11,1625449482.0,64.0
-28.01,1625449482.0,64.0
-34.04,1625449482.0,64.0
-38.18,1625449482.0,64.0
-39.31,1625449482.0,64.0
-36.65,1625449482.0,64.0
-30.19,1625449482.0,64.0
-20.7,1625449482.0,64.0
-9.31,1625449482.0,64.0
2.95,1625449482.0,64.0
15.49,1625449482.0,64.0
28.11,1625449482.0,64.0
40.5,1625449482.0,64.0
52.12,1625449482.0,64.0
62.18,1625449482.0,64.0
70.09,1625449482.0,64.0
75.81,1625449482.0,64.0
79.95,1625449482.0,64.0
83.43,1625449482.0,64.0
87.09,1625449482.0,64.0
91.35,1625449482.0,64.0
96.18,1625449482.0,64.0
101.11,1625449482.0,64.0
105.14,1625449482.0,64.0
106.59,1625449482.0,64.0
103.21,1625449482.0,64.0
92.72,1625449482.0,64.0
73.89,1625449482.0,64.0
47.49,1625449482.0,64.0
16.59,1625449482.0,64.0
-14.09,1625449482.0,64.0
-39.65,1625449482.0,64.0
-56.63,1625449482.0,64.0
-64.04,1625449482.0,64.0
-63.38,1625449482.0,64.0
-57.82,1625449482.0,64.0
-50.96,1625449482.0,64.0
-45.83,1625449482.0,64.0
-44.41,1625449482.0,64.0
-47.6,1625449482.0,64.0
-55.38,1625449482.0,64.0
-66.89,1625449482.0,64.0
-80.55,1625449482.0,64.0
-94.07,1625449482.0,64.0
-105.0,1625449482.0,64.0
-111.23,1625449482.0,64.0
-111.73,1625449482.0,64.0
-106.9,1625449482.0,64.0
-98.22,1625449482.0,64.0
-87.72,1625449482.0,64.0
-77.13,1625449482.0,64.0
-67.49,1625449482.0,64.0
-59.17,1625449482.0,64.0
-52.18,1625449482.0,64.0
-46.44,1625449482.0,64.0
-41.87,1625449482.0,64.0
-38.17,1625449482.0,64.0
-34.69,1625449482.0,64.0
-30.48,1625449482.0,64.0
-24.75,1625449482.0,64.0
-17.26,1625449482.0,64.0
-8.48,1625449482.0,64.0
0.57,1625449482.0,64.0
8.86,1625449482.0,64.0
15.78,1625449482.0,64.0
21.3,1625449482.0,64.0
25.79,1625449482.0,64.0
29.68,1625449482.0,64.0
33.11,1625449482.0,64.0
35.91,1625449482.0,64.0
37.69,1625449482.0,64.0
38.05,1625449482.0,64.0
36.75,1625449482.0,64.0
33.88,1625449482.0,64.0
29.79,1625449482.0,64.0
25.04,1625449482.0,64.0
20.27,1625449482.0,64.0
16.11,1625449482.0,64.0
12.97,1625449482.0,64.0
11.0,1625449482.0,64.0
9.99,1625449482.0,64.0
9.47,1625449482.0,64.0
8.9,1625449482.0,64.0
7.84,1625449482.0,64.0
6.11,1625449482.0,64.0
3.72,1625449482.0,64.0
0.78,1625449482.0,64.0
-2.68,1625449482.0,64.0
-6.71,1625449482.0,64.0
-11.33,1625449482.0,64.0
-16.35,1625449482.0,64.0
-21.34,1625449482.0,64.0
-25.66,1625449482.0,64.0
-28.83,1625449482.0,64.0
-30.79,1625449482.0,64.0
-32.1,1625449482.0,64.0
-33.65,1625449482.0,64.0
-36.32,1625449482.0,64.0
-40.41,1625449482.0,64.0
-45.39,1625449482.0,64.0
-50.05,1625449482.0,64.0
-52.99,1625449482.0,64.0
-53.18,1625449482.0,64.0
-50.43,1625449482.0,64.0
-45.42,1625449482.0,64.0
-39.4,1625449482.0,64.0
-33.82,1625449482.0,64.0
-29.94,1625449482.0,64.0
-28.62,1625449482.0,64.0
-30.15,1625449482.0,64.0
-34.08,1625449482.0,64.0
-39.0,1625449482.0,64.0
-42.7,1625449482.0,64.0
-42.6,1625449482.0,64.0
-36.65,1625449482.0,64.0
-24.19,1625449482.0,64.0
-6.41,1625449482.0,64.0
13.92,1625449482.0,64.0
33.3,1625449482.0,64.0
48.58,1625449482.0,64.0
57.9,1625449482.0,64.0
60.88,1625449482.0,64.0
58.34,1625449482.0,64.0
51.78,1625449482.0,64.0
42.79,1625449482.0,64.0
32.73,1625449482.0,64.0
22.62,1625449482.0,64.0
13.18,1625449482.0,64.0
4.8,1625449482.0,64.0
-2.46,1625449482.0,64.0
-8.79,1625449482.0,64.0
-14.54,1625449482.0,64.0
-20.04,1625449482.0,64.0
-25.43,1625449482.0,64.0
-30.53,1625449482.0,64.0
-34.84,1625449482.0,64.0
-37.58,1625449482.0,64.0
-37.99,1625449482.0,64.0
-35.63,1625449482.0,64.0
-30.59,1625449482.0,64.0
-23.63,1625449482.0,64.0
-16.03,1625449482.0,64.0
-9.3,1625449482.0,64.0
-4.83,1625449482.0,64.0
-3.54,1625449482.0,64.0
-5.66,1625449482.0,64.0
-10.68,1625449482.0,64.0
-17.43,1625449482.0,64.0
-24.36,1625449482.0,64.0
-29.83,1625449482.0,64.0
-32.51,1625449482.0,64.0
-31.69,1625449482.0,64.0
-27.38,1625449482.0,64.0
-20.29,1625449482.0,64.0
-11.53,1625449482.0,64.0
-2.35,1625449482.0,64.0
6.18,1625449482.0,64.0
13.2,1625449482.0,64.0
18.13,1625449482.0,64.0
20.7,1625449482.0,64.0
21.05,1625449482.0,64.0
19.75,1625449482.0,64.0
17.8,1625449482.0,64.0
16.31,1625449482.0,64.0
16.08,1625449482.0,64.0
17.29,1625449482.0,64.0
19.33,1625449482.0,64.0
21.14,1625449482.0,64.0
21.72,1625449482.0,64.0
20.66,1625449482.0,64.0
18.22,1625449482.0,64.0
15.17,1625449482.0,64.0
12.25,1625449482.0,64.0
9.79,1625449482.0,64.0
7.59,1625449482.0,64.0
5.16,1625449482.0,64.0
2.06,1625449482.0,64.0
-1.79,1625449482.0,64.0
-6.11,1625449482.0,64.0
-10.41,1625449482.0,64.0
-14.27,1625449482.0,64.0
-17.47,1625449482.0,64.0
-20.09,1625449482.0,64.0
-22.41,1625449482.0,64.0
-24.78,1625449482.0,64.0
-27.54,1625449482.0,64.0
-30.9,1625449482.0,64.0
-34.85,1625449482.0,64.0
-39.09,1625449482.0,64.0
-43.11,1625449482.0,64.0
-46.34,1625449482.0,64.0
-48.36,1625449482.0,64.0
-49.04,1625449482.0,64.0
-48.56,1625449482.0,64.0
-47.25,1625449482.0,64.0
-45.33,1625449482.0,64.0
-42.77,1625449482.0,64.0
-39.28,1625449482.0,64.0
-34.48,1625449482.0,64.0
-28.13,1625449482.0,64.0
-20.25,1625449482.0,64.0
-11.23,1625449482.0,64.0
-1.57,1625449482.0,64.0
8.16,1625449482.0,64.0
17.47,1625449482.0,64.0
25.89,1625449482.0,64.0
32.96,1625449482.0,64.0
38.16,1625449482.0,64.0
41.08,1625449482.0,64.0
41.56,1625449482.0,64.0
39.84,1625449482.0,64.0
36.7,1625449482.0,64.0
33.25,1625449482.0,64.0
30.6,1625449482.0,64.0
29.51,1625449482.0,64.0
30.14,1625449482.0,64.0
31.96,1625449482.0,64.0
34.07,1625449482.0,64.0
35.52,1625449482.0,64.0
35.68,1625449482.0,64.0
34.4,1625449482.0,64.0
31.97,1625449482.0,64.0
28.83,1625449482.0,64.0
25.42,1625449482.0,64.0
21.97,1625449482.0,64.0
18.52,1625449482.0,64.0
14.97,1625449482.0,64.0
11.19,1625449482.0,64.0
7.06,1625449482.0,64.0
2.56,1625449482.0,64.0
-2.19,1625449482.0,64.0
-6.93,1625449482.0,64.0
-11.31,1625449482.0,64.0
-15.03,1625449482.0,64.0
-17.97,1625449482.0,64.0
-20.26,1625449482.0,64.0
-22.23,1625449482.0,64.0
-24.32,1625449482.0,64.0
-26.88,1625449482.0,64.0
-30.11,1625449482.0,64.0
-33.99,1625449482.0,64.0
-38.36,1625449482.0,64.0
-42.88,1625449482.0,64.0
-47.06,1625449482.0,64.0
-50.23,1625449482.0,64.0
-51.63,1625449482.0,64.0
-50.61,1625449482.0,64.0
-46.8,1625449482.0,64.0
-40.35,1625449482.0,64.0
-31.85,1625449482.0,64.0
-22.18,1625449482.0,64.0
-12.21,1625449482.0,64.0
-2.53,1625449482.0,64.0
6.6,1625449482.0,64.0
15.13,1625449482.0,64.0
23.08,1625449482.0,64.0
30.25,1625449482.0,64.0
36.28,1625449482.0,64.0
40.78,1625449482.0,64.0
43.51,1625449482.0,64.0
44.57,1625449482.0,64.0
44.41,1625449482.0,64.0
43.64,1625449482.0,64.0
42.79,1625449482.0,64.0
42.12,1625449482.0,64.0
41.6,1625449482.0,64.0
40.95,1625449482.0,64.0
39.83,1625449482.0,64.0
38.05,1625449482.0,64.0
35.56,1625449482.0,64.0
32.5,1625449482.0,64.0
29.09,1625449482.0,64.0
25.53,1625449482.0,64.0
21.96,1625449482.0,64.0
18.44,1625449482.0,64.0
14.96,1625449482.0,64.0
11.52,1625449482.0,64.0
8.11,1625449482.0,64.0
4.74,1625449482.0,64.0
1.35,1625449482.0,64.0
-2.12,1625449482.0,64.0
-5.74,1625449482.0,64.0
-9.51,1625449482.0,64.0
-13.34,1625449482.0,64.0
-17.06,1625449482.0,64.0
-20.51,1625449482.0,64.0
-23.61,1625449482.0,64.0
-26.42,1625449482.0,64.0
-29.12,1625449482.0,64.0
-31.95,1625449482.0,64.0
-35.08,1625449482.0,64.0
-38.56,1625449482.0,64.0
-42.14,1625449482.0,64.0
-45.31,1625449482.0,64.0
-47.36,1625449482.0,64.0
-47.55,1625449482.0,64.0
-45.37,1625449482.0,64.0
-40.75,1625449482.0,64.0
-34.0,1625449482.0,64.0
-25.76,1625449482.0,64.0
-16.68,1625449482.0,64.0
-7.24,1625449482.0,64.0
2.3,1625449482.0,64.0
11.8,1625449482.0,64.0
21.04,1625449482.0,64.0
29.57,1625449482.0,64.0
36.8,1625449482.0,64.0
42.26,1625449482.0,64.0
45.74,1625449482.0,64.0
47.48,1625449482.0,64.0
47.99,1625449482.0,64.0
47.85,1625449482.0,64.0
47.45,1625449482.0,64.0
46.9,1625449482.0,64.0
46.07,1625449482.0,64.0
44.74,1625449482.0,64.0
42.84,1625449482.0,64.0
40.46,1625449482.0,64.0
37.88,1625449482.0,64.0
35.35,1625449482.0,64.0
32.95,1625449482.0,64.0
30.55,1625449482.0,64.0
27.87,1625449482.0,64.0
24.67,1625449482.0,64.0
20.93,1625449482.0,64.0
16.87,1625449482.0,64.0
12.88,1625449482.0,64.0
9.3,1625449482.0,64.0
6.25,1625449482.0,64.0
3.56,1625449482.0,64.0
0.95,1625449482.0,64.0
-1.85,1625449482.0,64.0
-4.93,1625449482.0,64.0
-8.22,1625449482.0,64.0
-11.59,1625449482.0,64.0
-14.96,1625449482.0,64.0
-18.4,1625449482.0,64.0
-22.0,1625449482.0,64.0
-25.84,1625449482.0,64.0
-29.94,1625449482.0,64.0
-34.22,1625449482.0,64.0
-38.64,1625449482.0,64.0
-43.14,1625449482.0,64.0
-47.61,1625449482.0,64.0
-51.77,1625449482.0,64.0
-55.13,1625449482.0,64.0
-57.06,1625449482.0,64.0
-56.97,1625449482.0,64.0
-54.51,1625449482.0,64.0
-49.67,1625449482.0,64.0
-42.8,1625449482.0,64.0
-34.42,1625449482.0,64.0
-25.05,1625449482.0,64.0
-15.09,1625449482.0,64.0
-4.81,1625449482.0,64.0
5.48,1625449482.0,64.0
15.38,1625449482.0,64.0
24.35,1625449482.0,64.0
31.8,1625449482.0,64.0
37.3,1625449482.0,64.0
40.75,1625449482.0,64.0
42.43,1625449482.0,64.0
42.97,1625449482.0,64.0
43.07,1625449482.0,64.0
43.27,1625449482.0,64.0
43.76,1625449482.0,64.0
44.4,1625449482.0,64.0
44.84,1625449482.0,64.0
44.71,1625449482.0,64.0
43.81,1625449482.0,64.0
42.13,1625449482.0,64.0
39.87,1625449482.0,64.0
37.24,1625449482.0,64.0
34.4,1625449482.0,64.0
31.36,1625449482.0,64.0
28.08,1625449482.0,64.0
24.51,1625449482.0,64.0
20.7,1625449482.0,64.0
16.8,1625449482.0,64.0
13.03,1625449482.0,64.0
9.57,1625449482.0,64.0
6.5,1625449482.0,64.0
3.8,1625449482.0,64.0
1.29,1625449482.0,64.0
-1.24,1625449482.0,64.0
-4.02,1625449482.0,64.0
-7.18,1625449482.0,64.0
-10.76,1625449482.0,64.0
-14.63,1625449482.0,64.0
-18.56,1625449482.0,64.0
-22.26,1625449482.0,64.0
-25.53,1625449482.0,64.0
-28.33,1625449482.0,64.0
-30.8,1625449482.0,64.0
-33.24,1625449482.0,64.0
-35.98,1625449482.0,64.0
-39.22,1625449482.0,64.0
-43.04,1625449482.0,64.0
-47.28,1625449482.0,64.0
-51.57,1625449482.0,64.0
-55.36,1625449482.0,64.0
-57.97,1625449482.0,64.0
-58.72,1625449482.0,64.0
-57.06,1625449482.0,64.0
-52.82,1625449482.0,64.0
-46.23,1625449482.0,64.0
-37.92,1625449482.0,64.0
-28.64,1625449482.0,64.0
-19.07,1625449482.0,64.0
-9.63,1625449482.0,64.0
-0.48,1625449482.0,64.0
8.27,1625449482.0,64.0
16.38,1625449482.0,64.0
23.43,1625449482.0,64.0
28.93,1625449482.0,64.0
32.57,1625449482.0,64.0
34.39,1625449482.0,64.0
34.87,1625449482.0,64.0
34.73,1625449482.0,64.0
34.62,1625449482.0,64.0
34.91,1625449482.0,64.0
35.55,1625449482.0,64.0
36.19,1625449482.0,64.0
36.42,1625449482.0,64.0
35.94,1625449482.0,64.0
34.71,1625449482.0,64.0
32.86,1625449482.0,64.0
30.67,1625449482.0,64.0
28.32,1625449482.0,64.0
25.91,1625449482.0,64.0
23.37,1625449482.0,64.0
20.58,1625449482.0,64.0
17.47,1625449482.0,64.0
14.14,1625449482.0,64.0
10.88,1625449482.0,64.0
8.04,1625449482.0,64.0
5.88,1625449482.0,64.0
4.35,1625449482.0,64.0
3.11,1625449482.0,64.0
1.62,1625449482.0,64.0
-0.57,1625449482.0,64.0
-3.56,1625449482.0,64.0
-7.07,1625449482.0,64.0
-10.57,1625449482.0,64.0
-13.59,1625449482.0,64.0
-15.91,1625449482.0,64.0
-17.7,1625449482.0,64.0
-19.37,1625449482.0,64.0
-21.34,1625449482.0,64.0
-23.9,1625449482.0,64.0
-27.07,1625449482.0,64.0
-30.72,1625449482.0,64.0
-34.56,1625449482.0,64.0
-38.21,1625449482.0,64.0
-41.14,1625449482.0,64.0
-42.72,1625449482.0,64.0
-42.33,1625449482.0,64.0
-39.46,1625449482.0,64.0
-34.06,1625449482.0,64.0
-26.52,1625449482.0,64.0
-17.61,1625449482.0,64.0
-8.25,1625449482.0,64.0
0.8,1625449482.0,64.0
9.08,1625449482.0,64.0
16.46,1625449482.0,64.0
22.93,1625449482.0,64.0
28.45,1625449482.0,64.0
32.87,1625449482.0,64.0
36.02,1625449482.0,64.0
37.81,1625449482.0,64.0
38.43,1625449482.0,64.0
38.25,1625449482.0,64.0
37.72,1625449482.0,64.0
37.21,1625449482.0,64.0
36.82,1625449482.0,64.0
36.44,1625449482.0,64.0
35.85,1625449482.0,64.0
34.87,1625449482.0,64.0
33.45,1625449482.0,64.0
31.66,1625449482.0,64.0
29.65,1625449482.0,64.0
27.46,1625449482.0,64.0
25.09,1625449482.0,64.0
22.48,1625449482.0,64.0
19.6,1625449482.0,64.0
16.54,1625449482.0,64.0
13.48,1625449482.0,64.0
10.61,1625449482.0,64.0
8.01,1625449482.0,64.0
5.62,1625449482.0,64.0
3.25,1625449482.0,64.0
0.69,1625449482.0,64.0
-2.15,1625449482.0,64.0
-5.23,1625449482.0,64.0
-8.36,1625449482.0,64.0
-11.34,1625449482.0,64.0
-14.03,1625449482.0,64.0
-16.45,1625449482.0,64.0
-18.81,1625449482.0,64.0
-21.33,1625449482.0,64.0
-24.24,1625449482.0,64.0
-27.65,1625449482.0,64.0
-31.53,1625449482.0,64.0
-35.63,1625449482.0,64.0
-39.57,1625449482.0,64.0
-42.8,1625449482.0,64.0
-44.71,1625449482.0,64.0
-44.73,1625449482.0,64.0
-42.49,1625449482.0,64.0
-37.91,1625449482.0,64.0
-31.31,1625449482.0,64.0
-23.27,1625449482.0,64.0
-14.52,1625449482.0,64.0
-5.74,1625449482.0,64.0
2.62,1625449482.0,64.0
10.27,1625449482.0,64.0
17.06,1625449482.0,64.0
22.8,1625449482.0,64.0
27.29,1625449482.0,64.0
30.37,1625449482.0,64.0
32.07,1625449482.0,64.0
32.64,1625449482.0,64.0
32.55,1625449482.0,64.0
32.33,1625449482.0,64.0
32.34,1625449482.0,64.0
32.71,1625449482.0,64.0
33.21,1625449482.0,64.0
33.46,1625449482.0,64.0
33.03,1625449482.0,64.0
31.67,1625449482.0,64.0
29.35,1625449482.0,64.0
26.26,1625449482.0,64.0
22.74,1625449482.0,64.0
19.12,1625449482.0,64.0
15.67,1625449482.0,64.0
12.52,1625449482.0,64.0
9.67,1625449482.0,64.0
7.02,1625449482.0,64.0
4.44,1625449482.0,64.0
1.76,1625449482.0,64.0
-1.14,1625449482.0,64.0
-4.34,1625449482.0,64.0
-7.8,1625449482.0,64.0
-11.37,1625449482.0,64.0
-14.86,1625449482.0,64.0
-18.09,1625449482.0,64.0
-21.04,1625449482.0,64.0
-23.8,1625449482.0,64.0
-26.6,1625449482.0,64.0
-29.7,1625449482.0,64.0
-33.29,1625449482.0,64.0
-37.45,1625449482.0,64.0
-42.04,1625449482.0,64.0
-46.69,1625449482.0,64.0
-50.78,1625449482.0,64.0
-53.54,1625449482.0,64.0
-54.17,1625449482.0,64.0
-52.13,1625449482.0,64.0
-47.28,1625449482.0,64.0
-40.02,1625449482.0,64.0
-31.19,1625449482.0,64.0
-21.77,1625449482.0,64.0
-12.65,1625449482.0,64.0
-4.31,1625449482.0,64.0
3.11,1625449482.0,64.0
9.73,1625449482.0,64.0
15.66,1625449482.0,64.0
20.82,1625449482.0,64.0
25.02,1625449482.0,64.0
27.99,1625449482.0,64.0
29.63,1625449482.0,64.0
30.06,1625449482.0,64.0
29.69,1625449482.0,64.0
29.01,1625449482.0,64.0
28.48,1625449482.0,64.0
28.37,1625449482.0,64.0
28.68,1625449482.0,64.0
29.18,1625449482.0,64.0
29.53,1625449482.0,64.0
29.37,1625449482.0,64.0
28.42,1625449482.0,64.0
26.58,1625449482.0,64.0
23.93,1625449482.0,64.0
20.65,1625449482.0,64.0
17.03,1625449482.0,64.0
13.35,1625449482.0,64.0
9.82,1625449482.0,64.0
6.55,1625449482.0,64.0
3.54,1625449482.0,64.0
0.65,1625449482.0,64.0
-2.31,1625449482.0,64.0
-5.55,1625449482.0,64.0
-9.22,1625449482.0,64.0
-13.33,1625449482.0,64.0
-17.71,1625449482.0,64.0
-22.06,1625449482.0,64.0
-26.06,1625449482.0,64.0
-29.5,1625449482.0,64.0
-32.33,1625449482.0,64.0
-34.68,1625449482.0,64.0
-36.84,1625449482.0,64.0
-39.14,1625449482.0,64.0
-41.81,1625449482.0,64.0
-44.93,1625449482.0,64.0
-48.26,1625449482.0,64.0
-51.26,1625449482.0,64.0
-53.16,1625449482.0,64.0
-53.19,1625449482.0,64.0
-50.79,1625449482.0,64.0
-45.84,1625449482.0,64.0
-38.72,1625449482.0,64.0
-30.16,1625449482.0,64.0
-20.99,1625449482.0,64.0
-11.88,1625449482.0,64.0
-3.14,1625449482.0,64.0
5.17,1625449482.0,64.0
13.08,1625449482.0,64.0
20.48,1625449482.0,64.0
27.09,1625449482.0,64.0
32.47,1625449482.0,64.0
36.32,1625449482.0,64.0
38.6,1625449482.0,64.0
39.64,1625449482.0,64.0
39.99,1625449482.0,64.0
40.17,1625449482.0,64.0
40.44,1625449482.0,64.0
40.75,1625449482.0,64.0
40.78,1625449482.0,64.0
40.22,1625449482.0,64.0
38.95,1625449482.0,64.0
37.06,1625449482.0,64.0
34.78,1625449482.0,64.0
32.3,1625449482.0,64.0
29.62,1625449482.0,64.0
26.55,1625449482.0,64.0
22.9,1625449482.0,64.0
18.69,1625449482.0,64.0
14.26,1625449482.0,64.0
10.15,1625449482.0,64.0
6.88,1625449482.0,64.0
4.64,1625449482.0,64.0
3.15,1625449482.0,64.0
1.82,1625449482.0,64.0
-0.03,1625449482.0,64.0
-2.77,1625449482.0,64.0
-6.38,1625449482.0,64.0
-10.51,1625449482.0,64.0
-14.7,1625449482.0,64.0
-18.71,1625449482.0,64.0
-22.49,1625449482.0,64.0
-26.19,1625449482.0,64.0
-29.96,1625449482.0,64.0
-33.86,1625449482.0,64.0
-37.83,1625449482.0,64.0
-41.82,1625449482.0,64.0
-45.75,1625449482.0,64.0
-49.46,1625449482.0,64.0
-52.64,1625449482.0,64.0
-54.8,1625449482.0,64.0
-55.34,1625449482.0,64.0
-53.82,1625449482.0,64.0
-50.13,1625449482.0,64.0
-44.55,1625449482.0,64.0
-37.62,1625449482.0,64.0
-29.81,1625449482.0,64.0
-21.4,1625449482.0,64.0
-12.44,1625449482.0,64.0
-2.98,1625449482.0,64.0
6.71,1625449482.0,64.0
16.03,1625449482.0,64.0
24.14,1625449482.0,64.0
30.3,1625449482.0,64.0
34.18,1625449482.0,64.0
35.97,1625449482.0,64.0
36.29,1625449482.0,64.0
35.92,1625449482.0,64.0
35.44,1625449482.0,64.0
35.06,1625449482.0,64.0
34.68,1625449482.0,64.0
34.05,1625449482.0,64.0
33.03,1625449482.0,64.0
31.68,1625449482.0,64.0
30.25,1625449482.0,64.0
28.98,1625449482.0,64.0
27.88,1625449482.0,64.0
26.72,1625449482.0,64.0
25.1,1625449482.0,64.0
22.67,1625449482.0,64.0
19.32,1625449482.0,64.0
15.27,1625449482.0,64.0
10.97,1625449482.0,64.0
6.92,1625449482.0,64.0
3.44,1625449482.0,64.0
0.6,1625449482.0,64.0
-1.76,1625449482.0,64.0
-3.91,1625449482.0,64.0
-6.11,1625449482.0,64.0
-8.51,1625449482.0,64.0
-11.13,1625449482.0,64.0
-13.9,1625449482.0,64.0
-16.68,1625449482.0,64.0
-19.37,1625449482.0,64.0
-21.99,1625449482.0,64.0
-24.73,1625449482.0,64.0
-27.94,1625449482.0,64.0
-32.02,1625449482.0,64.0
-37.19,1625449482.0,64.0
-43.28,1625449482.0,64.0
-49.67,1625449482.0,64.0
-55.36,1625449482.0,64.0
-59.21,1625449482.0,64.0
-60.31,1625449482.0,64.0
-58.21,1625449482.0,64.0
-53.04,1625449482.0,64.0
-45.37,1625449482.0,64.0
-36.03,1625449482.0,64.0
-25.8,1625449482.0,64.0
-15.27,1625449482.0,64.0
-4.83,1625449482.0,64.0
5.28,1625449482.0,64.0
14.76,1625449482.0,64.0
23.27,1625449482.0,64.0
30.4,1625449482.0,64.0
35.84,1625449482.0,64.0
39.5,1625449482.0,64.0
41.6,1625449482.0,64.0
42.61,1625449482.0,64.0
43.02,1625449482.0,64.0
43.22,1625449482.0,64.0
43.27,1625449482.0,64.0
43.04,1625449482.0,64.0
42.31,1625449482.0,64.0
40.94,1625449482.0,64.0
38.97,1625449482.0,64.0
36.63,1625449482.0,64.0
34.17,1625449482.0,64.0
31.74,1625449482.0,64.0
29.33,1625449482.0,64.0
26.76,1625449482.0,64.0
23.85,1625449482.0,64.0
20.54,1625449482.0,64.0
16.9,1625449482.0,64.0
13.17,1625449482.0,64.0
9.58,1625449482.0,64.0
6.23,1625449482.0,64.0
3.09,1625449482.0,64.0
0.0,1625449482.0,64.0
-3.23,1625449482.0,64.0
-6.71,1625449482.0,64.0
-10.41,1625449482.0,64.0
-14.22,1625449482.0,64.0
-17.96,1625449482.0,64.0
-21.49,1625449482.0,64.0
-24.78,1625449482.0,64.0
-27.9,1625449482.0,64.0
-31.02,1625449482.0,64.0
-34.39,1625449482.0,64.0
-38.24,1625449482.0,64.0
-42.69,1625449482.0,64.0
-47.62,1625449482.0,64.0
-52.5,1625449482.0,64.0
-56.47,1625449482.0,64.0
-58.41,1625449482.0,64.0
-57.34,1625449482.0,64.0
-52.68,1625449482.0,64.0
-44.51,1625449482.0,64.0
-33.53,1625449482.0,64.0
-20.85,1625449482.0,64.0
-7.64,1625449482.0,64.0
5.15,1625449482.0,64.0
16.92,1625449482.0,64.0
27.3,1625449482.0,64.0
36.02,1625449482.0,64.0
42.85,1625449482.0,64.0
47.58,1625449482.0,64.0
50.2,1625449482.0,64.0
50.99,1625449482.0,64.0
50.54,1625449482.0,64.0
49.58,1625449482.0,64.0
48.71,1625449482.0,64.0
48.25,1625449482.0,64.0
48.11,1625449482.0,64.0
47.94,1625449482.0,64.0
47.32,1625449482.0,64.0
45.92,1625449482.0,64.0
43.67,1625449482.0,64.0
40.7,1625449482.0,64.0
37.26,1625449482.0,64.0
33.56,1625449482.0,64.0
29.75,1625449482.0,64.0
25.88,1625449482.0,64.0
21.99,1625449482.0,64.0
18.12,1625449482.0,64.0
14.34,1625449482.0,64.0
10.69,1625449482.0,64.0
7.14,1625449482.0,64.0
3.57,1625449482.0,64.0
-0.16,1625449482.0,64.0
-4.13,1625449482.0,64.0
-8.29,1625449482.0,64.0
-12.51,1625449482.0,64.0
-16.64,1625449482.0,64.0
-20.6,1625449482.0,64.0
-24.45,1625449482.0,64.0
-28.32,1625449482.0,64.0
-32.34,1625449482.0,64.0
-36.63,1625449482.0,64.0
-41.19,1625449482.0,64.0
-45.97,1625449482.0,64.0
-50.74,1625449482.0,64.0
-55.11,1625449482.0,64.0
-58.44,1625449482.0,64.0
-59.86,1625449482.0,64.0
-58.55,1625449482.0,64.0
-53.93,1625449482.0,64.0
-45.95,1625449482.0,64.0
-35.16,1625449482.0,64.0
-22.55,1625449482.0,64.0
-9.21,1625449482.0,64.0
3.94,1625449482.0,64.0
16.31,1625449482.0,64.0
27.57,1625449482.0,64.0
37.46,1625449482.0,64.0
45.68,1625449482.0,64.0
51.84,1625449482.0,64.0
55.65,1625449482.0,64.0
57.09,1625449482.0,64.0
56.5,1625449482.0,64.0
54.44,1625449482.0,64.0
51.51,1625449482.0,64.0
48.08,1625449482.0,64.0
44.26,1625449482.0,64.0
39.98,1625449482.0,64.0
35.2,1625449482.0,64.0
30.01,1625449482.0,64.0
24.71,1625449482.0,64.0
19.63,1625449482.0,64.0
15.0,1625449482.0,64.0
10.86,1625449482.0,64.0
7.14,1625449482.0,64.0
3.7,1625449482.0,64.0
0.5,1625449482.0,64.0
-2.42,1625449482.0,64.0
-5.0,1625449482.0,64.0
-7.27,1625449482.0,64.0
-9.35,1625449482.0,64.0
-11.4,1625449482.0,64.0
-13.54,1625449482.0,64.0
-15.74,1625449482.0,64.0
-17.85,1625449482.0,64.0
-19.71,1625449482.0,64.0
-21.27,1625449482.0,64.0
-22.67,1625449482.0,64.0
-24.2,1625449482.0,64.0
-26.23,1625449482.0,64.0
-29.02,1625449482.0,64.0
-32.69,1625449482.0,64.0
-37.21,1625449482.0,64.0
-42.4,1625449482.0,64.0
-47.95,1625449482.0,64.0
-53.4,1625449482.0,64.0
-58.08,1625449482.0,64.0
-61.18,1625449482.0,64.0
-61.84,1625449482.0,64.0
-59.48,1625449482.0,64.0
-53.97,1625449482.0,64.0
-45.75,1625449482.0,64.0
-35.72,1625449482.0,64.0
-24.85,1625449482.0,64.0
-13.92,1625449482.0,64.0
-3.33,1625449482.0,64.0
6.84,1625449482.0,64.0
16.54,1625449482.0,64.0
25.53,1625449482.0,64.0
33.29,1625449482.0,64.0
39.19,1625449482.0,64.0
42.81,1625449482.0,64.0
44.18,1625449482.0,64.0
43.83,1625449482.0,64.0
42.55,1625449482.0,64.0
41.08,1625449482.0,64.0
39.82,1625449482.0,64.0
38.84,1625449482.0,64.0
37.94,1625449482.0,64.0
36.9,1625449482.0,64.0
35.59,1625449482.0,64.0
34.0,1625449482.0,64.0
32.16,1625449482.0,64.0
30.06,1625449482.0,64.0
27.68,1625449482.0,64.0
24.98,1625449482.0,64.0
22.0,1625449482.0,64.0
18.88,1625449482.0,64.0
15.76,1625449482.0,64.0
12.72,1625449482.0,64.0
9.75,1625449482.0,64.0
6.71,1625449482.0,64.0
3.43,1625449482.0,64.0
-0.2,1625449482.0,64.0
-4.22,1625449482.0,64.0
-8.56,1625449482.0,64.0
-13.08,1625449482.0,64.0
-17.6,1625449482.0,64.0
-21.98,1625449482.0,64.0
-26.13,1625449482.0,64.0
-30.04,1625449482.0,64.0
-33.83,1625449482.0,64.0
-37.72,1625449482.0,64.0
-41.99,1625449482.0,64.0
-46.79,1625449482.0,64.0
-52.02,1625449482.0,64.0
-57.17,1625449482.0,64.0
-61.34,1625449482.0,64.0
-63.46,1625449482.0,64.0
-62.63,1625449482.0,64.0
-58.44,1625449482.0,64.0
-51.17,1625449482.0,64.0
-41.66,1625449482.0,64.0
-31.01,1625449482.0,64.0
-20.17,1625449482.0,64.0
-9.66,1625449482.0,64.0
0.42,1625449482.0,64.0
10.11,1625449482.0,64.0
19.34,1625449482.0,64.0
27.66,1625449482.0,64.0
34.41,1625449482.0,64.0
38.99,1625449482.0,64.0
41.2,1625449482.0,64.0
41.41,1625449482.0,64.0
40.42,1625449482.0,64.0
39.14,1625449482.0,64.0
38.18,1625449482.0,64.0
37.69,1625449482.0,64.0
37.35,1625449482.0,64.0
36.66,1625449482.0,64.0
35.16,1625449482.0,64.0
32.67,1625449482.0,64.0
29.22,1625449482.0,64.0
25.06,1625449482.0,64.0
20.52,1625449482.0,64.0
15.98,1625449482.0,64.0
11.96,1625449482.0,64.0
9.02,1625449482.0,64.0
7.72,1625449482.0,64.0
8.45,1625449482.0,64.0
11.21,1625449482.0,64.0
15.5,1625449482.0,64.0
20.36,1625449482.0,64.0
24.59,1625449482.0,64.0
27.1,1625449482.0,64.0
27.17,1625449482.0,64.0
24.56,1625449482.0,64.0
19.54,1625449482.0,64.0
12.62,1625449482.0,64.0
4.42,1625449482.0,64.0
-4.54,1625449482.0,64.0
-13.89,1625449482.0,64.0
-23.38,1625449482.0,64.0
-32.88,1625449482.0,64.0
-42.21,1625449482.0,64.0
-51.14,1625449482.0,64.0
-59.32,1625449482.0,64.0
-66.16,1625449482.0,64.0
-70.97,1625449482.0,64.0
-73.02,1625449482.0,64.0
-71.78,1625449482.0,64.0
-67.16,1625449482.0,64.0
-59.59,1625449482.0,64.0
-49.97,1625449482.0,64.0
-39.36,1625449482.0,64.0
-28.68,1625449482.0,64.0
-18.5,1625449482.0,64.0
-8.98,1625449482.0,64.0
-0.06,1625449482.0,64.0
8.26,1625449482.0,64.0
15.72,1625449482.0,64.0
21.94,1625449482.0,64.0
26.56,1625449482.0,64.0
29.5,1625449482.0,64.0
31.08,1625449482.0,64.0
31.84,1625449482.0,64.0
32.33,1625449482.0,64.0
32.83,1625449482.0,64.0
33.28,1625449482.0,64.0
33.44,1625449482.0,64.0
33.06,1625449482.0,64.0
32.07,1625449482.0,64.0
30.56,1625449482.0,64.0
28.68,1625449482.0,64.0
26.53,1625449482.0,64.0
24.14,1625449482.0,64.0
21.49,1625449482.0,64.0
18.57,1625449482.0,64.0
15.49,1625449482.0,64.0
12.41,1625449482.0,64.0
9.47,1625449482.0,64.0
6.68,1625449482.0,64.0
3.93,1625449482.0,64.0
1.03,1625449482.0,64.0
-2.2,1625449482.0,64.0
-5.85,1625449482.0,64.0
-9.89,1625449482.0,64.0
-14.2,1625449482.0,64.0
-18.62,1625449482.0,64.0
-23.07,1625449482.0,64.0
-27.5,1625449482.0,64.0
-31.91,1625449482.0,64.0
-36.31,1625449482.0,64.0
-40.7,1625449482.0,64.0
-45.04,1625449482.0,64.0
-49.27,1625449482.0,64.0
-53.21,1625449482.0,64.0
-56.51,1625449482.0,64.0
-58.61,1625449482.0,64.0
-58.84,1625449482.0,64.0
-56.65,1625449482.0,64.0
-51.85,1625449482.0,64.0
-44.72,1625449482.0,64.0
-35.97,1625449482.0,64.0
-26.38,1625449482.0,64.0
-16.55,1625449482.0,64.0
-6.71,1625449482.0,64.0
3.18,1625449482.0,64.0
13.11,1625449482.0,64.0
22.78,1625449482.0,64.0
31.57,1625449482.0,64.0
38.7,1625449482.0,64.0
43.63,1625449482.0,64.0
46.32,1625449482.0,64.0
47.25,1625449482.0,64.0
47.18,1625449482.0,64.0
46.81,1625449482.0,64.0
46.5,1625449482.0,64.0
46.25,1625449482.0,64.0
45.79,1625449482.0,64.0
44.87,1625449482.0,64.0
43.39,1625449482.0,64.0
41.45,1625449482.0,64.0
39.24,1625449482.0,64.0
36.94,1625449482.0,64.0
34.61,1625449482.0,64.0
32.21,1625449482.0,64.0
29.66,1625449482.0,64.0
26.94,1625449482.0,64.0
24.09,1625449482.0,64.0
21.15,1625449482.0,64.0
18.21,1625449482.0,64.0
15.23,1625449482.0,64.0
12.17,1625449482.0,64.0
8.96,1625449482.0,64.0
5.6,1625449482.0,64.0
2.11,1625449482.0,64.0
-1.43,1625449482.0,64.0
-4.97,1625449482.0,64.0
-8.51,1625449482.0,64.0
-12.05,1625449482.0,64.0
-15.6,1625449482.0,64.0
-19.17,1625449482.0,64.0
-22.77,1625449482.0,64.0
-26.48,1625449482.0,64.0
-30.4,1625449482.0,64.0
-34.6,1625449482.0,64.0
-38.95,1625449482.0,64.0
-43.05,1625449482.0,64.0
-46.22,1625449482.0,64.0
-47.63,1625449482.0,64.0
-46.6,1625449482.0,64.0
-42.69,1625449482.0,64.0
-35.88,1625449482.0,64.0
-26.51,1625449482.0,64.0
-15.12,1625449482.0,64.0
-2.39,1625449482.0,64.0
10.97,1625449482.0,64.0
24.23,1625449482.0,64.0
36.61,1625449482.0,64.0
47.3,1625449482.0,64.0
55.59,1625449482.0,64.0
60.96,1625449482.0,64.0
63.24,1625449482.0,64.0
62.73,1625449482.0,64.0
60.1,1625449482.0,64.0
56.2,1625449482.0,64.0
51.81,1625449482.0,64.0
47.43,1625449482.0,64.0
43.23,1625449482.0,64.0
39.08,1625449482.0,64.0
34.76,1625449482.0,64.0
30.13,1625449482.0,64.0
25.24,1625449482.0,64.0
20.3,1625449482.0,64.0
15.57,1625449482.0,64.0
11.29,1625449482.0,64.0
7.6,1625449482.0,64.0
4.52,1625449482.0,64.0
2.0,1625449482.0,64.0
-0.12,1625449482.0,64.0
-2.05,1625449482.0,64.0
-4.02,1625449482.0,64.0
-6.22,1625449482.0,64.0
-8.77,1625449482.0,64.0
-11.67,1625449482.0,64.0
-14.82,1625449482.0,64.0
-18.06,1625449482.0,64.0
-21.22,1625449482.0,64.0
-24.2,1625449482.0,64.0
-27.0,1625449482.0,64.0
-29.75,1625449482.0,64.0
-32.68,1625449482.0,64.0
-36.12,1625449482.0,64.0
-40.25,1625449482.0,64.0
-45.04,1625449482.0,64.0
-50.09,1625449482.0,64.0
-54.62,1625449482.0,64.0
-57.63,1625449482.0,64.0
-58.19,1625449482.0,64.0
-55.69,1625449482.0,64.0
-50.03,1625449482.0,64.0
-41.69,1625449482.0,64.0
-31.52,1625449482.0,64.0
-20.48,1625449482.0,64.0
-9.34,1625449482.0,64.0
1.4,1625449482.0,64.0
11.49,1625449482.0,64.0
20.74,1625449482.0,64.0
28.87,1625449482.0,64.0
35.51,1625449482.0,64.0
40.27,1625449482.0,64.0
43.0,1625449482.0,64.0
43.88,1625449482.0,64.0
43.44,1625449482.0,64.0
42.36,1625449482.0,64.0
41.23,1625449482.0,64.0
40.3,1625449482.0,64.0
39.44,1625449482.0,64.0
38.32,1625449482.0,64.0
36.6,1625449482.0,64.0
34.13,1625449482.0,64.0
30.95,1625449482.0,64.0
27.25,1625449482.0,64.0
23.22,1625449482.0,64.0
18.98,1625449482.0,64.0
14.63,1625449482.0,64.0
10.27,1625449482.0,64.0
6.02,1625449482.0,64.0
2.02,1625449482.0,64.0
-1.72,1625449482.0,64.0
-5.29,1625449482.0,64.0
-8.95,1625449482.0,64.0
-12.9,1625449482.0,64.0
-17.18,1625449482.0,64.0
-21.6,1625449482.0,64.0
-25.76,1625449482.0,64.0
-29.26,1625449482.0,64.0
-31.82,1625449482.0,64.0
-33.48,1625449482.0,64.0
-34.52,1625449482.0,64.0
-35.45,1625449482.0,64.0
-36.77,1625449482.0,64.0
-38.92,1625449482.0,64.0
-42.06,1625449482.0,64.0
-46.11,1625449482.0,64.0
-50.6,1625449482.0,64.0
-54.78,1625449482.0,64.0
-57.73,1625449482.0,64.0
-58.53,1625449482.0,64.0
-56.56,1625449482.0,64.0
-51.62,1625449482.0,64.0
-44.06,1625449482.0,64.0
-34.6,1625449482.0,64.0
-24.13,1625449482.0,64.0
-13.39,1625449482.0,64.0
-2.83,1625449482.0,64.0
7.38,1625449482.0,64.0
17.13,1625449482.0,64.0
26.21,1625449482.0,64.0
34.12,1625449482.0,64.0
40.24,1625449482.0,64.0
44.07,1625449482.0,64.0
45.53,1625449482.0,64.0
45.03,1625449482.0,64.0
43.38,1625449482.0,64.0
41.42,1625449482.0,64.0
39.72,1625449482.0,64.0
38.43,1625449482.0,64.0
37.3,1625449482.0,64.0
36.01,1625449482.0,64.0
34.38,1625449482.0,64.0
32.46,1625449482.0,64.0
30.47,1625449482.0,64.0
28.59,1625449482.0,64.0
26.8,1625449482.0,64.0
24.87,1625449482.0,64.0
22.51,1625449482.0,64.0
19.53,1625449482.0,64.0
16.06,1625449482.0,64.0
12.42,1625449482.0,64.0
9.04,1625449482.0,64.0
6.21,1625449482.0,64.0
3.92,1625449482.0,64.0
1.84,1625449482.0,64.0
-0.44,1625449482.0,64.0
-3.32,1625449482.0,64.0
-6.87,1625449482.0,64.0
-10.92,1625449482.0,64.0
-15.11,1625449482.0,64.0
-19.04,1625449482.0,64.0
-22.52,1625449482.0,64.0
-25.57,1625449482.0,64.0
-28.42,1625449482.0,64.0
-31.41,1625449482.0,64.0
-34.87,1625449482.0,64.0
-38.96,1625449482.0,64.0
-43.68,1625449482.0,64.0
-48.81,1625449482.0,64.0
-53.94,1625449482.0,64.0
-58.47,1625449482.0,64.0
-61.72,1625449482.0,64.0
-62.98,1625449482.0,64.0
-61.68,1625449482.0,64.0
-57.53,1625449482.0,64.0
-50.65,1625449482.0,64.0
-41.54,1625449482.0,64.0
-30.99,1625449482.0,64.0
-19.78,1625449482.0,64.0
-8.56,1625449482.0,64.0
2.3,1625449482.0,64.0
12.54,1625449482.0,64.0
21.91,1625449482.0,64.0
30.05,1625449482.0,64.0
36.53,1625449482.0,64.0
41.01,1625449482.0,64.0
43.5,1625449482.0,64.0
44.38,1625449482.0,64.0
44.28,1625449482.0,64.0
43.87,1625449482.0,64.0
43.6,1625449482.0,64.0
43.55,1625449482.0,64.0
43.51,1625449482.0,64.0
43.16,1625449482.0,64.0
42.25,1625449482.0,64.0
40.72,1625449482.0,64.0
38.68,1625449482.0,64.0
36.33,1625449482.0,64.0
33.83,1625449482.0,64.0
31.22,1625449482.0,64.0
28.4,1625449482.0,64.0
25.2,1625449482.0,64.0
21.55,1625449482.0,64.0
17.54,1625449482.0,64.0
13.45,1625449482.0,64.0
9.63,1625449482.0,64.0
6.36,1625449482.0,64.0
3.64,1625449482.0,64.0
1.16,1625449482.0,64.0
-1.53,1625449482.0,64.0
-4.84,1625449482.0,64.0
-8.93,1625449482.0,64.0
-13.59,1625449482.0,64.0
-18.4,1625449482.0,64.0
-22.86,1625449482.0,64.0
-26.63,1625449482.0,64.0
-29.65,1625449482.0,64.0
-32.16,1625449482.0,64.0
-34.5,1625449482.0,64.0
-37.06,1625449482.0,64.0
-40.07,1625449482.0,64.0
-43.55,1625449482.0,64.0
-47.33,1625449482.0,64.0
-51.05,1625449482.0,64.0
-54.19,1625449482.0,64.0
-56.17,1625449482.0,64.0
-56.4,1625449482.0,64.0
-54.39,1625449482.0,64.0
-49.93,1625449482.0,64.0
-43.15,1625449482.0,64.0
-34.59,1625449482.0,64.0
-25.04,1625449482.0,64.0
-15.33,1625449482.0,64.0
-6.1,1625449482.0,64.0
2.38,1625449482.0,64.0
10.16,1625449482.0,64.0
17.41,1625449482.0,64.0
24.16,1625449482.0,64.0
30.18,1625449482.0,64.0
35.07,1625449482.0,64.0
38.46,1625449482.0,64.0
40.3,1625449482.0,64.0
40.92,1625449482.0,64.0
40.96,1625449482.0,64.0
40.99,1625449482.0,64.0
41.29,1625449482.0,64.0
41.68,1625449482.0,64.0
41.72,1625449482.0,64.0
40.94,1625449482.0,64.0
39.12,1625449482.0,64.0
36.41,1625449482.0,64.0
33.17,1625449482.0,64.0
29.8,1625449482.0,64.0
26.5,1625449482.0,64.0
23.3,1625449482.0,64.0
20.08,1625449482.0,64.0
16.74,1625449482.0,64.0
13.28,1625449482.0,64.0
9.84,1625449482.0,64.0
6.63,1625449482.0,64.0
3.77,1625449482.0,64.0
1.3,1625449482.0,64.0
-0.97,1625449482.0,64.0
-3.34,1625449482.0,64.0
-6.12,1625449482.0,64.0
-9.54,1625449482.0,64.0
-13.56,1625449482.0,64.0
-17.88,1625449482.0,64.0
-22.05,1625449482.0,64.0
-25.65,1625449482.0,64.0
-28.48,1625449482.0,64.0
-30.63,1625449482.0,64.0
-32.46,1625449482.0,64.0
-34.4,1625449482.0,64.0
-36.84,1625449482.0,64.0
-39.98,1625449482.0,64.0
-43.85,1625449482.0,64.0
-48.41,1625449482.0,64.0
-53.45,1625449482.0,64.0
-58.59,1625449482.0,64.0
-63.21,1625449482.0,64.0
-66.46,1625449482.0,64.0
-67.46,1625449482.0,64.0
-65.56,1625449482.0,64.0
-60.57,1625449482.0,64.0
-52.87,1625449482.0,64.0
-43.25,1625449482.0,64.0
-32.59,1625449482.0,64.0
-21.55,1625449482.0,64.0
-10.48,1625449482.0,64.0
0.5,1625449482.0,64.0
11.18,1625449482.0,64.0
21.09,1625449482.0,64.0
29.52,1625449482.0,64.0
35.75,1625449482.0,64.0
39.42,1625449482.0,64.0
40.76,1625449482.0,64.0
40.54,1625449482.0,64.0
39.77,1625449482.0,64.0
39.27,1625449482.0,64.0
39.36,1625449482.0,64.0
39.86,1625449482.0,64.0
40.33,1625449482.0,64.0
40.38,1625449482.0,64.0
39.88,1625449482.0,64.0
39.0,1625449482.0,64.0
38.06,1625449482.0,64.0
37.26,1625449482.0,64.0
36.68,1625449482.0,64.0
36.18,1625449482.0,64.0
35.55,1625449482.0,64.0
34.61,1625449482.0,64.0
33.23,1625449482.0,64.0
31.35,1625449482.0,64.0
28.92,1625449482.0,64.0
25.88,1625449482.0,64.0
22.21,1625449482.0,64.0
17.9,1625449482.0,64.0
13.0,1625449482.0,64.0
7.54,1625449482.0,64.0
1.62,1625449482.0,64.0
-4.58,1625449482.0,64.0
-10.72,1625449482.0,64.0
-16.37,1625449482.0,64.0
-21.07,1625449482.0,64.0
-24.56,1625449482.0,64.0
-26.87,1625449482.0,64.0
-28.41,1625449482.0,64.0
-29.77,1625449482.0,64.0
-31.51,1625449482.0,64.0
-34.0,1625449482.0,64.0
-37.25,1625449482.0,64.0
-41.01,1625449482.0,64.0
-44.82,1625449482.0,64.0
-48.07,1625449482.0,64.0
-50.09,1625449482.0,64.0
-50.26,1625449482.0,64.0
-48.1,1625449482.0,64.0
-43.39,1625449482.0,64.0
-36.27,1625449482.0,64.0
-27.22,1625449482.0,64.0
-16.97,1625449482.0,64.0
-6.28,1625449482.0,64.0
4.19,1625449482.0,64.0
13.97,1625449482.0,64.0
22.71,1625449482.0,64.0
30.15,1625449482.0,64.0
36.03,1625449482.0,64.0
40.18,1625449482.0,64.0
42.57,1625449482.0,64.0
43.37,1625449482.0,64.0
43.03,1625449482.0,64.0
42.14,1625449482.0,64.0
41.27,1625449482.0,64.0
40.86,1625449482.0,64.0
41.06,1625449482.0,64.0
41.67,1625449482.0,64.0
42.31,1625449482.0,64.0
42.52,1625449482.0,64.0
41.97,1625449482.0,64.0
40.55,1625449482.0,64.0
38.34,1625449482.0,64.0
35.56,1625449482.0,64.0
32.4,1625449482.0,64.0
28.97,1625449482.0,64.0
25.29,1625449482.0,64.0
21.38,1625449482.0,64.0
17.28,1625449482.0,64.0
13.1,1625449482.0,64.0
8.98,1625449482.0,64.0
5.01,1625449482.0,64.0
1.18,1625449482.0,64.0
-2.56,1625449482.0,64.0
-6.27,1625449482.0,64.0
-9.93,1625449482.0,64.0
-13.46,1625449482.0,64.0
-16.78,1625449482.0,64.0
-19.85,1625449482.0,64.0
-22.76,1625449482.0,64.0
-25.68,1625449482.0,64.0
-28.86,1625449482.0,64.0
-32.46,1625449482.0,64.0
-36.56,1625449482.0,64.0
-41.05,1625449482.0,64.0
-45.57,1625449482.0,64.0
-49.48,1625449482.0,64.0
-52.0,1625449482.0,64.0
-52.37,1625449482.0,64.0
-50.06,1625449482.0,64.0
-45.02,1625449482.0,64.0
-37.68,1625449482.0,64.0
-28.83,1625449482.0,64.0
-19.33,1625449482.0,64.0
-9.85,1625449482.0,64.0
-0.75,1625449482.0,64.0
7.81,1625449482.0,64.0
15.75,1625449482.0,64.0
22.87,1625449482.0,64.0
28.85,1625449482.0,64.0
33.43,1625449482.0,64.0
36.47,1625449482.0,64.0
38.12,1625449482.0,64.0
38.74,1625449482.0,64.0
38.76,1625449482.0,64.0
38.55,1625449482.0,64.0
38.24,1625449482.0,64.0
37.75,1625449482.0,64.0
36.9,1625449482.0,64.0
35.47,1625449482.0,64.0
33.38,1625449482.0,64.0
30.72,1625449482.0,64.0
27.65,1625449482.0,64.0
24.38,1625449482.0,64.0
21.01,1625449482.0,64.0
17.56,1625449482.0,64.0
13.98,1625449482.0,64.0
10.31,1625449482.0,64.0
6.69,1625449482.0,64.0
3.35,1625449482.0,64.0
0.45,1625449482.0,64.0
-2.05,1625449482.0,64.0
-4.4,1625449482.0,64.0
-6.96,1625449482.0,64.0
-10.0,1625449482.0,64.0
-13.54,1625449482.0,64.0
-17.36,1625449482.0,64.0
-21.13,1625449482.0,64.0
-24.6,1625449482.0,64.0
-27.78,1625449482.0,64.0
-30.89,1625449482.0,64.0
-34.24,1625449482.0,64.0
-38.05,1625449482.0,64.0
-42.35,1625449482.0,64.0
-47.03,1625449482.0,64.0
-51.79,1625449482.0,64.0
-56.22,1625449482.0,64.0
-59.76,1625449482.0,64.0
-61.69,1625449482.0,64.0
-61.23,1625449482.0,64.0
-57.72,1625449482.0,64.0
-50.88,1625449482.0,64.0
-40.93,1625449482.0,64.0
-28.59,1625449482.0,64.0
-14.87,1625449482.0,64.0
-0.8,1625449482.0,64.0
12.73,1625449482.0,64.0
25.13,1625449482.0,64.0
35.89,1625449482.0,64.0
44.6,1625449482.0,64.0
50.83,1625449482.0,64.0
54.34,1625449482.0,64.0
55.14,1625449482.0,64.0
53.65,1625449482.0,64.0
50.61,1625449482.0,64.0
46.87,1625449482.0,64.0
43.22,1625449482.0,64.0
40.1,1625449482.0,64.0
37.64,1625449482.0,64.0
35.66,1625449482.0,64.0
33.88,1625449482.0,64.0
32.05,1625449482.0,64.0
30.0,1625449482.0,64.0
27.7,1625449482.0,64.0
25.16,1625449482.0,64.0
22.4,1625449482.0,64.0
19.38,1625449482.0,64.0
16.08,1625449482.0,64.0
12.5,1625449482.0,64.0
8.78,1625449482.0,64.0
5.15,1625449482.0,64.0
1.92,1625449482.0,64.0
-0.73,1625449482.0,64.0
-2.82,1625449482.0,64.0
-4.57,1625449482.0,64.0
-6.38,1625449482.0,64.0
-8.57,1625449482.0,64.0
-11.25,1625449482.0,64.0
-14.29,1625449482.0,64.0
-17.37,1625449482.0,64.0
-20.22,1625449482.0,64.0
-22.72,1625449482.0,64.0
-25.01,1625449482.0,64.0
-27.41,1625449482.0,64.0
-30.3,1625449482.0,64.0
-33.92,1625449482.0,64.0
-38.32,1625449482.0,64.0
-43.26,1625449482.0,64.0
-48.2,1625449482.0,64.0
-52.37,1625449482.0,64.0
-54.97,1625449482.0,64.0
-55.3,1625449482.0,64.0
-52.96,1625449482.0,64.0
-47.98,1625449482.0,64.0
-40.82,1625449482.0,64.0
-32.1,1625449482.0,64.0
-22.51,1625449482.0,64.0
-12.56,1625449482.0,64.0
-2.63,1625449482.0,64.0
6.98,1625449482.0,64.0
15.95,1625449482.0,64.0
23.84,1625449482.0,64.0
30.22,1625449482.0,64.0
34.77,1625449482.0,64.0
37.44,1625449482.0,64.0
38.52,1625449482.0,64.0
38.54,1625449482.0,64.0
38.04,1625449482.0,64.0
37.46,1625449482.0,64.0
36.94,1625449482.0,64.0
36.35,1625449482.0,64.0
35.44,1625449482.0,64.0
33.92,1625449482.0,64.0
31.65,1625449482.0,64.0
28.63,1625449482.0,64.0
25.01,1625449482.0,64.0
21.01,1625449482.0,64.0
16.89,1625449482.0,64.0
12.84,1625449482.0,64.0
9.02,1625449482.0,64.0
5.53,1625449482.0,64.0
2.41,1625449482.0,64.0
-0.39,1625449482.0,64.0
-2.99,1625449482.0,64.0
-5.6,1625449482.0,64.0
-8.4,1625449482.0,64.0
-11.57,1625449482.0,64.0
-15.16,1625449482.0,64.0
-19.1,1625449482.0,64.0
-23.23,1625449482.0,64.0
-27.34,1625449482.0,64.0
-31.25,1625449482.0,64.0
-34.86,1625449482.0,64.0
-38.21,1625449482.0,64.0
-41.43,1625449482.0,64.0
-44.74,1625449482.0,64.0
-48.35,1625449482.0,64.0
-52.37,1625449482.0,64.0
-56.65,1625449482.0,64.0
-60.75,1625449482.0,64.0
-63.99,1625449482.0,64.0
-65.53,1625449482.0,64.0
-64.67,1625449482.0,64.0
-61.04,1625449482.0,64.0
-54.71,1625449482.0,64.0
-46.13,1625449482.0,64.0
-35.95,1625449482.0,64.0
-24.83,1625449482.0,64.0
-13.24,1625449482.0,64.0
-1.52,1625449482.0,64.0
10.06,1625449482.0,64.0
21.13,1625449482.0,64.0
31.26,1625449482.0,64.0
39.92,1625449482.0,64.0
46.7,1625449482.0,64.0
51.37,1625449482.0,64.0
54.0,1625449482.0,64.0
54.91,1625449482.0,64.0
54.56,1625449482.0,64.0
53.38,1625449482.0,64.0
51.61,1625449482.0,64.0
49.25,1625449482.0,64.0
46.15,1625449482.0,64.0
42.14,1625449482.0,64.0
37.25,1625449482.0,64.0
31.76,1625449482.0,64.0
26.15,1625449482.0,64.0
20.87,1625449482.0,64.0
16.19,1625449482.0,64.0
12.14,1625449482.0,64.0
8.58,1625449482.0,64.0
5.4,1625449482.0,64.0
2.62,1625449482.0,64.0
0.39,1625449482.0,64.0
-1.2,1625449482.0,64.0
-2.25,1625449482.0,64.0
-3.1,1625449482.0,64.0
-4.26,1625449482.0,64.0
-6.14,1625449482.0,64.0
-8.87,1625449482.0,64.0
-12.24,1625449482.0,64.0
-15.82,1625449482.0,64.0
-19.18,1625449482.0,64.0
-22.11,1625449482.0,64.0
-24.65,1625449482.0,64.0
-27.08,1625449482.0,64.0
-29.69,1625449482.0,64.0
-32.74,1625449482.0,64.0
-36.29,1625449482.0,64.0
-40.19,1625449482.0,64.0
-44.03,1625449482.0,64.0
-47.16,1625449482.0,64.0
-48.78,1625449482.0,64.0
-48.14,1625449482.0,64.0
-44.8,1625449482.0,64.0
-38.77,1625449482.0,64.0
-30.52,1625449482.0,64.0
-20.84,1625449482.0,64.0
-10.5,1625449482.0,64.0
-0.13,1625449482.0,64.0
9.87,1625449482.0,64.0
19.19,1625449482.0,64.0
27.5,1625449482.0,64.0
34.36,1625449482.0,64.0
39.36,1625449482.0,64.0
42.33,1625449482.0,64.0
43.45,1625449482.0,64.0
43.25,1625449482.0,64.0
42.45,1625449482.0,64.0
41.62,1625449482.0,64.0
41.03,1625449482.0,64.0
40.58,1625449482.0,64.0
39.94,1625449482.0,64.0
38.77,1625449482.0,64.0
36.87,1625449482.0,64.0
34.29,1625449482.0,64.0
31.27,1625449482.0,64.0
28.13,1625449482.0,64.0
25.08,1625449482.0,64.0
22.18,1625449482.0,64.0
19.33,1625449482.0,64.0
16.36,1625449482.0,64.0
13.15,1625449482.0,64.0
9.74,1625449482.0,64.0
6.27,1625449482.0,64.0
2.97,1625449482.0,64.0
-0.01,1625449482.0,64.0
-2.6,1625449482.0,64.0
-4.89,1625449482.0,64.0
-7.04,1625449482.0,64.0
-9.25,1625449482.0,64.0
-11.69,1625449482.0,64.0
-14.45,1625449482.0,64.0
-17.54,1625449482.0,64.0
-20.97,1625449482.0,64.0
-24.73,1625449482.0,64.0
-28.83,1625449482.0,64.0
-33.24,1625449482.0,64.0
-37.82,1625449482.0,64.0
-42.2,1625449482.0,64.0
-45.76,1625449482.0,64.0
-47.75,1625449482.0,64.0
-47.49,1625449482.0,64.0
-44.64,1625449482.0,64.0
-39.33,1625449482.0,64.0
-32.14,1625449482.0,64.0
-23.9,1625449482.0,64.0
-15.37,1625449482.0,64.0
-7.0,1625449482.0,64.0
1.04,1625449482.0,64.0
8.73,1625449482.0,64.0
15.95,1625449482.0,64.0
22.32,1625449482.0,64.0
27.29,1625449482.0,64.0
30.39,1625449482.0,64.0
31.53,1625449482.0,64.0
31.06,1625449482.0,64.0
29.74,1625449482.0,64.0
28.41,1625449482.0,64.0
27.67,1625449482.0,64.0
27.71,1625449482.0,64.0
28.25,1625449482.0,64.0
28.76,1625449482.0,64.0
28.64,1625449482.0,64.0
27.54,1625449482.0,64.0
25.36,1625449482.0,64.0
22.25,1625449482.0,64.0
18.49,1625449482.0,64.0
14.37,1625449482.0,64.0
10.09,1625449482.0,64.0
5.79,1625449482.0,64.0
1.59,1625449482.0,64.0
-2.36,1625449482.0,64.0
-5.85,1625449482.0,64.0
-8.69,1625449482.0,64.0
-10.82,1625449482.0,64.0
-12.36,1625449482.0,64.0
-13.64,1625449482.0,64.0
-15.07,1625449482.0,64.0
-16.97,1625449482.0,64.0
-19.42,1625449482.0,64.0
-22.23,1625449482.0,64.0
-25.13,1625449482.0,64.0
-27.96,1625449482.0,64.0
-30.89,1625449482.0,64.0
-34.3,1625449482.0,64.0
-38.59,1625449482.0,64.0
-43.77,1625449482.0,64.0
-49.24,1625449482.0,64.0
-53.89,1625449482.0,64.0
-56.46,1625449482.0,64.0
-56.06,1625449482.0,64.0
-52.5,1625449482.0,64.0
-46.26,1625449482.0,64.0
-38.21,1625449482.0,64.0
-29.19,1625449482.0,64.0
-19.69,1625449482.0,64.0
-9.84,1625449482.0,64.0
0.35,1625449482.0,64.0
10.76,1625449482.0,64.0
21.02,1625449482.0,64.0
30.54,1625449482.0,64.0
38.78,1625449482.0,64.0
45.36,1625449482.0,64.0
50.2,1625449482.0,64.0
53.39,1625449482.0,64.0
55.14,1625449482.0,64.0
55.64,1625449482.0,64.0
54.99,1625449482.0,64.0
53.31,1625449482.0,64.0
50.69,1625449482.0,64.0
47.31,1625449482.0,64.0
43.34,1625449482.0,64.0
38.97,1625449482.0,64.0
34.36,1625449482.0,64.0
29.6,1625449482.0,64.0
24.81,1625449482.0,64.0
20.07,1625449482.0,64.0
15.47,1625449482.0,64.0
11.1,1625449482.0,64.0
6.99,1625449482.0,64.0
3.14,1625449482.0,64.0
-0.46,1625449482.0,64.0
-3.85,1625449482.0,64.0
-7.04,1625449482.0,64.0
-10.07,1625449482.0,64.0
-12.97,1625449482.0,64.0
-15.78,1625449482.0,64.0
-18.52,1625449482.0,64.0
-21.25,1625449482.0,64.0
-23.98,1625449482.0,64.0
-26.76,1625449482.0,64.0
-29.67,1625449482.0,64.0
-32.78,1625449482.0,64.0
-36.15,1625449482.0,64.0
-39.85,1625449482.0,64.0
-43.83,1625449482.0,64.0
-47.86,1625449482.0,64.0
-51.5,1625449482.0,64.0
-54.09,1625449482.0,64.0
-54.88,1625449482.0,64.0
-53.23,1625449482.0,64.0
-48.83,1625449482.0,64.0
-41.82,1625449482.0,64.0
-32.8,1625449482.0,64.0
-22.57,1625449482.0,64.0
-11.86,1625449482.0,64.0
-1.2,1625449482.0,64.0
9.18,1625449482.0,64.0
19.13,1625449482.0,64.0
28.41,1625449482.0,64.0
36.55,1625449482.0,64.0
43.02,1625449482.0,64.0
47.36,1625449482.0,64.0
49.51,1625449482.0,64.0
49.81,1625449482.0,64.0
48.88,1625449482.0,64.0
47.37,1625449482.0,64.0
45.69,1625449482.0,64.0
44.01,1625449482.0,64.0
42.23,1625449482.0,64.0
40.25,1625449482.0,64.0
38.03,1625449482.0,64.0
35.62,1625449482.0,64.0
33.03,1625449482.0,64.0
30.21,1625449482.0,64.0
27.04,1625449482.0,64.0
23.4,1625449482.0,64.0
19.32,1625449482.0,64.0
15.01,1625449482.0,64.0
10.82,1625449482.0,64.0
7.11,1625449482.0,64.0
4.11,1625449482.0,64.0
1.87,1625449482.0,64.0
0.2,1625449482.0,64.0
-1.27,1625449482.0,64.0
-2.97,1625449482.0,64.0
-5.28,1625449482.0,64.0
-8.43,1625449482.0,64.0
-12.4,1625449482.0,64.0
-16.94,1625449482.0,64.0
-21.67,1625449482.0,64.0
-26.19,1625449482.0,64.0
-30.31,1625449482.0,64.0
-34.12,1625449482.0,64.0
-37.95,1625449482.0,64.0
-42.25,1625449482.0,64.0
-47.34,1625449482.0,64.0
-53.14,1625449482.0,64.0
-59.16,1625449482.0,64.0
-64.55,1625449482.0,64.0
-68.31,1625449482.0,64.0
-69.58,1625449482.0,64.0
-67.83,1625449482.0,64.0
-63.01,1625449482.0,64.0
-55.45,1625449482.0,64.0
-45.81,1625449482.0,64.0
-34.81,1625449482.0,64.0
-23.14,1625449482.0,64.0
-11.35,1625449482.0,64.0
0.15,1625449482.0,64.0
11.01,1625449482.0,64.0
20.88,1625449482.0,64.0
29.33,1625449482.0,64.0
35.97,1625449482.0,64.0
40.56,1625449482.0,64.0
43.15,1625449482.0,64.0
44.16,1625449482.0,64.0
44.21,1625449482.0,64.0
43.94,1625449482.0,64.0
43.78,1625449482.0,64.0
43.81,1625449482.0,64.0
43.78,1625449482.0,64.0
43.34,1625449482.0,64.0
42.2,1625449482.0,64.0
40.3,1625449482.0,64.0
37.77,1625449482.0,64.0
34.86,1625449482.0,64.0
31.72,1625449482.0,64.0
28.37,1625449482.0,64.0
24.69,1625449482.0,64.0
20.59,1625449482.0,64.0
16.12,1625449482.0,64.0
11.52,1625449482.0,64.0
7.14,1625449482.0,64.0
3.34,1625449482.0,64.0
0.32,1625449482.0,64.0
-2.0,1625449482.0,64.0
-3.83,1625449482.0,64.0
-5.5,1625449482.0,64.0
-7.21,1625449482.0,64.0
-8.94,1625449482.0,64.0
-10.42,1625449482.0,64.0
-11.28,1625449482.0,64.0
-11.26,1625449482.0,64.0
-10.43,1625449482.0,64.0
-9.23,1625449482.0,64.0
-8.43,1625449482.0,64.0
-8.8,1625449482.0,64.0
-10.93,1625449482.0,64.0
-14.97,1625449482.0,64.0
-20.68,1625449482.0,64.0
-27.48,1625449482.0,64.0
-34.54,1625449482.0,64.0
-40.91,1625449482.0,64.0
-45.54,1625449482.0,64.0
-47.46,1625449482.0,64.0
-46.0,1625449482.0,64.0
-40.99,1625449482.0,64.0
-32.89,1625449482.0,64.0
-22.66,1625449482.0,64.0
-11.47,1625449482.0,64.0
-0.37,1625449482.0,64.0
9.89,1625449482.0,64.0
18.92,1625449482.0,64.0
26.48,1625449482.0,64.0
32.38,1625449482.0,64.0
36.44,1625449482.0,64.0
38.61,1625449482.0,64.0
39.1,1625449482.0,64.0
38.42,1625449482.0,64.0
37.24,1625449482.0,64.0
36.23,1625449482.0,64.0
35.76,1625449482.0,64.0
35.88,1625449482.0,64.0
36.33,1625449482.0,64.0
36.76,1625449482.0,64.0
36.85,1625449482.0,64.0
36.43,1625449482.0,64.0
35.5,1625449482.0,64.0
34.04,1625449482.0,64.0
32.06,1625449482.0,64.0
29.49,1625449482.0,64.0
26.31,1625449482.0,64.0
22.61,1625449482.0,64.0
18.63,1625449482.0,64.0
14.7,1625449482.0,64.0
11.19,1625449482.0,64.0
8.31,1625449482.0,64.0
6.11,1625449482.0,64.0
4.43,1625449482.0,64.0
3.02,1625449482.0,64.0
1.6,1625449482.0,64.0
-0.05,1625449482.0,64.0
-2.14,1625449482.0,64.0
-4.78,1625449482.0,64.0
-8.04,1625449482.0,64.0
-11.94,1625449482.0,64.0
-16.41,1625449482.0,64.0
-21.35,1625449482.0,64.0
-26.63,1625449482.0,64.0
-32.13,1625449482.0,64.0
-37.71,1625449482.0,64.0
-43.15,1625449482.0,64.0
-48.1,1625449482.0,64.0
-51.99,1625449482.0,64.0
-54.18,1625449482.0,64.0
-54.05,1625449482.0,64.0
-51.28,1625449482.0,64.0
-45.94,1625449482.0,64.0
-38.54,1625449482.0,64.0
-29.86,1625449482.0,64.0
-20.68,1625449482.0,64.0
-11.59,1625449482.0,64.0
-2.9,1625449482.0,64.0
5.27,1625449482.0,64.0
12.84,1625449482.0,64.0
19.64,1625449482.0,64.0
25.39,1625449482.0,64.0
29.79,1625449482.0,64.0
32.67,1625449482.0,64.0
34.15,1625449482.0,64.0
34.6,1625449482.0,64.0
34.5,1625449482.0,64.0
34.25,1625449482.0,64.0
34.06,1625449482.0,64.0
33.85,1625449482.0,64.0
33.42,1625449482.0,64.0
32.57,1625449482.0,64.0
31.21,1625449482.0,64.0
29.38,1625449482.0,64.0
27.16,1625449482.0,64.0
24.53,1625449482.0,64.0
21.43,1625449482.0,64.0
17.77,1625449482.0,64.0
13.6,1625449482.0,64.0
9.19,1625449482.0,64.0
4.97,1625449482.0,64.0
1.34,1625449482.0,64.0
-1.52,1625449482.0,64.0
-3.77,1625449482.0,64.0
-5.84,1625449482.0,64.0
-8.28,1625449482.0,64.0
-11.47,1625449482.0,64.0
-15.47,1625449482.0,64.0
-20.01,1625449482.0,64.0
-24.6,1625449482.0,64.0
-28.7,1625449482.0,64.0
-31.94,1625449482.0,64.0
-34.2,1625449482.0,64.0
-35.72,1625449482.0,64.0
-36.98,1625449482.0,64.0
-38.63,1625449482.0,64.0
-41.17,1625449482.0,64.0
-44.78,1625449482.0,64.0
-49.14,1625449482.0,64.0
-53.41,1625449482.0,64.0
-56.52,1625449482.0,64.0
-57.37,1625449482.0,64.0
-55.28,1625449482.0,64.0
-50.11,1625449482.0,64.0
-42.38,1625449482.0,64.0
-33.02,1625449482.0,64.0
-23.04,1625449482.0,64.0
-13.23,1625449482.0,64.0
-3.97,1625449482.0,64.0
4.72,1625449482.0,64.0
12.92,1625449482.0,64.0
20.57,1625449482.0,64.0
27.32,1625449482.0,64.0
32.66,1625449482.0,64.0
36.21,1625449482.0,64.0
37.97,1625449482.0,64.0
38.43,1625449482.0,64.0
38.32,1625449482.0,64.0
38.31,1625449482.0,64.0
38.66,1625449482.0,64.0
39.15,1625449482.0,64.0
39.35,1625449482.0,64.0
38.87,1625449482.0,64.0
37.64,1625449482.0,64.0
35.87,1625449482.0,64.0
33.89,1625449482.0,64.0
31.88,1625449482.0,64.0
29.76,1625449482.0,64.0
27.3,1625449482.0,64.0
24.32,1625449482.0,64.0
20.84,1625449482.0,64.0
17.13,1625449482.0,64.0
13.57,1625449482.0,64.0
10.48,1625449482.0,64.0
7.9,1625449482.0,64.0
5.6,1625449482.0,64.0
3.18,1625449482.0,64.0
0.24,1625449482.0,64.0
-3.4,1625449482.0,64.0
-7.65,1625449482.0,64.0
-12.18,1625449482.0,64.0
-16.59,1625449482.0,64.0
-20.55,1625449482.0,64.0
-23.91,1625449482.0,64.0
-26.76,1625449482.0,64.0
-29.33,1625449482.0,64.0
-31.98,1625449482.0,64.0
-35.06,1625449482.0,64.0
-38.8,1625449482.0,64.0
-43.24,1625449482.0,64.0
-48.17,1625449482.0,64.0
-53.09,1625449482.0,64.0
-57.29,1625449482.0,64.0
-59.97,1625449482.0,64.0
-60.37,1625449482.0,64.0
-58.06,1625449482.0,64.0
-53.0,1625449482.0,64.0
-45.61,1625449482.0,64.0
-36.63,1625449482.0,64.0
-26.84,1625449482.0,64.0
-16.87,1625449482.0,64.0
-7.05,1625449482.0,64.0
2.47,1625449482.0,64.0
11.57,1625449482.0,64.0
19.93,1625449482.0,64.0
27.05,1625449482.0,64.0
32.4,1625449482.0,64.0
35.71,1625449482.0,64.0
37.13,1625449482.0,64.0
37.24,1625449482.0,64.0
36.81,1625449482.0,64.0
36.43,1625449482.0,64.0
36.32,1625449482.0,64.0
36.24,1625449482.0,64.0
35.77,1625449482.0,64.0
34.5,1625449482.0,64.0
32.32,1625449482.0,64.0
29.42,1625449482.0,64.0
26.16,1625449482.0,64.0
22.91,1625449482.0,64.0
19.87,1625449482.0,64.0
17.03,1625449482.0,64.0
14.28,1625449482.0,64.0
11.46,1625449482.0,64.0
8.51,1625449482.0,64.0
5.46,1625449482.0,64.0
2.38,1625449482.0,64.0
-0.7,1625449482.0,64.0
-3.81,1625449482.0,64.0
-7.02,1625449482.0,64.0
-10.38,1625449482.0,64.0
-13.84,1625449482.0,64.0
-17.25,1625449482.0,64.0
-20.42,1625449482.0,64.0
-23.22,1625449482.0,64.0
-25.68,1625449482.0,64.0
-27.99,1625449482.0,64.0
-30.44,1625449482.0,64.0
-33.38,1625449482.0,64.0
-37.04,1625449482.0,64.0
-41.48,1625449482.0,64.0
-46.57,1625449482.0,64.0
-51.98,1625449482.0,64.0
-57.11,1625449482.0,64.0
-61.15,1625449482.0,64.0
-63.19,1625449482.0,64.0
-62.42,1625449482.0,64.0
-58.41,1625449482.0,64.0
-51.28,1625449482.0,64.0
-41.67,1625449482.0,64.0
-30.46,1625449482.0,64.0
-18.53,1625449482.0,64.0
-6.45,1625449482.0,64.0
5.48,1625449482.0,64.0
17.05,1625449482.0,64.0
27.84,1625449482.0,64.0
37.19,1625449482.0,64.0
44.26,1625449482.0,64.0
48.45,1625449482.0,64.0
49.67,1625449482.0,64.0
48.48,1625449482.0,64.0
45.84,1625449482.0,64.0
42.79,1625449482.0,64.0
40.08,1625449482.0,64.0
37.98,1625449482.0,64.0
36.39,1625449482.0,64.0
35.06,1625449482.0,64.0
33.76,1625449482.0,64.0
32.37,1625449482.0,64.0
30.88,1625449482.0,64.0
29.27,1625449482.0,64.0
27.45,1625449482.0,64.0
25.26,1625449482.0,64.0
22.61,1625449482.0,64.0
19.51,1625449482.0,64.0
16.15,1625449482.0,64.0
12.81,1625449482.0,64.0
9.77,1625449482.0,64.0
7.2,1625449482.0,64.0
5.09,1625449482.0,64.0
3.29,1625449482.0,64.0
1.52,1625449482.0,64.0
-0.46,1625449482.0,64.0
-2.79,1625449482.0,64.0
-5.41,1625449482.0,64.0
-8.15,1625449482.0,64.0
-10.74,1625449482.0,64.0
-13.03,1625449482.0,64.0
-15.06,1625449482.0,64.0
-17.07,1625449482.0,64.0
-19.39,1625449482.0,64.0
-22.32,1625449482.0,64.0
-25.95,1625449482.0,64.0
-30.12,1625449482.0,64.0
-34.44,1625449482.0,64.0
-38.31,1625449482.0,64.0
-41.06,1625449482.0,64.0
-41.99,1625449482.0,64.0
-40.52,1625449482.0,64.0
-36.37,1625449482.0,64.0
-29.65,1625449482.0,64.0
-20.94,1625449482.0,64.0
-11.11,1625449482.0,64.0
-1.07,1625449482.0,64.0
8.41,1625449482.0,64.0
16.9,1625449482.0,64.0
24.25,1625449482.0,64.0
30.39,1625449482.0,64.0
35.21,1625449482.0,64.0
38.51,1625449482.0,64.0
40.15,1625449482.0,64.0
40.22,1625449482.0,64.0
39.15,1625449482.0,64.0
37.65,1625449482.0,64.0
36.41,1625449482.0,64.0
35.88,1625449482.0,64.0
36.03,1625449482.0,64.0
36.45,1625449482.0,64.0
36.56,1625449482.0,64.0
35.87,1625449482.0,64.0
34.21,1625449482.0,64.0
31.66,1625449482.0,64.0
28.41,1625449482.0,64.0
24.66,1625449482.0,64.0
20.51,1625449482.0,64.0
16.03,1625449482.0,64.0
11.37,1625449482.0,64.0
6.76,1625449482.0,64.0
2.52,1625449482.0,64.0
-1.12,1625449482.0,64.0
-4.11,1625449482.0,64.0
-6.61,1625449482.0,64.0
-8.89,1625449482.0,64.0
-11.18,1625449482.0,64.0
-13.65,1625449482.0,64.0
-16.34,1625449482.0,64.0
-19.25,1625449482.0,64.0
-22.41,1625449482.0,64.0
-25.89,1625449482.0,64.0
-29.8,1625449482.0,64.0
-34.25,1625449482.0,64.0
-39.27,1625449482.0,64.0
-44.77,1625449482.0,64.0
-50.48,1625449482.0,64.0
-55.86,1625449482.0,64.0
-60.15,1625449482.0,64.0
-62.47,1625449482.0,64.0
-62.08,1625449482.0,64.0
-58.61,1625449482.0,64.0
-52.2,1625449482.0,64.0
-43.56,1625449482.0,64.0
-33.61,1625449482.0,64.0
-23.26,1625449482.0,64.0
-13.1,1625449482.0,64.0
-3.4,1625449482.0,64.0
5.8,1625449482.0,64.0
14.39,1625449482.0,64.0
22.07,1625449482.0,64.0
28.39,1625449482.0,64.0
32.93,1625449482.0,64.0
35.58,1625449482.0,64.0
36.65,1625449482.0,64.0
36.75,1625449482.0,64.0
36.54,1625449482.0,64.0
36.46,1625449482.0,64.0
36.59,1625449482.0,64.0
36.71,1625449482.0,64.0
36.47,1625449482.0,64.0
35.58,1625449482.0,64.0
33.95,1625449482.0,64.0
31.62,1625449482.0,64.0
28.69,1625449482.0,64.0
25.28,1625449482.0,64.0
21.54,1625449482.0,64.0
17.7,1625449482.0,64.0
14.12,1625449482.0,64.0
11.26,1625449482.0,64.0
9.45,1625449482.0,64.0
8.84,1625449482.0,64.0
9.22,1625449482.0,64.0
10.13,1625449482.0,64.0
11.0,1625449482.0,64.0
11.27,1625449482.0,64.0
10.65,1625449482.0,64.0
9.03,1625449482.0,64.0
6.45,1625449482.0,64.0
2.96,1625449482.0,64.0
-1.52,1625449482.0,64.0
-7.16,1625449482.0,64.0
-14.09,1625449482.0,64.0
-22.22,1625449482.0,64.0
-31.13,1625449482.0,64.0
-40.09,1625449482.0,64.0
-48.27,1625449482.0,64.0
-54.85,1625449482.0,64.0
-59.18,1625449482.0,64.0
-60.8,1625449482.0,64.0
-59.4,1625449482.0,64.0
-54.83,1625449482.0,64.0
-47.06,1625449482.0,64.0
-36.35,1625449482.0,64.0
-23.22,1625449482.0,64.0
-8.37,1625449482.0,64.0
7.4,1625449482.0,64.0
23.38,1625449482.0,64.0
38.85,1625449482.0,64.0
52.96,1625449482.0,64.0
64.61,1625449482.0,64.0
72.59,1625449482.0,64.0
75.84,1625449482.0,64.0
73.9,1625449482.0,64.0
67.29,1625449482.0,64.0
57.41,1625449482.0,64.0
46.23,1625449482.0,64.0
35.6,1625449482.0,64.0
26.75,1625449482.0,64.0
20.03,1625449482.0,64.0
15.04,1625449482.0,64.0
11.07,1625449482.0,64.0
7.47,1625449482.0,64.0
3.94,1625449482.0,64.0
0.45,1625449482.0,64.0
-2.84,1625449482.0,64.0
-5.82,1625449482.0,64.0
-8.47,1625449482.0,64.0
-10.84,1625449482.0,64.0
-12.96,1625449482.0,64.0
-14.86,1625449482.0,64.0
-16.59,1625449482.0,64.0
-18.32,1625449482.0,64.0
-20.33,1625449482.0,64.0
-22.91,1625449482.0,64.0
-26.2,1625449482.0,64.0
-30.1,1625449482.0,64.0
-34.26,1625449482.0,64.0
-38.23,1625449482.0,64.0
-41.69,1625449482.0,64.0
-44.52,1625449482.0,64.0
-46.84,1625449482.0,64.0
-48.89,1625449482.0,64.0
-50.93,1625449482.0,64.0
-53.14,1625449482.0,64.0
-55.56,1625449482.0,64.0
-58.07,1625449482.0,64.0
-60.33,1625449482.0,64.0
-61.75,1625449482.0,64.0
-61.61,1625449482.0,64.0
-59.19,1625449482.0,64.0
-54.09,1625449482.0,64.0
-46.38,1625449482.0,64.0
-36.62,1625449482.0,64.0
-25.68,1625449482.0,64.0
-14.44,1625449482.0,64.0
-3.52,1625449482.0,64.0
6.77,1625449482.0,64.0
16.33,1625449482.0,64.0
25.1,1625449482.0,64.0
32.85,1625449482.0,64.0
39.23,1625449482.0,64.0
43.89,1625449482.0,64.0
46.69,1625449482.0,64.0
47.78,1625449482.0,64.0
47.61,1625449482.0,64.0
46.72,1625449482.0,64.0
45.58,1625449482.0,64.0
44.46,1625449482.0,64.0
43.39,1625449482.0,64.0
42.21,1625449482.0,64.0
40.7,1625449482.0,64.0
38.66,1625449482.0,64.0
35.98,1625449482.0,64.0
32.7,1625449482.0,64.0
28.96,1625449482.0,64.0
24.96,1625449482.0,64.0
20.95,1625449482.0,64.0
17.09,1625449482.0,64.0
13.48,1625449482.0,64.0
10.14,1625449482.0,64.0
7.04,1625449482.0,64.0
4.12,1625449482.0,64.0
1.29,1625449482.0,64.0
-1.6,1625449482.0,64.0
-4.71,1625449482.0,64.0
-8.17,1625449482.0,64.0
-11.96,1625449482.0,64.0
-15.82,1625449482.0,64.0
-19.36,1625449482.0,64.0
-22.2,1625449482.0,64.0
-24.19,1625449482.0,64.0
-25.6,1625449482.0,64.0
-27.02,1625449482.0,64.0
-29.18,1625449482.0,64.0
-32.6,1625449482.0,64.0
-37.25,1625449482.0,64.0
-42.45,1625449482.0,64.0
-46.96,1625449482.0,64.0
-49.38,1625449482.0,64.0
-48.6,1625449482.0,64.0
-44.2,1625449482.0,64.0
-36.58,1625449482.0,64.0
-26.77,1625449482.0,64.0
-16.02,1625449482.0,64.0
-5.33,1625449482.0,64.0
4.83,1625449482.0,64.0
14.54,1625449482.0,64.0
24.11,1625449482.0,64.0
33.75,1625449482.0,64.0
43.28,1625449482.0,64.0
52.08,1625449482.0,64.0
59.38,1625449482.0,64.0
64.5,1625449482.0,64.0
67.15,1625449482.0,64.0
67.45,1625449482.0,64.0
65.88,1625449482.0,64.0
63.03,1625449482.0,64.0
59.49,1625449482.0,64.0
55.8,1625449482.0,64.0
52.44,1625449482.0,64.0
49.71,1625449482.0,64.0
47.56,1625449482.0,64.0
45.49,1625449482.0,64.0
42.68,1625449482.0,64.0
38.38,1625449482.0,64.0
32.34,1625449482.0,64.0
25.15,1625449482.0,64.0
18.01,1625449482.0,64.0
12.18,1625449482.0,64.0
8.27,1625449482.0,64.0
5.85,1625449482.0,64.0
3.76,1625449482.0,64.0
0.75,1625449482.0,64.0
-3.75,1625449482.0,64.0
-9.35,1625449482.0,64.0
-14.93,1625449482.0,64.0
-19.41,1625449482.0,64.0
-22.37,1625449482.0,64.0
-24.23,1625449482.0,64.0
-26.01,1625449482.0,64.0
-28.66,1625449482.0,64.0
-32.62,1625449482.0,64.0
-37.71,1625449482.0,64.0
-43.32,1625449482.0,64.0
-48.7,1625449482.0,64.0
-53.21,1625449482.0,64.0
-56.31,1625449482.0,64.0
-57.54,1625449482.0,64.0
-56.47,1625449482.0,64.0
-52.82,1625449482.0,64.0
-46.64,1625449482.0,64.0
-38.33,1625449482.0,64.0
-28.63,1625449482.0,64.0
-18.33,1625449482.0,64.0
-8.13,1625449482.0,64.0
1.46,1625449482.0,64.0
9.99,1625449482.0,64.0
17.02,1625449482.0,64.0
22.16,1625449482.0,64.0
25.24,1625449482.0,64.0
26.55,1625449482.0,64.0
26.85,1625449482.0,64.0
27.14,1625449482.0,64.0
28.24,1625449482.0,64.0
30.35,1625449482.0,64.0
32.99,1625449482.0,64.0
35.23,1625449482.0,64.0
36.19,1625449482.0,64.0
35.47,1625449482.0,64.0
33.26,1625449482.0,64.0
30.18,1625449482.0,64.0
26.87,1625449482.0,64.0
23.61,1625449482.0,64.0
20.35,1625449482.0,64.0
16.84,1625449482.0,64.0
12.9,1625449482.0,64.0
8.63,1625449482.0,64.0
4.29,1625449482.0,64.0
0.15,1625449482.0,64.0
-3.7,1625449482.0,64.0
-7.38,1625449482.0,64.0
-11.07,1625449482.0,64.0
-14.83,1625449482.0,64.0
-18.49,1625449482.0,64.0
-21.72,1625449482.0,64.0
-24.22,1625449482.0,64.0
-26.0,1625449482.0,64.0
-27.37,1625449482.0,64.0
-28.87,1625449482.0,64.0
-31.06,1625449482.0,64.0
-34.26,1625449482.0,64.0
-38.41,1625449482.0,64.0
-43.03,1625449482.0,64.0
-47.29,1625449482.0,64.0
-50.22,1625449482.0,64.0
-50.93,1625449482.0,64.0
-48.86,1625449482.0,64.0
-43.99,1625449482.0,64.0
-36.8,1625449482.0,64.0
-28.12,1625449482.0,64.0
-18.79,1625449482.0,64.0
-9.46,1625449482.0,64.0
-0.49,1625449482.0,64.0
7.95,1625449482.0,64.0
15.66,1625449482.0,64.0
22.28,1625449482.0,64.0
27.38,1625449482.0,64.0
30.68,1625449482.0,64.0
32.32,1625449482.0,64.0
32.92,1625449482.0,64.0
33.38,1625449482.0,64.0
34.46,1625449482.0,64.0
36.43,1625449482.0,64.0
38.92,1625449482.0,64.0
41.08,1625449482.0,64.0
42.03,1625449482.0,64.0
41.26,1625449482.0,64.0
38.81,1625449482.0,64.0
35.18,1625449482.0,64.0
30.98,1625449482.0,64.0
26.65,1625449482.0,64.0
22.33,1625449482.0,64.0
17.96,1625449482.0,64.0
13.48,1625449482.0,64.0
8.98,1625449482.0,64.0
4.66,1625449482.0,64.0
0.69,1625449482.0,64.0
-3.0,1625449482.0,64.0
-6.63,1625449482.0,64.0
-10.54,1625449482.0,64.0
-14.94,1625449482.0,64.0
-19.78,1625449482.0,64.0
-24.8,1625449482.0,64.0
-29.63,1625449482.0,64.0
-33.96,1625449482.0,64.0
-37.63,1625449482.0,64.0
-40.64,1625449482.0,64.0
-43.1,1625449482.0,64.0
-45.17,1625449482.0,64.0
-46.94,1625449482.0,64.0
-48.32,1625449482.0,64.0
-49.0,1625449482.0,64.0
-48.43,1625449482.0,64.0
-45.98,1625449482.0,64.0
-41.18,1625449482.0,64.0
-33.92,1625449482.0,64.0
-24.61,1625449482.0,64.0
-14.04,1625449482.0,64.0
-3.2,1625449482.0,64.0
7.03,1625449482.0,64.0
16.08,1625449482.0,64.0
23.7,1625449482.0,64.0
29.84,1625449482.0,64.0
34.52,1625449482.0,64.0
37.67,1625449482.0,64.0
39.18,1625449482.0,64.0
38.97,1625449482.0,64.0
37.2,1625449482.0,64.0
34.3,1625449482.0,64.0
31.0,1625449482.0,64.0
28.06,1625449482.0,64.0
26.1,1625449482.0,64.0
25.35,1625449482.0,64.0
25.55,1625449482.0,64.0
26.09,1625449482.0,64.0
26.29,1625449482.0,64.0
25.63,1625449482.0,64.0
23.92,1625449482.0,64.0
21.33,1625449482.0,64.0
18.2,1625449482.0,64.0
14.89,1625449482.0,64.0
11.64,1625449482.0,64.0
8.49,1625449482.0,64.0
5.38,1625449482.0,64.0
2.24,1625449482.0,64.0
-0.97,1625449482.0,64.0
-4.19,1625449482.0,64.0
-7.38,1625449482.0,64.0
-10.52,1625449482.0,64.0
-13.66,1625449482.0,64.0
-16.95,1625449482.0,64.0
-20.51,1625449482.0,64.0
-24.35,1625449482.0,64.0
-28.37,1625449482.0,64.0
-32.37,1625449482.0,64.0
-36.15,1625449482.0,64.0
-39.58,1625449482.0,64.0
-42.74,1625449482.0,64.0
-45.87,1625449482.0,64.0
-49.24,1625449482.0,64.0
-52.94,1625449482.0,64.0
-56.67,1625449482.0,64.0
-59.73,1625449482.0,64.0
-61.16,1625449482.0,64.0
-60.03,1625449482.0,64.0
-55.82,1625449482.0,64.0
-48.65,1625449482.0,64.0
-39.21,1625449482.0,64.0
-28.57,1625449482.0,64.0
-17.76,1625449482.0,64.0
-7.49,1625449482.0,64.0
1.91,1625449482.0,64.0
10.38,1625449482.0,64.0
17.88,1625449482.0,64.0
24.3,1625449482.0,64.0
29.44,1625449482.0,64.0
33.17,1625449482.0,64.0
35.54,1625449482.0,64.0
36.83,1625449482.0,64.0
37.46,1625449482.0,64.0
37.81,1625449482.0,64.0
38.14,1625449482.0,64.0
38.53,1625449482.0,64.0
38.86,1625449482.0,64.0
38.94,1625449482.0,64.0
38.56,1625449482.0,64.0
37.54,1625449482.0,64.0
35.81,1625449482.0,64.0
33.4,1625449482.0,64.0
30.46,1625449482.0,64.0
27.19,1625449482.0,64.0
23.78,1625449482.0,64.0
20.36,1625449482.0,64.0
16.96,1625449482.0,64.0
13.6,1625449482.0,64.0
10.3,1625449482.0,64.0
7.07,1625449482.0,64.0
3.94,1625449482.0,64.0
0.89,1625449482.0,64.0
-2.15,1625449482.0,64.0
-5.28,1625449482.0,64.0
-8.54,1625449482.0,64.0
-11.91,1625449482.0,64.0
-15.26,1625449482.0,64.0
-18.42,1625449482.0,64.0
-21.3,1625449482.0,64.0
-23.97,1625449482.0,64.0
-26.64,1625449482.0,64.0
-29.6,1625449482.0,64.0
-33.09,1625449482.0,64.0
-37.15,1625449482.0,64.0
-41.54,1625449482.0,64.0
-45.72,1625449482.0,64.0
-48.94,1625449482.0,64.0
-50.44,1625449482.0,64.0
-49.59,1625449482.0,64.0
-46.08,1625449482.0,64.0
-40.01,1625449482.0,64.0
-31.81,1625449482.0,64.0
-22.21,1625449482.0,64.0
-11.96,1625449482.0,64.0
-1.76,1625449482.0,64.0
7.92,1625449482.0,64.0
16.76,1625449482.0,64.0
24.52,1625449482.0,64.0
30.96,1625449482.0,64.0
35.77,1625449482.0,64.0
38.73,1625449482.0,64.0
39.87,1625449482.0,64.0
39.52,1625449482.0,64.0
38.33,1625449482.0,64.0
37.06,1625449482.0,64.0
36.39,1625449482.0,64.0
36.64,1625449482.0,64.0
37.76,1625449482.0,64.0
39.37,1625449482.0,64.0
40.97,1625449482.0,64.0
42.21,1625449482.0,64.0
42.91,1625449482.0,64.0
43.15,1625449482.0,64.0
43.08,1625449482.0,64.0
42.74,1625449482.0,64.0
42.06,1625449482.0,64.0
40.77,1625449482.0,64.0
38.56,1625449482.0,64.0
35.21,1625449482.0,64.0
30.66,1625449482.0,64.0
25.07,1625449482.0,64.0
18.72,1625449482.0,64.0
11.95,1625449482.0,64.0
5.05,1625449482.0,64.0
-1.75,1625449482.0,64.0
-8.27,1625449482.0,64.0
-14.33,1625449482.0,64.0
-19.76,1625449482.0,64.0
-24.4,1625449482.0,64.0
-28.23,1625449482.0,64.0
-31.35,1625449482.0,64.0
-34.06,1625449482.0,64.0
-36.79,1625449482.0,64.0
-39.95,1625449482.0,64.0
-43.77,1625449482.0,64.0
-48.2,1625449482.0,64.0
-52.78,1625449482.0,64.0
-56.78,1625449482.0,64.0
-59.27,1625449482.0,64.0
-59.37,1625449482.0,64.0
-56.53,1625449482.0,64.0
-50.64,1625449482.0,64.0
-42.13,1625449482.0,64.0
-31.87,1625449482.0,64.0
-20.87,1625449482.0,64.0
-10.03,1625449482.0,64.0
0.05,1625449482.0,64.0
9.08,1625449482.0,64.0
16.95,1625449482.0,64.0
23.57,1625449482.0,64.0
28.77,1625449482.0,64.0
32.39,1625449482.0,64.0
34.43,1625449482.0,64.0
35.2,1625449482.0,64.0
35.25,1625449482.0,64.0
35.26,1625449482.0,64.0
35.68,1625449482.0,64.0
36.62,1625449482.0,64.0
37.78,1625449482.0,64.0
38.71,1625449482.0,64.0
39.06,1625449482.0,64.0
38.7,1625449482.0,64.0
37.78,1625449482.0,64.0
36.47,1625449482.0,64.0
34.82,1625449482.0,64.0
32.69,1625449482.0,64.0
29.83,1625449482.0,64.0
26.08,1625449482.0,64.0
21.5,1625449482.0,64.0
16.42,1625449482.0,64.0
11.25,1625449482.0,64.0
6.3,1625449482.0,64.0
1.68,1625449482.0,64.0
-2.73,1625449482.0,64.0
-7.14,1625449482.0,64.0
-11.68,1625449482.0,64.0
-16.31,1625449482.0,64.0
-20.82,1625449482.0,64.0
-24.96,1625449482.0,64.0
-28.57,1625449482.0,64.0
-31.64,1625449482.0,64.0
-34.31,1625449482.0,64.0
-36.84,1625449482.0,64.0
-39.53,1625449482.0,64.0
-42.63,1625449482.0,64.0
-46.32,1625449482.0,64.0
-50.62,1625449482.0,64.0
-55.3,1625449482.0,64.0
-59.78,1625449482.0,64.0
-63.24,1625449482.0,64.0
-64.73,1625449482.0,64.0
-63.43,1625449482.0,64.0
-58.98,1625449482.0,64.0
-51.55,1625449482.0,64.0
-41.9,1625449482.0,64.0
-31.04,1625449482.0,64.0
-19.91,1625449482.0,64.0
-9.13,1625449482.0,64.0
1.06,1625449482.0,64.0
10.66,1625449482.0,64.0
19.61,1625449482.0,64.0
27.67,1625449482.0,64.0
34.38,1625449482.0,64.0
39.33,1625449482.0,64.0
42.32,1625449482.0,64.0
43.55,1625449482.0,64.0
43.59,1625449482.0,64.0
43.07,1625449482.0,64.0
42.52,1625449482.0,64.0
42.15,1625449482.0,64.0
41.85,1625449482.0,64.0
41.33,1625449482.0,64.0
40.3,1625449482.0,64.0
38.64,1625449482.0,64.0
36.34,1625449482.0,64.0
33.51,1625449482.0,64.0
30.24,1625449482.0,64.0
26.62,1625449482.0,64.0
22.69,1625449482.0,64.0
18.51,1625449482.0,64.0
14.25,1625449482.0,64.0
10.1,1625449482.0,64.0
6.32,1625449482.0,64.0
3.08,1625449482.0,64.0
0.36,1625449482.0,64.0
-2.04,1625449482.0,64.0
-4.48,1625449482.0,64.0
-7.29,1625449482.0,64.0
-10.65,1625449482.0,64.0
-14.45,1625449482.0,64.0
-18.36,1625449482.0,64.0
-22.02,1625449482.0,64.0
-25.19,1625449482.0,64.0
-27.89,1625449482.0,64.0
-30.34,1625449482.0,64.0
-32.88,1625449482.0,64.0
-35.73,1625449482.0,64.0
-38.99,1625449482.0,64.0
-42.6,1625449482.0,64.0
-46.46,1625449482.0,64.0
-50.35,1625449482.0,64.0
-53.98,1625449482.0,64.0
-56.83,1625449482.0,64.0
-58.24,1625449482.0,64.0
-57.48,1625449482.0,64.0
-53.99,1625449482.0,64.0
-47.63,1625449482.0,64.0
-38.75,1625449482.0,64.0
-28.04,1625449482.0,64.0
-16.35,1625449482.0,64.0
-4.41,1625449482.0,64.0
7.27,1625449482.0,64.0
18.24,1625449482.0,64.0
28.04,1625449482.0,64.0
36.14,1625449482.0,64.0
41.96,1625449482.0,64.0
45.26,1625449482.0,64.0
46.22,1625449482.0,64.0
45.48,1625449482.0,64.0
43.9,1625449482.0,64.0
42.26,1625449482.0,64.0
40.93,1625449482.0,64.0
39.88,1625449482.0,64.0
38.88,1625449482.0,64.0
37.66,1625449482.0,64.0
36.2,1625449482.0,64.0
34.62,1625449482.0,64.0
33.09,1625449482.0,64.0
31.65,1625449482.0,64.0
30.17,1625449482.0,64.0
28.4,1625449482.0,64.0
26.15,1625449482.0,64.0
23.36,1625449482.0,64.0
20.13,1625449482.0,64.0
16.68,1625449482.0,64.0
13.2,1625449482.0,64.0
9.85,1625449482.0,64.0
6.65,1625449482.0,64.0
3.58,1625449482.0,64.0
0.55,1625449482.0,64.0
-2.53,1625449482.0,64.0
-5.77,1625449482.0,64.0
-9.2,1625449482.0,64.0
-12.81,1625449482.0,64.0
-16.49,1625449482.0,64.0
-20.11,1625449482.0,64.0
-23.53,1625449482.0,64.0
-26.77,1625449482.0,64.0
-29.89,1625449482.0,64.0
-33.04,1625449482.0,64.0
-36.31,1625449482.0,64.0
-39.79,1625449482.0,64.0
-43.42,1625449482.0,64.0
-47.17,1625449482.0,64.0
-50.97,1625449482.0,64.0
-54.67,1625449482.0,64.0
-57.93,1625449482.0,64.0
-60.2,1625449482.0,64.0
-60.67,1625449482.0,64.0
-58.64,1625449482.0,64.0
-53.73,1625449482.0,64.0
-46.13,1625449482.0,64.0
-36.58,1625449482.0,64.0
-26.14,1625449482.0,64.0
-15.75,1625449482.0,64.0
-6.0,1625449482.0,64.0
3.0,1625449482.0,64.0
11.38,1625449482.0,64.0
19.24,1625449482.0,64.0
26.34,1625449482.0,64.0
32.19,1625449482.0,64.0
36.25,1625449482.0,64.0
38.27,1625449482.0,64.0
38.55,1625449482.0,64.0
37.84,1625449482.0,64.0
37.04,1625449482.0,64.0
36.85,1625449482.0,64.0
37.4,1625449482.0,64.0
38.27,1625449482.0,64.0
38.75,1625449482.0,64.0
38.23,1625449482.0,64.0
36.49,1625449482.0,64.0
33.78,1625449482.0,64.0
30.63,1625449482.0,64.0
27.5,1625449482.0,64.0
24.59,1625449482.0,64.0
21.74,1625449482.0,64.0
18.65,1625449482.0,64.0
15.13,1625449482.0,64.0
11.23,1625449482.0,64.0
7.3,1625449482.0,64.0
3.76,1625449482.0,64.0
0.86,1625449482.0,64.0
-1.41,1625449482.0,64.0
-3.38,1625449482.0,64.0
-5.48,1625449482.0,64.0
-8.06,1625449482.0,64.0
-11.2,1625449482.0,64.0
-14.68,1625449482.0,64.0
-18.13,1625449482.0,64.0
-21.15,1625449482.0,64.0
-23.59,1625449482.0,64.0
-25.55,1625449482.0,64.0
-27.39,1625449482.0,64.0
-29.51,1625449482.0,64.0
-32.28,1625449482.0,64.0
-35.81,1625449482.0,64.0
-40.03,1625449482.0,64.0
-44.7,1625449482.0,64.0
-49.41,1625449482.0,64.0
-53.67,1625449482.0,64.0
-56.78,1625449482.0,64.0
-58.0,1625449482.0,64.0
-56.68,1625449482.0,64.0
-52.48,1625449482.0,64.0
-45.62,1625449482.0,64.0
-36.8,1625449482.0,64.0
-27.03,1625449482.0,64.0
-17.2,1625449482.0,64.0
-7.86,1625449482.0,64.0
0.87,1625449482.0,64.0
9.09,1625449482.0,64.0
16.85,1625449482.0,64.0
23.91,1625449482.0,64.0
29.82,1625449482.0,64.0
34.08,1625449482.0,64.0
36.53,1625449482.0,64.0
37.45,1625449482.0,64.0
37.54,1625449482.0,64.0
37.64,1625449482.0,64.0
38.41,1625449482.0,64.0
40.11,1625449482.0,64.0
42.57,1625449482.0,64.0
45.34,1625449482.0,64.0
47.93,1625449482.0,64.0
50.0,1625449482.0,64.0
51.35,1625449482.0,64.0
51.84,1625449482.0,64.0
51.32,1625449482.0,64.0
49.53,1625449482.0,64.0
46.25,1625449482.0,64.0
41.42,1625449482.0,64.0
35.27,1625449482.0,64.0
28.35,1625449482.0,64.0
21.42,1625449482.0,64.0
15.11,1625449482.0,64.0
9.81,1625449482.0,64.0
5.55,1625449482.0,64.0
2.02,1625449482.0,64.0
-1.18,1625449482.0,64.0
-4.38,1625449482.0,64.0
-7.73,1625449482.0,64.0
-11.13,1625449482.0,64.0
-14.39,1625449482.0,64.0
-17.31,1625449482.0,64.0
-19.8,1625449482.0,64.0
-21.95,1625449482.0,64.0
-23.99,1625449482.0,64.0
-26.28,1625449482.0,64.0
-29.13,1625449482.0,64.0
-32.67,1625449482.0,64.0
-36.75,1625449482.0,64.0
-40.86,1625449482.0,64.0
-44.23,1625449482.0,64.0
-46.02,1625449482.0,64.0
-45.56,1625449482.0,64.0
-42.57,1625449482.0,64.0
-37.17,1625449482.0,64.0
-29.84,1625449482.0,64.0
-21.2,1625449482.0,64.0
-11.87,1625449482.0,64.0
-2.41,1625449482.0,64.0
6.71,1625449482.0,64.0
15.04,1625449482.0,64.0
22.13,1625449482.0,64.0
27.63,1625449482.0,64.0
31.35,1625449482.0,64.0
33.44,1625449482.0,64.0
34.33,1625449482.0,64.0
34.61,1625449482.0,64.0
34.87,1625449482.0,64.0
35.43,1625449482.0,64.0
36.32,1625449482.0,64.0
37.31,1625449482.0,64.0
38.03,1625449482.0,64.0
38.14,1625449482.0,64.0
37.41,1625449482.0,64.0
35.73,1625449482.0,64.0
33.13,1625449482.0,64.0
29.67,1625449482.0,64.0
25.57,1625449482.0,64.0
21.13,1625449482.0,64.0
16.77,1625449482.0,64.0
12.88,1625449482.0,64.0
9.7,1625449482.0,64.0
7.16,1625449482.0,64.0
4.92,1625449482.0,64.0
2.56,1625449482.0,64.0
-0.25,1625449482.0,64.0
-3.56,1625449482.0,64.0
-7.17,1625449482.0,64.0
-10.77,1625449482.0,64.0
-14.18,1625449482.0,64.0
-17.4,1625449482.0,64.0
-20.6,1625449482.0,64.0
-23.98,1625449482.0,64.0
-27.63,1625449482.0,64.0
-31.53,1625449482.0,64.0
-35.62,1625449482.0,64.0
-39.82,1625449482.0,64.0
-44.12,1625449482.0,64.0
-48.35,1625449482.0,64.0
-52.08,1625449482.0,64.0
-54.57,1625449482.0,64.0
-54.95,1625449482.0,64.0
-52.52,1625449482.0,64.0
-47.03,1625449482.0,64.0
-38.86,1625449482.0,64.0
-28.86,1625449482.0,64.0
-18.11,1625449482.0,64.0
-7.56,1625449482.0,64.0
2.16,1625449482.0,64.0
10.79,1625449482.0,64.0
18.31,1625449482.0,64.0
24.71,1625449482.0,64.0
29.95,1625449482.0,64.0
33.9,1625449482.0,64.0
36.47,1625449482.0,64.0
37.75,1625449482.0,64.0
38.04,1625449482.0,64.0
37.78,1625449482.0,64.0
37.39,1625449482.0,64.0
37.12,1625449482.0,64.0
36.9,1625449482.0,64.0
36.43,1625449482.0,64.0
35.38,1625449482.0,64.0
33.51,1625449482.0,64.0
30.86,1625449482.0,64.0
27.69,1625449482.0,64.0
24.27,1625449482.0,64.0
20.84,1625449482.0,64.0
17.47,1625449482.0,64.0
14.13,1625449482.0,64.0
10.76,1625449482.0,64.0
7.38,1625449482.0,64.0
4.07,1625449482.0,64.0
0.85,1625449482.0,64.0
-2.28,1625449482.0,64.0
-5.49,1625449482.0,64.0
-8.93,1625449482.0,64.0
-12.66,1625449482.0,64.0
-16.59,1625449482.0,64.0
-20.48,1625449482.0,64.0
-24.13,1625449482.0,64.0
-27.46,1625449482.0,64.0
-30.65,1625449482.0,64.0
-34.04,1625449482.0,64.0
-37.97,1625449482.0,64.0
-42.59,1625449482.0,64.0
-47.77,1625449482.0,64.0
-53.07,1625449482.0,64.0
-57.87,1625449482.0,64.0
-61.4,1625449482.0,64.0
-62.94,1625449482.0,64.0
-61.92,1625449482.0,64.0
-58.03,1625449482.0,64.0
-51.36,1625449482.0,64.0
-42.37,1625449482.0,64.0
-31.85,1625449482.0,64.0
-20.66,1625449482.0,64.0
-9.53,1625449482.0,64.0
1.07,1625449482.0,64.0
10.93,1625449482.0,64.0
19.92,1625449482.0,64.0
27.82,1625449482.0,64.0
34.28,1625449482.0,64.0
38.98,1625449482.0,64.0
41.78,1625449482.0,64.0
42.87,1625449482.0,64.0
42.76,1625449482.0,64.0
42.06,1625449482.0,64.0
41.29,1625449482.0,64.0
40.62,1625449482.0,64.0
40.01,1625449482.0,64.0
39.25,1625449482.0,64.0
38.19,1625449482.0,64.0
36.85,1625449482.0,64.0
35.28,1625449482.0,64.0
33.51,1625449482.0,64.0
31.39,1625449482.0,64.0
28.75,1625449482.0,64.0
25.52,1625449482.0,64.0
21.86,1625449482.0,64.0
18.21,1625449482.0,64.0
15.0,1625449482.0,64.0
12.47,1625449482.0,64.0
10.49,1625449482.0,64.0
8.66,1625449482.0,64.0
6.49,1625449482.0,64.0
3.69,1625449482.0,64.0
0.15,1625449482.0,64.0
-4.11,1625449482.0,64.0
-9.07,1625449482.0,64.0
-14.76,1625449482.0,64.0
-21.12,1625449482.0,64.0
-27.84,1625449482.0,64.0
-34.35,1625449482.0,64.0
-40.0,1625449482.0,64.0
-44.44,1625449482.0,64.0
-47.82,1625449482.0,64.0
-50.7,1625449482.0,64.0
-53.75,1625449482.0,64.0
-57.25,1625449482.0,64.0
-60.77,1625449482.0,64.0
-63.3,1625449482.0,64.0
-63.64,1625449482.0,64.0
-60.91,1625449482.0,64.0
-54.97,1625449482.0,64.0
-46.34,1625449482.0,64.0
-36.02,1625449482.0,64.0
-24.99,1625449482.0,64.0
-13.92,1625449482.0,64.0
-3.07,1625449482.0,64.0
7.44,1625449482.0,64.0
17.45,1625449482.0,64.0
26.52,1625449482.0,64.0
34.06,1625449482.0,64.0
39.48,1625449482.0,64.0
42.58,1625449482.0,64.0
43.67,1625449482.0,64.0
43.5,1625449482.0,64.0
42.91,1625449482.0,64.0
42.56,1625449482.0,64.0
42.69,1625449482.0,64.0
43.11,1625449482.0,64.0
43.41,1625449482.0,64.0
43.18,1625449482.0,64.0
42.25,1625449482.0,64.0
40.67,1625449482.0,64.0
38.6,1625449482.0,64.0
36.19,1625449482.0,64.0
33.49,1625449482.0,64.0
30.41,1625449482.0,64.0
26.88,1625449482.0,64.0
22.88,1625449482.0,64.0
18.57,1625449482.0,64.0
14.22,1625449482.0,64.0
10.09,1625449482.0,64.0
6.29,1625449482.0,64.0
2.74,1625449482.0,64.0
-0.82,1625449482.0,64.0
-4.69,1625449482.0,64.0
-9.06,1625449482.0,64.0
-13.86,1625449482.0,64.0
-18.81,1625449482.0,64.0
-23.46,1625449482.0,64.0
-27.47,1625449482.0,64.0
-30.72,1625449482.0,64.0
-33.4,1625449482.0,64.0
-35.95,1625449482.0,64.0
-38.85,1625449482.0,64.0
-42.47,1625449482.0,64.0
-46.91,1625449482.0,64.0
-51.91,1625449482.0,64.0
-56.95,1625449482.0,64.0
-61.31,1625449482.0,64.0
-64.23,1625449482.0,64.0
-65.05,1625449482.0,64.0
-63.32,1625449482.0,64.0
-58.89,1625449482.0,64.0
-51.96,1625449482.0,64.0
-43.0,1625449482.0,64.0
-32.7,1625449482.0,64.0
-21.77,1625449482.0,64.0
-10.78,1625449482.0,64.0
-0.2,1625449482.0,64.0
9.65,1625449482.0,64.0
18.42,1625449482.0,64.0
25.79,1625449482.0,64.0
31.46,1625449482.0,64.0
35.29,1625449482.0,64.0
37.41,1625449482.0,64.0
38.23,1625449482.0,64.0
38.33,1625449482.0,64.0
38.19,1625449482.0,64.0
38.08,1625449482.0,64.0
37.94,1625449482.0,64.0
37.52,1625449482.0,64.0
36.47,1625449482.0,64.0
34.64,1625449482.0,64.0
32.09,1625449482.0,64.0
29.05,1625449482.0,64.0
25.82,1625449482.0,64.0
22.57,1625449482.0,64.0
19.37,1625449482.0,64.0
16.19,1625449482.0,64.0
13.0,1625449482.0,64.0
9.88,1625449482.0,64.0
7.06,1625449482.0,64.0
4.82,1625449482.0,64.0
3.39,1625449482.0,64.0
2.79,1625449482.0,64.0
2.81,1625449482.0,64.0
3.05,1625449482.0,64.0
3.06,1625449482.0,64.0
2.53,1625449482.0,64.0
1.3,1625449482.0,64.0
-0.55,1625449482.0,64.0
-2.94,1625449482.0,64.0
-5.79,1625449482.0,64.0
-9.2,1625449482.0,64.0
-13.34,1625449482.0,64.0
-18.41,1625449482.0,64.0
-24.48,1625449482.0,64.0
-31.42,1625449482.0,64.0
-38.8,1625449482.0,64.0
-45.9,1625449482.0,64.0
-51.82,1625449482.0,64.0
-55.56,1625449482.0,64.0
-56.27,1625449482.0,64.0
-53.45,1625449482.0,64.0
-47.14,1625449482.0,64.0
-37.95,1625449482.0,64.0
-26.88,1625449482.0,64.0
-15.06,1625449482.0,64.0
-3.47,1625449482.0,64.0
7.32,1625449482.0,64.0
17.02,1625449482.0,64.0
25.51,1625449482.0,64.0
32.61,1625449482.0,64.0
38.03,1625449482.0,64.0
41.49,1625449482.0,64.0
42.9,1625449482.0,64.0
42.53,1625449482.0,64.0
41.06,1625449482.0,64.0
39.3,1625449482.0,64.0
37.95,1625449482.0,64.0
37.31,1625449482.0,64.0
37.25,1625449482.0,64.0
37.27,1625449482.0,64.0
36.84,1625449482.0,64.0
35.62,1625449482.0,64.0
33.55,1625449482.0,64.0
30.91,1625449482.0,64.0
28.06,1625449482.0,64.0
25.36,1625449482.0,64.0
22.97,1625449482.0,64.0
20.93,1625449482.0,64.0
19.14,1625449482.0,64.0
17.49,1625449482.0,64.0
15.9,1625449482.0,64.0
14.3,1625449482.0,64.0
12.58,1625449482.0,64.0
10.62,1625449482.0,64.0
8.22,1625449482.0,64.0
5.26,1625449482.0,64.0
1.72,1625449482.0,64.0
-2.29,1625449482.0,64.0
-6.54,1625449482.0,64.0
-10.79,1625449482.0,64.0
-14.92,1625449482.0,64.0
-18.91,1625449482.0,64.0
-22.9,1625449482.0,64.0
-27.09,1625449482.0,64.0
-31.61,1625449482.0,64.0
-36.44,1625449482.0,64.0
-41.23,1625449482.0,64.0
-45.33,1625449482.0,64.0
-47.88,1625449482.0,64.0
-48.05,1625449482.0,64.0
-45.3,1625449482.0,64.0
-39.62,1625449482.0,64.0
-31.58,1625449482.0,64.0
-22.09,1625449482.0,64.0
-12.14,1625449482.0,64.0
-2.49,1625449482.0,64.0
6.39,1625449482.0,64.0
14.29,1625449482.0,64.0
21.06,1625449482.0,64.0
26.51,1625449482.0,64.0
30.42,1625449482.0,64.0
32.66,1625449482.0,64.0
33.38,1625449482.0,64.0
33.0,1625449482.0,64.0
32.06,1625449482.0,64.0
31.12,1625449482.0,64.0
30.49,1625449482.0,64.0
30.22,1625449482.0,64.0
30.13,1625449482.0,64.0
29.96,1625449482.0,64.0
29.48,1625449482.0,64.0
28.51,1625449482.0,64.0
26.98,1625449482.0,64.0
24.87,1625449482.0,64.0
22.25,1625449482.0,64.0
19.21,1625449482.0,64.0
15.9,1625449482.0,64.0
12.47,1625449482.0,64.0
9.09,1625449482.0,64.0
5.85,1625449482.0,64.0
2.76,1625449482.0,64.0
-0.19,1625449482.0,64.0
-3.15,1625449482.0,64.0
-6.24,1625449482.0,64.0
-9.59,1625449482.0,64.0
-13.28,1625449482.0,64.0
-17.31,1625449482.0,64.0
-21.59,1625449482.0,64.0
-26.01,1625449482.0,64.0
-30.41,1625449482.0,64.0
-34.7,1625449482.0,64.0
-38.87,1625449482.0,64.0
-42.9,1625449482.0,64.0
-46.8,1625449482.0,64.0
-50.41,1625449482.0,64.0
-53.42,1625449482.0,64.0
-55.28,1625449482.0,64.0
-55.31,1625449482.0,64.0
-52.85,1625449482.0,64.0
-47.48,1625449482.0,64.0
-39.29,1625449482.0,64.0
-28.93,1625449482.0,64.0
-17.54,1625449482.0,64.0
-6.4,1625449482.0,64.0
3.45,1625449482.0,64.0
11.49,1625449482.0,64.0
17.76,1625449482.0,64.0
22.6,1625449482.0,64.0
26.24,1625449482.0,64.0
28.57,1625449482.0,64.0
29.16,1625449482.0,64.0
27.52,1625449482.0,64.0
23.58,1625449482.0,64.0
17.85,1625449482.0,64.0
11.44,1625449482.0,64.0
5.67,1625449482.0,64.0
1.61,1625449482.0,64.0
-0.18,1625449482.0,64.0
0.3,1625449482.0,64.0
2.58,1625449482.0,64.0
6.04,1625449482.0,64.0
10.05,1625449482.0,64.0
14.01,1625449482.0,64.0
17.42,1625449482.0,64.0
19.83,1625449482.0,64.0
20.93,1625449482.0,64.0
20.62,1625449482.0,64.0
19.03,1625449482.0,64.0
16.54,1625449482.0,64.0
13.58,1625449482.0,64.0
10.56,1625449482.0,64.0
7.64,1625449482.0,64.0
4.75,1625449482.0,64.0
1.72,1625449482.0,64.0
-1.68,1625449482.0,64.0
-5.49,1625449482.0,64.0
-9.63,1625449482.0,64.0
-13.85,1625449482.0,64.0
-17.89,1625449482.0,64.0
-21.57,1625449482.0,64.0
-24.83,1625449482.0,64.0
-27.74,1625449482.0,64.0
-30.45,1625449482.0,64.0
-33.16,1625449482.0,64.0
-36.09,1625449482.0,64.0
-39.35,1625449482.0,64.0
-42.85,1625449482.0,64.0
-46.17,1625449482.0,64.0
-48.6,1625449482.0,64.0
-49.3,1625449482.0,64.0
-47.59,1625449482.0,64.0
-43.24,1625449482.0,64.0
-36.62,1625449482.0,64.0
-28.46,1625449482.0,64.0
-19.66,1625449482.0,64.0
-10.93,1625449482.0,64.0
-2.65,1625449482.0,64.0
5.05,1625449482.0,64.0
12.12,1625449482.0,64.0
18.39,1625449482.0,64.0
23.58,1625449482.0,64.0
27.42,1625449482.0,64.0
29.88,1625449482.0,64.0
31.18,1625449482.0,64.0
31.82,1625449482.0,64.0
32.29,1625449482.0,64.0
32.94,1625449482.0,64.0
33.83,1625449482.0,64.0
34.79,1625449482.0,64.0
35.53,1625449482.0,64.0
35.77,1625449482.0,64.0
35.32,1625449482.0,64.0
34.09,1625449482.0,64.0
32.08,1625449482.0,64.0
29.35,1625449482.0,64.0
26.03,1625449482.0,64.0
22.3,1625449482.0,64.0
18.36,1625449482.0,64.0
14.37,1625449482.0,64.0
10.44,1625449482.0,64.0
6.64,1625449482.0,64.0
3.07,1625449482.0,64.0
-0.24,1625449482.0,64.0
-3.28,1625449482.0,64.0
-6.12,1625449482.0,64.0
-8.97,1625449482.0,64.0
-12.06,1625449482.0,64.0
-15.52,1625449482.0,64.0
-19.32,1625449482.0,64.0
-23.23,1625449482.0,64.0
-26.97,1625449482.0,64.0
-30.36,1625449482.0,64.0
-33.43,1625449482.0,64.0
-36.38,1625449482.0,64.0
-39.48,1625449482.0,64.0
-42.87,1625449482.0,64.0
-46.44,1625449482.0,64.0
-49.8,1625449482.0,64.0
-52.4,1625449482.0,64.0
-53.65,1625449482.0,64.0
-53.03,1625449482.0,64.0
-50.25,1625449482.0,64.0
-45.27,1625449482.0,64.0
-38.33,1625449482.0,64.0
-29.9,1625449482.0,64.0
-20.6,1625449482.0,64.0
-10.99,1625449482.0,64.0
-1.55,1625449482.0,64.0
7.41,1625449482.0,64.0
15.65,1625449482.0,64.0
22.86,1625449482.0,64.0
28.7,1625449482.0,64.0
32.8,1625449482.0,64.0
34.99,1625449482.0,64.0
35.42,1625449482.0,64.0
34.67,1625449482.0,64.0
33.48,1625449482.0,64.0
32.56,1625449482.0,64.0
32.27,1625449482.0,64.0
32.49,1625449482.0,64.0
32.81,1625449482.0,64.0
32.69,1625449482.0,64.0
31.82,1625449482.0,64.0
30.17,1625449482.0,64.0
28.02,1625449482.0,64.0
25.75,1625449482.0,64.0
23.74,1625449482.0,64.0
22.25,1625449482.0,64.0
21.45,1625449482.0,64.0
21.36,1625449482.0,64.0
21.91,1625449482.0,64.0
22.86,1625449482.0,64.0
23.79,1625449482.0,64.0
24.26,1625449482.0,64.0
23.85,1625449482.0,64.0
22.32,1625449482.0,64.0
19.61,1625449482.0,64.0
15.78,1625449482.0,64.0
11.0,1625449482.0,64.0
5.47,1625449482.0,64.0
-0.46,1625449482.0,64.0
-6.32,1625449482.0,64.0
-11.56,1625449482.0,64.0
-15.76,1625449482.0,64.0
-18.8,1625449482.0,64.0
-20.95,1625449482.0,64.0
-22.74,1625449482.0,64.0
-24.7,1625449482.0,64.0
-26.97,1625449482.0,64.0
-29.21,1625449482.0,64.0
-30.67,1625449482.0,64.0
-30.52,1625449482.0,64.0
-28.19,1625449482.0,64.0
-23.66,1625449482.0,64.0
-17.36,1625449482.0,64.0
-10.01,1625449482.0,64.0
-2.28,1625449482.0,64.0
5.32,1625449482.0,64.0
12.53,1625449482.0,64.0
19.19,1625449482.0,64.0
25.11,1625449482.0,64.0
29.95,1625449482.0,64.0
33.36,1625449482.0,64.0
35.12,1625449482.0,64.0
35.25,1625449482.0,64.0
34.16,1625449482.0,64.0
32.47,1625449482.0,64.0
30.82,1625449482.0,64.0
29.72,1625449482.0,64.0
29.3,1625449482.0,64.0
29.34,1625449482.0,64.0
29.35,1625449482.0,64.0
28.8,1625449482.0,64.0
27.33,1625449482.0,64.0
24.89,1625449482.0,64.0
21.79,1625449482.0,64.0
18.45,1625449482.0,64.0
15.25,1625449482.0,64.0
12.32,1625449482.0,64.0
9.54,1625449482.0,64.0
6.64,1625449482.0,64.0
3.38,1625449482.0,64.0
-0.28,1625449482.0,64.0
-4.18,1625449482.0,64.0
-8.1,1625449482.0,64.0
-11.82,1625449482.0,64.0
-15.24,1625449482.0,64.0
-18.38,1625449482.0,64.0
-21.31,1625449482.0,64.0
-24.1,1625449482.0,64.0
-26.83,1625449482.0,64.0
-29.63,1625449482.0,64.0
-32.7,1625449482.0,64.0
-36.21,1625449482.0,64.0
-40.27,1625449482.0,64.0
-44.73,1625449482.0,64.0
-49.17,1625449482.0,64.0
-52.84,1625449482.0,64.0
-54.87,1625449482.0,64.0
-54.47,1625449482.0,64.0
-51.21,1625449482.0,64.0
-45.16,1625449482.0,64.0
-36.9,1625449482.0,64.0
-27.3,1625449482.0,64.0
-17.25,1625449482.0,64.0
-7.37,1625449482.0,64.0
2.06,1625449482.0,64.0
10.98,1625449482.0,64.0
19.33,1625449482.0,64.0
26.85,1625449482.0,64.0
33.06,1625449482.0,64.0
37.43,1625449482.0,64.0
39.68,1625449482.0,64.0
39.92,1625449482.0,64.0
38.74,1625449482.0,64.0
36.94,1625449482.0,64.0
35.28,1625449482.0,64.0
34.19,1625449482.0,64.0
33.68,1625449482.0,64.0
33.42,1625449482.0,64.0
32.9,1625449482.0,64.0
31.73,1625449482.0,64.0
29.73,1625449482.0,64.0
26.96,1625449482.0,64.0
23.68,1625449482.0,64.0
20.15,1625449482.0,64.0
16.57,1625449482.0,64.0
13.01,1625449482.0,64.0
9.42,1625449482.0,64.0
5.76,1625449482.0,64.0
2.04,1625449482.0,64.0
-1.62,1625449482.0,64.0
-5.1,1625449482.0,64.0
-8.29,1625449482.0,64.0
-11.21,1625449482.0,64.0
-14.02,1625449482.0,64.0
-16.88,1625449482.0,64.0
-19.95,1625449482.0,64.0
-23.28,1625449482.0,64.0
-26.82,1625449482.0,64.0
-30.51,1625449482.0,64.0
-34.34,1625449482.0,64.0
-38.32,1625449482.0,64.0
-42.48,1625449482.0,64.0
-46.68,1625449482.0,64.0
-50.55,1625449482.0,64.0
-53.45,1625449482.0,64.0
-54.62,1625449482.0,64.0
-53.46,1625449482.0,64.0
-49.75,1625449482.0,64.0
-43.72,1625449482.0,64.0
-36.01,1625449482.0,64.0
-27.41,1625449482.0,64.0
-18.65,1625449482.0,64.0
-10.22,1625449482.0,64.0
-2.46,1625449482.0,64.0
4.39,1625449482.0,64.0
10.09,1625449482.0,64.0
14.4,1625449482.0,64.0
17.14,1625449482.0,64.0
18.31,1625449482.0,64.0
18.12,1625449482.0,64.0
16.92,1625449482.0,64.0
15.12,1625449482.0,64.0
13.09,1625449482.0,64.0
11.19,1625449482.0,64.0
9.62,1625449482.0,64.0
8.37,1625449482.0,64.0
7.18,1625449482.0,64.0
5.58,1625449482.0,64.0
3.07,1625449482.0,64.0
-0.52,1625449482.0,64.0
-4.92,1625449482.0,64.0
-9.43,1625449482.0,64.0
-13.32,1625449482.0,64.0
-16.14,1625449482.0,64.0
-17.86,1625449482.0,64.0
-18.83,1625449482.0,64.0
-19.38,1625449482.0,64.0
-19.54,1625449482.0,64.0
-19.03,1625449482.0,64.0
-17.49,1625449482.0,64.0
-14.83,1625449482.0,64.0
-11.44,1625449482.0,64.0
-8.09,1625449482.0,64.0
-5.57,1625449482.0,64.0
-4.36,1625449482.0,64.0
-4.47,1625449482.0,64.0
-5.53,1625449482.0,64.0
-7.18,1625449482.0,64.0
-9.27,1625449482.0,64.0
-12.03,1625449482.0,64.0
-15.86,1625449482.0,64.0
-21.03,1625449482.0,64.0
-27.34,1625449482.0,64.0
-34.0,1625449482.0,64.0
-39.73,1625449482.0,64.0
-43.1,1625449482.0,64.0
-43.06,1625449482.0,64.0
-39.21,1625449482.0,64.0
-31.96,1625449482.0,64.0
-22.37,1625449482.0,64.0
-11.77,1625449482.0,64.0
-1.52,1625449482.0,64.0
7.33,1625449482.0,64.0
14.07,1625449482.0,64.0
18.44,1625449482.0,64.0
20.58,1625449482.0,64.0
21.11,1625449482.0,64.0
21.0,1625449482.0,64.0
21.39,1625449482.0,64.0
23.22,1625449482.0,64.0
26.9,1625449482.0,64.0
32.05,1625449482.0,64.0
37.63,1625449482.0,64.0
42.29,1625449482.0,64.0
44.84,1625449482.0,64.0
44.69,1625449482.0,64.0
42.05,1625449482.0,64.0
37.76,1625449482.0,64.0
32.97,1625449482.0,64.0
28.74,1625449482.0,64.0
25.77,1625449482.0,64.0
24.24,1625449482.0,64.0
23.89,1625449482.0,64.0
24.17,1625449482.0,64.0
24.44,1625449482.0,64.0
24.12,1625449482.0,64.0
22.83,1625449482.0,64.0
20.52,1625449482.0,64.0
17.48,1625449482.0,64.0
14.33,1625449482.0,64.0
11.94,1625449482.0,64.0
11.13,1625449482.0,64.0
12.37,1625449482.0,64.0
15.53,1625449482.0,64.0
19.76,1625449482.0,64.0
23.66,1625449482.0,64.0
25.65,1625449482.0,64.0
24.4,1625449482.0,64.0
19.28,1625449482.0,64.0
10.46,1625449482.0,64.0
-1.13,1625449482.0,64.0
-14.13,1625449482.0,64.0
-27.0,1625449482.0,64.0
-38.42,1625449482.0,64.0
-47.52,1625449482.0,64.0
-53.98,1625449482.0,64.0
-58.07,1625449482.0,64.0
-60.38,1625449482.0,64.0
-61.6,1625449482.0,64.0
-62.15,1625449482.0,64.0
-62.03,1625449482.0,64.0
-60.98,1625449482.0,64.0
-58.74,1625449482.0,64.0
-55.47,1625449482.0,64.0
-51.83,1625449482.0,64.0
-48.95,1625449482.0,64.0
-47.93,1625449482.0,64.0
-49.42,1625449482.0,64.0
-53.27,1625449482.0,64.0
-58.63,1625449482.0,64.0
-64.19,1625449482.0,64.0
-68.7,1625449482.0,64.0
-71.29,1625449482.0,64.0
-71.65,1625449482.0,64.0
-69.93,1625449482.0,64.0
-66.55,1625449482.0,64.0
-62.07,1625449482.0,64.0
-57.04,1625449482.0,64.0
-51.88,1625449482.0,64.0
-46.84,1625449482.0,64.0
-41.93,1625449482.0,64.0
-36.88,1625449482.0,64.0
-31.26,1625449482.0,64.0
-24.71,1625449482.0,64.0
-17.13,1625449482.0,64.0
-8.84,1625449482.0,64.0
-0.49,1625449482.0,64.0
7.22,1625449482.0,64.0
13.77,1625449482.0,64.0
19.01,1625449482.0,64.0
23.05,1625449482.0,64.0
25.98,1625449482.0,64.0
27.71,1625449482.0,64.0
27.89,1625449482.0,64.0
26.12,1625449482.0,64.0
22.33,1625449482.0,64.0
17.11,1625449482.0,64.0
11.56,1625449482.0,64.0
7.09,1625449482.0,64.0
4.92,1625449482.0,64.0
5.61,1625449482.0,64.0
8.85,1625449482.0,64.0
13.6,1625449482.0,64.0
18.41,1625449482.0,64.0
22.02,1625449482.0,64.0
23.75,1625449482.0,64.0
23.89,1625449482.0,64.0
23.45,1625449482.0,64.0
24.05,1625449482.0,64.0
27.35,1625449482.0,64.0
34.68,1625449482.0,64.0
46.76,1625449482.0,64.0
63.33,1625449482.0,64.0
83.09,1625449482.0,64.0
103.74,1625449482.0,64.0
122.43,1625449482.0,64.0
136.41,1625449482.0,64.0
143.99,1625449482.0,64.0
144.95,1625449482.0,64.0
140.55,1625449482.0,64.0
132.86,1625449482.0,64.0
123.77,1625449482.0,64.0
114.28,1625449482.0,64.0
104.53,1625449482.0,64.0
94.26,1625449482.0,64.0
83.49,1625449482.0,64.0
72.95,1625449482.0,64.0
63.71,1625449482.0,64.0
56.58,1625449482.0,64.0
51.47,1625449482.0,64.0
47.39,1625449482.0,64.0
42.89,1625449482.0,64.0
36.8,1625449482.0,64.0
28.76,1625449482.0,64.0
19.31,1625449482.0,64.0
9.5,1625449482.0,64.0
0.33,1625449482.0,64.0
-7.72,1625449482.0,64.0
-14.7,1625449482.0,64.0
-21.09,1625449482.0,64.0
-27.26,1625449482.0,64.0
-33.17,1625449482.0,64.0
-38.3,1625449482.0,64.0
-41.74,1625449482.0,64.0
-42.63,1625449482.0,64.0
-40.55,1625449482.0,64.0
-35.69,1625449482.0,64.0
-28.83,1625449482.0,64.0
-20.95,1625449482.0,64.0
-12.92,1625449482.0,64.0
-5.22,1625449482.0,64.0
2.03,1625449482.0,64.0
8.8,1625449482.0,64.0
14.89,1625449482.0,64.0
19.84,1625449482.0,64.0
22.98,1625449482.0,64.0
23.82,1625449482.0,64.0
22.26,1625449482.0,64.0
18.78,1625449482.0,64.0
14.28,1625449482.0,64.0
9.9,1625449482.0,64.0
6.64,1625449482.0,64.0
5.14,1625449482.0,64.0
5.49,1625449482.0,64.0
7.3,1625449482.0,64.0
9.79,1625449482.0,64.0
12.14,1625449482.0,64.0
13.67,1625449482.0,64.0
14.04,1625449482.0,64.0
13.27,1625449482.0,64.0
11.54,1625449482.0,64.0
9.03,1625449482.0,64.0
5.86,1625449482.0,64.0
2.15,1625449482.0,64.0
-1.9,1625449482.0,64.0
-5.96,1625449482.0,64.0
-9.62,1625449482.0,64.0
-12.62,1625449482.0,64.0
-14.94,1625449482.0,64.0
-16.85,1625449482.0,64.0
-18.76,1625449482.0,64.0
-21.06,1625449482.0,64.0
-23.92,1625449482.0,64.0
-27.25,1625449482.0,64.0
-30.71,1625449482.0,64.0
-33.83,1625449482.0,64.0
-36.03,1625449482.0,64.0
-36.73,1625449482.0,64.0
-35.43,1625449482.0,64.0
-31.78,1625449482.0,64.0
-25.73,1625449482.0,64.0
-17.57,1625449482.0,64.0
-7.91,1625449482.0,64.0
2.45,1625449482.0,64.0
12.65,1625449482.0,64.0
21.87,1625449482.0,64.0
29.45,1625449482.0,64.0
34.87,1625449482.0,64.0
37.82,1625449482.0,64.0
38.22,1625449482.0,64.0
36.3,1625449482.0,64.0
32.68,1625449482.0,64.0
28.15,1625449482.0,64.0
23.55,1625449482.0,64.0
19.47,1625449482.0,64.0
16.07,1625449482.0,64.0
13.14,1625449482.0,64.0
10.25,1625449482.0,64.0
7.07,1625449482.0,64.0
3.56,1625449482.0,64.0
-0.08,1625449482.0,64.0
-3.52,1625449482.0,64.0
-6.5,1625449482.0,64.0
-9.04,1625449482.0,64.0
-11.32,1625449482.0,64.0
-13.56,1625449482.0,64.0
-15.93,1625449482.0,64.0
-18.51,1625449482.0,64.0
-21.36,1625449482.0,64.0
-24.56,1625449482.0,64.0
-28.17,1625449482.0,64.0
-32.05,1625449482.0,64.0
-35.78,1625449482.0,64.0
-38.69,1625449482.0,64.0
-40.09,1625449482.0,64.0
-39.61,1625449482.0,64.0
-37.5,1625449482.0,64.0
-34.53,1625449482.0,64.0
-31.71,1625449482.0,64.0
-29.77,1625449482.0,64.0
-28.82,1625449482.0,64.0
-28.35,1625449482.0,64.0
-27.49,1625449482.0,64.0
-25.43,1625449482.0,64.0
-21.81,1625449482.0,64.0
-16.82,1625449482.0,64.0
-11.02,1625449482.0,64.0
-5.01,1625449482.0,64.0
0.78,1625449482.0,64.0
6.23,1625449482.0,64.0
11.4,1625449482.0,64.0
16.31,1625449482.0,64.0
20.76,1625449482.0,64.0
24.33,1625449482.0,64.0
26.59,1625449482.0,64.0
27.35,1625449482.0,64.0
26.83,1625449482.0,64.0
25.62,1625449482.0,64.0
24.38,1625449482.0,64.0
23.55,1625449482.0,64.0
23.09,1625449482.0,64.0
22.57,1625449482.0,64.0
21.48,1625449482.0,64.0
19.53,1625449482.0,64.0
16.87,1625449482.0,64.0
14.0,1625449482.0,64.0
11.47,1625449482.0,64.0
9.57,1625449482.0,64.0
8.23,1625449482.0,64.0
7.09,1625449482.0,64.0
5.8,1625449482.0,64.0
4.22,1625449482.0,64.0
2.45,1625449482.0,64.0
0.69,1625449482.0,64.0
-0.9,1625449482.0,64.0
-2.34,1625449482.0,64.0
-3.84,1625449482.0,64.0
-5.6,1625449482.0,64.0
-7.74,1625449482.0,64.0
-10.2,1625449482.0,64.0
-12.84,1625449482.0,64.0
-15.51,1625449482.0,64.0
-18.08,1625449482.0,64.0
-20.39,1625449482.0,64.0
-22.14,1625449482.0,64.0
-22.93,1625449482.0,64.0
-22.37,1625449482.0,64.0
-20.18,1625449482.0,64.0
-16.4,1625449482.0,64.0
-11.38,1625449482.0,64.0
-5.65,1625449482.0,64.0
0.23,1625449482.0,64.0
5.84,1625449482.0,64.0
10.89,1625449482.0,64.0
15.25,1625449482.0,64.0
18.8,1625449482.0,64.0
21.4,1625449482.0,64.0
22.95,1625449482.0,64.0
23.42,1625449482.0,64.0
22.96,1625449482.0,64.0
21.85,1625449482.0,64.0
20.47,1625449482.0,64.0
19.14,1625449482.0,64.0
18.02,1625449482.0,64.0
17.11,1625449482.0,64.0
16.23,1625449482.0,64.0
15.17,1625449482.0,64.0
13.79,1625449482.0,64.0
12.05,1625449482.0,64.0
9.99,1625449482.0,64.0
7.73,1625449482.0,64.0
5.36,1625449482.0,64.0
2.97,1625449482.0,64.0
0.63,1625449482.0,64.0
-1.6,1625449482.0,64.0
-3.7,1625449482.0,64.0
-5.68,1625449482.0,64.0
-7.62,1625449482.0,64.0
-9.6,1625449482.0,64.0
-11.66,1625449482.0,64.0
-13.82,1625449482.0,64.0
-16.04,1625449482.0,64.0
-18.31,1625449482.0,64.0
-20.69,1625449482.0,64.0
-23.33,1625449482.0,64.0
-26.27,1625449482.0,64.0
-29.36,1625449482.0,64.0
-32.16,1625449482.0,64.0
-34.01,1625449482.0,64.0
-34.3,1625449482.0,64.0
-32.67,1625449482.0,64.0
-29.17,1625449482.0,64.0
-24.23,1625449482.0,64.0
-18.4,1625449482.0,64.0
-12.2,1625449482.0,64.0
-5.93,1625449482.0,64.0
0.31,1625449482.0,64.0
6.42,1625449482.0,64.0
12.2,1625449482.0,64.0
17.23,1625449482.0,64.0
21.08,1625449482.0,64.0
23.37,1625449482.0,64.0
24.01,1625449482.0,64.0
23.22,1625449482.0,64.0
21.44,1625449482.0,64.0
19.2,1625449482.0,64.0
16.99,1625449482.0,64.0
15.11,1625449482.0,64.0
13.68,1625449482.0,64.0
12.66,1625449482.0,64.0
11.85,1625449482.0,64.0
11.03,1625449482.0,64.0
10.05,1625449482.0,64.0
8.83,1625449482.0,64.0
7.42,1625449482.0,64.0
5.89,1625449482.0,64.0
4.25,1625449482.0,64.0
2.46,1625449482.0,64.0
0.42,1625449482.0,64.0
-1.9,1625449482.0,64.0
-4.34,1625449482.0,64.0
-6.63,1625449482.0,64.0
-8.48,1625449482.0,64.0
-9.78,1625449482.0,64.0
-10.68,1625449482.0,64.0
-11.54,1625449482.0,64.0
-12.72,1625449482.0,64.0
-14.43,1625449482.0,64.0
-16.66,1625449482.0,64.0
-19.19,1625449482.0,64.0
-21.74,1625449482.0,64.0
-24.03,1625449482.0,64.0
-25.81,1625449482.0,64.0
-26.78,1625449482.0,64.0
-26.66,1625449482.0,64.0
-25.22,1625449482.0,64.0
-22.36,1625449482.0,64.0
-18.21,1625449482.0,64.0
-13.09,1625449482.0,64.0
-7.38,1625449482.0,64.0
-1.42,1625449482.0,64.0
4.53,1625449482.0,64.0
10.22,1625449482.0,64.0
15.38,1625449482.0,64.0
19.63,1625449482.0,64.0
22.59,1625449482.0,64.0
24.01,1625449482.0,64.0
23.94,1625449482.0,64.0
22.74,1625449482.0,64.0
21.02,1625449482.0,64.0
19.38,1625449482.0,64.0
18.21,1625449482.0,64.0
17.55,1625449482.0,64.0
17.02,1625449482.0,64.0
16.03,1625449482.0,64.0
14.05,1625449482.0,64.0
10.86,1625449482.0,64.0
6.82,1625449482.0,64.0
2.76,1625449482.0,64.0
-0.22,1625449482.0,64.0
-1.24,1625449482.0,64.0
0.06,1625449482.0,64.0
3.32,1625449482.0,64.0
7.53,1625449482.0,64.0
11.38,1625449482.0,64.0
13.73,1625449482.0,64.0
13.93,1625449482.0,64.0
11.91,1625449482.0,64.0
8.08,1625449482.0,64.0
3.02,1625449482.0,64.0
-2.76,1625449482.0,64.0
-8.89,1625449482.0,64.0
-15.18,1625449482.0,64.0
-21.46,1625449482.0,64.0
-27.48,1625449482.0,64.0
-32.93,1625449482.0,64.0
-37.46,1625449482.0,64.0
-40.78,1625449482.0,64.0
-42.68,1625449482.0,64.0
-43.05,1625449482.0,64.0
-41.84,1625449482.0,64.0
-39.06,1625449482.0,64.0
-34.8,1625449482.0,64.0
-29.28,1625449482.0,64.0
-22.82,1625449482.0,64.0
-15.84,1625449482.0,64.0
-8.8,1625449482.0,64.0
-2.06,1625449482.0,64.0
4.06,1625449482.0,64.0
9.32,1625449482.0,64.0
13.56,1625449482.0,64.0
16.69,1625449482.0,64.0
18.71,1625449482.0,64.0
19.78,1625449482.0,64.0
20.14,1625449482.0,64.0
20.09,1625449482.0,64.0
19.87,1625449482.0,64.0
19.59,1625449482.0,64.0
19.23,1625449482.0,64.0
18.69,1625449482.0,64.0
17.84,1625449482.0,64.0
16.62,1625449482.0,64.0
15.04,1625449482.0,64.0
13.15,1625449482.0,64.0
11.0,1625449482.0,64.0
8.6,1625449482.0,64.0
5.84,1625449482.0,64.0
2.57,1625449482.0,64.0
-1.36,1625449482.0,64.0
-5.97,1625449482.0,64.0
-11.04,1625449482.0,64.0
-16.1,1625449482.0,64.0
-20.39,1625449482.0,64.0
-23.17,1625449482.0,64.0
-23.85,1625449482.0,64.0
-22.3,1625449482.0,64.0
-18.92,1625449482.0,64.0
-14.58,1625449482.0,64.0
-10.3,1625449482.0,64.0
-7.02,1625449482.0,64.0
-5.33,1625449482.0,64.0
-5.41,1625449482.0,64.0
-7.18,1625449482.0,64.0
-10.35,1625449482.0,64.0
-14.54,1625449482.0,64.0
-19.24,1625449482.0,64.0
-23.8,1625449482.0,64.0
-27.46,1625449482.0,64.0
-29.47,1625449482.0,64.0
-29.28,1625449482.0,64.0
-26.75,1625449482.0,64.0
-22.2,1625449482.0,64.0
-16.24,1625449482.0,64.0
-9.53,1625449482.0,64.0
-2.64,1625449482.0,64.0
4.14,1625449482.0,64.0
10.61,1625449482.0,64.0
16.58,1625449482.0,64.0
21.74,1625449482.0,64.0
25.64,1625449482.0,64.0
27.86,1625449482.0,64.0
28.23,1625449482.0,64.0
26.96,1625449482.0,64.0
24.68,1625449482.0,64.0
22.22,1625449482.0,64.0
20.33,1625449482.0,64.0
19.46,1625449482.0,64.0
19.58,1625449482.0,64.0
20.32,1625449482.0,64.0
21.14,1625449482.0,64.0
21.57,1625449482.0,64.0
21.35,1625449482.0,64.0
20.42,1625449482.0,64.0
18.84,1625449482.0,64.0
16.68,1625449482.0,64.0
13.96,1625449482.0,64.0
10.72,1625449482.0,64.0
6.99,1625449482.0,64.0
2.89,1625449482.0,64.0
-1.4,1625449482.0,64.0
-5.63,1625449482.0,64.0
-9.59,1625449482.0,64.0
-13.07,1625449482.0,64.0
-15.99,1625449482.0,64.0
-18.4,1625449482.0,64.0
-20.37,1625449482.0,64.0
-22.03,1625449482.0,64.0
-23.44,1625449482.0,64.0
-24.66,1625449482.0,64.0
-25.76,1625449482.0,64.0
-26.83,1625449482.0,64.0
-27.93,1625449482.0,64.0
-29.04,1625449482.0,64.0
-29.91,1625449482.0,64.0
-30.15,1625449482.0,64.0
-29.29,1625449482.0,64.0
-27.03,1625449482.0,64.0
-23.39,1625449482.0,64.0
-18.65,1625449482.0,64.0
-13.26,1625449482.0,64.0
-7.59,1625449482.0,64.0
-1.82,1625449482.0,64.0
4.04,1625449482.0,64.0
9.96,1625449482.0,64.0
15.73,1625449482.0,64.0
20.92,1625449482.0,64.0
24.99,1625449482.0,64.0
27.48,1625449482.0,64.0
28.24,1625449482.0,64.0
27.47,1625449482.0,64.0
25.67,1625449482.0,64.0
23.45,1625449482.0,64.0
21.31,1625449482.0,64.0
19.53,1625449482.0,64.0
18.12,1625449482.0,64.0
16.93,1625449482.0,64.0
15.73,1625449482.0,64.0
14.31,1625449482.0,64.0
12.59,1625449482.0,64.0
10.55,1625449482.0,64.0
8.24,1625449482.0,64.0
5.75,1625449482.0,64.0
3.12,1625449482.0,64.0
0.39,1625449482.0,64.0
-2.35,1625449482.0,64.0
-4.98,1625449482.0,64.0
-7.31,1625449482.0,64.0
-9.14,1625449482.0,64.0
-10.41,1625449482.0,64.0
-11.2,1625449482.0,64.0
-11.78,1625449482.0,64.0
-12.52,1625449482.0,64.0
-13.73,1625449482.0,64.0
-15.54,1625449482.0,64.0
-17.9,1625449482.0,64.0
-20.66,1625449482.0,64.0
-23.64,1625449482.0,64.0
-26.68,1625449482.0,64.0
-29.58,1625449482.0,64.0
-32.08,1625449482.0,64.0
-33.75,1625449482.0,64.0
-34.1,1625449482.0,64.0
-32.7,1625449482.0,64.0
-29.36,1625449482.0,64.0
-24.29,1625449482.0,64.0
-18.0,1625449482.0,64.0
-11.13,1625449482.0,64.0
-4.3,1625449482.0,64.0
2.1,1625449482.0,64.0
7.87,1625449482.0,64.0
12.88,1625449482.0,64.0
16.96,1625449482.0,64.0
19.92,1625449482.0,64.0
21.62,1625449482.0,64.0
22.13,1625449482.0,64.0
21.79,1625449482.0,64.0
21.08,1625449482.0,64.0
20.47,1625449482.0,64.0
20.15,1625449482.0,64.0
20.04,1625449482.0,64.0
19.81,1625449482.0,64.0
19.12,1625449482.0,64.0
17.8,1625449482.0,64.0
15.96,1625449482.0,64.0
13.88,1625449482.0,64.0
11.86,1625449482.0,64.0
10.08,1625449482.0,64.0
8.54,1625449482.0,64.0
7.06,1625449482.0,64.0
5.41,1625449482.0,64.0
3.43,1625449482.0,64.0
1.11,1625449482.0,64.0
-1.41,1625449482.0,64.0
-3.94,1625449482.0,64.0
-6.36,1625449482.0,64.0
-8.71,1625449482.0,64.0
-11.11,1625449482.0,64.0
-13.76,1625449482.0,64.0
-16.71,1625449482.0,64.0
-19.87,1625449482.0,64.0
-23.07,1625449482.0,64.0
-26.12,1625449482.0,64.0
-28.89,1625449482.0,64.0
-31.29,1625449482.0,64.0
-33.18,1625449482.0,64.0
-34.27,1625449482.0,64.0
-34.21,1625449482.0,64.0
-32.65,1625449482.0,64.0
-29.46,1625449482.0,64.0
-24.78,1625449482.0,64.0
-19.01,1625449482.0,64.0
-12.65,1625449482.0,64.0
-6.15,1625449482.0,64.0
0.18,1625449482.0,64.0
6.13,1625449482.0,64.0
11.51,1625449482.0,64.0
16.07,1625449482.0,64.0
19.58,1625449482.0,64.0
21.9,1625449482.0,64.0
23.11,1625449482.0,64.0
23.51,1625449482.0,64.0
23.54,1625449482.0,64.0
23.58,1625449482.0,64.0
23.84,1625449482.0,64.0
24.26,1625449482.0,64.0
24.62,1625449482.0,64.0
24.67,1625449482.0,64.0
24.24,1625449482.0,64.0
23.3,1625449482.0,64.0
21.96,1625449482.0,64.0
20.3,1625449482.0,64.0
18.41,1625449482.0,64.0
16.31,1625449482.0,64.0
14.0,1625449482.0,64.0
11.52,1625449482.0,64.0
8.92,1625449482.0,64.0
6.28,1625449482.0,64.0
3.67,1625449482.0,64.0
1.1,1625449482.0,64.0
-1.47,1625449482.0,64.0
-4.08,1625449482.0,64.0
-6.81,1625449482.0,64.0
-9.73,1625449482.0,64.0
-12.84,1625449482.0,64.0
-16.12,1625449482.0,64.0
-19.48,1625449482.0,64.0
-22.79,1625449482.0,64.0
-25.93,1625449482.0,64.0
-28.8,1625449482.0,64.0
-31.35,1625449482.0,64.0
-33.49,1625449482.0,64.0
-35.06,1625449482.0,64.0
-35.76,1625449482.0,64.0
-35.23,1625449482.0,64.0
-33.15,1625449482.0,64.0
-29.42,1625449482.0,64.0
-24.19,1625449482.0,64.0
-17.83,1625449482.0,64.0
-10.86,1625449482.0,64.0
-3.73,1625449482.0,64.0
3.19,1625449482.0,64.0
9.65,1625449482.0,64.0
15.41,1625449482.0,64.0
20.18,1625449482.0,64.0
23.66,1625449482.0,64.0
25.69,1625449482.0,64.0
26.3,1625449482.0,64.0
25.85,1625449482.0,64.0
24.9,1625449482.0,64.0
24.01,1625449482.0,64.0
23.56,1625449482.0,64.0
23.58,1625449482.0,64.0
23.83,1625449482.0,64.0
23.92,1625449482.0,64.0
23.59,1625449482.0,64.0
22.73,1625449482.0,64.0
21.43,1625449482.0,64.0
19.84,1625449482.0,64.0
18.04,1625449482.0,64.0
16.03,1625449482.0,64.0
13.78,1625449482.0,64.0
11.32,1625449482.0,64.0
8.74,1625449482.0,64.0
6.2,1625449482.0,64.0
3.8,1625449482.0,64.0
1.52,1625449482.0,64.0
-0.75,1625449482.0,64.0
-3.15,1625449482.0,64.0
-5.79,1625449482.0,64.0
-8.67,1625449482.0,64.0
-11.73,1625449482.0,64.0
-14.94,1625449482.0,64.0
-18.24,1625449482.0,64.0
-21.58,1625449482.0,64.0
-24.91,1625449482.0,64.0
-28.14,1625449482.0,64.0
-31.19,1625449482.0,64.0
-33.93,1625449482.0,64.0
-36.24,1625449482.0,64.0
-37.86,1625449482.0,64.0
-38.45,1625449482.0,64.0
-37.62,1625449482.0,64.0
-35.07,1625449482.0,64.0
-30.75,1625449482.0,64.0
-24.94,1625449482.0,64.0
-18.17,1625449482.0,64.0
-11.08,1625449482.0,64.0
-4.2,1625449482.0,64.0
2.13,1625449482.0,64.0
7.73,1625449482.0,64.0
12.5,1625449482.0,64.0
16.34,1625449482.0,64.0
19.1,1625449482.0,64.0
20.7,1625449482.0,64.0
21.21,1625449482.0,64.0
20.92,1625449482.0,64.0
20.24,1625449482.0,64.0
19.54,1625449482.0,64.0
19.06,1625449482.0,64.0
18.79,1625449482.0,64.0
18.55,1625449482.0,64.0
18.12,1625449482.0,64.0
17.36,1625449482.0,64.0
16.26,1625449482.0,64.0
14.93,1625449482.0,64.0
13.45,1625449482.0,64.0
11.85,1625449482.0,64.0
10.04,1625449482.0,64.0
7.98,1625449482.0,64.0
5.68,1625449482.0,64.0
3.24,1625449482.0,64.0
0.84,1625449482.0,64.0
-1.37,1625449482.0,64.0
-3.35,1625449482.0,64.0
-5.16,1625449482.0,64.0
-6.91,1625449482.0,64.0
-8.68,1625449482.0,64.0
-10.48,1625449482.0,64.0
-12.25,1625449482.0,64.0
-13.93,1625449482.0,64.0
-15.52,1625449482.0,64.0
-17.09,1625449482.0,64.0
-18.75,1625449482.0,64.0
-20.6,1625449482.0,64.0
-22.7,1625449482.0,64.0
-24.97,1625449482.0,64.0
-27.19,1625449482.0,64.0
-28.98,1625449482.0,64.0
-29.83,1625449482.0,64.0
-29.25,1625449482.0,64.0
-26.91,1625449482.0,64.0
-22.77,1625449482.0,64.0
-17.14,1625449482.0,64.0
-10.58,1625449482.0,64.0
-3.76,1625449482.0,64.0
2.78,1625449482.0,64.0
8.68,1625449482.0,64.0
13.77,1625449482.0,64.0
18.03,1625449482.0,64.0
21.41,1625449482.0,64.0
23.86,1625449482.0,64.0
25.36,1625449482.0,64.0
25.98,1625449482.0,64.0
25.98,1625449482.0,64.0
25.73,1625449482.0,64.0
25.61,1625449482.0,64.0
25.85,1625449482.0,64.0
26.44,1625449482.0,64.0
27.09,1625449482.0,64.0
27.38,1625449482.0,64.0
26.95,1625449482.0,64.0
25.59,1625449482.0,64.0
23.41,1625449482.0,64.0
20.71,1625449482.0,64.0
17.93,1625449482.0,64.0
15.41,1625449482.0,64.0
13.31,1625449482.0,64.0
11.59,1625449482.0,64.0
10.01,1625449482.0,64.0
8.32,1625449482.0,64.0
6.39,1625449482.0,64.0
4.25,1625449482.0,64.0
2.07,1625449482.0,64.0
0.04,1625449482.0,64.0
-1.73,1625449482.0,64.0
-3.3,1625449482.0,64.0
-4.85,1625449482.0,64.0
-6.58,1625449482.0,64.0
-8.58,1625449482.0,64.0
-10.82,1625449482.0,64.0
-13.16,1625449482.0,64.0
-15.5,1625449482.0,64.0
-17.72,1625449482.0,64.0
-19.73,1625449482.0,64.0
-21.33,1625449482.0,64.0
-22.23,1625449482.0,64.0
-22.07,1625449482.0,64.0
-20.48,1625449482.0,64.0
-17.24,1625449482.0,64.0
-12.41,1625449482.0,64.0
-6.29,1625449482.0,64.0
0.57,1625449482.0,64.0
7.48,1625449482.0,64.0
13.71,1625449482.0,64.0
18.65,1625449482.0,64.0
21.9,1625449482.0,64.0
23.41,1625449482.0,64.0
23.45,1625449482.0,64.0
22.59,1625449482.0,64.0
21.51,1625449482.0,64.0
20.77,1625449482.0,64.0
20.67,1625449482.0,64.0
21.19,1625449482.0,64.0
22.05,1625449482.0,64.0
22.88,1625449482.0,64.0
23.33,1625449482.0,64.0
23.23,1625449482.0,64.0
22.56,1625449482.0,64.0
21.47,1625449482.0,64.0
20.14,1625449482.0,64.0
18.71,1625449482.0,64.0
17.18,1625449482.0,64.0
15.43,1625449482.0,64.0
13.24,1625449482.0,64.0
10.43,1625449482.0,64.0
6.93,1625449482.0,64.0
2.9,1625449482.0,64.0
-1.32,1625449482.0,64.0
-5.21,1625449482.0,64.0
-8.33,1625449482.0,64.0
-10.38,1625449482.0,64.0
-11.39,1625449482.0,64.0
-11.61,1625449482.0,64.0
-11.5,1625449482.0,64.0
-11.51,1625449482.0,64.0
-11.98,1625449482.0,64.0
-13.02,1625449482.0,64.0
-14.41,1625449482.0,64.0
-15.67,1625449482.0,64.0
-16.13,1625449482.0,64.0
-15.15,1625449482.0,64.0
-12.29,1625449482.0,64.0
-7.6,1625449482.0,64.0
-1.57,1625449482.0,64.0
4.9,1625449482.0,64.0
10.73,1625449482.0,64.0
15.01,1625449482.0,64.0
17.17,1625449482.0,64.0
17.22,1625449482.0,64.0
15.66,1625449482.0,64.0
13.32,1625449482.0,64.0
11.14,1625449482.0,64.0
9.9,1625449482.0,64.0
9.99,1625449482.0,64.0
11.37,1625449482.0,64.0
13.6,1625449482.0,64.0
16.06,1625449482.0,64.0
18.15,1625449482.0,64.0
19.48,1625449482.0,64.0
19.93,1625449482.0,64.0
19.59,1625449482.0,64.0
18.65,1625449482.0,64.0
17.3,1625449482.0,64.0
15.7,1625449482.0,64.0
14.01,1625449482.0,64.0
12.36,1625449482.0,64.0
10.98,1625449482.0,64.0
10.12,1625449482.0,64.0
10.09,1625449482.0,64.0
11.1,1625449482.0,64.0
13.19,1625449482.0,64.0
16.13,1625449482.0,64.0
19.44,1625449482.0,64.0
22.49,1625449482.0,64.0
24.72,1625449482.0,64.0
25.84,1625449482.0,64.0
25.84,1625449482.0,64.0
24.9,1625449482.0,64.0
23.25,1625449482.0,64.0
21.06,1625449482.0,64.0
18.59,1625449482.0,64.0
16.29,1625449482.0,64.0
14.75,1625449482.0,64.0
14.42,1625449482.0,64.0
15.26,1625449482.0,64.0
16.52,1625449482.0,64.0
16.93,1625449482.0,64.0
15.26,1625449482.0,64.0
10.89,1625449482.0,64.0
4.27,1625449482.0,64.0
-3.36,1625449482.0,64.0
-10.51,1625449482.0,64.0
-16.16,1625449482.0,64.0
-20.17,1625449482.0,64.0
-23.2,1625449482.0,64.0
-26.32,1625449482.0,64.0
-30.37,1625449482.0,64.0
-35.6,1625449482.0,64.0
-41.51,1625449482.0,64.0
-47.07,1625449482.0,64.0
-51.06,1625449482.0,64.0
-52.52,1625449482.0,64.0
-51.09,1625449482.0,64.0
-47.15,1625449482.0,64.0
-41.67,1625449482.0,64.0
-35.9,1625449482.0,64.0
-30.99,1625449482.0,64.0
-27.67,1625449482.0,64.0
-26.18,1625449482.0,64.0
-26.29,1625449482.0,64.0
-27.56,1625449482.0,64.0
-29.48,1625449482.0,64.0
-31.63,1625449482.0,64.0
-33.62,1625449482.0,64.0
-35.12,1625449482.0,64.0
-35.86,1625449482.0,64.0
-35.6,1625449482.0,64.0
-34.3,1625449482.0,64.0
-32.14,1625449482.0,64.0
-29.54,1625449482.0,64.0
-27.05,1625449482.0,64.0
-25.29,1625449482.0,64.0
-24.66,1625449482.0,64.0
-25.35,1625449482.0,64.0
-27.32,1625449482.0,64.0
-30.4,1625449482.0,64.0
-34.38,1625449482.0,64.0
-39.09,1625449482.0,64.0
-44.24,1625449482.0,64.0
-49.46,1625449482.0,64.0
-54.14,1625449482.0,64.0
-57.46,1625449482.0,64.0
-58.63,1625449482.0,64.0
-56.97,1625449482.0,64.0
-52.25,1625449482.0,64.0
-44.72,1625449482.0,64.0
-35.05,1625449482.0,64.0
-24.21,1625449482.0,64.0
-13.18,1625449482.0,64.0
-2.82,1625449482.0,64.0
6.26,1625449482.0,64.0
13.68,1625449482.0,64.0
19.25,1625449482.0,64.0
22.93,1625449482.0,64.0
24.85,1625449482.0,64.0
25.36,1625449482.0,64.0
24.98,1625449482.0,64.0
24.32,1625449482.0,64.0
23.92,1625449482.0,64.0
24.08,1625449482.0,64.0
24.8,1625449482.0,64.0
25.86,1625449482.0,64.0
26.94,1625449482.0,64.0
27.8,1625449482.0,64.0
28.33,1625449482.0,64.0
28.58,1625449482.0,64.0
28.64,1625449482.0,64.0
28.54,1625449482.0,64.0
28.19,1625449482.0,64.0
27.36,1625449482.0,64.0
25.84,1625449482.0,64.0
23.54,1625449482.0,64.0
20.6,1625449482.0,64.0
17.3,1625449482.0,64.0
14.05,1625449482.0,64.0
11.12,1625449482.0,64.0
8.56,1625449482.0,64.0
6.2,1625449482.0,64.0
3.67,1625449482.0,64.0
0.66,1625449482.0,64.0
-3.0,1625449482.0,64.0
-7.25,1625449482.0,64.0
-11.86,1625449482.0,64.0
-16.52,1625449482.0,64.0
-20.96,1625449482.0,64.0
-24.89,1625449482.0,64.0
-28.0,1625449482.0,64.0
-29.84,1625449482.0,64.0
-29.95,1625449482.0,64.0
-27.97,1625449482.0,64.0
-23.83,1625449482.0,64.0
-17.81,1625449482.0,64.0
-10.53,1625449482.0,64.0
-2.72,1625449482.0,64.0
4.94,1625449482.0,64.0
11.98,1625449482.0,64.0
18.11,1625449482.0,64.0
23.12,1625449482.0,64.0
26.86,1625449482.0,64.0
29.23,1625449482.0,64.0
30.34,1625449482.0,64.0
30.54,1625449482.0,64.0
30.31,1625449482.0,64.0
30.18,1625449482.0,64.0
30.47,1625449482.0,64.0
31.15,1625449482.0,64.0
31.94,1625449482.0,64.0
32.44,1625449482.0,64.0
32.29,1625449482.0,64.0
31.31,1625449482.0,64.0
29.52,1625449482.0,64.0
27.02,1625449482.0,64.0
23.96,1625449482.0,64.0
20.49,1625449482.0,64.0
16.75,1625449482.0,64.0
12.88,1625449482.0,64.0
9.03,1625449482.0,64.0
5.32,1625449482.0,64.0
1.8,1625449482.0,64.0
-1.5,1625449482.0,64.0
-4.65,1625449482.0,64.0
-7.73,1625449482.0,64.0
-10.86,1625449482.0,64.0
-14.14,1625449482.0,64.0
-17.67,1625449482.0,64.0
-21.5,1625449482.0,64.0
-25.56,1625449482.0,64.0
-29.66,1625449482.0,64.0
-33.48,1625449482.0,64.0
-36.57,1625449482.0,64.0
-38.45,1625449482.0,64.0
-38.71,1625449482.0,64.0
-37.12,1625449482.0,64.0
-33.66,1625449482.0,64.0
-28.54,1625449482.0,64.0
-22.13,1625449482.0,64.0
-14.87,1625449482.0,64.0
-7.21,1625449482.0,64.0
0.46,1625449482.0,64.0
7.75,1625449482.0,64.0
14.29,1625449482.0,64.0
19.71,1625449482.0,64.0
23.69,1625449482.0,64.0
26.06,1625449482.0,64.0
26.92,1625449482.0,64.0
26.63,1625449482.0,64.0
25.71,1625449482.0,64.0
24.69,1625449482.0,64.0
23.93,1625449482.0,64.0
23.53,1625449482.0,64.0
23.35,1625449482.0,64.0
23.11,1625449482.0,64.0
22.6,1625449482.0,64.0
21.7,1625449482.0,64.0
20.42,1625449482.0,64.0
18.84,1625449482.0,64.0
17.02,1625449482.0,64.0
14.95,1625449482.0,64.0
12.56,1625449482.0,64.0
9.83,1625449482.0,64.0
6.75,1625449482.0,64.0
3.48,1625449482.0,64.0
0.22,1625449482.0,64.0
-2.84,1625449482.0,64.0
-5.6,1625449482.0,64.0
-8.19,1625449482.0,64.0
-10.88,1625449482.0,64.0
-13.96,1625449482.0,64.0
-17.66,1625449482.0,64.0
-21.94,1625449482.0,64.0
-26.57,1625449482.0,64.0
-31.17,1625449482.0,64.0
-35.29,1625449482.0,64.0
-38.49,1625449482.0,64.0
-40.38,1625449482.0,64.0
-40.59,1625449482.0,64.0
-38.91,1625449482.0,64.0
-35.29,1625449482.0,64.0
-29.93,1625449482.0,64.0
-23.25,1625449482.0,64.0
-15.72,1625449482.0,64.0
-7.77,1625449482.0,64.0
0.32,1625449482.0,64.0
8.38,1625449482.0,64.0
16.18,1625449482.0,64.0
23.28,1625449482.0,64.0
29.07,1625449482.0,64.0
32.98,1625449482.0,64.0
34.71,1625449482.0,64.0
34.49,1625449482.0,64.0
33.03,1625449482.0,64.0
31.26,1625449482.0,64.0
29.99,1625449482.0,64.0
29.55,1625449482.0,64.0
29.71,1625449482.0,64.0
29.79,1625449482.0,64.0
28.99,1625449482.0,64.0
26.7,1625449482.0,64.0
22.79,1625449482.0,64.0
17.56,1625449482.0,64.0
11.64,1625449482.0,64.0
5.73,1625449482.0,64.0
0.35,1625449482.0,64.0
-4.17,1625449482.0,64.0
-7.74,1625449482.0,64.0
-10.38,1625449482.0,64.0
-12.15,1625449482.0,64.0
-13.14,1625449482.0,64.0
-13.52,1625449482.0,64.0
-13.58,1625449482.0,64.0
-13.73,1625449482.0,64.0
-14.4,1625449482.0,64.0
-15.92,1625449482.0,64.0
-18.43,1625449482.0,64.0
-21.88,1625449482.0,64.0
-26.06,1625449482.0,64.0
-30.74,1625449482.0,64.0
-35.65,1625449482.0,64.0
-40.48,1625449482.0,64.0
-44.79,1625449482.0,64.0
-47.98,1625449482.0,64.0
-49.36,1625449482.0,64.0
-48.34,1625449482.0,64.0
-44.63,1625449482.0,64.0
-38.34,1625449482.0,64.0
-29.95,1625449482.0,64.0
-20.19,1625449482.0,64.0
-9.79,1625449482.0,64.0
0.64,1625449482.0,64.0
10.61,1625449482.0,64.0
19.69,1625449482.0,64.0
27.46,1625449482.0,64.0
33.49,1625449482.0,64.0
37.45,1625449482.0,64.0
39.28,1625449482.0,64.0
39.25,1625449482.0,64.0
37.96,1625449482.0,64.0
36.14,1625449482.0,64.0
34.41,1625449482.0,64.0
33.15,1625449482.0,64.0
32.34,1625449482.0,64.0
31.73,1625449482.0,64.0
30.92,1625449482.0,64.0
29.62,1625449482.0,64.0
27.72,1625449482.0,64.0
25.31,1625449482.0,64.0
22.62,1625449482.0,64.0
19.84,1625449482.0,64.0
17.08,1625449482.0,64.0
14.32,1625449482.0,64.0
11.48,1625449482.0,64.0
8.5,1625449482.0,64.0
5.4,1625449482.0,64.0
2.26,1625449482.0,64.0
-0.81,1625449482.0,64.0
-3.74,1625449482.0,64.0
-6.53,1625449482.0,64.0
-9.24,1625449482.0,64.0
-11.91,1625449482.0,64.0
-14.56,1625449482.0,64.0
-17.16,1625449482.0,64.0
-19.69,1625449482.0,64.0
-22.21,1625449482.0,64.0
-24.85,1625449482.0,64.0
-27.84,1625449482.0,64.0
-31.28,1625449482.0,64.0
-35.1,1625449482.0,64.0
-38.89,1625449482.0,64.0
-41.98,1625449482.0,64.0
-43.64,1625449482.0,64.0
-43.31,1625449482.0,64.0
-40.77,1625449482.0,64.0
-36.18,1625449482.0,64.0
-30.0,1625449482.0,64.0
-22.74,1625449482.0,64.0
-14.84,1625449482.0,64.0
-6.6,1625449482.0,64.0
1.75,1625449482.0,64.0
9.88,1625449482.0,64.0
17.33,1625449482.0,64.0
23.6,1625449482.0,64.0
28.3,1625449482.0,64.0
31.35,1625449482.0,64.0
32.99,1625449482.0,64.0
33.69,1625449482.0,64.0
33.96,1625449482.0,64.0
34.11,1625449482.0,64.0
34.16,1625449482.0,64.0
33.9,1625449482.0,64.0
33.07,1625449482.0,64.0
31.54,1625449482.0,64.0
29.44,1625449482.0,64.0
27.1,1625449482.0,64.0
24.9,1625449482.0,64.0
23.08,1625449482.0,64.0
21.69,1625449482.0,64.0
20.56,1625449482.0,64.0
19.38,1625449482.0,64.0
17.91,1625449482.0,64.0
16.04,1625449482.0,64.0
13.83,1625449482.0,64.0
11.39,1625449482.0,64.0
8.85,1625449482.0,64.0
6.24,1625449482.0,64.0
3.51,1625449482.0,64.0
0.6,1625449482.0,64.0
-2.53,1625449482.0,64.0
-5.77,1625449482.0,64.0
-8.98,1625449482.0,64.0
-12.04,1625449482.0,64.0
-14.89,1625449482.0,64.0
-17.59,1625449482.0,64.0
-20.28,1625449482.0,64.0
-23.1,1625449482.0,64.0
-26.16,1625449482.0,64.0
-29.59,1625449482.0,64.0
-33.51,1625449482.0,64.0
-37.99,1625449482.0,64.0
-42.91,1625449482.0,64.0
-47.84,1625449482.0,64.0
-52.05,1625449482.0,64.0
-54.68,1625449482.0,64.0
-55.02,1625449482.0,64.0
-52.74,1625449482.0,64.0
-47.95,1625449482.0,64.0
-41.11,1625449482.0,64.0
-32.79,1625449482.0,64.0
-23.5,1625449482.0,64.0
-13.62,1625449482.0,64.0
-3.52,1625449482.0,64.0
6.34,1625449482.0,64.0
15.43,1625449482.0,64.0
23.17,1625449482.0,64.0
29.16,1625449482.0,64.0
33.3,1625449482.0,64.0
35.78,1625449482.0,64.0
37.0,1625449482.0,64.0
37.45,1625449482.0,64.0
37.49,1625449482.0,64.0
37.3,1625449482.0,64.0
36.88,1625449482.0,64.0
36.09,1625449482.0,64.0
34.78,1625449482.0,64.0
32.92,1625449482.0,64.0
30.61,1625449482.0,64.0
28.13,1625449482.0,64.0
25.76,1625449482.0,64.0
23.69,1625449482.0,64.0
21.93,1625449482.0,64.0
20.26,1625449482.0,64.0
18.39,1625449482.0,64.0
16.09,1625449482.0,64.0
13.34,1625449482.0,64.0
10.3,1625449482.0,64.0
7.28,1625449482.0,64.0
4.47,1625449482.0,64.0
1.9,1625449482.0,64.0
-0.62,1625449482.0,64.0
-3.33,1625449482.0,64.0
-6.39,1625449482.0,64.0
-9.75,1625449482.0,64.0
-13.21,1625449482.0,64.0
-16.51,1625449482.0,64.0
-19.47,1625449482.0,64.0
-22.07,1625449482.0,64.0
-24.44,1625449482.0,64.0
-26.77,1625449482.0,64.0
-29.24,1625449482.0,64.0
-31.99,1625449482.0,64.0
-35.07,1625449482.0,64.0
-38.5,1625449482.0,64.0
-42.23,1625449482.0,64.0
-46.06,1625449482.0,64.0
-49.59,1625449482.0,64.0
-52.26,1625449482.0,64.0
-53.44,1625449482.0,64.0
-52.64,1625449482.0,64.0
-49.6,1625449482.0,64.0
-44.44,1625449482.0,64.0
-37.61,1625449482.0,64.0
-29.74,1625449482.0,64.0
-21.39,1625449482.0,64.0
-12.98,1625449482.0,64.0
-4.67,1625449482.0,64.0
3.5,1625449482.0,64.0
11.44,1625449482.0,64.0
18.87,1625449482.0,64.0
25.34,1625449482.0,64.0
30.39,1625449482.0,64.0
33.8,1625449482.0,64.0
35.66,1625449482.0,64.0
36.42,1625449482.0,64.0
36.62,1625449482.0,64.0
36.72,1625449482.0,64.0
36.86,1625449482.0,64.0
36.88,1625449482.0,64.0
36.52,1625449482.0,64.0
35.61,1625449482.0,64.0
34.19,1625449482.0,64.0
32.5,1625449482.0,64.0
30.83,1625449482.0,64.0
29.35,1625449482.0,64.0
27.98,1625449482.0,64.0
26.53,1625449482.0,64.0
24.71,1625449482.0,64.0
22.38,1625449482.0,64.0
19.55,1625449482.0,64.0
16.42,1625449482.0,64.0
13.25,1625449482.0,64.0
10.28,1625449482.0,64.0
7.63,1625449482.0,64.0
5.27,1625449482.0,64.0
3.04,1625449482.0,64.0
0.79,1625449482.0,64.0
-1.61,1625449482.0,64.0
-4.15,1625449482.0,64.0
-6.75,1625449482.0,64.0
-9.25,1625449482.0,64.0
-11.55,1625449482.0,64.0
-13.6,1625449482.0,64.0
-15.49,1625449482.0,64.0
-17.38,1625449482.0,64.0
-19.49,1625449482.0,64.0
-21.98,1625449482.0,64.0
-24.98,1625449482.0,64.0
-28.47,1625449482.0,64.0
-32.28,1625449482.0,64.0
-36.07,1625449482.0,64.0
-39.33,1625449482.0,64.0
-41.42,1625449482.0,64.0
-41.76,1625449482.0,64.0
-39.91,1625449482.0,64.0
-35.74,1625449482.0,64.0
-29.5,1625449482.0,64.0
-21.77,1625449482.0,64.0
-13.31,1625449482.0,64.0
-4.87,1625449482.0,64.0
2.97,1625449482.0,64.0
9.88,1625449482.0,64.0
15.68,1625449482.0,64.0
20.26,1625449482.0,64.0
23.52,1625449482.0,64.0
25.38,1625449482.0,64.0
25.88,1625449482.0,64.0
25.32,1625449482.0,64.0
24.2,1625449482.0,64.0
23.06,1625449482.0,64.0
22.31,1625449482.0,64.0
22.03,1625449482.0,64.0
22.06,1625449482.0,64.0
22.03,1625449482.0,64.0
21.65,1625449482.0,64.0
20.77,1625449482.0,64.0
19.39,1625449482.0,64.0
17.6,1625449482.0,64.0
15.49,1625449482.0,64.0
13.14,1625449482.0,64.0
10.71,1625449482.0,64.0
8.4,1625449482.0,64.0
6.46,1625449482.0,64.0
5.06,1625449482.0,64.0
4.17,1625449482.0,64.0
3.58,1625449482.0,64.0
2.92,1625449482.0,64.0
1.88,1625449482.0,64.0
0.29,1625449482.0,64.0
-1.83,1625449482.0,64.0
-4.34,1625449482.0,64.0
-7.05,1625449482.0,64.0
-9.84,1625449482.0,64.0
-12.62,1625449482.0,64.0
-15.33,1625449482.0,64.0
-17.91,1625449482.0,64.0
-20.3,1625449482.0,64.0
-22.48,1625449482.0,64.0
-24.5,1625449482.0,64.0
-26.51,1625449482.0,64.0
-28.69,1625449482.0,64.0
-31.14,1625449482.0,64.0
-33.75,1625449482.0,64.0
-36.13,1625449482.0,64.0
-37.69,1625449482.0,64.0
-37.76,1625449482.0,64.0
-35.84,1625449482.0,64.0
-31.83,1625449482.0,64.0
-26.05,1625449482.0,64.0
-19.17,1625449482.0,64.0
-11.93,1625449482.0,64.0
-4.88,1625449482.0,64.0
1.7,1625449482.0,64.0
7.8,1625449482.0,64.0
13.47,1625449482.0,64.0
18.63,1625449482.0,64.0
23.06,1625449482.0,64.0
26.45,1625449482.0,64.0
28.57,1625449482.0,64.0
29.51,1625449482.0,64.0
29.6,1625449482.0,64.0
29.33,1625449482.0,64.0
29.14,1625449482.0,64.0
29.22,1625449482.0,64.0
29.51,1625449482.0,64.0
29.74,1625449482.0,64.0
29.6,1625449482.0,64.0
28.93,1625449482.0,64.0
27.71,1625449482.0,64.0
26.06,1625449482.0,64.0
24.17,1625449482.0,64.0
22.11,1625449482.0,64.0
19.9,1625449482.0,64.0
17.49,1625449482.0,64.0
14.89,1625449482.0,64.0
12.16,1625449482.0,64.0
9.45,1625449482.0,64.0
6.9,1625449482.0,64.0
4.56,1625449482.0,64.0
2.33,1625449482.0,64.0
0.05,1625449482.0,64.0
-2.42,1625449482.0,64.0
-5.15,1625449482.0,64.0
-8.05,1625449482.0,64.0
-10.92,1625449482.0,64.0
-13.61,1625449482.0,64.0
-16.02,1625449482.0,64.0
-18.27,1625449482.0,64.0
-20.59,1625449482.0,64.0
-23.29,1625449482.0,64.0
-26.65,1625449482.0,64.0
-30.78,1625449482.0,64.0
-35.57,1625449482.0,64.0
-40.69,1625449482.0,64.0
-45.56,1625449482.0,64.0
-49.51,1625449482.0,64.0
-51.84,1625449482.0,64.0
-51.99,1625449482.0,64.0
-49.66,1625449482.0,64.0
-44.9,1625449482.0,64.0
-38.05,1625449482.0,64.0
-29.66,1625449482.0,64.0
-20.35,1625449482.0,64.0
-10.6,1625449482.0,64.0
-0.81,1625449482.0,64.0
8.74,1625449482.0,64.0
17.73,1625449482.0,64.0
25.79,1625449482.0,64.0
32.53,1625449482.0,64.0
37.67,1625449482.0,64.0
41.14,1625449482.0,64.0
43.15,1625449482.0,64.0
44.07,1625449482.0,64.0
44.33,1625449482.0,64.0
44.2,1625449482.0,64.0
43.75,1625449482.0,64.0
42.88,1625449482.0,64.0
41.41,1625449482.0,64.0
39.24,1625449482.0,64.0
36.38,1625449482.0,64.0
32.94,1625449482.0,64.0
29.03,1625449482.0,64.0
24.75,1625449482.0,64.0
20.18,1625449482.0,64.0
15.39,1625449482.0,64.0
10.6,1625449482.0,64.0
6.1,1625449482.0,64.0
2.26,1625449482.0,64.0
-0.7,1625449482.0,64.0
-2.84,1625449482.0,64.0
-4.57,1625449482.0,64.0
-6.55,1625449482.0,64.0
-9.39,1625449482.0,64.0
-13.35,1625449482.0,64.0
-18.22,1625449482.0,64.0
-23.39,1625449482.0,64.0
-28.08,1625449482.0,64.0
-31.75,1625449482.0,64.0
-34.25,1625449482.0,64.0
-35.85,1625449482.0,64.0
-37.06,1625449482.0,64.0
-38.37,1625449482.0,64.0
-40.05,1625449482.0,64.0
-42.12,1625449482.0,64.0
-44.48,1625449482.0,64.0
-46.97,1625449482.0,64.0
-49.39,1625449482.0,64.0
-51.45,1625449482.0,64.0
-52.69,1625449482.0,64.0
-52.54,1625449482.0,64.0
-50.47,1625449482.0,64.0
-46.23,1625449482.0,64.0
-39.93,1625449482.0,64.0
-32.08,1625449482.0,64.0
-23.35,1625449482.0,64.0
-14.34,1625449482.0,64.0
-5.42,1625449482.0,64.0
3.24,1625449482.0,64.0
11.58,1625449482.0,64.0
19.43,1625449482.0,64.0
26.48,1625449482.0,64.0
32.35,1625449482.0,64.0
36.72,1625449482.0,64.0
39.53,1625449482.0,64.0
40.94,1625449482.0,64.0
41.33,1625449482.0,64.0
41.12,1625449482.0,64.0
40.6,1625449482.0,64.0
39.96,1625449482.0,64.0
39.21,1625449482.0,64.0
38.29,1625449482.0,64.0
37.13,1625449482.0,64.0
35.67,1625449482.0,64.0
33.9,1625449482.0,64.0
31.83,1625449482.0,64.0
29.47,1625449482.0,64.0
26.85,1625449482.0,64.0
23.96,1625449482.0,64.0
20.87,1625449482.0,64.0
17.66,1625449482.0,64.0
14.45,1625449482.0,64.0
11.35,1625449482.0,64.0
8.37,1625449482.0,64.0
5.48,1625449482.0,64.0
2.51,1625449482.0,64.0
-0.71,1625449482.0,64.0
-4.28,1625449482.0,64.0
-8.15,1625449482.0,64.0
-12.14,1625449482.0,64.0
-15.98,1625449482.0,64.0
-19.41,1625449482.0,64.0
-22.33,1625449482.0,64.0
-24.77,1625449482.0,64.0
-26.93,1625449482.0,64.0
-29.09,1625449482.0,64.0
-31.53,1625449482.0,64.0
-34.43,1625449482.0,64.0
-37.83,1625449482.0,64.0
-41.53,1625449482.0,64.0
-45.1,1625449482.0,64.0
-47.95,1625449482.0,64.0
-49.41,1625449482.0,64.0
-48.92,1625449482.0,64.0
-46.17,1625449482.0,64.0
-41.2,1625449482.0,64.0
-34.42,1625449482.0,64.0
-26.45,1625449482.0,64.0
-18.0,1625449482.0,64.0
-9.59,1625449482.0,64.0
-1.51,1625449482.0,64.0
6.18,1625449482.0,64.0
13.44,1625449482.0,64.0
20.16,1625449482.0,64.0
26.04,1625449482.0,64.0
30.72,1625449482.0,64.0
33.94,1625449482.0,64.0
35.73,1625449482.0,64.0
36.42,1625449482.0,64.0
36.49,1625449482.0,64.0
36.42,1625449482.0,64.0
36.48,1625449482.0,64.0
36.65,1625449482.0,64.0
36.74,1625449482.0,64.0
36.52,1625449482.0,64.0
35.87,1625449482.0,64.0
34.78,1625449482.0,64.0
33.31,1625449482.0,64.0
31.51,1625449482.0,64.0
29.37,1625449482.0,64.0
26.82,1625449482.0,64.0
23.81,1625449482.0,64.0
20.35,1625449482.0,64.0
16.59,1625449482.0,64.0
12.78,1625449482.0,64.0
9.15,1625449482.0,64.0
5.87,1625449482.0,64.0
2.99,1625449482.0,64.0
0.44,1625449482.0,64.0
-1.91,1625449482.0,64.0
-4.18,1625449482.0,64.0
-6.41,1625449482.0,64.0
-8.57,1625449482.0,64.0
-10.64,1625449482.0,64.0
-12.61,1625449482.0,64.0
-14.55,1625449482.0,64.0
-16.6,1625449482.0,64.0
-18.92,1625449482.0,64.0
-21.71,1625449482.0,64.0
-25.05,1625449482.0,64.0
-28.83,1625449482.0,64.0
-32.71,1625449482.0,64.0
-36.06,1625449482.0,64.0
-38.14,1625449482.0,64.0
-38.3,1625449482.0,64.0
-36.21,1625449482.0,64.0
-31.96,1625449482.0,64.0
-26.02,1625449482.0,64.0
-19.0,1625449482.0,64.0
-11.48,1625449482.0,64.0
-3.81,1625449482.0,64.0
3.79,1625449482.0,64.0
11.11,1625449482.0,64.0
17.74,1625449482.0,64.0
23.12,1625449482.0,64.0
26.67,1625449482.0,64.0
28.07,1625449482.0,64.0
27.47,1625449482.0,64.0
25.51,1625449482.0,64.0
23.05,1625449482.0,64.0
20.92,1625449482.0,64.0
19.62,1625449482.0,64.0
19.21,1625449482.0,64.0
19.47,1625449482.0,64.0
20.04,1625449482.0,64.0
20.6,1625449482.0,64.0
20.91,1625449482.0,64.0
20.84,1625449482.0,64.0
20.3,1625449482.0,64.0
19.2,1625449482.0,64.0
17.57,1625449482.0,64.0
15.48,1625449482.0,64.0
13.12,1625449482.0,64.0
10.66,1625449482.0,64.0
8.26,1625449482.0,64.0
5.94,1625449482.0,64.0
3.66,1625449482.0,64.0
1.35,1625449482.0,64.0
-1.09,1625449482.0,64.0
-3.69,1625449482.0,64.0
-6.43,1625449482.0,64.0
-9.22,1625449482.0,64.0
-11.95,1625449482.0,64.0
-14.49,1625449482.0,64.0
-16.78,1625449482.0,64.0
-18.92,1625449482.0,64.0
-21.11,1625449482.0,64.0
-23.63,1625449482.0,64.0
-26.72,1625449482.0,64.0
-30.44,1625449482.0,64.0
-34.53,1625449482.0,64.0
-38.47,1625449482.0,64.0
-41.56,1625449482.0,64.0
-43.09,1625449482.0,64.0
-42.54,1625449482.0,64.0
-39.72,1625449482.0,64.0
-34.82,1625449482.0,64.0
-28.29,1625449482.0,64.0
-20.75,1625449482.0,64.0
-12.74,1625449482.0,64.0
-4.63,1625449482.0,64.0
3.35,1625449482.0,64.0
11.06,1625449482.0,64.0
18.3,1625449482.0,64.0
24.76,1625449482.0,64.0
30.1,1625449482.0,64.0
34.06,1625449482.0,64.0
36.57,1625449482.0,64.0
37.8,1625449482.0,64.0
38.08,1625449482.0,64.0
37.78,1625449482.0,64.0
37.17,1625449482.0,64.0
36.41,1625449482.0,64.0
35.56,1625449482.0,64.0
34.58,1625449482.0,64.0
33.45,1625449482.0,64.0
32.09,1625449482.0,64.0
30.43,1625449482.0,64.0
28.41,1625449482.0,64.0
25.99,1625449482.0,64.0
23.18,1625449482.0,64.0
20.06,1625449482.0,64.0
16.72,1625449482.0,64.0
13.25,1625449482.0,64.0
9.73,1625449482.0,64.0
6.19,1625449482.0,64.0
2.67,1625449482.0,64.0
-0.8,1625449482.0,64.0
-4.19,1625449482.0,64.0
-7.44,1625449482.0,64.0
-10.52,1625449482.0,64.0
-13.39,1625449482.0,64.0
-16.11,1625449482.0,64.0
-18.74,1625449482.0,64.0
-21.4,1625449482.0,64.0
-24.21,1625449482.0,64.0
-27.28,1625449482.0,64.0
-30.66,1625449482.0,64.0
-34.32,1625449482.0,64.0
-38.15,1625449482.0,64.0
-41.94,1625449482.0,64.0
-45.31,1625449482.0,64.0
-47.76,1625449482.0,64.0
-48.75,1625449482.0,64.0
-47.78,1625449482.0,64.0
-44.57,1625449482.0,64.0
-39.19,1625449482.0,64.0
-32.07,1625449482.0,64.0
-23.84,1625449482.0,64.0
-15.14,1625449482.0,64.0
-6.43,1625449482.0,64.0
2.04,1625449482.0,64.0
10.16,1625449482.0,64.0
17.81,1625449482.0,64.0
24.7,1625449482.0,64.0
30.38,1625449482.0,64.0
34.45,1625449482.0,64.0
36.76,1625449482.0,64.0
37.49,1625449482.0,64.0
37.17,1625449482.0,64.0
36.47,1625449482.0,64.0
35.92,1625449482.0,64.0
35.72,1625449482.0,64.0
35.77,1625449482.0,64.0
35.67,1625449482.0,64.0
35.09,1625449482.0,64.0
33.82,1625449482.0,64.0
31.9,1625449482.0,64.0
29.56,1625449482.0,64.0
26.98,1625449482.0,64.0
24.29,1625449482.0,64.0
21.49,1625449482.0,64.0
18.53,1625449482.0,64.0
15.37,1625449482.0,64.0
12.08,1625449482.0,64.0
8.76,1625449482.0,64.0
5.52,1625449482.0,64.0
2.39,1625449482.0,64.0
-0.7,1625449482.0,64.0
-3.86,1625449482.0,64.0
-7.18,1625449482.0,64.0
-10.66,1625449482.0,64.0
-14.2,1625449482.0,64.0
-17.66,1625449482.0,64.0
-20.9,1625449482.0,64.0
-23.84,1625449482.0,64.0
-26.5,1625449482.0,64.0
-28.97,1625449482.0,64.0
-31.41,1625449482.0,64.0
-33.97,1625449482.0,64.0
-36.76,1625449482.0,64.0
-39.78,1625449482.0,64.0
-42.94,1625449482.0,64.0
-46.02,1625449482.0,64.0
-48.62,1625449482.0,64.0
-50.2,1625449482.0,64.0
-50.12,1625449482.0,64.0
-47.85,1625449482.0,64.0
-43.09,1625449482.0,64.0
-35.98,1625449482.0,64.0
-27.12,1625449482.0,64.0
-17.44,1625449482.0,64.0
-7.95,1625449482.0,64.0
0.56,1625449482.0,64.0
7.68,1625449482.0,64.0
13.36,1625449482.0,64.0
17.75,1625449482.0,64.0
21.04,1625449482.0,64.0
23.38,1625449482.0,64.0
24.89,1625449482.0,64.0
25.74,1625449482.0,64.0
26.22,1625449482.0,64.0
26.67,1625449482.0,64.0
27.36,1625449482.0,64.0
28.41,1625449482.0,64.0
29.72,1625449482.0,64.0
30.99,1625449482.0,64.0
31.87,1625449482.0,64.0
32.09,1625449482.0,64.0
31.5,1625449482.0,64.0
30.16,1625449482.0,64.0
28.24,1625449482.0,64.0
25.96,1625449482.0,64.0
23.51,1625449482.0,64.0
20.96,1625449482.0,64.0
18.31,1625449482.0,64.0
15.5,1625449482.0,64.0
12.53,1625449482.0,64.0
9.49,1625449482.0,64.0
6.52,1625449482.0,64.0
3.77,1625449482.0,64.0
1.27,1625449482.0,64.0
-1.09,1625449482.0,64.0
-3.54,1625449482.0,64.0
-6.24,1625449482.0,64.0
-9.26,1625449482.0,64.0
-12.51,1625449482.0,64.0
-15.78,1625449482.0,64.0
-18.92,1625449482.0,64.0
-21.9,1625449482.0,64.0
-24.8,1625449482.0,64.0
-27.85,1625449482.0,64.0
-31.24,1625449482.0,64.0
-35.08,1625449482.0,64.0
-39.36,1625449482.0,64.0
-43.89,1625449482.0,64.0
-48.35,1625449482.0,64.0
-52.29,1625449482.0,64.0
-55.15,1625449482.0,64.0
-56.39,1625449482.0,64.0
-55.58,1625449482.0,64.0
-52.52,1625449482.0,64.0
-47.27,1625449482.0,64.0
-40.14,1625449482.0,64.0
-31.62,1625449482.0,64.0
-22.26,1625449482.0,64.0
-12.6,1625449482.0,64.0
-3.14,1625449482.0,64.0
5.67,1625449482.0,64.0
13.46,1625449482.0,64.0
19.92,1625449482.0,64.0
24.87,1625449482.0,64.0
28.29,1625449482.0,64.0
30.4,1625449482.0,64.0
31.56,1625449482.0,64.0
32.22,1625449482.0,64.0
32.81,1625449482.0,64.0
33.61,1625449482.0,64.0
34.62,1625449482.0,64.0
35.61,1625449482.0,64.0
36.22,1625449482.0,64.0
36.13,1625449482.0,64.0
35.23,1625449482.0,64.0
33.61,1625449482.0,64.0
31.52,1625449482.0,64.0
29.23,1625449482.0,64.0
26.91,1625449482.0,64.0
24.51,1625449482.0,64.0
21.9,1625449482.0,64.0
18.96,1625449482.0,64.0
15.76,1625449482.0,64.0
12.53,1625449482.0,64.0
9.6,1625449482.0,64.0
7.2,1625449482.0,64.0
5.3,1625449482.0,64.0
3.63,1625449482.0,64.0
1.79,1625449482.0,64.0
-0.51,1625449482.0,64.0
-3.27,1625449482.0,64.0
-6.28,1625449482.0,64.0
-9.15,1625449482.0,64.0
-11.62,1625449482.0,64.0
-13.69,1625449482.0,64.0
-15.6,1625449482.0,64.0
-17.71,1625449482.0,64.0
-20.29,1625449482.0,64.0
-23.43,1625449482.0,64.0
-27.01,1625449482.0,64.0
-30.82,1625449482.0,64.0
-34.57,1625449482.0,64.0
-37.95,1625449482.0,64.0
-40.56,1625449482.0,64.0
-41.94,1625449482.0,64.0
-41.63,1625449482.0,64.0
-39.34,1625449482.0,64.0
-35.06,1625449482.0,64.0
-29.08,1625449482.0,64.0
-21.92,1625449482.0,64.0
-14.07,1625449482.0,64.0
-5.93,1625449482.0,64.0
2.21,1625449482.0,64.0
10.08,1625449482.0,64.0
17.26,1625449482.0,64.0
23.22,1625449482.0,64.0
27.38,1625449482.0,64.0
29.44,1625449482.0,64.0
29.54,1625449482.0,64.0
28.28,1625449482.0,64.0
26.51,1625449482.0,64.0
25.11,1625449482.0,64.0
24.59,1625449482.0,64.0
25.05,1625449482.0,64.0
26.22,1625449482.0,64.0
27.68,1625449482.0,64.0
29.02,1625449482.0,64.0
29.97,1625449482.0,64.0
30.41,1625449482.0,64.0
30.28,1625449482.0,64.0
29.52,1625449482.0,64.0
28.1,1625449482.0,64.0
26.03,1625449482.0,64.0
23.42,1625449482.0,64.0
20.48,1625449482.0,64.0
17.44,1625449482.0,64.0
14.49,1625449482.0,64.0
11.73,1625449482.0,64.0
9.15,1625449482.0,64.0
6.66,1625449482.0,64.0
4.2,1625449482.0,64.0
1.73,1625449482.0,64.0
-0.74,1625449482.0,64.0
-3.21,1625449482.0,64.0
-5.64,1625449482.0,64.0
-8.04,1625449482.0,64.0
-10.45,1625449482.0,64.0
-12.94,1625449482.0,64.0
-15.61,1625449482.0,64.0
-18.56,1625449482.0,64.0
-21.9,1625449482.0,64.0
-25.67,1625449482.0,64.0
-29.78,1625449482.0,64.0
-33.97,1625449482.0,64.0
-37.75,1625449482.0,64.0
-40.47,1625449482.0,64.0
-41.48,1625449482.0,64.0
-40.33,1625449482.0,64.0
-36.95,1625449482.0,64.0
-31.65,1625449482.0,64.0
-25.02,1625449482.0,64.0
-17.66,1625449482.0,64.0
-10.02,1625449482.0,64.0
-2.33,1625449482.0,64.0
5.32,1625449482.0,64.0
12.76,1625449482.0,64.0
19.62,1625449482.0,64.0
25.43,1625449482.0,64.0
29.7,1625449482.0,64.0
32.26,1625449482.0,64.0
33.32,1625449482.0,64.0
33.39,1625449482.0,64.0
33.11,1625449482.0,64.0
32.9,1625449482.0,64.0
32.88,1625449482.0,64.0
32.87,1625449482.0,64.0
32.58,1625449482.0,64.0
31.78,1625449482.0,64.0
30.42,1625449482.0,64.0
28.58,1625449482.0,64.0
26.42,1625449482.0,64.0
24.03,1625449482.0,64.0
21.44,1625449482.0,64.0
18.6,1625449482.0,64.0
15.53,1625449482.0,64.0
12.31,1625449482.0,64.0
9.12,1625449482.0,64.0
6.15,1625449482.0,64.0
3.5,1625449482.0,64.0
1.12,1625449482.0,64.0
-1.14,1625449482.0,64.0
-3.53,1625449482.0,64.0
-6.21,1625449482.0,64.0
-9.26,1625449482.0,64.0
-12.6,1625449482.0,64.0
-16.06,1625449482.0,64.0
-19.47,1625449482.0,64.0
-22.68,1625449482.0,64.0
-25.68,1625449482.0,64.0
-28.53,1625449482.0,64.0
-31.42,1625449482.0,64.0
-34.55,1625449482.0,64.0
-38.09,1625449482.0,64.0
-42.03,1625449482.0,64.0
-46.12,1625449482.0,64.0
-49.81,1625449482.0,64.0
-52.42,1625449482.0,64.0
-53.26,1625449482.0,64.0
-51.84,1625449482.0,64.0
-48.07,1625449482.0,64.0
-42.22,1625449482.0,64.0
-34.85,1625449482.0,64.0
-26.54,1625449482.0,64.0
-17.77,1625449482.0,64.0
-8.85,1625449482.0,64.0
0.1,1625449482.0,64.0
8.97,1625449482.0,64.0
17.56,1625449482.0,64.0
25.51,1625449482.0,64.0
32.36,1625449482.0,64.0
37.66,1625449482.0,64.0
41.12,1625449482.0,64.0
42.76,1625449482.0,64.0
42.91,1625449482.0,64.0
42.11,1625449482.0,64.0
40.96,1625449482.0,64.0
39.87,1625449482.0,64.0
39.03,1625449482.0,64.0
38.35,1625449482.0,64.0
37.6,1625449482.0,64.0
36.61,1625449482.0,64.0
35.3,1625449482.0,64.0
33.75,1625449482.0,64.0
32.06,1625449482.0,64.0
30.25,1625449482.0,64.0
28.21,1625449482.0,64.0
25.81,1625449482.0,64.0
22.99,1625449482.0,64.0
19.87,1625449482.0,64.0
16.7,1625449482.0,64.0
13.66,1625449482.0,64.0
10.75,1625449482.0,64.0
7.71,1625449482.0,64.0
4.17,1625449482.0,64.0
-0.22,1625449482.0,64.0
-5.51,1625449482.0,64.0
-11.48,1625449482.0,64.0
-17.67,1625449482.0,64.0
-23.6,1625449482.0,64.0
-28.88,1625449482.0,64.0
-33.35,1625449482.0,64.0
-37.08,1625449482.0,64.0
-40.24,1625449482.0,64.0
-43.07,1625449482.0,64.0
-45.72,1625449482.0,64.0
-48.31,1625449482.0,64.0
-50.8,1625449482.0,64.0
-53.07,1625449482.0,64.0
-54.92,1625449482.0,64.0
-56.09,1625449482.0,64.0
-56.26,1625449482.0,64.0
-55.1,1625449482.0,64.0
-52.33,1625449482.0,64.0
-47.82,1625449482.0,64.0
-41.65,1625449482.0,64.0
-34.14,1625449482.0,64.0
-25.72,1625449482.0,64.0
-16.81,1625449482.0,64.0
-7.69,1625449482.0,64.0
1.49,1625449482.0,64.0
10.55,1625449482.0,64.0
19.19,1625449482.0,64.0
26.86,1625449482.0,64.0
32.95,1625449482.0,64.0
36.97,1625449482.0,64.0
38.83,1625449482.0,64.0
38.91,1625449482.0,64.0
37.95,1625449482.0,64.0
36.74,1625449482.0,64.0
35.8,1625449482.0,64.0
35.27,1625449482.0,64.0
34.91,1625449482.0,64.0
34.38,1625449482.0,64.0
33.43,1625449482.0,64.0
31.99,1625449482.0,64.0
30.14,1625449482.0,64.0
28.0,1625449482.0,64.0
25.53,1625449482.0,64.0
22.65,1625449482.0,64.0
19.3,1625449482.0,64.0
15.55,1625449482.0,64.0
11.66,1625449482.0,64.0
7.92,1625449482.0,64.0
4.54,1625449482.0,64.0
1.52,1625449482.0,64.0
-1.35,1625449482.0,64.0
-4.32,1625449482.0,64.0
-7.58,1625449482.0,64.0
-11.11,1625449482.0,64.0
-14.73,1625449482.0,64.0
-18.17,1625449482.0,64.0
-21.23,1625449482.0,64.0
-23.82,1625449482.0,64.0
-26.03,1625449482.0,64.0
-28.06,1625449482.0,64.0
-30.15,1625449482.0,64.0
-32.53,1625449482.0,64.0
-35.32,1625449482.0,64.0
-38.57,1625449482.0,64.0
-42.25,1625449482.0,64.0
-46.19,1625449482.0,64.0
-50.12,1625449482.0,64.0
-53.61,1625449482.0,64.0
-56.08,1625449482.0,64.0
-56.9,1625449482.0,64.0
-55.52,1625449482.0,64.0
-51.68,1625449482.0,64.0
-45.5,1625449482.0,64.0
-37.49,1625449482.0,64.0
-28.35,1625449482.0,64.0
-18.78,1625449482.0,64.0
-9.28,1625449482.0,64.0
-0.09,1625449482.0,64.0
8.67,1625449482.0,64.0
16.86,1625449482.0,64.0
24.16,1625449482.0,64.0
30.15,1625449482.0,64.0
34.46,1625449482.0,64.0
37.0,1625449482.0,64.0
38.04,1625449482.0,64.0
38.12,1625449482.0,64.0
37.86,1625449482.0,64.0
37.71,1625449482.0,64.0
37.8,1625449482.0,64.0
37.95,1625449482.0,64.0
37.86,1625449482.0,64.0
37.23,1625449482.0,64.0
35.98,1625449482.0,64.0
34.21,1625449482.0,64.0
32.11,1625449482.0,64.0
29.88,1625449482.0,64.0
27.62,1625449482.0,64.0
25.3,1625449482.0,64.0
22.86,1625449482.0,64.0
20.29,1625449482.0,64.0
17.64,1625449482.0,64.0
15.05,1625449482.0,64.0
12.65,1625449482.0,64.0
10.45,1625449482.0,64.0
8.34,1625449482.0,64.0
6.1,1625449482.0,64.0
3.55,1625449482.0,64.0
0.64,1625449482.0,64.0
-2.47,1625449482.0,64.0
-5.53,1625449482.0,64.0
-8.26,1625449482.0,64.0
-10.6,1625449482.0,64.0
-12.65,1625449482.0,64.0
-14.71,1625449482.0,64.0
-17.08,1625449482.0,64.0
-20.01,1625449482.0,64.0
-23.61,1625449482.0,64.0
-27.82,1625449482.0,64.0
-32.43,1625449482.0,64.0
-37.02,1625449482.0,64.0
-41.0,1625449482.0,64.0
-43.65,1625449482.0,64.0
-44.27,1625449482.0,64.0
-42.39,1625449482.0,64.0
-37.95,1625449482.0,64.0
-31.38,1625449482.0,64.0
-23.37,1625449482.0,64.0
-14.67,1625449482.0,64.0
-5.83,1625449482.0,64.0
2.89,1625449482.0,64.0
11.42,1625449482.0,64.0
19.63,1625449482.0,64.0
27.23,1625449482.0,64.0
33.73,1625449482.0,64.0
38.54,1625449482.0,64.0
41.28,1625449482.0,64.0
41.91,1625449482.0,64.0
40.81,1625449482.0,64.0
38.63,1625449482.0,64.0
36.09,1625449482.0,64.0
33.75,1625449482.0,64.0
31.9,1625449482.0,64.0
30.5,1625449482.0,64.0
29.24,1625449482.0,64.0
27.68,1625449482.0,64.0
25.45,1625449482.0,64.0
22.36,1625449482.0,64.0
18.48,1625449482.0,64.0
14.16,1625449482.0,64.0
9.84,1625449482.0,64.0
5.92,1625449482.0,64.0
2.62,1625449482.0,64.0
-0.03,1625449482.0,64.0
-2.11,1625449482.0,64.0
-3.8,1625449482.0,64.0
-5.22,1625449482.0,64.0
-6.51,1625449482.0,64.0
-7.83,1625449482.0,64.0
-9.39,1625449482.0,64.0
-11.38,1625449482.0,64.0
-13.91,1625449482.0,64.0
-16.92,1625449482.0,64.0
-20.18,1625449482.0,64.0
-23.45,1625449482.0,64.0
-26.52,1625449482.0,64.0
-29.38,1625449482.0,64.0
-32.14,1625449482.0,64.0
-34.94,1625449482.0,64.0
-37.88,1625449482.0,64.0
-40.79,1625449482.0,64.0
-43.3,1625449482.0,64.0
-44.81,1625449482.0,64.0
-44.75,1625449482.0,64.0
-42.72,1625449482.0,64.0
-38.67,1625449482.0,64.0
-32.86,1625449482.0,64.0
-25.8,1625449482.0,64.0
-17.99,1625449482.0,64.0
-9.83,1625449482.0,64.0
-1.51,1625449482.0,64.0
6.81,1625449482.0,64.0
14.93,1625449482.0,64.0
22.48,1625449482.0,64.0
28.96,1625449482.0,64.0
33.89,1625449482.0,64.0
37.04,1625449482.0,64.0
38.53,1625449482.0,64.0
38.85,1625449482.0,64.0
38.6,1625449482.0,64.0
38.33,1625449482.0,64.0
38.29,1625449482.0,64.0
38.38,1625449482.0,64.0
38.32,1625449482.0,64.0
37.78,1625449482.0,64.0
36.6,1625449482.0,64.0
34.78,1625449482.0,64.0
32.46,1625449482.0,64.0
29.76,1625449482.0,64.0
26.77,1625449482.0,64.0
23.49,1625449482.0,64.0
19.97,1625449482.0,64.0
16.33,1625449482.0,64.0
12.81,1625449482.0,64.0
9.64,1625449482.0,64.0
6.95,1625449482.0,64.0
4.66,1625449482.0,64.0
2.47,1625449482.0,64.0
0.05,1625449482.0,64.0
-2.89,1625449482.0,64.0
-6.42,1625449482.0,64.0
-10.41,1625449482.0,64.0
-14.56,1625449482.0,64.0
-18.58,1625449482.0,64.0
-22.32,1625449482.0,64.0
-25.79,1625449482.0,64.0
-29.18,1625449482.0,64.0
-32.71,1625449482.0,64.0
-36.56,1625449482.0,64.0
-40.73,1625449482.0,64.0
-45.0,1625449482.0,64.0
-48.99,1625449482.0,64.0
-52.09,1625449482.0,64.0
-53.68,1625449482.0,64.0
-53.18,1625449482.0,64.0
-50.22,1625449482.0,64.0
-44.79,1625449482.0,64.0
-37.29,1625449482.0,64.0
-28.34,1625449482.0,64.0
-18.69,1625449482.0,64.0
-8.92,1625449482.0,64.0
0.6,1625449482.0,64.0
9.66,1625449482.0,64.0
18.04,1625449482.0,64.0
25.41,1625449482.0,64.0
31.33,1625449482.0,64.0
35.43,1625449482.0,64.0
37.63,1625449482.0,64.0
38.23,1625449482.0,64.0
37.85,1625449482.0,64.0
37.17,1625449482.0,64.0
36.66,1625449482.0,64.0
36.44,1625449482.0,64.0
36.33,1625449482.0,64.0
35.98,1625449482.0,64.0
35.11,1625449482.0,64.0
33.6,1625449482.0,64.0
31.47,1625449482.0,64.0
28.87,1625449482.0,64.0
25.91,1625449482.0,64.0
22.8,1625449482.0,64.0
19.73,1625449482.0,64.0
16.97,1625449482.0,64.0
14.76,1625449482.0,64.0
13.21,1625449482.0,64.0
12.28,1625449482.0,64.0
11.72,1625449482.0,64.0
11.19,1625449482.0,64.0
10.33,1625449482.0,64.0
8.89,1625449482.0,64.0
6.73,1625449482.0,64.0
3.82,1625449482.0,64.0
0.22,1625449482.0,64.0
-3.97,1625449482.0,64.0
-8.65,1625449482.0,64.0
-13.75,1625449482.0,64.0
-19.28,1625449482.0,64.0
-25.26,1625449482.0,64.0
-31.74,1625449482.0,64.0
-38.66,1625449482.0,64.0
-45.78,1625449482.0,64.0
-52.68,1625449482.0,64.0
-58.79,1625449482.0,64.0
-63.57,1625449482.0,64.0
-66.56,1625449482.0,64.0
-67.46,1625449482.0,64.0
-66.12,1625449482.0,64.0
-62.5,1625449482.0,64.0
-56.69,1625449482.0,64.0
-48.94,1625449482.0,64.0
-39.68,1625449482.0,64.0
-29.48,1625449482.0,64.0
-18.97,1625449482.0,64.0
-8.72,1625449482.0,64.0
0.82,1625449482.0,64.0
9.37,1625449482.0,64.0
16.77,1625449482.0,64.0
22.91,1625449482.0,64.0
27.7,1625449482.0,64.0
31.17,1625449482.0,64.0
33.46,1625449482.0,64.0
34.89,1625449482.0,64.0
35.81,1625449482.0,64.0
36.57,1625449482.0,64.0
37.32,1625449482.0,64.0
38.02,1625449482.0,64.0
38.48,1625449482.0,64.0
38.45,1625449482.0,64.0
37.73,1625449482.0,64.0
36.24,1625449482.0,64.0
34.01,1625449482.0,64.0
31.15,1625449482.0,64.0
27.81,1625449482.0,64.0
24.17,1625449482.0,64.0
20.45,1625449482.0,64.0
16.86,1625449482.0,64.0
13.58,1625449482.0,64.0
10.66,1625449482.0,64.0
8.01,1625449482.0,64.0
5.43,1625449482.0,64.0
2.7,1625449482.0,64.0
-0.33,1625449482.0,64.0
-3.68,1625449482.0,64.0
-7.28,1625449482.0,64.0
-10.97,1625449482.0,64.0
-14.58,1625449482.0,64.0
-17.99,1625449482.0,64.0
-21.15,1625449482.0,64.0
-24.11,1625449482.0,64.0
-26.98,1625449482.0,64.0
-29.93,1625449482.0,64.0
-33.13,1625449482.0,64.0
-36.72,1625449482.0,64.0
-40.74,1625449482.0,64.0
-45.04,1625449482.0,64.0
-49.34,1625449482.0,64.0
-53.11,1625449482.0,64.0
-55.74,1625449482.0,64.0
-56.58,1625449482.0,64.0
-55.14,1625449482.0,64.0
-51.22,1625449482.0,64.0
-45.02,1625449482.0,64.0
-37.06,1625449482.0,64.0
-28.06,1625449482.0,64.0
-18.67,1625449482.0,64.0
-9.35,1625449482.0,64.0
-0.33,1625449482.0,64.0
8.23,1625449482.0,64.0
16.11,1625449482.0,64.0
22.96,1625449482.0,64.0
28.37,1625449482.0,64.0
32.07,1625449482.0,64.0
34.12,1625449482.0,64.0
34.94,1625449482.0,64.0
35.17,1625449482.0,64.0
35.38,1625449482.0,64.0
35.9,1625449482.0,64.0
36.7,1625449482.0,64.0
37.51,1625449482.0,64.0
38.02,1625449482.0,64.0
38.03,1625449482.0,64.0
37.52,1625449482.0,64.0
36.56,1625449482.0,64.0
35.22,1625449482.0,64.0
33.53,1625449482.0,64.0
31.49,1625449482.0,64.0
29.13,1625449482.0,64.0
26.47,1625449482.0,64.0
23.62,1625449482.0,64.0
20.66,1625449482.0,64.0
17.65,1625449482.0,64.0
14.6,1625449482.0,64.0
11.51,1625449482.0,64.0
8.36,1625449482.0,64.0
5.16,1625449482.0,64.0
1.95,1625449482.0,64.0
-1.2,1625449482.0,64.0
-4.19,1625449482.0,64.0
-6.93,1625449482.0,64.0
-9.42,1625449482.0,64.0
-11.69,1625449482.0,64.0
-13.9,1625449482.0,64.0
-16.25,1625449482.0,64.0
-18.96,1625449482.0,64.0
-22.15,1625449482.0,64.0
-25.82,1625449482.0,64.0
-29.77,1625449482.0,64.0
-33.61,1625449482.0,64.0
-36.75,1625449482.0,64.0
-38.51,1625449482.0,64.0
-38.28,1625449482.0,64.0
-35.68,1625449482.0,64.0
-30.72,1625449482.0,64.0
-23.81,1625449482.0,64.0
-15.68,1625449482.0,64.0
-7.09,1625449482.0,64.0
1.33,1625449482.0,64.0
9.27,1625449482.0,64.0
16.62,1625449482.0,64.0
23.28,1625449482.0,64.0
28.99,1625449482.0,64.0
33.31,1625449482.0,64.0
35.76,1625449482.0,64.0
36.11,1625449482.0,64.0
34.57,1625449482.0,64.0
31.8,1625449482.0,64.0
28.68,1625449482.0,64.0
25.98,1625449482.0,64.0
24.14,1625449482.0,64.0
23.21,1625449482.0,64.0
22.89,1625449482.0,64.0
22.79,1625449482.0,64.0
22.57,1625449482.0,64.0
22.0,1625449482.0,64.0
21.01,1625449482.0,64.0
19.58,1625449482.0,64.0
17.79,1625449482.0,64.0
15.72,1625449482.0,64.0
13.48,1625449482.0,64.0
11.17,1625449482.0,64.0
8.84,1625449482.0,64.0
6.5,1625449482.0,64.0
4.12,1625449482.0,64.0
1.64,1625449482.0,64.0
-0.99,1625449482.0,64.0
-3.76,1625449482.0,64.0
-6.63,1625449482.0,64.0
-9.48,1625449482.0,64.0
-12.21,1625449482.0,64.0
-14.77,1625449482.0,64.0
-17.15,1625449482.0,64.0
-19.44,1625449482.0,64.0
-21.79,1625449482.0,64.0
-24.37,1625449482.0,64.0
-27.36,1625449482.0,64.0
-30.84,1625449482.0,64.0
-34.71,1625449482.0,64.0
-38.59,1625449482.0,64.0
-41.87,1625449482.0,64.0
-43.76,1625449482.0,64.0
-43.59,1625449482.0,64.0
-41.02,1625449482.0,64.0
-36.16,1625449482.0,64.0
-29.54,1625449482.0,64.0
-21.84,1625449482.0,64.0
-13.67,1625449482.0,64.0
-5.39,1625449482.0,64.0
2.83,1625449482.0,64.0
10.89,1625449482.0,64.0
18.54,1625449482.0,64.0
25.36,1625449482.0,64.0
30.84,1625449482.0,64.0
34.63,1625449482.0,64.0
36.65,1625449482.0,64.0
37.18,1625449482.0,64.0
36.73,1625449482.0,64.0
35.85,1625449482.0,64.0
34.94,1625449482.0,64.0
34.14,1625449482.0,64.0
33.35,1625449482.0,64.0
32.37,1625449482.0,64.0
31.0,1625449482.0,64.0
29.15,1625449482.0,64.0
26.87,1625449482.0,64.0
24.3,1625449482.0,64.0
21.6,1625449482.0,64.0
18.88,1625449482.0,64.0
16.16,1625449482.0,64.0
13.41,1625449482.0,64.0
10.57,1625449482.0,64.0
7.6,1625449482.0,64.0
4.51,1625449482.0,64.0
1.39,1625449482.0,64.0
-1.69,1625449482.0,64.0
-4.72,1625449482.0,64.0
-7.73,1625449482.0,64.0
-10.84,1625449482.0,64.0
-14.12,1625449482.0,64.0
-17.56,1625449482.0,64.0
-21.03,1625449482.0,64.0
-24.34,1625449482.0,64.0
-27.33,1625449482.0,64.0
-30.01,1625449482.0,64.0
-32.61,1625449482.0,64.0
-35.47,1625449482.0,64.0
-38.93,1625449482.0,64.0
-43.03,1625449482.0,64.0
-47.43,1625449482.0,64.0
-51.42,1625449482.0,64.0
-54.03,1625449482.0,64.0
-54.42,1625449482.0,64.0
-52.12,1625449482.0,64.0
-47.19,1625449482.0,64.0
-40.18,1625449482.0,64.0
-31.87,1625449482.0,64.0
-23.01,1625449482.0,64.0
-14.1,1625449482.0,64.0
-5.3,1625449482.0,64.0
3.42,1625449482.0,64.0
12.01,1625449482.0,64.0
20.24,1625449482.0,64.0
27.58,1625449482.0,64.0
33.46,1625449482.0,64.0
37.51,1625449482.0,64.0
39.71,1625449482.0,64.0
40.48,1625449482.0,64.0
40.48,1625449482.0,64.0
40.3,1625449482.0,64.0
40.22,1625449482.0,64.0
40.18,1625449482.0,64.0
39.83,1625449482.0,64.0
38.84,1625449482.0,64.0
37.09,1625449482.0,64.0
34.71,1625449482.0,64.0
31.94,1625449482.0,64.0
28.95,1625449482.0,64.0
25.73,1625449482.0,64.0
22.17,1625449482.0,64.0
18.23,1625449482.0,64.0
14.09,1625449482.0,64.0
10.16,1625449482.0,64.0
6.92,1625449482.0,64.0
4.63,1625449482.0,64.0
3.18,1625449482.0,64.0
2.12,1625449482.0,64.0
0.84,1625449482.0,64.0
-1.08,1625449482.0,64.0
-3.74,1625449482.0,64.0
-6.82,1625449482.0,64.0
-9.83,1625449482.0,64.0
-12.36,1625449482.0,64.0
-14.32,1625449482.0,64.0
-16.03,1625449482.0,64.0
-18.04,1625449482.0,64.0
-20.98,1625449482.0,64.0
-25.27,1625449482.0,64.0
-31.01,1625449482.0,64.0
-37.96,1625449482.0,64.0
-45.62,1625449482.0,64.0
-53.3,1625449482.0,64.0
-60.18,1625449482.0,64.0
-65.35,1625449482.0,64.0
-67.96,1625449482.0,64.0
-67.36,1625449482.0,64.0
-63.31,1625449482.0,64.0
-56.13,1625449482.0,64.0
-46.59,1625449482.0,64.0
-35.7,1625449482.0,64.0
-24.39,1625449482.0,64.0
-13.3,1625449482.0,64.0
-2.75,1625449482.0,64.0
7.1,1625449482.0,64.0
15.99,1625449482.0,64.0
23.55,1625449482.0,64.0
29.32,1625449482.0,64.0
33.02,1625449482.0,64.0
34.74,1625449482.0,64.0
34.98,1625449482.0,64.0
34.49,1625449482.0,64.0
33.98,1625449482.0,64.0
33.86,1625449482.0,64.0
34.15,1625449482.0,64.0
34.55,1625449482.0,64.0
34.67,1625449482.0,64.0
34.24,1625449482.0,64.0
33.2,1625449482.0,64.0
31.64,1625449482.0,64.0
29.69,1625449482.0,64.0
27.39,1625449482.0,64.0
24.66,1625449482.0,64.0
21.4,1625449482.0,64.0
17.58,1625449482.0,64.0
13.38,1625449482.0,64.0
9.14,1625449482.0,64.0
5.26,1625449482.0,64.0
2.01,1625449482.0,64.0
-0.53,1625449482.0,64.0
-2.6,1625449482.0,64.0
-4.59,1625449482.0,64.0
-6.91,1625449482.0,64.0
-9.85,1625449482.0,64.0
-13.39,1625449482.0,64.0
-17.32,1625449482.0,64.0
-21.24,1625449482.0,64.0
-24.76,1625449482.0,64.0
-27.69,1625449482.0,64.0
-30.07,1625449482.0,64.0
-32.19,1625449482.0,64.0
-34.45,1625449482.0,64.0
-37.27,1625449482.0,64.0
-40.83,1625449482.0,64.0
-45.04,1625449482.0,64.0
-49.48,1625449482.0,64.0
-53.45,1625449482.0,64.0
-56.17,1625449482.0,64.0
-56.9,1625449482.0,64.0
-55.18,1625449482.0,64.0
-50.89,1625449482.0,64.0
-44.31,1625449482.0,64.0
-35.95,1625449482.0,64.0
-26.48,1625449482.0,64.0
-16.52,1625449482.0,64.0
-6.56,1625449482.0,64.0
3.05,1625449482.0,64.0
12.05,1625449482.0,64.0
20.18,1625449482.0,64.0
27.1,1625449482.0,64.0
32.51,1625449482.0,64.0
36.17,1625449482.0,64.0
38.14,1625449482.0,64.0
38.75,1625449482.0,64.0
38.56,1625449482.0,64.0
38.14,1625449482.0,64.0
37.88,1625449482.0,64.0
37.92,1625449482.0,64.0
38.12,1625449482.0,64.0
38.23,1625449482.0,64.0
38.01,1625449482.0,64.0
37.33,1625449482.0,64.0
36.14,1625449482.0,64.0
34.46,1625449482.0,64.0
32.32,1625449482.0,64.0
29.78,1625449482.0,64.0
26.91,1625449482.0,64.0
23.84,1625449482.0,64.0
20.76,1625449482.0,64.0
17.82,1625449482.0,64.0
15.12,1625449482.0,64.0
12.62,1625449482.0,64.0
10.18,1625449482.0,64.0
7.65,1625449482.0,64.0
4.92,1625449482.0,64.0
1.98,1625449482.0,64.0
-1.09,1625449482.0,64.0
-4.09,1625449482.0,64.0
-6.89,1625449482.0,64.0
-9.46,1625449482.0,64.0
-11.93,1625449482.0,64.0
-14.59,1625449482.0,64.0
-17.7,1625449482.0,64.0
-21.41,1625449482.0,64.0
-25.7,1625449482.0,64.0
-30.35,1625449482.0,64.0
-35.01,1625449482.0,64.0
-39.24,1625449482.0,64.0
-42.54,1625449482.0,64.0
-44.38,1625449482.0,64.0
-44.32,1625449482.0,64.0
-42.11,1625449482.0,64.0
-37.78,1625449482.0,64.0
-31.72,1625449482.0,64.0
-24.57,1625449482.0,64.0
-17.01,1625449482.0,64.0
-9.6,1625449482.0,64.0
-2.62,1625449482.0,64.0
3.86,1625449482.0,64.0
9.87,1625449482.0,64.0
15.35,1625449482.0,64.0
20.13,1625449482.0,64.0
23.95,1625449482.0,64.0
26.65,1625449482.0,64.0
28.26,1625449482.0,64.0
29.06,1625449482.0,64.0
29.49,1625449482.0,64.0
29.92,1625449482.0,64.0
30.55,1625449482.0,64.0
31.27,1625449482.0,64.0
31.78,1625449482.0,64.0
31.76,1625449482.0,64.0
30.97,1625449482.0,64.0
29.4,1625449482.0,64.0
27.14,1625449482.0,64.0
24.36,1625449482.0,64.0
21.23,1625449482.0,64.0
17.87,1625449482.0,64.0
14.45,1625449482.0,64.0
11.17,1625449482.0,64.0
8.28,1625449482.0,64.0
5.92,1625449482.0,64.0
4.03,1625449482.0,64.0
2.4,1625449482.0,64.0
0.68,1625449482.0,64.0
-1.42,1625449482.0,64.0
-4.05,1625449482.0,64.0
-7.2,1625449482.0,64.0
-10.72,1625449482.0,64.0
-14.45,1625449482.0,64.0
-18.24,1625449482.0,64.0
-22.03,1625449482.0,64.0
-25.79,1625449482.0,64.0
-29.54,1625449482.0,64.0
-33.31,1625449482.0,64.0
-37.15,1625449482.0,64.0
-40.99,1625449482.0,64.0
-44.62,1625449482.0,64.0
-47.54,1625449482.0,64.0
-49.08,1625449482.0,64.0
-48.58,1625449482.0,64.0
-45.59,1625449482.0,64.0
-40.16,1625449482.0,64.0
-32.75,1625449482.0,64.0
-24.1,1625449482.0,64.0
-14.99,1625449482.0,64.0
-5.94,1625449482.0,64.0
2.75,1625449482.0,64.0
10.97,1625449482.0,64.0
18.53,1625449482.0,64.0
25.17,1625449482.0,64.0
30.49,1625449482.0,64.0
34.17,1625449482.0,64.0
36.18,1625449482.0,64.0
36.85,1625449482.0,64.0
36.74,1625449482.0,64.0
36.46,1625449482.0,64.0
36.42,1625449482.0,64.0
36.69,1625449482.0,64.0
37.03,1625449482.0,64.0
37.03,1625449482.0,64.0
36.36,1625449482.0,64.0
34.85,1625449482.0,64.0
32.53,1625449482.0,64.0
29.61,1625449482.0,64.0
26.36,1625449482.0,64.0
23.01,1625449482.0,64.0
19.72,1625449482.0,64.0
16.57,1625449482.0,64.0
13.62,1625449482.0,64.0
10.89,1625449482.0,64.0
8.38,1625449482.0,64.0
6.05,1625449482.0,64.0
3.81,1625449482.0,64.0
1.5,1625449482.0,64.0
-1.04,1625449482.0,64.0
-3.9,1625449482.0,64.0
-7.11,1625449482.0,64.0
-10.55,1625449482.0,64.0
-14.05,1625449482.0,64.0
-17.48,1625449482.0,64.0
-20.77,1625449482.0,64.0
-23.97,1625449482.0,64.0
-27.19,1625449482.0,64.0
-30.59,1625449482.0,64.0
-34.25,1625449482.0,64.0
-38.09,1625449482.0,64.0
-41.87,1625449482.0,64.0
-45.08,1625449482.0,64.0
-47.11,1625449482.0,64.0
-47.36,1625449482.0,64.0
-45.45,1625449482.0,64.0
-41.34,1625449482.0,64.0
-35.31,1625449482.0,64.0
-27.9,1625449482.0,64.0
-19.65,1625449482.0,64.0
-10.99,1625449482.0,64.0
-2.2,1625449482.0,64.0
6.55,1625449482.0,64.0
15.0,1625449482.0,64.0
22.79,1625449482.0,64.0
29.45,1625449482.0,64.0
34.59,1625449482.0,64.0
38.07,1625449482.0,64.0
40.09,1625449482.0,64.0
41.06,1625449482.0,64.0
41.45,1625449482.0,64.0
41.55,1625449482.0,64.0
41.36,1625449482.0,64.0
40.66,1625449482.0,64.0
39.16,1625449482.0,64.0
36.7,1625449482.0,64.0
33.37,1625449482.0,64.0
29.53,1625449482.0,64.0
25.6,1625449482.0,64.0
21.9,1625449482.0,64.0
18.54,1625449482.0,64.0
15.39,1625449482.0,64.0
12.19,1625449482.0,64.0
8.71,1625449482.0,64.0
4.88,1625449482.0,64.0
0.8,1625449482.0,64.0
-3.3,1625449482.0,64.0
-7.18,1625449482.0,64.0
-10.66,1625449482.0,64.0
-13.67,1625449482.0,64.0
-16.26,1625449482.0,64.0
-18.53,1625449482.0,64.0
-20.64,1625449482.0,64.0
-22.73,1625449482.0,64.0
-24.9,1625449482.0,64.0
-27.18,1625449482.0,64.0
-29.57,1625449482.0,64.0
-32.03,1625449482.0,64.0
-34.56,1625449482.0,64.0
-37.25,1625449482.0,64.0
-40.23,1625449482.0,64.0
-43.6,1625449482.0,64.0
-47.26,1625449482.0,64.0
-50.83,1625449482.0,64.0
-53.65,1625449482.0,64.0
-54.93,1625449482.0,64.0
-54.04,1625449482.0,64.0
-50.65,1625449482.0,64.0
-44.89,1625449482.0,64.0
-37.24,1625449482.0,64.0
-28.4,1625449482.0,64.0
-19.02,1625449482.0,64.0
-9.59,1625449482.0,64.0
-0.37,1625449482.0,64.0
8.48,1625449482.0,64.0
16.7,1625449482.0,64.0
23.91,1625449482.0,64.0
29.61,1625449482.0,64.0
33.42,1625449482.0,64.0
35.23,1625449482.0,64.0
35.36,1625449482.0,64.0
34.47,1625449482.0,64.0
33.31,1625449482.0,64.0
32.45,1625449482.0,64.0
32.08,1625449482.0,64.0
31.98,1625449482.0,64.0
31.76,1625449482.0,64.0
31.08,1625449482.0,64.0
29.81,1625449482.0,64.0
28.02,1625449482.0,64.0
25.91,1625449482.0,64.0
23.63,1625449482.0,64.0
21.23,1625449482.0,64.0
18.65,1625449482.0,64.0
15.87,1625449482.0,64.0
12.9,1625449482.0,64.0
9.86,1625449482.0,64.0
6.9,1625449482.0,64.0
4.11,1625449482.0,64.0
1.48,1625449482.0,64.0
-1.09,1625449482.0,64.0
-3.76,1625449482.0,64.0
-6.64,1625449482.0,64.0
-9.73,1625449482.0,64.0
-12.91,1625449482.0,64.0
-15.95,1625449482.0,64.0
-18.65,1625449482.0,64.0
-20.89,1625449482.0,64.0
-22.78,1625449482.0,64.0
-24.56,1625449482.0,64.0
-26.59,1625449482.0,64.0
-29.14,1625449482.0,64.0
-32.29,1625449482.0,64.0
-35.89,1625449482.0,64.0
-39.54,1625449482.0,64.0
-42.71,1625449482.0,64.0
-44.8,1625449482.0,64.0
-45.25,1625449482.0,64.0
-43.67,1625449482.0,64.0
-39.96,1625449482.0,64.0
-34.32,1625449482.0,64.0
-27.2,1625449482.0,64.0
-19.2,1625449482.0,64.0
-10.85,1625449482.0,64.0
-2.53,1625449482.0,64.0
5.5,1625449482.0,64.0
13.02,1625449482.0,64.0
19.75,1625449482.0,64.0
25.29,1625449482.0,64.0
29.29,1625449482.0,64.0
31.66,1625449482.0,64.0
32.65,1625449482.0,64.0
32.83,1625449482.0,64.0
32.82,1625449482.0,64.0
33.04,1625449482.0,64.0
33.55,1625449482.0,64.0
34.13,1625449482.0,64.0
34.44,1625449482.0,64.0
34.27,1625449482.0,64.0
33.61,1625449482.0,64.0
32.58,1625449482.0,64.0
31.29,1625449482.0,64.0
29.71,1625449482.0,64.0
27.71,1625449482.0,64.0
25.13,1625449482.0,64.0
21.96,1625449482.0,64.0
18.36,1625449482.0,64.0
14.61,1625449482.0,64.0
11.03,1625449482.0,64.0
7.79,1625449482.0,64.0
4.93,1625449482.0,64.0
2.37,1625449482.0,64.0
0.01,1625449482.0,64.0
-2.25,1625449482.0,64.0
-4.48,1625449482.0,64.0
-6.77,1625449482.0,64.0
-9.17,1625449482.0,64.0
-11.75,1625449482.0,64.0
-14.45,1625449482.0,64.0
-17.09,1625449482.0,64.0
-19.45,1625449482.0,64.0
-21.3,1625449482.0,64.0
-22.58,1625449482.0,64.0
-23.4,1625449482.0,64.0
-23.93,1625449482.0,64.0
-24.29,1625449482.0,64.0
-24.31,1625449482.0,64.0
-23.51,1625449482.0,64.0
-21.29,1625449482.0,64.0
-17.17,1625449482.0,64.0
-11.02,1625449482.0,64.0
-3.3,1625449482.0,64.0
5.2,1625449482.0,64.0
13.48,1625449482.0,64.0
20.67,1625449482.0,64.0
26.17,1625449482.0,64.0
29.67,1625449482.0,64.0
31.07,1625449482.0,64.0
30.5,1625449482.0,64.0
28.38,1625449482.0,64.0
25.45,1625449482.0,64.0
22.65,1625449482.0,64.0
20.85,1625449482.0,64.0
20.54,1625449482.0,64.0
21.61,1625449482.0,64.0
23.43,1625449482.0,64.0
25.21,1625449482.0,64.0
26.28,1625449482.0,64.0
26.4,1625449482.0,64.0
25.62,1625449482.0,64.0
24.15,1625449482.0,64.0
22.09,1625449482.0,64.0
19.44,1625449482.0,64.0
16.19,1625449482.0,64.0
12.5,1625449482.0,64.0
8.66,1625449482.0,64.0
5.03,1625449482.0,64.0
1.83,1625449482.0,64.0
-0.96,1625449482.0,64.0
-3.53,1625449482.0,64.0
-6.1,1625449482.0,64.0
-8.82,1625449482.0,64.0
-11.64,1625449482.0,64.0
-14.39,1625449482.0,64.0
-16.88,1625449482.0,64.0
-19.0,1625449482.0,64.0
-20.79,1625449482.0,64.0
-22.46,1625449482.0,64.0
-24.31,1625449482.0,64.0
-26.66,1625449482.0,64.0
-29.78,1625449482.0,64.0
-33.73,1625449482.0,64.0
-38.32,1625449482.0,64.0
-43.03,1625449482.0,64.0
-47.1,1625449482.0,64.0
-49.69,1625449482.0,64.0
-50.14,1625449482.0,64.0
-48.1,1625449482.0,64.0
-43.71,1625449482.0,64.0
-37.47,1625449482.0,64.0
-30.07,1625449482.0,64.0
-22.15,1625449482.0,64.0
-14.1,1625449482.0,64.0
-6.05,1625449482.0,64.0
2.0,1625449482.0,64.0
9.93,1625449482.0,64.0
17.42,1625449482.0,64.0
23.94,1625449482.0,64.0
28.95,1625449482.0,64.0
32.12,1625449482.0,64.0
33.5,1625449482.0,64.0
33.53,1625449482.0,64.0
32.86,1625449482.0,64.0
32.08,1625449482.0,64.0
31.58,1625449482.0,64.0
31.37,1625449482.0,64.0
31.26,1625449482.0,64.0
30.89,1625449482.0,64.0
29.99,1625449482.0,64.0
28.43,1625449482.0,64.0
26.26,1625449482.0,64.0
23.64,1625449482.0,64.0
20.75,1625449482.0,64.0
17.78,1625449482.0,64.0
14.83,1625449482.0,64.0
11.99,1625449482.0,64.0
9.26,1625449482.0,64.0
6.66,1625449482.0,64.0
4.12,1625449482.0,64.0
1.57,1625449482.0,64.0
-1.11,1625449482.0,64.0
-4.01,1625449482.0,64.0
-7.14,1625449482.0,64.0
-10.47,1625449482.0,64.0
-13.84,1625449482.0,64.0
-17.12,1625449482.0,64.0
-20.18,1625449482.0,64.0
-23.0,1625449482.0,64.0
-25.66,1625449482.0,64.0
-28.36,1625449482.0,64.0
-31.3,1625449482.0,64.0
-34.66,1625449482.0,64.0
-38.46,1625449482.0,64.0
-42.49,1625449482.0,64.0
-46.31,1625449482.0,64.0
-49.25,1625449482.0,64.0
-50.62,1625449482.0,64.0
-49.92,1625449482.0,64.0
-46.93,1625449482.0,64.0
-41.82,1625449482.0,64.0
-35.03,1625449482.0,64.0
-27.09,1625449482.0,64.0
-18.41,1625449482.0,64.0
-9.33,1625449482.0,64.0
-0.09,1625449482.0,64.0
8.96,1625449482.0,64.0
17.3,1625449482.0,64.0
24.3,1625449482.0,64.0
29.42,1625449482.0,64.0
32.44,1625449482.0,64.0
33.63,1625449482.0,64.0
33.73,1625449482.0,64.0
33.59,1625449482.0,64.0
33.97,1625449482.0,64.0
35.16,1625449482.0,64.0
36.92,1625449482.0,64.0
38.7,1625449482.0,64.0
39.88,1625449482.0,64.0
40.14,1625449482.0,64.0
39.54,1625449482.0,64.0
38.42,1625449482.0,64.0
37.18,1625449482.0,64.0
35.94,1625449482.0,64.0
34.51,1625449482.0,64.0
32.46,1625449482.0,64.0
29.37,1625449482.0,64.0
25.07,1625449482.0,64.0
19.76,1625449482.0,64.0
13.86,1625449482.0,64.0
7.91,1625449482.0,64.0
2.35,1625449482.0,64.0
-2.55,1625449482.0,64.0
-6.72,1625449482.0,64.0
-10.25,1625449482.0,64.0
-13.33,1625449482.0,64.0
-16.2,1625449482.0,64.0
-19.11,1625449482.0,64.0
-22.14,1625449482.0,64.0
-25.23,1625449482.0,64.0
-28.14,1625449482.0,64.0
-30.66,1625449482.0,64.0
-32.78,1625449482.0,64.0
-34.74,1625449482.0,64.0
-37.03,1625449482.0,64.0
-40.12,1625449482.0,64.0
-44.21,1625449482.0,64.0
-49.08,1625449482.0,64.0
-54.11,1625449482.0,64.0
-58.44,1625449482.0,64.0
-61.22,1625449482.0,64.0
-61.81,1625449482.0,64.0
-59.95,1625449482.0,64.0
-55.72,1625449482.0,64.0
-49.46,1625449482.0,64.0
-41.66,1625449482.0,64.0
-32.76,1625449482.0,64.0
-23.09,1625449482.0,64.0
-12.87,1625449482.0,64.0
-2.33,1625449482.0,64.0
8.15,1625449482.0,64.0
17.92,1625449482.0,64.0
26.23,1625449482.0,64.0
32.39,1625449482.0,64.0
36.15,1625449482.0,64.0
37.78,1625449482.0,64.0
37.97,1625449482.0,64.0
37.58,1625449482.0,64.0
37.23,1625449482.0,64.0
37.13,1625449482.0,64.0
37.1,1625449482.0,64.0
36.77,1625449482.0,64.0
35.88,1625449482.0,64.0
34.37,1625449482.0,64.0
32.39,1625449482.0,64.0
30.15,1625449482.0,64.0
27.75,1625449482.0,64.0
25.18,1625449482.0,64.0
22.35,1625449482.0,64.0
19.17,1625449482.0,64.0
15.65,1625449482.0,64.0
11.91,1625449482.0,64.0
8.18,1625449482.0,64.0
4.71,1625449482.0,64.0
1.71,1625449482.0,64.0
-0.69,1625449482.0,64.0
-2.56,1625449482.0,64.0
-4.12,1625449482.0,64.0
-5.72,1625449482.0,64.0
-7.71,1625449482.0,64.0
-10.23,1625449482.0,64.0
-13.25,1625449482.0,64.0
-16.49,1625449482.0,64.0
-19.61,1625449482.0,64.0
-22.41,1625449482.0,64.0
-24.86,1625449482.0,64.0
-27.12,1625449482.0,64.0
-29.43,1625449482.0,64.0
-31.99,1625449482.0,64.0
-34.92,1625449482.0,64.0
-38.21,1625449482.0,64.0
-41.75,1625449482.0,64.0
-45.38,1625449482.0,64.0
-48.79,1625449482.0,64.0
-51.55,1625449482.0,64.0
-53.06,1625449482.0,64.0
-52.7,1625449482.0,64.0
-50.04,1625449482.0,64.0
-44.99,1625449482.0,64.0
-37.84,1625449482.0,64.0
-29.17,1625449482.0,64.0
-19.67,1625449482.0,64.0
-9.92,1625449482.0,64.0
-0.34,1625449482.0,64.0
8.77,1625449482.0,64.0
17.14,1625449482.0,64.0
24.42,1625449482.0,64.0
30.29,1625449482.0,64.0
34.56,1625449482.0,64.0
37.31,1625449482.0,64.0
38.86,1625449482.0,64.0
39.71,1625449482.0,64.0
40.29,1625449482.0,64.0
40.85,1625449482.0,64.0
41.38,1625449482.0,64.0
41.73,1625449482.0,64.0
41.73,1625449482.0,64.0
41.27,1625449482.0,64.0
40.37,1625449482.0,64.0
39.1,1625449482.0,64.0
37.48,1625449482.0,64.0
35.52,1625449482.0,64.0
33.21,1625449482.0,64.0
30.56,1625449482.0,64.0
27.66,1625449482.0,64.0
24.63,1625449482.0,64.0
21.6,1625449482.0,64.0
18.69,1625449482.0,64.0
15.96,1625449482.0,64.0
13.42,1625449482.0,64.0
11.04,1625449482.0,64.0
8.73,1625449482.0,64.0
6.39,1625449482.0,64.0
3.89,1625449482.0,64.0
1.16,1625449482.0,64.0
-1.79,1625449482.0,64.0
-4.9,1625449482.0,64.0
-8.07,1625449482.0,64.0
-11.17,1625449482.0,64.0
-14.16,1625449482.0,64.0
-17.0,1625449482.0,64.0
-19.68,1625449482.0,64.0
-22.23,1625449482.0,64.0
-24.71,1625449482.0,64.0
-27.23,1625449482.0,64.0
-29.85,1625449482.0,64.0
-32.46,1625449482.0,64.0
-34.73,1625449482.0,64.0
-36.07,1625449482.0,64.0
-35.84,1625449482.0,64.0
-33.54,1625449482.0,64.0
-29.09,1625449482.0,64.0
-22.91,1625449482.0,64.0
-15.79,1625449482.0,64.0
-8.65,1625449482.0,64.0
-2.21,1625449482.0,64.0
3.19,1625449482.0,64.0
7.6,1625449482.0,64.0
11.32,1625449482.0,64.0
14.69,1625449482.0,64.0
17.89,1625449482.0,64.0
20.9,1625449482.0,64.0
23.6,1625449482.0,64.0
25.85,1625449482.0,64.0
27.6,1625449482.0,64.0
28.9,1625449482.0,64.0
29.85,1625449482.0,64.0
30.51,1625449482.0,64.0
30.85,1625449482.0,64.0
30.75,1625449482.0,64.0
30.1,1625449482.0,64.0
28.83,1625449482.0,64.0
26.97,1625449482.0,64.0
24.64,1625449482.0,64.0
22.0,1625449482.0,64.0
19.19,1625449482.0,64.0
16.32,1625449482.0,64.0
13.42,1625449482.0,64.0
10.53,1625449482.0,64.0
7.72,1625449482.0,64.0
5.06,1625449482.0,64.0
2.62,1625449482.0,64.0
0.42,1625449482.0,64.0
-1.68,1625449482.0,64.0
-3.85,1625449482.0,64.0
-6.29,1625449482.0,64.0
-9.1,1625449482.0,64.0
-12.24,1625449482.0,64.0
-15.58,1625449482.0,64.0
-18.97,1625449482.0,64.0
-22.29,1625449482.0,64.0
-25.57,1625449482.0,64.0
-28.87,1625449482.0,64.0
-32.32,1625449482.0,64.0
-36.0,1625449482.0,64.0
-39.92,1625449482.0,64.0
-43.94,1625449482.0,64.0
-47.79,1625449482.0,64.0
-51.0,1625449482.0,64.0
-52.98,1625449482.0,64.0
-53.16,1625449482.0,64.0
-51.12,1625449482.0,64.0
-46.76,1625449482.0,64.0
-40.36,1625449482.0,64.0
-32.45,1625449482.0,64.0
-23.64,1625449482.0,64.0
-14.43,1625449482.0,64.0
-5.14,1625449482.0,64.0
4.05,1625449482.0,64.0
12.91,1625449482.0,64.0
21.1,1625449482.0,64.0
28.14,1625449482.0,64.0
33.58,1625449482.0,64.0
37.23,1625449482.0,64.0
39.24,1625449482.0,64.0
40.1,1625449482.0,64.0
40.45,1625449482.0,64.0
40.79,1625449482.0,64.0
41.28,1625449482.0,64.0
41.77,1625449482.0,64.0
41.9,1625449482.0,64.0
41.36,1625449482.0,64.0
40.05,1625449482.0,64.0
38.11,1625449482.0,64.0
35.78,1625449482.0,64.0
33.27,1625449482.0,64.0
30.63,1625449482.0,64.0
27.77,1625449482.0,64.0
24.64,1625449482.0,64.0
21.25,1625449482.0,64.0
17.74,1625449482.0,64.0
14.33,1625449482.0,64.0
11.15,1625449482.0,64.0
8.2,1625449482.0,64.0
5.34,1625449482.0,64.0
2.37,1625449482.0,64.0
-0.84,1625449482.0,64.0
-4.28,1625449482.0,64.0
-7.85,1625449482.0,64.0
-11.4,1625449482.0,64.0
-14.85,1625449482.0,64.0
-18.17,1625449482.0,64.0
-21.41,1625449482.0,64.0
-24.64,1625449482.0,64.0
-27.92,1625449482.0,64.0
-31.33,1625449482.0,64.0
-34.98,1625449482.0,64.0
-38.95,1625449482.0,64.0
-43.26,1625449482.0,64.0
-47.71,1625449482.0,64.0
-51.83,1625449482.0,64.0
-54.93,1625449482.0,64.0
-56.26,1625449482.0,64.0
-55.29,1625449482.0,64.0
-51.86,1625449482.0,64.0
-46.26,1625449482.0,64.0
-39.05,1625449482.0,64.0
-30.86,1625449482.0,64.0
-22.12,1625449482.0,64.0
-13.01,1625449482.0,64.0
-3.56,1625449482.0,64.0
6.16,1625449482.0,64.0
15.85,1625449482.0,64.0
24.88,1625449482.0,64.0
32.47,1625449482.0,64.0
37.94,1625449482.0,64.0
41.01,1625449482.0,64.0
41.95,1625449482.0,64.0
41.56,1625449482.0,64.0
40.79,1625449482.0,64.0
40.48,1625449482.0,64.0
41.0,1625449482.0,64.0
42.24,1625449482.0,64.0
43.67,1625449482.0,64.0
44.69,1625449482.0,64.0
44.76,1625449482.0,64.0
43.63,1625449482.0,64.0
41.23,1625449482.0,64.0
37.67,1625449482.0,64.0
33.18,1625449482.0,64.0
28.02,1625449482.0,64.0
22.49,1625449482.0,64.0
16.86,1625449482.0,64.0
11.38,1625449482.0,64.0
6.19,1625449482.0,64.0
1.37,1625449482.0,64.0
-3.04,1625449482.0,64.0
-6.99,1625449482.0,64.0
-10.39,1625449482.0,64.0
-13.21,1625449482.0,64.0
-15.47,1625449482.0,64.0
-17.33,1625449482.0,64.0
-19.0,1625449482.0,64.0
-20.76,1625449482.0,64.0
-22.8,1625449482.0,64.0
-25.21,1625449482.0,64.0
-27.94,1625449482.0,64.0
-30.87,1625449482.0,64.0
-33.87,1625449482.0,64.0
-36.85,1625449482.0,64.0
-39.82,1625449482.0,64.0
-42.9,1625449482.0,64.0
-46.22,1625449482.0,64.0
-49.81,1625449482.0,64.0
-53.46,1625449482.0,64.0
-56.69,1625449482.0,64.0
-58.79,1625449482.0,64.0
-59.06,1625449482.0,64.0
-56.99,1625449482.0,64.0
-52.46,1625449482.0,64.0
-45.79,1625449482.0,64.0
-37.56,1625449482.0,64.0
-28.37,1625449482.0,64.0
-18.62,1625449482.0,64.0
-8.48,1625449482.0,64.0
1.97,1625449482.0,64.0
12.57,1625449482.0,64.0
22.82,1625449482.0,64.0
31.94,1625449482.0,64.0
39.09,1625449482.0,64.0
43.7,1625449482.0,64.0
45.72,1625449482.0,64.0
45.7,1625449482.0,64.0
44.55,1625449482.0,64.0
43.23,1625449482.0,64.0
42.34,1625449482.0,64.0
42.0,1625449482.0,64.0
41.9,1625449482.0,64.0
41.56,1625449482.0,64.0
40.58,1625449482.0,64.0
38.8,1625449482.0,64.0
36.34,1625449482.0,64.0
33.48,1625449482.0,64.0
30.46,1625449482.0,64.0
27.42,1625449482.0,64.0
24.35,1625449482.0,64.0
21.18,1625449482.0,64.0
17.86,1625449482.0,64.0
14.41,1625449482.0,64.0
11.0,1625449482.0,64.0
7.78,1625449482.0,64.0
4.85,1625449482.0,64.0
2.2,1625449482.0,64.0
-0.36,1625449482.0,64.0
-3.1,1625449482.0,64.0
-6.22,1625449482.0,64.0
-9.74,1625449482.0,64.0
-13.51,1625449482.0,64.0
-17.19,1625449482.0,64.0
-20.46,1625449482.0,64.0
-23.15,1625449482.0,64.0
-25.33,1625449482.0,64.0
-27.3,1625449482.0,64.0
-29.45,1625449482.0,64.0
-32.07,1625449482.0,64.0
-35.31,1625449482.0,64.0
-39.13,1625449482.0,64.0
-43.29,1625449482.0,64.0
-47.44,1625449482.0,64.0
-51.11,1625449482.0,64.0
-53.73,1625449482.0,64.0
-54.72,1625449482.0,64.0
-53.63,1625449482.0,64.0
-50.22,1625449482.0,64.0
-44.62,1625449482.0,64.0
-37.28,1625449482.0,64.0
-28.82,1625449482.0,64.0
-19.82,1625449482.0,64.0
-10.69,1625449482.0,64.0
-1.68,1625449482.0,64.0
7.03,1625449482.0,64.0
15.2,1625449482.0,64.0
22.49,1625449482.0,64.0
28.54,1625449482.0,64.0
33.11,1625449482.0,64.0
36.23,1625449482.0,64.0
38.17,1625449482.0,64.0
39.37,1625449482.0,64.0
40.22,1625449482.0,64.0
40.99,1625449482.0,64.0
41.68,1625449482.0,64.0
42.12,1625449482.0,64.0
42.09,1625449482.0,64.0
41.47,1625449482.0,64.0
40.25,1625449482.0,64.0
38.57,1625449482.0,64.0
36.64,1625449482.0,64.0
34.64,1625449482.0,64.0
32.7,1625449482.0,64.0
30.85,1625449482.0,64.0
29.05,1625449482.0,64.0
27.15,1625449482.0,64.0
24.97,1625449482.0,64.0
22.32,1625449482.0,64.0
19.11,1625449482.0,64.0
15.42,1625449482.0,64.0
11.43,1625449482.0,64.0
7.48,1625449482.0,64.0
3.82,1625449482.0,64.0
0.61,1625449482.0,64.0
-2.16,1625449482.0,64.0
-4.64,1625449482.0,64.0
-7.0,1625449482.0,64.0
-9.36,1625449482.0,64.0
-11.71,1625449482.0,64.0
-13.99,1625449482.0,64.0
-16.14,1625449482.0,64.0
-18.26,1625449482.0,64.0
-20.63,1625449482.0,64.0
-23.65,1625449482.0,64.0
-27.65,1625449482.0,64.0
-32.65,1625449482.0,64.0
-38.27,1625449482.0,64.0
-43.63,1625449482.0,64.0
-47.68,1625449482.0,64.0
-49.42,1625449482.0,64.0
-48.26,1625449482.0,64.0
-44.12,1625449482.0,64.0
-37.4,1625449482.0,64.0
-28.78,1625449482.0,64.0
-19.09,1625449482.0,64.0
-9.09,1625449482.0,64.0
0.5,1625449482.0,64.0
9.09,1625449482.0,64.0
16.23,1625449482.0,64.0
21.67,1625449482.0,64.0
25.43,1625449482.0,64.0
27.75,1625449482.0,64.0
28.98,1625449482.0,64.0
29.52,1625449482.0,64.0
29.64,1625449482.0,64.0
29.54,1625449482.0,64.0
29.31,1625449482.0,64.0
28.96,1625449482.0,64.0
28.5,1625449482.0,64.0
27.89,1625449482.0,64.0
27.05,1625449482.0,64.0
25.85,1625449482.0,64.0
24.2,1625449482.0,64.0
22.08,1625449482.0,64.0
19.57,1625449482.0,64.0
16.88,1625449482.0,64.0
14.26,1625449482.0,64.0
11.85,1625449482.0,64.0
9.65,1625449482.0,64.0
7.54,1625449482.0,64.0
5.29,1625449482.0,64.0
2.73,1625449482.0,64.0
-0.22,1625449482.0,64.0
-3.48,1625449482.0,64.0
-6.88,1625449482.0,64.0
-10.2,1625449482.0,64.0
-13.27,1625449482.0,64.0
-15.99,1625449482.0,64.0
-18.41,1625449482.0,64.0
-20.77,1625449482.0,64.0
-23.39,1625449482.0,64.0
-26.63,1625449482.0,64.0
-30.71,1625449482.0,64.0
-35.58,1625449482.0,64.0
-40.94,1625449482.0,64.0
-46.26,1625449482.0,64.0
-50.89,1625449482.0,64.0
-54.21,1625449482.0,64.0
-55.68,1625449482.0,64.0
-54.92,1625449482.0,64.0
-51.76,1625449482.0,64.0
-46.29,1625449482.0,64.0
-38.88,1625449482.0,64.0
-30.12,1625449482.0,64.0
-20.68,1625449482.0,64.0
-11.13,1625449482.0,64.0
-1.82,1625449482.0,64.0
7.05,1625449482.0,64.0
15.32,1625449482.0,64.0
22.75,1625449482.0,64.0
28.97,1625449482.0,64.0
33.6,1625449482.0,64.0
36.47,1625449482.0,64.0
37.72,1625449482.0,64.0
37.81,1625449482.0,64.0
37.35,1625449482.0,64.0
36.83,1625449482.0,64.0
36.51,1625449482.0,64.0
36.35,1625449482.0,64.0
36.15,1625449482.0,64.0
35.71,1625449482.0,64.0
34.87,1625449482.0,64.0
33.6,1625449482.0,64.0
31.89,1625449482.0,64.0
29.69,1625449482.0,64.0
26.98,1625449482.0,64.0
23.78,1625449482.0,64.0
20.24,1625449482.0,64.0
16.6,1625449482.0,64.0
13.14,1625449482.0,64.0
10.0,1625449482.0,64.0
7.16,1625449482.0,64.0
4.44,1625449482.0,64.0
1.62,1625449482.0,64.0
-1.47,1625449482.0,64.0
-4.85,1625449482.0,64.0
-8.41,1625449482.0,64.0
-11.98,1625449482.0,64.0
-15.47,1625449482.0,64.0
-18.84,1625449482.0,64.0
-22.15,1625449482.0,64.0
-25.51,1625449482.0,64.0
-29.07,1625449482.0,64.0
-32.98,1625449482.0,64.0
-37.33,1625449482.0,64.0
-42.12,1625449482.0,64.0
-47.14,1625449482.0,64.0
-51.93,1625449482.0,64.0
-55.8,1625449482.0,64.0
-57.98,1625449482.0,64.0
-57.9,1625449482.0,64.0
-55.25,1625449482.0,64.0
-50.18,1625449482.0,64.0
-43.15,1625449482.0,64.0
-34.8,1625449482.0,64.0
-25.71,1625449482.0,64.0
-16.23,1625449482.0,64.0
-6.51,1625449482.0,64.0
3.35,1625449482.0,64.0
13.15,1625449482.0,64.0
22.44,1625449482.0,64.0
30.62,1625449482.0,64.0
37.12,1625449482.0,64.0
41.65,1625449482.0,64.0
44.32,1625449482.0,64.0
45.61,1625449482.0,64.0
46.17,1625449482.0,64.0
46.51,1625449482.0,64.0
46.84,1625449482.0,64.0
46.98,1625449482.0,64.0
46.58,1625449482.0,64.0
45.21,1625449482.0,64.0
42.61,1625449482.0,64.0
38.71,1625449482.0,64.0
33.64,1625449482.0,64.0
27.71,1625449482.0,64.0
21.36,1625449482.0,64.0
15.19,1625449482.0,64.0
9.8,1625449482.0,64.0
5.67,1625449482.0,64.0
2.99,1625449482.0,64.0
1.6,1625449482.0,64.0
1.05,1625449482.0,64.0
0.79,1625449482.0,64.0
0.28,1625449482.0,64.0
-0.79,1625449482.0,64.0
-2.58,1625449482.0,64.0
-5.12,1625449482.0,64.0
-8.32,1625449482.0,64.0
-12.08,1625449482.0,64.0
-16.21,1625449482.0,64.0
-20.48,1625449482.0,64.0
-24.63,1625449482.0,64.0
-28.55,1625449482.0,64.0
-32.26,1625449482.0,64.0
-35.95,1625449482.0,64.0
-39.82,1625449482.0,64.0
-43.96,1625449482.0,64.0
-48.19,1625449482.0,64.0
-52.02,1625449482.0,64.0
-54.74,1625449482.0,64.0
-55.59,1625449482.0,64.0
-53.99,1625449482.0,64.0
-49.75,1625449482.0,64.0
-43.16,1625449482.0,64.0
-34.88,1625449482.0,64.0
-25.76,1625449482.0,64.0
-16.49,1625449482.0,64.0
-7.47,1625449482.0,64.0
1.2,1625449482.0,64.0
9.57,1625449482.0,64.0
17.61,1625449482.0,64.0
25.07,1625449482.0,64.0
31.49,1625449482.0,64.0
36.41,1625449482.0,64.0
39.6,1625449482.0,64.0
41.16,1625449482.0,64.0
41.53,1625449482.0,64.0
41.21,1625449482.0,64.0
40.62,1625449482.0,64.0
39.88,1625449482.0,64.0
38.94,1625449482.0,64.0
37.65,1625449482.0,64.0
35.93,1625449482.0,64.0
33.77,1625449482.0,64.0
31.26,1625449482.0,64.0
28.49,1625449482.0,64.0
25.45,1625449482.0,64.0
22.13,1625449482.0,64.0
18.53,1625449482.0,64.0
14.78,1625449482.0,64.0
11.1,1625449482.0,64.0
7.74,1625449482.0,64.0
4.86,1625449482.0,64.0
2.42,1625449482.0,64.0
0.17,1625449482.0,64.0
-2.2,1625449482.0,64.0
-4.98,1625449482.0,64.0
-8.27,1625449482.0,64.0
-11.92,1625449482.0,64.0
-15.69,1625449482.0,64.0
-19.28,1625449482.0,64.0
-22.52,1625449482.0,64.0
-25.39,1625449482.0,64.0
-28.02,1625449482.0,64.0
-30.61,1625449482.0,64.0
-33.37,1625449482.0,64.0
-36.49,1625449482.0,64.0
-40.1,1625449482.0,64.0
-44.15,1625449482.0,64.0
-48.37,1625449482.0,64.0
-52.18,1625449482.0,64.0
-54.81,1625449482.0,64.0
-55.42,1625449482.0,64.0
-53.43,1625449482.0,64.0
-48.65,1625449482.0,64.0
-41.38,1625449482.0,64.0
-32.35,1625449482.0,64.0
-22.37,1625449482.0,64.0
-12.16,1625449482.0,64.0
-2.21,1625449482.0,64.0
7.26,1625449482.0,64.0
16.08,1625449482.0,64.0
24.03,1625449482.0,64.0
30.78,1625449482.0,64.0
35.98,1625449482.0,64.0
39.42,1625449482.0,64.0
41.19,1625449482.0,64.0
41.69,1625449482.0,64.0
41.46,1625449482.0,64.0
41.01,1625449482.0,64.0
40.64,1625449482.0,64.0
40.39,1625449482.0,64.0
40.11,1625449482.0,64.0
39.62,1625449482.0,64.0
38.72,1625449482.0,64.0
37.27,1625449482.0,64.0
35.14,1625449482.0,64.0
32.27,1625449482.0,64.0
28.67,1625449482.0,64.0
24.52,1625449482.0,64.0
20.15,1625449482.0,64.0
15.95,1625449482.0,64.0
12.21,1625449482.0,64.0
9.01,1625449482.0,64.0
6.21,1625449482.0,64.0
3.56,1625449482.0,64.0
0.84,1625449482.0,64.0
-1.95,1625449482.0,64.0
-4.66,1625449482.0,64.0
-6.98,1625449482.0,64.0
-8.63,1625449482.0,64.0
-9.56,1625449482.0,64.0
-9.87,1625449482.0,64.0
-9.89,1625449482.0,64.0
-10.02,1625449482.0,64.0
-10.64,1625449482.0,64.0
-12.01,1625449482.0,64.0
-14.3,1625449482.0,64.0
-17.5,1625449482.0,64.0
-21.33,1625449482.0,64.0
-25.32,1625449482.0,64.0
-28.74,1625449482.0,64.0
-30.81,1625449482.0,64.0
-30.95,1625449482.0,64.0
-29.03,1625449482.0,64.0
-25.37,1625449482.0,64.0
-20.64,1625449482.0,64.0
-15.57,1625449482.0,64.0
-10.55,1625449482.0,64.0
-5.61,1625449482.0,64.0
-0.47,1625449482.0,64.0
5.11,1625449482.0,64.0
11.07,1625449482.0,64.0
16.94,1625449482.0,64.0
22.09,1625449482.0,64.0
26.0,1625449482.0,64.0
28.52,1625449482.0,64.0
29.97,1625449482.0,64.0
30.87,1625449482.0,64.0
31.67,1625449482.0,64.0
32.51,1625449482.0,64.0
33.15,1625449482.0,64.0
33.19,1625449482.0,64.0
32.27,1625449482.0,64.0
30.31,1625449482.0,64.0
27.5,1625449482.0,64.0
24.24,1625449482.0,64.0
20.89,1625449482.0,64.0
17.72,1625449482.0,64.0
14.79,1625449482.0,64.0
12.07,1625449482.0,64.0
9.53,1625449482.0,64.0
7.16,1625449482.0,64.0
4.99,1625449482.0,64.0
3.03,1625449482.0,64.0
1.22,1625449482.0,64.0
-0.56,1625449482.0,64.0
-2.47,1625449482.0,64.0
-4.67,1625449482.0,64.0
-7.25,1625449482.0,64.0
-10.24,1625449482.0,64.0
-13.64,1625449482.0,64.0
-17.43,1625449482.0,64.0
-21.58,1625449482.0,64.0
-26.07,1625449482.0,64.0
-30.86,1625449482.0,64.0
-35.94,1625449482.0,64.0
-41.19,1625449482.0,64.0
-46.35,1625449482.0,64.0
-50.91,1625449482.0,64.0
-54.15,1625449482.0,64.0
-55.3,1625449482.0,64.0
-53.74,1625449482.0,64.0
-49.3,1625449482.0,64.0
-42.31,1625449482.0,64.0
-33.52,1625449482.0,64.0
-23.76,1625449482.0,64.0
-13.72,1625449482.0,64.0
-3.79,1625449482.0,64.0
5.9,1625449482.0,64.0
15.25,1625449482.0,64.0
23.98,1625449482.0,64.0
31.6,1625449482.0,64.0
37.56,1625449482.0,64.0
41.53,1625449482.0,64.0
43.59,1625449482.0,64.0
44.21,1625449482.0,64.0
44.09,1625449482.0,64.0
43.81,1625449482.0,64.0
43.63,1625449482.0,64.0
43.43,1625449482.0,64.0
42.92,1625449482.0,64.0
41.76,1625449482.0,64.0
39.83,1625449482.0,64.0
37.21,1625449482.0,64.0
34.11,1625449482.0,64.0
30.74,1625449482.0,64.0
27.25,1625449482.0,64.0
23.69,1625449482.0,64.0
20.05,1625449482.0,64.0
16.33,1625449482.0,64.0
12.58,1625449482.0,64.0
8.84,1625449482.0,64.0
5.19,1625449482.0,64.0
1.67,1625449482.0,64.0
-1.73,1625449482.0,64.0
-5.07,1625449482.0,64.0
-8.45,1625449482.0,64.0
-11.98,1625449482.0,64.0
-15.71,1625449482.0,64.0
-19.61,1625449482.0,64.0
-23.58,1625449482.0,64.0
-27.5,1625449482.0,64.0
-31.32,1625449482.0,64.0
-35.12,1625449482.0,64.0
-39.07,1625449482.0,64.0
-43.35,1625449482.0,64.0
-47.99,1625449482.0,64.0
-52.69,1625449482.0,64.0
-56.83,1625449482.0,64.0
-59.61,1625449482.0,64.0
-60.23,1625449482.0,64.0
-58.22,1625449482.0,64.0
-53.51,1625449482.0,64.0
-46.48,1625449482.0,64.0
-37.75,1625449482.0,64.0
-27.99,1625449482.0,64.0
-17.7,1625449482.0,64.0
-7.16,1625449482.0,64.0
3.44,1625449482.0,64.0
13.86,1625449482.0,64.0
23.66,1625449482.0,64.0
32.23,1625449482.0,64.0
38.95,1625449482.0,64.0
43.46,1625449482.0,64.0
45.82,1625449482.0,64.0
46.51,1625449482.0,64.0
46.27,1625449482.0,64.0
45.75,1625449482.0,64.0
45.34,1625449482.0,64.0
45.01,1625449482.0,64.0
44.47,1625449482.0,64.0
43.41,1625449482.0,64.0
41.65,1625449482.0,64.0
39.27,1625449482.0,64.0
36.5,1625449482.0,64.0
33.56,1625449482.0,64.0
30.52,1625449482.0,64.0
27.31,1625449482.0,64.0
23.81,1625449482.0,64.0
20.0,1625449482.0,64.0
16.01,1625449482.0,64.0
12.08,1625449482.0,64.0
8.5,1625449482.0,64.0
5.38,1625449482.0,64.0
2.65,1625449482.0,64.0
0.09,1625449482.0,64.0
-2.58,1625449482.0,64.0
-5.56,1625449482.0,64.0
-8.88,1625449482.0,64.0
-12.43,1625449482.0,64.0
-16.06,1625449482.0,64.0
-19.6,1625449482.0,64.0
-22.98,1625449482.0,64.0
-26.25,1625449482.0,64.0
-29.53,1625449482.0,64.0
-33.0,1625449482.0,64.0
-36.78,1625449482.0,64.0
-40.95,1625449482.0,64.0
-45.4,1625449482.0,64.0
-49.87,1625449482.0,64.0
-53.87,1625449482.0,64.0
-56.76,1625449482.0,64.0
-57.87,1625449482.0,64.0
-56.63,1625449482.0,64.0
-52.79,1625449482.0,64.0
-46.45,1625449482.0,64.0
-38.1,1625449482.0,64.0
-28.42,1625449482.0,64.0
-18.13,1625449482.0,64.0
-7.75,1625449482.0,64.0
2.4,1625449482.0,64.0
12.12,1625449482.0,64.0
21.12,1625449482.0,64.0
28.99,1625449482.0,64.0
35.17,1625449482.0,64.0
39.24,1625449482.0,64.0
41.09,1625449482.0,64.0
41.09,1625449482.0,64.0
39.96,1625449482.0,64.0
38.49,1625449482.0,64.0
37.26,1625449482.0,64.0
36.44,1625449482.0,64.0
35.86,1625449482.0,64.0
35.19,1625449482.0,64.0
34.14,1625449482.0,64.0
32.62,1625449482.0,64.0
30.66,1625449482.0,64.0
28.29,1625449482.0,64.0
25.5,1625449482.0,64.0
22.21,1625449482.0,64.0
18.38,1625449482.0,64.0
14.1,1625449482.0,64.0
9.65,1625449482.0,64.0
5.4,1625449482.0,64.0
1.72,1625449482.0,64.0
-1.19,1625449482.0,64.0
-3.39,1625449482.0,64.0
-5.18,1625449482.0,64.0
-6.98,1625449482.0,64.0
-9.16,1625449482.0,64.0
-11.9,1625449482.0,64.0
-15.11,1625449482.0,64.0
-18.55,1625449482.0,64.0
-21.94,1625449482.0,64.0
-25.12,1625449482.0,64.0
-28.09,1625449482.0,64.0
-31.0,1625449482.0,64.0
-34.01,1625449482.0,64.0
-37.26,1625449482.0,64.0
-40.81,1625449482.0,64.0
-44.62,1625449482.0,64.0
-48.52,1625449482.0,64.0
-52.11,1625449482.0,64.0
-54.78,1625449482.0,64.0
-55.76,1625449482.0,64.0
-54.34,1625449482.0,64.0
-50.19,1625449482.0,64.0
-43.47,1625449482.0,64.0
-34.81,1625449482.0,64.0
-25.07,1625449482.0,64.0
-15.02,1625449482.0,64.0
-5.17,1625449482.0,64.0
4.22,1625449482.0,64.0
13.01,1625449482.0,64.0
20.94,1625449482.0,64.0
27.63,1625449482.0,64.0
32.68,1625449482.0,64.0
35.94,1625449482.0,64.0
37.59,1625449482.0,64.0
38.13,1625449482.0,64.0
38.17,1625449482.0,64.0
38.18,1625449482.0,64.0
38.31,1625449482.0,64.0
38.45,1625449482.0,64.0
38.36,1625449482.0,64.0
37.81,1625449482.0,64.0
36.71,1625449482.0,64.0
35.11,1625449482.0,64.0
33.09,1625449482.0,64.0
30.68,1625449482.0,64.0
27.94,1625449482.0,64.0
24.9,1625449482.0,64.0
21.68,1625449482.0,64.0
18.39,1625449482.0,64.0
15.16,1625449482.0,64.0
12.02,1625449482.0,64.0
8.92,1625449482.0,64.0
5.84,1625449482.0,64.0
2.79,1625449482.0,64.0
-0.16,1625449482.0,64.0
-2.92,1625449482.0,64.0
-5.45,1625449482.0,64.0
-7.81,1625449482.0,64.0
-10.09,1625449482.0,64.0
-12.34,1625449482.0,64.0
-14.52,1625449482.0,64.0
-16.59,1625449482.0,64.0
-18.57,1625449482.0,64.0
-20.64,1625449482.0,64.0
-23.13,1625449482.0,64.0
-26.31,1625449482.0,64.0
-30.24,1625449482.0,64.0
-34.54,1625449482.0,64.0
-38.49,1625449482.0,64.0
-41.15,1625449482.0,64.0
-41.67,1625449482.0,64.0
-39.61,1625449482.0,64.0
-34.99,1625449482.0,64.0
-28.33,1625449482.0,64.0
-20.36,1625449482.0,64.0
-11.81,1625449482.0,64.0
-3.2,1625449482.0,64.0
5.15,1625449482.0,64.0
13.07,1625449482.0,64.0
20.32,1625449482.0,64.0
26.56,1625449482.0,64.0
31.38,1625449482.0,64.0
34.51,1625449482.0,64.0
35.95,1625449482.0,64.0
36.06,1625449482.0,64.0
35.44,1625449482.0,64.0
34.69,1625449482.0,64.0
34.22,1625449482.0,64.0
34.16,1625449482.0,64.0
34.33,1625449482.0,64.0
34.41,1625449482.0,64.0
34.08,1625449482.0,64.0
33.09,1625449482.0,64.0
31.31,1625449482.0,64.0
28.7,1625449482.0,64.0
25.34,1625449482.0,64.0
21.41,1625449482.0,64.0
17.2,1625449482.0,64.0
13.0,1625449482.0,64.0
9.1,1625449482.0,64.0
5.64,1625449482.0,64.0
2.6,1625449482.0,64.0
-0.17,1625449482.0,64.0
-2.87,1625449482.0,64.0
-5.63,1625449482.0,64.0
-8.51,1625449482.0,64.0
-11.48,1625449482.0,64.0
-14.5,1625449482.0,64.0
-17.6,1625449482.0,64.0
-20.9,1625449482.0,64.0
-24.54,1625449482.0,64.0
-28.63,1625449482.0,64.0
-33.18,1625449482.0,64.0
-38.05,1625449482.0,64.0
-43.02,1625449482.0,64.0
-47.8,1625449482.0,64.0
-51.96,1625449482.0,64.0
-55.03,1625449482.0,64.0
-56.46,1625449482.0,64.0
-55.76,1625449482.0,64.0
-52.66,1625449482.0,64.0
-47.23,1625449482.0,64.0
-39.86,1625449482.0,64.0
-31.21,1625449482.0,64.0
-21.95,1625449482.0,64.0
-12.63,1625449482.0,64.0
-3.54,1625449482.0,64.0
5.15,1625449482.0,64.0
13.26,1625449482.0,64.0
20.48,1625449482.0,64.0
26.4,1625449482.0,64.0
30.63,1625449482.0,64.0
33.06,1625449482.0,64.0
33.91,1625449482.0,64.0
33.71,1625449482.0,64.0
33.09,1625449482.0,64.0
32.6,1625449482.0,64.0
32.49,1625449482.0,64.0
32.7,1625449482.0,64.0
32.96,1625449482.0,64.0
32.93,1625449482.0,64.0
32.34,1625449482.0,64.0
31.07,1625449482.0,64.0
29.16,1625449482.0,64.0
26.75,1625449482.0,64.0
23.96,1625449482.0,64.0
20.88,1625449482.0,64.0
17.53,1625449482.0,64.0
13.92,1625449482.0,64.0
10.09,1625449482.0,64.0
6.19,1625449482.0,64.0
2.4,1625449482.0,64.0
-1.16,1625449482.0,64.0
-4.5,1625449482.0,64.0
-7.74,1625449482.0,64.0
-11.09,1625449482.0,64.0
-14.71,1625449482.0,64.0
-18.61,1625449482.0,64.0
-22.67,1625449482.0,64.0
-26.74,1625449482.0,64.0
-30.71,1625449482.0,64.0
-34.59,1625449482.0,64.0
-38.52,1625449482.0,64.0
-42.6,1625449482.0,64.0
-46.82,1625449482.0,64.0
-50.89,1625449482.0,64.0
-54.25,1625449482.0,64.0
-56.22,1625449482.0,64.0
-56.12,1625449482.0,64.0
-53.6,1625449482.0,64.0
-48.7,1625449482.0,64.0
-41.82,1625449482.0,64.0
-33.59,1625449482.0,64.0
-24.58,1625449482.0,64.0
-15.21,1625449482.0,64.0
-5.72,1625449482.0,64.0
3.7,1625449482.0,64.0
12.73,1625449482.0,64.0
20.92,1625449482.0,64.0
27.73,1625449482.0,64.0
32.79,1625449482.0,64.0
35.98,1625449482.0,64.0
37.57,1625449482.0,64.0
38.03,1625449482.0,64.0
37.91,1625449482.0,64.0
37.65,1625449482.0,64.0
37.44,1625449482.0,64.0
37.28,1625449482.0,64.0
37.01,1625449482.0,64.0
36.42,1625449482.0,64.0
35.33,1625449482.0,64.0
33.59,1625449482.0,64.0
31.16,1625449482.0,64.0
28.13,1625449482.0,64.0
24.68,1625449482.0,64.0
21.05,1625449482.0,64.0
17.47,1625449482.0,64.0
14.02,1625449482.0,64.0
10.7,1625449482.0,64.0
7.39,1625449482.0,64.0
4.0,1625449482.0,64.0
0.48,1625449482.0,64.0
-3.1,1625449482.0,64.0
-6.66,1625449482.0,64.0
-10.15,1625449482.0,64.0
-13.58,1625449482.0,64.0
-16.99,1625449482.0,64.0
-20.37,1625449482.0,64.0
-23.65,1625449482.0,64.0
-26.75,1625449482.0,64.0
-29.7,1625449482.0,64.0
-32.66,1625449482.0,64.0
-35.94,1625449482.0,64.0
-39.84,1625449482.0,64.0
-44.43,1625449482.0,64.0
-49.37,1625449482.0,64.0
-53.95,1625449482.0,64.0
-57.23,1625449482.0,64.0
-58.33,1625449482.0,64.0
-56.7,1625449482.0,64.0
-52.33,1625449482.0,64.0
-45.63,1625449482.0,64.0
-37.28,1625449482.0,64.0
-27.98,1625449482.0,64.0
-18.26,1625449482.0,64.0
-8.47,1625449482.0,64.0
1.14,1625449482.0,64.0
10.27,1625449482.0,64.0
18.52,1625449482.0,64.0
25.44,1625449482.0,64.0
30.68,1625449482.0,64.0
34.15,1625449482.0,64.0
36.11,1625449482.0,64.0
37.05,1625449482.0,64.0
37.51,1625449482.0,64.0
37.9,1625449482.0,64.0
38.31,1625449482.0,64.0
38.63,1625449482.0,64.0
38.62,1625449482.0,64.0
38.11,1625449482.0,64.0
37.06,1625449482.0,64.0
35.54,1625449482.0,64.0
33.66,1625449482.0,64.0
31.46,1625449482.0,64.0
28.9,1625449482.0,64.0
25.91,1625449482.0,64.0
22.48,1625449482.0,64.0
18.74,1625449482.0,64.0
14.94,1625449482.0,64.0
11.37,1625449482.0,64.0
8.22,1625449482.0,64.0
5.49,1625449482.0,64.0
2.98,1625449482.0,64.0
0.38,1625449482.0,64.0
-2.61,1625449482.0,64.0
-6.1,1625449482.0,64.0
-10.02,1625449482.0,64.0
-14.1,1625449482.0,64.0
-18.09,1625449482.0,64.0
-21.82,1625449482.0,64.0
-25.29,1625449482.0,64.0
-28.65,1625449482.0,64.0
-32.1,1625449482.0,64.0
-35.79,1625449482.0,64.0
-39.77,1625449482.0,64.0
-43.95,1625449482.0,64.0
-48.09,1625449482.0,64.0
-51.8,1625449482.0,64.0
-54.57,1625449482.0,64.0
-55.77,1625449482.0,64.0
-54.85,1625449482.0,64.0
-51.47,1625449482.0,64.0
-45.69,1625449482.0,64.0
-37.96,1625449482.0,64.0
-28.99,1625449482.0,64.0
-19.48,1625449482.0,64.0
-9.95,1625449482.0,64.0
-0.67,1625449482.0,64.0
8.21,1625449482.0,64.0
16.49,1625449482.0,64.0
23.78,1625449482.0,64.0
29.6,1625449482.0,64.0
33.61,1625449482.0,64.0
35.82,1625449482.0,64.0
36.64,1625449482.0,64.0
36.78,1625449482.0,64.0
36.89,1625449482.0,64.0
37.33,1625449482.0,64.0
38.01,1625449482.0,64.0
38.55,1625449482.0,64.0
38.51,1625449482.0,64.0
37.63,1625449482.0,64.0
35.95,1625449482.0,64.0
33.72,1625449482.0,64.0
31.22,1625449482.0,64.0
28.63,1625449482.0,64.0
25.95,1625449482.0,64.0
23.08,1625449482.0,64.0
19.94,1625449482.0,64.0
16.59,1625449482.0,64.0
13.22,1625449482.0,64.0
10.08,1625449482.0,64.0
7.33,1625449482.0,64.0
4.98,1625449482.0,64.0
2.82,1625449482.0,64.0
0.58,1625449482.0,64.0
-1.95,1625449482.0,64.0
-4.79,1625449482.0,64.0
-7.75,1625449482.0,64.0
-10.56,1625449482.0,64.0
-13.05,1625449482.0,64.0
-15.2,1625449482.0,64.0
-17.26,1625449482.0,64.0
-19.56,1625449482.0,64.0
-22.44,1625449482.0,64.0
-26.07,1625449482.0,64.0
-30.36,1625449482.0,64.0
-34.99,1625449482.0,64.0
-39.36,1625449482.0,64.0
-42.75,1625449482.0,64.0
-44.37,1625449482.0,64.0
-43.6,1625449482.0,64.0
-40.16,1625449482.0,64.0
-34.22,1625449482.0,64.0
-26.42,1625449482.0,64.0
-17.59,1625449482.0,64.0
-8.58,1625449482.0,64.0
0.08,1625449482.0,64.0
8.16,1625449482.0,64.0
15.65,1625449482.0,64.0
22.48,1625449482.0,64.0
28.41,1625449482.0,64.0
33.09,1625449482.0,64.0
36.17,1625449482.0,64.0
37.65,1625449482.0,64.0
37.88,1625449482.0,64.0
37.51,1625449482.0,64.0
37.19,1625449482.0,64.0
37.31,1625449482.0,64.0
37.86,1625449482.0,64.0
38.53,1625449482.0,64.0
38.9,1625449482.0,64.0
38.67,1625449482.0,64.0
37.71,1625449482.0,64.0
36.1,1625449482.0,64.0
34.0,1625449482.0,64.0
31.51,1625449482.0,64.0
28.7,1625449482.0,64.0
25.57,1625449482.0,64.0
22.13,1625449482.0,64.0
18.46,1625449482.0,64.0
14.65,1625449482.0,64.0
10.84,1625449482.0,64.0
7.14,1625449482.0,64.0
3.6,1625449482.0,64.0
0.24,1625449482.0,64.0
-2.97,1625449482.0,64.0
-6.04,1625449482.0,64.0
-9.02,1625449482.0,64.0
-11.9,1625449482.0,64.0
-14.68,1625449482.0,64.0
-17.35,1625449482.0,64.0
-19.97,1625449482.0,64.0
-22.61,1625449482.0,64.0
-25.39,1625449482.0,64.0
-28.48,1625449482.0,64.0
-31.97,1625449482.0,64.0
-35.82,1625449482.0,64.0
-39.72,1625449482.0,64.0
-43.13,1625449482.0,64.0
-45.32,1625449482.0,64.0
-45.63,1625449482.0,64.0
-43.63,1625449482.0,64.0
-39.31,1625449482.0,64.0
-33.06,1625449482.0,64.0
-25.53,1625449482.0,64.0
-17.36,1625449482.0,64.0
-9.04,1625449482.0,64.0
-0.82,1625449482.0,64.0
7.16,1625449482.0,64.0
14.7,1625449482.0,64.0
21.47,1625449482.0,64.0
27.03,1625449482.0,64.0
31.05,1625449482.0,64.0
33.46,1625449482.0,64.0
34.51,1625449482.0,64.0
34.63,1625449482.0,64.0
34.29,1625449482.0,64.0
33.82,1625449482.0,64.0
33.33,1625449482.0,64.0
32.79,1625449482.0,64.0
32.11,1625449482.0,64.0
31.2,1625449482.0,64.0
30.02,1625449482.0,64.0
28.52,1625449482.0,64.0
26.6,1625449482.0,64.0
24.19,1625449482.0,64.0
21.26,1625449482.0,64.0
17.89,1625449482.0,64.0
14.25,1625449482.0,64.0
10.59,1625449482.0,64.0
7.13,1625449482.0,64.0
4.02,1625449482.0,64.0
1.23,1625449482.0,64.0
-1.41,1625449482.0,64.0
-4.12,1625449482.0,64.0
-7.06,1625449482.0,64.0
-10.28,1625449482.0,64.0
-13.61,1625449482.0,64.0
-16.85,1625449482.0,64.0
-19.87,1625449482.0,64.0
-22.68,1625449482.0,64.0
-25.5,1625449482.0,64.0
-28.58,1625449482.0,64.0
-32.11,1625449482.0,64.0
-36.1,1625449482.0,64.0
-40.41,1625449482.0,64.0
-44.75,1625449482.0,64.0
-48.76,1625449482.0,64.0
-52.02,1625449482.0,64.0
-54.03,1625449482.0,64.0
-54.35,1625449482.0,64.0
-52.63,1625449482.0,64.0
-48.74,1625449482.0,64.0
-42.88,1625449482.0,64.0
-35.45,1625449482.0,64.0
-26.99,1625449482.0,64.0
-17.97,1625449482.0,64.0
-8.74,1625449482.0,64.0
0.47,1625449482.0,64.0
9.41,1625449482.0,64.0
17.76,1625449482.0,64.0
25.08,1625449482.0,64.0
30.95,1625449482.0,64.0
35.13,1625449482.0,64.0
37.64,1625449482.0,64.0
38.77,1625449482.0,64.0
38.99,1625449482.0,64.0
38.74,1625449482.0,64.0
38.36,1625449482.0,64.0
37.96,1625449482.0,64.0
37.53,1625449482.0,64.0
36.95,1625449482.0,64.0
36.07,1625449482.0,64.0
34.79,1625449482.0,64.0
33.0,1625449482.0,64.0
30.66,1625449482.0,64.0
27.81,1625449482.0,64.0
24.55,1625449482.0,64.0
21.09,1625449482.0,64.0
17.63,1625449482.0,64.0
14.37,1625449482.0,64.0
11.38,1625449482.0,64.0
8.61,1625449482.0,64.0
5.89,1625449482.0,64.0
3.04,1625449482.0,64.0
-0.1,1625449482.0,64.0
-3.56,1625449482.0,64.0
-7.27,1625449482.0,64.0
-11.1,1625449482.0,64.0
-14.88,1625449482.0,64.0
-18.51,1625449482.0,64.0
-21.92,1625449482.0,64.0
-25.14,1625449482.0,64.0
-28.27,1625449482.0,64.0
-31.49,1625449482.0,64.0
-34.98,1625449482.0,64.0
-38.92,1625449482.0,64.0
-43.34,1625449482.0,64.0
-48.07,1625449482.0,64.0
-52.65,1625449482.0,64.0
-56.41,1625449482.0,64.0
-58.58,1625449482.0,64.0
-58.48,1625449482.0,64.0
-55.76,1625449482.0,64.0
-50.46,1625449482.0,64.0
-43.02,1625449482.0,64.0
-34.11,1625449482.0,64.0
-24.41,1625449482.0,64.0
-14.46,1625449482.0,64.0
-4.53,1625449482.0,64.0
5.2,1625449482.0,64.0
14.58,1625449482.0,64.0
23.27,1625449482.0,64.0
30.75,1625449482.0,64.0
36.51,1625449482.0,64.0
40.22,1625449482.0,64.0
41.93,1625449482.0,64.0
42.07,1625449482.0,64.0
41.34,1625449482.0,64.0
40.39,1625449482.0,64.0
39.6,1625449482.0,64.0
39.04,1625449482.0,64.0
38.47,1625449482.0,64.0
37.6,1625449482.0,64.0
36.25,1625449482.0,64.0
34.38,1625449482.0,64.0
32.09,1625449482.0,64.0
29.5,1625449482.0,64.0
26.66,1625449482.0,64.0
23.55,1625449482.0,64.0
20.17,1625449482.0,64.0
16.57,1625449482.0,64.0
12.92,1625449482.0,64.0
9.4,1625449482.0,64.0
6.17,1625449482.0,64.0
3.24,1625449482.0,64.0
0.46,1625449482.0,64.0
-2.39,1625449482.0,64.0
-5.5,1625449482.0,64.0
-8.91,1625449482.0,64.0
-12.48,1625449482.0,64.0
-16.0,1625449482.0,64.0
-19.31,1625449482.0,64.0
-22.4,1625449482.0,64.0
-25.41,1625449482.0,64.0
-28.58,1625449482.0,64.0
-32.12,1625449482.0,64.0
-36.14,1625449482.0,64.0
-40.56,1625449482.0,64.0
-45.17,1625449482.0,64.0
-49.65,1625449482.0,64.0
-53.56,1625449482.0,64.0
-56.39,1625449482.0,64.0
-57.62,1625449482.0,64.0
-56.82,1625449482.0,64.0
-53.77,1625449482.0,64.0
-48.58,1625449482.0,64.0
-41.59,1625449482.0,64.0
-33.3,1625449482.0,64.0
-24.23,1625449482.0,64.0
-14.81,1625449482.0,64.0
-5.36,1625449482.0,64.0
3.79,1625449482.0,64.0
12.25,1625449482.0,64.0
19.56,1625449482.0,64.0
25.31,1625449482.0,64.0
29.31,1625449482.0,64.0
31.68,1625449482.0,64.0
32.83,1625449482.0,64.0
33.3,1625449482.0,64.0
33.51,1625449482.0,64.0
33.67,1625449482.0,64.0
33.75,1625449482.0,64.0
33.58,1625449482.0,64.0
32.98,1625449482.0,64.0
31.92,1625449482.0,64.0
30.5,1625449482.0,64.0
28.82,1625449482.0,64.0
26.95,1625449482.0,64.0
24.83,1625449482.0,64.0
22.36,1625449482.0,64.0
19.48,1625449482.0,64.0
16.28,1625449482.0,64.0
12.96,1625449482.0,64.0
9.77,1625449482.0,64.0
6.88,1625449482.0,64.0
4.32,1625449482.0,64.0
1.99,1625449482.0,64.0
-0.3,1625449482.0,64.0
-2.72,1625449482.0,64.0
-5.32,1625449482.0,64.0
-8.08,1625449482.0,64.0
-10.92,1625449482.0,64.0
-13.77,1625449482.0,64.0
-16.59,1625449482.0,64.0
-19.39,1625449482.0,64.0
-22.23,1625449482.0,64.0
-25.14,1625449482.0,64.0
-28.22,1625449482.0,64.0
-31.58,1625449482.0,64.0
-35.29,1625449482.0,64.0
-39.35,1625449482.0,64.0
-43.49,1625449482.0,64.0
-47.2,1625449482.0,64.0
-49.73,1625449482.0,64.0
-50.33,1625449482.0,64.0
-48.46,1625449482.0,64.0
-43.98,1625449482.0,64.0
-37.22,1625449482.0,64.0
-28.81,1625449482.0,64.0
-19.51,1625449482.0,64.0
-9.97,1625449482.0,64.0
-0.67,1625449482.0,64.0
8.07,1625449482.0,64.0
15.97,1625449482.0,64.0
22.76,1625449482.0,64.0
28.16,1625449482.0,64.0
31.98,1625449482.0,64.0
34.27,1625449482.0,64.0
35.32,1625449482.0,64.0
35.57,1625449482.0,64.0
35.52,1625449482.0,64.0
35.55,1625449482.0,64.0
35.82,1625449482.0,64.0
36.3,1625449482.0,64.0
36.79,1625449482.0,64.0
37.04,1625449482.0,64.0
36.84,1625449482.0,64.0
36.06,1625449482.0,64.0
34.67,1625449482.0,64.0
32.78,1625449482.0,64.0
30.52,1625449482.0,64.0
28.04,1625449482.0,64.0
25.43,1625449482.0,64.0
22.72,1625449482.0,64.0
19.88,1625449482.0,64.0
16.91,1625449482.0,64.0
13.84,1625449482.0,64.0
10.77,1625449482.0,64.0
7.76,1625449482.0,64.0
4.86,1625449482.0,64.0
2.03,1625449482.0,64.0
-0.75,1625449482.0,64.0
-3.53,1625449482.0,64.0
-6.27,1625449482.0,64.0
-8.95,1625449482.0,64.0
-11.58,1625449482.0,64.0
-14.28,1625449482.0,64.0
-17.21,1625449482.0,64.0
-20.6,1625449482.0,64.0
-24.58,1625449482.0,64.0
-29.14,1625449482.0,64.0
-34.02,1625449482.0,64.0
-38.71,1625449482.0,64.0
-42.52,1625449482.0,64.0
-44.71,1625449482.0,64.0
-44.65,1625449482.0,64.0
-42.05,1625449482.0,64.0
-37.02,1625449482.0,64.0
-30.02,1625449482.0,64.0
-21.75,1625449482.0,64.0
-12.92,1625449482.0,64.0
-4.09,1625449482.0,64.0
4.41,1625449482.0,64.0
12.37,1625449482.0,64.0
19.59,1625449482.0,64.0
25.77,1625449482.0,64.0
30.59,1625449482.0,64.0
33.78,1625449482.0,64.0
35.31,1625449482.0,64.0
35.45,1625449482.0,64.0
34.73,1625449482.0,64.0
33.7,1625449482.0,64.0
32.79,1625449482.0,64.0
32.15,1625449482.0,64.0
31.68,1625449482.0,64.0
31.1,1625449482.0,64.0
30.14,1625449482.0,64.0
28.62,1625449482.0,64.0
26.45,1625449482.0,64.0
23.69,1625449482.0,64.0
20.44,1625449482.0,64.0
16.87,1625449482.0,64.0
13.17,1625449482.0,64.0
9.51,1625449482.0,64.0
5.99,1625449482.0,64.0
2.61,1625449482.0,64.0
-0.78,1625449482.0,64.0
-4.34,1625449482.0,64.0
-8.22,1625449482.0,64.0
-12.42,1625449482.0,64.0
-16.81,1625449482.0,64.0
-21.15,1625449482.0,64.0
-25.25,1625449482.0,64.0
-29.03,1625449482.0,64.0
-32.64,1625449482.0,64.0
-36.34,1625449482.0,64.0
-40.43,1625449482.0,64.0
-45.14,1625449482.0,64.0
-50.52,1625449482.0,64.0
-56.38,1625449482.0,64.0
-62.27,1625449482.0,64.0
-67.45,1625449482.0,64.0
-70.98,1625449482.0,64.0
-71.93,1625449482.0,64.0
-69.69,1625449482.0,64.0
-64.21,1625449482.0,64.0
-56.14,1625449482.0,64.0
-46.67,1625449482.0,64.0
-37.13,1625449482.0,64.0
-28.52,1625449482.0,64.0
-21.26,1625449482.0,64.0
-15.15,1625449482.0,64.0
-9.66,1625449482.0,64.0
-4.29,1625449482.0,64.0
1.15,1625449482.0,64.0
6.56,1625449482.0,64.0
11.63,1625449482.0,64.0
16.09,1625449482.0,64.0
19.84,1625449482.0,64.0
22.99,1625449482.0,64.0
25.81,1625449482.0,64.0
28.65,1625449482.0,64.0
31.72,1625449482.0,64.0
35.04,1625449482.0,64.0
38.34,1625449482.0,64.0
41.13,1625449482.0,64.0
42.88,1625449482.0,64.0
43.21,1625449482.0,64.0
42.03,1625449482.0,64.0
39.56,1625449482.0,64.0
36.28,1625449482.0,64.0
32.72,1625449482.0,64.0
29.31,1625449482.0,64.0
26.35,1625449482.0,64.0
23.97,1625449482.0,64.0
22.13,1625449482.0,64.0
20.69,1625449482.0,64.0
19.34,1625449482.0,64.0
17.71,1625449482.0,64.0
15.45,1625449482.0,64.0
12.36,1625449482.0,64.0
8.54,1625449482.0,64.0
4.33,1625449482.0,64.0
0.14,1625449482.0,64.0
-3.71,1625449482.0,64.0
-7.12,1625449482.0,64.0
-10.19,1625449482.0,64.0
-13.19,1625449482.0,64.0
-16.42,1625449482.0,64.0
-20.13,1625449482.0,64.0
-24.39,1625449482.0,64.0
-28.99,1625449482.0,64.0
-33.39,1625449482.0,64.0
-36.72,1625449482.0,64.0
-38.0,1625449482.0,64.0
-36.48,1625449482.0,64.0
-31.93,1625449482.0,64.0
-24.75,1625449482.0,64.0
-15.84,1625449482.0,64.0
-6.26,1625449482.0,64.0
3.11,1625449482.0,64.0
11.8,1625449482.0,64.0
19.64,1625449482.0,64.0
26.59,1625449482.0,64.0
32.57,1625449482.0,64.0
37.44,1625449482.0,64.0
41.11,1625449482.0,64.0
43.7,1625449482.0,64.0
45.55,1625449482.0,64.0
47.05,1625449482.0,64.0
48.41,1625449482.0,64.0
49.53,1625449482.0,64.0
50.0,1625449482.0,64.0
49.32,1625449482.0,64.0
47.12,1625449482.0,64.0
43.37,1625449482.0,64.0
38.41,1625449482.0,64.0
32.84,1625449482.0,64.0
27.35,1625449482.0,64.0
22.5,1625449482.0,64.0
18.61,1625449482.0,64.0
15.74,1625449482.0,64.0
13.66,1625449482.0,64.0
12.0,1625449482.0,64.0
10.31,1625449482.0,64.0
8.21,1625449482.0,64.0
5.42,1625449482.0,64.0
1.84,1625449482.0,64.0
-2.5,1625449482.0,64.0
-7.43,1625449482.0,64.0
-12.75,1625449482.0,64.0
-18.27,1625449482.0,64.0
-23.92,1625449482.0,64.0
-29.68,1625449482.0,64.0
-35.55,1625449482.0,64.0
-41.44,1625449482.0,64.0
-47.13,1625449482.0,64.0
-52.24,1625449482.0,64.0
-56.31,1625449482.0,64.0
-58.96,1625449482.0,64.0
-59.82,1625449482.0,64.0
-58.61,1625449482.0,64.0
-55.18,1625449482.0,64.0
-49.49,1625449482.0,64.0
-41.76,1625449482.0,64.0
-32.53,1625449482.0,64.0
-22.58,1625449482.0,64.0
-12.77,1625449482.0,64.0
-3.78,1625449482.0,64.0
4.1,1625449482.0,64.0
10.96,1625449482.0,64.0
17.07,1625449482.0,64.0
22.64,1625449482.0,64.0
27.59,1625449482.0,64.0
31.61,1625449482.0,64.0
34.37,1625449482.0,64.0
35.72,1625449482.0,64.0
35.85,1625449482.0,64.0
35.19,1625449482.0,64.0
34.28,1625449482.0,64.0
33.46,1625449482.0,64.0
32.82,1625449482.0,64.0
32.19,1625449482.0,64.0
31.29,1625449482.0,64.0
29.92,1625449482.0,64.0
28.04,1625449482.0,64.0
25.71,1625449482.0,64.0
23.07,1625449482.0,64.0
20.17,1625449482.0,64.0
17.01,1625449482.0,64.0
13.55,1625449482.0,64.0
9.78,1625449482.0,64.0
5.83,1625449482.0,64.0
1.91,1625449482.0,64.0
-1.74,1625449482.0,64.0
-4.94,1625449482.0,64.0
-7.62,1625449482.0,64.0
-9.86,1625449482.0,64.0
-11.85,1625449482.0,64.0
-13.78,1625449482.0,64.0
-15.82,1625449482.0,64.0
-18.08,1625449482.0,64.0
-20.65,1625449482.0,64.0
-23.62,1625449482.0,64.0
-27.13,1625449482.0,64.0
-31.24,1625449482.0,64.0
-35.87,1625449482.0,64.0
-40.73,1625449482.0,64.0
-45.21,1625449482.0,64.0
-48.54,1625449482.0,64.0
-49.98,1625449482.0,64.0
-49.06,1625449482.0,64.0
-45.68,1625449482.0,64.0
-40.15,1625449482.0,64.0
-33.05,1625449482.0,64.0
-24.96,1625449482.0,64.0
-16.35,1625449482.0,64.0
-7.49,1625449482.0,64.0
1.45,1625449482.0,64.0
10.27,1625449482.0,64.0
18.63,1625449482.0,64.0
26.03,1625449482.0,64.0
31.96,1625449482.0,64.0
36.06,1625449482.0,64.0
38.26,1625449482.0,64.0
38.82,1625449482.0,64.0
38.19,1625449482.0,64.0
36.9,1625449482.0,64.0
35.35,1625449482.0,64.0
33.77,1625449482.0,64.0
32.23,1625449482.0,64.0
30.67,1625449482.0,64.0
29.01,1625449482.0,64.0
27.23,1625449482.0,64.0
25.33,1625449482.0,64.0
23.37,1625449482.0,64.0
21.38,1625449482.0,64.0
19.36,1625449482.0,64.0
17.24,1625449482.0,64.0
14.86,1625449482.0,64.0
12.03,1625449482.0,64.0
8.58,1625449482.0,64.0
4.48,1625449482.0,64.0
-0.07,1625449482.0,64.0
-4.74,1625449482.0,64.0
-9.06,1625449482.0,64.0
-12.71,1625449482.0,64.0
-15.54,1625449482.0,64.0
-17.72,1625449482.0,64.0
-19.64,1625449482.0,64.0
-21.77,1625449482.0,64.0
-24.43,1625449482.0,64.0
-27.76,1625449482.0,64.0
-31.54,1625449482.0,64.0
-35.3,1625449482.0,64.0
-38.41,1625449482.0,64.0
-40.25,1625449482.0,64.0
-40.32,1625449482.0,64.0
-38.42,1625449482.0,64.0
-34.59,1625449482.0,64.0
-29.12,1625449482.0,64.0
-22.41,1625449482.0,64.0
-14.89,1625449482.0,64.0
-6.95,1625449482.0,64.0
1.02,1625449482.0,64.0
8.58,1625449482.0,64.0
15.28,1625449482.0,64.0
20.69,1625449482.0,64.0
24.5,1625449482.0,64.0
26.68,1625449482.0,64.0
27.5,1625449482.0,64.0
27.5,1625449482.0,64.0
27.25,1625449482.0,64.0
27.16,1625449482.0,64.0
27.3,1625449482.0,64.0
27.45,1625449482.0,64.0
27.22,1625449482.0,64.0
26.26,1625449482.0,64.0
24.48,1625449482.0,64.0
22.02,1625449482.0,64.0
19.25,1625449482.0,64.0
16.49,1625449482.0,64.0
13.96,1625449482.0,64.0
11.64,1625449482.0,64.0
9.32,1625449482.0,64.0
6.76,1625449482.0,64.0
3.82,1625449482.0,64.0
0.52,1625449482.0,64.0
-2.95,1625449482.0,64.0
-6.28,1625449482.0,64.0
-9.26,1625449482.0,64.0
-11.81,1625449482.0,64.0
-14.07,1625449482.0,64.0
-16.34,1625449482.0,64.0
-18.95,1625449482.0,64.0
-22.12,1625449482.0,64.0
-25.86,1625449482.0,64.0
-30.02,1625449482.0,64.0
-34.34,1625449482.0,64.0
-38.47,1625449482.0,64.0
-42.04,1625449482.0,64.0
-44.61,1625449482.0,64.0
-45.73,1625449482.0,64.0
-44.97,1625449482.0,64.0
-42.1,1625449482.0,64.0
-37.12,1625449482.0,64.0
-30.38,1625449482.0,64.0
-22.42,1625449482.0,64.0
-13.83,1625449482.0,64.0
-5.03,1625449482.0,64.0
3.68,1625449482.0,64.0
12.12,1625449482.0,64.0
20.05,1625449482.0,64.0
27.08,1625449482.0,64.0
32.71,1625449482.0,64.0
36.53,1625449482.0,64.0
38.46,1625449482.0,64.0
38.76,1625449482.0,64.0
38.05,1625449482.0,64.0
37.0,1625449482.0,64.0
36.12,1625449482.0,64.0
35.59,1625449482.0,64.0
35.23,1625449482.0,64.0
34.68,1625449482.0,64.0
33.61,1625449482.0,64.0
31.79,1625449482.0,64.0
29.27,1625449482.0,64.0
26.24,1625449482.0,64.0
22.91,1625449482.0,64.0
19.46,1625449482.0,64.0
15.93,1625449482.0,64.0
12.25,1625449482.0,64.0
8.35,1625449482.0,64.0
4.26,1625449482.0,64.0
0.14,1625449482.0,64.0
-3.74,1625449482.0,64.0
-7.14,1625449482.0,64.0
-9.95,1625449482.0,64.0
-12.3,1625449482.0,64.0
-14.51,1625449482.0,64.0
-16.93,1625449482.0,64.0
-19.79,1625449482.0,64.0
-23.13,1625449482.0,64.0
-26.8,1625449482.0,64.0
-30.62,1625449482.0,64.0
-34.44,1625449482.0,64.0
-38.14,1625449482.0,64.0
-41.6,1625449482.0,64.0
-44.55,1625449482.0,64.0
-46.52,1625449482.0,64.0
-46.94,1625449482.0,64.0
-45.31,1625449482.0,64.0
-41.39,1625449482.0,64.0
-35.29,1625449482.0,64.0
-27.43,1625449482.0,64.0
-18.39,1625449482.0,64.0
-8.76,1625449482.0,64.0
1.01,1625449482.0,64.0
10.52,1625449482.0,64.0
19.41,1625449482.0,64.0
27.28,1625449482.0,64.0
33.7,1625449482.0,64.0
38.33,1625449482.0,64.0
41.05,1625449482.0,64.0
42.04,1625449482.0,64.0
41.76,1625449482.0,64.0
40.77,1625449482.0,64.0
39.57,1625449482.0,64.0
38.41,1625449482.0,64.0
37.26,1625449482.0,64.0
35.95,1625449482.0,64.0
34.29,1625449482.0,64.0
32.2,1625449482.0,64.0
29.79,1625449482.0,64.0
27.27,1625449482.0,64.0
24.85,1625449482.0,64.0
22.59,1625449482.0,64.0
20.44,1625449482.0,64.0
18.24,1625449482.0,64.0
15.81,1625449482.0,64.0
13.03,1625449482.0,64.0
9.87,1625449482.0,64.0
6.43,1625449482.0,64.0
2.85,1625449482.0,64.0
-0.69,1625449482.0,64.0
-4.03,1625449482.0,64.0
-7.09,1625449482.0,64.0
-9.8,1625449482.0,64.0
-12.19,1625449482.0,64.0
-14.29,1625449482.0,64.0
-16.15,1625449482.0,64.0
-17.82,1625449482.0,64.0
-19.39,1625449482.0,64.0
-20.95,1625449482.0,64.0
-22.65,1625449482.0,64.0
-24.64,1625449482.0,64.0
-26.98,1625449482.0,64.0
-29.62,1625449482.0,64.0
-32.3,1625449482.0,64.0
-34.58,1625449482.0,64.0
-35.96,1625449482.0,64.0
-36.05,1625449482.0,64.0
-34.69,1625449482.0,64.0
-32.01,1625449482.0,64.0
-28.27,1625449482.0,64.0
-23.64,1625449482.0,64.0
-18.07,1625449482.0,64.0
-11.35,1625449482.0,64.0
-3.39,1625449482.0,64.0
5.51,1625449482.0,64.0
14.53,1625449482.0,64.0
22.55,1625449482.0,64.0
28.56,1625449482.0,64.0
32.15,1625449482.0,64.0
33.6,1625449482.0,64.0
33.73,1625449482.0,64.0
33.44,1625449482.0,64.0
33.26,1625449482.0,64.0
33.2,1625449482.0,64.0
32.95,1625449482.0,64.0
32.15,1625449482.0,64.0
30.7,1625449482.0,64.0
28.84,1625449482.0,64.0
26.95,1625449482.0,64.0
25.33,1625449482.0,64.0
23.99,1625449482.0,64.0
22.71,1625449482.0,64.0
21.16,1625449482.0,64.0
19.19,1625449482.0,64.0
16.86,1625449482.0,64.0
14.4,1625449482.0,64.0
12.06,1625449482.0,64.0
9.91,1625449482.0,64.0
7.75,1625449482.0,64.0
5.24,1625449482.0,64.0
2.04,1625449482.0,64.0
-1.94,1625449482.0,64.0
-6.51,1625449482.0,64.0
-11.21,1625449482.0,64.0
-15.56,1625449482.0,64.0
-19.19,1625449482.0,64.0
-22.07,1625449482.0,64.0
-24.44,1625449482.0,64.0
-26.72,1625449482.0,64.0
-29.36,1625449482.0,64.0
-32.61,1625449482.0,64.0
-36.53,1625449482.0,64.0
-40.89,1625449482.0,64.0
-45.26,1625449482.0,64.0
-49.1,1625449482.0,64.0
-51.84,1625449482.0,64.0
-52.96,1625449482.0,64.0
-52.1,1625449482.0,64.0
-49.16,1625449482.0,64.0
-44.26,1625449482.0,64.0
-37.74,1625449482.0,64.0
-30.06,1625449482.0,64.0
-21.62,1625449482.0,64.0
-12.74,1625449482.0,64.0
-3.69,1625449482.0,64.0
5.22,1625449482.0,64.0
13.63,1625449482.0,64.0
21.05,1625449482.0,64.0
27.02,1625449482.0,64.0
31.25,1625449482.0,64.0
33.72,1625449482.0,64.0
34.71,1625449482.0,64.0
34.72,1625449482.0,64.0
34.22,1625449482.0,64.0
33.59,1625449482.0,64.0
32.97,1625449482.0,64.0
32.31,1625449482.0,64.0
31.46,1625449482.0,64.0
30.29,1625449482.0,64.0
28.71,1625449482.0,64.0
26.74,1625449482.0,64.0
24.44,1625449482.0,64.0
21.86,1625449482.0,64.0
19.04,1625449482.0,64.0
16.01,1625449482.0,64.0
12.81,1625449482.0,64.0
9.54,1625449482.0,64.0
6.35,1625449482.0,64.0
3.37,1625449482.0,64.0
0.68,1625449482.0,64.0
-1.78,1625449482.0,64.0
-4.19,1625449482.0,64.0
-6.75,1625449482.0,64.0
-9.59,1625449482.0,64.0
-12.65,1625449482.0,64.0
-15.71,1625449482.0,64.0
-18.53,1625449482.0,64.0
-20.93,1625449482.0,64.0
-22.97,1625449482.0,64.0
-24.86,1625449482.0,64.0
-26.9,1625449482.0,64.0
-29.33,1625449482.0,64.0
-32.24,1625449482.0,64.0
-35.6,1625449482.0,64.0
-39.26,1625449482.0,64.0
-42.95,1625449482.0,64.0
-46.3,1625449482.0,64.0
-48.8,1625449482.0,64.0
-49.86,1625449482.0,64.0
-48.94,1625449482.0,64.0
-45.76,1625449482.0,64.0
-40.42,1625449482.0,64.0
-33.35,1625449482.0,64.0
-25.2,1625449482.0,64.0
-16.54,1625449482.0,64.0
-7.74,1625449482.0,64.0
1.04,1625449482.0,64.0
9.69,1625449482.0,64.0
17.99,1625449482.0,64.0
25.55,1625449482.0,64.0
31.86,1625449482.0,64.0
36.56,1625449482.0,64.0
39.57,1625449482.0,64.0
41.23,1625449482.0,64.0
42.16,1625449482.0,64.0
42.97,1625449482.0,64.0
44.02,1625449482.0,64.0
45.3,1625449482.0,64.0
46.39,1625449482.0,64.0
46.65,1625449482.0,64.0
45.47,1625449482.0,64.0
42.51,1625449482.0,64.0
37.78,1625449482.0,64.0
31.64,1625449482.0,64.0
24.62,1625449482.0,64.0
17.33,1625449482.0,64.0
10.31,1625449482.0,64.0
4.05,1625449482.0,64.0
-1.06,1625449482.0,64.0
-4.75,1625449482.0,64.0
-6.89,1625449482.0,64.0
-7.69,1625449482.0,64.0
-7.6,1625449482.0,64.0
-7.28,1625449482.0,64.0
-7.37,1625449482.0,64.0
-8.28,1625449482.0,64.0
-10.1,1625449482.0,64.0
-12.64,1625449482.0,64.0
-15.56,1625449482.0,64.0
-18.62,1625449482.0,64.0
-21.73,1625449482.0,64.0
-24.93,1625449482.0,64.0
-28.28,1625449482.0,64.0
-31.78,1625449482.0,64.0
-35.37,1625449482.0,64.0
-38.93,1625449482.0,64.0
-42.38,1625449482.0,64.0
-45.57,1625449482.0,64.0
-48.29,1625449482.0,64.0
-50.15,1625449482.0,64.0
-50.58,1625449482.0,64.0
-49.04,1625449482.0,64.0
-45.19,1625449482.0,64.0
-39.07,1625449482.0,64.0
-31.21,1625449482.0,64.0
-22.41,1625449482.0,64.0
-13.49,1625449482.0,64.0
-5.07,1625449482.0,64.0
2.59,1625449482.0,64.0
9.52,1625449482.0,64.0
15.77,1625449482.0,64.0
21.31,1625449482.0,64.0
25.95,1625449482.0,64.0
29.43,1625449482.0,64.0
31.65,1625449482.0,64.0
32.73,1625449482.0,64.0
33.01,1625449482.0,64.0
32.92,1625449482.0,64.0
32.74,1625449482.0,64.0
32.53,1625449482.0,64.0
32.15,1625449482.0,64.0
31.41,1625449482.0,64.0
30.12,1625449482.0,64.0
28.26,1625449482.0,64.0
25.91,1625449482.0,64.0
23.2,1625449482.0,64.0
20.29,1625449482.0,64.0
17.28,1625449482.0,64.0
14.29,1625449482.0,64.0
11.42,1625449482.0,64.0
8.71,1625449482.0,64.0
6.22,1625449482.0,64.0
3.89,1625449482.0,64.0
1.66,1625449482.0,64.0
-0.59,1625449482.0,64.0
-2.93,1625449482.0,64.0
-5.4,1625449482.0,64.0
-7.98,1625449482.0,64.0
-10.63,1625449482.0,64.0
-13.33,1625449482.0,64.0
-16.11,1625449482.0,64.0
-18.97,1625449482.0,64.0
-21.89,1625449482.0,64.0
-24.86,1625449482.0,64.0
-27.87,1625449482.0,64.0
-30.93,1625449482.0,64.0
-34.09,1625449482.0,64.0
-37.39,1625449482.0,64.0
-40.72,1625449482.0,64.0
-43.75,1625449482.0,64.0
-45.92,1625449482.0,64.0
-46.54,1625449482.0,64.0
-45.05,1625449482.0,64.0
-41.24,1625449482.0,64.0
-35.38,1625449482.0,64.0
-28.12,1625449482.0,64.0
-20.28,1625449482.0,64.0
-12.52,1625449482.0,64.0
-5.18,1625449482.0,64.0
1.7,1625449482.0,64.0
8.19,1625449482.0,64.0
14.29,1625449482.0,64.0
19.75,1625449482.0,64.0
24.21,1625449482.0,64.0
27.33,1625449482.0,64.0
29.05,1625449482.0,64.0
29.65,1625449482.0,64.0
29.6,1625449482.0,64.0
29.42,1625449482.0,64.0
29.41,1625449482.0,64.0
29.6,1625449482.0,64.0
29.82,1625449482.0,64.0
29.81,1625449482.0,64.0
29.41,1625449482.0,64.0
28.54,1625449482.0,64.0
27.19,1625449482.0,64.0
25.38,1625449482.0,64.0
23.08,1625449482.0,64.0
20.33,1625449482.0,64.0
17.22,1625449482.0,64.0
13.96,1625449482.0,64.0
10.82,1625449482.0,64.0
8.05,1625449482.0,64.0
5.71,1625449482.0,64.0
3.72,1625449482.0,64.0
1.8,1625449482.0,64.0
-0.34,1625449482.0,64.0
-2.92,1625449482.0,64.0
-5.97,1625449482.0,64.0
-9.4,1625449482.0,64.0
-13.01,1625449482.0,64.0
-16.6,1625449482.0,64.0
-20.05,1625449482.0,64.0
-23.32,1625449482.0,64.0
-26.48,1625449482.0,64.0
-29.68,1625449482.0,64.0
-33.08,1625449482.0,64.0
-36.77,1625449482.0,64.0
-40.68,1625449482.0,64.0
-44.52,1625449482.0,64.0
-47.73,1625449482.0,64.0
-49.63,1625449482.0,64.0
-49.59,1625449482.0,64.0
-47.3,1625449482.0,64.0
-42.88,1625449482.0,64.0
-36.9,1625449482.0,64.0
-30.15,1625449482.0,64.0
-23.32,1625449482.0,64.0
-16.76,1625449482.0,64.0
-10.49,1625449482.0,64.0
-4.29,1625449482.0,64.0
2.01,1625449482.0,64.0
8.33,1625449482.0,64.0
14.33,1625449482.0,64.0
19.58,1625449482.0,64.0
23.78,1625449482.0,64.0
26.92,1625449482.0,64.0
29.25,1625449482.0,64.0
31.14,1625449482.0,64.0
32.83,1625449482.0,64.0
34.35,1625449482.0,64.0
35.53,1625449482.0,64.0
36.15,1625449482.0,64.0
36.06,1625449482.0,64.0
35.27,1625449482.0,64.0
33.92,1625449482.0,64.0
32.19,1625449482.0,64.0
30.22,1625449482.0,64.0
28.05,1625449482.0,64.0
25.71,1625449482.0,64.0
23.22,1625449482.0,64.0
20.64,1625449482.0,64.0
18.06,1625449482.0,64.0
15.58,1625449482.0,64.0
13.24,1625449482.0,64.0
11.0,1625449482.0,64.0
8.76,1625449482.0,64.0
6.3,1625449482.0,64.0
3.43,1625449482.0,64.0
0.04,1625449482.0,64.0
-3.84,1625449482.0,64.0
-8.02,1625449482.0,64.0
-12.2,1625449482.0,64.0
-16.11,1625449482.0,64.0
-19.61,1625449482.0,64.0
-22.78,1625449482.0,64.0
-25.83,1625449482.0,64.0
-29.01,1625449482.0,64.0
-32.51,1625449482.0,64.0
-36.36,1625449482.0,64.0
-40.44,1625449482.0,64.0
-44.46,1625449482.0,64.0
-47.98,1625449482.0,64.0
-50.49,1625449482.0,64.0
-51.44,1625449482.0,64.0
-50.41,1625449482.0,64.0
-47.2,1625449482.0,64.0
-41.93,1625449482.0,64.0
-35.05,1625449482.0,64.0
-27.14,1625449482.0,64.0
-18.82,1625449482.0,64.0
-10.49,1625449482.0,64.0
-2.37,1625449482.0,64.0
5.46,1625449482.0,64.0
12.87,1625449482.0,64.0
19.64,1625449482.0,64.0
25.45,1625449482.0,64.0
30.0,1625449482.0,64.0
33.21,1625449482.0,64.0
35.23,1625449482.0,64.0
36.43,1625449482.0,64.0
37.23,1625449482.0,64.0
37.94,1625449482.0,64.0
38.67,1625449482.0,64.0
39.32,1625449482.0,64.0
39.68,1625449482.0,64.0
39.57,1625449482.0,64.0
38.92,1625449482.0,64.0
37.74,1625449482.0,64.0
36.14,1625449482.0,64.0
34.22,1625449482.0,64.0
32.03,1625449482.0,64.0
29.59,1625449482.0,64.0
26.91,1625449482.0,64.0
24.04,1625449482.0,64.0
21.07,1625449482.0,64.0
18.13,1625449482.0,64.0
15.29,1625449482.0,64.0
12.53,1625449482.0,64.0
9.68,1625449482.0,64.0
6.54,1625449482.0,64.0
2.98,1625449482.0,64.0
-0.99,1625449482.0,64.0
-5.2,1625449482.0,64.0
-9.35,1625449482.0,64.0
-13.16,1625449482.0,64.0
-16.53,1625449482.0,64.0
-19.53,1625449482.0,64.0
-22.41,1625449482.0,64.0
-25.51,1625449482.0,64.0
-29.11,1625449482.0,64.0
-33.36,1625449482.0,64.0
-38.17,1625449482.0,64.0
-43.23,1625449482.0,64.0
-47.98,1625449482.0,64.0
-51.7,1625449482.0,64.0
-53.69,1625449482.0,64.0
-53.4,1625449482.0,64.0
-50.65,1625449482.0,64.0
-45.66,1625449482.0,64.0
-38.94,1625449482.0,64.0
-31.1,1625449482.0,64.0
-22.71,1625449482.0,64.0
-14.13,1625449482.0,64.0
-5.6,1625449482.0,64.0
2.7,1625449482.0,64.0
10.45,1625449482.0,64.0
17.28,1625449482.0,64.0
22.8,1625449482.0,64.0
26.78,1625449482.0,64.0
29.31,1625449482.0,64.0
30.75,1625449482.0,64.0
31.61,1625449482.0,64.0
32.33,1625449482.0,64.0
33.13,1625449482.0,64.0
33.98,1625449482.0,64.0
34.67,1625449482.0,64.0
34.92,1625449482.0,64.0
34.57,1625449482.0,64.0
33.57,1625449482.0,64.0
32.01,1625449482.0,64.0
30.05,1625449482.0,64.0
27.85,1625449482.0,64.0
25.48,1625449482.0,64.0
22.94,1625449482.0,64.0
20.2,1625449482.0,64.0
17.21,1625449482.0,64.0
13.99,1625449482.0,64.0
10.62,1625449482.0,64.0
7.23,1625449482.0,64.0
3.97,1625449482.0,64.0
0.9,1625449482.0,64.0
-1.97,1625449482.0,64.0
-4.73,1625449482.0,64.0
-7.51,1625449482.0,64.0
-10.38,1625449482.0,64.0
-13.34,1625449482.0,64.0
-16.23,1625449482.0,64.0
-18.89,1625449482.0,64.0
-21.16,1625449482.0,64.0
-23.02,1625449482.0,64.0
-24.6,1625449482.0,64.0
-26.1,1625449482.0,64.0
-27.81,1625449482.0,64.0
-29.96,1625449482.0,64.0
-32.67,1625449482.0,64.0
-35.9,1625449482.0,64.0
-39.37,1625449482.0,64.0
-42.64,1625449482.0,64.0
-45.12,1625449482.0,64.0
-46.24,1625449482.0,64.0
-45.52,1625449482.0,64.0
-42.7,1625449482.0,64.0
-37.77,1625449482.0,64.0
-30.9,1625449482.0,64.0
-22.44,1625449482.0,64.0
-12.88,1625449482.0,64.0
-2.84,1625449482.0,64.0
6.93,1625449482.0,64.0
15.63,1625449482.0,64.0
22.63,1625449482.0,64.0
27.61,1625449482.0,64.0
30.68,1625449482.0,64.0
32.31,1625449482.0,64.0
33.12,1625449482.0,64.0
33.61,1625449482.0,64.0
34.06,1625449482.0,64.0
34.49,1625449482.0,64.0
34.78,1625449482.0,64.0
34.8,1625449482.0,64.0
34.53,1625449482.0,64.0
33.99,1625449482.0,64.0
33.21,1625449482.0,64.0
32.19,1625449482.0,64.0
30.89,1625449482.0,64.0
29.24,1625449482.0,64.0
27.25,1625449482.0,64.0
24.98,1625449482.0,64.0
22.55,1625449482.0,64.0
20.07,1625449482.0,64.0
17.63,1625449482.0,64.0
15.2,1625449482.0,64.0
12.75,1625449482.0,64.0
10.2,1625449482.0,64.0
7.54,1625449482.0,64.0
4.8,1625449482.0,64.0
2.07,1625449482.0,64.0
-0.6,1625449482.0,64.0
-3.14,1625449482.0,64.0
-5.55,1625449482.0,64.0
-7.84,1625449482.0,64.0
-10.07,1625449482.0,64.0
-12.32,1625449482.0,64.0
-14.68,1625449482.0,64.0
-17.29,1625449482.0,64.0
-20.26,1625449482.0,64.0
-23.69,1625449482.0,64.0
-27.51,1625449482.0,64.0
-31.45,1625449482.0,64.0
-35.01,1625449482.0,64.0
-37.5,1625449482.0,64.0
-38.27,1625449482.0,64.0
-36.8,1625449482.0,64.0
-33.0,1625449482.0,64.0
-27.15,1625449482.0,64.0
-19.87,1625449482.0,64.0
-11.9,1625449482.0,64.0
-3.83,1625449482.0,64.0
3.96,1625449482.0,64.0
11.22,1625449482.0,64.0
17.76,1625449482.0,64.0
23.3,1625449482.0,64.0
27.51,1625449482.0,64.0
30.15,1625449482.0,64.0
31.27,1625449482.0,64.0
31.27,1625449482.0,64.0
30.8,1625449482.0,64.0
30.44,1625449482.0,64.0
30.51,1625449482.0,64.0
30.91,1625449482.0,64.0
31.27,1625449482.0,64.0
31.16,1625449482.0,64.0
30.32,1625449482.0,64.0
28.72,1625449482.0,64.0
26.54,1625449482.0,64.0
24.0,1625449482.0,64.0
21.29,1625449482.0,64.0
18.54,1625449482.0,64.0
15.81,1625449482.0,64.0
13.17,1625449482.0,64.0
10.71,1625449482.0,64.0
8.46,1625449482.0,64.0
6.38,1625449482.0,64.0
4.34,1625449482.0,64.0
2.23,1625449482.0,64.0
-0.03,1625449482.0,64.0
-2.38,1625449482.0,64.0
-4.7,1625449482.0,64.0
-6.87,1625449482.0,64.0
-8.88,1625449482.0,64.0
-10.87,1625449482.0,64.0
-13.12,1625449482.0,64.0
-15.9,1625449482.0,64.0
-19.38,1625449482.0,64.0
-23.49,1625449482.0,64.0
-28.0,1625449482.0,64.0
-32.58,1625449482.0,64.0
-36.87,1625449482.0,64.0
-40.55,1625449482.0,64.0
-43.32,1625449482.0,64.0
-44.87,1625449482.0,64.0
-44.88,1625449482.0,64.0
-43.12,1625449482.0,64.0
-39.54,1625449482.0,64.0
-34.34,1625449482.0,64.0
-27.99,1625449482.0,64.0
-21.04,1625449482.0,64.0
-13.97,1625449482.0,64.0
-7.06,1625449482.0,64.0
-0.42,1625449482.0,64.0
5.87,1625449482.0,64.0
11.7,1625449482.0,64.0
16.83,1625449482.0,64.0
21.02,1625449482.0,64.0
24.15,1625449482.0,64.0
26.31,1625449482.0,64.0
27.75,1625449482.0,64.0
28.75,1625449482.0,64.0
29.51,1625449482.0,64.0
30.05,1625449482.0,64.0
30.28,1625449482.0,64.0
30.12,1625449482.0,64.0
29.57,1625449482.0,64.0
28.75,1625449482.0,64.0
27.77,1625449482.0,64.0
26.63,1625449482.0,64.0
25.23,1625449482.0,64.0
23.44,1625449482.0,64.0
21.16,1625449482.0,64.0
18.46,1625449482.0,64.0
15.55,1625449482.0,64.0
12.66,1625449482.0,64.0
9.91,1625449482.0,64.0
7.28,1625449482.0,64.0
4.58,1625449482.0,64.0
1.59,1625449482.0,64.0
-1.86,1625449482.0,64.0
-5.76,1625449482.0,64.0
-9.93,1625449482.0,64.0
-14.09,1625449482.0,64.0
-17.99,1625449482.0,64.0
-21.46,1625449482.0,64.0
-24.5,1625449482.0,64.0
-27.22,1625449482.0,64.0
-29.82,1625449482.0,64.0
-32.49,1625449482.0,64.0
-35.4,1625449482.0,64.0
-38.55,1625449482.0,64.0
-41.77,1625449482.0,64.0
-44.64,1625449482.0,64.0
-46.58,1625449482.0,64.0
-47.03,1625449482.0,64.0
-45.59,1625449482.0,64.0
-42.2,1625449482.0,64.0
-37.09,1625449482.0,64.0
-30.71,1625449482.0,64.0
-23.49,1625449482.0,64.0
-15.77,1625449482.0,64.0
-7.72,1625449482.0,64.0
0.46,1625449482.0,64.0
8.5,1625449482.0,64.0
15.97,1625449482.0,64.0
22.37,1625449482.0,64.0
27.32,1625449482.0,64.0
30.66,1625449482.0,64.0
32.54,1625449482.0,64.0
33.36,1625449482.0,64.0
33.59,1625449482.0,64.0
33.71,1625449482.0,64.0
33.94,1625449482.0,64.0
34.34,1625449482.0,64.0
34.7,1625449482.0,64.0
34.76,1625449482.0,64.0
34.24,1625449482.0,64.0
33.03,1625449482.0,64.0
31.15,1625449482.0,64.0
28.77,1625449482.0,64.0
26.06,1625449482.0,64.0
23.18,1625449482.0,64.0
20.22,1625449482.0,64.0
17.19,1625449482.0,64.0
14.06,1625449482.0,64.0
10.77,1625449482.0,64.0
7.32,1625449482.0,64.0
3.72,1625449482.0,64.0
0.02,1625449482.0,64.0
-3.65,1625449482.0,64.0
-7.17,1625449482.0,64.0
-10.41,1625449482.0,64.0
-13.35,1625449482.0,64.0
-16.08,1625449482.0,64.0
-18.76,1625449482.0,64.0
-21.55,1625449482.0,64.0
-24.57,1625449482.0,64.0
-27.83,1625449482.0,64.0
-31.3,1625449482.0,64.0
-34.94,1625449482.0,64.0
-38.72,1625449482.0,64.0
-42.53,1625449482.0,64.0
-46.14,1625449482.0,64.0
-49.09,1625449482.0,64.0
-50.81,1625449482.0,64.0
-50.75,1625449482.0,64.0
-48.58,1625449482.0,64.0
-44.29,1625449482.0,64.0
-38.25,1625449482.0,64.0
-30.98,1625449482.0,64.0
-23.03,1625449482.0,64.0
-14.84,1625449482.0,64.0
-6.69,1625449482.0,64.0
1.16,1625449482.0,64.0
8.38,1625449482.0,64.0
14.54,1625449482.0,64.0
19.24,1625449482.0,64.0
22.31,1625449482.0,64.0
24.09,1625449482.0,64.0
25.39,1625449482.0,64.0
27.32,1625449482.0,64.0
30.79,1625449482.0,64.0
36.14,1625449482.0,64.0
42.88,1625449482.0,64.0
49.82,1625449482.0,64.0
55.54,1625449482.0,64.0
58.87,1625449482.0,64.0
59.26,1625449482.0,64.0
56.83,1625449482.0,64.0
52.12,1625449482.0,64.0
45.78,1625449482.0,64.0
38.35,1625449482.0,64.0
30.17,1625449482.0,64.0
21.5,1625449482.0,64.0
12.6,1625449482.0,64.0
3.84,1625449482.0,64.0
-4.32,1625449482.0,64.0
-11.45,1625449482.0,64.0
-17.27,1625449482.0,64.0
-21.71,1625449482.0,64.0
-24.97,1625449482.0,64.0
-27.35,1625449482.0,64.0
-29.23,1625449482.0,64.0
-30.83,1625449482.0,64.0
-32.24,1625449482.0,64.0
-33.4,1625449482.0,64.0
-34.29,1625449482.0,64.0
-35.01,1625449482.0,64.0
-35.85,1625449482.0,64.0
-37.18,1625449482.0,64.0
-39.31,1625449482.0,64.0
-42.32,1625449482.0,64.0
-45.95,1625449482.0,64.0
-49.59,1625449482.0,64.0
-52.39,1625449482.0,64.0
-53.53,1625449482.0,64.0
-52.39,1625449482.0,64.0
-48.73,1625449482.0,64.0
-42.79,1625449482.0,64.0
-35.15,1625449482.0,64.0
-26.49,1625449482.0,64.0
-17.42,1625449482.0,64.0
-8.32,1625449482.0,64.0
0.67,1625449482.0,64.0
9.42,1625449482.0,64.0
17.67,1625449482.0,64.0
24.93,1625449482.0,64.0
30.64,1625449482.0,64.0
34.39,1625449482.0,64.0
36.15,1625449482.0,64.0
36.4,1625449482.0,64.0
35.89,1625449482.0,64.0
35.4,1625449482.0,64.0
35.39,1625449482.0,64.0
35.92,1625449482.0,64.0
36.72,1625449482.0,64.0
37.34,1625449482.0,64.0
37.43,1625449482.0,64.0
36.8,1625449482.0,64.0
35.49,1625449482.0,64.0
33.6,1625449482.0,64.0
31.24,1625449482.0,64.0
28.45,1625449482.0,64.0
25.26,1625449482.0,64.0
21.72,1625449482.0,64.0
17.92,1625449482.0,64.0
14.07,1625449482.0,64.0
10.42,1625449482.0,64.0
7.16,1625449482.0,64.0
4.37,1625449482.0,64.0
1.98,1625449482.0,64.0
-0.19,1625449482.0,64.0
-2.36,1625449482.0,64.0
-4.66,1625449482.0,64.0
-7.13,1625449482.0,64.0
-9.64,1625449482.0,64.0
-12.06,1625449482.0,64.0
-14.33,1625449482.0,64.0
-16.55,1625449482.0,64.0
-18.91,1625449482.0,64.0
-21.62,1625449482.0,64.0
-24.8,1625449482.0,64.0
-28.33,1625449482.0,64.0
-31.88,1625449482.0,64.0
-34.92,1625449482.0,64.0
-36.86,1625449482.0,64.0
-37.16,1625449482.0,64.0
-35.44,1625449482.0,64.0
-31.62,1625449482.0,64.0
-25.91,1625449482.0,64.0
-18.73,1625449482.0,64.0
-10.64,1625449482.0,64.0
-2.22,1625449482.0,64.0
6.0,1625449482.0,64.0
13.57,1625449482.0,64.0
20.13,1625449482.0,64.0
25.35,1625449482.0,64.0
29.05,1625449482.0,64.0
31.24,1625449482.0,64.0
32.12,1625449482.0,64.0
32.15,1625449482.0,64.0
31.82,1625449482.0,64.0
31.53,1625449482.0,64.0
31.43,1625449482.0,64.0
31.42,1625449482.0,64.0
31.22,1625449482.0,64.0
30.54,1625449482.0,64.0
29.17,1625449482.0,64.0
27.11,1625449482.0,64.0
24.53,1625449482.0,64.0
21.66,1625449482.0,64.0
18.76,1625449482.0,64.0
16.02,1625449482.0,64.0
13.52,1625449482.0,64.0
11.24,1625449482.0,64.0
9.07,1625449482.0,64.0
6.86,1625449482.0,64.0
4.46,1625449482.0,64.0
1.78,1625449482.0,64.0
-1.2,1625449482.0,64.0
-4.41,1625449482.0,64.0
-7.71,1625449482.0,64.0
-10.97,1625449482.0,64.0
-14.03,1625449482.0,64.0
-16.83,1625449482.0,64.0
-19.38,1625449482.0,64.0
-21.78,1625449482.0,64.0
-24.23,1625449482.0,64.0
-27.0,1625449482.0,64.0
-30.25,1625449482.0,64.0
-34.01,1625449482.0,64.0
-37.98,1625449482.0,64.0
-41.62,1625449482.0,64.0
-44.2,1625449482.0,64.0
-45.04,1625449482.0,64.0
-43.74,1625449482.0,64.0
-40.28,1625449482.0,64.0
-35.04,1625449482.0,64.0
-28.62,1625449482.0,64.0
-21.6,1625449482.0,64.0
-14.4,1625449482.0,64.0
-7.21,1625449482.0,64.0
-0.16,1625449482.0,64.0
6.63,1625449482.0,64.0
12.94,1625449482.0,64.0
18.48,1625449482.0,64.0
23.05,1625449482.0,64.0
26.56,1625449482.0,64.0
29.08,1625449482.0,64.0
30.78,1625449482.0,64.0
31.82,1625449482.0,64.0
32.3,1625449482.0,64.0
32.29,1625449482.0,64.0
31.81,1625449482.0,64.0
30.92,1625449482.0,64.0
29.76,1625449482.0,64.0
28.45,1625449482.0,64.0
27.06,1625449482.0,64.0
25.58,1625449482.0,64.0
23.93,1625449482.0,64.0
22.03,1625449482.0,64.0
19.81,1625449482.0,64.0
17.3,1625449482.0,64.0
14.63,1625449482.0,64.0
11.95,1625449482.0,64.0
9.42,1625449482.0,64.0
7.09,1625449482.0,64.0
4.87,1625449482.0,64.0
2.6,1625449482.0,64.0
0.04,1625449482.0,64.0
-2.96,1625449482.0,64.0
-6.48,1625449482.0,64.0
-10.47,1625449482.0,64.0
-14.75,1625449482.0,64.0
-19.07,1625449482.0,64.0
-23.17,1625449482.0,64.0
-26.8,1625449482.0,64.0
-29.89,1625449482.0,64.0
-32.48,1625449482.0,64.0
-34.76,1625449482.0,64.0
-36.96,1625449482.0,64.0
-39.17,1625449482.0,64.0
-41.23,1625449482.0,64.0
-42.74,1625449482.0,64.0
-43.13,1625449482.0,64.0
-41.91,1625449482.0,64.0
-38.8,1625449482.0,64.0
-33.91,1625449482.0,64.0
-27.62,1625449482.0,64.0
-20.46,1625449482.0,64.0
-12.87,1625449482.0,64.0
-5.15,1625449482.0,64.0
2.57,1625449482.0,64.0
10.15,1625449482.0,64.0
17.38,1625449482.0,64.0
23.86,1625449482.0,64.0
29.17,1625449482.0,64.0
32.97,1625449482.0,64.0
35.21,1625449482.0,64.0
36.18,1625449482.0,64.0
36.41,1625449482.0,64.0
36.45,1625449482.0,64.0
36.64,1625449482.0,64.0
37.01,1625449482.0,64.0
37.31,1625449482.0,64.0
37.2,1625449482.0,64.0
36.44,1625449482.0,64.0
34.96,1625449482.0,64.0
32.92,1625449482.0,64.0
30.52,1625449482.0,64.0
27.94,1625449482.0,64.0
25.23,1625449482.0,64.0
22.35,1625449482.0,64.0
19.23,1625449482.0,64.0
15.85,1625449482.0,64.0
12.31,1625449482.0,64.0
8.76,1625449482.0,64.0
5.3,1625449482.0,64.0
1.95,1625449482.0,64.0
-1.35,1625449482.0,64.0
-4.71,1625449482.0,64.0
-8.2,1625449482.0,64.0
-11.8,1625449482.0,64.0
-15.42,1625449482.0,64.0
-18.93,1625449482.0,64.0
-22.26,1625449482.0,64.0
-25.41,1625449482.0,64.0
-28.5,1625449482.0,64.0
-31.72,1625449482.0,64.0
-35.22,1625449482.0,64.0
-39.09,1625449482.0,64.0
-43.25,1625449482.0,64.0
-47.44,1625449482.0,64.0
-51.16,1625449482.0,64.0
-53.77,1625449482.0,64.0
-54.59,1625449482.0,64.0
-53.13,1625449482.0,64.0
-49.24,1625449482.0,64.0
-43.13,1625449482.0,64.0
-35.38,1625449482.0,64.0
-26.68,1625449482.0,64.0
-17.63,1625449482.0,64.0
-8.61,1625449482.0,64.0
0.22,1625449482.0,64.0
8.72,1625449482.0,64.0
16.62,1625449482.0,64.0
23.44,1625449482.0,64.0
28.62,1625449482.0,64.0
31.79,1625449482.0,64.0
33.02,1625449482.0,64.0
32.87,1625449482.0,64.0
32.22,1625449482.0,64.0
31.87,1625449482.0,64.0
32.23,1625449482.0,64.0
33.16,1625449482.0,64.0
34.14,1625449482.0,64.0
34.6,1625449482.0,64.0
34.17,1625449482.0,64.0
32.89,1625449482.0,64.0
31.09,1625449482.0,64.0
29.17,1625449482.0,64.0
27.38,1625449482.0,64.0
25.74,1625449482.0,64.0
24.1,1625449482.0,64.0
22.24,1625449482.0,64.0
20.0,1625449482.0,64.0
17.32,1625449482.0,64.0
14.17,1625449482.0,64.0
10.56,1625449482.0,64.0
6.45,1625449482.0,64.0
1.89,1625449482.0,64.0
-3.0,1625449482.0,64.0
-7.95,1625449482.0,64.0
-12.61,1625449482.0,64.0
-16.64,1625449482.0,64.0
-19.84,1625449482.0,64.0
-22.25,1625449482.0,64.0
-24.15,1625449482.0,64.0
-25.95,1625449482.0,64.0
-28.09,1625449482.0,64.0
-30.91,1625449482.0,64.0
-34.55,1625449482.0,64.0
-38.98,1625449482.0,64.0
-43.87,1625449482.0,64.0
-48.66,1625449482.0,64.0
-52.56,1625449482.0,64.0
-54.73,1625449482.0,64.0
-54.46,1625449482.0,64.0
-51.42,1625449482.0,64.0
-45.73,1625449482.0,64.0
-37.93,1625449482.0,64.0
-28.81,1625449482.0,64.0
-19.11,1625449482.0,64.0
-9.37,1625449482.0,64.0
0.09,1625449482.0,64.0
9.03,1625449482.0,64.0
17.16,1625449482.0,64.0
24.08,1625449482.0,64.0
29.37,1625449482.0,64.0
32.8,1625449482.0,64.0
34.43,1625449482.0,64.0
34.72,1625449482.0,64.0
34.29,1625449482.0,64.0
33.71,1625449482.0,64.0
33.28,1625449482.0,64.0
32.94,1625449482.0,64.0
32.4,1625449482.0,64.0
31.38,1625449482.0,64.0
29.76,1625449482.0,64.0
27.6,1625449482.0,64.0
25.08,1625449482.0,64.0
22.34,1625449482.0,64.0
19.41,1625449482.0,64.0
16.28,1625449482.0,64.0
12.95,1625449482.0,64.0
9.53,1625449482.0,64.0
6.21,1625449482.0,64.0
3.21,1625449482.0,64.0
0.59,1625449482.0,64.0
-1.72,1625449482.0,64.0
-3.92,1625449482.0,64.0
-6.21,1625449482.0,64.0
-8.67,1625449482.0,64.0
-11.24,1625449482.0,64.0
-13.8,1625449482.0,64.0
-16.2,1625449482.0,64.0
-18.4,1625449482.0,64.0
-20.45,1625449482.0,64.0
-22.46,1625449482.0,64.0
-24.57,1625449482.0,64.0
-26.82,1625449482.0,64.0
-29.26,1625449482.0,64.0
-31.9,1625449482.0,64.0
-34.8,1625449482.0,64.0
-38.03,1625449482.0,64.0
-41.47,1625449482.0,64.0
-44.78,1625449482.0,64.0
-47.33,1625449482.0,64.0
-48.31,1625449482.0,64.0
-47.03,1625449482.0,64.0
-43.22,1625449482.0,64.0
-37.13,1625449482.0,64.0
-29.46,1625449482.0,64.0
-21.05,1625449482.0,64.0
-12.55,1625449482.0,64.0
-4.23,1625449482.0,64.0
3.84,1625449482.0,64.0
11.65,1625449482.0,64.0
18.94,1625449482.0,64.0
25.27,1625449482.0,64.0
30.11,1625449482.0,64.0
33.23,1625449482.0,64.0
34.81,1625449482.0,64.0
35.41,1625449482.0,64.0
35.71,1625449482.0,64.0
36.16,1625449482.0,64.0
36.83,1625449482.0,64.0
37.47,1625449482.0,64.0
37.68,1625449482.0,64.0
37.24,1625449482.0,64.0
36.13,1625449482.0,64.0
34.54,1625449482.0,64.0
32.67,1625449482.0,64.0
30.59,1625449482.0,64.0
28.28,1625449482.0,64.0
25.65,1625449482.0,64.0
22.68,1625449482.0,64.0
19.54,1625449482.0,64.0
16.46,1625449482.0,64.0
13.69,1625449482.0,64.0
11.31,1625449482.0,64.0
9.25,1625449482.0,64.0
7.28,1625449482.0,64.0
5.19,1625449482.0,64.0
2.9,1625449482.0,64.0
0.45,1625449482.0,64.0
-2.0,1625449482.0,64.0
-4.31,1625449482.0,64.0
-6.44,1625449482.0,64.0
-8.49,1625449482.0,64.0
-10.72,1625449482.0,64.0
-13.42,1625449482.0,64.0
-16.86,1625449482.0,64.0
-21.17,1625449482.0,64.0
-26.23,1625449482.0,64.0
-31.66,1625449482.0,64.0
-36.75,1625449482.0,64.0
-40.67,1625449482.0,64.0
-42.59,1625449482.0,64.0
-41.97,1625449482.0,64.0
-38.78,1625449482.0,64.0
-33.43,1625449482.0,64.0
-26.73,1625449482.0,64.0
-19.49,1625449482.0,64.0
-12.35,1625449482.0,64.0
-5.56,1625449482.0,64.0
0.91,1625449482.0,64.0
7.17,1625449482.0,64.0
13.23,1625449482.0,64.0
18.85,1625449482.0,64.0
23.69,1625449482.0,64.0
27.4,1625449482.0,64.0
29.87,1625449482.0,64.0
31.31,1625449482.0,64.0
32.09,1625449482.0,64.0
32.62,1625449482.0,64.0
33.16,1625449482.0,64.0
33.71,1625449482.0,64.0
34.09,1625449482.0,64.0
34.07,1625449482.0,64.0
33.47,1625449482.0,64.0
32.23,1625449482.0,64.0
30.42,1625449482.0,64.0
28.15,1625449482.0,64.0
25.55,1625449482.0,64.0
22.72,1625449482.0,64.0
19.76,1625449482.0,64.0
16.78,1625449482.0,64.0
13.87,1625449482.0,64.0
11.08,1625449482.0,64.0
8.41,1625449482.0,64.0
5.78,1625449482.0,64.0
3.07,1625449482.0,64.0
0.22,1625449482.0,64.0
-2.81,1625449482.0,64.0
-5.96,1625449482.0,64.0
-9.21,1625449482.0,64.0
-12.51,1625449482.0,64.0
-15.85,1625449482.0,64.0
-19.26,1625449482.0,64.0
-22.73,1625449482.0,64.0
-26.28,1625449482.0,64.0
-29.91,1625449482.0,64.0
-33.68,1625449482.0,64.0
-37.58,1625449482.0,64.0
-41.53,1625449482.0,64.0
-45.17,1625449482.0,64.0
-47.92,1625449482.0,64.0
-49.08,1625449482.0,64.0
-48.06,1625449482.0,64.0
-44.64,1625449482.0,64.0
-39.06,1625449482.0,64.0
-31.9,1625449482.0,64.0
-23.88,1625449482.0,64.0
-15.55,1625449482.0,64.0
-7.21,1625449482.0,64.0
1.01,1625449482.0,64.0
8.98,1625449482.0,64.0
16.42,1625449482.0,64.0
22.87,1625449482.0,64.0
27.88,1625449482.0,64.0
31.26,1625449482.0,64.0
33.13,1625449482.0,64.0
33.95,1625449482.0,64.0
34.27,1625449482.0,64.0
34.54,1625449482.0,64.0
34.92,1625449482.0,64.0
35.32,1625449482.0,64.0
35.54,1625449482.0,64.0
35.38,1625449482.0,64.0
34.75,1625449482.0,64.0
33.66,1625449482.0,64.0
32.12,1625449482.0,64.0
30.08,1625449482.0,64.0
27.46,1625449482.0,64.0
24.23,1625449482.0,64.0
20.46,1625449482.0,64.0
16.44,1625449482.0,64.0
12.5,1625449482.0,64.0
8.98,1625449482.0,64.0
6.01,1625449482.0,64.0
3.47,1625449482.0,64.0
1.04,1625449482.0,64.0
-1.69,1625449482.0,64.0
-4.93,1625449482.0,64.0
-8.7,1625449482.0,64.0
-12.69,1625449482.0,64.0
-16.53,1625449482.0,64.0
-19.92,1625449482.0,64.0
-22.84,1625449482.0,64.0
-25.5,1625449482.0,64.0
-28.31,1625449482.0,64.0
-31.63,1625449482.0,64.0
-35.64,1625449482.0,64.0
-40.28,1625449482.0,64.0
-45.25,1625449482.0,64.0
-50.07,1625449482.0,64.0
-54.13,1625449482.0,64.0
-56.8,1625449482.0,64.0
-57.51,1625449482.0,64.0
-55.91,1625449482.0,64.0
-51.96,1625449482.0,64.0
-45.95,1625449482.0,64.0
-38.45,1625449482.0,64.0
-30.1,1625449482.0,64.0
-21.37,1625449482.0,64.0
-12.5,1625449482.0,64.0
-3.59,1625449482.0,64.0
5.27,1625449482.0,64.0
13.79,1625449482.0,64.0
21.45,1625449482.0,64.0
27.7,1625449482.0,64.0
32.14,1625449482.0,64.0
34.74,1625449482.0,64.0
35.9,1625449482.0,64.0
36.21,1625449482.0,64.0
36.24,1625449482.0,64.0
36.33,1625449482.0,64.0
36.49,1625449482.0,64.0
36.52,1625449482.0,64.0
36.2,1625449482.0,64.0
35.4,1625449482.0,64.0
34.16,1625449482.0,64.0
32.58,1625449482.0,64.0
30.75,1625449482.0,64.0
28.7,1625449482.0,64.0
26.38,1625449482.0,64.0
23.83,1625449482.0,64.0
21.22,1625449482.0,64.0
18.79,1625449482.0,64.0
16.8,1625449482.0,64.0
15.32,1625449482.0,64.0
14.18,1625449482.0,64.0
12.93,1625449482.0,64.0
11.05,1625449482.0,64.0
8.15,1625449482.0,64.0
4.1,1625449482.0,64.0
-0.94,1625449482.0,64.0
-6.6,1625449482.0,64.0
-12.43,1625449482.0,64.0
-18.03,1625449482.0,64.0
-23.09,1625449482.0,64.0
-27.42,1625449482.0,64.0
-30.94,1625449482.0,64.0
-33.76,1625449482.0,64.0
-36.21,1625449482.0,64.0
-38.71,1625449482.0,64.0
-41.62,1625449482.0,64.0
-45.02,1625449482.0,64.0
-48.5,1625449482.0,64.0
-51.29,1625449482.0,64.0
-52.47,1625449482.0,64.0
-51.36,1625449482.0,64.0
-47.78,1625449482.0,64.0
-42.1,1625449482.0,64.0
-34.99,1625449482.0,64.0
-27.15,1625449482.0,64.0
-19.02,1625449482.0,64.0
-10.74,1625449482.0,64.0
-2.35,1625449482.0,64.0
6.01,1625449482.0,64.0
13.93,1625449482.0,64.0
20.81,1625449482.0,64.0
26.06,1625449482.0,64.0
29.43,1625449482.0,64.0
31.08,1625449482.0,64.0
31.55,1625449482.0,64.0
31.49,1625449482.0,64.0
31.43,1625449482.0,64.0
31.56,1625449482.0,64.0
31.77,1625449482.0,64.0
31.75,1625449482.0,64.0
31.22,1625449482.0,64.0
30.08,1625449482.0,64.0
28.44,1625449482.0,64.0
26.51,1625449482.0,64.0
24.52,1625449482.0,64.0
22.56,1625449482.0,64.0
20.59,1625449482.0,64.0
18.46,1625449482.0,64.0
16.09,1625449482.0,64.0
13.48,1625449482.0,64.0
10.76,1625449482.0,64.0
8.12,1625449482.0,64.0
5.67,1625449482.0,64.0
3.4,1625449482.0,64.0
1.1,1625449482.0,64.0
-1.44,1625449482.0,64.0
-4.36,1625449482.0,64.0
-7.63,1625449482.0,64.0
-11.05,1625449482.0,64.0
-14.33,1625449482.0,64.0
-17.29,1625449482.0,64.0
-19.91,1625449482.0,64.0
-22.3,1625449482.0,64.0
-24.66,1625449482.0,64.0
-27.17,1625449482.0,64.0
-29.93,1625449482.0,64.0
-33.0,1625449482.0,64.0
-36.41,1625449482.0,64.0
-40.07,1625449482.0,64.0
-43.73,1625449482.0,64.0
-46.85,1625449482.0,64.0
-48.72,1625449482.0,64.0
-48.65,1625449482.0,64.0
-46.26,1625449482.0,64.0
-41.64,1625449482.0,64.0
-35.26,1625449482.0,64.0
-27.8,1625449482.0,64.0
-19.85,1625449482.0,64.0
-11.73,1625449482.0,64.0
-3.58,1625449482.0,64.0
4.51,1625449482.0,64.0
12.28,1625449482.0,64.0
19.31,1625449482.0,64.0
25.1,1625449482.0,64.0
29.35,1625449482.0,64.0
32.03,1625449482.0,64.0
33.43,1625449482.0,64.0
34.06,1625449482.0,64.0
34.4,1625449482.0,64.0
34.78,1625449482.0,64.0
35.31,1625449482.0,64.0
35.86,1625449482.0,64.0
36.24,1625449482.0,64.0
36.18,1625449482.0,64.0
35.54,1625449482.0,64.0
34.26,1625449482.0,64.0
32.39,1625449482.0,64.0
30.0,1625449482.0,64.0
27.2,1625449482.0,64.0
24.09,1625449482.0,64.0
20.78,1625449482.0,64.0
17.42,1625449482.0,64.0
14.17,1625449482.0,64.0
11.18,1625449482.0,64.0
8.46,1625449482.0,64.0
5.93,1625449482.0,64.0
3.39,1625449482.0,64.0
0.64,1625449482.0,64.0
-2.37,1625449482.0,64.0
-5.51,1625449482.0,64.0
-8.53,1625449482.0,64.0
-11.23,1625449482.0,64.0
-13.53,1625449482.0,64.0
-15.59,1625449482.0,64.0
-17.67,1625449482.0,64.0
-19.98,1625449482.0,64.0
-22.6,1625449482.0,64.0
-25.47,1625449482.0,64.0
-28.41,1625449482.0,64.0
-31.25,1625449482.0,64.0
-33.8,1625449482.0,64.0
-35.82,1625449482.0,64.0
-36.92,1625449482.0,64.0
-36.66,1625449482.0,64.0
-34.61,1625449482.0,64.0
-30.59,1625449482.0,64.0
-24.79,1625449482.0,64.0
-17.66,1625449482.0,64.0
-9.76,1625449482.0,64.0
-1.62,1625449482.0,64.0
6.44,1625449482.0,64.0
14.12,1625449482.0,64.0
21.09,1625449482.0,64.0
26.9,1625449482.0,64.0
31.09,1625449482.0,64.0
33.39,1625449482.0,64.0
33.81,1625449482.0,64.0
32.75,1625449482.0,64.0
30.84,1625449482.0,64.0
28.69,1625449482.0,64.0
26.79,1625449482.0,64.0
25.36,1625449482.0,64.0
24.4,1625449482.0,64.0
23.76,1625449482.0,64.0
23.27,1625449482.0,64.0
22.73,1625449482.0,64.0
21.98,1625449482.0,64.0
20.94,1625449482.0,64.0
19.57,1625449482.0,64.0
17.91,1625449482.0,64.0
15.95,1625449482.0,64.0
13.63,1625449482.0,64.0
10.89,1625449482.0,64.0
7.68,1625449482.0,64.0
4.03,1625449482.0,64.0
0.12,1625449482.0,64.0
-3.83,1625449482.0,64.0
-7.55,1625449482.0,64.0
-10.88,1625449482.0,64.0
-13.74,1625449482.0,64.0
-16.14,1625449482.0,64.0
-18.2,1625449482.0,64.0
-20.01,1625449482.0,64.0
-21.69,1625449482.0,64.0
-23.32,1625449482.0,64.0
-25.02,1625449482.0,64.0
-26.93,1625449482.0,64.0
-29.21,1625449482.0,64.0
-32.03,1625449482.0,64.0
-35.42,1625449482.0,64.0
-39.19,1625449482.0,64.0
-42.85,1625449482.0,64.0
-45.71,1625449482.0,64.0
-47.02,1625449482.0,64.0
-46.27,1625449482.0,64.0
-43.3,1625449482.0,64.0
-38.36,1625449482.0,64.0
-31.93,1625449482.0,64.0
-24.56,1625449482.0,64.0
-16.68,1625449482.0,64.0
-8.6,1625449482.0,64.0
-0.58,1625449482.0,64.0
7.09,1625449482.0,64.0
14.03,1625449482.0,64.0
19.86,1625449482.0,64.0
24.29,1625449482.0,64.0
27.21,1625449482.0,64.0
28.78,1625449482.0,64.0
29.36,1625449482.0,64.0
29.43,1625449482.0,64.0
29.45,1625449482.0,64.0
29.7,1625449482.0,64.0
30.27,1625449482.0,64.0
31.1,1625449482.0,64.0
31.95,1625449482.0,64.0
32.59,1625449482.0,64.0
32.81,1625449482.0,64.0
32.46,1625449482.0,64.0
31.47,1625449482.0,64.0
29.85,1625449482.0,64.0
27.71,1625449482.0,64.0
25.2,1625449482.0,64.0
22.5,1625449482.0,64.0
19.8,1625449482.0,64.0
17.16,1625449482.0,64.0
14.56,1625449482.0,64.0
11.89,1625449482.0,64.0
9.0,1625449482.0,64.0
5.78,1625449482.0,64.0
2.2,1625449482.0,64.0
-1.68,1625449482.0,64.0
-5.75,1625449482.0,64.0
-9.79,1625449482.0,64.0
-13.62,1625449482.0,64.0
-17.09,1625449482.0,64.0
-20.2,1625449482.0,64.0
-23.07,1625449482.0,64.0
-25.96,1625449482.0,64.0
-29.19,1625449482.0,64.0
-32.94,1625449482.0,64.0
-37.18,1625449482.0,64.0
-41.61,1625449482.0,64.0
-45.64,1625449482.0,64.0
-48.54,1625449482.0,64.0
-49.6,1625449482.0,64.0
-48.34,1625449482.0,64.0
-44.64,1625449482.0,64.0
-38.81,1625449482.0,64.0
-31.48,1625449482.0,64.0
-23.41,1625449482.0,64.0
-15.25,1625449482.0,64.0
-7.36,1625449482.0,64.0
0.19,1625449482.0,64.0
7.42,1625449482.0,64.0
14.32,1625449482.0,64.0
20.65,1625449482.0,64.0
26.03,1625449482.0,64.0
30.08,1625449482.0,64.0
32.69,1625449482.0,64.0
34.06,1625449482.0,64.0
34.65,1625449482.0,64.0
34.96,1625449482.0,64.0
35.3,1625449482.0,64.0
35.7,1625449482.0,64.0
36.0,1625449482.0,64.0
36.0,1625449482.0,64.0
35.59,1625449482.0,64.0
34.86,1625449482.0,64.0
33.93,1625449482.0,64.0
32.84,1625449482.0,64.0
31.47,1625449482.0,64.0
29.5,1625449482.0,64.0
26.6,1625449482.0,64.0
22.58,1625449482.0,64.0
17.52,1625449482.0,64.0
11.82,1625449482.0,64.0
6.02,1625449482.0,64.0
0.64,1625449482.0,64.0
-4.02,1625449482.0,64.0
-7.91,1625449482.0,64.0
-11.2,1625449482.0,64.0
-14.13,1625449482.0,64.0
-16.9,1625449482.0,64.0
-19.58,1625449482.0,64.0
-22.18,1625449482.0,64.0
-24.68,1625449482.0,64.0
-27.12,1625449482.0,64.0
-29.61,1625449482.0,64.0
-32.33,1625449482.0,64.0
-35.47,1625449482.0,64.0
-39.13,1625449482.0,64.0
-43.29,1625449482.0,64.0
-47.7,1625449482.0,64.0
-51.85,1625449482.0,64.0
-54.99,1625449482.0,64.0
-56.34,1625449482.0,64.0
-55.29,1625449482.0,64.0
-51.61,1625449482.0,64.0
-45.54,1625449482.0,64.0
-37.7,1625449482.0,64.0
-28.84,1625449482.0,64.0
-19.6,1625449482.0,64.0
-10.38,1625449482.0,64.0
-1.38,1625449482.0,64.0
7.24,1625449482.0,64.0
15.21,1625449482.0,64.0
22.1,1625449482.0,64.0
27.44,1625449482.0,64.0
30.97,1625449482.0,64.0
32.76,1625449482.0,64.0
33.29,1625449482.0,64.0
33.21,1625449482.0,64.0
33.11,1625449482.0,64.0
33.31,1625449482.0,64.0
33.74,1625449482.0,64.0
34.1,1625449482.0,64.0
34.02,1625449482.0,64.0
33.3,1625449482.0,64.0
31.89,1625449482.0,64.0
29.93,1625449482.0,64.0
27.54,1625449482.0,64.0
24.79,1625449482.0,64.0
21.71,1625449482.0,64.0
18.3,1625449482.0,64.0
14.66,1625449482.0,64.0
10.98,1625449482.0,64.0
7.51,1625449482.0,64.0
4.49,1625449482.0,64.0
2.0,1625449482.0,64.0
-0.07,1625449482.0,64.0
-1.94,1625449482.0,64.0
-3.88,1625449482.0,64.0
-6.06,1625449482.0,64.0
-8.52,1625449482.0,64.0
-11.16,1625449482.0,64.0
-13.81,1625449482.0,64.0
-16.34,1625449482.0,64.0
-18.77,1625449482.0,64.0
-21.16,1625449482.0,64.0
-23.67,1625449482.0,64.0
-26.46,1625449482.0,64.0
-29.63,1625449482.0,64.0
-33.14,1625449482.0,64.0
-36.83,1625449482.0,64.0
-40.33,1625449482.0,64.0
-43.1,1625449482.0,64.0
-44.5,1625449482.0,64.0
-44.0,1625449482.0,64.0
-41.3,1625449482.0,64.0
-36.45,1625449482.0,64.0
-29.87,1625449482.0,64.0
-22.16,1625449482.0,64.0
-13.98,1625449482.0,64.0
-5.79,1625449482.0,64.0
2.1,1625449482.0,64.0
9.51,1625449482.0,64.0
16.25,1625449482.0,64.0
22.05,1625449482.0,64.0
26.57,1625449482.0,64.0
29.61,1625449482.0,64.0
31.22,1625449482.0,64.0
31.76,1625449482.0,64.0
31.77,1625449482.0,64.0
31.79,1625449482.0,64.0
32.08,1625449482.0,64.0
32.56,1625449482.0,64.0
32.92,1625449482.0,64.0
32.8,1625449482.0,64.0
32.03,1625449482.0,64.0
30.67,1625449482.0,64.0
28.93,1625449482.0,64.0
27.0,1625449482.0,64.0
24.96,1625449482.0,64.0
22.74,1625449482.0,64.0
20.24,1625449482.0,64.0
17.43,1625449482.0,64.0
14.45,1625449482.0,64.0
11.52,1625449482.0,64.0
8.81,1625449482.0,64.0
6.41,1625449482.0,64.0
4.22,1625449482.0,64.0
2.1,1625449482.0,64.0
-0.12,1625449482.0,64.0
-2.53,1625449482.0,64.0
-5.13,1625449482.0,64.0
-7.85,1625449482.0,64.0
-10.63,1625449482.0,64.0
-13.42,1625449482.0,64.0
-16.22,1625449482.0,64.0
-19.08,1625449482.0,64.0
-22.04,1625449482.0,64.0
-25.17,1625449482.0,64.0
-28.49,1625449482.0,64.0
-31.97,1625449482.0,64.0
-35.39,1625449482.0,64.0
-38.33,1625449482.0,64.0
-40.22,1625449482.0,64.0
-40.45,1625449482.0,64.0
-38.59,1625449482.0,64.0
-34.51,1625449482.0,64.0
-28.46,1625449482.0,64.0
-20.98,1625449482.0,64.0
-12.69,1625449482.0,64.0
-4.15,1625449482.0,64.0
4.26,1625449482.0,64.0
12.28,1625449482.0,64.0
19.67,1625449482.0,64.0
26.09,1625449482.0,64.0
31.15,1625449482.0,64.0
34.52,1625449482.0,64.0
36.09,1625449482.0,64.0
36.02,1625449482.0,64.0
34.72,1625449482.0,64.0
32.72,1625449482.0,64.0
30.51,1625449482.0,64.0
28.44,1625449482.0,64.0
26.73,1625449482.0,64.0
25.43,1625449482.0,64.0
24.51,1625449482.0,64.0
23.82,1625449482.0,64.0
23.15,1625449482.0,64.0
22.29,1625449482.0,64.0
21.06,1625449482.0,64.0
19.43,1625449482.0,64.0
17.47,1625449482.0,64.0
15.34,1625449482.0,64.0
13.13,1625449482.0,64.0
10.83,1625449482.0,64.0
8.32,1625449482.0,64.0
5.48,1625449482.0,64.0
2.24,1625449482.0,64.0
-1.28,1625449482.0,64.0
-4.86,1625449482.0,64.0
-8.25,1625449482.0,64.0
-11.26,1625449482.0,64.0
-13.9,1625449482.0,64.0
-16.28,1625449482.0,64.0
-18.59,1625449482.0,64.0
-21.05,1625449482.0,64.0
-23.79,1625449482.0,64.0
-26.93,1625449482.0,64.0
-30.54,1625449482.0,64.0
-34.61,1625449482.0,64.0
-38.98,1625449482.0,64.0
-43.23,1625449482.0,64.0
-46.76,1625449482.0,64.0
-48.76,1625449482.0,64.0
-48.55,1625449482.0,64.0
-45.72,1625449482.0,64.0
-40.29,1625449482.0,64.0
-32.74,1625449482.0,64.0
-23.84,1625449482.0,64.0
-14.34,1625449482.0,64.0
-4.85,1625449482.0,64.0
4.27,1625449482.0,64.0
12.8,1625449482.0,64.0
20.54,1625449482.0,64.0
27.24,1625449482.0,64.0
32.56,1625449482.0,64.0
36.29,1625449482.0,64.0
38.39,1625449482.0,64.0
39.16,1625449482.0,64.0
39.09,1625449482.0,64.0
38.73,1625449482.0,64.0
38.47,1625449482.0,64.0
38.35,1625449482.0,64.0
38.2,1625449482.0,64.0
37.69,1625449482.0,64.0
36.57,1625449482.0,64.0
34.79,1625449482.0,64.0
32.46,1625449482.0,64.0
29.79,1625449482.0,64.0
26.92,1625449482.0,64.0
23.91,1625449482.0,64.0
20.77,1625449482.0,64.0
17.5,1625449482.0,64.0
14.19,1625449482.0,64.0
10.96,1625449482.0,64.0
7.91,1625449482.0,64.0
5.03,1625449482.0,64.0
2.15,1625449482.0,64.0
-0.93,1625449482.0,64.0
-4.39,1625449482.0,64.0
-8.26,1625449482.0,64.0
-12.37,1625449482.0,64.0
-16.43,1625449482.0,64.0
-20.18,1625449482.0,64.0
-23.53,1625449482.0,64.0
-26.54,1625449482.0,64.0
-29.47,1625449482.0,64.0
-32.62,1625449482.0,64.0
-36.23,1625449482.0,64.0
-40.34,1625449482.0,64.0
-44.8,1625449482.0,64.0
-49.27,1625449482.0,64.0
-53.24,1625449482.0,64.0
-56.1,1625449482.0,64.0
-57.26,1625449482.0,64.0
-56.24,1625449482.0,64.0
-52.83,1625449482.0,64.0
-47.15,1625449482.0,64.0
-39.63,1625449482.0,64.0
-30.87,1625449482.0,64.0
-21.44,1625449482.0,64.0
-11.73,1625449482.0,64.0
-1.97,1625449482.0,64.0
7.65,1625449482.0,64.0
16.85,1625449482.0,64.0
25.16,1625449482.0,64.0
32.07,1625449482.0,64.0
37.14,1625449482.0,64.0
40.28,1625449482.0,64.0
41.75,1625449482.0,64.0
42.11,1625449482.0,64.0
41.95,1625449482.0,64.0
41.65,1625449482.0,64.0
41.32,1625449482.0,64.0
40.79,1625449482.0,64.0
39.88,1625449482.0,64.0
38.48,1625449482.0,64.0
36.68,1625449482.0,64.0
34.66,1625449482.0,64.0
32.55,1625449482.0,64.0
30.35,1625449482.0,64.0
27.99,1625449482.0,64.0
25.4,1625449482.0,64.0
22.64,1625449482.0,64.0
19.96,1625449482.0,64.0
17.68,1625449482.0,64.0
16.06,1625449482.0,64.0
15.12,1625449482.0,64.0
14.57,1625449482.0,64.0
13.91,1625449482.0,64.0
12.51,1625449482.0,64.0
9.89,1625449482.0,64.0
5.83,1625449482.0,64.0
0.43,1625449482.0,64.0
-5.92,1625449482.0,64.0
-12.64,1625449482.0,64.0
-19.13,1625449482.0,64.0
-24.85,1625449482.0,64.0
-29.48,1625449482.0,64.0
-32.98,1625449482.0,64.0
-35.6,1625449482.0,64.0
-37.84,1625449482.0,64.0
-40.28,1625449482.0,64.0
-43.37,1625449482.0,64.0
-47.21,1625449482.0,64.0
-51.45,1625449482.0,64.0
-55.36,1625449482.0,64.0
-58.05,1625449482.0,64.0
-58.76,1625449482.0,64.0
-57.13,1625449482.0,64.0
-53.19,1625449482.0,64.0
-47.3,1625449482.0,64.0
-39.9,1625449482.0,64.0
-31.34,1625449482.0,64.0
-21.81,1625449482.0,64.0
-11.51,1625449482.0,64.0
-0.74,1625449482.0,64.0
9.92,1625449482.0,64.0
19.69,1625449482.0,64.0
27.75,1625449482.0,64.0
33.6,1625449482.0,64.0
37.2,1625449482.0,64.0
39.01,1625449482.0,64.0
39.82,1625449482.0,64.0
40.36,1625449482.0,64.0
41.07,1625449482.0,64.0
41.92,1625449482.0,64.0
42.57,1625449482.0,64.0
42.56,1625449482.0,64.0
41.6,1625449482.0,64.0
39.74,1625449482.0,64.0
37.33,1625449482.0,64.0
34.83,1625449482.0,64.0
32.6,1625449482.0,64.0
30.74,1625449482.0,64.0
29.03,1625449482.0,64.0
27.07,1625449482.0,64.0
24.51,1625449482.0,64.0
21.24,1625449482.0,64.0
17.41,1625449482.0,64.0
13.39,1625449482.0,64.0
9.55,1625449482.0,64.0
6.05,1625449482.0,64.0
2.81,1625449482.0,64.0
-0.48,1625449482.0,64.0
-4.12,1625449482.0,64.0
-8.26,1625449482.0,64.0
-12.77,1625449482.0,64.0
-17.29,1625449482.0,64.0
-21.43,1625449482.0,64.0
-24.89,1625449482.0,64.0
-27.68,1625449482.0,64.0
-30.03,1625449482.0,64.0
-32.29,1625449482.0,64.0
-34.8,1625449482.0,64.0
-37.72,1625449482.0,64.0
-41.11,1625449482.0,64.0
-44.89,1625449482.0,64.0
-48.9,1625449482.0,64.0
-52.93,1625449482.0,64.0
-56.62,1625449482.0,64.0
-59.53,1625449482.0,64.0
-61.09,1625449482.0,64.0
-60.81,1625449482.0,64.0
-58.37,1625449482.0,64.0
-53.73,1625449482.0,64.0
-47.15,1625449482.0,64.0
-39.07,1625449482.0,64.0
-29.99,1625449482.0,64.0
-20.32,1625449482.0,64.0
-10.42,1625449482.0,64.0
-0.54,1625449482.0,64.0
9.01,1625449482.0,64.0
17.84,1625449482.0,64.0
25.48,1625449482.0,64.0
31.52,1625449482.0,64.0
35.78,1625449482.0,64.0
38.38,1625449482.0,64.0
39.76,1625449482.0,64.0
40.5,1625449482.0,64.0
41.07,1625449482.0,64.0
41.67,1625449482.0,64.0
42.18,1625449482.0,64.0
42.32,1625449482.0,64.0
41.83,1625449482.0,64.0
40.64,1625449482.0,64.0
38.9,1625449482.0,64.0
36.84,1625449482.0,64.0
34.67,1625449482.0,64.0
32.45,1625449482.0,64.0
30.09,1625449482.0,64.0
27.48,1625449482.0,64.0
24.57,1625449482.0,64.0
21.4,1625449482.0,64.0
18.15,1625449482.0,64.0
15.05,1625449482.0,64.0
12.27,1625449482.0,64.0
9.9,1625449482.0,64.0
7.84,1625449482.0,64.0
5.85,1625449482.0,64.0
3.65,1625449482.0,64.0
1.02,1625449482.0,64.0
-2.1,1625449482.0,64.0
-5.56,1625449482.0,64.0
-9.06,1625449482.0,64.0
-12.33,1625449482.0,64.0
-15.22,1625449482.0,64.0
-17.78,1625449482.0,64.0
-20.21,1625449482.0,64.0
-22.72,1625449482.0,64.0
-25.5,1625449482.0,64.0
-28.58,1625449482.0,64.0
-31.91,1625449482.0,64.0
-35.25,1625449482.0,64.0
-38.27,1625449482.0,64.0
-40.45,1625449482.0,64.0
-41.24,1625449482.0,64.0
-40.15,1625449482.0,64.0
-36.9,1625449482.0,64.0
-31.65,1625449482.0,64.0
-24.82,1625449482.0,64.0
-17.08,1625449482.0,64.0
-9.04,1625449482.0,64.0
-1.16,1625449482.0,64.0
6.3,1625449482.0,64.0
13.16,1625449482.0,64.0
19.18,1625449482.0,64.0
24.03,1625449482.0,64.0
27.33,1625449482.0,64.0
28.89,1625449482.0,64.0
28.82,1625449482.0,64.0
27.57,1625449482.0,64.0
25.78,1625449482.0,64.0
24.07,1625449482.0,64.0
22.84,1625449482.0,64.0
22.22,1625449482.0,64.0
22.15,1625449482.0,64.0
22.47,1625449482.0,64.0
23.02,1625449482.0,64.0
23.67,1625449482.0,64.0
24.22,1625449482.0,64.0
24.46,1625449482.0,64.0
24.16,1625449482.0,64.0
23.17,1625449482.0,64.0
21.53,1625449482.0,64.0
19.47,1625449482.0,64.0
17.29,1625449482.0,64.0
15.26,1625449482.0,64.0
13.46,1625449482.0,64.0
11.78,1625449482.0,64.0
9.99,1625449482.0,64.0
7.83,1625449482.0,64.0
5.2,1625449482.0,64.0
2.11,1625449482.0,64.0
-1.32,1625449482.0,64.0
-4.91,1625449482.0,64.0
-8.49,1625449482.0,64.0
-11.96,1625449482.0,64.0
-15.22,1625449482.0,64.0
-18.27,1625449482.0,64.0
-21.13,1625449482.0,64.0
-23.92,1625449482.0,64.0
-26.85,1625449482.0,64.0
-30.12,1625449482.0,64.0
-33.81,1625449482.0,64.0
-37.8,1625449482.0,64.0
-41.62,1625449482.0,64.0
-44.59,1625449482.0,64.0
-45.97,1625449482.0,64.0
-45.19,1625449482.0,64.0
-42.05,1625449482.0,64.0
-36.78,1625449482.0,64.0
-29.9,1625449482.0,64.0
-22.07,1625449482.0,64.0
-13.81,1625449482.0,64.0
-5.48,1625449482.0,64.0
2.68,1625449482.0,64.0
10.46,1625449482.0,64.0
17.49,1625449482.0,64.0
23.35,1625449482.0,64.0
27.69,1625449482.0,64.0
30.41,1625449482.0,64.0
31.78,1625449482.0,64.0
32.31,1625449482.0,64.0
32.59,1625449482.0,64.0
33.0,1625449482.0,64.0
33.61,1625449482.0,64.0
34.22,1625449482.0,64.0
34.54,1625449482.0,64.0
34.37,1625449482.0,64.0
33.66,1625449482.0,64.0
32.48,1625449482.0,64.0
30.89,1625449482.0,64.0
28.89,1625449482.0,64.0
26.39,1625449482.0,64.0
23.36,1625449482.0,64.0
19.88,1625449482.0,64.0
16.14,1625449482.0,64.0
12.46,1625449482.0,64.0
9.12,1625449482.0,64.0
6.31,1625449482.0,64.0
4.06,1625449482.0,64.0
2.19,1625449482.0,64.0
0.41,1625449482.0,64.0
-1.66,1625449482.0,64.0
-4.3,1625449482.0,64.0
-7.65,1625449482.0,64.0
-11.6,1625449482.0,64.0
-15.82,1625449482.0,64.0
-19.94,1625449482.0,64.0
-23.63,1625449482.0,64.0
-26.79,1625449482.0,64.0
-29.57,1625449482.0,64.0
-32.29,1625449482.0,64.0
-35.31,1625449482.0,64.0
-38.9,1625449482.0,64.0
-43.09,1625449482.0,64.0
-47.66,1625449482.0,64.0
-52.07,1625449482.0,64.0
-55.59,1625449482.0,64.0
-57.46,1625449482.0,64.0
-57.03,1625449482.0,64.0
-54.01,1625449482.0,64.0
-48.49,1625449482.0,64.0
-40.94,1625449482.0,64.0
-32.0,1625449482.0,64.0
-22.32,1625449482.0,64.0
-12.42,1625449482.0,64.0
-2.66,1625449482.0,64.0
6.68,1625449482.0,64.0
15.29,1625449482.0,64.0
22.84,1625449482.0,64.0
28.95,1625449482.0,64.0
33.35,1625449482.0,64.0
36.03,1625449482.0,64.0
37.19,1625449482.0,64.0
37.25,1625449482.0,64.0
36.67,1625449482.0,64.0
35.77,1625449482.0,64.0
34.67,1625449482.0,64.0
33.42,1625449482.0,64.0
32.04,1625449482.0,64.0
30.63,1625449482.0,64.0
29.37,1625449482.0,64.0
28.39,1625449482.0,64.0
27.74,1625449482.0,64.0
27.27,1625449482.0,64.0
26.74,1625449482.0,64.0
25.9,1625449482.0,64.0
24.58,1625449482.0,64.0
22.72,1625449482.0,64.0
20.33,1625449482.0,64.0
17.5,1625449482.0,64.0
14.36,1625449482.0,64.0
11.03,1625449482.0,64.0
7.58,1625449482.0,64.0
3.93,1625449482.0,64.0
-0.12,1625449482.0,64.0
-4.84,1625449482.0,64.0
-10.3,1625449482.0,64.0
-16.28,1625449482.0,64.0
-22.23,1625449482.0,64.0
-27.52,1625449482.0,64.0
-31.77,1625449482.0,64.0
-35.08,1625449482.0,64.0
-37.93,1625449482.0,64.0
-41.01,1625449482.0,64.0
-44.82,1625449482.0,64.0
-49.43,1625449482.0,64.0
-54.47,1625449482.0,64.0
-59.27,1625449482.0,64.0
-63.11,1625449482.0,64.0
-65.41,1625449482.0,64.0
-65.8,1625449482.0,64.0
-64.08,1625449482.0,64.0
-60.29,1625449482.0,64.0
-54.57,1625449482.0,64.0
-47.24,1625449482.0,64.0
-38.63,1625449482.0,64.0
-29.1,1625449482.0,64.0
-18.93,1625449482.0,64.0
-8.41,1625449482.0,64.0
2.13,1625449482.0,64.0
12.15,1625449482.0,64.0
21.02,1625449482.0,64.0
28.13,1625449482.0,64.0
33.18,1625449482.0,64.0
36.33,1625449482.0,64.0
38.23,1625449482.0,64.0
39.75,1625449482.0,64.0
41.6,1625449482.0,64.0
44.02,1625449482.0,64.0
46.69,1625449482.0,64.0
48.96,1625449482.0,64.0
50.22,1625449482.0,64.0
50.23,1625449482.0,64.0
49.17,1625449482.0,64.0
47.46,1625449482.0,64.0
45.44,1625449482.0,64.0
43.15,1625449482.0,64.0
40.34,1625449482.0,64.0
36.72,1625449482.0,64.0
32.25,1625449482.0,64.0
27.3,1625449482.0,64.0
22.48,1625449482.0,64.0
18.43,1625449482.0,64.0
15.45,1625449482.0,64.0
13.4,1625449482.0,64.0
11.78,1625449482.0,64.0
9.99,1625449482.0,64.0
7.54,1625449482.0,64.0
4.19,1625449482.0,64.0
-0.05,1625449482.0,64.0
-5.04,1625449482.0,64.0
-10.63,1625449482.0,64.0
-16.72,1625449482.0,64.0
-23.19,1625449482.0,64.0
-29.88,1625449482.0,64.0
-36.55,1625449482.0,64.0
-42.86,1625449482.0,64.0
-48.4,1625449482.0,64.0
-52.76,1625449482.0,64.0
-55.6,1625449482.0,64.0
-56.65,1625449482.0,64.0
-55.73,1625449482.0,64.0
-52.8,1625449482.0,64.0
-47.98,1625449482.0,64.0
-41.51,1625449482.0,64.0
-33.82,1625449482.0,64.0
-25.4,1625449482.0,64.0
-16.72,1625449482.0,64.0
-8.15,1625449482.0,64.0
0.05,1625449482.0,64.0
7.73,1625449482.0,64.0
14.7,1625449482.0,64.0
20.78,1625449482.0,64.0
25.74,1625449482.0,64.0
29.42,1625449482.0,64.0
31.8,1625449482.0,64.0
33.01,1625449482.0,64.0
33.31,1625449482.0,64.0
32.99,1625449482.0,64.0
32.32,1625449482.0,64.0
31.42,1625449482.0,64.0
30.35,1625449482.0,64.0
29.06,1625449482.0,64.0
27.48,1625449482.0,64.0
25.5,1625449482.0,64.0
23.04,1625449482.0,64.0
20.09,1625449482.0,64.0
16.76,1625449482.0,64.0
13.24,1625449482.0,64.0
9.79,1625449482.0,64.0
6.66,1625449482.0,64.0
3.98,1625449482.0,64.0
1.77,1625449482.0,64.0
-0.13,1625449482.0,64.0
-1.95,1625449482.0,64.0
-3.95,1625449482.0,64.0
-6.36,1625449482.0,64.0
-9.26,1625449482.0,64.0
-12.57,1625449482.0,64.0
-16.12,1625449482.0,64.0
-19.64,1625449482.0,64.0
-22.92,1625449482.0,64.0
-25.82,1625449482.0,64.0
-28.32,1625449482.0,64.0
-30.46,1625449482.0,64.0
-32.36,1625449482.0,64.0
-34.13,1625449482.0,64.0
-35.91,1625449482.0,64.0
-37.72,1625449482.0,64.0
-39.39,1625449482.0,64.0
-40.51,1625449482.0,64.0
-40.42,1625449482.0,64.0
-38.41,1625449482.0,64.0
-33.98,1625449482.0,64.0
-27.08,1625449482.0,64.0
-18.23,1625449482.0,64.0
-8.38,1625449482.0,64.0
1.41,1625449482.0,64.0
10.23,1625449482.0,64.0
17.53,1625449482.0,64.0
23.07,1625449482.0,64.0
26.79,1625449482.0,64.0
28.64,1625449482.0,64.0
28.62,1625449482.0,64.0
26.86,1625449482.0,64.0
23.81,1625449482.0,64.0
20.2,1625449482.0,64.0
16.93,1625449482.0,64.0
14.77,1625449482.0,64.0
14.16,1625449482.0,64.0
15.08,1625449482.0,64.0
17.16,1625449482.0,64.0
19.79,1625449482.0,64.0
22.38,1625449482.0,64.0
24.44,1625449482.0,64.0
25.66,1625449482.0,64.0
25.93,1625449482.0,64.0
25.27,1625449482.0,64.0
23.81,1625449482.0,64.0
21.68,1625449482.0,64.0
19.04,1625449482.0,64.0
15.96,1625449482.0,64.0
12.54,1625449482.0,64.0
8.86,1625449482.0,64.0
5.05,1625449482.0,64.0
1.31,1625449482.0,64.0
-2.19,1625449482.0,64.0
-5.36,1625449482.0,64.0
-8.18,1625449482.0,64.0
-10.75,1625449482.0,64.0
-13.2,1625449482.0,64.0
-15.64,1625449482.0,64.0
-18.16,1625449482.0,64.0
-20.84,1625449482.0,64.0
-23.75,1625449482.0,64.0
-26.87,1625449482.0,64.0
-30.04,1625449482.0,64.0
-32.85,1625449482.0,64.0
-34.67,1625449482.0,64.0
-34.81,1625449482.0,64.0
-32.69,1625449482.0,64.0
-28.16,1625449482.0,64.0
-21.51,1625449482.0,64.0
-13.4,1625449482.0,64.0
-4.69,1625449482.0,64.0
3.85,1625449482.0,64.0
11.66,1625449482.0,64.0
18.43,1625449482.0,64.0
23.98,1625449482.0,64.0
28.2,1625449482.0,64.0
31.03,1625449482.0,64.0
32.52,1625449482.0,64.0
32.91,1625449482.0,64.0
32.58,1625449482.0,64.0
31.98,1625449482.0,64.0
31.49,1625449482.0,64.0
31.28,1625449482.0,64.0
31.25,1625449482.0,64.0
31.1,1625449482.0,64.0
30.45,1625449482.0,64.0
29.08,1625449482.0,64.0
26.92,1625449482.0,64.0
24.18,1625449482.0,64.0
21.21,1625449482.0,64.0
18.32,1625449482.0,64.0
15.72,1625449482.0,64.0
13.36,1625449482.0,64.0
11.04,1625449482.0,64.0
8.52,1625449482.0,64.0
5.67,1625449482.0,64.0
2.52,1625449482.0,64.0
-0.75,1625449482.0,64.0
-3.9,1625449482.0,64.0
-6.84,1625449482.0,64.0
-9.62,1625449482.0,64.0
-12.47,1625449482.0,64.0
-15.62,1625449482.0,64.0
-19.23,1625449482.0,64.0
-23.33,1625449482.0,64.0
-27.84,1625449482.0,64.0
-32.57,1625449482.0,64.0
-37.3,1625449482.0,64.0
-41.69,1625449482.0,64.0
-45.21,1625449482.0,64.0
-47.25,1625449482.0,64.0
-47.21,1625449482.0,64.0
-44.77,1625449482.0,64.0
-40.0,1625449482.0,64.0
-33.35,1625449482.0,64.0
-25.49,1625449482.0,64.0
-17.05,1625449482.0,64.0
-8.44,1625449482.0,64.0
0.13,1625449482.0,64.0
8.52,1625449482.0,64.0
16.51,1625449482.0,64.0
23.68,1625449482.0,64.0
29.53,1625449482.0,64.0
33.66,1625449482.0,64.0
35.98,1625449482.0,64.0
36.72,1625449482.0,64.0
36.4,1625449482.0,64.0
35.62,1625449482.0,64.0
34.83,1625449482.0,64.0
34.17,1625449482.0,64.0
33.53,1625449482.0,64.0
32.6,1625449482.0,64.0
31.08,1625449482.0,64.0
28.88,1625449482.0,64.0
26.07,1625449482.0,64.0
22.9,1625449482.0,64.0
19.62,1625449482.0,64.0
16.39,1625449482.0,64.0
13.22,1625449482.0,64.0
10.04,1625449482.0,64.0
6.79,1625449482.0,64.0
3.41,1625449482.0,64.0
-0.0,1625449482.0,64.0
-3.37,1625449482.0,64.0
-6.59,1625449482.0,64.0
-9.61,1625449482.0,64.0
-12.48,1625449482.0,64.0
-15.32,1625449482.0,64.0
-18.34,1625449482.0,64.0
-21.72,1625449482.0,64.0
-25.6,1625449482.0,64.0
-29.99,1625449482.0,64.0
-34.75,1625449482.0,64.0
-39.63,1625449482.0,64.0
-44.25,1625449482.0,64.0
-48.11,1625449482.0,64.0
-50.67,1625449482.0,64.0
-51.31,1625449482.0,64.0
-49.58,1625449482.0,64.0
-45.23,1625449482.0,64.0
-38.42,1625449482.0,64.0
-29.64,1625449482.0,64.0
-19.56,1625449482.0,64.0
-8.82,1625449482.0,64.0
2.09,1625449482.0,64.0
12.85,1625449482.0,64.0
23.07,1625449482.0,64.0
32.16,1625449482.0,64.0
39.35,1625449482.0,64.0
43.89,1625449482.0,64.0
45.44,1625449482.0,64.0
44.28,1625449482.0,64.0
41.26,1625449482.0,64.0
37.53,1625449482.0,64.0
34.12,1625449482.0,64.0
31.57,1625449482.0,64.0
29.9,1625449482.0,64.0
28.72,1625449482.0,64.0
27.49,1625449482.0,64.0
25.86,1625449482.0,64.0
23.72,1625449482.0,64.0
21.2,1625449482.0,64.0
18.55,1625449482.0,64.0
16.02,1625449482.0,64.0
13.72,1625449482.0,64.0
11.65,1625449482.0,64.0
9.66,1625449482.0,64.0
7.56,1625449482.0,64.0
5.2,1625449482.0,64.0
2.48,1625449482.0,64.0
-0.58,1625449482.0,64.0
-3.91,1625449482.0,64.0
-7.41,1625449482.0,64.0
-11.01,1625449482.0,64.0
-14.67,1625449482.0,64.0
-18.38,1625449482.0,64.0
-22.08,1625449482.0,64.0
-25.68,1625449482.0,64.0
-29.17,1625449482.0,64.0
-32.56,1625449482.0,64.0
-35.98,1625449482.0,64.0
-39.59,1625449482.0,64.0
-43.41,1625449482.0,64.0
-47.2,1625449482.0,64.0
-50.42,1625449482.0,64.0
-52.25,1625449482.0,64.0
-51.91,1625449482.0,64.0
-48.91,1625449482.0,64.0
-43.21,1625449482.0,64.0
-35.3,1625449482.0,64.0
-25.94,1625449482.0,64.0
-15.92,1625449482.0,64.0
-5.87,1625449482.0,64.0
3.83,1625449482.0,64.0
12.96,1625449482.0,64.0
21.25,1625449482.0,64.0
28.37,1625449482.0,64.0
33.93,1625449482.0,64.0
37.7,1625449482.0,64.0
39.69,1625449482.0,64.0
40.23,1625449482.0,64.0
39.89,1625449482.0,64.0
39.23,1625449482.0,64.0
38.61,1625449482.0,64.0
38.06,1625449482.0,64.0
37.37,1625449482.0,64.0
36.27,1625449482.0,64.0
34.57,1625449482.0,64.0
32.27,1625449482.0,64.0
29.59,1625449482.0,64.0
26.77,1625449482.0,64.0
23.98,1625449482.0,64.0
21.24,1625449482.0,64.0
18.46,1625449482.0,64.0
15.53,1625449482.0,64.0
12.42,1625449482.0,64.0
9.16,1625449482.0,64.0
5.87,1625449482.0,64.0
2.62,1625449482.0,64.0
-0.57,1625449482.0,64.0
-3.8,1625449482.0,64.0
-7.17,1625449482.0,64.0
-10.76,1625449482.0,64.0
-14.57,1625449482.0,64.0
-18.49,1625449482.0,64.0
-22.38,1625449482.0,64.0
-26.14,1625449482.0,64.0
-29.76,1625449482.0,64.0
-33.36,1625449482.0,64.0
-37.11,1625449482.0,64.0
-41.17,1625449482.0,64.0
-45.54,1625449482.0,64.0
-49.99,1625449482.0,64.0
-53.98,1625449482.0,64.0
-56.85,1625449482.0,64.0
-57.93,1625449482.0,64.0
-56.73,1625449482.0,64.0
-53.09,1625449482.0,64.0
-47.16,1625449482.0,64.0
-39.39,1625449482.0,64.0
-30.33,1625449482.0,64.0
-20.55,1625449482.0,64.0
-10.53,1625449482.0,64.0
-0.59,1625449482.0,64.0
8.95,1625449482.0,64.0
17.79,1625449482.0,64.0
25.56,1625449482.0,64.0
31.91,1625449482.0,64.0
36.63,1625449482.0,64.0
39.7,1625449482.0,64.0
41.38,1625449482.0,64.0
42.05,1625449482.0,64.0
42.05,1625449482.0,64.0
41.54,1625449482.0,64.0
40.44,1625449482.0,64.0
38.57,1625449482.0,64.0
35.83,1625449482.0,64.0
32.31,1625449482.0,64.0
28.38,1625449482.0,64.0
24.51,1625449482.0,64.0
21.12,1625449482.0,64.0
18.42,1625449482.0,64.0
16.32,1625449482.0,64.0
14.57,1625449482.0,64.0
12.85,1625449482.0,64.0
11.01,1625449482.0,64.0
9.13,1625449482.0,64.0
7.42,1625449482.0,64.0
6.07,1625449482.0,64.0
5.05,1625449482.0,64.0
4.03,1625449482.0,64.0
2.52,1625449482.0,64.0
0.11,1625449482.0,64.0
-3.33,1625449482.0,64.0
-7.6,1625449482.0,64.0
-12.25,1625449482.0,64.0
-16.82,1625449482.0,64.0
-21.0,1625449482.0,64.0
-24.63,1625449482.0,64.0
-27.65,1625449482.0,64.0
-30.03,1625449482.0,64.0
-31.79,1625449482.0,64.0
-33.05,1625449482.0,64.0
-34.03,1625449482.0,64.0
-34.9,1625449482.0,64.0
-35.66,1625449482.0,64.0
-36.03,1625449482.0,64.0
-35.54,1625449482.0,64.0
-33.7,1625449482.0,64.0
-30.33,1625449482.0,64.0
-25.57,1625449482.0,64.0
-19.86,1625449482.0,64.0
-13.61,1625449482.0,64.0
-7.07,1625449482.0,64.0
-0.26,1625449482.0,64.0
6.83,1625449482.0,64.0
13.96,1625449482.0,64.0
20.6,1625449482.0,64.0
26.01,1625449482.0,64.0
29.57,1625449482.0,64.0
31.1,1625449482.0,64.0
30.96,1625449482.0,64.0
29.94,1625449482.0,64.0
28.86,1625449482.0,64.0
28.3,1625449482.0,64.0
28.41,1625449482.0,64.0
28.91,1625449482.0,64.0
29.34,1625449482.0,64.0
29.29,1625449482.0,64.0
28.53,1625449482.0,64.0
27.01,1625449482.0,64.0
24.86,1625449482.0,64.0
22.23,1625449482.0,64.0
19.29,1625449482.0,64.0
16.23,1625449482.0,64.0
13.21,1625449482.0,64.0
10.36,1625449482.0,64.0
7.72,1625449482.0,64.0
5.22,1625449482.0,64.0
2.74,1625449482.0,64.0
0.12,1625449482.0,64.0
-2.75,1625449482.0,64.0
-5.83,1625449482.0,64.0
-9.01,1625449482.0,64.0
-12.11,1625449482.0,64.0
-14.97,1625449482.0,64.0
-17.56,1625449482.0,64.0
-19.92,1625449482.0,64.0
-22.2,1625449482.0,64.0
-24.59,1625449482.0,64.0
-27.26,1625449482.0,64.0
-30.35,1625449482.0,64.0
-33.92,1625449482.0,64.0
-37.93,1625449482.0,64.0
-42.11,1625449482.0,64.0
-45.97,1625449482.0,64.0
-48.8,1625449482.0,64.0
-49.8,1625449482.0,64.0
-48.4,1625449482.0,64.0
-44.4,1625449482.0,64.0
-38.15,1625449482.0,64.0
-30.38,1625449482.0,64.0
-21.94,1625449482.0,64.0
-13.51,1625449482.0,64.0
-5.42,1625449482.0,64.0
2.31,1625449482.0,64.0
9.69,1625449482.0,64.0
16.61,1625449482.0,64.0
22.73,1625449482.0,64.0
27.53,1625449482.0,64.0
30.63,1625449482.0,64.0
32.0,1625449482.0,64.0
32.02,1625449482.0,64.0
31.36,1625449482.0,64.0
30.7,1625449482.0,64.0
30.44,1625449482.0,64.0
30.6,1625449482.0,64.0
30.88,1625449482.0,64.0
30.91,1625449482.0,64.0
30.44,1625449482.0,64.0
29.47,1625449482.0,64.0
28.17,1625449482.0,64.0
26.67,1625449482.0,64.0
24.97,1625449482.0,64.0
22.92,1625449482.0,64.0
20.34,1625449482.0,64.0
17.25,1625449482.0,64.0
13.83,1625449482.0,64.0
10.46,1625449482.0,64.0
7.43,1625449482.0,64.0
4.8,1625449482.0,64.0
2.38,1625449482.0,64.0
-0.18,1625449482.0,64.0
-3.2,1625449482.0,64.0
-6.77,1625449482.0,64.0
-10.77,1625449482.0,64.0
-14.89,1625449482.0,64.0
-18.8,1625449482.0,64.0
-22.25,1625449482.0,64.0
-25.15,1625449482.0,64.0
-27.61,1625449482.0,64.0
-29.84,1625449482.0,64.0
-32.12,1625449482.0,64.0
-34.69,1625449482.0,64.0
-37.67,1625449482.0,64.0
-41.02,1625449482.0,64.0
-44.46,1625449482.0,64.0
-47.62,1625449482.0,64.0
-50.06,1625449482.0,64.0
-51.41,1625449482.0,64.0
-51.4,1625449482.0,64.0
-49.91,1625449482.0,64.0
-46.94,1625449482.0,64.0
-42.53,1625449482.0,64.0
-36.84,1625449482.0,64.0
-30.07,1625449482.0,64.0
-22.49,1625449482.0,64.0
-14.34,1625449482.0,64.0
-5.9,1625449482.0,64.0
2.55,1625449482.0,64.0
10.66,1625449482.0,64.0
17.97,1625449482.0,64.0
24.04,1625449482.0,64.0
28.53,1625449482.0,64.0
31.4,1625449482.0,64.0
32.96,1625449482.0,64.0
33.73,1625449482.0,64.0
34.22,1625449482.0,64.0
34.76,1625449482.0,64.0
35.31,1625449482.0,64.0
35.66,1625449482.0,64.0
35.57,1625449482.0,64.0
34.96,1625449482.0,64.0
33.97,1625449482.0,64.0
32.8,1625449482.0,64.0
31.57,1625449482.0,64.0
30.22,1625449482.0,64.0
28.58,1625449482.0,64.0
26.46,1625449482.0,64.0
23.84,1625449482.0,64.0
20.86,1625449482.0,64.0
17.8,1625449482.0,64.0
14.89,1625449482.0,64.0
12.29,1625449482.0,64.0
9.92,1625449482.0,64.0
7.59,1625449482.0,64.0
5.03,1625449482.0,64.0
2.01,1625449482.0,64.0
-1.56,1625449482.0,64.0
-5.58,1625449482.0,64.0
-9.8,1625449482.0,64.0
-13.89,1625449482.0,64.0
-17.61,1625449482.0,64.0
-20.91,1625449482.0,64.0
-23.95,1625449482.0,64.0
-27.05,1625449482.0,64.0
-30.52,1625449482.0,64.0
-34.54,1625449482.0,64.0
-39.09,1625449482.0,64.0
-43.91,1625449482.0,64.0
-48.57,1625449482.0,64.0
-52.51,1625449482.0,64.0
-55.15,1625449482.0,64.0
-55.97,1625449482.0,64.0
-54.62,1625449482.0,64.0
-51.04,1625449482.0,64.0
-45.46,1625449482.0,64.0
-38.36,1625449482.0,64.0
-30.32,1625449482.0,64.0
-21.86,1625449482.0,64.0
-13.32,1625449482.0,64.0
-4.87,1625449482.0,64.0
3.36,1625449482.0,64.0
11.16,1625449482.0,64.0
18.22,1625449482.0,64.0
24.17,1625449482.0,64.0
28.72,1625449482.0,64.0
31.82,1625449482.0,64.0
33.66,1625449482.0,64.0
34.58,1625449482.0,64.0
34.98,1625449482.0,64.0
35.14,1625449482.0,64.0
35.14,1625449482.0,64.0
34.93,1625449482.0,64.0
34.41,1625449482.0,64.0
33.55,1625449482.0,64.0
32.41,1625449482.0,64.0
31.12,1625449482.0,64.0
29.79,1625449482.0,64.0
28.45,1625449482.0,64.0
27.01,1625449482.0,64.0
25.31,1625449482.0,64.0
23.22,1625449482.0,64.0
20.72,1625449482.0,64.0
17.95,1625449482.0,64.0
15.16,1625449482.0,64.0
12.58,1625449482.0,64.0
10.31,1625449482.0,64.0
8.24,1625449482.0,64.0
6.13,1625449482.0,64.0
3.7,1625449482.0,64.0
0.83,1625449482.0,64.0
-2.44,1625449482.0,64.0
-5.86,1625449482.0,64.0
-9.16,1625449482.0,64.0
-12.16,1625449482.0,64.0
-14.88,1625449482.0,64.0
-17.54,1625449482.0,64.0
-20.4,1625449482.0,64.0
-23.73,1625449482.0,64.0
-27.63,1625449482.0,64.0
-32.08,1625449482.0,64.0
-36.86,1625449482.0,64.0
-41.54,1625449482.0,64.0
-45.57,1625449482.0,64.0
-48.32,1625449482.0,64.0
-49.21,1625449482.0,64.0
-47.89,1625449482.0,64.0
-44.35,1625449482.0,64.0
-38.88,1625449482.0,64.0
-31.98,1625449482.0,64.0
-24.2,1625449482.0,64.0
-15.93,1625449482.0,64.0
-7.46,1625449482.0,64.0
1.05,1625449482.0,64.0
9.33,1625449482.0,64.0
17.02,1625449482.0,64.0
23.62,1625449482.0,64.0
28.72,1625449482.0,64.0
32.15,1625449482.0,64.0
34.12,1625449482.0,64.0
35.18,1625449482.0,64.0
35.97,1625449482.0,64.0
37.1,1625449482.0,64.0
38.87,1625449482.0,64.0
41.24,1625449482.0,64.0
43.87,1625449482.0,64.0
46.23,1625449482.0,64.0
47.69,1625449482.0,64.0
47.76,1625449482.0,64.0
46.13,1625449482.0,64.0
42.78,1625449482.0,64.0
37.99,1625449482.0,64.0
32.26,1625449482.0,64.0
26.13,1625449482.0,64.0
20.06,1625449482.0,64.0
14.31,1625449482.0,64.0
9.0,1625449482.0,64.0
4.22,1625449482.0,64.0
0.08,1625449482.0,64.0
-3.26,1625449482.0,64.0
-5.64,1625449482.0,64.0
-7.13,1625449482.0,64.0
-8.04,1625449482.0,64.0
-8.88,1625449482.0,64.0
-10.17,1625449482.0,64.0
-12.26,1625449482.0,64.0
-15.15,1625449482.0,64.0
-18.6,1625449482.0,64.0
-22.21,1625449482.0,64.0
-25.71,1625449482.0,64.0
-29.05,1625449482.0,64.0
-32.43,1625449482.0,64.0
-36.13,1625449482.0,64.0
-40.27,1625449482.0,64.0
-44.62,1625449482.0,64.0
-48.52,1625449482.0,64.0
-51.12,1625449482.0,64.0
-51.6,1625449482.0,64.0
-49.51,1625449482.0,64.0
-44.89,1625449482.0,64.0
-38.24,1625449482.0,64.0
-30.32,1625449482.0,64.0
-21.81,1625449482.0,64.0
-13.22,1625449482.0,64.0
-4.82,1625449482.0,64.0
3.22,1625449482.0,64.0
10.63,1625449482.0,64.0
17.08,1625449482.0,64.0
22.22,1625449482.0,64.0
25.89,1625449482.0,64.0
28.23,1625449482.0,64.0
29.64,1625449482.0,64.0
30.63,1625449482.0,64.0
31.61,1625449482.0,64.0
32.73,1625449482.0,64.0
33.88,1625449482.0,64.0
34.81,1625449482.0,64.0
35.26,1625449482.0,64.0
35.09,1625449482.0,64.0
34.27,1625449482.0,64.0
32.89,1625449482.0,64.0
31.04,1625449482.0,64.0
28.83,1625449482.0,64.0
26.32,1625449482.0,64.0
23.56,1625449482.0,64.0
20.61,1625449482.0,64.0
17.46,1625449482.0,64.0
14.18,1625449482.0,64.0
10.79,1625449482.0,64.0
7.37,1625449482.0,64.0
4.01,1625449482.0,64.0
0.8,1625449482.0,64.0
-2.22,1625449482.0,64.0
-5.06,1625449482.0,64.0
-7.82,1625449482.0,64.0
-10.65,1625449482.0,64.0
-13.7,1625449482.0,64.0
-17.09,1625449482.0,64.0
-20.87,1625449482.0,64.0
-25.02,1625449482.0,64.0
-29.52,1625449482.0,64.0
-34.3,1625449482.0,64.0
-39.22,1625449482.0,64.0
-43.99,1625449482.0,64.0
-48.14,1625449482.0,64.0
-51.09,1625449482.0,64.0
-52.25,1625449482.0,64.0
-51.23,1625449482.0,64.0
-47.99,1625449482.0,64.0
-42.84,1625449482.0,64.0
-36.33,1625449482.0,64.0
-29.01,1625449482.0,64.0
-21.23,1625449482.0,64.0
-13.16,1625449482.0,64.0
-4.84,1625449482.0,64.0
3.61,1625449482.0,64.0
11.85,1625449482.0,64.0
19.37,1625449482.0,64.0
25.63,1625449482.0,64.0
30.27,1625449482.0,64.0
33.22,1625449482.0,64.0
34.78,1625449482.0,64.0
35.49,1625449482.0,64.0
35.88,1625449482.0,64.0
36.34,1625449482.0,64.0
36.98,1625449482.0,64.0
37.65,1625449482.0,64.0
38.04,1625449482.0,64.0
37.86,1625449482.0,64.0
36.93,1625449482.0,64.0
35.24,1625449482.0,64.0
32.91,1625449482.0,64.0
30.13,1625449482.0,64.0
27.06,1625449482.0,64.0
23.86,1625449482.0,64.0
20.63,1625449482.0,64.0
17.5,1625449482.0,64.0
14.57,1625449482.0,64.0
11.86,1625449482.0,64.0
9.33,1625449482.0,64.0
6.82,1625449482.0,64.0
4.14,1625449482.0,64.0
1.13,1625449482.0,64.0
-2.28,1625449482.0,64.0
-5.99,1625449482.0,64.0
-9.84,1625449482.0,64.0
-13.62,1625449482.0,64.0
-17.19,1625449482.0,64.0
-20.48,1625449482.0,64.0
-23.58,1625449482.0,64.0
-26.66,1625449482.0,64.0
-29.98,1625449482.0,64.0
-33.71,1625449482.0,64.0
-37.82,1625449482.0,64.0
-41.94,1625449482.0,64.0
-45.39,1625449482.0,64.0
-47.31,1625449482.0,64.0
-46.98,1625449482.0,64.0
-44.01,1625449482.0,64.0
-38.57,1625449482.0,64.0
-31.29,1625449482.0,64.0
-23.03,1625449482.0,64.0
-14.57,1625449482.0,64.0
-6.42,1625449482.0,64.0
1.22,1625449482.0,64.0
8.3,1625449482.0,64.0
14.74,1625449482.0,64.0
20.26,1625449482.0,64.0
24.55,1625449482.0,64.0
27.36,1625449482.0,64.0
28.74,1625449482.0,64.0
29.08,1625449482.0,64.0
28.95,1625449482.0,64.0
28.87,1625449482.0,64.0
29.08,1625449482.0,64.0
29.49,1625449482.0,64.0
29.76,1625449482.0,64.0
29.57,1625449482.0,64.0
28.74,1625449482.0,64.0
27.27,1625449482.0,64.0
25.35,1625449482.0,64.0
23.14,1625449482.0,64.0
20.69,1625449482.0,64.0
18.0,1625449482.0,64.0
15.04,1625449482.0,64.0
11.85,1625449482.0,64.0
8.58,1625449482.0,64.0
5.46,1625449482.0,64.0
2.65,1625449482.0,64.0
0.21,1625449482.0,64.0
-1.96,1625449482.0,64.0
-4.03,1625449482.0,64.0
-6.23,1625449482.0,64.0
-8.72,1625449482.0,64.0
-11.57,1625449482.0,64.0
-14.72,1625449482.0,64.0
-18.09,1625449482.0,64.0
-21.57,1625449482.0,64.0
-25.04,1625449482.0,64.0
-28.47,1625449482.0,64.0
-31.88,1625449482.0,64.0
-35.3,1625449482.0,64.0
-38.76,1625449482.0,64.0
-42.08,1625449482.0,64.0
-44.92,1625449482.0,64.0
-46.67,1625449482.0,64.0
-46.71,1625449482.0,64.0
-44.59,1625449482.0,64.0
-40.25,1625449482.0,64.0
-34.05,1625449482.0,64.0
-26.65,1625449482.0,64.0
-18.72,1625449482.0,64.0
-10.75,1625449482.0,64.0
-3.01,1625449482.0,64.0
4.39,1625449482.0,64.0
11.28,1625449482.0,64.0
17.36,1625449482.0,64.0
22.25,1625449482.0,64.0
25.7,1625449482.0,64.0
27.74,1625449482.0,64.0
28.75,1625449482.0,64.0
29.3,1625449482.0,64.0
29.9,1625449482.0,64.0
30.82,1625449482.0,64.0
31.98,1625449482.0,64.0
33.04,1625449482.0,64.0
33.57,1625449482.0,64.0
33.23,1625449482.0,64.0
31.85,1625449482.0,64.0
29.54,1625449482.0,64.0
26.55,1625449482.0,64.0
23.24,1625449482.0,64.0
19.95,1625449482.0,64.0
16.91,1625449482.0,64.0
14.18,1625449482.0,64.0
11.71,1625449482.0,64.0
9.39,1625449482.0,64.0
7.1,1625449482.0,64.0
4.77,1625449482.0,64.0
2.42,1625449482.0,64.0
0.03,1625449482.0,64.0
-2.41,1625449482.0,64.0
-4.95,1625449482.0,64.0
-7.65,1625449482.0,64.0
-10.49,1625449482.0,64.0
-13.43,1625449482.0,64.0
-16.4,1625449482.0,64.0
-19.41,1625449482.0,64.0
-22.52,1625449482.0,64.0
-25.82,1625449482.0,64.0
-29.31,1625449482.0,64.0
-32.8,1625449482.0,64.0
-35.89,1625449482.0,64.0
-38.01,1625449482.0,64.0
-38.62,1625449482.0,64.0
-37.37,1625449482.0,64.0
-34.15,1625449482.0,64.0
-29.15,1625449482.0,64.0
-22.74,1625449482.0,64.0
-15.34,1625449482.0,64.0
-7.41,1625449482.0,64.0
0.66,1625449482.0,64.0
8.41,1625449482.0,64.0
15.38,1625449482.0,64.0
21.05,1625449482.0,64.0
25.08,1625449482.0,64.0
27.36,1625449482.0,64.0
28.12,1625449482.0,64.0
27.92,1625449482.0,64.0
27.39,1625449482.0,64.0
27.07,1625449482.0,64.0
27.23,1625449482.0,64.0
27.77,1625449482.0,64.0
28.35,1625449482.0,64.0
28.57,1625449482.0,64.0
28.16,1625449482.0,64.0
27.02,1625449482.0,64.0
25.25,1625449482.0,64.0
23.02,1625449482.0,64.0
20.46,1625449482.0,64.0
17.7,1625449482.0,64.0
14.79,1625449482.0,64.0
11.79,1625449482.0,64.0
8.77,1625449482.0,64.0
5.77,1625449482.0,64.0
2.88,1625449482.0,64.0
0.11,1625449482.0,64.0
-2.51,1625449482.0,64.0
-5.02,1625449482.0,64.0
-7.48,1625449482.0,64.0
-9.96,1625449482.0,64.0
-12.53,1625449482.0,64.0
-15.24,1625449482.0,64.0
-18.14,1625449482.0,64.0
-21.27,1625449482.0,64.0
-24.69,1625449482.0,64.0
-28.44,1625449482.0,64.0
-32.43,1625449482.0,64.0
-36.33,1625449482.0,64.0
-39.54,1625449482.0,64.0
-41.28,1625449482.0,64.0
-40.84,1625449482.0,64.0
-37.9,1625449482.0,64.0
-32.6,1625449482.0,64.0
-25.52,1625449482.0,64.0
-17.45,1625449482.0,64.0
-9.05,1625449482.0,64.0
-0.72,1625449482.0,64.0
7.34,1625449482.0,64.0
14.95,1625449482.0,64.0
21.8,1625449482.0,64.0
27.43,1625449482.0,64.0
31.4,1625449482.0,64.0
33.54,1625449482.0,64.0
34.07,1625449482.0,64.0
33.58,1625449482.0,64.0
32.76,1625449482.0,64.0
32.16,1625449482.0,64.0
31.95,1625449482.0,64.0
31.97,1625449482.0,64.0
31.82,1625449482.0,64.0
31.11,1625449482.0,64.0
29.66,1625449482.0,64.0
27.49,1625449482.0,64.0
24.8,1625449482.0,64.0
21.85,1625449482.0,64.0
18.84,1625449482.0,64.0
15.86,1625449482.0,64.0
12.86,1625449482.0,64.0
9.73,1625449482.0,64.0
6.39,1625449482.0,64.0
2.89,1625449482.0,64.0
-0.68,1625449482.0,64.0
-4.11,1625449482.0,64.0
-7.27,1625449482.0,64.0
-10.11,1625449482.0,64.0
-12.7,1625449482.0,64.0
-15.27,1625449482.0,64.0
-18.05,1625449482.0,64.0
-21.27,1625449482.0,64.0
-25.06,1625449482.0,64.0
-29.37,1625449482.0,64.0
-34.0,1625449482.0,64.0
-38.57,1625449482.0,64.0
-42.57,1625449482.0,64.0
-45.43,1625449482.0,64.0
-46.59,1625449482.0,64.0
-45.69,1625449482.0,64.0
-42.63,1625449482.0,64.0
-37.66,1625449482.0,64.0
-31.21,1625449482.0,64.0
-23.8,1625449482.0,64.0
-15.86,1625449482.0,64.0
-7.68,1625449482.0,64.0
0.6,1625449482.0,64.0
8.74,1625449482.0,64.0
16.39,1625449482.0,64.0
23.05,1625449482.0,64.0
28.19,1625449482.0,64.0
31.51,1625449482.0,64.0
33.08,1625449482.0,64.0
33.34,1625449482.0,64.0
32.93,1625449482.0,64.0
32.47,1625449482.0,64.0
32.26,1625449482.0,64.0
32.31,1625449482.0,64.0
32.33,1625449482.0,64.0
32.01,1625449482.0,64.0
31.15,1625449482.0,64.0
29.71,1625449482.0,64.0
27.84,1625449482.0,64.0
25.68,1625449482.0,64.0
23.36,1625449482.0,64.0
20.87,1625449482.0,64.0
18.16,1625449482.0,64.0
15.16,1625449482.0,64.0
11.87,1625449482.0,64.0
8.35,1625449482.0,64.0
4.7,1625449482.0,64.0
1.03,1625449482.0,64.0
-2.56,1625449482.0,64.0
-6.02,1625449482.0,64.0
-9.35,1625449482.0,64.0
-12.61,1625449482.0,64.0
-15.87,1625449482.0,64.0
-19.24,1625449482.0,64.0
-22.78,1625449482.0,64.0
-26.48,1625449482.0,64.0
-30.27,1625449482.0,64.0
-34.09,1625449482.0,64.0
-37.83,1625449482.0,64.0
-41.37,1625449482.0,64.0
-44.42,1625449482.0,64.0
-46.57,1625449482.0,64.0
-47.22,1625449482.0,64.0
-45.85,1625449482.0,64.0
-42.13,1625449482.0,64.0
-36.16,1625449482.0,64.0
-28.46,1625449482.0,64.0
-19.77,1625449482.0,64.0
-10.8,1625449482.0,64.0
-2.05,1625449482.0,64.0
6.22,1625449482.0,64.0
13.89,1625449482.0,64.0
20.72,1625449482.0,64.0
26.4,1625449482.0,64.0
30.54,1625449482.0,64.0
32.94,1625449482.0,64.0
33.74,1625449482.0,64.0
33.42,1625449482.0,64.0
32.63,1625449482.0,64.0
31.95,1625449482.0,64.0
31.67,1625449482.0,64.0
31.7,1625449482.0,64.0
31.71,1625449482.0,64.0
31.28,1625449482.0,64.0
30.17,1625449482.0,64.0
28.33,1625449482.0,64.0
25.93,1625449482.0,64.0
23.19,1625449482.0,64.0
20.28,1625449482.0,64.0
17.3,1625449482.0,64.0
14.26,1625449482.0,64.0
11.18,1625449482.0,64.0
8.16,1625449482.0,64.0
5.29,1625449482.0,64.0
2.62,1625449482.0,64.0
0.1,1625449482.0,64.0
-2.42,1625449482.0,64.0
-5.14,1625449482.0,64.0
-8.13,1625449482.0,64.0
-11.37,1625449482.0,64.0
-14.69,1625449482.0,64.0
-17.95,1625449482.0,64.0
-21.11,1625449482.0,64.0
-24.27,1625449482.0,64.0
-27.6,1625449482.0,64.0
-31.26,1625449482.0,64.0
-35.3,1625449482.0,64.0
-39.57,1625449482.0,64.0
-43.8,1625449482.0,64.0
-47.52,1625449482.0,64.0
-50.22,1625449482.0,64.0
-51.38,1625449482.0,64.0
-50.63,1625449482.0,64.0
-47.79,1625449482.0,64.0
-42.92,1625449482.0,64.0
-36.37,1625449482.0,64.0
-28.59,1625449482.0,64.0
-20.09,1625449482.0,64.0
-11.31,1625449482.0,64.0
-2.59,1625449482.0,64.0
5.79,1625449482.0,64.0
13.55,1625449482.0,64.0
20.39,1625449482.0,64.0
25.99,1625449482.0,64.0
30.07,1625449482.0,64.0
32.6,1625449482.0,64.0
33.73,1625449482.0,64.0
33.85,1625449482.0,64.0
33.43,1625449482.0,64.0
32.87,1625449482.0,64.0
32.32,1625449482.0,64.0
31.74,1625449482.0,64.0
30.94,1625449482.0,64.0
29.71,1625449482.0,64.0
28.0,1625449482.0,64.0
25.88,1625449482.0,64.0
23.52,1625449482.0,64.0
21.1,1625449482.0,64.0
18.75,1625449482.0,64.0
16.52,1625449482.0,64.0
14.36,1625449482.0,64.0
12.26,1625449482.0,64.0
10.2,1625449482.0,64.0
8.14,1625449482.0,64.0
6.07,1625449482.0,64.0
3.88,1625449482.0,64.0
1.47,1625449482.0,64.0
-1.26,1625449482.0,64.0
-4.36,1625449482.0,64.0
-7.75,1625449482.0,64.0
-11.28,1625449482.0,64.0
-14.76,1625449482.0,64.0
-18.04,1625449482.0,64.0
-21.08,1625449482.0,64.0
-23.92,1625449482.0,64.0
-26.71,1625449482.0,64.0
-29.62,1625449482.0,64.0
-32.8,1625449482.0,64.0
-36.34,1625449482.0,64.0
-40.17,1625449482.0,64.0
-43.99,1625449482.0,64.0
-47.28,1625449482.0,64.0
-49.34,1625449482.0,64.0
-49.51,1625449482.0,64.0
-47.4,1625449482.0,64.0
-43.02,1625449482.0,64.0
-36.8,1625449482.0,64.0
-29.37,1625449482.0,64.0
-21.36,1625449482.0,64.0
-13.16,1625449482.0,64.0
-4.96,1625449482.0,64.0
3.17,1625449482.0,64.0
11.04,1625449482.0,64.0
18.29,1625449482.0,64.0
24.42,1625449482.0,64.0
29.01,1625449482.0,64.0
31.9,1625449482.0,64.0
33.29,1625449482.0,64.0
33.65,1625449482.0,64.0
33.57,1625449482.0,64.0
33.48,1625449482.0,64.0
33.52,1625449482.0,64.0
33.6,1625449482.0,64.0
33.44,1625449482.0,64.0
32.81,1625449482.0,64.0
31.57,1625449482.0,64.0
29.8,1625449482.0,64.0
27.66,1625449482.0,64.0
25.35,1625449482.0,64.0
22.98,1625449482.0,64.0
20.62,1625449482.0,64.0
18.26,1625449482.0,64.0
15.87,1625449482.0,64.0
13.46,1625449482.0,64.0
11.06,1625449482.0,64.0
8.73,1625449482.0,64.0
6.46,1625449482.0,64.0
4.17,1625449482.0,64.0
1.7,1625449482.0,64.0
-1.07,1625449482.0,64.0
-4.2,1625449482.0,64.0
-7.61,1625449482.0,64.0
-11.07,1625449482.0,64.0
-14.37,1625449482.0,64.0
-17.35,1625449482.0,64.0
-20.01,1625449482.0,64.0
-22.49,1625449482.0,64.0
-25.04,1625449482.0,64.0
-27.89,1625449482.0,64.0
-31.11,1625449482.0,64.0
-34.53,1625449482.0,64.0
-37.73,1625449482.0,64.0
-40.13,1625449482.0,64.0
-41.12,1625449482.0,64.0
-40.24,1625449482.0,64.0
-37.31,1625449482.0,64.0
-32.49,1625449482.0,64.0
-26.22,1625449482.0,64.0
-19.05,1625449482.0,64.0
-11.51,1625449482.0,64.0
-3.97,1625449482.0,64.0
3.34,1625449482.0,64.0
10.2,1625449482.0,64.0
16.35,1625449482.0,64.0
21.5,1625449482.0,64.0
25.38,1625449482.0,64.0
27.9,1625449482.0,64.0
29.28,1625449482.0,64.0
29.96,1625449482.0,64.0
30.45,1625449482.0,64.0
31.1,1625449482.0,64.0
31.99,1625449482.0,64.0
32.85,1625449482.0,64.0
33.29,1625449482.0,64.0
32.99,1625449482.0,64.0
31.84,1625449482.0,64.0
29.97,1625449482.0,64.0
27.66,1625449482.0,64.0
25.14,1625449482.0,64.0
22.55,1625449482.0,64.0
19.89,1625449482.0,64.0
17.12,1625449482.0,64.0
14.24,1625449482.0,64.0
11.33,1625449482.0,64.0
8.49,1625449482.0,64.0
5.79,1625449482.0,64.0
3.19,1625449482.0,64.0
0.57,1625449482.0,64.0
-2.21,1625449482.0,64.0
-5.18,1625449482.0,64.0
-8.28,1625449482.0,64.0
-11.42,1625449482.0,64.0
-14.51,1625449482.0,64.0
-17.52,1625449482.0,64.0
-20.49,1625449482.0,64.0
-23.47,1625449482.0,64.0
-26.46,1625449482.0,64.0
-29.5,1625449482.0,64.0
-32.64,1625449482.0,64.0
-35.96,1625449482.0,64.0
-39.54,1625449482.0,64.0
-43.27,1625449482.0,64.0
-46.8,1625449482.0,64.0
-49.52,1625449482.0,64.0
-50.75,1625449482.0,64.0
-49.96,1625449482.0,64.0
-46.96,1625449482.0,64.0
-41.94,1625449482.0,64.0
-35.38,1625449482.0,64.0
-27.83,1625449482.0,64.0
-19.71,1625449482.0,64.0
-11.27,1625449482.0,64.0
-2.66,1625449482.0,64.0
5.96,1625449482.0,64.0
14.22,1625449482.0,64.0
21.62,1625449482.0,64.0
27.64,1625449482.0,64.0
31.9,1625449482.0,64.0
34.4,1625449482.0,64.0
35.49,1625449482.0,64.0
35.82,1625449482.0,64.0
36.03,1625449482.0,64.0
36.6,1625449482.0,64.0
37.62,1625449482.0,64.0
38.86,1625449482.0,64.0
39.9,1625449482.0,64.0
40.34,1625449482.0,64.0
39.97,1625449482.0,64.0
38.82,1625449482.0,64.0
37.09,1625449482.0,64.0
35.02,1625449482.0,64.0
32.77,1625449482.0,64.0
30.41,1625449482.0,64.0
27.94,1625449482.0,64.0
25.38,1625449482.0,64.0
22.79,1625449482.0,64.0
20.29,1625449482.0,64.0
18.01,1625449482.0,64.0
16.04,1625449482.0,64.0
14.35,1625449482.0,64.0
12.83,1625449482.0,64.0
11.29,1625449482.0,64.0
9.51,1625449482.0,64.0
7.34,1625449482.0,64.0
4.78,1625449482.0,64.0
1.99,1625449482.0,64.0
-0.77,1625449482.0,64.0
-3.24,1625449482.0,64.0
-5.3,1625449482.0,64.0
-7.04,1625449482.0,64.0
-8.68,1625449482.0,64.0
-10.51,1625449482.0,64.0
-12.73,1625449482.0,64.0
-15.36,1625449482.0,64.0
-18.26,1625449482.0,64.0
-21.18,1625449482.0,64.0
-23.89,1625449482.0,64.0
-26.27,1625449482.0,64.0
-28.37,1625449482.0,64.0
-30.39,1625449482.0,64.0
-32.56,1625449482.0,64.0
-35.07,1625449482.0,64.0
-37.97,1625449482.0,64.0
-41.21,1625449482.0,64.0
-44.64,1625449482.0,64.0
-48.05,1625449482.0,64.0
-51.15,1625449482.0,64.0
-53.59,1625449482.0,64.0
-54.88,1625449482.0,64.0
-54.51,1625449482.0,64.0
-52.1,1625449482.0,64.0
-47.48,1625449482.0,64.0
-40.89,1625449482.0,64.0
-32.82,1625449482.0,64.0
-23.87,1625449482.0,64.0
-14.58,1625449482.0,64.0
-5.27,1625449482.0,64.0
3.79,1625449482.0,64.0
12.34,1625449482.0,64.0
19.98,1625449482.0,64.0
26.21,1625449482.0,64.0
30.65,1625449482.0,64.0
33.2,1625449482.0,64.0
34.17,1625449482.0,64.0
34.19,1625449482.0,64.0
33.94,1625449482.0,64.0
33.93,1625449482.0,64.0
34.27,1625449482.0,64.0
34.8,1625449482.0,64.0
35.21,1625449482.0,64.0
35.29,1625449482.0,64.0
35.02,1625449482.0,64.0
34.55,1625449482.0,64.0
34.01,1625449482.0,64.0
33.39,1625449482.0,64.0
32.47,1625449482.0,64.0
30.99,1625449482.0,64.0
28.81,1625449482.0,64.0
26.1,1625449482.0,64.0
23.31,1625449482.0,64.0
21.03,1625449482.0,64.0
19.72,1625449482.0,64.0
19.6,1625449482.0,64.0
20.54,1625449482.0,64.0
22.22,1625449482.0,64.0
24.38,1625449482.0,64.0
26.87,1625449482.0,64.0
29.66,1625449482.0,64.0
32.65,1625449482.0,64.0
35.49,1625449482.0,64.0
37.58,1625449482.0,64.0
38.36,1625449482.0,64.0
37.67,1625449482.0,64.0
36.02,1625449482.0,64.0
34.47,1625449482.0,64.0
33.74,1625449482.0,64.0
33.63,1625449482.0,64.0
32.48,1625449482.0,64.0
27.5,1625449482.0,64.0
15.83,1625449482.0,64.0
-4.45,1625449482.0,64.0
-33.93,1625449482.0,64.0
-72.31,1625449482.0,64.0
-119.02,1625449482.0,64.0
-173.14,1625449482.0,64.0
-232.47,1625449482.0,64.0
-292.21,1625449482.0,64.0
-344.72,1625449482.0,64.0
-380.94,1625449482.0,64.0
-393.4,1625449482.0,64.0
-379.24,1625449482.0,64.0
-341.55,1625449482.0,64.0
-288.18,1625449482.0,64.0
-228.4,1625449482.0,64.0
-169.4,1625449482.0,64.0
-114.31,1625449482.0,64.0
-62.4,1625449482.0,64.0
-10.97,1625449482.0,64.0
42.68,1625449482.0,64.0
100.33,1625449482.0,64.0
163.25,1625449482.0,64.0
232.82,1625449482.0,64.0
310.29,1625449482.0,64.0
395.3,1625449482.0,64.0
484.11,1625449482.0,64.0
568.98,1625449482.0,64.0
639.76,1625449482.0,64.0
686.92,1625449482.0,64.0
705.36,1625449482.0,64.0
696.35,1625449482.0,64.0
666.94,1625449482.0,64.0
627.03,1625449482.0,64.0
585.57,1625449482.0,64.0
547.95,1625449482.0,64.0
515.5,1625449482.0,64.0
486.78,1625449482.0,64.0
459.73,1625449482.0,64.0
433.07,1625449482.0,64.0
406.55,1625449482.0,64.0
380.32,1625449482.0,64.0
354.12,1625449482.0,64.0
326.95,1625449482.0,64.0
297.43,1625449482.0,64.0
264.41,1625449482.0,64.0
227.36,1625449482.0,64.0
186.67,1625449482.0,64.0
143.43,1625449482.0,64.0
99.0,1625449482.0,64.0
54.64,1625449482.0,64.0
11.21,1625449482.0,64.0
-30.86,1625449482.0,64.0
-71.39,1625449482.0,64.0
-110.26,1625449482.0,64.0
-147.13,1625449482.0,64.0
-181.52,1625449482.0,64.0
-213.1,1625449482.0,64.0
-242.0,1625449482.0,64.0
-268.91,1625449482.0,64.0
-294.7,1625449482.0,64.0
-319.6,1625449482.0,64.0
-342.58,1625449482.0,64.0
-361.24,1625449482.0,64.0
-372.68,1625449482.0,64.0
-374.72,1625449482.0,64.0
-367.1,1625449482.0,64.0
-351.72,1625449482.0,64.0
-331.79,1625449482.0,64.0
-310.46,1625449482.0,64.0
-289.84,1625449482.0,64.0
-270.87,1625449482.0,64.0
-254.08,1625449482.0,64.0
-240.5,1625449482.0,64.0
-231.97,1625449482.0,64.0
-230.58,1625449482.0,64.0
-237.57,1625449482.0,64.0
-252.35,1625449482.0,64.0
-272.4,1625449482.0,64.0
-293.98,1625449482.0,64.0
-313.32,1625449482.0,64.0
-327.51,1625449482.0,64.0
-334.89,1625449482.0,64.0
-334.88,1625449482.0,64.0
-327.72,1625449482.0,64.0
-314.32,1625449482.0,64.0
-296.22,1625449482.0,64.0
-275.55,1625449482.0,64.0
-254.64,1625449482.0,64.0
-235.51,1625449482.0,64.0
-219.35,1625449482.0,64.0
-206.3,1625449482.0,64.0
-195.81,1625449482.0,64.0
-187.05,1625449482.0,64.0
-179.52,1625449482.0,64.0
-173.23,1625449482.0,64.0
-168.62,1625449482.0,64.0
-166.07,1625449482.0,64.0
-165.6,1625449482.0,64.0
-166.64,1625449482.0,64.0
-168.07,1625449482.0,64.0
-168.58,1625449482.0,64.0
-166.89,1625449482.0,64.0
-162.14,1625449482.0,64.0
-154.06,1625449482.0,64.0
-142.92,1625449482.0,64.0
-129.32,1625449482.0,64.0
-113.9,1625449482.0,64.0
-97.06,1625449482.0,64.0
-78.85,1625449482.0,64.0
-59.24,1625449482.0,64.0
-38.46,1625449482.0,64.0
-17.2,1625449482.0,64.0
3.49,1625449482.0,64.0
22.65,1625449482.0,64.0
39.88,1625449482.0,64.0
55.65,1625449482.0,64.0
71.04,1625449482.0,64.0
87.14,1625449482.0,64.0
104.59,1625449482.0,64.0
123.13,1625449482.0,64.0
141.77,1625449482.0,64.0
159.2,1625449482.0,64.0
174.26,1625449482.0,64.0
186.21,1625449482.0,64.0
194.78,1625449482.0,64.0
200.1,1625449482.0,64.0
202.73,1625449482.0,64.0
203.73,1625449482.0,64.0
204.59,1625449482.0,64.0
206.95,1625449482.0,64.0
211.94,1625449482.0,64.0
219.49,1625449482.0,64.0
228.02,1625449482.0,64.0
234.85,1625449482.0,64.0
237.32,1625449482.0,64.0
234.34,1625449482.0,64.0
227.4,1625449482.0,64.0
220.5,1625449482.0,64.0
218.47,1625449482.0,64.0
224.24,1625449482.0,64.0
236.68,1625449482.0,64.0
250.24,1625449482.0,64.0
256.67,1625449482.0,64.0
248.49,1625449482.0,64.0
222.16,1625449482.0,64.0
179.06,1625449482.0,64.0
124.08,1625449482.0,64.0
63.1,1625449482.0,64.0
1.14,1625449482.0,64.0
-57.64,1625449482.0,64.0
-108.75,1625449482.0,64.0
-146.75,1625449482.0,64.0
-166.42,1625449482.0,64.0
-165.46,1625449482.0,64.0
-147.04,1625449482.0,64.0
-119.72,1625449482.0,64.0
-94.68,1625449482.0,64.0
-81.41,1625449482.0,64.0
-84.53,1625449482.0,64.0
-103.56,1625449482.0,64.0
-135.2,1625449482.0,64.0
-176.25,1625449482.0,64.0
-224.37,1625449482.0,64.0
-277.26,1625449482.0,64.0
-330.12,1625449482.0,64.0
-374.73,1625449482.0,64.0
-401.12,1625449482.0,64.0
-401.26,1625449482.0,64.0
-372.79,1625449482.0,64.0
-320.66,1625449482.0,64.0
-255.88,1625449482.0,64.0
-191.88,1625449482.0,64.0
-140.55,1625449482.0,64.0
-108.16,1625449482.0,64.0
-93.79,1625449482.0,64.0
-90.61,1625449482.0,64.0
-88.79,1625449482.0,64.0
-79.26,1625449482.0,64.0
-56.29,1625449482.0,64.0
-18.75,1625449482.0,64.0
31.57,1625449482.0,64.0
90.96,1625449482.0,64.0
156.92,1625449482.0,64.0
228.41,1625449482.0,64.0
304.05,1625449482.0,64.0
379.51,1625449482.0,64.0
446.54,1625449482.0,64.0
495.53,1625449482.0,64.0
518.28,1625449482.0,64.0
512.79,1625449482.0,64.0
481.75,1625449482.0,64.0
433.32,1625449482.0,64.0
377.47,1625449482.0,64.0
322.27,1625449482.0,64.0
271.97,1625449482.0,64.0
226.45,1625449482.0,64.0
184.65,1625449482.0,64.0
143.96,1625449482.0,64.0
103.58,1625449482.0,64.0
60.04,1625449482.0,64.0
10.85,1625449482.0,64.0
-45.03,1625449482.0,64.0
-106.72,1625449482.0,64.0
-171.41,1625449482.0,64.0
-236.12,1625449482.0,64.0
-296.58,1625449482.0,64.0
-352.32,1625449482.0,64.0
-403.31,1625449482.0,64.0
-455.17,1625449482.0,64.0
-512.6,1625449482.0,64.0
-577.29,1625449482.0,64.0
-646.94,1625449482.0,64.0
-715.87,1625449482.0,64.0
-778.28,1625449482.0,64.0
-827.82,1625449482.0,64.0
-864.64,1625449482.0,64.0
-853.24,1625449482.0,64.0
-770.19,1625449482.0,64.0
-611.69,1625449482.0,64.0
-400.13,1625449482.0,64.0
-173.58,1625449482.0,64.0
34.57,1625449482.0,64.0
189.24,1625449482.0,64.0
297.92,1625449482.0,64.0
371.84,1625449482.0,64.0
419.7,1625449482.0,64.0
441.58,1625449482.0,64.0
436.41,1625449482.0,64.0
409.09,1625449482.0,64.0
365.98,1625449482.0,64.0
315.69,1625449482.0,64.0
265.67,1625449482.0,64.0
222.7,1625449482.0,64.0
186.25,1625449482.0,64.0
153.52,1625449482.0,64.0
116.86,1625449482.0,64.0
69.41,1625449482.0,64.0
7.57,1625449482.0,64.0
-67.5,1625449482.0,64.0
-148.95,1625449482.0,64.0
-226.45,1625449482.0,64.0
-286.89,1625449482.0,64.0
-322.16,1625449482.0,64.0
-328.44,1625449482.0,64.0
-309.73,1625449482.0,64.0
-274.51,1625449482.0,64.0
-232.53,1625449482.0,64.0
-191.67,1625449482.0,64.0
-155.4,1625449482.0,64.0
-123.46,1625449482.0,64.0
-92.5,1625449482.0,64.0
-60.98,1625449482.0,64.0
-28.32,1625449482.0,64.0
3.97,1625449482.0,64.0
34.26,1625449482.0,64.0
62.09,1625449482.0,64.0
88.48,1625449482.0,64.0
115.65,1625449482.0,64.0
145.07,1625449482.0,64.0
176.53,1625449482.0,64.0
206.34,1625449482.0,64.0
229.3,1625449482.0,64.0
240.52,1625449482.0,64.0
237.76,1625449482.0,64.0
222.38,1625449482.0,64.0
198.14,1625449482.0,64.0
169.0,1625449482.0,64.0
136.54,1625449482.0,64.0
99.43,1625449482.0,64.0
54.59,1625449482.0,64.0
0.66,1625449482.0,64.0
-59.36,1625449482.0,64.0
-117.95,1625449482.0,64.0
-165.6,1625449482.0,64.0
-194.85,1625449482.0,64.0
-203.43,1625449482.0,64.0
-194.81,1625449482.0,64.0
-176.24,1625449482.0,64.0
-155.26,1625449482.0,64.0
-136.88,1625449482.0,64.0
-122.62,1625449482.0,64.0
-111.33,1625449482.0,64.0
-101.16,1625449482.0,64.0
-91.13,1625449482.0,64.0
-81.35,1625449482.0,64.0
-72.34,1625449482.0,64.0
-64.11,1625449482.0,64.0
-55.73,1625449482.0,64.0
-45.79,1625449482.0,64.0
-33.21,1625449482.0,64.0
-17.91,1625449482.0,64.0
-0.96,1625449482.0,64.0
15.88,1625449482.0,64.0
31.04,1625449482.0,64.0
43.8,1625449482.0,64.0
54.54,1625449482.0,64.0
64.41,1625449482.0,64.0
74.69,1625449482.0,64.0
86.19,1625449482.0,64.0
98.86,1625449482.0,64.0
111.93,1625449482.0,64.0
124.39,1625449482.0,64.0
135.67,1625449482.0,64.0
146.09,1625449482.0,64.0
156.91,1625449482.0,64.0
169.89,1625449482.0,64.0
186.35,1625449482.0,64.0
206.26,1625449482.0,64.0
227.78,1625449482.0,64.0
247.48,1625449482.0,64.0
261.29,1625449482.0,64.0
265.88,1625449482.0,64.0
259.78,1625449482.0,64.0
243.95,1625449482.0,64.0
221.52,1625449482.0,64.0
196.78,1625449482.0,64.0
174.12,1625449482.0,64.0
156.96,1625449482.0,64.0
147.25,1625449482.0,64.0
145.42,1625449482.0,64.0
150.62,1625449482.0,64.0
161.24,1625449482.0,64.0
175.26,1625449482.0,64.0
190.63,1625449482.0,64.0
205.43,1625449482.0,64.0
217.82,1625449482.0,64.0
226.02,1625449482.0,64.0
228.36,1625449482.0,64.0
223.65,1625449482.0,64.0
211.67,1625449482.0,64.0
193.52,1625449482.0,64.0
171.54,1625449482.0,64.0
148.77,1625449482.0,64.0
128.14,1625449482.0,64.0
111.62,1625449482.0,64.0
99.95,1625449482.0,64.0
92.63,1625449482.0,64.0
88.42,1625449482.0,64.0
85.78,1625449482.0,64.0
83.24,1625449482.0,64.0
79.55,1625449482.0,64.0
73.8,1625449482.0,64.0
65.53,1625449482.0,64.0
54.86,1625449482.0,64.0
42.52,1625449482.0,64.0
29.75,1625449482.0,64.0
17.9,1625449482.0,64.0
8.01,1625449482.0,64.0
0.53,1625449482.0,64.0
-4.73,1625449482.0,64.0
-8.43,1625449482.0,64.0
-11.48,1625449482.0,64.0
-14.73,1625449482.0,64.0
-18.87,1625449482.0,64.0
-24.39,1625449482.0,64.0
-31.52,1625449482.0,64.0
-40.12,1625449482.0,64.0
-49.53,1625449482.0,64.0
-58.5,1625449482.0,64.0
-65.31,1625449482.0,64.0
-68.24,1625449482.0,64.0
-66.13,1625449482.0,64.0
-58.87,1625449482.0,64.0
-47.45,1625449482.0,64.0
-33.63,1625449482.0,64.0
-19.3,1625449482.0,64.0
-5.87,1625449482.0,64.0
5.87,1625449482.0,64.0
15.62,1625449482.0,64.0
23.27,1625449482.0,64.0
28.69,1625449482.0,64.0
31.78,1625449482.0,64.0
32.74,1625449482.0,64.0
32.17,1625449482.0,64.0
31.08,1625449482.0,64.0
30.47,1625449482.0,64.0
30.89,1625449482.0,64.0
32.23,1625449482.0,64.0
33.67,1625449482.0,64.0
34.13,1625449482.0,64.0
32.62,1625449482.0,64.0
28.63,1625449482.0,64.0
22.27,1625449482.0,64.0
14.23,1625449482.0,64.0
5.53,1625449482.0,64.0
-2.77,1625449482.0,64.0
-9.87,1625449482.0,64.0
-15.31,1625449482.0,64.0
-19.04,1625449482.0,64.0
-21.33,1625449482.0,64.0
-22.6,1625449482.0,64.0
-23.37,1625449482.0,64.0
-24.21,1625449482.0,64.0
-25.73,1625449482.0,64.0
-28.48,1625449482.0,64.0
-32.8,1625449482.0,64.0
-38.6,1625449482.0,64.0
-45.18,1625449482.0,64.0
-51.27,1625449482.0,64.0
-55.39,1625449482.0,64.0
-56.29,1625449482.0,64.0
-53.4,1625449482.0,64.0
-47.01,1625449482.0,64.0
-38.12,1625449482.0,64.0
-28.05,1625449482.0,64.0
-17.92,1625449482.0,64.0
-8.43,1625449482.0,64.0
0.24,1625449482.0,64.0
8.13,1625449482.0,64.0
15.13,1625449482.0,64.0
20.83,1625449482.0,64.0
24.57,1625449482.0,64.0
25.82,1625449482.0,64.0
24.58,1625449482.0,64.0
21.56,1625449482.0,64.0
18.04,1625449482.0,64.0
15.44,1625449482.0,64.0
14.72,1625449482.0,64.0
15.98,1625449482.0,64.0
18.48,1625449482.0,64.0
20.97,1625449482.0,64.0
22.18,1625449482.0,64.0
21.29,1625449482.0,64.0
18.16,1625449482.0,64.0
13.22,1625449482.0,64.0
7.24,1625449482.0,64.0
0.95,1625449482.0,64.0
-5.08,1625449482.0,64.0
-10.45,1625449482.0,64.0
-14.92,1625449482.0,64.0
-18.32,1625449482.0,64.0
-20.55,1625449482.0,64.0
-21.73,1625449482.0,64.0
-22.26,1625449482.0,64.0
-22.79,1625449482.0,64.0
-24.08,1625449482.0,64.0
-26.72,1625449482.0,64.0
-30.88,1625449482.0,64.0
-36.29,1625449482.0,64.0
-42.38,1625449482.0,64.0
-48.47,1625449482.0,64.0
-53.91,1625449482.0,64.0
-58.1,1625449482.0,64.0
-60.36,1625449482.0,64.0
-59.89,1625449482.0,64.0
-55.92,1625449482.0,64.0
-48.04,1625449482.0,64.0
-36.54,1625449482.0,64.0
-22.55,1625449482.0,64.0
-7.77,1625449482.0,64.0
6.03,1625449482.0,64.0
17.63,1625449482.0,64.0
26.57,1625449482.0,64.0
33.17,1625449482.0,64.0
37.98,1625449482.0,64.0
41.36,1625449482.0,64.0
43.22,1625449482.0,64.0
43.21,1625449482.0,64.0
41.19,1625449482.0,64.0
37.59,1625449482.0,64.0
33.52,1625449482.0,64.0
30.37,1625449482.0,64.0
29.23,1625449482.0,64.0
30.36,1625449482.0,64.0
33.09,1625449482.0,64.0
36.06,1625449482.0,64.0
37.83,1625449482.0,64.0
37.4,1625449482.0,64.0
34.56,1625449482.0,64.0
29.86,1625449482.0,64.0
24.28,1625449482.0,64.0
18.8,1625449482.0,64.0
14.02,1625449482.0,64.0
10.02,1625449482.0,64.0
6.41,1625449482.0,64.0
2.66,1625449482.0,64.0
-1.56,1625449482.0,64.0
-6.18,1625449482.0,64.0
-10.75,1625449482.0,64.0
-14.72,1625449482.0,64.0
-17.74,1625449482.0,64.0
-19.92,1625449482.0,64.0
-21.81,1625449482.0,64.0
-24.14,1625449482.0,64.0
-27.51,1625449482.0,64.0
-32.18,1625449482.0,64.0
-38.02,1625449482.0,64.0
-44.65,1625449482.0,64.0
-51.54,1625449482.0,64.0
-58.03,1625449482.0,64.0
-63.32,1625449482.0,64.0
-66.45,1625449482.0,64.0
-66.43,1625449482.0,64.0
-62.55,1625449482.0,64.0
-54.66,1625449482.0,64.0
-43.39,1625449482.0,64.0
-30.06,1625449482.0,64.0
-16.33,1625449482.0,64.0
-3.67,1625449482.0,64.0
7.0,1625449482.0,64.0
15.53,1625449482.0,64.0
22.24,1625449482.0,64.0
27.57,1625449482.0,64.0
31.65,1625449482.0,64.0
34.28,1625449482.0,64.0
35.14,1625449482.0,64.0
34.25,1625449482.0,64.0
32.16,1625449482.0,64.0
29.95,1625449482.0,64.0
28.72,1625449482.0,64.0
29.15,1625449482.0,64.0
31.06,1625449482.0,64.0
33.5,1625449482.0,64.0
35.14,1625449482.0,64.0
34.84,1625449482.0,64.0
32.14,1625449482.0,64.0
27.41,1625449482.0,64.0
21.59,1625449482.0,64.0
15.75,1625449482.0,64.0
10.71,1625449482.0,64.0
6.71,1625449482.0,64.0
3.51,1625449482.0,64.0
0.6,1625449482.0,64.0
-2.48,1625449482.0,64.0
-5.88,1625449482.0,64.0
-9.43,1625449482.0,64.0
-12.73,1625449482.0,64.0
-15.41,1625449482.0,64.0
-17.26,1625449482.0,64.0
-18.21,1625449482.0,64.0
-18.21,1625449482.0,64.0
-17.17,1625449482.0,64.0
-15.06,1625449482.0,64.0
-12.05,1625449482.0,64.0
-8.79,1625449482.0,64.0
-6.45,1625449482.0,64.0
-6.56,1625449482.0,64.0
-10.48,1625449482.0,64.0
-18.75,1625449482.0,64.0
-30.59,1625449482.0,64.0
-43.8,1625449482.0,64.0
-55.24,1625449482.0,64.0
-61.83,1625449482.0,64.0
-61.59,1625449482.0,64.0
-54.42,1625449482.0,64.0
-42.06,1625449482.0,64.0
-27.42,1625449482.0,64.0
-13.39,1625449482.0,64.0
-1.88,1625449482.0,64.0
6.55,1625449482.0,64.0
12.41,1625449482.0,64.0
16.43,1625449482.0,64.0
19.01,1625449482.0,64.0
20.06,1625449482.0,64.0
19.43,1625449482.0,64.0
17.39,1625449482.0,64.0
14.78,1625449482.0,64.0
12.78,1625449482.0,64.0
12.25,1625449482.0,64.0
13.37,1625449482.0,64.0
15.53,1625449482.0,64.0
17.72,1625449482.0,64.0
19.04,1625449482.0,64.0
19.01,1625449482.0,64.0
17.61,1625449482.0,64.0
15.06,1625449482.0,64.0
11.61,1625449482.0,64.0
7.52,1625449482.0,64.0
3.2,1625449482.0,64.0
-0.78,1625449482.0,64.0
-3.75,1625449482.0,64.0
-5.23,1625449482.0,64.0
-5.2,1625449482.0,64.0
-4.14,1625449482.0,64.0
-2.83,1625449482.0,64.0
-1.96,1625449482.0,64.0
-1.9,1625449482.0,64.0
-2.68,1625449482.0,64.0
-4.18,1625449482.0,64.0
-6.33,1625449482.0,64.0
-9.22,1625449482.0,64.0
-13.0,1625449482.0,64.0
-17.7,1625449482.0,64.0
-23.13,1625449482.0,64.0
-28.96,1625449482.0,64.0
-34.9,1625449482.0,64.0
-40.88,1625449482.0,64.0
-47.03,1625449482.0,64.0
-53.35,1625449482.0,64.0
-59.47,1625449482.0,64.0
-64.42,1625449482.0,64.0
-66.88,1625449482.0,64.0
-65.68,1625449482.0,64.0
-60.32,1625449482.0,64.0
-51.28,1625449482.0,64.0
-39.9,1625449482.0,64.0
-27.85,1625449482.0,64.0
-16.47,1625449482.0,64.0
-6.43,1625449482.0,64.0
2.29,1625449482.0,64.0
9.99,1625449482.0,64.0
16.78,1625449482.0,64.0
22.35,1625449482.0,64.0
26.13,1625449482.0,64.0
27.7,1625449482.0,64.0
27.23,1625449482.0,64.0
25.56,1625449482.0,64.0
23.94,1625449482.0,64.0
23.46,1625449482.0,64.0
24.53,1625449482.0,64.0
26.81,1625449482.0,64.0
29.35,1625449482.0,64.0
31.15,1625449482.0,64.0
31.54,1625449482.0,64.0
30.45,1625449482.0,64.0
28.26,1625449482.0,64.0
25.54,1625449482.0,64.0
22.79,1625449482.0,64.0
20.24,1625449482.0,64.0
17.94,1625449482.0,64.0
15.83,1625449482.0,64.0
13.83,1625449482.0,64.0
11.85,1625449482.0,64.0
9.69,1625449482.0,64.0
7.1,1625449482.0,64.0
3.8,1625449482.0,64.0
-0.31,1625449482.0,64.0
-4.94,1625449482.0,64.0
-9.51,1625449482.0,64.0
-13.27,1625449482.0,64.0
-15.72,1625449482.0,64.0
-16.89,1625449482.0,64.0
-17.45,1625449482.0,64.0
-18.43,1625449482.0,64.0
-20.76,1625449482.0,64.0
-24.94,1625449482.0,64.0
-30.82,1625449482.0,64.0
-37.74,1625449482.0,64.0
-44.83,1625449482.0,64.0
-51.2,1625449482.0,64.0
-56.04,1625449482.0,64.0
-58.55,1625449482.0,64.0
-57.99,1625449482.0,64.0
-53.78,1625449482.0,64.0
-45.74,1625449482.0,64.0
-34.36,1625449482.0,64.0
-20.73,1625449482.0,64.0
-6.36,1625449482.0,64.0
7.33,1625449482.0,64.0
19.35,1625449482.0,64.0
29.38,1625449482.0,64.0
37.6,1625449482.0,64.0
44.41,1625449482.0,64.0
50.07,1625449482.0,64.0
54.61,1625449482.0,64.0
57.92,1625449482.0,64.0
60.03,1625449482.0,64.0
61.28,1625449482.0,64.0
62.28,1625449482.0,64.0
63.59,1625449482.0,64.0
65.23,1625449482.0,64.0
66.55,1625449482.0,64.0
66.32,1625449482.0,64.0
63.26,1625449482.0,64.0
56.66,1625449482.0,64.0
46.83,1625449482.0,64.0
35.0,1625449482.0,64.0
22.81,1625449482.0,64.0
11.65,1625449482.0,64.0
2.06,1625449482.0,64.0
-6.34,1625449482.0,64.0
-14.55,1625449482.0,64.0
-23.57,1625449482.0,64.0
-33.8,1625449482.0,64.0
-44.76,1625449482.0,64.0
-55.1,1625449482.0,64.0
-63.06,1625449482.0,64.0
-67.1,1625449482.0,64.0
-66.51,1625449482.0,64.0
-61.76,1625449482.0,64.0
-54.42,1625449482.0,64.0
-46.66,1625449482.0,64.0
-40.61,1625449482.0,64.0
-37.74,1625449482.0,64.0
-38.52,1625449482.0,64.0
-42.56,1625449482.0,64.0
-48.86,1625449482.0,64.0
-56.28,1625449482.0,64.0
-63.77,1625449482.0,64.0
-70.5,1625449482.0,64.0
-75.7,1625449482.0,64.0
-78.59,1625449482.0,64.0
-78.34,1625449482.0,64.0
-74.31,1625449482.0,64.0
-66.35,1625449482.0,64.0
-55.19,1625449482.0,64.0
-42.39,1625449482.0,64.0
-29.97,1625449482.0,64.0
-19.79,1625449482.0,64.0
-12.77,1625449482.0,64.0
-8.56,1625449482.0,64.0
-5.73,1625449482.0,64.0
-2.49,1625449482.0,64.0
2.42,1625449482.0,64.0
9.13,1625449482.0,64.0
16.72,1625449482.0,64.0
23.79,1625449482.0,64.0
29.38,1625449482.0,64.0
33.42,1625449482.0,64.0
36.7,1625449482.0,64.0
40.29,1625449482.0,64.0
44.81,1625449482.0,64.0
49.93,1625449482.0,64.0
54.54,1625449482.0,64.0
57.23,1625449482.0,64.0
56.98,1625449482.0,64.0
53.68,1625449482.0,64.0
48.04,1625449482.0,64.0
41.25,1625449482.0,64.0
34.44,1625449482.0,64.0
28.29,1625449482.0,64.0
22.98,1625449482.0,64.0
18.33,1625449482.0,64.0
14.09,1625449482.0,64.0
10.19,1625449482.0,64.0
6.67,1625449482.0,64.0
3.65,1625449482.0,64.0
1.17,1625449482.0,64.0
-0.85,1625449482.0,64.0
-2.53,1625449482.0,64.0
-4.02,1625449482.0,64.0
-5.38,1625449482.0,64.0
-6.72,1625449482.0,64.0
-8.2,1625449482.0,64.0
-10.18,1625449482.0,64.0
-13.07,1625449482.0,64.0
-17.29,1625449482.0,64.0
-23.06,1625449482.0,64.0
-30.27,1625449482.0,64.0
-38.39,1625449482.0,64.0
-46.52,1625449482.0,64.0
-53.53,1625449482.0,64.0
-58.27,1625449482.0,64.0
-59.85,1625449482.0,64.0
-57.87,1625449482.0,64.0
-52.54,1625449482.0,64.0
-44.66,1625449482.0,64.0
-35.31,1625449482.0,64.0
-25.58,1625449482.0,64.0
-16.14,1625449482.0,64.0
-7.18,1625449482.0,64.0
1.45,1625449482.0,64.0
9.96,1625449482.0,64.0
18.25,1625449482.0,64.0
25.76,1625449482.0,64.0
31.7,1625449482.0,64.0
35.46,1625449482.0,64.0
36.99,1625449482.0,64.0
36.93,1625449482.0,64.0
36.37,1625449482.0,64.0
36.33,1625449482.0,64.0
37.32,1625449482.0,64.0
39.12,1625449482.0,64.0
40.97,1625449482.0,64.0
42.02,1625449482.0,64.0
41.76,1625449482.0,64.0
40.22,1625449482.0,64.0
37.84,1625449482.0,64.0
35.18,1625449482.0,64.0
32.57,1625449482.0,64.0
30.02,1625449482.0,64.0
27.24,1625449482.0,64.0
23.87,1625449482.0,64.0
19.68,1625449482.0,64.0
14.74,1625449482.0,64.0
9.42,1625449482.0,64.0
4.26,1625449482.0,64.0
-0.18,1625449482.0,64.0
-3.49,1625449482.0,64.0
-5.52,1625449482.0,64.0
-6.51,1625449482.0,64.0
-7.02,1625449482.0,64.0
-7.9,1625449482.0,64.0
-10.05,1625449482.0,64.0
-14.18,1625449482.0,64.0
-20.47,1625449482.0,64.0
-28.44,1625449482.0,64.0
-36.91,1625449482.0,64.0
-44.3,1625449482.0,64.0
-49.02,1625449482.0,64.0
-49.96,1625449482.0,64.0
-46.81,1625449482.0,64.0
-40.07,1625449482.0,64.0
-30.95,1625449482.0,64.0
-20.99,1625449482.0,64.0
-11.75,1625449482.0,64.0
-4.47,1625449482.0,64.0
0.17,1625449482.0,64.0
2.15,1625449482.0,64.0
2.09,1625449482.0,64.0
1.08,1625449482.0,64.0
0.26,1625449482.0,64.0
0.39,1625449482.0,64.0
1.71,1625449482.0,64.0
3.86,1625449482.0,64.0
6.16,1625449482.0,64.0
8.0,1625449482.0,64.0
9.03,1625449482.0,64.0
9.29,1625449482.0,64.0
9.07,1625449482.0,64.0
8.76,1625449482.0,64.0
8.65,1625449482.0,64.0
8.88,1625449482.0,64.0
9.3,1625449482.0,64.0
9.49,1625449482.0,64.0
8.85,1625449482.0,64.0
6.79,1625449482.0,64.0
3.15,1625449482.0,64.0
-1.51,1625449482.0,64.0
-5.87,1625449482.0,64.0
-8.22,1625449482.0,64.0
-7.02,1625449482.0,64.0
-1.62,1625449482.0,64.0
7.43,1625449482.0,64.0
18.48,1625449482.0,64.0
29.36,1625449482.0,64.0
38.04,1625449482.0,64.0
43.26,1625449482.0,64.0
44.73,1625449482.0,64.0
43.05,1625449482.0,64.0
39.23,1625449482.0,64.0
34.31,1625449482.0,64.0
28.99,1625449482.0,64.0
23.46,1625449482.0,64.0
17.54,1625449482.0,64.0
10.92,1625449482.0,64.0
3.38,1625449482.0,64.0
-5.08,1625449482.0,64.0
-14.21,1625449482.0,64.0
-23.54,1625449482.0,64.0
-32.48,1625449482.0,64.0
-40.27,1625449482.0,64.0
-46.02,1625449482.0,64.0
-48.86,1625449482.0,64.0
-48.13,1625449482.0,64.0
-43.62,1625449482.0,64.0
-35.8,1625449482.0,64.0
-25.68,1625449482.0,64.0
-14.6,1625449482.0,64.0
-3.76,1625449482.0,64.0
6.07,1625449482.0,64.0
14.61,1625449482.0,64.0
21.87,1625449482.0,64.0
27.93,1625449482.0,64.0
32.68,1625449482.0,64.0
35.89,1625449482.0,64.0
37.43,1625449482.0,64.0
37.42,1625449482.0,64.0
36.47,1625449482.0,64.0
35.45,1625449482.0,64.0
35.17,1625449482.0,64.0
36.06,1625449482.0,64.0
37.89,1625449482.0,64.0
39.88,1625449482.0,64.0
41.09,1625449482.0,64.0
40.82,1625449482.0,64.0
38.91,1625449482.0,64.0
35.72,1625449482.0,64.0
31.86,1625449482.0,64.0
27.83,1625449482.0,64.0
23.78,1625449482.0,64.0
19.55,1625449482.0,64.0
14.9,1625449482.0,64.0
9.85,1625449482.0,64.0
4.85,1625449482.0,64.0
0.6,1625449482.0,64.0
-2.21,1625449482.0,64.0
-3.27,1625449482.0,64.0
-2.81,1625449482.0,64.0
-1.56,1625449482.0,64.0
-0.42,1625449482.0,64.0
-0.13,1625449482.0,64.0
-1.14,1625449482.0,64.0
-3.52,1625449482.0,64.0
-7.14,1625449482.0,64.0
-11.86,1625449482.0,64.0
-17.59,1625449482.0,64.0
-24.28,1625449482.0,64.0
-31.71,1625449482.0,64.0
-39.36,1625449482.0,64.0
-46.3,1625449482.0,64.0
-51.49,1625449482.0,64.0
-54.0,1625449482.0,64.0
-53.44,1625449482.0,64.0
-50.03,1625449482.0,64.0
-44.62,1625449482.0,64.0
-38.24,1625449482.0,64.0
-31.76,1625449482.0,64.0
-25.62,1625449482.0,64.0
-19.83,1625449482.0,64.0
-14.31,1625449482.0,64.0
-9.18,1625449482.0,64.0
-4.96,1625449482.0,64.0
-2.33,1625449482.0,64.0
-1.76,1625449482.0,64.0
-3.13,1625449482.0,64.0
-5.59,1625449482.0,64.0
-7.94,1625449482.0,64.0
-8.99,1625449482.0,64.0
-8.21,1625449482.0,64.0
-5.75,1625449482.0,64.0
-2.41,1625449482.0,64.0
0.8,1625449482.0,64.0
3.07,1625449482.0,64.0
3.99,1625449482.0,64.0
3.48,1625449482.0,64.0
1.7,1625449482.0,64.0
-1.09,1625449482.0,64.0
-4.53,1625449482.0,64.0
-8.16,1625449482.0,64.0
-11.37,1625449482.0,64.0
-13.58,1625449482.0,64.0
-14.35,1625449482.0,64.0
-13.6,1625449482.0,64.0
-11.67,1625449482.0,64.0
-9.25,1625449482.0,64.0
-7.23,1625449482.0,64.0
-6.33,1625449482.0,64.0
-6.97,1625449482.0,64.0
-8.98,1625449482.0,64.0
-11.67,1625449482.0,64.0
-13.97,1625449482.0,64.0
-14.84,1625449482.0,64.0
-13.72,1625449482.0,64.0
-10.95,1625449482.0,64.0
-7.82,1625449482.0,64.0
-6.2,1625449482.0,64.0
-7.69,1625449482.0,64.0
-12.8,1625449482.0,64.0
-20.46,1625449482.0,64.0
-28.26,1625449482.0,64.0
-33.26,1625449482.0,64.0
-33.18,1625449482.0,64.0
-27.24,1625449482.0,64.0
-16.41,1625449482.0,64.0
-2.95,1625449482.0,64.0
10.45,1625449482.0,64.0
21.67,1625449482.0,64.0
29.56,1625449482.0,64.0
34.03,1625449482.0,64.0
35.6,1625449482.0,64.0
34.96,1625449482.0,64.0
32.71,1625449482.0,64.0
29.35,1625449482.0,64.0
25.44,1625449482.0,64.0
21.69,1625449482.0,64.0
18.86,1625449482.0,64.0
17.5,1625449482.0,64.0
17.59,1625449482.0,64.0
18.45,1625449482.0,64.0
18.93,1625449482.0,64.0
17.89,1625449482.0,64.0
14.72,1625449482.0,64.0
9.7,1625449482.0,64.0
3.85,1625449482.0,64.0
-1.52,1625449482.0,64.0
-5.31,1625449482.0,64.0
-7.07,1625449482.0,64.0
-7.02,1625449482.0,64.0
-5.84,1625449482.0,64.0
-4.29,1625449482.0,64.0
-2.91,1625449482.0,64.0
-1.91,1625449482.0,64.0
-1.18,1625449482.0,64.0
-0.48,1625449482.0,64.0
0.32,1625449482.0,64.0
1.16,1625449482.0,64.0
1.66,1625449482.0,64.0
1.23,1625449482.0,64.0
-0.76,1625449482.0,64.0
-4.76,1625449482.0,64.0
-10.83,1625449482.0,64.0
-18.61,1625449482.0,64.0
-27.37,1625449482.0,64.0
-36.2,1625449482.0,64.0
-44.13,1625449482.0,64.0
-50.33,1625449482.0,64.0
-54.11,1625449482.0,64.0
-55.02,1625449482.0,64.0
-52.9,1625449482.0,64.0
-47.91,1625449482.0,64.0
-40.53,1625449482.0,64.0
-31.49,1625449482.0,64.0
-21.59,1625449482.0,64.0
-11.52,1625449482.0,64.0
-1.8,1625449482.0,64.0
7.23,1625449482.0,64.0
15.33,1625449482.0,64.0
22.26,1625449482.0,64.0
27.74,1625449482.0,64.0
31.55,1625449482.0,64.0
33.71,1625449482.0,64.0
34.48,1625449482.0,64.0
34.51,1625449482.0,64.0
34.56,1625449482.0,64.0
35.3,1625449482.0,64.0
37.05,1625449482.0,64.0
39.62,1625449482.0,64.0
42.34,1625449482.0,64.0
44.33,1625449482.0,64.0
44.84,1625449482.0,64.0
43.54,1625449482.0,64.0
40.68,1625449482.0,64.0
36.93,1625449482.0,64.0
33.12,1625449482.0,64.0
29.9,1625449482.0,64.0
27.46,1625449482.0,64.0
25.52,1625449482.0,64.0
23.48,1625449482.0,64.0
20.69,1625449482.0,64.0
16.75,1625449482.0,64.0
11.63,1625449482.0,64.0
5.73,1625449482.0,64.0
-0.33,1625449482.0,64.0
-5.9,1625449482.0,64.0
-10.61,1625449482.0,64.0
-14.48,1625449482.0,64.0
-17.91,1625449482.0,64.0
-21.48,1625449482.0,64.0
-25.69,1625449482.0,64.0
-30.81,1625449482.0,64.0
-36.74,1625449482.0,64.0
-43.09,1625449482.0,64.0
-49.25,1625449482.0,64.0
-54.41,1625449482.0,64.0
-57.63,1625449482.0,64.0
-58.05,1625449482.0,64.0
-55.09,1625449482.0,64.0
-48.77,1625449482.0,64.0
-39.82,1625449482.0,64.0
-29.54,1625449482.0,64.0
-19.28,1625449482.0,64.0
-9.95,1625449482.0,64.0
-1.77,1625449482.0,64.0
5.54,1625449482.0,64.0
12.29,1625449482.0,64.0
18.31,1625449482.0,64.0
22.81,1625449482.0,64.0
24.97,1625449482.0,64.0
24.55,1625449482.0,64.0
22.51,1625449482.0,64.0
20.86,1625449482.0,64.0
21.97,1625449482.0,64.0
27.44,1625449482.0,64.0
37.28,1625449482.0,64.0
49.72,1625449482.0,64.0
61.82,1625449482.0,64.0
70.49,1625449482.0,64.0
73.62,1625449482.0,64.0
70.67,1625449482.0,64.0
62.74,1625449482.0,64.0
51.97,1625449482.0,64.0
40.77,1625449482.0,64.0
30.97,1625449482.0,64.0
23.35,1625449482.0,64.0
17.66,1625449482.0,64.0
12.95,1625449482.0,64.0
8.2,1625449482.0,64.0
2.87,1625449482.0,64.0
-2.97,1625449482.0,64.0
-8.74,1625449482.0,64.0
-13.82,1625449482.0,64.0
-17.94,1625449482.0,64.0
-21.31,1625449482.0,64.0
-24.54,1625449482.0,64.0
-28.25,1625449482.0,64.0
-32.79,1625449482.0,64.0
-38.11,1625449482.0,64.0
-43.85,1625449482.0,64.0
-49.59,1625449482.0,64.0
-55.08,1625449482.0,64.0
-60.25,1625449482.0,64.0
-65.05,1625449482.0,64.0
-69.19,1625449482.0,64.0
-71.99,1625449482.0,64.0
-72.39,1625449482.0,64.0
-69.33,1625449482.0,64.0
-62.15,1625449482.0,64.0
-51.02,1625449482.0,64.0
-36.99,1625449482.0,64.0
-21.64,1625449482.0,64.0
-6.62,1625449482.0,64.0
6.9,1625449482.0,64.0
18.4,1625449482.0,64.0
27.88,1625449482.0,64.0
35.53,1625449482.0,64.0
41.4,1625449482.0,64.0
45.31,1625449482.0,64.0
47.01,1625449482.0,64.0
46.42,1625449482.0,64.0
43.93,1625449482.0,64.0
40.36,1625449482.0,64.0
36.76,1625449482.0,64.0
33.99,1625449482.0,64.0
32.46,1625449482.0,64.0
31.94,1625449482.0,64.0
31.76,1625449482.0,64.0
31.1,1625449482.0,64.0
29.37,1625449482.0,64.0
26.39,1625449482.0,64.0
22.41,1625449482.0,64.0
18.0,1625449482.0,64.0
13.82,1625449482.0,64.0
10.43,1625449482.0,64.0
8.11,1625449482.0,64.0
6.76,1625449482.0,64.0
5.96,1625449482.0,64.0
5.07,1625449482.0,64.0
3.52,1625449482.0,64.0
1.0,1625449482.0,64.0
-2.4,1625449482.0,64.0
-6.24,1625449482.0,64.0
-9.93,1625449482.0,64.0
-13.06,1625449482.0,64.0
-15.55,1625449482.0,64.0
-17.74,1625449482.0,64.0
-20.17,1625449482.0,64.0
-23.39,1625449482.0,64.0
-27.72,1625449482.0,64.0
-33.19,1625449482.0,64.0
-39.58,1625449482.0,64.0
-46.41,1625449482.0,64.0
-52.93,1625449482.0,64.0
-58.13,1625449482.0,64.0
-60.86,1625449482.0,64.0
-60.11,1625449482.0,64.0
-55.4,1625449482.0,64.0
-47.09,1625449482.0,64.0
-36.32,1625449482.0,64.0
-24.69,1625449482.0,64.0
-13.67,1625449482.0,64.0
-4.12,1625449482.0,64.0
3.86,1625449482.0,64.0
10.72,1625449482.0,64.0
16.94,1625449482.0,64.0
22.67,1625449482.0,64.0
27.63,1625449482.0,64.0
31.34,1625449482.0,64.0
33.51,1625449482.0,64.0
34.27,1625449482.0,64.0
34.21,1625449482.0,64.0
34.12,1625449482.0,64.0
34.7,1625449482.0,64.0
36.24,1625449482.0,64.0
38.55,1625449482.0,64.0
41.04,1625449482.0,64.0
42.95,1625449482.0,64.0
43.55,1625449482.0,64.0
42.33,1625449482.0,64.0
39.14,1625449482.0,64.0
34.22,1625449482.0,64.0
28.17,1625449482.0,64.0
21.8,1625449482.0,64.0
15.84,1625449482.0,64.0
10.78,1625449482.0,64.0
6.73,1625449482.0,64.0
3.41,1625449482.0,64.0
0.33,1625449482.0,64.0
-3.07,1625449482.0,64.0
-7.15,1625449482.0,64.0
-11.98,1625449482.0,64.0
-17.21,1625449482.0,64.0
-22.1,1625449482.0,64.0
-25.67,1625449482.0,64.0
-26.99,1625449482.0,64.0
-25.51,1625449482.0,64.0
-21.42,1625449482.0,64.0
-15.8,1625449482.0,64.0
-10.43,1625449482.0,64.0
-7.38,1625449482.0,64.0
-8.33,1625449482.0,64.0
-14.05,1625449482.0,64.0
-24.03,1625449482.0,64.0
-36.46,1625449482.0,64.0
-48.69,1625449482.0,64.0
-57.91,1625449482.0,64.0
-62.02,1625449482.0,64.0
-60.25,1625449482.0,64.0
-53.31,1625449482.0,64.0
-43.07,1625449482.0,64.0
-31.73,1625449482.0,64.0
-21.02,1625449482.0,64.0
-11.65,1625449482.0,64.0
-3.43,1625449482.0,64.0
4.23,1625449482.0,64.0
11.62,1625449482.0,64.0
18.43,1625449482.0,64.0
23.87,1625449482.0,64.0
27.2,1625449482.0,64.0
28.29,1625449482.0,64.0
27.75,1625449482.0,64.0
26.68,1625449482.0,64.0
26.11,1625449482.0,64.0
26.52,1625449482.0,64.0
27.69,1625449482.0,64.0
28.95,1625449482.0,64.0
29.64,1625449482.0,64.0
29.44,1625449482.0,64.0
28.53,1625449482.0,64.0
27.3,1625449482.0,64.0
26.16,1625449482.0,64.0
25.26,1625449482.0,64.0
24.53,1625449482.0,64.0
23.81,1625449482.0,64.0
23.06,1625449482.0,64.0
22.4,1625449482.0,64.0
22.05,1625449482.0,64.0
22.14,1625449482.0,64.0
22.52,1625449482.0,64.0
22.69,1625449482.0,64.0
21.87,1625449482.0,64.0
19.36,1625449482.0,64.0
14.81,1625449482.0,64.0
8.43,1625449482.0,64.0
0.98,1625449482.0,64.0
-6.52,1625449482.0,64.0
-13.23,1625449482.0,64.0
-18.82,1625449482.0,64.0
-23.59,1625449482.0,64.0
-28.21,1625449482.0,64.0
-33.38,1625449482.0,64.0
-39.46,1625449482.0,64.0
-46.33,1625449482.0,64.0
-53.47,1625449482.0,64.0
-60.11,1625449482.0,64.0
-65.43,1625449482.0,64.0
-68.65,1625449482.0,64.0
-69.1,1625449482.0,64.0
-66.27,1625449482.0,64.0
-60.07,1625449482.0,64.0
-50.79,1625449482.0,64.0
-39.27,1625449482.0,64.0
-26.64,1625449482.0,64.0
-14.08,1625449482.0,64.0
-2.47,1625449482.0,64.0
7.78,1625449482.0,64.0
16.69,1625449482.0,64.0
24.43,1625449482.0,64.0
31.09,1625449482.0,64.0
36.54,1625449482.0,64.0
40.46,1625449482.0,64.0
42.71,1625449482.0,64.0
43.46,1625449482.0,64.0
43.34,1625449482.0,64.0
43.25,1625449482.0,64.0
43.95,1625449482.0,64.0
45.74,1625449482.0,64.0
48.32,1625449482.0,64.0
50.88,1625449482.0,64.0
52.53,1625449482.0,64.0
52.61,1625449482.0,64.0
50.93,1625449482.0,64.0
47.76,1625449482.0,64.0
43.62,1625449482.0,64.0
39.01,1625449482.0,64.0
34.31,1625449482.0,64.0
29.78,1625449482.0,64.0
25.55,1625449482.0,64.0
21.69,1625449482.0,64.0
18.18,1625449482.0,64.0
14.81,1625449482.0,64.0
11.28,1625449482.0,64.0
7.3,1625449482.0,64.0
2.75,1625449482.0,64.0
-2.11,1625449482.0,64.0
-6.72,1625449482.0,64.0
-10.42,1625449482.0,64.0
-12.73,1625449482.0,64.0
-13.68,1625449482.0,64.0
-13.82,1625449482.0,64.0
-14.14,1625449482.0,64.0
-15.64,1625449482.0,64.0
-19.0,1625449482.0,64.0
-24.32,1625449482.0,64.0
-31.07,1625449482.0,64.0
-38.2,1625449482.0,64.0
-44.37,1625449482.0,64.0
-48.26,1625449482.0,64.0
-48.94,1625449482.0,64.0
-46.13,1625449482.0,64.0
-40.31,1625449482.0,64.0
-32.45,1625449482.0,64.0
-23.65,1625449482.0,64.0
-14.56,1625449482.0,64.0
-5.1,1625449482.0,64.0
5.34,1625449482.0,64.0
17.46,1625449482.0,64.0
31.31,1625449482.0,64.0
45.93,1625449482.0,64.0
59.37,1625449482.0,64.0
69.28,1625449482.0,64.0
73.88,1625449482.0,64.0
72.7,1625449482.0,64.0
67.07,1625449482.0,64.0
59.93,1625449482.0,64.0
55.05,1625449482.0,64.0
55.82,1625449482.0,64.0
63.99,1625449482.0,64.0
78.8,1625449482.0,64.0
96.9,1625449482.0,64.0
113.3,1625449482.0,64.0
122.96,1625449482.0,64.0
122.5,1625449482.0,64.0
111.27,1625449482.0,64.0
91.44,1625449482.0,64.0
66.9,1625449482.0,64.0
41.88,1625449482.0,64.0
19.61,1625449482.0,64.0
1.65,1625449482.0,64.0
-12.0,1625449482.0,64.0
-22.23,1625449482.0,64.0
-30.22,1625449482.0,64.0
-36.81,1625449482.0,64.0
-42.41,1625449482.0,64.0
-47.14,1625449482.0,64.0
-51.02,1625449482.0,64.0
-54.31,1625449482.0,64.0
-57.57,1625449482.0,64.0
-61.64,1625449482.0,64.0
-67.41,1625449482.0,64.0
-75.38,1625449482.0,64.0
-85.45,1625449482.0,64.0
-96.8,1625449482.0,64.0
-108.14,1625449482.0,64.0
-118.18,1625449482.0,64.0
-126.04,1625449482.0,64.0
-131.37,1625449482.0,64.0
-134.14,1625449482.0,64.0
-134.3,1625449482.0,64.0
-131.52,1625449482.0,64.0
-125.33,1625449482.0,64.0
-115.44,1625449482.0,64.0
-102.12,1625449482.0,64.0
-86.32,1625449482.0,64.0
-69.35,1625449482.0,64.0
-52.37,1625449482.0,64.0
-36.0,1625449482.0,64.0
-20.24,1625449482.0,64.0
-4.85,1625449482.0,64.0
10.06,1625449482.0,64.0
23.76,1625449482.0,64.0
35.04,1625449482.0,64.0
42.74,1625449482.0,64.0
46.34,1625449482.0,64.0
46.31,1625449482.0,64.0
43.97,1625449482.0,64.0
40.96,1625449482.0,64.0
38.59,1625449482.0,64.0
37.38,1625449482.0,64.0
36.96,1625449482.0,64.0
36.37,1625449482.0,64.0
34.5,1625449482.0,64.0
30.55,1625449482.0,64.0
24.32,1625449482.0,64.0
16.3,1625449482.0,64.0
7.46,1625449482.0,64.0
-1.02,1625449482.0,64.0
-8.13,1625449482.0,64.0
-13.32,1625449482.0,64.0
-16.53,1625449482.0,64.0
-18.12,1625449482.0,64.0
-18.64,1625449482.0,64.0
-18.56,1625449482.0,64.0
-18.24,1625449482.0,64.0
-17.94,1625449482.0,64.0
-17.89,1625449482.0,64.0
-18.38,1625449482.0,64.0
-19.74,1625449482.0,64.0
-22.14,1625449482.0,64.0
-25.54,1625449482.0,64.0
-29.71,1625449482.0,64.0
-34.27,1625449482.0,64.0
-38.91,1625449482.0,64.0
-43.44,1625449482.0,64.0
-47.73,1625449482.0,64.0
-51.59,1625449482.0,64.0
-54.58,1625449482.0,64.0
-55.93,1625449482.0,64.0
-54.76,1625449482.0,64.0
-50.31,1625449482.0,64.0
-42.34,1625449482.0,64.0
-31.33,1625449482.0,64.0
-18.46,1625449482.0,64.0
-5.23,1625449482.0,64.0
6.99,1625449482.0,64.0
17.32,1625449482.0,64.0
25.54,1625449482.0,64.0
31.77,1625449482.0,64.0
36.24,1625449482.0,64.0
38.98,1625449482.0,64.0
39.84,1625449482.0,64.0
38.79,1625449482.0,64.0
36.22,1625449482.0,64.0
33.02,1625449482.0,64.0
30.28,1625449482.0,64.0
28.93,1625449482.0,64.0
29.16,1625449482.0,64.0
30.39,1625449482.0,64.0
31.45,1625449482.0,64.0
31.1,1625449482.0,64.0
28.61,1625449482.0,64.0
24.02,1625449482.0,64.0
18.05,1625449482.0,64.0
11.75,1625449482.0,64.0
5.99,1625449482.0,64.0
1.11,1625449482.0,64.0
-3.11,1625449482.0,64.0
-7.26,1625449482.0,64.0
-11.86,1625449482.0,64.0
-16.94,1625449482.0,64.0
-21.96,1625449482.0,64.0
-25.99,1625449482.0,64.0
-28.21,1625449482.0,64.0
-28.4,1625449482.0,64.0
-27.25,1625449482.0,64.0
-26.07,1625449482.0,64.0
-26.33,1625449482.0,64.0
-28.9,1625449482.0,64.0
-33.7,1625449482.0,64.0
-39.65,1625449482.0,64.0
-45.27,1625449482.0,64.0
-49.32,1625449482.0,64.0
-51.28,1625449482.0,64.0
-51.36,1625449482.0,64.0
-50.21,1625449482.0,64.0
-48.51,1625449482.0,64.0
-46.66,1625449482.0,64.0
-44.62,1625449482.0,64.0
-41.94,1625449482.0,64.0
-37.72,1625449482.0,64.0
-30.74,1625449482.0,64.0
-19.73,1625449482.0,64.0
-3.92,1625449482.0,64.0
16.34,1625449482.0,64.0
39.13,1625449482.0,64.0
61.24,1625449482.0,64.0
78.91,1625449482.0,64.0
89.19,1625449482.0,64.0
90.94,1625449482.0,64.0
85.28,1625449482.0,64.0
75.19,1625449482.0,64.0
64.38,1625449482.0,64.0
56.13,1625449482.0,64.0
52.32,1625449482.0,64.0
53.15,1625449482.0,64.0
57.32,1625449482.0,64.0
62.61,1625449482.0,64.0
66.63,1625449482.0,64.0
67.48,1625449482.0,64.0
64.2,1625449482.0,64.0
56.86,1625449482.0,64.0
46.4,1625449482.0,64.0
34.26,1625449482.0,64.0
21.97,1625449482.0,64.0
10.79,1625449482.0,64.0
1.51,1625449482.0,64.0
-5.64,1625449482.0,64.0
-10.96,1625449482.0,64.0
-15.0,1625449482.0,64.0
-18.41,1625449482.0,64.0
-21.7,1625449482.0,64.0
-25.12,1625449482.0,64.0
-28.64,1625449482.0,64.0
-32.07,1625449482.0,64.0
-35.19,1625449482.0,64.0
-37.8,1625449482.0,64.0
-39.83,1625449482.0,64.0
-41.25,1625449482.0,64.0
-42.23,1625449482.0,64.0
-43.03,1625449482.0,64.0
-44.06,1625449482.0,64.0
-45.61,1625449482.0,64.0
-47.62,1625449482.0,64.0
-49.46,1625449482.0,64.0
-49.98,1625449482.0,64.0
-48.0,1625449482.0,64.0
-42.82,1625449482.0,64.0
-34.63,1625449482.0,64.0
-24.5,1625449482.0,64.0
-13.92,1625449482.0,64.0
-4.17,1625449482.0,64.0
4.18,1625449482.0,64.0
11.27,1625449482.0,64.0
17.57,1625449482.0,64.0
23.46,1625449482.0,64.0
28.83,1625449482.0,64.0
33.19,1625449482.0,64.0
36.03,1625449482.0,64.0
37.21,1625449482.0,64.0
37.23,1625449482.0,64.0
37.07,1625449482.0,64.0
37.75,1625449482.0,64.0
39.85,1625449482.0,64.0
43.21,1625449482.0,64.0
46.99,1625449482.0,64.0
50.0,1625449482.0,64.0
51.27,1625449482.0,64.0
50.38,1625449482.0,64.0
47.62,1625449482.0,64.0
43.67,1625449482.0,64.0
39.3,1625449482.0,64.0
34.97,1625449482.0,64.0
30.77,1625449482.0,64.0
26.6,1625449482.0,64.0
22.38,1625449482.0,64.0
18.26,1625449482.0,64.0
14.5,1625449482.0,64.0
11.27,1625449482.0,64.0
8.38,1625449482.0,64.0
5.38,1625449482.0,64.0
1.81,1625449482.0,64.0
-2.47,1625449482.0,64.0
-7.01,1625449482.0,64.0
-10.94,1625449482.0,64.0
-13.39,1625449482.0,64.0
-13.94,1625449482.0,64.0
-12.97,1625449482.0,64.0
-11.54,1625449482.0,64.0
-10.93,1625449482.0,64.0
-12.17,1625449482.0,64.0
-15.64,1625449482.0,64.0
-20.96,1625449482.0,64.0
-27.11,1625449482.0,64.0
-32.68,1625449482.0,64.0
-36.24,1625449482.0,64.0
-36.6,1625449482.0,64.0
-33.15,1625449482.0,64.0
-25.98,1625449482.0,64.0
-15.96,1625449482.0,64.0
-4.45,1625449482.0,64.0
7.11,1625449482.0,64.0
17.66,1625449482.0,64.0
26.8,1625449482.0,64.0
34.71,1625449482.0,64.0
41.79,1625449482.0,64.0
48.21,1625449482.0,64.0
53.72,1625449482.0,64.0
57.73,1625449482.0,64.0
59.71,1625449482.0,64.0
59.57,1625449482.0,64.0
57.84,1625449482.0,64.0
55.47,1625449482.0,64.0
53.48,1625449482.0,64.0
52.53,1625449482.0,64.0
52.69,1625449482.0,64.0
53.47,1625449482.0,64.0
54.13,1625449482.0,64.0
53.93,1625449482.0,64.0
52.42,1625449482.0,64.0
49.48,1625449482.0,64.0
45.35,1625449482.0,64.0
40.55,1625449482.0,64.0
35.71,1625449482.0,64.0
31.5,1625449482.0,64.0
28.36,1625449482.0,64.0
26.43,1625449482.0,64.0
25.41,1625449482.0,64.0
24.64,1625449482.0,64.0
23.23,1625449482.0,64.0
20.38,1625449482.0,64.0
15.63,1625449482.0,64.0
9.06,1625449482.0,64.0
1.42,1625449482.0,64.0
-6.11,1625449482.0,64.0
-12.27,1625449482.0,64.0
-16.26,1625449482.0,64.0
-18.12,1625449482.0,64.0
-18.83,1625449482.0,64.0
-19.96,1625449482.0,64.0
-23.02,1625449482.0,64.0
-28.8,1625449482.0,64.0
-37.04,1625449482.0,64.0
-46.59,1625449482.0,64.0
-55.96,1625449482.0,64.0
-63.88,1625449482.0,64.0
-69.67,1625449482.0,64.0
-73.23,1625449482.0,64.0
-74.82,1625449482.0,64.0
-74.8,1625449482.0,64.0
-73.41,1625449482.0,64.0
-70.67,1625449482.0,64.0
-66.32,1625449482.0,64.0
-59.81,1625449482.0,64.0
-50.27,1625449482.0,64.0
-36.99,1625449482.0,64.0
-19.89,1625449482.0,64.0
-0.16,1625449482.0,64.0
19.66,1625449482.0,64.0
36.13,1625449482.0,64.0
46.12,1625449482.0,64.0
48.07,1625449482.0,64.0
42.7,1625449482.0,64.0
32.87,1625449482.0,64.0
22.34,1625449482.0,64.0
14.29,1625449482.0,64.0
10.02,1625449482.0,64.0
8.7,1625449482.0,64.0
7.97,1625449482.0,64.0
5.17,1625449482.0,64.0
-1.43,1625449482.0,64.0
-11.98,1625449482.0,64.0
-25.07,1625449482.0,64.0
-38.51,1625449482.0,64.0
-50.18,1625449482.0,64.0
-58.68,1625449482.0,64.0
-63.59,1625449482.0,64.0
-65.32,1625449482.0,64.0
-64.68,1625449482.0,64.0
-62.65,1625449482.0,64.0
-60.12,1625449482.0,64.0
-57.92,1625449482.0,64.0
-56.78,1625449482.0,64.0
-57.27,1625449482.0,64.0
-59.68,1625449482.0,64.0
-63.86,1625449482.0,64.0
-69.13,1625449482.0,64.0
-74.45,1625449482.0,64.0
-78.68,1625449482.0,64.0
-80.97,1625449482.0,64.0
-81.03,1625449482.0,64.0
-79.2,1625449482.0,64.0
-76.3,1625449482.0,64.0
-73.3,1625449482.0,64.0
-71.02,1625449482.0,64.0
-69.77,1625449482.0,64.0
-69.23,1625449482.0,64.0
-68.41,1625449482.0,64.0
-65.97,1625449482.0,64.0
-60.64,1625449482.0,64.0
-51.72,1625449482.0,64.0
-39.47,1625449482.0,64.0
-25.0,1625449482.0,64.0
-10.01,1625449482.0,64.0
3.95,1625449482.0,64.0
15.89,1625449482.0,64.0
25.61,1625449482.0,64.0
33.47,1625449482.0,64.0
39.9,1625449482.0,64.0
45.03,1625449482.0,64.0
48.64,1625449482.0,64.0
50.36,1625449482.0,64.0
50.12,1625449482.0,64.0
48.4,1625449482.0,64.0
46.16,1625449482.0,64.0
44.6,1625449482.0,64.0
44.68,1625449482.0,64.0
46.8,1625449482.0,64.0
50.59,1625449482.0,64.0
55.0,1625449482.0,64.0
58.62,1625449482.0,64.0
60.02,1625449482.0,64.0
58.25,1625449482.0,64.0
53.05,1625449482.0,64.0
44.99,1625449482.0,64.0
35.22,1625449482.0,64.0
25.17,1625449482.0,64.0
16.12,1625449482.0,64.0
8.92,1625449482.0,64.0
3.73,1625449482.0,64.0
0.1,1625449482.0,64.0
-2.86,1625449482.0,64.0
-6.02,1625449482.0,64.0
-9.74,1625449482.0,64.0
-13.71,1625449482.0,64.0
-17.01,1625449482.0,64.0
-18.64,1625449482.0,64.0
-18.14,1625449482.0,64.0
-15.93,1625449482.0,64.0
-13.16,1625449482.0,64.0
-11.15,1625449482.0,64.0
-10.73,1625449482.0,64.0
-11.91,1625449482.0,64.0
-13.98,1625449482.0,64.0
-16.13,1625449482.0,64.0
-18.03,1625449482.0,64.0
-20.04,1625449482.0,64.0
-23.04,1625449482.0,64.0
-27.77,1625449482.0,64.0
-34.22,1625449482.0,64.0
-41.34,1625449482.0,64.0
-47.22,1625449482.0,64.0
-49.77,1625449482.0,64.0
-47.48,1625449482.0,64.0
-40.07,1625449482.0,64.0
-28.59,1625449482.0,64.0
-15.06,1625449482.0,64.0
-1.68,1625449482.0,64.0
9.88,1625449482.0,64.0
18.84,1625449482.0,64.0
25.17,1625449482.0,64.0
29.25,1625449482.0,64.0
31.62,1625449482.0,64.0
33.05,1625449482.0,64.0
34.72,1625449482.0,64.0
38.13,1625449482.0,64.0
44.59,1625449482.0,64.0
54.25,1625449482.0,64.0
65.54,1625449482.0,64.0
75.32,1625449482.0,64.0
80.07,1625449482.0,64.0
77.73,1625449482.0,64.0
68.9,1625449482.0,64.0
56.77,1625449482.0,64.0
45.63,1625449482.0,64.0
38.68,1625449482.0,64.0
36.5,1625449482.0,64.0
36.98,1625449482.0,64.0
36.76,1625449482.0,64.0
33.28,1625449482.0,64.0
26.12,1625449482.0,64.0
17.07,1625449482.0,64.0
8.89,1625449482.0,64.0
3.74,1625449482.0,64.0
2.16,1625449482.0,64.0
3.09,1625449482.0,64.0
4.75,1625449482.0,64.0
5.73,1625449482.0,64.0
5.53,1625449482.0,64.0
4.46,1625449482.0,64.0
3.08,1625449482.0,64.0
1.66,1625449482.0,64.0
0.03,1625449482.0,64.0
-2.22,1625449482.0,64.0
-5.41,1625449482.0,64.0
-9.53,1625449482.0,64.0
-14.26,1625449482.0,64.0
-19.14,1625449482.0,64.0
-23.75,1625449482.0,64.0
-27.97,1625449482.0,64.0
-31.83,1625449482.0,64.0
-35.53,1625449482.0,64.0
-39.21,1625449482.0,64.0
-42.71,1625449482.0,64.0
-45.45,1625449482.0,64.0
-46.47,1625449482.0,64.0
-44.68,1625449482.0,64.0
-39.38,1625449482.0,64.0
-30.57,1625449482.0,64.0
-19.19,1625449482.0,64.0
-6.79,1625449482.0,64.0
5.01,1625449482.0,64.0
15.1,1625449482.0,64.0
23.18,1625449482.0,64.0
29.52,1625449482.0,64.0
34.5,1625449482.0,64.0
38.19,1625449482.0,64.0
40.2,1625449482.0,64.0
40.11,1625449482.0,64.0
37.95,1625449482.0,64.0
34.45,1625449482.0,64.0
30.95,1625449482.0,64.0
28.74,1625449482.0,64.0
28.51,1625449482.0,64.0
30.05,1625449482.0,64.0
32.44,1625449482.0,64.0
34.57,1625449482.0,64.0
35.7,1625449482.0,64.0
35.71,1625449482.0,64.0
35.02,1625449482.0,64.0
34.27,1625449482.0,64.0
33.86,1625449482.0,64.0
33.8,1625449482.0,64.0
33.69,1625449482.0,64.0
33.0,1625449482.0,64.0
31.37,1625449482.0,64.0
28.76,1625449482.0,64.0
25.58,1625449482.0,64.0
22.36,1625449482.0,64.0
19.51,1625449482.0,64.0
17.03,1625449482.0,64.0
14.54,1625449482.0,64.0
11.49,1625449482.0,64.0
7.56,1625449482.0,64.0
2.89,1625449482.0,64.0
-1.89,1625449482.0,64.0
-5.96,1625449482.0,64.0
-8.61,1625449482.0,64.0
-9.57,1625449482.0,64.0
-9.11,1625449482.0,64.0
-7.9,1625449482.0,64.0
-6.89,1625449482.0,64.0
-7.12,1625449482.0,64.0
-9.47,1625449482.0,64.0
-14.38,1625449482.0,64.0
-21.66,1625449482.0,64.0
-30.3,1625449482.0,64.0
-38.61,1625449482.0,64.0
-44.71,1625449482.0,64.0
-47.12,1625449482.0,64.0
-45.2,1625449482.0,64.0
-39.34,1625449482.0,64.0
-30.77,1625449482.0,64.0
-21.13,1625449482.0,64.0
-12.02,1625449482.0,64.0
-4.58,1625449482.0,64.0
0.79,1625449482.0,64.0
4.61,1625449482.0,64.0
8.17,1625449482.0,64.0
13.19,1625449482.0,64.0
20.99,1625449482.0,64.0
31.79,1625449482.0,64.0
44.14,1625449482.0,64.0
55.25,1625449482.0,64.0
61.96,1625449482.0,64.0
62.18,1625449482.0,64.0
55.97,1625449482.0,64.0
45.67,1625449482.0,64.0
34.98,1625449482.0,64.0
27.24,1625449482.0,64.0
24.07,1625449482.0,64.0
24.9,1625449482.0,64.0
27.61,1625449482.0,64.0
29.92,1625449482.0,64.0
30.5,1625449482.0,64.0
29.45,1625449482.0,64.0
27.79,1625449482.0,64.0
26.45,1625449482.0,64.0
25.57,1625449482.0,64.0
24.47,1625449482.0,64.0
22.27,1625449482.0,64.0
18.75,1625449482.0,64.0
14.7,1625449482.0,64.0
11.63,1625449482.0,64.0
10.74,1625449482.0,64.0
12.15,1625449482.0,64.0
14.58,1625449482.0,64.0
15.86,1625449482.0,64.0
14.01,1625449482.0,64.0
8.23,1625449482.0,64.0
-0.74,1625449482.0,64.0
-10.98,1625449482.0,64.0
-20.3,1625449482.0,64.0
-27.23,1625449482.0,64.0
-31.52,1625449482.0,64.0
-34.03,1625449482.0,64.0
-36.09,1625449482.0,64.0
-38.77,1625449482.0,64.0
-42.4,1625449482.0,64.0
-46.43,1625449482.0,64.0
-49.74,1625449482.0,64.0
-51.11,1625449482.0,64.0
-49.64,1625449482.0,64.0
-45.01,1625449482.0,64.0
-37.52,1625449482.0,64.0
-27.95,1625449482.0,64.0
-17.29,1625449482.0,64.0
-6.62,1625449482.0,64.0
3.07,1625449482.0,64.0
11.01,1625449482.0,64.0
16.73,1625449482.0,64.0
20.11,1625449482.0,64.0
21.4,1625449482.0,64.0
21.01,1625449482.0,64.0
19.38,1625449482.0,64.0
16.77,1625449482.0,64.0
13.25,1625449482.0,64.0
8.95,1625449482.0,64.0
4.16,1625449482.0,64.0
-0.54,1625449482.0,64.0
-4.43,1625449482.0,64.0
-7.02,1625449482.0,64.0
-8.32,1625449482.0,64.0
-8.97,1625449482.0,64.0
-10.02,1625449482.0,64.0
-12.38,1625449482.0,64.0
-16.38,1625449482.0,64.0
-21.53,1625449482.0,64.0
-26.77,1625449482.0,64.0
-30.98,1625449482.0,64.0
-33.61,1625449482.0,64.0
-34.94,1625449482.0,64.0
-35.9,1625449482.0,64.0
-37.59,1625449482.0,64.0
-40.62,1625449482.0,64.0
-44.91,1625449482.0,64.0
-49.88,1625449482.0,64.0
-54.9,1625449482.0,64.0
-59.78,1625449482.0,64.0
-64.77,1625449482.0,64.0
-70.14,1625449482.0,64.0
-75.75,1625449482.0,64.0
-80.81,1625449482.0,64.0
-84.19,1625449482.0,64.0
-85.05,1625449482.0,64.0
-83.34,1625449482.0,64.0
-79.85,1625449482.0,64.0
-75.82,1625449482.0,64.0
-72.26,1625449482.0,64.0
-69.46,1625449482.0,64.0
-66.98,1625449482.0,64.0
-63.89,1625449482.0,64.0
-59.23,1625449482.0,64.0
-52.32,1625449482.0,64.0
-42.99,1625449482.0,64.0
-31.58,1625449482.0,64.0
-19.03,1625449482.0,64.0
-6.71,1625449482.0,64.0
3.89,1625449482.0,64.0
11.67,1625449482.0,64.0
16.44,1625449482.0,64.0
19.04,1625449482.0,64.0
21.04,1625449482.0,64.0
23.9,1625449482.0,64.0
28.19,1625449482.0,64.0
33.35,1625449482.0,64.0
37.98,1625449482.0,64.0
40.71,1625449482.0,64.0
40.97,1625449482.0,64.0
39.28,1625449482.0,64.0
36.88,1625449482.0,64.0
34.99,1625449482.0,64.0
34.18,1625449482.0,64.0
34.13,1625449482.0,64.0
33.97,1625449482.0,64.0
32.94,1625449482.0,64.0
30.82,1625449482.0,64.0
28.1,1625449482.0,64.0
25.6,1625449482.0,64.0
23.94,1625449482.0,64.0
23.19,1625449482.0,64.0
22.68,1625449482.0,64.0
21.22,1625449482.0,64.0
17.52,1625449482.0,64.0
10.66,1625449482.0,64.0
0.63,1625449482.0,64.0
-11.39,1625449482.0,64.0
-23.01,1625449482.0,64.0
-31.25,1625449482.0,64.0
-33.55,1625449482.0,64.0
-28.93,1625449482.0,64.0
-18.72,1625449482.0,64.0
-6.44,1625449482.0,64.0
3.46,1625449482.0,64.0
7.21,1625449482.0,64.0
3.33,1625449482.0,64.0
-6.95,1625449482.0,64.0
-20.34,1625449482.0,64.0
-33.17,1625449482.0,64.0
-42.95,1625449482.0,64.0
-49.13,1625449482.0,64.0
-52.65,1625449482.0,64.0
-54.74,1625449482.0,64.0
-55.76,1625449482.0,64.0
-54.82,1625449482.0,64.0
-50.35,1625449482.0,64.0
-41.27,1625449482.0,64.0
-27.95,1625449482.0,64.0
-12.23,1625449482.0,64.0
3.3,1625449482.0,64.0
16.58,1625449482.0,64.0
26.9,1625449482.0,64.0
34.93,1625449482.0,64.0
41.96,1625449482.0,64.0
48.82,1625449482.0,64.0
55.21,1625449482.0,64.0
59.83,1625449482.0,64.0
61.1,1625449482.0,64.0
58.13,1625449482.0,64.0
51.32,1625449482.0,64.0
42.23,1625449482.0,64.0
32.99,1625449482.0,64.0
25.52,1625449482.0,64.0
20.85,1625449482.0,64.0
19.05,1625449482.0,64.0
19.44,1625449482.0,64.0
21.14,1625449482.0,64.0
23.43,1625449482.0,64.0
25.9,1625449482.0,64.0
28.39,1625449482.0,64.0
30.74,1625449482.0,64.0
32.62,1625449482.0,64.0
33.61,1625449482.0,64.0
33.26,1625449482.0,64.0
31.29,1625449482.0,64.0
27.7,1625449482.0,64.0
22.72,1625449482.0,64.0
16.76,1625449482.0,64.0
10.3,1625449482.0,64.0
3.86,1625449482.0,64.0
-2.07,1625449482.0,64.0
-7.11,1625449482.0,64.0
-11.11,1625449482.0,64.0
-14.16,1625449482.0,64.0
-16.56,1625449482.0,64.0
-18.66,1625449482.0,64.0
-20.77,1625449482.0,64.0
-23.12,1625449482.0,64.0
-25.92,1625449482.0,64.0
-29.47,1625449482.0,64.0
-33.99,1625449482.0,64.0
-39.37,1625449482.0,64.0
-44.87,1625449482.0,64.0
-49.19,1625449482.0,64.0
-50.76,1625449482.0,64.0
-48.51,1625449482.0,64.0
-42.31,1625449482.0,64.0
-33.15,1625449482.0,64.0
-22.77,1625449482.0,64.0
-12.93,1625449482.0,64.0
-4.77,1625449482.0,64.0
1.46,1625449482.0,64.0
6.26,1625449482.0,64.0
10.47,1625449482.0,64.0
14.85,1625449482.0,64.0
19.79,1625449482.0,64.0
25.29,1625449482.0,64.0
30.99,1625449482.0,64.0
36.4,1625449482.0,64.0
41.02,1625449482.0,64.0
44.6,1625449482.0,64.0
47.11,1625449482.0,64.0
48.75,1625449482.0,64.0
49.78,1625449482.0,64.0
50.32,1625449482.0,64.0
50.28,1625449482.0,64.0
49.47,1625449482.0,64.0
47.71,1625449482.0,64.0
44.99,1625449482.0,64.0
41.5,1625449482.0,64.0
37.55,1625449482.0,64.0
33.5,1625449482.0,64.0
29.65,1625449482.0,64.0
26.24,1625449482.0,64.0
23.41,1625449482.0,64.0
21.11,1625449482.0,64.0
19.11,1625449482.0,64.0
16.95,1625449482.0,64.0
14.19,1625449482.0,64.0
10.62,1625449482.0,64.0
6.48,1625449482.0,64.0
2.45,1625449482.0,64.0
-0.71,1625449482.0,64.0
-2.49,1625449482.0,64.0
-2.96,1625449482.0,64.0
-2.71,1625449482.0,64.0
-2.59,1625449482.0,64.0
-3.26,1625449482.0,64.0
-4.98,1625449482.0,64.0
-7.66,1625449482.0,64.0
-11.09,1625449482.0,64.0
-15.13,1625449482.0,64.0
-19.61,1625449482.0,64.0
-24.08,1625449482.0,64.0
-27.49,1625449482.0,64.0
-28.44,1625449482.0,64.0
-25.64,1625449482.0,64.0
-18.68,1625449482.0,64.0
-8.44,1625449482.0,64.0
3.14,1625449482.0,64.0
13.89,1625449482.0,64.0
22.51,1625449482.0,64.0
29.04,1625449482.0,64.0
34.77,1625449482.0,64.0
41.3,1625449482.0,64.0
49.42,1625449482.0,64.0
58.57,1625449482.0,64.0
66.93,1625449482.0,64.0
72.32,1625449482.0,64.0
73.09,1625449482.0,64.0
68.9,1625449482.0,64.0
60.79,1625449482.0,64.0
50.83,1625449482.0,64.0
41.52,1625449482.0,64.0
35.12,1625449482.0,64.0
33.09,1625449482.0,64.0
35.77,1625449482.0,64.0
42.13,1625449482.0,64.0
49.94,1625449482.0,64.0
56.22,1625449482.0,64.0
57.94,1625449482.0,64.0
52.9,1625449482.0,64.0
40.54,1625449482.0,64.0
22.29,1625449482.0,64.0
1.31,1625449482.0,64.0
-18.39,1625449482.0,64.0
-33.16,1625449482.0,64.0
-40.91,1625449482.0,64.0
-41.57,1625449482.0,64.0
-36.89,1625449482.0,64.0
-29.4,1625449482.0,64.0
-21.39,1625449482.0,64.0
-14.12,1625449482.0,64.0
-7.82,1625449482.0,64.0
-2.31,1625449482.0,64.0
2.38,1625449482.0,64.0
5.72,1625449482.0,64.0
6.93,1625449482.0,64.0
5.59,1625449482.0,64.0
2.01,1625449482.0,64.0
-2.85,1625449482.0,64.0
-7.98,1625449482.0,64.0
-12.92,1625449482.0,64.0
-17.95,1625449482.0,64.0
-23.76,1625449482.0,64.0
-30.81,1625449482.0,64.0
-38.83,1625449482.0,64.0
-46.78,1625449482.0,64.0
-53.19,1625449482.0,64.0
-56.8,1625449482.0,64.0
-56.98,1625449482.0,64.0
-53.9,1625449482.0,64.0
-48.24,1625449482.0,64.0
-40.93,1625449482.0,64.0
-32.75,1625449482.0,64.0
-24.23,1625449482.0,64.0
-15.75,1625449482.0,64.0
-7.71,1625449482.0,64.0
-0.62,1625449482.0,64.0
4.97,1625449482.0,64.0
8.68,1625449482.0,64.0
10.51,1625449482.0,64.0
10.96,1625449482.0,64.0
10.8,1625449482.0,64.0
10.72,1625449482.0,64.0
10.92,1625449482.0,64.0
10.96,1625449482.0,64.0
9.95,1625449482.0,64.0
6.95,1625449482.0,64.0
1.5,1625449482.0,64.0
-6.24,1625449482.0,64.0
-15.53,1625449482.0,64.0
-25.44,1625449482.0,64.0
-35.11,1625449482.0,64.0
-43.98,1625449482.0,64.0
-51.71,1625449482.0,64.0
-58.06,1625449482.0,64.0
-62.81,1625449482.0,64.0
-65.8,1625449482.0,64.0
-67.05,1625449482.0,64.0
-66.8,1625449482.0,64.0
-65.54,1625449482.0,64.0
-63.73,1625449482.0,64.0
-61.71,1625449482.0,64.0
-59.57,1625449482.0,64.0
-57.22,1625449482.0,64.0
-54.51,1625449482.0,64.0
-51.43,1625449482.0,64.0
-48.06,1625449482.0,64.0
-44.55,1625449482.0,64.0
-41.11,1625449482.0,64.0
-38.02,1625449482.0,64.0
-35.63,1625449482.0,64.0
-34.29,1625449482.0,64.0
-34.05,1625449482.0,64.0
-34.39,1625449482.0,64.0
-34.22,1625449482.0,64.0
-32.19,1625449482.0,64.0
-27.2,1625449482.0,64.0
-19.0,1625449482.0,64.0
-8.27,1625449482.0,64.0
3.68,1625449482.0,64.0
15.42,1625449482.0,64.0
26.01,1625449482.0,64.0
34.97,1625449482.0,64.0
42.17,1625449482.0,64.0
47.36,1625449482.0,64.0
50.15,1625449482.0,64.0
50.17,1625449482.0,64.0
47.47,1625449482.0,64.0
42.78,1625449482.0,64.0
37.45,1625449482.0,64.0
33.01,1625449482.0,64.0
30.56,1625449482.0,64.0
30.37,1625449482.0,64.0
31.75,1625449482.0,64.0
33.37,1625449482.0,64.0
33.82,1625449482.0,64.0
32.19,1625449482.0,64.0
28.46,1625449482.0,64.0
23.35,1625449482.0,64.0
17.92,1625449482.0,64.0
13.04,1625449482.0,64.0
8.95,1625449482.0,64.0
5.27,1625449482.0,64.0
1.39,1625449482.0,64.0
-3.11,1625449482.0,64.0
-8.13,1625449482.0,64.0
-13.12,1625449482.0,64.0
-17.4,1625449482.0,64.0
-20.54,1625449482.0,64.0
-22.55,1625449482.0,64.0
-23.77,1625449482.0,64.0
-24.76,1625449482.0,64.0
-26.0,1625449482.0,64.0
-27.87,1625449482.0,64.0
-30.62,1625449482.0,64.0
-34.33,1625449482.0,64.0
-38.91,1625449482.0,64.0
-43.97,1625449482.0,64.0
-48.85,1625449482.0,64.0
-52.69,1625449482.0,64.0
-54.69,1625449482.0,64.0
-54.41,1625449482.0,64.0
-51.99,1625449482.0,64.0
-48.14,1625449482.0,64.0
-43.88,1625449482.0,64.0
-39.96,1625449482.0,64.0
-36.37,1625449482.0,64.0
-32.02,1625449482.0,64.0
-25.1,1625449482.0,64.0
-13.92,1625449482.0,64.0
2.09,1625449482.0,64.0
21.59,1625449482.0,64.0
41.4,1625449482.0,64.0
57.43,1625449482.0,64.0
66.06,1625449482.0,64.0
65.51,1625449482.0,64.0
56.56,1625449482.0,64.0
42.3,1625449482.0,64.0
27.1,1625449482.0,64.0
15.15,1625449482.0,64.0
9.17,1625449482.0,64.0
9.77,1625449482.0,64.0
15.54,1625449482.0,64.0
23.87,1625449482.0,64.0
32.13,1625449482.0,64.0
38.51,1625449482.0,64.0
42.42,1625449482.0,64.0
44.2,1625449482.0,64.0
44.63,1625449482.0,64.0
44.29,1625449482.0,64.0
43.43,1625449482.0,64.0
41.98,1625449482.0,64.0
39.84,1625449482.0,64.0
36.96,1625449482.0,64.0
33.33,1625449482.0,64.0
28.77,1625449482.0,64.0
22.98,1625449482.0,64.0
15.62,1625449482.0,64.0
6.53,1625449482.0,64.0
-4.02,1625449482.0,64.0
-15.22,1625449482.0,64.0
-25.82,1625449482.0,64.0
-34.41,1625449482.0,64.0
-39.8,1625449482.0,64.0
-41.41,1625449482.0,64.0
-39.64,1625449482.0,64.0
-35.79,1625449482.0,64.0
-31.77,1625449482.0,64.0
-29.43,1625449482.0,64.0
-29.82,1625449482.0,64.0
-32.71,1625449482.0,64.0
-36.6,1625449482.0,64.0
-39.35,1625449482.0,64.0
-39.0,1625449482.0,64.0
-34.6,1625449482.0,64.0
-26.53,1625449482.0,64.0
-16.3,1625449482.0,64.0
-5.9,1625449482.0,64.0
2.99,1625449482.0,64.0
9.47,1625449482.0,64.0
13.58,1625449482.0,64.0
16.0,1625449482.0,64.0
17.72,1625449482.0,64.0
19.58,1625449482.0,64.0
22.05,1625449482.0,64.0
25.21,1625449482.0,64.0
28.83,1625449482.0,64.0
32.6,1625449482.0,64.0
36.28,1625449482.0,64.0
39.81,1625449482.0,64.0
43.22,1625449482.0,64.0
46.48,1625449482.0,64.0
49.35,1625449482.0,64.0
51.35,1625449482.0,64.0
51.91,1625449482.0,64.0
50.64,1625449482.0,64.0
47.61,1625449482.0,64.0
43.34,1625449482.0,64.0
38.64,1625449482.0,64.0
34.18,1625449482.0,64.0
30.31,1625449482.0,64.0
26.99,1625449482.0,64.0
23.96,1625449482.0,64.0
21.03,1625449482.0,64.0
18.23,1625449482.0,64.0
15.67,1625449482.0,64.0
13.43,1625449482.0,64.0
11.42,1625449482.0,64.0
9.46,1625449482.0,64.0
7.46,1625449482.0,64.0
5.63,1625449482.0,64.0
4.34,1625449482.0,64.0
4.0,1625449482.0,64.0
4.64,1625449482.0,64.0
5.85,1625449482.0,64.0
6.83,1625449482.0,64.0
6.8,1625449482.0,64.0
5.28,1625449482.0,64.0
2.21,1625449482.0,64.0
-2.16,1625449482.0,64.0
-7.53,1625449482.0,64.0
-13.61,1625449482.0,64.0
-19.93,1625449482.0,64.0
-25.66,1625449482.0,64.0
-29.55,1625449482.0,64.0
-30.27,1625449482.0,64.0
-27.06,1625449482.0,64.0
-20.17,1625449482.0,64.0
-10.97,1625449482.0,64.0
-1.34,1625449482.0,64.0
7.16,1625449482.0,64.0
14.02,1625449482.0,64.0
19.81,1625449482.0,64.0
25.67,1625449482.0,64.0
32.38,1625449482.0,64.0
39.76,1625449482.0,64.0
46.67,1625449482.0,64.0
51.65,1625449482.0,64.0
53.68,1625449482.0,64.0
52.82,1625449482.0,64.0
50.19,1625449482.0,64.0
47.4,1625449482.0,64.0
45.8,1625449482.0,64.0
45.81,1625449482.0,64.0
46.73,1625449482.0,64.0
47.13,1625449482.0,64.0
45.54,1625449482.0,64.0
41.2,1625449482.0,64.0
34.43,1625449482.0,64.0
26.52,1625449482.0,64.0
19.16,1625449482.0,64.0
13.73,1625449482.0,64.0
10.86,1625449482.0,64.0
10.27,1625449482.0,64.0
11.06,1625449482.0,64.0
11.97,1625449482.0,64.0
11.6,1625449482.0,64.0
8.52,1625449482.0,64.0
1.54,1625449482.0,64.0
-9.78,1625449482.0,64.0
-24.39,1625449482.0,64.0
-39.37,1625449482.0,64.0
-50.35,1625449482.0,64.0
-52.9,1625449482.0,64.0
-44.37,1625449482.0,64.0
-25.41,1625449482.0,64.0
-0.11,1625449482.0,64.0
25.26,1625449482.0,64.0
44.47,1625449482.0,64.0
53.39,1625449482.0,64.0
50.96,1625449482.0,64.0
38.61,1625449482.0,64.0
18.96,1625449482.0,64.0
-5.63,1625449482.0,64.0
-33.39,1625449482.0,64.0
-62.48,1625449482.0,64.0
-90.06,1625449482.0,64.0
-111.96,1625449482.0,64.0
-123.65,1625449482.0,64.0
-122.0,1625449482.0,64.0
-107.03,1625449482.0,64.0
-82.34,1625449482.0,64.0
-53.91,1625449482.0,64.0
-27.81,1625449482.0,64.0
-7.94,1625449482.0,64.0
4.9,1625449482.0,64.0
12.44,1625449482.0,64.0
17.19,1625449482.0,64.0
20.81,1625449482.0,64.0
23.39,1625449482.0,64.0
23.86,1625449482.0,64.0
21.12,1625449482.0,64.0
14.92,1625449482.0,64.0
6.18,1625449482.0,64.0
-3.65,1625449482.0,64.0
-13.27,1625449482.0,64.0
-22.16,1625449482.0,64.0
-30.62,1625449482.0,64.0
-39.33,1625449482.0,64.0
-48.66,1625449482.0,64.0
-58.26,1625449482.0,64.0
-66.96,1625449482.0,64.0
-73.09,1625449482.0,64.0
-75.09,1625449482.0,64.0
-72.06,1625449482.0,64.0
-64.07,1625449482.0,64.0
-52.26,1625449482.0,64.0
-38.49,1625449482.0,64.0
-24.96,1625449482.0,64.0
-13.63,1625449482.0,64.0
-5.76,1625449482.0,64.0
-1.64,1625449482.0,64.0
-0.77,1625449482.0,64.0
-2.14,1625449482.0,64.0
-4.79,1625449482.0,64.0
-8.17,1625449482.0,64.0
-12.1,1625449482.0,64.0
-16.58,1625449482.0,64.0
-21.51,1625449482.0,64.0
-26.54,1625449482.0,64.0
-31.21,1625449482.0,64.0
-35.22,1625449482.0,64.0
-38.61,1625449482.0,64.0
-41.76,1625449482.0,64.0
-45.03,1625449482.0,64.0
-48.48,1625449482.0,64.0
-51.62,1625449482.0,64.0
-53.5,1625449482.0,64.0
-53.06,1625449482.0,64.0
-49.54,1625449482.0,64.0
-42.9,1625449482.0,64.0
-33.85,1625449482.0,64.0
-23.62,1625449482.0,64.0
-13.5,1625449482.0,64.0
-4.39,1625449482.0,64.0
3.5,1625449482.0,64.0
10.51,1625449482.0,64.0
17.08,1625449482.0,64.0
23.35,1625449482.0,64.0
28.85,1625449482.0,64.0
32.68,1625449482.0,64.0
34.1,1625449482.0,64.0
32.99,1625449482.0,64.0
30.12,1625449482.0,64.0
26.92,1625449482.0,64.0
24.88,1625449482.0,64.0
24.99,1625449482.0,64.0
27.38,1625449482.0,64.0
31.29,1625449482.0,64.0
35.36,1625449482.0,64.0
38.16,1625449482.0,64.0
38.68,1625449482.0,64.0
36.71,1625449482.0,64.0
32.83,1625449482.0,64.0
28.22,1625449482.0,64.0
24.04,1625449482.0,64.0
20.84,1625449482.0,64.0
18.23,1625449482.0,64.0
14.98,1625449482.0,64.0
9.68,1625449482.0,64.0
1.48,1625449482.0,64.0
-9.32,1625449482.0,64.0
-21.34,1625449482.0,64.0
-32.76,1625449482.0,64.0
-42.03,1625449482.0,64.0
-48.61,1625449482.0,64.0
-53.06,1625449482.0,64.0
-56.71,1625449482.0,64.0
-61.25,1625449482.0,64.0
-68.28,1625449482.0,64.0
-78.92,1625449482.0,64.0
-93.32,1625449482.0,64.0
-110.21,1625449482.0,64.0
-126.42,1625449482.0,64.0
-137.14,1625449482.0,64.0
-137.03,1625449482.0,64.0
-122.03,1625449482.0,64.0
-91.32,1625449482.0,64.0
-48.17,1625449482.0,64.0
0.66,1625449482.0,64.0
46.98,1625449482.0,64.0
83.85,1625449482.0,64.0
107.52,1625449482.0,64.0
118.05,1625449482.0,64.0
118.4,1625449482.0,64.0
112.7,1625449482.0,64.0
104.61,1625449482.0,64.0
96.52,1625449482.0,64.0
89.47,1625449482.0,64.0
83.71,1625449482.0,64.0
79.16,1625449482.0,64.0
75.72,1625449482.0,64.0
73.26,1625449482.0,64.0
71.48,1625449482.0,64.0
69.96,1625449482.0,64.0
68.15,1625449482.0,64.0
65.67,1625449482.0,64.0
62.4,1625449482.0,64.0
58.51,1625449482.0,64.0
54.5,1625449482.0,64.0
50.87,1625449482.0,64.0
47.9,1625449482.0,64.0
45.4,1625449482.0,64.0
42.68,1625449482.0,64.0
38.79,1625449482.0,64.0
32.93,1625449482.0,64.0
24.98,1625449482.0,64.0
15.7,1625449482.0,64.0
6.63,1625449482.0,64.0
-0.53,1625449482.0,64.0
-4.54,1625449482.0,64.0
-5.16,1625449482.0,64.0
-3.24,1625449482.0,64.0
-0.23,1625449482.0,64.0
2.38,1625449482.0,64.0
3.69,1625449482.0,64.0
3.6,1625449482.0,64.0
2.69,1625449482.0,64.0
1.69,1625449482.0,64.0
1.07,1625449482.0,64.0
0.74,1625449482.0,64.0
0.06,1625449482.0,64.0
-1.86,1625449482.0,64.0
-5.8,1625449482.0,64.0
-12.08,1625449482.0,64.0
-20.49,1625449482.0,64.0
-30.2,1625449482.0,64.0
-40.01,1625449482.0,64.0
-48.56,1625449482.0,64.0
-54.55,1625449482.0,64.0
-57.07,1625449482.0,64.0
-55.77,1625449482.0,64.0
-50.95,1625449482.0,64.0
-43.5,1625449482.0,64.0
-34.61,1625449482.0,64.0
-25.4,1625449482.0,64.0
-16.64,1625449482.0,64.0
-8.57,1625449482.0,64.0
-1.01,1625449482.0,64.0
6.3,1625449482.0,64.0
13.35,1625449482.0,64.0
19.68,1625449482.0,64.0
24.48,1625449482.0,64.0
27.01,1625449482.0,64.0
27.11,1625449482.0,64.0
25.4,1625449482.0,64.0
23.16,1625449482.0,64.0
21.78,1625449482.0,64.0
22.1,1625449482.0,64.0
24.07,1625449482.0,64.0
26.82,1625449482.0,64.0
29.14,1625449482.0,64.0
30.09,1625449482.0,64.0
29.39,1625449482.0,64.0
27.37,1625449482.0,64.0
24.65,1625449482.0,64.0
21.74,1625449482.0,64.0
18.83,1625449482.0,64.0
15.82,1625449482.0,64.0
12.63,1625449482.0,64.0
9.31,1625449482.0,64.0
6.15,1625449482.0,64.0
3.51,1625449482.0,64.0
1.59,1625449482.0,64.0
0.3,1625449482.0,64.0
-0.67,1625449482.0,64.0
-1.72,1625449482.0,64.0
-3.11,1625449482.0,64.0
-4.79,1625449482.0,64.0
-6.48,1625449482.0,64.0
-7.83,1625449482.0,64.0
-8.62,1625449482.0,64.0
-8.85,1625449482.0,64.0
-8.73,1625449482.0,64.0
-8.56,1625449482.0,64.0
-8.58,1625449482.0,64.0
-8.97,1625449482.0,64.0
-9.83,1625449482.0,64.0
-11.24,1625449482.0,64.0
-13.09,1625449482.0,64.0
-14.96,1625449482.0,64.0
-16.11,1625449482.0,64.0
-15.59,1625449482.0,64.0
-12.65,1625449482.0,64.0
-7.1,1625449482.0,64.0
0.45,1625449482.0,64.0
8.83,1625449482.0,64.0
16.73,1625449482.0,64.0
23.29,1625449482.0,64.0
28.41,1625449482.0,64.0
32.6,1625449482.0,64.0
36.55,1625449482.0,64.0
40.55,1625449482.0,64.0
44.3,1625449482.0,64.0
46.96,1625449482.0,64.0
47.64,1625449482.0,64.0
45.96,1625449482.0,64.0
42.33,1625449482.0,64.0
37.88,1625449482.0,64.0
34.04,1625449482.0,64.0
32.0,1625449482.0,64.0
32.18,1625449482.0,64.0
34.1,1625449482.0,64.0
36.57,1625449482.0,64.0
38.11,1625449482.0,64.0
37.44,1625449482.0,64.0
33.84,1625449482.0,64.0
27.43,1625449482.0,64.0
19.16,1625449482.0,64.0
10.59,1625449482.0,64.0
3.57,1625449482.0,64.0
-0.4,1625449482.0,64.0
-0.54,1625449482.0,64.0
2.8,1625449482.0,64.0
8.23,1625449482.0,64.0
13.66,1625449482.0,64.0
17.02,1625449482.0,64.0
16.85,1625449482.0,64.0
12.77,1625449482.0,64.0
5.43,1625449482.0,64.0
-3.67,1625449482.0,64.0
-12.81,1625449482.0,64.0
-20.54,1625449482.0,64.0
-26.06,1625449482.0,64.0
-29.32,1625449482.0,64.0
-30.92,1625449482.0,64.0
-31.81,1625449482.0,64.0
-32.93,1625449482.0,64.0
-34.82,1625449482.0,64.0
-37.48,1625449482.0,64.0
-40.33,1625449482.0,64.0
-42.52,1625449482.0,64.0
-43.16,1625449482.0,64.0
-41.82,1625449482.0,64.0
-38.59,1625449482.0,64.0
-34.02,1625449482.0,64.0
-28.84,1625449482.0,64.0
-23.71,1625449482.0,64.0
-18.97,1625449482.0,64.0
-14.76,1625449482.0,64.0
-11.09,1625449482.0,64.0
-8.07,1625449482.0,64.0
-5.87,1625449482.0,64.0
-4.72,1625449482.0,64.0
-4.76,1625449482.0,64.0
-5.88,1625449482.0,64.0
-7.76,1625449482.0,64.0
-9.83,1625449482.0,64.0
-11.47,1625449482.0,64.0
-12.05,1625449482.0,64.0
-11.13,1625449482.0,64.0
-8.63,1625449482.0,64.0
-4.9,1625449482.0,64.0
-0.75,1625449482.0,64.0
2.75,1625449482.0,64.0
4.57,1625449482.0,64.0
4.11,1625449482.0,64.0
1.35,1625449482.0,64.0
-3.18,1625449482.0,64.0
-8.64,1625449482.0,64.0
-14.28,1625449482.0,64.0
-19.59,1625449482.0,64.0
-24.38,1625449482.0,64.0
-28.65,1625449482.0,64.0
-32.35,1625449482.0,64.0
-35.36,1625449482.0,64.0
-37.55,1625449482.0,64.0
-38.92,1625449482.0,64.0
-39.61,1625449482.0,64.0
-39.85,1625449482.0,64.0
-39.83,1625449482.0,64.0
-39.54,1625449482.0,64.0
-38.85,1625449482.0,64.0
-37.67,1625449482.0,64.0
-36.17,1625449482.0,64.0
-34.81,1625449482.0,64.0
-34.19,1625449482.0,64.0
-34.78,1625449482.0,64.0
-36.62,1625449482.0,64.0
-39.21,1625449482.0,64.0
-41.56,1625449482.0,64.0
-42.52,1625449482.0,64.0
-41.09,1625449482.0,64.0
-36.74,1625449482.0,64.0
-29.57,1625449482.0,64.0
-20.33,1625449482.0,64.0
-10.19,1625449482.0,64.0
-0.4,1625449482.0,64.0
8.05,1625449482.0,64.0
14.72,1625449482.0,64.0
19.74,1625449482.0,64.0
23.6,1625449482.0,64.0
26.82,1625449482.0,64.0
29.64,1625449482.0,64.0
31.96,1625449482.0,64.0
33.44,1625449482.0,64.0
33.82,1625449482.0,64.0
33.2,1625449482.0,64.0
32.12,1625449482.0,64.0
31.3,1625449482.0,64.0
31.35,1625449482.0,64.0
32.39,1625449482.0,64.0
33.88,1625449482.0,64.0
34.92,1625449482.0,64.0
34.62,1625449482.0,64.0
32.57,1625449482.0,64.0
28.98,1625449482.0,64.0
24.55,1625449482.0,64.0
19.95,1625449482.0,64.0
15.54,1625449482.0,64.0
11.25,1625449482.0,64.0
6.76,1625449482.0,64.0
1.9,1625449482.0,64.0
-3.09,1625449482.0,64.0
-7.61,1625449482.0,64.0
-10.93,1625449482.0,64.0
-12.54,1625449482.0,64.0
-12.4,1625449482.0,64.0
-10.91,1625449482.0,64.0
-8.75,1625449482.0,64.0
-6.72,1625449482.0,64.0
-5.45,1625449482.0,64.0
-5.41,1625449482.0,64.0
-6.79,1625449482.0,64.0
-9.55,1625449482.0,64.0
-13.42,1625449482.0,64.0
-18.02,1625449482.0,64.0
-22.88,1625449482.0,64.0
-27.55,1625449482.0,64.0
-31.51,1625449482.0,64.0
-34.13,1625449482.0,64.0
-34.74,1625449482.0,64.0
-32.78,1625449482.0,64.0
-28.17,1625449482.0,64.0
-21.4,1625449482.0,64.0
-13.5,1625449482.0,64.0
-5.64,1625449482.0,64.0
1.43,1625449482.0,64.0
7.63,1625449482.0,64.0
13.48,1625449482.0,64.0
19.56,1625449482.0,64.0
25.94,1625449482.0,64.0
31.93,1625449482.0,64.0
36.36,1625449482.0,64.0
38.22,1625449482.0,64.0
37.36,1625449482.0,64.0
34.65,1625449482.0,64.0
31.63,1625449482.0,64.0
29.83,1625449482.0,64.0
30.03,1625449482.0,64.0
32.09,1625449482.0,64.0
35.13,1625449482.0,64.0
37.97,1625449482.0,64.0
39.62,1625449482.0,64.0
39.5,1625449482.0,64.0
37.43,1625449482.0,64.0
33.59,1625449482.0,64.0
28.46,1625449482.0,64.0
22.81,1625449482.0,64.0
17.6,1625449482.0,64.0
13.69,1625449482.0,64.0
11.54,1625449482.0,64.0
10.88,1625449482.0,64.0
10.69,1625449482.0,64.0
9.53,1625449482.0,64.0
6.12,1625449482.0,64.0
-0.12,1625449482.0,64.0
-8.7,1625449482.0,64.0
-18.13,1625449482.0,64.0
-26.42,1625449482.0,64.0
-31.86,1625449482.0,64.0
-33.74,1625449482.0,64.0
-32.76,1625449482.0,64.0
-30.82,1625449482.0,64.0
-30.3,1625449482.0,64.0
-33.13,1625449482.0,64.0
-40.01,1625449482.0,64.0
-50.04,1625449482.0,64.0
-61.03,1625449482.0,64.0
-70.3,1625449482.0,64.0
-75.58,1625449482.0,64.0
-75.74,1625449482.0,64.0
-70.96,1625449482.0,64.0
-62.43,1625449482.0,64.0
-51.67,1625449482.0,64.0
-39.9,1625449482.0,64.0
-27.79,1625449482.0,64.0
-15.48,1625449482.0,64.0
-2.98,1625449482.0,64.0
9.46,1625449482.0,64.0
21.21,1625449482.0,64.0
31.4,1625449482.0,64.0
39.24,1625449482.0,64.0
44.35,1625449482.0,64.0
46.92,1625449482.0,64.0
47.57,1625449482.0,64.0
47.02,1625449482.0,64.0
45.85,1625449482.0,64.0
44.32,1625449482.0,64.0
42.37,1625449482.0,64.0
39.82,1625449482.0,64.0
36.59,1625449482.0,64.0
32.8,1625449482.0,64.0
28.79,1625449482.0,64.0
24.95,1625449482.0,64.0
21.57,1625449482.0,64.0
18.79,1625449482.0,64.0
16.59,1625449482.0,64.0
14.94,1625449482.0,64.0
13.89,1625449482.0,64.0
13.5,1625449482.0,64.0
13.8,1625449482.0,64.0
14.59,1625449482.0,64.0
15.49,1625449482.0,64.0
16.05,1625449482.0,64.0
15.87,1625449482.0,64.0
14.74,1625449482.0,64.0
12.65,1625449482.0,64.0
9.67,1625449482.0,64.0
5.93,1625449482.0,64.0
1.58,1625449482.0,64.0
-3.13,1625449482.0,64.0
-7.88,1625449482.0,64.0
-12.37,1625449482.0,64.0
-16.46,1625449482.0,64.0
-20.3,1625449482.0,64.0
-24.25,1625449482.0,64.0
-28.73,1625449482.0,64.0
-34.0,1625449482.0,64.0
-39.89,1625449482.0,64.0
-45.77,1625449482.0,64.0
-50.64,1625449482.0,64.0
-53.42,1625449482.0,64.0
-53.28,1625449482.0,64.0
-49.92,1625449482.0,64.0
-43.65,1625449482.0,64.0
-35.25,1625449482.0,64.0
-25.75,1625449482.0,64.0
-16.17,1625449482.0,64.0
-7.24,1625449482.0,64.0
0.62,1625449482.0,64.0
7.29,1625449482.0,64.0
12.76,1625449482.0,64.0
16.98,1625449482.0,64.0
19.79,1625449482.0,64.0
21.0,1625449482.0,64.0
20.6,1625449482.0,64.0
19.02,1625449482.0,64.0
17.27,1625449482.0,64.0
16.71,1625449482.0,64.0
18.51,1625449482.0,64.0
23.13,1625449482.0,64.0
29.94,1625449482.0,64.0
37.39,1625449482.0,64.0
43.58,1625449482.0,64.0
47.11,1625449482.0,64.0
47.56,1625449482.0,64.0
45.49,1625449482.0,64.0
42.0,1625449482.0,64.0
38.1,1625449482.0,64.0
34.27,1625449482.0,64.0
30.49,1625449482.0,64.0
26.53,1625449482.0,64.0
22.33,1625449482.0,64.0
18.19,1625449482.0,64.0
14.77,1625449482.0,64.0
12.79,1625449482.0,64.0
12.86,1625449482.0,64.0
15.25,1625449482.0,64.0
19.71,1625449482.0,64.0
25.45,1625449482.0,64.0
31.19,1625449482.0,64.0
35.3,1625449482.0,64.0
36.24,1625449482.0,64.0
33.01,1625449482.0,64.0
25.48,1625449482.0,64.0
14.51,1625449482.0,64.0
1.72,1625449482.0,64.0
-11.05,1625449482.0,64.0
-22.32,1625449482.0,64.0
-31.37,1625449482.0,64.0
-38.23,1625449482.0,64.0
-43.31,1625449482.0,64.0
-46.93,1625449482.0,64.0
-48.9,1625449482.0,64.0
-48.67,1625449482.0,64.0
-45.67,1625449482.0,64.0
-39.87,1625449482.0,64.0
-31.96,1625449482.0,64.0
-23.14,1625449482.0,64.0
-14.61,1625449482.0,64.0
-7.01,1625449482.0,64.0
-0.24,1625449482.0,64.0
6.21,1625449482.0,64.0
12.7,1625449482.0,64.0
18.91,1625449482.0,64.0
23.89,1625449482.0,64.0
26.48,1625449482.0,64.0
26.03,1625449482.0,64.0
22.81,1625449482.0,64.0
18.07,1625449482.0,64.0
13.48,1625449482.0,64.0
10.48,1625449482.0,64.0
9.8,1625449482.0,64.0
11.31,1625449482.0,64.0
14.26,1625449482.0,64.0
17.72,1625449482.0,64.0
20.97,1625449482.0,64.0
23.68,1625449482.0,64.0
25.87,1625449482.0,64.0
27.63,1625449482.0,64.0
28.94,1625449482.0,64.0
29.53,1625449482.0,64.0
28.96,1625449482.0,64.0
26.82,1625449482.0,64.0
22.92,1625449482.0,64.0
17.5,1625449482.0,64.0
11.17,1625449482.0,64.0
4.66,1625449482.0,64.0
-1.37,1625449482.0,64.0
-6.64,1625449482.0,64.0
-11.24,1625449482.0,64.0
-15.54,1625449482.0,64.0
-19.95,1625449482.0,64.0
-24.82,1625449482.0,64.0
-30.29,1625449482.0,64.0
-36.31,1625449482.0,64.0
-42.69,1625449482.0,64.0
-49.16,1625449482.0,64.0
-55.37,1625449482.0,64.0
-61.05,1625449482.0,64.0
-65.96,1625449482.0,64.0
-69.94,1625449482.0,64.0
-72.83,1625449482.0,64.0
-74.43,1625449482.0,64.0
-74.45,1625449482.0,64.0
-72.6,1625449482.0,64.0
-68.73,1625449482.0,64.0
-62.98,1625449482.0,64.0
-55.79,1625449482.0,64.0
-47.8,1625449482.0,64.0
-39.57,1625449482.0,64.0
-31.44,1625449482.0,64.0
-23.49,1625449482.0,64.0
-15.73,1625449482.0,64.0
-8.36,1625449482.0,64.0
-1.81,1625449482.0,64.0
3.31,1625449482.0,64.0
6.57,1625449482.0,64.0
8.02,1625449482.0,64.0
8.3,1625449482.0,64.0
8.49,1625449482.0,64.0
9.7,1625449482.0,64.0
12.52,1625449482.0,64.0
16.85,1625449482.0,64.0
21.85,1625449482.0,64.0
26.36,1625449482.0,64.0
29.39,1625449482.0,64.0
30.42,1625449482.0,64.0
29.56,1625449482.0,64.0
27.28,1625449482.0,64.0
24.18,1625449482.0,64.0
20.71,1625449482.0,64.0
17.12,1625449482.0,64.0
13.52,1625449482.0,64.0
10.08,1625449482.0,64.0
6.98,1625449482.0,64.0
4.41,1625449482.0,64.0
2.41,1625449482.0,64.0
0.83,1625449482.0,64.0
-0.64,1625449482.0,64.0
-2.23,1625449482.0,64.0
-4.04,1625449482.0,64.0
-5.92,1625449482.0,64.0
-7.62,1625449482.0,64.0
-9.01,1625449482.0,64.0
-10.27,1625449482.0,64.0
-11.86,1625449482.0,64.0
-14.44,1625449482.0,64.0
-18.49,1625449482.0,64.0
-24.0,1625449482.0,64.0
-30.28,1625449482.0,64.0
-36.02,1625449482.0,64.0
-39.67,1625449482.0,64.0
-40.0,1625449482.0,64.0
-36.5,1625449482.0,64.0
-29.61,1625449482.0,64.0
-20.49,1625449482.0,64.0
-10.7,1625449482.0,64.0
-1.77,1625449482.0,64.0
5.01,1625449482.0,64.0
8.8,1625449482.0,64.0
9.42,1625449482.0,64.0
7.53,1625449482.0,64.0
4.78,1625449482.0,64.0
3.55,1625449482.0,64.0
6.14,1625449482.0,64.0
13.72,1625449482.0,64.0
25.6,1625449482.0,64.0
39.23,1625449482.0,64.0
51.15,1625449482.0,64.0
58.48,1625449482.0,64.0
59.98,1625449482.0,64.0
56.22,1625449482.0,64.0
48.67,1625449482.0,64.0
38.62,1625449482.0,64.0
26.54,1625449482.0,64.0
12.47,1625449482.0,64.0
-2.98,1625449482.0,64.0
-17.91,1625449482.0,64.0
-29.39,1625449482.0,64.0
-34.67,1625449482.0,64.0
-32.54,1625449482.0,64.0
-24.16,1625449482.0,64.0
-12.51,1625449482.0,64.0
-1.07,1625449482.0,64.0
7.68,1625449482.0,64.0
13.02,1625449482.0,64.0
15.69,1625449482.0,64.0
16.99,1625449482.0,64.0
17.84,1625449482.0,64.0
18.38,1625449482.0,64.0
18.07,1625449482.0,64.0
16.12,1625449482.0,64.0
11.94,1625449482.0,64.0
5.25,1625449482.0,64.0
-3.81,1625449482.0,64.0
-14.74,1625449482.0,64.0
-26.71,1625449482.0,64.0
-38.76,1625449482.0,64.0
-49.99,1625449482.0,64.0
-59.6,1625449482.0,64.0
-66.97,1625449482.0,64.0
-71.46,1625449482.0,64.0
-72.4,1625449482.0,64.0
-69.15,1625449482.0,64.0
-61.49,1625449482.0,64.0
-49.91,1625449482.0,64.0
-35.74,1625449482.0,64.0
-20.84,1625449482.0,64.0
-6.98,1625449482.0,64.0
4.72,1625449482.0,64.0
14.13,1625449482.0,64.0
21.85,1625449482.0,64.0
28.66,1625449482.0,64.0
34.97,1625449482.0,64.0
40.55,1625449482.0,64.0
44.67,1625449482.0,64.0
46.6,1625449482.0,64.0
46.12,1625449482.0,64.0
43.7,1625449482.0,64.0
40.3,1625449482.0,64.0
37.0,1625449482.0,64.0
34.46,1625449482.0,64.0
32.73,1625449482.0,64.0
31.4,1625449482.0,64.0
29.91,1625449482.0,64.0
27.97,1625449482.0,64.0
25.71,1625449482.0,64.0
23.54,1625449482.0,64.0
21.85,1625449482.0,64.0
20.8,1625449482.0,64.0
20.23,1625449482.0,64.0
19.76,1625449482.0,64.0
19.03,1625449482.0,64.0
17.85,1625449482.0,64.0
16.27,1625449482.0,64.0
14.45,1625449482.0,64.0
12.55,1625449482.0,64.0
10.63,1625449482.0,64.0
8.61,1625449482.0,64.0
6.35,1625449482.0,64.0
3.72,1625449482.0,64.0
0.65,1625449482.0,64.0
-2.82,1625449482.0,64.0
-6.54,1625449482.0,64.0
-10.31,1625449482.0,64.0
-13.96,1625449482.0,64.0
-17.4,1625449482.0,64.0
-20.73,1625449482.0,64.0
-24.14,1625449482.0,64.0
-27.82,1625449482.0,64.0
-31.81,1625449482.0,64.0
-35.85,1625449482.0,64.0
-39.4,1625449482.0,64.0
-41.7,1625449482.0,64.0
-42.05,1625449482.0,64.0
-39.99,1625449482.0,64.0
-35.53,1625449482.0,64.0
-29.04,1625449482.0,64.0
-21.22,1625449482.0,64.0
-12.79,1625449482.0,64.0
-4.32,1625449482.0,64.0
3.88,1625449482.0,64.0
11.72,1625449482.0,64.0
19.11,1625449482.0,64.0
25.82,1625449482.0,64.0
31.39,1625449482.0,64.0
35.3,1625449482.0,64.0
37.25,1625449482.0,64.0
37.47,1625449482.0,64.0
36.72,1625449482.0,64.0
36.04,1625449482.0,64.0
36.25,1625449482.0,64.0
37.57,1625449482.0,64.0
39.55,1625449482.0,64.0
41.33,1625449482.0,64.0
42.13,1625449482.0,64.0
41.6,1625449482.0,64.0
39.87,1625449482.0,64.0
37.36,1625449482.0,64.0
34.57,1625449482.0,64.0
31.8,1625449482.0,64.0
29.25,1625449482.0,64.0
27.02,1625449482.0,64.0
25.24,1625449482.0,64.0
23.93,1625449482.0,64.0
22.93,1625449482.0,64.0
21.93,1625449482.0,64.0
20.55,1625449482.0,64.0
18.63,1625449482.0,64.0
16.28,1625449482.0,64.0
13.81,1625449482.0,64.0
11.48,1625449482.0,64.0
9.27,1625449482.0,64.0
6.84,1625449482.0,64.0
3.78,1625449482.0,64.0
-0.1,1625449482.0,64.0
-4.59,1625449482.0,64.0
-9.15,1625449482.0,64.0
-13.19,1625449482.0,64.0
-16.42,1625449482.0,64.0
-18.97,1625449482.0,64.0
-21.21,1625449482.0,64.0
-23.48,1625449482.0,64.0
-25.87,1625449482.0,64.0
-28.19,1625449482.0,64.0
-30.08,1625449482.0,64.0
-31.16,1625449482.0,64.0
-30.91,1625449482.0,64.0
-28.67,1625449482.0,64.0
-23.72,1625449482.0,64.0
-15.62,1625449482.0,64.0
-4.59,1625449482.0,64.0
8.15,1625449482.0,64.0
20.74,1625449482.0,64.0
31.17,1625449482.0,64.0
37.93,1625449482.0,64.0
40.55,1625449482.0,64.0
39.44,1625449482.0,64.0
35.73,1625449482.0,64.0
30.76,1625449482.0,64.0
25.92,1625449482.0,64.0
22.33,1625449482.0,64.0
20.67,1625449482.0,64.0
20.98,1625449482.0,64.0
22.53,1625449482.0,64.0
24.11,1625449482.0,64.0
24.52,1625449482.0,64.0
23.27,1625449482.0,64.0
20.77,1625449482.0,64.0
18.13,1625449482.0,64.0
16.46,1625449482.0,64.0
16.28,1625449482.0,64.0
17.23,1625449482.0,64.0
18.46,1625449482.0,64.0
19.13,1625449482.0,64.0
18.82,1625449482.0,64.0
17.56,1625449482.0,64.0
15.42,1625449482.0,64.0
12.2,1625449482.0,64.0
7.37,1625449482.0,64.0
0.44,1625449482.0,64.0
-8.6,1625449482.0,64.0
-18.85,1625449482.0,64.0
-28.75,1625449482.0,64.0
-36.56,1625449482.0,64.0
-41.15,1625449482.0,64.0
-42.37,1625449482.0,64.0
-41.13,1625449482.0,64.0
-38.85,1625449482.0,64.0
-36.82,1625449482.0,64.0
-35.75,1625449482.0,64.0
-35.73,1625449482.0,64.0
-36.39,1625449482.0,64.0
-37.3,1625449482.0,64.0
-38.18,1625449482.0,64.0
-38.79,1625449482.0,64.0
-38.94,1625449482.0,64.0
-38.29,1625449482.0,64.0
-36.49,1625449482.0,64.0
-33.35,1625449482.0,64.0
-29.02,1625449482.0,64.0
-23.97,1625449482.0,64.0
-18.87,1625449482.0,64.0
-14.26,1625449482.0,64.0
-10.44,1625449482.0,64.0
-7.4,1625449482.0,64.0
-5.04,1625449482.0,64.0
-3.34,1625449482.0,64.0
-2.46,1625449482.0,64.0
-2.58,1625449482.0,64.0
-3.72,1625449482.0,64.0
-5.55,1625449482.0,64.0
-7.34,1625449482.0,64.0
-8.29,1625449482.0,64.0
-7.87,1625449482.0,64.0
-6.09,1625449482.0,64.0
-3.58,1625449482.0,64.0
-1.32,1625449482.0,64.0
-0.2,1625449482.0,64.0
-0.7,1625449482.0,64.0
-2.66,1625449482.0,64.0
-5.51,1625449482.0,64.0
-8.55,1625449482.0,64.0
-11.29,1625449482.0,64.0
-13.62,1625449482.0,64.0
-15.74,1625449482.0,64.0
-17.92,1625449482.0,64.0
-20.3,1625449482.0,64.0
-22.81,1625449482.0,64.0
-25.22,1625449482.0,64.0
-27.27,1625449482.0,64.0
-28.77,1625449482.0,64.0
-29.6,1625449482.0,64.0
-29.65,1625449482.0,64.0
-28.89,1625449482.0,64.0
-27.37,1625449482.0,64.0
-25.31,1625449482.0,64.0
-23.09,1625449482.0,64.0
-21.14,1625449482.0,64.0
-19.78,1625449482.0,64.0
-19.11,1625449482.0,64.0
-19.01,1625449482.0,64.0
-19.27,1625449482.0,64.0
-19.72,1625449482.0,64.0
-20.24,1625449482.0,64.0
-20.61,1625449482.0,64.0
-20.49,1625449482.0,64.0
-19.34,1625449482.0,64.0
-16.68,1625449482.0,64.0
-12.37,1625449482.0,64.0
-6.7,1625449482.0,64.0
-0.37,1625449482.0,64.0
5.83,1625449482.0,64.0
11.37,1625449482.0,64.0
16.17,1625449482.0,64.0
20.5,1625449482.0,64.0
24.66,1625449482.0,64.0
28.76,1625449482.0,64.0
32.48,1625449482.0,64.0
35.22,1625449482.0,64.0
36.42,1625449482.0,64.0
35.87,1625449482.0,64.0
33.9,1625449482.0,64.0
31.21,1625449482.0,64.0
28.6,1625449482.0,64.0
26.6,1625449482.0,64.0
25.26,1625449482.0,64.0
24.22,1625449482.0,64.0
22.93,1625449482.0,64.0
20.94,1625449482.0,64.0
18.09,1625449482.0,64.0
14.57,1625449482.0,64.0
10.81,1625449482.0,64.0
7.36,1625449482.0,64.0
4.7,1625449482.0,64.0
3.16,1625449482.0,64.0
2.75,1625449482.0,64.0
3.32,1625449482.0,64.0
4.56,1625449482.0,64.0
6.22,1625449482.0,64.0
8.14,1625449482.0,64.0
10.13,1625449482.0,64.0
11.92,1625449482.0,64.0
13.02,1625449482.0,64.0
12.92,1625449482.0,64.0
11.32,1625449482.0,64.0
8.34,1625449482.0,64.0
4.42,1625449482.0,64.0
0.08,1625449482.0,64.0
-4.49,1625449482.0,64.0
-9.52,1625449482.0,64.0
-15.44,1625449482.0,64.0
-22.4,1625449482.0,64.0
-29.81,1625449482.0,64.0
-36.37,1625449482.0,64.0
-40.42,1625449482.0,64.0
-40.67,1625449482.0,64.0
-36.66,1625449482.0,64.0
-28.88,1625449482.0,64.0
-18.47,1625449482.0,64.0
-6.73,1625449482.0,64.0
5.28,1625449482.0,64.0
16.84,1625449482.0,64.0
27.33,1625449482.0,64.0
36.02,1625449482.0,64.0
41.89,1625449482.0,64.0
43.78,1625449482.0,64.0
40.91,1625449482.0,64.0
33.3,1625449482.0,64.0
22.05,1625449482.0,64.0
9.25,1625449482.0,64.0
-2.73,1625449482.0,64.0
-12.15,1625449482.0,64.0
-18.61,1625449482.0,64.0
-23.24,1625449482.0,64.0
-28.21,1625449482.0,64.0
-35.57,1625449482.0,64.0
-46.29,1625449482.0,64.0
-59.83,1625449482.0,64.0
-74.58,1625449482.0,64.0
-88.61,1625449482.0,64.0
-100.4,1625449482.0,64.0
-108.96,1625449482.0,64.0
-113.66,1625449482.0,64.0
-113.94,1625449482.0,64.0
-109.34,1625449482.0,64.0
-99.85,1625449482.0,64.0
-86.16,1625449482.0,64.0
-69.69,1625449482.0,64.0
-52.23,1625449482.0,64.0
-35.33,1625449482.0,64.0
-20.03,1625449482.0,64.0
-6.91,1625449482.0,64.0
3.47,1625449482.0,64.0
10.46,1625449482.0,64.0
13.44,1625449482.0,64.0
12.38,1625449482.0,64.0
8.17,1625449482.0,64.0
2.5,1625449482.0,64.0
-2.78,1625449482.0,64.0
-6.36,1625449482.0,64.0
-7.89,1625449482.0,64.0
-7.67,1625449482.0,64.0
-6.14,1625449482.0,64.0
-3.39,1625449482.0,64.0
0.94,1625449482.0,64.0
7.46,1625449482.0,64.0
16.47,1625449482.0,64.0
27.75,1625449482.0,64.0
40.51,1625449482.0,64.0
53.76,1625449482.0,64.0
66.62,1625449482.0,64.0
78.49,1625449482.0,64.0
88.97,1625449482.0,64.0
97.68,1625449482.0,64.0
104.13,1625449482.0,64.0
107.82,1625449482.0,64.0
108.42,1625449482.0,64.0
105.97,1625449482.0,64.0
100.94,1625449482.0,64.0
94.16,1625449482.0,64.0
86.57,1625449482.0,64.0
79.05,1625449482.0,64.0
72.2,1625449482.0,64.0
66.25,1625449482.0,64.0
60.92,1625449482.0,64.0
55.58,1625449482.0,64.0
49.36,1625449482.0,64.0
41.57,1625449482.0,64.0
31.98,1625449482.0,64.0
20.99,1625449482.0,64.0
9.61,1625449482.0,64.0
-0.89,1625449482.0,64.0
-9.38,1625449482.0,64.0
-15.22,1625449482.0,64.0
-18.46,1625449482.0,64.0
-19.7,1625449482.0,64.0
-19.72,1625449482.0,64.0
-19.25,1625449482.0,64.0
-18.64,1625449482.0,64.0
-17.86,1625449482.0,64.0
-16.71,1625449482.0,64.0
-15.0,1625449482.0,64.0
-12.79,1625449482.0,64.0
-10.43,1625449482.0,64.0
-8.46,1625449482.0,64.0
-7.46,1625449482.0,64.0
-7.82,1625449482.0,64.0
-9.62,1625449482.0,64.0
-12.71,1625449482.0,64.0
-16.66,1625449482.0,64.0
-20.91,1625449482.0,64.0
-24.81,1625449482.0,64.0
-27.69,1625449482.0,64.0
-28.87,1625449482.0,64.0
-27.9,1625449482.0,64.0
-24.67,1625449482.0,64.0
-19.48,1625449482.0,64.0
-12.95,1625449482.0,64.0
-5.83,1625449482.0,64.0
1.3,1625449482.0,64.0
8.09,1625449482.0,64.0
14.37,1625449482.0,64.0
19.95,1625449482.0,64.0
24.41,1625449482.0,64.0
27.2,1625449482.0,64.0
27.85,1625449482.0,64.0
26.36,1625449482.0,64.0
23.4,1625449482.0,64.0
20.21,1625449482.0,64.0
18.07,1625449482.0,64.0
17.82,1625449482.0,64.0
19.47,1625449482.0,64.0
22.27,1625449482.0,64.0
25.14,1625449482.0,64.0
27.11,1625449482.0,64.0
27.68,1625449482.0,64.0
26.81,1625449482.0,64.0
24.77,1625449482.0,64.0
21.87,1625449482.0,64.0
18.4,1625449482.0,64.0
14.51,1625449482.0,64.0
10.39,1625449482.0,64.0
6.25,1625449482.0,64.0
2.32,1625449482.0,64.0
-1.18,1625449482.0,64.0
-4.08,1625449482.0,64.0
-6.36,1625449482.0,64.0
-8.12,1625449482.0,64.0
-9.62,1625449482.0,64.0
-11.21,1625449482.0,64.0
-13.17,1625449482.0,64.0
-15.66,1625449482.0,64.0
-18.65,1625449482.0,64.0
-21.97,1625449482.0,64.0
-25.41,1625449482.0,64.0
-28.86,1625449482.0,64.0
-32.22,1625449482.0,64.0
-35.3,1625449482.0,64.0
-37.7,1625449482.0,64.0
-38.84,1625449482.0,64.0
-38.12,1625449482.0,64.0
-35.18,1625449482.0,64.0
-30.09,1625449482.0,64.0
-23.38,1625449482.0,64.0
-15.8,1625449482.0,64.0
-8.12,1625449482.0,64.0
-0.89,1625449482.0,64.0
5.53,1625449482.0,64.0
10.95,1625449482.0,64.0
15.13,1625449482.0,64.0
17.83,1625449482.0,64.0
18.9,1625449482.0,64.0
18.43,1625449482.0,64.0
16.8,1625449482.0,64.0
14.66,1625449482.0,64.0
12.61,1625449482.0,64.0
11.0,1625449482.0,64.0
9.79,1625449482.0,64.0
8.59,1625449482.0,64.0
6.96,1625449482.0,64.0
4.63,1625449482.0,64.0
1.67,1625449482.0,64.0
-1.52,1625449482.0,64.0
-4.44,1625449482.0,64.0
-6.64,1625449482.0,64.0
-7.82,1625449482.0,64.0
-7.85,1625449482.0,64.0
-6.77,1625449482.0,64.0
-4.81,1625449482.0,64.0
-2.35,1625449482.0,64.0
0.08,1625449482.0,64.0
1.96,1625449482.0,64.0
2.87,1625449482.0,64.0
2.6,1625449482.0,64.0
1.18,1625449482.0,64.0
-1.24,1625449482.0,64.0
-4.46,1625449482.0,64.0
-8.26,1625449482.0,64.0
-12.48,1625449482.0,64.0
-16.95,1625449482.0,64.0
-21.49,1625449482.0,64.0
-25.89,1625449482.0,64.0
-29.87,1625449482.0,64.0
-33.05,1625449482.0,64.0
-34.92,1625449482.0,64.0
-34.95,1625449482.0,64.0
-32.76,1625449482.0,64.0
-28.43,1625449482.0,64.0
-22.59,1625449482.0,64.0
-16.21,1625449482.0,64.0
-10.31,1625449482.0,64.0
-5.51,1625449482.0,64.0
-1.8,1625449482.0,64.0
1.32,1625449482.0,64.0
4.43,1625449482.0,64.0
7.77,1625449482.0,64.0
11.12,1625449482.0,64.0
13.88,1625449482.0,64.0
15.59,1625449482.0,64.0
16.28,1625449482.0,64.0
16.54,1625449482.0,64.0
17.23,1625449482.0,64.0
18.92,1625449482.0,64.0
21.48,1625449482.0,64.0
24.09,1625449482.0,64.0
25.66,1625449482.0,64.0
25.42,1625449482.0,64.0
23.33,1625449482.0,64.0
20.03,1625449482.0,64.0
16.48,1625449482.0,64.0
13.36,1625449482.0,64.0
10.77,1625449482.0,64.0
8.29,1625449482.0,64.0
5.35,1625449482.0,64.0
1.68,1625449482.0,64.0
-2.45,1625449482.0,64.0
-6.37,1625449482.0,64.0
-9.4,1625449482.0,64.0
-11.22,1625449482.0,64.0
-12.08,1625449482.0,64.0
-12.66,1625449482.0,64.0
-13.68,1625449482.0,64.0
-15.57,1625449482.0,64.0
-18.38,1625449482.0,64.0
-21.74,1625449482.0,64.0
-25.13,1625449482.0,64.0
-28.02,1625449482.0,64.0
-29.96,1625449482.0,64.0
-30.55,1625449482.0,64.0
-29.45,1625449482.0,64.0
-26.47,1625449482.0,64.0
-21.65,1625449482.0,64.0
-15.35,1625449482.0,64.0
-8.21,1625449482.0,64.0
-0.94,1625449482.0,64.0
5.86,1625449482.0,64.0
11.9,1625449482.0,64.0
17.09,1625449482.0,64.0
21.44,1625449482.0,64.0
24.89,1625449482.0,64.0
27.31,1625449482.0,64.0
28.55,1625449482.0,64.0
28.68,1625449482.0,64.0
28.12,1625449482.0,64.0
27.53,1625449482.0,64.0
27.6,1625449482.0,64.0
28.66,1625449482.0,64.0
30.53,1625449482.0,64.0
32.53,1625449482.0,64.0
33.76,1625449482.0,64.0
33.53,1625449482.0,64.0
31.67,1625449482.0,64.0
28.51,1625449482.0,64.0
24.66,1625449482.0,64.0
20.68,1625449482.0,64.0
16.79,1625449482.0,64.0
12.94,1625449482.0,64.0
8.93,1625449482.0,64.0
4.7,1625449482.0,64.0
0.41,1625449482.0,64.0
-3.55,1625449482.0,64.0
-6.83,1625449482.0,64.0
-9.26,1625449482.0,64.0
-10.98,1625449482.0,64.0
-12.38,1625449482.0,64.0
-13.92,1625449482.0,64.0
-16.0,1625449482.0,64.0
-18.82,1625449482.0,64.0
-22.38,1625449482.0,64.0
-26.5,1625449482.0,64.0
-30.91,1625449482.0,64.0
-35.22,1625449482.0,64.0
-38.97,1625449482.0,64.0
-41.6,1625449482.0,64.0
-42.57,1625449482.0,64.0
-41.45,1625449482.0,64.0
-38.12,1625449482.0,64.0
-32.77,1625449482.0,64.0
-25.92,1625449482.0,64.0
-18.24,1625449482.0,64.0
-10.34,1625449482.0,64.0
-2.65,1625449482.0,64.0
4.6,1625449482.0,64.0
11.3,1625449482.0,64.0
17.33,1625449482.0,64.0
22.47,1625449482.0,64.0
26.44,1625449482.0,64.0
29.0,1625449482.0,64.0
30.15,1625449482.0,64.0
30.21,1625449482.0,64.0
29.76,1625449482.0,64.0
29.41,1625449482.0,64.0
29.56,1625449482.0,64.0
30.21,1625449482.0,64.0
30.9,1625449482.0,64.0
30.99,1625449482.0,64.0
29.95,1625449482.0,64.0
27.61,1625449482.0,64.0
24.25,1625449482.0,64.0
20.44,1625449482.0,64.0
16.75,1625449482.0,64.0
13.54,1625449482.0,64.0
10.81,1625449482.0,64.0
8.34,1625449482.0,64.0
5.82,1625449482.0,64.0
3.06,1625449482.0,64.0
0.1,1625449482.0,64.0
-2.87,1625449482.0,64.0
-5.6,1625449482.0,64.0
-7.92,1625449482.0,64.0
-9.87,1625449482.0,64.0
-11.69,1625449482.0,64.0
-13.76,1625449482.0,64.0
-16.4,1625449482.0,64.0
-19.78,1625449482.0,64.0
-23.85,1625449482.0,64.0
-28.4,1625449482.0,64.0
-33.12,1625449482.0,64.0
-37.68,1625449482.0,64.0
-41.61,1625449482.0,64.0
-44.35,1625449482.0,64.0
-45.27,1625449482.0,64.0
-43.81,1625449482.0,64.0
-39.82,1625449482.0,64.0
-33.62,1625449482.0,64.0
-26.04,1625449482.0,64.0
-18.09,1625449482.0,64.0
-10.57,1625449482.0,64.0
-3.83,1625449482.0,64.0
2.25,1625449482.0,64.0
8.03,1625449482.0,64.0
13.67,1625449482.0,64.0
19.02,1625449482.0,64.0
23.58,1625449482.0,64.0
26.81,1625449482.0,64.0
28.5,1625449482.0,64.0
28.88,1625449482.0,64.0
28.58,1625449482.0,64.0
28.31,1625449482.0,64.0
28.54,1625449482.0,64.0
29.3,1625449482.0,64.0
30.27,1625449482.0,64.0
30.94,1625449482.0,64.0
30.9,1625449482.0,64.0
29.98,1625449482.0,64.0
28.22,1625449482.0,64.0
25.83,1625449482.0,64.0
23.01,1625449482.0,64.0
19.97,1625449482.0,64.0
16.88,1625449482.0,64.0
13.96,1625449482.0,64.0
11.42,1625449482.0,64.0
9.42,1625449482.0,64.0
8.01,1625449482.0,64.0
7.08,1625449482.0,64.0
6.4,1625449482.0,64.0
5.68,1625449482.0,64.0
4.65,1625449482.0,64.0
3.16,1625449482.0,64.0
1.22,1625449482.0,64.0
-1.0,1625449482.0,64.0
-3.25,1625449482.0,64.0
-5.27,1625449482.0,64.0
-6.91,1625449482.0,64.0
-8.19,1625449482.0,64.0
-9.25,1625449482.0,64.0
-10.22,1625449482.0,64.0
-11.21,1625449482.0,64.0
-12.19,1625449482.0,64.0
-13.12,1625449482.0,64.0
-13.99,1625449482.0,64.0
-14.93,1625449482.0,64.0
-16.17,1625449482.0,64.0
-18.0,1625449482.0,64.0
-20.63,1625449482.0,64.0
-24.06,1625449482.0,64.0
-28.09,1625449482.0,64.0
-32.24,1625449482.0,64.0
-35.82,1625449482.0,64.0
-38.01,1625449482.0,64.0
-38.06,1625449482.0,64.0
-35.51,1625449482.0,64.0
-30.4,1625449482.0,64.0
-23.31,1625449482.0,64.0
-15.25,1625449482.0,64.0
-7.3,1625449482.0,64.0
-0.25,1625449482.0,64.0
5.64,1625449482.0,64.0
10.56,1625449482.0,64.0
14.94,1625449482.0,64.0
19.04,1625449482.0,64.0
22.75,1625449482.0,64.0
25.6,1625449482.0,64.0
27.05,1625449482.0,64.0
26.83,1625449482.0,64.0
25.2,1625449482.0,64.0
22.85,1625449482.0,64.0
20.68,1625449482.0,64.0
19.33,1625449482.0,64.0
18.95,1625449482.0,64.0
19.12,1625449482.0,64.0
19.12,1625449482.0,64.0
18.3,1625449482.0,64.0
16.36,1625449482.0,64.0
13.5,1625449482.0,64.0
10.24,1625449482.0,64.0
7.18,1625449482.0,64.0
4.67,1625449482.0,64.0
2.68,1625449482.0,64.0
0.89,1625449482.0,64.0
-1.07,1625449482.0,64.0
-3.41,1625449482.0,64.0
-6.02,1625449482.0,64.0
-8.6,1625449482.0,64.0
-10.88,1625449482.0,64.0
-12.77,1625449482.0,64.0
-14.49,1625449482.0,64.0
-16.39,1625449482.0,64.0
-18.76,1625449482.0,64.0
-21.65,1625449482.0,64.0
-24.91,1625449482.0,64.0
-28.35,1625449482.0,64.0
-31.79,1625449482.0,64.0
-35.15,1625449482.0,64.0
-38.2,1625449482.0,64.0
-40.49,1625449482.0,64.0
-41.34,1625449482.0,64.0
-40.08,1625449482.0,64.0
-36.31,1625449482.0,64.0
-30.19,1625449482.0,64.0
-22.35,1625449482.0,64.0
-13.72,1625449482.0,64.0
-5.12,1625449482.0,64.0
2.89,1625449482.0,64.0
10.14,1625449482.0,64.0
16.63,1625449482.0,64.0
22.42,1625449482.0,64.0
27.52,1625449482.0,64.0
31.83,1625449482.0,64.0
35.22,1625449482.0,64.0
37.55,1625449482.0,64.0
38.79,1625449482.0,64.0
39.04,1625449482.0,64.0
38.65,1625449482.0,64.0
38.11,1625449482.0,64.0
37.93,1625449482.0,64.0
38.37,1625449482.0,64.0
39.27,1625449482.0,64.0
40.09,1625449482.0,64.0
40.12,1625449482.0,64.0
38.88,1625449482.0,64.0
36.28,1625449482.0,64.0
32.68,1625449482.0,64.0
28.65,1625449482.0,64.0
24.63,1625449482.0,64.0
20.88,1625449482.0,64.0
17.51,1625449482.0,64.0
14.78,1625449482.0,64.0
13.14,1625449482.0,64.0
13.16,1625449482.0,64.0
15.2,1625449482.0,64.0
19.05,1625449482.0,64.0
23.87,1625449482.0,64.0
28.4,1625449482.0,64.0
31.42,1625449482.0,64.0
32.16,1625449482.0,64.0
30.52,1625449482.0,64.0
26.84,1625449482.0,64.0
21.61,1625449482.0,64.0
15.12,1625449482.0,64.0
7.4,1625449482.0,64.0
-1.5,1625449482.0,64.0
-11.1,1625449482.0,64.0
-20.28,1625449482.0,64.0
-27.37,1625449482.0,64.0
-30.71,1625449482.0,64.0
-29.24,1625449482.0,64.0
-22.98,1625449482.0,64.0
-12.94,1625449482.0,64.0
-0.81,1625449482.0,64.0
11.61,1625449482.0,64.0
22.82,1625449482.0,64.0
31.75,1625449482.0,64.0
37.68,1625449482.0,64.0
40.27,1625449482.0,64.0
39.54,1625449482.0,64.0
35.92,1625449482.0,64.0
30.32,1625449482.0,64.0
23.9,1625449482.0,64.0
17.8,1625449482.0,64.0
12.76,1625449482.0,64.0
8.98,1625449482.0,64.0
6.15,1625449482.0,64.0
3.71,1625449482.0,64.0
1.12,1625449482.0,64.0
-2.03,1625449482.0,64.0
-5.95,1625449482.0,64.0
-10.87,1625449482.0,64.0
-17.11,1625449482.0,64.0
-25.11,1625449482.0,64.0
-35.24,1625449482.0,64.0
-47.48,1625449482.0,64.0
-61.2,1625449482.0,64.0
-75.02,1625449482.0,64.0
-87.13,1625449482.0,64.0
-95.76,1625449482.0,64.0
-99.74,1625449482.0,64.0
-98.84,1625449482.0,64.0
-93.66,1625449482.0,64.0
-85.3,1625449482.0,64.0
-74.94,1625449482.0,64.0
-63.57,1625449482.0,64.0
-52.03,1625449482.0,64.0
-41.16,1625449482.0,64.0
-31.88,1625449482.0,64.0
-25.19,1625449482.0,64.0
-21.77,1625449482.0,64.0
-21.64,1625449482.0,64.0
-24.0,1625449482.0,64.0
-27.34,1625449482.0,64.0
-29.93,1625449482.0,64.0
-30.38,1625449482.0,64.0
-28.09,1625449482.0,64.0
-23.35,1625449482.0,64.0
-17.05,1625449482.0,64.0
-10.24,1625449482.0,64.0
-3.79,1625449482.0,64.0
1.8,1625449482.0,64.0
6.32,1625449482.0,64.0
9.69,1625449482.0,64.0
11.84,1625449482.0,64.0
12.78,1625449482.0,64.0
12.67,1625449482.0,64.0
11.92,1625449482.0,64.0
11.21,1625449482.0,64.0
11.21,1625449482.0,64.0
12.38,1625449482.0,64.0
14.75,1625449482.0,64.0
17.83,1625449482.0,64.0
20.84,1625449482.0,64.0
22.98,1625449482.0,64.0
23.71,1625449482.0,64.0
22.91,1625449482.0,64.0
20.88,1625449482.0,64.0
18.19,1625449482.0,64.0
15.37,1625449482.0,64.0
12.71,1625449482.0,64.0
10.23,1625449482.0,64.0
7.75,1625449482.0,64.0
5.08,1625449482.0,64.0
2.16,1625449482.0,64.0
-0.89,1625449482.0,64.0
-3.87,1625449482.0,64.0
-6.63,1625449482.0,64.0
-9.15,1625449482.0,64.0
-11.57,1625449482.0,64.0
-14.05,1625449482.0,64.0
-16.72,1625449482.0,64.0
-19.53,1625449482.0,64.0
-22.36,1625449482.0,64.0
-25.01,1625449482.0,64.0
-27.24,1625449482.0,64.0
-28.79,1625449482.0,64.0
-29.37,1625449482.0,64.0
-28.76,1625449482.0,64.0
-26.82,1625449482.0,64.0
-23.59,1625449482.0,64.0
-19.24,1625449482.0,64.0
-14.04,1625449482.0,64.0
-8.27,1625449482.0,64.0
-2.16,1625449482.0,64.0
4.15,1625449482.0,64.0
10.49,1625449482.0,64.0
16.62,1625449482.0,64.0
22.16,1625449482.0,64.0
26.71,1625449482.0,64.0
29.95,1625449482.0,64.0
31.81,1625449482.0,64.0
32.54,1625449482.0,64.0
32.7,1625449482.0,64.0
32.93,1625449482.0,64.0
33.76,1625449482.0,64.0
35.33,1625449482.0,64.0
37.3,1625449482.0,64.0
38.95,1625449482.0,64.0
39.45,1625449482.0,64.0
38.21,1625449482.0,64.0
35.13,1625449482.0,64.0
30.6,1625449482.0,64.0
25.31,1625449482.0,64.0
19.97,1625449482.0,64.0
15.04,1625449482.0,64.0
10.61,1625449482.0,64.0
6.57,1625449482.0,64.0
2.78,1625449482.0,64.0
-0.74,1625449482.0,64.0
-3.79,1625449482.0,64.0
-6.1,1625449482.0,64.0
-7.54,1625449482.0,64.0
-8.29,1625449482.0,64.0
-8.85,1625449482.0,64.0
-9.86,1625449482.0,64.0
-11.85,1625449482.0,64.0
-14.95,1625449482.0,64.0
-18.92,1625449482.0,64.0
-23.23,1625449482.0,64.0
-27.29,1625449482.0,64.0
-30.68,1625449482.0,64.0
-33.16,1625449482.0,64.0
-34.62,1625449482.0,64.0
-34.91,1625449482.0,64.0
-33.9,1625449482.0,64.0
-31.41,1625449482.0,64.0
-27.46,1625449482.0,64.0
-22.29,1625449482.0,64.0
-16.36,1625449482.0,64.0
-10.16,1625449482.0,64.0
-4.11,1625449482.0,64.0
1.56,1625449482.0,64.0
6.77,1625449482.0,64.0
11.43,1625449482.0,64.0
15.39,1625449482.0,64.0
18.44,1625449482.0,64.0
20.44,1625449482.0,64.0
21.45,1625449482.0,64.0
21.8,1625449482.0,64.0
22.0,1625449482.0,64.0
22.51,1625449482.0,64.0
23.58,1625449482.0,64.0
25.02,1625449482.0,64.0
26.35,1625449482.0,64.0
26.94,1625449482.0,64.0
26.35,1625449482.0,64.0
24.48,1625449482.0,64.0
21.65,1625449482.0,64.0
18.38,1625449482.0,64.0
15.12,1625449482.0,64.0
12.1,1625449482.0,64.0
9.31,1625449482.0,64.0
6.55,1625449482.0,64.0
3.67,1625449482.0,64.0
0.65,1625449482.0,64.0
-2.42,1625449482.0,64.0
-5.37,1625449482.0,64.0
-8.07,1625449482.0,64.0
-10.45,1625449482.0,64.0
-12.59,1625449482.0,64.0
-14.64,1625449482.0,64.0
-16.8,1625449482.0,64.0
-19.23,1625449482.0,64.0
-22.01,1625449482.0,64.0
-25.07,1625449482.0,64.0
-28.26,1625449482.0,64.0
-31.4,1625449482.0,64.0
-34.26,1625449482.0,64.0
-36.66,1625449482.0,64.0
-38.35,1625449482.0,64.0
-39.03,1625449482.0,64.0
-38.36,1625449482.0,64.0
-36.06,1625449482.0,64.0
-32.06,1625449482.0,64.0
-26.62,1625449482.0,64.0
-20.2,1625449482.0,64.0
-13.46,1625449482.0,64.0
-6.93,1625449482.0,64.0
-1.05,1625449482.0,64.0
3.95,1625449482.0,64.0
7.94,1625449482.0,64.0
10.78,1625449482.0,64.0
12.44,1625449482.0,64.0
12.99,1625449482.0,64.0
12.7,1625449482.0,64.0
12.07,1625449482.0,64.0
11.68,1625449482.0,64.0
12.04,1625449482.0,64.0
13.34,1625449482.0,64.0
15.44,1625449482.0,64.0
17.92,1625449482.0,64.0
20.23,1625449482.0,64.0
21.96,1625449482.0,64.0
22.9,1625449482.0,64.0
23.13,1625449482.0,64.0
22.8,1625449482.0,64.0
22.11,1625449482.0,64.0
21.15,1625449482.0,64.0
19.96,1625449482.0,64.0
18.56,1625449482.0,64.0
16.98,1625449482.0,64.0
15.26,1625449482.0,64.0
13.43,1625449482.0,64.0
11.41,1625449482.0,64.0
9.03,1625449482.0,64.0
6.06,1625449482.0,64.0
2.31,1625449482.0,64.0
-2.28,1625449482.0,64.0
-7.61,1625449482.0,64.0
-13.33,1625449482.0,64.0
-18.99,1625449482.0,64.0
-24.09,1625449482.0,64.0
-28.26,1625449482.0,64.0
-31.29,1625449482.0,64.0
-33.15,1625449482.0,64.0
-33.82,1625449482.0,64.0
-33.23,1625449482.0,64.0
-31.18,1625449482.0,64.0
-27.53,1625449482.0,64.0
-22.29,1625449482.0,64.0
-15.8,1625449482.0,64.0
-8.63,1625449482.0,64.0
-1.44,1625449482.0,64.0
5.25,1625449482.0,64.0
11.22,1625449482.0,64.0
16.43,1625449482.0,64.0
20.86,1625449482.0,64.0
24.32,1625449482.0,64.0
26.48,1625449482.0,64.0
27.05,1625449482.0,64.0
26.05,1625449482.0,64.0
23.94,1625449482.0,64.0
21.58,1625449482.0,64.0
19.85,1625449482.0,64.0
19.37,1625449482.0,64.0
20.22,1625449482.0,64.0
21.92,1625449482.0,64.0
23.69,1625449482.0,64.0
24.76,1625449482.0,64.0
24.71,1625449482.0,64.0
23.51,1625449482.0,64.0
21.46,1625449482.0,64.0
18.93,1625449482.0,64.0
16.2,1625449482.0,64.0
13.37,1625449482.0,64.0
10.45,1625449482.0,64.0
7.54,1625449482.0,64.0
4.85,1625449482.0,64.0
2.65,1625449482.0,64.0
1.07,1625449482.0,64.0
0.04,1625449482.0,64.0
-0.75,1625449482.0,64.0
-1.61,1625449482.0,64.0
-2.7,1625449482.0,64.0
-3.89,1625449482.0,64.0
-4.99,1625449482.0,64.0
-5.95,1625449482.0,64.0
-7.08,1625449482.0,64.0
-8.99,1625449482.0,64.0
-12.28,1625449482.0,64.0
-17.08,1625449482.0,64.0
-22.84,1625449482.0,64.0
-28.43,1625449482.0,64.0
-32.51,1625449482.0,64.0
-34.0,1625449482.0,64.0
-32.45,1625449482.0,64.0
-28.14,1625449482.0,64.0
-21.84,1625449482.0,64.0
-14.59,1625449482.0,64.0
-7.27,1625449482.0,64.0
-0.49,1625449482.0,64.0
5.5,1625449482.0,64.0
10.64,1625449482.0,64.0
14.9,1625449482.0,64.0
18.1,1625449482.0,64.0
20.0,1625449482.0,64.0
20.46,1625449482.0,64.0
19.63,1625449482.0,64.0
18.06,1625449482.0,64.0
16.58,1625449482.0,64.0
15.9,1625449482.0,64.0
16.36,1625449482.0,64.0
17.77,1625449482.0,64.0
19.57,1625449482.0,64.0
21.18,1625449482.0,64.0
22.19,1625449482.0,64.0
22.4,1625449482.0,64.0
21.68,1625449482.0,64.0
19.74,1625449482.0,64.0
16.28,1625449482.0,64.0
11.1,1625449482.0,64.0
4.41,1625449482.0,64.0
-3.09,1625449482.0,64.0
-10.4,1625449482.0,64.0
-16.57,1625449482.0,64.0
-21.0,1625449482.0,64.0
-23.65,1625449482.0,64.0
-24.89,1625449482.0,64.0
-25.36,1625449482.0,64.0
-25.7,1625449482.0,64.0
-26.43,1625449482.0,64.0
-27.91,1625449482.0,64.0
-30.33,1625449482.0,64.0
-33.65,1625449482.0,64.0
-37.54,1625449482.0,64.0
-41.28,1625449482.0,64.0
-43.9,1625449482.0,64.0
-44.41,1625449482.0,64.0
-42.18,1625449482.0,64.0
-37.12,1625449482.0,64.0
-29.81,1625449482.0,64.0
-21.17,1625449482.0,64.0
-12.11,1625449482.0,64.0
-3.21,1625449482.0,64.0
5.37,1625449482.0,64.0
13.72,1625449482.0,64.0
21.84,1625449482.0,64.0
29.4,1625449482.0,64.0
35.82,1625449482.0,64.0
40.42,1625449482.0,64.0
42.8,1625449482.0,64.0
42.96,1625449482.0,64.0
41.29,1625449482.0,64.0
38.38,1625449482.0,64.0
34.81,1625449482.0,64.0
31.02,1625449482.0,64.0
27.33,1625449482.0,64.0
23.96,1625449482.0,64.0
21.06,1625449482.0,64.0
18.74,1625449482.0,64.0
16.96,1625449482.0,64.0
15.58,1625449482.0,64.0
14.3,1625449482.0,64.0
12.8,1625449482.0,64.0
10.82,1625449482.0,64.0
8.25,1625449482.0,64.0
5.16,1625449482.0,64.0
1.76,1625449482.0,64.0
-1.67,1625449482.0,64.0
-4.85,1625449482.0,64.0
-7.55,1625449482.0,64.0
-9.67,1625449482.0,64.0
-11.22,1625449482.0,64.0
-12.39,1625449482.0,64.0
-13.51,1625449482.0,64.0
-14.98,1625449482.0,64.0
-17.15,1625449482.0,64.0
-20.15,1625449482.0,64.0
-23.79,1625449482.0,64.0
-27.52,1625449482.0,64.0
-30.57,1625449482.0,64.0
-32.1,1625449482.0,64.0
-31.53,1625449482.0,64.0
-28.74,1625449482.0,64.0
-24.09,1625449482.0,64.0
-18.32,1625449482.0,64.0
-12.29,1625449482.0,64.0
-6.71,1625449482.0,64.0
-1.97,1625449482.0,64.0
1.86,1625449482.0,64.0
4.96,1625449482.0,64.0
7.59,1625449482.0,64.0
9.93,1625449482.0,64.0
12.03,1625449482.0,64.0
13.84,1625449482.0,64.0
15.22,1625449482.0,64.0
16.1,1625449482.0,64.0
16.53,1625449482.0,64.0
16.7,1625449482.0,64.0
16.89,1625449482.0,64.0
17.28,1625449482.0,64.0
17.89,1625449482.0,64.0
18.47,1625449482.0,64.0
18.69,1625449482.0,64.0
18.3,1625449482.0,64.0
17.34,1625449482.0,64.0
16.11,1625449482.0,64.0
14.98,1625449482.0,64.0
14.18,1625449482.0,64.0
13.58,1625449482.0,64.0
12.73,1625449482.0,64.0
11.12,1625449482.0,64.0
8.42,1625449482.0,64.0
4.71,1625449482.0,64.0
0.45,1625449482.0,64.0
-3.72,1625449482.0,64.0
-7.25,1625449482.0,64.0
-10.0,1625449482.0,64.0
-12.2,1625449482.0,64.0
-14.36,1625449482.0,64.0
-16.95,1625449482.0,64.0
-20.26,1625449482.0,64.0
-24.32,1625449482.0,64.0
-28.91,1625449482.0,64.0
-33.67,1625449482.0,64.0
-38.16,1625449482.0,64.0
-41.85,1625449482.0,64.0
-44.11,1625449482.0,64.0
-44.35,1625449482.0,64.0
-42.21,1625449482.0,64.0
-37.83,1625449482.0,64.0
-31.97,1625449482.0,64.0
-25.75,1625449482.0,64.0
-20.32,1625449482.0,64.0
-16.28,1625449482.0,64.0
-13.56,1625449482.0,64.0
-11.53,1625449482.0,64.0
-9.42,1625449482.0,64.0
-6.71,1625449482.0,64.0
-3.37,1625449482.0,64.0
0.31,1625449482.0,64.0
3.93,1625449482.0,64.0
7.21,1625449482.0,64.0
10.09,1625449482.0,64.0
12.63,1625449482.0,64.0
14.93,1625449482.0,64.0
17.1,1625449482.0,64.0
19.19,1625449482.0,64.0
21.35,1625449482.0,64.0
23.73,1625449482.0,64.0
26.41,1625449482.0,64.0
29.25,1625449482.0,64.0
31.84,1625449482.0,64.0
33.59,1625449482.0,64.0
33.83,1625449482.0,64.0
32.06,1625449482.0,64.0
28.1,1625449482.0,64.0
22.19,1625449482.0,64.0
14.94,1625449482.0,64.0
7.22,1625449482.0,64.0
-0.05,1625449482.0,64.0
-6.03,1625449482.0,64.0
-10.14,1625449482.0,64.0
-12.17,1625449482.0,64.0
-12.28,1625449482.0,64.0
-11.07,1625449482.0,64.0
-9.41,1625449482.0,64.0
-8.3,1625449482.0,64.0
-8.46,1625449482.0,64.0
-10.19,1625449482.0,64.0
-13.17,1625449482.0,64.0
-16.65,1625449482.0,64.0
-19.74,1625449482.0,64.0
-21.81,1625449482.0,64.0
-22.57,1625449482.0,64.0
-22.14,1625449482.0,64.0
-20.76,1625449482.0,64.0
-18.53,1625449482.0,64.0
-15.35,1625449482.0,64.0
-10.97,1625449482.0,64.0
-5.19,1625449482.0,64.0
1.95,1625449482.0,64.0
10.0,1625449482.0,64.0
18.23,1625449482.0,64.0
25.62,1625449482.0,64.0
31.16,1625449482.0,64.0
34.06,1625449482.0,64.0
34.06,1625449482.0,64.0
31.53,1625449482.0,64.0
27.42,1625449482.0,64.0
22.96,1625449482.0,64.0
19.25,1625449482.0,64.0
16.95,1625449482.0,64.0
16.16,1625449482.0,64.0
16.6,1625449482.0,64.0
17.84,1625449482.0,64.0
19.53,1625449482.0,64.0
21.46,1625449482.0,64.0
23.38,1625449482.0,64.0
24.99,1625449482.0,64.0
25.91,1625449482.0,64.0
25.83,1625449482.0,64.0
24.66,1625449482.0,64.0
22.61,1625449482.0,64.0
20.04,1625449482.0,64.0
17.26,1625449482.0,64.0
14.31,1625449482.0,64.0
10.99,1625449482.0,64.0
6.95,1625449482.0,64.0
2.04,1625449482.0,64.0
-3.58,1625449482.0,64.0
-9.38,1625449482.0,64.0
-14.7,1625449482.0,64.0
-19.01,1625449482.0,64.0
-22.17,1625449482.0,64.0
-24.47,1625449482.0,64.0
-26.46,1625449482.0,64.0
-28.66,1625449482.0,64.0
-31.3,1625449482.0,64.0
-34.17,1625449482.0,64.0
-36.75,1625449482.0,64.0
-38.41,1625449482.0,64.0
-38.67,1625449482.0,64.0
-37.4,1625449482.0,64.0
-34.7,1625449482.0,64.0
-30.91,1625449482.0,64.0
-26.35,1625449482.0,64.0
-21.27,1625449482.0,64.0
-15.84,1625449482.0,64.0
-10.15,1625449482.0,64.0
-4.31,1625449482.0,64.0
1.46,1625449482.0,64.0
6.86,1625449482.0,64.0
11.54,1625449482.0,64.0
15.25,1625449482.0,64.0
17.92,1625449482.0,64.0
19.74,1625449482.0,64.0
21.11,1625449482.0,64.0
22.47,1625449482.0,64.0
24.2,1625449482.0,64.0
26.36,1625449482.0,64.0
28.78,1625449482.0,64.0
31.04,1625449482.0,64.0
32.71,1625449482.0,64.0
33.4,1625449482.0,64.0
32.96,1625449482.0,64.0
31.38,1625449482.0,64.0
28.82,1625449482.0,64.0
25.55,1625449482.0,64.0
21.88,1625449482.0,64.0
18.11,1625449482.0,64.0
14.46,1625449482.0,64.0
11.05,1625449482.0,64.0
7.82,1625449482.0,64.0
4.68,1625449482.0,64.0
1.5,1625449482.0,64.0
-1.68,1625449482.0,64.0
-4.73,1625449482.0,64.0
-7.41,1625449482.0,64.0
-9.54,1625449482.0,64.0
-11.14,1625449482.0,64.0
-12.42,1625449482.0,64.0
-13.77,1625449482.0,64.0
-15.51,1625449482.0,64.0
-17.85,1625449482.0,64.0
-20.81,1625449482.0,64.0
-24.22,1625449482.0,64.0
-27.9,1625449482.0,64.0
-31.65,1625449482.0,64.0
-35.27,1625449482.0,64.0
-38.43,1625449482.0,64.0
-40.63,1625449482.0,64.0
-41.3,1625449482.0,64.0
-39.93,1625449482.0,64.0
-36.34,1625449482.0,64.0
-30.74,1625449482.0,64.0
-23.72,1625449482.0,64.0
-16.01,1625449482.0,64.0
-8.27,1625449482.0,64.0
-0.9,1625449482.0,64.0
5.94,1625449482.0,64.0
12.23,1625449482.0,64.0
17.89,1625449482.0,64.0
22.76,1625449482.0,64.0
26.62,1625449482.0,64.0
29.33,1625449482.0,64.0
30.9,1625449482.0,64.0
31.56,1625449482.0,64.0
31.63,1625449482.0,64.0
31.44,1625449482.0,64.0
31.21,1625449482.0,64.0
30.99,1625449482.0,64.0
30.67,1625449482.0,64.0
30.07,1625449482.0,64.0
28.96,1625449482.0,64.0
27.22,1625449482.0,64.0
24.82,1625449482.0,64.0
21.93,1625449482.0,64.0
18.85,1625449482.0,64.0
15.94,1625449482.0,64.0
13.51,1625449482.0,64.0
11.63,1625449482.0,64.0
10.12,1625449482.0,64.0
8.64,1625449482.0,64.0
6.81,1625449482.0,64.0
4.43,1625449482.0,64.0
1.51,1625449482.0,64.0
-1.78,1625449482.0,64.0
-5.19,1625449482.0,64.0
-8.53,1625449482.0,64.0
-11.74,1625449482.0,64.0
-14.8,1625449482.0,64.0
-17.74,1625449482.0,64.0
-20.49,1625449482.0,64.0
-22.94,1625449482.0,64.0
-24.99,1625449482.0,64.0
-26.63,1625449482.0,64.0
-28.04,1625449482.0,64.0
-29.53,1625449482.0,64.0
-31.4,1625449482.0,64.0
-33.77,1625449482.0,64.0
-36.36,1625449482.0,64.0
-38.63,1625449482.0,64.0
-39.89,1625449482.0,64.0
-39.61,1625449482.0,64.0
-37.64,1625449482.0,64.0
-34.25,1625449482.0,64.0
-29.94,1625449482.0,64.0
-25.16,1625449482.0,64.0
-20.15,1625449482.0,64.0
-14.91,1625449482.0,64.0
-9.33,1625449482.0,64.0
-3.48,1625449482.0,64.0
2.35,1625449482.0,64.0
7.71,1625449482.0,64.0
12.15,1625449482.0,64.0
15.52,1625449482.0,64.0
17.97,1625449482.0,64.0
19.92,1625449482.0,64.0
21.85,1625449482.0,64.0
24.01,1625449482.0,64.0
26.32,1625449482.0,64.0
28.34,1625449482.0,64.0
29.48,1625449482.0,64.0
29.27,1625449482.0,64.0
27.56,1625449482.0,64.0
24.58,1625449482.0,64.0
20.86,1625449482.0,64.0
16.98,1625449482.0,64.0
13.37,1625449482.0,64.0
10.13,1625449482.0,64.0
7.14,1625449482.0,64.0
4.14,1625449482.0,64.0
0.95,1625449482.0,64.0
-2.43,1625449482.0,64.0
-5.83,1625449482.0,64.0
-9.05,1625449482.0,64.0
-11.91,1625449482.0,64.0
-14.32,1625449482.0,64.0
-16.25,1625449482.0,64.0
-17.69,1625449482.0,64.0
-18.65,1625449482.0,64.0
-19.18,1625449482.0,64.0
-19.42,1625449482.0,64.0
-19.63,1625449482.0,64.0
-20.15,1625449482.0,64.0
-21.28,1625449482.0,64.0
-23.21,1625449482.0,64.0
-25.94,1625449482.0,64.0
-29.24,1625449482.0,64.0
-32.67,1625449482.0,64.0
-35.63,1625449482.0,64.0
-37.49,1625449482.0,64.0
-37.67,1625449482.0,64.0
-35.89,1625449482.0,64.0
-32.19,1625449482.0,64.0
-26.94,1625449482.0,64.0
-20.73,1625449482.0,64.0
-14.08,1625449482.0,64.0
-7.37,1625449482.0,64.0
-0.75,1625449482.0,64.0
5.71,1625449482.0,64.0
11.92,1625449482.0,64.0
17.6,1625449482.0,64.0
22.35,1625449482.0,64.0
25.78,1625449482.0,64.0
27.75,1625449482.0,64.0
28.44,1625449482.0,64.0
28.37,1625449482.0,64.0
28.14,1625449482.0,64.0
28.21,1625449482.0,64.0
28.71,1625449482.0,64.0
29.4,1625449482.0,64.0
29.81,1625449482.0,64.0
29.45,1625449482.0,64.0
28.11,1625449482.0,64.0
25.87,1625449482.0,64.0
23.1,1625449482.0,64.0
20.27,1625449482.0,64.0
17.72,1625449482.0,64.0
15.59,1625449482.0,64.0
13.75,1625449482.0,64.0
11.95,1625449482.0,64.0
9.97,1625449482.0,64.0
7.71,1625449482.0,64.0
5.23,1625449482.0,64.0
2.71,1625449482.0,64.0
0.3,1625449482.0,64.0
-1.9,1625449482.0,64.0
-3.95,1625449482.0,64.0
-6.03,1625449482.0,64.0
-8.37,1625449482.0,64.0
-11.19,1625449482.0,64.0
-14.56,1625449482.0,64.0
-18.34,1625449482.0,64.0
-22.32,1625449482.0,64.0
-26.21,1625449482.0,64.0
-29.79,1625449482.0,64.0
-32.94,1625449482.0,64.0
-35.47,1625449482.0,64.0
-37.1,1625449482.0,64.0
-37.36,1625449482.0,64.0
-35.77,1625449482.0,64.0
-32.04,1625449482.0,64.0
-26.37,1625449482.0,64.0
-19.39,1625449482.0,64.0
-12.06,1625449482.0,64.0
-5.22,1625449482.0,64.0
0.63,1625449482.0,64.0
5.47,1625449482.0,64.0
9.56,1625449482.0,64.0
13.11,1625449482.0,64.0
16.14,1625449482.0,64.0
18.39,1625449482.0,64.0
19.62,1625449482.0,64.0
19.8,1625449482.0,64.0
19.28,1625449482.0,64.0
18.73,1625449482.0,64.0
18.89,1625449482.0,64.0
20.25,1625449482.0,64.0
22.92,1625449482.0,64.0
26.55,1625449482.0,64.0
30.58,1625449482.0,64.0
34.35,1625449482.0,64.0
37.24,1625449482.0,64.0
38.75,1625449482.0,64.0
38.46,1625449482.0,64.0
36.07,1625449482.0,64.0
31.45,1625449482.0,64.0
24.77,1625449482.0,64.0
16.54,1625449482.0,64.0
7.54,1625449482.0,64.0
-1.33,1625449482.0,64.0
-9.3,1625449482.0,64.0
-15.85,1625449482.0,64.0
-20.73,1625449482.0,64.0
-23.89,1625449482.0,64.0
-25.44,1625449482.0,64.0
-25.54,1625449482.0,64.0
-24.48,1625449482.0,64.0
-22.68,1625449482.0,64.0
-20.65,1625449482.0,64.0
-18.92,1625449482.0,64.0
-17.9,1625449482.0,64.0
-17.77,1625449482.0,64.0
-18.55,1625449482.0,64.0
-20.13,1625449482.0,64.0
-22.4,1625449482.0,64.0
-25.19,1625449482.0,64.0
-28.2,1625449482.0,64.0
-30.9,1625449482.0,64.0
-32.65,1625449482.0,64.0
-32.8,1625449482.0,64.0
-31.03,1625449482.0,64.0
-27.43,1625449482.0,64.0
-22.53,1625449482.0,64.0
-17.0,1625449482.0,64.0
-11.37,1625449482.0,64.0
-5.83,1625449482.0,64.0
-0.24,1625449482.0,64.0
5.59,1625449482.0,64.0
11.74,1625449482.0,64.0
17.91,1625449482.0,64.0
23.63,1625449482.0,64.0
28.38,1625449482.0,64.0
31.86,1625449482.0,64.0
34.08,1625449482.0,64.0
35.29,1625449482.0,64.0
35.87,1625449482.0,64.0
36.09,1625449482.0,64.0
36.06,1625449482.0,64.0
35.75,1625449482.0,64.0
35.01,1625449482.0,64.0
33.72,1625449482.0,64.0
31.81,1625449482.0,64.0
29.33,1625449482.0,64.0
26.43,1625449482.0,64.0
23.29,1625449482.0,64.0
20.12,1625449482.0,64.0
17.07,1625449482.0,64.0
14.25,1625449482.0,64.0
11.68,1625449482.0,64.0
9.35,1625449482.0,64.0
7.26,1625449482.0,64.0
5.38,1625449482.0,64.0
3.7,1625449482.0,64.0
2.15,1625449482.0,64.0
0.62,1625449482.0,64.0
-1.01,1625449482.0,64.0
-2.87,1625449482.0,64.0
-5.04,1625449482.0,64.0
-7.56,1625449482.0,64.0
-10.47,1625449482.0,64.0
-13.78,1625449482.0,64.0
-17.49,1625449482.0,64.0
-21.55,1625449482.0,64.0
-25.89,1625449482.0,64.0
-30.41,1625449482.0,64.0
-34.93,1625449482.0,64.0
-39.15,1625449482.0,64.0
-42.62,1625449482.0,64.0
-44.75,1625449482.0,64.0
-44.94,1625449482.0,64.0
-42.81,1625449482.0,64.0
-38.37,1625449482.0,64.0
-32.02,1625449482.0,64.0
-24.51,1625449482.0,64.0
-16.58,1625449482.0,64.0
-8.82,1625449482.0,64.0
-1.53,1625449482.0,64.0
5.26,1625449482.0,64.0
11.54,1625449482.0,64.0
17.26,1625449482.0,64.0
22.21,1625449482.0,64.0
26.1,1625449482.0,64.0
28.73,1625449482.0,64.0
30.09,1625449482.0,64.0
30.41,1625449482.0,64.0
30.12,1625449482.0,64.0
29.7,1625449482.0,64.0
29.53,1625449482.0,64.0
29.74,1625449482.0,64.0
30.2,1625449482.0,64.0
30.6,1625449482.0,64.0
30.5,1625449482.0,64.0
29.59,1625449482.0,64.0
27.76,1625449482.0,64.0
25.11,1625449482.0,64.0
21.93,1625449482.0,64.0
18.55,1625449482.0,64.0
15.3,1625449482.0,64.0
12.46,1625449482.0,64.0
10.32,1625449482.0,64.0
9.19,1625449482.0,64.0
9.27,1625449482.0,64.0
10.53,1625449482.0,64.0
12.43,1625449482.0,64.0
13.95,1625449482.0,64.0
13.82,1625449482.0,64.0
11.04,1625449482.0,64.0
5.36,1625449482.0,64.0
-2.49,1625449482.0,64.0
-11.12,1625449482.0,64.0
-19.11,1625449482.0,64.0
-25.64,1625449482.0,64.0
-30.79,1625449482.0,64.0
-35.34,1625449482.0,64.0
-40.14,1625449482.0,64.0
-45.6,1625449482.0,64.0
-51.43,1625449482.0,64.0
-56.77,1625449482.0,64.0
-60.65,1625449482.0,64.0
-62.3,1625449482.0,64.0
-61.3,1625449482.0,64.0
-57.57,1625449482.0,64.0
-51.24,1625449482.0,64.0
-42.64,1625449482.0,64.0
-32.39,1625449482.0,64.0
-21.38,1625449482.0,64.0
-10.66,1625449482.0,64.0
-1.18,1625449482.0,64.0
6.47,1625449482.0,64.0
12.18,1625449482.0,64.0
16.19,1625449482.0,64.0
18.87,1625449482.0,64.0
20.52,1625449482.0,64.0
21.33,1625449482.0,64.0
21.44,1625449482.0,64.0
21.16,1625449482.0,64.0
20.94,1625449482.0,64.0
21.31,1625449482.0,64.0
22.62,1625449482.0,64.0
24.88,1625449482.0,64.0
27.72,1625449482.0,64.0
30.56,1625449482.0,64.0
32.87,1625449482.0,64.0
34.32,1625449482.0,64.0
34.89,1625449482.0,64.0
34.77,1625449482.0,64.0
34.12,1625449482.0,64.0
33.06,1625449482.0,64.0
31.55,1625449482.0,64.0
29.49,1625449482.0,64.0
26.86,1625449482.0,64.0
23.72,1625449482.0,64.0
20.21,1625449482.0,64.0
16.51,1625449482.0,64.0
12.73,1625449482.0,64.0
8.89,1625449482.0,64.0
4.93,1625449482.0,64.0
0.8,1625449482.0,64.0
-3.48,1625449482.0,64.0
-7.71,1625449482.0,64.0
-11.63,1625449482.0,64.0
-14.94,1625449482.0,64.0
-17.46,1625449482.0,64.0
-19.27,1625449482.0,64.0
-20.68,1625449482.0,64.0
-22.14,1625449482.0,64.0
-24.08,1625449482.0,64.0
-26.78,1625449482.0,64.0
-30.31,1625449482.0,64.0
-34.52,1625449482.0,64.0
-39.07,1625449482.0,64.0
-43.47,1625449482.0,64.0
-47.13,1625449482.0,64.0
-49.44,1625449482.0,64.0
-49.87,1625449482.0,64.0
-48.17,1625449482.0,64.0
-44.41,1625449482.0,64.0
-38.99,1625449482.0,64.0
-32.45,1625449482.0,64.0
-25.27,1625449482.0,64.0
-17.71,1625449482.0,64.0
-9.83,1625449482.0,64.0
-1.61,1625449482.0,64.0
6.79,1625449482.0,64.0
14.96,1625449482.0,64.0
22.27,1625449482.0,64.0
28.08,1625449482.0,64.0
32.02,1625449482.0,64.0
34.14,1625449482.0,64.0
34.89,1625449482.0,64.0
34.91,1625449482.0,64.0
34.77,1625449482.0,64.0
34.72,1625449482.0,64.0
34.69,1625449482.0,64.0
34.36,1625449482.0,64.0
33.36,1625449482.0,64.0
31.5,1625449482.0,64.0
28.78,1625449482.0,64.0
25.41,1625449482.0,64.0
21.7,1625449482.0,64.0
17.95,1625449482.0,64.0
14.37,1625449482.0,64.0
11.01,1625449482.0,64.0
7.86,1625449482.0,64.0
4.89,1625449482.0,64.0
2.13,1625449482.0,64.0
-0.32,1625449482.0,64.0
-2.33,1625449482.0,64.0
-3.86,1625449482.0,64.0
-5.02,1625449482.0,64.0
-6.1,1625449482.0,64.0
-7.41,1625449482.0,64.0
-9.12,1625449482.0,64.0
-11.24,1625449482.0,64.0
-13.59,1625449482.0,64.0
-15.98,1625449482.0,64.0
-18.32,1625449482.0,64.0
-20.63,1625449482.0,64.0
-23.03,1625449482.0,64.0
-25.59,1625449482.0,64.0
-28.31,1625449482.0,64.0
-31.08,1625449482.0,64.0
-33.73,1625449482.0,64.0
-35.99,1625449482.0,64.0
-37.52,1625449482.0,64.0
-37.84,1625449482.0,64.0
-36.5,1625449482.0,64.0
-33.22,1625449482.0,64.0
-28.04,1625449482.0,64.0
-21.46,1625449482.0,64.0
-14.23,1625449482.0,64.0
-7.14,1625449482.0,64.0
-0.72,1625449482.0,64.0
4.79,1625449482.0,64.0
9.33,1625449482.0,64.0
12.72,1625449482.0,64.0
14.6,1625449482.0,64.0
14.49,1625449482.0,64.0
12.23,1625449482.0,64.0
8.23,1625449482.0,64.0
3.62,1625449482.0,64.0
-0.12,1625449482.0,64.0
-1.65,1625449482.0,64.0
-0.39,1625449482.0,64.0
3.37,1625449482.0,64.0
8.63,1625449482.0,64.0
14.22,1625449482.0,64.0
19.28,1625449482.0,64.0
23.41,1625449482.0,64.0
26.57,1625449482.0,64.0
28.8,1625449482.0,64.0
29.98,1625449482.0,64.0
29.83,1625449482.0,64.0
28.08,1625449482.0,64.0
24.69,1625449482.0,64.0
19.95,1625449482.0,64.0
14.38,1625449482.0,64.0
8.59,1625449482.0,64.0
3.0,1625449482.0,64.0
-2.13,1625449482.0,64.0
-6.69,1625449482.0,64.0
-10.62,1625449482.0,64.0
-13.77,1625449482.0,64.0
-16.0,1625449482.0,64.0
-17.28,1625449482.0,64.0
-17.71,1625449482.0,64.0
-17.6,1625449482.0,64.0
-17.35,1625449482.0,64.0
-17.37,1625449482.0,64.0
-17.95,1625449482.0,64.0
-19.2,1625449482.0,64.0
-21.02,1625449482.0,64.0
-23.13,1625449482.0,64.0
-25.03,1625449482.0,64.0
-26.18,1625449482.0,64.0
-26.06,1625449482.0,64.0
-24.39,1625449482.0,64.0
-21.2,1625449482.0,64.0
-16.85,1625449482.0,64.0
-11.88,1625449482.0,64.0
-6.79,1625449482.0,64.0
-1.89,1625449482.0,64.0
2.75,1625449482.0,64.0
7.2,1625449482.0,64.0
11.52,1625449482.0,64.0
15.59,1625449482.0,64.0
19.18,1625449482.0,64.0
22.03,1625449482.0,64.0
24.04,1625449482.0,64.0
25.35,1625449482.0,64.0
26.3,1625449482.0,64.0
27.32,1625449482.0,64.0
28.71,1625449482.0,64.0
30.45,1625449482.0,64.0
32.24,1625449482.0,64.0
33.58,1625449482.0,64.0
33.95,1625449482.0,64.0
33.05,1625449482.0,64.0
30.86,1625449482.0,64.0
27.67,1625449482.0,64.0
23.89,1625449482.0,64.0
19.98,1625449482.0,64.0
16.24,1625449482.0,64.0
12.81,1625449482.0,64.0
9.7,1625449482.0,64.0
6.82,1625449482.0,64.0
4.1,1625449482.0,64.0
1.54,1625449482.0,64.0
-0.8,1625449482.0,64.0
-2.84,1625449482.0,64.0
-4.56,1625449482.0,64.0
-6.03,1625449482.0,64.0
-7.43,1625449482.0,64.0
-8.98,1625449482.0,64.0
-10.89,1625449482.0,64.0
-13.24,1625449482.0,64.0
-15.99,1625449482.0,64.0
-19.04,1625449482.0,64.0
-22.3,1625449482.0,64.0
-25.78,1625449482.0,64.0
-29.57,1625449482.0,64.0
-33.66,1625449482.0,64.0
-37.83,1625449482.0,64.0
-41.52,1625449482.0,64.0
-43.9,1625449482.0,64.0
-44.16,1625449482.0,64.0
-41.84,1625449482.0,64.0
-37.0,1625449482.0,64.0
-30.28,1625449482.0,64.0
-22.59,1625449482.0,64.0
-14.74,1625449482.0,64.0
-7.16,1625449482.0,64.0
0.09,1625449482.0,64.0
7.23,1625449482.0,64.0
14.29,1625449482.0,64.0
21.01,1625449482.0,64.0
26.81,1625449482.0,64.0
31.07,1625449482.0,64.0
33.46,1625449482.0,64.0
34.17,1625449482.0,64.0
33.8,1625449482.0,64.0
33.11,1625449482.0,64.0
32.69,1625449482.0,64.0
32.73,1625449482.0,64.0
33.02,1625449482.0,64.0
33.12,1625449482.0,64.0
32.63,1625449482.0,64.0
31.33,1625449482.0,64.0
29.24,1625449482.0,64.0
26.53,1625449482.0,64.0
23.43,1625449482.0,64.0
20.14,1625449482.0,64.0
16.83,1625449482.0,64.0
13.65,1625449482.0,64.0
10.77,1625449482.0,64.0
8.31,1625449482.0,64.0
6.24,1625449482.0,64.0
4.4,1625449482.0,64.0
2.57,1625449482.0,64.0
0.54,1625449482.0,64.0
-1.74,1625449482.0,64.0
-4.18,1625449482.0,64.0
-6.65,1625449482.0,64.0
-9.09,1625449482.0,64.0
-11.67,1625449482.0,64.0
-14.66,1625449482.0,64.0
-18.3,1625449482.0,64.0
-22.62,1625449482.0,64.0
-27.34,1625449482.0,64.0
-32.04,1625449482.0,64.0
-36.3,1625449482.0,64.0
-39.92,1625449482.0,64.0
-42.88,1625449482.0,64.0
-45.16,1625449482.0,64.0
-46.54,1625449482.0,64.0
-46.55,1625449482.0,64.0
-44.6,1625449482.0,64.0
-40.32,1625449482.0,64.0
-33.8,1625449482.0,64.0
-25.67,1625449482.0,64.0
-16.89,1625449482.0,64.0
-8.37,1625449482.0,64.0
-0.74,1625449482.0,64.0
5.85,1625449482.0,64.0
11.49,1625449482.0,64.0
16.35,1625449482.0,64.0
20.42,1625449482.0,64.0
23.51,1625449482.0,64.0
25.42,1625449482.0,64.0
26.13,1625449482.0,64.0
25.94,1625449482.0,64.0
25.4,1625449482.0,64.0
25.15,1625449482.0,64.0
25.62,1625449482.0,64.0
26.91,1625449482.0,64.0
28.71,1625449482.0,64.0
30.55,1625449482.0,64.0
31.9,1625449482.0,64.0
32.46,1625449482.0,64.0
32.11,1625449482.0,64.0
30.98,1625449482.0,64.0
29.23,1625449482.0,64.0
27.04,1625449482.0,64.0
24.49,1625449482.0,64.0
21.71,1625449482.0,64.0
18.8,1625449482.0,64.0
15.9,1625449482.0,64.0
13.16,1625449482.0,64.0
10.67,1625449482.0,64.0
8.37,1625449482.0,64.0
6.09,1625449482.0,64.0
3.62,1625449482.0,64.0
0.8,1625449482.0,64.0
-2.33,1625449482.0,64.0
-5.55,1625449482.0,64.0
-8.56,1625449482.0,64.0
-11.1,1625449482.0,64.0
-13.1,1625449482.0,64.0
-14.72,1625449482.0,64.0
-16.28,1625449482.0,64.0
-18.15,1625449482.0,64.0
-20.58,1625449482.0,64.0
-23.72,1625449482.0,64.0
-27.54,1625449482.0,64.0
-31.85,1625449482.0,64.0
-36.26,1625449482.0,64.0
-40.27,1625449482.0,64.0
-43.22,1625449482.0,64.0
-44.47,1625449482.0,64.0
-43.58,1625449482.0,64.0
-40.45,1625449482.0,64.0
-35.32,1625449482.0,64.0
-28.74,1625449482.0,64.0
-21.34,1625449482.0,64.0
-13.7,1625449482.0,64.0
-6.19,1625449482.0,64.0
0.99,1625449482.0,64.0
7.74,1625449482.0,64.0
13.95,1625449482.0,64.0
19.48,1625449482.0,64.0
24.13,1625449482.0,64.0
27.71,1625449482.0,64.0
30.18,1625449482.0,64.0
31.64,1625449482.0,64.0
32.38,1625449482.0,64.0
32.75,1625449482.0,64.0
33.03,1625449482.0,64.0
33.3,1625449482.0,64.0
33.41,1625449482.0,64.0
33.07,1625449482.0,64.0
32.03,1625449482.0,64.0
30.24,1625449482.0,64.0
27.86,1625449482.0,64.0
25.21,1625449482.0,64.0
22.53,1625449482.0,64.0
19.93,1625449482.0,64.0
17.32,1625449482.0,64.0
14.54,1625449482.0,64.0
11.47,1625449482.0,64.0
8.14,1625449482.0,64.0
4.71,1625449482.0,64.0
1.4,1625449482.0,64.0
-1.57,1625449482.0,64.0
-4.06,1625449482.0,64.0
-6.1,1625449482.0,64.0
-7.79,1625449482.0,64.0
-9.35,1625449482.0,64.0
-10.98,1625449482.0,64.0
-12.8,1625449482.0,64.0
-14.86,1625449482.0,64.0
-17.13,1625449482.0,64.0
-19.59,1625449482.0,64.0
-22.29,1625449482.0,64.0
-25.34,1625449482.0,64.0
-28.85,1625449482.0,64.0
-32.85,1625449482.0,64.0
-37.19,1625449482.0,64.0
-41.6,1625449482.0,64.0
-45.67,1625449482.0,64.0
-48.96,1625449482.0,64.0
-51.04,1625449482.0,64.0
-51.53,1625449482.0,64.0
-50.21,1625449482.0,64.0
-47.1,1625449482.0,64.0
-42.48,1625449482.0,64.0
-36.83,1625449482.0,64.0
-30.59,1625449482.0,64.0
-24.0,1625449482.0,64.0
-17.04,1625449482.0,64.0
-9.6,1625449482.0,64.0
-1.82,1625449482.0,64.0
5.74,1625449482.0,64.0
12.18,1625449482.0,64.0
16.6,1625449482.0,64.0
18.57,1625449482.0,64.0
18.34,1625449482.0,64.0
16.71,1625449482.0,64.0
14.61,1625449482.0,64.0
12.72,1625449482.0,64.0
11.23,1625449482.0,64.0
9.99,1625449482.0,64.0
8.78,1625449482.0,64.0
7.56,1625449482.0,64.0
6.57,1625449482.0,64.0
6.24,1625449482.0,64.0
7.03,1625449482.0,64.0
9.25,1625449482.0,64.0
12.88,1625449482.0,64.0
17.52,1625449482.0,64.0
22.42,1625449482.0,64.0
26.62,1625449482.0,64.0
29.23,1625449482.0,64.0
29.72,1625449482.0,64.0
28.14,1625449482.0,64.0
25.01,1625449482.0,64.0
21.08,1625449482.0,64.0
16.99,1625449482.0,64.0
13.09,1625449482.0,64.0
9.44,1625449482.0,64.0
5.98,1625449482.0,64.0
2.67,1625449482.0,64.0
-0.57,1625449482.0,64.0
-3.85,1625449482.0,64.0
-7.36,1625449482.0,64.0
-11.33,1625449482.0,64.0
-15.87,1625449482.0,64.0
-20.87,1625449482.0,64.0
-25.99,1625449482.0,64.0
-30.72,1625449482.0,64.0
-34.48,1625449482.0,64.0
-36.7,1625449482.0,64.0
-36.89,1625449482.0,64.0
-34.75,1625449482.0,64.0
-30.33,1625449482.0,64.0
-24.12,1625449482.0,64.0
-17.04,1625449482.0,64.0
-10.11,1625449482.0,64.0
-4.1,1625449482.0,64.0
0.77,1625449482.0,64.0
4.86,1625449482.0,64.0
8.79,1625449482.0,64.0
13.06,1625449482.0,64.0
17.68,1625449482.0,64.0
22.15,1625449482.0,64.0
25.73,1625449482.0,64.0
27.82,1625449482.0,64.0
28.27,1625449482.0,64.0
27.5,1625449482.0,64.0
26.26,1625449482.0,64.0
25.36,1625449482.0,64.0
25.26,1625449482.0,64.0
25.96,1625449482.0,64.0
27.08,1625449482.0,64.0
28.05,1625449482.0,64.0
28.44,1625449482.0,64.0
28.09,1625449482.0,64.0
27.1,1625449482.0,64.0
25.69,1625449482.0,64.0
23.99,1625449482.0,64.0
22.02,1625449482.0,64.0
19.68,1625449482.0,64.0
16.93,1625449482.0,64.0
13.86,1625449482.0,64.0
10.65,1625449482.0,64.0
7.56,1625449482.0,64.0
4.71,1625449482.0,64.0
2.05,1625449482.0,64.0
-0.56,1625449482.0,64.0
-3.27,1625449482.0,64.0
-6.1,1625449482.0,64.0
-8.96,1625449482.0,64.0
-11.68,1625449482.0,64.0
-14.13,1625449482.0,64.0
-16.34,1625449482.0,64.0
-18.47,1625449482.0,64.0
-20.7,1625449482.0,64.0
-23.23,1625449482.0,64.0
-26.15,1625449482.0,64.0
-29.5,1625449482.0,64.0
-33.21,1625449482.0,64.0
-37.08,1625449482.0,64.0
-40.69,1625449482.0,64.0
-43.35,1625449482.0,64.0
-44.29,1625449482.0,64.0
-42.87,1625449482.0,64.0
-38.89,1625449482.0,64.0
-32.71,1625449482.0,64.0
-25.13,1625449482.0,64.0
-17.06,1625449482.0,64.0
-9.16,1625449482.0,64.0
-1.69,1625449482.0,64.0
5.42,1625449482.0,64.0
12.28,1625449482.0,64.0
18.8,1625449482.0,64.0
24.6,1625449482.0,64.0
29.19,1625449482.0,64.0
32.21,1625449482.0,64.0
33.68,1625449482.0,64.0
33.96,1625449482.0,64.0
33.68,1625449482.0,64.0
33.38,1625449482.0,64.0
33.38,1625449482.0,64.0
33.65,1625449482.0,64.0
33.97,1625449482.0,64.0
34.02,1625449482.0,64.0
33.61,1625449482.0,64.0
32.66,1625449482.0,64.0
31.23,1625449482.0,64.0
29.37,1625449482.0,64.0
27.17,1625449482.0,64.0
24.72,1625449482.0,64.0
22.16,1625449482.0,64.0
19.69,1625449482.0,64.0
17.48,1625449482.0,64.0
15.56,1625449482.0,64.0
13.74,1625449482.0,64.0
11.68,1625449482.0,64.0
8.94,1625449482.0,64.0
5.24,1625449482.0,64.0
0.6,1625449482.0,64.0
-4.69,1625449482.0,64.0
-10.1,1625449482.0,64.0
-15.08,1625449482.0,64.0
-19.23,1625449482.0,64.0
-22.41,1625449482.0,64.0
-24.78,1625449482.0,64.0
-26.75,1625449482.0,64.0
-28.83,1625449482.0,64.0
-31.47,1625449482.0,64.0
-34.88,1625449482.0,64.0
-38.93,1625449482.0,64.0
-43.15,1625449482.0,64.0
-46.84,1625449482.0,64.0
-49.23,1625449482.0,64.0
-49.79,1625449482.0,64.0
-48.35,1625449482.0,64.0
-45.11,1625449482.0,64.0
-40.55,1625449482.0,64.0
-35.18,1625449482.0,64.0
-29.38,1625449482.0,64.0
-23.35,1625449482.0,64.0
-17.11,1625449482.0,64.0
-10.6,1625449482.0,64.0
-3.82,1625449482.0,64.0
3.13,1625449482.0,64.0
9.96,1625449482.0,64.0
16.32,1625449482.0,64.0
21.84,1625449482.0,64.0
26.25,1625449482.0,64.0
29.48,1625449482.0,64.0
31.71,1625449482.0,64.0
33.3,1625449482.0,64.0
34.64,1625449482.0,64.0
36.0,1625449482.0,64.0
37.35,1625449482.0,64.0
38.45,1625449482.0,64.0
38.95,1625449482.0,64.0
38.61,1625449482.0,64.0
37.4,1625449482.0,64.0
35.47,1625449482.0,64.0
32.99,1625449482.0,64.0
30.1,1625449482.0,64.0
26.83,1625449482.0,64.0
23.15,1625449482.0,64.0
19.17,1625449482.0,64.0
15.05,1625449482.0,64.0
11.1,1625449482.0,64.0
7.54,1625449482.0,64.0
4.46,1625449482.0,64.0
1.81,1625449482.0,64.0
-0.62,1625449482.0,64.0
-2.99,1625449482.0,64.0
-5.39,1625449482.0,64.0
-7.76,1625449482.0,64.0
-9.98,1625449482.0,64.0
-11.93,1625449482.0,64.0
-13.6,1625449482.0,64.0
-15.14,1625449482.0,64.0
-16.82,1625449482.0,64.0
-18.93,1625449482.0,64.0
-21.69,1625449482.0,64.0
-25.19,1625449482.0,64.0
-29.37,1625449482.0,64.0
-34.03,1625449482.0,64.0
-38.92,1625449482.0,64.0
-43.61,1625449482.0,64.0
-47.57,1625449482.0,64.0
-50.17,1625449482.0,64.0
-50.81,1625449482.0,64.0
-49.07,1625449482.0,64.0
-44.9,1625449482.0,64.0
-38.67,1625449482.0,64.0
-31.01,1625449482.0,64.0
-22.59,1625449482.0,64.0
-13.93,1625449482.0,64.0
-5.29,1625449482.0,64.0
3.26,1625449482.0,64.0
11.6,1625449482.0,64.0
19.43,1625449482.0,64.0
26.23,1625449482.0,64.0
31.45,1625449482.0,64.0
34.7,1625449482.0,64.0
36.0,1625449482.0,64.0
35.77,1625449482.0,64.0
34.72,1625449482.0,64.0
33.6,1625449482.0,64.0
32.91,1625449482.0,64.0
32.76,1625449482.0,64.0
32.95,1625449482.0,64.0
33.08,1625449482.0,64.0
32.81,1625449482.0,64.0
31.98,1625449482.0,64.0
30.64,1625449482.0,64.0
28.94,1625449482.0,64.0
27.0,1625449482.0,64.0
24.79,1625449482.0,64.0
22.2,1625449482.0,64.0
19.1,1625449482.0,64.0
15.5,1625449482.0,64.0
11.57,1625449482.0,64.0
7.58,1625449482.0,64.0
3.8,1625449482.0,64.0
0.4,1625449482.0,64.0
-2.69,1625449482.0,64.0
-5.63,1625449482.0,64.0
-8.63,1625449482.0,64.0
-11.76,1625449482.0,64.0
-14.95,1625449482.0,64.0
-17.99,1625449482.0,64.0
-20.73,1625449482.0,64.0
-23.19,1625449482.0,64.0
-25.56,1625449482.0,64.0
-28.12,1625449482.0,64.0
-31.08,1625449482.0,64.0
-34.48,1625449482.0,64.0
-38.17,1625449482.0,64.0
-41.92,1625449482.0,64.0
-45.46,1625449482.0,64.0
-48.54,1625449482.0,64.0
-50.78,1625449482.0,64.0
-51.73,1625449482.0,64.0
-50.91,1625449482.0,64.0
-48.04,1625449482.0,64.0
-43.21,1625449482.0,64.0
-36.85,1625449482.0,64.0
-29.54,1625449482.0,64.0
-21.67,1625449482.0,64.0
-13.32,1625449482.0,64.0
-4.43,1625449482.0,64.0
4.9,1625449482.0,64.0
14.09,1625449482.0,64.0
22.16,1625449482.0,64.0
27.98,1625449482.0,64.0
30.87,1625449482.0,64.0
30.86,1625449482.0,64.0
28.71,1625449482.0,64.0
25.49,1625449482.0,64.0
22.15,1625449482.0,64.0
19.23,1625449482.0,64.0
16.85,1625449482.0,64.0
14.94,1625449482.0,64.0
13.49,1625449482.0,64.0
12.57,1625449482.0,64.0
12.26,1625449482.0,64.0
12.54,1625449482.0,64.0
13.17,1625449482.0,64.0
13.86,1625449482.0,64.0
14.3,1625449482.0,64.0
14.27,1625449482.0,64.0
13.67,1625449482.0,64.0
12.41,1625449482.0,64.0
10.43,1625449482.0,64.0
7.71,1625449482.0,64.0
4.33,1625449482.0,64.0
0.5,1625449482.0,64.0
-3.5,1625449482.0,64.0
-7.41,1625449482.0,64.0
-11.05,1625449482.0,64.0
-14.38,1625449482.0,64.0
-17.39,1625449482.0,64.0
-20.09,1625449482.0,64.0
-22.48,1625449482.0,64.0
-24.51,1625449482.0,64.0
-26.17,1625449482.0,64.0
-27.46,1625449482.0,64.0
-28.45,1625449482.0,64.0
-29.19,1625449482.0,64.0
-29.69,1625449482.0,64.0
-29.84,1625449482.0,64.0
-29.39,1625449482.0,64.0
-27.98,1625449482.0,64.0
-25.27,1625449482.0,64.0
-21.12,1625449482.0,64.0
-15.68,1625449482.0,64.0
-9.39,1625449482.0,64.0
-2.86,1625449482.0,64.0
3.39,1625449482.0,64.0
9.06,1625449482.0,64.0
14.13,1625449482.0,64.0
18.66,1625449482.0,64.0
22.66,1625449482.0,64.0
25.98,1625449482.0,64.0
28.36,1625449482.0,64.0
29.66,1625449482.0,64.0
29.97,1625449482.0,64.0
29.71,1625449482.0,64.0
29.45,1625449482.0,64.0
29.68,1625449482.0,64.0
30.56,1625449482.0,64.0
31.89,1625449482.0,64.0
33.13,1625449482.0,64.0
33.7,1625449482.0,64.0
33.16,1625449482.0,64.0
31.41,1625449482.0,64.0
28.65,1625449482.0,64.0
25.26,1625449482.0,64.0
21.66,1625449482.0,64.0
18.1,1625449482.0,64.0
14.7,1625449482.0,64.0
11.4,1625449482.0,64.0
8.13,1625449482.0,64.0
4.87,1625449482.0,64.0
1.74,1625449482.0,64.0
-1.09,1625449482.0,64.0
-3.42,1625449482.0,64.0
-5.15,1625449482.0,64.0
-6.33,1625449482.0,64.0
-7.13,1625449482.0,64.0
-7.88,1625449482.0,64.0
-8.96,1625449482.0,64.0
-10.72,1625449482.0,64.0
-13.38,1625449482.0,64.0
-17.0,1625449482.0,64.0
-21.46,1625449482.0,64.0
-26.53,1625449482.0,64.0
-31.89,1625449482.0,64.0
-37.15,1625449482.0,64.0
-41.87,1625449482.0,64.0
-45.47,1625449482.0,64.0
-47.33,1625449482.0,64.0
-46.93,1625449482.0,64.0
-44.05,1625449482.0,64.0
-38.89,1625449482.0,64.0
-32.06,1625449482.0,64.0
-24.37,1625449482.0,64.0
-16.49,1625449482.0,64.0
-8.77,1625449482.0,64.0
-1.25,1625449482.0,64.0
6.23,1625449482.0,64.0
13.64,1625449482.0,64.0
20.72,1625449482.0,64.0
26.93,1625449482.0,64.0
31.73,1625449482.0,64.0
34.83,1625449482.0,64.0
36.32,1625449482.0,64.0
36.66,1625449482.0,64.0
36.44,1625449482.0,64.0
36.12,1625449482.0,64.0
35.94,1625449482.0,64.0
35.82,1625449482.0,64.0
35.55,1625449482.0,64.0
34.92,1625449482.0,64.0
33.76,1625449482.0,64.0
32.06,1625449482.0,64.0
29.86,1625449482.0,64.0
27.24,1625449482.0,64.0
24.31,1625449482.0,64.0
21.18,1625449482.0,64.0
17.95,1625449482.0,64.0
14.7,1625449482.0,64.0
11.46,1625449482.0,64.0
8.28,1625449482.0,64.0
5.26,1625449482.0,64.0
2.53,1625449482.0,64.0
0.18,1625449482.0,64.0
-1.86,1625449482.0,64.0
-3.92,1625449482.0,64.0
-6.5,1625449482.0,64.0
-10.13,1625449482.0,64.0
-15.01,1625449482.0,64.0
-20.87,1625449482.0,64.0
-27.02,1625449482.0,64.0
-32.7,1625449482.0,64.0
-37.45,1625449482.0,64.0
-41.35,1625449482.0,64.0
-44.85,1625449482.0,64.0
-48.4,1625449482.0,64.0
-51.92,1625449482.0,64.0
-54.71,1625449482.0,64.0
-55.63,1625449482.0,64.0
-53.64,1625449482.0,64.0
-48.33,1625449482.0,64.0
-40.16,1625449482.0,64.0
-30.21,1625449482.0,64.0
-19.73,1625449482.0,64.0
-9.64,1625449482.0,64.0
-0.36,1625449482.0,64.0
8.05,1625449482.0,64.0
15.6,1625449482.0,64.0
22.14,1625449482.0,64.0
27.33,1625449482.0,64.0
30.84,1625449482.0,64.0
32.58,1625449482.0,64.0
32.83,1625449482.0,64.0
32.2,1625449482.0,64.0
31.37,1625449482.0,64.0
30.96,1625449482.0,64.0
31.28,1625449482.0,64.0
32.32,1625449482.0,64.0
33.78,1625449482.0,64.0
35.18,1625449482.0,64.0
36.0,1625449482.0,64.0
35.88,1625449482.0,64.0
34.67,1625449482.0,64.0
32.53,1625449482.0,64.0
29.78,1625449482.0,64.0
26.76,1625449482.0,64.0
23.66,1625449482.0,64.0
20.46,1625449482.0,64.0
17.04,1625449482.0,64.0
13.24,1625449482.0,64.0
9.1,1625449482.0,64.0
4.82,1625449482.0,64.0
0.72,1625449482.0,64.0
-2.97,1625449482.0,64.0
-6.18,1625449482.0,64.0
-9.03,1625449482.0,64.0
-11.74,1625449482.0,64.0
-14.46,1625449482.0,64.0
-17.24,1625449482.0,64.0
-19.98,1625449482.0,64.0
-22.64,1625449482.0,64.0
-25.26,1625449482.0,64.0
-27.99,1625449482.0,64.0
-31.08,1625449482.0,64.0
-34.66,1625449482.0,64.0
-38.63,1625449482.0,64.0
-42.64,1625449482.0,64.0
-46.1,1625449482.0,64.0
-48.38,1625449482.0,64.0
-48.94,1625449482.0,64.0
-47.45,1625449482.0,64.0
-43.85,1625449482.0,64.0
-38.32,1625449482.0,64.0
-31.19,1625449482.0,64.0
-22.9,1625449482.0,64.0
-13.89,1625449482.0,64.0
-4.59,1625449482.0,64.0
4.63,1625449482.0,64.0
13.39,1625449482.0,64.0
21.36,1625449482.0,64.0
28.19,1625449482.0,64.0
33.58,1625449482.0,64.0
37.4,1625449482.0,64.0
39.73,1625449482.0,64.0
40.89,1625449482.0,64.0
41.38,1625449482.0,64.0
41.69,1625449482.0,64.0
42.11,1625449482.0,64.0
42.62,1625449482.0,64.0
42.92,1625449482.0,64.0
42.54,1625449482.0,64.0
41.18,1625449482.0,64.0
38.78,1625449482.0,64.0
35.55,1625449482.0,64.0
31.92,1625449482.0,64.0
28.26,1625449482.0,64.0
24.78,1625449482.0,64.0
21.49,1625449482.0,64.0
18.24,1625449482.0,64.0
14.9,1625449482.0,64.0
11.42,1625449482.0,64.0
7.92,1625449482.0,64.0
4.57,1625449482.0,64.0
1.53,1625449482.0,64.0
-1.19,1625449482.0,64.0
-3.69,1625449482.0,64.0
-6.17,1625449482.0,64.0
-8.86,1625449482.0,64.0
-11.91,1625449482.0,64.0
-15.37,1625449482.0,64.0
-19.22,1625449482.0,64.0
-23.39,1625449482.0,64.0
-27.71,1625449482.0,64.0
-32.02,1625449482.0,64.0
-36.2,1625449482.0,64.0
-40.24,1625449482.0,64.0
-44.12,1625449482.0,64.0
-47.7,1625449482.0,64.0
-50.6,1625449482.0,64.0
-52.15,1625449482.0,64.0
-51.6,1625449482.0,64.0
-48.48,1625449482.0,64.0
-42.8,1625449482.0,64.0
-35.16,1625449482.0,64.0
-26.45,1625449482.0,64.0
-17.53,1625449482.0,64.0
-8.89,1625449482.0,64.0
-0.68,1625449482.0,64.0
7.11,1625449482.0,64.0
14.24,1625449482.0,64.0
20.25,1625449482.0,64.0
24.57,1625449482.0,64.0
26.87,1625449482.0,64.0
27.38,1625449482.0,64.0
26.76,1625449482.0,64.0
25.87,1625449482.0,64.0
25.39,1625449482.0,64.0
25.61,1625449482.0,64.0
26.38,1625449482.0,64.0
27.36,1625449482.0,64.0
28.07,1625449482.0,64.0
28.08,1625449482.0,64.0
26.99,1625449482.0,64.0
24.47,1625449482.0,64.0
20.43,1625449482.0,64.0
15.15,1625449482.0,64.0
9.31,1625449482.0,64.0
3.84,1625449482.0,64.0
-0.35,1625449482.0,64.0
-2.69,1625449482.0,64.0
-3.09,1625449482.0,64.0
-1.86,1625449482.0,64.0
0.49,1625449482.0,64.0
3.39,1625449482.0,64.0
6.32,1625449482.0,64.0
8.82,1625449482.0,64.0
10.42,1625449482.0,64.0
10.7,1625449482.0,64.0
9.51,1625449482.0,64.0
6.92,1625449482.0,64.0
3.27,1625449482.0,64.0
-1.07,1625449482.0,64.0
-5.93,1625449482.0,64.0
-11.38,1625449482.0,64.0
-17.65,1625449482.0,64.0
-24.86,1625449482.0,64.0
-32.85,1625449482.0,64.0
-41.12,1625449482.0,64.0
-48.94,1625449482.0,64.0
-55.54,1625449482.0,64.0
-60.22,1625449482.0,64.0
-62.41,1625449482.0,64.0
-61.74,1625449482.0,64.0
-58.04,1625449482.0,64.0
-51.43,1625449482.0,64.0
-42.39,1625449482.0,64.0
-31.69,1625449482.0,64.0
-20.31,1625449482.0,64.0
-9.13,1625449482.0,64.0
1.21,1625449482.0,64.0
10.38,1625449482.0,64.0
18.2,1625449482.0,64.0
24.5,1625449482.0,64.0
29.09,1625449482.0,64.0
31.8,1625449482.0,64.0
32.69,1625449482.0,64.0
32.1,1625449482.0,64.0
30.7,1625449482.0,64.0
29.2,1625449482.0,64.0
28.14,1625449482.0,64.0
27.64,1625449482.0,64.0
27.43,1625449482.0,64.0
27.05,1625449482.0,64.0
26.13,1625449482.0,64.0
24.64,1625449482.0,64.0
22.9,1625449482.0,64.0
21.37,1625449482.0,64.0
20.41,1625449482.0,64.0
20.06,1625449482.0,64.0
20.04,1625449482.0,64.0
19.94,1625449482.0,64.0
19.37,1625449482.0,64.0
18.15,1625449482.0,64.0
16.33,1625449482.0,64.0
14.04,1625449482.0,64.0
11.46,1625449482.0,64.0
8.64,1625449482.0,64.0
5.6,1625449482.0,64.0
2.41,1625449482.0,64.0
-0.79,1625449482.0,64.0
-3.85,1625449482.0,64.0
-6.66,1625449482.0,64.0
-9.27,1625449482.0,64.0
-11.87,1625449482.0,64.0
-14.65,1625449482.0,64.0
-17.76,1625449482.0,64.0
-21.2,1625449482.0,64.0
-24.85,1625449482.0,64.0
-28.5,1625449482.0,64.0
-31.88,1625449482.0,64.0
-34.64,1625449482.0,64.0
-36.31,1625449482.0,64.0
-36.42,1625449482.0,64.0
-34.65,1625449482.0,64.0
-30.96,1625449482.0,64.0
-25.73,1625449482.0,64.0
-19.59,1625449482.0,64.0
-13.22,1625449482.0,64.0
-7.07,1625449482.0,64.0
-1.22,1625449482.0,64.0
4.51,1625449482.0,64.0
10.3,1625449482.0,64.0
16.02,1625449482.0,64.0
21.26,1625449482.0,64.0
25.4,1625449482.0,64.0
28.03,1625449482.0,64.0
29.09,1625449482.0,64.0
29.06,1625449482.0,64.0
28.72,1625449482.0,64.0
28.81,1625449482.0,64.0
29.71,1625449482.0,64.0
31.26,1625449482.0,64.0
32.85,1625449482.0,64.0
33.72,1625449482.0,64.0
33.32,1625449482.0,64.0
31.56,1625449482.0,64.0
28.85,1625449482.0,64.0
25.79,1625449482.0,64.0
22.96,1625449482.0,64.0
20.65,1625449482.0,64.0
18.79,1625449482.0,64.0
17.14,1625449482.0,64.0
15.44,1625449482.0,64.0
13.58,1625449482.0,64.0
11.57,1625449482.0,64.0
9.45,1625449482.0,64.0
7.2,1625449482.0,64.0
4.78,1625449482.0,64.0
2.19,1625449482.0,64.0
-0.42,1625449482.0,64.0
-2.73,1625449482.0,64.0
-4.52,1625449482.0,64.0
-5.86,1625449482.0,64.0
-7.26,1625449482.0,64.0
-9.56,1625449482.0,64.0
-13.62,1625449482.0,64.0
-19.86,1625449482.0,64.0
-28.08,1625449482.0,64.0
-37.45,1625449482.0,64.0
-46.87,1625449482.0,64.0
-55.29,1625449482.0,64.0
-61.88,1625449482.0,64.0
-66.13,1625449482.0,64.0
-67.69,1625449482.0,64.0
-66.35,1625449482.0,64.0
-62.0,1625449482.0,64.0
-54.87,1625449482.0,64.0
-45.53,1625449482.0,64.0
-34.86,1625449482.0,64.0
-23.79,1625449482.0,64.0
-13.06,1625449482.0,64.0
-3.0,1625449482.0,64.0
6.36,1625449482.0,64.0
15.11,1625449482.0,64.0
23.16,1625449482.0,64.0
30.14,1625449482.0,64.0
35.47,1625449482.0,64.0
38.61,1625449482.0,64.0
39.34,1625449482.0,64.0
38.01,1625449482.0,64.0
35.37,1625449482.0,64.0
32.43,1625449482.0,64.0
30.04,1625449482.0,64.0
28.67,1625449482.0,64.0
28.32,1625449482.0,64.0
28.64,1625449482.0,64.0
29.14,1625449482.0,64.0
29.45,1625449482.0,64.0
29.42,1625449482.0,64.0
29.03,1625449482.0,64.0
28.29,1625449482.0,64.0
27.13,1625449482.0,64.0
25.43,1625449482.0,64.0
23.06,1625449482.0,64.0
20.03,1625449482.0,64.0
16.53,1625449482.0,64.0
12.83,1625449482.0,64.0
9.2,1625449482.0,64.0
5.77,1625449482.0,64.0
2.48,1625449482.0,64.0
-0.78,1625449482.0,64.0
-4.16,1625449482.0,64.0
-7.68,1625449482.0,64.0
-11.28,1625449482.0,64.0
-14.77,1625449482.0,64.0
-17.93,1625449482.0,64.0
-20.59,1625449482.0,64.0
-22.65,1625449482.0,64.0
-24.2,1625449482.0,64.0
-25.46,1625449482.0,64.0
-26.86,1625449482.0,64.0
-28.84,1625449482.0,64.0
-31.7,1625449482.0,64.0
-35.49,1625449482.0,64.0
-39.89,1625449482.0,64.0
-44.33,1625449482.0,64.0
-48.06,1625449482.0,64.0
-50.36,1625449482.0,64.0
-50.7,1625449482.0,64.0
-48.8,1625449482.0,64.0
-44.74,1625449482.0,64.0
-38.86,1625449482.0,64.0
-31.64,1625449482.0,64.0
-23.6,1625449482.0,64.0
-15.09,1625449482.0,64.0
-6.32,1625449482.0,64.0
2.54,1625449482.0,64.0
11.28,1625449482.0,64.0
19.51,1625449482.0,64.0
26.67,1625449482.0,64.0
32.24,1625449482.0,64.0
35.92,1625449482.0,64.0
37.82,1625449482.0,64.0
38.4,1625449482.0,64.0
38.31,1625449482.0,64.0
38.06,1625449482.0,64.0
37.94,1625449482.0,64.0
37.87,1625449482.0,64.0
37.54,1625449482.0,64.0
36.61,1625449482.0,64.0
34.91,1625449482.0,64.0
32.51,1625449482.0,64.0
29.7,1625449482.0,64.0
26.87,1625449482.0,64.0
24.3,1625449482.0,64.0
22.06,1625449482.0,64.0
19.97,1625449482.0,64.0
17.76,1625449482.0,64.0
15.23,1625449482.0,64.0
12.4,1625449482.0,64.0
9.55,1625449482.0,64.0
7.03,1625449482.0,64.0
5.13,1625449482.0,64.0
3.81,1625449482.0,64.0
2.77,1625449482.0,64.0
1.5,1625449482.0,64.0
-0.39,1625449482.0,64.0
-3.05,1625449482.0,64.0
-6.29,1625449482.0,64.0
-9.71,1625449482.0,64.0
-12.95,1625449482.0,64.0
-15.83,1625449482.0,64.0
-18.46,1625449482.0,64.0
-21.15,1625449482.0,64.0
-24.24,1625449482.0,64.0
-27.94,1625449482.0,64.0
-32.24,1625449482.0,64.0
-36.98,1625449482.0,64.0
-41.87,1625449482.0,64.0
-46.55,1625449482.0,64.0
-50.59,1625449482.0,64.0
-53.48,1625449482.0,64.0
-54.67,1625449482.0,64.0
-53.66,1625449482.0,64.0
-50.19,1625449482.0,64.0
-44.44,1625449482.0,64.0
-36.97,1625449482.0,64.0
-28.59,1625449482.0,64.0
-20.05,1625449482.0,64.0
-11.78,1625449482.0,64.0
-3.83,1625449482.0,64.0
4.0,1625449482.0,64.0
11.84,1625449482.0,64.0
19.57,1625449482.0,64.0
26.68,1625449482.0,64.0
32.44,1625449482.0,64.0
36.25,1625449482.0,64.0
37.85,1625449482.0,64.0
37.5,1625449482.0,64.0
35.75,1625449482.0,64.0
33.25,1625449482.0,64.0
30.37,1625449482.0,64.0
27.16,1625449482.0,64.0
23.49,1625449482.0,64.0
19.38,1625449482.0,64.0
15.23,1625449482.0,64.0
11.83,1625449482.0,64.0
10.07,1625449482.0,64.0
10.52,1625449482.0,64.0
13.13,1625449482.0,64.0
17.17,1625449482.0,64.0
21.49,1625449482.0,64.0
24.94,1625449482.0,64.0
26.7,1625449482.0,64.0
26.45,1625449482.0,64.0
24.3,1625449482.0,64.0
20.59,1625449482.0,64.0
15.7,1625449482.0,64.0
9.93,1625449482.0,64.0
3.55,1625449482.0,64.0
-3.23,1625449482.0,64.0
-10.11,1625449482.0,64.0
-16.79,1625449482.0,64.0
-22.9,1625449482.0,64.0
-28.17,1625449482.0,64.0
-32.41,1625449482.0,64.0
-35.65,1625449482.0,64.0
-38.08,1625449482.0,64.0
-39.96,1625449482.0,64.0
-41.5,1625449482.0,64.0
-42.78,1625449482.0,64.0
-43.72,1625449482.0,64.0
-44.23,1625449482.0,64.0
-44.22,1625449482.0,64.0
-43.78,1625449482.0,64.0
-43.07,1625449482.0,64.0
-42.2,1625449482.0,64.0
-41.17,1625449482.0,64.0
-39.8,1625449482.0,64.0
-37.82,1625449482.0,64.0
-35.02,1625449482.0,64.0
-31.32,1625449482.0,64.0
-26.83,1625449482.0,64.0
-21.72,1625449482.0,64.0
-16.19,1625449482.0,64.0
-10.4,1625449482.0,64.0
-4.55,1625449482.0,64.0
1.08,1625449482.0,64.0
6.14,1625449482.0,64.0
10.31,1625449482.0,64.0
13.47,1625449482.0,64.0
15.8,1625449482.0,64.0
17.7,1625449482.0,64.0
19.71,1625449482.0,64.0
22.22,1625449482.0,64.0
25.34,1625449482.0,64.0
28.81,1625449482.0,64.0
32.13,1625449482.0,64.0
34.72,1625449482.0,64.0
36.11,1625449482.0,64.0
36.05,1625449482.0,64.0
34.57,1625449482.0,64.0
31.9,1625449482.0,64.0
28.43,1625449482.0,64.0
24.55,1625449482.0,64.0
20.6,1625449482.0,64.0
16.8,1625449482.0,64.0
13.28,1625449482.0,64.0
10.16,1625449482.0,64.0
7.56,1625449482.0,64.0
5.6,1625449482.0,64.0
4.31,1625449482.0,64.0
3.59,1625449482.0,64.0
3.17,1625449482.0,64.0
2.74,1625449482.0,64.0
2.04,1625449482.0,64.0
0.96,1625449482.0,64.0
-0.51,1625449482.0,64.0
-2.32,1625449482.0,64.0
-4.51,1625449482.0,64.0
-7.19,1625449482.0,64.0
-10.51,1625449482.0,64.0
-14.5,1625449482.0,64.0
-19.07,1625449482.0,64.0
-23.94,1625449482.0,64.0
-28.78,1625449482.0,64.0
-33.18,1625449482.0,64.0
-36.7,1625449482.0,64.0
-38.85,1625449482.0,64.0
-39.18,1625449482.0,64.0
-37.39,1625449482.0,64.0
-33.48,1625449482.0,64.0
-27.8,1625449482.0,64.0
-20.95,1625449482.0,64.0
-13.5,1625449482.0,64.0
-5.82,1625449482.0,64.0
1.99,1625449482.0,64.0
9.89,1625449482.0,64.0
17.71,1625449482.0,64.0
24.93,1625449482.0,64.0
30.82,1625449482.0,64.0
34.72,1625449482.0,64.0
36.39,1625449482.0,64.0
36.16,1625449482.0,64.0
34.9,1625449482.0,64.0
33.56,1625449482.0,64.0
32.88,1625449482.0,64.0
33.08,1625449482.0,64.0
33.92,1625449482.0,64.0
34.87,1625449482.0,64.0
35.38,1625449482.0,64.0
35.11,1625449482.0,64.0
33.99,1625449482.0,64.0
32.14,1625449482.0,64.0
29.73,1625449482.0,64.0
26.95,1625449482.0,64.0
23.89,1625449482.0,64.0
20.59,1625449482.0,64.0
17.08,1625449482.0,64.0
13.41,1625449482.0,64.0
9.69,1625449482.0,64.0
6.12,1625449482.0,64.0
2.9,1625449482.0,64.0
0.3,1625449482.0,64.0
-1.52,1625449482.0,64.0
-2.44,1625449482.0,64.0
-2.51,1625449482.0,64.0
-2.06,1625449482.0,64.0
-1.67,1625449482.0,64.0
-2.16,1625449482.0,64.0
-4.36,1625449482.0,64.0
-8.82,1625449482.0,64.0
-15.62,1625449482.0,64.0
-24.32,1625449482.0,64.0
-34.08,1625449482.0,64.0
-43.94,1625449482.0,64.0
-52.98,1625449482.0,64.0
-60.42,1625449482.0,64.0
-65.56,1625449482.0,64.0
-67.74,1625449482.0,64.0
-66.39,1625449482.0,64.0
-61.21,1625449482.0,64.0
-52.38,1625449482.0,64.0
-40.57,1625449482.0,64.0
-26.88,1625449482.0,64.0
-12.52,1625449482.0,64.0
1.4,1625449482.0,64.0
13.96,1625449482.0,64.0
24.49,1625449482.0,64.0
32.44,1625449482.0,64.0
37.45,1625449482.0,64.0
39.44,1625449482.0,64.0
38.71,1625449482.0,64.0
35.97,1625449482.0,64.0
32.18,1625449482.0,64.0
28.36,1625449482.0,64.0
25.28,1625449482.0,64.0
23.36,1625449482.0,64.0
22.65,1625449482.0,64.0
22.93,1625449482.0,64.0
23.81,1625449482.0,64.0
24.86,1625449482.0,64.0
25.71,1625449482.0,64.0
26.11,1625449482.0,64.0
25.97,1625449482.0,64.0
25.33,1625449482.0,64.0
24.32,1625449482.0,64.0
23.08,1625449482.0,64.0
21.68,1625449482.0,64.0
20.05,1625449482.0,64.0
18.09,1625449482.0,64.0
15.65,1625449482.0,64.0
12.65,1625449482.0,64.0
9.1,1625449482.0,64.0
5.06,1625449482.0,64.0
0.69,1625449482.0,64.0
-3.82,1625449482.0,64.0
-8.21,1625449482.0,64.0
-12.22,1625449482.0,64.0
-15.66,1625449482.0,64.0
-18.44,1625449482.0,64.0
-20.66,1625449482.0,64.0
-22.55,1625449482.0,64.0
-24.39,1625449482.0,64.0
-26.5,1625449482.0,64.0
-29.06,1625449482.0,64.0
-32.17,1625449482.0,64.0
-35.75,1625449482.0,64.0
-39.49,1625449482.0,64.0
-42.92,1625449482.0,64.0
-45.4,1625449482.0,64.0
-46.32,1625449482.0,64.0
-45.2,1625449482.0,64.0
-41.93,1625449482.0,64.0
-36.73,1625449482.0,64.0
-30.15,1625449482.0,64.0
-22.78,1625449482.0,64.0
-15.13,1625449482.0,64.0
-7.43,1625449482.0,64.0
0.27,1625449482.0,64.0
7.94,1625449482.0,64.0
15.45,1625449482.0,64.0
22.41,1625449482.0,64.0
28.32,1625449482.0,64.0
32.71,1625449482.0,64.0
35.44,1625449482.0,64.0
36.72,1625449482.0,64.0
37.08,1625449482.0,64.0
37.12,1625449482.0,64.0
37.28,1625449482.0,64.0
37.65,1625449482.0,64.0
38.0,1625449482.0,64.0
37.91,1625449482.0,64.0
37.01,1625449482.0,64.0
35.17,1625449482.0,64.0
32.51,1625449482.0,64.0
29.34,1625449482.0,64.0
25.98,1625449482.0,64.0
22.68,1625449482.0,64.0
19.51,1625449482.0,64.0
16.49,1625449482.0,64.0
13.62,1625449482.0,64.0
10.92,1625449482.0,64.0
8.43,1625449482.0,64.0
6.16,1625449482.0,64.0
4.01,1625449482.0,64.0
1.83,1625449482.0,64.0
-0.54,1625449482.0,64.0
-3.19,1625449482.0,64.0
-6.07,1625449482.0,64.0
-9.04,1625449482.0,64.0
-11.98,1625449482.0,64.0
-14.82,1625449482.0,64.0
-17.63,1625449482.0,64.0
-20.54,1625449482.0,64.0
-23.65,1625449482.0,64.0
-27.04,1625449482.0,64.0
-30.72,1625449482.0,64.0
-34.66,1625449482.0,64.0
-38.73,1625449482.0,64.0
-42.71,1625449482.0,64.0
-46.2,1625449482.0,64.0
-48.68,1625449482.0,64.0
-49.54,1625449482.0,64.0
-48.32,1625449482.0,64.0
-44.87,1625449482.0,64.0
-39.39,1625449482.0,64.0
-32.36,1625449482.0,64.0
-24.36,1625449482.0,64.0
-15.82,1625449482.0,64.0
-6.99,1625449482.0,64.0
2.01,1625449482.0,64.0
10.94,1625449482.0,64.0
19.33,1625449482.0,64.0
26.51,1625449482.0,64.0
31.83,1625449482.0,64.0
34.95,1625449482.0,64.0
36.0,1625449482.0,64.0
35.58,1625449482.0,64.0
34.46,1625449482.0,64.0
33.33,1625449482.0,64.0
32.6,1625449482.0,64.0
32.35,1625449482.0,64.0
32.43,1625449482.0,64.0
32.6,1625449482.0,64.0
32.63,1625449482.0,64.0
32.36,1625449482.0,64.0
31.71,1625449482.0,64.0
30.69,1625449482.0,64.0
29.41,1625449482.0,64.0
27.97,1625449482.0,64.0
26.38,1625449482.0,64.0
24.51,1625449482.0,64.0
22.1,1625449482.0,64.0
18.88,1625449482.0,64.0
14.71,1625449482.0,64.0
9.68,1625449482.0,64.0
4.03,1625449482.0,64.0
-1.94,1625449482.0,64.0
-8.03,1625449482.0,64.0
-14.06,1625449482.0,64.0
-19.86,1625449482.0,64.0
-25.18,1625449482.0,64.0
-29.73,1625449482.0,64.0
-33.26,1625449482.0,64.0
-35.66,1625449482.0,64.0
-37.0,1625449482.0,64.0
-37.49,1625449482.0,64.0
-37.33,1625449482.0,64.0
-36.76,1625449482.0,64.0
-36.04,1625449482.0,64.0
-35.53,1625449482.0,64.0
-35.56,1625449482.0,64.0
-36.38,1625449482.0,64.0
-37.87,1625449482.0,64.0
-39.47,1625449482.0,64.0
-40.39,1625449482.0,64.0
-39.86,1625449482.0,64.0
-37.48,1625449482.0,64.0
-33.4,1625449482.0,64.0
-28.18,1625449482.0,64.0
-22.44,1625449482.0,64.0
-16.57,1625449482.0,64.0
-10.63,1625449482.0,64.0
-4.49,1625449482.0,64.0
1.86,1625449482.0,64.0
8.1,1625449482.0,64.0
13.67,1625449482.0,64.0
17.99,1625449482.0,64.0
20.83,1625449482.0,64.0
22.41,1625449482.0,64.0
23.37,1625449482.0,64.0
24.43,1625449482.0,64.0
26.01,1625449482.0,64.0
28.07,1625449482.0,64.0
30.15,1625449482.0,64.0
31.63,1625449482.0,64.0
32.0,1625449482.0,64.0
31.06,1625449482.0,64.0
28.9,1625449482.0,64.0
25.79,1625449482.0,64.0
22.03,1625449482.0,64.0
17.88,1625449482.0,64.0
13.54,1625449482.0,64.0
9.26,1625449482.0,64.0
5.34,1625449482.0,64.0
2.07,1625449482.0,64.0
-0.33,1625449482.0,64.0
-1.87,1625449482.0,64.0
-2.77,1625449482.0,64.0
-3.39,1625449482.0,64.0
-4.08,1625449482.0,64.0
-5.07,1625449482.0,64.0
-6.45,1625449482.0,64.0
-8.21,1625449482.0,64.0
-10.29,1625449482.0,64.0
-12.66,1625449482.0,64.0
-15.24,1625449482.0,64.0
-17.96,1625449482.0,64.0
-20.66,1625449482.0,64.0
-23.24,1625449482.0,64.0
-25.61,1625449482.0,64.0
-27.81,1625449482.0,64.0
-29.87,1625449482.0,64.0
-31.74,1625449482.0,64.0
-33.17,1625449482.0,64.0
-33.78,1625449482.0,64.0
-33.09,1625449482.0,64.0
-30.79,1625449482.0,64.0
-26.79,1625449482.0,64.0
-21.29,1625449482.0,64.0
-14.61,1625449482.0,64.0
-7.15,1625449482.0,64.0
0.75,1625449482.0,64.0
8.72,1625449482.0,64.0
16.31,1625449482.0,64.0
22.95,1625449482.0,64.0
28.05,1625449482.0,64.0
31.19,1625449482.0,64.0
32.35,1625449482.0,64.0
31.97,1625449482.0,64.0
30.82,1625449482.0,64.0
29.72,1625449482.0,64.0
29.18,1625449482.0,64.0
29.24,1625449482.0,64.0
29.57,1625449482.0,64.0
29.65,1625449482.0,64.0
29.11,1625449482.0,64.0
27.85,1625449482.0,64.0
26.0,1625449482.0,64.0
23.78,1625449482.0,64.0
21.38,1625449482.0,64.0
18.87,1625449482.0,64.0
16.3,1625449482.0,64.0
13.82,1625449482.0,64.0
11.68,1625449482.0,64.0
10.14,1625449482.0,64.0
9.36,1625449482.0,64.0
9.29,1625449482.0,64.0
9.56,1625449482.0,64.0
9.62,1625449482.0,64.0
8.78,1625449482.0,64.0
6.37,1625449482.0,64.0
1.93,1625449482.0,64.0
-4.66,1625449482.0,64.0
-13.06,1625449482.0,64.0
-22.49,1625449482.0,64.0
-31.89,1625449482.0,64.0
-40.22,1625449482.0,64.0
-46.84,1625449482.0,64.0
-51.51,1625449482.0,64.0
-54.33,1625449482.0,64.0
-55.34,1625449482.0,64.0
-54.31,1625449482.0,64.0
-50.82,1625449482.0,64.0
-44.52,1625449482.0,64.0
-35.6,1625449482.0,64.0
-24.94,1625449482.0,64.0
-13.9,1625449482.0,64.0
-3.84,1625449482.0,64.0
4.37,1625449482.0,64.0
10.64,1625449482.0,64.0
15.38,1625449482.0,64.0
19.1,1625449482.0,64.0
22.03,1625449482.0,64.0
24.05,1625449482.0,64.0
24.82,1625449482.0,64.0
24.25,1625449482.0,64.0
22.68,1625449482.0,64.0
20.83,1625449482.0,64.0
19.55,1625449482.0,64.0
19.41,1625449482.0,64.0
20.55,1625449482.0,64.0
22.61,1625449482.0,64.0
24.96,1625449482.0,64.0
27.0,1625449482.0,64.0
28.38,1625449482.0,64.0
29.01,1625449482.0,64.0
29.0,1625449482.0,64.0
28.5,1625449482.0,64.0
27.51,1625449482.0,64.0
25.89,1625449482.0,64.0
23.48,1625449482.0,64.0
20.15,1625449482.0,64.0
15.93,1625449482.0,64.0
11.04,1625449482.0,64.0
5.74,1625449482.0,64.0
0.37,1625449482.0,64.0
-4.79,1625449482.0,64.0
-9.5,1625449482.0,64.0
-13.61,1625449482.0,64.0
-17.05,1625449482.0,64.0
-19.88,1625449482.0,64.0
-22.25,1625449482.0,64.0
-24.34,1625449482.0,64.0
-26.3,1625449482.0,64.0
-28.27,1625449482.0,64.0
-30.3,1625449482.0,64.0
-32.44,1625449482.0,64.0
-34.69,1625449482.0,64.0
-36.97,1625449482.0,64.0
-38.96,1625449482.0,64.0
-40.18,1625449482.0,64.0
-40.04,1625449482.0,64.0
-38.07,1625449482.0,64.0
-34.08,1625449482.0,64.0
-28.27,1625449482.0,64.0
-21.12,1625449482.0,64.0
-13.24,1625449482.0,64.0
-5.08,1625449482.0,64.0
3.05,1625449482.0,64.0
10.98,1625449482.0,64.0
18.53,1625449482.0,64.0
25.4,1625449482.0,64.0
31.19,1625449482.0,64.0
35.46,1625449482.0,64.0
37.99,1625449482.0,64.0
38.85,1625449482.0,64.0
38.44,1625449482.0,64.0
37.36,1625449482.0,64.0
36.21,1625449482.0,64.0
35.38,1625449482.0,64.0
34.87,1625449482.0,64.0
34.41,1625449482.0,64.0
33.52,1625449482.0,64.0
31.8,1625449482.0,64.0
29.13,1625449482.0,64.0
25.71,1625449482.0,64.0
21.99,1625449482.0,64.0
18.44,1625449482.0,64.0
15.33,1625449482.0,64.0
12.66,1625449482.0,64.0
10.21,1625449482.0,64.0
7.67,1625449482.0,64.0
4.88,1625449482.0,64.0
1.89,1625449482.0,64.0
-1.13,1625449482.0,64.0
-3.99,1625449482.0,64.0
-6.6,1625449482.0,64.0
-9.01,1625449482.0,64.0
-11.4,1625449482.0,64.0
-13.89,1625449482.0,64.0
-16.56,1625449482.0,64.0
-19.4,1625449482.0,64.0
-22.36,1625449482.0,64.0
-25.42,1625449482.0,64.0
-28.66,1625449482.0,64.0
-32.16,1625449482.0,64.0
-35.92,1625449482.0,64.0
-39.71,1625449482.0,64.0
-43.06,1625449482.0,64.0
-45.28,1625449482.0,64.0
-45.68,1625449482.0,64.0
-43.78,1625449482.0,64.0
-39.54,1625449482.0,64.0
-33.33,1625449482.0,64.0
-25.82,1625449482.0,64.0
-17.67,1625449482.0,64.0
-9.39,1625449482.0,64.0
-1.16,1625449482.0,64.0
6.95,1625449482.0,64.0
14.87,1625449482.0,64.0
22.31,1625449482.0,64.0
28.79,1625449482.0,64.0
33.8,1625449482.0,64.0
36.97,1625449482.0,64.0
38.36,1625449482.0,64.0
38.32,1625449482.0,64.0
37.47,1625449482.0,64.0
36.37,1625449482.0,64.0
35.37,1625449482.0,64.0
34.47,1625449482.0,64.0
33.43,1625449482.0,64.0
31.94,1625449482.0,64.0
29.85,1625449482.0,64.0
27.3,1625449482.0,64.0
24.66,1625449482.0,64.0
22.39,1625449482.0,64.0
20.75,1625449482.0,64.0
19.75,1625449482.0,64.0
19.08,1625449482.0,64.0
18.33,1625449482.0,64.0
17.11,1625449482.0,64.0
15.23,1625449482.0,64.0
12.69,1625449482.0,64.0
9.56,1625449482.0,64.0
5.97,1625449482.0,64.0
2.0,1625449482.0,64.0
-2.28,1625449482.0,64.0
-6.72,1625449482.0,64.0
-11.17,1625449482.0,64.0
-15.44,1625449482.0,64.0
-19.42,1625449482.0,64.0
-23.05,1625449482.0,64.0
-26.37,1625449482.0,64.0
-29.43,1625449482.0,64.0
-32.33,1625449482.0,64.0
-35.19,1625449482.0,64.0
-38.13,1625449482.0,64.0
-41.21,1625449482.0,64.0
-44.34,1625449482.0,64.0
-47.23,1625449482.0,64.0
-49.36,1625449482.0,64.0
-50.1,1625449482.0,64.0
-48.91,1625449482.0,64.0
-45.49,1625449482.0,64.0
-39.99,1625449482.0,64.0
-32.88,1625449482.0,64.0
-24.86,1625449482.0,64.0
-16.56,1625449482.0,64.0
-8.37,1625449482.0,64.0
-0.41,1625449482.0,64.0
7.35,1625449482.0,64.0
14.85,1625449482.0,64.0
21.79,1625449482.0,64.0
27.65,1625449482.0,64.0
31.89,1625449482.0,64.0
34.22,1625449482.0,64.0
34.81,1625449482.0,64.0
34.28,1625449482.0,64.0
33.44,1625449482.0,64.0
33.0,1625449482.0,64.0
33.27,1625449482.0,64.0
34.1,1625449482.0,64.0
35.03,1625449482.0,64.0
35.51,1625449482.0,64.0
35.16,1625449482.0,64.0
33.89,1625449482.0,64.0
31.8,1625449482.0,64.0
29.16,1625449482.0,64.0
26.19,1625449482.0,64.0
23.06,1625449482.0,64.0
19.85,1625449482.0,64.0
16.65,1625449482.0,64.0
13.58,1625449482.0,64.0
10.8,1625449482.0,64.0
8.45,1625449482.0,64.0
6.48,1625449482.0,64.0
4.74,1625449482.0,64.0
2.93,1625449482.0,64.0
0.77,1625449482.0,64.0
-1.89,1625449482.0,64.0
-5.01,1625449482.0,64.0
-8.4,1625449482.0,64.0
-11.81,1625449482.0,64.0
-15.04,1625449482.0,64.0
-18.01,1625449482.0,64.0
-20.79,1625449482.0,64.0
-23.54,1625449482.0,64.0
-26.46,1625449482.0,64.0
-29.67,1625449482.0,64.0
-33.2,1625449482.0,64.0
-36.98,1625449482.0,64.0
-40.9,1625449482.0,64.0
-44.75,1625449482.0,64.0
-48.29,1625449482.0,64.0
-51.16,1625449482.0,64.0
-52.89,1625449482.0,64.0
-52.98,1625449482.0,64.0
-51.06,1625449482.0,64.0
-47.03,1625449482.0,64.0
-41.15,1625449482.0,64.0
-33.93,1625449482.0,64.0
-25.94,1625449482.0,64.0
-17.63,1625449482.0,64.0
-9.23,1625449482.0,64.0
-0.88,1625449482.0,64.0
7.22,1625449482.0,64.0
14.66,1625449482.0,64.0
20.91,1625449482.0,64.0
25.42,1625449482.0,64.0
27.96,1625449482.0,64.0
28.69,1625449482.0,64.0
28.14,1625449482.0,64.0
27.08,1625449482.0,64.0
26.21,1625449482.0,64.0
25.93,1625449482.0,64.0
26.23,1625449482.0,64.0
26.72,1625449482.0,64.0
26.8,1625449482.0,64.0
25.92,1625449482.0,64.0
23.81,1625449482.0,64.0
20.53,1625449482.0,64.0
16.44,1625449482.0,64.0
12.0,1625449482.0,64.0
7.71,1625449482.0,64.0
3.97,1625449482.0,64.0
1.21,1625449482.0,64.0
-0.18,1625449482.0,64.0
0.14,1625449482.0,64.0
2.25,1625449482.0,64.0
5.78,1625449482.0,64.0
9.83,1625449482.0,64.0
13.16,1625449482.0,64.0
14.46,1625449482.0,64.0
12.82,1625449482.0,64.0
7.99,1625449482.0,64.0
0.45,1625449482.0,64.0
-8.76,1625449482.0,64.0
-18.34,1625449482.0,64.0
-27.14,1625449482.0,64.0
-34.35,1625449482.0,64.0
-39.66,1625449482.0,64.0
-43.11,1625449482.0,64.0
-44.94,1625449482.0,64.0
-45.43,1625449482.0,64.0
-44.75,1625449482.0,64.0
-43.1,1625449482.0,64.0
-40.72,1625449482.0,64.0
-37.93,1625449482.0,64.0
-35.11,1625449482.0,64.0
-32.52,1625449482.0,64.0
-30.2,1625449482.0,64.0
-27.96,1625449482.0,64.0
-25.51,1625449482.0,64.0
-22.68,1625449482.0,64.0
-19.48,1625449482.0,64.0
-16.05,1625449482.0,64.0
-12.48,1625449482.0,64.0
-8.72,1625449482.0,64.0
-4.54,1625449482.0,64.0
0.23,1625449482.0,64.0
5.54,1625449482.0,64.0
10.99,1625449482.0,64.0
15.99,1625449482.0,64.0
20.03,1625449482.0,64.0
22.94,1625449482.0,64.0
25.03,1625449482.0,64.0
26.91,1625449482.0,64.0
29.2,1625449482.0,64.0
32.21,1625449482.0,64.0
35.72,1625449482.0,64.0
39.11,1625449482.0,64.0
41.59,1625449482.0,64.0
42.48,1625449482.0,64.0
41.52,1625449482.0,64.0
38.87,1625449482.0,64.0
35.02,1625449482.0,64.0
30.54,1625449482.0,64.0
25.9,1625449482.0,64.0
21.34,1625449482.0,64.0
16.9,1625449482.0,64.0
12.63,1625449482.0,64.0
8.64,1625449482.0,64.0
5.14,1625449482.0,64.0
2.35,1625449482.0,64.0
0.37,1625449482.0,64.0
-0.94,1625449482.0,64.0
-1.85,1625449482.0,64.0
-2.63,1625449482.0,64.0
-3.41,1625449482.0,64.0
-4.12,1625449482.0,64.0
-4.62,1625449482.0,64.0
-4.87,1625449482.0,64.0
-5.05,1625449482.0,64.0
-5.59,1625449482.0,64.0
-6.96,1625449482.0,64.0
-9.55,1625449482.0,64.0
-13.44,1625449482.0,64.0
-18.47,1625449482.0,64.0
-24.16,1625449482.0,64.0
-29.87,1625449482.0,64.0
-34.86,1625449482.0,64.0
-38.38,1625449482.0,64.0
-39.83,1625449482.0,64.0
-38.86,1625449482.0,64.0
-35.51,1625449482.0,64.0
-30.18,1625449482.0,64.0
-23.5,1625449482.0,64.0
-16.14,1625449482.0,64.0
-8.62,1625449482.0,64.0
-1.16,1625449482.0,64.0
6.23,1625449482.0,64.0
13.57,1625449482.0,64.0
20.75,1625449482.0,64.0
27.42,1625449482.0,64.0
33.05,1625449482.0,64.0
37.11,1625449482.0,64.0
39.31,1625449482.0,64.0
39.75,1625449482.0,64.0
38.93,1625449482.0,64.0
37.54,1625449482.0,64.0
36.24,1625449482.0,64.0
35.35,1625449482.0,64.0
34.82,1625449482.0,64.0
34.34,1625449482.0,64.0
33.53,1625449482.0,64.0
32.19,1625449482.0,64.0
30.35,1625449482.0,64.0
28.15,1625449482.0,64.0
25.75,1625449482.0,64.0
23.18,1625449482.0,64.0
20.35,1625449482.0,64.0
17.19,1625449482.0,64.0
13.77,1625449482.0,64.0
10.34,1625449482.0,64.0
7.19,1625449482.0,64.0
4.54,1625449482.0,64.0
2.31,1625449482.0,64.0
0.24,1625449482.0,64.0
-2.07,1625449482.0,64.0
-4.9,1625449482.0,64.0
-8.29,1625449482.0,64.0
-12.02,1625449482.0,64.0
-15.73,1625449482.0,64.0
-19.1,1625449482.0,64.0
-21.98,1625449482.0,64.0
-24.45,1625449482.0,64.0
-26.7,1625449482.0,64.0
-28.98,1625449482.0,64.0
-31.49,1625449482.0,64.0
-34.4,1625449482.0,64.0
-37.82,1625449482.0,64.0
-41.73,1625449482.0,64.0
-45.86,1625449482.0,64.0
-49.68,1625449482.0,64.0
-52.38,1625449482.0,64.0
-53.08,1625449482.0,64.0
-51.17,1625449482.0,64.0
-46.62,1625449482.0,64.0
-40.0,1625449482.0,64.0
-32.26,1625449482.0,64.0
-24.36,1625449482.0,64.0
-16.8,1625449482.0,64.0
-9.56,1625449482.0,64.0
-2.16,1625449482.0,64.0
5.8,1625449482.0,64.0
14.27,1625449482.0,64.0
22.69,1625449482.0,64.0
30.08,1625449482.0,64.0
35.61,1625449482.0,64.0
38.97,1625449482.0,64.0
40.49,1625449482.0,64.0
41.0,1625449482.0,64.0
41.33,1625449482.0,64.0
41.86,1625449482.0,64.0
42.43,1625449482.0,64.0
42.44,1625449482.0,64.0
41.26,1625449482.0,64.0
38.65,1625449482.0,64.0
34.83,1625449482.0,64.0
30.4,1625449482.0,64.0
25.99,1625449482.0,64.0
22.0,1625449482.0,64.0
18.5,1625449482.0,64.0
15.29,1625449482.0,64.0
12.19,1625449482.0,64.0
9.15,1625449482.0,64.0
6.33,1625449482.0,64.0
3.92,1625449482.0,64.0
2.06,1625449482.0,64.0
0.73,1625449482.0,64.0
-0.29,1625449482.0,64.0
-1.29,1625449482.0,64.0
-2.54,1625449482.0,64.0
-4.17,1625449482.0,64.0
-6.18,1625449482.0,64.0
-8.41,1625449482.0,64.0
-10.62,1625449482.0,64.0
-12.6,1625449482.0,64.0
-14.23,1625449482.0,64.0
-15.64,1625449482.0,64.0
-17.16,1625449482.0,64.0
-19.18,1625449482.0,64.0
-22.05,1625449482.0,64.0
-25.87,1625449482.0,64.0
-30.52,1625449482.0,64.0
-35.69,1625449482.0,64.0
-40.95,1625449482.0,64.0
-45.8,1625449482.0,64.0
-49.68,1625449482.0,64.0
-51.95,1625449482.0,64.0
-52.01,1625449482.0,64.0
-49.49,1625449482.0,64.0
-44.45,1625449482.0,64.0
-37.39,1625449482.0,64.0
-29.15,1625449482.0,64.0
-20.58,1625449482.0,64.0
-12.24,1625449482.0,64.0
-4.29,1625449482.0,64.0
3.39,1625449482.0,64.0
10.94,1625449482.0,64.0
18.25,1625449482.0,64.0
24.89,1625449482.0,64.0
30.28,1625449482.0,64.0
33.97,1625449482.0,64.0
35.93,1625449482.0,64.0
36.58,1625449482.0,64.0
36.61,1625449482.0,64.0
36.68,1625449482.0,64.0
37.14,1625449482.0,64.0
37.88,1625449482.0,64.0
38.48,1625449482.0,64.0
38.46,1625449482.0,64.0
37.52,1625449482.0,64.0
35.76,1625449482.0,64.0
33.51,1625449482.0,64.0
31.2,1625449482.0,64.0
29.05,1625449482.0,64.0
27.04,1625449482.0,64.0
24.94,1625449482.0,64.0
22.51,1625449482.0,64.0
19.63,1625449482.0,64.0
16.41,1625449482.0,64.0
13.1,1625449482.0,64.0
9.91,1625449482.0,64.0
6.92,1625449482.0,64.0
4.05,1625449482.0,64.0
1.09,1625449482.0,64.0
-2.13,1625449482.0,64.0
-5.65,1625449482.0,64.0
-9.35,1625449482.0,64.0
-12.94,1625449482.0,64.0
-16.17,1625449482.0,64.0
-18.9,1625449482.0,64.0
-21.23,1625449482.0,64.0
-23.44,1625449482.0,64.0
-25.88,1625449482.0,64.0
-28.85,1625449482.0,64.0
-32.42,1625449482.0,64.0
-36.45,1625449482.0,64.0
-40.67,1625449482.0,64.0
-44.8,1625449482.0,64.0
-48.58,1625449482.0,64.0
-51.73,1625449482.0,64.0
-53.89,1625449482.0,64.0
-54.58,1625449482.0,64.0
-53.34,1625449482.0,64.0
-49.88,1625449482.0,64.0
-44.32,1625449482.0,64.0
-37.16,1625449482.0,64.0
-29.13,1625449482.0,64.0
-20.95,1625449482.0,64.0
-13.08,1625449482.0,64.0
-5.69,1625449482.0,64.0
1.19,1625449482.0,64.0
7.5,1625449482.0,64.0
13.07,1625449482.0,64.0
17.6,1625449482.0,64.0
20.87,1625449482.0,64.0
22.91,1625449482.0,64.0
24.04,1625449482.0,64.0
24.77,1625449482.0,64.0
25.56,1625449482.0,64.0
26.64,1625449482.0,64.0
27.91,1625449482.0,64.0
29.01,1625449482.0,64.0
29.49,1625449482.0,64.0
29.07,1625449482.0,64.0
27.69,1625449482.0,64.0
25.54,1625449482.0,64.0
22.9,1625449482.0,64.0
20.09,1625449482.0,64.0
17.35,1625449482.0,64.0
14.87,1625449482.0,64.0
12.78,1625449482.0,64.0
11.2,1625449482.0,64.0
10.15,1625449482.0,64.0
9.44,1625449482.0,64.0
8.69,1625449482.0,64.0
7.41,1625449482.0,64.0
5.18,1625449482.0,64.0
1.9,1625449482.0,64.0
-2.24,1625449482.0,64.0
-6.74,1625449482.0,64.0
-11.06,1625449482.0,64.0
-14.73,1625449482.0,64.0
-17.5,1625449482.0,64.0
-19.33,1625449482.0,64.0
-20.44,1625449482.0,64.0
-21.3,1625449482.0,64.0
-22.5,1625449482.0,64.0
-24.57,1625449482.0,64.0
-27.64,1625449482.0,64.0
-31.26,1625449482.0,64.0
-34.39,1625449482.0,64.0
-35.83,1625449482.0,64.0
-34.69,1625449482.0,64.0
-30.9,1625449482.0,64.0
-25.24,1625449482.0,64.0
-18.98,1625449482.0,64.0
-13.39,1625449482.0,64.0
-9.19,1625449482.0,64.0
-6.47,1625449482.0,64.0
-4.7,1625449482.0,64.0
-3.15,1625449482.0,64.0
-1.14,1625449482.0,64.0
1.75,1625449482.0,64.0
5.59,1625449482.0,64.0
10.09,1625449482.0,64.0
14.64,1625449482.0,64.0
18.54,1625449482.0,64.0
21.29,1625449482.0,64.0
22.88,1625449482.0,64.0
23.87,1625449482.0,64.0
25.16,1625449482.0,64.0
27.53,1625449482.0,64.0
31.21,1625449482.0,64.0
35.7,1625449482.0,64.0
40.0,1625449482.0,64.0
43.04,1625449482.0,64.0
44.16,1625449482.0,64.0
43.21,1625449482.0,64.0
40.52,1625449482.0,64.0
36.54,1625449482.0,64.0
31.65,1625449482.0,64.0
26.1,1625449482.0,64.0
20.09,1625449482.0,64.0
13.99,1625449482.0,64.0
8.24,1625449482.0,64.0
3.31,1625449482.0,64.0
-0.56,1625449482.0,64.0
-3.46,1625449482.0,64.0
-5.69,1625449482.0,64.0
-7.64,1625449482.0,64.0
-9.58,1625449482.0,64.0
-11.59,1625449482.0,64.0
-13.59,1625449482.0,64.0
-15.48,1625449482.0,64.0
-17.2,1625449482.0,64.0
-18.8,1625449482.0,64.0
-20.42,1625449482.0,64.0
-22.25,1625449482.0,64.0
-24.48,1625449482.0,64.0
-27.21,1625449482.0,64.0
-30.39,1625449482.0,64.0
-33.71,1625449482.0,64.0
-36.61,1625449482.0,64.0
-38.41,1625449482.0,64.0
-38.5,1625449482.0,64.0
-36.58,1625449482.0,64.0
-32.77,1625449482.0,64.0
-27.47,1625449482.0,64.0
-21.25,1625449482.0,64.0
-14.54,1625449482.0,64.0
-7.55,1625449482.0,64.0
-0.31,1625449482.0,64.0
7.17,1625449482.0,64.0
14.67,1625449482.0,64.0
21.74,1625449482.0,64.0
27.8,1625449482.0,64.0
32.34,1625449482.0,64.0
35.16,1625449482.0,64.0
36.49,1625449482.0,64.0
36.82,1625449482.0,64.0
36.75,1625449482.0,64.0
36.67,1625449482.0,64.0
36.63,1625449482.0,64.0
36.43,1625449482.0,64.0
35.73,1625449482.0,64.0
34.32,1625449482.0,64.0
32.15,1625449482.0,64.0
29.38,1625449482.0,64.0
26.24,1625449482.0,64.0
22.95,1625449482.0,64.0
19.61,1625449482.0,64.0
16.28,1625449482.0,64.0
13.01,1625449482.0,64.0
9.89,1625449482.0,64.0
7.02,1625449482.0,64.0
4.47,1625449482.0,64.0
2.24,1625449482.0,64.0
0.21,1625449482.0,64.0
-1.81,1625449482.0,64.0
-4.01,1625449482.0,64.0
-6.46,1625449482.0,64.0
-9.1,1625449482.0,64.0
-11.82,1625449482.0,64.0
-14.47,1625449482.0,64.0
-17.01,1625449482.0,64.0
-19.52,1625449482.0,64.0
-22.2,1625449482.0,64.0
-25.25,1625449482.0,64.0
-28.83,1625449482.0,64.0
-32.9,1625449482.0,64.0
-37.17,1625449482.0,64.0
-41.13,1625449482.0,64.0
-44.05,1625449482.0,64.0
-45.21,1625449482.0,64.0
-44.04,1625449482.0,64.0
-40.39,1625449482.0,64.0
-34.52,1625449482.0,64.0
-27.11,1625449482.0,64.0
-18.97,1625449482.0,64.0
-10.76,1625449482.0,64.0
-2.86,1625449482.0,64.0
4.7,1625449482.0,64.0
11.98,1625449482.0,64.0
18.96,1625449482.0,64.0
25.4,1625449482.0,64.0
30.86,1625449482.0,64.0
34.88,1625449482.0,64.0
37.28,1625449482.0,64.0
38.17,1625449482.0,64.0
38.01,1625449482.0,64.0
37.4,1625449482.0,64.0
36.78,1625449482.0,64.0
36.39,1625449482.0,64.0
36.25,1625449482.0,64.0
36.2,1625449482.0,64.0
36.11,1625449482.0,64.0
35.83,1625449482.0,64.0
35.23,1625449482.0,64.0
34.06,1625449482.0,64.0
32.02,1625449482.0,64.0
28.85,1625449482.0,64.0
24.5,1625449482.0,64.0
19.26,1625449482.0,64.0
13.68,1625449482.0,64.0
8.38,1625449482.0,64.0
3.79,1625449482.0,64.0
0.05,1625449482.0,64.0
-3.01,1625449482.0,64.0
-5.63,1625449482.0,64.0
-8.01,1625449482.0,64.0
-10.19,1625449482.0,64.0
-12.1,1625449482.0,64.0
-13.75,1625449482.0,64.0
-15.2,1625449482.0,64.0
-16.62,1625449482.0,64.0
-18.14,1625449482.0,64.0
-19.81,1625449482.0,64.0
-21.66,1625449482.0,64.0
-23.83,1625449482.0,64.0
-26.59,1625449482.0,64.0
-30.33,1625449482.0,64.0
-35.26,1625449482.0,64.0
-41.19,1625449482.0,64.0
-47.35,1625449482.0,64.0
-52.58,1625449482.0,64.0
-55.72,1625449482.0,64.0
-55.97,1625449482.0,64.0
-53.23,1625449482.0,64.0
-47.99,1625449482.0,64.0
-41.05,1625449482.0,64.0
-33.17,1625449482.0,64.0
-24.8,1625449482.0,64.0
-16.04,1625449482.0,64.0
-6.89,1625449482.0,64.0
2.53,1625449482.0,64.0
11.82,1625449482.0,64.0
20.33,1625449482.0,64.0
27.41,1625449482.0,64.0
32.57,1625449482.0,64.0
35.76,1625449482.0,64.0
37.27,1625449482.0,64.0
37.65,1625449482.0,64.0
37.43,1625449482.0,64.0
36.95,1625449482.0,64.0
36.26,1625449482.0,64.0
35.23,1625449482.0,64.0
33.7,1625449482.0,64.0
31.65,1625449482.0,64.0
29.23,1625449482.0,64.0
26.72,1625449482.0,64.0
24.35,1625449482.0,64.0
22.19,1625449482.0,64.0
20.1,1625449482.0,64.0
17.9,1625449482.0,64.0
15.43,1625449482.0,64.0
12.74,1625449482.0,64.0
10.07,1625449482.0,64.0
7.74,1625449482.0,64.0
5.99,1625449482.0,64.0
4.8,1625449482.0,64.0
3.93,1625449482.0,64.0
2.93,1625449482.0,64.0
1.41,1625449482.0,64.0
-0.85,1625449482.0,64.0
-3.78,1625449482.0,64.0
-7.13,1625449482.0,64.0
-10.62,1625449482.0,64.0
-14.13,1625449482.0,64.0
-17.69,1625449482.0,64.0
-21.49,1625449482.0,64.0
-25.67,1625449482.0,64.0
-30.3,1625449482.0,64.0
-35.27,1625449482.0,64.0
-40.33,1625449482.0,64.0
-45.09,1625449482.0,64.0
-49.05,1625449482.0,64.0
-51.64,1625449482.0,64.0
-52.34,1625449482.0,64.0
-50.78,1625449482.0,64.0
-46.93,1625449482.0,64.0
-41.13,1625449482.0,64.0
-33.99,1625449482.0,64.0
-26.19,1625449482.0,64.0
-18.26,1625449482.0,64.0
-10.49,1625449482.0,64.0
-2.95,1625449482.0,64.0
4.27,1625449482.0,64.0
10.98,1625449482.0,64.0
16.8,1625449482.0,64.0
21.27,1625449482.0,64.0
24.09,1625449482.0,64.0
25.28,1625449482.0,64.0
25.25,1625449482.0,64.0
24.63,1625449482.0,64.0
24.09,1625449482.0,64.0
24.07,1625449482.0,64.0
24.61,1625449482.0,64.0
25.39,1625449482.0,64.0
25.94,1625449482.0,64.0
25.81,1625449482.0,64.0
24.79,1625449482.0,64.0
22.97,1625449482.0,64.0
20.65,1625449482.0,64.0
18.21,1625449482.0,64.0
16.0,1625449482.0,64.0
14.21,1625449482.0,64.0
12.89,1625449482.0,64.0
11.96,1625449482.0,64.0
11.17,1625449482.0,64.0
10.17,1625449482.0,64.0
8.54,1625449482.0,64.0
5.89,1625449482.0,64.0
1.9,1625449482.0,64.0
-3.52,1625449482.0,64.0
-10.29,1625449482.0,64.0
-18.12,1625449482.0,64.0
-26.52,1625449482.0,64.0
-34.87,1625449482.0,64.0
-42.47,1625449482.0,64.0
-48.57,1625449482.0,64.0
-52.55,1625449482.0,64.0
-54.12,1625449482.0,64.0
-53.4,1625449482.0,64.0
-50.98,1625449482.0,64.0
-47.7,1625449482.0,64.0
-44.33,1625449482.0,64.0
-41.28,1625449482.0,64.0
-38.55,1625449482.0,64.0
-35.78,1625449482.0,64.0
-32.62,1625449482.0,64.0
-28.9,1625449482.0,64.0
-24.69,1625449482.0,64.0
-20.27,1625449482.0,64.0
-15.94,1625449482.0,64.0
-11.93,1625449482.0,64.0
-8.36,1625449482.0,64.0
-5.26,1625449482.0,64.0
-2.62,1625449482.0,64.0
-0.39,1625449482.0,64.0
1.48,1625449482.0,64.0
3.14,1625449482.0,64.0
4.84,1625449482.0,64.0
6.94,1625449482.0,64.0
9.86,1625449482.0,64.0
13.95,1625449482.0,64.0
19.34,1625449482.0,64.0
25.78,1625449482.0,64.0
32.65,1625449482.0,64.0
39.04,1625449482.0,64.0
44.01,1625449482.0,64.0
46.9,1625449482.0,64.0
47.53,1625449482.0,64.0
46.2,1625449482.0,64.0
43.45,1625449482.0,64.0
39.84,1625449482.0,64.0
35.73,1625449482.0,64.0
31.23,1625449482.0,64.0
26.35,1625449482.0,64.0
21.18,1625449482.0,64.0
15.94,1625449482.0,64.0
10.99,1625449482.0,64.0
6.63,1625449482.0,64.0
3.06,1625449482.0,64.0
0.25,1625449482.0,64.0
-1.94,1625449482.0,64.0
-3.73,1625449482.0,64.0
-5.22,1625449482.0,64.0
-6.48,1625449482.0,64.0
-7.53,1625449482.0,64.0
-8.45,1625449482.0,64.0
-9.43,1625449482.0,64.0
-10.73,1625449482.0,64.0
-12.66,1625449482.0,64.0
-15.45,1625449482.0,64.0
-19.13,1625449482.0,64.0
-23.43,1625449482.0,64.0
-27.77,1625449482.0,64.0
-31.38,1625449482.0,64.0
-33.51,1625449482.0,64.0
-33.69,1625449482.0,64.0
-31.86,1625449482.0,64.0
-28.34,1625449482.0,64.0
-23.66,1625449482.0,64.0
-18.29,1625449482.0,64.0
-12.49,1625449482.0,64.0
-6.31,1625449482.0,64.0
0.27,1625449482.0,64.0
7.11,1625449482.0,64.0
13.87,1625449482.0,64.0
20.01,1625449482.0,64.0
25.01,1625449482.0,64.0
28.58,1625449482.0,64.0
30.72,1625449482.0,64.0
31.77,1625449482.0,64.0
32.23,1625449482.0,64.0
32.56,1625449482.0,64.0
33.0,1625449482.0,64.0
33.51,1625449482.0,64.0
33.73,1625449482.0,64.0
33.25,1625449482.0,64.0
31.75,1625449482.0,64.0
29.19,1625449482.0,64.0
25.82,1625449482.0,64.0
22.11,1625449482.0,64.0
18.47,1625449482.0,64.0
15.18,1625449482.0,64.0
12.29,1625449482.0,64.0
9.74,1625449482.0,64.0
7.45,1625449482.0,64.0
5.37,1625449482.0,64.0
3.56,1625449482.0,64.0
1.98,1625449482.0,64.0
0.58,1625449482.0,64.0
-0.85,1625449482.0,64.0
-2.5,1625449482.0,64.0
-4.55,1625449482.0,64.0
-7.1,1625449482.0,64.0
-10.14,1625449482.0,64.0
-13.6,1625449482.0,64.0
-17.36,1625449482.0,64.0
-21.32,1625449482.0,64.0
-25.4,1625449482.0,64.0
-29.54,1625449482.0,64.0
-33.68,1625449482.0,64.0
-37.68,1625449482.0,64.0
-41.25,1625449482.0,64.0
-43.92,1625449482.0,64.0
-45.09,1625449482.0,64.0
-44.27,1625449482.0,64.0
-41.2,1625449482.0,64.0
-36.0,1625449482.0,64.0
-29.14,1625449482.0,64.0
-21.27,1625449482.0,64.0
-13.03,1625449482.0,64.0
-4.83,1625449482.0,64.0
3.08,1625449482.0,64.0
10.57,1625449482.0,64.0
17.48,1625449482.0,64.0
23.51,1625449482.0,64.0
28.27,1625449482.0,64.0
31.45,1625449482.0,64.0
32.99,1625449482.0,64.0
33.15,1625449482.0,64.0
32.47,1625449482.0,64.0
31.54,1625449482.0,64.0
30.84,1625449482.0,64.0
30.57,1625449482.0,64.0
30.65,1625449482.0,64.0
30.84,1625449482.0,64.0
30.8,1625449482.0,64.0
30.32,1625449482.0,64.0
29.24,1625449482.0,64.0
27.58,1625449482.0,64.0
25.44,1625449482.0,64.0
22.96,1625449482.0,64.0
20.33,1625449482.0,64.0
17.64,1625449482.0,64.0
14.94,1625449482.0,64.0
12.21,1625449482.0,64.0
9.47,1625449482.0,64.0
6.75,1625449482.0,64.0
4.12,1625449482.0,64.0
1.61,1625449482.0,64.0
-0.83,1625449482.0,64.0
-3.34,1625449482.0,64.0
-6.09,1625449482.0,64.0
-9.16,1625449482.0,64.0
-12.56,1625449482.0,64.0
-16.22,1625449482.0,64.0
-20.09,1625449482.0,64.0
-24.18,1625449482.0,64.0
-28.53,1625449482.0,64.0
-33.21,1625449482.0,64.0
-38.17,1625449482.0,64.0
-43.22,1625449482.0,64.0
-47.97,1625449482.0,64.0
-51.83,1625449482.0,64.0
-54.15,1625449482.0,64.0
-54.35,1625449482.0,64.0
-52.11,1625449482.0,64.0
-47.46,1625449482.0,64.0
-40.82,1625449482.0,64.0
-32.81,1625449482.0,64.0
-24.1,1625449482.0,64.0
-15.23,1625449482.0,64.0
-6.47,1625449482.0,64.0
2.07,1625449482.0,64.0
10.33,1625449482.0,64.0
18.12,1625449482.0,64.0
25.14,1625449482.0,64.0
31.0,1625449482.0,64.0
35.34,1625449482.0,64.0
38.05,1625449482.0,64.0
39.27,1625449482.0,64.0
39.37,1625449482.0,64.0
38.82,1625449482.0,64.0
38.07,1625449482.0,64.0
37.39,1625449482.0,64.0
36.85,1625449482.0,64.0
36.3,1625449482.0,64.0
35.51,1625449482.0,64.0
34.28,1625449482.0,64.0
32.5,1625449482.0,64.0
30.19,1625449482.0,64.0
27.47,1625449482.0,64.0
24.48,1625449482.0,64.0
21.36,1625449482.0,64.0
18.23,1625449482.0,64.0
15.09,1625449482.0,64.0
11.98,1625449482.0,64.0
8.9,1625449482.0,64.0
5.88,1625449482.0,64.0
2.97,1625449482.0,64.0
0.18,1625449482.0,64.0
-2.49,1625449482.0,64.0
-5.07,1625449482.0,64.0
-7.64,1625449482.0,64.0
-10.28,1625449482.0,64.0
-13.1,1625449482.0,64.0
-16.17,1625449482.0,64.0
-19.54,1625449482.0,64.0
-23.21,1625449482.0,64.0
-27.14,1625449482.0,64.0
-31.27,1625449482.0,64.0
-35.53,1625449482.0,64.0
-39.8,1625449482.0,64.0
-43.87,1625449482.0,64.0
-47.34,1625449482.0,64.0
-49.66,1625449482.0,64.0
-50.17,1625449482.0,64.0
-48.38,1625449482.0,64.0
-44.06,1625449482.0,64.0
-37.42,1625449482.0,64.0
-29.02,1625449482.0,64.0
-19.6,1625449482.0,64.0
-9.85,1625449482.0,64.0
-0.29,1625449482.0,64.0
8.8,1625449482.0,64.0
17.17,1625449482.0,64.0
24.57,1625449482.0,64.0
30.64,1625449482.0,64.0
35.01,1625449482.0,64.0
37.52,1625449482.0,64.0
38.28,1625449482.0,64.0
37.77,1625449482.0,64.0
36.64,1625449482.0,64.0
35.46,1625449482.0,64.0
34.56,1625449482.0,64.0
33.9,1625449482.0,64.0
33.22,1625449482.0,64.0
32.22,1625449482.0,64.0
30.74,1625449482.0,64.0
28.8,1625449482.0,64.0
26.56,1625449482.0,64.0
24.15,1625449482.0,64.0
21.61,1625449482.0,64.0
18.88,1625449482.0,64.0
15.88,1625449482.0,64.0
12.64,1625449482.0,64.0
9.3,1625449482.0,64.0
6.08,1625449482.0,64.0
3.16,1625449482.0,64.0
0.59,1625449482.0,64.0
-1.74,1625449482.0,64.0
-4.0,1625449482.0,64.0
-6.39,1625449482.0,64.0
-8.97,1625449482.0,64.0
-11.71,1625449482.0,64.0
-14.52,1625449482.0,64.0
-17.3,1625449482.0,64.0
-20.06,1625449482.0,64.0
-22.92,1625449482.0,64.0
-25.99,1625449482.0,64.0
-29.42,1625449482.0,64.0
-33.28,1625449482.0,64.0
-37.54,1625449482.0,64.0
-42.04,1625449482.0,64.0
-46.43,1625449482.0,64.0
-50.19,1625449482.0,64.0
-52.69,1625449482.0,64.0
-53.33,1625449482.0,64.0
-51.73,1625449482.0,64.0
-47.93,1625449482.0,64.0
-42.28,1625449482.0,64.0
-35.37,1625449482.0,64.0
-27.75,1625449482.0,64.0
-19.81,1625449482.0,64.0
-11.73,1625449482.0,64.0
-3.62,1625449482.0,64.0
4.3,1625449482.0,64.0
11.58,1625449482.0,64.0
17.68,1625449482.0,64.0
22.13,1625449482.0,64.0
24.8,1625449482.0,64.0
25.94,1625449482.0,64.0
26.18,1625449482.0,64.0
26.21,1625449482.0,64.0
26.53,1625449482.0,64.0
27.24,1625449482.0,64.0
28.08,1625449482.0,64.0
28.56,1625449482.0,64.0
28.18,1625449482.0,64.0
26.71,1625449482.0,64.0
24.23,1625449482.0,64.0
21.1,1625449482.0,64.0
17.77,1625449482.0,64.0
14.59,1625449482.0,64.0
11.76,1625449482.0,64.0
9.29,1625449482.0,64.0
7.07,1625449482.0,64.0
4.99,1625449482.0,64.0
3.0,1625449482.0,64.0
1.09,1625449482.0,64.0
-0.69,1625449482.0,64.0
-2.23,1625449482.0,64.0
-3.46,1625449482.0,64.0
-4.39,1625449482.0,64.0
-5.19,1625449482.0,64.0
-6.19,1625449482.0,64.0
-7.79,1625449482.0,64.0
-10.27,1625449482.0,64.0
-13.61,1625449482.0,64.0
-17.49,1625449482.0,64.0
-21.43,1625449482.0,64.0
-25.01,1625449482.0,64.0
-28.08,1625449482.0,64.0
-30.74,1625449482.0,64.0
-33.06,1625449482.0,64.0
-34.86,1625449482.0,64.0
-35.6,1625449482.0,64.0
-34.64,1625449482.0,64.0
-31.49,1625449482.0,64.0
-26.21,1625449482.0,64.0
-19.36,1625449482.0,64.0
-11.78,1625449482.0,64.0
-4.25,1625449482.0,64.0
2.8,1625449482.0,64.0
9.31,1625449482.0,64.0
15.34,1625449482.0,64.0
20.85,1625449482.0,64.0
25.59,1625449482.0,64.0
29.17,1625449482.0,64.0
31.32,1625449482.0,64.0
32.07,1625449482.0,64.0
31.84,1625449482.0,64.0
31.28,1625449482.0,64.0
31.01,1625449482.0,64.0
31.36,1625449482.0,64.0
32.25,1625449482.0,64.0
33.21,1625449482.0,64.0
33.59,1625449482.0,64.0
32.91,1625449482.0,64.0
31.01,1625449482.0,64.0
28.15,1625449482.0,64.0
24.88,1625449482.0,64.0
21.72,1625449482.0,64.0
18.98,1625449482.0,64.0
16.63,1625449482.0,64.0
14.44,1625449482.0,64.0
12.11,1625449482.0,64.0
9.49,1625449482.0,64.0
6.58,1625449482.0,64.0
3.54,1625449482.0,64.0
0.59,1625449482.0,64.0
-2.14,1625449482.0,64.0
-4.6,1625449482.0,64.0
-6.87,1625449482.0,64.0
-9.09,1625449482.0,64.0
-11.46,1625449482.0,64.0
-14.19,1625449482.0,64.0
-17.37,1625449482.0,64.0
-21.08,1625449482.0,64.0
-25.24,1625449482.0,64.0
-29.68,1625449482.0,64.0
-34.12,1625449482.0,64.0
-38.16,1625449482.0,64.0
-41.29,1625449482.0,64.0
-42.95,1625449482.0,64.0
-42.65,1625449482.0,64.0
-40.13,1625449482.0,64.0
-35.45,1625449482.0,64.0
-29.05,1625449482.0,64.0
-21.56,1625449482.0,64.0
-13.65,1625449482.0,64.0
-5.79,1625449482.0,64.0
1.78,1625449482.0,64.0
9.0,1625449482.0,64.0
15.8,1625449482.0,64.0
21.96,1625449482.0,64.0
27.1,1625449482.0,64.0
30.86,1625449482.0,64.0
33.07,1625449482.0,64.0
33.93,1625449482.0,64.0
33.98,1625449482.0,64.0
33.87,1625449482.0,64.0
34.09,1625449482.0,64.0
34.73,1625449482.0,64.0
35.5,1625449482.0,64.0
35.9,1625449482.0,64.0
35.45,1625449482.0,64.0
33.97,1625449482.0,64.0
31.59,1625449482.0,64.0
28.7,1625449482.0,64.0
25.68,1625449482.0,64.0
22.79,1625449482.0,64.0
20.07,1625449482.0,64.0
17.4,1625449482.0,64.0
14.64,1625449482.0,64.0
11.65,1625449482.0,64.0
8.45,1625449482.0,64.0
5.1,1625449482.0,64.0
1.7,1625449482.0,64.0
-1.65,1625449482.0,64.0
-4.9,1625449482.0,64.0
-8.02,1625449482.0,64.0
-11.02,1625449482.0,64.0
-13.94,1625449482.0,64.0
-16.82,1625449482.0,64.0
-19.77,1625449482.0,64.0
-22.89,1625449482.0,64.0
-26.28,1625449482.0,64.0
-30.05,1625449482.0,64.0
-34.21,1625449482.0,64.0
-38.69,1625449482.0,64.0
-43.19,1625449482.0,64.0
-47.15,1625449482.0,64.0
-49.83,1625449482.0,64.0
-50.48,1625449482.0,64.0
-48.62,1625449482.0,64.0
-44.17,1625449482.0,64.0
-37.56,1625449482.0,64.0
-29.53,1625449482.0,64.0
-20.88,1625449482.0,64.0
-12.2,1625449482.0,64.0
-3.73,1625449482.0,64.0
4.49,1625449482.0,64.0
12.49,1625449482.0,64.0
20.11,1625449482.0,64.0
26.96,1625449482.0,64.0
32.49,1625449482.0,64.0
36.28,1625449482.0,64.0
38.19,1625449482.0,64.0
38.48,1625449482.0,64.0
37.76,1625449482.0,64.0
36.72,1625449482.0,64.0
35.92,1625449482.0,64.0
35.56,1625449482.0,64.0
35.49,1625449482.0,64.0
35.27,1625449482.0,64.0
34.47,1625449482.0,64.0
32.84,1625449482.0,64.0
30.38,1625449482.0,64.0
27.33,1625449482.0,64.0
24.02,1625449482.0,64.0
20.7,1625449482.0,64.0
17.49,1625449482.0,64.0
14.34,1625449482.0,64.0
11.18,1625449482.0,64.0
8.01,1625449482.0,64.0
4.95,1625449482.0,64.0
2.17,1625449482.0,64.0
-0.19,1625449482.0,64.0
-2.22,1625449482.0,64.0
-4.13,1625449482.0,64.0
-6.24,1625449482.0,64.0
-8.72,1625449482.0,64.0
-11.61,1625449482.0,64.0
-14.7,1625449482.0,64.0
-17.79,1625449482.0,64.0
-20.74,1625449482.0,64.0
-23.57,1625449482.0,64.0
-26.41,1625449482.0,64.0
-29.48,1625449482.0,64.0
-32.93,1625449482.0,64.0
-36.81,1625449482.0,64.0
-41.05,1625449482.0,64.0
-45.34,1625449482.0,64.0
-49.12,1625449482.0,64.0
-51.65,1625449482.0,64.0
-52.15,1625449482.0,64.0
-50.13,1625449482.0,64.0
-45.53,1625449482.0,64.0
-38.81,1625449482.0,64.0
-30.79,1625449482.0,64.0
-22.25,1625449482.0,64.0
-13.73,1625449482.0,64.0
-5.39,1625449482.0,64.0
2.79,1625449482.0,64.0
10.8,1625449482.0,64.0
18.35,1625449482.0,64.0
24.95,1625449482.0,64.0
30.05,1625449482.0,64.0
33.37,1625449482.0,64.0
35.03,1625449482.0,64.0
35.51,1625449482.0,64.0
35.48,1625449482.0,64.0
35.49,1625449482.0,64.0
35.79,1625449482.0,64.0
36.31,1625449482.0,64.0
36.72,1625449482.0,64.0
36.66,1625449482.0,64.0
35.87,1625449482.0,64.0
34.34,1625449482.0,64.0
32.27,1625449482.0,64.0
29.91,1625449482.0,64.0
27.46,1625449482.0,64.0
25.02,1625449482.0,64.0
22.49,1625449482.0,64.0
19.72,1625449482.0,64.0
16.57,1625449482.0,64.0
13.05,1625449482.0,64.0
9.31,1625449482.0,64.0
5.62,1625449482.0,64.0
2.2,1625449482.0,64.0
-0.84,1625449482.0,64.0
-3.58,1625449482.0,64.0
-6.23,1625449482.0,64.0
-9.0,1625449482.0,64.0
-11.99,1625449482.0,64.0
-15.14,1625449482.0,64.0
-18.29,1625449482.0,64.0
-21.28,1625449482.0,64.0
-24.07,1625449482.0,64.0
-26.76,1625449482.0,64.0
-29.57,1625449482.0,64.0
-32.68,1625449482.0,64.0
-36.21,1625449482.0,64.0
-40.12,1625449482.0,64.0
-44.24,1625449482.0,64.0
-48.23,1625449482.0,64.0
-51.64,1625449482.0,64.0
-53.91,1625449482.0,64.0
-54.48,1625449482.0,64.0
-52.92,1625449482.0,64.0
-49.09,1625449482.0,64.0
-43.22,1625449482.0,64.0
-35.82,1625449482.0,64.0
-27.57,1625449482.0,64.0
-18.99,1625449482.0,64.0
-10.45,1625449482.0,64.0
-2.06,1625449482.0,64.0
6.11,1625449482.0,64.0
13.91,1625449482.0,64.0
21.0,1625449482.0,64.0
26.92,1625449482.0,64.0
31.32,1625449482.0,64.0
34.08,1625449482.0,64.0
35.46,1625449482.0,64.0
35.97,1625449482.0,64.0
36.21,1625449482.0,64.0
36.6,1625449482.0,64.0
37.25,1625449482.0,64.0
37.95,1625449482.0,64.0
38.31,1625449482.0,64.0
37.97,1625449482.0,64.0
36.77,1625449482.0,64.0
34.8,1625449482.0,64.0
32.32,1625449482.0,64.0
29.64,1625449482.0,64.0
26.98,1625449482.0,64.0
24.41,1625449482.0,64.0
21.86,1625449482.0,64.0
19.21,1625449482.0,64.0
16.38,1625449482.0,64.0
13.38,1625449482.0,64.0
10.4,1625449482.0,64.0
7.64,1625449482.0,64.0
5.32,1625449482.0,64.0
3.44,1625449482.0,64.0
1.82,1625449482.0,64.0
0.12,1625449482.0,64.0
-2.05,1625449482.0,64.0
-4.89,1625449482.0,64.0
-8.32,1625449482.0,64.0
-11.99,1625449482.0,64.0
-15.47,1625449482.0,64.0
-18.47,1625449482.0,64.0
-21.02,1625449482.0,64.0
-23.44,1625449482.0,64.0
-26.13,1625449482.0,64.0
-29.41,1625449482.0,64.0
-33.32,1625449482.0,64.0
-37.67,1625449482.0,64.0
-42.1,1625449482.0,64.0
-46.25,1625449482.0,64.0
-49.75,1625449482.0,64.0
-52.24,1625449482.0,64.0
-53.29,1625449482.0,64.0
-52.48,1625449482.0,64.0
-49.58,1625449482.0,64.0
-44.64,1625449482.0,64.0
-38.12,1625449482.0,64.0
-30.69,1625449482.0,64.0
-23.0,1625449482.0,64.0
-15.43,1625449482.0,64.0
-8.0,1625449482.0,64.0
-0.56,1625449482.0,64.0
6.99,1625449482.0,64.0
14.35,1625449482.0,64.0
20.93,1625449482.0,64.0
26.04,1625449482.0,64.0
29.27,1625449482.0,64.0
30.71,1625449482.0,64.0
30.98,1625449482.0,64.0
30.93,1625449482.0,64.0
31.25,1625449482.0,64.0
32.2,1625449482.0,64.0
33.5,1625449482.0,64.0
34.55,1625449482.0,64.0
34.77,1625449482.0,64.0
33.83,1625449482.0,64.0
31.81,1625449482.0,64.0
29.06,1625449482.0,64.0
26.05,1625449482.0,64.0
23.1,1625449482.0,64.0
20.28,1625449482.0,64.0
17.47,1625449482.0,64.0
14.48,1625449482.0,64.0
11.21,1625449482.0,64.0
7.79,1625449482.0,64.0
4.48,1625449482.0,64.0
1.61,1625449482.0,64.0
-0.69,1625449482.0,64.0
-2.53,1625449482.0,64.0
-4.24,1625449482.0,64.0
-6.23,1625449482.0,64.0
-8.73,1625449482.0,64.0
-11.73,1625449482.0,64.0
-14.91,1625449482.0,64.0
-17.86,1625449482.0,64.0
-20.28,1625449482.0,64.0
-22.15,1625449482.0,64.0
-23.77,1625449482.0,64.0
-25.65,1625449482.0,64.0
-28.22,1625449482.0,64.0
-31.66,1625449482.0,64.0
-35.79,1625449482.0,64.0
-40.15,1625449482.0,64.0
-44.17,1625449482.0,64.0
-47.37,1625449482.0,64.0
-49.48,1625449482.0,64.0
-50.48,1625449482.0,64.0
-50.54,1625449482.0,64.0
-49.92,1625449482.0,64.0
-48.89,1625449482.0,64.0
-47.54,1625449482.0,64.0
-45.76,1625449482.0,64.0
-43.22,1625449482.0,64.0
-39.51,1625449482.0,64.0
-34.28,1625449482.0,64.0
-27.42,1625449482.0,64.0
-19.22,1625449482.0,64.0
-10.29,1625449482.0,64.0
-1.42,1625449482.0,64.0
6.65,1625449482.0,64.0
13.41,1625449482.0,64.0
18.74,1625449482.0,64.0
22.86,1625449482.0,64.0
26.19,1625449482.0,64.0
29.22,1625449482.0,64.0
32.29,1625449482.0,64.0
35.52,1625449482.0,64.0
38.74,1625449482.0,64.0
41.6,1625449482.0,64.0
43.69,1625449482.0,64.0
44.7,1625449482.0,64.0
44.52,1625449482.0,64.0
43.23,1625449482.0,64.0
41.03,1625449482.0,64.0
38.17,1625449482.0,64.0
34.82,1625449482.0,64.0
31.16,1625449482.0,64.0
27.31,1625449482.0,64.0
23.45,1625449482.0,64.0
19.85,1625449482.0,64.0
16.72,1625449482.0,64.0
14.2,1625449482.0,64.0
12.24,1625449482.0,64.0
10.57,1625449482.0,64.0
8.85,1625449482.0,64.0
6.8,1625449482.0,64.0
4.39,1625449482.0,64.0
1.78,1625449482.0,64.0
-0.78,1625449482.0,64.0
-3.21,1625449482.0,64.0
-5.69,1625449482.0,64.0
-8.55,1625449482.0,64.0
-12.1,1625449482.0,64.0
-16.4,1625449482.0,64.0
-21.18,1625449482.0,64.0
-26.03,1625449482.0,64.0
-30.6,1625449482.0,64.0
-34.65,1625449482.0,64.0
-38.03,1625449482.0,64.0
-40.54,1625449482.0,64.0
-41.77,1625449482.0,64.0
-41.26,1625449482.0,64.0
-38.67,1625449482.0,64.0
-34.04,1625449482.0,64.0
-27.79,1625449482.0,64.0
-20.6,1625449482.0,64.0
-13.13,1625449482.0,64.0
-5.76,1625449482.0,64.0
1.36,1625449482.0,64.0
8.19,1625449482.0,64.0
14.56,1625449482.0,64.0
20.13,1625449482.0,64.0
24.46,1625449482.0,64.0
27.25,1625449482.0,64.0
28.59,1625449482.0,64.0
28.91,1625449482.0,64.0
28.85,1625449482.0,64.0
28.99,1625449482.0,64.0
29.59,1625449482.0,64.0
30.51,1625449482.0,64.0
31.28,1625449482.0,64.0
31.44,1625449482.0,64.0
30.7,1625449482.0,64.0
29.1,1625449482.0,64.0
26.99,1625449482.0,64.0
24.71,1625449482.0,64.0
22.48,1625449482.0,64.0
20.25,1625449482.0,64.0
17.8,1625449482.0,64.0
14.96,1625449482.0,64.0
11.76,1625449482.0,64.0
8.47,1625449482.0,64.0
5.49,1625449482.0,64.0
3.08,1625449482.0,64.0
1.24,1625449482.0,64.0
-0.28,1625449482.0,64.0
-1.89,1625449482.0,64.0
-3.88,1625449482.0,64.0
-6.37,1625449482.0,64.0
-9.22,1625449482.0,64.0
-12.18,1625449482.0,64.0
-15.08,1625449482.0,64.0
-17.9,1625449482.0,64.0
-20.78,1625449482.0,64.0
-23.96,1625449482.0,64.0
-27.61,1625449482.0,64.0
-31.77,1625449482.0,64.0
-36.34,1625449482.0,64.0
-41.04,1625449482.0,64.0
-45.5,1625449482.0,64.0
-49.2,1625449482.0,64.0
-51.58,1625449482.0,64.0
-52.12,1625449482.0,64.0
-50.47,1625449482.0,64.0
-46.59,1625449482.0,64.0
-40.75,1625449482.0,64.0
-33.5,1625449482.0,64.0
-25.46,1625449482.0,64.0
-17.07,1625449482.0,64.0
-8.58,1625449482.0,64.0
-0.07,1625449482.0,64.0
8.39,1625449482.0,64.0
16.52,1625449482.0,64.0
23.84,1625449482.0,64.0
29.78,1625449482.0,64.0
33.94,1625449482.0,64.0
36.31,1625449482.0,64.0
37.28,1625449482.0,64.0
37.55,1625449482.0,64.0
37.81,1625449482.0,64.0
38.48,1625449482.0,64.0
39.56,1625449482.0,64.0
40.67,1625449482.0,64.0
41.29,1625449482.0,64.0
41.06,1625449482.0,64.0
39.88,1625449482.0,64.0
37.96,1625449482.0,64.0
35.65,1625449482.0,64.0
33.23,1625449482.0,64.0
30.78,1625449482.0,64.0
28.13,1625449482.0,64.0
25.06,1625449482.0,64.0
21.44,1625449482.0,64.0
17.35,1625449482.0,64.0
13.08,1625449482.0,64.0
8.95,1625449482.0,64.0
5.2,1625449482.0,64.0
1.91,1625449482.0,64.0
-1.06,1625449482.0,64.0
-3.93,1625449482.0,64.0
-6.9,1625449482.0,64.0
-10.06,1625449482.0,64.0
-13.36,1625449482.0,64.0
-16.64,1625449482.0,64.0
-19.76,1625449482.0,64.0
-22.63,1625449482.0,64.0
-25.36,1625449482.0,64.0
-28.25,1625449482.0,64.0
-31.73,1625449482.0,64.0
-36.2,1625449482.0,64.0
-41.87,1625449482.0,64.0
-48.54,1625449482.0,64.0
-55.57,1625449482.0,64.0
-61.93,1625449482.0,64.0
-66.56,1625449482.0,64.0
-68.56,1625449482.0,64.0
-67.58,1625449482.0,64.0
-63.88,1625449482.0,64.0
-58.24,1625449482.0,64.0
-51.71,1625449482.0,64.0
-45.16,1625449482.0,64.0
-39.09,1625449482.0,64.0
-33.42,1625449482.0,64.0
-27.74,1625449482.0,64.0
-21.53,1625449482.0,64.0
-14.55,1625449482.0,64.0
-6.97,1625449482.0,64.0
0.51,1625449482.0,64.0
6.75,1625449482.0,64.0
10.43,1625449482.0,64.0
10.53,1625449482.0,64.0
7.0,1625449482.0,64.0
1.41,1625449482.0,64.0
-2.97,1625449482.0,64.0
-1.94,1625449482.0,64.0
7.89,1625449482.0,64.0
27.36,1625449482.0,64.0
53.76,1625449482.0,64.0
81.54,1625449482.0,64.0
104.52,1625449482.0,64.0
118.47,1625449482.0,64.0
122.68,1625449482.0,64.0
119.51,1625449482.0,64.0
112.51,1625449482.0,64.0
104.41,1625449482.0,64.0
96.47,1625449482.0,64.0
89.39,1625449482.0,64.0
84.65,1625449482.0,64.0
84.73,1625449482.0,64.0
91.54,1625449482.0,64.0
104.28,1625449482.0,64.0
118.47,1625449482.0,64.0
127.71,1625449482.0,64.0
127.23,1625449482.0,64.0
117.25,1625449482.0,64.0
103.38,1625449482.0,64.0
93.96,1625449482.0,64.0
95.42,1625449482.0,64.0
108.95,1625449482.0,64.0
130.22,1625449482.0,64.0
151.98,1625449482.0,64.0
167.75,1625449482.0,64.0
174.04,1625449482.0,64.0
170.32,1625449482.0,64.0
157.24,1625449482.0,64.0
135.41,1625449482.0,64.0
105.76,1625449482.0,64.0
71.23,1625449482.0,64.0
38.11,1625449482.0,64.0
15.73,1625449482.0,64.0
14.01,1625449482.0,64.0
39.87,1625449482.0,64.0
94.22,1625449482.0,64.0
170.81,1625449482.0,64.0
257.55,1625449482.0,64.0
339.8,1625449482.0,64.0
404.42,1625449482.0,64.0
443.13,1625449482.0,64.0
454.15,1625449482.0,64.0
441.56,1625449482.0,64.0
412.94,1625449482.0,64.0
376.32,1625449482.0,64.0
337.91,1625449482.0,64.0
301.09,1625449482.0,64.0
267.14,1625449482.0,64.0
236.3,1625449482.0,64.0
208.89,1625449482.0,64.0
185.29,1625449482.0,64.0
165.43,1625449482.0,64.0
148.02,1625449482.0,64.0
130.83,1625449482.0,64.0
111.53,1625449482.0,64.0
89.03,1625449482.0,64.0
64.22,1625449482.0,64.0
39.59,1625449482.0,64.0
18.16,1625449482.0,64.0
1.82,1625449482.0,64.0
-9.63,1625449482.0,64.0
-18.48,1625449482.0,64.0
-27.95,1625449482.0,64.0
-40.61,1625449482.0,64.0
-57.03,1625449482.0,64.0
-75.52,1625449482.0,64.0
-93.01,1625449482.0,64.0
-106.57,1625449482.0,64.0
-114.92,1625449482.0,64.0
-119.16,1625449482.0,64.0
-122.26,1625449482.0,64.0
-127.94,1625449482.0,64.0
-139.36,1625449482.0,64.0
-158.24,1625449482.0,64.0
-184.38,1625449482.0,64.0
-215.36,1625449482.0,64.0
-246.5,1625449482.0,64.0
-271.6,1625449482.0,64.0
-284.63,1625449482.0,64.0
-282.18,1625449482.0,64.0
-265.61,1625449482.0,64.0
-241.54,1625449482.0,64.0
-219.84,1625449482.0,64.0
-209.76,1625449482.0,64.0
-215.92,1625449482.0,64.0
-236.24,1625449482.0,64.0
-263.02,1625449482.0,64.0
-286.87,1625449482.0,64.0
-300.9,1625449482.0,64.0
-303.4,1625449482.0,64.0
-297.34,1625449482.0,64.0
-287.68,1625449482.0,64.0
-278.0,1625449482.0,64.0
-268.67,1625449482.0,64.0
-257.36,1625449482.0,64.0
-241.38,1625449482.0,64.0
-220.17,1625449482.0,64.0
-196.26,1625449482.0,64.0
-174.55,1625449482.0,64.0
-159.68,1625449482.0,64.0
-153.59,1625449482.0,64.0
-154.49,1625449482.0,64.0
-157.91,1625449482.0,64.0
-159.15,1625449482.0,64.0
-155.68,1625449482.0,64.0
-147.98,1625449482.0,64.0
-138.64,1625449482.0,64.0
-130.37,1625449482.0,64.0
-124.45,1625449482.0,64.0
-120.67,1625449482.0,64.0
-118.45,1625449482.0,64.0
-118.11,1625449482.0,64.0
-120.93,1625449482.0,64.0
-127.68,1625449482.0,64.0
-136.75,1625449482.0,64.0
-143.4,1625449482.0,64.0
-141.55,1625449482.0,64.0
-126.8,1625449482.0,64.0
-98.84,1625449482.0,64.0
-61.57,1625449482.0,64.0
-20.23,1625449482.0,64.0
22.16,1625449482.0,64.0
66.9,1625449482.0,64.0
118.17,1625449482.0,64.0
178.96,1625449482.0,64.0
246.97,1625449482.0,64.0
313.69,1625449482.0,64.0
367.53,1625449482.0,64.0
399.22,1625449482.0,64.0
406.45,1625449482.0,64.0
394.85,1625449482.0,64.0
375.04,1625449482.0,64.0
357.41,1625449482.0,64.0
347.87,1625449482.0,64.0
346.32,1625449482.0,64.0
348.36,1625449482.0,64.0
348.56,1625449482.0,64.0
343.33,1625449482.0,64.0
332.19,1625449482.0,64.0
317.17,1625449482.0,64.0
301.29,1625449482.0,64.0
286.85,1625449482.0,64.0
274.78,1625449482.0,64.0
264.68,1625449482.0,64.0
255.57,1625449482.0,64.0
246.66,1625449482.0,64.0
237.75,1625449482.0,64.0
229.13,1625449482.0,64.0
220.95,1625449482.0,64.0
212.65,1625449482.0,64.0
202.69,1625449482.0,64.0
188.88,1625449482.0,64.0
169.46,1625449482.0,64.0
143.68,1625449482.0,64.0
112.23,1625449482.0,64.0
76.84,1625449482.0,64.0
39.69,1625449482.0,64.0
2.7,1625449482.0,64.0
-32.9,1625449482.0,64.0
-66.45,1625449482.0,64.0
-97.68,1625449482.0,64.0
-126.48,1625449482.0,64.0
-153.03,1625449482.0,64.0
-177.72,1625449482.0,64.0
-201.24,1625449482.0,64.0
-224.43,1625449482.0,64.0
-248.01,1625449482.0,64.0
-272.53,1625449482.0,64.0
-298.5,1625449482.0,64.0
-326.79,1625449482.0,64.0
-358.33,1625449482.0,64.0
-393.28,1625449482.0,64.0
-429.82,1625449482.0,64.0
-463.72,1625449482.0,64.0
-489.41,1625449482.0,64.0
-502.26,1625449482.0,64.0
-501.28,1625449482.0,64.0
-490.04,1625449482.0,64.0
-475.57,1625449482.0,64.0
-465.33,1625449482.0,64.0
-464.03,1625449482.0,64.0
-472.25,1625449482.0,64.0
-487.6,1625449482.0,64.0
-507.36,1625449482.0,64.0
-530.58,1625449482.0,64.0
-557.88,1625449482.0,64.0
-589.13,1625449482.0,64.0
-620.88,1625449482.0,64.0
-645.72,1625449482.0,64.0
-654.51,1625449482.0,64.0
-640.52,1625449482.0,64.0
-602.88,1625449482.0,64.0
-547.37,1625449482.0,64.0
-483.87,1625449482.0,64.0
-422.34,1625449482.0,64.0
-369.04,1625449482.0,64.0
-325.25,1625449482.0,64.0
-288.59,1625449482.0,64.0
-255.71,1625449482.0,64.0
-224.63,1625449482.0,64.0
-195.41,1625449482.0,64.0
-169.23,1625449482.0,64.0
-146.92,1625449482.0,64.0
-127.99,1625449482.0,64.0
-110.75,1625449482.0,64.0
-93.26,1625449482.0,64.0
-74.36,1625449482.0,64.0
-54.2,1625449482.0,64.0
-34.14,1625449482.0,64.0
-15.86,1625449482.0,64.0
-0.47,1625449482.0,64.0
12.07,1625449482.0,64.0
22.94,1625449482.0,64.0
33.66,1625449482.0,64.0
45.52,1625449482.0,64.0
59.07,1625449482.0,64.0
73.94,1625449482.0,64.0
89.14,1625449482.0,64.0
103.63,1625449482.0,64.0
116.92,1625449482.0,64.0
129.36,1625449482.0,64.0
142.05,1625449482.0,64.0
156.06,1625449482.0,64.0
172.17,1625449482.0,64.0
190.5,1625449482.0,64.0
210.64,1625449482.0,64.0
231.81,1625449482.0,64.0
253.36,1625449482.0,64.0
274.96,1625449482.0,64.0
296.77,1625449482.0,64.0
319.38,1625449482.0,64.0
343.11,1625449482.0,64.0
368.47,1625449482.0,64.0
396.07,1625449482.0,64.0
426.27,1625449482.0,64.0
458.44,1625449482.0,64.0
490.39,1625449482.0,64.0
518.35,1625449482.0,64.0
537.86,1625449482.0,64.0
545.19,1625449482.0,64.0
536.84,1625449482.0,64.0
512.02,1625449482.0,64.0
472.84,1625449482.0,64.0
423.6,1625449482.0,64.0
369.2,1625449482.0,64.0
313.46,1625449482.0,64.0
258.44,1625449482.0,64.0
204.8,1625449482.0,64.0
152.68,1625449482.0,64.0
98.77,1625449482.0,64.0
40.49,1625449482.0,64.0
-22.84,1625449482.0,64.0
-89.17,1625449482.0,64.0
-154.64,1625449482.0,64.0
-215.35,1625449482.0,64.0
-268.81,1625449482.0,64.0
-314.02,1625449482.0,64.0
-351.18,1625449482.0,64.0
-386.85,1625449482.0,64.0
-427.15,1625449482.0,64.0
-475.1,1625449482.0,64.0
-528.66,1625449482.0,64.0
-581.66,1625449482.0,64.0
-626.88,1625449482.0,64.0
-658.8,1625449482.0,64.0
-674.36,1625449482.0,64.0
-673.2,1625449482.0,64.0
-664.85,1625449482.0,64.0
-660.27,1625449482.0,64.0
-668.42,1625449482.0,64.0
-692.98,1625449482.0,64.0
-732.32,1625449482.0,64.0
-781.71,1625449482.0,64.0
-835.66,1625449482.0,64.0
-888.32,1625449482.0,64.0
-888.63,1625449482.0,64.0
-801.69,1625449482.0,64.0
-618.44,1625449482.0,64.0
-364.81,1625449482.0,64.0
-88.18,1625449482.0,64.0
167.69,1625449482.0,64.0
378.1,1625449482.0,64.0
536.62,1625449482.0,64.0
648.61,1625449482.0,64.0
723.96,1625449482.0,64.0
765.5,1625449482.0,64.0
775.5,1625449482.0,64.0
757.73,1625449482.0,64.0
719.64,1625449482.0,64.0
671.06,1625449482.0,64.0
620.96,1625449482.0,64.0
573.5,1625449482.0,64.0
529.37,1625449482.0,64.0
487.46,1625449482.0,64.0
441.58,1625449482.0,64.0
388.6,1625449482.0,64.0
330.77,1625449482.0,64.0
276.09,1625449482.0,64.0
234.63,1625449482.0,64.0
213.15,1625449482.0,64.0
210.9,1625449482.0,64.0
222.06,1625449482.0,64.0
238.77,1625449482.0,64.0
251.59,1625449482.0,64.0
255.93,1625449482.0,64.0
251.93,1625449482.0,64.0
244.05,1625449482.0,64.0
235.29,1625449482.0,64.0
230.54,1625449482.0,64.0
225.93,1625449482.0,64.0
215.27,1625449482.0,64.0
193.11,1625449482.0,64.0
155.82,1625449482.0,64.0
103.97,1625449482.0,64.0
41.51,1625449482.0,64.0
-25.65,1625449482.0,64.0
-91.61,1625449482.0,64.0
-151.4,1625449482.0,64.0
-201.66,1625449482.0,64.0
-238.88,1625449482.0,64.0
-259.73,1625449482.0,64.0
-262.63,1625449482.0,64.0
-248.26,1625449482.0,64.0
-219.86,1625449482.0,64.0
-182.37,1625449482.0,64.0
-141.47,1625449482.0,64.0
-102.34,1625449482.0,64.0
-69.95,1625449482.0,64.0
-47.81,1625449482.0,64.0
-38.15,1625449482.0,64.0
-41.53,1625449482.0,64.0
-56.64,1625449482.0,64.0
-80.51,1625449482.0,64.0
-108.65,1625449482.0,64.0
-135.96,1625449482.0,64.0
-157.61,1625449482.0,64.0
-170.52,1625449482.0,64.0
-173.17,1625449482.0,64.0
-165.82,1625449482.0,64.0
-150.12,1625449482.0,64.0
-128.48,1625449482.0,64.0
-103.55,1625449482.0,64.0
-77.87,1625449482.0,64.0
-53.78,1625449482.0,64.0
-33.21,1625449482.0,64.0
-17.59,1625449482.0,64.0
-7.16,1625449482.0,64.0
-0.68,1625449482.0,64.0
4.47,1625449482.0,64.0
11.51,1625449482.0,64.0
23.55,1625449482.0,64.0
42.52,1625449482.0,64.0
68.25,1625449482.0,64.0
97.9,1625449482.0,64.0
125.83,1625449482.0,64.0
144.69,1625449482.0,64.0
147.47,1625449482.0,64.0
130.15,1625449482.0,64.0
93.8,1625449482.0,64.0
45.01,1625449482.0,64.0
-6.04,1625449482.0,64.0
-49.07,1625449482.0,64.0
-77.25,1625449482.0,64.0
-89.15,1625449482.0,64.0
-88.15,1625449482.0,64.0
-79.98,1625449482.0,64.0
-69.87,1625449482.0,64.0
-60.84,1625449482.0,64.0
-53.61,1625449482.0,64.0
-47.75,1625449482.0,64.0
-43.0,1625449482.0,64.0
-39.66,1625449482.0,64.0
-38.24,1625449482.0,64.0
-38.63,1625449482.0,64.0
-39.73,1625449482.0,64.0
-39.7,1625449482.0,64.0
-36.79,1625449482.0,64.0
-30.19,1625449482.0,64.0
-20.26,1625449482.0,64.0
-8.33,1625449482.0,64.0
4.21,1625449482.0,64.0
16.52,1625449482.0,64.0
28.75,1625449482.0,64.0
41.78,1625449482.0,64.0
56.63,1625449482.0,64.0
73.91,1625449482.0,64.0
93.49,1625449482.0,64.0
114.51,1625449482.0,64.0
135.92,1625449482.0,64.0
156.98,1625449482.0,64.0
177.65,1625449482.0,64.0
198.82,1625449482.0,64.0
221.98,1625449482.0,64.0
248.63,1625449482.0,64.0
279.17,1625449482.0,64.0
312.04,1625449482.0,64.0
343.67,1625449482.0,64.0
369.35,1625449482.0,64.0
385.09,1625449482.0,64.0
389.26,1625449482.0,64.0
383.23,1625449482.0,64.0
370.79,1625449482.0,64.0
356.65,1625449482.0,64.0
344.81,1625449482.0,64.0
337.55,1625449482.0,64.0
335.35,1625449482.0,64.0
337.22,1625449482.0,64.0
341.5,1625449482.0,64.0
346.46,1625449482.0,64.0
350.66,1625449482.0,64.0
353.02,1625449482.0,64.0
352.67,1625449482.0,64.0
348.69,1625449482.0,64.0
339.69,1625449482.0,64.0
323.88,1625449482.0,64.0
299.48,1625449482.0,64.0
265.82,1625449482.0,64.0
224.33,1625449482.0,64.0
178.78,1625449482.0,64.0
134.16,1625449482.0,64.0
94.71,1625449482.0,64.0
62.28,1625449482.0,64.0
36.17,1625449482.0,64.0
14.35,1625449482.0,64.0
-4.71,1625449482.0,64.0
-20.78,1625449482.0,64.0
-31.87,1625449482.0,64.0
-35.12,1625449482.0,64.0
-27.69,1625449482.0,64.0
-7.53,1625449482.0,64.0
26.51,1625449482.0,64.0
74.1,1625449482.0,64.0
132.77,1625449482.0,64.0
197.32,1625449482.0,64.0
260.22,1625449482.0,64.0
313.22,1625449482.0,64.0
349.89,1625449482.0,64.0
367.84,1625449482.0,64.0
369.25,1625449482.0,64.0
359.44,1625449482.0,64.0
344.27,1625449482.0,64.0
327.9,1625449482.0,64.0
311.94,1625449482.0,64.0
296.17,1625449482.0,64.0
279.92,1625449482.0,64.0
262.89,1625449482.0,64.0
245.15,1625449482.0,64.0
226.54,1625449482.0,64.0
206.24,1625449482.0,64.0
183.04,1625449482.0,64.0
156.07,1625449482.0,64.0
125.67,1625449482.0,64.0
93.57,1625449482.0,64.0
62.37,1625449482.0,64.0
34.42,1625449482.0,64.0
10.86,1625449482.0,64.0
-8.87,1625449482.0,64.0
-26.59,1625449482.0,64.0
-44.47,1625449482.0,64.0
-63.88,1625449482.0,64.0
-84.9,1625449482.0,64.0
-106.42,1625449482.0,64.0
-126.87,1625449482.0,64.0
-145.23,1625449482.0,64.0
-161.55,1625449482.0,64.0
-177.04,1625449482.0,64.0
-193.54,1625449482.0,64.0
-212.98,1625449482.0,64.0
-236.88,1625449482.0,64.0
-265.75,1625449482.0,64.0
-298.62,1625449482.0,64.0
-332.55,1625449482.0,64.0
-362.72,1625449482.0,64.0
-383.43,1625449482.0,64.0
-389.86,1625449482.0,64.0
-379.85,1625449482.0,64.0
-354.62,1625449482.0,64.0
-317.93,1625449482.0,64.0
-274.01,1625449482.0,64.0
-225.62,1625449482.0,64.0
-173.26,1625449482.0,64.0
-116.31,1625449482.0,64.0
-55.03,1625449482.0,64.0
7.72,1625449482.0,64.0
66.37,1625449482.0,64.0
114.27,1625449482.0,64.0
146.23,1625449482.0,64.0
160.4,1625449482.0,64.0
158.82,1625449482.0,64.0
146.45,1625449482.0,64.0
129.24,1625449482.0,64.0
112.38,1625449482.0,64.0
98.99,1625449482.0,64.0
89.61,1625449482.0,64.0
82.56,1625449482.0,64.0
74.92,1625449482.0,64.0
63.87,1625449482.0,64.0
47.93,1625449482.0,64.0
27.72,1625449482.0,64.0
5.7,1625449482.0,64.0
-14.71,1625449482.0,64.0
-30.44,1625449482.0,64.0
-39.85,1625449482.0,64.0
-43.14,1625449482.0,64.0
-42.07,1625449482.0,64.0
-39.2,1625449482.0,64.0
-36.97,1625449482.0,64.0
-37.04,1625449482.0,64.0
-40.07,1625449482.0,64.0
-45.73,1625449482.0,64.0
-53.12,1625449482.0,64.0
-61.09,1625449482.0,64.0
-68.6,1625449482.0,64.0
-74.97,1625449482.0,64.0
-80.01,1625449482.0,64.0
-83.94,1625449482.0,64.0
-87.4,1625449482.0,64.0
-91.17,1625449482.0,64.0
-96.09,1625449482.0,64.0
-102.96,1625449482.0,64.0
-112.39,1625449482.0,64.0
-124.8,1625449482.0,64.0
-140.37,1625449482.0,64.0
-159.12,1625449482.0,64.0
-180.99,1625449482.0,64.0
-206.04,1625449482.0,64.0
-234.72,1625449482.0,64.0
-267.79,1625449482.0,64.0
-305.85,1625449482.0,64.0
-348.38,1625449482.0,64.0
-392.82,1625449482.0,64.0
-434.46,1625449482.0,64.0
-467.41,1625449482.0,64.0
-486.7,1625449482.0,64.0
-490.32,1625449482.0,64.0
-480.22,1625449482.0,64.0
-461.41,1625449482.0,64.0
-439.71,1625449482.0,64.0
-419.29,1625449482.0,64.0
-401.22,1625449482.0,64.0
-383.89,1625449482.0,64.0
-364.69,1625449482.0,64.0
-342.02,1625449482.0,64.0
-316.3,1625449482.0,64.0
-289.69,1625449482.0,64.0
-264.89,1625449482.0,64.0
-243.9,1625449482.0,64.0
-227.3,1625449482.0,64.0
-214.46,1625449482.0,64.0
-204.12,1625449482.0,64.0
-195.08,1625449482.0,64.0
-186.74,1625449482.0,64.0
-179.2,1625449482.0,64.0
-173.09,1625449482.0,64.0
-169.25,1625449482.0,64.0
-168.29,1625449482.0,64.0
-170.29,1625449482.0,64.0
-174.75,1625449482.0,64.0
-180.92,1625449482.0,64.0
-187.99,1625449482.0,64.0
-195.33,1625449482.0,64.0
-202.19,1625449482.0,64.0
-207.37,1625449482.0,64.0
-208.85,1625449482.0,64.0
-204.07,1625449482.0,64.0
-190.7,1625449482.0,64.0
-167.73,1625449482.0,64.0
-136.23,1625449482.0,64.0
-99.26,1625449482.0,64.0
-60.89,1625449482.0,64.0
-24.87,1625449482.0,64.0
6.48,1625449482.0,64.0
32.42,1625449482.0,64.0
53.13,1625449482.0,64.0
68.73,1625449482.0,64.0
78.75,1625449482.0,64.0
82.5,1625449482.0,64.0
80.08,1625449482.0,64.0
73.17,1625449482.0,64.0
64.99,1625449482.0,64.0
59.15,1625449482.0,64.0
58.11,1625449482.0,64.0
62.24,1625449482.0,64.0
70.1,1625449482.0,64.0
79.91,1625449482.0,64.0
90.96,1625449482.0,64.0
104.13,1625449482.0,64.0
121.0,1625449482.0,64.0
142.23,1625449482.0,64.0
166.22,1625449482.0,64.0
189.16,1625449482.0,64.0
206.58,1625449482.0,64.0
215.67,1625449482.0,64.0
216.95,1625449482.0,64.0
214.46,1625449482.0,64.0
214.34,1625449482.0,64.0
222.36,1625449482.0,64.0
241.76,1625449482.0,64.0
271.98,1625449482.0,64.0
308.78,1625449482.0,64.0
345.66,1625449482.0,64.0
375.76,1625449482.0,64.0
393.78,1625449482.0,64.0
397.16,1625449482.0,64.0
386.45,1625449482.0,64.0
364.58,1625449482.0,64.0
335.52,1625449482.0,64.0
303.02,1625449482.0,64.0
269.73,1625449482.0,64.0
237.17,1625449482.0,64.0
206.09,1625449482.0,64.0
177.12,1625449482.0,64.0
151.02,1625449482.0,64.0
128.53,1625449482.0,64.0
110.06,1625449482.0,64.0
95.49,1625449482.0,64.0
84.3,1625449482.0,64.0
76.14,1625449482.0,64.0
71.09,1625449482.0,64.0
69.56,1625449482.0,64.0
71.59,1625449482.0,64.0
76.14,1625449482.0,64.0
80.83,1625449482.0,64.0
82.54,1625449482.0,64.0
78.97,1625449482.0,64.0
69.83,1625449482.0,64.0
57.31,1625449482.0,64.0
45.12,1625449482.0,64.0
36.43,1625449482.0,64.0
31.92,1625449482.0,64.0
28.9,1625449482.0,64.0
22.32,1625449482.0,64.0
7.22,1625449482.0,64.0
-18.42,1625449482.0,64.0
-52.17,1625449482.0,64.0
-87.73,1625449482.0,64.0
-117.47,1625449482.0,64.0
-135.33,1625449482.0,64.0
-138.78,1625449482.0,64.0
-128.62,1625449482.0,64.0
-107.47,1625449482.0,64.0
-77.76,1625449482.0,64.0
-41.13,1625449482.0,64.0
0.9,1625449482.0,64.0
45.33,1625449482.0,64.0
86.81,1625449482.0,64.0
118.36,1625449482.0,64.0
133.67,1625449482.0,64.0
129.81,1625449482.0,64.0
108.8,1625449482.0,64.0
77.19,1625449482.0,64.0
43.84,1625449482.0,64.0
17.08,1625449482.0,64.0
2.37,1625449482.0,64.0
1.37,1625449482.0,64.0
12.2,1625449482.0,64.0
30.69,1625449482.0,64.0
51.76,1625449482.0,64.0
70.59,1625449482.0,64.0
83.46,1625449482.0,64.0
88.13,1625449482.0,64.0
84.05,1625449482.0,64.0
72.4,1625449482.0,64.0
56.04,1625449482.0,64.0
39.13,1625449482.0,64.0
26.35,1625449482.0,64.0
21.72,1625449482.0,64.0
27.32,1625449482.0,64.0
42.58,1625449482.0,64.0
64.28,1625449482.0,64.0
87.71,1625449482.0,64.0
108.47,1625449482.0,64.0
123.99,1625449482.0,64.0
134.39,1625449482.0,64.0
141.95,1625449482.0,64.0
149.55,1625449482.0,64.0
158.94,1625449482.0,64.0
169.51,1625449482.0,64.0
178.3,1625449482.0,64.0
181.01,1625449482.0,64.0
173.77,1625449482.0,64.0
154.64,1625449482.0,64.0
124.4,1625449482.0,64.0
86.35,1625449482.0,64.0
45.17,1625449482.0,64.0
5.58,1625449482.0,64.0
-28.86,1625449482.0,64.0
-56.17,1625449482.0,64.0
-75.84,1625449482.0,64.0
-88.1,1625449482.0,64.0
-93.41,1625449482.0,64.0
-92.09,1625449482.0,64.0
-84.48,1625449482.0,64.0
-71.27,1625449482.0,64.0
-53.78,1625449482.0,64.0
-33.91,1625449482.0,64.0
-13.67,1625449482.0,64.0
5.29,1625449482.0,64.0
22.16,1625449482.0,64.0
37.0,1625449482.0,64.0
50.58,1625449482.0,64.0
63.89,1625449482.0,64.0
77.87,1625449482.0,64.0
93.18,1625449482.0,64.0
110.22,1625449482.0,64.0
129.05,1625449482.0,64.0
149.34,1625449482.0,64.0
170.31,1625449482.0,64.0
190.59,1625449482.0,64.0
208.36,1625449482.0,64.0
221.63,1625449482.0,64.0
228.8,1625449482.0,64.0
228.71,1625449482.0,64.0
221.41,1625449482.0,64.0
208.19,1625449482.0,64.0
191.05,1625449482.0,64.0
171.93,1625449482.0,64.0
151.9,1625449482.0,64.0
130.94,1625449482.0,64.0
108.33,1625449482.0,64.0
83.34,1625449482.0,64.0
55.47,1625449482.0,64.0
25.3,1625449482.0,64.0
-5.51,1625449482.0,64.0
-34.68,1625449482.0,64.0
-60.07,1625449482.0,64.0
-80.58,1625449482.0,64.0
-96.67,1625449482.0,64.0
-110.49,1625449482.0,64.0
-125.28,1625449482.0,64.0
-145.24,1625449482.0,64.0
-172.68,1625449482.0,64.0
-206.08,1625449482.0,64.0
-239.5,1625449482.0,64.0
-263.77,1625449482.0,64.0
-269.35,1625449482.0,64.0
-249.35,1625449482.0,64.0
-201.87,1625449482.0,64.0
-131.11,1625449482.0,64.0
-49.39,1625449482.0,64.0
28.01,1625449482.0,64.0
86.96,1625449482.0,64.0
118.2,1625449482.0,64.0
118.87,1625449482.0,64.0
91.96,1625449482.0,64.0
44.8,1625449482.0,64.0
-13.18,1625449482.0,64.0
-72.88,1625449482.0,64.0
-133.0,1625449482.0,64.0
-194.28,1625449482.0,64.0
-256.91,1625449482.0,64.0
-318.39,1625449482.0,64.0
-374.32,1625449482.0,64.0
-421.18,1625449482.0,64.0
-458.02,1625449482.0,64.0
-486.31,1625449482.0,64.0
-508.92,1625449482.0,64.0
-537.43,1625449482.0,64.0
-580.61,1625449482.0,64.0
-640.65,1625449482.0,64.0
-711.9,1625449482.0,64.0
-784.49,1625449482.0,64.0
-849.95,1625449482.0,64.0
-904.06,1625449482.0,64.0
-946.42,1625449482.0,64.0
-978.67,1625449482.0,64.0
-1014.31,1625449482.0,64.0
-1064.1,1625449482.0,64.0
-1131.38,1625449482.0,64.0
-1210.04,1625449482.0,64.0
-1288.7,1625449482.0,64.0
-1357.28,1625449482.0,64.0
-1410.28,1625449482.0,64.0
-1446.59,1625449482.0,64.0
-1396.59,1625449482.0,64.0
-1219.31,1625449482.0,64.0
-915.64,1625449482.0,64.0
-535.62,1625449482.0,64.0
-150.03,1625449482.0,64.0
186.81,1625449482.0,64.0
451.14,1625449482.0,64.0
642.89,1625449482.0,64.0
773.19,1625449482.0,64.0
856.71,1625449482.0,64.0
897.32,1625449482.0,64.0
901.15,1625449482.0,64.0
879.2,1625449482.0,64.0
847.3,1625449482.0,64.0
820.28,1625449482.0,64.0
806.1,1625449482.0,64.0
804.14,1625449482.0,64.0
808.04,1625449482.0,64.0
810.73,1625449482.0,64.0
799.18,1625449482.0,64.0
766.4,1625449482.0,64.0
712.84,1625449482.0,64.0
646.23,1625449482.0,64.0
577.23,1625449482.0,64.0
514.38,1625449482.0,64.0
463.36,1625449482.0,64.0
426.69,1625449482.0,64.0
405.16,1625449482.0,64.0
388.85,1625449482.0,64.0
369.93,1625449482.0,64.0
343.44,1625449482.0,64.0
308.72,1625449482.0,64.0
268.11,1625449482.0,64.0
219.13,1625449482.0,64.0
162.19,1625449482.0,64.0
100.2,1625449482.0,64.0
38.19,1625449482.0,64.0
-21.41,1625449482.0,64.0
-76.95,1625449482.0,64.0
-127.86,1625449482.0,64.0
-173.26,1625449482.0,64.0
-211.8,1625449482.0,64.0
-242.74,1625449482.0,64.0
-264.49,1625449482.0,64.0
-275.91,1625449482.0,64.0
-276.72,1625449482.0,64.0
-268.74,1625449482.0,64.0
-253.89,1625449482.0,64.0
-234.05,1625449482.0,64.0
-210.07,1625449482.0,64.0
-181.55,1625449482.0,64.0
-150.63,1625449482.0,64.0
-118.27,1625449482.0,64.0
-85.69,1625449482.0,64.0
-54.5,1625449482.0,64.0
-26.56,1625449482.0,64.0
-3.33,1625449482.0,64.0
14.06,1625449482.0,64.0
25.07,1625449482.0,64.0
29.8,1625449482.0,64.0
28.84,1625449482.0,64.0
24.09,1625449482.0,64.0
17.42,1625449482.0,64.0
10.32,1625449482.0,64.0
3.69,1625449482.0,64.0
-1.88,1625449482.0,64.0
-6.21,1625449482.0,64.0
-9.35,1625449482.0,64.0
-11.54,1625449482.0,64.0
-13.25,1625449482.0,64.0
-14.37,1625449482.0,64.0
-14.91,1625449482.0,64.0
-14.95,1625449482.0,64.0
-14.64,1625449482.0,64.0
-14.06,1625449482.0,64.0
-13.27,1625449482.0,64.0
-12.26,1625449482.0,64.0
-11.07,1625449482.0,64.0
-9.82,1625449482.0,64.0
-8.31,1625449482.0,64.0
-6.34,1625449482.0,64.0
-3.72,1625449482.0,64.0
-0.25,1625449482.0,64.0
4.27,1625449482.0,64.0
9.94,1625449482.0,64.0
16.7,1625449482.0,64.0
24.32,1625449482.0,64.0
32.38,1625449482.0,64.0
40.54,1625449482.0,64.0
48.59,1625449482.0,64.0
56.5,1625449482.0,64.0
64.48,1625449482.0,64.0
72.86,1625449482.0,64.0
81.96,1625449482.0,64.0
91.91,1625449482.0,64.0
102.64,1625449482.0,64.0
113.89,1625449482.0,64.0
125.39,1625449482.0,64.0
136.97,1625449482.0,64.0
148.66,1625449482.0,64.0
160.66,1625449482.0,64.0
173.38,1625449482.0,64.0
187.33,1625449482.0,64.0
203.12,1625449482.0,64.0
221.25,1625449482.0,64.0
241.75,1625449482.0,64.0
263.86,1625449482.0,64.0
285.85,1625449482.0,64.0
305.27,1625449482.0,64.0
319.59,1625449482.0,64.0
326.96,1625449482.0,64.0
326.84,1625449482.0,64.0
320.05,1625449482.0,64.0
308.34,1625449482.0,64.0
293.66,1625449482.0,64.0
277.62,1625449482.0,64.0
261.16,1625449482.0,64.0
244.77,1625449482.0,64.0
228.74,1625449482.0,64.0
213.34,1625449482.0,64.0
198.81,1625449482.0,64.0
185.17,1625449482.0,64.0
172.15,1625449482.0,64.0
159.22,1625449482.0,64.0
145.83,1625449482.0,64.0
131.58,1625449482.0,64.0
116.42,1625449482.0,64.0
100.62,1625449482.0,64.0
84.7,1625449482.0,64.0
69.27,1625449482.0,64.0
54.88,1625449482.0,64.0
41.88,1625449482.0,64.0
30.28,1625449482.0,64.0
19.78,1625449482.0,64.0
9.79,1625449482.0,64.0
-0.28,1625449482.0,64.0
-10.88,1625449482.0,64.0
-22.14,1625449482.0,64.0
-33.87,1625449482.0,64.0
-45.69,1625449482.0,64.0
-57.0,1625449482.0,64.0
-67.15,1625449482.0,64.0
-75.36,1625449482.0,64.0
-80.8,1625449482.0,64.0
-82.73,1625449482.0,64.0
-80.67,1625449482.0,64.0
-74.64,1625449482.0,64.0
-65.2,1625449482.0,64.0
-53.37,1625449482.0,64.0
-40.4,1625449482.0,64.0
-27.45,1625449482.0,64.0
-15.36,1625449482.0,64.0
-4.68,1625449482.0,64.0
4.32,1625449482.0,64.0
11.47,1625449482.0,64.0
16.65,1625449482.0,64.0
19.87,1625449482.0,64.0
21.3,1625449482.0,64.0
21.39,1625449482.0,64.0
20.73,1625449482.0,64.0
19.92,1625449482.0,64.0
19.31,1625449482.0,64.0
18.88,1625449482.0,64.0
18.29,1625449482.0,64.0
17.1,1625449482.0,64.0
14.94,1625449482.0,64.0
11.75,1625449482.0,64.0
7.65,1625449482.0,64.0
2.87,1625449482.0,64.0
-2.42,1625449482.0,64.0
-8.16,1625449482.0,64.0
-14.33,1625449482.0,64.0
-20.8,1625449482.0,64.0
-27.36,1625449482.0,64.0
-33.66,1625449482.0,64.0
-39.48,1625449482.0,64.0
-44.75,1625449482.0,64.0
-49.69,1625449482.0,64.0
-54.72,1625449482.0,64.0
-60.3,1625449482.0,64.0
-66.78,1625449482.0,64.0
-74.2,1625449482.0,64.0
-82.26,1625449482.0,64.0
-90.27,1625449482.0,64.0
-97.18,1625449482.0,64.0
-101.84,1625449482.0,64.0
-103.18,1625449482.0,64.0
-100.51,1625449482.0,64.0
-93.68,1625449482.0,64.0
-83.14,1625449482.0,64.0
-69.74,1625449482.0,64.0
-54.53,1625449482.0,64.0
-38.47,1625449482.0,64.0
-22.34,1625449482.0,64.0
-6.81,1625449482.0,64.0
7.43,1625449482.0,64.0
19.6,1625449482.0,64.0
28.99,1625449482.0,64.0
35.17,1625449482.0,64.0
38.25,1625449482.0,64.0
38.97,1625449482.0,64.0
38.42,1625449482.0,64.0
37.66,1625449482.0,64.0
37.27,1625449482.0,64.0
37.26,1625449482.0,64.0
37.14,1625449482.0,64.0
36.33,1625449482.0,64.0
34.46,1625449482.0,64.0
31.57,1625449482.0,64.0
28.0,1625449482.0,64.0
24.12,1625449482.0,64.0
20.18,1625449482.0,64.0
16.12,1625449482.0,64.0
11.73,1625449482.0,64.0
6.81,1625449482.0,64.0
1.36,1625449482.0,64.0
-4.42,1625449482.0,64.0
-10.1,1625449482.0,64.0
-15.29,1625449482.0,64.0
-19.71,1625449482.0,64.0
-23.42,1625449482.0,64.0
-26.74,1625449482.0,64.0
-30.22,1625449482.0,64.0
-34.39,1625449482.0,64.0
-39.67,1625449482.0,64.0
-46.19,1625449482.0,64.0
-53.8,1625449482.0,64.0
-62.05,1625449482.0,64.0
-70.3,1625449482.0,64.0
-77.66,1625449482.0,64.0
-83.17,1625449482.0,64.0
-85.88,1625449482.0,64.0
-84.99,1625449482.0,64.0
-80.16,1625449482.0,64.0
-71.48,1625449482.0,64.0
-59.61,1625449482.0,64.0
-45.51,1625449482.0,64.0
-30.24,1625449482.0,64.0
-14.73,1625449482.0,64.0
0.27,1625449482.0,64.0
14.23,1625449482.0,64.0
26.59,1625449482.0,64.0
36.82,1625449482.0,64.0
44.45,1625449482.0,64.0
49.28,1625449482.0,64.0
51.48,1625449482.0,64.0
51.67,1625449482.0,64.0
50.72,1625449482.0,64.0
49.48,1625449482.0,64.0
48.48,1625449482.0,64.0
47.82,1625449482.0,64.0
47.18,1625449482.0,64.0
46.1,1625449482.0,64.0
44.17,1625449482.0,64.0
41.26,1625449482.0,64.0
37.49,1625449482.0,64.0
33.19,1625449482.0,64.0
28.7,1625449482.0,64.0
24.26,1625449482.0,64.0
19.93,1625449482.0,64.0
15.62,1625449482.0,64.0
11.19,1625449482.0,64.0
6.53,1625449482.0,64.0
1.65,1625449482.0,64.0
-3.39,1625449482.0,64.0
-8.52,1625449482.0,64.0
-13.7,1625449482.0,64.0
-18.98,1625449482.0,64.0
-24.39,1625449482.0,64.0
-29.89,1625449482.0,64.0
-35.36,1625449482.0,64.0
-40.64,1625449482.0,64.0
-45.71,1625449482.0,64.0
-50.7,1625449482.0,64.0
-55.97,1625449482.0,64.0
-61.8,1625449482.0,64.0
-68.21,1625449482.0,64.0
-74.72,1625449482.0,64.0
-80.4,1625449482.0,64.0
-84.02,1625449482.0,64.0
-84.47,1625449482.0,64.0
-81.07,1625449482.0,64.0
-73.77,1625449482.0,64.0
-63.1,1625449482.0,64.0
-49.93,1625449482.0,64.0
-35.21,1625449482.0,64.0
-19.77,1625449482.0,64.0
-4.29,1625449482.0,64.0
10.6,1625449482.0,64.0
24.18,1625449482.0,64.0
35.65,1625449482.0,64.0
44.29,1625449482.0,64.0
49.74,1625449482.0,64.0
52.22,1625449482.0,64.0
52.51,1625449482.0,64.0
51.71,1625449482.0,64.0
50.81,1625449482.0,64.0
50.39,1625449482.0,64.0
50.43,1625449482.0,64.0
50.49,1625449482.0,64.0
50.02,1625449482.0,64.0
48.65,1625449482.0,64.0
46.34,1625449482.0,64.0
43.32,1625449482.0,64.0
39.87,1625449482.0,64.0
36.21,1625449482.0,64.0
32.35,1625449482.0,64.0
28.22,1625449482.0,64.0
23.79,1625449482.0,64.0
19.17,1625449482.0,64.0
14.64,1625449482.0,64.0
10.47,1625449482.0,64.0
6.85,1625449482.0,64.0
3.72,1625449482.0,64.0
0.83,1625449482.0,64.0
-2.15,1625449482.0,64.0
-5.49,1625449482.0,64.0
-9.28,1625449482.0,64.0
-13.41,1625449482.0,64.0
-17.65,1625449482.0,64.0
-21.83,1625449482.0,64.0
-25.82,1625449482.0,64.0
-29.64,1625449482.0,64.0
-33.36,1625449482.0,64.0
-37.17,1625449482.0,64.0
-41.29,1625449482.0,64.0
-45.98,1625449482.0,64.0
-51.45,1625449482.0,64.0
-57.72,1625449482.0,64.0
-64.5,1625449482.0,64.0
-71.12,1625449482.0,64.0
-76.63,1625449482.0,64.0
-79.92,1625449482.0,64.0
-80.04,1625449482.0,64.0
-76.4,1625449482.0,64.0
-69.0,1625449482.0,64.0
-58.31,1625449482.0,64.0
-45.21,1625449482.0,64.0
-30.66,1625449482.0,64.0
-15.56,1625449482.0,64.0
-0.67,1625449482.0,64.0
13.32,1625449482.0,64.0
25.71,1625449482.0,64.0
35.8,1625449482.0,64.0
43.05,1625449482.0,64.0
47.28,1625449482.0,64.0
48.81,1625449482.0,64.0
48.45,1625449482.0,64.0
47.27,1625449482.0,64.0
46.18,1625449482.0,64.0
45.71,1625449482.0,64.0
45.86,1625449482.0,64.0
46.29,1625449482.0,64.0
46.49,1625449482.0,64.0
46.05,1625449482.0,64.0
44.8,1625449482.0,64.0
42.82,1625449482.0,64.0
40.33,1625449482.0,64.0
37.62,1625449482.0,64.0
34.89,1625449482.0,64.0
32.2,1625449482.0,64.0
29.52,1625449482.0,64.0
26.74,1625449482.0,64.0
23.81,1625449482.0,64.0
20.78,1625449482.0,64.0
17.73,1625449482.0,64.0
14.79,1625449482.0,64.0
11.95,1625449482.0,64.0
9.1,1625449482.0,64.0
6.0,1625449482.0,64.0
2.49,1625449482.0,64.0
-1.5,1625449482.0,64.0
-5.86,1625449482.0,64.0
-10.35,1625449482.0,64.0
-14.7,1625449482.0,64.0
-18.74,1625449482.0,64.0
-22.36,1625449482.0,64.0
-25.63,1625449482.0,64.0
-28.66,1625449482.0,64.0
-31.66,1625449482.0,64.0
-34.86,1625449482.0,64.0
-38.53,1625449482.0,64.0
-42.91,1625449482.0,64.0
-48.11,1625449482.0,64.0
-54.11,1625449482.0,64.0
-60.57,1625449482.0,64.0
-66.88,1625449482.0,64.0
-72.11,1625449482.0,64.0
-75.25,1625449482.0,64.0
-75.41,1625449482.0,64.0
-72.09,1625449482.0,64.0
-65.36,1625449482.0,64.0
-55.87,1625449482.0,64.0
-44.62,1625449482.0,64.0
-32.58,1625449482.0,64.0
-20.48,1625449482.0,64.0
-8.58,1625449482.0,64.0
3.1,1625449482.0,64.0
14.51,1625449482.0,64.0
25.29,1625449482.0,64.0
34.72,1625449482.0,64.0
42.01,1625449482.0,64.0
46.64,1625449482.0,64.0
48.67,1625449482.0,64.0
48.68,1625449482.0,64.0
47.57,1625449482.0,64.0
46.15,1625449482.0,64.0
44.84,1625449482.0,64.0
43.69,1625449482.0,64.0
42.56,1625449482.0,64.0
41.28,1625449482.0,64.0
39.78,1625449482.0,64.0
38.1,1625449482.0,64.0
36.23,1625449482.0,64.0
34.1,1625449482.0,64.0
31.61,1625449482.0,64.0
28.7,1625449482.0,64.0
25.45,1625449482.0,64.0
22.02,1625449482.0,64.0
18.66,1625449482.0,64.0
15.55,1625449482.0,64.0
12.78,1625449482.0,64.0
10.36,1625449482.0,64.0
8.2,1625449482.0,64.0
6.21,1625449482.0,64.0
4.22,1625449482.0,64.0
2.08,1625449482.0,64.0
-0.33,1625449482.0,64.0
-3.09,1625449482.0,64.0
-6.2,1625449482.0,64.0
-9.55,1625449482.0,64.0
-13.02,1625449482.0,64.0
-16.47,1625449482.0,64.0
-19.78,1625449482.0,64.0
-22.91,1625449482.0,64.0
-25.92,1625449482.0,64.0
-28.95,1625449482.0,64.0
-32.2,1625449482.0,64.0
-35.89,1625449482.0,64.0
-40.2,1625449482.0,64.0
-45.21,1625449482.0,64.0
-50.86,1625449482.0,64.0
-56.83,1625449482.0,64.0
-62.63,1625449482.0,64.0
-67.52,1625449482.0,64.0
-70.7,1625449482.0,64.0
-71.4,1625449482.0,64.0
-69.09,1625449482.0,64.0
-63.63,1625449482.0,64.0
-55.32,1625449482.0,64.0
-44.82,1625449482.0,64.0
-32.99,1625449482.0,64.0
-20.63,1625449482.0,64.0
-8.36,1625449482.0,64.0
3.48,1625449482.0,64.0
14.68,1625449482.0,64.0
25.0,1625449482.0,64.0
34.05,1625449482.0,64.0
41.36,1625449482.0,64.0
46.5,1625449482.0,64.0
49.34,1625449482.0,64.0
50.14,1625449482.0,64.0
49.55,1625449482.0,64.0
48.35,1625449482.0,64.0
47.2,1625449482.0,64.0
46.44,1625449482.0,64.0
45.99,1625449482.0,64.0
45.54,1625449482.0,64.0
44.7,1625449482.0,64.0
43.21,1625449482.0,64.0
41.03,1625449482.0,64.0
38.33,1625449482.0,64.0
35.37,1625449482.0,64.0
32.38,1625449482.0,64.0
29.45,1625449482.0,64.0
26.52,1625449482.0,64.0
23.48,1625449482.0,64.0
20.22,1625449482.0,64.0
16.78,1625449482.0,64.0
13.32,1625449482.0,64.0
10.09,1625449482.0,64.0
7.24,1625449482.0,64.0
4.78,1625449482.0,64.0
2.57,1625449482.0,64.0
0.39,1625449482.0,64.0
-1.91,1625449482.0,64.0
-4.41,1625449482.0,64.0
-7.06,1625449482.0,64.0
-9.73,1625449482.0,64.0
-12.31,1625449482.0,64.0
-14.7,1625449482.0,64.0
-16.9,1625449482.0,64.0
-18.96,1625449482.0,64.0
-20.99,1625449482.0,64.0
-23.2,1625449482.0,64.0
-25.79,1625449482.0,64.0
-28.93,1625449482.0,64.0
-32.73,1625449482.0,64.0
-37.16,1625449482.0,64.0
-42.13,1625449482.0,64.0
-47.45,1625449482.0,64.0
-52.79,1625449482.0,64.0
-57.68,1625449482.0,64.0
-61.43,1625449482.0,64.0
-63.31,1625449482.0,64.0
-62.64,1625449482.0,64.0
-59.13,1625449482.0,64.0
-52.93,1625449482.0,64.0
-44.64,1625449482.0,64.0
-35.04,1625449482.0,64.0
-24.84,1625449482.0,64.0
-14.44,1625449482.0,64.0
-4.02,1625449482.0,64.0
6.36,1625449482.0,64.0
16.47,1625449482.0,64.0
25.86,1625449482.0,64.0
33.88,1625449482.0,64.0
39.93,1625449482.0,64.0
43.73,1625449482.0,64.0
45.44,1625449482.0,64.0
45.65,1625449482.0,64.0
45.12,1625449482.0,64.0
44.52,1625449482.0,64.0
44.19,1625449482.0,64.0
44.11,1625449482.0,64.0
43.98,1625449482.0,64.0
43.47,1625449482.0,64.0
42.36,1625449482.0,64.0
40.66,1625449482.0,64.0
38.54,1625449482.0,64.0
36.21,1625449482.0,64.0
33.79,1625449482.0,64.0
31.3,1625449482.0,64.0
28.67,1625449482.0,64.0
25.88,1625449482.0,64.0
23.0,1625449482.0,64.0
20.15,1625449482.0,64.0
17.47,1625449482.0,64.0
14.96,1625449482.0,64.0
12.58,1625449482.0,64.0
10.23,1625449482.0,64.0
7.84,1625449482.0,64.0
5.4,1625449482.0,64.0
2.93,1625449482.0,64.0
0.41,1625449482.0,64.0
-2.24,1625449482.0,64.0
-5.14,1625449482.0,64.0
-8.35,1625449482.0,64.0
-11.82,1625449482.0,64.0
-15.34,1625449482.0,64.0
-18.69,1625449482.0,64.0
-21.7,1625449482.0,64.0
-24.42,1625449482.0,64.0
-27.06,1625449482.0,64.0
-29.9,1625449482.0,64.0
-33.13,1625449482.0,64.0
-36.81,1625449482.0,64.0
-40.85,1625449482.0,64.0
-45.05,1625449482.0,64.0
-49.21,1625449482.0,64.0
-53.01,1625449482.0,64.0
-56.02,1625449482.0,64.0
-57.61,1625449482.0,64.0
-57.11,1625449482.0,64.0
-54.01,1625449482.0,64.0
-48.17,1625449482.0,64.0
-39.97,1625449482.0,64.0
-30.11,1625449482.0,64.0
-19.42,1625449482.0,64.0
-8.59,1625449482.0,64.0
1.99,1625449482.0,64.0
12.07,1625449482.0,64.0
21.37,1625449482.0,64.0
29.37,1625449482.0,64.0
35.45,1625449482.0,64.0
39.07,1625449482.0,64.0
40.14,1625449482.0,64.0
39.12,1625449482.0,64.0
36.95,1625449482.0,64.0
34.7,1625449482.0,64.0
33.18,1625449482.0,64.0
32.67,1625449482.0,64.0
32.93,1625449482.0,64.0
33.46,1625449482.0,64.0
33.76,1625449482.0,64.0
33.59,1625449482.0,64.0
32.93,1625449482.0,64.0
31.9,1625449482.0,64.0
30.56,1625449482.0,64.0
28.85,1625449482.0,64.0
26.72,1625449482.0,64.0
24.17,1625449482.0,64.0
21.37,1625449482.0,64.0
18.59,1625449482.0,64.0
16.07,1625449482.0,64.0
13.94,1625449482.0,64.0
12.16,1625449482.0,64.0
10.5,1625449482.0,64.0
8.77,1625449482.0,64.0
6.77,1625449482.0,64.0
4.44,1625449482.0,64.0
1.84,1625449482.0,64.0
-0.91,1625449482.0,64.0
-3.71,1625449482.0,64.0
-6.51,1625449482.0,64.0
-9.33,1625449482.0,64.0
-12.24,1625449482.0,64.0
-15.27,1625449482.0,64.0
-18.42,1625449482.0,64.0
-21.55,1625449482.0,64.0
-24.56,1625449482.0,64.0
-27.39,1625449482.0,64.0
-30.12,1625449482.0,64.0
-32.93,1625449482.0,64.0
-36.01,1625449482.0,64.0
-39.47,1625449482.0,64.0
-43.26,1625449482.0,64.0
-47.2,1625449482.0,64.0
-50.98,1625449482.0,64.0
-54.18,1625449482.0,64.0
-56.23,1625449482.0,64.0
-56.54,1625449482.0,64.0
-54.62,1625449482.0,64.0
-50.25,1625449482.0,64.0
-43.68,1625449482.0,64.0
-35.51,1625449482.0,64.0
-26.49,1625449482.0,64.0
-17.27,1625449482.0,64.0
-8.19,1625449482.0,64.0
0.72,1625449482.0,64.0
9.47,1625449482.0,64.0
17.94,1625449482.0,64.0
25.72,1625449482.0,64.0
32.19,1625449482.0,64.0
36.81,1625449482.0,64.0
39.34,1625449482.0,64.0
39.99,1625449482.0,64.0
39.35,1625449482.0,64.0
38.15,1625449482.0,64.0
36.98,1625449482.0,64.0
36.13,1625449482.0,64.0
35.56,1625449482.0,64.0
35.04,1625449482.0,64.0
34.31,1625449482.0,64.0
33.23,1625449482.0,64.0
31.84,1625449482.0,64.0
30.23,1625449482.0,64.0
28.51,1625449482.0,64.0
26.69,1625449482.0,64.0
24.77,1625449482.0,64.0
22.66,1625449482.0,64.0
20.34,1625449482.0,64.0
17.82,1625449482.0,64.0
15.16,1625449482.0,64.0
12.42,1625449482.0,64.0
9.7,1625449482.0,64.0
7.03,1625449482.0,64.0
4.47,1625449482.0,64.0
2.0,1625449482.0,64.0
-0.41,1625449482.0,64.0
-2.83,1625449482.0,64.0
-5.32,1625449482.0,64.0
-7.89,1625449482.0,64.0
-10.46,1625449482.0,64.0
-12.89,1625449482.0,64.0
-15.03,1625449482.0,64.0
-16.84,1625449482.0,64.0
-18.46,1625449482.0,64.0
-20.12,1625449482.0,64.0
-22.15,1625449482.0,64.0
-24.77,1625449482.0,64.0
-28.02,1625449482.0,64.0
-31.82,1625449482.0,64.0
-35.98,1625449482.0,64.0
-40.36,1625449482.0,64.0
-44.79,1625449482.0,64.0
-49.0,1625449482.0,64.0
-52.49,1625449482.0,64.0
-54.54,1625449482.0,64.0
-54.43,1625449482.0,64.0
-51.66,1625449482.0,64.0
-46.24,1625449482.0,64.0
-38.68,1625449482.0,64.0
-29.8,1625449482.0,64.0
-20.43,1625449482.0,64.0
-11.14,1625449482.0,64.0
-2.15,1625449482.0,64.0
6.46,1625449482.0,64.0
14.6,1625449482.0,64.0
22.03,1625449482.0,64.0
28.31,1625449482.0,64.0
33.01,1625449482.0,64.0
35.92,1625449482.0,64.0
37.18,1625449482.0,64.0
37.24,1625449482.0,64.0
36.71,1625449482.0,64.0
36.17,1625449482.0,64.0
35.94,1625449482.0,64.0
36.02,1625449482.0,64.0
36.16,1625449482.0,64.0
36.03,1625449482.0,64.0
35.4,1625449482.0,64.0
34.22,1625449482.0,64.0
32.58,1625449482.0,64.0
30.66,1625449482.0,64.0
28.56,1625449482.0,64.0
26.24,1625449482.0,64.0
23.64,1625449482.0,64.0
20.69,1625449482.0,64.0
17.43,1625449482.0,64.0
14.01,1625449482.0,64.0
10.64,1625449482.0,64.0
7.51,1625449482.0,64.0
4.77,1625449482.0,64.0
2.5,1625449482.0,64.0
0.65,1625449482.0,64.0
-0.91,1625449482.0,64.0
-2.44,1625449482.0,64.0
-4.17,1625449482.0,64.0
-6.29,1625449482.0,64.0
-8.81,1625449482.0,64.0
-11.57,1625449482.0,64.0
-14.27,1625449482.0,64.0
-16.64,1625449482.0,64.0
-18.57,1625449482.0,64.0
-20.16,1625449482.0,64.0
-21.74,1625449482.0,64.0
-23.67,1625449482.0,64.0
-26.27,1625449482.0,64.0
-29.66,1625449482.0,64.0
-33.78,1625449482.0,64.0
-38.36,1625449482.0,64.0
-42.98,1625449482.0,64.0
-47.1,1625449482.0,64.0
-50.05,1625449482.0,64.0
-51.23,1625449482.0,64.0
-50.13,1625449482.0,64.0
-46.56,1625449482.0,64.0
-40.7,1625449482.0,64.0
-33.11,1625449482.0,64.0
-24.52,1625449482.0,64.0
-15.66,1625449482.0,64.0
-7.01,1625449482.0,64.0
1.27,1625449482.0,64.0
9.2,1625449482.0,64.0
16.78,1625449482.0,64.0
23.8,1625449482.0,64.0
29.79,1625449482.0,64.0
34.23,1625449482.0,64.0
36.79,1625449482.0,64.0
37.53,1625449482.0,64.0
36.96,1625449482.0,64.0
35.8,1625449482.0,64.0
34.75,1625449482.0,64.0
34.17,1625449482.0,64.0
34.04,1625449482.0,64.0
34.05,1625449482.0,64.0
33.78,1625449482.0,64.0
32.91,1625449482.0,64.0
31.35,1625449482.0,64.0
29.24,1625449482.0,64.0
26.88,1625449482.0,64.0
24.54,1625449482.0,64.0
22.36,1625449482.0,64.0
20.28,1625449482.0,64.0
18.13,1625449482.0,64.0
15.71,1625449482.0,64.0
12.97,1625449482.0,64.0
10.05,1625449482.0,64.0
7.25,1625449482.0,64.0
4.88,1625449482.0,64.0
3.05,1625449482.0,64.0
1.58,1625449482.0,64.0
0.1,1625449482.0,64.0
-1.79,1625449482.0,64.0
-4.3,1625449482.0,64.0
-7.35,1625449482.0,64.0
-10.65,1625449482.0,64.0
-13.84,1625449482.0,64.0
-16.68,1625449482.0,64.0
-19.12,1625449482.0,64.0
-21.29,1625449482.0,64.0
-23.38,1625449482.0,64.0
-25.63,1625449482.0,64.0
-28.23,1625449482.0,64.0
-31.3,1625449482.0,64.0
-34.94,1625449482.0,64.0
-39.08,1625449482.0,64.0
-43.51,1625449482.0,64.0
-47.74,1625449482.0,64.0
-51.1,1625449482.0,64.0
-52.84,1625449482.0,64.0
-52.35,1625449482.0,64.0
-49.29,1625449482.0,64.0
-43.78,1625449482.0,64.0
-36.3,1625449482.0,64.0
-27.65,1625449482.0,64.0
-18.66,1625449482.0,64.0
-9.96,1625449482.0,64.0
-1.85,1625449482.0,64.0
5.7,1625449482.0,64.0
12.86,1625449482.0,64.0
19.64,1625449482.0,64.0
25.78,1625449482.0,64.0
30.79,1625449482.0,64.0
34.21,1625449482.0,64.0
35.91,1625449482.0,64.0
36.23,1625449482.0,64.0
35.84,1625449482.0,64.0
35.48,1625449482.0,64.0
35.56,1625449482.0,64.0
36.04,1625449482.0,64.0
36.56,1625449482.0,64.0
36.65,1625449482.0,64.0
36.04,1625449482.0,64.0
34.74,1625449482.0,64.0
32.94,1625449482.0,64.0
30.84,1625449482.0,64.0
28.56,1625449482.0,64.0
26.06,1625449482.0,64.0
23.24,1625449482.0,64.0
20.04,1625449482.0,64.0
16.47,1625449482.0,64.0
12.64,1625449482.0,64.0
8.73,1625449482.0,64.0
4.97,1625449482.0,64.0
1.57,1625449482.0,64.0
-1.3,1625449482.0,64.0
-3.59,1625449482.0,64.0
-5.42,1625449482.0,64.0
-7.01,1625449482.0,64.0
-8.65,1625449482.0,64.0
-10.59,1625449482.0,64.0
-12.88,1625449482.0,64.0
-15.43,1625449482.0,64.0
-18.01,1625449482.0,64.0
-20.44,1625449482.0,64.0
-22.6,1625449482.0,64.0
-24.54,1625449482.0,64.0
-26.37,1625449482.0,64.0
-28.25,1625449482.0,64.0
-30.34,1625449482.0,64.0
-32.76,1625449482.0,64.0
-35.65,1625449482.0,64.0
-39.11,1625449482.0,64.0
-43.05,1625449482.0,64.0
-47.17,1625449482.0,64.0
-50.82,1625449482.0,64.0
-53.21,1625449482.0,64.0
-53.57,1625449482.0,64.0
-51.48,1625449482.0,64.0
-46.98,1625449482.0,64.0
-40.6,1625449482.0,64.0
-33.11,1625449482.0,64.0
-25.17,1625449482.0,64.0
-17.21,1625449482.0,64.0
-9.28,1625449482.0,64.0
-1.27,1625449482.0,64.0
6.88,1625449482.0,64.0
14.98,1625449482.0,64.0
22.55,1625449482.0,64.0
28.94,1625449482.0,64.0
33.6,1625449482.0,64.0
36.34,1625449482.0,64.0
37.38,1625449482.0,64.0
37.29,1625449482.0,64.0
36.74,1625449482.0,64.0
36.22,1625449482.0,64.0
35.87,1625449482.0,64.0
35.54,1625449482.0,64.0
34.95,1625449482.0,64.0
33.89,1625449482.0,64.0
32.36,1625449482.0,64.0
30.59,1625449482.0,64.0
28.8,1625449482.0,64.0
27.14,1625449482.0,64.0
25.54,1625449482.0,64.0
23.78,1625449482.0,64.0
21.71,1625449482.0,64.0
19.31,1625449482.0,64.0
16.77,1625449482.0,64.0
14.4,1625449482.0,64.0
12.44,1625449482.0,64.0
10.98,1625449482.0,64.0
9.88,1625449482.0,64.0
8.82,1625449482.0,64.0
7.41,1625449482.0,64.0
5.33,1625449482.0,64.0
2.44,1625449482.0,64.0
-1.13,1625449482.0,64.0
-5.0,1625449482.0,64.0
-8.72,1625449482.0,64.0
-11.89,1625449482.0,64.0
-14.37,1625449482.0,64.0
-16.33,1625449482.0,64.0
-18.19,1625449482.0,64.0
-20.45,1625449482.0,64.0
-23.5,1625449482.0,64.0
-27.43,1625449482.0,64.0
-32.05,1625449482.0,64.0
-36.94,1625449482.0,64.0
-41.55,1625449482.0,64.0
-45.31,1625449482.0,64.0
-47.7,1625449482.0,64.0
-48.27,1625449482.0,64.0
-46.83,1625449482.0,64.0
-43.41,1625449482.0,64.0
-38.34,1625449482.0,64.0
-32.15,1625449482.0,64.0
-25.35,1625449482.0,64.0
-18.29,1625449482.0,64.0
-11.09,1625449482.0,64.0
-3.69,1625449482.0,64.0
3.9,1625449482.0,64.0
11.52,1625449482.0,64.0
18.76,1625449482.0,64.0
25.02,1625449482.0,64.0
29.83,1625449482.0,64.0
32.91,1625449482.0,64.0
34.38,1625449482.0,64.0
34.65,1625449482.0,64.0
34.25,1625449482.0,64.0
33.64,1625449482.0,64.0
33.06,1625449482.0,64.0
32.52,1625449482.0,64.0
31.84,1625449482.0,64.0
30.88,1625449482.0,64.0
29.58,1625449482.0,64.0
28.0,1625449482.0,64.0
26.33,1625449482.0,64.0
24.71,1625449482.0,64.0
23.25,1625449482.0,64.0
21.89,1625449482.0,64.0
20.44,1625449482.0,64.0
18.69,1625449482.0,64.0
16.53,1625449482.0,64.0
14.03,1625449482.0,64.0
11.46,1625449482.0,64.0
9.17,1625449482.0,64.0
7.42,1625449482.0,64.0
6.15,1625449482.0,64.0
5.01,1625449482.0,64.0
3.5,1625449482.0,64.0
1.26,1625449482.0,64.0
-1.68,1625449482.0,64.0
-4.88,1625449482.0,64.0
-7.7,1625449482.0,64.0
-9.73,1625449482.0,64.0
-11.0,1625449482.0,64.0
-12.09,1625449482.0,64.0
-13.73,1625449482.0,64.0
-16.42,1625449482.0,64.0
-20.13,1625449482.0,64.0
-24.25,1625449482.0,64.0
-27.94,1625449482.0,64.0
-30.48,1625449482.0,64.0
-31.54,1625449482.0,64.0
-31.11,1625449482.0,64.0
-29.21,1625449482.0,64.0
-25.64,1625449482.0,64.0
-19.85,1625449482.0,64.0
-11.41,1625449482.0,64.0
-0.26,1625449482.0,64.0
12.6,1625449482.0,64.0
25.35,1625449482.0,64.0
35.59,1625449482.0,64.0
41.18,1625449482.0,64.0
41.16,1625449482.0,64.0
36.1,1625449482.0,64.0
27.75,1625449482.0,64.0
18.19,1625449482.0,64.0
8.79,1625449482.0,64.0
-0.19,1625449482.0,64.0
-9.13,1625449482.0,64.0
-18.2,1625449482.0,64.0
-26.87,1625449482.0,64.0
-34.2,1625449482.0,64.0
-39.91,1625449482.0,64.0
-44.81,1625449482.0,64.0
-50.51,1625449482.0,64.0
-57.88,1625449482.0,64.0
-65.16,1625449482.0,64.0
-67.49,1625449482.0,64.0
-58.55,1625449482.0,64.0
-33.86,1625449482.0,64.0
6.07,1625449482.0,64.0
54.7,1625449482.0,64.0
101.49,1625449482.0,64.0
135.94,1625449482.0,64.0
151.72,1625449482.0,64.0
148.59,1625449482.0,64.0
131.41,1625449482.0,64.0
107.38,1625449482.0,64.0
82.68,1625449482.0,64.0
60.89,1625449482.0,64.0
42.73,1625449482.0,64.0
27.66,1625449482.0,64.0
15.18,1625449482.0,64.0
5.51,1625449482.0,64.0
-0.6,1625449482.0,64.0
-2.76,1625449482.0,64.0
-1.67,1625449482.0,64.0
0.83,1625449482.0,64.0
2.37,1625449482.0,64.0
0.89,1625449482.0,64.0
-4.43,1625449482.0,64.0
-12.93,1625449482.0,64.0
-22.72,1625449482.0,64.0
-31.29,1625449482.0,64.0
-36.61,1625449482.0,64.0
-37.57,1625449482.0,64.0
-34.32,1625449482.0,64.0
-28.02,1625449482.0,64.0
-20.29,1625449482.0,64.0
-12.59,1625449482.0,64.0
-5.74,1625449482.0,64.0
0.15,1625449482.0,64.0
5.55,1625449482.0,64.0
11.31,1625449482.0,64.0
18.5,1625449482.0,64.0
28.13,1625449482.0,64.0
40.73,1625449482.0,64.0
55.92,1625449482.0,64.0
71.87,1625449482.0,64.0
85.27,1625449482.0,64.0
92.0,1625449482.0,64.0
88.47,1625449482.0,64.0
73.09,1625449482.0,64.0
47.35,1625449482.0,64.0
15.63,1625449482.0,64.0
-16.02,1625449482.0,64.0
-41.81,1625449482.0,64.0
-57.69,1625449482.0,64.0
-62.07,1625449482.0,64.0
-55.6,1625449482.0,64.0
-40.73,1625449482.0,64.0
-21.21,1625449482.0,64.0
-1.54,1625449482.0,64.0
13.73,1625449482.0,64.0
21.09,1625449482.0,64.0
19.13,1625449482.0,64.0
9.15,1625449482.0,64.0
-5.24,1625449482.0,64.0
-19.29,1625449482.0,64.0
-28.66,1625449482.0,64.0
-30.64,1625449482.0,64.0
-24.4,1625449482.0,64.0
-10.72,1625449482.0,64.0
8.67,1625449482.0,64.0
31.31,1625449482.0,64.0
53.76,1625449482.0,64.0
71.55,1625449482.0,64.0
79.53,1625449482.0,64.0
73.14,1625449482.0,64.0
50.08,1625449482.0,64.0
11.94,1625449482.0,64.0
-35.47,1625449482.0,64.0
-83.11,1625449482.0,64.0
-120.79,1625449482.0,64.0
-140.45,1625449482.0,64.0
-138.9,1625449482.0,64.0
-119.53,1625449482.0,64.0
-91.43,1625449482.0,64.0
-66.74,1625449482.0,64.0
-56.48,1625449482.0,64.0
-66.67,1625449482.0,64.0
-96.19,1625449482.0,64.0
-137.13,1625449482.0,64.0
-177.61,1625449482.0,64.0
-205.78,1625449482.0,64.0
-213.62,1625449482.0,64.0
-198.59,1625449482.0,64.0
-163.25,1625449482.0,64.0
-113.46,1625449482.0,64.0
-56.56,1625449482.0,64.0
-0.03,1625449482.0,64.0
49.54,1625449482.0,64.0
87.04,1625449482.0,64.0
109.91,1625449482.0,64.0
119.08,1625449482.0,64.0
119.17,1625449482.0,64.0
117.08,1625449482.0,64.0
119.48,1625449482.0,64.0
129.91,1625449482.0,64.0
147.53,1625449482.0,64.0
167.89,1625449482.0,64.0
185.37,1625449482.0,64.0
196.16,1625449482.0,64.0
200.14,1625449482.0,64.0
200.43,1625449482.0,64.0
201.45,1625449482.0,64.0
206.26,1625449482.0,64.0
214.57,1625449482.0,64.0
222.23,1625449482.0,64.0
222.78,1625449482.0,64.0
210.4,1625449482.0,64.0
183.28,1625449482.0,64.0
145.63,1625449482.0,64.0
106.7,1625449482.0,64.0
76.77,1625449482.0,64.0
62.57,1625449482.0,64.0
63.92,1625449482.0,64.0
73.76,1625449482.0,64.0
81.78,1625449482.0,64.0
79.33,1625449482.0,64.0
63.03,1625449482.0,64.0
34.98,1625449482.0,64.0
0.25,1625449482.0,64.0
-35.83,1625449482.0,64.0
-69.43,1625449482.0,64.0
-97.8,1625449482.0,64.0
-118.49,1625449482.0,64.0
-129.43,1625449482.0,64.0
-130.32,1625449482.0,64.0
-124.24,1625449482.0,64.0
-117.56,1625449482.0,64.0
-117.49,1625449482.0,64.0
-128.16,1625449482.0,64.0
-148.29,1625449482.0,64.0
-171.52,1625449482.0,64.0
-189.58,1625449482.0,64.0
-195.84,1625449482.0,64.0
-187.51,1625449482.0,64.0
-165.46,1625449482.0,64.0
-132.55,1625449482.0,64.0
-92.22,1625449482.0,64.0
-47.92,1625449482.0,64.0
-3.4,1625449482.0,64.0
37.6,1625449482.0,64.0
72.55,1625449482.0,64.0
101.57,1625449482.0,64.0
127.13,1625449482.0,64.0
152.34,1625449482.0,64.0
178.48,1625449482.0,64.0
203.35,1625449482.0,64.0
222.13,1625449482.0,64.0
229.99,1625449482.0,64.0
224.73,1625449482.0,64.0
207.5,1625449482.0,64.0
181.78,1625449482.0,64.0
151.98,1625449482.0,64.0
122.59,1625449482.0,64.0
98.53,1625449482.0,64.0
85.07,1625449482.0,64.0
86.68,1625449482.0,64.0
104.64,1625449482.0,64.0
135.19,1625449482.0,64.0
169.9,1625449482.0,64.0
198.67,1625449482.0,64.0
214.18,1625449482.0,64.0
214.69,1625449482.0,64.0
204.03,1625449482.0,64.0
188.51,1625449482.0,64.0
173.19,1625449482.0,64.0
159.86,1625449482.0,64.0
147.4,1625449482.0,64.0
133.9,1625449482.0,64.0
118.42,1625449482.0,64.0
101.71,1625449482.0,64.0
85.2,1625449482.0,64.0
69.62,1625449482.0,64.0
54.19,1625449482.0,64.0
37.01,1625449482.0,64.0
16.01,1625449482.0,64.0
-9.93,1625449482.0,64.0
-40.35,1625449482.0,64.0
-73.55,1625449482.0,64.0
-107.43,1625449482.0,64.0
-140.48,1625449482.0,64.0
-172.4,1625449482.0,64.0
-204.16,1625449482.0,64.0
-237.37,1625449482.0,64.0
-273.78,1625449482.0,64.0
-314.82,1625449482.0,64.0
-361.36,1625449482.0,64.0
-413.37,1625449482.0,64.0
-469.25,1625449482.0,64.0
-525.25,1625449482.0,64.0
-575.61,1625449482.0,64.0
-613.79,1625449482.0,64.0
-634.63,1625449482.0,64.0
-636.22,1625449482.0,64.0
-620.6,1625449482.0,64.0
-592.72,1625449482.0,64.0
-558.34,1625449482.0,64.0
-522.05,1625449482.0,64.0
-486.51,1625449482.0,64.0
-452.97,1625449482.0,64.0
-422.29,1625449482.0,64.0
-395.51,1625449482.0,64.0
-373.35,1625449482.0,64.0
-355.32,1625449482.0,64.0
-339.21,1625449482.0,64.0
-321.7,1625449482.0,64.0
-299.89,1625449482.0,64.0
-272.73,1625449482.0,64.0
-241.55,1625449482.0,64.0
-209.23,1625449482.0,64.0
-178.83,1625449482.0,64.0
-152.22,1625449482.0,64.0
-129.48,1625449482.0,64.0
-109.22,1625449482.0,64.0
-89.46,1625449482.0,64.0
-68.45,1625449482.0,64.0
-45.34,1625449482.0,64.0
-20.23,1625449482.0,64.0
6.14,1625449482.0,64.0
32.87,1625449482.0,64.0
59.42,1625449482.0,64.0
85.77,1625449482.0,64.0
112.39,1625449482.0,64.0
139.83,1625449482.0,64.0
168.22,1625449482.0,64.0
197.24,1625449482.0,64.0
226.32,1625449482.0,64.0
255.15,1625449482.0,64.0
284.03,1625449482.0,64.0
313.52,1625449482.0,64.0
343.76,1625449482.0,64.0
373.67,1625449482.0,64.0
400.67,1625449482.0,64.0
421.37,1625449482.0,64.0
432.59,1625449482.0,64.0
432.32,1625449482.0,64.0
419.8,1625449482.0,64.0
395.07,1625449482.0,64.0
357.91,1625449482.0,64.0
307.83,1625449482.0,64.0
245.29,1625449482.0,64.0
173.63,1625449482.0,64.0
100.05,1625449482.0,64.0
34.19,1625449482.0,64.0
-15.37,1625449482.0,64.0
-44.77,1625449482.0,64.0
-56.51,1625449482.0,64.0
-57.65,1625449482.0,64.0
-55.44,1625449482.0,64.0
-53.27,1625449482.0,64.0
-49.12,1625449482.0,64.0
-37.63,1625449482.0,64.0
-14.06,1625449482.0,64.0
22.26,1625449482.0,64.0
67.55,1625449482.0,64.0
115.86,1625449482.0,64.0
162.2,1625449482.0,64.0
204.41,1625449482.0,64.0
242.37,1625449482.0,64.0
275.91,1625449482.0,64.0
303.19,1625449482.0,64.0
321.12,1625449482.0,64.0
327.49,1625449482.0,64.0
323.0,1625449482.0,64.0
311.54,1625449482.0,64.0
298.5,1625449482.0,64.0
288.09,1625449482.0,64.0
281.23,1625449482.0,64.0
275.45,1625449482.0,64.0
266.71,1625449482.0,64.0
251.76,1625449482.0,64.0
229.79,1625449482.0,64.0
202.47,1625449482.0,64.0
172.73,1625449482.0,64.0
143.27,1625449482.0,64.0
115.69,1625449482.0,64.0
90.46,1625449482.0,64.0
67.46,1625449482.0,64.0
46.55,1625449482.0,64.0
27.52,1625449482.0,64.0
9.8,1625449482.0,64.0
-7.86,1625449482.0,64.0
-27.52,1625449482.0,64.0
-51.67,1625449482.0,64.0
-82.43,1625449482.0,64.0
-120.57,1625449482.0,64.0
-164.66,1625449482.0,64.0
-210.66,1625449482.0,64.0
-252.64,1625449482.0,64.0
-284.33,1625449482.0,64.0
-301.26,1625449482.0,64.0
-302.42,1625449482.0,64.0
-290.58,1625449482.0,64.0
-271.27,1625449482.0,64.0
-250.56,1625449482.0,64.0
-232.99,1625449482.0,64.0
-220.43,1625449482.0,64.0
-212.34,1625449482.0,64.0
-206.97,1625449482.0,64.0
-202.7,1625449482.0,64.0
-198.8,1625449482.0,64.0
-195.31,1625449482.0,64.0
-192.51,1625449482.0,64.0
-190.22,1625449482.0,64.0
-187.66,1625449482.0,64.0
-183.66,1625449482.0,64.0
-177.16,1625449482.0,64.0
-167.58,1625449482.0,64.0
-155.2,1625449482.0,64.0
-140.95,1625449482.0,64.0
-126.01,1625449482.0,64.0
-111.36,1625449482.0,64.0
-97.25,1625449482.0,64.0
-83.29,1625449482.0,64.0
-68.62,1625449482.0,64.0
-52.55,1625449482.0,64.0
-34.99,1625449482.0,64.0
-16.71,1625449482.0,64.0
0.84,1625449482.0,64.0
16.07,1625449482.0,64.0
27.78,1625449482.0,64.0
35.63,1625449482.0,64.0
40.17,1625449482.0,64.0
42.55,1625449482.0,64.0
44.07,1625449482.0,64.0
45.64,1625449482.0,64.0
47.45,1625449482.0,64.0
49.03,1625449482.0,64.0
49.59,1625449482.0,64.0
48.42,1625449482.0,64.0
45.25,1625449482.0,64.0
40.2,1625449482.0,64.0
33.6,1625449482.0,64.0
25.64,1625449482.0,64.0
16.18,1625449482.0,64.0
4.75,1625449482.0,64.0
-9.17,1625449482.0,64.0
-25.79,1625449482.0,64.0
-44.66,1625449482.0,64.0
-64.61,1625449482.0,64.0
-83.97,1625449482.0,64.0
-100.97,1625449482.0,64.0
-114.08,1625449482.0,64.0
-122.52,1625449482.0,64.0
-126.55,1625449482.0,64.0
-127.58,1625449482.0,64.0
-127.9,1625449482.0,64.0
-130.23,1625449482.0,64.0
-136.92,1625449482.0,64.0
-149.23,1625449482.0,64.0
-166.33,1625449482.0,64.0
-184.84,1625449482.0,64.0
-199.45,1625449482.0,64.0
-204.52,1625449482.0,64.0
-196.08,1625449482.0,64.0
-173.26,1625449482.0,64.0
-138.62,1625449482.0,64.0
-96.86,1625449482.0,64.0
-53.24,1625449482.0,64.0
-11.19,1625449482.0,64.0
28.81,1625449482.0,64.0
68.88,1625449482.0,64.0
111.97,1625449482.0,64.0
159.97,1625449482.0,64.0
212.75,1625449482.0,64.0
267.78,1625449482.0,64.0
321.05,1625449482.0,64.0
367.23,1625449482.0,64.0
401.4,1625449482.0,64.0
420.17,1625449482.0,64.0
422.44,1625449482.0,64.0
408.98,1625449482.0,64.0
381.79,1625449482.0,64.0
343.51,1625449482.0,64.0
296.48,1625449482.0,64.0
242.35,1625449482.0,64.0
180.82,1625449482.0,64.0
111.46,1625449482.0,64.0
35.54,1625449482.0,64.0
-42.42,1625449482.0,64.0
-115.12,1625449482.0,64.0
-174.39,1625449482.0,64.0
-213.64,1625449482.0,64.0
-230.41,1625449482.0,64.0
-221.11,1625449482.0,64.0
-188.21,1625449482.0,64.0
-140.01,1625449482.0,64.0
-87.34,1625449482.0,64.0
-37.91,1625449482.0,64.0
6.57,1625449482.0,64.0
47.6,1625449482.0,64.0
89.32,1625449482.0,64.0
132.37,1625449482.0,64.0
173.19,1625449482.0,64.0
205.05,1625449482.0,64.0
222.05,1625449482.0,64.0
220.35,1625449482.0,64.0
200.84,1625449482.0,64.0
168.26,1625449482.0,64.0
129.26,1625449482.0,64.0
90.09,1625449482.0,64.0
55.1,1625449482.0,64.0
28.07,1625449482.0,64.0
10.4,1625449482.0,64.0
1.7,1625449482.0,64.0
0.67,1625449482.0,64.0
6.09,1625449482.0,64.0
16.67,1625449482.0,64.0
30.47,1625449482.0,64.0
43.18,1625449482.0,64.0
52.0,1625449482.0,64.0
55.11,1625449482.0,64.0
51.5,1625449482.0,64.0
41.5,1625449482.0,64.0
26.61,1625449482.0,64.0
8.74,1625449482.0,64.0
-11.28,1625449482.0,64.0
-32.52,1625449482.0,64.0
-56.07,1625449482.0,64.0
-83.55,1625449482.0,64.0
-115.78,1625449482.0,64.0
-151.74,1625449482.0,64.0
-187.76,1625449482.0,64.0
-218.12,1625449482.0,64.0
-236.79,1625449482.0,64.0
-239.93,1625449482.0,64.0
-227.53,1625449482.0,64.0
-203.62,1625449482.0,64.0
-174.34,1625449482.0,64.0
-145.77,1625449482.0,64.0
-122.11,1625449482.0,64.0
-104.74,1625449482.0,64.0
-92.8,1625449482.0,64.0
-84.33,1625449482.0,64.0
-77.66,1625449482.0,64.0
-71.92,1625449482.0,64.0
-67.0,1625449482.0,64.0
-62.73,1625449482.0,64.0
-58.62,1625449482.0,64.0
-54.05,1625449482.0,64.0
-48.6,1625449482.0,64.0
-42.36,1625449482.0,64.0
-35.99,1625449482.0,64.0
-30.52,1625449482.0,64.0
-26.74,1625449482.0,64.0
-25.0,1625449482.0,64.0
-24.79,1625449482.0,64.0
-25.14,1625449482.0,64.0
-25.05,1625449482.0,64.0
-24.02,1625449482.0,64.0
-22.31,1625449482.0,64.0
-20.83,1625449482.0,64.0
-20.68,1625449482.0,64.0
-22.51,1625449482.0,64.0
-26.18,1625449482.0,64.0
-30.44,1625449482.0,64.0
-33.4,1625449482.0,64.0
-33.17,1625449482.0,64.0
-28.6,1625449482.0,64.0
-19.71,1625449482.0,64.0
-7.63,1625449482.0,64.0
5.95,1625449482.0,64.0
19.48,1625449482.0,64.0
31.99,1625449482.0,64.0
43.24,1625449482.0,64.0
53.37,1625449482.0,64.0
62.44,1625449482.0,64.0
70.23,1625449482.0,64.0
76.2,1625449482.0,64.0
79.89,1625449482.0,64.0
81.23,1625449482.0,64.0
80.73,1625449482.0,64.0
79.3,1625449482.0,64.0
77.9,1625449482.0,64.0
77.18,1625449482.0,64.0
77.23,1625449482.0,64.0
77.7,1625449482.0,64.0
77.96,1625449482.0,64.0
77.43,1625449482.0,64.0
75.72,1625449482.0,64.0
72.77,1625449482.0,64.0
68.86,1625449482.0,64.0
64.48,1625449482.0,64.0
60.18,1625449482.0,64.0
56.28,1625449482.0,64.0
52.72,1625449482.0,64.0
49.02,1625449482.0,64.0
44.56,1625449482.0,64.0
38.9,1625449482.0,64.0
32.02,1625449482.0,64.0
24.32,1625449482.0,64.0
16.37,1625449482.0,64.0
8.61,1625449482.0,64.0
1.22,1625449482.0,64.0
-5.85,1625449482.0,64.0
-12.73,1625449482.0,64.0
-19.42,1625449482.0,64.0
-25.73,1625449482.0,64.0
-31.38,1625449482.0,64.0
-36.13,1625449482.0,64.0
-39.94,1625449482.0,64.0
-42.92,1625449482.0,64.0
-45.32,1625449482.0,64.0
-47.33,1625449482.0,64.0
-48.9,1625449482.0,64.0
-49.72,1625449482.0,64.0
-49.23,1625449482.0,64.0
-46.87,1625449482.0,64.0
-42.32,1625449482.0,64.0
-35.67,1625449482.0,64.0
-27.36,1625449482.0,64.0
-17.96,1625449482.0,64.0
-7.88,1625449482.0,64.0
2.68,1625449482.0,64.0
13.5,1625449482.0,64.0
24.12,1625449482.0,64.0
33.6,1625449482.0,64.0
40.8,1625449482.0,64.0
44.89,1625449482.0,64.0
45.76,1625449482.0,64.0
44.23,1625449482.0,64.0
41.65,1625449482.0,64.0
39.31,1625449482.0,64.0
37.98,1625449482.0,64.0
37.71,1625449482.0,64.0
38.08,1625449482.0,64.0
38.52,1625449482.0,64.0
38.7,1625449482.0,64.0
38.51,1625449482.0,64.0
38.04,1625449482.0,64.0
37.32,1625449482.0,64.0
36.26,1625449482.0,64.0
34.66,1625449482.0,64.0
32.3,1625449482.0,64.0
29.09,1625449482.0,64.0
25.16,1625449482.0,64.0
20.81,1625449482.0,64.0
16.42,1625449482.0,64.0
12.28,1625449482.0,64.0
8.48,1625449482.0,64.0
4.9,1625449482.0,64.0
1.25,1625449482.0,64.0
-2.74,1625449482.0,64.0
-7.2,1625449482.0,64.0
-12.07,1625449482.0,64.0
-17.18,1625449482.0,64.0
-22.28,1625449482.0,64.0
-27.17,1625449482.0,64.0
-31.6,1625449482.0,64.0
-35.23,1625449482.0,64.0
-37.66,1625449482.0,64.0
-38.45,1625449482.0,64.0
-37.32,1625449482.0,64.0
-34.24,1625449482.0,64.0
-29.35,1625449482.0,64.0
-22.96,1625449482.0,64.0
-15.32,1625449482.0,64.0
-6.64,1625449482.0,64.0
2.91,1625449482.0,64.0
12.98,1625449482.0,64.0
22.95,1625449482.0,64.0
31.94,1625449482.0,64.0
39.01,1625449482.0,64.0
43.44,1625449482.0,64.0
45.02,1625449482.0,64.0
44.2,1625449482.0,64.0
41.93,1625449482.0,64.0
39.38,1625449482.0,64.0
37.54,1625449482.0,64.0
36.88,1625449482.0,64.0
37.25,1625449482.0,64.0
38.08,1625449482.0,64.0
38.59,1625449482.0,64.0
38.12,1625449482.0,64.0
36.35,1625449482.0,64.0
33.32,1625449482.0,64.0
29.29,1625449482.0,64.0
24.65,1625449482.0,64.0
19.73,1625449482.0,64.0
14.76,1625449482.0,64.0
9.94,1625449482.0,64.0
5.47,1625449482.0,64.0
1.58,1625449482.0,64.0
-1.52,1625449482.0,64.0
-3.78,1625449482.0,64.0
-5.35,1625449482.0,64.0
-6.55,1625449482.0,64.0
-7.83,1625449482.0,64.0
-9.53,1625449482.0,64.0
-11.86,1625449482.0,64.0
-14.86,1625449482.0,64.0
-18.56,1625449482.0,64.0
-22.97,1625449482.0,64.0
-28.03,1625449482.0,64.0
-33.46,1625449482.0,64.0
-38.63,1625449482.0,64.0
-42.63,1625449482.0,64.0
-44.5,1625449482.0,64.0
-43.64,1625449482.0,64.0
-39.97,1625449482.0,64.0
-33.99,1625449482.0,64.0
-26.47,1625449482.0,64.0
-18.08,1625449482.0,64.0
-9.21,1625449482.0,64.0
0.11,1625449482.0,64.0
9.88,1625449482.0,64.0
19.89,1625449482.0,64.0
29.59,1625449482.0,64.0
38.18,1625449482.0,64.0
44.91,1625449482.0,64.0
49.41,1625449482.0,64.0
51.81,1625449482.0,64.0
52.6,1625449482.0,64.0
52.32,1625449482.0,64.0
51.3,1625449482.0,64.0
49.54,1625449482.0,64.0
46.93,1625449482.0,64.0
43.47,1625449482.0,64.0
39.42,1625449482.0,64.0
35.29,1625449482.0,64.0
31.53,1625449482.0,64.0
28.3,1625449482.0,64.0
25.42,1625449482.0,64.0
22.5,1625449482.0,64.0
19.32,1625449482.0,64.0
15.92,1625449482.0,64.0
12.65,1625449482.0,64.0
9.8,1625449482.0,64.0
7.45,1625449482.0,64.0
5.29,1625449482.0,64.0
2.8,1625449482.0,64.0
-0.46,1625449482.0,64.0
-4.69,1625449482.0,64.0
-9.81,1625449482.0,64.0
-15.64,1625449482.0,64.0
-22.01,1625449482.0,64.0
-28.83,1625449482.0,64.0
-35.9,1625449482.0,64.0
-42.75,1625449482.0,64.0
-48.57,1625449482.0,64.0
-52.42,1625449482.0,64.0
-53.48,1625449482.0,64.0
-51.44,1625449482.0,64.0
-46.51,1625449482.0,64.0
-39.27,1625449482.0,64.0
-30.36,1625449482.0,64.0
-20.29,1625449482.0,64.0
-9.31,1625449482.0,64.0
2.35,1625449482.0,64.0
14.25,1625449482.0,64.0
25.62,1625449482.0,64.0
35.4,1625449482.0,64.0
42.6,1625449482.0,64.0
46.59,1625449482.0,64.0
47.34,1625449482.0,64.0
45.36,1625449482.0,64.0
41.47,1625449482.0,64.0
36.5,1625449482.0,64.0
31.05,1625449482.0,64.0
25.43,1625449482.0,64.0
19.67,1625449482.0,64.0
13.74,1625449482.0,64.0
7.56,1625449482.0,64.0
1.13,1625449482.0,64.0
-5.45,1625449482.0,64.0
-12.0,1625449482.0,64.0
-18.2,1625449482.0,64.0
-23.71,1625449482.0,64.0
-28.15,1625449482.0,64.0
-31.32,1625449482.0,64.0
-33.19,1625449482.0,64.0
-33.98,1625449482.0,64.0
-34.02,1625449482.0,64.0
-33.66,1625449482.0,64.0
-33.22,1625449482.0,64.0
-32.96,1625449482.0,64.0
-33.14,1625449482.0,64.0
-34.01,1625449482.0,64.0
-35.81,1625449482.0,64.0
-38.57,1625449482.0,64.0
-42.01,1625449482.0,64.0
-45.49,1625449482.0,64.0
-48.05,1625449482.0,64.0
-48.72,1625449482.0,64.0
-46.85,1625449482.0,64.0
-42.23,1625449482.0,64.0
-35.2,1625449482.0,64.0
-26.46,1625449482.0,64.0
-16.78,1625449482.0,64.0
-6.8,1625449482.0,64.0
3.08,1625449482.0,64.0
12.67,1625449482.0,64.0
21.78,1625449482.0,64.0
30.17,1625449482.0,64.0
37.46,1625449482.0,64.0
43.23,1625449482.0,64.0
47.19,1625449482.0,64.0
49.32,1625449482.0,64.0
49.91,1625449482.0,64.0
49.47,1625449482.0,64.0
48.57,1625449482.0,64.0
47.61,1625449482.0,64.0
46.71,1625449482.0,64.0
45.7,1625449482.0,64.0
44.27,1625449482.0,64.0
42.12,1625449482.0,64.0
39.09,1625449482.0,64.0
35.21,1625449482.0,64.0
30.65,1625449482.0,64.0
25.65,1625449482.0,64.0
20.42,1625449482.0,64.0
15.17,1625449482.0,64.0
10.06,1625449482.0,64.0
5.18,1625449482.0,64.0
0.59,1625449482.0,64.0
-3.73,1625449482.0,64.0
-7.87,1625449482.0,64.0
-11.96,1625449482.0,64.0
-16.11,1625449482.0,64.0
-20.43,1625449482.0,64.0
-24.92,1625449482.0,64.0
-29.5,1625449482.0,64.0
-33.97,1625449482.0,64.0
-38.02,1625449482.0,64.0
-41.29,1625449482.0,64.0
-43.4,1625449482.0,64.0
-44.06,1625449482.0,64.0
-43.07,1625449482.0,64.0
-40.39,1625449482.0,64.0
-36.15,1625449482.0,64.0
-30.51,1625449482.0,64.0
-23.7,1625449482.0,64.0
-15.93,1625449482.0,64.0
-7.43,1625449482.0,64.0
1.52,1625449482.0,64.0
10.41,1625449482.0,64.0
18.57,1625449482.0,64.0
25.21,1625449482.0,64.0
29.73,1625449482.0,64.0
31.93,1625449482.0,64.0
32.14,1625449482.0,64.0
31.19,1625449482.0,64.0
30.06,1625449482.0,64.0
29.54,1625449482.0,64.0
29.92,1625449482.0,64.0
31.0,1625449482.0,64.0
32.19,1625449482.0,64.0
32.78,1625449482.0,64.0
32.23,1625449482.0,64.0
30.23,1625449482.0,64.0
26.8,1625449482.0,64.0
22.13,1625449482.0,64.0
16.64,1625449482.0,64.0
10.83,1625449482.0,64.0
5.24,1625449482.0,64.0
0.38,1625449482.0,64.0
-3.47,1625449482.0,64.0
-6.33,1625449482.0,64.0
-8.53,1625449482.0,64.0
-10.62,1625449482.0,64.0
-13.16,1625449482.0,64.0
-16.56,1625449482.0,64.0
-20.91,1625449482.0,64.0
-26.03,1625449482.0,64.0
-31.57,1625449482.0,64.0
-37.13,1625449482.0,64.0
-42.31,1625449482.0,64.0
-46.68,1625449482.0,64.0
-49.77,1625449482.0,64.0
-51.11,1625449482.0,64.0
-50.38,1625449482.0,64.0
-47.6,1625449482.0,64.0
-43.14,1625449482.0,64.0
-37.6,1625449482.0,64.0
-31.56,1625449482.0,64.0
-25.28,1625449482.0,64.0
-18.69,1625449482.0,64.0
-11.52,1625449482.0,64.0
-3.62,1625449482.0,64.0
4.76,1625449482.0,64.0
12.93,1625449482.0,64.0
20.02,1625449482.0,64.0
25.31,1625449482.0,64.0
28.55,1625449482.0,64.0
30.06,1625449482.0,64.0
30.56,1625449482.0,64.0
30.84,1625449482.0,64.0
31.43,1625449482.0,64.0
32.46,1625449482.0,64.0
33.69,1625449482.0,64.0
34.69,1625449482.0,64.0
35.07,1625449482.0,64.0
34.61,1625449482.0,64.0
33.26,1625449482.0,64.0
31.07,1625449482.0,64.0
28.12,1625449482.0,64.0
24.55,1625449482.0,64.0
20.52,1625449482.0,64.0
16.21,1625449482.0,64.0
11.81,1625449482.0,64.0
7.47,1625449482.0,64.0
3.28,1625449482.0,64.0
-0.71,1625449482.0,64.0
-4.43,1625449482.0,64.0
-7.82,1625449482.0,64.0
-10.83,1625449482.0,64.0
-13.49,1625449482.0,64.0
-15.94,1625449482.0,64.0
-18.43,1625449482.0,64.0
-21.15,1625449482.0,64.0
-24.23,1625449482.0,64.0
-27.71,1625449482.0,64.0
-31.56,1625449482.0,64.0
-35.73,1625449482.0,64.0
-40.15,1625449482.0,64.0
-44.64,1625449482.0,64.0
-48.82,1625449482.0,64.0
-52.1,1625449482.0,64.0
-53.83,1625449482.0,64.0
-53.44,1625449482.0,64.0
-50.69,1625449482.0,64.0
-45.68,1625449482.0,64.0
-38.88,1625449482.0,64.0
-30.88,1625449482.0,64.0
-22.29,1625449482.0,64.0
-13.53,1625449482.0,64.0
-4.9,1625449482.0,64.0
3.44,1625449482.0,64.0
11.26,1625449482.0,64.0
18.21,1625449482.0,64.0
23.87,1625449482.0,64.0
27.87,1625449482.0,64.0
30.07,1625449482.0,64.0
30.75,1625449482.0,64.0
30.54,1625449482.0,64.0
30.23,1625449482.0,64.0
30.46,1625449482.0,64.0
31.49,1625449482.0,64.0
33.12,1625449482.0,64.0
34.84,1625449482.0,64.0
36.11,1625449482.0,64.0
36.49,1625449482.0,64.0
35.82,1625449482.0,64.0
34.1,1625449482.0,64.0
31.43,1625449482.0,64.0
27.97,1625449482.0,64.0
23.92,1625449482.0,64.0
19.56,1625449482.0,64.0
15.12,1625449482.0,64.0
10.78,1625449482.0,64.0
6.56,1625449482.0,64.0
2.41,1625449482.0,64.0
-1.71,1625449482.0,64.0
-5.74,1625449482.0,64.0
-9.5,1625449482.0,64.0
-12.77,1625449482.0,64.0
-15.47,1625449482.0,64.0
-17.74,1625449482.0,64.0
-19.85,1625449482.0,64.0
-22.09,1625449482.0,64.0
-24.64,1625449482.0,64.0
-27.53,1625449482.0,64.0
-30.64,1625449482.0,64.0
-33.84,1625449482.0,64.0
-37.06,1625449482.0,64.0
-40.27,1625449482.0,64.0
-43.38,1625449482.0,64.0
-46.08,1625449482.0,64.0
-47.9,1625449482.0,64.0
-48.26,1625449482.0,64.0
-46.74,1625449482.0,64.0
-43.25,1625449482.0,64.0
-38.09,1625449482.0,64.0
-31.81,1625449482.0,64.0
-24.98,1625449482.0,64.0
-17.99,1625449482.0,64.0
-10.94,1625449482.0,64.0
-3.78,1625449482.0,64.0
3.48,1625449482.0,64.0
10.59,1625449482.0,64.0
17.09,1625449482.0,64.0
22.41,1625449482.0,64.0
26.17,1625449482.0,64.0
28.37,1625449482.0,64.0
29.38,1625449482.0,64.0
29.79,1625449482.0,64.0
30.11,1625449482.0,64.0
30.67,1625449482.0,64.0
31.45,1625449482.0,64.0
32.24,1625449482.0,64.0
32.77,1625449482.0,64.0
32.8,1625449482.0,64.0
32.18,1625449482.0,64.0
30.83,1625449482.0,64.0
28.72,1625449482.0,64.0
25.86,1625449482.0,64.0
22.38,1625449482.0,64.0
18.51,1625449482.0,64.0
14.56,1625449482.0,64.0
10.82,1625449482.0,64.0
7.45,1625449482.0,64.0
4.5,1625449482.0,64.0
1.9,1625449482.0,64.0
-0.45,1625449482.0,64.0
-2.64,1625449482.0,64.0
-4.76,1625449482.0,64.0
-6.9,1625449482.0,64.0
-9.11,1625449482.0,64.0
-11.41,1625449482.0,64.0
-13.75,1625449482.0,64.0
-16.05,1625449482.0,64.0
-18.28,1625449482.0,64.0
-20.53,1625449482.0,64.0
-23.01,1625449482.0,64.0
-25.98,1625449482.0,64.0
-29.65,1625449482.0,64.0
-34.04,1625449482.0,64.0
-38.96,1625449482.0,64.0
-44.05,1625449482.0,64.0
-48.76,1625449482.0,64.0
-52.53,1625449482.0,64.0
-54.86,1625449482.0,64.0
-55.4,1625449482.0,64.0
-54.01,1625449482.0,64.0
-50.82,1625449482.0,64.0
-46.13,1625449482.0,64.0
-40.34,1625449482.0,64.0
-33.83,1625449482.0,64.0
-26.89,1625449482.0,64.0
-19.7,1625449482.0,64.0
-12.38,1625449482.0,64.0
-5.02,1625449482.0,64.0
2.22,1625449482.0,64.0
9.06,1625449482.0,64.0
15.11,1625449482.0,64.0
20.0,1625449482.0,64.0
23.48,1625449482.0,64.0
25.61,1625449482.0,64.0
26.78,1625449482.0,64.0
27.52,1625449482.0,64.0
28.29,1625449482.0,64.0
29.21,1625449482.0,64.0
30.03,1625449482.0,64.0
30.3,1625449482.0,64.0
29.7,1625449482.0,64.0
28.24,1625449482.0,64.0
26.29,1625449482.0,64.0
24.35,1625449482.0,64.0
22.82,1625449482.0,64.0
21.74,1625449482.0,64.0
20.87,1625449482.0,64.0
19.84,1625449482.0,64.0
18.3,1625449482.0,64.0
16.13,1625449482.0,64.0
13.34,1625449482.0,64.0
10.09,1625449482.0,64.0
6.54,1625449482.0,64.0
2.88,1625449482.0,64.0
-0.74,1625449482.0,64.0
-4.15,1625449482.0,64.0
-7.24,1625449482.0,64.0
-9.97,1625449482.0,64.0
-12.37,1625449482.0,64.0
-14.62,1625449482.0,64.0
-16.95,1625449482.0,64.0
-19.68,1625449482.0,64.0
-23.06,1625449482.0,64.0
-27.21,1625449482.0,64.0
-32.05,1625449482.0,64.0
-37.28,1625449482.0,64.0
-42.42,1625449482.0,64.0
-46.93,1625449482.0,64.0
-50.31,1625449482.0,64.0
-52.29,1625449482.0,64.0
-52.76,1625449482.0,64.0
-51.84,1625449482.0,64.0
-49.7,1625449482.0,64.0
-46.48,1625449482.0,64.0
-42.23,1625449482.0,64.0
-36.93,1625449482.0,64.0
-30.55,1625449482.0,64.0
-23.13,1625449482.0,64.0
-14.78,1625449482.0,64.0
-5.81,1625449482.0,64.0
3.34,1625449482.0,64.0
12.03,1625449482.0,64.0
19.51,1625449482.0,64.0
25.1,1625449482.0,64.0
28.34,1625449482.0,64.0
29.21,1625449482.0,64.0
28.19,1625449482.0,64.0
26.12,1625449482.0,64.0
23.93,1625449482.0,64.0
22.33,1625449482.0,64.0
21.61,1625449482.0,64.0
21.64,1625449482.0,64.0
22.01,1625449482.0,64.0
22.26,1625449482.0,64.0
22.07,1625449482.0,64.0
21.27,1625449482.0,64.0
19.88,1625449482.0,64.0
18.0,1625449482.0,64.0
15.76,1625449482.0,64.0
13.31,1625449482.0,64.0
10.79,1625449482.0,64.0
8.33,1625449482.0,64.0
6.05,1625449482.0,64.0
4.04,1625449482.0,64.0
2.34,1625449482.0,64.0
0.93,1625449482.0,64.0
-0.28,1625449482.0,64.0
-1.46,1625449482.0,64.0
-2.85,1625449482.0,64.0
-4.64,1625449482.0,64.0
-6.95,1625449482.0,64.0
-9.74,1625449482.0,64.0
-12.82,1625449482.0,64.0
-15.99,1625449482.0,64.0
-19.05,1625449482.0,64.0
-21.9,1625449482.0,64.0
-24.51,1625449482.0,64.0
-26.88,1625449482.0,64.0
-28.86,1625449482.0,64.0
-30.18,1625449482.0,64.0
-30.44,1625449482.0,64.0
-29.2,1625449482.0,64.0
-26.17,1625449482.0,64.0
-21.31,1625449482.0,64.0
-14.86,1625449482.0,64.0
-7.31,1625449482.0,64.0
0.68,1625449482.0,64.0
8.45,1625449482.0,64.0
15.43,1625449482.0,64.0
21.18,1625449482.0,64.0
25.48,1625449482.0,64.0
28.3,1625449482.0,64.0
29.92,1625449482.0,64.0
30.85,1625449482.0,64.0
31.85,1625449482.0,64.0
33.7,1625449482.0,64.0
36.93,1625449482.0,64.0
41.51,1625449482.0,64.0
46.74,1625449482.0,64.0
51.61,1625449482.0,64.0
55.28,1625449482.0,64.0
57.6,1625449482.0,64.0
59.17,1625449482.0,64.0
60.92,1625449482.0,64.0
63.4,1625449482.0,64.0
66.16,1625449482.0,64.0
67.81,1625449482.0,64.0
66.45,1625449482.0,64.0
60.62,1625449482.0,64.0
49.82,1625449482.0,64.0
34.5,1625449482.0,64.0
15.82,1625449482.0,64.0
-4.91,1625449482.0,64.0
-26.28,1625449482.0,64.0
-46.79,1625449482.0,64.0
-64.81,1625449482.0,64.0
-78.94,1625449482.0,64.0
-88.5,1625449482.0,64.0
-93.95,1625449482.0,64.0
-96.68,1625449482.0,64.0
-98.32,1625449482.0,64.0
-99.93,1625449482.0,64.0
-101.75,1625449482.0,64.0
-103.48,1625449482.0,64.0
-104.99,1625449482.0,64.0
-106.64,1625449482.0,64.0
-109.04,1625449482.0,64.0
-112.23,1625449482.0,64.0
-115.06,1625449482.0,64.0
-115.21,1625449482.0,64.0
-110.08,1625449482.0,64.0
-98.03,1625449482.0,64.0
-79.31,1625449482.0,64.0
-56.05,1625449482.0,64.0
-31.37,1625449482.0,64.0
-8.15,1625449482.0,64.0
11.92,1625449482.0,64.0
28.65,1625449482.0,64.0
43.04,1625449482.0,64.0
56.52,1625449482.0,64.0
70.27,1625449482.0,64.0
84.59,1625449482.0,64.0
98.59,1625449482.0,64.0
110.37,1625449482.0,64.0
117.57,1625449482.0,64.0
118.18,1625449482.0,64.0
111.57,1625449482.0,64.0
99.06,1625449482.0,64.0
83.68,1625449482.0,64.0
69.24,1625449482.0,64.0
58.89,1625449482.0,64.0
54.11,1625449482.0,64.0
54.38,1625449482.0,64.0
57.46,1625449482.0,64.0
59.71,1625449482.0,64.0
56.58,1625449482.0,64.0
43.07,1625449482.0,64.0
15.24,1625449482.0,64.0
-27.56,1625449482.0,64.0
-80.9,1625449482.0,64.0
-135.36,1625449482.0,64.0
-179.73,1625449482.0,64.0
-205.94,1625449482.0,64.0
-213.33,1625449482.0,64.0
-209.1,1625449482.0,64.0
-204.6,1625449482.0,64.0
-208.93,1625449482.0,64.0
-223.87,1625449482.0,64.0
-243.11,1625449482.0,64.0
-256.13,1625449482.0,64.0
-254.23,1625449482.0,64.0
-234.85,1625449482.0,64.0
-202.01,1625449482.0,64.0
-163.36,1625449482.0,64.0
-126.48,1625449482.0,64.0
-96.6,1625449482.0,64.0
-76.51,1625449482.0,64.0
-67.63,1625449482.0,64.0
-70.34,1625449482.0,64.0
-83.3,1625449482.0,64.0
-102.55,1625449482.0,64.0
-121.57,1625449482.0,64.0
-132.95,1625449482.0,64.0
-131.1,1625449482.0,64.0
-114.21,1625449482.0,64.0
-84.52,1625449482.0,64.0
-47.08,1625449482.0,64.0
-7.3,1625449482.0,64.0
30.75,1625449482.0,64.0
65.21,1625449482.0,64.0
96.33,1625449482.0,64.0
126.01,1625449482.0,64.0
157.2,1625449482.0,64.0
192.95,1625449482.0,64.0
234.78,1625449482.0,64.0
281.01,1625449482.0,64.0
326.18,1625449482.0,64.0
362.15,1625449482.0,64.0
380.89,1625449482.0,64.0
377.88,1625449482.0,64.0
354.27,1625449482.0,64.0
316.71,1625449482.0,64.0
274.8,1625449482.0,64.0
237.63,1625449482.0,64.0
210.89,1625449482.0,64.0
195.91,1625449482.0,64.0
190.48,1625449482.0,64.0
190.74,1625449482.0,64.0
192.93,1625449482.0,64.0
194.41,1625449482.0,64.0
193.84,1625449482.0,64.0
190.89,1625449482.0,64.0
185.77,1625449482.0,64.0
178.92,1625449482.0,64.0
170.81,1625449482.0,64.0
161.72,1625449482.0,64.0
151.76,1625449482.0,64.0
140.93,1625449482.0,64.0
129.16,1625449482.0,64.0
116.29,1625449482.0,64.0
102.14,1625449482.0,64.0
86.66,1625449482.0,64.0
70.11,1625449482.0,64.0
53.23,1625449482.0,64.0
37.11,1625449482.0,64.0
23.0,1625449482.0,64.0
11.79,1625449482.0,64.0
3.9,1625449482.0,64.0
-0.63,1625449482.0,64.0
-1.73,1625449482.0,64.0
1.1,1625449482.0,64.0
8.59,1625449482.0,64.0
21.1,1625449482.0,64.0
37.79,1625449482.0,64.0
56.15,1625449482.0,64.0
72.4,1625449482.0,64.0
82.59,1625449482.0,64.0
84.07,1625449482.0,64.0
76.4,1625449482.0,64.0
61.38,1625449482.0,64.0
41.94,1625449482.0,64.0
20.81,1625449482.0,64.0
-0.69,1625449482.0,64.0
-22.88,1625449482.0,64.0
-47.13,1625449482.0,64.0
-74.75,1625449482.0,64.0
-105.9,1625449482.0,64.0
-139.23,1625449482.0,64.0
-172.12,1625449482.0,64.0
-201.49,1625449482.0,64.0
-224.8,1625449482.0,64.0
-240.86,1625449482.0,64.0
-250.02,1625449482.0,64.0
-253.97,1625449482.0,64.0
-255.05,1625449482.0,64.0
-255.34,1625449482.0,64.0
-255.76,1625449482.0,64.0
-255.68,1625449482.0,64.0
-253.06,1625449482.0,64.0
-245.37,1625449482.0,64.0
-230.77,1625449482.0,64.0
-209.28,1625449482.0,64.0
-183.34,1625449482.0,64.0
-157.47,1625449482.0,64.0
-137.03,1625449482.0,64.0
-126.47,1625449482.0,64.0
-127.75,1625449482.0,64.0
-139.42,1625449482.0,64.0
-156.96,1625449482.0,64.0
-173.97,1625449482.0,64.0
-184.02,1625449482.0,64.0
-182.42,1625449482.0,64.0
-167.33,1625449482.0,64.0
-139.82,1625449482.0,64.0
-103.22,1625449482.0,64.0
-61.73,1625449482.0,64.0
-19.2,1625449482.0,64.0
21.81,1625449482.0,64.0
60.48,1625449482.0,64.0
97.76,1625449482.0,64.0
135.95,1625449482.0,64.0
177.85,1625449482.0,64.0
225.2,1625449482.0,64.0
277.11,1625449482.0,64.0
329.17,1625449482.0,64.0
374.06,1625449482.0,64.0
403.76,1625449482.0,64.0
412.54,1625449482.0,64.0
399.26,1625449482.0,64.0
367.76,1625449482.0,64.0
325.21,1625449482.0,64.0
279.12,1625449482.0,64.0
234.74,1625449482.0,64.0
194.15,1625449482.0,64.0
156.88,1625449482.0,64.0
121.32,1625449482.0,64.0
86.01,1625449482.0,64.0
49.95,1625449482.0,64.0
12.55,1625449482.0,64.0
-26.44,1625449482.0,64.0
-66.5,1625449482.0,64.0
-105.95,1625449482.0,64.0
-141.97,1625449482.0,64.0
-171.39,1625449482.0,64.0
-191.89,1625449482.0,64.0
-202.86,1625449482.0,64.0
-205.6,1625449482.0,64.0
-202.72,1625449482.0,64.0
-197.06,1625449482.0,64.0
-190.98,1625449482.0,64.0
-185.95,1625449482.0,64.0
-182.7,1625449482.0,64.0
-181.46,1625449482.0,64.0
-181.97,1625449482.0,64.0
-183.51,1625449482.0,64.0
-184.87,1625449482.0,64.0
-184.53,1625449482.0,64.0
-181.21,1625449482.0,64.0
-174.16,1625449482.0,64.0
-163.53,1625449482.0,64.0
-150.1,1625449482.0,64.0
-135.06,1625449482.0,64.0
-119.4,1625449482.0,64.0
-103.59,1625449482.0,64.0
-87.6,1625449482.0,64.0
-71.12,1625449482.0,64.0
-53.94,1625449482.0,64.0
-36.39,1625449482.0,64.0
-19.35,1625449482.0,64.0
-4.0,1625449482.0,64.0
8.7,1625449482.0,64.0
18.39,1625449482.0,64.0
25.5,1625449482.0,64.0
31.0,1625449482.0,64.0
36.01,1625449482.0,64.0
41.26,1625449482.0,64.0
46.92,1625449482.0,64.0
52.57,1625449482.0,64.0
57.51,1625449482.0,64.0
61.05,1625449482.0,64.0
62.77,1625449482.0,64.0
62.73,1625449482.0,64.0
61.3,1625449482.0,64.0
59.06,1625449482.0,64.0
56.57,1625449482.0,64.0
54.18,1625449482.0,64.0
51.92,1625449482.0,64.0
49.57,1625449482.0,64.0
46.81,1625449482.0,64.0
43.35,1625449482.0,64.0
39.15,1625449482.0,64.0
34.38,1625449482.0,64.0
29.31,1625449482.0,64.0
24.27,1625449482.0,64.0
19.41,1625449482.0,64.0
14.69,1625449482.0,64.0
9.87,1625449482.0,64.0
4.63,1625449482.0,64.0
-1.33,1625449482.0,64.0
-8.15,1625449482.0,64.0
-15.78,1625449482.0,64.0
-23.92,1625449482.0,64.0
-32.09,1625449482.0,64.0
-39.65,1625449482.0,64.0
-45.93,1625449482.0,64.0
-50.18,1625449482.0,64.0
-51.79,1625449482.0,64.0
-50.34,1625449482.0,64.0
-45.78,1625449482.0,64.0
-38.54,1625449482.0,64.0
-29.34,1625449482.0,64.0
-19.06,1625449482.0,64.0
-8.43,1625449482.0,64.0
2.11,1625449482.0,64.0
12.36,1625449482.0,64.0
22.17,1625449482.0,64.0
31.29,1625449482.0,64.0
39.29,1625449482.0,64.0
45.78,1625449482.0,64.0
50.57,1625449482.0,64.0
53.84,1625449482.0,64.0
56.1,1625449482.0,64.0
57.93,1625449482.0,64.0
59.77,1625449482.0,64.0
61.72,1625449482.0,64.0
63.56,1625449482.0,64.0
64.9,1625449482.0,64.0
65.37,1625449482.0,64.0
64.76,1625449482.0,64.0
63.06,1625449482.0,64.0
60.4,1625449482.0,64.0
56.95,1625449482.0,64.0
52.95,1625449482.0,64.0
48.62,1625449482.0,64.0
44.21,1625449482.0,64.0
39.92,1625449482.0,64.0
35.93,1625449482.0,64.0
32.29,1625449482.0,64.0
28.91,1625449482.0,64.0
25.68,1625449482.0,64.0
22.41,1625449482.0,64.0
18.96,1625449482.0,64.0
15.26,1625449482.0,64.0
11.29,1625449482.0,64.0
7.09,1625449482.0,64.0
2.69,1625449482.0,64.0
-1.9,1625449482.0,64.0
-6.67,1625449482.0,64.0
-11.63,1625449482.0,64.0
-16.77,1625449482.0,64.0
-22.15,1625449482.0,64.0
-27.87,1625449482.0,64.0
-33.97,1625449482.0,64.0
-40.38,1625449482.0,64.0
-46.75,1625449482.0,64.0
-52.39,1625449482.0,64.0
-56.38,1625449482.0,64.0
-57.81,1625449482.0,64.0
-56.16,1625449482.0,64.0
-51.49,1625449482.0,64.0
-44.47,1625449482.0,64.0
-36.04,1625449482.0,64.0
-27.0,1625449482.0,64.0
-17.73,1625449482.0,64.0
-8.21,1625449482.0,64.0
1.7,1625449482.0,64.0
11.91,1625449482.0,64.0
21.92,1625449482.0,64.0
30.97,1625449482.0,64.0
38.34,1625449482.0,64.0
43.72,1625449482.0,64.0
47.34,1625449482.0,64.0
49.79,1625449482.0,64.0
51.77,1625449482.0,64.0
53.75,1625449482.0,64.0
55.81,1625449482.0,64.0
57.71,1625449482.0,64.0
59.08,1625449482.0,64.0
59.61,1625449482.0,64.0
59.18,1625449482.0,64.0
57.89,1625449482.0,64.0
56.0,1625449482.0,64.0
53.78,1625449482.0,64.0
51.41,1625449482.0,64.0
48.88,1625449482.0,64.0
46.1,1625449482.0,64.0
42.96,1625449482.0,64.0
39.42,1625449482.0,64.0
35.6,1625449482.0,64.0
31.66,1625449482.0,64.0
27.76,1625449482.0,64.0
23.93,1625449482.0,64.0
20.08,1625449482.0,64.0
16.05,1625449482.0,64.0
11.75,1625449482.0,64.0
7.23,1625449482.0,64.0
2.67,1625449482.0,64.0
-1.7,1625449482.0,64.0
-5.69,1625449482.0,64.0
-9.32,1625449482.0,64.0
-12.77,1625449482.0,64.0
-16.35,1625449482.0,64.0
-20.38,1625449482.0,64.0
-25.09,1625449482.0,64.0
-30.46,1625449482.0,64.0
-36.24,1625449482.0,64.0
-41.87,1625449482.0,64.0
-46.66,1625449482.0,64.0
-49.84,1625449482.0,64.0
-50.81,1625449482.0,64.0
-49.23,1625449482.0,64.0
-45.16,1625449482.0,64.0
-38.96,1625449482.0,64.0
-31.23,1625449482.0,64.0
-22.64,1625449482.0,64.0
-13.73,1625449482.0,64.0
-4.91,1625449482.0,64.0
3.56,1625449482.0,64.0
11.45,1625449482.0,64.0
18.51,1625449482.0,64.0
24.46,1625449482.0,64.0
29.12,1625449482.0,64.0
32.51,1625449482.0,64.0
34.88,1625449482.0,64.0
36.65,1625449482.0,64.0
38.24,1625449482.0,64.0
39.87,1625449482.0,64.0
41.53,1625449482.0,64.0
42.97,1625449482.0,64.0
43.89,1625449482.0,64.0
44.1,1625449482.0,64.0
43.61,1625449482.0,64.0
42.56,1625449482.0,64.0
41.13,1625449482.0,64.0
39.42,1625449482.0,64.0
37.42,1625449482.0,64.0
35.04,1625449482.0,64.0
32.22,1625449482.0,64.0
28.96,1625449482.0,64.0
25.36,1625449482.0,64.0
21.58,1625449482.0,64.0
17.78,1625449482.0,64.0
14.01,1625449482.0,64.0
10.23,1625449482.0,64.0
6.36,1625449482.0,64.0
2.33,1625449482.0,64.0
-1.84,1625449482.0,64.0
-6.04,1625449482.0,64.0
-10.1,1625449482.0,64.0
-13.95,1625449482.0,64.0
-17.62,1625449482.0,64.0
-21.23,1625449482.0,64.0
-24.97,1625449482.0,64.0
-28.98,1625449482.0,64.0
-33.31,1625449482.0,64.0
-37.97,1625449482.0,64.0
-42.84,1625449482.0,64.0
-47.7,1625449482.0,64.0
-52.19,1625449482.0,64.0
-55.71,1625449482.0,64.0
-57.57,1625449482.0,64.0
-57.14,1625449482.0,64.0
-54.11,1625449482.0,64.0
-48.6,1625449482.0,64.0
-41.19,1625449482.0,64.0
-32.68,1625449482.0,64.0
-23.79,1625449482.0,64.0
-15.0,1625449482.0,64.0
-6.54,1625449482.0,64.0
1.51,1625449482.0,64.0
8.97,1625449482.0,64.0
15.55,1625449482.0,64.0
20.87,1625449482.0,64.0
24.71,1625449482.0,64.0
27.13,1625449482.0,64.0
28.54,1625449482.0,64.0
29.52,1625449482.0,64.0
30.55,1625449482.0,64.0
31.85,1625449482.0,64.0
33.33,1625449482.0,64.0
34.68,1625449482.0,64.0
35.59,1625449482.0,64.0
35.89,1625449482.0,64.0
35.57,1625449482.0,64.0
34.73,1625449482.0,64.0
33.46,1625449482.0,64.0
31.77,1625449482.0,64.0
29.6,1625449482.0,64.0
26.89,1625449482.0,64.0
23.64,1625449482.0,64.0
20.03,1625449482.0,64.0
16.31,1625449482.0,64.0
12.81,1625449482.0,64.0
9.71,1625449482.0,64.0
7.06,1625449482.0,64.0
4.66,1625449482.0,64.0
2.19,1625449482.0,64.0
-0.68,1625449482.0,64.0
-4.09,1625449482.0,64.0
-7.93,1625449482.0,64.0
-11.88,1625449482.0,64.0
-15.63,1625449482.0,64.0
-18.97,1625449482.0,64.0
-21.98,1625449482.0,64.0
-24.88,1625449482.0,64.0
-27.97,1625449482.0,64.0
-31.45,1625449482.0,64.0
-35.39,1625449482.0,64.0
-39.71,1625449482.0,64.0
-44.23,1625449482.0,64.0
-48.68,1625449482.0,64.0
-52.64,1625449482.0,64.0
-55.55,1625449482.0,64.0
-56.8,1625449482.0,64.0
-55.89,1625449482.0,64.0
-52.63,1625449482.0,64.0
-47.25,1625449482.0,64.0
-40.32,1625449482.0,64.0
-32.52,1625449482.0,64.0
-24.44,1625449482.0,64.0
-16.41,1625449482.0,64.0
-8.61,1625449482.0,64.0
-1.16,1625449482.0,64.0
5.69,1625449482.0,64.0
11.64,1625449482.0,64.0
16.37,1625449482.0,64.0
19.83,1625449482.0,64.0
22.23,1625449482.0,64.0
24.06,1625449482.0,64.0
25.8,1625449482.0,64.0
27.77,1625449482.0,64.0
29.96,1625449482.0,64.0
32.08,1625449482.0,64.0
33.73,1625449482.0,64.0
34.6,1625449482.0,64.0
34.6,1625449482.0,64.0
33.88,1625449482.0,64.0
32.73,1625449482.0,64.0
31.42,1625449482.0,64.0
30.05,1625449482.0,64.0
28.52,1625449482.0,64.0
26.66,1625449482.0,64.0
24.31,1625449482.0,64.0
21.48,1625449482.0,64.0
18.36,1625449482.0,64.0
15.23,1625449482.0,64.0
12.3,1625449482.0,64.0
9.58,1625449482.0,64.0
6.92,1625449482.0,64.0
4.07,1625449482.0,64.0
0.88,1625449482.0,64.0
-2.66,1625449482.0,64.0
-6.34,1625449482.0,64.0
-9.95,1625449482.0,64.0
-13.3,1625449482.0,64.0
-16.39,1625449482.0,64.0
-19.34,1625449482.0,64.0
-22.32,1625449482.0,64.0
-25.44,1625449482.0,64.0
-28.81,1625449482.0,64.0
-32.44,1625449482.0,64.0
-36.35,1625449482.0,64.0
-40.54,1625449482.0,64.0
-44.88,1625449482.0,64.0
-49.07,1625449482.0,64.0
-52.6,1625449482.0,64.0
-54.84,1625449482.0,64.0
-55.19,1625449482.0,64.0
-53.3,1625449482.0,64.0
-49.16,1625449482.0,64.0
-43.13,1625449482.0,64.0
-35.78,1625449482.0,64.0
-27.72,1625449482.0,64.0
-19.48,1625449482.0,64.0
-11.46,1625449482.0,64.0
-3.94,1625449482.0,64.0
2.86,1625449482.0,64.0
8.77,1625449482.0,64.0
13.7,1625449482.0,64.0
17.67,1625449482.0,64.0
20.84,1625449482.0,64.0
23.48,1625449482.0,64.0
25.84,1625449482.0,64.0
28.07,1625449482.0,64.0
30.21,1625449482.0,64.0
32.09,1625449482.0,64.0
33.52,1625449482.0,64.0
34.32,1625449482.0,64.0
34.42,1625449482.0,64.0
33.88,1625449482.0,64.0
32.92,1625449482.0,64.0
31.72,1625449482.0,64.0
30.43,1625449482.0,64.0
29.09,1625449482.0,64.0
27.64,1625449482.0,64.0
25.95,1625449482.0,64.0
23.96,1625449482.0,64.0
21.68,1625449482.0,64.0
19.2,1625449482.0,64.0
16.67,1625449482.0,64.0
14.18,1625449482.0,64.0
11.73,1625449482.0,64.0
9.25,1625449482.0,64.0
6.63,1625449482.0,64.0
3.77,1625449482.0,64.0
0.66,1625449482.0,64.0
-2.63,1625449482.0,64.0
-6.0,1625449482.0,64.0
-9.35,1625449482.0,64.0
-12.61,1625449482.0,64.0
-15.8,1625449482.0,64.0
-19.01,1625449482.0,64.0
-22.35,1625449482.0,64.0
-25.97,1625449482.0,64.0
-30.02,1625449482.0,64.0
-34.5,1625449482.0,64.0
-39.25,1625449482.0,64.0
-43.89,1625449482.0,64.0
-47.78,1625449482.0,64.0
-50.23,1625449482.0,64.0
-50.63,1625449482.0,64.0
-48.69,1625449482.0,64.0
-44.53,1625449482.0,64.0
-38.6,1625449482.0,64.0
-31.53,1625449482.0,64.0
-23.93,1625449482.0,64.0
-16.22,1625449482.0,64.0
-8.68,1625449482.0,64.0
-1.46,1625449482.0,64.0
5.27,1625449482.0,64.0
11.27,1625449482.0,64.0
16.28,1625449482.0,64.0
20.12,1625449482.0,64.0
22.83,1625449482.0,64.0
24.68,1625449482.0,64.0
26.13,1625449482.0,64.0
27.56,1625449482.0,64.0
29.18,1625449482.0,64.0
30.89,1625449482.0,64.0
32.38,1625449482.0,64.0
33.29,1625449482.0,64.0
33.41,1625449482.0,64.0
32.76,1625449482.0,64.0
31.58,1625449482.0,64.0
30.15,1625449482.0,64.0
28.71,1625449482.0,64.0
27.28,1625449482.0,64.0
25.72,1625449482.0,64.0
23.84,1625449482.0,64.0
21.54,1625449482.0,64.0
18.88,1625449482.0,64.0
16.1,1625449482.0,64.0
13.47,1625449482.0,64.0
11.21,1625449482.0,64.0
9.33,1625449482.0,64.0
7.67,1625449482.0,64.0
5.91,1625449482.0,64.0
3.77,1625449482.0,64.0
1.13,1625449482.0,64.0
-1.94,1625449482.0,64.0
-5.27,1625449482.0,64.0
-8.7,1625449482.0,64.0
-12.14,1625449482.0,64.0
-15.63,1625449482.0,64.0
-19.27,1625449482.0,64.0
-23.08,1625449482.0,64.0
-27.07,1625449482.0,64.0
-31.15,1625449482.0,64.0
-35.22,1625449482.0,64.0
-39.16,1625449482.0,64.0
-42.77,1625449482.0,64.0
-45.73,1625449482.0,64.0
-47.59,1625449482.0,64.0
-47.83,1625449482.0,64.0
-46.09,1625449482.0,64.0
-42.29,1625449482.0,64.0
-36.65,1625449482.0,64.0
-29.71,1625449482.0,64.0
-22.06,1625449482.0,64.0
-14.22,1625449482.0,64.0
-6.6,1625449482.0,64.0
0.52,1625449482.0,64.0
6.89,1625449482.0,64.0
12.28,1625449482.0,64.0
16.53,1625449482.0,64.0
19.66,1625449482.0,64.0
21.84,1625449482.0,64.0
23.44,1625449482.0,64.0
24.82,1625449482.0,64.0
26.22,1625449482.0,64.0
27.69,1625449482.0,64.0
29.07,1625449482.0,64.0
30.13,1625449482.0,64.0
30.68,1625449482.0,64.0
30.64,1625449482.0,64.0
30.09,1625449482.0,64.0
29.13,1625449482.0,64.0
27.9,1625449482.0,64.0
26.47,1625449482.0,64.0
24.88,1625449482.0,64.0
23.18,1625449482.0,64.0
21.42,1625449482.0,64.0
19.63,1625449482.0,64.0
17.8,1625449482.0,64.0
15.9,1625449482.0,64.0
13.84,1625449482.0,64.0
11.52,1625449482.0,64.0
8.86,1625449482.0,64.0
5.87,1625449482.0,64.0
2.59,1625449482.0,64.0
-0.87,1625449482.0,64.0
-4.45,1625449482.0,64.0
-8.09,1625449482.0,64.0
-11.75,1625449482.0,64.0
-15.43,1625449482.0,64.0
-19.1,1625449482.0,64.0
-22.76,1625449482.0,64.0
-26.46,1625449482.0,64.0
-30.32,1625449482.0,64.0
-34.43,1625449482.0,64.0
-38.8,1625449482.0,64.0
-43.17,1625449482.0,64.0
-46.99,1625449482.0,64.0
-49.52,1625449482.0,64.0
-50.06,1625449482.0,64.0
-48.26,1625449482.0,64.0
-44.21,1625449482.0,64.0
-38.39,1625449482.0,64.0
-31.45,1625449482.0,64.0
-23.93,1625449482.0,64.0
-16.2,1625449482.0,64.0
-8.44,1625449482.0,64.0
-0.85,1625449482.0,64.0
6.23,1625449482.0,64.0
12.4,1625449482.0,64.0
17.28,1625449482.0,64.0
20.69,1625449482.0,64.0
22.8,1625449482.0,64.0
24.03,1625449482.0,64.0
24.89,1625449482.0,64.0
25.77,1625449482.0,64.0
26.85,1625449482.0,64.0
28.05,1625449482.0,64.0
29.12,1625449482.0,64.0
29.78,1625449482.0,64.0
29.79,1625449482.0,64.0
29.0,1625449482.0,64.0
27.41,1625449482.0,64.0
25.14,1625449482.0,64.0
22.41,1625449482.0,64.0
19.53,1625449482.0,64.0
16.79,1625449482.0,64.0
14.41,1625449482.0,64.0
12.38,1625449482.0,64.0
10.51,1625449482.0,64.0
8.38,1625449482.0,64.0
5.64,1625449482.0,64.0
2.09,1625449482.0,64.0
-2.16,1625449482.0,64.0
-6.69,1625449482.0,64.0
-10.99,1625449482.0,64.0
-14.67,1625449482.0,64.0
-17.69,1625449482.0,64.0
-20.37,1625449482.0,64.0
-23.31,1625449482.0,64.0
-27.14,1625449482.0,64.0
-32.19,1625449482.0,64.0
-38.35,1625449482.0,64.0
-44.94,1625449482.0,64.0
-51.02,1625449482.0,64.0
-55.8,1625449482.0,64.0
-59.12,1625449482.0,64.0
-61.68,1625449482.0,64.0
-64.64,1625449482.0,64.0
-69.02,1625449482.0,64.0
-74.86,1625449482.0,64.0
-80.94,1625449482.0,64.0
-85.34,1625449482.0,64.0
-86.29,1625449482.0,64.0
-83.13,1625449482.0,64.0
-76.33,1625449482.0,64.0
-66.76,1625449482.0,64.0
-54.77,1625449482.0,64.0
-39.88,1625449482.0,64.0
-21.52,1625449482.0,64.0
-0.16,1625449482.0,64.0
22.5,1625449482.0,64.0
44.47,1625449482.0,64.0
65.18,1625449482.0,64.0
86.33,1625449482.0,64.0
110.9,1625449482.0,64.0
140.67,1625449482.0,64.0
173.97,1625449482.0,64.0
205.31,1625449482.0,64.0
227.69,1625449482.0,64.0
236.12,1625449482.0,64.0
230.25,1625449482.0,64.0
214.3,1625449482.0,64.0
194.52,1625449482.0,64.0
175.66,1625449482.0,64.0
158.87,1625449482.0,64.0
141.93,1625449482.0,64.0
121.38,1625449482.0,64.0
94.91,1625449482.0,64.0
62.62,1625449482.0,64.0
26.8,1625449482.0,64.0
-9.25,1625449482.0,64.0
-42.37,1625449482.0,64.0
-70.15,1625449482.0,64.0
-91.11,1625449482.0,64.0
-104.45,1625449482.0,64.0
-109.97,1625449482.0,64.0
-107.7,1625449482.0,64.0
-97.75,1625449482.0,64.0
-80.24,1625449482.0,64.0
-55.65,1625449482.0,64.0
-25.45,1625449482.0,64.0
7.47,1625449482.0,64.0
38.99,1625449482.0,64.0
65.17,1625449482.0,64.0
83.99,1625449482.0,64.0
96.58,1625449482.0,64.0
106.95,1625449482.0,64.0
120.28,1625449482.0,64.0
140.67,1625449482.0,64.0
169.49,1625449482.0,64.0
205.13,1625449482.0,64.0
243.81,1625449482.0,64.0
281.05,1625449482.0,64.0
312.61,1625449482.0,64.0
335.0,1625449482.0,64.0
345.6,1625449482.0,64.0
342.89,1625449482.0,64.0
326.92,1625449482.0,64.0
299.77,1625449482.0,64.0
265.27,1625449482.0,64.0
228.05,1625449482.0,64.0
192.26,1625449482.0,64.0
160.61,1625449482.0,64.0
134.15,1625449482.0,64.0
112.66,1625449482.0,64.0
95.15,1625449482.0,64.0
80.21,1625449482.0,64.0
66.08,1625449482.0,64.0
50.89,1625449482.0,64.0
32.97,1625449482.0,64.0
11.47,1625449482.0,64.0
-13.35,1625449482.0,64.0
-40.24,1625449482.0,64.0
-67.3,1625449482.0,64.0
-92.7,1625449482.0,64.0
-115.16,1625449482.0,64.0
-134.31,1625449482.0,64.0
-150.79,1625449482.0,64.0
-166.06,1625449482.0,64.0
-181.82,1625449482.0,64.0
-199.09,1625449482.0,64.0
-217.34,1625449482.0,64.0
-234.02,1625449482.0,64.0
-245.18,1625449482.0,64.0
-246.81,1625449482.0,64.0
-236.73,1625449482.0,64.0
-215.81,1625449482.0,64.0
-187.92,1625449482.0,64.0
-158.65,1625449482.0,64.0
-133.15,1625449482.0,64.0
-114.56,1625449482.0,64.0
-103.41,1625449482.0,64.0
-98.44,1625449482.0,64.0
-97.93,1625449482.0,64.0
-100.78,1625449482.0,64.0
-106.69,1625449482.0,64.0
-115.62,1625449482.0,64.0
-126.99,1625449482.0,64.0
-139.37,1625449482.0,64.0
-150.78,1625449482.0,64.0
-159.38,1625449482.0,64.0
-164.22,1625449482.0,64.0
-165.41,1625449482.0,64.0
-163.76,1625449482.0,64.0
-160.29,1625449482.0,64.0
-155.62,1625449482.0,64.0
-149.89,1625449482.0,64.0
-142.98,1625449482.0,64.0
-134.82,1625449482.0,64.0
-125.61,1625449482.0,64.0
-115.91,1625449482.0,64.0
-106.36,1625449482.0,64.0
-97.53,1625449482.0,64.0
-89.74,1625449482.0,64.0
-83.06,1625449482.0,64.0
-77.37,1625449482.0,64.0
-72.36,1625449482.0,64.0
-67.69,1625449482.0,64.0
-62.97,1625449482.0,64.0
-57.84,1625449482.0,64.0
-52.12,1625449482.0,64.0
-45.85,1625449482.0,64.0
-39.32,1625449482.0,64.0
-33.0,1625449482.0,64.0
-27.38,1625449482.0,64.0
-22.8,1625449482.0,64.0
-19.35,1625449482.0,64.0
-16.89,1625449482.0,64.0
-15.1,1625449482.0,64.0
-13.66,1625449482.0,64.0
-12.3,1625449482.0,64.0
-10.96,1625449482.0,64.0
-9.69,1625449482.0,64.0
-8.7,1625449482.0,64.0
-8.22,1625449482.0,64.0
-8.44,1625449482.0,64.0
-9.46,1625449482.0,64.0
-11.17,1625449482.0,64.0
-13.23,1625449482.0,64.0
-15.16,1625449482.0,64.0
-16.44,1625449482.0,64.0
-16.71,1625449482.0,64.0
-16.03,1625449482.0,64.0
-14.95,1625449482.0,64.0
-14.36,1625449482.0,64.0
-15.3,1625449482.0,64.0
-18.44,1625449482.0,64.0
-23.8,1625449482.0,64.0
-30.63,1625449482.0,64.0
-37.55,1625449482.0,64.0
-43.06,1625449482.0,64.0
-46.07,1625449482.0,64.0
-46.29,1625449482.0,64.0
-44.29,1625449482.0,64.0
-41.12,1625449482.0,64.0
-37.63,1625449482.0,64.0
-33.94,1625449482.0,64.0
-29.23,1625449482.0,64.0
-22.19,1625449482.0,64.0
-11.8,1625449482.0,64.0
1.72,1625449482.0,64.0
16.59,1625449482.0,64.0
29.87,1625449482.0,64.0
38.65,1625449482.0,64.0
41.34,1625449482.0,64.0
38.61,1625449482.0,64.0
33.21,1625449482.0,64.0
28.81,1625449482.0,64.0
28.35,1625449482.0,64.0
32.79,1625449482.0,64.0
40.63,1625449482.0,64.0
48.69,1625449482.0,64.0
53.36,1625449482.0,64.0
51.79,1625449482.0,64.0
42.57,1625449482.0,64.0
25.96,1625449482.0,64.0
4.03,1625449482.0,64.0
-19.31,1625449482.0,64.0
-38.34,1625449482.0,64.0
-46.54,1625449482.0,64.0
-38.66,1625449482.0,64.0
-13.27,1625449482.0,64.0
25.44,1625449482.0,64.0
68.34,1625449482.0,64.0
104.7,1625449482.0,64.0
127.0,1625449482.0,64.0
134.49,1625449482.0,64.0
133.27,1625449482.0,64.0
132.61,1625449482.0,64.0
139.49,1625449482.0,64.0
154.62,1625449482.0,64.0
172.19,1625449482.0,64.0
183.44,1625449482.0,64.0
181.64,1625449482.0,64.0
165.47,1625449482.0,64.0
138.94,1625449482.0,64.0
108.42,1625449482.0,64.0
78.95,1625449482.0,64.0
52.18,1625449482.0,64.0
26.82,1625449482.0,64.0
0.99,1625449482.0,64.0
-25.67,1625449482.0,64.0
-51.52,1625449482.0,64.0
-73.91,1625449482.0,64.0
-91.15,1625449482.0,64.0
-103.52,1625449482.0,64.0
-113.13,1625449482.0,64.0
-122.63,1625449482.0,64.0
-133.65,1625449482.0,64.0
-146.02,1625449482.0,64.0
-157.96,1625449482.0,64.0
-167.23,1625449482.0,64.0
-172.44,1625449482.0,64.0
-174.14,1625449482.0,64.0
-174.89,1625449482.0,64.0
-178.36,1625449482.0,64.0
-187.47,1625449482.0,64.0
-202.38,1625449482.0,64.0
-219.33,1625449482.0,64.0
-230.93,1625449482.0,64.0
-228.6,1625449482.0,64.0
-206.15,1625449482.0,64.0
-163.09,1625449482.0,64.0
-105.99,1625449482.0,64.0
-46.77,1625449482.0,64.0
1.72,1625449482.0,64.0
30.88,1625449482.0,64.0
39.62,1625449482.0,64.0
34.53,1625449482.0,64.0
26.51,1625449482.0,64.0
26.1,1625449482.0,64.0
39.91,1625449482.0,64.0
69.65,1625449482.0,64.0
113.57,1625449482.0,64.0
168.64,1625449482.0,64.0
231.81,1625449482.0,64.0
299.57,1625449482.0,64.0
366.83,1625449482.0,64.0
426.49,1625449482.0,64.0
470.61,1625449482.0,64.0
493.05,1625449482.0,64.0
491.97,1625449482.0,64.0
470.68,1625449482.0,64.0
436.39,1625449482.0,64.0
397.63,1625449482.0,64.0
361.29,1625449482.0,64.0
331.2,1625449482.0,64.0
307.72,1625449482.0,64.0
288.67,1625449482.0,64.0
270.47,1625449482.0,64.0
249.03,1625449482.0,64.0
220.46,1625449482.0,64.0
181.45,1625449482.0,64.0
130.15,1625449482.0,64.0
67.23,1625449482.0,64.0
-3.38,1625449482.0,64.0
-74.46,1625449482.0,64.0
-136.5,1625449482.0,64.0
-179.86,1625449482.0,64.0
-197.73,1625449482.0,64.0
-188.67,1625449482.0,64.0
-157.85,1625449482.0,64.0
-116.1,1625449482.0,64.0
-76.99,1625449482.0,64.0
-52.65,1625449482.0,64.0
-50.49,1625449482.0,64.0
-71.65,1625449482.0,64.0
-112.04,1625449482.0,64.0
-165.02,1625449482.0,64.0
-224.49,1625449482.0,64.0
-286.98,1625449482.0,64.0
-351.6,1625449482.0,64.0
-418.07,1625449482.0,64.0
-484.24,1625449482.0,64.0
-544.64,1625449482.0,64.0
-591.46,1625449482.0,64.0
-617.33,1625449482.0,64.0
-618.77,1625449482.0,64.0
-597.77,1625449482.0,64.0
-561.1,1625449482.0,64.0
-517.48,1625449482.0,64.0
-474.07,1625449482.0,64.0
-434.42,1625449482.0,64.0
-398.46,1625449482.0,64.0
-364.71,1625449482.0,64.0
-332.58,1625449482.0,64.0
-303.13,1625449482.0,64.0
-278.08,1625449482.0,64.0
-258.07,1625449482.0,64.0
-241.43,1625449482.0,64.0
-224.31,1625449482.0,64.0
-202.41,1625449482.0,64.0
-172.97,1625449482.0,64.0
-136.28,1625449482.0,64.0
-95.57,1625449482.0,64.0
-55.32,1625449482.0,64.0
-18.91,1625449482.0,64.0
12.93,1625449482.0,64.0
42.24,1625449482.0,64.0
73.44,1625449482.0,64.0
111.75,1625449482.0,64.0
161.49,1625449482.0,64.0
223.57,1625449482.0,64.0
294.1,1625449482.0,64.0
364.74,1625449482.0,64.0
424.83,1625449482.0,64.0
464.85,1625449482.0,64.0
479.42,1625449482.0,64.0
469.18,1625449482.0,64.0
439.67,1625449482.0,64.0
401.16,1625449482.0,64.0
364.39,1625449482.0,64.0
335.82,1625449482.0,64.0
315.17,1625449482.0,64.0
297.81,1625449482.0,64.0
279.51,1625449482.0,64.0
258.09,1625449482.0,64.0
236.11,1625449482.0,64.0
216.89,1625449482.0,64.0
202.02,1625449482.0,64.0
189.19,1625449482.0,64.0
173.7,1625449482.0,64.0
150.81,1625449482.0,64.0
117.66,1625449482.0,64.0
75.93,1625449482.0,64.0
28.75,1625449482.0,64.0
-19.93,1625449482.0,64.0
-66.18,1625449482.0,64.0
-105.76,1625449482.0,64.0
-135.19,1625449482.0,64.0
-151.8,1625449482.0,64.0
-154.79,1625449482.0,64.0
-146.03,1625449482.0,64.0
-130.0,1625449482.0,64.0
-112.93,1625449482.0,64.0
-100.27,1625449482.0,64.0
-94.83,1625449482.0,64.0
-91.0,1625449482.0,64.0
-82.72,1625449482.0,64.0
-65.23,1625449482.0,64.0
-37.69,1625449482.0,64.0
-3.73,1625449482.0,64.0
31.18,1625449482.0,64.0
62.89,1625449482.0,64.0
90.46,1625449482.0,64.0
115.11,1625449482.0,64.0
138.27,1625449482.0,64.0
159.22,1625449482.0,64.0
175.34,1625449482.0,64.0
183.83,1625449482.0,64.0
183.13,1625449482.0,64.0
174.2,1625449482.0,64.0
160.01,1625449482.0,64.0
144.11,1625449482.0,64.0
129.6,1625449482.0,64.0
118.19,1625449482.0,64.0
109.62,1625449482.0,64.0
101.97,1625449482.0,64.0
92.95,1625449482.0,64.0
80.09,1625449482.0,64.0
61.14,1625449482.0,64.0
34.64,1625449482.0,64.0
1.1,1625449482.0,64.0
-35.86,1625449482.0,64.0
-69.81,1625449482.0,64.0
-89.16,1625449482.0,64.0
-86.34,1625449482.0,64.0
-60.79,1625449482.0,64.0
-20.75,1625449482.0,64.0
19.23,1625449482.0,64.0
44.15,1625449482.0,64.0
44.35,1625449482.0,64.0
18.81,1625449482.0,64.0
-26.2,1625449482.0,64.0
-81.5,1625449482.0,64.0
-139.46,1625449482.0,64.0
-194.49,1625449482.0,64.0
-241.48,1625449482.0,64.0
-273.99,1625449482.0,64.0
-285.17,1625449482.0,64.0
-271.79,1625449482.0,64.0
-238.56,1625449482.0,64.0
-198.95,1625449482.0,64.0
-170.62,1625449482.0,64.0
-167.75,1625449482.0,64.0
-193.79,1625449482.0,64.0
-239.82,1625449482.0,64.0
-289.29,1625449482.0,64.0
-326.28,1625449482.0,64.0
-342.35,1625449482.0,64.0
-338.4,1625449482.0,64.0
-321.31,1625449482.0,64.0
-298.47,1625449482.0,64.0
-274.17,1625449482.0,64.0
-248.9,1625449482.0,64.0
-221.87,1625449482.0,64.0
-193.65,1625449482.0,64.0
-166.92,1625449482.0,64.0
-145.1,1625449482.0,64.0
-129.74,1625449482.0,64.0
-119.2,1625449482.0,64.0
-109.38,1625449482.0,64.0
-96.05,1625449482.0,64.0
-77.4,1625449482.0,64.0
-55.0,1625449482.0,64.0
-33.17,1625449482.0,64.0
-16.88,1625449482.0,64.0
-9.18,1625449482.0,64.0
-9.82,1625449482.0,64.0
-15.07,1625449482.0,64.0
-19.0,1625449482.0,64.0
-15.38,1625449482.0,64.0
0.52,1625449482.0,64.0
30.2,1625449482.0,64.0
70.66,1625449482.0,64.0
114.0,1625449482.0,64.0
148.6,1625449482.0,64.0
162.24,1625449482.0,64.0
146.53,1625449482.0,64.0
100.83,1625449482.0,64.0
33.64,1625449482.0,64.0
-39.87,1625449482.0,64.0
-103.36,1625449482.0,64.0
-145.31,1625449482.0,64.0
-162.67,1625449482.0,64.0
-160.36,1625449482.0,64.0
-147.48,1625449482.0,64.0
-132.39,1625449482.0,64.0
-119.43,1625449482.0,64.0
-108.58,1625449482.0,64.0
-97.41,1625449482.0,64.0
-83.74,1625449482.0,64.0
-67.1,1625449482.0,64.0
-48.64,1625449482.0,64.0
-29.84,1625449482.0,64.0
-11.42,1625449482.0,64.0
7.3,1625449482.0,64.0
27.81,1625449482.0,64.0
51.43,1625449482.0,64.0
78.54,1625449482.0,64.0
108.14,1625449482.0,64.0
138.46,1625449482.0,64.0
168.01,1625449482.0,64.0
196.75,1625449482.0,64.0
226.26,1625449482.0,64.0
258.39,1625449482.0,64.0
293.07,1625449482.0,64.0
326.51,1625449482.0,64.0
351.56,1625449482.0,64.0
360.68,1625449482.0,64.0
350.05,1625449482.0,64.0
322.61,1625449482.0,64.0
287.94,1625449482.0,64.0
258.68,1625449482.0,64.0
245.41,1625449482.0,64.0
252.87,1625449482.0,64.0
279.4,1625449482.0,64.0
319.54,1625449482.0,64.0
367.48,1625449482.0,64.0
419.17,1625449482.0,64.0
471.79,1625449482.0,64.0
521.77,1625449482.0,64.0
563.37,1625449482.0,64.0
589.35,1625449482.0,64.0
593.42,1625449482.0,64.0
573.13,1625449482.0,64.0
531.04,1625449482.0,64.0
473.58,1625449482.0,64.0
408.44,1625449482.0,64.0
341.89,1625449482.0,64.0
277.18,1625449482.0,64.0
214.71,1625449482.0,64.0
153.36,1625449482.0,64.0
91.92,1625449482.0,64.0
29.78,1625449482.0,64.0
-33.08,1625449482.0,64.0
-96.5,1625449482.0,64.0
-160.3,1625449482.0,64.0
-223.85,1625449482.0,64.0
-285.45,1625449482.0,64.0
-341.95,1625449482.0,64.0
-389.07,1625449482.0,64.0
-422.48,1625449482.0,64.0
-439.3,1625449482.0,64.0
-439.09,1625449482.0,64.0
-424.01,1625449482.0,64.0
-397.92,1625449482.0,64.0
-365.07,1625449482.0,64.0
-328.98,1625449482.0,64.0
-291.89,1625449482.0,64.0
-254.97,1625449482.0,64.0
-218.82,1625449482.0,64.0
-183.98,1625449482.0,64.0
-151.11,1625449482.0,64.0
-120.86,1625449482.0,64.0
-93.7,1625449482.0,64.0
-69.78,1625449482.0,64.0
-49.03,1625449482.0,64.0
-31.23,1625449482.0,64.0
-16.13,1625449482.0,64.0
-3.58,1625449482.0,64.0
6.6,1625449482.0,64.0
14.76,1625449482.0,64.0
21.46,1625449482.0,64.0
27.43,1625449482.0,64.0
33.4,1625449482.0,64.0
39.75,1625449482.0,64.0
46.37,1625449482.0,64.0
52.62,1625449482.0,64.0
57.56,1625449482.0,64.0
60.34,1625449482.0,64.0
60.49,1625449482.0,64.0
58.1,1625449482.0,64.0
53.68,1625449482.0,64.0
48.03,1625449482.0,64.0
41.91,1625449482.0,64.0
35.87,1625449482.0,64.0
30.23,1625449482.0,64.0
25.08,1625449482.0,64.0
20.34,1625449482.0,64.0
15.79,1625449482.0,64.0
11.19,1625449482.0,64.0
6.22,1625449482.0,64.0
0.59,1625449482.0,64.0
-6.0,1625449482.0,64.0
-13.7,1625449482.0,64.0
-22.58,1625449482.0,64.0
-32.47,1625449482.0,64.0
-42.95,1625449482.0,64.0
-53.27,1625449482.0,64.0
-62.37,1625449482.0,64.0
-69.04,1625449482.0,64.0
-72.18,1625449482.0,64.0
-71.09,1625449482.0,64.0
-65.68,1625449482.0,64.0
-56.45,1625449482.0,64.0
-44.28,1625449482.0,64.0
-30.11,1625449482.0,64.0
-14.7,1625449482.0,64.0
1.35,1625449482.0,64.0
17.51,1625449482.0,64.0
33.09,1625449482.0,64.0
47.21,1625449482.0,64.0
58.99,1625449482.0,64.0
67.88,1625449482.0,64.0
73.92,1625449482.0,64.0
77.82,1625449482.0,64.0
80.67,1625449482.0,64.0
83.46,1625449482.0,64.0
86.7,1625449482.0,64.0
90.25,1625449482.0,64.0
93.49,1625449482.0,64.0
95.65,1625449482.0,64.0
96.18,1625449482.0,64.0
94.96,1625449482.0,64.0
92.22,1625449482.0,64.0
88.36,1625449482.0,64.0
83.75,1625449482.0,64.0
78.62,1625449482.0,64.0
73.1,1625449482.0,64.0
67.3,1625449482.0,64.0
61.33,1625449482.0,64.0
55.37,1625449482.0,64.0
49.6,1625449482.0,64.0
44.12,1625449482.0,64.0
38.93,1625449482.0,64.0
33.93,1625449482.0,64.0
28.93,1625449482.0,64.0
23.67,1625449482.0,64.0
17.99,1625449482.0,64.0
11.84,1625449482.0,64.0
5.35,1625449482.0,64.0
-1.2,1625449482.0,64.0
-7.55,1625449482.0,64.0
-13.5,1625449482.0,64.0
-19.13,1625449482.0,64.0
-24.65,1625449482.0,64.0
-30.37,1625449482.0,64.0
-36.6,1625449482.0,64.0
-43.47,1625449482.0,64.0
-50.94,1625449482.0,64.0
-58.79,1625449482.0,64.0
-66.53,1625449482.0,64.0
-73.41,1625449482.0,64.0
-78.5,1625449482.0,64.0
-80.8,1625449482.0,64.0
-79.51,1625449482.0,64.0
-74.32,1625449482.0,64.0
-65.49,1625449482.0,64.0
-53.8,1625449482.0,64.0
-40.27,1625449482.0,64.0
-25.82,1625449482.0,64.0
-11.09,1625449482.0,64.0
3.52,1625449482.0,64.0
17.62,1625449482.0,64.0
30.65,1625449482.0,64.0
41.84,1625449482.0,64.0
50.43,1625449482.0,64.0
56.04,1625449482.0,64.0
58.89,1625449482.0,64.0
59.78,1625449482.0,64.0
59.8,1625449482.0,64.0
59.9,1625449482.0,64.0
60.54,1625449482.0,64.0
61.56,1625449482.0,64.0
62.43,1625449482.0,64.0
62.57,1625449482.0,64.0
61.65,1625449482.0,64.0
59.7,1625449482.0,64.0
57.06,1625449482.0,64.0
54.11,1625449482.0,64.0
51.08,1625449482.0,64.0
48.02,1625449482.0,64.0
44.79,1625449482.0,64.0
41.25,1625449482.0,64.0
37.35,1625449482.0,64.0
33.18,1625449482.0,64.0
28.93,1625449482.0,64.0
24.82,1625449482.0,64.0
20.95,1625449482.0,64.0
17.32,1625449482.0,64.0
13.78,1625449482.0,64.0
10.11,1625449482.0,64.0
6.04,1625449482.0,64.0
1.43,1625449482.0,64.0
-3.66,1625449482.0,64.0
-9.01,1625449482.0,64.0
-14.25,1625449482.0,64.0
-19.09,1625449482.0,64.0
-23.44,1625449482.0,64.0
-27.45,1625449482.0,64.0
-31.53,1625449482.0,64.0
-36.1,1625449482.0,64.0
-41.48,1625449482.0,64.0
-47.75,1625449482.0,64.0
-54.78,1625449482.0,64.0
-62.24,1625449482.0,64.0
-69.65,1625449482.0,64.0
-76.4,1625449482.0,64.0
-81.7,1625449482.0,64.0
-84.71,1625449482.0,64.0
-84.67,1625449482.0,64.0
-81.09,1625449482.0,64.0
-73.97,1625449482.0,64.0
-63.81,1625449482.0,64.0
-51.47,1625449482.0,64.0
-37.9,1625449482.0,64.0
-23.96,1625449482.0,64.0
-10.21,1625449482.0,64.0
2.95,1625449482.0,64.0
15.14,1625449482.0,64.0
25.84,1625449482.0,64.0
34.47,1625449482.0,64.0
40.56,1625449482.0,64.0
44.06,1625449482.0,64.0
45.45,1625449482.0,64.0
45.61,1625449482.0,64.0
45.51,1625449482.0,64.0
45.79,1625449482.0,64.0
46.54,1625449482.0,64.0
47.35,1625449482.0,64.0
47.64,1625449482.0,64.0
46.97,1625449482.0,64.0
45.3,1625449482.0,64.0
42.93,1625449482.0,64.0
40.23,1625449482.0,64.0
37.49,1625449482.0,64.0
34.7,1625449482.0,64.0
31.66,1625449482.0,64.0
28.17,1625449482.0,64.0
24.19,1625449482.0,64.0
19.93,1625449482.0,64.0
15.72,1625449482.0,64.0
11.87,1625449482.0,64.0
8.5,1625449482.0,64.0
5.47,1625449482.0,64.0
2.5,1625449482.0,64.0
-0.7,1625449482.0,64.0
-4.26,1625449482.0,64.0
-8.16,1625449482.0,64.0
-12.22,1625449482.0,64.0
-16.24,1625449482.0,64.0
-20.1,1625449482.0,64.0
-23.76,1625449482.0,64.0
-27.32,1625449482.0,64.0
-30.88,1625449482.0,64.0
-34.58,1625449482.0,64.0
-38.55,1625449482.0,64.0
-42.91,1625449482.0,64.0
-47.78,1625449482.0,64.0
-53.25,1625449482.0,64.0
-59.34,1625449482.0,64.0
-65.88,1625449482.0,64.0
-72.41,1625449482.0,64.0
-78.14,1625449482.0,64.0
-82.06,1625449482.0,64.0
-83.22,1625449482.0,64.0
-80.99,1625449482.0,64.0
-75.32,1625449482.0,64.0
-66.78,1625449482.0,64.0
-56.31,1625449482.0,64.0
-44.98,1625449482.0,64.0
-33.65,1625449482.0,64.0
-22.89,1625449482.0,64.0
-13.06,1625449482.0,64.0
-4.44,1625449482.0,64.0
2.65,1625449482.0,64.0
8.0,1625449482.0,64.0
11.57,1625449482.0,64.0
13.71,1625449482.0,64.0
15.05,1625449482.0,64.0
16.28,1625449482.0,64.0
17.94,1625449482.0,64.0
20.19,1625449482.0,64.0
22.83,1625449482.0,64.0
25.45,1625449482.0,64.0
27.68,1625449482.0,64.0
29.38,1625449482.0,64.0
30.66,1625449482.0,64.0
31.71,1625449482.0,64.0
32.61,1625449482.0,64.0
33.22,1625449482.0,64.0
33.26,1625449482.0,64.0
32.37,1625449482.0,64.0
30.37,1625449482.0,64.0
27.32,1625449482.0,64.0
23.55,1625449482.0,64.0
19.49,1625449482.0,64.0
15.5,1625449482.0,64.0
11.77,1625449482.0,64.0
8.3,1625449482.0,64.0
4.93,1625449482.0,64.0
1.5,1625449482.0,64.0
-2.07,1625449482.0,64.0
-5.76,1625449482.0,64.0
-9.47,1625449482.0,64.0
-13.07,1625449482.0,64.0
-16.49,1625449482.0,64.0
-19.77,1625449482.0,64.0
-23.1,1625449482.0,64.0
-26.77,1625449482.0,64.0
-31.03,1625449482.0,64.0
-36.08,1625449482.0,64.0
-41.97,1625449482.0,64.0
-48.58,1625449482.0,64.0
-55.52,1625449482.0,64.0
-62.18,1625449482.0,64.0
-67.74,1625449482.0,64.0
-71.31,1625449482.0,64.0
-72.12,1625449482.0,64.0
-69.75,1625449482.0,64.0
-64.32,1625449482.0,64.0
-56.39,1625449482.0,64.0
-46.79,1625449482.0,64.0
-36.33,1625449482.0,64.0
-25.61,1625449482.0,64.0
-14.98,1625449482.0,64.0
-4.72,1625449482.0,64.0
4.82,1625449482.0,64.0
13.14,1625449482.0,64.0
19.74,1625449482.0,64.0
24.37,1625449482.0,64.0
27.18,1625449482.0,64.0
28.78,1625449482.0,64.0
29.98,1625449482.0,64.0
31.46,1625449482.0,64.0
33.47,1625449482.0,64.0
35.79,1625449482.0,64.0
37.89,1625449482.0,64.0
39.19,1625449482.0,64.0
39.39,1625449482.0,64.0
38.49,1625449482.0,64.0
36.73,1625449482.0,64.0
34.37,1625449482.0,64.0
31.55,1625449482.0,64.0
28.3,1625449482.0,64.0
24.65,1625449482.0,64.0
20.72,1625449482.0,64.0
16.81,1625449482.0,64.0
13.25,1625449482.0,64.0
10.24,1625449482.0,64.0
7.77,1625449482.0,64.0
5.55,1625449482.0,64.0
3.2,1625449482.0,64.0
0.4,1625449482.0,64.0
-2.98,1625449482.0,64.0
-6.83,1625449482.0,64.0
-10.96,1625449482.0,64.0
-15.21,1625449482.0,64.0
-19.53,1625449482.0,64.0
-24.02,1625449482.0,64.0
-28.78,1625449482.0,64.0
-33.9,1625449482.0,64.0
-39.35,1625449482.0,64.0
-45.06,1625449482.0,64.0
-50.9,1625449482.0,64.0
-56.66,1625449482.0,64.0
-61.96,1625449482.0,64.0
-66.22,1625449482.0,64.0
-68.67,1625449482.0,64.0
-68.56,1625449482.0,64.0
-65.39,1625449482.0,64.0
-59.18,1625449482.0,64.0
-50.48,1625449482.0,64.0
-40.18,1625449482.0,64.0
-29.22,1625449482.0,64.0
-18.29,1625449482.0,64.0
-7.8,1625449482.0,64.0
2.08,1625449482.0,64.0
11.16,1625449482.0,64.0
19.17,1625449482.0,64.0
25.75,1625449482.0,64.0
30.61,1625449482.0,64.0
33.72,1625449482.0,64.0
35.4,1625449482.0,64.0
36.17,1625449482.0,64.0
36.61,1625449482.0,64.0
37.04,1625449482.0,64.0
37.5,1625449482.0,64.0
37.76,1625449482.0,64.0
37.48,1625449482.0,64.0
36.44,1625449482.0,64.0
34.68,1625449482.0,64.0
32.41,1625449482.0,64.0
29.9,1625449482.0,64.0
27.26,1625449482.0,64.0
24.31,1625449482.0,64.0
20.76,1625449482.0,64.0
16.33,1625449482.0,64.0
11.02,1625449482.0,64.0
5.15,1625449482.0,64.0
-0.72,1625449482.0,64.0
-6.12,1625449482.0,64.0
-10.78,1625449482.0,64.0
-14.78,1625449482.0,64.0
-18.37,1625449482.0,64.0
-21.84,1625449482.0,64.0
-25.34,1625449482.0,64.0
-28.89,1625449482.0,64.0
-32.43,1625449482.0,64.0
-35.98,1625449482.0,64.0
-39.62,1625449482.0,64.0
-43.48,1625449482.0,64.0
-47.68,1625449482.0,64.0
-52.22,1625449482.0,64.0
-57.02,1625449482.0,64.0
-61.82,1625449482.0,64.0
-66.17,1625449482.0,64.0
-69.4,1625449482.0,64.0
-70.75,1625449482.0,64.0
-69.54,1625449482.0,64.0
-65.41,1625449482.0,64.0
-58.5,1625449482.0,64.0
-49.36,1625449482.0,64.0
-38.81,1625449482.0,64.0
-27.56,1625449482.0,64.0
-16.11,1625449482.0,64.0
-4.73,1625449482.0,64.0
6.35,1625449482.0,64.0
16.7,1625449482.0,64.0
25.76,1625449482.0,64.0
32.93,1625449482.0,64.0
37.89,1625449482.0,64.0
40.82,1625449482.0,64.0
42.35,1625449482.0,64.0
43.34,1625449482.0,64.0
44.49,1625449482.0,64.0
46.02,1625449482.0,64.0
47.7,1625449482.0,64.0
48.99,1625449482.0,64.0
49.4,1625449482.0,64.0
48.71,1625449482.0,64.0
47.05,1625449482.0,64.0
44.78,1625449482.0,64.0
42.23,1625449482.0,64.0
39.55,1625449482.0,64.0
36.66,1625449482.0,64.0
33.43,1625449482.0,64.0
29.78,1625449482.0,64.0
25.79,1625449482.0,64.0
21.67,1625449482.0,64.0
17.61,1625449482.0,64.0
13.61,1625449482.0,64.0
9.53,1625449482.0,64.0
5.09,1625449482.0,64.0
0.13,1625449482.0,64.0
-5.35,1625449482.0,64.0
-11.16,1625449482.0,64.0
-16.98,1625449482.0,64.0
-22.57,1625449482.0,64.0
-27.85,1625449482.0,64.0
-32.95,1625449482.0,64.0
-38.18,1625449482.0,64.0
-43.78,1625449482.0,64.0
-49.84,1625449482.0,64.0
-56.05,1625449482.0,64.0
-61.71,1625449482.0,64.0
-65.82,1625449482.0,64.0
-67.36,1625449482.0,64.0
-65.62,1625449482.0,64.0
-60.48,1625449482.0,64.0
-52.38,1625449482.0,64.0
-42.16,1625449482.0,64.0
-30.73,1625449482.0,64.0
-18.85,1625449482.0,64.0
-7.0,1625449482.0,64.0
4.48,1625449482.0,64.0
15.18,1625449482.0,64.0
24.56,1625449482.0,64.0
32.03,1625449482.0,64.0
37.16,1625449482.0,64.0
39.95,1625449482.0,64.0
40.93,1625449482.0,64.0
40.98,1625449482.0,64.0
41.0,1625449482.0,64.0
41.6,1625449482.0,64.0
42.92,1625449482.0,64.0
44.65,1625449482.0,64.0
46.32,1625449482.0,64.0
47.45,1625449482.0,64.0
47.77,1625449482.0,64.0
47.21,1625449482.0,64.0
45.8,1625449482.0,64.0
43.65,1625449482.0,64.0
40.83,1625449482.0,64.0
37.41,1625449482.0,64.0
33.5,1625449482.0,64.0
29.23,1625449482.0,64.0
24.76,1625449482.0,64.0
20.21,1625449482.0,64.0
15.64,1625449482.0,64.0
11.04,1625449482.0,64.0
6.4,1625449482.0,64.0
1.71,1625449482.0,64.0
-2.99,1625449482.0,64.0
-7.61,1625449482.0,64.0
-12.08,1625449482.0,64.0
-16.41,1625449482.0,64.0
-20.7,1625449482.0,64.0
-25.16,1625449482.0,64.0
-30.03,1625449482.0,64.0
-35.52,1625449482.0,64.0
-41.72,1625449482.0,64.0
-48.47,1625449482.0,64.0
-55.32,1625449482.0,64.0
-61.52,1625449482.0,64.0
-66.15,1625449482.0,64.0
-68.21,1625449482.0,64.0
-67.0,1625449482.0,64.0
-62.21,1625449482.0,64.0
-54.15,1625449482.0,64.0
-43.6,1625449482.0,64.0
-31.59,1625449482.0,64.0
-19.09,1625449482.0,64.0
-6.8,1625449482.0,64.0
4.82,1625449482.0,64.0
15.48,1625449482.0,64.0
24.87,1625449482.0,64.0
32.59,1625449482.0,64.0
38.35,1625449482.0,64.0
42.05,1625449482.0,64.0
44.04,1625449482.0,64.0
44.96,1625449482.0,64.0
45.58,1625449482.0,64.0
46.45,1625449482.0,64.0
47.71,1625449482.0,64.0
49.07,1625449482.0,64.0
50.04,1625449482.0,64.0
50.2,1625449482.0,64.0
49.35,1625449482.0,64.0
47.55,1625449482.0,64.0
45.02,1625449482.0,64.0
41.93,1625449482.0,64.0
38.38,1625449482.0,64.0
34.38,1625449482.0,64.0
29.9,1625449482.0,64.0
25.06,1625449482.0,64.0
20.02,1625449482.0,64.0
15.03,1625449482.0,64.0
10.24,1625449482.0,64.0
5.65,1625449482.0,64.0
1.15,1625449482.0,64.0
-3.45,1625449482.0,64.0
-8.26,1625449482.0,64.0
-13.26,1625449482.0,64.0
-18.3,1625449482.0,64.0
-23.2,1625449482.0,64.0
-27.83,1625449482.0,64.0
-32.18,1625449482.0,64.0
-36.32,1625449482.0,64.0
-40.42,1625449482.0,64.0
-44.63,1625449482.0,64.0
-49.01,1625449482.0,64.0
-53.52,1625449482.0,64.0
-57.94,1625449482.0,64.0
-61.85,1625449482.0,64.0
-64.65,1625449482.0,64.0
-65.65,1625449482.0,64.0
-64.22,1625449482.0,64.0
-60.0,1625449482.0,64.0
-53.05,1625449482.0,64.0
-43.88,1625449482.0,64.0
-33.25,1625449482.0,64.0
-21.95,1625449482.0,64.0
-10.57,1625449482.0,64.0
0.57,1625449482.0,64.0
11.33,1625449482.0,64.0
21.54,1625449482.0,64.0
30.86,1625449482.0,64.0
38.84,1625449482.0,64.0
45.08,1625449482.0,64.0
49.5,1625449482.0,64.0
52.43,1625449482.0,64.0
54.49,1625449482.0,64.0
56.3,1625449482.0,64.0
58.2,1625449482.0,64.0
60.11,1625449482.0,64.0
61.61,1625449482.0,64.0
62.2,1625449482.0,64.0
61.56,1625449482.0,64.0
59.58,1625449482.0,64.0
56.45,1625449482.0,64.0
52.49,1625449482.0,64.0
48.04,1625449482.0,64.0
43.35,1625449482.0,64.0
38.62,1625449482.0,64.0
33.87,1625449482.0,64.0
29.08,1625449482.0,64.0
24.23,1625449482.0,64.0
19.36,1625449482.0,64.0
14.57,1625449482.0,64.0
10.0,1625449482.0,64.0
5.73,1625449482.0,64.0
1.75,1625449482.0,64.0
-2.12,1625449482.0,64.0
-6.08,1625449482.0,64.0
-10.29,1625449482.0,64.0
-14.81,1625449482.0,64.0
-19.65,1625449482.0,64.0
-24.72,1625449482.0,64.0
-30.0,1625449482.0,64.0
-35.46,1625449482.0,64.0
-41.11,1625449482.0,64.0
-46.99,1625449482.0,64.0
-53.09,1625449482.0,64.0
-59.28,1625449482.0,64.0
-65.23,1625449482.0,64.0
-70.38,1625449482.0,64.0
-73.95,1625449482.0,64.0
-75.18,1625449482.0,64.0
-73.55,1625449482.0,64.0
-68.96,1625449482.0,64.0
-61.77,1625449482.0,64.0
-52.58,1625449482.0,64.0
-42.02,1625449482.0,64.0
-30.53,1625449482.0,64.0
-18.34,1625449482.0,64.0
-5.67,1625449482.0,64.0
7.09,1625449482.0,64.0
19.26,1625449482.0,64.0
30.01,1625449482.0,64.0
38.6,1625449482.0,64.0
44.68,1625449482.0,64.0
48.42,1625449482.0,64.0
50.43,1625449482.0,64.0
51.5,1625449482.0,64.0
52.28,1625449482.0,64.0
53.03,1625449482.0,64.0
53.67,1625449482.0,64.0
53.9,1625449482.0,64.0
53.42,1625449482.0,64.0
52.16,1625449482.0,64.0
50.23,1625449482.0,64.0
47.86,1625449482.0,64.0
45.25,1625449482.0,64.0
42.45,1625449482.0,64.0
39.35,1625449482.0,64.0
35.79,1625449482.0,64.0
31.66,1625449482.0,64.0
27.01,1625449482.0,64.0
22.05,1625449482.0,64.0
17.09,1625449482.0,64.0
12.36,1625449482.0,64.0
7.96,1625449482.0,64.0
3.79,1625449482.0,64.0
-0.33,1625449482.0,64.0
-4.61,1625449482.0,64.0
-9.14,1625449482.0,64.0
-13.89,1625449482.0,64.0
-18.73,1625449482.0,64.0
-23.59,1625449482.0,64.0
-28.52,1625449482.0,64.0
-33.62,1625449482.0,64.0
-39.09,1625449482.0,64.0
-45.09,1625449482.0,64.0
-51.69,1625449482.0,64.0
-58.84,1625449482.0,64.0
-66.29,1625449482.0,64.0
-73.55,1625449482.0,64.0
-79.83,1625449482.0,64.0
-84.17,1625449482.0,64.0
-85.6,1625449482.0,64.0
-83.48,1625449482.0,64.0
-77.71,1625449482.0,64.0
-68.76,1625449482.0,64.0
-57.5,1625449482.0,64.0
-44.9,1625449482.0,64.0
-31.7,1625449482.0,64.0
-18.34,1625449482.0,64.0
-5.12,1625449482.0,64.0
7.63,1625449482.0,64.0
19.33,1625449482.0,64.0
29.25,1625449482.0,64.0
36.8,1625449482.0,64.0
41.81,1625449482.0,64.0
44.64,1625449482.0,64.0
46.11,1625449482.0,64.0
47.14,1625449482.0,64.0
48.41,1625449482.0,64.0
50.18,1625449482.0,64.0
52.27,1625449482.0,64.0
54.27,1625449482.0,64.0
55.78,1625449482.0,64.0
56.54,1625449482.0,64.0
56.52,1625449482.0,64.0
55.84,1625449482.0,64.0
54.65,1625449482.0,64.0
53.08,1625449482.0,64.0
51.17,1625449482.0,64.0
48.85,1625449482.0,64.0
46.04,1625449482.0,64.0
42.68,1625449482.0,64.0
38.86,1625449482.0,64.0
34.78,1625449482.0,64.0
30.73,1625449482.0,64.0
26.95,1625449482.0,64.0
23.5,1625449482.0,64.0
20.24,1625449482.0,64.0
16.84,1625449482.0,64.0
12.95,1625449482.0,64.0
8.37,1625449482.0,64.0
3.09,1625449482.0,64.0
-2.72,1625449482.0,64.0
-8.86,1625449482.0,64.0
-15.27,1625449482.0,64.0
-22.05,1625449482.0,64.0
-29.37,1625449482.0,64.0
-37.36,1625449482.0,64.0
-45.91,1625449482.0,64.0
-54.7,1625449482.0,64.0
-63.31,1625449482.0,64.0
-71.34,1625449482.0,64.0
-78.45,1625449482.0,64.0
-84.25,1625449482.0,64.0
-88.26,1625449482.0,64.0
-89.86,1625449482.0,64.0
-88.51,1625449482.0,64.0
-83.93,1625449482.0,64.0
-76.33,1625449482.0,64.0
-66.39,1625449482.0,64.0
-55.07,1625449482.0,64.0
-43.22,1625449482.0,64.0
-31.44,1625449482.0,64.0
-19.97,1625449482.0,64.0
-8.91,1625449482.0,64.0
1.61,1625449482.0,64.0
11.23,1625449482.0,64.0
19.53,1625449482.0,64.0
26.19,1625449482.0,64.0
31.21,1625449482.0,64.0
34.89,1625449482.0,64.0
37.78,1625449482.0,64.0
40.35,1625449482.0,64.0
42.76,1625449482.0,64.0
44.83,1625449482.0,64.0
46.15,1625449482.0,64.0
46.35,1625449482.0,64.0
45.35,1625449482.0,64.0
43.43,1625449482.0,64.0
41.12,1625449482.0,64.0
38.95,1625449482.0,64.0
37.19,1625449482.0,64.0
35.72,1625449482.0,64.0
34.14,1625449482.0,64.0
32.03,1625449482.0,64.0
29.2,1625449482.0,64.0
25.86,1625449482.0,64.0
22.53,1625449482.0,64.0
19.79,1625449482.0,64.0
18.0,1625449482.0,64.0
17.15,1625449482.0,64.0
16.93,1625449482.0,64.0
16.94,1625449482.0,64.0
16.88,1625449482.0,64.0
16.67,1625449482.0,64.0
16.33,1625449482.0,64.0
15.81,1625449482.0,64.0
15.04,1625449482.0,64.0
14.03,1625449482.0,64.0
12.99,1625449482.0,64.0
12.44,1625449482.0,64.0
12.92,1625449482.0,64.0
14.69,1625449482.0,64.0
17.46,1625449482.0,64.0
20.48,1625449482.0,64.0
22.85,1625449482.0,64.0
23.94,1625449482.0,64.0
23.62,1625449482.0,64.0
22.15,1625449482.0,64.0
19.83,1625449482.0,64.0
16.69,1625449482.0,64.0
12.51,1625449482.0,64.0
7.05,1625449482.0,64.0
0.44,1625449482.0,64.0
-6.66,1625449482.0,64.0
-13.3,1625449482.0,64.0
-18.59,1625449482.0,64.0
-22.18,1625449482.0,64.0
-24.35,1625449482.0,64.0
-25.82,1625449482.0,64.0
-27.35,1625449482.0,64.0
-29.36,1625449482.0,64.0
-31.76,1625449482.0,64.0
-34.09,1625449482.0,64.0
-35.84,1625449482.0,64.0
-36.67,1625449482.0,64.0
-36.64,1625449482.0,64.0
-36.04,1625449482.0,64.0
-35.31,1625449482.0,64.0
-34.83,1625449482.0,64.0
-34.8,1625449482.0,64.0
-35.43,1625449482.0,64.0
-36.93,1625449482.0,64.0
-39.72,1625449482.0,64.0
-44.3,1625449482.0,64.0
-51.05,1625449482.0,64.0
-59.92,1625449482.0,64.0
-70.29,1625449482.0,64.0
-80.98,1625449482.0,64.0
-90.54,1625449482.0,64.0
-97.71,1625449482.0,64.0
-101.75,1625449482.0,64.0
-102.74,1625449482.0,64.0
-101.48,1625449482.0,64.0
-99.22,1625449482.0,64.0
-97.11,1625449482.0,64.0
-95.8,1625449482.0,64.0
-95.12,1625449482.0,64.0
-94.07,1625449482.0,64.0
-91.17,1625449482.0,64.0
-84.98,1625449482.0,64.0
-74.79,1625449482.0,64.0
-61.07,1625449482.0,64.0
-45.75,1625449482.0,64.0
-31.82,1625449482.0,64.0
-22.62,1625449482.0,64.0
-20.49,1625449482.0,64.0
-25.62,1625449482.0,64.0
-35.49,1625449482.0,64.0
-45.38,1625449482.0,64.0
-50.1,1625449482.0,64.0
-45.99,1625449482.0,64.0
-32.51,1625449482.0,64.0
-12.31,1625449482.0,64.0
10.06,1625449482.0,64.0
30.14,1625449482.0,64.0
45.22,1625449482.0,64.0
54.68,1625449482.0,64.0
59.39,1625449482.0,64.0
60.73,1625449482.0,64.0
60.03,1625449482.0,64.0
58.82,1625449482.0,64.0
59.15,1625449482.0,64.0
63.55,1625449482.0,64.0
74.13,1625449482.0,64.0
91.25,1625449482.0,64.0
112.77,1625449482.0,64.0
134.44,1625449482.0,64.0
151.43,1625449482.0,64.0
160.14,1625449482.0,64.0
159.39,1625449482.0,64.0
150.47,1625449482.0,64.0
136.15,1625449482.0,64.0
119.3,1625449482.0,64.0
102.03,1625449482.0,64.0
85.37,1625449482.0,64.0
69.67,1625449482.0,64.0
55.03,1625449482.0,64.0
41.58,1625449482.0,64.0
29.52,1625449482.0,64.0
18.94,1625449482.0,64.0
9.71,1625449482.0,64.0
1.52,1625449482.0,64.0
-5.92,1625449482.0,64.0
-12.77,1625449482.0,64.0
-18.93,1625449482.0,64.0
-24.26,1625449482.0,64.0
-28.8,1625449482.0,64.0
-33.03,1625449482.0,64.0
-37.81,1625449482.0,64.0
-44.12,1625449482.0,64.0
-52.61,1625449482.0,64.0
-63.19,1625449482.0,64.0
-74.88,1625449482.0,64.0
-86.06,1625449482.0,64.0
-94.91,1625449482.0,64.0
-100.01,1625449482.0,64.0
-100.68,1625449482.0,64.0
-97.11,1625449482.0,64.0
-90.17,1625449482.0,64.0
-81.03,1625449482.0,64.0
-70.74,1625449482.0,64.0
-60.04,1625449482.0,64.0
-49.25,1625449482.0,64.0
-38.47,1625449482.0,64.0
-27.78,1625449482.0,64.0
-17.38,1625449482.0,64.0
-7.67,1625449482.0,64.0
0.92,1625449482.0,64.0
8.15,1625449482.0,64.0
14.06,1625449482.0,64.0
19.09,1625449482.0,64.0
23.83,1625449482.0,64.0
28.8,1625449482.0,64.0
34.21,1625449482.0,64.0
39.79,1625449482.0,64.0
44.97,1625449482.0,64.0
49.02,1625449482.0,64.0
51.35,1625449482.0,64.0
51.58,1625449482.0,64.0
49.59,1625449482.0,64.0
45.51,1625449482.0,64.0
39.68,1625449482.0,64.0
32.65,1625449482.0,64.0
25.15,1625449482.0,64.0
18.01,1625449482.0,64.0
11.96,1625449482.0,64.0
7.32,1625449482.0,64.0
3.96,1625449482.0,64.0
1.29,1625449482.0,64.0
-1.46,1625449482.0,64.0
-4.82,1625449482.0,64.0
-8.95,1625449482.0,64.0
-13.56,1625449482.0,64.0
-18.18,1625449482.0,64.0
-22.42,1625449482.0,64.0
-26.17,1625449482.0,64.0
-29.54,1625449482.0,64.0
-32.77,1625449482.0,64.0
-36.12,1625449482.0,64.0
-39.73,1625449482.0,64.0
-43.62,1625449482.0,64.0
-47.67,1625449482.0,64.0
-51.55,1625449482.0,64.0
-54.73,1625449482.0,64.0
-56.56,1625449482.0,64.0
-56.36,1625449482.0,64.0
-53.68,1625449482.0,64.0
-48.49,1625449482.0,64.0
-41.14,1625449482.0,64.0
-32.26,1625449482.0,64.0
-22.49,1625449482.0,64.0
-12.34,1625449482.0,64.0
-2.11,1625449482.0,64.0
7.99,1625449482.0,64.0
17.62,1625449482.0,64.0
26.24,1625449482.0,64.0
33.21,1625449482.0,64.0
37.96,1625449482.0,64.0
40.34,1625449482.0,64.0
40.7,1625449482.0,64.0
39.82,1625449482.0,64.0
38.65,1625449482.0,64.0
37.95,1625449482.0,64.0
38.05,1625449482.0,64.0
38.8,1625449482.0,64.0
39.77,1625449482.0,64.0
40.5,1625449482.0,64.0
40.71,1625449482.0,64.0
40.37,1625449482.0,64.0
39.6,1625449482.0,64.0
38.54,1625449482.0,64.0
37.21,1625449482.0,64.0
35.48,1625449482.0,64.0
33.17,1625449482.0,64.0
30.16,1625449482.0,64.0
26.43,1625449482.0,64.0
22.04,1625449482.0,64.0
17.15,1625449482.0,64.0
11.9,1625449482.0,64.0
6.46,1625449482.0,64.0
0.99,1625449482.0,64.0
-4.35,1625449482.0,64.0
-9.4,1625449482.0,64.0
-14.09,1625449482.0,64.0
-18.39,1625449482.0,64.0
-22.32,1625449482.0,64.0
-25.91,1625449482.0,64.0
-29.23,1625449482.0,64.0
-32.38,1625449482.0,64.0
-35.52,1625449482.0,64.0
-38.8,1625449482.0,64.0
-42.26,1625449482.0,64.0
-45.63,1625449482.0,64.0
-48.26,1625449482.0,64.0
-49.26,1625449482.0,64.0
-47.75,1625449482.0,64.0
-43.18,1625449482.0,64.0
-35.54,1625449482.0,64.0
-25.4,1625449482.0,64.0
-13.72,1625449482.0,64.0
-1.48,1625449482.0,64.0
10.47,1625449482.0,64.0
21.65,1625449482.0,64.0
31.83,1625449482.0,64.0
40.91,1625449482.0,64.0
48.8,1625449482.0,64.0
55.35,1625449482.0,64.0
60.37,1625449482.0,64.0
63.74,1625449482.0,64.0
65.52,1625449482.0,64.0
65.99,1625449482.0,64.0
65.59,1625449482.0,64.0
64.79,1625449482.0,64.0
63.91,1625449482.0,64.0
63.0,1625449482.0,64.0
61.96,1625449482.0,64.0
60.62,1625449482.0,64.0
58.95,1625449482.0,64.0
57.1,1625449482.0,64.0
55.26,1625449482.0,64.0
53.44,1625449482.0,64.0
51.35,1625449482.0,64.0
48.41,1625449482.0,64.0
44.03,1625449482.0,64.0
37.94,1625449482.0,64.0
30.37,1625449482.0,64.0
22.04,1625449482.0,64.0
13.88,1625449482.0,64.0
6.63,1625449482.0,64.0
0.62,1625449482.0,64.0
-4.28,1625449482.0,64.0
-8.47,1625449482.0,64.0
-12.34,1625449482.0,64.0
-16.18,1625449482.0,64.0
-20.15,1625449482.0,64.0
-24.36,1625449482.0,64.0
-28.84,1625449482.0,64.0
-33.58,1625449482.0,64.0
-38.44,1625449482.0,64.0
-43.24,1625449482.0,64.0
-47.83,1625449482.0,64.0
-52.25,1625449482.0,64.0
-56.66,1625449482.0,64.0
-61.19,1625449482.0,64.0
-65.55,1625449482.0,64.0
-69.02,1625449482.0,64.0
-70.51,1625449482.0,64.0
-69.0,1625449482.0,64.0
-64.0,1625449482.0,64.0
-55.88,1625449482.0,64.0
-45.75,1625449482.0,64.0
-34.96,1625449482.0,64.0
-24.53,1625449482.0,64.0
-14.84,1625449482.0,64.0
-5.61,1625449482.0,64.0
3.55,1625449482.0,64.0
12.75,1625449482.0,64.0
21.54,1625449482.0,64.0
29.01,1625449482.0,64.0
34.33,1625449482.0,64.0
37.14,1625449482.0,64.0
37.88,1625449482.0,64.0
37.6,1625449482.0,64.0
37.45,1625449482.0,64.0
38.24,1625449482.0,64.0
40.13,1625449482.0,64.0
42.72,1625449482.0,64.0
45.35,1625449482.0,64.0
47.4,1625449482.0,64.0
48.21,1625449482.0,64.0
46.96,1625449482.0,64.0
42.51,1625449482.0,64.0
33.71,1625449482.0,64.0
20.01,1625449482.0,64.0
2.16,1625449482.0,64.0
-17.58,1625449482.0,64.0
-35.95,1625449482.0,64.0
-49.74,1625449482.0,64.0
-56.95,1625449482.0,64.0
-57.39,1625449482.0,64.0
-52.46,1625449482.0,64.0
-44.35,1625449482.0,64.0
-34.97,1625449482.0,64.0
-25.47,1625449482.0,64.0
-16.25,1625449482.0,64.0
-7.27,1625449482.0,64.0
1.46,1625449482.0,64.0
9.84,1625449482.0,64.0
17.74,1625449482.0,64.0
25.23,1625449482.0,64.0
32.48,1625449482.0,64.0
39.56,1625449482.0,64.0
46.13,1625449482.0,64.0
51.33,1625449482.0,64.0
53.93,1625449482.0,64.0
52.75,1625449482.0,64.0
47.13,1625449482.0,64.0
37.34,1625449482.0,64.0
24.62,1625449482.0,64.0
10.93,1625449482.0,64.0
-1.63,1625449482.0,64.0
-11.33,1625449482.0,64.0
-17.28,1625449482.0,64.0
-19.46,1625449482.0,64.0
-18.53,1625449482.0,64.0
-15.43,1625449482.0,64.0
-11.06,1625449482.0,64.0
-6.12,1625449482.0,64.0
-1.2,1625449482.0,64.0
3.19,1625449482.0,64.0
6.51,1625449482.0,64.0
8.33,1625449482.0,64.0
8.44,1625449482.0,64.0
7.03,1625449482.0,64.0
4.54,1625449482.0,64.0
1.51,1625449482.0,64.0
-1.58,1625449482.0,64.0
-4.47,1625449482.0,64.0
-7.03,1625449482.0,64.0
-9.16,1625449482.0,64.0
-10.74,1625449482.0,64.0
-11.65,1625449482.0,64.0
-11.83,1625449482.0,64.0
-11.41,1625449482.0,64.0
-10.7,1625449482.0,64.0
-10.06,1625449482.0,64.0
-9.8,1625449482.0,64.0
-10.03,1625449482.0,64.0
-10.6,1625449482.0,64.0
-11.24,1625449482.0,64.0
-11.72,1625449482.0,64.0
-12.0,1625449482.0,64.0
-12.25,1625449482.0,64.0
-12.75,1625449482.0,64.0
-13.7,1625449482.0,64.0
-15.13,1625449482.0,64.0
-16.86,1625449482.0,64.0
-18.59,1625449482.0,64.0
-20.04,1625449482.0,64.0
-20.94,1625449482.0,64.0
-21.05,1625449482.0,64.0
-20.16,1625449482.0,64.0
-18.09,1625449482.0,64.0
-14.83,1625449482.0,64.0
-10.73,1625449482.0,64.0
-6.52,1625449482.0,64.0
-3.04,1625449482.0,64.0
-0.97,1625449482.0,64.0
-0.39,1625449482.0,64.0
-0.69,1625449482.0,64.0
-0.76,1625449482.0,64.0
0.53,1625449482.0,64.0
3.92,1625449482.0,64.0
9.59,1625449482.0,64.0
17.25,1625449482.0,64.0
26.46,1625449482.0,64.0
36.78,1625449482.0,64.0
47.88,1625449482.0,64.0
59.33,1625449482.0,64.0
70.6,1625449482.0,64.0
80.99,1625449482.0,64.0
89.79,1625449482.0,64.0
96.46,1625449482.0,64.0
100.64,1625449482.0,64.0
102.28,1625449482.0,64.0
101.52,1625449482.0,64.0
98.75,1625449482.0,64.0
94.57,1625449482.0,64.0
89.71,1625449482.0,64.0
84.8,1625449482.0,64.0
80.14,1625449482.0,64.0
75.59,1625449482.0,64.0
70.7,1625449482.0,64.0
65.05,1625449482.0,64.0
58.61,1625449482.0,64.0
51.89,1625449482.0,64.0
45.69,1625449482.0,64.0
40.66,1625449482.0,64.0
36.96,1625449482.0,64.0
34.1,1625449482.0,64.0
31.2,1625449482.0,64.0
27.41,1625449482.0,64.0
22.31,1625449482.0,64.0
16.06,1625449482.0,64.0
9.33,1625449482.0,64.0
2.93,1625449482.0,64.0
-2.49,1625449482.0,64.0
-6.69,1625449482.0,64.0
-9.88,1625449482.0,64.0
-12.53,1625449482.0,64.0
-15.22,1625449482.0,64.0
-18.44,1625449482.0,64.0
-22.5,1625449482.0,64.0
-27.57,1625449482.0,64.0
-33.69,1625449482.0,64.0
-40.85,1625449482.0,64.0
-48.92,1625449482.0,64.0
-57.62,1625449482.0,64.0
-66.41,1625449482.0,64.0
-74.58,1625449482.0,64.0
-81.23,1625449482.0,64.0
-85.53,1625449482.0,64.0
-86.92,1625449482.0,64.0
-85.25,1625449482.0,64.0
-80.95,1625449482.0,64.0
-74.73,1625449482.0,64.0
-67.47,1625449482.0,64.0
-59.83,1625449482.0,64.0
-52.16,1625449482.0,64.0
-44.53,1625449482.0,64.0
-36.97,1625449482.0,64.0
-29.61,1625449482.0,64.0
-22.77,1625449482.0,64.0
-16.87,1625449482.0,64.0
-12.15,1625449482.0,64.0
-8.53,1625449482.0,64.0
-5.67,1625449482.0,64.0
-3.08,1625449482.0,64.0
-0.4,1625449482.0,64.0
2.45,1625449482.0,64.0
5.32,1625449482.0,64.0
7.93,1625449482.0,64.0
10.02,1625449482.0,64.0
11.44,1625449482.0,64.0
12.16,1625449482.0,64.0
12.18,1625449482.0,64.0
11.52,1625449482.0,64.0
10.18,1625449482.0,64.0
8.21,1625449482.0,64.0
5.69,1625449482.0,64.0
2.8,1625449482.0,64.0
-0.32,1625449482.0,64.0
-3.54,1625449482.0,64.0
-6.87,1625449482.0,64.0
-10.38,1625449482.0,64.0
-14.19,1625449482.0,64.0
-18.41,1625449482.0,64.0
-23.02,1625449482.0,64.0
-27.92,1625449482.0,64.0
-32.89,1625449482.0,64.0
-37.72,1625449482.0,64.0
-42.26,1625449482.0,64.0
-46.45,1625449482.0,64.0
-50.34,1625449482.0,64.0
-54.02,1625449482.0,64.0
-57.65,1625449482.0,64.0
-61.31,1625449482.0,64.0
-65.03,1625449482.0,64.0
-68.69,1625449482.0,64.0
-71.97,1625449482.0,64.0
-74.39,1625449482.0,64.0
-75.42,1625449482.0,64.0
-74.61,1625449482.0,64.0
-71.7,1625449482.0,64.0
-66.74,1625449482.0,64.0
-60.01,1625449482.0,64.0
-51.96,1625449482.0,64.0
-43.0,1625449482.0,64.0
-33.48,1625449482.0,64.0
-23.59,1625449482.0,64.0
-13.49,1625449482.0,64.0
-3.4,1625449482.0,64.0
6.37,1625449482.0,64.0
15.36,1625449482.0,64.0
23.06,1625449482.0,64.0
29.06,1625449482.0,64.0
33.16,1625449482.0,64.0
35.51,1625449482.0,64.0
36.51,1625449482.0,64.0
36.75,1625449482.0,64.0
36.74,1625449482.0,64.0
36.8,1625449482.0,64.0
36.97,1625449482.0,64.0
37.08,1625449482.0,64.0
36.91,1625449482.0,64.0
36.3,1625449482.0,64.0
35.17,1625449482.0,64.0
33.57,1625449482.0,64.0
31.59,1625449482.0,64.0
29.32,1625449482.0,64.0
26.81,1625449482.0,64.0
24.14,1625449482.0,64.0
21.4,1625449482.0,64.0
18.67,1625449482.0,64.0
16.02,1625449482.0,64.0
13.44,1625449482.0,64.0
10.87,1625449482.0,64.0
8.19,1625449482.0,64.0
5.28,1625449482.0,64.0
2.05,1625449482.0,64.0
-1.51,1625449482.0,64.0
-5.37,1625449482.0,64.0
-9.42,1625449482.0,64.0
-13.51,1625449482.0,64.0
-17.5,1625449482.0,64.0
-21.22,1625449482.0,64.0
-24.58,1625449482.0,64.0
-27.66,1625449482.0,64.0
-30.69,1625449482.0,64.0
-34.09,1625449482.0,64.0
-38.31,1625449482.0,64.0
-43.58,1625449482.0,64.0
-49.75,1625449482.0,64.0
-56.15,1625449482.0,64.0
-61.74,1625449482.0,64.0
-65.45,1625449482.0,64.0
-66.48,1625449482.0,64.0
-64.61,1625449482.0,64.0
-60.18,1625449482.0,64.0
-53.86,1625449482.0,64.0
-46.32,1625449482.0,64.0
-38.04,1625449482.0,64.0
-29.18,1625449482.0,64.0
-19.74,1625449482.0,64.0
-9.78,1625449482.0,64.0
0.48,1625449482.0,64.0
10.58,1625449482.0,64.0
20.01,1625449482.0,64.0
28.36,1625449482.0,64.0
35.45,1625449482.0,64.0
41.36,1625449482.0,64.0
46.36,1625449482.0,64.0
50.7,1625449482.0,64.0
54.43,1625449482.0,64.0
57.41,1625449482.0,64.0
59.3,1625449482.0,64.0
59.78,1625449482.0,64.0
58.73,1625449482.0,64.0
56.33,1625449482.0,64.0
53.0,1625449482.0,64.0
49.21,1625449482.0,64.0
45.34,1625449482.0,64.0
41.55,1625449482.0,64.0
37.77,1625449482.0,64.0
33.89,1625449482.0,64.0
29.84,1625449482.0,64.0
25.74,1625449482.0,64.0
21.86,1625449482.0,64.0
18.47,1625449482.0,64.0
15.76,1625449482.0,64.0
13.7,1625449482.0,64.0
12.05,1625449482.0,64.0
10.38,1625449482.0,64.0
8.28,1625449482.0,64.0
5.41,1625449482.0,64.0
1.65,1625449482.0,64.0
-2.84,1625449482.0,64.0
-7.74,1625449482.0,64.0
-12.67,1625449482.0,64.0
-17.36,1625449482.0,64.0
-21.69,1625449482.0,64.0
-25.75,1625449482.0,64.0
-29.81,1625449482.0,64.0
-34.12,1625449482.0,64.0
-38.93,1625449482.0,64.0
-44.32,1625449482.0,64.0
-50.22,1625449482.0,64.0
-56.33,1625449482.0,64.0
-62.18,1625449482.0,64.0
-67.07,1625449482.0,64.0
-70.26,1625449482.0,64.0
-71.14,1625449482.0,64.0
-69.4,1625449482.0,64.0
-65.15,1625449482.0,64.0
-58.85,1625449482.0,64.0
-51.11,1625449482.0,64.0
-42.41,1625449482.0,64.0
-33.0,1625449482.0,64.0
-22.87,1625449482.0,64.0
-11.97,1625449482.0,64.0
-0.43,1625449482.0,64.0
11.33,1625449482.0,64.0
22.68,1625449482.0,64.0
32.97,1625449482.0,64.0
41.81,1625449482.0,64.0
49.15,1625449482.0,64.0
55.21,1625449482.0,64.0
60.26,1625449482.0,64.0
64.47,1625449482.0,64.0
67.8,1625449482.0,64.0
70.04,1625449482.0,64.0
71.01,1625449482.0,64.0
70.64,1625449482.0,64.0
69.06,1625449482.0,64.0
66.53,1625449482.0,64.0
63.27,1625449482.0,64.0
59.42,1625449482.0,64.0
54.99,1625449482.0,64.0
49.98,1625449482.0,64.0
44.48,1625449482.0,64.0
38.75,1625449482.0,64.0
33.24,1625449482.0,64.0
28.44,1625449482.0,64.0
24.78,1625449482.0,64.0
22.44,1625449482.0,64.0
21.32,1625449482.0,64.0
21.01,1625449482.0,64.0
20.95,1625449482.0,64.0
20.55,1625449482.0,64.0
19.34,1625449482.0,64.0
17.02,1625449482.0,64.0
13.51,1625449482.0,64.0
8.93,1625449482.0,64.0
3.48,1625449482.0,64.0
-2.5,1625449482.0,64.0
-8.68,1625449482.0,64.0
-14.73,1625449482.0,64.0
-20.39,1625449482.0,64.0
-25.56,1625449482.0,64.0
-30.34,1625449482.0,64.0
-34.97,1625449482.0,64.0
-39.75,1625449482.0,64.0
-44.84,1625449482.0,64.0
-50.13,1625449482.0,64.0
-55.14,1625449482.0,64.0
-59.07,1625449482.0,64.0
-61.06,1625449482.0,64.0
-60.51,1625449482.0,64.0
-57.24,1625449482.0,64.0
-51.64,1625449482.0,64.0
-44.48,1625449482.0,64.0
-36.63,1625449482.0,64.0
-28.74,1625449482.0,64.0
-21.05,1625449482.0,64.0
-13.47,1625449482.0,64.0
-5.73,1625449482.0,64.0
2.31,1625449482.0,64.0
10.53,1625449482.0,64.0
18.5,1625449482.0,64.0
25.69,1625449482.0,64.0
31.67,1625449482.0,64.0
36.27,1625449482.0,64.0
39.56,1625449482.0,64.0
41.77,1625449482.0,64.0
43.15,1625449482.0,64.0
43.91,1625449482.0,64.0
44.21,1625449482.0,64.0
44.21,1625449482.0,64.0
44.08,1625449482.0,64.0
43.89,1625449482.0,64.0
43.62,1625449482.0,64.0
43.05,1625449482.0,64.0
41.86,1625449482.0,64.0
39.76,1625449482.0,64.0
36.67,1625449482.0,64.0
32.78,1625449482.0,64.0
28.53,1625449482.0,64.0
24.4,1625449482.0,64.0
20.77,1625449482.0,64.0
17.76,1625449482.0,64.0
15.28,1625449482.0,64.0
13.08,1625449482.0,64.0
10.89,1625449482.0,64.0
8.42,1625449482.0,64.0
5.49,1625449482.0,64.0
1.92,1625449482.0,64.0
-2.34,1625449482.0,64.0
-7.23,1625449482.0,64.0
-12.5,1625449482.0,64.0
-17.77,1625449482.0,64.0
-22.64,1625449482.0,64.0
-26.79,1625449482.0,64.0
-30.15,1625449482.0,64.0
-32.92,1625449482.0,64.0
-35.48,1625449482.0,64.0
-38.22,1625449482.0,64.0
-41.42,1625449482.0,64.0
-45.14,1625449482.0,64.0
-49.17,1625449482.0,64.0
-53.07,1625449482.0,64.0
-56.21,1625449482.0,64.0
-57.96,1625449482.0,64.0
-57.79,1625449482.0,64.0
-55.46,1625449482.0,64.0
-51.02,1625449482.0,64.0
-44.82,1625449482.0,64.0
-37.33,1625449482.0,64.0
-29.0,1625449482.0,64.0
-20.2,1625449482.0,64.0
-11.26,1625449482.0,64.0
-2.52,1625449482.0,64.0
5.57,1625449482.0,64.0
12.51,1625449482.0,64.0
17.93,1625449482.0,64.0
21.72,1625449482.0,64.0
24.08,1625449482.0,64.0
25.49,1625449482.0,64.0
26.43,1625449482.0,64.0
27.28,1625449482.0,64.0
28.11,1625449482.0,64.0
28.84,1625449482.0,64.0
29.32,1625449482.0,64.0
29.47,1625449482.0,64.0
29.37,1625449482.0,64.0
29.14,1625449482.0,64.0
28.86,1625449482.0,64.0
28.49,1625449482.0,64.0
27.87,1625449482.0,64.0
26.81,1625449482.0,64.0
25.22,1625449482.0,64.0
23.09,1625449482.0,64.0
20.52,1625449482.0,64.0
17.75,1625449482.0,64.0
15.06,1625449482.0,64.0
12.8,1625449482.0,64.0
11.24,1625449482.0,64.0
10.47,1625449482.0,64.0
10.34,1625449482.0,64.0
10.42,1625449482.0,64.0
10.22,1625449482.0,64.0
9.35,1625449482.0,64.0
7.66,1625449482.0,64.0
5.28,1625449482.0,64.0
2.4,1625449482.0,64.0
-0.83,1625449482.0,64.0
-4.46,1625449482.0,64.0
-8.69,1625449482.0,64.0
-13.74,1625449482.0,64.0
-19.74,1625449482.0,64.0
-26.62,1625449482.0,64.0
-34.11,1625449482.0,64.0
-41.77,1625449482.0,64.0
-48.96,1625449482.0,64.0
-54.92,1625449482.0,64.0
-58.9,1625449482.0,64.0
-60.37,1625449482.0,64.0
-59.23,1625449482.0,64.0
-55.83,1625449482.0,64.0
-50.85,1625449482.0,64.0
-44.99,1625449482.0,64.0
-38.64,1625449482.0,64.0
-31.81,1625449482.0,64.0
-24.3,1625449482.0,64.0
-16.05,1625449482.0,64.0
-7.41,1625449482.0,64.0
0.81,1625449482.0,64.0
7.61,1625449482.0,64.0
12.27,1625449482.0,64.0
14.64,1625449482.0,64.0
15.18,1625449482.0,64.0
14.72,1625449482.0,64.0
14.05,1625449482.0,64.0
13.65,1625449482.0,64.0
13.66,1625449482.0,64.0
14.02,1625449482.0,64.0
14.58,1625449482.0,64.0
15.28,1625449482.0,64.0
16.04,1625449482.0,64.0
16.74,1625449482.0,64.0
17.15,1625449482.0,64.0
17.05,1625449482.0,64.0
16.38,1625449482.0,64.0
15.3,1625449482.0,64.0
14.19,1625449482.0,64.0
13.52,1625449482.0,64.0
13.63,1625449482.0,64.0
14.62,1625449482.0,64.0
16.34,1625449482.0,64.0
18.48,1625449482.0,64.0
20.63,1625449482.0,64.0
22.42,1625449482.0,64.0
23.5,1625449482.0,64.0
23.59,1625449482.0,64.0
22.47,1625449482.0,64.0
19.99,1625449482.0,64.0
16.2,1625449482.0,64.0
11.34,1625449482.0,64.0
5.89,1625449482.0,64.0
0.4,1625449482.0,64.0
-4.67,1625449482.0,64.0
-9.08,1625449482.0,64.0
-12.93,1625449482.0,64.0
-16.44,1625449482.0,64.0
-19.83,1625449482.0,64.0
-23.06,1625449482.0,64.0
-25.8,1625449482.0,64.0
-27.5,1625449482.0,64.0
-27.62,1625449482.0,64.0
-25.83,1625449482.0,64.0
-22.08,1625449482.0,64.0
-16.57,1625449482.0,64.0
-9.62,1625449482.0,64.0
-1.61,1625449482.0,64.0
7.04,1625449482.0,64.0
15.81,1625449482.0,64.0
24.07,1625449482.0,64.0
31.19,1625449482.0,64.0
36.71,1625449482.0,64.0
40.48,1625449482.0,64.0
42.72,1625449482.0,64.0
43.9,1625449482.0,64.0
44.61,1625449482.0,64.0
45.27,1625449482.0,64.0
46.07,1625449482.0,64.0
47.0,1625449482.0,64.0
47.89,1625449482.0,64.0
48.52,1625449482.0,64.0
48.69,1625449482.0,64.0
48.17,1625449482.0,64.0
46.73,1625449482.0,64.0
44.15,1625449482.0,64.0
40.28,1625449482.0,64.0
35.17,1625449482.0,64.0
29.04,1625449482.0,64.0
22.3,1625449482.0,64.0
15.38,1625449482.0,64.0
8.59,1625449482.0,64.0
2.09,1625449482.0,64.0
-4.23,1625449482.0,64.0
-10.53,1625449482.0,64.0
-16.94,1625449482.0,64.0
-23.45,1625449482.0,64.0
-29.87,1625449482.0,64.0
-35.97,1625449482.0,64.0
-41.6,1625449482.0,64.0
-46.77,1625449482.0,64.0
-51.65,1625449482.0,64.0
-56.49,1625449482.0,64.0
-61.57,1625449482.0,64.0
-67.08,1625449482.0,64.0
-73.12,1625449482.0,64.0
-79.63,1625449482.0,64.0
-86.34,1625449482.0,64.0
-92.68,1625449482.0,64.0
-97.86,1625449482.0,64.0
-100.96,1625449482.0,64.0
-101.29,1625449482.0,64.0
-98.57,1625449482.0,64.0
-93.04,1625449482.0,64.0
-85.32,1625449482.0,64.0
-76.17,1625449482.0,64.0
-66.18,1625449482.0,64.0
-55.7,1625449482.0,64.0
-44.88,1625449482.0,64.0
-33.94,1625449482.0,64.0
-23.27,1625449482.0,64.0
-13.41,1625449482.0,64.0
-4.91,1625449482.0,64.0
1.99,1625449482.0,64.0
7.41,1625449482.0,64.0
11.81,1625449482.0,64.0
15.69,1625449482.0,64.0
19.33,1625449482.0,64.0
22.6,1625449482.0,64.0
25.07,1625449482.0,64.0
26.28,1625449482.0,64.0
25.98,1625449482.0,64.0
24.35,1625449482.0,64.0
21.91,1625449482.0,64.0
19.24,1625449482.0,64.0
16.82,1625449482.0,64.0
14.8,1625449482.0,64.0
13.16,1625449482.0,64.0
11.85,1625449482.0,64.0
10.93,1625449482.0,64.0
10.53,1625449482.0,64.0
10.76,1625449482.0,64.0
11.52,1625449482.0,64.0
12.55,1625449482.0,64.0
13.66,1625449482.0,64.0
15.01,1625449482.0,64.0
17.28,1625449482.0,64.0
21.58,1625449482.0,64.0
29.05,1625449482.0,64.0
40.41,1625449482.0,64.0
55.51,1625449482.0,64.0
73.33,1625449482.0,64.0
92.16,1625449482.0,64.0
109.95,1625449482.0,64.0
124.68,1625449482.0,64.0
134.62,1625449482.0,64.0
138.49,1625449482.0,64.0
135.65,1625449482.0,64.0
126.25,1625449482.0,64.0
111.36,1625449482.0,64.0
92.81,1625449482.0,64.0
72.89,1625449482.0,64.0
53.82,1625449482.0,64.0
37.23,1625449482.0,64.0
23.88,1625449482.0,64.0
13.74,1625449482.0,64.0
6.28,1625449482.0,64.0
0.93,1625449482.0,64.0
-2.6,1625449482.0,64.0
-4.3,1625449482.0,64.0
-4.03,1625449482.0,64.0
-1.73,1625449482.0,64.0
2.33,1625449482.0,64.0
7.55,1625449482.0,64.0
13.11,1625449482.0,64.0
18.14,1625449482.0,64.0
21.92,1625449482.0,64.0
23.94,1625449482.0,64.0
23.96,1625449482.0,64.0
21.93,1625449482.0,64.0
18.06,1625449482.0,64.0
12.76,1625449482.0,64.0
6.6,1625449482.0,64.0
0.2,1625449482.0,64.0
-5.83,1625449482.0,64.0
-11.05,1625449482.0,64.0
-15.21,1625449482.0,64.0
-18.27,1625449482.0,64.0
-20.47,1625449482.0,64.0
-22.25,1625449482.0,64.0
-24.09,1625449482.0,64.0
-26.37,1625449482.0,64.0
-29.17,1625449482.0,64.0
-32.25,1625449482.0,64.0
-35.17,1625449482.0,64.0
-37.62,1625449482.0,64.0
-39.58,1625449482.0,64.0
-41.3,1625449482.0,64.0
-43.08,1625449482.0,64.0
-44.86,1625449482.0,64.0
-46.2,1625449482.0,64.0
-46.51,1625449482.0,64.0
-45.46,1625449482.0,64.0
-43.43,1625449482.0,64.0
-41.4,1625449482.0,64.0
-40.51,1625449482.0,64.0
-41.45,1625449482.0,64.0
-44.14,1625449482.0,64.0
-47.85,1625449482.0,64.0
-51.76,1625449482.0,64.0
-55.47,1625449482.0,64.0
-59.22,1625449482.0,64.0
-63.6,1625449482.0,64.0
-68.97,1625449482.0,64.0
-75.12,1625449482.0,64.0
-81.22,1625449482.0,64.0
-86.23,1625449482.0,64.0
-89.4,1625449482.0,64.0
-90.47,1625449482.0,64.0
-89.65,1625449482.0,64.0
-87.23,1625449482.0,64.0
-83.46,1625449482.0,64.0
-78.45,1625449482.0,64.0
-72.43,1625449482.0,64.0
-65.8,1625449482.0,64.0
-59.16,1625449482.0,64.0
-52.92,1625449482.0,64.0
-47.1,1625449482.0,64.0
-41.2,1625449482.0,64.0
-34.46,1625449482.0,64.0
-26.26,1625449482.0,64.0
-16.39,1625449482.0,64.0
-5.14,1625449482.0,64.0
6.85,1625449482.0,64.0
18.89,1625449482.0,64.0
30.37,1625449482.0,64.0
40.87,1625449482.0,64.0
50.42,1625449482.0,64.0
59.73,1625449482.0,64.0
70.09,1625449482.0,64.0
83.04,1625449482.0,64.0
99.62,1625449482.0,64.0
119.74,1625449482.0,64.0
141.98,1625449482.0,64.0
164.0,1625449482.0,64.0
183.31,1625449482.0,64.0
197.79,1625449482.0,64.0
205.99,1625449482.0,64.0
206.93,1625449482.0,64.0
199.88,1625449482.0,64.0
184.62,1625449482.0,64.0
162.0,1625449482.0,64.0
134.47,1625449482.0,64.0
106.12,1625449482.0,64.0
81.73,1625449482.0,64.0
65.07,1625449482.0,64.0
57.47,1625449482.0,64.0
57.26,1625449482.0,64.0
60.48,1625449482.0,64.0
62.6,1625449482.0,64.0
60.16,1625449482.0,64.0
51.8,1625449482.0,64.0
38.21,1625449482.0,64.0
21.18,1625449482.0,64.0
2.58,1625449482.0,64.0
-16.31,1625449482.0,64.0
-34.79,1625449482.0,64.0
-52.26,1625449482.0,64.0
-67.77,1625449482.0,64.0
-80.03,1625449482.0,64.0
-87.86,1625449482.0,64.0
-90.73,1625449482.0,64.0
-89.07,1625449482.0,64.0
-84.01,1625449482.0,64.0
-76.85,1625449482.0,64.0
-68.52,1625449482.0,64.0
-59.37,1625449482.0,64.0
-49.46,1625449482.0,64.0
-38.87,1625449482.0,64.0
-27.98,1625449482.0,64.0
-17.36,1625449482.0,64.0
-7.52,1625449482.0,64.0
1.3,1625449482.0,64.0
9.1,1625449482.0,64.0
15.91,1625449482.0,64.0
21.5,1625449482.0,64.0
25.33,1625449482.0,64.0
26.78,1625449482.0,64.0
25.47,1625449482.0,64.0
21.64,1625449482.0,64.0
16.09,1625449482.0,64.0
10.07,1625449482.0,64.0
4.73,1625449482.0,64.0
0.91,1625449482.0,64.0
-1.12,1625449482.0,64.0
-1.59,1625449482.0,64.0
-1.23,1625449482.0,64.0
-1.09,1625449482.0,64.0
-2.5,1625449482.0,64.0
-6.81,1625449482.0,64.0
-15.09,1625449482.0,64.0
-27.77,1625449482.0,64.0
-44.32,1625449482.0,64.0
-63.2,1625449482.0,64.0
-82.23,1625449482.0,64.0
-99.15,1625449482.0,64.0
-112.31,1625449482.0,64.0
-121.0,1625449482.0,64.0
-125.58,1625449482.0,64.0
-127.07,1625449482.0,64.0
-126.68,1625449482.0,64.0
-125.37,1625449482.0,64.0
-123.75,1625449482.0,64.0
-122.17,1625449482.0,64.0
-120.99,1625449482.0,64.0
-120.71,1625449482.0,64.0
-121.87,1625449482.0,64.0
-124.78,1625449482.0,64.0
-129.21,1625449482.0,64.0
-134.24,1625449482.0,64.0
-138.43,1625449482.0,64.0
-140.3,1625449482.0,64.0
-138.76,1625449482.0,64.0
-133.49,1625449482.0,64.0
-124.96,1625449482.0,64.0
-114.06,1625449482.0,64.0
-101.77,1625449482.0,64.0
-88.73,1625449482.0,64.0
-75.27,1625449482.0,64.0
-61.62,1625449482.0,64.0
-48.19,1625449482.0,64.0
-35.72,1625449482.0,64.0
-25.1,1625449482.0,64.0
-17.07,1625449482.0,64.0
-11.84,1625449482.0,64.0
-9.07,1625449482.0,64.0
-8.04,1625449482.0,64.0
-8.01,1625449482.0,64.0
-8.49,1625449482.0,64.0
-9.3,1625449482.0,64.0
-10.39,1625449482.0,64.0
-11.52,1625449482.0,64.0
-12.22,1625449482.0,64.0
-11.89,1625449482.0,64.0
-10.02,1625449482.0,64.0
-6.45,1625449482.0,64.0
-1.35,1625449482.0,64.0
4.93,1625449482.0,64.0
12.07,1625449482.0,64.0
19.88,1625449482.0,64.0
28.23,1625449482.0,64.0
36.81,1625449482.0,64.0
44.95,1625449482.0,64.0
51.7,1625449482.0,64.0
56.13,1625449482.0,64.0
57.74,1625449482.0,64.0
56.7,1625449482.0,64.0
53.74,1625449482.0,64.0
49.84,1625449482.0,64.0
45.7,1625449482.0,64.0
41.48,1625449482.0,64.0
36.8,1625449482.0,64.0
31.14,1625449482.0,64.0
24.24,1625449482.0,64.0
16.43,1625449482.0,64.0
8.43,1625449482.0,64.0
1.02,1625449482.0,64.0
-5.44,1625449482.0,64.0
-11.13,1625449482.0,64.0
-16.52,1625449482.0,64.0
-21.9,1625449482.0,64.0
-26.98,1625449482.0,64.0
-30.77,1625449482.0,64.0
-32.08,1625449482.0,64.0
-29.96,1625449482.0,64.0
-24.24,1625449482.0,64.0
-15.57,1625449482.0,64.0
-5.11,1625449482.0,64.0
5.87,1625449482.0,64.0
16.48,1625449482.0,64.0
26.21,1625449482.0,64.0
34.93,1625449482.0,64.0
42.63,1625449482.0,64.0
49.26,1625449482.0,64.0
54.79,1625449482.0,64.0
59.25,1625449482.0,64.0
62.8,1625449482.0,64.0
65.71,1625449482.0,64.0
68.37,1625449482.0,64.0
71.1,1625449482.0,64.0
74.13,1625449482.0,64.0
77.54,1625449482.0,64.0
81.2,1625449482.0,64.0
84.8,1625449482.0,64.0
87.88,1625449482.0,64.0
89.9,1625449482.0,64.0
90.44,1625449482.0,64.0
89.29,1625449482.0,64.0
86.56,1625449482.0,64.0
82.58,1625449482.0,64.0
77.78,1625449482.0,64.0
72.53,1625449482.0,64.0
67.03,1625449482.0,64.0
61.35,1625449482.0,64.0
55.52,1625449482.0,64.0
49.51,1625449482.0,64.0
43.32,1625449482.0,64.0
36.92,1625449482.0,64.0
30.24,1625449482.0,64.0
23.22,1625449482.0,64.0
15.8,1625449482.0,64.0
8.06,1625449482.0,64.0
0.15,1625449482.0,64.0
-7.67,1625449482.0,64.0
-15.15,1625449482.0,64.0
-22.13,1625449482.0,64.0
-28.61,1625449482.0,64.0
-34.75,1625449482.0,64.0
-40.79,1625449482.0,64.0
-46.89,1625449482.0,64.0
-53.0,1625449482.0,64.0
-58.75,1625449482.0,64.0
-63.51,1625449482.0,64.0
-66.56,1625449482.0,64.0
-67.3,1625449482.0,64.0
-65.39,1625449482.0,64.0
-60.83,1625449482.0,64.0
-53.89,1625449482.0,64.0
-44.98,1625449482.0,64.0
-34.56,1625449482.0,64.0
-23.15,1625449482.0,64.0
-11.29,1625449482.0,64.0
0.44,1625449482.0,64.0
11.46,1625449482.0,64.0
21.28,1625449482.0,64.0
29.55,1625449482.0,64.0
36.11,1625449482.0,64.0
40.99,1625449482.0,64.0
44.36,1625449482.0,64.0
46.51,1625449482.0,64.0
47.75,1625449482.0,64.0
48.35,1625449482.0,64.0
48.45,1625449482.0,64.0
48.1,1625449482.0,64.0
47.26,1625449482.0,64.0
45.92,1625449482.0,64.0
44.11,1625449482.0,64.0
41.93,1625449482.0,64.0
39.49,1625449482.0,64.0
36.75,1625449482.0,64.0
33.62,1625449482.0,64.0
29.98,1625449482.0,64.0
25.84,1625449482.0,64.0
21.47,1625449482.0,64.0
17.36,1625449482.0,64.0
14.05,1625449482.0,64.0
11.85,1625449482.0,64.0
10.66,1625449482.0,64.0
10.06,1625449482.0,64.0
9.41,1625449482.0,64.0
8.25,1625449482.0,64.0
6.44,1625449482.0,64.0
4.19,1625449482.0,64.0
1.81,1625449482.0,64.0
-0.51,1625449482.0,64.0
-2.84,1625449482.0,64.0
-5.47,1625449482.0,64.0
-8.75,1625449482.0,64.0
-12.8,1625449482.0,64.0
-17.5,1625449482.0,64.0
-22.56,1625449482.0,64.0
-27.71,1625449482.0,64.0
-32.77,1625449482.0,64.0
-37.67,1625449482.0,64.0
-42.26,1625449482.0,64.0
-46.13,1625449482.0,64.0
-48.63,1625449482.0,64.0
-49.06,1625449482.0,64.0
-46.99,1625449482.0,64.0
-42.42,1625449482.0,64.0
-35.8,1625449482.0,64.0
-27.8,1625449482.0,64.0
-19.02,1625449482.0,64.0
-9.85,1625449482.0,64.0
-0.43,1625449482.0,64.0
9.15,1625449482.0,64.0
18.64,1625449482.0,64.0
27.63,1625449482.0,64.0
35.57,1625449482.0,64.0
42.02,1625449482.0,64.0
46.76,1625449482.0,64.0
49.91,1625449482.0,64.0
51.87,1625449482.0,64.0
53.07,1625449482.0,64.0
53.93,1625449482.0,64.0
54.69,1625449482.0,64.0
55.39,1625449482.0,64.0
55.94,1625449482.0,64.0
56.22,1625449482.0,64.0
56.13,1625449482.0,64.0
55.67,1625449482.0,64.0
54.91,1625449482.0,64.0
53.89,1625449482.0,64.0
52.61,1625449482.0,64.0
50.92,1625449482.0,64.0
48.62,1625449482.0,64.0
45.61,1625449482.0,64.0
41.96,1625449482.0,64.0
38.02,1625449482.0,64.0
34.25,1625449482.0,64.0
31.06,1625449482.0,64.0
28.58,1625449482.0,64.0
26.58,1625449482.0,64.0
24.57,1625449482.0,64.0
22.01,1625449482.0,64.0
18.61,1625449482.0,64.0
14.4,1625449482.0,64.0
9.78,1625449482.0,64.0
5.18,1625449482.0,64.0
0.88,1625449482.0,64.0
-3.13,1625449482.0,64.0
-7.19,1625449482.0,64.0
-11.71,1625449482.0,64.0
-16.99,1625449482.0,64.0
-23.01,1625449482.0,64.0
-29.39,1625449482.0,64.0
-35.63,1625449482.0,64.0
-41.19,1625449482.0,64.0
-45.74,1625449482.0,64.0
-49.09,1625449482.0,64.0
-51.12,1625449482.0,64.0
-51.69,1625449482.0,64.0
-50.71,1625449482.0,64.0
-48.3,1625449482.0,64.0
-44.91,1625449482.0,64.0
-41.18,1625449482.0,64.0
-37.56,1625449482.0,64.0
-33.93,1625449482.0,64.0
-29.52,1625449482.0,64.0
-23.39,1625449482.0,64.0
-14.99,1625449482.0,64.0
-4.74,1625449482.0,64.0
5.97,1625449482.0,64.0
15.36,1625449482.0,64.0
22.02,1625449482.0,64.0
25.56,1625449482.0,64.0
26.53,1625449482.0,64.0
26.07,1625449482.0,64.0
25.16,1625449482.0,64.0
24.28,1625449482.0,64.0
23.25,1625449482.0,64.0
21.53,1625449482.0,64.0
18.63,1625449482.0,64.0
14.3,1625449482.0,64.0
8.74,1625449482.0,64.0
2.46,1625449482.0,64.0
-3.86,1625449482.0,64.0
-9.6,1625449482.0,64.0
-14.46,1625449482.0,64.0
-18.55,1625449482.0,64.0
-22.3,1625449482.0,64.0
-26.17,1625449482.0,64.0
-30.42,1625449482.0,64.0
-34.91,1625449482.0,64.0
-39.23,1625449482.0,64.0
-42.97,1625449482.0,64.0
-45.89,1625449482.0,64.0
-48.1,1625449482.0,64.0
-49.86,1625449482.0,64.0
-51.35,1625449482.0,64.0
-52.49,1625449482.0,64.0
-52.96,1625449482.0,64.0
-52.31,1625449482.0,64.0
-50.26,1625449482.0,64.0
-46.8,1625449482.0,64.0
-42.32,1625449482.0,64.0
-37.5,1625449482.0,64.0
-33.16,1625449482.0,64.0
-30.09,1625449482.0,64.0
-28.88,1625449482.0,64.0
-29.74,1625449482.0,64.0
-32.44,1625449482.0,64.0
-36.36,1625449482.0,64.0
-40.63,1625449482.0,64.0
-44.3,1625449482.0,64.0
-46.57,1625449482.0,64.0
-46.86,1625449482.0,64.0
-44.8,1625449482.0,64.0
-40.26,1625449482.0,64.0
-33.25,1625449482.0,64.0
-23.91,1625449482.0,64.0
-12.49,1625449482.0,64.0
0.67,1625449482.0,64.0
15.24,1625449482.0,64.0
30.93,1625449482.0,64.0
47.54,1625449482.0,64.0
64.79,1625449482.0,64.0
82.22,1625449482.0,64.0
99.03,1625449482.0,64.0
114.05,1625449482.0,64.0
126.07,1625449482.0,64.0
134.16,1625449482.0,64.0
138.09,1625449482.0,64.0
138.51,1625449482.0,64.0
136.73,1625449482.0,64.0
134.25,1625449482.0,64.0
132.14,1625449482.0,64.0
130.71,1625449482.0,64.0
129.5,1625449482.0,64.0
127.57,1625449482.0,64.0
124.08,1625449482.0,64.0
118.64,1625449482.0,64.0
111.37,1625449482.0,64.0
102.78,1625449482.0,64.0
93.41,1625449482.0,64.0
83.65,1625449482.0,64.0
73.62,1625449482.0,64.0
63.32,1625449482.0,64.0
52.82,1625449482.0,64.0
42.25,1625449482.0,64.0
31.89,1625449482.0,64.0
22.03,1625449482.0,64.0
12.87,1625449482.0,64.0
4.52,1625449482.0,64.0
-3.04,1625449482.0,64.0
-9.86,1625449482.0,64.0
-15.89,1625449482.0,64.0
-21.02,1625449482.0,64.0
-25.07,1625449482.0,64.0
-27.95,1625449482.0,64.0
-29.8,1625449482.0,64.0
-31.09,1625449482.0,64.0
-32.57,1625449482.0,64.0
-35.08,1625449482.0,64.0
-39.23,1625449482.0,64.0
-45.18,1625449482.0,64.0
-52.51,1625449482.0,64.0
-60.31,1625449482.0,64.0
-67.42,1625449482.0,64.0
-72.76,1625449482.0,64.0
-75.59,1625449482.0,64.0
-75.68,1625449482.0,64.0
-73.25,1625449482.0,64.0
-68.81,1625449482.0,64.0
-62.98,1625449482.0,64.0
-56.19,1625449482.0,64.0
-48.57,1625449482.0,64.0
-39.92,1625449482.0,64.0
-29.92,1625449482.0,64.0
-18.44,1625449482.0,64.0
-5.84,1625449482.0,64.0
7.0,1625449482.0,64.0
18.84,1625449482.0,64.0
28.5,1625449482.0,64.0
35.24,1625449482.0,64.0
38.94,1625449482.0,64.0
40.09,1625449482.0,64.0
39.42,1625449482.0,64.0
37.65,1625449482.0,64.0
35.24,1625449482.0,64.0
32.37,1625449482.0,64.0
29.06,1625449482.0,64.0
25.28,1625449482.0,64.0
21.06,1625449482.0,64.0
16.5,1625449482.0,64.0
11.73,1625449482.0,64.0
6.84,1625449482.0,64.0
1.87,1625449482.0,64.0
-3.28,1625449482.0,64.0
-8.71,1625449482.0,64.0
-14.52,1625449482.0,64.0
-20.66,1625449482.0,64.0
-26.97,1625449482.0,64.0
-33.19,1625449482.0,64.0
-39.05,1625449482.0,64.0
-44.36,1625449482.0,64.0
-49.1,1625449482.0,64.0
-53.42,1625449482.0,64.0
-57.53,1625449482.0,64.0
-61.59,1625449482.0,64.0
-65.72,1625449482.0,64.0
-69.88,1625449482.0,64.0
-74.01,1625449482.0,64.0
-78.13,1625449482.0,64.0
-82.4,1625449482.0,64.0
-87.18,1625449482.0,64.0
-92.79,1625449482.0,64.0
-99.36,1625449482.0,64.0
-106.57,1625449482.0,64.0
-113.63,1625449482.0,64.0
-119.48,1625449482.0,64.0
-123.11,1625449482.0,64.0
-123.9,1625449482.0,64.0
-121.79,1625449482.0,64.0
-117.18,1625449482.0,64.0
-110.72,1625449482.0,64.0
-103.0,1625449482.0,64.0
-94.37,1625449482.0,64.0
-84.94,1625449482.0,64.0
-74.62,1625449482.0,64.0
-63.35,1625449482.0,64.0
-51.22,1625449482.0,64.0
-38.56,1625449482.0,64.0
-25.96,1625449482.0,64.0
-14.12,1625449482.0,64.0
-3.65,1625449482.0,64.0
5.11,1625449482.0,64.0
12.21,1625449482.0,64.0
18.0,1625449482.0,64.0
22.89,1625449482.0,64.0
27.18,1625449482.0,64.0
30.95,1625449482.0,64.0
34.12,1625449482.0,64.0
36.58,1625449482.0,64.0
38.34,1625449482.0,64.0
39.48,1625449482.0,64.0
40.09,1625449482.0,64.0
40.2,1625449482.0,64.0
39.79,1625449482.0,64.0
38.81,1625449482.0,64.0
37.26,1625449482.0,64.0
35.23,1625449482.0,64.0
32.78,1625449482.0,64.0
29.94,1625449482.0,64.0
26.61,1625449482.0,64.0
22.68,1625449482.0,64.0
18.07,1625449482.0,64.0
12.85,1625449482.0,64.0
7.25,1625449482.0,64.0
1.61,1625449482.0,64.0
-3.76,1625449482.0,64.0
-8.66,1625449482.0,64.0
-13.04,1625449482.0,64.0
-17.04,1625449482.0,64.0
-20.88,1625449482.0,64.0
-24.79,1625449482.0,64.0
-28.93,1625449482.0,64.0
-33.41,1625449482.0,64.0
-38.3,1625449482.0,64.0
-43.7,1625449482.0,64.0
-49.73,1625449482.0,64.0
-56.4,1625449482.0,64.0
-63.43,1625449482.0,64.0
-70.15,1625449482.0,64.0
-75.6,1625449482.0,64.0
-78.77,1625449482.0,64.0
-79.02,1625449482.0,64.0
-76.28,1625449482.0,64.0
-71.06,1625449482.0,64.0
-64.13,1625449482.0,64.0
-56.17,1625449482.0,64.0
-47.5,1625449482.0,64.0
-38.02,1625449482.0,64.0
-27.57,1625449482.0,64.0
-16.19,1625449482.0,64.0
-4.33,1625449482.0,64.0
7.19,1625449482.0,64.0
17.44,1625449482.0,64.0
25.83,1625449482.0,64.0
32.23,1625449482.0,64.0
37.01,1625449482.0,64.0
40.81,1625449482.0,64.0
44.22,1625449482.0,64.0
47.56,1625449482.0,64.0
50.81,1625449482.0,64.0
53.68,1625449482.0,64.0
55.83,1625449482.0,64.0
57.02,1625449482.0,64.0
57.19,1625449482.0,64.0
56.46,1625449482.0,64.0
55.02,1625449482.0,64.0
53.1,1625449482.0,64.0
50.8,1625449482.0,64.0
48.18,1625449482.0,64.0
45.21,1625449482.0,64.0
41.95,1625449482.0,64.0
38.59,1625449482.0,64.0
35.43,1625449482.0,64.0
32.81,1625449482.0,64.0
30.91,1625449482.0,64.0
29.6,1625449482.0,64.0
28.44,1625449482.0,64.0
26.8,1625449482.0,64.0
24.24,1625449482.0,64.0
20.67,1625449482.0,64.0
16.57,1625449482.0,64.0
12.66,1625449482.0,64.0
9.63,1625449482.0,64.0
7.74,1625449482.0,64.0
6.71,1625449482.0,64.0
5.87,1625449482.0,64.0
4.49,1625449482.0,64.0
2.15,1625449482.0,64.0
-1.14,1625449482.0,64.0
-4.95,1625449482.0,64.0
-8.8,1625449482.0,64.0
-12.39,1625449482.0,64.0
-15.65,1625449482.0,64.0
-18.73,1625449482.0,64.0
-21.64,1625449482.0,64.0
-24.16,1625449482.0,64.0
-25.8,1625449482.0,64.0
-25.95,1625449482.0,64.0
-24.15,1625449482.0,64.0
-20.26,1625449482.0,64.0
-14.42,1625449482.0,64.0
-7.01,1625449482.0,64.0
1.41,1625449482.0,64.0
10.14,1625449482.0,64.0
18.21,1625449482.0,64.0
24.46,1625449482.0,64.0
27.81,1625449482.0,64.0
27.59,1625449482.0,64.0
23.96,1625449482.0,64.0
17.87,1625449482.0,64.0
10.76,1625449482.0,64.0
4.09,1625449482.0,64.0
-1.18,1625449482.0,64.0
-4.76,1625449482.0,64.0
-6.87,1625449482.0,64.0
-8.01,1625449482.0,64.0
-8.59,1625449482.0,64.0
-8.99,1625449482.0,64.0
-9.54,1625449482.0,64.0
-10.66,1625449482.0,64.0
-13.0,1625449482.0,64.0
-17.43,1625449482.0,64.0
-24.83,1625449482.0,64.0
-35.57,1625449482.0,64.0
-48.73,1625449482.0,64.0
-61.37,1625449482.0,64.0
-68.61,1625449482.0,64.0
-64.72,1625449482.0,64.0
-45.26,1625449482.0,64.0
-9.21,1625449482.0,64.0
40.09,1625449482.0,64.0
95.51,1625449482.0,64.0
148.46,1625449482.0,64.0
191.64,1625449482.0,64.0
221.07,1625449482.0,64.0
236.45,1625449482.0,64.0
239.95,1625449482.0,64.0
234.44,1625449482.0,64.0
222.28,1625449482.0,64.0
205.02,1625449482.0,64.0
184.09,1625449482.0,64.0
161.53,1625449482.0,64.0
140.09,1625449482.0,64.0
122.63,1625449482.0,64.0
111.16,1625449482.0,64.0
106.06,1625449482.0,64.0
106.12,1625449482.0,64.0
109.05,1625449482.0,64.0
112.47,1625449482.0,64.0
114.68,1625449482.0,64.0
115.03,1625449482.0,64.0
113.85,1625449482.0,64.0
111.93,1625449482.0,64.0
110.18,1625449482.0,64.0
109.31,1625449482.0,64.0
109.78,1625449482.0,64.0
111.94,1625449482.0,64.0
116.07,1625449482.0,64.0
122.53,1625449482.0,64.0
131.52,1625449482.0,64.0
142.78,1625449482.0,64.0
155.09,1625449482.0,64.0
166.53,1625449482.0,64.0
174.92,1625449482.0,64.0
178.83,1625449482.0,64.0
178.49,1625449482.0,64.0
176.08,1625449482.0,64.0
175.05,1625449482.0,64.0
178.56,1625449482.0,64.0
187.8,1625449482.0,64.0
200.99,1625449482.0,64.0
213.73,1625449482.0,64.0
220.48,1625449482.0,64.0
216.59,1625449482.0,64.0
199.94,1625449482.0,64.0
171.34,1625449482.0,64.0
133.84,1625449482.0,64.0
91.34,1625449482.0,64.0
47.24,1625449482.0,64.0
3.84,1625449482.0,64.0
-37.63,1625449482.0,64.0
-76.45,1625449482.0,64.0
-112.05,1625449482.0,64.0
-144.01,1625449482.0,64.0
-172.6,1625449482.0,64.0
-199.14,1625449482.0,64.0
-225.72,1625449482.0,64.0
-254.22,1625449482.0,64.0
-284.93,1625449482.0,64.0
-315.76,1625449482.0,64.0
-342.56,1625449482.0,64.0
-360.61,1625449482.0,64.0
-366.44,1625449482.0,64.0
-359.24,1625449482.0,64.0
-340.96,1625449482.0,64.0
-315.39,1625449482.0,64.0
-286.64,1625449482.0,64.0
-258.06,1625449482.0,64.0
-231.69,1625449482.0,64.0
-208.52,1625449482.0,64.0
-188.7,1625449482.0,64.0
-171.7,1625449482.0,64.0
-156.42,1625449482.0,64.0
-141.31,1625449482.0,64.0
-124.94,1625449482.0,64.0
-106.81,1625449482.0,64.0
-87.76,1625449482.0,64.0
-70.1,1625449482.0,64.0
-56.89,1625449482.0,64.0
-50.78,1625449482.0,64.0
-53.04,1625449482.0,64.0
-63.0,1625449482.0,64.0
-78.46,1625449482.0,64.0
-96.69,1625449482.0,64.0
-115.59,1625449482.0,64.0
-134.46,1625449482.0,64.0
-153.67,1625449482.0,64.0
-173.53,1625449482.0,64.0
-193.23,1625449482.0,64.0
-210.31,1625449482.0,64.0
-221.53,1625449482.0,64.0
-224.51,1625449482.0,64.0
-219.06,1625449482.0,64.0
-207.21,1625449482.0,64.0
-192.19,1625449482.0,64.0
-176.57,1625449482.0,64.0
-161.45,1625449482.0,64.0
-146.79,1625449482.0,64.0
-132.65,1625449482.0,64.0
-120.34,1625449482.0,64.0
-112.31,1625449482.0,64.0
-111.05,1625449482.0,64.0
-117.49,1625449482.0,64.0
-130.26,1625449482.0,64.0
-146.27,1625449482.0,64.0
-162.29,1625449482.0,64.0
-176.25,1625449482.0,64.0
-187.58,1625449482.0,64.0
-196.36,1625449482.0,64.0
-202.24,1625449482.0,64.0
-203.96,1625449482.0,64.0
-199.76,1625449482.0,64.0
-188.52,1625449482.0,64.0
-170.59,1625449482.0,64.0
-147.86,1625449482.0,64.0
-123.0,1625449482.0,64.0
-98.32,1625449482.0,64.0
-75.05,1625449482.0,64.0
-53.25,1625449482.0,64.0
-32.21,1625449482.0,64.0
-11.25,1625449482.0,64.0
10.07,1625449482.0,64.0
32.02,1625449482.0,64.0
55.02,1625449482.0,64.0
79.87,1625449482.0,64.0
108.01,1625449482.0,64.0
141.1,1625449482.0,64.0
180.7,1625449482.0,64.0
227.25,1625449482.0,64.0
279.07,1625449482.0,64.0
331.62,1625449482.0,64.0
378.01,1625449482.0,64.0
410.72,1625449482.0,64.0
424.25,1625449482.0,64.0
417.18,1625449482.0,64.0
392.76,1625449482.0,64.0
357.33,1625449482.0,64.0
317.55,1625449482.0,64.0
278.09,1625449482.0,64.0
240.82,1625449482.0,64.0
205.87,1625449482.0,64.0
173.36,1625449482.0,64.0
144.45,1625449482.0,64.0
120.98,1625449482.0,64.0
104.0,1625449482.0,64.0
92.67,1625449482.0,64.0
84.25,1625449482.0,64.0
75.47,1625449482.0,64.0
64.34,1625449482.0,64.0
51.07,1625449482.0,64.0
37.68,1625449482.0,64.0
26.71,1625449482.0,64.0
19.82,1625449482.0,64.0
17.07,1625449482.0,64.0
17.29,1625449482.0,64.0
18.92,1625449482.0,64.0
20.64,1625449482.0,64.0
21.67,1625449482.0,64.0
21.42,1625449482.0,64.0
19.34,1625449482.0,64.0
14.86,1625449482.0,64.0
7.66,1625449482.0,64.0
-2.07,1625449482.0,64.0
-13.64,1625449482.0,64.0
-26.16,1625449482.0,64.0
-38.89,1625449482.0,64.0
-51.54,1625449482.0,64.0
-64.05,1625449482.0,64.0
-76.38,1625449482.0,64.0
-88.24,1625449482.0,64.0
-99.08,1625449482.0,64.0
-108.36,1625449482.0,64.0
-115.88,1625449482.0,64.0
-121.82,1625449482.0,64.0
-126.62,1625449482.0,64.0
-130.61,1625449482.0,64.0
-133.65,1625449482.0,64.0
-135.04,1625449482.0,64.0
-133.73,1625449482.0,64.0
-128.8,1625449482.0,64.0
-119.87,1625449482.0,64.0
-107.46,1625449482.0,64.0
-92.91,1625449482.0,64.0
-78.09,1625449482.0,64.0
-64.79,1625449482.0,64.0
-54.18,1625449482.0,64.0
-46.44,1625449482.0,64.0
-40.85,1625449482.0,64.0
-36.1,1625449482.0,64.0
-30.85,1625449482.0,64.0
-24.12,1625449482.0,64.0
-15.49,1625449482.0,64.0
-5.1,1625449482.0,64.0
6.51,1625449482.0,64.0
18.59,1625449482.0,64.0
30.27,1625449482.0,64.0
40.73,1625449482.0,64.0
49.38,1625449482.0,64.0
55.92,1625449482.0,64.0
60.38,1625449482.0,64.0
63.04,1625449482.0,64.0
64.29,1625449482.0,64.0
64.51,1625449482.0,64.0
64.1,1625449482.0,64.0
63.61,1625449482.0,64.0
63.83,1625449482.0,64.0
65.8,1625449482.0,64.0
70.43,1625449482.0,64.0
78.2,1625449482.0,64.0
88.9,1625449482.0,64.0
101.61,1625449482.0,64.0
114.95,1625449482.0,64.0
127.27,1625449482.0,64.0
136.97,1625449482.0,64.0
142.67,1625449482.0,64.0
143.57,1625449482.0,64.0
139.86,1625449482.0,64.0
132.88,1625449482.0,64.0
125.07,1625449482.0,64.0
119.12,1625449482.0,64.0
116.95,1625449482.0,64.0
118.57,1625449482.0,64.0
122.03,1625449482.0,64.0
124.22,1625449482.0,64.0
122.4,1625449482.0,64.0
115.51,1625449482.0,64.0
104.65,1625449482.0,64.0
92.14,1625449482.0,64.0
80.25,1625449482.0,64.0
70.17,1625449482.0,64.0
61.79,1625449482.0,64.0
54.4,1625449482.0,64.0
47.63,1625449482.0,64.0
41.69,1625449482.0,64.0
36.93,1625449482.0,64.0
33.01,1625449482.0,64.0
28.44,1625449482.0,64.0
21.04,1625449482.0,64.0
9.04,1625449482.0,64.0
-7.79,1625449482.0,64.0
-27.93,1625449482.0,64.0
-48.84,1625449482.0,64.0
-68.26,1625449482.0,64.0
-85.16,1625449482.0,64.0
-99.72,1625449482.0,64.0
-112.6,1625449482.0,64.0
-123.99,1625449482.0,64.0
-133.17,1625449482.0,64.0
-139.1,1625449482.0,64.0
-141.24,1625449482.0,64.0
-140.25,1625449482.0,64.0
-137.95,1625449482.0,64.0
-136.38,1625449482.0,64.0
-136.86,1625449482.0,64.0
-139.44,1625449482.0,64.0
-143.11,1625449482.0,64.0
-146.69,1625449482.0,64.0
-149.65,1625449482.0,64.0
-152.2,1625449482.0,64.0
-154.9,1625449482.0,64.0
-157.94,1625449482.0,64.0
-160.61,1625449482.0,64.0
-161.48,1625449482.0,64.0
-159.01,1625449482.0,64.0
-152.27,1625449482.0,64.0
-141.44,1625449482.0,64.0
-127.69,1625449482.0,64.0
-112.84,1625449482.0,64.0
-98.74,1625449482.0,64.0
-86.81,1625449482.0,64.0
-77.79,1625449482.0,64.0
-71.67,1625449482.0,64.0
-67.82,1625449482.0,64.0
-65.16,1625449482.0,64.0
-62.45,1625449482.0,64.0
-58.51,1625449482.0,64.0
-52.45,1625449482.0,64.0
-43.8,1625449482.0,64.0
-32.57,1625449482.0,64.0
-19.14,1625449482.0,64.0
-4.21,1625449482.0,64.0
11.37,1625449482.0,64.0
26.68,1625449482.0,64.0
40.89,1625449482.0,64.0
53.41,1625449482.0,64.0
63.97,1625449482.0,64.0
72.64,1625449482.0,64.0
79.78,1625449482.0,64.0
85.84,1625449482.0,64.0
91.14,1625449482.0,64.0
95.67,1625449482.0,64.0
99.05,1625449482.0,64.0
100.72,1625449482.0,64.0
100.24,1625449482.0,64.0
97.55,1625449482.0,64.0
93.05,1625449482.0,64.0
87.38,1625449482.0,64.0
81.06,1625449482.0,64.0
74.24,1625449482.0,64.0
66.67,1625449482.0,64.0
58.0,1625449482.0,64.0
48.26,1625449482.0,64.0
38.07,1625449482.0,64.0
28.54,1625449482.0,64.0
20.89,1625449482.0,64.0
15.83,1625449482.0,64.0
13.4,1625449482.0,64.0
12.99,1625449482.0,64.0
13.72,1625449482.0,64.0
14.86,1625449482.0,64.0
15.94,1625449482.0,64.0
16.65,1625449482.0,64.0
16.72,1625449482.0,64.0
15.78,1625449482.0,64.0
13.6,1625449482.0,64.0
10.23,1625449482.0,64.0
6.15,1625449482.0,64.0
2.08,1625449482.0,64.0
-1.38,1625449482.0,64.0
-4.16,1625449482.0,64.0
-6.73,1625449482.0,64.0
-10.0,1625449482.0,64.0
-14.83,1625449482.0,64.0
-21.66,1625449482.0,64.0
-30.35,1625449482.0,64.0
-40.19,1625449482.0,64.0
-50.19,1625449482.0,64.0
-59.39,1625449482.0,64.0
-67.14,1625449482.0,64.0
-73.25,1625449482.0,64.0
-78.0,1625449482.0,64.0
-81.86,1625449482.0,64.0
-85.28,1625449482.0,64.0
-88.58,1625449482.0,64.0
-91.84,1625449482.0,64.0
-95.13,1625449482.0,64.0
-98.44,1625449482.0,64.0
-101.57,1625449482.0,64.0
-103.78,1625449482.0,64.0
-103.69,1625449482.0,64.0
-99.58,1625449482.0,64.0
-90.19,1625449482.0,64.0
-75.42,1625449482.0,64.0
-56.47,1625449482.0,64.0
-35.26,1625449482.0,64.0
-13.4,1625449482.0,64.0
8.38,1625449482.0,64.0
29.91,1625449482.0,64.0
50.85,1625449482.0,64.0
70.11,1625449482.0,64.0
86.11,1625449482.0,64.0
97.95,1625449482.0,64.0
106.59,1625449482.0,64.0
115.07,1625449482.0,64.0
127.56,1625449482.0,64.0
147.7,1625449482.0,64.0
177.26,1625449482.0,64.0
216.04,1625449482.0,64.0
262.3,1625449482.0,64.0
313.47,1625449482.0,64.0
366.44,1625449482.0,64.0
417.12,1625449482.0,64.0
460.61,1625449482.0,64.0
492.0,1625449482.0,64.0
507.75,1625449482.0,64.0
506.77,1625449482.0,64.0
490.89,1625449482.0,64.0
463.77,1625449482.0,64.0
429.8,1625449482.0,64.0
393.06,1625449482.0,64.0
356.79,1625449482.0,64.0
323.45,1625449482.0,64.0
294.84,1625449482.0,64.0
271.89,1625449482.0,64.0
254.24,1625449482.0,64.0
240.3,1625449482.0,64.0
227.46,1625449482.0,64.0
213.32,1625449482.0,64.0
196.64,1625449482.0,64.0
177.37,1625449482.0,64.0
156.64,1625449482.0,64.0
136.17,1625449482.0,64.0
117.58,1625449482.0,64.0
101.69,1625449482.0,64.0
88.6,1625449482.0,64.0
77.12,1625449482.0,64.0
65.64,1625449482.0,64.0
52.85,1625449482.0,64.0
36.98,1625449482.0,64.0
17.08,1625449482.0,64.0
-6.66,1625449482.0,64.0
-32.98,1625449482.0,64.0
-60.16,1625449482.0,64.0
-85.78,1625449482.0,64.0
-108.86,1625449482.0,64.0
-128.82,1625449482.0,64.0
-145.07,1625449482.0,64.0
-159.37,1625449482.0,64.0
-173.89,1625449482.0,64.0
-190.22,1625449482.0,64.0
-208.82,1625449482.0,64.0
-229.24,1625449482.0,64.0
-249.31,1625449482.0,64.0
-269.3,1625449482.0,64.0
-289.85,1625449482.0,64.0
-310.77,1625449482.0,64.0
-334.33,1625449482.0,64.0
-361.7,1625449482.0,64.0
-391.6,1625449482.0,64.0
-420.62,1625449482.0,64.0
-445.11,1625449482.0,64.0
-461.02,1625449482.0,64.0
-470.59,1625449482.0,64.0
-478.12,1625449482.0,64.0
-486.95,1625449482.0,64.0
-502.82,1625449482.0,64.0
-529.38,1625449482.0,64.0
-566.51,1625449482.0,64.0
-610.66,1625449482.0,64.0
-656.77,1625449482.0,64.0
-697.41,1625449482.0,64.0
-731.41,1625449482.0,64.0
-759.51,1625449482.0,64.0
-752.61,1625449482.0,64.0
-690.26,1625449482.0,64.0
-568.25,1625449482.0,64.0
-403.29,1625449482.0,64.0
-224.92,1625449482.0,64.0
-80.53,1625449482.0,64.0
25.0,1625449482.0,64.0
96.3,1625449482.0,64.0
139.06,1625449482.0,64.0
158.57,1625449482.0,64.0
160.88,1625449482.0,64.0
149.87,1625449482.0,64.0
132.12,1625449482.0,64.0
116.79,1625449482.0,64.0
112.67,1625449482.0,64.0
127.79,1625449482.0,64.0
160.57,1625449482.0,64.0
205.27,1625449482.0,64.0
256.03,1625449482.0,64.0
305.06,1625449482.0,64.0
345.93,1625449482.0,64.0
375.26,1625449482.0,64.0
392.51,1625449482.0,64.0
398.9,1625449482.0,64.0
398.63,1625449482.0,64.0
392.32,1625449482.0,64.0
379.96,1625449482.0,64.0
362.01,1625449482.0,64.0
336.78,1625449482.0,64.0
302.13,1625449482.0,64.0
257.63,1625449482.0,64.0
205.35,1625449482.0,64.0
149.67,1625449482.0,64.0
97.48,1625449482.0,64.0
52.6,1625449482.0,64.0
16.37,1625449482.0,64.0
-12.27,1625449482.0,64.0
-37.48,1625449482.0,64.0
-64.39,1625449482.0,64.0
-96.16,1625449482.0,64.0
-132.16,1625449482.0,64.0
-167.63,1625449482.0,64.0
-194.64,1625449482.0,64.0
-206.79,1625449482.0,64.0
-201.05,1625449482.0,64.0
-178.79,1625449482.0,64.0
-145.55,1625449482.0,64.0
-108.68,1625449482.0,64.0
-74.46,1625449482.0,64.0
-46.51,1625449482.0,64.0
-25.91,1625449482.0,64.0
-12.33,1625449482.0,64.0
-5.81,1625449482.0,64.0
-6.74,1625449482.0,64.0
-14.91,1625449482.0,64.0
-28.65,1625449482.0,64.0
-44.61,1625449482.0,64.0
-58.41,1625449482.0,64.0
-66.2,1625449482.0,64.0
-65.95,1625449482.0,64.0
-58.16,1625449482.0,64.0
-45.39,1625449482.0,64.0
-31.06,1625449482.0,64.0
-18.1,1625449482.0,64.0
-8.03,1625449482.0,64.0
-0.82,1625449482.0,64.0
4.62,1625449482.0,64.0
9.6,1625449482.0,64.0
14.81,1625449482.0,64.0
19.96,1625449482.0,64.0
23.93,1625449482.0,64.0
25.39,1625449482.0,64.0
23.5,1625449482.0,64.0
18.43,1625449482.0,64.0
11.5,1625449482.0,64.0
4.87,1625449482.0,64.0
1.02,1625449482.0,64.0
2.08,1625449482.0,64.0
9.28,1625449482.0,64.0
22.74,1625449482.0,64.0
41.46,1625449482.0,64.0
63.55,1625449482.0,64.0
86.74,1625449482.0,64.0
108.76,1625449482.0,64.0
127.73,1625449482.0,64.0
142.18,1625449482.0,64.0
151.14,1625449482.0,64.0
154.0,1625449482.0,64.0
150.62,1625449482.0,64.0
141.35,1625449482.0,64.0
127.23,1625449482.0,64.0
109.93,1625449482.0,64.0
91.59,1625449482.0,64.0
74.24,1625449482.0,64.0
59.3,1625449482.0,64.0
47.17,1625449482.0,64.0
37.23,1625449482.0,64.0
28.15,1625449482.0,64.0
18.6,1625449482.0,64.0
7.8,1625449482.0,64.0
-4.02,1625449482.0,64.0
-15.61,1625449482.0,64.0
-25.23,1625449482.0,64.0
-31.39,1625449482.0,64.0
-33.64,1625449482.0,64.0
-33.0,1625449482.0,64.0
-31.86,1625449482.0,64.0
-33.04,1625449482.0,64.0
-38.72,1625449482.0,64.0
-49.4,1625449482.0,64.0
-63.59,1625449482.0,64.0
-78.3,1625449482.0,64.0
-90.19,1625449482.0,64.0
-96.77,1625449482.0,64.0
-97.05,1625449482.0,64.0
-91.62,1625449482.0,64.0
-81.99,1625449482.0,64.0
-69.98,1625449482.0,64.0
-57.19,1625449482.0,64.0
-44.88,1625449482.0,64.0
-33.89,1625449482.0,64.0
-24.73,1625449482.0,64.0
-17.49,1625449482.0,64.0
-11.9,1625449482.0,64.0
-7.61,1625449482.0,64.0
-4.56,1625449482.0,64.0
-3.43,1625449482.0,64.0
-5.51,1625449482.0,64.0
-12.09,1625449482.0,64.0
-23.47,1625449482.0,64.0
-38.1,1625449482.0,64.0
-52.55,1625449482.0,64.0
-62.36,1625449482.0,64.0
-63.65,1625449482.0,64.0
-54.6,1625449482.0,64.0
-36.18,1625449482.0,64.0
-11.6,1625449482.0,64.0
15.06,1625449482.0,64.0
40.42,1625449482.0,64.0
62.85,1625449482.0,64.0
82.47,1625449482.0,64.0
100.3,1625449482.0,64.0
117.15,1625449482.0,64.0
132.7,1625449482.0,64.0
145.34,1625449482.0,64.0
152.83,1625449482.0,64.0
153.34,1625449482.0,64.0
146.37,1625449482.0,64.0
133.02,1625449482.0,64.0
115.6,1625449482.0,64.0
96.71,1625449482.0,64.0
78.51,1625449482.0,64.0
62.31,1625449482.0,64.0
48.73,1625449482.0,64.0
37.89,1625449482.0,64.0
29.62,1625449482.0,64.0
23.36,1625449482.0,64.0
17.94,1625449482.0,64.0
11.69,1625449482.0,64.0
2.97,1625449482.0,64.0
-9.04,1625449482.0,64.0
-23.82,1625449482.0,64.0
-39.5,1625449482.0,64.0
-53.77,1625449482.0,64.0
-64.97,1625449482.0,64.0
-72.74,1625449482.0,64.0
-77.76,1625449482.0,64.0
-80.77,1625449482.0,64.0
-81.59,1625449482.0,64.0
-78.82,1625449482.0,64.0
-70.56,1625449482.0,64.0
-55.45,1625449482.0,64.0
-33.8,1625449482.0,64.0
-7.71,1625449482.0,64.0
19.83,1625449482.0,64.0
46.25,1625449482.0,64.0
70.71,1625449482.0,64.0
94.61,1625449482.0,64.0
121.26,1625449482.0,64.0
154.58,1625449482.0,64.0
197.24,1625449482.0,64.0
248.81,1625449482.0,64.0
304.75,1625449482.0,64.0
356.88,1625449482.0,64.0
395.57,1625449482.0,64.0
412.95,1625449482.0,64.0
405.76,1625449482.0,64.0
376.58,1625449482.0,64.0
332.5,1625449482.0,64.0
282.21,1625449482.0,64.0
232.62,1625449482.0,64.0
187.01,1625449482.0,64.0
145.24,1625449482.0,64.0
105.4,1625449482.0,64.0
65.61,1625449482.0,64.0
24.84,1625449482.0,64.0
-17.35,1625449482.0,64.0
-61.28,1625449482.0,64.0
-106.94,1625449482.0,64.0
-153.17,1625449482.0,64.0
-196.89,1625449482.0,64.0
-233.31,1625449482.0,64.0
-257.57,1625449482.0,64.0
-266.74,1625449482.0,64.0
-261.16,1625449482.0,64.0
-244.46,1625449482.0,64.0
-221.98,1625449482.0,64.0
-198.72,1625449482.0,64.0
-177.94,1625449482.0,64.0
-160.77,1625449482.0,64.0
-146.96,1625449482.0,64.0
-135.78,1625449482.0,64.0
-126.65,1625449482.0,64.0
-119.15,1625449482.0,64.0
-112.86,1625449482.0,64.0
-107.12,1625449482.0,64.0
-101.29,1625449482.0,64.0
-94.97,1625449482.0,64.0
-88.22,1625449482.0,64.0
-81.31,1625449482.0,64.0
-74.54,1625449482.0,64.0
-67.82,1625449482.0,64.0
-60.56,1625449482.0,64.0
-51.95,1625449482.0,64.0
-41.28,1625449482.0,64.0
-28.34,1625449482.0,64.0
-13.52,1625449482.0,64.0
2.21,1625449482.0,64.0
17.73,1625449482.0,64.0
31.97,1625449482.0,64.0
44.28,1625449482.0,64.0
54.39,1625449482.0,64.0
62.29,1625449482.0,64.0
68.14,1625449482.0,64.0
72.2,1625449482.0,64.0
74.82,1625449482.0,64.0
76.46,1625449482.0,64.0
77.56,1625449482.0,64.0
78.39,1625449482.0,64.0
78.98,1625449482.0,64.0
79.06,1625449482.0,64.0
78.26,1625449482.0,64.0
76.28,1625449482.0,64.0
73.11,1625449482.0,64.0
69.03,1625449482.0,64.0
64.55,1625449482.0,64.0
60.19,1625449482.0,64.0
56.33,1625449482.0,64.0
53.1,1625449482.0,64.0
50.43,1625449482.0,64.0
48.17,1625449482.0,64.0
46.08,1625449482.0,64.0
44.02,1625449482.0,64.0
41.88,1625449482.0,64.0
39.57,1625449482.0,64.0
37.04,1625449482.0,64.0
34.2,1625449482.0,64.0
30.98,1625449482.0,64.0
27.35,1625449482.0,64.0
23.33,1625449482.0,64.0
19.01,1625449482.0,64.0
14.47,1625449482.0,64.0
9.84,1625449482.0,64.0
5.21,1625449482.0,64.0
0.66,1625449482.0,64.0
-3.81,1625449482.0,64.0
-8.25,1625449482.0,64.0
-12.79,1625449482.0,64.0
-17.57,1625449482.0,64.0
-22.59,1625449482.0,64.0
-27.78,1625449482.0,64.0
-32.95,1625449482.0,64.0
-37.89,1625449482.0,64.0
-42.44,1625449482.0,64.0
-46.51,1625449482.0,64.0
-50.06,1625449482.0,64.0
-53.15,1625449482.0,64.0
-56.02,1625449482.0,64.0
-59.18,1625449482.0,64.0
-63.31,1625449482.0,64.0
-69.02,1625449482.0,64.0
-76.49,1625449482.0,64.0
-85.08,1625449482.0,64.0
-93.49,1625449482.0,64.0
-100.2,1625449482.0,64.0
-104.24,1625449482.0,64.0
-105.78,1625449482.0,64.0
-106.07,1625449482.0,64.0
-106.9,1625449482.0,64.0
-109.58,1625449482.0,64.0
-114.12,1625449482.0,64.0
-119.15,1625449482.0,64.0
-122.67,1625449482.0,64.0
-123.11,1625449482.0,64.0
-120.14,1625449482.0,64.0
-114.82,1625449482.0,64.0
-108.76,1625449482.0,64.0
-103.11,1625449482.0,64.0
-97.93,1625449482.0,64.0
-92.6,1625449482.0,64.0
-86.83,1625449482.0,64.0
-81.51,1625449482.0,64.0
-78.52,1625449482.0,64.0
-79.4,1625449482.0,64.0
-83.78,1625449482.0,64.0
-88.48,1625449482.0,64.0
-88.24,1625449482.0,64.0
-77.76,1625449482.0,64.0
-53.81,1625449482.0,64.0
-16.17,1625449482.0,64.0
33.09,1625449482.0,64.0
91.11,1625449482.0,64.0
155.26,1625449482.0,64.0
222.75,1625449482.0,64.0
289.45,1625449482.0,64.0
349.17,1625449482.0,64.0
394.52,1625449482.0,64.0
419.57,1625449482.0,64.0
422.54,1625449482.0,64.0
407.08,1625449482.0,64.0
380.99,1625449482.0,64.0
353.02,1625449482.0,64.0
329.3,1625449482.0,64.0
311.71,1625449482.0,64.0
298.47,1625449482.0,64.0
286.5,1625449482.0,64.0
273.83,1625449482.0,64.0
260.55,1625449482.0,64.0
248.05,1625449482.0,64.0
237.41,1625449482.0,64.0
228.23,1625449482.0,64.0
218.85,1625449482.0,64.0
207.68,1625449482.0,64.0
194.61,1625449482.0,64.0
181.47,1625449482.0,64.0
171.31,1625449482.0,64.0
166.74,1625449482.0,64.0
168.46,1625449482.0,64.0
174.82,1625449482.0,64.0
182.71,1625449482.0,64.0
189.08,1625449482.0,64.0
192.19,1625449482.0,64.0
191.89,1625449482.0,64.0
189.08,1625449482.0,64.0
184.71,1625449482.0,64.0
179.2,1625449482.0,64.0
172.48,1625449482.0,64.0
164.35,1625449482.0,64.0
154.74,1625449482.0,64.0
143.66,1625449482.0,64.0
130.84,1625449482.0,64.0
115.61,1625449482.0,64.0
97.32,1625449482.0,64.0
76.05,1625449482.0,64.0
53.11,1625449482.0,64.0
30.79,1625449482.0,64.0
11.36,1625449482.0,64.0
-4.18,1625449482.0,64.0
-16.95,1625449482.0,64.0
-29.77,1625449482.0,64.0
-45.87,1625449482.0,64.0
-67.4,1625449482.0,64.0
-94.41,1625449482.0,64.0
-125.1,1625449482.0,64.0
-156.84,1625449482.0,64.0
-187.45,1625449482.0,64.0
-215.93,1625449482.0,64.0
-242.54,1625449482.0,64.0
-268.28,1625449482.0,64.0
-294.25,1625449482.0,64.0
-321.29,1625449482.0,64.0
-349.84,1625449482.0,64.0
-379.74,1625449482.0,64.0
-410.11,1625449482.0,64.0
-439.3,1625449482.0,64.0
-464.95,1625449482.0,64.0
-484.58,1625449482.0,64.0
-496.27,1625449482.0,64.0
-499.3,1625449482.0,64.0
-494.4,1625449482.0,64.0
-483.54,1625449482.0,64.0
-469.29,1625449482.0,64.0
-454.14,1625449482.0,64.0
-439.88,1625449482.0,64.0
-427.19,1625449482.0,64.0
-415.48,1625449482.0,64.0
-403.13,1625449482.0,64.0
-387.94,1625449482.0,64.0
-367.84,1625449482.0,64.0
-341.7,1625449482.0,64.0
-309.72,1625449482.0,64.0
-273.57,1625449482.0,64.0
-235.88,1625449482.0,64.0
-199.52,1625449482.0,64.0
-166.84,1625449482.0,64.0
-139.24,1625449482.0,64.0
-116.94,1625449482.0,64.0
-99.2,1625449482.0,64.0
-84.61,1625449482.0,64.0
-71.57,1625449482.0,64.0
-58.65,1625449482.0,64.0
-44.94,1625449482.0,64.0
-30.27,1625449482.0,64.0
-15.2,1625449482.0,64.0
-0.73,1625449482.0,64.0
12.04,1625449482.0,64.0
22.36,1625449482.0,64.0
30.15,1625449482.0,64.0
35.89,1625449482.0,64.0
40.44,1625449482.0,64.0
44.58,1625449482.0,64.0
48.69,1625449482.0,64.0
52.65,1625449482.0,64.0
56.01,1625449482.0,64.0
58.3,1625449482.0,64.0
59.3,1625449482.0,64.0
59.1,1625449482.0,64.0
57.92,1625449482.0,64.0
55.91,1625449482.0,64.0
52.95,1625449482.0,64.0
48.8,1625449482.0,64.0
43.29,1625449482.0,64.0
36.48,1625449482.0,64.0
28.66,1625449482.0,64.0
20.14,1625449482.0,64.0
10.97,1625449482.0,64.0
0.98,1625449482.0,64.0
-10.02,1625449482.0,64.0
-21.83,1625449482.0,64.0
-33.61,1625449482.0,64.0
-44.01,1625449482.0,64.0
-51.58,1625449482.0,64.0
-55.21,1625449482.0,64.0
-54.49,1625449482.0,64.0
-49.68,1625449482.0,64.0
-41.46,1625449482.0,64.0
-30.62,1625449482.0,64.0
-17.73,1625449482.0,64.0
-3.16,1625449482.0,64.0
12.84,1625449482.0,64.0
29.85,1625449482.0,64.0
47.12,1625449482.0,64.0
63.57,1625449482.0,64.0
77.91,1625449482.0,64.0
89.03,1625449482.0,64.0
96.38,1625449482.0,64.0
100.2,1625449482.0,64.0
101.5,1625449482.0,64.0
101.65,1625449482.0,64.0
101.93,1625449482.0,64.0
103.15,1625449482.0,64.0
105.51,1625449482.0,64.0
108.73,1625449482.0,64.0
112.34,1625449482.0,64.0
115.87,1625449482.0,64.0
118.89,1625449482.0,64.0
121.01,1625449482.0,64.0
121.85,1625449482.0,64.0
121.08,1625449482.0,64.0
118.58,1625449482.0,64.0
114.5,1625449482.0,64.0
109.3,1625449482.0,64.0
103.68,1625449482.0,64.0
98.31,1625449482.0,64.0
93.61,1625449482.0,64.0
89.51,1625449482.0,64.0
85.47,1625449482.0,64.0
80.63,1625449482.0,64.0
74.1,1625449482.0,64.0
65.3,1625449482.0,64.0
54.23,1625449482.0,64.0
41.42,1625449482.0,64.0
27.78,1625449482.0,64.0
14.18,1625449482.0,64.0
1.25,1625449482.0,64.0
-10.73,1625449482.0,64.0
-21.73,1625449482.0,64.0
-31.74,1625449482.0,64.0
-40.57,1625449482.0,64.0
-47.72,1625449482.0,64.0
-52.44,1625449482.0,64.0
-53.91,1625449482.0,64.0
-51.59,1625449482.0,64.0
-45.42,1625449482.0,64.0
-35.97,1625449482.0,64.0
-24.34,1625449482.0,64.0
-11.78,1625449482.0,64.0
0.55,1625449482.0,64.0
11.93,1625449482.0,64.0
22.02,1625449482.0,64.0
30.66,1625449482.0,64.0
37.71,1625449482.0,64.0
42.93,1625449482.0,64.0
46.01,1625449482.0,64.0
46.84,1625449482.0,64.0
45.63,1625449482.0,64.0
43.04,1625449482.0,64.0
39.86,1625449482.0,64.0
36.88,1625449482.0,64.0
34.49,1625449482.0,64.0
32.71,1625449482.0,64.0
31.27,1625449482.0,64.0
30.01,1625449482.0,64.0
29.04,1625449482.0,64.0
28.77,1625449482.0,64.0
29.69,1625449482.0,64.0
31.96,1625449482.0,64.0
35.21,1625449482.0,64.0
38.56,1625449482.0,64.0
40.85,1625449482.0,64.0
41.07,1625449482.0,64.0
38.77,1625449482.0,64.0
34.05,1625449482.0,64.0
27.49,1625449482.0,64.0
19.89,1625449482.0,64.0
12.03,1625449482.0,64.0
4.62,1625449482.0,64.0
-1.62,1625449482.0,64.0
-5.89,1625449482.0,64.0
-7.45,1625449482.0,64.0
-5.77,1625449482.0,64.0
-0.95,1625449482.0,64.0
6.07,1625449482.0,64.0
13.56,1625449482.0,64.0
19.37,1625449482.0,64.0
21.49,1625449482.0,64.0
18.72,1625449482.0,64.0
11.14,1625449482.0,64.0
0.19,1625449482.0,64.0
-11.66,1625449482.0,64.0
-21.42,1625449482.0,64.0
-26.39,1625449482.0,64.0
-24.93,1625449482.0,64.0
-16.85,1625449482.0,64.0
-3.42,1625449482.0,64.0
13.14,1625449482.0,64.0
30.44,1625449482.0,64.0
46.75,1625449482.0,64.0
61.31,1625449482.0,64.0
74.36,1625449482.0,64.0
86.56,1625449482.0,64.0
98.39,1625449482.0,64.0
109.66,1625449482.0,64.0
119.17,1625449482.0,64.0
124.61,1625449482.0,64.0
122.84,1625449482.0,64.0
110.6,1625449482.0,64.0
85.73,1625449482.0,64.0
48.61,1625449482.0,64.0
2.89,1625449482.0,64.0
-44.93,1625449482.0,64.0
-87.46,1625449482.0,64.0
-118.98,1625449482.0,64.0
-137.51,1625449482.0,64.0
-145.27,1625449482.0,64.0
-147.28,1625449482.0,64.0
-148.9,1625449482.0,64.0
-153.61,1625449482.0,64.0
-162.07,1625449482.0,64.0
-172.55,1625449482.0,64.0
-182.03,1625449482.0,64.0
-187.52,1625449482.0,64.0
-186.81,1625449482.0,64.0
-178.87,1625449482.0,64.0
-164.1,1625449482.0,64.0
-144.3,1625449482.0,64.0
-122.17,1625449482.0,64.0
-100.34,1625449482.0,64.0
-80.29,1625449482.0,64.0
-61.75,1625449482.0,64.0
-42.92,1625449482.0,64.0
-21.49,1625449482.0,64.0
4.13,1625449482.0,64.0
34.16,1625449482.0,64.0
67.55,1625449482.0,64.0
102.76,1625449482.0,64.0
138.48,1625449482.0,64.0
173.67,1625449482.0,64.0
207.16,1625449482.0,64.0
236.99,1625449482.0,64.0
260.39,1625449482.0,64.0
274.44,1625449482.0,64.0
277.23,1625449482.0,64.0
268.82,1625449482.0,64.0
251.51,1625449482.0,64.0
229.12,1625449482.0,64.0
205.64,1625449482.0,64.0
183.95,1625449482.0,64.0
165.0,1625449482.0,64.0
148.01,1625449482.0,64.0
131.33,1625449482.0,64.0
113.59,1625449482.0,64.0
94.52,1625449482.0,64.0
75.03,1625449482.0,64.0
56.65,1625449482.0,64.0
40.7,1625449482.0,64.0
27.77,1625449482.0,64.0
17.63,1625449482.0,64.0
9.68,1625449482.0,64.0
3.49,1625449482.0,64.0
-0.91,1625449482.0,64.0
-3.13,1625449482.0,64.0
-2.91,1625449482.0,64.0
-0.57,1625449482.0,64.0
2.86,1625449482.0,64.0
5.94,1625449482.0,64.0
7.29,1625449482.0,64.0
6.06,1625449482.0,64.0
2.18,1625449482.0,64.0
-3.87,1625449482.0,64.0
-11.34,1625449482.0,64.0
-19.48,1625449482.0,64.0
-27.57,1625449482.0,64.0
-34.81,1625449482.0,64.0
-40.35,1625449482.0,64.0
-43.49,1625449482.0,64.0
-43.98,1625449482.0,64.0
-42.37,1625449482.0,64.0
-39.92,1625449482.0,64.0
-38.24,1625449482.0,64.0
-38.65,1625449482.0,64.0
-41.6,1625449482.0,64.0
-46.48,1625449482.0,64.0
-51.83,1625449482.0,64.0
-55.85,1625449482.0,64.0
-57.07,1625449482.0,64.0
-54.7,1625449482.0,64.0
-48.75,1625449482.0,64.0
-39.89,1625449482.0,64.0
-29.09,1625449482.0,64.0
-17.36,1625449482.0,64.0
-5.51,1625449482.0,64.0
5.84,1625449482.0,64.0
16.28,1625449482.0,64.0
25.55,1625449482.0,64.0
33.38,1625449482.0,64.0
39.53,1625449482.0,64.0
43.52,1625449482.0,64.0
44.6,1625449482.0,64.0
41.75,1625449482.0,64.0
33.99,1625449482.0,64.0
20.92,1625449482.0,64.0
3.24,1625449482.0,64.0
-17.01,1625449482.0,64.0
-36.86,1625449482.0,64.0
-53.28,1625449482.0,64.0
-64.17,1625449482.0,64.0
-69.0,1625449482.0,64.0
-68.77,1625449482.0,64.0
-65.31,1625449482.0,64.0
-60.47,1625449482.0,64.0
-55.43,1625449482.0,64.0
-50.68,1625449482.0,64.0
-46.26,1625449482.0,64.0
-42.24,1625449482.0,64.0
-39.05,1625449482.0,64.0
-37.39,1625449482.0,64.0
-38.13,1625449482.0,64.0
-42.02,1625449482.0,64.0
-49.52,1625449482.0,64.0
-60.65,1625449482.0,64.0
-74.98,1625449482.0,64.0
-91.67,1625449482.0,64.0
-109.63,1625449482.0,64.0
-127.8,1625449482.0,64.0
-145.27,1625449482.0,64.0
-161.31,1625449482.0,64.0
-175.32,1625449482.0,64.0
-186.58,1625449482.0,64.0
-194.24,1625449482.0,64.0
-197.35,1625449482.0,64.0
-195.15,1625449482.0,64.0
-187.23,1625449482.0,64.0
-173.6,1625449482.0,64.0
-154.63,1625449482.0,64.0
-130.9,1625449482.0,64.0
-103.17,1625449482.0,64.0
-72.4,1625449482.0,64.0
-39.96,1625449482.0,64.0
-7.59,1625449482.0,64.0
22.8,1625449482.0,64.0
49.53,1625449482.0,64.0
71.5,1625449482.0,64.0
88.45,1625449482.0,64.0
100.71,1625449482.0,64.0
109.0,1625449482.0,64.0
114.08,1625449482.0,64.0
116.5,1625449482.0,64.0
116.7,1625449482.0,64.0
115.08,1625449482.0,64.0
112.1,1625449482.0,64.0
108.27,1625449482.0,64.0
104.03,1625449482.0,64.0
99.55,1625449482.0,64.0
94.79,1625449482.0,64.0
89.55,1625449482.0,64.0
83.7,1625449482.0,64.0
77.37,1625449482.0,64.0
70.88,1625449482.0,64.0
64.62,1625449482.0,64.0
58.92,1625449482.0,64.0
53.79,1625449482.0,64.0
49.02,1625449482.0,64.0
44.21,1625449482.0,64.0
39.01,1625449482.0,64.0
33.32,1625449482.0,64.0
27.44,1625449482.0,64.0
21.99,1625449482.0,64.0
17.75,1625449482.0,64.0
15.36,1625449482.0,64.0
15.04,1625449482.0,64.0
16.46,1625449482.0,64.0
18.84,1625449482.0,64.0
21.18,1625449482.0,64.0
22.53,1625449482.0,64.0
22.38,1625449482.0,64.0
20.66,1625449482.0,64.0
17.8,1625449482.0,64.0
14.41,1625449482.0,64.0
11.07,1625449482.0,64.0
8.15,1625449482.0,64.0
5.75,1625449482.0,64.0
3.7,1625449482.0,64.0
1.76,1625449482.0,64.0
-0.25,1625449482.0,64.0
-2.43,1625449482.0,64.0
-4.73,1625449482.0,64.0
-7.02,1625449482.0,64.0
-9.08,1625449482.0,64.0
-10.61,1625449482.0,64.0
-11.18,1625449482.0,64.0
-10.25,1625449482.0,64.0
-7.23,1625449482.0,64.0
-1.79,1625449482.0,64.0
5.9,1625449482.0,64.0
15.04,1625449482.0,64.0
24.32,1625449482.0,64.0
32.33,1625449482.0,64.0
38.06,1625449482.0,64.0
41.24,1625449482.0,64.0
42.3,1625449482.0,64.0
42.08,1625449482.0,64.0
41.35,1625449482.0,64.0
40.59,1625449482.0,64.0
39.96,1625449482.0,64.0
39.6,1625449482.0,64.0
39.78,1625449482.0,64.0
40.93,1625449482.0,64.0
43.39,1625449482.0,64.0
47.02,1625449482.0,64.0
51.06,1625449482.0,64.0
54.3,1625449482.0,64.0
55.47,1625449482.0,64.0
53.7,1625449482.0,64.0
48.76,1625449482.0,64.0
41.1,1625449482.0,64.0
31.75,1625449482.0,64.0
22.16,1625449482.0,64.0
13.96,1625449482.0,64.0
8.7,1625449482.0,64.0
7.34,1625449482.0,64.0
9.84,1625449482.0,64.0
15.01,1625449482.0,64.0
20.74,1625449482.0,64.0
24.74,1625449482.0,64.0
25.4,1625449482.0,64.0
22.45,1625449482.0,64.0
16.81,1625449482.0,64.0
10.0,1625449482.0,64.0
3.16,1625449482.0,64.0
-3.56,1625449482.0,64.0
-10.97,1625449482.0,64.0
-20.27,1625449482.0,64.0
-32.22,1625449482.0,64.0
-46.58,1625449482.0,64.0
-62.17,1625449482.0,64.0
-77.27,1625449482.0,64.0
-90.29,1625449482.0,64.0
-100.26,1625449482.0,64.0
-107.04,1625449482.0,64.0
-111.18,1625449482.0,64.0
-113.54,1625449482.0,64.0
-114.96,1625449482.0,64.0
-115.89,1625449482.0,64.0
-116.3,1625449482.0,64.0
-115.74,1625449482.0,64.0
-113.63,1625449482.0,64.0
-109.59,1625449482.0,64.0
-103.79,1625449482.0,64.0
-96.98,1625449482.0,64.0
-90.16,1625449482.0,64.0
-84.17,1625449482.0,64.0
-79.2,1625449482.0,64.0
-74.74,1625449482.0,64.0
-69.85,1625449482.0,64.0
-63.75,1625449482.0,64.0
-56.28,1625449482.0,64.0
-48.04,1625449482.0,64.0
-40.08,1625449482.0,64.0
-33.4,1625449482.0,64.0
-28.44,1625449482.0,64.0
-24.96,1625449482.0,64.0
-22.29,1625449482.0,64.0
-19.65,1625449482.0,64.0
-16.46,1625449482.0,64.0
-12.26,1625449482.0,64.0
-6.62,1625449482.0,64.0
0.94,1625449482.0,64.0
10.73,1625449482.0,64.0
22.48,1625449482.0,64.0
35.06,1625449482.0,64.0
46.66,1625449482.0,64.0
55.38,1625449482.0,64.0
59.97,1625449482.0,64.0
60.39,1625449482.0,64.0
57.71,1625449482.0,64.0
53.57,1625449482.0,64.0
49.42,1625449482.0,64.0
45.98,1625449482.0,64.0
43.13,1625449482.0,64.0
40.27,1625449482.0,64.0
36.75,1625449482.0,64.0
32.13,1625449482.0,64.0
26.3,1625449482.0,64.0
19.26,1625449482.0,64.0
11.1,1625449482.0,64.0
1.97,1625449482.0,64.0
-7.74,1625449482.0,64.0
-17.31,1625449482.0,64.0
-25.74,1625449482.0,64.0
-31.93,1625449482.0,64.0
-35.01,1625449482.0,64.0
-34.65,1625449482.0,64.0
-31.15,1625449482.0,64.0
-25.24,1625449482.0,64.0
-17.81,1625449482.0,64.0
-9.62,1625449482.0,64.0
-1.12,1625449482.0,64.0
7.52,1625449482.0,64.0
16.19,1625449482.0,64.0
24.65,1625449482.0,64.0
32.45,1625449482.0,64.0
39.0,1625449482.0,64.0
43.83,1625449482.0,64.0
46.72,1625449482.0,64.0
47.92,1625449482.0,64.0
48.01,1625449482.0,64.0
47.75,1625449482.0,64.0
47.74,1625449482.0,64.0
48.29,1625449482.0,64.0
49.31,1625449482.0,64.0
50.38,1625449482.0,64.0
50.98,1625449482.0,64.0
50.63,1625449482.0,64.0
49.05,1625449482.0,64.0
46.15,1625449482.0,64.0
42.04,1625449482.0,64.0
36.97,1625449482.0,64.0
31.27,1625449482.0,64.0
25.33,1625449482.0,64.0
19.54,1625449482.0,64.0
14.2,1625449482.0,64.0
9.46,1625449482.0,64.0
5.31,1625449482.0,64.0
1.54,1625449482.0,64.0
-2.12,1625449482.0,64.0
-5.92,1625449482.0,64.0
-9.94,1625449482.0,64.0
-14.13,1625449482.0,64.0
-18.34,1625449482.0,64.0
-22.47,1625449482.0,64.0
-26.49,1625449482.0,64.0
-30.55,1625449482.0,64.0
-34.94,1625449482.0,64.0
-39.98,1625449482.0,64.0
-45.9,1625449482.0,64.0
-52.69,1625449482.0,64.0
-59.97,1625449482.0,64.0
-66.99,1625449482.0,64.0
-72.76,1625449482.0,64.0
-76.32,1625449482.0,64.0
-77.0,1625449482.0,64.0
-74.64,1625449482.0,64.0
-69.59,1625449482.0,64.0
-62.53,1625449482.0,64.0
-54.2,1625449482.0,64.0
-45.2,1625449482.0,64.0
-35.87,1625449482.0,64.0
-26.41,1625449482.0,64.0
-17.13,1625449482.0,64.0
-8.59,1625449482.0,64.0
-1.64,1625449482.0,64.0
3.0,1625449482.0,64.0
5.16,1625449482.0,64.0
5.56,1625449482.0,64.0
5.71,1625449482.0,64.0
7.47,1625449482.0,64.0
12.38,1625449482.0,64.0
21.26,1625449482.0,64.0
34.19,1625449482.0,64.0
50.69,1625449482.0,64.0
70.04,1625449482.0,64.0
91.29,1625449482.0,64.0
113.05,1625449482.0,64.0
133.32,1625449482.0,64.0
149.69,1625449482.0,64.0
160.15,1625449482.0,64.0
164.0,1625449482.0,64.0
162.43,1625449482.0,64.0
158.22,1625449482.0,64.0
154.67,1625449482.0,64.0
154.2,1625449482.0,64.0
157.4,1625449482.0,64.0
162.85,1625449482.0,64.0
167.88,1625449482.0,64.0
169.57,1625449482.0,64.0
165.64,1625449482.0,64.0
154.81,1625449482.0,64.0
136.73,1625449482.0,64.0
111.67,1625449482.0,64.0
80.45,1625449482.0,64.0
44.54,1625449482.0,64.0
6.19,1625449482.0,64.0
-31.57,1625449482.0,64.0
-65.45,1625449482.0,64.0
-92.76,1625449482.0,64.0
-112.13,1625449482.0,64.0
-123.8,1625449482.0,64.0
-129.15,1625449482.0,64.0
-129.81,1625449482.0,64.0
-126.8,1625449482.0,64.0
-120.1,1625449482.0,64.0
-109.05,1625449482.0,64.0
-93.14,1625449482.0,64.0
-72.63,1625449482.0,64.0
-48.76,1625449482.0,64.0
-23.2,1625449482.0,64.0
2.5,1625449482.0,64.0
27.43,1625449482.0,64.0
51.3,1625449482.0,64.0
73.89,1625449482.0,64.0
94.61,1625449482.0,64.0
112.2,1625449482.0,64.0
125.05,1625449482.0,64.0
131.81,1625449482.0,64.0
132.0,1625449482.0,64.0
126.29,1625449482.0,64.0
116.31,1625449482.0,64.0
104.02,1625449482.0,64.0
91.07,1625449482.0,64.0
78.22,1625449482.0,64.0
65.24,1625449482.0,64.0
51.32,1625449482.0,64.0
35.69,1625449482.0,64.0
18.27,1625449482.0,64.0
-0.2,1625449482.0,64.0
-18.44,1625449482.0,64.0
-35.22,1625449482.0,64.0
-49.93,1625449482.0,64.0
-62.61,1625449482.0,64.0
-73.72,1625449482.0,64.0
-83.52,1625449482.0,64.0
-91.81,1625449482.0,64.0
-98.01,1625449482.0,64.0
-101.66,1625449482.0,64.0
-102.98,1625449482.0,64.0
-102.96,1625449482.0,64.0
-103.06,1625449482.0,64.0
-104.38,1625449482.0,64.0
-107.14,1625449482.0,64.0
-110.54,1625449482.0,64.0
-113.24,1625449482.0,64.0
-114.17,1625449482.0,64.0
-113.13,1625449482.0,64.0
-110.9,1625449482.0,64.0
-108.82,1625449482.0,64.0
-108.12,1625449482.0,64.0
-109.44,1625449482.0,64.0
-112.76,1625449482.0,64.0
-117.55,1625449482.0,64.0
-123.12,1625449482.0,64.0
-128.78,1625449482.0,64.0
-133.85,1625449482.0,64.0
-137.57,1625449482.0,64.0
-139.08,1625449482.0,64.0
-137.67,1625449482.0,64.0
-132.93,1625449482.0,64.0
-125.01,1625449482.0,64.0
-114.46,1625449482.0,64.0
-102.03,1625449482.0,64.0
-88.32,1625449482.0,64.0
-73.71,1625449482.0,64.0
-58.44,1625449482.0,64.0
-42.76,1625449482.0,64.0
-27.21,1625449482.0,64.0
-12.5,1625449482.0,64.0
0.67,1625449482.0,64.0
11.87,1625449482.0,64.0
21.13,1625449482.0,64.0
28.85,1625449482.0,64.0
35.62,1625449482.0,64.0
41.87,1625449482.0,64.0
47.74,1625449482.0,64.0
53.08,1625449482.0,64.0
57.61,1625449482.0,64.0
61.06,1625449482.0,64.0
63.35,1625449482.0,64.0
64.63,1625449482.0,64.0
65.28,1625449482.0,64.0
65.83,1625449482.0,64.0
66.73,1625449482.0,64.0
68.18,1625449482.0,64.0
69.99,1625449482.0,64.0
71.53,1625449482.0,64.0
72.01,1625449482.0,64.0
70.75,1625449482.0,64.0
67.52,1625449482.0,64.0
62.56,1625449482.0,64.0
56.38,1625449482.0,64.0
49.4,1625449482.0,64.0
41.76,1625449482.0,64.0
33.33,1625449482.0,64.0
23.93,1625449482.0,64.0
13.69,1625449482.0,64.0
3.1,1625449482.0,64.0
-7.13,1625449482.0,64.0
-16.4,1625449482.0,64.0
-24.52,1625449482.0,64.0
-31.85,1625449482.0,64.0
-39.08,1625449482.0,64.0
-46.95,1625449482.0,64.0
-55.9,1625449482.0,64.0
-65.91,1625449482.0,64.0
-76.43,1625449482.0,64.0
-86.49,1625449482.0,64.0
-94.91,1625449482.0,64.0
-100.48,1625449482.0,64.0
-102.29,1625449482.0,64.0
-99.88,1625449482.0,64.0
-93.41,1625449482.0,64.0
-83.55,1625449482.0,64.0
-71.23,1625449482.0,64.0
-57.39,1625449482.0,64.0
-42.75,1625449482.0,64.0
-27.75,1625449482.0,64.0
-12.64,1625449482.0,64.0
2.39,1625449482.0,64.0
17.06,1625449482.0,64.0
31.09,1625449482.0,64.0
44.2,1625449482.0,64.0
56.26,1625449482.0,64.0
67.24,1625449482.0,64.0
77.21,1625449482.0,64.0
86.17,1625449482.0,64.0
94.02,1625449482.0,64.0
100.54,1625449482.0,64.0
105.4,1625449482.0,64.0
108.27,1625449482.0,64.0
108.87,1625449482.0,64.0
107.12,1625449482.0,64.0
103.25,1625449482.0,64.0
97.74,1625449482.0,64.0
91.2,1625449482.0,64.0
84.21,1625449482.0,64.0
77.07,1625449482.0,64.0
69.77,1625449482.0,64.0
62.14,1625449482.0,64.0
54.01,1625449482.0,64.0
45.41,1625449482.0,64.0
36.66,1625449482.0,64.0
28.17,1625449482.0,64.0
20.25,1625449482.0,64.0
12.86,1625449482.0,64.0
5.66,1625449482.0,64.0
-1.87,1625449482.0,64.0
-10.11,1625449482.0,64.0
-19.11,1625449482.0,64.0
-28.54,1625449482.0,64.0
-37.8,1625449482.0,64.0
-46.38,1625449482.0,64.0
-54.02,1625449482.0,64.0
-60.89,1625449482.0,64.0
-67.45,1625449482.0,64.0
-74.22,1625449482.0,64.0
-81.37,1625449482.0,64.0
-88.57,1625449482.0,64.0
-95.0,1625449482.0,64.0
-99.57,1625449482.0,64.0
-101.41,1625449482.0,64.0
-100.1,1625449482.0,64.0
-95.76,1625449482.0,64.0
-88.85,1625449482.0,64.0
-79.9,1625449482.0,64.0
-69.25,1625449482.0,64.0
-57.06,1625449482.0,64.0
-43.47,1625449482.0,64.0
-28.83,1625449482.0,64.0
-13.82,1625449482.0,64.0
0.6,1625449482.0,64.0
13.49,1625449482.0,64.0
24.17,1625449482.0,64.0
32.44,1625449482.0,64.0
38.52,1625449482.0,64.0
42.89,1625449482.0,64.0
46.05,1625449482.0,64.0
48.26,1625449482.0,64.0
49.55,1625449482.0,64.0
49.77,1625449482.0,64.0
48.79,1625449482.0,64.0
46.73,1625449482.0,64.0
43.97,1625449482.0,64.0
41.03,1625449482.0,64.0
38.36,1625449482.0,64.0
36.07,1625449482.0,64.0
33.89,1625449482.0,64.0
31.39,1625449482.0,64.0
28.28,1625449482.0,64.0
24.61,1625449482.0,64.0
20.81,1625449482.0,64.0
17.41,1625449482.0,64.0
14.77,1625449482.0,64.0
12.82,1625449482.0,64.0
11.13,1625449482.0,64.0
9.14,1625449482.0,64.0
6.5,1625449482.0,64.0
3.26,1625449482.0,64.0
-0.26,1625449482.0,64.0
-3.68,1625449482.0,64.0
-6.85,1625449482.0,64.0
-9.95,1625449482.0,64.0
-13.37,1625449482.0,64.0
-17.57,1625449482.0,64.0
-22.82,1625449482.0,64.0
-29.17,1625449482.0,64.0
-36.52,1625449482.0,64.0
-44.71,1625449482.0,64.0
-53.5,1625449482.0,64.0
-62.49,1625449482.0,64.0
-71.0,1625449482.0,64.0
-78.0,1625449482.0,64.0
-82.4,1625449482.0,64.0
-83.24,1625449482.0,64.0
-80.08,1625449482.0,64.0
-73.11,1625449482.0,64.0
-63.0,1625449482.0,64.0
-50.66,1625449482.0,64.0
-37.01,1625449482.0,64.0
-22.84,1625449482.0,64.0
-8.87,1625449482.0,64.0
4.13,1625449482.0,64.0
15.41,1625449482.0,64.0
24.43,1625449482.0,64.0
31.1,1625449482.0,64.0
35.82,1625449482.0,64.0
39.4,1625449482.0,64.0
42.67,1625449482.0,64.0
46.19,1625449482.0,64.0
50.12,1625449482.0,64.0
54.2,1625449482.0,64.0
58.07,1625449482.0,64.0
61.45,1625449482.0,64.0
64.21,1625449482.0,64.0
66.36,1625449482.0,64.0
67.82,1625449482.0,64.0
68.36,1625449482.0,64.0
67.64,1625449482.0,64.0
65.35,1625449482.0,64.0
61.41,1625449482.0,64.0
56.08,1625449482.0,64.0
49.84,1625449482.0,64.0
43.24,1625449482.0,64.0
36.61,1625449482.0,64.0
29.99,1625449482.0,64.0
23.18,1625449482.0,64.0
15.85,1625449482.0,64.0
7.71,1625449482.0,64.0
-1.39,1625449482.0,64.0
-11.4,1625449482.0,64.0
-22.2,1625449482.0,64.0
-33.58,1625449482.0,64.0
-45.26,1625449482.0,64.0
-56.95,1625449482.0,64.0
-68.43,1625449482.0,64.0
-79.54,1625449482.0,64.0
-90.28,1625449482.0,64.0
-100.54,1625449482.0,64.0
-110.02,1625449482.0,64.0
-117.98,1625449482.0,64.0
-123.31,1625449482.0,64.0
-124.84,1625449482.0,64.0
-121.67,1625449482.0,64.0
-113.57,1625449482.0,64.0
-101.09,1625449482.0,64.0
-85.41,1625449482.0,64.0
-67.94,1625449482.0,64.0
-49.95,1625449482.0,64.0
-32.31,1625449482.0,64.0
-15.5,1625449482.0,64.0
0.23,1625449482.0,64.0
14.58,1625449482.0,64.0
27.09,1625449482.0,64.0
37.21,1625449482.0,64.0
44.54,1625449482.0,64.0
49.03,1625449482.0,64.0
51.09,1625449482.0,64.0
51.44,1625449482.0,64.0
50.81,1625449482.0,64.0
49.63,1625449482.0,64.0
47.89,1625449482.0,64.0
45.32,1625449482.0,64.0
41.67,1625449482.0,64.0
37.0,1625449482.0,64.0
31.72,1625449482.0,64.0
26.38,1625449482.0,64.0
21.36,1625449482.0,64.0
16.76,1625449482.0,64.0
12.42,1625449482.0,64.0
8.04,1625449482.0,64.0
3.37,1625449482.0,64.0
-1.83,1625449482.0,64.0
-7.83,1625449482.0,64.0
-14.81,1625449482.0,64.0
-22.7,1625449482.0,64.0
-30.89,1625449482.0,64.0
-38.09,1625449482.0,64.0
-42.61,1625449482.0,64.0
-42.87,1625449482.0,64.0
-38.08,1625449482.0,64.0
-28.66,1625449482.0,64.0
-16.14,1625449482.0,64.0
-2.69,1625449482.0,64.0
9.47,1625449482.0,64.0
18.57,1625449482.0,64.0
23.54,1625449482.0,64.0
24.01,1625449482.0,64.0
20.27,1625449482.0,64.0
13.28,1625449482.0,64.0
4.7,1625449482.0,64.0
-3.27,1625449482.0,64.0
-8.29,1625449482.0,64.0
-8.48,1625449482.0,64.0
-2.86,1625449482.0,64.0
8.22,1625449482.0,64.0
23.28,1625449482.0,64.0
40.13,1625449482.0,64.0
56.58,1625449482.0,64.0
71.03,1625449482.0,64.0
82.63,1625449482.0,64.0
91.24,1625449482.0,64.0
96.99,1625449482.0,64.0
99.97,1625449482.0,64.0
100.17,1625449482.0,64.0
97.57,1625449482.0,64.0
92.49,1625449482.0,64.0
85.59,1625449482.0,64.0
77.87,1625449482.0,64.0
70.31,1625449482.0,64.0
63.56,1625449482.0,64.0
57.8,1625449482.0,64.0
52.77,1625449482.0,64.0
47.94,1625449482.0,64.0
42.78,1625449482.0,64.0
36.88,1625449482.0,64.0
30.06,1625449482.0,64.0
22.43,1625449482.0,64.0
14.36,1625449482.0,64.0
6.37,1625449482.0,64.0
-1.04,1625449482.0,64.0
-7.6,1625449482.0,64.0
-13.4,1625449482.0,64.0
-18.76,1625449482.0,64.0
-24.09,1625449482.0,64.0
-29.6,1625449482.0,64.0
-35.2,1625449482.0,64.0
-40.64,1625449482.0,64.0
-45.73,1625449482.0,64.0
-50.55,1625449482.0,64.0
-55.47,1625449482.0,64.0
-61.02,1625449482.0,64.0
-67.59,1625449482.0,64.0
-75.23,1625449482.0,64.0
-83.67,1625449482.0,64.0
-92.47,1625449482.0,64.0
-101.36,1625449482.0,64.0
-110.36,1625449482.0,64.0
-119.65,1625449482.0,64.0
-129.21,1625449482.0,64.0
-138.5,1625449482.0,64.0
-146.15,1625449482.0,64.0
-150.49,1625449482.0,64.0
-150.12,1625449482.0,64.0
-144.57,1625449482.0,64.0
-134.4,1625449482.0,64.0
-120.55,1625449482.0,64.0
-103.51,1625449482.0,64.0
-82.84,1625449482.0,64.0
-57.52,1625449482.0,64.0
-27.16,1625449482.0,64.0
6.81,1625449482.0,64.0
40.89,1625449482.0,64.0
70.64,1625449482.0,64.0
92.54,1625449482.0,64.0
105.67,1625449482.0,64.0
111.85,1625449482.0,64.0
114.43,1625449482.0,64.0
116.3,1625449482.0,64.0
118.54,1625449482.0,64.0
120.31,1625449482.0,64.0
120.08,1625449482.0,64.0
117.04,1625449482.0,64.0
111.81,1625449482.0,64.0
106.09,1625449482.0,64.0
101.53,1625449482.0,64.0
98.74,1625449482.0,64.0
97.0,1625449482.0,64.0
94.82,1625449482.0,64.0
90.81,1625449482.0,64.0
84.36,1625449482.0,64.0
75.92,1625449482.0,64.0
66.45,1625449482.0,64.0
57.1,1625449482.0,64.0
48.56,1625449482.0,64.0
40.89,1625449482.0,64.0
33.64,1625449482.0,64.0
26.14,1625449482.0,64.0
17.93,1625449482.0,64.0
9.0,1625449482.0,64.0
-0.24,1625449482.0,64.0
-9.22,1625449482.0,64.0
-17.54,1625449482.0,64.0
-25.24,1625449482.0,64.0
-32.76,1625449482.0,64.0
-40.66,1625449482.0,64.0
-49.34,1625449482.0,64.0
-58.9,1625449482.0,64.0
-69.04,1625449482.0,64.0
-79.19,1625449482.0,64.0
-88.59,1625449482.0,64.0
-96.36,1625449482.0,64.0
-101.68,1625449482.0,64.0
-103.89,1625449482.0,64.0
-102.69,1625449482.0,64.0
-98.17,1625449482.0,64.0
-90.88,1625449482.0,64.0
-81.61,1625449482.0,64.0
-71.2,1625449482.0,64.0
-60.46,1625449482.0,64.0
-50.02,1625449482.0,64.0
-40.38,1625449482.0,64.0
-31.81,1625449482.0,64.0
-24.44,1625449482.0,64.0
-18.19,1625449482.0,64.0
-12.89,1625449482.0,64.0
-8.42,1625449482.0,64.0
-4.8,1625449482.0,64.0
-2.13,1625449482.0,64.0
-0.35,1625449482.0,64.0
0.95,1625449482.0,64.0
2.49,1625449482.0,64.0
5.07,1625449482.0,64.0
9.15,1625449482.0,64.0
14.52,1625449482.0,64.0
20.21,1625449482.0,64.0
24.89,1625449482.0,64.0
27.14,1625449482.0,64.0
25.9,1625449482.0,64.0
20.66,1625449482.0,64.0
11.61,1625449482.0,64.0
0.05,1625449482.0,64.0
-11.24,1625449482.0,64.0
-17.88,1625449482.0,64.0
-14.61,1625449482.0,64.0
3.16,1625449482.0,64.0
37.31,1625449482.0,64.0
85.61,1625449482.0,64.0
141.78,1625449482.0,64.0
197.29,1625449482.0,64.0
244.28,1625449482.0,64.0
278.1,1625449482.0,64.0
298.47,1625449482.0,64.0
308.78,1625449482.0,64.0
313.99,1625449482.0,64.0
318.45,1625449482.0,64.0
324.62,1625449482.0,64.0
332.95,1625449482.0,64.0
342.72,1625449482.0,64.0
352.82,1625449482.0,64.0
362.05,1625449482.0,64.0
369.02,1625449482.0,64.0
372.14,1625449482.0,64.0
370.1,1625449482.0,64.0
362.58,1625449482.0,64.0
350.91,1625449482.0,64.0
337.79,1625449482.0,64.0
326.21,1625449482.0,64.0
318.07,1625449482.0,64.0
313.04,1625449482.0,64.0
308.67,1625449482.0,64.0
301.5,1625449482.0,64.0
288.63,1625449482.0,64.0
268.86,1625449482.0,64.0
242.92,1625449482.0,64.0
212.73,1625449482.0,64.0
180.32,1625449482.0,64.0
147.07,1625449482.0,64.0
113.48,1625449482.0,64.0
79.56,1625449482.0,64.0
45.33,1625449482.0,64.0
10.91,1625449482.0,64.0
-23.46,1625449482.0,64.0
-57.77,1625449482.0,64.0
-92.51,1625449482.0,64.0
-128.58,1625449482.0,64.0
-167.12,1625449482.0,64.0
-209.32,1625449482.0,64.0
-256.19,1625449482.0,64.0
-308.42,1625449482.0,64.0
-365.94,1625449482.0,64.0
-427.14,1625449482.0,64.0
-488.25,1625449482.0,64.0
-543.41,1625449482.0,64.0
-585.7,1625449482.0,64.0
-609.07,1625449482.0,64.0
-610.45,1625449482.0,64.0
-590.7,1625449482.0,64.0
-554.33,1625449482.0,64.0
-507.7,1625449482.0,64.0
-456.93,1625449482.0,64.0
-406.47,1625449482.0,64.0
-358.87,1625449482.0,64.0
-315.53,1625449482.0,64.0
-277.52,1625449482.0,64.0
-245.86,1625449482.0,64.0
-221.08,1625449482.0,64.0
-202.51,1625449482.0,64.0
-188.01,1625449482.0,64.0
-174.42,1625449482.0,64.0
-158.82,1625449482.0,64.0
-139.71,1625449482.0,64.0
-117.56,1625449482.0,64.0
-94.54,1625449482.0,64.0
-73.53,1625449482.0,64.0
-57.02,1625449482.0,64.0
-46.64,1625449482.0,64.0
-43.19,1625449482.0,64.0
-46.86,1625449482.0,64.0
-57.43,1625449482.0,64.0
-73.92,1625449482.0,64.0
-94.25,1625449482.0,64.0
-115.27,1625449482.0,64.0
-133.44,1625449482.0,64.0
-146.05,1625449482.0,64.0
-152.37,1625449482.0,64.0
-153.92,1625449482.0,64.0
-153.82,1625449482.0,64.0
-155.48,1625449482.0,64.0
-161.19,1625449482.0,64.0
-171.43,1625449482.0,64.0
-184.9,1625449482.0,64.0
-199.1,1625449482.0,64.0
-211.23,1625449482.0,64.0
-219.07,1625449482.0,64.0
-221.69,1625449482.0,64.0
-219.49,1625449482.0,64.0
-213.79,1625449482.0,64.0
-205.84,1625449482.0,64.0
-195.95,1625449482.0,64.0
-183.08,1625449482.0,64.0
-165.39,1625449482.0,64.0
-141.44,1625449482.0,64.0
-111.34,1625449482.0,64.0
-77.27,1625449482.0,64.0
-42.97,1625449482.0,64.0
-12.49,1625449482.0,64.0
11.22,1625449482.0,64.0
27.31,1625449482.0,64.0
37.17,1625449482.0,64.0
44.03,1625449482.0,64.0
52.05,1625449482.0,64.0
65.41,1625449482.0,64.0
87.16,1625449482.0,64.0
118.27,1625449482.0,64.0
156.87,1625449482.0,64.0
198.45,1625449482.0,64.0
236.82,1625449482.0,64.0
265.96,1625449482.0,64.0
282.02,1625449482.0,64.0
284.76,1625449482.0,64.0
277.88,1625449482.0,64.0
267.85,1625449482.0,64.0
261.6,1625449482.0,64.0
263.78,1625449482.0,64.0
275.12,1625449482.0,64.0
292.5,1625449482.0,64.0
311.1,1625449482.0,64.0
327.42,1625449482.0,64.0
341.35,1625449482.0,64.0
356.08,1625449482.0,64.0
375.61,1625449482.0,64.0
401.35,1625449482.0,64.0
429.88,1625449482.0,64.0
453.46,1625449482.0,64.0
463.07,1625449482.0,64.0
452.54,1625449482.0,64.0
421.34,1625449482.0,64.0
374.54,1625449482.0,64.0
320.23,1625449482.0,64.0
265.79,1625449482.0,64.0
215.41,1625449482.0,64.0
169.51,1625449482.0,64.0
126.2,1625449482.0,64.0
83.44,1625449482.0,64.0
40.75,1625449482.0,64.0
-0.49,1625449482.0,64.0
-37.81,1625449482.0,64.0
-69.15,1625449482.0,64.0
-94.21,1625449482.0,64.0
-114.98,1625449482.0,64.0
-135.18,1625449482.0,64.0
-158.75,1625449482.0,64.0
-187.91,1625449482.0,64.0
-222.09,1625449482.0,64.0
-258.31,1625449482.0,64.0
-293.0,1625449482.0,64.0
-324.1,1625449482.0,64.0
-351.77,1625449482.0,64.0
-377.01,1625449482.0,64.0
-399.17,1625449482.0,64.0
-414.75,1625449482.0,64.0
-418.78,1625449482.0,64.0
-408.33,1625449482.0,64.0
-385.69,1625449482.0,64.0
-358.44,1625449482.0,64.0
-335.82,1625449482.0,64.0
-323.33,1625449482.0,64.0
-319.0,1625449482.0,64.0
-314.24,1625449482.0,64.0
-298.58,1625449482.0,64.0
-265.85,1625449482.0,64.0
-217.58,1625449482.0,64.0
-161.95,1625449482.0,64.0
-109.14,1625449482.0,64.0
-66.39,1625449482.0,64.0
-35.5,1625449482.0,64.0
-13.81,1625449482.0,64.0
2.66,1625449482.0,64.0
16.49,1625449482.0,64.0
28.03,1625449482.0,64.0
36.22,1625449482.0,64.0
40.39,1625449482.0,64.0
41.3,1625449482.0,64.0
41.09,1625449482.0,64.0
42.32,1625449482.0,64.0
46.69,1625449482.0,64.0
54.14,1625449482.0,64.0
63.0,1625449482.0,64.0
70.84,1625449482.0,64.0
75.62,1625449482.0,64.0
76.49,1625449482.0,64.0
74.04,1625449482.0,64.0
69.83,1625449482.0,64.0
65.58,1625449482.0,64.0
62.47,1625449482.0,64.0
60.79,1625449482.0,64.0
59.94,1625449482.0,64.0
58.88,1625449482.0,64.0
56.5,1625449482.0,64.0
52.18,1625449482.0,64.0
46.01,1625449482.0,64.0
38.87,1625449482.0,64.0
32.2,1625449482.0,64.0
27.46,1625449482.0,64.0
25.71,1625449482.0,64.0
27.26,1625449482.0,64.0
31.6,1625449482.0,64.0
37.74,1625449482.0,64.0
44.68,1625449482.0,64.0
51.83,1625449482.0,64.0
59.17,1625449482.0,64.0
67.01,1625449482.0,64.0
75.55,1625449482.0,64.0
84.54,1625449482.0,64.0
93.18,1625449482.0,64.0
100.34,1625449482.0,64.0
105.04,1625449482.0,64.0
106.91,1625449482.0,64.0
106.32,1625449482.0,64.0
104.23,1625449482.0,64.0
101.67,1625449482.0,64.0
99.29,1625449482.0,64.0
97.04,1625449482.0,64.0
94.37,1625449482.0,64.0
90.56,1625449482.0,64.0
85.26,1625449482.0,64.0
78.64,1625449482.0,64.0
71.34,1625449482.0,64.0
64.2,1625449482.0,64.0
57.79,1625449482.0,64.0
52.24,1625449482.0,64.0
47.27,1625449482.0,64.0
42.44,1625449482.0,64.0
37.4,1625449482.0,64.0
32.14,1625449482.0,64.0
26.93,1625449482.0,64.0
22.16,1625449482.0,64.0
18.17,1625449482.0,64.0
15.07,1625449482.0,64.0
12.72,1625449482.0,64.0
10.81,1625449482.0,64.0
8.91,1625449482.0,64.0
6.59,1625449482.0,64.0
3.42,1625449482.0,64.0
-0.95,1625449482.0,64.0
-6.73,1625449482.0,64.0
-13.8,1625449482.0,64.0
-21.64,1625449482.0,64.0
-29.27,1625449482.0,64.0
-35.44,1625449482.0,64.0
-38.93,1625449482.0,64.0
-38.94,1625449482.0,64.0
-35.27,1625449482.0,64.0
-28.38,1625449482.0,64.0
-19.13,1625449482.0,64.0
-8.54,1625449482.0,64.0
2.48,1625449482.0,64.0
13.21,1625449482.0,64.0
23.19,1625449482.0,64.0
32.03,1625449482.0,64.0
39.46,1625449482.0,64.0
45.3,1625449482.0,64.0
49.57,1625449482.0,64.0
52.45,1625449482.0,64.0
54.32,1625449482.0,64.0
55.51,1625449482.0,64.0
56.24,1625449482.0,64.0
56.52,1625449482.0,64.0
56.19,1625449482.0,64.0
55.07,1625449482.0,64.0
53.03,1625449482.0,64.0
50.08,1625449482.0,64.0
46.36,1625449482.0,64.0
42.1,1625449482.0,64.0
37.54,1625449482.0,64.0
32.88,1625449482.0,64.0
28.24,1625449482.0,64.0
23.63,1625449482.0,64.0
18.91,1625449482.0,64.0
13.91,1625449482.0,64.0
8.51,1625449482.0,64.0
2.84,1625449482.0,64.0
-2.65,1625449482.0,64.0
-7.41,1625449482.0,64.0
-10.91,1625449482.0,64.0
-13.05,1625449482.0,64.0
-14.13,1625449482.0,64.0
-14.83,1625449482.0,64.0
-15.82,1625449482.0,64.0
-17.59,1625449482.0,64.0
-20.33,1625449482.0,64.0
-23.92,1625449482.0,64.0
-28.17,1625449482.0,64.0
-32.86,1625449482.0,64.0
-37.78,1625449482.0,64.0
-42.57,1625449482.0,64.0
-46.65,1625449482.0,64.0
-49.33,1625449482.0,64.0
-49.99,1625449482.0,64.0
-48.21,1625449482.0,64.0
-43.9,1625449482.0,64.0
-37.23,1625449482.0,64.0
-28.36,1625449482.0,64.0
-17.39,1625449482.0,64.0
-4.39,1625449482.0,64.0
10.31,1625449482.0,64.0
25.86,1625449482.0,64.0
40.83,1625449482.0,64.0
53.48,1625449482.0,64.0
62.26,1625449482.0,64.0
66.3,1625449482.0,64.0
65.74,1625449482.0,64.0
61.61,1625449482.0,64.0
55.5,1625449482.0,64.0
49.02,1625449482.0,64.0
43.48,1625449482.0,64.0
39.61,1625449482.0,64.0
37.6,1625449482.0,64.0
37.2,1625449482.0,64.0
37.83,1625449482.0,64.0
38.78,1625449482.0,64.0
39.31,1625449482.0,64.0
38.82,1625449482.0,64.0
36.97,1625449482.0,64.0
33.79,1625449482.0,64.0
29.57,1625449482.0,64.0
24.75,1625449482.0,64.0
19.85,1625449482.0,64.0
15.33,1625449482.0,64.0
11.49,1625449482.0,64.0
8.4,1625449482.0,64.0
5.9,1625449482.0,64.0
3.68,1625449482.0,64.0
1.32,1625449482.0,64.0
-1.5,1625449482.0,64.0
-4.96,1625449482.0,64.0
-8.96,1625449482.0,64.0
-13.23,1625449482.0,64.0
-17.41,1625449482.0,64.0
-21.22,1625449482.0,64.0
-24.56,1625449482.0,64.0
-27.53,1625449482.0,64.0
-30.38,1625449482.0,64.0
-33.44,1625449482.0,64.0
-36.94,1625449482.0,64.0
-40.94,1625449482.0,64.0
-45.24,1625449482.0,64.0
-49.37,1625449482.0,64.0
-52.66,1625449482.0,64.0
-54.35,1625449482.0,64.0
-53.81,1625449482.0,64.0
-50.72,1625449482.0,64.0
-45.12,1625449482.0,64.0
-37.45,1625449482.0,64.0
-28.31,1625449482.0,64.0
-18.31,1625449482.0,64.0
-7.94,1625449482.0,64.0
2.4,1625449482.0,64.0
12.35,1625449482.0,64.0
21.45,1625449482.0,64.0
29.16,1625449482.0,64.0
35.02,1625449482.0,64.0
38.83,1625449482.0,64.0
40.77,1625449482.0,64.0
41.37,1625449482.0,64.0
41.33,1625449482.0,64.0
41.25,1625449482.0,64.0
41.47,1625449482.0,64.0
41.93,1625449482.0,64.0
42.33,1625449482.0,64.0
42.28,1625449482.0,64.0
41.52,1625449482.0,64.0
39.96,1625449482.0,64.0
37.78,1625449482.0,64.0
35.22,1625449482.0,64.0
32.5,1625449482.0,64.0
29.72,1625449482.0,64.0
26.84,1625449482.0,64.0
23.73,1625449482.0,64.0
20.34,1625449482.0,64.0
16.7,1625449482.0,64.0
13.03,1625449482.0,64.0
9.55,1625449482.0,64.0
6.45,1625449482.0,64.0
3.76,1625449482.0,64.0
1.32,1625449482.0,64.0
-1.15,1625449482.0,64.0
-3.9,1625449482.0,64.0
-7.11,1625449482.0,64.0
-10.74,1625449482.0,64.0
-14.6,1625449482.0,64.0
-18.43,1625449482.0,64.0
-22.0,1625449482.0,64.0
-25.25,1625449482.0,64.0
-28.25,1625449482.0,64.0
-31.22,1625449482.0,64.0
-34.37,1625449482.0,64.0
-37.84,1625449482.0,64.0
-41.73,1625449482.0,64.0
-46.02,1625449482.0,64.0
-50.57,1625449482.0,64.0
-55.05,1625449482.0,64.0
-58.96,1625449482.0,64.0
-61.58,1625449482.0,64.0
-62.21,1625449482.0,64.0
-60.27,1625449482.0,64.0
-55.58,1625449482.0,64.0
-48.46,1625449482.0,64.0
-39.55,1625449482.0,64.0
-29.66,1625449482.0,64.0
-19.44,1625449482.0,64.0
-9.32,1625449482.0,64.0
0.54,1625449482.0,64.0
9.99,1625449482.0,64.0
18.76,1625449482.0,64.0
26.35,1625449482.0,64.0
32.26,1625449482.0,64.0
36.12,1625449482.0,64.0
37.94,1625449482.0,64.0
38.15,1625449482.0,64.0
37.42,1625449482.0,64.0
36.42,1625449482.0,64.0
35.62,1625449482.0,64.0
35.16,1625449482.0,64.0
34.92,1625449482.0,64.0
34.66,1625449482.0,64.0
34.19,1625449482.0,64.0
33.38,1625449482.0,64.0
32.22,1625449482.0,64.0
30.74,1625449482.0,64.0
28.98,1625449482.0,64.0
26.98,1625449482.0,64.0
24.78,1625449482.0,64.0
22.38,1625449482.0,64.0
19.81,1625449482.0,64.0
17.1,1625449482.0,64.0
14.31,1625449482.0,64.0
11.5,1625449482.0,64.0
8.78,1625449482.0,64.0
6.21,1625449482.0,64.0
3.83,1625449482.0,64.0
1.56,1625449482.0,64.0
-0.73,1625449482.0,64.0
-3.26,1625449482.0,64.0
-6.17,1625449482.0,64.0
-9.49,1625449482.0,64.0
-13.12,1625449482.0,64.0
-16.81,1625449482.0,64.0
-20.28,1625449482.0,64.0
-23.37,1625449482.0,64.0
-26.08,1625449482.0,64.0
-28.6,1625449482.0,64.0
-31.21,1625449482.0,64.0
-34.16,1625449482.0,64.0
-37.58,1625449482.0,64.0
-41.47,1625449482.0,64.0
-45.68,1625449482.0,64.0
-50.01,1625449482.0,64.0
-54.16,1625449482.0,64.0
-57.67,1625449482.0,64.0
-59.94,1625449482.0,64.0
-60.3,1625449482.0,64.0
-58.21,1625449482.0,64.0
-53.43,1625449482.0,64.0
-46.23,1625449482.0,64.0
-37.2,1625449482.0,64.0
-27.12,1625449482.0,64.0
-16.71,1625449482.0,64.0
-6.43,1625449482.0,64.0
3.44,1625449482.0,64.0
12.69,1625449482.0,64.0
20.99,1625449482.0,64.0
27.94,1625449482.0,64.0
33.13,1625449482.0,64.0
36.36,1625449482.0,64.0
37.8,1625449482.0,64.0
37.96,1625449482.0,64.0
37.5,1625449482.0,64.0
37.0,1625449482.0,64.0
36.8,1625449482.0,64.0
36.9,1625449482.0,64.0
37.07,1625449482.0,64.0
36.97,1625449482.0,64.0
36.34,1625449482.0,64.0
35.05,1625449482.0,64.0
33.13,1625449482.0,64.0
30.7,1625449482.0,64.0
27.97,1625449482.0,64.0
25.09,1625449482.0,64.0
22.19,1625449482.0,64.0
19.37,1625449482.0,64.0
16.67,1625449482.0,64.0
14.12,1625449482.0,64.0
11.75,1625449482.0,64.0
9.57,1625449482.0,64.0
7.5,1625449482.0,64.0
5.41,1625449482.0,64.0
3.13,1625449482.0,64.0
0.55,1625449482.0,64.0
-2.35,1625449482.0,64.0
-5.45,1625449482.0,64.0
-8.59,1625449482.0,64.0
-11.56,1625449482.0,64.0
-14.25,1625449482.0,64.0
-16.7,1625449482.0,64.0
-18.98,1625449482.0,64.0
-21.24,1625449482.0,64.0
-23.58,1625449482.0,64.0
-26.05,1625449482.0,64.0
-28.66,1625449482.0,64.0
-31.45,1625449482.0,64.0
-34.5,1625449482.0,64.0
-37.79,1625449482.0,64.0
-41.12,1625449482.0,64.0
-43.95,1625449482.0,64.0
-45.44,1625449482.0,64.0
-44.63,1625449482.0,64.0
-40.82,1625449482.0,64.0
-33.9,1625449482.0,64.0
-24.45,1625449482.0,64.0
-13.63,1625449482.0,64.0
-2.8,1625449482.0,64.0
6.99,1625449482.0,64.0
15.27,1625449482.0,64.0
22.17,1625449482.0,64.0
28.15,1625449482.0,64.0
33.64,1625449482.0,64.0
38.68,1625449482.0,64.0
42.94,1625449482.0,64.0
45.85,1625449482.0,64.0
47.02,1625449482.0,64.0
46.47,1625449482.0,64.0
44.74,1625449482.0,64.0
42.73,1625449482.0,64.0
41.39,1625449482.0,64.0
41.44,1625449482.0,64.0
43.07,1625449482.0,64.0
45.77,1625449482.0,64.0
48.21,1625449482.0,64.0
48.4,1625449482.0,64.0
44.08,1625449482.0,64.0
33.52,1625449482.0,64.0
16.17,1625449482.0,64.0
-7.05,1625449482.0,64.0
-33.76,1625449482.0,64.0
-60.61,1625449482.0,64.0
-83.83,1625449482.0,64.0
-99.5,1625449482.0,64.0
-103.93,1625449482.0,64.0
-94.18,1625449482.0,64.0
-69.14,1625449482.0,64.0
-30.43,1625449482.0,64.0
17.41,1625449482.0,64.0
67.88,1625449482.0,64.0
114.38,1625449482.0,64.0
152.14,1625449482.0,64.0
179.15,1625449482.0,64.0
195.87,1625449482.0,64.0
203.88,1625449482.0,64.0
204.46,1625449482.0,64.0
197.9,1625449482.0,64.0
183.72,1625449482.0,64.0
161.35,1625449482.0,64.0
130.68,1625449482.0,64.0
92.18,1625449482.0,64.0
46.29,1625449482.0,64.0
-6.76,1625449482.0,64.0
-66.52,1625449482.0,64.0
-131.28,1625449482.0,64.0
-196.58,1625449482.0,64.0
-254.68,1625449482.0,64.0
-295.8,1625449482.0,64.0
-311.38,1625449482.0,64.0
-298.01,1625449482.0,64.0
-260.04,1625449482.0,64.0
-209.05,1625449482.0,64.0
-159.59,1625449482.0,64.0
-123.28,1625449482.0,64.0
-104.36,1625449482.0,64.0
-98.98,1625449482.0,64.0
-98.7,1625449482.0,64.0
-95.63,1625449482.0,64.0
-86.2,1625449482.0,64.0
-71.6,1625449482.0,64.0
-55.24,1625449482.0,64.0
-39.52,1625449482.0,64.0
-24.33,1625449482.0,64.0
-7.96,1625449482.0,64.0
10.53,1625449482.0,64.0
29.61,1625449482.0,64.0
45.49,1625449482.0,64.0
54.26,1625449482.0,64.0
54.17,1625449482.0,64.0
46.71,1625449482.0,64.0
35.78,1625449482.0,64.0
25.72,1625449482.0,64.0
19.47,1625449482.0,64.0
17.55,1625449482.0,64.0
18.47,1625449482.0,64.0
19.85,1625449482.0,64.0
19.68,1625449482.0,64.0
17.1,1625449482.0,64.0
12.38,1625449482.0,64.0
6.56,1625449482.0,64.0
0.73,1625449482.0,64.0
-4.37,1625449482.0,64.0
-8.67,1625449482.0,64.0
-12.58,1625449482.0,64.0
-16.69,1625449482.0,64.0
-21.46,1625449482.0,64.0
-27.1,1625449482.0,64.0
-33.48,1625449482.0,64.0
-40.19,1625449482.0,64.0
-46.68,1625449482.0,64.0
-52.37,1625449482.0,64.0
-56.7,1625449482.0,64.0
-59.21,1625449482.0,64.0
-59.62,1625449482.0,64.0
-57.88,1625449482.0,64.0
-54.3,1625449482.0,64.0
-49.42,1625449482.0,64.0
-43.85,1625449482.0,64.0
-38.09,1625449482.0,64.0
-32.32,1625449482.0,64.0
-26.5,1625449482.0,64.0
-20.54,1625449482.0,64.0
-14.59,1625449482.0,64.0
-9.19,1625449482.0,64.0
-5.15,1625449482.0,64.0
-3.19,1625449482.0,64.0
-3.54,1625449482.0,64.0
-5.75,1625449482.0,64.0
-8.82,1625449482.0,64.0
-11.62,1625449482.0,64.0
-13.36,1625449482.0,64.0
-14.02,1625449482.0,64.0
-14.36,1625449482.0,64.0
-15.56,1625449482.0,64.0
-18.6,1625449482.0,64.0
-23.64,1625449482.0,64.0
-29.78,1625449482.0,64.0
-35.36,1625449482.0,64.0
-38.75,1625449482.0,64.0
-39.16,1625449482.0,64.0
-36.89,1625449482.0,64.0
-32.83,1625449482.0,64.0
-27.44,1625449482.0,64.0
-19.75,1625449482.0,64.0
-7.14,1625449482.0,64.0
13.88,1625449482.0,64.0
46.54,1625449482.0,64.0
92.72,1625449482.0,64.0
152.64,1625449482.0,64.0
224.85,1625449482.0,64.0
306.3,1625449482.0,64.0
391.99,1625449482.0,64.0
474.6,1625449482.0,64.0
545.07,1625449482.0,64.0
594.39,1625449482.0,64.0
616.35,1625449482.0,64.0
609.95,1625449482.0,64.0
579.91,1625449482.0,64.0
534.9,1625449482.0,64.0
484.16,1625449482.0,64.0
434.29,1625449482.0,64.0
387.7,1625449482.0,64.0
343.37,1625449482.0,64.0
299.08,1625449482.0,64.0
253.56,1625449482.0,64.0
207.51,1625449482.0,64.0
163.1,1625449482.0,64.0
122.52,1625449482.0,64.0
86.61,1625449482.0,64.0
54.21,1625449482.0,64.0
22.51,1625449482.0,64.0
-12.1,1625449482.0,64.0
-52.81,1625449482.0,64.0
-100.93,1625449482.0,64.0
-155.01,1625449482.0,64.0
-210.65,1625449482.0,64.0
-261.28,1625449482.0,64.0
-299.66,1625449482.0,64.0
-319.65,1625449482.0,64.0
-317.94,1625449482.0,64.0
-295.22,1625449482.0,64.0
-256.58,1625449482.0,64.0
-210.94,1625449482.0,64.0
-169.15,1625449482.0,64.0
-140.99,1625449482.0,64.0
-131.86,1625449482.0,64.0
-140.7,1625449482.0,64.0
-160.14,1625449482.0,64.0
-179.28,1625449482.0,64.0
-187.94,1625449482.0,64.0
-180.38,1625449482.0,64.0
-156.85,1625449482.0,64.0
-122.34,1625449482.0,64.0
-83.76,1625449482.0,64.0
-47.0,1625449482.0,64.0
-15.3,1625449482.0,64.0
10.53,1625449482.0,64.0
30.89,1625449482.0,64.0
46.15,1625449482.0,64.0
56.18,1625449482.0,64.0
60.39,1625449482.0,64.0
58.19,1625449482.0,64.0
49.44,1625449482.0,64.0
34.76,1625449482.0,64.0
15.41,1625449482.0,64.0
-7.0,1625449482.0,64.0
-30.96,1625449482.0,64.0
-55.68,1625449482.0,64.0
-81.21,1625449482.0,64.0
-108.21,1625449482.0,64.0
-137.26,1625449482.0,64.0
-168.5,1625449482.0,64.0
-201.52,1625449482.0,64.0
-235.74,1625449482.0,64.0
-270.84,1625449482.0,64.0
-306.71,1625449482.0,64.0
-343.0,1625449482.0,64.0
-378.25,1625449482.0,64.0
-409.51,1625449482.0,64.0
-432.63,1625449482.0,64.0
-443.29,1625449482.0,64.0
-438.37,1625449482.0,64.0
-417.06,1625449482.0,64.0
-381.28,1625449482.0,64.0
-335.2,1625449482.0,64.0
-284.22,1625449482.0,64.0
-233.64,1625449482.0,64.0
-187.61,1625449482.0,64.0
-148.47,1625449482.0,64.0
-116.58,1625449482.0,64.0
-90.77,1625449482.0,64.0
-69.07,1625449482.0,64.0
-49.63,1625449482.0,64.0
-31.39,1625449482.0,64.0
-14.38,1625449482.0,64.0
0.57,1625449482.0,64.0
12.34,1625449482.0,64.0
20.21,1625449482.0,64.0
24.42,1625449482.0,64.0
25.98,1625449482.0,64.0
26.25,1625449482.0,64.0
26.43,1625449482.0,64.0
27.13,1625449482.0,64.0
28.36,1625449482.0,64.0
29.8,1625449482.0,64.0
30.97,1625449482.0,64.0
31.47,1625449482.0,64.0
30.94,1625449482.0,64.0
29.11,1625449482.0,64.0
25.91,1625449482.0,64.0
21.68,1625449482.0,64.0
17.19,1625449482.0,64.0
13.59,1625449482.0,64.0
12.12,1625449482.0,64.0
13.67,1625449482.0,64.0
18.64,1625449482.0,64.0
26.71,1625449482.0,64.0
37.13,1625449482.0,64.0
48.87,1625449482.0,64.0
61.02,1625449482.0,64.0
72.88,1625449482.0,64.0
84.03,1625449482.0,64.0
94.17,1625449482.0,64.0
103.06,1625449482.0,64.0
110.46,1625449482.0,64.0
116.27,1625449482.0,64.0
120.6,1625449482.0,64.0
123.89,1625449482.0,64.0
126.79,1625449482.0,64.0
129.85,1625449482.0,64.0
133.28,1625449482.0,64.0
136.69,1625449482.0,64.0
139.22,1625449482.0,64.0
139.91,1625449482.0,64.0
138.03,1625449482.0,64.0
133.44,1625449482.0,64.0
126.53,1625449482.0,64.0
118.07,1625449482.0,64.0
108.82,1625449482.0,64.0
99.36,1625449482.0,64.0
90.03,1625449482.0,64.0
81.0,1625449482.0,64.0
72.45,1625449482.0,64.0
64.63,1625449482.0,64.0
57.8,1625449482.0,64.0
52.12,1625449482.0,64.0
47.52,1625449482.0,64.0
43.57,1625449482.0,64.0
39.66,1625449482.0,64.0
35.2,1625449482.0,64.0
29.83,1625449482.0,64.0
23.58,1625449482.0,64.0
16.79,1625449482.0,64.0
9.91,1625449482.0,64.0
3.28,1625449482.0,64.0
-2.94,1625449482.0,64.0
-8.68,1625449482.0,64.0
-13.76,1625449482.0,64.0
-17.76,1625449482.0,64.0
-20.08,1625449482.0,64.0
-20.12,1625449482.0,64.0
-17.62,1625449482.0,64.0
-12.72,1625449482.0,64.0
-5.97,1625449482.0,64.0
1.9,1625449482.0,64.0
10.27,1625449482.0,64.0
18.67,1625449482.0,64.0
26.77,1625449482.0,64.0
34.3,1625449482.0,64.0
40.93,1625449482.0,64.0
46.3,1625449482.0,64.0
50.14,1625449482.0,64.0
52.39,1625449482.0,64.0
53.33,1625449482.0,64.0
53.52,1625449482.0,64.0
53.59,1625449482.0,64.0
53.91,1625449482.0,64.0
54.42,1625449482.0,64.0
54.64,1625449482.0,64.0
53.96,1625449482.0,64.0
52.03,1625449482.0,64.0
48.94,1625449482.0,64.0
45.22,1625449482.0,64.0
41.51,1625449482.0,64.0
38.19,1625449482.0,64.0
35.16,1625449482.0,64.0
32.01,1625449482.0,64.0
28.28,1625449482.0,64.0
23.93,1625449482.0,64.0
19.41,1625449482.0,64.0
15.66,1625449482.0,64.0
13.66,1625449482.0,64.0
14.04,1625449482.0,64.0
16.66,1625449482.0,64.0
20.36,1625449482.0,64.0
23.11,1625449482.0,64.0
22.38,1625449482.0,64.0
15.87,1625449482.0,64.0
2.4,1625449482.0,64.0
-17.64,1625449482.0,64.0
-42.3,1625449482.0,64.0
-68.46,1625449482.0,64.0
-92.67,1625449482.0,64.0
-111.84,1625449482.0,64.0
-123.84,1625449482.0,64.0
-127.77,1625449482.0,64.0
-123.96,1625449482.0,64.0
-113.75,1625449482.0,64.0
-99.09,1625449482.0,64.0
-82.06,1625449482.0,64.0
-64.44,1625449482.0,64.0
-47.48,1625449482.0,64.0
-31.85,1625449482.0,64.0
-17.8,1625449482.0,64.0
-5.4,1625449482.0,64.0
5.32,1625449482.0,64.0
14.4,1625449482.0,64.0
21.94,1625449482.0,64.0
28.15,1625449482.0,64.0
33.32,1625449482.0,64.0
37.77,1625449482.0,64.0
41.74,1625449482.0,64.0
45.49,1625449482.0,64.0
49.24,1625449482.0,64.0
53.19,1625449482.0,64.0
57.31,1625449482.0,64.0
61.35,1625449482.0,64.0
64.87,1625449482.0,64.0
67.36,1625449482.0,64.0
68.33,1625449482.0,64.0
67.5,1625449482.0,64.0
64.75,1625449482.0,64.0
60.11,1625449482.0,64.0
53.74,1625449482.0,64.0
45.98,1625449482.0,64.0
37.36,1625449482.0,64.0
28.55,1625449482.0,64.0
20.26,1625449482.0,64.0
13.15,1625449482.0,64.0
7.73,1625449482.0,64.0
4.26,1625449482.0,64.0
2.76,1625449482.0,64.0
2.99,1625449482.0,64.0
4.39,1625449482.0,64.0
6.15,1625449482.0,64.0
7.38,1625449482.0,64.0
7.24,1625449482.0,64.0
5.18,1625449482.0,64.0
0.98,1625449482.0,64.0
-5.21,1625449482.0,64.0
-12.99,1625449482.0,64.0
-21.74,1625449482.0,64.0
-30.65,1625449482.0,64.0
-38.74,1625449482.0,64.0
-45.01,1625449482.0,64.0
-48.61,1625449482.0,64.0
-49.12,1625449482.0,64.0
-46.64,1625449482.0,64.0
-41.74,1625449482.0,64.0
-35.18,1625449482.0,64.0
-27.71,1625449482.0,64.0
-19.91,1625449482.0,64.0
-12.14,1625449482.0,64.0
-4.68,1625449482.0,64.0
2.2,1625449482.0,64.0
8.25,1625449482.0,64.0
13.26,1625449482.0,64.0
17.08,1625449482.0,64.0
19.63,1625449482.0,64.0
20.91,1625449482.0,64.0
20.97,1625449482.0,64.0
20.01,1625449482.0,64.0
18.32,1625449482.0,64.0
16.25,1625449482.0,64.0
14.04,1625449482.0,64.0
11.79,1625449482.0,64.0
9.45,1625449482.0,64.0
6.92,1625449482.0,64.0
4.17,1625449482.0,64.0
1.34,1625449482.0,64.0
-1.38,1625449482.0,64.0
-3.81,1625449482.0,64.0
-6.0,1625449482.0,64.0
-8.18,1625449482.0,64.0
-10.74,1625449482.0,64.0
-14.05,1625449482.0,64.0
-18.32,1625449482.0,64.0
-23.49,1625449482.0,64.0
-29.26,1625449482.0,64.0
-35.19,1625449482.0,64.0
-40.87,1625449482.0,64.0
-46.04,1625449482.0,64.0
-50.7,1625449482.0,64.0
-55.06,1625449482.0,64.0
-59.41,1625449482.0,64.0
-63.98,1625449482.0,64.0
-68.84,1625449482.0,64.0
-73.93,1625449482.0,64.0
-79.15,1625449482.0,64.0
-84.33,1625449482.0,64.0
-89.24,1625449482.0,64.0
-93.36,1625449482.0,64.0
-95.8,1625449482.0,64.0
-95.37,1625449482.0,64.0
-90.8,1625449482.0,64.0
-81.16,1625449482.0,64.0
-66.13,1625449482.0,64.0
-46.16,1625449482.0,64.0
-22.35,1625449482.0,64.0
3.74,1625449482.0,64.0
30.48,1625449482.0,64.0
56.27,1625449482.0,64.0
79.59,1625449482.0,64.0
99.02,1625449482.0,64.0
113.28,1625449482.0,64.0
121.45,1625449482.0,64.0
123.26,1625449482.0,64.0
119.27,1625449482.0,64.0
110.84,1625449482.0,64.0
99.77,1625449482.0,64.0
87.78,1625449482.0,64.0
76.14,1625449482.0,64.0
65.37,1625449482.0,64.0
55.51,1625449482.0,64.0
46.43,1625449482.0,64.0
38.11,1625449482.0,64.0
30.74,1625449482.0,64.0
24.5,1625449482.0,64.0
19.37,1625449482.0,64.0
15.04,1625449482.0,64.0
11.0,1625449482.0,64.0
6.89,1625449482.0,64.0
2.7,1625449482.0,64.0
-1.25,1625449482.0,64.0
-4.55,1625449482.0,64.0
-6.92,1625449482.0,64.0
-8.41,1625449482.0,64.0
-9.42,1625449482.0,64.0
-10.4,1625449482.0,64.0
-11.71,1625449482.0,64.0
-13.48,1625449482.0,64.0
-15.63,1625449482.0,64.0
-18.0,1625449482.0,64.0
-20.45,1625449482.0,64.0
-22.96,1625449482.0,64.0
-25.61,1625449482.0,64.0
-28.5,1625449482.0,64.0
-31.72,1625449482.0,64.0
-35.31,1625449482.0,64.0
-39.17,1625449482.0,64.0
-43.11,1625449482.0,64.0
-46.85,1625449482.0,64.0
-49.99,1625449482.0,64.0
-52.09,1625449482.0,64.0
-52.73,1625449482.0,64.0
-51.58,1625449482.0,64.0
-48.51,1625449482.0,64.0
-43.61,1625449482.0,64.0
-37.19,1625449482.0,64.0
-29.62,1625449482.0,64.0
-21.29,1625449482.0,64.0
-12.51,1625449482.0,64.0
-3.55,1625449482.0,64.0
5.24,1625449482.0,64.0
13.39,1625449482.0,64.0
20.32,1625449482.0,64.0
25.54,1625449482.0,64.0
28.81,1625449482.0,64.0
30.3,1625449482.0,64.0
30.52,1625449482.0,64.0
30.13,1625449482.0,64.0
29.71,1625449482.0,64.0
29.5,1625449482.0,64.0
29.44,1625449482.0,64.0
29.25,1625449482.0,64.0
28.68,1625449482.0,64.0
27.63,1625449482.0,64.0
26.23,1625449482.0,64.0
24.72,1625449482.0,64.0
23.34,1625449482.0,64.0
22.18,1625449482.0,64.0
21.18,1625449482.0,64.0
20.13,1625449482.0,64.0
18.8,1625449482.0,64.0
17.06,1625449482.0,64.0
14.89,1625449482.0,64.0
12.44,1625449482.0,64.0
9.9,1625449482.0,64.0
7.39,1625449482.0,64.0
4.94,1625449482.0,64.0
2.4,1625449482.0,64.0
-0.42,1625449482.0,64.0
-3.69,1625449482.0,64.0
-7.39,1625449482.0,64.0
-11.34,1625449482.0,64.0
-15.25,1625449482.0,64.0
-18.83,1625449482.0,64.0
-21.98,1625449482.0,64.0
-24.77,1625449482.0,64.0
-27.49,1625449482.0,64.0
-30.45,1625449482.0,64.0
-33.87,1625449482.0,64.0
-37.8,1625449482.0,64.0
-42.06,1625449482.0,64.0
-46.33,1625449482.0,64.0
-50.14,1625449482.0,64.0
-52.96,1625449482.0,64.0
-54.32,1625449482.0,64.0
-53.83,1625449482.0,64.0
-51.34,1625449482.0,64.0
-46.95,1625449482.0,64.0
-40.98,1625449482.0,64.0
-33.88,1625449482.0,64.0
-26.08,1625449482.0,64.0
-17.87,1625449482.0,64.0
-9.44,1625449482.0,64.0
-0.93,1625449482.0,64.0
7.4,1625449482.0,64.0
15.17,1625449482.0,64.0
21.87,1625449482.0,64.0
26.99,1625449482.0,64.0
30.3,1625449482.0,64.0
31.93,1625449482.0,64.0
32.34,1625449482.0,64.0
32.19,1625449482.0,64.0
32.11,1625449482.0,64.0
32.39,1625449482.0,64.0
33.01,1625449482.0,64.0
33.59,1625449482.0,64.0
33.71,1625449482.0,64.0
33.08,1625449482.0,64.0
31.67,1625449482.0,64.0
29.74,1625449482.0,64.0
27.62,1625449482.0,64.0
25.58,1625449482.0,64.0
23.64,1625449482.0,64.0
21.64,1625449482.0,64.0
19.37,1625449482.0,64.0
16.68,1625449482.0,64.0
13.63,1625449482.0,64.0
10.43,1625449482.0,64.0
7.4,1625449482.0,64.0
4.75,1625449482.0,64.0
2.51,1625449482.0,64.0
0.51,1625449482.0,64.0
-1.49,1625449482.0,64.0
-3.72,1625449482.0,64.0
-6.28,1625449482.0,64.0
-9.09,1625449482.0,64.0
-11.97,1625449482.0,64.0
-14.73,1625449482.0,64.0
-17.29,1625449482.0,64.0
-19.69,1625449482.0,64.0
-22.12,1625449482.0,64.0
-24.74,1625449482.0,64.0
-27.72,1625449482.0,64.0
-31.07,1625449482.0,64.0
-34.77,1625449482.0,64.0
-38.72,1625449482.0,64.0
-42.75,1625449482.0,64.0
-46.62,1625449482.0,64.0
-49.89,1625449482.0,64.0
-52.03,1625449482.0,64.0
-52.44,1625449482.0,64.0
-50.74,1625449482.0,64.0
-46.84,1625449482.0,64.0
-41.02,1625449482.0,64.0
-33.81,1625449482.0,64.0
-25.76,1625449482.0,64.0
-17.25,1625449482.0,64.0
-8.53,1625449482.0,64.0
0.24,1625449482.0,64.0
8.84,1625449482.0,64.0
16.9,1625449482.0,64.0
23.93,1625449482.0,64.0
29.47,1625449482.0,64.0
33.32,1625449482.0,64.0
35.59,1625449482.0,64.0
36.68,1625449482.0,64.0
37.13,1625449482.0,64.0
37.38,1625449482.0,64.0
37.67,1625449482.0,64.0
37.95,1625449482.0,64.0
38.05,1625449482.0,64.0
37.72,1625449482.0,64.0
36.84,1625449482.0,64.0
35.48,1625449482.0,64.0
33.81,1625449482.0,64.0
32.04,1625449482.0,64.0
30.23,1625449482.0,64.0
28.32,1625449482.0,64.0
26.1,1625449482.0,64.0
23.43,1625449482.0,64.0
20.27,1625449482.0,64.0
16.77,1625449482.0,64.0
13.25,1625449482.0,64.0
9.99,1625449482.0,64.0
7.2,1625449482.0,64.0
4.89,1625449482.0,64.0
2.89,1625449482.0,64.0
0.91,1625449482.0,64.0
-1.32,1625449482.0,64.0
-3.96,1625449482.0,64.0
-7.02,1625449482.0,64.0
-10.29,1625449482.0,64.0
-13.49,1625449482.0,64.0
-16.35,1625449482.0,64.0
-18.73,1625449482.0,64.0
-20.73,1625449482.0,64.0
-22.66,1625449482.0,64.0
-24.89,1625449482.0,64.0
-27.74,1625449482.0,64.0
-31.28,1625449482.0,64.0
-35.39,1625449482.0,64.0
-39.79,1625449482.0,64.0
-44.1,1625449482.0,64.0
-47.95,1625449482.0,64.0
-50.88,1625449482.0,64.0
-52.45,1625449482.0,64.0
-52.16,1625449482.0,64.0
-49.7,1625449482.0,64.0
-45.03,1625449482.0,64.0
-38.48,1625449482.0,64.0
-30.65,1625449482.0,64.0
-22.15,1625449482.0,64.0
-13.48,1625449482.0,64.0
-4.86,1625449482.0,64.0
3.63,1625449482.0,64.0
11.84,1625449482.0,64.0
19.41,1625449482.0,64.0
25.81,1625449482.0,64.0
30.51,1625449482.0,64.0
33.26,1625449482.0,64.0
34.31,1625449482.0,64.0
34.29,1625449482.0,64.0
33.98,1625449482.0,64.0
33.98,1625449482.0,64.0
34.49,1625449482.0,64.0
35.28,1625449482.0,64.0
35.93,1625449482.0,64.0
36.03,1625449482.0,64.0
35.44,1625449482.0,64.0
34.28,1625449482.0,64.0
32.77,1625449482.0,64.0
31.12,1625449482.0,64.0
29.35,1625449482.0,64.0
27.39,1625449482.0,64.0
25.08,1625449482.0,64.0
22.33,1625449482.0,64.0
19.24,1625449482.0,64.0
16.02,1625449482.0,64.0
12.95,1625449482.0,64.0
10.24,1625449482.0,64.0
7.93,1625449482.0,64.0
5.87,1625449482.0,64.0
3.79,1625449482.0,64.0
1.4,1625449482.0,64.0
-1.44,1625449482.0,64.0
-4.7,1625449482.0,64.0
-8.23,1625449482.0,64.0
-11.78,1625449482.0,64.0
-15.16,1625449482.0,64.0
-18.25,1625449482.0,64.0
-21.0,1625449482.0,64.0
-23.48,1625449482.0,64.0
-25.81,1625449482.0,64.0
-28.16,1625449482.0,64.0
-30.71,1625449482.0,64.0
-33.65,1625449482.0,64.0
-37.02,1625449482.0,64.0
-40.76,1625449482.0,64.0
-44.55,1625449482.0,64.0
-47.92,1625449482.0,64.0
-50.27,1625449482.0,64.0
-51.0,1625449482.0,64.0
-49.69,1625449482.0,64.0
-46.23,1625449482.0,64.0
-40.86,1625449482.0,64.0
-34.06,1625449482.0,64.0
-26.39,1625449482.0,64.0
-18.29,1625449482.0,64.0
-9.96,1625449482.0,64.0
-1.49,1625449482.0,64.0
7.02,1625449482.0,64.0
15.26,1625449482.0,64.0
22.7,1625449482.0,64.0
28.76,1625449482.0,64.0
33.05,1625449482.0,64.0
35.55,1625449482.0,64.0
36.65,1625449482.0,64.0
36.91,1625449482.0,64.0
36.97,1625449482.0,64.0
37.2,1625449482.0,64.0
37.68,1625449482.0,64.0
38.21,1625449482.0,64.0
38.47,1625449482.0,64.0
38.15,1625449482.0,64.0
37.13,1625449482.0,64.0
35.47,1625449482.0,64.0
33.38,1625449482.0,64.0
31.11,1625449482.0,64.0
28.78,1625449482.0,64.0
26.42,1625449482.0,64.0
23.93,1625449482.0,64.0
21.22,1625449482.0,64.0
18.27,1625449482.0,64.0
15.18,1625449482.0,64.0
12.12,1625449482.0,64.0
9.25,1625449482.0,64.0
6.64,1625449482.0,64.0
4.26,1625449482.0,64.0
2.0,1625449482.0,64.0
-0.3,1625449482.0,64.0
-2.77,1625449482.0,64.0
-5.49,1625449482.0,64.0
-8.46,1625449482.0,64.0
-11.61,1625449482.0,64.0
-14.8,1625449482.0,64.0
-17.9,1625449482.0,64.0
-20.85,1625449482.0,64.0
-23.65,1625449482.0,64.0
-26.4,1625449482.0,64.0
-29.22,1625449482.0,64.0
-32.24,1625449482.0,64.0
-35.56,1625449482.0,64.0
-39.17,1625449482.0,64.0
-42.94,1625449482.0,64.0
-46.6,1625449482.0,64.0
-49.71,1625449482.0,64.0
-51.76,1625449482.0,64.0
-52.24,1625449482.0,64.0
-50.78,1625449482.0,64.0
-47.25,1625449482.0,64.0
-41.8,1625449482.0,64.0
-34.8,1625449482.0,64.0
-26.78,1625449482.0,64.0
-18.23,1625449482.0,64.0
-9.57,1625449482.0,64.0
-1.07,1625449482.0,64.0
7.0,1625449482.0,64.0
14.4,1625449482.0,64.0
20.83,1625449482.0,64.0
26.0,1625449482.0,64.0
29.72,1625449482.0,64.0
32.03,1625449482.0,64.0
33.18,1625449482.0,64.0
33.6,1625449482.0,64.0
33.74,1625449482.0,64.0
33.86,1625449482.0,64.0
34.03,1625449482.0,64.0
34.06,1625449482.0,64.0
33.74,1625449482.0,64.0
32.94,1625449482.0,64.0
31.76,1625449482.0,64.0
30.38,1625449482.0,64.0
29.0,1625449482.0,64.0
27.63,1625449482.0,64.0
26.09,1625449482.0,64.0
24.11,1625449482.0,64.0
21.51,1625449482.0,64.0
18.35,1625449482.0,64.0
14.93,1625449482.0,64.0
11.67,1625449482.0,64.0
8.9,1625449482.0,64.0
6.7,1625449482.0,64.0
4.85,1625449482.0,64.0
3.01,1625449482.0,64.0
0.81,1625449482.0,64.0
-1.92,1625449482.0,64.0
-5.15,1625449482.0,64.0
-8.68,1625449482.0,64.0
-12.23,1625449482.0,64.0
-15.54,1625449482.0,64.0
-18.53,1625449482.0,64.0
-21.21,1625449482.0,64.0
-23.7,1625449482.0,64.0
-26.17,1625449482.0,64.0
-28.79,1625449482.0,64.0
-31.62,1625449482.0,64.0
-34.66,1625449482.0,64.0
-37.77,1625449482.0,64.0
-40.72,1625449482.0,64.0
-43.15,1625449482.0,64.0
-44.6,1625449482.0,64.0
-44.59,1625449482.0,64.0
-42.76,1625449482.0,64.0
-39.01,1625449482.0,64.0
-33.51,1625449482.0,64.0
-26.71,1625449482.0,64.0
-19.12,1625449482.0,64.0
-11.23,1625449482.0,64.0
-3.36,1625449482.0,64.0
4.23,1625449482.0,64.0
11.32,1625449482.0,64.0
17.58,1625449482.0,64.0
22.66,1625449482.0,64.0
26.29,1625449482.0,64.0
28.43,1625449482.0,64.0
29.31,1625449482.0,64.0
29.36,1625449482.0,64.0
29.07,1625449482.0,64.0
28.81,1625449482.0,64.0
28.73,1625449482.0,64.0
28.79,1625449482.0,64.0
28.83,1625449482.0,64.0
28.7,1625449482.0,64.0
28.32,1625449482.0,64.0
27.67,1625449482.0,64.0
26.76,1625449482.0,64.0
25.55,1625449482.0,64.0
23.95,1625449482.0,64.0
21.91,1625449482.0,64.0
19.42,1625449482.0,64.0
16.63,1625449482.0,64.0
13.71,1625449482.0,64.0
10.86,1625449482.0,64.0
8.16,1625449482.0,64.0
5.56,1625449482.0,64.0
2.9,1625449482.0,64.0
0.04,1625449482.0,64.0
-3.06,1625449482.0,64.0
-6.32,1625449482.0,64.0
-9.54,1625449482.0,64.0
-12.56,1625449482.0,64.0
-15.38,1625449482.0,64.0
-18.13,1625449482.0,64.0
-21.06,1625449482.0,64.0
-24.44,1625449482.0,64.0
-28.4,1625449482.0,64.0
-32.9,1625449482.0,64.0
-37.65,1625449482.0,64.0
-42.14,1625449482.0,64.0
-45.73,1625449482.0,64.0
-47.78,1625449482.0,64.0
-47.76,1625449482.0,64.0
-45.46,1625449482.0,64.0
-40.96,1625449482.0,64.0
-34.62,1625449482.0,64.0
-27.0,1625449482.0,64.0
-18.67,1625449482.0,64.0
-10.08,1625449482.0,64.0
-1.56,1625449482.0,64.0
6.66,1625449482.0,64.0
14.35,1625449482.0,64.0
21.19,1625449482.0,64.0
26.83,1625449482.0,64.0
30.95,1625449482.0,64.0
33.42,1625449482.0,64.0
34.42,1625449482.0,64.0
34.34,1625449482.0,64.0
33.73,1625449482.0,64.0
33.04,1625449482.0,64.0
32.54,1625449482.0,64.0
32.23,1625449482.0,64.0
31.95,1625449482.0,64.0
31.48,1625449482.0,64.0
30.65,1625449482.0,64.0
29.4,1625449482.0,64.0
27.68,1625449482.0,64.0
25.49,1625449482.0,64.0
22.78,1625449482.0,64.0
19.59,1625449482.0,64.0
16.06,1625449482.0,64.0
12.47,1625449482.0,64.0
9.1,1625449482.0,64.0
6.19,1625449482.0,64.0
3.77,1625449482.0,64.0
1.7,1625449482.0,64.0
-0.31,1625449482.0,64.0
-2.55,1625449482.0,64.0
-5.18,1625449482.0,64.0
-8.26,1625449482.0,64.0
-11.7,1625449482.0,64.0
-15.4,1625449482.0,64.0
-19.31,1625449482.0,64.0
-23.42,1625449482.0,64.0
-27.79,1625449482.0,64.0
-32.44,1625449482.0,64.0
-37.32,1625449482.0,64.0
-42.28,1625449482.0,64.0
-47.02,1625449482.0,64.0
-51.09,1625449482.0,64.0
-53.96,1625449482.0,64.0
-55.07,1625449482.0,64.0
-53.99,1625449482.0,64.0
-50.52,1625449482.0,64.0
-44.81,1625449482.0,64.0
-37.3,1625449482.0,64.0
-28.64,1625449482.0,64.0
-19.46,1625449482.0,64.0
-10.26,1625449482.0,64.0
-1.27,1625449482.0,64.0
7.41,1625449482.0,64.0
15.7,1625449482.0,64.0
23.37,1625449482.0,64.0
30.06,1625449482.0,64.0
35.36,1625449482.0,64.0
39.03,1625449482.0,64.0
41.09,1625449482.0,64.0
41.89,1625449482.0,64.0
41.9,1625449482.0,64.0
41.54,1625449482.0,64.0
41.0,1625449482.0,64.0
40.22,1625449482.0,64.0
39.03,1625449482.0,64.0
37.31,1625449482.0,64.0
35.08,1625449482.0,64.0
32.5,1625449482.0,64.0
29.75,1625449482.0,64.0
26.96,1625449482.0,64.0
24.11,1625449482.0,64.0
21.15,1625449482.0,64.0
18.01,1625449482.0,64.0
14.7,1625449482.0,64.0
11.25,1625449482.0,64.0
7.75,1625449482.0,64.0
4.25,1625449482.0,64.0
0.78,1625449482.0,64.0
-2.65,1625449482.0,64.0
-6.04,1625449482.0,64.0
-9.42,1625449482.0,64.0
-12.81,1625449482.0,64.0
-16.2,1625449482.0,64.0
-19.57,1625449482.0,64.0
-22.83,1625449482.0,64.0
-25.87,1625449482.0,64.0
-28.68,1625449482.0,64.0
-31.35,1625449482.0,64.0
-34.1,1625449482.0,64.0
-37.17,1625449482.0,64.0
-40.68,1625449482.0,64.0
-44.46,1625449482.0,64.0
-47.97,1625449482.0,64.0
-50.4,1625449482.0,64.0
-50.94,1625449482.0,64.0
-49.03,1625449482.0,64.0
-44.55,1625449482.0,64.0
-37.89,1625449482.0,64.0
-29.74,1625449482.0,64.0
-20.84,1625449482.0,64.0
-11.71,1625449482.0,64.0
-2.59,1625449482.0,64.0
6.43,1625449482.0,64.0
15.27,1625449482.0,64.0
23.6,1625449482.0,64.0
30.92,1625449482.0,64.0
36.65,1625449482.0,64.0
40.41,1625449482.0,64.0
42.21,1625449482.0,64.0
42.48,1625449482.0,64.0
41.87,1625449482.0,64.0
40.99,1625449482.0,64.0
40.21,1625449482.0,64.0
39.57,1625449482.0,64.0
38.9,1625449482.0,64.0
37.95,1625449482.0,64.0
36.6,1625449482.0,64.0
34.89,1625449482.0,64.0
32.92,1625449482.0,64.0
30.78,1625449482.0,64.0
28.44,1625449482.0,64.0
25.75,1625449482.0,64.0
22.6,1625449482.0,64.0
19.0,1625449482.0,64.0
15.12,1625449482.0,64.0
11.28,1625449482.0,64.0
7.74,1625449482.0,64.0
4.6,1625449482.0,64.0
1.78,1625449482.0,64.0
-0.96,1625449482.0,64.0
-3.83,1625449482.0,64.0
-6.96,1625449482.0,64.0
-10.29,1625449482.0,64.0
-13.67,1625449482.0,64.0
-16.94,1625449482.0,64.0
-20.0,1625449482.0,64.0
-22.84,1625449482.0,64.0
-25.51,1625449482.0,64.0
-28.06,1625449482.0,64.0
-30.52,1625449482.0,64.0
-32.95,1625449482.0,64.0
-35.43,1625449482.0,64.0
-38.0,1625449482.0,64.0
-40.63,1625449482.0,64.0
-43.08,1625449482.0,64.0
-44.94,1625449482.0,64.0
-45.64,1625449482.0,64.0
-44.69,1625449482.0,64.0
-41.75,1625449482.0,64.0
-36.87,1625449482.0,64.0
-30.36,1625449482.0,64.0
-22.71,1625449482.0,64.0
-14.43,1625449482.0,64.0
-5.87,1625449482.0,64.0
2.74,1625449482.0,64.0
11.2,1625449482.0,64.0
19.24,1625449482.0,64.0
26.41,1625449482.0,64.0
32.22,1625449482.0,64.0
36.31,1625449482.0,64.0
38.66,1625449482.0,64.0
39.59,1625449482.0,64.0
39.68,1625449482.0,64.0
39.47,1625449482.0,64.0
39.28,1625449482.0,64.0
39.12,1625449482.0,64.0
38.79,1625449482.0,64.0
38.07,1625449482.0,64.0
36.88,1625449482.0,64.0
35.32,1625449482.0,64.0
33.54,1625449482.0,64.0
31.61,1625449482.0,64.0
29.45,1625449482.0,64.0
26.95,1625449482.0,64.0
24.03,1625449482.0,64.0
20.75,1625449482.0,64.0
17.29,1625449482.0,64.0
13.89,1625449482.0,64.0
10.72,1625449482.0,64.0
7.85,1625449482.0,64.0
5.26,1625449482.0,64.0
2.83,1625449482.0,64.0
0.4,1625449482.0,64.0
-2.19,1625449482.0,64.0
-5.06,1625449482.0,64.0
-8.21,1625449482.0,64.0
-11.54,1625449482.0,64.0
-14.85,1625449482.0,64.0
-17.93,1625449482.0,64.0
-20.64,1625449482.0,64.0
-22.99,1625449482.0,64.0
-25.16,1625449482.0,64.0
-27.44,1625449482.0,64.0
-30.11,1625449482.0,64.0
-33.39,1625449482.0,64.0
-37.28,1625449482.0,64.0
-41.57,1625449482.0,64.0
-45.81,1625449482.0,64.0
-49.3,1625449482.0,64.0
-51.28,1625449482.0,64.0
-51.15,1625449482.0,64.0
-48.57,1625449482.0,64.0
-43.63,1625449482.0,64.0
-36.76,1625449482.0,64.0
-28.58,1625449482.0,64.0
-19.72,1625449482.0,64.0
-10.67,1625449482.0,64.0
-1.72,1625449482.0,64.0
6.92,1625449482.0,64.0
15.06,1625449482.0,64.0
22.42,1625449482.0,64.0
28.66,1625449482.0,64.0
33.49,1625449482.0,64.0
36.75,1625449482.0,64.0
38.58,1625449482.0,64.0
39.33,1625449482.0,64.0
39.43,1625449482.0,64.0
39.27,1625449482.0,64.0
38.99,1625449482.0,64.0
38.52,1625449482.0,64.0
37.73,1625449482.0,64.0
36.5,1625449482.0,64.0
34.89,1625449482.0,64.0
33.09,1625449482.0,64.0
31.29,1625449482.0,64.0
29.55,1625449482.0,64.0
27.73,1625449482.0,64.0
25.6,1625449482.0,64.0
22.92,1625449482.0,64.0
19.65,1625449482.0,64.0
15.96,1625449482.0,64.0
12.18,1625449482.0,64.0
8.66,1625449482.0,64.0
5.56,1625449482.0,64.0
2.86,1625449482.0,64.0
0.3,1625449482.0,64.0
-2.37,1625449482.0,64.0
-5.32,1625449482.0,64.0
-8.54,1625449482.0,64.0
-11.84,1625449482.0,64.0
-14.95,1625449482.0,64.0
-17.71,1625449482.0,64.0
-20.07,1625449482.0,64.0
-22.19,1625449482.0,64.0
-24.33,1625449482.0,64.0
-26.74,1625449482.0,64.0
-29.54,1625449482.0,64.0
-32.73,1625449482.0,64.0
-36.21,1625449482.0,64.0
-39.79,1625449482.0,64.0
-43.21,1625449482.0,64.0
-46.1,1625449482.0,64.0
-48.01,1625449482.0,64.0
-48.43,1625449482.0,64.0
-46.97,1625449482.0,64.0
-43.41,1625449482.0,64.0
-37.91,1625449482.0,64.0
-30.88,1625449482.0,64.0
-22.9,1625449482.0,64.0
-14.51,1625449482.0,64.0
-6.09,1625449482.0,64.0
2.11,1625449482.0,64.0
9.91,1625449482.0,64.0
17.05,1625449482.0,64.0
23.23,1625449482.0,64.0
28.11,1625449482.0,64.0
31.49,1625449482.0,64.0
33.43,1625449482.0,64.0
34.24,1625449482.0,64.0
34.45,1625449482.0,64.0
34.52,1625449482.0,64.0
34.74,1625449482.0,64.0
35.13,1625449482.0,64.0
35.48,1625449482.0,64.0
35.46,1625449482.0,64.0
34.88,1625449482.0,64.0
33.76,1625449482.0,64.0
32.34,1625449482.0,64.0
30.89,1625449482.0,64.0
29.5,1625449482.0,64.0
28.04,1625449482.0,64.0
26.14,1625449482.0,64.0
23.45,1625449482.0,64.0
19.86,1625449482.0,64.0
15.58,1625449482.0,64.0
11.1,1625449482.0,64.0
6.9,1625449482.0,64.0
3.28,1625449482.0,64.0
0.19,1625449482.0,64.0
-2.63,1625449482.0,64.0
-5.51,1625449482.0,64.0
-8.6,1625449482.0,64.0
-11.82,1625449482.0,64.0
-14.96,1625449482.0,64.0
-17.8,1625449482.0,64.0
-20.28,1625449482.0,64.0
-22.53,1625449482.0,64.0
-24.77,1625449482.0,64.0
-27.24,1625449482.0,64.0
-30.08,1625449482.0,64.0
-33.3,1625449482.0,64.0
-36.85,1625449482.0,64.0
-40.63,1625449482.0,64.0
-44.46,1625449482.0,64.0
-48.05,1625449482.0,64.0
-50.9,1625449482.0,64.0
-52.38,1625449482.0,64.0
-51.91,1625449482.0,64.0
-49.1,1625449482.0,64.0
-43.97,1625449482.0,64.0
-36.94,1625449482.0,64.0
-28.66,1625449482.0,64.0
-19.79,1625449482.0,64.0
-10.81,1625449482.0,64.0
-2.03,1625449482.0,64.0
6.33,1625449482.0,64.0
14.02,1625449482.0,64.0
20.67,1625449482.0,64.0
25.88,1625449482.0,64.0
29.44,1625449482.0,64.0
31.42,1625449482.0,64.0
32.19,1625449482.0,64.0
32.28,1625449482.0,64.0
32.18,1625449482.0,64.0
32.2,1625449482.0,64.0
32.37,1625449482.0,64.0
32.55,1625449482.0,64.0
32.53,1625449482.0,64.0
32.14,1625449482.0,64.0
31.31,1625449482.0,64.0
30.02,1625449482.0,64.0
28.35,1625449482.0,64.0
26.34,1625449482.0,64.0
24.07,1625449482.0,64.0
21.59,1625449482.0,64.0
18.96,1625449482.0,64.0
16.27,1625449482.0,64.0
13.6,1625449482.0,64.0
11.0,1625449482.0,64.0
8.47,1625449482.0,64.0
5.95,1625449482.0,64.0
3.32,1625449482.0,64.0
0.42,1625449482.0,64.0
-2.82,1625449482.0,64.0
-6.34,1625449482.0,64.0
-9.96,1625449482.0,64.0
-13.42,1625449482.0,64.0
-16.52,1625449482.0,64.0
-19.21,1625449482.0,64.0
-21.66,1625449482.0,64.0
-24.12,1625449482.0,64.0
-26.89,1625449482.0,64.0
-30.11,1625449482.0,64.0
-33.78,1625449482.0,64.0
-37.72,1625449482.0,64.0
-41.62,1625449482.0,64.0
-45.03,1625449482.0,64.0
-47.42,1625449482.0,64.0
-48.27,1625449482.0,64.0
-47.16,1625449482.0,64.0
-43.93,1625449482.0,64.0
-38.8,1625449482.0,64.0
-32.26,1625449482.0,64.0
-24.89,1625449482.0,64.0
-17.14,1625449482.0,64.0
-9.26,1625449482.0,64.0
-1.37,1625449482.0,64.0
6.39,1625449482.0,64.0
13.7,1625449482.0,64.0
20.1,1625449482.0,64.0
25.13,1625449482.0,64.0
28.59,1625449482.0,64.0
30.64,1625449482.0,64.0
31.72,1625449482.0,64.0
32.37,1625449482.0,64.0
32.92,1625449482.0,64.0
33.46,1625449482.0,64.0
33.86,1625449482.0,64.0
33.93,1625449482.0,64.0
33.57,1625449482.0,64.0
32.76,1625449482.0,64.0
31.57,1625449482.0,64.0
30.03,1625449482.0,64.0
28.13,1625449482.0,64.0
25.85,1625449482.0,64.0
23.24,1625449482.0,64.0
20.38,1625449482.0,64.0
17.45,1625449482.0,64.0
14.55,1625449482.0,64.0
11.71,1625449482.0,64.0
8.88,1625449482.0,64.0
5.98,1625449482.0,64.0
2.96,1625449482.0,64.0
-0.16,1625449482.0,64.0
-3.35,1625449482.0,64.0
-6.57,1625449482.0,64.0
-9.83,1625449482.0,64.0
-13.16,1625449482.0,64.0
-16.59,1625449482.0,64.0
-20.12,1625449482.0,64.0
-23.76,1625449482.0,64.0
-27.53,1625449482.0,64.0
-31.45,1625449482.0,64.0
-35.49,1625449482.0,64.0
-39.5,1625449482.0,64.0
-43.17,1625449482.0,64.0
-46.01,1625449482.0,64.0
-47.48,1625449482.0,64.0
-47.06,1625449482.0,64.0
-44.43,1625449482.0,64.0
-39.55,1625449482.0,64.0
-32.71,1625449482.0,64.0
-24.43,1625449482.0,64.0
-15.39,1625449482.0,64.0
-6.21,1625449482.0,64.0
2.66,1625449482.0,64.0
10.93,1625449482.0,64.0
18.41,1625449482.0,64.0
24.92,1625449482.0,64.0
30.22,1625449482.0,64.0
34.06,1625449482.0,64.0
36.31,1625449482.0,64.0
37.12,1625449482.0,64.0
36.88,1625449482.0,64.0
36.18,1625449482.0,64.0
35.49,1625449482.0,64.0
35.03,1625449482.0,64.0
34.65,1625449482.0,64.0
34.05,1625449482.0,64.0
32.91,1625449482.0,64.0
31.09,1625449482.0,64.0
28.7,1625449482.0,64.0
25.96,1625449482.0,64.0
23.05,1625449482.0,64.0
20.11,1625449482.0,64.0
17.12,1625449482.0,64.0
14.03,1625449482.0,64.0
10.84,1625449482.0,64.0
7.59,1625449482.0,64.0
4.35,1625449482.0,64.0
1.13,1625449482.0,64.0
-2.09,1625449482.0,64.0
-5.38,1625449482.0,64.0
-8.76,1625449482.0,64.0
-12.18,1625449482.0,64.0
-15.55,1625449482.0,64.0
-18.79,1625449482.0,64.0
-21.88,1625449482.0,64.0
-24.88,1625449482.0,64.0
-27.93,1625449482.0,64.0
-31.16,1625449482.0,64.0
-34.67,1625449482.0,64.0
-38.45,1625449482.0,64.0
-42.44,1625449482.0,64.0
-46.45,1625449482.0,64.0
-50.2,1625449482.0,64.0
-53.27,1625449482.0,64.0
-55.16,1625449482.0,64.0
-55.29,1625449482.0,64.0
-53.25,1625449482.0,64.0
-48.85,1625449482.0,64.0
-42.3,1625449482.0,64.0
-34.1,1625449482.0,64.0
-24.9,1625449482.0,64.0
-15.27,1625449482.0,64.0
-5.57,1625449482.0,64.0
4.02,1625449482.0,64.0
13.4,1625449482.0,64.0
22.34,1625449482.0,64.0
30.45,1625449482.0,64.0
37.2,1625449482.0,64.0
42.19,1625449482.0,64.0
45.31,1625449482.0,64.0
46.87,1625449482.0,64.0
47.41,1625449482.0,64.0
47.57,1625449482.0,64.0
47.74,1625449482.0,64.0
48.01,1625449482.0,64.0
48.14,1625449482.0,64.0
47.87,1625449482.0,64.0
47.08,1625449482.0,64.0
45.86,1625449482.0,64.0
44.4,1625449482.0,64.0
42.84,1625449482.0,64.0
41.13,1625449482.0,64.0
39.08,1625449482.0,64.0
36.54,1625449482.0,64.0
33.57,1625449482.0,64.0
30.52,1625449482.0,64.0
27.84,1625449482.0,64.0
25.85,1625449482.0,64.0
24.51,1625449482.0,64.0
23.42,1625449482.0,64.0
22.04,1625449482.0,64.0
20.06,1625449482.0,64.0
17.61,1625449482.0,64.0
15.27,1625449482.0,64.0
13.78,1625449482.0,64.0
13.62,1625449482.0,64.0
14.72,1625449482.0,64.0
16.49,1625449482.0,64.0
18.02,1625449482.0,64.0
18.52,1625449482.0,64.0
17.69,1625449482.0,64.0
15.81,1625449482.0,64.0
13.61,1625449482.0,64.0
11.98,1625449482.0,64.0
11.72,1625449482.0,64.0
13.32,1625449482.0,64.0
16.84,1625449482.0,64.0
21.91,1625449482.0,64.0
27.79,1625449482.0,64.0
33.54,1625449482.0,64.0
38.39,1625449482.0,64.0
42.2,1625449482.0,64.0
45.75,1625449482.0,64.0
50.65,1625449482.0,64.0
58.75,1625449482.0,64.0
71.21,1625449482.0,64.0
87.57,1625449482.0,64.0
105.25,1625449482.0,64.0
120.05,1625449482.0,64.0
127.32,1625449482.0,64.0
123.67,1625449482.0,64.0
108.15,1625449482.0,64.0
82.58,1625449482.0,64.0
50.71,1625449482.0,64.0
16.7,1625449482.0,64.0
-16.32,1625449482.0,64.0
-47.21,1625449482.0,64.0
-76.87,1625449482.0,64.0
-107.67,1625449482.0,64.0
-142.3,1625449482.0,64.0
-182.45,1625449482.0,64.0
-227.48,1625449482.0,64.0
-273.74,1625449482.0,64.0
-314.88,1625449482.0,64.0
-343.4,1625449482.0,64.0
-353.02,1625449482.0,64.0
-341.06,1625449482.0,64.0
-309.64,1625449482.0,64.0
-264.87,1625449482.0,64.0
-214.77,1625449482.0,64.0
-166.29,1625449482.0,64.0
-123.42,1625449482.0,64.0
-86.76,1625449482.0,64.0
-54.37,1625449482.0,64.0
-23.07,1625449482.0,64.0
10.71,1625449482.0,64.0
50.14,1625449482.0,64.0
97.12,1625449482.0,64.0
150.92,1625449482.0,64.0
207.06,1625449482.0,64.0
257.23,1625449482.0,64.0
291.08,1625449482.0,64.0
299.56,1625449482.0,64.0
278.34,1625449482.0,64.0
229.93,1625449482.0,64.0
163.05,1625449482.0,64.0
89.74,1625449482.0,64.0
21.4,1625449482.0,64.0
-34.3,1625449482.0,64.0
-74.53,1625449482.0,64.0
-100.41,1625449482.0,64.0
-115.13,1625449482.0,64.0
-122.18,1625449482.0,64.0
-124.28,1625449482.0,64.0
-123.35,1625449482.0,64.0
-120.62,1625449482.0,64.0
-116.76,1625449482.0,64.0
-111.91,1625449482.0,64.0
-105.61,1625449482.0,64.0
-97.02,1625449482.0,64.0
-85.26,1625449482.0,64.0
-70.11,1625449482.0,64.0
-52.44,1625449482.0,64.0
-34.16,1625449482.0,64.0
-17.71,1625449482.0,64.0
-5.16,1625449482.0,64.0
2.5,1625449482.0,64.0
5.64,1625449482.0,64.0
5.8,1625449482.0,64.0
5.05,1625449482.0,64.0
5.15,1625449482.0,64.0
7.03,1625449482.0,64.0
10.63,1625449482.0,64.0
15.06,1625449482.0,64.0
19.13,1625449482.0,64.0
21.8,1625449482.0,64.0
22.56,1625449482.0,64.0
21.54,1625449482.0,64.0
19.37,1625449482.0,64.0
16.85,1625449482.0,64.0
14.71,1625449482.0,64.0
13.34,1625449482.0,64.0
12.77,1625449482.0,64.0
12.74,1625449482.0,64.0
12.87,1625449482.0,64.0
12.8,1625449482.0,64.0
12.34,1625449482.0,64.0
11.45,1625449482.0,64.0
10.19,1625449482.0,64.0
8.7,1625449482.0,64.0
7.06,1625449482.0,64.0
5.34,1625449482.0,64.0
3.59,1625449482.0,64.0
1.85,1625449482.0,64.0
0.14,1625449482.0,64.0
-1.57,1625449482.0,64.0
-3.45,1625449482.0,64.0
-5.74,1625449482.0,64.0
-8.71,1625449482.0,64.0
-12.56,1625449482.0,64.0
-17.29,1625449482.0,64.0
-22.63,1625449482.0,64.0
-28.1,1625449482.0,64.0
-33.01,1625449482.0,64.0
-36.68,1625449482.0,64.0
-38.51,1625449482.0,64.0
-38.12,1625449482.0,64.0
-35.42,1625449482.0,64.0
-30.62,1625449482.0,64.0
-24.15,1625449482.0,64.0
-16.51,1625449482.0,64.0
-8.15,1625449482.0,64.0
0.56,1625449482.0,64.0
9.37,1625449482.0,64.0
18.02,1625449482.0,64.0
26.19,1625449482.0,64.0
33.47,1625449482.0,64.0
39.47,1625449482.0,64.0
43.95,1625449482.0,64.0
46.91,1625449482.0,64.0
48.59,1625449482.0,64.0
49.39,1625449482.0,64.0
49.69,1625449482.0,64.0
49.8,1625449482.0,64.0
49.83,1625449482.0,64.0
49.76,1625449482.0,64.0
49.49,1625449482.0,64.0
48.93,1625449482.0,64.0
48.03,1625449482.0,64.0
46.79,1625449482.0,64.0
45.22,1625449482.0,64.0
43.39,1625449482.0,64.0
41.26,1625449482.0,64.0
38.78,1625449482.0,64.0
35.87,1625449482.0,64.0
32.45,1625449482.0,64.0
28.59,1625449482.0,64.0
24.5,1625449482.0,64.0
20.49,1625449482.0,64.0
16.87,1625449482.0,64.0
13.81,1625449482.0,64.0
11.25,1625449482.0,64.0
8.97,1625449482.0,64.0
6.67,1625449482.0,64.0
4.12,1625449482.0,64.0
1.22,1625449482.0,64.0
-1.96,1625449482.0,64.0
-5.25,1625449482.0,64.0
-8.47,1625449482.0,64.0
-11.54,1625449482.0,64.0
-14.46,1625449482.0,64.0
-17.38,1625449482.0,64.0
-20.51,1625449482.0,64.0
-24.03,1625449482.0,64.0
-28.06,1625449482.0,64.0
-32.6,1625449482.0,64.0
-37.38,1625449482.0,64.0
-41.96,1625449482.0,64.0
-45.67,1625449482.0,64.0
-47.84,1625449482.0,64.0
-47.93,1625449482.0,64.0
-45.72,1625449482.0,64.0
-41.29,1625449482.0,64.0
-35.05,1625449482.0,64.0
-27.53,1625449482.0,64.0
-19.26,1625449482.0,64.0
-10.64,1625449482.0,64.0
-1.92,1625449482.0,64.0
6.72,1625449482.0,64.0
15.08,1625449482.0,64.0
22.9,1625449482.0,64.0
29.83,1625449482.0,64.0
35.59,1625449482.0,64.0
40.03,1625449482.0,64.0
43.18,1625449482.0,64.0
45.27,1625449482.0,64.0
46.55,1625449482.0,64.0
47.27,1625449482.0,64.0
47.59,1625449482.0,64.0
47.53,1625449482.0,64.0
47.1,1625449482.0,64.0
46.29,1625449482.0,64.0
45.13,1625449482.0,64.0
43.68,1625449482.0,64.0
41.98,1625449482.0,64.0
40.03,1625449482.0,64.0
37.77,1625449482.0,64.0
35.16,1625449482.0,64.0
32.17,1625449482.0,64.0
28.87,1625449482.0,64.0
25.35,1625449482.0,64.0
21.74,1625449482.0,64.0
18.19,1625449482.0,64.0
14.8,1625449482.0,64.0
11.68,1625449482.0,64.0
8.84,1625449482.0,64.0
6.23,1625449482.0,64.0
3.72,1625449482.0,64.0
1.09,1625449482.0,64.0
-1.88,1625449482.0,64.0
-5.34,1625449482.0,64.0
-9.3,1625449482.0,64.0
-13.6,1625449482.0,64.0
-17.95,1625449482.0,64.0
-22.07,1625449482.0,64.0
-25.78,1625449482.0,64.0
-29.12,1625449482.0,64.0
-32.32,1625449482.0,64.0
-35.79,1625449482.0,64.0
-39.89,1625449482.0,64.0
-44.76,1625449482.0,64.0
-50.17,1625449482.0,64.0
-55.5,1625449482.0,64.0
-59.85,1625449482.0,64.0
-62.32,1625449482.0,64.0
-62.25,1625449482.0,64.0
-59.45,1625449482.0,64.0
-54.18,1625449482.0,64.0
-47.06,1625449482.0,64.0
-38.73,1625449482.0,64.0
-29.72,1625449482.0,64.0
-20.26,1625449482.0,64.0
-10.44,1625449482.0,64.0
-0.33,1625449482.0,64.0
9.82,1625449482.0,64.0
19.52,1625449482.0,64.0
28.13,1625449482.0,64.0
35.08,1625449482.0,64.0
40.05,1625449482.0,64.0
43.11,1625449482.0,64.0
44.62,1625449482.0,64.0
45.09,1625449482.0,64.0
45.02,1625449482.0,64.0
44.75,1625449482.0,64.0
44.4,1625449482.0,64.0
43.97,1625449482.0,64.0
43.42,1625449482.0,64.0
42.64,1625449482.0,64.0
41.6,1625449482.0,64.0
40.27,1625449482.0,64.0
38.66,1625449482.0,64.0
36.8,1625449482.0,64.0
34.68,1625449482.0,64.0
32.27,1625449482.0,64.0
29.55,1625449482.0,64.0
26.45,1625449482.0,64.0
23.04,1625449482.0,64.0
19.39,1625449482.0,64.0
15.7,1625449482.0,64.0
12.16,1625449482.0,64.0
8.86,1625449482.0,64.0
5.79,1625449482.0,64.0
2.84,1625449482.0,64.0
-0.17,1625449482.0,64.0
-3.39,1625449482.0,64.0
-6.86,1625449482.0,64.0
-10.49,1625449482.0,64.0
-14.13,1625449482.0,64.0
-17.63,1625449482.0,64.0
-20.93,1625449482.0,64.0
-24.08,1625449482.0,64.0
-27.26,1625449482.0,64.0
-30.7,1625449482.0,64.0
-34.62,1625449482.0,64.0
-39.14,1625449482.0,64.0
-44.2,1625449482.0,64.0
-49.54,1625449482.0,64.0
-54.7,1625449482.0,64.0
-59.06,1625449482.0,64.0
-61.99,1625449482.0,64.0
-62.95,1625449482.0,64.0
-61.68,1625449482.0,64.0
-58.22,1625449482.0,64.0
-52.84,1625449482.0,64.0
-45.93,1625449482.0,64.0
-37.82,1625449482.0,64.0
-28.77,1625449482.0,64.0
-18.96,1625449482.0,64.0
-8.64,1625449482.0,64.0
1.76,1625449482.0,64.0
11.63,1625449482.0,64.0
20.34,1625449482.0,64.0
27.38,1625449482.0,64.0
32.53,1625449482.0,64.0
35.93,1625449482.0,64.0
38.02,1625449482.0,64.0
39.34,1625449482.0,64.0
40.36,1625449482.0,64.0
41.32,1625449482.0,64.0
42.21,1625449482.0,64.0
42.84,1625449482.0,64.0
42.98,1625449482.0,64.0
42.47,1625449482.0,64.0
41.33,1625449482.0,64.0
39.74,1625449482.0,64.0
37.94,1625449482.0,64.0
36.1,1625449482.0,64.0
34.32,1625449482.0,64.0
32.46,1625449482.0,64.0
30.35,1625449482.0,64.0
27.82,1625449482.0,64.0
24.79,1625449482.0,64.0
21.39,1625449482.0,64.0
17.85,1625449482.0,64.0
14.4,1625449482.0,64.0
11.15,1625449482.0,64.0
8.06,1625449482.0,64.0
4.99,1625449482.0,64.0
1.82,1625449482.0,64.0
-1.46,1625449482.0,64.0
-4.78,1625449482.0,64.0
-8.01,1625449482.0,64.0
-11.05,1625449482.0,64.0
-13.92,1625449482.0,64.0
-16.69,1625449482.0,64.0
-19.45,1625449482.0,64.0
-22.26,1625449482.0,64.0
-25.08,1625449482.0,64.0
-27.92,1625449482.0,64.0
-30.88,1625449482.0,64.0
-34.16,1625449482.0,64.0
-38.02,1625449482.0,64.0
-42.62,1625449482.0,64.0
-47.83,1625449482.0,64.0
-53.16,1625449482.0,64.0
-57.86,1625449482.0,64.0
-61.03,1625449482.0,64.0
-61.96,1625449482.0,64.0
-60.3,1625449482.0,64.0
-56.14,1625449482.0,64.0
-49.89,1625449482.0,64.0
-42.09,1625449482.0,64.0
-33.15,1625449482.0,64.0
-23.25,1625449482.0,64.0
-12.5,1625449482.0,64.0
-1.09,1625449482.0,64.0
10.45,1625449482.0,64.0
21.32,1625449482.0,64.0
30.61,1625449482.0,64.0
37.65,1625449482.0,64.0
42.23,1625449482.0,64.0
44.68,1625449482.0,64.0
45.66,1625449482.0,64.0
45.89,1625449482.0,64.0
45.88,1625449482.0,64.0
45.87,1625449482.0,64.0
45.85,1625449482.0,64.0
45.73,1625449482.0,64.0
45.39,1625449482.0,64.0
44.72,1625449482.0,64.0
43.58,1625449482.0,64.0
41.85,1625449482.0,64.0
39.45,1625449482.0,64.0
36.41,1625449482.0,64.0
32.86,1625449482.0,64.0
29.02,1625449482.0,64.0
25.09,1625449482.0,64.0
21.31,1625449482.0,64.0
17.85,1625449482.0,64.0
14.85,1625449482.0,64.0
12.4,1625449482.0,64.0
10.48,1625449482.0,64.0
8.92,1625449482.0,64.0
7.41,1625449482.0,64.0
5.59,1625449482.0,64.0
3.2,1625449482.0,64.0
0.13,1625449482.0,64.0
-3.53,1625449482.0,64.0
-7.53,1625449482.0,64.0
-11.56,1625449482.0,64.0
-15.36,1625449482.0,64.0
-18.81,1625449482.0,64.0
-21.96,1625449482.0,64.0
-24.96,1625449482.0,64.0
-28.07,1625449482.0,64.0
-31.55,1625449482.0,64.0
-35.57,1625449482.0,64.0
-40.18,1625449482.0,64.0
-45.23,1625449482.0,64.0
-50.41,1625449482.0,64.0
-55.21,1625449482.0,64.0
-59.01,1625449482.0,64.0
-61.13,1625449482.0,64.0
-61.0,1625449482.0,64.0
-58.35,1625449482.0,64.0
-53.25,1625449482.0,64.0
-46.12,1625449482.0,64.0
-37.58,1625449482.0,64.0
-28.28,1625449482.0,64.0
-18.71,1625449482.0,64.0
-9.21,1625449482.0,64.0
0.02,1625449482.0,64.0
8.73,1625449482.0,64.0
16.63,1625449482.0,64.0
23.34,1625449482.0,64.0
28.58,1625449482.0,64.0
32.3,1625449482.0,64.0
34.73,1625449482.0,64.0
36.3,1625449482.0,64.0
37.45,1625449482.0,64.0
38.45,1625449482.0,64.0
39.29,1625449482.0,64.0
39.79,1625449482.0,64.0
39.71,1625449482.0,64.0
38.92,1625449482.0,64.0
37.54,1625449482.0,64.0
35.8,1625449482.0,64.0
34.0,1625449482.0,64.0
32.31,1625449482.0,64.0
30.73,1625449482.0,64.0
29.12,1625449482.0,64.0
27.25,1625449482.0,64.0
24.98,1625449482.0,64.0
22.24,1625449482.0,64.0
19.13,1625449482.0,64.0
15.86,1625449482.0,64.0
12.68,1625449482.0,64.0
9.76,1625449482.0,64.0
7.15,1625449482.0,64.0
4.78,1625449482.0,64.0
2.43,1625449482.0,64.0
-0.06,1625449482.0,64.0
-2.82,1625449482.0,64.0
-5.86,1625449482.0,64.0
-9.12,1625449482.0,64.0
-12.47,1625449482.0,64.0
-15.77,1625449482.0,64.0
-18.91,1625449482.0,64.0
-21.8,1625449482.0,64.0
-24.39,1625449482.0,64.0
-26.75,1625449482.0,64.0
-29.09,1625449482.0,64.0
-31.71,1625449482.0,64.0
-34.95,1625449482.0,64.0
-39.03,1625449482.0,64.0
-43.84,1625449482.0,64.0
-48.88,1625449482.0,64.0
-53.29,1625449482.0,64.0
-56.12,1625449482.0,64.0
-56.55,1625449482.0,64.0
-54.17,1625449482.0,64.0
-49.05,1625449482.0,64.0
-41.73,1625449482.0,64.0
-32.97,1625449482.0,64.0
-23.57,1625449482.0,64.0
-14.14,1625449482.0,64.0
-5.02,1625449482.0,64.0
3.64,1625449482.0,64.0
11.74,1625449482.0,64.0
19.13,1625449482.0,64.0
25.46,1625449482.0,64.0
30.38,1625449482.0,64.0
33.65,1625449482.0,64.0
35.37,1625449482.0,64.0
35.97,1625449482.0,64.0
36.11,1625449482.0,64.0
36.35,1625449482.0,64.0
36.97,1625449482.0,64.0
37.81,1625449482.0,64.0
38.43,1625449482.0,64.0
38.41,1625449482.0,64.0
37.48,1625449482.0,64.0
35.73,1625449482.0,64.0
33.46,1625449482.0,64.0
31.03,1625449482.0,64.0
28.63,1625449482.0,64.0
26.29,1625449482.0,64.0
23.85,1625449482.0,64.0
21.12,1625449482.0,64.0
18.02,1625449482.0,64.0
14.64,1625449482.0,64.0
11.2,1625449482.0,64.0
7.94,1625449482.0,64.0
5.03,1625449482.0,64.0
2.46,1625449482.0,64.0
0.06,1625449482.0,64.0
-2.41,1625449482.0,64.0
-5.11,1625449482.0,64.0
-8.08,1625449482.0,64.0
-11.23,1625449482.0,64.0
-14.39,1625449482.0,64.0
-17.46,1625449482.0,64.0
-20.4,1625449482.0,64.0
-23.3,1625449482.0,64.0
-26.27,1625449482.0,64.0
-29.39,1625449482.0,64.0
-32.76,1625449482.0,64.0
-36.42,1625449482.0,64.0
-40.38,1625449482.0,64.0
-44.59,1625449482.0,64.0
-48.81,1625449482.0,64.0
-52.6,1625449482.0,64.0
-55.36,1625449482.0,64.0
-56.46,1625449482.0,64.0
-55.47,1625449482.0,64.0
-52.29,1625449482.0,64.0
-47.11,1625449482.0,64.0
-40.39,1625449482.0,64.0
-32.57,1625449482.0,64.0
-23.99,1625449482.0,64.0
-14.92,1625449482.0,64.0
-5.57,1625449482.0,64.0
3.77,1625449482.0,64.0
12.63,1625449482.0,64.0
20.47,1625449482.0,64.0
26.82,1625449482.0,64.0
31.44,1625449482.0,64.0
34.38,1625449482.0,64.0
36.01,1625449482.0,64.0
36.83,1625449482.0,64.0
37.34,1625449482.0,64.0
37.87,1625449482.0,64.0
38.53,1625449482.0,64.0
39.18,1625449482.0,64.0
39.62,1625449482.0,64.0
39.65,1625449482.0,64.0
39.17,1625449482.0,64.0
38.24,1625449482.0,64.0
36.92,1625449482.0,64.0
35.29,1625449482.0,64.0
33.3,1625449482.0,64.0
30.86,1625449482.0,64.0
27.84,1625449482.0,64.0
24.19,1625449482.0,64.0
19.97,1625449482.0,64.0
15.37,1625449482.0,64.0
10.65,1625449482.0,64.0
6.07,1625449482.0,64.0
1.84,1625449482.0,64.0
-1.93,1625449482.0,64.0
-5.19,1625449482.0,64.0
-7.99,1625449482.0,64.0
-10.4,1625449482.0,64.0
-12.55,1625449482.0,64.0
-14.6,1625449482.0,64.0
-16.68,1625449482.0,64.0
-18.96,1625449482.0,64.0
-21.54,1625449482.0,64.0
-24.49,1625449482.0,64.0
-27.88,1625449482.0,64.0
-31.73,1625449482.0,64.0
-35.95,1625449482.0,64.0
-40.37,1625449482.0,64.0
-44.57,1625449482.0,64.0
-47.98,1625449482.0,64.0
-49.88,1625449482.0,64.0
-49.69,1625449482.0,64.0
-47.08,1625449482.0,64.0
-42.17,1625449482.0,64.0
-35.46,1625449482.0,64.0
-27.69,1625449482.0,64.0
-19.59,1625449482.0,64.0
-11.67,1625449482.0,64.0
-4.18,1625449482.0,64.0
2.8,1625449482.0,64.0
9.24,1625449482.0,64.0
15.03,1625449482.0,64.0
19.98,1625449482.0,64.0
23.93,1625449482.0,64.0
26.86,1625449482.0,64.0
28.95,1625449482.0,64.0
30.54,1625449482.0,64.0
31.95,1625449482.0,64.0
33.34,1625449482.0,64.0
34.63,1625449482.0,64.0
35.64,1625449482.0,64.0
36.11,1625449482.0,64.0
35.94,1625449482.0,64.0
35.09,1625449482.0,64.0
33.59,1625449482.0,64.0
31.43,1625449482.0,64.0
28.6,1625449482.0,64.0
25.1,1625449482.0,64.0
21.05,1625449482.0,64.0
16.71,1625449482.0,64.0
12.42,1625449482.0,64.0
8.49,1625449482.0,64.0
5.08,1625449482.0,64.0
2.18,1625449482.0,64.0
-0.35,1625449482.0,64.0
-2.68,1625449482.0,64.0
-4.91,1625449482.0,64.0
-7.04,1625449482.0,64.0
-9.04,1625449482.0,64.0
-10.92,1625449482.0,64.0
-12.78,1625449482.0,64.0
-14.81,1625449482.0,64.0
-17.29,1625449482.0,64.0
-20.45,1625449482.0,64.0
-24.43,1625449482.0,64.0
-29.25,1625449482.0,64.0
-34.75,1625449482.0,64.0
-40.61,1625449482.0,64.0
-46.32,1625449482.0,64.0
-51.24,1625449482.0,64.0
-54.67,1625449482.0,64.0
-55.99,1625449482.0,64.0
-54.87,1625449482.0,64.0
-51.29,1625449482.0,64.0
-45.58,1625449482.0,64.0
-38.22,1625449482.0,64.0
-29.75,1625449482.0,64.0
-20.6,1625449482.0,64.0
-11.14,1625449482.0,64.0
-1.71,1625449482.0,64.0
7.28,1625449482.0,64.0
15.35,1625449482.0,64.0
22.09,1625449482.0,64.0
27.33,1625449482.0,64.0
31.15,1625449482.0,64.0
33.83,1625449482.0,64.0
35.67,1625449482.0,64.0
36.75,1625449482.0,64.0
36.93,1625449482.0,64.0
35.97,1625449482.0,64.0
33.78,1625449482.0,64.0
30.69,1625449482.0,64.0
27.26,1625449482.0,64.0
24.24,1625449482.0,64.0
22.04,1625449482.0,64.0
20.61,1625449482.0,64.0
19.46,1625449482.0,64.0
18.01,1625449482.0,64.0
15.93,1625449482.0,64.0
13.35,1625449482.0,64.0
10.75,1625449482.0,64.0
8.6,1625449482.0,64.0
7.17,1625449482.0,64.0
6.33,1625449482.0,64.0
5.66,1625449482.0,64.0
4.71,1625449482.0,64.0
3.1,1625449482.0,64.0
0.51,1625449482.0,64.0
-3.35,1625449482.0,64.0
-8.8,1625449482.0,64.0
-16.04,1625449482.0,64.0
-24.83,1625449482.0,64.0
-34.36,1625449482.0,64.0
-43.25,1625449482.0,64.0
-50.01,1625449482.0,64.0
-53.78,1625449482.0,64.0
-54.75,1625449482.0,64.0
-54.2,1625449482.0,64.0
-53.73,1625449482.0,64.0
-54.36,1625449482.0,64.0
-55.79,1625449482.0,64.0
-56.48,1625449482.0,64.0
-54.45,1625449482.0,64.0
-48.32,1625449482.0,64.0
-38.31,1625449482.0,64.0
-25.95,1625449482.0,64.0
-13.44,1625449482.0,64.0
-2.42,1625449482.0,64.0
6.64,1625449482.0,64.0
14.4,1625449482.0,64.0
21.81,1625449482.0,64.0
29.38,1625449482.0,64.0
36.8,1625449482.0,64.0
43.22,1625449482.0,64.0
47.97,1625449482.0,64.0
50.98,1625449482.0,64.0
52.92,1625449482.0,64.0
54.65,1625449482.0,64.0
56.74,1625449482.0,64.0
59.08,1625449482.0,64.0
60.94,1625449482.0,64.0
61.45,1625449482.0,64.0
60.01,1625449482.0,64.0
56.65,1625449482.0,64.0
51.98,1625449482.0,64.0
46.87,1625449482.0,64.0
42.09,1625449482.0,64.0
38.04,1625449482.0,64.0
34.7,1625449482.0,64.0
31.74,1625449482.0,64.0
28.74,1625449482.0,64.0
25.37,1625449482.0,64.0
21.49,1625449482.0,64.0
17.15,1625449482.0,64.0
12.47,1625449482.0,64.0
7.62,1625449482.0,64.0
2.74,1625449482.0,64.0
-2.1,1625449482.0,64.0
-6.85,1625449482.0,64.0
-11.47,1625449482.0,64.0
-15.94,1625449482.0,64.0
-20.26,1625449482.0,64.0
-24.45,1625449482.0,64.0
-28.62,1625449482.0,64.0
-32.94,1625449482.0,64.0
-37.54,1625449482.0,64.0
-42.45,1625449482.0,64.0
-47.5,1625449482.0,64.0
-52.27,1625449482.0,64.0
-56.14,1625449482.0,64.0
-58.38,1625449482.0,64.0
-58.43,1625449482.0,64.0
-56.02,1625449482.0,64.0
-51.28,1625449482.0,64.0
-44.64,1625449482.0,64.0
-36.68,1625449482.0,64.0
-27.97,1625449482.0,64.0
-18.85,1625449482.0,64.0
-9.48,1625449482.0,64.0
0.07,1625449482.0,64.0
9.7,1625449482.0,64.0
19.06,1625449482.0,64.0
27.62,1625449482.0,64.0
34.76,1625449482.0,64.0
39.99,1625449482.0,64.0
43.14,1625449482.0,64.0
44.42,1625449482.0,64.0
44.34,1625449482.0,64.0
43.52,1625449482.0,64.0
42.46,1625449482.0,64.0
41.37,1625449482.0,64.0
40.22,1625449482.0,64.0
38.83,1625449482.0,64.0
37.0,1625449482.0,64.0
34.68,1625449482.0,64.0
31.94,1625449482.0,64.0
28.92,1625449482.0,64.0
25.74,1625449482.0,64.0
22.45,1625449482.0,64.0
19.05,1625449482.0,64.0
15.5,1625449482.0,64.0
11.82,1625449482.0,64.0
8.03,1625449482.0,64.0
4.22,1625449482.0,64.0
0.49,1625449482.0,64.0
-3.12,1625449482.0,64.0
-6.54,1625449482.0,64.0
-9.82,1625449482.0,64.0
-13.02,1625449482.0,64.0
-16.25,1625449482.0,64.0
-19.59,1625449482.0,64.0
-23.06,1625449482.0,64.0
-26.67,1625449482.0,64.0
-30.43,1625449482.0,64.0
-34.36,1625449482.0,64.0
-38.5,1625449482.0,64.0
-42.83,1625449482.0,64.0
-47.1,1625449482.0,64.0
-50.83,1625449482.0,64.0
-53.33,1625449482.0,64.0
-53.91,1625449482.0,64.0
-52.13,1625449482.0,64.0
-47.93,1625449482.0,64.0
-41.63,1625449482.0,64.0
-33.77,1625449482.0,64.0
-24.89,1625449482.0,64.0
-15.43,1625449482.0,64.0
-5.65,1625449482.0,64.0
4.21,1625449482.0,64.0
13.81,1625449482.0,64.0
22.7,1625449482.0,64.0
30.39,1625449482.0,64.0
36.45,1625449482.0,64.0
40.71,1625449482.0,64.0
43.26,1625449482.0,64.0
44.48,1625449482.0,64.0
44.84,1625449482.0,64.0
44.74,1625449482.0,64.0
44.43,1625449482.0,64.0
43.95,1625449482.0,64.0
43.24,1625449482.0,64.0
42.19,1625449482.0,64.0
40.8,1625449482.0,64.0
39.1,1625449482.0,64.0
37.13,1625449482.0,64.0
34.88,1625449482.0,64.0
32.24,1625449482.0,64.0
29.12,1625449482.0,64.0
25.51,1625449482.0,64.0
21.55,1625449482.0,64.0
17.47,1625449482.0,64.0
13.51,1625449482.0,64.0
9.81,1625449482.0,64.0
6.4,1625449482.0,64.0
3.17,1625449482.0,64.0
-0.05,1625449482.0,64.0
-3.38,1625449482.0,64.0
-6.93,1625449482.0,64.0
-10.7,1625449482.0,64.0
-14.6,1625449482.0,64.0
-18.51,1625449482.0,64.0
-22.28,1625449482.0,64.0
-25.82,1625449482.0,64.0
-29.13,1625449482.0,64.0
-32.35,1625449482.0,64.0
-35.7,1625449482.0,64.0
-39.42,1625449482.0,64.0
-43.58,1625449482.0,64.0
-48.04,1625449482.0,64.0
-52.37,1625449482.0,64.0
-55.97,1625449482.0,64.0
-58.21,1625449482.0,64.0
-58.55,1625449482.0,64.0
-56.71,1625449482.0,64.0
-52.6,1625449482.0,64.0
-46.45,1625449482.0,64.0
-38.6,1625449482.0,64.0
-29.53,1625449482.0,64.0
-19.67,1625449482.0,64.0
-9.41,1625449482.0,64.0
0.91,1625449482.0,64.0
10.94,1625449482.0,64.0
20.22,1625449482.0,64.0
28.21,1625449482.0,64.0
34.44,1625449482.0,64.0
38.63,1625449482.0,64.0
40.91,1625449482.0,64.0
41.79,1625449482.0,64.0
41.94,1625449482.0,64.0
41.94,1625449482.0,64.0
42.02,1625449482.0,64.0
42.08,1625449482.0,64.0
41.8,1625449482.0,64.0
40.97,1625449482.0,64.0
39.58,1625449482.0,64.0
37.88,1625449482.0,64.0
36.16,1625449482.0,64.0
34.59,1625449482.0,64.0
33.05,1625449482.0,64.0
31.27,1625449482.0,64.0
28.92,1625449482.0,64.0
25.88,1625449482.0,64.0
22.27,1625449482.0,64.0
18.38,1625449482.0,64.0
14.55,1625449482.0,64.0
10.96,1625449482.0,64.0
7.62,1625449482.0,64.0
4.33,1625449482.0,64.0
0.87,1625449482.0,64.0
-2.89,1625449482.0,64.0
-6.89,1625449482.0,64.0
-10.94,1625449482.0,64.0
-14.84,1625449482.0,64.0
-18.43,1625449482.0,64.0
-21.71,1625449482.0,64.0
-24.82,1625449482.0,64.0
-27.92,1625449482.0,64.0
-31.16,1625449482.0,64.0
-34.63,1625449482.0,64.0
-38.42,1625449482.0,64.0
-42.57,1625449482.0,64.0
-47.03,1625449482.0,64.0
-51.62,1625449482.0,64.0
-55.91,1625449482.0,64.0
-59.26,1625449482.0,64.0
-60.94,1625449482.0,64.0
-60.36,1625449482.0,64.0
-57.26,1625449482.0,64.0
-51.8,1625449482.0,64.0
-44.47,1625449482.0,64.0
-35.88,1625449482.0,64.0
-26.6,1625449482.0,64.0
-16.99,1625449482.0,64.0
-7.3,1625449482.0,64.0
2.29,1625449482.0,64.0
11.45,1625449482.0,64.0
19.73,1625449482.0,64.0
26.65,1625449482.0,64.0
31.86,1625449482.0,64.0
35.32,1625449482.0,64.0
37.32,1625449482.0,64.0
38.39,1625449482.0,64.0
39.03,1625449482.0,64.0
39.58,1625449482.0,64.0
40.08,1625449482.0,64.0
40.35,1625449482.0,64.0
40.12,1625449482.0,64.0
39.24,1625449482.0,64.0
37.71,1625449482.0,64.0
35.67,1625449482.0,64.0
33.32,1625449482.0,64.0
30.79,1625449482.0,64.0
28.12,1625449482.0,64.0
25.28,1625449482.0,64.0
22.31,1625449482.0,64.0
19.28,1625449482.0,64.0
16.35,1625449482.0,64.0
13.65,1625449482.0,64.0
11.25,1625449482.0,64.0
9.11,1625449482.0,64.0
7.11,1625449482.0,64.0
5.07,1625449482.0,64.0
2.82,1625449482.0,64.0
0.25,1625449482.0,64.0
-2.67,1625449482.0,64.0
-5.93,1625449482.0,64.0
-9.46,1625449482.0,64.0
-13.13,1625449482.0,64.0
-16.86,1625449482.0,64.0
-20.58,1625449482.0,64.0
-24.28,1625449482.0,64.0
-28.04,1625449482.0,64.0
-31.96,1625449482.0,64.0
-36.13,1625449482.0,64.0
-40.58,1625449482.0,64.0
-45.09,1625449482.0,64.0
-49.27,1625449482.0,64.0
-52.52,1625449482.0,64.0
-54.19,1625449482.0,64.0
-53.79,1625449482.0,64.0
-51.14,1625449482.0,64.0
-46.46,1625449482.0,64.0
-40.2,1625449482.0,64.0
-32.91,1625449482.0,64.0
-24.97,1625449482.0,64.0
-16.57,1625449482.0,64.0
-7.82,1625449482.0,64.0
1.11,1625449482.0,64.0
9.82,1625449482.0,64.0
17.72,1625449482.0,64.0
24.22,1625449482.0,64.0
28.95,1625449482.0,64.0
31.91,1625449482.0,64.0
33.43,1625449482.0,64.0
34.04,1625449482.0,64.0
34.26,1625449482.0,64.0
34.44,1625449482.0,64.0
34.71,1625449482.0,64.0
35.03,1625449482.0,64.0
35.27,1625449482.0,64.0
35.28,1625449482.0,64.0
34.92,1625449482.0,64.0
34.05,1625449482.0,64.0
32.6,1625449482.0,64.0
30.56,1625449482.0,64.0
28.01,1625449482.0,64.0
25.07,1625449482.0,64.0
21.92,1625449482.0,64.0
18.74,1625449482.0,64.0
15.65,1625449482.0,64.0
12.75,1625449482.0,64.0
10.02,1625449482.0,64.0
7.39,1625449482.0,64.0
4.66,1625449482.0,64.0
1.63,1625449482.0,64.0
-1.88,1625449482.0,64.0
-5.9,1625449482.0,64.0
-10.26,1625449482.0,64.0
-14.67,1625449482.0,64.0
-18.82,1625449482.0,64.0
-22.56,1625449482.0,64.0
-25.98,1625449482.0,64.0
-29.34,1625449482.0,64.0
-33.01,1625449482.0,64.0
-37.25,1625449482.0,64.0
-42.09,1625449482.0,64.0
-47.3,1625449482.0,64.0
-52.4,1625449482.0,64.0
-56.78,1625449482.0,64.0
-59.81,1625449482.0,64.0
-60.94,1625449482.0,64.0
-59.82,1625449482.0,64.0
-56.37,1625449482.0,64.0
-50.78,1625449482.0,64.0
-43.44,1625449482.0,64.0
-34.83,1625449482.0,64.0
-25.38,1625449482.0,64.0
-15.45,1625449482.0,64.0
-5.31,1625449482.0,64.0
4.69,1625449482.0,64.0
14.11,1625449482.0,64.0
22.39,1625449482.0,64.0
29.07,1625449482.0,64.0
33.89,1625449482.0,64.0
36.92,1625449482.0,64.0
38.53,1625449482.0,64.0
39.22,1625449482.0,64.0
39.45,1625449482.0,64.0
39.46,1625449482.0,64.0
39.29,1625449482.0,64.0
38.85,1625449482.0,64.0
38.1,1625449482.0,64.0
37.03,1625449482.0,64.0
35.7,1625449482.0,64.0
34.17,1625449482.0,64.0
32.43,1625449482.0,64.0
30.4,1625449482.0,64.0
28.02,1625449482.0,64.0
25.29,1625449482.0,64.0
22.28,1625449482.0,64.0
19.18,1625449482.0,64.0
16.16,1625449482.0,64.0
13.37,1625449482.0,64.0
10.82,1625449482.0,64.0
8.39,1625449482.0,64.0
5.83,1625449482.0,64.0
2.89,1625449482.0,64.0
-0.65,1625449482.0,64.0
-4.84,1625449482.0,64.0
-9.56,1625449482.0,64.0
-14.51,1625449482.0,64.0
-19.39,1625449482.0,64.0
-23.96,1625449482.0,64.0
-28.17,1625449482.0,64.0
-32.14,1625449482.0,64.0
-36.13,1625449482.0,64.0
-40.37,1625449482.0,64.0
-45.02,1625449482.0,64.0
-50.04,1625449482.0,64.0
-55.25,1625449482.0,64.0
-60.21,1625449482.0,64.0
-64.34,1625449482.0,64.0
-66.94,1625449482.0,64.0
-67.4,1625449482.0,64.0
-65.31,1625449482.0,64.0
-60.62,1625449482.0,64.0
-53.66,1625449482.0,64.0
-45.01,1625449482.0,64.0
-35.32,1625449482.0,64.0
-25.13,1625449482.0,64.0
-14.79,1625449482.0,64.0
-4.47,1625449482.0,64.0
5.62,1625449482.0,64.0
15.15,1625449482.0,64.0
23.69,1625449482.0,64.0
30.79,1625449482.0,64.0
36.16,1625449482.0,64.0
39.81,1625449482.0,64.0
42.04,1625449482.0,64.0
43.31,1625449482.0,64.0
44.12,1625449482.0,64.0
44.8,1625449482.0,64.0
45.47,1625449482.0,64.0
46.0,1625449482.0,64.0
46.19,1625449482.0,64.0
45.84,1625449482.0,64.0
44.89,1625449482.0,64.0
43.44,1625449482.0,64.0
41.64,1625449482.0,64.0
39.6,1625449482.0,64.0
37.32,1625449482.0,64.0
34.67,1625449482.0,64.0
31.52,1625449482.0,64.0
27.81,1625449482.0,64.0
23.67,1625449482.0,64.0
19.39,1625449482.0,64.0
15.33,1625449482.0,64.0
11.72,1625449482.0,64.0
8.59,1625449482.0,64.0
5.72,1625449482.0,64.0
2.79,1625449482.0,64.0
-0.48,1625449482.0,64.0
-4.17,1625449482.0,64.0
-8.13,1625449482.0,64.0
-12.12,1625449482.0,64.0
-15.95,1625449482.0,64.0
-19.53,1625449482.0,64.0
-22.96,1625449482.0,64.0
-26.42,1625449482.0,64.0
-30.11,1625449482.0,64.0
-34.12,1625449482.0,64.0
-38.48,1625449482.0,64.0
-43.18,1625449482.0,64.0
-48.17,1625449482.0,64.0
-53.33,1625449482.0,64.0
-58.35,1625449482.0,64.0
-62.68,1625449482.0,64.0
-65.61,1625449482.0,64.0
-66.43,1625449482.0,64.0
-64.69,1625449482.0,64.0
-60.34,1625449482.0,64.0
-53.69,1625449482.0,64.0
-45.3,1625449482.0,64.0
-35.77,1625449482.0,64.0
-25.53,1625449482.0,64.0
-14.85,1625449482.0,64.0
-3.97,1625449482.0,64.0
6.81,1625449482.0,64.0
17.0,1625449482.0,64.0
26.0,1625449482.0,64.0
33.3,1625449482.0,64.0
38.67,1625449482.0,64.0
42.25,1625449482.0,64.0
44.49,1625449482.0,64.0
45.94,1625449482.0,64.0
47.0,1625449482.0,64.0
47.83,1625449482.0,64.0
48.32,1625449482.0,64.0
48.3,1625449482.0,64.0
47.69,1625449482.0,64.0
46.56,1625449482.0,64.0
45.1,1625449482.0,64.0
43.49,1625449482.0,64.0
41.83,1625449482.0,64.0
40.02,1625449482.0,64.0
37.92,1625449482.0,64.0
35.33,1625449482.0,64.0
32.2,1625449482.0,64.0
28.56,1625449482.0,64.0
24.59,1625449482.0,64.0
20.51,1625449482.0,64.0
16.58,1625449482.0,64.0
12.96,1625449482.0,64.0
9.69,1625449482.0,64.0
6.69,1625449482.0,64.0
3.78,1625449482.0,64.0
0.79,1625449482.0,64.0
-2.4,1625449482.0,64.0
-5.78,1625449482.0,64.0
-9.27,1625449482.0,64.0
-12.72,1625449482.0,64.0
-16.03,1625449482.0,64.0
-19.17,1625449482.0,64.0
-22.15,1625449482.0,64.0
-25.02,1625449482.0,64.0
-27.87,1625449482.0,64.0
-30.82,1625449482.0,64.0
-34.04,1625449482.0,64.0
-37.73,1625449482.0,64.0
-42.04,1625449482.0,64.0
-46.94,1625449482.0,64.0
-52.1,1625449482.0,64.0
-56.87,1625449482.0,64.0
-60.42,1625449482.0,64.0
-61.99,1625449482.0,64.0
-61.13,1625449482.0,64.0
-57.82,1625449482.0,64.0
-52.42,1625449482.0,64.0
-45.5,1625449482.0,64.0
-37.56,1625449482.0,64.0
-28.89,1625449482.0,64.0
-19.57,1625449482.0,64.0
-9.68,1625449482.0,64.0
0.57,1625449482.0,64.0
10.69,1625449482.0,64.0
20.01,1625449482.0,64.0
27.86,1625449482.0,64.0
33.81,1625449482.0,64.0
37.84,1625449482.0,64.0
40.33,1625449482.0,64.0
41.9,1625449482.0,64.0
43.16,1625449482.0,64.0
44.46,1625449482.0,64.0
45.78,1625449482.0,64.0
46.85,1625449482.0,64.0
47.31,1625449482.0,64.0
46.94,1625449482.0,64.0
45.77,1625449482.0,64.0
44.03,1625449482.0,64.0
41.99,1625449482.0,64.0
39.86,1625449482.0,64.0
37.67,1625449482.0,64.0
35.29,1625449482.0,64.0
32.59,1625449482.0,64.0
29.52,1625449482.0,64.0
26.15,1625449482.0,64.0
22.68,1625449482.0,64.0
19.35,1625449482.0,64.0
16.31,1625449482.0,64.0
13.55,1625449482.0,64.0
10.95,1625449482.0,64.0
8.32,1625449482.0,64.0
5.45,1625449482.0,64.0
2.26,1625449482.0,64.0
-1.27,1625449482.0,64.0
-5.03,1625449482.0,64.0
-8.89,1625449482.0,64.0
-12.69,1625449482.0,64.0
-16.36,1625449482.0,64.0
-19.89,1625449482.0,64.0
-23.39,1625449482.0,64.0
-26.99,1625449482.0,64.0
-30.8,1625449482.0,64.0
-34.89,1625449482.0,64.0
-39.21,1625449482.0,64.0
-43.7,1625449482.0,64.0
-48.26,1625449482.0,64.0
-52.81,1625449482.0,64.0
-57.15,1625449482.0,64.0
-60.94,1625449482.0,64.0
-63.59,1625449482.0,64.0
-64.4,1625449482.0,64.0
-62.76,1625449482.0,64.0
-58.43,1625449482.0,64.0
-51.69,1625449482.0,64.0
-43.22,1625449482.0,64.0
-33.85,1625449482.0,64.0
-24.2,1625449482.0,64.0
-14.57,1625449482.0,64.0
-4.95,1625449482.0,64.0
4.64,1625449482.0,64.0
13.96,1625449482.0,64.0
22.49,1625449482.0,64.0
29.62,1625449482.0,64.0
34.96,1625449482.0,64.0
38.55,1625449482.0,64.0
40.82,1625449482.0,64.0
42.39,1625449482.0,64.0
43.73,1625449482.0,64.0
44.98,1625449482.0,64.0
45.96,1625449482.0,64.0
46.37,1625449482.0,64.0
46.01,1625449482.0,64.0
44.88,1625449482.0,64.0
43.21,1625449482.0,64.0
41.31,1625449482.0,64.0
39.37,1625449482.0,64.0
37.44,1625449482.0,64.0
35.33,1625449482.0,64.0
32.83,1625449482.0,64.0
29.78,1625449482.0,64.0
26.22,1625449482.0,64.0
22.35,1625449482.0,64.0
18.48,1625449482.0,64.0
14.91,1625449482.0,64.0
11.78,1625449482.0,64.0
9.06,1625449482.0,64.0
6.57,1625449482.0,64.0
4.09,1625449482.0,64.0
1.42,1625449482.0,64.0
-1.54,1625449482.0,64.0
-4.76,1625449482.0,64.0
-8.16,1625449482.0,64.0
-11.63,1625449482.0,64.0
-15.1,1625449482.0,64.0
-18.55,1625449482.0,64.0
-22.0,1625449482.0,64.0
-25.51,1625449482.0,64.0
-29.12,1625449482.0,64.0
-32.9,1625449482.0,64.0
-36.9,1625449482.0,64.0
-41.17,1625449482.0,64.0
-45.67,1625449482.0,64.0
-50.27,1625449482.0,64.0
-54.63,1625449482.0,64.0
-58.24,1625449482.0,64.0
-60.45,1625449482.0,64.0
-60.71,1625449482.0,64.0
-58.7,1625449482.0,64.0
-54.41,1625449482.0,64.0
-48.15,1625449482.0,64.0
-40.39,1625449482.0,64.0
-31.66,1625449482.0,64.0
-22.39,1625449482.0,64.0
-12.94,1625449482.0,64.0
-3.64,1625449482.0,64.0
5.13,1625449482.0,64.0
12.93,1625449482.0,64.0
19.39,1625449482.0,64.0
24.27,1625449482.0,64.0
27.69,1625449482.0,64.0
30.01,1625449482.0,64.0
31.76,1625449482.0,64.0
33.42,1625449482.0,64.0
35.19,1625449482.0,64.0
36.98,1625449482.0,64.0
38.5,1625449482.0,64.0
39.42,1625449482.0,64.0
39.55,1625449482.0,64.0
38.96,1625449482.0,64.0
37.87,1625449482.0,64.0
36.54,1625449482.0,64.0
35.07,1625449482.0,64.0
33.4,1625449482.0,64.0
31.35,1625449482.0,64.0
28.76,1625449482.0,64.0
25.65,1625449482.0,64.0
22.21,1625449482.0,64.0
18.75,1625449482.0,64.0
15.51,1625449482.0,64.0
12.59,1625449482.0,64.0
9.94,1625449482.0,64.0
7.36,1625449482.0,64.0
4.65,1625449482.0,64.0
1.68,1625449482.0,64.0
-1.56,1625449482.0,64.0
-4.98,1625449482.0,64.0
-8.43,1625449482.0,64.0
-11.83,1625449482.0,64.0
-15.1,1625449482.0,64.0
-18.27,1625449482.0,64.0
-21.4,1625449482.0,64.0
-24.58,1625449482.0,64.0
-27.89,1625449482.0,64.0
-31.42,1625449482.0,64.0
-35.2,1625449482.0,64.0
-39.2,1625449482.0,64.0
-43.27,1625449482.0,64.0
-47.05,1625449482.0,64.0
-50.02,1625449482.0,64.0
-51.54,1625449482.0,64.0
-51.05,1625449482.0,64.0
-48.25,1625449482.0,64.0
-43.25,1625449482.0,64.0
-36.46,1625449482.0,64.0
-28.5,1625449482.0,64.0
-19.94,1625449482.0,64.0
-11.17,1625449482.0,64.0
-2.47,1625449482.0,64.0
5.93,1625449482.0,64.0
13.73,1625449482.0,64.0
20.47,1625449482.0,64.0
25.75,1625449482.0,64.0
29.38,1625449482.0,64.0
31.53,1625449482.0,64.0
32.71,1625449482.0,64.0
33.51,1625449482.0,64.0
34.42,1625449482.0,64.0
35.56,1625449482.0,64.0
36.75,1625449482.0,64.0
37.62,1625449482.0,64.0
37.85,1625449482.0,64.0
37.34,1625449482.0,64.0
36.2,1625449482.0,64.0
34.67,1625449482.0,64.0
32.94,1625449482.0,64.0
31.06,1625449482.0,64.0
28.93,1625449482.0,64.0
26.42,1625449482.0,64.0
23.47,1625449482.0,64.0
20.15,1625449482.0,64.0
16.65,1625449482.0,64.0
13.14,1625449482.0,64.0
9.72,1625449482.0,64.0
6.34,1625449482.0,64.0
2.85,1625449482.0,64.0
-0.88,1625449482.0,64.0
-4.89,1625449482.0,64.0
-9.01,1625449482.0,64.0
-13.01,1625449482.0,64.0
-16.67,1625449482.0,64.0
-19.92,1625449482.0,64.0
-22.93,1625449482.0,64.0
-26.01,1625449482.0,64.0
-29.49,1625449482.0,64.0
-33.61,1625449482.0,64.0
-38.39,1625449482.0,64.0
-43.68,1625449482.0,64.0
-49.14,1625449482.0,64.0
-54.33,1625449482.0,64.0
-58.77,1625449482.0,64.0
-61.9,1625449482.0,64.0
-63.25,1625449482.0,64.0
-62.46,1625449482.0,64.0
-59.39,1625449482.0,64.0
-54.19,1625449482.0,64.0
-47.21,1625449482.0,64.0
-38.86,1625449482.0,64.0
-29.51,1625449482.0,64.0
-19.43,1625449482.0,64.0
-8.81,1625449482.0,64.0
2.03,1625449482.0,64.0
12.62,1625449482.0,64.0
22.32,1625449482.0,64.0
30.46,1625449482.0,64.0
36.55,1625449482.0,64.0
40.5,1625449482.0,64.0
42.62,1625449482.0,64.0
43.55,1625449482.0,64.0
43.99,1625449482.0,64.0
44.42,1625449482.0,64.0
45.02,1625449482.0,64.0
45.61,1625449482.0,64.0
45.86,1625449482.0,64.0
45.45,1625449482.0,64.0
44.27,1625449482.0,64.0
42.41,1625449482.0,64.0
40.1,1625449482.0,64.0
37.6,1625449482.0,64.0
35.0,1625449482.0,64.0
32.25,1625449482.0,64.0
29.21,1625449482.0,64.0
25.8,1625449482.0,64.0
22.07,1625449482.0,64.0
18.24,1625449482.0,64.0
14.57,1625449482.0,64.0
11.21,1625449482.0,64.0
8.1,1625449482.0,64.0
4.98,1625449482.0,64.0
1.54,1625449482.0,64.0
-2.39,1625449482.0,64.0
-6.76,1625449482.0,64.0
-11.3,1625449482.0,64.0
-15.63,1625449482.0,64.0
-19.55,1625449482.0,64.0
-23.03,1625449482.0,64.0
-26.26,1625449482.0,64.0
-29.53,1625449482.0,64.0
-33.11,1625449482.0,64.0
-37.17,1625449482.0,64.0
-41.75,1625449482.0,64.0
-46.8,1625449482.0,64.0
-52.08,1625449482.0,64.0
-57.17,1625449482.0,64.0
-61.43,1625449482.0,64.0
-64.1,1625449482.0,64.0
-64.56,1625449482.0,64.0
-62.46,1625449482.0,64.0
-57.87,1625449482.0,64.0
-51.23,1625449482.0,64.0
-43.09,1625449482.0,64.0
-33.99,1625449482.0,64.0
-24.25,1625449482.0,64.0
-14.1,1625449482.0,64.0
-3.7,1625449482.0,64.0
6.63,1625449482.0,64.0
16.49,1625449482.0,64.0
25.36,1625449482.0,64.0
32.83,1625449482.0,64.0
38.63,1625449482.0,64.0
42.75,1625449482.0,64.0
45.41,1625449482.0,64.0
46.95,1625449482.0,64.0
47.78,1625449482.0,64.0
48.22,1625449482.0,64.0
48.46,1625449482.0,64.0
48.53,1625449482.0,64.0
48.3,1625449482.0,64.0
47.64,1625449482.0,64.0
46.49,1625449482.0,64.0
44.89,1625449482.0,64.0
42.96,1625449482.0,64.0
40.86,1625449482.0,64.0
38.61,1625449482.0,64.0
36.17,1625449482.0,64.0
33.45,1625449482.0,64.0
30.37,1625449482.0,64.0
27.01,1625449482.0,64.0
23.53,1625449482.0,64.0
20.1,1625449482.0,64.0
16.86,1625449482.0,64.0
13.8,1625449482.0,64.0
10.83,1625449482.0,64.0
7.78,1625449482.0,64.0
4.47,1625449482.0,64.0
0.8,1625449482.0,64.0
-3.24,1625449482.0,64.0
-7.59,1625449482.0,64.0
-12.11,1625449482.0,64.0
-16.61,1625449482.0,64.0
-20.92,1625449482.0,64.0
-24.96,1625449482.0,64.0
-28.77,1625449482.0,64.0
-32.49,1625449482.0,64.0
-36.33,1625449482.0,64.0
-40.42,1625449482.0,64.0
-44.79,1625449482.0,64.0
-49.36,1625449482.0,64.0
-53.95,1625449482.0,64.0
-58.27,1625449482.0,64.0
-61.96,1625449482.0,64.0
-64.5,1625449482.0,64.0
-65.31,1625449482.0,64.0
-63.91,1625449482.0,64.0
-60.04,1625449482.0,64.0
-53.81,1625449482.0,64.0
-45.68,1625449482.0,64.0
-36.32,1625449482.0,64.0
-26.33,1625449482.0,64.0
-16.08,1625449482.0,64.0
-5.72,1625449482.0,64.0
4.66,1625449482.0,64.0
14.78,1625449482.0,64.0
24.15,1625449482.0,64.0
32.15,1625449482.0,64.0
38.27,1625449482.0,64.0
42.43,1625449482.0,64.0
44.94,1625449482.0,64.0
46.43,1625449482.0,64.0
47.52,1625449482.0,64.0
48.54,1625449482.0,64.0
49.45,1625449482.0,64.0
49.98,1625449482.0,64.0
49.8,1625449482.0,64.0
48.78,1625449482.0,64.0
47.05,1625449482.0,64.0
44.89,1625449482.0,64.0
42.58,1625449482.0,64.0
40.28,1625449482.0,64.0
37.94,1625449482.0,64.0
35.39,1625449482.0,64.0
32.49,1625449482.0,64.0
29.21,1625449482.0,64.0
25.66,1625449482.0,64.0
22.04,1625449482.0,64.0
18.56,1625449482.0,64.0
15.32,1625449482.0,64.0
12.33,1625449482.0,64.0
9.51,1625449482.0,64.0
6.76,1625449482.0,64.0
4.0,1625449482.0,64.0
1.17,1625449482.0,64.0
-1.73,1625449482.0,64.0
-4.7,1625449482.0,64.0
-7.77,1625449482.0,64.0
-10.99,1625449482.0,64.0
-14.37,1625449482.0,64.0
-17.92,1625449482.0,64.0
-21.62,1625449482.0,64.0
-25.45,1625449482.0,64.0
-29.34,1625449482.0,64.0
-33.29,1625449482.0,64.0
-37.31,1625449482.0,64.0
-41.52,1625449482.0,64.0
-46.04,1625449482.0,64.0
-50.89,1625449482.0,64.0
-55.92,1625449482.0,64.0
-60.68,1625449482.0,64.0
-64.49,1625449482.0,64.0
-66.6,1625449482.0,64.0
-66.35,1625449482.0,64.0
-63.43,1625449482.0,64.0
-57.93,1625449482.0,64.0
-50.28,1625449482.0,64.0
-41.1,1625449482.0,64.0
-30.96,1625449482.0,64.0
-20.27,1625449482.0,64.0
-9.25,1625449482.0,64.0
1.88,1625449482.0,64.0
12.8,1625449482.0,64.0
22.96,1625449482.0,64.0
31.7,1625449482.0,64.0
38.45,1625449482.0,64.0
43.02,1625449482.0,64.0
45.65,1625449482.0,64.0
47.01,1625449482.0,64.0
47.83,1625449482.0,64.0
48.66,1625449482.0,64.0
49.64,1625449482.0,64.0
50.51,1625449482.0,64.0
50.86,1625449482.0,64.0
50.34,1625449482.0,64.0
48.9,1625449482.0,64.0
46.72,1625449482.0,64.0
44.15,1625449482.0,64.0
41.47,1625449482.0,64.0
38.78,1625449482.0,64.0
36.0,1625449482.0,64.0
32.97,1625449482.0,64.0
29.56,1625449482.0,64.0
25.78,1625449482.0,64.0
21.79,1625449482.0,64.0
17.84,1625449482.0,64.0
14.14,1625449482.0,64.0
10.83,1625449482.0,64.0
7.88,1625449482.0,64.0
5.15,1625449482.0,64.0
2.44,1625449482.0,64.0
-0.43,1625449482.0,64.0
-3.54,1625449482.0,64.0
-6.88,1625449482.0,64.0
-10.37,1625449482.0,64.0
-13.92,1625449482.0,64.0
-17.48,1625449482.0,64.0
-21.05,1625449482.0,64.0
-24.66,1625449482.0,64.0
-28.33,1625449482.0,64.0
-32.09,1625449482.0,64.0
-35.97,1625449482.0,64.0
-40.0,1625449482.0,64.0
-44.23,1625449482.0,64.0
-48.64,1625449482.0,64.0
-53.12,1625449482.0,64.0
-57.38,1625449482.0,64.0
-60.91,1625449482.0,64.0
-63.12,1625449482.0,64.0
-63.4,1625449482.0,64.0
-61.38,1625449482.0,64.0
-57.02,1625449482.0,64.0
-50.63,1625449482.0,64.0
-42.67,1625449482.0,64.0
-33.64,1625449482.0,64.0
-23.91,1625449482.0,64.0
-13.7,1625449482.0,64.0
-3.23,1625449482.0,64.0
7.13,1625449482.0,64.0
16.83,1625449482.0,64.0
25.22,1625449482.0,64.0
31.77,1625449482.0,64.0
36.31,1625449482.0,64.0
39.06,1625449482.0,64.0
40.55,1625449482.0,64.0
41.39,1625449482.0,64.0
42.0,1625449482.0,64.0
42.52,1625449482.0,64.0
42.83,1625449482.0,64.0
42.7,1625449482.0,64.0
42.0,1625449482.0,64.0
40.78,1625449482.0,64.0
39.25,1625449482.0,64.0
37.64,1625449482.0,64.0
36.05,1625449482.0,64.0
34.38,1625449482.0,64.0
32.39,1625449482.0,64.0
29.87,1625449482.0,64.0
26.75,1625449482.0,64.0
23.24,1625449482.0,64.0
19.68,1625449482.0,64.0
16.4,1625449482.0,64.0
13.54,1625449482.0,64.0
10.96,1625449482.0,64.0
8.34,1625449482.0,64.0
5.36,1625449482.0,64.0
1.89,1625449482.0,64.0
-1.95,1625449482.0,64.0
-5.87,1625449482.0,64.0
-9.58,1625449482.0,64.0
-12.93,1625449482.0,64.0
-15.94,1625449482.0,64.0
-18.76,1625449482.0,64.0
-21.59,1625449482.0,64.0
-24.6,1625449482.0,64.0
-27.91,1625449482.0,64.0
-31.59,1625449482.0,64.0
-35.64,1625449482.0,64.0
-40.01,1625449482.0,64.0
-44.53,1625449482.0,64.0
-48.85,1625449482.0,64.0
-52.48,1625449482.0,64.0
-54.84,1625449482.0,64.0
-55.39,1625449482.0,64.0
-53.79,1625449482.0,64.0
-49.95,1625449482.0,64.0
-44.02,1625449482.0,64.0
-36.38,1625449482.0,64.0
-27.49,1625449482.0,64.0
-17.84,1625449482.0,64.0
-7.89,1625449482.0,64.0
1.9,1625449482.0,64.0
11.07,1625449482.0,64.0
19.17,1625449482.0,64.0
25.82,1625449482.0,64.0
30.82,1625449482.0,64.0
34.25,1625449482.0,64.0
36.42,1625449482.0,64.0
37.74,1625449482.0,64.0
38.59,1625449482.0,64.0
39.2,1625449482.0,64.0
39.59,1625449482.0,64.0
39.67,1625449482.0,64.0
39.35,1625449482.0,64.0
38.59,1625449482.0,64.0
37.47,1625449482.0,64.0
36.08,1625449482.0,64.0
34.46,1625449482.0,64.0
32.55,1625449482.0,64.0
30.25,1625449482.0,64.0
27.46,1625449482.0,64.0
24.16,1625449482.0,64.0
20.49,1625449482.0,64.0
16.66,1625449482.0,64.0
12.9,1625449482.0,64.0
9.39,1625449482.0,64.0
6.17,1625449482.0,64.0
3.13,1625449482.0,64.0
0.07,1625449482.0,64.0
-3.21,1625449482.0,64.0
-6.81,1625449482.0,64.0
-10.69,1625449482.0,64.0
-14.7,1625449482.0,64.0
-18.65,1625449482.0,64.0
-22.42,1625449482.0,64.0
-26.04,1625449482.0,64.0
-29.67,1625449482.0,64.0
-33.5,1625449482.0,64.0
-37.72,1625449482.0,64.0
-42.36,1625449482.0,64.0
-47.3,1625449482.0,64.0
-52.21,1625449482.0,64.0
-56.59,1625449482.0,64.0
-59.83,1625449482.0,64.0
-61.26,1625449482.0,64.0
-60.4,1625449482.0,64.0
-57.01,1625449482.0,64.0
-51.26,1625449482.0,64.0
-43.64,1625449482.0,64.0
-34.77,1625449482.0,64.0
-25.2,1625449482.0,64.0
-15.28,1625449482.0,64.0
-5.22,1625449482.0,64.0
4.84,1625449482.0,64.0
14.54,1625449482.0,64.0
23.39,1625449482.0,64.0
30.84,1625449482.0,64.0
36.49,1625449482.0,64.0
40.27,1625449482.0,64.0
42.49,1625449482.0,64.0
43.65,1625449482.0,64.0
44.23,1625449482.0,64.0
44.55,1625449482.0,64.0
44.67,1625449482.0,64.0
44.48,1625449482.0,64.0
43.86,1625449482.0,64.0
42.77,1625449482.0,64.0
41.26,1625449482.0,64.0
39.46,1625449482.0,64.0
37.47,1625449482.0,64.0
35.32,1625449482.0,64.0
32.95,1625449482.0,64.0
30.23,1625449482.0,64.0
27.12,1625449482.0,64.0
23.67,1625449482.0,64.0
20.06,1625449482.0,64.0
16.55,1625449482.0,64.0
13.39,1625449482.0,64.0
10.66,1625449482.0,64.0
8.2,1625449482.0,64.0
5.63,1625449482.0,64.0
2.52,1625449482.0,64.0
-1.43,1625449482.0,64.0
-6.18,1625449482.0,64.0
-11.35,1625449482.0,64.0
-16.34,1625449482.0,64.0
-20.62,1625449482.0,64.0
-24.0,1625449482.0,64.0
-26.73,1625449482.0,64.0
-29.37,1625449482.0,64.0
-32.62,1625449482.0,64.0
-36.95,1625449482.0,64.0
-42.43,1625449482.0,64.0
-48.7,1625449482.0,64.0
-55.02,1625449482.0,64.0
-60.54,1625449482.0,64.0
-64.38,1625449482.0,64.0
-65.8,1625449482.0,64.0
-64.31,1625449482.0,64.0
-59.76,1625449482.0,64.0
-52.54,1625449482.0,64.0
-43.56,1625449482.0,64.0
-34.03,1625449482.0,64.0
-25.04,1625449482.0,64.0
-17.14,1625449482.0,64.0
-10.12,1625449482.0,64.0
-3.2,1625449482.0,64.0
4.38,1625449482.0,64.0
12.85,1625449482.0,64.0
21.62,1625449482.0,64.0
29.55,1625449482.0,64.0
35.56,1625449482.0,64.0
39.24,1625449482.0,64.0
41.04,1625449482.0,64.0
41.99,1625449482.0,64.0
43.07,1625449482.0,64.0
44.66,1625449482.0,64.0
46.47,1625449482.0,64.0
47.78,1625449482.0,64.0
47.96,1625449482.0,64.0
46.9,1625449482.0,64.0
45.03,1625449482.0,64.0
43.0,1625449482.0,64.0
41.26,1625449482.0,64.0
39.81,1625449482.0,64.0
38.21,1625449482.0,64.0
35.9,1625449482.0,64.0
32.58,1625449482.0,64.0
28.4,1625449482.0,64.0
23.94,1625449482.0,64.0
19.87,1625449482.0,64.0
16.57,1625449482.0,64.0
13.97,1625449482.0,64.0
11.55,1625449482.0,64.0
8.66,1625449482.0,64.0
4.82,1625449482.0,64.0
-0.03,1625449482.0,64.0
-5.6,1625449482.0,64.0
-11.39,1625449482.0,64.0
-16.96,1625449482.0,64.0
-22.09,1625449482.0,64.0
-26.83,1625449482.0,64.0
-31.36,1625449482.0,64.0
-35.95,1625449482.0,64.0
-40.83,1625449482.0,64.0
-46.07,1625449482.0,64.0
-51.61,1625449482.0,64.0
-57.14,1625449482.0,64.0
-62.19,1625449482.0,64.0
-66.09,1625449482.0,64.0
-68.13,1625449482.0,64.0
-67.74,1625449482.0,64.0
-64.66,1625449482.0,64.0
-58.98,1625449482.0,64.0
-51.14,1625449482.0,64.0
-41.79,1625449482.0,64.0
-31.56,1625449482.0,64.0
-20.92,1625449482.0,64.0
-10.13,1625449482.0,64.0
0.63,1625449482.0,64.0
11.1,1625449482.0,64.0
20.8,1625449482.0,64.0
29.15,1625449482.0,64.0
35.57,1625449482.0,64.0
39.85,1625449482.0,64.0
42.3,1625449482.0,64.0
43.68,1625449482.0,64.0
44.86,1625449482.0,64.0
46.39,1625449482.0,64.0
48.13,1625449482.0,64.0
49.38,1625449482.0,64.0
49.27,1625449482.0,64.0
47.31,1625449482.0,64.0
43.75,1625449482.0,64.0
39.59,1625449482.0,64.0
36.07,1625449482.0,64.0
34.02,1625449482.0,64.0
33.42,1625449482.0,64.0
33.35,1625449482.0,64.0
32.48,1625449482.0,64.0
29.76,1625449482.0,64.0
24.95,1625449482.0,64.0
18.7,1625449482.0,64.0
12.21,1625449482.0,64.0
6.58,1625449482.0,64.0
2.28,1625449482.0,64.0
-0.93,1625449482.0,64.0
-3.76,1625449482.0,64.0
-6.91,1625449482.0,64.0
-10.71,1625449482.0,64.0
-15.13,1625449482.0,64.0
-20.05,1625449482.0,64.0
-25.5,1625449482.0,64.0
-31.44,1625449482.0,64.0
-37.27,1625449482.0,64.0
-41.53,1625449482.0,64.0
-42.25,1625449482.0,64.0
-37.93,1625449482.0,64.0
-28.65,1625449482.0,64.0
-16.6,1625449482.0,64.0
-5.44,1625449482.0,64.0
1.31,1625449482.0,64.0
1.91,1625449482.0,64.0
-2.83,1625449482.0,64.0
-10.11,1625449482.0,64.0
-16.59,1625449482.0,64.0
-19.92,1625449482.0,64.0
-19.5,1625449482.0,64.0
-16.1,1625449482.0,64.0
-10.98,1625449482.0,64.0
-4.96,1625449482.0,64.0
1.69,1625449482.0,64.0
9.04,1625449482.0,64.0
16.94,1625449482.0,64.0
24.88,1625449482.0,64.0
32.16,1625449482.0,64.0
38.29,1625449482.0,64.0
43.1,1625449482.0,64.0
46.78,1625449482.0,64.0
49.6,1625449482.0,64.0
51.63,1625449482.0,64.0
52.79,1625449482.0,64.0
52.93,1625449482.0,64.0
52.05,1625449482.0,64.0
50.53,1625449482.0,64.0
48.95,1625449482.0,64.0
47.83,1625449482.0,64.0
47.17,1625449482.0,64.0
46.39,1625449482.0,64.0
44.59,1625449482.0,64.0
41.25,1625449482.0,64.0
36.48,1625449482.0,64.0
31.06,1625449482.0,64.0
26.02,1625449482.0,64.0
22.3,1625449482.0,64.0
20.82,1625449482.0,64.0
22.44,1625449482.0,64.0
27.97,1625449482.0,64.0
37.68,1625449482.0,64.0
50.87,1625449482.0,64.0
65.19,1625449482.0,64.0
76.87,1625449482.0,64.0
82.07,1625449482.0,64.0
78.68,1625449482.0,64.0
67.68,1625449482.0,64.0
52.42,1625449482.0,64.0
37.06,1625449482.0,64.0
24.45,1625449482.0,64.0
15.26,1625449482.0,64.0
8.22,1625449482.0,64.0
1.21,1625449482.0,64.0
-6.75,1625449482.0,64.0
-14.84,1625449482.0,64.0
-20.29,1625449482.0,64.0
-21.11,1625449482.0,64.0
-17.04,1625449482.0,64.0
-9.61,1625449482.0,64.0
-0.64,1625449482.0,64.0
8.92,1625449482.0,64.0
18.34,1625449482.0,64.0
27.7,1625449482.0,64.0
37.03,1625449482.0,64.0
47.37,1625449482.0,64.0
58.08,1625449482.0,64.0
67.7,1625449482.0,64.0
74.57,1625449482.0,64.0
78.42,1625449482.0,64.0
80.14,1625449482.0,64.0
79.66,1625449482.0,64.0
76.5,1625449482.0,64.0
69.72,1625449482.0,64.0
60.79,1625449482.0,64.0
49.82,1625449482.0,64.0
36.2,1625449482.0,64.0
18.68,1625449482.0,64.0
-2.69,1625449482.0,64.0
-26.7,1625449482.0,64.0
-53.45,1625449482.0,64.0
-83.26,1625449482.0,64.0
-116.51,1625449482.0,64.0
-150.26,1625449482.0,64.0
-183.24,1625449482.0,64.0
-215.29,1625449482.0,64.0
-247.29,1625449482.0,64.0
-278.72,1625449482.0,64.0
-295.89,1625449482.0,64.0
-287.05,1625449482.0,64.0
-246.2,1625449482.0,64.0
-195.63,1625449482.0,64.0
-148.22,1625449482.0,64.0
-112.2,1625449482.0,64.0
-85.5,1625449482.0,64.0
-69.36,1625449482.0,64.0
-64.76,1625449482.0,64.0
-71.34,1625449482.0,64.0
-88.33,1625449482.0,64.0
-112.24,1625449482.0,64.0
-136.73,1625449482.0,64.0
-151.02,1625449482.0,64.0
-148.02,1625449482.0,64.0
-126.73,1625449482.0,64.0
-93.59,1625449482.0,64.0
-58.36,1625449482.0,64.0
-30.38,1625449482.0,64.0
-16.44,1625449482.0,64.0
-17.88,1625449482.0,64.0
-31.18,1625449482.0,64.0
-48.31,1625449482.0,64.0
-63.85,1625449482.0,64.0
-76.36,1625449482.0,64.0
-88.23,1625449482.0,64.0
-102.1,1625449482.0,64.0
-118.97,1625449482.0,64.0
-138.43,1625449482.0,64.0
-158.1,1625449482.0,64.0
-174.3,1625449482.0,64.0
-181.56,1625449482.0,64.0
-176.35,1625449482.0,64.0
-157.73,1625449482.0,64.0
-127.85,1625449482.0,64.0
-90.37,1625449482.0,64.0
-49.41,1625449482.0,64.0
-8.54,1625449482.0,64.0
30.47,1625449482.0,64.0
67.85,1625449482.0,64.0
105.82,1625449482.0,64.0
146.32,1625449482.0,64.0
190.1,1625449482.0,64.0
236.02,1625449482.0,64.0
281.3,1625449482.0,64.0
321.48,1625449482.0,64.0
350.87,1625449482.0,64.0
364.2,1625449482.0,64.0
358.67,1625449482.0,64.0
335.85,1625449482.0,64.0
301.11,1625449482.0,64.0
261.7,1625449482.0,64.0
223.51,1625449482.0,64.0
188.84,1625449482.0,64.0
155.86,1625449482.0,64.0
120.55,1625449482.0,64.0
79.76,1625449482.0,64.0
33.64,1625449482.0,64.0
-13.89,1625449482.0,64.0
-56.75,1625449482.0,64.0
-89.22,1625449482.0,64.0
-108.09,1625449482.0,64.0
-113.39,1625449482.0,64.0
-107.62,1625449482.0,64.0
-94.12,1625449482.0,64.0
-75.68,1625449482.0,64.0
-53.75,1625449482.0,64.0
-28.91,1625449482.0,64.0
-2.06,1625449482.0,64.0
24.6,1625449482.0,64.0
47.36,1625449482.0,64.0
62.06,1625449482.0,64.0
65.95,1625449482.0,64.0
59.29,1625449482.0,64.0
45.87,1625449482.0,64.0
31.65,1625449482.0,64.0
22.38,1625449482.0,64.0
21.2,1625449482.0,64.0
27.51,1625449482.0,64.0
37.51,1625449482.0,64.0
46.14,1625449482.0,64.0
49.21,1625449482.0,64.0
44.92,1625449482.0,64.0
34.15,1625449482.0,64.0
19.58,1625449482.0,64.0
4.38,1625449482.0,64.0
-9.02,1625449482.0,64.0
-19.4,1625449482.0,64.0
-26.58,1625449482.0,64.0
-30.93,1625449482.0,64.0
-32.92,1625449482.0,64.0
-33.46,1625449482.0,64.0
-34.38,1625449482.0,64.0
-38.42,1625449482.0,64.0
-48.39,1625449482.0,64.0
-65.27,1625449482.0,64.0
-86.76,1625449482.0,64.0
-107.29,1625449482.0,64.0
-120.18,1625449482.0,64.0
-121.03,1625449482.0,64.0
-110.4,1625449482.0,64.0
-94.04,1625449482.0,64.0
-80.5,1625449482.0,64.0
-77.41,1625449482.0,64.0
-88.35,1625449482.0,64.0
-111.67,1625449482.0,64.0
-141.89,1625449482.0,64.0
-171.96,1625449482.0,64.0
-195.23,1625449482.0,64.0
-206.47,1625449482.0,64.0
-202.17,1625449482.0,64.0
-180.7,1625449482.0,64.0
-142.98,1625449482.0,64.0
-93.31,1625449482.0,64.0
-39.29,1625449482.0,64.0
9.72,1625449482.0,64.0
45.43,1625449482.0,64.0
63.58,1625449482.0,64.0
65.75,1625449482.0,64.0
58.89,1625449482.0,64.0
53.0,1625449482.0,64.0
57.75,1625449482.0,64.0
79.67,1625449482.0,64.0
120.41,1625449482.0,64.0
176.49,1625449482.0,64.0
240.12,1625449482.0,64.0
300.92,1625449482.0,64.0
348.19,1625449482.0,64.0
373.25,1625449482.0,64.0
371.74,1625449482.0,64.0
344.78,1625449482.0,64.0
298.6,1625449482.0,64.0
242.31,1625449482.0,64.0
184.92,1625449482.0,64.0
132.66,1625449482.0,64.0
87.83,1625449482.0,64.0
49.51,1625449482.0,64.0
15.31,1625449482.0,64.0
-17.09,1625449482.0,64.0
-49.28,1625449482.0,64.0
-82.03,1625449482.0,64.0
-115.48,1625449482.0,64.0
-149.07,1625449482.0,64.0
-181.41,1625449482.0,64.0
-210.38,1625449482.0,64.0
-233.65,1625449482.0,64.0
-249.51,1625449482.0,64.0
-257.4,1625449482.0,64.0
-258.11,1625449482.0,64.0
-253.2,1625449482.0,64.0
-244.26,1625449482.0,64.0
-232.31,1625449482.0,64.0
-217.53,1625449482.0,64.0
-199.76,1625449482.0,64.0
-178.9,1625449482.0,64.0
-155.43,1625449482.0,64.0
-130.34,1625449482.0,64.0
-104.75,1625449482.0,64.0
-79.23,1625449482.0,64.0
-53.4,1625449482.0,64.0
-26.08,1625449482.0,64.0
3.91,1625449482.0,64.0
36.72,1625449482.0,64.0
70.78,1625449482.0,64.0
103.04,1625449482.0,64.0
129.99,1625449482.0,64.0
149.09,1625449482.0,64.0
159.48,1625449482.0,64.0
162.0,1625449482.0,64.0
158.31,1625449482.0,64.0
150.04,1625449482.0,64.0
138.26,1625449482.0,64.0
123.68,1625449482.0,64.0
107.24,1625449482.0,64.0
90.43,1625449482.0,64.0
75.13,1625449482.0,64.0
62.89,1625449482.0,64.0
54.25,1625449482.0,64.0
48.47,1625449482.0,64.0
43.82,1625449482.0,64.0
38.33,1625449482.0,64.0
30.67,1625449482.0,64.0
20.62,1625449482.0,64.0
9.08,1625449482.0,64.0
-2.37,1625449482.0,64.0
-12.14,1625449482.0,64.0
-19.34,1625449482.0,64.0
-24.11,1625449482.0,64.0
-27.43,1625449482.0,64.0
-30.67,1625449482.0,64.0
-34.9,1625449482.0,64.0
-40.45,1625449482.0,64.0
-46.9,1625449482.0,64.0
-53.4,1625449482.0,64.0
-59.2,1625449482.0,64.0
-63.98,1625449482.0,64.0
-67.85,1625449482.0,64.0
-70.96,1625449482.0,64.0
-73.1,1625449482.0,64.0
-73.48,1625449482.0,64.0
-71.0,1625449482.0,64.0
-64.75,1625449482.0,64.0
-54.59,1625449482.0,64.0
-41.27,1625449482.0,64.0
-26.1,1625449482.0,64.0
-10.43,1625449482.0,64.0
4.89,1625449482.0,64.0
19.54,1625449482.0,64.0
33.41,1625449482.0,64.0
46.27,1625449482.0,64.0
57.62,1625449482.0,64.0
66.87,1625449482.0,64.0
73.75,1625449482.0,64.0
78.51,1625449482.0,64.0
81.89,1625449482.0,64.0
84.7,1625449482.0,64.0
87.26,1625449482.0,64.0
89.19,1625449482.0,64.0
89.55,1625449482.0,64.0
87.3,1625449482.0,64.0
81.79,1625449482.0,64.0
72.96,1625449482.0,64.0
61.19,1625449482.0,64.0
46.96,1625449482.0,64.0
30.5,1625449482.0,64.0
11.59,1625449482.0,64.0
-10.11,1625449482.0,64.0
-34.59,1625449482.0,64.0
-60.91,1625449482.0,64.0
-86.94,1625449482.0,64.0
-109.72,1625449482.0,64.0
-126.3,1625449482.0,64.0
-134.95,1625449482.0,64.0
-135.91,1625449482.0,64.0
-131.46,1625449482.0,64.0
-125.17,1625449482.0,64.0
-120.68,1625449482.0,64.0
-120.57,1625449482.0,64.0
-125.72,1625449482.0,64.0
-135.35,1625449482.0,64.0
-147.49,1625449482.0,64.0
-159.58,1625449482.0,64.0
-168.89,1625449482.0,64.0
-172.71,1625449482.0,64.0
-168.45,1625449482.0,64.0
-154.05,1625449482.0,64.0
-128.4,1625449482.0,64.0
-91.83,1625449482.0,64.0
-46.12,1625449482.0,64.0
6.01,1625449482.0,64.0
61.82,1625449482.0,64.0
119.6,1625449482.0,64.0
178.98,1625449482.0,64.0
240.44,1625449482.0,64.0
304.01,1625449482.0,64.0
368.13,1625449482.0,64.0
429.16,1625449482.0,64.0
481.98,1625449482.0,64.0
521.51,1625449482.0,64.0
544.37,1625449482.0,64.0
550.0,1625449482.0,64.0
540.65,1625449482.0,64.0
520.62,1625449482.0,64.0
494.87,1625449482.0,64.0
467.9,1625449482.0,64.0
442.81,1625449482.0,64.0
421.05,1625449482.0,64.0
402.65,1625449482.0,64.0
386.6,1625449482.0,64.0
371.44,1625449482.0,64.0
355.83,1625449482.0,64.0
338.8,1625449482.0,64.0
319.89,1625449482.0,64.0
299.08,1625449482.0,64.0
276.6,1625449482.0,64.0
252.84,1625449482.0,64.0
228.47,1625449482.0,64.0
204.28,1625449482.0,64.0
181.13,1625449482.0,64.0
159.71,1625449482.0,64.0
140.27,1625449482.0,64.0
122.59,1625449482.0,64.0
106.14,1625449482.0,64.0
90.39,1625449482.0,64.0
75.15,1625449482.0,64.0
60.71,1625449482.0,64.0
47.69,1625449482.0,64.0
36.82,1625449482.0,64.0
28.62,1625449482.0,64.0
23.18,1625449482.0,64.0
20.1,1625449482.0,64.0
18.68,1625449482.0,64.0
18.11,1625449482.0,64.0
17.71,1625449482.0,64.0
17.09,1625449482.0,64.0
16.14,1625449482.0,64.0
15.0,1625449482.0,64.0
13.83,1625449482.0,64.0
12.78,1625449482.0,64.0
11.82,1625449482.0,64.0
10.81,1625449482.0,64.0
9.47,1625449482.0,64.0
7.51,1625449482.0,64.0
4.6,1625449482.0,64.0
0.5,1625449482.0,64.0
-4.93,1625449482.0,64.0
-11.62,1625449482.0,64.0
-19.38,1625449482.0,64.0
-27.83,1625449482.0,64.0
-36.64,1625449482.0,64.0
-45.57,1625449482.0,64.0
-54.57,1625449482.0,64.0
-63.83,1625449482.0,64.0
-73.62,1625449482.0,64.0
-84.16,1625449482.0,64.0
-95.43,1625449482.0,64.0
-107.11,1625449482.0,64.0
-118.66,1625449482.0,64.0
-129.55,1625449482.0,64.0
-139.46,1625449482.0,64.0
-148.54,1625449482.0,64.0
-157.39,1625449482.0,64.0
-166.88,1625449482.0,64.0
-177.83,1625449482.0,64.0
-190.63,1625449482.0,64.0
-205.06,1625449482.0,64.0
-220.38,1625449482.0,64.0
-235.63,1625449482.0,64.0
-250.01,1625449482.0,64.0
-263.32,1625449482.0,64.0
-276.07,1625449482.0,64.0
-289.47,1625449482.0,64.0
-305.11,1625449482.0,64.0
-324.46,1625449482.0,64.0
-348.21,1625449482.0,64.0
-375.62,1625449482.0,64.0
-404.21,1625449482.0,64.0
-430.17,1625449482.0,64.0
-449.6,1625449482.0,64.0
-459.97,1625449482.0,64.0
-461.25,1625449482.0,64.0
-455.82,1625449482.0,64.0
-447.1,1625449482.0,64.0
-437.86,1625449482.0,64.0
-428.84,1625449482.0,64.0
-418.82,1625449482.0,64.0
-405.8,1625449482.0,64.0
-388.64,1625449482.0,64.0
-368.2,1625449482.0,64.0
-347.19,1625449482.0,64.0
-329.11,1625449482.0,64.0
-316.41,1625449482.0,64.0
-309.26,1625449482.0,64.0
-304.73,1625449482.0,64.0
-297.66,1625449482.0,64.0
-281.9,1625449482.0,64.0
-252.19,1625449482.0,64.0
-205.84,1625449482.0,64.0
-143.64,1625449482.0,64.0
-70.32,1625449482.0,64.0
6.22,1625449482.0,64.0
76.32,1625449482.0,64.0
130.78,1625449482.0,64.0
163.63,1625449482.0,64.0
174.52,1625449482.0,64.0
169.76,1625449482.0,64.0
160.76,1625449482.0,64.0
159.84,1625449482.0,64.0
174.77,1625449482.0,64.0
204.83,1625449482.0,64.0
240.55,1625449482.0,64.0
267.9,1625449482.0,64.0
274.52,1625449482.0,64.0
255.15,1625449482.0,64.0
213.1,1625449482.0,64.0
157.48,1625449482.0,64.0
98.42,1625449482.0,64.0
42.67,1625449482.0,64.0
-7.69,1625449482.0,64.0
-54.01,1625449482.0,64.0
-98.67,1625449482.0,64.0
-143.18,1625449482.0,64.0
-187.98,1625449482.0,64.0
-232.83,1625449482.0,64.0
-277.23,1625449482.0,64.0
-319.93,1625449482.0,64.0
-358.68,1625449482.0,64.0
-390.18,1625449482.0,64.0
-411.22,1625449482.0,64.0
-419.95,1625449482.0,64.0
-416.62,1625449482.0,64.0
-403.78,1625449482.0,64.0
-385.53,1625449482.0,64.0
-366.39,1625449482.0,64.0
-350.17,1625449482.0,64.0
-339.26,1625449482.0,64.0
-334.16,1625449482.0,64.0
-333.37,1625449482.0,64.0
-333.75,1625449482.0,64.0
-331.14,1625449482.0,64.0
-321.6,1625449482.0,64.0
-302.57,1625449482.0,64.0
-273.86,1625449482.0,64.0
-237.81,1625449482.0,64.0
-198.6,1625449482.0,64.0
-160.67,1625449482.0,64.0
-127.31,1625449482.0,64.0
-99.62,1625449482.0,64.0
-76.41,1625449482.0,64.0
-55.09,1625449482.0,64.0
-32.89,1625449482.0,64.0
-8.1,1625449482.0,64.0
19.43,1625449482.0,64.0
48.58,1625449482.0,64.0
77.79,1625449482.0,64.0
105.82,1625449482.0,64.0
132.12,1625449482.0,64.0
156.43,1625449482.0,64.0
178.45,1625449482.0,64.0
197.53,1625449482.0,64.0
212.76,1625449482.0,64.0
223.39,1625449482.0,64.0
229.25,1625449482.0,64.0
231.08,1625449482.0,64.0
230.46,1625449482.0,64.0
229.55,1625449482.0,64.0
230.42,1625449482.0,64.0
234.24,1625449482.0,64.0
240.5,1625449482.0,64.0
246.57,1625449482.0,64.0
248.21,1625449482.0,64.0
240.77,1625449482.0,64.0
220.8,1625449482.0,64.0
187.54,1625449482.0,64.0
143.3,1625449482.0,64.0
93.0,1625449482.0,64.0
43.1,1625449482.0,64.0
0.4,1625449482.0,64.0
-29.62,1625449482.0,64.0
-44.48,1625449482.0,64.0
-46.04,1625449482.0,64.0
-40.48,1625449482.0,64.0
-36.31,1625449482.0,64.0
-40.85,1625449482.0,64.0
-56.78,1625449482.0,64.0
-80.7,1625449482.0,64.0
-104.64,1625449482.0,64.0
-119.93,1625449482.0,64.0
-121.32,1625449482.0,64.0
-109.04,1625449482.0,64.0
-87.83,1625449482.0,64.0
-63.87,1625449482.0,64.0
-41.62,1625449482.0,64.0
-22.27,1625449482.0,64.0
-4.61,1625449482.0,64.0
13.07,1625449482.0,64.0
31.51,1625449482.0,64.0
50.46,1625449482.0,64.0
69.54,1625449482.0,64.0
89.15,1625449482.0,64.0
110.33,1625449482.0,64.0
133.87,1625449482.0,64.0
159.37,1625449482.0,64.0
184.76,1625449482.0,64.0
206.76,1625449482.0,64.0
222.13,1625449482.0,64.0
229.08,1625449482.0,64.0
228.14,1625449482.0,64.0
222.24,1625449482.0,64.0
215.61,1625449482.0,64.0
212.35,1625449482.0,64.0
214.86,1625449482.0,64.0
223.16,1625449482.0,64.0
235.21,1625449482.0,64.0
247.96,1625449482.0,64.0
258.79,1625449482.0,64.0
266.41,1625449482.0,64.0
270.96,1625449482.0,64.0
273.26,1625449482.0,64.0
273.89,1625449482.0,64.0
272.62,1625449482.0,64.0
268.53,1625449482.0,64.0
260.73,1625449482.0,64.0
249.37,1625449482.0,64.0
236.03,1625449482.0,64.0
223.41,1625449482.0,64.0
214.53,1625449482.0,64.0
211.55,1625449482.0,64.0
215.02,1625449482.0,64.0
223.04,1625449482.0,64.0
231.54,1625449482.0,64.0
235.37,1625449482.0,64.0
229.92,1625449482.0,64.0
213.02,1625449482.0,64.0
186.19,1625449482.0,64.0
154.59,1625449482.0,64.0
125.29,1625449482.0,64.0
104.39,1625449482.0,64.0
94.44,1625449482.0,64.0
93.65,1625449482.0,64.0
97.26,1625449482.0,64.0
100.26,1625449482.0,64.0
100.08,1625449482.0,64.0
97.24,1625449482.0,64.0
93.78,1625449482.0,64.0
90.63,1625449482.0,64.0
85.63,1625449482.0,64.0
74.08,1625449482.0,64.0
51.53,1625449482.0,64.0
17.29,1625449482.0,64.0
-24.15,1625449482.0,64.0
-64.69,1625449482.0,64.0
-96.43,1625449482.0,64.0
-115.49,1625449482.0,64.0
-123.61,1625449482.0,64.0
-126.28,1625449482.0,64.0
-128.84,1625449482.0,64.0
-133.12,1625449482.0,64.0
-136.79,1625449482.0,64.0
-135.46,1625449482.0,64.0
-125.83,1625449482.0,64.0
-108.36,1625449482.0,64.0
-87.15,1625449482.0,64.0
-67.72,1625449482.0,64.0
-54.23,1625449482.0,64.0
-47.9,1625449482.0,64.0
-47.34,1625449482.0,64.0
-50.39,1625449482.0,64.0
-55.75,1625449482.0,64.0
-63.56,1625449482.0,64.0
-74.84,1625449482.0,64.0
-89.93,1625449482.0,64.0
-107.65,1625449482.0,64.0
-125.36,1625449482.0,64.0
-139.79,1625449482.0,64.0
-148.26,1625449482.0,64.0
-149.36,1625449482.0,64.0
-143.32,1625449482.0,64.0
-131.52,1625449482.0,64.0
-116.15,1625449482.0,64.0
-99.34,1625449482.0,64.0
-82.95,1625449482.0,64.0
-68.32,1625449482.0,64.0
-56.33,1625449482.0,64.0
-47.27,1625449482.0,64.0
-41.16,1625449482.0,64.0
-37.98,1625449482.0,64.0
-37.95,1625449482.0,64.0
-41.45,1625449482.0,64.0
-47.76,1625449482.0,64.0
-55.57,1625449482.0,64.0
-63.52,1625449482.0,64.0
-71.09,1625449482.0,64.0
-78.78,1625449482.0,64.0
-87.53,1625449482.0,64.0
-97.43,1625449482.0,64.0
-106.86,1625449482.0,64.0
-112.54,1625449482.0,64.0
-109.07,1625449482.0,64.0
-91.46,1625449482.0,64.0
-56.87,1625449482.0,64.0
-5.7,1625449482.0,64.0
58.49,1625449482.0,64.0
129.7,1625449482.0,64.0
199.92,1625449482.0,64.0
259.33,1625449482.0,64.0
297.51,1625449482.0,64.0
308.22,1625449482.0,64.0
291.55,1625449482.0,64.0
255.18,1625449482.0,64.0
212.4,1625449482.0,64.0
177.59,1625449482.0,64.0
160.97,1625449482.0,64.0
165.4,1625449482.0,64.0
185.9,1625449482.0,64.0
202.17,1625449482.0,64.0
196.29,1625449482.0,64.0
159.29,1625449482.0,64.0
96.2,1625449482.0,64.0
21.68,1625449482.0,64.0
